0.999999821 -0.000586299 -0.000234498 -0.000124711 0.000586716 0.999998212 0.001782772 -0.000675437 0.000233452 -0.001782909 0.999998391 0.035522927
0.999997914 -0.001786604 -0.001036526 -0.000073393 0.001788295 0.999997020 0.001633150 -0.001144645 0.001033605 -0.001635000 0.999998093 0.071986310
0.999995291 -0.003000628 -0.000641677 -0.000516005 0.003001112 0.999995232 0.000753542 -0.001641589 0.000639413 -0.000755464 0.999999523 0.106560111
0.999994516 -0.003310934 -0.000441155 -0.000647142 0.003311374 0.999993980 0.001001099 -0.002256711 0.000437838 -0.001002554 0.999999344 0.141628921
0.999992609 -0.003785353 -0.000548582 -0.000678402 0.003786310 0.999991238 0.001754704 -0.002736264 0.000541935 -0.001756768 0.999998331 0.177258745
0.999985814 -0.005309243 -0.000328587 -0.000809543 0.005310160 0.999981761 0.002854112 -0.003184709 0.000313428 -0.002855816 0.999995887 0.213582918
0.999989092 -0.004652615 -0.000408798 -0.000965411 0.004654017 0.999983013 0.003496773 -0.003810691 0.000392522 -0.003498638 0.999993801 0.248703927
0.999991119 -0.004145089 -0.000816170 -0.001122654 0.004146697 0.999989450 0.001978538 -0.004394083 0.000807960 -0.001981905 0.999997675 0.284866601
0.999998868 -0.001139623 -0.000965237 -0.001303202 0.001139338 0.999999225 -0.000295554 -0.005018697 0.000965573 0.000294454 0.999999404 0.320188940
0.999997616 0.002107257 -0.000508786 -0.001807348 -0.002107678 0.999997318 -0.000827861 -0.005812653 0.000507040 0.000828932 0.999999464 0.356365710
0.999989033 0.004647116 -0.000604344 -0.001979678 -0.004647996 0.999988139 -0.001462541 -0.006119905 0.000597540 0.001465334 0.999998748 0.391931832
0.999982476 0.005921086 -0.000336349 -0.002482888 -0.005921328 0.999982238 -0.000720664 -0.006655026 0.000332076 0.000722643 0.999999702 0.428542048
0.999993801 0.003512398 0.000069634 -0.002370128 -0.003512542 0.999991417 0.002177276 -0.007330952 -0.000061986 -0.002177508 0.999997556 0.464366734
0.999999940 -0.000266229 0.000257434 -0.002494962 0.000265295 0.999993384 0.003621077 -0.007692136 -0.000258396 -0.003621008 0.999993384 0.501490772
0.999994814 -0.003212972 -0.000120924 -0.002361510 0.003213149 0.999993682 0.001491819 -0.008220112 0.000116130 -0.001492200 0.999998868 0.536621273
0.999991059 -0.004207943 0.000030177 -0.002605233 0.004207951 0.999991059 -0.000294291 -0.008839524 -0.000028939 0.000294416 0.999999940 0.573009074
0.999997437 -0.002068041 0.000883181 -0.002961601 0.002069758 0.999995947 -0.001947432 -0.009284596 -0.000879150 0.001949255 0.999997735 0.609992683
0.999998569 0.001321106 0.001046656 -0.002681847 -0.001321236 0.999999106 0.000122918 -0.010160008 -0.001046492 -0.000124301 0.999999464 0.646983624
0.999998271 0.001422405 0.001185005 -0.002661535 -0.001427016 0.999991417 0.003899476 -0.010756049 -0.001179448 -0.003901161 0.999991715 0.684745491
0.999996364 -0.000880562 0.002538051 -0.003461422 0.000866054 0.999983311 0.005711827 -0.011065990 -0.002543038 -0.005709609 0.999980450 0.721082747
0.999984980 -0.005268030 0.001508489 -0.002534263 0.005262069 0.999978423 0.003928636 -0.011586603 -0.001529153 -0.003920640 0.999991059 0.758240342
0.999986649 -0.004984208 0.001326302 -0.002515334 0.004982319 0.999986529 0.001423136 -0.011862780 -0.001333377 -0.001416509 0.999998033 0.796130419
0.999984622 -0.005045221 0.002323857 -0.002884910 0.005048321 0.999986351 -0.001329841 -0.012579250 -0.002317116 0.001341552 0.999996424 0.832879603
0.999994397 -0.002187918 0.002505791 -0.002673134 0.002192367 0.999995947 -0.001773959 -0.013108231 -0.002501899 0.001779443 0.999995232 0.869820058
0.999994218 -0.001405082 0.003070533 -0.002849427 0.001417779 0.999990463 -0.004136788 -0.013523021 -0.003064691 0.004141117 0.999986708 0.907402396
0.999995887 -0.000513995 0.002800568 -0.002858088 0.000522869 0.999994755 -0.003169165 -0.014585443 -0.002798924 0.003170617 0.999991000 0.945499539
0.999996841 -0.000691869 0.002423629 -0.002631275 0.000696922 0.999997497 -0.002084661 -0.015159503 -0.002422180 0.002086343 0.999994874 0.982199788
0.999997258 0.000442062 0.002289823 -0.002960884 -0.000440823 0.999999702 -0.000541473 -0.015729822 -0.002290061 0.000540462 0.999997199 1.020431399
0.999991775 0.003314990 0.002386868 -0.003486642 -0.003313231 0.999994159 -0.000740404 -0.016052602 -0.002389309 0.000732490 0.999996901 1.058618188
0.999981582 0.005378232 0.002816134 -0.003658194 -0.005376388 0.999985456 -0.000662351 -0.017025245 -0.002819655 0.000647198 0.999995828 1.095255733
0.999966562 0.007748682 0.002600550 -0.003640589 -0.007748422 0.999970019 -0.000110252 -0.017565440 -0.002601326 0.000090098 0.999996603 1.133032084
0.999961197 0.008657577 0.001651114 -0.003223581 -0.008657334 0.999962568 -0.000154271 -0.018120047 -0.001652388 0.000139971 0.999998629 1.171152353
0.999963403 0.008044499 0.002902617 -0.004604120 -0.008044830 0.999967694 0.000102404 -0.019081863 -0.002901700 -0.000125751 0.999995768 1.209345222
0.999978244 0.006409643 0.001546571 -0.004509831 -0.006408855 0.999979317 -0.000513032 -0.019495606 -0.001549827 0.000503109 0.999998689 1.246796608
0.999982595 0.005896850 0.000181618 -0.004470838 -0.005896745 0.999982417 -0.000574538 -0.019845903 -0.000185003 0.000573457 0.999999821 1.285162330
0.999973357 0.007270230 -0.000623294 -0.004437938 -0.007269956 0.999973416 0.000440678 -0.020596512 0.000626481 -0.000436135 0.999999762 1.324574232
0.999979556 0.005913555 -0.002442530 -0.004581313 -0.005912092 0.999982357 0.000605491 -0.021500766 0.002446069 -0.000591038 0.999996841 1.361235857
0.999977350 0.006056116 -0.002926413 -0.005185311 -0.006054079 0.999981403 0.000704986 -0.021770421 0.002930628 -0.000687253 0.999995470 1.400722265
0.999972582 0.006428901 -0.003678435 -0.005819730 -0.006421274 0.999977231 0.002081413 -0.022910023 0.003691732 -0.002057736 0.999991059 1.439158201
0.999978185 0.004783153 -0.004562121 -0.006724391 -0.004770439 0.999984622 0.002793779 -0.022714756 0.004575414 -0.002771955 0.999985754 1.478050709
0.999980688 0.004303196 -0.004477368 -0.007344126 -0.004292005 0.999987662 0.002506159 -0.023636999 0.004488097 -0.002486894 0.999986827 1.517847419
0.999981344 -0.001055838 -0.006008118 -0.006332917 0.001070052 0.999996781 0.002363183 -0.024520313 0.006005601 -0.002369568 0.999979138 1.553545713
0.999975681 -0.002737965 -0.006412556 -0.005248424 0.002757619 0.999991596 0.003058038 -0.025362238 0.006404128 -0.003075647 0.999974787 1.590181947
0.999960899 -0.006064281 -0.006433472 -0.006393570 0.006087672 0.999975026 0.003622670 -0.025468044 0.006411341 -0.003661694 0.999972701 1.630134225
0.999962628 -0.005963001 -0.006269402 -0.005838543 0.005986662 0.999975026 0.003761932 -0.025686583 0.006246814 -0.003799323 0.999973238 1.666044950
0.999963164 -0.006922595 -0.005063336 -0.007479971 0.006942116 0.999968469 0.003847952 -0.026388966 0.005036539 -0.003882960 0.999979794 1.704602599
0.999938607 -0.009986876 -0.004800186 -0.007682077 0.010001061 0.999945760 0.002940449 -0.026673855 0.004770560 -0.002988276 0.999984205 1.743561268
0.999957979 -0.007949918 -0.004546423 -0.007362060 0.007962882 0.999964237 0.002840507 -0.027932424 0.004523679 -0.002876590 0.999985635 1.781591296
0.999965489 -0.007063959 -0.004378555 -0.006726483 0.007077113 0.999970436 0.002995957 -0.028411785 0.004357263 -0.003026841 0.999985933 1.818343997
0.999978423 -0.006012099 -0.002644171 -0.009902386 0.006021240 0.999975860 0.003462793 -0.027865492 0.002623289 -0.003478639 0.999990523 1.855470538
0.999998271 -0.001428055 -0.001156936 -0.010916496 0.001433632 0.999987245 0.004833628 -0.028774247 0.001150018 -0.004835278 0.999987662 1.893575191
0.999999464 0.000752209 -0.000706183 -0.010675172 -0.000748192 0.999983668 0.005671944 -0.029434783 0.000710438 -0.005671412 0.999983728 1.928297997
0.999987125 0.005079506 -0.000231795 -0.010675060 -0.005078136 0.999971569 0.005567248 -0.029636299 0.000260068 -0.005566000 0.999984562 1.962110877
0.999988198 0.004840564 -0.000073596 -0.011545932 -0.004840168 0.999977350 0.004662684 -0.029249839 0.000096165 -0.004662273 0.999989152 2.002439499
0.999977410 0.006661611 0.000849729 -0.012646507 -0.006665107 0.999969006 0.004179600 -0.029457506 -0.000821860 -0.004185169 0.999990940 2.040255785
0.999948084 0.010172202 0.000546541 -0.011128805 -0.010175034 0.999933243 0.005456153 -0.032389261 -0.000491003 -0.005461431 0.999985039 2.075766563
0.999991953 0.003984599 0.000310216 -0.011743473 -0.003986205 0.999977767 0.005360472 -0.031429879 -0.000288850 -0.005361666 0.999985635 2.112431288
0.999988914 0.004672770 0.000625631 -0.011722738 -0.004675284 0.999980867 0.004079827 -0.031857219 -0.000606555 -0.004082706 0.999991477 2.146937609
0.999983847 0.005698756 0.000287216 -0.011955461 -0.005699751 0.999977350 0.003592758 -0.032518044 -0.000266735 -0.003594336 0.999993503 2.183783054
0.999991000 0.004251036 0.000244455 -0.012131477 -0.004251916 0.999984086 0.003721854 -0.032460373 -0.000228629 -0.003722860 0.999993086 2.217763901
0.999990463 0.004341763 0.000545428 -0.014147316 -0.004343629 0.999984562 0.003470565 -0.032808334 -0.000530351 -0.003472900 0.999993801 2.254376888
0.999991834 0.003930748 -0.000877609 -0.013224701 -0.003927424 0.999985218 0.003756380 -0.033727258 0.000892361 -0.003752904 0.999992490 2.290189981
0.999991000 0.003535958 -0.002310243 -0.012804530 -0.003525089 0.999982774 0.004691525 -0.034556955 0.002326793 -0.004683340 0.999986291 2.326453686
0.999994338 0.001825597 -0.002817665 -0.013583835 -0.001811077 0.999985158 0.005147207 -0.034740992 0.002827020 -0.005142076 0.999982715 2.361447334
0.999990284 -0.001854505 -0.003995269 -0.014221774 0.001880550 0.999976873 0.006525245 -0.035375983 0.003983075 -0.006532696 0.999970794 2.395512819
0.999974251 -0.004820563 -0.005338501 -0.013994726 0.004857133 0.999964654 0.006858685 -0.036225345 0.005305250 -0.006884438 0.999962211 2.431586266
0.999970257 -0.005514442 -0.005396168 -0.014966307 0.005545903 0.999967575 0.005832977 -0.036200270 0.005363827 -0.005862730 0.999968410 2.466903210
0.999958098 -0.007052409 -0.005830815 -0.015039563 0.007085801 0.999958515 0.005726021 -0.037012942 0.005790190 -0.005767097 0.999966562 2.501378775
0.999958575 -0.007203703 -0.005558725 -0.015715856 0.007234871 0.999958098 0.005607733 -0.037337892 0.005518096 -0.005647717 0.999968767 2.534281254
0.999955058 -0.007283074 -0.006065302 -0.015755007 0.007313096 0.999960959 0.004942271 -0.038104877 0.006029070 -0.004986405 0.999969304 2.572385073
0.999961793 -0.006801153 -0.005482106 -0.016625440 0.006825333 0.999966919 0.004404071 -0.038576655 0.005451973 -0.004441320 0.999975204 2.607064247
0.999974549 -0.005552066 -0.004491563 -0.017390918 0.005573186 0.999973476 0.004703247 -0.039079711 0.004465331 -0.004728160 0.999978781 2.638810158
0.999966264 -0.006185976 -0.005407792 -0.017612169 0.006219212 0.999961674 0.006150989 -0.039266936 0.005369536 -0.006184413 0.999966502 2.676431417
0.999980688 -0.003460094 -0.005165404 -0.017460043 0.003496819 0.999968529 0.007117731 -0.039899215 0.005140614 -0.007135657 0.999961317 2.707940102
0.999976039 -0.004435318 -0.005321631 -0.017495558 0.004467759 0.999971330 0.006099898 -0.040796880 0.005294424 -0.006123528 0.999967217 2.741096735
0.999971509 -0.005007328 -0.005662607 -0.017544564 0.005031087 0.999978483 0.004189379 -0.041764699 0.005641508 -0.004217748 0.999975204 2.776433945
0.999971569 -0.005840615 -0.004763016 -0.018839765 0.005853715 0.999979019 0.002741112 -0.041641843 0.004746906 -0.002768915 0.999984920 2.806744337
0.999962389 -0.007047968 -0.005058009 -0.018891996 0.007067125 0.999967873 0.003779456 -0.042208236 0.005031208 -0.003815060 0.999980092 2.844948769
0.999939442 -0.009813719 -0.004993442 -0.018702993 0.009841687 0.999935806 0.005607518 -0.042447925 0.004938091 -0.005656322 0.999971867 2.878297329
0.999937475 -0.010699495 -0.003244160 -0.019639939 0.010719702 0.999922872 0.006276508 -0.043022260 0.003176754 -0.006310892 0.999975085 2.912125826
0.999934614 -0.011131526 -0.002619772 -0.019591384 0.011143561 0.999927223 0.004625828 -0.043454520 0.002568089 -0.004654719 0.999985874 2.946310759
0.999949574 -0.009745387 -0.002425534 -0.019553423 0.009751036 0.999949753 0.002328669 -0.043894798 0.002402719 -0.002352203 0.999994397 2.980608225
0.999973893 -0.007157973 -0.000940588 -0.019845376 0.007158079 0.999974370 0.000109944 -0.044313647 0.000939778 -0.000116673 0.999999583 3.014387369
0.999992847 -0.003736759 0.000623251 -0.019903369 0.003736699 0.999993026 0.000097033 -0.044800315 -0.000623609 -0.000094703 0.999999821 3.048090458
0.999992907 -0.003372037 0.001676932 -0.020252747 0.003368799 0.999992430 0.001930083 -0.045082837 -0.001683427 -0.001924420 0.999996722 3.082281351
0.999991119 -0.003106261 0.002836171 -0.020123485 0.003095299 0.999987781 0.003861254 -0.045620687 -0.002848130 -0.003852441 0.999988556 3.116639376
0.999985874 -0.003803379 0.003706113 -0.020521859 0.003786987 0.999983072 0.004419904 -0.045794677 -0.003722860 -0.004405807 0.999983370 3.149952412
0.999981165 -0.003809196 0.004819629 -0.020729758 0.003788381 0.999983490 0.004320434 -0.046413433 -0.004836007 -0.004302095 0.999979079 3.184834480
0.999983549 -0.001973825 0.005375318 -0.019857377 0.001953233 0.999990761 0.003833432 -0.046784103 -0.005382836 -0.003822870 0.999978125 3.218067408
0.999975204 0.000577794 0.007017860 -0.019934641 -0.000599413 0.999995053 0.003078915 -0.047095090 -0.007016047 -0.003083046 0.999970615 3.251932859
0.999969065 0.001225162 0.007759169 -0.019990360 -0.001240704 0.999997318 0.001998531 -0.047614399 -0.007756698 -0.002008096 0.999967873 3.287133694
0.999960005 0.002217352 0.008661616 -0.019435650 -0.002226072 0.999997020 0.000997296 -0.047787309 -0.008659378 -0.001016538 0.999961913 3.321035147
0.999949455 0.001631343 0.009920790 -0.019713517 -0.001642834 0.999997973 0.001150255 -0.048628155 -0.009918895 -0.001166495 0.999950111 3.354120731
0.999939561 0.001663432 0.010868998 -0.019794002 -0.001686641 0.999996305 0.002126514 -0.049263477 -0.010865421 -0.002144718 0.999938607 3.388206959
0.999928355 0.000848039 0.011943386 -0.019631866 -0.000885355 0.999994695 0.003119459 -0.050063796 -0.011940678 -0.003129810 0.999923825 3.422193050
0.999928296 0.000504432 0.011965657 -0.019001633 -0.000550053 0.999992549 0.003809643 -0.050786264 -0.011963645 -0.003815952 0.999921143 3.456267118
0.999919295 -0.002196578 0.012510638 -0.018909052 0.002152849 0.999991655 0.003507789 -0.050741643 -0.012518237 -0.003480573 0.999915540 3.490399837
0.999920964 -0.003759503 0.011997125 -0.018167138 0.003709889 0.999984562 0.004155144 -0.050820656 -0.012012560 -0.004110307 0.999919415 3.524486780
0.999919593 -0.004977406 0.011657251 -0.018269747 0.004938171 0.999982119 0.003392145 -0.050970335 -0.011673925 -0.003334307 0.999926269 3.558763981
0.999919593 -0.007001723 0.010572175 -0.018177483 0.006967664 0.999970496 0.003255023 -0.051620871 -0.010594655 -0.003181098 0.999938786 3.593448877
0.999929190 -0.007179171 0.009484572 -0.017861191 0.007135643 0.999963999 0.004615301 -0.052685693 -0.009517365 -0.004547297 0.999944389 3.627449751
0.999922335 -0.009175749 0.008436115 -0.017807465 0.009136806 0.999947488 0.004643284 -0.053234644 -0.008478279 -0.004565844 0.999953687 3.661924839
0.999932528 -0.008997859 0.007352805 -0.017697209 0.008966195 0.999950469 0.004328115 -0.053318776 -0.007391383 -0.004261896 0.999963641 3.696301222
0.999941289 -0.009186951 0.005745734 -0.017107714 0.009163051 0.999949336 0.004171895 -0.054302558 -0.005783770 -0.004119001 0.999974787 3.730782509
0.999948561 -0.008790344 0.005048716 -0.017239023 0.008770169 0.999953449 0.004004893 -0.054695439 -0.005083685 -0.003960409 0.999979258 3.763633013
0.999935389 -0.010648375 0.003973589 -0.017136693 0.010643745 0.999942660 0.001184734 -0.054816727 -0.003985976 -0.001142364 0.999991477 3.798396587
0.999876380 -0.015430688 0.003002022 -0.017241918 0.015428740 0.999880731 0.000671230 -0.055591438 -0.003012021 -0.000624829 0.999995291 3.832634211
0.999711871 -0.023952078 0.001535976 -0.016705628 0.023946876 0.999707580 0.003321414 -0.056280874 -0.001615081 -0.003283675 0.999993265 3.867252588
0.999515295 -0.031127466 0.000555237 -0.016729500 0.031124258 0.999502778 0.005068794 -0.056691773 -0.000712739 -0.005049055 0.999987006 3.901021004
0.999371648 -0.035438400 -0.000708632 -0.016596267 0.035439543 0.999370515 0.001671550 -0.057070144 0.000648949 -0.001695613 0.999998391 3.934632540
0.999425113 -0.033902470 -0.000059459 -0.016672198 0.033902355 0.999424160 -0.001376035 -0.057821773 0.000106075 0.001373229 0.999999106 3.969560862
0.999516547 -0.031089827 0.000188416 -0.016479453 0.031090282 0.999511123 -0.003325167 -0.058571383 -0.000084945 0.003329417 0.999994457 4.004572392
0.999561667 -0.029540906 0.001945776 -0.017082032 0.029548263 0.999555886 -0.003867370 -0.059057817 -0.001830666 0.003923169 0.999990642 4.038064480
0.999458790 -0.032824419 0.002208228 -0.016780674 0.032825280 0.999461114 -0.000355001 -0.059781969 -0.002195385 0.000427295 0.999997497 4.072319508
0.999266088 -0.038178049 0.003109452 -0.017091565 0.038170770 0.999268413 0.002365918 -0.060102887 -0.003197503 -0.002245491 0.999992311 4.106083870
0.999073744 -0.042991068 0.001855910 -0.015893931 0.042982277 0.999065578 0.004544291 -0.061209630 -0.002049539 -0.004460312 0.999987960 4.142036915
0.999038756 -0.043771401 0.002369643 -0.015841600 0.043762114 0.999034584 0.003838338 -0.061416861 -0.002535365 -0.003730948 0.999989808 4.176958084
0.999129295 -0.041546080 0.003813060 -0.015995508 0.041528974 0.999127328 0.004459403 -0.061798528 -0.003995003 -0.004297168 0.999982774 4.211197376
0.999294758 -0.037306163 0.004279051 -0.015837664 0.037294317 0.999300361 0.002814888 -0.061959438 -0.004381070 -0.002653317 0.999986887 4.245572090
0.999425113 -0.033492167 0.005265797 -0.015812684 0.033486228 0.999438465 0.001211850 -0.062985301 -0.005303429 -0.001034821 0.999985397 4.279944420
0.999481082 -0.031565767 0.006403897 -0.016383683 0.031560011 0.999501348 0.000997440 -0.063419946 -0.006432189 -0.000794815 0.999979019 4.315358639
0.999558091 -0.028871533 0.007070201 -0.016593127 0.028860686 0.999582052 0.001631487 -0.063768350 -0.007114350 -0.001426715 0.999973714 4.349773884
0.999596357 -0.027577868 0.006823147 -0.016554227 0.027568165 0.999618769 0.001512509 -0.064452589 -0.006862259 -0.001323797 0.999975622 4.384428024
0.999677122 -0.024641192 0.006197258 -0.016046764 0.024644155 0.999696195 -0.000401897 -0.065134116 -0.006185473 0.000554493 0.999980748 4.418733597
0.999748230 -0.021887213 0.004941836 -0.015757764 0.021904655 0.999753892 -0.003502952 -0.065672889 -0.004863950 0.003610319 0.999981642 4.455066204
0.999850631 -0.016691044 0.004483372 -0.012880221 0.016713167 0.999848068 -0.004942678 -0.066288605 -0.004400192 0.005016871 0.999977708 4.486017704
0.999921560 -0.012119319 0.003173282 -0.010822192 0.012128185 0.999922633 -0.002790106 -0.069120407 -0.003139223 0.002828373 0.999991000 4.522924423
0.999932110 -0.010819930 0.004322526 -0.013374370 0.010828029 0.999939620 -0.001855457 -0.067771070 -0.004302188 0.001902136 0.999988854 4.560837746
0.999965489 -0.006847959 0.004693435 -0.010922102 0.006850720 0.999976397 -0.000573262 -0.067977868 -0.004689398 0.000605397 0.999988794 4.592611790
0.999935687 -0.010575252 0.004103461 -0.012584571 0.010567086 0.999942124 0.002006606 -0.070970058 -0.004124444 -0.001963115 0.999989510 4.629827023
0.999910772 -0.013209755 0.002046057 -0.012422216 0.013205823 0.999910951 0.001923191 -0.070980698 -0.002071280 -0.001895999 0.999996006 4.665050983
0.999909341 -0.013472474 -0.000015967 -0.011797908 0.013472295 0.999900818 -0.004104193 -0.069153525 0.000071259 0.004103606 0.999991536 4.703529835
0.999949515 -0.009885865 -0.001849013 -0.011535857 0.009873210 0.999928594 -0.006732970 -0.073040128 0.001915442 0.006714374 0.999975562 4.738765240
0.999969900 -0.007474429 -0.002150822 -0.012540322 0.007459230 0.999947727 -0.006990591 -0.073217735 0.002202960 0.006974336 0.999973238 4.772756100
0.999990940 -0.003228515 -0.002785217 -0.012011814 0.003211330 0.999975920 -0.006152753 -0.074502736 0.002805015 0.006143752 0.999977171 4.809557438
0.999997973 -0.000991237 -0.001772477 -0.014282013 0.000985237 0.999993742 -0.003382803 -0.074605994 0.001775820 0.003381049 0.999992728 4.847578049
0.999998331 -0.000369893 -0.001799718 -0.013678337 0.000367081 0.999998748 -0.001562419 -0.074750073 0.001800294 0.001561756 0.999997139 4.884525299
0.999998152 -0.001206428 -0.001575155 -0.013981498 0.001206409 0.999999404 -0.000012848 -0.075849295 0.001575170 0.000010947 0.999998748 4.918027401
0.999992847 -0.003179574 -0.002048914 -0.014139857 0.003179784 0.999994934 0.000099147 -0.076066211 0.002048589 -0.000105661 0.999997914 4.955486298
0.999987304 -0.004844984 -0.001384571 -0.014506565 0.004845900 0.999988079 0.000660127 -0.076697364 0.001381356 -0.000666828 0.999998868 4.991367817
0.999991596 -0.004096603 -0.000323924 -0.015656957 0.004096651 0.999991596 0.000147274 -0.077891313 0.000323317 -0.000148600 0.999999940 5.027588844
0.999940336 -0.010920195 -0.000310265 -0.014948110 0.010920851 0.999937952 0.002201841 -0.078351557 0.000286202 -0.002205098 0.999997556 5.063188076
0.999885976 -0.015093241 0.000393607 -0.015208932 0.015091839 0.999880552 0.003342690 -0.078366801 -0.000444012 -0.003336368 0.999994397 5.100117683
0.999843955 -0.017611256 0.001384462 -0.015804110 0.017606644 0.999839664 0.003275146 -0.078964517 -0.001441920 -0.003250259 0.999993742 5.135430336
0.999879420 -0.015520630 0.000613972 -0.015812704 0.015521262 0.999879062 -0.001038739 -0.079521880 -0.000597776 0.001048144 0.999999344 5.173349857
0.999963462 -0.008416451 0.001505997 -0.015937097 0.008424933 0.999948144 -0.005717287 -0.080673315 -0.001457799 0.005729766 0.999982476 5.211341858
0.999996006 0.000671339 0.002730710 -0.016361743 -0.000655786 0.999983549 -0.005692590 -0.081698753 -0.002734486 0.005690777 0.999980032 5.249127388
0.999965727 0.007363333 0.003797146 -0.016944842 -0.007354464 0.999970198 -0.002344392 -0.081672214 -0.003814296 0.002316386 0.999990106 5.285886765
0.999934912 0.010366316 0.004763908 -0.016744107 -0.010366451 0.999946237 0.000003746 -0.082770467 -0.004763613 -0.000053131 0.999988616 5.320888996
0.999955773 0.008277278 0.004449146 -0.016937563 -0.008279477 0.999965608 0.000476842 -0.083461449 -0.004445046 -0.000513658 0.999989986 5.359288216
0.999981999 0.005163075 0.003066119 -0.016777089 -0.005164183 0.999986649 0.000353703 -0.083709508 -0.003064252 -0.000369531 0.999995232 5.396736145
0.999993980 0.002663911 0.002239421 -0.016571485 -0.002663892 0.999996483 -0.000010509 -0.084364206 -0.002239441 0.000004543 0.999997497 5.433934212
0.999985337 0.004825982 0.002447359 -0.017423432 -0.004823055 0.999987602 -0.001200163 -0.084976822 -0.002453120 0.001188341 0.999996305 5.471107483
0.999990165 0.004122998 0.001649635 -0.017024558 -0.004122204 0.999991357 -0.000484100 -0.085700005 -0.001651618 0.000477295 0.999998510 5.510258675
0.999983251 0.005596844 0.001461167 -0.017201707 -0.005597152 0.999984324 0.000206570 -0.086475946 -0.001459988 -0.000214745 0.999998927 5.548590183
0.999988377 0.004792291 0.000715046 -0.016982533 -0.004792183 0.999988496 -0.000152177 -0.087253071 -0.000715767 0.000148749 0.999999762 5.586314678
0.999991179 0.004205906 -0.000150521 -0.015915900 -0.004206016 0.999990880 -0.000739568 -0.088217415 0.000147409 0.000740195 0.999999762 5.623367310
0.999991775 0.004011394 0.000634201 -0.017593624 -0.004010496 0.999990940 -0.001413523 -0.088454440 -0.000639865 0.001410968 0.999998808 5.661320210
0.999989927 0.004425199 0.000700108 -0.018161207 -0.004423819 0.999988258 -0.001961136 -0.088728562 -0.000708778 0.001958019 0.999997795 5.700170994
0.999990225 0.004418349 0.000358856 -0.017937681 -0.004417473 0.999987304 -0.002406058 -0.089101635 -0.000369483 0.002404449 0.999997020 5.738280773
0.999982893 0.005859026 0.000080420 -0.018090153 -0.005858813 0.999979913 -0.002427236 -0.089894734 -0.000094639 0.002426723 0.999997079 5.775705814
0.999985218 0.005404251 -0.000638804 -0.018778447 -0.005405731 0.999982655 -0.002338864 -0.091198795 0.000626153 0.002342283 0.999997079 5.816127300
0.999988019 0.004772765 -0.001130104 -0.018653290 -0.004775385 0.999985814 -0.002327468 -0.091905728 0.001118980 0.002332837 0.999996722 5.854263306
0.999988794 0.004357035 -0.001846864 -0.018308669 -0.004361731 0.999987245 -0.002546439 -0.092360958 0.001835746 0.002554466 0.999995112 5.892817497
0.999988258 0.004734783 -0.001008506 -0.019773519 -0.004737479 0.999985158 -0.002687929 -0.093122855 0.000995764 0.002692675 0.999995887 5.931772232
0.999995470 0.002600532 -0.001534893 -0.019595355 -0.002604335 0.999993503 -0.002480955 -0.094208732 0.001528431 0.002484940 0.999995708 5.971350193
0.999998212 0.001485729 -0.001155458 -0.019728050 -0.001488553 0.999995887 -0.002446892 -0.094764844 0.001151818 0.002448608 0.999996364 6.009831905
0.999999225 0.000223371 -0.001210760 -0.019958349 -0.000225241 0.999998748 -0.001544438 -0.095603742 0.001210413 0.001544709 0.999998093 6.048686981
0.999999404 0.000475785 -0.001020757 -0.020286933 -0.000477494 0.999998510 -0.001675128 -0.096242040 0.001019959 0.001675615 0.999998033 6.088120461
0.999998927 0.000501523 -0.001363245 -0.020255435 -0.000503909 0.999998391 -0.001749796 -0.097024530 0.001362365 0.001750481 0.999997556 6.126277447
0.999998450 0.000588592 -0.001659009 -0.020112945 -0.000592218 0.999997556 -0.002186147 -0.097796828 0.001657718 0.002187127 0.999996185 6.165933609
0.999996901 0.002430659 -0.000532004 -0.020800853 -0.002431707 0.999995172 -0.001979758 -0.098265752 0.000527190 0.001981045 0.999997914 6.205454826
0.999994457 0.003322510 -0.000419911 -0.020648874 -0.003322810 0.999994278 -0.000716257 -0.098426871 0.000417528 0.000717648 0.999999583 6.245943069
0.999997675 0.002093793 0.000734537 -0.021438487 -0.002094048 0.999997735 0.000345689 -0.099392787 -0.000733811 -0.000347226 0.999999583 6.284165382
0.999994695 0.002761662 0.001795755 -0.021954704 -0.002759408 0.999995410 -0.001256262 -0.100185096 -0.001799216 0.001251300 0.999997556 6.323159695
0.999993861 0.003091038 0.001680248 -0.021735955 -0.003086420 0.999991477 -0.002744318 -0.100960329 -0.001688716 0.002739115 0.999994755 6.363110542
0.999993145 0.003427160 0.001393788 -0.021248175 -0.003423935 0.999991417 -0.002309592 -0.101534761 -0.001401691 0.002304805 0.999996305 6.402151585
0.999993563 0.002768994 0.002277179 -0.022373538 -0.002767521 0.999995887 -0.000649557 -0.102503836 -0.002278969 0.000643250 0.999997139 6.441454411
0.999995112 0.002921154 0.001105835 -0.022070166 -0.002921099 0.999995649 -0.000050508 -0.103421167 -0.001105977 0.000047278 0.999999344 6.481132030
0.999991417 0.003762253 0.001762873 -0.022578306 -0.003762116 0.999992907 -0.000081305 -0.104047984 -0.001763166 0.000074672 0.999998450 6.520968914
0.999979734 0.006241197 0.001307706 -0.022005588 -0.006239790 0.999979973 -0.001077447 -0.104460157 -0.001314405 0.001069266 0.999998510 6.561453342
0.999978542 0.006144777 0.002258003 -0.023358610 -0.006143252 0.999980927 -0.000681701 -0.104848154 -0.002262149 0.000667815 0.999997139 6.599010944
0.999978006 0.006590289 0.000665779 -0.022533130 -0.006589949 0.999978185 -0.000511553 -0.105749376 -0.000669136 0.000507154 0.999999583 6.640089989
0.999981642 0.005513143 0.002504804 -0.023880245 -0.005511720 0.999984622 -0.000574594 -0.106216066 -0.002507933 0.000560777 0.999996662 6.677935123
0.999994457 0.003245255 0.000705517 -0.022871606 -0.003246080 0.999994040 0.001171538 -0.107174113 -0.000701710 -0.001173822 0.999999106 6.718963146
0.999998689 0.000599861 0.001495142 -0.023395073 -0.000601810 0.999999106 0.001303664 -0.107381709 -0.001494358 -0.001304562 0.999997973 6.756553173
0.999999106 -0.000568970 0.001209604 -0.023421742 0.000568579 0.999999821 0.000323007 -0.108222537 -0.001209788 -0.000322319 0.999999225 6.797006130
0.999991536 -0.003737021 0.001687756 -0.023836348 0.003737574 0.999993026 -0.000324502 -0.108714730 -0.001686532 0.000330807 0.999998510 6.835544586
0.999992907 -0.002599296 0.002737090 -0.024612578 0.002597118 0.999996305 0.000798882 -0.109022751 -0.002739156 -0.000791768 0.999995947 6.875181675
0.999978185 -0.006364007 0.001765669 -0.023617685 0.006357872 0.999973834 0.003458922 -0.109859951 -0.001787635 -0.003447620 0.999992430 6.911962986
0.999971032 -0.007087903 0.002760967 -0.023819450 0.007081417 0.999972224 0.002351839 -0.110514253 -0.002777560 -0.002332219 0.999993443 6.950796127
0.999966383 -0.007925013 0.002125851 -0.023106534 0.007921051 0.999966919 0.001865501 -0.110973939 -0.002140565 -0.001848599 0.999996006 6.991442204
0.999971271 -0.006853420 0.003242331 -0.023344561 0.006848955 0.999975562 0.001386667 -0.111262344 -0.003251755 -0.001364421 0.999993801 7.029989243
0.999979734 -0.003848391 0.005067824 -0.025573362 0.003842234 0.999991894 0.001224156 -0.112381995 -0.005072495 -0.001204660 0.999986410 7.071288586
0.999980152 -0.002872652 0.005607976 -0.025352076 0.002869952 0.999995768 0.000489496 -0.112691402 -0.005609359 -0.000473392 0.999984145 7.113123417
0.999982834 -0.001379411 0.005694379 -0.025272034 0.001378521 0.999999046 0.000160265 -0.113400422 -0.005694595 -0.000152413 0.999983788 7.153522968
0.999968946 -0.004542858 0.006443887 -0.025658589 0.004535866 0.999989212 0.001099329 -0.114196435 -0.006448811 -0.001070066 0.999978662 7.193893433
0.999966025 0.001726150 0.008076728 -0.023685865 -0.001724556 0.999998510 -0.000204368 -0.115312032 -0.008077070 0.000190433 0.999967337 7.224542618
0.999962151 0.002899646 0.008207150 -0.022449240 -0.002891809 0.999995410 -0.000966604 -0.116165571 -0.008209914 0.000942833 0.999965847 7.264303684
0.999968052 0.001493166 0.007860751 -0.020641763 -0.001494716 0.999998927 0.000191292 -0.117391974 -0.007860458 -0.000203036 0.999969125 7.303197861
0.999942958 0.000168082 0.010674953 -0.022998586 -0.000168637 1.000000000 0.000051024 -0.116850048 -0.010674943 -0.000052822 0.999943018 7.341630459
0.999935329 0.000578259 0.011353862 -0.022943832 -0.000582088 0.999999821 0.000333915 -0.117904730 -0.011353668 -0.000340502 0.999935448 7.382712364
0.999945939 -0.000676832 0.010368423 -0.021271951 0.000696160 0.999998033 -0.001860592 -0.119133756 -0.010367142 0.001867709 0.999944568 7.423180103
0.999933124 -0.003567577 0.011000362 -0.021619819 0.003618548 0.999982774 -0.004617103 -0.119362116 -0.010983702 0.004656601 0.999928832 7.460661411
0.999953568 -0.001821565 0.009465805 -0.021458477 0.001862192 0.999989092 -0.004284883 -0.119882450 -0.009457897 0.004302311 0.999945939 7.497629642
0.999961674 -0.003310394 0.008101793 -0.020688258 0.003348343 0.999983490 -0.004675003 -0.120929547 -0.008086183 0.004701951 0.999956191 7.538615227
0.999967515 -0.001176685 0.007974543 -0.020870771 0.001220113 0.999984443 -0.005443216 -0.122091249 -0.007968014 0.005452768 0.999953389 7.580911636
0.999966800 -0.001648118 0.007981798 -0.021447264 0.001697725 0.999979317 -0.006212250 -0.121041372 -0.007971394 0.006225594 0.999948859 7.618059635
0.999978185 -0.003031450 0.005867837 -0.019816820 0.003058582 0.999984562 -0.004620472 -0.123060852 -0.005853740 0.004638319 0.999972105 7.651272297
0.999984384 -0.000692665 0.005551973 -0.020445928 0.000722889 0.999984860 -0.005443559 -0.123112246 -0.005548119 0.005447489 0.999969780 7.691818714
0.999982655 -0.004021142 0.004311342 -0.020319920 0.004035660 0.999986231 -0.003364196 -0.124386743 -0.004297754 0.003381537 0.999985099 7.731420994
0.999990642 -0.000480399 0.004291373 -0.020953372 0.000491415 0.999996603 -0.002566166 -0.124105871 -0.004290125 0.002568251 0.999987483 7.765618801
0.999985635 -0.001084949 0.005253645 -0.021580610 0.001095287 0.999997497 -0.001965398 -0.125353277 -0.005251498 0.001971124 0.999984324 7.802672863
0.999979019 -0.001827585 0.006203572 -0.021954063 0.001843058 0.999995172 -0.002489429 -0.125418127 -0.006198993 0.002500810 0.999977648 7.841363430
0.999979079 -0.001531340 0.006272933 -0.020786587 0.001551349 0.999993742 -0.003186107 -0.125841171 -0.006268016 0.003195771 0.999975264 7.880824089
0.999970973 -0.001600330 0.007442513 -0.021966726 0.001634338 0.999988258 -0.004565579 -0.126183793 -0.007435119 0.004577611 0.999961853 7.918606281
0.999969542 -0.004091020 0.006634636 -0.020404436 0.004132081 0.999972403 -0.006187049 -0.127159253 -0.006609141 0.006214276 0.999958873 7.957932472
0.999967694 -0.004205272 0.006849854 -0.020481922 0.004255384 0.999964118 -0.007317613 -0.128067523 -0.006818837 0.007346526 0.999949694 7.997173309
0.999983370 -0.003481916 0.004604162 -0.020776641 0.003521576 0.999956489 -0.008633969 -0.128847122 -0.004573898 0.008650038 0.999952078 8.035733223
0.999989390 -0.003986082 0.002276912 -0.020816630 0.004002485 0.999965787 -0.007245821 -0.130512729 -0.002247951 0.007254859 0.999971092 8.076194763
0.999996126 -0.001701776 0.002180347 -0.020660173 0.001711082 0.999989331 -0.004273493 -0.130718991 -0.002173051 0.004277207 0.999988496 8.114080429
0.999992311 -0.003078915 0.002424797 -0.020616084 0.003083255 0.999993622 -0.001788185 -0.131047338 -0.002419275 0.001795647 0.999995530 8.153488159
0.999991477 -0.003100698 0.002711033 -0.020677485 0.003105158 0.999993801 -0.001642527 -0.131369442 -0.002705922 0.001650932 0.999994993 8.191915512
0.999982536 -0.004947668 0.003206795 -0.020855883 0.004953728 0.999985933 -0.001884574 -0.132651746 -0.003197426 0.001900427 0.999993086 8.231994629
0.999979913 -0.005253998 0.003507257 -0.020936666 0.005262810 0.999982953 -0.002507963 -0.133165762 -0.003494020 0.002526371 0.999990702 8.270873070
0.999975085 -0.006055318 0.003623779 -0.020726735 0.006060522 0.999980569 -0.001426582 -0.134280473 -0.003615069 0.001448508 0.999992371 8.311006546
0.999975562 -0.004792539 0.005088660 -0.021461546 0.004801883 0.999986708 -0.001825598 -0.134945080 -0.005079844 0.001849989 0.999985397 8.349442482
0.999978662 -0.004233182 0.004995390 -0.021147896 0.004247045 0.999987125 -0.002767655 -0.135580719 -0.004983610 0.002788812 0.999983609 8.389906883
0.999976099 -0.003597230 0.005907304 -0.021407422 0.003616100 0.999988317 -0.003186717 -0.136401728 -0.005895773 0.003208002 0.999977410 8.428367615
0.999968648 -0.004692801 0.006378406 -0.020926774 0.004700947 0.999988079 -0.001262556 -0.137323499 -0.006372406 0.001292501 0.999978840 8.468989372
0.999963760 -0.005747711 0.006289501 -0.020573646 0.005748061 0.999983430 -0.000037574 -0.138332605 -0.006289181 0.000073725 0.999980152 8.507734299
0.999966204 -0.005138935 0.006415404 -0.020892367 0.005157065 0.999982655 -0.002812482 -0.138476700 -0.006400841 0.002845472 0.999975443 8.548091888
0.999964356 -0.005710795 0.006216456 -0.020261433 0.005717975 0.999983013 -0.001138015 -0.139832899 -0.006209849 0.001173520 0.999980032 8.586431503
0.999979258 -0.003170535 0.005598046 -0.020017788 0.003191612 0.999987900 -0.003760337 -0.140285045 -0.005586055 0.003778126 0.999977291 8.626497269
0.999985695 -0.001493140 0.005138235 -0.020111132 0.001526036 0.999978304 -0.006404317 -0.141064286 -0.005128561 0.006412066 0.999966323 8.664999008
0.999989867 -0.000715591 0.004440870 -0.020377129 0.000741422 0.999982774 -0.005817677 -0.142169893 -0.004436631 0.005820912 0.999973238 8.703121185
0.999991596 0.000111655 0.004083284 -0.021012615 -0.000101608 0.999996960 -0.002460610 -0.143011972 -0.004083546 0.002460174 0.999988675 8.742453575
0.999997497 0.000466296 0.002165360 -0.020383956 -0.000468074 0.999999523 0.000820927 -0.144010752 -0.002164976 -0.000821939 0.999997318 8.781455040
0.999998033 0.001762369 0.000848917 -0.020430995 -0.001761714 0.999998152 -0.000771943 -0.144378230 -0.000850276 0.000770446 0.999999285 8.820301056
0.999998689 0.001423434 -0.000762743 -0.020730730 -0.001425181 0.999996364 -0.002294441 -0.145026982 0.000759474 0.002295525 0.999997020 8.859058380
0.999996424 -0.000212007 -0.002658014 -0.020716300 0.000209383 0.999999464 -0.000987505 -0.145853877 0.002658222 0.000986945 0.999995947 8.898134232
0.999989808 -0.001759683 -0.004145571 -0.020700948 0.001757587 0.999998331 -0.000509230 -0.146651864 0.004146460 0.000501939 0.999991298 8.936367989
0.999987304 -0.002364918 -0.004453170 -0.020956798 0.002360217 0.999996662 -0.001060471 -0.147456929 0.004455664 0.001049947 0.999989510 8.974951744
0.999985516 -0.002283332 -0.004878750 -0.021389581 0.002272576 0.999994993 -0.002208977 -0.148169294 0.004883769 0.002197857 0.999985635 9.014379501
0.999985099 -0.002585251 -0.004806299 -0.021775290 0.002572674 0.999993265 -0.002621238 -0.148630887 0.004813043 0.002608834 0.999985039 9.051656723
0.999982059 -0.003681962 -0.004725423 -0.021880286 0.003666651 0.999988079 -0.003244687 -0.149235681 0.004737314 0.003227303 0.999983549 9.091135979
0.999981165 -0.004050443 -0.004615623 -0.022640746 0.004031463 0.999983370 -0.004114043 -0.150060341 0.004632210 0.004095358 0.999980867 9.129177094
0.999976993 -0.004269396 -0.005293807 -0.022351682 0.004249590 0.999983966 -0.003747238 -0.151320994 0.005309721 0.003724654 0.999978960 9.167839050
0.999974787 -0.004834454 -0.005197009 -0.022726957 0.004811910 0.999979019 -0.004341510 -0.151608095 0.005217888 0.004316393 0.999977052 9.207061768
0.999980688 -0.004209099 -0.004585745 -0.023331046 0.004190031 0.999982595 -0.004159836 -0.152993321 0.004603174 0.004140541 0.999980807 9.244093895
0.999972463 -0.005098895 -0.005391104 -0.023034249 0.005063849 0.999966085 -0.006494510 -0.153187871 0.005424037 0.006467034 0.999964356 9.283298492
0.999965012 -0.006376915 -0.005414071 -0.023539381 0.006352228 0.999969423 -0.004564730 -0.154259115 0.005443013 0.004530180 0.999974906 9.322563171
0.999958813 -0.007448545 -0.005174425 -0.023927020 0.007429346 0.999965429 -0.003719949 -0.155192643 0.005201955 0.003681354 0.999979675 9.361072540
0.999941528 -0.009221984 -0.005640684 -0.023729337 0.009196009 0.999947071 -0.004613622 -0.155942351 0.005682933 0.004561480 0.999973416 9.399411201
0.999961257 -0.007372876 -0.004814370 -0.024335368 0.007347933 0.999959648 -0.005177849 -0.156666815 0.004852350 0.005142272 0.999975026 9.438143730
0.999962866 -0.007031047 -0.004985327 -0.024564646 0.007010410 0.999966860 -0.004145136 -0.157557517 0.005014307 0.004110033 0.999978960 9.476806641
0.999972045 -0.005681432 -0.004863592 -0.024979478 0.005664865 0.999978125 -0.003413720 -0.158435792 0.004882881 0.003386073 0.999982357 9.515203476
0.999974072 -0.005436861 -0.004713850 -0.025312891 0.005418832 0.999977946 -0.003828949 -0.159232616 0.004734564 0.003803307 0.999981523 9.554363251
0.999979436 -0.005227769 -0.003725441 -0.026281212 0.005211024 0.999976337 -0.004490487 -0.160061866 0.003748829 0.004470982 0.999982953 9.593352318
0.999978244 -0.005192554 -0.004102957 -0.026068680 0.005171286 0.999973178 -0.005177647 -0.160501629 0.004129733 0.005156315 0.999978185 9.631770134
0.999970317 -0.006374649 -0.004342984 -0.026388593 0.006353550 0.999967992 -0.004854839 -0.161548972 0.004373794 0.004827100 0.999978840 9.671248436
0.999984384 -0.004523948 -0.003307338 -0.026968930 0.004509459 0.999980271 -0.004375449 -0.162508160 0.003327068 0.004360466 0.999984920 9.709328651
0.999986768 -0.003775273 -0.003481588 -0.027255422 0.003759303 0.999982357 -0.004582326 -0.162840173 0.003498827 0.004569177 0.999983430 9.748394966
0.999989212 -0.003452602 -0.003112766 -0.027931936 0.003435266 0.999978662 -0.005557609 -0.163415909 0.003131888 0.005546856 0.999979734 9.787911415
0.999995053 -0.001178967 -0.002907988 -0.028042501 0.001160112 0.999978364 -0.006476980 -0.164288044 0.002915563 0.006473574 0.999974787 9.825744629
0.999989986 -0.002984878 -0.003325172 -0.027509954 0.002966808 0.999980867 -0.005425839 -0.165367797 0.003341304 0.005415919 0.999979794 9.861131668
0.999996901 0.000216625 -0.002463686 -0.028421249 -0.000229392 0.999986470 -0.005182909 -0.166117713 0.002462530 0.005183458 0.999983490 9.902707100
0.999994218 0.002506597 -0.002305349 -0.028573731 -0.002518519 0.999983370 -0.005183049 -0.166895151 0.002292319 0.005188826 0.999983907 9.941968918
