0.999999762 -0.000662666 -0.000249677 -0.000161568 0.000663086 0.999998331 0.001686769 -0.000817500 0.000248559 -0.001686934 0.999998569 0.050118040
0.999998152 -0.001747224 -0.000747376 -0.000271645 0.001748503 0.999997020 0.001713598 -0.001550531 0.000744379 -0.001714902 0.999998271 0.100104041
0.999994397 -0.003256500 -0.000718401 -0.000485676 0.003257079 0.999994397 0.000806654 -0.002332075 0.000715770 -0.000808990 0.999999404 0.150070503
0.999993026 -0.003705512 -0.000635512 -0.000729766 0.003706131 0.999992609 0.000975479 -0.003133635 0.000631892 -0.000977828 0.999999344 0.199820966
0.999991775 -0.003982720 -0.000785610 -0.000818378 0.003984145 0.999990404 0.001820573 -0.003944164 0.000778352 -0.001823688 0.999998033 0.250362724
0.999985397 -0.005393106 -0.000248634 -0.001250267 0.005393819 0.999980986 0.002963159 -0.004586632 0.000232649 -0.002964457 0.999995589 0.300628006
0.999987304 -0.004990553 -0.000679210 -0.001392231 0.004992741 0.999982178 0.003258160 -0.005245271 0.000662938 -0.003261509 0.999994457 0.352827042
0.999991357 -0.004096552 -0.000609493 -0.001851584 0.004097606 0.999990106 0.001737364 -0.006148192 0.000602370 -0.001739846 0.999998331 0.402060568
0.999997616 -0.001776643 -0.001279614 -0.001898818 0.001775575 0.999998152 -0.000834311 -0.006566674 0.001281094 0.000832037 0.999998868 0.454335362
0.999997914 0.001973537 -0.000485948 -0.002782117 -0.001974193 0.999997139 -0.001352615 -0.007723282 0.000483277 0.001353572 0.999998987 0.503551185
0.999990165 0.004396661 -0.000609126 -0.003047359 -0.004397598 0.999989152 -0.001546041 -0.008525977 0.000602322 0.001548704 0.999998689 0.555149376
0.999983847 0.005658424 -0.000397706 -0.003499920 -0.005658670 0.999983788 -0.000622101 -0.009455848 0.000394179 0.000624341 0.999999702 0.606121004
0.999994576 0.003287832 -0.000158378 -0.003607225 -0.003287502 0.999992490 0.002040978 -0.010217920 0.000165087 -0.002040447 0.999997854 0.658572733
0.999999106 -0.001293167 -0.000044175 -0.003472449 0.001293336 0.999990880 0.004063290 -0.011046520 0.000038920 -0.004063343 0.999991715 0.709268749
0.999990821 -0.004064833 -0.001358049 -0.002684470 0.004067085 0.999990284 0.001659787 -0.011698123 0.001351289 -0.001665295 0.999997675 0.762410522
0.999989986 -0.004460892 -0.000284333 -0.003718864 0.004460790 0.999989986 -0.000355740 -0.012410771 0.000285917 0.000354469 0.999999881 0.811945796
0.999996901 -0.002444200 0.000352024 -0.003775477 0.002444897 0.999994993 -0.001994784 -0.013303841 -0.000347147 0.001995638 0.999997914 0.864063740
0.999999106 0.000296829 0.001316362 -0.004667464 -0.000296960 0.999999940 0.000099151 -0.014120351 -0.001316333 -0.000099542 0.999999106 0.914853990
0.999999046 0.000912921 0.001046321 -0.004355484 -0.000917177 0.999991238 0.004074538 -0.015082459 -0.001042592 -0.004075494 0.999991119 0.968503237
0.999996066 -0.001849369 0.002080640 -0.004738295 0.001837463 0.999981999 0.005709790 -0.015367204 -0.002091162 -0.005705945 0.999981523 1.019706488
0.999980867 -0.005839475 0.002023940 -0.005115443 0.005832265 0.999976695 0.003550310 -0.015688969 -0.002044624 -0.003538438 0.999991655 1.072233200
0.999980569 -0.006032716 0.001518391 -0.004420842 0.006030437 0.999980628 0.001501042 -0.016579440 -0.001527417 -0.001491857 0.999997735 1.124912500
0.999978483 -0.006147135 0.002264043 -0.004874827 0.006149670 0.999980450 -0.001114113 -0.017293174 -0.002257151 0.001128012 0.999996841 1.177703381
0.999990702 -0.003305179 0.002742775 -0.004922710 0.003310336 0.999992669 -0.001877930 -0.018144095 -0.002736548 0.001886992 0.999994457 1.229576707
0.999992847 -0.001807702 0.003322180 -0.005560562 0.001821320 0.999989867 -0.004100668 -0.019301262 -0.003314734 0.004106690 0.999986053 1.282310963
0.999994397 -0.000850546 0.003243110 -0.005410284 0.000862880 0.999992311 -0.003803566 -0.019950477 -0.003239850 0.003806343 0.999987483 1.334913492
0.999995291 -0.001726103 0.002577498 -0.004966971 0.001731147 0.999996543 -0.001955698 -0.021369029 -0.002574114 0.001960150 0.999994755 1.388145447
0.999993801 0.000079268 0.003508699 -0.006524995 -0.000077175 0.999999881 -0.000596644 -0.022105813 -0.003508746 0.000596369 0.999993622 1.440906882
0.999993145 0.002581780 0.002639261 -0.006424285 -0.002580435 0.999996483 -0.000513048 -0.022848552 -0.002640577 0.000506234 0.999996364 1.495126367
0.999985397 0.004503926 0.003017385 -0.006113922 -0.004502605 0.999989748 -0.000444406 -0.024199523 -0.003019356 0.000430813 0.999995351 1.546813607
0.999972641 0.006644993 0.003268077 -0.006988227 -0.006645519 0.999977887 0.000149990 -0.025008801 -0.003267008 -0.000171704 0.999994636 1.600722671
0.999970376 0.007106810 0.002940468 -0.007092536 -0.007107535 0.999974668 0.000236067 -0.025930524 -0.002938716 -0.000256959 0.999995649 1.653698683
0.999978662 0.006214173 0.002063120 -0.006543227 -0.006213474 0.999980628 -0.000346051 -0.026174624 -0.002065231 0.000333225 0.999997795 1.708249569
0.999983430 0.005709020 0.000762215 -0.006195323 -0.005708182 0.999983191 -0.001098649 -0.026880519 -0.000768475 0.001094280 0.999999106 1.763184071
0.999986351 0.005217259 0.000146673 -0.006824749 -0.005217234 0.999986351 -0.000168121 -0.028464926 -0.000147548 0.000167353 0.999999940 1.814761996
0.999986053 0.005233051 -0.000652116 -0.007086300 -0.005232680 0.999986112 0.000569690 -0.029110057 0.000655088 -0.000566270 0.999999642 1.869904041
0.999987245 0.004639506 -0.001982651 -0.007246018 -0.004638976 0.999989212 0.000271840 -0.029890241 0.001983891 -0.000262639 0.999998033 1.923688889
0.999980867 0.005301479 -0.003219984 -0.007838431 -0.005299089 0.999985695 0.000750074 -0.030692648 0.003223914 -0.000732997 0.999994576 1.977982759
0.999974787 0.006243704 -0.003384814 -0.009010787 -0.006239000 0.999979556 0.001398576 -0.031562492 0.003393478 -0.001377423 0.999993265 2.032481670
0.999983490 0.004190013 -0.003931993 -0.009349057 -0.004178447 0.999986947 0.002945247 -0.032555401 0.003944281 -0.002928769 0.999987960 2.086008310
0.999983311 0.002604420 -0.005140486 -0.009661553 -0.002590560 0.999993026 0.002701027 -0.033357833 0.005147485 -0.002687665 0.999983072 2.140916586
0.999986291 0.000321317 -0.005214615 -0.010297477 -0.000313496 0.999998808 0.001500580 -0.033844486 0.005215091 -0.001498925 0.999985278 2.195840120
0.999984920 -0.000297873 -0.005485139 -0.011020300 0.000310305 0.999997497 0.002265749 -0.034965813 0.005484450 -0.002267417 0.999982357 2.250536919
0.999987781 -0.001617384 -0.004671959 -0.011645339 0.001631523 0.999994040 0.003024237 -0.035911478 0.004667039 -0.003031822 0.999984443 2.302558422
0.999987543 -0.002805633 -0.004143138 -0.011336419 0.002822343 0.999987900 0.004032846 -0.037042797 0.004131774 -0.004044489 0.999983251 2.354164124
0.999980628 -0.004539010 -0.004256076 -0.011729382 0.004553286 0.999984026 0.003350665 -0.037391473 0.004240799 -0.003369980 0.999985337 2.409511566
0.999969661 -0.006686405 -0.004005437 -0.011957918 0.006697311 0.999973893 0.002715901 -0.038717657 0.003987171 -0.002742643 0.999988317 2.465121746
0.999974966 -0.006284882 -0.003236352 -0.012415113 0.006292373 0.999977529 0.002309532 -0.039187815 0.003221764 -0.002329838 0.999992073 2.516103745
0.999989092 -0.004039974 -0.002373123 -0.013124129 0.004045673 0.999988973 0.002401568 -0.040325373 0.002363394 -0.002411143 0.999994218 2.569457769
0.999997318 -0.001610874 -0.001673617 -0.013912724 0.001616540 0.999992907 0.003389437 -0.040902860 0.001668145 -0.003392133 0.999992788 2.621916771
0.999997556 0.002053431 -0.000833289 -0.014532330 -0.002049518 0.999987006 0.004669974 -0.041831154 0.000842867 -0.004668254 0.999988735 2.674718142
0.999983251 0.005786280 -0.000106403 -0.014939313 -0.005785636 0.999969244 0.005287085 -0.042595666 0.000136993 -0.005286382 0.999985993 2.727167606
0.999945819 0.010398531 0.000403641 -0.015781354 -0.010400397 0.999933720 0.004933599 -0.043265726 -0.000352312 -0.004937530 0.999987721 2.780756712
0.999913692 0.013085773 0.001137410 -0.016157458 -0.013090193 0.999906421 0.003968465 -0.043617364 -0.001085373 -0.003983012 0.999991417 2.833209991
0.999882698 0.015094480 0.002603846 -0.017219257 -0.015103823 0.999879479 0.003606101 -0.044134177 -0.002549100 -0.003645007 0.999990046 2.882738113
0.999882400 0.015193204 0.002048375 -0.016640317 -0.015201889 0.999875188 0.004292202 -0.045321137 -0.001982907 -0.004322836 0.999988675 2.937469006
0.999890566 0.014621549 0.002221193 -0.016726600 -0.014630222 0.999885201 0.003940504 -0.046034265 -0.002163321 -0.003972569 0.999989688 2.989667416
0.999919236 0.012509165 0.002235621 -0.017114889 -0.012516240 0.999916613 0.003178986 -0.046927679 -0.002195669 -0.003206711 0.999992430 3.041408539
0.999924481 0.012175760 0.001680244 -0.016917638 -0.012180756 0.999921262 0.002994941 -0.047531709 -0.001643646 -0.003015181 0.999994159 3.093473911
0.999927759 0.011961388 0.001173654 -0.017128497 -0.011965374 0.999922454 0.003447935 -0.048750337 -0.001132321 -0.003461728 0.999993384 3.145602226
0.999940276 0.010917118 0.000523086 -0.017560447 -0.010918583 0.999936283 0.002884788 -0.049102992 -0.000491559 -0.002890327 0.999995649 3.197870493
0.999941051 0.010843944 -0.000392866 -0.017788110 -0.010842714 0.999936700 0.003003818 -0.049565922 0.000425414 -0.002999380 0.999995410 3.249486446
0.999947727 0.010121590 -0.001434785 -0.017767219 -0.010116118 0.999941766 0.003771256 -0.050202727 0.001472873 -0.003756545 0.999991834 3.301229239
0.999953806 0.009149101 -0.002937263 -0.016941054 -0.009136788 0.999949515 0.004178004 -0.051316611 0.002975340 -0.004150974 0.999986947 3.351230145
0.999975920 0.005851661 -0.003758111 -0.018431589 -0.005830021 0.999966502 0.005743720 -0.052373670 0.003791596 -0.005721672 0.999976456 3.402793646
0.999981999 0.003545090 -0.004843716 -0.017952707 -0.003517020 0.999977112 0.005791180 -0.053368315 0.004864135 -0.005774041 0.999971509 3.454659224
0.999982595 0.001666552 -0.005666393 -0.018243439 -0.001634819 0.999982953 0.005600214 -0.054175921 0.005675630 -0.005590854 0.999968290 3.505939722
0.999986172 0.001750184 -0.004956048 -0.020085959 -0.001727171 0.999987721 0.004643924 -0.054733448 0.004964115 -0.004635300 0.999976873 3.555265665
0.999986410 0.002222796 -0.004729038 -0.021275681 -0.002203078 0.999988854 0.004170935 -0.055474579 0.004738256 -0.004160459 0.999980152 3.606270075
0.999989986 0.001963584 -0.004015279 -0.022603279 -0.001948367 0.999990940 0.003789996 -0.056532707 0.004022684 -0.003782135 0.999984741 3.656013012
0.999987423 0.001829007 -0.004674053 -0.021865491 -0.001813200 0.999992549 0.003383817 -0.057503432 0.004680206 -0.003375300 0.999983370 3.707231522
0.999987662 0.002474146 -0.004320733 -0.022417048 -0.002458874 0.999990642 0.003536378 -0.057939138 0.004329442 -0.003525710 0.999984443 3.757908344
0.999984443 0.002818889 -0.004818031 -0.022009855 -0.002795871 0.999984682 0.004777592 -0.058603123 0.004831424 -0.004764047 0.999977052 3.810379028
0.999981642 0.004699230 -0.003829622 -0.023633923 -0.004674802 0.999968946 0.006362855 -0.059909586 0.003859403 -0.006344837 0.999972403 3.856932163
0.999981165 0.004481062 -0.004191594 -0.023476381 -0.004462267 0.999980092 0.004482451 -0.059959292 0.004211596 -0.004463663 0.999981165 3.906330824
0.999983668 0.003866554 -0.004219317 -0.024018496 -0.003853949 0.999988079 0.002991580 -0.061851051 0.004230835 -0.002975270 0.999986589 3.958485365
0.999984205 0.003482905 -0.004439615 -0.024413884 -0.003476715 0.999992967 0.001401376 -0.062281191 0.004444464 -0.001385918 0.999989152 4.007207394
0.999991775 0.000444578 -0.004036434 -0.024757847 -0.000432075 0.999995172 0.003098066 -0.063306928 0.004037792 -0.003096297 0.999987006 4.056887150
0.999994278 -0.000474746 -0.003328075 -0.025429126 0.000490179 0.999989092 0.004637935 -0.063866049 0.003325838 -0.004639539 0.999983728 4.106230736
0.999994278 -0.001846633 -0.002834862 -0.025522832 0.001860439 0.999986470 0.004875081 -0.064226568 0.002825821 -0.004880328 0.999984086 4.157238483
0.999996960 -0.002027846 -0.001458993 -0.026303034 0.002032629 0.999992549 0.003284807 -0.064712539 0.001452321 -0.003287762 0.999993563 4.206356525
0.999997854 -0.001856116 -0.000933287 -0.026629020 0.001857374 0.999997377 0.001349619 -0.065427072 0.000930779 -0.001351350 0.999998629 4.255543232
1.000000119 0.000031193 0.000036033 -0.026601437 -0.000031152 0.999999404 -0.001134391 -0.065977275 -0.000036068 0.001134389 0.999999285 4.306202412
0.999993026 0.003573373 0.001065223 -0.026330911 -0.003572250 0.999993026 -0.001054946 -0.066807836 -0.001068986 0.001051133 0.999998868 4.358106136
0.999983668 0.004814462 0.003056450 -0.027419066 -0.004818019 0.999987721 0.001157448 -0.067900449 -0.003050840 -0.001172155 0.999994636 4.404110432
0.999986649 0.004283797 0.002867898 -0.026378447 -0.004292860 0.999985814 0.003161617 -0.068345778 -0.002854313 -0.003173887 0.999990880 4.455636501
0.999989331 0.003257220 0.003236885 -0.026201885 -0.003269902 0.999986947 0.003920541 -0.069152273 -0.003224073 -0.003931084 0.999987006 4.506690025
0.999971211 0.005171370 0.005540030 -0.027111923 -0.005188696 0.999981642 0.003117590 -0.070016690 -0.005523806 -0.003146246 0.999979794 4.552243233
0.999948561 0.007690058 0.006612851 -0.027021004 -0.007706124 0.999967456 0.002407531 -0.070912831 -0.006594121 -0.002458367 0.999975204 4.602921963
0.999918401 0.009680096 0.008329274 -0.028059043 -0.009692905 0.999951839 0.001498796 -0.071005270 -0.008314366 -0.001579409 0.999964118 4.652362823
0.999905944 0.010237333 0.009126253 -0.026960406 -0.010248420 0.999946713 0.001168741 -0.072224393 -0.009113803 -0.001262161 0.999957681 4.699604511
0.999889016 0.010688910 0.010381829 -0.027595662 -0.010694780 0.999942601 0.000509968 -0.072746135 -0.010375782 -0.000620943 0.999945998 4.750069141
0.999876857 0.010376429 0.011765055 -0.027599320 -0.010377137 0.999946117 -0.000000849 -0.073327348 -0.011764430 -0.000121239 0.999930799 4.800508976
0.999869287 0.010298252 0.012462916 -0.026723493 -0.010316137 0.999945819 0.001371747 -0.074559852 -0.012448114 -0.001500137 0.999921381 4.847786427
0.999879658 0.008525924 0.012960946 -0.025276326 -0.008559291 0.999960124 0.002521222 -0.075807132 -0.012938934 -0.002631856 0.999912798 4.897081375
0.999879599 0.008131050 0.013213124 -0.025216170 -0.008167416 0.999962926 0.002700599 -0.076338314 -0.013190679 -0.002808191 0.999909043 4.947306633
0.999882519 0.006488735 0.013880481 -0.025703438 -0.006525145 0.999975502 0.002579481 -0.076683424 -0.013863405 -0.002669751 0.999900281 4.995949745
0.999892294 0.005534248 0.013590964 -0.025315650 -0.005573429 0.999980450 0.002846686 -0.077054076 -0.013574944 -0.002922128 0.999903560 5.046285152
0.999907136 0.003861603 0.013070405 -0.025446616 -0.003897377 0.999988735 0.002712695 -0.077651665 -0.013059783 -0.002763384 0.999910891 5.094276905
0.999922991 0.002543877 0.012157912 -0.024756633 -0.002576919 0.999993145 0.002702823 -0.078622729 -0.012150954 -0.002733945 0.999922395 5.144454479
0.999943256 0.000195956 0.010657831 -0.024258021 -0.000237167 0.999992549 0.003865587 -0.079491317 -0.010656994 -0.003867895 0.999935687 5.193289280
0.999957263 0.000027492 0.009253133 -0.023525279 -0.000055103 0.999995589 0.002983655 -0.079353578 -0.009253008 -0.002984037 0.999952734 5.245883465
0.999963462 -0.000738338 0.008514678 -0.023383219 0.000703302 0.999991298 0.004117100 -0.081445687 -0.008517644 -0.004110962 0.999955237 5.293007374
0.999974310 -0.001729571 0.006950411 -0.022935398 0.001699423 0.999989092 0.004341126 -0.082618937 -0.006957843 -0.004329203 0.999966383 5.342933655
0.999978900 -0.001732747 0.006250977 -0.023112379 0.001704747 0.999988556 0.004481850 -0.083794698 -0.006258671 -0.004471099 0.999970376 5.392294884
0.999980986 -0.003232469 0.005244496 -0.022577412 0.003227236 0.999994218 0.001005664 -0.083611153 -0.005247716 -0.000988719 0.999985754 5.441026688
0.999956131 -0.008349459 0.004254081 -0.022789871 0.008349341 0.999965072 0.000045427 -0.083810121 -0.004254313 -0.000009906 0.999990940 5.491552830
0.999864519 -0.016115822 0.003371585 -0.023021575 0.016107477 0.999867141 0.002487798 -0.084919803 -0.003411230 -0.002433153 0.999991298 5.542811394
0.999742389 -0.022639448 0.001599620 -0.021582456 0.022632761 0.999735475 0.004082983 -0.085543215 -0.001691633 -0.004045727 0.999990404 5.589766979
0.999644697 -0.026649611 0.000543989 -0.021152874 0.026649194 0.999644578 0.000762012 -0.086030632 -0.000564103 -0.000747245 0.999999642 5.638508797
0.999656439 -0.026210781 0.000130324 -0.020232035 0.026211012 0.999653935 -0.002260682 -0.087436773 -0.000071025 0.002263320 0.999997497 5.690123081
0.999758959 -0.021869736 0.001936655 -0.021665312 0.021878693 0.999749422 -0.004731578 -0.087936305 -0.001832691 0.004772808 0.999986887 5.738255024
0.999735296 -0.022846563 0.002743463 -0.022125171 0.022858590 0.999728918 -0.004435050 -0.089351743 -0.002641394 0.004496587 0.999986410 5.788215637
0.999662638 -0.025696499 0.003772825 -0.021839850 0.025699398 0.999669492 -0.000721017 -0.090300731 -0.003753051 0.000817733 0.999992609 5.837490082
0.999521613 -0.030692302 0.003807045 -0.021399092 0.030686773 0.999527931 0.001502863 -0.090979151 -0.003851375 -0.001385318 0.999991596 5.887381554
0.999453068 -0.032874264 0.003564932 -0.020471429 0.032866392 0.999457240 0.002244586 -0.091300145 -0.003636786 -0.002126192 0.999991179 5.938020706
0.999385834 -0.034825999 0.003868904 -0.020268235 0.034816984 0.999390900 0.002374186 -0.092048302 -0.003949230 -0.002238024 0.999989688 5.987516880
0.999420106 -0.033751961 0.004499052 -0.020550493 0.033736646 0.999424875 0.003437210 -0.093233779 -0.004612477 -0.003283434 0.999983966 6.037900448
0.999553084 -0.029421654 0.005291614 -0.019673921 0.029410511 0.999565065 0.002170967 -0.093768239 -0.005353186 -0.002014368 0.999983668 6.088732719
0.999610245 -0.027097164 0.006712274 -0.021146536 0.027093695 0.999632716 0.000607035 -0.094697326 -0.006726257 -0.000424938 0.999977291 6.137700558
0.999706864 -0.023057476 0.007381578 -0.020962797 0.023063740 0.999733806 -0.000765397 -0.095668010 -0.007361965 0.000935420 0.999972463 6.190931797
0.999739766 -0.021360746 0.008010281 -0.021310627 0.021354677 0.999771595 0.000842435 -0.096360393 -0.008026447 -0.000671159 0.999967575 6.238361835
0.999747813 -0.021075213 0.007756645 -0.021888666 0.021069497 0.999777675 0.000818570 -0.097040430 -0.007772171 -0.000654935 0.999969602 6.288791656
0.999824882 -0.017458005 0.006754087 -0.021175191 0.017467858 0.999846399 -0.001402468 -0.098911345 -0.006728566 0.001520202 0.999976277 6.340612888
0.999877691 -0.014236312 0.006479846 -0.020764843 0.014265677 0.999888062 -0.004508167 -0.099367663 -0.006414942 0.004600054 0.999968827 6.390174866
0.999936819 -0.009421464 0.006135616 -0.020498075 0.009456381 0.999939144 -0.005686791 -0.100678146 -0.006081664 0.005744452 0.999965012 6.441130638
0.999967992 -0.005062358 0.006212631 -0.020087801 0.005088386 0.999978304 -0.004180812 -0.101991847 -0.006191332 0.004212289 0.999971986 6.491167068
0.999974966 -0.001273229 0.006962210 -0.020901415 0.001290889 0.999995947 -0.002532665 -0.103089944 -0.006958958 0.002541589 0.999972582 6.543663502
0.999981165 -0.000343972 0.006128617 -0.019528780 0.000345811 0.999999821 -0.000298887 -0.104163677 -0.006128514 0.000301001 0.999981165 6.596505642
0.999979258 -0.003267236 0.005546230 -0.019117836 0.003267650 0.999994636 -0.000065397 -0.103679843 -0.005545986 0.000083519 0.999984622 6.647423744
0.999971032 -0.006300233 0.004251731 -0.020076036 0.006298867 0.999980092 0.000334357 -0.104973100 -0.004253753 -0.000307566 0.999990880 6.698296547
0.999970555 -0.007409649 0.002001041 -0.019725703 0.007416943 0.999965727 -0.003662999 -0.105865523 -0.001973831 0.003677733 0.999991298 6.748568058
0.999987602 -0.004838605 0.001156096 -0.020001356 0.004847539 0.999957442 -0.007854134 -0.107520431 -0.001118044 0.007859642 0.999968529 6.798008442
0.999999881 -0.000046943 0.000438307 -0.020914869 0.000050627 0.999964654 -0.008408788 -0.108626351 -0.000437897 0.008408811 0.999964535 6.851540089
0.999991119 0.004145084 0.000668129 -0.021372806 -0.004139783 0.999961436 -0.007748265 -0.109774292 -0.000700220 0.007745431 0.999969721 6.903172970
0.999977112 0.006727016 0.000641907 -0.021738023 -0.006724342 0.999969065 -0.004080968 -0.111583389 -0.000669340 0.004076560 0.999991477 6.955745220
0.999984443 0.005509668 0.000861110 -0.022271503 -0.005507695 0.999982238 -0.002276124 -0.111493193 -0.000873636 0.002271345 0.999997020 7.007851601
0.999994099 0.003400495 0.000216778 -0.022024758 -0.003400367 0.999994040 -0.000585818 -0.112912565 -0.000218769 0.000585078 0.999999762 7.060591698
0.999996841 0.002385177 0.000792223 -0.023202298 -0.002384455 0.999996781 -0.000909580 -0.112360664 -0.000794390 0.000907688 0.999999225 7.113295555
0.999999344 0.000473246 0.001018530 -0.022574723 -0.000472983 0.999999881 -0.000258379 -0.114122890 -0.001018653 0.000257897 0.999999464 7.165104866
0.999997139 -0.002098104 0.001145580 -0.022344708 0.002098292 0.999997795 -0.000162766 -0.115157403 -0.001145236 0.000165169 0.999999344 7.216011047
0.999987185 -0.004734188 0.001764357 -0.023082986 0.004732994 0.999988556 0.000679968 -0.116038233 -0.001767557 -0.000671609 0.999998212 7.269187450
0.999960840 -0.008550685 0.002281114 -0.023068858 0.008547311 0.999962449 0.001484943 -0.115830138 -0.002293725 -0.001465387 0.999996305 7.323679924
0.999926269 -0.011957131 0.002125249 -0.022182958 0.011952604 0.999926269 0.002129183 -0.117816523 -0.002150552 -0.002103624 0.999995470 7.375687122
0.999939203 -0.010566652 0.003154145 -0.023545522 0.010572054 0.999942601 -0.001701382 -0.118829399 -0.003135987 0.001734624 0.999993563 7.426923275
0.999991655 -0.002854568 0.002922631 -0.023798104 0.002876494 0.999967456 -0.007525496 -0.119153872 -0.002901054 0.007533841 0.999967396 7.481022358
0.999972641 0.006141612 0.004123077 -0.023475040 -0.006112050 0.999955714 -0.007144867 -0.120684512 -0.004166775 0.007119469 0.999965966 7.533906937
0.999911785 0.012262628 0.005095043 -0.023884445 -0.012244876 0.999918878 -0.003501207 -0.121475533 -0.005137564 0.003438510 0.999980927 7.587770939
0.999865592 0.015248634 0.006015989 -0.024528403 -0.015241282 0.999882996 -0.001265861 -0.122952014 -0.006034588 0.001174000 0.999981165 7.642640591
0.999893546 0.013415316 0.005726171 -0.024170827 -0.013409504 0.999909461 -0.001052297 -0.123460501 -0.005739769 0.000975400 0.999983072 7.694521427
0.999936759 0.010294722 0.004512264 -0.024209615 -0.010289841 0.999946415 -0.001103636 -0.124472894 -0.004523383 0.001057136 0.999989271 7.748977661
0.999959767 0.008263001 0.003488948 -0.023514854 -0.008257563 0.999964654 -0.001570947 -0.125393778 -0.003501805 0.001542074 0.999992669 7.803879738
0.999955058 0.008936617 0.003142103 -0.023932567 -0.008929336 0.999957383 -0.002323868 -0.126156092 -0.003162737 0.002295706 0.999992311 7.854815006
0.999952674 0.009427836 0.002383718 -0.024042239 -0.009423328 0.999953747 -0.001895596 -0.127170086 -0.002401479 0.001873043 0.999995351 7.908995152
0.999924958 0.011903072 0.002878174 -0.024757633 -0.011898184 0.999927759 -0.001708842 -0.127489612 -0.002898306 0.001674469 0.999994397 7.963429451
0.999937117 0.010908421 0.002605141 -0.024514865 -0.010903960 0.999939084 -0.001720370 -0.129124448 -0.002623749 0.001691856 0.999995112 8.016339302
0.999946475 0.010099642 0.002225351 -0.024664681 -0.010094429 0.999946296 -0.002341162 -0.130637601 -0.002248876 0.002318573 0.999994755 8.071524620
0.999940217 0.010669199 0.002417309 -0.025061054 -0.010661564 0.999938190 -0.003149955 -0.131273285 -0.002450768 0.003123994 0.999992073 8.125068665
0.999946833 0.010198822 0.001487492 -0.024827361 -0.010193747 0.999942303 -0.003380073 -0.132068336 -0.001521879 0.003364731 0.999993145 8.179772377
0.999950171 0.009939970 0.000929457 -0.024916515 -0.009936645 0.999944389 -0.003516042 -0.132801309 -0.000964355 0.003506631 0.999993384 8.235231400
0.999942601 0.010642767 0.001292501 -0.025910217 -0.010637606 0.999935567 -0.003936061 -0.134270906 -0.001334309 0.003922085 0.999991417 8.289609909
0.999938548 0.011085275 0.000253727 -0.025411524 -0.011084217 0.999931097 -0.003845878 -0.135495931 -0.000296342 0.003842829 0.999992549 8.343708992
0.999947608 0.010221784 -0.000612436 -0.024802981 -0.010224093 0.999940157 -0.003892946 -0.136629954 0.000572607 0.003899003 0.999992192 8.399394989
0.999936461 0.011268071 -0.000263368 -0.025954964 -0.011268959 0.999929786 -0.003656874 -0.137999520 0.000222143 0.003659609 0.999993265 8.455041885
0.999959290 0.008989382 -0.000745036 -0.025912687 -0.008992225 0.999951899 -0.003903429 -0.138579398 0.000709910 0.003909970 0.999992073 8.508501053
0.999961197 0.008754505 -0.000923119 -0.026199214 -0.008758518 0.999951780 -0.004435695 -0.139511526 0.000884242 0.004443608 0.999989748 8.564197540
0.999972939 0.007328342 -0.000582996 -0.026617769 -0.007330747 0.999964118 -0.004235622 -0.140754968 0.000551935 0.004239780 0.999990821 8.619233131
0.999986529 0.005162073 -0.000487017 -0.026894538 -0.005163680 0.999981046 -0.003355007 -0.141505778 0.000469689 0.003357477 0.999994278 8.674407959
0.999981821 0.006016699 -0.000411534 -0.027006492 -0.006018068 0.999976039 -0.003407781 -0.142649740 0.000391021 0.003410195 0.999994159 8.730199814
0.999988317 0.004791538 -0.000578708 -0.027672736 -0.004793357 0.999983430 -0.003181959 -0.143776208 0.000563452 0.003184696 0.999994695 8.784620285
0.999983847 0.005651253 -0.000628306 -0.027366240 -0.005653358 0.999978185 -0.003399219 -0.145369381 0.000609083 0.003402715 0.999993980 8.839603424
0.999977231 0.006739539 0.000131717 -0.027975077 -0.006739033 0.999971032 -0.003516336 -0.145382404 -0.000155412 0.003515369 0.999993801 8.895658493
0.999975562 0.006980142 0.000345717 -0.028247895 -0.006979650 0.999974668 -0.001398537 -0.146568507 -0.000355471 0.001396091 0.999998987 8.951252937
0.999981225 0.006053579 0.000912147 -0.028258460 -0.006053026 0.999981523 -0.000607051 -0.147900507 -0.000915805 0.000601519 0.999999464 9.006431580
0.999977946 0.006607168 0.000599605 -0.027397364 -0.006605659 0.999975145 -0.002484948 -0.148781970 -0.000616009 0.002480933 0.999996781 9.062225342
0.999973297 0.007007309 0.002085844 -0.029222216 -0.006999187 0.999967933 -0.003875836 -0.149803549 -0.002112936 0.003861134 0.999990284 9.118278503
0.999970198 0.007171122 0.002856005 -0.029536063 -0.007163167 0.999970376 -0.002785973 -0.151081577 -0.002875899 0.002765432 0.999992013 9.174826622
0.999973118 0.007032105 0.002088941 -0.029507540 -0.007027491 0.999972880 -0.002208267 -0.151964381 -0.002104413 0.002193527 0.999995351 9.229700089
0.999968886 0.007452468 0.002594019 -0.030375384 -0.007446089 0.999969244 -0.002460223 -0.152789056 -0.002612273 0.002440831 0.999993622 9.286121368
0.999966204 0.008061777 0.001598521 -0.029811192 -0.008059118 0.999966085 -0.001662648 -0.154539436 -0.001611871 0.001649709 0.999997258 9.342412949
0.999957323 0.009071135 0.001747567 -0.029945686 -0.009068402 0.999957681 -0.001565450 -0.155198306 -0.001761693 0.001549536 0.999997199 9.396668434
0.999948263 0.009874369 0.002469212 -0.031062504 -0.009870191 0.999949872 -0.001698682 -0.156053528 -0.002485862 0.001674223 0.999995470 9.451350212
0.999939680 0.010818290 0.001895922 -0.030165518 -0.010815156 0.999940157 -0.001655772 -0.157031924 -0.001913721 0.001635167 0.999996841 9.509243011
0.999955535 0.009079118 0.002547493 -0.031444520 -0.009075508 0.999957800 -0.001425336 -0.158077180 -0.002560326 0.001402153 0.999995768 9.564629555
0.999973536 0.007034591 0.001849224 -0.031013427 -0.007034294 0.999975264 -0.000165722 -0.159394085 -0.001850344 0.000152710 0.999998331 9.621388435
0.999986351 0.004758405 0.002170634 -0.031399857 -0.004757796 0.999988616 -0.000285036 -0.159803882 -0.002171966 0.000274705 0.999997616 9.678332329
0.999993682 0.002518298 0.002496516 -0.032130107 -0.002517376 0.999996722 -0.000372194 -0.161133111 -0.002497445 0.000365907 0.999996841 9.734065056
0.999993563 0.002126528 0.002907564 -0.032477584 -0.002121605 0.999996364 -0.001695014 -0.162026614 -0.002911158 0.001688835 0.999994397 9.789698601
0.999997318 -0.000513685 0.002268009 -0.031920694 0.000513457 0.999999881 0.000100853 -0.162716642 -0.002268060 -0.000099688 0.999997437 9.846433640
0.999988973 -0.003987659 0.002505595 -0.031883664 0.003982477 0.999989986 0.002069597 -0.163087726 -0.002513823 -0.002059595 0.999994755 9.902218819
0.999983966 -0.004046223 0.003982993 -0.032674946 0.004044037 0.999991715 0.000556841 -0.163609654 -0.003985213 -0.000540724 0.999991953 9.957574844
0.999989390 -0.003214141 0.003303740 -0.031600550 0.003213716 0.999994934 0.000133554 -0.165128529 -0.003304153 -0.000122935 0.999994516 10.013245583
0.999987125 -0.002494733 0.004421347 -0.031583138 0.002495375 0.999996901 -0.000139672 -0.166103810 -0.004420984 0.000150703 0.999990284 10.069017410
0.999988854 0.000276012 0.004710191 -0.030971937 -0.000274357 0.999999881 -0.000352141 -0.167075723 -0.004710287 0.000350845 0.999988854 10.126703262
0.999984086 0.000111799 0.005645847 -0.031559274 -0.000110125 0.999999940 -0.000296824 -0.167953953 -0.005645879 0.000296198 0.999984026 10.180569649
0.999967098 0.003916191 0.007113564 -0.031819008 -0.003908508 0.999991775 -0.001093656 -0.168833733 -0.007117787 0.001065817 0.999974132 10.235735893
0.999966145 0.004014045 0.007188232 -0.030996986 -0.004008806 0.999991715 -0.000743169 -0.169982895 -0.007191154 0.000714328 0.999973893 10.291380882
0.999961495 0.001892099 0.008566312 -0.031471595 -0.001876309 0.999996483 -0.001850918 -0.170145407 -0.008569785 0.001834775 0.999961555 10.347886086
0.999944687 0.003129125 0.010038552 -0.031880446 -0.003101571 0.999991417 -0.002759234 -0.171398625 -0.010047100 0.002727946 0.999945819 10.403730392
0.999945939 0.000285681 0.010393593 -0.031225771 -0.000261428 0.999997258 -0.002334747 -0.171777010 -0.010394230 0.002331904 0.999943256 10.460589409
0.999933600 0.001152328 0.011464572 -0.030783631 -0.001142248 0.999999046 -0.000885736 -0.173796713 -0.011465579 0.000872582 0.999933839 10.515849113
0.999937356 0.001036039 0.011143898 -0.028320543 -0.001025556 0.999998987 -0.000946364 -0.174754024 -0.011144867 0.000934876 0.999937475 10.567939758
0.999932468 -0.000319935 0.011613461 -0.029890984 0.000360412 0.999993801 -0.003483375 -0.175643593 -0.011612276 0.003487326 0.999926507 10.626768112
0.999937832 -0.001287895 0.011073346 -0.028776914 0.001345437 0.999985635 -0.005190569 -0.177008212 -0.011066504 0.005205145 0.999925196 10.684072495
0.999949276 -0.000952626 0.010021330 -0.028520152 0.000999780 0.999988496 -0.004701382 -0.178112417 -0.010016734 0.004711163 0.999938726 10.740641594
0.999958634 -0.003259459 0.008484860 -0.027835481 0.003307132 0.999978781 -0.005610579 -0.179041460 -0.008466392 0.005638408 0.999948263 10.797275543
0.999961436 -0.001971194 0.008558770 -0.027706347 0.002022556 0.999979973 -0.005996611 -0.180401891 -0.008546780 0.006013691 0.999945402 10.852252960
0.999969602 -0.001923667 0.007561903 -0.027674600 0.001971197 0.999978304 -0.006283017 -0.181236714 -0.007549655 0.006297732 0.999951661 10.908365250
0.999975622 -0.001379660 0.006833224 -0.027042285 0.001417311 0.999983847 -0.005508364 -0.182731166 -0.006825512 0.005517915 0.999961436 10.963136673
0.999980032 -0.001894931 0.006028648 -0.027288049 0.001932233 0.999978960 -0.006187735 -0.183487847 -0.006016796 0.006199260 0.999962628 11.017598152
0.999983609 -0.002310669 0.005224048 -0.027685367 0.002331704 0.999989212 -0.004024182 -0.185553789 -0.005214694 0.004036298 0.999978244 11.073557854
0.999987781 -0.000235887 0.004934265 -0.028139226 0.000250532 0.999995589 -0.002967692 -0.186184257 -0.004933544 0.002968893 0.999983430 11.129639626
0.999983311 -0.000049078 0.005786971 -0.028656423 0.000062729 0.999997199 -0.002358784 -0.188114613 -0.005786840 0.002359108 0.999980450 11.185405731
0.999976754 0.000427945 0.006806902 -0.028900355 -0.000410593 0.999996662 -0.002550348 -0.188542828 -0.006807973 0.002547493 0.999973595 11.242775917
0.999978304 -0.000890495 0.006517866 -0.027535938 0.000911632 0.999994338 -0.003240686 -0.188053817 -0.006514942 0.003246558 0.999973536 11.297901154
0.999965727 -0.003027832 0.007698831 -0.029063836 0.003056861 0.999988258 -0.003761567 -0.190514952 -0.007687351 0.003784972 0.999963284 11.356485367
0.999955773 -0.004394748 0.008318527 -0.029249765 0.004443045 0.999973297 -0.005796351 -0.191245705 -0.008292831 0.005833055 0.999948621 11.412731171
0.999957502 -0.004433837 0.008080370 -0.028380096 0.004489882 0.999966025 -0.006931111 -0.192468911 -0.008049362 0.006967097 0.999943316 11.472103119
0.999977112 -0.003663172 0.005676526 -0.028442040 0.003705258 0.999965668 -0.007421513 -0.194207609 -0.005649143 0.007442377 0.999956369 11.530224800
0.999988973 -0.002716389 0.003869107 -0.028164241 0.002743832 0.999970973 -0.007105292 -0.195170879 -0.003849695 0.007115830 0.999967277 11.587757111
0.999993742 -0.001729534 0.003093945 -0.027612962 0.001741178 0.999991298 -0.003764561 -0.196374595 -0.003087407 0.003769924 0.999988198 11.644673347
0.999987721 -0.002942125 0.003990820 -0.028178584 0.002946197 0.999995172 -0.001014821 -0.197352916 -0.003987815 0.001026566 0.999991536 11.704664230
0.999986649 -0.003744918 0.003564386 -0.028008383 0.003745798 0.999992907 -0.000240053 -0.198426321 -0.003563461 0.000253401 0.999993682 11.763429642
0.999979496 -0.004746471 0.004278017 -0.027951580 0.004752577 0.999987721 -0.001418109 -0.199353397 -0.004271233 0.001438412 0.999989867 11.821546555
0.999973178 -0.005618630 0.004692303 -0.027798004 0.005623432 0.999983728 -0.001010859 -0.200727046 -0.004686547 0.001037219 0.999988496 11.880278587
0.999970376 -0.006209284 0.004544556 -0.027458731 0.006213042 0.999980390 -0.000813370 -0.201623872 -0.004539417 0.000841581 0.999989331 11.938513756
0.999970198 -0.006072210 0.004749151 -0.026858028 0.006076808 0.999981046 -0.000954373 -0.202914804 -0.004743266 0.000983204 0.999988258 11.997855186
0.999975801 -0.003746689 0.005850669 -0.027432591 0.003758905 0.999990761 -0.002078255 -0.204043239 -0.005842830 0.002100198 0.999980748 12.055427551
0.999975324 -0.002340267 0.006624095 -0.027864970 0.002360794 0.999992430 -0.003092464 -0.204940543 -0.006616808 0.003108026 0.999973297 12.114085197
0.999965250 -0.004279537 0.007147869 -0.026942253 0.004283458 0.999990642 -0.000533218 -0.206467390 -0.007145521 0.000563818 0.999974251 12.171844482
0.999958098 -0.005398967 0.007392570 -0.027319461 0.005394922 0.999985278 0.000567159 -0.207981616 -0.007395523 -0.000527253 0.999972463 12.229051590
0.999957919 -0.005812972 0.007095185 -0.026428089 0.005822134 0.999982238 -0.001271303 -0.208610997 -0.007087669 0.001312559 0.999974012 12.288219452
0.999963403 -0.004987552 0.006952233 -0.026171841 0.004993760 0.999987125 -0.000875888 -0.209665284 -0.006947776 0.000910573 0.999975383 12.346740723
0.999971211 -0.003399132 0.006772680 -0.025907293 0.003421315 0.999988735 -0.003266482 -0.210420787 -0.006761500 0.003289560 0.999971747 12.403563499
0.999981105 -0.001183960 0.006027389 -0.026002817 0.001220405 0.999980986 -0.006046398 -0.212005556 -0.006020117 0.006053639 0.999963582 12.460770607
0.999984860 0.000865650 0.005437454 -0.025884546 -0.000831565 0.999980032 -0.006267751 -0.212817043 -0.005442771 0.006263134 0.999965549 12.518546104
0.999989808 0.000504258 0.004473781 -0.026021194 -0.000496150 0.999998212 -0.001813398 -0.214783072 -0.004474688 0.001811161 0.999988377 12.575206757
0.999993920 0.000962674 0.003331624 -0.026038423 -0.000969420 0.999997437 0.002023818 -0.216346532 -0.003329667 -0.002027036 0.999992430 12.632981300
0.999995410 0.002340384 0.001936705 -0.025997214 -0.002339566 0.999997139 -0.000424433 -0.216792345 -0.001937692 0.000419899 0.999997973 12.691220284
0.999997675 0.002002140 0.000800307 -0.026931353 -0.002000390 0.999995589 -0.002181194 -0.217718765 -0.000804671 0.002179588 0.999997258 12.747498512
0.999998450 0.000180524 -0.001701906 -0.026458129 -0.000181577 0.999999821 -0.000618466 -0.219013482 0.001701794 0.000618774 0.999998331 12.804720879
0.999996185 -0.001305517 -0.002437526 -0.026698856 0.001306411 0.999999166 0.000365455 -0.220550403 0.002437047 -0.000368637 0.999996960 12.861783981
0.999995232 -0.001126969 -0.002881429 -0.027137779 0.001124806 0.999999106 -0.000752297 -0.221221760 0.002882275 0.000749053 0.999995589 12.918536186
0.999991715 -0.002301392 -0.003356394 -0.027642384 0.002295511 0.999995887 -0.001754862 -0.221884876 0.003360419 0.001747143 0.999992788 12.977101326
0.999991119 -0.002254325 -0.003564693 -0.028008340 0.002246786 0.999995232 -0.002117721 -0.223053962 0.003569449 0.002109693 0.999991417 13.032969475
0.999987423 -0.003483473 -0.003633047 -0.028479423 0.003474843 0.999991238 -0.002378835 -0.224052593 0.003641301 0.002366181 0.999990582 13.089445114
0.999987483 -0.003500605 -0.003572735 -0.028830264 0.003490744 0.999990225 -0.002762614 -0.225299835 0.003582371 0.002750108 0.999989748 13.147148132
0.999991536 -0.002894436 -0.002920605 -0.029852457 0.002883653 0.999989092 -0.003689753 -0.226496026 0.002931254 0.003681300 0.999988914 13.204436302
0.999986231 -0.003961640 -0.003448612 -0.029758010 0.003949432 0.999985933 -0.003539870 -0.227383256 0.003462586 0.003526202 0.999987781 13.260763168
0.999985874 -0.003858232 -0.003648331 -0.029866088 0.003842731 0.999983668 -0.004246275 -0.228813142 0.003664655 0.004232196 0.999984324 13.318098068
0.999978960 -0.005325532 -0.003689514 -0.030328110 0.005305773 0.999971569 -0.005344496 -0.230211526 0.003717873 0.005324807 0.999978900 13.374410629
0.999970257 -0.006773708 -0.003664457 -0.030860338 0.006759870 0.999970019 -0.003775675 -0.231101543 0.003689923 0.003750791 0.999986112 13.432746887
0.999957085 -0.008490269 -0.003698903 -0.030902091 0.008480364 0.999960423 -0.002684956 -0.232420206 0.003721552 0.002653473 0.999989569 13.487584114
0.999953628 -0.009032075 -0.003352537 -0.031750418 0.009021223 0.999954045 -0.003238127 -0.233746648 0.003381629 0.003207733 0.999989152 13.543948174
0.999964952 -0.007697954 -0.003288798 -0.032003123 0.007684110 0.999961674 -0.004201371 -0.234663948 0.003321015 0.004175954 0.999985695 13.600385666
0.999977827 -0.006312872 -0.002094242 -0.033457585 0.006305387 0.999973834 -0.003561025 -0.235816553 0.002116667 0.003547742 0.999991417 13.656486511
0.999981463 -0.005583086 -0.002438334 -0.033386536 0.005577224 0.999981582 -0.002404137 -0.236872315 0.002451711 0.002390493 0.999994159 13.713232040
0.999976277 -0.006504462 -0.002283949 -0.033927936 0.006498113 0.999975085 -0.002776062 -0.237775892 0.002301950 0.002761155 0.999993503 13.770406723
0.999977529 -0.006284701 -0.002331283 -0.033850085 0.006277233 0.999975204 -0.003197054 -0.239300713 0.002351318 0.003182348 0.999992192 13.827772141
0.999977291 -0.006380389 -0.002163112 -0.034367606 0.006372593 0.999973297 -0.003591853 -0.240123227 0.002185971 0.003577987 0.999991179 13.885458946
0.999980927 -0.005694333 -0.002437740 -0.034307182 0.005685927 0.999977887 -0.003441433 -0.241681755 0.002457283 0.003427506 0.999991119 13.942483902
0.999990344 -0.004083483 -0.001661880 -0.035376456 0.004078081 0.999986410 -0.003241030 -0.242978081 0.001675092 0.003234220 0.999993384 14.000526428
0.999990523 -0.003836129 -0.002058330 -0.035166867 0.003830066 0.999988317 -0.002941330 -0.243537769 0.002069589 0.002933419 0.999993563 14.057363510
0.999997377 -0.001579126 -0.001678524 -0.035470385 0.001571897 0.999989450 -0.004299198 -0.244700342 0.001685295 0.004296548 0.999989390 14.115002632
0.999999583 -0.000150030 -0.000813426 -0.036029153 0.000146143 0.999988675 -0.004776504 -0.246105105 0.000814134 0.004776385 0.999988198 14.172042847
0.999998391 -0.000253168 -0.001733274 -0.035696328 0.000244942 0.999988735 -0.004744458 -0.247173935 0.001734455 0.004744027 0.999987245 14.229832649
0.999999225 0.001220884 -0.000234190 -0.036458209 -0.001221719 0.999992788 -0.003600346 -0.248532251 0.000229793 0.003600630 0.999993503 14.285850525
