0.999999881 -0.000433391 -0.000250189 -0.000173492 0.000433776 0.999998748 0.001539240 -0.000504194 0.000249521 -0.001539348 0.999998808 0.034672353
0.999998331 -0.001735997 -0.000557027 -0.000336900 0.001736915 0.999997139 0.001651866 -0.001061778 0.000554158 -0.001652831 0.999998510 0.069058783
0.999994695 -0.003175634 -0.000704159 -0.000381732 0.003176023 0.999994934 0.000552974 -0.001446123 0.000702399 -0.000555207 0.999999583 0.103586510
0.999993145 -0.003666702 -0.000515669 -0.000563460 0.003667062 0.999993026 0.000699245 -0.002044819 0.000513102 -0.000701131 0.999999642 0.138063461
0.999990940 -0.004183835 -0.000815721 -0.000493507 0.004184971 0.999990225 0.001395086 -0.002464251 0.000809877 -0.001398487 0.999998689 0.173224464
0.999984086 -0.005627511 -0.000390169 -0.000802160 0.005628565 0.999980450 0.002761666 -0.003039100 0.000374621 -0.002763818 0.999996126 0.207792625
0.999987245 -0.005011646 -0.000469919 -0.000989058 0.005013122 0.999982357 0.003193946 -0.003524229 0.000453904 -0.003196261 0.999994755 0.242854252
0.999989629 -0.004449008 -0.000898145 -0.001172959 0.004450051 0.999989510 0.001162375 -0.004006878 0.000892965 -0.001166360 0.999998868 0.278162271
0.999997973 -0.001627205 -0.001194865 -0.001321733 0.001626238 0.999998271 -0.000809690 -0.004576573 0.001196180 0.000807745 0.999998927 0.312879860
0.999998152 0.001780023 -0.000739377 -0.001933217 -0.001781459 0.999996483 -0.001945044 -0.005052896 0.000735912 0.001946357 0.999997854 0.348210871
0.999990284 0.004340238 -0.000676854 -0.002200858 -0.004341442 0.999988973 -0.001786795 -0.005801437 0.000669091 0.001789716 0.999998152 0.383186787
0.999986291 0.005217984 -0.000409399 -0.002831319 -0.005218303 0.999986053 -0.000783757 -0.006468257 0.000405304 0.000785883 0.999999583 0.418463528
0.999996603 0.002576701 -0.000395308 -0.002422501 -0.002575768 0.999993920 0.002345147 -0.007139030 0.000401348 -0.002344121 0.999997199 0.454048961
0.999999166 -0.000752303 -0.000989974 -0.002132120 0.000755646 0.999993980 0.003381358 -0.007387061 0.000987425 -0.003382103 0.999993801 0.490572900
0.999992609 -0.003857338 -0.000447250 -0.002565193 0.003858078 0.999991298 0.001665813 -0.008025093 0.000440821 -0.001667527 0.999998510 0.524895251
0.999987364 -0.005036601 -0.000250587 -0.002871159 0.005036544 0.999987364 -0.000226444 -0.008566853 0.000251724 0.000225179 0.999999940 0.560789287
0.999996483 -0.002612926 0.000176255 -0.002975520 0.002613267 0.999994636 -0.001966991 -0.009225889 -0.000171114 0.001967445 0.999997973 0.596138239
0.999999881 -0.000002513 0.000123405 -0.002842928 0.000002488 0.999999881 0.000197953 -0.009908247 -0.000123406 -0.000197952 0.999999940 0.632987261
0.999999106 0.000234395 0.001320119 -0.003366057 -0.000239256 0.999993205 0.003683145 -0.010308198 -0.001319247 -0.003683458 0.999992371 0.668243945
0.999996960 -0.001594367 0.001870096 -0.003422918 0.001584074 0.999983668 0.005492912 -0.010697663 -0.001878823 -0.005489933 0.999983191 0.704753935
0.999976993 -0.006613282 0.001524633 -0.003520745 0.006607620 0.999971330 0.003689718 -0.011113678 -0.001548990 -0.003679559 0.999992013 0.740226269
0.999970078 -0.007662807 0.001029075 -0.003425371 0.007661162 0.999969423 0.001593059 -0.011581826 -0.001041251 -0.001585128 0.999998152 0.777235568
0.999970019 -0.007429149 0.002195628 -0.003756064 0.007431050 0.999971986 -0.000859388 -0.012119182 -0.002189182 0.000875678 0.999997199 0.812150776
0.999989331 -0.003649822 0.002863258 -0.003879164 0.003654368 0.999992132 -0.001583751 -0.012802747 -0.002857455 0.001594197 0.999994636 0.848684549
0.999991179 -0.002974609 0.002957435 -0.003683637 0.002985982 0.999988139 -0.003848653 -0.013490509 -0.002945952 0.003857450 0.999988139 0.884876013
0.999991179 -0.001608455 0.003881603 -0.004426733 0.001622451 0.999992192 -0.003605178 -0.013652612 -0.003875774 0.003611444 0.999985933 0.921020567
0.999994218 -0.001840014 0.002853868 -0.003923789 0.001845983 0.999996126 -0.002090378 -0.014736166 -0.002850011 0.002095635 0.999993742 0.957716465
0.999996781 -0.000268022 0.002537147 -0.004281995 0.000269938 0.999999762 -0.000755144 -0.015352285 -0.002536945 0.000755827 0.999996483 0.994567394
0.999992907 0.002870046 0.002453759 -0.004472311 -0.002868767 0.999995768 -0.000524888 -0.015929079 -0.002455255 0.000517845 0.999996781 1.031277180
0.999985397 0.004669581 0.002692033 -0.004288914 -0.004668293 0.999989092 -0.000484467 -0.016626701 -0.002694266 0.000471892 0.999996245 1.068355918
0.999970496 0.007168785 0.002733890 -0.004723081 -0.007167925 0.999974251 -0.000324032 -0.017106092 -0.002736142 0.000304426 0.999996185 1.105432034
0.999969363 0.007659230 0.001555417 -0.004388251 -0.007658489 0.999970615 -0.000482084 -0.017730692 -0.001559063 0.000470157 0.999998689 1.142851353
0.999976397 0.006609639 0.001848368 -0.004694669 -0.006609864 0.999978065 0.000114506 -0.018603187 -0.001847571 -0.000126721 0.999998271 1.179278374
0.999986053 0.005211017 0.000817542 -0.004545629 -0.005210830 0.999986351 -0.000230661 -0.019027065 -0.000818733 0.000226398 0.999999702 1.215862274
0.999986708 0.005140164 0.000236158 -0.004937991 -0.005140171 0.999986768 0.000028633 -0.019819176 -0.000236008 -0.000029846 1.000000000 1.253631711
0.999984026 0.005527446 -0.001195674 -0.004917923 -0.005526709 0.999984562 0.000618314 -0.020104399 0.001199073 -0.000611696 0.999999106 1.290834665
0.999980986 0.005500765 -0.002797292 -0.004696039 -0.005499377 0.999984741 0.000503141 -0.021113010 0.002800017 -0.000487749 0.999995947 1.329363108
0.999978483 0.006079573 -0.002461487 -0.006204991 -0.006076956 0.999980927 0.001069061 -0.021470252 0.002467939 -0.001054080 0.999996364 1.365534067
0.999975204 0.005838505 -0.003942034 -0.006285433 -0.005829367 0.999980330 0.002325508 -0.022421360 0.003955534 -0.002302471 0.999989510 1.403138518
0.999974370 0.004745228 -0.005353824 -0.005867206 -0.004729797 0.999984622 0.002891120 -0.022921307 0.005367462 -0.002865723 0.999981523 1.441148639
0.999984443 0.002846877 -0.004795154 -0.007347962 -0.002833449 0.999992013 0.002804775 -0.023138134 0.004803101 -0.002791144 0.999984503 1.477487087
0.999983013 0.000080005 -0.005836399 -0.007448713 -0.000070795 0.999998808 0.001578194 -0.023378864 0.005836518 -0.001577755 0.999981701 1.515321970
0.999986470 -0.000436207 -0.005186063 -0.008491204 0.000448429 0.999997139 0.002355822 -0.023931839 0.005185020 -0.002358115 0.999983788 1.551574349
0.999981523 -0.003047902 -0.005262441 -0.007883512 0.003065228 0.999989927 0.003287532 -0.024661472 0.005252368 -0.003303602 0.999980748 1.589089870
0.999978721 -0.003870365 -0.005258858 -0.008114617 0.003888343 0.999986649 0.003412641 -0.024784336 0.005245579 -0.003433016 0.999980330 1.627031326
0.999963343 -0.006990178 -0.004946905 -0.008344909 0.007010600 0.999966979 0.004122910 -0.026117083 0.004917921 -0.004157439 0.999979317 1.661506772
0.999969184 -0.006765495 -0.004013909 -0.008548120 0.006776569 0.999973238 0.002751742 -0.026218213 0.003995186 -0.002778858 0.999988139 1.699677348
0.999979079 -0.005643680 -0.003192466 -0.008901056 0.005650795 0.999981523 0.002223977 -0.026917268 0.003179855 -0.002241970 0.999992430 1.736017227
0.999986410 -0.004722863 -0.002192359 -0.009331098 0.004726359 0.999987543 0.001592744 -0.027320622 0.002184811 -0.001603084 0.999996364 1.771958709
0.999997616 -0.000661217 -0.002083746 -0.009655887 0.000668833 0.999993026 0.003656721 -0.028177088 0.002081313 -0.003658106 0.999991119 1.809491754
0.999998331 0.001801155 -0.000282018 -0.011250176 -0.001799783 0.999986887 0.004793335 -0.028504221 0.000290648 -0.004792821 0.999988377 1.844362736
0.999988079 0.004885597 -0.000287158 -0.011703812 -0.004884021 0.999974251 0.005253473 -0.028799117 0.000312817 -0.005252008 0.999986112 1.884776115
0.999942183 0.010745281 0.000171337 -0.011068197 -0.010745929 0.999932647 0.004382241 -0.029093472 -0.000124237 -0.004383829 0.999990404 1.920030236
0.999887705 0.014971696 0.000548896 -0.011200211 -0.014973585 0.999881327 0.003617957 -0.029924396 -0.000494664 -0.003625769 0.999993324 1.957216263
0.999860585 0.016621539 0.001586603 -0.011944861 -0.016626557 0.999856651 0.003203246 -0.030292053 -0.001533133 -0.003229178 0.999993622 1.994135737
0.999864519 0.016322656 0.002191790 -0.012248883 -0.016331282 0.999858737 0.003977960 -0.030584604 -0.002126551 -0.004013215 0.999989688 2.029416084
0.999857605 0.016678644 0.002584720 -0.012706446 -0.016685478 0.999857247 0.002645900 -0.031013882 -0.002540221 -0.002688651 0.999993145 2.065615177
0.999906182 0.013617274 0.001496151 -0.012497290 -0.013621031 0.999903977 0.002532029 -0.031796321 -0.001461528 -0.002552170 0.999995649 2.103239298
0.999919474 0.012609106 0.001432504 -0.012541190 -0.012612355 0.999917865 0.002280508 -0.031644311 -0.001403632 -0.002298392 0.999996364 2.139079332
0.999921679 0.012463423 0.001080729 -0.013256917 -0.012465649 0.999920130 0.002077587 -0.031754460 -0.001054749 -0.002090896 0.999997199 2.176564693
0.999917984 0.012761128 0.001091639 -0.013113856 -0.012762597 0.999917686 0.001348977 -0.032666724 -0.001074334 -0.001362799 0.999998510 2.211361885
0.999931931 0.011674637 -0.000314383 -0.013124721 -0.011673744 0.999928176 0.002704148 -0.033461757 0.000345931 -0.002700294 0.999996305 2.248286247
0.999925792 0.012117450 -0.001251908 -0.013112846 -0.012112931 0.999920249 0.003555250 -0.034547277 0.001294889 -0.003539822 0.999992907 2.283487797
0.999949515 0.009874861 -0.001846815 -0.014020929 -0.009867073 0.999942541 0.004178874 -0.034584805 0.001887975 -0.004160440 0.999989569 2.320293188
0.999967098 0.007417939 -0.003272527 -0.013759077 -0.007401970 0.999960780 0.004865301 -0.035312120 0.003308489 -0.004840918 0.999982834 2.355430365
0.999977946 0.004965565 -0.004402923 -0.013902389 -0.004943441 0.999975145 0.005021670 -0.035812456 0.004427749 -0.004999794 0.999977648 2.392043114
0.999982178 0.003748327 -0.004639792 -0.014087059 -0.003726886 0.999982357 0.004621268 -0.036535576 0.004657032 -0.004603894 0.999978542 2.427409172
0.999983668 0.002454857 -0.005159368 -0.014518558 -0.002433588 0.999988556 0.004124515 -0.036892377 0.005169434 -0.004111893 0.999978125 2.464145184
0.999985337 0.002239269 -0.004939017 -0.015104467 -0.002218375 0.999988675 0.004231689 -0.037663721 0.004948438 -0.004220671 0.999978840 2.498983145
0.999981046 0.002838154 -0.005463295 -0.015139308 -0.002820512 0.999990761 0.003234138 -0.038146637 0.005472424 -0.003218667 0.999979854 2.534899473
0.999979734 0.003763546 -0.005136178 -0.015739663 -0.003751549 0.999990165 0.002343356 -0.038578942 0.005144947 -0.002324040 0.999984026 2.569833517
0.999975264 0.005083482 -0.004862481 -0.016048886 -0.005071558 0.999984086 0.002461357 -0.039047651 0.004874916 -0.002436635 0.999985158 2.605467558
0.999974430 0.004949399 -0.005160533 -0.016011069 -0.004928000 0.999979198 0.004150900 -0.039606161 0.005180971 -0.004125363 0.999978125 2.640264511
0.999970138 0.006205592 -0.004606999 -0.016812075 -0.006179503 0.999964893 0.005656069 -0.040364571 0.004641938 -0.005627430 0.999973357 2.676033020
0.999971330 0.006253839 -0.004279257 -0.017369825 -0.006240684 0.999975801 0.003080633 -0.040430781 0.004298419 -0.003053838 0.999986112 2.710232496
0.999970853 0.006259758 -0.004370410 -0.017377224 -0.006254785 0.999979794 0.001150521 -0.041101653 0.004377523 -0.001123151 0.999989808 2.745659351
0.999977648 0.005305821 -0.004057470 -0.017967250 -0.005304186 0.999985874 0.000413825 -0.041871697 0.004059607 -0.000392294 0.999991715 2.779689074
0.999985695 0.002970977 -0.004442510 -0.018200304 -0.002964696 0.999994516 0.001419919 -0.042416189 0.004446704 -0.001406728 0.999989152 2.815049410
0.999991775 0.000163970 -0.004040267 -0.018357182 -0.000147689 0.999991834 0.004029535 -0.043189097 0.004040894 -0.004028906 0.999983788 2.849513769
0.999995232 -0.000332887 -0.003043477 -0.018646523 0.000344340 0.999992847 0.003763598 -0.043328568 0.003042202 -0.003764629 0.999988198 2.884495020
0.999995172 -0.002055195 -0.002312683 -0.018945154 0.002060107 0.999995649 0.002123625 -0.043553561 0.002308308 -0.002128380 0.999995053 2.919262171
0.999998391 0.000372141 -0.001706477 -0.019008674 -0.000372035 0.999999881 0.000062364 -0.044388898 0.001706500 -0.000061729 0.999998569 2.953521729
0.999995410 0.003010927 0.000073450 -0.019633966 -0.003010771 0.999993324 -0.002040648 -0.044889666 -0.000079594 0.002040418 0.999997973 2.986522913
0.999982536 0.005830880 0.000943507 -0.019604405 -0.005828963 0.999980927 -0.002021232 -0.045533258 -0.000955274 0.002015697 0.999997497 3.022159815
0.999969602 0.007228622 0.002942078 -0.020195425 -0.007228473 0.999973893 -0.000060926 -0.046174265 -0.002942441 0.000039658 0.999995649 3.056860924
0.999969602 0.006935541 0.003570571 -0.020108232 -0.006943633 0.999973357 0.002258765 -0.046783186 -0.003554810 -0.002283489 0.999991059 3.091258764
0.999972939 0.006287836 0.003842464 -0.019918898 -0.006298427 0.999976397 0.002750412 -0.047323190 -0.003825079 -0.002774538 0.999988854 3.126059771
0.999965072 0.006633979 0.005089414 -0.020000231 -0.006643808 0.999976099 0.001916935 -0.047613665 -0.005076574 -0.001950681 0.999985218 3.160647631
0.999938965 0.008637187 0.006894311 -0.020322118 -0.008647934 0.999961376 0.001530332 -0.048204180 -0.006880826 -0.001589860 0.999975085 3.194802761
0.999905288 0.010958083 0.008323144 -0.020440506 -0.010970061 0.999938846 0.001394942 -0.049048129 -0.008307349 -0.001486115 0.999964416 3.229258537
0.999892175 0.011627035 0.008966247 -0.019934628 -0.011627319 0.999932349 -0.000020547 -0.049277972 -0.008965880 -0.000083709 0.999959826 3.263343811
0.999860525 0.013053818 0.010412872 -0.020053942 -0.013045033 0.999914467 -0.000911181 -0.049811315 -0.010423878 0.000775218 0.999945402 3.297237396
0.999865234 0.011806857 0.011400266 -0.019993126 -0.011794808 0.999929845 -0.001123345 -0.050365388 -0.011412730 0.000988730 0.999934435 3.331887007
0.999853015 0.012326526 0.011910463 -0.019709848 -0.012331616 0.999923825 0.000353980 -0.051113170 -0.011905194 -0.000500803 0.999929011 3.366485596
0.999863029 0.010520922 0.012773013 -0.019270089 -0.010534413 0.999943972 0.000989511 -0.051649563 -0.012761888 -0.001123932 0.999917924 3.400787115
0.999862015 0.009994625 0.013264715 -0.019642904 -0.010017106 0.999948442 0.001629428 -0.052443042 -0.013247748 -0.001762077 0.999910712 3.436060429
0.999881506 0.007779257 0.013283975 -0.019024260 -0.007800458 0.999968410 0.001544881 -0.052721553 -0.013271538 -0.001648319 0.999910593 3.470468998
0.999895215 0.006281237 0.013042764 -0.018817529 -0.006316572 0.999976516 0.002669817 -0.053547643 -0.013025688 -0.002751922 0.999911427 3.504896402
0.999905944 0.005305675 0.012653059 -0.019311409 -0.005325381 0.999984682 0.001524175 -0.053736940 -0.012644779 -0.001591414 0.999918759 3.539875269
0.999929667 0.003741546 0.011255101 -0.018379249 -0.003761332 0.999991417 0.001737256 -0.054245796 -0.011248506 -0.001779468 0.999935091 3.573033571
0.999949634 0.002038097 0.009828784 -0.017947055 -0.002067299 0.999993563 0.002961719 -0.054959141 -0.009822683 -0.002981889 0.999947309 3.607450724
0.999959707 0.001329743 0.008886120 -0.017748684 -0.001353026 0.999995768 0.002614549 -0.055237364 -0.008882605 -0.002626467 0.999957085 3.643031597
0.999965727 0.001029987 0.008212150 -0.018040786 -0.001053120 0.999995470 0.002812983 -0.055961005 -0.008209216 -0.002821534 0.999962270 3.676553488
0.999978364 0.000701378 0.006528430 -0.017629063 -0.000718117 0.999996483 0.002562001 -0.056606691 -0.006526610 -0.002566634 0.999975383 3.711127520
0.999984920 0.000244745 0.005485966 -0.017422101 -0.000258894 0.999996603 0.002578662 -0.057376567 -0.005485316 -0.002580044 0.999981582 3.746374607
0.999986947 -0.001350343 0.004919474 -0.017682739 0.001353370 0.999998868 -0.000611954 -0.057482161 -0.004918641 0.000618604 0.999987721 3.779935360
0.999972105 -0.006389274 0.003874600 -0.017511718 0.006392336 0.999979258 -0.000778795 -0.058085039 -0.003869543 0.000803541 0.999992251 3.815355301
0.999889135 -0.014610711 0.002898537 -0.017643906 0.014605108 0.999891400 0.001944778 -0.058979988 -0.002926637 -0.001902229 0.999993920 3.850070953
0.999763131 -0.021737268 0.001085325 -0.017326340 0.021733996 0.999759376 0.002942778 -0.059155837 -0.001149032 -0.002918493 0.999994993 3.884203672
0.999668300 -0.025753250 -0.000038470 -0.017279977 0.025753222 0.999668062 -0.000578097 -0.059561681 0.000053345 0.000576915 0.999999762 3.918759584
0.999700427 -0.024471492 0.000475009 -0.017688222 0.024473133 0.999693096 -0.003825645 -0.060296860 -0.000381244 0.003836124 0.999992490 3.954386711
0.999756157 -0.022040308 0.001356527 -0.017801991 0.022047514 0.999741554 -0.005551106 -0.061163895 -0.001233828 0.005579661 0.999983668 3.989710331
0.999771953 -0.021280296 0.001782342 -0.017391194 0.021289932 0.999757826 -0.005574355 -0.062031351 -0.001663286 0.005611030 0.999982893 4.022503376
0.999710679 -0.023906920 0.002639979 -0.017681612 0.023913460 0.999710977 -0.002474769 -0.062591121 -0.002580052 0.002537185 0.999993443 4.057574272
0.999560833 -0.029483696 0.002991480 -0.017557442 0.029483654 0.999565244 0.000058372 -0.063009530 -0.002991900 0.000029854 0.999995530 4.092069626
0.999406159 -0.034316201 0.003117565 -0.017230840 0.034309126 0.999408603 0.002295532 -0.064089030 -0.003194496 -0.002187208 0.999992490 4.126293182
0.999337554 -0.036238931 0.003336519 -0.017268162 0.036230110 0.999339879 0.002669619 -0.064877734 -0.003431061 -0.002546968 0.999990880 4.161189556
0.999457061 -0.032647960 0.004417578 -0.017478632 0.032638885 0.999464929 0.002111531 -0.064890318 -0.004484151 -0.001966200 0.999987960 4.197354794
0.999551237 -0.029628268 0.004416347 -0.016659116 0.029622760 0.999560297 0.001307551 -0.065332562 -0.004453146 -0.001176140 0.999989390 4.232483864
0.999656260 -0.025377020 0.006589551 -0.017391512 0.025378700 0.999677896 -0.000171552 -0.066271983 -0.006583076 0.000338727 0.999978244 4.264892578
0.999688387 -0.023913417 0.007160822 -0.017363839 0.023915242 0.999713957 -0.000169162 -0.067146100 -0.007154728 0.000340362 0.999974370 4.299881458
0.999768853 -0.020380421 0.006853568 -0.016765304 0.020377954 0.999792337 0.000429291 -0.067363374 -0.006860895 -0.000289530 0.999976456 4.336480141
0.999772429 -0.020150118 0.007006174 -0.017297909 0.020148626 0.999796927 0.000284552 -0.067890860 -0.007010486 -0.000143322 0.999975383 4.370186806
0.999831915 -0.017191386 0.006378271 -0.017005874 0.017208679 0.999848366 -0.002665943 -0.068206534 -0.006331473 0.002775257 0.999976099 4.405155182
0.999881923 -0.014133640 0.006037059 -0.017748402 0.014164834 0.999886453 -0.005156081 -0.069219828 -0.005963499 0.005240986 0.999968469 4.439795494
0.999942720 -0.008932981 0.005896623 -0.017380824 0.008970045 0.999939978 -0.006289260 -0.070095211 -0.005840087 0.006341791 0.999962866 4.475278378
0.999967754 -0.005380139 0.005961133 -0.017934365 0.005409778 0.999972999 -0.004967229 -0.070576519 -0.005934247 0.004999317 0.999969959 4.510944366
0.999976814 -0.002577141 0.006305442 -0.017579792 0.002598063 0.999991119 -0.003312090 -0.071267150 -0.006296850 0.003328394 0.999974668 4.546946049
0.999978662 -0.001136452 0.006427821 -0.017282652 0.001144139 0.999998629 -0.001192328 -0.072271906 -0.006426457 0.001199657 0.999978542 4.580971241
0.999973416 -0.004814939 0.005464200 -0.016936168 0.004816241 0.999988377 -0.000225024 -0.072826058 -0.005463053 0.000251335 0.999984980 4.616485596
0.999973416 -0.005584317 0.004682341 -0.017288819 0.005587894 0.999984145 -0.000751279 -0.072876416 -0.004678071 0.000777423 0.999988735 4.650966644
0.999973536 -0.007094772 0.001619307 -0.016771089 0.007101499 0.999965966 -0.004187571 -0.074326627 -0.001589542 0.004198962 0.999989867 4.686261177
0.999988675 -0.004730516 0.000485508 -0.017011262 0.004734435 0.999953330 -0.008416736 -0.075164706 -0.000445670 0.008418940 0.999964416 4.721282005
0.999999583 -0.000601602 -0.000718590 -0.017152917 0.000595571 0.999964774 -0.008364244 -0.076851025 0.000723596 0.008363813 0.999964774 4.757687092
0.999993443 0.003522133 -0.000848398 -0.017554022 -0.003528758 0.999962270 -0.007938373 -0.077291332 0.000820405 0.007941314 0.999968112 4.793751240
0.999984205 0.005609165 -0.000532227 -0.017939748 -0.005611417 0.999974847 -0.004328636 -0.078285068 0.000507934 0.004331553 0.999990523 4.830426216
0.999981225 0.006125453 0.000178258 -0.018588735 -0.006124911 0.999977052 -0.002894715 -0.078311048 -0.000195985 0.002893568 0.999995768 4.866575241
0.999986827 0.005120394 0.000301034 -0.018764596 -0.005119939 0.999985754 -0.001497534 -0.078975253 -0.000308697 0.001495974 0.999998808 4.903194427
0.999990344 0.004388340 0.000162044 -0.018934675 -0.004388101 0.999989271 -0.001447178 -0.079282545 -0.000168393 0.001446453 0.999998927 4.939901352
0.999999702 0.000787031 0.000042859 -0.018751198 -0.000787010 0.999999583 -0.000494256 -0.080371514 -0.000043248 0.000494222 0.999999881 4.976172924
0.999994934 -0.003189569 0.000054062 -0.018651580 0.003189560 0.999994934 0.000150639 -0.081215680 -0.000054543 -0.000150466 1.000000000 5.012532711
0.999979854 -0.006337703 0.000383847 -0.018328907 0.006337344 0.999979496 0.000930955 -0.081567161 -0.000389739 -0.000928504 0.999999523 5.049508095
0.999954283 -0.009527703 0.000741068 -0.018374326 0.009526177 0.999952555 0.002034927 -0.082179144 -0.000760421 -0.002027775 0.999997675 5.086395741
0.999928772 -0.011852759 0.001363155 -0.018606856 0.011850500 0.999928415 0.001654878 -0.082364522 -0.001382672 -0.001638606 0.999997675 5.122935295
0.999945104 -0.010376018 0.001392018 -0.018425532 0.010379137 0.999943674 -0.002250911 -0.083136544 -0.001368584 0.002265235 0.999996483 5.159739494
0.999996006 -0.002271650 0.001684387 -0.018802002 0.002284167 0.999969542 -0.007467001 -0.084218606 -0.001667373 0.007470818 0.999970675 5.197182178
0.999967933 0.007481192 0.002866745 -0.019018516 -0.007456736 0.999936581 -0.008448989 -0.084658541 -0.002929771 0.008427342 0.999960244 5.234077454
0.999871373 0.015524209 0.004036111 -0.019361435 -0.015504842 0.999868333 -0.004786570 -0.085124761 -0.004109887 0.004723375 0.999980330 5.273802280
0.999870479 0.015275682 0.005071817 -0.019948224 -0.015267396 0.999882042 -0.001668429 -0.086447008 -0.005096706 0.001590779 0.999985695 5.309050560
0.999886692 0.014218004 0.004955454 -0.020134415 -0.014211268 0.999898076 -0.001392057 -0.087117024 -0.004974742 0.001321476 0.999986768 5.346951485
0.999939442 0.010412990 0.003558495 -0.020269210 -0.010407929 0.999944806 -0.001438156 -0.087784737 -0.003573274 0.001401032 0.999992609 5.384869099
0.999958575 0.008654644 0.002820604 -0.020260125 -0.008648774 0.999960423 -0.002086745 -0.088268265 -0.002838552 0.002062264 0.999993861 5.421295643
0.999957979 0.008948088 0.001996859 -0.020285062 -0.008942751 0.999956369 -0.002665773 -0.088915378 -0.002020626 0.002647804 0.999994516 5.459546089
0.999943256 0.010454477 0.002044071 -0.020810729 -0.010449055 0.999941885 -0.002645487 -0.089387015 -0.002071609 0.002623978 0.999994457 5.497906685
0.999934077 0.011326831 0.001845940 -0.020865008 -0.011324269 0.999934912 -0.001392099 -0.090476990 -0.001861587 0.001371104 0.999997318 5.535179615
0.999950647 0.009799250 0.001620091 -0.020997670 -0.009796354 0.999950409 -0.001786523 -0.091237664 -0.001637517 0.001770564 0.999997079 5.572368145
0.999943018 0.010523300 0.001785425 -0.021474684 -0.010518591 0.999941170 -0.002626289 -0.092240624 -0.001812957 0.002607360 0.999994934 5.610094070
0.999950051 0.009951076 0.000903283 -0.021084137 -0.009948315 0.999945998 -0.003010579 -0.092961259 -0.000933192 0.003001443 0.999994993 5.649066925
0.999961376 0.008779647 0.000355508 -0.021234462 -0.008778572 0.999957323 -0.002916494 -0.093433097 -0.000381098 0.002913261 0.999995649 5.687460423
0.999950349 0.009950223 0.000339680 -0.021404000 -0.009948892 0.999943554 -0.003720453 -0.093952104 -0.000376680 0.003716890 0.999993026 5.724564552
0.999938071 0.011128081 -0.000154504 -0.021491390 -0.011128576 0.999931276 -0.003692497 -0.095160946 0.000113403 0.003693989 0.999993086 5.764104843
0.999934077 0.011370012 -0.001613253 -0.021097533 -0.011377462 0.999924302 -0.004687798 -0.095339850 0.001559831 0.004705844 0.999987721 5.803551197
0.999937773 0.011128104 -0.000804715 -0.022055548 -0.011131228 0.999930084 -0.003984311 -0.096661314 0.000760321 0.003993020 0.999991715 5.840682507
0.999924958 0.012185169 -0.001233575 -0.022228718 -0.012190425 0.999916196 -0.004345952 -0.097303212 0.001180515 0.004360663 0.999989748 5.879693985
0.999932528 0.011586017 -0.000735430 -0.023102017 -0.011589314 0.999921918 -0.004648687 -0.098075062 0.000681513 0.004656896 0.999988854 5.918938637
0.999952495 0.009610150 -0.001637518 -0.022552554 -0.009617653 0.999943078 -0.004636265 -0.098968260 0.001592870 0.004651794 0.999987900 5.957696915
0.999966145 0.008127305 -0.001303008 -0.022769937 -0.008132813 0.999957740 -0.004277725 -0.099688098 0.001268186 0.004288178 0.999989927 5.996479511
0.999976456 0.006705401 -0.001423769 -0.022560388 -0.006711013 0.999969661 -0.003974193 -0.100091517 0.001397077 0.003983655 0.999991059 6.034904480
0.999976516 0.006845457 -0.000420935 -0.024011882 -0.006846784 0.999971271 -0.003235412 -0.101232469 0.000398775 0.003238218 0.999994636 6.074074745
0.999977052 0.006616161 -0.001474336 -0.023398643 -0.006620970 0.999972701 -0.003280358 -0.102243602 0.001452592 0.003290044 0.999993503 6.113226891
0.999972701 0.007239402 -0.001477164 -0.023365602 -0.007245042 0.999966443 -0.003848839 -0.102976844 0.001449251 0.003859436 0.999991536 6.152517319
0.999956965 0.009187362 -0.001315452 -0.023073336 -0.009191329 0.999953151 -0.003041278 -0.103979833 0.001287449 0.003053237 0.999994457 6.191296577
0.999955416 0.009439303 0.000251201 -0.024242610 -0.009438942 0.999954462 -0.001405110 -0.104358315 -0.000264453 0.001402677 0.999998987 6.230718136
0.999958754 0.009045213 0.000655298 -0.024446815 -0.009044466 0.999958396 -0.001133435 -0.104998514 -0.000665523 0.001127461 0.999999106 6.270027161
0.999948621 0.010053137 0.001287055 -0.024594063 -0.010049856 0.999946296 -0.002530687 -0.105847731 -0.001312428 0.002517622 0.999995887 6.309625149
0.999953330 0.009633592 0.000715468 -0.024202384 -0.009630569 0.999945164 -0.004114915 -0.106543988 -0.000755071 0.004107832 0.999991238 6.349572659
0.999939740 0.010794654 0.002001783 -0.024879176 -0.010787378 0.999935269 -0.003611039 -0.107390501 -0.002040633 0.003589228 0.999991477 6.388398647
0.999949634 0.009954720 0.001322359 -0.024707312 -0.009952782 0.999949336 -0.001464307 -0.108780138 -0.001336869 0.001451071 0.999998093 6.428092480
0.999940455 0.010698098 0.002136521 -0.025431534 -0.010694669 0.999941528 -0.001610487 -0.109249204 -0.002153625 0.001587542 0.999996364 6.467114925
0.999935210 0.011329432 0.001123204 -0.025131602 -0.011327656 0.999934733 -0.001573946 -0.110045925 -0.001140962 0.001561121 0.999998093 6.506663322
0.999919951 0.012484183 0.002026994 -0.025757618 -0.012480855 0.999920666 -0.001647025 -0.110655896 -0.002047395 0.001621594 0.999996543 6.546093941
0.999908626 0.013348897 0.002140384 -0.025967199 -0.013345607 0.999909699 -0.001545319 -0.111285120 -0.002160819 0.001516613 0.999996543 6.585773468
0.999894083 0.014407193 0.002117173 -0.026049769 -0.014403728 0.999894917 -0.001643209 -0.112035304 -0.002140624 0.001612540 0.999996424 6.625202179
0.999903202 0.013554063 0.003147046 -0.026863879 -0.013548017 0.999906301 -0.001934640 -0.112574928 -0.003172974 0.001891816 0.999993145 6.664782047
0.999936819 0.011111229 0.001700349 -0.025993377 -0.011110310 0.999938071 -0.000550347 -0.113552913 -0.001706359 0.000531421 0.999998331 6.705465317
0.999957919 0.009083722 0.001268463 -0.025984414 -0.009083262 0.999958634 -0.000369219 -0.114082374 -0.001271765 0.000357682 0.999999106 6.746354580
0.999968648 0.007914318 0.000136847 -0.025306329 -0.007914162 0.999968052 -0.001109307 -0.114800483 -0.000145622 0.001108189 0.999999344 6.785674095
0.999984026 0.005508537 0.001227101 -0.026418258 -0.005506730 0.999983668 -0.001471886 -0.115488544 -0.001235189 0.001465106 0.999998152 6.825423717
0.999983788 0.005638579 0.000779770 -0.026063913 -0.005637287 0.999982774 -0.001650325 -0.115634337 -0.000789062 0.001645903 0.999998331 6.866226673
0.999997199 0.001297566 0.001966420 -0.026460737 -0.001300868 0.999997735 0.001678808 -0.116600245 -0.001964237 -0.001681362 0.999996662 6.905610561
0.999995828 0.000177457 0.002883386 -0.027080705 -0.000180340 0.999999464 0.000999502 -0.117194027 -0.002883208 -0.001000017 0.999995410 6.945938587
0.999994934 0.000978410 0.002987293 -0.027729485 -0.000978633 0.999999464 0.000073233 -0.118010260 -0.002987219 -0.000076156 0.999995589 6.986669064
0.999996424 0.000323289 0.002663772 -0.026698040 -0.000323104 0.999999940 -0.000069628 -0.118619762 -0.002663795 0.000068767 0.999996424 7.025556564
0.999991119 0.002464309 0.003422226 -0.027016629 -0.002460354 0.999996305 -0.001159320 -0.118898161 -0.003425070 0.001150890 0.999993503 7.067782879
0.999975443 0.004489556 0.005382857 -0.027261294 -0.004484627 0.999989510 -0.000927237 -0.119722225 -0.005386964 0.000903074 0.999985099 7.105219364
0.999967396 0.004937463 0.006387994 -0.027555417 -0.004932145 0.999987423 -0.000847711 -0.120546348 -0.006392100 0.000816177 0.999979258 7.145307064
0.999961495 0.005614575 0.006743936 -0.026976578 -0.005608266 0.999983847 -0.000953929 -0.121402077 -0.006749183 0.000916071 0.999976754 7.185307980
0.999944746 0.007374257 0.007488292 -0.026281111 -0.007365043 0.999972105 -0.001257337 -0.122518316 -0.007497354 0.001202116 0.999971151 7.223727703
0.999942303 0.006289792 0.008699722 -0.026944771 -0.006266127 0.999976575 -0.002744735 -0.122726999 -0.008716781 0.002690063 0.999958396 7.265831470
0.999926627 0.005687400 0.010690344 -0.027451575 -0.005654886 0.999979258 -0.003069188 -0.123105884 -0.010707578 0.003008511 0.999938130 7.306424618
0.999939919 0.004246794 0.010100883 -0.026611820 -0.004238945 0.999990642 -0.000798448 -0.124414250 -0.010104178 0.000755583 0.999948621 7.346060753
0.999933064 0.003835861 0.010915829 -0.026591800 -0.003810002 0.999989867 -0.002388889 -0.124661550 -0.010924880 0.002347140 0.999937594 7.386143684
0.999938488 0.003335877 0.010576318 -0.026228182 -0.003301969 0.999989331 -0.003221912 -0.125902250 -0.010586955 0.003186791 0.999938905 7.426550388
0.999931455 0.000106614 0.011708817 -0.026516549 -0.000048792 0.999987781 -0.004938658 -0.126646742 -0.011709202 0.004937748 0.999919236 7.464318275
0.999954522 0.002028015 0.009321619 -0.025625847 -0.001982729 0.999986172 -0.004864758 -0.127776891 -0.009331356 0.004846054 0.999944746 7.506861210
0.999966145 -0.000280617 0.008223480 -0.025373708 0.000316283 0.999990582 -0.004336155 -0.128725410 -0.008222186 0.004338609 0.999956787 7.546831131
0.999970138 0.000323537 0.007714516 -0.025354508 -0.000279889 0.999983966 -0.005658336 -0.129361734 -0.007716224 0.005656008 0.999954224 7.587155342
0.999973714 0.001099068 0.007161223 -0.025488872 -0.001055570 0.999980986 -0.006074979 -0.130050898 -0.007167762 0.006067261 0.999955833 7.628006935
0.999979317 0.000928495 0.006350972 -0.025285941 -0.000894068 0.999984920 -0.005421359 -0.131071329 -0.006355910 0.005415568 0.999965131 7.668400764
0.999985754 0.001393491 0.005147555 -0.025121123 -0.001363065 0.999981582 -0.005909581 -0.131762967 -0.005155696 0.005902481 0.999969304 7.708897114
0.999991596 0.000088038 0.004104944 -0.024768397 -0.000071799 0.999992192 -0.003956009 -0.132657558 -0.004105261 0.003955681 0.999983728 7.749458790
0.999991775 0.001641693 0.003713620 -0.024847466 -0.001632027 0.999995291 -0.002604545 -0.133361787 -0.003717879 0.002598463 0.999989688 7.789724350
0.999987364 0.001798746 0.004692398 -0.025590114 -0.001784995 0.999994099 -0.002933250 -0.133488461 -0.004697645 0.002924837 0.999984622 7.829601288
0.999980092 0.002902286 0.005600190 -0.025316440 -0.002883470 0.999990165 -0.003365151 -0.134276599 -0.005609902 0.003348936 0.999978662 7.870523453
0.999985337 0.001125774 0.005289705 -0.024341442 -0.001109620 0.999994695 -0.003055782 -0.135584518 -0.005293117 0.003049868 0.999981403 7.910829544
0.999981403 -0.000539920 0.006073459 -0.024985105 0.000567593 0.999989450 -0.004555600 -0.135902494 -0.006070934 0.004558964 0.999971151 7.952582836
0.999977589 -0.001808857 0.006453074 -0.024978440 0.001853294 0.999974549 -0.006886850 -0.136793748 -0.006440452 0.006898655 0.999955356 7.993192673
0.999975264 -0.002377917 0.006615516 -0.024732627 0.002428347 0.999967992 -0.007625571 -0.137606531 -0.006597172 0.007641447 0.999948978 8.034294128
0.999987364 -0.001148185 0.004892658 -0.025869746 0.001188528 0.999965250 -0.008250519 -0.138666004 -0.004883016 0.008256228 0.999953985 8.074949265
0.999997735 -0.000023435 0.002138491 -0.024679458 0.000039949 0.999970257 -0.007722938 -0.139711618 -0.002138246 0.007723005 0.999967873 8.116874695
0.999997258 0.000406694 0.002284734 -0.025118198 -0.000396171 0.999989271 -0.004604100 -0.140313864 -0.002286582 0.004603183 0.999986768 8.158100128
0.999995112 -0.000260034 0.003101346 -0.024975888 0.000264888 0.999998748 -0.001564832 -0.141166329 -0.003100935 0.001565646 0.999993920 8.199938774
0.999994278 -0.001254271 0.003136800 -0.025244080 0.001256761 0.999998808 -0.000791821 -0.141890466 -0.003135803 0.000795759 0.999994755 8.242210388
0.999991298 -0.002801914 0.003072732 -0.025066199 0.002809641 0.999992788 -0.002513329 -0.142117321 -0.003065668 0.002521941 0.999992192 8.284367561
0.999988258 -0.002852770 0.003924455 -0.025249913 0.002862705 0.999992728 -0.002528347 -0.143231228 -0.003917214 0.002539551 0.999989033 8.326253891
0.999989450 -0.002226599 0.004036252 -0.025261447 0.002236105 0.999994695 -0.002352121 -0.144163877 -0.004030994 0.002361121 0.999989033 8.368644714
0.999985695 -0.002294841 0.004829313 -0.025483597 0.002306201 0.999994516 -0.002348150 -0.144923225 -0.004823898 0.002359254 0.999985576 8.409502029
0.999987543 -0.000800059 0.004913781 -0.025242016 0.000816472 0.999994159 -0.003339211 -0.145584598 -0.004911080 0.003343181 0.999982357 8.452384949
0.999980450 -0.000228996 0.006252814 -0.025655899 0.000252615 0.999992847 -0.003776751 -0.146693856 -0.006251904 0.003778257 0.999973238 8.493334770
0.999973118 -0.001508525 0.007172220 -0.025878526 0.001521114 0.999997318 -0.001750144 -0.147548780 -0.007169561 0.001761007 0.999972701 8.533963203
0.999971211 -0.002348209 0.007205608 -0.025557909 0.002355109 0.999996781 -0.000949270 -0.148399860 -0.007203357 0.000966212 0.999973595 8.577312469
0.999970794 -0.002936067 0.007048414 -0.025232464 0.002956331 0.999991477 -0.002866312 -0.149028704 -0.007039939 0.002887066 0.999971032 8.619615555
0.999969363 -0.002289310 0.007479591 -0.025030188 0.002305072 0.999995172 -0.002099364 -0.150276810 -0.007474748 0.002116541 0.999969840 8.659504890
0.999975085 -0.000508318 0.007030787 -0.025305662 0.000536557 0.999991775 -0.004015149 -0.150944293 -0.007028688 0.004018820 0.999967217 8.701738358
0.999976397 0.002169208 0.006511531 -0.025437005 -0.002119521 0.999968648 -0.007627908 -0.151685983 -0.006527874 0.007613926 0.999949694 8.741972923
0.999981344 0.002583765 0.005538361 -0.025327291 -0.002549267 0.999977350 -0.006226945 -0.153128415 -0.005554322 0.006212710 0.999965250 8.785015106
0.999984860 0.003029136 0.004592733 -0.025384914 -0.003016070 0.999991417 -0.002849134 -0.153986603 -0.004601324 0.002835240 0.999985337 8.826208115
0.999985099 0.004075779 0.003626544 -0.025490455 -0.004076239 0.999991655 0.000119370 -0.154908821 -0.003626027 -0.000134150 0.999993384 8.868049622
0.999984980 0.004895682 0.002467315 -0.025551466 -0.004891591 0.999986649 -0.001661576 -0.155565038 -0.002475416 0.001649482 0.999995589 8.908977509
0.999991417 0.004056759 0.000816861 -0.026223451 -0.004054503 0.999988019 -0.002746966 -0.156376868 -0.000827996 0.002743630 0.999995887 8.951054573
0.999995232 0.002707863 -0.001462160 -0.026170038 -0.002709684 0.999995589 -0.001244855 -0.157338977 0.001458782 0.001248812 0.999998152 8.992057800
0.999997258 0.000862077 -0.002187150 -0.026408494 -0.000863213 0.999999464 -0.000518624 -0.158274963 0.002186702 0.000520510 0.999997497 9.033505440
0.999996006 0.000755089 -0.002725105 -0.026288120 -0.000759104 0.999998629 -0.001472610 -0.159018442 0.002723990 0.001474673 0.999995232 9.074816704
0.999995470 -0.000751868 -0.002909960 -0.027024068 0.000745708 0.999997497 -0.002117301 -0.159827456 0.002911545 0.002115122 0.999993503 9.116381645
0.999994934 0.000303115 -0.003162246 -0.027252670 -0.000310574 0.999997139 -0.002358424 -0.160647079 0.003161522 0.002359394 0.999992251 9.158075333
0.999994576 -0.001340477 -0.003007724 -0.027611855 0.001333114 0.999996066 -0.002448533 -0.161505654 0.003010995 0.002444510 0.999992430 9.198991776
0.999993682 -0.001681347 -0.003124550 -0.027976112 0.001672049 0.999994159 -0.002975991 -0.162487760 0.003129535 0.002970748 0.999990642 9.240224838
0.999995470 -0.001088275 -0.002814027 -0.028412059 0.001078417 0.999993265 -0.003502296 -0.163339853 0.002817819 0.003499246 0.999989867 9.281131744
0.999992907 -0.001785700 -0.003328664 -0.028351352 0.001775133 0.999993324 -0.003174804 -0.164403319 0.003334311 0.003168873 0.999989450 9.322751045
0.999995232 -0.001498515 -0.002704230 -0.029019425 0.001487690 0.999990880 -0.004000719 -0.165150598 0.002710201 0.003996676 0.999988317 9.363803864
0.999987721 -0.003516898 -0.003478145 -0.028989496 0.003500561 0.999982834 -0.004691992 -0.166275069 0.003494586 0.004679760 0.999982893 9.405495644
0.999987543 -0.004155258 -0.002740080 -0.029385529 0.004146978 0.999986768 -0.003020193 -0.167208895 0.002752593 0.003008793 0.999991655 9.445952415
0.999974787 -0.006440873 -0.002974576 -0.029639190 0.006434068 0.999976695 -0.002291200 -0.167826459 0.002989264 0.002272004 0.999992967 9.487735748
0.999979079 -0.005866992 -0.002701776 -0.029914945 0.005856484 0.999975264 -0.003881007 -0.168536901 0.002724479 0.003865103 0.999988794 9.528198242
0.999985039 -0.004870687 -0.002453693 -0.030210238 0.004859657 0.999978185 -0.004481721 -0.169178575 0.002475468 0.004469730 0.999986887 9.569907188
0.999993086 -0.003290685 -0.001687527 -0.030774904 0.003285236 0.999989390 -0.003221628 -0.170423895 0.001698110 0.003216062 0.999993384 9.610044479
0.999997973 -0.001737566 -0.001050370 -0.031369243 0.001734467 0.999994159 -0.002944728 -0.171084225 0.001055480 0.002942900 0.999995112 9.651001930
0.999997497 -0.002009462 -0.000938326 -0.031288780 0.002007181 0.999995053 -0.002424978 -0.172182694 0.000943194 0.002423089 0.999996543 9.692910194
0.999998629 -0.001540470 -0.000704416 -0.031672120 0.001537244 0.999988377 -0.004558977 -0.172508299 0.000711431 0.004557887 0.999989331 9.734136581
0.999998510 -0.001708687 -0.000529582 -0.031710733 0.001706560 0.999990523 -0.003992932 -0.173610166 0.000536400 0.003992022 0.999991834 9.775700569
0.999999106 -0.001028602 -0.000827375 -0.031697124 0.001025307 0.999991596 -0.003973254 -0.174605712 0.000831454 0.003972401 0.999991715 9.817529678
0.999999940 -0.000172123 0.000286181 -0.032412402 0.000173219 0.999992549 -0.003835303 -0.175194263 -0.000285519 0.003835353 0.999992609 9.858912468
0.999998510 0.001751483 0.000127466 -0.032357041 -0.001750996 0.999991477 -0.003719547 -0.175899297 -0.000133979 0.003719319 0.999993026 9.900239944
0.999995232 0.002963059 0.000811006 -0.033057921 -0.002959712 0.999987185 -0.004097668 -0.176808596 -0.000823137 0.004095249 0.999991298 9.942493439
0.999984145 0.005453196 0.001422219 -0.033366062 -0.005446264 0.999973476 -0.004833306 -0.177862421 -0.001448538 0.004825484 0.999987304 9.983483315
0.999991298 0.003999371 0.001141980 -0.033412188 -0.003993333 0.999978244 -0.005239927 -0.178042874 -0.001162912 0.005235320 0.999985635 10.026780128
0.999945402 0.010112158 0.002615584 -0.034281056 -0.010102186 0.999941766 -0.003797291 -0.180942029 -0.002653830 0.003770661 0.999989390 10.067299843
0.999980330 0.006072310 0.001575518 -0.033868901 -0.006066427 0.999974728 -0.003712206 -0.180026710 -0.001598020 0.003702575 0.999991894 10.109556198
