0.999999940 -0.000383917 -0.000097837 -0.000262226 0.000384059 0.999998808 0.001447893 -0.000420840 0.000097281 -0.001447930 0.999998927 0.033301730
0.999998748 -0.001536855 -0.000415404 -0.000119419 0.001537547 0.999997437 0.001670518 -0.000940609 0.000412835 -0.001671154 0.999998510 0.066664740
0.999995530 -0.002962704 -0.000405602 -0.000480087 0.002962968 0.999995410 0.000651736 -0.001423978 0.000403670 -0.000652935 0.999999642 0.099459201
0.999994040 -0.003447556 -0.000197350 -0.000675152 0.003447713 0.999993742 0.000800327 -0.002013308 0.000194590 -0.000801002 0.999999642 0.132971108
0.999991894 -0.004017787 -0.000357508 -0.000645336 0.004018281 0.999990940 0.001393092 -0.002361900 0.000351908 -0.001394517 0.999998987 0.167221785
0.999984920 -0.005475588 -0.000200985 -0.000757336 0.005476144 0.999980807 0.002879152 -0.003028446 0.000185216 -0.002880209 0.999995828 0.200421616
0.999986172 -0.005247838 -0.000268415 -0.000947053 0.005248722 0.999980450 0.003405934 -0.003425643 0.000250536 -0.003407295 0.999994159 0.234243661
0.999991894 -0.003995474 -0.000481692 -0.001236040 0.003996228 0.999990761 0.001573237 -0.003998791 0.000475402 -0.001575149 0.999998629 0.267679751
0.999999821 -0.000424277 -0.000418816 -0.001694867 0.000423969 0.999999642 -0.000735130 -0.004611207 0.000419128 0.000734952 0.999999583 0.301682681
0.999997675 0.002129007 -0.000278432 -0.001919940 -0.002129442 0.999996483 -0.001571615 -0.005046416 0.000275086 0.001572205 0.999998748 0.335597336
0.999989331 0.004612199 0.000166110 -0.002404262 -0.004611953 0.999988258 -0.001448367 -0.005688983 -0.000172788 0.001447585 0.999998987 0.369968981
0.999983549 0.005737244 -0.000060631 -0.002457670 -0.005737310 0.999982834 -0.001168160 -0.006056082 0.000053928 0.001168489 0.999999344 0.403757483
0.999995053 0.003086224 0.000662297 -0.002805669 -0.003087525 0.999993265 0.001973828 -0.006744197 -0.000656201 -0.001975863 0.999997854 0.438093871
0.999999583 -0.000909748 0.000190552 -0.002523754 0.000909035 0.999992669 0.003707478 -0.007194287 -0.000193923 -0.003707303 0.999993026 0.472515076
0.999993563 -0.003585720 0.000110737 -0.002632127 0.003585557 0.999992549 0.001432979 -0.007654262 -0.000115874 -0.001432573 0.999998987 0.507172167
0.999988735 -0.004721295 0.000602801 -0.003594069 0.004721528 0.999988854 -0.000385488 -0.008161712 -0.000600974 0.000388330 0.999999642 0.541265488
0.999998152 -0.001772135 0.000619953 -0.003101071 0.001773510 0.999995887 -0.002224196 -0.008887546 -0.000616009 0.002225291 0.999997318 0.575751364
0.999999344 0.000535240 0.000960188 -0.003268837 -0.000534893 0.999999821 -0.000361885 -0.009098130 -0.000960382 0.000361371 0.999999464 0.610745132
0.999994576 0.002081146 0.002522981 -0.004446666 -0.002087023 0.999995112 0.002329181 -0.009369297 -0.002518121 -0.002334435 0.999994099 0.645431757
0.999996960 -0.001331177 0.002076512 -0.003161816 0.001320226 0.999985278 0.005266055 -0.010121208 -0.002083492 -0.005263296 0.999983966 0.680866063
0.999985516 -0.004972822 0.002095204 -0.003583498 0.004966210 0.999982715 0.003149307 -0.010498460 -0.002110828 -0.003138856 0.999992847 0.715388298
0.999986529 -0.004865053 0.001798295 -0.003686734 0.004863478 0.999987841 0.000878725 -0.011273526 -0.001802548 -0.000869966 0.999997973 0.751136482
0.999979556 -0.005994319 0.002210430 -0.003181478 0.005997438 0.999980986 -0.001406908 -0.011573272 -0.002201955 0.001420136 0.999996543 0.785448134
0.999993026 -0.002722614 0.002566591 -0.003372548 0.002728860 0.999993324 -0.002433198 -0.011984110 -0.002559950 0.002440184 0.999993742 0.821433485
0.999993086 -0.002646625 0.002615458 -0.003286790 0.002657314 0.999988079 -0.004091670 -0.012844090 -0.002604598 0.004098592 0.999988258 0.856905043
0.999994874 -0.000525774 0.003148194 -0.003437327 0.000537772 0.999992609 -0.003811420 -0.013475453 -0.003146168 0.003813093 0.999987781 0.890696466
0.999996066 -0.000515586 0.002753598 -0.003456787 0.000523091 0.999996126 -0.002725252 -0.014032810 -0.002752182 0.002726681 0.999992490 0.926686883
0.999997020 0.000283446 0.002431398 -0.003458975 -0.000280628 0.999999285 -0.001159036 -0.014525093 -0.002431724 0.001158350 0.999996364 0.961741686
0.999990582 0.003519894 0.002538348 -0.003821229 -0.003518442 0.999993622 -0.000576024 -0.015511960 -0.002540359 0.000567087 0.999996603 0.996892750
0.999975264 0.006217047 0.003280157 -0.004474422 -0.006213750 0.999980152 -0.001014361 -0.016039649 -0.003286398 0.000993954 0.999994040 1.032410502
0.999958098 0.008666877 0.002955636 -0.004285730 -0.008664596 0.999962091 -0.000783702 -0.016575005 -0.002962316 0.000758059 0.999995291 1.067791462
0.999954402 0.009246009 0.002396598 -0.004356565 -0.009245323 0.999957204 -0.000296458 -0.017453643 -0.002399235 0.000274287 0.999997020 1.103320122
0.999966204 0.007947330 0.002080775 -0.004431083 -0.007946025 0.999968231 -0.000635550 -0.017801633 -0.002085759 0.000618995 0.999997616 1.138586998
0.999969423 0.007580504 0.001862088 -0.004784078 -0.007577794 0.999970198 -0.001458221 -0.018240063 -0.001873087 0.001444066 0.999997258 1.174471259
0.999973893 0.007200583 0.000689186 -0.005057137 -0.007200044 0.999973774 -0.000781815 -0.019006439 -0.000694798 0.000776832 0.999999464 1.210379720
0.999976635 0.006786393 -0.000790483 -0.005356711 -0.006786404 0.999976993 -0.000012162 -0.019072102 0.000790382 0.000017526 0.999999702 1.245851517
0.999969304 0.007716722 -0.001376690 -0.005061586 -0.007717090 0.999970198 -0.000261150 -0.020154595 0.001374634 0.000271766 0.999999046 1.282635570
0.999967277 0.007772505 -0.002285447 -0.005854873 -0.007772747 0.999969840 -0.000097194 -0.020637942 0.002284623 0.000114955 0.999997437 1.318325281
0.999969661 0.006683645 -0.003997423 -0.006223372 -0.006679897 0.999977231 0.000950357 -0.021360191 0.004003684 -0.000923626 0.999991596 1.354061604
0.999971986 0.005827235 -0.004698803 -0.005828135 -0.005816939 0.999980628 0.002202148 -0.022073338 0.004711545 -0.002174754 0.999986529 1.390431166
0.999976635 0.004836766 -0.004838940 -0.006336445 -0.004826140 0.999985933 0.002205414 -0.022581082 0.004849539 -0.002182009 0.999985874 1.426536918
0.999985456 0.002494993 -0.004767462 -0.007210658 -0.002489696 0.999996305 0.001116686 -0.023001522 0.004770230 -0.001104800 0.999988079 1.462669015
0.999981463 0.002676181 -0.005479067 -0.006924305 -0.002666234 0.999994636 0.001821854 -0.023839708 0.005483914 -0.001807211 0.999983311 1.499858022
0.999984801 -0.000970779 -0.005428723 -0.006791636 0.000984998 0.999996066 0.002617095 -0.024161851 0.005426161 -0.002622403 0.999981761 1.534321189
0.999980509 -0.003464543 -0.005194078 -0.007117575 0.003483670 0.999987066 0.003677789 -0.024673676 0.005181270 -0.003695812 0.999979734 1.570970893
0.999979913 -0.004154425 -0.004788565 -0.007062715 0.004170776 0.999985456 0.003409607 -0.025482235 0.004774331 -0.003429511 0.999982715 1.604200244
0.999985456 -0.004160269 -0.003441357 -0.008322966 0.004166962 0.999989390 0.001940005 -0.026087016 0.003433249 -0.001954317 0.999992192 1.641028643
0.999970794 -0.006653504 -0.003757270 -0.008026293 0.006658777 0.999976873 0.001392537 -0.025820006 0.003747917 -0.001417515 0.999991953 1.677212477
0.999983132 -0.005205784 -0.002573797 -0.008794142 0.005210471 0.999984801 0.001817343 -0.026770564 0.002564297 -0.001830723 0.999995053 1.708974123
0.999994040 -0.001969400 -0.002840104 -0.008141244 0.001977661 0.999993861 0.002908567 -0.026869453 0.002834359 -0.002914167 0.999991715 1.745533705
0.999999344 0.000047200 -0.001160350 -0.010046212 -0.000041727 0.999988854 0.004715481 -0.027622674 0.001160560 -0.004715429 0.999988198 1.778816342
0.999989688 0.004444518 -0.000948900 -0.010036955 -0.004440467 0.999981165 0.004229449 -0.027525201 0.000967680 -0.004225192 0.999990582 1.820182085
0.999942601 0.010705064 0.000418477 -0.010910233 -0.010706481 0.999936402 0.003541529 -0.027898131 -0.000380538 -0.003545806 0.999993622 1.855449796
0.999918640 0.012705640 0.001147482 -0.011506083 -0.012708451 0.999916136 0.002477343 -0.027866952 -0.001115909 -0.002491724 0.999996245 1.891453981
0.999885857 0.014876856 0.002620424 -0.013013734 -0.014884328 0.999885201 0.002854883 -0.028713422 -0.002577651 -0.002893560 0.999992430 1.923619390
0.999906600 0.013423497 0.002566809 -0.012529776 -0.013432553 0.999903500 0.003544568 -0.029379696 -0.002518981 -0.003578715 0.999990404 1.956519842
0.999911427 0.013210800 0.001621404 -0.011320587 -0.013216600 0.999906123 0.003619693 -0.030790772 -0.001573433 -0.003640800 0.999992132 1.996053934
0.999923110 0.012296130 0.001619863 -0.011596648 -0.012300268 0.999921083 0.002570137 -0.031313326 -0.001588132 -0.002589864 0.999995410 2.029740810
0.999932230 0.011506087 0.001815143 -0.012954730 -0.011509343 0.999932230 0.001793714 -0.031147292 -0.001794381 -0.001814483 0.999996781 2.065821409
0.999930859 0.011734039 0.000785594 -0.011797654 -0.011736110 0.999927580 0.002689217 -0.032581855 -0.000753982 -0.002698251 0.999996066 2.098728180
0.999959230 0.009015390 0.000388075 -0.012195867 -0.009016324 0.999956310 0.002477307 -0.032671329 -0.000365724 -0.002480704 0.999996841 2.134180069
0.999948084 0.010122159 -0.001230910 -0.011628745 -0.010119411 0.999946356 0.002218128 -0.032600515 0.001253296 -0.002205556 0.999996781 2.168301344
0.999959588 0.008535148 -0.002808959 -0.010770593 -0.008529224 0.999961436 0.002114137 -0.031781286 0.002826895 -0.002090093 0.999993861 2.201035976
0.999969602 0.006991422 -0.003454645 -0.010792562 -0.006976811 0.999966860 0.004223056 -0.034536473 0.003484056 -0.004198825 0.999985099 2.234498978
0.999982774 0.004126550 -0.004173836 -0.012613771 -0.004104107 0.999977171 0.005371174 -0.034864288 0.004195905 -0.005353952 0.999976873 2.270785809
0.999982774 0.002345321 -0.005387316 -0.012401721 -0.002316071 0.999982655 0.005429223 -0.035508744 0.005399955 -0.005416651 0.999970794 2.303846121
0.999984026 0.000497540 -0.005632908 -0.012998869 -0.000469613 0.999987662 0.004958106 -0.035773885 0.005635305 -0.004955382 0.999971867 2.337887526
0.999987423 -0.000208661 -0.004988764 -0.013999386 0.000229944 0.999990880 0.004266336 -0.036310725 0.004987828 -0.004267430 0.999978483 2.371226788
0.999985158 -0.000207165 -0.005437467 -0.014387934 0.000227919 0.999992669 0.003816531 -0.036744084 0.005436637 -0.003817714 0.999977946 2.406273603
0.999982595 -0.001170828 -0.005789837 -0.013871563 0.001191586 0.999992847 0.003583051 -0.037292205 0.005785600 -0.003589888 0.999976873 2.437613249
0.999987721 -0.000901009 -0.004872521 -0.015699774 0.000914306 0.999995828 0.002727364 -0.037491385 0.004870043 -0.002731785 0.999984443 2.471876860
0.999982119 0.000111708 -0.005987263 -0.014990029 -0.000087862 0.999992013 0.003982877 -0.039332457 0.005987660 -0.003982280 0.999974191 2.507676363
0.999986827 0.001964049 -0.004746705 -0.015572826 -0.001943405 0.999988616 0.004349702 -0.038814992 0.004755194 -0.004340420 0.999979258 2.539939165
0.999984264 0.003026631 -0.004733387 -0.015966227 -0.002999425 0.999979079 0.005744190 -0.039325155 0.004750673 -0.005729903 0.999972284 2.573415756
0.999988437 0.002242116 -0.004259123 -0.017048744 -0.002222244 0.999986649 0.004664985 -0.039929405 0.004269525 -0.004655466 0.999980032 2.606517315
0.999987364 0.003578326 -0.003545969 -0.017310359 -0.003571604 0.999991775 0.001900021 -0.040170953 0.003552740 -0.001887332 0.999991894 2.638175488
0.999987423 0.002913844 -0.004104005 -0.017343931 -0.002912807 0.999995649 0.000258533 -0.040819999 0.004104741 -0.000246575 0.999991536 2.672681570
0.999991596 0.001528433 -0.003800455 -0.017637126 -0.001525475 0.999998569 0.000780864 -0.041108929 0.003801643 -0.000775059 0.999992490 2.705700159
0.999995172 -0.001700530 -0.002592604 -0.018395444 0.001710519 0.999991000 0.003855345 -0.042414032 0.002586025 -0.003859761 0.999989212 2.738725185
0.999992251 -0.002980339 -0.002574986 -0.017968224 0.002990023 0.999988377 0.003765175 -0.042323008 0.002563735 -0.003772845 0.999989569 2.772000074
0.999989867 -0.004235053 -0.001510226 -0.018318661 0.004238056 0.999989033 0.001990484 -0.042418338 0.001501779 -0.001996865 0.999996841 2.804325342
0.999996841 -0.002190165 -0.001214766 -0.018214686 0.002190503 0.999997616 0.000276358 -0.043458164 0.001214157 -0.000279018 0.999999225 2.836953402
0.999999881 -0.000353524 0.000154190 -0.018559193 0.000353767 0.999998629 -0.001580357 -0.044121761 -0.000153631 0.001580410 0.999998689 2.870694876
0.999992430 0.003755858 0.001026812 -0.018466378 -0.003753904 0.999991179 -0.001897559 -0.044446621 -0.001033930 0.001893690 0.999997616 2.903342724
0.999980569 0.005426607 0.003060917 -0.019174658 -0.005424789 0.999985158 -0.000602000 -0.045137081 -0.003064138 0.000585384 0.999995053 2.936422586
0.999975204 0.005120801 0.004845405 -0.020040296 -0.005128394 0.999985695 0.001555880 -0.045150597 -0.004837367 -0.001580690 0.999987006 2.969535828
0.999980032 0.004804228 0.004110322 -0.019083567 -0.004811598 0.999986887 0.001785298 -0.045618709 -0.004101691 -0.001805039 0.999989986 3.003672123
0.999974906 0.004796945 0.005209190 -0.018778406 -0.004807361 0.999986589 0.001989154 -0.046422187 -0.005199578 -0.002014146 0.999984443 3.036371231
0.999947667 0.007631268 0.006807413 -0.018790929 -0.007636346 0.999970615 0.000720323 -0.046637163 -0.006801716 -0.000772269 0.999976635 3.069149971
0.999933124 0.008335833 0.008016095 -0.018750248 -0.008340757 0.999965012 0.000581012 -0.047176294 -0.008010971 -0.000647833 0.999967694 3.101261139
0.999912560 0.009684529 0.009000701 -0.018937631 -0.009682396 0.999953091 -0.000280610 -0.047825415 -0.009002994 0.000193437 0.999959409 3.135458231
0.999900639 0.010326298 0.009597595 -0.018525930 -0.010318579 0.999946415 -0.000853377 -0.048316345 -0.009605891 0.000754259 0.999953568 3.168428183
0.999896944 0.009591241 0.010678893 -0.018156037 -0.009582931 0.999953687 -0.000829186 -0.048989985 -0.010686351 0.000726765 0.999942660 3.201958656
0.999878705 0.009876014 0.012037705 -0.018782023 -0.009878169 0.999951184 0.000119477 -0.049741693 -0.012035935 -0.000238373 0.999927461 3.234739304
0.999887288 0.007924397 0.012750464 -0.018539511 -0.007932119 0.999968350 0.000555169 -0.050050825 -0.012745659 -0.000656245 0.999918461 3.268991709
0.999886155 0.007800582 0.012914328 -0.018051501 -0.007817448 0.999968648 0.001256049 -0.051037155 -0.012904123 -0.001356863 0.999915779 3.302242279
0.999895394 0.005961445 0.013178900 -0.018092267 -0.005981487 0.999980986 0.001481799 -0.051749185 -0.013169816 -0.001560474 0.999912024 3.336584568
0.999911666 0.004438448 0.012529608 -0.017187551 -0.004467100 0.999987483 0.002259599 -0.052131306 -0.012519423 -0.002315370 0.999918878 3.366745472
0.999923885 0.003195743 0.011919538 -0.016984601 -0.003215989 0.999993443 0.001679769 -0.052292984 -0.011914093 -0.001717975 0.999927521 3.400273323
0.999938905 0.001386792 0.010967744 -0.016798723 -0.001399724 0.999998331 0.001171390 -0.052596759 -0.010966103 -0.001186670 0.999939144 3.433607340
0.999951124 0.000421522 0.009880627 -0.016551297 -0.000447583 0.999996424 0.002635555 -0.053660218 -0.009879482 -0.002639849 0.999947727 3.465657473
0.999960661 -0.001372025 0.008769353 -0.016446907 0.001345837 0.999994576 0.002991387 -0.054219134 -0.008773411 -0.002979467 0.999957085 3.499424934
0.999967813 -0.001854322 0.007812992 -0.016558604 0.001829972 0.999993384 0.003122571 -0.054785185 -0.007818731 -0.003108173 0.999964654 3.531975269
0.999978065 -0.001656004 0.006425419 -0.016176337 0.001639644 0.999995470 0.002550503 -0.055266298 -0.006429613 -0.002539912 0.999976158 3.565470934
0.999980688 -0.002151292 0.005830444 -0.016385762 0.002137339 0.999994814 0.002398275 -0.056228220 -0.005835574 -0.002385767 0.999980152 3.597884178
0.999981999 -0.004235292 0.004250799 -0.015758626 0.004235693 0.999991059 -0.000085792 -0.056770209 -0.004250397 0.000103796 0.999990940 3.631180525
0.999950647 -0.009362210 0.003338781 -0.015961552 0.009364738 0.999955833 -0.000742782 -0.057066921 -0.003331679 0.000774013 0.999994218 3.663591385
0.999832034 -0.018151503 0.002519013 -0.016100449 0.018146338 0.999833167 0.002058662 -0.058075722 -0.002555961 -0.002012605 0.999994755 3.696968317
0.999698400 -0.024539355 0.000925180 -0.015462650 0.024536068 0.999693155 0.003409979 -0.058425941 -0.001008575 -0.003386250 0.999993742 3.730585814
0.999606550 -0.028040262 0.000706729 -0.016228186 0.028040420 0.999606907 -0.000218248 -0.058591258 -0.000700331 0.000237979 0.999999702 3.762777090
0.999633074 -0.027074993 0.000844983 -0.015863430 0.027077429 0.999628782 -0.003019840 -0.059544742 -0.000762907 0.003041612 0.999995053 3.796836853
0.999696016 -0.024651125 -0.000159627 -0.014444960 0.024650173 0.999686301 -0.004441593 -0.060807928 0.000269069 0.004436309 0.999990165 3.833122253
0.999735475 -0.022914231 0.002052537 -0.015683403 0.022924926 0.999722898 -0.005349254 -0.060955945 -0.001929394 0.005394893 0.999983609 3.863468885
0.999659002 -0.025986668 0.002578835 -0.015621165 0.025991775 0.999660194 -0.001967393 -0.061503176 -0.002526832 0.002033751 0.999994755 3.897359848
0.999511182 -0.031106340 0.003154925 -0.015720170 0.031103615 0.999515772 0.000910198 -0.062098026 -0.003181711 -0.000811623 0.999994636 3.929952860
0.999338865 -0.036271852 0.002501976 -0.015071069 0.036264952 0.999338388 0.002748647 -0.063095748 -0.002600019 -0.002656098 0.999993145 3.963890553
0.999316871 -0.036844041 0.002882864 -0.014726565 0.036838152 0.999319196 0.002069056 -0.063404411 -0.002957134 -0.001961443 0.999993682 3.996747255
0.999386430 -0.034784112 0.004105648 -0.015377449 0.034773394 0.999391675 0.002652155 -0.063542038 -0.004195402 -0.002507760 0.999988079 4.030272961
0.999495268 -0.031368732 0.005027640 -0.015518468 0.031359322 0.999506295 0.001940252 -0.064177461 -0.005086021 -0.001781609 0.999985516 4.063645363
0.999609768 -0.027393913 0.005477310 -0.014938906 0.027394161 0.999624670 0.000030842 -0.064973094 -0.005476099 0.000119216 0.999984980 4.097485542
0.999673069 -0.024754198 0.006416339 -0.015397193 0.024759084 0.999693274 -0.000683683 -0.065340325 -0.006397447 0.000842322 0.999979198 4.129346848
0.999741375 -0.021518931 0.007359165 -0.015829086 0.021519480 0.999768436 0.000005124 -0.066043690 -0.007357571 0.000153242 0.999972939 4.165182114
0.999792278 -0.019247672 0.006696519 -0.015385354 0.019252483 0.999814451 -0.000654576 -0.066439018 -0.006682678 0.000783365 0.999977350 4.199209690
0.999844253 -0.016364865 0.006605037 -0.015416263 0.016387301 0.999860048 -0.003356700 -0.067168884 -0.006549181 0.003464416 0.999972522 4.232740879
0.999888897 -0.013863082 0.005469012 -0.015152538 0.013891640 0.999889970 -0.005219136 -0.067891650 -0.005396056 0.005294530 0.999971449 4.266280174
0.999940991 -0.009289715 0.005633293 -0.014845196 0.009326432 0.999935210 -0.006526812 -0.068929508 -0.005572297 0.006578966 0.999962807 4.297746181
0.999978364 -0.003690223 0.005442894 -0.014736820 0.003721171 0.999976933 -0.005686834 -0.069652230 -0.005421782 0.005706965 0.999969065 4.332217216
0.999985576 -0.000159628 0.005363097 -0.014635025 0.000180538 0.999992371 -0.003898514 -0.070713311 -0.005362434 0.003899426 0.999978006 4.368220329
0.999983251 -0.001071551 0.005692029 -0.013810905 0.001077452 0.999998868 -0.001033758 -0.071269259 -0.005690915 0.001039872 0.999983251 4.399057388
0.999963045 -0.006908732 0.005099165 -0.014643485 0.006908919 0.999976158 -0.000019264 -0.071193837 -0.005098911 0.000054493 0.999987006 4.432864189
0.999976277 -0.005453273 0.004190162 -0.014623825 0.005458161 0.999984503 -0.001156315 -0.071500137 -0.004183791 0.001179158 0.999990582 4.465466022
0.999983013 -0.005685445 0.001211944 -0.013589604 0.005692239 0.999967635 -0.005678588 -0.071701393 -0.001179619 0.005685390 0.999983132 4.500364780
0.999984622 -0.005429971 -0.001077792 -0.013342386 0.005419360 0.999939203 -0.009615160 -0.072241209 0.001129936 0.009609172 0.999953210 4.535593987
0.999996722 -0.002497107 -0.000718955 -0.015307715 0.002490908 0.999960780 -0.008499066 -0.074729577 0.000740150 0.008497247 0.999963582 4.569528103
0.999996126 0.002751728 -0.000461804 -0.015910981 -0.002755483 0.999961436 -0.008338857 -0.074911036 0.000438840 0.008340099 0.999965131 4.602992535
0.999990225 0.004348406 -0.000880964 -0.015715715 -0.004352647 0.999978662 -0.004872023 -0.075695939 0.000859760 0.004875810 0.999987721 4.638365746
0.999988914 0.004678166 -0.000468635 -0.016136514 -0.004680006 0.999981105 -0.004001698 -0.075803488 0.000449906 0.004003847 0.999991834 4.674009323
0.999995887 0.002841856 -0.000050794 -0.016911890 -0.002841937 0.999994516 -0.001673596 -0.077403590 0.000046038 0.001673734 0.999998569 4.709218979
0.999996424 0.002443369 0.001087915 -0.018035857 -0.002441532 0.999995589 -0.001686670 -0.077780686 -0.001092032 0.001684007 0.999998033 4.742678642
0.999999762 -0.000166511 0.000604549 -0.017229078 0.000167038 0.999999583 -0.000871691 -0.078467727 -0.000604404 0.000871792 0.999999404 4.776932240
0.999996364 -0.002383268 0.001261886 -0.017319338 0.002384134 0.999996901 -0.000685494 -0.079281248 -0.001260248 0.000688500 0.999998987 4.809133053
0.999979079 -0.006384359 0.001034877 -0.017613478 0.006383740 0.999979377 0.000599928 -0.079966582 -0.001038686 -0.000593309 0.999999285 4.849160194
0.999935389 -0.011327192 0.001035082 -0.017594744 0.011324903 0.999933422 0.002192119 -0.080579378 -0.001059843 -0.002180255 0.999997079 4.884359360
0.999910414 -0.013335563 0.001208461 -0.017034236 0.013332798 0.999908507 0.002267163 -0.081035808 -0.001238585 -0.002250847 0.999996722 4.919715881
0.999925435 -0.012178581 0.000878532 -0.016832266 0.012180272 0.999923885 -0.001947151 -0.081648871 -0.000854752 0.001957707 0.999997735 4.954765320
0.999986291 -0.004714125 0.002288621 -0.017830802 0.004731196 0.999960542 -0.007511630 -0.082145184 -0.002253120 0.007522355 0.999969125 4.990737438
0.999973297 0.006024484 0.004125504 -0.018994197 -0.005992319 0.999951839 -0.007765119 -0.083166704 -0.004172086 0.007740192 0.999961317 5.025853634
0.999911785 0.012167733 0.005324508 -0.019166380 -0.012145328 0.999917269 -0.004220007 -0.083425857 -0.005375415 0.004154966 0.999976933 5.062435150
0.999881864 0.014209950 0.005851322 -0.019255692 -0.014199808 0.999897540 -0.001771048 -0.084617376 -0.005875889 0.001687751 0.999981344 5.098607063
0.999925196 0.010955419 0.005441659 -0.019134955 -0.010947918 0.999939084 -0.001406414 -0.084789112 -0.005456737 0.001346734 0.999984145 5.132782936
0.999959707 0.007916037 0.004252599 -0.019251617 -0.007910064 0.999967694 -0.001419012 -0.085409701 -0.004263695 0.001385316 0.999989927 5.168587685
0.999974370 0.006096730 0.003776668 -0.019895118 -0.006089053 0.999979377 -0.002040892 -0.085913479 -0.003789033 0.002017844 0.999990761 5.204817772
0.999966919 0.007376046 0.003435685 -0.019983329 -0.007365909 0.999968588 -0.002953637 -0.086550303 -0.003457363 0.002928233 0.999989688 5.239105225
0.999968112 0.007554457 0.002578759 -0.019260297 -0.007548672 0.999969006 -0.002245082 -0.087467305 -0.002595639 0.002225544 0.999994159 5.276275158
0.999966443 0.007862067 0.002316696 -0.019307800 -0.007859045 0.999968290 -0.001310557 -0.088090837 -0.002326926 0.001292306 0.999996483 5.311454296
0.999968112 0.007578216 0.002504000 -0.019778445 -0.007574094 0.999969959 -0.001651250 -0.088866696 -0.002516438 0.001632232 0.999995530 5.347741127
0.999973416 0.007072611 0.001772045 -0.019772908 -0.007069000 0.999972999 -0.002035532 -0.090001866 -0.001786394 0.002022951 0.999996364 5.385344982
0.999967158 0.007926692 0.001668680 -0.020019460 -0.007920734 0.999962330 -0.003546919 -0.090191275 -0.001696732 0.003533586 0.999992311 5.421536446
0.999968350 0.007829187 0.001454436 -0.020007227 -0.007824043 0.999963224 -0.003510885 -0.090812877 -0.001481870 0.003499394 0.999992788 5.456813812
0.999964178 0.008392509 0.001101035 -0.020376761 -0.008388313 0.999957740 -0.003760355 -0.091590926 -0.001132547 0.003750985 0.999992311 5.493433475
0.999960184 0.008908287 0.000437461 -0.019907033 -0.008906435 0.999952018 -0.004066289 -0.092561238 -0.000473664 0.004062232 0.999991655 5.530691147
0.999953151 0.009638724 0.000790136 -0.021124519 -0.009635406 0.999945104 -0.004103046 -0.093394838 -0.000829640 0.004095240 0.999991298 5.567802429
0.999952734 0.009722078 0.000068812 -0.021407235 -0.009721700 0.999943733 -0.004241572 -0.094308309 -0.000110046 0.004240703 0.999991000 5.605120659
0.999950230 0.009974891 -0.000194003 -0.020917546 -0.009975600 0.999941945 -0.004082778 -0.094831169 0.000153267 0.004084511 0.999991655 5.639979362
0.999969006 0.007839437 -0.000601710 -0.021227090 -0.007841790 0.999961138 -0.004013835 -0.095639504 0.000570221 0.004018428 0.999991775 5.677724361
0.999978960 0.006470431 -0.000339262 -0.021579435 -0.006471915 0.999968588 -0.004574547 -0.096073732 0.000309652 0.004576647 0.999989510 5.714697361
0.999982178 0.005943784 -0.000310685 -0.021314364 -0.005945109 0.999972403 -0.004459840 -0.096913740 0.000284168 0.004461608 0.999990046 5.751192093
0.999989271 0.004556618 -0.000804645 -0.021309383 -0.004559065 0.999984920 -0.003065909 -0.098174907 0.000790663 0.003069545 0.999994934 5.789308071
0.999988437 0.004745846 -0.000808326 -0.021525800 -0.004748168 0.999984622 -0.002895956 -0.098852605 0.000794569 0.002899760 0.999995470 5.825836182
0.999986589 0.004832238 -0.001833005 -0.020656966 -0.004837237 0.999984622 -0.002732604 -0.100054488 0.001819772 0.002741433 0.999994576 5.862214088
0.999977648 0.006672585 0.000368538 -0.022302223 -0.006671201 0.999971151 -0.003634591 -0.100732401 -0.000392779 0.003632051 0.999993324 5.899935722
0.999981582 0.006071244 -0.000006970 -0.022311501 -0.006071223 0.999973357 -0.004046446 -0.100341775 -0.000017597 0.004046414 0.999991834 5.937788963
0.999975443 0.006918562 0.001093910 -0.022942377 -0.006916205 0.999973834 -0.002144026 -0.101006649 -0.001108715 0.002136408 0.999997079 5.975760460
0.999981940 0.005862690 0.001351057 -0.022550572 -0.005861773 0.999982595 -0.000682998 -0.102090195 -0.001355038 0.000675066 0.999998808 6.011826992
0.999977648 0.006381119 0.002010152 -0.023079488 -0.006374309 0.999974012 -0.003375967 -0.102325857 -0.002031642 0.003363078 0.999992251 6.050216198
0.999967635 0.007534428 0.002836154 -0.023436885 -0.007519716 0.999958456 -0.005162546 -0.103070408 -0.002874932 0.005141052 0.999982655 6.087599277
0.999956489 0.008568566 0.003699126 -0.023848519 -0.008550964 0.999952197 -0.004748084 -0.103891760 -0.003739634 0.004716245 0.999981880 6.125513554
0.999969602 0.007102779 0.003226477 -0.023666831 -0.007093929 0.999971032 -0.002746042 -0.104791760 -0.003245888 0.002723071 0.999991059 6.161977768
0.999973893 0.006917735 0.002101317 -0.023279481 -0.006912825 0.999973357 -0.002335110 -0.105733529 -0.002117415 0.002320522 0.999995053 6.200334549
0.999970019 0.007368886 0.002373418 -0.023852214 -0.007363427 0.999970257 -0.002300017 -0.106453948 -0.002390296 0.002282471 0.999994516 6.237649918
0.999957383 0.008546372 0.003486885 -0.024591383 -0.008534800 0.999958038 -0.003320073 -0.106366113 -0.003515113 0.003290172 0.999988377 6.274395943
0.999931157 0.010500962 0.005235694 -0.025481790 -0.010487014 0.999941409 -0.002684146 -0.107588977 -0.005263573 0.002629054 0.999982715 6.311031342
0.999953210 0.009440823 0.002113604 -0.024259456 -0.009436158 0.999952972 -0.002206940 -0.108222820 -0.002134340 0.002186893 0.999995351 6.350850582
0.999967694 0.007877150 0.001605939 -0.024191089 -0.007873639 0.999966621 -0.002180683 -0.108948216 -0.001623063 0.002167968 0.999996364 6.389076710
0.999977350 0.006735089 -0.000078702 -0.023410663 -0.006735103 0.999977231 -0.000164459 -0.110355169 0.000077593 0.000164985 1.000000000 6.428447247
0.999989212 0.004331005 0.001691173 -0.024463590 -0.004329123 0.999989927 -0.001114663 -0.110006340 -0.001695984 0.001107330 0.999997973 6.465238094
0.999996305 0.002116667 0.001721014 -0.024708997 -0.002114382 0.999996901 -0.001327665 -0.110852845 -0.001723819 0.001324021 0.999997616 6.502986431
0.999996543 0.000655213 0.002534874 -0.025573628 -0.000647366 0.999994993 -0.003095288 -0.111332022 -0.002536890 0.003093637 0.999992013 6.541625977
0.999998450 -0.000065783 0.001738529 -0.024772678 0.000067005 0.999999702 -0.000703128 -0.112409808 -0.001738482 0.000703244 0.999998212 6.578625679
0.999996185 -0.002109873 0.001803921 -0.024509931 0.002109000 0.999997735 0.000485979 -0.112756409 -0.001804942 -0.000482173 0.999998271 6.616188049
0.999994636 -0.002594785 0.002013799 -0.024408124 0.002596238 0.999996364 -0.000719518 -0.113218240 -0.002011925 0.000724742 0.999997675 6.653982639
0.999989033 -0.003989966 0.002508963 -0.025092283 0.003991983 0.999991715 -0.000799176 -0.114125356 -0.002505753 0.000809183 0.999996483 6.691110611
0.999993026 -0.002728651 0.002548111 -0.024776964 0.002731335 0.999995708 -0.001050475 -0.114582926 -0.002545234 0.001057427 0.999996185 6.729782104
0.999990165 -0.001796699 0.004066455 -0.025164181 0.001802160 0.999997437 -0.001339562 -0.115255617 -0.004064037 0.001346877 0.999990821 6.767158985
0.999986351 0.000848989 0.005151790 -0.025309209 -0.000840762 0.999998391 -0.001598952 -0.116162233 -0.005153139 0.001594598 0.999985456 6.804478168
0.999976635 0.002839650 0.006213775 -0.025651492 -0.002825713 0.999993503 -0.002250587 -0.116935581 -0.006220126 0.002232976 0.999978125 6.842499733
0.999969423 0.003038820 0.007197378 -0.025807813 -0.003023672 0.999993145 -0.002114594 -0.117550418 -0.007203754 0.002092766 0.999971867 6.880249977
0.999955416 0.004686215 0.008196914 -0.025441673 -0.004666423 0.999986172 -0.002432137 -0.118778393 -0.008208198 0.002393778 0.999963403 6.916718483
0.999938786 0.005690984 0.009478152 -0.024960935 -0.005662045 0.999979317 -0.003077369 -0.119805738 -0.009495468 0.003023515 0.999950290 6.953253269
0.999943376 0.004351672 0.009708975 -0.024918266 -0.004326886 0.999987304 -0.002572437 -0.120423689 -0.009720048 0.002530281 0.999949574 6.992531776
0.999940038 0.003187648 0.010477186 -0.024679124 -0.003171868 0.999993801 -0.001522400 -0.121162735 -0.010481975 0.001489077 0.999943912 7.030655384
0.999944329 0.001630518 0.010421948 -0.024117410 -0.001614838 0.999997556 -0.001512764 -0.121574193 -0.010424389 0.001495849 0.999944568 7.068262577
0.999940515 0.002026910 0.010716448 -0.024158321 -0.001986616 0.999990880 -0.003769372 -0.122749090 -0.010723989 0.003747859 0.999935389 7.105092049
0.999950469 0.000434032 0.009937109 -0.023478940 -0.000378349 0.999984264 -0.005604743 -0.123583108 -0.009939385 0.005600706 0.999934852 7.142571449
0.999953091 0.002037067 0.009471204 -0.023608729 -0.001980457 0.999980152 -0.005982589 -0.124519348 -0.009483203 0.005963551 0.999937236 7.181341171
0.999957561 0.000768222 0.009179180 -0.023449033 -0.000715783 0.999983430 -0.005714736 -0.125439227 -0.009183420 0.005707924 0.999941528 7.217815399
0.999970973 -0.000156766 0.007621841 -0.022866547 0.000205202 0.999979794 -0.006354576 -0.126260519 -0.007620690 0.006355956 0.999950707 7.255799770
0.999976575 0.001185681 0.006734792 -0.023017358 -0.001139882 0.999976277 -0.006800031 -0.127355888 -0.006742695 0.006792196 0.999954164 7.296782017
0.999978781 0.000907583 0.006453994 -0.022847205 -0.000864503 0.999977350 -0.006674599 -0.127508849 -0.006459904 0.006668879 0.999956906 7.331180096
0.999983549 -0.000381896 0.005733627 -0.022764262 0.000418056 0.999980032 -0.006306715 -0.128531933 -0.005731103 0.006309007 0.999963701 7.369231701
0.999991715 -0.001226704 0.003895154 -0.021490986 0.001244714 0.999988616 -0.004624643 -0.129187614 -0.003889436 0.004629455 0.999981761 7.408784866
0.999993563 0.001162578 0.003371055 -0.021956800 -0.001149483 0.999991775 -0.003883963 -0.129993707 -0.003375542 0.003880064 0.999986708 7.443120480
0.999985695 0.003438588 0.004089050 -0.022091322 -0.003422033 0.999985933 -0.004048638 -0.130261451 -0.004102915 0.004034587 0.999983430 7.479518890
0.999981523 0.003718061 0.004808759 -0.021714706 -0.003696411 0.999983072 -0.004503292 -0.131019205 -0.004825422 0.004485433 0.999978244 7.518349648
0.999983907 0.002032959 0.005299469 -0.021464020 -0.002006596 0.999985635 -0.004975276 -0.131334648 -0.005309508 0.004964562 0.999973536 7.556365013
0.999982655 0.000340301 0.005882123 -0.021491323 -0.000305471 0.999982417 -0.005921348 -0.132142022 -0.005884035 0.005919449 0.999965131 7.594010353
0.999979794 -0.002055185 0.006009100 -0.021510378 0.002102482 0.999966800 -0.007875235 -0.132970721 -0.005992715 0.007887710 0.999950945 7.631576538
0.999978244 -0.002746761 0.006012731 -0.021601439 0.002795628 0.999963105 -0.008133962 -0.134545952 -0.005990168 0.008150595 0.999948800 7.668198586
0.999989152 -0.001651823 0.004345075 -0.022142921 0.001691366 0.999957085 -0.009112673 -0.135235995 -0.004329836 0.009119923 0.999949038 7.706488609
0.999990463 -0.004001327 0.001760553 -0.022266306 0.004013798 0.999966383 -0.007137731 -0.137724549 -0.001731934 0.007144729 0.999972999 7.744287968
0.999998510 0.000223520 0.001675415 -0.022029689 -0.000214442 0.999985337 -0.005416256 -0.137001693 -0.001676601 0.005415889 0.999983907 7.781836033
0.999995768 -0.001032837 0.002699412 -0.022543784 0.001039954 0.999996066 -0.002636319 -0.137571260 -0.002696679 0.002639116 0.999992847 7.820048332
0.999994278 -0.001976822 0.002741935 -0.022547992 0.001981804 0.999996364 -0.001815384 -0.138284132 -0.002738336 0.001820807 0.999994576 7.857851982
0.999993324 -0.002165365 0.002943600 -0.022593725 0.002174149 0.999993145 -0.002983836 -0.139026001 -0.002937119 0.002990216 0.999991238 7.896588326
0.999989033 -0.003392259 0.003230255 -0.022785434 0.003403553 0.999988079 -0.003497177 -0.139478818 -0.003218353 0.003508133 0.999988675 7.934699059
0.999991357 -0.002445206 0.003374869 -0.023018194 0.002455949 0.999991894 -0.003182832 -0.140612915 -0.003367059 0.003191093 0.999989271 7.973768234
0.999983788 -0.003522726 0.004500903 -0.023321051 0.003534730 0.999990225 -0.002661549 -0.141464785 -0.004491483 0.002677415 0.999986351 8.011571884
0.999985218 -0.001807327 0.005126994 -0.023948532 0.001825492 0.999992073 -0.003540615 -0.141908601 -0.005120555 0.003549922 0.999980569 8.049725533
0.999979973 -0.000599388 0.006301372 -0.024377357 0.000625773 0.999991059 -0.004186083 -0.143233836 -0.006298807 0.004189942 0.999971390 8.086753845
0.999973238 -0.002844244 0.006740680 -0.023797415 0.002859786 0.999993265 -0.002297120 -0.143845364 -0.006734102 0.002316335 0.999974668 8.126818657
0.999969184 -0.001947670 0.007608782 -0.023897298 0.001964142 0.999995768 -0.002158013 -0.144356221 -0.007604546 0.002172892 0.999968767 8.164401054
0.999970555 -0.003115712 0.007016007 -0.023951557 0.003144748 0.999986529 -0.004131462 -0.144390762 -0.007003040 0.004153403 0.999966860 8.205735207
0.999969244 -0.003579631 0.006966783 -0.023839943 0.003598101 0.999990046 -0.002640520 -0.146075666 -0.006957259 0.002665507 0.999972224 8.241035461
0.999973595 -0.001742412 0.007052492 -0.024200380 0.001772604 0.999989271 -0.004277071 -0.147178113 -0.007044964 0.004289459 0.999965966 8.279443741
0.999975085 0.001147577 0.006965442 -0.024430875 -0.001095524 0.999971509 -0.007472293 -0.147979215 -0.006973818 0.007464476 0.999947786 8.316426277
0.999987364 0.001485728 0.004830959 -0.023334283 -0.001450160 0.999971867 -0.007357767 -0.148527220 -0.004841756 0.007350668 0.999961257 8.356201172
0.999988079 0.002667299 0.004081926 -0.023723822 -0.002652144 0.999989629 -0.003713637 -0.149680346 -0.004091789 0.003702768 0.999984741 8.394249916
0.999989569 0.003525264 0.002948555 -0.023478877 -0.003523298 0.999993563 -0.000671601 -0.150604248 -0.002950904 0.000661205 0.999995410 8.431484222
0.999987125 0.004642618 0.002087003 -0.023924435 -0.004637617 0.999986410 -0.002394970 -0.151117682 -0.002098094 0.002385260 0.999994934 8.469049454
0.999994457 0.003252301 -0.000599337 -0.023524240 -0.003254406 0.999988437 -0.003544438 -0.152021378 0.000587803 0.003546369 0.999993563 8.507541656
0.999995112 0.002242044 -0.002152044 -0.023954727 -0.002246480 0.999995410 -0.002061267 -0.152868882 0.002147412 0.002066091 0.999995589 8.545283318
0.999994397 0.000162658 -0.003335937 -0.023990519 -0.000166293 0.999999464 -0.001089398 -0.153798848 0.003335758 0.001089947 0.999993861 8.583137512
0.999990821 -0.000043222 -0.004287553 -0.023532363 0.000032244 0.999996662 -0.002560414 -0.154366255 0.004287650 0.002560253 0.999987543 8.620942116
0.999992013 -0.000633119 -0.003949985 -0.024612267 0.000619220 0.999993682 -0.003519081 -0.155368567 0.003952187 0.003516607 0.999986053 8.658452988
0.999990225 -0.000341780 -0.004432239 -0.024726484 0.000323322 0.999991298 -0.004164607 -0.155693620 0.004433624 0.004163133 0.999981582 8.696214676
0.999990582 -0.000624626 -0.004300926 -0.024689257 0.000609909 0.999994099 -0.003422194 -0.157023072 0.004303039 0.003419539 0.999984920 8.733809471
0.999988139 -0.000595589 -0.004824712 -0.024762468 0.000575949 0.999991596 -0.004071031 -0.157946527 0.004827096 0.004068204 0.999980092 8.771908760
0.999986351 -0.000845058 -0.005159573 -0.024919434 0.000819342 0.999987245 -0.004984267 -0.158716023 0.005163718 0.004979971 0.999974310 8.809891701
0.999989331 -0.001507970 -0.004397884 -0.025594141 0.001487826 0.999988317 -0.004580190 -0.159539729 0.004404740 0.004573598 0.999979794 8.847208977
0.999988914 -0.001460839 -0.004483949 -0.025811326 0.001438814 0.999986887 -0.004911189 -0.160578445 0.004491065 0.004904683 0.999977887 8.884922981
0.999981046 -0.002828402 -0.005480689 -0.025736438 0.002788658 0.999969780 -0.007245786 -0.160887212 0.005501017 0.007230364 0.999958694 8.924289703
0.999980628 -0.004260770 -0.004534208 -0.026417257 0.004237654 0.999978006 -0.005095868 -0.162035346 0.004555820 0.005076555 0.999976695 8.960266113
0.999975145 -0.005343265 -0.004597013 -0.026689753 0.005323398 0.999976456 -0.004323318 -0.162802845 0.004620004 0.004298739 0.999980032 8.997166634
0.999965131 -0.006538916 -0.005187877 -0.026681527 0.006511035 0.999964416 -0.005373247 -0.163820654 0.005222827 0.005339281 0.999972165 9.036948204
0.999981344 -0.004540215 -0.004118787 -0.027510257 0.004513478 0.999968767 -0.006477790 -0.164111391 0.004148070 0.006459079 0.999970555 9.073678017
0.999984026 -0.003801183 -0.004199850 -0.027779728 0.003777481 0.999976933 -0.005637241 -0.165085807 0.004221181 0.005621286 0.999975324 9.111397743
0.999993920 -0.001505915 -0.003171915 -0.028434865 0.001489544 0.999985576 -0.005157122 -0.165827632 0.003179635 0.005152367 0.999981642 9.149909973
0.999995768 -0.001079409 -0.002680620 -0.028709106 0.001065791 0.999986470 -0.005076430 -0.166839465 0.002686063 0.005073551 0.999983549 9.186900139
0.999997079 -0.001516900 -0.001846371 -0.029517248 0.001505035 0.999978244 -0.006410732 -0.167599067 0.001856056 0.006407935 0.999977767 9.224758148
0.999996006 -0.001666953 -0.002296119 -0.029093726 0.001651237 0.999975324 -0.006829555 -0.168102115 0.002307447 0.006825736 0.999974012 9.261871338
0.999992609 -0.002469070 -0.002950113 -0.029069172 0.002452075 0.999980450 -0.005750279 -0.169413969 0.002964253 0.005743002 0.999979138 9.300829887
0.999997258 -0.000173850 -0.002347868 -0.029762652 0.000159431 0.999981046 -0.006140052 -0.170251012 0.002348891 0.006139661 0.999978364 9.339552879
0.999997854 0.001320826 -0.001618487 -0.030285196 -0.001330649 0.999980628 -0.006083204 -0.170845777 0.001610421 0.006085345 0.999980211 9.377227783
0.999996066 0.002432938 -0.001377837 -0.030176435 -0.002441743 0.999976516 -0.006424934 -0.171868265 0.001362173 0.006428272 0.999978423 9.415697098
0.999984562 0.005428623 -0.001148005 -0.030764714 -0.005437392 0.999954998 -0.007778452 -0.172654480 0.001105727 0.007784574 0.999969065 9.453933716
0.999995053 0.002805179 -0.001424285 -0.030427465 -0.002815567 0.999969065 -0.007345019 -0.173060805 0.001403637 0.007348993 0.999971986 9.489007950
0.999990761 0.004292069 -0.000279975 -0.031511623 -0.004293751 0.999970913 -0.006311250 -0.173921347 0.000252878 0.006312395 0.999980032 9.525956154
0.999992609 0.003570332 -0.001364985 -0.030751085 -0.003577542 0.999979496 -0.005315902 -0.174917445 0.001345977 0.005320746 0.999984920 9.562649727
