0.999999702 -0.000652592 -0.000249311 -0.000161669 0.000653004 0.999998391 0.001656541 -0.000804933 0.000248229 -0.001656703 0.999998510 0.049983535
0.999998271 -0.001714073 -0.000738804 -0.000260937 0.001715335 0.999997020 0.001710709 -0.001538562 0.000735870 -0.001711973 0.999998271 0.099788085
0.999994338 -0.003276556 -0.000778386 -0.000423875 0.003277180 0.999994338 0.000801901 -0.002327676 0.000775754 -0.000804447 0.999999344 0.149570718
0.999992788 -0.003747099 -0.000664302 -0.000670684 0.003747738 0.999992490 0.000964202 -0.003119928 0.000660684 -0.000966685 0.999999285 0.199163318
0.999991953 -0.003941963 -0.000782400 -0.000769647 0.003943347 0.999990642 0.001774311 -0.003923693 0.000775399 -0.001777382 0.999998093 0.249561742
0.999985635 -0.005350119 -0.000336629 -0.001157018 0.005351076 0.999981463 0.002913421 -0.004514406 0.000321035 -0.002915181 0.999995708 0.300062686
0.999987602 -0.004954565 -0.000543983 -0.001454005 0.004956313 0.999982476 0.003260555 -0.005195378 0.000527819 -0.003263211 0.999994516 0.352209032
0.999991536 -0.004065720 -0.000637867 -0.001749345 0.004066849 0.999990165 0.001776925 -0.006163440 0.000630636 -0.001779504 0.999998152 0.401022404
0.999997675 -0.001695788 -0.001348304 -0.001671746 0.001694714 0.999998331 -0.000797282 -0.006625865 0.001349654 0.000794996 0.999998689 0.453228384
0.999997437 0.002162142 -0.000594478 -0.002647214 -0.002162968 0.999996603 -0.001392921 -0.007685666 0.000591464 0.001394203 0.999998868 0.502376378
0.999989331 0.004543234 -0.000852772 -0.002746177 -0.004544647 0.999988317 -0.001662590 -0.008434189 0.000845208 0.001666448 0.999998271 0.554288745
0.999984443 0.005579972 -0.000398431 -0.003391048 -0.005580158 0.999984324 -0.000465491 -0.009491153 0.000395828 0.000467707 0.999999821 0.604844272
0.999994278 0.003405283 -0.000135742 -0.003454332 -0.003405000 0.999992192 0.002037178 -0.010169019 0.000142678 -0.002036704 0.999997914 0.657212079
0.999999106 -0.001298292 -0.000211624 -0.003240849 0.001299144 0.999990761 0.004081364 -0.010990176 0.000206324 -0.004081635 0.999991596 0.707838655
0.999993265 -0.003521095 -0.001048246 -0.002823479 0.003522508 0.999992907 0.001348925 -0.011437737 0.001043489 -0.001352609 0.999998510 0.760992289
0.999989092 -0.004632771 -0.000568467 -0.003370208 0.004632631 0.999989212 -0.000248750 -0.012435834 0.000569613 0.000246114 0.999999821 0.810493588
0.999997199 -0.002302425 0.000514938 -0.003809537 0.002303300 0.999995887 -0.001704637 -0.013347349 -0.000511011 0.001705818 0.999998391 0.862318873
0.999999285 0.000344304 0.001125060 -0.004427129 -0.000344405 0.999999940 0.000089069 -0.013983466 -0.001125030 -0.000089457 0.999999285 0.913439274
0.999998808 0.001073242 0.001085938 -0.004191971 -0.001077671 0.999991119 0.004086144 -0.015066450 -0.001081543 -0.004087309 0.999991000 0.966763258
0.999996006 -0.002156853 0.001813839 -0.004381778 0.002146285 0.999980748 0.005808731 -0.015391717 -0.001826333 -0.005804815 0.999981463 1.018104911
0.999979138 -0.006258775 0.001557724 -0.004603202 0.006252801 0.999973238 0.003811217 -0.015736934 -0.001581536 -0.003801398 0.999991477 1.070478559
0.999977708 -0.006545033 0.001336765 -0.004260106 0.006542786 0.999977171 0.001678876 -0.016615611 -0.001347723 -0.001670092 0.999997675 1.123282433
0.999979734 -0.006063592 0.001965078 -0.004632055 0.006065827 0.999980927 -0.001133498 -0.017262783 -0.001958167 0.001145395 0.999997437 1.175815940
0.999990702 -0.003523987 0.002477568 -0.004704907 0.003527858 0.999992490 -0.001559661 -0.018337268 -0.002472053 0.001568387 0.999995708 1.227449417
0.999992728 -0.002325632 0.003013953 -0.005064779 0.002336697 0.999990523 -0.003672813 -0.019526903 -0.003005383 0.003679830 0.999988675 1.280259609
0.999993920 -0.001451885 0.003175628 -0.005446734 0.001462375 0.999993384 -0.003303540 -0.020132333 -0.003170811 0.003308164 0.999989510 1.333187580
0.999995172 -0.001400210 0.002777717 -0.005013867 0.001405556 0.999997139 -0.001923274 -0.021292020 -0.002775016 0.001927169 0.999994278 1.385186434
0.999994338 -0.000031654 0.003373262 -0.006413097 0.000033990 0.999999702 -0.000692348 -0.021864306 -0.003373239 0.000692459 0.999994099 1.437971473
0.999990582 0.002617477 0.003500008 -0.006999315 -0.002616686 0.999996603 -0.000230497 -0.022996744 -0.003500600 0.000221336 0.999993861 1.490927577
0.999983072 0.004962985 0.003009127 -0.006006850 -0.004962180 0.999987662 -0.000274827 -0.024238825 -0.003010453 0.000259891 0.999995410 1.543727756
0.999976158 0.006183830 0.003070420 -0.006565549 -0.006185605 0.999980688 0.000568761 -0.025046762 -0.003066844 -0.000587740 0.999995112 1.597106814
0.999970078 0.007265449 0.002631672 -0.006543647 -0.007267866 0.999973118 0.000909563 -0.026366364 -0.002624993 -0.000928662 0.999996185 1.650290489
0.999978542 0.006297566 0.001799775 -0.006221971 -0.006298233 0.999980092 0.000364646 -0.026765667 -0.001797443 -0.000375974 0.999998271 1.705503106
0.999982417 0.005835957 0.001021550 -0.006173769 -0.005835288 0.999982774 -0.000656388 -0.027323192 -0.001025363 0.000650415 0.999999285 1.759498239
0.999985874 0.005316766 -0.000107281 -0.006554290 -0.005316760 0.999985874 0.000046563 -0.028520502 0.000107527 -0.000045992 1.000000000 1.812139750
0.999986351 0.005175026 -0.000692051 -0.006820543 -0.005174401 0.999986172 0.000902576 -0.029409515 0.000696713 -0.000898982 0.999999344 1.867484212
0.999986768 0.004867950 -0.001636226 -0.007405267 -0.004866894 0.999988019 0.000648354 -0.030202728 0.001639362 -0.000640382 0.999998510 1.920550227
0.999980628 0.005185673 -0.003413388 -0.007336361 -0.005180947 0.999985635 0.001391965 -0.031306963 0.003420557 -0.001374253 0.999993205 1.975280762
0.999976218 0.005802226 -0.003721700 -0.008366929 -0.005796163 0.999981880 0.001637694 -0.031695124 0.003731134 -0.001616084 0.999991715 2.030053616
0.999980867 0.004362476 -0.004380924 -0.008605788 -0.004348798 0.999985754 0.003126596 -0.032516230 0.004394501 -0.003107484 0.999985456 2.083594084
0.999982774 0.001928369 -0.005538361 -0.009084235 -0.001912460 0.999994040 0.002876440 -0.033357479 0.005543875 -0.002865799 0.999980450 2.138288260
0.999984622 -0.000000212 -0.005527528 -0.010027498 0.000011152 0.999998033 0.001979107 -0.034010164 0.005527516 -0.001979138 0.999982715 2.193429708
0.999984324 -0.000919048 -0.005526252 -0.011146995 0.000933671 0.999996066 0.002644055 -0.035073396 0.005523800 -0.002649173 0.999981165 2.246615171
0.999983132 -0.002732340 -0.005128167 -0.010911364 0.002749439 0.999990702 0.003330232 -0.035920192 0.005119020 -0.003344275 0.999981284 2.299717903
0.999987662 -0.002186504 -0.004451477 -0.011822484 0.002203394 0.999990463 0.003792878 -0.036398470 0.004443140 -0.003802640 0.999982834 2.353991508
0.999976158 -0.005298183 -0.004423828 -0.011551917 0.005313956 0.999979556 0.003561365 -0.037290826 0.004404870 -0.003584788 0.999983788 2.407360315
0.999951959 -0.009033479 -0.003796195 -0.011741853 0.009044817 0.999954641 0.002980596 -0.037867121 0.003769098 -0.003014789 0.999988258 2.461281538
0.999970794 -0.006845725 -0.003394272 -0.012244849 0.006854225 0.999973416 0.002498720 -0.038899988 0.003377076 -0.002521912 0.999991119 2.513942957
0.999986410 -0.004662539 -0.002314949 -0.013397673 0.004668038 0.999986291 0.002375763 -0.039973412 0.002303840 -0.002386537 0.999994516 2.568520546
0.999995112 -0.002371175 -0.002046121 -0.013343520 0.002378586 0.999990582 0.003627000 -0.040634133 0.002037502 -0.003631849 0.999991357 2.619497061
0.999998987 0.000957057 -0.001039713 -0.014061894 -0.000951863 0.999987066 0.004985328 -0.041362580 0.001044471 -0.004984333 0.999987066 2.672981739
0.999989986 0.004457410 -0.000430212 -0.014551519 -0.004455010 0.999975324 0.005430306 -0.042170439 0.000454406 -0.005428336 0.999985099 2.725083590
0.999961257 0.008806567 0.000340680 -0.015580822 -0.008808081 0.999949992 0.004728878 -0.042675082 -0.000299017 -0.004731696 0.999988735 2.778673887
0.999931931 0.011645328 0.000693160 -0.015382700 -0.011648193 0.999922931 0.004283987 -0.043315388 -0.000643218 -0.004291770 0.999990582 2.831446409
0.999903023 0.013756611 0.002175863 -0.016302131 -0.013764296 0.999898911 0.003557725 -0.043613974 -0.002126701 -0.003587329 0.999991298 2.882130384
0.999904037 0.013769122 0.001494097 -0.015793271 -0.013775918 0.999894321 0.004638335 -0.044955511 -0.001430074 -0.004658473 0.999988139 2.936451197
0.999909818 0.013310986 0.001749166 -0.016226970 -0.013317943 0.999903142 0.004028194 -0.045644850 -0.001695377 -0.004051126 0.999990344 2.987426519
0.999934554 0.011311721 0.001689137 -0.016423728 -0.011317888 0.999929130 0.003687827 -0.046849158 -0.001647302 -0.003706704 0.999991775 3.041405916
0.999944627 0.010470282 0.001098816 -0.016089231 -0.010474141 0.999938786 0.003564760 -0.047329031 -0.001061425 -0.003576071 0.999993026 3.093498468
0.999947190 0.010252959 0.000724914 -0.016527055 -0.010255764 0.999939442 0.003976177 -0.048638858 -0.000684103 -0.003983401 0.999991834 3.146144867
0.999952376 0.009760426 0.000106572 -0.017030748 -0.009760727 0.999946833 0.003336779 -0.048992366 -0.000073998 -0.003337660 0.999994457 3.198704243
0.999952376 0.009733037 -0.000670463 -0.017221835 -0.009730563 0.999946117 0.003599464 -0.049700599 0.000705461 -0.003592768 0.999993324 3.250064611
0.999959111 0.008870627 -0.001788287 -0.017213082 -0.008862447 0.999950409 0.004531658 -0.050322577 0.001828397 -0.004515624 0.999988139 3.302622080
0.999964416 0.007865827 -0.003040120 -0.016798116 -0.007850346 0.999956250 0.005071348 -0.051667791 0.003079877 -0.005047302 0.999982536 3.353327751
0.999981582 0.004756941 -0.003767168 -0.018220142 -0.004734152 0.999970555 0.006035047 -0.052096542 0.003795766 -0.006017101 0.999974668 3.404350519
0.999981463 0.002778749 -0.005411126 -0.017041661 -0.002744576 0.999976277 0.006312422 -0.053569846 0.005428538 -0.006297454 0.999965370 3.457153797
0.999982774 0.000865736 -0.005797603 -0.018170632 -0.000833020 0.999983668 0.005643169 -0.053809874 0.005802395 -0.005638243 0.999967217 3.508594036
0.999985933 0.000642052 -0.005262626 -0.019701624 -0.000615721 0.999987304 0.005003305 -0.054484285 0.005265772 -0.004999994 0.999973595 3.559889555
0.999987125 0.001287514 -0.004915178 -0.020999856 -0.001265499 0.999989152 0.004479277 -0.055368111 0.004920892 -0.004472999 0.999977946 3.611201048
0.999987543 0.000994817 -0.004886565 -0.022138642 -0.000975830 0.999991953 0.003886236 -0.056130465 0.004890392 -0.003881418 0.999980569 3.663881540
0.999987781 0.001583469 -0.004666249 -0.022113716 -0.001566450 0.999992073 0.003648734 -0.057204794 0.004671991 -0.003641380 0.999982417 3.714235067
0.999988616 0.002307693 -0.004152866 -0.022885034 -0.002291451 0.999989748 0.003911561 -0.057727743 0.004161850 -0.003902001 0.999983728 3.765456915
0.999988377 0.002361064 -0.004189284 -0.023676608 -0.002339650 0.999984205 0.005109200 -0.058663968 0.004201280 -0.005099338 0.999978244 3.818426371
0.999986589 0.003404462 -0.003884115 -0.023532692 -0.003377213 0.999969780 0.007000373 -0.059789538 0.003907830 -0.006987162 0.999967933 3.867449522
0.999987364 0.002789477 -0.004184580 -0.023342885 -0.002766073 0.999980569 0.005588267 -0.060046930 0.004200088 -0.005576621 0.999975622 3.918417931
0.999987066 0.002591841 -0.004371253 -0.023784557 -0.002575123 0.999989271 0.003825775 -0.061804742 0.004381122 -0.003814469 0.999983132 3.970952034
0.999986470 0.002794449 -0.004381118 -0.024498761 -0.002785450 0.999993980 0.002058951 -0.062246900 0.004386846 -0.002046720 0.999988198 4.020952702
0.999992251 0.000663215 -0.003862398 -0.025193695 -0.000650268 0.999994159 0.003352530 -0.062803723 0.003864599 -0.003349992 0.999986827 4.071374416
0.999996006 -0.001032201 -0.002614124 -0.026198793 0.001044533 0.999988258 0.004720449 -0.063315168 0.002609221 -0.004723161 0.999985397 4.122925282
0.999989152 -0.003640383 -0.002897109 -0.025996698 0.003657319 0.999976158 0.005862188 -0.064178534 0.002875699 -0.005872720 0.999978602 4.175209045
0.999982417 -0.005361842 -0.002536914 -0.025839005 0.005374428 0.999973238 0.004980546 -0.065113254 0.002510141 -0.004994093 0.999984324 4.226369381
0.999991477 -0.003788103 -0.001682042 -0.025486104 0.003792930 0.999988675 0.002876056 -0.066000551 0.001671129 -0.002882411 0.999994457 4.273825169
1.000000000 -0.000132904 0.000121642 -0.027354322 0.000132898 0.999999940 0.000049343 -0.066344187 -0.000121648 -0.000049327 1.000000000 4.325678825
0.999995589 0.002768253 0.001077342 -0.027365195 -0.002767982 0.999996126 -0.000253112 -0.066736683 -0.001078039 0.000250129 0.999999404 4.377057552
0.999982774 0.004899987 0.003225810 -0.028520899 -0.004904703 0.999986887 0.001455684 -0.067301169 -0.003218635 -0.001471481 0.999993801 4.425002575
0.999981225 0.004404298 0.004260719 -0.028609304 -0.004421214 0.999982357 0.003969133 -0.068409756 -0.004243163 -0.003987897 0.999983013 4.478003979
0.999976158 0.004564461 0.005184714 -0.028729701 -0.004585419 0.999981344 0.004037641 -0.068850026 -0.005166187 -0.004061319 0.999978364 4.529402733
0.999971926 0.004414266 0.006054909 -0.028357022 -0.004436765 0.999983311 0.003707511 -0.069647379 -0.006038441 -0.003734272 0.999974787 4.579934120
0.999954224 0.006373882 0.007139784 -0.028426047 -0.006397735 0.999974012 0.003323171 -0.070321910 -0.007118417 -0.003368697 0.999969006 4.631111622
0.999950469 0.006119981 0.007851594 -0.027276393 -0.006146531 0.999975443 0.003361882 -0.070279732 -0.007830827 -0.003409975 0.999963582 4.681756496
0.999931574 0.007806543 0.008728564 -0.026661102 -0.007827752 0.999966502 0.002398393 -0.071722515 -0.008709549 -0.002466554 0.999959052 4.733952522
0.999890029 0.010330358 0.010640267 -0.028055459 -0.010344011 0.999945879 0.001229197 -0.072833896 -0.010626989 -0.001339125 0.999942660 4.783376217
0.999895394 0.008755169 0.011515268 -0.027548864 -0.008770237 0.999960721 0.001258692 -0.073267840 -0.011503795 -0.001359552 0.999932945 4.833816528
0.999889970 0.008177613 0.012376323 -0.027664814 -0.008205508 0.999963939 0.002204818 -0.073903307 -0.012357845 -0.002306129 0.999921024 4.887138844
0.999885976 0.007474004 0.013119822 -0.026955448 -0.007514222 0.999967158 0.003018707 -0.074836262 -0.013096831 -0.003116948 0.999909341 4.937519073
0.999876559 0.007361833 0.013881700 -0.026820056 -0.007407640 0.999967277 0.003251348 -0.075820148 -0.013857308 -0.003353777 0.999898374 4.987820625
0.999888241 0.005433886 0.013918859 -0.026112653 -0.005479094 0.999979854 0.003211921 -0.076523155 -0.013901125 -0.003287826 0.999897957 5.038488388
0.999904454 0.003553928 0.013365531 -0.025644198 -0.003610524 0.999984562 0.004212721 -0.077185616 -0.013350357 -0.004260574 0.999901831 5.090470791
0.999912024 0.002359855 0.013055483 -0.025435589 -0.002406062 0.999990940 0.003524681 -0.077920631 -0.013047047 -0.003555783 0.999908626 5.141231060
0.999935567 0.000849760 0.011318726 -0.024217580 -0.000883984 0.999995053 0.003018933 -0.078196816 -0.011316106 -0.003028743 0.999931395 5.193763733
0.999943316 -0.000491503 0.010633169 -0.024449129 0.000443877 0.999989808 0.004480931 -0.079318702 -0.010635261 -0.004475957 0.999933422 5.245039463
0.999949157 -0.001676612 0.009935617 -0.024343528 0.001631825 0.999988437 0.004514074 -0.080091730 -0.009943071 -0.004497631 0.999940455 5.296106815
0.999963343 -0.002217564 0.008269375 -0.023886044 0.002181554 0.999988139 0.004361146 -0.080405504 -0.008278946 -0.004342946 0.999956310 5.346701145
0.999971390 -0.002057091 0.007296326 -0.023810074 0.002028347 0.999990165 0.003944844 -0.081431150 -0.007304370 -0.003929931 0.999965608 5.398293495
0.999977231 -0.002189984 0.006384639 -0.023549549 0.002166421 0.999990761 0.003695222 -0.082107082 -0.006392673 -0.003681306 0.999972761 5.448180199
0.999972463 -0.005254249 0.005237027 -0.023556491 0.005243230 0.999983966 0.002115561 -0.083570011 -0.005248058 -0.002088044 0.999984086 5.499263287
0.999938846 -0.010286313 0.004063537 -0.022791909 0.010282014 0.999946475 0.001078064 -0.084115632 -0.004074410 -0.001036217 0.999991179 5.551773548
0.999843180 -0.017492332 0.002775432 -0.022233743 0.017483050 0.999841511 0.003333594 -0.084777787 -0.002833305 -0.003284548 0.999990642 5.603250027
0.999686241 -0.025041353 0.000580164 -0.021246443 0.025037766 0.999671161 0.005534397 -0.086115174 -0.000718561 -0.005518135 0.999984562 5.654767513
0.999593914 -0.028493622 0.000259279 -0.021830378 0.028493082 0.999592185 0.001881648 -0.086542107 -0.000312788 -0.001873497 0.999998152 5.704953671
0.999616981 -0.027666025 0.000674485 -0.022276482 0.027666800 0.999616563 -0.001167999 -0.087531172 -0.000641912 0.001186212 0.999999046 5.757048130
0.999720335 -0.023587642 0.001692442 -0.022463396 0.023593483 0.999715447 -0.003520122 -0.088478766 -0.001608930 0.003559068 0.999992371 5.807153225
0.999704838 -0.024148336 0.002636150 -0.022690866 0.024157543 0.999701977 -0.003517895 -0.089423366 -0.002550413 0.003580539 0.999990344 5.858334064
0.999610960 -0.027734488 0.002933508 -0.022353459 0.027733991 0.999615312 0.000210664 -0.090575427 -0.002938222 -0.000129224 0.999995649 5.910206795
0.999455035 -0.032761682 0.004030036 -0.023056624 0.032751638 0.999460340 0.002532468 -0.090948559 -0.004110829 -0.002399099 0.999988616 5.960780144
0.999348402 -0.035921987 0.003511450 -0.021404095 0.035908412 0.999347627 0.003854904 -0.091707870 -0.003647635 -0.003726301 0.999986410 6.013406754
0.999250412 -0.038556051 0.003477169 -0.021421082 0.038541600 0.999248445 0.004129454 -0.092679441 -0.003633771 -0.003992344 0.999985397 6.064682007
0.999342561 -0.036011524 0.004200552 -0.021001589 0.035992723 0.999342084 0.004467387 -0.092878833 -0.004358666 -0.004313261 0.999981225 6.117853165
0.999495149 -0.031244462 0.005768695 -0.021027602 0.031225048 0.999506474 0.003425783 -0.093599468 -0.005872886 -0.003243926 0.999977469 6.167976379
0.999572635 -0.028556786 0.006257740 -0.021048531 0.028543266 0.999590099 0.002239287 -0.095039412 -0.006319121 -0.002059713 0.999977946 6.220086098
0.999670744 -0.024622610 0.007224254 -0.020993080 0.024617963 0.999696672 0.000731444 -0.095045120 -0.007240074 -0.000553357 0.999973595 6.273122787
0.999702573 -0.023109162 0.007784830 -0.021235082 0.023094533 0.999731362 0.001964117 -0.095816925 -0.007828127 -0.001783746 0.999967754 6.323014259
0.999752104 -0.021024747 0.007319393 -0.020694017 0.021016734 0.999778450 0.001169356 -0.096668914 -0.007342356 -0.001015236 0.999972522 6.375429630
0.999784291 -0.019537563 0.007033826 -0.020032506 0.019544041 0.999808669 -0.000853480 -0.097571664 -0.007015805 0.000990765 0.999974906 6.426212311
0.999858499 -0.015465144 0.006611000 -0.020473659 0.015486325 0.999875069 -0.003164714 -0.099079341 -0.006561230 0.003266646 0.999973118 6.478053570
0.999929488 -0.009654479 0.006905495 -0.021420706 0.009687683 0.999941587 -0.004791119 -0.100144491 -0.006858835 0.004857679 0.999964654 6.532376766
0.999954402 -0.005984411 0.007433218 -0.021343537 0.006006610 0.999977529 -0.002967679 -0.101124942 -0.007415292 0.003012192 0.999967933 6.579890251
0.999968588 -0.002973810 0.007345980 -0.021048728 0.002984734 0.999994397 -0.001476492 -0.102003247 -0.007341551 0.001498372 0.999971867 6.637119293
0.999971509 -0.002125912 0.007237376 -0.020474359 0.002117949 0.999997079 0.001107801 -0.102896169 -0.007239711 -0.001092441 0.999973178 6.689560890
0.999964774 -0.004677303 0.006961537 -0.020543531 0.004667158 0.999988019 0.001472849 -0.103026181 -0.006968343 -0.001440307 0.999974668 6.740402699
0.999972999 -0.004913688 0.005463424 -0.020593546 0.004908906 0.999987543 0.000888400 -0.103330880 -0.005467722 -0.000861556 0.999984682 6.792381763
0.999973655 -0.006635935 0.002949879 -0.020547805 0.006644329 0.999973893 -0.002844821 -0.104667656 -0.002930924 0.002864346 0.999991596 6.849706173
0.999980271 -0.006222315 0.000862646 -0.020595852 0.006227996 0.999957800 -0.006746720 -0.106174394 -0.000820630 0.006751959 0.999976873 6.903829575
0.999995112 -0.003123624 0.000313801 -0.020721212 0.003125736 0.999970794 -0.006967627 -0.106960818 -0.000292028 0.006968574 0.999975741 6.955405712
0.999997079 0.002233810 0.001003438 -0.022852093 -0.002227714 0.999979377 -0.006035302 -0.110204339 -0.001016899 0.006033048 0.999981284 7.007715702
0.999993086 0.003633155 0.000683979 -0.021874767 -0.003631046 0.999988735 -0.003058925 -0.109082907 -0.000695085 0.003056420 0.999995053 7.066127777
0.999985993 0.005120432 0.001268720 -0.022130581 -0.005118643 0.999985933 -0.001409263 -0.109691709 -0.001275918 0.001402749 0.999998212 7.119210243
0.999992013 0.003867869 0.001051204 -0.022527896 -0.003867429 0.999992549 -0.000419491 -0.110585071 -0.001052819 0.000415422 0.999999344 7.174234867
0.999993026 0.003434173 0.001496840 -0.023521231 -0.003433358 0.999993920 -0.000546576 -0.110892788 -0.001498708 0.000541434 0.999998748 7.230032921
0.999997914 -0.001704261 0.001135196 -0.022317398 0.001703078 0.999998033 0.001042237 -0.112285122 -0.001136970 -0.001040301 0.999998748 7.282661438
0.999986410 -0.005215388 0.000307152 -0.021315278 0.005215088 0.999985993 0.000967614 -0.112498298 -0.000312194 -0.000965999 0.999999464 7.337917805
0.999973655 -0.007047236 0.001771560 -0.023317454 0.007044326 0.999973893 0.001643781 -0.113966040 -0.001783097 -0.001631258 0.999997020 7.393682003
0.999934971 -0.011256959 0.001825594 -0.021764651 0.011250642 0.999930799 0.003434550 -0.114494577 -0.001864130 -0.003413787 0.999992430 7.447704792
0.999880195 -0.015394147 0.001667241 -0.021622816 0.015387661 0.999874234 0.003835513 -0.115385503 -0.001726076 -0.003809398 0.999991238 7.503171444
0.999901652 -0.013889950 0.001913699 -0.021754749 0.013891088 0.999903381 -0.000582733 -0.115940139 -0.001905420 0.000609258 0.999998033 7.559812069
0.999984860 -0.004911081 0.002466626 -0.022134442 0.004926902 0.999967158 -0.006449919 -0.116399311 -0.002434869 0.006461974 0.999976099 7.612430573
0.999974191 0.005645478 0.004444772 -0.022957079 -0.005617354 0.999964297 -0.006314343 -0.118231677 -0.004480261 0.006289213 0.999970138 7.667497158
0.999903560 0.012744288 0.005521603 -0.023411360 -0.012728942 0.999915063 -0.002805393 -0.118650831 -0.005556887 0.002734838 0.999980807 7.721979618
0.999897778 0.012837262 0.006296081 -0.023883287 -0.012834941 0.999917567 -0.000408584 -0.119883582 -0.006300806 0.000327733 0.999980092 7.777832031
0.999919176 0.011193547 0.006030416 -0.024127726 -0.011193257 0.999937356 -0.000082238 -0.120436139 -0.006030957 0.000014731 0.999981761 7.832884789
0.999953449 0.008149005 0.005155724 -0.024290398 -0.008146233 0.999966681 -0.000558556 -0.120975025 -0.005160104 0.000516530 0.999986470 7.888202190
0.999974191 0.006076407 0.003834344 -0.023652688 -0.006073212 0.999981225 -0.000843974 -0.122193150 -0.003839401 0.000820666 0.999992311 7.943755150
0.999975026 0.006478983 0.002804287 -0.023355532 -0.006474969 0.999978065 -0.001437465 -0.122979380 -0.002813538 0.001419272 0.999995112 7.999900341
0.999958932 0.008472891 0.003212719 -0.024067456 -0.008468074 0.999963045 -0.001510011 -0.123450778 -0.003225395 0.001482744 0.999993742 8.057013512
0.999957561 0.008792529 0.002746442 -0.024164146 -0.008791798 0.999961317 -0.000278178 -0.125101328 -0.002748782 0.000254021 0.999996185 8.113595009
0.999965072 0.007998032 0.002423643 -0.024504393 -0.007996476 0.999967813 -0.000650879 -0.126299992 -0.002428771 0.000631476 0.999996841 8.170388222
0.999965489 0.007776859 0.002935218 -0.025118014 -0.007770210 0.999967337 -0.002269714 -0.126632228 -0.002952773 0.002246829 0.999993086 8.227771759
0.999971986 0.007169860 0.002147777 -0.024834964 -0.007164984 0.999971688 -0.002270082 -0.127639115 -0.002163993 0.002254630 0.999995053 8.281641006
0.999968469 0.007641523 0.002134690 -0.025528630 -0.007636019 0.999967456 -0.002574286 -0.128600329 -0.002154292 0.002557905 0.999994397 8.337933540
0.999964356 0.008096869 0.002394397 -0.026113905 -0.008089970 0.999963105 -0.002876578 -0.129505619 -0.002417599 0.002857104 0.999992967 8.393363953
0.999964356 0.008353356 0.001242669 -0.025480371 -0.008349734 0.999960899 -0.002892253 -0.130947456 -0.001266780 0.002881775 0.999994993 8.452932358
0.999948919 0.010052230 0.001038145 -0.026105097 -0.010048320 0.999942541 -0.003707973 -0.131940842 -0.001075359 0.003697352 0.999992609 8.510428429
0.999959350 0.009011324 0.000365398 -0.025087606 -0.009010186 0.999954879 -0.003004994 -0.133502826 -0.000392460 0.003001580 0.999995410 8.566256523
0.999955177 0.009464696 0.000192537 -0.025866330 -0.009463920 0.999948382 -0.003694737 -0.133831501 -0.000227496 0.003692749 0.999993086 8.625607491
0.999969780 0.007677651 -0.001180890 -0.024567384 -0.007681583 0.999964893 -0.003362079 -0.135258362 0.001155036 0.003371048 0.999993622 8.683843613
0.999975264 0.007019062 -0.000348075 -0.026113959 -0.007020320 0.999968350 -0.003757233 -0.136620894 0.000321692 0.003759584 0.999992847 8.741010666
0.999983728 0.005697696 0.000010827 -0.026587695 -0.005697634 0.999978662 -0.003188756 -0.138083726 -0.000028996 0.003188644 0.999994934 8.799823761
0.999986470 0.005160813 0.000644585 -0.027365746 -0.005159263 0.999983847 -0.002385189 -0.139182046 -0.000656885 0.002381831 0.999996960 8.856502533
0.999986768 0.005145361 0.000332853 -0.027094096 -0.005144605 0.999984264 -0.002231889 -0.140502006 -0.000344332 0.002230147 0.999997497 8.916524887
0.999989390 0.004590349 -0.000274279 -0.026660303 -0.004591011 0.999986410 -0.002460638 -0.141718164 0.000262980 0.002461872 0.999996960 8.973730087
0.999983788 0.005627955 -0.000790785 -0.025487375 -0.005629956 0.999980867 -0.002551866 -0.143451884 0.000776408 0.002556277 0.999996483 9.032000542
0.999977171 0.006724658 0.000664176 -0.026733488 -0.006723326 0.999975443 -0.001988143 -0.144081622 -0.000677530 0.001983633 0.999997854 9.088602066
0.999979854 0.006294822 0.000769825 -0.027140310 -0.006294396 0.999980032 -0.000553500 -0.144358963 -0.000773295 0.000548644 0.999999523 9.148302078
0.999970078 0.007479142 0.001972551 -0.027821785 -0.007479090 0.999971986 -0.000033959 -0.146181703 -0.001972750 0.000019205 0.999998033 9.207193375
0.999960721 0.008670832 0.001874744 -0.027615428 -0.008670518 0.999962449 -0.000174471 -0.149310455 -0.001876187 0.000158209 0.999998212 9.266371727
0.999977291 0.006132880 0.002793431 -0.028395338 -0.006125369 0.999977648 -0.002688944 -0.147950888 -0.002809859 0.002671772 0.999992490 9.322249413
0.999974728 0.006242975 0.003406046 -0.028634802 -0.006234604 0.999977589 -0.002462772 -0.148659751 -0.003421344 0.002441474 0.999991179 9.381626129
0.999971926 0.006534833 0.003677351 -0.029194564 -0.006528444 0.999977171 -0.001746805 -0.149803251 -0.003688682 0.001722749 0.999991775 9.441361427
0.999977946 0.006137809 0.002575169 -0.028778961 -0.006136347 0.999980986 -0.000575581 -0.151349917 -0.002578653 0.000559766 0.999996483 9.498088837
0.999972403 0.007160610 0.001964457 -0.028616134 -0.007159603 0.999974191 -0.000519417 -0.152434975 -0.001968126 0.000505338 0.999997973 9.556238174
0.999956787 0.008849763 0.002861495 -0.029139720 -0.008847541 0.999960542 -0.000788293 -0.153194264 -0.002868359 0.000762942 0.999995649 9.615969658
0.999953330 0.009183082 0.002999762 -0.029642122 -0.009181445 0.999957621 -0.000560185 -0.154282182 -0.003004780 0.000532617 0.999995291 9.672648430
0.999949098 0.009640604 0.002990900 -0.029846126 -0.009639910 0.999953508 -0.000246413 -0.155451953 -0.002993137 0.000217568 0.999995470 9.731459618
0.999955714 0.009029889 0.002647422 -0.029633153 -0.009026732 0.999958515 -0.001201689 -0.155765668 -0.002658163 0.001177738 0.999995828 9.792511940
0.999983370 0.004709468 0.003320072 -0.030945130 -0.004712680 0.999988377 0.000960549 -0.157327250 -0.003315510 -0.000976179 0.999994040 9.849419594
0.999993145 0.002958161 0.002190397 -0.030301590 -0.002959163 0.999995470 0.000454522 -0.157517686 -0.002189042 -0.000461001 0.999997556 9.909909248
0.999993086 0.001534489 0.003396729 -0.031700313 -0.001537267 0.999998450 0.000815408 -0.159099922 -0.003395473 -0.000820624 0.999993920 9.968111038
0.999995470 -0.001724696 0.002461088 -0.031399108 0.001724414 0.999998510 0.000116803 -0.160011575 -0.002461286 -0.000112558 0.999996960 10.027471542
0.999991000 -0.003262319 0.002715426 -0.031099299 0.003256858 0.999992669 0.002013373 -0.161241308 -0.002721974 -0.002004511 0.999994278 10.088524818
0.999983430 -0.004880619 0.003042865 -0.031267099 0.004868560 0.999980330 0.003957754 -0.162017554 -0.003062121 -0.003942875 0.999987483 10.146152496
0.999982774 -0.004915278 0.003189831 -0.030100811 0.004907573 0.999984980 0.002419250 -0.162410080 -0.003201675 -0.002403554 0.999992013 10.203463554
0.999986112 -0.002694716 0.004514390 -0.032024506 0.002688546 0.999995530 0.001372377 -0.164568663 -0.004518067 -0.001360221 0.999988914 10.264494896
0.999971330 -0.006376627 0.004085083 -0.029847622 0.006370382 0.999978483 0.001540031 -0.163443878 -0.004094816 -0.001513964 0.999990523 10.318587303
0.999980390 -0.002833143 0.005580744 -0.030974541 0.002826063 0.999995172 0.001276124 -0.164944291 -0.005584334 -0.001260328 0.999983609 10.380608559
0.999974251 -0.001252424 0.007054168 -0.031376608 0.001243570 0.999998391 0.001259383 -0.166154534 -0.007055735 -0.001250578 0.999974310 10.438114166
0.999971867 0.000330703 0.007485952 -0.030549802 -0.000332136 0.999999881 0.000190189 -0.166749403 -0.007485888 -0.000192670 0.999971926 10.497907639
0.999963045 0.001028867 0.008536532 -0.031480767 -0.001032276 0.999999404 0.000394944 -0.167496383 -0.008536120 -0.000403742 0.999963462 10.557587624
0.999961317 0.000593622 0.008770950 -0.031157441 -0.000586702 0.999999523 -0.000791417 -0.167752743 -0.008771415 0.000786240 0.999961197 10.617318153
0.999930263 0.003333838 0.011327889 -0.032190099 -0.003325671 0.999994218 -0.000739783 -0.170620710 -0.011330290 0.000702058 0.999935567 10.675406456
0.999944031 -0.000172998 0.010581934 -0.029716976 0.000177444 0.999999881 -0.000419320 -0.170247287 -0.010581861 0.000421174 0.999943972 10.733090401
0.999922097 0.000700759 0.012473141 -0.030982196 -0.000709132 0.999999523 0.000666896 -0.172372937 -0.012472668 -0.000675689 0.999921978 10.793426514
0.999915600 -0.000426208 0.012988989 -0.030764610 0.000413821 0.999999464 0.000956318 -0.173168957 -0.012989387 -0.000950862 0.999915183 10.852273941
0.999923885 -0.000507061 0.012328645 -0.029287934 0.000525496 0.999998748 -0.001492168 -0.174369037 -0.012327875 0.001498533 0.999922872 10.912499428
0.999923706 -0.000636812 0.012332710 -0.028792873 0.000680257 0.999993563 -0.003518930 -0.175883383 -0.012330390 0.003527051 0.999917686 10.971023560
0.999938846 -0.002341909 0.010810820 -0.028147392 0.002379942 0.999991000 -0.003506523 -0.176752478 -0.010802510 0.003532038 0.999935329 11.031590462
0.999939501 -0.002505203 0.010715264 -0.028582230 0.002548223 0.999988735 -0.004003120 -0.177316934 -0.010705113 0.004030183 0.999934554 11.091531754
0.999948919 -0.003055568 0.009634462 -0.027812548 0.003098682 0.999985158 -0.004463176 -0.178719670 -0.009620681 0.004492802 0.999943554 11.150525093
0.999953985 -0.002738423 0.009196219 -0.028438434 0.002782901 0.999984443 -0.004827179 -0.179683670 -0.009182858 0.004852549 0.999946058 11.211894989
0.999961734 -0.001690394 0.008582857 -0.027528927 0.001726694 0.999989569 -0.004223646 -0.180935770 -0.008575627 0.004238303 0.999954224 11.270100594
0.999966383 -0.002712639 0.007731794 -0.027552813 0.002744079 0.999987960 -0.004058637 -0.182228565 -0.007720692 0.004079717 0.999961793 11.329266548
0.999973834 -0.002836013 0.006654700 -0.027448900 0.002850467 0.999993622 -0.002163660 -0.184301019 -0.006648521 0.002182573 0.999975502 11.389118195
0.999975145 -0.000904724 0.006996845 -0.029115729 0.000916787 0.999998212 -0.001720969 -0.184226811 -0.006995276 0.001727341 0.999974012 11.448831558
0.999970734 -0.000216464 0.007645230 -0.028178327 0.000220409 0.999999762 -0.000515099 -0.186601266 -0.007645117 0.000516769 0.999970555 11.508713722
0.999959946 0.000565714 0.008937951 -0.028919272 -0.000558495 0.999999464 -0.000810175 -0.187722474 -0.008938406 0.000805151 0.999959648 11.569070816
0.999957561 -0.001007159 0.009151898 -0.028127402 0.001019474 0.999998510 -0.001341095 -0.188061818 -0.009150536 0.001350368 0.999957204 11.628161430
0.999949098 -0.003489906 0.009472413 -0.027460672 0.003515692 0.999990106 -0.002706838 -0.188737333 -0.009462873 0.002740003 0.999951422 11.686840057
0.999941111 -0.004262561 0.009978068 -0.027720571 0.004307336 0.999980748 -0.004470049 -0.190156534 -0.009958822 0.004512765 0.999940217 11.747436523
0.999940157 -0.004749682 0.009850290 -0.027481057 0.004800122 0.999975383 -0.005103303 -0.191333950 -0.009825809 0.005150281 0.999938428 11.810091019
0.999972939 -0.003193483 0.006619308 -0.025228366 0.003232349 0.999977469 -0.005869261 -0.193007648 -0.006600416 0.005890498 0.999960840 11.871875763
0.999973953 -0.002476131 0.006792979 -0.028357282 0.002515390 0.999980092 -0.005776848 -0.193421796 -0.006778542 0.005793784 0.999960303 11.932661057
0.999981642 -0.001539795 0.005846532 -0.027896240 0.001552459 0.999996483 -0.002162075 -0.195107430 -0.005843181 0.002171111 0.999980569 11.994390488
0.999976516 -0.003009753 0.006141377 -0.027284652 0.003004755 0.999995172 0.000822952 -0.195979372 -0.006143824 -0.000804479 0.999980807 12.056786537
0.999972582 -0.003666525 0.006429103 -0.027213037 0.003656976 0.999992311 0.001496506 -0.197055042 -0.006434542 -0.001472954 0.999978185 12.118119240
0.999968350 -0.004376732 0.006638410 -0.026568718 0.004374960 0.999990463 0.000281142 -0.197794005 -0.006639577 -0.000252090 0.999977887 12.179903984
0.999960840 -0.005325526 0.007069567 -0.026916854 0.005323019 0.999985695 0.000373377 -0.199346423 -0.007071455 -0.000335731 0.999974966 12.240948677
0.999959171 -0.005149690 0.007427378 -0.026891932 0.005146900 0.999986649 0.000394730 -0.200169995 -0.007429311 -0.000356486 0.999972343 12.302310944
0.999958754 -0.004377007 0.007953810 -0.026603587 0.004375391 0.999990404 0.000220420 -0.201448902 -0.007954697 -0.000185610 0.999968350 12.364989281
0.999960721 -0.002971831 0.008353643 -0.026091658 0.002978447 0.999995291 -0.000779603 -0.202422008 -0.008351287 0.000804453 0.999964774 12.426550865
0.999954998 -0.002427806 0.009171153 -0.026403904 0.002436638 0.999996603 -0.000951984 -0.203854829 -0.009168810 0.000974288 0.999957502 12.488351822
0.999943733 -0.004516183 0.009596605 -0.025187582 0.004500829 0.999988616 0.001620968 -0.205542311 -0.009603813 -0.001577685 0.999952734 12.549839020
0.999935508 -0.004941217 0.010228497 -0.025720567 0.004921527 0.999985993 0.001949295 -0.206037238 -0.010237985 -0.001898829 0.999945760 12.611789703
0.999935329 -0.005472037 0.009967473 -0.024906054 0.005470932 0.999985099 0.000137992 -0.206929490 -0.009968079 -0.000083452 0.999950290 12.672864914
0.999940336 -0.003997773 0.010166039 -0.024899125 0.003990744 0.999991715 0.000711651 -0.208308384 -0.010168800 -0.000671039 0.999948084 12.735201836
0.999943435 -0.001488818 0.010524768 -0.025521651 0.001508978 0.999997020 -0.001907820 -0.209049210 -0.010521896 0.001923595 0.999942839 12.795360565
0.999958158 -0.000722719 0.009119780 -0.024319775 0.000761660 0.999990582 -0.004267160 -0.210576445 -0.009116610 0.004273928 0.999949336 12.858034134
0.999964476 0.001105500 0.008353888 -0.024181336 -0.001069425 0.999989986 -0.004321660 -0.211674452 -0.008358583 0.004312573 0.999955773 12.919902802
0.999969423 0.001540389 0.007659579 -0.023992985 -0.001538907 0.999998808 -0.000199444 -0.213189065 -0.007659875 0.000187651 0.999970615 12.980823517
0.999978960 0.002126552 0.006124968 -0.023551293 -0.002142844 0.999994218 0.002654531 -0.214222074 -0.006119287 -0.002667600 0.999977708 13.042130470
0.999982357 0.003016301 0.005111378 -0.023886696 -0.003023732 0.999994397 0.001446520 -0.215248421 -0.005106987 -0.001461950 0.999985874 13.104351044
0.999988139 0.003175658 0.003677599 -0.024276808 -0.003172714 0.999994695 -0.000806274 -0.216113478 -0.003680140 0.000794597 0.999992907 13.164888382
0.999998629 0.000716174 0.001477148 -0.023901289 -0.000717957 0.999998987 0.001206772 -0.217285946 -0.001476283 -0.001207831 0.999998152 13.225732803
0.999999642 -0.000642988 0.000491737 -0.023899147 0.000642090 0.999998093 0.001823288 -0.218526959 -0.000492908 -0.001822971 0.999998212 13.287405014
0.999999523 -0.000910822 0.000185637 -0.024218004 0.000910606 0.999998927 0.001163348 -0.219746679 -0.000186696 -0.001163178 0.999999285 13.347004890
0.999997973 -0.001895145 -0.000695728 -0.023946183 0.001894857 0.999998152 -0.000413890 -0.220037878 0.000696511 0.000412571 0.999999642 13.409097672
0.999998569 -0.001709957 0.000049249 -0.025331840 0.001709969 0.999998569 -0.000259827 -0.220920682 -0.000048805 0.000259911 1.000000000 13.468077660
0.999997079 -0.002409820 0.000031942 -0.025131833 0.002409815 0.999997079 0.000170284 -0.222844690 -0.000032352 -0.000170206 1.000000000 13.529344559
0.999996841 -0.002254722 0.001072534 -0.026766628 0.002254497 0.999997437 0.000211337 -0.224728405 -0.001073007 -0.000208918 0.999999404 13.589040756
0.999997556 -0.002204137 0.000256684 -0.025783621 0.002204412 0.999997020 -0.001072972 -0.225197375 -0.000254319 0.001073535 0.999999404 13.649611473
0.999996960 -0.002364063 0.000741725 -0.026626347 0.002365252 0.999995947 -0.001606138 -0.225760028 -0.000737925 0.001607887 0.999998391 13.710920334
0.999996483 -0.002572919 0.000701195 -0.027053921 0.002574115 0.999995232 -0.001709256 -0.227575004 -0.000696794 0.001711055 0.999998331 13.771384239
0.999991357 -0.004127085 0.000525565 -0.026261687 0.004128592 0.999987304 -0.002897830 -0.228931934 -0.000513599 0.002899975 0.999995649 13.831021309
0.999992728 -0.003632007 0.001163582 -0.027333701 0.003633771 0.999992192 -0.001517574 -0.229772866 -0.001158061 0.001521791 0.999998093 13.892133713
0.999971628 -0.007416948 0.001300313 -0.027334958 0.007418161 0.999972045 -0.000930736 -0.230556667 -0.001293373 0.000940355 0.999998689 13.952765465
0.999967933 -0.007998120 0.000309302 -0.026188353 0.007998505 0.999967158 -0.001263450 -0.232235789 -0.000299186 0.001265884 0.999999166 14.015372276
0.999978065 -0.006572133 0.000811855 -0.026487693 0.006573647 0.999976575 -0.001876945 -0.233126268 -0.000799500 0.001882240 0.999997854 14.076498985
0.999983013 -0.005726400 0.001076287 -0.027016938 0.005726966 0.999983490 -0.000523783 -0.234717205 -0.001073270 0.000529937 0.999999225 14.137151718
0.999985874 -0.005315290 0.000161670 -0.026630228 0.005315138 0.999985456 0.000930866 -0.236285776 -0.000166615 -0.000929993 0.999999523 14.198159218
0.999986649 -0.004905285 0.001637059 -0.027341763 0.004905098 0.999987960 0.000118529 -0.236868054 -0.001637621 -0.000110498 0.999998629 14.259401321
0.999982953 -0.005672810 0.001388529 -0.027801385 0.005672921 0.999983907 -0.000076704 -0.238318205 -0.001388072 0.000084580 0.999998987 14.320904732
0.999986589 -0.004754352 0.002030946 -0.027827667 0.004755718 0.999988496 -0.000668805 -0.239100367 -0.002027743 0.000678454 0.999997735 14.382620811
0.999988317 -0.004427874 0.001910068 -0.027819032 0.004430005 0.999989629 -0.001113515 -0.240010768 -0.001905117 0.001121964 0.999997556 14.445430756
0.999994338 -0.002488181 0.002233349 -0.028063443 0.002491335 0.999995887 -0.001410814 -0.240853250 -0.002229829 0.001416370 0.999996483 14.506113052
0.999995589 -0.001634741 0.002486115 -0.028604090 0.001635602 0.999998569 -0.000344365 -0.241996527 -0.002485549 0.000348429 0.999996841 14.568311691
0.999994874 -0.000160900 0.003206908 -0.029103409 0.000166759 0.999998331 -0.001826943 -0.242752910 -0.003206609 0.001827469 0.999993205 14.630460739
0.999983788 0.003193697 0.004725695 -0.030156903 -0.003176897 0.999988556 -0.003558333 -0.243551835 -0.004737005 0.003543262 0.999982476 14.690830231
0.999992967 0.001047240 0.003591992 -0.028907172 -0.001038474 0.999996483 -0.002441383 -0.245089754 -0.003594536 0.002437636 0.999990523 14.751417160
0.999991357 0.002045377 0.003614534 -0.028846331 -0.002039713 0.999996662 -0.001569825 -0.246234387 -0.003617733 0.001562439 0.999992251 14.813332558
