0.999999821 -0.000536476 -0.000124001 -0.000202425 0.000536694 0.999998271 0.001765027 -0.000603515 0.000123054 -0.001765093 0.999998450 0.033928074
0.999998391 -0.001641340 -0.000731870 -0.000155846 0.001642669 0.999997020 0.001818713 -0.001112844 0.000728883 -0.001819912 0.999998093 0.067942202
0.999994874 -0.003099292 -0.000800688 -0.000289839 0.003099935 0.999994874 0.000802891 -0.001580062 0.000798196 -0.000805368 0.999999344 0.101872839
0.999993980 -0.003388959 -0.000627281 -0.000528057 0.003389549 0.999993742 0.000942543 -0.002172045 0.000624083 -0.000944664 0.999999344 0.135873556
0.999992490 -0.003806971 -0.000614546 -0.000602443 0.003808038 0.999991179 0.001744377 -0.002607855 0.000607900 -0.001746704 0.999998271 0.170089841
0.999984205 -0.005587556 -0.000386428 -0.000831717 0.005588572 0.999980807 0.002681416 -0.002974828 0.000371438 -0.002683533 0.999996364 0.204324514
0.999988735 -0.004724909 -0.000500674 -0.000931478 0.004726638 0.999982655 0.003510478 -0.003694358 0.000484079 -0.003512805 0.999993742 0.238592103
0.999991000 -0.004133649 -0.000952427 -0.001128699 0.004135718 0.999989033 0.002180479 -0.004346924 0.000943403 -0.002184398 0.999997199 0.273134887
0.999998629 -0.001138773 -0.001202047 -0.001136278 0.001138070 0.999999106 -0.000585146 -0.004611396 0.001202712 0.000583777 0.999999046 0.307315081
0.999997497 0.002114897 -0.000745399 -0.001572233 -0.002115856 0.999996960 -0.001287751 -0.005288814 0.000742674 0.001289325 0.999998868 0.341701150
0.999989510 0.004497344 -0.000798536 -0.001826012 -0.004498502 0.999988794 -0.001453022 -0.005891310 0.000791992 0.001456599 0.999998629 0.376638472
0.999983370 0.005769670 -0.000153550 -0.002527546 -0.005769741 0.999983251 -0.000476244 -0.006524879 0.000150799 0.000477122 0.999999881 0.411727458
0.999995589 0.002884427 -0.000732246 -0.001868671 -0.002882525 0.999992430 0.002584568 -0.007122458 0.000739696 -0.002582446 0.999996364 0.446507454
0.999999225 -0.001183648 -0.000596307 -0.002070222 0.001186136 0.999990463 0.004189588 -0.007599409 0.000591343 -0.004190292 0.999991059 0.481755197
0.999994278 -0.003354031 -0.000642524 -0.002218277 0.003354983 0.999993265 0.001487096 -0.007835375 0.000637532 -0.001489243 0.999998689 0.516670167
0.999988139 -0.004832683 -0.000643722 -0.002203397 0.004832606 0.999988317 -0.000119449 -0.008443648 0.000644292 0.000116337 0.999999762 0.550628781
0.999997437 -0.002164765 0.000646910 -0.002822488 0.002166036 0.999995649 -0.001970749 -0.008846601 -0.000642641 0.001972145 0.999997795 0.586059988
0.999999046 0.001076865 0.000958746 -0.003122499 -0.001076653 0.999999404 -0.000220730 -0.009382097 -0.000958983 0.000219698 0.999999523 0.621401906
0.999998450 0.001015818 0.001434808 -0.003233845 -0.001021117 0.999992609 0.003697081 -0.010012958 -0.001431041 -0.003698540 0.999992132 0.656686306
0.999997497 -0.001761794 0.001350396 -0.003116852 0.001753511 0.999979794 0.006110782 -0.010724362 -0.001361134 -0.006108399 0.999980390 0.692911506
0.999987185 -0.004976552 0.000878946 -0.003338204 0.004973072 0.999979973 0.003917133 -0.010892292 -0.000898422 -0.003912712 0.999991953 0.729210794
0.999988019 -0.004735054 0.001263468 -0.002972358 0.004733344 0.999987841 0.001353171 -0.011186402 -0.001269860 -0.001347174 0.999998271 0.764046192
0.999985397 -0.004676799 0.002714661 -0.004015336 0.004679785 0.999988437 -0.001094285 -0.012005745 -0.002709512 0.001106973 0.999995708 0.798395336
0.999993384 -0.002778410 0.002369778 -0.003420832 0.002781828 0.999994993 -0.001440097 -0.012332832 -0.002365765 0.001446680 0.999996126 0.835721254
0.999995232 -0.001300229 0.002803553 -0.003303203 0.001311174 0.999991536 -0.003905833 -0.013088320 -0.002798451 0.003909490 0.999988437 0.871134758
0.999994695 0.000199296 0.003268212 -0.003626586 -0.000188131 0.999994159 -0.003416417 -0.013860974 -0.003268874 0.003415783 0.999988794 0.906982362
0.999994934 0.000842351 0.003056675 -0.003900209 -0.000836251 0.999997616 -0.001996279 -0.014766159 -0.003058349 0.001993713 0.999993324 0.943067431
0.999994636 0.001055130 0.003098890 -0.004463909 -0.001051726 0.999998868 -0.001099799 -0.014262973 -0.003100047 0.001096534 0.999994576 0.978842616
0.999989212 0.003631714 0.002886815 -0.004306297 -0.003631148 0.999993384 -0.000201490 -0.015647717 -0.002887527 0.000191005 0.999995828 1.015139937
0.999981165 0.005361596 0.002978723 -0.004299891 -0.005360899 0.999985635 -0.000242041 -0.016400116 -0.002979978 0.000226068 0.999995530 1.050977826
0.999966800 0.007731267 0.002559798 -0.004461964 -0.007731893 0.999970078 0.000235047 -0.017286357 -0.002557904 -0.000254832 0.999996722 1.088664055
0.999956131 0.008691503 0.003481987 -0.005457833 -0.008692024 0.999962270 0.000135242 -0.017425522 -0.003480680 -0.000165502 0.999993920 1.123727083
0.999964476 0.008138990 0.002191011 -0.004844779 -0.008138926 0.999966860 -0.000039221 -0.018284466 -0.002191258 0.000021387 0.999997616 1.161266804
0.999968231 0.007772702 0.001738640 -0.005252308 -0.007771526 0.999969482 -0.000683779 -0.018827878 -0.001743901 0.000670245 0.999998212 1.197861195
0.999977410 0.006623163 0.001102034 -0.005758799 -0.006622268 0.999977648 -0.000814772 -0.019086456 -0.001107405 0.000807455 0.999999106 1.234323978
0.999975026 0.007023626 0.000715234 -0.006530576 -0.007023802 0.999975264 0.000244124 -0.019631568 -0.000713502 -0.000249141 0.999999702 1.271123052
0.999971390 0.007454003 -0.001280075 -0.005498550 -0.007453517 0.999972105 0.000383889 -0.020532051 0.001282901 -0.000374337 0.999999106 1.307139039
0.999974132 0.006549142 -0.002966037 -0.005618803 -0.006548314 0.999978542 0.000288968 -0.020803770 0.002967866 -0.000269538 0.999995530 1.344324708
0.999968052 0.007309835 -0.003229585 -0.006414941 -0.007307538 0.999972999 0.000722701 -0.021158956 0.003234781 -0.000699078 0.999994516 1.380895734
0.999972761 0.006568331 -0.003366816 -0.007040271 -0.006558876 0.999974549 0.002811651 -0.022624414 0.003385198 -0.002789492 0.999990404 1.418143153
0.999980688 0.004162325 -0.004608680 -0.007121209 -0.004149592 0.999987483 0.002769122 -0.022828380 0.004620150 -0.002749945 0.999985576 1.455343008
0.999983490 0.001031462 -0.005638377 -0.006792361 -0.001019561 0.999997258 0.002113272 -0.023431277 0.005640541 -0.002107489 0.999981940 1.493109345
0.999983549 -0.000489110 -0.005724609 -0.006788237 0.000504478 0.999996305 0.002683142 -0.024225255 0.005723275 -0.002685986 0.999980092 1.530940294
0.999987602 -0.000615186 -0.004949385 -0.007756276 0.000631384 0.999994516 0.003271888 -0.024629861 0.004947345 -0.003274972 0.999982417 1.566483974
0.999990046 -0.001607759 -0.004191685 -0.008089605 0.001623757 0.999991417 0.003815975 -0.025023475 0.004185514 -0.003822742 0.999983907 1.601866364
0.999980330 -0.004460357 -0.004401468 -0.007646987 0.004473772 0.999985278 0.003042685 -0.025098968 0.004387831 -0.003062316 0.999985635 1.639603615
0.999984980 -0.004301793 -0.003415499 -0.007996621 0.004310674 0.999987423 0.002597073 -0.026683807 0.003404284 -0.002611757 0.999990821 1.674318075
0.999984920 -0.005010626 -0.002248415 -0.009588794 0.005014732 0.999985814 0.001824309 -0.026623450 0.002239241 -0.001835556 0.999995768 1.712506175
0.999994695 -0.002800683 -0.001654100 -0.008615116 0.002804496 0.999993384 0.002307195 -0.027712867 0.001647628 -0.002311822 0.999995947 1.747446895
0.999998569 -0.000208080 -0.001674903 -0.008964053 0.000213609 0.999994457 0.003301108 -0.027602626 0.001674207 -0.003301461 0.999993145 1.782043338
0.999999583 0.000130621 -0.000886090 -0.010296430 -0.000127206 0.999992490 0.003853041 -0.026623942 0.000886587 -0.003852927 0.999992192 1.820625901
0.999979615 0.006358673 -0.000525281 -0.009216787 -0.006356325 0.999970317 0.004356037 -0.028099148 0.000552964 -0.004352609 0.999990344 1.854999185
0.999882042 0.015286289 0.001455475 -0.010026388 -0.015291994 0.999875069 0.003993091 -0.028813221 -0.001394253 -0.004014877 0.999991000 1.887080431
0.999902546 0.013926408 0.000890626 -0.010493040 -0.013929690 0.999895751 0.003794790 -0.029163228 -0.000837685 -0.003806827 0.999992430 1.927341819
0.999870956 0.015943347 0.001988990 -0.010926839 -0.015950169 0.999866784 0.003462850 -0.029801697 -0.001933515 -0.003494128 0.999992132 1.964223027
0.999864936 0.016299710 0.002110011 -0.011116005 -0.016308166 0.999858737 0.004055160 -0.030363329 -0.002043615 -0.004089023 0.999989629 2.000025749
0.999887645 0.014790785 0.002460564 -0.011347977 -0.014799661 0.999883890 0.003629332 -0.030791119 -0.002406597 -0.003665339 0.999990404 2.035441399
0.999893963 0.014284492 0.002810040 -0.011430563 -0.014290421 0.999895692 0.002100964 -0.031254344 -0.002779736 -0.002140898 0.999993861 2.070857763
0.999918938 0.012639554 0.001536512 -0.011429370 -0.012643645 0.999916494 0.002678199 -0.032013584 -0.001502532 -0.002697409 0.999995232 2.106141567
0.999919891 0.012572983 0.001462483 -0.012117854 -0.012576889 0.999917269 0.002691320 -0.032658886 -0.001428524 -0.002709498 0.999995291 2.142705917
0.999906361 0.013622263 0.001366252 -0.012234643 -0.013625409 0.999904513 0.002321199 -0.033967491 -0.001334502 -0.002339597 0.999996305 2.177435160
0.999898076 0.014257123 0.000751731 -0.012355127 -0.014259004 0.999895155 0.002561949 -0.034343410 -0.000715126 -0.002572407 0.999996424 2.213809967
0.999914765 0.013039324 -0.000659056 -0.011830874 -0.013036910 0.999908805 0.003542399 -0.035061449 0.000705186 -0.003533505 0.999993503 2.249637604
0.999948859 0.009822807 -0.002396007 -0.012176814 -0.009811934 0.999941647 0.004508487 -0.035126340 0.002440154 -0.004484748 0.999986887 2.282902956
0.999964833 0.007476749 -0.003773389 -0.012056477 -0.007456485 0.999957919 0.005355546 -0.035406217 0.003813272 -0.005327222 0.999978483 2.318392992
0.999977648 0.004824216 -0.004611494 -0.012575700 -0.004796760 0.999970734 0.005946933 -0.036544986 0.004640048 -0.005924681 0.999971628 2.353524685
0.999979496 0.004492404 -0.004546942 -0.012359460 -0.004468941 0.999976754 0.005156954 -0.036881328 0.004570003 -0.005136529 0.999976277 2.388167620
0.999983847 0.003041488 -0.004800783 -0.013345084 -0.003019673 0.999985099 0.004544948 -0.037857272 0.004814536 -0.004530379 0.999978065 2.422458887
0.999983966 0.002456557 -0.005096314 -0.013644587 -0.002436212 0.999989033 0.003994415 -0.038206693 0.005106070 -0.003981934 0.999978960 2.457604647
0.999985635 0.002755087 -0.004610837 -0.013794737 -0.002738544 0.999989808 0.003590115 -0.039066255 0.004620682 -0.003577436 0.999982834 2.491890907
0.999987602 0.001962055 -0.004568236 -0.014626538 -0.001946385 0.999992132 0.003432033 -0.039826389 0.004574935 -0.003423099 0.999983668 2.528130531
0.999979019 0.004242738 -0.004898219 -0.014398593 -0.004225298 0.999984741 0.003565416 -0.040402073 0.004913271 -0.003544644 0.999981642 2.560008526
0.999977529 0.004777972 -0.004709369 -0.014767435 -0.004755806 0.999977648 0.004706569 -0.040613577 0.004731751 -0.004684066 0.999977827 2.595122576
0.999974012 0.005134377 -0.005065203 -0.014544150 -0.005102778 0.999967575 0.006231699 -0.041122995 0.005097035 -0.006205691 0.999967754 2.628312111
0.999973655 0.006278242 -0.003655118 -0.015842238 -0.006261051 0.999969423 0.004695903 -0.041274078 0.003684488 -0.004672894 0.999982297 2.657591581
0.999971151 0.005913241 -0.004776401 -0.014984723 -0.005903376 0.999980390 0.002076490 -0.041582428 0.004788586 -0.002048233 0.999986410 2.697266102
0.999980807 0.004577799 -0.004174487 -0.016182002 -0.004571582 0.999988437 0.001497383 -0.042780984 0.004181294 -0.001478271 0.999990106 2.727611780
0.999990761 0.002531458 -0.003491459 -0.016783405 -0.002521879 0.999993086 0.002745368 -0.043324441 0.003498385 -0.002736537 0.999990106 2.761046171
0.999995828 0.000735232 -0.002807042 -0.016940376 -0.000723161 0.999990582 0.004298775 -0.043750469 0.002810176 -0.004296726 0.999986768 2.795073032
0.999997675 -0.000707060 -0.002039347 -0.016797945 0.000717321 0.999987006 0.005035968 -0.044166174 0.002035760 -0.005037419 0.999985218 2.829211235
0.999996781 -0.001875681 -0.001704857 -0.017172966 0.001881800 0.999991775 0.003594263 -0.044551827 0.001698101 -0.003597460 0.999992073 2.861241341
0.999999285 -0.000578490 -0.001074374 -0.017294832 0.000579705 0.999999225 0.001130197 -0.044958897 0.001073719 -0.001130820 0.999998808 2.895795345
0.999995589 0.002908598 0.000564661 -0.017901553 -0.002907953 0.999995112 -0.001139292 -0.045688950 -0.000567972 0.001137645 0.999999166 2.929618359
0.999982655 0.005612725 0.001743986 -0.017991543 -0.005610835 0.999983728 -0.001086300 -0.045938313 -0.001750055 0.001076497 0.999997914 2.963608742
0.999976039 0.006366682 0.002712847 -0.018242804 -0.006369635 0.999979079 0.001081864 -0.046766587 -0.002705903 -0.001099117 0.999995708 2.995893955
0.999977410 0.005672568 0.003610165 -0.018357901 -0.005685067 0.999977827 0.003461354 -0.047357142 -0.003590451 -0.003481800 0.999987483 3.030707598
0.999978423 0.005033241 0.004215196 -0.018109445 -0.005049500 0.999979854 0.003855734 -0.047759380 -0.004195704 -0.003876935 0.999983609 3.064993858
0.999970436 0.005327478 0.005539076 -0.018875983 -0.005345962 0.999980092 0.003327747 -0.047948930 -0.005521238 -0.003357260 0.999979079 3.100150585
0.999953568 0.006685704 0.006941161 -0.019249681 -0.006704959 0.999973714 0.002754089 -0.048063412 -0.006922567 -0.002800502 0.999972045 3.130403042
0.999913335 0.010155909 0.008379773 -0.019555449 -0.010175302 0.999945641 0.002274787 -0.049121886 -0.008356215 -0.002359857 0.999962270 3.164967775
0.999892175 0.011111864 0.009596771 -0.019569144 -0.011130613 0.999936223 0.001902414 -0.050292715 -0.009575021 -0.002009027 0.999952137 3.198685408
0.999867558 0.011298369 0.011709857 -0.021251380 -0.011303764 0.999936044 0.000394625 -0.049908582 -0.011704649 -0.000526939 0.999931335 3.233471394
0.999876440 0.010699295 0.011516215 -0.019108083 -0.010702110 0.999942720 0.000182801 -0.050264634 -0.011513597 -0.000306026 0.999933660 3.264754057
0.999867141 0.010191207 0.012725231 -0.019359533 -0.010209112 0.999947011 0.001342943 -0.050715670 -0.012710869 -0.001472678 0.999918103 3.298801661
0.999879122 0.008066595 0.013294217 -0.019700401 -0.008092064 0.999965549 0.001863236 -0.050758481 -0.013278729 -0.001970588 0.999909878 3.334642649
0.999868751 0.008700709 0.013665818 -0.018842287 -0.008731988 0.999959409 0.002231055 -0.051911298 -0.013645850 -0.002350092 0.999904096 3.368230581
0.999886274 0.006747711 0.013485084 -0.017905906 -0.006787546 0.999972641 0.002910376 -0.052632257 -0.013465078 -0.003001575 0.999904811 3.398945332
0.999900222 0.004612376 0.013347859 -0.017743830 -0.004659714 0.999982834 0.003517599 -0.052883394 -0.013331408 -0.003579446 0.999904692 3.433944702
0.999920428 0.003138082 0.012211718 -0.016773637 -0.003175674 0.999990225 0.003060218 -0.053178139 -0.012201994 -0.003098755 0.999920785 3.468268156
0.999930561 0.001446655 0.011697453 -0.017677393 -0.001484400 0.999993682 0.003218781 -0.053750463 -0.011692722 -0.003235921 0.999926388 3.502276182
0.999940813 0.001136105 0.010813739 -0.016860727 -0.001178659 0.999991596 0.003929656 -0.054502413 -0.010809185 -0.003942169 0.999933779 3.533809900
0.999953330 0.000284198 0.009650945 -0.016835034 -0.000322525 0.999992073 0.003970045 -0.054957770 -0.009649741 -0.003972972 0.999945521 3.567974329
0.999967158 -0.000678257 0.008071982 -0.016176503 0.000644556 0.999991059 0.004177020 -0.055505149 -0.008074744 -0.004171679 0.999958634 3.601840734
0.999973059 -0.001051493 0.007262615 -0.016271841 0.001023535 0.999992073 0.003852341 -0.056149758 -0.007266608 -0.003844804 0.999966145 3.635248423
0.999980569 -0.001072864 0.006136356 -0.016027505 0.001053232 0.999994338 0.003201608 -0.056580089 -0.006139756 -0.003195083 0.999975979 3.669191837
0.999981046 -0.003801951 0.004842769 -0.015852865 0.003798500 0.999992609 0.000721555 -0.057036690 -0.004845478 -0.000703146 0.999987960 3.703497648
0.999951541 -0.009207556 0.003484887 -0.015408847 0.009207499 0.999957621 0.000031732 -0.057434738 -0.003485032 0.000000356 0.999993861 3.736585617
0.999871552 -0.015771018 0.002843748 -0.015429631 0.015762761 0.999871492 0.002902056 -0.058164045 -0.002889151 -0.002856858 0.999991775 3.771022797
0.999732852 -0.023073088 0.001352672 -0.015144151 0.023066791 0.999723792 0.004499103 -0.058712427 -0.001456106 -0.004466699 0.999988973 3.804779291
0.999636769 -0.026951283 0.000095010 -0.015225694 0.026951164 0.999636114 0.001078584 -0.059138700 -0.000124045 -0.001075631 0.999999464 3.838362932
0.999681532 -0.025212783 0.001035351 -0.015388703 0.025215132 0.999679327 -0.002317457 -0.059721749 -0.000976589 0.002342825 0.999996781 3.872280359
0.999766111 -0.021579413 0.001412872 -0.015338483 0.021585416 0.999757528 -0.004379043 -0.060393162 -0.001318032 0.004408516 0.999989390 3.906380892
0.999781251 -0.020771338 0.002448273 -0.015519855 0.020783575 0.999771059 -0.005082045 -0.060917608 -0.002342151 0.005131816 0.999984086 3.939756393
0.999695182 -0.024496356 0.003063951 -0.015479146 0.024499513 0.999699354 -0.000997054 -0.061760679 -0.003038605 0.001071815 0.999994814 3.972564459
0.999552965 -0.029599225 0.004229328 -0.015628621 0.029594401 0.999561310 0.001199411 -0.062124200 -0.004262974 -0.001073710 0.999990284 4.007174969
0.999411821 -0.034148969 0.003135839 -0.014607068 0.034137778 0.999410927 0.003554229 -0.063186876 -0.003255364 -0.003445088 0.999988794 4.042324066
0.999369204 -0.035392176 0.002943979 -0.014154425 0.035383973 0.999369919 0.002793843 -0.063198403 -0.003041004 -0.002687911 0.999991775 4.076854229
0.999411047 -0.034044698 0.004323034 -0.014563354 0.034029294 0.999414384 0.003589012 -0.063854031 -0.004442689 -0.003439788 0.999984205 4.111006260
0.999528944 -0.030193541 0.005497547 -0.014727730 0.030178372 0.999540567 0.002820817 -0.064356431 -0.005580192 -0.002653582 0.999980867 4.143868446
0.999646306 -0.025831599 0.006341016 -0.014819430 0.025827926 0.999666214 0.000661106 -0.064980276 -0.006355976 -0.000497097 0.999979675 4.178904533
0.999698162 -0.023653854 0.006641859 -0.014454413 0.023652868 0.999720275 0.000226428 -0.065496840 -0.006645356 -0.000069261 0.999977946 4.214682579
0.999766946 -0.020199513 0.007618728 -0.015123904 0.020194441 0.999795794 0.000742442 -0.066018127 -0.007632169 -0.000588413 0.999970675 4.248925209
0.999777675 -0.019512979 0.007991072 -0.015799690 0.019508302 0.999809504 0.000662874 -0.066362068 -0.008002484 -0.000506835 0.999967813 4.282563686
0.999833167 -0.016713444 0.007372869 -0.014961861 0.016724518 0.999859035 -0.001443088 -0.067330725 -0.007347711 0.001566155 0.999971807 4.314497948
0.999882758 -0.014227817 0.005676946 -0.014398793 0.014251412 0.999889791 -0.004137470 -0.067945682 -0.005617453 0.004217889 0.999975383 4.349009991
0.999949336 -0.007218968 0.007017260 -0.015044168 0.007259663 0.999956846 -0.005791124 -0.068498418 -0.006975152 0.005841774 0.999958634 4.381619453
0.999967754 -0.004045414 0.006943487 -0.015199650 0.004072623 0.999984086 -0.003909026 -0.069487303 -0.006927562 0.003937179 0.999968231 4.416374683
0.999971747 -0.001420196 0.007379257 -0.015303753 0.001437859 0.999996126 -0.002388630 -0.070147425 -0.007375835 0.002399172 0.999969840 4.451137066
0.999971092 0.000021107 0.007607353 -0.015445326 -0.000019049 0.999999940 -0.000270496 -0.070799418 -0.007607358 0.000270343 0.999971032 4.485860825
0.999970257 -0.001235481 0.007619907 -0.015140276 0.001237104 0.999999225 -0.000208291 -0.070774578 -0.007619644 0.000217712 0.999970913 4.519891262
0.999977291 -0.002282077 0.006349388 -0.016408654 0.002283202 0.999997377 -0.000169730 -0.071267679 -0.006348984 0.000184224 0.999979794 4.553216457
0.999980927 -0.004845043 0.003829557 -0.016111610 0.004859528 0.999981046 -0.003782193 -0.072060108 -0.003811160 0.003800730 0.999985516 4.588243008
0.999989748 -0.004147583 0.001827289 -0.015406902 0.004161189 0.999963224 -0.007506358 -0.073237382 -0.001796089 0.007513884 0.999970138 4.623971939
0.999998689 0.000217758 0.001639291 -0.016858952 -0.000204329 0.999966383 -0.008187099 -0.073883288 -0.001641019 0.008186754 0.999965131 4.658782482
0.999992549 0.003603875 0.001356818 -0.017662752 -0.003594421 0.999969661 -0.006907224 -0.075541615 -0.001381669 0.006902295 0.999975264 4.695420742
0.999974608 0.006815642 0.002082455 -0.017609868 -0.006806574 0.999967456 -0.004330817 -0.075316086 -0.002111904 0.004316532 0.999988437 4.730494022
0.999966502 0.007733409 0.002707794 -0.017728819 -0.007726223 0.999966621 -0.002654262 -0.075533234 -0.002728230 0.002633252 0.999992788 4.765022278
0.999979556 0.006060045 0.002029431 -0.017354295 -0.006056958 0.999980509 -0.001523745 -0.076231614 -0.002038626 0.001511422 0.999996781 4.801032066
0.999975264 0.006471958 0.002752383 -0.018030399 -0.006468763 0.999978364 -0.001168345 -0.076904416 -0.002759885 0.001150512 0.999995530 4.837879658
0.999993443 0.002550534 0.002580434 -0.017832443 -0.002550121 0.999996722 -0.000162972 -0.078001484 -0.002580841 0.000156390 0.999996603 4.871962070
0.999995708 0.000110542 0.002936653 -0.017950393 -0.000109322 0.999999821 -0.000415595 -0.078434676 -0.002936699 0.000415272 0.999995589 4.907001495
0.999992967 -0.000934625 0.003648784 -0.018316306 0.000934665 0.999999523 -0.000009337 -0.078905001 -0.003648774 0.000012747 0.999993324 4.943238735
0.999970198 -0.006874733 0.003542794 -0.017740570 0.006866801 0.999973893 0.002246435 -0.079778932 -0.003558146 -0.002222040 0.999991179 4.980079651
0.999947131 -0.009462591 0.004030850 -0.017663978 0.009454452 0.999953210 0.002033442 -0.080105230 -0.004049902 -0.001995225 0.999989808 5.015454769
0.999957502 -0.008189419 0.004231784 -0.017945409 0.008199835 0.999963343 -0.002449957 -0.080384612 -0.004211566 0.002484553 0.999988019 5.052133083
0.999989748 -0.001586930 0.004251855 -0.017998282 0.001618279 0.999971449 -0.007379542 -0.080941036 -0.004240023 0.007386346 0.999963760 5.087889194
0.999951065 0.008424924 0.005194962 -0.017669916 -0.008387540 0.999939024 -0.007176154 -0.082302079 -0.005255104 0.007132228 0.999960721 5.125475883
0.999858439 0.015445554 0.006677843 -0.018023051 -0.015422505 0.999874890 -0.003489706 -0.083008282 -0.006730908 0.003386222 0.999971628 5.159738064
0.999807060 0.018001081 0.007871705 -0.018029418 -0.017987220 0.999836624 -0.001828111 -0.083534867 -0.007903327 0.001686169 0.999967337 5.197393417
0.999865472 0.014817428 0.007038667 -0.018168066 -0.014810280 0.999889672 -0.001066364 -0.084119290 -0.007053691 0.000961976 0.999974668 5.234166622
0.999903440 0.012313375 0.006429096 -0.018142011 -0.012306293 0.999923587 -0.001139928 -0.084783435 -0.006442641 0.001060699 0.999978662 5.269104004
0.999927878 0.010724875 0.005398855 -0.017921604 -0.010714648 0.999940753 -0.001919423 -0.085128769 -0.005419121 0.001861437 0.999983549 5.305945873
0.999925077 0.010983608 0.005394229 -0.018358434 -0.010971918 0.999937415 -0.002191715 -0.085956052 -0.005417963 0.002132366 0.999983072 5.342322350
0.999902129 0.013208814 0.004609269 -0.017769914 -0.013196483 0.999909282 -0.002695326 -0.086409636 -0.004644453 0.002634236 0.999985695 5.380176067
0.999902546 0.013317290 0.004184544 -0.017774444 -0.013311906 0.999910474 -0.001311741 -0.087469496 -0.004201639 0.001255909 0.999990344 5.416904926
0.999913871 0.012581117 0.003742917 -0.017845353 -0.012574251 0.999919176 -0.001852170 -0.088246003 -0.003765917 0.001804946 0.999991238 5.454539776
0.999910474 0.012687768 0.004250261 -0.018729880 -0.012675908 0.999915659 -0.002806007 -0.089233518 -0.004285505 0.002751880 0.999987006 5.492051125
0.999914169 0.012532686 0.003822580 -0.018506408 -0.012521523 0.999917328 -0.002930245 -0.089877576 -0.003858987 0.002882129 0.999988437 5.529905796
0.999926627 0.011541928 0.003664542 -0.018766120 -0.011532326 0.999930024 -0.002630837 -0.090660557 -0.003694651 0.002588383 0.999989748 5.562885284
0.999935567 0.011200027 0.001845265 -0.017322794 -0.011194456 0.999932766 -0.003002267 -0.091038294 -0.001878767 0.002981417 0.999993742 5.601569176
0.999921799 0.012289166 0.002318788 -0.018177379 -0.012280027 0.999916911 -0.003915501 -0.091319792 -0.002366713 0.003886719 0.999989569 5.639492989
0.999911249 0.013160997 0.002065328 -0.018350866 -0.013153224 0.999906480 -0.003733683 -0.092510708 -0.002114274 0.003706186 0.999990880 5.674918652
0.999900579 0.013911274 0.002284674 -0.018665947 -0.013900928 0.999893248 -0.004484454 -0.092887774 -0.002346815 0.004452249 0.999987304 5.712406635
0.999908626 0.013494610 0.000757217 -0.017706428 -0.013491353 0.999900401 -0.004154877 -0.093887359 -0.000813210 0.004144282 0.999991059 5.750868320
0.999930501 0.011773752 0.000804809 -0.018293761 -0.011770502 0.999922991 -0.003930819 -0.094670869 -0.000851027 0.003921072 0.999991894 5.786769390
0.999951184 0.009885523 0.000231549 -0.018032845 -0.009884494 0.999942720 -0.004086650 -0.095491476 -0.000271935 0.004084161 0.999991536 5.825599670
0.999960244 0.008920916 0.000290863 -0.018296469 -0.008919791 0.999953449 -0.003661777 -0.096512049 -0.000323516 0.003659037 0.999993265 5.863878727
0.999974072 0.007094831 0.001184679 -0.018816503 -0.007091165 0.999970138 -0.003071254 -0.096921936 -0.001206433 0.003062774 0.999994516 5.900088310
0.999970496 0.007668047 0.000565584 -0.018397246 -0.007666563 0.999967277 -0.002583115 -0.097925745 -0.000585373 0.002578703 0.999996424 5.938288689
0.999964654 0.008309195 0.001297456 -0.019181944 -0.008304995 0.999960363 -0.003208776 -0.098671511 -0.001324067 0.003197887 0.999993980 5.976448536
0.999969363 0.007731097 0.001212833 -0.018982941 -0.007726531 0.999963224 -0.003725636 -0.099255189 -0.001241592 0.003716150 0.999992251 6.013561726
0.999953032 0.009620185 0.001155367 -0.018816125 -0.009616625 0.999949098 -0.003047778 -0.100084007 -0.001184629 0.003036524 0.999994695 6.052260876
0.999947250 0.009925141 0.002651200 -0.019378003 -0.009920797 0.999949396 -0.001647228 -0.100257903 -0.002667414 0.001620839 0.999995112 6.089858532
0.999933183 0.011027325 0.003454820 -0.019711141 -0.011022791 0.999938309 -0.001328396 -0.101095267 -0.003469256 0.001290226 0.999993086 6.128539562
0.999947965 0.009730692 0.003035127 -0.019334512 -0.009722559 0.999949098 -0.002682547 -0.101881742 -0.003061076 0.002652899 0.999991715 6.166519165
0.999938428 0.010315082 0.004067907 -0.019622738 -0.010299634 0.999939740 -0.003799916 -0.102892362 -0.004106859 0.003757785 0.999984443 6.204659939
0.999946654 0.009712680 0.003500507 -0.019037435 -0.009701951 0.999948204 -0.003069103 -0.103614882 -0.003530135 0.003034978 0.999989092 6.243482113
0.999941349 0.010561019 0.002395430 -0.018556895 -0.010556518 0.999942541 -0.001884215 -0.104664236 -0.002415191 0.001858817 0.999995351 6.282331467
0.999948561 0.009622292 0.003212587 -0.019644881 -0.009616851 0.999952316 -0.001704721 -0.105245240 -0.003228837 0.001673738 0.999993384 6.318734646
0.999947190 0.009866232 0.002894490 -0.019828124 -0.009861708 0.999950230 -0.001573397 -0.105954498 -0.002909870 0.001544769 0.999994576 6.357020378
0.999924600 0.012023048 0.002519633 -0.019566789 -0.012019510 0.999926746 -0.001414204 -0.106867909 -0.002536451 0.001383813 0.999995887 6.396673679
0.999913156 0.012461531 0.004276080 -0.020908438 -0.012456137 0.999921679 -0.001285738 -0.107404992 -0.004291767 0.001232363 0.999989986 6.433647156
0.999909222 0.013019915 0.003462251 -0.020217804 -0.013016233 0.999914706 -0.001083225 -0.108085446 -0.003476059 0.001038061 0.999993384 6.470500469
0.999933541 0.010978593 0.003506999 -0.020621991 -0.010974665 0.999939144 -0.001137127 -0.108475201 -0.003519270 0.001098564 0.999993145 6.509590149
0.999953032 0.009264625 0.002841661 -0.020364210 -0.009265613 0.999957025 0.000335560 -0.109396160 -0.002838431 -0.000361873 0.999995947 6.548590183
0.999963105 0.007854262 0.003483997 -0.020458426 -0.007854148 0.999969065 -0.000047351 -0.109606035 -0.003484262 0.000019986 0.999993920 6.585610867
0.999978483 0.005935514 0.002798229 -0.020320447 -0.005932104 0.999981582 -0.001225494 -0.109976768 -0.002805452 0.001208868 0.999995351 6.624517918
0.999989688 0.003756658 0.002565136 -0.020568568 -0.003752167 0.999991417 -0.001753792 -0.110649638 -0.002571703 0.001744150 0.999995172 6.662553787
0.999983609 0.004564646 0.003446420 -0.020239973 -0.004564560 0.999989510 -0.000033234 -0.111803882 -0.003446536 0.000017502 0.999994040 6.700229645
0.999996722 -0.000436402 0.002581017 -0.019387536 0.000431364 0.999998093 0.001952291 -0.111813135 -0.002581864 -0.001951171 0.999994755 6.736677647
0.999992847 -0.002671361 0.002710515 -0.018962480 0.002668486 0.999995887 0.001063966 -0.112171821 -0.002713346 -0.001056725 0.999995708 6.773970127
0.999991238 -0.001999730 0.003688366 -0.019362958 0.001998417 0.999997914 0.000359508 -0.113079756 -0.003689077 -0.000352134 0.999993086 6.812363625
0.999984086 0.000149190 0.005663450 -0.019442219 -0.000141418 0.999999046 -0.001372584 -0.112783045 -0.005663650 0.001371761 0.999982953 6.845868111
0.999984264 -0.000518875 0.005587084 -0.021113247 0.000523731 0.999999464 -0.000867787 -0.113228939 -0.005586632 0.000870699 0.999983966 6.889013767
0.999966562 0.001579499 0.008018339 -0.022357978 -0.001567122 0.999997497 -0.001549660 -0.114080667 -0.008020767 0.001537043 0.999966621 6.927455425
0.999959409 0.002693503 0.008590188 -0.021634933 -0.002680032 0.999995172 -0.001579445 -0.114882424 -0.008594399 0.001556359 0.999961853 6.964834690
0.999948561 0.004749162 0.008959349 -0.021398433 -0.004730540 0.999986589 -0.002098459 -0.115949690 -0.008969195 0.002055969 0.999957681 7.003632545
0.999945343 0.005694666 0.008784942 -0.019672055 -0.005675697 0.999981523 -0.002182760 -0.116718791 -0.008797211 0.002132780 0.999959052 7.036934853
0.999945879 0.004833611 0.009214930 -0.019491613 -0.004800831 0.999982059 -0.003576083 -0.116945639 -0.009232049 0.003531650 0.999951184 7.076299667
0.999917507 0.006982472 0.010787937 -0.019127533 -0.006956236 0.999972820 -0.002467644 -0.118930228 -0.010804873 0.002392397 0.999938786 7.114125252
0.999938428 0.002156604 0.010887433 -0.019463152 -0.002141491 0.999996781 -0.001399630 -0.118194282 -0.010890417 0.001376229 0.999939740 7.153744221
0.999905944 0.005832173 0.012406666 -0.018774793 -0.005820993 0.999982595 -0.000937124 -0.120480977 -0.012411915 0.000864817 0.999922574 7.186513424
0.999938369 0.001175163 0.011031443 -0.017540522 -0.001136613 0.999993205 -0.003500173 -0.120164335 -0.011035481 0.003487419 0.999933004 7.224939823
0.999909699 0.003407359 0.012992477 -0.018639855 -0.003332380 0.999977708 -0.005788246 -0.121928103 -0.013011910 0.005744427 0.999898851 7.263336658
0.999917924 0.006570014 0.010999091 -0.016997814 -0.006513470 0.999965429 -0.005168663 -0.123605430 -0.011032667 0.005096596 0.999926150 7.298894882
0.999943912 0.004610315 0.009529381 -0.016087122 -0.004557701 0.999974310 -0.005535691 -0.124706820 -0.009554656 0.005491949 0.999939263 7.337557793
0.999940455 0.006476664 0.008783346 -0.015498273 -0.006424941 0.999961913 -0.005904299 -0.126259297 -0.008821251 0.005847515 0.999943972 7.375323296
0.999932349 0.006795999 0.009439524 -0.016731307 -0.006729463 0.999952435 -0.007062526 -0.125694752 -0.009487071 0.006998525 0.999930561 7.414699554
0.999947786 0.006087030 0.008204697 -0.016702738 -0.006034182 0.999960899 -0.006450621 -0.126106024 -0.008243642 0.006400776 0.999945521 7.450775146
0.999968529 0.004223819 0.006702580 -0.016245831 -0.004181609 0.999971390 -0.006299293 -0.126563132 -0.006728998 0.006271068 0.999957621 7.489754677
0.999978840 0.003310126 0.005592234 -0.015835200 -0.003284441 0.999984026 -0.004595815 -0.127809376 -0.005607360 0.004577350 0.999973714 7.524999142
0.999965668 0.006337191 0.005322249 -0.016424812 -0.006320475 0.999975026 -0.003151692 -0.128664583 -0.005342090 0.003117945 0.999980807 7.561087132
0.999964833 0.006113327 0.005733247 -0.016870450 -0.006096070 0.999976873 -0.003022470 -0.129408151 -0.005751592 0.002987414 0.999978960 7.599826336
0.999943197 0.008086949 0.006929326 -0.016623497 -0.008062748 0.999961317 -0.003513232 -0.129615694 -0.006957470 0.003457163 0.999969721 7.633494854
0.999952316 0.006069041 0.007648339 -0.016377691 -0.006042622 0.999975741 -0.003472530 -0.130549386 -0.007669228 0.003426148 0.999964714 7.673258781
0.999956310 0.004582366 0.008143319 -0.016557738 -0.004543419 0.999978244 -0.004794932 -0.131004855 -0.008165113 0.004757725 0.999955356 7.709130764
0.999954045 0.002906405 0.009133804 -0.017514281 -0.002837551 0.999967575 -0.007542317 -0.131110519 -0.009155428 0.007516054 0.999929845 7.747049332
0.999960244 0.002579820 0.008530448 -0.016208835 -0.002517767 0.999970376 -0.007277008 -0.133002177 -0.008548968 0.007255243 0.999937117 7.786784649
0.999968052 0.003997932 0.006915525 -0.016697615 -0.003939994 0.999957144 -0.008371418 -0.133714721 -0.006948696 0.008343906 0.999941051 7.824024677
0.999980688 0.004388849 0.004400144 -0.016260985 -0.004355144 0.999961317 -0.007640678 -0.134622678 -0.004433508 0.007621367 0.999961138 7.863568306
0.999975979 0.005442735 0.004277420 -0.016423013 -0.005424313 0.999975979 -0.004306374 -0.135453954 -0.004300755 0.004283069 0.999981582 7.901394367
0.999984205 0.003880313 0.004070821 -0.015789144 -0.003875634 0.999991834 -0.001156402 -0.136261806 -0.004075275 0.001140606 0.999991119 7.938901901
0.999986887 0.002792217 0.004289805 -0.015745793 -0.002790082 0.999996126 -0.000503143 -0.137041271 -0.004291192 0.000491167 0.999990702 7.979020596
0.999985218 0.002418900 0.004862306 -0.016118892 -0.002410173 0.999995470 -0.001799773 -0.137655333 -0.004866636 0.001788027 0.999986589 8.016668320
0.999985814 0.000735325 0.005275671 -0.016209304 -0.000727774 0.999998748 -0.001432973 -0.138513595 -0.005276718 0.001429113 0.999985039 8.054555893
0.999985456 0.000618931 0.005341844 -0.015890494 -0.000611784 0.999998927 -0.001339495 -0.139091924 -0.005342667 0.001336208 0.999984860 8.093858719
0.999977708 0.001812108 0.006421536 -0.016661350 -0.001802550 0.999997318 -0.001493949 -0.140035421 -0.006424225 0.001482340 0.999978304 8.131189346
0.999974489 0.002898683 0.006527101 -0.016075604 -0.002882071 0.999992609 -0.002552946 -0.140812874 -0.006534449 0.002534069 0.999975443 8.170998573
0.999965966 0.003812071 0.007321580 -0.015950248 -0.003789474 0.999988019 -0.003097936 -0.141521633 -0.007333303 0.003070086 0.999968410 8.207947731
0.999962628 0.002379834 0.008311088 -0.016142525 -0.002370055 0.999996483 -0.001186213 -0.142267734 -0.008313882 0.001166471 0.999964774 8.247044563
0.999958932 0.001306002 0.008972876 -0.016381994 -0.001305427 0.999999166 -0.000069932 -0.143172070 -0.008972960 0.000058216 0.999959767 8.284546852
0.999961734 0.001219207 0.008663921 -0.016023003 -0.001199873 0.999996781 -0.002236390 -0.143388286 -0.008666620 0.002225910 0.999960005 8.322730064
0.999961495 0.001668919 0.008616204 -0.015805416 -0.001658299 0.999997795 -0.001239532 -0.144543648 -0.008618252 0.001225196 0.999962091 8.359786034
0.999953032 0.004063937 0.008804969 -0.016160496 -0.004028658 0.999983788 -0.004020742 -0.145120800 -0.008821166 0.003985080 0.999953151 8.397111893
0.999954045 0.005430061 0.007896128 -0.015772052 -0.005380097 0.999965489 -0.006335190 -0.146074072 -0.007930256 0.006292418 0.999948740 8.435817719
0.999958158 0.006090638 0.006830143 -0.015364543 -0.006056221 0.999968886 -0.005048344 -0.147121787 -0.006860679 0.005006769 0.999963880 8.472718239
0.999953330 0.007556261 0.006019796 -0.015737973 -0.007542246 0.999968767 -0.002347668 -0.147772461 -0.006037347 0.002302155 0.999979079 8.511007309
0.999954700 0.008147418 0.004914066 -0.015522588 -0.008150172 0.999966621 0.000540875 -0.148544133 -0.004909495 -0.000580901 0.999987781 8.549456596
0.999947727 0.009482401 0.003810258 -0.015835788 -0.009478522 0.999954522 -0.001035100 -0.149156868 -0.003819900 0.000998931 0.999992192 8.587462425
0.999961138 0.008701869 0.001401502 -0.015432841 -0.008697988 0.999958336 -0.002753308 -0.149847329 -0.001425402 0.002741011 0.999995232 8.625809669
0.999978542 0.006538311 0.000317101 -0.016027387 -0.006538054 0.999978304 -0.000809475 -0.150667727 -0.000322387 0.000807384 0.999999642 8.664037704
0.999984145 0.005425287 -0.001518335 -0.015277242 -0.005425337 0.999985278 -0.000028214 -0.151706636 0.001518160 0.000036451 0.999998868 8.700903893
0.999985218 0.005422836 -0.000250413 -0.016964333 -0.005422932 0.999985218 -0.000380277 -0.152745768 0.000248347 0.000381629 1.000000000 8.738629341
0.999989748 0.004231937 -0.001613130 -0.016481858 -0.004234877 0.999989390 -0.001823886 -0.153075546 0.001605394 0.001830699 0.999997020 8.777862549
0.999990284 0.003834906 -0.002177461 -0.016392859 -0.003838695 0.999991119 -0.001738685 -0.153768376 0.002170774 0.001747027 0.999996126 8.815891266
0.999995112 0.002779993 -0.001419286 -0.017096855 -0.002782757 0.999994159 -0.001949295 -0.154415503 0.001413859 0.001953236 0.999997020 8.853708267
0.999992132 0.003687684 -0.001454073 -0.017301664 -0.003691290 0.999990106 -0.002484312 -0.155550331 0.001444898 0.002489659 0.999995828 8.891286850
0.999992907 0.003667930 -0.000790033 -0.018244030 -0.003670623 0.999987423 -0.003433911 -0.156064048 0.000777427 0.003436787 0.999993801 8.929216385
0.999989569 0.004518951 -0.000674047 -0.017955055 -0.004521040 0.999984801 -0.003129632 -0.156919762 0.000659895 0.003132647 0.999994814 8.966805458
0.999995351 0.002958405 -0.000747851 -0.018440243 -0.002961127 0.999988914 -0.003665438 -0.158032104 0.000736998 0.003667635 0.999993026 9.004878998
0.999997616 0.002124770 -0.000413935 -0.019009769 -0.002126891 0.999984205 -0.005193776 -0.158752546 0.000402892 0.005194644 0.999986410 9.042630196
0.999999702 0.000379566 -0.000720224 -0.018503787 -0.000382165 0.999993324 -0.003611858 -0.159240142 0.000718848 0.003612131 0.999993265 9.080270767
0.999996603 -0.002196392 -0.001341544 -0.018547172 0.002192670 0.999993682 -0.002769261 -0.159955248 0.001347618 0.002766310 0.999995291 9.117728233
0.999996722 -0.002207384 -0.001252541 -0.018979851 0.002202545 0.999990165 -0.003851214 -0.160840690 0.001261030 0.003848444 0.999991834 9.155629158
0.999998808 -0.000995563 -0.001132344 -0.018980324 0.000990630 0.999990046 -0.004348844 -0.161450654 0.001136663 0.004347717 0.999989927 9.193347931
0.999999166 -0.000615615 -0.001110571 -0.019212272 0.000611995 0.999994516 -0.003256426 -0.162341669 0.001112570 0.003255744 0.999994099 9.231226921
0.999999285 0.001007037 -0.000551675 -0.019589791 -0.001008319 0.999996841 -0.002328022 -0.163157716 0.000549329 0.002328577 0.999997139 9.269578934
1.000000000 0.000117371 0.000227795 -0.020685324 -0.000116953 0.999998450 -0.001832093 -0.164020598 -0.000228009 0.001832066 0.999998331 9.306618690
1.000000000 -0.000022700 0.000084326 -0.020145277 0.000022985 0.999994159 -0.003392866 -0.164553881 -0.000084249 0.003392868 0.999994218 9.345500946
0.999999881 -0.000508295 -0.000121734 -0.020249519 0.000507762 0.999990404 -0.004336796 -0.164874211 0.000123938 0.004336734 0.999990642 9.383640289
0.999999881 0.000415423 0.000334950 -0.020511998 -0.000414160 0.999992788 -0.003761549 -0.166061878 -0.000336510 0.003761411 0.999992847 9.421809196
0.999998510 0.001477807 0.000930268 -0.021011680 -0.001474447 0.999992430 -0.003601990 -0.166755363 -0.000935584 0.003600613 0.999993026 9.459919930
0.999994338 0.003003973 0.001517256 -0.021332040 -0.002998604 0.999989271 -0.003528905 -0.167326257 -0.001527840 0.003524336 0.999992609 9.497875214
0.999987185 0.004894227 0.001305840 -0.021171482 -0.004888142 0.999977350 -0.004623293 -0.167820200 -0.001328438 0.004616851 0.999988437 9.535020828
0.999975026 0.006778616 0.001966501 -0.021448134 -0.006768710 0.999964535 -0.005000807 -0.169004604 -0.002000330 0.004987372 0.999985576 9.572506905
0.999978900 0.006181555 0.001984549 -0.021379445 -0.006171894 0.999969244 -0.004838218 -0.169472128 -0.002014396 0.004825867 0.999986351 9.609158516
0.999975204 0.006724958 0.002072692 -0.021505605 -0.006716701 0.999969542 -0.003965096 -0.170240894 -0.002099294 0.003951075 0.999989986 9.646986008
0.999964535 0.008119569 0.002233224 -0.021660876 -0.008111140 0.999960005 -0.003758280 -0.170960873 -0.002263651 0.003740033 0.999990463 9.685119629
