0.999999821 -0.000510969 -0.000193003 -0.000166194 0.000511322 0.999998152 0.001832752 -0.000701677 0.000192066 -0.001832850 0.999998331 0.035155613
0.999998271 -0.001716357 -0.000743591 -0.000296598 0.001717654 0.999997079 0.001746905 -0.001213145 0.000740590 -0.001748179 0.999998271 0.071073242
0.999995112 -0.003038802 -0.000631267 -0.000470579 0.003039277 0.999995112 0.000752504 -0.001623253 0.000628977 -0.000754419 0.999999523 0.105337724
0.999994516 -0.003304616 -0.000246718 -0.000767158 0.003304837 0.999994278 0.000904163 -0.002165699 0.000243728 -0.000904974 0.999999583 0.139775693
0.999993086 -0.003703971 -0.000336143 -0.000771377 0.003704561 0.999991596 0.001772747 -0.002721007 0.000329574 -0.001773980 0.999998331 0.175013021
0.999985933 -0.005288955 -0.000272743 -0.000737270 0.005289724 0.999981821 0.002897698 -0.003160191 0.000257413 -0.002899100 0.999995768 0.211028785
0.999988973 -0.004687436 -0.000147067 -0.001063535 0.004687947 0.999982119 0.003695691 -0.003881576 0.000129741 -0.003696340 0.999993145 0.245502442
0.999991536 -0.004107519 -0.000414404 -0.001354656 0.004108370 0.999989390 0.002073650 -0.004376764 0.000405882 -0.002075335 0.999997795 0.281175584
0.999999106 -0.001025947 -0.000796727 -0.001377759 0.001025676 0.999999404 -0.000339926 -0.004946625 0.000797076 0.000339109 0.999999642 0.316534996
0.999997616 0.002150678 -0.000422559 -0.001897739 -0.002151016 0.999997318 -0.000802019 -0.005750621 0.000420833 0.000802926 0.999999583 0.352314651
0.999988556 0.004776925 -0.000281335 -0.002086248 -0.004777329 0.999987543 -0.001452829 -0.006050315 0.000274392 0.001454156 0.999998927 0.387581050
0.999982536 0.005918311 0.000123837 -0.002637123 -0.005918227 0.999982297 -0.000673351 -0.006571277 -0.000127819 0.000672606 0.999999762 0.423985481
0.999993443 0.003607298 0.000388995 -0.002506213 -0.003608099 0.999991357 0.002077915 -0.007204442 -0.000381496 -0.002079305 0.999997735 0.459223151
0.999999821 0.000116197 0.000560148 -0.002599464 -0.000118125 0.999994099 0.003443662 -0.007543131 -0.000559744 -0.003443728 0.999993920 0.495967478
0.999995291 -0.003089865 0.000250157 -0.002545247 0.003089458 0.999993920 0.001611862 -0.008189403 -0.000255137 -0.001611082 0.999998689 0.531016529
0.999990702 -0.004314251 0.000303489 -0.002638831 0.004314302 0.999990702 -0.000166090 -0.008779471 -0.000302770 0.000167398 0.999999940 0.567157447
0.999997437 -0.001734056 0.001498325 -0.003262129 0.001737043 0.999996543 -0.001994206 -0.009192544 -0.001494862 0.001996803 0.999996901 0.603368521
0.999998629 0.001155304 0.001196204 -0.002750705 -0.001155588 0.999999285 0.000237164 -0.010118061 -0.001195930 -0.000238546 0.999999285 0.640019000
0.999997556 0.001521812 0.001592689 -0.002840230 -0.001527966 0.999991357 0.003869976 -0.010600129 -0.001586786 -0.003872400 0.999991298 0.677454650
0.999997258 -0.000673893 0.002248591 -0.003077486 0.000661355 0.999984205 0.005572017 -0.010845376 -0.002252311 -0.005570514 0.999981999 0.713443279
0.999981880 -0.005774942 0.001699405 -0.002720561 0.005767832 0.999974728 0.004159619 -0.011568410 -0.001723384 -0.004149742 0.999989927 0.750232041
0.999985218 -0.004860764 0.002453020 -0.003496951 0.004856971 0.999987006 0.001550382 -0.011790933 -0.002460524 -0.001538445 0.999995828 0.786639512
0.999982595 -0.005028947 0.003097308 -0.003500118 0.005032360 0.999986708 -0.001095125 -0.012455041 -0.003091760 0.001110692 0.999994636 0.823732555
0.999993086 -0.002140008 0.003032135 -0.002996737 0.002145142 0.999996185 -0.001690900 -0.012955369 -0.003028505 0.001697393 0.999993980 0.860552728
0.999993801 -0.001894041 0.002985091 -0.002890470 0.001905819 0.999990404 -0.003947561 -0.013388997 -0.002977586 0.003953225 0.999987721 0.898285329
0.999994874 -0.000794061 0.003093447 -0.003117622 0.000804585 0.999993801 -0.003401960 -0.014122723 -0.003090727 0.003404432 0.999989450 0.935890317
0.999995530 -0.000243174 0.002980249 -0.002905708 0.000250243 0.999997139 -0.002371743 -0.014749259 -0.002979665 0.002372478 0.999992728 0.971739173
0.999995470 0.000830687 0.002875894 -0.003166324 -0.000829376 0.999999523 -0.000457224 -0.015560019 -0.002876272 0.000454837 0.999995708 1.009181261
0.999989569 0.003414876 0.003021335 -0.003847128 -0.003412562 0.999993861 -0.000770534 -0.015745334 -0.003023947 0.000760215 0.999995172 1.047133923
0.999978840 0.005722453 0.003083547 -0.003705133 -0.005720713 0.999983490 -0.000572496 -0.016870517 -0.003086772 0.000554844 0.999995053 1.084421277
0.999966443 0.007822507 0.002442131 -0.003445811 -0.007822851 0.999969423 0.000131243 -0.017364258 -0.002441029 -0.000150342 0.999996960 1.121925592
0.999958634 0.008862538 0.002025302 -0.003483273 -0.008862542 0.999960661 -0.000006913 -0.017989790 -0.002025283 -0.000011036 0.999997914 1.159555078
0.999965370 0.008007369 0.002275236 -0.004104612 -0.008006841 0.999967933 -0.000241060 -0.018659044 -0.002277094 0.000222834 0.999997318 1.197851300
0.999975562 0.006922325 0.000978111 -0.003902575 -0.006921723 0.999975920 -0.000617897 -0.019282464 -0.000982365 0.000611112 0.999999285 1.235954046
0.999979913 0.006326737 -0.000041509 -0.004289717 -0.006326754 0.999979913 -0.000409988 -0.019841900 0.000038915 0.000410242 0.999999881 1.273182869
0.999978304 0.006552509 -0.000775770 -0.004679837 -0.006552122 0.999978423 0.000501784 -0.020474713 0.000779041 -0.000496690 0.999999523 1.311750054
0.999965608 0.008216074 -0.001132190 -0.005176203 -0.008215545 0.999966145 0.000470958 -0.021188870 0.001136021 -0.000461640 0.999999225 1.347633719
0.999962389 0.008453012 -0.001946510 -0.005929994 -0.008452102 0.999964118 0.000475409 -0.021561211 0.001950459 -0.000458939 0.999997973 1.385808468
0.999959409 0.008669837 -0.002449900 -0.006755682 -0.008666313 0.999961376 0.001445033 -0.022169178 0.002462334 -0.001423742 0.999995947 1.423971176
0.999965668 0.007439900 -0.003662469 -0.006442813 -0.007430209 0.999968886 0.002652737 -0.022878278 0.003682091 -0.002625433 0.999989748 1.462457538
0.999978602 0.004508885 -0.004742145 -0.006634216 -0.004497071 0.999986708 0.002498995 -0.023160830 0.004753350 -0.002477615 0.999985635 1.500667691
0.999986589 0.001445527 -0.004969225 -0.007057768 -0.001434335 0.999996364 0.002255151 -0.023787001 0.004972466 -0.002247993 0.999985099 1.538127303
0.999984980 0.000390627 -0.005484947 -0.007448169 -0.000375643 0.999996126 0.002732728 -0.024528248 0.005485992 -0.002730626 0.999981225 1.576704979
0.999989867 0.000621950 -0.004448085 -0.007765517 -0.000608743 0.999995410 0.002969865 -0.024851900 0.004449912 -0.002967127 0.999985695 1.612302542
0.999989569 -0.000786099 -0.004498546 -0.007405949 0.000803942 0.999991775 0.003965954 -0.025743980 0.004495392 -0.003969529 0.999982059 1.649001122
0.999995112 -0.000809111 -0.003010866 -0.008890403 0.000819663 0.999993503 0.003505047 -0.026764410 0.003008010 -0.003507498 0.999989331 1.687803268
0.999991238 -0.003252777 -0.002629328 -0.008923342 0.003258631 0.999992192 0.002225182 -0.026430814 0.002622069 -0.002233731 0.999994040 1.725556970
0.999985695 -0.004387263 -0.003055263 -0.008405600 0.004394025 0.999987841 0.002209688 -0.026699470 0.003045531 -0.002223082 0.999992847 1.762386918
0.999986410 -0.003922824 -0.003426128 -0.007852205 0.003928313 0.999990940 0.001596822 -0.027150456 0.003419833 -0.001610259 0.999992907 1.801691413
0.999997377 -0.000017751 -0.002268830 -0.008261351 0.000024946 0.999994874 0.003170951 -0.028350178 0.002268762 -0.003171000 0.999992430 1.838510752
0.999996841 0.002381989 -0.000833330 -0.009743808 -0.002378383 0.999987900 0.004301789 -0.027801374 0.000843566 -0.004299793 0.999990404 1.872765303
0.999973595 0.007253680 -0.000418728 -0.009721255 -0.007251508 0.999961317 0.004977366 -0.029166352 0.000454816 -0.004974199 0.999987543 1.911777139
0.999918342 0.012760088 0.000642816 -0.010399250 -0.012762993 0.999907315 0.004736614 -0.029874451 -0.000582316 -0.004744432 0.999988616 1.949795365
0.999885380 0.015129589 0.000691010 -0.010073932 -0.015132181 0.999877930 0.003909216 -0.030153684 -0.000631781 -0.003919224 0.999992132 1.986263871
0.999848723 0.017254598 0.002174404 -0.011528721 -0.017263556 0.999842346 0.004169418 -0.031113466 -0.002102120 -0.004206325 0.999988973 2.022090197
0.999866366 0.016221363 0.002036483 -0.011329129 -0.016230514 0.999857903 0.004560464 -0.031516753 -0.001962217 -0.004592908 0.999987483 2.058463573
0.999879658 0.015367479 0.002123762 -0.011690240 -0.015376943 0.999871612 0.004511602 -0.032567728 -0.002054157 -0.004543715 0.999987602 2.096264124
0.999907732 0.013482889 0.001648097 -0.011607520 -0.013489572 0.999900579 0.004112132 -0.033373371 -0.001592489 -0.004133985 0.999990225 2.132063389
0.999924362 0.012281150 0.000707714 -0.010926409 -0.012283713 0.999917626 0.003730676 -0.033402380 -0.000661839 -0.003739087 0.999992788 2.169226170
0.999928951 0.011799855 0.001661910 -0.012398748 -0.011805693 0.999924004 0.003547127 -0.033217944 -0.001619928 -0.003566495 0.999992311 2.204041243
0.999934494 0.011312583 0.001725637 -0.013104331 -0.011317793 0.999931335 0.003041071 -0.033564813 -0.001691116 -0.003060402 0.999993861 2.239638090
0.999930084 0.011759909 0.001185211 -0.014065139 -0.011763561 0.999925971 0.003123041 -0.034117904 -0.001148396 -0.003136766 0.999994457 2.277273417
0.999933660 0.011517403 0.000218568 -0.013689190 -0.011518239 0.999924302 0.004322164 -0.034779195 -0.000168771 -0.004324395 0.999990642 2.313684225
0.999963462 0.008358358 -0.001797600 -0.013555234 -0.008349709 0.999953806 0.004766393 -0.034679811 0.001837356 -0.004751210 0.999986947 2.349943876
0.999977589 0.005857565 -0.003255733 -0.013585996 -0.005840502 0.999969244 0.005226270 -0.035092264 0.003286246 -0.005207137 0.999980986 2.386147022
0.999986589 0.003883993 -0.003433025 -0.014735175 -0.003864452 0.999976397 0.005680545 -0.036185510 0.003455007 -0.005667203 0.999977946 2.423062325
0.999989927 0.002474625 -0.003751710 -0.014421972 -0.002454560 0.999982715 0.005343494 -0.036773056 0.003764869 -0.005334231 0.999978721 2.457601547
0.999987781 0.001497403 -0.004716536 -0.014490128 -0.001475873 0.999988496 0.004564989 -0.036916871 0.004723316 -0.004557972 0.999978483 2.493922472
0.999983191 0.003158904 -0.004865632 -0.014583725 -0.003141003 0.999988317 0.003682158 -0.037701078 0.004877206 -0.003666813 0.999981403 2.529911280
0.999985456 0.002562550 -0.004755971 -0.015244307 -0.002545675 0.999990523 0.003550751 -0.038186979 0.004765025 -0.003538591 0.999982476 2.564553022
0.999987483 0.002489906 -0.004335070 -0.016144145 -0.002476694 0.999992311 0.003050332 -0.038635854 0.004342631 -0.003039557 0.999985993 2.600143194
0.999987781 0.003003403 -0.003920222 -0.016506586 -0.002990952 0.999990463 0.003178043 -0.039015271 0.003929728 -0.003166279 0.999987245 2.634988785
0.999983191 0.002927142 -0.004997387 -0.014923584 -0.002901434 0.999982536 0.005143872 -0.039929211 0.005012357 -0.005129286 0.999974251 2.670449734
0.999984503 0.002706470 -0.004875180 -0.015055316 -0.002672130 0.999971628 0.007036583 -0.040417835 0.004894085 -0.007023446 0.999963343 2.703940153
0.999986708 0.003474895 -0.003794288 -0.017259939 -0.003456115 0.999981821 0.004944970 -0.040910244 0.003811402 -0.004931790 0.999980569 2.741411448
0.999985278 0.004202012 -0.003420758 -0.017678941 -0.004194203 0.999988616 0.002286786 -0.041230451 0.003430328 -0.002272405 0.999991536 2.776606321
0.999989390 0.003169282 -0.003339685 -0.017962430 -0.003164795 0.999994099 0.001348079 -0.041943185 0.003343939 -0.001337496 0.999993503 2.810548782
0.999992967 0.000730741 -0.003650485 -0.017857008 -0.000721174 0.999996424 0.002621074 -0.042675737 0.003652387 -0.002618423 0.999989927 2.847084761
0.999990344 -0.002721488 -0.003444524 -0.017875679 0.002737720 0.999985099 0.004716476 -0.042953640 0.003431636 -0.004725860 0.999982953 2.881372452
0.999990404 -0.003687551 -0.002392529 -0.018154893 0.003699229 0.999981225 0.004894702 -0.043136001 0.002374434 -0.004903505 0.999985218 2.915815353
0.999980628 -0.006049960 -0.001454671 -0.018453594 0.006055520 0.999974251 0.003848616 -0.043809295 0.001431349 -0.003857351 0.999991536 2.952227831
0.999992371 -0.003738842 -0.001140407 -0.018590186 0.003740861 0.999991357 0.001772674 -0.044529837 0.001133769 -0.001776927 0.999997795 2.987085104
0.999998450 -0.001765702 -0.000243463 -0.018551346 0.001765635 0.999998391 -0.000277412 -0.045191623 0.000243952 0.000276982 1.000000000 3.021826029
0.999996960 0.002016064 0.001424972 -0.018878913 -0.002015154 0.999997735 -0.000639530 -0.045402706 -0.001426258 0.000636656 0.999998808 3.057599068
0.999993861 0.002863377 0.002024726 -0.018617289 -0.002866626 0.999994576 0.001603439 -0.046095412 -0.002020124 -0.001609233 0.999996722 3.094632149
0.999991000 0.002482302 0.003438188 -0.018897062 -0.002493774 0.999991238 0.003336414 -0.046458971 -0.003429877 -0.003344957 0.999988437 3.128221512
0.999992609 0.001609837 0.003479087 -0.018502962 -0.001623585 0.999990821 0.003952236 -0.047039844 -0.003472693 -0.003957856 0.999986112 3.164129972
0.999987483 0.001515367 0.004779134 -0.018286031 -0.001530012 0.999993980 0.003062060 -0.046789493 -0.004774467 -0.003069333 0.999983847 3.199343443
0.999978244 0.001780431 0.006341699 -0.018532509 -0.001796146 0.999995291 0.002473215 -0.046082746 -0.006337266 -0.002484552 0.999976814 3.233770132
0.999950886 0.006327247 0.007630429 -0.018676063 -0.006347456 0.999976397 0.002627115 -0.048558723 -0.007613627 -0.002675419 0.999967456 3.268532276
0.999936342 0.007094560 0.008767363 -0.018032858 -0.007108777 0.999973416 0.001591482 -0.049098812 -0.008755838 -0.001653706 0.999960303 3.302524805
0.999910295 0.008855074 0.010045411 -0.018548094 -0.008858555 0.999960721 0.000302145 -0.049711984 -0.010042341 -0.000391106 0.999949515 3.338892221
0.999911547 0.008142604 0.010516572 -0.017719448 -0.008145589 0.999966800 0.000241042 -0.050424393 -0.010514259 -0.000326684 0.999944746 3.374969006
0.999900520 0.007168698 0.012140687 -0.018734470 -0.007188768 0.999972820 0.001610226 -0.050738513 -0.012128813 -0.001697342 0.999925017 3.408953428
0.999893844 0.006677324 0.012944901 -0.018554274 -0.006708570 0.999974668 0.002371859 -0.051476613 -0.012928735 -0.002458449 0.999913454 3.445066452
0.999898970 0.006489765 0.012645868 -0.017571840 -0.006534942 0.999972403 0.003534524 -0.052769534 -0.012622580 -0.003616808 0.999913752 3.479404449
0.999899387 0.005412800 0.013106300 -0.017691374 -0.005451765 0.999980867 0.002939048 -0.053067241 -0.013090142 -0.003010205 0.999909759 3.514775038
0.999911845 0.002220530 0.013088934 -0.017496955 -0.002270266 0.999990284 0.003786168 -0.053070467 -0.013080399 -0.003815550 0.999907196 3.548636436
0.999916434 0.001094223 0.012879583 -0.017169792 -0.001131838 0.999995172 0.002913628 -0.053170212 -0.012876332 -0.002927962 0.999912858 3.583770990
0.999941945 -0.001233018 0.010704054 -0.016222209 0.001201375 0.999994993 0.002962131 -0.053741369 -0.010707652 -0.002949100 0.999938369 3.618964672
0.999950767 -0.002353864 0.009636210 -0.016189896 0.002315924 0.999989510 0.003946651 -0.054551728 -0.009645399 -0.003924141 0.999945819 3.654266357
0.999951243 -0.003046306 0.009392549 -0.016508173 0.003004942 0.999985695 0.004414936 -0.055280745 -0.009405864 -0.004386496 0.999946117 3.688557386
0.999961019 -0.003418484 0.008147116 -0.016251573 0.003390271 0.999988198 0.003474172 -0.055201039 -0.008158897 -0.003446416 0.999960721 3.724031448
0.999969900 -0.004224333 0.006516806 -0.015559405 0.004199645 0.999983907 0.003797456 -0.056437463 -0.006532743 -0.003769973 0.999971509 3.760418415
0.999971807 -0.003954614 0.006387467 -0.016674615 0.003934008 0.999987006 0.003235356 -0.056446347 -0.006400179 -0.003210136 0.999974370 3.793492317
0.999965608 -0.006772615 0.004771554 -0.015822643 0.006766951 0.999976337 0.001202041 -0.057199907 -0.004779582 -0.001169711 0.999987900 3.829098940
0.999916494 -0.012362073 0.003761067 -0.015749015 0.012359541 0.999923348 0.000695586 -0.057732057 -0.003769377 -0.000649042 0.999992669 3.863929272
0.999818206 -0.018947061 0.002128593 -0.015125659 0.018940760 0.999816298 0.002943636 -0.058408726 -0.002183976 -0.002902784 0.999993384 3.899766207
0.999638736 -0.026873253 0.000314715 -0.015157793 0.026871344 0.999626398 0.005001864 -0.059013717 -0.000449015 -0.004991601 0.999987423 3.935428619
0.999542892 -0.030231051 -0.000201422 -0.015056386 0.030231321 0.999541819 0.001467739 -0.059456546 0.000156958 -0.001473157 0.999998927 3.969987154
0.999573410 -0.029206794 0.000147852 -0.014998274 0.029206999 0.999572039 -0.001673941 -0.060240366 -0.000098898 0.001677545 0.999998689 4.005651474
0.999666154 -0.025799852 0.001412804 -0.015643779 0.025805028 0.999659836 -0.003776880 -0.060774494 -0.001314881 0.003812076 0.999991953 4.039636135
0.999688148 -0.024847880 0.002480194 -0.015859012 0.024858080 0.999682307 -0.004170956 -0.061379895 -0.002375766 0.004231309 0.999988258 4.073965549
0.999578059 -0.028902484 0.002881600 -0.015646640 0.028904075 0.999581993 -0.000511220 -0.061955474 -0.002865619 0.000594295 0.999995649 4.110013485
0.999411225 -0.034119189 0.003618506 -0.015603948 0.034112196 0.999415994 0.001976524 -0.062416889 -0.003683830 -0.001851925 0.999991477 4.145404816
0.999285281 -0.037646320 0.003388903 -0.015320558 0.037634976 0.999285936 0.003351420 -0.062921666 -0.003512651 -0.003221483 0.999988675 4.180546284
0.999200046 -0.039863326 0.003185754 -0.014769604 0.039851341 0.999198556 0.003739181 -0.063807473 -0.003332258 -0.003609233 0.999987960 4.216059208
0.999298275 -0.037222393 0.004184437 -0.014915651 0.037206843 0.999300599 0.003734106 -0.063802078 -0.004320503 -0.003575796 0.999984205 4.252260208
0.999456108 -0.032550953 0.005284180 -0.014858454 0.032539103 0.999467850 0.002313363 -0.064190045 -0.005356671 -0.002140163 0.999983311 4.287893772
0.999525785 -0.030284235 0.005574114 -0.014776468 0.030279800 0.999541044 0.000879402 -0.065097444 -0.005598187 -0.000710202 0.999984026 4.322899342
0.999668598 -0.024647649 0.007431295 -0.015244991 0.024655225 0.999695599 -0.000929766 -0.065025978 -0.007406116 0.001112679 0.999971867 4.358773232
0.999702394 -0.023078365 0.007915423 -0.015391294 0.023069775 0.999733150 0.001175008 -0.066484675 -0.007940428 -0.000992050 0.999967992 4.393019199
0.999702334 -0.023162231 0.007668443 -0.015223254 0.023152145 0.999730945 0.001401509 -0.067178756 -0.007698842 -0.001223551 0.999969602 4.429145813
0.999753058 -0.021099802 0.006975356 -0.014583725 0.021107648 0.999776602 -0.001053874 -0.067399994 -0.006951562 0.001200847 0.999975145 4.463926792
0.999856532 -0.015637031 0.006510949 -0.015049579 0.015662059 0.999870062 -0.003811166 -0.068582498 -0.006450507 0.003912594 0.999971509 4.500895500
0.999913573 -0.011637708 0.006108201 -0.014817214 0.011669874 0.999918044 -0.005256927 -0.068909019 -0.006046521 0.005327755 0.999967515 4.535688877
0.999957800 -0.006057529 0.006904488 -0.015600331 0.006087180 0.999972284 -0.004281567 -0.069966100 -0.006878361 0.004323415 0.999966919 4.572921276
0.999962866 -0.004563433 0.007304129 -0.016019188 0.004583767 0.999985635 -0.002769588 -0.070156850 -0.007291385 0.002802967 0.999969423 4.610233307
0.999965727 -0.001273000 0.008168882 -0.016178083 0.001279069 0.999998868 -0.000737722 -0.070864283 -0.008167934 0.000748145 0.999966323 4.643776417
0.999952257 -0.006374495 0.007402926 -0.016694944 0.006370884 0.999979556 0.000511354 -0.070970505 -0.007406035 -0.000464166 0.999972463 4.681215286
0.999973536 -0.005294308 0.004989970 -0.015307583 0.005295680 0.999985933 -0.000261876 -0.071193710 -0.004988514 0.000288295 0.999987483 4.718310833
0.999968648 -0.006914342 0.003860343 -0.016650181 0.006925984 0.999971509 -0.003010518 -0.074288048 -0.003839417 0.003037160 0.999988019 4.753933907
0.999986231 -0.004447327 0.002791406 -0.016668841 0.004466752 0.999965608 -0.006991211 -0.075734191 -0.002760218 0.007003583 0.999971688 4.789870739
0.999997973 -0.000484360 0.001958868 -0.017559886 0.000498766 0.999972761 -0.007360192 -0.076253794 -0.001955250 0.007361154 0.999970973 4.827269077
0.999996722 0.001354350 0.002207687 -0.018280137 -0.001342638 0.999985039 -0.005297721 -0.078920953 -0.002214829 0.005294739 0.999983609 4.863739967
0.999989271 0.004374868 0.001486372 -0.017281730 -0.004369687 0.999984384 -0.003470429 -0.077541932 -0.001501531 0.003463897 0.999992847 4.903178692
0.999981046 0.005857669 0.001909346 -0.017514220 -0.005854251 0.999981284 -0.001790937 -0.077975400 -0.001919801 0.001779724 0.999996483 4.940424442
0.999989331 0.004370100 0.001518749 -0.017246833 -0.004369287 0.999990344 -0.000537967 -0.078469895 -0.001521085 0.000531326 0.999998629 4.978070259
0.999988675 0.004164095 0.002295845 -0.017717324 -0.004162780 0.999991179 -0.000576974 -0.078958005 -0.002298228 0.000567410 0.999997139 5.015600204
0.999997437 0.000817358 0.002147026 -0.017378639 -0.000818213 0.999999583 0.000397625 -0.079911008 -0.002146700 -0.000399381 0.999997616 5.054294109
0.999993980 -0.002841146 0.002000581 -0.017217617 0.002840051 0.999995828 0.000550048 -0.080359012 -0.002002135 -0.000544363 0.999997795 5.089044094
0.999975502 -0.006626950 0.002252440 -0.016950052 0.006623605 0.999976993 0.001488929 -0.080797523 -0.002262256 -0.001473973 0.999996364 5.126786232
0.999943137 -0.010282262 0.002849230 -0.017081842 0.010273873 0.999942899 0.002943177 -0.081610784 -0.002879329 -0.002913737 0.999991596 5.164158344
0.999922931 -0.011800053 0.003861020 -0.017791808 0.011790285 0.999927282 0.002543093 -0.081784189 -0.003890747 -0.002497374 0.999989271 5.200588703
0.999937952 -0.010491790 0.003745539 -0.017307594 0.010497398 0.999943733 -0.001480418 -0.082559988 -0.003729797 0.001519645 0.999991834 5.237924576
0.999984801 -0.004257143 0.003518395 -0.017741824 0.004281300 0.999967039 -0.006886843 -0.082374334 -0.003488961 0.006901801 0.999970078 5.277441025
0.999966204 0.006221534 0.005365038 -0.018642735 -0.006185662 0.999958575 -0.006677032 -0.083903432 -0.005406357 0.006643621 0.999963284 5.315403461
0.999911666 0.011802630 0.006108020 -0.018654872 -0.011784700 0.999926150 -0.002963313 -0.084304370 -0.006142543 0.002891070 0.999976993 5.353131294
0.999875844 0.013979100 0.007268949 -0.017911006 -0.013974207 0.999902070 -0.000723526 -0.085469291 -0.007278351 0.000621858 0.999973238 5.389316559
0.999908030 0.011815012 0.006645095 -0.018087041 -0.011811590 0.999930024 -0.000553714 -0.085744485 -0.006651171 0.000475173 0.999977708 5.427825451
0.999943614 0.008994342 0.005642325 -0.018243438 -0.008991281 0.999959409 -0.000567678 -0.086472996 -0.005647200 0.000516914 0.999983907 5.467091084
0.999950469 0.008174651 0.005676293 -0.018981505 -0.008168142 0.999965847 -0.001168796 -0.087073997 -0.005685654 0.001122373 0.999983191 5.503798008
0.999961257 0.007684002 0.004298949 -0.017754266 -0.007677461 0.999969363 -0.001535830 -0.087792523 -0.004310619 0.001502766 0.999989569 5.541610241
0.999945045 0.009224733 0.004992222 -0.018800998 -0.009217250 0.999956369 -0.001519694 -0.088387087 -0.005006024 0.001473596 0.999986351 5.579816818
0.999927819 0.010735216 0.005402724 -0.019870311 -0.010728355 0.999941528 -0.001297134 -0.088277608 -0.005416334 0.001239078 0.999984562 5.618296623
0.999918520 0.011015140 0.006458273 -0.021325964 -0.011005050 0.999938130 -0.001595714 -0.089186579 -0.006475450 0.001524510 0.999977827 5.656979561
0.999951363 0.009105244 0.003794981 -0.018480472 -0.009096608 0.999955952 -0.002286881 -0.090018526 -0.003815636 0.002252248 0.999990106 5.696722507
0.999958158 0.008465013 0.003461060 -0.018279068 -0.008455768 0.999960661 -0.002676403 -0.090662710 -0.003483579 0.002647026 0.999990344 5.734608650
0.999940097 0.010293219 0.003712462 -0.018540034 -0.010285994 0.999945164 -0.001960163 -0.092932902 -0.003732435 0.001921859 0.999991179 5.772734165
0.999944627 0.009733845 0.003994775 -0.019965665 -0.009720902 0.999947488 -0.003246445 -0.091949873 -0.004026165 0.003207433 0.999986708 5.813636780
0.999958336 0.008886954 0.002089603 -0.018184762 -0.008881047 0.999956608 -0.002819892 -0.093152612 -0.002114573 0.002801216 0.999993861 5.852842808
0.999948919 0.009994064 0.001502335 -0.018004194 -0.009988304 0.999942958 -0.003794674 -0.093614556 -0.001540173 0.003779475 0.999991655 5.892738342
0.999958038 0.009098411 0.001073729 -0.018457964 -0.009094592 0.999952495 -0.003509566 -0.094462968 -0.001105610 0.003499654 0.999993324 5.932940960
0.999948204 0.010170362 0.000460365 -0.017970268 -0.010168868 0.999943316 -0.003136813 -0.095696002 -0.000492241 0.003131968 0.999994993 5.971739292
0.999948978 0.010093806 0.000343129 -0.018120985 -0.010092419 0.999941707 -0.003824815 -0.096117444 -0.000381716 0.003821157 0.999992609 6.011512756
0.999959052 0.009047274 0.000141583 -0.017957909 -0.009046661 0.999951601 -0.003851654 -0.097026333 -0.000176423 0.003850215 0.999992609 6.051070690
0.999984324 0.005595976 -0.000010845 -0.018247791 -0.005595984 0.999979675 -0.003041999 -0.098032556 -0.000006178 0.003042012 0.999995351 6.090863228
0.999989212 0.004597198 0.000591538 -0.018779892 -0.004595915 0.999987185 -0.002150394 -0.098734923 -0.000601417 0.002147652 0.999997497 6.129994392
0.999990702 0.004305106 0.000218616 -0.018569807 -0.004304689 0.999989033 -0.001868864 -0.099609122 -0.000226659 0.001867905 0.999998212 6.170409679
0.999989867 0.004484385 -0.000290860 -0.017911311 -0.004484932 0.999988139 -0.001908429 -0.100751102 0.000282298 0.001909714 0.999998152 6.209400177
0.999987125 0.005093991 0.000288013 -0.018638937 -0.005093156 0.999983013 -0.002828834 -0.101141497 -0.000302419 0.002827330 0.999995887 6.248939514
0.999976277 0.006614563 0.001946322 -0.020098595 -0.006609622 0.999975026 -0.002534056 -0.101808041 -0.001963035 0.002521131 0.999994874 6.290867805
0.999969423 0.007479407 0.002288367 -0.019811846 -0.007475584 0.999970615 -0.001674739 -0.101549648 -0.002300826 0.001657581 0.999995947 6.329285145
0.999980450 0.005964267 0.001841868 -0.019074727 -0.005963892 0.999982297 -0.000209920 -0.102812849 -0.001843087 0.000198931 0.999998271 6.368786335
0.999969959 0.007091940 0.003127436 -0.019634491 -0.007087037 0.999973595 -0.001576077 -0.103740528 -0.003138531 0.001553866 0.999993861 6.408596992
0.999977112 0.006139201 0.002833524 -0.019338118 -0.006132410 0.999978304 -0.002399729 -0.104862720 -0.002848195 0.002382298 0.999993145 6.449025154
0.999964118 0.007630702 0.003679472 -0.019771297 -0.007620941 0.999967337 -0.002659184 -0.105094150 -0.003699644 0.002631048 0.999989629 6.488461494
0.999965966 0.007371563 0.003701563 -0.019918311 -0.007365409 0.999971449 -0.001673314 -0.105784073 -0.003713792 0.001645994 0.999991775 6.528803825
0.999959528 0.007953008 0.004194608 -0.020320117 -0.007948415 0.999967754 -0.001110319 -0.106778920 -0.004203304 0.001076933 0.999990582 6.568494320
0.999966860 0.007445596 0.003270078 -0.020321507 -0.007441939 0.999971628 -0.001128682 -0.107288942 -0.003278389 0.001104309 0.999994040 6.609618187
0.999956667 0.008739494 0.003187043 -0.020226425 -0.008734601 0.999960721 -0.001545835 -0.107749447 -0.003200427 0.001517931 0.999993742 6.650483131
0.999931872 0.011217022 0.003225174 -0.020099461 -0.011211303 0.999935567 -0.001785899 -0.108341470 -0.003244998 0.001749619 0.999993205 6.690854549
0.999937654 0.010597285 0.003512946 -0.020746592 -0.010593831 0.999943376 -0.001000139 -0.109315932 -0.003523346 0.000962861 0.999993324 6.730673313
0.999953210 0.008843272 0.003917329 -0.021266647 -0.008841334 0.999960721 -0.000511857 -0.110143736 -0.003921702 0.000477198 0.999992192 6.770867348
0.999973059 0.006655562 0.003086771 -0.020574518 -0.006656517 0.999977767 0.000299195 -0.110915087 -0.003084710 -0.000319734 0.999995172 6.813228607
0.999982297 0.004512046 0.003882113 -0.021794470 -0.004514908 0.999989569 0.000728577 -0.111164995 -0.003878785 -0.000746092 0.999992192 6.853068352
0.999993622 0.001709654 0.003144537 -0.021231296 -0.001709461 0.999998450 -0.000064149 -0.111592188 -0.003144643 0.000058773 0.999994993 6.894063473
0.999997854 0.000727582 0.001976556 -0.020754300 -0.000726361 0.999999464 -0.000618963 -0.112652808 -0.001977006 0.000617526 0.999997854 6.933119297
0.999991179 0.000515791 0.004171231 -0.021398542 -0.000517959 0.999999702 0.000518505 -0.113114864 -0.004170963 -0.000520661 0.999991119 6.973900318
0.999992311 -0.001089326 0.003773998 -0.020754462 0.001078946 0.999995589 0.002751316 -0.114339218 -0.003776978 -0.002747223 0.999989152 7.015428543
0.999979675 -0.004801419 0.004179222 -0.021903357 0.004794369 0.999987066 0.001695161 -0.114287823 -0.004187306 -0.001675091 0.999989748 7.055168152
0.999982357 -0.004022784 0.004375847 -0.021690357 0.004020144 0.999991715 0.000611825 -0.114903972 -0.004378272 -0.000594223 0.999990165 7.096758366
0.999979675 -0.004321266 0.004698286 -0.021751553 0.004314720 0.999989688 0.001402529 -0.115937546 -0.004704298 -0.001382229 0.999987960 7.135825157
0.999974847 -0.002007593 0.006810402 -0.022328552 0.001999359 0.999997258 0.001215805 -0.116627328 -0.006812825 -0.001202158 0.999976039 7.175635338
0.999969900 -0.000969981 0.007690647 -0.022632547 0.000966912 0.999999404 0.000402749 -0.116727598 -0.007691033 -0.000395300 0.999970317 7.216125965
0.999966621 0.000294491 0.008165809 -0.022089023 -0.000295238 0.999999940 0.000090293 -0.117580071 -0.008165781 -0.000092701 0.999966621 7.256395817
0.999966979 -0.000750896 0.008094830 -0.020799428 0.000747710 0.999999642 0.000396480 -0.118461430 -0.008095125 -0.000390414 0.999967158 7.296394825
0.999954581 -0.001286193 0.009442202 -0.022859737 0.001298718 0.999998331 -0.001320377 -0.117864676 -0.009440487 0.001332580 0.999954581 7.341051579
0.999929249 0.003064308 0.011495722 -0.022085220 -0.003046184 0.999994099 -0.001593797 -0.119721539 -0.011500539 0.001558666 0.999932647 7.375169754
0.999929011 -0.000434378 0.011907843 -0.021713436 0.000447566 0.999999344 -0.001104865 -0.119855069 -0.011907355 0.001110116 0.999928534 7.416312218
0.999909759 0.001200084 0.013378946 -0.021680064 -0.001195338 0.999999225 -0.000362758 -0.120625652 -0.013379371 0.000346733 0.999910474 7.453674793
0.999917090 -0.000253758 0.012875951 -0.020453215 0.000247789 0.999999881 0.000465225 -0.121973969 -0.012876066 -0.000461996 0.999916971 7.492870331
0.999921799 -0.000752910 0.012490137 -0.019954853 0.000778730 0.999997616 -0.002062512 -0.122480705 -0.012488556 0.002072077 0.999919832 7.532926083
0.999916553 -0.001130550 0.012865601 -0.020068720 0.001188395 0.999989212 -0.004489365 -0.123389944 -0.012860385 0.004504279 0.999907196 7.573433876
0.999934077 -0.001244691 0.011419694 -0.019361168 0.001294386 0.999989748 -0.004345306 -0.123979151 -0.011414168 0.004359800 0.999925315 7.614988804
0.999935627 -0.001543917 0.011242602 -0.019055583 0.001593520 0.999988973 -0.004404470 -0.125276089 -0.011235679 0.004422102 0.999927044 7.652436733
0.999946952 -0.000406185 0.010295323 -0.018329635 0.000454402 0.999988914 -0.004681504 -0.126405686 -0.010293307 0.004685934 0.999935985 7.692625523
0.999954402 -0.004104550 0.008623787 -0.017777212 0.004147608 0.999978960 -0.004981134 -0.126422137 -0.008603162 0.005016674 0.999950409 7.732240677
0.999950945 -0.001777498 0.009748541 -0.019144863 0.001821080 0.999988437 -0.004463513 -0.127755284 -0.009740493 0.004481048 0.999942482 7.768907547
0.999963641 -0.002370870 0.008194138 -0.018383034 0.002414022 0.999983251 -0.005260267 -0.127385810 -0.008181529 0.005279856 0.999952614 7.809736729
0.999969542 -0.002592824 0.007371344 -0.017860673 0.002621755 0.999988854 -0.003917803 -0.128056213 -0.007361104 0.003937009 0.999965191 7.847211838
0.999976993 0.000000085 0.006784847 -0.017611254 0.000025399 0.999992967 -0.003756039 -0.127416447 -0.006784800 0.003756124 0.999969959 7.883161068
0.999958694 -0.004593148 0.007846105 -0.017790075 0.004598213 0.999989212 -0.000627641 -0.130302429 -0.007843137 0.000663694 0.999969065 7.913785458
0.999956131 0.001503649 0.009239913 -0.018830068 -0.001480339 0.999995649 -0.002529111 -0.130606189 -0.009243677 0.002515322 0.999954104 7.965484142
0.999956787 0.001441068 0.009180031 -0.017205223 -0.001411171 0.999993622 -0.003262362 -0.130776286 -0.009184673 0.003249266 0.999952495 8.005589485
0.999947309 -0.000898528 0.010223305 -0.018545456 0.000936611 0.999992609 -0.003720903 -0.132011667 -0.010219887 0.003730283 0.999940813 8.040801048
0.999942720 -0.003932519 0.009952538 -0.017178304 0.003984597 0.999978483 -0.005218246 -0.133179784 -0.009931801 0.005257605 0.999936819 8.079197884
0.999942601 -0.004380342 0.009769265 -0.017545968 0.004438440 0.999972463 -0.005933343 -0.134584188 -0.009743007 0.005976364 0.999934614 8.124410629
0.999958396 -0.003586466 0.008389853 -0.018167950 0.003646311 0.999967933 -0.007128651 -0.135384485 -0.008364018 0.007158946 0.999939322 8.164118767
0.999975741 -0.003743535 0.005863841 -0.017857049 0.003779009 0.999974489 -0.006050345 -0.136380047 -0.005841043 0.006072358 0.999964416 8.201687813
0.999984145 -0.000857239 0.005586589 -0.017477844 0.000876251 0.999993861 -0.003401403 -0.136827365 -0.005583640 0.003406244 0.999978542 8.244474411
0.999981344 -0.002421833 0.005611117 -0.016979683 0.002425910 0.999996841 -0.000719973 -0.137394235 -0.005609356 0.000733572 0.999983966 8.284701347
0.999974430 -0.002849815 0.006567173 -0.017880458 0.002850528 0.999995887 -0.000099184 -0.137753084 -0.006566864 0.000117902 0.999978423 8.322991371
0.999972284 -0.002515673 0.006997178 -0.017799314 0.002525823 0.999995828 -0.001442101 -0.138514251 -0.006993519 0.001459735 0.999974549 8.363364220
0.999966264 -0.004622127 0.006791521 -0.016779471 0.004626226 0.999989152 -0.000587988 -0.140357375 -0.006788730 0.000619387 0.999976754 8.407683372
0.999961078 -0.005040954 0.007246280 -0.017147001 0.005044540 0.999987185 -0.000476574 -0.140643403 -0.007243783 0.000513110 0.999973595 8.446848869
0.999961197 -0.004229570 0.007742139 -0.016635492 0.004231329 0.999991119 -0.000210858 -0.141996264 -0.007741178 0.000243610 0.999969959 8.487066269
0.999968469 -0.002755184 0.007457604 -0.015148610 0.002773087 0.999993324 -0.002391356 -0.140997484 -0.007450965 0.002411961 0.999969363 8.528599739
0.999955356 -0.002185079 0.009191268 -0.016915284 0.002201793 0.999995947 -0.001808671 -0.143378302 -0.009187279 0.001828828 0.999956131 8.570795059
0.999938548 -0.003472869 0.010531519 -0.017492436 0.003476223 0.999993980 -0.000300219 -0.143748030 -0.010530415 0.000336810 0.999944508 8.611330032
0.999934733 -0.004168386 0.010631998 -0.017254703 0.004163038 0.999991238 0.000525135 -0.144467309 -0.010634094 -0.000480840 0.999943376 8.651489258
0.999935269 -0.005623826 0.009890744 -0.016119771 0.005626172 0.999984145 -0.000209404 -0.145500824 -0.009889408 0.000265038 0.999951005 8.693095207
0.999937117 -0.004433460 0.010301080 -0.016355254 0.004433941 0.999990225 -0.000023857 -0.146247759 -0.010300874 0.000069529 0.999946892 8.733498573
0.999942601 -0.002637307 0.010381298 -0.016396753 0.002659378 0.999994218 -0.002112865 -0.146949038 -0.010375666 0.002140351 0.999943912 8.772770882
0.999961674 -0.000945549 0.008705201 -0.015547886 0.000989058 0.999987006 -0.004995183 -0.148002356 -0.008700363 0.005003602 0.999949634 8.813463211
0.999964535 0.000546555 0.008400492 -0.015667796 -0.000509158 0.999989927 -0.004453237 -0.148835450 -0.008402841 0.004448803 0.999954820 8.854818344
0.999972165 0.001447959 0.007317639 -0.015725866 -0.001439076 0.999998212 -0.001218908 -0.149453893 -0.007319391 0.001208344 0.999972463 8.895876884
0.999976039 0.002062926 0.006606753 -0.015692305 -0.002075966 0.999995887 0.001967265 -0.150430039 -0.006602667 -0.001980933 0.999976218 8.935688019
0.999981642 0.003301479 0.005085972 -0.015636135 -0.003301602 0.999994457 0.000015650 -0.150775924 -0.005085892 -0.000032441 0.999987066 8.976688385
0.999991596 0.002509845 0.003231629 -0.015798239 -0.002505186 0.999995768 -0.001444987 -0.151629150 -0.003235242 0.001436880 0.999993742 9.016836166
0.999998748 0.000785518 0.001323496 -0.015527394 -0.000786215 0.999999523 0.000526533 -0.152655616 -0.001323082 -0.000527573 0.999998987 9.057375908
0.999999821 -0.000451275 -0.000281752 -0.015005839 0.000451570 0.999999225 0.001050033 -0.153472468 0.000281278 -0.001050160 0.999999464 9.097681046
0.999999821 -0.000592636 -0.000079757 -0.015547968 0.000592600 0.999999702 -0.000454408 -0.153727815 0.000080027 0.000454361 0.999999881 9.139296532
0.999998510 -0.001630315 -0.000629412 -0.015638316 0.001629684 0.999998152 -0.001001536 -0.154516459 0.000631043 0.001000509 0.999999285 9.178507805
0.999999404 -0.001066889 -0.000357186 -0.016185056 0.001066306 0.999998033 -0.001628349 -0.154728547 0.000358923 0.001627967 0.999998569 9.218648911
0.999995470 -0.002950032 -0.000633147 -0.015921639 0.002949515 0.999995232 -0.000816048 -0.156417876 0.000635552 0.000814177 0.999999464 9.260242462
0.999996364 -0.002584258 -0.000707233 -0.016295377 0.002583332 0.999995768 -0.001306566 -0.157385007 0.000710607 0.001304734 0.999998927 9.300320625
0.999995768 -0.002707294 -0.001105400 -0.016587920 0.002705252 0.999994636 -0.001845676 -0.158267990 0.001110391 0.001842678 0.999997735 9.340289116
0.999993861 -0.003374308 -0.000845256 -0.016406778 0.003372585 0.999992192 -0.002031956 -0.158740297 0.000852106 0.002029093 0.999997556 9.381653786
0.999997199 -0.002333236 -0.000187803 -0.016841190 0.002332583 0.999991477 -0.003408556 -0.159295887 0.000195755 0.003408108 0.999994159 9.421956062
0.999990463 -0.004289646 -0.000773741 -0.017140035 0.004285940 0.999979615 -0.004730598 -0.160199404 0.000794018 0.004727237 0.999988496 9.463653564
0.999986470 -0.005054634 -0.001175835 -0.016703779 0.005051304 0.999983251 -0.002817741 -0.161026359 0.001190058 0.002811764 0.999995351 9.502626419
0.999969721 -0.007642424 -0.001362897 -0.016945986 0.007639629 0.999968708 -0.002043915 -0.161635280 0.001378475 0.002033441 0.999997020 9.543656349
0.999979794 -0.006285429 -0.000986237 -0.017283449 0.006281933 0.999974132 -0.003508260 -0.162449479 0.001008262 0.003501994 0.999993384 9.583412170
0.999980450 -0.006176503 -0.000953243 -0.017068379 0.006172959 0.999974191 -0.003676704 -0.163282663 0.000975927 0.003670748 0.999992728 9.622447014
0.999984562 -0.005552112 -0.000299121 -0.017550873 0.005551321 0.999981284 -0.002580632 -0.164151475 0.000313443 0.002578932 0.999996603 9.662532806
0.999990523 -0.004350973 0.000187435 -0.017898379 0.004351291 0.999989033 -0.001735175 -0.164910376 -0.000179883 0.001735974 0.999998450 9.702635765
0.999992251 -0.003819626 0.001023938 -0.018286446 0.003821858 0.999990284 -0.002186647 -0.165636659 -0.001015576 0.002190543 0.999997020 9.742227554
0.999990761 -0.004245284 0.000684390 -0.018357648 0.004247205 0.999986887 -0.002830136 -0.166350499 -0.000672366 0.002833016 0.999995768 9.783238411
0.999991238 -0.004041994 0.001107353 -0.018590730 0.004046081 0.999984860 -0.003713477 -0.166820079 -0.001092327 0.003717925 0.999992430 9.823940277
0.999993622 -0.003421244 0.001020930 -0.018576462 0.003424564 0.999988794 -0.003268669 -0.168014228 -0.001009735 0.003272144 0.999994159 9.864333153
0.999997079 -0.001495484 0.001905648 -0.019117264 0.001501522 0.999993861 -0.003171069 -0.168891102 -0.001900893 0.003173921 0.999993205 9.905074120
0.999996901 -0.001868310 0.001661041 -0.019162368 0.001872693 0.999994695 -0.002640818 -0.169379324 -0.001656098 0.002643920 0.999995172 9.946036339
0.999996901 0.001297450 0.002129231 -0.019332118 -0.001288999 0.999991298 -0.003965779 -0.169990152 -0.002134358 0.003963021 0.999989808 9.987538338
0.999988914 0.003982589 0.002559848 -0.019546658 -0.003970341 0.999980688 -0.004771814 -0.170849904 -0.002578803 0.004761597 0.999985278 10.027115822
0.999993086 0.002437820 0.002797752 -0.018654373 -0.002426558 0.999988914 -0.004021837 -0.171372324 -0.002807525 0.004015020 0.999987960 10.060799599
0.999986827 0.003990654 0.003214836 -0.019987490 -0.003978348 0.999984741 -0.003825083 -0.172353223 -0.003230051 0.003812243 0.999987483 10.106913567
0.999983966 0.004080903 0.003915584 -0.020390306 -0.004068417 0.999986649 -0.003191515 -0.173308656 -0.003928556 0.003175534 0.999987304 10.146912575
