0.999999762 -0.000593593 -0.000267714 -0.000179969 0.000594046 0.999998391 0.001695487 -0.000548678 0.000266707 -0.001695646 0.999998510 0.034838691
0.999998271 -0.001803831 -0.000490152 -0.000385410 0.001804637 0.999997020 0.001647911 -0.001054479 0.000487178 -0.001648793 0.999998510 0.069455013
0.999994338 -0.003284557 -0.000694078 -0.000417143 0.003284981 0.999994397 0.000609232 -0.001467370 0.000692073 -0.000611509 0.999999583 0.104159966
0.999992311 -0.003871226 -0.000569109 -0.000568412 0.003871702 0.999992073 0.000839518 -0.002089393 0.000565854 -0.000841715 0.999999464 0.138761193
0.999990284 -0.004334325 -0.000730303 -0.000544708 0.004335468 0.999989390 0.001571973 -0.002561891 0.000723482 -0.001575124 0.999998510 0.174054384
0.999983609 -0.005718167 -0.000297423 -0.000847669 0.005719006 0.999979377 0.002900280 -0.003114431 0.000280833 -0.002901933 0.999995768 0.208595097
0.999987423 -0.005009193 -0.000269743 -0.001076565 0.005010054 0.999981999 0.003288433 -0.003505541 0.000253266 -0.003289743 0.999994576 0.243786156
0.999990523 -0.004251502 -0.000871740 -0.001235931 0.004252773 0.999989867 0.001460048 -0.004118850 0.000865524 -0.001463742 0.999998569 0.279073864
0.999998987 -0.001050455 -0.000947947 -0.001649095 0.001049618 0.999999106 -0.000882435 -0.004550118 0.000948874 0.000881439 0.999999166 0.314955473
0.999998271 0.001705703 -0.000626107 -0.001960949 -0.001706581 0.999997556 -0.001402923 -0.005288538 0.000623713 0.001403990 0.999998808 0.349718720
0.999990880 0.004253466 -0.000194730 -0.002439770 -0.004253743 0.999989867 -0.001443964 -0.006014966 0.000188586 0.001444779 0.999998927 0.385556996
0.999985993 0.005270708 -0.000468740 -0.002561453 -0.005271045 0.999985814 -0.000720140 -0.006421193 0.000464937 0.000722600 0.999999642 0.420437932
0.999995887 0.002709860 -0.000927363 -0.002306341 -0.002707745 0.999993801 0.002274724 -0.007089770 0.000933521 -0.002272203 0.999997020 0.456562936
0.999998808 -0.001597338 -0.000256431 -0.002524137 0.001598368 0.999990404 0.004068711 -0.007634779 0.000249930 -0.004069116 0.999991655 0.492034733
0.999992371 -0.003878209 -0.000530461 -0.002652242 0.003879088 0.999991119 0.001665996 -0.008236986 0.000523995 -0.001668041 0.999998450 0.528303206
0.999987125 -0.005037826 -0.000584207 -0.002663570 0.005037626 0.999987245 -0.000342270 -0.008643320 0.000585923 0.000339323 0.999999762 0.563497066
0.999996245 -0.002692578 -0.000401332 -0.002925904 0.002691681 0.999993920 -0.002218455 -0.009103621 0.000407303 0.002217366 0.999997497 0.599524260
0.999999702 0.000195285 0.000701675 -0.003162948 -0.000195265 0.999999940 -0.000028836 -0.009728939 -0.000701680 0.000028699 0.999999762 0.635606229
0.999999642 0.000431976 0.000783287 -0.003236361 -0.000435064 0.999992132 0.003945880 -0.010487706 -0.000781576 -0.003946219 0.999991953 0.672298491
0.999996245 -0.002152240 0.001708537 -0.003379699 0.002142327 0.999980986 0.005782811 -0.010829270 -0.001720950 -0.005779129 0.999981821 0.708054304
0.999977767 -0.006379251 0.001939856 -0.004171796 0.006372401 0.999973476 0.003517066 -0.011072828 -0.001962241 -0.003504626 0.999991953 0.743601859
0.999980390 -0.006119909 0.001338510 -0.003519047 0.006117854 0.999980032 0.001534710 -0.011623311 -0.001347876 -0.001526491 0.999997854 0.780257583
0.999981463 -0.005491769 0.002644167 -0.004268522 0.005495970 0.999983549 -0.001584269 -0.011910086 -0.002635423 0.001598772 0.999995172 0.816671014
0.999991059 -0.003034600 0.002939965 -0.004021254 0.003040255 0.999993563 -0.001920799 -0.012724606 -0.002934117 0.001929719 0.999993801 0.853254616
0.999990940 -0.002750758 0.003218973 -0.004336684 0.002762619 0.999989450 -0.003686166 -0.013491790 -0.003208799 0.003695025 0.999987960 0.889684975
0.999994755 -0.001509131 0.002851272 -0.004032410 0.001518296 0.999993682 -0.003215314 -0.014160123 -0.002846403 0.003219626 0.999990821 0.926714778
0.999995530 -0.000877704 0.002861528 -0.004216140 0.000884033 0.999997139 -0.002211396 -0.014660656 -0.002859579 0.002213916 0.999993443 0.963015735
0.999995828 0.000626568 0.002820879 -0.004893524 -0.000623991 0.999999285 -0.000914372 -0.015226150 -0.002821450 0.000912608 0.999995649 0.999632657
0.999994695 0.002192281 0.002402445 -0.004560836 -0.002192050 0.999997616 -0.000098689 -0.015718514 -0.002402655 0.000093422 0.999997079 1.035797358
0.999982953 0.005135742 0.002788144 -0.004663153 -0.005134044 0.999986589 -0.000616284 -0.016607929 -0.002791273 0.000601959 0.999995947 1.073514581
0.999960482 0.008322508 0.003124491 -0.005258660 -0.008321069 0.999965250 -0.000473176 -0.017173616 -0.003128321 0.000447158 0.999995053 1.111058116
0.999965489 0.007909230 0.002551671 -0.004936647 -0.007909124 0.999968708 -0.000052140 -0.017895484 -0.002552003 0.000031957 0.999996781 1.147170305
0.999973714 0.007011573 0.001807267 -0.004982025 -0.007011123 0.999975324 -0.000255112 -0.018401720 -0.001809011 0.000242434 0.999998331 1.185660481
0.999981880 0.005932759 0.001029342 -0.004941512 -0.005932073 0.999982119 -0.000668519 -0.019032184 -0.001033289 0.000662401 0.999999225 1.222692609
0.999982178 0.005960173 0.000320536 -0.005272079 -0.005960094 0.999982178 -0.000247092 -0.019887490 -0.000322003 0.000245177 0.999999881 1.260025501
0.999981046 0.006127568 -0.000623248 -0.005646426 -0.006127242 0.999981105 0.000523225 -0.020290315 0.000626443 -0.000519397 0.999999583 1.297246814
0.999974370 0.006938742 -0.001803053 -0.006043647 -0.006938242 0.999975920 0.000284209 -0.020767177 0.001804982 -0.000271692 0.999998271 1.335101724
0.999976575 0.006586305 -0.001877020 -0.007138667 -0.006585266 0.999978244 0.000558859 -0.021404698 0.001880659 -0.000546485 0.999998093 1.371670127
0.999976039 0.005701457 -0.003928280 -0.006586108 -0.005695711 0.999982655 0.001472087 -0.022126246 0.003936604 -0.001449677 0.999991179 1.409403920
0.999977887 0.004667495 -0.004736779 -0.006851380 -0.004654633 0.999985397 0.002722688 -0.022876035 0.004749418 -0.002700579 0.999985039 1.446634054
0.999983430 0.003208119 -0.004773810 -0.007509523 -0.003197705 0.999992549 0.002187369 -0.023161128 0.004780791 -0.002172068 0.999986231 1.485368729
0.999983191 -0.000423990 -0.005799576 -0.007276146 0.000434886 0.999998152 0.001877723 -0.023985352 0.005798770 -0.001880214 0.999981403 1.523442864
0.999975383 -0.002218435 -0.006654520 -0.007292278 0.002231971 0.999995470 0.002027424 -0.024572071 0.006649993 -0.002042227 0.999975801 1.561482549
0.999978125 -0.003013224 -0.005891325 -0.007761862 0.003027039 0.999992728 0.002337478 -0.024996985 0.005884239 -0.002355260 0.999979913 1.598742604
0.999973118 -0.004996429 -0.005366099 -0.008160823 0.005016936 0.999980152 0.003815066 -0.025579117 0.005346930 -0.003841885 0.999978304 1.634908557
0.999974012 -0.005698015 -0.004406416 -0.009031670 0.005714656 0.999976575 0.003773191 -0.026814608 0.004384814 -0.003798274 0.999983191 1.671205640
0.999967635 -0.006688459 -0.004496497 -0.008572103 0.006700383 0.999974072 0.002642135 -0.026978243 0.004478707 -0.002672177 0.999986351 1.707611084
0.999971688 -0.006451900 -0.003854877 -0.009004725 0.006458937 0.999977410 0.001815839 -0.026994569 0.003843075 -0.001840687 0.999990880 1.746745944
0.999986529 -0.004240082 -0.002968032 -0.008556416 0.004246582 0.999988556 0.002187035 -0.027898666 0.002958725 -0.002199609 0.999993205 1.781819820
0.999990880 -0.000139706 -0.004271226 -0.006712725 0.000153754 0.999994457 0.003288616 -0.028954457 0.004270743 -0.003289243 0.999985456 1.820236921
0.999997735 0.000688018 -0.001981582 -0.009955679 -0.000678946 0.999989271 0.004574957 -0.028779620 0.001984709 -0.004573601 0.999987543 1.857751966
0.999971092 0.007590251 -0.000088949 -0.012492237 -0.007589772 0.999960959 0.004508373 -0.029412581 0.000123165 -0.004507567 0.999989867 1.898634434
0.999950111 0.009984499 -0.000037454 -0.011374744 -0.009984253 0.999941349 0.004201040 -0.029240957 0.000079397 -0.004200457 0.999991179 1.932594657
0.999909937 0.013400726 0.000827499 -0.012212266 -0.013404037 0.999901593 0.004134763 -0.031274877 -0.000772009 -0.004145481 0.999991119 1.969929099
0.999874532 0.015792666 0.001245440 -0.011810098 -0.015796354 0.999870718 0.003007144 -0.030532585 -0.001197788 -0.003026439 0.999994695 2.008360624
0.999879956 0.015416045 0.001501883 -0.011707828 -0.015421476 0.999874294 0.003675986 -0.030983195 -0.001445025 -0.003698706 0.999992132 2.042713404
0.999908745 0.013465284 0.001069609 -0.011611678 -0.013468372 0.999905050 0.002937044 -0.031001084 -0.001029959 -0.002951183 0.999995112 2.079679489
0.999914527 0.013044754 0.000894909 -0.011934948 -0.013046352 0.999913216 0.001804370 -0.031756185 -0.000871294 -0.001815891 0.999997973 2.116289139
0.999931037 0.011708571 0.000871800 -0.012458373 -0.011710399 0.999929190 0.002121464 -0.031957675 -0.000846899 -0.002131526 0.999997377 2.154150009
0.999913335 0.013154871 0.000551028 -0.012446497 -0.013155655 0.999912381 0.001441885 -0.032574803 -0.000532012 -0.001449009 0.999998808 2.190657139
0.999919116 0.012665886 0.001133253 -0.013943477 -0.012666498 0.999919593 0.000534368 -0.032775003 -0.001126394 -0.000548679 0.999999285 2.226444006
0.999939144 0.010946560 -0.001336295 -0.012539661 -0.010943267 0.999937117 0.002445940 -0.033883143 0.001362985 -0.002431168 0.999996066 2.264029503
0.999935925 0.011142951 -0.001972034 -0.012874238 -0.011136588 0.999932826 0.003208676 -0.034872573 0.002007655 -0.003186508 0.999992907 2.299074888
0.999956310 0.008984411 -0.002591870 -0.013661832 -0.008974257 0.999952078 0.003904490 -0.034989756 0.002626826 -0.003881058 0.999989033 2.336959600
0.999970019 0.006392776 -0.004388001 -0.013116533 -0.006372536 0.999969065 0.004611692 -0.035702441 0.004417346 -0.004583591 0.999979794 2.372270584
0.999976516 0.004450044 -0.005209382 -0.013776997 -0.004427373 0.999980688 0.004355309 -0.035944086 0.005228662 -0.004332144 0.999976933 2.409653425
0.999979079 0.003146235 -0.005643883 -0.013880981 -0.003123289 0.999986768 0.004070022 -0.036740907 0.005656613 -0.004052309 0.999975801 2.445546389
0.999979854 0.001885480 -0.006077586 -0.014383877 -0.001863891 0.999991953 0.003555815 -0.037244797 0.006084241 -0.003544415 0.999975204 2.482048273
0.999978602 0.001523020 -0.006348926 -0.014739605 -0.001499401 0.999991953 0.003723292 -0.038154915 0.006354546 -0.003713693 0.999972880 2.517703056
0.999978960 0.002130917 -0.006130069 -0.015199386 -0.002116049 0.999994755 0.002430777 -0.038385637 0.006135216 -0.002417754 0.999978244 2.553564310
0.999977112 0.003278486 -0.005927162 -0.015756398 -0.003268766 0.999993265 0.001648869 -0.038936790 0.005932528 -0.001629457 0.999981105 2.589322090
0.999974728 0.004447160 -0.005546410 -0.016143914 -0.004437508 0.999988735 0.001751490 -0.039459050 0.005554136 -0.001726834 0.999983072 2.624484301
0.999974012 0.004230532 -0.005838509 -0.016085580 -0.004209552 0.999984682 0.003601084 -0.040147893 0.005853654 -0.003576413 0.999976397 2.659515142
0.999969482 0.005850470 -0.005179792 -0.017023040 -0.005825642 0.999971628 0.004795189 -0.040816601 0.005207698 -0.004764867 0.999975085 2.695559740
0.999972761 0.005578550 -0.004843971 -0.017697796 -0.005564859 0.999980509 0.002835167 -0.041128233 0.004859693 -0.002808134 0.999984264 2.730525017
0.999972343 0.005614802 -0.004865189 -0.017655052 -0.005610852 0.999983907 0.000825117 -0.041820958 0.004869743 -0.000797796 0.999987841 2.765638590
0.999979079 0.004087108 -0.005011865 -0.018091597 -0.004087326 0.999991596 -0.000033328 -0.042472631 0.005011687 0.000053813 0.999987483 2.800299644
0.999984741 0.002398637 -0.004976990 -0.018381201 -0.002393871 0.999996662 0.000963480 -0.043116361 0.004979285 -0.000951551 0.999987066 2.835725546
0.999989867 -0.000524206 -0.004463689 -0.018762130 0.000540565 0.999993086 0.003664369 -0.044006005 0.004461738 -0.003666745 0.999983311 2.871015310
0.999993503 -0.000657043 -0.003539718 -0.018907327 0.000668383 0.999994636 0.003203509 -0.044122688 0.003537595 -0.003205854 0.999988616 2.905936956
0.999992669 -0.002769292 -0.002648085 -0.019342635 0.002774154 0.999994457 0.001834165 -0.044575654 0.002642991 -0.001841497 0.999994874 2.940617561
0.999997020 0.000300420 -0.002454385 -0.019120254 -0.000302485 0.999999523 -0.000841004 -0.045097031 0.002454131 0.000841744 0.999996662 2.975841284
0.999996483 0.002182502 -0.001515206 -0.019211818 -0.002186465 0.999994159 -0.002617932 -0.046005070 0.001509484 0.002621236 0.999995410 3.010637283
0.999986708 0.005098563 -0.000645379 -0.019410023 -0.005100275 0.999983370 -0.002680546 -0.046624742 0.000631701 0.002683803 0.999996185 3.045642376
0.999975324 0.006872421 0.001420996 -0.020160757 -0.006871708 0.999976277 -0.000505771 -0.047343619 -0.001424438 0.000495994 0.999998808 3.080613136
0.999972880 0.006801802 0.002830512 -0.020328140 -0.006806179 0.999975681 0.001539473 -0.047686167 -0.002819972 -0.001558696 0.999994755 3.115154266
0.999972701 0.006367831 0.003731487 -0.020770790 -0.006376029 0.999977350 0.002189573 -0.048253175 -0.003717460 -0.002213306 0.999990582 3.150224686
0.999971092 0.006183352 0.004428186 -0.020799547 -0.006191886 0.999979079 0.001916086 -0.048777461 -0.004416245 -0.001943449 0.999988317 3.185551882
0.999948561 0.008558516 0.005431800 -0.020207118 -0.008562809 0.999963045 0.000767681 -0.049017221 -0.005425029 -0.000814153 0.999984980 3.219944715
0.999923646 0.010443444 0.006599267 -0.020534160 -0.010446374 0.999945283 0.000409860 -0.049743071 -0.006594626 -0.000478767 0.999978125 3.255306482
0.999903917 0.011199777 0.008163676 -0.020311270 -0.011199074 0.999937296 -0.000131683 -0.050449420 -0.008164638 0.000040245 0.999966741 3.288686991
0.999874353 0.012958346 0.009132545 -0.020336913 -0.012943561 0.999914825 -0.001676344 -0.050535902 -0.009153488 0.001557926 0.999956906 3.323593378
0.999875128 0.011866314 0.010433123 -0.020419814 -0.011836469 0.999925792 -0.002917683 -0.050592598 -0.010466969 0.002793827 0.999941349 3.358406782
0.999866843 0.011705237 0.011371791 -0.020722359 -0.011689720 0.999930739 -0.001430173 -0.051539693 -0.011387741 0.001297050 0.999934316 3.393874645
0.999881566 0.009980228 0.011709781 -0.019638978 -0.009986947 0.999949992 0.000515462 -0.052823264 -0.011704054 -0.000632346 0.999931216 3.427574873
0.999879777 0.009559175 0.012208933 -0.019606169 -0.009563183 0.999954224 0.000269930 -0.053165153 -0.012205796 -0.000386654 0.999925375 3.463431835
0.999901533 0.007752267 0.011691309 -0.019140523 -0.007763703 0.999969423 0.000933042 -0.054020580 -0.011683720 -0.001023718 0.999931216 3.497832775
0.999910951 0.005739147 0.012048611 -0.019163337 -0.005759526 0.999982059 0.001657402 -0.054442350 -0.012038883 -0.001726648 0.999926031 3.531517029
0.999928057 0.003578563 0.011448965 -0.019086879 -0.003587870 0.999993265 0.000792437 -0.054651994 -0.011446052 -0.000833457 0.999934137 3.566627979
0.999940634 0.003267878 0.010398838 -0.018882800 -0.003271428 0.999994576 0.000324438 -0.055074323 -0.010397724 -0.000358438 0.999945939 3.600935698
0.999960184 0.001413704 0.008813990 -0.018128209 -0.001430807 0.999997020 0.001934353 -0.056179881 -0.008811231 -0.001946887 0.999959290 3.635902405
0.999968648 0.000202292 0.007924361 -0.018017147 -0.000220498 0.999997318 0.002296628 -0.056836981 -0.007923878 -0.002298303 0.999965966 3.671181917
0.999976754 -0.000630934 0.006793946 -0.018078294 0.000614236 0.999996781 0.002459633 -0.057581864 -0.006795477 -0.002455403 0.999973953 3.705569983
0.999985635 -0.001421031 0.005166266 -0.017660994 0.001411365 0.999997258 0.001874020 -0.058052663 -0.005168915 -0.001866701 0.999984920 3.740212440
0.999991417 -0.001290394 0.003954365 -0.017657857 0.001284624 0.999998152 0.001461332 -0.058472279 -0.003956244 -0.001456239 0.999991119 3.775069714
0.999988675 -0.003432531 0.003309630 -0.017689742 0.003435419 0.999993742 -0.000867318 -0.059163492 -0.003306632 0.000878678 0.999994159 3.809753180
0.999963641 -0.008331487 0.001885520 -0.017149741 0.008333770 0.999964654 -0.001206046 -0.059884928 -0.001875405 0.001221715 0.999997437 3.844280005
0.999872088 -0.015982695 0.000629231 -0.016882570 0.015981939 0.999871612 0.001185770 -0.060516074 -0.000648102 -0.001175562 0.999999046 3.878564358
0.999752820 -0.022226086 -0.000675675 -0.017011737 0.022227606 0.999750257 0.002330084 -0.060875345 0.000623717 -0.002344527 0.999997020 3.914303541
0.999642372 -0.026694460 -0.001679505 -0.016913783 0.026693255 0.999643385 -0.000736167 -0.061640639 0.001698558 0.000691073 0.999998331 3.947691917
0.999660492 -0.026000762 -0.001705787 -0.016750621 0.025994522 0.999655604 -0.003582736 -0.062501624 0.001798353 0.003537179 0.999992132 3.983811855
0.999729335 -0.023250908 -0.000744106 -0.017143883 0.023246491 0.999714673 -0.005472183 -0.063379496 0.000871127 0.005453404 0.999984741 4.017505646
0.999765038 -0.021670274 0.000324583 -0.017331619 0.021671856 0.999746382 -0.006118631 -0.063859351 -0.000191908 0.006124229 0.999981225 4.052383900
0.999691546 -0.024798026 0.001312448 -0.017585769 0.024801519 0.999688685 -0.002715351 -0.064535283 -0.001244704 0.002747064 0.999995470 4.086939335
0.999566317 -0.029419789 0.001177868 -0.017294142 0.029420072 0.999567151 -0.000223397 -0.065029033 -0.001170786 0.000257954 0.999999285 4.122515202
0.999398351 -0.034661274 0.001209853 -0.016965140 0.034658786 0.999397099 0.002022101 -0.066102669 -0.001279213 -0.001978953 0.999997199 4.157350540
0.999372184 -0.035409253 0.001205264 -0.016875533 0.035407607 0.999371946 0.001365099 -0.066441424 -0.001252844 -0.001321566 0.999998271 4.191360474
0.999435902 -0.033504684 0.002297212 -0.017139709 0.033501185 0.999437451 0.001545409 -0.066817798 -0.002347698 -0.001467578 0.999996185 4.226352215
0.999568641 -0.029153740 0.003559025 -0.017220553 0.029151369 0.999574602 0.000716545 -0.067447752 -0.003578402 -0.000612485 0.999993384 4.261685371
0.999660194 -0.025683492 0.004462154 -0.017352330 0.025687877 0.999669611 -0.000927041 -0.068150520 -0.004436869 0.001041350 0.999989569 4.296023369
0.999721408 -0.023040753 0.005111156 -0.017475341 0.023047157 0.999733746 -0.001197523 -0.069007955 -0.005082202 0.001314987 0.999986231 4.331747532
0.999756217 -0.021418734 0.005376795 -0.017594196 0.021420799 0.999770582 -0.000327397 -0.069452837 -0.005368548 0.000442493 0.999985516 4.366868973
0.999808550 -0.018805660 0.005402299 -0.017703708 0.018809464 0.999822795 -0.000652954 -0.070061378 -0.005389064 0.000754444 0.999985218 4.401425838
0.999832034 -0.017741524 0.004587522 -0.017510619 0.017753771 0.999838769 -0.002642694 -0.070866637 -0.004539897 0.002723697 0.999986053 4.437131882
0.999914289 -0.012342128 0.004378910 -0.017588919 0.012369183 0.999904215 -0.006206089 -0.071424380 -0.004301894 0.006259720 0.999971151 4.471843243
0.999957860 -0.008026800 0.004449347 -0.018049626 0.008058744 0.999941528 -0.007208836 -0.072190762 -0.004391222 0.007244387 0.999964118 4.506089687
0.999984920 -0.002578066 0.004844661 -0.018615354 0.002610857 0.999973595 -0.006774394 -0.072627217 -0.004827068 0.006786940 0.999965310 4.541657448
0.999987423 0.000131506 0.005012074 -0.018533669 -0.000107699 0.999988794 -0.004750150 -0.073600307 -0.005012642 0.004749550 0.999976158 4.577959538
0.999989092 -0.000883977 0.004585703 -0.017766422 0.000891702 0.999998212 -0.001682902 -0.074661873 -0.004584207 0.001686972 0.999988079 4.611918926
0.999983788 -0.004257002 0.003780979 -0.017483417 0.004260856 0.999990404 -0.001011868 -0.075141549 -0.003776635 0.001027961 0.999992311 4.648160934
0.999969304 -0.007644827 0.001738055 -0.017336285 0.007645636 0.999970675 -0.000459454 -0.075838774 -0.001734493 0.000472729 0.999998391 4.683001995
0.999976814 -0.006798514 -0.000391200 -0.017407119 0.006796507 0.999964774 -0.004920352 -0.076495193 0.000424637 0.004917580 0.999987781 4.718221664
0.999988854 -0.004387509 -0.001752629 -0.017924160 0.004371332 0.999948740 -0.009129684 -0.077557206 0.001792595 0.009121921 0.999956787 4.754475117
0.999995530 0.001910265 -0.002322178 -0.018144954 -0.001934656 0.999942422 -0.010547981 -0.078130923 0.002301895 0.010552426 0.999941647 4.790410995
0.999991357 0.003089955 -0.002779029 -0.018348821 -0.003115085 0.999953866 -0.009084158 -0.078967944 0.002750831 0.009092739 0.999954820 4.826226234
0.999985695 0.004532090 -0.002846354 -0.018747222 -0.004546839 0.999976039 -0.005196994 -0.079713933 0.002822733 0.005209861 0.999982417 4.862189770
0.999981582 0.005707833 -0.002059011 -0.019058727 -0.005717618 0.999972224 -0.004778706 -0.079184636 0.002031677 0.004790392 0.999986410 4.899131298
0.999984801 0.005082393 -0.002144380 -0.019178461 -0.005088013 0.999983609 -0.002623028 -0.081170253 0.002131013 0.002633899 0.999994278 4.935134888
0.999990821 0.003808404 -0.002004994 -0.019777413 -0.003813246 0.999989808 -0.002416271 -0.081531473 0.001995771 0.002423894 0.999995112 4.971798420
0.999995470 0.002574021 -0.001584468 -0.020203944 -0.002577111 0.999994755 -0.001950833 -0.082602710 0.001579438 0.001954908 0.999996901 5.007715702
0.999995589 -0.001933970 -0.002315730 -0.019287203 0.001930818 0.999997199 -0.001362778 -0.083158188 0.002318359 0.001358301 0.999996364 5.044539452
0.999985039 -0.005134451 -0.001874353 -0.019154474 0.005133452 0.999986708 -0.000537251 -0.083941072 0.001877086 0.000527621 0.999998093 5.081176281
0.999949872 -0.009874307 -0.001681982 -0.019765619 0.009875540 0.999950945 0.000726695 -0.084257901 0.001674724 -0.000743269 0.999998271 5.116654396
0.999925077 -0.012204916 -0.000949439 -0.019598214 0.012205992 0.999924839 0.001133609 -0.085063912 0.000935532 -0.001145113 0.999998927 5.153760910
0.999954641 -0.009516773 -0.000315406 -0.020133669 0.009515732 0.999949753 -0.003149875 -0.085746527 0.000345366 0.003146731 0.999994993 5.190213203
0.999997318 -0.002302575 0.000327188 -0.020514835 0.002305151 0.999964595 -0.008099020 -0.086745784 -0.000308527 0.008099753 0.999967217 5.226140976
0.999981821 0.005948544 0.000966608 -0.020771995 -0.005940307 0.999947965 -0.008310460 -0.087161601 -0.001015993 0.008304568 0.999965012 5.264157295
0.999898136 0.014064195 0.002407280 -0.021680463 -0.014051326 0.999887347 -0.005280506 -0.087635472 -0.002481275 0.005246144 0.999983191 5.301481724
0.999872267 0.015610180 0.003409229 -0.021922708 -0.015600278 0.999874115 -0.002911690 -0.088549882 -0.003454252 0.002858132 0.999989986 5.338731289
0.999892890 0.014342988 0.002918718 -0.021816459 -0.014335625 0.999893904 -0.002528932 -0.089108817 -0.002954681 0.002486819 0.999992549 5.375424862
0.999938488 0.010900235 0.002067514 -0.022259234 -0.010895446 0.999937892 -0.002315127 -0.089930728 -0.002092622 0.002292457 0.999995232 5.412897110
0.999959409 0.008941303 0.001169570 -0.021999763 -0.008937642 0.999955237 -0.003100906 -0.090595543 -0.001197244 0.003090327 0.999994457 5.450531006
0.999956131 0.009357129 0.000137286 -0.021905646 -0.009356583 0.999949872 -0.003565151 -0.091357231 -0.000170639 0.003563710 0.999993563 5.487696171
0.999942660 0.010701424 0.000013294 -0.022115359 -0.010701326 0.999937594 -0.003214995 -0.092009790 -0.000047698 0.003214669 0.999994755 5.525228024
0.999935448 0.011345930 -0.000609109 -0.022190098 -0.011347465 0.999932349 -0.002574446 -0.092539035 0.000579858 0.002581192 0.999996483 5.563189030
0.999940991 0.010862578 -0.000166980 -0.022960717 -0.010863052 0.999935925 -0.003173264 -0.093375698 0.000132500 0.003174889 0.999994934 5.600507736
0.999944627 0.010492590 -0.000755891 -0.023145918 -0.010495697 0.999935865 -0.004233099 -0.094202474 0.000711426 0.004240798 0.999990761 5.638642788
0.999942660 0.010650200 -0.001078867 -0.023279428 -0.010654901 0.999933362 -0.004450501 -0.095273927 0.001031397 0.004461742 0.999989450 5.675493240
0.999948204 0.010070335 -0.001463991 -0.023214266 -0.010076765 0.999939322 -0.004453151 -0.095815234 0.001419057 0.004467672 0.999988973 5.714547634
0.999942303 0.010627770 -0.001551953 -0.023724884 -0.010635476 0.999930739 -0.005044776 -0.096292734 0.001498230 0.005060990 0.999986053 5.752301693
0.999940038 0.010938355 -0.000033612 -0.025965299 -0.010938372 0.999924779 -0.005547130 -0.096577153 -0.000027067 0.005547166 0.999984562 5.787766457
0.999928951 0.011747880 -0.001978057 -0.024510857 -0.011758870 0.999914944 -0.005638465 -0.097821221 0.001911649 0.005661325 0.999982119 5.828776836
0.999932110 0.011427213 -0.002289213 -0.024880107 -0.011439758 0.999919176 -0.005544161 -0.098762654 0.002225674 0.005569973 0.999981999 5.867044449
0.999926269 0.011806305 -0.002845090 -0.024982836 -0.011821843 0.999914944 -0.005507473 -0.099503472 0.002779825 0.005540700 0.999980807 5.905423164
0.999935269 0.010985062 -0.002963329 -0.025286201 -0.011003518 0.999919653 -0.006285532 -0.100093797 0.002894044 0.006317732 0.999975801 5.944351196
0.999951482 0.009053952 -0.003863263 -0.025096850 -0.009075994 0.999942482 -0.005725990 -0.101392515 0.003811198 0.005760775 0.999976158 5.983043671
0.999966800 0.007455130 -0.003296446 -0.025432751 -0.007473299 0.999956787 -0.005534519 -0.102099903 0.003255043 0.005558971 0.999979198 6.021408558
0.999971926 0.006758133 -0.003235218 -0.025786424 -0.006775422 0.999962687 -0.005363223 -0.102573678 0.003198852 0.005384993 0.999980330 6.060148239
0.999971926 0.006976273 -0.002745254 -0.026471069 -0.006988429 0.999965727 -0.004443451 -0.103872806 0.002714162 0.004462511 0.999986351 6.098593712
0.999974489 0.006388918 -0.003185831 -0.026370777 -0.006403278 0.999969304 -0.004517599 -0.104849450 0.003156871 0.004537882 0.999984741 6.136952400
0.999972880 0.006618113 -0.003225321 -0.026669249 -0.006635104 0.999964058 -0.005285801 -0.105524883 0.003190223 0.005307057 0.999980927 6.176747799
0.999967158 0.007834399 -0.002065381 -0.027593374 -0.007845869 0.999953449 -0.005605149 -0.105517700 0.002021371 0.005621171 0.999982178 6.215409756
0.999955118 0.009382339 -0.001323021 -0.027615566 -0.009386348 0.999951303 -0.003057137 -0.106850095 0.001294274 0.003069418 0.999994457 6.253789425
0.999961019 0.008810067 -0.000659942 -0.027965590 -0.008811752 0.999957860 -0.002598076 -0.107615821 0.000637025 0.002603790 0.999996424 6.292989254
0.999950647 0.009936833 -0.000270917 -0.028258894 -0.009937901 0.999941528 -0.004278813 -0.108470805 0.000228384 0.004281294 0.999990821 6.332543850
0.999951422 0.009865156 -0.000261881 -0.028014395 -0.009866494 0.999934971 -0.005718660 -0.109167613 0.000205449 0.005720965 0.999983609 6.370680332
0.999940872 0.010874699 -0.000065247 -0.028273145 -0.010874894 0.999921739 -0.006181607 -0.109557077 -0.000001982 0.006181950 0.999980867 6.410900593
0.999947667 0.010199833 -0.000770712 -0.028134804 -0.010202478 0.999941766 -0.003511192 -0.111447662 0.000734854 0.003518871 0.999993563 6.449632645
0.999946713 0.010317449 -0.000296591 -0.028891928 -0.010318466 0.999940097 -0.003647080 -0.111708015 0.000258945 0.003649946 0.999993265 6.488188267
0.999944866 0.010497847 -0.000086202 -0.029520711 -0.010498091 0.999938250 -0.003647253 -0.112312086 0.000047909 0.003647957 0.999993384 6.526731968
0.999924660 0.012270419 0.000052431 -0.029660428 -0.012270130 0.999917507 -0.003798371 -0.113166094 -0.000099035 0.003797442 0.999992788 6.566692829
0.999904633 0.013806905 -0.000219834 -0.029634964 -0.013807714 0.999895692 -0.004247532 -0.113739692 0.000161166 0.004250164 0.999990940 6.606160164
0.999899268 0.014182089 -0.000317582 -0.029972225 -0.014183449 0.999887884 -0.004796335 -0.114309274 0.000249525 0.004800357 0.999988437 6.645460606
0.999918699 0.012739560 -0.000134891 -0.030279905 -0.012739977 0.999911726 -0.003766635 -0.115377314 0.000086894 0.003768048 0.999992907 6.684553623
0.999951601 0.009821177 0.000604316 -0.031132013 -0.009820130 0.999950290 -0.001713445 -0.116609588 -0.000621115 0.001707427 0.999998331 6.724297523
0.999969602 0.007788347 -0.000360158 -0.030555099 -0.007789138 0.999967098 -0.002243865 -0.116740964 0.000342670 0.002246602 0.999997437 6.763718128
0.999978364 0.006539144 0.000630630 -0.031209497 -0.006537429 0.999975026 -0.002685593 -0.117634736 -0.000648175 0.002681412 0.999996185 6.803308487
0.999986470 0.005148988 -0.000616924 -0.031145280 -0.005151339 0.999979258 -0.003872701 -0.118393280 0.000596970 0.003875827 0.999992311 6.842973232
0.999996781 0.002518663 -0.000205647 -0.031326156 -0.002518994 0.999995470 -0.001624456 -0.119143374 0.000201554 0.001624969 0.999998629 6.883103848
0.999998510 0.001640338 0.000368892 -0.031462878 -0.001640290 0.999998629 -0.000129694 -0.119987018 -0.000369104 0.000129088 0.999999881 6.921689510
0.999999285 -0.000296497 0.001075073 -0.031868219 0.000296769 0.999999881 -0.000253018 -0.120645210 -0.001074997 0.000253337 0.999999344 6.960575104
0.999999404 0.000031243 0.001054797 -0.031874273 -0.000029145 0.999998033 -0.001988708 -0.121252619 -0.001054857 0.001988676 0.999997437 7.000288486
0.999999940 -0.000036338 0.000364267 -0.031599049 0.000036977 0.999998450 -0.001752771 -0.122286625 -0.000364202 0.001752784 0.999998331 7.040937424
0.999994338 0.002455022 0.002292702 -0.031953953 -0.002450333 0.999994934 -0.002045723 -0.122937024 -0.002297712 0.002040093 0.999995291 7.079408646
0.999974310 0.006026362 0.003879169 -0.032455839 -0.006014262 0.999976993 -0.003123384 -0.123541884 -0.003897903 0.003099973 0.999987602 7.118528843
0.999971390 0.006140464 0.004416182 -0.032330912 -0.006128042 0.999977171 -0.002820846 -0.124600656 -0.004433404 0.002793704 0.999986231 7.158718586
0.999952853 0.007375848 0.006320732 -0.032667033 -0.007357250 0.999968529 -0.002960513 -0.125746876 -0.006342370 0.002913870 0.999975622 7.197055340
0.999942839 0.008557603 0.006405041 -0.032427680 -0.008534529 0.999957025 -0.003621300 -0.126391247 -0.006435756 0.003566429 0.999972880 7.236910820
0.999935031 0.008351566 0.007750906 -0.032579053 -0.008310366 0.999951243 -0.005332588 -0.126713812 -0.007795063 0.005267828 0.999955714 7.277149200
0.999937415 0.007286576 0.008504387 -0.032163218 -0.007254743 0.999966562 -0.003768032 -0.127949029 -0.008531558 0.003706099 0.999956727 7.315452099
0.999937117 0.006409081 0.009206443 -0.031986699 -0.006382838 0.999975443 -0.002876986 -0.128664821 -0.009224657 0.002818042 0.999953449 7.355070591
0.999945700 0.004858546 0.009210793 -0.031553604 -0.004837059 0.999985516 -0.002353710 -0.129502147 -0.009222097 0.002309029 0.999954820 7.395202637
0.999939978 0.005700232 0.009357859 -0.031526364 -0.005651357 0.999970317 -0.005241078 -0.130368590 -0.009387457 0.005187878 0.999942482 7.435239315
0.999944270 0.004062755 0.009744819 -0.031786092 -0.003991211 0.999965012 -0.007350054 -0.131141618 -0.009774342 0.007310750 0.999925494 7.474248409
0.999963999 0.003047341 0.007916837 -0.031053223 -0.002991263 0.999970436 -0.007085620 -0.132212266 -0.007938195 0.007061684 0.999943495 7.514372826
0.999962807 0.002990659 0.008085126 -0.031170946 -0.002932895 0.999970138 -0.007146984 -0.133221075 -0.008106258 0.007123006 0.999941766 7.553516865
0.999974489 0.002565692 0.006665384 -0.030664418 -0.002513971 0.999966681 -0.007756469 -0.134239674 -0.006685060 0.007739513 0.999947727 7.593430996
0.999975622 0.003268200 0.006171381 -0.030962434 -0.003216329 0.999959588 -0.008396245 -0.134874403 -0.006198572 0.008376190 0.999945700 7.634724617
0.999987543 0.002399745 0.004389264 -0.030522387 -0.002364852 0.999965727 -0.007937323 -0.135698855 -0.004408161 0.007926846 0.999958873 7.675403118
0.999986470 0.002607913 0.004494467 -0.030977532 -0.002574298 0.999968767 -0.007468829 -0.136947155 -0.004513805 0.007457158 0.999962032 7.713611126
0.999992371 0.001747709 0.003497663 -0.030427849 -0.001723444 0.999974489 -0.006928697 -0.137081385 -0.003509684 0.006922617 0.999969900 7.754217625
0.999985099 0.004675102 0.002804546 -0.030952131 -0.004661150 0.999976814 -0.004961274 -0.138451457 -0.002827676 0.004948128 0.999983788 7.793619156
0.999975801 0.005608771 0.004117541 -0.031733248 -0.005587354 0.999970853 -0.005194864 -0.139294907 -0.004146558 0.005171732 0.999978065 7.834070206
0.999974012 0.005481096 0.004678823 -0.031501777 -0.005457500 0.999972403 -0.005041003 -0.140051171 -0.004706325 0.005015337 0.999976277 7.874306202
0.999980807 0.003826841 0.004864379 -0.031340420 -0.003799653 0.999977231 -0.005586307 -0.140603781 -0.004885646 0.005567716 0.999972522 7.914532185
0.999982655 0.002345033 0.005397405 -0.031700488 -0.002308493 0.999974430 -0.006766148 -0.141309738 -0.005413133 0.006753570 0.999962568 7.955992699
0.999982059 0.000766792 0.005940862 -0.031641759 -0.000713569 0.999959648 -0.008955814 -0.142199576 -0.005947489 0.008951414 0.999942243 7.995972633
0.999983490 0.000224138 0.005747048 -0.031496890 -0.000168487 0.999953091 -0.009681978 -0.143297970 -0.005748949 0.009680851 0.999936640 8.037762642
0.999993563 0.000880417 0.003500352 -0.031910159 -0.000844391 0.999946773 -0.010280274 -0.144424409 -0.003509217 0.010277254 0.999941051 8.078366280
0.999997318 0.002001598 0.001119285 -0.031321578 -0.001990363 0.999948502 -0.009951197 -0.145337850 -0.001139145 0.009948941 0.999949872 8.120620728
0.999996006 0.002753847 0.000674617 -0.031845227 -0.002749267 0.999973774 -0.006697271 -0.146298468 -0.000693043 0.006695387 0.999977410 8.161793709
0.999996603 0.002041491 0.001571325 -0.031878162 -0.002035504 0.999990702 -0.003801639 -0.146979660 -0.001579071 0.003798428 0.999991536 8.203476906
0.999997497 0.001759482 0.001333344 -0.031782515 -0.001755058 0.999993026 -0.003312240 -0.147920474 -0.001339162 0.003309892 0.999993563 8.245809555
0.999997795 0.000413269 0.002036257 -0.032073829 -0.000404005 0.999989569 -0.004547686 -0.148443609 -0.002038115 0.004546853 0.999987602 8.286489487
0.999996662 -0.000856555 0.002406208 -0.032112800 0.000867332 0.999989569 -0.004481056 -0.149221748 -0.002402344 0.004483128 0.999987066 8.328171730
0.999996245 -0.000499040 0.002704202 -0.032418050 0.000510654 0.999990642 -0.004295565 -0.150330260 -0.002702033 0.004296930 0.999987125 8.370028496
0.999992967 -0.000244837 0.003773121 -0.033089142 0.000262287 0.999989271 -0.004624881 -0.151094079 -0.003771948 0.004625838 0.999982238 8.411499977
0.999991655 0.001510454 0.003790456 -0.032802653 -0.001489820 0.999984086 -0.005440603 -0.152169019 -0.003798614 0.005434910 0.999978006 8.453009605
0.999986589 0.002548398 0.004509899 -0.033276353 -0.002520950 0.999978364 -0.006081502 -0.152957708 -0.004525299 0.006070051 0.999971390 8.494521141
0.999985278 0.001197763 0.005289651 -0.032797258 -0.001174686 0.999989748 -0.004363587 -0.153647095 -0.005294823 0.004357308 0.999976516 8.535391808
0.999978840 0.001062083 0.006415243 -0.034054428 -0.001035973 0.999991119 -0.004071995 -0.154120445 -0.006419511 0.004065263 0.999971151 8.575683594
0.999984860 -0.001080463 0.005395147 -0.032700397 0.001105593 0.999988496 -0.004657107 -0.155329615 -0.005390054 0.004663002 0.999974549 8.617400169
0.999982536 0.000244128 0.005901919 -0.033212386 -0.000216332 0.999988914 -0.004709821 -0.156101257 -0.005903003 0.004708462 0.999971449 8.657839775
0.999979794 0.002586872 0.005813844 -0.033626717 -0.002545341 0.999971211 -0.007139447 -0.156999230 -0.005832146 0.007124504 0.999957561 8.700745583
0.999982893 0.003709430 0.004518215 -0.032771338 -0.003665796 0.999946952 -0.009627760 -0.158309832 -0.004553689 0.009611031 0.999943435 8.740843773
0.999987304 0.003917971 0.003164823 -0.032252930 -0.003892126 0.999959469 -0.008131581 -0.159990817 -0.003196554 0.008119160 0.999961913 8.781629562
0.999979615 0.005766349 0.002743573 -0.032927096 -0.005751204 0.999968350 -0.005496729 -0.160442919 -0.002775182 0.005480838 0.999981046 8.822216988
0.999970913 0.007439645 0.001669418 -0.033124279 -0.007434579 0.999967813 -0.003020286 -0.161266550 -0.001691834 0.003007786 0.999994040 8.863077164
0.999968290 0.007942989 0.000520569 -0.033306602 -0.007940776 0.999959946 -0.004127819 -0.162153214 -0.000553335 0.004123554 0.999991357 8.903924942
0.999968052 0.007893839 -0.001150433 -0.033613957 -0.007900381 0.999952018 -0.005794886 -0.163005665 0.001104634 0.005803791 0.999982595 8.944490433
0.999979258 0.005511250 -0.003314056 -0.033671051 -0.005524725 0.999976456 -0.004071268 -0.164084747 0.003291540 0.004089493 0.999986231 8.984438896
0.999981761 0.004055406 -0.004477832 -0.033763237 -0.004069279 0.999986947 -0.003093340 -0.165213302 0.004465230 0.003111504 0.999985218 9.025171280
0.999982238 0.003634281 -0.004718465 -0.033800837 -0.003655454 0.999983311 -0.004486675 -0.165773019 0.004702079 0.004503843 0.999978840 9.065007210
0.999984443 0.002624458 -0.004919995 -0.034979001 -0.002650586 0.999982357 -0.005311277 -0.166646600 0.004905969 0.005324235 0.999973774 9.105716705
0.999982238 0.003016014 -0.005145099 -0.035282999 -0.003048523 0.999975383 -0.006322443 -0.167124197 0.005125904 0.006338018 0.999966681 9.146132469
0.999987304 0.001649668 -0.004746822 -0.035968572 -0.001676807 0.999982238 -0.005718908 -0.168461829 0.004737304 0.005726795 0.999972403 9.186393738
0.999987721 0.001720281 -0.004633846 -0.036346234 -0.001749013 0.999979198 -0.006203531 -0.169700623 0.004623078 0.006211560 0.999969959 9.226515770
0.999987125 0.001381487 -0.004885224 -0.036636204 -0.001414820 0.999975681 -0.006826492 -0.170528471 0.004875675 0.006833315 0.999964774 9.267508507
0.999988198 0.001452793 -0.004643019 -0.037314273 -0.001483878 0.999976456 -0.006698695 -0.171633512 0.004633177 0.006705504 0.999966800 9.308544159
0.999988973 0.001398547 -0.004479021 -0.037601963 -0.001431716 0.999971449 -0.007410959 -0.172606811 0.004468528 0.007417290 0.999962509 9.348807335
0.999987781 -0.000762712 -0.004896501 -0.037580770 0.000721638 0.999964535 -0.008384528 -0.173707992 0.004902722 0.008380890 0.999952912 9.389308929
0.999988675 -0.001217966 -0.004588495 -0.037999287 0.001186848 0.999976337 -0.006778204 -0.174767762 0.004596641 0.006772683 0.999966502 9.429648399
0.999982774 -0.003275804 -0.004861065 -0.038202330 0.003247912 0.999978364 -0.005734716 -0.175779447 0.004879745 0.005718829 0.999971807 9.470266342
0.999985337 -0.002871651 -0.004589207 -0.038650941 0.002837441 0.999968231 -0.007443671 -0.176382393 0.004610437 0.007430541 0.999961734 9.510734558
0.999989390 -0.001650159 -0.004298763 -0.039037850 0.001613686 0.999962747 -0.008474380 -0.177032128 0.004312586 0.008467354 0.999954879 9.551545143
0.999991536 -0.000549603 -0.004076996 -0.039379638 0.000520727 0.999974787 -0.007080442 -0.178450644 0.004080784 0.007078259 0.999966621 9.592047691
0.999993682 0.000526363 -0.003528403 -0.040042464 -0.000549398 0.999978423 -0.006530582 -0.179295003 0.003524890 0.006532479 0.999972463 9.632821083
0.999993682 0.000853906 -0.003445341 -0.040085830 -0.000874690 0.999981344 -0.006035454 -0.180585742 0.003440124 0.006038428 0.999975860 9.673181534
0.999995232 0.000491797 -0.003053940 -0.040775504 -0.000514355 0.999972522 -0.007390150 -0.181268603 0.003050222 0.007391685 0.999968052 9.713698387
0.999994159 0.001450037 -0.003140155 -0.040585481 -0.001474226 0.999969184 -0.007714313 -0.182297722 0.003128873 0.007718898 0.999965310 9.754403114
0.999992788 0.001617439 -0.003464567 -0.040820185 -0.001643257 0.999970853 -0.007462272 -0.183500975 0.003452396 0.007467913 0.999966204 9.795660973
0.999991834 0.003228171 -0.002433484 -0.041479178 -0.003247792 0.999961913 -0.008102519 -0.184028417 0.002407235 0.008110356 0.999964237 9.835874557
0.999986947 0.004574658 -0.002290389 -0.041814484 -0.004590990 0.999963760 -0.007176714 -0.184985995 0.002257475 0.007187136 0.999971747 9.876359940
0.999982119 0.005736301 -0.001699337 -0.042323232 -0.005749982 0.999950171 -0.008157823 -0.185925692 0.001652457 0.008167448 0.999965310 9.917127609
0.999965787 0.008187451 -0.001179097 -0.042796783 -0.008197592 0.999927044 -0.008869300 -0.187184036 0.001106395 0.008878662 0.999960005 9.957015991
0.999977648 0.006462982 -0.001723287 -0.042446114 -0.006478188 0.999938786 -0.008968664 -0.187583312 0.001665217 0.008979628 0.999958277 9.999068260
0.999964595 0.008254192 -0.001631796 -0.042899489 -0.008266487 0.999936342 -0.007676816 -0.189251795 0.001568326 0.007690032 0.999969184 10.039599419
0.999966145 0.008109899 -0.001374262 -0.042996805 -0.008119628 0.999940932 -0.007227797 -0.189908892 0.001315564 0.007238709 0.999972939 10.080092430
