0.999999881 -0.000485753 -0.000188897 -0.000205158 0.000486057 0.999998569 0.001614691 -0.000524892 0.000188112 -0.001614783 0.999998689 0.034693893
0.999998391 -0.001720908 -0.000445533 -0.000389956 0.001721604 0.999997318 0.001564904 -0.001010749 0.000442838 -0.001565668 0.999998689 0.069087230
0.999994934 -0.003134723 -0.000590507 -0.000460002 0.003135035 0.999994934 0.000528717 -0.001425778 0.000588847 -0.000530565 0.999999642 0.103683159
0.999993503 -0.003588039 -0.000410746 -0.000661291 0.003588319 0.999993324 0.000682223 -0.002030885 0.000408295 -0.000683692 0.999999702 0.138213933
0.999990880 -0.004234981 -0.000597583 -0.000620999 0.004235826 0.999990046 0.001420046 -0.002471489 0.000591563 -0.001422564 0.999998808 0.173339635
0.999983728 -0.005705524 -0.000195178 -0.000869023 0.005706090 0.999979138 0.003035399 -0.003152873 0.000177856 -0.003036463 0.999995351 0.207915708
0.999987543 -0.004995826 -0.000294689 -0.000915830 0.004996776 0.999982059 0.003313156 -0.003514673 0.000278132 -0.003314587 0.999994516 0.243372962
0.999990642 -0.004250808 -0.000806456 -0.001208547 0.004251995 0.999989867 0.001475067 -0.004081808 0.000800178 -0.001478482 0.999998569 0.278007388
0.999998689 -0.001237567 -0.001070665 -0.001300462 0.001236823 0.999998987 -0.000695726 -0.004571196 0.001071525 0.000694401 0.999999166 0.313591450
0.999998152 0.001859542 -0.000517014 -0.001921156 -0.001860294 0.999997199 -0.001458613 -0.005270768 0.000514300 0.001459572 0.999998808 0.348343700
0.999990165 0.004428453 -0.000361195 -0.002277816 -0.004428876 0.999989569 -0.001178100 -0.006136171 0.000355974 0.001179688 0.999999225 0.384392381
0.999984860 0.005484303 -0.000401946 -0.002444362 -0.005484600 0.999984682 -0.000742236 -0.006425435 0.000397869 0.000744429 0.999999583 0.418969631
0.999996424 0.002581815 -0.000756743 -0.002214197 -0.002579952 0.999993682 0.002452645 -0.007157342 0.000763070 -0.002450683 0.999996662 0.455487221
0.999999106 -0.001271452 -0.000309650 -0.002398236 0.001272681 0.999991179 0.004004461 -0.007619409 0.000304556 -0.004004852 0.999991894 0.490268111
0.999992609 -0.003795130 -0.000676115 -0.002540275 0.003796271 0.999991298 0.001694075 -0.008240218 0.000669680 -0.001696629 0.999998331 0.526788592
0.999987185 -0.005013394 -0.000669257 -0.002454982 0.005013244 0.999987543 -0.000224586 -0.008657121 0.000670375 0.000221228 0.999999762 0.561572790
0.999996305 -0.002667072 -0.000493186 -0.002664156 0.002666138 0.999994695 -0.001887438 -0.009183163 0.000498217 0.001886116 0.999998152 0.597795010
0.999999642 0.000476205 0.000661976 -0.002915875 -0.000476228 0.999999881 0.000033554 -0.009716661 -0.000661960 -0.000033869 0.999999762 0.633237720
0.999998748 0.000783382 0.001393918 -0.003385441 -0.000788509 0.999992907 0.003681520 -0.010354029 -0.001391024 -0.003682614 0.999992251 0.670123518
0.999996126 -0.002042277 0.001863662 -0.003301111 0.002031924 0.999982536 0.005540255 -0.010633683 -0.001874945 -0.005536448 0.999982893 0.704993606
0.999981701 -0.005769790 0.001818805 -0.003823037 0.005763454 0.999977291 0.003469662 -0.010943031 -0.001838783 -0.003459115 0.999992311 0.740831912
0.999981880 -0.005891391 0.001216692 -0.003276721 0.005889695 0.999981701 0.001392159 -0.011462900 -0.001224871 -0.001384968 0.999998271 0.777019978
0.999980628 -0.005850520 0.002100954 -0.003562815 0.005853631 0.999981761 -0.001477135 -0.011931282 -0.002092273 0.001489405 0.999996662 0.814064205
0.999992073 -0.002649998 0.002962851 -0.003867769 0.002655960 0.999994457 -0.002009981 -0.012622223 -0.002957508 0.002017834 0.999993563 0.849269748
0.999993443 -0.001612885 0.003241543 -0.004174954 0.001626164 0.999990284 -0.004098202 -0.013286164 -0.003234902 0.004103446 0.999986351 0.885491848
0.999994814 -0.000964887 0.003055586 -0.003975913 0.000975065 0.999993980 -0.003331323 -0.014044809 -0.003052353 0.003334286 0.999989808 0.922173440
0.999995530 -0.000855502 0.002856442 -0.003923724 0.000861721 0.999997199 -0.002176550 -0.014593944 -0.002854571 0.002179001 0.999993563 0.958613813
0.999995768 0.000662599 0.002839390 -0.004862075 -0.000660386 0.999999464 -0.000780250 -0.015261562 -0.002839905 0.000778371 0.999995708 0.995164275
0.999991059 0.003165657 0.002772745 -0.004645778 -0.003164547 0.999994874 -0.000404708 -0.015826609 -0.002774012 0.000395930 0.999996066 1.031961918
0.999982893 0.005105922 0.002854398 -0.004453592 -0.005104986 0.999986887 -0.000335288 -0.016757792 -0.002856073 0.000320710 0.999995828 1.069006085
0.999962747 0.007997605 0.003224500 -0.005009886 -0.007996966 0.999967992 -0.000210963 -0.017174002 -0.003226084 0.000185169 0.999994814 1.106410742
0.999963820 0.008122082 0.002525655 -0.004820249 -0.008122126 0.999967039 0.000007594 -0.017891621 -0.002525510 -0.000028107 0.999996781 1.142523170
0.999972224 0.007194292 0.001958546 -0.004909514 -0.007194325 0.999974132 0.000009720 -0.018503278 -0.001958425 -0.000023810 0.999998093 1.180729747
0.999980807 0.005978689 0.001647238 -0.005338121 -0.005978268 0.999982059 -0.000261147 -0.019184342 -0.001648770 0.000251294 0.999998569 1.216769695
0.999983728 0.005616498 0.001053563 -0.005691943 -0.005617124 0.999984026 0.000592272 -0.020072997 -0.001050220 -0.000598180 0.999999344 1.253892899
0.999985337 0.005391413 -0.000491494 -0.005728785 -0.005391163 0.999985278 0.000508927 -0.020039376 0.000494231 -0.000506270 0.999999702 1.291916251
0.999978960 0.006325087 -0.001479343 -0.006192589 -0.006324542 0.999979913 0.000372743 -0.020481944 0.001481671 -0.000363379 0.999998808 1.329427719
0.999982595 0.005306676 -0.002592837 -0.006698033 -0.005304951 0.999985695 0.000671750 -0.021242889 0.002596364 -0.000657983 0.999996424 1.366762519
0.999977827 0.005695132 -0.003442351 -0.007017392 -0.005689123 0.999982297 0.001752595 -0.022045057 0.003452272 -0.001732972 0.999992549 1.403913379
0.999980807 0.004220345 -0.004530274 -0.007456972 -0.004207938 0.999987423 0.002744773 -0.022647602 0.004541801 -0.002725657 0.999985993 1.440805554
0.999986529 0.002525887 -0.004547420 -0.007554084 -0.002511961 0.999992132 0.003065782 -0.023156393 0.004555129 -0.003054317 0.999984980 1.479824662
0.999987245 -0.000344353 -0.005041741 -0.008084216 0.000353754 0.999998212 0.001863856 -0.023388311 0.005041090 -0.001865615 0.999985576 1.516928911
0.999981463 -0.002346435 -0.005608575 -0.008273693 0.002359275 0.999994636 0.002283769 -0.024160726 0.005603187 -0.002296959 0.999981642 1.554940104
0.999986887 -0.001082100 -0.005011863 -0.008590004 0.001093869 0.999996722 0.002346106 -0.024331240 0.005009308 -0.002351558 0.999984622 1.592990279
0.999980211 -0.004288486 -0.004604673 -0.008799210 0.004306171 0.999983370 0.003837536 -0.025217313 0.004588140 -0.003857289 0.999982059 1.627767444
0.999969900 -0.006751480 -0.003823226 -0.009196047 0.006766278 0.999969602 0.003871160 -0.026087778 0.003796974 -0.003896913 0.999985218 1.664361119
0.999970436 -0.006659751 -0.003851252 -0.009062835 0.006670519 0.999973953 0.002789787 -0.026609555 0.003832572 -0.002815394 0.999988735 1.701592922
0.999976039 -0.006345551 -0.002769246 -0.010595035 0.006350062 0.999978542 0.001622815 -0.025903374 0.002758889 -0.001640361 0.999994874 1.737446666
0.999970973 -0.006940360 -0.003142292 -0.008579908 0.006946836 0.999973834 0.002054847 -0.026387788 0.003127948 -0.002076616 0.999993026 1.770249128
0.999993026 -0.001170297 -0.003543026 -0.007245454 0.001182536 0.999993384 0.003454589 -0.027971517 0.003538959 -0.003458755 0.999987721 1.807647705
0.999999404 -0.000119986 -0.001067950 -0.011203519 0.000124892 0.999989450 0.004595507 -0.027756762 0.001067388 -0.004595638 0.999988854 1.847557783
0.999989867 0.004288418 0.001376188 -0.014459549 -0.004295073 0.999978900 0.004870318 -0.028548498 -0.001355273 -0.004876180 0.999987185 1.884130239
0.999969304 0.007834563 0.000195428 -0.012062865 -0.007835363 0.999959171 0.004500420 -0.028654397 -0.000160162 -0.004501814 0.999989867 1.921232462
0.999942958 0.010654227 0.000753956 -0.012026425 -0.010657080 0.999935627 0.003889644 -0.029345682 -0.000712467 -0.003897457 0.999992132 1.958133578
0.999900341 0.014013551 0.001744015 -0.012580028 -0.014019182 0.999896348 0.003259912 -0.029666321 -0.001698152 -0.003284036 0.999993205 1.995530128
0.999882042 0.015197353 0.002243325 -0.012769428 -0.015205259 0.999878049 0.003550700 -0.030306332 -0.002189090 -0.003584392 0.999991179 2.031371832
0.999931097 0.011632190 0.001544585 -0.012656336 -0.011638531 0.999923527 0.004162936 -0.031063076 -0.001496043 -0.004180626 0.999990106 2.067091942
0.999938905 0.011050397 0.000367081 -0.012137257 -0.011051568 0.999933243 0.003356526 -0.031900790 -0.000329965 -0.003360379 0.999994278 2.104258537
0.999957561 0.008721303 0.002939377 -0.015478196 -0.008727070 0.999959946 0.001955118 -0.029576663 -0.002922209 -0.001980687 0.999993801 2.137187958
0.999960661 0.008827070 0.000817532 -0.013153830 -0.008829128 0.999957740 0.002548948 -0.031223712 -0.000794997 -0.002556066 0.999996424 2.173872471
0.999960840 0.008848329 0.000086331 -0.013312974 -0.008848518 0.999957740 0.002507494 -0.032771904 -0.000064140 -0.002508159 0.999996841 2.210202456
0.999959111 0.009040570 -0.000269262 -0.014205522 -0.009039680 0.999954164 0.003142400 -0.033271674 0.000297659 -0.003139837 0.999994993 2.244789362
0.999967694 0.007969865 -0.001143669 -0.014729990 -0.007965787 0.999962032 0.003526986 -0.033110641 0.001171735 -0.003517761 0.999993145 2.281392097
0.999966443 0.008040145 -0.001549465 -0.015095908 -0.008034112 0.999960244 0.003861406 -0.033705492 0.001580449 -0.003848828 0.999991357 2.316474438
0.999986827 0.003375191 -0.003867035 -0.014896291 -0.003355937 0.999981999 0.004974789 -0.034249768 0.003883756 -0.004961745 0.999980092 2.352192163
0.999990046 0.000909776 -0.004369035 -0.015076659 -0.000886661 0.999985635 0.005289559 -0.034861427 0.004373785 -0.005285633 0.999976397 2.387489796
0.999984622 -0.000241858 -0.005553392 -0.015360739 0.000265527 0.999990821 0.004261776 -0.035136484 0.005552310 -0.004263184 0.999975502 2.423019409
0.999985874 -0.000813740 -0.005254013 -0.015793215 0.000835340 0.999991119 0.004110297 -0.035819482 0.005250622 -0.004114626 0.999977767 2.457691431
0.999987841 -0.001232554 -0.004776160 -0.016682670 0.001254833 0.999988258 0.004664389 -0.036852669 0.004770355 -0.004670326 0.999977708 2.491234064
0.999986231 -0.000537298 -0.005215831 -0.016703362 0.000553000 0.999995291 0.003009431 -0.036852669 0.005214189 -0.003012273 0.999981821 2.528023243
0.999984801 0.001179802 -0.005385089 -0.016756441 -0.001167346 0.999996603 0.002315518 -0.037570804 0.005387802 -0.002309196 0.999982774 2.561990976
0.999987304 0.001587737 -0.004778184 -0.017502312 -0.001575951 0.999995708 0.002469519 -0.037827455 0.004782084 -0.002461957 0.999985516 2.596633196
0.999989331 0.001357425 -0.004397254 -0.017859038 -0.001340868 0.999992013 0.003765955 -0.038186755 0.004402331 -0.003760020 0.999983251 2.630779266
0.999985337 0.003416628 -0.004206977 -0.018464658 -0.003394020 0.999979973 0.005369544 -0.039093252 0.004225238 -0.005355188 0.999976754 2.666025877
0.999988317 0.003140251 -0.003681296 -0.019177750 -0.003125417 0.999987006 0.004028569 -0.039643109 0.003693898 -0.004017017 0.999985158 2.699283361
0.999987662 0.002582331 -0.004226167 -0.018958200 -0.002575057 0.999995112 0.001725842 -0.040122323 0.004230603 -0.001714938 0.999989569 2.734446049
0.999990165 0.001754446 -0.004062988 -0.019503618 -0.001751818 0.999998212 0.000650302 -0.040788800 0.004064122 -0.000643178 0.999991536 2.768125296
0.999990761 -0.000218964 -0.004298819 -0.019576311 0.000226503 0.999998450 0.001753291 -0.041295577 0.004298429 -0.001754249 0.999989212 2.802894592
0.999987662 -0.003142876 -0.003856658 -0.019826025 0.003158652 0.999986649 0.004091602 -0.041948184 0.003843748 -0.004103733 0.999984205 2.836665869
0.999987185 -0.004211152 -0.002807649 -0.020192580 0.004222948 0.999982238 0.004208667 -0.042147797 0.002789876 -0.004220469 0.999987125 2.871456385
0.999985278 -0.005270406 -0.001304672 -0.020868093 0.005273593 0.999983072 0.002451089 -0.042460803 0.001291732 -0.002457934 0.999996126 2.905208349
0.999994099 -0.003087909 -0.001488752 -0.020380672 0.003088849 0.999995053 0.000629648 -0.043229472 0.001486801 -0.000634243 0.999998689 2.939236164
0.999999464 -0.001067288 0.000047222 -0.021047393 0.001067356 0.999998391 -0.001466878 -0.043702967 -0.000045657 0.001466928 0.999998927 2.972486734
0.999996543 0.002360762 0.001111739 -0.020986157 -0.002359071 0.999996006 -0.001519482 -0.044281840 -0.001115322 0.001516853 0.999998152 3.006888866
0.999992192 0.002855399 0.002719293 -0.021324884 -0.002857496 0.999995589 0.000767928 -0.045011468 -0.002717089 -0.000775693 0.999995947 3.041244745
0.999987245 0.003520530 0.003614421 -0.021366159 -0.003529893 0.999990404 0.002587205 -0.045359313 -0.003605279 -0.002599931 0.999990046 3.075105190
0.999988794 0.002904109 0.003733712 -0.021140160 -0.002914627 0.999991775 0.002814913 -0.045838807 -0.003725505 -0.002825764 0.999989033 3.109124422
0.999981582 0.003132369 0.005197672 -0.021469526 -0.003144264 0.999992430 0.002282056 -0.046345379 -0.005190485 -0.002298357 0.999983788 3.142867804
0.999965012 0.005050702 0.006654887 -0.021386445 -0.005063477 0.999985397 0.001904282 -0.046728674 -0.006645171 -0.001937912 0.999976039 3.176805496
0.999940991 0.006975520 0.008321005 -0.021696484 -0.006989995 0.999974191 0.001711753 -0.047345147 -0.008308850 -0.001769816 0.999963939 3.210896730
0.999932289 0.007386989 0.008990681 -0.021310758 -0.007393330 0.999972463 0.000672145 -0.047695793 -0.008985470 -0.000738570 0.999959350 3.244644642
0.999911010 0.008315421 0.010430899 -0.021344118 -0.008313659 0.999965489 -0.000212253 -0.048138093 -0.010432303 0.000125515 0.999945581 3.277770758
0.999910414 0.007408715 0.011148601 -0.021016590 -0.007401065 0.999972403 -0.000727403 -0.048466526 -0.011153682 0.000644827 0.999937594 3.311603069
0.999896288 0.007595657 0.012231064 -0.021170434 -0.007605845 0.999970734 0.000786511 -0.049368173 -0.012224732 -0.000879457 0.999924839 3.347007751
0.999896705 0.006253201 0.012937524 -0.020815678 -0.006270478 0.999979496 0.001295210 -0.049798585 -0.012929159 -0.001376200 0.999915481 3.379982471
0.999893427 0.005030230 0.013705689 -0.021391314 -0.005049136 0.999986470 0.001345170 -0.050101765 -0.013698733 -0.001414228 0.999905169 3.415265560
0.999905586 0.003562892 0.013269882 -0.020273585 -0.003588944 0.999991655 0.001939940 -0.050987583 -0.013262860 -0.001987382 0.999910057 3.449821711
0.999913573 0.001784830 0.013024085 -0.019814234 -0.001823985 0.999993861 0.002995123 -0.051613644 -0.013018659 -0.003018620 0.999910653 3.483675241
0.999923229 0.000399423 0.012391381 -0.020052429 -0.000432230 0.999996424 0.002645029 -0.052179463 -0.012390280 -0.002650182 0.999919772 3.517584085
0.999935448 -0.000267635 0.011355381 -0.019741133 0.000244752 0.999997914 0.002016555 -0.052418150 -0.011355896 -0.002013646 0.999933481 3.551599979
0.999947965 -0.002040376 0.009994878 -0.019272789 0.002010522 0.999993503 0.002996076 -0.053065374 -0.010000924 -0.002975825 0.999945581 3.585292816
0.999951661 -0.003260728 0.009278497 -0.019206457 0.003232420 0.999990046 0.003064282 -0.053438198 -0.009288394 -0.003034142 0.999952257 3.619708538
0.999961615 -0.003583566 0.007997877 -0.019115252 0.003557313 0.999988258 0.003294372 -0.054034606 -0.008009589 -0.003265795 0.999962568 3.653944969
0.999969184 -0.004230288 0.006622476 -0.018893076 0.004212486 0.999987483 0.002699903 -0.054514319 -0.006633817 -0.002671922 0.999974370 3.687733412
0.999972999 -0.005009981 0.005385997 -0.018574081 0.004993970 0.999983132 0.002981962 -0.055447526 -0.005400847 -0.002954984 0.999981046 3.722883224
0.999968648 -0.006409392 0.004636225 -0.018679393 0.006409163 0.999979556 0.000063830 -0.055623416 -0.004636540 -0.000034114 0.999989271 3.755803108
0.999924302 -0.011844338 0.003310443 -0.018303894 0.011846400 0.999929667 -0.000604151 -0.055962455 -0.003303054 0.000643323 0.999994338 3.790742397
0.999794245 -0.020201109 0.001839648 -0.018423958 0.020197028 0.999793589 0.002208791 -0.057238694 -0.001883889 -0.002171181 0.999995828 3.826644421
0.999641240 -0.026765699 0.000997961 -0.018341595 0.026761850 0.999634981 0.003688348 -0.057318058 -0.001096318 -0.003660318 0.999992728 3.858554363
0.999532104 -0.030587416 -0.000230039 -0.018179061 0.030587487 0.999531984 0.000315914 -0.057893936 0.000220268 -0.000322802 0.999999940 3.892571926
0.999556303 -0.029784421 0.000427972 -0.018549375 0.029785458 0.999552786 -0.002665655 -0.058553729 -0.000348386 0.002677219 0.999996424 3.927334547
0.999652624 -0.026326926 0.001203845 -0.018386815 0.026332352 0.999642015 -0.004739373 -0.059360527 -0.001078641 0.004769427 0.999988019 3.961418629
0.999654233 -0.026221281 0.001979048 -0.018630994 0.026230713 0.999643981 -0.004899402 -0.060083836 -0.001849875 0.004949619 0.999986053 3.996170521
0.999570429 -0.029214371 0.002330007 -0.018269118 0.029218923 0.999571145 -0.001944722 -0.060394019 -0.002272195 0.002011966 0.999995351 4.032292366
0.999419689 -0.033948947 0.002777045 -0.018188890 0.033945732 0.999422908 0.001199175 -0.061144687 -0.002816153 -0.001104210 0.999995410 4.064347267
0.999285340 -0.037666563 0.003165352 -0.018484445 0.037659857 0.999288261 0.002153002 -0.061497636 -0.003244196 -0.002032256 0.999992728 4.098333836
0.999186099 -0.040242221 0.002797047 -0.017949510 0.040235206 0.999186993 0.002521024 -0.062335882 -0.002896225 -0.002406432 0.999992907 4.134213924
0.999281108 -0.037737887 0.003618418 -0.017823698 0.037727375 0.999283731 0.002932118 -0.062801495 -0.003726478 -0.002793497 0.999989152 4.167952061
0.999412417 -0.034024317 0.004155541 -0.017389016 0.034015756 0.999418974 0.002115145 -0.063463420 -0.004225093 -0.001972548 0.999989092 4.203788757
0.999510109 -0.030718209 0.005991611 -0.018521428 0.030715339 0.999527991 0.000571027 -0.063983858 -0.006006323 -0.000386713 0.999981880 4.236736298
0.999613404 -0.026998727 0.006639451 -0.018258343 0.027002152 0.999635279 -0.000426731 -0.064587437 -0.006625511 0.000605845 0.999977827 4.271418095
0.999671698 -0.024787009 0.006490532 -0.017890779 0.024785032 0.999692798 0.000384726 -0.064922616 -0.006498072 -0.000223732 0.999978840 4.306885242
0.999703050 -0.023329802 0.007038946 -0.018717507 0.023326362 0.999727786 0.000570529 -0.065689184 -0.007050340 -0.000406166 0.999975085 4.340236664
0.999735117 -0.022197912 0.006076413 -0.018147320 0.022209518 0.999751627 -0.001848933 -0.066548675 -0.006033861 0.001983398 0.999979913 4.375799656
0.999833941 -0.017284229 0.005770939 -0.017943196 0.017312367 0.999838233 -0.004861559 -0.067088217 -0.005685978 0.004960660 0.999971449 4.409428120
0.999917030 -0.011202755 0.006340852 -0.017714957 0.011245706 0.999913692 -0.006779083 -0.067777425 -0.006264361 0.006849827 0.999956846 4.442234516
0.999957085 -0.007299201 0.005686321 -0.017902995 0.007327699 0.999960601 -0.005007446 -0.068849571 -0.005649547 0.005048900 0.999971211 4.480027199
0.999967754 -0.005154151 0.006148748 -0.018020179 0.005172213 0.999982357 -0.002925458 -0.069514841 -0.006133561 0.002957167 0.999976695 4.514015675
0.999975264 -0.002695213 0.006480095 -0.017781749 0.002702547 0.999995708 -0.001123856 -0.069869116 -0.006477037 0.001141340 0.999978304 4.548073769
0.999942660 -0.009670887 0.004597840 -0.016403131 0.009669567 0.999953210 0.000309344 -0.070616089 -0.004600616 -0.000264867 0.999989390 4.582869530
0.999958277 -0.008476445 0.003392850 -0.016482586 0.008477481 0.999963999 -0.000291035 -0.070977934 -0.003390261 0.000319786 0.999994218 4.617380619
0.999945939 -0.010353146 0.000945936 -0.016873557 0.010356453 0.999940038 -0.003559632 -0.072155267 -0.000909025 0.003569236 0.999993265 4.654011726
0.999946833 -0.010289541 -0.000709988 -0.015844800 0.010284027 0.999919951 -0.007374142 -0.073194206 0.000785808 0.007366449 0.999972522 4.686789513
0.999988675 -0.004471205 -0.001651624 -0.016240228 0.004457626 0.999956965 -0.008135358 -0.074213237 0.001687927 0.008127904 0.999965608 4.721856594
0.999995708 -0.002375815 -0.001724979 -0.016735263 0.002362695 0.999968529 -0.007568520 -0.074096516 0.001742906 0.007564411 0.999969900 4.758665085
0.999998987 0.000702157 -0.001248139 -0.017096892 -0.000707303 0.999991238 -0.004127733 -0.075211674 0.001245230 0.004128611 0.999990702 4.792841434
0.999997377 0.002227368 -0.000695830 -0.017874885 -0.002229535 0.999992609 -0.003129189 -0.075461499 0.000688855 0.003130732 0.999994874 4.828373909
0.999999464 -0.000095798 -0.000994009 -0.017365571 0.000095560 0.999999940 -0.000239650 -0.077432804 0.000994032 0.000239555 0.999999523 4.862053394
0.999998987 -0.001029557 -0.000929623 -0.017971719 0.001028863 0.999999225 -0.000747143 -0.077136725 0.000930391 0.000746186 0.999999285 4.899564743
0.999990463 -0.004281149 -0.001000387 -0.017788325 0.004281225 0.999990821 0.000072998 -0.077901050 0.001000065 -0.000077280 0.999999523 4.936753273
0.999977946 -0.006616886 -0.000667919 -0.017857570 0.006617208 0.999978006 0.000480808 -0.078779228 0.000664723 -0.000485217 0.999999702 4.972139359
0.999944806 -0.010492520 -0.000643696 -0.017768590 0.010493361 0.999944031 0.001316214 -0.079176530 0.000629850 -0.001322896 0.999998927 5.007498741
0.999904692 -0.013804314 0.000091905 -0.017892031 0.013804046 0.999901652 0.002484662 -0.079439715 -0.000126195 -0.002483157 0.999996841 5.045046329
0.999868810 -0.016182113 0.000525997 -0.017960731 0.016180847 0.999866366 0.002328006 -0.079721585 -0.000563599 -0.002319189 0.999997079 5.080623627
0.999895155 -0.014479347 0.000175854 -0.017236192 0.014479656 0.999893486 -0.001897410 -0.080065355 -0.000148362 0.001899757 0.999998212 5.116995335
0.999973297 -0.007270202 0.000766071 -0.017978963 0.007275278 0.999950051 -0.006848937 -0.081391990 -0.000716239 0.006854327 0.999976277 5.153165340
0.999995828 0.002004362 0.002090891 -0.018388025 -0.001990053 0.999974668 -0.006823771 -0.082469225 -0.002104515 0.006819581 0.999974608 5.189239502
0.999943674 0.010117041 0.003217722 -0.018909609 -0.010106625 0.999943674 -0.003235612 -0.082848884 -0.003250276 0.003202910 0.999989629 5.226353168
0.999934733 0.010654841 0.004128994 -0.019221256 -0.010648337 0.999942064 -0.001594498 -0.083186410 -0.004145744 0.001550427 0.999990225 5.262489796
0.999951065 0.009180953 0.003675636 -0.019206986 -0.009178728 0.999957681 -0.000621445 -0.084181637 -0.003681185 0.000587677 0.999993026 5.299952507
0.999979794 0.005766497 0.002686864 -0.019369379 -0.005765464 0.999983251 -0.000392653 -0.085269041 -0.002689083 0.000377154 0.999996305 5.336523056
0.999985933 0.004875274 0.002104479 -0.019652283 -0.004872025 0.999986947 -0.001546162 -0.085344292 -0.002111990 0.001535887 0.999996543 5.374274731
0.999993026 0.003653475 0.000709908 -0.019132569 -0.003652362 0.999992132 -0.001562536 -0.086152278 -0.000715611 0.001559932 0.999998450 5.410181046
0.999986053 0.005175152 0.001024496 -0.019534707 -0.005173550 0.999985456 -0.001560027 -0.086710557 -0.001032554 0.001554705 0.999998212 5.447643280
0.999978542 0.006530656 0.000499080 -0.019553566 -0.006530188 0.999978304 -0.000930830 -0.087100200 -0.000505148 0.000927551 0.999999404 5.484525204
0.999986529 0.005166185 0.000445844 -0.020100504 -0.005165781 0.999986231 -0.000901296 -0.088047333 -0.000450494 0.000898981 0.999999523 5.521402836
0.999986887 0.005124323 -0.000138278 -0.020210115 -0.005124598 0.999984741 -0.002074098 -0.088752769 0.000127647 0.002074780 0.999997914 5.559206009
0.999992251 0.003843282 -0.000858522 -0.019944567 -0.003844860 0.999990880 -0.001843402 -0.089594081 0.000851430 0.001846689 0.999998033 5.596491337
0.999990344 0.004298810 -0.000834458 -0.020399407 -0.004300583 0.999988496 -0.002134581 -0.090270147 0.000825271 0.002138149 0.999997318 5.633003712
0.999987304 0.004968288 -0.000761743 -0.020813819 -0.004970047 0.999984980 -0.002325531 -0.090941168 0.000750177 0.002329288 0.999996960 5.670487881
0.999988317 0.004668008 -0.001207907 -0.021113109 -0.004671433 0.999985039 -0.002848478 -0.091476172 0.001194592 0.002854088 0.999995232 5.708199978
0.999984503 0.005116888 -0.002216755 -0.021156520 -0.005125575 0.999979138 -0.003931052 -0.091526188 0.002196594 0.003942353 0.999989867 5.746666908
0.999984980 0.005101005 -0.001991460 -0.021727268 -0.005107355 0.999981821 -0.003196689 -0.092935398 0.001975118 0.003206813 0.999992847 5.783537388
0.999979675 0.005891720 -0.002443448 -0.021936595 -0.005899686 0.999977171 -0.003266006 -0.093563832 0.002424150 0.003280356 0.999991655 5.821618080
0.999988079 0.004120810 -0.002612010 -0.022217758 -0.004129376 0.999986112 -0.003282249 -0.094257288 0.002598448 0.003292997 0.999991179 5.859613895
0.999991536 0.002958836 -0.002837872 -0.022368632 -0.002969431 0.999988616 -0.003736367 -0.094944134 0.002826784 0.003744763 0.999988973 5.897821426
0.999995828 0.000920946 -0.002720206 -0.022661842 -0.000929844 0.999994338 -0.003271568 -0.095736191 0.002717178 0.003274084 0.999990880 5.935994625
0.999997318 0.000448682 -0.002284158 -0.023112856 -0.000455275 0.999995649 -0.002886609 -0.096313983 0.002282853 0.002887641 0.999993205 5.974267960
0.999997079 0.000250552 -0.002435101 -0.023531286 -0.000255481 0.999997854 -0.002023794 -0.097396761 0.002434589 0.002024409 0.999994993 6.012231827
0.999998152 0.000948385 -0.001654975 -0.024639452 -0.000953181 0.999995291 -0.002899617 -0.098132282 0.001652217 0.002901190 0.999994397 6.050941944
0.999998033 0.000975902 -0.001742890 -0.024342641 -0.000982051 0.999993205 -0.003530639 -0.098587394 0.001739432 0.003532343 0.999992251 6.089188576
0.999996185 0.001598248 -0.002276902 -0.023891907 -0.001605762 0.999993205 -0.003302132 -0.098837972 0.002271608 0.003305776 0.999991953 6.127123833
0.999996603 0.002553706 -0.000549910 -0.024920329 -0.002554106 0.999996483 -0.000728310 -0.100014284 0.000548048 0.000729712 0.999999583 6.165676594
0.999997318 0.002345357 -0.000016153 -0.025141699 -0.002345361 0.999997318 -0.000270247 -0.100643441 0.000015520 0.000270284 1.000000000 6.204121113
0.999995112 0.003015367 0.000753254 -0.025478300 -0.003013892 0.999993563 -0.001951534 -0.101380050 -0.000759133 0.001949254 0.999997795 6.242049217
0.999993563 0.003293831 0.001435229 -0.025704667 -0.003288860 0.999988556 -0.003452880 -0.102150723 -0.001446586 0.003448137 0.999993026 6.281166077
0.999988914 0.004320482 0.001883208 -0.025917064 -0.004314362 0.999985337 -0.003242359 -0.102739573 -0.001897189 0.003234197 0.999992967 6.319712162
0.999991238 0.004200681 0.000013720 -0.024938382 -0.004200683 0.999991179 0.000121342 -0.105242357 -0.000013210 -0.000121399 1.000000000 6.359524250
0.999993265 0.003570930 0.000854965 -0.025828212 -0.003570611 0.999993503 -0.000373698 -0.104977250 -0.000856294 0.000370642 0.999999583 6.397722244
0.999988198 0.004525968 0.001766699 -0.026703790 -0.004525645 0.999989748 -0.000186854 -0.105769455 -0.001767527 0.000178856 0.999998450 6.436002254
0.999985397 0.005331539 0.000862953 -0.026297277 -0.005331206 0.999985695 -0.000387965 -0.106298774 -0.000865009 0.000383359 0.999999523 6.475815296
0.999976754 0.006608231 0.001676584 -0.026774865 -0.006607702 0.999978065 -0.000321451 -0.106883265 -0.001678671 0.000310365 0.999998510 6.514430523
0.999976575 0.006842650 -0.000080455 -0.026271382 -0.006842723 0.999976099 -0.000927274 -0.107304968 0.000074108 0.000927803 0.999999523 6.554342747
0.999978423 0.006500003 0.000853115 -0.026744597 -0.006499845 0.999978840 -0.000188940 -0.108282700 -0.000854325 0.000183390 0.999999642 6.592663288
0.999991834 0.003908757 0.000902772 -0.027099863 -0.003909927 0.999991477 0.001297770 -0.109131753 -0.000897691 -0.001301289 0.999998808 6.631741524
0.999994934 0.003154555 0.000404130 -0.026650395 -0.003154444 0.999994993 -0.000276247 -0.108910792 -0.000405000 0.000274971 0.999999881 6.671251774
0.999998689 0.000114202 0.001613990 -0.027485467 -0.000115338 0.999999762 0.000703617 -0.110074371 -0.001613909 -0.000703802 0.999998450 6.709652901
0.999997616 -0.001757329 0.001352425 -0.027774068 0.001758209 0.999998331 -0.000649470 -0.110417694 -0.001351281 0.000651847 0.999998868 6.748660088
0.999990225 -0.003970538 0.001913317 -0.027698174 0.003967732 0.999991000 0.001468188 -0.111329839 -0.001919130 -0.001460582 0.999997079 6.787775040
0.999979019 -0.005997177 0.002421275 -0.027689813 0.005989025 0.999976397 0.003359744 -0.111967072 -0.002441367 -0.003345173 0.999991357 6.826901913
0.999962270 -0.008034708 0.003302984 -0.028033990 0.008021940 0.999960423 0.003860596 -0.112754755 -0.003333873 -0.003833954 0.999987006 6.864924908
0.999958932 -0.008650229 0.002710151 -0.027847571 0.008644534 0.999960363 0.002106507 -0.113030553 -0.002728265 -0.002082993 0.999994040 6.906364441
0.999971271 -0.007202738 0.002360666 -0.027377857 0.007199747 0.999973238 0.001273136 -0.113263860 -0.002369774 -0.001256103 0.999996364 6.945869923
0.999972343 -0.006260436 0.004012610 -0.027870569 0.006251915 0.999978125 0.002132677 -0.114421256 -0.004025874 -0.002107531 0.999989688 6.985167027
0.999976456 -0.003718175 0.005773845 -0.028367572 0.003710062 0.999992073 0.001415113 -0.114916392 -0.005779060 -0.001393658 0.999982357 7.023925304
0.999978721 -0.002251058 0.006140087 -0.028128140 0.002243668 0.999996722 0.001210205 -0.115577117 -0.006142793 -0.001196403 0.999980390 7.063959599
0.999965131 -0.000951357 0.008295262 -0.028561573 0.000942868 0.999998987 0.001027278 -0.116482966 -0.008296233 -0.001019421 0.999965072 7.102535248
0.999964058 -0.000207133 0.008473593 -0.028255809 0.000204094 0.999999940 0.000359537 -0.116913356 -0.008473666 -0.000357794 0.999964058 7.142022133
0.999952495 -0.000902262 0.009706926 -0.028171472 0.000903838 0.999999642 -0.000158010 -0.117552832 -0.009706779 0.000166776 0.999952912 7.181419849
0.999946356 -0.001310966 0.010270515 -0.027726389 0.001304699 0.999998987 0.000616839 -0.118383832 -0.010271313 -0.000603406 0.999947071 7.220634937
0.999934673 -0.002703166 0.011107324 -0.027496859 0.002689117 0.999995589 0.001279539 -0.118754558 -0.011110732 -0.001249586 0.999937534 7.259604931
0.999931455 -0.004278314 0.010893111 -0.026911363 0.004253461 0.999988258 0.002303663 -0.119726285 -0.010902840 -0.002257171 0.999938011 7.299689293
0.999921262 -0.003723462 0.011976804 -0.026973434 0.003732976 0.999992728 -0.000772090 -0.120191097 -0.011973842 0.000816738 0.999927998 7.338337421
0.999919534 -0.005575911 0.011391103 -0.026945330 0.005607324 0.999980509 -0.002727699 -0.120900430 -0.011375669 0.002791353 0.999931395 7.378767967
0.999932587 -0.005143440 0.010408620 -0.026362471 0.005178817 0.999980927 -0.003374739 -0.121484786 -0.010391064 0.003428416 0.999940157 7.418118954
0.999934971 -0.006487790 0.009389937 -0.025878556 0.006511185 0.999975741 -0.002463103 -0.122798309 -0.009373730 0.002524082 0.999952853 7.457887173
0.999941587 -0.005771476 0.009140517 -0.026106790 0.005803638 0.999976933 -0.003495859 -0.123373158 -0.009120130 0.003548703 0.999952137 7.497675419
0.999950469 -0.005457270 0.008321570 -0.026206858 0.005486257 0.999978960 -0.003464512 -0.124251619 -0.008302487 0.003509995 0.999959290 7.538516998
0.999955118 -0.005694482 0.007569266 -0.025816191 0.005719102 0.999978423 -0.003235022 -0.124749735 -0.007550683 0.003278166 0.999966025 7.577919483
0.999956131 -0.006558868 0.006687063 -0.025968164 0.006577193 0.999974668 -0.002722003 -0.125842333 -0.006669041 0.002765866 0.999973893 7.617864609
0.999957085 -0.006808853 0.006291350 -0.025953665 0.006819414 0.999975383 -0.001658578 -0.126390487 -0.006279903 0.001701410 0.999978781 7.657939434
0.999975860 -0.004883242 0.004925941 -0.025945406 0.004885511 0.999987900 -0.000448750 -0.126774967 -0.004923690 0.000472805 0.999987721 7.698690414
0.999972701 -0.003519530 0.006482248 -0.026370719 0.003521006 0.999993742 -0.000216261 -0.127634168 -0.006481446 0.000239079 0.999978960 7.738580704
0.999965847 -0.004513172 0.006920658 -0.026156478 0.004515973 0.999989748 -0.000389145 -0.128207162 -0.006918831 0.000420385 0.999975920 7.780012131
0.999958217 -0.005635310 0.007202427 -0.025915187 0.005642365 0.999983668 -0.000959525 -0.128636643 -0.007196903 0.001000123 0.999973595 7.820005417
0.999944687 -0.007241313 0.007629116 -0.025982860 0.007256920 0.999971628 -0.002020048 -0.129275352 -0.007614272 0.002075301 0.999968886 7.862429619
0.999927163 -0.008618156 0.008450444 -0.025996819 0.008652851 0.999954224 -0.004077773 -0.130179569 -0.008414914 0.004150596 0.999956012 7.903118134
0.999923468 -0.009547696 0.007856943 -0.025477588 0.009586348 0.999942005 -0.004896373 -0.130913377 -0.007809738 0.004971317 0.999957144 7.945109367
0.999944448 -0.008398811 0.006355570 -0.026257247 0.008437876 0.999945521 -0.006144584 -0.131430298 -0.006303617 0.006197870 0.999960899 7.985988140
0.999960780 -0.008199212 0.003343737 -0.025177930 0.008215873 0.999953747 -0.004999514 -0.132704705 -0.003302590 0.005026791 0.999981940 8.028347015
0.999967933 -0.007478314 0.002839089 -0.025518542 0.007483129 0.999970615 -0.001689469 -0.133579224 -0.002826371 0.001710661 0.999994636 8.069396019
0.999960363 -0.008041041 0.003802957 -0.025532713 0.008036199 0.999966860 0.001286402 -0.134085730 -0.003813176 -0.001255790 0.999991953 8.111941338
0.999954879 -0.008739033 0.003699472 -0.025231626 0.008732357 0.999960244 0.001816144 -0.134803370 -0.003715197 -0.001783757 0.999991477 8.154616356
0.999943256 -0.009805567 0.004156615 -0.025500532 0.009803144 0.999951780 0.000602839 -0.135156840 -0.004162327 -0.000562057 0.999991179 8.195571899
0.999929905 -0.010910104 0.004588611 -0.025452252 0.010907019 0.999940217 0.000696883 -0.135744125 -0.004595941 -0.000646786 0.999989212 8.237529755
0.999929070 -0.010922156 0.004733909 -0.025566887 0.010917783 0.999939978 0.000949008 -0.136652067 -0.004743990 -0.000897257 0.999988258 8.279664993
0.999928832 -0.010453735 0.005737478 -0.026146125 0.010451468 0.999945343 0.000425048 -0.137173221 -0.005741607 -0.000365053 0.999983430 8.321326256
0.999944270 -0.008717746 0.005956205 -0.025941733 0.008719970 0.999961853 -0.000347445 -0.138052806 -0.005952949 0.000399364 0.999982178 8.363287926
0.999949396 -0.007773509 0.006393902 -0.026083756 0.007779657 0.999969304 -0.000937225 -0.138611674 -0.006386420 0.000986920 0.999979138 8.405368805
0.999935627 -0.009000219 0.006898799 -0.025437113 0.008995775 0.999959290 0.000674874 -0.139159784 -0.006904594 -0.000612771 0.999975979 8.446991920
0.999925673 -0.009081705 0.008131100 -0.026451483 0.009075081 0.999958456 0.000851305 -0.139541775 -0.008138494 -0.000777451 0.999966562 8.488111496
0.999909759 -0.011068884 0.007608991 -0.025728472 0.011065956 0.999938607 0.000426933 -0.140372977 -0.007613250 -0.000342694 0.999970973 8.528616905
0.999915957 -0.010031314 0.008205904 -0.025999218 0.010025378 0.999949455 0.000764140 -0.141295776 -0.008213155 -0.000681809 0.999966025 8.568877220
0.999937952 -0.008184247 0.007553760 -0.025693268 0.008194310 0.999965549 -0.001302184 -0.141992733 -0.007542841 0.001364001 0.999970615 8.610832214
0.999955118 -0.005781596 0.007500371 -0.025975540 0.005817838 0.999971449 -0.004819335 -0.142506778 -0.007472293 0.004862755 0.999960244 8.651803017
0.999967694 -0.005248898 0.006092364 -0.025619160 0.005270526 0.999979854 -0.003539512 -0.143916607 -0.006073663 0.003571508 0.999975204 8.693414688
0.999972880 -0.004716056 0.005659854 -0.025826771 0.004715847 0.999988854 0.000050322 -0.144822270 -0.005660029 -0.000023630 0.999983966 8.734109879
0.999985814 -0.003659919 0.003862329 -0.025549054 0.003649416 0.999989569 0.002722835 -0.145377338 -0.003872255 -0.002708701 0.999988854 8.775880814
0.999992311 -0.002965824 0.002534658 -0.025605975 0.002963026 0.999995053 0.001106727 -0.145959929 -0.002537928 -0.001099207 0.999996245 8.817102432
0.999993026 -0.003639077 0.000839929 -0.026098873 0.003639301 0.999993324 -0.000265003 -0.146521702 -0.000838959 0.000268058 0.999999583 8.858238220
0.999985158 -0.005353115 -0.000959603 -0.026345011 0.005354478 0.999984622 0.001424283 -0.147462800 0.000951964 -0.001429400 0.999998569 8.899108887
0.999978006 -0.006244294 -0.002244092 -0.026216608 0.006248503 0.999978662 0.001873128 -0.148142308 0.002232347 -0.001887109 0.999995708 8.939905167
0.999976397 -0.006406926 -0.002484207 -0.026300989 0.006409795 0.999978781 0.001148853 -0.148935422 0.002476793 -0.001164749 0.999996305 8.980686188
0.999960184 -0.008536848 -0.002603495 -0.026935466 0.008537889 0.999963462 0.000388727 -0.149527118 0.002600080 -0.000410939 0.999996543 9.022248268
0.999970257 -0.007189964 -0.002782864 -0.027228994 0.007188966 0.999974012 -0.000368621 -0.150105625 0.002785442 0.000348605 0.999996066 9.062371254
0.999962866 -0.008118861 -0.002888827 -0.027544413 0.008117894 0.999966919 -0.000346692 -0.150873408 0.002891546 0.000323228 0.999995768 9.103175163
0.999954700 -0.009001668 -0.003064288 -0.027473459 0.008999798 0.999959230 -0.000623389 -0.151878089 0.003069775 0.000595783 0.999995112 9.144462585
0.999954641 -0.009018363 -0.003057358 -0.027696233 0.009015733 0.999958932 -0.000872833 -0.152850166 0.003065104 0.000845229 0.999994934 9.185037613
0.999950886 -0.009495768 -0.002831318 -0.028224435 0.009493135 0.999954462 -0.000942134 -0.153448895 0.002840135 0.000915210 0.999995530 9.226056099
0.999964297 -0.008110996 -0.002381161 -0.028724493 0.008106230 0.999965191 -0.002005270 -0.154135853 0.002397343 0.001985896 0.999995172 9.266521454
0.999937832 -0.010385735 -0.004057918 -0.027821854 0.010374982 0.999942601 -0.002662370 -0.155453235 0.004085335 0.002620103 0.999988258 9.308628082
0.999926567 -0.011829921 -0.002629851 -0.029175086 0.011826392 0.999929070 -0.001352843 -0.155605823 0.002645669 0.001321642 0.999995649 9.349308968
0.999914348 -0.012989070 -0.001602498 -0.030385727 0.012986512 0.999914289 -0.001596909 -0.155495778 0.001623103 0.001575961 0.999997437 9.388777733
0.999911964 -0.013210515 -0.001197064 -0.030644819 0.013207327 0.999909401 -0.002633146 -0.156593561 0.001231740 0.002617104 0.999995887 9.430047989
0.999920785 -0.012368428 -0.002297615 -0.030061558 0.012362358 0.999920249 -0.002636913 -0.157676399 0.002330046 0.002608300 0.999993861 9.471208572
0.999935985 -0.011195388 -0.001589097 -0.030745111 0.011191693 0.999934673 -0.002315780 -0.158239692 0.001614919 0.002297846 0.999996066 9.511873245
0.999951422 -0.009690319 -0.001763455 -0.030504357 0.009688844 0.999952674 -0.000841984 -0.159487322 0.001771531 0.000824857 0.999998093 9.553308487
0.999952912 -0.009583499 -0.001529856 -0.030769389 0.009582912 0.999953985 -0.000391567 -0.160428360 0.001533538 0.000376889 0.999998748 9.594240189
0.999958158 -0.009088695 -0.001058238 -0.031073116 0.009086366 0.999956250 -0.002184182 -0.160897717 0.001078043 0.002174476 0.999997020 9.635316849
0.999960601 -0.008862449 -0.000628237 -0.031326629 0.008860566 0.999956429 -0.002937673 -0.161449134 0.000654245 0.002931991 0.999995530 9.676838875
0.999960780 -0.008846162 -0.000610137 -0.031625986 0.008844850 0.999958575 -0.002120938 -0.162614644 0.000628874 0.002115458 0.999997556 9.717974663
0.999974906 -0.007077858 -0.000092160 -0.032382224 0.007077603 0.999971688 -0.002512520 -0.163185194 0.000109941 0.002511805 0.999996781 9.760093689
0.999982893 -0.005835526 -0.000345628 -0.032056354 0.005834891 0.999981344 -0.001809874 -0.163981512 0.000356183 0.001807826 0.999998331 9.801216125
0.999994814 -0.002943733 0.001249710 -0.033041760 0.002947504 0.999991119 -0.003026416 -0.164645568 -0.001240790 0.003030084 0.999994636 9.842485428
0.999997735 -0.001631141 0.001301014 -0.033248574 0.001636260 0.999990880 -0.003943395 -0.165435940 -0.001294571 0.003945515 0.999991298 9.884151459
0.999994516 -0.003266973 0.000437770 -0.032913756 0.003268452 0.999988854 -0.003420394 -0.166218698 -0.000426591 0.003421806 0.999994040 9.925725937
0.999997139 0.000464592 0.002357870 -0.033789013 -0.000456756 0.999994397 -0.003323226 -0.166948691 -0.002359401 0.003322140 0.999991655 9.966131210
0.999993443 0.002390911 0.002744531 -0.034104206 -0.002380662 0.999990165 -0.003731136 -0.167498887 -0.002753425 0.003724577 0.999989271 10.007345200
