0.999999881 -0.000352879 -0.000223913 -0.000212561 0.000353228 0.999998748 0.001561380 -0.000499562 0.000223362 -0.001561459 0.999998748 0.033269241
0.999998629 -0.001565288 -0.000557559 -0.000093467 0.001566378 0.999996960 0.001959735 -0.001071118 0.000554490 -0.001960606 0.999997914 0.066234283
0.999995649 -0.002897291 -0.000518145 -0.000472596 0.002897616 0.999995589 0.000627010 -0.001436769 0.000516326 -0.000628509 0.999999642 0.099342674
0.999994576 -0.003279442 -0.000352975 -0.000595434 0.003279704 0.999994338 0.000741945 -0.001956556 0.000350539 -0.000743099 0.999999642 0.132665277
0.999992490 -0.003828201 -0.000517066 -0.000575416 0.003828991 0.999991417 0.001534537 -0.002400793 0.000511187 -0.001536505 0.999998689 0.166333243
0.999987423 -0.005013551 -0.000118572 -0.000651426 0.005013865 0.999983430 0.002830785 -0.002960207 0.000104377 -0.002831344 0.999996006 0.199577183
0.999987364 -0.004974769 -0.000603208 -0.000792929 0.004976686 0.999982357 0.003218748 -0.003383292 0.000587185 -0.003221709 0.999994636 0.233623967
0.999989331 -0.004479848 -0.001012337 -0.000939272 0.004481535 0.999988496 0.001670583 -0.004009968 0.001004842 -0.001675101 0.999998093 0.267391831
0.999998808 -0.001064602 -0.001094055 -0.001177296 0.001063836 0.999999285 -0.000700153 -0.004363827 0.001094799 0.000698988 0.999999166 0.300863385
0.999998391 0.001751454 -0.000352892 -0.001817373 -0.001751972 0.999997377 -0.001472236 -0.004985067 0.000350312 0.001472852 0.999998868 0.334388226
0.999990284 0.004355389 -0.000691730 -0.001927257 -0.004356479 0.999989271 -0.001582824 -0.005633061 0.000684829 0.001585822 0.999998510 0.368302345
0.999985278 0.005392801 -0.000631796 -0.002247230 -0.005393388 0.999985039 -0.000930816 -0.006059180 0.000626767 0.000934210 0.999999404 0.402697861
0.999995828 0.002861284 -0.000426787 -0.002181194 -0.002860347 0.999993503 0.002180868 -0.006775181 0.000433025 -0.002179638 0.999997556 0.436573923
0.999999762 -0.000700558 -0.000222776 -0.002278615 0.000701382 0.999992847 0.003715937 -0.007132595 0.000220171 -0.003716093 0.999993086 0.470953941
0.999995410 -0.003037987 -0.000339218 -0.002506753 0.003038463 0.999994397 0.001413812 -0.007596341 0.000334921 -0.001414836 0.999998987 0.505700171
0.999988496 -0.004790706 -0.000293884 -0.002497053 0.004790701 0.999988496 -0.000014937 -0.008404112 0.000293952 0.000013529 0.999999940 0.538696587
0.999997020 -0.002419989 -0.000532385 -0.002294284 0.002419144 0.999995887 -0.001582631 -0.009083929 0.000536213 0.001581338 0.999998629 0.573870838
0.999999523 0.000452104 0.000783112 -0.002725987 -0.000452384 0.999999821 0.000356638 -0.009565948 -0.000782951 -0.000356992 0.999999642 0.607374012
0.999997377 0.001238771 0.001928679 -0.003279462 -0.001245709 0.999992788 0.003600217 -0.009931050 -0.001924205 -0.003602610 0.999991715 0.642324746
0.999998152 -0.001555699 0.001063494 -0.002726465 0.001548842 0.999978244 0.006418355 -0.010766506 -0.001073456 -0.006416697 0.999978840 0.677478015
0.999976039 -0.006746653 0.001538695 -0.002991521 0.006740185 0.999968588 0.004171214 -0.010977279 -0.001566788 -0.004160743 0.999990046 0.710425019
0.999975622 -0.006787745 0.001644516 -0.003298180 0.006783410 0.999973595 0.002627555 -0.011624835 -0.001662308 -0.002616336 0.999995112 0.745073259
0.999981523 -0.005341347 0.002910564 -0.003998422 0.005342927 0.999985576 -0.000535171 -0.012023205 -0.002907663 0.000550712 0.999995589 0.780176878
0.999992847 -0.002530052 0.002813168 -0.003047893 0.002533440 0.999996066 -0.001201322 -0.012767485 -0.002810117 0.001208440 0.999995351 0.814498961
0.999992490 -0.002606541 0.002864975 -0.002941915 0.002616988 0.999989867 -0.003648865 -0.013087343 -0.002855435 0.003656334 0.999989212 0.849805295
0.999993801 -0.001714205 0.003065431 -0.002867831 0.001723451 0.999993920 -0.003015986 -0.013601393 -0.003060243 0.003021250 0.999990821 0.884316266
0.999993861 -0.001654675 0.003089895 -0.003220811 0.001658626 0.999997795 -0.001276437 -0.014661400 -0.003087776 0.001281554 0.999994397 0.918983400
0.999996543 -0.000171988 0.002621661 -0.003405360 0.000170943 0.999999881 0.000398928 -0.015389616 -0.002621729 -0.000398478 0.999996483 0.954799891
0.999994159 0.002289242 0.002523968 -0.003462357 -0.002290367 0.999997258 0.000442844 -0.015907088 -0.002522947 -0.000448622 0.999996722 0.989921570
0.999983191 0.005266236 0.002447405 -0.003409726 -0.005266574 0.999986172 0.000131949 -0.016700562 -0.002446677 -0.000144836 0.999996960 1.025066614
0.999964893 0.007938571 0.002663972 -0.003910814 -0.007939729 0.999968410 0.000424567 -0.016927814 -0.002660517 -0.000445704 0.999996305 1.061134338
0.999960244 0.008566130 0.002491970 -0.004167361 -0.008566095 0.999963403 -0.000024602 -0.017005401 -0.002492089 0.000003254 0.999996901 1.096377373
0.999969602 0.007584791 0.001790765 -0.004355956 -0.007585428 0.999971211 0.000349314 -0.018169608 -0.001788065 -0.000362887 0.999998331 1.132596374
0.999971867 0.007235768 0.001975637 -0.005125159 -0.007235186 0.999973774 -0.000301569 -0.018383494 -0.001977768 0.000287266 0.999998033 1.166290402
0.999978662 0.006507397 0.000494800 -0.004780573 -0.006507481 0.999978781 0.000168259 -0.019286752 -0.000493695 -0.000171476 0.999999881 1.203263640
0.999982059 0.005987556 -0.000292965 -0.004988433 -0.005987330 0.999981761 0.000768663 -0.019629376 0.000297562 -0.000766895 0.999999702 1.238559604
0.999976873 0.006667777 -0.001413286 -0.005012332 -0.006667018 0.999977589 0.000541982 -0.020215984 0.001416868 -0.000532547 0.999998868 1.273939013
0.999976754 0.006369564 -0.002416195 -0.005839357 -0.006367577 0.999979377 0.000829499 -0.020394914 0.002421428 -0.000814095 0.999996781 1.311513543
0.999967456 0.007202094 -0.003612177 -0.006164761 -0.007193023 0.999970973 0.002518184 -0.021274725 0.003630208 -0.002492120 0.999990284 1.346465826
0.999976516 0.005060876 -0.004596708 -0.006373099 -0.005046833 0.999982595 0.003061562 -0.021845283 0.004612123 -0.003038291 0.999984682 1.382863998
0.999981165 0.003932178 -0.004716818 -0.007074240 -0.003916999 0.999987125 0.003223176 -0.022343967 0.004729432 -0.003204639 0.999983668 1.418601155
0.999988317 0.001602228 -0.004536135 -0.008063219 -0.001593044 0.999996722 0.002027026 -0.022540729 0.004539368 -0.002019776 0.999987602 1.453901172
0.999985933 0.000459532 -0.005280952 -0.007390793 -0.000444294 0.999995708 0.002886114 -0.023135655 0.005282257 -0.002883727 0.999981821 1.489286423
0.999989092 -0.000952909 -0.004582238 -0.007765629 0.000968655 0.999993563 0.003435419 -0.023658412 0.004578936 -0.003439819 0.999983549 1.523740649
0.999967337 -0.006108374 -0.005294891 -0.007535721 0.006130637 0.999972343 0.004198671 -0.023717448 0.005269099 -0.004230996 0.999977112 1.560715795
0.999987006 -0.003041454 -0.004102959 -0.007885973 0.003057233 0.999987900 0.003845015 -0.024794066 0.004091214 -0.003857508 0.999984205 1.594342589
0.999959171 -0.008074295 -0.004050739 -0.008913945 0.008086351 0.999962866 0.002968491 -0.024556119 0.004026621 -0.003001125 0.999987304 1.631446719
0.999973476 -0.006417009 -0.003447351 -0.008628646 0.006425207 0.999976516 0.002372179 -0.025225019 0.003432049 -0.002394265 0.999991179 1.663850427
0.999964058 -0.007219199 -0.004438033 -0.006706796 0.007231803 0.999969840 0.002830784 -0.025936320 0.004417464 -0.002862777 0.999986112 1.694867373
0.999993026 -0.003064804 -0.002138788 -0.010346196 0.003071318 0.999990642 0.003049718 -0.025594044 0.002129422 -0.003056265 0.999993026 1.735941529
0.999998868 -0.000155088 -0.001479888 -0.010323101 0.000162427 0.999987662 0.004960225 -0.026274256 0.001479101 -0.004960460 0.999986589 1.768763423
0.999981225 0.006110138 0.000165864 -0.013032442 -0.006110953 0.999966383 0.005464979 -0.027608424 -0.000132466 -0.005465891 0.999985039 1.806303740
0.999939382 0.010984393 0.000663957 -0.012829861 -0.010987598 0.999926925 0.005036011 -0.028016191 -0.000608591 -0.005043002 0.999987125 1.840942383
0.999932647 0.011579871 0.000712072 -0.011450447 -0.011583233 0.999920785 0.004914309 -0.028288411 -0.000655109 -0.004922227 0.999987602 1.869755268
0.999912560 0.013119697 0.001642216 -0.012579007 -0.013126479 0.999905050 0.004190648 -0.028252700 -0.001587081 -0.004211838 0.999989867 1.908218265
0.999911606 0.013157221 0.001893896 -0.012440773 -0.013166787 0.999900162 0.005130941 -0.029080698 -0.001826198 -0.005155425 0.999985039 1.942091703
0.999918699 0.012481855 0.002588127 -0.013518676 -0.012494223 0.999910295 0.004819030 -0.029761704 -0.002527745 -0.004850977 0.999985039 1.976347685
0.999945343 0.010271304 0.001963593 -0.012176948 -0.010280287 0.999936461 0.004620903 -0.030469768 -0.001916006 -0.004640837 0.999987364 2.007529020
0.999953687 0.009489873 0.001600750 -0.013397855 -0.009495218 0.999949276 0.003364984 -0.029866220 -0.001568736 -0.003380028 0.999993086 2.044594526
0.999959171 0.008940713 0.001261257 -0.013558363 -0.008945018 0.999954045 0.003449481 -0.030003231 -0.001230358 -0.003460623 0.999993265 2.078680992
0.999959886 0.008861830 0.001250476 -0.013812237 -0.008865719 0.999955773 0.003139007 -0.030928798 -0.001222604 -0.003149968 0.999994278 2.110938072
0.999949872 0.009916672 0.001422790 -0.015388679 -0.009920260 0.999947488 0.002537214 -0.030933561 -0.001397554 -0.002551201 0.999995768 2.145675421
0.999966562 0.008129473 -0.000984805 -0.014148451 -0.008124684 0.999955535 0.004774869 -0.032369457 0.001023579 -0.004766707 0.999988139 2.179144859
0.999978304 0.006281416 -0.001983527 -0.014680963 -0.006270791 0.999966145 0.005318594 -0.032515131 0.002016868 -0.005306039 0.999983966 2.212851048
0.999988377 0.004059342 -0.002599533 -0.015397325 -0.004044908 0.999976516 0.005534334 -0.032693900 0.002621938 -0.005523754 0.999981284 2.245948553
0.999991179 0.002060986 -0.003665919 -0.015066089 -0.002038150 0.999978602 0.006222069 -0.033784278 0.003678665 -0.006214542 0.999973953 2.278972387
0.999988139 0.000244269 -0.004852098 -0.014759924 -0.000214701 0.999981403 0.006093571 -0.034298390 0.004853497 -0.006092458 0.999969661 2.312000751
0.999989629 0.000011208 -0.004552088 -0.015447201 0.000012614 0.999986351 0.005233260 -0.034518450 0.004552085 -0.005233264 0.999975979 2.344909430
0.999989212 -0.000352560 -0.004614688 -0.015911177 0.000372251 0.999990880 0.004266768 -0.034627315 0.004613142 -0.004268440 0.999980211 2.376903772
0.999988556 -0.000573243 -0.004747930 -0.016106784 0.000593104 0.999991059 0.004182758 -0.035379589 0.004745489 -0.004185525 0.999979973 2.411596775
0.999990284 0.000188195 -0.004394773 -0.016710183 -0.000170991 0.999992371 0.003914522 -0.036080137 0.004395476 -0.003913733 0.999982715 2.443739414
0.999990106 0.002019755 -0.003956920 -0.017327363 -0.002004686 0.999990761 0.003808578 -0.036548324 0.003964575 -0.003800607 0.999984920 2.476866722
0.999991000 0.001153082 -0.004075236 -0.017153073 -0.001130261 0.999983668 0.005597679 -0.036951445 0.004081624 -0.005593023 0.999976039 2.509018421
0.999990523 0.002865126 -0.003263806 -0.018221978 -0.002843459 0.999973953 0.006624095 -0.037315819 0.003282700 -0.006614751 0.999972761 2.541735649
0.999993026 0.000378706 -0.003727939 -0.018374771 -0.000353613 0.999977231 0.006729526 -0.038386315 0.003730403 -0.006728160 0.999970436 2.573621273
0.999990523 0.001785892 -0.003961551 -0.017747650 -0.001773679 0.999993622 0.003084429 -0.038379639 0.003967034 -0.003077373 0.999987423 2.606428146
0.999991059 0.000249793 -0.004216644 -0.017882064 -0.000240037 0.999997258 0.002314002 -0.038962111 0.004217211 -0.002312969 0.999988496 2.639102459
0.999992192 -0.002255873 -0.003244501 -0.018564204 0.002267849 0.999990582 0.003692299 -0.039574794 0.003236141 -0.003699628 0.999987900 2.670801640
0.999986827 -0.003740334 -0.003516822 -0.018511467 0.003758790 0.999979138 0.005255792 -0.040034659 0.003497090 -0.005268941 0.999980032 2.703028679
0.999988079 -0.004447204 -0.002040753 -0.019244680 0.004457739 0.999976635 0.005187210 -0.040154900 0.002017636 -0.005196245 0.999984503 2.734925747
0.999987960 -0.004794621 -0.000997540 -0.019294450 0.004798732 0.999979794 0.004159549 -0.040690273 0.000977577 -0.004164286 0.999990821 2.765415430
0.999989867 -0.004326020 -0.001298899 -0.018746218 0.004328043 0.999989450 0.001558360 -0.041011188 0.001292144 -0.001563965 0.999998033 2.798644543
0.999996901 -0.002524298 -0.000204719 -0.019446559 0.002524184 0.999996662 -0.000559583 -0.041383073 0.000206131 0.000559064 0.999999762 2.832453728
0.999998927 0.000363479 0.001393679 -0.019695617 -0.000362423 0.999999642 -0.000758394 -0.041709326 -0.001393954 0.000757888 0.999998748 2.865325928
0.999995947 0.001436521 0.002472201 -0.020049993 -0.001437982 0.999998808 0.000589357 -0.042035222 -0.002471352 -0.000592910 0.999996722 2.897635937
0.999984920 0.002628888 0.004823115 -0.021204200 -0.002639356 0.999994218 0.002165348 -0.041947640 -0.004817395 -0.002178045 0.999985993 2.929881096
0.999988854 0.000951043 0.004609046 -0.020223424 -0.000970925 0.999990225 0.004313515 -0.043166935 -0.004604899 -0.004317942 0.999980092 2.961330652
0.999980867 0.002181383 0.005767598 -0.020232422 -0.002200204 0.999992251 0.003258836 -0.043644615 -0.005760444 -0.003271464 0.999978125 2.993417025
0.999969184 0.003502701 0.007033601 -0.020619333 -0.003515944 0.999992073 0.001871255 -0.043247536 -0.007026989 -0.001895926 0.999973536 3.026969433
0.999956310 0.004919480 0.007951870 -0.020416969 -0.004942169 0.999983788 0.002836146 -0.044390183 -0.007937788 -0.002875321 0.999964356 3.058494329
0.999938011 0.006073436 0.009340715 -0.020610364 -0.006090065 0.999979913 0.001752716 -0.044926006 -0.009329881 -0.001809492 0.999954820 3.090708017
0.999904752 0.007828531 0.011367580 -0.021365870 -0.007841050 0.999968708 0.001057244 -0.045666873 -0.011358948 -0.001146276 0.999934793 3.123113632
0.999928534 0.006124478 0.010264949 -0.019251615 -0.006143063 0.999979556 0.001779994 -0.046391971 -0.010253838 -0.001842925 0.999945700 3.154167891
0.999902248 0.006711867 0.012261399 -0.019953944 -0.006736809 0.999975324 0.001994147 -0.046462379 -0.012247710 -0.002076556 0.999922812 3.186336040
0.999896705 0.005458161 0.013290822 -0.020023130 -0.005496011 0.999980927 0.002813008 -0.046834361 -0.013275213 -0.002885764 0.999907732 3.218432665
0.999900222 0.004046812 0.013533106 -0.019931711 -0.004082370 0.999988258 0.002600915 -0.046937913 -0.013522422 -0.002655902 0.999905050 3.251184464
0.999915540 0.000993674 0.012957173 -0.019097749 -0.001038727 0.999993503 0.003470842 -0.047707789 -0.012953638 -0.003484008 0.999909997 3.282152891
0.999912202 0.001751631 0.013128684 -0.018751856 -0.001803517 0.999990523 0.003941326 -0.048260931 -0.013121655 -0.003964657 0.999906063 3.314980268
0.999918699 -0.000632758 0.012728528 -0.018756267 0.000584600 0.999992549 0.003786853 -0.048690632 -0.012730828 -0.003779104 0.999911845 3.346630096
0.999929428 -0.000466328 0.011864981 -0.018559281 0.000426106 0.999994040 0.003392236 -0.049148418 -0.011866491 -0.003386941 0.999923944 3.378527641
0.999944329 -0.002257250 0.010307332 -0.018325891 0.002212082 0.999987841 0.004391466 -0.049770497 -0.010317119 -0.004368421 0.999937236 3.410159588
0.999950290 -0.003208337 0.009438429 -0.018109929 0.003164289 0.999984026 0.004678192 -0.050131809 -0.009453287 -0.004648094 0.999944508 3.443672180
0.999956012 -0.003331385 0.008763449 -0.018449165 0.003292344 0.999984503 0.004465772 -0.050394990 -0.008778191 -0.004436722 0.999951661 3.474819422
0.999969482 -0.003307288 0.007068199 -0.017469546 0.003279862 0.999987006 0.003888338 -0.050965801 -0.007080967 -0.003865037 0.999967396 3.507176399
0.999973774 -0.004311335 0.005806735 -0.017169753 0.004289095 0.999983430 0.003837061 -0.051677573 -0.005823181 -0.003812054 0.999975801 3.538820982
0.999967575 -0.006179667 0.005161290 -0.017496247 0.006172816 0.999979973 0.001342406 -0.052017864 -0.005169483 -0.001310503 0.999985754 3.572224617
0.999928772 -0.011355894 0.003666877 -0.017016847 0.011350118 0.999934316 0.001592205 -0.053006280 -0.003684717 -0.001550472 0.999992013 3.604557037
0.999812841 -0.019235926 0.002053519 -0.016407570 0.019226799 0.999805510 0.004374149 -0.053763352 -0.002137260 -0.004333849 0.999988317 3.637476444
0.999665916 -0.025836324 0.000735627 -0.015639763 0.025832219 0.999653101 0.005129539 -0.053727765 -0.000867900 -0.005108823 0.999986529 3.669031382
0.999564171 -0.029519629 0.000171179 -0.016561834 0.029519388 0.999563396 0.001269480 -0.053831711 -0.000208579 -0.001263873 0.999999166 3.701113462
0.999606609 -0.028025022 0.001105489 -0.016846694 0.028026806 0.999605715 -0.001633601 -0.054659981 -0.001059272 0.001663943 0.999998033 3.733279943
0.999651849 -0.026286134 0.002268211 -0.017420363 0.026293252 0.999649286 -0.003166783 -0.055589311 -0.002184173 0.003225319 0.999992430 3.763771296
0.999693453 -0.024620604 0.002593405 -0.016607497 0.024630973 0.999688387 -0.004045716 -0.055792760 -0.002492989 0.004108354 0.999988437 3.796792746
0.999552608 -0.029751202 0.003067220 -0.017070740 0.029750556 0.999557316 0.000255887 -0.056860927 -0.003073475 -0.000164521 0.999995291 3.830505133
0.999413848 -0.034062658 0.003396821 -0.016711168 0.034053963 0.999416590 0.002584286 -0.057082932 -0.003482866 -0.002467096 0.999990940 3.862905264
0.999294758 -0.037372850 0.003637462 -0.016488347 0.037359394 0.999294996 0.003699619 -0.057413764 -0.003773163 -0.003561116 0.999986470 3.893591642
0.999221504 -0.039276030 0.003727968 -0.016302982 0.039261959 0.999221802 0.003776555 -0.058244731 -0.003873395 -0.003627248 0.999985933 3.927574396
0.999312282 -0.036780834 0.004704844 -0.016801937 0.036759548 0.999313831 0.004533494 -0.058625542 -0.004868361 -0.004357430 0.999978602 3.959679365
0.999436021 -0.033018220 0.006127120 -0.017038777 0.032997329 0.999449372 0.003481239 -0.058958277 -0.006238691 -0.003277096 0.999975145 3.991556883
0.999512196 -0.030541549 0.006533035 -0.016770814 0.030528953 0.999531806 0.002018768 -0.059932802 -0.006591634 -0.001818336 0.999976575 4.023972511
0.999630928 -0.026085889 0.007577504 -0.016884170 0.026079951 0.999659479 0.000881697 -0.060144342 -0.007597927 -0.000683751 0.999970913 4.057602406
0.999679863 -0.024098547 0.007707689 -0.016730126 0.024083268 0.999707818 0.002069095 -0.060529672 -0.007755301 -0.001882806 0.999968171 4.090428829
0.999721944 -0.022373818 0.007450637 -0.016661419 0.022358699 0.999747813 0.002106296 -0.061217483 -0.007495885 -0.001939124 0.999970019 4.123507023
0.999753416 -0.021064421 0.007024483 -0.015967237 0.021063473 0.999778152 0.000208083 -0.061733231 -0.007027308 -0.000060071 0.999975324 4.155219555
0.999847114 -0.016268305 0.006408624 -0.016351828 0.016292730 0.999860227 -0.003776909 -0.062113531 -0.006346284 0.003880745 0.999972343 4.188697815
0.999909818 -0.011982825 0.006061725 -0.015615704 0.012009890 0.999917984 -0.004448317 -0.063375019 -0.006007925 0.004520715 0.999971688 4.219161034
0.999951303 -0.008242859 0.005435083 -0.015553525 0.008259306 0.999961317 -0.003010517 -0.064061061 -0.005410057 0.003055259 0.999980688 4.254220486
0.999970853 -0.004841544 0.005895473 -0.014702374 0.004848332 0.999987602 -0.001137777 -0.065072976 -0.005889891 0.001166327 0.999981940 4.287745953
0.999975562 -0.003997609 0.005740042 -0.015538955 0.003997034 0.999992013 0.000112110 -0.065215342 -0.005740444 -0.000089164 0.999983549 4.325874805
0.999948919 -0.008284020 0.005809405 -0.015742067 0.008275224 0.999964595 0.001536670 -0.065132275 -0.005821929 -0.001488516 0.999981940 4.352857113
0.999933779 -0.010924152 0.003625131 -0.015091516 0.010919654 0.999939620 0.001258399 -0.065590680 -0.003638659 -0.001218731 0.999992609 4.385898113
0.999953032 -0.009445560 0.002149800 -0.015389492 0.009452260 0.999950409 -0.003127621 -0.066217810 -0.002120151 0.003147795 0.999992788 4.418280125
0.999965429 -0.008303504 -0.000447894 -0.014462077 0.008299980 0.999938428 -0.007363128 -0.066654116 0.000509005 0.007359156 0.999972820 4.453052044
0.999993384 -0.003636194 0.000177093 -0.016900664 0.003637392 0.999966681 -0.007310184 -0.068151504 -0.000150505 0.007310779 0.999973238 4.487346649
1.000000000 -0.000127882 -0.000000963 -0.017116884 0.000127873 0.999977946 -0.006641158 -0.068268172 0.000001813 0.006641158 0.999977946 4.520972252
0.999999881 0.000452959 0.000086322 -0.018102974 -0.000452639 0.999993265 -0.003660756 -0.068498284 -0.000087979 0.003660716 0.999993324 4.555784225
0.999994874 0.002647947 0.001788065 -0.020149516 -0.002645271 0.999995410 -0.001497643 -0.069836356 -0.001792022 0.001492906 0.999997258 4.589934826
0.999999881 -0.000305725 0.000236427 -0.018836875 0.000305851 0.999999762 -0.000533964 -0.070085138 -0.000236264 0.000534034 0.999999821 4.625920296
0.999999404 0.000746921 0.000774457 -0.018210934 -0.000747037 0.999999642 0.000148935 -0.071082108 -0.000774346 -0.000149513 0.999999702 4.657371998
0.999998510 -0.001474358 0.000877393 -0.018598877 0.001473762 0.999998748 0.000679202 -0.071644299 -0.000878393 -0.000677908 0.999999344 4.691976070
0.999985635 -0.005157161 0.001464592 -0.019585319 0.005155459 0.999985933 0.001164025 -0.072499581 -0.001470575 -0.001156458 0.999998271 4.724713326
0.999969542 -0.007627054 0.001628062 -0.018751366 0.007624628 0.999969840 0.001490669 -0.072671838 -0.001639382 -0.001478211 0.999997616 4.760480404
0.999924302 -0.012172206 0.001746711 -0.018321432 0.012166084 0.999919951 0.003473399 -0.073290497 -0.001788849 -0.003451886 0.999992371 4.795461178
0.999886155 -0.014937806 0.002112719 -0.018536074 0.014930858 0.999883115 0.003268497 -0.073582977 -0.002161297 -0.003236580 0.999992371 4.830121040
0.999912262 -0.013053485 0.002227009 -0.018812291 0.013056107 0.999914050 -0.001166682 -0.073989332 -0.002211588 0.001195655 0.999996841 4.864614010
0.999978125 -0.006006981 0.002771808 -0.018649485 0.006022334 0.999966323 -0.005563833 -0.075151041 -0.002738293 0.005580404 0.999980688 4.897529602
0.999978364 0.004859649 0.004430070 -0.018936206 -0.004831381 0.999967992 -0.006369455 -0.075607464 -0.004460881 0.006347913 0.999969840 4.932679176
0.999899209 0.013059754 0.005568954 -0.019330088 -0.013043907 0.999910772 -0.002872336 -0.076228470 -0.005605970 0.002799406 0.999980330 4.966780186
0.999881327 0.013881108 0.006673258 -0.019675296 -0.013876366 0.999903440 -0.000756516 -0.076672152 -0.006683114 0.000663826 0.999977410 5.000815392
0.999895751 0.012812871 0.006663469 -0.020198349 -0.012809686 0.999917805 -0.000520748 -0.077283405 -0.006669594 0.000435336 0.999977708 5.036660194
0.999954343 0.008294811 0.004749279 -0.019306347 -0.008293621 0.999965489 -0.000270405 -0.077921428 -0.004751358 0.000231004 0.999988675 5.071578503
0.999974489 0.006015873 0.003836686 -0.019128466 -0.006012864 0.999981523 -0.000795281 -0.078448653 -0.003841400 0.000772191 0.999992311 5.106869221
0.999969125 0.006984914 0.003581716 -0.019610908 -0.006979459 0.999974430 -0.001533210 -0.079003543 -0.003592334 0.001508165 0.999992371 5.141234875
0.999961078 0.008054245 0.003625890 -0.019613612 -0.008049102 0.999966621 -0.001431044 -0.079645969 -0.003637295 0.001401803 0.999992371 5.176208973
0.999952435 0.009210016 0.003182152 -0.019820211 -0.009208918 0.999957502 -0.000359544 -0.080271311 -0.003185328 0.000330222 0.999994874 5.212182045
0.999965847 0.007779857 0.002751421 -0.019592363 -0.007777852 0.999969542 -0.000738643 -0.080980949 -0.002757083 0.000717218 0.999995947 5.247247696
0.999961793 0.008311081 0.002704689 -0.019954350 -0.008306193 0.999963880 -0.001814050 -0.081859879 -0.002719667 0.001791515 0.999994695 5.282605171
0.999962866 0.008282728 0.002356834 -0.020223027 -0.008277275 0.999963045 -0.002315093 -0.082082994 -0.002375921 0.002295499 0.999994516 5.318779469
0.999962926 0.008385240 0.001981773 -0.020371921 -0.008379976 0.999961376 -0.002649328 -0.082523555 -0.002003912 0.002632622 0.999994516 5.353759766
0.999958754 0.008980367 0.001354481 -0.019990414 -0.008976345 0.999955297 -0.002947316 -0.083154090 -0.001380888 0.002935036 0.999994755 5.389863014
0.999958694 0.008907395 0.001758959 -0.020731028 -0.008902512 0.999956548 -0.002764128 -0.084040441 -0.001783505 0.002748354 0.999994636 5.424958706
0.999949396 0.010035959 0.000530217 -0.020273799 -0.010033779 0.999941766 -0.003968998 -0.084032230 -0.000570019 0.003963478 0.999992013 5.461531162
0.999952435 0.009668970 0.001169909 -0.021360520 -0.009664710 0.999946833 -0.003594212 -0.085298829 -0.001204600 0.003582735 0.999992907 5.497140884
0.999948144 0.010174278 0.000406379 -0.020993430 -0.010172925 0.999943137 -0.003204000 -0.086046211 -0.000438954 0.003199700 0.999994755 5.532526970
0.999955773 0.009396038 0.000403856 -0.021137092 -0.009394474 0.999948978 -0.003715742 -0.086505450 -0.000438748 0.003711783 0.999993026 5.568961143
0.999969661 0.007768766 -0.000585860 -0.020487841 -0.007770828 0.999963343 -0.003605699 -0.087435126 0.000557827 0.003610142 0.999993324 5.605885983
0.999979675 0.006361811 0.000201242 -0.021191390 -0.006361070 0.999973655 -0.003491741 -0.087993026 -0.000223451 0.003490390 0.999993861 5.641273975
0.999984145 0.005604400 0.000632387 -0.021462552 -0.005602625 0.999980450 -0.002774867 -0.088713914 -0.000647926 0.002771280 0.999995947 5.677240372
0.999983728 0.005650235 0.000721086 -0.021746524 -0.005648474 0.999981105 -0.002421077 -0.089528203 -0.000734752 0.002416966 0.999996781 5.713542938
0.999981105 0.005985614 0.001422120 -0.022319440 -0.005981052 0.999976993 -0.003191850 -0.090183668 -0.001441192 0.003183283 0.999993801 5.749817848
0.999990523 0.004320347 0.000522929 -0.022163568 -0.004318230 0.999982655 -0.003983452 -0.090328068 -0.000540130 0.003981156 0.999991953 5.787889957
0.999977291 0.006633659 0.001171691 -0.022482235 -0.006629055 0.999970436 -0.003889509 -0.090928175 -0.001197458 0.003881653 0.999991775 5.824508190
0.999968350 0.007843903 0.001326737 -0.021931991 -0.007842034 0.999968290 -0.001408102 -0.091811597 -0.001337740 0.001397652 0.999998152 5.861469746
0.999978006 0.006477911 0.001402833 -0.021830197 -0.006476711 0.999978662 -0.000858126 -0.092306532 -0.001408362 0.000849021 0.999998629 5.897742271
0.999975383 0.006823880 0.001644592 -0.021805070 -0.006819256 0.999972880 -0.002800781 -0.092739627 -0.001663660 0.002789497 0.999994636 5.934283733
0.999974310 0.006778468 0.002306913 -0.021741811 -0.006769688 0.999969959 -0.003792961 -0.093565017 -0.002332554 0.003777247 0.999990106 5.970356941
0.999963462 0.008035712 0.002896374 -0.022393322 -0.008026286 0.999962509 -0.003251818 -0.094662808 -0.002922396 0.003228451 0.999990463 6.008885384
0.999970496 0.007285758 0.002428551 -0.022303665 -0.007280361 0.999970973 -0.002224141 -0.095210001 -0.002444686 0.002206395 0.999994576 6.044310093
0.999972403 0.007349438 0.001119297 -0.021732666 -0.007347745 0.999971867 -0.001508365 -0.096236743 -0.001130351 0.001500099 0.999998271 6.081985474
0.999971807 0.007351061 0.001533688 -0.022378344 -0.007349781 0.999972641 -0.000838174 -0.097155780 -0.001539808 0.000826878 0.999998450 6.118360996
0.999959409 0.008634467 0.002559788 -0.023169443 -0.008630586 0.999961555 -0.001523284 -0.097415999 -0.002572842 0.001501129 0.999995530 6.155133247
0.999946177 0.010020000 0.002693319 -0.023403468 -0.010016408 0.999948859 -0.001343947 -0.097938545 -0.002706648 0.001316897 0.999995470 6.190900803
0.999941945 0.010706411 0.001298893 -0.022826925 -0.010704496 0.999941647 -0.001472367 -0.098458529 -0.001314581 0.001458377 0.999998093 6.228717327
0.999952316 0.009543537 0.002082308 -0.023360079 -0.009542312 0.999954283 -0.000597178 -0.099425830 -0.002087912 0.000577279 0.999997675 6.264630795
0.999974847 0.006771875 0.002081217 -0.023725040 -0.006771841 0.999977052 -0.000023230 -0.100042954 -0.002081326 0.000009135 0.999997854 6.302109241
0.999985337 0.005085790 0.001859398 -0.023703434 -0.005085749 0.999987066 -0.000027029 -0.100432068 -0.001859512 0.000017572 0.999998331 6.339437485
0.999993682 0.003256166 0.001472759 -0.023804808 -0.003255080 0.999994457 -0.000739472 -0.101007350 -0.001475159 0.000734673 0.999998689 6.376769066
0.999997735 0.001039049 0.001856559 -0.024194755 -0.001036494 0.999998510 -0.001376687 -0.101562463 -0.001857986 0.001374760 0.999997258 6.412752628
0.999996662 -0.000029878 0.002599061 -0.024452923 0.000029496 1.000000119 0.000146692 -0.102140374 -0.002599066 -0.000146615 0.999996543 6.449717045
0.999995530 -0.002448649 0.001711149 -0.023795538 0.002445581 0.999995351 0.001792505 -0.102828294 -0.001715530 -0.001788312 0.999996901 6.486299038
0.999988258 -0.003730104 0.003084681 -0.024644976 0.003725769 0.999992013 0.001409892 -0.103340469 -0.003089915 -0.001398382 0.999994278 6.522515297
0.999987960 -0.002259146 0.004373844 -0.025220776 0.002261206 0.999997377 -0.000466165 -0.103664048 -0.004372779 0.000476049 0.999990344 6.559458733
0.999987841 -0.002186720 0.004431729 -0.025097627 0.002192040 0.999996901 -0.001195867 -0.104089990 -0.004429101 0.001205567 0.999989510 6.596117496
0.999987125 -0.001628369 0.004829391 -0.024689145 0.001629727 0.999998629 -0.000277230 -0.105010502 -0.004828932 0.000285097 0.999988317 6.632598877
0.999982417 0.001951903 0.005602831 -0.024788652 -0.001942453 0.999996662 -0.001691434 -0.105288818 -0.005606114 0.001680521 0.999982893 6.670159817
0.999967515 0.001872787 0.007839014 -0.025875825 -0.001861827 0.999997318 -0.001405175 -0.106052548 -0.007841623 0.001390534 0.999968350 6.707841873
0.999962568 0.002671008 0.008220084 -0.024904083 -0.002665365 0.999996126 -0.000697337 -0.107369229 -0.008221915 0.000675402 0.999965906 6.741899490
0.999926686 0.006363573 0.010296203 -0.024606898 -0.006360370 0.999979675 -0.000343701 -0.109068677 -0.010298181 0.000278188 0.999946892 6.775896549
0.999943554 0.005560531 0.009054774 -0.023186114 -0.005545088 0.999983072 -0.001729806 -0.109463543 -0.009064240 0.001679499 0.999957502 6.814250946
0.999943793 0.002303570 0.010347972 -0.023781121 -0.002292813 0.999996841 -0.001051292 -0.109569483 -0.010350361 0.001027507 0.999945819 6.851739407
0.999920070 0.001932858 0.012499878 -0.024512827 -0.001914762 0.999997139 -0.001459541 -0.109688044 -0.012502662 0.001435490 0.999920785 6.888083458
0.999929547 0.001095471 0.011812526 -0.023528904 -0.001093886 0.999999344 -0.000140600 -0.110676631 -0.011812673 0.000127669 0.999930143 6.924911499
0.999932528 -0.000325238 0.011606070 -0.023074888 0.000353203 0.999997079 -0.002407579 -0.111373939 -0.011605254 0.002411516 0.999929726 6.962014198
0.999928057 -0.002190452 0.011787982 -0.023407616 0.002243393 0.999987483 -0.004479776 -0.112053066 -0.011778021 0.004505899 0.999920487 6.997945309
0.999946475 -0.000559115 0.010326619 -0.022461936 0.000605024 0.999990046 -0.004443154 -0.113214232 -0.010324031 0.004449164 0.999936759 7.035984039
0.999952912 -0.001840618 0.009524736 -0.022144608 0.001882119 0.999988735 -0.004350040 -0.114085257 -0.009516623 0.004367761 0.999945164 7.072446346
0.999960721 -0.001780120 0.008674985 -0.022096299 0.001826716 0.999983966 -0.005366384 -0.114887685 -0.008665292 0.005382020 0.999947965 7.109696865
0.999963522 -0.001083809 0.008470122 -0.022440184 0.001128941 0.999985158 -0.005325422 -0.115705535 -0.008464223 0.005334789 0.999949932 7.147691727
0.999972403 -0.002313527 0.007064231 -0.021780603 0.002348265 0.999985158 -0.004913176 -0.116270795 -0.007052759 0.004929628 0.999962926 7.184648514
0.999978006 -0.003149001 0.005825452 -0.020877369 0.003179455 0.999981225 -0.005225698 -0.116624139 -0.005808887 0.005244105 0.999969363 7.221879959
0.999983847 -0.001664638 0.005437401 -0.021795530 0.001683509 0.999992549 -0.003467867 -0.117748529 -0.005431589 0.003476965 0.999979198 7.258981228
0.999988556 -0.000361614 0.004770864 -0.022122458 0.000369949 0.999998331 -0.001746347 -0.118605144 -0.004770224 0.001748092 0.999987125 7.293580532
0.999985456 0.000108789 0.005401255 -0.021582786 -0.000096599 0.999997377 -0.002257005 -0.118457392 -0.005401487 0.002256450 0.999982893 7.331302166
0.999978125 0.001071962 0.006529569 -0.021687981 -0.001056852 0.999996722 -0.002317000 -0.119775519 -0.006532031 0.002310048 0.999975979 7.370801449
0.999975383 -0.000732827 0.006989015 -0.021317888 0.000753561 0.999995291 -0.002964527 -0.120349273 -0.006986809 0.002969719 0.999971151 7.408968925
0.999971390 -0.001813887 0.007338967 -0.021549173 0.001841087 0.999991417 -0.003701151 -0.120959714 -0.007332190 0.003714557 0.999966204 7.445845127
0.999963522 -0.003311442 0.007877352 -0.021373071 0.003356460 0.999978065 -0.005708492 -0.121839464 -0.007858275 0.005734724 0.999952674 7.483667850
0.999963999 -0.004057053 0.007448778 -0.020726420 0.004110653 0.999965668 -0.007194647 -0.121982872 -0.007419333 0.007225008 0.999946415 7.521601677
0.999980152 -0.002538937 0.005771117 -0.021423396 0.002583183 0.999967158 -0.007672278 -0.123339564 -0.005751448 0.007687033 0.999953926 7.560249329
0.999991238 -0.001673570 0.003834030 -0.021625051 0.001700785 0.999973297 -0.007106056 -0.124098435 -0.003822035 0.007112516 0.999967456 7.598112583
0.999995589 -0.000022492 0.002996696 -0.021126103 0.000034156 0.999992371 -0.003892169 -0.124878399 -0.002996586 0.003892255 0.999987960 7.636668205
0.999990880 -0.001541413 0.003983800 -0.021633755 0.001545480 0.999998271 -0.001017871 -0.125442848 -0.003982225 0.001024019 0.999991477 7.675705433
0.999989092 -0.002631845 0.003840490 -0.021304661 0.002633423 0.999996424 -0.000405751 -0.126093298 -0.003839408 0.000415861 0.999992490 7.715264797
0.999985158 -0.003184221 0.004400910 -0.021734010 0.003191612 0.999993443 -0.001673555 -0.126584068 -0.004395552 0.001687577 0.999988854 7.751931190
0.999978483 -0.004367470 0.004900671 -0.021640312 0.004376500 0.999988735 -0.001833512 -0.127203137 -0.004892608 0.001854920 0.999986291 7.790297508
0.999974430 -0.003721505 0.006111346 -0.022631347 0.003732463 0.999991357 -0.001782624 -0.127672091 -0.006104659 0.001805389 0.999979734 7.827777863
0.999969840 -0.003213335 0.007090534 -0.022796843 0.003226611 0.999993026 -0.001861611 -0.128737256 -0.007084503 0.001884433 0.999973059 7.865242004
0.999972165 -0.003324416 0.006669199 -0.022127293 0.003339724 0.999991775 -0.002285369 -0.129527599 -0.006661546 0.002307579 0.999975085 7.905748844
0.999968648 -0.001826911 0.007699327 -0.022679485 0.001855718 0.999991238 -0.003735913 -0.129654408 -0.007692434 0.003750084 0.999963343 7.943849564
0.999963284 -0.001906069 0.008352578 -0.022170536 0.001922296 0.999996305 -0.001935135 -0.130654812 -0.008348858 0.001951120 0.999963224 7.981958866
0.999950945 -0.005168413 0.008451954 -0.022153519 0.005167685 0.999986589 0.000108128 -0.131911293 -0.008452402 -0.000064446 0.999964297 8.020118713
0.999956489 -0.005993843 0.007143435 -0.020752359 0.006008652 0.999979794 -0.002053448 -0.131664187 -0.007130983 0.002096281 0.999972343 8.060522079
0.999953866 -0.003666773 0.008871861 -0.022336133 0.003681605 0.999991775 -0.001656138 -0.133163378 -0.008865716 0.001688725 0.999959350 8.097181320
0.999963224 -0.002801451 0.008109379 -0.021684460 0.002828835 0.999990344 -0.003367403 -0.133958638 -0.008099868 0.003390218 0.999961436 8.135983467
0.999973774 0.000431716 0.007232044 -0.021289602 -0.000380121 0.999974489 -0.007134055 -0.134193689 -0.007234940 0.007131117 0.999948442 8.174207687
0.999972999 0.001331048 0.007220548 -0.021603353 -0.001284185 0.999978125 -0.006491119 -0.135110274 -0.007229031 0.006481670 0.999952793 8.211568832
0.999984205 0.001951196 0.005256626 -0.021173924 -0.001938797 0.999995351 -0.002362619 -0.136543751 -0.005261211 0.002352390 0.999983370 8.250542641
0.999987185 0.002482225 0.004397043 -0.021208182 -0.002485213 0.999996662 0.000674020 -0.137443781 -0.004395355 -0.000684938 0.999990046 8.288086891
0.999988675 0.003497583 0.003228836 -0.021458238 -0.003494310 0.999993324 -0.001018579 -0.137910455 -0.003232377 0.001007285 0.999994278 8.326658249
0.999992967 0.003366363 0.001672032 -0.021672983 -0.003361454 0.999989986 -0.002930530 -0.138402209 -0.001681881 0.002924889 0.999994338 8.364318848
0.999998271 0.001611555 -0.000950390 -0.021503184 -0.001612326 0.999998391 -0.000811676 -0.139508143 0.000949081 0.000813207 0.999999225 8.402657509
0.999997973 0.000105694 -0.001974980 -0.021344695 -0.000106027 0.999999940 -0.000168572 -0.140666932 0.001974962 0.000168781 0.999998033 8.439812660
0.999997795 0.000142020 -0.002097196 -0.021466384 -0.000143553 0.999999702 -0.000730622 -0.141716748 0.002097092 0.000730921 0.999997497 8.477489471
0.999996960 -0.000309245 -0.002462125 -0.021904418 0.000303061 0.999996781 -0.002511631 -0.141781449 0.002462894 0.002510877 0.999993801 8.515249252
0.999998748 0.000010812 -0.001573233 -0.023221673 -0.000014284 0.999997497 -0.002206875 -0.142835408 0.001573206 0.002206894 0.999996305 8.552052498
0.999997973 -0.001475964 -0.001317801 -0.023830593 0.001473363 0.999996960 -0.001972051 -0.143771559 0.001320708 0.001970105 0.999997199 8.589428902
0.999997437 -0.001739914 -0.001434068 -0.023955341 0.001736762 0.999996006 -0.002196123 -0.144771874 0.001437884 0.002193627 0.999996543 8.627171516
0.999998391 -0.001105837 -0.001396869 -0.024146449 0.001101514 0.999994576 -0.003091707 -0.145378202 0.001400280 0.003090163 0.999994218 8.665275574
0.999995410 -0.002629686 -0.001541347 -0.024373062 0.002625168 0.999992311 -0.002926151 -0.145901754 0.001549030 0.002922091 0.999994457 8.703569412
0.999993026 -0.002815898 -0.002428749 -0.024038183 0.002805866 0.999987543 -0.004124003 -0.146564037 0.002440332 0.004117160 0.999988437 8.741462708
0.999992788 -0.003125951 -0.002119136 -0.024206154 0.003115696 0.999983430 -0.004825382 -0.147860065 0.002134185 0.004818744 0.999986053 8.778878212
0.999980450 -0.005594038 -0.002764042 -0.023925245 0.005584803 0.999978840 -0.003337444 -0.148418590 0.002782654 0.003321942 0.999990642 8.817135811
0.999980688 -0.006055044 -0.001338892 -0.025277330 0.006051007 0.999977171 -0.002999388 -0.148924783 0.001357023 0.002991229 0.999994636 8.854737282
0.999970734 -0.007330031 -0.002247271 -0.024855487 0.007322157 0.999967098 -0.003492526 -0.149987176 0.002272798 0.003475969 0.999991357 8.892566681
0.999981880 -0.005650368 -0.002077121 -0.025192183 0.005642521 0.999976993 -0.003765090 -0.150772810 0.002098347 0.003753301 0.999990761 8.930346489
0.999989212 -0.004457765 -0.001278650 -0.025668897 0.004453629 0.999984920 -0.003219057 -0.151479259 0.001292981 0.003213328 0.999994040 8.967768669
0.999993563 -0.003427895 -0.001067395 -0.025755920 0.003425407 0.999991417 -0.002324185 -0.152345121 0.001075353 0.002320513 0.999996722 9.005105019
0.999998212 -0.001854348 0.000122027 -0.026617616 0.001854779 0.999991655 -0.003631230 -0.152706444 -0.000115292 0.003631450 0.999993384 9.042739868
0.999995172 -0.003063547 -0.000496578 -0.026328515 0.003061910 0.999989986 -0.003263195 -0.153988987 0.000506570 0.003261659 0.999994576 9.080198288
0.999994159 -0.003395743 -0.000499551 -0.026458789 0.003393796 0.999986827 -0.003848583 -0.154548854 0.000512613 0.003846866 0.999992490 9.118236542
0.999995828 -0.002898023 -0.000305029 -0.026785245 0.002896858 0.999988794 -0.003751494 -0.155401126 0.000315898 0.003750594 0.999992907 9.155783653
0.999995172 -0.002994959 0.000855336 -0.027387731 0.002998280 0.999987960 -0.003908534 -0.155949742 -0.000843619 0.003911080 0.999992013 9.193697929
0.999996603 -0.001957294 0.001725377 -0.027895402 0.001961562 0.999994993 -0.002475332 -0.156800047 -0.001720523 0.002478708 0.999995410 9.230843544
0.999989986 0.000761395 0.004436393 -0.029281799 -0.000744643 0.999992609 -0.003776368 -0.157284245 -0.004439236 0.003773027 0.999983013 9.268062592
0.999994040 0.002708145 0.002190262 -0.028001463 -0.002698322 0.999986351 -0.004475514 -0.158392876 -0.002202352 0.004469577 0.999987602 9.306101799
0.999994636 0.002851188 0.001645146 -0.027942460 -0.002842720 0.999982834 -0.005127081 -0.158709258 -0.001659736 0.005122377 0.999985516 9.343457222
0.999991000 0.003275110 0.002692078 -0.028139556 -0.003265399 0.999988198 -0.003604158 -0.159818515 -0.002703851 0.003595335 0.999989867 9.380751610
0.999976814 0.005766013 0.003616531 -0.028565362 -0.005750031 0.999973774 -0.004414355 -0.160149589 -0.003641889 0.004393458 0.999983668 9.418534279
