0.999999821 -0.000549416 -0.000245177 -0.000193084 0.000549820 0.999998510 0.001651174 -0.000516304 0.000244270 -0.001651308 0.999998629 0.034388635
0.999998271 -0.001791521 -0.000483186 -0.000377634 0.001792297 0.999997079 0.001611120 -0.001031852 0.000480298 -0.001611983 0.999998569 0.068534479
0.999994516 -0.003233954 -0.000675061 -0.000406957 0.003234368 0.999994516 0.000613116 -0.001452128 0.000673074 -0.000615296 0.999999583 0.102736481
0.999992847 -0.003773027 -0.000588369 -0.000535468 0.003773484 0.999992549 0.000776680 -0.002049829 0.000585434 -0.000778895 0.999999523 0.136951834
0.999990046 -0.004385411 -0.000773044 -0.000514135 0.004386632 0.999989092 0.001585553 -0.002521940 0.000766082 -0.001588929 0.999998450 0.171671972
0.999983370 -0.005739226 -0.000378051 -0.000794652 0.005740321 0.999979138 0.002958192 -0.003093140 0.000361065 -0.002960313 0.999995530 0.205832645
0.999986172 -0.005225911 -0.000404813 -0.000965376 0.005227288 0.999980271 0.003477706 -0.003540624 0.000386631 -0.003479774 0.999993801 0.240910143
0.999989212 -0.004544296 -0.000989977 -0.001107944 0.004545812 0.999988437 0.001533852 -0.004065567 0.000982995 -0.001538336 0.999998271 0.275243044
0.999998748 -0.001100993 -0.001170627 -0.001441279 0.001100045 0.999999046 -0.000810403 -0.004511255 0.001171518 0.000809114 0.999998987 0.310885221
0.999998629 0.001522828 -0.000683932 -0.001797854 -0.001523736 0.999997973 -0.001328996 -0.005256767 0.000681907 0.001330036 0.999998868 0.345002443
0.999990702 0.004290149 -0.000546434 -0.002148666 -0.004290871 0.999989927 -0.001327908 -0.005982197 0.000540732 0.001330241 0.999998987 0.380891830
0.999986947 0.005078322 -0.000558272 -0.002410132 -0.005078705 0.999986887 -0.000688692 -0.006345144 0.000554767 0.000691518 0.999999583 0.414738238
0.999995887 0.002642950 -0.001144302 -0.002066931 -0.002640676 0.999994576 0.001984258 -0.006867499 0.001149540 -0.001981228 0.999997377 0.450837076
0.999998212 -0.001778781 -0.000507993 -0.002363370 0.001780872 0.999989808 0.004145721 -0.007513040 0.000500613 -0.004146619 0.999991298 0.485407174
0.999991059 -0.004171466 -0.000633291 -0.002553994 0.004172543 0.999989808 0.001708441 -0.008088486 0.000626158 -0.001711068 0.999998391 0.521519184
0.999987125 -0.005069732 -0.000582435 -0.002640333 0.005069561 0.999987125 -0.000292962 -0.008452851 0.000583913 0.000290006 0.999999762 0.556010544
0.999996364 -0.002723904 -0.000122631 -0.003100434 0.002723600 0.999993443 -0.002409534 -0.008782294 0.000129193 0.002409191 0.999997079 0.591774404
0.999999702 -0.000119326 0.000654293 -0.003101788 0.000119348 0.999999940 -0.000034523 -0.009472296 -0.000654288 0.000034601 0.999999762 0.627397776
0.999999225 0.000558977 0.001032498 -0.003357284 -0.000562791 0.999992967 0.003697480 -0.010208964 -0.001030424 -0.003698058 0.999992609 0.663925827
0.999996245 -0.001910708 0.001958611 -0.003581809 0.001900056 0.999983490 0.005425826 -0.010293216 -0.001968946 -0.005422084 0.999983311 0.698677003
0.999976277 -0.006633963 0.001829189 -0.004066466 0.006627977 0.999972761 0.003259036 -0.010573172 -0.001850759 -0.003246835 0.999992967 0.734486520
0.999980330 -0.006116376 0.001386018 -0.003543296 0.006114100 0.999979973 0.001639880 -0.011380346 -0.001396021 -0.001631374 0.999997675 0.770181179
0.999981761 -0.005472955 0.002551671 -0.004208479 0.005476999 0.999983847 -0.001580516 -0.011657597 -0.002542980 0.001594463 0.999995470 0.806617320
0.999990702 -0.003128505 0.002967297 -0.003948754 0.003133621 0.999993622 -0.001721032 -0.012554371 -0.002961894 0.001730315 0.999994099 0.842290521
0.999991298 -0.002560355 0.003289292 -0.004260548 0.002572304 0.999990106 -0.003633532 -0.013280811 -0.003279957 0.003641962 0.999988019 0.878391743
0.999993622 -0.001610374 0.003190428 -0.004171527 0.001620245 0.999993920 -0.003093812 -0.013988853 -0.003185427 0.003098961 0.999990165 0.915044725
0.999995470 -0.001015613 0.002828151 -0.003932468 0.001021714 0.999997139 -0.002156421 -0.014403469 -0.002825954 0.002159301 0.999993682 0.950965822
0.999996066 -0.000190374 0.002801803 -0.004572115 0.000193063 0.999999523 -0.000959366 -0.014648457 -0.002801619 0.000959904 0.999995708 0.987397671
0.999994516 0.002168743 0.002505963 -0.004395711 -0.002168607 0.999997616 -0.000056886 -0.015444918 -0.002506080 0.000051451 0.999996901 1.023487091
0.999981523 0.005285481 0.002999887 -0.004513766 -0.005283930 0.999985814 -0.000524684 -0.016372744 -0.003002618 0.000508823 0.999995351 1.060360909
0.999962628 0.008034712 0.003157769 -0.004827229 -0.008034125 0.999967635 -0.000198505 -0.017010106 -0.003159262 0.000173128 0.999995053 1.097396135
0.999965489 0.007920041 0.002508137 -0.004910509 -0.007920348 0.999968588 0.000112264 -0.017801780 -0.002507169 -0.000132125 0.999996841 1.134097576
0.999974608 0.006923415 0.001692462 -0.004559605 -0.006923109 0.999976039 -0.000185635 -0.018152582 -0.001693707 0.000173913 0.999998569 1.171428680
0.999984086 0.005561734 0.000993674 -0.004706793 -0.005561314 0.999984443 -0.000424066 -0.018810358 -0.000996017 0.000418533 0.999999464 1.207834840
0.999985933 0.005305439 0.000186544 -0.005152134 -0.005305437 0.999985993 -0.000013017 -0.019484863 -0.000186610 0.000012027 1.000000000 1.244326711
0.999982655 0.005830812 -0.000807054 -0.005205379 -0.005830408 0.999982893 0.000501810 -0.019860253 0.000809966 -0.000497096 0.999999523 1.281174898
0.999974787 0.006906256 -0.001622848 -0.005583458 -0.006905777 0.999976158 0.000300114 -0.020377912 0.001624882 -0.000288900 0.999998629 1.318367720
0.999974310 0.006655790 -0.002657348 -0.006093328 -0.006653885 0.999977529 0.000725224 -0.021119952 0.002662115 -0.000707523 0.999996245 1.355534196
0.999977648 0.005438617 -0.003884034 -0.006359345 -0.005432236 0.999983847 0.001651700 -0.021780279 0.003892954 -0.001630564 0.999991119 1.391640663
0.999978721 0.004065247 -0.005109251 -0.006428581 -0.004051650 0.999988258 0.002668708 -0.022445798 0.005120041 -0.002647951 0.999983430 1.428705454
0.999985456 0.002850077 -0.004569185 -0.007659916 -0.002840539 0.999993742 0.002092552 -0.022533381 0.004575121 -0.002079543 0.999987364 1.466785192
0.999983132 0.000328636 -0.005819927 -0.007064979 -0.000317888 0.999998212 0.001847595 -0.023440905 0.005820524 -0.001845714 0.999981344 1.503579259
0.999978065 -0.001777810 -0.006398310 -0.007283106 0.001789959 0.999996603 0.001893510 -0.024016717 0.006394923 -0.001904920 0.999977708 1.540905476
0.999978542 -0.001319194 -0.006411522 -0.007161082 0.001335050 0.999996126 0.002469339 -0.024510533 0.006408240 -0.002477846 0.999976397 1.578795791
0.999976695 -0.004424435 -0.005204314 -0.008402810 0.004444270 0.999982893 0.003805953 -0.025067389 0.005187384 -0.003828994 0.999979198 1.613289118
0.999968588 -0.006665356 -0.004315095 -0.008877943 0.006681308 0.999970913 0.003693143 -0.025761351 0.004290353 -0.003721857 0.999983907 1.650323391
0.999971688 -0.006312700 -0.004085858 -0.008906987 0.006325073 0.999975502 0.003022668 -0.026739448 0.004066676 -0.003048426 0.999987066 1.685871840
0.999973536 -0.006329949 -0.003590054 -0.009761717 0.006337173 0.999977887 0.002004670 -0.026357196 0.003577285 -0.002027368 0.999991536 1.722828865
0.999978662 -0.005928030 -0.002758212 -0.008550704 0.005931408 0.999981701 0.001218382 -0.024910506 0.002750939 -0.001234716 0.999995530 1.753573418
0.999994516 -0.002973227 -0.001435320 -0.010370019 0.002978838 0.999987900 0.003923121 -0.027616579 0.001423637 -0.003927375 0.999991298 1.786688328
0.999999046 0.000497888 -0.001288555 -0.011255490 -0.000492288 0.999990404 0.004343193 -0.027610768 0.001290705 -0.004342553 0.999989748 1.831853986
0.999987245 0.004977156 -0.000905541 -0.011264861 -0.004973258 0.999978542 0.004257849 -0.028314024 0.000926713 -0.004253291 0.999990523 1.870370269
0.999960721 0.008875216 0.000269736 -0.012117566 -0.008876334 0.999950647 0.004468390 -0.028671112 -0.000230065 -0.004470609 0.999989986 1.904277682
0.999933183 0.011526739 0.000942873 -0.012534944 -0.011530464 0.999925375 0.004046773 -0.029477596 -0.000896157 -0.004057375 0.999991417 1.940644383
0.999891400 0.014606539 0.001993377 -0.013192935 -0.014612493 0.999888718 0.003006185 -0.029390134 -0.001949245 -0.003034988 0.999993503 1.976771593
0.999900818 0.014037345 0.001164467 -0.011450466 -0.014041856 0.999893486 0.003963756 -0.029927684 -0.001108703 -0.003979714 0.999991477 2.012294769
0.999920011 0.012536238 0.001680988 -0.012382090 -0.012543330 0.999912202 0.004277842 -0.031401314 -0.001627212 -0.004298586 0.999989450 2.049320459
0.999928534 0.011909381 0.001022537 -0.011875014 -0.011912145 0.999925196 0.002740320 -0.031391706 -0.000989825 -0.002752305 0.999995708 2.083869934
0.999939620 0.010945073 0.001002469 -0.012395503 -0.010947566 0.999936819 0.002514428 -0.031295624 -0.000974885 -0.002525251 0.999996364 2.121336937
0.999929905 0.011835727 0.000358691 -0.012156211 -0.011836453 0.999927700 0.002101552 -0.031741481 -0.000333792 -0.002105650 0.999997735 2.157908678
0.999935508 0.011344329 0.000703713 -0.013018479 -0.011345657 0.999933779 0.001913598 -0.032595199 -0.000681958 -0.001921459 0.999997914 2.192752600
0.999946833 0.010286741 -0.000677369 -0.013031540 -0.010284796 0.999943078 0.002816658 -0.033147555 0.000706305 -0.002809542 0.999995828 2.228364229
0.999947429 0.010120139 -0.001635982 -0.012798952 -0.010113512 0.999940813 0.004010604 -0.034285538 0.001676473 -0.003993848 0.999990642 2.263205528
0.999957025 0.009020984 -0.002118851 -0.013719478 -0.009011999 0.999950469 0.004213026 -0.034402791 0.002156752 -0.004193750 0.999988914 2.299141169
0.999976277 0.005875066 -0.003592556 -0.014381559 -0.005858515 0.999972284 0.004600216 -0.034483172 0.003619483 -0.004579059 0.999982953 2.335060835
0.999983728 0.003203743 -0.004702932 -0.013989999 -0.003180177 0.999982417 0.005009857 -0.035209265 0.004718899 -0.004994820 0.999976337 2.370223284
0.999985754 0.002261033 -0.004831519 -0.014685471 -0.002237998 0.999986112 0.004767747 -0.035969187 0.004842231 -0.004756866 0.999976933 2.405227423
0.999988019 0.001818718 -0.004552154 -0.015167928 -0.001800692 0.999990523 0.003960885 -0.036250696 0.004559315 -0.003952641 0.999981761 2.439458847
0.999986410 0.002496421 -0.004596659 -0.015684407 -0.002480216 0.999990761 0.003527661 -0.037104230 0.004605422 -0.003516212 0.999983132 2.474657297
0.999985695 0.001353649 -0.005175191 -0.015637616 -0.001337440 0.999994159 0.003134281 -0.037457552 0.005179403 -0.003127315 0.999981701 2.510311604
0.999985695 0.002052929 -0.004949210 -0.015778994 -0.002042277 0.999995530 0.002156453 -0.037742481 0.004953615 -0.002146314 0.999985456 2.544757128
0.999981403 0.003625494 -0.004902421 -0.016437883 -0.003613749 0.999990582 0.002402688 -0.038459565 0.004911086 -0.002384927 0.999985099 2.580130339
0.999980927 0.003398358 -0.005143813 -0.016477922 -0.003375458 0.999984384 0.004454126 -0.039025590 0.005158870 -0.004436679 0.999976873 2.614923477
0.999975801 0.005483026 -0.004286307 -0.017317057 -0.005460131 0.999970794 0.005335360 -0.039709158 0.004315437 -0.005311827 0.999976575 2.649905443
0.999976933 0.005355658 -0.004192407 -0.017492941 -0.005342577 0.999980807 0.003125565 -0.039896522 0.004209067 -0.003103095 0.999986291 2.683782101
0.999979436 0.004769456 -0.004285825 -0.017846335 -0.004762466 0.999987304 0.001639580 -0.040837001 0.004293591 -0.001619135 0.999989450 2.718632460
0.999982119 0.004018747 -0.004440785 -0.018400500 -0.004016235 0.999991715 0.000574735 -0.041445870 0.004443059 -0.000556889 0.999989986 2.753185987
0.999987364 0.002589037 -0.004309292 -0.018271100 -0.002583107 0.999995708 0.001381271 -0.041825924 0.004312850 -0.001370122 0.999989748 2.788001060
0.999991715 -0.000463633 -0.004043652 -0.018466704 0.000481195 0.999990463 0.004343324 -0.042936064 0.004041599 -0.004345234 0.999982417 2.822747231
0.999993920 -0.001821503 -0.002981386 -0.018866330 0.001834471 0.999988854 0.004352654 -0.043016952 0.002973424 -0.004358096 0.999986053 2.857120275
0.999996960 -0.001912365 -0.001562988 -0.019590290 0.001916048 0.999995410 0.002358117 -0.043251209 0.001558471 -0.002361104 0.999996066 2.891218901
0.999998689 -0.000173456 -0.001564005 -0.019156583 0.000173669 1.000000000 0.000135845 -0.043851964 0.001563982 -0.000136117 0.999998689 2.925722837
0.999997854 0.002013417 -0.000349079 -0.019737234 -0.002014121 0.999995887 -0.002028446 -0.044318099 0.000344994 0.002029145 0.999997854 2.959416151
0.999985754 0.005244341 0.000972328 -0.019687207 -0.005242420 0.999984324 -0.001969680 -0.044981260 -0.000982643 0.001964555 0.999997616 2.994360447
0.999974132 0.006606434 0.002826207 -0.020277154 -0.006605949 0.999978185 -0.000181036 -0.045531947 -0.002827341 0.000162362 0.999996066 3.028731346
0.999975920 0.005997000 0.003470349 -0.020034596 -0.006005363 0.999979079 0.002404270 -0.046118084 -0.003455858 -0.002425054 0.999991059 3.062886000
0.999978065 0.005542459 0.003622960 -0.019921020 -0.005552880 0.999980509 0.002872935 -0.046680745 -0.003606966 -0.002892990 0.999989271 3.097397327
0.999970973 0.005931550 0.004782502 -0.019998267 -0.005942641 0.999979734 0.002308387 -0.047194924 -0.004768712 -0.002336741 0.999985874 3.131511927
0.999951124 0.007663586 0.006242577 -0.019850962 -0.007674030 0.999969125 0.001651122 -0.047512744 -0.006229731 -0.001698947 0.999979079 3.164994717
0.999922276 0.010006597 0.007441898 -0.019914098 -0.010017662 0.999948680 0.001451108 -0.048365653 -0.007426995 -0.001525545 0.999971211 3.199826241
0.999910474 0.010600690 0.008167594 -0.019689772 -0.010604917 0.999943674 0.000474407 -0.048706070 -0.008162105 -0.000560982 0.999966562 3.233929634
0.999879658 0.011937908 0.009907005 -0.019688729 -0.011931206 0.999928534 -0.000735236 -0.048976395 -0.009915073 0.000616945 0.999950588 3.266590357
0.999871492 0.011420670 0.011250775 -0.019781727 -0.011400163 0.999933243 -0.001885108 -0.049053416 -0.011271552 0.001756605 0.999934912 3.300379038
0.999877036 0.010399394 0.011736990 -0.019125383 -0.010406658 0.999945641 0.000558113 -0.050362669 -0.011730550 -0.000680187 0.999930978 3.333934784
0.999881804 0.008993990 0.012469902 -0.019178212 -0.009010435 0.999958575 0.001263323 -0.050862651 -0.012458023 -0.001375533 0.999921441 3.369230747
0.999884367 0.007860776 0.013014562 -0.018997341 -0.007888537 0.999966741 0.002083007 -0.051661097 -0.012997756 -0.002185432 0.999913156 3.403631449
0.999901175 0.006124957 0.012659615 -0.018505845 -0.006154900 0.999978364 0.002327626 -0.052378856 -0.012645086 -0.002405314 0.999917150 3.438797474
0.999909818 0.004652874 0.012602243 -0.018395409 -0.004684730 0.999985933 0.002499578 -0.052274294 -0.012590434 -0.002558391 0.999917448 3.472068071
0.999915361 0.003756944 0.012449773 -0.018410794 -0.003781148 0.999991119 0.001921247 -0.052882180 -0.012442441 -0.001968159 0.999920666 3.505490541
0.999927998 0.003201396 0.011564140 -0.018458039 -0.003219201 0.999993742 0.001521491 -0.053386774 -0.011559196 -0.001558609 0.999931991 3.539340973
0.999940217 0.001462257 0.010834248 -0.018598028 -0.001486980 0.999996364 0.002274167 -0.053733822 -0.010830881 -0.002290141 0.999938726 3.572104931
0.999960899 -0.000623151 0.008823425 -0.017533693 0.000593754 0.999994278 0.003333979 -0.055083454 -0.008825451 -0.003328610 0.999955535 3.608681679
0.999971330 -0.001251664 0.007470502 -0.017339382 0.001224717 0.999992728 0.003610599 -0.055570044 -0.007474967 -0.003601346 0.999965668 3.643222094
0.999982357 -0.002059373 0.005571682 -0.016828556 0.002042377 0.999993324 0.003054331 -0.056010596 -0.005577934 -0.003042898 0.999979854 3.677609205
0.999985933 -0.000965756 0.005198260 -0.017097384 0.000954739 0.999997318 0.002121567 -0.056308798 -0.005200295 -0.002116574 0.999984264 3.710959673
0.999987602 -0.002823544 0.004093218 -0.016721280 0.002826578 0.999995768 -0.000735632 -0.056478277 -0.004091123 0.000747193 0.999991357 3.745666981
0.999961197 -0.008299195 0.002929519 -0.016714020 0.008301824 0.999965131 -0.000885575 -0.057290576 -0.002922068 0.000909861 0.999995351 3.781223297
0.999866545 -0.016214063 0.001998753 -0.016638979 0.016210543 0.999867022 0.001766420 -0.058132354 -0.002027128 -0.001733784 0.999996424 3.813207150
0.999728322 -0.023307201 0.000194008 -0.016225355 0.023306508 0.999723792 0.003016497 -0.058527306 -0.000264261 -0.003011155 0.999995410 3.847980976
0.999643743 -0.026684804 -0.000541379 -0.016545275 0.026684791 0.999643922 -0.000030107 -0.059061762 0.000541989 0.000015649 0.999999821 3.880511999
0.999673903 -0.025531843 -0.000264870 -0.016390858 0.025530847 0.999668896 -0.003243617 -0.059740640 0.000347597 0.003235798 0.999994695 3.916465998
0.999769211 -0.021460477 0.001002763 -0.016843420 0.021465681 0.999754548 -0.005502521 -0.060431644 -0.000884430 0.005522776 0.999984384 3.950356007
0.999754846 -0.022090634 0.001482470 -0.016784407 0.022098418 0.999740899 -0.005456990 -0.061395936 -0.001361537 0.005488412 0.999984026 3.984676600
0.999668241 -0.025667449 0.002129901 -0.016753761 0.025671868 0.999668241 -0.002074679 -0.061881684 -0.002075942 0.002128669 0.999995589 4.018905163
0.999540627 -0.030222381 0.002261923 -0.016475216 0.030220753 0.999542952 0.000749704 -0.062495992 -0.002283548 -0.000681002 0.999997199 4.053650379
0.999424696 -0.033831161 0.002373405 -0.016290516 0.033827085 0.999426186 0.001734438 -0.062911220 -0.002430721 -0.001653155 0.999995708 4.087558746
0.999349594 -0.035963852 0.002627305 -0.016261552 0.035958752 0.999351323 0.001962365 -0.063756339 -0.002696175 -0.001866614 0.999994636 4.121999741
0.999421358 -0.033832222 0.003515557 -0.016292728 0.033823993 0.999424994 0.002371989 -0.064114489 -0.003593785 -0.002251706 0.999991000 4.156620502
0.999561787 -0.029254379 0.004508108 -0.016395241 0.029249722 0.999571502 0.001095539 -0.064571589 -0.004538226 -0.000963198 0.999989271 4.191417217
0.999648571 -0.025860045 0.005831871 -0.016344532 0.025862575 0.999665439 -0.000359302 -0.065440357 -0.005820629 0.000510003 0.999982953 4.225049973
0.999707162 -0.023228401 0.006800801 -0.016999748 0.023235314 0.999729633 -0.000939165 -0.066100888 -0.006777147 0.001096909 0.999976516 4.259035110
0.999751091 -0.021329768 0.006552642 -0.016440107 0.021327734 0.999772370 0.000380765 -0.066753365 -0.006559274 -0.000240918 0.999978483 4.294220448
0.999782562 -0.019861944 0.006350677 -0.016336799 0.019860344 0.999802709 0.000314836 -0.067431629 -0.006355677 -0.000188641 0.999979794 4.328779221
0.999812305 -0.018488334 0.005800270 -0.016271558 0.018502017 0.999826074 -0.002313942 -0.067950517 -0.005756480 0.002420825 0.999980569 4.363399029
0.999891162 -0.013642715 0.005622510 -0.016675765 0.013671844 0.999893129 -0.005175683 -0.068608798 -0.005551300 0.005251989 0.999970853 4.397693157
0.999945641 -0.008899678 0.005431251 -0.016371634 0.008933379 0.999940813 -0.006212930 -0.069726273 -0.005375637 0.006261112 0.999965966 4.431862354
0.999975383 -0.004471848 0.005407192 -0.016788077 0.004499126 0.999977171 -0.005043136 -0.070263021 -0.005384517 0.005067339 0.999972701 4.467287064
0.999982119 -0.001391261 0.005810163 -0.016719615 0.001411695 0.999992847 -0.003514729 -0.070726648 -0.005805231 0.003522868 0.999976993 4.502271175
0.999982834 -0.001042932 0.005787184 -0.016212339 0.001048122 0.999999046 -0.000893841 -0.071853042 -0.005786248 0.000899891 0.999982834 4.536604404
0.999979854 -0.003912889 0.004998963 -0.016043881 0.003913384 0.999992371 -0.000089445 -0.072403155 -0.004998575 0.000109006 0.999987543 4.571408272
0.999978662 -0.005117611 0.004086579 -0.016529867 0.005119578 0.999986708 -0.000471359 -0.072408587 -0.004084114 0.000492271 0.999991477 4.604751587
0.999971211 -0.007528682 0.000886015 -0.015705649 0.007532182 0.999963522 -0.004014753 -0.073736444 -0.000855757 0.004021312 0.999991477 4.641885281
0.999988377 -0.004809598 0.000255054 -0.016785722 0.004811602 0.999951899 -0.008542448 -0.074436344 -0.000213957 0.008543575 0.999963403 4.677954674
0.999998510 -0.001000568 -0.001350461 -0.016077014 0.000987998 0.999956489 -0.009275969 -0.075379208 0.001359683 0.009274621 0.999956012 4.713695049
0.999996781 0.002023897 -0.001518289 -0.016591460 -0.002036151 0.999964952 -0.008112815 -0.075910911 0.001501816 0.008115879 0.999965966 4.748496532
0.999989867 0.004400367 -0.000948553 -0.017188553 -0.004404151 0.999982178 -0.004024798 -0.077188775 0.000930825 0.004028934 0.999991477 4.783338070
0.999981046 0.006110343 -0.000652428 -0.017559471 -0.006112612 0.999975026 -0.003534107 -0.076972447 0.000630817 0.003538028 0.999993503 4.820260048
0.999992132 0.003894018 -0.000748881 -0.017336870 -0.003895211 0.999991059 -0.001597281 -0.077989332 0.000742655 0.001600185 0.999998450 4.855610847
0.999996245 0.002716857 -0.000280832 -0.018401712 -0.002717149 0.999995708 -0.001047752 -0.078538448 0.000277984 0.001048511 0.999999464 4.890826225
0.999999881 -0.000064940 -0.000543289 -0.018309729 0.000064795 1.000000000 -0.000265656 -0.079510652 0.000543307 0.000265621 0.999999821 4.927945614
0.999993622 -0.003391710 -0.001102309 -0.017295636 0.003391117 0.999994040 -0.000539537 -0.079815283 0.001104133 0.000535795 0.999999225 4.964947224
0.999984622 -0.005541964 -0.000279930 -0.017423643 0.005542009 0.999984622 0.000162973 -0.080482319 0.000279022 -0.000164522 1.000000000 5.001026630
0.999945462 -0.010444704 0.000130761 -0.017632736 0.010444511 0.999944448 0.001403214 -0.080774091 -0.000145411 -0.001401772 0.999999046 5.038028717
0.999915421 -0.012999371 0.000381205 -0.017726788 0.012998773 0.999914348 0.001534933 -0.081251100 -0.000401126 -0.001529848 0.999998689 5.073635101
0.999939203 -0.011018775 0.000446866 -0.018046889 0.011019817 0.999936402 -0.002394960 -0.082068071 -0.000420448 0.002399738 0.999997020 5.111057758
0.999991059 -0.004039372 0.001236005 -0.019082097 0.004048957 0.999961019 -0.007853019 -0.082347207 -0.001204236 0.007857953 0.999968410 5.147634506
0.999984503 0.005099968 0.002199349 -0.019616172 -0.005081671 0.999953091 -0.008246396 -0.082889959 -0.002241302 0.008235093 0.999963582 5.184635639
0.999895513 0.013870193 0.004068185 -0.019818019 -0.013852429 0.999894500 -0.004362966 -0.084122621 -0.004128272 0.004306155 0.999982119 5.220371246
0.999886036 0.014243775 0.004988391 -0.020004770 -0.014234106 0.999896705 -0.001968203 -0.084765047 -0.005015910 0.001896973 0.999985516 5.258166313
0.999907374 0.012813998 0.004584339 -0.020530479 -0.012804838 0.999915957 -0.002022304 -0.085092433 -0.004609867 0.001963414 0.999987423 5.296385288
0.999924123 0.011890980 0.003172870 -0.020002142 -0.011882402 0.999925733 -0.002708797 -0.085637249 -0.003204845 0.002670891 0.999991238 5.332656384
0.999963880 0.008286799 0.001883899 -0.019759752 -0.008281982 0.999962449 -0.002551266 -0.086670823 -0.001904970 0.002535572 0.999994993 5.369434834
0.999966979 0.008078560 0.000890848 -0.019745421 -0.008075860 0.999962926 -0.002994054 -0.087563582 -0.000915003 0.002986762 0.999995172 5.405928612
0.999957085 0.009248007 0.000538074 -0.019834304 -0.009246263 0.999952257 -0.003161182 -0.088016145 -0.000567283 0.003156072 0.999994874 5.446369648
0.999931931 0.011597693 0.001228251 -0.020537537 -0.011595017 0.999930441 -0.002164832 -0.088774994 -0.001253273 0.002150442 0.999996901 5.481145382
0.999946952 0.010283097 0.000641821 -0.020394865 -0.010281534 0.999944329 -0.002392069 -0.089519575 -0.000666383 0.002385342 0.999996960 5.518457890
0.999940991 0.010852244 0.000443344 -0.020465914 -0.010850538 0.999934316 -0.003686073 -0.090319268 -0.000483318 0.003681045 0.999993086 5.556249619
0.999945760 0.010413487 0.000109479 -0.020595305 -0.010412945 0.999937236 -0.004130473 -0.090941928 -0.000152485 0.004129110 0.999991417 5.592013836
0.999957025 0.009267511 -0.000118501 -0.020743333 -0.009267919 0.999948740 -0.004063705 -0.091692708 0.000080834 0.004064629 0.999991715 5.629414558
0.999943197 0.010652640 -0.000242533 -0.020798147 -0.010653656 0.999932349 -0.004657047 -0.091987848 0.000192907 0.004659366 0.999989152 5.666342735
0.999939680 0.010892761 -0.001415849 -0.020696869 -0.010899120 0.999930203 -0.004562193 -0.093281746 0.001366055 0.004577351 0.999988556 5.705462456
0.999920368 0.012437622 -0.002148025 -0.020674903 -0.012449336 0.999907136 -0.005529058 -0.093603507 0.002079057 0.005555360 0.999982417 5.743095398
0.999930024 0.011836270 0.000139021 -0.023226239 -0.011835393 0.999916553 -0.005175303 -0.094549417 -0.000200265 0.005173296 0.999986649 5.778814316
0.999922216 0.012368741 -0.001608519 -0.022272699 -0.012377313 0.999908626 -0.005433452 -0.095220849 0.001541167 0.005452938 0.999983907 5.818907738
0.999940753 0.010603822 -0.002480288 -0.022180168 -0.010617631 0.999927759 -0.005621681 -0.095862776 0.002420498 0.005647682 0.999981046 5.857410431
0.999943495 0.010334711 -0.002513837 -0.022411648 -0.010349425 0.999928951 -0.005911808 -0.096983939 0.002452562 0.005937489 0.999979436 5.896326065
0.999959886 0.008730127 -0.001993531 -0.022703528 -0.008741435 0.999945343 -0.005735612 -0.097444825 0.001943349 0.005752808 0.999981582 5.932959080
0.999968410 0.007731377 -0.001799032 -0.022855069 -0.007740712 0.999956369 -0.005241286 -0.098064028 0.001758431 0.005255047 0.999984682 5.971289158
0.999973655 0.007087565 -0.001582148 -0.023511963 -0.007094952 0.999963701 -0.004712820 -0.099025331 0.001548689 0.004723920 0.999987662 6.009234905
0.999972045 0.007103645 -0.002322073 -0.023199596 -0.007114401 0.999963820 -0.004657018 -0.100120597 0.002288907 0.004673408 0.999986470 6.046911716
0.999971747 0.007391705 -0.001362785 -0.023980562 -0.007399625 0.999955177 -0.005901455 -0.100114003 0.001319102 0.005911373 0.999981642 6.085425854
0.999953270 0.009547925 -0.001491202 -0.023731109 -0.009554753 0.999943554 -0.004642611 -0.101781726 0.001446791 0.004656643 0.999988079 6.123853207
0.999952257 0.009754638 -0.000622290 -0.024226079 -0.009756383 0.999948442 -0.002864408 -0.102259234 0.000594317 0.002870342 0.999995649 6.162007809
0.999957025 0.009278105 0.000133029 -0.024659963 -0.009277794 0.999954641 -0.002178006 -0.103008084 -0.000153231 0.002176678 0.999997616 6.200304508
0.999951303 0.009801615 0.001129606 -0.025563806 -0.009797557 0.999945700 -0.003544257 -0.104180746 -0.001164284 0.003533017 0.999993086 6.239632130
0.999945045 0.010446222 0.000912039 -0.024856873 -0.010441125 0.999930739 -0.005423629 -0.104601845 -0.000968632 0.005413807 0.999984860 6.276690006
0.999937177 0.011205975 0.000610417 -0.024891494 -0.011202345 0.999921322 -0.005655882 -0.105073795 -0.000673748 0.005648688 0.999983728 6.316473961
0.999945819 0.010351145 0.001093684 -0.025323017 -0.010346700 0.999938428 -0.003995365 -0.106117979 -0.001134973 0.003983831 0.999991417 6.354464054
0.999936163 0.011210121 0.001406340 -0.025950260 -0.011204874 0.999930501 -0.003684643 -0.106837496 -0.001447548 0.003668650 0.999992251 6.393218517
0.999933839 0.011350124 0.001876471 -0.026582301 -0.011342469 0.999927461 -0.004042086 -0.107486606 -0.001922213 0.004020534 0.999990106 6.432892799
0.999928951 0.011912967 0.000457371 -0.025879959 -0.011911134 0.999921739 -0.003818813 -0.108317323 -0.000502829 0.003813094 0.999992609 6.471233845
0.999908268 0.013540993 0.000281588 -0.025711734 -0.013539879 0.999901712 -0.003632246 -0.109180629 -0.000330745 0.003628100 0.999993384 6.509784222
0.999907911 0.013567235 0.000392704 -0.026334953 -0.013565882 0.999902666 -0.003268328 -0.110096209 -0.000437008 0.003262699 0.999994576 6.548796177
0.999915123 0.013028608 0.000243624 -0.026462730 -0.013027562 0.999907672 -0.003888246 -0.110593177 -0.000294260 0.003884743 0.999992430 6.588335514
0.999945879 0.010395579 0.000646724 -0.026927322 -0.010393869 0.999942601 -0.002594201 -0.111494556 -0.000673656 0.002587339 0.999996424 6.627388954
0.999964654 0.008388555 0.000613502 -0.027156560 -0.008387062 0.999961913 -0.002398633 -0.112106852 -0.000633600 0.002393403 0.999996901 6.667005062
0.999980032 0.006301458 0.000529465 -0.027177611 -0.006300081 0.999976814 -0.002564498 -0.112993948 -0.000545613 0.002561112 0.999996483 6.705605507
0.999989450 0.004600583 -0.000147650 -0.027483178 -0.004601078 0.999983132 -0.003543357 -0.113663591 0.000131346 0.003543999 0.999993682 6.745037556
0.999995828 0.002833992 0.000528041 -0.027340395 -0.002832969 0.999994159 -0.001927227 -0.114335373 -0.000533499 0.001925723 0.999998033 6.783471107
0.999998271 0.001728346 0.000673160 -0.027365334 -0.001727838 0.999998271 -0.000755365 -0.114712708 -0.000674464 0.000754200 0.999999583 6.823194981
0.999999285 -0.000441567 0.001098503 -0.027549604 0.000442498 0.999999464 -0.000847790 -0.115651608 -0.001098128 0.000848276 0.999999046 6.861268520
0.999998689 -0.001266309 0.000999308 -0.027325328 0.001268412 0.999996960 -0.002106373 -0.116189890 -0.000996638 0.002107638 0.999997258 6.901011944
0.999998212 -0.000357657 0.001864588 -0.027691627 0.000361353 0.999998093 -0.001982031 -0.117107637 -0.001863875 0.001982701 0.999996305 6.938872814
0.999992430 0.002278169 0.003175817 -0.028237727 -0.002269963 0.999994040 -0.002584932 -0.117479116 -0.003181687 0.002577703 0.999991655 6.977923870
0.999987543 0.003434993 0.003620156 -0.027882043 -0.003426953 0.999991596 -0.002224995 -0.118711405 -0.003627769 0.002212561 0.999991000 7.016710758
0.999980092 0.004506645 0.004405893 -0.028067218 -0.004494468 0.999986053 -0.002769665 -0.119327411 -0.004418314 0.002749807 0.999986529 7.055714607
0.999971271 0.005235757 0.005482883 -0.027960096 -0.005221612 0.999983013 -0.002590877 -0.120256230 -0.005496355 0.002562172 0.999981642 7.094219208
0.999962032 0.006142434 0.006192193 -0.027871203 -0.006124065 0.999976814 -0.002980949 -0.121328071 -0.006210360 0.002942914 0.999976397 7.133016586
0.999954581 0.005800859 0.007574867 -0.027925663 -0.005772074 0.999975979 -0.003816329 -0.121947609 -0.007596825 0.003772432 0.999963939 7.171891689
0.999953091 0.005070138 0.008248419 -0.027748585 -0.005048988 0.999983847 -0.002582860 -0.123035647 -0.008261382 0.002541092 0.999962568 7.211327076
0.999953032 0.004064339 0.008795476 -0.027626760 -0.004044708 0.999989271 -0.002248619 -0.123567723 -0.008804519 0.002212938 0.999958813 7.250214577
0.999937713 0.003563232 0.010578707 -0.028045766 -0.003534291 0.999989927 -0.002753248 -0.124084212 -0.010588411 0.002715689 0.999940276 7.288625717
0.999943137 0.002997969 0.010233009 -0.027591579 -0.002950279 0.999984741 -0.004672304 -0.125134751 -0.010246862 0.004641849 0.999936700 7.326471329
0.999951005 0.002364342 0.009605818 -0.027505651 -0.002300061 0.999974906 -0.006697461 -0.126233846 -0.009621412 0.006675039 0.999931395 7.367053986
0.999974310 0.001910876 0.006894466 -0.026369948 -0.001868236 0.999979079 -0.006185902 -0.127234504 -0.006906142 0.006172863 0.999957085 7.406907082
0.999967039 0.001447859 0.007982046 -0.026938837 -0.001395505 0.999977469 -0.006560704 -0.128191784 -0.007991365 0.006549349 0.999946594 7.444937229
0.999977469 0.000579297 0.006678672 -0.026648510 -0.000530442 0.999973059 -0.007314615 -0.128933638 -0.006682729 0.007310908 0.999950886 7.484495163
0.999976754 0.002275869 0.006425945 -0.027048729 -0.002227930 0.999969721 -0.007457641 -0.130168781 -0.006442722 0.007443151 0.999951482 7.524415493
0.999976814 0.002560487 0.006309766 -0.027512468 -0.002514541 0.999970317 -0.007278882 -0.130515456 -0.006328215 0.007262848 0.999953568 7.563894749
0.999985993 0.001621731 0.005037018 -0.027149606 -0.001587054 0.999975085 -0.006880997 -0.131870493 -0.005048051 0.006872907 0.999963641 7.602900505
0.999991894 0.000843995 0.003948917 -0.026910389 -0.000821824 0.999983966 -0.005612869 -0.132287771 -0.003953592 0.005609577 0.999976456 7.642050743
0.999989569 0.003315907 0.003181425 -0.026969425 -0.003302144 0.999985218 -0.004321482 -0.133318529 -0.003195708 0.004310931 0.999985576 7.682210445
0.999981046 0.004445192 0.004259122 -0.027413324 -0.004426628 0.999980688 -0.004358094 -0.134160250 -0.004278412 0.004339158 0.999981403 7.721841335
0.999977648 0.004171626 0.005229311 -0.027484600 -0.004148643 0.999981701 -0.004398183 -0.134927869 -0.005247564 0.004376390 0.999976635 7.762272835
0.999980867 0.002760175 0.005542873 -0.027406912 -0.002733054 0.999984145 -0.004894625 -0.135553598 -0.005556296 0.004879382 0.999972641 7.802092552
0.999981463 0.001454989 0.005915063 -0.027409799 -0.001418763 0.999980271 -0.006124015 -0.136145681 -0.005923857 0.006115510 0.999963760 7.843191624
0.999980211 -0.000219276 0.006284694 -0.027324352 0.000271895 0.999964952 -0.008372761 -0.137008309 -0.006282637 0.008374305 0.999945164 7.883031845
0.999980569 -0.000572588 0.006206699 -0.026989259 0.000629765 0.999957442 -0.009214136 -0.137918502 -0.006201160 0.009217867 0.999938309 7.924528122
0.999991894 0.000272938 0.004009217 -0.027211919 -0.000232543 0.999949217 -0.010072608 -0.138910517 -0.004011762 0.010071596 0.999941230 7.965236187
0.999998331 0.001006822 0.001507576 -0.026744004 -0.000992730 0.999956071 -0.009319162 -0.140139878 -0.001516892 0.009317650 0.999955416 8.005977631
0.999998450 0.001415927 0.001052731 -0.027032983 -0.001409370 0.999979794 -0.006204019 -0.141108811 -0.001061494 0.006202526 0.999980152 8.047262192
0.999997795 0.000073119 0.002103918 -0.027611312 -0.000067274 0.999996126 -0.002778250 -0.142214552 -0.002104114 0.002778104 0.999993980 8.088579178
0.999997139 0.000355466 0.002331259 -0.027577143 -0.000350508 0.999997616 -0.002127090 -0.143026471 -0.002332010 0.002126267 0.999994993 8.129275322
0.999995828 0.000036790 0.002869603 -0.027860317 -0.000026887 0.999994040 -0.003451093 -0.143713370 -0.002869713 0.003451001 0.999989927 8.169427872
0.999993742 -0.002044010 0.002898441 -0.027797619 0.002053332 0.999992728 -0.003216601 -0.144496232 -0.002891845 0.003222533 0.999990582 8.211465836
0.999993086 -0.000816128 0.003624689 -0.028117932 0.000828741 0.999993622 -0.003479641 -0.145307630 -0.003621826 0.003482620 0.999987304 8.252538681
0.999991179 -0.000231842 0.004202886 -0.028286211 0.000248366 0.999992311 -0.003931434 -0.145911619 -0.004201942 0.003932443 0.999983370 8.294981003
0.999988675 0.000922447 0.004662683 -0.028304756 -0.000901938 0.999989927 -0.004398753 -0.147292167 -0.004666693 0.004394498 0.999979436 8.334837914
0.999978125 0.002410750 0.006150141 -0.028917789 -0.002376702 0.999981821 -0.005537425 -0.147608295 -0.006163378 0.005522687 0.999965787 8.374216080
0.999979675 0.000887615 0.006312361 -0.028362498 -0.000867034 0.999994218 -0.003262334 -0.148830384 -0.006315221 0.003256795 0.999974728 8.416016579
0.999964714 0.001064078 0.008333382 -0.029709421 -0.001039080 0.999994874 -0.003003478 -0.149488360 -0.008336537 0.002994713 0.999960721 8.453891754
0.999977946 -0.001461838 0.006482562 -0.028235916 0.001485389 0.999992311 -0.003629658 -0.150243223 -0.006477207 0.003639207 0.999972403 8.497133255
0.999971807 0.000103962 0.007510734 -0.028831348 -0.000076907 0.999993503 -0.003602406 -0.151005253 -0.007511060 0.003601727 0.999965310 8.537008286
0.999977708 0.001771134 0.006430137 -0.028426975 -0.001734239 0.999981999 -0.005738852 -0.151985973 -0.006440186 0.005727572 0.999962807 8.578594208
0.999974847 0.003995719 0.005854794 -0.028748930 -0.003942414 0.999950945 -0.009087816 -0.152692169 -0.005890820 0.009064508 0.999941587 8.620199203
0.999977112 0.004676929 0.004878545 -0.028414644 -0.004637813 0.999957263 -0.007998927 -0.154226691 -0.004915748 0.007976120 0.999956131 8.659712791
0.999974728 0.005772901 0.004135094 -0.028555203 -0.005753889 0.999972880 -0.004595020 -0.155206993 -0.004161510 0.004571112 0.999980927 8.700016975
0.999975204 0.006375668 0.002985936 -0.028634252 -0.006370712 0.999978304 -0.001665986 -0.156036004 -0.002996493 0.001646922 0.999994159 8.740475655
0.999974191 0.007038109 0.001424337 -0.028673250 -0.007033652 0.999970376 -0.003110897 -0.156698674 -0.001446190 0.003100798 0.999994159 8.781005859
0.999979556 0.006408444 0.000331296 -0.029478034 -0.006406843 0.999968767 -0.004627294 -0.157550499 -0.000360940 0.004625076 0.999989212 8.821309090
0.999986470 0.005052629 -0.001294707 -0.029853970 -0.005056279 0.999983251 -0.002831957 -0.158696607 0.001280376 0.002838465 0.999995112 8.861451149
0.999990404 0.003559361 -0.002542613 -0.029852919 -0.003565167 0.999991059 -0.002282864 -0.159516826 0.002534465 0.002291907 0.999994159 8.901910782
0.999989450 0.003372050 -0.003112850 -0.029908676 -0.003381917 0.999989271 -0.003170291 -0.160334289 0.003102126 0.003180786 0.999990165 8.942435265
0.999992788 0.001702487 -0.003394986 -0.030331641 -0.001715354 0.999991357 -0.003790631 -0.161247015 0.003388503 0.003796428 0.999987066 8.982188225
0.999990165 0.002466643 -0.003695685 -0.030725660 -0.002482296 0.999987960 -0.004236922 -0.162011713 0.003685190 0.004246054 0.999984205 9.022733688
0.999994040 0.001121944 -0.003245285 -0.031092763 -0.001135596 0.999990463 -0.004207924 -0.162974253 0.003240533 0.004211583 0.999985814 9.063035011
0.999994397 0.001261493 -0.003077955 -0.031521931 -0.001276047 0.999987900 -0.004731344 -0.164045259 0.003071949 0.004735245 0.999984026 9.103091240
0.999993742 0.000680186 -0.003461771 -0.031569917 -0.000696112 0.999989092 -0.004601473 -0.165465087 0.003458604 0.004603854 0.999983370 9.143728256
0.999995053 0.000483883 -0.003107074 -0.032044884 -0.000498351 0.999989033 -0.004657237 -0.166074440 0.003104787 0.004658762 0.999984324 9.183801651
0.999994516 0.000357763 -0.003308291 -0.032087110 -0.000376166 0.999984443 -0.005563903 -0.167006075 0.003306249 0.005565116 0.999979079 9.224151611
0.999994993 -0.000376077 -0.003135927 -0.032631107 0.000355442 0.999978304 -0.006578052 -0.168026686 0.003138332 0.006576904 0.999973476 9.264475822
0.999994397 -0.001443032 -0.003033183 -0.032754429 0.001427412 0.999985754 -0.005145876 -0.168569177 0.003040566 0.005141517 0.999982178 9.304292679
0.999993801 -0.002717645 -0.002254060 -0.034029905 0.002707122 0.999985576 -0.004658754 -0.169169113 0.002266688 0.004652622 0.999986649 9.344403267
0.999987364 -0.004045161 -0.002993779 -0.033506073 0.004029156 0.999977648 -0.005332809 -0.170441061 0.003015284 0.005320679 0.999981284 9.385158539
0.999992549 -0.002871149 -0.002612737 -0.034056801 0.002855913 0.999978960 -0.005816504 -0.171388507 0.002629382 0.005809000 0.999979675 9.425108910
0.999998927 -0.001192306 -0.000883394 -0.035250042 0.001188105 0.999988079 -0.004741696 -0.172169283 0.000889037 0.004740642 0.999988377 9.464376450
0.999998629 -0.000738848 -0.001486049 -0.034971017 0.000733151 0.999992311 -0.003830284 -0.173464864 0.001488868 0.003829189 0.999991477 9.506196022
0.999999583 0.001011552 0.000069959 -0.035924997 -0.001011187 0.999986708 -0.005038822 -0.173660725 -0.000075055 0.005038748 0.999987245 9.546139717
0.999999225 0.000608981 -0.001078962 -0.035380900 -0.000614937 0.999984443 -0.005527948 -0.174957171 0.001075579 0.005528608 0.999984145 9.587312698
0.999999225 -0.000420126 -0.001211621 -0.035471685 0.000412755 0.999981403 -0.006077430 -0.175471008 0.001214152 0.006076925 0.999980867 9.627905846
0.999998808 0.001528200 -0.000190402 -0.035955109 -0.001529299 0.999981344 -0.005914313 -0.176823065 0.000181360 0.005914597 0.999982417 9.668752670
0.999993026 0.003730929 0.000213245 -0.036467247 -0.003729595 0.999975324 -0.005945310 -0.177726060 -0.000235422 0.005944473 0.999982297 9.710193634
0.999990046 0.004451070 0.000242153 -0.036329005 -0.004449780 0.999977112 -0.005090967 -0.178656638 -0.000264807 0.005089840 0.999986947 9.750537872
0.999980152 0.006126004 0.001494718 -0.036869992 -0.006116933 0.999963284 -0.005999452 -0.179632381 -0.001531416 0.005990190 0.999980867 9.791065216
0.999978602 0.006462955 0.001134024 -0.036757320 -0.006455476 0.999958098 -0.006479033 -0.180350959 -0.001175850 0.006471574 0.999978364 9.831691742
0.999975383 0.006925835 0.001141014 -0.036675986 -0.006918044 0.999953628 -0.006695364 -0.180981159 -0.001187332 0.006687305 0.999976873 9.872376442
0.999969482 0.007620422 0.001718132 -0.037019622 -0.007611082 0.999956548 -0.005379074 -0.182073355 -0.001759048 0.005365834 0.999984026 9.912404060
0.999945343 0.010221610 0.002209853 -0.037151851 -0.010208089 0.999929607 -0.006045700 -0.182861283 -0.002271495 0.006022810 0.999979258 9.953346252
