0.999999702 -0.000629522 -0.000256889 -0.000176658 0.000629952 0.999998391 0.001676310 -0.000799237 0.000255833 -0.001676471 0.999998510 0.050117489
0.999998271 -0.001696344 -0.000766802 -0.000287868 0.001697657 0.999997079 0.001714995 -0.001537781 0.000763891 -0.001716294 0.999998212 0.100111417
0.999994218 -0.003289508 -0.000783163 -0.000489818 0.003290156 0.999994159 0.000827882 -0.002313667 0.000780435 -0.000830454 0.999999344 0.149985254
0.999992728 -0.003735903 -0.000656616 -0.000724399 0.003736535 0.999992549 0.000963679 -0.003113548 0.000653011 -0.000966126 0.999999344 0.199655116
0.999991775 -0.003966124 -0.000848252 -0.000773366 0.003967601 0.999990582 0.001746799 -0.003882175 0.000841317 -0.001750150 0.999998093 0.250402838
0.999985635 -0.005334792 -0.000323035 -0.001236774 0.005335735 0.999981225 0.002988496 -0.004602856 0.000307085 -0.002990177 0.999995470 0.300956786
0.999987721 -0.004913328 -0.000637363 -0.001406675 0.004915374 0.999982655 0.003249321 -0.005220553 0.000621387 -0.003252413 0.999994516 0.353319496
0.999991298 -0.004125984 -0.000657759 -0.001836471 0.004127133 0.999989927 0.001752760 -0.006164423 0.000650521 -0.001755460 0.999998271 0.402100563
0.999998212 -0.001571612 -0.001096523 -0.002159894 0.001570607 0.999998391 -0.000917118 -0.006565546 0.001097962 0.000915394 0.999998987 0.454183757
0.999997795 0.001988162 -0.000662354 -0.002678564 -0.001988970 0.999997199 -0.001221421 -0.007822687 0.000659924 0.001222736 0.999999046 0.503651440
0.999989688 0.004486888 -0.000759152 -0.002949224 -0.004488005 0.999988794 -0.001474543 -0.008536895 0.000752528 0.001477934 0.999998689 0.555740833
0.999983907 0.005679954 -0.000431465 -0.003512760 -0.005680193 0.999983728 -0.000557439 -0.009498600 0.000428292 0.000559880 0.999999762 0.606195331
0.999994814 0.003217969 -0.000367836 -0.003449463 -0.003217131 0.999992311 0.002255713 -0.010387090 0.000375092 -0.002254518 0.999997437 0.658699691
0.999999285 -0.001206158 -0.000173236 -0.003447338 0.001206817 0.999991775 0.003852191 -0.010927042 0.000168588 -0.003852397 0.999992549 0.709400535
0.999994636 -0.003185674 -0.000851172 -0.003168257 0.003186576 0.999994338 0.001060855 -0.011390633 0.000847787 -0.001063561 0.999999046 0.762376189
0.999990284 -0.004381247 -0.000478528 -0.003652665 0.004381064 0.999990344 -0.000383214 -0.012486977 0.000480202 0.000381114 0.999999821 0.812448859
0.999997795 -0.002058334 0.000399405 -0.003848247 0.002059197 0.999995530 -0.002173609 -0.013269270 -0.000394930 0.002174426 0.999997616 0.864602983
0.999999106 0.000481534 0.001180786 -0.004565252 -0.000481597 0.999999821 0.000052378 -0.014209085 -0.001180761 -0.000052947 0.999999285 0.915917814
0.999998510 0.001339707 0.000970743 -0.004184685 -0.001343443 0.999991655 0.003858876 -0.015248252 -0.000965565 -0.003860175 0.999992073 0.969311833
0.999996364 -0.001827274 0.001990958 -0.004770200 0.001815728 0.999981642 0.005785551 -0.015563312 -0.002001493 -0.005781915 0.999981284 1.020939589
0.999980271 -0.006020047 0.001782883 -0.004931790 0.006013213 0.999974668 0.003813790 -0.015919967 -0.001805797 -0.003802995 0.999991119 1.073667765
0.999979496 -0.006226019 0.001478123 -0.004688402 0.006223583 0.999979258 0.001646649 -0.016714791 -0.001488344 -0.001637416 0.999997556 1.126444817
0.999981225 -0.005644370 0.002385730 -0.005524645 0.005647521 0.999983132 -0.001316468 -0.017344648 -0.002378260 0.001329917 0.999996305 1.178716063
0.999990404 -0.003446202 0.002677387 -0.005176107 0.003450611 0.999992669 -0.001643606 -0.018292343 -0.002671704 0.001652829 0.999995053 1.230921268
0.999992311 -0.002094171 0.003328352 -0.005731064 0.002106998 0.999990284 -0.003855248 -0.019431798 -0.003320246 0.003862231 0.999987066 1.283591390
0.999993801 -0.000951066 0.003386711 -0.005904011 0.000962616 0.999993682 -0.003410391 -0.020151980 -0.003383446 0.003413630 0.999988437 1.336035490
0.999994874 -0.001200251 0.002962306 -0.005496049 0.001205965 0.999997437 -0.001927904 -0.021323284 -0.002959984 0.001931467 0.999993742 1.389226913
0.999993443 0.000753639 0.003529445 -0.006905072 -0.000750089 0.999999285 -0.001006787 -0.021811245 -0.003530201 0.001004133 0.999993265 1.442311049
0.999991596 0.002776884 0.002998941 -0.006652184 -0.002775111 0.999995947 -0.000595243 -0.022577245 -0.003000582 0.000586915 0.999995291 1.495930672
0.999983072 0.004841722 0.003222714 -0.006501514 -0.004840747 0.999988258 -0.000309855 -0.024198962 -0.003224177 0.000294249 0.999994755 1.548280239
0.999967992 0.007111087 0.003661210 -0.007357027 -0.007111863 0.999974787 0.000198778 -0.024804503 -0.003659704 -0.000224810 0.999993265 1.601567864
0.999967396 0.007712304 0.002394494 -0.006658761 -0.007714284 0.999969959 0.000818626 -0.026424196 -0.002388108 -0.000837070 0.999996841 1.655028224
0.999974310 0.006836887 0.002127203 -0.006649454 -0.006835965 0.999976516 -0.000441491 -0.026022445 -0.002130172 0.000426938 0.999997616 1.709849596
0.999979198 0.006398602 0.000745974 -0.006266142 -0.006397654 0.999978721 -0.001267406 -0.026747966 -0.000754068 0.001262607 0.999998868 1.764707088
0.999983013 0.005788610 0.000735293 -0.007318913 -0.005788655 0.999983311 0.000058236 -0.028814299 -0.000734944 -0.000062491 0.999999702 1.817119479
0.999984443 0.005562153 -0.000409866 -0.007359244 -0.005561857 0.999984264 0.000718746 -0.029226661 0.000413858 -0.000716455 0.999999642 1.871015549
0.999984682 0.005232679 -0.001853599 -0.007582212 -0.005231916 0.999986291 0.000416495 -0.029869109 0.001855753 -0.000406791 0.999998212 1.924665093
0.999984026 0.004734907 -0.003092299 -0.008087308 -0.004731559 0.999988198 0.001089346 -0.030800518 0.003097421 -0.001074697 0.999994636 1.979183435
0.999971390 0.006805246 -0.003301996 -0.009042403 -0.006801147 0.999976099 0.001251225 -0.031363130 0.003310432 -0.001228732 0.999993682 2.033093452
0.999981165 0.004506543 -0.004163163 -0.009267051 -0.004494353 0.999985635 0.002932877 -0.032532122 0.004176320 -0.002914110 0.999986947 2.086567879
0.999984264 0.003160052 -0.004633395 -0.009993927 -0.003148646 0.999992013 0.002466870 -0.033075552 0.004641154 -0.002452243 0.999986231 2.141579151
0.999985337 0.000973592 -0.005331157 -0.010268245 -0.000965435 0.999998331 0.001532601 -0.033699587 0.005332641 -0.001527431 0.999984622 2.196783543
0.999988019 0.000490005 -0.004869544 -0.011535145 -0.000479135 0.999997437 0.002233361 -0.034924965 0.004870626 -0.002231002 0.999985635 2.250752926
0.999990463 -0.000479872 -0.004338320 -0.011753179 0.000492091 0.999995887 0.002815918 -0.035774130 0.004336951 -0.002818026 0.999986649 2.303779364
0.999988079 -0.002018966 -0.004446015 -0.011608236 0.002034421 0.999991894 0.003474239 -0.036531925 0.004438965 -0.003483243 0.999984086 2.359126329
0.999986410 -0.003177186 -0.004135749 -0.011651858 0.003189602 0.999990404 0.002998913 -0.037199873 0.004126183 -0.003012063 0.999986947 2.411404610
0.999980509 -0.005107379 -0.003603553 -0.012075156 0.005115418 0.999984503 0.002225267 -0.038272996 0.003592133 -0.002243657 0.999991059 2.467169285
0.999982357 -0.005183446 -0.002884012 -0.012579284 0.005189423 0.999984384 0.002069097 -0.038942132 0.002873241 -0.002084027 0.999993682 2.518735886
0.999994814 -0.002640353 -0.001850251 -0.013508983 0.002643402 0.999995172 0.001647356 -0.039809212 0.001845892 -0.001652239 0.999996960 2.572404146
0.999998271 -0.000109610 -0.001808843 -0.013307163 0.000115378 0.999994934 0.003189019 -0.040842034 0.001808484 -0.003189223 0.999993265 2.624909163
0.999994516 0.003155970 -0.000944499 -0.013969890 -0.003151837 0.999985635 0.004346544 -0.041485999 0.000958203 -0.004343544 0.999990106 2.678367376
0.999977469 0.006716592 -0.000000114 -0.014533739 -0.006716511 0.999965608 0.004887575 -0.042285990 0.000032942 -0.004887464 0.999988019 2.730822802
0.999940574 0.010850601 0.001070275 -0.015517961 -0.010855222 0.999931335 0.004410071 -0.042947199 -0.001022350 -0.004421427 0.999989688 2.784137726
0.999890804 0.014717900 0.001277283 -0.015565202 -0.014722122 0.999885917 0.003360912 -0.043398157 -0.001227672 -0.003379350 0.999993503 2.837634563
0.999864161 0.016317597 0.002306078 -0.016178068 -0.016324004 0.999862790 0.002786974 -0.043838430 -0.002260285 -0.002824239 0.999993443 2.888726473
0.999863148 0.016413294 0.002041773 -0.015895382 -0.016420992 0.999857903 0.003813739 -0.045156639 -0.001978887 -0.003846746 0.999990582 2.942690372
0.999874711 0.015601689 0.002671449 -0.016501635 -0.015611208 0.999871731 0.003580392 -0.045981377 -0.002615246 -0.003621648 0.999989986 2.993937492
0.999895036 0.014311247 0.002240246 -0.016542636 -0.014317297 0.999893785 0.002707830 -0.047003351 -0.002201256 -0.002739620 0.999993801 3.048064947
0.999908566 0.013364330 0.002061191 -0.016594410 -0.013369972 0.999906719 0.002748017 -0.047690801 -0.002024273 -0.002775323 0.999994099 3.099073887
0.999915481 0.012935885 0.001280057 -0.016374210 -0.012939508 0.999912143 0.002862709 -0.048630208 -0.001242913 -0.002879030 0.999995112 3.152769327
0.999923170 0.012396283 0.000183003 -0.015573578 -0.012396675 0.999920428 0.002307220 -0.049407572 -0.000154388 -0.002309311 0.999997377 3.203857183
0.999920726 0.012587768 -0.000287919 -0.016791495 -0.012586927 0.999916911 0.002759072 -0.050106619 0.000322626 -0.002755229 0.999996126 3.256789207
0.999933004 0.011536187 -0.000937987 -0.017108515 -0.011532460 0.999925911 0.003884700 -0.050953567 0.000982733 -0.003873623 0.999991953 3.307684660
0.999942720 0.010479930 -0.002146004 -0.017821725 -0.010470459 0.999935627 0.004378088 -0.051792789 0.002191748 -0.004355368 0.999988139 3.360092640
0.999955714 0.008846710 -0.003210015 -0.018043334 -0.008830562 0.999948382 0.005010768 -0.052820910 0.003254178 -0.004982200 0.999982297 3.411367416
0.999968231 0.006691625 -0.004330341 -0.017149830 -0.006668700 0.999963820 0.005286716 -0.054071262 0.004365561 -0.005257670 0.999976695 3.462376595
0.999978364 0.004627995 -0.004670140 -0.018767882 -0.004607249 0.999979496 0.004443512 -0.054273061 0.004690610 -0.004421900 0.999979198 3.514546156
0.999980152 0.003657589 -0.005115874 -0.019129412 -0.003637861 0.999985933 0.003860241 -0.054910690 0.005129922 -0.003841554 0.999979436 3.566208839
0.999983132 0.003713417 -0.004464413 -0.020154241 -0.003699255 0.999988079 0.003176465 -0.055172421 0.004476156 -0.003159897 0.999984980 3.614281654
0.999981761 0.002877358 -0.005298606 -0.020151488 -0.002860729 0.999990940 0.003143307 -0.056261256 0.005307602 -0.003128092 0.999981046 3.666765928
0.999981642 0.003946982 -0.004588953 -0.021360692 -0.003937335 0.999989986 0.002109364 -0.056543279 0.004597233 -0.002091258 0.999987304 3.716258526
0.999978304 0.004904918 -0.004375635 -0.021490443 -0.004892535 0.999983966 0.002836186 -0.057809766 0.004389476 -0.002814716 0.999986410 3.765116453
0.999974072 0.005575564 -0.004561968 -0.021838499 -0.005557386 0.999976635 0.003987737 -0.058561318 0.004584095 -0.003962281 0.999981642 3.816870213
0.999964952 0.007608456 -0.003494470 -0.022253681 -0.007589007 0.999955833 0.005545557 -0.058945470 0.003536509 -0.005518843 0.999978483 3.857043505
0.999975026 0.005451907 -0.004507773 -0.022275694 -0.005430517 0.999973953 0.004743865 -0.061571941 0.004533518 -0.004719267 0.999978602 3.915630817
0.999969304 0.006474838 -0.004409995 -0.023237746 -0.006468597 0.999978065 0.001427944 -0.060819834 0.004419145 -0.001399374 0.999989212 3.965664864
0.999972999 0.005913622 -0.004365623 -0.023751829 -0.005911886 0.999982417 0.000410433 -0.061755396 0.004367975 -0.000384612 0.999990404 4.014727116
0.999983788 0.004053915 -0.003992448 -0.023711627 -0.004047385 0.999990523 0.001642392 -0.062560037 0.003999067 -0.001626207 0.999990702 4.063832760
0.999991894 0.001235402 -0.003836467 -0.024485881 -0.001221352 0.999992549 0.003662462 -0.063742168 0.003840963 -0.003657746 0.999985874 4.112363815
0.999994874 0.000513923 -0.003152597 -0.024161039 -0.000501532 0.999992192 0.003929826 -0.064840794 0.003154591 -0.003928224 0.999987304 4.162464619
0.999997616 0.000129855 -0.002177689 -0.023954604 -0.000124128 0.999996543 0.002630050 -0.065801993 0.002178023 -0.002629774 0.999994099 4.212024689
0.999998868 0.000353528 -0.001453615 -0.025811665 -0.000353083 0.999999881 0.000306019 -0.065634996 0.001453723 -0.000305506 0.999998868 4.260783195
0.999994338 0.003315088 -0.000515935 -0.026310610 -0.003316134 0.999992371 -0.002041800 -0.066667296 0.000509162 0.002043499 0.999997795 4.310537338
0.999982059 0.005987996 0.000138088 -0.026103923 -0.005987727 0.999980330 -0.001887557 -0.067495018 -0.000149388 0.001886697 0.999998212 4.364362717
0.999974847 0.006656940 0.002447500 -0.026498137 -0.006657229 0.999977827 0.000110028 -0.068178527 -0.002446714 -0.000126319 0.999997020 4.408733368
0.999973774 0.006515503 0.003174655 -0.026379090 -0.006522891 0.999975979 0.002322392 -0.069016159 -0.003159447 -0.002343039 0.999992251 4.459345341
0.999973476 0.006101478 0.003979648 -0.026979577 -0.006113247 0.999976933 0.002951793 -0.069985613 -0.003961546 -0.002976044 0.999987721 4.508891106
0.999964952 0.006560250 0.005202292 -0.026315808 -0.006570438 0.999976456 0.001943806 -0.069971479 -0.005189417 -0.001977919 0.999984562 4.555738449
0.999930263 0.009592341 0.006895275 -0.027297694 -0.009600308 0.999953210 0.001123242 -0.070724495 -0.006884177 -0.001189360 0.999975622 4.606365204
0.999908924 0.011106795 0.007662777 -0.026190400 -0.011115477 0.999937594 0.001091529 -0.071659759 -0.007650175 -0.001176605 0.999970019 4.654822826
0.999882162 0.012551871 0.008830472 -0.026463624 -0.012554673 0.999921143 0.000262086 -0.072890848 -0.008826485 -0.000372919 0.999960959 4.703484535
0.999865651 0.012951082 0.010042627 -0.026790436 -0.012944266 0.999915957 -0.000743265 -0.073324561 -0.010051410 0.000613171 0.999949276 4.753011227
0.999865651 0.011986101 0.011181746 -0.026706666 -0.011970851 0.999927282 -0.001429829 -0.073582694 -0.011198072 0.001295782 0.999936461 4.803638458
0.999854624 0.012031307 0.012083112 -0.026805885 -0.012028900 0.999927640 -0.000271723 -0.074197732 -0.012085507 0.000126337 0.999926865 4.853033066
0.999865770 0.010614728 0.012478677 -0.025090881 -0.010629598 0.999942899 0.001125939 -0.075890005 -0.012466011 -0.001258431 0.999921441 4.900004387
0.999864876 0.010075743 0.012985872 -0.024342209 -0.010096117 0.999947906 0.001504276 -0.076985702 -0.012970037 -0.001635180 0.999914527 4.948987484
0.999868274 0.008482570 0.013841214 -0.025392488 -0.008498146 0.999963343 0.001067025 -0.077236682 -0.013831655 -0.001184509 0.999903619 4.999577045
0.999900877 0.006514959 0.012470528 -0.023163155 -0.006545432 0.999975741 0.002404455 -0.078731537 -0.012454559 -0.002485842 0.999919355 5.049599171
0.999910653 0.005521411 0.012175783 -0.023449678 -0.005541411 0.999983311 0.001609517 -0.078909576 -0.012166691 -0.001676844 0.999924600 5.097626686
0.999930859 0.004477893 0.010871904 -0.022846308 -0.004495958 0.999988496 0.001637741 -0.079388052 -0.010864443 -0.001686507 0.999939620 5.147078514
0.999948144 0.003331470 0.009629915 -0.022580266 -0.003355863 0.999991238 0.002518078 -0.080599830 -0.009621441 -0.002550264 0.999950528 5.196543217
0.999960899 0.001471756 0.008720413 -0.022049427 -0.001497326 0.999994516 0.002926375 -0.081790417 -0.008716060 -0.002939319 0.999957621 5.245795727
0.999970257 0.001291412 0.007601342 -0.021807436 -0.001311931 0.999995410 0.002694978 -0.082221366 -0.007597828 -0.002704870 0.999967456 5.295871735
0.999980092 0.000787854 0.006259344 -0.021739051 -0.000804965 0.999995947 0.002731535 -0.083436340 -0.006257165 -0.002736520 0.999976695 5.346910477
0.999984980 0.000568674 0.005449403 -0.021783199 -0.000580020 0.999997616 0.002080732 -0.084071420 -0.005448207 -0.002083861 0.999983013 5.392830849
0.999990463 -0.001429933 0.004122141 -0.021394024 0.001430631 0.999998927 -0.000166198 -0.084949054 -0.004121899 0.000172094 0.999991536 5.442932129
0.999970078 -0.007417975 0.002181936 -0.020055721 0.007420157 0.999971926 -0.000993433 -0.085528314 -0.002174505 0.001009594 0.999997139 5.493004799
0.999894977 -0.014347655 0.002021382 -0.020935647 0.014345119 0.999896288 0.001263866 -0.086328514 -0.002039306 -0.001234736 0.999997139 5.541943550
0.999762774 -0.021765837 0.000622553 -0.020858161 0.021764182 0.999759853 0.002550732 -0.086905114 -0.000677923 -0.002536578 0.999996543 5.592897415
0.999699771 -0.024491077 -0.000632857 -0.020830989 0.024490215 0.999699175 -0.001335009 -0.087371379 0.000665362 0.001319110 0.999998868 5.642415047
0.999703884 -0.024333950 0.000161163 -0.020855984 0.024334375 0.999697030 -0.003693093 -0.088706523 -0.000071246 0.003695921 0.999993145 5.689636707
0.999774754 -0.021202486 0.000924561 -0.021193188 0.021207498 0.999758244 -0.005801625 -0.089930773 -0.000801329 0.005819925 0.999982715 5.740527630
0.999807775 -0.019474095 0.002288676 -0.022128984 0.019489411 0.999786377 -0.006871074 -0.090167314 -0.002154380 0.006914357 0.999973774 5.791112423
0.999690294 -0.024785224 0.002225745 -0.020923633 0.024790017 0.999690354 -0.002152109 -0.092207618 -0.002171715 0.002206619 0.999995172 5.838187218
0.999575973 -0.029030249 0.002260936 -0.020236993 0.029030565 0.999578595 -0.000107127 -0.092647113 -0.002256874 0.000172718 0.999997437 5.889248371
0.999428868 -0.033709791 0.002343521 -0.020493645 0.033704560 0.999429286 0.002236292 -0.093980625 -0.002417569 -0.002156027 0.999994755 5.938493252
0.999386668 -0.034944180 0.002275201 -0.019639935 0.034940064 0.999387741 0.001825382 -0.094776809 -0.002337595 -0.001744767 0.999995768 5.987860203
0.999443889 -0.033219352 0.002870300 -0.019391166 0.033212017 0.999444962 0.002566578 -0.095818318 -0.002953967 -0.002469822 0.999992609 6.038734913
0.999588370 -0.028335189 0.004483613 -0.020115649 0.028330440 0.999597967 0.001118744 -0.096160501 -0.004513511 -0.000991261 0.999989331 6.088215828
0.999681771 -0.024660647 0.005313595 -0.019904662 0.024665529 0.999695420 -0.000855356 -0.096997723 -0.005290883 0.000986147 0.999985516 6.137736320
0.999732256 -0.022207554 0.006511452 -0.020671450 0.022218557 0.999751925 -0.001622414 -0.097553417 -0.006473807 0.001766654 0.999977529 6.188606262
0.999785781 -0.019674122 0.006433028 -0.020683896 0.019679593 0.999806106 -0.000788942 -0.098552622 -0.006416258 0.000915372 0.999978960 6.239814281
0.999798417 -0.019010792 0.006462435 -0.020195734 0.019012118 0.999819160 -0.000143548 -0.100007407 -0.006458538 0.000266384 0.999979079 6.287526608
0.999861121 -0.015490887 0.006148666 -0.019950423 0.015509270 0.999875307 -0.002952993 -0.100966133 -0.006102155 0.003047945 0.999976754 6.338735104
0.999913156 -0.011952214 0.005554629 -0.020066384 0.011985290 0.999910355 -0.005959955 -0.101360500 -0.005482896 0.006026011 0.999966741 6.388483047
0.999961078 -0.007273339 0.005022253 -0.019760706 0.007308250 0.999949038 -0.006968273 -0.102856070 -0.004971315 0.007004705 0.999963045 6.437757969
0.999984920 -0.001430236 0.005318390 -0.019973818 0.001462661 0.999980390 -0.006097784 -0.104059950 -0.005309564 0.006105470 0.999967277 6.488689423
0.999982417 0.001823723 0.005655909 -0.020264149 -0.001799125 0.999988973 -0.004351187 -0.105323270 -0.005663782 0.004340935 0.999974549 6.541364193
0.999983132 -0.000126361 0.005802275 -0.020175941 0.000135776 0.999998689 -0.001622226 -0.105780765 -0.005802062 0.001622987 0.999981880 6.588991165
0.999982893 -0.000738004 0.005799925 -0.020728644 0.000746690 0.999998629 -0.001495553 -0.106051356 -0.005798813 0.001499858 0.999982119 6.637345314
0.999985754 -0.004653733 0.002605001 -0.019061547 0.004655931 0.999988854 -0.000838465 -0.107436731 -0.002601071 0.000850582 0.999996305 6.691751957
0.999985576 -0.005196764 0.001347118 -0.020286057 0.005203526 0.999973595 -0.005065841 -0.108268112 -0.001320756 0.005072777 0.999986231 6.740404606
0.999995112 -0.003084983 -0.000510840 -0.019939661 0.003079941 0.999949217 -0.009594071 -0.109277710 0.000540411 0.009592451 0.999953866 6.793221951
0.999999285 0.001131784 -0.000480802 -0.022237841 -0.001136473 0.999950707 -0.009867139 -0.110440701 0.000469611 0.009867679 0.999951243 6.843698502
0.999984801 0.005481537 -0.000625000 -0.021890664 -0.005486852 0.999945879 -0.008842601 -0.112761781 0.000576495 0.008845895 0.999960721 6.893455982
0.999972165 0.007461025 -0.000091356 -0.022922417 -0.007461423 0.999956369 -0.005633941 -0.113320783 0.000049317 0.005634466 0.999984145 6.944941044
0.999959826 0.008962074 0.000524315 -0.023242187 -0.008960195 0.999953866 -0.003484988 -0.114734426 -0.000555524 0.003480150 0.999993801 6.996364117
0.999977112 0.006769053 0.000085877 -0.023172783 -0.006768832 0.999974310 -0.002356663 -0.115544856 -0.000101828 0.002356028 0.999997199 7.046337128
0.999985337 0.005412926 -0.000046316 -0.023239885 -0.005412997 0.999983847 -0.001707448 -0.116516069 0.000037072 0.001707673 0.999998510 7.098902225
0.999997258 0.002349460 0.000251945 -0.024130221 -0.002349150 0.999996483 -0.001221134 -0.117043927 -0.000254813 0.001220538 0.999999225 7.151492596
0.999999642 0.000310979 0.000780543 -0.024220759 -0.000309938 0.999999046 -0.001333145 -0.118409507 -0.000780957 0.001332902 0.999998808 7.200574875
0.999993384 -0.003317128 0.001488779 -0.025029585 0.003317711 0.999994397 -0.000389298 -0.119197533 -0.001487479 0.000394235 0.999998808 7.254479885
0.999980807 -0.005790244 0.002195282 -0.025998116 0.005787828 0.999982595 0.001106086 -0.120808877 -0.002201648 -0.001093359 0.999996960 7.305802822
0.999946713 -0.010152510 0.001877813 -0.024093775 0.010150361 0.999947846 0.001151481 -0.120815895 -0.001889406 -0.001132359 0.999997556 7.356381416
0.999966502 -0.007886428 0.002188865 -0.024427425 0.007894023 0.999962807 -0.003482424 -0.121453181 -0.002161320 0.003499586 0.999991536 7.408975601
0.999996841 -0.000291900 0.002497579 -0.025526170 0.000314094 0.999960423 -0.008890392 -0.122401536 -0.002494885 0.008891148 0.999957323 7.461916924
0.999954700 0.008631606 0.004006466 -0.025813291 -0.008597436 0.999927104 -0.008469535 -0.123740941 -0.004079280 0.008434707 0.999956131 7.513702869
0.999866664 0.015498045 0.005139719 -0.026355870 -0.015473821 0.999869049 -0.004720017 -0.124815673 -0.005212197 0.004639857 0.999975681 7.566657066
0.999832749 0.017381035 0.005693039 -0.026103929 -0.017367316 0.999846101 -0.002450302 -0.125967637 -0.005734752 0.002351019 0.999980807 7.618512630
0.999852419 0.016187822 0.005739184 -0.026323877 -0.016173750 0.999866009 -0.002489881 -0.126735687 -0.005778721 0.002396690 0.999980450 7.672889233
0.999903738 0.013097040 0.004588068 -0.026475314 -0.013085646 0.999911189 -0.002504960 -0.127805948 -0.004620469 0.002444681 0.999986351 7.725485325
0.999924600 0.011804688 0.003374807 -0.025757084 -0.011794226 0.999925554 -0.003102860 -0.128610939 -0.003411183 0.003062823 0.999989510 7.778900146
0.999929309 0.011553937 0.002786636 -0.025880584 -0.011544191 0.999927282 -0.003488411 -0.129800543 -0.002826738 0.003455996 0.999989986 7.832212448
0.999924600 0.012008511 0.002579840 -0.026475534 -0.012000068 0.999922693 -0.003264052 -0.130650908 -0.002618836 0.003232848 0.999991298 7.885776520
0.999900818 0.013781319 0.002886695 -0.027203701 -0.013771802 0.999899745 -0.003291466 -0.130883753 -0.002931766 0.003251384 0.999990463 7.939044952
0.999905765 0.013491875 0.002528338 -0.026709091 -0.013483315 0.999903381 -0.003372563 -0.132570550 -0.002573596 0.003338154 0.999991119 7.992630005
0.999923468 0.012229374 0.001832061 -0.027118217 -0.012222035 0.999917388 -0.003963914 -0.133931711 -0.001880386 0.003941219 0.999990463 8.047348022
0.999898255 0.014057559 0.002414815 -0.027538201 -0.014045793 0.999889672 -0.004821820 -0.135324955 -0.002482332 0.004787411 0.999985456 8.099401474
0.999919295 0.012598646 0.001638301 -0.027276020 -0.012591482 0.999911427 -0.004313078 -0.136416465 -0.001692495 0.004292102 0.999989331 8.155045509
0.999911189 0.013233822 0.001603496 -0.028062476 -0.013225675 0.999900103 -0.004989658 -0.136718065 -0.001669368 0.004968007 0.999986291 8.210707664
0.999924302 0.012262235 0.000974590 -0.027562581 -0.012256602 0.999909282 -0.005591064 -0.137185618 -0.001043061 0.005578696 0.999983907 8.263319969
0.999910533 0.013353688 0.000779406 -0.028345432 -0.013349500 0.999897480 -0.005154501 -0.139683887 -0.000848158 0.005143635 0.999986351 8.318264008
0.999905705 0.013729092 0.000084557 -0.027922478 -0.013728471 0.999892354 -0.005169087 -0.140914589 -0.000155515 0.005167440 0.999986649 8.373780251
0.999895990 0.014421938 -0.000143396 -0.028194919 -0.014422495 0.999881983 -0.005283863 -0.142021209 0.000067176 0.005285381 0.999985993 8.429249763
0.999918163 0.012794333 -0.000015901 -0.029036075 -0.012794222 0.999902606 -0.005579295 -0.142595917 -0.000055483 0.005579042 0.999984443 8.482783318
0.999931514 0.011705254 -0.000066129 -0.029333683 -0.011705440 0.999917686 -0.005259053 -0.144561425 0.000004565 0.005259467 0.999986172 8.538194656
0.999952793 0.009720676 -0.000204829 -0.029372063 -0.009721722 0.999935150 -0.005924349 -0.145042390 0.000147227 0.005926060 0.999982417 8.592643738
0.999964714 0.008395855 0.000187232 -0.029846940 -0.008394905 0.999954224 -0.004593621 -0.146202296 -0.000225791 0.004591886 0.999989450 8.647829056
0.999952912 0.009700426 0.000256730 -0.029813735 -0.009698998 0.999940157 -0.005072850 -0.147092104 -0.000305923 0.005070121 0.999987125 8.703803062
0.999959171 0.009019339 -0.000436753 -0.029357426 -0.009021332 0.999947786 -0.004799221 -0.148402959 0.000393444 0.004802966 0.999988437 8.757023811
0.999954879 0.009481857 0.000590636 -0.031242982 -0.009478645 0.999941468 -0.005221010 -0.149980977 -0.000640106 0.005215176 0.999986172 8.813562393
0.999943435 0.010613804 0.000739856 -0.030912094 -0.010609653 0.999929130 -0.005406252 -0.150229499 -0.000797184 0.005398096 0.999985039 8.869969368
0.999941170 0.010801972 0.001013475 -0.031353071 -0.010798236 0.999935210 -0.003620615 -0.151303202 -0.001052519 0.003609459 0.999992907 8.927822113
0.999942422 0.010577393 0.001811101 -0.031210795 -0.010573918 0.999942183 -0.001918067 -0.153343305 -0.001831285 0.001898807 0.999996543 8.979650497
0.999932766 0.011153873 0.003178492 -0.032130741 -0.011141927 0.999930859 -0.003751422 -0.154050410 -0.003220116 0.003715755 0.999987900 9.035001755
0.999924123 0.011595366 0.004152916 -0.033048667 -0.011577920 0.999924123 -0.004200021 -0.156329751 -0.004201303 0.004151621 0.999982536 9.089832306
0.999924898 0.011791255 0.003347597 -0.031886332 -0.011777578 0.999922335 -0.004077138 -0.156994492 -0.003395411 0.004037406 0.999986112 9.145268440
0.999936402 0.011024306 0.002370682 -0.031435214 -0.011015877 0.999933064 -0.003539771 -0.157361373 -0.002409547 0.003513430 0.999991000 9.201605797
0.999931633 0.011017497 0.003914833 -0.033864427 -0.011009553 0.999937296 -0.002044969 -0.160018489 -0.003937119 0.002001729 0.999990225 9.258155823
0.999911904 0.012882566 0.003196396 -0.032987107 -0.012873510 0.999913037 -0.002838220 -0.160237387 -0.003232682 0.002796820 0.999990880 9.313028336
0.999902010 0.013598860 0.003325301 -0.033574276 -0.013588858 0.999903083 -0.003012659 -0.160965398 -0.003365948 0.002967176 0.999989986 9.369835854
0.999880254 0.015082984 0.003481621 -0.033360925 -0.015072466 0.999881804 -0.003028223 -0.162031651 -0.003526884 0.002975383 0.999989390 9.424542427
0.999876678 0.015326661 0.003413101 -0.033385269 -0.015318522 0.999879777 -0.002398398 -0.163346067 -0.003449450 0.002345819 0.999991238 9.479948044
0.999906480 0.013322432 0.003081513 -0.033579450 -0.013314825 0.999908268 -0.002475563 -0.164354354 -0.003114210 0.002434303 0.999992132 9.537043571
0.999919116 0.012233404 0.003486216 -0.033847086 -0.012227892 0.999923944 -0.001597657 -0.165328577 -0.003505496 0.001554899 0.999992669 9.592937469
0.999943256 0.010185369 0.003137243 -0.033593088 -0.010180286 0.999946833 -0.001631654 -0.165960148 -0.003153695 0.001599623 0.999993861 9.649949074
0.999967813 0.007445031 0.002984524 -0.033929516 -0.007440346 0.999971092 -0.001578267 -0.167143151 -0.002996188 0.001556010 0.999994218 9.706336975
0.999981463 0.005725440 0.002067241 -0.033260182 -0.005720205 0.999980509 -0.002529409 -0.168052122 -0.002081682 0.002517538 0.999994636 9.762133598
0.999978721 0.005563801 0.003397506 -0.034480337 -0.005558715 0.999983370 -0.001504677 -0.169209972 -0.003405821 0.001485759 0.999993086 9.820014954
0.999986827 0.003709458 0.003528849 -0.033872087 -0.003711715 0.999992907 0.000633335 -0.169886276 -0.003526476 -0.000646424 0.999993503 9.874821663
0.999987245 0.003456061 0.003674661 -0.033989996 -0.003453340 0.999993801 -0.000746462 -0.170702934 -0.003677218 0.000733763 0.999992967 9.930730820
0.999989629 0.001750764 0.004186272 -0.033802137 -0.001746642 0.999997914 -0.000987956 -0.171522304 -0.004187994 0.000980634 0.999990702 9.986699104
0.999983251 0.003130528 0.004888891 -0.033900097 -0.003122966 0.999993861 -0.001553900 -0.172829539 -0.004893725 0.001538605 0.999986768 10.043859482
0.999976277 0.005049586 0.004693510 -0.032877829 -0.005045466 0.999986887 -0.000889347 -0.174061388 -0.004697939 0.000865645 0.999988556 10.101676941
0.999960423 0.006512671 0.006060499 -0.033386052 -0.006504096 0.999977767 -0.001433742 -0.174558014 -0.006069702 0.001394267 0.999980569 10.157210350
0.999944031 0.007012474 0.007911679 -0.034045316 -0.006996159 0.999973357 -0.002087709 -0.175972879 -0.007926107 0.002032241 0.999966502 10.212501526
0.999900758 0.010434634 0.009456804 -0.034414664 -0.010408745 0.999942005 -0.002782704 -0.177144781 -0.009485291 0.002683994 0.999951422 10.268727303
0.999928653 0.007482296 0.009302300 -0.033985235 -0.007445017 0.999964118 -0.004035770 -0.176614672 -0.009332162 0.003966228 0.999948561 10.325767517
0.999911487 0.006857753 0.011396342 -0.034584388 -0.006808911 0.999967456 -0.004319141 -0.178174719 -0.011425589 0.004241162 0.999925733 10.381048203
0.999915063 0.006396916 0.011358818 -0.034128606 -0.006348691 0.999970675 -0.004276724 -0.179207176 -0.011385842 0.004204246 0.999926329 10.440305710
0.999915481 0.005606698 0.011728754 -0.032609522 -0.005571093 0.999979734 -0.003066344 -0.180448189 -0.011745712 0.003000742 0.999926507 10.495365143
0.999911726 0.004671858 0.012438371 -0.032159105 -0.004639813 0.999985814 -0.002603945 -0.181565732 -0.012450363 0.002546003 0.999919236 10.550268173
0.999909103 0.005705114 0.012212830 -0.031243831 -0.005636960 0.999968410 -0.005607780 -0.183069959 -0.012244438 0.005538428 0.999909699 10.607829094
0.999925911 0.003502361 0.011656324 -0.030767888 -0.003417614 0.999967635 -0.007282432 -0.184101403 -0.011681451 0.007242056 0.999905527 10.664212227
0.999923170 0.005118698 0.011286961 -0.030705340 -0.005035013 0.999959707 -0.007430249 -0.185198918 -0.011324538 0.007372850 0.999908686 10.720799446
0.999956846 0.001827837 0.009109318 -0.029602066 -0.001752424 0.999964178 -0.008279821 -0.185966104 -0.009124126 0.008263500 0.999924183 10.778949738
0.999956250 0.002453332 0.009024550 -0.029686093 -0.002376963 0.999961317 -0.008463305 -0.187674791 -0.009044965 0.008441484 0.999923468 10.835247040
0.999969125 0.001858368 0.007635779 -0.028946944 -0.001793499 0.999962330 -0.008493469 -0.188864380 -0.007651275 0.008479511 0.999934793 10.892512321
0.999968946 0.003292087 0.007158086 -0.028564818 -0.003234233 0.999962151 -0.008079025 -0.190563440 -0.007184413 0.008055624 0.999941766 10.948505402
0.999971867 0.003706841 0.006520530 -0.028207920 -0.003653599 0.999960124 -0.008158306 -0.191492230 -0.006550512 0.008134252 0.999945521 11.002439499
0.999981821 0.002669027 0.005405869 -0.028547186 -0.002633078 0.999974430 -0.006646264 -0.193322152 -0.005423471 0.006631910 0.999963284 11.060173988
0.999977052 0.004291750 0.005230740 -0.028929893 -0.004263683 0.999976456 -0.005365207 -0.194414094 -0.005253643 0.005342782 0.999971926 11.116085052
0.999974191 0.004651253 0.005470863 -0.028133247 -0.004623804 0.999976695 -0.005019194 -0.195761994 -0.005494081 0.004993768 0.999972463 11.171893120
0.999968290 0.004865837 0.006312270 -0.028124973 -0.004830955 0.999973059 -0.005529652 -0.196718305 -0.006339007 0.005498983 0.999964833 11.228796959
0.999967098 0.004009358 0.007051693 -0.028368451 -0.003968572 0.999975324 -0.005788390 -0.197824836 -0.007074725 0.005760213 0.999958336 11.284211159
0.999970257 0.001887676 0.007480097 -0.028287210 -0.001837056 0.999975443 -0.006768226 -0.198891997 -0.007492689 0.006754283 0.999949098 11.340072632
0.999969304 0.000264136 0.007832453 -0.028418347 -0.000197391 0.999963701 -0.008521169 -0.200788617 -0.007834419 0.008519362 0.999933004 11.397678375
0.999972999 -0.000277397 0.007340305 -0.027662970 0.000346651 0.999955535 -0.009435258 -0.202082366 -0.007337360 0.009437549 0.999928534 11.454393387
0.999986887 0.000731900 0.005079175 -0.026953999 -0.000677633 0.999942780 -0.010677878 -0.203673497 -0.005086699 0.010674297 0.999930084 11.513566017
0.999992192 0.001246131 0.003754657 -0.028411355 -0.001208999 0.999950528 -0.009875531 -0.204851985 -0.003766777 0.009870915 0.999944210 11.569523811
0.999991298 0.002793110 0.003098333 -0.028208744 -0.002774202 0.999977589 -0.006090328 -0.206695184 -0.003115274 0.006081681 0.999976754 11.626805305
0.999992013 0.001104906 0.003845288 -0.028263550 -0.001091795 0.999993682 -0.003409843 -0.207587153 -0.003849030 0.003405619 0.999986768 11.685009003
0.999991894 0.000123250 0.004032837 -0.028301533 -0.000111261 0.999995589 -0.002973089 -0.208582386 -0.004033185 0.002972617 0.999987423 11.742696762
0.999991536 -0.000875931 0.004008737 -0.028044187 0.000891622 0.999991953 -0.003914306 -0.209750623 -0.004005276 0.003917848 0.999984324 11.800689697
0.999990523 -0.000832717 0.004283352 -0.027852748 0.000850558 0.999991000 -0.004164994 -0.210970804 -0.004279846 0.004168598 0.999982178 11.857948303
0.999988437 -0.001813284 0.004458615 -0.027567089 0.001829943 0.999991357 -0.003735211 -0.212151200 -0.004451803 0.003743326 0.999983072 11.916593552
0.999985516 -0.001991524 0.005009559 -0.027684625 0.002008469 0.999992371 -0.003379817 -0.213569254 -0.005002788 0.003389830 0.999981761 11.972714424
0.999981642 0.000516230 0.006035543 -0.028308287 -0.000486930 0.999988019 -0.004854999 -0.214745253 -0.006037978 0.004851970 0.999970019 12.031791687
0.999974966 0.001938377 0.006818477 -0.028497458 -0.001897940 0.999980509 -0.005931998 -0.215731591 -0.006829843 0.005918908 0.999959171 12.089091301
0.999978721 -0.000286355 0.006514098 -0.026285529 0.000309435 0.999993682 -0.003542386 -0.216974631 -0.006513042 0.003544327 0.999972522 12.148577690
0.999946594 -0.000512587 0.010323448 -0.033116087 0.000540002 0.999996364 -0.002652979 -0.218241453 -0.010322050 0.002658413 0.999943256 12.199138641
0.999974906 -0.001601165 0.006892885 -0.026454769 0.001630823 0.999989390 -0.004299272 -0.219553798 -0.006885928 0.004310405 0.999966979 12.264030457
0.999979258 -0.001880450 0.006154911 -0.024909884 0.001901075 0.999992609 -0.003346912 -0.221107900 -0.006148572 0.003358544 0.999975443 12.321770668
0.999980032 0.000576864 0.006289850 -0.025572568 -0.000541654 0.999984145 -0.005598127 -0.222266138 -0.006292980 0.005594607 0.999964535 12.377641678
0.999977648 0.003069100 0.005943756 -0.026242197 -0.003014719 0.999953628 -0.009136679 -0.223378360 -0.005971523 0.009118557 0.999940574 12.435585976
0.999974310 0.004508020 0.005582816 -0.026049919 -0.004458898 0.999951422 -0.008780183 -0.224772781 -0.005622127 0.008755066 0.999945879 12.491438866
0.999978721 0.004863517 0.004343217 -0.026193853 -0.004842381 0.999976397 -0.004863914 -0.226495549 -0.004366771 0.004842778 0.999978721 12.549222946
0.999977946 0.005755834 0.003292678 -0.026145082 -0.005751070 0.999982357 -0.001454374 -0.228085145 -0.003300991 0.001435406 0.999993503 12.605938911
0.999975383 0.006762298 0.001855281 -0.026384057 -0.006756015 0.999971509 -0.003371636 -0.229006484 -0.001878028 0.003359019 0.999992549 12.664752960
0.999979794 0.006309628 0.000640475 -0.026972694 -0.006306254 0.999966979 -0.005139198 -0.230100214 -0.000672880 0.005135055 0.999986589 12.720214844
0.999987006 0.004640379 -0.002072990 -0.026373599 -0.004647385 0.999983490 -0.003387696 -0.231887832 0.002057236 0.003397286 0.999992132 12.778344154
0.999991536 0.002675163 -0.003107292 -0.026718872 -0.002684100 0.999992251 -0.002875701 -0.232877821 0.003099575 0.002884017 0.999991059 12.836088181
0.999990523 0.003060684 -0.003101077 -0.027388535 -0.003071764 0.999988914 -0.003574823 -0.234425396 0.003090101 0.003584315 0.999988794 12.892339706
0.999993026 0.002206287 -0.003029983 -0.027982874 -0.002220666 0.999986351 -0.004750237 -0.235390589 0.003019461 0.004756932 0.999984086 12.950001717
0.999991000 0.002230288 -0.003595165 -0.028404580 -0.002248017 0.999985278 -0.004934890 -0.236162335 0.003584106 0.004942928 0.999981403 13.005534172
0.999993861 0.000818556 -0.003413969 -0.028819239 -0.000834323 0.999988973 -0.004619789 -0.238257021 0.003410150 0.004622610 0.999983430 13.063433647
0.999995232 0.000541432 -0.003054799 -0.029783083 -0.000555448 0.999989271 -0.004589234 -0.240302712 0.003052282 0.004590909 0.999984741 13.119404793
0.999992788 0.000836859 -0.003691300 -0.029544836 -0.000859008 0.999981761 -0.006002833 -0.240786761 0.003686209 0.006005961 0.999975145 13.177315712
0.999993563 0.000531736 -0.003553177 -0.030024569 -0.000554222 0.999979854 -0.006330498 -0.241820335 0.003549739 0.006332426 0.999973655 13.233761787
0.999994457 0.000895137 -0.003248865 -0.030566432 -0.000916657 0.999977529 -0.006628362 -0.243502855 0.003242860 0.006631302 0.999972701 13.290838242
0.999995530 -0.000427282 -0.002959305 -0.030698717 0.000403535 0.999967635 -0.008020270 -0.244579643 0.002962637 0.008019039 0.999963462 13.345871925
0.999992490 -0.001937743 -0.003360930 -0.031283852 0.001916731 0.999978602 -0.006243843 -0.246094570 0.003372958 0.006237353 0.999974847 13.404314995
0.999991179 -0.003442189 -0.002400222 -0.032028209 0.003428473 0.999977887 -0.005695208 -0.247153506 0.002419773 0.005686928 0.999980867 13.459954262
0.999985278 -0.004205291 -0.003433421 -0.031669158 0.004183367 0.999970913 -0.006367924 -0.248751581 0.003460099 0.006353466 0.999973834 13.518391609
0.999988437 -0.003457646 -0.003359620 -0.031783625 0.003434465 0.999970436 -0.006881323 -0.250029027 0.003383314 0.006869705 0.999970675 13.574570656
0.999993980 -0.002321848 -0.002585353 -0.032971494 0.002307985 0.999983013 -0.005352244 -0.251883596 0.002597736 0.005346246 0.999982297 13.630958557
0.999993324 -0.001349465 -0.003398689 -0.032389015 0.001335506 0.999990702 -0.004105991 -0.253431916 0.003404198 0.004101426 0.999985814 13.687664986
0.999997318 -0.000927912 -0.002103233 -0.033667132 0.000918607 0.999989808 -0.004420982 -0.254559219 0.002107314 0.004419039 0.999988019 13.744101524
0.999998093 -0.001337172 -0.001463709 -0.034510802 0.001328692 0.999982476 -0.005779454 -0.255566508 0.001471411 0.005777498 0.999982297 13.800753593
0.999998868 -0.000750010 -0.001306964 -0.034672089 0.000742522 0.999983370 -0.005720045 -0.256825209 0.001311232 0.005719068 0.999982774 13.858396530
0.999998391 0.000090279 -0.001786340 -0.034549050 -0.000102180 0.999977708 -0.006663331 -0.257945597 0.001785699 0.006663504 0.999976218 13.917033195
0.999998748 0.001556081 -0.000350451 -0.035907071 -0.001558052 0.999982536 -0.005692328 -0.259441137 0.000341587 0.005692867 0.999983728 13.973251343
0.999997497 0.002111579 -0.000782172 -0.035925917 -0.002115441 0.999985397 -0.004968460 -0.260376215 0.000771669 0.004970102 0.999987364 14.031250954
0.999988079 0.004854030 0.000361559 -0.037024170 -0.004851484 0.999965549 -0.006737376 -0.261517644 -0.000394250 0.006735540 0.999977171 14.088578224
0.999974668 0.007059846 0.000786967 -0.037417863 -0.007053798 0.999947429 -0.007438151 -0.262898028 -0.000839437 0.007432413 0.999971986 14.145155907
0.999975562 0.006866933 0.001258120 -0.037526235 -0.006857686 0.999950469 -0.007211061 -0.264265656 -0.001307576 0.007202257 0.999973238 14.200399399
0.999957502 0.009103754 0.001457479 -0.037900899 -0.009094644 0.999939740 -0.006138292 -0.266244620 -0.001513273 0.006124776 0.999980211 14.258667946
