0.999999821 -0.000538381 -0.000249683 -0.000151175 0.000538810 0.999998391 0.001720855 -0.000548407 0.000248756 -0.001720989 0.999998510 0.034560546
0.999998271 -0.001789221 -0.000449725 -0.000356507 0.001789975 0.999996960 0.001682956 -0.001058383 0.000446712 -0.001683757 0.999998510 0.068805985
0.999994695 -0.003200517 -0.000618880 -0.000407783 0.003200918 0.999994695 0.000647730 -0.001469445 0.000616804 -0.000649708 0.999999583 0.103124008
0.999992907 -0.003751874 -0.000400141 -0.000634395 0.003752200 0.999992609 0.000815861 -0.002061215 0.000397077 -0.000817357 0.999999523 0.137434393
0.999990702 -0.004284367 -0.000525297 -0.000598411 0.004285181 0.999989629 0.001558880 -0.002488391 0.000518612 -0.001561117 0.999998629 0.172349066
0.999983788 -0.005679339 -0.000147565 -0.000836740 0.005679740 0.999979734 0.002885849 -0.003059719 0.000131173 -0.002886640 0.999995828 0.206943423
0.999987185 -0.005054855 -0.000220322 -0.000937586 0.005055557 0.999981761 0.003312047 -0.003487475 0.000203576 -0.003313117 0.999994516 0.242369339
0.999989986 -0.004368452 -0.000896883 -0.001097361 0.004369853 0.999989212 0.001565624 -0.004108342 0.000890034 -0.001569527 0.999998391 0.276880622
0.999998748 -0.001177189 -0.000992834 -0.001392957 0.001176510 0.999999046 -0.000684326 -0.004545092 0.000993639 0.000683157 0.999999344 0.312261611
0.999998510 0.001611808 -0.000542532 -0.001744220 -0.001612536 0.999997795 -0.001342678 -0.005249150 0.000540367 0.001343551 0.999998868 0.346937567
0.999989212 0.004618481 -0.000449710 -0.002077456 -0.004619080 0.999988437 -0.001339515 -0.006007107 0.000443518 0.001341578 0.999998927 0.382676035
0.999987364 0.005004236 -0.000452676 -0.002284440 -0.005004511 0.999987304 -0.000609016 -0.006417506 0.000449622 0.000611274 0.999999642 0.417088151
0.999995768 0.002715618 -0.001015856 -0.002007026 -0.002713568 0.999994278 0.002014528 -0.006903555 0.001021320 -0.002011763 0.999997497 0.453391135
0.999998868 -0.001468369 -0.000348281 -0.002231317 0.001469732 0.999991119 0.003945544 -0.007548676 0.000342484 -0.003946053 0.999992132 0.488218516
0.999991894 -0.004017255 -0.000416082 -0.002448018 0.004017950 0.999990523 0.001680242 -0.008148797 0.000409328 -0.001681900 0.999998450 0.524415374
0.999985695 -0.005300340 -0.000732295 -0.002264925 0.005300207 0.999985933 -0.000184565 -0.008639228 0.000733263 0.000180681 0.999999642 0.559349895
0.999994695 -0.003231550 -0.000512119 -0.002502817 0.003230690 0.999993384 -0.001672292 -0.009216929 0.000517519 0.001670628 0.999998450 0.595232904
0.999999762 -0.000074533 0.000676031 -0.002793110 0.000074479 1.000000119 0.000080181 -0.009644897 -0.000676038 -0.000080130 0.999999702 0.630977333
0.999999046 0.000536342 0.001237148 -0.003092653 -0.000541116 0.999992430 0.003862452 -0.010309402 -0.001235067 -0.003863117 0.999991775 0.667403460
0.999995887 -0.002297926 0.001727390 -0.003049060 0.002288445 0.999982417 0.005470184 -0.010490774 -0.001739930 -0.005466209 0.999983549 0.702718079
0.999976397 -0.006657745 0.001706062 -0.003541653 0.006651811 0.999971807 0.003460388 -0.010844599 -0.001729053 -0.003448959 0.999992549 0.738360047
0.999978006 -0.006559108 0.001093988 -0.003020263 0.006557323 0.999977291 0.001627030 -0.011515636 -0.001104635 -0.001619821 0.999998093 0.774431586
0.999979556 -0.005881663 0.002537513 -0.003845505 0.005885082 0.999981761 -0.001341805 -0.011924178 -0.002529575 0.001356711 0.999995887 0.810234666
0.999990404 -0.003309952 0.002865344 -0.003655906 0.003315038 0.999992907 -0.001771902 -0.012591543 -0.002859459 0.001781383 0.999994338 0.846761703
0.999992192 -0.002378788 0.003162610 -0.003937026 0.002391074 0.999989510 -0.003886536 -0.013201958 -0.003153332 0.003894068 0.999987483 0.882922173
0.999994397 -0.001805958 0.002807979 -0.003689283 0.001815102 0.999993026 -0.003257342 -0.013934256 -0.002802077 0.003262421 0.999990821 0.919744015
0.999995291 -0.001246550 0.002814147 -0.003811733 0.001252690 0.999996841 -0.002181046 -0.014499603 -0.002811419 0.002184561 0.999993622 0.956197798
0.999996185 -0.000118377 0.002770772 -0.004442845 0.000120797 0.999999642 -0.000872999 -0.014965354 -0.002770668 0.000873330 0.999995828 0.992481887
0.999995112 0.001919076 0.002487667 -0.004600788 -0.001918709 0.999998093 -0.000149885 -0.015480978 -0.002487950 0.000145111 0.999996901 1.029086471
0.999984086 0.005047981 0.002577622 -0.004142895 -0.005046630 0.999987125 -0.000530161 -0.016520603 -0.002580266 0.000517144 0.999996483 1.066718698
0.999964297 0.007889196 0.003047559 -0.004628640 -0.007889147 0.999968827 -0.000028742 -0.017234385 -0.003047691 0.000004698 0.999995351 1.103658080
0.999970078 0.007531518 0.001819614 -0.004307256 -0.007532435 0.999971449 0.000498536 -0.018110083 -0.001815808 -0.000512227 0.999998212 1.140704036
0.999975026 0.006822865 0.001858723 -0.004618017 -0.006822442 0.999976695 -0.000233258 -0.018296186 -0.001860272 0.000220571 0.999998271 1.178355217
0.999983728 0.005660880 0.000762486 -0.004393103 -0.005660368 0.999983728 -0.000672422 -0.018799176 -0.000766280 0.000668095 0.999999523 1.215072870
0.999986887 0.005110328 0.000517473 -0.005225654 -0.005110284 0.999987006 -0.000086554 -0.019472240 -0.000517909 0.000083909 0.999999821 1.251434088
0.999982893 0.005831985 -0.000430823 -0.005450842 -0.005831719 0.999982774 0.000612461 -0.020051375 0.000434388 -0.000609938 0.999999702 1.289235473
0.999980867 0.005992866 -0.001563618 -0.005748127 -0.005991414 0.999981582 0.000931940 -0.020889660 0.001569175 -0.000922554 0.999998331 1.326678276
0.999980092 0.005770259 -0.002557333 -0.006291283 -0.005766500 0.999982238 0.001474892 -0.021643160 0.002565798 -0.001460116 0.999995649 1.364187837
0.999977171 0.005807731 -0.003439763 -0.006779093 -0.005801720 0.999981582 0.001755095 -0.021966135 0.003449892 -0.001735098 0.999992549 1.401033163
0.999978065 0.004452867 -0.004892828 -0.006940366 -0.004440413 0.999986887 0.002553215 -0.022475563 0.004904134 -0.002531433 0.999984801 1.437800646
0.999985278 0.003025252 -0.004502663 -0.007457783 -0.003013539 0.999992073 0.002605862 -0.022842102 0.004510511 -0.002592255 0.999986470 1.475984454
0.999988258 0.000963318 -0.004741425 -0.007884054 -0.000957068 0.999998689 0.001320229 -0.023275103 0.004742691 -0.001315676 0.999987900 1.514066577
0.999984980 -0.001055228 -0.005383808 -0.008409378 0.001067990 0.999996603 0.002368312 -0.024189290 0.005381290 -0.002374026 0.999982715 1.551918745
0.999986351 -0.002201033 -0.004721037 -0.008378401 0.002215438 0.999992907 0.003048133 -0.024590908 0.004714294 -0.003058551 0.999984145 1.587473273
0.999985278 -0.002911192 -0.004571345 -0.008195545 0.002930598 0.999986649 0.004244350 -0.025540179 0.004558928 -0.004257684 0.999980569 1.623436332
0.999984026 -0.003696293 -0.004277401 -0.008152809 0.003713667 0.999984801 0.004060917 -0.026159618 0.004262326 -0.004076737 0.999982536 1.657418609
0.999977171 -0.005996191 -0.003105362 -0.009466311 0.006004796 0.999978065 0.002768947 -0.026502714 0.003088691 -0.002787530 0.999991357 1.697839379
0.999984443 -0.004977243 -0.002511330 -0.009701733 0.004982464 0.999985397 0.002076975 -0.026991067 0.002500956 -0.002089455 0.999994695 1.734010339
0.999993682 -0.003126034 -0.001683769 -0.009874654 0.003128228 0.999994338 0.001302024 -0.027007848 0.001679689 -0.001307283 0.999997675 1.771818757
0.999999166 -0.000191682 -0.001271244 -0.010327256 0.000195877 0.999994636 0.003300493 -0.027982328 0.001270604 -0.003300739 0.999993742 1.807675958
0.999996603 0.002595529 -0.000117435 -0.011178384 -0.002595005 0.999987543 0.004260087 -0.028402526 0.000128491 -0.004259767 0.999990880 1.843958139
0.999986053 0.005281522 -0.000017197 -0.011242206 -0.005281352 0.999971449 0.005412629 -0.029089276 0.000045783 -0.005412464 0.999985337 1.881080627
0.999936521 0.011240900 0.000748311 -0.011410916 -0.011244076 0.999927282 0.004383693 -0.029371254 -0.000698979 -0.004391829 0.999990106 1.918024302
0.999900639 0.014055086 0.001085684 -0.012136839 -0.014058747 0.999895215 0.003440598 -0.029653773 -0.001037212 -0.003455520 0.999993443 1.956000328
0.999858141 0.016667148 0.002390373 -0.012358730 -0.016675873 0.999854147 0.003676871 -0.030713938 -0.002328742 -0.003716212 0.999990404 1.991205215
0.999850810 0.017024569 0.002916086 -0.012577883 -0.017035756 0.999847472 0.003855101 -0.030826718 -0.002850010 -0.003904204 0.999988317 2.027392387
0.999845147 0.017218128 0.003635030 -0.013019687 -0.017227886 0.999848068 0.002670591 -0.031389844 -0.003588496 -0.002732801 0.999989808 2.063688040
0.999898136 0.014074753 0.002381394 -0.012613707 -0.014080522 0.999897897 0.002423165 -0.032060057 -0.002347045 -0.002456449 0.999994278 2.099617720
0.999919832 0.012561265 0.001591478 -0.012409443 -0.012564689 0.999918699 0.002161901 -0.031719819 -0.001564193 -0.002181724 0.999996364 2.137569189
0.999916077 0.012874295 0.001491209 -0.013396470 -0.012877640 0.999914587 0.002258197 -0.032309666 -0.001462009 -0.002277211 0.999996364 2.174420595
0.999915898 0.012918341 0.001119323 -0.013023699 -0.012920240 0.999915123 0.001704854 -0.033018772 -0.001097204 -0.001719173 0.999997914 2.209107876
0.999921620 0.012521140 -0.000002939 -0.012916693 -0.012521097 0.999918580 0.002453110 -0.033804372 0.000033655 -0.002452881 0.999997020 2.246751547
0.999921560 0.012480346 -0.001048715 -0.012624274 -0.012476965 0.999917090 0.003172609 -0.034693949 0.001088224 -0.003159275 0.999994397 2.281789780
0.999941051 0.010709601 -0.001760607 -0.013811631 -0.010702668 0.999935091 0.003901269 -0.034975149 0.001802274 -0.003882196 0.999990821 2.319142818
0.999958336 0.008607883 -0.003042390 -0.013670621 -0.008595185 0.999954402 0.004162508 -0.035407171 0.003078082 -0.004136185 0.999986708 2.354000330
0.999975324 0.005699690 -0.004100312 -0.013905156 -0.005678818 0.999970973 0.005084296 -0.036263619 0.004129172 -0.005060886 0.999978662 2.390604973
0.999979556 0.004300575 -0.004712182 -0.013783013 -0.004280161 0.999981463 0.004333666 -0.036776785 0.004730733 -0.004313407 0.999979556 2.426309347
0.999980867 0.003939711 -0.004758886 -0.014451999 -0.003924670 0.999987304 0.003166138 -0.036897037 0.004771299 -0.003147401 0.999983668 2.462326765
0.999980867 0.002723124 -0.005557943 -0.014573522 -0.002702478 0.999989450 0.003718926 -0.037735332 0.005568011 -0.003703834 0.999977648 2.497091770
0.999980628 0.002872253 -0.005527841 -0.014517704 -0.002855709 0.999991417 0.002998480 -0.038378857 0.005536406 -0.002982636 0.999980271 2.532525539
0.999981880 0.003472410 -0.004922565 -0.015577175 -0.003460317 0.999991000 0.002463205 -0.039055925 0.004931074 -0.002446127 0.999984860 2.568356276
0.999976039 0.005165118 -0.004610148 -0.016087011 -0.005153463 0.999983609 0.002536691 -0.039489277 0.004623174 -0.002512872 0.999986172 2.603211164
0.999975204 0.005330245 -0.004604342 -0.016090620 -0.005311653 0.999977648 0.004040587 -0.039893843 0.004625778 -0.004016029 0.999981225 2.639048100
0.999972641 0.005867314 -0.004517142 -0.016355941 -0.005840162 0.999964893 0.006000919 -0.040729307 0.004552193 -0.005974374 0.999971807 2.674048901
0.999974251 0.005366911 -0.004753626 -0.016471907 -0.005346937 0.999976873 0.004204676 -0.041244891 0.004776083 -0.004179150 0.999979854 2.708131790
0.999971569 0.006428796 -0.003935514 -0.017223906 -0.006423468 0.999978423 0.001364976 -0.041358903 0.003944205 -0.001339657 0.999991298 2.742175102
0.999975920 0.005202489 -0.004596162 -0.017204558 -0.005200303 0.999986291 0.000487383 -0.042140659 0.004598635 -0.000463469 0.999989331 2.777177811
0.999984324 0.003674926 -0.004230448 -0.017557353 -0.003668496 0.999992073 0.001526591 -0.042698149 0.004236024 -0.001511048 0.999989927 2.811659813
0.999991953 0.000302031 -0.004006464 -0.017733665 -0.000286317 0.999992192 0.003922175 -0.043271836 0.004007618 -0.003920996 0.999984264 2.846128702
0.999995828 0.000113067 -0.002893150 -0.018091539 -0.000100969 0.999991298 0.004181391 -0.043917581 0.002893598 -0.004181081 0.999987125 2.881182432
0.999994934 -0.002171676 -0.002316800 -0.018274426 0.002179053 0.999992549 0.003186385 -0.044419643 0.002309863 -0.003191417 0.999992251 2.915032625
0.999998868 -0.000408763 -0.001431455 -0.018731166 0.000409764 0.999999762 0.000699137 -0.044723053 0.001431168 -0.000699723 0.999998689 2.949175119
0.999997616 0.002116734 -0.000552697 -0.018645018 -0.002117670 0.999996305 -0.001699512 -0.045388587 0.000549097 0.001700678 0.999998391 2.983362913
0.999986827 0.005107729 0.000628221 -0.018800994 -0.005106617 0.999985397 -0.001759070 -0.045851182 -0.000637197 0.001755838 0.999998212 3.016870260
0.999976695 0.006445689 0.002252879 -0.019246381 -0.006447303 0.999978900 0.000709402 -0.046722114 -0.002248259 -0.000723910 0.999997139 3.051777840
0.999978900 0.005743292 0.003038937 -0.019180696 -0.005753404 0.999977887 0.003329075 -0.047267716 -0.003019749 -0.003346489 0.999989808 3.086248636
0.999974430 0.005882383 0.004060985 -0.019292049 -0.005894884 0.999977827 0.003073271 -0.047481708 -0.004042817 -0.003097132 0.999987006 3.119863033
0.999969423 0.005855902 0.005169000 -0.019315667 -0.005868344 0.999979913 0.002394989 -0.047833513 -0.005154871 -0.002425250 0.999983728 3.154275417
0.999938786 0.008963043 0.006481819 -0.019362224 -0.008976681 0.999957502 0.002078327 -0.048603952 -0.006462916 -0.002136386 0.999976754 3.188301802
0.999915600 0.010588394 0.007527482 -0.019242100 -0.010600822 0.999942422 0.001613055 -0.048993610 -0.007509969 -0.001692716 0.999970376 3.223240137
0.999895334 0.011599571 0.008652688 -0.019352118 -0.011601106 0.999932647 0.000127302 -0.049480796 -0.008650629 -0.000227670 0.999962568 3.257644892
0.999860346 0.013447629 0.009919818 -0.019252431 -0.013443076 0.999909520 -0.000525368 -0.050107822 -0.009925986 0.000391942 0.999950647 3.291476727
0.999880731 0.011402138 0.010418044 -0.018700443 -0.011400321 0.999935091 -0.000233783 -0.050600734 -0.010420033 0.000114986 0.999945700 3.325911522
0.999870718 0.011335399 0.011404088 -0.018406868 -0.011342817 0.999935508 0.000586020 -0.051254921 -0.011396709 -0.000715298 0.999934793 3.360396862
0.999865055 0.010597902 0.012551876 -0.018535208 -0.010618137 0.999942422 0.001546769 -0.052149713 -0.012534762 -0.001679838 0.999919951 3.394310713
0.999863088 0.010385014 0.012885972 -0.018355306 -0.010411727 0.999943733 0.002007823 -0.052824866 -0.012864396 -0.002141713 0.999914944 3.429476023
0.999878705 0.008505423 0.013042909 -0.018017523 -0.008537742 0.999960542 0.002424399 -0.053643014 -0.013021774 -0.002535462 0.999911964 3.464571714
0.999898493 0.006556880 0.012649171 -0.017679363 -0.006594518 0.999973953 0.002936048 -0.053916231 -0.012629591 -0.003019165 0.999915659 3.497490883
0.999916553 0.004827413 0.011980794 -0.017479241 -0.004850940 0.999986351 0.001935360 -0.053997096 -0.011971288 -0.001993317 0.999926329 3.532481909
0.999928176 0.004683695 0.011025819 -0.016858198 -0.004702083 0.999987543 0.001642383 -0.054347176 -0.011017989 -0.001694110 0.999937773 3.566703796
0.999950409 0.002786910 0.009552320 -0.016723085 -0.002815473 0.999991596 0.002978108 -0.055327378 -0.009543942 -0.003004855 0.999949872 3.600931883
0.999958277 0.002116391 0.008873964 -0.016712531 -0.002144683 0.999992728 0.003179916 -0.055923693 -0.008867169 -0.003198816 0.999955535 3.635590315
0.999972105 0.001113869 0.007374789 -0.016508920 -0.001138430 0.999993861 0.003327069 -0.056523353 -0.007371037 -0.003335373 0.999967277 3.669693708
0.999980569 0.000508113 0.006214897 -0.016325274 -0.000524613 0.999996305 0.002653566 -0.056997940 -0.006213527 -0.002656774 0.999977171 3.703722954
0.999982655 0.000488291 0.005871596 -0.016934657 -0.000503242 0.999996603 0.002545144 -0.057548776 -0.005870334 -0.002548055 0.999979556 3.738118649
0.999988854 -0.001574886 0.004462592 -0.016426964 0.001576401 0.999998689 -0.000335941 -0.057893526 -0.004462058 0.000342972 0.999989986 3.772139311
0.999974251 -0.006543046 0.002944861 -0.015697494 0.006544287 0.999978423 -0.000411968 -0.058690168 -0.002942102 0.000431230 0.999995589 3.806340694
0.999893010 -0.014524097 0.001720863 -0.015467832 0.014519929 0.999891698 0.002409969 -0.059479520 -0.001755679 -0.002384725 0.999995589 3.839771032
0.999783278 -0.020806713 0.000514902 -0.015494805 0.020804644 0.999776483 0.003739308 -0.059834071 -0.000592589 -0.003727785 0.999992847 3.874630690
0.999692142 -0.024802273 -0.000646665 -0.015409082 0.024802340 0.999692380 0.000102425 -0.060260549 0.000643926 -0.000118432 0.999999762 3.909046888
0.999713540 -0.023929929 -0.000569615 -0.015100267 0.023928210 0.999709666 -0.002854309 -0.061064780 0.000637753 0.002839862 0.999995768 3.944401503
0.999796510 -0.020156167 0.000814990 -0.015562162 0.020159977 0.999784410 -0.004975776 -0.061831266 -0.000714522 0.004991193 0.999987304 3.977663279
0.999788523 -0.020530254 0.001213867 -0.015643187 0.020536160 0.999776244 -0.005071780 -0.062575474 -0.001109470 0.005095634 0.999986410 4.012530327
0.999716997 -0.023685900 0.002245890 -0.015910849 0.023689386 0.999718189 -0.001536290 -0.063192680 -0.002208869 0.001589059 0.999996305 4.046666145
0.999563575 -0.029440889 0.002463978 -0.015598363 0.029437855 0.999565840 0.001257133 -0.063863888 -0.002499920 -0.001184050 0.999996185 4.080607414
0.999460280 -0.032755237 0.002514152 -0.015286046 0.032749496 0.999460876 0.002290710 -0.064225137 -0.002587830 -0.002207138 0.999994218 4.115622520
0.999398887 -0.034583360 0.002429625 -0.015178625 0.034576960 0.999398589 0.002632404 -0.065127030 -0.002519202 -0.002546813 0.999993503 4.150591850
0.999470413 -0.032346055 0.003553510 -0.015399627 0.032334838 0.999472082 0.003170024 -0.065608434 -0.003654172 -0.003053443 0.999988616 4.185011387
0.999594867 -0.028041303 0.004872967 -0.015852360 0.028032757 0.999605417 0.001814549 -0.065966725 -0.004921927 -0.001677211 0.999986470 4.218840599
0.999652445 -0.025779825 0.005511096 -0.015548939 0.025775434 0.999667346 0.000866738 -0.067137264 -0.005531608 -0.000724386 0.999984384 4.254508495
0.999759734 -0.021027820 0.006190227 -0.015782477 0.021030897 0.999778748 -0.000433165 -0.067601539 -0.006179750 0.000563247 0.999980748 4.291409492
0.999793649 -0.019166790 0.006734052 -0.016011439 0.019162508 0.999816179 0.000699157 -0.068027973 -0.006746215 -0.000569971 0.999977112 4.326055527
0.999814093 -0.018213389 0.006334661 -0.015823705 0.018208155 0.999833941 0.000882449 -0.068908073 -0.006349680 -0.000766942 0.999979615 4.359899521
0.999865711 -0.015217387 0.006085418 -0.015618576 0.015229263 0.999882221 -0.001910277 -0.069696531 -0.006055632 0.002002697 0.999979675 4.395424366
0.999924719 -0.011256586 0.004899059 -0.015328242 0.011280457 0.999924541 -0.004872445 -0.070370197 -0.004843842 0.004927342 0.999976099 4.431231976
0.999971807 -0.005403806 0.005224917 -0.015698817 0.005433660 0.999968946 -0.005716359 -0.071715698 -0.005193865 0.005744588 0.999970019 4.465466022
0.999982357 -0.002206369 0.005520526 -0.015943022 0.002233236 0.999985695 -0.004865360 -0.071822636 -0.005509711 0.004877605 0.999972939 4.500735760
0.999979377 0.000698436 0.006400476 -0.016418871 -0.000677694 0.999994576 -0.003242096 -0.072293811 -0.006402707 0.003237692 0.999974310 4.536963940
0.999975264 0.002474511 0.006600526 -0.016314680 -0.002464260 0.999995708 -0.001560606 -0.073078550 -0.006604359 0.001544302 0.999977052 4.571737289
0.999984741 -0.001704765 0.005247635 -0.015809732 0.001703270 0.999998450 0.000289392 -0.073729217 -0.005248121 -0.000280449 0.999986172 4.606704712
0.999966443 -0.006653685 0.004773726 -0.018365705 0.006653747 0.999977887 0.000003207 -0.072471365 -0.004773642 0.000028556 0.999988616 4.642890930
0.999992907 -0.003431476 0.001549266 -0.016017724 0.003437900 0.999985456 -0.004163519 -0.075036258 -0.001534956 0.004168816 0.999990106 4.679614067
0.999995828 -0.002791837 -0.000712995 -0.014914877 0.002786068 0.999964356 -0.007968364 -0.075677179 0.000735216 0.007966343 0.999967992 4.713895321
0.999996960 0.001569005 -0.001898303 -0.014800877 -0.001585455 0.999960959 -0.008695487 -0.076584034 0.001884585 0.008698471 0.999960363 4.750284195
0.999974430 0.006930022 -0.001729386 -0.015590184 -0.006944360 0.999940395 -0.008427219 -0.077315390 0.001670882 0.008439015 0.999962986 4.785423279
0.999973118 0.007220265 -0.001265709 -0.016173098 -0.007226096 0.999962986 -0.004664653 -0.077799432 0.001231982 0.004673673 0.999988317 4.822839737
0.999967396 0.007948139 -0.001374215 -0.016076887 -0.007952353 0.999963582 -0.003088127 -0.078211196 0.001349620 0.003098955 0.999994278 4.859107494
0.999975443 0.006848490 -0.001464389 -0.016579542 -0.006849797 0.999976099 -0.000889350 -0.080243587 0.001458264 0.000899359 0.999998510 4.895632744
0.999983847 0.005645162 -0.000690392 -0.017082438 -0.005645906 0.999983490 -0.001080248 -0.080073699 0.000684282 0.001084129 0.999999166 4.931369781
0.999995470 0.002835053 -0.001063968 -0.016737856 -0.002835701 0.999995828 -0.000607372 -0.080467738 0.001062241 0.000610386 0.999999225 4.969336033
0.999999821 -0.000464304 -0.000558407 -0.017076278 0.000464224 0.999999940 -0.000140886 -0.081368051 0.000558472 0.000140627 0.999999881 5.003947735
0.999992669 -0.003791443 -0.000389864 -0.016968535 0.003791720 0.999992490 0.000713531 -0.081754752 0.000387156 -0.000715004 0.999999642 5.040552139
0.999971330 -0.007566874 0.000056397 -0.017071398 0.007566751 0.999969423 0.001936739 -0.082213774 -0.000071051 -0.001936256 0.999998093 5.077540398
0.999947965 -0.010184654 0.000409006 -0.017233128 0.010184007 0.999946833 0.001554394 -0.082670107 -0.000424815 -0.001550147 0.999998689 5.114441872
0.999963641 -0.008498864 0.000699611 -0.017179821 0.008500181 0.999962211 -0.001899678 -0.083644345 -0.000683439 0.001905556 0.999997973 5.148882389
0.999998629 -0.001069381 0.001241072 -0.017663622 0.001078209 0.999974012 -0.007135224 -0.084194213 -0.001233409 0.007136553 0.999973834 5.185400963
0.999948025 0.009794309 0.002820165 -0.018724700 -0.009771166 0.999919474 -0.008106914 -0.084569201 -0.002899339 0.008078937 0.999963224 5.223312855
0.999864578 0.016124990 0.003280378 -0.018438663 -0.016112946 0.999863446 -0.003665523 -0.085645214 -0.003339037 0.003612169 0.999987900 5.259541988
0.999855459 0.016507834 0.004104593 -0.018408749 -0.016501028 0.999862432 -0.001687696 -0.086284831 -0.004131888 0.001619722 0.999990106 5.297878742
0.999876797 0.015201630 0.003934555 -0.018766990 -0.015194663 0.999882936 -0.001795424 -0.086661965 -0.003961388 0.001735418 0.999990642 5.335241318
0.999925673 0.011937817 0.002461093 -0.018497376 -0.011934449 0.999927819 -0.001378906 -0.087646730 -0.002477376 0.001349432 0.999996066 5.371381760
0.999949217 0.009878445 0.001986563 -0.019012716 -0.009874516 0.999949276 -0.001978075 -0.088098027 -0.002006002 0.001958358 0.999996126 5.410246849
0.999941349 0.010773060 0.001082871 -0.018743698 -0.010770276 0.999938786 -0.002546009 -0.088682532 -0.001110233 0.002534196 0.999996185 5.446126461
0.999923229 0.012215426 0.002063549 -0.019989578 -0.012210510 0.999922633 -0.002379320 -0.089283064 -0.002092454 0.002353940 0.999995053 5.482684135
0.999902368 0.013910444 0.001330372 -0.019718194 -0.013907938 0.999901593 -0.001876062 -0.089707002 -0.001356338 0.001857376 0.999997377 5.520142078
0.999914169 0.013061139 0.001001631 -0.020012137 -0.013058787 0.999911964 -0.002320475 -0.090525918 -0.001031851 0.002307196 0.999996781 5.558295727
0.999921381 0.012538485 0.000122153 -0.020017890 -0.012538012 0.999915898 -0.003294337 -0.091365747 -0.000163449 0.003292547 0.999994516 5.596614361
0.999918699 0.012748878 0.000116941 -0.019865744 -0.012748379 0.999912381 -0.003569714 -0.092207544 -0.000162440 0.003567933 0.999993622 5.632338047
0.999914527 0.013076225 0.000084526 -0.020550312 -0.013075815 0.999907672 -0.003735231 -0.092817664 -0.000133361 0.003733807 0.999993026 5.669626236
0.999906361 0.013685757 0.000114900 -0.020904418 -0.013685159 0.999897659 -0.004169382 -0.093473300 -0.000171949 0.004167420 0.999991298 5.707345486
0.999907315 0.013611796 0.000077584 -0.021726020 -0.013611343 0.999898374 -0.004243717 -0.094346084 -0.000135340 0.004242267 0.999990940 5.744876385
0.999905646 0.013698280 -0.000953787 -0.021410633 -0.013702638 0.999894977 -0.004723429 -0.094853029 0.000888984 0.004736053 0.999988377 5.782596111
0.999902904 0.013847348 -0.001509170 -0.021390166 -0.013854642 0.999891877 -0.004934345 -0.095637910 0.001440680 0.004954774 0.999986708 5.821058750
0.999901235 0.013916365 -0.001964872 -0.021596927 -0.013925762 0.999891281 -0.004853074 -0.096661873 0.001897122 0.004879957 0.999986291 5.858592510
0.999924958 0.012157432 -0.001474424 -0.022384664 -0.012164298 0.999914765 -0.004743094 -0.097276583 0.001416634 0.004760674 0.999987602 5.895970821
0.999939322 0.010768797 -0.002287084 -0.022113329 -0.010779678 0.999930322 -0.004799949 -0.098118603 0.002235236 0.004824313 0.999985814 5.934839249
0.999954641 0.009288238 -0.002067268 -0.022224544 -0.009296834 0.999948025 -0.004188403 -0.098995574 0.002028258 0.004207432 0.999989033 5.973102570
0.999964058 0.008416128 -0.001005603 -0.023089357 -0.008420049 0.999956667 -0.003959743 -0.099657759 0.000972234 0.003968068 0.999991655 6.010250092
0.999967933 0.007797775 -0.001745583 -0.022770625 -0.007803623 0.999963820 -0.003369451 -0.100722037 0.001719245 0.003382966 0.999992788 6.049100876
0.999964595 0.008164754 -0.002001226 -0.022702359 -0.008172731 0.999958575 -0.004010294 -0.101320148 0.001968400 0.004026507 0.999989986 6.087199211
0.999958038 0.009134265 -0.000729419 -0.023999417 -0.009137554 0.999947429 -0.004645254 -0.102200396 0.000686950 0.004651723 0.999988973 6.125145912
0.999934494 0.011446899 0.000128909 -0.024436634 -0.011446257 0.999925673 -0.004194440 -0.102806538 -0.000176912 0.004192691 0.999991238 6.162771702
0.999940872 0.010871870 0.000260786 -0.024352815 -0.010871348 0.999939024 -0.001933431 -0.103682615 -0.000281790 0.001930481 0.999998093 6.202051163
0.999948740 0.010097480 0.000738673 -0.024599649 -0.010096212 0.999947608 -0.001702195 -0.104285397 -0.000755823 0.001694650 0.999998271 6.240663052
0.999937296 0.011078047 0.001599267 -0.024885170 -0.011073528 0.999934673 -0.002807392 -0.105245367 -0.001630263 0.002789506 0.999994814 6.279357433
0.999935508 0.011258679 0.001495448 -0.024510730 -0.011251964 0.999926805 -0.004427237 -0.106016301 -0.001545183 0.004410124 0.999989092 6.316845417
0.999923825 0.012196627 0.001893935 -0.024734493 -0.012189230 0.999918222 -0.003869899 -0.106881157 -0.001940979 0.003846518 0.999990702 6.355156422
0.999922395 0.012267409 0.002144885 -0.025212340 -0.012262448 0.999922156 -0.002310615 -0.108030394 -0.002173063 0.002284135 0.999995053 6.394690514
0.999913454 0.013037547 0.001768255 -0.025126636 -0.013033549 0.999912500 -0.002253962 -0.108497068 -0.001797486 0.002230720 0.999995947 6.433945656
0.999904096 0.013523295 0.002970924 -0.026247587 -0.013516376 0.999905884 -0.002336368 -0.109390013 -0.003002240 0.002295988 0.999992847 6.473658085
0.999904454 0.013754021 0.001351093 -0.025521018 -0.013751746 0.999904037 -0.001678384 -0.110228993 -0.001374048 0.001659644 0.999997675 6.511996269
0.999879420 0.015444594 0.001622532 -0.025475612 -0.015441882 0.999879360 -0.001671383 -0.110987879 -0.001648150 0.001646127 0.999997318 6.550307274
0.999889553 0.014807681 0.001260832 -0.025851429 -0.014806541 0.999890029 -0.000908841 -0.111970268 -0.001274151 0.000890072 0.999998808 6.589678288
0.999894202 0.014499534 0.001276457 -0.025970811 -0.014497520 0.999893606 -0.001573301 -0.112284072 -0.001299133 0.001554629 0.999997914 6.629266262
0.999923050 0.012405984 0.000360917 -0.025732646 -0.012405797 0.999922931 -0.000516987 -0.113104530 -0.000367303 0.000512469 0.999999762 6.669348240
0.999954998 0.009407616 0.001175221 -0.026194390 -0.009407531 0.999955773 -0.000076705 -0.113458700 -0.001175891 0.000065645 0.999999225 6.707891464
0.999971390 0.007493811 0.001044198 -0.025967965 -0.007493932 0.999971926 0.000113149 -0.114483543 -0.001043321 -0.000120971 0.999999464 6.746819496
0.999977350 0.006710474 0.000484789 -0.026405832 -0.006709609 0.999975920 -0.001765709 -0.114759222 -0.000496626 0.001762417 0.999998331 6.786175251
0.999988794 0.004243634 0.002086343 -0.027167061 -0.004242870 0.999990940 -0.000370827 -0.115075044 -0.002087898 0.000361971 0.999997795 6.825130463
0.999993622 0.003073084 0.001800372 -0.026521612 -0.003074811 0.999994814 0.000957211 -0.115579046 -0.001797420 -0.000962741 0.999997914 6.864082813
0.999998271 0.001332787 0.001283711 -0.026583645 -0.001333945 0.999998629 0.000901452 -0.116473086 -0.001282508 -0.000903163 0.999998689 6.902128696
0.999997795 0.000831806 0.001907096 -0.026631454 -0.000830516 0.999999344 -0.000677265 -0.116801053 -0.001907659 0.000675679 0.999997854 6.940779209
0.999998152 0.000848921 0.001714123 -0.026322568 -0.000849003 0.999999642 0.000047370 -0.118139766 -0.001714083 -0.000048825 0.999998569 6.980023861
0.999992371 0.002313716 0.003122554 -0.026981479 -0.002313489 0.999997318 -0.000076313 -0.118419252 -0.003122722 0.000069088 0.999995112 7.020649433
0.999981999 0.003919388 0.004541074 -0.027341541 -0.003919570 0.999992311 0.000031214 -0.119235724 -0.004540917 -0.000049013 0.999989688 7.058646202
0.999956310 0.006400157 0.006813395 -0.028077364 -0.006385262 0.999977171 -0.002205621 -0.119212851 -0.006827355 0.002162019 0.999974310 7.098470211
0.999961853 0.005659887 0.006642268 -0.028140672 -0.005654177 0.999983549 -0.000878078 -0.120280616 -0.006647129 0.000840488 0.999977469 7.138623714
0.999971271 0.004191156 0.006319886 -0.027757898 -0.004184769 0.999990702 -0.001023544 -0.120629489 -0.006324119 0.000997067 0.999979496 7.178179741
0.999947011 0.006163396 0.008244449 -0.027783334 -0.006146129 0.999978840 -0.002117969 -0.121933699 -0.008257329 0.002067185 0.999963760 7.217321396
0.999937475 0.005557750 0.009701414 -0.027878113 -0.005536015 0.999982119 -0.002265834 -0.122338995 -0.009713832 0.002211984 0.999950409 7.257096767
0.999943793 0.004167230 0.009746940 -0.027500153 -0.004162170 0.999991179 -0.000539265 -0.123339087 -0.009749102 0.000498666 0.999952376 7.296272278
0.999929190 0.004763741 0.010905487 -0.027952984 -0.004748754 0.999987781 -0.001399776 -0.123654552 -0.010912022 0.001347889 0.999939620 7.335836887
0.999940813 0.003592342 0.010267077 -0.027093150 -0.003561567 0.999989092 -0.003014128 -0.124791943 -0.010277792 0.002977382 0.999942720 7.375010014
0.999941230 0.002620123 0.010514709 -0.027314335 -0.002563674 0.999982178 -0.005378438 -0.125513449 -0.010528614 0.005351165 0.999930263 7.414521694
0.999960899 0.001555064 0.008704789 -0.026602745 -0.001513409 0.999987364 -0.004789837 -0.126431569 -0.008712129 0.004776477 0.999950588 7.454353809
0.999968588 -0.000320914 0.007923005 -0.026349131 0.000359273 0.999988198 -0.004840509 -0.127223998 -0.007921360 0.004843204 0.999956906 7.493910313
0.999973476 -0.000365654 0.007274891 -0.026285771 0.000406838 0.999983907 -0.005660537 -0.127972052 -0.007272705 0.005663347 0.999957502 7.533144474
0.999980450 -0.000362485 0.006247363 -0.026299383 0.000397462 0.999984264 -0.005598392 -0.128741145 -0.006245236 0.005600766 0.999964833 7.573691845
0.999982119 -0.000152100 0.005976436 -0.026291817 0.000183674 0.999986053 -0.005282869 -0.129699945 -0.005975549 0.005283871 0.999968171 7.612772942
0.999986827 0.000116795 0.005136563 -0.026054986 -0.000087991 0.999984324 -0.005607636 -0.130373091 -0.005137136 0.005607110 0.999971032 7.652451515
0.999993324 -0.001388316 0.003386402 -0.025818424 0.001401454 0.999991536 -0.003880386 -0.131318867 -0.003380985 0.003885106 0.999986708 7.693696022
0.999993443 0.001263369 0.003388018 -0.026134193 -0.001253232 0.999994695 -0.002992436 -0.131361574 -0.003391781 0.002988170 0.999989808 7.732362747
0.999987543 0.001816067 0.004642863 -0.026709519 -0.001802265 0.999993861 -0.002975122 -0.131918117 -0.004648237 0.002966717 0.999984860 7.772923946
0.999982595 0.001877454 0.005597207 -0.027213670 -0.001857818 0.999992132 -0.003511355 -0.132158503 -0.005603755 0.003500895 0.999978185 7.812686443
0.999980152 0.000315598 0.006283925 -0.027445138 -0.000289877 0.999991596 -0.004093499 -0.132549375 -0.006285163 0.004091597 0.999971867 7.852390766
0.999981880 -0.000532666 0.005993974 -0.027118109 0.000561909 0.999987900 -0.004878086 -0.133651376 -0.005991302 0.004881366 0.999970138 7.892625332
0.999971271 -0.002623682 0.007101475 -0.027616870 0.002670279 0.999974906 -0.006560093 -0.134941354 -0.007084086 0.006578867 0.999953210 7.932045937
0.999969542 -0.004192806 0.006572792 -0.027544871 0.004241510 0.999963462 -0.007413592 -0.135679975 -0.006541467 0.007441245 0.999950886 7.972963333
0.999982893 -0.002697999 0.005184520 -0.028028972 0.002741862 0.999960363 -0.008471885 -0.136819512 -0.005161458 0.008485955 0.999950647 8.013954163
0.999994695 -0.002068221 0.002508348 -0.028038889 0.002088872 0.999963701 -0.008258584 -0.137449265 -0.002491176 0.008263780 0.999962687 8.055041313
0.999995232 -0.001099635 0.002865359 -0.028990269 0.001112914 0.999988616 -0.004636981 -0.138396412 -0.002860228 0.004640148 0.999985158 8.095508575
0.999992609 -0.002411955 0.003034904 -0.027976871 0.002415705 0.999996245 -0.001232283 -0.139533386 -0.003031921 0.001239605 0.999994636 8.138486862
0.999992609 -0.001889637 0.003341243 -0.028099187 0.001893936 0.999997318 -0.001283861 -0.139725998 -0.003338808 0.001290180 0.999993563 8.180195808
0.999987543 -0.003554767 0.003498980 -0.028066238 0.003562461 0.999991238 -0.002195151 -0.140711918 -0.003491146 0.002207588 0.999991477 8.221456528
0.999975264 -0.005903096 0.003842623 -0.027979657 0.005909647 0.999981046 -0.001695831 -0.141623780 -0.003832540 0.001718497 0.999991179 8.262462616
0.999980807 -0.004654808 0.004091065 -0.028008599 0.004662791 0.999987245 -0.001943584 -0.142383888 -0.004081965 0.001962622 0.999989748 8.304963112
0.999979019 -0.004143907 0.004990369 -0.028485812 0.004154040 0.999989331 -0.002022004 -0.143194690 -0.004981936 0.002042691 0.999985576 8.346161842
0.999983966 -0.002811854 0.004921385 -0.028046843 0.002826369 0.999991655 -0.002944919 -0.144119143 -0.004913064 0.002958781 0.999983490 8.388976097
0.999979198 -0.002789145 0.005822368 -0.028437715 0.002808729 0.999990344 -0.003358111 -0.144723803 -0.005812946 0.003374394 0.999977350 8.430585861
0.999975920 -0.003171166 0.006176922 -0.027840812 0.003181645 0.999993503 -0.001687416 -0.145612776 -0.006171531 0.001707028 0.999979496 8.472527504
0.999970794 -0.004138425 0.006431507 -0.027991530 0.004144400 0.999991000 -0.000915871 -0.146359980 -0.006427659 0.000942499 0.999978900 8.514226913
0.999963641 -0.005351256 0.006642111 -0.027968358 0.005364364 0.999983668 -0.001957192 -0.147066474 -0.006631530 0.001992751 0.999975979 8.554897308
0.999965072 -0.004203848 0.007231601 -0.028136387 0.004218186 0.999989152 -0.001968444 -0.147734389 -0.007223248 0.001998879 0.999971867 8.595400810
0.999977469 -0.002048814 0.006384223 -0.027836710 0.002074534 0.999989867 -0.004024746 -0.148665488 -0.006375911 0.004037900 0.999971449 8.636912346
0.999982893 0.000440398 0.005818743 -0.027906410 -0.000394679 0.999969065 -0.007856075 -0.149333537 -0.005822024 0.007853644 0.999952197 8.678064346
0.999987245 0.000978155 0.004959708 -0.027858149 -0.000945707 0.999978185 -0.006540514 -0.150662988 -0.004965998 0.006535741 0.999966264 8.719126701
0.999989629 0.001840126 0.004174916 -0.028028153 -0.001827523 0.999993801 -0.003020719 -0.151682913 -0.004180448 0.003013057 0.999986708 8.759837151
0.999992549 0.002444410 0.002980210 -0.028000712 -0.002444318 0.999997020 -0.000034644 -0.152391806 -0.002980286 0.000027359 0.999995470 8.801106453
0.999994099 0.002965383 0.001710113 -0.028064139 -0.002962547 0.999994278 -0.001658527 -0.153086334 -0.001715022 0.001653451 0.999997139 8.841737747
0.999997377 0.002281067 0.000158941 -0.028686253 -0.002280588 0.999992967 -0.002955760 -0.153757095 -0.000165682 0.002955390 0.999995589 8.882941246
0.999998271 0.000971118 -0.001577339 -0.029025346 -0.000973324 0.999998510 -0.001398599 -0.154759258 0.001575979 0.001400132 0.999997795 8.923652649
0.999996543 -0.000473549 -0.002590596 -0.029095704 0.000471459 0.999999583 -0.000807294 -0.155553162 0.002590977 0.000806070 0.999996305 8.964441299
0.999993980 -0.001148231 -0.003290087 -0.029155970 0.001141842 0.999997497 -0.001943070 -0.156262249 0.003292310 0.001939302 0.999992669 9.005720139
0.999989569 -0.002749131 -0.003629846 -0.029579209 0.002739356 0.999992609 -0.002695183 -0.156985894 0.003637229 0.002685212 0.999989808 9.045734406
0.999992609 -0.001532725 -0.003519015 -0.030042605 0.001522328 0.999994457 -0.002955297 -0.157824755 0.003523525 0.002949918 0.999989510 9.086900711
0.999990165 -0.002675390 -0.003532722 -0.030339973 0.002664418 0.999991596 -0.003106908 -0.158645466 0.003541004 0.003097465 0.999988914 9.126979828
0.999990046 -0.002971397 -0.003345123 -0.030861257 0.002959861 0.999989629 -0.003448332 -0.159661233 0.003355335 0.003438396 0.999988437 9.167550087
0.999991179 -0.002764791 -0.003169419 -0.031196721 0.002751710 0.999987721 -0.004124299 -0.160451323 0.003180783 0.004115541 0.999986470 9.207822800
0.999987364 -0.003400974 -0.003722247 -0.031116921 0.003388083 0.999988317 -0.003464158 -0.161605850 0.003733985 0.003451503 0.999987066 9.248617172
0.999990761 -0.002926599 -0.003141507 -0.031781979 0.002912750 0.999986053 -0.004404473 -0.162412047 0.003154354 0.004395283 0.999985278 9.289235115
0.999982655 -0.004629304 -0.003648057 -0.031825833 0.004609609 0.999974847 -0.005388769 -0.163429931 0.003672911 0.005371859 0.999978840 9.330707550
0.999973059 -0.006416006 -0.003569165 -0.031912189 0.006403155 0.999972939 -0.003600382 -0.164353669 0.003592169 0.003577431 0.999987125 9.370750427
0.999964356 -0.007610755 -0.003662803 -0.032224327 0.007599943 0.999966741 -0.002956285 -0.165182099 0.003685180 0.002928343 0.999988914 9.411850929
0.999966264 -0.007432301 -0.003501035 -0.032567024 0.007416407 0.999962211 -0.004530509 -0.165682018 0.003534575 0.004504391 0.999983609 9.451507568
0.999974310 -0.006449615 -0.003120223 -0.032973856 0.006431918 0.999963403 -0.005648479 -0.166136906 0.003156539 0.005628266 0.999979138 9.492550850
0.999982119 -0.005207826 -0.002933561 -0.033162042 0.005196212 0.999978602 -0.003952833 -0.167572767 0.002954084 0.003937519 0.999987841 9.532785416
0.999991417 -0.003546791 -0.002150167 -0.033866085 0.003538050 0.999985456 -0.004055945 -0.168100968 0.002164521 0.004048303 0.999989510 9.573784828
0.999992132 -0.003543440 -0.001791236 -0.034063652 0.003538128 0.999989331 -0.002960523 -0.169498205 0.001801707 0.002954162 0.999994040 9.614253998
0.999993205 -0.003477639 -0.001243185 -0.034642998 0.003471691 0.999982655 -0.004754329 -0.169887483 0.001259697 0.004749982 0.999987960 9.655168533
0.999991357 -0.004021335 -0.001070112 -0.034643658 0.004016723 0.999982774 -0.004278349 -0.170897022 0.001087299 0.004274015 0.999990284 9.695525169
0.999993563 -0.003349942 -0.001290683 -0.034831844 0.003343985 0.999983847 -0.004589759 -0.171803311 0.001306038 0.004585413 0.999988675 9.736970901
0.999998450 -0.001783303 0.000084238 -0.035450857 0.001783684 0.999987066 -0.004746899 -0.172289357 -0.000075772 0.004747041 0.999988735 9.776614189
0.999999821 -0.000598696 0.000000549 -0.035525538 0.000598694 0.999993086 -0.003670393 -0.173459217 0.000001648 0.003670394 0.999993265 9.817934036
0.999998808 0.001115029 0.000985231 -0.036246404 -0.001110990 0.999990940 -0.004091169 -0.174494535 -0.000989784 0.004090069 0.999991119 9.858625412
0.999985278 0.004993557 0.002130170 -0.036620200 -0.004982240 0.999973595 -0.005285730 -0.175498649 -0.002156508 0.005275039 0.999983728 9.899754524
0.999990702 0.003398776 0.002698423 -0.037613798 -0.003383532 0.999978304 -0.005633947 -0.175957859 -0.002717514 0.005624762 0.999980509 9.939642906
0.999960542 0.007980109 0.003906648 -0.037344720 -0.007963052 0.999958694 -0.004362623 -0.177477986 -0.003941301 0.004331341 0.999982834 9.980419159
0.999976277 0.006032127 0.003305665 -0.037308354 -0.006018283 0.999973118 -0.004181135 -0.177881315 -0.003330797 0.004161141 0.999985814 10.021716118
