0.999999762 -0.000588458 -0.000223250 -0.000223183 0.000588836 0.999998391 0.001695582 -0.000856307 0.000222252 -0.001695713 0.999998450 0.050633304
0.999998629 -0.001586574 -0.000500115 -0.000493302 0.001587305 0.999997675 0.001463199 -0.001550631 0.000497792 -0.001463991 0.999998808 0.102494493
0.999994695 -0.003205500 -0.000593987 -0.000593061 0.003205989 0.999994457 0.000822365 -0.002377756 0.000591348 -0.000824265 0.999999404 0.151806891
0.999993384 -0.003605420 -0.000474960 -0.000834832 0.003605883 0.999992967 0.000975377 -0.003198372 0.000471440 -0.000977083 0.999999344 0.201490670
0.999991477 -0.004080292 -0.000583334 -0.000882488 0.004081372 0.999989927 0.001862250 -0.003979970 0.000575730 -0.001864615 0.999998093 0.252559900
0.999985695 -0.005338570 -0.000268323 -0.001243014 0.005339360 0.999981105 0.003038037 -0.004689676 0.000252099 -0.003039425 0.999995351 0.303603142
0.999988496 -0.004779112 -0.000437957 -0.001519214 0.004780570 0.999982834 0.003389881 -0.005351066 0.000421749 -0.003391935 0.999994159 0.354921967
0.999991417 -0.004098912 -0.000735484 -0.001551607 0.004100166 0.999990165 0.001710096 -0.006163602 0.000728467 -0.001713097 0.999998271 0.406849325
0.999998271 -0.001436147 -0.001141763 -0.002001442 0.001435655 0.999998868 -0.000432533 -0.006919869 0.001142383 0.000430893 0.999999225 0.457869947
0.999997854 0.001853298 -0.000804621 -0.002509446 -0.001854401 0.999997318 -0.001371177 -0.007875813 0.000802077 0.001372666 0.999998748 0.509920359
0.999989867 0.004410647 -0.000815611 -0.002946544 -0.004411953 0.999988914 -0.001605245 -0.008511784 0.000808522 0.001608828 0.999998391 0.560925543
0.999982119 0.005927412 -0.000702971 -0.003510120 -0.005927956 0.999982119 -0.000774856 -0.009375536 0.000698366 0.000779009 0.999999464 0.613253713
0.999994218 0.003394367 0.000062928 -0.003730192 -0.003394487 0.999992192 0.002021950 -0.010229353 -0.000056065 -0.002022152 0.999997973 0.664429367
0.999999821 -0.000398344 0.000476633 -0.004184733 0.000396788 0.999994576 0.003259483 -0.010511041 -0.000477929 -0.003259293 0.999994636 0.717138231
0.999993205 -0.003672170 -0.000333614 -0.003613993 0.003672648 0.999992192 0.001442602 -0.011566527 0.000328314 -0.001443818 0.999998927 0.768343866
0.999989450 -0.004601231 -0.000195292 -0.003886154 0.004601084 0.999989152 -0.000745133 -0.012162112 0.000198718 0.000744227 0.999999762 0.821175516
0.999997437 -0.002232067 0.000396437 -0.004061361 0.002232933 0.999995112 -0.002197650 -0.013226400 -0.000391530 0.002198530 0.999997437 0.872692347
0.999999583 0.000422807 0.000740964 -0.004292122 -0.000422426 0.999999762 -0.000514488 -0.013845382 -0.000741181 0.000514174 0.999999583 0.925469816
0.999998510 0.000874120 0.001468128 -0.004516946 -0.000879585 0.999992669 0.003726087 -0.014973211 -0.001464860 -0.003727373 0.999991953 0.978070438
0.999997079 -0.001455554 0.001916610 -0.004729742 0.001445863 0.999986172 0.005048063 -0.015235506 -0.001923932 -0.005045278 0.999985397 1.031727076
0.999982655 -0.005606710 0.001767221 -0.004826730 0.005600124 0.999977469 0.003708946 -0.016107533 -0.001787976 -0.003698985 0.999991536 1.083586812
0.999984145 -0.005452810 0.001341704 -0.004545409 0.005451204 0.999984443 0.001197281 -0.016455665 -0.001348211 -0.001189948 0.999998391 1.137781858
0.999975502 -0.006621180 0.002231490 -0.004840023 0.006624048 0.999977231 -0.001280332 -0.017590582 -0.002222962 0.001295082 0.999996603 1.189880490
0.999991298 -0.003248044 0.002596101 -0.004759394 0.003252317 0.999993324 -0.001643620 -0.018753547 -0.002590745 0.001652049 0.999995232 1.244025707
0.999991715 -0.002710374 0.003043129 -0.005042903 0.002722190 0.999988735 -0.003885560 -0.019681204 -0.003032564 0.003893811 0.999987841 1.296240926
0.999994397 -0.001416234 0.003045178 -0.004896046 0.001426901 0.999992847 -0.003503706 -0.020683806 -0.003040195 0.003508032 0.999989271 1.349848986
0.999995232 -0.001092567 0.002883077 -0.005072691 0.001099083 0.999996841 -0.002259419 -0.021614121 -0.002880600 0.002262577 0.999993205 1.402698278
0.999995708 0.000416596 0.002885680 -0.005607785 -0.000413799 0.999999404 -0.000969760 -0.022332774 -0.002886083 0.000968562 0.999995291 1.457205653
0.999985695 0.003809497 0.003733546 -0.006962094 -0.003806409 0.999992371 -0.000833893 -0.023124335 -0.003736695 0.000819669 0.999992609 1.510220528
0.999983072 0.004984762 0.003032283 -0.006008428 -0.004983144 0.999987423 -0.000540750 -0.024658917 -0.003034941 0.000525630 0.999995232 1.564762115
0.999963820 0.007714029 0.003578194 -0.007054190 -0.007714254 0.999970198 0.000049238 -0.025274439 -0.003577707 -0.000076840 0.999993622 1.618327141
0.999962449 0.008040321 0.003227012 -0.007440833 -0.008041157 0.999967635 0.000246379 -0.026456252 -0.003224927 -0.000272319 0.999994695 1.673720598
0.999972939 0.007067141 0.002056171 -0.006390334 -0.007066800 0.999975026 -0.000172680 -0.027202534 -0.002057340 0.000158144 0.999997854 1.728915215
0.999982536 0.005849118 0.000831917 -0.006044939 -0.005848369 0.999982536 -0.000898590 -0.027787840 -0.000837159 0.000893709 0.999999225 1.783549190
0.999986947 0.005068100 -0.000665570 -0.005925707 -0.005068284 0.999987125 -0.000275495 -0.029471902 0.000664165 0.000278865 0.999999762 1.839588881
0.999983847 0.005676507 -0.000297020 -0.007353936 -0.005676362 0.999983907 0.000481212 -0.029800676 0.000299747 -0.000479519 0.999999821 1.892834067
0.999980569 0.006004581 -0.001666918 -0.007491674 -0.006005283 0.999981940 -0.000416281 -0.030251568 0.001664388 0.000426283 0.999998450 1.947738767
0.999979556 0.005859568 -0.002578165 -0.008270843 -0.005859234 0.999982893 0.000137523 -0.031294215 0.002578927 -0.000122414 0.999996662 2.003028631
0.999974370 0.006401028 -0.003193832 -0.008977382 -0.006397149 0.999978721 0.001223291 -0.032091826 0.003201595 -0.001202828 0.999994159 2.057662964
0.999979198 0.005056828 -0.004007645 -0.009182072 -0.005045106 0.999982953 0.002929778 -0.033229720 0.004022392 -0.002909498 0.999987721 2.112829924
0.999984980 0.002763713 -0.004734233 -0.009760536 -0.002752471 0.999993384 0.002379530 -0.033847522 0.004740779 -0.002366463 0.999985933 2.167730808
0.999986529 0.000983012 -0.005099318 -0.010272836 -0.000977330 0.999998927 0.001116493 -0.034324802 0.005100411 -0.001111494 0.999986291 2.223770380
0.999987364 -0.000215743 -0.005029653 -0.011396547 0.000227018 0.999997497 0.002241183 -0.035734296 0.005029157 -0.002242296 0.999984801 2.278470278
0.999987423 -0.001321064 -0.004827779 -0.011049182 0.001334171 0.999995351 0.002712647 -0.036541138 0.004824173 -0.002719054 0.999984682 2.332503557
0.999991179 -0.000962287 -0.004098473 -0.011740211 0.000976263 0.999993682 0.003409540 -0.037290908 0.004095166 -0.003413511 0.999985814 2.387525320
0.999981701 -0.004218035 -0.004339823 -0.011050846 0.004231574 0.999986172 0.003115295 -0.038129464 0.004326622 -0.003133602 0.999985754 2.441156149
0.999980867 -0.005301387 -0.003227416 -0.012649458 0.005308098 0.999983728 0.002074338 -0.039057285 0.003216366 -0.002091430 0.999992609 2.498921633
0.999977469 -0.005791204 -0.003402127 -0.011880556 0.005797615 0.999981403 0.001877747 -0.039675616 0.003391190 -0.001897429 0.999992430 2.549557924
0.999987066 -0.004042005 -0.003106957 -0.012232024 0.004047653 0.999990106 0.001813603 -0.040817559 0.003099597 -0.001826156 0.999993503 2.605485916
0.999998152 -0.000547986 -0.001797077 -0.013556642 0.000553304 0.999995470 0.002959999 -0.041741170 0.001795447 -0.002960989 0.999993920 2.656964302
0.999994695 0.003108913 -0.000984428 -0.014253611 -0.003105191 0.999988139 0.003760059 -0.042151511 0.000996106 -0.003756982 0.999992430 2.710928440
0.999976337 0.006864691 -0.000218360 -0.014646165 -0.006863529 0.999964237 0.004940249 -0.043657713 0.000252266 -0.004938633 0.999987721 2.764584780
0.999946654 0.010321925 0.000213485 -0.014639324 -0.010322799 0.999936104 0.004610795 -0.043965340 -0.000165879 -0.004612752 0.999989331 2.815580368
0.999898851 0.014219708 0.000114183 -0.012437470 -0.014220045 0.999891341 0.003898673 -0.045725260 -0.000058732 -0.003899903 0.999992371 2.865974903
0.999893010 0.014565144 0.001311951 -0.014949860 -0.014569923 0.999886990 0.003708549 -0.045079283 -0.001257787 -0.003727267 0.999992251 2.920835018
0.999873459 0.015830614 0.001597306 -0.014870859 -0.015836755 0.999867022 0.003906903 -0.046333283 -0.001535245 -0.003931704 0.999991059 2.973616362
0.999882579 0.015188170 0.002017707 -0.015639665 -0.015195237 0.999878228 0.003533307 -0.047157232 -0.001963797 -0.003563551 0.999991655 3.027187109
0.999909759 0.013256553 0.002196146 -0.016440004 -0.013262489 0.999908388 0.002710805 -0.048372138 -0.002160009 -0.002739686 0.999993920 3.079956055
0.999923885 0.012291764 0.001031291 -0.015405780 -0.012295072 0.999919057 0.003263331 -0.048860971 -0.000991095 -0.003275762 0.999994159 3.133566618
0.999928355 0.011939381 0.000762911 -0.014921677 -0.011941518 0.999924600 0.002858597 -0.049281817 -0.000728723 -0.002867503 0.999995649 3.183809280
0.999929845 0.011835094 0.000500399 -0.016539739 -0.011836340 0.999926627 0.002563307 -0.050394002 -0.000470026 -0.002569050 0.999996603 3.237023830
0.999932408 0.011592275 -0.000893207 -0.015571844 -0.011589740 0.999928951 0.002793537 -0.050917968 0.000925527 -0.002782997 0.999995708 3.289264441
0.999929368 0.011822572 -0.001230429 -0.016023077 -0.011818165 0.999923944 0.003530419 -0.052075677 0.001272074 -0.003515629 0.999992967 3.340923548
0.999942541 0.010349831 -0.002784821 -0.016568964 -0.010337607 0.999936998 0.004368284 -0.052800566 0.002829857 -0.004339245 0.999986529 3.393132687
0.999962211 0.007608317 -0.004192935 -0.016411731 -0.007587930 0.999959350 0.004856811 -0.053393651 0.004229717 -0.004824812 0.999979377 3.445055485
0.999976933 0.004574869 -0.004999679 -0.017263638 -0.004549099 0.999976277 0.005153416 -0.054492049 0.005023137 -0.005130554 0.999974251 3.498739004
0.999981463 0.003538811 -0.004951671 -0.017928960 -0.003515976 0.999983191 0.004612847 -0.055174217 0.004967911 -0.004595351 0.999977112 3.547056437
0.999982297 0.002598445 -0.005355975 -0.018152399 -0.002576834 0.999988556 0.004037848 -0.055621952 0.005366406 -0.004023974 0.999977469 3.598855734
0.999979734 0.002845906 -0.005694894 -0.018050028 -0.002825101 0.999989271 0.003658067 -0.056598924 0.005705245 -0.003641904 0.999977112 3.650191069
0.999982178 0.002783636 -0.005272012 -0.019949552 -0.002766675 0.999991000 0.003221893 -0.057398487 0.005280932 -0.003207251 0.999980927 3.701235056
0.999982297 0.003350568 -0.004923034 -0.020568088 -0.003338657 0.999991417 0.002425889 -0.058100112 0.004931121 -0.002409409 0.999984920 3.752697945
0.999981880 0.003815214 -0.004659277 -0.021262951 -0.003802543 0.999989033 0.002725360 -0.058902666 0.004669624 -0.002707594 0.999985456 3.800247908
0.999975860 0.004729327 -0.005088104 -0.020730838 -0.004706421 0.999978721 0.004504438 -0.059838362 0.005109299 -0.004480382 0.999976933 3.851580143
0.999972105 0.005799453 -0.004703895 -0.021925207 -0.005771481 0.999965668 0.005938215 -0.060712252 0.004738173 -0.005910901 0.999971330 3.902700663
0.999973059 0.005582461 -0.004768211 -0.022062132 -0.005561455 0.999974787 0.004407406 -0.061398365 0.004792696 -0.004380769 0.999978840 3.952296972
0.999963760 0.006818641 -0.005105021 -0.021862756 -0.006810697 0.999975562 0.001571545 -0.062062729 0.005115613 -0.001536720 0.999985695 4.002979279
0.999970853 0.005777750 -0.004989584 -0.022386316 -0.005774512 0.999983251 0.000663074 -0.062976576 0.004993330 -0.000634242 0.999987304 4.051907063
0.999986470 0.002858717 -0.004336454 -0.023000482 -0.002849447 0.999993742 0.002142319 -0.063857481 0.004342551 -0.002129933 0.999988258 4.100329399
0.999987781 0.002412908 -0.004311574 -0.022630183 -0.002398220 0.999991238 0.003408631 -0.064285256 0.004319760 -0.003398249 0.999984801 4.151641369
0.999993443 -0.000748836 -0.003538405 -0.023654614 0.000763669 0.999990940 0.004192787 -0.065110624 0.003535233 -0.004195462 0.999984980 4.202460289
0.999995708 -0.001377016 -0.002564271 -0.023841161 0.001384107 0.999995232 0.002765640 -0.065988794 0.002560451 -0.002769177 0.999992907 4.252975941
0.999996364 0.002370356 -0.001250225 -0.025444157 -0.002370646 0.999997199 -0.000230404 -0.066799797 0.001249675 0.000233367 0.999999285 4.302646637
0.999997020 0.002314380 -0.000780705 -0.024682742 -0.002315572 0.999996126 -0.001527842 -0.067555398 0.000777166 0.001529646 0.999998450 4.350752354
0.999983490 0.005731947 0.000501725 -0.025212672 -0.005730981 0.999981701 -0.001907523 -0.067848437 -0.000512650 0.001904617 0.999998033 4.400351048
0.999972939 0.006989211 0.002278524 -0.025947895 -0.006988657 0.999975502 -0.000251041 -0.068178341 -0.002280222 0.000235110 0.999997318 4.449546814
0.999970496 0.007014765 0.003127390 -0.026112579 -0.007023531 0.999971390 0.002801069 -0.070100442 -0.003107652 -0.002822952 0.999991119 4.500613689
0.999975145 0.005996548 0.003713015 -0.026124006 -0.006008815 0.999976516 0.003301504 -0.070641816 -0.003693130 -0.003323732 0.999987602 4.551116467
0.999975562 0.005424155 0.004410417 -0.025556393 -0.005436921 0.999980986 0.002887437 -0.071155623 -0.004394671 -0.002911346 0.999986112 4.602310181
0.999948442 0.008091850 0.006137229 -0.026799746 -0.008102913 0.999965727 0.001779754 -0.070985720 -0.006122616 -0.001829392 0.999979556 4.649722576
0.999926686 0.009589588 0.007394629 -0.026569728 -0.009600867 0.999952853 0.001491143 -0.071543716 -0.007379979 -0.001562028 0.999971509 4.700082779
0.999906361 0.010488736 0.008797345 -0.026805192 -0.010489243 0.999945045 0.000011391 -0.072000824 -0.008796740 -0.000103667 0.999961317 4.749829292
0.999864519 0.013167354 0.009880483 -0.026790366 -0.013164624 0.999913275 -0.000341319 -0.073941708 -0.009884119 0.000211200 0.999951065 4.797656059
0.999878943 0.011417619 0.010569238 -0.026087523 -0.011410681 0.999934614 -0.000716618 -0.074175648 -0.010576727 0.000595929 0.999943912 4.846842289
0.999881089 0.010653986 0.011149156 -0.026427314 -0.010667596 0.999942482 0.001162066 -0.075470351 -0.011136132 -0.001280862 0.999937117 4.899062634
0.999876559 0.009773133 0.012304514 -0.025739219 -0.009791182 0.999951065 0.001407293 -0.076078966 -0.012290160 -0.001527595 0.999923289 4.946921825
0.999874651 0.009129897 0.012934587 -0.025549725 -0.009156047 0.999956191 0.001963915 -0.077123933 -0.012916088 -0.002082099 0.999914408 4.996425152
0.999893367 0.007031162 0.012801576 -0.024900302 -0.007055492 0.999973357 0.001856264 -0.077821359 -0.012788182 -0.001946387 0.999916315 5.046722412
0.999902964 0.006176045 0.012480054 -0.024393804 -0.006207957 0.999977529 0.002520005 -0.078534611 -0.012464212 -0.002597236 0.999918878 5.096094131
0.999913454 0.005299462 0.012035307 -0.024112735 -0.005320584 0.999984264 0.001723700 -0.079256766 -0.012025984 -0.001787586 0.999926031 5.146414280
0.999934971 0.003998866 0.010678261 -0.023842342 -0.004017294 0.999990463 0.001704963 -0.080175363 -0.010671342 -0.001747749 0.999941528 5.195656300
0.999951899 0.001976807 0.009604552 -0.023167979 -0.002003587 0.999994099 0.002779445 -0.080842070 -0.009599002 -0.002798554 0.999949932 5.246071339
0.999960124 0.000587378 0.008905598 -0.023318991 -0.000614370 0.999995232 0.003028529 -0.081669860 -0.008903776 -0.003033880 0.999955714 5.295771122
0.999970376 0.000287339 0.007691401 -0.023305241 -0.000309320 0.999995828 0.002856902 -0.082454637 -0.007690549 -0.002859196 0.999966323 5.345734596
0.999978960 0.000284496 0.006472498 -0.022904541 -0.000300419 0.999996960 0.002459293 -0.083266094 -0.006471778 -0.002461186 0.999975979 5.394257545
0.999984205 0.000395047 0.005598324 -0.023000378 -0.000405764 0.999998093 0.001913364 -0.083835028 -0.005597556 -0.001915605 0.999982476 5.443302155
0.999985933 -0.002855078 0.004475545 -0.023381066 0.002854998 0.999995947 0.000024397 -0.084804408 -0.004475597 -0.000011618 0.999989986 5.493821621
0.999964356 -0.007817288 0.003195023 -0.022005288 0.007818229 0.999969363 -0.000281559 -0.086134650 -0.003192725 0.000306528 0.999994874 5.542907238
0.999885440 -0.015030006 0.001797133 -0.021689009 0.015026539 0.999885261 0.001927569 -0.086871594 -0.001825898 -0.001900344 0.999996543 5.593091011
0.999730349 -0.023223473 -0.000073730 -0.021066157 0.023223577 0.999721289 0.004246470 -0.088216200 -0.000024908 -0.004247037 0.999991000 5.642961979
0.999660909 -0.026035899 -0.000503609 -0.021252079 0.026036015 0.999660969 0.000218103 -0.088410787 0.000497761 -0.000231141 0.999999821 5.691896915
0.999677420 -0.025402628 -0.000017665 -0.021549709 0.025402512 0.999674261 -0.002449706 -0.089513056 0.000079888 0.002448466 0.999996960 5.741278648
0.999771297 -0.021359429 0.001102137 -0.022050830 0.021364406 0.999760568 -0.004721440 -0.090678185 -0.001001026 0.004743907 0.999988258 5.790538311
0.999770939 -0.021340322 0.001699597 -0.022018315 0.021348814 0.999758840 -0.005144379 -0.091491029 -0.001589405 0.005179484 0.999985337 5.840943336
0.999681950 -0.025119798 0.002247221 -0.022173947 0.025123402 0.999683142 -0.001589166 -0.092450522 -0.002206589 0.001645118 0.999996185 5.891256809
0.999552310 -0.029826695 0.002324391 -0.020699589 0.029825618 0.999554992 0.000497055 -0.092980362 -0.002338182 -0.000427505 0.999997139 5.943259716
0.999426842 -0.033758901 0.002489304 -0.020866146 0.033752747 0.999427140 0.002472587 -0.094114818 -0.002571350 -0.002387150 0.999993801 5.991695404
0.999317169 -0.036871135 0.002381037 -0.020897415 0.036863528 0.999315262 0.003164561 -0.095447734 -0.002496088 -0.003074627 0.999992132 6.041749954
0.999414086 -0.034085661 0.003091570 -0.020223586 0.034075961 0.999414325 0.003136761 -0.095557094 -0.003196679 -0.003029576 0.999990225 6.093027115
0.999567509 -0.029042648 0.004614780 -0.020502724 0.029034443 0.999576747 0.001835366 -0.096027546 -0.004666131 -0.001700585 0.999987662 6.143081188
0.999660254 -0.025469851 0.005540439 -0.021142770 0.025469881 0.999675632 0.000065417 -0.097252682 -0.005540308 0.000075720 0.999984622 6.193487167
0.999739945 -0.022137461 0.005460666 -0.020375550 0.022143865 0.999754131 -0.001114749 -0.097628348 -0.005434646 0.001235379 0.999984443 6.246563435
0.999754548 -0.021166028 0.006566137 -0.020931877 0.021162985 0.999775827 0.000533824 -0.098542288 -0.006575966 -0.000394734 0.999978304 6.293853760
0.999792516 -0.019591369 0.005569247 -0.020258632 0.019594492 0.999807835 -0.000506535 -0.099277794 -0.005558252 0.000615556 0.999984384 6.345469475
0.999829412 -0.017688271 0.005319393 -0.019766908 0.017702784 0.999839664 -0.002693051 -0.099970341 -0.005270905 0.002786760 0.999982238 6.394488811
0.999897778 -0.013181129 0.005528174 -0.021116842 0.013208327 0.999900699 -0.004912154 -0.101823896 -0.005462877 0.004984670 0.999972641 6.443992615
0.999955714 -0.007498790 0.005684246 -0.021378987 0.007535954 0.999950171 -0.006545416 -0.102462575 -0.005634879 0.006587963 0.999962389 6.495313168
0.999979913 -0.003032028 0.005553383 -0.020654477 0.003059798 0.999982893 -0.004999254 -0.104593664 -0.005538129 0.005016147 0.999972045 6.544649601
0.999981403 -0.001209271 0.005974152 -0.021472305 0.001226653 0.999994993 -0.002906758 -0.105295800 -0.005970608 0.002914032 0.999977946 6.597820282
0.999983430 -0.000201138 0.005755194 -0.021042544 0.000203539 0.999999881 -0.000416604 -0.106289439 -0.005755109 0.000417769 0.999983370 6.648763180
0.999982774 -0.003433982 0.004753260 -0.020311572 0.003434206 0.999994099 -0.000038907 -0.106404483 -0.004753098 0.000055230 0.999988735 6.700589657
0.999978960 -0.005596210 0.003285556 -0.020713260 0.005596442 0.999984324 -0.000061480 -0.107339196 -0.003285160 0.000079866 0.999994576 6.751620293
0.999980450 -0.006119319 0.001235045 -0.020626286 0.006124679 0.999971688 -0.004384711 -0.108327836 -0.001208178 0.004392190 0.999989629 6.801671982
0.999993443 -0.003616859 0.000047212 -0.020547612 0.003617130 0.999956906 -0.008550484 -0.109544605 -0.000016284 0.008550599 0.999963462 6.852120876
0.999999523 -0.000358345 -0.000896157 -0.021506242 0.000350408 0.999960840 -0.008841509 -0.110911146 0.000899290 0.008841191 0.999960482 6.904889107
0.999989510 0.004409936 -0.001214972 -0.021457387 -0.004419767 0.999956489 -0.008210829 -0.112228133 0.001178710 0.008216115 0.999965549 6.957002163
0.999968648 0.007912212 -0.000413405 -0.023034897 -0.007914049 0.999957860 -0.004651592 -0.114034832 0.000376583 0.004654718 0.999989033 7.008664131
0.999982119 0.005961013 -0.000339703 -0.022973161 -0.005961937 0.999978304 -0.002783687 -0.113897637 0.000323102 0.002785662 0.999996066 7.060243130
0.999991715 0.004023721 -0.000571560 -0.022942282 -0.004024351 0.999991298 -0.001108098 -0.115283594 0.000567096 0.001110389 0.999999225 7.113529205
0.999997616 0.001979007 -0.000874790 -0.023323709 -0.001979670 0.999997735 -0.000757718 -0.115438491 0.000873288 0.000759448 0.999999344 7.166485310
0.999999881 0.000415036 0.000059650 -0.024016580 -0.000414994 0.999999642 -0.000703181 -0.116495065 -0.000059942 0.000703156 0.999999762 7.217320919
0.999998629 -0.001650816 -0.000082198 -0.023464920 0.001650770 0.999998450 -0.000553329 -0.117920682 0.000083111 0.000553193 0.999999881 7.268289089
0.999991834 -0.003867858 0.001211788 -0.025695618 0.003868321 0.999992430 -0.000380283 -0.118265741 -0.001210308 0.000384968 0.999999225 7.322793961
0.999963284 -0.008506253 0.001029611 -0.024758603 0.008504916 0.999962986 0.001297097 -0.118798107 -0.001040606 -0.001288293 0.999998689 7.375220299
0.999932766 -0.011517887 0.001359402 -0.024194863 0.011515706 0.999932408 0.001601247 -0.120118320 -0.001377753 -0.001585484 0.999997795 7.426874638
0.999942958 -0.010499555 0.001973781 -0.025339814 0.010504546 0.999941647 -0.002535373 -0.120929368 -0.001947046 0.002555962 0.999994874 7.479872227
0.999994457 -0.002872689 0.001661033 -0.025638144 0.002886766 0.999959409 -0.008536067 -0.121138781 -0.001636444 0.008540817 0.999962211 7.532608986
0.999968469 0.007110164 0.003533153 -0.025696659 -0.007082231 0.999944031 -0.007856637 -0.123147942 -0.003588817 0.007831367 0.999962866 7.585088730
0.999902010 0.013231776 0.004577008 -0.026259828 -0.013213713 0.999904811 -0.003954854 -0.124180160 -0.004628902 0.003893988 0.999981642 7.638686657
0.999862552 0.015573061 0.005689550 -0.026660062 -0.015563487 0.999877393 -0.001722808 -0.125544161 -0.005715681 0.001634021 0.999982357 7.692359924
0.999885380 0.014241214 0.005124951 -0.026186071 -0.014232476 0.999897182 -0.001736836 -0.126159444 -0.005149159 0.001663697 0.999985278 7.744889259
0.999931097 0.010932018 0.004275172 -0.026566476 -0.010924597 0.999938726 -0.001755300 -0.127089784 -0.004294100 0.001708475 0.999989331 7.799300194
0.999952614 0.009215987 0.003115059 -0.026156694 -0.009208598 0.999954760 -0.002377597 -0.127966985 -0.003136831 0.002348800 0.999992251 7.854346275
0.999954879 0.009239312 0.002210478 -0.025728999 -0.009233327 0.999953687 -0.002703382 -0.129062742 -0.002235353 0.002682849 0.999993920 7.904294491
0.999946952 0.010113000 0.001988481 -0.026221376 -0.010107653 0.999945343 -0.002680269 -0.129909515 -0.002015478 0.002660028 0.999994457 7.958008289
0.999931097 0.011570541 0.002015787 -0.026871355 -0.011566640 0.999931276 -0.001935915 -0.130395338 -0.002038047 0.001912466 0.999996126 8.012692451
0.999932647 0.011450863 0.001889689 -0.026589304 -0.011446061 0.999931216 -0.002533806 -0.131832734 -0.001918574 0.002512005 0.999994993 8.065342903
0.999945223 0.010423851 0.000918516 -0.026359171 -0.010421189 0.999941587 -0.002857097 -0.133482784 -0.000948245 0.002847369 0.999995470 8.120629311
0.999933481 0.011408883 0.001721255 -0.028399494 -0.011401787 0.999926627 -0.004076744 -0.134141162 -0.001767640 0.004056847 0.999990225 8.175423622
0.999939680 0.010944825 0.000902342 -0.027046757 -0.010941090 0.999931991 -0.004044152 -0.135003090 -0.000946543 0.004034036 0.999991417 8.227972031
0.999934793 0.011397993 0.000749826 -0.027645504 -0.011394954 0.999927342 -0.003939585 -0.136133611 -0.000794675 0.003930784 0.999991953 8.282417297
0.999937415 0.011179846 0.000457385 -0.027161976 -0.011177978 0.999929905 -0.003899177 -0.137653634 -0.000500945 0.003893820 0.999992311 8.335189819
0.999930859 0.011750782 -0.000447039 -0.027600562 -0.011752673 0.999920845 -0.004493376 -0.138610050 0.000394203 0.004498319 0.999989808 8.392514229
0.999936342 0.011280714 -0.000299488 -0.027984034 -0.011281888 0.999927342 -0.004257265 -0.139837071 0.000251441 0.004260373 0.999990880 8.446568489
0.999922097 0.012471564 0.000383239 -0.029817484 -0.012469753 0.999912560 -0.004412182 -0.140817583 -0.000438232 0.004407060 0.999990225 8.500707626
0.999945402 0.010367732 -0.001315517 -0.028319012 -0.010373808 0.999935150 -0.004698974 -0.141676039 0.001266714 0.004712364 0.999988079 8.557425499
0.999948978 0.009995254 -0.001479864 -0.028636236 -0.010002975 0.999935865 -0.005307219 -0.142661318 0.001426722 0.005321750 0.999984741 8.613051414
0.999964476 0.008323721 -0.001319884 -0.029071450 -0.008329981 0.999953747 -0.004811516 -0.144383758 0.001279773 0.004822339 0.999987543 8.668231010
0.999978662 0.006505817 -0.000607601 -0.030042414 -0.006508176 0.999970973 -0.003964179 -0.144965589 0.000581793 0.003968049 0.999991953 8.722814560
0.999971569 0.007534742 -0.000334010 -0.030373309 -0.007536062 0.999963045 -0.004142540 -0.145898789 0.000302784 0.004144939 0.999991357 8.778386116
0.999978244 0.006584259 -0.000340974 -0.031307001 -0.006585559 0.999970436 -0.003960444 -0.147375092 0.000314887 0.003962603 0.999992073 8.833395004
0.999970675 0.007650373 -0.000152943 -0.031096386 -0.007651004 0.999959826 -0.004663207 -0.148664445 0.000117262 0.004664241 0.999989092 8.888555527
0.999964774 0.008389036 0.000141537 -0.030869579 -0.008388284 0.999953926 -0.004674597 -0.148674995 -0.000180745 0.004673245 0.999989033 8.944163322
0.999962866 0.008616827 -0.000076857 -0.030616818 -0.008616971 0.999960601 -0.002121364 -0.150188267 0.000058575 0.002121947 0.999997675 8.999082565
0.999961615 0.008710465 0.000866573 -0.031496115 -0.008709156 0.999960899 -0.001503047 -0.151810691 -0.000879631 0.001495443 0.999998450 9.055335045
0.999953389 0.009596094 0.001127242 -0.031142009 -0.009592646 0.999949336 -0.003026166 -0.153005868 -0.001156224 0.003015211 0.999994695 9.110107422
0.999958396 0.008947548 0.001829508 -0.031773064 -0.008939251 0.999949932 -0.004493141 -0.153759867 -0.001869619 0.004476600 0.999988258 9.165861130
0.999966502 0.007628339 0.002974953 -0.032980658 -0.007620115 0.999967039 -0.002765640 -0.155660406 -0.002995952 0.002742878 0.999991775 9.220544815
0.999962509 0.008466852 0.001799858 -0.032079838 -0.008464151 0.999962986 -0.001503310 -0.157069534 -0.001812520 0.001488020 0.999997199 9.278095245
0.999952853 0.009491189 0.002041604 -0.032447778 -0.009486581 0.999952435 -0.002255077 -0.157396048 -0.002062910 0.002235602 0.999995291 9.334007263
0.999944925 0.010295548 0.002018537 -0.033064231 -0.010292022 0.999945521 -0.001748686 -0.158971742 -0.002036431 0.001727815 0.999996424 9.389091492
0.999943018 0.010547421 0.001621957 -0.032581024 -0.010544755 0.999943078 -0.001643416 -0.159691662 -0.001639199 0.001626220 0.999997318 9.445712090
0.999918461 0.012661654 0.001610360 -0.032421526 -0.012658948 0.999918520 -0.001678688 -0.160896972 -0.001631484 0.001658166 0.999997258 9.501985550
0.999913633 0.012842826 0.002781970 -0.033800382 -0.012836293 0.999914825 -0.002352895 -0.161222860 -0.002811951 0.002316982 0.999993384 9.557637215
0.999937415 0.010986755 0.002120411 -0.033701934 -0.010983666 0.999938607 -0.001462891 -0.162733987 -0.002136353 0.001439510 0.999996662 9.614612579
0.999949276 0.009886762 0.001954499 -0.033455133 -0.009884922 0.999950767 -0.000949435 -0.163893029 -0.001963789 0.000930067 0.999997675 9.671811104
0.999976039 0.006632465 0.002024009 -0.033979096 -0.006632439 0.999978006 -0.000020408 -0.164801672 -0.002024100 0.000006984 0.999997973 9.729556084
0.999981880 0.005640569 0.002060824 -0.034475394 -0.005638866 0.999983728 -0.000831121 -0.165575847 -0.002065478 0.000819486 0.999997556 9.784686089
0.999986410 0.004868280 0.001812910 -0.034261487 -0.004865813 0.999987245 -0.001362420 -0.166802779 -0.001819519 0.001353580 0.999997437 9.841241837
0.999993622 0.002849604 0.002129421 -0.034364697 -0.002849709 0.999995887 0.000046212 -0.167892188 -0.002129281 -0.000052280 0.999997735 9.897210121
0.999997914 0.000053324 0.002039696 -0.034658499 -0.000056380 0.999998868 0.001498233 -0.168193176 -0.002039614 -0.001498345 0.999996722 9.955676079
0.999996603 0.000187192 0.002581329 -0.034322195 -0.000187333 0.999999940 0.000054412 -0.168906093 -0.002581318 -0.000054895 0.999996662 10.010747910
0.999989629 0.001728506 0.004227647 -0.036037244 -0.001726674 0.999998391 -0.000437074 -0.170627087 -0.004228396 0.000429770 0.999991000 10.068306923
0.999993145 -0.000577871 0.003660939 -0.035494652 0.000579835 0.999999702 -0.000535695 -0.170668840 -0.003660628 0.000537814 0.999993145 10.123060226
0.999989152 0.002447691 0.003971251 -0.035080668 -0.002445472 0.999996841 -0.000563609 -0.171806738 -0.003972618 0.000553891 0.999991953 10.180378914
0.999981880 0.002184169 0.005620098 -0.035436016 -0.002176628 0.999996722 -0.001347471 -0.172479182 -0.005623022 0.001335214 0.999983251 10.236136436
0.999954343 0.006199757 0.007260479 -0.036533251 -0.006191344 0.999980092 -0.001180607 -0.174377784 -0.007267654 0.001135601 0.999972939 10.291760445
0.999929249 0.007861503 0.008923002 -0.036792740 -0.007845026 0.999967396 -0.001880172 -0.175058007 -0.008937491 0.001810038 0.999958396 10.347290993
0.999943972 0.006758698 0.008142661 -0.036059931 -0.006731531 0.999971688 -0.003359193 -0.174982905 -0.008165135 0.003304191 0.999961138 10.404108047
0.999912500 0.007873538 0.010626310 -0.036780253 -0.007841764 0.999964654 -0.003028411 -0.177217901 -0.010649781 0.002944818 0.999938965 10.459194183
0.999948740 0.003503215 0.009488399 -0.033601560 -0.003481974 0.999991417 -0.002254320 -0.176907063 -0.009496216 0.002221167 0.999952495 10.514458656
0.999913335 0.005613197 0.011909761 -0.035809278 -0.005594390 0.999983072 -0.001611841 -0.179023236 -0.011918604 0.001545074 0.999927759 10.571038246
0.999907196 0.005299200 0.012553115 -0.035404325 -0.005279586 0.999984801 -0.001595112 -0.180269510 -0.012561375 0.001528689 0.999919951 10.626760483
0.999913692 0.004992017 0.012154816 -0.034527287 -0.004945037 0.999980211 -0.003892196 -0.181183398 -0.012174003 0.003831753 0.999918580 10.681840897
0.999916494 0.004481518 0.012117703 -0.034214497 -0.004402229 0.999968827 -0.006562047 -0.182276189 -0.012146732 0.006508154 0.999905109 10.737131119
0.999938965 0.003592413 0.010461957 -0.033305682 -0.003532233 0.999977171 -0.005765091 -0.183848053 -0.010482429 0.005727785 0.999928594 10.793447495
0.999952435 0.002480510 0.009436231 -0.032831743 -0.002426238 0.999980450 -0.005758552 -0.184749484 -0.009450330 0.005735384 0.999938905 10.849053383
0.999958813 0.001915514 0.008871876 -0.032858163 -0.001855097 0.999975085 -0.006813213 -0.185717136 -0.008884708 0.006796475 0.999937356 10.904966354
0.999958813 0.002841367 0.008622300 -0.032887615 -0.002777363 0.999968588 -0.007425963 -0.186700284 -0.008643131 0.007401709 0.999935210 10.961635590
0.999966383 0.003102158 0.007593838 -0.032638140 -0.003052688 0.999974132 -0.006517351 -0.188248634 -0.007613859 0.006493950 0.999949932 11.016843796
0.999972165 0.002382242 0.007064602 -0.033016913 -0.002337592 0.999977291 -0.006321773 -0.189558461 -0.007079501 0.006305084 0.999955058 11.072861671
0.999981940 0.001827748 0.005720955 -0.032542601 -0.001801614 0.999987960 -0.004570059 -0.191279650 -0.005729238 0.004559669 0.999973118 11.128421783
0.999978185 0.003319706 0.005711514 -0.033546902 -0.003297284 0.999986887 -0.003930646 -0.191841185 -0.005724488 0.003911728 0.999975920 11.184830666
0.999971867 0.004331746 0.006119602 -0.032697149 -0.004310641 0.999984682 -0.003457810 -0.192999735 -0.006134487 0.003431333 0.999975324 11.239507675
0.999965310 0.004280272 0.007140114 -0.032955706 -0.004253762 0.999984026 -0.003723948 -0.194118366 -0.007155940 0.003693447 0.999967635 11.295884132
0.999964714 0.003953672 0.007402031 -0.032378659 -0.003923976 0.999984205 -0.004021970 -0.194785580 -0.007417818 0.003992783 0.999964476 11.350144386
0.999969780 0.001524990 0.007615964 -0.032715939 -0.001489133 0.999987721 -0.004711602 -0.195976660 -0.007623058 0.004700119 0.999959886 11.406224251
0.999968171 0.000629512 0.007956305 -0.032120571 -0.000574830 0.999976158 -0.006873140 -0.197312608 -0.007960439 0.006868347 0.999944746 11.462635994
0.999965847 0.000316382 0.008256322 -0.032369763 -0.000250812 0.999968410 -0.007941552 -0.198305711 -0.008258575 0.007939210 0.999934375 11.519128799
0.999982297 0.001243590 0.005823688 -0.031948023 -0.001192986 0.999961495 -0.008684832 -0.200082198 -0.005834265 0.008677728 0.999945343 11.576583862
0.999989092 0.002671951 0.003827792 -0.031882655 -0.002639531 0.999960721 -0.008449720 -0.200800151 -0.003850219 0.008439522 0.999956965 11.633197784
0.999981940 0.004407426 0.004095039 -0.033310417 -0.004386676 0.999977529 -0.005062491 -0.201892316 -0.004117260 0.005044435 0.999978840 11.690060616
0.999991775 0.001513178 0.003763808 -0.031809859 -0.001506216 0.999997258 -0.001851734 -0.203352422 -0.003766599 0.001846050 0.999991179 11.748320580
0.999992728 -0.000026569 0.003810497 -0.031903122 0.000030586 0.999999523 -0.001054332 -0.204375565 -0.003810467 0.001054441 0.999992192 11.804307938
0.999991357 -0.000212308 0.004146697 -0.031806789 0.000222626 0.999996901 -0.002487840 -0.205065936 -0.004146156 0.002488742 0.999988258 11.862473488
0.999990344 -0.001209931 0.004208067 -0.031501058 0.001222621 0.999994755 -0.003014560 -0.205715120 -0.004204397 0.003019676 0.999986649 11.920278549
0.999988198 -0.001612039 0.004579397 -0.031663939 0.001621562 0.999996662 -0.002076637 -0.207157403 -0.004576034 0.002084039 0.999987364 11.976748466
0.999984562 -0.000824638 0.005492571 -0.032098211 0.000837498 0.999996960 -0.002339365 -0.208512753 -0.005490624 0.002343929 0.999982238 12.033207893
0.999978602 0.001199594 0.006426333 -0.032600388 -0.001176084 0.999992609 -0.003660824 -0.209359705 -0.006430677 0.003653188 0.999972582 12.090069771
0.999971867 0.001639413 0.007315156 -0.033084139 -0.001611232 0.999991238 -0.003856653 -0.210619301 -0.007321414 0.003844757 0.999965787 12.146963120
0.999974728 0.000807537 0.007064257 -0.030850373 -0.000789545 0.999996543 -0.002549370 -0.210973486 -0.007066291 0.002543728 0.999971807 12.205964088
0.999972641 -0.000755035 0.007355225 -0.030768342 0.000760961 0.999999464 -0.000802864 -0.212954119 -0.007354614 0.000808440 0.999972582 12.261908531
0.999972224 -0.001045575 0.007367892 -0.030658655 0.001067674 0.999994934 -0.002996117 -0.213567913 -0.007364721 0.003003900 0.999968290 12.318713188
0.999977291 -0.000461615 0.006716640 -0.029315330 0.000474651 0.999998033 -0.001939409 -0.215315282 -0.006715731 0.001942553 0.999975562 12.375488281
0.999977708 0.001889846 0.006385658 -0.029483125 -0.001861873 0.999988616 -0.004383746 -0.216298118 -0.006393871 0.004371759 0.999969959 12.432649612
0.999974787 0.003393932 0.006238391 -0.030373804 -0.003346554 0.999965608 -0.007589641 -0.217219308 -0.006263935 0.007568573 0.999951720 12.488872528
0.999970496 0.005134533 0.005710989 -0.030165061 -0.005088942 0.999955237 -0.007969207 -0.218113646 -0.005751652 0.007939910 0.999951959 12.545373917
0.999974549 0.005328202 0.004737536 -0.030174300 -0.005312060 0.999980092 -0.003413219 -0.220167369 -0.004755627 0.003387966 0.999982953 12.600943565
0.999976575 0.005894638 0.003467723 -0.029893320 -0.005895698 0.999982655 0.000295519 -0.221878022 -0.003465920 -0.000315957 0.999993920 12.657279015
0.999973774 0.006937631 0.002090336 -0.030213162 -0.006933796 0.999974191 -0.001835429 -0.222497627 -0.002103016 0.001820887 0.999996126 12.714989662
0.999977112 0.006652236 0.001241349 -0.031094493 -0.006647869 0.999971807 -0.003488770 -0.223492026 -0.001264523 0.003480437 0.999993145 12.769366264
0.999987185 0.004673870 -0.001935185 -0.030040748 -0.004677804 0.999987006 -0.002033907 -0.224776089 0.001925654 0.002042933 0.999996066 12.827316284
0.999991953 0.002680783 -0.002967811 -0.030310374 -0.002684071 0.999995887 -0.001104810 -0.226224080 0.002964837 0.001112766 0.999994993 12.883976936
0.999990344 0.003091575 -0.003122471 -0.030939475 -0.003097745 0.999993265 -0.001972882 -0.227273107 0.003116351 0.001982535 0.999993205 12.939873695
0.999992371 0.002196589 -0.003217199 -0.031829424 -0.002206761 0.999992549 -0.003161916 -0.227935702 0.003210229 0.003168992 0.999989867 12.997301102
0.999991655 0.002139870 -0.003464185 -0.032047354 -0.002151530 0.999991953 -0.003365858 -0.228995055 0.003456955 0.003373283 0.999988258 13.051788330
0.999991834 0.000836248 -0.003959917 -0.032172918 -0.000851225 0.999992430 -0.003781771 -0.229959607 0.003956725 0.003785111 0.999985039 13.107468605
0.999993861 0.000844211 -0.003406474 -0.032835186 -0.000858084 0.999991298 -0.004072994 -0.231407404 0.003403006 0.004075891 0.999985874 13.164440155
0.999994874 0.001656333 -0.002759926 -0.033675998 -0.001669061 0.999987900 -0.004615461 -0.232819915 0.002752248 0.004620043 0.999985516 13.220051765
0.999994278 0.000110013 -0.003358633 -0.033573911 -0.000125367 0.999989569 -0.004571853 -0.233895600 0.003358095 0.004572248 0.999983847 13.277065277
0.999994576 0.000641618 -0.003243665 -0.033879898 -0.000658858 0.999985695 -0.005316798 -0.235350251 0.003240207 0.005318907 0.999980509 13.333609581
0.999992490 -0.001234294 -0.003662325 -0.034115657 0.001210213 0.999977827 -0.006570371 -0.236601353 0.003670353 0.006565891 0.999971688 13.390267372
0.999993265 -0.001346430 -0.003429902 -0.034120381 0.001329198 0.999986589 -0.005021408 -0.237889796 0.003436617 0.005016815 0.999981523 13.445205688
0.999984503 -0.004152129 -0.003716464 -0.034641787 0.004137421 0.999983549 -0.003956394 -0.239014700 0.003732830 0.003940955 0.999985278 13.502778053
0.999985695 -0.004027979 -0.003538763 -0.035364859 0.004011120 0.999980628 -0.004758189 -0.240321755 0.003557860 0.004743926 0.999982417 13.558560371
0.999989331 -0.003393447 -0.003132313 -0.035742044 0.003376408 0.999979556 -0.005429072 -0.241434425 0.003150673 0.005418439 0.999980330 13.615021706
0.999993801 -0.002080609 -0.002843910 -0.036495645 0.002068266 0.999988377 -0.004336220 -0.242901534 0.002852899 0.004330311 0.999986589 13.671114922
0.999996841 -0.001066614 -0.002247558 -0.036868751 0.001058480 0.999992907 -0.003616939 -0.243827090 0.002251400 0.003614549 0.999990940 13.727730751
0.999995530 -0.001745333 -0.002438805 -0.037170630 0.001736536 0.999992013 -0.003604584 -0.245146275 0.002445077 0.003600333 0.999990523 13.784570694
0.999995530 -0.002055077 -0.002168761 -0.037378773 0.002045666 0.999988496 -0.004332645 -0.246423736 0.002177640 0.004328189 0.999988258 13.842239380
0.999995351 -0.002398413 -0.001898322 -0.038126457 0.002389806 0.999986887 -0.004523234 -0.247440904 0.001909146 0.004518676 0.999988019 13.899437904
0.999996364 -0.001694441 -0.002082355 -0.038011067 0.001685210 0.999988735 -0.004426756 -0.248940676 0.002089832 0.004423231 0.999987960 13.957383156
0.999999285 0.000693504 -0.000930469 -0.039173640 -0.000698191 0.999987066 -0.005046631 -0.249778807 0.000926956 0.005047277 0.999986768 14.014876366
0.999998569 0.000104967 -0.001693364 -0.038736943 -0.000111148 0.999993265 -0.003650767 -0.251172394 0.001692969 0.003650950 0.999991894 14.072136879
0.999996066 0.002527273 -0.001249322 -0.039211482 -0.002533484 0.999984264 -0.004995102 -0.252432525 0.001236678 0.004998247 0.999986768 14.129924774
0.999996781 0.002329460 -0.001004606 -0.039350525 -0.002334651 0.999983728 -0.005196183 -0.253660351 0.000992485 0.005198512 0.999985993 14.187425613
0.999994576 0.003198350 -0.000766919 -0.039559297 -0.003202435 0.999980390 -0.005385971 -0.254603118 0.000749678 0.005388397 0.999985158 14.244767189
0.999990404 0.004323648 -0.000592683 -0.039630659 -0.004326127 0.999981701 -0.004246670 -0.255978853 0.000574311 0.004249193 0.999990761 14.301542282
