0.999999821 -0.000622206 -0.000126462 -0.000208834 0.000622427 0.999998271 0.001757332 -0.000640931 0.000125368 -0.001757411 0.999998450 0.035083231
0.999998569 -0.001558238 -0.000639550 -0.000382901 0.001559317 0.999997377 0.001690041 -0.001124657 0.000636915 -0.001691036 0.999998391 0.072430722
0.999994934 -0.003088806 -0.000657959 -0.000457892 0.003089283 0.999994993 0.000726267 -0.001535069 0.000655712 -0.000728296 0.999999464 0.105398320
0.999993742 -0.003516462 -0.000362452 -0.000756612 0.003516838 0.999993265 0.001040586 -0.002257328 0.000358791 -0.001041854 0.999999404 0.140284836
0.999992549 -0.003833103 -0.000313561 -0.000859990 0.003833662 0.999991000 0.001802675 -0.002739332 0.000306649 -0.001803863 0.999998331 0.175671548
0.999986053 -0.005272009 0.000223408 -0.001233194 0.005271426 0.999982834 0.002535280 -0.002989282 -0.000236770 -0.002534067 0.999996781 0.211710751
0.999988735 -0.004738352 0.000068753 -0.001350247 0.004738083 0.999982595 0.003502000 -0.003784108 -0.000085345 -0.003501635 0.999993801 0.246315286
0.999990642 -0.004260033 -0.000691659 -0.001327536 0.004261493 0.999988616 0.002122337 -0.004367957 0.000682610 -0.002125265 0.999997497 0.282979965
0.999999046 -0.001119532 -0.000793934 -0.001466134 0.001119160 0.999999285 -0.000468658 -0.004850304 0.000794458 0.000467769 0.999999583 0.317540109
0.999997556 0.002212195 -0.000062589 -0.002239446 -0.002212256 0.999997079 -0.000987012 -0.005665310 0.000060405 0.000987148 0.999999523 0.353869915
0.999990165 0.004399920 -0.000432699 -0.002055263 -0.004400529 0.999989271 -0.001414470 -0.006064259 0.000426471 0.001416360 0.999998927 0.389082402
0.999984682 0.005526061 0.000012714 -0.002588830 -0.005526054 0.999984562 -0.000519216 -0.006650676 -0.000015583 0.000519138 0.999999821 0.425777078
0.999994457 0.003326894 0.000175146 -0.002348820 -0.003327281 0.999991834 0.002255420 -0.007334598 -0.000167641 -0.002255990 0.999997437 0.461196452
0.999999642 -0.000641766 0.000560618 -0.002668228 0.000639643 0.999992609 0.003779294 -0.007640295 -0.000563039 -0.003778934 0.999992669 0.497867823
0.999996006 -0.002698020 0.000793388 -0.003376501 0.002697285 0.999995887 0.000925690 -0.007923753 -0.000795882 -0.000923546 0.999999225 0.535792351
0.999989927 -0.004462846 -0.000419272 -0.001948612 0.004462721 0.999989986 -0.000295240 -0.008847298 0.000420585 0.000293366 0.999999881 0.569772303
0.999998391 -0.001687057 0.000668344 -0.002686326 0.001688423 0.999996483 -0.002049946 -0.009328563 -0.000664883 0.002051071 0.999997675 0.606565952
0.999999464 0.000911105 0.000195708 -0.002331023 -0.000911092 0.999999523 -0.000071368 -0.009944503 -0.000195773 0.000071190 1.000000000 0.644484580
0.999998868 0.001130955 0.001020161 -0.002281910 -0.001134717 0.999992549 0.003694629 -0.010621641 -0.001015975 -0.003695781 0.999992609 0.679525018
0.999997914 -0.000925965 0.001856442 -0.002984933 0.000915539 0.999983847 0.005609190 -0.010991867 -0.001861606 -0.005607477 0.999982536 0.715858161
0.999983549 -0.005605877 0.001239026 -0.002465992 0.005600909 0.999976397 0.003977639 -0.011574076 -0.001261295 -0.003970633 0.999991298 0.752281487
0.999981999 -0.005856680 0.001308922 -0.002759631 0.005854536 0.999981463 0.001635885 -0.011913178 -0.001318478 -0.001628192 0.999997735 0.789737165
0.999982178 -0.005618645 0.002017028 -0.003141030 0.005620387 0.999983847 -0.000859287 -0.012699563 -0.002012168 0.000870608 0.999997556 0.827433884
0.999992907 -0.002702323 0.002624435 -0.002904101 0.002706806 0.999994874 -0.001706113 -0.012998749 -0.002619811 0.001713205 0.999995053 0.862570703
0.999993086 -0.002556120 0.002681566 -0.002890749 0.002567382 0.999987781 -0.004204649 -0.013277101 -0.002670786 0.004211504 0.999987602 0.900019407
0.999994397 -0.001302836 0.003080977 -0.003470829 0.001314840 0.999991536 -0.003897427 -0.013724729 -0.003075873 0.003901456 0.999987602 0.937427938
0.999995530 0.000026485 0.002979527 -0.003319777 -0.000019763 0.999997377 -0.002256150 -0.014982039 -0.002979579 0.002256081 0.999993026 0.973743796
0.999995291 0.001071280 0.002904510 -0.003724159 -0.001068892 0.999999046 -0.000823785 -0.015429739 -0.002905390 0.000820676 0.999995470 1.011052132
0.999989450 0.003647691 0.002804030 -0.003710681 -0.003646907 0.999993324 -0.000284301 -0.016226012 -0.002805048 0.000274072 0.999996066 1.048916817
0.999978065 0.005739336 0.003300031 -0.004144772 -0.005737834 0.999983430 -0.000464645 -0.017014995 -0.003302642 0.000445700 0.999994457 1.085016966
0.999962986 0.008142980 0.002769767 -0.003959907 -0.008142673 0.999966800 -0.000122111 -0.017436853 -0.002770670 0.000099553 0.999996126 1.123889685
0.999960124 0.008652338 0.002203469 -0.003956097 -0.008651839 0.999962628 -0.000236387 -0.018114800 -0.002205431 0.000217314 0.999997497 1.161515951
0.999966860 0.007999103 0.001486705 -0.003694169 -0.007998168 0.999967813 -0.000633340 -0.018607626 -0.001491724 0.000621428 0.999998689 1.200595975
0.999974251 0.007047820 0.001448988 -0.004099624 -0.007047338 0.999975026 -0.000337847 -0.019578705 -0.001451334 0.000327627 0.999998868 1.235652685
0.999979675 0.006345623 0.000695678 -0.004603408 -0.006345595 0.999979854 -0.000043713 -0.020264983 -0.000695942 0.000039298 0.999999762 1.273239374
0.999979079 0.006455800 0.000469304 -0.005488761 -0.006456081 0.999978960 0.000602219 -0.020318512 -0.000465407 -0.000605236 0.999999702 1.311414599
0.999980390 0.006116960 -0.001351558 -0.004857281 -0.006115781 0.999980927 0.000874778 -0.021358944 0.001356883 -0.000866495 0.999998689 1.348748326
0.999972045 0.007151698 -0.002171774 -0.005650963 -0.007150341 0.999974310 0.000631791 -0.021682916 0.002176236 -0.000616244 0.999997437 1.386776209
0.999969304 0.007261020 -0.002934158 -0.006245210 -0.007256787 0.999972701 0.001450680 -0.022189738 0.002944611 -0.001429343 0.999994636 1.423515201
0.999980330 0.004554885 -0.004313215 -0.005959028 -0.004542577 0.999985576 0.002859323 -0.023148714 0.004326178 -0.002839674 0.999986589 1.462856889
0.999980628 0.003954115 -0.004801867 -0.006434447 -0.003942246 0.999989152 0.002478663 -0.023572955 0.004811618 -0.002459685 0.999985397 1.501454711
0.999986053 0.000193631 -0.005278665 -0.007057895 -0.000183146 0.999997973 0.001986571 -0.023900362 0.005279040 -0.001985577 0.999984086 1.540000439
0.999987900 0.000329945 -0.004899371 -0.008078462 -0.000317303 0.999996543 0.002580800 -0.024805538 0.004900207 -0.002579214 0.999984682 1.578184128
0.999986410 -0.001933196 -0.004847602 -0.007597331 0.001950936 0.999991417 0.003657545 -0.025503287 0.004840489 -0.003666952 0.999981582 1.614506483
0.999985754 -0.003103681 -0.004343638 -0.008091658 0.003121621 0.999986649 0.004129578 -0.025854889 0.004330762 -0.004143078 0.999982119 1.653390765
0.999956250 -0.007698963 -0.005327631 -0.006105126 0.007720222 0.999962211 0.003981324 -0.025647493 0.005296777 -0.004022280 0.999977946 1.688490391
0.999959946 -0.008232020 -0.003507077 -0.008483524 0.008241863 0.999962151 0.002801291 -0.026399367 0.003483883 -0.002830083 0.999989986 1.728438139
0.999962926 -0.007830567 -0.003572066 -0.008925224 0.007839780 0.999965906 0.002572505 -0.026907232 0.003551799 -0.002600414 0.999990284 1.766814470
0.999962330 -0.008160033 -0.002965576 -0.009324303 0.008167801 0.999963224 0.002616668 -0.027474716 0.002944115 -0.002640791 0.999992132 1.804705858
0.999971867 -0.006661739 -0.003455496 -0.008203864 0.006674503 0.999970913 0.003695515 -0.027568344 0.003430777 -0.003718474 0.999987245 1.838769436
0.999997914 -0.001339779 -0.001543369 -0.009881333 0.001347157 0.999987602 0.004789575 -0.028430909 0.001536933 -0.004791645 0.999987364 1.876683354
0.999998450 0.001603595 -0.000639160 -0.010654203 -0.001600338 0.999985874 0.005064433 -0.028730966 0.000647273 -0.005063403 0.999987006 1.914158463
0.999975324 0.006994786 0.000586580 -0.011526694 -0.006997606 0.999963224 0.004951125 -0.029095681 -0.000551926 -0.004955107 0.999987602 1.947529793
0.999935687 0.011320281 0.000625386 -0.010993946 -0.011323059 0.999925137 0.004631592 -0.030341901 -0.000572909 -0.004638376 0.999989092 1.986656547
0.999920726 0.012535536 0.001168855 -0.011221680 -0.012540110 0.999913335 0.003991004 -0.030843426 -0.001118724 -0.004005346 0.999991417 2.023779631
0.999912500 0.013194806 0.000932194 -0.011279196 -0.013198850 0.999902904 0.004474096 -0.031200353 -0.000873069 -0.004486009 0.999989569 2.060195684
0.999917328 0.012754004 0.001635726 -0.011712199 -0.012761336 0.999908209 0.004555127 -0.032063320 -0.001577480 -0.004575625 0.999988317 2.096286774
0.999948502 0.010059568 0.001340538 -0.011597377 -0.010064318 0.999942899 0.003585839 -0.032140061 -0.001304390 -0.003599146 0.999992669 2.132219553
0.999950707 0.009847425 0.001298896 -0.011775754 -0.009852106 0.999944746 0.003648243 -0.033027276 -0.001262899 -0.003660859 0.999992490 2.167830229
0.999952793 0.009618150 0.001389219 -0.012619829 -0.009623067 0.999947369 0.003576428 -0.033147227 -0.001354747 -0.003589627 0.999992609 2.205362320
0.999963284 0.008551463 0.000472260 -0.012468128 -0.008552982 0.999957919 0.003319517 -0.033699911 -0.000443854 -0.003323434 0.999994397 2.240322351
0.999962866 0.008597562 -0.000505441 -0.012421817 -0.008596023 0.999958634 0.002972934 -0.033657994 0.000530980 -0.002968479 0.999995530 2.277143717
0.999972999 0.007205798 -0.001414364 -0.012399983 -0.007199242 0.999963522 0.004587713 -0.034691967 0.001447370 -0.004577407 0.999988496 2.311546564
0.999981999 0.005347263 -0.002688833 -0.013029044 -0.005333071 0.999971926 0.005257879 -0.035104420 0.002716873 -0.005243446 0.999982595 2.348749638
0.999985754 0.003139613 -0.004312430 -0.012736247 -0.003114216 0.999977827 0.005883562 -0.035845041 0.004330806 -0.005870050 0.999973416 2.384858608
0.999985754 0.001485488 -0.005130897 -0.013001203 -0.001454813 0.999981046 0.005977011 -0.036717534 0.005139678 -0.005969462 0.999969065 2.421190977
0.999982357 -0.000457819 -0.005934819 -0.012740614 0.000493175 0.999982178 0.005957297 -0.037422176 0.005931985 -0.005960120 0.999964654 2.455943584
0.999981582 -0.001801374 -0.005782390 -0.013682760 0.001830840 0.999985337 0.005094681 -0.037239552 0.005773127 -0.005105175 0.999970257 2.491245031
0.999979317 -0.002008127 -0.006111710 -0.013985283 0.002036276 0.999987364 0.004603017 -0.037657447 0.006102390 -0.004615367 0.999970734 2.527404547
0.999980390 -0.001827522 -0.005977072 -0.014365491 0.001851704 0.999990106 0.004042886 -0.038256183 0.005969623 -0.004053876 0.999973953 2.562434435
0.999983191 -0.000446752 -0.005775692 -0.014784176 0.000467507 0.999993443 0.003592714 -0.039114073 0.005774048 -0.003595354 0.999976873 2.597967625
0.999986708 0.000122061 -0.005159458 -0.015456488 -0.000102204 0.999992609 0.003848590 -0.039395958 0.005159889 -0.003848011 0.999979258 2.631871223
0.999984622 0.001780556 -0.005257786 -0.015633775 -0.001753156 0.999984920 0.005211430 -0.040070172 0.005266984 -0.005202131 0.999972582 2.666390896
0.999987185 0.001444161 -0.004869378 -0.016337743 -0.001408740 0.999972641 0.007269749 -0.040553473 0.004879743 -0.007262795 0.999961674 2.701542377
0.999987483 0.000942737 -0.004914220 -0.016393131 -0.000916468 0.999985278 0.005345108 -0.041060980 0.004919187 -0.005340538 0.999973655 2.737308264
0.999986291 0.001277153 -0.005081375 -0.016454682 -0.001264409 0.999996006 0.002510225 -0.041338693 0.005084561 -0.002503766 0.999983966 2.773040056
0.999987602 0.001339059 -0.004803919 -0.017111139 -0.001334621 0.999998629 0.000926788 -0.041705955 0.004805154 -0.000920365 0.999988019 2.807068348
0.999990404 -0.000333921 -0.004360040 -0.017370991 0.000345079 0.999996603 0.002558459 -0.042853322 0.004359171 -0.002559939 0.999987245 2.841822863
0.999982476 -0.004384431 -0.003974728 -0.017906094 0.004404493 0.999977469 0.005052594 -0.042932671 0.003952486 -0.005070012 0.999979258 2.875674009
0.999978662 -0.005660770 -0.003258643 -0.017895903 0.005679337 0.999967456 0.005717051 -0.043632887 0.003226174 -0.005735436 0.999978244 2.910334110
0.999973416 -0.006799371 -0.002639586 -0.018244412 0.006810374 0.999968052 0.004181847 -0.044107914 0.002611068 -0.004199713 0.999987721 2.946132183
0.999987006 -0.004842383 -0.001608090 -0.018459942 0.004845191 0.999986708 0.001746917 -0.044374675 0.001599609 -0.001754686 0.999997139 2.981091976
0.999996722 -0.002547460 -0.000156601 -0.019204888 0.002547413 0.999996662 -0.000299215 -0.044963676 0.000157363 0.000298815 0.999999881 3.014094353
0.999998808 -0.001324496 0.000703465 -0.019002363 0.001324450 0.999999106 0.000066145 -0.045405697 -0.000703552 -0.000065213 0.999999702 3.050180912
0.999995828 0.001382700 0.002523044 -0.019505130 -0.001386350 0.999998033 0.001445623 -0.046068851 -0.002521040 -0.001449115 0.999995768 3.084246635
0.999993265 0.000081479 0.003661768 -0.020005472 -0.000096221 0.999991894 0.004025875 -0.046382345 -0.003661410 -0.004026200 0.999985218 3.119599581
0.999992788 -0.000088162 0.003804511 -0.019464854 0.000072748 0.999991715 0.004051493 -0.046529002 -0.003804837 -0.004051187 0.999984503 3.154712200
0.999984324 0.001245551 0.005459769 -0.020129567 -0.001262569 0.999994338 0.003114769 -0.047006816 -0.005455858 -0.003121614 0.999980211 3.189167500
0.999971807 0.003370926 0.006708843 -0.020027407 -0.003386079 0.999991655 0.002248688 -0.046925418 -0.006701207 -0.002271341 0.999974966 3.224571466
0.999966741 0.003696748 0.007276459 -0.019520478 -0.003718947 0.999988496 0.003039663 -0.047846843 -0.007265138 -0.003066622 0.999968886 3.259302616
0.999943078 0.006436010 0.008510425 -0.019346861 -0.006448902 0.999978125 0.001488344 -0.048889015 -0.008500658 -0.001543142 0.999962628 3.294363499
0.999929845 0.006776991 0.009718336 -0.019425172 -0.006784023 0.999976754 0.000690842 -0.049375273 -0.009713428 -0.000756723 0.999952495 3.328587770
0.999924481 0.005853190 0.010812870 -0.019207750 -0.005862821 0.999982476 0.000859310 -0.049758822 -0.010807650 -0.000922639 0.999941111 3.361936092
0.999907494 0.006563525 0.011910612 -0.019362934 -0.006580149 0.999977469 0.001357159 -0.050294708 -0.011901436 -0.001435407 0.999928176 3.398644447
0.999911010 0.004828672 0.012435162 -0.018976502 -0.004864764 0.999984026 0.002873800 -0.051189031 -0.012421087 -0.002934038 0.999918520 3.433477640
0.999912798 0.004618692 0.012369333 -0.018257141 -0.004661165 0.999983311 0.003407163 -0.051970996 -0.012353390 -0.003464521 0.999917686 3.468549728
0.999920964 0.002201781 0.012380481 -0.018005960 -0.002244440 0.999991655 0.003432847 -0.052344881 -0.012372820 -0.003460363 0.999917448 3.503229618
0.999933779 0.000719436 0.011488736 -0.016902104 -0.000757117 0.999994338 0.003275775 -0.052168943 -0.011486315 -0.003284256 0.999928653 3.538755894
0.999926209 -0.000174612 0.012141463 -0.017811440 0.000133954 0.999994397 0.003349372 -0.052988317 -0.012141977 -0.003347499 0.999920666 3.572617769
0.999935567 -0.001373416 0.011259736 -0.017782860 0.001335929 0.999993563 0.003336202 -0.053724170 -0.011264244 -0.003320945 0.999931037 3.607502460
0.999952614 -0.002341263 0.009449329 -0.016822957 0.002307220 0.999990880 0.003611986 -0.053950176 -0.009457697 -0.003590013 0.999948859 3.642116547
0.999957323 -0.003359229 0.008603043 -0.016510185 0.003328148 0.999987900 0.003624498 -0.054226793 -0.008615115 -0.003595711 0.999956369 3.676608562
0.999964058 -0.004304146 0.007307951 -0.016663166 0.004272473 0.999981463 0.004344159 -0.055366114 -0.007326513 -0.004312780 0.999963820 3.712760210
0.999969780 -0.004644910 0.006237427 -0.016713146 0.004622524 0.999982834 0.003598613 -0.055758495 -0.006254035 -0.003569672 0.999974132 3.747769117
0.999977052 -0.004391077 0.005161525 -0.016280469 0.004372030 0.999983609 0.003695666 -0.056588229 -0.005177668 -0.003673015 0.999979794 3.782002687
0.999971390 -0.006372917 0.004101503 -0.016091958 0.006368123 0.999979079 0.001180843 -0.056968823 -0.004108942 -0.001154691 0.999990880 3.817156076
0.999925256 -0.011742044 0.003406500 -0.016321395 0.011740391 0.999930918 0.000504776 -0.057476617 -0.003412192 -0.000464745 0.999994099 3.851173162
0.999811888 -0.019262703 0.002223067 -0.016007582 0.019256281 0.999810398 0.002874434 -0.058149181 -0.002278015 -0.002831086 0.999993503 3.886044502
0.999637663 -0.026911674 0.000565239 -0.015585618 0.026908468 0.999625087 0.005069671 -0.058874510 -0.000701460 -0.005052625 0.999987006 3.921874285
0.999563456 -0.029542821 -0.000482501 -0.015268823 0.029543279 0.999563038 0.000972082 -0.059180785 0.000453573 -0.000985912 0.999999404 3.955198288
0.999575734 -0.029129699 -0.000065939 -0.015622209 0.029129533 0.999573886 -0.001863061 -0.060010802 0.000120181 0.001860350 0.999998271 3.990645647
0.999661267 -0.026022455 0.000531602 -0.015572593 0.026024351 0.999653518 -0.003942377 -0.060634084 -0.000428828 0.003954876 0.999992073 4.025584221
0.999675035 -0.025403406 0.002125021 -0.016319064 0.025412403 0.999667645 -0.004320334 -0.061087471 -0.002014564 0.004372932 0.999988437 4.058811665
0.999559522 -0.029605728 0.002086311 -0.015822135 0.029606873 0.999561429 -0.000519520 -0.061952177 -0.002070015 0.000581060 0.999997675 4.093813419
0.999428689 -0.033664849 0.002986868 -0.015797110 0.033659060 0.999431431 0.001967653 -0.062399898 -0.003051410 -0.001865993 0.999993622 4.129093170
0.999315739 -0.036863845 0.003015592 -0.015606442 0.036855269 0.999316573 0.002855225 -0.062741712 -0.003118785 -0.002742131 0.999991357 4.163765430
0.999195158 -0.040011682 0.002839919 -0.015414498 0.040000834 0.999192536 0.003778916 -0.063734889 -0.002988827 -0.003662275 0.999988854 4.198214531
0.999277532 -0.037869461 0.003209630 -0.014785089 0.037856068 0.999274671 0.004137066 -0.064006507 -0.003363970 -0.004012574 0.999986351 4.233513832
0.999449492 -0.032713525 0.005519295 -0.015741780 0.032697748 0.999460936 0.002925419 -0.064425245 -0.005612020 -0.002743339 0.999980450 4.267409325
0.999532819 -0.030119222 0.005191517 -0.015217999 0.030112559 0.999545574 0.001356833 -0.065404050 -0.005230025 -0.001199869 0.999985576 4.305952072
0.999619842 -0.027011259 0.005529902 -0.015000310 0.027009105 0.999635100 0.000463617 -0.065829702 -0.005540407 -0.000314083 0.999984622 4.343271732
0.999667168 -0.024982698 0.006424258 -0.015404515 0.024972783 0.999686897 0.001619306 -0.066232622 -0.006462700 -0.001458336 0.999978006 4.375452042
0.999714375 -0.023239603 0.005573051 -0.014833074 0.023234719 0.999729633 0.000939522 -0.066764206 -0.005593379 -0.000809765 0.999983966 4.412731647
0.999752522 -0.021432064 0.005960857 -0.014878927 0.021438733 0.999769568 -0.001056565 -0.067233235 -0.005936839 0.001184096 0.999981642 4.444960117
0.999832571 -0.017625172 0.004919831 -0.014428075 0.017643569 0.999837458 -0.003720457 -0.068006769 -0.004853458 0.003806637 0.999980986 4.479478359
0.999916553 -0.011825331 0.005191745 -0.015240777 0.011854864 0.999913454 -0.005694260 -0.068285137 -0.005123959 0.005755332 0.999970376 4.515529156
0.999966502 -0.005944906 0.005614130 -0.015177129 0.005969559 0.999972522 -0.004384490 -0.069480881 -0.005587910 0.004417857 0.999974668 4.549281120
0.999968827 -0.005395417 0.005761818 -0.015245708 0.005407446 0.999983251 -0.002074138 -0.070098698 -0.005750530 0.002105230 0.999981225 4.587472916
0.999977112 -0.002679436 0.006216121 -0.015862769 0.002680842 0.999996424 -0.000217833 -0.070556179 -0.006215516 0.000234492 0.999980688 4.623298168
0.999964416 -0.006477898 0.005407346 -0.015193298 0.006477199 0.999979019 0.000147025 -0.070369385 -0.005408185 -0.000111995 0.999985397 4.658904076
0.999959469 -0.008000322 0.004123522 -0.015882060 0.007996538 0.999967635 0.000933394 -0.071853742 -0.004130856 -0.000900382 0.999991059 4.692744255
0.999972343 -0.006944949 0.002660750 -0.016946841 0.006957508 0.999964595 -0.004739999 -0.071149901 -0.002627737 0.004758380 0.999985218 4.730522156
0.999977231 -0.006740343 0.000592165 -0.015888983 0.006744380 0.999952078 -0.007098874 -0.074350506 -0.000544288 0.007102704 0.999974549 4.765171528
0.999994099 -0.003429410 0.000430796 -0.017294347 0.003432818 0.999960780 -0.008175165 -0.074129000 -0.000402744 0.008176595 0.999966383 4.801808834
0.999999046 0.001302508 0.000446764 -0.017772745 -0.001298958 0.999968350 -0.007857025 -0.074584469 -0.000456984 0.007856438 0.999968946 4.837792397
0.999995887 0.002665169 0.001108075 -0.018678218 -0.002660591 0.999988019 -0.004111977 -0.075287446 -0.001119020 0.004109012 0.999990880 4.875197887
0.999995232 0.003081052 0.000329305 -0.017200543 -0.003080452 0.999993622 -0.001803414 -0.076693855 -0.000334860 0.001802392 0.999998212 4.911048412
0.999992907 0.003703166 0.000706350 -0.017517002 -0.003702489 0.999992669 -0.000955139 -0.077196524 -0.000709882 0.000952517 0.999999225 4.947508335
0.999995351 0.002574312 0.001610743 -0.019171748 -0.002572799 0.999996245 -0.000940575 -0.077337720 -0.001613159 0.000936427 0.999998271 4.985025883
0.999998391 -0.001101625 0.001389227 -0.019577904 0.001101211 0.999999344 0.000299031 -0.078582905 -0.001389556 -0.000297501 0.999998987 5.023431778
0.999994695 -0.002362362 0.002265032 -0.020504761 0.002359981 0.999996662 0.001053274 -0.080710806 -0.002267512 -0.001047923 0.999996901 5.057592869
0.999983191 -0.005506507 0.001778062 -0.018197473 0.005504236 0.999984026 0.001279283 -0.080090776 -0.001785077 -0.001269475 0.999997556 5.094785690
0.999946535 -0.010154810 0.001946614 -0.018665049 0.010149856 0.999945283 0.002538126 -0.080366045 -0.001972282 -0.002518233 0.999994874 5.133193016
0.999910116 -0.013211689 0.002250240 -0.018456558 0.013204959 0.999908388 0.002979945 -0.081149042 -0.002289404 -0.002949963 0.999992967 5.169786453
0.999949455 -0.009458636 0.003409648 -0.019253954 0.009466629 0.999952376 -0.002335864 -0.080978319 -0.003387392 0.002368024 0.999991417 5.205993176
0.999988616 -0.003566105 0.003173250 -0.018320864 0.003587150 0.999971390 -0.006651307 -0.082469597 -0.003149440 0.006662612 0.999972761 5.242097378
0.999971628 0.005700049 0.004913847 -0.019272501 -0.005666072 0.999960124 -0.006901219 -0.083113357 -0.004952989 0.006873180 0.999964058 5.279674053
0.999884129 0.013867010 0.006281295 -0.019945234 -0.013844966 0.999897897 -0.003539325 -0.083772704 -0.006329733 0.003451951 0.999973953 5.317683220
0.999852180 0.015560335 0.007317985 -0.020863395 -0.015549856 0.999877870 -0.001486489 -0.084404737 -0.007340222 0.001372474 0.999972105 5.355298996
0.999892592 0.013271501 0.006233052 -0.019018739 -0.013267485 0.999911666 -0.000685025 -0.085141845 -0.006241594 0.000602255 0.999980330 5.390718460
0.999942899 0.009465120 0.004962401 -0.019070510 -0.009462073 0.999954998 -0.000637202 -0.085611619 -0.004968210 0.000590211 0.999987483 5.428484440
0.999962986 0.007418342 0.004358230 -0.019501135 -0.007412957 0.999971688 -0.001250386 -0.086248040 -0.004367383 0.001218033 0.999989748 5.465912342
0.999953449 0.008912937 0.003689992 -0.018927362 -0.008905880 0.999958515 -0.001924957 -0.087103568 -0.003706996 0.001892005 0.999991357 5.503044128
0.999942839 0.010020128 0.003723021 -0.019207928 -0.010014069 0.999948502 -0.001642729 -0.087724641 -0.003739289 0.001605353 0.999991715 5.540706158
0.999926448 0.011615605 0.003491591 -0.019245576 -0.011612289 0.999932170 -0.000968882 -0.088465773 -0.003502609 0.000928266 0.999993443 5.578953266
0.999934435 0.011073804 0.002909854 -0.018875627 -0.011069602 0.999937594 -0.001456336 -0.089140333 -0.002925800 0.001424029 0.999994695 5.617012978
0.999943376 0.010322931 0.002602509 -0.018972129 -0.010317144 0.999944270 -0.002227317 -0.090009212 -0.002625356 0.002200340 0.999994099 5.655454159
0.999946237 0.010061870 0.002500922 -0.019016888 -0.010055541 0.999946237 -0.002530935 -0.090748191 -0.002526254 0.002505651 0.999993622 5.692901134
0.999947667 0.010107274 0.001561414 -0.019146467 -0.010102929 0.999945104 -0.002766900 -0.091614731 -0.001589294 0.002750980 0.999994934 5.732949734
0.999949992 0.009888413 0.001478296 -0.019355867 -0.009884170 0.999947071 -0.002851652 -0.091979854 -0.001506416 0.002836898 0.999994814 5.770185471
0.999938428 0.011004604 0.001401227 -0.019683514 -0.011000114 0.999934494 -0.003171821 -0.093127236 -0.001436039 0.003156212 0.999993980 5.808522701
0.999925673 0.012138839 0.001122913 -0.019728037 -0.012135181 0.999921203 -0.003211009 -0.094241813 -0.001161802 0.003197144 0.999994218 5.845709324
0.999940634 0.010875956 0.000522070 -0.019746834 -0.010874197 0.999935567 -0.003256889 -0.094580933 -0.000557458 0.003251019 0.999994576 5.885254860
0.999934018 0.011476387 0.000163120 -0.020001000 -0.011475838 0.999929547 -0.003040994 -0.095266625 -0.000198008 0.003038922 0.999995410 5.923020363
0.999944329 0.010543088 0.000352471 -0.020197153 -0.010541694 0.999937415 -0.003748340 -0.095499173 -0.000391969 0.003744416 0.999992907 5.961842537
0.999955237 0.009387632 0.001101645 -0.021369010 -0.009382826 0.999946713 -0.004288681 -0.096208945 -0.001141847 0.004278151 0.999990165 6.002704144
0.999978065 0.006622440 0.000005067 -0.020267533 -0.006622381 0.999971986 -0.003474865 -0.097321257 -0.000028079 0.003474755 0.999993980 6.039220333
0.999982357 0.005836704 0.001100970 -0.020866767 -0.005833820 0.999979556 -0.002604201 -0.098166011 -0.001116147 0.002597732 0.999996006 6.077781677
0.999984205 0.005567878 0.000762268 -0.021104615 -0.005566265 0.999982297 -0.002102711 -0.099193856 -0.000773962 0.002098435 0.999997497 6.117858887
0.999987602 0.004939540 -0.000527888 -0.020305499 -0.004940992 0.999983907 -0.002786173 -0.099495344 0.000514118 0.002788748 0.999995947 6.155683994
0.999982774 0.005870512 -0.000073894 -0.020608308 -0.005870726 0.999977231 -0.003333815 -0.100281082 0.000054321 0.003334192 0.999994397 6.194692612
0.999975681 0.006943771 0.000737496 -0.021287296 -0.006941366 0.999970675 -0.003214569 -0.100693509 -0.000759796 0.003209372 0.999994576 6.233884811
0.999973357 0.007279412 0.000374137 -0.020492204 -0.007279105 0.999973178 -0.000818940 -0.101471581 -0.000380088 0.000816195 0.999999583 6.271934986
0.999972939 0.007210832 0.001365458 -0.020865228 -0.007209558 0.999973536 -0.000935516 -0.102006234 -0.001372168 0.000925647 0.999998629 6.311037064
0.999973893 0.007151549 0.000967861 -0.020804957 -0.007148985 0.999971032 -0.002626895 -0.102496974 -0.000986619 0.002619907 0.999996066 6.351033688
0.999969065 0.007577266 0.002098888 -0.021011913 -0.007570610 0.999966323 -0.003160961 -0.103785008 -0.002122769 0.003144974 0.999992728 6.388058186
0.999970376 0.007452219 0.001945019 -0.020777605 -0.007447352 0.999969125 -0.002498301 -0.104530990 -0.001963577 0.002483742 0.999994934 6.427681923
0.999967575 0.007703723 0.002349203 -0.021138255 -0.007700425 0.999969304 -0.001410240 -0.105412707 -0.002359995 0.001392105 0.999996245 6.467632294
0.999965310 0.007974449 0.002390312 -0.021512561 -0.007972160 0.999967813 -0.000965684 -0.106358901 -0.002397936 0.000946594 0.999996603 6.507746696
0.999969125 0.007604972 0.001986983 -0.021604236 -0.007602775 0.999970496 -0.001111003 -0.106819935 -0.001995373 0.001095862 0.999997437 6.544250965
0.999958634 0.008904208 0.001892490 -0.021508571 -0.008901027 0.999958992 -0.001683328 -0.107155666 -0.001907401 0.001666413 0.999996841 6.583759785
0.999934494 0.010926086 0.003409781 -0.022364968 -0.010921553 0.999939442 -0.001345603 -0.107967086 -0.003424277 0.001308275 0.999993324 6.622522354
0.999936700 0.010877327 0.002859402 -0.022543442 -0.010874694 0.999940395 -0.000935172 -0.108856998 -0.002869404 0.000904018 0.999995530 6.662934780
0.999952257 0.009499346 0.002294854 -0.022447385 -0.009497360 0.999954522 -0.000875188 -0.109606601 -0.002303064 0.000853351 0.999996960 6.700989723
0.999970436 0.007288685 0.002434351 -0.022722352 -0.007288553 0.999973536 -0.000061977 -0.109957658 -0.002434738 0.000044232 0.999997079 6.740890980
0.999983668 0.004698227 0.003251635 -0.023770781 -0.004697807 0.999989033 -0.000136895 -0.110185482 -0.003252243 0.000121617 0.999994695 6.780707359
0.999988556 0.004221687 0.002223346 -0.023453638 -0.004220121 0.999990821 -0.000708218 -0.111209057 -0.002226316 0.000698827 0.999997199 6.821377754
0.999997795 0.001640971 0.001304847 -0.022673268 -0.001639388 0.999997914 -0.001213102 -0.111916371 -0.001306835 0.001210960 0.999998391 6.857696056
0.999998450 0.000660787 0.001634946 -0.022449244 -0.000661186 0.999999762 0.000243407 -0.112477295 -0.001634784 -0.000244488 0.999998569 6.896337032
0.999995172 -0.000593892 0.003047291 -0.023675535 0.000589495 0.999998748 0.001443674 -0.113399170 -0.003048145 -0.001441870 0.999994278 6.937392712
0.999990165 -0.002324029 0.003758847 -0.024666591 0.002318217 0.999996126 0.001549979 -0.114123091 -0.003762434 -0.001541250 0.999991715 6.976839066
0.999986649 -0.004085841 0.003167580 -0.023647511 0.004084625 0.999991596 0.000389849 -0.114324994 -0.003169146 -0.000376905 0.999994934 7.014482021
0.999992132 -0.003018128 0.002581810 -0.020445950 0.003020362 0.999995112 -0.000862169 -0.114207104 -0.002579195 0.000869961 0.999996305 7.048879623
0.999983549 0.003757823 0.004323864 -0.022961179 -0.003756425 0.999992907 -0.000331301 -0.116675168 -0.004325078 0.000315053 0.999990642 7.091779232
0.999974430 0.002060053 0.006860695 -0.025645964 -0.002054165 0.999997556 -0.000865072 -0.116381302 -0.006862461 0.000850957 0.999976099 7.134401321
0.999970913 0.002510584 0.007200633 -0.024652001 -0.002507539 0.999996781 -0.000431812 -0.117139868 -0.007201694 0.000413744 0.999973953 7.171805382
0.999925733 0.008198150 0.009010908 -0.025751106 -0.008186112 0.999965489 -0.001372139 -0.118718117 -0.009021846 0.001298273 0.999958456 7.211496353
0.999954462 0.003867656 0.008731030 -0.024386734 -0.003847708 0.999989986 -0.002300360 -0.117636740 -0.008739838 0.002266661 0.999959290 7.247913361
0.999937415 0.002138961 0.010982342 -0.026918247 -0.002104733 0.999992847 -0.003127210 -0.117921442 -0.010988954 0.003103900 0.999934793 7.289177895
0.999936283 0.003172094 0.010830227 -0.024214476 -0.003152433 0.999993324 -0.001831890 -0.119390152 -0.010835965 0.001797632 0.999939680 7.326323986
0.999932230 0.002005124 0.011467677 -0.024267890 -0.001991472 0.999997199 -0.001201815 -0.119843975 -0.011470056 0.001178896 0.999933541 7.366052151
0.999942362 0.001175475 0.010672553 -0.021860436 -0.001175435 0.999999344 -0.000009946 -0.121586271 -0.010672555 -0.000002600 0.999943078 7.403769016
0.999938488 0.002765241 0.010739466 -0.022245102 -0.002732904 0.999991596 -0.003024528 -0.122034818 -0.010747739 0.002994992 0.999937773 7.442460537
0.999934494 0.000208862 0.011442834 -0.022849321 -0.000141486 0.999982655 -0.005888530 -0.121784672 -0.011443864 0.005886524 0.999917209 7.480236530
0.999946535 -0.000547119 0.010330220 -0.022812992 0.000602606 0.999985397 -0.005369003 -0.122942694 -0.010327131 0.005374941 0.999932289 7.520038605
0.999957621 -0.001233591 0.009125587 -0.022062674 0.001285075 0.999983311 -0.005638001 -0.124102451 -0.009118480 0.005649489 0.999942541 7.559082985
0.999960959 -0.000796774 0.008805839 -0.021843337 0.000851703 0.999980152 -0.006235860 -0.124839634 -0.008800698 0.006243115 0.999941826 7.597827435
0.999967575 -0.000621470 0.008025808 -0.022004675 0.000676480 0.999976277 -0.006853203 -0.125058219 -0.008021361 0.006858411 0.999944329 7.637363434
0.999960899 0.002530720 0.008471475 -0.023113690 -0.002475044 0.999975324 -0.006576294 -0.125632495 -0.008487908 0.006555070 0.999942482 7.670824528
0.999977708 0.000111214 0.006679756 -0.022414491 -0.000067793 0.999978840 -0.006500353 -0.126927570 -0.006680339 0.006499755 0.999956608 7.717768669
0.999984860 -0.000736271 0.005457233 -0.021626718 0.000763119 0.999987602 -0.004919291 -0.127546132 -0.005453544 0.004923380 0.999972939 7.752666950
0.999988019 0.000420750 0.004863981 -0.021582503 -0.000403527 0.999993682 -0.003541385 -0.128211692 -0.004865440 0.003539381 0.999981821 7.790682793
0.999980032 0.001862498 0.006044367 -0.021987844 -0.001842171 0.999992609 -0.003366822 -0.129110023 -0.006050593 0.003355619 0.999975979 7.830301762
0.999974728 0.001679525 0.006904857 -0.022299074 -0.001656453 0.999993026 -0.003345719 -0.130171582 -0.006910428 0.003334197 0.999970555 7.870787144
0.999976218 0.000557318 0.006873868 -0.021734048 -0.000532417 0.999993265 -0.003623853 -0.130601823 -0.006875841 0.003620108 0.999969780 7.909005642
0.999978423 -0.000491352 0.006542346 -0.020816356 0.000519354 0.999990702 -0.004279098 -0.131418824 -0.006540182 0.004282405 0.999969482 7.950307369
0.999967515 -0.002962974 0.007496568 -0.021278400 0.003012230 0.999973893 -0.006567701 -0.132315561 -0.007476913 0.006590069 0.999950349 7.989479065
0.999962270 -0.003285734 0.008043129 -0.021961808 0.003347502 0.999964893 -0.007678216 -0.133167416 -0.008017618 0.007704850 0.999938250 8.028764725
0.999981880 -0.003024910 0.005210237 -0.021015458 0.003067307 0.999962091 -0.008148515 -0.134448081 -0.005185390 0.008164348 0.999953210 8.070075989
0.999994993 -0.001024603 0.002990122 -0.020852292 0.001048414 0.999967635 -0.007972172 -0.134771273 -0.002981857 0.007975266 0.999963701 8.109824181
0.999995530 -0.001225119 0.002717633 -0.021143571 0.001236381 0.999990702 -0.004146239 -0.136456132 -0.002712528 0.004149580 0.999987662 8.150387764
0.999993920 -0.002396863 0.002526076 -0.020119933 0.002399699 0.999996483 -0.001120146 -0.137054011 -0.002523382 0.001126200 0.999996185 8.190899849
0.999991953 -0.002413294 0.003200843 -0.020917719 0.002415777 0.999996781 -0.000772024 -0.137454569 -0.003198969 0.000779750 0.999994576 8.230538368
0.999986529 -0.003873863 0.003454661 -0.021270020 0.003879538 0.999991179 -0.001637774 -0.138627455 -0.003448286 0.001651154 0.999992669 8.270573616
0.999979377 -0.005057646 0.003975816 -0.021390524 0.005064429 0.999985754 -0.001697687 -0.138832241 -0.003967173 0.001717787 0.999990642 8.310621262
0.999983132 -0.004161846 0.004050305 -0.021006990 0.004169921 0.999989331 -0.001987112 -0.139546439 -0.004041991 0.002003969 0.999989748 8.351612091
0.999982953 -0.003152630 0.004897561 -0.021417025 0.003162018 0.999993145 -0.001910263 -0.140416250 -0.004891505 0.001925717 0.999986112 8.392009735
0.999982655 -0.002147986 0.005487319 -0.021590687 0.002166480 0.999991953 -0.003366353 -0.141273722 -0.005480044 0.003378182 0.999979198 8.431248665
0.999980271 -0.001613889 0.006073809 -0.020978928 0.001632674 0.999993920 -0.003089094 -0.142423421 -0.006068787 0.003098950 0.999976754 8.471014977
0.999976933 -0.002074127 0.006475892 -0.020586547 0.002087158 0.999995828 -0.002006053 -0.142651483 -0.006471704 0.002019523 0.999976993 8.512072563
0.999966681 -0.004033880 0.007094550 -0.020813286 0.004036839 0.999991775 -0.000402737 -0.143794283 -0.007092867 0.000431363 0.999974728 8.550690651
0.999959230 -0.005538716 0.007130195 -0.020982318 0.005554616 0.999982119 -0.002212301 -0.143938571 -0.007117815 0.002251817 0.999972165 8.590810776
0.999967992 -0.003775854 0.007051905 -0.020558864 0.003786633 0.999991655 -0.001515804 -0.145348787 -0.007046125 0.001542459 0.999974012 8.630380630
0.999972165 -0.001388532 0.007322441 -0.021100663 0.001419056 0.999990344 -0.004165022 -0.145968437 -0.007316588 0.004175297 0.999964595 8.670631409
0.999974906 0.000201967 0.007085484 -0.021113362 -0.000154640 0.999977708 -0.006679369 -0.147039488 -0.007086675 0.006678106 0.999952614 8.709496498
0.999986827 0.000805712 0.005066897 -0.020220090 -0.000774954 0.999981225 -0.006069383 -0.147859722 -0.005071692 0.006065375 0.999968708 8.749655724
0.999989688 0.001537251 0.004271699 -0.020001873 -0.001526974 0.999995887 -0.002408024 -0.148697212 -0.004275382 0.002401475 0.999987900 8.788619041
0.999994755 0.001300414 0.002971734 -0.019943517 -0.001302617 0.999998868 0.000739442 -0.149502635 -0.002970769 -0.000743310 0.999995291 8.828998566
0.999993622 0.003286673 0.001379751 -0.020412032 -0.003285316 0.999994099 -0.000985158 -0.150326267 -0.001382981 0.000980620 0.999998569 8.870360374
0.999997199 0.002325126 -0.000224350 -0.020815771 -0.002325731 0.999993563 -0.002734442 -0.150605127 0.000217991 0.002734956 0.999996245 8.909255028
0.999996483 0.001515741 -0.002142911 -0.020862328 -0.001518262 0.999998152 -0.001175109 -0.151852205 0.002141126 0.001178358 0.999996960 8.949328423
0.999994874 -0.000370080 -0.003164366 -0.021054093 0.000367967 0.999999702 -0.000668553 -0.152579397 0.003164612 0.000667385 0.999994755 8.988910675
0.999995589 -0.000387394 -0.002933609 -0.022086309 0.000382610 0.999998569 -0.001631070 -0.153314367 0.002934237 0.001629940 0.999994397 9.027680397
0.999992073 -0.000989917 -0.003858649 -0.021628397 0.000979663 0.999996006 -0.002658369 -0.154080361 0.003861265 0.002654567 0.999989033 9.067203522
0.999989927 -0.000531299 -0.004455540 -0.021619480 0.000519054 0.999996185 -0.002748982 -0.154760003 0.004456983 0.002746642 0.999986291 9.106940269
0.999990404 -0.001672984 -0.004066405 -0.022280101 0.001660766 0.999994099 -0.003006255 -0.155546904 0.004071410 0.002999472 0.999987245 9.146246910
0.999987364 -0.002373626 -0.004437380 -0.022261474 0.002359058 0.999991834 -0.003285263 -0.156601802 0.004445142 0.003274754 0.999984682 9.185551643
0.999991834 -0.001740336 -0.003653080 -0.023452850 0.001725189 0.999989927 -0.004145538 -0.157366723 0.003660258 0.004139202 0.999984682 9.225582123
0.999982655 -0.002812547 -0.005194812 -0.021723302 0.002794530 0.999990106 -0.003472133 -0.158504531 0.005204525 0.003457555 0.999980390 9.264064789
0.999988854 -0.002031815 -0.004243505 -0.023310132 0.002010327 0.999985158 -0.005061910 -0.159056723 0.004253727 0.005053324 0.999978185 9.303411484
0.999983788 -0.003642190 -0.004356627 -0.023338396 0.003617487 0.999977469 -0.005664802 -0.160325512 0.004377160 0.005648951 0.999974489 9.342538834
0.999974787 -0.005193707 -0.004825676 -0.022939894 0.005176189 0.999979973 -0.003635463 -0.161446184 0.004844461 0.003610394 0.999981761 9.382862091
0.999955356 -0.007826302 -0.005294254 -0.023500787 0.007809514 0.999964416 -0.003184259 -0.161705509 0.005318987 0.003142772 0.999980927 9.419662476
0.999953151 -0.007973562 -0.005480185 -0.023944698 0.007950499 0.999959469 -0.004217378 -0.162493646 0.005513591 0.004173610 0.999976099 9.458734512
0.999961674 -0.007216603 -0.004960204 -0.024166666 0.007193270 0.999963045 -0.004706105 -0.163403660 0.004993982 0.004670244 0.999976635 9.497693062
0.999967396 -0.006202783 -0.005165602 -0.024472162 0.006181817 0.999972641 -0.004064780 -0.164263800 0.005190672 0.004032715 0.999978423 9.537000656
0.999979198 -0.004665987 -0.004450070 -0.025334885 0.004651799 0.999984086 -0.003193244 -0.165048823 0.004464898 0.003172476 0.999985039 9.576636314
0.999978304 -0.005183523 -0.004062499 -0.025352236 0.005173850 0.999983788 -0.002388319 -0.166215807 0.004074814 0.002367248 0.999988854 9.614681244
0.999984026 -0.004766171 -0.003029923 -0.026481951 0.004754137 0.999980867 -0.003966547 -0.166708559 0.003048770 0.003952078 0.999987543 9.654248238
0.999984860 -0.004306387 -0.003428208 -0.026123505 0.004292460 0.999982536 -0.004059743 -0.167582944 0.003445631 0.004044965 0.999985874 9.693512917
0.999982715 -0.004640403 -0.003598098 -0.026551174 0.004626768 0.999982119 -0.003788980 -0.168321267 0.003615617 0.003772266 0.999986351 9.732945442
0.999991536 -0.002559643 -0.003226005 -0.026842320 0.002545506 0.999987185 -0.004378742 -0.168937087 0.003237172 0.004370492 0.999985218 9.772560120
0.999995649 -0.001332500 -0.002638294 -0.027342470 0.001322233 0.999991536 -0.003889754 -0.169820756 0.002643455 0.003886248 0.999988973 9.812450409
0.999996424 0.001911768 -0.001876712 -0.027857767 -0.001921319 0.999985099 -0.005100938 -0.170721158 0.001866932 0.005104525 0.999985278 9.852097511
0.999993563 0.003186179 -0.001619469 -0.028341023 -0.003195203 0.999979198 -0.005600995 -0.171301395 0.001601589 0.005606133 0.999983013 9.890995026
0.999996185 0.002227668 -0.001646904 -0.027901955 -0.002236023 0.999984562 -0.005088272 -0.172299966 0.001635544 0.005091935 0.999985695 9.928069115
0.999994576 0.002971900 -0.001382444 -0.028702930 -0.002978123 0.999985337 -0.004520815 -0.173248112 0.001368988 0.004524908 0.999988854 9.968611717
0.999991119 0.004021450 -0.001249978 -0.028430587 -0.004026475 0.999983668 -0.004043082 -0.173990443 0.001233699 0.004048079 0.999991059 10.007608414
