0.999999881 -0.000428312 -0.000219051 -0.000229410 0.000428663 0.999998629 0.001602693 -0.000536245 0.000218364 -0.001602786 0.999998629 0.033029243
0.999998748 -0.001493756 -0.000498180 -0.000196570 0.001494662 0.999997199 0.001822134 -0.001084276 0.000495457 -0.001822876 0.999998212 0.066375107
0.999995410 -0.002966766 -0.000654796 -0.000407409 0.002967196 0.999995410 0.000656827 -0.001442235 0.000652844 -0.000658767 0.999999583 0.098850437
0.999993801 -0.003453152 -0.000591837 -0.000465357 0.003453667 0.999993682 0.000870627 -0.002027993 0.000588826 -0.000872666 0.999999404 0.132057279
0.999992788 -0.003753338 -0.000544437 -0.000591491 0.003754164 0.999991715 0.001524751 -0.002396891 0.000538710 -0.001526784 0.999998689 0.165290087
0.999987721 -0.004923430 -0.000504984 -0.000576638 0.004924784 0.999984145 0.002713989 -0.002952604 0.000491614 -0.002716442 0.999996185 0.199408069
0.999987602 -0.004938820 -0.000605676 -0.000856054 0.004940777 0.999982417 0.003270519 -0.003387261 0.000589513 -0.003273471 0.999994457 0.232188717
0.999989986 -0.004334621 -0.001098736 -0.000989372 0.004336387 0.999989212 0.001609921 -0.003955903 0.001091746 -0.001614670 0.999998093 0.266288340
0.999999046 -0.000954091 -0.000990014 -0.001281035 0.000953501 0.999999344 -0.000596388 -0.004413591 0.000990582 0.000595443 0.999999285 0.299005061
0.999998391 0.001779384 -0.000378961 -0.001859201 -0.001779879 0.999997616 -0.001312167 -0.005059471 0.000376626 0.001312839 0.999999046 0.332901806
0.999989927 0.004435811 -0.000557680 -0.002094405 -0.004436654 0.999988973 -0.001520008 -0.005658349 0.000550931 0.001522467 0.999998629 0.366085917
0.999983966 0.005599345 -0.000758636 -0.002218157 -0.005600085 0.999983788 -0.000977818 -0.006005127 0.000753148 0.000982050 0.999999225 0.400849044
0.999994457 0.003329992 -0.000287675 -0.002268033 -0.003329386 0.999992251 0.002079588 -0.006795620 0.000294598 -0.002078619 0.999997735 0.437359333
0.999999404 -0.001061643 -0.000258292 -0.002259642 0.001062664 0.999991477 0.003987416 -0.007311378 0.000254056 -0.003987688 0.999992013 0.468400896
0.999994516 -0.003331935 -0.000083777 -0.002750329 0.003332052 0.999993443 0.001430255 -0.007694812 0.000079010 -0.001430527 0.999999046 0.502961516
0.999990702 -0.004329123 -0.000083255 -0.003170047 0.004329088 0.999990582 -0.000412150 -0.008290207 0.000085039 0.000411786 0.999999940 0.537451208
0.999998033 -0.001939717 0.000333647 -0.002865001 0.001940345 0.999996305 -0.001894264 -0.008857143 -0.000329971 0.001894907 0.999998093 0.570582390
0.999999642 0.000685312 0.000427397 -0.002657812 -0.000685367 0.999999702 0.000128402 -0.009402218 -0.000427309 -0.000128695 0.999999940 0.606022656
0.999998391 0.000930649 0.001522281 -0.003355173 -0.000936350 0.999992490 0.003748287 -0.009893111 -0.001518781 -0.003749707 0.999991834 0.639370024
0.999998212 -0.000946288 0.001627717 -0.003280141 0.000938154 0.999987066 0.004990255 -0.009916561 -0.001632418 -0.004988720 0.999986231 0.674996853
0.999986172 -0.005061316 0.001441717 -0.003296234 0.005056604 0.999981880 0.003253518 -0.010562631 -0.001458158 -0.003246182 0.999993622 0.709727883
0.999982476 -0.005750088 0.001418712 -0.003277733 0.005747736 0.999982119 0.001657113 -0.011144569 -0.001428215 -0.001648930 0.999997616 0.742993593
0.999977589 -0.006143643 0.002662512 -0.003808411 0.006145983 0.999980867 -0.000871896 -0.011916892 -0.002657104 0.000888240 0.999996126 0.777577996
0.999992788 -0.001500518 0.003500598 -0.004603392 0.001507617 0.999996781 -0.002026236 -0.012360616 -0.003497546 0.002031499 0.999991834 0.813232303
0.999992490 -0.001794623 0.003409603 -0.003958241 0.001807817 0.999990880 -0.003870646 -0.012873166 -0.003402625 0.003876781 0.999986708 0.846748769
0.999993801 0.000066412 0.003509857 -0.004095887 -0.000055461 0.999995232 -0.003120317 -0.013797158 -0.003510047 0.003120103 0.999988973 0.882122695
0.999992251 -0.000196945 0.003921857 -0.004768657 0.000205749 0.999997556 -0.002244724 -0.014032869 -0.003921405 0.002245514 0.999989808 0.917156398
0.999995589 0.000804750 0.002853024 -0.004256125 -0.000803201 0.999999464 -0.000543714 -0.014680524 -0.002853459 0.000541420 0.999995768 0.952129185
0.999989390 0.003293821 0.003212047 -0.004748212 -0.003292385 0.999994457 -0.000452298 -0.015181802 -0.003213519 0.000441718 0.999994755 0.987228453
0.999976814 0.005959255 0.003282641 -0.004809819 -0.005956609 0.999981940 -0.000815253 -0.015725063 -0.003287439 0.000795681 0.999994278 1.022971869
0.999961555 0.008275919 0.002903065 -0.004504685 -0.008275324 0.999965668 -0.000217089 -0.016435411 -0.002904762 0.000193057 0.999995708 1.057969928
0.999954462 0.009096880 0.002897319 -0.004987027 -0.009096180 0.999958575 -0.000255324 -0.016869169 -0.002899521 0.000228958 0.999995768 1.093078256
0.999962151 0.008447241 0.002089496 -0.004890409 -0.008446572 0.999964297 -0.000329391 -0.017522205 -0.002092204 0.000311729 0.999997735 1.129936337
0.999966502 0.007858093 0.002284211 -0.005604116 -0.007856286 0.999968827 -0.000799298 -0.017911931 -0.002290421 0.000781326 0.999997020 1.164451718
0.999975622 0.006948608 0.000670340 -0.005115584 -0.006948544 0.999975860 -0.000097141 -0.019033933 -0.000670999 0.000092481 0.999999762 1.199584603
0.999979615 0.006376882 -0.000048547 -0.005367570 -0.006376861 0.999979615 0.000410699 -0.019351440 0.000051165 -0.000410381 0.999999940 1.235252261
0.999976099 0.006746207 -0.001502355 -0.005483897 -0.006745799 0.999977291 0.000275940 -0.020096611 0.001504183 -0.000265799 0.999998808 1.272552729
0.999973714 0.006877687 -0.002271987 -0.006420975 -0.006876550 0.999976218 0.000507627 -0.020618021 0.002275425 -0.000491990 0.999997318 1.310967565
0.999966681 0.007208931 -0.003810194 -0.006260802 -0.007202180 0.999972403 0.001783214 -0.021061879 0.003822944 -0.001755713 0.999991179 1.342542529
0.999972165 0.005792451 -0.004692488 -0.006327919 -0.005781782 0.999980628 0.002283950 -0.021519529 0.004705628 -0.002256756 0.999986410 1.379206181
0.999976277 0.005193403 -0.004517826 -0.007531276 -0.005180561 0.999982476 0.002849818 -0.022055987 0.004532548 -0.002826345 0.999985754 1.413658023
0.999987304 0.001063095 -0.004928729 -0.008063368 -0.001054582 0.999997973 0.001729493 -0.022465480 0.004930557 -0.001724274 0.999986410 1.450156331
0.999983728 0.001187283 -0.005584193 -0.007063159 -0.001173436 0.999996245 0.002482392 -0.023176976 0.005587121 -0.002475800 0.999981344 1.485339284
0.999988794 -0.000394587 -0.004719463 -0.007595355 0.000410226 0.999994397 0.003313358 -0.024058010 0.004718130 -0.003315257 0.999983370 1.519087791
0.999976814 -0.004455062 -0.005168526 -0.007162584 0.004477339 0.999980688 0.004306567 -0.024321118 0.005149241 -0.004329608 0.999977410 1.557541132
0.999978364 -0.004818478 -0.004459256 -0.007704732 0.004835539 0.999980927 0.003823232 -0.024939369 0.004440749 -0.003844712 0.999982774 1.590829611
0.999974012 -0.006118956 -0.003805696 -0.008335236 0.006130658 0.999976575 0.003070908 -0.025565468 0.003786817 -0.003094160 0.999988019 1.627183914
0.999960959 -0.008031675 -0.003671772 -0.008286199 0.008040220 0.999965012 0.002318395 -0.025508909 0.003653022 -0.002347827 0.999990582 1.662891984
0.999970436 -0.006486832 -0.004115789 -0.006183580 0.006499078 0.999974430 0.002968994 -0.026662935 0.004096424 -0.002995655 0.999987185 1.695844054
0.999992847 -0.002958659 -0.002349381 -0.008989193 0.002967716 0.999988079 0.003861235 -0.027188351 0.002337929 -0.003868180 0.999989748 1.731983781
0.999999642 -0.000154129 -0.000832395 -0.010135191 0.000158462 0.999986410 0.005207135 -0.027604632 0.000831581 -0.005207266 0.999986112 1.767768264
0.999986410 0.005135766 -0.000934799 -0.009664992 -0.005130080 0.999968946 0.005986454 -0.028328033 0.000965515 -0.005981578 0.999981642 1.805273771
0.999907374 0.013594121 0.000730415 -0.011244512 -0.013597864 0.999893010 0.005390354 -0.029353641 -0.000657059 -0.005399786 0.999985218 1.842841983
0.999913454 0.013101919 0.001196783 -0.012034577 -0.013106519 0.999906421 0.003920534 -0.028581502 -0.001145305 -0.003935880 0.999991596 1.876145005
0.999854803 0.016947184 0.001814211 -0.012237818 -0.016953804 0.999849379 0.003698723 -0.029403280 -0.001751255 -0.003728944 0.999991477 1.911090136
0.999876559 0.015612908 0.001745372 -0.012134663 -0.015619387 0.999870956 0.003762686 -0.029236738 -0.001686400 -0.003789484 0.999991357 1.948142529
0.999883473 0.015044889 0.002581456 -0.012751393 -0.015054476 0.999879718 0.003735667 -0.030134603 -0.002524943 -0.003774095 0.999989629 1.982679248
0.999916553 0.012742407 0.002111728 -0.012442326 -0.012748105 0.999915063 0.002707872 -0.030875608 -0.002077044 -0.002734567 0.999994099 2.016498804
0.999940991 0.010851385 0.000470642 -0.011621555 -0.010852665 0.999937117 0.002809701 -0.030928116 -0.000440123 -0.002814642 0.999995947 2.049860954
0.999926567 0.012062337 0.001081132 -0.012268399 -0.012066057 0.999921024 0.003503492 -0.032123923 -0.001038786 -0.003516280 0.999993324 2.081294298
0.999930322 0.011802966 -0.000318581 -0.011725040 -0.011802135 0.999927223 0.002494992 -0.032614104 0.000348006 -0.002491059 0.999996841 2.119855881
0.999920547 0.012593305 -0.000474725 -0.012120184 -0.012591787 0.999915957 0.003076255 -0.033521369 0.000513426 -0.003070034 0.999995172 2.153978825
0.999918401 0.012682125 -0.001527433 -0.012151550 -0.012676933 0.999913990 0.003362537 -0.034076974 0.001569946 -0.003342900 0.999993205 2.186207294
0.999963164 0.008288500 -0.002236062 -0.013487414 -0.008278283 0.999955416 0.004540440 -0.033758439 0.002273596 -0.004521762 0.999987125 2.221461535
0.999980748 0.004796634 -0.003938233 -0.013246052 -0.004775690 0.999974489 0.005310644 -0.034342032 0.003963605 -0.005291734 0.999978065 2.255636215
0.999979079 0.004511849 -0.004634214 -0.013194778 -0.004484482 0.999972463 0.005898824 -0.035417750 0.004660702 -0.005877919 0.999971867 2.287587166
0.999984980 0.001673043 -0.005218065 -0.013234604 -0.001645826 0.999985039 0.005216382 -0.035616145 0.005226715 -0.005207715 0.999972761 2.324015379
0.999984503 0.000557745 -0.005535166 -0.014506120 -0.000531769 0.999988854 0.004693318 -0.035865139 0.005537722 -0.004690302 0.999973655 2.358018398
0.999985814 0.001123675 -0.005200034 -0.015273253 -0.001101133 0.999989986 0.004335762 -0.036441065 0.005204854 -0.004329975 0.999977052 2.391053915
0.999983668 0.001532510 -0.005500162 -0.015095958 -0.001513602 0.999992967 0.003440212 -0.036969692 0.005505396 -0.003431831 0.999978900 2.426808357
0.999985754 0.002653193 -0.004610785 -0.015418522 -0.002639833 0.999992311 0.002901451 -0.037599664 0.004618447 -0.002889238 0.999985158 2.458715916
0.999984860 0.003309687 -0.004397422 -0.016953275 -0.003296847 0.999990284 0.002924051 -0.037742525 0.004407057 -0.002909509 0.999986053 2.493216753
0.999983191 0.003438606 -0.004660424 -0.016939139 -0.003419499 0.999985695 0.004101539 -0.037538186 0.004674461 -0.004085533 0.999980748 2.526343107
0.999984443 0.004064670 -0.003823166 -0.017886721 -0.004041474 0.999973476 0.006055132 -0.038449015 0.003847677 -0.006039586 0.999974430 2.560102940
0.999985278 0.003982571 -0.003683360 -0.017819107 -0.003966057 0.999982119 0.004480211 -0.039425116 0.003701136 -0.004465537 0.999983132 2.592805862
0.999968588 0.006022495 -0.005150318 -0.016771737 -0.006011536 0.999979675 0.002140553 -0.041798908 0.005163105 -0.002109524 0.999984443 2.626418829
0.999968112 0.006804258 -0.004173652 -0.017039876 -0.006801171 0.999976575 0.000753684 -0.041139837 0.004178683 -0.000725275 0.999991000 2.656576157
0.999974489 0.005961341 -0.003921774 -0.016804364 -0.005953869 0.999980450 0.001914284 -0.042163532 0.003933109 -0.001890886 0.999990463 2.688354015
0.999992609 0.001155220 -0.003668779 -0.015100824 -0.001138783 0.999989331 0.004478811 -0.042636290 0.003673913 -0.004474600 0.999983191 2.717643261
0.999995530 0.002038101 -0.002190256 -0.017643241 -0.002029403 0.999989986 0.003966611 -0.042851660 0.002198320 -0.003962149 0.999989688 2.753726006
0.999998093 0.000264722 -0.001903550 -0.017620740 -0.000259140 0.999995589 0.002932545 -0.043419849 0.001904318 -0.002932046 0.999993861 2.787953377
0.999993205 0.003562258 -0.000903598 -0.016734300 -0.003561885 0.999993563 0.000414771 -0.043928757 0.000905070 -0.000411550 0.999999523 2.817764044
0.999991477 0.004015083 0.000925224 -0.017649492 -0.004013417 0.999990284 -0.001796286 -0.043842521 -0.000932427 0.001792557 0.999997973 2.849936485
0.999961138 0.008781573 0.000777508 -0.016190197 -0.008780104 0.999959648 -0.001872969 -0.044667173 -0.000793924 0.001866069 0.999997914 2.883927584
0.999950826 0.009373362 0.003246030 -0.018834786 -0.009374534 0.999955952 0.000346182 -0.045664597 -0.003242642 -0.000376594 0.999994695 2.920047760
0.999963224 0.007788785 0.003589690 -0.018018842 -0.007797973 0.999966323 0.002552991 -0.045721859 -0.003569684 -0.002580890 0.999990284 2.952557087
0.999957263 0.008238854 0.004202225 -0.017043717 -0.008249179 0.999962986 0.002445494 -0.046090152 -0.004181921 -0.002480055 0.999988198 2.983481407
0.999936104 0.009622020 0.005938300 -0.016772455 -0.009631881 0.999952197 0.001634454 -0.046003871 -0.005922290 -0.001691546 0.999981046 3.014533281
0.999900877 0.012128578 0.007169130 -0.018559583 -0.012145124 0.999923587 0.002268986 -0.048151549 -0.007141064 -0.002355831 0.999971747 3.052354813
0.999894977 0.012020012 0.008104498 -0.018200399 -0.012034769 0.999925971 0.001774357 -0.047696579 -0.008082570 -0.001871707 0.999965608 3.085399151
0.999865532 0.013701251 0.009017527 -0.017710969 -0.013710719 0.999905467 0.000988720 -0.048694484 -0.009003127 -0.001112223 0.999958873 3.118505716
0.999854088 0.014059741 0.009705709 -0.016852757 -0.014060177 0.999901056 -0.000023064 -0.049201705 -0.009705072 -0.000113403 0.999952912 3.150936365
0.999828398 0.014594687 0.011409305 -0.018045723 -0.014592121 0.999893486 -0.000308100 -0.049948122 -0.011412588 0.000141561 0.999934852 3.184642315
0.999818504 0.014951631 0.011805706 -0.017072584 -0.014961757 0.999887824 0.000769530 -0.050750080 -0.011792876 -0.000946024 0.999930024 3.217873335
0.999823928 0.014063478 0.012429082 -0.016341053 -0.014078392 0.999900222 0.001113076 -0.051234089 -0.012412190 -0.001287861 0.999922097 3.251415253
0.999821246 0.014222277 0.012454067 -0.015542854 -0.014246749 0.999896705 0.001878370 -0.052331757 -0.012426068 -0.002055464 0.999920666 3.284780502
0.999842584 0.011396992 0.013607727 -0.017038438 -0.011429259 0.999932051 0.002295887 -0.052402824 -0.013580638 -0.002451051 0.999904752 3.316904545
0.999853134 0.010582668 0.013477055 -0.016398102 -0.010612510 0.999941409 0.002144881 -0.052390791 -0.013453567 -0.002287592 0.999906898 3.349959135
0.999886632 0.008280322 0.012580970 -0.015252072 -0.008306453 0.999963462 0.002026280 -0.052704066 -0.012563731 -0.002130554 0.999918759 3.382935047
0.999911308 0.008061698 0.010600241 -0.013626631 -0.008075912 0.999966502 0.001299070 -0.052688289 -0.010589411 -0.001384561 0.999942958 3.415808678
0.999925315 0.006149882 0.010553548 -0.015917774 -0.006186473 0.999974906 0.003437987 -0.054368742 -0.010532140 -0.003503019 0.999938428 3.449718952
0.999945343 0.004028991 0.009637384 -0.015952144 -0.004064125 0.999985099 0.003628691 -0.054764859 -0.009622621 -0.003667661 0.999946952 3.482505560
0.999951720 0.004426543 0.008767433 -0.015604734 -0.004456227 0.999984324 0.003369071 -0.054961406 -0.008752382 -0.003407978 0.999955893 3.513421774
0.999968112 0.003744636 0.007039842 -0.015326018 -0.003767603 0.999987662 0.003252017 -0.055908963 -0.007027577 -0.003278437 0.999970019 3.549256086
0.999977231 0.003043893 0.006011294 -0.015366709 -0.003062719 0.999990344 0.003124967 -0.056680247 -0.006001725 -0.003143307 0.999977052 3.583112717
0.999985754 0.001522907 0.005112433 -0.015092367 -0.001523991 0.999998748 0.000208091 -0.056633092 -0.005112110 -0.000215880 0.999986947 3.616188288
0.999984980 -0.004353038 0.003318365 -0.014626071 0.004353668 0.999990463 -0.000182622 -0.057270672 -0.003317538 0.000197066 0.999994516 3.649664640
0.999932408 -0.011354571 0.002468756 -0.014563699 0.011348878 0.999932885 0.002307772 -0.057957798 -0.002494794 -0.002279598 0.999994278 3.682994843
0.999823093 -0.018777896 0.001031034 -0.014164833 0.018773589 0.999815583 0.004038295 -0.058722906 -0.001106674 -0.004018224 0.999991298 3.717158318
0.999733448 -0.023083815 0.000244482 -0.014627320 0.023083594 0.999733150 0.000869072 -0.059174784 -0.000264478 -0.000863197 0.999999523 3.749669075
0.999754190 -0.022168826 0.000244031 -0.014022546 0.022169318 0.999751747 -0.002216448 -0.060033210 -0.000194835 0.002221313 0.999997437 3.784418106
0.999825776 -0.018599687 0.001560915 -0.014467151 0.018606041 0.999818265 -0.004160132 -0.060690772 -0.001483254 0.004188450 0.999990106 3.817229509
0.999858856 -0.016679876 0.002039221 -0.014148705 0.016691189 0.999844670 -0.005658517 -0.060685270 -0.001944521 0.005691754 0.999981880 3.851209402
0.999758184 -0.021777250 0.003090138 -0.015216687 0.021779424 0.999762595 -0.000671034 -0.062276397 -0.003074791 0.000738173 0.999994993 3.883392811
0.999599040 -0.028095240 0.003506357 -0.014968446 0.028088028 0.999603212 0.002090402 -0.062867299 -0.003563696 -0.001991078 0.999991715 3.917305470
0.999463499 -0.032576840 0.003394522 -0.014793269 0.032562960 0.999461412 0.004068277 -0.063646808 -0.003525225 -0.003955559 0.999985993 3.950792551
0.999453187 -0.032869436 0.003593756 -0.014607765 0.032857955 0.999454856 0.003208668 -0.063951820 -0.003697264 -0.003088830 0.999988437 3.984628916
0.999539852 -0.030000301 0.004465988 -0.014801424 0.029983692 0.999543488 0.003739446 -0.064481445 -0.004576134 -0.003603819 0.999983013 4.018054962
0.999649525 -0.025764158 0.006081458 -0.015363110 0.025751544 0.999666095 0.002143304 -0.064462952 -0.006134648 -0.001985946 0.999979198 4.051058769
0.999731064 -0.022287732 0.006395213 -0.015070865 0.022282436 0.999751329 0.000897762 -0.065663628 -0.006413632 -0.000755019 0.999979198 4.086163521
0.999789953 -0.018943394 0.007832300 -0.015489873 0.018941808 0.999820590 0.000276490 -0.066294715 -0.007836133 -0.000128075 0.999969244 4.120083332
0.999834239 -0.016530957 0.007624326 -0.014988352 0.016525548 0.999863148 0.000771566 -0.066656806 -0.007636037 -0.000645442 0.999970615 4.153361797
0.999849856 -0.015875712 0.006937996 -0.014861738 0.015868710 0.999873519 0.001062528 -0.067426085 -0.006953988 -0.000952271 0.999975324 4.187718868
0.999884009 -0.013795695 0.006451922 -0.015144916 0.013805468 0.999903679 -0.001473248 -0.068380803 -0.006430975 0.001562149 0.999978065 4.222779274
0.999938250 -0.009512652 0.005747390 -0.014287876 0.009536210 0.999946237 -0.004085419 -0.068743020 -0.005708217 0.004139975 0.999975085 4.254966259
0.999972165 -0.004262325 0.006120907 -0.014910841 0.004298179 0.999973595 -0.005856462 -0.069403246 -0.006095783 0.005882608 0.999964118 4.288072586
0.999973297 0.000878314 0.007262462 -0.015768614 -0.000843249 0.999988019 -0.004829908 -0.069973633 -0.007266616 0.004823654 0.999962032 4.321880817
0.999965370 0.003475402 0.007559496 -0.015724126 -0.003454668 0.999990225 -0.002754201 -0.070820667 -0.007568994 0.002727990 0.999967635 4.355594635
0.999971271 0.003871246 0.006520223 -0.014890566 -0.003869526 0.999992430 -0.000276431 -0.071505472 -0.006521245 0.000251192 0.999978662 4.389638901
0.999982357 0.000411908 0.005935861 -0.014825596 -0.000414795 0.999999762 0.000484916 -0.071919791 -0.005935661 -0.000487370 0.999982238 4.423457146
0.999981999 0.000648003 0.005962837 -0.016420558 -0.000646959 0.999999702 -0.000176947 -0.072569199 -0.005962950 0.000173086 0.999982178 4.457092762
0.999994278 -0.002086715 0.002703191 -0.015325466 0.002096434 0.999991298 -0.003597582 -0.073422454 -0.002695661 0.003603229 0.999989808 4.492073536
0.999999106 -0.001080715 0.000803871 -0.014904037 0.001086720 0.999971330 -0.007508373 -0.074127391 -0.000795734 0.007509241 0.999971509 4.526186466
0.999993503 0.003589330 -0.000432537 -0.014537441 -0.003592465 0.999965549 -0.007479178 -0.075751685 0.000405677 0.007480682 0.999971926 4.557892799
0.999963522 0.008549380 -0.000005147 -0.015690422 -0.008549177 0.999935508 -0.007488651 -0.075725466 -0.000058877 0.007488422 0.999971926 4.593993187
0.999950290 0.009969821 -0.000177744 -0.014955929 -0.009970414 0.999943435 -0.003708041 -0.076926246 0.000140766 0.003709629 0.999993145 4.630416393
0.999948561 0.010103260 0.000869358 -0.016708246 -0.010101445 0.999946773 -0.002068801 -0.077016197 -0.000890213 0.002059913 0.999997497 4.664972305
0.999951780 0.009806516 0.000326843 -0.016611734 -0.009806075 0.999951005 -0.001323581 -0.077676758 -0.000339806 0.001320312 0.999999106 4.701266289
0.999968469 0.007940644 -0.000261317 -0.015947552 -0.007940786 0.999968350 -0.000538844 -0.078212924 0.000257030 0.000540902 0.999999821 4.736352921
0.999986589 0.005164050 0.000106537 -0.016428486 -0.005164085 0.999986649 0.000327514 -0.079114728 -0.000104845 -0.000328060 0.999999940 4.771883965
0.999996901 0.002373776 0.000759742 -0.016834766 -0.002373718 0.999997199 -0.000076626 -0.079355732 -0.000759921 0.000074823 0.999999642 4.805312634
0.999999404 -0.000250965 0.001049526 -0.016541582 0.000250001 0.999999583 0.000918060 -0.080012761 -0.001049756 -0.000917797 0.999999046 4.840725899
0.999984026 -0.005523987 0.001179649 -0.016930040 0.005520695 0.999980927 0.002775169 -0.080526449 -0.001194957 -0.002768612 0.999995410 4.876979828
0.999972522 -0.007077063 0.002202190 -0.017192902 0.007072397 0.999972761 0.002119399 -0.080903612 -0.002217129 -0.002103765 0.999995291 4.910836697
0.999983907 -0.005093180 0.002507963 -0.017193060 0.005097744 0.999985337 -0.001816937 -0.081631087 -0.002498672 0.001829693 0.999995232 4.945844650
0.999994636 0.001484737 0.002922266 -0.017733974 -0.001465085 0.999976397 -0.006715822 -0.082381591 -0.002932168 0.006711505 0.999973178 4.980375290
0.999923229 0.011595231 0.004365810 -0.017860239 -0.011563356 0.999906838 -0.007256912 -0.082855299 -0.004449549 0.007205872 0.999964178 5.016690731
0.999792397 0.019445073 0.006084513 -0.018348854 -0.019422937 0.999804556 -0.003676426 -0.083496086 -0.006154813 0.003557484 0.999974787 5.051000118
0.999788284 0.019611355 0.006222612 -0.018214311 -0.019605501 0.999807298 -0.001000195 -0.084659107 -0.006241028 0.000877986 0.999980152 5.087826252
0.999819458 0.018082252 0.005835846 -0.018230448 -0.018076658 0.999836087 -0.001010168 -0.084985211 -0.005853156 0.000904494 0.999982476 5.123803139
0.999879897 0.015016144 0.003840503 -0.017485460 -0.015013977 0.999887109 -0.000592613 -0.085933112 -0.003848969 0.000534881 0.999992549 5.160060883
0.999911785 0.012976956 0.002845434 -0.017733991 -0.012972272 0.999914467 -0.001657942 -0.086165152 -0.002866706 0.001620884 0.999994636 5.196538448
0.999910295 0.013268158 0.001836250 -0.017616928 -0.013264303 0.999909818 -0.002096897 -0.086919755 -0.001863906 0.002072352 0.999996126 5.233071327
0.999900103 0.013948824 0.002281835 -0.017474785 -0.013945481 0.999901593 -0.001474856 -0.087702356 -0.002302183 0.001442888 0.999996305 5.267457008
0.999877214 0.015505536 0.002242016 -0.017747268 -0.015504750 0.999879658 -0.000367738 -0.088482365 -0.002247448 0.000332931 0.999997437 5.302216530
0.999867916 0.015904434 0.003335423 -0.019191863 -0.015898935 0.999872148 -0.001668474 -0.088576585 -0.003361532 0.001615224 0.999993086 5.336954594
0.999856710 0.016556403 0.003548650 -0.019922197 -0.016546577 0.999859214 -0.002780735 -0.089114875 -0.003594189 0.002721619 0.999989867 5.374462128
0.999878764 0.015425574 0.002128299 -0.018689040 -0.015419952 0.999877572 -0.002633127 -0.090395078 -0.002168656 0.002599989 0.999994218 5.412150860
0.999890625 0.014691746 0.001692930 -0.018613124 -0.014686986 0.999888241 -0.002791413 -0.090926856 -0.001733751 0.002766244 0.999994695 5.447842598
0.999870598 0.015909830 0.002349285 -0.019698765 -0.015900772 0.999866188 -0.003825947 -0.091194592 -0.002409841 0.003788096 0.999989867 5.483860970
0.999877036 0.015632305 0.001145313 -0.019015521 -0.015628656 0.999872923 -0.003124520 -0.092480257 -0.001194010 0.003106236 0.999994457 5.521623611
0.999863625 0.016509222 0.000379833 -0.018937066 -0.016507702 0.999856830 -0.003703714 -0.092741877 -0.000440924 0.003696939 0.999993086 5.557932854
0.999871016 0.016058756 0.000105273 -0.019282447 -0.016058324 0.999865592 -0.003288951 -0.093995444 -0.000158075 0.003286836 0.999994636 5.594660282
0.999857485 0.016880842 0.000132721 -0.019712932 -0.016880274 0.999851346 -0.003506014 -0.094610222 -0.000191886 0.003503273 0.999993861 5.632428646
0.999878407 0.015584370 -0.000552021 -0.019562833 -0.015586464 0.999870479 -0.004013447 -0.095059156 0.000489402 0.004021564 0.999991894 5.669899464
0.999907076 0.013628037 -0.000037784 -0.020213462 -0.013628077 0.999898493 -0.004140181 -0.096006691 -0.000018642 0.004140312 0.999991477 5.706976891
0.999910772 0.013352095 -0.000355421 -0.019809462 -0.013353350 0.999903619 -0.003804208 -0.096722171 0.000304592 0.003808614 0.999992728 5.744171619
0.999922693 0.012432402 0.000104711 -0.020061372 -0.012431975 0.999916971 -0.003387889 -0.097354382 -0.000146821 0.003386325 0.999994278 5.781528950
0.999924362 0.012299904 -0.000221614 -0.019999305 -0.012300525 0.999919713 -0.003069218 -0.098121330 0.000183845 0.003071712 0.999995351 5.818282604
0.999928713 0.011931271 0.000227202 -0.020887768 -0.011930414 0.999922812 -0.003456021 -0.098736115 -0.000268419 0.003453064 0.999993920 5.856321812
0.999936402 0.011268193 0.000412225 -0.020994525 -0.011266508 0.999929011 -0.003879581 -0.099458337 -0.000455911 0.003874690 0.999992371 5.893303394
0.999905229 0.013701795 0.001353738 -0.021716319 -0.013696476 0.999898672 -0.003861415 -0.100002542 -0.001406509 0.003842507 0.999991596 5.931464672
0.999892294 0.014618665 0.001274043 -0.020613251 -0.014616603 0.999891877 -0.001612258 -0.100758150 -0.001297474 0.001593462 0.999997854 5.968502522
0.999909759 0.013241175 0.002244001 -0.021804765 -0.013237556 0.999911070 -0.001619756 -0.100744732 -0.002265249 0.001589905 0.999996185 6.006679535
0.999895155 0.014196277 0.002836657 -0.022115188 -0.014189072 0.999896049 -0.002544445 -0.102111235 -0.002872484 0.002503929 0.999992788 6.044248581
0.999889851 0.014275052 0.004054781 -0.022478832 -0.014259307 0.999890745 -0.003885235 -0.102902718 -0.004109800 0.003826988 0.999984205 6.081605434
0.999887824 0.014501934 0.003744242 -0.022368560 -0.014486165 0.999886155 -0.004205150 -0.103221044 -0.003804799 0.004150439 0.999984145 6.120118618
0.999892056 0.014239820 0.003620207 -0.022446491 -0.014229714 0.999894798 -0.002802578 -0.104031980 -0.003659734 0.002750760 0.999989510 6.157839775
0.999892414 0.014463232 0.002445550 -0.021817053 -0.014457203 0.999892414 -0.002465425 -0.104717694 -0.002480944 0.002429804 0.999993980 6.195598602
0.999880612 0.015167425 0.002959574 -0.022413455 -0.015156003 0.999877691 -0.003844698 -0.104683205 -0.003017526 0.003799384 0.999988198 6.232708454
0.999866664 0.015930461 0.003577631 -0.022932189 -0.015925907 0.999872327 -0.001297583 -0.106773235 -0.003597845 0.001240433 0.999992728 6.270532608
0.999830365 0.018005228 0.003872182 -0.023251986 -0.017994337 0.999834001 -0.002828719 -0.106733359 -0.003922471 0.002758561 0.999988496 6.309920311
0.999827445 0.017923295 0.004858842 -0.023726894 -0.017911308 0.999836385 -0.002499380 -0.107325666 -0.004902843 0.002411921 0.999985099 6.347569466
0.999852240 0.016583053 0.004502484 -0.023788612 -0.016571170 0.999859035 -0.002663608 -0.107985511 -0.004546019 0.002588604 0.999986291 6.384563446
0.999888778 0.014355787 0.004042898 -0.023921553 -0.014349791 0.999895811 -0.001509152 -0.108906753 -0.004064142 0.001450969 0.999990702 6.424325466
0.999918163 0.012689733 0.001619354 -0.022688348 -0.012687679 0.999918640 -0.001272384 -0.109621301 -0.001635368 0.001251734 0.999997854 6.462817192
0.999940455 0.010499282 0.002956778 -0.023519527 -0.010490187 0.999940217 -0.003074527 -0.109737128 -0.002988881 0.003043327 0.999990940 6.500038147
0.999953628 0.008848900 0.003797350 -0.024136912 -0.008839072 0.999957561 -0.002597422 -0.110970616 -0.003820173 0.002563737 0.999989390 6.538835049
0.999955237 0.008367148 0.004416394 -0.024056045 -0.008360196 0.999963760 -0.001590697 -0.111554369 -0.004429543 0.001553705 0.999988914 6.576722145
0.999956310 0.007911465 0.004985003 -0.024049163 -0.007911501 0.999968708 -0.000012623 -0.112409525 -0.004984947 -0.000026815 0.999987543 6.614277840
0.999981940 0.003984516 0.004523092 -0.023973402 -0.003983012 0.999992013 -0.000341669 -0.112640835 -0.004524417 0.000323647 0.999989629 6.652968407
0.999982238 0.003456358 0.004863792 -0.024003174 -0.003450892 0.999993384 -0.001131803 -0.113296658 -0.004867671 0.001114998 0.999987483 6.691178799
0.999982774 0.003272895 0.004874007 -0.023725655 -0.003267267 0.999993980 -0.001162133 -0.113898203 -0.004877781 0.001146188 0.999987423 6.728318691
0.999963939 0.005252327 0.006672300 -0.024282962 -0.005242929 0.999985218 -0.001425428 -0.114635229 -0.006679687 0.001390394 0.999976695 6.766900063
0.999935329 0.008921810 0.007047717 -0.024026290 -0.008904866 0.999957383 -0.002431977 -0.115127586 -0.007069114 0.002369060 0.999972224 6.805919647
0.999915957 0.009386961 0.008941688 -0.024788223 -0.009366180 0.999953330 -0.002363097 -0.115839586 -0.008963453 0.002279149 0.999957263 6.843636513
0.999912441 0.009142173 0.009567048 -0.024174079 -0.009122327 0.999956131 -0.002116099 -0.116766877 -0.009585973 0.002028640 0.999952018 6.880856991
0.999851406 0.012891178 0.011442615 -0.023512341 -0.012869639 0.999915302 -0.001953936 -0.118416898 -0.011466833 0.001806383 0.999932647 6.915826797
0.999897540 0.008939388 0.011179346 -0.023333386 -0.008906719 0.999955952 -0.002968676 -0.118362062 -0.011205390 0.002868801 0.999933124 6.955969334
0.999882877 0.009134819 0.012277529 -0.023461424 -0.009099423 0.999954283 -0.002935756 -0.119141415 -0.012303785 0.002823693 0.999920249 6.994842052
0.999886155 0.008092618 0.012729752 -0.023097798 -0.008072644 0.999966145 -0.001619516 -0.119887970 -0.012742425 0.001516569 0.999917626 7.032370090
0.999873459 0.008301755 0.013567776 -0.022807240 -0.008279954 0.999964356 -0.001662313 -0.120717868 -0.013581092 0.001549762 0.999906540 7.069885731
0.999893725 0.006501039 0.013047057 -0.022158705 -0.006446707 0.999970436 -0.004202122 -0.121410355 -0.013073990 0.004117565 0.999906063 7.108302593
0.999903560 0.004805874 0.013032478 -0.022304863 -0.004722075 0.999968052 -0.006453169 -0.122198425 -0.013063073 0.006391006 0.999894261 7.145757198
0.999902189 0.006987114 0.012116489 -0.021284863 -0.006917235 0.999959230 -0.005799567 -0.123664513 -0.012156516 0.005715188 0.999909699 7.183619022
0.999912262 0.005779156 0.011915458 -0.021075681 -0.005704716 0.999964058 -0.006271838 -0.124308862 -0.011951277 0.006203314 0.999909341 7.221086025
0.999922514 0.005674530 0.011086309 -0.020946816 -0.005602952 0.999963284 -0.006476832 -0.125658855 -0.011122657 0.006414213 0.999917567 7.259549141
0.999925017 0.006768300 0.010198846 -0.021149948 -0.006697069 0.999953151 -0.007002210 -0.126187295 -0.010245759 0.006933384 0.999923408 7.299373627
0.999948978 0.004573077 0.009005675 -0.020568013 -0.004514723 0.999968767 -0.006489456 -0.126650244 -0.009035069 0.006448467 0.999938369 7.337228775
0.999946892 0.006279097 0.008175551 -0.020402279 -0.006225152 0.999958813 -0.006606950 -0.127561405 -0.008216700 0.006555705 0.999944746 7.376760483
0.999953747 0.006347532 0.007228919 -0.020555392 -0.006307941 0.999965072 -0.005486414 -0.128438696 -0.007263491 0.005440561 0.999958754 7.416513443
0.999944806 0.007879319 0.006950210 -0.020241857 -0.007848334 0.999959171 -0.004474109 -0.128776833 -0.006985180 0.004419315 0.999965847 7.451970577
0.999937177 0.008359028 0.007469666 -0.020428594 -0.008329509 0.999957323 -0.003974689 -0.129567116 -0.007502572 0.003912220 0.999964178 7.491778374
0.999937117 0.008103223 0.007752119 -0.019657414 -0.008071525 0.999958932 -0.004111615 -0.130278811 -0.007785116 0.004048786 0.999961436 7.529744625
0.999928057 0.008055621 0.008883110 -0.019852765 -0.008015336 0.999957502 -0.004561395 -0.130794674 -0.008919477 0.004489866 0.999950171 7.567645073
0.999943674 0.005736444 0.008926569 -0.019823194 -0.005686652 0.999968171 -0.005593390 -0.131692603 -0.008958371 0.005542314 0.999944508 7.608170986
0.999949574 0.003821994 0.009287977 -0.019740954 -0.003753019 0.999965370 -0.007432501 -0.133046716 -0.009316063 0.007397268 0.999929190 7.646852493
0.999951243 0.003473104 0.009241196 -0.019488409 -0.003390809 0.999954522 -0.008905961 -0.133171439 -0.009271708 0.008874191 0.999917626 7.686374664
0.999958217 0.005615068 0.007208091 -0.019492783 -0.005543596 0.999935627 -0.009897457 -0.133933172 -0.007263202 0.009857086 0.999924958 7.725179672
0.999969006 0.006039330 0.005046500 -0.019719876 -0.005992931 0.999940038 -0.009159203 -0.134905845 -0.005101515 0.009128674 0.999945343 7.763998508
0.999968469 0.006387852 0.004719574 -0.019380495 -0.006359250 0.999961615 -0.006050959 -0.135626331 -0.004758044 0.006020756 0.999970496 7.804448128
0.999965608 0.006062828 0.005660321 -0.019491386 -0.006044534 0.999976516 -0.003243724 -0.136339158 -0.005679854 0.003209398 0.999978662 7.844399452
0.999971628 0.005044106 0.005600348 -0.019192360 -0.005030431 0.999984503 -0.002453173 -0.137200266 -0.005612633 0.002424932 0.999981284 7.884508133
0.999976158 0.003880882 0.005705065 -0.019323349 -0.003860541 0.999986112 -0.003572071 -0.137926474 -0.005718850 0.003549961 0.999977350 7.923079014
0.999975801 0.003195707 0.006183591 -0.019456200 -0.003170809 0.999986887 -0.004032120 -0.138528258 -0.006196395 0.004012415 0.999972820 7.962508202
0.999977648 0.002754355 0.006096315 -0.019194882 -0.002732307 0.999989688 -0.003621824 -0.139576048 -0.006106229 0.003605086 0.999974906 8.003156662
0.999970734 0.002695004 0.007161124 -0.019523211 -0.002669475 0.999990046 -0.003572132 -0.140443757 -0.007170680 0.003552910 0.999967933 8.042430878
0.999957800 0.004618658 0.007932560 -0.020136312 -0.004584595 0.999980152 -0.004306962 -0.141272187 -0.007952294 0.004270412 0.999959230 8.080562592
0.999947488 0.005226748 0.008808203 -0.020556651 -0.005185391 0.999975443 -0.004711479 -0.142434329 -0.008832612 0.004665558 0.999950111 8.121264458
0.999949515 0.003661238 0.009357329 -0.019531570 -0.003632293 0.999988675 -0.003108375 -0.143056795 -0.009368603 0.003074231 0.999951363 8.160974503
0.999945641 0.003318336 0.009886847 -0.019548945 -0.003291126 0.999990761 -0.002767066 -0.143543780 -0.009895937 0.002734376 0.999947309 8.200379372
0.999936521 0.002010377 0.011089432 -0.020758919 -0.001966679 0.999990225 -0.003950057 -0.144538492 -0.011097265 0.003927997 0.999930680 8.238133430
0.999948144 0.002973857 0.009733246 -0.019409657 -0.002939197 0.999989212 -0.003573391 -0.145326674 -0.009743767 0.003544597 0.999946237 8.277565956
0.999945164 0.004855285 0.009273714 -0.019052885 -0.004804108 0.999973118 -0.005532881 -0.146005183 -0.009300329 0.005488026 0.999941707 8.316975594
0.999943137 0.006105980 0.008741241 -0.018923834 -0.006037019 0.999950647 -0.007893905 -0.147062227 -0.008789008 0.007840686 0.999930620 8.355985641
0.999934733 0.008312155 0.007821552 -0.018850408 -0.008248181 0.999932528 -0.008176211 -0.148177743 -0.007888986 0.008111165 0.999935985 8.395382881
0.999929547 0.009418353 0.007215960 -0.019063588 -0.009386025 0.999945760 -0.004500975 -0.149522990 -0.007257960 0.004432928 0.999963880 8.433693886
0.999921083 0.011167217 0.005751684 -0.018677473 -0.011152635 0.999934554 -0.002561414 -0.149992004 -0.005779910 0.002497066 0.999980211 8.473939896
0.999931991 0.010680141 0.004686653 -0.019073218 -0.010664149 0.999937236 -0.003424268 -0.150591761 -0.004722931 0.003374056 0.999983072 8.514595032
0.999946713 0.009999426 0.002576275 -0.018860538 -0.009986830 0.999938309 -0.004856717 -0.151419789 -0.002624681 0.004830729 0.999984860 8.552558899
0.999960721 0.008713044 0.001633339 -0.019670218 -0.008707254 0.999955893 -0.003519190 -0.151912868 -0.001663930 0.003504830 0.999992490 8.591614723
0.999973536 0.007271669 0.000179106 -0.019411404 -0.007271197 0.999970436 -0.002505233 -0.153375059 -0.000197317 0.002503865 0.999996781 8.629578590
0.999975860 0.006850660 -0.001153210 -0.018793793 -0.006854368 0.999971211 -0.003243727 -0.154332936 0.001130955 0.003251554 0.999994099 8.669069290
0.999980748 0.006012399 -0.001519188 -0.019168878 -0.006018659 0.999973297 -0.004150656 -0.155088902 0.001494192 0.004159720 0.999990225 8.708492279
0.999978244 0.006557459 -0.000700158 -0.019965127 -0.006560698 0.999967277 -0.004729698 -0.155768096 0.000669120 0.004734188 0.999988556 8.745746613
0.999984443 0.005477802 -0.001058104 -0.019919187 -0.005482827 0.999973476 -0.004806309 -0.156483904 0.001031748 0.004812036 0.999987900 8.784632683
0.999985218 0.005067818 -0.002008146 -0.019151187 -0.005079167 0.999970913 -0.005687657 -0.157333329 0.001979264 0.005697771 0.999981821 8.824228287
0.999985695 0.005320742 -0.000363715 -0.021138111 -0.005322785 0.999968588 -0.005868262 -0.158485517 0.000332480 0.005870115 0.999982655 8.862698555
0.999990404 0.004349562 -0.000545379 -0.021098850 -0.004352707 0.999973118 -0.005904110 -0.159087867 0.000519685 0.005906428 0.999982357 8.901697159
0.999991953 0.003772741 -0.001311055 -0.020386284 -0.003780488 0.999975026 -0.005957196 -0.160493061 0.001288548 0.005962105 0.999981344 8.939294815
0.999992609 0.003831956 -0.000132340 -0.021745717 -0.003832871 0.999962270 -0.007792626 -0.161203355 0.000102474 0.007793077 0.999969602 8.978693008
0.999997556 0.002208469 -0.000227446 -0.021731630 -0.002209832 0.999978423 -0.006178648 -0.162029311 0.000213796 0.006179136 0.999980927 9.018437386
0.999999821 0.000626531 -0.000231447 -0.022200745 -0.000627755 0.999985576 -0.005325445 -0.162983775 0.000228107 0.005325588 0.999985754 9.056814194
1.000000000 0.000085394 -0.000049789 -0.022208745 -0.000085700 0.999980927 -0.006176297 -0.163826182 0.000049261 0.006176302 0.999980927 9.094111443
0.999997854 0.002015234 0.000441020 -0.022603873 -0.002012160 0.999974430 -0.006863582 -0.164584339 -0.000454841 0.006862680 0.999976337 9.132863045
0.999993443 0.003434902 0.001137556 -0.023011725 -0.003427762 0.999974787 -0.006220457 -0.165383130 -0.001158894 0.006216516 0.999979973 9.170203209
0.999988317 0.004649820 0.001302050 -0.022938412 -0.004642376 0.999973178 -0.005663195 -0.166318923 -0.001328348 0.005657085 0.999983132 9.209929466
0.999978423 0.006103374 0.002419765 -0.023741726 -0.006087774 0.999960899 -0.006402486 -0.166965187 -0.002458747 0.006387616 0.999976575 9.248538971
0.999987245 0.004746991 0.001731307 -0.023120863 -0.004735878 0.999968529 -0.006368147 -0.168344587 -0.001761482 0.006359867 0.999978244 9.287336349
0.999991238 0.003972026 0.001343198 -0.023219429 -0.003963296 0.999971449 -0.006440768 -0.169056296 -0.001368742 0.006435389 0.999978423 9.326264381
0.999983668 0.005232215 0.002308151 -0.023410121 -0.005216609 0.999963820 -0.006715648 -0.170067087 -0.002343206 0.006703497 0.999974787 9.365469933
0.999972761 0.006884079 0.002671939 -0.023959223 -0.006865453 0.999952435 -0.006918699 -0.170838162 -0.002719440 0.006900166 0.999972522 9.404556274
0.999952972 0.008952966 0.003727857 -0.024390496 -0.008928114 0.999938130 -0.006630824 -0.171854019 -0.003786992 0.006597230 0.999971092 9.443060875
0.999934256 0.010877676 0.003620853 -0.024379022 -0.010849713 0.999911845 -0.007654362 -0.172756299 -0.003703796 0.007614574 0.999964178 9.482939720
0.999867439 0.015379697 0.005338438 -0.025426894 -0.015328104 0.999836624 -0.009574711 -0.173535958 -0.005484822 0.009491614 0.999939919 9.520746231
0.999917805 0.012060776 0.004353706 -0.024441913 -0.012025178 0.999894917 -0.008111649 -0.174424499 -0.004451082 0.008058629 0.999957621 9.556193352
0.999869764 0.014833381 0.006367431 -0.025684323 -0.014787472 0.999864697 -0.007197976 -0.175388068 -0.006473341 0.007102880 0.999953806 9.592270851
0.999886274 0.014167133 0.005175056 -0.024717018 -0.014130159 0.999874890 -0.007112582 -0.175965890 -0.005275174 0.007038647 0.999961317 9.630718231
