0.999999821 -0.000592700 -0.000223052 -0.000190936 0.000593100 0.999998152 0.001796805 -0.000882172 0.000221987 -0.001796937 0.999998331 0.050608177
0.999998033 -0.001852226 -0.000710522 -0.000367355 0.001853391 0.999996901 0.001642369 -0.001615220 0.000707478 -0.001643682 0.999998391 0.102477781
0.999994695 -0.003198375 -0.000572080 -0.000696226 0.003198902 0.999994457 0.000922668 -0.002372357 0.000569126 -0.000924493 0.999999344 0.151874244
0.999994814 -0.003196488 0.000419082 -0.001730173 0.003196056 0.999994338 0.001027455 -0.003344949 -0.000422364 -0.001026110 0.999999404 0.204968020
0.999992490 -0.003813583 -0.000547275 -0.000984615 0.003814548 0.999991179 0.001770235 -0.003908420 0.000540519 -0.001772309 0.999998271 0.254367411
0.999986768 -0.005131364 0.000014819 -0.001526622 0.005131295 0.999982357 0.003002529 -0.004725283 -0.000030226 -0.003002414 0.999995530 0.306085438
0.999990165 -0.004419578 -0.000419068 -0.001417295 0.004420906 0.999985039 0.003222526 -0.005286592 0.000404820 -0.003224347 0.999994636 0.356421888
0.999991179 -0.004154160 -0.000634957 -0.001911429 0.004155083 0.999990344 0.001458219 -0.005983021 0.000628893 -0.001460844 0.999998748 0.409530878
0.999998271 -0.001500169 -0.001194933 -0.002203890 0.001499482 0.999998689 -0.000575772 -0.007096896 0.001195795 0.000573979 0.999999046 0.462745428
0.999997675 0.002005551 -0.000767040 -0.002321557 -0.002006572 0.999997079 -0.001332249 -0.007813102 0.000764366 0.001333786 0.999998808 0.511110485
0.999987781 0.004871978 -0.000908219 -0.002925103 -0.004873523 0.999986649 -0.001705987 -0.008460827 0.000899895 0.001710393 0.999998152 0.564934075
0.999983609 0.005723182 -0.000197791 -0.003396590 -0.005723303 0.999983430 -0.000623177 -0.009462299 0.000194222 0.000624298 0.999999762 0.614864945
0.999994695 0.003200553 -0.000580302 -0.002982952 -0.003199392 0.999992907 0.001989880 -0.010177867 0.000586666 -0.001988013 0.999997854 0.669170737
0.999998450 -0.001015020 -0.001523538 -0.002295969 0.001020981 0.999991775 0.003916667 -0.011194210 0.001519550 -0.003918216 0.999991179 0.723318160
0.999993563 -0.003534525 -0.000610340 -0.002819387 0.003535290 0.999992967 0.001257966 -0.011487820 0.000605889 -0.001260116 0.999999046 0.771709979
0.999991357 -0.004135095 0.000429737 -0.004236245 0.004135553 0.999990821 -0.001071802 -0.012246348 -0.000425301 0.001073570 0.999999344 0.824911952
0.999997318 -0.002289505 0.000300239 -0.004285069 0.002290155 0.999994993 -0.002183533 -0.013543885 -0.000295238 0.002184214 0.999997616 0.879195631
0.999998808 0.001001164 0.001176175 -0.004336540 -0.001000646 0.999999404 -0.000440755 -0.013914786 -0.001176616 0.000439577 0.999999225 0.931085765
0.999998331 0.001314163 0.001255363 -0.003714107 -0.001318604 0.999992847 0.003543801 -0.014958686 -0.001250697 -0.003545450 0.999992907 0.982693315
0.999998868 -0.000339062 0.001460396 -0.003731254 0.000331758 0.999987423 0.004999550 -0.015498010 -0.001462073 -0.004999059 0.999986470 1.036948204
0.999990106 -0.004073928 0.001789781 -0.005013593 0.004067949 0.999986172 0.003331456 -0.016530508 -0.001803328 -0.003324143 0.999992788 1.088958740
0.999984682 -0.005411109 0.001188039 -0.003400231 0.005409697 0.999984622 0.001189229 -0.016633015 -0.001194456 -0.001182783 0.999998569 1.141943455
0.999981165 -0.006042041 0.001125893 -0.002902623 0.006043827 0.999980450 -0.001589037 -0.017579189 -0.001116270 0.001595812 0.999998152 1.197901011
0.999994278 -0.002496970 0.002290139 -0.003854344 0.002502415 0.999994040 -0.002377719 -0.018188730 -0.002284188 0.002383437 0.999994576 1.250178814
0.999994338 -0.001491615 0.003009432 -0.004320733 0.001504603 0.999989510 -0.004317919 -0.019355040 -0.003002960 0.004322421 0.999986172 1.301585793
0.999995232 0.000186485 0.003086908 -0.004685118 -0.000175443 0.999993563 -0.003577207 -0.020894546 -0.003087555 0.003576647 0.999988854 1.356243253
0.999998927 -0.000103666 0.001451884 -0.003377683 0.000108278 0.999994993 -0.003176589 -0.020423200 -0.001451547 0.003176742 0.999993861 1.412486911
0.999997020 0.000884721 0.002266363 -0.004110750 -0.000883113 0.999999344 -0.000710421 -0.022518929 -0.002266990 0.000708418 0.999997199 1.462727189
0.999993205 0.002913881 0.002239567 -0.004377686 -0.002912321 0.999995470 -0.000699509 -0.022972390 -0.002241595 0.000692982 0.999997258 1.517725229
0.999988198 0.004590324 0.001567466 -0.003080995 -0.004589388 0.999989271 -0.000600233 -0.023863954 -0.001570204 0.000593033 0.999998629 1.571813583
0.999965429 0.008055224 0.002070559 -0.004650620 -0.008054360 0.999967396 -0.000425427 -0.024955902 -0.002073918 0.000408735 0.999997795 1.626238465
0.999960661 0.008661848 0.001903917 -0.004741071 -0.008661021 0.999962389 -0.000442127 -0.025930235 -0.001907675 0.000425619 0.999998093 1.680040240
0.999965847 0.008111148 0.001549416 -0.004886905 -0.008108025 0.999965072 -0.002011539 -0.025648234 -0.001565678 0.001998908 0.999996781 1.734614491
0.999973774 0.007224747 0.000409405 -0.004007183 -0.007223897 0.999971867 -0.002039650 -0.026862798 -0.000424129 0.002036638 0.999997854 1.789339662
0.999979496 0.006400654 -0.000007816 -0.005161131 -0.006400658 0.999978125 -0.001685727 -0.028094796 -0.000002974 0.001685742 0.999998569 1.844568849
0.999979496 0.006337710 -0.000911236 -0.005841265 -0.006337315 0.999979854 0.000435714 -0.029682050 0.000913979 -0.000429930 0.999999404 1.897677541
0.999972761 0.007019173 -0.002276614 -0.005901690 -0.007017818 0.999975264 0.000603158 -0.031031774 0.002280791 -0.000587165 0.999997199 1.952425361
0.999971032 0.007031486 -0.002920628 -0.006958399 -0.007030235 0.999975204 0.000438764 -0.031372871 0.002923640 -0.000418219 0.999995649 2.007453203
0.999963105 0.007787116 -0.003623297 -0.007931693 -0.007782946 0.999969065 0.001163593 -0.032116555 0.003632246 -0.001135350 0.999992788 2.062089443
0.999968290 0.006105199 -0.005105933 -0.007745202 -0.006094677 0.999979317 0.002073670 -0.033281606 0.005118487 -0.002042486 0.999984860 2.118973494
0.999977291 0.003785724 -0.005578021 -0.008109561 -0.003771618 0.999989688 0.002537258 -0.034138478 0.005587568 -0.002516162 0.999981165 2.173096895
0.999981642 0.001547997 -0.005870055 -0.008808219 -0.001537177 0.999997139 0.001847316 -0.034905579 0.005872897 -0.001838259 0.999981046 2.228353500
0.999987781 0.000198487 -0.004946675 -0.010626613 -0.000189180 0.999998271 0.001881739 -0.035798181 0.004947040 -0.001880781 0.999985993 2.283299446
0.999985516 -0.000255807 -0.005372803 -0.009763962 0.000271039 0.999995947 0.002834580 -0.036593914 0.005372058 -0.002835995 0.999981523 2.337679386
0.999990463 -0.000727588 -0.004312307 -0.010252565 0.000744124 0.999992371 0.003834136 -0.037811294 0.004309485 -0.003837308 0.999983370 2.389781237
0.999979198 -0.003487753 -0.005430542 -0.008828211 0.003505664 0.999988377 0.003292256 -0.038137302 0.005418997 -0.003311225 0.999979794 2.445382833
0.999972820 -0.006157192 -0.004057131 -0.011372357 0.006166317 0.999978483 0.002240479 -0.038654089 0.004043248 -0.002265435 0.999989271 2.502437592
0.999982119 -0.005095460 -0.003125757 -0.012309488 0.005100812 0.999985516 0.001706685 -0.039522149 0.003117016 -0.001722599 0.999993622 2.556868792
0.999986649 -0.004229295 -0.002986985 -0.012430357 0.004235667 0.999988794 0.002130586 -0.041315757 0.002977940 -0.002143210 0.999993265 2.614193916
0.999990582 -0.002535342 -0.003526377 -0.010347242 0.002545492 0.999992549 0.002876638 -0.040464319 0.003519058 -0.002885587 0.999989688 2.665007591
0.999996483 0.001833493 -0.001930118 -0.012042312 -0.001825793 0.999990404 0.003983593 -0.041244172 0.001937403 -0.003980055 0.999990225 2.717627764
0.999987066 0.004785828 -0.001749446 -0.011818937 -0.004778118 0.999979019 0.004384350 -0.041991524 0.001770392 -0.004375933 0.999988854 2.773923397
0.999939501 0.010993414 0.000264103 -0.015426978 -0.010994229 0.999934018 0.003315175 -0.041304488 -0.000227641 -0.003317878 0.999994516 2.829135656
0.999913633 0.013137436 0.000305577 -0.014599166 -0.013138434 0.999907374 0.003538163 -0.043788284 -0.000259066 -0.003541872 0.999993682 2.879514456
0.999878347 0.015513059 0.001569393 -0.016262850 -0.015517855 0.999874771 0.003090892 -0.044636793 -0.001521247 -0.003114870 0.999993980 2.932965040
0.999853432 0.017024152 0.001789356 -0.016686887 -0.017029759 0.999849975 0.003167232 -0.045057073 -0.001735168 -0.003197240 0.999993324 2.989875793
0.999878228 0.015500556 0.001785941 -0.017826671 -0.015506579 0.999873936 0.003410904 -0.047263090 -0.001732845 -0.003438183 0.999992549 3.045012474
0.999904275 0.013756575 0.001428035 -0.016272729 -0.013760448 0.999901593 0.002738957 -0.047632169 -0.001390216 -0.002758346 0.999995232 3.093221903
0.999913573 0.013115918 0.000969959 -0.016773259 -0.013119006 0.999908626 0.003248470 -0.049932867 -0.000927263 -0.003260914 0.999994218 3.146401405
0.999924541 0.012241779 0.001025917 -0.017717194 -0.012244458 0.999921560 0.002647509 -0.048994876 -0.000993425 -0.002659871 0.999995947 3.200640678
0.999937177 0.011205010 0.000027986 -0.017401494 -0.011205046 0.999933779 0.002630888 -0.049594283 0.000001495 -0.002631037 0.999996543 3.253244162
0.999936104 0.011294341 -0.000318711 -0.018685596 -0.011293422 0.999932468 0.002749408 -0.049939651 0.000349742 -0.002745633 0.999996185 3.305602312
0.999940574 0.010783582 -0.001596565 -0.018137584 -0.010776865 0.999933243 0.004156990 -0.051347073 0.001641285 -0.004139538 0.999990106 3.358051300
0.999955535 0.009125069 -0.002367803 -0.019340266 -0.009114681 0.999948978 0.004361179 -0.051801309 0.002407478 -0.004339403 0.999987721 3.410469532
0.999964952 0.007473297 -0.003756310 -0.019617138 -0.007455226 0.999960661 0.004802236 -0.052491289 0.003792051 -0.004774064 0.999981344 3.463800430
0.999976337 0.004627667 -0.005091439 -0.018844100 -0.004602246 0.999976933 0.004993469 -0.053637963 0.005114429 -0.004969918 0.999974549 3.515777588
0.999981999 0.003015680 -0.005192350 -0.020485064 -0.002991642 0.999984801 0.004631278 -0.054555509 0.005206237 -0.004615661 0.999975741 3.566956758
0.999983966 0.001125234 -0.005539422 -0.021676390 -0.001102757 0.999991179 0.004059001 -0.054382395 0.005543941 -0.004052827 0.999976456 3.620234251
0.999984145 0.001851498 -0.005318665 -0.021408124 -0.001831271 0.999991179 0.003805286 -0.056117769 0.005325662 -0.003795486 0.999978542 3.670076132
0.999984682 0.002151608 -0.005105960 -0.022588765 -0.002135615 0.999992847 0.003135598 -0.056803670 0.005112669 -0.003124646 0.999981999 3.722483635
0.999980271 0.002949747 -0.005555213 -0.021988332 -0.002933877 0.999991596 0.002862647 -0.058179550 0.005563609 -0.002846292 0.999980450 3.774464369
0.999983609 0.003034755 -0.004854007 -0.023504555 -0.003020413 0.999991179 0.002959347 -0.058561631 0.004862945 -0.002944637 0.999983847 3.824376106
0.999976814 0.004854003 -0.004793428 -0.024019875 -0.004835230 0.999980628 0.003920501 -0.059158783 0.004812366 -0.003897232 0.999980867 3.876471519
0.999971986 0.006224376 -0.004147043 -0.025574658 -0.006201792 0.999966025 0.005436553 -0.059806462 0.004180741 -0.005410681 0.999976695 3.927227736
0.999969482 0.006573050 -0.004226563 -0.024299979 -0.006555916 0.999970257 0.004055117 -0.061222345 0.004253093 -0.004027284 0.999982893 3.974096775
0.999978721 0.004182227 -0.005003606 -0.024028245 -0.004172158 0.999989271 0.002020838 -0.061252728 0.005012003 -0.001999919 0.999985397 4.028329849
0.999984324 0.003398451 -0.004449773 -0.025513113 -0.003395227 0.999993920 0.000731746 -0.062285617 0.004452232 -0.000716626 0.999989808 4.078000069
0.999986649 0.000516065 -0.005136460 -0.024486303 -0.000504241 0.999997199 0.002302844 -0.063554794 0.005137634 -0.002300223 0.999984145 4.129551411
0.999991894 -0.001022612 -0.003886132 -0.025140671 0.001038694 0.999990821 0.004138488 -0.064310290 0.003881864 -0.004142490 0.999983847 4.181317806
0.999993145 -0.001986213 -0.003130347 -0.026363246 0.002000191 0.999988019 0.004468575 -0.064660959 0.003121434 -0.004474805 0.999985099 4.231681824
0.999995410 -0.001933563 -0.002330539 -0.025976468 0.001940482 0.999993682 0.002970148 -0.065789670 0.002324781 -0.002974656 0.999992847 4.280612469
0.999997556 0.001957596 -0.001069268 -0.027337141 -0.001957513 0.999998152 0.000078546 -0.066491298 0.001069420 -0.000076453 0.999999404 4.332027435
0.999999344 0.001137527 -0.000200883 -0.027394917 -0.001137913 0.999997497 -0.001932908 -0.066136330 0.000198684 0.001933135 0.999998093 4.382218361
0.999995887 0.002713893 0.000958085 -0.027610175 -0.002713023 0.999995887 -0.000908474 -0.067665972 -0.000960546 0.000905872 0.999999106 4.430428982
0.999991894 0.002993853 0.002717706 -0.028488021 -0.002996027 0.999995112 0.000795916 -0.067706786 -0.002715310 -0.000804052 0.999996006 4.481635571
0.999990046 0.003257809 0.003065677 -0.027958591 -0.003265240 0.999991715 0.002421980 -0.068287373 -0.003057761 -0.002431965 0.999992371 4.532776833
0.999993622 0.002561131 0.002488963 -0.025159840 -0.002569155 0.999991477 0.003225920 -0.069158271 -0.002480680 -0.003232294 0.999991715 4.584417343
0.999987781 0.001758621 0.004643458 -0.026386676 -0.001771868 0.999994278 0.002850216 -0.069559611 -0.004638419 -0.002858409 0.999985158 4.633753777
0.999961197 0.006382149 0.006068931 -0.027132224 -0.006398658 0.999975860 0.002704750 -0.071680039 -0.006051522 -0.002743478 0.999977946 4.682973385
0.999936581 0.008700212 0.007152327 -0.025720436 -0.008717543 0.999959111 0.002395432 -0.072504140 -0.007131194 -0.002457630 0.999971569 4.732536316
0.999920547 0.008879893 0.008950518 -0.028061312 -0.008884588 0.999960423 0.000485052 -0.071806520 -0.008945857 -0.000564535 0.999959767 4.784928799
0.999900043 0.010577897 0.009382416 -0.025900573 -0.010579114 0.999944031 0.000080095 -0.073568396 -0.009381045 -0.000179345 0.999956012 4.835555077
0.999899983 0.009936675 0.010061617 -0.024655320 -0.009926553 0.999950230 -0.001055559 -0.073724911 -0.010071604 0.000955577 0.999948800 4.889483452
0.999881327 0.010073875 0.011653291 -0.027330048 -0.010085788 0.999948680 0.000964068 -0.075420439 -0.011642979 -0.001081486 0.999931633 4.935126305
0.999893188 0.008271943 0.012047446 -0.026659083 -0.008300281 0.999962866 0.002304085 -0.077030689 -0.012027942 -0.002403836 0.999924719 4.988092899
0.999882698 0.009003410 0.012383280 -0.024910610 -0.009037683 0.999955535 0.002714518 -0.078436740 -0.012358289 -0.002826116 0.999919653 5.035224915
0.999890029 0.007498970 0.012790718 -0.024070263 -0.007528856 0.999968946 0.002289988 -0.078899570 -0.012773150 -0.002386035 0.999915540 5.085861206
0.999911666 0.004108656 0.012638758 -0.025922507 -0.004149169 0.999986351 0.003180969 -0.078966834 -0.012625515 -0.003233128 0.999915063 5.135701180
0.999919057 0.002873260 0.012389207 -0.025538906 -0.002902529 0.999993086 0.002345148 -0.079248428 -0.012382383 -0.002380918 0.999920547 5.186013699
0.999944746 0.000971604 0.010470343 -0.024348531 -0.000992257 0.999997556 0.001967474 -0.079676546 -0.010468406 -0.001977755 0.999943256 5.236953259
0.999951720 0.000734419 0.009806552 -0.024587959 -0.000763129 0.999995470 0.002924254 -0.080621406 -0.009804360 -0.002931596 0.999947667 5.286970139
0.999958932 -0.000957907 0.009007187 -0.024746187 0.000922721 0.999991953 0.003909824 -0.082760148 -0.009010858 -0.003901353 0.999951780 5.337342739
0.999968946 -0.001505989 0.007734511 -0.024188600 0.001476816 0.999991834 0.003776136 -0.083360665 -0.007740134 -0.003764596 0.999962926 5.387988091
0.999976754 -0.001302010 0.006684131 -0.024194486 0.001282023 0.999994814 0.002993547 -0.083429903 -0.006687992 -0.002984909 0.999973118 5.436653137
0.999982238 -0.000504223 0.005929342 -0.024406523 0.000488594 0.999996424 0.002637048 -0.084278874 -0.005930651 -0.002634104 0.999978960 5.486223221
0.999981880 -0.003901016 0.004582219 -0.023787804 0.003898678 0.999992251 0.000518874 -0.085618712 -0.004584208 -0.000501000 0.999989390 5.539058685
0.999951065 -0.009288311 0.003388659 -0.023284262 0.009288226 0.999956787 0.000040199 -0.086217903 -0.003388886 -0.000008722 0.999994278 5.589159489
0.999868870 -0.016073085 0.001975376 -0.022433802 0.016068324 0.999867916 0.002404430 -0.087196946 -0.002013761 -0.002372374 0.999995232 5.639069557
0.999709725 -0.024091206 0.000223149 -0.022480056 0.024090102 0.999701500 0.004058983 -0.088187300 -0.000320868 -0.004052429 0.999991775 5.692945957
0.999627054 -0.027286369 -0.001063833 -0.020745289 0.027286455 0.999627650 0.000065735 -0.088463113 0.001061643 -0.000094739 0.999999404 5.741650581
0.999641418 -0.026777964 -0.000014634 -0.022752641 0.026777854 0.999638557 -0.002379288 -0.090056196 0.000078341 0.002378043 0.999997199 5.791701317
0.999760509 -0.021819806 0.001650526 -0.023571370 0.021828074 0.999748349 -0.005168193 -0.090072758 -0.001537342 0.005202984 0.999985337 5.840822220
0.999737561 -0.022829730 0.001862014 -0.022749029 0.022838185 0.999728382 -0.004653904 -0.091901124 -0.001755261 0.004695209 0.999987483 5.891305447
0.999666989 -0.025685363 0.002481305 -0.022316523 0.025688421 0.999669254 -0.001207567 -0.092781588 -0.002449467 0.001270906 0.999996245 5.941303730
0.999484837 -0.031931940 0.003235232 -0.023279076 0.031926621 0.999488652 0.001683682 -0.093747638 -0.003287342 -0.001579524 0.999993324 5.992004395
0.999404967 -0.034343939 0.003195774 -0.022995632 0.034336980 0.999407828 0.002206272 -0.094144441 -0.003269654 -0.002095226 0.999992430 6.041965485
0.999340653 -0.036110427 0.003795375 -0.023481790 0.036102097 0.999345481 0.002242283 -0.094777629 -0.003873861 -0.002103784 0.999990284 6.092231750
0.999402523 -0.034269854 0.004506048 -0.023460146 0.034257594 0.999409199 0.002771467 -0.095945060 -0.004598364 -0.002615445 0.999985933 6.142390728
0.999519110 -0.030557394 0.005284779 -0.022658367 0.030548278 0.999531686 0.001797817 -0.096406862 -0.005337241 -0.001635512 0.999984443 6.194756031
0.999607265 -0.027340826 0.006146578 -0.022890728 0.027337098 0.999626040 0.000689528 -0.098037109 -0.006163132 -0.000521227 0.999980867 6.246794701
0.999647498 -0.025725739 0.006558372 -0.022459313 0.025722345 0.999668956 0.000601248 -0.098925829 -0.006571668 -0.000432339 0.999978364 6.298243523
0.999739587 -0.021259319 0.008291584 -0.023400977 0.021255862 0.999773979 0.000504867 -0.099112891 -0.008300443 -0.000328491 0.999965549 6.346838951
0.999765933 -0.020254457 0.007602117 -0.022637419 0.020246813 0.999794424 0.001081338 -0.100040376 -0.007622456 -0.000927166 0.999970555 6.397519112
0.999791265 -0.019334259 0.006591443 -0.021895580 0.019340975 0.999812484 -0.000957731 -0.101326264 -0.006571690 0.001085016 0.999977827 6.447367191
0.999855518 -0.015878661 0.006063875 -0.023524683 0.015904741 0.999864340 -0.004277267 -0.102615401 -0.005995135 0.004373094 0.999972463 6.504961967
0.999921143 -0.011122106 0.005831727 -0.022593305 0.011153358 0.999923468 -0.005354043 -0.103482813 -0.005771732 0.005418664 0.999968648 6.554621220
0.999965429 -0.004518196 0.006974419 -0.024394765 0.004548048 0.999980450 -0.004270108 -0.104560658 -0.006954990 0.004301681 0.999966562 6.605787754
0.999971688 -0.001175388 0.007424501 -0.025136292 0.001192062 0.999996722 -0.002241764 -0.106397256 -0.007421843 0.002250550 0.999969959 6.656445980
0.999962211 0.001777399 0.008503967 -0.025943834 -0.001769435 0.999997973 -0.000943577 -0.105578654 -0.008505628 0.000928494 0.999963343 6.703568935
0.999969065 -0.004757844 0.006262079 -0.025031369 0.004752983 0.999988496 0.000790841 -0.108344637 -0.006265768 -0.000761053 0.999980092 6.763779163
0.999966383 -0.007214447 0.003887675 -0.023657890 0.007211012 0.999973536 0.000896677 -0.108956933 -0.003894041 -0.000868613 0.999992013 6.815238476
0.999974668 -0.006693091 0.002407979 -0.023471037 0.006701388 0.999971628 -0.003454823 -0.109654993 -0.002384786 0.003470873 0.999991119 6.866758823
0.999971092 -0.007588653 0.000452912 -0.024865616 0.007591861 0.999942660 -0.007558188 -0.110092059 -0.000395529 0.007561408 0.999971330 6.921221733
0.999999702 -0.000580314 0.000471622 -0.026517631 0.000583970 0.999969542 -0.007790459 -0.114022478 -0.000467086 0.007790734 0.999969482 6.969169617
0.999999642 0.000842935 0.000121005 -0.026388947 -0.000842045 0.999973893 -0.007177179 -0.113287956 -0.000127052 0.007177074 0.999974251 7.022737980
0.999973297 0.007144528 0.001548200 -0.028177675 -0.007136323 0.999960840 -0.005242192 -0.113219008 -0.001585593 0.005231004 0.999985099 7.074292183
0.999977171 0.006622528 0.001328827 -0.027633820 -0.006618423 0.999973416 -0.003069397 -0.114040390 -0.001349118 0.003060531 0.999994457 7.124822140
0.999989390 0.004022759 0.002280073 -0.029130021 -0.004020691 0.999991536 -0.000910912 -0.116079360 -0.002283718 0.000901735 0.999996960 7.173926353
0.999998510 0.000355200 0.001727613 -0.028253317 -0.000354481 0.999999881 -0.000416084 -0.116330758 -0.001727760 0.000415470 0.999998450 7.229541302
0.999992430 -0.003321147 0.002023464 -0.028958170 0.003319400 0.999994159 0.000865730 -0.117357530 -0.002026327 -0.000859008 0.999997616 7.282781601
0.999986947 -0.004860430 0.001560215 -0.029363189 0.004858836 0.999987662 0.001025025 -0.120139427 -0.001565178 -0.001017431 0.999998212 7.336740971
0.999967813 -0.007808034 0.001876348 -0.028507076 0.007804260 0.999967575 0.002010891 -0.120132297 -0.001891988 -0.001996182 0.999996245 7.389490604
0.999939024 -0.010360634 0.003809260 -0.032251824 0.010347313 0.999940395 0.003500388 -0.122024015 -0.003845299 -0.003460760 0.999986649 7.441046715
0.999897480 -0.013660450 0.004288047 -0.030179836 0.013645668 0.999900877 0.003457949 -0.121836014 -0.004334860 -0.003399081 0.999984801 7.485973835
0.999907732 -0.013545876 0.000958206 -0.019707708 0.013548030 0.999905646 -0.002276959 -0.116421103 -0.000927273 0.002289731 0.999996960 7.527341843
0.999979615 -0.005642415 0.002987957 -0.029057655 0.005663409 0.999958992 -0.007065330 -0.121640354 -0.002947968 0.007082109 0.999970555 7.597682476
0.999965012 0.006130373 0.005675845 -0.032174665 -0.006090106 0.999956369 -0.007084597 -0.124134168 -0.005719027 0.007049783 0.999958754 7.650614738
0.999895155 0.012572328 0.007185077 -0.033776116 -0.012548146 0.999915481 -0.003400539 -0.124454387 -0.007227221 0.003310022 0.999968410 7.703521252
0.999858618 0.014693527 0.008167535 -0.032696724 -0.014689708 0.999891877 -0.000527483 -0.127510488 -0.008174405 0.000407430 0.999966443 7.754286289
0.999928415 0.010385087 0.005928607 -0.030008405 -0.010381617 0.999945939 -0.000615602 -0.126053169 -0.005934679 0.000554010 0.999982178 7.807553768
0.999963999 0.006680245 0.005212583 -0.030959852 -0.006677404 0.999977589 -0.000561841 -0.126168385 -0.005216221 0.000527014 0.999986291 7.861400127
0.999974608 0.005261687 0.004798587 -0.032073744 -0.005255161 0.999985278 -0.001371676 -0.126968846 -0.004805734 0.001346423 0.999987602 7.916008472
0.999975264 0.005211791 0.004722330 -0.033749439 -0.005204666 0.999985337 -0.001519777 -0.127994388 -0.004730181 0.001495161 0.999987721 7.970372200
0.999974906 0.006273418 0.003291175 -0.030009201 -0.006268387 0.999979198 -0.001536888 -0.129722223 -0.003300748 0.001516219 0.999993384 8.020133018
0.999966621 0.007520621 0.003199770 -0.031092791 -0.007517648 0.999971330 -0.000940731 -0.130358905 -0.003206752 0.000916644 0.999994397 8.074439049
0.999973118 0.006637413 0.003107864 -0.032111794 -0.006632876 0.999976993 -0.001467528 -0.131569207 -0.003117533 0.001446874 0.999994099 8.130273819
0.999985218 0.004595909 0.002915562 -0.033129662 -0.004589059 0.999986768 -0.002351678 -0.131672800 -0.002926331 0.002338263 0.999993026 8.184763908
0.999983191 0.005269963 0.002427395 -0.030712519 -0.005263056 0.999982119 -0.002842872 -0.132678851 -0.002442333 0.002830049 0.999993026 8.236068726
0.999981403 0.005499587 0.002645271 -0.032407258 -0.005491903 0.999980748 -0.002903247 -0.134197369 -0.002661187 0.002888665 0.999992251 8.292358398
0.999976158 0.006596837 0.002064092 -0.031358473 -0.006589131 0.999971330 -0.003717899 -0.134351671 -0.002088559 0.003704210 0.999990940 8.344869614
0.999976754 0.006402967 0.002375265 -0.032022569 -0.006395384 0.999974549 -0.003186123 -0.136327058 -0.002395606 0.003170858 0.999992132 8.398472786
0.999977231 0.006695619 0.000815548 -0.031427007 -0.006692779 0.999971807 -0.003434585 -0.137448713 -0.000838521 0.003429049 0.999993742 8.454908371
0.999978960 0.006474097 0.000455473 -0.031028317 -0.006472275 0.999971449 -0.003894781 -0.137733907 -0.000480675 0.003891750 0.999992251 8.509250641
0.999979973 0.006292851 -0.000723331 -0.030389156 -0.006295708 0.999972105 -0.004018285 -0.138198838 0.000698024 0.004022758 0.999991655 8.564057350
0.999980927 0.006176068 -0.000047735 -0.032050885 -0.006176197 0.999974966 -0.003444910 -0.140549049 0.000026458 0.003445140 0.999994040 8.619726181
0.999988019 0.004894294 0.000159535 -0.032523509 -0.004893724 0.999982297 -0.003391952 -0.141897798 -0.000176134 0.003391131 0.999994218 8.675758362
0.999992251 0.003896889 0.000406476 -0.032716878 -0.003895519 0.999986827 -0.003317389 -0.142973483 -0.000419398 0.003315780 0.999994457 8.730387688
0.999997735 0.002122780 0.000046906 -0.032527603 -0.002122643 0.999994159 -0.002727513 -0.143777758 -0.000052696 0.002727407 0.999996305 8.784698486
0.999995649 0.002950458 0.000312267 -0.032984570 -0.002949554 0.999991596 -0.002855521 -0.144656241 -0.000320690 0.002854588 0.999995887 8.841153145
0.999992907 0.003743311 -0.000364949 -0.031865142 -0.003744291 0.999989271 -0.002724771 -0.146180600 0.000354745 0.002726118 0.999996245 8.894668579
0.999995172 0.003146744 0.000070410 -0.033139497 -0.003146498 0.999989688 -0.003251972 -0.147307083 -0.000080642 0.003251734 0.999994695 8.950865746
0.999991953 0.004021925 -0.000226319 -0.032142393 -0.004022560 0.999987781 -0.002878017 -0.148151278 0.000214741 0.002878904 0.999995828 9.007356644
0.999982357 0.005794674 0.001288787 -0.032891966 -0.005792471 0.999981761 -0.001706828 -0.148233652 -0.001298654 0.001699332 0.999997795 9.065000534
0.999987721 0.004890521 0.000864118 -0.032714430 -0.004890576 0.999988019 0.000061458 -0.150867805 -0.000863807 -0.000065683 0.999999642 9.121922493
0.999984741 0.004736347 0.002825750 -0.034595601 -0.004730177 0.999986410 -0.002185914 -0.150849178 -0.002836066 0.002172514 0.999993622 9.174057007
0.999978542 0.005746277 0.003137016 -0.034088995 -0.005734989 0.999977112 -0.003595568 -0.151942253 -0.003157605 0.003577501 0.999988675 9.229841232
0.999986112 0.005003084 0.001614732 -0.032433979 -0.004998290 0.999983072 -0.002959955 -0.152971774 -0.001629513 0.002951844 0.999994338 9.287282944
0.999984860 0.004316401 0.003401174 -0.034231436 -0.004318687 0.999990463 0.000665059 -0.156545073 -0.003398271 -0.000679738 0.999993980 9.342581749
0.999982834 0.004944548 0.003143216 -0.035029583 -0.004941753 0.999987483 -0.000896342 -0.155727819 -0.003147609 0.000880794 0.999994576 9.397272110
0.999975204 0.005881754 0.003852798 -0.036277477 -0.005877230 0.999982059 -0.001183970 -0.156500489 -0.003859692 0.001161297 0.999991775 9.454182625
0.999974310 0.006805488 0.002250610 -0.034486890 -0.006803212 0.999976337 -0.001017658 -0.157463267 -0.002257483 0.001002320 0.999996901 9.511715889
0.999955356 0.008846272 0.003320853 -0.035027679 -0.008843395 0.999960423 -0.000880201 -0.158547923 -0.003328509 0.000850793 0.999994099 9.566407204
0.999963403 0.007884798 0.003320003 -0.035703354 -0.007883785 0.999968827 -0.000317533 -0.159625605 -0.003322403 0.000291347 0.999994457 9.620598793
0.999974430 0.006537996 0.002896927 -0.035620011 -0.006538416 0.999978542 0.000135882 -0.160978377 -0.002895977 -0.000154820 0.999995828 9.679857254
0.999981701 0.004872045 0.003572434 -0.035533365 -0.004876314 0.999987423 0.001187438 -0.162292913 -0.003566604 -0.001204837 0.999992907 9.734140396
0.999993742 0.001967125 0.002921663 -0.035200946 -0.001971507 0.999996960 0.001498281 -0.162374973 -0.002918707 -0.001504032 0.999994636 9.793810844
0.999994397 0.000620361 0.003298369 -0.036573857 -0.000621332 0.999999762 0.000293501 -0.162762448 -0.003298186 -0.000295549 0.999994516 9.847731590
0.999992013 -0.001921138 0.003489536 -0.036001358 0.001922344 0.999998152 -0.000342167 -0.163575098 -0.003488872 0.000348873 0.999993920 9.900582314
0.999993145 -0.002355428 0.002884367 -0.034999125 0.002352189 0.999996603 0.001125887 -0.165158451 -0.002887010 -0.001119094 0.999995232 9.961236000
0.999988616 -0.003915512 0.002700958 -0.034641102 0.003907069 0.999987423 0.003124059 -0.165684745 -0.002713156 -0.003113471 0.999991477 10.015269279
0.999985158 -0.003425854 0.004237836 -0.035369650 0.003417335 0.999992132 0.002015800 -0.166871294 -0.004244708 -0.002001288 0.999988973 10.070221901
0.999974787 -0.005743193 0.004168767 -0.034446772 0.005742377 0.999983490 0.000207773 -0.166238949 -0.004169892 -0.000183829 0.999991298 10.126681328
0.999951243 -0.008668790 0.004726647 -0.033653889 0.008659323 0.999960423 0.002019539 -0.167374074 -0.004743966 -0.001978511 0.999986827 10.180409431
0.999979317 -0.002148104 0.006062027 -0.037770867 0.002143508 0.999997556 0.000764612 -0.169235885 -0.006063655 -0.000751602 0.999981344 10.244693756
0.999972701 -0.003342185 0.006602861 -0.037480853 0.003337827 0.999994159 0.000670831 -0.169598162 -0.006605064 -0.000648773 0.999978065 10.300358772
0.999955058 0.004172933 0.008516964 -0.039482623 -0.004160497 0.999990344 -0.001477289 -0.170847386 -0.008523046 0.001441787 0.999962628 10.360058784
0.999945760 0.004045070 0.009597296 -0.039600052 -0.004042231 0.999991834 -0.000315189 -0.172804773 -0.009598492 0.000276378 0.999953926 10.415580750
0.999960005 0.000076179 0.008941835 -0.035372645 -0.000069775 0.999999762 -0.000716485 -0.172177002 -0.008941888 0.000715832 0.999959707 10.466762543
0.999952197 -0.005249603 0.008247383 -0.033030063 0.005264254 0.999984622 -0.001755625 -0.170349151 -0.008238039 0.001798957 0.999964476 10.522013664
0.999954879 -0.001092580 0.009435968 -0.032914370 0.001096769 0.999999285 -0.000438806 -0.174418390 -0.009435485 0.000449135 0.999955356 10.577482224
0.999925554 -0.001666482 0.012096947 -0.035038590 0.001673752 0.999998450 -0.000590869 -0.174858481 -0.012095943 0.000611072 0.999926627 10.638048172
0.999936104 -0.004045546 0.010554958 -0.031842291 0.004039326 0.999991655 0.000610460 -0.175834611 -0.010557340 -0.000567786 0.999944091 10.693925858
0.999918282 -0.000589653 0.012775036 -0.033822656 0.000614858 0.999997854 -0.001969188 -0.178579479 -0.012773847 0.001976881 0.999916434 10.752092361
0.999922872 -0.002197646 0.012231328 -0.032780260 0.002255885 0.999986231 -0.004749663 -0.179470569 -0.012220721 0.004776889 0.999913871 10.805629730
0.999937296 -0.001845343 0.011043635 -0.032397181 0.001899073 0.999986410 -0.004856748 -0.180341870 -0.011034523 0.004877416 0.999927223 10.868176460
0.999939322 -0.003495395 0.010451643 -0.031850189 0.003559127 0.999975204 -0.006085337 -0.180997044 -0.010430113 0.006122167 0.999926925 10.926424980
0.999947667 -0.002583130 0.009897874 -0.031521566 0.002647175 0.999975622 -0.006462999 -0.182852060 -0.009880938 0.006488862 0.999930143 10.984474182
0.999959886 -0.004090944 0.007968898 -0.030866630 0.004131388 0.999978662 -0.005065587 -0.185428530 -0.007948004 0.005098307 0.999955416 11.037190437
0.999941051 0.001117470 0.010799274 -0.037057117 -0.001044127 0.999976397 -0.006794739 -0.181382373 -0.010806611 0.006783062 0.999918580 11.075258255
0.999954462 -0.001243120 0.009462469 -0.035597183 0.001287917 0.999988019 -0.004729655 -0.188600436 -0.009456476 0.004741626 0.999944031 11.130611420
0.999969065 -0.004934310 0.006114497 -0.031805560 0.004951389 0.999983847 -0.002781218 -0.189118594 -0.006100672 0.002811407 0.999977410 11.195633888
0.999973536 -0.004107375 0.005989910 -0.032656021 0.004118304 0.999989867 -0.001813445 -0.189520717 -0.005982399 0.001838066 0.999980390 11.243673325
0.999969065 -0.003883989 0.006831156 -0.031333216 0.003893651 0.999991357 -0.001401806 -0.190492347 -0.006825651 0.001428360 0.999975681 11.294412613
0.999968469 -0.002758923 0.007446670 -0.032478258 0.002773270 0.999994338 -0.001916951 -0.191085249 -0.007441340 0.001937542 0.999970376 11.355885506
0.999956012 -0.004474165 0.008247673 -0.033080138 0.004485777 0.999988973 -0.001390069 -0.192527860 -0.008241361 0.001427005 0.999965012 11.404840469
0.999930680 -0.006290676 0.009956648 -0.034878060 0.006315204 0.999977052 -0.002434009 -0.193002254 -0.009941106 0.002496719 0.999947429 11.444254875
0.999935329 -0.007893856 0.008187802 -0.031188324 0.007930407 0.999958634 -0.004441212 -0.194812804 -0.008152406 0.004505857 0.999956548 11.518130302
0.999933839 -0.008112722 0.008158346 -0.030771300 0.008157491 0.999951780 -0.005469163 -0.195400238 -0.008113583 0.005535353 0.999951720 11.570077896
0.999950886 -0.008020746 0.005837251 -0.031174816 0.008058587 0.999946475 -0.006488298 -0.197131068 -0.005784898 0.006535019 0.999961853 11.623077393
0.999969423 -0.006151421 0.004827622 -0.032166138 0.006178898 0.999964714 -0.005697554 -0.197903603 -0.004792405 0.005727209 0.999972105 11.678974152
0.999980807 -0.004735598 0.004000547 -0.031452321 0.004746616 0.999984980 -0.002749263 -0.198995143 -0.003987468 0.002768199 0.999988139 11.739542007
0.999958575 -0.007837278 0.004643793 -0.031452570 0.007833837 0.999969006 0.000759032 -0.200392157 -0.004649598 -0.000722622 0.999988914 11.793766022
0.999968410 -0.006571813 0.004454914 -0.031061616 0.006568579 0.999978125 0.000740200 -0.200663954 -0.004459681 -0.000710914 0.999989808 11.851922989
0.999969184 -0.005898799 0.005171952 -0.030990522 0.005904213 0.999981940 -0.001032030 -0.200968742 -0.005165773 0.001062535 0.999986053 11.906099319
0.999946356 -0.008742708 0.005560683 -0.031262763 0.008743743 0.999961734 -0.000162004 -0.202508092 -0.005559055 0.000210616 0.999984562 11.963184357
0.999949574 -0.008437089 0.005448376 -0.031040303 0.008437920 0.999964356 -0.000129538 -0.203500435 -0.005447089 0.000175504 0.999985158 12.019370079
0.999947131 -0.008056733 0.006401001 -0.031183325 0.008057298 0.999967515 -0.000062538 -0.204649717 -0.006400289 0.000114109 0.999979556 12.074411392
0.999947846 -0.007285431 0.007159327 -0.031890616 0.007293449 0.999972820 -0.001094510 -0.205366164 -0.007151160 0.001146669 0.999973774 12.129948616
0.999950290 -0.005622426 0.008233145 -0.032133922 0.005640232 0.999981940 -0.002141270 -0.206225172 -0.008220956 0.002187600 0.999963820 12.184272766
0.999936938 -0.007106591 0.008700025 -0.032510743 0.007105994 0.999974787 0.000099578 -0.207213566 -0.008700513 -0.000037749 0.999962151 12.244109154
0.999924302 -0.008564066 0.008831651 -0.031412773 0.008553348 0.999962568 0.001250773 -0.208253771 -0.008842034 -0.001175138 0.999960244 12.297348976
0.999920726 -0.008474678 0.009315000 -0.031815246 0.008487630 0.999963105 -0.001351828 -0.208381802 -0.009303200 0.001430783 0.999955714 12.353255272
0.999917209 -0.007683896 0.010318937 -0.031693980 0.007682244 0.999970496 0.000199606 -0.211023673 -0.010320165 -0.000120317 0.999946833 12.404576302
0.999943018 -0.005750376 0.008996316 -0.030970655 0.005771481 0.999980509 -0.002321626 -0.211367354 -0.008982791 0.002373416 0.999956787 12.464686394
0.999960661 -0.002684133 0.008460838 -0.031523958 0.002732672 0.999979734 -0.005730509 -0.212394118 -0.008445285 0.005753404 0.999947786 12.522280693
0.999965489 -0.002182411 0.008021088 -0.031360917 0.002222235 0.999985158 -0.004959191 -0.213780731 -0.008010147 0.004976844 0.999955535 12.574770927
0.999980211 -0.001712586 0.006050325 -0.029966004 0.001721459 0.999997437 -0.001461652 -0.214698225 -0.006047807 0.001472037 0.999980569 12.631003380
0.999985397 -0.001380853 0.005232813 -0.029915497 0.001372138 0.999997616 0.001668832 -0.215829864 -0.005235106 -0.001661628 0.999984920 12.685887337
0.999986470 0.001659745 0.004932392 -0.030325286 -0.001653896 0.999997914 -0.001189680 -0.216127887 -0.004934357 0.001181506 0.999987066 12.741118431
0.999998152 -0.000501991 0.001871267 -0.030104863 0.000505953 0.999997556 -0.002117076 -0.216690153 -0.001870199 0.002118018 0.999996006 12.797204971
0.999998331 -0.001698482 -0.000719100 -0.029623734 0.001700328 0.999995232 0.002574010 -0.222950891 0.000714725 -0.002575229 0.999996424 12.852039337
0.999994993 -0.003056594 -0.000699885 -0.030936796 0.003058796 0.999990225 0.003166724 -0.224241346 0.000690199 -0.003168849 0.999994695 12.907306671
0.999992967 -0.003430270 -0.001524601 -0.030620597 0.003428720 0.999993622 -0.001017735 -0.219856068 0.001528083 0.001012500 0.999998331 12.960706711
0.999992192 -0.003762889 -0.001209165 -0.032176998 0.003759626 0.999989271 -0.002689689 -0.220086351 0.001219273 0.002685122 0.999995649 13.015856743
0.999992907 -0.003615528 -0.001095830 -0.031905882 0.003613394 0.999991536 -0.001943421 -0.222285420 0.001102847 0.001939447 0.999997556 13.069756508
0.999984384 -0.005399699 -0.001416410 -0.032118887 0.005396980 0.999983609 -0.001916598 -0.223351449 0.001426736 0.001908924 0.999997079 13.124731064
0.999988079 -0.004838193 -0.000706727 -0.033755388 0.004836570 0.999985695 -0.002282261 -0.224617943 0.000717759 0.002278815 0.999997079 13.178800583
0.999985397 -0.005388884 -0.000458038 -0.034388967 0.005387415 0.999980450 -0.003149874 -0.225416005 0.000475003 0.003147360 0.999994874 13.233741760
0.999987185 -0.004966503 -0.000951349 -0.033235636 0.004963259 0.999981940 -0.003383432 -0.226479441 0.000968136 0.003378666 0.999993742 13.290019989
0.999992132 -0.003953288 -0.000084642 -0.034505825 0.003952852 0.999981284 -0.004645908 -0.226918221 0.000103007 0.004645537 0.999989152 13.344664574
0.999974549 -0.007015909 -0.001268921 -0.033262983 0.007009143 0.999961555 -0.005261428 -0.228880137 0.001305786 0.005252399 0.999985278 13.397197723
0.999964476 -0.008357020 -0.001125196 -0.033597838 0.008353011 0.999958932 -0.003521702 -0.230037645 0.001154581 0.003512177 0.999993145 13.455893517
0.999955118 -0.009448917 -0.000763290 -0.034138605 0.009446198 0.999949336 -0.003490836 -0.230656371 0.000796236 0.003483469 0.999993622 13.510407448
0.999944270 -0.010493630 -0.001175800 -0.034180071 0.010489352 0.999938548 -0.003588007 -0.232169226 0.001213379 0.003575474 0.999992788 13.567402840
0.999954879 -0.009417771 -0.001252865 -0.034262888 0.009412485 0.999947011 -0.004158471 -0.233319819 0.001291963 0.004146490 0.999990582 13.620265961
0.999967515 -0.008032775 -0.000626382 -0.034772195 0.008030636 0.999962211 -0.003343375 -0.234623104 0.000653215 0.003338236 0.999994278 13.675124168
0.999970675 -0.007612984 -0.000818574 -0.034818355 0.007611168 0.999968588 -0.002199767 -0.235688940 0.000835295 0.002193473 0.999997199 13.729428291
0.999974906 -0.007032100 0.000834587 -0.036008373 0.007033780 0.999973178 -0.002027695 -0.237300634 -0.000820305 0.002033515 0.999997616 13.783550262
0.999976099 -0.006911589 0.000159916 -0.034900691 0.006911966 0.999973059 -0.002495435 -0.238534644 -0.000142664 0.002496480 0.999996901 13.838671684
0.999972582 -0.007389175 0.000372454 -0.035873424 0.007390375 0.999967158 -0.003332326 -0.238932908 -0.000347819 0.003334987 0.999994397 13.894941330
0.999978006 -0.006625565 -0.000333185 -0.035137076 0.006624437 0.999972701 -0.003281668 -0.240341768 0.000354919 0.003279389 0.999994576 13.950592041
0.999986172 -0.005099945 0.001292838 -0.035670906 0.005103189 0.999983847 -0.002519057 -0.241559058 -0.001279971 0.002525620 0.999996066 14.003355980
0.999979556 -0.006397481 -0.000063669 -0.035424776 0.006397305 0.999976575 -0.002445556 -0.242218941 0.000079312 0.002445099 0.999996960 14.061498642
0.999992609 -0.003713571 0.000982024 -0.036878284 0.003717680 0.999984205 -0.004217044 -0.242848739 -0.000966348 0.004220664 0.999990582 14.118283272
0.999986947 -0.005065910 0.000574244 -0.035969336 0.005068154 0.999979258 -0.003974718 -0.244122267 -0.000554096 0.003977576 0.999991953 14.172474861
0.999995589 -0.002684610 0.001199784 -0.036180884 0.002689406 0.999988258 -0.004013589 -0.245331004 -0.001188996 0.004016798 0.999991179 14.225242615
0.999995112 -0.002755526 0.001475196 -0.036535621 0.002760436 0.999990582 -0.003336957 -0.246140450 -0.001465987 0.003341013 0.999993384 14.282946587
