0.999999762 -0.000638868 -0.000186300 -0.000168794 0.000639199 0.999998212 0.001783098 -0.000595104 0.000185161 -0.001783217 0.999998391 0.032428887
0.999998629 -0.001525710 -0.000627194 -0.000361263 0.001526806 0.999997318 0.001749857 -0.001062856 0.000624522 -0.001750812 0.999998271 0.067234561
0.999995232 -0.003022426 -0.000678232 -0.000449168 0.003022852 0.999995172 0.000627058 -0.001390419 0.000676333 -0.000629105 0.999999583 0.097424030
0.999994218 -0.003353385 -0.000472061 -0.000689361 0.003353826 0.999993861 0.000936671 -0.002020837 0.000468918 -0.000938248 0.999999464 0.129620120
0.999992788 -0.003762217 -0.000519036 -0.000721461 0.003763110 0.999991357 0.001730665 -0.002459151 0.000512520 -0.001732606 0.999998331 0.162190020
0.999986470 -0.005196919 -0.000064086 -0.001055517 0.005197060 0.999983430 0.002440361 -0.002713489 0.000051403 -0.002440661 0.999996960 0.195632353
0.999988675 -0.004726399 -0.000377375 -0.001033692 0.004727695 0.999982655 0.003509577 -0.003458529 0.000360781 -0.003511322 0.999993682 0.227382064
0.999990225 -0.004240270 -0.001217893 -0.001087746 0.004242703 0.999989033 0.002001917 -0.003940014 0.001209392 -0.002007065 0.999997199 0.261317819
0.999998927 -0.001095965 -0.000881821 -0.001456085 0.001095606 0.999999285 -0.000407723 -0.004485862 0.000882267 0.000406757 0.999999523 0.292608082
0.999997437 0.002170675 -0.000562301 -0.001865375 -0.002171231 0.999997139 -0.000990525 -0.005161570 0.000560149 0.000991744 0.999999344 0.326173216
0.999989808 0.004472140 -0.000607858 -0.002015220 -0.004472970 0.999988973 -0.001370022 -0.005601844 0.000601725 0.001372726 0.999998808 0.358448386
0.999983549 0.005722625 -0.000223225 -0.002528323 -0.005722743 0.999983430 -0.000533155 -0.006129653 0.000220170 0.000534424 0.999999762 0.392143577
0.999994457 0.003336964 0.000078896 -0.002423212 -0.003337144 0.999991536 0.002400670 -0.006766676 -0.000070885 -0.002400920 0.999997139 0.424891442
0.999999702 -0.000818485 0.000336913 -0.002647815 0.000817134 0.999991715 0.003985662 -0.007094408 -0.000340173 -0.003985384 0.999992073 0.458806276
0.999994397 -0.003348385 -0.000032093 -0.002390888 0.003348439 0.999992669 0.001865413 -0.007707760 0.000025846 -0.001865510 0.999998271 0.491152197
0.999990463 -0.004351735 -0.000598769 -0.002290890 0.004351498 0.999990582 -0.000398050 -0.008075320 0.000600495 0.000395440 0.999999821 0.524999619
0.999996901 -0.002483691 0.000252905 -0.002700555 0.002484126 0.999995470 -0.001735939 -0.008675952 -0.000248592 0.001736562 0.999998450 0.559491336
0.999999106 0.000798033 0.001064352 -0.002663991 -0.000797982 0.999999702 -0.000048055 -0.009127726 -0.001064390 0.000047206 0.999999404 0.591528475
0.999997318 0.001782027 0.001535296 -0.002781476 -0.001787337 0.999992490 0.003464270 -0.009617824 -0.001529110 -0.003467004 0.999992788 0.626319826
0.999997675 -0.000791382 0.001999706 -0.002995308 0.000780530 0.999984980 0.005421869 -0.009851683 -0.002003967 -0.005420296 0.999983311 0.658220172
0.999986470 -0.004496314 0.002644311 -0.004002234 0.004487490 0.999984384 0.003333339 -0.010073427 -0.002659258 -0.003321427 0.999991000 0.691744626
0.999989390 -0.004416244 0.001301981 -0.002816375 0.004414983 0.999989748 0.000969619 -0.010534296 -0.001306250 -0.000963859 0.999998689 0.727719784
0.999983072 -0.005339362 0.002305880 -0.003072897 0.005342281 0.999984920 -0.001261154 -0.011389215 -0.002299112 0.001273452 0.999996543 0.758749843
0.999994338 -0.002361943 0.002420243 -0.002894916 0.002366995 0.999995053 -0.002086444 -0.011743538 -0.002415303 0.002092161 0.999994874 0.793790340
0.999993682 -0.001313908 0.003300591 -0.003390854 0.001327951 0.999990046 -0.004255970 -0.012360908 -0.003294966 0.004260326 0.999985516 0.828108788
0.999995708 -0.000531789 0.002866305 -0.002796683 0.000542753 0.999992549 -0.003825605 -0.012781139 -0.002864249 0.003827144 0.999988556 0.860818386
0.999995112 0.000374563 0.003116156 -0.003121696 -0.000365931 0.999996066 -0.002770128 -0.013449121 -0.003117181 0.002768973 0.999991357 0.895293534
0.999994814 0.001423432 0.002889710 -0.003255207 -0.001419863 0.999998271 -0.001237033 -0.014015511 -0.002891466 0.001232924 0.999995053 0.928921103
0.999988258 0.003954021 0.002798724 -0.003250941 -0.003952082 0.999991894 -0.000698027 -0.014786220 -0.002801461 0.000686958 0.999995828 0.963523209
0.999976635 0.006289967 0.002680128 -0.003260319 -0.006287441 0.999979913 -0.000949283 -0.015495100 -0.002686045 0.000932410 0.999995887 0.997496068
0.999961019 0.008590300 0.002044184 -0.003024889 -0.008588928 0.999962926 -0.000679156 -0.015967857 -0.002049942 0.000661572 0.999997675 1.032217145
0.999957860 0.008923328 0.002138444 -0.003596844 -0.008921825 0.999959946 -0.000710999 -0.016554506 -0.002144702 0.000691890 0.999997437 1.066870213
0.999961197 0.008646926 0.001719548 -0.003580348 -0.008645043 0.999961972 -0.001100093 -0.017050235 -0.001728995 0.001085185 0.999997914 1.102105021
0.999971390 0.007447787 0.001275498 -0.004007260 -0.007446796 0.999972105 -0.000779065 -0.017803516 -0.001281264 0.000769545 0.999998868 1.134931326
0.999975562 0.006983465 0.000098791 -0.003997944 -0.006983402 0.999975443 -0.000621680 -0.018519411 -0.000103130 0.000620975 0.999999762 1.169906259
0.999979615 0.006117504 -0.001841668 -0.003508767 -0.006116260 0.999981105 0.000680252 -0.019169927 0.001845795 -0.000668974 0.999998093 1.205296993
0.999971330 0.007271392 -0.002114587 -0.004335700 -0.007270092 0.999973476 0.000621025 -0.019749027 0.002119047 -0.000605634 0.999997616 1.240071297
0.999974787 0.006410811 -0.003052558 -0.004764819 -0.006408450 0.999979258 0.000782226 -0.020101771 0.003057509 -0.000762644 0.999995053 1.274372220
0.999966860 0.007467247 -0.003218557 -0.005453205 -0.007464104 0.999971628 0.000987337 -0.020319369 0.003225839 -0.000963281 0.999994397 1.309158683
0.999977648 0.005377928 -0.003974428 -0.005919572 -0.005367678 0.999982238 0.002585137 -0.021047002 0.003988261 -0.002563746 0.999988794 1.344153285
0.999980569 0.004411054 -0.004398829 -0.006043270 -0.004404685 0.999989212 0.001456468 -0.020981085 0.004405206 -0.001437064 0.999989331 1.378710151
0.999982357 0.001290770 -0.005793485 -0.006300081 -0.001279963 0.999997437 0.001868769 -0.021958338 0.005795883 -0.001861321 0.999981463 1.414469481
0.999986649 0.000160410 -0.005164101 -0.007035170 -0.000149347 0.999997616 0.002142561 -0.022706304 0.005164433 -0.002141761 0.999984384 1.450094700
0.999989390 -0.001431689 -0.004377044 -0.007891853 0.001442798 0.999995708 0.002535892 -0.022848351 0.004373394 -0.002542180 0.999987245 1.484297276
0.999981046 -0.003569742 -0.005004778 -0.007190026 0.003588340 0.999986649 0.003711906 -0.023624817 0.004991462 -0.003729795 0.999980509 1.517819524
0.999975085 -0.004997884 -0.004992513 -0.006724408 0.005014898 0.999981582 0.003401063 -0.023951471 0.004975423 -0.003426015 0.999981701 1.552159190
0.999978900 -0.005077200 -0.004050471 -0.007493173 0.005086319 0.999984562 0.002244461 -0.024764005 0.004039014 -0.002265016 0.999989271 1.587303877
0.999983609 -0.004500918 -0.003528350 -0.007695438 0.004508407 0.999987543 0.002117486 -0.025298908 0.003518776 -0.002133358 0.999991536 1.620780110
0.999978900 -0.005874377 -0.002770065 -0.008565832 0.005879308 0.999981105 0.001775685 -0.025246873 0.002759582 -0.001791933 0.999994576 1.655247450
0.999995887 -0.001962577 -0.002090505 -0.008571817 0.001969712 0.999992251 0.003416588 -0.026558330 0.002083784 -0.003420692 0.999992013 1.688708305
0.999999523 0.000691304 -0.000802742 -0.009775988 -0.000687674 0.999989569 0.004513642 -0.026546426 0.000805855 -0.004513088 0.999989450 1.722553134
0.999991953 0.003878133 -0.001006515 -0.009342212 -0.003873184 0.999980628 0.004872472 -0.026657728 0.001025391 -0.004868534 0.999987602 1.756397843
0.999951422 0.009849776 0.000326607 -0.010058055 -0.009851093 0.999942183 0.004309653 -0.027161635 -0.000284139 -0.004312661 0.999990642 1.790092707
0.999922931 0.012391826 0.000692598 -0.010063304 -0.012394714 0.999913812 0.004331827 -0.028519841 -0.000638859 -0.004340078 0.999990344 1.824148178
0.999894261 0.014500513 0.001143214 -0.010625459 -0.014504333 0.999889016 0.003408709 -0.028104257 -0.001093659 -0.003424930 0.999993503 1.857176900
0.999907613 0.013542093 0.001168445 -0.010412305 -0.013546703 0.999900103 0.004034228 -0.028527554 -0.001113696 -0.004049684 0.999991179 1.890470624
0.999927163 0.011993490 0.001373286 -0.010407181 -0.011998446 0.999921322 0.003659138 -0.028926227 -0.001329292 -0.003675350 0.999992371 1.923491001
0.999945283 0.010445118 0.000657404 -0.010274810 -0.010447017 0.999940991 0.002954125 -0.029448528 -0.000626509 -0.002960831 0.999995410 1.956109047
0.999954998 0.009484389 -0.000401008 -0.009359457 -0.009483148 0.999950647 0.002988381 -0.029886257 0.000429331 -0.002984444 0.999995470 1.989375353
0.999955356 0.009433255 0.000504122 -0.011441275 -0.009434657 0.999951422 0.002851584 -0.030244961 -0.000477198 -0.002856213 0.999995828 2.024533510
0.999953032 0.009684330 0.000302323 -0.012082398 -0.009684981 0.999950588 0.002233274 -0.030770106 -0.000280680 -0.002236097 0.999997497 2.058174610
0.999954998 0.009469879 -0.000500426 -0.012122398 -0.009468298 0.999950409 0.003072480 -0.031682014 0.000529498 -0.003067604 0.999995172 2.090684175
0.999968827 0.007803903 -0.001213315 -0.012629332 -0.007799307 0.999962568 0.003749676 -0.032032337 0.001242532 -0.003740096 0.999992311 2.123780966
0.999976814 0.006187547 -0.002819379 -0.012416702 -0.006175067 0.999971211 0.004413753 -0.032268800 0.002846608 -0.004396241 0.999986291 2.157175303
0.999985516 0.003189296 -0.004359301 -0.012454672 -0.003167519 0.999982536 0.004993224 -0.032479279 0.004375149 -0.004979344 0.999978006 2.188066006
0.999983191 0.001713788 -0.005537908 -0.012002134 -0.001686750 0.999986649 0.004883521 -0.033107750 0.005546203 -0.004874098 0.999972701 2.221225262
0.999984562 0.000575256 -0.005523653 -0.012972492 -0.000550246 0.999989629 0.004528278 -0.033584002 0.005526200 -0.004525169 0.999974489 2.252345324
0.999981463 -0.001892112 -0.005782877 -0.014415748 0.001916176 0.999989569 0.004158522 -0.033688642 0.005774948 -0.004169527 0.999974608 2.287138939
0.999981105 -0.001945931 -0.005834715 -0.014224967 0.001968460 0.999990642 0.003857918 -0.034372114 0.005827153 -0.003869331 0.999975562 2.317417622
0.999986112 -0.001027671 -0.005175320 -0.014998840 0.001046568 0.999992788 0.003650072 -0.035485495 0.005171533 -0.003655437 0.999979973 2.349169731
0.999987721 -0.001307759 -0.004807236 -0.015266360 0.001323775 0.999993563 0.003330036 -0.036096185 0.004802851 -0.003336358 0.999983013 2.380137920
0.999991655 0.000036833 -0.004107203 -0.016492601 -0.000020492 0.999992132 0.003978574 -0.036806382 0.004107317 -0.003978456 0.999983668 2.410949707
0.999984980 -0.001070603 -0.005380862 -0.015358248 0.001096573 0.999987781 0.004825787 -0.036587000 0.005375630 -0.004831616 0.999973834 2.445262909
0.999987900 0.000285025 -0.004915913 -0.015924469 -0.000252091 0.999977529 0.006698772 -0.037275285 0.004917713 -0.006697452 0.999965429 2.477205992
0.999987245 0.000732702 -0.005009171 -0.015790595 -0.000707612 0.999987245 0.005008629 -0.037715055 0.005012778 -0.005005020 0.999974966 2.509041786
0.999989331 -0.001003288 -0.004500597 -0.017289683 0.001015638 0.999995708 0.002742772 -0.038130332 0.004497827 -0.002747314 0.999986112 2.542504072
0.999985635 -0.001599310 -0.005105467 -0.017200407 0.001605581 0.999997973 0.001224544 -0.038506534 0.005103496 -0.001232723 0.999986172 2.572731972
0.999976993 -0.004901299 -0.004677946 -0.017747175 0.004914554 0.999983907 0.002826469 -0.039017145 0.004664017 -0.002849394 0.999985039 2.604914904
0.999982417 -0.004649134 -0.003671146 -0.017911434 0.004664460 0.999980330 0.004177518 -0.039832652 0.003651652 -0.004194569 0.999984562 2.635672331
0.999966502 -0.007311820 -0.003681269 -0.017461475 0.007330371 0.999960423 0.005051352 -0.040088762 0.003644188 -0.005078169 0.999980450 2.668649435
0.999962091 -0.008203748 -0.002918207 -0.018166974 0.008213083 0.999961138 0.003201674 -0.040344488 0.002891828 -0.003225520 0.999990642 2.698875189
0.999977231 -0.006281574 -0.002472793 -0.018217102 0.006282527 0.999980211 0.000378074 -0.040510647 0.002470369 -0.000393601 0.999996841 2.731200695
0.999993145 -0.003567074 -0.001020796 -0.018693622 0.003565974 0.999993086 -0.001077444 -0.041546162 0.001024632 0.001073796 0.999998927 2.762190580
0.999999046 0.000310628 0.001331934 -0.019232165 -0.000308549 0.999998808 -0.001559733 -0.041859604 -0.001332418 0.001559320 0.999997914 2.792517185
0.999998510 0.000015808 0.001739720 -0.019631889 -0.000016722 0.999999881 0.000525229 -0.042246938 -0.001739712 -0.000525257 0.999998331 2.825114250
0.999995232 -0.001399886 0.002778171 -0.019768450 0.001390927 0.999993801 0.003224157 -0.042838037 -0.002782667 -0.003220277 0.999991000 2.857399464
0.999994278 -0.000524866 0.003339990 -0.018943476 0.000513915 0.999994457 0.003278551 -0.043190509 -0.003341692 -0.003276816 0.999989033 2.891107082
0.999986887 -0.003097828 0.004083645 -0.019409195 0.003084338 0.999989808 0.003305611 -0.043280721 -0.004093843 -0.003292972 0.999986172 2.921541452
0.999983966 0.001135641 0.005547413 -0.019327065 -0.001150825 0.999995589 0.002734669 -0.044487685 -0.005544283 -0.002741009 0.999980867 2.949313402
0.999961972 0.004561783 0.007430504 -0.021246064 -0.004575498 0.999987900 0.001829780 -0.045143310 -0.007422067 -0.001863709 0.999970675 2.984419107
0.999949872 0.005115175 0.008604224 -0.020112744 -0.005123742 0.999986351 0.000973799 -0.045678560 -0.008599126 -0.001017836 0.999962509 3.014145374
0.999942005 0.005103064 0.009482425 -0.019925047 -0.005106030 0.999986947 0.000288688 -0.045628317 -0.009480828 -0.000337089 0.999954939 3.043302298
0.999940634 0.004162571 0.010073512 -0.019213412 -0.004163876 0.999991417 0.000108596 -0.045994285 -0.010072972 -0.000150535 0.999949276 3.075217962
0.999928355 0.004061912 0.011250515 -0.019626938 -0.004073111 0.999991298 0.000972869 -0.046409752 -0.011246465 -0.001018625 0.999936163 3.107243538
0.999925017 0.002776379 0.011926686 -0.019313678 -0.002803265 0.999993563 0.002238075 -0.047197632 -0.011920395 -0.002271341 0.999926388 3.137492418
0.999914646 0.002637393 0.012791041 -0.019307837 -0.002667978 0.999993622 0.002374635 -0.047767792 -0.012784697 -0.002408559 0.999915421 3.168623447
0.999917388 0.000936682 0.012814531 -0.019080568 -0.000965859 0.999996960 0.002270925 -0.048097223 -0.012812364 -0.002283115 0.999915302 3.201238155
0.999926507 -0.000899956 0.012091266 -0.018506818 0.000859374 0.999993980 0.003361116 -0.048687257 -0.012094217 -0.003350478 0.999921262 3.231457949
0.999931455 -0.002668122 0.011401696 -0.018264245 0.002633186 0.999991775 0.003077947 -0.049178824 -0.011409815 -0.003047714 0.999930263 3.263318300
0.999942362 -0.003621184 0.010104021 -0.017728519 0.003592624 0.999989510 0.002843413 -0.049577311 -0.010114211 -0.002806949 0.999944925 3.295237303
0.999944091 -0.005584124 0.008977471 -0.017678361 0.005557883 0.999980152 0.002945212 -0.049614254 -0.008993741 -0.002895152 0.999955297 3.327237368
0.999946296 -0.006427729 0.008130203 -0.017611194 0.006397192 0.999972403 0.003776409 -0.050452203 -0.008154253 -0.003724196 0.999959826 3.357346773
0.999955654 -0.006899033 0.006411876 -0.016744358 0.006877274 0.999970615 0.003409416 -0.050655380 -0.006435209 -0.003365168 0.999973655 3.389734983
0.999957979 -0.007697895 0.004978882 -0.016562987 0.007682225 0.999965549 0.003158685 -0.051188234 -0.005003026 -0.003120303 0.999982655 3.422166109
0.999956965 -0.008134563 0.004460524 -0.016974691 0.008121203 0.999962509 0.003004848 -0.051831398 -0.004484800 -0.002968493 0.999985576 3.453688383
0.999941766 -0.010082483 0.003826912 -0.017222669 0.010080408 0.999949038 0.000560840 -0.052461147 -0.003832371 -0.000522231 0.999992549 3.483157635
0.999883831 -0.014992072 0.002745120 -0.017206190 0.014992030 0.999887586 0.000035522 -0.053019084 -0.002745344 0.000005637 0.999996245 3.514743567
0.999757051 -0.022007164 0.001157935 -0.016582552 0.022004414 0.999755085 0.002339528 -0.053753123 -0.001209137 -0.002313480 0.999996662 3.546902418
0.999576449 -0.029099245 -0.000283066 -0.016693164 0.029100165 0.999567986 0.004111455 -0.054556191 0.000163304 -0.004117951 0.999991536 3.580275059
0.999441385 -0.033404816 -0.000937767 -0.016597971 0.033405453 0.999441683 0.000675109 -0.054509506 0.000914691 -0.000706059 0.999999344 3.608402252
0.999465108 -0.032689214 -0.000966406 -0.016315199 0.032686800 0.999462724 -0.002412942 -0.055123121 0.001044764 0.002380063 0.999996662 3.640664101
0.999562562 -0.029573217 0.000067834 -0.016338944 0.029573223 0.999552548 -0.004497362 -0.055889089 0.000065198 0.004497401 0.999989867 3.672619104
0.999591351 -0.028525826 0.001822815 -0.017572500 0.028534841 0.999579728 -0.005128317 -0.056077749 -0.001675760 0.005178235 0.999985158 3.702425718
0.999488473 -0.031912886 0.002080013 -0.017166296 0.031915516 0.999489784 -0.001243683 -0.057078335 -0.002039262 0.001309431 0.999997079 3.734348297
0.999375701 -0.035182346 0.003198607 -0.017642336 0.035181627 0.999380946 0.000278225 -0.056922987 -0.003206415 -0.000165518 0.999994874 3.765690565
0.999187469 -0.040230796 0.002417071 -0.016846878 0.040224046 0.999186873 0.002778100 -0.057941329 -0.002526871 -0.002678619 0.999993205 3.798187733
0.999160707 -0.040887773 0.002454577 -0.016610261 0.040882733 0.999161780 0.002071185 -0.058147937 -0.002537206 -0.001969097 0.999994874 3.830592632
0.999201179 -0.039834935 0.003184011 -0.016574560 0.039824944 0.999201834 0.003143714 -0.058929861 -0.003306699 -0.003014400 0.999989986 3.861362696
0.999389410 -0.034623139 0.004674064 -0.016697709 0.034617208 0.999399781 0.001344568 -0.059085786 -0.004717812 -0.001181944 0.999988198 3.893669128
0.999500811 -0.031141439 0.005327184 -0.016798008 0.031142922 0.999514997 -0.000195406 -0.060075130 -0.005318515 0.000361213 0.999985814 3.926455498
0.999544501 -0.029616002 0.005799631 -0.017000545 0.029620951 0.999560893 -0.000768940 -0.060661830 -0.005774311 0.000940381 0.999982953 3.958889246
0.999630392 -0.026359130 0.006655778 -0.016961334 0.026357101 0.999652505 0.000392501 -0.060836565 -0.006663812 -0.000216929 0.999977767 3.989214182
0.999670327 -0.024821728 0.006562838 -0.017373387 0.024823098 0.999691844 -0.000127194 -0.061418001 -0.006557658 0.000290062 0.999978483 4.020717144
0.999732494 -0.022493919 0.005390940 -0.016756132 0.022505378 0.999744654 -0.002073901 -0.062399894 -0.005342913 0.002194671 0.999983311 4.054224968
0.999790311 -0.019963730 0.004551840 -0.015843906 0.019985303 0.999789059 -0.004743352 -0.062680699 -0.004456184 0.004833328 0.999978423 4.085093975
0.999891877 -0.013747629 0.005223142 -0.017087797 0.013781271 0.999884129 -0.006460269 -0.063521437 -0.005133723 0.006531552 0.999965489 4.117503643
0.999943912 -0.008697690 0.006043666 -0.017619595 0.008730529 0.999947131 -0.005428371 -0.064005375 -0.005996132 0.005480831 0.999967039 4.149561405
0.999965608 -0.005453473 0.006253714 -0.017728548 0.005476720 0.999978125 -0.003706184 -0.064739533 -0.006233366 0.003740307 0.999973595 4.182252884
0.999967277 -0.004071441 0.006993615 -0.017395254 0.004084653 0.999989867 -0.001875755 -0.064706184 -0.006985907 0.001904259 0.999973834 4.213474751
0.999946296 -0.009318561 0.004532379 -0.016762184 0.009318872 0.999956548 -0.000047451 -0.066095158 -0.004531741 0.000089686 0.999989688 4.246509552
0.999939024 -0.010684031 0.002791696 -0.016629275 0.010685062 0.999942839 -0.000353452 -0.066533521 -0.002787760 0.000383260 0.999996066 4.279190063
0.999929070 -0.011885581 0.000783813 -0.016934309 0.011888911 0.999919713 -0.004391791 -0.067119494 -0.000731551 0.004400800 0.999990046 4.311508656
0.999959052 -0.009023366 -0.000737534 -0.017114142 0.009016641 0.999921739 -0.008664913 -0.068220697 0.000815663 0.008657908 0.999962211 4.344412327
0.999983311 -0.005417977 -0.001991690 -0.015407057 0.005400321 0.999947011 -0.008765763 -0.068923593 0.002039078 0.008754861 0.999959528 4.373959541
0.999996543 -0.001678826 -0.002024530 -0.015681839 0.001662353 0.999965787 -0.008111374 -0.069630988 0.002038078 0.008107980 0.999965012 4.406092167
0.999998212 -0.001698160 -0.000832780 -0.018545507 0.001693497 0.999983013 -0.005568380 -0.068893559 0.000842222 0.005566961 0.999984086 4.441966534
0.999997735 0.002100207 0.000239474 -0.018932823 -0.002099358 0.999991775 -0.003493778 -0.070638478 -0.000246809 0.003493269 0.999993801 4.473933697
0.999999166 0.000424159 -0.001215547 -0.017329745 -0.000426618 0.999997795 -0.002023492 -0.071310744 0.001214686 0.002024008 0.999997139 4.506886482
0.999998093 -0.001404698 -0.001347535 -0.017746629 0.001402685 0.999997854 -0.001493925 -0.071867913 0.001349630 0.001492031 0.999997914 4.541164875
0.999989450 -0.004415038 -0.001290405 -0.017863614 0.004413831 0.999989808 -0.000937672 -0.072375819 0.001294532 0.000931967 0.999998629 4.574572086
0.999977410 -0.006677605 -0.000796374 -0.018367250 0.006677025 0.999977469 -0.000727363 -0.073208079 0.000801213 0.000722029 0.999999404 4.607141972
0.999955595 -0.009325114 -0.001338959 -0.017374281 0.009324579 0.999956429 -0.000406701 -0.073468037 0.001342694 0.000394198 0.999998927 4.642425537
0.999897242 -0.014334532 -0.000008862 -0.017794337 0.014334526 0.999895811 0.001693790 -0.074075446 -0.000015418 -0.001693743 0.999998569 4.672858715
0.999860168 -0.016706377 0.000674253 -0.018333837 0.016705498 0.999859631 0.001286996 -0.074286006 -0.000695660 -0.001275552 0.999998987 4.706853390
0.999885917 -0.015104349 0.000280263 -0.017745398 0.015105069 0.999882102 -0.002773683 -0.075372875 -0.000238335 0.002777600 0.999996126 4.740106106
0.999965370 -0.008306090 0.000394191 -0.017522737 0.008308947 0.999934256 -0.007906874 -0.075855821 -0.000328490 0.007909876 0.999968648 4.773767948
0.999995947 0.001712617 0.002268934 -0.018776484 -0.001693927 0.999964774 -0.008213674 -0.076496542 -0.002282921 0.008209795 0.999963641 4.808400631
0.999953210 0.009082148 0.003338819 -0.019214574 -0.009068196 0.999950171 -0.004170360 -0.077580892 -0.003376528 0.004139887 0.999985695 4.841481686
0.999929845 0.010979175 0.004452119 -0.019395154 -0.010968443 0.999936938 -0.002427585 -0.078086272 -0.004478491 0.002378582 0.999987125 4.876071453
0.999956250 0.008699441 0.003442196 -0.018742733 -0.008692022 0.999959826 -0.002164512 -0.078438923 -0.003460888 0.002134497 0.999991715 4.909798145
0.999984205 0.005030206 0.002479563 -0.019087441 -0.005025927 0.999985814 -0.001729149 -0.079373248 -0.002488226 0.001716659 0.999995410 4.943444729
0.999991655 0.003777672 0.001551722 -0.019154131 -0.003773559 0.999989331 -0.002645784 -0.079826593 -0.001561700 0.002639906 0.999995291 4.977675438
0.999988854 0.004372441 0.001740532 -0.020165540 -0.004366913 0.999985456 -0.003167741 -0.080582112 -0.001754357 0.003160106 0.999993503 5.011755466
0.999979734 0.006249286 0.001183541 -0.019824259 -0.006245403 0.999975204 -0.003256819 -0.081060871 -0.001203865 0.003249361 0.999994040 5.047283173
0.999981344 0.006035656 0.000890662 -0.019879382 -0.006034124 0.999980330 -0.001713843 -0.081955448 -0.000900989 0.001708436 0.999998152 5.079012394
0.999987304 0.004975546 0.000842424 -0.020369135 -0.004973726 0.999985337 -0.002150763 -0.082541883 -0.000853113 0.002146546 0.999997318 5.113918304
0.999990523 0.004336830 0.000206885 -0.020220557 -0.004336162 0.999985754 -0.003123316 -0.083444357 -0.000220427 0.003122390 0.999995172 5.148591042
0.999989629 0.004540767 0.000204667 -0.020263497 -0.004540026 0.999983609 -0.003484583 -0.083897725 -0.000220487 0.003483618 0.999993920 5.181283474
0.999993682 0.003546187 -0.000336178 -0.020290522 -0.003547207 0.999989033 -0.003080601 -0.084835552 0.000325250 0.003081774 0.999995172 5.215775013
0.999992251 0.003886065 -0.000623644 -0.020393284 -0.003888431 0.999985039 -0.003838774 -0.085032091 0.000608717 0.003841169 0.999992430 5.250384331
0.999986291 0.005218189 -0.000489100 -0.021069670 -0.005220024 0.999979019 -0.003833165 -0.086004756 0.000469088 0.003835666 0.999992490 5.284569263
0.999980688 0.006166998 -0.000770172 -0.021035492 -0.006170234 0.999971867 -0.004273318 -0.086460881 0.000743797 0.004277986 0.999990582 5.318509102
0.999982417 0.005850342 -0.001030732 -0.021485712 -0.005854419 0.999974906 -0.003998256 -0.087607510 0.001007315 0.004004220 0.999991477 5.353721619
0.999975979 0.006705530 -0.001777842 -0.021647369 -0.006712983 0.999968588 -0.004219693 -0.088226520 0.001749491 0.004231527 0.999989569 5.389484882
0.999983907 0.005284549 -0.002070545 -0.021464825 -0.005293223 0.999977171 -0.004206381 -0.088878900 0.002048269 0.004217272 0.999989033 5.422777176
0.999988317 0.004223434 -0.002356397 -0.021191655 -0.004234423 0.999980152 -0.004678594 -0.089745715 0.002336590 0.004688517 0.999986291 5.458272457
0.999992490 0.003060504 -0.002400856 -0.021244254 -0.003070946 0.999985754 -0.004358006 -0.090334691 0.002387485 0.004365346 0.999987662 5.493254662
0.999997914 0.000815972 -0.001885758 -0.022101063 -0.000822800 0.999993086 -0.003622996 -0.090865567 0.001882789 0.003624540 0.999991655 5.528099060
0.999995708 0.001019399 -0.002729578 -0.021841882 -0.001028960 0.999993324 -0.003503739 -0.091500498 0.002725988 0.003506534 0.999990165 5.563650608
0.999995112 0.002063681 -0.002359829 -0.022550158 -0.002073227 0.999989688 -0.004049962 -0.092433989 0.002351447 0.004054834 0.999989033 5.598949432
0.999997854 0.000939673 -0.001842613 -0.022680629 -0.000947428 0.999990702 -0.004212104 -0.093065158 0.001838638 0.004213840 0.999989450 5.633832455
0.999995708 0.002651889 -0.001261745 -0.022921085 -0.002656686 0.999989212 -0.003814857 -0.093638800 0.001251615 0.003818192 0.999991953 5.669124126
0.999994278 0.003243022 -0.000925008 -0.022842713 -0.003244863 0.999992728 -0.001995967 -0.094191112 0.000918528 0.001998958 0.999997616 5.704363823
0.999992132 0.003951370 -0.000200696 -0.022980349 -0.003951637 0.999991357 -0.001344209 -0.095091380 0.000195382 0.001344993 0.999999046 5.739461899
0.999996305 0.002614658 0.000636347 -0.023937583 -0.002612710 0.999991953 -0.003044012 -0.095596239 -0.000644301 0.003042339 0.999995112 5.775351048
0.999995410 0.002765270 0.001214065 -0.023799744 -0.002760025 0.999986947 -0.004302045 -0.096363142 -0.001225946 0.004298674 0.999990046 5.810355186
0.999994874 0.002684217 0.001735361 -0.024169259 -0.002677406 0.999988794 -0.003914868 -0.096759908 -0.001745850 0.003910201 0.999990821 5.844861031
0.999993682 0.003330244 0.001219532 -0.024254039 -0.003326608 0.999989986 -0.002972013 -0.097615018 -0.001229418 0.002967939 0.999994814 5.880834579
0.999992549 0.003813908 0.000581610 -0.024218187 -0.003812140 0.999988139 -0.003011846 -0.098140590 -0.000593090 0.003009607 0.999995291 5.916309834
0.999990761 0.004089353 0.001303978 -0.025028162 -0.004085872 0.999988139 -0.002661290 -0.098867789 -0.001314846 0.002655938 0.999995589 5.951106071
0.999981284 0.006056026 0.000789929 -0.024656858 -0.006054215 0.999979079 -0.002273897 -0.099876419 -0.000803683 0.002269072 0.999997020 5.987061977
0.999971688 0.007471449 0.000850077 -0.024774317 -0.007468917 0.999967635 -0.002943752 -0.100305177 -0.000872044 0.002937319 0.999995291 6.022271633
0.999973655 0.007207100 0.000866133 -0.025061507 -0.007205893 0.999973059 -0.001387876 -0.101444080 -0.000876112 0.001381598 0.999998629 6.058434486
0.999981582 0.006039829 0.000594235 -0.025257446 -0.006038756 0.999980092 -0.001790540 -0.102068543 -0.000605037 0.001786918 0.999998212 6.093872070
0.999990404 0.004374160 -0.000399792 -0.024876798 -0.004374909 0.999988675 -0.001891806 -0.102299199 0.000391512 0.001893536 0.999998152 6.130241871
0.999998510 0.001709285 0.000019806 -0.024946688 -0.001709290 0.999998450 0.000177616 -0.103460856 -0.000019502 -0.000177650 1.000000000 6.165463924
0.999999762 -0.000464172 0.000401495 -0.025696458 0.000464858 0.999998450 -0.001710130 -0.103484981 -0.000400701 0.001710316 0.999998450 6.201308727
0.999997556 -0.002190286 0.000221186 -0.025988724 0.002190775 0.999995172 -0.002238875 -0.104269318 -0.000216281 0.002239353 0.999997437 6.236767292
0.999985754 -0.005164050 0.001299385 -0.026264872 0.005164766 0.999986470 -0.000547722 -0.104732461 -0.001296539 0.000554425 0.999998987 6.271522999
0.999996424 -0.002514276 0.000929986 -0.025630608 0.002513847 0.999996781 0.000462251 -0.105592184 -0.000931145 -0.000459912 0.999999404 6.306863785
0.999983191 -0.005472715 0.001925323 -0.027116247 0.005473271 0.999984980 -0.000284071 -0.106096558 -0.001923740 0.000294605 0.999998093 6.343768597
0.999992013 -0.003143021 0.002489330 -0.027706437 0.003147291 0.999993622 -0.001713393 -0.106831238 -0.002483929 0.001721214 0.999995470 6.380836964
0.999982297 -0.005757176 0.001499861 -0.027948791 0.005758458 0.999983072 -0.000851974 -0.107548334 -0.001494931 0.000860596 0.999998510 6.419623852
0.999986887 -0.003456572 0.003799920 -0.028119801 0.003462217 0.999992907 -0.001479811 -0.107983746 -0.003794778 0.001492947 0.999991715 6.452822685
0.999983668 -0.001876534 0.005395174 -0.029136367 0.001885354 0.999996841 -0.001630064 -0.108692832 -0.005392098 0.001640210 0.999984145 6.487993717
0.999984920 0.000104084 0.005481514 -0.027017590 -0.000091383 0.999997318 -0.002317122 -0.109382257 -0.005481740 0.002316586 0.999982297 6.520370007
0.999966025 0.001508410 0.008100698 -0.028605867 -0.001493363 0.999997139 -0.001863244 -0.110486180 -0.008103485 0.001851083 0.999965549 6.556081772
0.999959946 0.004149661 0.007926613 -0.028918725 -0.004121454 0.999985158 -0.003571596 -0.111255072 -0.007941316 0.003538783 0.999962211 6.594005585
0.999961197 0.001287683 0.008717168 -0.027741712 -0.001259947 0.999994159 -0.003186550 -0.111727245 -0.008721220 0.003175442 0.999956906 6.626577377
0.999949455 -0.000715097 0.010032245 -0.028041571 0.000739142 0.999996841 -0.002393304 -0.112174571 -0.010030502 0.002400598 0.999946773 6.661285877
0.999952853 -0.001665968 0.009576939 -0.025521614 0.001683667 0.999996901 -0.001840282 -0.112471581 -0.009573843 0.001856318 0.999952376 6.695239067
0.999946356 -0.001572480 0.010250068 -0.026236944 0.001588414 0.999997556 -0.001546553 -0.113594308 -0.010247612 0.001562751 0.999946296 6.730390549
0.999946952 -0.001648011 0.010167513 -0.025363110 0.001687626 0.999991000 -0.003888839 -0.114455082 -0.010161012 0.003905792 0.999940753 6.764786720
0.999938905 -0.002825201 0.010693394 -0.026246920 0.002892701 0.999975979 -0.006302066 -0.115483999 -0.010675333 0.006332614 0.999922991 6.801523685
0.999954879 -0.001344952 0.009406346 -0.025801294 0.001400635 0.999981523 -0.005915585 -0.116483554 -0.009398215 0.005928492 0.999938250 6.837160587
0.999962986 -0.002078805 0.008348350 -0.025031988 0.002133213 0.999976516 -0.006513529 -0.117266789 -0.008334614 0.006531097 0.999943912 6.872783661
0.999969780 -0.002237584 0.007443438 -0.025908329 0.002289285 0.999973238 -0.006944533 -0.118080810 -0.007427701 0.006961363 0.999948204 6.910439968
0.999971271 -0.001788406 0.007360561 -0.025611643 0.001840861 0.999972939 -0.007125904 -0.118738465 -0.007347617 0.007139250 0.999947548 6.943961620
0.999979794 -0.001634315 0.006147469 -0.025062781 0.001675617 0.999976099 -0.006719313 -0.119421959 -0.006136340 0.006729478 0.999958515 6.980386734
0.999978960 -0.004035245 0.005081813 -0.024628025 0.004068059 0.999970853 -0.006463537 -0.119769901 -0.005055582 0.006484075 0.999966264 7.014086723
0.999988496 -0.001805602 0.004441116 -0.024880417 0.001829153 0.999984205 -0.005304760 -0.121058419 -0.004431467 0.005312822 0.999975979 7.048542500
0.999992073 0.001154410 0.003831455 -0.024887159 -0.001139063 0.999991357 -0.004005433 -0.121807083 -0.003836046 0.004001037 0.999984622 7.081469536
0.999991655 -0.000156375 0.004078658 -0.024873681 0.000172304 0.999992371 -0.003905462 -0.122463733 -0.004078017 0.003906133 0.999984026 7.118052483
0.999981999 0.001801036 0.005720964 -0.025282167 -0.001776911 0.999989569 -0.004219266 -0.123467855 -0.005728503 0.004209024 0.999974668 7.156153202
0.999980509 -0.000974563 0.006168982 -0.024905756 0.001001189 0.999990106 -0.004314516 -0.123851039 -0.006164718 0.004320608 0.999971628 7.189584255
0.999972939 -0.002575788 0.006896490 -0.025490876 0.002607875 0.999985754 -0.004647609 -0.124722451 -0.006884421 0.004665468 0.999965429 7.224744797
0.999973655 -0.004335749 0.005819605 -0.024044313 0.004376962 0.999965310 -0.007087834 -0.125753075 -0.005788672 0.007113120 0.999957979 7.262032986
0.999967813 -0.004520177 0.006625619 -0.024419837 0.004572091 0.999958813 -0.007841347 -0.126538575 -0.006589902 0.007871389 0.999947309 7.297220707
0.999982178 -0.004008921 0.004426736 -0.024455596 0.004046855 0.999954939 -0.008593827 -0.127658159 -0.004392085 0.008611588 0.999953270 7.333218098
0.999994397 -0.002289247 0.002426014 -0.024784941 0.002308043 0.999967098 -0.007773405 -0.128307700 -0.002408140 0.007778961 0.999966860 7.368333340
0.999997079 -0.000907249 0.002227030 -0.024746085 0.000918980 0.999985695 -0.005272372 -0.128627881 -0.002222215 0.005274405 0.999983609 7.405673981
0.999993980 -0.002816468 0.002013597 -0.024263196 0.002820117 0.999994397 -0.001811501 -0.129711300 -0.002008484 0.001817169 0.999996305 7.442094803
0.999989629 -0.003732958 0.002605121 -0.024702450 0.003735656 0.999992549 -0.001031682 -0.130364954 -0.002601251 0.001041405 0.999996066 7.477026939
0.999985576 -0.004495386 0.002940772 -0.024573926 0.004502915 0.999986589 -0.002558915 -0.130871415 -0.002929229 0.002572121 0.999992430 7.514248371
0.999982119 -0.005180956 0.003012990 -0.024350513 0.005189967 0.999981940 -0.002990405 -0.131463453 -0.002997443 0.003005989 0.999991000 7.550978661
0.999974251 -0.006359672 0.003323633 -0.024387104 0.006365958 0.999977946 -0.001884264 -0.132563502 -0.003311577 0.001905374 0.999992728 7.586920261
0.999980032 -0.004612934 0.004318288 -0.024980959 0.004623636 0.999986231 -0.002471643 -0.133095145 -0.004306826 0.002491560 0.999987602 7.623611450
0.999981582 -0.003566819 0.004919711 -0.024931807 0.003584793 0.999986887 -0.003649543 -0.133587360 -0.004906628 0.003667112 0.999981225 7.657714844
0.999980152 -0.004156562 0.004755003 -0.024807893 0.004175345 0.999983430 -0.003947130 -0.134085774 -0.004738518 0.003966905 0.999980867 7.696514606
0.999972999 -0.003140657 0.006645869 -0.025366712 0.003156595 0.999992192 -0.002388937 -0.135270253 -0.006638315 0.002409851 0.999975026 7.732157707
0.999965787 -0.005072214 0.006527125 -0.025158178 0.005076525 0.999986947 -0.000643947 -0.136058345 -0.006523773 0.000677061 0.999978483 7.768318176
0.999965191 -0.004418341 0.007083927 -0.025630094 0.004440716 0.999985218 -0.003145949 -0.136728898 -0.007069923 0.003177297 0.999970019 7.803993225
0.999969304 -0.003868727 0.006810454 -0.024926707 0.003884290 0.999989808 -0.002273378 -0.137619704 -0.006801590 0.002299762 0.999974191 7.839039326
0.999975026 -0.002338584 0.006656079 -0.024890639 0.002366603 0.999988317 -0.004204677 -0.138318151 -0.006646169 0.004220325 0.999969006 7.874571323
0.999983728 -0.000526323 0.005683925 -0.024718523 0.000568206 0.999972820 -0.007369664 -0.139113739 -0.005679891 0.007372775 0.999956667 7.911040306
0.999986529 0.001257216 0.005048266 -0.024875473 -0.001222187 0.999975324 -0.006935813 -0.139888853 -0.005056860 0.006929550 0.999963164 7.947057724
0.999990404 0.001628430 0.004072962 -0.024704359 -0.001615896 0.999993980 -0.003079015 -0.140868068 -0.004077951 0.003072406 0.999986947 7.982072830
0.999991357 0.002688264 0.003169370 -0.025235806 -0.002688219 0.999996483 -0.000018586 -0.141810820 -0.003169409 0.000010067 0.999994993 8.017883301
0.999992669 0.003576827 0.001443921 -0.024720646 -0.003574594 0.999992430 -0.001546236 -0.142345712 -0.001449441 0.001541063 0.999997735 8.053626060
0.999996424 0.002650314 -0.000422334 -0.024587426 -0.002651560 0.999992073 -0.002977956 -0.143058389 0.000414438 0.002979065 0.999995470 8.088469505
0.999996603 0.001434434 -0.002229048 -0.024999335 -0.001437845 0.999997795 -0.001529184 -0.143819749 0.002226849 0.001532383 0.999996305 8.124437332
0.999995112 0.000083806 -0.003121366 -0.025202330 -0.000086567 0.999999523 -0.000884379 -0.144798845 0.003121290 0.000884645 0.999994755 8.160086632
0.999993086 -0.000289253 -0.003709397 -0.025253035 0.000283342 0.999998689 -0.001593904 -0.145601898 0.003709853 0.001592842 0.999991894 8.195426941
0.999990821 -0.001070556 -0.004152938 -0.025393507 0.001061699 0.999997139 -0.002134311 -0.146658346 0.004155211 0.002129882 0.999989092 8.231301308
0.999992847 -0.000437266 -0.003754247 -0.026149945 0.000426123 0.999995530 -0.002968343 -0.146700695 0.003755529 0.002966722 0.999988556 8.266000748
0.999993324 -0.001280834 -0.003426387 -0.026443567 0.001269681 0.999993920 -0.003255247 -0.147434548 0.003430535 0.003250875 0.999988794 8.301378250
0.999992609 -0.001603683 -0.003489275 -0.026867386 0.001591925 0.999993145 -0.003369999 -0.148622841 0.003494655 0.003364420 0.999988258 8.337052345
0.999991000 -0.001685435 -0.003881680 -0.026882999 0.001669328 0.999990106 -0.004149110 -0.149214968 0.003888635 0.004142593 0.999983847 8.372698784
0.999988735 -0.002249680 -0.004192651 -0.026782662 0.002235054 0.999991477 -0.003489892 -0.150223225 0.004200467 0.003480482 0.999985158 8.408284187
0.999991655 -0.001507434 -0.003808679 -0.027406100 0.001489188 0.999987364 -0.004788791 -0.150708288 0.003815851 0.004783079 0.999981284 8.443072319
0.999987781 -0.003327008 -0.003637398 -0.027772607 0.003306351 0.999978483 -0.005670383 -0.151862502 0.003656185 0.005658288 0.999977231 8.479226112
0.999983191 -0.004765464 -0.003285938 -0.028275695 0.004753357 0.999981940 -0.003682595 -0.152510285 0.003303428 0.003666914 0.999987781 8.514632225
0.999970913 -0.006405868 -0.004148430 -0.027972016 0.006393002 0.999974787 -0.003107381 -0.153204039 0.004168231 0.003080769 0.999986589 8.550334930
0.999969363 -0.006887385 -0.003721453 -0.028409235 0.006871515 0.999967337 -0.004261096 -0.153856203 0.003750681 0.004235394 0.999983966 8.585640907
0.999979019 -0.005506778 -0.003395755 -0.028539907 0.005488300 0.999970257 -0.005426927 -0.154355109 0.003425538 0.005408176 0.999979496 8.621501923
0.999991834 -0.003304328 -0.002346397 -0.029159602 0.003293165 0.999983370 -0.004745932 -0.155026764 0.002362041 0.004738166 0.999985993 8.656288147
0.999991298 -0.003408134 -0.002415562 -0.029462077 0.003400782 0.999989510 -0.003041346 -0.156105533 0.002425902 0.003033105 0.999992430 8.692100525
0.999993205 -0.003116602 -0.001979280 -0.029943254 0.003109757 0.999989152 -0.003451449 -0.156790331 0.001990015 0.003445271 0.999992073 8.727397919
0.999993205 -0.003298595 -0.001673587 -0.030037042 0.003291998 0.999986887 -0.003929374 -0.157708257 0.001686526 0.003923838 0.999990880 8.763257980
0.999990642 -0.003855239 -0.001926134 -0.029980354 0.003846852 0.999983132 -0.004339635 -0.158036947 0.001942831 0.004332186 0.999988735 8.798737526
0.999991894 -0.003541559 -0.001859707 -0.030384196 0.003532505 0.999981940 -0.004849520 -0.158732474 0.001876849 0.004842912 0.999986470 8.834719658
0.999998391 -0.001152566 -0.001345506 -0.030233677 0.001146715 0.999989927 -0.004341349 -0.159698576 0.001350496 0.004339799 0.999989688 8.870023727
0.999998808 -0.000491715 -0.001453061 -0.030663604 0.000485460 0.999990642 -0.004301907 -0.160097897 0.001455163 0.004301197 0.999989629 8.905592918
0.999999225 0.000544142 -0.001077619 -0.031067502 -0.000550062 0.999984682 -0.005501069 -0.160616040 0.001074609 0.005501658 0.999984264 8.941558838
0.999997914 0.001995425 -0.000392734 -0.031248111 -0.001997768 0.999979615 -0.006061526 -0.161469072 0.000380631 0.006062299 0.999981523 8.976837158
0.999997318 0.002283327 -0.000145688 -0.031145355 -0.002284214 0.999976814 -0.006410071 -0.162137419 0.000131049 0.006410386 0.999979436 9.011885643
0.999996066 0.002798215 0.000110686 -0.031563044 -0.002797687 0.999985874 -0.004515207 -0.163200766 -0.000123319 0.004514879 0.999989808 9.047724724
0.999986172 0.005182397 0.000911895 -0.031779874 -0.005178330 0.999976754 -0.004407234 -0.164000332 -0.000934715 0.004402451 0.999989867 9.082856178
