0.999999821 -0.000584340 -0.000222852 -0.000190409 0.000584709 0.999998450 0.001660582 -0.000516656 0.000221882 -0.001660711 0.999998569 0.034038343
0.999998093 -0.001861979 -0.000441830 -0.000368449 0.001862716 0.999996841 0.001673723 -0.001042517 0.000438712 -0.001674543 0.999998450 0.067820489
0.999994338 -0.003291668 -0.000647243 -0.000371911 0.003292060 0.999994397 0.000606473 -0.001441509 0.000645243 -0.000608600 0.999999583 0.101680875
0.999992609 -0.003820873 -0.000486545 -0.000531101 0.003821247 0.999992430 0.000770538 -0.002028147 0.000483598 -0.000772391 0.999999583 0.135563523
0.999989927 -0.004436200 -0.000651934 -0.000526943 0.004437213 0.999988914 0.001560496 -0.002470127 0.000645004 -0.001563373 0.999998569 0.169896752
0.999983251 -0.005782322 -0.000187584 -0.000808149 0.005782838 0.999979138 0.002871617 -0.003050843 0.000170976 -0.002872653 0.999995887 0.203756198
0.999987066 -0.005077898 -0.000250776 -0.000913826 0.005078678 0.999981821 0.003216628 -0.003422893 0.000234438 -0.003217859 0.999994814 0.238682657
0.999989450 -0.004516814 -0.000832707 -0.001118834 0.004517992 0.999988794 0.001417415 -0.003955655 0.000826296 -0.001421163 0.999998629 0.272615016
0.999998510 -0.001258408 -0.001186669 -0.001175971 0.001257524 0.999998987 -0.000745536 -0.004459113 0.001187606 0.000744042 0.999998987 0.307460964
0.999998689 0.001584253 -0.000387970 -0.001872944 -0.001584838 0.999997616 -0.001511839 -0.005109380 0.000385574 0.001512451 0.999998808 0.341708124
0.999989629 0.004551185 -0.000449102 -0.002094730 -0.004551839 0.999988616 -0.001465942 -0.005910473 0.000442425 0.001467971 0.999998868 0.377254903
0.999986887 0.005088748 -0.000411368 -0.002373692 -0.005089081 0.999986708 -0.000813574 -0.006247838 0.000407223 0.000815657 0.999999523 0.410944551
0.999996364 0.002550255 -0.000805284 -0.002127360 -0.002548647 0.999994755 0.001991550 -0.006822039 0.000810359 -0.001989490 0.999997735 0.446650863
0.999998748 -0.001604292 -0.000408986 -0.002282286 0.001605870 0.999991119 0.003886640 -0.007370362 0.000402747 -0.003887291 0.999992311 0.481005162
0.999991417 -0.004065494 -0.000844962 -0.002320369 0.004066818 0.999990523 0.001571062 -0.007997013 0.000838567 -0.001574485 0.999998391 0.516966403
0.999985635 -0.005321748 -0.000604217 -0.002504523 0.005321559 0.999985814 -0.000312790 -0.008422412 0.000605873 0.000309570 0.999999762 0.550883174
0.999995589 -0.002950934 -0.000064667 -0.002896507 0.002950780 0.999993205 -0.002249979 -0.008807758 0.000071306 0.002249778 0.999997437 0.586605251
0.999999702 -0.000008759 0.000737168 -0.003045843 0.000008847 1.000000000 -0.000120193 -0.009394526 -0.000737167 0.000120199 0.999999702 0.621518672
0.999999166 0.000558454 0.001127174 -0.003257898 -0.000562510 0.999993384 0.003600768 -0.010114638 -0.001125156 -0.003601399 0.999992847 0.657810926
0.999995828 -0.002157559 0.001928958 -0.003372862 0.002147139 0.999983191 0.005387831 -0.010330573 -0.001940550 -0.005383668 0.999983549 0.692395866
0.999977708 -0.006401438 0.001947925 -0.003976991 0.006395046 0.999974132 0.003269921 -0.010615112 -0.001968807 -0.003257390 0.999992728 0.727741539
0.999978602 -0.006399990 0.001288663 -0.003321649 0.006398166 0.999978542 0.001414334 -0.011315063 -0.001297687 -0.001406059 0.999998093 0.763166428
0.999978662 -0.005894573 0.002781254 -0.004194113 0.005898793 0.999981523 -0.001511488 -0.011668274 -0.002772293 0.001527862 0.999994934 0.799234629
0.999990761 -0.003141903 0.002939609 -0.003774448 0.003147481 0.999993205 -0.001894745 -0.012484984 -0.002933636 0.001903980 0.999993861 0.834438980
0.999992073 -0.002353952 0.003226710 -0.004094111 0.002366818 0.999989152 -0.003989330 -0.013145121 -0.003217285 0.003996934 0.999986827 0.870348036
0.999994397 -0.001852934 0.002805543 -0.003758916 0.001861687 0.999993384 -0.003120265 -0.014078881 -0.002799743 0.003125471 0.999991238 0.906324029
0.999994576 -0.000951409 0.003142441 -0.004113320 0.000958335 0.999997139 -0.002203417 -0.014462047 -0.003140335 0.002206417 0.999992609 0.942036152
0.999994695 -0.000088726 0.003264840 -0.004901785 0.000091868 0.999999583 -0.000962083 -0.014858774 -0.003264753 0.000962378 0.999994159 0.978329480
0.999992192 0.002515638 0.003037930 -0.004697660 -0.002515890 0.999996781 0.000079097 -0.015653277 -0.003037721 -0.000086740 0.999995410 1.013942957
0.999981821 0.005128335 0.003166815 -0.004518552 -0.005126446 0.999986649 -0.000604312 -0.016380567 -0.003169872 0.000588067 0.999994755 1.050616145
0.999961913 0.007871083 0.003778384 -0.005367963 -0.007869911 0.999969006 -0.000324614 -0.016909068 -0.003780821 0.000294866 0.999992788 1.087455750
0.999967575 0.007609535 0.002621177 -0.004516137 -0.007609707 0.999971032 0.000055336 -0.017763322 -0.002620680 -0.000075281 0.999996543 1.123585463
0.999974728 0.006788055 0.002077022 -0.004698860 -0.006787835 0.999976933 -0.000112896 -0.018238358 -0.002077741 0.000098794 0.999997854 1.160771847
0.999983668 0.005402623 0.001834395 -0.005220566 -0.005401448 0.999985278 -0.000644363 -0.018773083 -0.001837849 0.000634444 0.999998093 1.196106791
0.999986351 0.005201837 0.000427220 -0.005086967 -0.005201710 0.999986470 -0.000295844 -0.019405680 -0.000428753 0.000293618 0.999999881 1.234135032
0.999980390 0.006264803 -0.000150597 -0.005346165 -0.006264768 0.999980330 0.000235891 -0.019811537 0.000152072 -0.000234943 0.999999940 1.270131230
0.999977529 0.006533501 -0.001532880 -0.005455972 -0.006533368 0.999978721 0.000091047 -0.020230081 0.001533443 -0.000081030 0.999998808 1.306911826
0.999974966 0.006733591 -0.002178543 -0.006228886 -0.006732369 0.999977171 0.000567226 -0.021023389 0.002182312 -0.000552545 0.999997437 1.343968868
0.999977887 0.005552561 -0.003654545 -0.006161155 -0.005546896 0.999983430 0.001558610 -0.021727718 0.003663138 -0.001538304 0.999992132 1.380733132
0.999979615 0.004543494 -0.004481545 -0.006549398 -0.004531816 0.999986351 0.002612875 -0.022469057 0.004493355 -0.002592512 0.999986589 1.417529941
0.999983072 0.003352544 -0.004748740 -0.006972102 -0.003339706 0.999990761 0.002708925 -0.022935711 0.004757778 -0.002693020 0.999985039 1.455940485
0.999984801 -0.000104466 -0.005512939 -0.006842910 0.000116097 0.999997795 0.002109419 -0.023594730 0.005512707 -0.002110027 0.999982595 1.492089391
0.999981701 -0.001502886 -0.005867976 -0.007091966 0.001514282 0.999996960 0.001938095 -0.024076341 0.005865046 -0.001946945 0.999980927 1.529749393
0.999975860 -0.003499276 -0.006001691 -0.007315442 0.003515812 0.999990046 0.002746851 -0.024764707 0.005992020 -0.002767886 0.999978185 1.566707730
0.999979436 -0.004185264 -0.004858757 -0.007854672 0.004204692 0.999983191 0.003995255 -0.025318511 0.004841956 -0.004015603 0.999980152 1.600819111
0.999978662 -0.005269386 -0.003864622 -0.008498832 0.005283906 0.999979019 0.003756853 -0.026247581 0.003844745 -0.003777194 0.999985456 1.637655616
0.999976993 -0.005826117 -0.003472420 -0.008583900 0.005836747 0.999978304 0.003059024 -0.026892819 0.003454522 -0.003079221 0.999989271 1.672422647
0.999970198 -0.007106093 -0.003024729 -0.009672049 0.007111677 0.999972999 0.001839628 -0.025718296 0.003011574 -0.001861084 0.999993742 1.710709929
0.999990940 -0.003735436 -0.002027117 -0.009011252 0.003740749 0.999989569 0.002623476 -0.027365271 0.002017296 -0.002631036 0.999994516 1.741330624
0.999997675 -0.001946118 -0.000896803 -0.012467028 0.001948295 0.999995172 0.002434515 -0.026463827 0.000892060 -0.002436257 0.999996662 1.782699585
0.999999642 -0.000073376 -0.000810717 -0.010688718 0.000077036 0.999989927 0.004516540 -0.027627688 0.000810377 -0.004516601 0.999989390 1.818917871
0.999986112 0.005222106 -0.000721556 -0.009848039 -0.005218774 0.999976158 0.004546584 -0.028235974 0.000745281 -0.004542754 0.999989390 1.854783654
0.999946892 0.010272058 0.000803972 -0.010798611 -0.010275527 0.999937356 0.004437259 -0.028485846 -0.000758343 -0.004445284 0.999989867 1.888818145
0.999898612 0.014133696 0.001752873 -0.011754025 -0.014141227 0.999890506 0.004361548 -0.029724848 -0.001691036 -0.004385894 0.999988973 1.924603820
0.999902785 0.013823823 0.001775599 -0.011920281 -0.013830756 0.999896467 0.003952294 -0.029823508 -0.001720780 -0.003976467 0.999990642 1.965804219
0.999896646 0.014275454 0.001674023 -0.011165559 -0.014282929 0.999887645 0.004541358 -0.030887399 -0.001609005 -0.004564798 0.999988317 2.000591040
0.999911129 0.013215481 0.001694096 -0.011379796 -0.013222178 0.999904513 0.004004883 -0.031160679 -0.001641008 -0.004026927 0.999990582 2.038019657
0.999927223 0.011894068 0.001995152 -0.012266729 -0.011899313 0.999925733 0.002637667 -0.031259906 -0.001963632 -0.002661216 0.999994457 2.074413776
0.999934077 0.011355056 0.001700826 -0.012428848 -0.011358535 0.999933422 0.002048934 -0.031674758 -0.001677447 -0.002068119 0.999996424 2.111061573
0.999937892 0.011081832 0.001152792 -0.012247576 -0.011085304 0.999933898 0.003049485 -0.032597374 -0.001118922 -0.003062075 0.999994695 2.146406889
0.999941289 0.010824704 0.000505776 -0.012415471 -0.010825844 0.999938726 0.002308469 -0.033077620 -0.000480757 -0.002313809 0.999997199 2.182042360
0.999937832 0.011144218 -0.000414393 -0.012471914 -0.011142969 0.999933660 0.002906211 -0.033691306 0.000446753 -0.002901413 0.999995708 2.218664408
0.999948561 0.009950018 -0.001998269 -0.012286730 -0.009942916 0.999944329 0.003532243 -0.033938818 0.002033304 -0.003512193 0.999991775 2.253538370
0.999958217 0.008846964 -0.002292673 -0.013236960 -0.008836930 0.999951422 0.004350769 -0.034610227 0.002331053 -0.004330328 0.999987900 2.290472507
0.999975801 0.006203278 -0.003152997 -0.013693720 -0.006188383 0.999969721 0.004711613 -0.035017628 0.003182129 -0.004691987 0.999983966 2.325633287
0.999980807 0.004276574 -0.004466155 -0.013638578 -0.004253546 0.999977648 0.005152851 -0.035775498 0.004488091 -0.005133756 0.999976754 2.361467361
0.999984086 0.002491061 -0.005050085 -0.013702624 -0.002466723 0.999985278 0.004819785 -0.036555469 0.005062017 -0.004807252 0.999975622 2.396826267
0.999983668 0.001168220 -0.005597085 -0.014129271 -0.001143064 0.999989212 0.004495559 -0.036896851 0.005602278 -0.004489088 0.999974251 2.432571888
0.999985635 0.001421224 -0.005170190 -0.014902182 -0.001397448 0.999988437 0.004599154 -0.037694436 0.005176666 -0.004591863 0.999976099 2.466968536
0.999984503 0.001406585 -0.005381985 -0.015027047 -0.001389379 0.999993920 0.003199358 -0.037847716 0.005386452 -0.003191831 0.999980390 2.502229691
0.999985576 0.002957848 -0.004476563 -0.015995385 -0.002947379 0.999992907 0.002343555 -0.038327258 0.004483463 -0.002330327 0.999987245 2.536844969
0.999981523 0.003597568 -0.004902066 -0.015813403 -0.003584568 0.999990046 0.002658262 -0.038867533 0.004911581 -0.002640641 0.999984443 2.571326971
0.999980748 0.003470989 -0.005139295 -0.015774429 -0.003447530 0.999983609 0.004566531 -0.039441057 0.005155061 -0.004548726 0.999976337 2.605445147
0.999975324 0.005446336 -0.004443216 -0.016857674 -0.005421262 0.999969423 0.005636044 -0.040110733 0.004473776 -0.005611818 0.999974251 2.641057491
0.999978483 0.005139179 -0.004083664 -0.017412005 -0.005123654 0.999979675 0.003803159 -0.040456362 0.004103126 -0.003782155 0.999984443 2.674426556
0.999980092 0.004581823 -0.004334958 -0.017334908 -0.004574655 0.999988139 0.001662165 -0.040967070 0.004342522 -0.001642301 0.999989212 2.710041285
0.999985874 0.003344276 -0.004132183 -0.018029138 -0.003340109 0.999993861 0.001015119 -0.041842684 0.004135552 -0.001001303 0.999991000 2.743395329
0.999989092 0.001682834 -0.004362204 -0.018066190 -0.001674946 0.999996901 0.001811251 -0.042238131 0.004365239 -0.001803925 0.999988854 2.778347015
0.999992967 -0.001063622 -0.003608946 -0.018258641 0.001079454 0.999989748 0.004387964 -0.042944729 0.003604242 -0.004391829 0.999983907 2.812094688
0.999994338 -0.001744564 -0.002850583 -0.018466771 0.001757065 0.999988794 0.004388986 -0.043256234 0.002842894 -0.004393970 0.999986291 2.846103191
0.999993801 -0.002689662 -0.002232634 -0.018608529 0.002695612 0.999992847 0.002666254 -0.043629140 0.002225447 -0.002672256 0.999993920 2.880314827
0.999998808 -0.000224392 -0.001517651 -0.018767066 0.000224907 0.999999940 0.000338553 -0.044162765 0.001517575 -0.000338894 0.999998808 2.914400339
0.999996722 0.002549318 0.000275079 -0.019330094 -0.002548620 0.999993563 -0.002510777 -0.044540010 -0.000281478 0.002510067 0.999996841 2.946888447
0.999985874 0.005212041 0.000958837 -0.019244274 -0.005210352 0.999984860 -0.001755230 -0.045287702 -0.000967971 0.001750209 0.999997973 2.982309103
0.999971151 0.006907879 0.003130041 -0.019930545 -0.006907996 0.999976218 0.000026441 -0.045950890 -0.003129784 -0.000048063 0.999995112 3.016323328
0.999966800 0.006948244 0.004254098 -0.020129735 -0.006958431 0.999972939 0.002384325 -0.046543915 -0.004237416 -0.002413847 0.999988079 3.050351620
0.999974072 0.005977397 0.004010937 -0.019546783 -0.005988167 0.999978423 0.002678541 -0.046850175 -0.003994839 -0.002702489 0.999988377 3.084988832
0.999971926 0.005433983 0.005160553 -0.019688735 -0.005445562 0.999982655 0.002232219 -0.047375277 -0.005148334 -0.002260259 0.999984205 3.119027138
0.999949157 0.007446925 0.006796799 -0.020167148 -0.007461456 0.999969900 0.002115172 -0.047872242 -0.006780842 -0.002165778 0.999974668 3.153223753
0.999919116 0.010233330 0.007553644 -0.019719005 -0.010242673 0.999946833 0.001199215 -0.048348937 -0.007540971 -0.001276488 0.999970734 3.187058449
0.999892235 0.011486994 0.009137140 -0.019822178 -0.011484822 0.999934018 -0.000290071 -0.048742790 -0.009139869 0.000185102 0.999958158 3.221037149
0.999879301 0.011814375 0.010094391 -0.019123461 -0.011810395 0.999930203 -0.000453954 -0.049459044 -0.010099050 0.000334680 0.999948919 3.253856897
0.999867737 0.011982276 0.010998189 -0.019627381 -0.011973766 0.999927938 -0.000839284 -0.050214007 -0.011007454 0.000707484 0.999939084 3.288720369
0.999856591 0.012022805 0.011923473 -0.019255124 -0.012025189 0.999927700 0.000128336 -0.050817691 -0.011921070 -0.000271699 0.999928832 3.322732210
0.999847353 0.011561591 0.013095559 -0.019110799 -0.011571045 0.999932766 0.000646554 -0.051619478 -0.013087204 -0.000797984 0.999913990 3.355914354
0.999880433 0.009095581 0.012505475 -0.018585905 -0.009118390 0.999956846 0.001768294 -0.052206270 -0.012488853 -0.001882112 0.999920249 3.391640902
0.999895632 0.006854902 0.012714799 -0.018241286 -0.006881929 0.999974191 0.002083129 -0.052865736 -0.012700189 -0.002170414 0.999917030 3.426327229
0.999906003 0.005684926 0.012476425 -0.018263031 -0.005717514 0.999980271 0.002577973 -0.053154662 -0.012461524 -0.002649064 0.999918878 3.461300611
0.999918103 0.004664637 0.011913781 -0.017844621 -0.004689584 0.999986887 0.002066910 -0.053765036 -0.011903983 -0.002122611 0.999926805 3.493880749
0.999936283 0.003258281 0.010805730 -0.017929439 -0.003279869 0.999992669 0.001980727 -0.054211110 -0.010799195 -0.002016043 0.999939561 3.527022123
0.999949574 0.002415029 0.009745927 -0.017224874 -0.002440305 0.999993682 0.002582490 -0.054752219 -0.009739628 -0.002606142 0.999949098 3.561358690
0.999962032 0.000079712 0.008712070 -0.017269764 -0.000107239 0.999994993 0.003159164 -0.055533629 -0.008711777 -0.003159979 0.999957025 3.596483946
0.999970853 0.000161656 0.007633456 -0.017400375 -0.000189200 0.999993443 0.003607825 -0.056285262 -0.007632822 -0.003609164 0.999964356 3.630127668
0.999985337 -0.000992125 0.005316862 -0.016332729 0.000977266 0.999995649 0.002796468 -0.056688294 -0.005319613 -0.002791231 0.999981940 3.665069103
0.999986291 -0.000366959 0.005214171 -0.016954077 0.000354493 0.999997020 0.002391587 -0.057071786 -0.005215034 -0.002389707 0.999983549 3.698751926
0.999985337 -0.002778123 0.004654119 -0.017111111 0.002779797 0.999996066 -0.000353462 -0.057301439 -0.004653119 0.000366394 0.999989092 3.732992649
0.999966562 -0.007675880 0.002817660 -0.016453829 0.007678235 0.999970138 -0.000825909 -0.058074515 -0.002811236 0.000847516 0.999995708 3.767176867
0.999865353 -0.016298968 0.001860242 -0.016538564 0.016295059 0.999865055 0.002097376 -0.058976784 -0.001894176 -0.002066781 0.999996066 3.801199198
0.999747097 -0.022481324 0.000626564 -0.016449690 0.022479121 0.999741852 0.003329645 -0.059449524 -0.000701257 -0.003314719 0.999994218 3.835635900
0.999659717 -0.026078658 -0.000597948 -0.016303187 0.026078692 0.999660015 0.000045812 -0.059911784 0.000596550 -0.000061391 0.999999821 3.869016647
0.999669731 -0.025694011 -0.000448304 -0.016258968 0.025692513 0.999665082 -0.003077734 -0.060571197 0.000527233 0.003065200 0.999995172 3.904615164
0.999756098 -0.022077328 0.000600085 -0.016471047 0.022080204 0.999742150 -0.005307483 -0.061294951 -0.000482756 0.005319438 0.999985814 3.939309359
0.999776006 -0.021135395 0.001114032 -0.016348463 0.021141337 0.999760628 -0.005623225 -0.061995838 -0.000994916 0.005645518 0.999983549 3.973195314
0.999668717 -0.025652148 0.002105288 -0.016837921 0.025655739 0.999669373 -0.001695276 -0.062786944 -0.002061104 0.001748727 0.999996364 4.007643223
0.999568939 -0.029266946 0.002311245 -0.016531453 0.029265780 0.999571383 0.000537573 -0.063069709 -0.002325988 -0.000469701 0.999997199 4.042633533
0.999444127 -0.033268154 0.002161530 -0.016416479 0.033264600 0.999445140 0.001660713 -0.063572183 -0.002215580 -0.001587887 0.999996305 4.077072620
0.999358952 -0.035711989 0.002527734 -0.016372129 0.035707071 0.999360323 0.001966509 -0.064362511 -0.002596345 -0.001874991 0.999994814 4.111624718
0.999421716 -0.033832394 0.003439159 -0.016538113 0.033823989 0.999424756 0.002474545 -0.064844459 -0.003520900 -0.002356787 0.999991059 4.146695614
0.999535382 -0.030086186 0.004885633 -0.016924089 0.030076934 0.999545693 0.001956904 -0.065628849 -0.004942289 -0.001809050 0.999986112 4.181135654
0.999642909 -0.026043439 0.005977234 -0.016901754 0.026042394 0.999660790 0.000252495 -0.066363737 -0.005981782 -0.000096744 0.999982178 4.215045929
0.999711335 -0.023266308 0.005998677 -0.016769204 0.023270849 0.999728978 -0.000688822 -0.066820368 -0.005981023 0.000828218 0.999981761 4.250081539
0.999759972 -0.021100465 0.005905367 -0.016205408 0.021102056 0.999777436 -0.000207342 -0.067072369 -0.005899677 0.000331907 0.999982595 4.286099911
0.999795794 -0.019426361 0.005579363 -0.016310712 0.019427234 0.999811292 -0.000102201 -0.067821942 -0.005576324 0.000210572 0.999984443 4.320521355
0.999826789 -0.017715974 0.005691227 -0.016916350 0.017729588 0.999840081 -0.002350993 -0.068968065 -0.005648666 0.002451488 0.999981046 4.354579449
0.999896228 -0.013302271 0.005528548 -0.017091321 0.013329940 0.999898732 -0.004998493 -0.069782056 -0.005461495 0.005071669 0.999972224 4.388642311
0.999955416 -0.007377021 0.005889333 -0.017934144 0.007414640 0.999952137 -0.006391793 -0.070739396 -0.005841899 0.006435175 0.999962270 4.423026562
0.999976158 -0.004262413 0.005433835 -0.017328106 0.004290775 0.999977112 -0.005218489 -0.071208380 -0.005411468 0.005241680 0.999971628 4.459225178
0.999978065 0.000003643 0.006631967 -0.018070063 0.000024684 0.999990761 -0.004271352 -0.071474895 -0.006631922 0.004271422 0.999968946 4.495270252
0.999975145 0.001454098 0.006894378 -0.017917207 -0.001438923 0.999996543 -0.002205484 -0.072287798 -0.006897561 0.002195508 0.999973834 4.529958725
0.999978185 -0.004090004 0.005173458 -0.017286839 0.004090582 0.999991655 -0.000101525 -0.072931409 -0.005172998 0.000122685 0.999986589 4.564613819
0.999960363 -0.008232103 0.003372934 -0.016858561 0.008229538 0.999965847 0.000773462 -0.073614746 -0.003379185 -0.000745674 0.999993980 4.599714756
0.999970019 -0.007669087 0.001059205 -0.017112676 0.007673550 0.999961495 -0.004275633 -0.074184842 -0.001026374 0.004283632 0.999990225 4.636248112
0.999986112 -0.005245786 -0.000674840 -0.016802464 0.005239923 0.999950826 -0.008415844 -0.074806213 0.000718955 0.008412192 0.999964356 4.671150684
0.999996960 -0.001279577 -0.002122876 -0.016720675 0.001261403 0.999962807 -0.008540360 -0.076169744 0.002133724 0.008537656 0.999961317 4.707544327
0.999992847 0.003276347 -0.001867358 -0.017895153 -0.003291437 0.999961495 -0.008135717 -0.076738223 0.001840630 0.008141806 0.999965191 4.744217396
0.999985456 0.005331728 -0.000775631 -0.018392192 -0.005335507 0.999973476 -0.004955780 -0.077169783 0.000749187 0.004959847 0.999987364 4.778139591
0.999982595 0.005811635 -0.000987480 -0.018168427 -0.005814233 0.999979615 -0.002649893 -0.078271791 0.000972059 0.002655588 0.999996006 4.813966274
0.999988973 0.004570726 -0.001048526 -0.018736705 -0.004572138 0.999988675 -0.001348738 -0.079365969 0.001042349 0.001353517 0.999998510 4.850346088
0.999987364 0.004987113 -0.000497731 -0.019435320 -0.004988208 0.999985099 -0.002223748 -0.079421133 0.000486633 0.002226204 0.999997437 4.888111115
0.999998868 0.001514974 -0.000168145 -0.019465664 -0.001515189 0.999998033 -0.001287143 -0.079785563 0.000166195 0.001287396 0.999999166 4.923611164
0.999999940 -0.000261506 0.000267254 -0.019567082 0.000261830 0.999999285 -0.001212944 -0.080350295 -0.000266936 0.001213014 0.999999225 4.959817410
0.999988377 -0.004822889 -0.000111366 -0.019154401 0.004822925 0.999988317 0.000330699 -0.081174374 0.000109770 -0.000331233 0.999999940 4.996545792
0.999962687 -0.008604497 0.000763190 -0.019762518 0.008603133 0.999961436 0.001771794 -0.081918657 -0.000778406 -0.001765162 0.999998152 5.033843994
0.999943435 -0.010566980 0.001207811 -0.019348968 0.010565581 0.999943435 0.001159669 -0.082104586 -0.001219997 -0.001146842 0.999998510 5.068492889
0.999961853 -0.008594692 0.001571953 -0.020061521 0.008599308 0.999958634 -0.002953357 -0.082711771 -0.001546505 0.002966762 0.999994397 5.104540348
0.999996960 -0.001985538 0.001467387 -0.020132395 0.001997319 0.999965429 -0.008071130 -0.083469555 -0.001451310 0.008074038 0.999966323 5.141380310
0.999969602 0.007328678 0.002660918 -0.019868182 -0.007306396 0.999938965 -0.008288936 -0.084169060 -0.002721503 0.008269244 0.999962032 5.178454399
0.999887288 0.014480572 0.003968135 -0.020361045 -0.014463815 0.999886453 -0.004220287 -0.084976204 -0.004028797 0.004162418 0.999983132 5.215738773
0.999876082 0.015244395 0.003917887 -0.020041805 -0.015236348 0.999881744 -0.002075323 -0.085712999 -0.003949061 0.002015372 0.999990106 5.253356934
0.999869883 0.015380369 0.004853749 -0.020810666 -0.015369666 0.999879301 -0.002235299 -0.086206742 -0.004887543 0.002160408 0.999985695 5.289261341
0.999926865 0.011456478 0.003861301 -0.021096319 -0.011448928 0.999932468 -0.001971426 -0.087059788 -0.003883626 0.001927075 0.999990582 5.327020168
0.999942005 0.010459012 0.002582236 -0.020557771 -0.010451267 0.999940872 -0.002995937 -0.087708347 -0.002613418 0.002968775 0.999992132 5.365200043
0.999946177 0.010201294 0.001876535 -0.020625517 -0.010194800 0.999942124 -0.003437982 -0.088220119 -0.001911498 0.003418665 0.999992311 5.401399136
0.999933481 0.011387748 0.001820254 -0.020893544 -0.011381999 0.999930322 -0.003137702 -0.088841811 -0.001855859 0.003116775 0.999993384 5.439476490
0.999916732 0.012794672 0.001663840 -0.021045160 -0.012790323 0.999914825 -0.002598529 -0.089391604 -0.001696946 0.002577031 0.999995232 5.477141380
0.999929547 0.011781873 0.001426574 -0.021196764 -0.011777739 0.999926448 -0.002874050 -0.090180442 -0.001460331 0.002857045 0.999994874 5.513630867
0.999930680 0.011741031 0.000786343 -0.021404045 -0.011737875 0.999923468 -0.003904168 -0.090997227 -0.000832122 0.003894668 0.999992073 5.551815033
0.999929368 0.011853768 0.000772866 -0.021776462 -0.011850357 0.999920607 -0.004279304 -0.091877855 -0.000823530 0.004269844 0.999990582 5.588622093
0.999931335 0.011711588 0.000187500 -0.021529084 -0.011710645 0.999921679 -0.004419042 -0.092365369 -0.000239239 0.004416543 0.999990225 5.627228260
0.999927163 0.012066906 -0.000171369 -0.021710608 -0.012067591 0.999915600 -0.004819863 -0.092893653 0.000113194 0.004821580 0.999988317 5.664668083
0.999922812 0.012419608 0.000152819 -0.022784214 -0.012418765 0.999912083 -0.004645457 -0.094160527 -0.000210501 0.004643201 0.999989152 5.703071594
0.999916375 0.012908019 -0.000742595 -0.022320241 -0.012912145 0.999899507 -0.005848827 -0.094270691 0.000667023 0.005857927 0.999982595 5.741879940
0.999924242 0.012234773 -0.001370103 -0.022266656 -0.012242437 0.999908626 -0.005732892 -0.095242649 0.001299837 0.005749230 0.999982655 5.780334949
0.999918580 0.012590162 -0.002078133 -0.022581363 -0.012600908 0.999906838 -0.005242674 -0.096342489 0.002011933 0.005268433 0.999984086 5.818423748
0.999939799 0.010823561 -0.001800417 -0.022953004 -0.010833743 0.999924779 -0.005744391 -0.096816853 0.001738107 0.005763550 0.999981880 5.856762409
0.999955356 0.009181264 -0.002225616 -0.022982325 -0.009195115 0.999937892 -0.006294942 -0.097542986 0.002167682 0.006315127 0.999977708 5.895743847
0.999965072 0.008066196 -0.002197245 -0.023116108 -0.008078333 0.999951780 -0.005571602 -0.098567411 0.002152198 0.005589157 0.999982059 5.934324741
0.999969959 0.007591529 -0.001560591 -0.023357976 -0.007599483 0.999957800 -0.005155886 -0.099355914 0.001521384 0.005167591 0.999985516 5.972298622
0.999975443 0.006597478 -0.002378004 -0.023139887 -0.006608756 0.999966800 -0.004766447 -0.100351781 0.002346478 0.004782046 0.999985814 6.011528492
0.999969006 0.007788556 -0.001132774 -0.024299838 -0.007794400 0.999955773 -0.005248914 -0.101061806 0.001091843 0.005257580 0.999985576 6.049493790
0.999969184 0.007781926 -0.001041154 -0.024616480 -0.007787880 0.999952555 -0.005842662 -0.101743676 0.000995638 0.005850591 0.999982357 6.088971615
0.999963462 0.008519601 -0.000679505 -0.024665248 -0.008523061 0.999949753 -0.005261390 -0.102323279 0.000634646 0.005266990 0.999985993 6.126150131
0.999947906 0.010192926 -0.000534470 -0.024227936 -0.010194591 0.999943018 -0.003213683 -0.103451885 0.000501683 0.003218965 0.999994695 6.165636063
0.999952078 0.009787491 0.000199486 -0.024499144 -0.009786846 0.999947608 -0.003011438 -0.104134172 -0.000228950 0.003009342 0.999995410 6.204912663
0.999945283 0.010460932 0.000208503 -0.024399389 -0.010459862 0.999934733 -0.004595493 -0.104933806 -0.000256563 0.004593062 0.999989390 6.244168282
0.999943078 0.010667449 0.000418735 -0.024513684 -0.010664636 0.999923885 -0.006222446 -0.105750881 -0.000485080 0.006217625 0.999980569 6.283595085
0.999934554 0.011445316 0.000181588 -0.024531879 -0.011444089 0.999918163 -0.005722660 -0.106422216 -0.000247071 0.005720207 0.999983609 6.323187828
0.999940515 0.010894545 0.000496263 -0.024694253 -0.010892512 0.999932945 -0.003927059 -0.107771590 -0.000539013 0.003921419 0.999992192 6.361316204
0.999937713 0.011144216 0.000517969 -0.025116056 -0.011142572 0.999933124 -0.003072164 -0.108964965 -0.000552171 0.003066201 0.999995172 6.400870800
0.999934971 0.011398219 0.000024443 -0.025259748 -0.011398076 0.999929726 -0.003290418 -0.109709300 -0.000061946 0.003289926 0.999994516 6.440386295
0.999918222 0.012762760 -0.000700430 -0.025035506 -0.012765482 0.999910414 -0.004030278 -0.109936804 0.000648930 0.004038890 0.999991596 6.480284691
0.999904990 0.013786986 0.000146075 -0.025754146 -0.013786345 0.999897897 -0.003737724 -0.110844724 -0.000197592 0.003735355 0.999992967 6.519523621
0.999903917 0.013836994 0.000829251 -0.026304588 -0.013834842 0.999901056 -0.002545486 -0.112080008 -0.000864391 0.002533769 0.999996424 6.557603836
0.999913752 0.013015537 0.001740949 -0.027113505 -0.013009790 0.999909997 -0.003271989 -0.112535335 -0.001783380 0.003249058 0.999993145 6.597524643
0.999945939 0.010341690 0.001091473 -0.026795421 -0.010339300 0.999944210 -0.002172792 -0.113299377 -0.001113883 0.002161389 0.999997020 6.637309551
0.999964118 0.008454177 0.000374784 -0.026399799 -0.008453601 0.999963164 -0.001511902 -0.114029266 -0.000387552 0.001508679 0.999998748 6.677346230
0.999974728 0.007060553 0.000864160 -0.026654778 -0.007058273 0.999971747 -0.002613361 -0.114731520 -0.000882588 0.002607195 0.999996126 6.716659069
0.999983430 0.005735312 0.000388919 -0.027193464 -0.005734061 0.999978602 -0.003143723 -0.115427501 -0.000406941 0.003141440 0.999994934 6.756255627
0.999991715 0.003726097 0.001668981 -0.027261861 -0.003725113 0.999992907 -0.000592417 -0.116509728 -0.001671176 0.000586196 0.999998391 6.795465946
0.999996126 0.002350083 0.001500163 -0.027591750 -0.002349763 0.999997199 -0.000214895 -0.116685614 -0.001500664 0.000211369 0.999998868 6.835559368
0.999997735 0.001192365 0.001773651 -0.027875271 -0.001190877 0.999998927 -0.000840213 -0.117290936 -0.001774651 0.000838099 0.999998152 6.875653267
0.999993026 0.002311190 0.002933399 -0.028847575 -0.002305503 0.999995470 -0.001940504 -0.118215770 -0.002937871 0.001933727 0.999993801 6.915399075
0.999997079 0.000840729 0.002269306 -0.027924091 -0.000836282 0.999997675 -0.001959516 -0.118894361 -0.002270948 0.001957613 0.999995530 6.954652786
0.999987602 0.003656626 0.003378103 -0.028260615 -0.003642694 0.999984860 -0.004121360 -0.118933290 -0.003393122 0.004109005 0.999985874 6.996817112
0.999976873 0.004827129 0.004789900 -0.028610080 -0.004817184 0.999986231 -0.002085700 -0.120490707 -0.004799902 0.002062578 0.999986351 7.033751488
0.999974012 0.005296910 0.004884498 -0.028405212 -0.005286548 0.999983788 -0.002131960 -0.121265545 -0.004895712 0.002106082 0.999985754 7.073741913
0.999943614 0.007573602 0.007441094 -0.028864391 -0.007550614 0.999966681 -0.003112649 -0.122082293 -0.007464420 0.003056289 0.999967456 7.112929344
0.999924719 0.009403334 0.007885886 -0.028749112 -0.009372583 0.999948382 -0.003927646 -0.122719616 -0.007922412 0.003853439 0.999961197 7.150979996
0.999920011 0.009317446 0.008556910 -0.028680645 -0.009286846 0.999950349 -0.003608883 -0.124657504 -0.008590112 0.003529127 0.999956846 7.191474915
0.999914944 0.008598622 0.009798769 -0.028370947 -0.008562461 0.999956369 -0.003726417 -0.124743462 -0.009830384 0.003642200 0.999944985 7.230370522
0.999923885 0.007264247 0.009965369 -0.027800821 -0.007243014 0.999971449 -0.002165193 -0.125583619 -0.009980814 0.002092849 0.999947965 7.270346165
0.999927044 0.006460797 0.010204559 -0.027942307 -0.006435461 0.999976099 -0.002513708 -0.126448706 -0.010220557 0.002447853 0.999944746 7.312214851
0.999912977 0.007128680 0.011096951 -0.027905993 -0.007072504 0.999962032 -0.005093231 -0.127042010 -0.011132835 0.005014304 0.999925375 7.350294590
0.999930501 0.005480752 0.010439497 -0.027347520 -0.005411030 0.999963045 -0.006695198 -0.128428385 -0.010475804 0.006638246 0.999923050 7.392007351
0.999931872 0.006131446 0.009929573 -0.027434789 -0.006066977 0.999960363 -0.006509846 -0.129256248 -0.009969096 0.006449160 0.999929488 7.430198193
0.999948084 0.004001824 0.009376296 -0.027353562 -0.003936173 0.999967635 -0.007009823 -0.129952759 -0.009404046 0.006972551 0.999931514 7.471580029
0.999955237 0.004064112 0.008543696 -0.027140759 -0.004001979 0.999965489 -0.007276882 -0.131153524 -0.008572972 0.007242366 0.999936938 7.510127544
0.999962151 0.004225561 0.007606021 -0.027194530 -0.004170146 0.999964714 -0.007286839 -0.132034779 -0.007636543 0.007254845 0.999944448 7.551656723
0.999959409 0.005414624 0.007194586 -0.027117439 -0.005363007 0.999959886 -0.007174356 -0.132842928 -0.007233146 0.007135480 0.999948323 7.591392517
0.999955356 0.006206786 0.007120184 -0.027506061 -0.006155460 0.999955118 -0.007207840 -0.133881092 -0.007164602 0.007163691 0.999948680 7.631981373
0.999977469 0.004558614 0.004914413 -0.026667148 -0.004531430 0.999974430 -0.005528238 -0.134826213 -0.004939488 0.005505845 0.999972641 7.672847748
0.999965787 0.006733723 0.004802621 -0.026609357 -0.006711316 0.999966562 -0.004666443 -0.135057285 -0.004833883 0.004634051 0.999977589 7.712820053
0.999964952 0.006332896 0.005461279 -0.027004685 -0.006308922 0.999970436 -0.004395736 -0.136373207 -0.005488956 0.004361128 0.999975383 7.753303528
0.999956131 0.006881812 0.006358188 -0.026680145 -0.006853992 0.999966919 -0.004386995 -0.137142986 -0.006388169 0.004343223 0.999970138 7.793298721
0.999959767 0.005569461 0.007032555 -0.027143747 -0.005535996 0.999973238 -0.004769255 -0.137999579 -0.007058930 0.004730130 0.999963880 7.834311962
0.999966502 0.003973757 0.007152795 -0.026751313 -0.003932721 0.999975681 -0.005742152 -0.138455361 -0.007175439 0.005713830 0.999957919 7.875370979
0.999967813 0.002196291 0.007713321 -0.026912432 -0.002136026 0.999967217 -0.007812683 -0.139671803 -0.007730227 0.007795957 0.999939680 7.915915012
0.999965549 0.001313413 0.008188285 -0.027205691 -0.001240536 0.999959648 -0.008898903 -0.140582889 -0.008199642 0.008888439 0.999926805 7.957701206
0.999979854 0.002767936 0.005701738 -0.026991501 -0.002712394 0.999948978 -0.009726081 -0.141761780 -0.005728368 0.009710421 0.999936402 7.998831749
0.999987841 0.003674414 0.003281113 -0.026982443 -0.003644101 0.999951065 -0.009197068 -0.142685443 -0.003314745 0.009185001 0.999952316 8.039979935
0.999985397 0.004466013 0.003041990 -0.026753848 -0.004448069 0.999972820 -0.005880128 -0.143570781 -0.003068168 0.005866512 0.999978065 8.082046509
0.999982953 0.004101140 0.004145203 -0.027096119 -0.004089961 0.999987960 -0.002701812 -0.144407153 -0.004156234 0.002684813 0.999987721 8.123380661
0.999989092 0.002326505 0.004055244 -0.026945595 -0.002318901 0.999995530 -0.001878725 -0.145295620 -0.004059596 0.001869300 0.999989927 8.165557861
0.999992073 0.000357289 0.003969786 -0.026545450 -0.000343811 0.999994159 -0.003395256 -0.145708591 -0.003970976 0.003393863 0.999986291 8.206990242
0.999988317 0.000841334 0.004759778 -0.026801080 -0.000823637 0.999992728 -0.003718618 -0.146548763 -0.004762872 0.003714654 0.999981761 8.248938560
0.999986112 0.001643082 0.005010428 -0.026879594 -0.001625314 0.999992371 -0.003548191 -0.147634447 -0.005016220 0.003539999 0.999981165 8.290386200
0.999981999 0.001199277 0.005869731 -0.027217418 -0.001177507 0.999992430 -0.003710981 -0.148109287 -0.005874137 0.003704003 0.999975860 8.332505226
0.999976933 0.003395877 0.005874406 -0.026713256 -0.003367023 0.999982238 -0.004914869 -0.148991168 -0.005890991 0.004894976 0.999970675 8.374667168
0.999966800 0.003918527 0.007140944 -0.027180906 -0.003881701 0.999979079 -0.005163744 -0.150111899 -0.007161026 0.005135853 0.999961138 8.416278839
0.999962926 0.002914222 0.008107733 -0.027281150 -0.002887153 0.999990284 -0.003348381 -0.151070133 -0.008117410 0.003324849 0.999961495 8.457746506
0.999967575 0.001901947 0.007818667 -0.026781045 -0.001882554 0.999995112 -0.002487011 -0.151946127 -0.007823360 0.002472211 0.999966264 8.500410080
0.999965966 0.000760828 0.008213261 -0.026778303 -0.000729952 0.999992669 -0.003761570 -0.152872548 -0.008216064 0.003755446 0.999959171 8.541257858
0.999968827 0.001682829 0.007726853 -0.026472621 -0.001656122 0.999992609 -0.003461511 -0.153846294 -0.007732622 0.003448606 0.999964178 8.582962036
0.999959707 0.003783533 0.008133197 -0.026793286 -0.003734098 0.999974549 -0.006084788 -0.154373989 -0.008156011 0.006054173 0.999948442 8.624240875
0.999961734 0.005454428 0.006837785 -0.026172403 -0.005397378 0.999950707 -0.008334477 -0.155869529 -0.006882908 0.008297252 0.999941826 8.666405678
0.999965250 0.005966386 0.005828183 -0.025887486 -0.005924258 0.999956369 -0.007218956 -0.156942248 -0.005871000 0.007184176 0.999956965 8.707630157
0.999963403 0.006950587 0.004983246 -0.026006188 -0.006929806 0.999967396 -0.004174787 -0.157891512 -0.005012100 0.004140101 0.999978840 8.749072075
0.999963403 0.007644429 0.003839892 -0.025852788 -0.007640296 0.999970257 -0.001090193 -0.158895105 -0.003848111 0.001060815 0.999992073 8.790036201
0.999956667 0.008956520 0.002538733 -0.026251737 -0.008949376 0.999956012 -0.002810800 -0.159477949 -0.002563798 0.002787958 0.999992847 8.832098007
0.999952972 0.009626106 0.001196444 -0.026694689 -0.009620178 0.999941945 -0.004863181 -0.160306931 -0.001243187 0.004851443 0.999987423 8.872193336
0.999976516 0.006771808 -0.000989266 -0.026691101 -0.006774659 0.999972820 -0.002907214 -0.161165342 0.000969552 0.002913848 0.999995232 8.913814545
0.999986291 0.004810365 -0.002057694 -0.026556725 -0.004814944 0.999985874 -0.002225464 -0.162076503 0.002046960 0.002235341 0.999995410 8.954253197
0.999984682 0.005032449 -0.002366473 -0.027000308 -0.005039087 0.999983370 -0.002807637 -0.163278937 0.002352304 0.002819518 0.999993205 8.995310783
0.999986410 0.004276510 -0.002991250 -0.027428040 -0.004287294 0.999984264 -0.003608127 -0.164036974 0.002975773 0.003620902 0.999988973 9.036748886
0.999984503 0.004856532 -0.002739869 -0.027727837 -0.004867618 0.999979973 -0.004054721 -0.164741114 0.002720122 0.004067994 0.999988019 9.076956749
0.999992847 0.002975384 -0.002326099 -0.028392935 -0.002984413 0.999987960 -0.003887688 -0.165938005 0.002314504 0.003894602 0.999989688 9.118223190
0.999991834 0.002207555 -0.003384225 -0.027958833 -0.002220715 0.999989927 -0.003889608 -0.167343512 0.003375605 0.003897092 0.999986708 9.159641266
0.999993026 0.002907691 -0.002334956 -0.029065691 -0.002919956 0.999981880 -0.005266652 -0.167848662 0.002319600 0.005273434 0.999983370 9.200321198
0.999992132 0.002701224 -0.002902163 -0.028912760 -0.002715957 0.999983430 -0.005084864 -0.168644205 0.002888380 0.005092706 0.999982834 9.241163254
0.999994576 0.002309969 -0.002315965 -0.029941346 -0.002323483 0.999980211 -0.005849743 -0.169619918 0.002302406 0.005855092 0.999980211 9.282307625
0.999997020 0.001182346 -0.002136068 -0.029730052 -0.001197063 0.999975383 -0.006901528 -0.170868635 0.002127856 0.006904065 0.999973893 9.323432922
0.999998510 0.000558647 -0.001609965 -0.030521128 -0.000568199 0.999982238 -0.005938750 -0.171461850 0.001606619 0.005939657 0.999981046 9.365544319
0.999988616 -0.002802595 -0.003858741 -0.029145086 0.002789355 0.999990225 -0.003432126 -0.173370376 0.003868322 0.003421323 0.999986708 9.406653404
0.999994695 -0.002295527 -0.002316183 -0.030255012 0.002283501 0.999983907 -0.005181594 -0.173747241 0.002328040 0.005176277 0.999983907 9.447113037
0.999995530 -0.002296538 -0.001895768 -0.030724742 0.002286670 0.999983847 -0.005190846 -0.174567208 0.001907658 0.005186487 0.999984801 9.487803459
0.999999344 -0.000255229 -0.001128876 -0.031302720 0.000250047 0.999989450 -0.004587148 -0.175634325 0.001130035 0.004586862 0.999988914 9.528140068
0.999998987 -0.000038110 -0.001362456 -0.031253070 0.000032680 0.999992073 -0.003985102 -0.176443651 0.001362597 0.003985056 0.999991059 9.570300102
0.999999523 0.000678231 -0.000565327 -0.031891774 -0.000680540 0.999991357 -0.004093212 -0.177254677 0.000562546 0.004093596 0.999991417 9.611495018
0.999998093 0.001951618 0.000017965 -0.032156691 -0.001951483 0.999981701 -0.005729716 -0.178077817 -0.000029147 0.005729670 0.999983609 9.652492523
0.999999583 0.000924078 -0.000113373 -0.032313425 -0.000924710 0.999983311 -0.005704095 -0.178970367 0.000108100 0.005704198 0.999983668 9.694229126
0.999999583 0.000925646 0.000208063 -0.032834567 -0.000924371 0.999981284 -0.006044179 -0.179773763 -0.000213654 0.006043983 0.999981701 9.736056328
0.999994814 0.003177704 0.000573264 -0.032905743 -0.003174192 0.999976754 -0.006028454 -0.180613622 -0.000592408 0.006026603 0.999981642 9.777982712
0.999998033 0.001946584 -0.000453570 -0.032903910 -0.001948430 0.999989629 -0.004104624 -0.181626335 0.000445575 0.004105499 0.999991417 9.820428848
0.999984980 0.005331200 0.001257433 -0.033585794 -0.005323465 0.999967337 -0.006077668 -0.182453603 -0.001289793 0.006070884 0.999980748 9.862014771
0.999961317 0.008591922 0.001879717 -0.033981241 -0.008577797 0.999935865 -0.007398323 -0.183301777 -0.001943162 0.007381912 0.999970913 9.903437614
0.999974430 0.007046904 0.001223783 -0.033502094 -0.007037300 0.999945819 -0.007682162 -0.183707803 -0.001277852 0.007673353 0.999969661 9.946718216
0.999967635 0.007954891 0.001199556 -0.033594847 -0.007946889 0.999947071 -0.006534232 -0.184761971 -0.001251471 0.006524488 0.999977887 9.989447594
0.999962211 0.008572487 0.001449097 -0.033647209 -0.008564089 0.999947190 -0.005703702 -0.186104476 -0.001497915 0.005691078 0.999982655 10.030550003
