0.999999881 -0.000327613 -0.000178033 -0.000221874 0.000327893 0.999998689 0.001572567 -0.000493931 0.000177518 -0.001572625 0.999998689 0.033011805
0.999999106 -0.001336773 -0.000083217 -0.000210868 0.001336915 0.999997616 0.001720103 -0.000981643 0.000080918 -0.001720213 0.999998510 0.066687010
0.999995947 -0.002803099 -0.000555051 -0.000391679 0.002803410 0.999996006 0.000559272 -0.001361431 0.000553481 -0.000560826 0.999999702 0.099039346
0.999994516 -0.003295660 -0.000357970 -0.000562369 0.003295911 0.999994457 0.000702984 -0.001902779 0.000355651 -0.000704160 0.999999642 0.132105574
0.999993086 -0.003673767 -0.000444736 -0.000613022 0.003674441 0.999992073 0.001526503 -0.002383602 0.000439124 -0.001528126 0.999998748 0.165759265
0.999988496 -0.004797450 -0.000064916 -0.000786408 0.004797604 0.999985099 0.002627894 -0.002870946 0.000052308 -0.002628176 0.999996603 0.199851573
0.999988198 -0.004833831 -0.000543834 -0.000839583 0.004835519 0.999983370 0.003147123 -0.003316277 0.000528613 -0.003149715 0.999994814 0.232955664
0.999990642 -0.004216748 -0.001027891 -0.000972172 0.004218385 0.999989867 0.001596510 -0.003956498 0.001021149 -0.001600832 0.999998093 0.267025977
0.999998987 -0.001063737 -0.000965128 -0.001268779 0.001063039 0.999999106 -0.000723787 -0.004342364 0.000965898 0.000722761 0.999999225 0.300079614
0.999998510 0.001781335 -0.000312370 -0.001862778 -0.001781825 0.999997258 -0.001574927 -0.004954267 0.000309564 0.001575481 0.999998689 0.333984107
0.999990404 0.004333489 -0.000571404 -0.002037795 -0.004334389 0.999989331 -0.001584741 -0.005646711 0.000564531 0.001587202 0.999998510 0.367309213
0.999986410 0.005185170 -0.000597987 -0.002272091 -0.005185644 0.999986231 -0.000792723 -0.006114718 0.000593869 0.000795813 0.999999464 0.402195722
0.999995053 0.003144132 -0.000079124 -0.002443355 -0.003143974 0.999993205 0.001916423 -0.006708185 0.000085149 -0.001916165 0.999998152 0.435351372
0.999999583 -0.000876489 0.000021274 -0.002377514 0.000876402 0.999992430 0.003797563 -0.007172805 -0.000024602 -0.003797543 0.999992788 0.470182061
0.999995291 -0.003041404 0.000457871 -0.002808438 0.003040748 0.999994338 0.001428439 -0.007634139 -0.000462213 -0.001427039 0.999998868 0.504526556
0.999988735 -0.004730999 0.000096566 -0.002758821 0.004731009 0.999988735 -0.000102451 -0.008362894 -0.000096080 0.000102907 1.000000000 0.537539959
0.999996781 -0.002508348 0.000048397 -0.002653668 0.002508433 0.999995112 -0.001807002 -0.008982596 -0.000043864 0.001807118 0.999998391 0.572660208
0.999999762 0.000381252 0.000528470 -0.002703848 -0.000381028 0.999999821 -0.000422715 -0.009199566 -0.000528631 0.000422514 0.999999762 0.608350098
0.999997914 0.001129138 0.001670092 -0.003203736 -0.001135074 0.999993026 0.003557573 -0.009880861 -0.001666063 -0.003559461 0.999992251 0.640996993
0.999997675 -0.001251597 0.001724421 -0.003011897 0.001241958 0.999983609 0.005579500 -0.010260094 -0.001731376 -0.005577345 0.999982893 0.676108778
0.999985337 -0.005092785 0.001825224 -0.003048158 0.005086985 0.999982059 0.003168611 -0.010460903 -0.001841328 -0.003159280 0.999993265 0.710702479
0.999985337 -0.005192197 0.001541572 -0.002977952 0.005190307 0.999985874 0.001228015 -0.011112009 -0.001547926 -0.001219996 0.999998033 0.745412409
0.999981523 -0.005500307 0.002610225 -0.003251988 0.005504209 0.999983728 -0.001490164 -0.011597170 -0.002601986 0.001504504 0.999995470 0.779143214
0.999994755 -0.000838181 0.003141539 -0.003193506 0.000844775 0.999997437 -0.002098300 -0.012721270 -0.003139772 0.002100943 0.999992847 0.813452423
0.999992728 -0.001855302 0.003330309 -0.003329484 0.001869589 0.999989033 -0.004292174 -0.012784502 -0.003322309 0.004298369 0.999985218 0.849338591
0.999992907 -0.000054167 0.003758132 -0.003552825 0.000067501 0.999993742 -0.003547943 -0.013657700 -0.003757915 0.003548171 0.999986649 0.884345412
0.999993920 0.000071363 0.003483329 -0.003809636 -0.000061267 0.999995828 -0.002898536 -0.013908675 -0.003483521 0.002898305 0.999989688 0.919725418
0.999994993 0.001171895 0.002963549 -0.003536026 -0.001170127 0.999999106 -0.000598190 -0.014968514 -0.002964248 0.000594718 0.999995410 0.955221951
0.999989331 0.003654278 0.002865453 -0.003647133 -0.003653523 0.999993265 -0.000268804 -0.015614042 -0.002866416 0.000258332 0.999995887 0.989908814
0.999977529 0.006116661 0.002762493 -0.003817171 -0.006115085 0.999981165 -0.000578624 -0.016245339 -0.002765980 0.000561718 0.999996066 1.026121736
0.999956369 0.008844245 0.002994699 -0.004120820 -0.008841761 0.999960482 -0.000841475 -0.016355854 -0.003002023 0.000814959 0.999995112 1.062170744
0.999951839 0.009424007 0.002740528 -0.004098471 -0.009421279 0.999954998 -0.001007025 -0.017001934 -0.002749895 0.000981157 0.999995828 1.097137332
0.999970496 0.007454487 0.001855283 -0.003701162 -0.007454008 0.999972105 -0.000265230 -0.017829329 -0.001857209 0.000251393 0.999998271 1.130929828
0.999973536 0.007180681 0.001130184 -0.003627927 -0.007179199 0.999973238 -0.001309634 -0.018103169 -0.001139558 0.001301486 0.999998569 1.166731596
0.999980688 0.006218978 0.000242197 -0.004100220 -0.006218837 0.999980509 -0.000583784 -0.019085681 -0.000245823 0.000582266 0.999999881 1.203097939
0.999974906 0.006952370 -0.001324797 -0.003808403 -0.006952030 0.999975741 0.000260818 -0.019484693 0.001326579 -0.000251601 0.999999106 1.239301205
0.999975383 0.006778925 -0.001807259 -0.004201252 -0.006778543 0.999976993 0.000216981 -0.020376727 0.001808688 -0.000204725 0.999998331 1.273550630
0.999969780 0.007398198 -0.002387151 -0.005250579 -0.007397215 0.999972582 0.000420202 -0.020630356 0.002390194 -0.000402531 0.999997079 1.308735609
0.999967635 0.007228867 -0.003522648 -0.005715086 -0.007222514 0.999972224 0.001812877 -0.021323999 0.003535656 -0.001787376 0.999992132 1.344143271
0.999976516 0.004137394 -0.005455012 -0.004517211 -0.004120587 0.999986768 0.003088801 -0.022670925 0.005467719 -0.003066251 0.999980390 1.383427501
0.999978781 0.003769761 -0.005316730 -0.005145230 -0.003755863 0.999989450 0.002621710 -0.022514280 0.005326558 -0.002601686 0.999982417 1.415450335
0.999975920 0.002044018 -0.006628621 -0.004995770 -0.002028559 0.999995232 0.002338109 -0.023278488 0.006633368 -0.002324606 0.999975264 1.452231884
0.999980927 0.001085571 -0.006093689 -0.006129524 -0.001071729 0.999996841 0.002274441 -0.023404842 0.006096140 -0.002267867 0.999978840 1.488773823
0.999984026 0.000286162 -0.005641137 -0.005924258 -0.000268997 0.999995232 0.003043407 -0.024332937 0.005641982 -0.003041841 0.999979496 1.522308230
0.999977469 -0.003751880 -0.005563775 -0.006023984 0.003772717 0.999985874 0.003739483 -0.024248298 0.005549666 -0.003760389 0.999977469 1.558533907
0.999977350 -0.004613089 -0.004913714 -0.006264999 0.004632285 0.999981642 0.003902545 -0.024901232 0.004895621 -0.003925218 0.999980271 1.592956781
0.999969244 -0.006257184 -0.004724156 -0.006288844 0.006272833 0.999974906 0.003305073 -0.025842130 0.004703357 -0.003334605 0.999983370 1.628111482
0.999967456 -0.007716700 -0.002356393 -0.008716719 0.007721056 0.999968469 0.001845427 -0.024227584 0.002342078 -0.001863561 0.999995530 1.664201736
0.999977350 -0.006196940 -0.002596032 -0.009522296 0.006200690 0.999979675 0.001439107 -0.025025621 0.002587062 -0.001455172 0.999995589 1.703903556
0.999989510 -0.004203944 -0.001822310 -0.009034614 0.004209548 0.999986351 0.003082459 -0.026062259 0.001809327 -0.003090098 0.999993563 1.735698104
0.999997795 -0.001920013 -0.000797155 -0.011317967 0.001923567 0.999988079 0.004481144 -0.026026629 0.000788542 -0.004482668 0.999989629 1.771500826
0.999993861 0.003293405 -0.001204768 -0.009834419 -0.003287654 0.999983370 0.004744243 -0.026637275 0.001220373 -0.004740253 0.999988019 1.808772326
0.999959111 0.009038044 0.000502390 -0.012257528 -0.009040071 0.999950409 0.004189208 -0.027075939 -0.000464502 -0.004193577 0.999991119 1.846937180
0.999900758 0.014046493 0.001131622 -0.011802371 -0.014049033 0.999898791 0.002267540 -0.027349252 -0.001099656 -0.002283214 0.999996781 1.881432414
0.999910533 0.013292104 0.001544701 -0.011354897 -0.013297096 0.999906242 0.003268119 -0.028219337 -0.001501116 -0.003288367 0.999993443 1.914827347
0.999917686 0.012742442 0.001456738 -0.011516257 -0.012748272 0.999910474 0.004064825 -0.028747892 -0.001404811 -0.004083062 0.999990702 1.948909283
0.999919951 0.012337310 0.002797307 -0.012860462 -0.012347921 0.999916494 0.003807846 -0.029546142 -0.002750095 -0.003842082 0.999988914 1.981866956
0.999941885 0.010670198 0.001537787 -0.012252329 -0.010674262 0.999939501 0.002658752 -0.029699527 -0.001509324 -0.002675012 0.999995291 2.017198801
0.999944866 0.010352626 0.001771610 -0.012782459 -0.010355501 0.999945045 0.001623140 -0.029247923 -0.001754709 -0.001641397 0.999997139 2.053549528
0.999956429 0.009280556 0.001016108 -0.012690081 -0.009283726 0.999951899 0.003161079 -0.030797943 -0.000986722 -0.003170374 0.999994516 2.087470293
0.999945045 0.010469817 0.000552754 -0.013230319 -0.010471215 0.999941826 0.002592812 -0.031764191 -0.000525576 -0.002598458 0.999996483 2.122100592
0.999943376 0.010645116 0.000213467 -0.013990346 -0.010645658 0.999939680 0.002717108 -0.032158758 -0.000184530 -0.002719226 0.999996305 2.156809568
0.999943733 0.010607364 0.000056026 -0.014961158 -0.010607499 0.999936938 0.003682408 -0.032972857 -0.000016962 -0.003682795 0.999993265 2.190537453
0.999967992 0.007887181 -0.001335068 -0.014646089 -0.007880809 0.999957919 0.004713594 -0.033099156 0.001372189 -0.004702922 0.999988079 2.223297596
0.999988496 0.003396036 -0.003387463 -0.014320830 -0.003379322 0.999982178 0.004927695 -0.033029370 0.003404137 -0.004916192 0.999982119 2.258701801
0.999986887 0.001311239 -0.004950203 -0.013739432 -0.001284352 0.999984503 0.005430721 -0.033912711 0.004957247 -0.005424293 0.999972999 2.291589737
0.999987304 -0.000504175 -0.005014808 -0.014621329 0.000526480 0.999989986 0.004447483 -0.033985637 0.005012516 -0.004450067 0.999977469 2.327112675
0.999992371 -0.002338306 -0.003139978 -0.017428933 0.002353980 0.999984801 0.004997152 -0.034568049 0.003128245 -0.005004506 0.999982536 2.355089426
0.999990940 -0.001730318 -0.003899734 -0.016815666 0.001745825 0.999990642 0.003976643 -0.035104763 0.003892817 -0.003983416 0.999984503 2.393321276
0.999986887 -0.000896790 -0.005037225 -0.016169621 0.000914472 0.999993443 0.003509071 -0.036217730 0.005034045 -0.003513631 0.999981165 2.428206682
0.999989450 -0.000327062 -0.004573167 -0.016728494 0.000340706 0.999995589 0.002983018 -0.036873031 0.004572171 -0.002984545 0.999985099 2.461808443
0.999989688 0.001412113 -0.004323765 -0.016952617 -0.001397249 0.999993145 0.003438906 -0.037626710 0.004328592 -0.003432829 0.999984741 2.493728399
0.999982476 0.003639475 -0.004661973 -0.016578620 -0.003618390 0.999983311 0.004523416 -0.038084541 0.004678357 -0.004506469 0.999978900 2.528103590
0.999987125 0.003253918 -0.003900470 -0.017466549 -0.003227571 0.999972045 0.006742456 -0.039160673 0.003922300 -0.006729778 0.999969602 2.559690952
0.999989986 0.002282848 -0.003840130 -0.017843612 -0.002263806 0.999985218 0.004955586 -0.039361209 0.003851386 -0.004946844 0.999980390 2.592417479
0.999991298 0.002396651 -0.003442750 -0.018392872 -0.002389162 0.999994755 0.002177801 -0.039567608 0.003447952 -0.002169556 0.999991655 2.624966145
0.999993384 0.000553983 -0.003606736 -0.018242626 -0.000546080 0.999997377 0.002191737 -0.040382829 0.003607941 -0.002189751 0.999991059 2.657271147
0.999991894 0.000691140 -0.003966439 -0.018752860 -0.000680570 0.999996245 0.002665458 -0.041206073 0.003968266 -0.002662737 0.999988496 2.692637682
0.999991775 -0.002413084 -0.003245031 -0.019154035 0.002428421 0.999985933 0.004730612 -0.041707307 0.003233569 -0.004738453 0.999983549 2.724798679
0.999989569 -0.004081598 -0.002028690 -0.019152151 0.004092382 0.999977410 0.005340413 -0.042043373 0.002006847 -0.005348660 0.999983609 2.756376982
0.999981463 -0.005252440 -0.003072434 -0.017366190 0.005264255 0.999978721 0.003849535 -0.042273827 0.003052150 -0.003865638 0.999987841 2.788454533
0.999997020 -0.002332643 -0.000693540 -0.019958012 0.002333695 0.999996126 0.001520375 -0.043095581 0.000689990 -0.001521989 0.999998629 2.823576689
0.999999464 0.000765992 0.000723675 -0.020347351 -0.000764728 0.999998152 -0.001744284 -0.043105531 -0.000725010 0.001743730 0.999998271 2.855646372
0.999987841 0.004260483 0.002458669 -0.020754823 -0.004258209 0.999990463 -0.000929432 -0.044020116 -0.002462606 0.000918952 0.999996543 2.887326241
0.999978483 0.005117839 0.004096704 -0.021134563 -0.005120097 0.999986768 0.000540648 -0.044478748 -0.004093882 -0.000561612 0.999991477 2.919844866
0.999973476 0.005780848 0.004456122 -0.020969544 -0.005794330 0.999978602 0.003018666 -0.045327924 -0.004438576 -0.003044405 0.999985456 2.955087662
0.999980986 0.003850144 0.004817785 -0.020731943 -0.003870352 0.999983668 0.004192236 -0.046060398 -0.004801566 -0.004210803 0.999979615 2.988826752
0.999972343 0.004530463 0.005902094 -0.020662058 -0.004550374 0.999983907 0.003364392 -0.046402670 -0.005886756 -0.003391156 0.999976873 3.021198750
0.999946475 0.006968051 0.007646421 -0.021151010 -0.006990172 0.999971449 0.002870035 -0.046920776 -0.007626204 -0.002923333 0.999966621 3.053509951
0.999921739 0.008765629 0.008920477 -0.020753641 -0.008789288 0.999957919 0.002616457 -0.047387924 -0.008897168 -0.002694658 0.999956787 3.084993362
0.999894857 0.010469871 0.010035062 -0.020696897 -0.010484700 0.999944031 0.001426268 -0.048057001 -0.010019569 -0.001531332 0.999948561 3.116995573
0.999883235 0.010631626 0.010967670 -0.020564690 -0.010637590 0.999943256 0.000485610 -0.048252448 -0.010961885 -0.000602223 0.999939680 3.151388645
0.999874055 0.009862931 0.012428138 -0.020630829 -0.009864985 0.999951363 0.000104144 -0.048735883 -0.012426504 -0.000226734 0.999922693 3.182915688
0.999844015 0.010703676 0.014050951 -0.020704854 -0.010719193 0.999942005 0.001029477 -0.049494997 -0.014039119 -0.001179932 0.999900699 3.215207338
0.999872208 0.008552005 0.013505108 -0.019576930 -0.008585971 0.999960124 0.002458929 -0.050146990 -0.013483536 -0.002574569 0.999905765 3.250182152
0.999879837 0.007361875 0.013648160 -0.019130509 -0.007397783 0.999969363 0.002582246 -0.050491106 -0.013628734 -0.002682902 0.999903440 3.282457113
0.999886990 0.005403352 0.014025209 -0.018567175 -0.005449961 0.999979734 0.003287138 -0.051464424 -0.014007161 -0.003363203 0.999896228 3.314095736
0.999891937 0.004024792 0.014136656 -0.018583246 -0.004078879 0.999984503 0.003799255 -0.051651239 -0.014121147 -0.003856506 0.999892831 3.346048117
0.999907851 0.003422377 0.013136740 -0.018003058 -0.003461635 0.999989629 0.002966776 -0.051680323 -0.013126452 -0.003011978 0.999909341 3.379127741
0.999924600 0.002952959 0.011931232 -0.017997164 -0.002982914 0.999992430 0.002493545 -0.051822152 -0.011923781 -0.002528947 0.999925673 3.415301561
0.999939620 0.001595376 0.010879134 -0.017654140 -0.001633081 0.999992728 0.003457766 -0.052499533 -0.010873539 -0.003475323 0.999934793 3.447451830
0.999950469 0.000400912 0.009941454 -0.017501656 -0.000432964 0.999994755 0.003222071 -0.052547649 -0.009940109 -0.003226215 0.999945343 3.479399681
0.999963522 0.000666347 0.008514863 -0.017257974 -0.000699628 0.999992132 0.003906122 -0.053768657 -0.008512192 -0.003911935 0.999956071 3.514420986
0.999974191 -0.000571677 0.007163802 -0.016982829 0.000547061 0.999994040 0.003437690 -0.054105788 -0.007165722 -0.003433682 0.999968469 3.547354698
0.999975324 -0.000813979 0.006982374 -0.017448796 0.000793923 0.999995530 0.002874580 -0.054577656 -0.006984683 -0.002868965 0.999971509 3.579378128
0.999981701 -0.002493479 0.005502301 -0.016952652 0.002486867 0.999996126 0.001208266 -0.055430699 -0.005505292 -0.001194561 0.999984145 3.612650871
0.999964118 -0.007413199 0.004098346 -0.016692841 0.007413203 0.999972463 0.000013552 -0.055667683 -0.004098334 0.000016831 0.999991596 3.646641970
0.999883354 -0.014916280 0.003287402 -0.016502719 0.014907843 0.999885440 0.002576360 -0.056337688 -0.003325455 -0.002527051 0.999991298 3.679406643
0.999770045 -0.021410676 0.001209278 -0.015925296 0.021406051 0.999763966 0.003714495 -0.056670777 -0.001288522 -0.003687755 0.999992430 3.712634802
0.999648631 -0.026503626 0.000094018 -0.015218040 0.026503567 0.999648452 0.000591890 -0.057184748 -0.000109673 -0.000589191 0.999999762 3.744390965
0.999698222 -0.024543772 0.001017380 -0.016252255 0.024546225 0.999695659 -0.002468630 -0.057855338 -0.000956481 0.002492858 0.999996424 3.778663158
0.999763250 -0.021661207 0.002068765 -0.016677100 0.021669786 0.999756277 -0.004218427 -0.058700200 -0.001976885 0.004262257 0.999988973 3.810663700
0.999768376 -0.021281606 0.003186368 -0.016890287 0.021295212 0.999763966 -0.004299514 -0.059298821 -0.003094116 0.004366372 0.999985695 3.842641354
0.999676406 -0.025119882 0.004003744 -0.016937185 0.025122410 0.999684215 -0.000581363 -0.060129888 -0.003987876 0.000681758 0.999991834 3.876196384
0.999533832 -0.030291600 0.003809569 -0.016373688 0.030284755 0.999539614 0.001841945 -0.060590670 -0.003863610 -0.001725714 0.999991059 3.911226273
0.999395907 -0.034498218 0.004221883 -0.016571803 0.034485232 0.999400377 0.003111463 -0.061080962 -0.004326692 -0.002963990 0.999986231 3.944030046
0.999364734 -0.035351768 0.004510604 -0.016336292 0.035339337 0.999371409 0.002807316 -0.061486762 -0.004607013 -0.002646131 0.999985874 3.977898121
0.999407589 -0.034098294 0.004664316 -0.016068371 0.034082510 0.999413192 0.003421613 -0.061648645 -0.004778251 -0.003260615 0.999983311 4.011516094
0.999557316 -0.029155487 0.005923833 -0.016106216 0.029141912 0.999572515 0.002365012 -0.062418621 -0.005990253 -0.002191334 0.999979675 4.044721127
0.999641895 -0.025989469 0.006382118 -0.015912566 0.025986386 0.999662220 0.000565397 -0.063221268 -0.006394656 -0.000399346 0.999979556 4.078567982
0.999696672 -0.023596913 0.007056700 -0.015978267 0.023597630 0.999721587 -0.000018313 -0.063389108 -0.007054302 0.000184829 0.999975145 4.112496853
0.999730170 -0.021978576 0.007510453 -0.016017020 0.021966808 0.999757349 0.001645379 -0.064213313 -0.007544793 -0.001479955 0.999970496 4.145598412
0.999784887 -0.019208273 0.007815596 -0.016383894 0.019198788 0.999814868 0.001286224 -0.065214097 -0.007838855 -0.001135898 0.999968708 4.178702354
0.999828100 -0.017095674 0.007168414 -0.016049724 0.017106785 0.999852538 -0.001491819 -0.065578975 -0.007141852 0.001614191 0.999973118 4.210330963
0.999915242 -0.011006758 0.006950601 -0.016491715 0.011041668 0.999926567 -0.005004561 -0.066230074 -0.006895006 0.005080882 0.999963284 4.244985580
0.999934673 -0.009265892 0.006683737 -0.016309731 0.009299674 0.999944031 -0.005041015 -0.067121416 -0.006636653 0.005102842 0.999964893 4.277529716
0.999971688 -0.002472352 0.007102184 -0.016439294 0.002504556 0.999986589 -0.004529097 -0.067838833 -0.007090890 0.004546757 0.999964476 4.309699535
0.999973655 -0.001771301 0.007030879 -0.016174769 0.001787418 0.999995708 -0.002286627 -0.068353139 -0.007026799 0.002299134 0.999972641 4.347250462
0.999976754 0.000430322 0.006801693 -0.016154401 -0.000429145 0.999999821 -0.000174535 -0.068732411 -0.006801767 0.000171612 0.999976814 4.380937576
0.999966443 -0.005255368 0.006275946 -0.015665842 0.005247360 0.999985337 0.001291841 -0.069050319 -0.006282645 -0.001258866 0.999979436 4.413840771
0.999981821 -0.002959045 0.005252092 -0.016254604 0.002959441 0.999995589 -0.000067726 -0.069013402 -0.005251868 0.000083268 0.999986172 4.447529793
0.999960959 -0.008580917 0.002073390 -0.014627768 0.008586828 0.999959052 -0.002860571 -0.070766814 -0.002048759 0.002878265 0.999993742 4.479316711
0.999987185 -0.004546487 0.002223062 -0.018861920 0.004562972 0.999961734 -0.007467628 -0.072615728 -0.002189025 0.007477677 0.999969661 4.517703533
0.999999881 -0.000337352 -0.000106216 -0.013980977 0.000336453 0.999965191 -0.008336592 -0.072057396 0.000109025 0.008336554 0.999965250 4.545876503
0.999985933 0.005241520 -0.000721470 -0.012633450 -0.005246973 0.999956012 -0.007775258 -0.072205618 0.000680685 0.007778937 0.999969482 4.576192379
0.999993145 0.003708567 0.000052770 -0.016041465 -0.003708354 0.999986827 -0.003579939 -0.073574834 -0.000066046 0.003579719 0.999993563 4.617436886
0.999994457 0.003309610 -0.000435606 -0.014658509 -0.003310188 0.999993622 -0.001333174 -0.074188784 0.000431191 0.001334608 0.999998927 4.650171757
0.999993980 0.003453073 0.000427329 -0.016716450 -0.003453068 0.999994040 -0.000011865 -0.075823963 -0.000427368 0.000010389 0.999999821 4.683759212
0.999998808 0.001491804 0.000478271 -0.017107408 -0.001491761 0.999998927 -0.000089654 -0.075001612 -0.000478404 0.000088941 0.999999821 4.720136166
0.999999285 0.000230231 0.001095339 -0.017350262 -0.000230462 0.999999881 0.000211066 -0.075774692 -0.001095290 -0.000211318 0.999999404 4.757096767
0.999995291 -0.002961030 0.000715043 -0.016538322 0.002960698 0.999995410 0.000464632 -0.076456487 -0.000716415 -0.000462513 0.999999642 4.791668415
0.999978662 -0.006462048 0.000909987 -0.016568054 0.006460263 0.999977231 0.001950232 -0.077276275 -0.000922569 -0.001944312 0.999997675 4.825712204
0.999941468 -0.010658393 0.001828829 -0.016824525 0.010652324 0.999937773 0.003297948 -0.077543579 -0.001863866 -0.003278274 0.999992907 4.859476566
0.999922633 -0.012167458 0.002582587 -0.017356038 0.012160884 0.999922812 0.002546272 -0.077742308 -0.002613369 -0.002514668 0.999993443 4.897402287
0.999944508 -0.010156953 0.002781342 -0.017437175 0.010161633 0.999946952 -0.001672793 -0.078185998 -0.002764204 0.001700965 0.999994755 4.931437969
0.999984801 -0.003586248 0.004189770 -0.018764162 0.003615057 0.999969780 -0.006888615 -0.078726366 -0.004164939 0.006903656 0.999967515 4.966891766
0.999978364 0.005217528 0.003993860 -0.018049590 -0.005190545 0.999963820 -0.006736182 -0.079709418 -0.004028861 0.006715306 0.999969304 5.002771854
0.999891162 0.013472672 0.006016275 -0.018696547 -0.013454712 0.999904931 -0.003015485 -0.080500104 -0.006056330 0.002934210 0.999977350 5.040023804
0.999855280 0.015419175 0.007185365 -0.019251745 -0.015413838 0.999880850 -0.000797961 -0.081421502 -0.007196815 0.000687091 0.999973834 5.075800896
0.999865830 0.014822128 0.006969144 -0.019275259 -0.014816354 0.999889851 -0.000879722 -0.081554763 -0.006981414 0.000776347 0.999975324 5.110156536
0.999912083 0.011854296 0.005936874 -0.019460034 -0.011851921 0.999929607 -0.000434884 -0.082547501 -0.005941612 0.000364483 0.999982297 5.145139694
0.999952197 0.008425990 0.004962625 -0.019250005 -0.008419494 0.999963701 -0.001328126 -0.082785062 -0.004973635 0.001286280 0.999986827 5.182600021
0.999956965 0.008440386 0.003852232 -0.019174272 -0.008433592 0.999962866 -0.001776777 -0.083543569 -0.003867085 0.001744212 0.999991000 5.218589783
0.999940276 0.010087735 0.004195437 -0.019762937 -0.010081596 0.999948025 -0.001481856 -0.083962195 -0.004210168 0.001439470 0.999990106 5.255200386
0.999927521 0.011232731 0.004344061 -0.020064935 -0.011228225 0.999936402 -0.001060121 -0.084678464 -0.004355693 0.001011268 0.999989986 5.292231560
0.999944866 0.009769549 0.003857563 -0.019430611 -0.009766047 0.999951839 -0.000925863 -0.085596777 -0.003866423 0.000888138 0.999992132 5.327357292
0.999946833 0.009548268 0.003896586 -0.020125484 -0.009539316 0.999951899 -0.002309211 -0.085804306 -0.003918448 0.002271918 0.999989748 5.364351273
0.999946713 0.009583967 0.003831672 -0.020289287 -0.009574012 0.999950767 -0.002607867 -0.086801402 -0.003856477 0.002571043 0.999989331 5.400233746
0.999943674 0.010364517 0.002311951 -0.019081406 -0.010359087 0.999943614 -0.002348193 -0.087774865 -0.002336158 0.002324112 0.999994576 5.436823368
0.999946237 0.010016028 0.002683962 -0.019954497 -0.010008004 0.999945402 -0.002986475 -0.087888449 -0.002713730 0.002959454 0.999991953 5.473431587
0.999949992 0.009662746 0.002565669 -0.020094849 -0.009655277 0.999949098 -0.002907166 -0.088602789 -0.002593630 0.002882249 0.999992490 5.510010719
0.999940038 0.010858371 0.001458620 -0.019626305 -0.010852957 0.999934316 -0.003669804 -0.088959597 -0.001498372 0.003653754 0.999992251 5.547295570
0.999948561 0.009915455 0.002157897 -0.020722920 -0.009908142 0.999945223 -0.003374963 -0.090132974 -0.002191244 0.003353408 0.999992013 5.584573269
0.999935329 0.011255516 0.001646036 -0.020766394 -0.011249783 0.999930680 -0.003451404 -0.090821460 -0.001684770 0.003432662 0.999992669 5.621071339
0.999945879 0.010352668 0.001036670 -0.020686243 -0.010348827 0.999939680 -0.003645612 -0.091639325 -0.001074349 0.003634687 0.999992788 5.658579826
0.999952257 0.009724076 0.001047220 -0.020528920 -0.009720482 0.999947071 -0.003382066 -0.092755020 -0.001080052 0.003371724 0.999993742 5.695627689
0.999970675 0.007515046 0.001462125 -0.020940369 -0.007509907 0.999965727 -0.003490187 -0.093060687 -0.001488304 0.003479104 0.999992788 5.732574940
0.999974728 0.006839661 0.001939017 -0.021081135 -0.006833808 0.999972165 -0.003009322 -0.093662336 -0.001959546 0.002995995 0.999993503 5.769499302
0.999973118 0.006877528 0.002533898 -0.021640893 -0.006871261 0.999973357 -0.002473834 -0.094677076 -0.002550844 0.002456356 0.999993742 5.805918694
0.999979019 0.006296168 0.001514010 -0.021295374 -0.006292292 0.999976933 -0.002551935 -0.095567487 -0.001530043 0.002542354 0.999995589 5.844015121
0.999974549 0.006901414 0.001788162 -0.021299018 -0.006895974 0.999971688 -0.003029886 -0.096291572 -0.001809022 0.003017478 0.999993801 5.881249428
0.999967277 0.007732162 0.002369787 -0.021805827 -0.007725147 0.999965787 -0.002955604 -0.096569508 -0.002392559 0.002937200 0.999992788 5.919493198
0.999954581 0.008984840 0.003175650 -0.021589596 -0.008981967 0.999959230 -0.000917680 -0.097280778 -0.003183766 0.000889114 0.999994576 5.955805779
0.999964833 0.007748842 0.003206380 -0.021613633 -0.007747268 0.999969780 -0.000503215 -0.097872637 -0.003210182 0.000478357 0.999994755 5.993733883
0.999953985 0.008712216 0.004031838 -0.022049414 -0.008702463 0.999959171 -0.002430633 -0.098553985 -0.004052849 0.002395435 0.999988914 6.031503677
0.999951661 0.008999079 0.003956196 -0.021425456 -0.008985625 0.999953866 -0.003405783 -0.099319294 -0.003986662 0.003370071 0.999986351 6.068623066
0.999944925 0.009664456 0.004082366 -0.021164170 -0.009650854 0.999947786 -0.003338381 -0.100255311 -0.004114416 0.003298799 0.999986112 6.106822491
0.999951065 0.008845579 0.004422915 -0.021786820 -0.008838921 0.999959767 -0.001522577 -0.100995749 -0.004436204 0.001483409 0.999989033 6.144039154
0.999940276 0.009659357 0.005117387 -0.022235539 -0.009651973 0.999952376 -0.001466072 -0.101613171 -0.005131304 0.001416592 0.999985814 6.181770802
0.999952197 0.009532097 0.002190979 -0.020645253 -0.009531236 0.999954402 -0.000403656 -0.102858357 -0.002194727 0.000382754 0.999997497 6.219712734
0.999930024 0.010935650 0.004511540 -0.022429515 -0.010930650 0.999939620 -0.001131556 -0.102981918 -0.004523641 0.001082163 0.999989212 6.257280827
0.999912322 0.012419758 0.004584407 -0.022489857 -0.012413582 0.999921918 -0.001373666 -0.103477255 -0.004601109 0.001316637 0.999988616 6.295071125
0.999899626 0.012863235 0.005928743 -0.023156550 -0.012853962 0.999916077 -0.001599393 -0.103830084 -0.005948819 0.001523025 0.999981165 6.332749367
0.999934196 0.010448738 0.004717487 -0.022662953 -0.010447426 0.999945402 -0.000302441 -0.105163887 -0.004720389 0.000253135 0.999988854 6.370669842
0.999951184 0.008444512 0.005120226 -0.022993274 -0.008447384 0.999964237 0.000539689 -0.105793834 -0.005115485 -0.000582915 0.999986768 6.409009933
0.999971569 0.006735674 0.003378660 -0.021873554 -0.006736937 0.999977291 0.000363021 -0.106087014 -0.003376138 -0.000385773 0.999994278 6.447079182
0.999984384 0.003785606 0.004106286 -0.022434367 -0.003788066 0.999992609 0.000591643 -0.106965438 -0.004104017 -0.000607189 0.999991357 6.484487534
0.999993086 0.002113632 0.003047902 -0.022153728 -0.002111043 0.999997437 -0.000852429 -0.107354529 -0.003049696 0.000845989 0.999994934 6.522268295
0.999987125 0.001487547 0.004855538 -0.022599831 -0.001491030 0.999998629 0.000713621 -0.107871614 -0.004854470 -0.000720852 0.999987900 6.560374260
0.999984682 -0.001005764 0.005440108 -0.022722717 0.000994834 0.999997437 0.002011340 -0.108132489 -0.005442117 -0.002005897 0.999983132 6.597943306
0.999989450 -0.001457709 0.004360467 -0.022057902 0.001451130 0.999997795 0.001511415 -0.108792216 -0.004362661 -0.001505072 0.999989331 6.636074543
0.999980628 -0.002794746 0.005559849 -0.022304364 0.002789688 0.999995708 0.000917265 -0.109554239 -0.005562389 -0.000901737 0.999984086 6.674012184
0.999979317 -0.003682431 0.005273357 -0.021776717 0.003674556 0.999992192 0.001502208 -0.110288836 -0.005278848 -0.001482800 0.999984980 6.712202549
0.999971032 -0.001022493 0.007530310 -0.022406366 0.001012860 0.999998689 0.001282952 -0.110771582 -0.007531611 -0.001275288 0.999970853 6.748708248
0.999962151 0.002506537 0.008321253 -0.022491425 -0.002511342 0.999996662 0.000567193 -0.111684866 -0.008319803 -0.000588070 0.999965191 6.789761066
0.999963522 0.002143503 0.008265214 -0.022371236 -0.002148418 0.999997497 0.000585806 -0.112289444 -0.008263938 -0.000603542 0.999965668 6.828392982
0.999938369 0.004648465 0.010082295 -0.022643901 -0.004649867 0.999989152 0.000115705 -0.113098949 -0.010081648 -0.000162580 0.999949098 6.866256714
0.999922991 0.004825010 0.011435122 -0.022327676 -0.004821378 0.999988317 -0.000345224 -0.113760851 -0.011436654 0.000290064 0.999934554 6.904314995
0.999914587 0.004691179 0.012196928 -0.021581620 -0.004684050 0.999988794 -0.000613019 -0.114685580 -0.012199666 0.000555836 0.999925435 6.941466331
0.999904156 0.005265869 0.012800558 -0.020957634 -0.005265427 0.999986112 -0.000068177 -0.115509130 -0.012800735 0.000000769 0.999918103 6.979772568
0.999892354 0.003406404 0.014272358 -0.021580525 -0.003414358 0.999994040 0.000532951 -0.115900666 -0.014270457 -0.000581625 0.999898016 7.020250797
0.999892056 0.002555719 0.014473401 -0.020891853 -0.002563095 0.999996603 0.000491073 -0.116304994 -0.014472097 -0.000528117 0.999895155 7.058000088
0.999870896 0.000485231 0.016061340 -0.020892359 -0.000460923 0.999998689 -0.001517117 -0.117078230 -0.016062055 0.001509518 0.999869823 7.093833923
0.999889910 0.001402325 0.014771793 -0.020667061 -0.001345784 0.999991715 -0.003836897 -0.117982067 -0.014777052 0.003816596 0.999883473 7.136522770
0.999921381 0.001641550 0.012432496 -0.019312009 -0.001590637 0.999990284 -0.004103879 -0.118597299 -0.012439115 0.004083781 0.999914289 7.176155567
0.999908328 0.001347735 0.013471406 -0.019553408 -0.001294934 0.999991417 -0.003927430 -0.119627334 -0.013476583 0.003909626 0.999901474 7.212910652
0.999928474 0.000097755 0.011960744 -0.019607157 -0.000043857 0.999989867 -0.004506466 -0.120109513 -0.011961061 0.004505618 0.999918342 7.253475189
0.999937713 -0.001059566 0.011112439 -0.018946350 0.001114114 0.999987423 -0.004903710 -0.120505646 -0.011107101 0.004915785 0.999926209 7.292091846
0.999951541 -0.000118042 0.009838917 -0.018407471 0.000157169 0.999992073 -0.003976121 -0.121345170 -0.009838368 0.003977474 0.999943733 7.329841614
0.999947309 0.001490984 0.010156520 -0.019399650 -0.001444686 0.999988556 -0.004564264 -0.122221731 -0.010163208 0.004549350 0.999938011 7.370851994
0.999963343 -0.001809836 0.008375385 -0.018417358 0.001826806 0.999996364 -0.002019006 -0.123464562 -0.008371701 0.002034232 0.999962866 7.408401489
0.999963224 0.002823155 0.008103145 -0.018632088 -0.002813302 0.999995291 -0.001227132 -0.124277197 -0.008106572 0.001204291 0.999966443 7.447177410
0.999948144 0.003654482 0.009505594 -0.019104347 -0.003639609 0.999992132 -0.001581462 -0.124605596 -0.009511297 0.001546783 0.999953568 7.488885880
0.999936640 0.004330328 0.010387235 -0.018939689 -0.004311821 0.999989092 -0.001803353 -0.125294402 -0.010394929 0.001758451 0.999944448 7.527983665
0.999939263 0.001985113 0.010836251 -0.019325033 -0.001957414 0.999994874 -0.002566076 -0.125509009 -0.010841288 0.002544709 0.999938011 7.566511154
0.999938965 0.000937300 0.011006469 -0.018175542 -0.000896733 0.999992788 -0.003690093 -0.125740081 -0.011009850 0.003679998 0.999932587 7.608708382
0.999936223 -0.001523233 0.011185641 -0.017262228 0.001581971 0.999984980 -0.005244222 -0.127132282 -0.011177485 0.005261583 0.999923706 7.647858620
0.999930322 -0.001704049 0.011679809 -0.018362030 0.001783317 0.999975383 -0.006779713 -0.127345994 -0.011667971 0.006800069 0.999908805 7.687314510
0.999956369 -0.000701938 0.009312652 -0.017428569 0.000769633 0.999973297 -0.007267646 -0.128661752 -0.009307303 0.007274496 0.999930143 7.727905273
0.999965966 0.002021922 0.008003240 -0.018124793 -0.001962363 0.999970317 -0.007442813 -0.128722489 -0.008018052 0.007426854 0.999940157 7.767293930
0.999973953 0.001924950 0.006949696 -0.017254747 -0.001898878 0.999991119 -0.003756160 -0.129940197 -0.006956866 0.003742866 0.999968767 7.809124947
0.999969304 0.000849945 0.007793340 -0.017304108 -0.000845582 0.999999464 -0.000563194 -0.130893201 -0.007793816 0.000556586 0.999969482 7.849346161
0.999965429 0.000538289 0.008296766 -0.017282769 -0.000536091 0.999999821 -0.000267232 -0.131071627 -0.008296910 0.000262775 0.999965549 7.889158249
0.999966502 -0.000863369 0.008138209 -0.016994849 0.000876219 0.999998391 -0.001575608 -0.131595254 -0.008136835 0.001582686 0.999965668 7.930863380
0.999954879 -0.001895593 0.009305904 -0.017896771 0.001913248 0.999996424 -0.001888644 -0.131923333 -0.009302290 0.001906363 0.999954939 7.970294476
0.999950767 -0.001680130 0.009781869 -0.017947361 0.001694961 0.999997437 -0.001508039 -0.132909060 -0.009779309 0.001524545 0.999951005 8.010158539
0.999952316 -0.001180966 0.009686988 -0.016734928 0.001192353 0.999998629 -0.001169814 -0.134286433 -0.009685592 0.001181309 0.999952376 8.052129745
0.999938309 0.000334518 0.011103293 -0.017671332 -0.000309786 0.999997437 -0.002229070 -0.134731725 -0.011104010 0.002225493 0.999935865 8.091722488
0.999931157 0.000709583 0.011701996 -0.017538808 -0.000677664 0.999996066 -0.002731361 -0.136075646 -0.011703886 0.002723243 0.999927759 8.132580757
0.999934733 -0.000631822 0.011403732 -0.015882932 0.000639676 0.999999523 -0.000685041 -0.136791438 -0.011403293 0.000692291 0.999934733 8.174276352
0.999928355 -0.000709213 0.011947824 -0.016004816 0.000714810 0.999999642 -0.000464123 -0.137237132 -0.011947489 0.000472630 0.999928474 8.215259552
0.999913037 -0.001017526 0.013147700 -0.016692050 0.001035782 0.999998510 -0.001381814 -0.138559595 -0.013146273 0.001395312 0.999912620 8.253610611
0.999929667 -0.001362750 0.011782216 -0.015347414 0.001376751 0.999998331 -0.001180292 -0.138836414 -0.011780588 0.001196430 0.999929905 8.295167923
0.999934316 0.000841760 0.011431319 -0.015067004 -0.000801295 0.999993324 -0.003543959 -0.139334038 -0.011434228 0.003534567 0.999928415 8.335991859
0.999937594 0.002398391 0.010911412 -0.014880233 -0.002328809 0.999976814 -0.006385320 -0.140330225 -0.010926474 0.006359513 0.999920070 8.376183510
0.999947309 0.003234383 0.009737331 -0.014324747 -0.003180897 0.999979734 -0.005503392 -0.141392022 -0.009754934 0.005472130 0.999937415 8.416711807
0.999935329 0.005141476 0.010147983 -0.015287824 -0.005117354 0.999983966 -0.002401459 -0.142140448 -0.010160168 0.002349373 0.999945641 8.455862999
0.999957383 0.004662429 0.007957852 -0.014365017 -0.004670614 0.999988556 0.001010309 -0.143248200 -0.007953049 -0.001047434 0.999967754 8.496678352
0.999958336 0.006166786 0.006723984 -0.014309220 -0.006162370 0.999980748 -0.000677527 -0.143810898 -0.006728032 0.000636063 0.999977112 8.536753654
0.999976754 0.004867686 0.004775523 -0.014182031 -0.004857260 0.999985814 -0.002192302 -0.144345134 -0.004786125 0.002169055 0.999986172 8.577058792
0.999988079 0.003656602 0.003241788 -0.014700616 -0.003655818 0.999993265 -0.000248047 -0.145550877 -0.003242672 0.000236193 0.999994636 8.616893768
0.999993920 0.002301005 0.002637118 -0.014984250 -0.002300837 0.999997377 -0.000066772 -0.146177128 -0.002637264 0.000060704 0.999996483 8.656941414
0.999995947 0.001795385 0.002207070 -0.014699193 -0.001792137 0.999997258 -0.001472825 -0.146343917 -0.002209708 0.001468864 0.999996424 8.697332382
0.999998450 0.001231502 0.001266262 -0.014570547 -0.001229107 0.999997377 -0.001890335 -0.147615001 -0.001268586 0.001888775 0.999997377 8.737515450
0.999998510 0.001094197 0.001338506 -0.014915294 -0.001092211 0.999998271 -0.001483766 -0.148582548 -0.001340127 0.001482302 0.999997973 8.776781082
0.999999821 0.000447118 0.000342906 -0.014081907 -0.000446576 0.999998629 -0.001579440 -0.149354562 -0.000343612 0.001579287 0.999998629 8.817586899
0.999999285 -0.000236185 0.001128085 -0.015228801 0.000238709 0.999997497 -0.002237201 -0.150240108 -0.001127554 0.002237469 0.999996841 8.857482910
0.999999046 0.000149041 0.001403570 -0.015698828 -0.000144080 0.999993801 -0.003533426 -0.150657848 -0.001404088 0.003533220 0.999992728 8.897567749
0.999998868 -0.000696098 0.001321238 -0.015743036 0.000699973 0.999995470 -0.002934488 -0.151801556 -0.001319189 0.002935409 0.999994814 8.937632561
0.999998689 -0.000654410 0.001561619 -0.015841218 0.000659919 0.999993563 -0.003529986 -0.152795717 -0.001559299 0.003531011 0.999992549 8.977577209
0.999995708 -0.002208353 0.001936624 -0.016263954 0.002216743 0.999988139 -0.004341145 -0.153834894 -0.001927014 0.004345419 0.999988675 9.017607689
0.999992728 -0.002936785 0.002427971 -0.016451113 0.002946910 0.999987006 -0.004177321 -0.153714776 -0.002415671 0.004184446 0.999988317 9.057773590
0.999984026 -0.005369576 0.001754624 -0.016083052 0.005373408 0.999983191 -0.002186721 -0.155170485 -0.001742852 0.002196114 0.999996006 9.096069336
0.999983668 -0.005292942 0.002156797 -0.016157281 0.005299408 0.999981463 -0.003003967 -0.156086087 -0.002140856 0.003015347 0.999993145 9.135484695
0.999988914 -0.003074684 0.003551279 -0.017194010 0.003091338 0.999984205 -0.004693523 -0.156279802 -0.003536792 0.004704449 0.999982655 9.175477028
0.999989748 -0.003778177 0.002503031 -0.016488932 0.003785086 0.999989033 -0.002761204 -0.157509267 -0.002492571 0.002770650 0.999993026 9.215510368
0.999995410 -0.002260965 0.002007294 -0.016277852 0.002263861 0.999996424 -0.001441391 -0.158694074 -0.002004028 0.001445929 0.999996901 9.255778313
0.999994397 -0.000639977 0.003285163 -0.016950378 0.000646235 0.999997973 -0.001904228 -0.159223050 -0.003283938 0.001906340 0.999992728 9.294970512
0.999993563 -0.001249885 0.003363789 -0.016885620 0.001260289 0.999994397 -0.003092737 -0.160203725 -0.003359906 0.003096957 0.999989569 9.336512566
0.999990702 -0.002793611 0.003299547 -0.016737448 0.002801929 0.999992847 -0.002519021 -0.161121935 -0.003292487 0.002528242 0.999991357 9.376310349
0.999990225 -0.000988927 0.004310613 -0.017287042 0.001002476 0.999994516 -0.003142067 -0.161826938 -0.004307482 0.003146359 0.999985814 9.416555405
0.999991000 -0.000528954 0.004206273 -0.017501708 0.000544914 0.999992669 -0.003794108 -0.162243798 -0.004204235 0.003796365 0.999983966 9.457953453
0.999990344 0.001070015 0.004267160 -0.018245902 -0.001057205 0.999994993 -0.003003341 -0.163013846 -0.004270352 0.002998801 0.999986351 9.498989105
0.999982715 0.002526604 0.005310072 -0.018125821 -0.002507192 0.999990165 -0.003659161 -0.163922742 -0.005319265 0.003645783 0.999979198 9.538481712
0.999973655 0.004786181 0.005451584 -0.018257059 -0.004763746 0.999980152 -0.004120996 -0.164882630 -0.005471199 0.004094918 0.999976695 9.578398705
0.999979138 0.003732115 0.005261734 -0.017850056 -0.003710842 0.999984920 -0.004046925 -0.165484428 -0.005276757 0.004027316 0.999977946 9.617871284
0.999974847 0.004222177 0.005700012 -0.018067431 -0.004203029 0.999985456 -0.003366966 -0.166046083 -0.005714145 0.003342925 0.999978006 9.657775879
0.999963284 0.006015920 0.006097792 -0.017968897 -0.005996601 0.999976873 -0.003181572 -0.166917622 -0.006116792 0.003144889 0.999976337 9.697824478
