0.999999821 -0.000412218 -0.000223526 -0.000189504 0.000412590 0.999998510 0.001666988 -0.000548076 0.000222839 -0.001667081 0.999998569 0.032961022
0.999998510 -0.001620438 -0.000559575 -0.000072959 0.001621590 0.999996603 0.002063515 -0.001117928 0.000556229 -0.002064419 0.999997735 0.065934114
0.999995530 -0.002940309 -0.000585159 -0.000351644 0.002940717 0.999995410 0.000696730 -0.001440964 0.000583108 -0.000698448 0.999999523 0.098433100
0.999994159 -0.003394719 -0.000361090 -0.000559037 0.003395025 0.999993801 0.000848735 -0.001992176 0.000358206 -0.000849957 0.999999583 0.131631613
0.999992013 -0.003952011 -0.000503336 -0.000527643 0.003952851 0.999990761 0.001678170 -0.002454333 0.000496700 -0.001680147 0.999998450 0.165050313
0.999986768 -0.005141860 -0.000117510 -0.000653379 0.005142190 0.999982297 0.003010329 -0.003064371 0.000102029 -0.003010893 0.999995410 0.198569208
0.999986589 -0.005143955 -0.000584010 -0.000777493 0.005145865 0.999981284 0.003316503 -0.003388328 0.000566939 -0.003319464 0.999994338 0.231921569
0.999988735 -0.004637604 -0.001006645 -0.000921435 0.004639377 0.999987662 0.001765864 -0.004009753 0.000998443 -0.001770515 0.999997914 0.265684396
0.999998927 -0.001100758 -0.000959078 -0.001256855 0.001100203 0.999999225 -0.000580012 -0.004386176 0.000959715 0.000578956 0.999999344 0.298702508
0.999998510 0.001666808 -0.000186080 -0.001932536 -0.001667058 0.999997735 -0.001349707 -0.005006275 0.000183830 0.001350015 0.999999046 0.332261652
0.999990165 0.004377215 -0.000575269 -0.002043447 -0.004378121 0.999989152 -0.001583328 -0.005618311 0.000568332 0.001585831 0.999998510 0.365700394
0.999984622 0.005487754 -0.000566117 -0.002255401 -0.005488357 0.999984384 -0.001069317 -0.005966501 0.000560240 0.001072408 0.999999225 0.400044143
0.999996006 0.002829799 -0.000104804 -0.002423356 -0.002829548 0.999993324 0.002318780 -0.006798019 0.000111365 -0.002318475 0.999997318 0.433465511
0.999999523 -0.000860603 0.000401874 -0.002736066 0.000859040 0.999992132 0.003873736 -0.007173795 -0.000405205 -0.003873389 0.999992371 0.467708647
0.999994576 -0.003279750 0.000396670 -0.002908895 0.003279118 0.999993384 0.001582785 -0.007604976 -0.000401858 -0.001581475 0.999998689 0.502218485
0.999989986 -0.004475347 -0.000060390 -0.002650944 0.004475347 0.999989986 -0.000015445 -0.008333066 0.000060458 0.000015175 1.000000000 0.535148859
0.999996781 -0.002517209 -0.000259970 -0.002382554 0.002516771 0.999995470 -0.001673529 -0.008974491 0.000264181 0.001672870 0.999998569 0.570265293
0.999999821 0.000344354 0.000530147 -0.002772802 -0.000344052 0.999999821 -0.000568742 -0.009015190 -0.000530342 0.000568559 0.999999702 0.605046928
0.999997377 0.001466864 0.001763390 -0.003237252 -0.001473735 0.999991417 0.003901981 -0.009913694 -0.001757651 -0.003904569 0.999990761 0.638113618
0.999998212 -0.000721186 0.001759312 -0.003016379 0.000710832 0.999982536 0.005878550 -0.010259384 -0.001763521 -0.005877289 0.999981105 0.673096180
0.999991477 -0.003570457 0.002081597 -0.003663194 0.003564764 0.999989986 0.002732150 -0.010142861 -0.002091331 -0.002724706 0.999994040 0.707481146
0.999981880 -0.005803555 0.001588874 -0.003020649 0.005800613 0.999981463 0.001850543 -0.011220363 -0.001599584 -0.001841293 0.999996960 0.741617203
0.999973238 -0.006838937 0.002592783 -0.003386495 0.006840297 0.999976516 -0.000515573 -0.012041033 -0.002589196 0.000533295 0.999996543 0.776098371
0.999992132 -0.002314089 0.003214135 -0.003474595 0.002317888 0.999996662 -0.001178748 -0.012843480 -0.003211396 0.001186189 0.999994099 0.810750782
0.999992251 -0.002046557 0.003346154 -0.003336435 0.002058670 0.999991298 -0.003620747 -0.012865752 -0.003338716 0.003627608 0.999987841 0.845149994
0.999994218 -0.000140505 0.003356924 -0.003401809 0.000152045 0.999994040 -0.003437676 -0.013385806 -0.003356421 0.003438168 0.999988437 0.880631566
0.999993086 0.000097258 0.003721576 -0.004095845 -0.000089004 0.999997497 -0.002217932 -0.013886397 -0.003721783 0.002217585 0.999990582 0.915425956
0.999996662 0.000347190 0.002535762 -0.003381117 -0.000346874 0.999999940 -0.000125170 -0.014830513 -0.002535805 0.000124290 0.999996781 0.950541556
0.999991953 0.002980953 0.002673735 -0.003544964 -0.002981260 0.999995470 0.000110897 -0.015332718 -0.002673393 -0.000118867 0.999996424 0.985127866
0.999974847 0.006238672 0.003384391 -0.004352364 -0.006236827 0.999980330 -0.000555130 -0.015839333 -0.003387788 0.000534008 0.999994099 1.021458268
0.999965370 0.007960686 0.002419672 -0.003519689 -0.007960426 0.999968231 -0.000115874 -0.016342109 -0.002420518 0.000096608 0.999997020 1.056169033
0.999955952 0.008964680 0.002781230 -0.004148774 -0.008964029 0.999959767 -0.000246598 -0.016737349 -0.002783329 0.000221657 0.999996066 1.090541124
0.999964297 0.008256914 0.001786056 -0.003898344 -0.008256451 0.999965847 -0.000266956 -0.017381731 -0.001788199 0.000252200 0.999998331 1.127371550
0.999968350 0.007807013 0.001505365 -0.004471925 -0.007805105 0.999968708 -0.001268519 -0.017514190 -0.001515221 0.001256729 0.999998093 1.162358284
0.999976695 0.006814879 0.000212195 -0.004208369 -0.006814855 0.999976754 -0.000102625 -0.018837146 -0.000212889 0.000101177 1.000000000 1.197281957
0.999976635 0.006821386 -0.000153922 -0.004643344 -0.006821340 0.999976695 0.000295273 -0.018909942 0.000155933 -0.000294216 1.000000000 1.231887698
0.999975145 0.006772457 -0.001952939 -0.004418627 -0.006770852 0.999976754 0.000827300 -0.020230392 0.001958497 -0.000814056 0.999997735 1.268402457
0.999976695 0.006453647 -0.002242569 -0.005186498 -0.006451912 0.999978840 0.000780244 -0.020445336 0.002247558 -0.000765757 0.999997199 1.305487275
0.999960959 0.007892517 -0.003972815 -0.005454662 -0.007885080 0.999967158 0.001884143 -0.020991733 0.003987556 -0.001852743 0.999990344 1.339931488
0.999968469 0.006604099 -0.004401692 -0.006033959 -0.006593545 0.999975383 0.002407885 -0.021373264 0.004417486 -0.002378787 0.999987423 1.375439405
0.999975324 0.004716027 -0.005212310 -0.006109685 -0.004699198 0.999983728 0.003236157 -0.022302406 0.005227488 -0.003211584 0.999981225 1.411380291
0.999984801 0.002415603 -0.004961020 -0.006493462 -0.002402491 0.999993622 0.002647351 -0.022994913 0.004967383 -0.002635391 0.999984145 1.447458982
0.999982715 0.001745660 -0.005618684 -0.006420196 -0.001733104 0.999996006 0.002238730 -0.022775531 0.005622570 -0.002228953 0.999981701 1.483038783
0.999987125 0.000427217 -0.005067374 -0.006708669 -0.000410832 0.999994695 0.003233944 -0.023589998 0.005068730 -0.003231819 0.999981940 1.517319560
0.999984443 -0.002832954 -0.004804592 -0.007195638 0.002852879 0.999987304 0.004145275 -0.024185831 0.004792789 -0.004158918 0.999979854 1.554361224
0.999982953 -0.003494321 -0.004683603 -0.006702339 0.003510822 0.999987602 0.003519509 -0.024485156 0.004671246 -0.003535892 0.999982834 1.588746548
0.999969959 -0.006373571 -0.004418074 -0.007084800 0.006387897 0.999974310 0.003236200 -0.025026953 0.004397335 -0.003264325 0.999985099 1.624430180
0.999970317 -0.006725881 -0.003772700 -0.007302542 0.006734473 0.999974728 0.002269646 -0.025128676 0.003757339 -0.002294985 0.999990344 1.659687638
0.999992788 -0.002732019 -0.002646475 -0.008042832 0.002736176 0.999995053 0.001568586 -0.025606498 0.002642176 -0.001575817 0.999995232 1.696692348
0.999997675 0.001080872 -0.001876167 -0.008192897 -0.001076411 0.999996662 0.002377316 -0.026163384 0.001878730 -0.002375291 0.999995470 1.731082082
0.999987006 0.004981972 -0.001112942 -0.008510917 -0.004977322 0.999979079 0.004142266 -0.026974078 0.001133556 -0.004136674 0.999990761 1.765538096
0.999953508 0.009651526 -0.000061152 -0.010472469 -0.009651152 0.999943256 0.004505406 -0.027525669 0.000104633 -0.004504607 0.999989867 1.803075433
0.999915063 0.013031759 -0.000042101 -0.009708474 -0.013031425 0.999904573 0.004606162 -0.028194884 0.000102123 -0.004605223 0.999989390 1.839159966
0.999901354 0.014023954 0.000791306 -0.010576873 -0.014026594 0.999895692 0.003438340 -0.028433898 -0.000743005 -0.003449100 0.999993801 1.875733733
0.999868512 0.016157543 0.001385080 -0.010652998 -0.016161997 0.999864101 0.003267898 -0.028277820 -0.001332090 -0.003289853 0.999993682 1.909837484
0.999870539 0.016042251 0.001254829 -0.010301705 -0.016046351 0.999865711 0.003330807 -0.028575627 -0.001201226 -0.003350512 0.999993622 1.944421411
0.999871194 0.015961604 0.001680632 -0.010559445 -0.015968665 0.999863386 0.004273673 -0.030634249 -0.001612188 -0.004299960 0.999989450 1.978286743
0.999897718 0.014253241 0.001192303 -0.010530951 -0.014256886 0.999893486 0.003105624 -0.030953560 -0.001147911 -0.003122304 0.999994516 2.012867212
0.999900043 0.013924386 0.002414152 -0.012854760 -0.013929064 0.999901116 0.001932308 -0.029697873 -0.002387007 -0.001965741 0.999995232 2.044797421
0.999935269 0.011222682 0.001879864 -0.013352560 -0.011226824 0.999934554 0.002207764 -0.029755525 -0.001854964 -0.002228726 0.999995828 2.081183434
0.999906838 0.013641917 0.000369771 -0.011258532 -0.013642772 0.999903977 0.002416499 -0.032003984 -0.000336770 -0.002421319 0.999996960 2.116075754
0.999910951 0.013290043 -0.001186398 -0.010700083 -0.013287383 0.999909282 0.002223526 -0.031894844 0.001215841 -0.002207564 0.999996781 2.151133537
0.999925494 0.011922893 -0.002620307 -0.010197323 -0.011916682 0.999926209 0.002374437 -0.031143762 0.002648424 -0.002343035 0.999993682 2.183727026
0.999926627 0.011715520 -0.003081807 -0.010597270 -0.011703917 0.999924481 0.003756315 -0.033191424 0.003125581 -0.003719970 0.999988139 2.217031002
0.999951303 0.009401287 -0.003031881 -0.012201222 -0.009384003 0.999939919 0.005665557 -0.035021730 0.003084962 -0.005636828 0.999979317 2.250288725
0.999960065 0.007112259 -0.005412532 -0.011126959 -0.007083908 0.999961197 0.005239035 -0.034930293 0.005449583 -0.005200483 0.999971628 2.286413908
0.999964774 0.006190066 -0.005667116 -0.011840752 -0.006161736 0.999968529 0.005003012 -0.035910003 0.005697906 -0.004967916 0.999971449 2.320401669
0.999963701 0.004993961 -0.006905057 -0.011282642 -0.004962133 0.999976993 0.004618925 -0.036341667 0.006927964 -0.004584493 0.999965489 2.354920149
0.999956131 0.005661685 -0.007460926 -0.011086356 -0.005630430 0.999975383 0.004203471 -0.037390865 0.007484539 -0.004161278 0.999963343 2.388076305
0.999973238 0.005063672 -0.005267569 -0.013374076 -0.005047096 0.999982297 0.003155293 -0.036962193 0.005283453 -0.003128623 0.999981105 2.421306372
0.999974549 0.006355433 -0.003219909 -0.015041789 -0.006347535 0.999976814 0.002457536 -0.037432790 0.003235453 -0.002437035 0.999991834 2.451351404
0.999957383 0.007945533 -0.004689013 -0.013697167 -0.007932729 0.999964833 0.002742972 -0.038272716 0.004710642 -0.002705658 0.999985278 2.486444950
0.999922931 0.011542078 -0.004564649 -0.014107471 -0.011518428 0.999920309 0.005174096 -0.041219678 0.004624004 -0.005121119 0.999976158 2.521808386
0.999950469 0.008970994 -0.004306204 -0.015210548 -0.008946773 0.999944150 0.005611490 -0.039283417 0.004356304 -0.005572686 0.999974966 2.555647135
0.999962866 0.007429144 -0.004370088 -0.015373691 -0.007410432 0.999963403 0.004282715 -0.039968472 0.004401745 -0.004250173 0.999981225 2.587304115
0.999964297 0.006730010 -0.005109391 -0.015252453 -0.006717536 0.999974430 0.002454593 -0.040686641 0.005125779 -0.002420183 0.999983966 2.621725082
0.999950767 0.009190511 -0.003742404 -0.016101155 -0.009189306 0.999957681 0.000338948 -0.041004304 0.003745361 -0.000304542 0.999992907 2.653302670
0.999972403 0.006080094 -0.004258301 -0.016650742 -0.006072108 0.999979734 0.001885713 -0.041755825 0.004269680 -0.001859804 0.999989092 2.690658808
0.999985218 0.003861452 -0.003817930 -0.016768444 -0.003847304 0.999985695 0.003706206 -0.042231027 0.003832186 -0.003691462 0.999985874 2.723976612
0.999994755 0.002111645 -0.002433307 -0.017043183 -0.002102089 0.999990046 0.003923160 -0.042017989 0.002441566 -0.003918024 0.999989331 2.755215406
0.999997854 0.001059631 -0.001734437 -0.017438885 -0.001054793 0.999995530 0.002787239 -0.042923793 0.001737382 -0.002785404 0.999994576 2.787012339
0.999994695 0.002795510 -0.001686400 -0.017335009 -0.002794655 0.999995947 0.000508601 -0.043570213 0.001687815 -0.000503886 0.999998450 2.824654579
0.999983907 0.005645825 -0.000499431 -0.017746516 -0.005646992 0.999981225 -0.002368123 -0.043933298 0.000486052 0.002370905 0.999997079 2.857231140
0.999957681 0.009121755 0.001182926 -0.018189821 -0.009118984 0.999955714 -0.002326822 -0.044561196 -0.001204099 0.002315937 0.999996603 2.889524460
0.999950409 0.009632294 0.002528135 -0.018625168 -0.009631272 0.999953508 -0.000416139 -0.045177497 -0.002532027 0.000391769 0.999996722 2.923482895
0.999943018 0.009961501 0.003829561 -0.019305021 -0.009971119 0.999947131 0.002500738 -0.045944180 -0.003804447 -0.002538781 0.999989510 2.959161758
0.999959230 0.008305770 0.003538387 -0.018757977 -0.008317324 0.999960124 0.003262922 -0.046493135 -0.003511145 -0.003292219 0.999988437 2.993691444
0.999934971 0.010008264 0.005464714 -0.019504067 -0.010021710 0.999946773 0.002438765 -0.046956509 -0.005440017 -0.002493372 0.999982119 3.026131868
0.999906898 0.012003109 0.006488609 -0.019279683 -0.012017838 0.999925375 0.002235909 -0.047623362 -0.006461286 -0.002313680 0.999976456 3.057559729
0.999866843 0.014111435 0.008197837 -0.019632522 -0.014126995 0.999898434 0.001843131 -0.048118901 -0.008170996 -0.001958696 0.999964714 3.092375994
0.999874771 0.013094293 0.008887537 -0.018828170 -0.013100250 0.999913931 0.000612422 -0.048170522 -0.008878753 -0.000728774 0.999960303 3.124724150
0.999847174 0.014476827 0.009801394 -0.018083448 -0.014478653 0.999895215 0.000115301 -0.049171902 -0.009798698 -0.000257194 0.999952018 3.156790733
0.999836922 0.014178375 0.011182629 -0.018959761 -0.014175619 0.999899447 -0.000325656 -0.049428768 -0.011186121 0.000167082 0.999937356 3.191481829
0.999805748 0.015648371 0.011985087 -0.018535241 -0.015660090 0.999876976 0.000884541 -0.050323948 -0.011969771 -0.001072057 0.999927759 3.224352360
0.999814034 0.014131890 0.013124711 -0.018393632 -0.014155385 0.999898374 0.001698876 -0.050979972 -0.013099371 -0.001884346 0.999912381 3.257564545
0.999825776 0.013432156 0.012961694 -0.017720826 -0.013456859 0.999907792 0.001820562 -0.051305547 -0.012936044 -0.001994669 0.999914348 3.290992737
0.999843538 0.011349279 0.013568528 -0.017889298 -0.011383447 0.999932170 0.002443664 -0.052290313 -0.013539876 -0.002597738 0.999904931 3.324669600
0.999868333 0.009133205 0.013423088 -0.017852146 -0.009170339 0.999954283 0.002707480 -0.051895171 -0.013397748 -0.002830217 0.999906182 3.358627796
0.999898136 0.007590602 0.012088140 -0.016689781 -0.007618307 0.999968410 0.002247624 -0.052269064 -0.012070698 -0.002339486 0.999924421 3.392442226
0.999911904 0.006824409 0.011382562 -0.017011687 -0.006846070 0.999974787 0.001865171 -0.052477948 -0.011369547 -0.001942933 0.999933481 3.424197435
0.999932528 0.004743965 0.010600125 -0.016707975 -0.004775169 0.999984324 0.002920232 -0.053175636 -0.010586106 -0.002970652 0.999939501 3.457724810
0.999950826 0.003722490 0.009187984 -0.016510639 -0.003751155 0.999988139 0.003104538 -0.054036066 -0.009176318 -0.003138850 0.999952972 3.494358540
0.999961019 0.003517430 0.008103527 -0.016455552 -0.003542611 0.999988973 0.003095091 -0.054636646 -0.008092551 -0.003123678 0.999962389 3.527091503
0.999973774 0.003184462 0.006512868 -0.015669277 -0.003200307 0.999991953 0.002423819 -0.055345971 -0.006505100 -0.002444598 0.999975860 3.560550928
0.999980271 0.002581037 0.005726441 -0.015800973 -0.002597734 0.999992490 0.002910163 -0.056435898 -0.005718886 -0.002924981 0.999979377 3.593394279
0.999990761 0.000867311 0.004217108 -0.015315772 -0.000865981 0.999999523 -0.000317161 -0.056026328 -0.004217382 0.000313506 0.999991059 3.629834414
0.999989152 -0.004135426 0.002169200 -0.014519989 0.004136403 0.999991357 -0.000446141 -0.057071097 -0.002167337 0.000455109 0.999997556 3.663544178
0.999933422 -0.011499962 0.000983143 -0.014011928 0.011497679 0.999931276 0.002296467 -0.057971440 -0.001009485 -0.002285010 0.999996901 3.697759867
0.999825835 -0.018660503 -0.000400908 -0.013276162 0.018661849 0.999819100 0.003669425 -0.058230557 0.000332363 -0.003676269 0.999993205 3.730908155
0.999731421 -0.023074808 -0.002175470 -0.012447274 0.023076259 0.999733508 0.000644084 -0.059105650 0.002160028 -0.000694113 0.999997437 3.764592409
0.999767363 -0.021567358 -0.000262367 -0.014703530 0.021566432 0.999762535 -0.003128994 -0.059110314 0.000329789 0.003122608 0.999995053 3.797901154
0.999827147 -0.018568305 0.001039411 -0.015050830 0.018573018 0.999816358 -0.004724123 -0.060145389 -0.000951501 0.004742611 0.999988258 3.831019878
0.999857724 -0.016723374 0.002218018 -0.015297946 0.016735200 0.999845147 -0.005424276 -0.060387552 -0.002126962 0.005460623 0.999982774 3.862917423
0.999759495 -0.021792302 0.002481590 -0.014728969 0.021797189 0.999760449 -0.001960810 -0.060890779 -0.002438265 0.002014430 0.999994934 3.898197889
0.999647915 -0.026378229 0.002867019 -0.015144326 0.026376532 0.999651849 0.000628727 -0.061767779 -0.002882604 -0.000552883 0.999995708 3.931969166
0.999510348 -0.031193586 0.002485883 -0.014650978 0.031187801 0.999510825 0.002334053 -0.062455989 -0.002557475 -0.002255381 0.999994218 3.965611696
0.999503493 -0.031371254 0.002930827 -0.014591191 0.031366032 0.999506354 0.001812916 -0.062687531 -0.002986253 -0.001720088 0.999994040 3.998800993
0.999518931 -0.030811012 0.003557812 -0.014507031 0.030800598 0.999521196 0.002945982 -0.063014604 -0.003646878 -0.002834983 0.999989390 4.032796860
0.999684453 -0.024497382 0.005558359 -0.015517056 0.024489462 0.999698937 0.001488351 -0.063895948 -0.005593145 -0.001351760 0.999983370 4.065169334
0.999731958 -0.022288918 0.006261617 -0.015540203 0.022288982 0.999751568 0.000059689 -0.064947627 -0.006261391 0.000079892 0.999980390 4.098904133
0.999798357 -0.018861527 0.006887313 -0.015527135 0.018868098 0.999821544 -0.000890553 -0.064954862 -0.006869286 0.001020323 0.999975801 4.132936478
0.999813318 -0.017886417 0.007317406 -0.015575139 0.017878324 0.999839485 0.001169787 -0.066023149 -0.007337154 -0.001038746 0.999972522 4.165103436
0.999847710 -0.015743911 0.007518413 -0.016196970 0.015737643 0.999875724 0.000892048 -0.067001760 -0.007531523 -0.000773590 0.999971271 4.198757172
0.999917626 -0.011067173 0.006499779 -0.015029432 0.011085271 0.999934733 -0.002755078 -0.067288265 -0.006468864 0.002826903 0.999975085 4.230824947
0.999968469 -0.005052258 0.006124693 -0.015190607 0.005088819 0.999969244 -0.005968384 -0.068256438 -0.006094351 0.005999364 0.999963403 4.265334129
0.999976873 -0.001598276 0.006610345 -0.015674656 0.001643841 0.999974906 -0.006893256 -0.068938129 -0.006599162 0.006903962 0.999954462 4.298366070
0.999981582 0.001678856 0.005834304 -0.015030306 -0.001647060 0.999983788 -0.005450482 -0.069662958 -0.005843360 0.005440772 0.999968052 4.331670284
0.999973297 0.004334405 0.005880474 -0.015009273 -0.004313465 0.999984264 -0.003568808 -0.070352852 -0.005895849 0.003543347 0.999976337 4.365454674
0.999963939 0.005171372 0.006736151 -0.015343918 -0.005164383 0.999986053 -0.001054540 -0.071020827 -0.006741511 0.001019713 0.999976754 4.398942471
0.999981582 0.000609712 0.006037294 -0.015429456 -0.000609387 0.999999821 -0.000055579 -0.071236610 -0.006037326 0.000051899 0.999981701 4.431449890
0.999992073 -0.000283240 0.003967680 -0.014513450 0.000285550 0.999999762 -0.000581524 -0.071472764 -0.003967515 0.000582652 0.999991953 4.465989590
0.999998093 0.000758613 0.001785017 -0.015012001 -0.000750291 0.999988794 -0.004658370 -0.072305873 -0.001788531 0.004657023 0.999987543 4.501991749
0.999994814 0.003053233 0.001064713 -0.015506284 -0.003044202 0.999960184 -0.008383409 -0.074088365 -0.001090268 0.008380123 0.999964237 4.533062458
0.999985456 0.005233839 -0.001291984 -0.014172030 -0.005243807 0.999955535 -0.007836625 -0.076087072 0.001250911 0.007843287 0.999968410 4.565648079
0.999956906 0.009265015 -0.000450981 -0.015572689 -0.009268489 0.999921501 -0.008433010 -0.074960053 0.000372813 0.008436828 0.999964356 4.602154255
0.999932528 0.011620969 -0.000183709 -0.015677374 -0.011621785 0.999918222 -0.005344739 -0.075624220 0.000121583 0.005346513 0.999985754 4.635938168
0.999917388 0.012851653 0.000340986 -0.016143743 -0.012850332 0.999910891 -0.003630495 -0.076327644 -0.000387613 0.003625812 0.999993384 4.670284748
0.999952555 0.009727476 -0.000188898 -0.015616643 -0.009727782 0.999951303 -0.001695274 -0.077179156 0.000172398 0.001697031 0.999998569 4.703418255
0.999948025 0.010187360 0.000384696 -0.016338987 -0.010186780 0.999947011 -0.001478732 -0.077895641 -0.000399740 0.001474736 0.999998808 4.739064693
0.999961317 0.008725307 0.001085840 -0.016921410 -0.008724128 0.999961376 -0.001086092 -0.078599446 -0.001095275 0.001076577 0.999998808 4.773100376
0.999982893 0.005731553 0.001126912 -0.016736619 -0.005730780 0.999983370 -0.000687378 -0.079434335 -0.001130833 0.000680909 0.999999046 4.806364536
0.999996781 0.002334356 0.001014850 -0.016193071 -0.002334564 0.999997199 0.000204335 -0.079687968 -0.001014370 -0.000206703 0.999999464 4.843946934
0.999995053 -0.002779401 0.001499525 -0.016308865 0.002775903 0.999993443 0.002329750 -0.080620982 -0.001505990 -0.002325576 0.999996126 4.877657890
0.999986291 -0.004817901 0.002042380 -0.015978688 0.004814272 0.999986827 0.001777450 -0.080667697 -0.002050917 -0.001767593 0.999996305 4.911509037
0.999995291 -0.001974303 0.002383534 -0.016006110 0.001979499 0.999995589 -0.002179387 -0.081676766 -0.002379221 0.002184096 0.999994814 4.944976330
0.999985397 0.004861070 0.002369664 -0.016625848 -0.004841667 0.999955237 -0.008126215 -0.081948280 -0.002409060 0.008114623 0.999964178 4.984806061
0.999886632 0.014365920 0.004504467 -0.017820846 -0.014326323 0.999859512 -0.008702843 -0.082309380 -0.004628859 0.008637323 0.999952018 5.019607067
0.999761760 0.021366540 0.004443458 -0.016737731 -0.021347323 0.999762714 -0.004328175 -0.083253056 -0.004534882 0.004232288 0.999980748 5.055388451
0.999697149 0.023834463 0.006127365 -0.017582593 -0.023817718 0.999712348 -0.002791673 -0.084020615 -0.006192141 0.002644887 0.999977350 5.091783047
0.999786377 0.019979605 0.005298310 -0.017767847 -0.019971091 0.999799192 -0.001654988 -0.084948167 -0.005330312 0.001548821 0.999984622 5.127045155
0.999843836 0.017137723 0.004316919 -0.017706657 -0.017130295 0.999851763 -0.001751527 -0.085588753 -0.004346295 0.001677303 0.999989212 5.162534714
0.999883473 0.014977233 0.002969699 -0.017153250 -0.014970051 0.999885023 -0.002426256 -0.086188883 -0.003005696 0.002381517 0.999992728 5.199266434
0.999869168 0.015903389 0.002952890 -0.018026028 -0.015893700 0.999868453 -0.003274346 -0.086670764 -0.003004574 0.003226986 0.999990284 5.234270573
0.999866426 0.016077358 0.002938337 -0.018228449 -0.016070142 0.999867976 -0.002462985 -0.087558232 -0.002977547 0.002415437 0.999992609 5.270230293
0.999839187 0.017767541 0.002446897 -0.018302292 -0.017762786 0.999840438 -0.001951477 -0.088065811 -0.002481179 0.001907700 0.999995112 5.306890965
0.999868929 0.016085075 0.001820392 -0.018496865 -0.016082043 0.999869347 -0.001668713 -0.089204185 -0.001846996 0.001639219 0.999996901 5.343168259
0.999851108 0.017167119 0.001742286 -0.018279932 -0.017160796 0.999846458 -0.003582752 -0.089440763 -0.001803524 0.003552320 0.999992073 5.380658150
0.999857962 0.016780682 0.001545089 -0.018370422 -0.016774060 0.999850571 -0.004205184 -0.090137735 -0.001615424 0.004178669 0.999989986 5.417167187
0.999858975 0.016790148 0.000343094 -0.017565055 -0.016788559 0.999850273 -0.004203964 -0.090865694 -0.000413628 0.004197611 0.999991119 5.454065323
0.999851882 0.017196428 0.000730702 -0.018285807 -0.017192671 0.999840379 -0.004874310 -0.090898424 -0.000814406 0.004861026 0.999987841 5.488348007
0.999854624 0.017050005 -0.000148658 -0.018187087 -0.017050499 0.999844491 -0.004526201 -0.092263758 0.000071463 0.004528078 0.999989748 5.526940823
0.999827385 0.018528009 -0.001412808 -0.017443184 -0.018535109 0.999814749 -0.005187708 -0.093057543 0.001316428 0.005212999 0.999985576 5.565487862
0.999846518 0.017498270 -0.000829116 -0.018734597 -0.017502047 0.999835432 -0.004789627 -0.094022274 0.000745169 0.004803403 0.999988198 5.601175308
0.999828577 0.018477259 -0.001224154 -0.018775210 -0.018483086 0.999817014 -0.004932766 -0.094682127 0.001132786 0.004954547 0.999987066 5.637361050
0.999870598 0.015996194 -0.001690831 -0.018651577 -0.016004099 0.999860644 -0.004771687 -0.095408440 0.001614266 0.004798131 0.999987185 5.674408436
0.999893129 0.014546651 -0.001471144 -0.018681213 -0.014554499 0.999879062 -0.005472477 -0.096051894 0.001391360 0.005493304 0.999983966 5.711347103
0.999891937 0.014514302 -0.002333953 -0.017923577 -0.014525230 0.999883235 -0.004734495 -0.097166806 0.002264962 0.004767884 0.999986053 5.748476505
0.999922454 0.012364353 -0.001461381 -0.019350596 -0.012370277 0.999914944 -0.004116653 -0.097674780 0.001410357 0.004134412 0.999990463 5.786058903
0.999924064 0.012155538 -0.002039874 -0.019293681 -0.012162736 0.999919713 -0.003554102 -0.098589815 0.001996509 0.003578642 0.999991655 5.823241234
0.999923170 0.012275171 -0.001723869 -0.019694479 -0.012282170 0.999916077 -0.004108651 -0.099305294 0.001673290 0.004129508 0.999990046 5.860527992
0.999908090 0.013408032 -0.002002354 -0.019094273 -0.013416556 0.999900699 -0.004305666 -0.100347936 0.001944425 0.004332135 0.999988735 5.897618294
0.999895394 0.014335964 -0.001879489 -0.019504473 -0.014344673 0.999885976 -0.004703087 -0.100383684 0.001811852 0.004729556 0.999987185 5.935205460
0.999889195 0.014886325 0.000220186 -0.020787515 -0.014885400 0.999882162 -0.003733733 -0.100462049 -0.000275741 0.003730042 0.999993086 5.973677635
0.999894500 0.014520428 -0.000009117 -0.020424834 -0.014520404 0.999891222 -0.002580757 -0.101675987 -0.000028358 0.002580617 0.999996722 6.011472702
0.999873996 0.015824128 0.001217558 -0.021160847 -0.015818745 0.999865592 -0.004307546 -0.102538496 -0.001285558 0.004287743 0.999989986 6.049143314
0.999889374 0.014849015 0.000874601 -0.020722114 -0.014843892 0.999874175 -0.005595376 -0.103132561 -0.000957577 0.005581775 0.999983966 6.085180283
0.999867737 0.016140150 0.001971234 -0.021338901 -0.016128184 0.999852180 -0.005941996 -0.103592604 -0.002066848 0.005909419 0.999980390 6.123021126
0.999874890 0.015807472 0.000650945 -0.020675534 -0.015804380 0.999864936 -0.004508737 -0.104624927 -0.000722129 0.004497884 0.999989629 6.160997868
0.999877036 0.015592795 0.001670912 -0.021669842 -0.015586931 0.999872446 -0.003468303 -0.105655499 -0.001724780 0.003441832 0.999992549 6.197534561
0.999871969 0.015956694 0.001169252 -0.021715663 -0.015953315 0.999868631 -0.002845282 -0.106733598 -0.001214500 0.002826264 0.999995291 6.234629154
0.999848545 0.017246416 0.002317264 -0.022437565 -0.017240185 0.999847710 -0.002682926 -0.107474804 -0.002363183 0.002642569 0.999993742 6.272505283
0.999819517 0.018938847 0.001485653 -0.022230208 -0.018933343 0.999814093 -0.003635040 -0.108044542 -0.001554220 0.003606256 0.999992311 6.311103344
0.999832571 0.018262431 0.001151102 -0.022265794 -0.018258240 0.999827087 -0.003553748 -0.108322993 -0.001215803 0.003532137 0.999993026 6.348050594
0.999840558 0.017854225 0.000190726 -0.021972589 -0.017853649 0.999837041 -0.002685850 -0.109696627 -0.000238649 0.002682017 0.999996364 6.386197090
0.999878824 0.015563510 0.000177901 -0.022244109 -0.015563197 0.999877572 -0.001634445 -0.110392794 -0.000203317 0.001631478 0.999998629 6.425509930
0.999915004 0.013030495 0.000431186 -0.022383330 -0.013029737 0.999913573 -0.001713520 -0.110720232 -0.000453477 0.001707756 0.999998450 6.462542057
0.999931335 0.011636592 0.001419104 -0.023394542 -0.011632747 0.999928653 -0.002688545 -0.111409724 -0.001450289 0.002671852 0.999995410 6.500750542
0.999947608 0.010230568 -0.000005646 -0.023016857 -0.010230515 0.999940217 -0.003841975 -0.112252623 -0.000033660 0.003841833 0.999992609 6.539242268
0.999962986 0.008502240 0.001339765 -0.023244310 -0.008500083 0.999962687 -0.001608357 -0.113074377 -0.001353390 0.001596910 0.999997735 6.576262474
0.999976158 0.006805379 0.001207874 -0.022855660 -0.006805134 0.999976814 -0.000206015 -0.113398194 -0.001209248 0.000197791 0.999999225 6.613842964
0.999976039 0.006635651 0.001988134 -0.023156412 -0.006633904 0.999977648 -0.000883437 -0.114248797 -0.001993952 0.000870227 0.999997616 6.651700497
0.999981344 0.005603825 0.002398938 -0.023847025 -0.005600102 0.999983132 -0.001555780 -0.115007080 -0.002407616 0.001542317 0.999995887 6.689249039
0.999973238 0.006349479 0.003637233 -0.024030386 -0.006343696 0.999978662 -0.001599659 -0.115833610 -0.003647312 0.001576543 0.999992132 6.727334976
0.999965191 0.007635174 0.003338587 -0.023950625 -0.007627527 0.999968290 -0.002297174 -0.116208434 -0.003356020 0.002271629 0.999991775 6.766577721
0.999929428 0.010708068 0.005150763 -0.024507526 -0.010698089 0.999940872 -0.001961197 -0.117445037 -0.005171459 0.001905955 0.999984801 6.804224014
0.999943018 0.009354006 0.005139106 -0.024367098 -0.009340744 0.999953032 -0.002598061 -0.117291741 -0.005163166 0.002549910 0.999983370 6.843123436
0.999887168 0.013143581 0.007280214 -0.024987157 -0.013121619 0.999909222 -0.003056644 -0.118738867 -0.007319729 0.002960770 0.999968827 6.880624771
0.999880135 0.013251428 0.007996151 -0.024857663 -0.013227759 0.999907970 -0.003005632 -0.119694062 -0.008035243 0.002899501 0.999963522 6.917913437
0.999888599 0.012570657 0.008040179 -0.023393527 -0.012544687 0.999915957 -0.003272135 -0.120617360 -0.008080635 0.003170909 0.999962389 6.954695702
0.999885023 0.012490672 0.008596559 -0.023685567 -0.012466010 0.999918044 -0.002916703 -0.121309623 -0.008632287 0.002809203 0.999958813 6.993744373
0.999875367 0.011452477 0.010860303 -0.024503186 -0.011429684 0.999932349 -0.002158626 -0.122145623 -0.010884289 0.002034228 0.999938667 7.031466007
0.999886692 0.010176628 0.011091667 -0.024133526 -0.010152398 0.999945998 -0.002238887 -0.122666046 -0.011113850 0.002126027 0.999935985 7.069471359
0.999889851 0.009899535 0.011053747 -0.024110347 -0.009848808 0.999940753 -0.004634244 -0.123575106 -0.011098967 0.004524869 0.999928176 7.108260155
0.999887466 0.009978447 0.011204195 -0.024099037 -0.009908174 0.999930978 -0.006310098 -0.124754250 -0.011266387 0.006198375 0.999917328 7.145614147
0.999907196 0.010118685 0.009121535 -0.023023650 -0.010060869 0.999929130 -0.006362069 -0.125606969 -0.009185264 0.006269709 0.999938130 7.184474468
0.999910235 0.009233775 0.009705421 -0.023539893 -0.009171175 0.999936998 -0.006474930 -0.126395673 -0.009764597 0.006385339 0.999931872 7.221576691
0.999935806 0.008139986 0.007886708 -0.023014989 -0.008088039 0.999945641 -0.006596304 -0.127343372 -0.007939971 0.006532093 0.999947131 7.260017395
0.999917030 0.010092796 0.008001769 -0.022901241 -0.010032192 0.999921024 -0.007578278 -0.128239304 -0.008077624 0.007497374 0.999939263 7.298806190
0.999923289 0.010025440 0.007275460 -0.023217563 -0.009973573 0.999924839 -0.007130568 -0.128768578 -0.007346401 0.007057459 0.999948084 7.336512566
0.999936879 0.009049158 0.006660657 -0.023282215 -0.009000893 0.999933243 -0.007240837 -0.129754201 -0.006725736 0.007180427 0.999951541 7.375991821
0.999954641 0.008215732 0.004833569 -0.022346087 -0.008189443 0.999951720 -0.005433990 -0.130710453 -0.004877980 0.005394158 0.999973536 7.414953232
0.999928474 0.010995666 0.004690575 -0.022796717 -0.010975106 0.999930143 -0.004386569 -0.131472945 -0.004738481 0.004334776 0.999979377 7.450149059
0.999910235 0.012102365 0.005745384 -0.023003045 -0.012076391 0.999916792 -0.004534577 -0.131835416 -0.005799785 0.004464786 0.999973238 7.489517689
0.999923229 0.010864743 0.005959500 -0.022896193 -0.010835658 0.999929368 -0.004891441 -0.132830352 -0.006012224 0.004826491 0.999970257 7.527455807
0.999921560 0.010366417 0.007033137 -0.022892371 -0.010333491 0.999935508 -0.004701920 -0.133846909 -0.007081426 0.004628874 0.999964237 7.563015461
0.999940574 0.008347985 0.007018641 -0.022850022 -0.008305694 0.999947309 -0.006033431 -0.134185746 -0.007068638 0.005974777 0.999957204 7.602499962
0.999946535 0.006929792 0.007678846 -0.022737611 -0.006871336 0.999947429 -0.007613053 -0.135466248 -0.007731200 0.007559883 0.999941468 7.638360977
0.999946833 0.006918946 0.007645515 -0.022895396 -0.006853041 0.999939442 -0.008612957 -0.136135399 -0.007704645 0.008560104 0.999933660 7.676320553
0.999955773 0.007275364 0.005970291 -0.023503087 -0.007222284 0.999934673 -0.008864714 -0.137518555 -0.006034395 0.008821203 0.999942839 7.714739323
0.999964774 0.007668844 0.003411903 -0.022549402 -0.007639145 0.999933660 -0.008633737 -0.138394386 -0.003477887 0.008607368 0.999956906 7.753794193
0.999959588 0.008777208 0.001978509 -0.021403890 -0.008766894 0.999948204 -0.005162128 -0.139616817 -0.002023716 0.005144572 0.999984741 7.793715477
0.999967813 0.007258887 0.003408643 -0.022587307 -0.007250490 0.999970675 -0.002469094 -0.140215427 -0.003426466 0.002444299 0.999991179 7.832217216
0.999965012 0.007168807 0.004290076 -0.022862051 -0.007162837 0.999973357 -0.001405418 -0.140979707 -0.004300036 0.001374640 0.999989808 7.869997501
0.999971330 0.006142123 0.004399976 -0.022851374 -0.006129989 0.999977410 -0.002765966 -0.141654074 -0.004416865 0.002738915 0.999986529 7.909436703
0.999974191 0.005148494 0.005005387 -0.023220584 -0.005132472 0.999981701 -0.003208408 -0.141994283 -0.005021814 0.003182635 0.999982357 7.947901726
0.999971092 0.005482374 0.005271140 -0.022659369 -0.005468186 0.999981403 -0.002702477 -0.143223137 -0.005285858 0.002673575 0.999982476 7.986935616
0.999961436 0.006142240 0.006280103 -0.023130212 -0.006125371 0.999977529 -0.002701751 -0.144082844 -0.006296558 0.002663180 0.999976695 8.026485443
0.999960482 0.006357150 0.006226416 -0.022918105 -0.006341652 0.999976814 -0.002505427 -0.145492777 -0.006242199 0.002465843 0.999977469 8.065960884
0.999939024 0.008348064 0.007217951 -0.022980198 -0.008316481 0.999955773 -0.004394376 -0.145636275 -0.007254316 0.004334081 0.999964297 8.104159355
0.999937415 0.007728452 0.008086119 -0.023016311 -0.007704995 0.999966085 -0.002928103 -0.146216974 -0.008108474 0.002865616 0.999963045 8.143868446
0.999949455 0.006237590 0.007886861 -0.022708520 -0.006222877 0.999978900 -0.001888752 -0.147228017 -0.007898475 0.001839578 0.999967158 8.183172226
0.999951959 0.005518879 0.008100893 -0.022581324 -0.005494547 0.999980330 -0.003022717 -0.148250803 -0.008117414 0.002978060 0.999962628 8.221704483
0.999940455 0.006858755 0.008495287 -0.022852428 -0.006832260 0.999971688 -0.003143904 -0.148732856 -0.008516610 0.003085675 0.999958992 8.260142326
0.999913275 0.009608558 0.009005542 -0.023273952 -0.009562315 0.999940932 -0.005163926 -0.149898991 -0.009054628 0.005077364 0.999946117 8.297575951
0.999921203 0.010351986 0.007096065 -0.022287767 -0.010295053 0.999914825 -0.008012915 -0.150788486 -0.007178411 0.007939230 0.999942660 8.339641571
0.999910891 0.011574200 0.006657879 -0.022660408 -0.011526842 0.999908268 -0.007108069 -0.151958048 -0.006739540 0.007030691 0.999952555 8.377370834
0.999905169 0.012411774 0.005964032 -0.022877079 -0.012389448 0.999916077 -0.003765882 -0.153041914 -0.006010273 0.003691634 0.999975145 8.415894508
0.999907374 0.012931387 0.004252106 -0.022242311 -0.012927220 0.999915898 -0.001006595 -0.153556213 -0.004264765 0.000951534 0.999990404 8.456556320
0.999895036 0.014173464 0.003015693 -0.022421747 -0.014165846 0.999896467 -0.002532241 -0.154336721 -0.003051272 0.002489256 0.999992251 8.494977951
0.999914527 0.012985360 0.001524136 -0.022699719 -0.012979162 0.999907732 -0.004008976 -0.154916316 -0.001576054 0.003988851 0.999990821 8.533334732
0.999928415 0.011937824 -0.000829924 -0.022575628 -0.011939306 0.999927104 -0.001805645 -0.156285062 0.000808308 0.001815425 0.999998033 8.572235107
0.999947250 0.010051543 -0.002145743 -0.022557231 -0.010055252 0.999947965 -0.001725118 -0.156776577 0.002128291 0.001746603 0.999996245 8.611239433
0.999943614 0.010358623 -0.002351607 -0.022802029 -0.010365020 0.999942541 -0.002724223 -0.157452628 0.002323252 0.002748444 0.999993563 8.650114059
0.999953508 0.009333824 -0.002476954 -0.023428755 -0.009342686 0.999950051 -0.003591693 -0.158233300 0.002443305 0.003614667 0.999990404 8.688901901
0.999952018 0.009342267 -0.002966556 -0.023474790 -0.009353844 0.999948621 -0.003912010 -0.158793092 0.002929856 0.003939570 0.999987900 8.727609634
0.999960423 0.008312185 -0.003206907 -0.023469592 -0.008323979 0.999958634 -0.003681761 -0.159877062 0.003176170 0.003708309 0.999988019 8.766019821
0.999961019 0.008535915 -0.002249604 -0.024773248 -0.008545522 0.999954224 -0.004296653 -0.160840780 0.002212825 0.004315710 0.999988258 8.804756165
0.999956012 0.009122268 -0.002170632 -0.024952190 -0.009133286 0.999945223 -0.005121754 -0.161665857 0.002123791 0.005141355 0.999984622 8.842995644
0.999964058 0.008267310 -0.001869596 -0.025410526 -0.008276437 0.999953628 -0.004929076 -0.162392214 0.001828759 0.004944372 0.999986112 8.881577492
0.999963343 0.008382446 -0.001739642 -0.025846999 -0.008391928 0.999949574 -0.005517650 -0.163365260 0.001693303 0.005532046 0.999983251 8.920211792
0.999974072 0.007129347 -0.001003350 -0.026900398 -0.007135712 0.999953508 -0.006490755 -0.164361164 0.000957029 0.006497746 0.999978364 8.958486557
0.999984205 0.005437149 -0.001412200 -0.026295997 -0.005444239 0.999972343 -0.005065942 -0.165156975 0.001384616 0.005073550 0.999986112 8.997057915
0.999990940 0.004057310 -0.001272204 -0.026502691 -0.004062907 0.999981940 -0.004428835 -0.165887102 0.001254212 0.004433964 0.999989331 9.034871101
0.999993026 0.003709542 -0.000488657 -0.027108656 -0.003712113 0.999978662 -0.005370521 -0.166720018 0.000468724 0.005372297 0.999985456 9.072993279
0.999989092 0.004601605 -0.000721887 -0.027136017 -0.004605704 0.999972641 -0.005783460 -0.167585909 0.000695254 0.005786723 0.999982953 9.112978935
0.999983072 0.005812285 0.000389448 -0.027579909 -0.005810181 0.999969482 -0.005203553 -0.168296739 -0.000419680 0.005201203 0.999986351 9.151047707
0.999978304 0.006598791 -0.000208836 -0.027467608 -0.006599546 0.999970794 -0.003850687 -0.169527605 0.000183420 0.003851980 0.999992549 9.190333366
0.999972761 0.007377861 0.000274302 -0.027844548 -0.007376731 0.999965131 -0.003909071 -0.170346797 -0.000303134 0.003906941 0.999992311 9.229039192
0.999969423 0.007817158 0.000034071 -0.027604822 -0.007816839 0.999953449 -0.005646342 -0.170904279 -0.000078208 0.005645904 0.999984086 9.268315315
0.999976754 0.006810533 -0.000101414 -0.027345655 -0.006810976 0.999962747 -0.005307375 -0.171860337 0.000065264 0.005307943 0.999985933 9.307315826
0.999971747 0.007493979 -0.000438737 -0.027143031 -0.007496119 0.999958932 -0.005101062 -0.172849342 0.000400492 0.005104207 0.999986947 9.346384048
0.999951184 0.009774103 0.001493739 -0.027935844 -0.009764662 0.999933124 -0.006202393 -0.173320785 -0.001554262 0.006187504 0.999979615 9.385169029
0.999951959 0.009768237 0.000839390 -0.027687330 -0.009764116 0.999940932 -0.004778184 -0.174309731 -0.000886014 0.004769759 0.999988198 9.424765587
0.999913037 0.012904877 0.002713027 -0.029424272 -0.012888726 0.999899626 -0.005888371 -0.175319701 -0.002788743 0.005852891 0.999979019 9.465309143
0.999910116 0.013251232 0.001999734 -0.028532811 -0.013238526 0.999892890 -0.006239254 -0.176006317 -0.002082197 0.006212220 0.999978542 9.503973961
0.999941885 0.010750311 0.000714042 -0.028184513 -0.010746061 0.999925852 -0.005714454 -0.176862195 -0.000775421 0.005706448 0.999983430 9.543536186
0.999896288 0.014158689 0.002637731 -0.028874211 -0.014144852 0.999886394 -0.005192218 -0.177679509 -0.002710946 0.005154369 0.999983013 9.582356453
0.999892235 0.014374653 0.003004656 -0.029108664 -0.014358109 0.999881864 -0.005456845 -0.178085685 -0.003082741 0.005413116 0.999980569 9.621545792
