0.999999762 -0.000664459 -0.000216726 -0.000159984 0.000664833 0.999998271 0.001731702 -0.000579785 0.000215575 -0.001731846 0.999998450 0.032482341
0.999998629 -0.001513626 -0.000660072 -0.000319523 0.001514762 0.999997377 0.001724456 -0.001051608 0.000657461 -0.001725453 0.999998271 0.067283921
0.999994814 -0.003125709 -0.000797971 -0.000368223 0.003126220 0.999994934 0.000639666 -0.001395066 0.000795968 -0.000642157 0.999999464 0.097660534
0.999994040 -0.003397626 -0.000585200 -0.000596848 0.003398175 0.999993801 0.000939615 -0.002031278 0.000582004 -0.000941598 0.999999404 0.129921377
0.999992549 -0.003808802 -0.000589311 -0.000668654 0.003809829 0.999991238 0.001750390 -0.002472734 0.000582639 -0.001752622 0.999998271 0.162649781
0.999985933 -0.005292537 -0.000159105 -0.000976271 0.005292907 0.999983072 0.002425992 -0.002690203 0.000146263 -0.002426800 0.999997020 0.196090460
0.999988437 -0.004791338 -0.000354865 -0.001097961 0.004792533 0.999982595 0.003446294 -0.003422530 0.000338347 -0.003447955 0.999993980 0.228139237
0.999990165 -0.004261367 -0.001233188 -0.001055631 0.004263774 0.999989033 0.001955286 -0.003937415 0.001224842 -0.001960524 0.999997318 0.262015224
0.999998629 -0.001139704 -0.001217078 -0.001268630 0.001139058 0.999999166 -0.000531685 -0.004378272 0.001217683 0.000530298 0.999999046 0.294030517
0.999997497 0.002163037 -0.000626623 -0.001874549 -0.002163710 0.999997079 -0.001074568 -0.005115709 0.000624297 0.001075922 0.999999166 0.327425063
0.999990165 0.004304981 -0.001046935 -0.001838686 -0.004306490 0.999989688 -0.001441866 -0.005545892 0.001040717 0.001446360 0.999998391 0.360145122
0.999985039 0.005421644 -0.000689516 -0.002312897 -0.005422027 0.999985158 -0.000554286 -0.006069470 0.000686500 0.000558016 0.999999583 0.394175440
0.999994457 0.003298906 -0.000320484 -0.002291930 -0.003298227 0.999992371 0.002098894 -0.006662788 0.000327406 -0.002097826 0.999997735 0.426726878
0.999999702 -0.000710394 0.000081094 -0.002665936 0.000710077 0.999992311 0.003853497 -0.007060782 -0.000083831 -0.003853439 0.999992490 0.460561216
0.999994099 -0.003366559 -0.000567592 -0.002209823 0.003367331 0.999993503 0.001365946 -0.007543201 0.000562990 -0.001367850 0.999998927 0.493172646
0.999988854 -0.004615271 -0.000984235 -0.002179790 0.004614696 0.999989212 -0.000585942 -0.008045832 0.000986929 0.000581394 0.999999404 0.527267694
0.999996781 -0.002495284 -0.000186881 -0.002563398 0.002494897 0.999994755 -0.002039128 -0.008669493 0.000191968 0.002038655 0.999997973 0.561343551
0.999999404 0.000737323 0.000841152 -0.002756597 -0.000737366 0.999999702 0.000050210 -0.009326700 -0.000841115 -0.000050830 0.999999642 0.593860626
0.999997199 0.001986737 0.001289367 -0.002919537 -0.001991395 0.999991477 0.003621257 -0.009848056 -0.001282161 -0.003623815 0.999992609 0.628779650
0.999999166 -0.000412496 0.001287928 -0.002671020 0.000405375 0.999984682 0.005524134 -0.009971319 -0.001290187 -0.005523607 0.999983966 0.663342059
0.999980509 -0.006176742 0.000923473 -0.002595420 0.006173081 0.999973297 0.003917374 -0.010813707 -0.000947645 -0.003911597 0.999991894 0.696325600
0.999986053 -0.005179063 0.001075576 -0.002715133 0.005178019 0.999986172 0.000971459 -0.010883190 -0.001080593 -0.000965876 0.999998987 0.730746329
0.999979198 -0.006370252 0.001005159 -0.002239469 0.006371335 0.999979138 -0.001078296 -0.011805357 -0.000998269 0.001084677 0.999998927 0.764334559
0.999992788 -0.003212347 0.002027255 -0.002669363 0.003216113 0.999993205 -0.001857084 -0.012205459 -0.002021275 0.001863590 0.999996245 0.798424125
0.999992549 -0.002949981 0.002498258 -0.002899182 0.002959785 0.999987841 -0.003929857 -0.012803512 -0.002486635 0.003937222 0.999989152 0.833385050
0.999995828 -0.001673217 0.002366770 -0.002976350 0.001682467 0.999990880 -0.003911869 -0.012998973 -0.002360203 0.003915835 0.999989510 0.868773162
0.999996662 -0.000642033 0.002477112 -0.003113161 0.000648453 0.999996424 -0.002591964 -0.013853681 -0.002475439 0.002593562 0.999993503 0.900973380
0.999995112 0.001123276 0.002903447 -0.003755117 -0.001120455 0.999998868 -0.000973332 -0.014538579 -0.002904538 0.000970075 0.999995291 0.935197830
0.999990463 0.003295360 0.002847368 -0.003893371 -0.003293221 0.999994338 -0.000755544 -0.014947277 -0.002849841 0.000746159 0.999995649 0.970438421
0.999982178 0.005299438 0.002759431 -0.003959568 -0.005296716 0.999985456 -0.000993062 -0.015654186 -0.002764653 0.000978429 0.999995708 1.004675269
0.999964654 0.008014518 0.002558912 -0.004066630 -0.008012799 0.999967635 -0.000681243 -0.016134884 -0.002564288 0.000660715 0.999996483 1.040121078
0.999964237 0.008278709 0.001731318 -0.003877603 -0.008278443 0.999965787 -0.000161439 -0.017114105 -0.001732595 0.000147100 0.999998450 1.075198889
0.999972165 0.007247948 0.001776479 -0.004122354 -0.007247279 0.999973595 -0.000382406 -0.017597416 -0.001779204 0.000369520 0.999998271 1.109569669
0.999977469 0.006680509 0.000713775 -0.003865254 -0.006679651 0.999976993 -0.001197836 -0.017928261 -0.000721760 0.001193042 0.999998987 1.144513726
0.999985516 0.005345459 -0.000614300 -0.004124518 -0.005345737 0.999985516 -0.000450589 -0.018926568 0.000611883 0.000453867 0.999999702 1.180019498
0.999980867 0.006176576 -0.000209279 -0.005059835 -0.006176440 0.999980748 0.000650731 -0.019375624 0.000213294 -0.000649426 0.999999762 1.213656545
0.999975801 0.006694188 -0.001902548 -0.004825515 -0.006693665 0.999977469 0.000281676 -0.019879047 0.001904391 -0.000268934 0.999998152 1.248108625
0.999975801 0.006622011 -0.002154823 -0.005968938 -0.006621974 0.999978065 0.000024224 -0.020191208 0.002154937 -0.000009955 0.999997675 1.283672571
0.999970198 0.007136797 -0.002952165 -0.006245204 -0.007134311 0.999974072 0.000851513 -0.020738292 0.002958166 -0.000830426 0.999995291 1.317970634
0.999979615 0.004990266 -0.003978716 -0.006477326 -0.004980275 0.999984443 0.002516905 -0.021684583 0.003991214 -0.002497039 0.999988914 1.353576541
0.999979198 0.002767924 -0.005821283 -0.005695659 -0.002752264 0.999992549 0.002696448 -0.021906694 0.005828704 -0.002680370 0.999979436 1.388790488
0.999981642 0.000419099 -0.006042420 -0.005991731 -0.000406900 0.999997854 0.002019899 -0.022418376 0.006043254 -0.002017403 0.999979734 1.424512744
0.999986768 -0.000649336 -0.005114779 -0.007271328 0.000662055 0.999996722 0.002485390 -0.023483658 0.005113149 -0.002488743 0.999983847 1.459302664
0.999979794 -0.001980291 -0.006037363 -0.006727711 0.001999760 0.999992788 0.003220394 -0.023525737 0.006030942 -0.003232401 0.999976635 1.492689848
0.999972045 -0.004772654 -0.005759537 -0.006824828 0.004793954 0.999981701 0.003689818 -0.023835283 0.005741822 -0.003717325 0.999976635 1.529525161
0.999976993 -0.004798023 -0.004802765 -0.007082852 0.004813485 0.999983311 0.003212894 -0.024328526 0.004787269 -0.003235938 0.999983370 1.564123750
0.999967337 -0.006462441 -0.004837519 -0.006726760 0.006475247 0.999975622 0.002636451 -0.025481710 0.004820363 -0.002667690 0.999984860 1.598316193
0.999972045 -0.006232496 -0.004121479 -0.006867847 0.006241162 0.999978304 0.002093085 -0.025530269 0.004108345 -0.002118750 0.999989331 1.632382751
0.999973357 -0.006704125 -0.002881977 -0.009193113 0.006708733 0.999976158 0.001591958 -0.025488723 0.002871236 -0.001611250 0.999994516 1.669059396
0.999985993 -0.004168938 -0.003247936 -0.008838268 0.004178669 0.999986708 0.002995070 -0.025913540 0.003235407 -0.003008600 0.999990225 1.705014944
0.999997497 -0.000879038 -0.002056743 -0.009926598 0.000887909 0.999990225 0.004316272 -0.026611704 0.002052928 -0.004318087 0.999988556 1.739220738
0.999993324 0.003545024 -0.000901135 -0.010480365 -0.003540709 0.999982476 0.004745595 -0.027242528 0.000917942 -0.004742373 0.999988258 1.772247434
0.999962568 0.008654132 0.000324176 -0.011266156 -0.008655379 0.999954224 0.004067990 -0.027472369 -0.000288956 -0.004070643 0.999991596 1.807115674
0.999923766 0.012310680 0.001059838 -0.011904466 -0.012314063 0.999918878 0.003247160 -0.028196285 -0.001019777 -0.003259963 0.999994159 1.841682553
0.999897122 0.014229693 0.001848619 -0.012000158 -0.014236347 0.999891996 0.003637564 -0.028992500 -0.001796659 -0.003663507 0.999991655 1.875461936
0.999916553 0.012848077 0.001357700 -0.011483580 -0.012853293 0.999909759 0.003904833 -0.029305706 -0.001307408 -0.003921958 0.999991477 1.908097386
0.999936044 0.011147340 0.001944888 -0.011779826 -0.011154792 0.999930322 0.003863581 -0.029879928 -0.001901684 -0.003885028 0.999990582 1.941324472
0.999953210 0.009629971 0.000966257 -0.011783297 -0.009633193 0.999947846 0.003384076 -0.030725744 -0.000933618 -0.003393225 0.999993801 1.976293802
0.999959290 0.008981890 0.000872352 -0.011972485 -0.008984065 0.999956608 0.002520523 -0.030459171 -0.000849675 -0.002528258 0.999996364 2.009721756
0.999952793 0.009709276 0.000263463 -0.011836383 -0.009710017 0.999948442 0.002973142 -0.031372089 -0.000234583 -0.002975560 0.999995530 2.043969631
0.999949574 0.010021233 0.000501193 -0.012918346 -0.010022360 0.999947190 0.002297146 -0.032168649 -0.000478146 -0.002302053 0.999997199 2.078555107
0.999955595 0.009422700 0.000363143 -0.013760790 -0.009423626 0.999952197 0.002636781 -0.032495704 -0.000338280 -0.002640086 0.999996483 2.110945702
0.999965608 0.008148251 -0.001526440 -0.012786275 -0.008142582 0.999960065 0.003684717 -0.033017118 0.001556403 -0.003672161 0.999992013 2.143152714
0.999971867 0.006967918 -0.002763174 -0.013116283 -0.006956121 0.999966741 0.004255900 -0.033389233 0.002792737 -0.004236560 0.999987125 2.176898718
0.999984324 0.003790660 -0.004116504 -0.013360186 -0.003770338 0.999980748 0.004932954 -0.033837873 0.004135124 -0.004917355 0.999979377 2.210490704
0.999984622 0.001727741 -0.005256094 -0.013094727 -0.001700865 0.999985456 0.005113453 -0.034604564 0.005264852 -0.005104436 0.999973059 2.243115187
0.999985635 0.000693988 -0.005301055 -0.013825563 -0.000672217 0.999991298 0.004107646 -0.034573849 0.005303859 -0.004104024 0.999977469 2.276067972
0.999986649 -0.000264013 -0.005157738 -0.014507649 0.000282393 0.999993622 0.003563116 -0.035027560 0.005156764 -0.003564525 0.999980390 2.308500051
0.999982178 -0.000178637 -0.005970163 -0.013998880 0.000196278 0.999995589 0.002954357 -0.035697740 0.005969608 -0.002955477 0.999977767 2.342192888
0.999983191 -0.000476118 -0.005775492 -0.014952114 0.000494637 0.999994755 0.003205482 -0.036767829 0.005773936 -0.003208286 0.999978125 2.375887156
0.999985158 -0.000321660 -0.005431793 -0.015502123 0.000336982 0.999995947 0.002819984 -0.037288573 0.005430864 -0.002821773 0.999981225 2.408402681
0.999987841 0.001035651 -0.004814995 -0.016132107 -0.001021069 0.999994874 0.003029987 -0.037658822 0.004818108 -0.003025034 0.999983847 2.438730478
0.999987185 0.001679363 -0.004769445 -0.015413785 -0.001658243 0.999988854 0.004428609 -0.038456053 0.004776830 -0.004420643 0.999978840 2.471426964
0.999985754 0.002075896 -0.004919724 -0.016393105 -0.002047414 0.999981165 0.005787444 -0.039047770 0.004931645 -0.005777289 0.999971151 2.506435394
0.999988019 0.000218121 -0.004895718 -0.016561478 -0.000191663 0.999985397 0.005404184 -0.040058888 0.004896825 -0.005403181 0.999973416 2.539066792
0.999989688 0.000686626 -0.004481945 -0.017029963 -0.000672723 0.999994993 0.003102902 -0.040503122 0.004484053 -0.003099855 0.999985158 2.570426702
0.999986649 0.001447592 -0.004954301 -0.017430805 -0.001445559 0.999998868 0.000414087 -0.040542819 0.004954895 -0.000406920 0.999987662 2.604340553
0.999986291 -0.001394205 -0.005045479 -0.017606508 0.001402888 0.999997556 0.001717746 -0.041011374 0.005043071 -0.001724801 0.999985814 2.637081146
0.999986529 -0.003296931 -0.004018799 -0.018107461 0.003311265 0.999988139 0.003565264 -0.041562542 0.004006997 -0.003578523 0.999985576 2.668738127
0.999981225 -0.004913663 -0.003653583 -0.017900597 0.004929303 0.999978662 0.004284057 -0.041938256 0.003632454 -0.004301986 0.999984145 2.701538801
0.999975860 -0.006219987 -0.003098021 -0.018097606 0.006229045 0.999976277 0.002922753 -0.042470176 0.003079769 -0.002941980 0.999990940 2.734348059
0.999988854 -0.003801797 -0.002806459 -0.017862463 0.003803310 0.999992669 0.000534013 -0.042930555 0.002804408 -0.000544681 0.999995947 2.767052889
0.999998093 -0.001665690 -0.000931043 -0.018765396 0.001664084 0.999997139 -0.001721965 -0.043387577 0.000933908 0.001720413 0.999998093 2.798258066
0.999998271 0.001532488 0.000945629 -0.019104704 -0.001530603 0.999996841 -0.001991210 -0.043813787 -0.000948678 0.001989759 0.999997616 2.829690456
0.999994218 0.002464322 0.002344618 -0.019381724 -0.002465191 0.999996841 0.000367696 -0.044878319 -0.002343705 -0.000373474 0.999997199 2.861800909
0.999991417 0.002945482 0.002888063 -0.019296840 -0.002952210 0.999992907 0.002328224 -0.044958886 -0.002881185 -0.002336730 0.999993145 2.895824909
0.999994218 0.001223583 0.003150885 -0.018897016 -0.001233912 0.999993801 0.003278270 -0.045442816 -0.003146854 -0.003282139 0.999989688 2.927029371
0.999989986 0.001348307 0.004256849 -0.019010035 -0.001356594 0.999997199 0.001944407 -0.045604967 -0.004254215 -0.001950163 0.999989092 2.959659100
0.999980569 0.003432002 0.005202589 -0.018865129 -0.003441190 0.999992490 0.001757982 -0.046127304 -0.005196517 -0.001775851 0.999984920 2.992053747
0.999961734 0.005989383 0.006367619 -0.019256929 -0.005998423 0.999981046 0.001401594 -0.046578616 -0.006359104 -0.001439736 0.999978721 3.025431156
0.999954760 0.006111671 0.007286334 -0.018417517 -0.006117261 0.999980986 0.000745461 -0.047351789 -0.007281640 -0.000790000 0.999973178 3.055496454
0.999927342 0.008027321 0.008997653 -0.018750174 -0.008023322 0.999967635 -0.000480427 -0.048008908 -0.009001219 0.000408201 0.999959409 3.087364912
0.999925792 0.007073313 0.009921139 -0.018936936 -0.007065303 0.999974668 -0.000842242 -0.048235331 -0.009926845 0.000772084 0.999950469 3.119509459
0.999924481 0.007050414 0.010065094 -0.017488047 -0.007047365 0.999975085 -0.000338334 -0.048645090 -0.010067228 0.000267376 0.999949336 3.151241064
0.999923706 0.005210625 0.011199353 -0.017876457 -0.005230476 0.999984801 0.001744007 -0.049538691 -0.011190094 -0.001802451 0.999935746 3.184617519
0.999929070 0.004248191 0.011129881 -0.017275665 -0.004270130 0.999988973 0.001948213 -0.050012421 -0.011121481 -0.001995601 0.999936163 3.216746330
0.999941230 0.002111058 0.010636805 -0.016323004 -0.002133839 0.999995470 0.002130852 -0.050412189 -0.010632258 -0.002153424 0.999941111 3.248294353
0.999949753 0.000031350 0.010026990 -0.015162002 -0.000050708 0.999998152 0.001930271 -0.050094415 -0.010026910 -0.001930682 0.999947906 3.280519009
0.999943674 -0.000519902 0.010602947 -0.016679168 0.000496093 0.999997318 0.002248051 -0.051366322 -0.010604089 -0.002242665 0.999941230 3.313251257
0.999950171 -0.001322313 0.009896329 -0.016579144 0.001307294 0.999997914 0.001524000 -0.051437654 -0.009898324 -0.001510987 0.999949932 3.345031738
0.999962687 -0.002717904 0.008203482 -0.015753148 0.002700011 0.999993980 0.002191379 -0.051701572 -0.008209389 -0.002169147 0.999963939 3.377213001
0.999969006 -0.002863824 0.007335390 -0.015281457 0.002846364 0.999993086 0.002389546 -0.052438848 -0.007342183 -0.002368592 0.999970257 3.408192635
0.999971747 -0.004787909 0.005791158 -0.015867284 0.004767767 0.999982536 0.003486917 -0.053920053 -0.005807752 -0.003459208 0.999977171 3.443157434
0.999971867 -0.005563085 0.005018304 -0.016025379 0.005548997 0.999980628 0.002817083 -0.054259781 -0.005033879 -0.002789157 0.999983430 3.475323915
0.999977350 -0.005739840 0.003508598 -0.015685417 0.005729753 0.999979496 0.002878205 -0.054858305 -0.003525046 -0.002858037 0.999989748 3.507489920
0.999968052 -0.007757082 0.001904301 -0.014958803 0.007756718 0.999969900 0.000199158 -0.055317007 -0.001905788 -0.000184380 0.999998212 3.539886475
0.999923170 -0.012242713 0.001904998 -0.015859848 0.012244307 0.999924719 -0.000828067 -0.055778064 -0.001894717 0.000851329 0.999997854 3.571672440
0.999807119 -0.019633489 0.000314995 -0.015501528 0.019632973 0.999806106 0.001566910 -0.056453776 -0.000345698 -0.001560424 0.999998689 3.603804111
0.999613404 -0.027744316 -0.001757980 -0.014958221 0.027750416 0.999608576 0.003547136 -0.057105504 0.001658879 -0.003594550 0.999992132 3.636937857
0.999545157 -0.030045686 -0.002608237 -0.014645732 0.030043853 0.999548316 -0.000739620 -0.057115879 0.002629282 0.000660922 0.999996305 3.667819738
0.999543607 -0.030170206 -0.001514249 -0.015568479 0.030165695 0.999540567 -0.002917673 -0.058478829 0.001601581 0.002870664 0.999994576 3.701325178
0.999639690 -0.026828900 -0.000787805 -0.015671264 0.026824784 0.999628425 -0.004838006 -0.059149407 0.000917311 0.004815130 0.999987960 3.733100653
0.999644220 -0.026670547 0.000424891 -0.016434904 0.026672389 0.999630868 -0.005158104 -0.059630979 -0.000287164 0.005167602 0.999986649 3.764116287
0.999548316 -0.030051906 -0.000017197 -0.015431498 0.030051837 0.999547005 -0.001611602 -0.060459174 0.000065620 0.001610358 0.999998689 3.796418428
0.999388814 -0.034939278 0.001096991 -0.015597273 0.034938283 0.999389052 0.000914092 -0.060938895 -0.001128259 -0.000875207 0.999998987 3.830421209
0.999238968 -0.038995899 0.000805752 -0.015341385 0.038993955 0.999236822 0.002298569 -0.061434750 -0.000894772 -0.002265401 0.999997079 3.862594843
0.999165297 -0.040848553 0.000261200 -0.014798306 0.040847816 0.999162614 0.002376890 -0.061986424 -0.000358074 -0.002364237 0.999997139 3.894902706
0.999220192 -0.039473347 0.000916532 -0.014678960 0.039470106 0.999215186 0.003325539 -0.062755592 -0.001047083 -0.003286770 0.999994040 3.926586151
0.999412894 -0.034110043 0.003214758 -0.015891410 0.034104947 0.999416947 0.001626619 -0.062613435 -0.003268367 -0.001516025 0.999993503 3.959789515
0.999549747 -0.029810937 0.003393849 -0.015553418 0.029813005 0.999555349 -0.000561538 -0.063354887 -0.003375600 0.000662466 0.999994040 3.992848396
0.999586403 -0.028393751 0.004553883 -0.016117070 0.028396942 0.999596536 -0.000637440 -0.063975886 -0.004533947 0.000766493 0.999989450 4.024854660
0.999643803 -0.026269943 0.004699425 -0.015934221 0.026267713 0.999654830 0.000534361 -0.064614676 -0.004711840 -0.000410727 0.999988794 4.057258129
0.999702871 -0.024019603 0.004170733 -0.016178587 0.024022931 0.999711215 -0.000751039 -0.064981811 -0.004151489 0.000851010 0.999991000 4.090495110
0.999748886 -0.021976728 0.004368172 -0.016010709 0.021987006 0.999755561 -0.002319553 -0.065643474 -0.004316128 0.002415014 0.999987721 4.121709824
0.999843001 -0.017373513 0.003482076 -0.015600919 0.017392363 0.999833763 -0.005457601 -0.066384040 -0.003386680 0.005517306 0.999979079 4.153681755
0.999908924 -0.013078352 0.003333781 -0.016015559 0.013101470 0.999889553 -0.007009692 -0.066532314 -0.003241738 0.007052730 0.999969840 4.186984062
0.999958813 -0.008672363 0.002667399 -0.015308326 0.008686428 0.999948144 -0.005308427 -0.067850843 -0.002621223 0.005331379 0.999982297 4.219535828
0.999966323 -0.007493438 0.003332751 -0.016217804 0.007504419 0.999966383 -0.003294757 -0.068196274 -0.003307949 0.003319657 0.999989033 4.252504826
0.999973238 -0.005169965 0.005162940 -0.018076580 0.005175314 0.999986112 -0.001023295 -0.069572635 -0.005157577 0.001049986 0.999986172 4.286176205
0.999958038 -0.008408846 0.003633317 -0.017614286 0.008414353 0.999963582 -0.001503046 -0.069229245 -0.003620545 0.001533554 0.999992251 4.320328712
0.999942124 -0.010578943 0.001965434 -0.017502243 0.010580143 0.999943912 -0.000600981 -0.070264466 -0.001958965 0.000621740 0.999997854 4.354207993
0.999954104 -0.009549194 -0.000710603 -0.015930435 0.009545199 0.999939740 -0.005427791 -0.070736431 0.000762391 0.005420757 0.999985039 4.384737968
0.999971628 -0.007247353 -0.002044267 -0.015489697 0.007229976 0.999938667 -0.008383480 -0.073321156 0.002104901 0.008368461 0.999962807 4.414694786
0.999994159 -0.003367753 -0.000565774 -0.020143276 0.003362491 0.999953270 -0.009057620 -0.073382698 0.000596251 0.009055664 0.999958754 4.449835777
0.999999464 -0.000015844 0.001010463 -0.022875603 0.000023677 0.999969900 -0.007751873 -0.075106263 -0.001010310 0.007751892 0.999969363 4.481637001
0.999993920 0.002645454 0.002255026 -0.025536962 -0.002635214 0.999986231 -0.004531724 -0.075407431 -0.002266984 0.004525754 0.999987185 4.515760422
0.999980152 0.005632394 0.002819557 -0.026303278 -0.005622785 0.999978364 -0.003404272 -0.075561658 -0.002838671 0.003388350 0.999990225 4.551946640
0.999976337 0.005801091 0.003688464 -0.028979300 -0.005791856 0.999980032 -0.002508773 -0.076769203 -0.003702945 0.002487350 0.999990046 4.588238716
0.999998868 0.001252653 0.000835460 -0.022504831 -0.001251355 0.999998033 -0.001551069 -0.076388255 -0.000837401 0.001550022 0.999998391 4.615759850
0.999995649 -0.002723989 0.001161933 -0.023200547 0.002724505 0.999996245 -0.000442729 -0.077279061 -0.001160723 0.000445893 0.999999166 4.649268627
0.999972939 -0.007344334 0.000471264 -0.024067231 0.007344812 0.999972522 -0.001021754 -0.076738045 -0.000463746 0.001025188 0.999999404 4.686167240
0.999943256 -0.010380057 0.002415972 -0.027033599 0.010378425 0.999945939 0.000687002 -0.078762926 -0.002422973 -0.000661888 0.999996841 4.720017910
0.999912202 -0.012589188 0.004148123 -0.028641056 0.012584734 0.999920130 0.001098363 -0.078725271 -0.004161620 -0.001046063 0.999990761 4.758234024
0.999910593 -0.013126458 0.002518242 -0.022824528 0.013124066 0.999913335 0.000963190 -0.079061836 -0.002530667 -0.000930054 0.999996364 4.784237385
0.999913156 -0.013108728 0.001311632 -0.019999491 0.013112087 0.999910653 -0.002586155 -0.079365812 -0.001277614 0.002603128 0.999995768 4.814056873
0.999975979 -0.006107402 0.003261129 -0.024026260 0.006133990 0.999947429 -0.008206683 -0.079437375 -0.003210837 0.008226492 0.999961078 4.852911472
0.999965131 0.006283411 0.005488277 -0.026674990 -0.006238629 0.999947369 -0.008138811 -0.081661731 -0.005539129 0.008104289 0.999951899 4.889920712
0.999899030 0.013045239 0.005631843 -0.023658380 -0.013019184 0.999904513 -0.004639047 -0.081919253 -0.005691823 0.004565256 0.999973297 4.920890331
0.999859273 0.014889013 0.007731463 -0.025587104 -0.014866131 0.999884963 -0.003008562 -0.082472607 -0.007775368 0.002893202 0.999965549 4.956818581
0.999900639 0.012034758 0.007344883 -0.026267257 -0.012021070 0.999925971 -0.001904944 -0.083550952 -0.007367264 0.001816461 0.999971151 4.991491795
0.999953747 0.007909010 0.005464267 -0.025510680 -0.007897888 0.999966800 -0.002053910 -0.083883278 -0.005480329 0.002010659 0.999982893 5.026176453
0.999963462 0.007661581 0.003814929 -0.023409253 -0.007650519 0.999966502 -0.002905908 -0.084471658 -0.003837064 0.002876616 0.999988496 5.058403015
0.999947608 0.009297533 0.004276131 -0.024929700 -0.009282041 0.999950349 -0.003628401 -0.084957749 -0.004309653 0.003588520 0.999984205 5.093960285
0.999938548 0.010403789 0.003835948 -0.024632774 -0.010389934 0.999939382 -0.003614016 -0.085383520 -0.003873316 0.003573939 0.999986112 5.128655910
0.999927819 0.011316845 0.004042210 -0.025471829 -0.011305644 0.999932170 -0.002783005 -0.086432144 -0.004073429 0.002737104 0.999987960 5.163803101
0.999947190 0.009893625 0.002772341 -0.023820197 -0.009886503 0.999947846 -0.002569661 -0.087457940 -0.002797619 0.002542116 0.999992847 5.197809219
0.999945164 0.009823228 0.003616126 -0.025051050 -0.009809300 0.999944508 -0.003849369 -0.087992862 -0.003653739 0.003813687 0.999986112 5.232701778
0.999950707 0.009399088 0.003208521 -0.025658811 -0.009386870 0.999948800 -0.003802464 -0.089160763 -0.003244097 0.003772159 0.999987662 5.269203186
0.999944627 0.010190816 0.002617021 -0.024780517 -0.010180975 0.999941170 -0.003745574 -0.089878261 -0.002655036 0.003718722 0.999989569 5.302300453
0.999952376 0.009661111 0.001366938 -0.023736861 -0.009655101 0.999943972 -0.004336966 -0.089967914 -0.001408761 0.004323562 0.999989688 5.337333679
0.999954104 0.009549674 0.000748109 -0.023726951 -0.009546298 0.999944687 -0.004393532 -0.090748943 -0.000790025 0.004386189 0.999990106 5.373490334
0.999946833 0.010267902 0.000929086 -0.024244038 -0.010263076 0.999934554 -0.005055952 -0.091245964 -0.000980938 0.005046148 0.999986827 5.408973217
0.999943197 0.010644453 0.000358724 -0.023966689 -0.010642528 0.999930799 -0.004997380 -0.092099868 -0.000411895 0.004993279 0.999987364 5.443277359
0.999934375 0.011448851 0.000278493 -0.024224160 -0.011447254 0.999920964 -0.005189782 -0.092831664 -0.000337888 0.005186253 0.999986410 5.477832317
0.999944627 0.010515808 0.000115163 -0.023999115 -0.010515075 0.999931276 -0.005159658 -0.093518473 -0.000169413 0.005158163 0.999986649 5.512894154
0.999963462 0.008540671 0.000239688 -0.024840990 -0.008539204 0.999948025 -0.005569997 -0.094225638 -0.000287247 0.005567748 0.999984443 5.549300671
0.999975204 0.007030142 -0.000222526 -0.024471292 -0.007031143 0.999963403 -0.004866133 -0.095235825 0.000188308 0.004867577 0.999988139 5.584779739
0.999981761 0.006031871 0.000148525 -0.024324600 -0.006031164 0.999972165 -0.004376338 -0.095749356 -0.000174919 0.004375362 0.999990404 5.620274544
0.999983966 0.005664607 -0.000140823 -0.024947502 -0.005665165 0.999974489 -0.004344342 -0.096529700 0.000116210 0.004345070 0.999990582 5.656415939
0.999970734 0.007627478 -0.000631467 -0.024287533 -0.007630440 0.999959171 -0.004828095 -0.097477980 0.000594615 0.004832771 0.999988258 5.691824436
0.999975085 0.007052955 -0.000361339 -0.024497665 -0.007054703 0.999962091 -0.005092421 -0.098253384 0.000325409 0.005094843 0.999987006 5.727265358
0.999966681 0.008135285 0.000661089 -0.025434820 -0.008132388 0.999957800 -0.004273388 -0.099054620 -0.000695826 0.004267870 0.999990642 5.763442039
0.999969006 0.007808072 0.000995310 -0.025577016 -0.007805177 0.999965429 -0.002880802 -0.099266410 -0.001017769 0.002872945 0.999995410 5.799957275
0.999966383 0.008178247 0.000561309 -0.024394045 -0.008176631 0.999962568 -0.002822458 -0.099676952 -0.000584370 0.002817774 0.999995887 5.835513115
0.999960959 0.008493248 0.002449606 -0.025870457 -0.008483294 0.999955833 -0.004045960 -0.100695923 -0.002483861 0.004025020 0.999988794 5.871184349
0.999960959 0.008443568 0.002575617 -0.025720432 -0.008430400 0.999951541 -0.005081000 -0.101582952 -0.002618394 0.005059088 0.999983728 5.907332897
0.999957979 0.008580133 0.003256631 -0.025915682 -0.008564753 0.999952257 -0.004707574 -0.102107778 -0.003296867 0.004679483 0.999983609 5.943123341
0.999957442 0.008709561 0.003016364 -0.026030481 -0.008698907 0.999955952 -0.003528452 -0.103118084 -0.003046962 0.003502063 0.999989212 5.978838444
0.999960780 0.008696001 0.001650110 -0.025432114 -0.008690016 0.999955773 -0.003600337 -0.103643045 -0.001681346 0.003585856 0.999992192 6.014979362
0.999946475 0.010042758 0.002475599 -0.026197668 -0.010035200 0.999945045 -0.003047085 -0.104806438 -0.002506065 0.003022080 0.999992251 6.051198006
0.999927521 0.011764693 0.002556747 -0.026151460 -0.011756606 0.999925852 -0.003155302 -0.105269134 -0.002593679 0.003125015 0.999991715 6.086590290
0.999912202 0.012927783 0.002901914 -0.026382547 -0.012918858 0.999911845 -0.003072868 -0.106070951 -0.002941383 0.003035109 0.999991119 6.122769356
0.999900043 0.013897645 0.002598650 -0.026431220 -0.013889624 0.999898732 -0.003079664 -0.106683590 -0.002641187 0.003043261 0.999991894 6.159484863
0.999922574 0.012160177 0.002619000 -0.026655607 -0.012152876 0.999922276 -0.002785703 -0.107603922 -0.002652671 0.002753659 0.999992669 6.195609093
0.999944985 0.010334039 0.001765832 -0.026333567 -0.010330273 0.999944389 -0.002128246 -0.108157568 -0.001787727 0.002109887 0.999996126 6.232449055
0.999960959 0.008679771 0.001658278 -0.026168264 -0.008676494 0.999960423 -0.001972800 -0.108683243 -0.001675336 0.001958335 0.999996662 6.268953800
0.999979198 0.006148704 0.001947556 -0.026537649 -0.006144143 0.999978364 -0.002339927 -0.109333813 -0.001961902 0.002327912 0.999995351 6.305223942
0.999984324 0.005340782 0.001628258 -0.026700251 -0.005335747 0.999981046 -0.003081558 -0.110310346 -0.001644685 0.003072822 0.999993920 6.341741562
0.999991775 0.003076355 0.002666325 -0.026918881 -0.003072163 0.999994040 -0.001574885 -0.110540964 -0.002671154 0.001566680 0.999995291 6.376380920
0.999989867 0.003714224 0.002546666 -0.026392598 -0.003714123 0.999993026 -0.000044444 -0.111409903 -0.002546813 0.000034985 0.999996781 6.411550045
0.999990582 -0.002144449 0.003776001 -0.029585550 0.002150034 0.999996543 -0.001475535 -0.110646263 -0.003772825 0.001483640 0.999991775 6.452286243
0.999985337 -0.002507742 0.004798268 -0.030805780 0.002520972 0.999993026 -0.002753337 -0.110784769 -0.004791330 0.002765393 0.999984741 6.490115166
0.999982655 -0.001947619 0.005559822 -0.031852968 0.001960947 0.999995232 -0.002392867 -0.111972779 -0.005555135 0.002403728 0.999981701 6.527136326
0.999981523 0.000018800 0.006077133 -0.029692005 -0.000005893 0.999997735 -0.002123776 -0.112808727 -0.006077159 0.002123701 0.999979317 6.556946754
0.999974847 0.002527924 0.006630359 -0.029332779 -0.002509493 0.999992967 -0.002786729 -0.113689758 -0.006637358 0.002770020 0.999974132 6.592290401
0.999952435 0.005466454 0.008088314 -0.030690759 -0.005437144 0.999978602 -0.003641332 -0.114710428 -0.008108046 0.003597182 0.999960661 6.630793571
0.999945998 0.005203783 0.008999249 -0.030650012 -0.005173008 0.999980748 -0.003439481 -0.115289986 -0.009016976 0.003392742 0.999953568 6.665086746
0.999908626 0.009380308 0.009737076 -0.027568869 -0.009342888 0.999948800 -0.003881429 -0.116939604 -0.009772986 0.003790102 0.999945045 6.694832802
0.999945760 0.003155182 0.009925514 -0.028379969 -0.003107764 0.999983847 -0.004789059 -0.116307274 -0.009940460 0.004757952 0.999939263 6.732080460
0.999945343 0.002531560 0.010145049 -0.026758850 -0.002490370 0.999988675 -0.004070725 -0.117037326 -0.010155239 0.004045237 0.999940217 6.765051842
0.999934793 0.000631872 0.011396986 -0.027047679 -0.000592802 0.999993980 -0.003431183 -0.117113367 -0.011399086 0.003424203 0.999929130 6.799812317
0.999934912 -0.000032761 0.011408613 -0.026402265 0.000069157 0.999994934 -0.003189894 -0.117902927 -0.011408450 0.003190475 0.999929845 6.835064411
0.999945402 -0.000408364 0.010449901 -0.024604067 0.000461593 0.999987006 -0.005091879 -0.119173348 -0.010447684 0.005096423 0.999932408 6.868958473
0.999952734 -0.002361148 0.009433437 -0.022357754 0.002432792 0.999968231 -0.007590479 -0.119262345 -0.009415215 0.007613068 0.999926746 6.902201176
0.999966443 -0.003519868 0.007395616 -0.020403359 0.003581315 0.999959111 -0.008311800 -0.119280696 -0.007366055 0.008338007 0.999938130 6.936640739
0.999944746 -0.006926927 0.007898032 -0.022938497 0.006988672 0.999944985 -0.007817326 -0.119728811 -0.007843447 0.007872091 0.999938250 6.974095821
0.999966323 -0.005384485 0.006191012 -0.021825388 0.005437753 0.999948084 -0.008619870 -0.120830372 -0.006144277 0.008653245 0.999943674 7.009086609
0.999963224 -0.000106020 0.008571017 -0.027428761 0.000184021 0.999958634 -0.009100389 -0.123369090 -0.008569698 0.009101631 0.999921918 7.050301552
0.999971807 -0.004381398 0.006097350 -0.024139822 0.004430708 0.999957323 -0.008097194 -0.124092340 -0.006061613 0.008123980 0.999948621 7.084051609
0.999970496 -0.004940622 0.005875536 -0.024618942 0.004991001 0.999950647 -0.008590974 -0.123076834 -0.005832801 0.008620045 0.999945819 7.113820553
0.999977767 -0.005339208 0.003981315 -0.023068296 0.005367253 0.999960601 -0.007067038 -0.123733431 -0.003943426 0.007088250 0.999967039 7.148933411
0.999985695 -0.002560642 0.004699636 -0.025478337 0.002590925 0.999975860 -0.006448712 -0.124034882 -0.004683010 0.006460796 0.999968171 7.185933590
0.999981523 0.000065828 0.006080039 -0.027898181 -0.000020517 0.999972224 -0.007452196 -0.124100983 -0.006080360 0.007451934 0.999953747 7.226704121
0.999980450 -0.003622089 0.005079573 -0.023890719 0.003650496 0.999977708 -0.005594403 -0.126788229 -0.005059196 0.005612837 0.999971449 7.256206036
0.999977112 -0.004683866 0.004868742 -0.022212427 0.004712306 0.999971747 -0.005846618 -0.126967415 -0.004841221 0.005869427 0.999971032 7.290744781
0.999976158 -0.004715526 0.005044006 -0.022183895 0.004751555 0.999963164 -0.007155158 -0.127970681 -0.005010080 0.007178954 0.999961734 7.328069687
0.999930024 -0.010851276 0.004728522 -0.022679292 0.010896182 0.999894798 -0.009576352 -0.128119081 -0.004624110 0.009627204 0.999942958 7.366101742
0.999923527 -0.010410863 0.006694003 -0.024703965 0.010469560 0.999906480 -0.008793846 -0.130733475 -0.006601826 0.008863256 0.999938905 7.394789219
0.999944270 -0.009725621 0.004112320 -0.024502879 0.009766357 0.999902189 -0.010004595 -0.131324291 -0.004014618 0.010044199 0.999941409 7.430650711
0.999962389 -0.008146618 0.002978323 -0.025685132 0.008173403 0.999925137 -0.009094614 -0.132306248 -0.002904010 0.009118612 0.999954164 7.465706348
0.999975264 -0.006715627 0.002094950 -0.024842212 0.006727714 0.999960423 -0.005817072 -0.133236468 -0.002055802 0.005831024 0.999980867 7.500527382
0.999962449 -0.008329657 0.002403875 -0.024843492 0.008337037 0.999960423 -0.003077104 -0.133798510 -0.002378148 0.003097030 0.999992430 7.535985947
0.999954879 -0.009242396 0.002186772 -0.024676058 0.009247595 0.999954402 -0.002378771 -0.134723648 -0.002164687 0.002398887 0.999994755 7.571594238
0.999943137 -0.010459702 0.002054401 -0.024466289 0.010465976 0.999940455 -0.003068007 -0.135522351 -0.002022188 0.003089334 0.999993205 7.607566833
0.999936998 -0.010734865 0.003277639 -0.024822036 0.010746340 0.999936044 -0.003504434 -0.135967493 -0.003239810 0.003539436 0.999988496 7.642534733
0.999939203 -0.010439839 0.003521153 -0.024858696 0.010451462 0.999939919 -0.003298563 -0.136519715 -0.003486505 0.003335163 0.999988377 7.678398132
0.999943316 -0.009212384 0.005332632 -0.026693050 0.009233263 0.999949694 -0.003904090 -0.137300342 -0.005296398 0.003953108 0.999978125 7.713997841
0.999954343 -0.007795449 0.005526270 -0.025841776 0.007822786 0.999957144 -0.004942697 -0.137847230 -0.005487503 0.004985702 0.999972522 7.747581959
0.999954820 -0.007694788 0.005580909 -0.025312994 0.007722159 0.999958098 -0.004899678 -0.138996631 -0.005542973 0.004942554 0.999972403 7.784021854
0.999933600 -0.009812454 0.006041510 -0.025527030 0.009831225 0.999946892 -0.003085326 -0.139200315 -0.006010913 0.003144517 0.999976993 7.821386814
0.999926686 -0.010377969 0.006242056 -0.025010556 0.010392834 0.999943137 -0.002353504 -0.140127733 -0.006217277 0.002418204 0.999977767 7.855317116
0.999918640 -0.011114296 0.006255391 -0.025088463 0.011137484 0.999931097 -0.003684431 -0.140900046 -0.006214011 0.003753801 0.999973714 7.890159607
0.999927878 -0.010059471 0.006562205 -0.025348067 0.010083064 0.999942839 -0.003572058 -0.141413763 -0.006525896 0.003637968 0.999972105 7.925547600
0.999946535 -0.008116709 0.006402551 -0.025140844 0.008153191 0.999950588 -0.005692606 -0.142228022 -0.006356029 0.005744503 0.999963224 7.960997105
0.999968112 -0.005767307 0.005528151 -0.025275748 0.005815782 0.999944448 -0.008793068 -0.142979681 -0.005477131 0.008824938 0.999945998 7.995977879
0.999975443 -0.005308901 0.004574396 -0.024790123 0.005346645 0.999951422 -0.008278794 -0.143852144 -0.004530223 0.008303048 0.999955297 8.031792641
0.999983013 -0.005136855 0.002738463 -0.024381796 0.005148165 0.999978125 -0.004139246 -0.144895375 -0.002717141 0.004153274 0.999987721 8.067094803
0.999990880 -0.003518958 0.002398754 -0.024802038 0.003523176 0.999992371 -0.001756495 -0.145602077 -0.002392555 0.001764931 0.999995589 8.102525711
0.999995410 -0.002885526 0.000915443 -0.024873115 0.002888546 0.999990284 -0.003314781 -0.146180809 -0.000905870 0.003317409 0.999994099 8.137849808
0.999993503 -0.003445729 -0.000994840 -0.024991008 0.003440912 0.999982476 -0.004803887 -0.147001714 0.001011375 0.004800432 0.999987960 8.173233032
0.999984264 -0.004938759 -0.002625394 -0.025224781 0.004930026 0.999982357 -0.003322560 -0.147761732 0.002641757 0.003309564 0.999991000 8.208257675
0.999972343 -0.006299487 -0.003962509 -0.025344871 0.006287664 0.999975741 -0.002989121 -0.148553923 0.003981244 0.002964123 0.999987662 8.244080544
0.999964952 -0.007110961 -0.004421870 -0.025615795 0.007093544 0.999967217 -0.003941840 -0.149172038 0.004449755 0.003910335 0.999982417 8.278555870
0.999963760 -0.007294468 -0.004395057 -0.026329931 0.007274360 0.999963105 -0.004573822 -0.150114372 0.004428259 0.004541685 0.999979913 8.313461304
0.999970675 -0.006871740 -0.003394924 -0.027551757 0.006856264 0.999966204 -0.004549410 -0.150836781 0.003426072 0.004526000 0.999983907 8.347932816
0.999959946 -0.008059870 -0.003884428 -0.027119868 0.008041017 0.999955893 -0.004844860 -0.151610434 0.003923306 0.004813431 0.999980748 8.382539749
0.999952197 -0.008940979 -0.003940911 -0.027600367 0.008923036 0.999949813 -0.004547112 -0.152883112 0.003981369 0.004511730 0.999981940 8.416948318
0.999960005 -0.008246096 -0.003451663 -0.028419532 0.008223320 0.999944687 -0.006561306 -0.153032124 0.003505577 0.006532661 0.999972582 8.451509476
0.999955177 -0.008979340 -0.002986017 -0.029516023 0.008959703 0.999938607 -0.006525555 -0.153662384 0.003044429 0.006498508 0.999974251 8.487898827
0.999953270 -0.008859962 -0.003868028 -0.028334707 0.008832358 0.999935746 -0.007096536 -0.154683247 0.003930655 0.007062040 0.999967337 8.522963524
0.999931753 -0.010874164 -0.004289444 -0.028582534 0.010837751 0.999905825 -0.008422670 -0.155475914 0.004380628 0.008375607 0.999955297 8.557528496
0.999924958 -0.011346459 -0.004624594 -0.028109774 0.011318745 0.999918044 -0.005975788 -0.156784609 0.004692019 0.005922994 0.999971449 8.592554092
0.999917388 -0.012246270 -0.003910235 -0.029342897 0.012220918 0.999904513 -0.006442790 -0.157009512 0.003988762 0.006394471 0.999971569 8.626884460
0.999885261 -0.014560780 -0.004178892 -0.029292176 0.014529751 0.999867260 -0.007361790 -0.157539800 0.004285532 0.007300227 0.999964118 8.662605286
0.999901295 -0.013134629 -0.004987856 -0.029383302 0.013095922 0.999884486 -0.007715084 -0.158737421 0.005088615 0.007649002 0.999957800 8.697447777
0.999915779 -0.012372402 -0.003921757 -0.030173384 0.012345799 0.999901056 -0.006736625 -0.159584880 0.004004718 0.006687640 0.999969602 8.733130455
0.999925077 -0.011707550 -0.003574952 -0.030261556 0.011686878 0.999915302 -0.005749299 -0.160331488 0.003641959 0.005707090 0.999977112 8.767437935
0.999922395 -0.011754861 -0.004117937 -0.030484740 0.011728982 0.999911666 -0.006253630 -0.160938799 0.004191084 0.006204847 0.999971986 8.802948952
0.999938667 -0.010828334 -0.002332241 -0.031567879 0.010811227 0.999915421 -0.007226208 -0.161800116 0.002410292 0.007200551 0.999971211 8.837644577
0.999921679 -0.012101950 -0.003166472 -0.031070704 0.012079268 0.999901950 -0.007086434 -0.162522733 0.003251921 0.007047631 0.999969900 8.872247696
0.999932528 -0.011197856 -0.003085949 -0.031538248 0.011173866 0.999908030 -0.007685000 -0.163126469 0.003171721 0.007649999 0.999965727 8.908032417
0.999944329 -0.010152298 -0.002867380 -0.031990860 0.010131134 0.999921978 -0.007301047 -0.164040819 0.002941279 0.007271590 0.999969244 8.943414688
0.999954998 -0.009280803 -0.001962018 -0.032546356 0.009266886 0.999932647 -0.006988070 -0.164755642 0.002026740 0.006969574 0.999973595 8.978324890
0.999957621 -0.008937938 -0.002199452 -0.032912850 0.008920186 0.999928653 -0.007952874 -0.165391281 0.002270377 0.007932919 0.999965966 9.013545990
0.999969840 -0.007660859 -0.001244183 -0.033307090 0.007649996 0.999934554 -0.008512938 -0.166196212 0.001309317 0.008503162 0.999962986 9.048048019
0.999988854 -0.004718124 -0.000293855 -0.033484455 0.004715161 0.999944925 -0.009378701 -0.166721791 0.000338089 0.009377209 0.999955893 9.080923080
0.999991119 -0.004227291 -0.000337876 -0.033678837 0.004224556 0.999961257 -0.007724277 -0.167882293 0.000370516 0.007722780 0.999970078 9.115298271
0.999996066 -0.002793368 0.000292013 -0.033871029 0.002795628 0.999963701 -0.008047299 -0.168549180 -0.000269523 0.008048084 0.999967575 9.149682999
