0.999999821 -0.000441483 -0.000427950 -0.000084479 0.000442150 0.999998689 0.001559255 -0.000491294 0.000427261 -0.001559444 0.999998689 0.034720697
0.999998569 -0.001636910 -0.000238080 -0.000245026 0.001637339 0.999996960 0.001811741 -0.001072846 0.000235114 -0.001812128 0.999998331 0.069285586
0.999995232 -0.003002546 -0.000742453 -0.000316197 0.003002913 0.999995351 0.000494034 -0.001444569 0.000740966 -0.000496261 0.999999583 0.103743233
0.999993980 -0.003428556 -0.000549597 -0.000570733 0.003428860 0.999993980 0.000552783 -0.001954134 0.000547698 -0.000554664 0.999999702 0.138191089
0.999991059 -0.004123010 -0.000871962 -0.000420046 0.004124118 0.999990702 0.001274025 -0.002441349 0.000866701 -0.001277610 0.999998748 0.173324689
0.999984801 -0.005478481 -0.000598105 -0.000703223 0.005480079 0.999981463 0.002704481 -0.003025390 0.000583277 -0.002707717 0.999996185 0.208122268
0.999987066 -0.005045273 -0.000604737 -0.000958060 0.005047152 0.999982297 0.003146761 -0.003520921 0.000588850 -0.003149772 0.999994874 0.243183896
0.999991119 -0.004144392 -0.000737750 -0.001346777 0.004145194 0.999990821 0.001089521 -0.003987650 0.000733228 -0.001092569 0.999999106 0.278515786
0.999998212 -0.001453901 -0.001229015 -0.001372845 0.001453035 0.999998689 -0.000705277 -0.004654346 0.001230039 0.000703490 0.999998987 0.313391745
0.999997139 0.002278859 -0.000746920 -0.001895806 -0.002280610 0.999994695 -0.002352796 -0.004959308 0.000741554 0.002354492 0.999996960 0.348459214
0.999989390 0.004528280 -0.000859948 -0.002177553 -0.004529939 0.999987781 -0.001936897 -0.005759613 0.000851167 0.001940772 0.999997735 0.384005129
0.999985635 0.005289811 -0.000918680 -0.002445190 -0.005290577 0.999985576 -0.000833235 -0.006461172 0.000914259 0.000838083 0.999999166 0.420006454
0.999996483 0.002659057 -0.000381706 -0.002547449 -0.002658168 0.999993801 0.002312025 -0.007194888 0.000387851 -0.002311001 0.999997258 0.455124646
0.999998569 -0.001032538 -0.001351590 -0.002139955 0.001037252 0.999993324 0.003491783 -0.007474503 0.001347976 -0.003493180 0.999993026 0.491749287
0.999992251 -0.003903795 -0.000544126 -0.002584324 0.003904655 0.999991119 0.001587702 -0.008013535 0.000537923 -0.001589815 0.999998569 0.526448548
0.999987423 -0.005022397 0.000156563 -0.003231218 0.005022459 0.999987364 -0.000394608 -0.008527845 -0.000154579 0.000395389 0.999999881 0.562076211
0.999996722 -0.002550631 0.000018806 -0.002956079 0.002550666 0.999994397 -0.002135160 -0.009203534 -0.000013360 0.002135201 0.999997735 0.597931802
1.000000000 0.000124039 -0.000168175 -0.002844305 -0.000124098 0.999999881 -0.000355851 -0.009783256 0.000168131 0.000355872 0.999999940 0.634824872
0.999999225 0.000128391 0.001259279 -0.003503516 -0.000132741 0.999994040 0.003454885 -0.010272261 -0.001258828 -0.003455049 0.999993265 0.669956863
0.999996960 -0.001632774 0.001892370 -0.003608117 0.001622415 0.999983847 0.005462795 -0.010721124 -0.001901258 -0.005459707 0.999983311 0.706477761
0.999975145 -0.006970870 0.001072728 -0.003314304 0.006966944 0.999969184 0.003621509 -0.011202851 -0.001097940 -0.003613945 0.999992847 0.742348731
0.999970436 -0.007673529 0.000634231 -0.003266396 0.007672572 0.999969482 0.001499126 -0.011652919 -0.000645715 -0.001494216 0.999998689 0.778926432
0.999971807 -0.007289621 0.001753771 -0.003530784 0.007291955 0.999972522 -0.001328514 -0.012069828 -0.001744038 0.001341265 0.999997556 0.814691246
0.999988735 -0.003973792 0.002559931 -0.003798505 0.003978998 0.999990046 -0.002031814 -0.012695021 -0.002551831 0.002041978 0.999994636 0.851809621
0.999991894 -0.002954731 0.002737077 -0.003790046 0.002965589 0.999987721 -0.003971064 -0.013454732 -0.002725310 0.003979148 0.999988317 0.887302041
0.999992311 -0.001314244 0.003682527 -0.004461502 0.001328839 0.999991298 -0.003963521 -0.013386575 -0.003677286 0.003968384 0.999985337 0.922545850
0.999993622 -0.001307290 0.003354057 -0.004442380 0.001314638 0.999996781 -0.002189497 -0.014785939 -0.003351184 0.002193893 0.999991953 0.959685385
0.999997258 -0.000773391 0.002214854 -0.003955174 0.000774752 0.999999523 -0.000613650 -0.015483824 -0.002214378 0.000615364 0.999997377 0.996889293
0.999996543 0.001848739 0.001905177 -0.003920285 -0.001847908 0.999998212 -0.000437647 -0.015984073 -0.001905982 0.000434124 0.999998093 1.033629179
0.999986768 0.004437760 0.002608889 -0.004654998 -0.004435080 0.999989688 -0.001032285 -0.016382771 -0.002613442 0.001020701 0.999996126 1.071096659
0.999971092 0.007165143 0.002553221 -0.004703007 -0.007164369 0.999974251 -0.000312298 -0.017153922 -0.002555393 0.000293996 0.999996603 1.107886195
0.999974072 0.007123130 0.001077909 -0.004152844 -0.007123296 0.999974608 0.000148599 -0.017926086 -0.001076823 -0.000156273 0.999999404 1.145726562
0.999981344 0.005972520 0.001256078 -0.004712495 -0.005972278 0.999982178 -0.000195751 -0.018383823 -0.001257225 0.000188245 0.999999106 1.182804108
0.999981225 0.006062047 0.000859843 -0.004796371 -0.006061348 0.999981284 -0.000812268 -0.019142240 -0.000864751 0.000807042 0.999999285 1.219759941
0.999982417 0.005918187 -0.000502160 -0.004431091 -0.005918376 0.999982476 -0.000377360 -0.020081712 0.000499918 0.000380325 0.999999821 1.258126020
0.999981701 0.005758503 -0.001798895 -0.004304536 -0.005757597 0.999983311 0.000508418 -0.020555196 0.001801793 -0.000498052 0.999998212 1.295589447
0.999982893 0.005374879 -0.002295736 -0.005102635 -0.005374419 0.999985516 0.000206165 -0.021096818 0.002296811 -0.000193823 0.999997318 1.331925988
0.999977827 0.005658009 -0.003514451 -0.005526143 -0.005655821 0.999983907 0.000632004 -0.021748085 0.003517970 -0.000612113 0.999993622 1.369815230
0.999970734 0.005531675 -0.005288268 -0.005199988 -0.005522310 0.999983191 0.001783660 -0.022512078 0.005298045 -0.001754404 0.999984384 1.408207893
0.999977589 0.003925179 -0.005409036 -0.006098540 -0.003911229 0.999989033 0.002587134 -0.023036877 0.005419131 -0.002565921 0.999981999 1.443936825
0.999977112 0.003026550 -0.006048954 -0.006291505 -0.003014850 0.999993563 0.001942449 -0.023209397 0.006054794 -0.001924167 0.999979854 1.481925011
0.999977946 0.000351986 -0.006634948 -0.006754441 -0.000342938 0.999999046 0.001364707 -0.023991657 0.006635421 -0.001362402 0.999977052 1.519635558
0.999979019 -0.001708502 -0.006250307 -0.007181673 0.001724108 0.999995351 0.002492214 -0.024818009 0.006246020 -0.002502938 0.999977350 1.555542350
0.999982297 -0.001638078 -0.005714504 -0.007530618 0.001652847 0.999995232 0.002580752 -0.024883917 0.005710249 -0.002590151 0.999980330 1.593739271
0.999969363 -0.005260595 -0.005792303 -0.007569792 0.005282678 0.999978840 0.003803583 -0.025669778 0.005772172 -0.003834065 0.999975920 1.628665447
0.999970376 -0.005712269 -0.005164544 -0.007705522 0.005731249 0.999976873 0.003667783 -0.026282592 0.005143473 -0.003697274 0.999979913 1.664979577
0.999951363 -0.008616949 -0.004792113 -0.008149662 0.008630104 0.999959052 0.002731229 -0.026907623 0.004768382 -0.002772453 0.999984801 1.701693296
0.999954104 -0.008615368 -0.004195702 -0.008297088 0.008624758 0.999960363 0.002224866 -0.027357413 0.004176367 -0.002260951 0.999988735 1.738252759
0.999965370 -0.007416750 -0.003768405 -0.008605439 0.007424350 0.999970436 0.002007013 -0.027860709 0.003753406 -0.002034922 0.999990940 1.775964618
0.999986708 -0.003980098 -0.003271187 -0.009252846 0.003991667 0.999985754 0.003537453 -0.028638661 0.003257061 -0.003550463 0.999988317 1.811412930
0.999997258 -0.000475472 -0.002305678 -0.009826149 0.000487215 0.999986947 0.005094828 -0.029542733 0.002303226 -0.005095937 0.999984324 1.846771955
0.999986231 0.005115909 -0.001192532 -0.010451501 -0.005109952 0.999974787 0.004944126 -0.029891584 0.001217795 -0.004937964 0.999987066 1.883134127
0.999950111 0.009970966 -0.000599159 -0.010996992 -0.009968130 0.999939919 0.004562829 -0.030389175 0.000644619 -0.004556629 0.999989390 1.920453668
0.999923348 0.012360976 0.000626978 -0.012074875 -0.012363200 0.999916852 0.003676375 -0.030514166 -0.000581482 -0.003683845 0.999993026 1.957527995
0.999884784 0.015122275 0.001224121 -0.012213061 -0.015126985 0.999877810 0.003935276 -0.031859491 -0.001164461 -0.003953340 0.999991477 1.992863059
0.999877095 0.015592280 0.001621981 -0.012617435 -0.015598732 0.999870121 0.004043216 -0.031864390 -0.001558727 -0.004068019 0.999990523 2.029925823
0.999892533 0.014505244 0.002118362 -0.013107281 -0.014512437 0.999888837 0.003420342 -0.032502320 -0.002068514 -0.003450716 0.999991953 2.065681696
0.999916911 0.012769762 0.001755611 -0.013249128 -0.012774698 0.999914408 0.002829974 -0.033125978 -0.001719323 -0.002852166 0.999994516 2.101932287
0.999938369 0.011052394 0.001003817 -0.013364124 -0.011054360 0.999936938 0.001974883 -0.032176666 -0.000981926 -0.001985858 0.999997556 2.138990641
0.999939978 0.010867455 -0.001406484 -0.010789049 -0.010861547 0.999932408 0.004144017 -0.034729168 0.001451424 -0.004128491 0.999990404 2.174689770
0.999941289 0.010844689 -0.000055090 -0.013123729 -0.010844460 0.999936104 0.003190658 -0.034963805 0.000089688 -0.003189873 0.999994993 2.209353209
0.999941111 0.010847848 -0.000335945 -0.014083374 -0.010846974 0.999938071 0.002501024 -0.034358796 0.000363055 -0.002497233 0.999996841 2.246500969
0.999946773 0.010292227 -0.000661927 -0.015089423 -0.010289866 0.999941051 0.003479158 -0.035052508 0.000697696 -0.003472162 0.999993742 2.280705690
0.999961436 0.008546168 -0.002018085 -0.014963414 -0.008537871 0.999955237 0.004084809 -0.035538897 0.002052904 -0.004067421 0.999989629 2.318097591
0.999979556 0.005613178 -0.003063344 -0.015370779 -0.005599522 0.999974430 0.004448069 -0.035754539 0.003088234 -0.004430824 0.999985456 2.352386713
0.999981940 0.003974609 -0.004506590 -0.015013769 -0.003953378 0.999981046 0.004710428 -0.036585614 0.004525227 -0.004692527 0.999978721 2.389001846
0.999984205 0.002923355 -0.004801166 -0.015603945 -0.002903986 0.999987662 0.004036142 -0.037256565 0.004812906 -0.004022136 0.999980330 2.424169064
0.999983788 0.001370692 -0.005512407 -0.015513234 -0.001349473 0.999991655 0.003851234 -0.037672549 0.005517639 -0.003843733 0.999977410 2.460388660
0.999985695 0.001430186 -0.005149420 -0.016107654 -0.001408871 0.999990463 0.004140581 -0.038809385 0.005155293 -0.004133266 0.999978244 2.494603872
0.999984622 0.001752981 -0.005247547 -0.016386162 -0.001739023 0.999994874 0.002663204 -0.038765077 0.005252189 -0.002654038 0.999982655 2.530562878
0.999982536 0.002244218 -0.005448126 -0.016850121 -0.002231936 0.999994934 0.002259213 -0.039362885 0.005453168 -0.002247013 0.999982595 2.565793991
0.999980390 0.003841333 -0.004946342 -0.017071683 -0.003831220 0.999990523 0.002052323 -0.039720539 0.004954179 -0.002033333 0.999985576 2.600688696
0.999978781 0.003860886 -0.005243629 -0.017163659 -0.003840749 0.999985218 0.003845061 -0.040386509 0.005258397 -0.003824840 0.999978840 2.635818481
0.999976158 0.004785632 -0.004980575 -0.017649880 -0.004758756 0.999974132 0.005394072 -0.041101556 0.005006260 -0.005370242 0.999973059 2.670967102
0.999979138 0.004438406 -0.004690587 -0.017971279 -0.004423854 0.999985397 0.003108538 -0.041345030 0.004704315 -0.003087722 0.999984205 2.704554081
0.999977648 0.004659969 -0.004780382 -0.018310752 -0.004653293 0.999988198 0.001406740 -0.042113084 0.004786881 -0.001384464 0.999987602 2.739898920
0.999985874 0.003009250 -0.004365846 -0.018944796 -0.003005525 0.999995232 0.000859145 -0.042898338 0.004368409 -0.000846011 0.999990106 2.773438692
0.999987602 0.001192948 -0.004839865 -0.018944742 -0.001184001 0.999997556 0.001851087 -0.043512173 0.004842061 -0.001845333 0.999986589 2.808731079
0.999991357 -0.000773113 -0.004097993 -0.019117793 0.000789052 0.999992132 0.003889539 -0.044061858 0.004094954 -0.003892739 0.999984086 2.842759609
0.999990523 -0.002580134 -0.003501596 -0.019303724 0.002594943 0.999987662 0.004231423 -0.044588298 0.003490635 -0.004240469 0.999984920 2.877362728
0.999990225 -0.003463714 -0.002727730 -0.019641291 0.003470954 0.999990404 0.002653629 -0.044951733 0.002718512 -0.002663071 0.999992788 2.912086725
0.999996126 -0.001563992 -0.002262119 -0.019616622 0.001564479 0.999998689 0.000213587 -0.045456577 0.002261783 -0.000217125 0.999997437 2.945825338
0.999999464 0.000480078 -0.000893039 -0.020200731 -0.000481975 0.999997556 -0.002126733 -0.045891397 0.000892016 0.002127163 0.999997318 2.980456829
0.999996066 0.002694740 0.000670608 -0.020713840 -0.002693763 0.999995291 -0.001453589 -0.046674713 -0.000674522 0.001451777 0.999998689 3.013381958
0.999986708 0.004785309 0.001912810 -0.020752002 -0.004785795 0.999988496 0.000249561 -0.047382742 -0.001911594 -0.000258712 0.999998093 3.049065351
0.999973059 0.005908506 0.004359194 -0.021655865 -0.005915125 0.999981403 0.001507452 -0.047711264 -0.004350206 -0.001533197 0.999989331 3.082674980
0.999987304 0.003572599 0.003556492 -0.021119680 -0.003581109 0.999990761 0.002389389 -0.047967795 -0.003547923 -0.002402095 0.999990761 3.117852449
0.999984026 0.003511976 0.004417641 -0.021006148 -0.003521884 0.999991298 0.002236929 -0.048474878 -0.004409746 -0.002252452 0.999987721 3.152564764
0.999959707 0.006654984 0.006016253 -0.021324290 -0.006662631 0.999977112 0.001251719 -0.049047269 -0.006007785 -0.001291752 0.999981046 3.186630249
0.999931157 0.008072827 0.008516286 -0.022781583 -0.008087511 0.999965847 0.001691155 -0.049729094 -0.008502342 -0.001759914 0.999962330 3.220829010
0.999919951 0.009295082 0.008581392 -0.021441638 -0.009297484 0.999956727 0.000240054 -0.049946636 -0.008578790 -0.000319820 0.999963105 3.255055428
0.999889255 0.010898664 0.010132803 -0.021661907 -0.010890956 0.999940276 -0.000815275 -0.050796416 -0.010141085 0.000704829 0.999948323 3.288478374
0.999895453 0.009391200 0.010991260 -0.021661617 -0.009387392 0.999955833 -0.000398031 -0.051353462 -0.010994514 0.000294810 0.999939501 3.322996616
0.999891460 0.009380524 0.011362769 -0.021026067 -0.009387545 0.999955714 0.000564644 -0.051883660 -0.011356968 -0.000671251 0.999935210 3.357670546
0.999898911 0.007643149 0.011992956 -0.020737767 -0.007652522 0.999970376 0.000735632 -0.051864382 -0.011986980 -0.000827334 0.999927759 3.392230749
0.999891043 0.007078358 0.012956549 -0.021033015 -0.007090725 0.999974430 0.000908758 -0.052606370 -0.012949786 -0.001000530 0.999915600 3.426057816
0.999908805 0.004889945 0.012584041 -0.020402256 -0.004915017 0.999985993 0.001962222 -0.053628407 -0.012574270 -0.002023894 0.999918878 3.460838079
0.999916852 0.004106937 0.012222364 -0.019947235 -0.004143599 0.999987066 0.002975824 -0.054482467 -0.012209984 -0.003026221 0.999920845 3.495068550
0.999916613 0.002951870 0.012570322 -0.021024879 -0.002979044 0.999993324 0.002143603 -0.054749772 -0.012563910 -0.002180872 0.999918640 3.529689074
0.999940872 0.001237744 0.010813054 -0.019951377 -0.001260723 0.999996960 0.002118586 -0.055121168 -0.010810398 -0.002132093 0.999939263 3.563392878
0.999956727 -0.000683223 0.009277429 -0.019490890 0.000655203 0.999995172 0.003022962 -0.055676997 -0.009279450 -0.003016752 0.999952316 3.597573996
0.999961138 -0.001799472 0.008634755 -0.019542713 0.001773781 0.999993980 0.002981999 -0.055942450 -0.008640069 -0.002966567 0.999958277 3.632432461
0.999972224 -0.001466299 0.007309217 -0.019221723 0.001445855 0.999995172 0.002801401 -0.056395732 -0.007313288 -0.002790755 0.999969363 3.666715622
0.999979317 -0.002467896 0.005933577 -0.019026682 0.002453932 0.999994278 0.002359441 -0.056895312 -0.005939365 -0.002344831 0.999979615 3.701301336
0.999984920 -0.002951772 0.004637162 -0.018646529 0.002939670 0.999992251 0.002614342 -0.057929303 -0.004644842 -0.002600670 0.999985874 3.735908747
0.999982297 -0.004299824 0.004112270 -0.018954996 0.004300558 0.999990702 -0.000169244 -0.058131743 -0.004111504 0.000186926 0.999991536 3.769947767
0.999946296 -0.009960723 0.002840256 -0.018602293 0.009963199 0.999949932 -0.000858780 -0.058630783 -0.002831560 0.000887032 0.999995589 3.805060625
0.999845028 -0.017497402 0.001935509 -0.018814357 0.017494123 0.999845505 0.001698077 -0.059337337 -0.001964922 -0.001663954 0.999996662 3.839294434
0.999700427 -0.024472211 0.000443122 -0.018538376 0.024470557 0.999694645 0.003422854 -0.059964273 -0.000526752 -0.003410985 0.999994040 3.873694420
0.999604046 -0.028130049 -0.000695223 -0.018531710 0.028129954 0.999604285 -0.000147415 -0.060443956 0.000699094 0.000127800 0.999999702 3.908245564
0.999622583 -0.027469501 -0.000208309 -0.018885786 0.027468774 0.999618351 -0.002935001 -0.061319020 0.000288853 0.002928172 0.999995708 3.943191528
0.999721885 -0.023565015 0.000946013 -0.018828584 0.023569688 0.999708176 -0.005279917 -0.061898798 -0.000821315 0.005300745 0.999985576 3.977092266
0.999730408 -0.023164935 0.001665955 -0.018990442 0.023173951 0.999715686 -0.005612768 -0.062529311 -0.001535462 0.005649860 0.999982834 4.012517452
0.999659359 -0.025975609 0.002537570 -0.019152172 0.025982259 0.999658883 -0.002623080 -0.063012615 -0.002468569 0.002688118 0.999993384 4.047556400
0.999476850 -0.032265428 0.002224954 -0.018449275 0.032263130 0.999478877 0.001060464 -0.063964367 -0.002258011 -0.000988125 0.999996960 4.081046581
0.999364316 -0.035550687 0.002670075 -0.018699605 0.035545480 0.999366164 0.001972748 -0.064362235 -0.002738515 -0.001876585 0.999994457 4.115084171
0.999272883 -0.037995677 0.003152651 -0.018796019 0.037987914 0.999275088 0.002487332 -0.065213718 -0.003244873 -0.002365761 0.999991894 4.149471283
0.999355793 -0.035727803 0.003433407 -0.018393107 0.035718177 0.999357879 0.002826499 -0.065481812 -0.003532187 -0.002702043 0.999990046 4.185324192
0.999490857 -0.031636026 0.004168135 -0.018325930 0.031628005 0.999497712 0.001977351 -0.066126160 -0.004228597 -0.001844515 0.999989331 4.221023083
0.999557078 -0.029175898 0.005874325 -0.019215498 0.029171776 0.999574006 0.000786808 -0.066881217 -0.005894780 -0.000615095 0.999982417 4.254621506
0.999666035 -0.025126982 0.006032309 -0.018648637 0.025130985 0.999683917 -0.000588617 -0.067374773 -0.006015613 0.000740018 0.999981642 4.290297985
0.999699950 -0.023678897 0.006277612 -0.018695086 0.023674123 0.999719322 0.000833697 -0.067848086 -0.006295592 -0.000684830 0.999979973 4.325618267
0.999731779 -0.022213211 0.006541217 -0.019168904 0.022205353 0.999752581 0.001271225 -0.068893313 -0.006567837 -0.001125634 0.999977827 4.359963417
0.999773681 -0.020729640 0.004777779 -0.017470999 0.020739714 0.999782741 -0.002068477 -0.068984844 -0.004733862 0.002167099 0.999986470 4.395621300
0.999868393 -0.015327197 0.005318758 -0.018945949 0.015354807 0.999868631 -0.005189667 -0.069755584 -0.005238517 0.005270652 0.999972403 4.429246902
0.999939084 -0.009457283 0.005675868 -0.019356053 0.009495547 0.999932051 -0.006753069 -0.070777655 -0.005611617 0.006806554 0.999961138 4.464492798
0.999968290 -0.006025580 0.005197943 -0.019055106 0.006050936 0.999969780 -0.004876563 -0.071674526 -0.005168401 0.004907861 0.999974668 4.500422001
0.999979019 -0.002820045 0.005835437 -0.019170616 0.002839632 0.999990344 -0.003351097 -0.072050169 -0.005825929 0.003367597 0.999977350 4.534480572
0.999982953 -0.000668857 0.005807959 -0.018941129 0.000674670 0.999999225 -0.000998879 -0.072927348 -0.005807287 0.001002780 0.999982655 4.569428444
0.999975324 -0.004016842 0.005775803 -0.018961595 0.004018355 0.999991894 -0.000250345 -0.073297583 -0.005774750 0.000273549 0.999983311 4.603141785
0.999963760 -0.007995954 0.002932692 -0.018680429 0.007996166 0.999968052 -0.000060645 -0.073758468 -0.002932114 0.000084093 0.999995708 4.639594555
0.999966383 -0.008131889 0.001059087 -0.018795867 0.008136162 0.999958575 -0.004094059 -0.074510984 -0.001025751 0.004102538 0.999991119 4.674682140
0.999978125 -0.006610672 -0.000356765 -0.018930841 0.006607462 0.999943376 -0.008350021 -0.075468890 0.000411944 0.008347481 0.999965072 4.710166454
0.999997675 -0.001410251 -0.001606363 -0.018411024 0.001396013 0.999960005 -0.008830586 -0.076629527 0.001618752 0.008828322 0.999959707 4.745367527
0.999998450 0.001559939 -0.000817152 -0.019804012 -0.001567004 0.999960840 -0.008716595 -0.076499127 0.000803523 0.008717862 0.999961674 4.781591892
0.999994040 0.002980557 -0.001776513 -0.019267699 -0.002989474 0.999982834 -0.005038129 -0.077449195 0.001761466 0.005043409 0.999985754 4.817836761
0.999984324 0.005578845 -0.000492072 -0.020421937 -0.005580303 0.999979913 -0.003014200 -0.078481793 0.000475246 0.003016899 0.999995351 4.853511810
0.999984741 0.005515592 -0.000343262 -0.020174706 -0.005516283 0.999982715 -0.002042752 -0.078906998 0.000331989 0.002044614 0.999997854 4.889191628
0.999988377 0.004829930 -0.000042708 -0.020732798 -0.004829977 0.999987662 -0.001194126 -0.080307238 0.000036940 0.001194319 0.999999344 4.925433636
0.999999762 -0.000002203 -0.000657542 -0.020761244 0.000001829 0.999999821 -0.000568838 -0.080727592 0.000657543 0.000568836 0.999999642 4.962679386
0.999993145 -0.003690302 -0.000419454 -0.020713760 0.003690158 0.999993145 -0.000344914 -0.081401572 0.000420724 0.000343363 0.999999881 4.998513222
0.999984324 -0.005585517 0.000232234 -0.020685691 0.005585506 0.999984384 0.000052969 -0.081673786 -0.000232526 -0.000051671 1.000000000 5.034282684
0.999947906 -0.010193394 0.000514390 -0.020963622 0.010192238 0.999945641 0.002199606 -0.082789131 -0.000536783 -0.002194249 0.999997437 5.071776390
0.999919116 -0.012693382 0.000806666 -0.020907188 0.012692039 0.999918044 0.001647141 -0.082814336 -0.000827507 -0.001636770 0.999998331 5.107767582
0.999947011 -0.010201186 0.001371903 -0.020852037 0.010205389 0.999943078 -0.003092317 -0.083202556 -0.001340280 0.003106155 0.999994338 5.143868923
0.999994814 -0.002911299 0.001370284 -0.021251800 0.002921302 0.999968708 -0.007355400 -0.084808245 -0.001348828 0.007359364 0.999971986 5.182132721
0.999973059 0.006845360 0.002607634 -0.021523893 -0.006824541 0.999945462 -0.007910785 -0.085414052 -0.002661644 0.007892777 0.999965250 5.218187809
0.999881804 0.014655359 0.004658511 -0.022441680 -0.014636445 0.999884605 -0.004068990 -0.086025067 -0.004717606 0.004000326 0.999980867 5.256360054
0.999876440 0.015028772 0.004604141 -0.022358015 -0.015022434 0.999886155 -0.001408493 -0.087073177 -0.004624784 0.001339154 0.999988377 5.294426441
0.999886453 0.014343214 0.004600279 -0.022914829 -0.014336302 0.999896049 -0.001531621 -0.087577641 -0.004621768 0.001465496 0.999988198 5.332222462
0.999945343 0.010046181 0.002897155 -0.022473393 -0.010042261 0.999948680 -0.001364488 -0.088234782 -0.002910715 0.001335319 0.999994934 5.370383739
0.999959290 0.008650087 0.002557256 -0.022815429 -0.008645306 0.999960840 -0.001874974 -0.088871337 -0.002573375 0.001852789 0.999994993 5.407069683
0.999956012 0.009183386 0.001867755 -0.023002069 -0.009178080 0.999953866 -0.002830979 -0.089290798 -0.001893666 0.002813712 0.999994338 5.445504189
0.999935627 0.011157959 0.002054540 -0.023585595 -0.011152102 0.999933779 -0.002840660 -0.089900590 -0.002086100 0.002817565 0.999993861 5.484360218
0.999936640 0.011166261 0.001409418 -0.023136500 -0.011164391 0.999936819 -0.001327258 -0.090884991 -0.001424149 0.001311439 0.999998152 5.520545483
0.999949217 0.010018406 0.001048151 -0.023301693 -0.010016529 0.999948263 -0.001779736 -0.091556467 -0.001065927 0.001769147 0.999997854 5.558735847
0.999945760 0.010357997 0.001058234 -0.024206178 -0.010354562 0.999941349 -0.003200544 -0.092082262 -0.001091324 0.003189413 0.999994338 5.598029137
0.999949396 0.010023224 0.000749872 -0.023628373 -0.010020841 0.999944925 -0.003116111 -0.093148947 -0.000781064 0.003108440 0.999994814 5.634622097
0.999955356 0.009439358 0.000202603 -0.023273971 -0.009438724 0.999951184 -0.002923171 -0.094031036 -0.000230186 0.002921128 0.999995708 5.671729088
0.999943972 0.010576882 0.000461830 -0.024039265 -0.010575023 0.999936640 -0.003860065 -0.094202235 -0.000502628 0.003854965 0.999992490 5.709754944
0.999936938 0.011226174 0.000126550 -0.024285588 -0.011225644 0.999930501 -0.003610535 -0.095569640 -0.000167073 0.003608886 0.999993443 5.749261856
0.999920607 0.012603096 -0.000284608 -0.024477867 -0.012604237 0.999910831 -0.004438119 -0.095987298 0.000228649 0.004441353 0.999990165 5.787513733
0.999924421 0.012294302 0.000053858 -0.025262203 -0.012293993 0.999916613 -0.003954226 -0.097183093 -0.000102468 0.003953265 0.999992192 5.825797558
0.999923706 0.012281148 -0.001262164 -0.024767492 -0.012286300 0.999915898 -0.004156836 -0.097685203 0.001211008 0.004172026 0.999990523 5.864598274
0.999935448 0.011308373 -0.001035525 -0.025067763 -0.011312822 0.999926329 -0.004396625 -0.098436132 0.000985730 0.004408056 0.999989808 5.903540611
0.999952376 0.009677314 -0.001233799 -0.025394883 -0.009682478 0.999944091 -0.004251902 -0.099558681 0.001192583 0.004263647 0.999990225 5.942341805
0.999963641 0.008458590 -0.001106691 -0.025522416 -0.008462874 0.999956429 -0.003925499 -0.100246258 0.001073439 0.003934722 0.999991715 5.981382370
0.999970376 0.007644027 -0.000944363 -0.025516126 -0.007647272 0.999964654 -0.003481455 -0.100970931 0.000917718 0.003488573 0.999993503 6.021086216
0.999976933 0.006774760 -0.000522373 -0.026580362 -0.006776433 0.999971688 -0.003267289 -0.101606876 0.000500223 0.003270753 0.999994516 6.059037209
0.999970496 0.007637197 -0.000922943 -0.026637455 -0.007640808 0.999962926 -0.003975450 -0.102419704 0.000892548 0.003982384 0.999991655 6.098375320
0.999971509 0.007483785 -0.000960061 -0.026672894 -0.007487889 0.999962509 -0.004343524 -0.103093863 0.000927519 0.004350589 0.999990106 6.137194157
0.999959111 0.009025418 -0.000413576 -0.027006339 -0.009026898 0.999952257 -0.003723284 -0.103917234 0.000379953 0.003726865 0.999992967 6.176450729
0.999950886 0.009889439 0.000723546 -0.027351646 -0.009888141 0.999949455 -0.001773894 -0.104628570 -0.000741052 0.001766653 0.999998152 6.215255737
0.999962151 0.008646844 0.000937967 -0.027391940 -0.008646169 0.999962330 -0.000722659 -0.105602592 -0.000944181 0.000714521 0.999999285 6.254099846
0.999955416 0.009389165 0.001013627 -0.027372207 -0.009386725 0.999953151 -0.002383819 -0.106273189 -0.001035962 0.002374198 0.999996662 6.293798447
0.999949574 0.009576902 0.003004104 -0.028390236 -0.009566006 0.999947667 -0.003621019 -0.107301451 -0.003038625 0.003592100 0.999988914 6.332514286
0.999943554 0.010299804 0.002601390 -0.027959254 -0.010291650 0.999942064 -0.003128200 -0.107983045 -0.002633460 0.003101252 0.999991655 6.371592045
0.999953449 0.009575568 0.001159470 -0.026868610 -0.009573095 0.999951959 -0.002119672 -0.108564392 -0.001179711 0.002108474 0.999997079 6.410379410
0.999940276 0.010875450 0.001047099 -0.027553454 -0.010874351 0.999940276 -0.001048403 -0.109867238 -0.001058438 0.001036954 0.999998868 6.452270508
0.999951482 0.009707077 0.001638232 -0.028153036 -0.009705155 0.999952137 -0.001176138 -0.110292293 -0.001649571 0.001160182 0.999997973 6.489519596
0.999935746 0.011150287 0.002044077 -0.028727353 -0.011148949 0.999937594 -0.000664173 -0.111297600 -0.002051356 0.000641340 0.999997675 6.529194832
0.999907434 0.013374061 0.002467000 -0.028589979 -0.013370809 0.999909699 -0.001329511 -0.111693040 -0.002484558 0.001296403 0.999996066 6.568440437
0.999920607 0.012400648 0.002228983 -0.028890537 -0.012397898 0.999922395 -0.001243765 -0.112201691 -0.002244233 0.001216031 0.999996722 6.607427597
0.999931872 0.011536784 0.001771789 -0.028832790 -0.011533932 0.999932230 -0.001611671 -0.112798184 -0.001790263 0.001591126 0.999997079 6.646988869
0.999957860 0.008909870 0.002252186 -0.029066140 -0.008909422 0.999960303 -0.000208423 -0.113547117 -0.002253954 0.000188349 0.999997437 6.687052727
0.999974787 0.006927637 0.001558916 -0.028910281 -0.006928023 0.999975979 0.000242800 -0.114175469 -0.001557196 -0.000253595 0.999998748 6.727447033
0.999984920 0.005083945 0.002063039 -0.029113118 -0.005083452 0.999987066 -0.000244527 -0.114861518 -0.002064256 0.000234036 0.999997854 6.767058372
0.999988854 0.004613920 0.000968875 -0.028957985 -0.004612558 0.999988377 -0.001402356 -0.115716010 -0.000975334 0.001397871 0.999998569 6.807241440
0.999996424 0.001177185 0.002402738 -0.029336821 -0.001178051 0.999999225 0.000359113 -0.116117686 -0.002402314 -0.000361942 0.999997020 6.846430779
0.999997795 -0.000190116 0.002070726 -0.028931458 0.000187005 0.999998868 0.001502337 -0.116492487 -0.002071009 -0.001501947 0.999996662 6.887019157
0.999994457 -0.001698671 0.002836784 -0.029372059 0.001695322 0.999997854 0.001182371 -0.117126808 -0.002838786 -0.001177556 0.999995232 6.925959110
0.999991715 -0.002786150 0.002972049 -0.029452514 0.002785785 0.999996126 0.000127109 -0.117747188 -0.002972392 -0.000118829 0.999995530 6.965437889
0.999992430 -0.001518783 0.003559342 -0.029317206 0.001518417 0.999998868 0.000105601 -0.118555576 -0.003559499 -0.000100196 0.999993682 7.005587101
0.999989986 0.000705626 0.004418363 -0.029600330 -0.000702264 0.999999523 -0.000762549 -0.118751973 -0.004418899 0.000759439 0.999989927 7.045583725
0.999981761 0.002379038 0.005551992 -0.029450353 -0.002378248 0.999997258 -0.000148850 -0.120007455 -0.005552331 0.000135643 0.999984562 7.084980965
0.999972880 0.003109822 0.006676667 -0.029763643 -0.003107469 0.999995112 -0.000362958 -0.120621130 -0.006677763 0.000342201 0.999977708 7.124428272
0.999963820 0.004135040 0.007437302 -0.029404402 -0.004128763 0.999991119 -0.000859149 -0.121295527 -0.007440789 0.000828411 0.999971986 7.164205551
0.999949753 0.005229869 0.008558494 -0.029488351 -0.005222960 0.999986112 -0.000829394 -0.122418575 -0.008562712 0.000784651 0.999963045 7.203824520
0.999944448 0.005153581 0.009187005 -0.029119574 -0.005134392 0.999984503 -0.002110991 -0.122896105 -0.009197742 0.002063704 0.999955535 7.243648052
0.999935746 0.004709090 0.010304722 -0.029300764 -0.004690640 0.999987364 -0.001813829 -0.123509139 -0.010313131 0.001765377 0.999945223 7.284079075
0.999936640 0.003683502 0.010634861 -0.028873399 -0.003672238 0.999992669 -0.001078533 -0.124174237 -0.010638754 0.001039411 0.999942839 7.323855877
0.999923170 0.002149931 0.012210378 -0.028991595 -0.002141019 0.999997437 -0.000742909 -0.124813534 -0.012211944 0.000716709 0.999925196 7.362366199
0.999939919 0.002311154 0.010716499 -0.028094672 -0.002277958 0.999992490 -0.003108812 -0.125786588 -0.010723605 0.003084214 0.999937773 7.402725697
0.999934018 -0.000184624 0.011490835 -0.028375894 0.000242357 0.999987304 -0.005023124 -0.126589283 -0.011489763 0.005025577 0.999921381 7.442292213
0.999956429 0.001237859 0.009255387 -0.027348749 -0.001192042 0.999987006 -0.004954130 -0.127657115 -0.009261401 0.004942881 0.999944925 7.482138634
0.999953985 0.000460167 0.009582810 -0.027328745 -0.000411983 0.999987304 -0.005029543 -0.128548637 -0.009585003 0.005025363 0.999941468 7.520490646
0.999968052 -0.001508645 0.007858220 -0.026693158 0.001548641 0.999985874 -0.005086140 -0.129358247 -0.007850436 0.005098146 0.999956250 7.560388088
0.999971807 0.000877772 0.007455846 -0.027509719 -0.000835849 0.999983966 -0.005624093 -0.130463749 -0.007460660 0.005617701 0.999956369 7.601834297
0.999980927 0.000505476 0.006146655 -0.027022410 -0.000474003 0.999986827 -0.005120610 -0.131178781 -0.006149162 0.005117599 0.999967933 7.642642021
0.999984026 0.000605414 0.005613889 -0.026912540 -0.000569392 0.999979258 -0.006415859 -0.131309032 -0.005617656 0.006412561 0.999963641 7.681488514
0.999989212 0.000215450 0.004637465 -0.026915681 -0.000197104 0.999992132 -0.003956241 -0.132668242 -0.004638283 0.003955285 0.999981403 7.722465992
0.999990344 0.001100772 0.004267761 -0.027152538 -0.001086191 0.999993563 -0.003417437 -0.132686123 -0.004271496 0.003412769 0.999985099 7.764413834
0.999985874 0.001399601 0.005127156 -0.027420476 -0.001386636 0.999995828 -0.002531397 -0.133999020 -0.005130677 0.002524252 0.999983609 7.801813126
0.999980986 0.002122315 0.005795016 -0.027259290 -0.002107137 0.999994278 -0.002624063 -0.134687304 -0.005800554 0.002611802 0.999979794 7.841706276
0.999979436 0.001067845 0.006324986 -0.027131204 -0.001046947 0.999993980 -0.003306485 -0.135232374 -0.006328478 0.003299795 0.999974489 7.881462574
0.999979258 -0.001138534 0.006336881 -0.026917294 0.001165563 0.999990284 -0.004263316 -0.135734618 -0.006331964 0.004270613 0.999970853 7.921365738
0.999972582 -0.002680515 0.006908252 -0.027198046 0.002725337 0.999975204 -0.006486942 -0.136521012 -0.006890692 0.006505591 0.999955118 7.963795185
0.999966979 -0.003035734 0.007553115 -0.027609818 0.003088404 0.999970913 -0.006971389 -0.137956619 -0.007531733 0.006994486 0.999947190 8.002772331
0.999982178 -0.002314074 0.005513072 -0.027885351 0.002356666 0.999967337 -0.007731679 -0.138882726 -0.005495002 0.007744534 0.999954939 8.044320107
0.999993622 -0.001469560 0.003245933 -0.027442979 0.001492939 0.999972880 -0.007211766 -0.139893919 -0.003235247 0.007216566 0.999968708 8.085231781
0.999996305 -0.000575589 0.002647662 -0.027761629 0.000587171 0.999990284 -0.004375639 -0.140459850 -0.002645117 0.004377178 0.999986947 8.126567841
0.999992549 -0.001119352 0.003695575 -0.027784683 0.001123074 0.999998808 -0.001005385 -0.141309991 -0.003694445 0.001009528 0.999992609 8.167173386
0.999990880 -0.002009145 0.003750559 -0.027690083 0.002009249 0.999997973 -0.000023888 -0.142403930 -0.003750503 0.000031424 0.999992967 8.208924294
0.999988139 -0.002624836 0.004127506 -0.027803302 0.002632424 0.999994874 -0.001834128 -0.142477676 -0.004122671 0.001844972 0.999989808 8.249428749
0.999982655 -0.003494863 0.004745706 -0.027769584 0.003503492 0.999992251 -0.001810968 -0.143160030 -0.004739341 0.001827563 0.999987125 8.290603638
0.999981999 -0.003161018 0.005118678 -0.028196432 0.003169771 0.999993503 -0.001702794 -0.143909946 -0.005113262 0.001718988 0.999985397 8.331899643
0.999976158 -0.002984911 0.006228230 -0.028672177 0.002998975 0.999992907 -0.002250070 -0.144514114 -0.006221469 0.002268695 0.999978006 8.372809410
0.999975443 -0.000457384 0.006993883 -0.029378772 0.000481591 0.999993861 -0.003459931 -0.145281851 -0.006992258 0.003463214 0.999969542 8.414658546
0.999972463 -0.000427285 0.007407336 -0.028710485 0.000451732 0.999994457 -0.003298990 -0.146443442 -0.007405885 0.003302245 0.999967039 8.455533028
0.999968052 -0.001579770 0.007837489 -0.028709792 0.001593493 0.999997199 -0.001744959 -0.146799713 -0.007834712 0.001757392 0.999967694 8.497568130
0.999963284 -0.003246365 0.007933642 -0.028146990 0.003249049 0.999994695 -0.000325451 -0.148210555 -0.007932543 0.000351216 0.999968469 8.537426949
0.999956906 -0.004430785 0.008158592 -0.028542526 0.004446631 0.999988317 -0.001925160 -0.148939222 -0.008149964 0.001961356 0.999964893 8.579457283
0.999964237 -0.002729819 0.008000885 -0.027928866 0.002741229 0.999995232 -0.001415579 -0.149903566 -0.007996983 0.001437461 0.999966979 8.620334625
0.999969602 -0.000803186 0.007749026 -0.027923182 0.000830572 0.999993443 -0.003531494 -0.150566190 -0.007746138 0.003537823 0.999963760 8.661303520
0.999976635 0.000251073 0.006830660 -0.027607542 -0.000209546 0.999981463 -0.006079562 -0.151659325 -0.006832060 0.006077988 0.999958158 8.702974319
0.999977887 0.002565081 0.006127601 -0.027544905 -0.002528858 0.999979258 -0.005911924 -0.152514160 -0.006142641 0.005896299 0.999963760 8.744163513
0.999987483 0.002008007 0.004581185 -0.026814524 -0.001998900 0.999996006 -0.001991592 -0.153563246 -0.004585166 0.001982410 0.999987602 8.785980225
0.999988258 0.003533726 0.003297517 -0.026662545 -0.003535482 0.999993622 0.000526840 -0.154235691 -0.003295635 -0.000538494 0.999994516 8.826467514
0.999989390 0.003973221 0.002332487 -0.027636468 -0.003970874 0.999991596 -0.001010293 -0.154742479 -0.002336482 0.001001020 0.999996781 8.867923737
0.999994636 0.003252374 0.000302705 -0.027698502 -0.003251574 0.999991357 -0.002604413 -0.155367255 -0.000311173 0.002603415 0.999996603 8.909782410
0.999996901 0.001659497 -0.001884972 -0.027567126 -0.001661071 0.999998271 -0.000833407 -0.156385928 0.001883585 0.000836535 0.999997854 8.949769974
0.999997020 0.000433863 -0.002411199 -0.027924065 -0.000434118 0.999999881 -0.000105002 -0.157630995 0.002411153 0.000106048 0.999997079 8.990080833
0.999995470 0.000148366 -0.003026141 -0.027733430 -0.000151544 0.999999404 -0.001050066 -0.158400625 0.003025984 0.001050520 0.999994874 9.030208588
0.999993920 -0.000791128 -0.003436306 -0.028275307 0.000785314 0.999998212 -0.001692953 -0.159221739 0.003437640 0.001690244 0.999992669 9.071599007
0.999993920 -0.000397549 -0.003496258 -0.028514918 0.000391417 0.999998331 -0.001754383 -0.160160840 0.003496950 0.001753004 0.999992371 9.112969398
0.999992728 -0.001102328 -0.003638231 -0.028724961 0.001093872 0.999996662 -0.002325371 -0.160674989 0.003640782 0.002321374 0.999990702 9.153261185
0.999993026 -0.001451164 -0.003436698 -0.029221270 0.001443146 0.999996245 -0.002334550 -0.161812425 0.003440073 0.002329574 0.999991298 9.193868637
0.999991655 -0.001287493 -0.003880689 -0.029089082 0.001273140 0.999992371 -0.003698959 -0.162021458 0.003885421 0.003693987 0.999985635 9.234511375
0.999992907 -0.002313475 -0.002948258 -0.030107239 0.002305319 0.999993503 -0.002766785 -0.163432419 0.002954640 0.002759969 0.999991834 9.275163651
0.999994874 -0.001508521 -0.002808289 -0.030173831 0.001497125 0.999990582 -0.004055643 -0.164238453 0.002814382 0.004051418 0.999987841 9.315395355
0.999987364 -0.003337474 -0.003750490 -0.029927483 0.003320031 0.999983728 -0.004647369 -0.165377378 0.003765940 0.004634859 0.999982119 9.357393265
0.999981403 -0.005308443 -0.003003427 -0.030936062 0.005298676 0.999980628 -0.003251200 -0.165845454 0.003020628 0.003235226 0.999990225 9.398138046
0.999978900 -0.005963704 -0.002606245 -0.031547800 0.005953687 0.999974906 -0.003834744 -0.165838018 0.002629050 0.003819145 0.999989271 9.438119888
0.999969661 -0.007178230 -0.003015720 -0.031410787 0.007164681 0.999964356 -0.004479910 -0.167084813 0.003047770 0.004458168 0.999985397 9.479496002
0.999979973 -0.005738143 -0.002722571 -0.031796101 0.005726262 0.999974132 -0.004351558 -0.168268636 0.002747471 0.004335880 0.999986768 9.519299507
0.999983907 -0.004853535 -0.002939178 -0.031806037 0.004842145 0.999980748 -0.003870093 -0.168817848 0.002957905 0.003855799 0.999988139 9.560468674
0.999992251 -0.003414449 -0.001957501 -0.032405827 0.003409333 0.999990761 -0.002610940 -0.170135215 0.001966398 0.002604246 0.999994636 9.600874901
0.999994934 -0.002761742 -0.001574952 -0.032617476 0.002757840 0.999993145 -0.002474500 -0.171014637 0.001581775 0.002470144 0.999995708 9.641868591
0.999996424 -0.002459699 -0.000976990 -0.033084124 0.002455560 0.999988079 -0.004214716 -0.171477377 0.000987345 0.004212301 0.999990642 9.682416916
0.999995828 -0.002774090 -0.000781007 -0.033237524 0.002770692 0.999986827 -0.004318433 -0.172406226 0.000792977 0.004316251 0.999990344 9.723489761
0.999996603 -0.002457435 -0.000874573 -0.033471934 0.002453515 0.999987006 -0.004456066 -0.173195034 0.000885512 0.004453903 0.999989688 9.765091896
0.999999106 0.000087311 -0.001377387 -0.033894941 -0.000093144 0.999991000 -0.004235563 -0.174268097 0.001377005 0.004235686 0.999990046 9.807658195
0.999999821 0.000208862 -0.000506888 -0.033903081 -0.000210739 0.999993086 -0.003704674 -0.174915344 0.000506111 0.003704780 0.999992967 9.847791672
0.999997973 0.002043430 -0.000158940 -0.034375653 -0.002044104 0.999988437 -0.004360440 -0.175704688 0.000150028 0.004360756 0.999990404 9.888621330
0.999993801 0.003480288 0.000687120 -0.034793228 -0.003476298 0.999977529 -0.005724162 -0.176385283 -0.000707026 0.005721739 0.999983370 9.930441856
0.999984562 0.005307923 0.001618037 -0.036243167 -0.005297907 0.999967098 -0.006132571 -0.176760614 -0.001650535 0.006123904 0.999979854 9.968731880
0.999983788 0.005467300 0.001600870 -0.035378054 -0.005459587 0.999973595 -0.004783739 -0.178103045 -0.001626982 0.004774922 0.999987245 10.012088776
0.999982536 0.005662158 0.001713176 -0.035962306 -0.005653525 0.999971449 -0.005003538 -0.178571418 -0.001741458 0.004993765 0.999985933 10.053583145
