0.999999702 -0.000635220 -0.000251695 -0.000169902 0.000635639 0.999998391 0.001665490 -0.000813088 0.000250637 -0.001665650 0.999998510 0.049996708
0.999998271 -0.001703495 -0.000758212 -0.000257964 0.001704782 0.999997079 0.001699809 -0.001539195 0.000755314 -0.001701099 0.999998212 0.099829592
0.999994278 -0.003299034 -0.000778833 -0.000449773 0.003299681 0.999994218 0.000829944 -0.002340002 0.000776090 -0.000832509 0.999999344 0.149658084
0.999992609 -0.003786219 -0.000650865 -0.000698753 0.003786873 0.999992311 0.001006850 -0.003139776 0.000647047 -0.001009307 0.999999285 0.199269757
0.999991775 -0.003969798 -0.000824790 -0.000779289 0.003971262 0.999990523 0.001780611 -0.003934485 0.000817713 -0.001783872 0.999998093 0.249752015
0.999985754 -0.005326634 -0.000354753 -0.001239274 0.005327672 0.999981284 0.002993483 -0.004563297 0.000338801 -0.002995330 0.999995410 0.300181478
0.999987841 -0.004906206 -0.000559381 -0.001511140 0.004908031 0.999982476 0.003310957 -0.005219369 0.000543127 -0.003313663 0.999994338 0.352356046
0.999991953 -0.003942851 -0.000702566 -0.001819542 0.003944027 0.999990821 0.001680477 -0.006098428 0.000695934 -0.001683235 0.999998331 0.401526541
0.999997675 -0.001566643 -0.001457617 -0.001702489 0.001565407 0.999998450 -0.000848401 -0.006602563 0.001458943 0.000846118 0.999998510 0.453572005
0.999997616 0.002038073 -0.000695711 -0.002717309 -0.002038951 0.999997079 -0.001262753 -0.007754229 0.000693136 0.001264169 0.999998987 0.502963781
0.999989390 0.004522500 -0.000833140 -0.002952438 -0.004523769 0.999988556 -0.001527144 -0.008500831 0.000826224 0.001530897 0.999998510 0.554783165
0.999983907 0.005690413 -0.000299165 -0.003691264 -0.005690556 0.999983668 -0.000478442 -0.009499681 0.000296438 0.000480137 0.999999821 0.605256736
0.999994338 0.003358791 -0.000014848 -0.003866203 -0.003358751 0.999991894 0.002199950 -0.010285239 0.000022237 -0.002199888 0.999997556 0.657325447
0.999999166 -0.001219106 -0.000110500 -0.003555110 0.001219536 0.999991298 0.003974068 -0.010925094 0.000105654 -0.003974199 0.999992073 0.708384395
0.999993503 -0.003427311 -0.001060761 -0.003060936 0.003428621 0.999993265 0.001235799 -0.011387973 0.001056518 -0.001239429 0.999998689 0.761302948
0.999990046 -0.004432991 -0.000360525 -0.003801230 0.004432898 0.999990165 -0.000256133 -0.012481413 0.000361656 0.000254532 0.999999881 0.811181545
0.999997675 -0.002057248 0.000720302 -0.004269393 0.002058818 0.999995589 -0.002185789 -0.013107634 -0.000715803 0.002187267 0.999997318 0.863156974
0.999999046 0.000433265 0.001266990 -0.004766730 -0.000433440 0.999999881 0.000138343 -0.014138545 -0.001266929 -0.000138892 0.999999166 0.914468527
0.999998450 0.001242634 0.001169050 -0.004496404 -0.001247481 0.999990582 0.004153796 -0.015259137 -0.001163877 -0.004155248 0.999990702 0.967781782
0.999995649 -0.002071232 0.002093328 -0.004851331 0.002059051 0.999981046 0.005804728 -0.015473509 -0.002105311 -0.005800392 0.999980986 1.019135118
0.999978781 -0.006292979 0.001671467 -0.004972031 0.006286486 0.999972820 0.003861993 -0.015838075 -0.001695725 -0.003851403 0.999991179 1.071540952
0.999978900 -0.006295973 0.001591111 -0.004579901 0.006293376 0.999978840 0.001631369 -0.016617337 -0.001601349 -0.001621321 0.999997377 1.124700189
0.999980211 -0.005934250 0.002098934 -0.004866912 0.005936604 0.999981761 -0.001117116 -0.017296186 -0.002092267 0.001129554 0.999997199 1.177318931
0.999989927 -0.003596178 0.002683750 -0.005030179 0.003600773 0.999992073 -0.001709406 -0.018191464 -0.002677581 0.001719053 0.999994934 1.229770064
0.999991477 -0.002196132 0.003482162 -0.005713421 0.002208749 0.999991059 -0.003623603 -0.019732866 -0.003474173 0.003631264 0.999987364 1.282310605
0.999992728 -0.000963796 0.003679502 -0.005852992 0.000976140 0.999993980 -0.003354635 -0.020199429 -0.003676247 0.003358203 0.999987602 1.333914399
0.999994814 -0.001226543 0.002954970 -0.005319020 0.001232930 0.999996901 -0.002160337 -0.021044260 -0.002952311 0.002163969 0.999993324 1.387799263
0.999995768 0.000399461 0.002884814 -0.005949467 -0.000397481 0.999999642 -0.000687123 -0.022077290 -0.002885087 0.000685974 0.999995649 1.441839576
0.999992430 0.002635324 0.002855220 -0.006293493 -0.002632887 0.999996126 -0.000856965 -0.022320287 -0.002857467 0.000849441 0.999995530 1.494401336
0.999983370 0.004914258 0.002999315 -0.006150383 -0.004912979 0.999987960 -0.000433358 -0.023924826 -0.003001408 0.000418615 0.999995410 1.547307372
0.999973714 0.006732450 0.002682299 -0.006237035 -0.006731417 0.999977291 -0.000393902 -0.024008598 -0.002684890 0.000375836 0.999996305 1.600391626
0.999968946 0.007595501 0.002073918 -0.006177958 -0.007596207 0.999971151 0.000332971 -0.025676344 -0.002071328 -0.000348715 0.999997795 1.653748870
0.999975085 0.006714815 0.002167444 -0.006536597 -0.006714204 0.999977410 -0.000289271 -0.026087653 -0.002169338 0.000274711 0.999997556 1.709077716
0.999981761 0.005965990 0.000869825 -0.006144067 -0.005965224 0.999981880 -0.000881579 -0.026920581 -0.000875068 0.000876374 0.999999166 1.763544440
0.999985397 0.005402673 -0.000240951 -0.006441937 -0.005402761 0.999985397 -0.000361208 -0.028418336 0.000238996 0.000362504 0.999999881 1.816386938
0.999987721 0.004921201 -0.000495481 -0.007258216 -0.004920761 0.999987483 0.000886932 -0.029169656 0.000499839 -0.000884483 0.999999464 1.870705128
0.999984145 0.005344988 -0.001768210 -0.007555325 -0.005344320 0.999985635 0.000382799 -0.029657280 0.001770231 -0.000373343 0.999998331 1.924076676
0.999981165 0.005550047 -0.002608781 -0.008034205 -0.005547469 0.999984086 0.000994678 -0.030804520 0.002614260 -0.000980187 0.999996126 1.978796840
0.999975443 0.006086799 -0.003462367 -0.009112867 -0.006080831 0.999980032 0.001731670 -0.031436015 0.003472837 -0.001710573 0.999992549 2.033140182
0.999980509 0.004318476 -0.004503201 -0.008827938 -0.004305874 0.999986708 0.002804565 -0.032553662 0.004515253 -0.002785121 0.999985933 2.087633371
0.999984682 0.002887632 -0.004721613 -0.010042949 -0.002877687 0.999993622 0.002111655 -0.032718796 0.004727680 -0.002098036 0.999986589 2.141891479
0.999984980 -0.000010830 -0.005484295 -0.009835785 0.000022019 0.999997914 0.002040106 -0.033845916 0.005484261 -0.002040196 0.999982893 2.196955204
0.999987245 -0.000625123 -0.005020815 -0.011210338 0.000635077 0.999997854 0.001981200 -0.034575965 0.005019565 -0.001984363 0.999985456 2.251738071
0.999985158 -0.002111141 -0.005025716 -0.011518585 0.002124816 0.999994040 0.002717349 -0.035357274 0.005019949 -0.002727987 0.999983728 2.307154894
0.999984920 -0.003254721 -0.004426057 -0.011446002 0.003271521 0.999987423 0.003793876 -0.036319558 0.004413654 -0.003808299 0.999983013 2.357114792
0.999986529 -0.003409540 -0.003916291 -0.011702159 0.003423611 0.999987721 0.003591909 -0.037270665 0.003903996 -0.003605268 0.999985933 2.409222126
0.999972641 -0.006427556 -0.003656544 -0.012288081 0.006436422 0.999976337 0.002418182 -0.037709549 0.003640914 -0.002441651 0.999990404 2.464300871
0.999976575 -0.006156229 -0.002977200 -0.012837514 0.006161897 0.999979138 0.001898556 -0.038605753 0.002965450 -0.001916856 0.999993801 2.517036915
0.999984026 -0.005081552 -0.002479560 -0.012944104 0.005086103 0.999985337 0.001832754 -0.039326176 0.002470210 -0.001845336 0.999995232 2.571638584
0.999994397 -0.002620963 -0.002069809 -0.012948690 0.002628223 0.999990404 0.003513276 -0.040459663 0.002060581 -0.003518696 0.999991655 2.623451233
0.999997675 -0.001333773 -0.001678223 -0.013501759 0.001341655 0.999987960 0.004704741 -0.040741153 0.001671928 -0.004706982 0.999987483 2.677445889
0.999985695 0.005315517 -0.000624225 -0.014376914 -0.005312374 0.999973714 0.004931195 -0.041725568 0.000650420 -0.004927808 0.999987662 2.729249477
0.999953985 0.009597406 0.000137979 -0.014851322 -0.009597941 0.999943316 0.004615437 -0.042484388 -0.000093674 -0.004616549 0.999989331 2.782562971
0.999925315 0.012206086 0.000582773 -0.015303147 -0.012208227 0.999918103 0.003826066 -0.043053351 -0.000536024 -0.003832896 0.999992490 2.835410595
0.999882698 0.015221876 0.001686213 -0.016161209 -0.015227236 0.999878824 0.003212700 -0.043796010 -0.001637106 -0.003238000 0.999993384 2.887110949
0.999889493 0.014780067 0.001566917 -0.015986504 -0.014786016 0.999883235 0.003856204 -0.044519387 -0.001509739 -0.003878946 0.999991298 2.938524008
0.999909103 0.013357519 0.001839061 -0.016516117 -0.013364884 0.999902487 0.004052517 -0.045926515 -0.001784750 -0.004076726 0.999990106 2.992738247
0.999923348 0.012275499 0.001645007 -0.016548643 -0.012280438 0.999920011 0.003026537 -0.046745121 -0.001607723 -0.003046507 0.999994099 3.044431686
0.999938548 0.011026486 0.001125808 -0.016557699 -0.011029785 0.999934793 0.002966716 -0.046959214 -0.001093023 -0.002978951 0.999994993 3.095756054
0.999947011 0.010236658 0.001086472 -0.017251655 -0.010239840 0.999943137 0.002964871 -0.047255605 -0.001056060 -0.002975838 0.999995053 3.147918940
0.999947250 0.010269106 0.000087040 -0.016727246 -0.010269305 0.999943674 0.002686997 -0.048443556 -0.000059442 -0.002687749 0.999996305 3.199152946
0.999948621 0.010104811 -0.000643641 -0.016932359 -0.010102486 0.999942780 0.003517361 -0.049650073 0.000679146 -0.003510678 0.999993622 3.250844479
0.999946535 0.010111624 -0.002144779 -0.016199369 -0.010101229 0.999937534 0.004803100 -0.051042385 0.002193212 -0.004781177 0.999986172 3.302047729
0.999964714 0.007997864 -0.002579280 -0.018056497 -0.007985520 0.999956787 0.004760239 -0.050854549 0.002617240 -0.004739474 0.999985337 3.353940964
0.999974728 0.006325360 -0.003251195 -0.019201908 -0.006309358 0.999968052 0.004908704 -0.051402546 0.003282140 -0.004888067 0.999982655 3.405452728
0.999980390 0.004499049 -0.004350971 -0.019266056 -0.004475336 0.999975204 0.005444488 -0.053493626 0.004375358 -0.005424909 0.999975741 3.457735300
0.999983847 0.001309643 -0.005525522 -0.018821470 -0.001282588 0.999987185 0.004897058 -0.052768752 0.005531865 -0.004889892 0.999972761 3.508228302
0.999982893 -0.000038175 -0.005850756 -0.019144204 0.000064091 0.999990165 0.004429371 -0.053000778 0.005850531 -0.004429669 0.999973059 3.559412241
0.999984145 0.000440003 -0.005613101 -0.020061025 -0.000418961 0.999992907 0.003749397 -0.053751115 0.005614711 -0.003746986 0.999977231 3.609779835
0.999982953 0.000214791 -0.005822976 -0.020481976 -0.000194257 0.999993742 0.003526727 -0.055101693 0.005823696 -0.003525535 0.999976814 3.660660028
0.999985278 0.000709894 -0.005374816 -0.021259522 -0.000695948 0.999996364 0.002596230 -0.055492025 0.005376639 -0.002592451 0.999982178 3.711753130
0.999984264 0.002434091 -0.005051080 -0.021419054 -0.002419522 0.999992967 0.002888306 -0.056549340 0.005058074 -0.002876039 0.999983072 3.758497000
0.999982953 0.002364113 -0.005338539 -0.022029143 -0.002339768 0.999986887 0.004561706 -0.057305627 0.005349254 -0.004549137 0.999975324 3.811854362
0.999985754 0.003818126 -0.003731896 -0.023408361 -0.003795305 0.999974251 0.006103335 -0.057272196 0.003755102 -0.006089085 0.999974430 3.853482723
0.999980390 0.003042342 -0.005467241 -0.021432627 -0.003013779 0.999981821 0.005225003 -0.059548199 0.005483038 -0.005208422 0.999971390 3.909422636
0.999981046 0.003575457 -0.005006345 -0.023628488 -0.003566159 0.999991834 0.001864953 -0.059545070 0.005012973 -0.001847064 0.999985754 3.961400747
0.999986649 0.001530953 -0.004926146 -0.024081374 -0.001525350 0.999998152 0.001141046 -0.060399275 0.004927885 -0.001133517 0.999987245 4.010252476
0.999987960 0.000388143 -0.004894231 -0.024522319 -0.000376761 0.999997199 0.002326382 -0.061608322 0.004895121 -0.002324510 0.999985337 4.059790134
0.999989867 -0.001422266 -0.004271288 -0.024804672 0.001438306 0.999991834 0.003754564 -0.062009122 0.004265914 -0.003760669 0.999983847 4.108414173
0.999993980 -0.002279222 -0.002621817 -0.025523815 0.002289321 0.999989986 0.003855348 -0.062507756 0.002613003 -0.003861327 0.999989152 4.159463882
0.999989569 -0.003599421 -0.002810727 -0.025199717 0.003608142 0.999988616 0.003104300 -0.063436642 0.002799521 -0.003114409 0.999991179 4.208236217
0.999996603 -0.001958598 -0.001755196 -0.025707744 0.001960135 0.999997735 0.000874880 -0.064342491 0.001753478 -0.000878317 0.999998033 4.257916451
0.999999106 -0.000636159 -0.001152895 -0.025829362 0.000634875 0.999999225 -0.001112986 -0.064928018 0.001153602 0.001112253 0.999998748 4.306919575
0.999995708 0.002892928 0.000370266 -0.026299814 -0.002892432 0.999994874 -0.001333972 -0.065744109 -0.000374124 0.001332895 0.999999046 4.355213642
0.999993384 0.003236598 0.001666591 -0.026646407 -0.003237692 0.999994576 0.000654005 -0.066349164 -0.001664465 -0.000659396 0.999998391 4.405735493
0.999989390 0.003144457 0.003368940 -0.026624100 -0.003153027 0.999991775 0.002541371 -0.066837683 -0.003360921 -0.002551967 0.999991119 4.452875614
0.999980748 0.004958168 0.003728311 -0.026575591 -0.004969383 0.999983132 0.003004793 -0.068172172 -0.003713350 -0.003023263 0.999988496 4.503142834
0.999973357 0.004731999 0.005555628 -0.027589578 -0.004743868 0.999986529 0.002125401 -0.068540610 -0.005545495 -0.002151699 0.999982297 4.553058147
0.999951541 0.007497088 0.006377105 -0.026885552 -0.007507217 0.999970615 0.001565881 -0.068822592 -0.006365178 -0.001613679 0.999978423 4.601821899
0.999935210 0.008971447 0.007006435 -0.026468873 -0.008985282 0.999957740 0.001945810 -0.070767231 -0.006988682 -0.002008639 0.999973536 4.650206566
0.999924004 0.009230265 0.008167695 -0.026696719 -0.009237225 0.999957025 0.000814855 -0.071186759 -0.008159822 -0.000890240 0.999966264 4.700827599
0.999898791 0.010858090 0.009188651 -0.026399594 -0.010858386 0.999941051 -0.000017879 -0.072353080 -0.009188303 -0.000081897 0.999957800 4.750826359
0.999890029 0.010564568 0.010409904 -0.026228540 -0.010558574 0.999943912 -0.000630730 -0.072801754 -0.010415986 0.000520747 0.999945581 4.796900272
0.999887288 0.010121982 0.011094381 -0.025425576 -0.010134855 0.999947906 0.001104690 -0.074364290 -0.011082624 -0.001217005 0.999937832 4.846872330
0.999888480 0.008495860 0.012285848 -0.025155168 -0.008516720 0.999962270 0.001646478 -0.074967928 -0.012271400 -0.001750930 0.999923170 4.894544601
0.999892831 0.008313147 0.012050695 -0.024564952 -0.008337115 0.999963343 0.001939907 -0.075593278 -0.012034127 -0.002040167 0.999925494 4.944462299
0.999907494 0.006498017 0.011945186 -0.023614574 -0.006519732 0.999977112 0.001779774 -0.076273695 -0.011933348 -0.001857489 0.999927104 4.993488312
0.999932289 0.004618065 0.010678350 -0.022063024 -0.004639318 0.999987304 0.001966398 -0.076619938 -0.010669135 -0.002015805 0.999941111 5.044274807
0.999928415 0.003652079 0.011394292 -0.023414273 -0.003679041 0.999990404 0.002346277 -0.077971250 -0.011385616 -0.002388029 0.999932289 5.092284679
0.999944985 0.002294711 0.010239804 -0.022814590 -0.002315566 0.999995232 0.002025312 -0.078341343 -0.010235108 -0.002048911 0.999945521 5.140640736
0.999961734 0.001016221 0.008687208 -0.021924306 -0.001041183 0.999995232 0.002869357 -0.079178415 -0.008684254 -0.002878292 0.999958158 5.190289497
0.999969125 -0.000477945 0.007832363 -0.022212774 0.000452124 0.999994457 0.003298181 -0.080126718 -0.007833895 -0.003294538 0.999963880 5.240030289
0.999977708 -0.000274922 0.006671024 -0.021768585 0.000252366 0.999994218 0.003381768 -0.081269249 -0.006671914 -0.003380009 0.999972045 5.289468288
0.999985576 -0.001057139 0.005242205 -0.021392168 0.001039434 0.999993742 0.003379053 -0.082116701 -0.005245743 -0.003373556 0.999980569 5.338574886
0.999988019 -0.000858294 0.004820284 -0.022176774 0.000845719 0.999996185 0.002610252 -0.082459807 -0.004822506 -0.002606144 0.999984980 5.387108326
0.999986708 -0.003210949 0.004051242 -0.022411006 0.003210357 0.999994814 0.000152665 -0.083333202 -0.004051712 -0.000139657 0.999991775 5.435991287
0.999958932 -0.008610559 0.002832719 -0.022004269 0.008612065 0.999962747 -0.000520167 -0.083867334 -0.002828134 0.000544542 0.999995887 5.484425545
0.999856889 -0.016850986 0.001508767 -0.021606825 0.016847426 0.999855280 0.002342906 -0.085243985 -0.001548029 -0.002317152 0.999996126 5.535157681
0.999720037 -0.023659758 -0.000323038 -0.020819407 0.023660703 0.999714434 0.003337535 -0.085532025 0.000243981 -0.003344244 0.999994397 5.585045338
0.999601781 -0.028179439 -0.001518998 -0.021162998 0.028180473 0.999602675 0.000665535 -0.086630575 0.001499640 -0.000708077 0.999998629 5.634863377
0.999656677 -0.026204256 -0.000369001 -0.021580001 0.026202934 0.999651432 -0.003236957 -0.087039657 0.000453695 0.003226175 0.999994695 5.682665825
0.999727190 -0.023357727 0.000434841 -0.021790477 0.023359569 0.999715269 -0.004868847 -0.088695154 -0.000320992 0.004877676 0.999988019 5.732674599
0.999743462 -0.022607416 0.001392744 -0.022176376 0.022614539 0.999730051 -0.005328448 -0.089485839 -0.001271906 0.005358578 0.999984801 5.782456398
0.999644935 -0.026607696 0.001411749 -0.021280561 0.026609518 0.999645054 -0.001287293 -0.090840153 -0.001376996 0.001324402 0.999998152 5.831181049
0.999529839 -0.030608077 0.001779800 -0.020702723 0.030606983 0.999531209 0.000637864 -0.090992555 -0.001798490 -0.000583090 0.999998212 5.881665230
0.999397576 -0.034670699 0.001513184 -0.020394508 0.034667257 0.999396324 0.002245677 -0.091627061 -0.001590130 -0.002191867 0.999996305 5.931279659
0.999330223 -0.036549978 0.001866854 -0.020305488 0.036545251 0.999328852 0.002509928 -0.093263276 -0.001957339 -0.002440022 0.999995053 5.979489803
0.999387860 -0.034887157 0.002613395 -0.020005666 0.034878932 0.999386668 0.003131364 -0.094172761 -0.002721036 -0.003038295 0.999991655 6.030025959
0.999537766 -0.030088024 0.004373088 -0.020680066 0.030079944 0.999545753 0.001902290 -0.094462574 -0.004428337 -0.001769869 0.999988556 6.078011036
0.999637365 -0.026473790 0.004947471 -0.020735478 0.026475668 0.999649405 -0.000313759 -0.095050633 -0.004937430 0.000444633 0.999987662 6.128340721
0.999701917 -0.023656512 0.006037781 -0.021001812 0.023662781 0.999719501 -0.000969289 -0.095734380 -0.006013157 0.001111871 0.999981344 6.178873539
0.999751687 -0.021396771 0.006228324 -0.021168105 0.021397019 0.999771118 0.000027049 -0.096680947 -0.006227476 0.000106225 0.999980569 6.228969574
0.999758959 -0.021177139 0.005795470 -0.020957850 0.021174813 0.999775708 0.000462081 -0.097833723 -0.005803956 -0.000339252 0.999983072 6.278426647
0.999832511 -0.017425215 0.005603830 -0.020806342 0.017439067 0.999844909 -0.002433081 -0.098531142 -0.005560564 0.002530399 0.999981284 6.328555107
0.999893427 -0.013800233 0.004770156 -0.020612590 0.013825161 0.999890625 -0.005232417 -0.099631056 -0.004697426 0.005297807 0.999974906 6.379767418
0.999951839 -0.008676536 0.004600877 -0.020730209 0.008705299 0.999942422 -0.006268141 -0.101040974 -0.004546227 0.006307891 0.999969721 6.429962635
0.999978542 -0.004492199 0.004764496 -0.021256734 0.004516007 0.999977231 -0.004997953 -0.102134697 -0.004741936 0.005019363 0.999976158 6.480426788
0.999981940 -0.003594727 0.004805102 -0.021314580 0.003609549 0.999988735 -0.003079558 -0.102719285 -0.004793977 0.003096847 0.999983788 6.532519817
0.999984801 0.000261028 0.005500073 -0.021506064 -0.000252651 0.999998689 -0.001523750 -0.103718482 -0.005500464 0.001522338 0.999983788 6.582265377
0.999984860 -0.002167228 0.005059508 -0.021697607 0.002172226 0.999997199 -0.000982497 -0.103756234 -0.005057364 0.000993472 0.999986768 6.633450031
0.999980390 -0.005595973 0.002803065 -0.021420872 0.005597419 0.999984205 -0.000508373 -0.104608811 -0.002800176 0.000524053 0.999995947 6.683387280
0.999951899 -0.009786930 -0.000570689 -0.019522715 0.009784631 0.999944508 -0.003899445 -0.106551208 0.000608821 0.003893674 0.999992251 6.738933563
0.999963105 -0.007765131 -0.003675306 -0.016647320 0.007736629 0.999940395 -0.007706536 -0.108536750 0.003734929 0.007677818 0.999963522 6.787655354
0.999998927 0.000022530 -0.001460270 -0.021526508 -0.000035958 0.999957681 -0.009196473 -0.107766330 0.001460001 0.009196515 0.999956667 6.829173565
0.999994934 0.002668130 -0.001747420 -0.022383180 -0.002682276 0.999963224 -0.008143607 -0.109669834 0.001725627 0.008148254 0.999965310 6.883639812
0.999980271 0.006117600 -0.001417952 -0.023066476 -0.006125018 0.999967158 -0.005287488 -0.110659897 0.001385559 0.005296069 0.999985039 6.935033798
0.999971747 0.007468755 -0.000877823 -0.022985458 -0.007472565 0.999962270 -0.004420258 -0.110039711 0.000844776 0.004426692 0.999989867 6.984575748
0.999977171 0.006624441 -0.001343309 -0.022099005 -0.006627530 0.999975324 -0.002308594 -0.112317860 0.001327982 0.002317444 0.999996483 7.037979603
0.999992132 0.003856567 -0.000912930 -0.024072029 -0.003858132 0.999991179 -0.001719980 -0.113157876 0.000906289 0.001723488 0.999998093 7.090381145
0.999998808 0.000661356 -0.001393097 -0.022974066 -0.000661931 0.999999762 -0.000412839 -0.114509284 0.001392824 0.000413761 0.999998987 7.142559052
0.999998271 -0.001303439 -0.001275933 -0.022809133 0.001302700 0.999998927 -0.000579699 -0.115856349 0.001276687 0.000578036 0.999999046 7.192583561
0.999989510 -0.004569960 -0.000109022 -0.024886783 0.004569941 0.999989569 -0.000181976 -0.115701631 0.000109852 0.000181475 1.000000000 7.246204853
0.999968827 -0.007866380 0.000699851 -0.025186138 0.007865370 0.999968052 0.001433993 -0.116866112 -0.000711110 -0.001428443 0.999998689 7.299409866
0.999934912 -0.011366777 0.001013577 -0.025172191 0.011365536 0.999934673 0.001223378 -0.117360070 -0.001027417 -0.001211779 0.999998748 7.351364613
0.999951899 -0.009713377 0.001357003 -0.025412783 0.009717208 0.999948800 -0.002845660 -0.118527293 -0.001329293 0.002858709 0.999994993 7.403759480
0.999994993 -0.003024836 0.001022126 -0.025524411 0.003033106 0.999961913 -0.008188792 -0.119022518 -0.000997317 0.008191849 0.999965966 7.459289551
0.999962330 0.008194384 0.002855489 -0.026575314 -0.008170850 0.999933362 -0.008157717 -0.121071085 -0.002922147 0.008134078 0.999962628 7.511848450
0.999877691 0.015230982 0.003555398 -0.026348371 -0.015215179 0.999874473 -0.004430184 -0.122020669 -0.003622428 0.004375547 0.999983847 7.564617634
0.999836564 0.017246839 0.005415321 -0.028300054 -0.017232433 0.999847829 -0.002695831 -0.123119548 -0.005460991 0.002602071 0.999981701 7.617449284
0.999852180 0.016331024 0.005375679 -0.028430413 -0.016311977 0.999860585 -0.003568330 -0.122702777 -0.005433204 0.003480115 0.999979138 7.672361374
0.999923170 0.011878806 0.003522999 -0.027649693 -0.011871449 0.999927342 -0.002102278 -0.124435499 -0.003547715 0.002060293 0.999991596 7.723250866
0.999946475 0.010175741 0.001836456 -0.026036046 -0.010170218 0.999943852 -0.002992985 -0.125455528 -0.001866809 0.002974148 0.999993861 7.779968739
0.999931812 0.011351130 0.002755018 -0.028919980 -0.011342415 0.999930680 -0.003159212 -0.126648769 -0.002790689 0.003127748 0.999991238 7.829663277
0.999926329 0.012017551 0.001732743 -0.027812809 -0.012011481 0.999921799 -0.003471774 -0.127215579 -0.001774331 0.003450705 0.999992490 7.886252403
0.999910116 0.013323027 0.001491853 -0.027816880 -0.013319571 0.999908566 -0.002303857 -0.128624439 -0.001522411 0.002283780 0.999996245 7.940169811
0.999927044 0.011994138 0.001386586 -0.028088387 -0.011990733 0.999925137 -0.002438789 -0.130037293 -0.001415734 0.002421985 0.999996066 7.994317055
0.999931276 0.011571829 0.001848529 -0.030616773 -0.011564593 0.999925554 -0.003878544 -0.130343169 -0.001893274 0.003856900 0.999990761 8.049708366
0.999943614 0.010531330 0.001362287 -0.029701680 -0.010525684 0.999936163 -0.004086608 -0.131518185 -0.001405237 0.004072038 0.999990702 8.099885941
0.999924302 0.012290393 0.000535750 -0.029063467 -0.012288086 0.999916017 -0.004115012 -0.133189887 -0.000586280 0.004108118 0.999991417 8.156064987
0.999919534 0.012682131 0.000005143 -0.029259332 -0.012681973 0.999909103 -0.004560162 -0.133742824 -0.000062976 0.004559731 0.999989688 8.212325096
0.999921024 0.012561847 -0.000206222 -0.029458055 -0.012562721 0.999908566 -0.004997757 -0.134196639 0.000143422 0.004999955 0.999987543 8.264147758
0.999905527 0.013722150 -0.000773887 -0.029476549 -0.013725959 0.999892473 -0.005150684 -0.136319771 0.000703125 0.005160820 0.999986410 8.319646835
0.999916852 0.012795664 -0.001563939 -0.029019926 -0.012803158 0.999906123 -0.004878012 -0.137333617 0.001501375 0.004897630 0.999986827 8.374491692
0.999889553 0.014804060 -0.001319275 -0.030868974 -0.014811491 0.999873400 -0.005812802 -0.138358414 0.001233056 0.005831701 0.999982238 8.432163239
0.999923766 0.012196541 -0.001878514 -0.029871367 -0.012205821 0.999912977 -0.005011077 -0.139993027 0.001817233 0.005033624 0.999985695 8.483197212
0.999939084 0.010805283 -0.002212737 -0.030139558 -0.010815758 0.999930143 -0.004778217 -0.141544849 0.002160952 0.004801859 0.999986172 8.539238930
0.999955237 0.009201184 -0.002196654 -0.030584292 -0.009210925 0.999947667 -0.004465206 -0.142876551 0.002155454 0.004485239 0.999987602 8.593110085
0.999960601 0.008793998 -0.001206461 -0.031620819 -0.008799049 0.999952257 -0.004247540 -0.143400788 0.001169050 0.004257988 0.999990165 8.648353577
0.999953866 0.009607991 -0.000174568 -0.032763477 -0.009608625 0.999945462 -0.004088946 -0.144647330 0.000135272 0.004090434 0.999991536 8.702784538
0.999962091 0.008575456 -0.001472518 -0.032286696 -0.008581467 0.999954641 -0.004126039 -0.145935804 0.001437068 0.004138520 0.999990404 8.758324623
0.999952734 0.009687457 -0.000741987 -0.032836664 -0.009690805 0.999942243 -0.004651412 -0.147272438 0.000696884 0.004658383 0.999988914 8.812627792
0.999948442 0.010109092 -0.000918838 -0.032022294 -0.010113969 0.999933839 -0.005470217 -0.146695867 0.000863479 0.005479228 0.999984622 8.868497849
0.999937534 0.011174617 -0.000215064 -0.033157807 -0.011175095 0.999934733 -0.002358938 -0.148838311 0.000188689 0.002361194 0.999997199 8.924584389
0.999941766 0.010787094 0.000360788 -0.033394337 -0.010786559 0.999940753 -0.001456385 -0.150409579 -0.000376476 0.001452408 0.999998927 8.979688644
0.999936819 0.011190796 0.001074699 -0.033695713 -0.011186824 0.999930859 -0.003631789 -0.150993168 -0.001115267 0.003619538 0.999992788 9.034958839
0.999920726 0.012520435 0.001391733 -0.033495896 -0.012511931 0.999903977 -0.005959100 -0.151435360 -0.001466209 0.005941214 0.999981284 9.090521812
0.999931157 0.011602642 0.001748336 -0.033994414 -0.011595233 0.999923944 -0.004188783 -0.153453708 -0.001796804 0.004168222 0.999989688 9.146329880
0.999939740 0.010950602 0.000824830 -0.033383541 -0.010948160 0.999935746 -0.002907765 -0.154848859 -0.000856619 0.002898560 0.999995410 9.201786995
0.999932051 0.011602923 0.001100607 -0.034247264 -0.011599930 0.999929130 -0.002685932 -0.155812562 -0.001131694 0.002672983 0.999995768 9.258259773
0.999924958 0.012232904 0.000614816 -0.034361612 -0.012231278 0.999921858 -0.002583790 -0.157040998 -0.000646375 0.002576076 0.999996483 9.314219475
0.999909937 0.013368240 0.001118774 -0.034927238 -0.013365541 0.999907792 -0.002383882 -0.157925010 -0.001150539 0.002368715 0.999996543 9.370329857
0.999891341 0.014697266 0.001115434 -0.035090119 -0.014693816 0.999887407 -0.003039029 -0.158653244 -0.001159974 0.003022309 0.999994755 9.426018715
0.999883533 0.015217260 0.001107667 -0.035170786 -0.015214928 0.999882042 -0.002082702 -0.160139188 -0.001139230 0.002065607 0.999997199 9.482074738
0.999908984 0.013402611 0.001512712 -0.036018781 -0.013398570 0.999906719 -0.002651004 -0.160727203 -0.001548101 0.002630494 0.999995351 9.538781166
0.999930084 0.011788648 0.000980969 -0.035632905 -0.011787304 0.999929547 -0.001364142 -0.162216499 -0.000996982 0.001352483 0.999998629 9.595593452
0.999958873 0.008915139 0.001669837 -0.036038883 -0.008913403 0.999959707 -0.001044021 -0.162650198 -0.001679078 0.001029094 0.999998093 9.650892258
0.999972701 0.007278314 0.001352736 -0.036960255 -0.007275604 0.999971449 -0.001997779 -0.163719788 -0.001367239 0.001987882 0.999997020 9.708701134
0.999976397 0.006848460 0.000619745 -0.036347859 -0.006846637 0.999972284 -0.002897854 -0.165006042 -0.000639573 0.002893542 0.999995649 9.763916016
0.999989867 0.004302818 0.001334656 -0.037172202 -0.004301081 0.999989927 -0.001301594 -0.165659979 -0.001340243 0.001295840 0.999998271 9.820681572
0.999995768 0.001795099 0.002322207 -0.037958551 -0.001795997 0.999998391 0.000384880 -0.166023299 -0.002321512 -0.000389049 0.999997199 9.876239777
0.999994874 0.001398039 0.002916777 -0.037976742 -0.001395978 0.999998868 -0.000708709 -0.166915983 -0.002917764 0.000704634 0.999995530 9.932109833
0.999995589 0.001864672 0.002294542 -0.037120149 -0.001860837 0.999996841 -0.001672248 -0.168187559 -0.002297653 0.001667971 0.999995887 9.987483025
0.999990880 0.003284027 0.002745012 -0.037180692 -0.003278481 0.999992549 -0.002022350 -0.169517010 -0.002751634 0.002013332 0.999994159 10.043192863
0.999981582 0.004664707 0.003878071 -0.037066471 -0.004658595 0.999987900 -0.001583325 -0.170890123 -0.003885410 0.001565229 0.999991179 10.099111557
0.999964952 0.006644934 0.005093939 -0.038018968 -0.006633894 0.999975741 -0.002180982 -0.171403334 -0.005108308 0.002147113 0.999984622 10.154494286
0.999954939 0.007516023 0.005791728 -0.037879694 -0.007502288 0.999969006 -0.002389542 -0.172289163 -0.005809509 0.002345983 0.999980390 10.212043762
0.999934316 0.008636411 0.007530264 -0.038808785 -0.008616785 0.999959469 -0.002634905 -0.173633933 -0.007552714 0.002569846 0.999968171 10.266470909
0.999947131 0.007170903 0.007362545 -0.037507758 -0.007144303 0.999967873 -0.003632884 -0.173753411 -0.007388360 0.003580091 0.999966323 10.320611954
0.999939382 0.007434586 0.008120130 -0.037445098 -0.007401188 0.999964118 -0.004135364 -0.174980149 -0.008150582 0.004075015 0.999958515 10.377512932
0.999944448 0.004866219 0.009348838 -0.037743635 -0.004829351 0.999980509 -0.003962094 -0.175078154 -0.009367936 0.003916725 0.999948502 10.433489799
0.999936759 0.005496505 0.009811931 -0.036669642 -0.005467469 0.999980628 -0.002983689 -0.177130446 -0.009828141 0.002929854 0.999947429 10.487082481
0.999937236 0.004256323 0.010363991 -0.036244214 -0.004230662 0.999987900 -0.002496727 -0.178123400 -0.010374494 0.002452724 0.999943197 10.543497086
0.999940872 0.003229474 0.010385752 -0.036436759 -0.003164408 0.999975324 -0.006275312 -0.178238317 -0.010405760 0.006242076 0.999926388 10.598351479
0.999945700 0.003697182 0.009743256 -0.035075121 -0.003623690 0.999964952 -0.007549738 -0.180372506 -0.009770830 0.007514021 0.999924004 10.653394699
0.999956667 0.003462844 0.008647362 -0.035130844 -0.003403418 0.999970615 -0.006877477 -0.181554019 -0.008670925 0.006847749 0.999938905 10.709741592
0.999969423 0.001649866 0.007647154 -0.034343854 -0.001594848 0.999972820 -0.007195088 -0.183408216 -0.007658818 0.007182672 0.999944866 10.764176369
0.999974370 0.002042891 0.006863479 -0.034533300 -0.001987114 0.999965012 -0.008123690 -0.184586376 -0.006879834 0.008109842 0.999943435 10.819754601
0.999976933 0.002870224 0.006151184 -0.034525037 -0.002818614 0.999960899 -0.008382416 -0.186381489 -0.006175004 0.008364886 0.999945998 10.872815132
0.999983132 0.002072196 0.005428556 -0.033950314 -0.002032150 0.999970675 -0.007371964 -0.187563807 -0.005443672 0.007360809 0.999958098 10.927574158
0.999994814 0.001236065 0.002966939 -0.030973226 -0.001214640 0.999973178 -0.007212498 -0.188029289 -0.002975774 0.007208856 0.999969602 10.979472160
0.999992251 0.001748296 0.003523922 -0.033739153 -0.001729721 0.999984622 -0.005267248 -0.190793127 -0.003533076 0.005261112 0.999979913 11.032160759
0.999990284 0.003031429 0.003205531 -0.035092462 -0.003016141 0.999984086 -0.004763258 -0.190638527 -0.003219919 0.004753544 0.999983490 11.088913918
0.999985099 0.003080245 0.004514707 -0.035843257 -0.003059384 0.999984682 -0.004620084 -0.191396683 -0.004528869 0.004606203 0.999979079 11.142088890
0.999980986 0.003934574 0.004743534 -0.035153344 -0.003913194 0.999982119 -0.004507981 -0.193176657 -0.004761186 0.004489332 0.999978602 11.198910713
0.999980986 0.002512894 0.005628507 -0.035753556 -0.002484462 0.999984145 -0.005052547 -0.193548158 -0.005641112 0.005038468 0.999971390 11.251933098
0.999983907 0.001172439 0.005553689 -0.035263464 -0.001140594 0.999982893 -0.005733715 -0.195595026 -0.005560316 0.005727289 0.999968112 11.309830666
0.999978900 -0.000829045 0.006453249 -0.035849974 0.000882336 0.999965489 -0.008259665 -0.196234018 -0.006446178 0.008265184 0.999945045 11.364149094
0.999982715 -0.001007598 0.005811626 -0.034680881 0.001058296 0.999961317 -0.008727077 -0.197911531 -0.005802608 0.008733076 0.999944985 11.423151016
0.999994099 0.000238197 0.003421335 -0.034832820 -0.000205557 0.999954462 -0.009537136 -0.199441120 -0.003423451 0.009536374 0.999948621 11.478719711
0.999998689 0.000628675 0.001499275 -0.034724012 -0.000615187 0.999959469 -0.008979668 -0.200736046 -0.001504860 0.008978732 0.999958575 11.536056519
0.999997318 0.001893506 0.001303431 -0.035117593 -0.001886003 0.999981821 -0.005733436 -0.201879472 -0.001314263 0.005730963 0.999982715 11.591526031
0.999998450 0.000437748 0.001775951 -0.035036266 -0.000432732 0.999995947 -0.002824101 -0.203112140 -0.001777181 0.002823328 0.999994457 11.650060654
0.999997914 0.000085948 0.002040634 -0.035404112 -0.000081257 0.999997437 -0.002298933 -0.203991890 -0.002040826 0.002298761 0.999995351 11.707189560
0.999997675 -0.001030076 0.001880804 -0.034906745 0.001036355 0.999993861 -0.003340479 -0.205186784 -0.001877351 0.003342421 0.999992669 11.764568329
0.999996543 -0.001456355 0.002204942 -0.034600426 0.001463523 0.999993622 -0.003252732 -0.206611246 -0.002200191 0.003255948 0.999992311 11.821090698
0.999995828 -0.002013526 0.002075400 -0.034656569 0.002019887 0.999993265 -0.003067416 -0.207512185 -0.002069210 0.003071595 0.999993086 11.879193306
0.999994397 -0.002426317 0.002312938 -0.034508660 0.002433462 0.999992311 -0.003091247 -0.208674923 -0.002305420 0.003096858 0.999992549 11.936382294
0.999993443 -0.000215844 0.003593957 -0.035398137 0.000230450 0.999991715 -0.004064098 -0.210136816 -0.003593049 0.004064899 0.999985278 11.993601799
0.999990821 0.000681167 0.004215934 -0.035669778 -0.000661020 0.999988317 -0.004778455 -0.211306825 -0.004219140 0.004775624 0.999979734 12.050694466
0.999988079 -0.000360100 0.004870475 -0.035088480 0.000372614 0.999996603 -0.002568587 -0.212785572 -0.004869534 0.002570372 0.999984860 12.107863426
0.999987662 -0.001959592 0.004566256 -0.034482092 0.001964977 0.999997377 -0.001175222 -0.214411616 -0.004563941 0.001184181 0.999988973 12.165109634
0.999985695 -0.002080316 0.004928806 -0.035129752 0.002095497 0.999993086 -0.003076892 -0.215257972 -0.004922371 0.003087175 0.999983132 12.220854759
0.999989808 -0.001131040 0.004379432 -0.034669898 0.001142956 0.999995589 -0.002719468 -0.216439784 -0.004376337 0.002724446 0.999986708 12.277838707
0.999989629 0.001520477 0.004286129 -0.035250932 -0.001497606 0.999984622 -0.005334171 -0.217399299 -0.004294172 0.005327696 0.999976635 12.333552361
0.999988139 0.003030169 0.003817047 -0.034987148 -0.002998093 0.999960303 -0.008381102 -0.218704909 -0.003842292 0.008369558 0.999957621 12.390286446
0.999985874 0.004309937 0.003129291 -0.034623932 -0.004284007 0.999956846 -0.008245751 -0.219885647 -0.003164694 0.008232229 0.999961138 12.445688248
0.999983609 0.005431341 0.001826247 -0.034677036 -0.005422479 0.999973655 -0.004823258 -0.221471801 -0.001852396 0.004813277 0.999986768 12.501829147
0.999983966 0.005613023 0.000727594 -0.035169736 -0.005611900 0.999983013 -0.001536203 -0.222745344 -0.000736205 0.001532095 0.999998569 12.559634209
0.999983430 0.005737008 -0.000220223 -0.035939746 -0.005737652 0.999978900 -0.003047161 -0.222714514 0.000202737 0.003048374 0.999995351 12.616451263
0.999979317 0.005956542 -0.002434341 -0.035508774 -0.005967246 0.999972403 -0.004413953 -0.225180075 0.002407982 0.004428388 0.999987245 12.671934128
0.999982178 0.003681568 -0.004707200 -0.035459079 -0.003693986 0.999989629 -0.002631814 -0.226697803 0.004697463 0.002649155 0.999985397 12.728364944
0.999982536 0.002566869 -0.005309412 -0.036338080 -0.002579074 0.999994040 -0.002293210 -0.227635950 0.005303494 0.002306864 0.999983251 12.783607483
0.999979138 0.002734022 -0.005852119 -0.036971584 -0.002754190 0.999990284 -0.003440974 -0.228355810 0.005842655 0.003457021 0.999976933 12.840172768
0.999982655 0.001459930 -0.005696632 -0.037890546 -0.001483389 0.999990404 -0.004116124 -0.229832992 0.005690567 0.004124503 0.999975264 12.894702911
0.999982417 0.001035148 -0.005842925 -0.038459785 -0.001062514 0.999988496 -0.004682422 -0.230463713 0.005838010 0.004688547 0.999971986 12.949934959
0.999983788 0.000203782 -0.005689319 -0.039271791 -0.000230263 0.999989152 -0.004654334 -0.231605455 0.005688308 0.004655568 0.999972999 13.005780220
0.999981403 0.000205567 -0.006088549 -0.039880496 -0.000237493 0.999986291 -0.005243271 -0.233260065 0.006087387 0.005244620 0.999967754 13.061793327
0.999982178 0.000130937 -0.005964974 -0.040250044 -0.000162698 0.999985814 -0.005324386 -0.235017180 0.005964192 0.005325262 0.999967992 13.116264343
0.999982297 -0.001535680 -0.005746940 -0.041198347 0.001502165 0.999981880 -0.005831628 -0.235538393 0.005755791 0.005822891 0.999966562 13.173754692
0.999981940 -0.001247642 -0.005877407 -0.041485332 0.001211688 0.999980509 -0.006117034 -0.237292051 0.005884925 0.006109803 0.999963999 13.228178978
0.999979079 -0.002401168 -0.006009253 -0.041603547 0.002353780 0.999966204 -0.007880495 -0.237871557 0.006027972 0.007866184 0.999950886 13.283994675
0.999978006 -0.003068121 -0.005876577 -0.042185031 0.003034420 0.999978960 -0.005735124 -0.239932984 0.005894049 0.005717165 0.999966264 13.338518143
0.999974310 -0.004104723 -0.005876658 -0.043037049 0.004071530 0.999975741 -0.005649175 -0.240774587 0.005899704 0.005625104 0.999966741 13.393944740
0.999966860 -0.005530116 -0.005974264 -0.042964827 0.005494455 0.999967098 -0.005969001 -0.242320210 0.006007076 0.005935978 0.999964356 13.449882507
0.999973536 -0.004358219 -0.005821750 -0.043516587 0.004319569 0.999968588 -0.006635176 -0.243445024 0.005850485 0.006609852 0.999961078 13.505557060
0.999980330 -0.003495802 -0.005196717 -0.044345289 0.003469395 0.999981046 -0.005081917 -0.245230228 0.005214384 0.005063788 0.999973595 13.560131073
0.999986649 -0.001813627 -0.004827127 -0.044691171 0.001793925 0.999990046 -0.004082609 -0.246592551 0.004834483 0.004073896 0.999979973 13.615557671
0.999986947 -0.002348371 -0.004566390 -0.045449555 0.002328024 0.999987304 -0.004456137 -0.247760862 0.004576797 0.004445447 0.999979615 13.670936584
0.999981523 -0.003396896 -0.005052391 -0.045610595 0.003374075 0.999984086 -0.004518345 -0.249374539 0.005067660 0.004501214 0.999976993 13.726116180
0.999987721 -0.002552470 -0.004226794 -0.046453029 0.002530176 0.999982834 -0.005271512 -0.250224262 0.004240177 0.005260753 0.999977171 13.782184601
0.999986827 -0.001645564 -0.004849277 -0.046684168 0.001615177 0.999979019 -0.006263353 -0.251170576 0.004859482 0.006255439 0.999968648 13.840102196
0.999992609 -0.000398437 -0.003815694 -0.047514778 0.000378290 0.999985993 -0.005279314 -0.252780467 0.003817744 0.005277831 0.999978721 13.895193100
0.999993384 -0.000129579 -0.003643312 -0.048248596 0.000114328 0.999991298 -0.004185757 -0.253897756 0.003643822 0.004185311 0.999984622 13.951735497
0.999993980 0.001691278 -0.003015365 -0.048950631 -0.001708551 0.999982059 -0.005734992 -0.254919767 0.003005611 0.005740109 0.999979019 14.008121490
0.999988735 0.003900968 -0.002695510 -0.049570180 -0.003916863 0.999974847 -0.005916985 -0.256483436 0.002672361 0.005927476 0.999978900 14.063242912
0.999992251 0.003218817 -0.002234709 -0.049718101 -0.003232709 0.999975324 -0.006240957 -0.257538289 0.002214565 0.006248133 0.999978006 14.118746758
0.999986410 0.004706888 -0.002237905 -0.050090328 -0.004718729 0.999974787 -0.005315280 -0.259070396 0.002212830 0.005325769 0.999983370 14.174891472
