0.999999762 -0.000651321 -0.000189105 -0.000175161 0.000651657 0.999998212 0.001783132 -0.000597865 0.000187943 -0.001783254 0.999998391 0.032462459
0.999998629 -0.001513626 -0.000660072 -0.000319523 0.001514762 0.999997377 0.001724456 -0.001051608 0.000657461 -0.001725453 0.999998271 0.067283921
0.999994993 -0.003088942 -0.000726193 -0.000407783 0.003089448 0.999994993 0.000696648 -0.001409999 0.000724037 -0.000698888 0.999999523 0.097607866
0.999994099 -0.003409104 -0.000482438 -0.000652817 0.003409583 0.999993682 0.000995114 -0.002050383 0.000479042 -0.000996753 0.999999404 0.129880369
0.999992549 -0.003822336 -0.000505500 -0.000708929 0.003823249 0.999991059 0.001816425 -0.002488690 0.000498552 -0.001818344 0.999998212 0.162605181
0.999985933 -0.005306127 -0.000075303 -0.001013740 0.005306299 0.999982834 0.002492032 -0.002703955 0.000062079 -0.002492397 0.999996901 0.196045920
0.999988496 -0.004793314 -0.000269191 -0.001136952 0.004794241 0.999982178 0.003555539 -0.003455790 0.000252144 -0.003556788 0.999993622 0.228114501
0.999990225 -0.004267251 -0.001149157 -0.001091477 0.004269635 0.999988735 0.002080864 -0.003975833 0.001140264 -0.002085750 0.999997199 0.261987448
0.999998987 -0.001043693 -0.000949841 -0.001386501 0.001043192 0.999999344 -0.000527363 -0.004380702 0.000950390 0.000526372 0.999999404 0.293951094
0.999997437 0.002231236 -0.000393889 -0.001993947 -0.002231650 0.999996960 -0.001052882 -0.005120452 0.000391538 0.001053758 0.999999344 0.327398300
0.999989986 0.004421350 -0.000687538 -0.001985402 -0.004422358 0.999989152 -0.001471240 -0.005547859 0.000681026 0.001474266 0.999998689 0.360148996
0.999984324 0.005599315 -0.000369178 -0.002421165 -0.005599538 0.999984145 -0.000607981 -0.006062598 0.000365768 0.000610039 0.999999762 0.394026011
0.999994218 0.003399120 -0.000068979 -0.002373642 -0.003398958 0.999991715 0.002230327 -0.006684838 0.000076560 -0.002230080 0.999997437 0.426817477
0.999999702 -0.000770657 0.000418906 -0.002762982 0.000768977 0.999991715 0.003996553 -0.007077663 -0.000421982 -0.003996230 0.999991834 0.460605502
0.999993861 -0.003502741 -0.000181882 -0.002459544 0.003503048 0.999992371 0.001715599 -0.007619221 0.000175872 -0.001716226 0.999998510 0.493293434
0.999988794 -0.004651313 -0.000843886 -0.002249488 0.004651131 0.999989152 -0.000217470 -0.008150791 0.000844888 0.000213543 0.999999642 0.527516127
0.999997795 -0.002040658 0.000325927 -0.002532378 0.002041246 0.999996245 -0.001813020 -0.008681182 -0.000322226 0.001813682 0.999998271 0.560518801
0.999999225 0.000908788 0.000804054 -0.002772551 -0.000908733 0.999999583 -0.000069577 -0.009126082 -0.000804117 0.000068846 0.999999642 0.594715059
0.999996305 0.001758988 0.002021047 -0.003386625 -0.001765647 0.999992967 0.003297496 -0.009463167 -0.002015232 -0.003301052 0.999992549 0.628948212
0.999996603 -0.001115479 0.002337221 -0.003325386 0.001102447 0.999983847 0.005569732 -0.009993954 -0.002343395 -0.005567137 0.999981761 0.661608160
0.999986172 -0.004846740 0.002032895 -0.003433258 0.004839222 0.999981523 0.003686629 -0.010295233 -0.002050725 -0.003676741 0.999991179 0.695875108
0.999986708 -0.004610527 0.002312577 -0.003616577 0.004608035 0.999988735 0.001082187 -0.010780789 -0.002317540 -0.001071515 0.999996781 0.730233788
0.999983966 -0.005088811 0.002479952 -0.003160219 0.005091101 0.999986589 -0.000917147 -0.011691923 -0.002475252 0.000929758 0.999996483 0.762865841
0.999994397 -0.001501814 0.002987713 -0.003289631 0.001507860 0.999996841 -0.002022315 -0.012091569 -0.002984666 0.002026808 0.999993503 0.797900558
0.999994218 0.000247495 0.003396341 -0.003526180 -0.000232966 0.999990821 -0.004277311 -0.012679704 -0.003397368 0.004276495 0.999985039 0.831601381
0.999994338 -0.000080573 0.003365986 -0.003344917 0.000091185 0.999995053 -0.003152759 -0.013506528 -0.003365714 0.003153048 0.999989390 0.865727544
0.999995112 0.000262129 0.003138762 -0.003221059 -0.000257549 0.999998987 -0.001459227 -0.014496153 -0.003139142 0.001458411 0.999993980 0.899923205
0.999991477 0.001616403 0.003791630 -0.004030104 -0.001613030 0.999998391 -0.000892640 -0.014257987 -0.003793067 0.000886517 0.999992430 0.933744907
0.999985874 0.004012571 0.003493158 -0.004251620 -0.004010989 0.999991775 -0.000459675 -0.015094882 -0.003494974 0.000445658 0.999993801 0.969450593
0.999972999 0.006717590 0.002988141 -0.003816070 -0.006715472 0.999977171 -0.000718443 -0.015662894 -0.002992899 0.000698357 0.999995232 1.002783537
0.999958992 0.008699181 0.002520397 -0.003768696 -0.008699419 0.999962151 0.000083449 -0.016484797 -0.002519576 -0.000105372 0.999996781 1.037922025
0.999949455 0.009397697 0.003601059 -0.005177973 -0.009397163 0.999955833 -0.000164912 -0.016950453 -0.003602450 0.000131063 0.999993503 1.072305560
0.999961734 0.008500718 0.002087132 -0.004253970 -0.008500662 0.999963820 -0.000035587 -0.017509673 -0.002087360 0.000017844 0.999997854 1.107047677
0.999973536 0.007104440 0.001552392 -0.004372209 -0.007103824 0.999974608 -0.000401990 -0.018024225 -0.001555209 0.000390951 0.999998629 1.141067386
0.999975801 0.006862608 0.001125960 -0.004914077 -0.006862614 0.999976397 0.000000924 -0.018636549 -0.001125927 -0.000008651 0.999999285 1.175577760
0.999981582 0.005905169 -0.001408615 -0.004028734 -0.005903493 0.999981880 0.001190866 -0.019329283 0.001415621 -0.001182528 0.999998212 1.210644245
0.999978006 0.006486774 -0.001378266 -0.005052577 -0.006485798 0.999978662 0.000711757 -0.019823095 0.001382854 -0.000702803 0.999998808 1.245639443
0.999975324 0.006642933 -0.002264712 -0.005766088 -0.006641197 0.999977648 0.000773131 -0.020240268 0.002269798 -0.000758072 0.999997199 1.280688047
0.999963582 0.007423501 -0.004200703 -0.005780825 -0.007417151 0.999971330 0.001525227 -0.020371262 0.004211905 -0.001494014 0.999990046 1.315741181
0.999974668 0.005895709 -0.003973800 -0.006383549 -0.005885418 0.999979377 0.002596511 -0.021233846 0.003989026 -0.002573058 0.999988735 1.351123214
0.999983609 0.003409931 -0.004598458 -0.006680554 -0.003397313 0.999990404 0.002748936 -0.021397188 0.004607787 -0.002733268 0.999985635 1.384931207
0.999986649 0.002023861 -0.004743699 -0.007193143 -0.002013113 0.999995351 0.002269447 -0.022220101 0.004748271 -0.002259867 0.999986112 1.420162797
0.999985754 0.001576560 -0.005093420 -0.006755135 -0.001560012 0.999993503 0.003251274 -0.023260238 0.005098512 -0.003243282 0.999981761 1.453613400
0.999988198 -0.000184101 -0.004860255 -0.007520899 0.000201288 0.999993742 0.003536040 -0.023385828 0.004859576 -0.003536976 0.999981940 1.489986539
0.999984324 -0.003290971 -0.004517382 -0.007692387 0.003308807 0.999986708 0.003946617 -0.023582436 0.004504334 -0.003961503 0.999981999 1.523504972
0.999977171 -0.005531843 -0.003870708 -0.007971258 0.005545390 0.999978542 0.003497999 -0.023678780 0.003851274 -0.003519384 0.999986410 1.557918549
0.999967515 -0.007319423 -0.003382651 -0.008092843 0.007328857 0.999969244 0.002785224 -0.024596546 0.003362161 -0.002809924 0.999990404 1.591399431
0.999971390 -0.006673755 -0.003560908 -0.006922693 0.006683796 0.999973655 0.002815573 -0.025207747 0.003542023 -0.002839293 0.999989629 1.624385357
0.999970794 -0.007214676 -0.002502040 -0.009328794 0.007219827 0.999971747 0.002055772 -0.025033988 0.002487137 -0.002073776 0.999994695 1.662742138
0.999990404 -0.004057922 -0.001634521 -0.010277580 0.004063705 0.999985516 0.003551266 -0.025769603 0.001620087 -0.003557875 0.999992371 1.697177887
0.999997914 -0.001706283 -0.001111203 -0.010346961 0.001711469 0.999987543 0.004681912 -0.025919057 0.001103200 -0.004683804 0.999988437 1.730706930
0.999993920 0.003465586 -0.000397114 -0.010557679 -0.003463483 0.999980628 0.005177365 -0.026616439 0.000415049 -0.005175958 0.999986529 1.764235616
0.999967456 0.008064304 0.000252734 -0.011011629 -0.008065465 0.999955058 0.004989531 -0.027032435 -0.000212485 -0.004991407 0.999987543 1.798572898
0.999950528 0.009935651 0.000577580 -0.011802525 -0.009938188 0.999940217 0.004566859 -0.027803108 -0.000532171 -0.004572373 0.999989450 1.835227370
0.999893308 0.014441834 0.002173269 -0.012089521 -0.014450647 0.999887288 0.004094295 -0.028194193 -0.002113895 -0.004125263 0.999989271 1.866711497
0.999921381 0.012355793 0.002125957 -0.012051173 -0.012365491 0.999912918 0.004611791 -0.028484151 -0.002068790 -0.004637716 0.999987125 1.898622274
0.999930263 0.011370542 0.003184179 -0.012653606 -0.011384229 0.999925852 0.004314210 -0.028950769 -0.003134889 -0.004350157 0.999985576 1.931223512
0.999959886 0.008797293 0.001634226 -0.011675305 -0.008802929 0.999955177 0.003474500 -0.029137980 -0.001603587 -0.003488747 0.999992669 1.965267539
0.999966025 0.008152866 0.001209270 -0.011870200 -0.008156884 0.999961197 0.003356446 -0.029908560 -0.001181858 -0.003366196 0.999993682 2.000505686
0.999955952 0.009295175 0.001255519 -0.012296195 -0.009299619 0.999950349 0.003581044 -0.030524923 -0.001222170 -0.003592562 0.999992788 2.032465458
0.999950051 0.009933807 0.001173572 -0.012848712 -0.009937198 0.999946356 0.002919821 -0.031137023 -0.001144504 -0.002931337 0.999994993 2.065729618
0.999951422 0.009838974 0.000548731 -0.012982958 -0.009840818 0.999945581 0.003463524 -0.031750225 -0.000514623 -0.003468756 0.999993861 2.098297358
0.999965012 0.008347436 -0.000536963 -0.012541482 -0.008344898 0.999954820 0.004565268 -0.032276567 0.000575047 -0.004560627 0.999989450 2.130847692
0.999979377 0.006015934 -0.002229200 -0.013071177 -0.006004684 0.999969482 0.005017904 -0.032254513 0.002259319 -0.005004415 0.999984920 2.164806128
0.999989808 0.002769515 -0.003566711 -0.012922622 -0.002747519 0.999977231 0.006157251 -0.032979187 0.003583682 -0.006147389 0.999974668 2.196941137
0.999989808 0.000124880 -0.004508424 -0.013060381 -0.000097234 0.999981225 0.006131594 -0.033590436 0.004509104 -0.006131093 0.999971032 2.231427193
0.999992609 0.000059478 -0.003830540 -0.014669551 -0.000038352 0.999984801 0.005514648 -0.034186292 0.003830810 -0.005514461 0.999977410 2.262905359
0.999986053 -0.001554663 -0.005042270 -0.014157617 0.001581609 0.999984443 0.005344429 -0.034491405 0.005033884 -0.005352329 0.999972999 2.297989845
0.999988675 -0.000251006 -0.004747675 -0.014631929 0.000271734 0.999990404 0.004365764 -0.034990586 0.004746533 -0.004367004 0.999979258 2.330395699
0.999990821 -0.000595477 -0.004232004 -0.015424264 0.000611212 0.999992907 0.003717952 -0.035516158 0.004229760 -0.003720504 0.999984086 2.361760139
0.999991596 -0.000962137 -0.003972396 -0.015170833 0.000978269 0.999991238 0.004061200 -0.036317952 0.003968454 -0.004065052 0.999983907 2.391821384
0.999989271 0.000257320 -0.004626337 -0.015455446 -0.000239921 0.999992907 0.003761053 -0.036627151 0.004627272 -0.003759903 0.999982238 2.428612471
0.999987483 0.000716144 -0.004947332 -0.015596244 -0.000691762 0.999987662 0.004928221 -0.036786258 0.004950800 -0.004924738 0.999975622 2.461262465
0.999987602 0.001564572 -0.004727214 -0.015768934 -0.001534413 0.999978542 0.006376910 -0.037337288 0.004737089 -0.006369579 0.999968529 2.492694378
0.999992609 0.000587933 -0.003803430 -0.016585704 -0.000567145 0.999984920 0.005464516 -0.037454247 0.003806585 -0.005462319 0.999977827 2.520799398
0.999989331 0.000634046 -0.004571764 -0.016057670 -0.000621283 0.999995828 0.002792742 -0.038092509 0.004573517 -0.002789872 0.999985635 2.557299137
0.999991238 0.000340311 -0.004186968 -0.017277813 -0.000334249 0.999998808 0.001448382 -0.038892649 0.004187457 -0.001446969 0.999990225 2.590135813
0.999990880 -0.001101428 -0.004111040 -0.016617224 0.001113075 0.999995351 0.002831978 -0.039599217 0.004107902 -0.002836528 0.999987543 2.621146441
0.999992549 -0.001983666 -0.003306388 -0.016682439 0.001996581 0.999990344 0.003907425 -0.039875973 0.003298606 -0.003913998 0.999986887 2.654639482
0.999978781 -0.006090102 -0.002321547 -0.017896935 0.006102259 0.999967515 0.005266319 -0.040180497 0.002289400 -0.005280374 0.999983370 2.685443401
0.999971330 -0.007350673 -0.001801352 -0.017337224 0.007358703 0.999962807 0.004491735 -0.041062877 0.001768268 -0.004504862 0.999988317 2.717842579
0.999992430 -0.003769583 -0.000971217 -0.018110080 0.003771114 0.999991596 0.001579486 -0.041671805 0.000965255 -0.001583136 0.999998271 2.750686407
0.999997795 -0.001992640 0.000785456 -0.018588074 0.001993012 0.999997914 -0.000471635 -0.041724462 -0.000784514 0.000473200 0.999999583 2.782606125
0.999998689 0.000174760 0.001597360 -0.018458761 -0.000174019 0.999999881 -0.000463802 -0.042236835 -0.001597441 0.000463524 0.999998629 2.812264442
0.999994338 0.001546841 0.002990523 -0.018749990 -0.001550940 0.999997795 0.001368702 -0.042669527 -0.002988399 -0.001373332 0.999994636 2.844622374
0.999993443 0.001663406 0.003209524 -0.018177383 -0.001674227 0.999992907 0.003371571 -0.042864665 -0.003203893 -0.003376923 0.999989212 2.878806829
0.999990642 0.000180137 0.004318036 -0.018521363 -0.000198002 0.999991477 0.004137374 -0.043315232 -0.004317253 -0.004138189 0.999982119 2.909505367
0.999982595 0.001374713 0.005739143 -0.018752385 -0.001395451 0.999992430 0.003610972 -0.043987811 -0.005734136 -0.003618918 0.999976993 2.941164732
0.999974072 0.002872996 0.006600741 -0.018264011 -0.002890377 0.999992311 0.002625220 -0.043856319 -0.006593148 -0.002644231 0.999974787 2.973730803
0.999948084 0.005894023 0.008312039 -0.017596114 -0.005918874 0.999978006 0.002968366 -0.045507006 -0.008294361 -0.003017410 0.999961019 3.005023718
0.999939203 0.005781767 0.009391179 -0.018944487 -0.005798495 0.999981582 0.001755024 -0.045351490 -0.009380860 -0.001809372 0.999954343 3.037845612
0.999930739 0.005874455 0.010203634 -0.018392343 -0.005887492 0.999981880 0.001248163 -0.045752913 -0.010196118 -0.001308150 0.999947131 3.069605112
0.999922574 0.005383675 0.011220362 -0.018340521 -0.005393095 0.999985158 0.000809550 -0.046133686 -0.011215840 -0.000870000 0.999936759 3.103008509
0.999915957 0.005317957 0.011825936 -0.018172111 -0.005339041 0.999984205 0.001752072 -0.046428204 -0.011816432 -0.001815064 0.999928474 3.135391712
0.999906957 0.004288638 0.012950566 -0.017998967 -0.004322012 0.999987364 0.002550187 -0.047023535 -0.012939466 -0.002605922 0.999912858 3.165688515
0.999899149 0.004321268 0.013526808 -0.017768431 -0.004360804 0.999986291 0.002894683 -0.047821674 -0.013514115 -0.002953379 0.999904275 3.198375702
0.999902725 0.002450611 0.013731895 -0.017640460 -0.002491882 0.999992430 0.002989286 -0.048358992 -0.013724466 -0.003023214 0.999901175 3.230597019
0.999918878 0.000394423 0.012733419 -0.017246686 -0.000430634 0.999995828 0.002841122 -0.048177436 -0.012732248 -0.002846375 0.999914885 3.264109850
0.999925077 -0.001668502 0.012127143 -0.016459219 0.001634758 0.999994814 0.002791927 -0.048570178 -0.012131740 -0.002771894 0.999922574 3.295235157
0.999927521 -0.002331957 0.011809743 -0.017010160 0.002291630 0.999991417 0.003427076 -0.049607296 -0.011817634 -0.003399764 0.999924362 3.326105356
0.999935627 -0.004697790 0.010330726 -0.016501699 0.004650382 0.999978602 0.004608396 -0.050397277 -0.010352156 -0.004560057 0.999935985 3.358345270
0.999942362 -0.005724155 0.009083873 -0.016163468 0.005686606 0.999975204 0.004153974 -0.050161887 -0.009107426 -0.004102078 0.999950111 3.390943050
0.999948144 -0.005996802 0.008233122 -0.016225412 0.005959194 0.999971747 0.004584794 -0.051043108 -0.008260384 -0.004535494 0.999955535 3.422315359
0.999952972 -0.006350609 0.007342307 -0.016231664 0.006321104 0.999971926 0.004034757 -0.051652696 -0.007367725 -0.003988156 0.999964893 3.454493761
0.999961197 -0.006297986 0.006159873 -0.016110372 0.006273278 0.999972165 0.004022385 -0.052260574 -0.006185035 -0.003983587 0.999972939 3.486992359
0.999943852 -0.008959083 0.005660438 -0.016620817 0.008950540 0.999958754 0.001532687 -0.052521717 -0.005673937 -0.001481938 0.999982774 3.518494368
0.999892652 -0.014042467 0.004162245 -0.015945714 0.014039591 0.999901175 0.000719044 -0.052895386 -0.004171930 -0.000660531 0.999991059 3.550482988
0.999768496 -0.021299826 0.003031350 -0.015715901 0.021290094 0.999768257 0.003207179 -0.053417519 -0.003098960 -0.003141899 0.999990225 3.582570791
0.999571681 -0.029248226 0.000995368 -0.015047532 0.029243084 0.999560595 0.004840182 -0.053832602 -0.001136498 -0.004809001 0.999987721 3.615450859
0.999479055 -0.032271557 0.000121628 -0.014950729 0.032271359 0.999478221 0.001367231 -0.054505467 -0.000165687 -0.001362594 0.999998987 3.647653341
0.999492824 -0.031841237 0.000642065 -0.015280103 0.031842109 0.999491930 -0.001405270 -0.055421796 -0.000596992 0.001425002 0.999998808 3.680144310
0.999595582 -0.028412474 0.001181982 -0.015123261 0.028416453 0.999590039 -0.003501027 -0.055938616 -0.001082025 0.003533198 0.999993205 3.712862015
0.999601603 -0.028093215 0.002707005 -0.015872236 0.028103421 0.999597728 -0.003809480 -0.056398422 -0.002598896 0.003884038 0.999989033 3.743760824
0.999501288 -0.031549469 0.001355854 -0.013834827 0.031549390 0.999502122 0.000079933 -0.057322025 -0.001357701 -0.000037117 0.999999046 3.777570248
0.999340713 -0.036164034 0.003207310 -0.015060026 0.036157478 0.999344051 0.002077646 -0.057540052 -0.003280342 -0.001960308 0.999992669 3.810004950
0.999218345 -0.039397523 0.003237013 -0.014958770 0.039387133 0.999218822 0.003213231 -0.057911675 -0.003361078 -0.003083223 0.999989569 3.842110634
0.999117851 -0.041877408 0.003119996 -0.014372285 0.041865904 0.999116540 0.003664814 -0.058613252 -0.003270712 -0.003530961 0.999988377 3.874811411
0.999211609 -0.039512713 0.003840421 -0.014272209 0.039497618 0.999211907 0.003930175 -0.058978323 -0.003992687 -0.003775389 0.999984801 3.906389952
0.999355853 -0.035472587 0.005441433 -0.014834702 0.035455849 0.999366283 0.003142317 -0.059347663 -0.005549451 -0.002947362 0.999980211 3.939866781
0.999495327 -0.031063477 0.006657043 -0.015091477 0.031059626 0.999517322 0.000681015 -0.059941698 -0.006674985 -0.000473907 0.999977589 3.971875429
0.999566317 -0.028485833 0.007465860 -0.015053447 0.028485209 0.999594212 0.000189753 -0.060483523 -0.007468235 0.000022996 0.999972105 4.004802704
0.999624848 -0.026005579 0.008602784 -0.015507903 0.025994839 0.999661028 0.001358744 -0.060885973 -0.008635204 -0.001134606 0.999962032 4.035912514
0.999652684 -0.025231583 0.007624262 -0.015309127 0.025221111 0.999680758 0.001467208 -0.061877377 -0.007658849 -0.001274406 0.999969840 4.070082664
0.999693632 -0.023763610 0.006928475 -0.015210003 0.023768894 0.999717176 -0.000681967 -0.062309135 -0.006910310 0.000846440 0.999975741 4.103010654
0.999816000 -0.018178826 0.006136689 -0.014708031 0.018204423 0.999825656 -0.004141591 -0.062769070 -0.006060331 0.004252544 0.999972522 4.135196686
0.999887943 -0.013606132 0.006243234 -0.014539121 0.013638364 0.999893665 -0.005149335 -0.063664690 -0.006172508 0.005233905 0.999967277 4.168746948
0.999928951 -0.010148155 0.006266009 -0.015552117 0.010173115 0.999940336 -0.003964309 -0.064169087 -0.006225405 0.004027771 0.999972463 4.203248978
0.999945402 -0.007789326 0.006964356 -0.015193027 0.007803402 0.999967515 -0.001996212 -0.064784139 -0.006948581 0.002050449 0.999973714 4.235359192
0.999952018 -0.006687438 0.007151642 -0.014747865 0.006685553 0.999977589 0.000287367 -0.065328784 -0.007153404 -0.000239541 0.999974370 4.266987801
0.999944746 -0.008094579 0.006711880 -0.015611071 0.008091574 0.999967158 0.000474806 -0.065367505 -0.006715503 -0.000420469 0.999977350 4.301338196
0.999927998 -0.010685413 0.005458107 -0.016197884 0.010682405 0.999942780 0.000580249 -0.065995872 -0.005463995 -0.000521901 0.999984920 4.335370064
0.999918997 -0.012452303 0.002633847 -0.015050156 0.012460346 0.999917686 -0.003060892 -0.066899069 -0.002595515 0.003093462 0.999991834 4.366382122
0.999954641 -0.009482728 0.000860334 -0.014345064 0.009488482 0.999930859 -0.006952734 -0.068171032 -0.000794344 0.006960582 0.999975443 4.399500847
0.999982178 -0.005981072 0.000067400 -0.015670653 0.005981416 0.999952018 -0.007748415 -0.068526439 -0.000021054 0.007748680 0.999970019 4.435067177
0.999996603 -0.002603373 -0.000292139 -0.015222641 0.002601488 0.999976933 -0.006272037 -0.069958247 0.000308461 0.006271255 0.999980211 4.467964172
0.999999583 0.000485867 0.000769141 -0.016180029 -0.000482985 0.999992907 -0.003742460 -0.069892786 -0.000770954 0.003742087 0.999992728 4.500226974
0.999998271 0.001366780 0.001315742 -0.016510496 -0.001364541 0.999997675 -0.001700776 -0.070622496 -0.001318063 0.001698977 0.999997675 4.534640789
0.999998093 0.001398280 0.001408776 -0.016526250 -0.001397529 0.999998987 -0.000533530 -0.071509078 -0.001409521 0.000531560 0.999998868 4.567726135
0.999998689 -0.000576747 0.001548127 -0.016650790 0.000577423 0.999999881 -0.000435973 -0.071541362 -0.001547875 0.000436865 0.999998808 4.602252483
0.999990463 -0.004165416 0.001324553 -0.016746268 0.004164680 0.999991179 0.000557736 -0.072475806 -0.001326865 -0.000552214 0.999998987 4.635819912
0.999971867 -0.007403338 0.001282551 -0.016913369 0.007402563 0.999972463 0.000608348 -0.072991535 -0.001287019 -0.000598836 0.999998987 4.670855999
0.999957204 -0.008913998 0.002486516 -0.016725555 0.008910484 0.999959290 0.001420748 -0.073666699 -0.002499079 -0.001398531 0.999995947 4.701190948
0.999898314 -0.014090085 0.002207564 -0.017148789 0.014084453 0.999897599 0.002545796 -0.073619068 -0.002243208 -0.002514445 0.999994338 4.740246773
0.999864042 -0.016268345 0.002700433 -0.016710509 0.016260730 0.999863803 0.002818201 -0.074360743 -0.002745913 -0.002773906 0.999992371 4.772297859
0.999887347 -0.014702222 0.003060381 -0.016973872 0.014707683 0.999890268 -0.001768270 -0.074684888 -0.003034048 0.001813082 0.999993742 4.807431698
0.999961615 -0.008196826 0.003120024 -0.017269811 0.008218072 0.999942720 -0.006859408 -0.075139068 -0.003063620 0.006884784 0.999971688 4.842744350
0.999983668 0.002571739 0.005100736 -0.017864835 -0.002537780 0.999974668 -0.006652692 -0.076509289 -0.005117717 0.006639640 0.999964893 4.876862526
0.999935031 0.009852360 0.005731115 -0.017453132 -0.009835330 0.999947071 -0.002991687 -0.076858483 -0.005760287 0.002935125 0.999979079 4.910037994
0.999918401 0.010959124 0.006564671 -0.017668694 -0.010952795 0.999939382 -0.000999311 -0.077432409 -0.006575224 0.000927328 0.999977946 4.946429253
0.999941647 0.009009583 0.005951819 -0.017480195 -0.009003765 0.999958873 -0.001003778 -0.077690586 -0.005960618 0.000950130 0.999981761 4.980009556
0.999967575 0.006513761 0.004727297 -0.017262580 -0.006510467 0.999978542 -0.000711902 -0.078582019 -0.004731832 0.000681102 0.999988616 5.015785694
0.999983013 0.004085223 0.004162719 -0.017343795 -0.004079946 0.999991000 -0.001275302 -0.079034701 -0.004167891 0.001258297 0.999990523 5.048958302
0.999978960 0.004856841 0.004300518 -0.018002996 -0.004849244 0.999986649 -0.001775096 -0.079599090 -0.004309082 0.001754205 0.999989212 5.083871365
0.999976635 0.005978165 0.003316313 -0.017258521 -0.005974076 0.999981403 -0.001241517 -0.080396436 -0.003323673 0.001221676 0.999993742 5.119075775
0.999969125 0.007202667 0.003148867 -0.017248780 -0.007201092 0.999973893 -0.000511250 -0.081144422 -0.003152468 0.000488559 0.999994934 5.154196262
0.999974251 0.006438201 0.003184497 -0.017698074 -0.006433899 0.999978423 -0.001359150 -0.081673667 -0.003193179 0.001338627 0.999994099 5.190016270
0.999977410 0.005828683 0.003345935 -0.018236307 -0.005820618 0.999980152 -0.002415100 -0.082146034 -0.003359945 0.002395570 0.999991536 5.225469112
0.999978304 0.005998434 0.002722514 -0.017847952 -0.005991705 0.999979019 -0.002473575 -0.082929388 -0.002737295 0.002457209 0.999993205 5.259117126
0.999979734 0.005714798 0.002816442 -0.018386245 -0.005708104 0.999980867 -0.002379169 -0.083708361 -0.002829985 0.002363045 0.999993205 5.294247627
0.999981463 0.005482958 0.002636907 -0.018501986 -0.005476756 0.999982238 -0.002353959 -0.084561914 -0.002649767 0.002339473 0.999993742 5.329983711
0.999980211 0.005956158 0.002016420 -0.018413588 -0.005950655 0.999978602 -0.002724331 -0.085047282 -0.002032604 0.002712278 0.999994278 5.366158485
0.999971688 0.007417756 0.001211793 -0.018129140 -0.007413590 0.999966741 -0.003406330 -0.085570075 -0.001237020 0.003397251 0.999993384 5.401684284
0.999971092 0.007560263 0.000830835 -0.018100204 -0.007557218 0.999964952 -0.003609255 -0.086063556 -0.000858093 0.003602872 0.999993086 5.437430382
0.999965250 0.008297811 0.000717779 -0.018589351 -0.008295175 0.999959230 -0.003602468 -0.086938009 -0.000747642 0.003596388 0.999993205 5.473222256
0.999979734 0.006293987 0.000991442 -0.019036159 -0.006290478 0.999974072 -0.003503289 -0.087544776 -0.001013467 0.003496982 0.999993384 5.509574413
0.999987602 0.004979345 0.000152092 -0.018251879 -0.004978731 0.999980330 -0.003798103 -0.088382006 -0.000171001 0.003797299 0.999992788 5.545519352
0.999990761 0.004310069 0.000115935 -0.018227130 -0.004309606 0.999983728 -0.003734211 -0.088959716 -0.000132028 0.003733678 0.999993026 5.581768513
0.999996841 0.002469334 0.000619840 -0.018761728 -0.002467654 0.999993265 -0.002698465 -0.089906104 -0.000626499 0.002696927 0.999996185 5.618883133
0.999997139 0.002397066 -0.000179709 -0.018345868 -0.002397472 0.999994516 -0.002295014 -0.090737343 0.000174207 0.002295438 0.999997318 5.654330254
0.999994755 0.003238971 0.000193286 -0.018529974 -0.003238424 0.999991000 -0.002770330 -0.091573648 -0.000202257 0.002769690 0.999996185 5.690274715
0.999992967 0.003645880 0.000936623 -0.019122178 -0.003642752 0.999987900 -0.003320527 -0.092161134 -0.000948718 0.003317092 0.999994040 5.726952076
0.999987364 0.004897369 0.001108823 -0.019236581 -0.004894179 0.999983907 -0.002862339 -0.092755757 -0.001122824 0.002856876 0.999995232 5.763225079
0.999986947 0.004861481 0.001561616 -0.019370098 -0.004859487 0.999987423 -0.001278975 -0.093148619 -0.001567814 0.001271370 0.999997973 5.800470829
0.999986887 0.004787457 0.001798306 -0.019087447 -0.004785634 0.999988019 -0.001015921 -0.093729109 -0.001803148 0.001007302 0.999997854 5.837025166
0.999983847 0.005056194 0.002589119 -0.019440003 -0.005050240 0.999984562 -0.002301984 -0.094413035 -0.002600719 0.002288871 0.999993920 5.872506142
0.999983191 0.005066024 0.002827862 -0.019410484 -0.005054809 0.999979436 -0.003959469 -0.094857477 -0.002847862 0.003945108 0.999988139 5.909149647
0.999984026 0.005030464 0.002588270 -0.019029556 -0.005020517 0.999980092 -0.003835423 -0.095261417 -0.002607513 0.003822367 0.999989271 5.946275711
0.999979854 0.005635801 0.002905152 -0.019160487 -0.005629740 0.999981999 -0.002090498 -0.096487157 -0.002916881 0.002074100 0.999993503 5.982366085
0.999986231 0.004795562 0.002136781 -0.019309334 -0.004792483 0.999987483 -0.001443498 -0.097342744 -0.002143677 0.001433238 0.999996662 6.018126965
0.999985874 0.005175918 0.001225268 -0.019048156 -0.005174122 0.999985456 -0.001464259 -0.097897403 -0.001232829 0.001457899 0.999998152 6.054999352
0.999970138 0.007617246 0.001284021 -0.019317698 -0.007614667 0.999969006 -0.002000262 -0.098260164 -0.001299217 0.001990424 0.999997199 6.092514992
0.999958575 0.008625849 0.002884778 -0.020135822 -0.008620938 0.999961376 -0.001710829 -0.099177420 -0.002899424 0.001685888 0.999994397 6.127765656
0.999953568 0.009190410 0.002902037 -0.020352550 -0.009186641 0.999956965 -0.001309512 -0.099839397 -0.002913947 0.001282791 0.999994993 6.164367199
0.999969125 0.007496041 0.002357450 -0.020306125 -0.007494446 0.999971628 -0.000685679 -0.100621879 -0.002362523 0.000667990 0.999997020 6.201680183
0.999982536 0.005399378 0.002411533 -0.020507816 -0.005398472 0.999985337 -0.000381836 -0.101260468 -0.002413559 0.000368811 0.999996960 6.238576889
0.999992669 0.003515379 0.001514820 -0.020095993 -0.003515084 0.999993861 -0.000197508 -0.101758309 -0.001515505 0.000192182 0.999998748 6.276102066
0.999996662 0.001579349 0.002052277 -0.020313300 -0.001577940 0.999998450 -0.000687810 -0.102361746 -0.002053360 0.000684569 0.999997675 6.312936306
0.999997497 -0.000862304 0.002052589 -0.020561162 0.000865254 0.999998510 -0.001436744 -0.102933690 -0.002051347 0.001438517 0.999996781 6.346967697
0.999996960 -0.001127819 0.002186525 -0.020384837 0.001127882 0.999999344 -0.000027753 -0.103473745 -0.002186493 0.000030219 0.999997556 6.384249687
0.999989152 -0.003676964 0.002854305 -0.020856325 0.003671565 0.999991417 0.001894856 -0.104345061 -0.002861248 -0.001884356 0.999994099 6.421327114
0.999988019 -0.003467908 0.003439621 -0.021322777 0.003462989 0.999992907 0.001435078 -0.105304897 -0.003444574 -0.001423149 0.999992967 6.458714485
0.999981582 -0.004919576 0.003556183 -0.020847833 0.004919037 0.999987841 0.000160145 -0.105303735 -0.003556927 -0.000142649 0.999993622 6.491417408
0.999986887 -0.002753389 0.004310602 -0.021318642 0.002756366 0.999995947 -0.000684619 -0.105679259 -0.004308700 0.000696491 0.999990463 6.528207302
0.999984205 -0.001829498 0.005313684 -0.021720950 0.001834449 0.999997914 -0.000927116 -0.105967991 -0.005311977 0.000936849 0.999985397 6.565377712
0.999977708 0.000158833 0.006673021 -0.021411598 -0.000156621 0.999999881 -0.000331966 -0.107460707 -0.006673073 0.000330913 0.999977708 6.601311684
0.999974847 0.000300890 0.007089975 -0.021162555 -0.000298159 0.999999881 -0.000386251 -0.107913539 -0.007090090 0.000384127 0.999974787 6.636562347
0.999964476 0.001259519 0.008345085 -0.021414563 -0.001247229 0.999998152 -0.001477771 -0.108190261 -0.008346930 0.001467310 0.999964118 6.672410965
0.999959528 0.001011053 0.008941612 -0.021164816 -0.000993576 0.999997675 -0.001958858 -0.108766750 -0.008943570 0.001949895 0.999958158 6.709345818
0.999948025 0.002548520 0.009870507 -0.021335743 -0.002518765 0.999992251 -0.003025806 -0.109730959 -0.009878142 0.003000787 0.999946713 6.746528149
0.999939799 0.000581012 0.010950747 -0.021439783 -0.000560866 0.999998152 -0.001842670 -0.110011213 -0.010951797 0.001836417 0.999938369 6.780289173
0.999934912 0.000212825 0.011410425 -0.020643778 -0.000195801 0.999998868 -0.001493073 -0.110250294 -0.011410730 0.001490741 0.999933779 6.816458702
0.999932766 0.000108589 0.011594801 -0.019733690 -0.000092580 0.999999046 -0.001381230 -0.111018121 -0.011594941 0.001380063 0.999931872 6.853978634
0.999934077 0.000398349 0.011478518 -0.019443877 -0.000359860 0.999994278 -0.003355007 -0.112754293 -0.011479788 0.003350655 0.999928474 6.887727261
0.999934494 -0.003398252 0.010931496 -0.019491896 0.003460824 0.999977708 -0.005710200 -0.112409636 -0.010911846 0.005747657 0.999923944 6.924089432
0.999947488 -0.003731041 0.009543378 -0.018636569 0.003779347 0.999980092 -0.005048773 -0.113778740 -0.009524351 0.005084576 0.999941647 6.959707260
0.999960601 -0.003716392 0.008067008 -0.017936904 0.003760964 0.999977767 -0.005517061 -0.114624880 -0.008046327 0.005547183 0.999952257 6.998157024
0.999955714 -0.005654508 0.007528825 -0.018421806 0.005702748 0.999963343 -0.006401487 -0.114788592 -0.007492352 0.006444137 0.999951184 7.036276340
0.999969602 -0.003542453 0.006947768 -0.018070325 0.003586845 0.999973178 -0.006387369 -0.115879126 -0.006924955 0.006412095 0.999955416 7.068848610
0.999965787 -0.002800226 0.007785616 -0.019712042 0.002843231 0.999980748 -0.005518101 -0.116822012 -0.007770014 0.005540048 0.999954402 7.097059727
0.999983549 -0.001654151 0.005490290 -0.018150598 0.001685009 0.999982774 -0.005620594 -0.118200563 -0.005480899 0.005629752 0.999969065 7.142812729
0.999968410 -0.006275683 0.004883649 -0.018394738 0.006295743 0.999971747 -0.004103290 -0.118933909 -0.004857761 0.004133906 0.999979675 7.172953606
0.999989569 -0.002522466 0.003784380 -0.017600004 0.002532559 0.999993265 -0.002664709 -0.119318232 -0.003777632 0.002674266 0.999989212 7.208523750
0.999989450 -0.000566547 0.004556024 -0.017323237 0.000579071 0.999996126 -0.002748131 -0.120123960 -0.004554449 0.002750741 0.999985814 7.243613243
0.999980211 0.001058070 0.006192974 -0.018196192 -0.001032493 0.999991000 -0.004131869 -0.119992688 -0.006197289 0.004125394 0.999972224 7.284010410
0.999975920 -0.002691458 0.006397655 -0.018510558 0.002711149 0.999991536 -0.003071278 -0.121218987 -0.006389335 0.003088549 0.999974787 7.316810131
0.999968648 -0.004796704 0.006296907 -0.018053327 0.004822913 0.999979734 -0.004153802 -0.121546261 -0.006276855 0.004184041 0.999971509 7.351416588
0.999957740 -0.005656689 0.007247091 -0.018716913 0.005704866 0.999961615 -0.006644565 -0.121950440 -0.007209226 0.006685628 0.999951661 7.387772083
0.999953330 -0.006576831 0.007065467 -0.018246885 0.006624016 0.999955714 -0.006675675 -0.123621851 -0.007021250 0.006722165 0.999952734 7.425492287
0.999969721 -0.006160099 0.004731701 -0.018271696 0.006196320 0.999951303 -0.007678858 -0.124483675 -0.004684169 0.007707945 0.999959290 7.462217808
0.999986291 -0.004790175 0.002073220 -0.017722603 0.004805443 0.999960899 -0.007423412 -0.125052616 -0.002037579 0.007433274 0.999970257 7.498636246
0.999992549 -0.002973621 0.002450429 -0.018338265 0.002983348 0.999987781 -0.003975829 -0.125761852 -0.002438576 0.003983111 0.999989033 7.535577297
0.999981463 -0.005162094 0.003234661 -0.018647391 0.005165845 0.999985993 -0.001152074 -0.126341283 -0.003228670 0.001168762 0.999994099 7.572030067
0.999978423 -0.005691366 0.003280672 -0.018678177 0.005693848 0.999983490 -0.000747578 -0.127030984 -0.003276363 0.000766241 0.999994338 7.608393192
0.999974489 -0.006240622 0.003475986 -0.018315176 0.006244905 0.999979734 -0.001222845 -0.128076702 -0.003468284 0.001244521 0.999993205 7.645063877
0.999967098 -0.007030658 0.004047966 -0.018672120 0.007036379 0.999974191 -0.001400982 -0.128618687 -0.004038012 0.001429419 0.999990821 7.680855274
0.999965191 -0.006988351 0.004565741 -0.018828217 0.006996566 0.999973834 -0.001785900 -0.128952369 -0.004553142 0.001817782 0.999988019 7.717031479
0.999970198 -0.005901770 0.004978872 -0.018575884 0.005908204 0.999981701 -0.001278516 -0.130214110 -0.004971236 0.001307894 0.999986768 7.755184650
0.999973178 -0.004637496 0.005661855 -0.018929977 0.004652306 0.999985754 -0.002605428 -0.130550861 -0.005649692 0.002631699 0.999980509 7.790122986
0.999974608 -0.004046139 0.005870812 -0.018638227 0.004061095 0.999988496 -0.002537503 -0.131846756 -0.005860477 0.002561281 0.999979556 7.829342842
0.999965012 -0.004719123 0.006904689 -0.017609760 0.004720709 0.999988854 -0.000213223 -0.133037508 -0.006903605 0.000245811 0.999976158 7.863300800
0.999956429 -0.006284355 0.006899875 -0.018159214 0.006281173 0.999980211 0.000482624 -0.133375272 -0.006902771 -0.000439263 0.999976039 7.899760723
0.999947608 -0.007610786 0.006845765 -0.018209141 0.007618098 0.999970436 -0.001042604 -0.133722857 -0.006837629 0.001094701 0.999976039 7.938696384
0.999947786 -0.007068657 0.007382002 -0.018286761 0.007072210 0.999974906 -0.000455510 -0.134377658 -0.007378596 0.000507693 0.999972701 7.973905087
0.999967158 -0.004601900 0.006671757 -0.018109567 0.004620811 0.999985337 -0.002821844 -0.135254875 -0.006658674 0.002852580 0.999973774 8.011234283
0.999976575 -0.002561051 0.006345096 -0.018509548 0.002597427 0.999980211 -0.005731471 -0.136080265 -0.006330293 0.005747817 0.999963522 8.047586441
0.999985397 -0.001834367 0.005105510 -0.017986357 0.001861219 0.999984384 -0.005259630 -0.136773109 -0.005095783 0.005269055 0.999973118 8.083916664
0.999990463 -0.001314908 0.004165600 -0.017971154 0.001321683 0.999997854 -0.001624193 -0.137703761 -0.004163455 0.001629684 0.999989986 8.120044708
0.999995351 0.000118558 0.003024892 -0.018064657 -0.000122304 0.999999225 0.001238194 -0.138418764 -0.003024743 -0.001238558 0.999994576 8.157039642
0.999998689 0.000639626 0.001471266 -0.018220283 -0.000639153 0.999999702 -0.000321574 -0.138895109 -0.001471472 0.000320633 0.999998808 8.193312645
0.999999702 0.000845478 0.000052419 -0.018490808 -0.000845389 0.999998331 -0.001679904 -0.139861241 -0.000053840 0.001679859 0.999998510 8.229362488
0.999996960 -0.001348035 -0.002075652 -0.018471321 0.001347731 0.999999106 -0.000147497 -0.140516952 0.002075849 0.000144699 0.999997854 8.265948296
0.999990463 -0.002857922 -0.003324670 -0.018191949 0.002859400 0.999995887 0.000439920 -0.141235679 0.003323399 -0.000449422 0.999994397 8.301679611
0.999983549 -0.003649030 -0.004434301 -0.017794868 0.003644988 0.999992967 -0.000919181 -0.141655520 0.004437624 0.000903003 0.999989808 8.338950157
0.999984980 -0.004221019 -0.003488175 -0.019350097 0.004216788 0.999990344 -0.001219661 -0.142451301 0.003493290 0.001204933 0.999993145 8.374500275
0.999979973 -0.005126369 -0.003704660 -0.019562427 0.005121340 0.999985933 -0.001365940 -0.142883152 0.003711610 0.001346939 0.999992132 8.410139084
0.999979615 -0.005647319 -0.002957473 -0.020352678 0.005642890 0.999982953 -0.001504193 -0.143590122 0.002965917 0.001487473 0.999994457 8.446450233
0.999981165 -0.004894063 -0.003703034 -0.020066692 0.004886015 0.999985695 -0.002179091 -0.144651979 0.003713646 0.002160958 0.999990761 8.483984947
0.999986708 -0.004247818 -0.002915193 -0.020857416 0.004238797 0.999986231 -0.003093786 -0.145355925 0.002928294 0.003081388 0.999991000 8.520201683
0.999981761 -0.004778808 -0.003732513 -0.020406567 0.004768498 0.999984801 -0.002766190 -0.146131665 0.003745675 0.002748340 0.999989212 8.556361198
0.999981046 -0.005038412 -0.003553622 -0.020660419 0.005025517 0.999980748 -0.003628520 -0.146868005 0.003571835 0.003610592 0.999987066 8.592748642
0.999971509 -0.006820435 -0.003255815 -0.021152750 0.006803494 0.999963462 -0.005186453 -0.147401273 0.003291070 0.005164155 0.999981284 8.628797531
0.999967039 -0.007291865 -0.003550570 -0.021240681 0.007281736 0.999969423 -0.002857748 -0.148549840 0.003571299 0.002831800 0.999989629 8.664703369
0.999946058 -0.009671774 -0.003776993 -0.021363692 0.009663046 0.999950647 -0.002322251 -0.148939833 0.003799267 0.002285628 0.999990165 8.700661659
0.999946952 -0.009452115 -0.004090724 -0.021172879 0.009440710 0.999951541 -0.002798425 -0.150035396 0.004116978 0.002759657 0.999987721 8.738124847
0.999960005 -0.008190916 -0.003578693 -0.021837667 0.008177887 0.999959946 -0.003639585 -0.150640815 0.003608361 0.003610173 0.999986947 8.773160934
0.999966443 -0.007358705 -0.003603637 -0.021961223 0.007348767 0.999969244 -0.002763044 -0.151388630 0.003623859 0.002736469 0.999989629 8.810133934
0.999975502 -0.006373144 -0.002896080 -0.022411775 0.006367383 0.999977827 -0.001993906 -0.151953787 0.002908723 0.001975417 0.999993742 8.846754074
0.999983966 -0.005217683 -0.002166810 -0.022893107 0.005212399 0.999983370 -0.002436883 -0.152689010 0.002179489 0.002425550 0.999994695 8.881098747
0.999988794 -0.004480721 -0.001514174 -0.023466397 0.004474947 0.999982774 -0.003794285 -0.153228670 0.001531149 0.003787467 0.999991655 8.917471886
0.999988258 -0.004580269 -0.001551062 -0.023634147 0.004573723 0.999980688 -0.004197591 -0.154107586 0.001570259 0.004190448 0.999989986 8.953497887
0.999986589 -0.004872965 -0.001741564 -0.023503376 0.004867408 0.999983072 -0.003180551 -0.155136630 0.001757034 0.003172031 0.999993443 8.990375519
0.999995232 -0.002996398 -0.000719472 -0.023967687 0.002994010 0.999990046 -0.003296092 -0.155713394 0.000729342 0.003293923 0.999994338 9.026381493
0.999999642 -0.000581589 0.000512737 -0.025166515 0.000583262 0.999994397 -0.003270100 -0.156419069 -0.000510833 0.003270398 0.999994516 9.062919617
1.000000000 -0.000173297 -0.000148357 -0.024708582 0.000172793 0.999994338 -0.003389302 -0.157280833 0.000148943 0.003389276 0.999994218 9.099236488
0.999996603 0.002463107 0.000923180 -0.025267703 -0.002459133 0.999987781 -0.004280673 -0.157826826 -0.000933713 0.004278387 0.999990404 9.134373665
0.999998450 0.001759607 -0.000165121 -0.024607440 -0.001760327 0.999988437 -0.004467755 -0.158537894 0.000157258 0.004468038 0.999989927 9.171295166
0.999993205 0.003699883 0.000068643 -0.024937604 -0.003699568 0.999984622 -0.004138853 -0.159406587 -0.000083955 0.004138571 0.999991357 9.207791328
0.999993980 0.003457305 0.000287678 -0.025111275 -0.003456344 0.999988675 -0.003274966 -0.159901038 -0.000298997 0.003273952 0.999994576 9.243191719
