0.999999702 -0.000651598 -0.000236032 -0.000165421 0.000651991 0.999998391 0.001670646 -0.000809941 0.000234943 -0.001670799 0.999998510 0.050245617
0.999998152 -0.001766190 -0.000742398 -0.000200883 0.001767451 0.999997020 0.001701136 -0.001542799 0.000739391 -0.001702445 0.999998212 0.100381963
0.999994218 -0.003312841 -0.000758593 -0.000383433 0.003313384 0.999994278 0.000716332 -0.002290387 0.000756215 -0.000718841 0.999999464 0.150452703
0.999992549 -0.003797733 -0.000692353 -0.000586898 0.003798394 0.999992311 0.000956058 -0.003142286 0.000688717 -0.000958681 0.999999285 0.200344071
0.999991119 -0.004121981 -0.000881580 -0.000544170 0.004123584 0.999989808 0.001825007 -0.003959933 0.000874048 -0.001828626 0.999997914 0.251194715
0.999985158 -0.005426751 -0.000474138 -0.000887737 0.005428136 0.999980807 0.002969492 -0.004577888 0.000458015 -0.002972021 0.999995470 0.301716119
0.999987245 -0.004990302 -0.000704940 -0.001172967 0.004992677 0.999981821 0.003410137 -0.005258820 0.000687909 -0.003413614 0.999993920 0.352481544
0.999990225 -0.004299807 -0.001069174 -0.001310567 0.004301776 0.999988973 0.001845946 -0.006179381 0.001061225 -0.001850527 0.999997675 0.404072672
0.999998152 -0.001460355 -0.001237504 -0.001769149 0.001459834 0.999998868 -0.000421598 -0.006918177 0.001238119 0.000419791 0.999999166 0.454474896
0.999997497 0.001968727 -0.001101555 -0.002075464 -0.001970315 0.999997020 -0.001442884 -0.007746754 0.001098711 0.001445051 0.999998391 0.506012917
0.999989927 0.004378604 -0.000969364 -0.002676741 -0.004380111 0.999989212 -0.001557457 -0.008540565 0.000962534 0.001561687 0.999998271 0.556666076
0.999984801 0.005429370 -0.000924069 -0.003218777 -0.005429692 0.999985278 -0.000346164 -0.009597819 0.000922176 0.000351176 0.999999523 0.607812345
0.999994993 0.003136279 -0.000384971 -0.003119608 -0.003135389 0.999992490 0.002286671 -0.010363098 0.000392140 -0.002285453 0.999997318 0.659714341
0.999999881 -0.000427497 0.000144661 -0.003739769 0.000426975 0.999993443 0.003591982 -0.010713606 -0.000146196 -0.003591919 0.999993563 0.711807907
0.999992073 -0.003910825 -0.000688983 -0.003181684 0.003911930 0.999991000 0.001609085 -0.011586336 0.000682684 -0.001611768 0.999998450 0.762708008
0.999989510 -0.004563986 -0.000413314 -0.003531683 0.004563794 0.999989450 -0.000463797 -0.012326479 0.000415427 0.000461906 0.999999821 0.814842284
0.999997616 -0.002188362 -0.000008007 -0.003558091 0.002188338 0.999994934 -0.002312347 -0.013107339 0.000013067 0.002312324 0.999997318 0.866649687
1.000000000 0.000061400 0.000044271 -0.003667505 -0.000061388 0.999999940 -0.000266031 -0.013982556 -0.000044288 0.000266028 0.999999940 0.919286132
0.999998987 0.000841879 0.001071718 -0.004075929 -0.000845774 0.999993026 0.003639806 -0.014917711 -0.001068647 -0.003640708 0.999992788 0.970968127
0.999997079 -0.001440391 0.001884000 -0.004256518 0.001431016 0.999986649 0.004967886 -0.015084395 -0.001891130 -0.004965177 0.999985874 1.023874164
0.999983430 -0.005636778 0.001173998 -0.004166922 0.005632445 0.999977350 0.003661188 -0.015938172 -0.001194609 -0.003654515 0.999992609 1.075543523
0.999981940 -0.005937980 0.000943060 -0.004131875 0.005936614 0.999981284 0.001444943 -0.016539080 -0.000951622 -0.001439319 0.999998569 1.128672600
0.999977529 -0.006415041 0.001952677 -0.004561514 0.006417261 0.999978900 -0.001133598 -0.017571351 -0.001945364 0.001146103 0.999997437 1.180216789
0.999992669 -0.002593470 0.002838805 -0.005062510 0.002598376 0.999995172 -0.001725683 -0.018573055 -0.002834316 0.001733046 0.999994457 1.233364701
0.999993205 -0.002698053 0.002511738 -0.004523129 0.002707395 0.999989390 -0.003723579 -0.019579429 -0.002501664 0.003730353 0.999989927 1.285999417
0.999995768 -0.001023424 0.002715199 -0.004735144 0.001033294 0.999992847 -0.003636236 -0.020303885 -0.002711459 0.003639026 0.999989688 1.339057684
0.999996424 -0.001457553 0.002243765 -0.004451104 0.001462479 0.999996543 -0.002195167 -0.021336701 -0.002240558 0.002198441 0.999995112 1.392587066
0.999997854 0.000421435 0.002042112 -0.004931075 -0.000420227 0.999999762 -0.000591799 -0.022476871 -0.002042361 0.000590939 0.999997735 1.446089864
0.999994516 0.002696173 0.001957007 -0.005368061 -0.002696542 0.999996364 0.000185866 -0.023521440 -0.001956499 -0.000191143 0.999998093 1.499907136
0.999984801 0.005155661 0.001988054 -0.005425232 -0.005154910 0.999986649 -0.000382565 -0.024370926 -0.001990001 0.000372311 0.999997973 1.553350925
0.999967813 0.007606853 0.002548153 -0.006108722 -0.007606623 0.999971092 -0.000099197 -0.025075316 -0.002548834 0.000079811 0.999996722 1.606049538
0.999964654 0.008262802 0.001552836 -0.005469857 -0.008263214 0.999965847 0.000260270 -0.026693014 -0.001550632 -0.000273092 0.999998689 1.661498904
0.999965012 0.007913871 0.002725123 -0.007779393 -0.007914022 0.999968767 0.000044947 -0.027534438 -0.002724682 -0.000066512 0.999996305 1.714088440
0.999976635 0.006803568 0.000706642 -0.006057525 -0.006803189 0.999976695 -0.000535947 -0.028032500 -0.000710272 0.000531127 0.999999583 1.768498898
0.999983430 0.005748465 -0.000202492 -0.006306135 -0.005748607 0.999983132 -0.000711451 -0.028626675 0.000198399 0.000712603 0.999999702 1.822864771
0.999981284 0.005999478 -0.001189000 -0.006584466 -0.005998243 0.999981403 0.001040153 -0.030008679 0.001195218 -0.001033002 0.999998748 1.877428889
0.999972641 0.007024019 -0.002332579 -0.007062493 -0.007021741 0.999974847 0.000983774 -0.031106167 0.002339430 -0.000967369 0.999996841 1.931858778
0.999971747 0.006897913 -0.002996165 -0.007797619 -0.006895308 0.999975860 0.000878765 -0.031588398 0.003002154 -0.000858081 0.999995112 1.986210108
0.999972343 0.006111083 -0.004254168 -0.008384889 -0.006105546 0.999980509 0.001313201 -0.032119773 0.004262111 -0.001287191 0.999990046 2.040968418
0.999977529 0.004698956 -0.004784124 -0.009080648 -0.004685542 0.999985099 0.002811332 -0.033305202 0.004797263 -0.002788853 0.999984622 2.095558882
0.999979615 0.002969546 -0.005651814 -0.009448911 -0.002955074 0.999992371 0.002567193 -0.033939704 0.005659394 -0.002550439 0.999980748 2.151023865
0.999983430 0.000755762 -0.005710074 -0.010369778 -0.000745258 0.999998152 0.001841517 -0.034405351 0.005711455 -0.001837232 0.999981999 2.205571890
0.999985695 0.000113680 -0.005358970 -0.011503133 -0.000103256 0.999998152 0.001945423 -0.035288230 0.005359181 -0.001944842 0.999983668 2.261106730
0.999983132 -0.001711642 -0.005550627 -0.011117859 0.001729641 0.999993265 0.003239507 -0.036501255 0.005545045 -0.003249054 0.999979377 2.314111471
0.999985397 -0.002335338 -0.004874076 -0.011352799 0.002354516 0.999989510 0.003932672 -0.037499174 0.004864841 -0.003944091 0.999980450 2.367139816
0.999974608 -0.005088976 -0.004982485 -0.011526924 0.005107334 0.999980152 0.003678758 -0.038234398 0.004963663 -0.003704112 0.999980807 2.421604156
0.999967337 -0.006869394 -0.004242851 -0.011825584 0.006880653 0.999972761 0.002644775 -0.038634039 0.004224567 -0.002673882 0.999987483 2.476088524
0.999972641 -0.006347254 -0.003804914 -0.012419559 0.006357391 0.999976218 0.002658315 -0.039921086 0.003787950 -0.002682431 0.999989152 2.529196501
0.999987185 -0.004259011 -0.002742209 -0.013162035 0.004265829 0.999987841 0.002485184 -0.040954713 0.002731591 -0.002496850 0.999993145 2.583209276
0.999994576 -0.002242078 -0.002416287 -0.013593597 0.002250999 0.999990642 0.003695800 -0.041588061 0.002407978 -0.003701219 0.999990225 2.635823488
0.999997377 0.001742365 -0.001500426 -0.014153684 -0.001735702 0.999988616 0.004431024 -0.042246781 0.001508130 -0.004428408 0.999989033 2.689061880
0.999990463 0.004229438 -0.001087557 -0.014294412 -0.004223015 0.999974012 0.005842246 -0.043297723 0.001112238 -0.005837598 0.999982357 2.743082047
0.999964476 0.008416386 -0.000477279 -0.015074129 -0.008413633 0.999949396 0.005503293 -0.044015784 0.000523573 -0.005499082 0.999984741 2.796651602
0.999928117 0.011980823 0.000272571 -0.015851477 -0.011981961 0.999917328 0.004649177 -0.044442605 -0.000216848 -0.004652108 0.999989152 2.851147175
0.999897063 0.014262182 0.001531223 -0.017015163 -0.014268339 0.999889731 0.004089526 -0.044877719 -0.001472729 -0.004110952 0.999990523 2.903268576
0.999890924 0.014701372 0.001450037 -0.016403511 -0.014707627 0.999882162 0.004400391 -0.045671646 -0.001385174 -0.004421237 0.999989271 2.956639767
0.999904990 0.013701355 0.001449059 -0.017063543 -0.013707585 0.999896467 0.004381928 -0.047348313 -0.001388871 -0.004401375 0.999989331 3.011205435
0.999930978 0.011723022 0.000764570 -0.016602980 -0.011725574 0.999925375 0.003421334 -0.047705378 -0.000724405 -0.003430063 0.999993801 3.063556433
0.999933600 0.011512768 0.000444181 -0.016268330 -0.011514217 0.999927938 0.003407267 -0.048650190 -0.000404922 -0.003412155 0.999994099 3.116453171
0.999949038 0.010083335 0.000446050 -0.017070124 -0.010085097 0.999940693 0.004142716 -0.049547501 -0.000404251 -0.004147003 0.999991298 3.167680979
0.999953508 0.009631566 -0.000002137 -0.017231716 -0.009631484 0.999945998 0.003895313 -0.050596152 0.000039655 -0.003895111 0.999992430 3.218633890
0.999952197 0.009756348 -0.000499601 -0.018474929 -0.009754236 0.999944210 0.004068216 -0.050806426 0.000539264 -0.004063149 0.999991596 3.272921324
0.999946773 0.010231759 -0.001336801 -0.018514797 -0.010225505 0.999937117 0.004603506 -0.051754147 0.001383819 -0.004589591 0.999988496 3.323473454
0.999961615 0.008298685 -0.002817171 -0.018740069 -0.008283788 0.999951899 0.005257893 -0.052684158 0.002860669 -0.005234353 0.999982178 3.377026320
0.999976158 0.005503593 -0.004189942 -0.018840570 -0.005475905 0.999963343 0.006591219 -0.053549062 0.004226064 -0.006568117 0.999969423 3.428444386
0.999979973 0.003979916 -0.004920964 -0.018875549 -0.003948488 0.999971867 0.006380026 -0.054456122 0.004946217 -0.006360468 0.999967515 3.479951143
0.999985099 0.002212702 -0.004991882 -0.019618038 -0.002183952 0.999981105 0.005757289 -0.054591686 0.005004526 -0.005746301 0.999970973 3.530243874
0.999986112 0.002316100 -0.004727524 -0.021453703 -0.002291799 0.999984205 0.005139242 -0.055379368 0.004739353 -0.005128336 0.999975622 3.582095385
0.999981463 0.002160750 -0.005684006 -0.020438667 -0.002133301 0.999986053 0.004830767 -0.056784838 0.005694367 -0.004818553 0.999972105 3.635066748
0.999982357 0.001110042 -0.005845259 -0.021163709 -0.001085772 0.999990761 0.004153614 -0.057358962 0.005849816 -0.004147194 0.999974310 3.685208797
0.999981046 0.002650102 -0.005558937 -0.021839660 -0.002629447 0.999989629 0.003719748 -0.058732010 0.005568739 -0.003705062 0.999977589 3.738041162
0.999976754 0.004572979 -0.005042152 -0.022392729 -0.004554710 0.999983013 0.003628841 -0.058927320 0.005058661 -0.003605791 0.999980688 3.788667917
0.999971211 0.005517834 -0.005200967 -0.022539830 -0.005493669 0.999974072 0.004649229 -0.059475828 0.005226486 -0.004620523 0.999975622 3.841557026
0.999964118 0.006969718 -0.004794485 -0.023583693 -0.006938105 0.999954283 0.006579033 -0.060570046 0.004840119 -0.006545532 0.999966860 3.890229702
0.999977350 0.004585382 -0.004950128 -0.023483217 -0.004557941 0.999974251 0.005540834 -0.061246630 0.004975407 -0.005518145 0.999972403 3.941856384
0.999981284 0.003960023 -0.004660455 -0.024274092 -0.003944688 0.999986827 0.003295275 -0.061982542 0.004673442 -0.003276829 0.999983788 3.993063211
0.999977171 0.004214922 -0.005273725 -0.024045281 -0.004205840 0.999989688 0.001732067 -0.062938392 0.005280971 -0.001709848 0.999984622 4.043308735
0.999987423 0.001376696 -0.004823002 -0.024773225 -0.001361903 0.999994338 0.003069130 -0.063342117 0.004827201 -0.003062523 0.999983668 4.092897415
0.999988437 -0.000067032 -0.004808147 -0.024067353 0.000088409 0.999990106 0.004445995 -0.063979045 0.004807801 -0.004446368 0.999978602 4.142853737
0.999995112 -0.001009712 -0.002942559 -0.025435988 0.001025067 0.999985874 0.005221398 -0.065082170 0.002937245 -0.005224389 0.999982059 4.192478657
0.999991953 -0.002975678 -0.002679691 -0.025512435 0.002986713 0.999987066 0.004123680 -0.065320790 0.002667386 -0.004131651 0.999987841 4.242095470
0.999998510 -0.000708627 -0.001524681 -0.026183832 0.000710603 0.999998927 0.001296470 -0.065856516 0.001523761 -0.001297553 0.999998033 4.292209148
0.999998808 0.001506156 -0.000259932 -0.026442021 -0.001506320 0.999998689 -0.000629846 -0.066785626 0.000258984 0.000630236 0.999999762 4.341447830
0.999982715 0.005793132 0.001035702 -0.026543733 -0.005792504 0.999983132 -0.000609207 -0.067259751 -0.001039214 0.000603198 0.999999225 4.390323162
0.999984264 0.005133487 0.002255242 -0.027303282 -0.005136576 0.999985814 0.001365709 -0.067927331 -0.002248198 -0.001377272 0.999996543 4.442276955
0.999982655 0.004737918 0.003493858 -0.027684035 -0.004749136 0.999983609 0.003209424 -0.068501599 -0.003478594 -0.003225961 0.999988735 4.492040634
0.999987423 0.003311367 0.003753140 -0.027221248 -0.003325887 0.999986947 0.003869296 -0.068923660 -0.003740279 -0.003881731 0.999985516 4.542554855
0.999977589 0.004485475 0.004963222 -0.027483745 -0.004503111 0.999983490 0.003547766 -0.069674194 -0.004947227 -0.003570036 0.999981344 4.593385696
0.999955833 0.006924656 0.006371032 -0.027705885 -0.006944952 0.999970853 0.003169064 -0.070788726 -0.006348901 -0.003213171 0.999974668 4.644027233
0.999932766 0.008837643 0.007502994 -0.027519561 -0.008860821 0.999956071 0.003061756 -0.071596190 -0.007475605 -0.003128033 0.999967217 4.694442749
0.999906003 0.010472979 0.008842506 -0.027539242 -0.010488750 0.999943435 0.001738725 -0.072235711 -0.008823795 -0.001831309 0.999959409 4.743546009
0.999878287 0.011758387 0.010249307 -0.028125126 -0.011761418 0.999930799 0.000235580 -0.072623424 -0.010245828 -0.000356098 0.999947429 4.793867111
0.999879777 0.010457722 0.011450857 -0.027916268 -0.010455777 0.999945283 -0.000229659 -0.073079690 -0.011452634 0.000109904 0.999934375 4.844067574
0.999873459 0.010473085 0.011970882 -0.027131274 -0.010491073 0.999943852 0.001441039 -0.074274585 -0.011955118 -0.001566444 0.999927282 4.894564629
0.999888599 0.008278292 0.012421231 -0.025951225 -0.008313856 0.999961436 0.002814344 -0.075646296 -0.012397455 -0.002917299 0.999918818 4.944846630
0.999891877 0.007722710 0.012507245 -0.025669973 -0.007758925 0.999965847 0.002849696 -0.076292440 -0.012484812 -0.002946430 0.999917686 4.995265961
0.999896526 0.006249959 0.012955452 -0.025739819 -0.006288425 0.999975920 0.002930489 -0.076831147 -0.012936822 -0.003011655 0.999911726 5.046331406
0.999901652 0.004970964 0.013113031 -0.025879033 -0.005015669 0.999981642 0.003378498 -0.077167593 -0.013095994 -0.003443937 0.999908328 5.096303463
0.999921978 0.003277979 0.012050266 -0.025358185 -0.003311303 0.999990702 0.002746509 -0.077368826 -0.012041151 -0.002786196 0.999923646 5.147272587
0.999933302 0.002196527 0.011340413 -0.024843853 -0.002229346 0.999993384 0.002882132 -0.078637071 -0.011334009 -0.002907222 0.999931514 5.196459770
0.999947846 0.000661208 0.010192512 -0.024694808 -0.000700805 0.999992251 0.003881762 -0.079452477 -0.010189867 -0.003888703 0.999940515 5.245196819
0.999955714 -0.000313580 0.009406618 -0.024379600 0.000277412 0.999992490 0.003846113 -0.079955742 -0.009407753 -0.003843333 0.999948323 5.295854092
0.999969661 -0.001170996 0.007703301 -0.023460910 0.001136953 0.999989510 0.004422124 -0.081484005 -0.007708399 -0.004413231 0.999960542 5.347514153
0.999976575 -0.002164374 0.006496568 -0.023482312 0.002136695 0.999988616 0.004264432 -0.082379580 -0.006505723 -0.004250451 0.999969840 5.397528172
0.999983609 -0.002321811 0.005243696 -0.022866433 0.002298823 0.999987662 0.004385670 -0.083438471 -0.005253814 -0.004373543 0.999976695 5.446603775
0.999983788 -0.003520685 0.004462080 -0.022630973 0.003515288 0.999993086 0.001216831 -0.083708659 -0.004466333 -0.001201125 0.999989271 5.498651028
0.999957144 -0.008417777 0.003856499 -0.023005726 0.008415479 0.999964416 0.000611901 -0.084311351 -0.003861513 -0.000579420 0.999992371 5.548973560
0.999865532 -0.016204048 0.002494922 -0.022684591 0.016197076 0.999864936 0.002789238 -0.085230410 -0.002539782 -0.002748453 0.999992967 5.600564480
0.999729156 -0.023255635 0.000746706 -0.021499787 0.023252003 0.999719262 0.004549789 -0.085866071 -0.000852305 -0.004531195 0.999989390 5.651045322
0.999661028 -0.026034804 -0.000122801 -0.021270052 0.026034890 0.999660730 0.000777452 -0.086286940 0.000102519 -0.000780385 0.999999762 5.700859070
0.999658167 -0.026143469 0.000036727 -0.020955399 0.026143488 0.999656260 -0.001976668 -0.087663420 0.000014962 0.001976953 0.999998093 5.751354218
0.999744833 -0.022563107 0.001110447 -0.021751653 0.022567650 0.999736190 -0.004262618 -0.088301368 -0.001013977 0.004286590 0.999990284 5.803628445
0.999731421 -0.023115613 0.001673413 -0.021855393 0.023122428 0.999723911 -0.004171441 -0.089476950 -0.001576525 0.004209014 0.999989927 5.854531288
0.999643803 -0.026603395 0.002176287 -0.021565519 0.026603812 0.999646008 -0.000162945 -0.090809286 -0.002171182 0.000220785 0.999997616 5.904473782
0.999514878 -0.031000776 0.002996220 -0.021444371 0.030994942 0.999517620 0.001973141 -0.091417082 -0.003055944 -0.001879316 0.999993563 5.956538200
0.999415934 -0.034071371 0.002620755 -0.020402962 0.034063026 0.999414682 0.003164450 -0.092077032 -0.002727038 -0.003073331 0.999991536 6.007946014
0.999352515 -0.035857473 0.002954697 -0.020342883 0.035848912 0.999352992 0.002901118 -0.092661709 -0.003056812 -0.002793317 0.999991417 6.058738232
0.999397933 -0.034454089 0.004090169 -0.021402903 0.034436539 0.999397635 0.004284978 -0.093754776 -0.004235342 -0.004141546 0.999982476 6.109279156
0.999554396 -0.029395996 0.005189181 -0.020699296 0.029382652 0.999564767 0.002627519 -0.094145387 -0.005264160 -0.002473877 0.999983132 6.161231518
0.999633014 -0.026331509 0.006375196 -0.021911077 0.026324885 0.999652863 0.001119899 -0.095090263 -0.006402473 -0.000951662 0.999979079 6.212004185
0.999689460 -0.023977693 0.006800898 -0.021637276 0.023972362 0.999712169 0.000864599 -0.096463054 -0.006819672 -0.000701296 0.999976456 6.263866425
0.999730349 -0.022131693 0.007036807 -0.021839775 0.022116106 0.999752760 0.002285312 -0.097085856 -0.007085647 -0.002129069 0.999972582 6.315576553
0.999752760 -0.020932317 0.007500935 -0.022877254 0.020922666 0.999780059 0.001362776 -0.097317159 -0.007527812 -0.001205500 0.999970913 6.366403580
0.999813795 -0.018161714 0.006524634 -0.021608710 0.018167721 0.999834597 -0.000862485 -0.098884605 -0.006507890 0.000980863 0.999978364 6.419050217
0.999867916 -0.015207684 0.005740456 -0.021483812 0.015225874 0.999879122 -0.003138375 -0.100149132 -0.005692034 0.003225365 0.999978602 6.470826149
0.999943554 -0.008792383 0.005969129 -0.021961443 0.008821798 0.999948919 -0.004919478 -0.101027429 -0.005925570 0.004971858 0.999970138 6.523196697
0.999971688 -0.003999537 0.006371434 -0.022730727 0.004022978 0.999985158 -0.003670486 -0.102301098 -0.006356660 0.003696013 0.999972939 6.574948788
0.999975085 -0.001802573 0.006819705 -0.022643346 0.001815311 0.999996662 -0.001862138 -0.103331193 -0.006816326 0.001874472 0.999975026 6.626912117
0.999968588 0.000170956 0.007918783 -0.024087291 -0.000170577 0.999999940 -0.000048544 -0.103648096 -0.007918790 0.000047192 0.999968648 6.679909229
0.999974906 -0.003714119 0.006047752 -0.022010323 0.003707982 0.999992609 0.001025600 -0.104699388 -0.006051517 -0.001003149 0.999981105 6.731933594
0.999970615 -0.006432239 0.004187612 -0.021470157 0.006426630 0.999978423 0.001351583 -0.105274729 -0.004196215 -0.001324631 0.999990284 6.785001755
0.999973178 -0.006959247 0.002279116 -0.021583427 0.006964796 0.999972820 -0.002435275 -0.107219532 -0.002262106 0.002451083 0.999994397 6.837020397
0.999986410 -0.005203036 0.000343480 -0.021554587 0.005205363 0.999960780 -0.007161166 -0.107418984 -0.000306207 0.007162855 0.999974251 6.892241955
0.999999881 -0.000268148 -0.000482726 -0.022151930 0.000264525 0.999971986 -0.007489295 -0.109754376 0.000484721 0.007489166 0.999971807 6.945177555
0.999999881 0.000445995 -0.000300208 -0.022311743 -0.000447884 0.999979913 -0.006321841 -0.109298617 0.000297382 0.006321975 0.999979973 6.996973038
0.999981403 0.006046848 0.000757048 -0.025035501 -0.006044085 0.999975264 -0.003599707 -0.111244753 -0.000778797 0.003595063 0.999993205 7.051996231
0.999973476 0.007143265 0.001433812 -0.025434185 -0.007140192 0.999972284 -0.002136785 -0.111674085 -0.001449035 0.002126490 0.999996662 7.102915287
0.999980807 0.006100461 0.001087901 -0.025908578 -0.006099637 0.999981165 -0.000759504 -0.113293812 -0.001092513 0.000752854 0.999999046 7.157834530
0.999990940 0.004131828 0.000989801 -0.025501944 -0.004131901 0.999991417 0.000072005 -0.113954239 -0.000989495 -0.000076094 0.999999523 7.211805344
0.999996424 0.002209384 0.001501156 -0.025846921 -0.002210168 0.999997318 0.000520530 -0.114927612 -0.001500003 -0.000523846 0.999998748 7.265642643
0.999999106 -0.000895290 0.000958571 -0.025472056 0.000895409 0.999999523 -0.000122701 -0.115040451 -0.000958461 0.000123559 0.999999583 7.320083141
0.999986291 -0.005000081 0.001545248 -0.025279051 0.004997415 0.999986053 0.001723972 -0.116559051 -0.001553846 -0.001716226 0.999997318 7.372429848
0.999962091 -0.008396866 0.002291589 -0.025394810 0.008389283 0.999959469 0.003298239 -0.117257118 -0.002319191 -0.003278889 0.999991894 7.424978733
0.999933004 -0.011095462 0.003309782 -0.026054831 0.011085663 0.999934196 0.002964865 -0.117713638 -0.003342460 -0.002927975 0.999990106 7.478118420
0.999948621 -0.009763892 0.002722094 -0.025347631 0.009766783 0.999951780 -0.001050577 -0.118915685 -0.002711705 0.001077108 0.999995768 7.534168243
0.999990761 -0.003616162 0.002331781 -0.025002444 0.003630357 0.999974728 -0.006112355 -0.119677417 -0.002309619 0.006120764 0.999978662 7.588908195
0.999969661 0.006708451 0.003961951 -0.025380865 -0.006683498 0.999957979 -0.006277907 -0.121115178 -0.004003900 0.006251237 0.999972403 7.643246174
0.999884009 0.014126793 0.005696045 -0.026824310 -0.014111611 0.999896884 -0.002696756 -0.121921688 -0.005733552 0.002616063 0.999980092 7.698302269
0.999857903 0.015431775 0.006789556 -0.027530055 -0.015425234 0.999880552 -0.001014632 -0.122722723 -0.006804402 0.000909757 0.999976456 7.753470898
0.999889076 0.013484081 0.006329934 -0.027780093 -0.013481435 0.999909043 -0.000460725 -0.123324893 -0.006335571 0.000375337 0.999979854 7.807950020
0.999933839 0.010462604 0.004775245 -0.026457421 -0.010462075 0.999945283 -0.000135448 -0.124638326 -0.004776401 0.000085481 0.999988616 7.863787651
0.999954641 0.008625742 0.004038566 -0.026764818 -0.008621568 0.999962330 -0.001049244 -0.125323191 -0.004047465 0.001014378 0.999991357 7.919982910
0.999953628 0.008950015 0.003556476 -0.027062401 -0.008946240 0.999959469 -0.001075575 -0.126521617 -0.003565959 0.001043708 0.999993205 7.975308895
0.999941468 0.010318765 0.003229222 -0.026681058 -0.010315049 0.999946117 -0.001165783 -0.127425000 -0.003241077 0.001132405 0.999994099 8.029948235
0.999926388 0.011652333 0.003365367 -0.027197424 -0.011651544 0.999932170 -0.000253534 -0.128773257 -0.003368092 0.000214304 0.999994278 8.085668564
0.999936700 0.010913044 0.002726311 -0.026979314 -0.010912179 0.999940395 -0.000332050 -0.129898652 -0.002729772 0.000302279 0.999996245 8.142060280
0.999942958 0.010408388 0.002397142 -0.026776509 -0.010404734 0.999944687 -0.001532405 -0.130399048 -0.002412959 0.001507376 0.999995887 8.197186470
0.999947071 0.009987621 0.002459483 -0.027038988 -0.009983193 0.999948561 -0.001805641 -0.131419122 -0.002477391 0.001780992 0.999995291 8.252152443
0.999942839 0.010519874 0.001907839 -0.027508771 -0.010514702 0.999941111 -0.002701735 -0.131952733 -0.001936148 0.002681520 0.999994516 8.308399200
0.999945998 0.010297075 0.001411344 -0.027309908 -0.010293669 0.999944150 -0.002398068 -0.133245915 -0.001435959 0.002383411 0.999996126 8.366211891
0.999948800 0.010062438 0.001115482 -0.027777063 -0.010059457 0.999945939 -0.002646843 -0.134365246 -0.001142055 0.002635486 0.999995887 8.423440933
0.999926388 0.012129476 0.000417548 -0.027142458 -0.012127884 0.999919891 -0.003623458 -0.135102376 -0.000461465 0.003618127 0.999993324 8.480791092
0.999944806 0.010498824 -0.000093925 -0.027299127 -0.010499034 0.999941468 -0.002619578 -0.136667132 0.000066417 0.002620418 0.999996543 8.536585808
0.999936879 0.011233430 -0.000158951 -0.027805695 -0.011233902 0.999931335 -0.003357686 -0.137100533 0.000121222 0.003359260 0.999994338 8.593884468
0.999950349 0.009951435 0.000286330 -0.029046791 -0.009950310 0.999943674 -0.003691878 -0.137578323 -0.000323054 0.003688846 0.999993086 8.649868011
0.999965787 0.008256714 -0.000525824 -0.028259719 -0.008258236 0.999961495 -0.002964962 -0.139796570 0.000501323 0.002969203 0.999995410 8.707058907
0.999974787 0.007106538 -0.000002222 -0.029140674 -0.007106521 0.999971509 -0.002546144 -0.140886009 -0.000015872 0.002546096 0.999996722 8.765293121
0.999987125 0.005036114 -0.000601506 -0.028449100 -0.005037237 0.999985635 -0.001880653 -0.141920984 0.000592026 0.001883659 0.999998033 8.821593285
0.999981463 0.006089351 0.000135313 -0.029492285 -0.006089087 0.999979675 -0.001870206 -0.142966092 -0.000146698 0.001869347 0.999998271 8.878521919
0.999980509 0.006243157 0.000068591 -0.029961020 -0.006242988 0.999978006 -0.002245374 -0.143921554 -0.000082607 0.002244902 0.999997437 8.935877800
0.999980390 0.006262761 -0.000090982 -0.029785277 -0.006262939 0.999978185 -0.002102681 -0.145808250 0.000077812 0.002103210 0.999997795 8.993671417
0.999967933 0.007901798 0.001306447 -0.031455733 -0.007898954 0.999966443 -0.002168006 -0.146051347 -0.001323535 0.002157618 0.999996841 9.053287506
0.999971330 0.007545867 0.000538803 -0.030158643 -0.007545823 0.999971509 -0.000082370 -0.146716759 -0.000539409 0.000078301 0.999999821 9.110469818
0.999968350 0.007732347 0.001839127 -0.031061087 -0.007733297 0.999969959 0.000509215 -0.148159280 -0.001835134 -0.000523421 0.999998152 9.168679237
0.999957323 0.008573545 0.003440571 -0.032294501 -0.008568969 0.999962389 -0.001342906 -0.149012834 -0.003451955 0.001313367 0.999993145 9.226886749
0.999959528 0.007985489 0.004124018 -0.033143405 -0.007977428 0.999966264 -0.001967083 -0.150976166 -0.004139587 0.001934104 0.999989569 9.285814285
0.999955058 0.008824936 0.003449316 -0.031451166 -0.008818542 0.999959350 -0.001864418 -0.151303649 -0.003465629 0.001833916 0.999992311 9.340287209
0.999958634 0.008483845 0.003262209 -0.031983346 -0.008481003 0.999963701 -0.000883726 -0.152242184 -0.003269587 0.000856023 0.999994338 9.399090767
0.999957383 0.008748449 0.002938737 -0.031839203 -0.008747348 0.999961674 -0.000387278 -0.153473094 -0.002942013 0.000361555 0.999995589 9.456225395
0.999949992 0.009536989 0.002999651 -0.032304090 -0.009536061 0.999954522 -0.000323451 -0.154481307 -0.003002599 0.000294830 0.999995410 9.514768600
0.999938250 0.010816713 0.002577116 -0.032097302 -0.010815138 0.999941289 -0.000624324 -0.155217260 -0.002583718 0.000596413 0.999996424 9.573559761
0.999922693 0.011944079 0.003458518 -0.032704957 -0.011943040 0.999928653 -0.000321277 -0.156459957 -0.003462109 0.000279946 0.999993920 9.629032135
0.999923527 0.011765251 0.003800611 -0.033227853 -0.011765053 0.999930799 -0.000074435 -0.157152474 -0.003801223 0.000029715 0.999992728 9.686225891
0.999930680 0.011409079 0.002877821 -0.032407299 -0.011407052 0.999934673 -0.000719343 -0.157931000 -0.002885840 0.000686466 0.999995649 9.746046066
0.999961972 0.008012818 0.003419566 -0.033204105 -0.008015750 0.999967456 0.000844611 -0.159273133 -0.003412688 -0.000871989 0.999993742 9.803009033
0.999979436 0.005964650 0.002346927 -0.032400712 -0.005968642 0.999980688 0.001698478 -0.160215467 -0.002336751 -0.001712451 0.999995768 9.862020493
0.999981940 0.004290674 0.004181790 -0.033646259 -0.004294770 0.999990344 0.000971519 -0.160953268 -0.004177581 -0.000989461 0.999990761 9.919704437
0.999992192 0.002658212 0.002963513 -0.033258148 -0.002659202 0.999996424 0.000329921 -0.162279904 -0.002962626 -0.000337799 0.999995530 9.977996826
0.999995947 0.000543743 0.002793395 -0.032494590 -0.000547799 0.999998808 0.001451648 -0.162541255 -0.002792603 -0.001453172 0.999995053 10.037276268
0.999994040 -0.001624084 0.003042020 -0.032304138 0.001611905 0.999990761 0.004001808 -0.164215907 -0.003048491 -0.003996880 0.999987423 10.094921112
0.999989271 -0.002370215 0.003977461 -0.032377571 0.002360451 0.999994218 0.002457800 -0.164197981 -0.003983264 -0.002448385 0.999989033 10.152688026
0.999989390 0.000112201 0.004587924 -0.032293480 -0.000122760 0.999997377 0.002301141 -0.166172147 -0.004587654 -0.002301680 0.999986827 10.209854126
0.999985635 -0.001150301 0.005240174 -0.033206578 0.001140817 0.999997735 0.001812448 -0.166680425 -0.005242246 -0.001806444 0.999984622 10.268573761
0.999985516 -0.001754001 0.005071084 -0.031891748 0.001744894 0.999996841 0.001799624 -0.166728750 -0.005074225 -0.001790749 0.999985456 10.329052925
0.999981403 -0.002893764 0.005373043 -0.029968873 0.002882521 0.999993682 0.002098959 -0.166380480 -0.005379083 -0.002083432 0.999983311 10.383812904
0.999961674 0.003571193 0.007986282 -0.032862991 -0.003576729 0.999993384 0.000678942 -0.168947861 -0.007983805 -0.000707481 0.999967873 10.444278717
0.999957323 0.003393811 0.008589087 -0.032978438 -0.003398159 0.999994099 0.000491771 -0.169288605 -0.008587367 -0.000520937 0.999962986 10.503505707
0.999966681 0.001833817 0.007957537 -0.031612225 -0.001838043 0.999998152 0.000523846 -0.170273170 -0.007956562 -0.000538455 0.999968171 10.562413216
0.999938548 0.003295368 0.010587887 -0.033292681 -0.003294796 0.999994576 -0.000071423 -0.172457606 -0.010588064 0.000036534 0.999943912 10.620482445
0.999940157 0.001826954 0.010785700 -0.032381989 -0.001825181 0.999998450 -0.000174203 -0.171834126 -0.010786002 0.000154507 0.999941826 10.679544449
0.999933302 -0.001362898 0.011470051 -0.032641053 0.001356736 0.999998927 0.000545033 -0.172048301 -0.011470783 -0.000529435 0.999934077 10.737575531
0.999925673 0.000292547 0.012184786 -0.031818718 -0.000298830 0.999999821 0.000513783 -0.173206538 -0.012184632 -0.000517386 0.999925613 10.797026634
0.999936044 -0.001105429 0.011253079 -0.031115651 0.001118164 0.999998748 -0.001125470 -0.174748212 -0.011251820 0.001137981 0.999936044 10.855099678
0.999926090 -0.001492423 0.012063419 -0.032465190 0.001540450 0.999990940 -0.003972960 -0.175438508 -0.012057380 0.003991249 0.999919295 10.915130615
0.999939442 -0.000955239 0.010961454 -0.030295089 0.000997563 0.999992073 -0.003856366 -0.176777512 -0.010957683 0.003867067 0.999932468 10.973565102
0.999946654 -0.002404862 0.010044468 -0.030402094 0.002444509 0.999989331 -0.003936733 -0.177802667 -0.010034893 0.003961077 0.999941766 11.034933090
0.999955297 -0.002938055 0.008980352 -0.029090010 0.002979266 0.999985099 -0.004579106 -0.178966582 -0.008966764 0.004605656 0.999949217 11.091303825
0.999962926 -0.001688607 0.008438557 -0.029162861 0.001731119 0.999985814 -0.005033159 -0.179949284 -0.008429940 0.005047581 0.999951780 11.151242256
0.999966621 -0.000210936 0.008169747 -0.028885819 0.000246652 0.999990344 -0.004370946 -0.181254640 -0.008168745 0.004372814 0.999957085 11.209584236
0.999974966 -0.002333977 0.006692593 -0.028536953 0.002359309 0.999990046 -0.003779562 -0.182568043 -0.006683704 0.003795257 0.999970436 11.268922806
0.999982178 -0.001844080 0.005673332 -0.028106578 0.001859574 0.999994576 -0.002726934 -0.183866456 -0.005668272 0.002737435 0.999980211 11.326842308
0.999983788 -0.000774068 0.005626582 -0.029377155 0.000786557 0.999997258 -0.002217637 -0.183809683 -0.005624850 0.002222027 0.999981701 11.385457039
0.999980927 0.000245776 0.006167757 -0.028592505 -0.000236638 0.999998868 -0.001482182 -0.185334444 -0.006168114 0.001480694 0.999979854 11.445034981
0.999972224 0.002037663 0.007169666 -0.028828353 -0.002022399 0.999995708 -0.002135636 -0.186224654 -0.007173987 0.002121077 0.999972045 11.504140854
0.999969780 -0.000643224 0.007738343 -0.028919026 0.000656463 0.999998271 -0.001708402 -0.187714592 -0.007737232 0.001713431 0.999968588 11.562981606
0.999966979 -0.002570133 0.007701926 -0.028271757 0.002590457 0.999993205 -0.002630085 -0.188590929 -0.007695114 0.002649950 0.999966860 11.621870041
0.999964476 -0.003702660 0.007567049 -0.027278662 0.003736715 0.999982953 -0.004491320 -0.190020412 -0.007550289 0.004519437 0.999961257 11.680694580
0.999956846 -0.004693143 0.008016140 -0.027703881 0.004738593 0.999972880 -0.005660426 -0.190783769 -0.007989356 0.005698167 0.999951839 11.741841316
0.999978065 -0.003478423 0.005631234 -0.027348399 0.003515559 0.999972105 -0.006598330 -0.192077994 -0.005608122 0.006617983 0.999962389 11.801997185
0.999988556 -0.002740637 0.003916965 -0.027633354 0.002763978 0.999978304 -0.005965802 -0.193249643 -0.003900530 0.005976560 0.999974549 11.861863136
0.999993384 -0.002243308 0.002840915 -0.026825465 0.002250019 0.999994636 -0.002361288 -0.194680303 -0.002835602 0.002367664 0.999993145 11.922439575
0.999987662 -0.002849096 0.004062279 -0.027634706 0.002848340 0.999995947 0.000191908 -0.195389122 -0.004062809 -0.000180335 0.999991715 11.983362198
0.999984205 -0.003956814 0.003992208 -0.027615171 0.003952760 0.999991655 0.001023207 -0.196419284 -0.003996223 -0.001007411 0.999991536 12.045280457
0.999980152 -0.004438118 0.004471553 -0.027509093 0.004439664 0.999990106 -0.000335591 -0.197202548 -0.004470020 0.000355437 0.999989867 12.105700493
0.999979079 -0.004595692 0.004549603 -0.027074441 0.004596525 0.999989450 -0.000172480 -0.198494688 -0.004548762 0.000193389 0.999989569 12.166611671
0.999973238 -0.005563790 0.004747625 -0.026994068 0.005563008 0.999984503 0.000178027 -0.199355319 -0.004748540 -0.000151611 0.999988735 12.227862358
0.999970615 -0.005907393 0.004885046 -0.026730236 0.005905705 0.999982476 0.000360001 -0.200662017 -0.004887087 -0.000331140 0.999988079 12.288861275
0.999977767 -0.003002199 0.005944810 -0.026816212 0.003011135 0.999994338 -0.001494778 -0.201189622 -0.005940289 0.001512646 0.999981225 12.349710464
0.999976754 -0.001955525 0.006529593 -0.027073748 0.001970293 0.999995530 -0.002256029 -0.202288061 -0.006525152 0.002268842 0.999976158 12.410870552
0.999967098 -0.003879037 0.007126886 -0.026070200 0.003875859 0.999992371 0.000459594 -0.203952998 -0.007128614 -0.000431956 0.999974430 12.470726013
0.999951959 -0.005337587 0.008227826 -0.028048038 0.005322387 0.999984086 0.001868071 -0.205491990 -0.008237666 -0.001824190 0.999964356 12.528327942
0.999961197 -0.005348732 0.006997644 -0.025396861 0.005350052 0.999985695 -0.000169899 -0.206154302 -0.006996635 0.000207330 0.999975502 12.591596603
0.999966085 -0.004812283 0.006680364 -0.024822116 0.004809899 0.999988317 0.000372832 -0.207242444 -0.006682080 -0.000340688 0.999977648 12.652847290
0.999974668 -0.002235972 0.006764803 -0.025111511 0.002251014 0.999995053 -0.002216703 -0.208001032 -0.006759812 0.002231875 0.999974728 12.712609291
0.999981761 -0.000552465 0.006000604 -0.024950184 0.000583182 0.999986708 -0.005118445 -0.209383637 -0.005997696 0.005121851 0.999968886 12.770959854
0.999985516 0.001058734 0.005266956 -0.024493568 -0.001032815 0.999987364 -0.004921307 -0.210426927 -0.005272099 0.004915797 0.999974012 12.830917358
0.999990165 0.001079322 0.004303708 -0.024995591 -0.001075435 0.999999106 -0.000905392 -0.212110773 -0.004304681 0.000900755 0.999990344 12.889768600
0.999992311 0.002116355 0.003302553 -0.025080688 -0.002124525 0.999994695 0.002472194 -0.213572279 -0.003297303 -0.002479192 0.999991536 12.949938774
0.999994695 0.002711527 0.001772171 -0.025093868 -0.002712705 0.999996126 0.000662560 -0.214225441 -0.001770368 -0.000667364 0.999998212 13.010228157
0.999997556 0.002159579 0.000353086 -0.025751170 -0.002159251 0.999997258 -0.000928839 -0.215138882 -0.000355091 0.000928074 0.999999523 13.068778992
0.999998093 0.000769361 -0.001783868 -0.025545530 -0.000768570 0.999999583 0.000444275 -0.216406822 0.001784209 -0.000442903 0.999998331 13.128409386
0.999996483 -0.000678456 -0.002584149 -0.025996804 0.000681098 0.999999285 0.001021478 -0.217728883 0.002583454 -0.001023235 0.999996185 13.188057899
0.999995232 -0.000895403 -0.002961637 -0.026351798 0.000896523 0.999999523 0.000376881 -0.218725890 0.002961299 -0.000379534 0.999995530 13.246706009
0.999991953 -0.001852139 -0.003559473 -0.026678618 0.001849128 0.999997973 -0.000849221 -0.219347894 0.003561038 0.000842633 0.999993324 13.307450294
0.999991775 -0.002033282 -0.003501016 -0.027395802 0.002030780 0.999997675 -0.000718103 -0.220585406 0.003502468 0.000710987 0.999993563 13.366065025
0.999990046 -0.003042955 -0.003273618 -0.028197875 0.003038311 0.999994397 -0.001422674 -0.221186236 0.003277929 0.001412714 0.999993622 13.424866676
0.999989986 -0.002931230 -0.003382814 -0.028320337 0.002925583 0.999994338 -0.001672771 -0.222668722 0.003387698 0.001662856 0.999992847 13.485695839
0.999994099 -0.002200688 -0.002664530 -0.029339015 0.002194446 0.999994814 -0.002343353 -0.223963708 0.002669674 0.002337492 0.999993682 13.544461250
0.999986470 -0.003857720 -0.003473007 -0.028910693 0.003851122 0.999990702 -0.001904686 -0.225273058 0.003480323 0.001891285 0.999992132 13.604539871
0.999987245 -0.003490861 -0.003635190 -0.029232236 0.003481401 0.999990523 -0.002605407 -0.226565182 0.003644251 0.002592718 0.999989986 13.663898468
0.999981046 -0.004954850 -0.003662729 -0.029361650 0.004939647 0.999979198 -0.004148404 -0.227641821 0.003683207 0.004130234 0.999984682 13.723886490
0.999981642 -0.004789436 -0.003721301 -0.029170644 0.004781654 0.999986351 -0.002097508 -0.229124308 0.003731296 0.002079675 0.999990821 13.781994820
0.999961674 -0.008031827 -0.003501360 -0.030254822 0.008024792 0.999965727 -0.002018454 -0.229512468 0.003517452 0.001990279 0.999991834 13.843347549
0.999950528 -0.009066291 -0.004096096 -0.030003246 0.009056700 0.999956191 -0.002354402 -0.231093451 0.004117262 0.002317188 0.999988854 13.903637886
0.999970913 -0.007162421 -0.002654514 -0.031683035 0.007154065 0.999969363 -0.003144084 -0.231847420 0.002676951 0.003125002 0.999991536 13.963528633
0.999974728 -0.006312162 -0.003261202 -0.031406667 0.006307094 0.999978840 -0.001561919 -0.233893931 0.003270992 0.001541311 0.999993384 14.023283958
0.999978840 -0.005427723 -0.003573175 -0.031587340 0.005426489 0.999985218 -0.000355235 -0.235166490 0.003575050 0.000335838 0.999993563 14.083916664
0.999973476 -0.006324615 -0.003605114 -0.031975374 0.006322293 0.999979794 -0.000655118 -0.236314446 0.003609185 0.000632308 0.999993265 14.144521713
0.999978423 -0.006078559 -0.002492350 -0.032957967 0.006074801 0.999980390 -0.001512587 -0.237519145 0.002501495 0.001497414 0.999995708 14.203998566
0.999987304 -0.004808437 -0.001542544 -0.034045640 0.004803531 0.999983430 -0.003169148 -0.237919822 0.001557757 0.003161698 0.999993801 14.264822006
0.999982178 -0.005548747 -0.002205277 -0.033791251 0.005544395 0.999982655 -0.001974784 -0.239651397 0.002216197 0.001962522 0.999995530 14.324325562
0.999993086 -0.003489004 -0.001263480 -0.035102569 0.003486024 0.999991119 -0.002352654 -0.240412131 0.001271677 0.002348234 0.999996364 14.385462761
0.999991834 -0.003545886 -0.001928261 -0.034752123 0.003543436 0.999992907 -0.001272768 -0.241653442 0.001932760 0.001265925 0.999997318 14.445355415
0.999998689 -0.000616851 -0.001426026 -0.035745062 0.000612627 0.999995410 -0.002960267 -0.242725715 0.001427845 0.002959390 0.999994576 14.506530762
0.999999762 -0.000032424 -0.000663676 -0.035737149 0.000030594 0.999996185 -0.002756028 -0.244253024 0.000663763 0.002756007 0.999995947 14.564992905
0.999997973 -0.001289381 -0.001503255 -0.035340153 0.001285674 0.999996126 -0.002464602 -0.245244056 0.001506426 0.002462665 0.999995828 14.626237869
0.999998987 0.001090432 -0.000910170 -0.035719320 -0.001091803 0.999998271 -0.001507595 -0.246473908 0.000908524 0.001508587 0.999998450 14.684995651
