0.999994993 -0.002022616 -0.002417322 0.001381862 0.002030437 0.999992669 0.003237325 -0.001287410 0.002410758 -0.003242217 0.999991894 0.059441701
0.999996722 -0.002224732 0.001265785 -0.004573625 0.002221470 0.999994338 0.002572357 -0.000518009 -0.001271504 -0.002569537 0.999995887 0.114635602
0.999990702 -0.001573013 -0.004020588 -0.001279710 0.001585659 0.999993801 0.003144083 -0.001602737 0.004015615 -0.003150429 0.999987006 0.172914520
0.999985874 -0.000659012 -0.005274205 -0.002149152 0.000676131 0.999994576 0.003244789 -0.002465398 0.005272036 -0.003248309 0.999980867 0.230064765
0.999977410 -0.001000524 -0.006648177 -0.002754044 0.001023398 0.999993622 0.003438196 -0.003130363 0.006644694 -0.003444923 0.999971926 0.287199706
0.999964058 -0.001342183 -0.008377257 -0.003638114 0.001376722 0.999990582 0.004118477 -0.003964144 0.008371647 -0.004129862 0.999956369 0.344163537
0.999962270 -0.002865347 -0.008208227 -0.005723274 0.002886857 0.999992430 0.002609920 -0.004055198 0.008200683 -0.002633518 0.999962926 0.398682624
0.999930441 -0.004269569 -0.010998460 -0.005613707 0.004311725 0.999983490 0.003811958 -0.005468316 0.010982005 -0.003859116 0.999932230 0.457180768
0.999926269 -0.003794807 -0.011540548 -0.006581943 0.003834579 0.999986887 0.003426119 -0.006066402 0.011527395 -0.003470121 0.999927580 0.511209249
0.999900758 -0.003115295 -0.013742274 -0.007351786 0.003169730 0.999987185 0.003941111 -0.006896553 0.013729822 -0.003984279 0.999897838 0.570124090
0.999909818 -0.001443361 -0.013352654 -0.008461717 0.001495565 0.999991298 0.003900412 -0.007254952 0.013346910 -0.003920031 0.999903321 0.623221338
0.999891758 -0.000120819 -0.014712912 -0.009328770 0.000195973 0.999986887 0.005106741 -0.007893078 0.014712105 -0.005109072 0.999878705 0.681902885
0.999886632 0.000674283 -0.015045656 -0.010352432 -0.000585509 0.999982417 0.005903926 -0.008223614 0.015049374 -0.005894447 0.999869406 0.734561801
0.999879420 0.001176082 -0.015487907 -0.011929755 -0.001084399 0.999981999 0.005926717 -0.008788293 0.015494595 -0.005909207 0.999862552 0.793080032
0.999884546 0.001991041 -0.015067219 -0.013019018 -0.001901421 0.999980509 0.005960031 -0.009146372 0.015078791 -0.005930693 0.999868810 0.844201386
0.999863863 0.002671774 -0.016282026 -0.013914156 -0.002568988 0.999976575 0.006330514 -0.009271625 0.016298559 -0.006287823 0.999847412 0.903973162
0.999864936 0.003722096 -0.016007708 -0.014906110 -0.003608882 0.999968290 0.007095555 -0.009459507 0.016033610 -0.007036826 0.999846756 0.954475582
0.999862790 0.004330831 -0.015988659 -0.016156079 -0.004231924 0.999971807 0.006214710 -0.010154834 0.016015118 -0.006146195 0.999852896 1.012641668
0.999869466 0.005065084 -0.015341519 -0.017617704 -0.005005332 0.999979794 0.003930690 -0.010449169 0.015361115 -0.003853387 0.999874651 1.062465668
0.999887228 0.002633939 -0.014789503 -0.018496398 -0.002591088 0.999992549 0.002915832 -0.010415152 0.014797071 -0.002877183 0.999886453 1.112558007
0.999883950 0.002427297 -0.015046604 -0.019628448 -0.002331655 0.999976993 0.006370674 -0.011522243 0.015061717 -0.006334850 0.999866545 1.175160408
0.999891043 0.000893702 -0.014739040 -0.021022679 -0.000776739 0.999968231 0.007939476 -0.012065887 0.014745663 -0.007927162 0.999859929 1.224290371
0.999887347 -0.000041590 -0.015020751 -0.021375487 0.000146592 0.999975622 0.006989428 -0.012363335 0.015020090 -0.006990840 0.999862790 1.273494124
0.999897122 0.000483862 -0.014336744 -0.022454662 -0.000410935 0.999986947 0.005089220 -0.012779495 0.014339012 -0.005082807 0.999884248 1.332811356
0.999903798 0.001145847 -0.013824600 -0.023702186 -0.001089134 0.999990940 0.004109146 -0.013117392 0.013829175 -0.004093694 0.999896049 1.379858255
0.999917626 0.001428471 -0.012757197 -0.024717677 -0.001386786 0.999993682 0.003275761 -0.013562381 0.012761788 -0.003257800 0.999913275 1.425812125
0.999929309 0.003326104 -0.011419194 -0.025666099 -0.003275628 0.999984920 0.004436179 -0.014323981 0.011433778 -0.004398460 0.999925017 1.483306170
0.999945581 0.002898035 -0.010025754 -0.026160199 -0.002833227 0.999975085 0.006472379 -0.015079142 0.010044265 -0.006443621 0.999928832 1.528474450
0.999961972 0.001294852 -0.008635315 -0.026291626 -0.001232038 0.999972761 0.007275426 -0.015384916 0.008644503 -0.007264510 0.999936283 1.573204279
0.999974370 0.003398734 -0.006294010 -0.027173761 -0.003347871 0.999961793 0.008074232 -0.015856035 0.006321213 -0.008052955 0.999947608 1.629335642
0.999988556 0.003904645 -0.002758304 -0.027674697 -0.003883253 0.999962628 0.007718526 -0.016424246 0.002788341 -0.007707727 0.999966443 1.671977401
0.999995768 0.002894110 -0.000117590 -0.027572006 -0.002893414 0.999980390 0.005543277 -0.016806388 0.000133631 -0.005542913 0.999984682 1.713045001
0.999990761 0.002102223 0.003771625 -0.027559362 -0.002117210 0.999989867 0.003973977 -0.017442290 -0.003763234 -0.003981925 0.999985039 1.767937660
0.999964774 0.002595266 0.007990812 -0.027467338 -0.002631751 0.999986112 0.004558743 -0.018001417 -0.007978872 -0.004579612 0.999957740 1.808615685
0.999909520 0.002504746 0.013224799 -0.027364437 -0.002569550 0.999984860 0.004885475 -0.018766126 -0.013212362 -0.004919015 0.999900639 1.849932432
0.999791503 0.003944463 0.020042496 -0.026650850 -0.004005233 0.999987483 0.002992729 -0.018918939 -0.020030441 -0.003072379 0.999794662 1.903702497
0.999601722 0.005298333 0.027719762 -0.026133616 -0.005386156 0.999980748 0.003094516 -0.019510260 -0.027702834 -0.003242586 0.999610901 1.944083095
0.999332190 0.006321282 0.035989642 -0.024984412 -0.006471985 0.999970853 0.004072437 -0.020041343 -0.035962846 -0.004302642 0.999343753 1.983572721
0.998878837 0.007879171 0.046679318 -0.024212562 -0.008128121 0.999953687 0.005145814 -0.021296091 -0.046636611 -0.005519460 0.998896658 2.023122549
0.998192251 0.010328577 0.059207659 -0.020969428 -0.010604789 0.999934375 0.004352832 -0.020941585 -0.059158813 -0.004972848 0.998236179 2.077076912
0.997152388 0.013526386 0.074189603 -0.018784061 -0.013958571 0.999888539 0.005309995 -0.021570558 -0.074109495 -0.006330455 0.997229993 2.114692688
0.995736599 0.015383878 0.090950921 -0.016339377 -0.016002076 0.999853551 0.006071686 -0.021473289 -0.090844184 -0.007501203 0.995836914 2.152511597
0.994016409 0.015620926 0.108108610 -0.012239680 -0.016462473 0.999840736 0.006896098 -0.021853574 -0.107983671 -0.008634569 0.994115114 2.188794851
0.991762042 0.016045392 0.127085209 -0.006321549 -0.016893856 0.999841511 0.005601261 -0.021749396 -0.126975223 -0.007702078 0.991875947 2.241175175
0.988996744 0.014709304 0.147204727 -0.001117736 -0.015549553 0.999868631 0.004558864 -0.022026941 -0.147118345 -0.006797669 0.989095509 2.276618719
0.985677242 0.012530800 0.168176293 0.004711330 -0.013395559 0.999902129 0.004008428 -0.021923814 -0.168109640 -0.006203832 0.985748768 2.312436104
0.982051253 0.006032349 0.188517839 0.011619866 -0.007313814 0.999954522 0.006102686 -0.022480510 -0.188472494 -0.007371936 0.982050717 2.342931509
0.977000773 0.002494651 0.213220954 0.021522313 -0.004199133 0.999962687 0.007541463 -0.022979861 -0.213194236 -0.008263361 0.976974845 2.396677971
0.971402168 -0.001708876 0.237434268 0.030094683 0.000007211 0.999974310 0.007167575 -0.023320246 -0.237440407 -0.006960887 0.971377134 2.431929827
0.964972198 -0.009063486 0.262195498 0.039342821 0.008121826 0.999956012 0.004674949 -0.023378083 -0.262226343 -0.002381690 0.965003431 2.465287685
0.957433164 -0.011868578 0.288410962 0.049021125 0.010691503 0.999926865 0.005656201 -0.023660934 -0.288456976 -0.002331889 0.957489967 2.496483326
0.948911905 -0.014490700 0.315208912 0.063601851 0.012762261 0.999890029 0.007546903 -0.023942452 -0.315283656 -0.003138566 0.948992312 2.541987419
0.939127445 -0.019437989 0.343018860 0.074833274 0.016927874 0.999803483 0.010310637 -0.024145596 -0.343151867 -0.003876422 0.939271986 2.572928905
0.928162694 -0.022360252 0.371502817 0.086936116 0.020081710 0.999748290 0.010001369 -0.024622023 -0.371632934 -0.001822485 0.928377867 2.603458881
0.915623784 -0.021752914 0.401447684 0.098797679 0.020961685 0.999760091 0.006363668 -0.025210977 -0.401489794 0.002588293 0.915859818 2.633996964
0.903051853 -0.022337109 0.428950340 0.119682193 0.024491556 0.999699950 0.000497172 -0.025134163 -0.428832650 0.010056688 0.903327942 2.675199747
0.888697207 -0.024211112 0.457854778 0.134335816 0.028318815 0.999596775 -0.002108754 -0.025248757 -0.457619071 0.014839948 0.889024496 2.703877449
0.873124242 -0.024982706 0.486857206 0.150318742 0.027686918 0.999615312 0.001641085 -0.026334239 -0.486710906 0.012046703 0.873480082 2.731896639
0.855298042 -0.023181498 0.517617524 0.167188168 0.023493107 0.999706328 0.005952426 -0.025385285 -0.517603517 0.007069346 0.855591357 2.760445356
0.835015416 -0.023142675 0.549739778 0.184010506 0.021025205 0.999727428 0.010150254 -0.026419440 -0.549824834 0.003082774 0.835274220 2.788223028
0.814259887 -0.017811459 0.580227077 0.210620165 0.017968526 0.999823511 0.005475904 -0.027106076 -0.580222309 0.005967018 0.814436257 2.826944590
0.792193711 -0.011477917 0.610161722 0.229797125 0.015927635 0.999871433 -0.001870534 -0.027267769 -0.610061765 0.011200260 0.792274594 2.852375507
0.769473612 -0.008627042 0.638620257 0.249657750 0.014519168 0.999886572 -0.003986799 -0.027749605 -0.638513446 0.012339975 0.769511759 2.877088547
0.746075511 -0.010960068 0.665771186 0.271385670 0.015876351 0.999873042 -0.001331206 -0.027834851 -0.665672004 0.011563199 0.746154904 2.901352406
0.721736252 -0.011215849 0.692077219 0.300254822 0.016240707 0.999867857 -0.000732786 -0.028246647 -0.691977561 0.011768701 0.721823037 2.932409048
0.696345210 -0.009630539 0.717642426 0.322478294 0.017391428 0.999842763 -0.003457728 -0.028864585 -0.717496336 0.014888598 0.696403146 2.954062939
0.670033514 -0.007366644 0.742294312 0.345659971 0.017560702 0.999828219 -0.005928757 -0.029409027 -0.742123008 0.017007677 0.670047760 2.975019455
0.643110752 -0.004705076 0.765758753 0.369494438 0.015627231 0.999853551 -0.006980860 -0.029695585 -0.765613794 0.016456155 0.643090010 2.995057583
0.614509642 -0.003074234 0.788903296 0.401731968 0.015792541 0.999839962 -0.008405244 -0.030348392 -0.788751245 0.017623890 0.614459872 3.021956205
0.586134613 0.003624105 0.810205519 0.427386045 0.014697351 0.999777973 -0.015104719 -0.030809570 -0.810080409 0.020761276 0.585951209 3.039976120
0.555552006 0.012541472 0.831387222 0.452756643 0.013855608 0.999607742 -0.024337707 -0.031770147 -0.831366420 0.025040239 0.555160344 3.057664394
0.525065064 0.021480514 0.850790918 0.480083108 0.013232783 0.999354541 -0.033398010 -0.032052588 -0.850959241 0.028794460 0.524441898 3.074441433
0.492979199 0.026289038 0.869643867 0.517462015 0.010363121 0.999294996 -0.036082942 -0.034050696 -0.869979382 0.026800366 0.492359221 3.097273827
0.460245967 0.025767237 0.887417436 0.546083808 0.008550908 0.999403596 -0.033453695 -0.035476245 -0.887750328 0.022985153 0.459751099 3.112610340
0.427849203 0.024672534 0.903513372 0.575066805 0.004707742 0.999553084 -0.029524423 -0.036215629 -0.903837919 0.016885508 0.427541733 3.125738382
0.392705798 0.026084436 0.919294178 0.613450289 0.000268780 0.999594390 -0.028477728 -0.037890788 -0.919664145 0.011430454 0.392539531 3.144039631
0.357593536 0.028920369 0.933429420 0.644018948 -0.006514835 0.999573350 -0.028473888 -0.039120860 -0.933854699 0.004100938 0.357629329 3.156268358
0.321192294 0.030863693 0.946510971 0.681147754 -0.011287769 0.999522567 -0.028761858 -0.040592536 -0.946946740 -0.001445910 0.321387321 3.170121193
0.285285145 0.030285275 0.957964122 0.713004231 -0.013659426 0.999527574 -0.027531449 -0.041769560 -0.958345413 -0.005230926 0.285564065 3.179735422
0.248713583 0.029782459 0.968119025 0.751371443 -0.013941847 0.999533713 -0.027167160 -0.043176379 -0.968476772 -0.006740528 0.249012813 3.190282345
0.213039279 0.029859150 0.976587296 0.784557879 -0.013136846 0.999530137 -0.027694872 -0.043995861 -0.976955295 -0.006929183 0.213331461 3.197413206
0.177490816 0.028026616 0.983723283 0.823892653 -0.010997132 0.999588609 -0.026494432 -0.045601763 -0.984061003 -0.006115618 0.177726015 3.204891682
0.143089131 0.026985867 0.989341855 0.858048201 -0.002696818 0.999635100 -0.026876591 -0.047031380 -0.989706159 0.001177673 0.143109709 3.209673166
0.109083317 0.030618258 0.993560970 0.897466779 -0.000660422 0.999527633 -0.030729616 -0.048480920 -0.994032443 0.002695919 0.109052017 3.214224100
0.076113984 0.035186451 0.996478081 0.931540906 0.000682525 0.999375105 -0.035340879 -0.049928039 -0.997098923 0.003370055 0.076042406 3.217115402
0.047454249 0.039134469 0.998106420 0.972346365 0.007255789 0.999192536 -0.039522011 -0.051855121 -0.998847067 0.009117537 0.047131978 3.218809128
0.022180729 0.037406225 0.999053895 1.006635904 0.009343728 0.999248445 -0.037620947 -0.053190559 -0.999710262 0.010169350 0.021814547 3.219299316
-0.000287995 0.034594331 0.999401450 1.048936009 0.010841883 0.999342859 -0.034589179 -0.055053338 -0.999941170 0.010825431 -0.000662873 3.219588041
-0.019424673 0.032251842 0.999291062 1.083519220 0.011213869 0.999423742 -0.032038152 -0.056359600 -0.999748349 0.010583588 -0.019775148 3.219271421
-0.036528502 0.035297882 0.998709083 1.118671179 0.012707219 0.999311626 -0.034854401 -0.058023885 -0.999251842 0.011417632 -0.036951892 3.218748331
-0.050281327 0.039821524 0.997940898 1.164467573 0.016522709 0.999101162 -0.039035320 -0.059474405 -0.998598397 0.014525935 -0.050894093 3.215500832
-0.062317710 0.044629496 0.997058094 1.198919654 0.020951562 0.998838067 -0.043399662 -0.061454199 -0.997836411 0.018185349 -0.063180365 3.213249922
-0.071184799 0.048489328 0.996283829 1.234466076 0.026546927 0.998556077 -0.046703119 -0.062809080 -0.997109711 0.023123717 -0.072369270 3.210983276
-0.076703325 0.053464849 0.995619416 1.278651237 0.029296556 0.998250902 -0.051349130 -0.065767072 -0.996623456 0.025229570 -0.078135513 3.206784487
-0.080602735 0.058541186 0.995025694 1.315219641 0.031246312 0.997931540 -0.056181017 -0.067646720 -0.996256530 0.026562538 -0.082265213 3.204309225
-0.083521813 0.062228192 0.994561076 1.348985195 0.033749599 0.997652352 -0.059587359 -0.070032284 -0.995934248 0.028589189 -0.085425913 3.201661110
-0.085821785 0.065359756 0.994164407 1.396134615 0.034088954 0.997454405 -0.062633298 -0.073350787 -0.995727181 0.028514730 -0.087831341 3.197628021
-0.087701477 0.068814926 0.993767142 1.431196213 0.035553966 0.997191668 -0.065914392 -0.075939327 -0.995512128 0.029551579 -0.089901820 3.193942308
-0.090580806 0.072584353 0.993240535 1.467352629 0.036583114 0.996909857 -0.069516219 -0.078746960 -0.995217025 0.030039001 -0.092956260 3.191751003
-0.092651829 0.074002333 0.992944837 1.513897538 0.039372846 0.996726632 -0.070610300 -0.081878550 -0.994919837 0.032552883 -0.095262252 3.187327623
-0.094740063 0.072505780 0.992858231 1.548710227 0.039533056 0.996831417 -0.069023639 -0.084692173 -0.994716883 0.032711409 -0.097306252 3.184003353
-0.096983716 0.071622878 0.992705584 1.585384607 0.039769556 0.996889651 -0.068039425 -0.087904051 -0.994491220 0.032880742 -0.099530473 3.181193352
-0.098975368 0.073520273 0.992370248 1.632769346 0.039082583 0.996784687 -0.069949396 -0.091280170 -0.994322121 0.031861123 -0.101530500 3.175231934
-0.101702765 0.075834692 0.991920233 1.667771220 0.037472352 0.996674776 -0.072356090 -0.093701765 -0.994108915 0.029810764 -0.104206279 3.172072172
-0.104414836 0.077852935 0.991481960 1.705002308 0.035701893 0.996582270 -0.074493594 -0.096870065 -0.993892908 0.027619548 -0.106837451 3.167783022
-0.106469445 0.081082508 0.991004527 1.751958370 0.034080885 0.996381581 -0.077860929 -0.100899130 -0.993731737 0.025484502 -0.108847558 3.162683010
-0.109060936 0.085130997 0.990383029 1.788167477 0.031321295 0.996125638 -0.082175516 -0.104034916 -0.993541539 0.022057937 -0.111304805 3.159346104
-0.112087637 0.087499067 0.989838541 1.825135350 0.028602749 0.995987117 -0.084803656 -0.107250221 -0.993286669 0.018806664 -0.114140548 3.155408621
-0.113680489 0.086050652 0.989783883 1.873313189 0.027025485 0.996141315 -0.083499387 -0.111359671 -0.993149757 0.017257137 -0.115567409 3.148946047
-0.116115376 0.082305618 0.989819705 1.910879493 0.024557628 0.996493936 -0.079979740 -0.114383735 -0.992932141 0.015020743 -0.117729515 3.144208908
-0.119013630 0.080288790 0.989641130 1.947954416 0.024904873 0.996652961 -0.077862613 -0.117792808 -0.992580295 0.015380179 -0.120614886 3.140058756
-0.121210262 0.080828831 0.989330530 1.995620131 0.023758780 0.996629834 -0.078514308 -0.121716596 -0.992342472 0.013988542 -0.122722141 3.134885550
-0.122827396 0.083799720 0.988883793 2.033194065 0.024253570 0.996384501 -0.081422843 -0.124808617 -0.992131591 0.013983002 -0.124415755 3.130441666
-0.123774104 0.086850025 0.988502562 2.070461273 0.024245493 0.996129811 -0.084484287 -0.127890021 -0.992014170 0.013509761 -0.125400811 3.125894785
-0.123397790 0.086914860 0.988543808 2.118808031 0.023159144 0.996137977 -0.084691659 -0.132630095 -0.992086947 0.012443067 -0.124934100 3.119476795
-0.123487636 0.085184276 0.988683164 2.156311035 0.021327458 0.996306419 -0.083177276 -0.136116534 -0.992116868 0.010814735 -0.124848299 3.114991426
-0.122990593 0.084938020 0.988766372 2.195306063 0.016903197 0.996365368 -0.083488248 -0.139303163 -0.992263854 0.006445045 -0.123979278 3.110002041
-0.122138113 0.086155705 0.988766670 2.235188484 0.013163263 0.996278346 -0.085184224 -0.142555758 -0.992425859 0.002611155 -0.122817643 3.104923487
-0.122742429 0.086333342 0.988676310 2.287033558 0.010112923 0.996266186 -0.085740604 -0.147502527 -0.992387056 -0.000525602 -0.123157211 3.098846197
-0.123040535 0.085176222 0.988739669 2.325753450 0.006671154 0.996358454 -0.085002370 -0.151487350 -0.992379308 -0.003862702 -0.123160698 3.093931437
-0.124367736 0.081077524 0.988918126 2.364097595 0.007458987 0.996704221 -0.080777809 -0.154143840 -0.992208123 -0.002669826 -0.124562606 3.090104580
-0.124646410 0.072057888 0.989581227 2.403924704 0.009834324 0.997400105 -0.071388498 -0.157904893 -0.992152512 0.000833541 -0.125030980 3.085677385
-0.124252684 0.066565365 0.990015447 2.457170963 0.014381538 0.997763336 -0.065281332 -0.162292004 -0.992146432 0.006126563 -0.124932103 3.078549385
-0.123019606 0.069349490 0.989978254 2.496019602 0.022266854 0.997497201 -0.067109212 -0.164857075 -0.992154479 0.013787952 -0.124255925 3.072920561
-0.121936150 0.074132763 0.989765644 2.535945892 0.027291149 0.997080326 -0.071318418 -0.168527693 -0.992162764 0.018315544 -0.123603284 3.068206787
-0.120273590 0.080367938 0.989482284 2.586534023 0.031993035 0.996513844 -0.077050239 -0.171740025 -0.992225170 0.022389438 -0.122425511 3.060399771
-0.118905634 0.085154891 0.989247322 2.626552820 0.032360263 0.996118665 -0.081856750 -0.174653590 -0.992378175 0.022279076 -0.121199742 3.055067301
-0.118091010 0.082200162 0.989594698 2.667426109 0.029987220 0.996408701 -0.079187706 -0.178322136 -0.992549956 0.020323837 -0.120131858 3.049604654
-0.119488001 0.077825531 0.989780784 2.718114376 0.029433370 0.996762514 -0.074821271 -0.182444870 -0.992399275 0.020192334 -0.121391848 3.044646263
-0.119296439 0.076472118 0.989909232 2.758972168 0.027904943 0.996893764 -0.073648788 -0.185435981 -0.992466569 0.018837323 -0.121059813 3.039756775
-0.119357303 0.076950498 0.989864826 2.805768967 0.023937387 0.996925414 -0.074612960 -0.188604146 -0.992562711 0.014789174 -0.120832279 3.034414291
-0.119220868 0.081252694 0.989537477 2.845218658 0.025700383 0.996564567 -0.078733258 -0.192669392 -0.992535055 0.016044846 -0.120899484 3.029820204
-0.118442275 0.084458262 0.989362478 2.892752171 0.024943525 0.996314824 -0.082065597 -0.196107000 -0.992647648 0.014958152 -0.120112456 3.024298191
-0.118163288 0.083503149 0.989476919 2.932634830 0.024045859 0.996406496 -0.081216358 -0.199244380 -0.992703021 0.014196030 -0.119746543 3.019777775
-0.117031515 0.076801062 0.990154147 2.981838942 0.026463922 0.996892571 -0.074195817 -0.203434527 -0.992775500 0.017520113 -0.118700288 3.013378620
-0.117759086 0.074999280 0.990206003 3.021137238 0.025726300 0.997039795 -0.072457403 -0.206870422 -0.992708921 0.016941825 -0.119339921 3.008995533
-0.117593475 0.078527726 0.989952207 3.070966005 0.023452865 0.996810138 -0.076285809 -0.210332930 -0.992784977 0.014246497 -0.119060040 3.003376722
-0.117276013 0.081616871 0.989740014 3.111057758 0.022953017 0.996573687 -0.079460666 -0.213543743 -0.992834151 0.013398684 -0.118747540 2.998733759
-0.117754363 0.080628611 0.989764214 3.160904408 0.021653408 0.996670008 -0.078615032 -0.218084574 -0.992806733 0.012174506 -0.119108118 2.993271351
-0.117081471 0.077178113 0.990118921 3.201545238 0.021137018 0.996943653 -0.075210638 -0.221398383 -0.992897451 0.012122391 -0.118354939 2.988255739
-0.116627179 0.076350525 0.990236878 3.251282930 0.021749139 0.996997952 -0.074310310 -0.225230187 -0.992937565 0.012870192 -0.117937632 2.982663393
-0.114962362 0.077134572 0.990370691 3.291948795 0.023885524 0.996907175 -0.074871041 -0.228342786 -0.993082643 0.015048167 -0.116449207 2.977577925
-0.114073575 0.076935276 0.990488887 3.342878342 0.025955852 0.996887386 -0.074442960 -0.232650042 -0.993133128 0.017216999 -0.115715429 2.971760035
-0.113621779 0.076169610 0.990599990 3.383902073 0.025147196 0.996957839 -0.073774092 -0.236126125 -0.993205667 0.016528467 -0.115191579 2.967415094
-0.111963294 0.076823980 0.990738332 3.434369564 0.026229536 0.996888220 -0.074336648 -0.240229219 -0.993366063 0.017663630 -0.113629930 2.961793661
-0.110922590 0.075284511 0.990973532 3.476414204 0.025903109 0.997007012 -0.072843462 -0.243379921 -0.993491352 0.017589308 -0.112540692 2.957199097
-0.109540746 0.075019300 0.991147280 3.527135849 0.024265273 0.997052491 -0.072784491 -0.246980757 -0.993686199 0.016077589 -0.111038230 2.951682329
-0.108023800 0.073536985 0.991424859 3.569034100 0.025533043 0.997136772 -0.071178623 -0.250488013 -0.993820429 0.017625105 -0.109592125 2.947037935
-0.106683694 0.075260475 0.991440654 3.620658159 0.023613697 0.997041762 -0.073144712 -0.254228085 -0.994012594 0.015608229 -0.108145267 2.942230225
-0.106086232 0.077998891 0.991293192 3.662997484 0.023942448 0.996829987 -0.075872302 -0.257533908 -0.994068682 0.015684977 -0.107617430 2.938389063
-0.103870444 0.077686980 0.991552174 3.714799404 0.022082224 0.996879160 -0.075791121 -0.260729611 -0.994345665 0.014023216 -0.105261788 2.932300568
-0.103854120 0.075055987 0.991756499 3.756376982 0.018083327 0.997126222 -0.073568732 -0.265012622 -0.994428158 0.010293839 -0.104912929 2.928540945
-0.103232488 0.076876901 0.991681814 3.808271885 0.015887056 0.997008920 -0.075636037 -0.268378913 -0.994530439 0.007946805 -0.104145065 2.922740698
-0.103064530 0.077249922 0.991670370 3.852053881 0.012767141 0.997000337 -0.076338224 -0.271022260 -0.994592845 0.004793031 -0.103741616 2.918080091
-0.104721539 0.073687389 0.991768003 3.903152466 0.010835282 0.997276545 -0.072952546 -0.275808692 -0.994442523 0.003106378 -0.105234772 2.913402557
-0.106954187 0.072965123 0.991583109 3.946769953 0.009193351 0.997333586 -0.072396666 -0.278913498 -0.994221389 0.001372845 -0.107339785 2.909280539
-0.107210636 0.071552187 0.991658270 3.998466730 0.006178603 0.997435749 -0.071301073 -0.283148170 -0.994217157 -0.001517169 -0.107377805 2.903530121
-0.108622961 0.071586594 0.991502047 4.041056156 0.006262739 0.997433245 -0.071328722 -0.286603570 -0.994063377 -0.001538417 -0.108792461 2.898757458
-0.111379720 0.070726030 0.991258025 4.093505383 0.005123120 0.997492015 -0.070595168 -0.290313035 -0.993764699 -0.002784536 -0.111462682 2.893360376
-0.113378495 0.066016033 0.991356373 4.135888577 0.005574743 0.997816741 -0.065808691 -0.293681443 -0.993536174 -0.001934734 -0.113498971 2.888293028
-0.118712120 0.065805674 0.990745723 4.189478874 0.002378017 0.997817457 -0.065990433 -0.297616422 -0.992926002 -0.005477853 -0.118609510 2.882471085
-0.126102969 0.077061005 0.989019513 4.237198830 0.004538574 0.997012675 -0.077105097 -0.296418369 -0.992006838 -0.005234444 -0.126076028 2.880201340
-0.131317988 0.074962243 0.988502026 4.274488449 -0.001882101 0.997116327 -0.075865500 -0.304261953 -0.991338551 -0.011822968 -0.130798221 2.871897221
-0.139229462 0.071158595 0.987700105 4.331688881 -0.000020229 0.997414708 -0.071861342 -0.308262169 -0.990260184 -0.010025195 -0.138868049 2.863096237
-0.149646640 0.068898350 0.986336052 4.373682976 0.002728096 0.997594237 -0.069270849 -0.311651587 -0.988735795 -0.007675333 -0.149474576 2.856682777
-0.162254170 0.070286058 0.984242618 4.425486088 0.003317173 0.997493207 -0.070685461 -0.315220505 -0.986743331 -0.008204109 -0.162080631 2.848108053
-0.175817192 0.070991546 0.981859744 4.467576981 0.006435349 0.997457981 -0.070967011 -0.318357229 -0.984401703 -0.006158611 -0.175827116 2.840281010
-0.190822259 0.068775691 0.979212344 4.518071651 0.006773085 0.997611225 -0.068748049 -0.322324932 -0.981601298 -0.006486372 -0.190832257 2.831292391
-0.205496967 0.071461983 0.976045072 4.559004307 0.011074371 0.997436404 -0.070696563 -0.325546831 -0.978595138 -0.003718845 -0.205761582 2.822334290
-0.221254617 0.074539185 0.972363293 4.609477997 0.011265286 0.997203529 -0.073880047 -0.329834402 -0.975151002 -0.005392352 -0.221475586 2.811977625
-0.236679673 0.078686930 0.968396127 4.650943756 0.010756887 0.996866286 -0.078371249 -0.333135635 -0.971528172 -0.008131952 -0.236784399 2.802339792
-0.252269596 0.076258272 0.964647412 4.698714256 0.007521034 0.997014344 -0.076850101 -0.337516934 -0.967627764 -0.012131803 -0.252089918 2.789917469
-0.268956691 0.070728868 0.960551679 4.739933968 0.002515113 0.997348249 -0.072734080 -0.341162682 -0.963149011 -0.017146425 -0.268421352 2.779611111
-0.284188986 0.066494055 0.956459761 4.788033009 -0.002064443 0.997547448 -0.069963895 -0.344995737 -0.958766103 -0.021857522 -0.283354759 2.765772343
-0.299594969 0.068396315 0.951611698 4.828112602 -0.002906006 0.997357011 -0.072599113 -0.348109066 -0.954062104 -0.024515718 -0.298604369 2.753690720
-0.313655287 0.069775015 0.946969807 4.875336170 -0.004273932 0.997182667 -0.074890427 -0.352521211 -0.949527323 -0.027537063 -0.312473446 2.738296032
-0.327807099 0.072163656 0.941984594 4.914510727 -0.002768418 0.997000873 -0.077341735 -0.355943888 -0.944740593 -0.027960977 -0.326624095 2.725235462
-0.341426283 0.072122276 0.937137425 4.961404800 0.000385835 0.997062385 -0.076593518 -0.360126674 -0.939908504 -0.025789456 -0.340451032 2.708217144
-0.355973840 0.069707282 0.931892455 5.000531673 0.000268639 0.997221589 -0.074491397 -0.363979995 -0.934495866 -0.026266640 -0.355003476 2.693934441
-0.370516658 0.068496644 0.926296711 5.046940804 -0.000020479 0.997276485 -0.073753558 -0.368139505 -0.928825796 -0.027345901 -0.369506329 2.676038265
-0.385236204 0.069806814 0.920173943 5.085255623 -0.001944962 0.997071087 -0.076454714 -0.371562898 -0.922816038 -0.031242827 -0.383972257 2.660468102
-0.400352567 0.071498506 0.913567543 5.130618572 -0.001165660 0.996910989 -0.078532025 -0.375921458 -0.916360438 -0.032505408 -0.399032533 2.641375542
-0.414487392 0.073431022 0.907087684 5.168535233 0.000690836 0.996764541 -0.080374911 -0.379492134 -0.910054743 -0.032687739 -0.413197041 2.623849869
-0.429506123 0.075956374 0.899863899 5.214207172 0.003406882 0.996585667 -0.082494423 -0.384061903 -0.903057456 -0.032366131 -0.428298533 2.603027821
-0.444487929 0.078677610 0.892322898 5.251568794 0.003101864 0.996264696 -0.086297184 -0.388287067 -0.895779431 -0.035590202 -0.443071663 2.584986925
-0.459192961 0.081017472 0.884634376 5.296856880 0.003650660 0.995996237 -0.089321345 -0.392693311 -0.888329029 -0.037786242 -0.457650244 2.561844110
-0.474860489 0.077684864 0.876625597 5.333552361 0.002320763 0.996203482 -0.087024473 -0.396902829 -0.880057991 -0.039290048 -0.473237991 2.542246103
-0.490917027 0.074042737 0.868054271 5.380067825 0.000178271 0.996390462 -0.084888652 -0.401512176 -0.871206343 -0.041518532 -0.489158243 2.517485857
-0.507213235 0.074556172 0.858589709 5.417505741 0.000136663 0.996257961 -0.086429939 -0.404993504 -0.861820698 -0.043721065 -0.505325317 2.496350288
-0.522609413 0.073435187 0.849403739 5.462200165 -0.001439065 0.996206343 -0.087012395 -0.409743577 -0.852571070 -0.046695843 -0.520521045 2.469067574
-0.538367391 0.072021134 0.839627087 5.498366356 -0.002572497 0.996196330 -0.087100729 -0.413729519 -0.842706382 -0.049052130 -0.536134303 2.446071625
-0.554119706 0.072263360 0.829294503 5.542232513 -0.002545314 0.996073186 -0.088496923 -0.418397933 -0.832433105 -0.051148709 -0.551759899 2.417998791
-0.569671273 0.071567871 0.818750620 5.577669144 -0.002525758 0.996044338 -0.088822670 -0.422400355 -0.821868837 -0.052667685 -0.567237079 2.394311428
-0.584897816 0.068709336 0.808191538 5.620664597 -0.003172327 0.996204257 -0.086989313 -0.427276909 -0.811100721 -0.053443711 -0.582459748 2.364208221
-0.599579334 0.065230452 0.797652602 5.655508995 -0.003513495 0.996448755 -0.084128641 -0.430934131 -0.800307631 -0.053244349 -0.597220898 2.338296890
-0.614632726 0.063506693 0.786252856 5.698853493 -0.002367310 0.996600926 -0.082347378 -0.435749441 -0.788809896 -0.052474704 -0.612393141 2.305137634
-0.629361093 0.062089898 0.774628520 5.733305454 -0.002910175 0.996607840 -0.082246937 -0.439442605 -0.777107537 -0.054017335 -0.627045453 2.277403831
-0.644012928 0.063126266 0.762405634 5.772891045 -0.003733449 0.996318519 -0.085647650 -0.444453925 -0.765005469 -0.058004607 -0.641406357 2.244811535
-0.659806490 0.062533438 0.748829007 5.805110931 -0.005524803 0.996100664 -0.088050686 -0.448166251 -0.751415193 -0.062233560 -0.656888306 2.217565536
-0.675263882 0.059055358 0.735208213 5.845225334 -0.007845622 0.996157944 -0.087221995 -0.453128994 -0.737534523 -0.064666025 -0.672206223 2.181884527
-0.691256642 0.051695555 0.720757842 5.877086163 -0.010689430 0.996597052 -0.081731722 -0.457483470 -0.722530305 -0.064202085 -0.688351750 2.151959419
-0.708243251 0.048943039 0.704269886 5.916618824 -0.012115769 0.996604323 -0.081442885 -0.462060213 -0.705864549 -0.066214129 -0.705245316 2.113667965
-0.725526512 0.046466179 0.686623752 5.947317123 -0.013612023 0.996553898 -0.081823453 -0.465738982 -0.688059747 -0.068711415 -0.722393692 2.082016468
-0.743109167 0.042466652 0.667821407 5.984749317 -0.016790768 0.996486783 -0.082050115 -0.470305800 -0.668959498 -0.072185434 -0.739785373 2.042562008
-0.759542644 0.040969208 0.649166048 6.013461590 -0.015845491 0.996552885 -0.081432655 -0.474213690 -0.650264263 -0.072137937 -0.756275237 2.009705067
-0.775882483 0.041798361 0.629491270 6.041800976 -0.014810553 0.996320963 -0.084410757 -0.478411615 -0.630703568 -0.074815936 -0.772408962 1.976458073
-0.790891290 0.042243332 0.610496879 6.080420017 -0.010469055 0.996534646 -0.082517743 -0.483441949 -0.611867189 -0.071653888 -0.787708342 1.928438663
-0.805379391 0.043629900 0.591151834 6.106974602 -0.006055160 0.996629953 -0.081805654 -0.487622321 -0.592728794 -0.069464102 -0.802401066 1.893012166
-0.819271982 0.044212531 0.571698010 6.131308079 -0.004712707 0.996470153 -0.083816014 -0.491767764 -0.573385835 -0.071362354 -0.816171765 1.857040763
-0.833478570 0.046986125 0.550550461 6.167853355 -0.002793766 0.996006846 -0.089232601 -0.496208489 -0.552544773 -0.075911567 -0.830019116 1.806502581
-0.846369565 0.046241850 0.530584931 6.191663265 -0.001916673 0.995952725 -0.089857303 -0.499591172 -0.532592654 -0.077069432 -0.842855573 1.768651724
-0.857501745 0.044985227 0.512510538 6.213958263 0.000356500 0.996221602 -0.086846121 -0.504141748 -0.514481068 -0.074288003 -0.854277790 1.729952455
-0.868584633 0.047164652 0.493291199 6.245786667 0.004179107 0.996122062 -0.087882891 -0.510506809 -0.495523155 -0.074272193 -0.865413606 1.678714633
-0.878290892 0.050303113 0.475473136 6.268322945 0.007303097 0.995745659 -0.091855571 -0.514450073 -0.478070885 -0.077203482 -0.874921620 1.639678359
-0.887329638 0.047196295 0.458714157 6.289491177 0.004954481 0.995666981 -0.092858568 -0.519073367 -0.461109102 -0.080123447 -0.883718669 1.599432111
-0.895320237 0.045296058 0.443113953 6.309056282 0.004494987 0.995684147 -0.092698745 -0.522829175 -0.445400417 -0.081003271 -0.891659737 1.559768081
-0.902345002 0.042984452 0.428865910 6.337722778 0.003668517 0.995744646 -0.092083022 -0.530120909 -0.430999070 -0.081517346 -0.898662806 1.501302958
-0.908916473 0.040959608 0.414961964 6.356449127 0.003197902 0.995819390 -0.091289662 -0.534630418 -0.416966259 -0.081647657 -0.905247450 1.460875273
-0.914878547 0.039563328 0.401786268 6.376036644 0.002905902 0.995806456 -0.091438837 -0.538652122 -0.403719008 -0.082487874 -0.911156893 1.416577816
-0.920938313 0.034048248 0.388218224 6.400279999 0.000217375 0.996220827 -0.086856797 -0.544879794 -0.389708400 -0.079905346 -0.917465270 1.363950849
-0.926155031 0.030207971 0.375931323 6.418528557 -0.001467018 0.996491015 -0.083687261 -0.549046159 -0.377140164 -0.078058869 -0.922860861 1.321491718
-0.930232763 0.031065291 0.365652651 6.435003757 0.001392024 0.996702015 -0.081136912 -0.552806556 -0.366967320 -0.074967220 -0.927208126 1.278806448
-0.933783948 0.035206482 0.356101334 6.457777023 0.006086769 0.996566951 -0.082566090 -0.558125198 -0.357785672 -0.074931376 -0.930792511 1.223585963
-0.935658813 0.040013153 0.350630492 6.473286152 0.011229510 0.996424019 -0.083743654 -0.562509716 -0.352727503 -0.074418083 -0.932762086 1.180565000
-0.937782407 0.043579224 0.344477803 6.492958069 0.014513073 0.996145189 -0.086511001 -0.567262948 -0.346920103 -0.076129079 -0.934799790 1.129511595
-0.939169526 0.040863108 0.341014296 6.508371830 0.012669766 0.996343255 -0.084496789 -0.571928322 -0.343220115 -0.075036258 -0.936252832 1.085946560
-0.941661716 0.033310082 0.334908366 6.522851944 0.006088783 0.996613443 -0.082003608 -0.574418664 -0.336505711 -0.075180478 -0.938675523 1.051746964
-0.943583488 0.028079960 0.329942137 6.546047211 0.001814575 0.996821582 -0.079645820 -0.581052661 -0.331129879 -0.074553773 -0.940635324 0.986537695
-0.945229471 0.021720968 0.325682908 6.561789036 -0.004900094 0.996726692 -0.080696844 -0.585325360 -0.326369554 -0.077872910 -0.942029059 0.943156600
-0.946756124 0.018266030 0.321433246 6.577453136 -0.008971410 0.996504784 -0.083052784 -0.589475214 -0.321826816 -0.081514433 -0.943283081 0.900961757
-0.947340965 0.018201884 0.319709003 6.596992493 -0.009706897 0.996292293 -0.085484423 -0.594888866 -0.320079565 -0.084086262 -0.943651795 0.842262864
-0.947754979 0.018434346 0.318466276 6.611800194 -0.010008706 0.996119022 -0.087445997 -0.598896086 -0.318842262 -0.086064816 -0.943892300 0.800362706
-0.947154403 0.021798449 0.320036590 6.626752853 -0.007408782 0.995935738 -0.089761958 -0.603414118 -0.320692480 -0.087389521 -0.943143487 0.753744364
-0.947085798 0.021664759 0.320248574 6.645985126 -0.007841050 0.995860338 -0.090558469 -0.609100878 -0.320884854 -0.088277712 -0.942995250 0.699537516
-0.946403742 0.021923289 0.322241157 6.660207748 -0.008424975 0.995678723 -0.092483468 -0.613719821 -0.322876155 -0.090241566 -0.942129254 0.656682730
-0.945772171 0.024331523 0.323918045 6.678798676 -0.005906417 0.995737672 -0.092041619 -0.619057715 -0.324777007 -0.088963591 -0.941597283 0.603589654
-0.944965899 0.023852710 0.326297998 6.693998337 -0.006720099 0.995713294 -0.092249177 -0.623594046 -0.327099741 -0.089365080 -0.940754831 0.560939908
-0.943888068 0.024034202 0.329389811 6.709715843 -0.006920455 0.995690286 -0.092482395 -0.628109217 -0.330193043 -0.089572541 -0.939653933 0.517455578
-0.942040324 0.020364767 0.334880948 6.729149818 -0.010444684 0.995892107 -0.089943714 -0.634131491 -0.335336894 -0.088228315 -0.937957823 0.462612391
-0.939897001 0.019479917 0.340901881 6.745042801 -0.011106303 0.996099055 -0.087540463 -0.638075948 -0.341277301 -0.086065181 -0.936014175 0.419359088
-0.937283814 0.016502388 0.348176390 6.760680199 -0.013498588 0.996410906 -0.083564453 -0.643155634 -0.348305762 -0.083023496 -0.933697045 0.377519250
-0.934699535 0.017755110 0.354995191 6.781627655 -0.013087439 0.996355057 -0.084291883 -0.648233593 -0.355198056 -0.083433554 -0.931060314 0.323034048
-0.931787491 0.017967390 0.362559408 6.798163414 -0.013835241 0.996290803 -0.084930226 -0.652029753 -0.362740695 -0.084153011 -0.928082705 0.282598019
-0.927995205 0.021146182 0.371991664 6.815293312 -0.012107691 0.996149361 -0.086831614 -0.656521082 -0.372395456 -0.085083283 -0.924165785 0.240319252
-0.923202157 0.023341931 0.383605301 6.836878777 -0.010441069 0.996262014 -0.085749313 -0.661940455 -0.384173065 -0.083169192 -0.919507504 0.185951233
-0.918405235 0.024100918 0.394906402 6.855059624 -0.011431323 0.996109784 -0.087377019 -0.666425586 -0.395476013 -0.084761813 -0.914556921 0.144790888
-0.912477136 0.027340438 0.408213109 6.876889229 -0.009451899 0.996089756 -0.087841772 -0.671747804 -0.409018517 -0.084011994 -0.908650577 0.095509291
-0.906632543 0.027975203 0.420992613 6.895895958 -0.010173352 0.996059954 -0.088097662 -0.676028728 -0.421798408 -0.084155113 -0.902775764 0.055255890
-0.899837554 0.028719395 0.435278654 6.919219017 -0.009493319 0.996304870 -0.085360773 -0.681075931 -0.436121732 -0.080943070 -0.896239936 0.005772829
-0.893234253 0.031865649 0.448461086 6.939121723 -0.007457806 0.996297598 -0.085646778 -0.685449839 -0.449529916 -0.079847157 -0.889689445 -0.033746243
-0.886406243 0.034715354 0.461604565 6.962913036 -0.004877096 0.996428192 -0.084302574 -0.690187812 -0.462882459 -0.076977611 -0.883071005 -0.079246759
-0.879075408 0.035729814 0.475341678 6.983379841 -0.004353954 0.996543467 -0.082958780 -0.693886161 -0.476662785 -0.074996635 -0.875881433 -0.117418051
-0.871249259 0.038362272 0.489339471 7.008394718 -0.000526100 0.996867537 -0.079087175 -0.699007511 -0.490840584 -0.069162071 -0.868499935 -0.162339449
-0.862931848 0.041160308 0.503641307 7.029572010 0.002223154 0.996976793 -0.077669263 -0.703039646 -0.505315483 -0.065903611 -0.860414505 -0.198904514
-0.854183555 0.044957019 0.518024802 7.056182861 0.006588171 0.997111082 -0.075671360 -0.707476735 -0.519930243 -0.061224371 -0.852011919 -0.242444754
-0.843885958 0.047168318 0.534445286 7.078510284 0.008467465 0.997174799 -0.074637190 -0.711349905 -0.536455870 -0.058459874 -0.841901183 -0.278079033
-0.833105385 0.050807599 0.550775886 7.106279373 0.012410825 0.997238636 -0.073219948 -0.715657890 -0.552975059 -0.054164339 -0.831435442 -0.320168972
-0.821620226 0.051281661 0.567723930 7.129287720 0.012628751 0.997338235 -0.071811527 -0.719656825 -0.569895446 -0.051832154 -0.820080996 -0.354785681
-0.810832918 0.053114794 0.582862556 7.158799171 0.014044384 0.997352600 -0.071348764 -0.724360228 -0.585109055 -0.049666002 -0.809432268 -0.394575119
-0.798682630 0.055511925 0.599186540 7.184371948 0.015370164 0.997292995 -0.071907088 -0.727450907 -0.601556063 -0.048221361 -0.797373712 -0.428030491
-0.784509182 0.056412019 0.617546022 7.214859962 0.017099548 0.997442901 -0.069392428 -0.731669903 -0.619881451 -0.043879233 -0.783467770 -0.467627525
-0.769286871 0.055758383 0.636465907 7.238813877 0.016745284 0.997601986 -0.067156389 -0.736118317 -0.638684094 -0.041004721 -0.768375814 -0.499132156
-0.752727151 0.060859982 0.655513525 7.273803711 0.020590734 0.997407019 -0.068958111 -0.739246726 -0.658010602 -0.038409129 -0.752028465 -0.538232565
-0.735521317 0.063688271 0.674501538 7.301778793 0.020436957 0.997204423 -0.071872942 -0.742212892 -0.677193403 -0.039079312 -0.734766722 -0.569301844
-0.717602253 0.064599022 0.693450809 7.335487366 0.020945234 0.997240484 -0.071224086 -0.746642590 -0.696138203 -0.036586083 -0.716974974 -0.604535818
-0.698972046 0.064926498 0.712195694 7.365314007 0.020157840 0.997263312 -0.071130812 -0.749876261 -0.714864850 -0.035362117 -0.698367894 -0.633453369
-0.679681897 0.063866057 0.730721354 7.395546436 0.017904369 0.997350097 -0.070515983 -0.753468752 -0.733288646 -0.034845337 -0.679024160 -0.660807848
