0.999996603 -0.002127553 -0.001517147 0.000057114 0.002131592 0.999994159 0.002665921 -0.000685057 0.001511470 -0.002669146 0.999995232 0.065433808
0.999996185 -0.002686291 -0.000602624 -0.003061568 0.002688390 0.999990225 0.003510047 -0.001192487 0.000593189 -0.003511654 0.999993682 0.115781717
0.999990463 -0.001901330 -0.003933553 -0.001597782 0.001915248 0.999991834 0.003537542 -0.002152357 0.003926791 -0.003545040 0.999985993 0.193611145
0.999983847 -0.000780279 -0.005629708 -0.001952873 0.000800120 0.999993503 0.003522866 -0.002962800 0.005626921 -0.003527313 0.999977946 0.257700801
0.999973476 -0.001048561 -0.007210612 -0.002138106 0.001078276 0.999990940 0.004118336 -0.003917732 0.007206228 -0.004126002 0.999965489 0.315224290
0.999961913 -0.001370456 -0.008618890 -0.003727244 0.001404497 0.999991179 0.003944693 -0.004316498 0.008613408 -0.003956648 0.999954998 0.385333061
0.999966085 -0.003418618 -0.007493106 -0.006701298 0.003445559 0.999987602 0.003585406 -0.005350651 0.007480755 -0.003611102 0.999965489 0.440987676
0.999921679 -0.004764079 -0.011575565 -0.005374491 0.004806197 0.999981880 0.003613499 -0.005941971 0.011558137 -0.003668851 0.999926388 0.512698114
0.999913573 -0.004067763 -0.012505568 -0.006545208 0.004107129 0.999986649 0.003123845 -0.006391630 0.012492690 -0.003174937 0.999916852 0.568924367
0.999898553 -0.003229220 -0.013883520 -0.007771588 0.003282828 0.999987245 0.003840224 -0.007591786 0.013870941 -0.003885411 0.999896169 0.639215291
0.999901175 -0.001408638 -0.013988800 -0.008826043 0.001453885 0.999993861 0.003224935 -0.007745059 0.013984168 -0.003244954 0.999896884 0.695491850
0.999884903 -0.000425701 -0.015167166 -0.009724834 0.000503175 0.999986827 0.005104516 -0.008602338 0.015164793 -0.005111561 0.999871910 0.765616596
0.999872625 0.001148296 -0.015925342 -0.010857440 -0.001055872 0.999982536 0.005810807 -0.008923549 0.015931739 -0.005793252 0.999856353 0.820840240
0.999872923 0.001197405 -0.015896803 -0.012662871 -0.001104778 0.999982357 0.005834354 -0.009754039 0.015903506 -0.005816051 0.999856532 0.891293585
0.999865651 0.000855493 -0.016371474 -0.013398167 -0.000768526 0.999985576 0.005317721 -0.009927274 0.016375778 -0.005304425 0.999851823 0.948024988
0.999858558 0.002751047 -0.016595226 -0.014761850 -0.002644937 0.999975920 0.006412604 -0.010593973 0.016612474 -0.006367804 0.999841750 1.014906764
0.999858260 0.003495934 -0.016472254 -0.015876995 -0.003373404 0.999966502 0.007460502 -0.010911330 0.016497791 -0.007403876 0.999836504 1.069643974
0.999874651 0.004157620 -0.015283371 -0.017770620 -0.004067455 0.999974132 0.005925836 -0.011051964 0.015307620 -0.005862928 0.999865651 1.122767448
0.999855459 0.004478856 -0.016398860 -0.018433528 -0.004416964 0.999982953 0.003808417 -0.011761725 0.016415639 -0.003735434 0.999858201 1.197837830
0.999872386 0.002039626 -0.015841981 -0.019405784 -0.001991956 0.999993384 0.003024279 -0.011751918 0.015848044 -0.002992337 0.999869823 1.252661943
0.999874115 0.001059980 -0.015827956 -0.019655621 -0.000979103 0.999986351 0.005116588 -0.012011385 0.015833162 -0.005100447 0.999861538 1.304060221
0.999879301 0.001026174 -0.015504739 -0.021863433 -0.000906363 0.999969721 0.007732465 -0.013723440 0.015512209 -0.007717479 0.999849796 1.378571868
0.999876916 -0.000678510 -0.015678797 -0.022394974 0.000784791 0.999976754 0.006773442 -0.013842585 0.015673840 -0.006784913 0.999854088 1.430615544
0.999881983 -0.000581418 -0.015353768 -0.023331074 0.000652851 0.999989033 0.004647886 -0.013879644 0.015350901 -0.004657362 0.999871254 1.482014656
0.999897540 0.000955026 -0.014280069 -0.025648788 -0.000891825 0.999989748 0.004431501 -0.015188633 0.014284155 -0.004418314 0.999888062 1.553100228
0.999909759 0.001723775 -0.013326934 -0.026592441 -0.001675888 0.999992013 0.003603562 -0.016026836 0.013333042 -0.003580903 0.999904573 1.604180217
0.999922395 0.002409995 -0.012223669 -0.027312297 -0.002359039 0.999988377 0.004181376 -0.016000183 0.012233607 -0.004152216 0.999916375 1.652429938
0.999940336 0.003081234 -0.010472789 -0.028443832 -0.003015820 0.999975920 0.006256131 -0.016622839 0.010491811 -0.006224175 0.999925554 1.720781326
0.999954641 0.002992329 -0.009035454 -0.028616956 -0.002922487 0.999965906 0.007733043 -0.017673183 0.009058284 -0.007706288 0.999929249 1.768472314
0.999965847 0.002571025 -0.007843423 -0.028414238 -0.002507402 0.999964058 0.008110634 -0.017597632 0.007863990 -0.008090692 0.999936283 1.813551426
0.999989390 0.002877083 -0.003576968 -0.030155573 -0.002850424 0.999968290 0.007435916 -0.018456038 0.003598247 -0.007425642 0.999965966 1.880757332
0.999995947 0.002799222 -0.000258817 -0.030086992 -0.002797816 0.999982119 0.005280659 -0.018739421 0.000273592 -0.005279913 0.999986053 1.925911903
0.999992192 0.002180861 0.003254769 -0.030254930 -0.002192326 0.999991417 0.003523232 -0.019108154 -0.003247060 -0.003530340 0.999988496 1.970472574
0.999969542 0.001960107 0.007554753 -0.030344784 -0.001992692 0.999988675 0.004308140 -0.019901702 -0.007546227 -0.004323064 0.999962151 2.033968687
0.999910891 0.001304450 0.013284121 -0.030168675 -0.001353225 0.999992251 0.003663360 -0.020251047 -0.013279244 -0.003681011 0.999904990 2.077976465
0.999803245 0.003370105 0.019549355 -0.029348146 -0.003427222 0.999989927 0.002888957 -0.021036375 -0.019539429 -0.002955389 0.999804676 2.121926308
0.999619901 0.004120016 0.027258081 -0.029110309 -0.004199093 0.999987125 0.002844484 -0.021497926 -0.027246013 -0.002957862 0.999624312 2.164178133
0.999361038 0.006492730 0.035145309 -0.026977360 -0.006639335 0.999969721 0.004056347 -0.022368120 -0.035117906 -0.004287096 0.999374092 2.232968092
0.998929560 0.008252957 0.045514323 -0.025417447 -0.008479595 0.999952555 0.004788673 -0.022936981 -0.045472648 -0.005169490 0.998952210 2.275803804
0.998220205 0.010021157 0.058786429 -0.023737788 -0.010295732 0.999937415 0.004369691 -0.023228232 -0.058738962 -0.004967163 0.998261034 2.316296816
0.997268081 0.012875126 0.072736323 -0.020824656 -0.013279349 0.999898970 0.005076510 -0.023961848 -0.072663605 -0.006028533 0.997338355 2.356491566
0.995885909 0.015177835 0.089335106 -0.015768602 -0.015761957 0.999858737 0.005836704 -0.024017015 -0.089233875 -0.007220787 0.995984495 2.423031569
0.994196832 0.014741020 0.106560424 -0.011731535 -0.015487207 0.999861002 0.006178341 -0.024293188 -0.106454529 -0.007792810 0.994287014 2.461947918
0.991983891 0.014958236 0.125475779 -0.006250560 -0.015881721 0.999853611 0.006362725 -0.025853900 -0.125362247 -0.008304492 0.992076218 2.501582861
0.989027917 0.014437610 0.147021592 -0.000331998 -0.015340034 0.999869764 0.005006019 -0.025798548 -0.146930158 -0.007206410 0.989120603 2.560336590
0.985716879 0.011126479 0.168043092 0.005968601 -0.012048194 0.999917388 0.004466406 -0.026160674 -0.167979509 -0.006427227 0.985769451 2.598794937
0.981773734 0.006651559 0.189936787 0.011064738 -0.007923078 0.999951005 0.005935859 -0.025606818 -0.189887986 -0.007332555 0.981778383 2.617931366
0.977042437 0.001087005 0.213042006 0.024504066 -0.002835962 0.999964714 0.007904016 -0.026953286 -0.213025942 -0.008326738 0.977011025 2.691148996
0.971434236 -0.003548777 0.237282619 0.033389628 0.001776140 0.999968886 0.007683932 -0.027646314 -0.237302527 -0.007042987 0.971410215 2.728437424
0.964839995 -0.009866098 0.262652606 0.042765796 0.008709823 0.999946535 0.005566222 -0.027801570 -0.262693435 -0.003082856 0.964874387 2.763702393
0.957468569 -0.013525086 0.288220555 0.058214903 0.012236707 0.999905467 0.006271401 -0.028370226 -0.288278073 -0.002477799 0.957543492 2.814223051
0.948897779 -0.016295645 0.315162897 0.069122076 0.014459242 0.999862075 0.008164227 -0.028425349 -0.315252483 -0.003189999 0.949002385 2.847411394
0.939063370 -0.021589644 0.343065441 0.081492066 0.018999647 0.999759972 0.010909267 -0.028714845 -0.343218625 -0.003726369 0.939248085 2.881577253
0.928238690 -0.024099043 0.371203512 0.100817084 0.021725170 0.999707997 0.010576043 -0.029032545 -0.371349990 -0.001752635 0.928491235 2.929622412
0.916373074 -0.023494123 0.399635315 0.115027249 0.022695810 0.999719739 0.006730420 -0.029308118 -0.399681419 0.002902468 0.916649401 2.960605621
0.903002024 -0.024295630 0.428948671 0.129588008 0.026235674 0.999654830 0.001390328 -0.029619701 -0.428834319 0.009998286 0.903327703 2.992851019
0.889260411 -0.026905889 0.456609249 0.145814657 0.030679723 0.999528885 -0.000852033 -0.030037545 -0.456371129 0.014766321 0.889666975 3.021347761
0.872995079 -0.027085077 0.486976534 0.162748694 0.029666675 0.999556959 0.002411244 -0.030565869 -0.486826003 0.012341967 0.873411775 3.054117441
0.855741620 -0.026015071 0.516748965 0.192919970 0.025631236 0.999640405 0.007880034 -0.031002296 -0.516768098 0.006501642 0.856100678 3.106012344
0.835904181 -0.025577208 0.548279047 0.210990310 0.023257062 0.999667108 0.011176819 -0.030976227 -0.548382342 0.003408608 0.836220741 3.134806156
0.814797163 -0.019589296 0.579415143 0.230735064 0.019323822 0.999791324 0.006627732 -0.031616300 -0.579423964 0.005796256 0.815005660 3.162635088
0.792605937 -0.013157979 0.609592319 0.250292420 0.016982704 0.999855697 -0.000499542 -0.031602576 -0.609497547 0.010748466 0.792715013 3.189388990
0.769838274 -0.011017811 0.638143897 0.283660054 0.017055238 0.999849021 -0.003312152 -0.031318359 -0.638011038 0.013433519 0.769909978 3.232953548
0.746398270 -0.013713081 0.665358305 0.305856824 0.017738055 0.999842405 0.000708286 -0.032797381 -0.665262997 0.011273500 0.746523917 3.258111715
0.721586823 -0.014145738 0.692179561 0.328564525 0.018263871 0.999832213 0.001393278 -0.033275012 -0.692083120 0.011636507 0.721724033 3.282391071
0.696856499 -0.012570008 0.717100561 0.352721095 0.019046789 0.999818087 -0.000983344 -0.034177233 -0.716957688 0.014343714 0.696968973 3.304409027
0.670577466 -0.009366333 0.741780400 0.391174912 0.019252261 0.999803185 -0.004779907 -0.033470668 -0.741589725 0.017486246 0.670625806 3.340857506
0.643351376 -0.007208486 0.765537024 0.415944695 0.017738707 0.999827504 -0.005492844 -0.034042358 -0.765365541 0.017113466 0.643368244 3.362205982
0.615322411 -0.005527445 0.788256049 0.441732883 0.017336385 0.999828339 -0.006521957 -0.034735292 -0.788084865 0.017678617 0.615312815 3.382583618
0.586790621 0.001245406 0.809737682 0.469019055 0.016634390 0.999769151 -0.013592083 -0.034701221 -0.809567869 0.021445200 0.586634457 3.402265549
0.556805849 0.010062901 0.830581725 0.495919228 0.015729805 0.999619544 -0.022655832 -0.035856251 -0.830493748 0.025679786 0.556435764 3.420457840
0.525344133 0.019481059 0.850666940 0.545392394 0.015405023 0.999356210 -0.032399818 -0.035644252 -0.850750327 0.030125601 0.524705648 3.454548836
0.493658006 0.024700491 0.869305372 0.574405432 0.012624763 0.999287605 -0.035563126 -0.036850095 -0.869564533 0.028530790 0.492994457 3.471133709
0.460624933 0.024829153 0.887247682 0.605513334 0.012535740 0.999326825 -0.034473710 -0.036625694 -0.887506366 0.027001752 0.460003614 3.488820314
0.427454293 0.022696557 0.903751969 0.649845123 0.006270571 0.999586284 -0.028069148 -0.040492460 -0.904015243 0.017665319 0.427135140 3.510494471
0.393183619 0.024036182 0.919145823 0.681962252 0.002407882 0.999627829 -0.027170863 -0.041563179 -0.919456959 0.012896331 0.392979503 3.524917126
0.357721865 0.026882915 0.933441103 0.723021626 -0.004665405 0.999624372 -0.027001061 -0.043455008 -0.933816552 0.005303990 0.357713014 3.541536093
0.321593106 0.028167449 0.946458936 0.755850077 -0.009035310 0.999603093 -0.026679004 -0.044832513 -0.946834862 0.000028233 0.321720004 3.553195953
0.285285950 0.028115772 0.958029926 0.788892388 -0.011654158 0.999597371 -0.025865251 -0.045515396 -0.958371699 -0.003786040 0.285498857 3.563552618
0.249165967 0.027701151 0.968064606 0.838984966 -0.012704510 0.999598205 -0.025333527 -0.047732808 -0.968377590 -0.005986530 0.249417827 3.577787399
0.212719068 0.027313570 0.976731658 0.873847783 -0.012587331 0.999602795 -0.025211794 -0.049218591 -0.977032423 -0.006931412 0.212978408 3.586066246
0.177809164 0.025924435 0.983723462 0.919522822 -0.009508475 0.999651432 -0.024625523 -0.050310347 -0.984019041 -0.004975066 0.177993700 3.594216585
0.143236563 0.025286103 0.989365458 0.955212176 -0.001511152 0.999677956 -0.025330892 -0.051530570 -0.989687383 0.002133226 0.143228620 3.599175692
0.109511860 0.028238617 0.993584275 1.002005696 0.001368915 0.999590993 -0.028560214 -0.053445447 -0.993984520 0.004487815 0.109428406 3.604391098
0.077098899 0.033031948 0.996476114 1.037656069 0.002133738 0.999443114 -0.033295397 -0.054891311 -0.997021198 0.004693257 0.076985478 3.607035160
0.047823172 0.037195031 0.998163044 1.085341454 0.008706613 0.999252915 -0.037652791 -0.056645196 -0.998817801 0.010491294 0.047463585 3.609566212
0.022557044 0.035143692 0.999127686 1.121436834 0.011030556 0.999312341 -0.035399221 -0.058169730 -0.999684572 0.011819435 0.022153867 3.610163689
-0.000138868 0.032131586 0.999483705 1.158550858 0.012567805 0.999404728 -0.032127302 -0.059803180 -0.999921024 0.012556854 -0.000542622 3.610579729
-0.018796558 0.029915506 0.999375641 1.212720275 0.013306874 0.999471128 -0.029668083 -0.061715011 -0.999734759 0.012740911 -0.019184697 3.609812737
-0.035609905 0.033170305 0.998815238 1.250031471 0.015335338 0.999349356 -0.032641310 -0.063009128 -0.999248147 0.014154815 -0.036095418 3.608800411
-0.049622752 0.037413165 0.998067021 1.288084149 0.017364033 0.999179423 -0.036591545 -0.064737812 -0.998617053 0.015514699 -0.050231680 3.606166601
-0.061898645 0.042755492 0.997166276 1.341505527 0.021898657 0.998899698 -0.041470464 -0.066905186 -0.997842252 0.019269634 -0.062766805 3.603436947
-0.070347220 0.046192452 0.996452451 1.378316164 0.027607400 0.998634756 -0.044344593 -0.068842404 -0.997140527 0.024389941 -0.071526423 3.600074291
-0.076666631 0.051466033 0.995727658 1.415259242 0.030462082 0.998321533 -0.049254660 -0.071097746 -0.996591270 0.026555749 -0.078105718 3.597895384
-0.079898089 0.056579798 0.995195985 1.470201612 0.033362217 0.997980177 -0.054059636 -0.073371261 -0.996244609 0.028882688 -0.081624337 3.592968225
-0.082727201 0.059977353 0.994765818 1.506860018 0.034981914 0.997746944 -0.057247914 -0.076268651 -0.995958030 0.030062856 -0.084638938 3.589604139
-0.086222768 0.062895648 0.994288564 1.544404864 0.035896000 0.997553349 -0.059989333 -0.078807153 -0.995628953 0.030518534 -0.088269502 3.587303877
-0.087963194 0.066329986 0.993912876 1.599405169 0.036793299 0.997315943 -0.063300848 -0.082762323 -0.995444000 0.031001186 -0.090167597 3.582030535
-0.090435080 0.069894187 0.993446648 1.636328936 0.037436709 0.997067750 -0.066741027 -0.085424215 -0.995198488 0.031155640 -0.092786506 3.579178333
-0.091956913 0.071101502 0.993221343 1.672260284 0.040301867 0.996895969 -0.067633234 -0.088614032 -0.994947076 0.033809330 -0.094536990 3.573916912
-0.093924828 0.070327558 0.993092179 1.729384184 0.041117370 0.996924818 -0.066710159 -0.092010841 -0.994729757 0.034567606 -0.096527681 3.569242477
-0.095937558 0.069533184 0.992955685 1.767239928 0.040454444 0.997005343 -0.065908127 -0.095220737 -0.994564891 0.033846397 -0.098463178 3.565525770
-0.098211549 0.070715263 0.992649913 1.805058002 0.040600922 0.996926367 -0.067002915 -0.097962856 -0.994336963 0.033722032 -0.100780815 3.561315536
-0.100624897 0.073257804 0.992223680 1.860239625 0.040114518 0.996773243 -0.069525547 -0.101746894 -0.994115412 0.032806579 -0.103238925 3.556234837
-0.103760093 0.074905068 0.991777778 1.897722006 0.037971869 0.996731400 -0.071306586 -0.105034828 -0.993877232 0.030260876 -0.106265232 3.552780867
-0.105847135 0.077934280 0.991323650 1.935845852 0.036726281 0.996550083 -0.074423790 -0.108394749 -0.993704021 0.028530076 -0.108344227 3.548255205
-0.107921176 0.082893595 0.990697443 1.993383884 0.032945018 0.996268570 -0.079770871 -0.112295032 -0.993613422 0.024029579 -0.110249408 3.542093515
-0.110673741 0.085602462 0.990163326 2.031325579 0.030302802 0.996111155 -0.082729615 -0.115177743 -0.993394732 0.020848725 -0.112837330 3.537862539
-0.113299981 0.083579861 0.990039110 2.071055889 0.028988989 0.996309340 -0.080791689 -0.119091444 -0.993137836 0.019546535 -0.115304731 3.533058167
-0.116385773 0.079823479 0.989991188 2.129549265 0.025579957 0.996675313 -0.077355184 -0.123789869 -0.992874563 0.016320890 -0.118040718 3.527171135
-0.119054660 0.078118376 0.989809811 2.168749809 0.025779659 0.996807158 -0.075569831 -0.126927525 -0.992552876 0.016520016 -0.120688394 3.522696972
-0.121017799 0.078867719 0.989512265 2.208229780 0.024993587 0.996764779 -0.076389037 -0.130172908 -0.992335498 0.015487033 -0.122597471 3.517834663
-0.122253835 0.081605978 0.989138186 2.267497063 0.025732826 0.996539533 -0.079036139 -0.135186002 -0.992165208 0.015790856 -0.123930730 3.511293650
-0.122769333 0.084556513 0.988826573 2.305735350 0.026538040 0.996287227 -0.081899628 -0.138271183 -0.992080331 0.016186764 -0.124557488 3.506119967
-0.123005137 0.085929468 0.988678873 2.327829599 0.024669236 0.996201158 -0.083514057 -0.139530629 -0.992099345 0.014117288 -0.124657683 3.503293753
-0.123594686 0.083391622 0.988822758 2.406861305 0.022018773 0.996447742 -0.081282534 -0.147464931 -0.992088616 0.011726574 -0.124991849 3.494767904
-0.123041987 0.083335690 0.988896310 2.447158337 0.018232698 0.996489465 -0.081707016 -0.150595710 -0.992233992 0.007976855 -0.124129482 3.489351511
-0.123661615 0.083104715 0.988838494 2.487275362 0.015201877 0.996528685 -0.081849918 -0.155142099 -0.992208064 0.004910505 -0.124495700 3.485414028
-0.123615131 0.084247641 0.988747656 2.528810978 0.010432844 0.996444702 -0.083599187 -0.157929018 -0.992275357 -0.000018675 -0.124054588 3.479866743
-0.124342710 0.083103321 0.988753080 2.594795942 0.007530421 0.996536970 -0.082810514 -0.164353937 -0.992210746 -0.002851158 -0.124537885 3.472503185
-0.124034181 0.077819571 0.989221752 2.634377003 0.009490192 0.996967435 -0.077238977 -0.167799801 -0.992232561 -0.000192369 -0.124396563 3.466941357
-0.124768049 0.069618434 0.989740431 2.677764893 0.011663717 0.997569323 -0.068698764 -0.171195805 -0.992117286 0.002972643 -0.125276774 3.462075710
-0.125700608 0.063622378 0.990025997 2.718128204 0.017009405 0.997932971 -0.061970863 -0.174347460 -0.991922379 0.009049978 -0.126522943 3.457768917
-0.122879736 0.067481332 0.990124702 2.788187504 0.025743691 0.997566700 -0.064793594 -0.178143442 -0.992087483 0.017527647 -0.124317944 3.446530581
-0.122217178 0.072611645 0.989843726 2.829821348 0.031562969 0.997100174 -0.069246836 -0.181370705 -0.992001235 0.022779258 -0.124154612 3.441546202
-0.121626131 0.077670455 0.989532351 2.870271444 0.035010509 0.996649086 -0.073925816 -0.184894621 -0.991958261 0.025652725 -0.123937845 3.436701298
-0.119517989 0.083248734 0.989335716 2.931408644 0.036057062 0.996184945 -0.079469159 -0.188816175 -0.992177010 0.026174547 -0.122063704 3.427832603
-0.120008133 0.080760226 0.989482641 2.972922802 0.033007059 0.996459246 -0.077326432 -0.191952869 -0.992224097 0.023380110 -0.122248858 3.422629595
-0.116316415 0.077157341 0.990210772 2.997510910 0.032030333 0.996750951 -0.073904440 -0.193299681 -0.992695570 0.023120483 -0.118409850 3.417370558
-0.119299315 0.073574573 0.990128577 3.077690363 0.030407410 0.997053504 -0.070425406 -0.200786114 -0.992392540 0.021705545 -0.121185035 3.410893440
-0.117722802 0.074575350 0.990242362 3.120191336 0.029844422 0.996991515 -0.071535639 -0.203748167 -0.992597997 0.021131834 -0.119594276 3.404970646
-0.118857697 0.079844996 0.989695728 3.175324440 0.029513720 0.996605098 -0.076857954 -0.208058089 -0.992472529 0.020074449 -0.120810702 3.399308920
-0.118324593 0.082114935 0.989573956 3.218221664 0.028860128 0.996438265 -0.079233661 -0.211568534 -0.992555559 0.019183934 -0.120272987 3.394167423
-0.118071601 0.081160001 0.989682913 3.274093390 0.028938856 0.996512234 -0.078267582 -0.216257215 -0.992583334 0.019399114 -0.120008469 3.387472868
-0.118153334 0.074404657 0.990203917 3.316440344 0.030924572 0.996980846 -0.071223907 -0.219778478 -0.992513657 0.022206288 -0.120097548 3.382721424
-0.117814742 0.073458545 0.990314901 3.358608723 0.030100726 0.997065961 -0.070378341 -0.222656131 -0.992579281 0.021517592 -0.119680241 3.377389431
-0.117503561 0.075810969 0.990174472 3.423053741 0.027222738 0.996953070 -0.073099442 -0.228043526 -0.992699265 0.018365817 -0.119209327 3.370079041
-0.117963344 0.078869380 0.989880979 3.465319157 0.026341043 0.996738672 -0.076276712 -0.231499135 -0.992668509 0.017076639 -0.119656116 3.365237474
-0.117476761 0.078204848 0.989991546 3.509081125 0.025722396 0.996799469 -0.075690307 -0.234991699 -0.992742479 0.016573099 -0.119112395 3.360243320
-0.116938166 0.074805431 0.990317941 3.573825121 0.024898600 0.997066617 -0.072375141 -0.240096435 -0.992826939 0.016194116 -0.118457712 3.352749348
-0.115878709 0.074240632 0.990484893 3.617287159 0.026178101 0.997084558 -0.071672663 -0.243357420 -0.992918253 0.017623682 -0.117484361 3.347579956
-0.114955992 0.073966287 0.990612984 3.675054789 0.026932102 0.997089505 -0.071324505 -0.248244822 -0.993005395 0.018480107 -0.116613463 3.341155767
-0.113867238 0.073527604 0.990771353 3.719647169 0.029486764 0.997068286 -0.070606038 -0.251904666 -0.993058264 0.021174926 -0.115701489 3.336196899
-0.113121033 0.073408335 0.990865707 3.763139725 0.028410891 0.997098148 -0.070626549 -0.255032957 -0.993174911 0.020162033 -0.114878349 3.331260204
-0.111967936 0.074294694 0.990930557 3.827853680 0.030419087 0.996990085 -0.071311846 -0.259823382 -0.993246078 0.022158569 -0.113890894 3.323939800
-0.109940611 0.071888253 0.991335094 3.872052193 0.030157136 0.997163057 -0.068966411 -0.263582349 -0.993480504 0.022313617 -0.111796647 3.318449497
-0.109334551 0.071619399 0.991421580 3.930637360 0.028681250 0.997212887 -0.068874776 -0.267653167 -0.993591130 0.020904819 -0.111083940 3.312212467
-0.108690254 0.071071520 0.991531849 3.974821091 0.029448582 0.997233331 -0.068252102 -0.270581454 -0.993639410 0.021780867 -0.110482477 3.307996988
-0.106144898 0.072123311 0.991731465 4.034323215 0.028552558 0.997175932 -0.069463231 -0.275053382 -0.993940592 0.020943305 -0.107904427 3.301170111
-0.105286598 0.074550398 0.991643488 4.079655647 0.029157659 0.996988773 -0.071856454 -0.278649569 -0.994014323 0.021348482 -0.107143268 3.296641827
-0.102942735 0.074078545 0.991925001 4.138969421 0.026566099 0.997071981 -0.071705863 -0.282376915 -0.994332433 0.018969977 -0.104609296 3.289771557
-0.103698730 0.072221093 0.991983235 4.182631493 0.022576036 0.997274101 -0.070246279 -0.286133766 -0.994352520 0.015110596 -0.105046518 3.286501646
-0.102043428 0.073830411 0.992036402 4.244366169 0.020582281 0.997185230 -0.072096467 -0.290128291 -0.994566977 0.013061401 -0.103275813 3.278919458
-0.102158494 0.074830599 0.991949558 4.291042805 0.017652569 0.997145951 -0.073404610 -0.292503625 -0.994611382 0.010011556 -0.103187889 3.274003506
-0.103463255 0.070401423 0.992138624 4.347733974 0.015531949 0.997484624 -0.069161050 -0.298388839 -0.994511962 0.008254218 -0.104296446 3.269023418
-0.106315345 0.069858499 0.991875350 4.392580986 0.013405507 0.997538984 -0.068820491 -0.301362008 -0.994242072 0.005979918 -0.106990173 3.265119553
-0.105968304 0.068202138 0.992027879 4.453742027 0.011105498 0.997664034 -0.067403331 -0.306212366 -0.994307399 0.003874349 -0.106478207 3.258239985
-0.107818343 0.067771129 0.991858065 4.497668743 0.011444028 0.997692347 -0.066925764 -0.309835196 -0.994104624 0.004135028 -0.108345114 3.253480434
-0.110476978 0.067127436 0.991609097 4.559583664 0.010035702 0.997740984 -0.066424422 -0.313971430 -0.993827999 0.002613122 -0.110901065 3.247383595
-0.113597646 0.061940573 0.991594136 4.603901863 0.008334945 0.998079002 -0.061390780 -0.317429513 -0.993491948 0.001291032 -0.113895692 3.242474556
-0.117717050 0.062040299 0.991107285 4.665609837 0.006767320 0.998073459 -0.061672576 -0.321821183 -0.993024111 -0.000552775 -0.117910139 3.235525370
-0.123921387 0.068805657 0.989903688 4.711509705 0.001497639 0.997604907 -0.069153465 -0.324609637 -0.992290974 -0.007087076 -0.123727642 3.230472088
-0.130409956 0.070985518 0.988915622 4.770401955 0.002616680 0.997454762 -0.071253411 -0.329323083 -0.991456687 -0.006704477 -0.130263776 3.222786903
-0.139814943 0.067018919 0.987906933 4.815286160 0.004178615 0.997737825 -0.067094468 -0.332809448 -0.990168869 -0.005252724 -0.139778733 3.216469049
-0.150212154 0.064629495 0.986539006 4.873493195 0.006726436 0.997904778 -0.064349897 -0.337505072 -0.988630831 -0.003030243 -0.150332153 3.207628250
-0.163820893 0.065521196 0.984311700 4.917644501 0.006339061 0.997841179 -0.065366745 -0.340834051 -0.986469686 -0.004468828 -0.163882583 3.201091528
-0.176730707 0.066678569 0.981998026 4.977403641 0.009488255 0.997771740 -0.066042006 -0.344224840 -0.984213471 -0.002354202 -0.176969543 3.189975023
-0.191026568 0.064271793 0.979478359 5.021186352 0.010409398 0.997930586 -0.063452467 -0.347530007 -0.981529593 -0.001925325 -0.191300273 3.181629181
-0.206265301 0.067072943 0.976194561 5.079867840 0.013865456 0.997748017 -0.065624140 -0.352004677 -0.978397846 -0.000000601 -0.206730843 3.169503689
-0.221514910 0.070441239 0.972609401 5.109883308 0.014437787 0.997515142 -0.068956770 -0.354345471 -0.975050151 -0.001232626 -0.221981466 3.162770271
-0.237015575 0.073596925 0.968714118 5.178546429 0.013269164 0.997278571 -0.072520494 -0.360305846 -0.971415222 -0.004334460 -0.237347111 3.147040606
-0.253823608 0.071465224 0.964606822 5.221175194 0.008991404 0.997398019 -0.071528643 -0.363726795 -0.967208683 -0.009482492 -0.253805727 3.136671543
-0.269587040 0.065746993 0.960729003 5.276246071 0.003621897 0.997728646 -0.067262731 -0.368225276 -0.962969303 -0.014653496 -0.269212872 3.122177601
-0.285508931 0.062053204 0.956364989 5.318645477 0.000647717 0.997913837 -0.064555712 -0.371453166 -0.958375812 -0.017811781 -0.284953535 3.110333204
-0.300092906 0.063415021 0.951799750 5.372403145 -0.001941257 0.997745097 -0.067088254 -0.375568599 -0.953907907 -0.021980397 -0.299293190 3.093774319
-0.315393627 0.064916737 0.946737945 5.413448334 -0.002899759 0.997586787 -0.069369406 -0.378922701 -0.948956430 -0.024623977 -0.314444274 3.081082582
-0.328433156 0.067852437 0.942086935 5.465971470 -0.000484993 0.997403979 -0.072005652 -0.382963657 -0.944527090 -0.024105951 -0.327547669 3.062614918
-0.342971414 0.068146490 0.936870754 5.505626202 0.001882592 0.997412860 -0.071861044 -0.386009574 -0.939343929 -0.022882542 -0.342212409 3.048684359
-0.356383711 0.065722696 0.932025313 5.558806419 0.001899926 0.997571826 -0.069618307 -0.391225934 -0.934337735 -0.023040053 -0.355643183 3.028521538
-0.371179491 0.064485252 0.926319301 5.597444057 0.001723864 0.997631729 -0.068758883 -0.394394964 -0.928559601 -0.023925038 -0.370411545 3.013306379
-0.385940254 0.065783665 0.920175374 5.638110161 0.000103233 0.997457325 -0.071265288 -0.397927493 -0.922523737 -0.027409153 -0.384965688 2.997035027
-0.400681496 0.067438498 0.913732111 5.695199966 0.000868359 0.997314930 -0.073226571 -0.403237998 -0.916216969 -0.028547090 -0.399664193 2.972864628
-0.415082544 0.070236154 0.907068551 5.735999584 0.003008690 0.997116029 -0.075831898 -0.406118244 -0.909778714 -0.028747415 -0.414096802 2.954268456
-0.429481536 0.071887471 0.900209844 5.785717487 0.005256934 0.997008681 -0.077109441 -0.411359549 -0.903060317 -0.028384736 -0.428574800 2.931083202
-0.445243150 0.074787125 0.892281055 5.824789524 0.004386667 0.996676028 -0.081348136 -0.415196180 -0.895399034 -0.032305557 -0.444091231 2.912815332
-0.459444255 0.077640824 0.884806693 5.875557899 0.005972806 0.996419609 -0.084333301 -0.419679344 -0.888186514 -0.033461664 -0.458262980 2.886547327
-0.475058198 0.074455477 0.876798749 5.913848877 0.004288392 0.996597826 -0.082305036 -0.423546135 -0.879943848 -0.035339616 -0.473761320 2.866448879
-0.491022825 0.071038947 0.868245363 5.965655327 0.002763454 0.996791422 -0.079993628 -0.428462207 -0.871142328 -0.036879342 -0.489643693 2.838420391
-0.506893635 0.071689993 0.859022379 6.004261494 0.002684496 0.996662021 -0.081592694 -0.432020605 -0.862004399 -0.039052777 -0.505394161 2.816105127
-0.522868335 0.070247360 0.849513948 6.054152489 0.000760220 0.996636629 -0.081945203 -0.436928123 -0.852413058 -0.042200740 -0.521163106 2.786256313
-0.538320422 0.069066904 0.839905262 6.091279030 0.000023449 0.996637225 -0.081940226 -0.440684557 -0.842740238 -0.044090409 -0.536511898 2.762383938
-0.554313660 0.068991676 0.829443514 6.140234947 -0.000907801 0.996507764 -0.083494492 -0.445462555 -0.832307279 -0.047035113 -0.552315295 2.731168985
-0.569878042 0.068511218 0.818868279 6.176201820 -0.000695137 0.996477723 -0.083854824 -0.449323297 -0.821728826 -0.048356242 -0.567823112 2.706875324
-0.584927022 0.065683462 0.808421850 6.223148823 -0.001257090 0.996640921 -0.081885621 -0.454242051 -0.811084747 -0.048913389 -0.582879722 2.673826933
-0.599534214 0.062794909 0.797881901 6.259142876 -0.000855473 0.996866405 -0.079098210 -0.457656503 -0.800348580 -0.048104655 -0.597601831 2.647046089
-0.614804864 0.060252536 0.786374331 6.306818962 -0.001325857 0.996997118 -0.077427186 -0.462593913 -0.788678169 -0.048645232 -0.612878799 2.610695362
-0.629399836 0.058595054 0.774869323 6.341300011 -0.002112389 0.997020423 -0.077109776 -0.466277599 -0.777078867 -0.050169691 -0.627400696 2.582920313
-0.644105673 0.059836254 0.762592435 6.387268066 -0.002715710 0.996750653 -0.080503054 -0.471710086 -0.764931679 -0.053923454 -0.641850293 2.544982910
-0.659755349 0.059497040 0.749121368 6.420325756 -0.004263594 0.996548414 -0.082903259 -0.475313187 -0.751468301 -0.057889830 -0.657224536 2.516760111
-0.675340533 0.055631325 0.735404849 6.466216087 -0.007167392 0.996608794 -0.081972674 -0.480560660 -0.737471223 -0.060630392 -0.672651529 2.476156950
-0.691555440 0.048003763 0.720726371 6.499443531 -0.010254728 0.997036278 -0.076246962 -0.484987557 -0.722250462 -0.060119860 -0.689013541 2.445223808
-0.708484709 0.045370948 0.704266191 6.543800831 -0.011974895 0.997014642 -0.076277316 -0.489840269 -0.705624580 -0.062474821 -0.705826342 2.402348042
-0.725745678 0.042918257 0.686623096 6.575444221 -0.013566379 0.996965170 -0.076655962 -0.493319899 -0.687829494 -0.064947717 -0.722960949 2.369734526
-0.742882073 0.038363587 0.668322206 6.606710434 -0.017647170 0.996887207 -0.076840095 -0.497114092 -0.669189751 -0.068877116 -0.739892602 2.335876226
-0.759555936 0.037117746 0.649382055 6.653561592 -0.016449699 0.996954918 -0.076225065 -0.502776206 -0.650233984 -0.068579324 -0.756632447 2.283924580
-0.775689781 0.038590550 0.629933536 6.683483124 -0.014639493 0.996759951 -0.079089656 -0.506885886 -0.630944610 -0.070570931 -0.772611678 2.248526096
-0.791121840 0.038816765 0.610425591 6.710516930 -0.010716865 0.996951342 -0.077285059 -0.510051668 -0.611564696 -0.067683727 -0.788294077 2.214430332
-0.805548310 0.039840404 0.591188908 6.754137039 -0.007043238 0.997022629 -0.076786704 -0.516546547 -0.592487872 -0.066019312 -0.802869558 2.157968521
-0.820107222 0.039781071 0.570825160 6.780849457 -0.006662167 0.996848941 -0.079042435 -0.520589948 -0.572170734 -0.068626232 -0.817258298 2.120645046
-0.833966911 0.041128069 0.550279498 6.807056427 -0.005987699 0.996485412 -0.083552189 -0.524692774 -0.551781833 -0.072974689 -0.830789685 2.081994534
-0.846152246 0.042724144 0.531225979 6.842953682 -0.002058819 0.996512055 -0.083424360 -0.530519485 -0.532937407 -0.071683414 -0.843112946 2.024317741
-0.857756913 0.041070789 0.512412310 6.865976810 -0.000617276 0.996720195 -0.080922276 -0.534112215 -0.514055312 -0.069727935 -0.854918301 1.985603094
-0.867959201 0.042628832 0.494802564 6.889321327 0.002026515 0.996604979 -0.082305931 -0.538779199 -0.496631324 -0.070435464 -0.865099013 1.943140864
-0.877469063 0.045206219 0.477498114 6.922216415 0.004493187 0.996279478 -0.086064018 -0.544775069 -0.479612172 -0.073373005 -0.874407530 1.885710359
-0.886860669 0.043442652 0.459989935 6.945676327 0.003188521 0.996121585 -0.087928876 -0.548595309 -0.462025821 -0.076513968 -0.883559644 1.844592929
-0.894756734 0.039637718 0.444791049 6.965571404 0.000985399 0.996225595 -0.086796753 -0.553805351 -0.446552634 -0.077223681 -0.891418695 1.802591681
-0.902246416 0.037545916 0.429583371 6.985401154 0.000390768 0.996273100 -0.086254314 -0.558690727 -0.431220889 -0.077654772 -0.898898363 1.762413740
-0.908613980 0.036505625 0.416038513 7.019029617 0.000753172 0.996313930 -0.085777432 -0.565672040 -0.417636305 -0.077625230 -0.905292332 1.692955017
-0.914723456 0.034049511 0.402643502 7.037745476 -0.000553003 0.996336997 -0.085511461 -0.569116533 -0.404080272 -0.078441985 -0.911353946 1.651237488
-0.920166373 0.028529488 0.390486956 7.055288315 -0.003885362 0.996627152 -0.081970572 -0.573358774 -0.391508400 -0.076943755 -0.916951895 1.607276440
-0.925780237 0.025540341 0.377198547 7.084400177 -0.004311500 0.996937335 -0.078085199 -0.580188572 -0.378037572 -0.073916011 -0.922834754 1.544155955
-0.929862320 0.025672451 0.367011040 7.101295948 -0.001921539 0.997209907 -0.074623346 -0.584299505 -0.367902815 -0.070094652 -0.927218497 1.500505328
-0.933158875 0.029600359 0.358243704 7.118228912 0.002372648 0.997089386 -0.076205507 -0.588424087 -0.359456688 -0.070261844 -0.930512846 1.457661986
-0.935665846 0.034858242 0.351161122 7.143341541 0.007966489 0.996942163 -0.077735469 -0.593859017 -0.352797121 -0.069936901 -0.933082461 1.394139886
-0.937819421 0.037646201 0.345076025 7.160062313 0.010658853 0.996755958 -0.079773724 -0.597955108 -0.346959859 -0.071135223 -0.935178399 1.351285458
-0.939504087 0.035083782 0.340736210 7.181165695 0.008679859 0.996859848 -0.078708567 -0.603184700 -0.342427641 -0.070989460 -0.936858416 1.293608427
-0.941457570 0.028007519 0.335965931 7.197379112 0.002860144 0.997170806 -0.075113527 -0.606812716 -0.337119162 -0.069755279 -0.938874185 1.250449181
-0.943705320 0.021444000 0.330091536 7.214331627 -0.003046370 0.997290790 -0.073497161 -0.610443115 -0.330773264 -0.070365220 -0.941083252 1.207145452
-0.945266724 0.014474949 0.325977355 7.237607479 -0.010569464 0.997133017 -0.074926704 -0.616380453 -0.326127380 -0.074271135 -0.942403615 1.141249895
-0.946471930 0.012321985 0.322550595 7.253303051 -0.013289853 0.996936142 -0.077081569 -0.620347440 -0.322512120 -0.077242211 -0.943408370 1.096773744
-0.947336674 0.010778049 0.320057958 7.268582821 -0.015512308 0.996715724 -0.079479441 -0.624415219 -0.319863498 -0.080258615 -0.944058120 1.053130507
-0.947452724 0.012567387 0.319648683 7.291004658 -0.014281383 0.996569932 -0.081512034 -0.630487323 -0.319576681 -0.081793837 -0.944023550 0.988596320
-0.947328806 0.016031519 0.319861054 7.306090355 -0.011267179 0.996459723 -0.083312698 -0.634738088 -0.320064276 -0.082528442 -0.943794429 0.943464518
-0.947234869 0.015604663 0.320160300 7.325935364 -0.012147809 0.996349156 -0.084503062 -0.640330911 -0.320309997 -0.083933510 -0.943587124 0.888244867
-0.946803451 0.017529333 0.321334690 7.341399670 -0.010517103 0.996296525 -0.085337915 -0.644920886 -0.321640611 -0.084177762 -0.943112612 0.844382286
-0.946216404 0.018962340 0.322978377 7.356750011 -0.008995659 0.996352971 -0.084850959 -0.649359345 -0.323409438 -0.083192766 -0.942594886 0.801325798
-0.945390403 0.017300520 0.325480461 7.378568649 -0.011466938 0.996206760 -0.086259000 -0.655023456 -0.325738192 -0.085280702 -0.941605985 0.737829089
-0.944217205 0.016252460 0.328921884 7.393911362 -0.012752364 0.996228039 -0.085832387 -0.659641743 -0.329076171 -0.085238956 -0.940448463 0.694757819
-0.942476451 0.014858740 0.333942026 7.410817146 -0.014192451 0.996331990 -0.084386751 -0.663546085 -0.333971024 -0.084271982 -0.938808620 0.648944020
-0.940686882 0.012412550 0.339048624 7.433030605 -0.016250815 0.996535122 -0.081570804 -0.669166565 -0.338886410 -0.082242422 -0.937225759 0.589011431
-0.938322961 0.008000772 0.345667303 7.448758125 -0.020213194 0.996753216 -0.077939972 -0.673547924 -0.345168531 -0.080119915 -0.935114622 0.547454596
-0.935449362 0.012623619 0.353235036 7.464853764 -0.015979975 0.996829808 -0.077942580 -0.677145720 -0.353099167 -0.078556031 -0.932282090 0.505021572
-0.932531893 0.010584758 0.360932469 7.489412308 -0.019370211 0.996664584 -0.079274647 -0.682671130 -0.360567689 -0.080917478 -0.929216444 0.442689896
-0.928942800 0.011189681 0.370054096 7.506032467 -0.020918736 0.996359885 -0.082639962 -0.686317146 -0.369631767 -0.084508866 -0.925327241 0.400876760
-0.924854934 0.014694128 0.380036086 7.523835182 -0.017332185 0.996586680 -0.080712698 -0.690562487 -0.379924864 -0.081234396 -0.921443462 0.359019995
-0.919513345 0.017599784 0.392664641 7.550860405 -0.015866989 0.996520579 -0.081821643 -0.696839392 -0.392738521 -0.081466481 -0.916034758 0.293599844
-0.914124012 0.019172018 0.404981166 7.568888664 -0.015362934 0.996525943 -0.081853285 -0.701449275 -0.405143559 -0.081045754 -0.910653770 0.254083872
-0.907624185 0.022525117 0.419178903 7.595193863 -0.013541581 0.996468484 -0.082867302 -0.706393242 -0.419565171 -0.080888726 -0.904113948 0.195410490
-0.901632845 0.020991867 0.431992441 7.614682198 -0.015030125 0.996697247 -0.079802774 -0.710579991 -0.432240874 -0.078445703 -0.898339570 0.155210018
-0.894773126 0.025195198 0.445809752 7.642761230 -0.012114218 0.996669531 -0.080641501 -0.715751529 -0.446356773 -0.077556483 -0.891487837 0.098442078
-0.887767017 0.027899947 0.459446818 7.663880348 -0.009700021 0.996805668 -0.079273976 -0.719865918 -0.460190922 -0.074833475 -0.884660542 0.057544708
-0.880382001 0.029142225 0.473369032 7.691804886 -0.008555009 0.996972084 -0.077287816 -0.725104570 -0.474188089 -0.072092474 -0.877466857 0.004324675
-0.873112738 0.029621294 0.486617744 7.713539600 -0.007265333 0.997250974 -0.073740274 -0.729453266 -0.487464219 -0.067919001 -0.870497286 -0.034162760
-0.864586651 0.033650406 0.501355648 7.743119240 -0.003193700 0.997366905 -0.072449647 -0.734014332 -0.502473533 -0.064240158 -0.862202704 -0.085981846
-0.855922341 0.037840638 0.515717804 7.766229630 0.001396504 0.997484446 -0.070872374 -0.737542927 -0.517102361 -0.059941042 -0.853822112 -0.123477221
-0.845322490 0.039969653 0.532759368 7.796081543 0.003257159 0.997564614 -0.069673046 -0.742341936 -0.534246743 -0.057160895 -0.843393803 -0.172447443
-0.834285915 0.042426638 0.549697399 7.819575310 0.005986792 0.997673154 -0.067915946 -0.746261477 -0.551299691 -0.053370394 -0.832598448 -0.209176064
-0.823039651 0.044810101 0.566213429 7.852191925 0.008177236 0.997714579 -0.067072734 -0.750831842 -0.567925036 -0.050573472 -0.821524978 -0.257003784
-0.811713398 0.047408272 0.582128704 7.877924919 0.010255075 0.997703433 -0.066952892 -0.754017174 -0.583966017 -0.048376799 -0.810335338 -0.291908979
-0.798617840 0.049014512 0.599839151 7.911546707 0.011440960 0.997734368 -0.066295289 -0.758890510 -0.601729631 -0.046081863 -0.797369361 -0.338742256
-0.785262823 0.049053852 0.617216349 7.938943863 0.011797579 0.997861028 -0.064296305 -0.762315273 -0.619050205 -0.043207832 -0.784161985 -0.372446299
-0.769900024 0.049861480 0.636213720 7.974659920 0.013312936 0.997980833 -0.062103622 -0.767259479 -0.638025701 -0.039343707 -0.769009292 -0.417918921
-0.753314257 0.053748213 0.655460775 8.002997398 0.016138194 0.997865379 -0.063278168 -0.770100117 -0.657462776 -0.037090391 -0.752573550 -0.450771570
-0.736085057 0.055835217 0.674582124 8.041168213 0.016138261 0.997756362 -0.064974748 -0.774501324 -0.676696539 -0.036940362 -0.735334635 -0.493223667
-0.719038427 0.056343868 0.692682624 8.071475983 0.014073652 0.997684300 -0.066544019 -0.777228355 -0.694827855 -0.038099136 -0.718166113 -0.523710728
-0.699775994 0.056776796 0.712102413 8.110508919 0.015473453 0.997807384 -0.064350791 -0.782138467 -0.714194715 -0.034012452 -0.699120224 -0.562669754
-0.679866731 0.056193300 0.731179476 8.141616821 0.013572758 0.997853279 -0.064067721 -0.785288036 -0.733210027 -0.033633396 -0.679170012 -0.591784000
