0.999996483 -0.002290382 -0.001302086 -0.000201649 0.002294271 0.999992788 0.002993381 -0.000739356 0.001295224 -0.002996358 0.999994695 0.061875246
0.999993145 -0.002901867 -0.002296183 -0.001161260 0.002910076 0.999989271 0.003579780 -0.001230163 0.002285774 -0.003586438 0.999990940 0.119652294
0.999989629 -0.001884781 -0.004116300 -0.001096837 0.001899962 0.999991298 0.003687273 -0.002076736 0.004109323 -0.003695056 0.999984741 0.185717374
0.999984562 -0.000905753 -0.005494818 -0.002007623 0.000925128 0.999993265 0.003524552 -0.002725909 0.005491588 -0.003529581 0.999978662 0.246664777
0.999977648 -0.000643658 -0.006648890 -0.003027711 0.000667706 0.999993205 0.003615326 -0.003270719 0.006646518 -0.003619686 0.999971330 0.307641029
0.999963939 -0.000981029 -0.008430343 -0.003587499 0.001015305 0.999991238 0.004062380 -0.003849865 0.008426283 -0.004070794 0.999956250 0.365698546
0.999943197 -0.002616099 -0.010329385 -0.004335774 0.002648343 0.999991655 0.003109213 -0.004697209 0.010321162 -0.003136392 0.999941826 0.429929584
0.999933839 -0.005059674 -0.010326260 -0.006610212 0.005103024 0.999978244 0.004175978 -0.005480867 0.010304905 -0.004228396 0.999938011 0.486262292
0.999910772 -0.004085708 -0.012729559 -0.006252097 0.004132863 0.999984622 0.003680141 -0.006222740 0.012714325 -0.003732421 0.999912262 0.551574349
0.999889612 -0.003697996 -0.014395110 -0.007041181 0.003749966 0.999986410 0.003584830 -0.007002949 0.014381654 -0.003638414 0.999890029 0.608684599
0.999897003 -0.001725078 -0.014248247 -0.008441938 0.001782371 0.999990225 0.004009293 -0.007163743 0.014241197 -0.004034275 0.999890506 0.672194719
0.999876916 -0.001860300 -0.015578379 -0.008754661 0.001933929 0.999986947 0.004712638 -0.007612145 0.015569412 -0.004742186 0.999867618 0.727427721
0.999880493 0.000707504 -0.015436652 -0.010826925 -0.000619405 0.999983490 0.005711212 -0.008358152 0.015440442 -0.005700967 0.999864578 0.791376352
0.999868572 0.000595702 -0.016195465 -0.011407109 -0.000505528 0.999984264 0.005571386 -0.009164126 0.016198531 -0.005562466 0.999853373 0.845458448
0.999862432 0.002312147 -0.016423896 -0.013184673 -0.002224600 0.999983191 0.005346618 -0.008856870 0.016435988 -0.005309347 0.999850810 0.909356534
0.999851882 0.002045281 -0.017084787 -0.014034197 -0.001954457 0.999983907 0.005331041 -0.008959834 0.017095421 -0.005296861 0.999839783 0.964087725
0.999869585 0.003445605 -0.015776886 -0.015696401 -0.003339658 0.999971688 0.006736681 -0.009271892 0.015799658 -0.006683113 0.999852836 1.017690897
0.999847054 0.003763537 -0.017079011 -0.016108630 -0.003661477 0.999975324 0.006003039 -0.010594482 0.017101180 -0.005939588 0.999836147 1.085826874
0.999842823 0.004538567 -0.017135715 -0.017433707 -0.004467619 0.999981165 0.004176336 -0.011026258 0.017154349 -0.004099124 0.999844491 1.135868073
0.999859750 0.003041607 -0.016466156 -0.018042674 -0.002981707 0.999988854 0.003661073 -0.011701368 0.016477106 -0.003611462 0.999857783 1.191392422
0.999866366 0.002328106 -0.016180836 -0.019734783 -0.002225065 0.999977171 0.006383174 -0.012317502 0.016195327 -0.006346318 0.999848723 1.259270906
0.999879122 0.000977867 -0.015512923 -0.021484522 -0.000861510 0.999971449 0.007505578 -0.012813120 0.015519820 -0.007491307 0.999851465 1.312107682
0.999888718 0.000358240 -0.014917325 -0.022364872 -0.000244961 0.999971151 0.007594947 -0.013650349 0.014919614 -0.007590448 0.999859869 1.362756610
0.999884903 -0.000335898 -0.015165563 -0.023035569 0.000413281 0.999986827 0.005099654 -0.013752162 0.015163654 -0.005105334 0.999872029 1.428868294
0.999898553 0.001261702 -0.014179450 -0.024912942 -0.001205563 0.999991298 0.003966999 -0.014141843 0.014184334 -0.003949502 0.999891639 1.478406668
0.999902844 0.000751955 -0.013912179 -0.025394300 -0.000698720 0.999992311 0.003830889 -0.015421367 0.013914955 -0.003820796 0.999895930 1.528926253
0.999922752 0.002391227 -0.012207682 -0.026680233 -0.002336176 0.999987066 0.004521779 -0.015605442 0.012218339 -0.004492909 0.999915242 1.590913057
0.999934196 0.003311384 -0.010983650 -0.026860060 -0.003242074 0.999974787 0.006322063 -0.015698291 0.011004307 -0.006286036 0.999919713 1.637681365
0.999953747 0.002439598 -0.009297575 -0.027280312 -0.002364222 0.999964356 0.008109455 -0.017114516 0.009317027 -0.008087099 0.999923885 1.686172485
0.999972224 0.002226831 -0.007109378 -0.028351970 -0.002170079 0.999965787 0.007980398 -0.017210778 0.007126904 -0.007964749 0.999942839 1.747478962
0.999990284 0.002666889 -0.003497816 -0.028599121 -0.002642070 0.999971449 0.007081005 -0.017462313 0.003516600 -0.007071696 0.999968767 1.792943716
0.999998748 0.001593483 0.000246608 -0.028900754 -0.001594767 0.999984622 0.005297530 -0.017782591 -0.000238163 -0.005297914 0.999985933 1.837891936
0.999992430 0.002066616 0.003326760 -0.028185058 -0.002078434 0.999991536 0.003552848 -0.018112294 -0.003319390 -0.003559734 0.999988139 1.883289099
0.999968708 0.002066042 0.007623810 -0.028668657 -0.002100353 0.999987602 0.004495365 -0.019228231 -0.007614426 -0.004511237 0.999960899 1.947117925
0.999907434 0.002677579 0.013337458 -0.028708015 -0.002734433 0.999987185 0.004246363 -0.019672040 -0.013325918 -0.004282440 0.999902070 1.990467191
0.999795437 0.004235041 0.019778188 -0.028145500 -0.004299424 0.999985576 0.003213912 -0.020377675 -0.019764291 -0.003298289 0.999799311 2.033477306
0.999605238 0.006065246 0.027431309 -0.027811900 -0.006151173 0.999976337 0.003049178 -0.020076426 -0.027412169 -0.003216709 0.999619067 2.070453167
0.999341190 0.006737531 0.035659563 -0.026532508 -0.006889158 0.999967635 0.004130917 -0.021018360 -0.035630580 -0.004373860 0.999355555 2.135057688
0.998886347 0.009611268 0.046191767 -0.024660803 -0.009811718 0.999943316 0.004114774 -0.020836035 -0.046149604 -0.004563412 0.998924196 2.177231550
0.998125434 0.010927087 0.060217131 -0.025721401 -0.011256284 0.999923348 0.005130353 -0.021768145 -0.060156465 -0.005798557 0.998172164 2.186474562
0.997156978 0.013812040 0.074074164 -0.021183401 -0.014172147 0.999890089 0.004338014 -0.021344043 -0.074006110 -0.005375471 0.997243345 2.250282049
0.995779276 0.015710954 0.090426825 -0.016364202 -0.016348785 0.999846399 0.006317126 -0.023059700 -0.090313710 -0.007768830 0.995883048 2.318321466
0.994046867 0.016525794 0.107693478 -0.012490243 -0.017422950 0.999820828 0.007395046 -0.023598092 -0.107551999 -0.009227360 0.994156659 2.354982138
0.991783619 0.015245817 0.127015308 -0.007769346 -0.016189527 0.999848425 0.006400828 -0.024362754 -0.126898497 -0.008404553 0.991880059 2.395082951
0.988954723 0.014973483 0.147459656 -0.003559202 -0.015886273 0.999861240 0.005014264 -0.024190422 -0.147364140 -0.007301464 0.989055395 2.430293322
0.985628188 0.011454755 0.168539882 0.005881190 -0.012497075 0.999908745 0.005124980 -0.025419015 -0.168465778 -0.007157581 0.985681593 2.490436792
0.981746376 0.007409674 0.190050274 0.013549626 -0.008893177 0.999936223 0.006954174 -0.025608113 -0.189986646 -0.008517385 0.981749833 2.527251244
0.976930201 0.001955624 0.213549867 0.020288110 -0.003961377 0.999951959 0.008964925 -0.026474575 -0.213522092 -0.009604058 0.976891041 2.561800718
0.971511662 -0.003460130 0.236966372 0.029171050 0.001578372 0.999965668 0.008130290 -0.026681781 -0.236986339 -0.007524651 0.971483946 2.597181082
0.964812517 -0.009684445 0.262760341 0.043204784 0.008373708 0.999946237 0.006107721 -0.026829256 -0.262805372 -0.003692528 0.964841783 2.652762651
0.957133591 -0.013313581 0.289340943 0.053549886 0.011789859 0.999905825 0.007008542 -0.027405469 -0.289407074 -0.003296821 0.957200408 2.687988758
0.948640227 -0.016061323 0.315948635 0.064509809 0.013834185 0.999861062 0.009290827 -0.027485663 -0.316054016 -0.004442763 0.948730767 2.719852448
0.938564301 -0.020256141 0.344509363 0.075895190 0.017149480 0.999780059 0.012062948 -0.027705416 -0.344677925 -0.005413698 0.938705385 2.753715515
0.927702248 -0.023058370 0.372608304 0.094895542 0.020364143 0.999730170 0.011165327 -0.027623890 -0.372765273 -0.002770251 0.927921593 2.802274942
0.915487587 -0.022130430 0.401737183 0.108203351 0.021021452 0.999753177 0.007169093 -0.027706861 -0.401796788 0.001881886 0.915727019 2.832946301
0.902240992 -0.022911200 0.430623233 0.123335004 0.024447065 0.999699116 0.001967304 -0.028149333 -0.430538774 0.008752494 0.902529716 2.864583969
0.887858868 -0.025741098 0.459395349 0.139115095 0.028675644 0.999588549 0.000589006 -0.029635537 -0.459221601 0.012650507 0.888231754 2.895117521
0.872226834 -0.025678525 0.488427103 0.156010270 0.027358629 0.999618769 0.003697195 -0.029937845 -0.488335848 0.010137904 0.872596979 2.924139500
0.855130136 -0.024704488 0.517824233 0.184411526 0.024063926 0.999678731 0.007953980 -0.029034080 -0.517854512 0.005659195 0.855450094 2.971350431
0.835084021 -0.024733854 0.549566090 0.201947689 0.022393271 0.999689162 0.010964831 -0.028789919 -0.549666524 0.003150028 0.835378230 2.999652386
0.814179063 -0.018799527 0.580309391 0.221294761 0.018431243 0.999808729 0.006530305 -0.029435204 -0.580321133 0.005378987 0.814369917 3.025904655
0.791871607 -0.011920783 0.610571325 0.241550803 0.015936822 0.999872327 -0.001147544 -0.029304180 -0.610479653 0.010639274 0.791960478 3.053512335
0.769773126 -0.009601152 0.638245285 0.272610545 0.014977620 0.999883235 -0.003022880 -0.030104680 -0.638141811 0.011886331 0.769827008 3.091808796
0.746615827 -0.012133265 0.665144682 0.294485331 0.016050778 0.999871135 0.000222411 -0.030624485 -0.665061653 0.010510040 0.746714354 3.115994930
0.720629156 -0.012155490 0.693214178 0.306946278 0.016276756 0.999867320 0.000612179 -0.030888468 -0.693129718 0.010842124 0.720731318 3.129014015
0.696105659 -0.010311280 0.717865288 0.348780155 0.017128857 0.999850690 -0.002247991 -0.031598736 -0.717735052 0.013861055 0.696178317 3.172271490
0.669433653 -0.008200073 0.742826641 0.372647762 0.016925462 0.999847829 -0.004215850 -0.032477356 -0.742679179 0.015394915 0.669470549 3.194258451
0.642582595 -0.005928874 0.766193390 0.397678614 0.015418713 0.999867558 -0.005194131 -0.032922447 -0.766061306 0.015151376 0.642588913 3.215234280
0.613779128 -0.003979569 0.789467812 0.423574090 0.014987667 0.999865651 -0.006612151 -0.033527654 -0.789335608 0.015890680 0.613756359 3.236665249
0.585322917 0.002374397 0.810796738 0.462100148 0.014905199 0.999795198 -0.013688099 -0.033651393 -0.810663283 0.020097047 0.585167646 3.265648842
0.555025935 0.012052104 0.831745684 0.489718318 0.013439058 0.999634564 -0.023452755 -0.034338154 -0.831724405 0.024194770 0.554661095 3.284555435
0.524420142 0.020023983 0.851224005 0.517724872 0.012698020 0.999428391 -0.031333271 -0.035657551 -0.851364911 0.027240664 0.523866117 3.301447868
0.492421567 0.025119705 0.869994283 0.556557894 0.010428096 0.999341309 -0.034756754 -0.036747076 -0.870294333 0.026187364 0.491835326 3.324634075
0.459649742 0.024469092 0.887763202 0.586202145 0.009055042 0.999439240 -0.032235526 -0.037894323 -0.888054132 0.022855790 0.459170371 3.340425968
0.426997840 0.023808358 0.903939188 0.617661238 0.004903433 0.999577701 -0.028643578 -0.038581997 -0.904239297 0.016663156 0.426700741 3.355134010
0.392100066 0.024721049 0.919590354 0.659713626 -0.000035509 0.999639213 -0.026857840 -0.041038934 -0.919922650 0.010498305 0.391959429 3.374783993
0.356513172 0.028065868 0.933868647 0.691769600 -0.007161184 0.999601305 -0.027307509 -0.042179018 -0.934262931 0.003047879 0.356572002 3.387854338
0.320625275 0.029619198 0.946742833 0.732099116 -0.011388603 0.999559224 -0.027414693 -0.043512292 -0.947137773 -0.001992235 0.320821255 3.402298689
0.284369856 0.028598450 0.958288014 0.765600383 -0.013471675 0.999575436 -0.025832910 -0.044788834 -0.958620012 -0.005563641 0.284634411 3.412907362
0.248048186 0.028433252 0.968330324 0.807892919 -0.014748174 0.999564111 -0.025572477 -0.046426304 -0.968635440 -0.007937901 0.248359382 3.424166203
0.212482601 0.027840370 0.976768136 0.842989147 -0.013646874 0.999581099 -0.025521906 -0.047450814 -0.977069616 -0.007906872 0.212773487 3.431536198
0.177757740 0.026700446 0.983711958 0.877602398 -0.011671900 0.999618709 -0.025023073 -0.048720904 -0.984005153 -0.007033747 0.178001583 3.437257767
0.142149210 0.025932141 0.989505529 0.925796509 -0.003223175 0.999663532 -0.025735324 -0.050214499 -0.989839971 0.000468908 0.142184973 3.445374489
0.108222917 0.029333053 0.993693829 0.960897803 -0.000964728 0.999567151 -0.029401362 -0.051680092 -0.994126081 0.002223258 0.108204387 3.449233770
0.076028988 0.033937696 0.996528029 0.997105241 -0.000930147 0.999422431 -0.033965316 -0.053236008 -0.997105122 0.001655432 0.076016665 3.451630831
0.046613537 0.038006932 0.998189628 1.046264052 0.006470473 0.999243498 -0.038349204 -0.055124506 -0.998892069 0.008246350 0.046332341 3.454533815
0.021533040 0.036854576 0.999088585 1.082673192 0.007820925 0.999283433 -0.037030332 -0.056143694 -0.999737561 0.008611170 0.021229373 3.454839230
-0.001187898 0.033109713 0.999450982 1.119351268 0.009066601 0.999410987 -0.033097606 -0.058274701 -0.999958217 0.009022306 -0.001487393 3.455280304
-0.019893136 0.030606538 0.999333560 1.168971896 0.010124023 0.999486268 -0.030409679 -0.060375497 -0.999750853 0.009512331 -0.020192774 3.454177380
-0.036566935 0.033945147 0.998754501 1.205122590 0.013077557 0.999353647 -0.033486705 -0.061697450 -0.999245644 0.011836761 -0.036987215 3.452926874
-0.050969690 0.037908502 0.997980475 1.242161751 0.015155416 0.999193609 -0.037180550 -0.063612834 -0.998585165 0.013229729 -0.051503114 3.450954914
-0.062650979 0.043549467 0.997084916 1.293785214 0.019095607 0.998916924 -0.042429630 -0.065600052 -0.997852862 0.016381688 -0.063414730 3.447284937
-0.071857408 0.047254402 0.996294975 1.330870986 0.023242667 0.998685122 -0.045691404 -0.067071736 -0.997144103 0.019873291 -0.072861262 3.444954395
-0.078355737 0.052257650 0.995554805 1.367678881 0.027369281 0.998361528 -0.050250851 -0.069647923 -0.996549845 0.023310188 -0.079657614 3.442166090
-0.081253551 0.056994542 0.995062530 1.418364167 0.030100513 0.998048544 -0.054707665 -0.072121821 -0.996238828 0.025506703 -0.082810573 3.437665939
-0.084231406 0.061253555 0.994561732 1.454616308 0.031479336 0.997774124 -0.058785360 -0.074490502 -0.995948851 0.026356572 -0.085972145 3.434592247
-0.086294599 0.064570211 0.994174898 1.493299961 0.031837620 0.997566581 -0.062026974 -0.076666050 -0.995760858 0.026299579 -0.088140354 3.430960894
-0.088841856 0.067679688 0.993743598 1.544882298 0.034240711 0.997306585 -0.064861178 -0.080330253 -0.995457053 0.028264103 -0.090919934 3.426443815
-0.090749882 0.070904627 0.993346274 1.582320452 0.035756819 0.997050941 -0.067902409 -0.083335429 -0.995231509 0.029356776 -0.093017593 3.422873735
-0.092962295 0.072425276 0.993031979 1.619122028 0.038471941 0.996867418 -0.069103457 -0.086054400 -0.994926035 0.031779855 -0.095457397 3.419086218
-0.095039174 0.071014121 0.992937326 1.670922041 0.038166806 0.996978760 -0.067650013 -0.090580538 -0.994741619 0.031467844 -0.097462408 3.414342642
-0.097483903 0.070916437 0.992707193 1.708468676 0.037105802 0.997023523 -0.067580983 -0.093177542 -0.994545162 0.030247143 -0.099825151 3.410988331
-0.100201420 0.072211109 0.992343307 1.747139931 0.037210438 0.996936977 -0.068788081 -0.096108980 -0.994271040 0.030032860 -0.102581523 3.407475710
-0.102000415 0.073938020 0.992032826 1.797621727 0.037925757 0.996798098 -0.070393652 -0.100294903 -0.994061112 0.030443415 -0.104477972 3.401937723
-0.104617566 0.076542683 0.991562545 1.836363792 0.035136621 0.996695757 -0.073231742 -0.102825142 -0.993891597 0.027178837 -0.106961340 3.397566795
-0.107301816 0.080020949 0.991000950 1.875065923 0.032679740 0.996501207 -0.076926619 -0.105971009 -0.993689239 0.024131296 -0.109541439 3.394100904
-0.109021589 0.083829172 0.990498304 1.925799608 0.031276178 0.996233582 -0.080872096 -0.110466756 -0.993547201 0.022162197 -0.111232817 3.388088703
-0.111798726 0.086375117 0.989969850 1.964737535 0.028028116 0.996093035 -0.083744109 -0.113413744 -0.993335485 0.018384507 -0.113782838 3.383683443
-0.114262417 0.084049091 0.989888787 2.003163815 0.027800631 0.996294856 -0.081384011 -0.117491327 -0.993061483 0.018220395 -0.116175681 3.379104614
-0.117689468 0.080775835 0.989759803 2.056002378 0.024441317 0.996619940 -0.078429475 -0.121162727 -0.992749631 0.014960713 -0.119265921 3.373569250
-0.120921351 0.079059325 0.989508808 2.094210625 0.024480900 0.996757686 -0.076646872 -0.124470621 -0.992360175 0.014955826 -0.122464731 3.369513035
-0.122303508 0.079831041 0.989276946 2.133588791 0.023658050 0.996711016 -0.077506155 -0.127134979 -0.992210686 0.013925090 -0.123789907 3.364138126
-0.123103462 0.082990251 0.988917768 2.171984911 0.024840774 0.996442556 -0.080529518 -0.130201250 -0.992082834 0.014652021 -0.124727078 3.358213902
-0.124047518 0.085039325 0.988625467 2.229944468 0.025620358 0.996263146 -0.082481593 -0.136011124 -0.991945446 0.015097302 -0.125762731 3.352000713
-0.122943297 0.086138561 0.988668263 2.269497871 0.024192356 0.996190131 -0.083785504 -0.139007777 -0.992118716 0.013617347 -0.124558784 3.345693111
-0.124633141 0.084163055 0.988626838 2.309453726 0.022157673 0.996383429 -0.082030021 -0.142941460 -0.991955459 0.011682010 -0.126047269 3.342705250
-0.124444783 0.083331250 0.988721073 2.362971306 0.017043885 0.996499598 -0.081841633 -0.148176730 -0.992080152 0.006666890 -0.125429451 3.335913181
-0.125061959 0.084368475 0.988555133 2.402724504 0.012999595 0.996431649 -0.083396114 -0.151737317 -0.992063820 0.002421136 -0.125712425 3.331669569
-0.125023544 0.084800832 0.988523126 2.441919804 0.009206018 0.996396899 -0.084311955 -0.154740989 -0.992111027 -0.001440615 -0.125353739 3.326474905
-0.126003057 0.083871782 0.988478005 2.482968092 0.006014496 0.996465921 -0.083782874 -0.159019262 -0.992011607 -0.004611699 -0.126062140 3.321880341
-0.125226438 0.078537531 0.989014745 2.541707754 0.006096754 0.996903956 -0.078392051 -0.164137393 -0.992109358 -0.003786979 -0.125317574 3.313856602
-0.125929266 0.070079736 0.989560902 2.583994389 0.009957246 0.997540712 -0.069377735 -0.167182386 -0.991989255 0.001116613 -0.126317412 3.308905602
-0.126508221 0.064719029 0.989852011 2.623642683 0.015472467 0.997876704 -0.063266255 -0.170280546 -0.991844833 0.007311753 -0.127240986 3.303884268
-0.124550872 0.067578398 0.989909112 2.679811001 0.023845991 0.997593582 -0.065102696 -0.173972815 -0.991926610 0.015496772 -0.125862613 3.295955181
-0.123150103 0.073819183 0.989638686 2.721178293 0.028674426 0.997077942 -0.070805848 -0.176504627 -0.991973758 0.019657575 -0.124906980 3.290572643
-0.122249112 0.079865642 0.989280879 2.762623549 0.034080543 0.996507168 -0.076237567 -0.179226652 -0.991914153 0.024395257 -0.124543980 3.285730362
-0.120883651 0.083685175 0.989132941 2.818424225 0.034116305 0.996201694 -0.080113813 -0.184261411 -0.992080212 0.024061117 -0.123279542 3.277391434
-0.121291779 0.081389979 0.989274561 2.859438658 0.029553637 0.996486962 -0.078359894 -0.187227994 -0.992176831 0.019732254 -0.123271056 3.272546291
-0.121790290 0.076699436 0.989587963 2.887705326 0.030808952 0.996821523 -0.073468357 -0.189445853 -0.992077589 0.021540435 -0.123766199 3.269676208
-0.119845688 0.074421957 0.989999115 2.958024502 0.027343689 0.997055471 -0.071642280 -0.195117056 -0.992415965 0.018484207 -0.121527776 3.259214401
-0.120459020 0.075878397 0.989814103 2.999064922 0.026955022 0.996956944 -0.073145576 -0.197906971 -0.992352366 0.017869418 -0.122137763 3.255294800
-0.119820789 0.081547931 0.989440620 3.051854372 0.026170922 0.996534050 -0.078963265 -0.201133847 -0.992450655 0.016433133 -0.121539652 3.248312950
-0.118299313 0.083049543 0.989498794 3.093644857 0.026123960 0.996411681 -0.080506511 -0.205553144 -0.992634356 0.016325762 -0.120044410 3.242650986
-0.118056200 0.082060665 0.989610434 3.135867119 0.025989588 0.996493518 -0.079530992 -0.208588928 -0.992666721 0.016330443 -0.119774975 3.237565041
-0.118028380 0.076347008 0.990070939 3.193995476 0.028019642 0.996899068 -0.073533267 -0.212685734 -0.992614806 0.019062422 -0.119801641 3.231176376
-0.118565693 0.074828707 0.990122676 3.235869646 0.027464280 0.997022033 -0.072061323 -0.216135234 -0.992566288 0.018649004 -0.120267749 3.226425648
-0.118621111 0.076930091 0.989954889 3.278786421 0.024573170 0.996916234 -0.074526586 -0.219734788 -0.992635489 0.015485902 -0.120145731 3.221647739
-0.117515251 0.081247561 0.989741862 3.339554071 0.024379294 0.996583343 -0.078914538 -0.223874480 -0.992771804 0.014855553 -0.119094491 3.213726044
-0.117485866 0.080521822 0.989804626 3.382923126 0.023894658 0.996648073 -0.078242317 -0.227659315 -0.992787063 0.014458680 -0.119016089 3.208764315
-0.116482899 0.077718809 0.990147114 3.427307129 0.023635671 0.996868134 -0.075465806 -0.230553165 -0.992911398 0.014612317 -0.117955044 3.203164816
-0.115506202 0.076437607 0.990361333 3.472608089 0.023708956 0.996962786 -0.074181922 -0.234712869 -0.993023813 0.014911965 -0.116967656 3.197629929
-0.115798622 0.075747624 0.990380228 3.533370495 0.024566513 0.997001290 -0.073381640 -0.240619659 -0.992969036 0.015832692 -0.117312223 3.191824436
-0.114717595 0.077761322 0.990349948 3.578886271 0.025781749 0.996828854 -0.075283602 -0.242848814 -0.993063688 0.016896602 -0.116358615 3.186556339
-0.113979667 0.076352179 0.990544736 3.622572660 0.025236417 0.996943235 -0.073941469 -0.246942401 -0.993162513 0.016569978 -0.115558125 3.181841850
-0.112689108 0.075651936 0.990746081 3.681105614 0.026672680 0.996968389 -0.073093258 -0.252698630 -0.993272185 0.018189041 -0.114365339 3.175025225
-0.111846834 0.074785113 0.990907371 3.725533962 0.026870854 0.997027159 -0.072213978 -0.255493462 -0.993362129 0.018549629 -0.113523871 3.170325279
-0.111343026 0.075479738 0.990911365 3.770570040 0.024064718 0.997023880 -0.073241316 -0.258334398 -0.993490696 0.015691092 -0.112828054 3.165702343
-0.108852908 0.072608583 0.991402507 3.829955578 0.026503345 0.997186244 -0.070122190 -0.263765663 -0.993704498 0.018642478 -0.110470980 3.158585310
-0.106569603 0.073429421 0.991590083 3.875288486 0.025723286 0.997139096 -0.071075775 -0.267323613 -0.993972421 0.017932443 -0.108153567 3.153429985
-0.105397835 0.076319315 0.991497338 3.930577278 0.025269989 0.996934056 -0.074051596 -0.271191478 -0.994109035 0.017250245 -0.107003309 3.147460938
-0.104236923 0.074640878 0.991747677 3.975524664 0.023967665 0.997078598 -0.072523005 -0.274903893 -0.994263709 0.016210299 -0.105721392 3.142739534
-0.103899419 0.073290840 0.991883636 4.031737804 0.019618820 0.997238159 -0.071631387 -0.279487550 -0.994394302 0.012017126 -0.105050348 3.137190342
-0.103721246 0.074735790 0.991794527 4.076372147 0.015178897 0.997175694 -0.073553868 -0.282507658 -0.994490564 0.007425247 -0.104562715 3.132288218
-0.103343770 0.073703848 0.991911292 4.133222103 0.014043136 0.997259557 -0.072638147 -0.287449688 -0.994546533 0.006422848 -0.104095593 3.126070023
-0.104295321 0.071104467 0.992001295 4.179062843 0.012083095 0.997457862 -0.070225209 -0.290997505 -0.994472980 0.004662288 -0.104889356 3.121262074
-0.105595544 0.070234589 0.991925836 4.236566067 0.009110179 0.997528970 -0.069661520 -0.295092463 -0.994367421 0.001680680 -0.105974488 3.115543127
-0.107096188 0.069408044 0.991823018 4.282605648 0.006681606 0.997587860 -0.069090016 -0.298630327 -0.994226217 -0.000772304 -0.107301645 3.110892057
-0.109151132 0.069453970 0.991595685 4.340464592 0.006762643 0.997584701 -0.069129042 -0.302994549 -0.994002163 -0.000839706 -0.109357215 3.105077505
-0.111708514 0.068461895 0.991379857 4.386925697 0.005261883 0.997650802 -0.068302028 -0.306333721 -0.993727088 -0.002413392 -0.111806341 3.100205660
-0.114895619 0.063516445 0.991344988 4.444178581 0.003549634 0.997973561 -0.063529767 -0.310332775 -0.993371248 -0.003780381 -0.114888258 3.093725681
-0.118811324 0.063176304 0.990904927 4.489828587 0.002842336 0.997991264 -0.063287303 -0.313794255 -0.992912829 -0.004702762 -0.118752211 3.088271618
-0.124363646 0.069587357 0.989793539 4.546687126 -0.001683583 0.997521460 -0.070342205 -0.317588001 -0.992235243 -0.010414414 -0.123938262 3.081602097
-0.130042419 0.071601927 0.988919616 4.590933323 0.000549884 0.997394085 -0.072143219 -0.321619034 -0.991508245 -0.008837887 -0.129742920 3.074680805
-0.139472619 0.068633676 0.987844527 4.647543907 0.000431679 0.997599185 -0.069250464 -0.325645387 -0.990225792 -0.009232111 -0.139167398 3.067010403
-0.151106074 0.066216677 0.986297250 4.692807198 0.002438895 0.997775853 -0.066613644 -0.329401821 -0.988514483 -0.007660255 -0.150931492 3.060970306
-0.164258063 0.067093812 0.984132946 4.747238636 0.002295651 0.997707367 -0.067636088 -0.333539128 -0.986414790 -0.008850548 -0.164035499 3.052412033
-0.177867427 0.067059703 0.981766760 4.792101860 0.006109306 0.997731268 -0.067043327 -0.337217003 -0.984035552 -0.005926912 -0.177873582 3.043980598
-0.192426130 0.065252103 0.979139745 4.847002029 0.004731132 0.997836769 -0.065568350 -0.341060340 -0.981300056 -0.007984627 -0.192318618 3.033835888
-0.206153452 0.068534829 0.976116717 4.887864113 0.009939754 0.997639358 -0.067946717 -0.343802214 -0.978469133 -0.004305093 -0.206348047 3.023083210
-0.221874118 0.071238659 0.972469568 4.942617893 0.008814458 0.997433305 -0.071056321 -0.348656595 -0.975035489 -0.007193767 -0.221932620 3.011824846
-0.238501742 0.075394407 0.968210995 4.985352039 0.008957767 0.997110188 -0.075438194 -0.352087408 -0.971100748 -0.009319132 -0.238487914 3.002646685
-0.254128069 0.072562106 0.964444757 5.026908398 0.005693110 0.997276545 -0.073532172 -0.355930209 -0.967153847 -0.013195895 -0.253849089 2.991376400
-0.268850386 0.067316592 0.960826635 5.087154865 0.000262699 0.997559845 -0.069816664 -0.360800982 -0.963181973 -0.018517820 -0.268212020 2.975063086
-0.286531627 0.063394092 0.955971003 5.129773617 -0.004329099 0.997712672 -0.067459673 -0.363738418 -0.958061099 -0.023467824 -0.285601825 2.964490891
-0.299766272 0.064748563 0.951812863 5.181556702 -0.005669363 0.997555792 -0.069645807 -0.368242592 -0.953995824 -0.026273647 -0.298666477 2.947578192
-0.314206570 0.067505009 0.946951568 5.222970009 -0.004740323 0.997344732 -0.072670244 -0.371402442 -0.949342787 -0.027322328 -0.313052297 2.934439659
-0.328085244 0.069361441 0.942098260 5.263016701 -0.003851133 0.997194231 -0.074759014 -0.375052571 -0.944640279 -0.028155470 -0.326897651 2.920724392
-0.342241794 0.069232941 0.937057793 5.320435524 -0.001324548 0.997245133 -0.074163556 -0.379781067 -0.939611018 -0.026623044 -0.341207325 2.900602341
-0.356536090 0.066878222 0.931884825 5.360601902 -0.002534812 0.997361779 -0.072547071 -0.383450359 -0.934278190 -0.028227806 -0.355425984 2.885599613
-0.371170580 0.065761931 0.926233113 5.412025452 -0.001679098 0.997439742 -0.071490429 -0.387954950 -0.928563178 -0.028090382 -0.370109826 2.865805626
-0.385954201 0.066913567 0.920088053 5.451538086 -0.003269095 0.997260392 -0.073897250 -0.391489118 -0.922512233 -0.031528808 -0.384678066 2.849628448
-0.401284635 0.068583198 0.913382173 5.501025200 -0.002663917 0.997101188 -0.076039776 -0.396332711 -0.915949523 -0.032946773 -0.399938673 2.829445839
-0.415531337 0.071009643 0.906802833 5.540187359 -0.000668479 0.996923804 -0.078373134 -0.399555176 -0.909578621 -0.033172671 -0.414205611 2.811329603
-0.430497408 0.073418662 0.899600804 5.589937210 0.002321237 0.996773005 -0.080238312 -0.404524446 -0.902588844 -0.032454200 -0.429278702 2.788866520
-0.445467055 0.076270953 0.892043591 5.629097939 0.001037284 0.996408045 -0.084676251 -0.408371270 -0.895297766 -0.036795177 -0.443946064 2.769860268
-0.460698754 0.078396052 0.884087384 5.677038193 0.002167503 0.996187866 -0.087207004 -0.413394183 -0.887553871 -0.038259897 -0.459112495 2.745640755
-0.476117522 0.075238384 0.876157045 5.716174603 0.000550695 0.996358514 -0.085261188 -0.417535007 -0.879381597 -0.040111858 -0.474425256 2.724843502
-0.491712987 0.071780629 0.867793500 5.764760494 -0.001186829 0.996540308 -0.083102547 -0.422005862 -0.870756447 -0.041892540 -0.489926666 2.698100328
-0.507361770 0.071438290 0.858766794 5.802255154 -0.001737797 0.996470988 -0.083920181 -0.426243216 -0.861731410 -0.044070259 -0.505447149 2.675739050
-0.523920417 0.071082041 0.848796070 5.851569176 -0.002732319 0.996366322 -0.085126773 -0.430658400 -0.851763010 -0.046918835 -0.521822453 2.647366047
-0.539692163 0.070074469 0.838940918 5.889509678 -0.003229822 0.996349931 -0.085300170 -0.434313655 -0.841856241 -0.048745472 -0.537496030 2.623578310
-0.555290282 0.069871128 0.828716278 5.935324669 -0.003870523 0.996236563 -0.086588673 -0.439470470 -0.831647515 -0.051289424 -0.552930236 2.593434095
-0.570822775 0.068983085 0.818170369 5.972455025 -0.004442992 0.996190310 -0.087092414 -0.443666458 -0.821061313 -0.053349465 -0.568341732 2.567962885
-0.585676730 0.067051597 0.807766616 6.018259048 -0.004241130 0.996305287 -0.085777000 -0.447951287 -0.810533643 -0.053663440 -0.583228409 2.535498142
-0.600761414 0.063326158 0.796916306 6.054791451 -0.004421954 0.996579111 -0.082525685 -0.452324152 -0.799416184 -0.053102180 -0.598426104 2.508597374
-0.615829587 0.061740626 0.785456598 6.100736618 -0.003159821 0.996723235 -0.080824599 -0.457287312 -0.787872910 -0.052256107 -0.613616645 2.473739147
-0.630886972 0.059603017 0.773582041 6.135724068 -0.004487210 0.996747911 -0.080457017 -0.461603135 -0.775861740 -0.054230522 -0.628567994 2.445632935
-0.645270586 0.060860019 0.761525929 6.180435658 -0.005681083 0.996411860 -0.084445544 -0.465902746 -0.763933003 -0.058816526 -0.642609537 2.408460379
-0.660504937 0.060711961 0.748362958 6.214138508 -0.007211120 0.996166468 -0.087179877 -0.469575286 -0.750787139 -0.062979288 -0.657535076 2.379131079
-0.676374912 0.057131991 0.734338343 6.257382393 -0.009069412 0.996265531 -0.085863642 -0.475093037 -0.736501694 -0.064736024 -0.673330963 2.341072559
-0.692815363 0.049912598 0.719385386 6.291078568 -0.012606869 0.996610940 -0.081288360 -0.478868157 -0.721004903 -0.065387048 -0.689838111 2.309921026
-0.710069537 0.047447953 0.702531040 6.324890614 -0.013680257 0.996609032 -0.081136614 -0.482409120 -0.703998685 -0.067223445 -0.707012653 2.278835058
-0.726969659 0.044536691 0.685223699 6.369455338 -0.015055054 0.996620715 -0.080748461 -0.488834590 -0.686504483 -0.069017746 -0.723842561 2.232566595
-0.744164050 0.041155379 0.666727841 6.400096893 -0.017686713 0.996536374 -0.081254527 -0.492770791 -0.667762637 -0.072258912 -0.740858793 2.198774338
-0.760599136 0.038725972 0.648065686 6.416521549 -0.018148325 0.996560991 -0.080850445 -0.494578660 -0.648968101 -0.073256098 -0.757280707 2.176701784
-0.777076602 0.039236929 0.628181756 6.474555016 -0.017067323 0.996374369 -0.083347358 -0.503071845 -0.629174590 -0.075488649 -0.773589611 2.113810539
-0.792366862 0.038661558 0.608818471 6.502911091 -0.013608208 0.996621251 -0.080998898 -0.507390440 -0.609893143 -0.072465762 -0.789163649 2.077950478
-0.806577325 0.040697467 0.589725971 6.538250446 -0.008788118 0.996691346 -0.080802128 -0.512305617 -0.591063321 -0.070355751 -0.803551018 2.030320644
-0.820652902 0.041847534 0.569892764 6.564736366 -0.006839211 0.996524036 -0.083023876 -0.516981602 -0.571386158 -0.072031386 -0.817514181 1.991797209
-0.834117234 0.044093657 0.549821913 6.590860367 -0.005189001 0.996128321 -0.087757803 -0.520983279 -0.551562786 -0.076053336 -0.830658972 1.952364326
-0.847469330 0.044023875 0.529015779 6.625685692 -0.002891798 0.996157527 -0.087531283 -0.526460826 -0.530836642 -0.075709879 -0.844085574 1.900431395
-0.858731091 0.042069219 0.510696769 6.648666382 -0.001807092 0.996369421 -0.085115649 -0.530531049 -0.512423515 -0.074014321 -0.855537295 1.860009193
-0.869215369 0.044329923 0.492442429 6.672883987 0.001783027 0.996247172 -0.086535446 -0.535023093 -0.494430572 -0.074339882 -0.866032302 1.818382502
-0.879137635 0.046881326 0.474256426 6.704978943 0.004165755 0.995867670 -0.090721652 -0.540253937 -0.476549745 -0.077781193 -0.875699997 1.763822556
-0.888424277 0.045015082 0.456810594 6.727161407 0.003230182 0.995768249 -0.091842934 -0.544956625 -0.459011793 -0.080119908 -0.884810150 1.723506093
-0.896163046 0.041933171 0.441739082 6.747594833 0.001271443 0.995763183 -0.091945902 -0.549204588 -0.443723053 -0.081836879 -0.892419577 1.680442929
-0.903277218 0.039592478 0.427226722 6.775588036 0.000368851 0.995804489 -0.091504589 -0.555982947 -0.429057151 -0.082496420 -0.899502218 1.622965813
-0.909858823 0.037314706 0.413236558 6.795471668 -0.000357232 0.995877028 -0.090712897 -0.560963511 -0.414917707 -0.082683541 -0.906094134 1.580164194
-0.916293502 0.034557443 0.399013638 6.814619541 -0.001560298 0.995954931 -0.089839898 -0.565310121 -0.400504202 -0.082942300 -0.912533164 1.539182663
-0.921646059 0.030461308 0.386834085 6.833944321 -0.003280274 0.996266544 -0.086266540 -0.569988966 -0.388017714 -0.080776133 -0.918105304 1.492744327
-0.926809430 0.027442908 0.374527782 6.861169338 -0.004157731 0.996515214 -0.083306782 -0.576277018 -0.375508785 -0.078766689 -0.923465729 1.428451300
-0.931054056 0.026923832 0.363886535 6.878153801 -0.002478879 0.996784270 -0.080094241 -0.580224812 -0.364872843 -0.075474106 -0.927993298 1.385216475
-0.934198558 0.031544484 0.355355859 6.894274235 0.002391825 0.996614635 -0.082180291 -0.583861053 -0.356745183 -0.075922757 -0.931111515 1.343081236
-0.936487794 0.036559250 0.348789424 6.917508125 0.007818897 0.996480882 -0.083455212 -0.590083301 -0.350612998 -0.075427637 -0.933477998 1.282356620
-0.938385487 0.039645128 0.343308628 6.933670521 0.010533998 0.996217906 -0.086249590 -0.593949616 -0.345429599 -0.077318959 -0.935254097 1.238690495
-0.940409601 0.036557324 0.338072926 6.950461388 0.008276088 0.996370316 -0.084720559 -0.598706126 -0.339942962 -0.076874107 -0.937298834 1.194723010
-0.942398012 0.028690416 0.333260655 6.973501205 0.001664628 0.996704638 -0.081099063 -0.604425013 -0.334489167 -0.075872846 -0.939340293 1.133339643
-0.943932056 0.023316126 0.329315215 6.989340305 -0.002911397 0.996876240 -0.078925729 -0.608760536 -0.330126822 -0.075459294 -0.940915585 1.088431239
-0.945625365 0.017127095 0.324806154 7.005223751 -0.009654257 0.996694624 -0.080662861 -0.612853050 -0.325114071 -0.079412609 -0.942334533 1.043018579
-0.947082460 0.013675500 0.320698798 7.026616096 -0.013891852 0.996409655 -0.083514921 -0.618037701 -0.320689470 -0.083550610 -0.943492234 0.983687162
-0.947818935 0.013775054 0.318511218 7.041797161 -0.014289783 0.996226370 -0.085608296 -0.622443914 -0.318488538 -0.085692637 -0.944045484 0.939511061
-0.948178828 0.014997539 0.317382962 7.057372570 -0.013451700 0.996095061 -0.087256059 -0.627274275 -0.317452252 -0.087003715 -0.944274545 0.894703150
-0.948110878 0.017049711 0.317482412 7.077757359 -0.011972879 0.995938122 -0.089239828 -0.632868290 -0.317714304 -0.088410445 -0.944055855 0.834721565
-0.947171092 0.018481376 0.320195645 7.092076302 -0.011212164 0.995820105 -0.090644456 -0.637786746 -0.320532501 -0.089445926 -0.943005025 0.789721370
-0.946850479 0.019978944 0.321053267 7.107102871 -0.009867340 0.995795667 -0.091068491 -0.642784119 -0.321522951 -0.089396194 -0.942672431 0.745874047
-0.946612597 0.019667171 0.321772873 7.128514290 -0.010431837 0.995745778 -0.091550343 -0.648702562 -0.322204500 -0.090019390 -0.942380369 0.687745452
-0.945843101 0.019169051 0.324057817 7.143886566 -0.011152992 0.995746851 -0.091454379 -0.653630733 -0.324432611 -0.090115696 -0.941606462 0.644332647
-0.945240498 0.017949412 0.325880587 7.160455227 -0.012806940 0.995677769 -0.091989115 -0.657959938 -0.326123178 -0.091125384 -0.940924883 0.601470351
-0.942887843 0.015292363 0.332759202 7.180032253 -0.015442727 0.995864928 -0.089523867 -0.664315760 -0.332752258 -0.089549668 -0.938752770 0.542339921
-0.940537333 0.013329241 0.339428812 7.195623398 -0.017218919 0.996074498 -0.086828113 -0.668621898 -0.339253694 -0.087509662 -0.936615705 0.498578906
-0.938573599 0.010544330 0.344918072 7.211782932 -0.019704700 0.996264577 -0.084075786 -0.672818005 -0.344516098 -0.085707814 -0.934859753 0.457064629
-0.935856402 0.012269326 0.352167785 7.234045029 -0.018774498 0.996237993 -0.084600024 -0.678187490 -0.351880938 -0.085785262 -0.932105482 0.398712158
-0.932636738 0.012273258 0.360607892 7.250321388 -0.019687040 0.996201515 -0.084822036 -0.682410479 -0.360279232 -0.086207457 -0.928852618 0.357131004
-0.929230332 0.014572684 0.369213462 7.267343521 -0.019023279 0.996010065 -0.087189525 -0.686591744 -0.369010955 -0.088042803 -0.925245583 0.315361023
-0.924447417 0.017511059 0.380907297 7.291209221 -0.016471196 0.996178746 -0.085771263 -0.692680120 -0.380953670 -0.085565023 -0.920626402 0.255314589
-0.919990003 0.018861957 0.391487777 7.309453487 -0.017034696 0.995973289 -0.088017449 -0.696543157 -0.391571522 -0.087644055 -0.915964067 0.214387178
-0.913755238 0.021958357 0.405671269 7.332168102 -0.015205874 0.995990038 -0.088161908 -0.702338338 -0.405980527 -0.086726971 -0.909757257 0.161387444
-0.907900453 0.022746831 0.418568164 7.351450920 -0.015770812 0.995966077 -0.088333055 -0.706641555 -0.418889046 -0.086798787 -0.903879344 0.120385170
-0.901225805 0.023609875 0.432705909 7.376205444 -0.014785342 0.996258140 -0.085153587 -0.712334633 -0.433097303 -0.083140329 -0.897504568 0.067403793
-0.894903958 0.025854157 0.445509136 7.396734715 -0.013944525 0.996212840 -0.085823715 -0.716608524 -0.446040839 -0.083016425 -0.891154289 0.026821375
-0.887625813 0.029443011 0.459623009 7.422475815 -0.010514628 0.996398866 -0.084134236 -0.722000837 -0.460445076 -0.079512507 -0.884119987 -0.024044514
-0.880358338 0.030667201 0.473316759 7.443994522 -0.009446119 0.996576071 -0.082139842 -0.726016641 -0.474215209 -0.076783508 -0.877054393 -0.063733816
-0.872136235 0.033020161 0.488147527 7.470750332 -0.006478391 0.996853113 -0.079005405 -0.731163025 -0.489220262 -0.072065875 -0.869177878 -0.113730907
-0.864225686 0.036198374 0.501800418 7.492903233 -0.003630232 0.996933579 -0.078167960 -0.734896719 -0.503091276 -0.069376417 -0.861444235 -0.151954889
-0.854755402 0.039273784 0.517543077 7.521018028 0.000046920 0.997138917 -0.075590469 -0.740256071 -0.519031048 -0.064587079 -0.852311730 -0.199427366
-0.844076872 0.042347167 0.534547448 7.544001579 0.003052203 0.997240007 -0.074182376 -0.744316578 -0.536213517 -0.060984083 -0.841876507 -0.237383366
-0.833055973 0.045354389 0.551326215 7.574249268 0.006056409 0.997321367 -0.072892532 -0.748954415 -0.553155541 -0.057384502 -0.831099272 -0.283199310
-0.821453512 0.046904441 0.568343222 7.599020004 0.007128279 0.997378409 -0.072009176 -0.752617836 -0.570230842 -0.055100873 -0.819634438 -0.319752216
-0.809766531 0.050324272 0.584589899 7.630051613 0.009979481 0.997352183 -0.072033361 -0.756556153 -0.586667061 -0.052496314 -0.808124900 -0.362992525
-0.796411693 0.052894361 0.602436960 7.655774117 0.012330999 0.997380793 -0.071269311 -0.759916127 -0.604628861 -0.049331073 -0.794978321 -0.398585558
-0.783358037 0.053595677 0.619255781 7.688753128 0.013637204 0.997517645 -0.069082662 -0.764567375 -0.621421158 -0.045671530 -0.782144427 -0.439677715
-0.768231511 0.054998584 0.637805283 7.716819763 0.015508220 0.997609138 -0.067345314 -0.768302619 -0.639984250 -0.041845564 -0.767247677 -0.473203659
-0.751614511 0.058318537 0.657019496 7.750000954 0.016990732 0.997465014 -0.069100238 -0.771553397 -0.659383833 -0.040773507 -0.750700057 -0.512242794
-0.734364808 0.061714090 0.675943494 7.779325485 0.018044708 0.997281134 -0.071448103 -0.774843872 -0.678515077 -0.040271766 -0.733481765 -0.544121265
-0.717210650 0.061590865 0.694129348 7.815719604 0.016402300 0.997302532 -0.071544044 -0.779317200 -0.696663439 -0.039926831 -0.716286242 -0.581335545
-0.699602187 0.062293272 0.711812139 7.845143318 0.015734775 0.997294068 -0.071811959 -0.782189667 -0.714359462 -0.039039597 -0.698689163 -0.608629465
-0.678006053 0.061332934 0.732492983 7.882715225 0.014259581 0.997422755 -0.070317097 -0.787138760 -0.734917939 -0.037230380 -0.677133262 -0.645886421
