0.999996483 -0.002273496 -0.001363169 -0.000191826 0.002277524 0.999993026 0.002960269 -0.000690455 0.001356427 -0.002963363 0.999994695 0.059154406
0.999993503 -0.002970710 -0.002012641 -0.001232447 0.002978342 0.999988317 0.003799599 -0.001373269 0.002001327 -0.003805568 0.999990702 0.117845617
0.999990106 -0.001705029 -0.004124608 -0.001146148 0.001719931 0.999991953 0.003612146 -0.001971754 0.004118409 -0.003619204 0.999984920 0.177317724
0.999985337 -0.000720833 -0.005361776 -0.002056590 0.000739530 0.999993622 0.003485731 -0.002622769 0.005359225 -0.003489644 0.999979556 0.235554293
0.999977589 -0.000488057 -0.006684490 -0.002927127 0.000510670 0.999994159 0.003381574 -0.003054071 0.006682798 -0.003384912 0.999971926 0.293693960
0.999966860 -0.000845453 -0.008105761 -0.003901440 0.000876604 0.999992251 0.003840298 -0.003626464 0.008102451 -0.003847276 0.999959767 0.352774233
0.999945939 -0.002327392 -0.010135598 -0.004232668 0.002359756 0.999992132 0.003182252 -0.004534233 0.010128111 -0.003205998 0.999943495 0.410313249
0.999929488 -0.004837610 -0.010840282 -0.005977944 0.004876438 0.999981701 0.003558234 -0.004915558 0.010822868 -0.003610845 0.999934852 0.467994779
0.999911249 -0.003630771 -0.012813522 -0.005714845 0.003679118 0.999986172 0.003751529 -0.006122620 0.012799717 -0.003798338 0.999910831 0.526178777
0.999895334 -0.003024668 -0.014141958 -0.006652839 0.003070900 0.999989986 0.003248588 -0.006437996 0.014131981 -0.003291677 0.999894738 0.583324492
0.999893606 -0.001394135 -0.014520451 -0.007812887 0.001456799 0.999989808 0.004305907 -0.007288872 0.014514293 -0.004326603 0.999885201 0.641129673
0.999883890 -0.002721716 -0.014994521 -0.008886213 0.002780689 0.999988496 0.003913563 -0.007160145 0.014983689 -0.003954804 0.999879897 0.697358310
0.999878585 0.001221276 -0.015533063 -0.010260127 -0.001135074 0.999983907 0.005557169 -0.008045621 0.015539590 -0.005538863 0.999863803 0.755561113
0.999865234 0.001606633 -0.016339900 -0.010823992 -0.001512003 0.999981999 0.005802040 -0.008732467 0.016348919 -0.005776552 0.999849617 0.810888290
0.999861360 0.002139836 -0.016515812 -0.012402616 -0.002051933 0.999983609 0.005337469 -0.008593344 0.016526975 -0.005302840 0.999849319 0.867777169
0.999849200 0.001573512 -0.017298462 -0.013263931 -0.001479869 0.999984145 0.005424843 -0.008798795 0.017306734 -0.005398425 0.999835610 0.923778713
0.999861658 0.002911574 -0.016380787 -0.014289265 -0.002805837 0.999975026 0.006474211 -0.008914026 0.016399236 -0.006427353 0.999844849 0.979086220
0.999853551 0.003658662 -0.016726511 -0.015632549 -0.003558523 0.999975562 0.006012754 -0.010369716 0.016748102 -0.005952351 0.999841928 1.036094666
0.999856710 0.004373014 -0.016359029 -0.017665347 -0.004314911 0.999984205 0.003585408 -0.010594042 0.016374450 -0.003514306 0.999859691 1.087244868
0.999867976 0.002662027 -0.016030453 -0.017904624 -0.002614542 0.999992132 0.002982363 -0.011119400 0.016038265 -0.002940057 0.999867022 1.144957185
0.999871790 0.002138564 -0.015872853 -0.019294543 -0.002038522 0.999977887 0.006316101 -0.011859534 0.015885998 -0.006282934 0.999853969 1.200164914
0.999884963 0.000868379 -0.015146245 -0.020844055 -0.000759963 0.999974012 0.007162173 -0.012011662 0.015152059 -0.007149838 0.999859571 1.254128933
0.999888182 0.000150966 -0.014962084 -0.021799603 -0.000044971 0.999974906 0.007084225 -0.012665302 0.014962764 -0.007082759 0.999862909 1.304457664
0.999890149 0.000204616 -0.014818612 -0.022655111 -0.000131256 0.999987721 0.004951319 -0.013125133 0.014819446 -0.004948830 0.999877930 1.361134529
0.999898434 0.001268188 -0.014192202 -0.024033023 -0.001210737 0.999991059 0.004055925 -0.013695747 0.014197220 -0.004038331 0.999891043 1.412121892
0.999905169 0.000943644 -0.013741189 -0.025022086 -0.000887406 0.999991238 0.004098177 -0.015294939 0.013744941 -0.004085594 0.999897182 1.462803245
0.999926746 0.002195345 -0.011904158 -0.026202794 -0.002142343 0.999987721 0.004463239 -0.015211992 0.011913805 -0.004437408 0.999919176 1.515344977
0.999941230 0.002493224 -0.010555610 -0.026696283 -0.002422162 0.999974310 0.006739513 -0.016263835 0.010572141 -0.006713549 0.999921560 1.564599276
0.999957621 0.003213820 -0.008631496 -0.027331831 -0.003149944 0.999967635 0.007403659 -0.016093235 0.008655007 -0.007376156 0.999935329 1.614086270
0.999972284 0.001585519 -0.007284191 -0.026715748 -0.001527755 0.999967337 0.007928714 -0.017247120 0.007296522 -0.007917363 0.999942064 1.657803059
0.999992728 0.001750578 -0.003394201 -0.027988149 -0.001724411 0.999968827 0.007696608 -0.017601293 0.003407564 -0.007690700 0.999964535 1.711096048
0.999998927 0.001402560 0.000291890 -0.028393576 -0.001404282 0.999981046 0.005988078 -0.018090650 -0.000283491 -0.005988481 0.999981999 1.756595969
0.999990106 0.001375468 0.004224665 -0.028749626 -0.001392656 0.999990642 0.004068658 -0.018378101 -0.004219033 -0.004074501 0.999982774 1.802350163
0.999966681 0.001766538 0.007966132 -0.028370064 -0.001807376 0.999985218 0.005122380 -0.019321572 -0.007956971 -0.005136607 0.999955118 1.845859647
0.999908745 0.001881706 0.013372703 -0.027888510 -0.001943915 0.999987364 0.004640463 -0.019479804 -0.013363807 -0.004666036 0.999899685 1.896071672
0.999799192 0.002868252 0.019830843 -0.027405612 -0.002935968 0.999989927 0.003386409 -0.019997250 -0.019820936 -0.003443952 0.999797523 1.939208627
0.999624431 0.004495993 0.027031532 -0.026239291 -0.004592523 0.999983311 0.003509965 -0.020091470 -0.027015306 -0.003632791 0.999628305 1.982154965
0.999352872 0.005832619 0.035493914 -0.024569616 -0.005992489 0.999972403 0.004399399 -0.020698383 -0.035467271 -0.004609249 0.999360085 2.022319794
0.998919368 0.007916057 0.045796990 -0.023373418 -0.008171109 0.999952078 0.005384674 -0.021751251 -0.045752175 -0.005753067 0.998936236 2.074451447
0.998215199 0.010140025 0.058852389 -0.021658622 -0.010467930 0.999931276 0.005266037 -0.021855624 -0.058794949 -0.005872699 0.998252869 2.116034508
0.997218907 0.012162759 0.073528856 -0.019328967 -0.012621688 0.999903679 0.005780053 -0.022719149 -0.073451474 -0.006692037 0.997276306 2.154945374
0.995804667 0.014606563 0.090330735 -0.016065046 -0.015305211 0.999858022 0.007046439 -0.023082785 -0.090214983 -0.008399406 0.995886862 2.198346138
0.994039714 0.015075259 0.107971773 -0.011115238 -0.016007107 0.999841571 0.007768926 -0.023404198 -0.107837565 -0.009450936 0.994123638 2.246525764
0.991734743 0.014546129 0.127478018 -0.007052302 -0.015540078 0.999855995 0.006805878 -0.023810662 -0.127360657 -0.008730643 0.991817951 2.285476446
0.988943875 0.013010989 0.147718623 -0.001269698 -0.014095159 0.999880731 0.006294945 -0.024874402 -0.147619113 -0.008307465 0.989009380 2.324607372
0.985536158 0.010231743 0.169156387 0.005128741 -0.011384615 0.999917984 0.005846910 -0.025303146 -0.169082731 -0.007688121 0.985571742 2.365541458
0.981662154 0.006301377 0.190524757 0.013085306 -0.007852850 0.999941885 0.007389247 -0.024382332 -0.190467075 -0.008749905 0.981654584 2.407674551
0.976909637 0.001097603 0.213650405 0.021805644 -0.003035443 0.999957204 0.008742307 -0.024799930 -0.213631645 -0.009188967 0.976871073 2.446526527
0.971468627 -0.004258327 0.237129539 0.030736268 0.002360714 0.999962866 0.008285815 -0.025077397 -0.237155989 -0.007489615 0.971442699 2.482354403
0.964884102 -0.010001559 0.262485504 0.040689826 0.008661363 0.999942839 0.006262344 -0.025507025 -0.262533128 -0.003768953 0.964915633 2.518492460
0.957228661 -0.013580668 0.289013416 0.052485228 0.012116142 0.999903023 0.006855854 -0.025670089 -0.289078534 -0.003060893 0.957300425 2.559939146
0.948537052 -0.017025258 0.316207945 0.063273072 0.014967962 0.999848127 0.008934010 -0.025690153 -0.316312045 -0.003741252 0.948647738 2.594058514
0.938758075 -0.021102516 0.343930155 0.076490283 0.018118167 0.999765098 0.011888994 -0.026211604 -0.344100267 -0.004929505 0.938919902 2.629853249
0.927766562 -0.024272099 0.372370839 0.089272618 0.021505209 0.999701560 0.011582671 -0.026459701 -0.372540891 -0.002738102 0.928011715 2.661865950
0.915621161 -0.023674492 0.401344657 0.105690598 0.022567689 0.999717295 0.007485698 -0.026626619 -0.401408315 0.002203359 0.915896535 2.699517012
0.902620196 -0.024572289 0.429736257 0.121290982 0.026108284 0.999656379 0.002322316 -0.027067363 -0.429645598 0.009123506 0.902951539 2.731126785
0.887987435 -0.027036106 0.459072292 0.136301041 0.030174695 0.999544561 0.000498921 -0.028007327 -0.458876729 0.013409331 0.888398707 2.762591362
0.872252703 -0.027398104 0.488287479 0.154510856 0.029253561 0.999564707 0.003829054 -0.028696384 -0.488179833 0.010944246 0.872674465 2.794272184
0.854209781 -0.026567524 0.519249201 0.172317028 0.025302710 0.999634564 0.009521413 -0.029068895 -0.519312382 0.005005129 0.854569852 2.825295925
0.835080802 -0.026215533 0.549502432 0.194637656 0.023448087 0.999652326 0.012057030 -0.028032584 -0.549627364 0.002816187 0.835405171 2.857413769
0.814158976 -0.019737225 0.580306530 0.214516997 0.019112671 0.999791503 0.007189916 -0.028046051 -0.580327392 0.005237472 0.814366400 2.884526253
0.792098701 -0.012868341 0.610257328 0.236338973 0.016777985 0.999858975 -0.000693641 -0.027609283 -0.610162199 0.010788321 0.792202890 2.913582802
0.768989265 -0.011050799 0.639166236 0.257429600 0.016635664 0.999857903 -0.002727653 -0.028107585 -0.639045119 0.012730491 0.769063771 2.940999269
0.746161819 -0.013060716 0.665636599 0.282493472 0.017174503 0.999852419 0.000366313 -0.028403180 -0.665543079 0.011158648 0.746276021 2.967963696
0.721486866 -0.013560648 0.692295313 0.305927038 0.017774817 0.999841392 0.001060533 -0.028990421 -0.692199945 0.011540258 0.721613586 2.992916584
0.696130157 -0.011858227 0.717817724 0.330655694 0.018345987 0.999830842 -0.001274660 -0.030138688 -0.717681229 0.014056404 0.696229994 3.016798973
0.669426739 -0.009095231 0.742822528 0.355801702 0.017850732 0.999833226 -0.003844853 -0.030307941 -0.742663622 0.015833773 0.669477344 3.039912939
0.642884433 -0.006752942 0.765933394 0.384161830 0.016101310 0.999859273 -0.004699221 -0.031002745 -0.765793920 0.015353588 0.642902732 3.063374996
0.615363300 -0.005195982 0.788226426 0.411213756 0.015990335 0.999854743 -0.005892518 -0.031688526 -0.788081348 0.016230043 0.615357220 3.083503008
0.586217940 0.000983053 0.810152829 0.439016819 0.014797768 0.999819458 -0.011920700 -0.032478511 -0.810018301 0.018976580 0.586097479 3.104745626
0.555745363 0.010453884 0.831286848 0.467723727 0.013954503 0.999662697 -0.021900397 -0.032961920 -0.831235409 0.023771238 0.555412173 3.124791384
0.524975061 0.019140303 0.850902379 0.499276161 0.012996040 0.999450266 -0.030499833 -0.033623260 -0.851018369 0.027070012 0.524437726 3.144265652
0.493274599 0.024006082 0.869542360 0.529176474 0.010153429 0.999392152 -0.033350788 -0.035023503 -0.869814336 0.025279932 0.492731035 3.161293268
0.460682184 0.023224898 0.887261331 0.560987115 0.008253275 0.999502301 -0.030448169 -0.036752753 -0.887526810 0.021349741 0.460261285 3.178325891
0.427020818 0.022155790 0.903970242 0.594456911 0.003704455 0.999648452 -0.026250733 -0.037912652 -0.904234171 0.014558325 0.426788598 3.194957256
0.393301666 0.023427367 0.919110954 0.627426147 -0.000066728 0.999675989 -0.025452353 -0.038921054 -0.919409454 0.009949122 0.393175751 3.208778143
0.357404292 0.026278039 0.933580041 0.660281956 -0.007863866 0.999653280 -0.025127308 -0.040585883 -0.933916628 0.001639058 0.357486963 3.222366810
0.321583211 0.028281022 0.946458876 0.697128654 -0.012131426 0.999594808 -0.025746809 -0.041526712 -0.946803629 -0.003202154 0.321796000 3.235674381
0.285407662 0.027673032 0.958006680 0.732212245 -0.014653111 0.999592125 -0.024508849 -0.042804640 -0.958294213 -0.007042767 0.285696775 3.246655941
0.248859122 0.027160894 0.968158782 0.769268453 -0.015446844 0.999590814 -0.024072181 -0.044139594 -0.968416512 -0.008964415 0.249176860 3.256649017
0.213326305 0.026879922 0.976611137 0.805223048 -0.014766122 0.999595940 -0.024287105 -0.045124374 -0.976869464 -0.009239682 0.213637054 3.264408588
0.178569525 0.024956618 0.983610749 0.841709733 -0.012220783 0.999657273 -0.023145141 -0.046507712 -0.983851373 -0.007887476 0.178813323 3.270351410
0.143259376 0.024600174 0.989379406 0.881516457 -0.004211608 0.999697089 -0.024246881 -0.047638163 -0.989676297 -0.000693284 0.143319577 3.276636124
0.109189436 0.027759012 0.993633330 0.917508185 -0.002157817 0.999614239 -0.027688978 -0.049205180 -0.994018614 0.000879266 0.109207198 3.280494213
0.076862335 0.033084795 0.996492624 0.957394660 -0.001405680 0.999451816 -0.033074617 -0.050420456 -0.997040629 0.001141442 0.076866731 3.283732891
0.047965601 0.037168134 0.998157203 0.994535923 0.005771169 0.999280274 -0.037487283 -0.051755931 -0.998832285 0.007558634 0.047716595 3.285183668
0.022481048 0.035207611 0.999127150 1.035014272 0.007797942 0.999343097 -0.035390683 -0.053400580 -0.999716818 0.008586754 0.022191728 3.286007643
0.000652919 0.032203719 0.999481201 1.073288560 0.009525427 0.999435663 -0.032208484 -0.054939117 -0.999954343 0.009541513 0.000345793 3.285977364
-0.018658482 0.029330363 0.999395669 1.113059282 0.009803007 0.999526858 -0.029151199 -0.056882560 -0.999777794 0.009253164 -0.018937185 3.285448074
-0.035602860 0.032325909 0.998843074 1.151404142 0.012087581 0.999417484 -0.031913646 -0.058424547 -0.999292850 0.010937382 -0.035972863 3.284633160
-0.050209656 0.036709748 0.998063922 1.190508008 0.013867025 0.999253452 -0.036055900 -0.059921090 -0.998642325 0.012029823 -0.050681233 3.282462597
-0.061666362 0.042252485 0.997202098 1.230681300 0.018770125 0.998975873 -0.041166913 -0.061575148 -0.997920334 0.016178999 -0.062396295 3.279179335
-0.070605353 0.045610901 0.996461034 1.269259334 0.023370925 0.998755515 -0.044059947 -0.063472442 -0.997230530 0.020177355 -0.071583450 3.276559591
-0.076715477 0.051082779 0.995743692 1.307402730 0.028017031 0.998402774 -0.049060665 -0.065478086 -0.996659338 0.024134070 -0.078024134 3.273162603
-0.080073588 0.055915643 0.995219350 1.349361897 0.029902717 0.998110652 -0.053672172 -0.067687437 -0.996340334 0.025462041 -0.081594333 3.269872665
-0.083328888 0.060141861 0.994705617 1.386745095 0.032252751 0.997816861 -0.057628088 -0.070031479 -0.995999992 0.027279906 -0.085086711 3.267051697
-0.085210100 0.063159533 0.994359136 1.425360799 0.032999754 0.997620046 -0.060538806 -0.072057575 -0.995816350 0.027655089 -0.087091580 3.262792826
-0.087718189 0.066084556 0.993950903 1.468593478 0.033502061 0.997428298 -0.063359126 -0.075740300 -0.995581806 0.027741665 -0.089706562 3.259218454
-0.089661546 0.069478929 0.993546009 1.507938862 0.034849308 0.997171819 -0.066587538 -0.078825891 -0.995362461 0.028654048 -0.091829270 3.255570889
-0.091689445 0.070783399 0.993268728 1.545841694 0.038580149 0.996974051 -0.067486100 -0.081575863 -0.995040059 0.032132685 -0.094142824 3.251588583
-0.094396487 0.069617704 0.993097544 1.590866923 0.037744179 0.997084916 -0.066309564 -0.085462481 -0.994818926 0.031224262 -0.096748978 3.248183250
-0.096878037 0.070043787 0.992828548 1.629461884 0.036474843 0.997100413 -0.066786036 -0.087693386 -0.994627595 0.029743169 -0.099151962 3.244799376
-0.099388905 0.071046263 0.992509127 1.668691754 0.036948975 0.997023344 -0.067669369 -0.090916440 -0.994362354 0.029946610 -0.101718150 3.241142988
-0.101154588 0.072518095 0.992224276 1.713081956 0.037146952 0.996919632 -0.069074243 -0.095009930 -0.994176865 0.029870931 -0.103536822 3.236351013
-0.103401922 0.074501760 0.991845727 1.753515124 0.035985183 0.996818185 -0.071123749 -0.098192319 -0.993988335 0.028337410 -0.105753891 3.231948137
-0.106070302 0.078357078 0.991266549 1.794546604 0.032362986 0.996634185 -0.075318396 -0.101144865 -0.993831754 0.024091300 -0.108249165 3.227928638
-0.107981727 0.082243472 0.990745306 1.837862253 0.030772660 0.996371210 -0.079356588 -0.104830936 -0.993676484 0.021918800 -0.110120751 3.222946167
-0.110244147 0.085022122 0.990261257 1.879693151 0.027974317 0.996205211 -0.082418114 -0.107900150 -0.993510664 0.018615767 -0.112204231 3.217802048
-0.113156609 0.083218858 0.990086079 1.920318961 0.026311819 0.996387720 -0.080741376 -0.111553535 -0.993228674 0.016914539 -0.114937507 3.213665009
-0.116626881 0.079301566 0.990004778 1.963831067 0.023398716 0.996749818 -0.077085398 -0.114912763 -0.992900133 0.014174608 -0.118103363 3.209110260
-0.119512066 0.077574976 0.989797473 2.004864216 0.023998491 0.996877134 -0.075232185 -0.118545458 -0.992542684 0.014762486 -0.121000536 3.204663754
-0.120847665 0.078441501 0.989567101 2.046727657 0.022843348 0.996828794 -0.076227464 -0.121297576 -0.992408156 0.013393112 -0.122256294 3.198882103
-0.123035900 0.081895724 0.989017308 2.087887049 0.021779496 0.996571898 -0.079811886 -0.124538533 -0.992163241 0.011720568 -0.124397762 3.194800138
-0.122750483 0.083880655 0.988886476 2.132015705 0.024491852 0.996374369 -0.081475623 -0.128749013 -0.992135227 0.014218487 -0.124359801 3.188273430
-0.123016849 0.084515400 0.988799334 2.172964811 0.023001486 0.996342301 -0.082298487 -0.132429510 -0.992137909 0.012619753 -0.124510854 3.183460951
-0.123832837 0.082782790 0.988843977 2.214750767 0.020714181 0.996512532 -0.080830738 -0.136363715 -0.992086768 0.010473592 -0.125115752 3.179444313
-0.122698493 0.082671985 0.988994658 2.261090755 0.016212620 0.996558368 -0.081292838 -0.140013158 -0.992311597 0.006059688 -0.123616554 3.172352552
-0.123488382 0.083412126 0.988834202 2.302361965 0.012605516 0.996512473 -0.082485616 -0.143873110 -0.992265999 0.002278752 -0.124109171 3.168019533
-0.123553433 0.084610574 0.988724232 2.345304251 0.008614589 0.996412337 -0.084191963 -0.146532536 -0.992300630 -0.001884753 -0.123839043 3.162765026
-0.123895466 0.083009452 0.988817155 2.391360283 0.005270076 0.996535659 -0.082997113 -0.151494846 -0.992281139 -0.005071824 -0.123903774 3.157589436
-0.124028541 0.078092337 0.989200890 2.432821751 0.005744527 0.996938109 -0.077982895 -0.154746413 -0.992261946 -0.003989614 -0.124097414 3.151973009
-0.124632537 0.068398446 0.989842594 2.475436687 0.009639759 0.997657299 -0.067724712 -0.158882111 -0.992156029 0.001101141 -0.124999940 3.146721125
-0.124236695 0.064087421 0.990180850 2.523473024 0.014587671 0.997922182 -0.062758178 -0.161909372 -0.992145240 0.006647563 -0.124913439 3.140719891
-0.123100325 0.066044614 0.990194142 2.566203356 0.023900786 0.997690916 -0.063573293 -0.165201262 -0.992106259 0.015840525 -0.124394596 3.134721756
-0.121296018 0.072818115 0.989941776 2.606610298 0.028339867 0.997152984 -0.069876127 -0.167136014 -0.992211699 0.019579124 -0.123014346 3.128642559
-0.120627172 0.078349397 0.989601135 2.655950785 0.033384267 0.996636689 -0.074837044 -0.170771241 -0.992136359 0.024009725 -0.122837126 3.122715473
-0.120595172 0.083212875 0.989207983 2.699626207 0.033917423 0.996244133 -0.079669841 -0.173951864 -0.992122173 0.023943586 -0.122964598 3.117622137
-0.120109983 0.080476709 0.989493430 2.744797230 0.030283961 0.996541977 -0.077373959 -0.177242249 -0.992298603 0.020672390 -0.122131824 3.111560822
-0.119260430 0.075329535 0.990001261 2.790670395 0.031180736 0.996909916 -0.072099045 -0.181687236 -0.992373228 0.022270402 -0.121240728 3.106371403
-0.118827075 0.073675416 0.990177870 2.835391521 0.030639075 0.997040451 -0.070509173 -0.184972405 -0.992442071 0.021959729 -0.120732754 3.101296902
-0.119488575 0.074218065 0.990057826 2.881047487 0.027369753 0.997069240 -0.071440458 -0.188415289 -0.992458224 0.018561309 -0.121169724 3.096464872
-0.119240552 0.080080703 0.989630699 2.925209522 0.028075891 0.996615410 -0.077263035 -0.191711083 -0.992468238 0.018571876 -0.121085323 3.090823412
-0.118281558 0.082263440 0.989566624 2.971747875 0.027380649 0.996453762 -0.079563178 -0.195556670 -0.992602468 0.017684119 -0.120114535 3.085566282
-0.117129728 0.081152417 0.989795387 3.015608788 0.027349042 0.996541381 -0.078469090 -0.199062556 -0.992739916 0.017878890 -0.118944064 3.080049992
-0.117399342 0.074593008 0.990279377 3.063436985 0.028641906 0.997014582 -0.071704790 -0.202906191 -0.992671609 0.019945396 -0.119185351 3.074870348
-0.118215263 0.072799087 0.990315795 3.109303951 0.028270690 0.997151494 -0.069926865 -0.206445530 -0.992585480 0.019730486 -0.119936593 3.070088387
-0.117867976 0.076327458 0.990091562 3.155187845 0.025683193 0.996942401 -0.073798083 -0.209753722 -0.992697060 0.016730282 -0.119467914 3.064625978
-0.118045725 0.079208456 0.989844024 3.200100660 0.025046850 0.996733844 -0.076772794 -0.213535786 -0.992692232 0.015729776 -0.119644098 3.060087681
-0.119606249 0.078229383 0.989734590 3.242592573 0.024091793 0.996825933 -0.075878464 -0.217042953 -0.992529035 0.014768940 -0.121111318 3.056900501
-0.117539413 0.075737193 0.990175962 3.294509649 0.023652045 0.997018039 -0.073452920 -0.220370188 -0.992786467 0.014786076 -0.118980289 3.048521042
-0.117481336 0.074842699 0.990250885 3.339783669 0.024200138 0.997075617 -0.072487444 -0.223625198 -0.992780149 0.015448289 -0.118948989 3.044093609
-0.115152434 0.075038761 0.990509510 3.388449669 0.026297538 0.997023463 -0.072474986 -0.227793753 -0.992999613 0.017702293 -0.116783001 3.037480354
-0.114096709 0.075337239 0.990609109 3.433980227 0.027995441 0.996968389 -0.072596431 -0.231256962 -0.993075073 0.019449528 -0.115859926 3.032083750
-0.113424450 0.074500434 0.990749538 3.482740879 0.028323554 0.997021914 -0.071729511 -0.235295042 -0.993142843 0.019925660 -0.115196772 3.026985407
-0.111358501 0.075326577 0.990921438 3.529726982 0.028738905 0.996950269 -0.072555244 -0.239031762 -0.993364751 0.020398349 -0.113183692 3.021053553
-0.110578008 0.073327422 0.991158664 3.577996969 0.029567771 0.997075796 -0.070466474 -0.242654189 -0.993427515 0.021514300 -0.112422787 3.015913248
-0.109417394 0.072494730 0.991348803 3.624886274 0.028663591 0.997152209 -0.069755442 -0.246308312 -0.993582487 0.020783149 -0.111183770 3.010897160
-0.108089805 0.071971439 0.991532683 3.673812151 0.029052179 0.997178674 -0.069214210 -0.249850482 -0.993716478 0.021324836 -0.109875791 3.005571365
-0.106754005 0.073538050 0.991562307 3.721487045 0.027425978 0.997099459 -0.070995949 -0.253138483 -0.993907154 0.019615462 -0.108461216 3.001035452
-0.104838714 0.075465217 0.991621912 3.770416975 0.027774639 0.996949911 -0.072934233 -0.257239759 -0.994101226 0.019895611 -0.106614977 2.995060205
-0.104235888 0.073753603 0.991814256 3.817681074 0.025945690 0.997108757 -0.071420535 -0.261080444 -0.994213998 0.018288720 -0.105848126 2.990792513
-0.103355311 0.072916329 0.991968215 3.867391109 0.021435844 0.997240901 -0.071070462 -0.264736742 -0.994413376 0.013918164 -0.104633182 2.985301256
-0.101877376 0.074305609 0.992018044 3.914793730 0.019027498 0.997169614 -0.072737396 -0.268232167 -0.994614899 0.011465323 -0.103002861 2.979442120
-0.103107035 0.073093295 0.991981030 3.963819265 0.015549917 0.997292876 -0.071868435 -0.272426605 -0.994548738 0.008015078 -0.103964508 2.974905014
-0.103237756 0.070532128 0.992152810 4.012052536 0.013639585 0.997489274 -0.069492228 -0.276090205 -0.994563162 0.006358329 -0.103940584 2.969503403
-0.105417237 0.069093965 0.992024779 4.062216759 0.010423470 0.997605264 -0.068375014 -0.280045360 -0.994373322 0.003132438 -0.105884977 2.964899778
-0.106817827 0.068158887 0.991939604 4.110550404 0.008077563 0.997674167 -0.067683078 -0.283583552 -0.994245708 0.000782697 -0.107119925 2.959882736
-0.108946614 0.068344235 0.991695404 4.161254406 0.008093289 0.997661591 -0.067866303 -0.287446767 -0.994014680 0.000632275 -0.109244995 2.954926968
-0.112350553 0.067712121 0.991358876 4.209317684 0.006307665 0.997703969 -0.067430682 -0.290592849 -0.993648648 -0.001322713 -0.112519719 2.950218916
-0.114821866 0.062132210 0.991441190 4.260416508 0.004688196 0.998064816 -0.062004354 -0.294566602 -0.993375123 -0.002471385 -0.114890940 2.944214821
-0.118006125 0.062233359 0.991060913 4.308019638 0.003028509 0.998052120 -0.062311769 -0.297780633 -0.993008256 -0.004351735 -0.117964745 2.937955618
-0.124130592 0.068254910 0.989915609 4.358194351 -0.000747979 0.997624636 -0.068880260 -0.301432997 -0.992265582 -0.009290583 -0.123784669 2.932602644
-0.130027607 0.071238153 0.988947928 4.404870987 0.001725459 0.997430325 -0.071622320 -0.305039883 -0.991508842 -0.007606491 -0.129816398 2.925728321
-0.139432952 0.067287542 0.987942755 4.454671383 0.001419804 0.997701228 -0.067751803 -0.309073925 -0.990230441 -0.008044146 -0.139208004 2.918758869
-0.150920182 0.064834759 0.986417592 4.502009869 0.003635371 0.997876585 -0.065031722 -0.312878609 -0.988539159 -0.006228606 -0.150835425 2.912341595
-0.164194778 0.065778166 0.984232366 4.549798012 0.003515032 0.997806787 -0.066098988 -0.316392332 -0.986421704 -0.007393502 -0.164065868 2.904873133
-0.178162903 0.065937169 0.981789351 4.596402645 0.008078119 0.997816622 -0.065547653 -0.320122153 -0.983967900 -0.003747149 -0.178306580 2.896395445
-0.192352235 0.063986979 0.979237676 4.645044327 0.006363378 0.997932196 -0.063958600 -0.323493481 -0.981305242 -0.006071322 -0.192361683 2.887213707
-0.206365719 0.067434013 0.976148605 4.688378811 0.010721379 0.997718275 -0.066657506 -0.325799912 -0.978416145 -0.003290168 -0.206617832 2.876223326
-0.222053289 0.070692919 0.972468436 4.735487461 0.011114871 0.997486949 -0.069973662 -0.329783648 -0.974971116 -0.004729019 -0.222280979 2.866572380
-0.238299489 0.074858226 0.968302488 4.782124996 0.010734544 0.997167170 -0.074447952 -0.333441019 -0.971132338 -0.007346622 -0.238427997 2.856705666
-0.253834933 0.071740732 0.964583337 4.823119640 0.007261951 0.997358859 -0.072267398 -0.337537467 -0.967220306 -0.011339229 -0.253685504 2.844807148
-0.269383818 0.065861575 0.960778117 4.873051643 0.000995529 0.997677207 -0.068111867 -0.341825545 -0.963032424 -0.017391756 -0.268823594 2.831774473
-0.285679907 0.061803687 0.956330121 4.916069031 -0.003386932 0.997847021 -0.065498494 -0.344714940 -0.958319128 -0.021950627 -0.284855425 2.819596529
-0.299841672 0.063395232 0.951880276 4.962197304 -0.004626416 0.997681201 -0.067902878 -0.348586828 -0.953977764 -0.024763908 -0.298853070 2.805390596
-0.314006954 0.065788716 0.947138548 5.004321098 -0.004036180 0.997494817 -0.070624590 -0.351947367 -0.949412167 -0.025999432 -0.312954783 2.791790485
-0.328641057 0.068284437 0.941983223 5.046145439 -0.002245304 0.997323632 -0.073079392 -0.355266333 -0.944452107 -0.026131932 -0.327608168 2.778015852
-0.342239648 0.067954443 0.937152207 5.093659878 0.000374272 0.997391045 -0.072185799 -0.359563887 -0.939612508 -0.024354089 -0.341372252 2.760469675
-0.355370939 0.065300964 0.932441592 5.134209156 -0.001121462 0.997526169 -0.070286401 -0.363403738 -0.934724689 -0.026023438 -0.354418576 2.744219303
-0.370702446 0.064919434 0.926479936 5.180711746 0.000837807 0.997577012 -0.069566041 -0.366820633 -0.928751230 -0.025012096 -0.369858682 2.727087736
-0.384968698 0.065612771 0.920594335 5.219978333 -0.001299482 0.997430205 -0.071632437 -0.370638669 -0.922928751 -0.028772540 -0.383894116 2.710097313
-0.400009245 0.067930855 0.913990080 5.261975765 -0.000086168 0.997246623 -0.074156441 -0.374148279 -0.916511059 -0.029742025 -0.398901999 2.692568302
-0.415375620 0.070126928 0.906942785 5.307785988 0.001447046 0.997073650 -0.076433308 -0.377621859 -0.909648836 -0.030436141 -0.414261460 2.673102856
-0.430503011 0.073055111 0.899627686 5.347944260 0.005052179 0.996898413 -0.078536429 -0.381207108 -0.902574956 -0.029265091 -0.429536849 2.655050993
-0.444786727 0.076023117 0.892404199 5.391865730 0.003838457 0.996543646 -0.082981519 -0.385534346 -0.895628273 -0.033483624 -0.443541139 2.632929564
-0.459509760 0.078224130 0.884721220 5.430802345 0.005442397 0.996343315 -0.085266672 -0.389471889 -0.888156056 -0.034365874 -0.458255112 2.612595797
-0.474723935 0.075717233 0.876871765 5.474424362 0.004191142 0.996475756 -0.083775945 -0.393772066 -0.880124748 -0.036095351 -0.473368227 2.589624643
-0.490742385 0.071454361 0.868369818 5.514234066 0.001413886 0.996695578 -0.081214711 -0.397551596 -0.871303618 -0.038627718 -0.489221781 2.567845345
-0.506778598 0.071574636 0.859099805 5.557417393 0.001071714 0.996598899 -0.082397968 -0.401975274 -0.862075388 -0.040836819 -0.505131602 2.543008089
-0.522734523 0.071715981 0.849473476 5.596931458 0.000700324 0.996491015 -0.083696827 -0.405395180 -0.852495074 -0.043156322 -0.520950437 2.519177914
-0.538755298 0.069595031 0.839582801 5.638479233 -0.000793628 0.996539652 -0.083114825 -0.409911454 -0.842461944 -0.045444872 -0.536835730 2.493552208
-0.554080069 0.069839440 0.829528630 5.677942753 -0.001020799 0.996416867 -0.084571876 -0.413719177 -0.832462728 -0.047706377 -0.552023411 2.467735767
-0.569766283 0.069017902 0.818903506 5.718153954 -0.001649572 0.996369064 -0.085122570 -0.418086708 -0.821805060 -0.049850810 -0.567583680 2.440616131
-0.584984303 0.065652862 0.808383048 5.756652832 -0.002879909 0.996543705 -0.083018392 -0.422496676 -0.811039448 -0.050892517 -0.582773447 2.413594484
-0.600101173 0.062643722 0.797467470 5.797387123 -0.002385446 0.996784329 -0.080095783 -0.426512390 -0.799920619 -0.049967885 -0.598021924 2.383563519
-0.614789963 0.060437784 0.786371887 5.834494591 -0.001870842 0.996944964 -0.078084327 -0.430855393 -0.788688779 -0.049476627 -0.612798572 2.354664564
-0.629718065 0.059280932 0.774558544 5.874376297 -0.002281655 0.996938527 -0.078155816 -0.434748471 -0.776820302 -0.050983403 -0.627654910 2.323309660
-0.644490957 0.060355324 0.762226045 5.910049438 -0.003371056 0.996645749 -0.081767716 -0.438936055 -0.764604330 -0.055268068 -0.642125666 2.294384480
-0.659766972 0.059820540 0.749085546 5.949151993 -0.005287543 0.996432304 -0.084230244 -0.443133503 -0.751451612 -0.059533156 -0.657096803 2.260622501
-0.675831676 0.056481391 0.734888792 5.985176086 -0.007133031 0.996511638 -0.083148755 -0.447226912 -0.737021446 -0.061436549 -0.673071086 2.229175806
-0.692123055 0.049141631 0.720104694 6.022253990 -0.010327901 0.996903181 -0.077957585 -0.451904833 -0.721705616 -0.061393406 -0.689472079 2.194834471
-0.708735943 0.046671499 0.703928351 6.056613922 -0.011863695 0.996879637 -0.078039326 -0.455687612 -0.705374062 -0.063660458 -0.705970764 2.161029339
-0.726511896 0.043933228 0.685748160 6.089517593 -0.013061135 0.996890903 -0.077704489 -0.459825635 -0.687029898 -0.065409869 -0.723679185 2.127887726
-0.742984354 0.040607814 0.668075919 6.125695229 -0.015960060 0.996799111 -0.078338295 -0.464035213 -0.669118464 -0.068866648 -0.739957929 2.086923599
-0.759097636 0.038070448 0.649862826 6.157107830 -0.016036810 0.996891916 -0.077132650 -0.468688846 -0.650779366 -0.068972930 -0.756127596 2.050001860
-0.776214242 0.040071305 0.629194677 6.191560268 -0.014210255 0.996612728 -0.081001617 -0.472350985 -0.630309105 -0.071815617 -0.773015440 2.012106419
-0.791171670 0.040417623 0.610257089 6.223556995 -0.009748515 0.996853769 -0.078660615 -0.476552188 -0.611516356 -0.068183161 -0.788288414 1.971367955
-0.805721521 0.040072557 0.590937376 6.253563881 -0.007520286 0.996936142 -0.077857703 -0.481243253 -0.592246711 -0.067175657 -0.802951515 1.931600571
-0.820199490 0.041804694 0.570548177 6.279579639 -0.004876625 0.996779203 -0.080045559 -0.485500097 -0.572056890 -0.068435669 -0.817353904 1.894621134
-0.833847106 0.043890212 0.550247669 6.310521126 -0.003460103 0.996398807 -0.084720656 -0.489732623 -0.551984370 -0.072548002 -0.830692410 1.849675655
-0.847162127 0.043369479 0.529561579 6.336380482 -0.002365750 0.996345460 -0.085382238 -0.493054092 -0.531329215 -0.073585398 -0.843963504 1.809919477
-0.858493388 0.042414911 0.511067688 6.361876011 0.000474850 0.996639132 -0.081916168 -0.498734653 -0.512824416 -0.070081800 -0.855628192 1.766717672
-0.868808985 0.044199049 0.493170559 6.389316082 0.003487571 0.996529460 -0.083167173 -0.503672719 -0.495135009 -0.070536427 -0.865947962 1.720543265
-0.878172457 0.047013044 0.476028174 6.412253857 0.006172413 0.996189415 -0.086997874 -0.507957518 -0.478304267 -0.073460914 -0.875116229 1.677402496
-0.886572361 0.044781856 0.460417062 6.433178902 0.004426465 0.996078849 -0.088358730 -0.512252450 -0.462568671 -0.076298393 -0.883294284 1.633255959
-0.895467222 0.041865133 0.443154484 6.460671902 0.002898081 0.996094465 -0.088245749 -0.516488969 -0.445118070 -0.077736869 -0.892091274 1.585286856
-0.902597904 0.040004220 0.428622037 6.481484413 0.002375934 0.996120572 -0.087966792 -0.522118092 -0.430478215 -0.078380264 -0.899191260 1.541459084
-0.909167588 0.037988044 0.414694458 6.502685070 0.001691474 0.996159077 -0.087544709 -0.526375234 -0.416427314 -0.078891352 -0.905739725 1.496784449
-0.915373683 0.036213428 0.400973260 6.525321960 0.001489995 0.996244371 -0.086573184 -0.531630039 -0.402602464 -0.078649364 -0.911989868 1.446737885
-0.921007574 0.031354006 0.388280600 6.544968605 -0.001005185 0.996560991 -0.082857490 -0.536140859 -0.389543235 -0.076702677 -0.917808652 1.401328206
-0.926104128 0.027567783 0.376259327 6.563830376 -0.002455200 0.996865094 -0.079081446 -0.540468991 -0.377259940 -0.074161462 -0.923133254 1.355829597
-0.930529833 0.028090417 0.365137368 6.584034920 0.000169157 0.997086704 -0.076275900 -0.544978321 -0.366216242 -0.070915230 -0.927823603 1.306097031
-0.933643520 0.032171134 0.356756210 6.601738453 0.004482641 0.996930063 -0.078168727 -0.549238503 -0.358175725 -0.071382523 -0.930921435 1.259860158
-0.936007738 0.037658237 0.349959433 6.619245052 0.010525094 0.996809959 -0.079113565 -0.553535819 -0.351822317 -0.070367552 -0.933418095 1.216074824
-0.937882304 0.040999785 0.344522655 6.637986183 0.013531827 0.996560395 -0.081758037 -0.558085620 -0.346689671 -0.072017379 -0.935211003 1.164607644
-0.939759016 0.037588969 0.339764863 6.655330658 0.010816178 0.996707916 -0.080351509 -0.562591016 -0.341666579 -0.071836092 -0.937071741 1.118272185
-0.941518724 0.031429779 0.335491538 6.673004150 0.005909530 0.997027516 -0.076819867 -0.566947997 -0.336908668 -0.070344761 -0.938905716 1.068996072
-0.943688810 0.024744643 0.329907596 6.690304756 0.000125528 0.997225702 -0.074437626 -0.571290076 -0.330834180 -0.070204549 -0.941073775 1.023169518
-0.945291698 0.019081717 0.325667769 6.706955910 -0.006139361 0.997070491 -0.076241210 -0.575079560 -0.326168507 -0.074069567 -0.942405283 0.976367712
-0.946551204 0.016257966 0.322143555 6.724888325 -0.009876038 0.996799767 -0.079325221 -0.579331934 -0.322402328 -0.078266896 -0.943361521 0.926133871
-0.947130620 0.016516179 0.320422679 6.740883827 -0.010170095 0.996626854 -0.081432685 -0.583787262 -0.320686847 -0.080386125 -0.943768024 0.878317595
-0.947611153 0.016111109 0.319019854 6.757819176 -0.011251926 0.996423721 -0.083743826 -0.588070214 -0.319228262 -0.082946151 -0.944040835 0.832285762
-0.947358251 0.019663004 0.319571167 6.773817062 -0.008035337 0.996337831 -0.085124515 -0.593254566 -0.320074618 -0.083211280 -0.943730950 0.782547474
-0.946896076 0.019947095 0.320920497 6.789627075 -0.008289495 0.996227682 -0.086380102 -0.598251760 -0.321432859 -0.084453240 -0.943158805 0.735883117
-0.946462691 0.021822309 0.322074801 6.805364609 -0.007003309 0.996089518 -0.088070661 -0.602400422 -0.322737306 -0.085611165 -0.942608833 0.691190243
-0.945783973 0.022986345 0.323982447 6.823321342 -0.005831400 0.996129930 -0.087698065 -0.607545137 -0.324744493 -0.084832676 -0.941989541 0.640018106
-0.944808483 0.021558981 0.326913208 6.839234829 -0.007028839 0.996268988 -0.086015023 -0.613298416 -0.327547878 -0.083565548 -0.941131771 0.594538093
-0.943884254 0.019913848 0.329675645 6.856326103 -0.009841416 0.996041477 -0.088341922 -0.616767883 -0.330129832 -0.086629018 -0.939951897 0.548938155
-0.942070067 0.018708495 0.334893882 6.872878075 -0.010692829 0.996260643 -0.085734420 -0.621643841 -0.335245520 -0.084348798 -0.938347280 0.501374960
-0.939973056 0.017586328 0.340795159 6.889162540 -0.011351108 0.996507168 -0.082731932 -0.626024663 -0.341059685 -0.081634194 -0.936490297 0.456260324
-0.937568784 0.015801428 0.347440720 6.905677795 -0.012802502 0.996722460 -0.079877973 -0.629754364 -0.347564161 -0.079339214 -0.934293509 0.412809491
-0.934831083 0.016467579 0.354710728 6.923855782 -0.013021085 0.996662498 -0.080587156 -0.634141445 -0.354853988 -0.079954088 -0.931496620 0.365142584
-0.931670249 0.016671512 0.362922370 6.941108704 -0.013890372 0.996581614 -0.081438258 -0.637899756 -0.363039434 -0.080914736 -0.928253770 0.321813583
-0.927907169 0.019759333 0.372287422 6.958513260 -0.012257678 0.996437550 -0.083438024 -0.641997099 -0.372609794 -0.081986107 -0.924359262 0.278667450
-0.923762619 0.021455992 0.382364094 6.978869915 -0.010910856 0.996549487 -0.082280189 -0.646915913 -0.382810205 -0.080179282 -0.920341015 0.230649948
-0.919021666 0.023692209 0.393494368 6.997516155 -0.010144050 0.996440411 -0.083687276 -0.651117086 -0.394076437 -0.080902047 -0.915509999 0.188619137
-0.913042545 0.025583826 0.407061100 7.017876625 -0.009968430 0.996332884 -0.084978908 -0.655656576 -0.407742381 -0.081647113 -0.909439266 0.141507626
-0.907114923 0.027025556 0.420014501 7.037970543 -0.009758647 0.996317565 -0.085183360 -0.659821391 -0.420769840 -0.081369884 -0.903510630 0.099277973
-0.900533259 0.027712541 0.433903158 7.059738636 -0.008853990 0.996590853 -0.082026102 -0.664681077 -0.434697002 -0.077708982 -0.897217751 0.052888632
-0.894024074 0.030028827 0.447011530 7.081084251 -0.008023328 0.996518075 -0.082989633 -0.668821514 -0.447947204 -0.077781245 -0.890670121 0.010736465
-0.886907697 0.033152983 0.460755497 7.104026794 -0.005277189 0.996629119 -0.081869051 -0.673364520 -0.461916506 -0.075041786 -0.883743167 -0.034203768
-0.879516244 0.034569275 0.474611670 7.125751495 -0.003771115 0.996820271 -0.079593740 -0.677506924 -0.475853980 -0.071793795 -0.876589298 -0.074663162
-0.871421397 0.037067179 0.489132553 7.149851799 -0.000552080 0.997066140 -0.076542698 -0.682012320 -0.490534812 -0.066970974 -0.868844390 -0.118877172
-0.863342822 0.039989308 0.503030777 7.172622681 0.002328860 0.997160137 -0.075273998 -0.686029315 -0.504612505 -0.063815780 -0.860984206 -0.158575773
-0.854051530 0.043301404 0.518382967 7.197536469 0.005979493 0.997280717 -0.073453128 -0.690197945 -0.520153940 -0.059633102 -0.851988137 -0.199876070
-0.843354642 0.046986829 0.535299063 7.221148491 0.010125656 0.997382402 -0.071594223 -0.694317341 -0.537261844 -0.054959062 -0.841623008 -0.238699198
-0.832083285 0.049001142 0.552481771 7.248050690 0.011715802 0.997420371 -0.070819005 -0.698420525 -0.554526806 -0.052454554 -0.830510855 -0.279716492
-0.820779681 0.050217360 0.569033265 7.273535728 0.012463072 0.997465670 -0.070049778 -0.702276051 -0.571108818 -0.050403550 -0.819325387 -0.316741228
-0.808802068 0.053406160 0.585650980 7.301195145 0.015170765 0.997431159 -0.070005573 -0.705800772 -0.587885261 -0.047735866 -0.807534635 -0.355503798
-0.795718670 0.055656482 0.603103817 7.328091621 0.016911400 0.997422338 -0.069733091 -0.709369302 -0.605430305 -0.045288578 -0.794608712 -0.392001629
-0.782174051 0.055885158 0.620548725 7.356821060 0.017669084 0.997558236 -0.067566670 -0.713473260 -0.622809410 -0.041884359 -0.781251609 -0.428771019
-0.766973674 0.057312518 0.639114082 7.385310173 0.019115170 0.997601867 -0.066520594 -0.716979146 -0.641393781 -0.038802769 -0.766229868 -0.463686466
-0.749684870 0.060762148 0.658999622 7.415250778 0.021899505 0.997508526 -0.067060784 -0.720521331 -0.661432564 -0.035842683 -0.749147654 -0.498735905
-0.732489586 0.063752502 0.677786589 7.445449829 0.022032890 0.997304082 -0.069995120 -0.723803103 -0.680421650 -0.036337100 -0.731919467 -0.531461477
-0.715643585 0.063827641 0.695543110 7.477072716 0.020585502 0.997310638 -0.070339449 -0.727431059 -0.698162138 -0.036019873 -0.715032935 -0.562939405
-0.697267175 0.064447291 0.713908255 7.507433414 0.020103253 0.997316480 -0.070397019 -0.730273783 -0.716529429 -0.034733642 -0.696691573 -0.591642141
-0.676150262 0.063443474 0.734027028 7.540596485 0.019170115 0.997463167 -0.068554208 -0.735108972 -0.736514330 -0.032281555 -0.675651133 -0.624004126
