0.999731541 0.001898749 0.023090817 0.000886457 -0.001917839 0.999997795 0.000804601 -0.000317989 -0.023089236 -0.000848670 0.999732971 0.055064525
0.998861015 0.004967201 0.047453202 0.002583019 -0.005094021 0.999983847 0.002551958 -0.000928248 -0.047439754 -0.002790779 0.998870075 0.106513210
0.997358561 0.008879344 0.072091974 0.006096339 -0.009101121 0.999954879 0.002748353 -0.001379295 -0.072064325 -0.003397211 0.997394264 0.164358720
0.995010793 0.012210310 0.099017099 0.009455667 -0.012418490 0.999921799 0.001486385 -0.001858420 -0.098991208 -0.002708612 0.995084584 0.207091779
0.992015064 0.015060046 0.125216544 0.016675012 -0.015175235 0.999884784 -0.000033938 -0.002759687 -0.125202641 -0.001866523 0.992129505 0.272438467
0.987938881 0.018203292 0.153770611 0.023402052 -0.018235691 0.999832988 -0.001199869 -0.003523051 -0.153766826 -0.001618717 0.988105893 0.322320491
0.982835531 0.021981537 0.183169663 0.032984644 -0.021916885 0.999756873 -0.002377603 -0.004148295 -0.183177412 -0.001677715 0.983078480 0.378904909
0.976465464 0.024369515 0.214292541 0.043780912 -0.024325093 0.999700069 -0.002844693 -0.004411470 -0.214297593 -0.002434942 0.976765335 0.431426615
0.968634963 0.026944684 0.247022808 0.054924726 -0.027150610 0.999628127 -0.002573154 -0.005271329 -0.247000247 -0.004214372 0.969006300 0.478950381
0.959810972 0.027750131 0.279271603 0.070256002 -0.028341135 0.999596477 -0.001922143 -0.006450142 -0.279212236 -0.006069980 0.960210204 0.534026146
0.949505091 0.030053977 0.312308818 0.085036047 -0.030744882 0.999523580 -0.002712822 -0.007023159 -0.312241584 -0.007026059 0.949976683 0.581574619
0.938316286 0.032812148 0.344217807 0.103663370 -0.033237789 0.999436557 -0.004665948 -0.007959708 -0.344176918 -0.007062904 0.938878238 0.633288562
0.925419867 0.035434086 0.377283126 0.120270118 -0.035260286 0.999350965 -0.007369853 -0.008983584 -0.377299398 -0.006482903 0.926068604 0.678843141
0.911998689 0.037067339 0.408514887 0.142636091 -0.036408845 0.999292791 -0.009390874 -0.009154274 -0.408574164 -0.006309093 0.912703395 0.729575694
0.897314310 0.038334250 0.439724386 0.163452685 -0.038549274 0.999220967 -0.008445225 -0.010484459 -0.439705610 -0.009373037 0.898093104 0.773126543
0.881471097 0.038177419 0.470692158 0.188354403 -0.038422350 0.999220371 -0.009091831 -0.011013974 -0.470672220 -0.010070912 0.882250607 0.821893036
0.864539206 0.041237917 0.500870824 0.211472854 -0.040873379 0.999095798 -0.011707603 -0.011873155 -0.500900686 -0.010350598 0.865442872 0.863261044
0.846363604 0.043626536 0.530815840 0.236199394 -0.041905522 0.999004602 -0.015289297 -0.013346504 -0.530954421 -0.009303806 0.847349226 0.903177381
0.826782227 0.045525093 0.560676813 0.267793745 -0.041945904 0.998934329 -0.019256083 -0.015018111 -0.560955942 -0.007597517 0.827810824 0.953260303
0.806549430 0.046674032 0.589321077 0.294702649 -0.042400379 0.998878360 -0.021081310 -0.016047793 -0.589644015 -0.007984322 0.807623923 0.991410494
0.785250068 0.048228461 0.617297649 0.324014902 -0.045825839 0.998754442 -0.019737072 -0.017803252 -0.617480576 -0.012789643 0.786482215 1.028856635
0.762266278 0.047537290 0.645515561 0.360550672 -0.046447549 0.998745680 -0.018701727 -0.020109821 -0.645594954 -0.015726924 0.763518155 1.075466871
0.738316000 0.049251378 0.672654331 0.391649634 -0.048620794 0.998622060 -0.019751605 -0.021247603 -0.672700226 -0.018122066 0.739693165 1.112063885
0.713869691 0.051211175 0.698403597 0.424089462 -0.048054822 0.998553932 -0.024101023 -0.021672294 -0.698627889 -0.016356669 0.715298235 1.145738006
0.688978434 0.057434529 0.722502530 0.465453625 -0.052739717 0.998185456 -0.029057035 -0.025040384 -0.722860336 -0.018084912 0.690757394 1.185495853
0.662519157 0.062227827 0.746455669 0.499682039 -0.054370496 0.997909546 -0.034933414 -0.026927801 -0.747069001 -0.017441111 0.664517641 1.217407584
0.636044919 0.065006092 0.768909037 0.535646200 -0.056651291 0.997690141 -0.037485808 -0.029192153 -0.769569695 -0.019717030 0.638258278 1.247122765
0.607947648 0.064480595 0.791354597 0.580470264 -0.058235470 0.997633517 -0.036549866 -0.032239750 -0.791838586 -0.023864496 0.610264122 1.283477306
0.578948557 0.062134344 0.812993228 0.618597627 -0.059604365 0.997649610 -0.033801578 -0.034370914 -0.813182592 -0.028888572 0.581291318 1.312282324
0.550215542 0.061867736 0.832727551 0.657136500 -0.061869137 0.997530878 -0.033232491 -0.036756292 -0.832727551 -0.033235103 0.552684844 1.337043524
0.518534958 0.064362109 0.852630675 0.706170380 -0.060948871 0.997408688 -0.038224295 -0.039389994 -0.852881432 -0.032146242 0.521114111 1.369704962
0.486712575 0.067434102 0.870955527 0.746337771 -0.061624970 0.997182548 -0.042769656 -0.042332254 -0.871385932 -0.032856077 0.489496946 1.392903447
0.454686552 0.068863228 0.887985349 0.787838399 -0.063999206 0.996955335 -0.044543508 -0.045173343 -0.888349175 -0.036577020 0.457709432 1.414440870
0.421070904 0.068637915 0.904426932 0.839175940 -0.065375514 0.996835887 -0.045214269 -0.047665235 -0.904668629 -0.040088959 0.424225867 1.440274715
0.387175530 0.068258017 0.919475853 0.881458759 -0.066594422 0.996721506 -0.045950629 -0.050042443 -0.919597983 -0.043440990 0.390451729 1.458583832
0.353053629 0.067411698 0.933171272 0.923966050 -0.068116233 0.996605992 -0.046223264 -0.052818745 -0.933120251 -0.047244817 0.356447160 1.475815415
0.317834049 0.065413713 0.945887208 0.980034828 -0.068180278 0.996611476 -0.046011873 -0.056354702 -0.945691824 -0.049866710 0.321216971 1.496841192
0.284206778 0.063478433 0.956659257 1.023993731 -0.068010479 0.996626973 -0.045925740 -0.058740355 -0.956347883 -0.052010436 0.287565291 1.509117603
0.247260153 0.061708529 0.966982126 1.070107818 -0.066543229 0.996695340 -0.046589389 -0.060919717 -0.966661572 -0.052826416 0.250549316 1.523805380
0.211858258 0.062175248 0.975320637 1.127328873 -0.067224436 0.996537566 -0.048925370 -0.063829787 -0.974985659 -0.055200122 0.215304434 1.537215829
0.175966889 0.062680006 0.982398570 1.173794270 -0.067930862 0.996364951 -0.051403355 -0.066949643 -0.982049406 -0.057689875 0.179585189 1.546441197
0.140864998 0.063076481 0.988017380 1.219932675 -0.065768510 0.996360064 -0.054232247 -0.069569953 -0.987841964 -0.057341002 0.144500703 1.552574277
0.104541235 0.061858464 0.992594898 1.276752830 -0.066555984 0.996261418 -0.055077218 -0.073585965 -0.992291033 -0.060305282 0.108267441 1.559599519
0.068075314 0.061334122 0.995793104 1.322809815 -0.067394234 0.996111453 -0.056746460 -0.077158660 -0.995401382 -0.063247666 0.071944147 1.562672019
0.029014133 0.063095026 0.997585714 1.371311188 -0.068227403 0.995803416 -0.060997944 -0.080534369 -0.997247875 -0.066292882 0.033197165 1.566038251
-0.010455976 0.065173425 0.997819185 1.433493018 -0.069458634 0.995416105 -0.065744318 -0.084124580 -0.997530043 -0.069994561 -0.005881188 1.567825317
-0.049201213 0.065550417 0.996635497 1.482632160 -0.069620952 0.995191872 -0.068892449 -0.087569222 -0.996359527 -0.072776303 -0.044400960 1.566693068
-0.088230655 0.065012753 0.993976176 1.540549636 -0.069169298 0.995059073 -0.071223430 -0.091944538 -0.993695617 -0.075036734 -0.083297834 1.563418746
-0.126289934 0.064975843 0.989863157 1.589028239 -0.069961809 0.994784415 -0.074224822 -0.095743418 -0.989523292 -0.078626446 -0.121085435 1.557443619
-0.163338527 0.065511674 0.984392583 1.629841328 -0.068726696 0.994613349 -0.077595569 -0.099359237 -0.984173298 -0.080328390 -0.157956243 1.549458623
-0.203381374 0.065933332 0.976877093 1.701644897 -0.069052719 0.994279623 -0.081484355 -0.104807861 -0.976661563 -0.084028430 -0.197665140 1.539662123
-0.240046024 0.066108927 0.968507886 1.748920321 -0.068814754 0.994009912 -0.084905490 -0.109644912 -0.968319476 -0.087028868 -0.234058857 1.527631521
-0.278398931 0.065179773 0.958251297 1.808505177 -0.066471756 0.993995011 -0.086922951 -0.114850864 -0.958162606 -0.087895900 -0.272394508 1.513234258
-0.314324409 0.062637404 0.947246850 1.855861425 -0.064238138 0.994130254 -0.087053724 -0.119926594 -0.947139680 -0.088212490 -0.308455706 1.498155117
-0.350938082 0.061889656 0.934351087 1.912895203 -0.060521752 0.994228005 -0.088587493 -0.125622749 -0.934440732 -0.087637320 -0.345166802 1.478101015
-0.386620134 0.060948618 0.920222759 1.959362507 -0.058458995 0.994187474 -0.090408303 -0.130518377 -0.920384288 -0.088748991 -0.380809963 1.459329486
-0.420944929 0.057743713 0.905246377 2.003602505 -0.057514291 0.994264543 -0.090166487 -0.135794997 -0.905260861 -0.090019748 -0.415209621 1.438952446
-0.454899490 0.056177389 0.888769090 2.061815262 -0.050038323 0.994819343 -0.088491775 -0.141813874 -0.889135897 -0.084727392 -0.449731737 1.411538839
-0.485941678 0.050566096 0.872527182 2.106459141 -0.050908659 0.994992316 -0.086016238 -0.147357568 -0.872507334 -0.086218067 -0.480933934 1.387540221
-0.516643703 0.048194464 0.854842842 2.156162500 -0.051358849 0.994872272 -0.087128952 -0.152996659 -0.854658544 -0.088918380 -0.511519313 1.358924389
-0.545579970 0.053489290 0.836349964 2.197070837 -0.042781927 0.994882345 -0.091536440 -0.158152327 -0.836966038 -0.085721120 -0.540499449 1.332134485
-0.572540641 0.055451643 0.817998946 2.238087416 -0.045228414 0.994054735 -0.099043012 -0.162368014 -0.818627775 -0.093702950 -0.566628754 1.305057049
-0.595365822 0.055812120 0.801513910 2.289267063 -0.044556636 0.993755698 -0.102295317 -0.169997752 -0.802218318 -0.096615866 -0.589161336 1.269376993
-0.615344048 0.057721887 0.786142349 2.328178167 -0.038365196 0.993940294 -0.103009187 -0.175805539 -0.787324488 -0.093546577 -0.609400570 1.239086628
-0.633350015 0.057288002 0.771742046 2.373549938 -0.033147525 0.994332612 -0.101014748 -0.182543606 -0.773155212 -0.089559041 -0.627861619 1.202080965
-0.647938132 0.057317548 0.759533346 2.411602259 -0.029111236 0.994572818 -0.099888615 -0.188263237 -0.761136532 -0.086832605 -0.642752945 1.169602633
-0.659526467 0.058820609 0.749376416 2.448672771 -0.024913957 0.994675279 -0.100001596 -0.193517178 -0.751268327 -0.084623627 -0.654549301 1.137162209
-0.668349564 0.059386078 0.741473079 2.496130228 -0.023759481 0.994595051 -0.101075500 -0.200290605 -0.743467689 -0.085170768 -0.663326263 1.094763279
-0.675156415 0.060706347 0.735172570 2.531897545 -0.022175794 0.994487464 -0.102484569 -0.205670610 -0.737341225 -0.085496143 -0.670088351 1.061638355
-0.681640625 0.061152332 0.729127169 2.575876951 -0.020889968 0.994468570 -0.102936126 -0.212386101 -0.731388867 -0.085396893 -0.676592767 1.021591663
-0.687807202 0.059751533 0.723430037 2.611672878 -0.021320337 0.994513512 -0.102412120 -0.218060493 -0.725580215 -0.085863553 -0.682759762 0.987900734
-0.693573236 0.059068915 0.717960358 2.648292065 -0.020306047 0.994633436 -0.101448037 -0.224309176 -0.720099866 -0.084940575 -0.688651860 0.952511251
-0.699956536 0.059927497 0.711666703 2.694024563 -0.019560313 0.994490862 -0.102981776 -0.230779141 -0.713917553 -0.086003184 -0.694928110 0.909583211
-0.706104577 0.061067015 0.705469549 2.729373217 -0.017713916 0.994439304 -0.103810757 -0.236351043 -0.707885921 -0.085797876 -0.701096416 0.874979079
-0.711263597 0.061381094 0.700240374 2.763960838 -0.016614944 0.994433820 -0.104045749 -0.241567761 -0.702728927 -0.085638419 -0.706284583 0.838569582
-0.717171013 0.059967801 0.694312215 2.810236454 -0.016422788 0.994559884 -0.102863699 -0.249614790 -0.696703494 -0.085173413 -0.712284803 0.792130351
-0.722726226 0.059261579 0.688588917 2.843858957 -0.014773709 0.994764805 -0.101117939 -0.255837291 -0.690976322 -0.083253607 -0.718067288 0.758081198
-0.727732420 0.058998503 0.683318794 2.877199888 -0.014604169 0.994734406 -0.101439878 -0.260698378 -0.685705602 -0.083800383 -0.723038912 0.723040938
-0.731949031 0.059874896 0.678723514 2.922839642 -0.012342387 0.994802892 -0.101068735 -0.269097030 -0.681247592 -0.082354225 -0.727406025 0.676651716
-0.733505964 0.061438233 0.676900625 2.954042196 -0.010115550 0.994809151 -0.101254351 -0.274030626 -0.679607809 -0.081117883 -0.729076862 0.640932798
-0.735648632 0.061946627 0.674524724 2.989025593 -0.006770453 0.995087206 -0.098770231 -0.280828059 -0.677329540 -0.077227041 -0.731615126 0.606099248
-0.735623002 0.062785752 0.674475253 3.029306889 -0.004661418 0.995202363 -0.097725742 -0.286551237 -0.677375078 -0.075033315 -0.731801093 0.561266899
-0.734245896 0.063960642 0.675863862 3.060638428 -0.003016762 0.995234668 -0.097461790 -0.291995049 -0.678876758 -0.073599853 -0.730554104 0.526296854
-0.732047021 0.067569435 0.677894950 3.092612267 0.002103247 0.995288491 -0.096934505 -0.297833681 -0.681250870 -0.069534838 -0.728740215 0.492187738
-0.728467166 0.070800871 0.681412280 3.133629560 0.004641512 0.995132625 -0.098435380 -0.304761678 -0.685064971 -0.068544149 -0.725250125 0.447628736
-0.723267496 0.072905436 0.686708629 3.165256023 0.005062761 0.994944572 -0.100297488 -0.309755951 -0.690549374 -0.069065273 -0.719980240 0.415343523
-0.715636909 0.073905364 0.694551528 3.197105169 0.004550360 0.994858503 -0.101171762 -0.314998448 -0.698457658 -0.069241770 -0.712293923 0.381720662
-0.707788050 0.071284503 0.702818990 3.228395462 0.002732486 0.995164514 -0.098184325 -0.320500016 -0.706419468 -0.067573249 -0.704560399 0.352804661
-0.697063267 0.068403184 0.713739276 3.268795729 0.001315181 0.995559275 -0.094127722 -0.326930404 -0.717008471 -0.064674281 -0.694057763 0.310117960
-0.684980571 0.067565151 0.725421607 3.300054073 -0.001937952 0.995518088 -0.094551623 -0.330784738 -0.728558779 -0.066171847 -0.681779623 0.281678438
-0.670492351 0.068614684 0.738736808 3.331620216 -0.003227791 0.995435059 -0.095386706 -0.335742563 -0.741909444 -0.066340551 -0.667210102 0.255469799
-0.651342988 0.071435116 0.755413353 3.368335247 -0.000293396 0.995534658 -0.094395019 -0.341099143 -0.758783400 -0.061705165 -0.648413658 0.220836759
-0.630402625 0.070659220 0.773045778 3.398527145 -0.002274684 0.995676219 -0.092863448 -0.345628440 -0.776265025 -0.060299791 -0.627516270 0.196871996
-0.606114745 0.071099654 0.792193115 3.428831577 -0.003476183 0.995750129 -0.092028677 -0.349902838 -0.795369625 -0.058533743 -0.603291810 0.174595952
-0.577486038 0.073688447 0.813068211 3.466885328 -0.003506372 0.995685101 -0.092729442 -0.354843199 -0.816393018 -0.056400880 -0.574735880 0.147265911
-0.544246733 0.074536681 0.835607409 3.498416901 -0.006131238 0.995665193 -0.092807315 -0.358749360 -0.838902771 -0.055633396 -0.541430593 0.128238916
-0.503976762 0.073505022 0.860583901 3.528791428 -0.008027615 0.995930374 -0.089766540 -0.362633765 -0.863680005 -0.052148674 -0.501335680 0.109373331
-0.460815251 0.070217572 0.884713888 3.568783283 -0.013942940 0.996169388 -0.086325891 -0.366918206 -0.887386501 -0.052115809 -0.458071113 0.089729309
-0.413051218 0.065439329 0.908353627 3.600730896 -0.022968002 0.996349275 -0.082222804 -0.369918287 -0.910418034 -0.054825295 -0.410040349 0.075716972
-0.361694276 0.059641346 0.930387080 3.631769180 -0.031506546 0.996599615 -0.076134212 -0.373327792 -0.931764305 -0.056850594 -0.358585358 0.065313816
-0.306502998 0.052595995 0.950415432 3.665778637 -0.041178953 0.996804893 -0.068443134 -0.376635671 -0.950978577 -0.060115136 -0.303357780 0.055275917
-0.248689726 0.046563610 0.967463374 3.711447477 -0.049732260 0.996912420 -0.060764831 -0.379948258 -0.967305660 -0.063225746 -0.245606169 0.044505596
-0.187367007 0.040521644 0.981453896 3.744248390 -0.056870647 0.997025311 -0.052021600 -0.381824553 -0.980642438 -0.065563038 -0.184505165 0.039115787
-0.124794915 0.034088057 0.991596818 3.778494120 -0.062903531 0.997127295 -0.042194743 -0.384111941 -0.990186632 -0.067640647 -0.122292146 0.036068082
-0.062030535 0.030628936 0.997604132 3.821174383 -0.070508122 0.996897280 -0.034991395 -0.385439515 -0.995580614 -0.072509736 -0.059678484 0.034860581
0.002066713 0.029336669 0.999567389 3.854833841 -0.072527312 0.996941507 -0.029109642 -0.387293965 -0.997364342 -0.072435766 0.004188113 0.035970077
0.067118146 0.031586614 0.997244895 3.889170647 -0.075126149 0.996821404 -0.026516940 -0.387950957 -0.994912684 -0.073139399 0.069277801 0.039652571
0.132710293 0.034066629 0.990569234 3.931877136 -0.077446461 0.996710002 -0.023902014 -0.388930082 -0.988124430 -0.073544033 0.134912029 0.046255559
0.197810829 0.032974113 0.979685366 3.967089415 -0.078889616 0.996727705 -0.017618904 -0.388940305 -0.977060556 -0.073801801 0.199764848 0.054234505
0.260150194 0.026905993 0.965193212 4.003506660 -0.080158651 0.996763110 -0.006180726 -0.390053004 -0.962235153 -0.075760677 0.261464864 0.065839946
0.320793957 0.018830182 0.946961939 4.048101902 -0.081566878 0.996637344 0.007813731 -0.389426708 -0.943630278 -0.079747304 0.321251154 0.081101894
0.376450360 0.010725511 0.926374793 4.084757328 -0.079049334 0.996658325 0.020583985 -0.388943315 -0.923058152 -0.080978155 0.376040161 0.096827865
0.427951127 0.004796830 0.903789103 4.126909733 -0.074198082 0.996796846 0.029842893 -0.388034523 -0.900751054 -0.079830714 0.426936209 0.116969466
0.474715352 0.006310198 0.880116761 4.162834167 -0.071011856 0.996988833 0.031154064 -0.386731446 -0.877270043 -0.077288046 0.473733902 0.137205243
0.517926514 0.012471916 0.855334103 4.203816891 -0.067933820 0.997335374 0.026593171 -0.385718971 -0.852723360 -0.071879432 0.517393708 0.162674904
0.556017041 0.020634446 0.830914557 4.238964081 -0.065201275 0.997694016 0.018854123 -0.384386212 -0.828609526 -0.064659916 0.556080341 0.186641335
0.588975966 0.026196504 0.807725787 4.280846596 -0.061870158 0.998002827 0.012746722 -0.383004695 -0.805778742 -0.057481632 0.589420617 0.217262864
0.618192255 0.026563723 0.785578012 4.315376759 -0.058760524 0.998193979 0.012487050 -0.382613897 -0.783827424 -0.053880364 0.618636787 0.245221615
0.646470428 0.027196618 0.762454093 4.357478619 -0.057681873 0.998246431 0.013300079 -0.381621420 -0.760755241 -0.052577890 0.646905541 0.280579686
0.672519922 0.027448680 0.739569843 4.391504288 -0.055525154 0.998366833 0.013437418 -0.381292850 -0.737993121 -0.050101656 0.672945559 0.312338352
0.696868062 0.028796054 0.716621041 4.431361675 -0.053831838 0.998475194 0.012226190 -0.380447417 -0.715176225 -0.047097068 0.697355628 0.351417065
0.718846321 0.031429641 0.694458246 4.463899612 -0.054695949 0.998437643 0.011429700 -0.379818857 -0.693013966 -0.046200249 0.719442308 0.386162519
0.739557385 0.033591803 0.672254622 4.501938820 -0.055198990 0.998416483 0.010835486 -0.379163682 -0.670826197 -0.045121241 0.740240693 0.428584576
0.759605110 0.035483669 0.649415970 4.532896996 -0.056872509 0.998309612 0.011975297 -0.378984153 -0.647893369 -0.046030410 0.760339141 0.466357231
0.778509617 0.037559971 0.626507580 4.561763763 -0.057985164 0.998242795 0.012207424 -0.378417850 -0.624948263 -0.045831751 0.779319644 0.504891396
0.798334658 0.037808303 0.601026058 4.599631310 -0.057017744 0.998289347 0.012937245 -0.378300250 -0.599508703 -0.044597410 0.799124897 0.553941965
0.815865159 0.038562920 0.576954842 4.627341270 -0.057052206 0.998273730 0.013953540 -0.378145337 -0.575420678 -0.044300754 0.816656947 0.594429731
0.831912279 0.040731229 0.553410470 4.653668404 -0.058257706 0.998201966 0.014107628 -0.377142817 -0.551840782 -0.043976728 0.832789183 0.636099696
0.848417401 0.042417057 0.527625561 4.687880516 -0.059155561 0.998137891 0.014878975 -0.376593649 -0.526011884 -0.043835565 0.849346757 0.690575242
0.864743531 0.037870452 0.500784039 4.712515354 -0.053877369 0.998393655 0.017533477 -0.376348972 -0.499315411 -0.042142887 0.865394771 0.733995199
0.881444752 0.036918271 0.470842063 4.741400719 -0.051958211 0.998468876 0.018979913 -0.375548482 -0.469420373 -0.041193850 0.882013381 0.786924601
0.897228360 0.036237568 0.440077364 4.762697697 -0.049372979 0.998610377 0.018432287 -0.374800563 -0.438797772 -0.038265906 0.897770703 0.831573129
0.912698209 0.035945635 0.407050222 4.782767296 -0.046878707 0.998757422 0.016914729 -0.374517024 -0.405936390 -0.034520030 0.913249195 0.877223492
0.928331912 0.034264136 0.370169908 4.808196068 -0.043534357 0.998912096 0.016715225 -0.374108851 -0.369194537 -0.031632382 0.928813696 0.938114524
0.942237258 0.034676138 0.333146214 4.825949669 -0.042820644 0.998935819 0.017133528 -0.373426765 -0.332197607 -0.030409379 0.942719519 0.987121224
0.954297781 0.033572011 0.296965837 4.840487480 -0.040929694 0.998989105 0.018591529 -0.372866392 -0.296041489 -0.029896572 0.954707146 1.036018133
0.965167880 0.034292918 0.259374082 4.857042313 -0.040938385 0.998956144 0.020261431 -0.372619241 -0.258408457 -0.030174039 0.965564370 1.098740101
0.974424005 0.034482725 0.222055733 4.868423462 -0.039869431 0.999008238 0.019820286 -0.371516585 -0.221151978 -0.028166596 0.974832535 1.150674582
0.982232094 0.033132095 0.184722126 4.877859116 -0.037329949 0.999116600 0.019293010 -0.371062577 -0.183919668 -0.025845878 0.982601464 1.201901793
0.988254845 0.033091743 0.149188548 4.887936592 -0.036339305 0.999157190 0.019094292 -0.370353371 -0.148430973 -0.024291441 0.988624394 1.266187310
0.992666841 0.034521531 0.115847178 4.893852711 -0.036841359 0.999160051 0.017943185 -0.369347602 -0.115130469 -0.022079578 0.993104935 1.318832874
0.995604932 0.035772622 0.086550340 4.896859646 -0.037388362 0.999154270 0.017119290 -0.369027376 -0.085864753 -0.020280030 0.996100366 1.369888306
0.997604609 0.036348011 0.058854967 4.901464462 -0.037337195 0.999177933 0.015795490 -0.369121969 -0.058232449 -0.017955137 0.998141527 1.435914159
0.998746395 0.035825484 0.034958571 4.902898312 -0.036285482 0.999261856 0.012613768 -0.368837506 -0.034480877 -0.013866443 0.999309123 1.488092422
0.999201417 0.037556365 0.013651493 4.902652740 -0.037690718 0.999242187 0.009721183 -0.368499458 -0.013276055 -0.010227955 0.999859571 1.548607230
0.999353349 0.035280332 -0.006954315 4.901737213 -0.035209898 0.999329865 0.010003611 -0.368379682 0.007302589 -0.009752282 0.999925792 1.600885510
0.999116302 0.031522244 -0.027800122 4.899854660 -0.031179983 0.999433577 0.012660176 -0.368654221 0.028183453 -0.011782182 0.999533296 1.661020398
0.998424768 0.028291594 -0.048449233 4.897005081 -0.027585642 0.999504268 0.015178153 -0.368618578 0.048854627 -0.013817743 0.998710334 1.712582946
0.997340441 0.024417849 -0.068671718 4.892519474 -0.023437086 0.999611974 0.015051609 -0.367870539 0.069012605 -0.013402110 0.997525871 1.773281097
0.995794356 0.021773785 -0.088991702 4.887549400 -0.020567715 0.999684095 0.014447322 -0.367297858 0.089278154 -0.012556204 0.995927691 1.825112343
0.993710339 0.020268429 -0.110131778 4.881361961 -0.018836124 0.999724150 0.014030385 -0.366864085 0.110385746 -0.011867681 0.993817925 1.884020329
0.991290390 0.016913349 -0.130603477 4.874680042 -0.015216363 0.999786496 0.013980521 -0.367052674 0.130812049 -0.011871446 0.991336107 1.933067203
0.988375545 0.014286043 -0.151359215 4.864825726 -0.012328262 0.999827921 0.013865238 -0.366678953 0.151531205 -0.011838068 0.988381565 1.994014263
0.984933615 0.011984972 -0.172516823 4.855862617 -0.009623036 0.999848366 0.014520902 -0.365976810 0.172664702 -0.012641993 0.984899461 2.044342995
0.981133521 0.010258827 -0.193058550 4.843728065 -0.007279748 0.999843359 0.016134042 -0.365292162 0.193193838 -0.014424232 0.981054604 2.104572296
0.977011859 0.008284519 -0.213023916 4.831861496 -0.004480936 0.999821842 0.018331839 -0.365521848 0.213137865 -0.016955875 0.976875007 2.154400349
0.972006679 0.004249655 -0.234914690 4.820175171 0.000164117 0.999823868 0.018766083 -0.365281254 0.234953076 -0.018279310 0.971834898 2.203852892
0.966168642 0.004253027 -0.257876039 4.801711559 0.000190579 0.999852002 0.017204121 -0.363568753 0.257911056 -0.016671229 0.966024816 2.269839764
0.959034324 0.000487158 -0.283289373 4.787520409 0.004280085 0.999859452 0.016209003 -0.362427175 0.283257455 -0.016757494 0.958897531 2.319219351
0.950847745 -0.000574834 -0.309658110 4.771479607 0.006303789 0.999827027 0.017500620 -0.362515241 0.309594512 -0.018592447 0.950686872 2.368951797
0.942163944 -0.000745333 -0.335151374 4.748756886 0.007095122 0.999817789 0.017722057 -0.360730559 0.335077107 -0.019075025 0.941997588 2.431483746
0.932130098 -0.002466390 -0.362115115 4.729950905 0.009846365 0.999779701 0.018536225 -0.360362798 0.361989617 -0.020843694 0.931949079 2.478923559
0.921337247 -0.002879279 -0.388753653 4.709066391 0.010791866 0.999776661 0.018171692 -0.359440297 0.388614535 -0.020937635 0.921162546 2.527637959
0.909842014 -0.004377909 -0.414931715 4.680618763 0.013327098 0.999736786 0.018674875 -0.359156281 0.414740682 -0.022521025 0.909660876 2.589810610
0.897248030 -0.007256117 -0.441467404 4.657130718 0.017807143 0.999646068 0.019761069 -0.359082520 0.441167861 -0.025591852 0.897059619 2.637603998
0.883486748 -0.011213462 -0.468322098 4.632687092 0.022273213 0.999588370 0.018084219 -0.357189029 0.467926502 -0.026408203 0.883372724 2.686164379
0.869731009 -0.014882444 -0.493301719 4.599215984 0.026545569 0.999508977 0.016647751 -0.356916279 0.492811739 -0.027574040 0.869698942 2.745177984
0.855893135 -0.018116752 -0.516835392 4.570785522 0.030083202 0.999438047 0.014785038 -0.356454521 0.516277134 -0.028202480 0.855957150 2.792034626
0.842974842 -0.019160043 -0.537611723 4.540291786 0.030814113 0.999444425 0.012697116 -0.355516225 0.537069798 -0.027269380 0.843096852 2.840688944
0.831326902 -0.020439290 -0.555407822 4.501245499 0.032987311 0.999376357 0.012597407 -0.355416983 0.554803908 -0.028793970 0.831482708 2.897310734
0.820901930 -0.017651880 -0.570796371 4.468826294 0.031952519 0.999376118 0.015047437 -0.355044186 0.570174515 -0.030590851 0.820953846 2.943630457
0.812105775 -0.017013753 -0.583262146 4.428211212 0.030466774 0.999447703 0.013266574 -0.354374200 0.582714379 -0.028543977 0.812175632 2.999034882
0.804819942 -0.018991169 -0.593215168 4.393391609 0.031481009 0.999446929 0.010714284 -0.354248673 0.592683613 -0.027298078 0.804972708 3.045454502
0.798903883 -0.017346988 -0.601208448 4.351696014 0.027112629 0.999606550 0.007185900 -0.353722960 0.600847185 -0.022041183 0.799059927 3.100703239
0.794841409 -0.017220801 -0.606572747 4.314837456 0.027242653 0.999602079 0.007319230 -0.353225052 0.606205225 -0.022342276 0.794994295 3.147670507
0.791132987 -0.016627008 -0.611418128 4.271815300 0.027699564 0.999578774 0.008658611 -0.353116095 0.611016691 -0.023786128 0.791260302 3.203421116
0.788310468 -0.017313102 -0.615034044 4.234556198 0.028718565 0.999549925 0.008672417 -0.353044152 0.614607155 -0.024499452 0.788452864 3.251241922
0.785482287 -0.019731181 -0.618569613 4.197192192 0.030358344 0.999516845 0.006667459 -0.353041589 0.618139327 -0.024015918 0.785701692 3.299301147
0.783289671 -0.022284195 -0.621257186 4.150322437 0.031974044 0.999478757 0.004462501 -0.352859795 0.620834053 -0.023359535 0.783594072 3.357797861
0.781023681 -0.024136631 -0.624034703 4.111514091 0.034289625 0.999402821 0.004260650 -0.352855772 0.623559237 -0.024725588 0.781385005 3.406813622
0.779204249 -0.023728698 -0.626320720 4.066946507 0.034315925 0.999399424 0.004829276 -0.352769077 0.625829875 -0.025255771 0.779550552 3.461778164
0.777284920 -0.022912577 -0.628731430 4.027760029 0.034063194 0.999403477 0.005690659 -0.352758735 0.628225982 -0.025839863 0.777601719 3.510696173
0.775422156 -0.023161100 -0.631018281 3.987655640 0.035220999 0.999357700 0.006600307 -0.352864653 0.630460143 -0.027343111 0.775739849 3.559449196
0.773723304 -0.023158962 -0.633100092 3.937443972 0.035047341 0.999365926 0.006274943 -0.352529824 0.632553399 -0.027043547 0.774044454 3.620624781
0.771771133 -0.025211982 -0.635400176 3.896944761 0.036680233 0.999314964 0.004900891 -0.352408469 0.634841442 -0.027088996 0.772167325 3.670034885
0.769913733 -0.025978366 -0.637618959 3.849132776 0.037081394 0.999304116 0.004060723 -0.352575392 0.637069702 -0.026770212 0.770341158 3.727500677
0.768450022 -0.026041886 -0.639379680 3.807246923 0.037103176 0.999303877 0.003891547 -0.353139251 0.638833225 -0.026713476 0.768881261 3.777557373
0.766794562 -0.028382147 -0.641264677 3.765831470 0.039002385 0.999236226 0.002411396 -0.352840334 0.640706539 -0.026859900 0.767315865 3.827862978
0.765880525 -0.028772067 -0.642338693 3.713528633 0.039933700 0.999198198 0.002857439 -0.352966189 0.641741514 -0.027839415 0.766415477 3.888705730
0.764945567 -0.028741825 -0.643453240 3.670031548 0.040546518 0.999171257 0.003571165 -0.352709293 0.642817318 -0.028821537 0.765477121 3.940433502
0.763944626 -0.029342573 -0.644614458 3.620537519 0.042253532 0.999096453 0.004597013 -0.352994770 0.643896997 -0.030749099 0.764494181 3.999148846
0.762315750 -0.030379010 -0.646492004 3.577563286 0.044603650 0.998988807 0.005651690 -0.353039324 0.645666420 -0.033144277 0.762899935 4.051520824
0.761870027 -0.031044004 -0.646985710 3.525871515 0.045366164 0.998955309 0.005489389 -0.353422701 0.646139264 -0.033533458 0.762482345 4.110627174
0.760385633 -0.031684414 -0.648698568 3.482177973 0.046012457 0.998927653 0.005143807 -0.353296220 0.647839844 -0.033759490 0.761027992 4.162258148
0.759100318 -0.031637877 -0.650204420 3.429085016 0.045327675 0.998962820 0.004311245 -0.353427529 0.649393618 -0.032744907 0.759747207 4.223567963
0.758662105 -0.030212082 -0.650783479 3.383711815 0.042480737 0.999092221 0.003140622 -0.352961451 0.650097728 -0.030028423 0.759257078 4.274192810
0.757169366 -0.029530525 -0.652550817 3.338799953 0.041670743 0.999126554 0.003137042 -0.353686690 0.651888132 -0.029567547 0.757738590 4.326788902
0.755380332 -0.029151022 -0.654637873 3.281068325 0.041353263 0.999139369 0.003225470 -0.354379833 0.653980374 -0.029507866 0.755935788 4.394422054
0.753456354 -0.030627288 -0.656784296 3.235481024 0.043236427 0.999060333 0.003012027 -0.354751796 0.656074822 -0.030666435 0.754072547 4.446657658
0.751342237 -0.032870777 -0.659093499 3.181629896 0.045530114 0.998960793 0.002081771 -0.354625136 0.658340156 -0.031572722 0.752058089 4.507024765
0.748632789 -0.036948267 -0.661954463 3.135879755 0.050921652 0.998700857 0.001845056 -0.355339944 0.661026478 -0.035089076 0.749541759 4.559233665
0.746134400 -0.039249852 -0.664637387 3.087684393 0.051451858 0.998674631 -0.001215455 -0.356093377 0.663804293 -0.033289932 0.747165084 4.612676144
0.743189037 -0.043102659 -0.667691648 3.030288458 0.053229276 0.998568773 -0.005214312 -0.356975377 0.666960776 -0.031665526 0.744419575 4.677538395
0.740688741 -0.044881634 -0.670347333 2.983452797 0.053420164 0.998541534 -0.007829449 -0.357809097 0.669721007 -0.030010881 0.742006063 4.729144573
0.738476455 -0.043080259 -0.672901571 2.937247276 0.051950291 0.998625755 -0.006920764 -0.358858943 0.672275066 -0.029846609 0.739699543 4.779948711
0.735618353 -0.040723797 -0.676170945 2.880186558 0.051965967 0.998642325 -0.003610622 -0.360124320 0.675400078 -0.032481831 0.736735880 4.843264103
0.733304620 -0.038801458 -0.678792119 2.832920074 0.050184485 0.998735845 -0.002875552 -0.361285985 0.678045690 -0.031956170 0.734324872 4.893486023
0.731327772 -0.035763968 -0.681087792 2.797652960 0.049337380 0.998782218 0.000530604 -0.361760467 0.680239260 -0.033991136 0.732201576 4.930285931
0.728950620 -0.032362271 -0.683800817 2.728120804 0.047021963 0.998889804 0.002852221 -0.363219708 0.682949305 -0.034232788 0.729663134 5.005318165
0.726955116 -0.033122186 -0.685885727 2.681157351 0.048081663 0.998839676 0.002725608 -0.363323510 0.684999526 -0.034959923 0.727704227 5.054288387
0.724674344 -0.032307282 -0.688333750 2.625248909 0.045055795 0.998984277 0.000546699 -0.363851160 0.687616885 -0.031409603 0.725393951 5.112088203
0.722166598 -0.032213017 -0.690968871 2.578632116 0.042920295 0.999076962 -0.001718877 -0.364599109 0.690386355 -0.028415266 0.722882628 5.160826206
0.720768094 -0.030990675 -0.692483187 2.530478716 0.040078454 0.999191940 -0.003001345 -0.365740865 0.692016780 -0.025590381 0.721427679 5.209686756
0.718415678 -0.031816285 -0.694885969 2.471896648 0.038933147 0.999226749 -0.005499454 -0.366496980 0.694523633 -0.023103211 0.719098866 5.270797729
0.717018723 -0.027871110 -0.696496487 2.423917294 0.032711379 0.999444723 -0.006318716 -0.367453456 0.696285844 -0.018252723 0.717532456 5.319684982
0.715822160 -0.026353696 -0.697785139 2.368388176 0.030652681 0.999510109 -0.006304127 -0.368403465 0.697609544 -0.016876347 0.716279328 5.376198292
0.715471327 -0.028585840 -0.698056996 2.320367336 0.030363902 0.999490738 -0.009808341 -0.369401395 0.697981834 -0.014178143 0.715975046 5.424751282
0.715119243 -0.031260788 -0.698303163 2.265126228 0.030549254 0.999442637 -0.013456923 -0.371292681 0.698334634 -0.011709336 0.715675652 5.480525970
0.714260995 -0.036407735 -0.698931932 2.217911243 0.036382638 0.999227285 -0.014869700 -0.372715801 0.698933244 -0.014808139 0.715033710 5.528862953
0.713399410 -0.039743893 -0.699629724 2.162933826 0.041915607 0.999022961 -0.014010971 -0.374544114 0.699503005 -0.019329982 0.714368224 5.586056232
0.713082790 -0.041943677 -0.699824095 2.115765095 0.045383271 0.998876810 -0.013624198 -0.376132488 0.699609518 -0.022045117 0.714185297 5.635243416
0.713506281 -0.041553695 -0.699415445 2.061170578 0.044316120 0.998917580 -0.014138773 -0.378091395 0.699245870 -0.020907283 0.714575410 5.690101624
0.714438558 -0.039449178 -0.698585331 2.013725281 0.040299315 0.999072075 -0.015203860 -0.379652381 0.698536873 -0.017290289 0.715365291 5.738121986
0.715612888 -0.035641957 -0.697587132 1.958963037 0.033408325 0.999300778 -0.016785873 -0.381634682 0.697697818 -0.011293028 0.716303170 5.793095112
0.717271984 -0.032676596 -0.696026683 1.912395477 0.029733295 0.999425173 -0.016279485 -0.383487403 0.696158648 -0.009018346 0.717831373 5.839997292
0.718424320 -0.031273004 -0.694901884 1.856807470 0.028306590 0.999475658 -0.015715124 -0.385444283 0.695028961 -0.008380176 0.718932807 5.896793365
0.719460547 -0.032325178 -0.693780661 1.811088562 0.029165858 0.999441326 -0.016321346 -0.387539059 0.693920791 -0.008492146 0.720001340 5.944402695
0.720466614 -0.035054602 -0.692603111 1.756100416 0.031522408 0.999344707 -0.017789105 -0.389029831 0.692772925 -0.009016062 0.721099496 6.001951218
0.721645713 -0.035130225 -0.691370606 1.711104155 0.031966981 0.999337316 -0.017411951 -0.390640169 0.691524148 -0.009535772 0.722290456 6.049047947
0.722533941 -0.035343647 -0.690431416 1.665627480 0.033364318 0.999311328 -0.016239779 -0.392392844 0.690529943 -0.011301984 0.723215461 6.096921444
0.724513113 -0.032071311 -0.688514590 1.606760263 0.030681936 0.999427319 -0.014267647 -0.394240648 0.688577771 -0.010787864 0.725082159 6.156262398
0.726240814 -0.030599309 -0.686759114 1.560534954 0.028885726 0.999484777 -0.013986791 -0.396224558 0.686833322 -0.009679753 0.726750553 6.203375340
0.727129519 -0.031179113 -0.685791790 1.507727385 0.027496144 0.999489248 -0.016287636 -0.397800982 0.685949266 -0.007013406 0.727615476 6.260039330
0.728465736 -0.031291869 -0.684367180 1.462090015 0.024524789 0.999507129 -0.019596169 -0.399318814 0.684643090 -0.002508823 0.728874087 6.306940079
0.729363143 -0.032981090 -0.683331251 1.416074991 0.024480602 0.999455869 -0.022109173 -0.401076198 0.683688462 -0.000602742 0.729773700 6.355760574
0.729600370 -0.033968505 -0.683029532 1.358975410 0.026171926 0.999420822 -0.021746917 -0.403827727 0.683372736 -0.002009639 0.730066836 6.416442871
0.730638146 -0.032617178 -0.681985438 1.313346863 0.026590727 0.999459803 -0.019313257 -0.405855358 0.682246923 -0.004023491 0.731110752 6.463768959
0.730239689 -0.032180421 -0.682432592 1.261577845 0.027784955 0.999462426 -0.017398702 -0.408827662 0.682625711 -0.006256143 0.730741322 6.521524906
0.730478823 -0.032799561 -0.682147205 1.216554880 0.029135164 0.999433339 -0.016856108 -0.409935057 0.682313681 -0.007561446 0.731020451 6.569563866
0.730709434 -0.033135701 -0.681883931 1.162649870 0.028883414 0.999427557 -0.017614957 -0.411887735 0.682077348 -0.006823726 0.731248200 6.627720833
0.730668008 -0.036005575 -0.681782842 1.118993521 0.031028632 0.999327838 -0.019521980 -0.412966937 0.682027519 -0.006890706 0.731293976 6.676163673
0.731517553 -0.037689421 -0.680779994 1.063811541 0.031158073 0.999275804 -0.021841772 -0.415492356 0.681110203 -0.005234155 0.732162178 6.733170509
0.731459022 -0.038618252 -0.680790901 1.018659353 0.031854272 0.999240220 -0.022457428 -0.417230427 0.681141019 -0.005259410 0.732133329 6.780683517
0.731465697 -0.040339492 -0.680683792 0.973376513 0.032713242 0.999175131 -0.024060510 -0.419588208 0.681093037 -0.004667936 0.732182026 6.830444336
0.731832743 -0.039578665 -0.680333912 0.914800882 0.031944174 0.999207020 -0.023766989 -0.422508210 0.680735230 -0.004339247 0.732516825 6.892135620
0.732479334 -0.038868580 -0.679678738 0.868563414 0.032417033 0.999227762 -0.022207187 -0.424895972 0.680016994 -0.005766866 0.733173609 6.940797329
0.731803477 -0.037768796 -0.680468440 0.824204922 0.032205544 0.999264121 -0.020828120 -0.426649094 0.680754423 -0.006672770 0.732481360 6.991236687
0.732238829 -0.038992908 -0.679930687 0.764985085 0.034390401 0.999202907 -0.020266538 -0.429779142 0.680179060 -0.008543145 0.732996225 7.053160667
0.732679307 -0.039746962 -0.679412305 0.719520092 0.035665091 0.999163806 -0.019991767 -0.431530386 0.679638863 -0.009583749 0.733484328 7.101845741
0.732758820 -0.040801603 -0.679263949 0.673834562 0.037343033 0.999107659 -0.019729821 -0.433175981 0.679462910 -0.010908577 0.733628809 7.151293755
0.732867897 -0.039898064 -0.679200053 0.615205288 0.035989642 0.999154925 -0.019859673 -0.435851574 0.679418385 -0.009889650 0.733684421 7.214365005
0.733184218 -0.042508416 -0.678700149 0.569642305 0.037460476 0.999053657 -0.022105131 -0.437768131 0.678997517 -0.009217300 0.734082758 7.263383865
0.733338058 -0.045305971 -0.678352833 0.515144110 0.037623957 0.998952687 -0.026044592 -0.440102547 0.678822279 -0.006422827 0.734274507 7.322596550
0.733546615 -0.046918668 -0.678017735 0.469977617 0.038401932 0.998881876 -0.027575368 -0.442295015 0.678553343 -0.005809377 0.734528124 7.371798038
0.734436512 -0.046773836 -0.677063584 0.423099756 0.040645555 0.998862982 -0.024915036 -0.444543332 0.677459180 -0.009221112 0.735502541 7.420598030
0.734127641 -0.045676991 -0.677473485 0.365538597 0.042576030 0.998868108 -0.021209767 -0.447606862 0.677675366 -0.013273454 0.735241354 7.484646797
0.734012127 -0.046048969 -0.677573383 0.320199728 0.045549456 0.998790085 -0.018535852 -0.449684322 0.677607238 -0.017257558 0.735221565 7.535040855
0.734737515 -0.045370765 -0.676832557 0.264666557 0.043424606 0.998860180 -0.019817850 -0.451323777 0.676960170 -0.014830263 0.735870302 7.593277454
0.736168146 -0.046829451 -0.675176680 0.219025850 0.044304084 0.998798072 -0.020969197 -0.452922940 0.675347030 -0.014476221 0.737358153 7.641969681
0.737039387 -0.045100003 -0.674343348 0.163789988 0.040396750 0.998926878 -0.022655539 -0.455321431 0.674641430 -0.010543254 0.738070309 7.701844692
0.739197314 -0.046590883 -0.671875477 0.118173122 0.040489059 0.998874128 -0.024720397 -0.457352787 0.672270834 -0.008930360 0.740251422 7.751802444
0.741907239 -0.044573560 -0.669019222 0.063656092 0.036887188 0.998990119 -0.025651990 -0.460362941 0.669487059 -0.005646838 0.742802203 7.811306953
0.745462775 -0.043811042 -0.665105939 0.017902851 0.034924757 0.999034226 -0.026662856 -0.462502539 0.665631771 -0.003352497 0.746272922 7.861622810
0.749234796 -0.042717326 -0.660925448 -0.036042452 0.033797808 0.999083638 -0.026259683 -0.465499341 0.661441565 -0.002663164 0.749991894 7.921188831
0.752665997 -0.040582310 -0.657150686 -0.081175327 0.033041481 0.999169111 -0.023859672 -0.467883587 0.657572925 -0.003754865 0.753381550 7.972373962
0.756427646 -0.039658420 -0.652873933 -0.134117126 0.034963034 0.999184728 -0.020186258 -0.469539881 0.653142095 -0.007557010 0.757197559 8.033152580
0.759870350 -0.039056025 -0.648900330 -0.179154634 0.035199121 0.999201238 -0.018921331 -0.471219748 0.649121106 -0.008462963 0.760637999 8.084980011
0.762911499 -0.042294826 -0.645118058 -0.221967459 0.040346745 0.999027491 -0.017783878 -0.472552329 0.645242751 -0.012460889 0.763875842 8.137231827
