0.999996662 -0.002235506 -0.001364723 -0.000161198 0.002239668 0.999992847 0.003056523 -0.000810664 0.001357876 -0.003059570 0.999994457 0.060878374
0.999993265 -0.002838711 -0.002366163 -0.001127441 0.002847336 0.999989331 0.003650320 -0.001292395 0.002355771 -0.003657033 0.999990642 0.118754551
0.999990165 -0.001710300 -0.004099198 -0.001109159 0.001725234 0.999991834 0.003642580 -0.002057133 0.004092932 -0.003649618 0.999984920 0.182558835
0.999984801 -0.000681161 -0.005466439 -0.001964970 0.000700414 0.999993503 0.003520941 -0.002731957 0.005464009 -0.003524717 0.999978900 0.242523521
0.999976516 -0.000469973 -0.006835163 -0.002828897 0.000494086 0.999993682 0.003526617 -0.003210820 0.006833464 -0.003529912 0.999970376 0.302294552
0.999960184 -0.000796227 -0.008878537 -0.003245491 0.000831962 0.999991596 0.004021938 -0.003783921 0.008875262 -0.004029164 0.999952435 0.360688001
0.999943733 -0.002463875 -0.010316998 -0.004147162 0.002496882 0.999991953 0.003187703 -0.004673597 0.010309055 -0.003213285 0.999941647 0.422336519
0.999928236 -0.004847331 -0.010955139 -0.005887038 0.004887501 0.999981463 0.003643016 -0.005104311 0.010937274 -0.003696298 0.999933362 0.479326427
0.999910533 -0.003753982 -0.012835464 -0.005863210 0.003804775 0.999984980 0.003935121 -0.006399091 0.012820506 -0.003983605 0.999909878 0.541760623
0.999885857 -0.003425311 -0.014710829 -0.006274797 0.003480328 0.999987006 0.003715994 -0.006956958 0.014697915 -0.003766768 0.999884903 0.598641872
0.999894321 -0.001726766 -0.014433824 -0.008150853 0.001788291 0.999989331 0.004250828 -0.007388886 0.014426328 -0.004276192 0.999886811 0.660416842
0.999890566 -0.000938213 -0.014765635 -0.009468923 0.001017900 0.999984920 0.005390245 -0.008128421 0.014760355 -0.005404686 0.999876440 0.715554595
0.999876201 0.001101226 -0.015696054 -0.010545589 -0.001013791 0.999983966 0.005577436 -0.008179509 0.015701948 -0.005560834 0.999861181 0.779004931
0.999865472 0.001504231 -0.016332285 -0.011139405 -0.001413294 0.999983430 0.005578100 -0.008886944 0.016340408 -0.005554268 0.999851048 0.833863378
0.999863744 0.002112708 -0.016371854 -0.012991624 -0.002024570 0.999983370 0.005398196 -0.008989862 0.016382992 -0.005364315 0.999851406 0.894657910
0.999855280 0.002302752 -0.016850799 -0.014086704 -0.002208679 0.999981880 0.005599220 -0.009295542 0.016863395 -0.005561192 0.999842346 0.950029612
0.999864578 0.003071761 -0.016168721 -0.015172972 -0.002968087 0.999974906 0.006432160 -0.009206455 0.016188079 -0.006383299 0.999848545 1.004188538
0.999853909 0.003827256 -0.016655810 -0.016316473 -0.003726889 0.999974728 0.006052786 -0.010663696 0.016678547 -0.005989829 0.999842942 1.069149971
0.999859393 0.004669194 -0.016106235 -0.018054571 -0.004613060 0.999983191 0.003520621 -0.010846544 0.016122395 -0.003445828 0.999864101 1.121683836
0.999872923 0.002837245 -0.015689913 -0.018328451 -0.002784168 0.999990344 0.003403707 -0.011680293 0.015699413 -0.003359592 0.999871075 1.176152349
0.999871969 0.002402729 -0.015819507 -0.019941937 -0.002303634 0.999977648 0.006279429 -0.012290698 0.015834235 -0.006242183 0.999855101 1.239386439
0.999879777 0.000500189 -0.015497253 -0.021325920 -0.000390359 0.999974787 0.007089344 -0.012558060 0.015500403 -0.007082442 0.999854743 1.292134881
0.999887824 -0.000297219 -0.014975007 -0.022330739 0.000402176 0.999975383 0.007006351 -0.013166428 0.014972552 -0.007011588 0.999863267 1.343844175
0.999892533 0.000114025 -0.014654911 -0.023559021 -0.000038519 0.999986708 0.005152440 -0.013844574 0.014655299 -0.005151323 0.999879360 1.406124473
0.999904156 0.001403874 -0.013770510 -0.025152231 -0.001345668 0.999990106 0.004235160 -0.014375113 0.013776314 -0.004216223 0.999896288 1.456779003
0.999911606 0.000796317 -0.013271027 -0.026200561 -0.000747802 0.999993026 0.003660242 -0.015551401 0.013273844 -0.003649994 0.999905288 1.507213950
0.999927878 0.002222871 -0.011804870 -0.026982013 -0.002167386 0.999986589 0.004710872 -0.016027054 0.011815183 -0.004684947 0.999919116 1.566137910
0.999940991 0.002517274 -0.010572411 -0.027435344 -0.002444904 0.999973536 0.006852590 -0.016750656 0.010589380 -0.006826337 0.999920547 1.614914775
0.999961019 0.002123988 -0.008575534 -0.027878340 -0.002054933 0.999965489 0.008053410 -0.017085850 0.008592342 -0.008035473 0.999930680 1.663373113
0.999975562 0.002215093 -0.006635755 -0.028722623 -0.002160593 0.999963999 0.008209125 -0.017636053 0.006653696 -0.008194588 0.999944329 1.721005321
0.999994040 0.002084966 -0.002780335 -0.029270599 -0.002063974 0.999969602 0.007531911 -0.017997630 0.002795950 -0.007526126 0.999967873 1.766562819
0.999998808 0.001408764 0.000687146 -0.028850732 -0.001412807 0.999981523 0.005918478 -0.018652059 -0.000678799 -0.005919443 0.999982297 1.811571956
0.999991655 0.001462396 0.003807709 -0.029348519 -0.001477506 0.999991000 0.003968141 -0.019058304 -0.003801867 -0.003973734 0.999984860 1.869594455
0.999968648 0.001450423 0.007785108 -0.029147672 -0.001489177 0.999986529 0.004974204 -0.019867681 -0.007777784 -0.004985640 0.999957263 1.912599802
0.999903798 0.001958626 0.013734575 -0.029099260 -0.002024055 0.999986708 0.004751418 -0.020360086 -0.013725082 -0.004778760 0.999894440 1.957703590
0.999797881 0.003050796 0.019873492 -0.028337471 -0.003120442 0.999989152 0.003474372 -0.020663831 -0.019862670 -0.003535684 0.999796450 2.000624418
0.999608397 0.004649129 0.027588928 -0.027650960 -0.004756406 0.999981344 0.003824071 -0.021539629 -0.027570629 -0.003953798 0.999612033 2.058981657
0.999336243 0.005572219 0.035995096 -0.026224867 -0.005743825 0.999972582 0.004665838 -0.021823037 -0.035968110 -0.004869491 0.999341071 2.099047899
0.998902261 0.008424863 0.046078332 -0.025225908 -0.008679854 0.999948084 0.005336573 -0.022482049 -0.046030976 -0.005730668 0.998923540 2.137477636
0.998125553 0.011185145 0.060169566 -0.023773715 -0.011500938 0.999921858 0.004904560 -0.022307588 -0.060110006 -0.005587372 0.998176098 2.163306236
0.997172177 0.012457059 0.074110635 -0.019861624 -0.012923607 0.999899566 0.005819004 -0.023607917 -0.074030720 -0.006760326 0.997233033 2.241560936
0.995764136 0.014845683 0.090738207 -0.016693249 -0.015565248 0.999852777 0.007227534 -0.024232011 -0.090617560 -0.008609282 0.995848477 2.282225847
0.993991792 0.015933171 0.108287692 -0.012951821 -0.016876237 0.999827147 0.007797964 -0.024147874 -0.108144730 -0.009578601 0.994089007 2.320430517
0.991793573 0.014767619 0.126993731 -0.008358240 -0.015840294 0.999846876 0.007440857 -0.025362168 -0.126864403 -0.009391412 0.991875648 2.358584881
0.988840699 0.013850294 0.148331597 -0.001597404 -0.014888297 0.999871731 0.005889753 -0.025394045 -0.148231000 -0.008032432 0.988920093 2.416740656
0.985564232 0.010835278 0.168955326 0.005413294 -0.011967494 0.999912202 0.005684379 -0.025627866 -0.168878883 -0.007624291 0.985607326 2.455285549
0.981518805 0.006138291 0.191267326 0.011813641 -0.007791220 0.999938428 0.007891133 -0.025915574 -0.191207081 -0.009235499 0.981506288 2.491370440
0.976751983 0.000173746 0.214372724 0.019885838 -0.002315205 0.999949872 0.009738382 -0.027356355 -0.214360267 -0.010008298 0.976703405 2.529204130
0.971315980 -0.004341981 0.237752929 0.032625020 0.002375591 0.999960542 0.008556617 -0.026765924 -0.237780690 -0.007746375 0.971287966 2.580510378
0.964741230 -0.009918082 0.263013065 0.042163134 0.008502386 0.999942482 0.006520239 -0.026974972 -0.263062596 -0.004054104 0.964770257 2.615891695
0.957047522 -0.013926017 0.289596558 0.052811682 0.012396103 0.999897838 0.007116572 -0.027443847 -0.289666086 -0.003221029 0.957122266 2.651609421
0.948950291 -0.015849570 0.315027118 0.065461338 0.013595499 0.999863863 0.009351443 -0.026867187 -0.315132409 -0.004591106 0.949036598 2.682773590
0.938793719 -0.020254573 0.343883663 0.081398010 0.017148891 0.999780238 0.012070475 -0.027327839 -0.344052553 -0.005434460 0.938934624 2.732296705
0.927907169 -0.023017671 0.372099817 0.094471931 0.020142959 0.999729753 0.011611524 -0.027537674 -0.372266531 -0.003279224 0.928120077 2.764393806
0.915591300 -0.022869499 0.401459336 0.107908785 0.021679711 0.999736726 0.007506925 -0.027627690 -0.401525319 0.001830246 0.915846050 2.796724796
0.902725577 -0.023777805 0.429559350 0.122475147 0.025081659 0.999681950 0.002626846 -0.028421482 -0.429485202 0.008402741 0.903034866 2.825712204
0.887821913 -0.026237717 0.459438682 0.136841416 0.029201888 0.999573350 0.000653950 -0.029111257 -0.459259808 0.012835884 0.888209283 2.857628345
0.872977138 -0.026600178 0.487035096 0.164534450 0.028639644 0.999584496 0.003259240 -0.029131303 -0.486919373 0.011103269 0.873376310 2.903466225
0.855375707 -0.025816262 0.517364264 0.182163000 0.024413865 0.999656558 0.009518176 -0.029926633 -0.517432272 0.004489241 0.855712354 2.932405949
0.835666835 -0.026177028 0.548612475 0.201340318 0.023078622 0.999654830 0.012544296 -0.029711243 -0.548751533 0.002178364 0.835982680 2.961544514
0.814171851 -0.020103598 0.580275834 0.219745517 0.019448318 0.999783814 0.007349913 -0.029718427 -0.580298066 0.005301293 0.814386904 2.989450455
0.791777253 -0.013368731 0.610663652 0.240427971 0.016846424 0.999858081 0.000046207 -0.030069446 -0.610577583 0.010250909 0.791890144 3.017922401
0.770178914 -0.010406583 0.637743056 0.271936536 0.015202232 0.999882340 -0.002043268 -0.030336028 -0.637646675 0.011268799 0.770246506 3.055074692
0.746847749 -0.012978388 0.664868474 0.293917060 0.016162938 0.999868453 0.001361814 -0.030970145 -0.664798558 0.009729158 0.746959269 3.079752922
0.722097874 -0.013466901 0.691659749 0.317573905 0.016770486 0.999857366 0.001959126 -0.031482354 -0.691587448 0.010184787 0.722220898 3.105212212
0.696424305 -0.011360585 0.717540324 0.341211557 0.017593505 0.999844432 -0.001245541 -0.031450089 -0.717414558 0.013491475 0.696515799 3.128637314
0.670829117 -0.009803695 0.741547167 0.365833282 0.017084677 0.999851465 -0.002236755 -0.033419162 -0.741415143 0.014169574 0.670897126 3.149422646
0.643640339 -0.006289667 0.765302360 0.402144313 0.015131134 0.999875307 -0.004508188 -0.032931179 -0.765178561 0.014481542 0.643655241 3.182224512
0.615728796 -0.004599710 0.787944853 0.428134918 0.015162946 0.999866903 -0.006012050 -0.033336733 -0.787812352 0.015649356 0.615716517 3.202134848
0.586597443 0.001905357 0.809876502 0.455654144 0.014168703 0.999819994 -0.012614689 -0.033634789 -0.809754789 0.018874640 0.586464763 3.223386288
0.556563139 0.011291052 0.830728650 0.483361006 0.012979052 0.999667466 -0.022282798 -0.034325752 -0.830703974 0.023183854 0.556231499 3.241697311
0.525499940 0.019310093 0.850574672 0.512414813 0.011894588 0.999477983 -0.030039243 -0.035739694 -0.850710571 0.025902851 0.524995863 3.260626078
0.492950529 0.024426837 0.869714379 0.554548144 0.009449171 0.999396563 -0.033424854 -0.037141986 -0.870005965 0.024694877 0.492422342 3.287351131
0.460769773 0.024242025 0.887188613 0.584832191 0.007444856 0.999486148 -0.031177068 -0.038103178 -0.887488425 0.020970436 0.460352540 3.302874088
0.427331179 0.022974085 0.903803349 0.616833329 0.003321107 0.999630511 -0.026980227 -0.039299201 -0.904089034 0.014531111 0.427096993 3.318439960
0.392427981 0.023822654 0.919474244 0.657047272 -0.001073601 0.999675870 -0.025442384 -0.041398149 -0.919782043 0.008997155 0.392326325 3.337337494
0.357124269 0.027095390 0.933663845 0.689622998 -0.008326066 0.999631822 -0.025825115 -0.042578280 -0.934019804 0.001449029 0.357218474 3.350261211
0.321002424 0.028598892 0.946646452 0.729122758 -0.012590354 0.999584496 -0.025928870 -0.043895859 -0.946994662 -0.003595385 0.321229070 3.364777803
0.285113454 0.027320679 0.958104372 0.763257146 -0.014512864 0.999602258 -0.024185255 -0.045342777 -0.958383918 -0.007009298 0.285396516 3.374961138
0.248460874 0.027768545 0.968243897 0.804200351 -0.015965391 0.999570668 -0.024570104 -0.046377957 -0.968510330 -0.009353683 0.248797461 3.386343956
0.212658495 0.027412990 0.976742089 0.839556873 -0.015273903 0.999577522 -0.024728421 -0.047438193 -0.977007210 -0.009659954 0.212987304 3.394025326
0.177393556 0.026111303 0.983793437 0.881264687 -0.013215029 0.999620974 -0.024148513 -0.048764240 -0.984051228 -0.008717068 0.177671388 3.401399851
0.142599925 0.025195155 0.989459634 0.918108940 -0.004534017 0.999682128 -0.024802020 -0.049960177 -0.989769995 -0.000949461 0.142668843 3.406645298
0.108616002 0.028354652 0.993679345 0.960311055 -0.002610120 0.999597847 -0.028238231 -0.051800169 -0.994080365 0.000473501 0.108646318 3.411547661
0.076720580 0.033192053 0.996500015 0.996818423 -0.001467917 0.999448359 -0.033177242 -0.053162940 -0.997051537 0.001082598 0.076726988 3.414163828
0.046939526 0.037199538 0.998204887 1.040543556 0.004819458 0.999286234 -0.037466466 -0.055004548 -0.998886108 0.006569463 0.046726730 3.416523695
0.021787308 0.035559349 0.999130130 1.077564240 0.007071530 0.999336839 -0.035720911 -0.056189008 -0.999737620 0.007843641 0.021521393 3.416973114
-0.000746116 0.032546859 0.999469936 1.122148395 0.008570821 0.999433696 -0.032539282 -0.058187723 -0.999962986 0.008541999 -0.001024641 3.417329311
-0.020244660 0.029926904 0.999347091 1.159576058 0.008766157 0.999518812 -0.029754464 -0.059711158 -0.999756634 0.008158063 -0.020497257 3.417214632
-0.036501642 0.033283696 0.998779118 1.203782201 0.010768633 0.999400258 -0.032910842 -0.061452504 -0.999275684 0.009554187 -0.036838163 3.415488720
-0.051068563 0.037519429 0.997990072 1.241139889 0.013839999 0.999224663 -0.036857635 -0.062783718 -0.998599291 0.011929917 -0.051548231 3.413630247
-0.062766515 0.042678833 0.997115195 1.279247999 0.017500611 0.998978794 -0.041656964 -0.064721823 -0.997874737 0.014835461 -0.063449323 3.411196232
-0.071380682 0.046775255 0.996351719 1.327780008 0.023570318 0.998700082 -0.045196865 -0.066269487 -0.997170627 0.020258149 -0.072390407 3.407020807
-0.077533014 0.051562950 0.995655596 1.364517808 0.027283875 0.998397470 -0.049580313 -0.068944588 -0.996616364 0.023321234 -0.078815602 3.403861523
-0.081438854 0.056722067 0.995063007 1.400263786 0.028985100 0.998091757 -0.054522496 -0.070273906 -0.996256769 0.024401756 -0.082927547 3.400858879
-0.083736129 0.060914852 0.994624436 1.449535489 0.031748235 0.997786164 -0.058435660 -0.073342934 -0.995982051 0.026684389 -0.085484691 3.396970272
-0.085893579 0.063513666 0.994277894 1.487196088 0.032534529 0.997612476 -0.060916100 -0.076360822 -0.995772898 0.027116051 -0.087754905 3.393198252
-0.088485636 0.067341939 0.993798554 1.525417089 0.033861533 0.997338712 -0.064566873 -0.078589790 -0.995501697 0.027938293 -0.090530463 3.390357256
-0.090391956 0.071020983 0.993370712 1.573987484 0.034592360 0.997076035 -0.068138145 -0.082022347 -0.995305300 0.028203897 -0.092584424 3.385294676
-0.092884183 0.071886852 0.993078470 1.610845804 0.036691386 0.996959865 -0.068736024 -0.085293435 -0.995000541 0.030052938 -0.095239423 3.381973267
-0.095349982 0.070833020 0.992920518 1.648859739 0.036339428 0.997047901 -0.067637801 -0.087865025 -0.994780183 0.029632902 -0.097642541 3.378344059
-0.096786603 0.071013480 0.992768526 1.699117184 0.036649708 0.997029245 -0.067745201 -0.091009296 -0.994630218 0.029827846 -0.099101707 3.372852564
-0.098967865 0.072143339 0.992471874 1.736809373 0.037654359 0.996925652 -0.068712234 -0.094209231 -0.994377971 0.030570593 -0.101380102 3.368740559
-0.102702573 0.073534377 0.991990328 1.771743894 0.037691951 0.996835291 -0.069991216 -0.097484984 -0.993997872 0.030201774 -0.105149195 3.367304802
-0.104294911 0.076089151 0.991631508 1.825326085 0.033847399 0.996763051 -0.072923020 -0.101643711 -0.993970335 0.025958652 -0.106532723 3.360375166
-0.106855936 0.079239935 0.991111875 1.864708900 0.032227941 0.996571481 -0.076201811 -0.105108954 -0.993752062 0.023798887 -0.109043300 3.356530428
-0.108777583 0.083413571 0.990560234 1.903199315 0.029555123 0.996304095 -0.080651693 -0.108341850 -0.993626714 0.020503039 -0.110840835 3.352114677
-0.111315161 0.086266130 0.990033865 1.953851104 0.026343348 0.996131301 -0.083835512 -0.112221390 -0.993435919 0.016748644 -0.113157064 3.346449137
-0.113999762 0.084856182 0.989850223 1.993966222 0.024198707 0.996287167 -0.082621060 -0.115530007 -0.993186116 0.014534315 -0.115629919 3.341775179
-0.117066815 0.080542959 0.989852667 2.034074068 0.021439714 0.996678591 -0.078562796 -0.119079962 -0.992892563 0.012025061 -0.118404821 3.337635517
-0.119463250 0.079045378 0.989687026 2.084357262 0.021766510 0.996794522 -0.076985694 -0.123394936 -0.992600024 0.012345073 -0.120800860 3.331614971
-0.121025480 0.079315111 0.989475608 2.124128103 0.021161007 0.996782243 -0.077312566 -0.126898885 -0.992423832 0.011581510 -0.122314438 3.326350212
-0.122076869 0.082203440 0.989110589 2.163688660 0.022793105 0.996533573 -0.080007225 -0.130178630 -0.992258906 0.012777873 -0.123527378 3.321327209
-0.122988090 0.085406467 0.988726377 2.204024315 0.022977840 0.996267855 -0.083199717 -0.133218601 -0.992142141 0.012486223 -0.124491557 3.316439867
-0.123855479 0.085811228 0.988582850 2.258916378 0.021945937 0.996247172 -0.083726957 -0.138478726 -0.992057502 0.011325339 -0.125273854 3.310450792
-0.123704903 0.083970495 0.988759756 2.300071239 0.019806778 0.996423662 -0.082143299 -0.142512232 -0.992121398 0.009422620 -0.124925666 3.305628538
-0.122789934 0.084510565 0.988827944 2.326359510 0.014033047 0.996415854 -0.083416522 -0.143517882 -0.992333472 0.003633559 -0.123535797 3.301172495
-0.123882174 0.085844710 0.988576770 2.366571903 0.011025598 0.996308386 -0.085134462 -0.146896869 -0.992235720 0.000353004 -0.124371350 3.297619343
-0.124535672 0.084982738 0.988569021 2.437229156 0.007370737 0.996377170 -0.084725440 -0.154560506 -0.992187738 -0.003264857 -0.124710880 3.290130615
-0.124454379 0.085000657 0.988577783 2.479101658 0.003989010 0.996358693 -0.085167505 -0.157969385 -0.992217362 -0.006656023 -0.124340266 3.284524918
-0.124491818 0.080743074 0.988929868 2.519568682 0.004975779 0.996721864 -0.080752872 -0.160782114 -0.992208123 -0.005132377 -0.124485470 3.279753923
-0.126291826 0.070520252 0.989483297 2.572659969 0.008055222 0.997509956 -0.070064202 -0.166311696 -0.991960406 -0.000878028 -0.126545429 3.274813414
-0.126254052 0.064971082 0.989867985 2.613831758 0.012558267 0.997877538 -0.063895047 -0.169730127 -0.991918385 0.004364017 -0.126802012 3.269473791
-0.125438377 0.067202285 0.989822686 2.655398607 0.021618595 0.997651398 -0.064994127 -0.172656402 -0.991865814 0.013245817 -0.126596630 3.263820410
-0.124087468 0.073788226 0.989523888 2.685676813 0.027181277 0.997109890 -0.070945337 -0.173963010 -0.991898894 0.018093096 -0.125734508 3.259355783
-0.122617342 0.079606362 0.989256203 2.751969099 0.032377556 0.996568263 -0.076181583 -0.178760916 -0.991925657 0.022688510 -0.124773987 3.250473976
-0.121705636 0.084184021 0.988989830 2.793054342 0.032755122 0.996194720 -0.080766447 -0.181839779 -0.992025614 0.022564743 -0.123999976 3.244940519
-0.121569932 0.082198888 0.989173472 2.834141970 0.028575636 0.996441960 -0.079290926 -0.184601083 -0.992171466 0.018626867 -0.123486258 3.239886045
-0.121275395 0.076043889 0.989701748 2.889604330 0.029747184 0.996891797 -0.072951198 -0.190486521 -0.992173076 0.020593645 -0.123160541 3.233394623
-0.121495038 0.074495435 0.989792526 2.932031631 0.028027812 0.997039557 -0.071600519 -0.193371683 -0.992196202 0.019042609 -0.123223312 3.228981972
-0.121368378 0.074601173 0.989800155 2.982261419 0.025224939 0.997081518 -0.072056904 -0.197491363 -0.992286921 0.016222216 -0.122895963 3.222863913
-0.121292114 0.080526821 0.989345074 3.023577690 0.026490664 0.996611476 -0.077870570 -0.200732008 -0.992263317 0.016763320 -0.123014323 3.218049049
-0.120606147 0.082478844 0.989268005 3.067530155 0.025946025 0.996463954 -0.079915605 -0.204531193 -0.992361307 0.016029263 -0.122319669 3.212676048
-0.119430035 0.081834458 0.989464283 3.123435259 0.026849974 0.996499121 -0.079175442 -0.208467871 -0.992479503 0.017111164 -0.121209159 3.205356121
-0.118187539 0.075455509 0.990120292 3.165877819 0.028886447 0.996948063 -0.072527766 -0.211786956 -0.992571056 0.020029178 -0.120006479 3.199719429
-0.119325154 0.073965915 0.990096271 3.220038414 0.028300637 0.997069299 -0.071076073 -0.215540200 -0.992451787 0.019539189 -0.121068723 3.193907261
-0.119277351 0.076803498 0.989885986 3.263489008 0.025205964 0.996916473 -0.074311741 -0.219308168 -0.992541015 0.016087318 -0.120845467 3.189116240
-0.118859962 0.080228873 0.989664435 3.308330774 0.024784239 0.996659398 -0.077819295 -0.222571805 -0.992601633 0.015278476 -0.120451286 3.183670044
-0.118134417 0.079298981 0.989826262 3.353249073 0.024283426 0.996738791 -0.076954573 -0.226145595 -0.992700577 0.014945382 -0.119674824 3.178281784
-0.118724070 0.076560751 0.989971161 3.411801100 0.023227869 0.996964216 -0.074315906 -0.230499834 -0.992655575 0.014171833 -0.120141998 3.172087193
-0.117543444 0.075220667 0.990214765 3.455297709 0.023955608 0.997051775 -0.072896391 -0.234232053 -0.992778778 0.015152703 -0.118998855 3.166585922
-0.116729960 0.075745195 0.990270972 3.501228809 0.026401673 0.996971846 -0.073145583 -0.237775341 -0.992812753 0.017606530 -0.118376277 3.161579847
-0.116295010 0.076459244 0.990267396 3.558286905 0.028222110 0.996884346 -0.073655792 -0.241694912 -0.992813647 0.019381639 -0.118090518 3.155688047
-0.115832828 0.075025871 0.990431190 3.603224277 0.027697744 0.996999502 -0.072284110 -0.246017277 -0.992882490 0.019059835 -0.117563315 3.151049137
-0.114171289 0.076591425 0.990504205 3.649987936 0.028806774 0.996859729 -0.073762417 -0.249018908 -0.993043363 0.020111678 -0.116019115 3.145853519
-0.112418421 0.074233025 0.990884185 3.704448700 0.028545836 0.997035205 -0.071455255 -0.253786296 -0.993250847 0.020252731 -0.114204146 3.138566017
-0.110909171 0.074380979 0.991043150 3.750630140 0.026890570 0.997054875 -0.071822807 -0.256625086 -0.993466616 0.018683912 -0.112582646 3.133342266
-0.110939816 0.072628088 0.991169691 3.795417309 0.027788280 0.997162879 -0.069956943 -0.260734737 -0.993438601 0.019781891 -0.112643257 3.129114628
-0.108302511 0.073769480 0.991377056 3.852626085 0.026366141 0.997105360 -0.071315356 -0.265126169 -0.993768275 0.018415160 -0.109934010 3.122335911
-0.108473361 0.075917847 0.991196215 3.898523569 0.025708513 0.996960521 -0.073545888 -0.268950969 -0.993766844 0.017504415 -0.110095382 3.118425608
-0.105688781 0.074941263 0.991571307 3.951694012 0.023618078 0.997064054 -0.072838984 -0.272913814 -0.994118750 0.015720744 -0.107148446 3.111690283
-0.105480269 0.072769687 0.991755188 3.991470337 0.017001966 0.997305095 -0.071368612 -0.277255923 -0.994276047 0.009333807 -0.106433228 3.106652021
-0.105026498 0.074332543 0.991687477 4.050533295 0.017765572 0.997183681 -0.072863013 -0.280818313 -0.994310677 0.009965352 -0.106051251 3.101620436
-0.104677536 0.073841788 0.991761029 4.095926762 0.015007751 0.997243345 -0.072665937 -0.284465075 -0.994392991 0.007277612 -0.105497174 3.096346855
-0.105929554 0.070536464 0.991868734 4.141867638 0.012664534 0.997495711 -0.069584087 -0.288565606 -0.994292974 0.005190546 -0.106557585 3.091748714
-0.107660472 0.069985308 0.991721392 4.201754093 0.010693988 0.997543097 -0.069235206 -0.292451322 -0.994130194 0.003151561 -0.108144373 3.086138725
-0.109283946 0.069277823 0.991593480 4.248700619 0.008481139 0.997597098 -0.068762548 -0.295910656 -0.993974328 0.000895202 -0.109608904 3.081036568
-0.111052848 0.068951309 0.991419673 4.303043842 0.008901246 0.997619331 -0.068385422 -0.300542444 -0.993774593 0.001230473 -0.111402191 3.075491428
-0.113764405 0.067931734 0.991182625 4.349781990 0.007068692 0.997689843 -0.067566380 -0.303634614 -0.993482590 -0.000680287 -0.113981768 3.070440292
-0.116848089 0.062509954 0.991180658 4.396396160 0.006037311 0.998043656 -0.062231034 -0.307363957 -0.993131399 -0.001287514 -0.116996847 3.065186262
-0.119958825 0.063288979 0.990759552 4.456590176 0.005805137 0.997993588 -0.063048229 -0.311151415 -0.992761970 -0.001811697 -0.120085515 3.057528019
-0.125733718 0.070082724 0.989585578 4.503389359 -0.001645053 0.997485578 -0.070851229 -0.313937366 -0.992062628 -0.010536309 -0.125302270 3.052359343
-0.131505370 0.072212443 0.988681853 4.548575401 0.002427948 0.997363746 -0.072523624 -0.318205237 -0.991312385 -0.007136778 -0.131334007 3.045122623
-0.141000152 0.069348715 0.987577617 4.608407497 0.005545482 0.997583270 -0.069259554 -0.321049511 -0.989994049 -0.004289015 -0.141043946 3.036921978
-0.150997490 0.066145271 0.986318707 4.640618324 0.011094980 0.997809410 -0.065217324 -0.323941469 -0.988471866 0.001095534 -0.151400596 3.031349182
-0.164790973 0.068478301 0.983948469 4.707631111 0.008921732 0.997649670 -0.067937650 -0.328164339 -0.986288309 -0.002416983 -0.165014580 3.021440506
-0.178781405 0.069046132 0.981463134 4.753379822 0.010750276 0.997612059 -0.068223961 -0.331519306 -0.983830214 -0.001646175 -0.179096743 3.012635231
-0.192828402 0.066960774 0.978945076 4.805733681 0.012109614 0.997755289 -0.065862119 -0.335508376 -0.981157660 -0.000845440 -0.193206444 3.002712488
-0.206548482 0.070042990 0.975926042 4.848724365 0.015493134 0.997543514 -0.068315454 -0.337980777 -0.978313684 0.001009698 -0.207126275 2.991586685
-0.223222718 0.072641261 0.972056925 4.901233196 0.015493006 0.997357786 -0.070974156 -0.343117476 -0.974644303 -0.000782959 -0.223758370 2.981739044
-0.238067821 0.076677144 0.968217134 4.944714069 0.016379351 0.997053921 -0.074933469 -0.346490800 -0.971110463 -0.001980479 -0.238622412 2.970890284
-0.254046798 0.074339978 0.964330733 4.996343613 0.011932232 0.997206807 -0.073730901 -0.350997210 -0.967118263 -0.007224484 -0.254224241 2.957901716
-0.269613534 0.068767793 0.960510075 5.039505959 0.006278578 0.997551203 -0.069657385 -0.354595631 -0.962948084 -0.012749936 -0.269385099 2.945729733
-0.285909683 0.064338863 0.956094205 5.091480255 0.002272610 0.997786164 -0.066464864 -0.359058142 -0.958254039 -0.016830122 -0.285422891 2.931487560
-0.301404834 0.065968342 0.951211512 5.134259701 0.001183455 0.997628868 -0.068812497 -0.362342596 -0.953495562 -0.019614704 -0.300768286 2.918793678
-0.315300673 0.067459546 0.946591020 5.184753418 0.000456540 0.997480810 -0.070934169 -0.366836429 -0.948991716 -0.021933431 -0.314537138 2.901909828
-0.328894138 0.070221454 0.941752434 5.226684570 0.002319254 0.997288644 -0.073552504 -0.370044500 -0.944363952 -0.022006826 -0.328165203 2.887260914
-0.343016833 0.069874793 0.936726749 5.277401924 0.004303820 0.997335851 -0.072819911 -0.374532074 -0.939319432 -0.020946952 -0.342403710 2.869179249
-0.356967121 0.067771927 0.931655228 5.319869995 0.004243169 0.997472048 -0.070933893 -0.378325969 -0.934107304 -0.021367898 -0.356352270 2.853321552
-0.371797621 0.066558205 0.925924778 5.369271755 0.004003081 0.997532070 -0.070098147 -0.382473707 -0.928305149 -0.022355771 -0.371146441 2.834116459
-0.386337668 0.067834795 0.919859648 5.410337448 0.001984415 0.997350693 -0.072715901 -0.386005670 -0.922355235 -0.026267508 -0.385448754 2.816872597
-0.401488036 0.069543250 0.913220167 5.458903790 0.003314384 0.997216761 -0.074482612 -0.390588194 -0.915858328 -0.026877116 -0.400601059 2.796729565
-0.415515900 0.071858160 0.906743050 5.499473095 0.005663804 0.997059524 -0.076420188 -0.394110709 -0.909568369 -0.026618185 -0.414701074 2.777768612
-0.430552244 0.074271910 0.899504602 5.547516823 0.008072238 0.996885478 -0.078448817 -0.398690224 -0.902529597 -0.026515288 -0.429810852 2.755938053
-0.445760339 0.077234931 0.891814172 5.588332176 0.006618082 0.996527970 -0.082995653 -0.402370483 -0.895127952 -0.031094059 -0.444723785 2.736361980
-0.460855812 0.079555593 0.883902013 5.635867119 0.008452995 0.996322334 -0.085266680 -0.407322586 -0.887434781 -0.031824034 -0.459833443 2.712465763
-0.476893246 0.076248936 0.875647664 5.676636696 0.006222735 0.996498227 -0.083383232 -0.411475360 -0.878939211 -0.034315981 -0.475697786 2.691338539
-0.492249608 0.072715692 0.867411613 5.724853039 0.004472206 0.996702790 -0.081016324 -0.415879488 -0.870442748 -0.036001004 -0.490951627 2.664790630
-0.508043647 0.072590202 0.858267128 5.763783932 0.004098455 0.996634841 -0.081866980 -0.420012236 -0.861321628 -0.038074430 -0.506631494 2.641829014
-0.524274707 0.071926266 0.848506033 5.810652733 0.002730534 0.996563315 -0.082789652 -0.424382538 -0.851544797 -0.041087642 -0.522669256 2.613958359
-0.539876878 0.070903301 0.838752508 5.849417686 0.002005754 0.996551514 -0.082951687 -0.428260297 -0.841741621 -0.043101359 -0.538157284 2.589076996
-0.555692196 0.071106605 0.828341722 5.894979954 0.002048998 0.996449828 -0.084162802 -0.432849735 -0.831385553 -0.045071349 -0.553865194 2.559968472
-0.571280003 0.070484057 0.817723095 5.932910919 0.001868624 0.996414840 -0.084581025 -0.436869889 -0.820753098 -0.046791445 -0.569363654 2.534009695
-0.585997760 0.068064742 0.807448864 5.977486134 0.001526228 0.996556818 -0.082898147 -0.441272259 -0.810311317 -0.047345769 -0.584083915 2.502046108
-0.601036012 0.064498603 0.796615064 6.015133858 0.001354718 0.996819079 -0.079686165 -0.445467353 -0.799220920 -0.046815064 -0.599211514 2.474145651
-0.615859747 0.062706269 0.785356522 6.058980465 0.002096687 0.996954560 -0.077957012 -0.450037330 -0.787853003 -0.046363935 -0.614115596 2.440338373
-0.630918920 0.061039105 0.773443997 6.095036030 0.001103764 0.996970057 -0.077779099 -0.453923076 -0.775848031 -0.048218608 -0.629074693 2.411529779
-0.645452678 0.061987069 0.761280656 6.138614655 -0.000269807 0.996682823 -0.081383370 -0.458337665 -0.763800263 -0.052734520 -0.643294811 2.375267267
-0.660641551 0.061672904 0.748163819 6.173273087 -0.001972718 0.996473551 -0.083883606 -0.462094009 -0.750698864 -0.056892913 -0.658190191 2.345059395
-0.676428556 0.058442622 0.734185994 6.215123177 -0.003581632 0.996573925 -0.082629085 -0.467092335 -0.736499488 -0.058522239 -0.673901618 2.308252335
-0.692833245 0.051128667 0.719282925 6.249492645 -0.007259286 0.996938050 -0.077857524 -0.470533878 -0.721061230 -0.059163753 -0.690340579 2.276869059
-0.709134459 0.048688211 0.703390181 6.281620979 -0.008196692 0.996976256 -0.077273674 -0.474748075 -0.705025494 -0.060562879 -0.706591129 2.243334770
-0.726903617 0.045871750 0.685205638 6.326156139 -0.009666524 0.996984422 -0.076998845 -0.480184436 -0.686671555 -0.062594287 -0.724268079 2.200027227
-0.743839741 0.042703442 0.666992545 6.357385159 -0.012218529 0.996921182 -0.077453032 -0.484024942 -0.668246567 -0.065762281 -0.741027594 2.165220737
-0.760153115 0.039940435 0.648515165 6.389005184 -0.013017239 0.996972322 -0.076659121 -0.487767458 -0.649613678 -0.066714540 -0.757331729 2.129014492
-0.777188122 0.041367304 0.627907157 6.431507111 -0.011362402 0.996751666 -0.079730980 -0.493241221 -0.629165769 -0.069100507 -0.774193525 2.080990791
-0.792626917 0.040040594 0.608390749 6.460953236 -0.008680467 0.996999025 -0.076925576 -0.497679532 -0.609645188 -0.066254400 -0.789900780 2.044124365
-0.806868494 0.040618017 0.589333236 6.489191532 -0.005666899 0.997055173 -0.076477714 -0.501539111 -0.590704143 -0.065047145 -0.804262161 2.005076408
-0.821168363 0.043297447 0.569041133 6.527175903 -0.002323038 0.996855855 -0.079201505 -0.506683826 -0.570681334 -0.066359669 -0.818485975 1.953520775
-0.835105956 0.044563599 0.548281074 6.553370476 -0.001770533 0.996490240 -0.083690219 -0.510648251 -0.550086319 -0.070860945 -0.832096100 1.914579630
-0.847926855 0.045417361 0.528164148 6.579415321 0.001237919 0.996490061 -0.083701774 -0.514795065 -0.530111909 -0.070319153 -0.845006943 1.873010993
-0.859952092 0.043183450 0.508544505 6.614657402 0.002461211 0.996753335 -0.080478139 -0.520655096 -0.510368943 -0.067955710 -0.857266486 1.820336580
-0.870053411 0.044403594 0.490953416 6.638100624 0.004852288 0.996658087 -0.081542246 -0.525505781 -0.492933482 -0.068563871 -0.867361307 1.778216720
-0.880182207 0.046989955 0.472303927 6.662530899 0.007414282 0.996327043 -0.085308284 -0.529547811 -0.474577844 -0.071585059 -0.877297938 1.737152338
-0.890060902 0.045704205 0.453544557 6.686940670 0.006730471 0.996170044 -0.087176956 -0.533063531 -0.455791831 -0.074540250 -0.886959732 1.695820093
-0.896442890 0.043433465 0.441025794 6.715013027 0.005965859 0.996278167 -0.085989892 -0.540013075 -0.443119138 -0.074453935 -0.893365443 1.632766724
-0.903328300 0.041365951 0.426950693 6.734410286 0.004814047 0.996254146 -0.086338632 -0.544066429 -0.428922892 -0.075936757 -0.900143683 1.589763284
-0.909652770 0.040578526 0.413382769 6.754492760 0.005330133 0.996275067 -0.086067468 -0.547854364 -0.415335387 -0.076088123 -0.906480610 1.545423150
-0.916309357 0.037386257 0.398722291 6.782421112 0.003964798 0.996430874 -0.084318973 -0.555299640 -0.400451601 -0.075681381 -0.913187206 1.486719608
-0.921857178 0.032354526 0.386176795 6.801403999 0.001221051 0.996746242 -0.080594242 -0.559635043 -0.387527883 -0.073824823 -0.918897212 1.441442728
-0.926844358 0.029315280 0.374299765 6.820143700 0.000328470 0.997009933 -0.077272803 -0.563835859 -0.375445873 -0.071496904 -0.924082577 1.396140933
-0.931747854 0.028633418 0.361975163 6.845153809 0.001768605 0.997232139 -0.074331790 -0.568985820 -0.363101542 -0.068618298 -0.929219484 1.338046193
-0.934840143 0.031838909 0.353638500 6.862535000 0.005482998 0.997147322 -0.075281247 -0.573616087 -0.355026454 -0.068436950 -0.932347894 1.292773485
-0.936907947 0.037783965 0.347528309 6.879559517 0.011699330 0.996973932 -0.076852523 -0.577399969 -0.349380374 -0.067937903 -0.934514761 1.248300433
-0.939085066 0.041331057 0.341190636 6.901394844 0.014769399 0.996678591 -0.080084458 -0.582096815 -0.343367398 -0.070166908 -0.936576486 1.188867331
-0.940715909 0.038851719 0.336963326 6.917632103 0.012986769 0.996815503 -0.078676634 -0.586329699 -0.338946998 -0.069636263 -0.938224852 1.143835545
-0.942638457 0.031337071 0.332341313 6.938063145 0.006693109 0.997157991 -0.075039834 -0.591392815 -0.333748370 -0.068511032 -0.940169215 1.087858438
-0.944626987 0.025365807 0.327164203 6.954710007 0.001583629 0.997348607 -0.072754323 -0.595370710 -0.328142285 -0.068207599 -0.942162514 1.042566657
-0.946171343 0.019112829 0.323101342 6.974423409 -0.005379059 0.997188509 -0.074740008 -0.599883258 -0.323621452 -0.072454847 -0.943408430 0.986880779
-0.947460055 0.016266629 0.319460273 6.990530968 -0.009178302 0.996912360 -0.077983014 -0.603744984 -0.319742411 -0.076817900 -0.944385469 0.940845251
-0.948144436 0.016817091 0.317394793 7.005960464 -0.008774220 0.996833742 -0.079027981 -0.608435988 -0.317718893 -0.077714831 -0.944994807 0.894833922
-0.948665023 0.017882528 0.315776438 7.026588440 -0.008321723 0.996643484 -0.081440628 -0.613327920 -0.316172868 -0.079887688 -0.945332050 0.837068081
-0.948580682 0.020079443 0.315897942 7.041986465 -0.006790131 0.996465504 -0.083727866 -0.617439270 -0.316462576 -0.081567630 -0.945091605 0.790624142
-0.947992682 0.020999124 0.317598462 7.057543278 -0.006336256 0.996378541 -0.084792003 -0.622281909 -0.318228751 -0.082394585 -0.944426656 0.743801355
-0.947474420 0.022507401 0.319038510 7.076897144 -0.005392322 0.996254802 -0.086297400 -0.627799153 -0.319786012 -0.083484933 -0.943804622 0.687093019
-0.946697474 0.022984071 0.321302980 7.092646599 -0.004941639 0.996297538 -0.085829303 -0.632433534 -0.322086066 -0.082842156 -0.943078876 0.640615225
-0.946211278 0.022425504 0.322771311 7.108638287 -0.005462849 0.996345580 -0.085238576 -0.637141585 -0.323503256 -0.082416944 -0.942630947 0.597209573
-0.944839776 0.021156343 0.326849014 7.128607750 -0.007690672 0.996203423 -0.086714268 -0.642274141 -0.327442706 -0.084444769 -0.941089869 0.539797664
-0.943256140 0.018096143 0.331572711 7.144381523 -0.010590683 0.996366560 -0.084506713 -0.646836698 -0.331897169 -0.083223052 -0.939637184 0.495455146
-0.941551149 0.016724726 0.336454898 7.161289692 -0.011557799 0.996574879 -0.081882320 -0.650957525 -0.336671978 -0.080985054 -0.938132882 0.450069308
-0.938499451 0.014942258 0.344957143 7.179716110 -0.013147111 0.996792257 -0.078945689 -0.655893803 -0.345030338 -0.078625686 -0.935292423 0.396236897
-0.935529113 0.017707977 0.352805257 7.195676327 -0.010981791 0.996802092 -0.079151705 -0.659789741 -0.353078663 -0.077923156 -0.932342947 0.352571726
-0.932194531 0.017517578 0.361533463 7.211949825 -0.012084678 0.996765018 -0.079456508 -0.663665056 -0.361755818 -0.078437947 -0.928967237 0.309644222
-0.928226709 0.020710610 0.371437937 7.234163761 -0.010405466 0.996613085 -0.081572436 -0.669365883 -0.371869326 -0.079582699 -0.924867451 0.252990484
-0.924125075 0.021591872 0.381479383 7.251513481 -0.010089854 0.996674836 -0.080854610 -0.672898531 -0.381956667 -0.078568846 -0.920834363 0.211469412
-0.919714093 0.022088526 0.391966701 7.270163059 -0.011282732 0.996516347 -0.082630657 -0.677254736 -0.392426431 -0.080419026 -0.916261017 0.170257092
-0.913307250 0.025802879 0.406453103 7.293067932 -0.009188924 0.996431410 -0.083904192 -0.681729674 -0.407167643 -0.080365181 -0.909810960 0.116375446
-0.907727480 0.026744578 0.418706954 7.311541080 -0.009469492 0.996406019 -0.084173866 -0.685935378 -0.419453382 -0.080371879 -0.904211879 0.077603340
-0.900897980 0.028130786 0.433118194 7.335233688 -0.007913103 0.996667087 -0.081192456 -0.690778613 -0.433958560 -0.076573431 -0.897672772 0.026875496
-0.894854963 0.030008977 0.445347011 7.355555058 -0.007568358 0.996573985 -0.082359917 -0.694541872 -0.446292728 -0.077070728 -0.891562045 -0.012464285
-0.887261689 0.033091098 0.460077852 7.379708290 -0.004732279 0.996717930 -0.080815144 -0.699541688 -0.461242110 -0.073881403 -0.884193003 -0.061080217
-0.880163670 0.034732629 0.473397881 7.400850773 -0.002869895 0.996911764 -0.078478061 -0.703497767 -0.474661618 -0.070432134 -0.877345741 -0.099781990
-0.872152984 0.036271188 0.487886846 7.426627636 -0.001059717 0.997105539 -0.076022618 -0.708046496 -0.489232153 -0.066820368 -0.869590104 -0.146943331
-0.864418507 0.039220646 0.501240909 7.448976517 0.001377648 0.997133613 -0.075646982 -0.711401820 -0.502771139 -0.064700112 -0.861994803 -0.185150146
-0.854594409 0.042951349 0.517516613 7.475276947 0.006170907 0.997343123 -0.072584383 -0.716491103 -0.519259214 -0.058836669 -0.852589071 -0.229971647
-0.844090939 0.045761675 0.534243524 7.498267174 0.009143682 0.997435033 -0.070990466 -0.720555902 -0.536121845 -0.055037469 -0.842344522 -0.267201900
-0.833135903 0.048200220 0.550964177 7.526403427 0.011327112 0.997473180 -0.070134185 -0.724847198 -0.552952349 -0.052190457 -0.831576645 -0.310337782
-0.821563959 0.049080286 0.567999840 7.550384998 0.011920219 0.997548521 -0.068955548 -0.728653610 -0.569991708 -0.049880709 -0.820134938 -0.346302032
-0.809855580 0.052646127 0.584262133 7.580185890 0.014902787 0.997489870 -0.069223829 -0.732146978 -0.586439967 -0.047354180 -0.808607340 -0.387141943
-0.796080947 0.056027006 0.602591038 7.605825424 0.017499447 0.997420251 -0.069618508 -0.734930992 -0.604936957 -0.044876974 -0.795007825 -0.423217773
-0.783454120 0.056123629 0.618910134 7.636547089 0.018829329 0.997600198 -0.066628464 -0.739522815 -0.621164262 -0.040546685 -0.782630801 -0.460993052
-0.768496633 0.057189811 0.637292862 7.663886070 0.020363798 0.997679234 -0.064974174 -0.743230462 -0.639529586 -0.036954727 -0.767877877 -0.493988514
-0.751746476 0.060304124 0.656689167 7.694959641 0.021532634 0.997523785 -0.066953614 -0.746068716 -0.659100592 -0.036191892 -0.751183391 -0.530540705
-0.735528290 0.063172452 0.674542367 7.721921921 0.022478703 0.997370720 -0.068895049 -0.749239624 -0.677120924 -0.035511427 -0.735014379 -0.558666468
-0.717406869 0.063702457 0.693735838 7.757112026 0.021252498 0.997348368 -0.069604084 -0.753203392 -0.696330249 -0.035190817 -0.716858268 -0.595775127
-0.699805975 0.064719141 0.711395025 7.785954475 0.021148782 0.997327983 -0.069927603 -0.755983949 -0.714019835 -0.033890605 -0.699304700 -0.622569084
-0.678397655 0.063527688 0.731943190 7.820892334 0.019319888 0.997452676 -0.068665586 -0.760374427 -0.734440923 -0.032441501 -0.677896798 -0.657120705
