0.999996603 -0.001963137 -0.001707915 0.000351620 0.001967617 0.999994516 0.002625769 -0.000591359 0.001702752 -0.002629120 0.999995112 0.063475452
0.999994516 -0.002424218 -0.002228406 -0.001016289 0.002432422 0.999990165 0.003686273 -0.001557544 0.002219448 -0.003691673 0.999990702 0.115779117
0.999987483 -0.001961260 -0.004608240 -0.000505279 0.001977280 0.999992132 0.003474441 -0.002092953 0.004601389 -0.003483509 0.999983311 0.186538637
0.999979198 -0.000108686 -0.006463838 -0.000953064 0.000132421 0.999993265 0.003671587 -0.003029830 0.006463396 -0.003672367 0.999972343 0.244362041
0.999975502 -0.000773764 -0.006955616 -0.002727521 0.000795260 0.999994874 0.003088225 -0.002921305 0.006953191 -0.003093681 0.999971032 0.308285147
0.999992132 -0.001360092 -0.003738237 -0.007330434 0.001371845 0.999994159 0.003143121 -0.003143772 0.003733941 -0.003148225 0.999988139 0.354119390
0.999947786 -0.003294407 -0.009668312 -0.005094986 0.003324287 0.999989688 0.003076030 -0.004542864 0.009658083 -0.003108010 0.999948502 0.429668128
0.999950528 -0.004261227 -0.008984152 -0.007490259 0.004287139 0.999986649 0.002866948 -0.005046634 0.008971821 -0.002905322 0.999955535 0.485190600
0.999918997 -0.003582820 -0.012212954 -0.006844050 0.003625907 0.999987245 0.003507658 -0.006134938 0.012200233 -0.003551656 0.999919295 0.550658405
0.999942422 -0.002183820 -0.010513430 -0.009499907 0.002210069 0.999994457 0.002485701 -0.006310790 0.010507945 -0.002508793 0.999941647 0.605390131
0.999905527 -0.000626155 -0.013723500 -0.009230017 0.000683131 0.999991119 0.004147418 -0.007480666 0.013720776 -0.004156402 0.999897242 0.671040177
0.999923170 -0.000723211 -0.012375452 -0.010723975 0.000764287 0.999994159 0.003314734 -0.007261982 0.012372984 -0.003323937 0.999917924 0.715192378
0.999924719 0.001043587 -0.012221852 -0.012805011 -0.000983217 0.999987245 0.004944435 -0.008155760 0.012226852 -0.004932046 0.999913096 0.780346572
0.999880254 0.001553460 -0.015397794 -0.012425086 -0.001461373 0.999980927 0.005989969 -0.009823265 0.015406810 -0.005966750 0.999863446 0.848420560
0.999885380 0.001663402 -0.015054055 -0.013566668 -0.001579104 0.999982953 0.005609836 -0.009755585 0.015063133 -0.005585421 0.999870956 0.902406394
0.999896169 0.002261966 -0.014228529 -0.015021989 -0.002180134 0.999980986 0.005764121 -0.009740666 0.014241301 -0.005732501 0.999882162 0.953336775
0.999867737 0.003043013 -0.015979890 -0.015970400 -0.002923964 0.999967754 0.007468002 -0.010962423 0.016002104 -0.007420289 0.999844432 1.023771286
0.999879301 0.002844374 -0.015274982 -0.016814349 -0.002771364 0.999984562 0.004798816 -0.010612817 0.015288400 -0.004755903 0.999871790 1.076029062
0.999930859 0.004250855 -0.010962051 -0.019344531 -0.004207101 0.999983132 0.004011349 -0.012530025 0.010978920 -0.003964953 0.999931872 1.109378338
0.999876618 0.003000465 -0.015417997 -0.019310130 -0.002948513 0.999989867 0.003391223 -0.011639128 0.015428022 -0.003345344 0.999875367 1.196277499
0.999902427 0.002416012 -0.013758568 -0.021030299 -0.002337802 0.999981046 0.005697740 -0.011904727 0.013772078 -0.005665020 0.999889076 1.247508049
0.999886155 0.001372801 -0.015028241 -0.019877110 -0.001267063 0.999974310 0.007043205 -0.012809735 0.015037529 -0.007023361 0.999862254 1.299008727
0.999888897 0.000429961 -0.014898422 -0.022402145 -0.000329699 0.999977231 0.006731481 -0.013121456 0.014900982 -0.006725823 0.999866307 1.364530087
0.999890208 0.001284065 -0.014764654 -0.023046596 -0.001208274 0.999985993 0.005141038 -0.013904961 0.014771053 -0.005122634 0.999877751 1.414164662
0.999906719 0.000430434 -0.013647016 -0.024681676 -0.000376304 0.999992013 0.003968738 -0.014283717 0.013648620 -0.003963232 0.999899030 1.461721063
0.999911845 0.002552452 -0.013033223 -0.025527056 -0.002510490 0.999991596 0.003234924 -0.014831278 0.013041372 -0.003201919 0.999909878 1.527521491
0.999930203 0.003706880 -0.011217508 -0.026937224 -0.003659363 0.999984264 0.004253574 -0.015240177 0.011233102 -0.004212228 0.999928117 1.574774027
0.999946713 0.004231268 -0.009425782 -0.028397575 -0.004170310 0.999970317 0.006477454 -0.015986200 0.009452911 -0.006437800 0.999934673 1.620078564
0.999960661 0.002876441 -0.008379757 -0.028087387 -0.002814731 0.999968886 0.007366690 -0.016774461 0.008400685 -0.007342814 0.999937713 1.684378862
0.999975443 0.003415189 -0.006117838 -0.028442638 -0.003366033 0.999962151 0.008027244 -0.017227264 0.006145020 -0.008006454 0.999948978 1.730194330
0.999992192 0.002322520 -0.003188230 -0.028400002 -0.002299575 0.999971569 0.007181586 -0.017541533 0.003204816 -0.007174199 0.999969125 1.774198651
0.999997675 0.002019932 0.000644354 -0.028609345 -0.002023556 0.999981880 0.005672466 -0.018437024 -0.000632885 -0.005673758 0.999983668 1.818659186
0.999986887 0.001689266 0.004822261 -0.029862253 -0.001708254 0.999990761 0.003936100 -0.019397572 -0.004815560 -0.003944286 0.999980688 1.884236693
0.999954164 0.002459008 0.009252422 -0.030022716 -0.002501168 0.999986529 0.004547885 -0.019852098 -0.009241104 -0.004570819 0.999946952 1.926922798
0.999889791 0.002384890 0.014649877 -0.029457742 -0.002444100 0.999988914 0.004025060 -0.020027921 -0.014640108 -0.004060423 0.999884605 1.971028566
0.999760389 0.004195391 0.021484189 -0.028707169 -0.004266067 0.999985635 0.003244900 -0.020681750 -0.021470260 -0.003335776 0.999763966 2.013321877
0.999574661 0.005648733 0.028610596 -0.028160144 -0.005748618 0.999977648 0.003410145 -0.021408502 -0.028590696 -0.003573166 0.999584794 2.073198795
0.999320745 0.006603242 0.036255252 -0.026292279 -0.006776396 0.999966204 0.004655128 -0.022202587 -0.036223289 -0.004897645 0.999331713 2.110599756
0.998875201 0.008375313 0.046670534 -0.024379037 -0.008625538 0.999949515 0.005162720 -0.022789514 -0.046624936 -0.005559471 0.998896897 2.154381275
0.998152554 0.010525928 0.059839696 -0.023235604 -0.010866618 0.999926567 0.005370792 -0.023034424 -0.059778772 -0.006011126 0.998193502 2.191602707
0.997118533 0.012765929 0.074778669 -0.020046622 -0.013194806 0.999899149 0.005243997 -0.023658410 -0.074704193 -0.006215576 0.997186422 2.250348806
0.995726645 0.015219402 0.091086701 -0.016986817 -0.015892353 0.999851465 0.006667249 -0.024199752 -0.090971693 -0.008086339 0.995820701 2.289322376
0.993964732 0.015208104 0.108640485 -0.013508081 -0.016098365 0.999843478 0.007322175 -0.024269454 -0.108512126 -0.009026920 0.994054258 2.325394392
0.991675138 0.014820615 0.127908707 -0.008777708 -0.015724013 0.999858022 0.006055898 -0.024287511 -0.127800792 -0.008016722 0.991767585 2.364931345
0.988840044 0.013865249 0.148333892 -0.001468807 -0.014792076 0.999877274 0.005146849 -0.024966113 -0.148244336 -0.007283578 0.988923848 2.420776606
0.985431552 0.011324106 0.169694766 0.004030943 -0.012299872 0.999913275 0.004699964 -0.025164906 -0.169626832 -0.006718717 0.985485375 2.457680225
0.981603920 0.005497426 0.190849230 0.011553019 -0.006863550 0.999955237 0.006497826 -0.025433924 -0.190804988 -0.007688195 0.981597722 2.493280649
0.976805270 0.001555455 0.214123875 0.019176424 -0.003269162 0.999965250 0.007649470 -0.025143193 -0.214104593 -0.008172048 0.976776481 2.528212309
0.971342564 -0.004500517 0.237641379 0.031806350 0.002821871 0.999968588 0.007403478 -0.026119618 -0.237667233 -0.006520720 0.971324682 2.581119299
0.964760900 -0.010577574 0.262915462 0.041198790 0.009632615 0.999941707 0.004882889 -0.025870487 -0.262951761 -0.002178257 0.964806437 2.615993977
0.957195163 -0.014995596 0.289054871 0.050796390 0.013991015 0.999886751 0.005541395 -0.026021957 -0.289105237 -0.001260026 0.957296491 2.647315025
0.948723257 -0.016378097 0.315683246 0.066190898 0.014381981 0.999859095 0.008651936 -0.027205724 -0.315780461 -0.003668144 0.948825181 2.693346262
0.938951969 -0.020582000 0.343432128 0.077866375 0.017698225 0.999776840 0.011529567 -0.027449438 -0.343592763 -0.004747570 0.939106762 2.725414991
0.927991629 -0.024165934 0.371816427 0.090474784 0.021720706 0.999706089 0.010763902 -0.027553488 -0.371967286 -0.001912695 0.928243816 2.756377220
0.915865958 -0.023513228 0.400795043 0.104069531 0.022665396 0.999719560 0.006856797 -0.027610797 -0.400843829 0.002804271 0.916141987 2.787529469
0.902596772 -0.024647769 0.429780781 0.124178708 0.026385183 0.999650002 0.001917168 -0.028571460 -0.429677606 0.009609413 0.902931213 2.832720280
0.888340235 -0.026544489 0.458417952 0.139731407 0.030077890 0.999547482 -0.000407761 -0.028713062 -0.458199739 0.014150477 0.888736606 2.862447262
0.872616053 -0.027327362 0.487641692 0.155723095 0.029448282 0.999560833 0.003318659 -0.029711988 -0.487518251 0.011464292 0.873037577 2.891033173
0.854867935 -0.025682459 0.518209696 0.172991276 0.024930144 0.999653816 0.008416642 -0.029355284 -0.518246472 0.005723926 0.855212212 2.919539928
0.834898770 -0.025909238 0.549793422 0.198650599 0.022960829 0.999661386 0.012241868 -0.030258633 -0.549924433 0.002402990 0.835210979 2.961782455
0.813471913 -0.019860178 0.581264973 0.217299461 0.019008752 0.999790668 0.007557546 -0.030748947 -0.581293464 0.004901272 0.813679218 2.988876820
0.791649342 -0.013042800 0.610836446 0.236985922 0.016609214 0.999861956 -0.000176271 -0.030344520 -0.610749841 0.010285060 0.791756749 3.014119864
0.767880321 -0.011019111 0.640498579 0.256312847 0.015741916 0.999874651 -0.001670848 -0.031283051 -0.640399933 0.011365685 0.767957509 3.041030407
0.745408654 -0.012488631 0.666490853 0.279424310 0.016579013 0.999862552 0.000193213 -0.030424302 -0.666401684 0.010905736 0.745513260 3.064340115
0.721209884 -0.013289699 0.692589164 0.313069820 0.016678680 0.999859214 0.001817814 -0.032039791 -0.692515850 0.010240449 0.721329987 3.100903511
0.695681095 -0.012309488 0.718245387 0.335131884 0.018247901 0.999833345 -0.000539207 -0.032903112 -0.718119085 0.013481585 0.695789754 3.122713089
0.668796480 -0.009556057 0.743384182 0.358660460 0.017839892 0.999835670 -0.003197228 -0.033149820 -0.743231595 0.015400188 0.668857038 3.144570351
0.641958416 -0.006783495 0.766709507 0.383813620 0.015620335 0.999868929 -0.004232372 -0.033454373 -0.766580343 0.014693269 0.641980290 3.165760040
0.613707125 -0.004919718 0.789518476 0.408321142 0.016494138 0.999842227 -0.006590890 -0.032916754 -0.789361537 0.017067306 0.613691390 3.185508013
0.585544825 0.001425787 0.810638964 0.449403048 0.014520695 0.999819517 -0.012247189 -0.034511432 -0.810510039 0.018942315 0.585418463 3.215926647
0.554849744 0.010614557 0.831882954 0.475403309 0.014086048 0.999655366 -0.022150397 -0.034919541 -0.831831396 0.024008082 0.554508924 3.234541893
0.524209797 0.019175982 0.851373315 0.502934813 0.013149219 0.999444902 -0.030607358 -0.035681315 -0.851487637 0.027239565 0.523666680 3.251320362
0.492431700 0.023863267 0.870023966 0.531808496 0.010837917 0.999378443 -0.033545472 -0.036993075 -0.870283663 0.025948098 0.491866827 3.267984867
0.459293246 0.023731608 0.887967587 0.574121356 0.008002972 0.999491930 -0.030851647 -0.038995825 -0.888248622 0.021276338 0.458869994 3.292149067
0.426583737 0.023034606 0.904154658 0.603406668 0.003462450 0.999626696 -0.027100489 -0.039747339 -0.904441476 0.014691219 0.426344782 3.305606127
0.391588628 0.023602454 0.919837654 0.634618402 -0.000964556 0.999680996 -0.025240561 -0.041567046 -0.920139909 0.008996687 0.391486496 3.320171356
0.356685758 0.026248863 0.933855593 0.676355362 -0.006493449 0.999650598 -0.025618067 -0.042815242 -0.934201837 0.003073656 0.356731594 3.337104559
0.320566893 0.028143333 0.946807683 0.707980514 -0.011428845 0.999600530 -0.025843037 -0.043801256 -0.947156847 -0.002536498 0.320760518 3.348521709
0.284613550 0.027283126 0.958254039 0.740691781 -0.013632505 0.999608994 -0.024411544 -0.044931959 -0.958545387 -0.006115548 0.284874201 3.358561039
0.248297304 0.027133062 0.968303800 0.785631180 -0.013746137 0.999605775 -0.024485327 -0.046257447 -0.968586326 -0.007230797 0.248572379 3.371022940
0.212502807 0.026630869 0.976797462 0.819120347 -0.014568954 0.999603808 -0.024083165 -0.047939382 -0.977051854 -0.009113178 0.212806657 3.378360987
0.177278176 0.025421020 0.983832419 0.853038609 -0.011992898 0.999647856 -0.023668658 -0.048842110 -0.984087646 -0.007603066 0.177520663 3.384227753
0.142500460 0.024461916 0.989492357 0.900339842 -0.002429771 0.999700189 -0.024364347 -0.050146561 -0.989791691 0.001067691 0.142517164 3.391797781
0.108884528 0.027887009 0.993663132 0.935129881 -0.000437688 0.999607682 -0.028005878 -0.051541135 -0.994054317 0.002614493 0.108853996 3.395396948
0.076027818 0.031959411 0.996593356 0.970546842 0.000159088 0.999485791 -0.032064300 -0.053363528 -0.997105718 0.002596326 0.075983673 3.398576975
0.047318399 0.036917359 0.998197377 1.018241763 0.007008520 0.999279857 -0.037289631 -0.054260358 -0.998855293 0.008760373 0.047025591 3.400434494
0.021861458 0.035004668 0.999148071 1.053939581 0.009099868 0.999338388 -0.035210442 -0.055713974 -0.999719620 0.009861868 0.021528460 3.401215553
-0.000530776 0.031941645 0.999489605 1.090235472 0.010759270 0.999432027 -0.031934090 -0.057284497 -0.999942005 0.010736831 -0.000874139 3.401375532
-0.019147040 0.029474501 0.999382138 1.139160037 0.011363942 0.999507308 -0.029260468 -0.058972687 -0.999752045 0.010796668 -0.019472551 3.400313854
-0.035573676 0.032979064 0.998822749 1.175196290 0.012640286 0.999390185 -0.032547612 -0.060323037 -0.999287188 0.011467564 -0.035968848 3.399200439
-0.049330059 0.037671696 0.998071849 1.213213921 0.016006432 0.999189913 -0.036922775 -0.061499715 -0.998654246 0.014154168 -0.049893085 3.396439314
-0.062490840 0.042044774 0.997159541 1.260462999 0.019096307 0.998979688 -0.040924784 -0.064220086 -0.997862816 0.016484650 -0.063229986 3.394265175
-0.070873030 0.045733329 0.996436417 1.297058463 0.024934679 0.998717427 -0.044064511 -0.066095486 -0.997173667 0.021722838 -0.071922481 3.391184092
-0.076871350 0.050775751 0.995747209 1.333212256 0.028361347 0.998409629 -0.048722025 -0.068079218 -0.996637642 0.024495408 -0.078189164 3.388584614
-0.080611095 0.055535998 0.995197237 1.383544207 0.030687392 0.998111427 -0.053212941 -0.070787899 -0.996273100 0.026250459 -0.082163118 3.384825706
-0.083342142 0.059382025 0.994750142 1.419507623 0.032733757 0.997847378 -0.056824416 -0.073086679 -0.995983124 0.027826048 -0.085106567 3.381494284
-0.086826682 0.062543310 0.994258285 1.456522465 0.033780064 0.997638285 -0.059805974 -0.075187892 -0.995650530 0.028393356 -0.088734344 3.379386187
-0.088837005 0.066182248 0.993844986 1.507218957 0.034598574 0.997393012 -0.063325852 -0.078696445 -0.995445251 0.028759943 -0.090895221 3.374784231
-0.091760702 0.069782458 0.993332922 1.543240905 0.035179745 0.997145951 -0.066800550 -0.081255019 -0.995159566 0.028815540 -0.093953744 3.372428656
-0.093792453 0.071418881 0.993026733 1.579477072 0.038050197 0.996952116 -0.068107329 -0.084047355 -0.994864404 0.031396911 -0.096224077 3.368626118
-0.096609131 0.070844524 0.992797911 1.617631555 0.038536694 0.996982038 -0.067393087 -0.086029544 -0.994576156 0.031748373 -0.099047661 3.366040945
-0.097267158 0.069924921 0.992798746 1.673950195 0.038040079 0.997061253 -0.066498227 -0.090611853 -0.994531035 0.031298060 -0.099641234 3.359042883
-0.099587783 0.070944719 0.992496312 1.711945772 0.037809342 0.997004449 -0.067473143 -0.094058752 -0.994310081 0.030806135 -0.101971835 3.355287790
-0.102606215 0.073267654 0.992019951 1.750566959 0.036607068 0.996886194 -0.069840722 -0.097247966 -0.994048178 0.029148860 -0.104968838 3.352686644
-0.104279272 0.075456686 0.991681576 1.801067710 0.034577265 0.996789932 -0.072209463 -0.100147627 -0.993946850 0.026759682 -0.106553622 3.344823837
-0.106815726 0.078274883 0.991192937 1.837377191 0.033982761 0.996601224 -0.075039849 -0.103651732 -0.993697941 0.025668031 -0.109112687 3.341249466
-0.109410577 0.082070269 0.990602672 1.874036312 0.030800052 0.996386945 -0.079147667 -0.107150875 -0.993519366 0.021851022 -0.111543052 3.337827682
-0.113292657 0.085311942 0.989892185 1.912832260 0.027371388 0.996196628 -0.082722649 -0.109835707 -0.993184566 0.017722853 -0.115196869 3.335160255
-0.113223270 0.083444193 0.990059316 1.972469449 0.025517246 0.996382594 -0.081059001 -0.114922523 -0.993241787 0.016085830 -0.114942960 3.324438572
-0.116418540 0.079926535 0.989978969 2.011230946 0.022083484 0.996718585 -0.077873729 -0.117705673 -0.992954731 0.012796242 -0.117801592 3.320288420
-0.118844777 0.078149624 0.989832520 2.049424887 0.021954350 0.996860743 -0.076068603 -0.121128947 -0.992670119 0.012690775 -0.120187432 3.316068649
-0.119450778 0.079266421 0.989670753 2.088978767 0.021473290 0.996780932 -0.077244148 -0.123755544 -0.992607892 0.012024619 -0.120768361 3.309400082
-0.121620752 0.081041567 0.989262640 2.146470308 0.022544751 0.996629775 -0.078873388 -0.129563242 -0.992320478 0.012710041 -0.123037927 3.303594112
-0.122318849 0.084115893 0.988919973 2.185483217 0.022070395 0.996386230 -0.082021080 -0.132773489 -0.992245436 0.011793126 -0.123733297 3.298702240
-0.122909732 0.085687265 0.988711655 2.224077940 0.020504247 0.996272147 -0.083793536 -0.135359496 -0.992206037 0.009973746 -0.124208502 3.294436693
-0.123535313 0.084145479 0.988766134 2.262827873 0.017756753 0.996426284 -0.082578853 -0.139101952 -0.992181301 0.007355873 -0.124587998 3.290644646
-0.123003334 0.082222320 0.988994241 2.324519634 0.014105571 0.996606052 -0.081100814 -0.145732224 -0.992305994 0.003974662 -0.123745658 3.282969713
-0.123639636 0.083422489 0.988814354 2.364693165 0.010519173 0.996514142 -0.082756810 -0.148935482 -0.992271423 0.000169491 -0.124086194 3.278979063
-0.123752683 0.083112113 0.988826334 2.404580355 0.005886087 0.996530175 -0.083022989 -0.153228223 -0.992295623 -0.004453997 -0.123812504 3.274567127
-0.124221362 0.082549758 0.988814712 2.444653034 0.002378969 0.996555269 -0.082897104 -0.156795740 -0.992251694 -0.007945231 -0.123989828 3.269848824
-0.124525130 0.077718332 0.989168048 2.503529072 0.003628911 0.996956587 -0.077873424 -0.161250785 -0.992209792 -0.006107597 -0.124428175 3.262677670
-0.125388265 0.069632366 0.989661217 2.544998407 0.007116623 0.997571230 -0.069287270 -0.164023146 -0.992082298 -0.001644766 -0.125579283 3.258038282
-0.124109440 0.064063787 0.990198314 2.586291790 0.012292960 0.997936308 -0.063023649 -0.167369962 -0.992192388 0.004350638 -0.124640867 3.251669407
-0.122791521 0.067954086 0.990103304 2.626956463 0.020525502 0.997613490 -0.065923974 -0.169136971 -0.992220223 0.012227461 -0.123893276 3.245652437
-0.121895730 0.073131882 0.989844978 2.649594784 0.027293125 0.997151673 -0.070310667 -0.170572594 -0.992167532 0.018445395 -0.123544522 3.242378235
-0.120268792 0.076754816 0.989769816 2.728650808 0.032092072 0.996786118 -0.073399365 -0.178506374 -0.992222488 0.022936102 -0.122345500 3.231396675
-0.121459186 0.081976667 0.989205539 2.771863937 0.031823654 0.996393085 -0.078664854 -0.181051433 -0.992086172 0.021925561 -0.123629890 3.228456259
-0.121013597 0.081097864 0.989332557 2.812669992 0.029240735 0.996515870 -0.078110002 -0.183229119 -0.992220163 0.019476434 -0.122963339 3.222864389
-0.120205708 0.079443432 0.989565194 2.849562645 0.032604203 0.996571124 -0.076045327 -0.182891503 -0.992213488 0.023122899 -0.122383744 3.218570948
-0.119168513 0.072542533 0.990220308 2.911955833 0.026940165 0.997196317 -0.069811463 -0.191786051 -0.992508471 0.018357374 -0.120788701 3.209219456
-0.116948843 0.075291336 0.990279794 2.953342199 0.022548307 0.997066379 -0.073144428 -0.191959739 -0.992881954 0.013774978 -0.118303448 3.201811552
-0.118255123 0.078810021 0.989850819 3.003944159 0.025258947 0.996761501 -0.076342650 -0.198313355 -0.992661893 0.015974682 -0.119862810 3.197289944
-0.117651582 0.082070544 0.989657760 3.044912577 0.023520693 0.996529698 -0.079844274 -0.200790733 -0.992776334 0.013883632 -0.119173646 3.192159891
-0.117126986 0.080874175 0.989818454 3.086640358 0.023796776 0.996620953 -0.078614086 -0.203951210 -0.992831826 0.014346656 -0.118655726 3.186557770
-0.116079569 0.074226469 0.990462422 3.127539635 0.026118733 0.997086823 -0.071661882 -0.207460046 -0.992896378 0.017551143 -0.117680103 3.181510687
-0.117046617 0.071355462 0.990559697 3.190631151 0.025833111 0.997296870 -0.068788290 -0.213836312 -0.992790401 0.017537808 -0.118573546 3.175059795
-0.116460085 0.074179016 0.990421355 3.232224703 0.023304448 0.997136593 -0.071941681 -0.216727614 -0.992922008 0.014702890 -0.117855310 3.170479059
-0.116468064 0.079402961 0.990015388 3.275243521 0.022802105 0.996750236 -0.077260621 -0.218685716 -0.992932677 0.013576044 -0.117900103 3.165513277
-0.117737129 0.077775195 0.989994407 3.316386223 0.021249218 0.996897340 -0.075790390 -0.223071963 -0.992817461 0.012113268 -0.119024478 3.161529779
-0.116806254 0.074107490 0.990385950 3.381947279 0.020595262 0.997178555 -0.072186746 -0.227760091 -0.992941082 0.011965402 -0.118002951 3.153923988
-0.115369588 0.072708286 0.990658045 3.425293446 0.020413237 0.997280419 -0.070817038 -0.231425747 -0.993112803 0.012052408 -0.116540045 3.148209095
-0.114376895 0.073637530 0.990704536 3.478547096 0.022943551 0.997178733 -0.071469948 -0.235157922 -0.993172407 0.014555771 -0.115743726 3.142421484
-0.114140503 0.073646471 0.990731180 3.522628069 0.024180889 0.997158885 -0.071338452 -0.238647729 -0.993170202 0.015814153 -0.115597062 3.137858629
-0.112886667 0.072924271 0.990928233 3.564857721 0.024212450 0.997208834 -0.070628174 -0.242059723 -0.993312836 0.016019823 -0.114337243 3.132448435
-0.110685118 0.074204065 0.991081536 3.609095812 0.025381075 0.997094631 -0.071819685 -0.245089918 -0.993531346 0.017205346 -0.112246908 3.127333879
-0.109507062 0.072488464 0.991339266 3.672206879 0.025646094 0.997211277 -0.070084862 -0.249536380 -0.993655086 0.017749188 -0.111060731 3.119981289
-0.107739821 0.071775302 0.991584778 3.716073513 0.025174102 0.997267604 -0.069451392 -0.252719611 -0.993860304 0.017479578 -0.109252326 3.114834070
-0.106827460 0.070713393 0.991759717 3.770078421 0.025264295 0.997338653 -0.068389803 -0.256845742 -0.993956566 0.017750200 -0.108329698 3.109050751
-0.105394438 0.071157657 0.991881311 3.813264608 0.023396829 0.997337937 -0.069063015 -0.260359675 -0.994155228 0.015928024 -0.106778733 3.104592800
-0.103070863 0.074040130 0.991914451 3.857264280 0.023382001 0.997130394 -0.071999826 -0.263215214 -0.994399130 0.015771862 -0.104506306 3.099271536
-0.101579659 0.074027576 0.992069423 3.918651342 0.019212207 0.997187495 -0.072442323 -0.266997457 -0.994641900 0.011701174 -0.102716200 3.092319727
-0.100849442 0.072591618 0.992249846 3.961306334 0.016273119 0.997321427 -0.071308702 -0.270444274 -0.994768679 0.008955559 -0.101760589 3.087724209
-0.101022333 0.073642887 0.992154777 4.018224716 0.012766574 0.997270465 -0.072722696 -0.274465114 -0.994802237 0.005319800 -0.101686746 3.082635403
-0.099051818 0.074199528 0.992312074 4.063388348 0.012342889 0.997230887 -0.073335275 -0.277033508 -0.995005667 0.004984004 -0.099693365 3.076612473
-0.102282509 0.070469737 0.992256165 4.118347645 0.007820570 0.997513652 -0.070036955 -0.282233655 -0.994724631 0.000596451 -0.102579325 3.073089600
-0.104439311 0.068810672 0.992147982 4.164208412 0.005309246 0.997627854 -0.068631843 -0.285552531 -0.994517028 -0.001900306 -0.104556918 3.068743229
-0.104701474 0.068369709 0.992150724 4.220269203 0.003596595 0.997653604 -0.068369366 -0.289793462 -0.994497180 -0.003590009 -0.104701705 3.062811613
-0.106434666 0.068593673 0.991950870 4.264915466 0.003482311 0.997637272 -0.068613246 -0.293130100 -0.994313598 -0.003848546 -0.106422052 3.058147430
-0.109090537 0.067211092 0.991756976 4.320728779 0.003039643 0.997729361 -0.067281492 -0.297267526 -0.994027197 -0.004325187 -0.109047130 3.052611828
-0.112234913 0.062438488 0.991718054 4.365333557 0.000607433 0.998028040 -0.062767014 -0.300479770 -0.993681490 -0.006442248 -0.112051532 3.047732115
-0.116440542 0.062214609 0.991247177 4.421641827 -0.000144326 0.998035073 -0.062657595 -0.304662108 -0.993197560 -0.007438949 -0.116202772 3.041597843
-0.122463956 0.068279214 0.990121484 4.466183186 -0.006359235 0.997556269 -0.069578454 -0.307669550 -0.992452443 -0.014817270 -0.121730484 3.036558151
-0.128972679 0.071375787 0.989076018 4.521748543 -0.004420598 0.997354925 -0.072549656 -0.311788380 -0.991638303 -0.013729234 -0.128316015 3.029510498
-0.138311476 0.067062266 0.988115609 4.566403389 -0.002911375 0.997672856 -0.068118438 -0.315473199 -0.990384459 -0.012298336 -0.137794390 3.023284912
-0.148868456 0.064972199 0.986720145 4.620260239 -0.000452186 0.997834444 -0.065772273 -0.319664389 -0.988856912 -0.010237595 -0.148516670 3.015276670
-0.162248299 0.065808184 0.984552979 4.663825989 -0.000771437 0.997764707 -0.066818394 -0.322987378 -0.986749649 -0.011600690 -0.161834866 3.008505344
-0.175347760 0.066827163 0.982235789 4.719765186 0.002439440 0.997719944 -0.067445166 -0.326652735 -0.984503508 -0.009430254 -0.175111011 2.998653412
-0.188756019 0.064964376 0.979872823 4.762618065 0.003288616 0.997845650 -0.065522462 -0.329528779 -0.982018471 -0.009145333 -0.188563019 2.989425898
-0.205383196 0.067106247 0.976378262 4.817395687 0.006753325 0.997719824 -0.067152463 -0.334153742 -0.978658319 -0.007198188 -0.205368102 2.979694843
-0.220421076 0.070816629 0.972830653 4.860330582 0.007342880 0.997453094 -0.070945270 -0.337556779 -0.975377202 -0.008494454 -0.220379695 2.970563412
-0.235625565 0.074029610 0.969020128 4.912758827 0.006807835 0.997195780 -0.074526727 -0.342086196 -0.971820056 -0.010963479 -0.235468790 2.957766056
-0.252418578 0.071728341 0.964955866 4.954795837 0.002583703 0.997295022 -0.073456354 -0.345624626 -0.967614651 -0.016048592 -0.251921177 2.947730541
-0.268381715 0.066043511 0.961045921 5.007197380 -0.002997638 0.997584939 -0.069391608 -0.349879682 -0.963307858 -0.021504309 -0.267535686 2.934137821
-0.284090966 0.063189127 0.956712723 5.049297810 -0.005932042 0.997690916 -0.067657135 -0.352663070 -0.958778918 -0.024896046 -0.283060193 2.922394514
-0.298602462 0.064679489 0.952183425 5.089178562 -0.007645119 0.997506797 -0.070155695 -0.355999559 -0.954346895 -0.028228218 -0.297363490 2.909614086
-0.313719809 0.065926753 0.947224140 5.144747734 -0.008349649 0.997356594 -0.072181359 -0.360640824 -0.949478865 -0.030553712 -0.312340051 2.892580032
-0.328088641 0.068312794 0.942173719 5.184123993 -0.007357900 0.997166753 -0.074862309 -0.363893211 -0.944618285 -0.031493891 -0.326656431 2.879082203
-0.341825992 0.067989476 0.937300503 5.224849224 -0.004832451 0.997239113 -0.074099623 -0.367679715 -0.939750850 -0.029858639 -0.340553701 2.864591122
-0.356002927 0.066242658 0.932133973 5.280014992 -0.004387106 0.997354805 -0.072553150 -0.372305870 -0.934474528 -0.029918507 -0.354770631 2.844658375
-0.370444804 0.065838575 0.926518142 5.319398880 -0.004396786 0.997349203 -0.072629780 -0.375396580 -0.928844035 -0.030979030 -0.369173378 2.829254866
-0.386311650 0.066948473 0.919935405 5.359863281 -0.006031417 0.997157633 -0.075101122 -0.379027903 -0.922348559 -0.034560960 -0.384809852 2.813915730
-0.400451094 0.067878969 0.913800478 5.412055969 -0.005747567 0.997046709 -0.076581411 -0.384144247 -0.916300118 -0.035919242 -0.398878396 2.791176796
-0.414247245 0.070393354 0.907438159 5.449371338 -0.003315080 0.996881366 -0.078845151 -0.387113452 -0.910158396 -0.035669621 -0.412721962 2.773933411
-0.429483891 0.072790794 0.900136113 5.499753952 -0.000793355 0.996715426 -0.080979362 -0.392183632 -0.903074205 -0.035493460 -0.428015441 2.751293182
-0.446084797 0.075848497 0.891770899 5.538559914 -0.001239068 0.996349037 -0.085363097 -0.395888209 -0.894989848 -0.039184134 -0.444362164 2.733970165
-0.459610850 0.078388907 0.884654164 5.575650692 0.000375488 0.996114075 -0.088070266 -0.399856985 -0.888120294 -0.040145878 -0.457854271 2.713638544
-0.475529522 0.076247834 0.876389027 5.631084919 -0.000418398 0.996216893 -0.086900175 -0.405250728 -0.879699588 -0.041690268 -0.473698705 2.685639858
-0.491522312 0.072483502 0.867843211 5.668759823 -0.003369425 0.996364474 -0.085126139 -0.408926725 -0.870858371 -0.044765532 -0.489491224 2.664420128
-0.507524371 0.072524458 0.858579814 5.716880798 -0.003164236 0.996287763 -0.086027138 -0.413696289 -0.861631572 -0.046377614 -0.505410790 2.637956858
-0.522974670 0.071621299 0.849333823 5.753793716 -0.004348962 0.996226132 -0.086686067 -0.417429745 -0.852337122 -0.049028330 -0.520689547 2.615225792
-0.539172947 0.070772313 0.839216173 5.799648285 -0.004229048 0.996222794 -0.086729959 -0.422548592 -0.842184424 -0.050311524 -0.536837161 2.587035179
-0.554832399 0.070486113 0.828970730 5.836617947 -0.005469953 0.996073961 -0.088355683 -0.426363230 -0.831944108 -0.053557031 -0.552268744 2.563241243
-0.570368707 0.069278054 0.818462014 5.871007442 -0.005891621 0.996066034 -0.088416949 -0.430429816 -0.821367681 -0.055252325 -0.567716777 2.539834976
-0.585382998 0.066518247 0.808023572 5.919724941 -0.007013405 0.996175766 -0.087088317 -0.435486257 -0.810726643 -0.056647010 -0.582677901 2.505469322
-0.599995613 0.063238390 0.797499955 5.953525543 -0.005924278 0.996492267 -0.083474755 -0.439604580 -0.799981356 -0.054809101 -0.597516418 2.480292797
-0.614855587 0.061379794 0.786247373 6.000105858 -0.005721604 0.996593177 -0.082275182 -0.444245130 -0.788618803 -0.055085961 -0.612409830 2.444273233
-0.629264414 0.059811253 0.774886250 6.034327507 -0.006521780 0.996592760 -0.082220308 -0.448110014 -0.777163684 -0.056791961 -0.626730442 2.416546822
-0.644159436 0.060740918 0.762475729 6.075879574 -0.007325192 0.996306419 -0.085557029 -0.453320920 -0.764856219 -0.060697637 -0.641335130 2.382231712
-0.659225643 0.060852323 0.749478877 6.108204842 -0.008466754 0.996056199 -0.088319801 -0.457000822 -0.751897573 -0.064568333 -0.656110406 2.354264498
-0.675268829 0.056682248 0.735390425 6.149395943 -0.011453199 0.996116579 -0.087295271 -0.462116688 -0.737482727 -0.067370355 -0.671997309 2.317819118
-0.691432595 0.049333841 0.720754623 6.181250572 -0.014810259 0.996487975 -0.082414851 -0.465975940 -0.722289145 -0.067658871 -0.688273668 2.288154602
-0.708419859 0.046616677 0.704250038 6.212872505 -0.015502913 0.996547878 -0.081559539 -0.470281899 -0.705620944 -0.068696320 -0.705251694 2.257206917
-0.725783110 0.043896437 0.686521649 6.256481171 -0.017414931 0.996469736 -0.082125530 -0.475386322 -0.687703013 -0.071561053 -0.722456574 2.213555336
-0.743038118 0.039603900 0.668076456 6.286872387 -0.021024406 0.996373355 -0.082449004 -0.479695857 -0.668918848 -0.075308651 -0.739510775 2.180465698
-0.760043323 0.037616614 0.648782969 6.315797806 -0.020626744 0.996423960 -0.081936993 -0.483280301 -0.649545133 -0.075657926 -0.756549418 2.149169445
-0.775299072 0.039912656 0.630331874 6.342703342 -0.018000554 0.996199489 -0.085219838 -0.487055779 -0.631337643 -0.077417187 -0.771634161 2.115384102
-0.790463209 0.040399045 0.611175776 6.388584137 -0.013340146 0.996450305 -0.083119355 -0.493383706 -0.612364173 -0.073855966 -0.787118435 2.059942245
-0.804891288 0.043973036 0.591790736 6.417054653 -0.007441986 0.996424377 -0.084161147 -0.496501744 -0.593375385 -0.072144695 -0.801686168 2.021923780
-0.818210304 0.044056531 0.573228538 6.442877293 -0.006718176 0.996258795 -0.086158633 -0.501023591 -0.574879706 -0.074346937 -0.814853251 1.981661201
-0.830465555 0.046649866 0.555113316 6.466714859 -0.004471829 0.995897174 -0.090381838 -0.505298257 -0.557052076 -0.077541374 -0.826849639 1.941871524
-0.845065475 0.049330451 0.532382190 6.495511532 -0.002021939 0.995432556 -0.095446087 -0.503074050 -0.534658968 -0.081734642 -0.841106057 1.903630257
-0.857347548 0.045968745 0.512681246 6.532144070 0.000049872 0.996011674 -0.089222394 -0.513286352 -0.514737964 -0.076469049 -0.853930473 1.846556664
-0.868126333 0.047628339 0.494052827 6.555900574 0.003157489 0.995895028 -0.090459414 -0.517695904 -0.496333271 -0.076970235 -0.864713192 1.807411432
-0.877043307 0.050933044 0.477703840 6.576697350 0.006679904 0.995560765 -0.093883239 -0.522175550 -0.480365008 -0.079148635 -0.873490095 1.766689539
-0.888137460 0.044712912 0.457397729 6.605694294 0.001966301 0.995616555 -0.093508497 -0.530680299 -0.459573746 -0.082149021 -0.884332180 1.724788666
-0.895819187 0.044125926 0.442222774 6.624113083 0.002494282 0.995542169 -0.094284609 -0.532673240 -0.444411725 -0.083358929 -0.891935706 1.686208963
-0.901985824 0.044783872 0.429436713 6.654989719 0.004015804 0.995433390 -0.095374174 -0.538758993 -0.431746840 -0.084301628 -0.898046732 1.619206786
-0.908579051 0.041565794 0.415639699 6.674205780 0.003039218 0.995668292 -0.092927553 -0.545273721 -0.417701870 -0.083168805 -0.904769719 1.577613950
-0.914304256 0.040378738 0.403010309 6.693602085 0.002698699 0.995603442 -0.093629822 -0.548587263 -0.405019045 -0.084518544 -0.910393476 1.533804059
-0.920813024 0.035181172 0.388414174 6.714046001 0.000432771 0.996014595 -0.089189507 -0.554218888 -0.390003979 -0.081958756 -0.917158544 1.491279960
-0.925366819 0.033071280 0.377627522 6.740113735 0.000462700 0.996284962 -0.086117238 -0.560428381 -0.379072636 -0.079515316 -0.921944201 1.427484035
-0.929841518 0.032367282 0.366533995 6.758093357 0.002234698 0.996601880 -0.082337178 -0.565092146 -0.367953539 -0.075741433 -0.926754117 1.384007454
-0.933326364 0.037788235 0.357034862 6.766846657 0.007458023 0.996271610 -0.085948408 -0.565808535 -0.358951539 -0.077555127 -0.930128515 1.361672282
-0.935281277 0.041192189 0.351499885 6.792256355 0.011851497 0.996291637 -0.085220352 -0.573817670 -0.353706747 -0.075539201 -0.932301104 1.297666669
-0.937373757 0.045841716 0.345295668 6.816769600 0.015727876 0.995861292 -0.089514844 -0.578922868 -0.347970158 -0.078478090 -0.934215188 1.234054208
-0.939148545 0.042999521 0.340809226 6.833111763 0.013561483 0.996002138 -0.088293836 -0.583399117 -0.343243361 -0.078299165 -0.935977161 1.189985275
-0.941356838 0.034807790 0.335612714 6.841350079 0.007054952 0.996477604 -0.083560489 -0.586106896 -0.337339163 -0.076292492 -0.938286602 1.169817328
-0.943451643 0.028872758 0.330250412 6.871535778 0.001629339 0.996591806 -0.082474232 -0.593623340 -0.331506163 -0.077272370 -0.940283239 1.088169456
-0.945232987 0.022795420 0.325599223 6.887178421 -0.004808518 0.996477485 -0.083723456 -0.597899616 -0.326360732 -0.080703832 -0.941793799 1.045993567
-0.946866393 0.018267158 0.321107984 6.903938770 -0.009881777 0.996262133 -0.085814126 -0.602567732 -0.321475327 -0.084427625 -0.943146706 1.002503037
-0.947668016 0.018115954 0.318742961 6.918869972 -0.010406666 0.996105373 -0.087554753 -0.607425511 -0.319087714 -0.086289912 -0.943788707 0.959983706
-0.947859764 0.018346984 0.318158895 6.939722061 -0.011297629 0.995779395 -0.091080636 -0.612195015 -0.318487197 -0.089926116 -0.943652093 0.898054957
-0.947491229 0.022976561 0.318954825 6.954189301 -0.007073175 0.995665491 -0.092736445 -0.616323233 -0.319703132 -0.090123013 -0.943222046 0.854001164
-0.947118580 0.022915125 0.320064068 6.968830109 -0.007707157 0.995534539 -0.094082385 -0.621221542 -0.320790768 -0.091573961 -0.942712903 0.810408235
-0.946994126 0.022521064 0.320460439 6.989765644 -0.008645338 0.995391667 -0.095501214 -0.627670050 -0.321134597 -0.093209572 -0.942435503 0.753087044
-0.945961654 0.023908215 0.323395848 7.004701614 -0.007553490 0.995383203 -0.095681928 -0.632087588 -0.324190527 -0.092954218 -0.941413879 0.708391905
-0.945813000 0.022275040 0.323946744 7.014518738 -0.009314395 0.995372593 -0.095638067 -0.635453224 -0.324578106 -0.093473099 -0.941228926 0.684929848
-0.944416881 0.021279804 0.328060716 7.040098190 -0.011025386 0.995291233 -0.096299767 -0.642801940 -0.328565210 -0.094564110 -0.939735353 0.609875917
-0.943025887 0.018847989 0.332184792 7.055463791 -0.012761452 0.995610476 -0.092718393 -0.648121774 -0.332474262 -0.091675006 -0.938646197 0.568588495
-0.940774977 0.016721211 0.338618666 7.070457935 -0.015232079 0.995689690 -0.091486678 -0.651670814 -0.338688880 -0.091226242 -0.936465442 0.526353359
-0.938162506 0.013934128 0.345914423 7.091604710 -0.017923912 0.995894432 -0.088728495 -0.657713354 -0.345730603 -0.089441895 -0.934061348 0.468765497
-0.935469747 0.017488321 0.352973998 7.107277393 -0.014730563 0.995977342 -0.088386022 -0.662021816 -0.353099793 -0.087881967 -0.931449056 0.427520037
-0.932295620 0.017118920 0.361292005 7.123466015 -0.015864786 0.995982468 -0.088130407 -0.666503131 -0.361349225 -0.087895431 -0.928278625 0.386240244
-0.928367436 0.019329185 0.371160716 7.145928383 -0.016168766 0.995600760 -0.092290767 -0.671439171 -0.371311724 -0.091680944 -0.923970878 0.329512835
-0.924371839 0.019780198 0.380979419 7.163055420 -0.016189724 0.995721221 -0.090978369 -0.675773025 -0.381148845 -0.090265803 -0.920096457 0.289433718
-0.919725835 0.019894781 0.392056823 7.181244850 -0.018473675 0.995414913 -0.093849339 -0.679825664 -0.392126322 -0.093558386 -0.915141344 0.248101950
-0.913055658 0.025485475 0.407037973 7.204668522 -0.013926188 0.995515227 -0.093570031 -0.686124682 -0.407597303 -0.091103129 -0.908605933 0.192073822
-0.907308578 0.027491549 0.419565678 7.223292351 -0.013171798 0.995511949 -0.093713701 -0.690423429 -0.420259118 -0.090553671 -0.902874529 0.153116941
-0.900778711 0.026276115 0.433482736 7.247101307 -0.014926050 0.995704889 -0.091372326 -0.695801377 -0.434021801 -0.088776432 -0.896517634 0.103014946
-0.894567192 0.028801180 0.446004272 7.265986443 -0.013811863 0.995663226 -0.091998935 -0.700161576 -0.446719736 -0.088459395 -0.890290082 0.065634012
-0.887443125 0.031912152 0.459811091 7.291094303 -0.011129054 0.995825827 -0.090592280 -0.705434918 -0.460782766 -0.085512795 -0.883383691 0.016660690
-0.880210221 0.032059859 0.473499864 7.310941696 -0.011535761 0.995975494 -0.088880099 -0.709558070 -0.474443763 -0.083695374 -0.876298010 -0.020729542
-0.872844517 0.034894902 0.486749142 7.331775665 -0.007637010 0.996341169 -0.085122190 -0.713863850 -0.487938493 -0.078015760 -0.869384527 -0.057180405
-0.864661753 0.037172813 0.500977218 7.361960411 -0.005687365 0.996470153 -0.083754800 -0.719800234 -0.502322257 -0.075268798 -0.861398220 -0.109294176
-0.856682122 0.039812822 0.514306009 7.383416176 -0.003128042 0.996597946 -0.082357779 -0.723590016 -0.515835285 -0.072163194 -0.853643000 -0.142908573
-0.845318615 0.043324560 0.532503188 7.410589218 0.000564769 0.996778488 -0.080201559 -0.728957415 -0.534262478 -0.067495123 -0.842619777 -0.189529181
-0.834549010 0.046046305 0.549006164 7.433095932 0.003234148 0.996893466 -0.078695320 -0.732923508 -0.550924242 -0.063899532 -0.832105339 -0.224042892
-0.823211849 0.047901098 0.565709770 7.462768555 0.004694786 0.996974528 -0.077586383 -0.737726450 -0.567714751 -0.061214149 -0.820946157 -0.267927885
-0.811442137 0.050507020 0.582246244 7.486849785 0.006406252 0.996967554 -0.077554055 -0.741257846 -0.584397614 -0.059200622 -0.809305072 -0.301476002
-0.798251271 0.053479575 0.599945664 7.517345428 0.008913138 0.996990323 -0.077013083 -0.745592713 -0.602258563 -0.056128409 -0.796325386 -0.343704462
-0.784046292 0.054676931 0.618289471 7.543193817 0.010558026 0.997143328 -0.074791439 -0.749310374 -0.620612442 -0.052112050 -0.782383800 -0.376954556
-0.769079745 0.055028789 0.636779368 7.569375515 0.012287408 0.997375667 -0.071350254 -0.754032910 -0.639034569 -0.047049686 -0.767737746 -0.409349918
-0.753928304 0.058646202 0.654333949 7.605281830 0.013126625 0.997153401 -0.074247606 -0.757492542 -0.656825602 -0.047388174 -0.752551973 -0.449157953
-0.736776292 0.060348131 0.673438191 7.633066177 0.012464224 0.997051835 -0.075711295 -0.761376500 -0.676021814 -0.047388408 -0.735356331 -0.479896784
-0.718876243 0.062475011 0.692324936 7.667419434 0.014061157 0.997056186 -0.075373359 -0.765658259 -0.694995940 -0.044449236 -0.717638433 -0.516353369
-0.701053023 0.061766401 0.710429192 7.696100235 0.012425125 0.997148573 -0.074433334 -0.769242167 -0.713000953 -0.043354545 -0.699821472 -0.543287516
-0.681770205 0.061633453 0.728965580 7.727153778 0.010343796 0.997157335 -0.074634738 -0.772637010 -0.731493413 -0.043343466 -0.680469573 -0.571550608
