0.999996662 -0.002240936 -0.001262762 -0.000267494 0.002244619 0.999993205 0.002923451 -0.000721350 0.001256198 -0.002926276 0.999994993 0.062178556
0.999993384 -0.002844200 -0.002264205 -0.001227833 0.002852154 0.999989808 0.003517244 -0.001210787 0.002254174 -0.003523678 0.999991357 0.120054767
0.999991000 -0.001728902 -0.003887206 -0.001292303 0.001742888 0.999991953 0.003597416 -0.002088381 0.003880955 -0.003604159 0.999986053 0.186443180
0.999985635 -0.000785871 -0.005289122 -0.002118541 0.000804365 0.999993503 0.003495404 -0.002823263 0.005286343 -0.003499608 0.999979913 0.247680485
0.999978483 -0.000576038 -0.006538268 -0.003056134 0.000599230 0.999993563 0.003545733 -0.003323316 0.006536189 -0.003549576 0.999972343 0.308690876
0.999963343 -0.000969540 -0.008507334 -0.003479838 0.001003929 0.999991417 0.004038888 -0.003876625 0.008503349 -0.004047281 0.999955714 0.367112935
0.999944866 -0.002773468 -0.010127502 -0.004310700 0.002808452 0.999990046 0.003441789 -0.004879981 0.010117855 -0.003470041 0.999942780 0.431211889
0.999928415 -0.005157755 -0.010794156 -0.006013679 0.005200958 0.999978423 0.003978168 -0.005384264 0.010773403 -0.004034023 0.999933839 0.488125175
0.999916911 -0.003707822 -0.012344333 -0.006326158 0.003755563 0.999985576 0.003846577 -0.006517632 0.012329891 -0.003892619 0.999916375 0.553274989
0.999895930 -0.003540439 -0.013984101 -0.006805345 0.003594412 0.999986231 0.003836388 -0.007136724 0.013970324 -0.003886254 0.999894857 0.609859586
0.999899328 -0.001753750 -0.014078431 -0.008499115 0.001816159 0.999988556 0.004421343 -0.007711623 0.014070521 -0.004446467 0.999891043 0.674285531
0.999894679 -0.001126571 -0.014466904 -0.009834480 0.001196493 0.999987662 0.004825499 -0.007887014 0.014461296 -0.004842300 0.999883652 0.730534613
0.999881327 0.000561906 -0.015391983 -0.010758187 -0.000473973 0.999983490 0.005715981 -0.008431381 0.015394944 -0.005708009 0.999865115 0.795776188
0.999872625 0.001493797 -0.015887445 -0.011616150 -0.001399732 0.999981403 0.005930177 -0.009347247 0.015896011 -0.005907184 0.999856114 0.850317001
0.999866545 0.001684354 -0.016252156 -0.013088773 -0.001596092 0.999983907 0.005442223 -0.009003295 0.016261064 -0.005415556 0.999853134 0.913974524
0.999858558 0.001807490 -0.016726047 -0.014095293 -0.001712542 0.999982417 0.005689228 -0.009344053 0.016736036 -0.005659778 0.999843955 0.969540834
0.999869525 0.002792870 -0.015910747 -0.015125524 -0.002691719 0.999976099 0.006375279 -0.009281633 0.015928172 -0.006331619 0.999853134 1.024453282
0.999856651 0.003212420 -0.016620789 -0.016212247 -0.003108855 0.999975562 0.006253055 -0.010912694 0.016640473 -0.006200488 0.999842346 1.092448831
0.999860525 0.004129247 -0.016176272 -0.017877353 -0.004070004 0.999984801 0.003693533 -0.011158947 0.016191280 -0.003627182 0.999862373 1.145038009
0.999870360 0.002437544 -0.015909560 -0.017989101 -0.002383953 0.999991357 0.003386557 -0.011828614 0.015917681 -0.003348191 0.999867678 1.199914575
0.999873161 0.001968946 -0.015796928 -0.019629953 -0.001866820 0.999977350 0.006477005 -0.012572480 0.015809318 -0.006446694 0.999854207 1.266519070
0.999883115 0.000281656 -0.015277320 -0.021166593 -0.000169825 0.999973059 0.007320837 -0.012657808 0.015278971 -0.007317387 0.999856472 1.320183873
0.999891758 0.000540176 -0.014699701 -0.022290580 -0.000432483 0.999972999 0.007328392 -0.013413873 0.014703263 -0.007321241 0.999865055 1.371051550
0.999890983 -0.000191472 -0.014766455 -0.023138737 0.000266344 0.999987006 0.005068551 -0.013732396 0.014765292 -0.005071932 0.999878109 1.435767651
0.999900401 0.001207696 -0.014067713 -0.024443701 -0.001147161 0.999989927 0.004310382 -0.014373289 0.014072779 -0.004293814 0.999891758 1.486304879
0.999901474 0.000695771 -0.014020435 -0.025046824 -0.000642281 0.999992430 0.003819258 -0.015408941 0.014022985 -0.003809877 0.999894440 1.534537554
0.999925792 0.002316158 -0.011957219 -0.026653495 -0.002260875 0.999986649 0.004634863 -0.015751150 0.011967798 -0.004607486 0.999917686 1.597598195
0.999939680 0.002186630 -0.010762714 -0.027143892 -0.002113901 0.999974847 0.006764167 -0.016468035 0.010777235 -0.006741008 0.999919116 1.645496964
0.999960780 0.002332190 -0.008529195 -0.027700517 -0.002265638 0.999966919 0.007804153 -0.016647659 0.008547113 -0.007784524 0.999933124 1.696830988
0.999973714 0.002208512 -0.006899647 -0.028269958 -0.002152784 0.999965012 0.008073879 -0.017044686 0.006917242 -0.008058814 0.999943554 1.754038215
0.999993145 0.001699155 -0.003302634 -0.028465413 -0.001675299 0.999972582 0.007212655 -0.017399102 0.003314804 -0.007207073 0.999968469 1.798995137
0.999998868 0.001454642 0.000352909 -0.028649235 -0.001456654 0.999982297 0.005770594 -0.018169370 -0.000344504 -0.005771101 0.999983251 1.844018579
0.999993920 0.000971166 0.003335273 -0.028077276 -0.000982920 0.999993324 0.003524601 -0.018008929 -0.003331821 -0.003527859 0.999988198 1.889147043
0.999969184 0.001386295 0.007718801 -0.028834477 -0.001422301 0.999988139 0.004661243 -0.019304473 -0.007712249 -0.004672079 0.999959290 1.951890945
0.999908090 0.001724041 0.013439460 -0.028563717 -0.001783141 0.999988794 0.004386806 -0.019770809 -0.013431747 -0.004410368 0.999900043 1.995275497
0.999791265 0.003983105 0.020032592 -0.028494634 -0.004046261 0.999986947 0.003113150 -0.020046663 -0.020019932 -0.003193558 0.999794424 2.036441565
0.999611080 0.004527729 0.027514577 -0.027197383 -0.004624319 0.999983430 0.003447876 -0.021174641 -0.027498512 -0.003573772 0.999615431 2.079511166
0.999348819 0.005716429 0.035623923 -0.025702357 -0.005877772 0.999972880 0.004425996 -0.021284496 -0.035597652 -0.004632505 0.999355495 2.142536640
0.998914599 0.007983466 0.045889389 -0.024321690 -0.008226518 0.999953151 0.005110054 -0.021990111 -0.045846440 -0.005482018 0.998933554 2.182621479
0.998187721 0.010445066 0.059262343 -0.022388145 -0.010772146 0.999928474 0.005202400 -0.022503909 -0.059203766 -0.005831354 0.998228908 2.223561764
0.997179627 0.012449106 0.074010424 -0.019620806 -0.012893312 0.999901593 0.005527186 -0.022936393 -0.073934346 -0.006465838 0.997242153 2.262527943
0.995803416 0.014758232 0.090319775 -0.015359789 -0.015440326 0.999857187 0.006857915 -0.023520740 -0.090205677 -0.008223702 0.995889187 2.325415611
0.994093299 0.015097192 0.107473180 -0.011538625 -0.016005466 0.999843001 0.007593572 -0.023924453 -0.107341677 -0.009268878 0.994178891 2.362897873
0.991775990 0.014385742 0.127173945 -0.007973701 -0.015339316 0.999861062 0.006521988 -0.024126168 -0.127062440 -0.008419115 0.991859019 2.400736094
0.988917828 0.013901271 0.147811413 -0.002459675 -0.014908061 0.999872506 0.005705575 -0.024728354 -0.147713274 -0.007845927 0.988999188 2.439771175
0.985626996 0.010827979 0.168588877 0.006854504 -0.011998729 0.999910355 0.005927215 -0.025893087 -0.168509603 -0.007864876 0.985668600 2.499094963
0.981720567 0.006154913 0.190228909 0.014591187 -0.007700928 0.999942958 0.007388975 -0.025872631 -0.190172598 -0.008718846 0.981711864 2.536786556
0.976881385 0.000618078 0.213781416 0.021129310 -0.002696654 0.999951839 0.009431421 -0.026776791 -0.213765293 -0.009789873 0.976835966 2.571787834
0.971331000 -0.004651737 0.237685621 0.030207813 0.002707897 0.999960124 0.008504040 -0.026679333 -0.237715691 -0.007616608 0.971304953 2.608621359
0.964663863 -0.010253808 0.263284087 0.040414631 0.008859118 0.999939620 0.006483940 -0.026778318 -0.263334692 -0.003922358 0.964696527 2.646945715
0.957098424 -0.013750792 0.289436400 0.055695534 0.012142921 0.999899328 0.007350271 -0.027219128 -0.289508283 -0.003520330 0.957169056 2.701340675
0.948843539 -0.017173402 0.315279275 0.067208529 0.014947789 0.999843299 0.009476045 -0.027356800 -0.315392643 -0.004278556 0.948951721 2.732749462
0.938447177 -0.021484986 0.344753861 0.078747511 0.018339287 0.999755085 0.012383539 -0.027663261 -0.344935536 -0.005298757 0.938611448 2.769392967
0.927425504 -0.024639491 0.373195469 0.090460718 0.021501675 0.999689758 0.012568863 -0.028493334 -0.373389393 -0.003632356 0.927667558 2.799422026
0.915346146 -0.023197824 0.401999116 0.111800611 0.021855483 0.999729872 0.007925939 -0.028146418 -0.402074426 0.001530909 0.915605605 2.849291325
0.902120411 -0.024073834 0.430812240 0.126543283 0.025343435 0.999674916 0.002792809 -0.028577350 -0.430739373 0.008398812 0.902437091 2.880145311
0.887650609 -0.026600990 0.459748715 0.142009258 0.029737199 0.999557674 0.000419773 -0.028932672 -0.459556490 0.013299026 0.888048887 2.911116600
0.871987224 -0.027092479 0.488778263 0.159894705 0.029408025 0.999563217 0.002940436 -0.028690267 -0.488644421 0.011809982 0.872403026 2.942061663
0.854030967 -0.026410187 0.519551396 0.176893115 0.025589190 0.999634326 0.008750950 -0.029231139 -0.519592464 0.005821319 0.854394317 2.971271038
0.833942354 -0.026525185 0.551213741 0.195201039 0.023366367 0.999645650 0.012752916 -0.029887605 -0.551356673 0.002244668 0.834266484 3.000269890
0.813762844 -0.019604180 0.580866218 0.227561712 0.018789437 0.999795854 0.007420012 -0.029660197 -0.580893219 0.004876020 0.813965201 3.046057701
0.791746795 -0.012566122 0.610719979 0.248408198 0.015695658 0.999876618 0.000225288 -0.029929729 -0.610647619 0.009407281 0.791846514 3.073388577
0.769204199 -0.009517275 0.638932109 0.269749284 0.015523956 0.999872148 -0.003795445 -0.028145775 -0.638814390 0.012838229 0.769253910 3.099270344
0.745623589 -0.013292499 0.666234612 0.292555690 0.016532933 0.999862194 0.001445922 -0.030682283 -0.666162133 0.009936701 0.745740831 3.125077724
0.721054375 -0.013083220 0.692754865 0.324106216 0.016538300 0.999861777 0.001669277 -0.030905370 -0.692680955 0.010253347 0.721171260 3.159100533
0.695554674 -0.011422073 0.718382299 0.347958088 0.017537415 0.999845564 -0.001082883 -0.031490773 -0.718259096 0.013351773 0.695647717 3.182311058
0.669259667 -0.008718265 0.742977440 0.372812033 0.016963797 0.999849737 -0.003548194 -0.032075025 -0.742834926 0.014978383 0.669307053 3.204714060
0.641976297 -0.006205536 0.766699314 0.398185849 0.014981967 0.999877870 -0.004451927 -0.032598913 -0.766578078 0.014344697 0.641990960 3.226227283
0.613767564 -0.004617472 0.789473176 0.425398350 0.015064109 0.999869287 -0.005863395 -0.033070505 -0.789342999 0.015491474 0.613757014 3.247570753
0.584842861 0.001980340 0.811144114 0.464893699 0.014840269 0.999803424 -0.013140916 -0.032673199 -0.811010838 0.019722970 0.584698617 3.278789997
0.554234326 0.011265752 0.832284391 0.492177844 0.013350054 0.999659359 -0.022421394 -0.033789482 -0.832253575 0.023537751 0.553895295 3.297981739
0.522291243 0.020553553 0.852519453 0.520337939 0.014598104 0.999347448 -0.033036910 -0.032519162 -0.852642238 0.029700059 0.521650434 3.316820860
0.491520226 0.024492884 0.870521545 0.551089168 0.010242748 0.999372721 -0.033901554 -0.035949625 -0.870805919 0.025579840 0.490961105 3.333049774
0.459201664 0.024174087 0.888003170 0.593328714 0.008335644 0.999468446 -0.031518999 -0.037473697 -0.888292968 0.021875659 0.458756000 3.355750322
0.425566226 0.022450510 0.904648840 0.624125481 0.003438412 0.999644816 -0.026425511 -0.039386120 -0.904920816 0.014356363 0.425337881 3.370933294
0.391862214 0.025006793 0.919684172 0.656136513 0.000579897 0.999623656 -0.027427489 -0.038762808 -0.920023680 0.011281122 0.391700208 3.384010553
0.356464982 0.027335003 0.933908641 0.699087381 -0.006081647 0.999618590 -0.026936976 -0.040968336 -0.934288859 0.003922388 0.356495291 3.402042389
0.319792658 0.028958803 0.947044969 0.732037127 -0.010792385 0.999579251 -0.026920892 -0.042377390 -0.947426081 -0.001611767 0.319970667 3.414470196
0.284111559 0.028589750 0.958364904 0.773431480 -0.013617815 0.999574780 -0.025782051 -0.043675471 -0.958694577 -0.005725855 0.284380078 3.426839352
0.248026893 0.028373888 0.968337476 0.807854414 -0.014084229 0.999570847 -0.025681585 -0.044803578 -0.968650877 -0.007268564 0.248320073 3.435639858
0.212730914 0.026917487 0.976740062 0.842585802 -0.012820074 0.999611318 -0.024755610 -0.046427313 -0.977026820 -0.007255596 0.212993294 3.442783833
0.176627174 0.026457915 0.983922124 0.889813840 -0.011185289 0.999628007 -0.024872335 -0.047558267 -0.984214306 -0.006612323 0.176857427 3.452384710
0.141891837 0.025318893 0.989558280 0.925061524 -0.003070557 0.999679208 -0.025137562 -0.049106225 -0.989877403 0.000528319 0.141924083 3.457429886
0.108396135 0.028822942 0.993689835 0.969458938 -0.000316407 0.999580503 -0.028959282 -0.050574429 -0.994107664 0.002824664 0.108359791 3.461983919
0.075765923 0.033430617 0.996565104 1.005388498 0.000878311 0.999435067 -0.033593673 -0.051928565 -0.997125149 0.003420549 0.075693771 3.464979649
0.046466548 0.037547022 0.998213947 1.050522327 0.007260243 0.999254167 -0.037924107 -0.053874582 -0.998893440 0.009009479 0.046159294 3.467094898
0.021366473 0.035955593 0.999125004 1.087094903 0.009404671 0.999301612 -0.036163077 -0.055094481 -0.999727488 0.010169121 0.021013405 3.467364788
-0.001161374 0.032956693 0.999456108 1.133045197 0.011288491 0.999393463 -0.032941513 -0.056973502 -0.999935627 0.011244097 -0.001532700 3.467722893
-0.020387826 0.030428037 0.999329090 1.170533299 0.011765801 0.999474704 -0.030192442 -0.058487773 -0.999722838 0.011142351 -0.020735130 3.467410564
-0.036620006 0.033562683 0.998765469 1.215752840 0.013503646 0.999361157 -0.033087585 -0.060489964 -0.999238014 0.012275307 -0.037049834 3.465438843
-0.051073536 0.037932139 0.997974217 1.252761126 0.016101198 0.999179721 -0.037153952 -0.061963126 -0.998565078 0.014170998 -0.051642403 3.463459492
-0.063595071 0.042804345 0.997057438 1.289907813 0.020004196 0.998933733 -0.041608974 -0.063817173 -0.997775316 0.017299205 -0.064383529 3.461495876
-0.071653441 0.047070093 0.996318340 1.340783000 0.026521115 0.998622477 -0.045271609 -0.065395430 -0.997076929 0.023179606 -0.072803110 3.456991196
-0.077814043 0.051885270 0.995616853 1.376699924 0.030409019 0.998303592 -0.049648628 -0.067705169 -0.996504068 0.026412368 -0.079259835 3.453585625
-0.081186153 0.057382561 0.995045722 1.414183617 0.032884426 0.997951925 -0.054867107 -0.068887092 -0.996156335 0.028267058 -0.082906894 3.450335503
-0.084228121 0.061064623 0.994573712 1.464415193 0.033808947 0.997720897 -0.058394663 -0.072744101 -0.995872855 0.028707020 -0.086100683 3.447022915
-0.086525999 0.063673086 0.994212747 1.502290487 0.034544144 0.997547209 -0.060880266 -0.075690337 -0.995650470 0.029076509 -0.088513300 3.443472385
-0.089026839 0.067232348 0.993757486 1.539005160 0.035387408 0.997302830 -0.064301983 -0.078199521 -0.995400429 0.029441897 -0.091165915 3.440158606
-0.091445968 0.071025819 0.993273854 1.590030909 0.036615908 0.997018456 -0.067922525 -0.081578188 -0.995136619 0.030158380 -0.093773983 3.435717106
-0.093876988 0.072267011 0.992957473 1.627228022 0.039260972 0.996855021 -0.068838812 -0.084719330 -0.994809330 0.032522101 -0.096419014 3.432318211
-0.096546486 0.070871606 0.992802203 1.665195942 0.038455050 0.996982694 -0.067430422 -0.087466516 -0.994585335 0.031668086 -0.098980539 3.428843260
-0.097635046 0.070854522 0.992696822 1.716100693 0.038095027 0.996997476 -0.067414716 -0.090757251 -0.994492888 0.031234778 -0.100041114 3.422911644
-0.100239858 0.071919903 0.992360592 1.753036499 0.039398432 0.996888697 -0.068268381 -0.093860790 -0.994182944 0.032254230 -0.102761514 3.419637203
-0.103228174 0.073908374 0.991907954 1.789091349 0.038160291 0.996795654 -0.070301197 -0.096865535 -0.993925273 0.030594442 -0.105717771 3.416671276
-0.105557419 0.076086856 0.991497993 1.842522383 0.035761196 0.996713996 -0.072679885 -0.100862682 -0.993769884 0.027785258 -0.107931510 3.410699368
-0.107854806 0.079360545 0.990993977 1.881673813 0.034215283 0.996514559 -0.076078810 -0.104208633 -0.993577540 0.025701674 -0.110194229 3.406809807
-0.110403292 0.083770290 0.990350187 1.920109272 0.031012226 0.996246874 -0.080811843 -0.107380003 -0.993402839 0.021791074 -0.112586841 3.402652979
-0.112477258 0.086613514 0.989872158 1.973396540 0.028374996 0.996067405 -0.083931394 -0.111392803 -0.993249059 0.018647246 -0.114492595 3.396216393
-0.115177728 0.085130468 0.989690304 2.013113976 0.026797617 0.996224463 -0.082573891 -0.114860080 -0.992983401 0.017010665 -0.117024176 3.391447306
-0.117646687 0.080836758 0.989759803 2.053254128 0.024359405 0.996616364 -0.078501284 -0.118363388 -0.992756665 0.014874545 -0.119217753 3.386151552
-0.120271355 0.079576001 0.989546537 2.106091261 0.024050912 0.996723115 -0.077229917 -0.122488663 -0.992449641 0.014510952 -0.121791124 3.380443096
-0.122022100 0.079485796 0.989339530 2.145316124 0.023874283 0.996734679 -0.077135384 -0.126192018 -0.992240191 0.014207553 -0.123521335 3.375287294
-0.123102389 0.082515597 0.988957524 2.184994936 0.025005776 0.996478617 -0.080030501 -0.129430741 -0.992078960 0.014877706 -0.124732278 3.370084763
-0.123938859 0.085090913 0.988634706 2.224824905 0.025752224 0.996256769 -0.082518548 -0.132827371 -0.991955638 0.015232290 -0.125666186 3.365088224
-0.124182381 0.086310722 0.988498509 2.283647060 0.024332073 0.996174991 -0.083924241 -0.137552321 -0.991961002 0.013630305 -0.125807524 3.358112335
-0.123804234 0.084153041 0.988731980 2.323786020 0.022827189 0.996375322 -0.081945293 -0.141727716 -0.992044091 0.012424796 -0.125276491 3.352780342
-0.124476694 0.083593398 0.988694966 2.364048004 0.016574686 0.996480942 -0.082164943 -0.145103440 -0.992084026 0.006159688 -0.125424191 3.348851919
-0.124810651 0.085301660 0.988506854 2.418485880 0.014037802 0.996349454 -0.084205985 -0.149674490 -0.992081285 0.003366659 -0.125552490 3.342767715
-0.124768466 0.085480824 0.988496721 2.459445238 0.009205510 0.996338725 -0.084997028 -0.153474361 -0.992143214 -0.001505334 -0.125098556 3.337837934
-0.125824437 0.085513316 0.988360107 2.501097918 0.005071864 0.996320486 -0.085556358 -0.157048047 -0.992039502 -0.005752255 -0.125795186 3.333523750
-0.125933811 0.079711936 0.988830864 2.540860653 0.006502452 0.996811509 -0.079527132 -0.160647735 -0.992017329 -0.003585330 -0.126050591 3.328161240
-0.126803577 0.071398512 0.989354908 2.601171255 0.009977619 0.997447550 -0.070703685 -0.165121138 -0.991877675 0.000905925 -0.127192289 3.321300983
-0.127551109 0.064952828 0.989702880 2.643181562 0.014329719 0.997869909 -0.063642003 -0.169442520 -0.991728485 0.006064557 -0.128210187 3.316293240
-0.126340955 0.068729013 0.989603102 2.663630009 0.024303483 0.997512043 -0.066175506 -0.169408187 -0.991689086 0.015690126 -0.127696961 3.312767506
-0.124121554 0.075176954 0.989415109 2.705415487 0.028284796 0.996988773 -0.072204113 -0.172195762 -0.991863847 0.019023318 -0.125874162 3.306065083
-0.122573666 0.079890154 0.989238679 2.784455776 0.032794233 0.996536493 -0.076416075 -0.178815782 -0.991917431 0.023074728 -0.124769077 3.295741081
-0.121489190 0.083866477 0.989043295 2.825915813 0.033754986 0.996196806 -0.080326758 -0.182307467 -0.992018640 0.023626316 -0.123858050 3.290313244
-0.121231042 0.081212521 0.989296436 2.867976665 0.029897913 0.996493936 -0.078139596 -0.185656205 -0.992173970 0.020104952 -0.123234086 3.284640312
-0.121570162 0.076770097 0.989609599 2.909998655 0.031901602 0.996791542 -0.073408239 -0.189194009 -0.992070079 0.022645881 -0.123629212 3.280325651
-0.121097520 0.074187227 0.989864647 2.973196030 0.028810523 0.997045815 -0.071200833 -0.194574177 -0.992222428 0.019896278 -0.122877166 3.273427010
-0.120064817 0.076305114 0.989829361 3.014724970 0.027928902 0.996906817 -0.073462978 -0.196539402 -0.992373168 0.018824531 -0.121824548 3.267580986
-0.121022038 0.081877410 0.989267409 3.057404041 0.030295610 0.996432722 -0.078764252 -0.201205909 -0.992187321 0.020438245 -0.123070866 3.264678955
-0.119363129 0.082261644 0.989437044 3.101368427 0.030525275 0.996394694 -0.079157621 -0.205926985 -0.992381215 0.020754339 -0.121443830 3.258632183
-0.121257059 0.082531616 0.989184141 3.161263466 0.027149640 0.996440411 -0.079808936 -0.208313465 -0.992249787 0.017178595 -0.123066135 3.253225803
-0.120331258 0.075839520 0.989832699 3.204304218 0.029203719 0.996916652 -0.072832040 -0.211738497 -0.992304087 0.020142820 -0.122175008 3.247840881
-0.123954475 0.075742915 0.989392877 3.247560978 0.026673360 0.996976554 -0.072981738 -0.213674963 -0.991929293 0.017344020 -0.125600010 3.245614052
-0.120258316 0.078133434 0.989663064 3.306779385 0.025403092 0.996813715 -0.075611122 -0.219099194 -0.992417574 0.016047640 -0.121859960 3.235308170
-0.120389424 0.080704488 0.989440799 3.350337744 0.024936637 0.996621370 -0.078256026 -0.223282859 -0.992413521 0.015252134 -0.121995173 3.230395317
-0.121183090 0.080412649 0.989367664 3.394390106 0.023540562 0.996665716 -0.078122444 -0.226839870 -0.992350936 0.013823156 -0.122672014 3.225575209
-0.119380631 0.077008642 0.989857554 3.438946486 0.022187235 0.996945322 -0.074884199 -0.230091557 -0.992600620 0.013022482 -0.120724581 3.219197512
-0.118017688 0.076053664 0.990094781 3.484473705 0.024116531 0.996988058 -0.073708534 -0.233365357 -0.992718577 0.015178742 -0.119496405 3.213651180
-0.118183136 0.075481243 0.990118802 3.549520493 0.026484160 0.996991634 -0.072843954 -0.239831835 -0.992638588 0.017613541 -0.119826637 3.206791878
-0.117043823 0.076867960 0.990147531 3.594610214 0.027606234 0.996866703 -0.074126311 -0.242341548 -0.992743134 0.018658223 -0.118799120 3.201189041
-0.116156988 0.075431049 0.990362525 3.649523973 0.027864998 0.996967018 -0.072665885 -0.247363657 -0.992839873 0.019155798 -0.117906600 3.195197105
-0.113792926 0.076107830 0.990584910 3.695954800 0.028683355 0.996897519 -0.073297836 -0.251115084 -0.993090272 0.020072531 -0.115622915 3.189131498
-0.112629749 0.075198881 0.990787387 3.741859674 0.028120238 0.996973932 -0.072471805 -0.254276186 -0.993239045 0.019698698 -0.114403531 3.183978558
-0.109146841 0.073337302 0.991316557 3.788910151 0.027317150 0.997119248 -0.070758887 -0.258462399 -0.993650138 0.019356832 -0.110835791 3.177091122
-0.111117810 0.072386689 0.991167426 3.847785473 0.029233649 0.997150183 -0.069546305 -0.262767196 -0.993377149 0.021247616 -0.112917289 3.172479391
-0.108830944 0.073287353 0.991354942 3.894176245 0.027349111 0.997121751 -0.070711285 -0.266346812 -0.993683934 0.019417113 -0.110522054 3.167236805
-0.107974254 0.075900786 0.991252065 3.948571682 0.027990237 0.996918142 -0.073285744 -0.270311147 -0.993759573 0.019832410 -0.109765984 3.161188841
-0.106704175 0.074247465 0.991514802 3.994637012 0.027110681 0.997054517 -0.071744710 -0.274083793 -0.993921161 0.019225180 -0.108402766 3.156365633
-0.106449306 0.073029295 0.991632640 4.049783707 0.022272268 0.997224033 -0.071050189 -0.278554380 -0.994068682 0.014522664 -0.107780337 3.150709391
-0.108068272 0.073874876 0.991394877 4.094325066 0.017530087 0.997221768 -0.072398171 -0.281878293 -0.993988991 0.009555292 -0.109063067 3.147177219
-0.106192790 0.073245972 0.991644144 4.152178288 0.016328869 0.997277021 -0.071913444 -0.286514044 -0.994211495 0.008555739 -0.107099660 3.139520168
-0.106529281 0.070665270 0.991795301 4.198807240 0.014968212 0.997472167 -0.069462016 -0.290210396 -0.994196892 0.007445663 -0.107317746 3.134145260
-0.108727790 0.069647677 0.991628647 4.255213261 0.011017654 0.997565687 -0.068856634 -0.294174612 -0.994010508 0.003438790 -0.109230474 3.128771305
-0.109604791 0.068774991 0.991593063 4.301867008 0.009292010 0.997630656 -0.068166673 -0.297590971 -0.993931770 0.001742499 -0.109984167 3.123343468
-0.112157069 0.068803772 0.991305590 4.359512329 0.009101766 0.997629225 -0.068212897 -0.302074879 -0.993648767 0.001372072 -0.112517424 3.117892504
-0.115327284 0.068327829 0.990974784 4.405883789 0.007491090 0.997662723 -0.067917176 -0.305039555 -0.993299305 -0.000409225 -0.115569584 3.113083124
-0.117914297 0.062763624 0.991038322 4.464273453 0.006107491 0.998027503 -0.062479582 -0.309465796 -0.993005037 -0.001314479 -0.118065029 3.106099844
-0.122014500 0.063075051 0.990522087 4.510266304 0.004799532 0.998004377 -0.062960297 -0.312589765 -0.992516756 -0.002928028 -0.122073740 3.100596428
-0.126983508 0.068977222 0.989503682 4.567756176 0.001142327 0.997588575 -0.069394216 -0.316658437 -0.991904080 -0.007681584 -0.126756147 3.093378782
-0.133499667 0.071530968 0.988464057 4.613430977 0.003402210 0.997419000 -0.071719490 -0.320422292 -0.991042912 -0.006211567 -0.133398488 3.086661816
-0.143110543 0.068307146 0.987346768 4.670716286 0.004065648 0.997647524 -0.068430483 -0.324387074 -0.989698410 -0.005778921 -0.143051654 3.079249382
-0.154628679 0.065364592 0.985808015 4.716710567 0.004208490 0.997843385 -0.065502495 -0.328819484 -0.987963796 -0.005979801 -0.154570326 3.072576284
-0.167419806 0.066940501 0.983610451 4.771937847 0.006344364 0.997744679 -0.066822551 -0.332289696 -0.985865295 -0.004947035 -0.167466894 3.063832283
-0.181561038 0.067314394 0.981073081 4.818184376 0.009500166 0.997727811 -0.066698998 -0.335801899 -0.983333886 -0.002789582 -0.181788027 3.055572510
-0.195358753 0.065320991 0.978554070 4.872107506 0.008737097 0.997855723 -0.064865150 -0.339538306 -0.980692923 -0.004122254 -0.195510581 3.044462442
-0.210646868 0.068807639 0.975137532 4.915926933 0.013538880 0.997629344 -0.067470066 -0.342424124 -0.977468371 -0.001010089 -0.211079076 3.034683943
-0.226099193 0.071433209 0.971481562 4.970685005 0.013352110 0.997441053 -0.070234492 -0.347183526 -0.974012852 -0.002908634 -0.226474419 3.023180485
-0.241084397 0.074151792 0.967667162 5.013004303 0.012786488 0.997232854 -0.073231779 -0.351586699 -0.970420063 -0.005281975 -0.241365463 3.012159348
-0.257524878 0.073393002 0.963480294 5.057514191 0.009912112 0.997259378 -0.073316745 -0.354038060 -0.966220856 -0.009330766 -0.257546604 3.001469612
-0.272669345 0.066912778 0.959778130 5.116968155 0.004220739 0.997652113 -0.068354145 -0.359897196 -0.962098598 -0.014587107 -0.272311568 2.984799623
-0.289769143 0.062280666 0.955068052 5.160398483 -0.000464609 0.997871161 -0.065212861 -0.363351375 -0.957096577 -0.019340407 -0.289123356 2.973544598
-0.303547412 0.064185597 0.950651944 5.212875843 -0.001841704 0.997686982 -0.067949340 -0.367448777 -0.952814579 -0.022376662 -0.302727073 2.956265211
-0.318171978 0.066402450 0.945704699 5.255185604 -0.001578605 0.997505546 -0.070570737 -0.370819390 -0.948031723 -0.023946524 -0.317273527 2.942831516
-0.331354380 0.068862207 0.940990090 5.295974731 -0.000093348 0.997330487 -0.073018111 -0.374130487 -0.943506360 -0.024282707 -0.330463469 2.927937269
-0.345642447 0.068613447 0.935854375 5.353586197 0.002444817 0.997385561 -0.072221734 -0.378971517 -0.938363135 -0.022674916 -0.344906569 2.907571316
-0.359955758 0.065953679 0.930635214 5.395735741 0.001403266 0.997535288 -0.070152082 -0.382946074 -0.932968378 -0.023945726 -0.359161139 2.892311573
-0.374407113 0.065144822 0.924973190 5.447406292 0.001916937 0.997581244 -0.069482580 -0.387165904 -0.927262425 -0.024241667 -0.373626411 2.871329069
-0.389230698 0.066318557 0.918749809 5.488012314 0.000345760 0.997415245 -0.071850426 -0.390592426 -0.921140134 -0.027648726 -0.388247609 2.854877949
-0.404239833 0.068129867 0.912112057 5.538655758 0.000899769 0.997250974 -0.074090511 -0.395290673 -0.914652586 -0.029129658 -0.403190017 2.833303452
-0.418930292 0.069830887 0.905329287 5.578881264 0.002845532 0.997134387 -0.075595379 -0.399240583 -0.908013999 -0.029093057 -0.417928547 2.815099955
-0.433550715 0.072861470 0.898178697 5.629694939 0.005550860 0.996922851 -0.078192309 -0.403585583 -0.901112020 -0.028914673 -0.432621062 2.791627169
-0.448490828 0.075992100 0.890551031 5.670413017 0.004646952 0.996563792 -0.082698062 -0.407359689 -0.893775403 -0.032950979 -0.447302878 2.771801949
-0.463727444 0.077841818 0.882551670 5.718789101 0.005895295 0.996381879 -0.084784128 -0.412550449 -0.885958314 -0.034113824 -0.462508589 2.747155190
-0.479286492 0.074595325 0.874482632 5.759538174 0.003768690 0.996547103 -0.082942165 -0.416719109 -0.877650440 -0.036457401 -0.477912694 2.725544214
-0.494862914 0.070960246 0.866068900 5.807922363 0.001750555 0.996739626 -0.080666319 -0.421170413 -0.868969262 -0.038402673 -0.493373752 2.698643208
-0.510394156 0.071048707 0.857000530 5.846776962 0.001657628 0.996660531 -0.081639834 -0.425211668 -0.859939039 -0.040247913 -0.508807540 2.675234318
-0.526622593 0.070213869 0.847194552 5.894630909 0.000342009 0.996600568 -0.082383759 -0.429891646 -0.850099146 -0.043095395 -0.524856448 2.646810532
-0.542155266 0.069115020 0.837431073 5.933055878 -0.000253885 0.996597946 -0.082415797 -0.433705211 -0.840278268 -0.044894766 -0.540293396 2.622050524
-0.558047354 0.068682738 0.826961815 5.979434490 -0.001428688 0.996487737 -0.083726689 -0.438591182 -0.829807937 -0.047904927 -0.555989206 2.591796875
-0.573408842 0.068447962 0.816405058 6.016855240 -0.001330777 0.996424735 -0.084475622 -0.442514241 -0.819268346 -0.049525518 -0.571267664 2.565661430
-0.588219881 0.066088133 0.805996001 6.063555717 -0.001677843 0.996553302 -0.082937479 -0.446800768 -0.808699310 -0.050137822 -0.586081624 2.532424688
-0.603235006 0.062217895 0.795132935 6.100770950 -0.001718244 0.996848881 -0.079305388 -0.451440454 -0.797561646 -0.049206045 -0.601227343 2.504794836
-0.618116200 0.060877733 0.783725917 6.146583557 -0.000584430 0.996960938 -0.077902175 -0.455981493 -0.786086559 -0.048610631 -0.616202056 2.469388962
-0.632749379 0.059052344 0.772101820 6.181927681 -0.001817290 0.996971965 -0.077740289 -0.459943473 -0.774354517 -0.050593253 -0.630726159 2.440102816
-0.647412181 0.059543502 0.759810567 6.217540741 -0.003952013 0.996667683 -0.081472494 -0.463605225 -0.762129843 -0.055749070 -0.645019591 2.410782814
-0.662672222 0.059458252 0.746545494 6.264134407 -0.004976566 0.996471763 -0.083780967 -0.468760937 -0.748893023 -0.059234560 -0.660038292 2.370504618
-0.678557634 0.056121305 0.732400119 6.298888206 -0.006570219 0.996573448 -0.082451195 -0.472820133 -0.734517813 -0.060759932 -0.675863862 2.339922667
-0.694921076 0.049185757 0.717401922 6.332390308 -0.010037710 0.996897221 -0.078071386 -0.475682259 -0.719016075 -0.061454516 -0.692271233 2.308975935
-0.711281359 0.045550443 0.701429904 6.377991676 -0.011978970 0.996967614 -0.076889679 -0.482834190 -0.702805161 -0.063092612 -0.708579004 2.264218569
-0.728279531 0.043327909 0.683908939 6.412517548 -0.013780397 0.996871412 -0.077829555 -0.486118019 -0.685141444 -0.066106223 -0.725404143 2.227591276
-0.746089637 0.037961219 0.664762616 6.444564342 -0.018297432 0.996827543 -0.077459686 -0.491243005 -0.665594101 -0.069955327 -0.743028164 2.194619179
-0.762548685 0.036371551 0.645907640 6.487206459 -0.017169792 0.996928811 -0.076408207 -0.496349871 -0.646703005 -0.069355078 -0.759582222 2.146150351
-0.778776288 0.039988082 0.626025975 6.517828941 -0.013441887 0.996673286 -0.080385253 -0.499359608 -0.627157867 -0.071017101 -0.775647938 2.109938145
-0.794067264 0.037683126 0.606660843 6.547383308 -0.011906568 0.996920526 -0.077509023 -0.504118443 -0.607713461 -0.068770617 -0.791173220 2.072779894
-0.808569431 0.039031789 0.587104857 6.588983059 -0.007990840 0.996976793 -0.077285945 -0.509522319 -0.588346601 -0.067182504 -0.805813134 2.018417835
-0.822877526 0.040431753 0.566778541 6.616813660 -0.005639357 0.996834874 -0.079297803 -0.514243960 -0.568190813 -0.068448626 -0.820045173 1.979283214
-0.836313546 0.041778784 0.546657264 6.643405914 -0.004695410 0.996509731 -0.083342545 -0.518785834 -0.548231363 -0.072267272 -0.833198547 1.939134598
-0.849233568 0.042307269 0.526319742 6.679349899 -0.002517774 0.996449053 -0.084160298 -0.523270488 -0.528011382 -0.072796904 -0.846111476 1.884071946
-0.861422956 0.040213175 0.506293893 6.706423283 -0.001229605 0.996692479 -0.081255950 -0.528329730 -0.507886887 -0.070618287 -0.858524323 1.842199326
-0.870750189 0.042893823 0.489851475 6.729347229 0.002355566 0.996540546 -0.083074860 -0.532066822 -0.491720170 -0.071183555 -0.867838800 1.797687888
-0.880919755 0.045245398 0.471097797 6.761349678 0.004421782 0.996163011 -0.087405510 -0.537024260 -0.473244995 -0.074914165 -0.877739787 1.743452072
-0.890630662 0.043637205 0.452628553 6.786232948 0.003609926 0.996031940 -0.088922657 -0.541346908 -0.454712927 -0.077563301 -0.887254298 1.701868773
-0.898437142 0.040445689 0.437235415 6.807500362 0.001705744 0.996062696 -0.088634029 -0.545773268 -0.439098835 -0.078886300 -0.894968808 1.657171845
-0.904918194 0.037959106 0.423889309 6.834030151 0.000698798 0.996145546 -0.087712586 -0.552942038 -0.425584972 -0.079076536 -0.901456833 1.598245144
-0.911342263 0.036392424 0.410037637 6.854727745 0.000371309 0.996156752 -0.087587483 -0.557184398 -0.411649317 -0.079669923 -0.907853305 1.553272486
-0.917473733 0.034251481 0.396319181 6.874644756 -0.000413594 0.996203423 -0.087053359 -0.561651230 -0.397796273 -0.080033071 -0.913976490 1.508885980
-0.923034072 0.029450631 0.383589149 6.900880337 -0.002643911 0.996556640 -0.082874194 -0.568081558 -0.384708971 -0.077509873 -0.919777811 1.447477937
-0.928045094 0.026156245 0.371548057 6.920367718 -0.003919485 0.996790230 -0.079962052 -0.572418928 -0.372447014 -0.075664669 -0.924963832 1.400846124
-0.932580531 0.026274962 0.360004127 6.938633919 -0.001347504 0.997086823 -0.076263234 -0.576666415 -0.360959142 -0.071606718 -0.929828465 1.356577039
-0.935615838 0.030110881 0.351733178 6.962034225 0.002607277 0.996917903 -0.078407913 -0.582000911 -0.353010029 -0.072442628 -0.932810843 1.294711351
-0.937714875 0.035840817 0.345552176 6.979212284 0.008801471 0.996795714 -0.079503775 -0.586538732 -0.347294390 -0.071510509 -0.935025632 1.247846484
-0.939757764 0.038744409 0.339638263 6.996808052 0.011767050 0.996633768 -0.081132807 -0.591231942 -0.341638446 -0.072248653 -0.937050402 1.202428579
-0.941452682 0.036873631 0.335122347 7.018704414 0.010108245 0.996641338 -0.081263892 -0.596132219 -0.336993277 -0.073118627 -0.938663542 1.139766335
-0.943460524 0.029355526 0.330182314 7.036131859 0.003806723 0.996964872 -0.077759847 -0.600314796 -0.331462860 -0.072106451 -0.940708756 1.093443155
-0.945310056 0.022973085 0.325362861 7.053055286 -0.001701802 0.997155547 -0.075351141 -0.604462743 -0.326168478 -0.071783908 -0.942582250 1.047036290
-0.946796656 0.016146198 0.321427226 7.074139118 -0.009386720 0.996930301 -0.077728175 -0.609421730 -0.321695566 -0.076609924 -0.943738759 0.985062599
-0.948080659 0.012850787 0.317770272 7.090380192 -0.013391877 0.996683836 -0.080261603 -0.613799095 -0.317747891 -0.080350019 -0.944764555 0.938628912
-0.948684156 0.013765587 0.315925568 7.105975151 -0.013098425 0.996483982 -0.082751960 -0.617936134 -0.315953910 -0.082643598 -0.945168257 0.891060233
-0.949016511 0.014488098 0.314893275 7.127252102 -0.012801243 0.996347845 -0.084421560 -0.624090970 -0.314966351 -0.084148474 -0.945365131 0.828773499
-0.948597252 0.017592076 0.315996379 7.142173767 -0.009881425 0.996320784 -0.085130230 -0.629118204 -0.316331446 -0.083876811 -0.944933414 0.781014681
-0.947945297 0.018172164 0.317914307 7.157360554 -0.010221503 0.996119380 -0.087416872 -0.633412242 -0.318269163 -0.086115964 -0.944080889 0.735094070
-0.948066056 0.018401802 0.317540884 7.179617405 -0.010600204 0.995942593 -0.089364335 -0.639345467 -0.317896932 -0.088089295 -0.944024265 0.673720837
-0.947586417 0.020145694 0.318863928 7.195519447 -0.008751689 0.995998979 -0.088934712 -0.644107461 -0.319379777 -0.087063938 -0.943618774 0.627804041
-0.946777582 0.020376414 0.321243137 7.210827827 -0.008771128 0.995990753 -0.089026108 -0.648319423 -0.321769178 -0.087105587 -0.942802846 0.585325360
-0.945544004 0.017200150 0.325039655 7.232939243 -0.012522999 0.995940983 -0.089131877 -0.655467629 -0.325253338 -0.088348560 -0.941490710 0.520691156
-0.943818331 0.014502636 0.330146343 7.248769760 -0.015477568 0.996000171 -0.087999262 -0.659317195 -0.330102086 -0.088165179 -0.939818799 0.475351334
-0.942132413 0.014093844 0.334944516 7.266380787 -0.015068559 0.996325672 -0.084308401 -0.664277434 -0.334902018 -0.084476806 -0.938458383 0.429680705
-0.939469993 0.010893597 0.342457891 7.287436008 -0.017934483 0.996560812 -0.080900565 -0.670495749 -0.342161417 -0.082145482 -0.936043680 0.369473696
-0.936281383 0.013520038 0.350990474 7.303098679 -0.015882643 0.996607244 -0.080756605 -0.674737215 -0.350891471 -0.081185549 -0.932890236 0.323769331
-0.933495820 0.013319943 0.358340949 7.321131706 -0.017034726 0.996534407 -0.081418626 -0.678993583 -0.358183593 -0.082108185 -0.930033803 0.280248165
-0.929859877 0.015831003 0.367573202 7.344698429 -0.016213993 0.996339977 -0.083928272 -0.684340477 -0.367556602 -0.084001370 -0.926199734 0.221101761
-0.925811410 0.016626662 0.377620071 7.362142563 -0.015955679 0.996422470 -0.082991146 -0.688422561 -0.377649099 -0.082859337 -0.922233999 0.178294182
-0.921348214 0.017961733 0.388323277 7.382247925 -0.016414559 0.996243358 -0.085026503 -0.692826390 -0.388391852 -0.084713176 -0.917592168 0.133626699
-0.914701641 0.021733629 0.403544933 7.407193184 -0.014006649 0.996248126 -0.085403115 -0.698551178 -0.403886944 -0.083770700 -0.910965323 0.072898388
-0.910217941 0.021123108 0.413590819 7.421738625 -0.015988436 0.996161342 -0.086063266 -0.701481104 -0.413821161 -0.084948994 -0.906386018 0.046405792
-0.902709305 0.023080371 0.429631591 7.451987267 -0.013853448 0.996483147 -0.082640179 -0.708337009 -0.430028021 -0.080551937 -0.899214864 -0.022011280
-0.896367848 0.025175052 0.442595840 7.473539829 -0.013223769 0.996423542 -0.083458453 -0.712634802 -0.443114072 -0.080662258 -0.892829001 -0.064946413
-0.889500499 0.028210562 0.456062466 7.499643803 -0.010407055 0.996582687 -0.081943206 -0.717938423 -0.456815630 -0.077634826 -0.886167109 -0.116584539
-0.882416368 0.029886408 0.469519019 7.522246361 -0.008734944 0.996767521 -0.079863973 -0.721982121 -0.470388174 -0.074574508 -0.879302859 -0.158410311
-0.874592602 0.031315014 0.483846098 7.549644470 -0.006659950 0.997042060 -0.076568007 -0.727589190 -0.484812796 -0.070188209 -0.871797144 -0.209014177
-0.867098272 0.034615260 0.496932656 7.572937012 -0.003818261 0.997091413 -0.076117739 -0.730993509 -0.498122275 -0.067898989 -0.864444375 -0.248824835
-0.857255936 0.038120262 0.513477445 7.601328850 0.000662343 0.997336328 -0.072935864 -0.736711383 -0.514890075 -0.062184598 -0.854997873 -0.298519611
-0.846682668 0.040962204 0.530519247 7.624882698 0.003681320 0.997459531 -0.071140170 -0.740849614 -0.532085538 -0.058280129 -0.844682515 -0.337670326
-0.835609078 0.044103727 0.547551155 7.655798912 0.006550168 0.997500777 -0.070349827 -0.745369077 -0.549285293 -0.055198412 -0.833809793 -0.385616541
-0.824230194 0.045480438 0.564425588 7.681418419 0.007548617 0.997563124 -0.069358677 -0.749130726 -0.566204548 -0.052906886 -0.822565079 -0.423733950
-0.812746048 0.048702795 0.580578923 7.713394165 0.010508260 0.997563124 -0.068971805 -0.753336251 -0.582523346 -0.049955681 -0.811277390 -0.468269825
-0.798807800 0.054206014 0.599139273 7.740958214 0.015244866 0.997436285 -0.069915861 -0.755234540 -0.601393223 -0.046715524 -0.797586322 -0.506877899
-0.786565602 0.052589118 0.615263343 7.774337292 0.014755192 0.997682989 -0.066412807 -0.760950863 -0.617330492 -0.043159690 -0.785519183 -0.548237085
-0.771880209 0.053694099 0.633496583 7.804061413 0.016283525 0.997769892 -0.064728737 -0.764740825 -0.635559499 -0.039647277 -0.771033168 -0.583584309
-0.755747557 0.057239976 0.652356744 7.838221073 0.017793382 0.997599602 -0.066919334 -0.767722428 -0.654621363 -0.038966492 -0.754952013 -0.623601913
-0.738600969 0.060500041 0.671422720 7.868804932 0.018563505 0.997412384 -0.069453217 -0.770953715 -0.673887372 -0.038834255 -0.737812877 -0.657446861
-0.721956789 0.060472582 0.689290583 7.906107903 0.017213387 0.997434914 -0.069477431 -0.775599897 -0.691724002 -0.038294673 -0.721145928 -0.695460796
-0.704011202 0.061254427 0.707542360 7.937316895 0.016569996 0.997418880 -0.069862746 -0.778547168 -0.709995449 -0.037460189 -0.703209162 -0.725183249
-0.683156192 0.060101759 0.727794945 7.976190567 0.015015332 0.997552812 -0.068284184 -0.783605635 -0.730117917 -0.035720684 -0.682386935 -0.763809443
