0.999996006 -0.002410236 -0.001465589 -0.000104042 0.002414732 0.999992371 0.003073606 -0.000835325 0.001458168 -0.003077134 0.999994218 0.062331118
0.999994636 -0.002763735 -0.001728055 -0.001279439 0.002770737 0.999987900 0.004061820 -0.001688711 0.001716808 -0.004066587 0.999990284 0.117987193
0.999989986 -0.001772847 -0.004137814 -0.001304632 0.001786990 0.999992490 0.003416606 -0.001918864 0.004131727 -0.003423965 0.999985576 0.186585665
0.999983966 -0.000914451 -0.005571108 -0.002045148 0.000933428 0.999993801 0.003404653 -0.002664071 0.005567960 -0.003409800 0.999978662 0.248290867
0.999975979 -0.000863413 -0.006876196 -0.003112697 0.000887491 0.999993384 0.003499245 -0.003312267 0.006873128 -0.003505265 0.999970257 0.309832960
0.999965489 -0.001172644 -0.008217660 -0.003952577 0.001205093 0.999991417 0.003944758 -0.003965069 0.008212962 -0.003954526 0.999958456 0.368636966
0.999943912 -0.002641461 -0.010257219 -0.004621997 0.002674297 0.999991357 0.003188873 -0.004716204 0.010248709 -0.003216126 0.999942303 0.432316154
0.999920309 -0.004849599 -0.011659232 -0.005693718 0.004890428 0.999981999 0.003475929 -0.005407567 0.011642169 -0.003532671 0.999925971 0.490829259
0.999912143 -0.003692689 -0.012725683 -0.006379170 0.003736705 0.999987125 0.003436743 -0.006113192 0.012712837 -0.003483993 0.999913037 0.554615140
0.999896467 -0.003367821 -0.013983744 -0.007569468 0.003414242 0.999988735 0.003297129 -0.006889417 0.013972489 -0.003344532 0.999896765 0.612671912
0.999898970 -0.001807592 -0.014098767 -0.009060685 0.001863165 0.999990523 0.003929575 -0.007312405 0.014091533 -0.003955447 0.999892890 0.675372303
0.999878824 -0.002213392 -0.015407223 -0.009482656 0.002281592 0.999987602 0.004410293 -0.007900438 0.015397274 -0.004444914 0.999871552 0.732463300
0.999883056 0.000588453 -0.015282016 -0.011505473 -0.000501692 0.999983668 0.005680528 -0.008612246 0.015285108 -0.005672197 0.999867082 0.797344267
0.999889970 0.001645669 -0.014743313 -0.013071541 -0.001564134 0.999983370 0.005540121 -0.009276262 0.014752181 -0.005516451 0.999876022 0.849914372
0.999865949 0.001545959 -0.016297538 -0.013711553 -0.001459702 0.999984860 0.005303251 -0.009216676 0.016305486 -0.005278752 0.999853134 0.916299820
0.999860764 0.001566891 -0.016610522 -0.014586796 -0.001472006 0.999982595 0.005723043 -0.009625800 0.016619196 -0.005697796 0.999845684 0.972101152
0.999868274 0.002339307 -0.016063897 -0.015800200 -0.002234011 0.999975860 0.006569623 -0.009835085 0.016078876 -0.006532871 0.999849379 1.027820110
0.999857545 0.003564675 -0.016496833 -0.016884910 -0.003466501 0.999976099 0.005975870 -0.010878758 0.016517743 -0.005917834 0.999846041 1.094319701
0.999857545 0.004007694 -0.016394928 -0.018503793 -0.003956900 0.999987185 0.003129424 -0.010790838 0.016407264 -0.003064106 0.999860704 1.147490859
0.999876440 0.002331503 -0.015542232 -0.019273797 -0.002286412 0.999993086 0.002918348 -0.011516210 0.015548929 -0.002882451 0.999874949 1.202059388
0.999873877 0.001917498 -0.015756557 -0.020225154 -0.001819143 0.999978781 0.006254133 -0.012621137 0.015768213 -0.006224683 0.999856353 1.268674970
0.999882042 0.000207796 -0.015349855 -0.021855120 -0.000095994 0.999973536 0.007283970 -0.013093368 0.015350963 -0.007281639 0.999855638 1.322743297
0.999875486 -0.000845084 -0.015751315 -0.022106202 0.000965254 0.999970496 0.007623140 -0.013985807 0.015744412 -0.007637396 0.999846935 1.374656200
0.999893844 -0.000107877 -0.014565590 -0.023736933 0.000177837 0.999988437 0.004801901 -0.013798550 0.014564905 -0.004803982 0.999882340 1.438933253
0.999907136 0.001307784 -0.013565335 -0.025549773 -0.001258231 0.999992549 0.003660827 -0.014000075 0.013570024 -0.003643419 0.999901235 1.489675760
0.999907911 0.001244479 -0.013511302 -0.026012387 -0.001196920 0.999993086 0.003527514 -0.015392106 0.013515598 -0.003511018 0.999902487 1.540849209
0.999931931 0.001837633 -0.011523246 -0.027477570 -0.001789057 0.999989390 0.004224365 -0.015714852 0.011530888 -0.004203461 0.999924719 1.603130937
0.999946356 0.003024946 -0.009908281 -0.028350536 -0.002961653 0.999975085 0.006396281 -0.016477870 0.009927384 -0.006366593 0.999930441 1.651430488
0.999964952 0.002247553 -0.008065425 -0.028880130 -0.002185239 0.999967635 0.007726546 -0.016999021 0.008082530 -0.007708650 0.999937594 1.700077295
0.999977469 0.002028820 -0.006381083 -0.029163945 -0.001978780 0.999967277 0.007838409 -0.017351465 0.006396777 -0.007825608 0.999948859 1.760642767
0.999994636 0.001558171 -0.002839067 -0.029517956 -0.001538113 0.999973893 0.007053436 -0.017636279 0.002849984 -0.007049032 0.999971032 1.806841135
0.999998689 0.001298301 0.000944818 -0.029681586 -0.001303499 0.999983847 0.005522119 -0.018265186 -0.000937634 -0.005523345 0.999984264 1.852633715
0.999988198 0.001756123 0.004514894 -0.029467691 -0.001772288 0.999992013 0.003579036 -0.018445339 -0.004508574 -0.003586994 0.999983370 1.898559570
0.999965847 0.001108093 0.008190376 -0.029781289 -0.001145568 0.999988914 0.004572170 -0.019821625 -0.008185220 -0.004581399 0.999956012 1.959352255
0.999903560 0.001621342 0.013794489 -0.029458126 -0.001680085 0.999989569 0.004247878 -0.020295367 -0.013787460 -0.004270646 0.999895871 2.003671646
0.999792993 0.003388172 0.020057034 -0.028910834 -0.003446287 0.999989986 0.002863634 -0.020521184 -0.020047128 -0.002932165 0.999794722 2.045507431
0.999597847 0.004155263 0.028051049 -0.028004106 -0.004252582 0.999985218 0.003410618 -0.021555752 -0.028036460 -0.003528537 0.999600649 2.089614868
0.999322534 0.006008816 0.036307644 -0.026733883 -0.006168008 0.999971807 0.004274118 -0.021769591 -0.036280941 -0.004495169 0.999331534 2.152728796
0.998870373 0.008393785 0.046768300 -0.025075026 -0.008621777 0.999951899 0.004675372 -0.022281185 -0.046726812 -0.005073317 0.998894870 2.194493771
0.998140991 0.010629274 0.060011543 -0.023091793 -0.010940414 0.999928355 0.004858467 -0.023094181 -0.059955604 -0.005505987 0.998185873 2.237042904
0.997144163 0.013067675 0.074383020 -0.020050794 -0.013462558 0.999897778 0.004809856 -0.023120781 -0.074312575 -0.005797505 0.997218192 2.276928425
0.995746553 0.015066872 0.090895168 -0.016257003 -0.015730666 0.999854505 0.006590818 -0.023758134 -0.090782650 -0.007992626 0.995838583 2.335910559
0.993995130 0.015480308 0.108324885 -0.012310714 -0.016367601 0.999839246 0.007306613 -0.024181688 -0.108194374 -0.009035754 0.994088650 2.374960899
0.991676450 0.014562574 0.127929121 -0.007656366 -0.015524680 0.999858141 0.006526643 -0.024833605 -0.127815932 -0.008458376 0.991761744 2.415420055
0.988801479 0.013864052 0.148592740 -0.002509743 -0.014825747 0.999875724 0.005366256 -0.025169970 -0.148499861 -0.007509160 0.988883853 2.454414606
0.985505342 0.011068328 0.169282809 0.006195098 -0.012171098 0.999910891 0.005478054 -0.026115015 -0.169207126 -0.007459008 0.985552311 2.511279821
0.981546044 0.006662595 0.191110149 0.013784915 -0.008176602 0.999941051 0.007134677 -0.026082108 -0.191051409 -0.008565644 0.981542647 2.549871922
0.976686776 0.001054616 0.214666754 0.020986140 -0.003089100 0.999953449 0.009142151 -0.027128527 -0.214647159 -0.009592146 0.976644635 2.586958408
0.971238911 -0.004162146 0.238070697 0.030172110 0.002217937 0.999961972 0.008433805 -0.027382150 -0.238096774 -0.007663212 0.971211195 2.622211933
0.964593709 -0.010276236 0.263539970 0.043897271 0.009019924 0.999941468 0.005976593 -0.027000122 -0.263586015 -0.003387873 0.964629889 2.675744057
0.956866682 -0.013767612 0.290201157 0.054458439 0.012366432 0.999901354 0.006661683 -0.027289102 -0.290264308 -0.002785590 0.956942439 2.712234497
0.948376954 -0.016521050 0.316714674 0.066021323 0.014341445 0.999854684 0.009211930 -0.027779732 -0.316820890 -0.004194234 0.948476076 2.745240211
0.938335061 -0.020842485 0.345098406 0.078048527 0.017731640 0.999768734 0.012168834 -0.028265759 -0.345272243 -0.005299281 0.938487589 2.779644251
0.927322388 -0.023576202 0.373520195 0.096129835 0.020921756 0.999718726 0.011159663 -0.027959349 -0.373678237 -0.002533907 0.927554905 2.827214241
0.915184677 -0.022750698 0.402392089 0.110688090 0.021669334 0.999738932 0.007239998 -0.028091243 -0.402451694 0.002093631 0.915438771 2.859510660
0.901596785 -0.023340428 0.431947410 0.125279427 0.024999831 0.999685645 0.001836640 -0.028132811 -0.431854546 0.009142704 0.901896894 2.892193079
0.887555897 -0.025823191 0.459975868 0.142045736 0.028801512 0.999584973 0.000542468 -0.029826576 -0.459798932 0.012766528 0.887931228 2.922116280
0.871851921 -0.026258780 0.489064932 0.159401774 0.028088110 0.999598861 0.003597840 -0.030157354 -0.488963217 0.010600125 0.872239947 2.952469826
0.854682505 -0.025655108 0.518516719 0.186805010 0.024877232 0.999654710 0.008455104 -0.029900188 -0.518554568 0.005672831 0.855025709 2.997979403
0.835060060 -0.025588278 0.549563468 0.205994844 0.022890588 0.999668658 0.011763492 -0.029889058 -0.549682379 0.002756607 0.835369229 3.026655912
0.813656628 -0.019333094 0.581024230 0.224546909 0.018626366 0.999800622 0.007183479 -0.030382486 -0.581047177 0.004977485 0.813854635 3.053818464
0.791460931 -0.012866681 0.611084521 0.245746374 0.016619842 0.999861836 -0.000473017 -0.030224213 -0.610993981 0.010530503 0.791565359 3.082226515
0.769552886 -0.010466714 0.638497353 0.275600672 0.015752770 0.999872506 -0.002595482 -0.030635243 -0.638388693 0.012055460 0.769619644 3.118309259
0.746108294 -0.013093712 0.665695786 0.298157573 0.016826537 0.999858022 0.000807329 -0.031200504 -0.665611982 0.010598999 0.746222854 3.143801689
0.721358597 -0.013407316 0.692432046 0.321840048 0.017006464 0.999853909 0.001642910 -0.031978071 -0.692352891 0.010590691 0.721481204 3.168910980
0.695804477 -0.011096029 0.718145430 0.345822692 0.018182727 0.999832213 -0.002168712 -0.031546306 -0.718001068 0.014566841 0.695889592 3.192726135
0.669342995 -0.008762699 0.742901802 0.380397916 0.017843924 0.999831557 -0.004283858 -0.032363959 -0.742739141 0.016123654 0.669386685 3.225004911
0.642390907 -0.006150924 0.766352534 0.406230211 0.015982090 0.999857843 -0.005371807 -0.032692671 -0.766210556 0.015698718 0.642397761 3.246521950
0.614056587 -0.004264261 0.789250433 0.433114171 0.015762981 0.999852121 -0.006861868 -0.033238932 -0.789104521 0.016654518 0.614032984 3.267922401
0.584684789 0.001958539 0.811258197 0.460399747 0.015064243 0.999798417 -0.013270719 -0.033663943 -0.811120689 0.019980177 0.584537446 3.288982868
0.555024862 0.011194263 0.831758440 0.488935471 0.013660411 0.999651968 -0.022569332 -0.034874436 -0.831721723 0.023888703 0.554678738 3.307504177
0.523580372 0.019353660 0.851756275 0.531436801 0.013499992 0.999427974 -0.031007599 -0.035893440 -0.851869345 0.027733684 0.523019731 3.336249352
0.491554201 0.024587132 0.870499790 0.561134219 0.011398177 0.999334097 -0.034662366 -0.036506884 -0.870772481 0.026960542 0.490946621 3.353896141
0.459327459 0.023577195 0.887953997 0.592627287 0.009210002 0.999467492 -0.031302355 -0.038689233 -0.888219297 0.022556093 0.458865821 3.370073795
0.425364465 0.022448257 0.904743731 0.632597208 0.004036966 0.999635279 -0.026700657 -0.040521994 -0.905013084 0.015009928 0.425118715 3.390325069
0.391133100 0.023516927 0.920033634 0.665111065 0.000003064 0.999673426 -0.025553893 -0.041846123 -0.920334041 0.009997793 0.391005278 3.404567480
0.355728954 0.026760029 0.934206009 0.698127389 -0.006794991 0.999637544 -0.026046883 -0.042854600 -0.934564412 0.002917710 0.355781913 3.417546511
0.319755346 0.028485928 0.947071850 0.741512716 -0.011251606 0.999591589 -0.026266791 -0.044243116 -0.947433352 -0.002257132 0.319945276 3.433432341
0.283474475 0.027798383 0.958576798 0.776578128 -0.013961420 0.999593437 -0.024859123 -0.045601148 -0.958878160 -0.006336167 0.283747375 3.444320202
0.247366369 0.027356626 0.968535781 0.812081218 -0.014630949 0.999592900 -0.024497064 -0.046913091 -0.968811512 -0.008110847 0.247665882 3.453427553
0.211357534 0.026987754 0.977036119 0.857177675 -0.013174715 0.999606550 -0.024761172 -0.048039410 -0.977320075 -0.007638711 0.211629957 3.463963747
0.175348639 0.025864942 0.984166563 0.892872214 -0.011615440 0.999639571 -0.024202069 -0.049219605 -0.984437943 -0.007187728 0.175585881 3.470881939
0.140943751 0.024482161 0.989714861 0.930055737 -0.002673063 0.999699891 -0.024348490 -0.050561205 -0.990014017 0.000786202 0.140966922 3.475869417
0.107497759 0.028082557 0.993808568 0.976912439 -0.000422274 0.999602139 -0.028200595 -0.052299418 -0.994205236 0.002611841 0.107466884 3.480932474
0.074995920 0.032655854 0.996648908 1.014080524 0.000327866 0.999462783 -0.032772716 -0.053924743 -0.997183740 0.002784588 0.074944943 3.483757257
0.045872308 0.036973514 0.998262763 1.059347272 0.007212405 0.999276519 -0.037342474 -0.055457499 -0.998921275 0.008912861 0.045572463 3.485759020
0.020671986 0.035029247 0.999172390 1.096646786 0.009383739 0.999335229 -0.035229091 -0.057113990 -0.999742329 0.010104230 0.020329544 3.486203194
-0.001834381 0.032302275 0.999476433 1.142749190 0.010915420 0.999419212 -0.032280400 -0.058683060 -0.999938726 0.010850491 -0.002185907 3.486577988
-0.020929256 0.029737331 0.999338567 1.180460095 0.011283725 0.999500871 -0.029505841 -0.060182270 -0.999717295 0.010658726 -0.021254357 3.486152172
-0.037451942 0.032998092 0.998753369 1.226544499 0.013641089 0.999378443 -0.032507207 -0.061939634 -0.999205291 0.012406625 -0.037878789 3.484430552
-0.052113030 0.037608292 0.997932732 1.264412761 0.015728738 0.999197662 -0.036834590 -0.063323766 -0.998517275 0.013776661 -0.052662745 3.482377291
-0.064210892 0.042722851 0.997021377 1.302351594 0.020181680 0.998934448 -0.041505072 -0.065068610 -0.997732222 0.017456491 -0.065004684 3.480086088
-0.072477601 0.046575766 0.996281922 1.353692055 0.026443871 0.998647571 -0.044762623 -0.066842042 -0.997019410 0.023101261 -0.073611230 3.475725174
-0.078300983 0.051312130 0.995608449 1.390742779 0.030551614 0.998328984 -0.049049575 -0.069410875 -0.996461511 0.026576813 -0.079737797 3.472204208
-0.082382068 0.057096802 0.994963825 1.430966139 0.031892929 0.997997284 -0.054630160 -0.070947364 -0.996090412 0.027231762 -0.084038056 3.469903469
-0.084678181 0.060876656 0.994546950 1.479359746 0.034630883 0.997708619 -0.058121629 -0.073855050 -0.995806277 0.029520409 -0.086592384 3.465244055
-0.086950973 0.063448980 0.994190037 1.517360210 0.035182025 0.997542799 -0.060585979 -0.076985188 -0.995591104 0.029709611 -0.088969588 3.461599350
-0.089430295 0.067268826 0.993718863 1.556122065 0.036356807 0.997272134 -0.064237408 -0.079269975 -0.995329201 0.030383671 -0.091632023 3.458408833
-0.091614909 0.070680894 0.993282914 1.607200503 0.037195243 0.997024596 -0.067516454 -0.083186559 -0.995099664 0.030759882 -0.093971312 3.453502178
-0.094057664 0.071842603 0.992971122 1.645327330 0.040023290 0.996859431 -0.068332769 -0.086260304 -0.994762063 0.033314746 -0.096637636 3.450038433
-0.096316174 0.070462644 0.992853642 1.684195161 0.039242670 0.996984363 -0.066948883 -0.089198463 -0.994576991 0.032513961 -0.098790869 3.446042299
-0.097763121 0.070158832 0.992733657 1.735547304 0.039670072 0.996993899 -0.066553243 -0.093316548 -0.994418740 0.032875367 -0.100252442 3.440305471
-0.099898472 0.071610458 0.992417395 1.774327159 0.040475387 0.996873617 -0.067857675 -0.096206881 -0.994174004 0.033389606 -0.102484621 3.436094761
-0.103879541 0.073295504 0.991885543 1.810942411 0.039190717 0.996807933 -0.069554843 -0.099343553 -0.993817389 0.031647388 -0.106420457 3.434124947
-0.105373569 0.075806886 0.991539061 1.864648938 0.036694568 0.996707499 -0.072302394 -0.102939293 -0.993755460 0.028765341 -0.107808352 3.427304029
-0.107651152 0.079182990 0.991030335 1.904992700 0.034652945 0.996516347 -0.075857118 -0.106287859 -0.993584633 0.026176022 -0.110020079 3.422953606
-0.110412650 0.083324328 0.990386784 1.944305182 0.031533841 0.996271491 -0.080303892 -0.109436609 -0.993385553 0.022364143 -0.112628512 3.419702768
-0.112860225 0.086123928 0.989871264 1.995998025 0.028625192 0.996104717 -0.083402567 -0.113809720 -0.993198574 0.018922426 -0.114885911 3.413606167
-0.115380816 0.084563889 0.989715278 2.036607742 0.027314072 0.996262968 -0.081939101 -0.117321447 -0.992945731 0.017578958 -0.117259413 3.408742905
-0.118380837 0.079887778 0.989749372 2.077369928 0.024895342 0.996683776 -0.077469848 -0.121112667 -0.992656171 0.015469206 -0.119977102 3.404168129
-0.120359220 0.078885540 0.989591122 2.130682945 0.024504475 0.996770144 -0.076477453 -0.125168800 -0.992427945 0.015044649 -0.121903524 3.397359848
-0.121825941 0.078848466 0.989414573 2.171069860 0.024226818 0.996778846 -0.076452293 -0.128901288 -0.992255807 0.014656499 -0.123343758 3.391777039
-0.123036005 0.082007624 0.989007950 2.211792469 0.025401801 0.996513546 -0.079469904 -0.132135689 -0.992077112 0.015344928 -0.124690183 3.386632919
-0.124006078 0.084756255 0.988654971 2.252765894 0.026121510 0.996279061 -0.082133442 -0.135417521 -0.991937637 0.015640117 -0.125758603 3.381871462
-0.124284007 0.085304879 0.988572896 2.309675932 0.024991767 0.996250629 -0.082825415 -0.140689701 -0.991931915 0.014412319 -0.125949949 3.374928474
-0.124161214 0.083919860 0.988706827 2.351716518 0.022208473 0.996402562 -0.081784129 -0.144238204 -0.992013514 0.011803258 -0.125578299 3.369591236
-0.124723151 0.083161026 0.988700271 2.391862154 0.016623046 0.996516585 -0.081721485 -0.147793978 -0.992052317 0.006242653 -0.125671074 3.365782261
-0.124633044 0.084337361 0.988611996 2.445644855 0.014772924 0.996428192 -0.083141744 -0.152583182 -0.992092967 0.004242479 -0.125433773 3.358851433
-0.125121430 0.084441237 0.988541484 2.488008738 0.010191680 0.996428430 -0.083824947 -0.156606436 -0.992089093 -0.000413400 -0.125535131 3.354382277
-0.125147432 0.084199488 0.988558829 2.530404329 0.006629869 0.996441066 -0.084031530 -0.160131201 -0.992116094 -0.003962316 -0.125260264 3.348692417
-0.125359476 0.079319887 0.988935411 2.583391428 0.007535479 0.996846259 -0.078999177 -0.164016560 -0.992082834 -0.002451191 -0.125561833 3.342135429
-0.125719890 0.070337385 0.989569187 2.625178814 0.011464919 0.997519791 -0.069445960 -0.167614788 -0.991999626 0.002614594 -0.126214474 3.336995840
-0.125776157 0.065060280 0.989922881 2.667031765 0.016281087 0.997848153 -0.063512526 -0.170941159 -0.991925120 0.008128663 -0.126564756 3.331102848
-0.124673836 0.068104438 0.989857793 2.721954346 0.024133790 0.997554481 -0.065594330 -0.174717426 -0.991904199 0.015711127 -0.126012564 3.323724508
-0.122757286 0.074130237 0.989664376 2.764389992 0.029519362 0.997037888 -0.071020991 -0.177489787 -0.991997600 0.020495921 -0.124581963 3.317865849
-0.121807359 0.080239005 0.989305139 2.806840181 0.034702498 0.996461868 -0.076546751 -0.180358469 -0.991946936 0.025007408 -0.124160893 3.312465429
-0.121666186 0.084126793 0.988999426 2.861964464 0.033765353 0.996175706 -0.080583423 -0.185341507 -0.991996586 0.023589639 -0.124041453 3.305462122
-0.121642150 0.081637688 0.989211023 2.905266523 0.030630829 0.996445835 -0.078468144 -0.188376784 -0.992101312 0.020755317 -0.123710446 3.300172806
-0.120311178 0.077328265 0.989719868 2.945929527 0.031355001 0.996760249 -0.074066788 -0.191024959 -0.992240906 0.022121606 -0.122346014 3.293245316
-0.120466620 0.074980110 0.989881635 3.001793385 0.027723469 0.997008622 -0.072146066 -0.196004182 -0.992330194 0.018751768 -0.122184969 3.287228823
-0.119184375 0.076207548 0.989943147 3.041740656 0.027286533 0.996924818 -0.073459841 -0.199186832 -0.992497146 0.018256858 -0.120897301 3.282046318
-0.120088741 0.081038110 0.989450097 3.092970610 0.026465211 0.996569872 -0.078409187 -0.203117192 -0.992410302 0.016769949 -0.121821508 3.276130915
-0.119338326 0.082976229 0.989380240 3.134143114 0.025496939 0.996429145 -0.080491982 -0.206771672 -0.992526174 0.015620396 -0.121027820 3.271076202
-0.119567133 0.081642836 0.989463449 3.175919533 0.025767155 0.996532619 -0.079112418 -0.210436493 -0.992491663 0.016036419 -0.121256247 3.266518831
-0.118426159 0.075815849 0.990064263 3.233040333 0.027494503 0.996948838 -0.073054336 -0.214792252 -0.992582142 0.018569781 -0.120149352 3.259306431
-0.119223915 0.075546004 0.989989161 3.275949717 0.027766762 0.996964753 -0.072734378 -0.217290819 -0.992479026 0.018817114 -0.120959714 3.254939318
-0.119025178 0.077040687 0.989897788 3.317615986 0.024278903 0.996912837 -0.074667357 -0.221349597 -0.992594361 0.015146337 -0.120528206 3.250023127
-0.118322238 0.079416431 0.989794314 3.373970747 0.023566753 0.996740341 -0.077156521 -0.226980925 -0.992695510 0.014196909 -0.119808152 3.242296219
-0.118015580 0.078464702 0.989906788 3.417243719 0.023389114 0.996816278 -0.076223955 -0.230429024 -0.992736161 0.014157438 -0.119475067 3.237190247
-0.117713779 0.075927593 0.990140676 3.460837364 0.022861267 0.997015536 -0.073736899 -0.233469635 -0.992784262 0.013956024 -0.119098283 3.231896639
-0.118195571 0.075219035 0.990137279 3.506280184 0.021953229 0.997081101 -0.073125914 -0.237111107 -0.992747605 0.013093559 -0.119501874 3.227820635
-0.116262048 0.074743047 0.990402222 3.564887762 0.023810187 0.997087598 -0.072452523 -0.242147803 -0.992933095 0.015158186 -0.117703095 3.220103979
-0.115519598 0.076663598 0.990342319 3.610129118 0.025479343 0.996917844 -0.074200541 -0.244351238 -0.992978334 0.016661659 -0.117116898 3.215239525
-0.114482269 0.075229913 0.990572691 3.654461622 0.025137899 0.997028589 -0.072814986 -0.248441905 -0.993107140 0.016564898 -0.116033226 3.210250616
-0.112933546 0.074710540 0.990789711 3.710041046 0.026983019 0.997031927 -0.072105601 -0.253769100 -0.993236125 0.018591363 -0.114614271 3.203211784
-0.112070888 0.073894650 0.990948856 3.754766941 0.026743107 0.997094274 -0.071328409 -0.256666511 -0.993340433 0.018507214 -0.113721430 3.198392868
-0.110191502 0.072609402 0.991254628 3.799756527 0.026442911 0.997189105 -0.070104606 -0.260313034 -0.993558645 0.018486725 -0.111801773 3.192720413
-0.109116286 0.071593858 0.991447330 3.856611967 0.026752096 0.997253060 -0.069068834 -0.264473438 -0.993668973 0.018986765 -0.110731840 3.186937809
-0.107239701 0.072515562 0.991585076 3.901608944 0.025137303 0.997215569 -0.070208721 -0.267931521 -0.993915379 0.017396614 -0.108763948 3.182107449
-0.106092185 0.075430147 0.991491079 3.946677685 0.025201859 0.997002304 -0.073152743 -0.271141946 -0.994036973 0.017226487 -0.107675135 3.177100897
-0.104616165 0.073981829 0.991757095 4.005105019 0.023844345 0.997129083 -0.071867332 -0.275853813 -0.994226754 0.016129315 -0.106079862 3.170883417
-0.103828937 0.072674677 0.991936505 4.052281857 0.019321248 0.997285903 -0.071044207 -0.279518545 -0.994407475 0.011789007 -0.104951300 3.165803194
-0.103907056 0.073390014 0.991875648 4.105161667 0.018104618 0.997248173 -0.071890913 -0.283641160 -0.994422197 0.010487551 -0.104949817 3.160705566
-0.103335656 0.073023655 0.991962373 4.150520802 0.015218519 0.997300744 -0.071831264 -0.287124097 -0.994530082 0.007673463 -0.104168028 3.155731678
-0.105161667 0.070808835 0.991930962 4.205132008 0.013279129 0.997472882 -0.069796644 -0.291017860 -0.994366467 0.005832050 -0.105836183 3.150416374
-0.106251344 0.069132358 0.991933107 4.251379013 0.010627243 0.997602165 -0.068389133 -0.294596136 -0.994282484 0.003275079 -0.106731258 3.145613194
-0.107685141 0.068271458 0.991838157 4.306251049 0.008749044 0.997665823 -0.067722730 -0.298742235 -0.994146526 0.001384903 -0.108031087 3.139645576
-0.108845241 0.069284312 0.991641283 4.352255821 0.009420405 0.997595191 -0.068666317 -0.301785767 -0.994013965 0.001867660 -0.109236181 3.134687424
-0.111562803 0.067652337 0.991451800 4.407282829 0.007837953 0.997708917 -0.067197315 -0.305532277 -0.993726492 0.000274231 -0.111837476 3.128751993
-0.114411555 0.063123621 0.991425872 4.454628944 0.004757490 0.998002648 -0.062993355 -0.308471113 -0.993422031 -0.002490467 -0.114483356 3.123102665
-0.119306542 0.063010171 0.990856051 4.507823467 0.004874356 0.998009324 -0.062878147 -0.312360615 -0.992845535 -0.002671991 -0.119376160 3.117563963
-0.124342568 0.068843044 0.989848256 4.554202557 -0.000440541 0.997586191 -0.069436550 -0.315635949 -0.992239237 -0.009069989 -0.124012105 3.112014055
-0.131612957 0.071643151 0.988708854 4.607941151 0.000143895 0.997386336 -0.072252780 -0.320171922 -0.991301179 -0.009367133 -0.131279275 3.105310440
-0.140478179 0.067968190 0.987747967 4.653656483 0.001049524 0.997650445 -0.068500347 -0.323497087 -0.990083277 -0.008586138 -0.140219450 3.098967552
-0.151982486 0.065095201 0.986237288 4.707603455 0.004070765 0.997861564 -0.065235138 -0.328409225 -0.988374829 -0.005899858 -0.151922449 3.091361523
-0.165443659 0.066451021 0.983977973 4.753409386 0.003855761 0.997763336 -0.066733696 -0.331483394 -0.986211777 -0.007246684 -0.165329844 3.084545612
-0.179005653 0.066073395 0.981626868 4.805827618 0.006661413 0.997800827 -0.065947331 -0.336062402 -0.983825505 -0.005265926 -0.179052144 3.074806690
-0.193253145 0.064619929 0.979018748 4.850596428 0.007990361 0.997899354 -0.064288884 -0.339237064 -0.981116474 -0.004601319 -0.193363562 3.065891981
-0.208801344 0.066834100 0.975671768 4.902990341 0.011342015 0.997760534 -0.065919928 -0.343233436 -0.977892399 -0.002698084 -0.209091768 3.055464983
-0.225316301 0.070108213 0.971759975 4.946058273 0.011272618 0.997528553 -0.069353573 -0.346289366 -0.974220455 -0.004672214 -0.225549728 3.047007561
-0.238925979 0.073660612 0.968239784 4.997169495 0.011311774 0.997262120 -0.073077202 -0.350966752 -0.970971942 -0.006507533 -0.239105016 3.033161402
-0.254507780 0.071914822 0.964393020 5.040792465 0.007869072 0.997352123 -0.072295912 -0.354157925 -0.967038751 -0.010810996 -0.254399806 3.021742821
-0.270900756 0.065895468 0.960349143 5.091591358 0.001930106 0.997689366 -0.067913160 -0.358702272 -0.962605298 -0.016544146 -0.270401984 3.008309126
-0.286574602 0.061395608 0.956088662 5.133625031 -0.001547409 0.997913599 -0.064545237 -0.362332851 -0.958056569 -0.019976484 -0.285881728 2.996154785
-0.302052021 0.063380912 0.951182008 5.184546947 -0.003740762 0.997700751 -0.067668535 -0.365755320 -0.953284085 -0.023997566 -0.301120400 2.981225967
-0.316323131 0.065523297 0.946385980 5.226670265 -0.003121723 0.997534513 -0.070108011 -0.369031787 -0.948646426 -0.025131138 -0.315338671 2.967516899
-0.330326319 0.067630179 0.941440701 5.274979591 -0.002206597 0.997371614 -0.072422311 -0.373206288 -0.943864286 -0.026000371 -0.329308867 2.951030254
-0.344445705 0.066790588 0.936427355 5.315986633 -0.000270354 0.997458935 -0.071243115 -0.377042085 -0.938806295 -0.024792548 -0.343552411 2.936427832
-0.358263224 0.065567285 0.931315362 5.364839077 0.000318340 0.997539461 -0.070107177 -0.380940169 -0.933620572 -0.024820352 -0.357402533 2.917629719
-0.372728080 0.064592406 0.925689816 5.405548096 -0.000008922 0.997574151 -0.069611914 -0.384107053 -0.927940607 -0.025954572 -0.371823341 2.901393890
-0.387502223 0.065378092 0.919547617 5.453081608 -0.001538926 0.997434795 -0.071564235 -0.388515592 -0.921867430 -0.029146418 -0.386407554 2.881969452
-0.402644366 0.067686029 0.912850618 5.492927551 -0.000387271 0.997249544 -0.074114881 -0.391926885 -0.915356398 -0.030195458 -0.401510775 2.864945412
-0.417407215 0.069180988 0.906082451 5.532820702 0.000591824 0.997118354 -0.075859115 -0.395354956 -0.908719361 -0.031127898 -0.416245282 2.847054958
-0.431170195 0.071774445 0.899411321 5.582935810 0.003500498 0.996956527 -0.077880606 -0.400363296 -0.902263820 -0.030431407 -0.430109233 2.823032856
-0.446142673 0.075058736 0.891808808 5.622632980 0.002438690 0.996575177 -0.082656354 -0.403705120 -0.894958556 -0.034701675 -0.444797754 2.803381443
-0.461158901 0.077402376 0.883935153 5.668951988 0.004426856 0.996376216 -0.084938824 -0.408465058 -0.887306511 -0.035257250 -0.459830582 2.780189037
-0.476672381 0.073864020 0.875972331 5.708001137 0.002233396 0.996562243 -0.082817107 -0.412697583 -0.879078209 -0.037520245 -0.475198656 2.759129524
-0.492487937 0.070318267 0.867473960 5.747354031 0.000898320 0.996771216 -0.080289230 -0.416410506 -0.870318890 -0.038762204 -0.490960896 2.737246990
-0.508246958 0.069936790 0.858366907 5.796126842 -0.000736725 0.996661544 -0.081640773 -0.421377838 -0.861211061 -0.042126063 -0.506498575 2.709126472
-0.523786008 0.069516905 0.849008620 5.834106922 -0.001097222 0.996608615 -0.082279339 -0.425029516 -0.851849079 -0.044028323 -0.521933436 2.686000347
-0.539889216 0.068757825 0.838923037 5.880998611 -0.001742401 0.996564865 -0.082799390 -0.429258436 -0.841734290 -0.046164237 -0.537914753 2.656764030
-0.555505097 0.068363734 0.828697979 5.919088364 -0.002953110 0.996446073 -0.084181733 -0.433134258 -0.831507921 -0.049210630 -0.553329051 2.632031441
-0.571652472 0.068355709 0.817643404 5.957693100 -0.002584893 0.996368647 -0.085104488 -0.437078923 -0.820491850 -0.050763711 -0.569399893 2.606921196
-0.586234152 0.065196142 0.807514012 6.004040718 -0.003579548 0.996538401 -0.083056033 -0.442257315 -0.810133815 -0.051580817 -0.583971560 2.573155165
-0.601163566 0.062365212 0.796688676 6.041419029 -0.003017264 0.996765733 -0.080304123 -0.445916951 -0.799120307 -0.050679728 -0.599031270 2.545661449
-0.616196811 0.060191493 0.785288692 6.085753918 -0.002338665 0.996931195 -0.078248754 -0.450935841 -0.787588716 -0.050053153 -0.614164889 2.511676311
-0.630835116 0.058360420 0.773719013 6.120410919 -0.003591867 0.996937096 -0.078125961 -0.454712063 -0.775908649 -0.052063689 -0.628693163 2.483464956
-0.645654738 0.059507594 0.761307299 6.164873600 -0.004650158 0.996634126 -0.081845663 -0.459214538 -0.763615310 -0.056384254 -0.643204868 2.446923733
-0.660856247 0.058925387 0.748195708 6.199041367 -0.006475162 0.996428192 -0.084194653 -0.463171244 -0.750484586 -0.060485255 -0.658114374 2.417474985
-0.676741481 0.055278931 0.734142482 6.240692139 -0.008748460 0.996502936 -0.083098419 -0.468351603 -0.736168742 -0.062658757 -0.673891306 2.380638838
-0.693396270 0.047750033 0.718972564 6.275474548 -0.012331539 0.996869385 -0.078099214 -0.472218931 -0.720450997 -0.063019730 -0.690636575 2.349077940
-0.709870815 0.045154344 0.702882946 6.308987141 -0.013502045 0.996887147 -0.077677950 -0.476426244 -0.704202473 -0.064631663 -0.707051396 2.316004992
-0.727232456 0.042592920 0.685068369 6.352142334 -0.014836627 0.996864200 -0.077728048 -0.481495082 -0.686230838 -0.066690467 -0.724320054 2.272395134
-0.744236290 0.039148878 0.666768074 6.383757114 -0.017374439 0.996808290 -0.077920035 -0.485729933 -0.667690516 -0.069575645 -0.741180539 2.237289906
-0.760935605 0.036792662 0.647783339 6.403532028 -0.018038964 0.996805251 -0.077806287 -0.487555861 -0.648576617 -0.070890911 -0.757840931 2.212605715
-0.777108669 0.038568757 0.628183424 6.455772400 -0.015837306 0.996606052 -0.080780782 -0.494607657 -0.629167020 -0.072724216 -0.773860455 2.154283285
-0.792503536 0.037794203 0.608695090 6.484642506 -0.012708882 0.996837676 -0.078440771 -0.498564422 -0.609734833 -0.069900446 -0.789517045 2.117911339
-0.806722105 0.039235264 0.589626908 6.512734413 -0.008450048 0.996925414 -0.077899225 -0.502772629 -0.590870440 -0.067825414 -0.803910315 2.079115868
-0.820859790 0.040814769 0.569669425 6.549538612 -0.006284515 0.996737301 -0.080468297 -0.508569121 -0.571095109 -0.069633275 -0.817925215 2.027652740
-0.834750831 0.041795529 0.549039245 6.575699806 -0.005932268 0.996374547 -0.084868185 -0.512697339 -0.550595820 -0.074100845 -0.831476688 1.988899231
-0.847361326 0.042572118 0.529307365 6.600938797 -0.002832855 0.996404469 -0.084675752 -0.517104626 -0.531009197 -0.073250413 -0.844194055 1.948291898
-0.859524488 0.041074857 0.509441316 6.635037422 -0.001034347 0.996623576 -0.082100160 -0.522415876 -0.511093438 -0.071094044 -0.856579900 1.896350503
-0.869459569 0.042474229 0.492174536 6.657875061 0.001296429 0.996489704 -0.083705947 -0.526818395 -0.494002223 -0.072140872 -0.866462648 1.854298115
-0.879649460 0.044986796 0.473490179 6.681851864 0.003669813 0.996129036 -0.087825507 -0.530435681 -0.475608259 -0.075518042 -0.876409590 1.813410163
-0.888349652 0.042992763 0.457150489 6.702869892 0.002793102 0.996094406 -0.088250160 -0.535762727 -0.459159136 -0.077120140 -0.885000110 1.772664666
-0.896159947 0.041030437 0.441830069 6.733893394 0.002327187 0.996136546 -0.087785773 -0.541903675 -0.443725049 -0.077641867 -0.892793298 1.712365031
-0.902883887 0.039159276 0.428097069 6.752898216 0.001300077 0.996086478 -0.088372990 -0.546018958 -0.429882377 -0.079233997 -0.899401546 1.669485569
-0.909261525 0.038268309 0.414462268 6.772689342 0.001975398 0.996149838 -0.087643258 -0.550468564 -0.416220546 -0.078871921 -0.905836523 1.626131058
-0.916005790 0.035057306 0.399630278 6.800732136 0.000413599 0.996256232 -0.086447917 -0.557281733 -0.401164800 -0.079021513 -0.912591040 1.567386270
-0.921646416 0.030255746 0.386849493 6.819459915 -0.001937795 0.996584058 -0.082560174 -0.561731577 -0.388026029 -0.076840915 -0.918439567 1.523483396
-0.926818430 0.026999986 0.374537826 6.837866783 -0.003094357 0.996828735 -0.079517379 -0.565779150 -0.375497103 -0.074857131 -0.923795640 1.479575872
-0.931448698 0.026677217 0.362893403 6.862111568 -0.001329656 0.997052610 -0.076708771 -0.570675075 -0.363870203 -0.071932793 -0.928667963 1.422191143
-0.934387743 0.030607028 0.354940563 6.878441334 0.003173748 0.996978283 -0.077615932 -0.575308561 -0.356243581 -0.071396880 -0.931661487 1.378485084
-0.937094510 0.035813969 0.347233742 6.895860672 0.008716480 0.996813595 -0.079288647 -0.579109251 -0.348966926 -0.071274303 -0.934420705 1.336427331
-0.938977718 0.038966537 0.341763586 6.917693138 0.011381243 0.996538341 -0.082351975 -0.583876371 -0.343789577 -0.073436975 -0.936170816 1.277156234
-0.940711141 0.036161672 0.337275654 6.933969021 0.009352216 0.996688366 -0.080777176 -0.588335991 -0.339079767 -0.072833717 -0.937933922 1.233313799
-0.942543268 0.027473662 0.332952499 6.950257301 0.002007866 0.997060776 -0.076588720 -0.592959821 -0.334078103 -0.071519658 -0.939828098 1.189110637
-0.944735527 0.022556715 0.327056348 6.971912384 -0.002250178 0.997160435 -0.075272933 -0.597648740 -0.327825516 -0.071848951 -0.942002177 1.130148411
-0.946205080 0.016236911 0.323159844 6.987816811 -0.009198053 0.996986747 -0.077024519 -0.601522565 -0.323436677 -0.075853430 -0.943204582 1.085282564
-0.947620869 0.013545578 0.319109976 7.006877422 -0.012529038 0.996754825 -0.079516128 -0.606159449 -0.319151521 -0.079349302 -0.944375992 1.031622052
-0.948522806 0.013419791 0.316424370 7.022733212 -0.013057929 0.996595204 -0.081409156 -0.610553026 -0.316439539 -0.081350282 -0.945118070 0.987007022
-0.949024558 0.013996151 0.314891398 7.038641930 -0.013014733 0.996421695 -0.083512500 -0.614745080 -0.314933449 -0.083353639 -0.945446551 0.943467498
-0.948334813 0.017303376 0.316799074 7.056781292 -0.009996154 0.996386409 -0.084345408 -0.620940447 -0.317113817 -0.083154462 -0.944734991 0.883250833
-0.948109865 0.017595690 0.317455322 7.071805477 -0.010387337 0.996220231 -0.086240523 -0.625082612 -0.317772955 -0.085063010 -0.944343448 0.839755177
-0.947359085 0.020347746 0.319525599 7.086732864 -0.007979825 0.996167839 -0.087096415 -0.629809976 -0.320073426 -0.085061319 -0.943566501 0.794682860
-0.947014987 0.019948183 0.320569217 7.107213974 -0.008456774 0.996174872 -0.086972058 -0.635571241 -0.321077973 -0.085074849 -0.943223894 0.737888336
-0.946494937 0.017460387 0.322246075 7.123191833 -0.011286960 0.996133387 -0.087125726 -0.640283883 -0.322521389 -0.086101234 -0.942638159 0.694204807
-0.945541322 0.016963944 0.325059950 7.139564514 -0.012134534 0.996109784 -0.087281302 -0.644703090 -0.325276047 -0.086472534 -0.941657126 0.649946332
-0.943206549 0.015860498 0.331827968 7.157954693 -0.013468162 0.996212840 -0.085898980 -0.649635792 -0.331933767 -0.085489586 -0.939420819 0.593740225
-0.941177130 0.014491603 0.337602437 7.173428535 -0.014568311 0.996410966 -0.083384924 -0.653490901 -0.337599218 -0.083398268 -0.937588096 0.550482154
-0.938502789 0.012654416 0.345039576 7.189117908 -0.015920134 0.996679366 -0.079856008 -0.657725394 -0.344904393 -0.080438159 -0.935184777 0.507676363
-0.936028183 0.013590774 0.351662397 7.210073948 -0.015626447 0.996663570 -0.080111533 -0.662948966 -0.351577908 -0.080481902 -0.932692707 0.452793837
-0.932848752 0.013992203 0.359996259 7.226472378 -0.016281499 0.996587336 -0.080924809 -0.666530848 -0.359899998 -0.081351891 -0.929437459 0.410952091
-0.929131806 0.017308876 0.369343132 7.242986679 -0.014317400 0.996470392 -0.082715854 -0.670684397 -0.369471133 -0.082141988 -0.925604522 0.369165897
-0.924574435 0.018397048 0.380556822 7.265686989 -0.013841057 0.996552467 -0.081803054 -0.676026046 -0.380749792 -0.080900319 -0.921132326 0.313210726
-0.920101702 0.019913115 0.391172975 7.283769608 -0.013937097 0.996409893 -0.083505660 -0.680003285 -0.391431451 -0.082285538 -0.916520894 0.272278786
-0.914144099 0.022289220 0.404776186 7.301906586 -0.012933362 0.996375561 -0.084074587 -0.684408545 -0.405183047 -0.082091399 -0.910542548 0.230700970
-0.907898605 0.024422420 0.418477952 7.326716423 -0.011964223 0.996384978 -0.084105827 -0.689806402 -0.419019163 -0.081366315 -0.904324353 0.176971197
-0.901766598 0.024833037 0.431509614 7.345967293 -0.011357388 0.996641934 -0.081090577 -0.693869174 -0.432074279 -0.078025587 -0.898456454 0.137099028
-0.894954801 0.026545908 0.445366263 7.370609760 -0.011024821 0.996607661 -0.081556641 -0.699169040 -0.446020454 -0.077899590 -0.891626298 0.086343050
-0.888274908 0.028860154 0.458404511 7.391132832 -0.009449992 0.996664405 -0.081059597 -0.702899218 -0.459214866 -0.076335117 -0.885039389 0.046844244
-0.880508184 0.031172179 0.473005056 7.416295052 -0.006696243 0.996917963 -0.078164466 -0.707823038 -0.473984003 -0.071991794 -0.877585590 -0.001105070
-0.872854650 0.032750528 0.486880094 7.437588692 -0.004498356 0.997162998 -0.075139672 -0.711582780 -0.487959802 -0.067776173 -0.870230854 -0.039430857
-0.864364147 0.035658371 0.501600266 7.464446068 -0.001925836 0.997240663 -0.074211679 -0.715856791 -0.502862513 -0.065111920 -0.861910462 -0.086712360
-0.855982482 0.038994834 0.515532017 7.487251282 0.001494200 0.997334003 -0.072957389 -0.719597697 -0.517002583 -0.061679937 -0.853758812 -0.123294353
-0.844969988 0.042697404 0.533106565 7.513891220 0.005664286 0.997466505 -0.070910923 -0.723810017 -0.534783661 -0.056897931 -0.843071222 -0.167442322
-0.834470987 0.045247644 0.549190998 7.538330078 0.007494757 0.997462809 -0.070792653 -0.727029681 -0.551000834 -0.054958358 -0.832693100 -0.204123259
-0.822650671 0.048079431 0.566510499 7.566527367 0.010535868 0.997535884 -0.069360808 -0.731286645 -0.568449438 -0.051091030 -0.821130276 -0.246725559
-0.811046660 0.050724413 0.582777977 7.592226982 0.011791537 0.997448564 -0.070406750 -0.733994484 -0.584862530 -0.050231319 -0.809575558 -0.282300711
-0.797817826 0.052629907 0.600597024 7.622835159 0.013673432 0.997505784 -0.069247350 -0.738769174 -0.602743506 -0.047034554 -0.796547592 -0.324230433
-0.783925056 0.055231620 0.618393838 7.649932861 0.016756944 0.997554660 -0.067853801 -0.741286039 -0.620629191 -0.042829916 -0.782933593 -0.358148336
-0.768928409 0.055220440 0.636945665 7.682947159 0.016532850 0.997647226 -0.066533037 -0.745801330 -0.639121234 -0.040628612 -0.768032134 -0.398927212
-0.752238870 0.056744922 0.656442523 7.709287643 0.017459510 0.997651458 -0.066232659 -0.749667883 -0.658659160 -0.038361624 -0.751462817 -0.430210829
-0.735593438 0.060446672 0.674721122 7.744713306 0.017412893 0.997368991 -0.070368096 -0.752622306 -0.677199543 -0.040013455 -0.734710634 -0.468042135
-0.718446136 0.061792605 0.692832589 7.773677826 0.017651107 0.997345090 -0.070647940 -0.755982995 -0.695358694 -0.038527478 -0.717629433 -0.497612476
-0.699251175 0.061093632 0.712260783 7.804517746 0.015059262 0.997379303 -0.070765264 -0.759432673 -0.714717507 -0.038756575 -0.698338568 -0.528313637
-0.678057671 0.061257038 0.732451558 7.842925072 0.014631584 0.997448504 -0.069874495 -0.763702333 -0.734863102 -0.036662005 -0.677223921 -0.565880775
