0.999996245 -0.002228827 -0.001519687 0.000144944 0.002232802 0.999994040 0.002618978 -0.000666438 0.001513842 -0.002622362 0.999995410 0.062316280
0.999993563 -0.002489842 -0.002588743 -0.000760675 0.002499778 0.999989510 0.003841914 -0.001608604 0.002579158 -0.003848360 0.999989271 0.116555840
0.999989688 -0.001997801 -0.004064184 -0.001280865 0.002012548 0.999991417 0.003627458 -0.002199752 0.004056904 -0.003635600 0.999985158 0.184326425
0.999982834 -0.000943987 -0.005774133 -0.001696122 0.000964514 0.999993205 0.003553225 -0.002979858 0.005770743 -0.003558734 0.999977052 0.245395407
0.999975801 -0.000987956 -0.006900679 -0.002505090 0.001011647 0.999993503 0.003430583 -0.003479339 0.006897249 -0.003437481 0.999970317 0.306126982
0.999961436 -0.001196291 -0.008683876 -0.003438446 0.001231482 0.999991059 0.004048201 -0.004282937 0.008678963 -0.004058740 0.999954164 0.366511881
0.999953508 -0.002834498 -0.009194780 -0.005008176 0.002867040 0.999989629 0.003527881 -0.005104711 0.009184696 -0.003554080 0.999951601 0.422945499
0.999925256 -0.004027589 -0.011533726 -0.005249821 0.004068913 0.999985337 0.003561588 -0.005743275 0.011519215 -0.003608253 0.999927104 0.487805039
0.999906898 -0.003905575 -0.013060805 -0.005830659 0.003952090 0.999985814 0.003537358 -0.006344812 0.013046810 -0.003588646 0.999908447 0.543877065
0.999894798 -0.002953945 -0.014194380 -0.007238334 0.003006719 0.999988675 0.003698023 -0.007086045 0.014183297 -0.003740311 0.999892414 0.608266473
0.999889553 -0.000585832 -0.014845663 -0.008298403 0.000635790 0.999994218 0.003360688 -0.007238047 0.014843609 -0.003369755 0.999884129 0.664693475
0.999889970 0.000200865 -0.014831331 -0.009873360 -0.000129680 0.999988437 0.004800437 -0.008154857 0.014832138 -0.004797986 0.999878466 0.727444410
0.999875247 0.002255230 -0.015632110 -0.010996568 -0.002161052 0.999979436 0.006038964 -0.008856940 0.015645422 -0.006004428 0.999859631 0.782973289
0.999875069 0.001271849 -0.015757598 -0.012200223 -0.001185741 0.999984443 0.005472648 -0.008967405 0.015764315 -0.005453281 0.999860942 0.848401725
0.999879003 0.001531300 -0.015485962 -0.013552910 -0.001447555 0.999984324 0.005417542 -0.009614881 0.015494019 -0.005394469 0.999865532 0.902605176
0.999859929 0.003170625 -0.016433161 -0.014470764 -0.003069604 0.999976277 0.006169004 -0.009924409 0.016452335 -0.006117697 0.999845982 0.967271805
0.999859810 0.003137869 -0.016443949 -0.015431655 -0.003024414 0.999971509 0.006919877 -0.009966459 0.016465200 -0.006869175 0.999840856 1.021142244
0.999859452 0.004672644 -0.016097689 -0.017045915 -0.004573529 0.999970376 0.006188377 -0.010868565 0.016126137 -0.006113884 0.999851227 1.083748579
0.999857426 0.005327757 -0.016021870 -0.018316634 -0.005259960 0.999977052 0.004270596 -0.011448840 0.016044259 -0.004185712 0.999862552 1.135827661
0.999869585 0.003489621 -0.015768006 -0.019487662 -0.003436160 0.999988258 0.003416248 -0.011518364 0.015779745 -0.003361621 0.999869883 1.197072268
0.999870837 0.002362279 -0.015896859 -0.019825565 -0.002264777 0.999978542 0.006148600 -0.012155743 0.015911046 -0.006111804 0.999854743 1.248572230
0.999885499 0.001914208 -0.015013997 -0.021637358 -0.001808686 0.999973595 0.007038714 -0.012015653 0.015027076 -0.007010753 0.999862552 1.302720428
0.999887645 0.000570231 -0.014978412 -0.022936750 -0.000469286 0.999977171 0.006741980 -0.013146509 0.014981922 -0.006734194 0.999865055 1.366825104
0.999884009 0.000686691 -0.015215101 -0.023562985 -0.000609494 0.999986887 0.005077759 -0.013833011 0.015218395 -0.005067897 0.999871314 1.418207169
0.999898553 0.001209258 -0.014192297 -0.025589406 -0.001144890 0.999989092 0.004542674 -0.014659122 0.014197642 -0.004525966 0.999888897 1.466747284
0.999912322 0.002007375 -0.013087813 -0.026318809 -0.001968254 0.999993563 0.003001249 -0.014742569 0.013093758 -0.002975226 0.999909818 1.530409336
0.999928832 0.003804726 -0.011302763 -0.027777534 -0.003759923 0.999984980 0.003982466 -0.015190281 0.011317750 -0.003939685 0.999928236 1.579163671
0.999941170 0.003974889 -0.010092635 -0.028551381 -0.003917873 0.999976277 0.005662698 -0.015538110 0.010114910 -0.005622824 0.999933004 1.627037406
0.999957323 0.002994394 -0.008737735 -0.028550182 -0.002932846 0.999971032 0.007048246 -0.016389260 0.008758590 -0.007022320 0.999936998 1.687537789
0.999973595 0.003976996 -0.006082570 -0.029592853 -0.003927345 0.999959171 0.008153196 -0.017288279 0.006114748 -0.008129093 0.999948323 1.735453486
0.999990106 0.002018620 -0.003960567 -0.028713625 -0.001989892 0.999971867 0.007244085 -0.017716847 0.003975080 -0.007236133 0.999965906 1.779321313
0.999996543 0.002579417 0.000631973 -0.029667607 -0.002582933 0.999980807 0.005627456 -0.018384662 -0.000617441 -0.005629067 0.999984026 1.837398767
0.999989569 0.001835888 0.004179484 -0.029764699 -0.001852131 0.999990702 0.003885539 -0.018998435 -0.004172307 -0.003893239 0.999983788 1.882297397
0.999960124 0.002547889 0.008568217 -0.030092977 -0.002586067 0.999986708 0.004447695 -0.019539272 -0.008556766 -0.004469676 0.999953389 1.926282525
0.999908149 0.002272835 0.013360903 -0.028983563 -0.002324675 0.999989808 0.003865735 -0.019818831 -0.013351983 -0.003896440 0.999903202 1.981573820
0.999794543 0.004334759 0.019799422 -0.027877510 -0.004385739 0.999987185 0.002532076 -0.020121554 -0.019788194 -0.002618391 0.999800682 2.024986744
0.999604940 0.005415927 0.027583435 -0.027082093 -0.005484004 0.999981999 0.002392968 -0.020515990 -0.027569985 -0.002543290 0.999616623 2.068262577
0.999340832 0.006144579 0.035776228 -0.026694097 -0.006280061 0.999973536 0.003675800 -0.021363072 -0.035752699 -0.003898054 0.999352932 2.109960318
0.998933554 0.008186106 0.045438599 -0.023761056 -0.008407433 0.999953687 0.004681916 -0.022295393 -0.045398176 -0.005058947 0.998956203 2.167043209
0.998222172 0.009861014 0.058780003 -0.022049636 -0.010121007 0.999940217 0.004127090 -0.022608075 -0.058735795 -0.004714666 0.998262465 2.209156990
0.997247100 0.013004556 0.073000520 -0.019868791 -0.013434228 0.999895155 0.005397927 -0.023561891 -0.072922669 -0.006363773 0.997317374 2.244277239
0.995864213 0.013896829 0.089784287 -0.016611084 -0.014561006 0.999871194 0.006746671 -0.023914166 -0.089678973 -0.008026117 0.995938420 2.284934998
0.994090080 0.015512601 0.107444756 -0.011734217 -0.016336545 0.999843478 0.006792515 -0.023422698 -0.107322574 -0.008507648 0.994187832 2.343021631
0.991804302 0.015628513 0.126807243 -0.007000893 -0.016565250 0.999842703 0.006335816 -0.024137009 -0.126688302 -0.008384485 0.991907179 2.382871389
0.988996625 0.014047370 0.147270173 -0.002224624 -0.014951205 0.999875605 0.005032012 -0.024349049 -0.147181168 -0.007178511 0.989083529 2.420296192
0.985664606 0.011613785 0.168316424 0.003683180 -0.012477121 0.999913752 0.004072492 -0.024191499 -0.168254614 -0.006114216 0.985724568 2.457890034
0.981892526 0.006343031 0.189332142 0.014199793 -0.007620052 0.999952853 0.006017682 -0.024372965 -0.189285025 -0.007351438 0.981894732 2.511255264
0.977166474 0.001319126 0.212470651 0.022003293 -0.002974656 0.999967694 0.007472334 -0.024760690 -0.212453917 -0.007933743 0.977138937 2.547593117
0.971714914 -0.003240478 0.236134410 0.031002700 0.001559538 0.999972105 0.007304998 -0.025374135 -0.236151502 -0.006730116 0.971693039 2.583485365
0.965057313 -0.010545390 0.261826277 0.039969385 0.009700492 0.999942720 0.004519246 -0.025256954 -0.261858970 -0.001821488 0.965104461 2.618693829
0.957618177 -0.013218756 0.287737697 0.054952383 0.012168063 0.999911070 0.005439771 -0.025716092 -0.287784100 -0.001708012 0.957693875 2.669428825
0.949020922 -0.015444449 0.314834654 0.065927267 0.013561183 0.999874592 0.008171494 -0.026409796 -0.314921409 -0.003485388 0.949111402 2.702704191
0.939248264 -0.020014632 0.342654675 0.078390598 0.017283510 0.999789894 0.011022515 -0.026795911 -0.342803299 -0.004430601 0.939396858 2.736762524
0.928500473 -0.023165464 0.370607883 0.095911145 0.020807352 0.999729812 0.010360187 -0.026954558 -0.370747745 -0.001908070 0.928731680 2.779611588
0.916536748 -0.023139685 0.399280488 0.109749019 0.022347976 0.999728203 0.006638567 -0.027326953 -0.399325609 0.002838620 0.916804850 2.810755014
0.903568804 -0.023990577 0.427770734 0.125043988 0.025914939 0.999663174 0.001324462 -0.027906714 -0.427658498 0.009888912 0.903886318 2.841942072
0.889167130 -0.025929641 0.456847370 0.140495658 0.029702455 0.999558270 -0.001077526 -0.028259289 -0.456617594 0.014527589 0.889544547 2.872647285
0.873212516 -0.026193120 0.486635059 0.157351017 0.028719047 0.999584913 0.002269488 -0.028942190 -0.486492574 0.011993950 0.873602450 2.903871536
0.856706023 -0.024892611 0.515203953 0.185009956 0.024945458 0.999665558 0.006819354 -0.028229030 -0.515201390 0.007009819 0.857040524 2.947277546
0.837058067 -0.024383482 0.546570480 0.203585982 0.022438852 0.999695778 0.010233710 -0.028371435 -0.546653748 0.003698206 0.837350547 2.976069450
0.816304326 -0.018841572 0.577314496 0.223557234 0.019149095 0.999801159 0.005553876 -0.028899416 -0.577304423 0.006521399 0.816502929 3.003337383
0.793901742 -0.012403983 0.607919514 0.243211389 0.016515359 0.999862909 -0.001166755 -0.029434338 -0.607821763 0.010966301 0.793997824 3.031123638
0.771784008 -0.010084627 0.635804892 0.272608161 0.016366063 0.999857962 -0.004007309 -0.029249862 -0.635674298 0.013498398 0.771839380 3.067743301
0.748295307 -0.012049114 0.663256228 0.295397758 0.016466031 0.999864340 -0.000413074 -0.030356813 -0.663161397 0.011230301 0.748392165 3.093768120
0.724035263 -0.012593528 0.689647913 0.318438530 0.017597508 0.999845147 -0.000216978 -0.030371649 -0.689538479 0.012293186 0.724144757 3.117571592
0.699547291 -0.010958971 0.714502215 0.343086720 0.018467957 0.999825597 -0.002746174 -0.031331994 -0.714347601 0.015116476 0.699627638 3.140156269
0.673146844 -0.008470156 0.739460349 0.375304461 0.018855864 0.999805868 -0.005712612 -0.031178672 -0.739268541 0.017788589 0.673175871 3.170783520
0.646096051 -0.006452035 0.763228774 0.400340796 0.017979510 0.999815464 -0.006768147 -0.031468153 -0.763044357 0.018095357 0.646092832 3.192368984
0.617861927 -0.004786573 0.786272109 0.426149487 0.017142886 0.999825776 -0.007384457 -0.032485817 -0.786099970 0.018041544 0.617836237 3.213338375
0.588914692 0.001793199 0.808193207 0.453191280 0.016078843 0.999773562 -0.013934610 -0.033168826 -0.808035493 0.021201108 0.588752508 3.233977795
0.559422374 0.011220896 0.828806818 0.480495691 0.015448302 0.999593556 -0.023960304 -0.033379432 -0.828738868 0.026207589 0.559021711 3.251674175
0.529262245 0.020250048 0.848216534 0.522875428 0.015030624 0.999334455 -0.033236455 -0.033580832 -0.848325133 0.030340031 0.528605580 3.278847933
0.497817963 0.025376134 0.866910160 0.552265525 0.012519435 0.999257445 -0.036439404 -0.034840718 -0.867191195 0.028993420 0.497130573 3.295591831
0.465665370 0.024928298 0.884609640 0.582662702 0.011741026 0.999341130 -0.034341998 -0.035586447 -0.884882927 0.026378106 0.465065897 3.311960459
0.431489646 0.023557168 0.901810288 0.622927308 0.006096087 0.999559999 -0.029027395 -0.038215168 -0.902097344 0.018022534 0.431156069 3.333076000
0.397498906 0.024809003 0.917267263 0.654950023 0.002206034 0.999605715 -0.027991977 -0.039392985 -0.917600036 0.013150303 0.397287428 3.347160816
0.362790495 0.027399305 0.931467891 0.686036825 -0.005033946 0.999610722 -0.027443111 -0.041162543 -0.931857109 0.005267143 0.362787187 3.358708620
0.325621516 0.029212506 0.945048809 0.729718029 -0.009725397 0.999573171 -0.027546979 -0.043057438 -0.945450246 -0.000221087 0.325766653 3.377152681
0.289362103 0.028933018 0.956782401 0.763815880 -0.011502801 0.999576032 -0.026748272 -0.043798409 -0.957150638 -0.003265740 0.289572269 3.388039827
0.253091216 0.028462028 0.967023671 0.804812670 -0.012750774 0.999578416 -0.026083041 -0.045594726 -0.967358470 -0.005728913 0.253347427 3.399192810
0.217373744 0.028059591 0.975685060 0.839837730 -0.012149466 0.999587059 -0.026040191 -0.046838913 -0.976012945 -0.006193598 0.217624873 3.406945229
0.182159722 0.026707780 0.982906103 0.882402003 -0.009607813 0.999631643 -0.025381653 -0.048116639 -0.983222067 -0.004820063 0.182349220 3.414962053
0.147794306 0.025937643 0.988677919 0.919057727 -0.001188363 0.999660015 -0.026048107 -0.049447119 -0.989017487 0.002674855 0.147774875 3.420098543
0.114097774 0.029137593 0.993042290 0.961452246 0.001041303 0.999565780 -0.029448653 -0.051117577 -0.993469000 0.004394084 0.114017904 3.424993038
0.081642628 0.034043938 0.996080101 0.997879744 0.002295311 0.999407351 -0.034345791 -0.052495051 -0.996659040 0.005090395 0.081516117 3.427924156
0.052431084 0.037917327 0.997904301 1.041768074 0.008687800 0.999223769 -0.038423926 -0.054380372 -0.998586714 0.010684203 0.052060954 3.430272818
0.027047601 0.036099333 0.998982012 1.078722358 0.010385880 0.999283612 -0.036391426 -0.055828664 -0.999580145 0.011359612 0.026653297 3.431148052
0.004587084 0.033234790 0.999437034 1.123861909 0.012534931 0.999367118 -0.033289999 -0.057709731 -0.999910891 0.012680583 0.004167590 3.431569576
-0.014344115 0.030940605 0.999418318 1.161122203 0.012768648 0.999445379 -0.030758180 -0.059081741 -0.999815524 0.012320024 -0.014731221 3.431291103
-0.030926563 0.033594221 0.998956859 1.205968499 0.014420792 0.999345958 -0.033160858 -0.061222389 -0.999417603 0.013380198 -0.031390782 3.429987907
-0.045167137 0.038188443 0.998249173 1.243814826 0.017162483 0.999151170 -0.037446417 -0.062461711 -0.998831987 0.015441091 -0.045784205 3.427851915
-0.057147808 0.042852186 0.997445703 1.280812144 0.022285167 0.998884261 -0.041637182 -0.064439327 -0.998117089 0.019848773 -0.058039002 3.425787926
-0.065995775 0.046669383 0.996727884 1.330307841 0.028085206 0.998596668 -0.044897299 -0.066680491 -0.997424603 0.025030276 -0.067213848 3.422205687
-0.072356455 0.051877540 0.996028721 1.367380619 0.029650494 0.998316824 -0.049842753 -0.068861812 -0.996937990 0.025926303 -0.073772870 3.419661283
-0.076567926 0.056933664 0.995437503 1.404905081 0.031168010 0.998017192 -0.054683790 -0.070913106 -0.996577144 0.026838791 -0.078190595 3.417111635
-0.078455091 0.060854983 0.995058537 1.455710649 0.034364525 0.997707009 -0.058307499 -0.073886797 -0.996325254 0.029620195 -0.080366455 3.412778854
-0.080967486 0.064238809 0.994644523 1.493291020 0.035383396 0.997477174 -0.061541427 -0.075977683 -0.996088505 0.030211044 -0.083036214 3.409729719
-0.083301246 0.066974528 0.994271278 1.530948639 0.035959162 0.997291148 -0.064165249 -0.079572059 -0.995875478 0.030408114 -0.085483953 3.406122923
-0.085785449 0.070802867 0.993794680 1.581714988 0.037765197 0.996985853 -0.067770287 -0.082954243 -0.995597661 0.031717163 -0.088200763 3.402520657
-0.088109285 0.071981236 0.993506670 1.619861364 0.040161110 0.996831298 -0.068660393 -0.085995346 -0.995300889 0.033850722 -0.090720952 3.398764133
-0.090340950 0.071249932 0.993358910 1.659469962 0.040023338 0.996891439 -0.067863375 -0.088180952 -0.995106339 0.033626705 -0.092911765 3.395307064
-0.091531120 0.069896698 0.993346095 1.710671544 0.040066004 0.996984184 -0.066460833 -0.093416765 -0.994995892 0.033716179 -0.094055556 3.389839888
-0.093700379 0.071346432 0.993040681 1.749399781 0.040515568 0.996876001 -0.067799039 -0.096135318 -0.994775712 0.033880815 -0.096298307 3.386035442
-0.096365914 0.073407412 0.992635310 1.787808299 0.039014436 0.996788859 -0.069927014 -0.099224351 -0.994581103 0.031988528 -0.098920405 3.382341623
-0.099792384 0.075890154 0.992109954 1.841024876 0.037324656 0.996670902 -0.072484709 -0.103065647 -0.994307995 0.029796744 -0.102292717 3.378825426
-0.102713943 0.079785861 0.991506040 1.880269766 0.034326199 0.996468604 -0.076629221 -0.105701372 -0.994118452 0.026163742 -0.105089962 3.375451565
-0.105240539 0.083244950 0.990956485 1.920174360 0.031567223 0.996267676 -0.080338649 -0.109810516 -0.993945599 0.022826867 -0.107475556 3.371962547
-0.107185856 0.086010337 0.990511775 1.972115517 0.029353142 0.996090531 -0.083318427 -0.113672577 -0.993805587 0.020144077 -0.109291509 3.365680218
-0.109524682 0.084108733 0.990419149 2.012463808 0.026840657 0.996300340 -0.081640050 -0.117664933 -0.993621647 0.017641904 -0.111377031 3.361119986
-0.113980263 0.080172531 0.990242839 2.052816629 0.024046149 0.996669292 -0.077925026 -0.120843105 -0.993192017 0.014929612 -0.115528457 3.358589411
-0.115219451 0.078490257 0.990234137 2.105726957 0.024532460 0.996794164 -0.076155707 -0.125273585 -0.993037105 0.015518260 -0.116775602 3.351113796
-0.117304325 0.079223067 0.989930987 2.145225048 0.024386812 0.996742189 -0.076878376 -0.128140271 -0.992796540 0.015123095 -0.118854173 3.346465111
-0.119682379 0.082628757 0.989367783 2.185412884 0.024362724 0.996474862 -0.080275193 -0.131188139 -0.992513239 0.014496165 -0.121273562 3.342865467
-0.119170487 0.085046172 0.989224613 2.227066994 0.025301596 0.996261239 -0.082603060 -0.135126650 -0.992551386 0.015185115 -0.120876729 3.336680651
-0.119060256 0.085945427 0.989160180 2.285299063 0.023995209 0.996204674 -0.083669305 -0.139889121 -0.992597103 0.013773420 -0.120670646 3.329289913
-0.119018957 0.083823159 0.989347279 2.326074123 0.022283440 0.996404469 -0.081740372 -0.144042432 -0.992641926 0.012317409 -0.120458901 3.324477673
-0.119166687 0.082871184 0.989409685 2.368120909 0.017477477 0.996531427 -0.081362650 -0.148231447 -0.992720485 0.007596669 -0.120201707 3.319619656
-0.118820958 0.084522940 0.989311635 2.420917511 0.014302979 0.996412516 -0.083411746 -0.152431160 -0.992812693 0.004239041 -0.119603597 3.313356876
-0.119014166 0.084774643 0.989266872 2.462437630 0.010439787 0.996400058 -0.084129959 -0.155975252 -0.992837727 0.000315079 -0.119470760 3.308647633
-0.121052377 0.084079355 0.989078879 2.503309250 0.006193985 0.996450901 -0.083947949 -0.160071701 -0.992626846 -0.004035758 -0.121143520 3.305746078
-0.120066009 0.079367906 0.989588201 2.558509111 0.006699941 0.996841252 -0.079136729 -0.164347664 -0.992743433 -0.002871450 -0.120218493 3.298070908
-0.120614156 0.070539229 0.990190148 2.600383043 0.009736721 0.997508347 -0.069874547 -0.167951629 -0.992651761 0.001213346 -0.121000461 3.292980194
-0.121154249 0.065561228 0.990466237 2.627639294 0.015127294 0.997822583 -0.064197779 -0.169426858 -0.992518485 0.007205243 -0.121882193 3.289085865
-0.119099930 0.067624852 0.990576565 2.698463917 0.024174470 0.997579575 -0.065196380 -0.175184995 -0.992588103 0.016181782 -0.120446451 3.280395269
-0.118485570 0.072335087 0.990317464 2.740058422 0.030361731 0.997140586 -0.069200866 -0.178489804 -0.992491543 0.021868454 -0.120343000 3.275338888
-0.116739564 0.078103818 0.990086555 2.782299995 0.034513339 0.996619880 -0.074549794 -0.181485862 -0.992562771 0.025468290 -0.119040586 3.269247770
-0.115816876 0.083802842 0.989728987 2.838600636 0.034001485 0.996184886 -0.080370679 -0.185307264 -0.992688417 0.024343973 -0.118224457 3.262897968
-0.115767278 0.081086196 0.989961088 2.880666494 0.030885767 0.996474147 -0.078007862 -0.188787267 -0.992796063 0.021544950 -0.117863521 3.257912636
-0.115112282 0.076587602 0.990395546 2.934330940 0.030389026 0.996828139 -0.073552951 -0.193008453 -0.992887557 0.021630311 -0.117074594 3.251680136
-0.115615703 0.074198171 0.990518808 2.977562666 0.027787093 0.997057438 -0.071444586 -0.196459904 -0.992905259 0.019263523 -0.117337234 3.246934175
-0.114966735 0.075187810 0.990519762 3.020860672 0.025911598 0.997019112 -0.072673663 -0.199811086 -0.993031383 0.017310891 -0.116572253 3.241829634
-0.115151763 0.080530226 0.990078270 3.077090502 0.027234955 0.996589720 -0.077892244 -0.204094589 -0.992974401 0.017995309 -0.116952293 3.235997915
-0.114671476 0.083500318 0.989887953 3.121046543 0.024834964 0.996390581 -0.081171878 -0.206894666 -0.993092895 0.015275733 -0.116331324 3.230934143
-0.114450403 0.081838250 0.990052342 3.173651457 0.025511578 0.996514499 -0.079423286 -0.212116808 -0.993101358 0.016167773 -0.116139300 3.224715233
-0.113540851 0.074789897 0.990714312 3.218029022 0.027545484 0.997016370 -0.072108798 -0.215702236 -0.993151367 0.019102409 -0.115262225 3.219202042
-0.113910183 0.074169248 0.990718603 3.260716200 0.026610756 0.997079492 -0.071585797 -0.218712538 -0.993134618 0.018209422 -0.115551211 3.214691162
-0.113798752 0.077031359 0.990512967 3.318536758 0.024171304 0.996909142 -0.074751779 -0.223226875 -0.993209779 0.015435332 -0.115308970 3.208553076
-0.113725588 0.079506643 0.990325809 3.362079382 0.023980331 0.996722043 -0.077266328 -0.227187485 -0.993222833 0.014961179 -0.115259394 3.203347683
-0.113517158 0.079625756 0.990340114 3.407632828 0.023393013 0.996721148 -0.077457383 -0.230348706 -0.993260682 0.014374298 -0.115007631 3.198563576
-0.113408454 0.076188952 0.990622878 3.465679646 0.021882392 0.997005105 -0.074174665 -0.234850362 -0.993307531 0.013265163 -0.114736028 3.192332029
-0.112655513 0.075096942 0.990792096 3.510292292 0.022869639 0.997071624 -0.072972544 -0.238622248 -0.993371010 0.014438298 -0.114043064 3.187436581
-0.111764267 0.076051228 0.990820348 3.555602074 0.023049926 0.996997416 -0.073925309 -0.242082030 -0.993467450 0.014576129 -0.113181680 3.182685614
-0.110290825 0.075772911 0.991006613 3.613497734 0.026025724 0.996967912 -0.073332235 -0.246463090 -0.993558586 0.017703794 -0.111928456 3.175400496
-0.109499305 0.075347252 0.991126835 3.659421921 0.024724949 0.997020781 -0.073063694 -0.250129133 -0.993679285 0.016505143 -0.111036040 3.170621395
-0.107968979 0.075947732 0.991248965 3.704128265 0.025140105 0.996967494 -0.073647566 -0.253500938 -0.993836284 0.016968453 -0.109550916 3.165275097
-0.106618747 0.074662648 0.991492808 3.762804747 0.026480919 0.997036219 -0.072232492 -0.257572502 -0.993947387 0.018554293 -0.108279869 3.158988953
-0.104137696 0.073763520 0.991823792 3.809414864 0.026462698 0.997098267 -0.071377315 -0.261244178 -0.994210780 0.018813260 -0.105787493 3.153313637
-0.103549473 0.073176429 0.991928816 3.863117218 0.026329502 0.997142076 -0.070812412 -0.265164793 -0.994275749 0.018784402 -0.105180256 3.148010015
-0.101889551 0.073771112 0.992056668 3.908852577 0.024402022 0.997131884 -0.071642295 -0.268980265 -0.994496346 0.016908586 -0.103397503 3.143377066
-0.100049429 0.076691568 0.992022395 3.955181837 0.024374869 0.996914744 -0.074611478 -0.272153884 -0.994683921 0.016715581 -0.101610109 3.138067961
-0.098414108 0.075442329 0.992281854 4.014646053 0.021837410 0.997045815 -0.073638715 -0.276951820 -0.994906008 0.014421777 -0.099770859 3.131867886
-0.096615113 0.074894898 0.992500067 4.061211109 0.018259857 0.997130454 -0.073466800 -0.280009061 -0.995154381 0.011024905 -0.097705439 3.126350403
-0.098059908 0.075099401 0.992342830 4.115731716 0.015922794 0.997139275 -0.073888950 -0.284637213 -0.995053172 0.008555328 -0.098975196 3.122461319
-0.097548209 0.075186141 0.992386758 4.163125038 0.015148252 0.997138858 -0.074057177 -0.287616730 -0.995115519 0.007808782 -0.098408058 3.117374182
-0.099606149 0.072050728 0.992414773 4.217983723 0.010444299 0.997395635 -0.071364090 -0.292575806 -0.994972169 0.003256776 -0.100099251 3.112986326
-0.101026833 0.071070641 0.992341876 4.265983582 0.008056005 0.997470915 -0.070617832 -0.295911580 -0.994851112 0.000860015 -0.101343878 3.108321428
-0.101758927 0.069979198 0.992344737 4.321436882 0.006694117 0.997548282 -0.069659710 -0.300475001 -0.994786620 -0.000445628 -0.101977915 3.102664709
-0.103680111 0.069752760 0.992161810 4.368669510 0.007004228 0.997564256 -0.069400616 -0.304186225 -0.994586051 -0.000246139 -0.103916138 3.097842693
-0.106009789 0.069096126 0.991961598 4.424121380 0.006059848 0.997609138 -0.068841919 -0.308030546 -0.994346619 -0.001286780 -0.106175065 3.092229366
-0.109022610 0.063811816 0.991988957 4.470018864 0.004532947 0.997959018 -0.063697673 -0.311729491 -0.994029045 -0.002447852 -0.109089345 3.087414503
-0.113260493 0.064081416 0.991496742 4.527477741 0.003010064 0.997935474 -0.064153716 -0.315640301 -0.993560910 -0.004281614 -0.113219537 3.081238747
-0.118982129 0.070190743 0.990412414 4.573570251 -0.002293316 0.997476041 -0.070966855 -0.318852693 -0.992893755 -0.010715116 -0.118520841 3.076043129
-0.126164287 0.073517419 0.989281476 4.621245861 -0.000550714 0.997244716 -0.074179441 -0.322607160 -0.992009282 -0.009903607 -0.125776172 3.070525408
-0.134574190 0.068990089 0.988498926 4.681666374 0.000164797 0.997574806 -0.069601081 -0.327307492 -0.990903497 -0.009203608 -0.134259179 3.061799049
-0.144744515 0.066447437 0.987235367 4.727418423 0.003501615 0.997770607 -0.066643141 -0.331029832 -0.989462912 -0.006189311 -0.144654557 3.054815769
-0.158172131 0.068617567 0.985024512 4.784103870 0.003779253 0.997617245 -0.068887934 -0.334373474 -0.987404346 -0.007173495 -0.158054560 3.046553850
-0.171697438 0.069190800 0.982716978 4.829291344 0.007145994 0.997591794 -0.068989575 -0.337594718 -0.985123813 -0.004822843 -0.171778366 3.038276911
-0.186616704 0.066762008 0.980161607 4.883082867 0.007109699 0.997753978 -0.066606618 -0.342158347 -0.982407033 -0.005461255 -0.186672226 3.028713942
-0.200956017 0.069545917 0.977128386 4.927626610 0.011064872 0.997574151 -0.068725519 -0.345471233 -0.979537725 -0.002999004 -0.201238066 3.019258499
-0.217147335 0.072416306 0.973448873 4.980665684 0.011509181 0.997364879 -0.071628109 -0.350075305 -0.976071060 -0.004350249 -0.217408597 3.008517027
-0.232144251 0.076897182 0.969636977 5.024912834 0.010603058 0.997010827 -0.076529577 -0.353297710 -0.972623765 -0.007484781 -0.232265681 2.998061895
-0.248526305 0.074248463 0.965775251 5.077679634 0.007648846 0.997177243 -0.074694335 -0.358149201 -0.968594968 -0.011176440 -0.248392627 2.985456944
-0.264335573 0.068665735 0.961983204 5.121231556 0.002491756 0.997507453 -0.070516750 -0.361882001 -0.964427531 -0.016243059 -0.263847768 2.974038124
-0.280321389 0.064439408 0.957740784 5.174290657 -0.002239094 0.997697473 -0.067783169 -0.366002738 -0.959903598 -0.021145543 -0.279531568 2.959659100
-0.295682222 0.066230990 0.952987611 5.217385292 -0.003745212 0.997505665 -0.070486933 -0.369334817 -0.955278993 -0.024410877 -0.294696599 2.946892500
-0.309871912 0.067822501 0.948356092 5.269134521 -0.004459646 0.997337818 -0.072782636 -0.373913914 -0.950767875 -0.026782630 -0.308744490 2.930313587
-0.323576659 0.070338659 0.943583786 5.310502052 -0.001813525 0.997185111 -0.074956223 -0.377610505 -0.946200252 -0.025965294 -0.322538316 2.916081905
-0.337888807 0.070161171 0.938567221 5.362046242 -0.000089699 0.997215092 -0.074577600 -0.381922275 -0.941186070 -0.025283128 -0.336941481 2.898430347
-0.352193058 0.067443967 0.933494270 5.404265404 -0.000295806 0.997392058 -0.072172135 -0.386085212 -0.935927391 -0.025694657 -0.351254582 2.883035660
-0.367044628 0.066277549 0.927839041 5.454775333 -0.000684396 0.997438908 -0.071519963 -0.390500575 -0.930203021 -0.026886029 -0.366059333 2.864117146
-0.381802946 0.067652911 0.921764314 5.496260166 -0.002478371 0.997238874 -0.074218936 -0.394213676 -0.924240291 -0.030621484 -0.380581141 2.847409248
-0.396782577 0.069568150 0.915272534 5.545205593 -0.001472163 0.997074246 -0.076423973 -0.398702741 -0.917911470 -0.031671122 -0.395519316 2.826887131
-0.410700351 0.071932934 0.908928335 5.585927963 0.000785189 0.996910512 -0.078541085 -0.402240872 -0.911770046 -0.031543173 -0.409488022 2.807941914
-0.425937682 0.073865101 0.901732147 5.635540962 0.003092942 0.996774852 -0.080189511 -0.407403469 -0.904747248 -0.031366732 -0.424792469 2.786010981
-0.441081613 0.077119075 0.894147456 5.675899506 0.002651684 0.996408880 -0.084630929 -0.411335707 -0.897463202 -0.034958147 -0.439702094 2.766898632
-0.455863655 0.079310790 0.886508942 5.725734711 0.003533442 0.996175408 -0.087305032 -0.416281998 -0.890042603 -0.036666762 -0.454400420 2.741523504
-0.471629620 0.076516874 0.878470659 5.765572548 0.002666532 0.996347308 -0.085352622 -0.420377254 -0.881792724 -0.037912354 -0.470110953 2.721101761
-0.487527579 0.072430879 0.870098114 5.815252304 0.000053359 0.996555507 -0.082927868 -0.425447941 -0.873107612 -0.040383190 -0.485852152 2.694214821
-0.503765404 0.073494881 0.860708416 5.856095314 0.000789217 0.996412933 -0.084620595 -0.428900599 -0.863840163 -0.041949652 -0.502016306 2.671524763
-0.519497514 0.071708657 0.851457655 5.904335499 -0.001662960 0.996385634 -0.084928915 -0.434443653 -0.854470372 -0.045536298 -0.517500520 2.642475367
-0.535523236 0.070149317 0.841601968 5.943195343 -0.002946735 0.996382952 -0.084925689 -0.438529432 -0.844515443 -0.047959652 -0.533379376 2.618172884
-0.550883234 0.070332721 0.831613541 5.990334511 -0.003006065 0.996268988 -0.086249590 -0.443657100 -0.834576964 -0.050013334 -0.548616588 2.587671041
-0.566454589 0.069789670 0.821132362 6.028112411 -0.002816521 0.996237934 -0.086615197 -0.447825819 -0.824088037 -0.051376320 -0.564127088 2.562395573
-0.581635535 0.067012012 0.810684562 6.075215816 -0.003621375 0.996377766 -0.084959835 -0.452834398 -0.813441455 -0.052351445 -0.579286039 2.529667377
-0.596508503 0.063598074 0.800082982 6.111964226 -0.003654910 0.996630013 -0.081946433 -0.456758946 -0.802598417 -0.051805962 -0.594265819 2.502904177
-0.611653984 0.061760422 0.788710952 6.158987045 -0.002709468 0.996778667 -0.080154508 -0.461823344 -0.791120768 -0.051163808 -0.609516382 2.467209816
-0.626474857 0.060172763 0.777115524 6.195546150 -0.003360571 0.996797740 -0.079892114 -0.465776503 -0.779434443 -0.052661948 -0.624266565 2.438081503
-0.641015530 0.061254270 0.765079737 6.239098549 -0.004317036 0.996506810 -0.083399899 -0.471140623 -0.767515838 -0.056763511 -0.638511896 2.402184010
-0.656541288 0.061179716 0.751804888 6.274081230 -0.005407724 0.996297896 -0.085798323 -0.474949002 -0.754270792 -0.060395699 -0.653779864 2.372452736
-0.672265410 0.057257000 0.738092721 6.317705631 -0.008520272 0.996340156 -0.085050739 -0.480098218 -0.740261257 -0.063465416 -0.669317245 2.334069490
-0.688318968 0.049823150 0.723695159 6.351994991 -0.011651827 0.996750474 -0.079704024 -0.484454334 -0.725314677 -0.063294172 -0.685501754 2.302119970
-0.705702782 0.047267761 0.706929445 6.394971848 -0.012762795 0.996762037 -0.079387613 -0.489539027 -0.708393037 -0.065046445 -0.702814639 2.261470556
-0.723149300 0.044584062 0.689251184 6.428649902 -0.014758939 0.996689141 -0.079955399 -0.493304789 -0.690534055 -0.067992315 -0.720097184 2.227430344
-0.740560830 0.040529411 0.670766056 6.461630344 -0.018265316 0.996596634 -0.080382816 -0.497128606 -0.671741068 -0.071780108 -0.737300277 2.192009926
-0.757346570 0.038858373 0.651855946 6.505369186 -0.017195486 0.996694982 -0.079393148 -0.502963603 -0.652786553 -0.071337111 -0.754175603 2.144237518
-0.773425937 0.040390972 0.632598460 6.536186218 -0.015631508 0.996449053 -0.082733922 -0.507077575 -0.633693814 -0.073877051 -0.770048261 2.107638359
-0.788358748 0.040626746 0.613872826 6.572738647 -0.011324987 0.996689737 -0.080505922 -0.512370944 -0.615111530 -0.070419654 -0.785288990 2.061434746
-0.802801907 0.041943800 0.594768643 6.601378918 -0.007126099 0.996776342 -0.079912469 -0.516714394 -0.596203148 -0.068392262 -0.799915135 2.023224831
-0.817211449 0.042675875 0.574755669 6.629653931 -0.006034727 0.996566534 -0.082575932 -0.520674348 -0.576306343 -0.070950493 -0.814148068 1.984094143
-0.831104815 0.045206491 0.554275334 6.667583466 -0.003870641 0.996196151 -0.087053202 -0.526388407 -0.556102395 -0.074495733 -0.827768445 1.929576278
-0.843948662 0.044538058 0.534571767 6.693629265 -0.002605674 0.996195138 -0.087112062 -0.530515790 -0.536417723 -0.074911021 -0.840621471 1.888937712
-0.855336010 0.044078294 0.516195178 6.717756748 -0.000003799 0.996373534 -0.085087374 -0.534204304 -0.518073797 -0.072780252 -0.852233887 1.847671270
-0.866483688 0.045716673 0.497107446 6.753172874 0.003328065 0.996304691 -0.085824519 -0.541310668 -0.499194264 -0.072711155 -0.863434017 1.791448832
-0.875832736 0.049524698 0.480066955 6.776799679 0.006894485 0.995903313 -0.090161152 -0.545059979 -0.482565552 -0.075656280 -0.872586131 1.748741627
-0.885239363 0.045740120 0.462881237 6.799882889 0.003958889 0.995857954 -0.090835609 -0.550665021 -0.465118915 -0.078578770 -0.881753802 1.706132650
-0.893479705 0.043404076 0.447001129 6.830611706 0.003044280 0.995881259 -0.090615682 -0.556138039 -0.449093223 -0.079602472 -0.889931917 1.648122907
-0.900500596 0.041810110 0.432840228 6.850913048 0.002816497 0.995906949 -0.090339869 -0.561315417 -0.434845746 -0.080132008 -0.896932602 1.604825735
-0.907445490 0.039700195 0.418290019 6.873130798 0.002109439 0.995944142 -0.089949481 -0.565840900 -0.420164496 -0.080741920 -0.903848708 1.560874104
-0.913611054 0.037223700 0.404881716 6.899893761 0.001056701 0.996014416 -0.089186363 -0.572108865 -0.406587839 -0.081053808 -0.910009146 1.501045465
-0.919671178 0.032149334 0.391371101 6.920567036 -0.001695561 0.996308744 -0.085826516 -0.576673746 -0.392685682 -0.079595760 -0.916221797 1.455262423
-0.924927175 0.027607471 0.379140586 6.939711571 -0.003876698 0.996622562 -0.082027353 -0.581255496 -0.380124629 -0.077339128 -0.921696246 1.411648750
-0.929167092 0.028485706 0.368560791 6.963669777 -0.000631647 0.996902645 -0.078642063 -0.586997330 -0.369659513 -0.073304407 -0.926271260 1.352273345
-0.932629645 0.032748271 0.359345824 6.982372761 0.003982003 0.996746480 -0.080501802 -0.591353834 -0.360813081 -0.073647447 -0.929725766 1.306127310
-0.934600055 0.037665650 0.353700161 6.999037266 0.008995105 0.996562243 -0.082356021 -0.595419943 -0.355586320 -0.073788375 -0.931726277 1.260404587
-0.936479926 0.040833645 0.348335803 7.022198677 0.012080199 0.996365249 -0.084321976 -0.601532817 -0.350512952 -0.074757874 -0.933569491 1.199888349
-0.938619077 0.038869873 0.342758209 7.039909840 0.010769139 0.996448636 -0.083509937 -0.605806708 -0.344787091 -0.074692808 -0.935704529 1.154917359
-0.940144956 0.031151107 0.339347899 7.051652908 0.004478483 0.996856511 -0.079101034 -0.609026372 -0.340745270 -0.072846673 -0.937329292 1.121176958
-0.942223907 0.024642892 0.334076256 7.079922676 -0.001549408 0.996959090 -0.077909902 -0.616003990 -0.334980369 -0.073926196 -0.939320624 1.045343280
-0.943971932 0.018333344 0.329515964 7.097011566 -0.008314707 0.996817708 -0.079279490 -0.620375693 -0.329920888 -0.077577442 -0.940815687 0.998795390
-0.945360184 0.015613738 0.325653523 7.114226818 -0.011562365 0.996618569 -0.081348874 -0.624864280 -0.325822532 -0.080669329 -0.941983163 0.952403665
-0.945938289 0.016018439 0.323950708 7.134713650 -0.011797621 0.996419489 -0.083719216 -0.630420566 -0.324131966 -0.083015054 -0.942362487 0.891889572
-0.946230292 0.016492913 0.323073000 7.151067734 -0.011977796 0.996228397 -0.085938662 -0.634774446 -0.323271900 -0.085187458 -0.942464113 0.845134735
-0.946097851 0.018916467 0.323327810 7.167507648 -0.010155560 0.996069372 -0.087991998 -0.639393866 -0.323721558 -0.086532608 -0.942187130 0.797428608
-0.945749521 0.019323375 0.324321508 7.187974930 -0.010006285 0.996023893 -0.088523202 -0.645618856 -0.324742556 -0.086966030 -0.941795826 0.739445448
-0.945365191 0.020427128 0.325372756 7.204329014 -0.009739765 0.995820045 -0.090816990 -0.649929047 -0.325867862 -0.089024268 -0.941214621 0.693377972
-0.944804788 0.021737121 0.326911956 7.224164486 -0.008294359 0.995890021 -0.090190433 -0.655965626 -0.327528745 -0.087923892 -0.940741360 0.637458563
-0.943990767 0.020750092 0.329318643 7.240695000 -0.009815138 0.995813489 -0.090880431 -0.660647571 -0.329825699 -0.089022599 -0.939835072 0.591868997
-0.943007648 0.019535793 0.332196951 7.261446476 -0.011157130 0.995857894 -0.090236023 -0.666811466 -0.332583755 -0.088799633 -0.938883722 0.536005735
-0.941315234 0.017013056 0.337099552 7.278203011 -0.013389986 0.996060371 -0.087660283 -0.671761811 -0.337262839 -0.087029710 -0.937379122 0.489706039
-0.939555943 0.016907465 0.341977775 7.295498848 -0.012840886 0.996337473 -0.084538452 -0.676108956 -0.342154622 -0.083819889 -0.935897648 0.444704056
-0.936851084 0.012708359 0.349498004 7.317950726 -0.017334286 0.996424019 -0.082697347 -0.681662679 -0.349299133 -0.083533391 -0.933280349 0.384540081
-0.934079885 0.015761510 0.356716067 7.335542202 -0.014661564 0.996489584 -0.082422003 -0.686089516 -0.356762946 -0.082218759 -0.930569828 0.338667870
-0.930998683 0.015452924 0.364695251 7.353487968 -0.015903318 0.996437728 -0.082819402 -0.690306842 -0.364675879 -0.082904637 -0.927436352 0.294117689
-0.926947594 0.019296207 0.374694258 7.376960278 -0.013591587 0.996294022 -0.084931605 -0.696217060 -0.374944478 -0.083819851 -0.923250139 0.235100985
-0.923116386 0.020263596 0.383986384 7.396182537 -0.013095349 0.996374428 -0.084061988 -0.700182796 -0.384297609 -0.082627438 -0.919504166 0.191538334
-0.918085277 0.022492399 0.395744264 7.415739536 -0.012357598 0.996279240 -0.085292555 -0.705061674 -0.396190286 -0.083196290 -0.914391339 0.146187305
-0.911691368 0.024700077 0.410132587 7.441421032 -0.011829470 0.996199787 -0.086291686 -0.711146355 -0.410705358 -0.083523050 -0.907934487 0.086309433
-0.905846477 0.025685251 0.422826827 7.462144852 -0.012028020 0.996197999 -0.086283863 -0.715619028 -0.423435479 -0.083245710 -0.902093470 0.042984962
-0.898922205 0.026534893 0.437303841 7.487363815 -0.011197314 0.996446550 -0.083479971 -0.721176565 -0.437965125 -0.079938635 -0.895430863 -0.010690212
-0.892394006 0.031078363 0.450185448 7.509201050 -0.007542075 0.996459067 -0.083740644 -0.725602508 -0.451193959 -0.078124985 -0.888999820 -0.053525448
-0.885511458 0.032407854 0.463485807 7.534822464 -0.006680321 0.996573150 -0.082445458 -0.730877161 -0.464569539 -0.076102637 -0.882260501 -0.102726698
-0.878760338 0.032689054 0.476142526 7.556714535 -0.006256154 0.996776998 -0.079978891 -0.735340774 -0.477222323 -0.073261105 -0.875723481 -0.142251015
-0.870507717 0.035657484 0.490861326 7.584915161 -0.002946855 0.996976256 -0.077649057 -0.740057111 -0.492145985 -0.069040596 -0.867770553 -0.193236828
-0.862557769 0.038070936 0.504524291 7.608185768 -0.000472215 0.997103989 -0.076047860 -0.744417071 -0.505958498 -0.065833904 -0.860041857 -0.232578993
-0.853213370 0.042804759 0.519802451 7.636915207 0.004949443 0.997246146 -0.073997229 -0.749020338 -0.521538496 -0.060562704 -0.851075768 -0.280429125
-0.843383789 0.045085512 0.535416722 7.661751747 0.006607878 0.997268260 -0.073567696 -0.752741098 -0.537270904 -0.058507837 -0.841377974 -0.318840504
-0.832050025 0.048575934 0.552569509 7.691959381 0.010936069 0.997401118 -0.071213380 -0.757821560 -0.554592669 -0.053210150 -0.830418944 -0.365121603
-0.820738792 0.050096847 0.569102824 7.717535019 0.012549248 0.997488439 -0.069708630 -0.761863291 -0.571165621 -0.050070763 -0.819306254 -0.402685165
-0.809788942 0.051912416 0.584420025 7.749282360 0.013712369 0.997480452 -0.069603190 -0.766508937 -0.586560965 -0.048350111 -0.808460534 -0.445388079
-0.797195971 0.054613233 0.601245224 7.777249336 0.015208667 0.997400641 -0.070432134 -0.769494176 -0.603528976 -0.047004066 -0.795954466 -0.482342005
-0.783665061 0.054979075 0.618745804 7.810463905 0.016350677 0.997556090 -0.067929760 -0.774122417 -0.620968342 -0.043117274 -0.782648802 -0.524470568
-0.768383741 0.054562315 0.637659311 7.837364674 0.016306343 0.997704744 -0.065720901 -0.778800011 -0.639781654 -0.040100992 -0.767509758 -0.558971643
-0.751764417 0.059399810 0.656750977 7.874970436 0.019557234 0.997505009 -0.067832679 -0.782168388 -0.659141660 -0.038149949 -0.751050472 -0.601363182
-0.734300494 0.062376909 0.675952435 7.904865265 0.020092200 0.997330129 -0.070207082 -0.785433292 -0.678527117 -0.037971713 -0.733593225 -0.634684086
-0.716753840 0.062763065 0.694496036 7.941530228 0.019803558 0.997371674 -0.069696344 -0.790243149 -0.697045028 -0.036201637 -0.716112912 -0.672752619
-0.698117435 0.063626632 0.713150680 7.973647118 0.019770887 0.997376919 -0.069630943 -0.793572485 -0.715710342 -0.034510959 -0.697544158 -0.703772545
-0.678221405 0.062765621 0.732172251 8.007079124 0.018329211 0.997480571 -0.068530671 -0.797606587 -0.734628916 -0.033058822 -0.677663207 -0.734350204
