0.999754727 -0.007449581 0.020857127 0.001216234 0.007455483 0.999972165 -0.000205239 -0.000552036 -0.020855026 0.000360689 0.999782443 0.045520507
0.999788761 -0.009122033 0.018418156 0.001705074 0.009152960 0.999956846 -0.001595583 -0.000793482 -0.018402806 0.001763826 0.999829113 0.063277490
0.999862790 -0.011498362 0.011926510 0.001837749 0.011536168 0.999928653 -0.003105811 -0.000763486 -0.011889947 0.003242972 0.999924004 0.077319585
0.999913096 -0.013169396 -0.000530637 0.001822110 0.013166340 0.999898732 -0.005403939 -0.000726786 0.000601748 0.005396483 0.999985158 0.093605079
0.999776125 -0.012495689 -0.017072385 0.000748386 0.012402344 0.999907613 -0.005562496 -0.001091910 0.017140314 0.005349513 0.999838769 0.110610560
0.999300241 -0.008036386 -0.036530294 -0.000752533 0.007843659 0.999954581 -0.005416019 -0.001424407 0.036572155 0.005125698 0.999317825 0.127838284
0.998380184 -0.004387666 -0.056724243 -0.002599677 0.004012581 0.999969304 -0.006724615 -0.001738825 0.056752011 0.006486112 0.998367190 0.146002531
0.997069597 -0.004211248 -0.076382980 -0.004825459 0.003697473 0.999969602 -0.006866481 -0.002165762 0.076409571 0.006563936 0.997054875 0.163796499
0.995135248 -0.006029252 -0.098333240 -0.006542251 0.005422995 0.999964595 -0.006431440 -0.002246459 0.098368540 0.005866894 0.995132744 0.183227494
0.993062437 -0.007322697 -0.117359705 -0.009901537 0.006746809 0.999963284 -0.005303563 -0.002689929 0.117394216 0.004474965 0.993075252 0.202038065
0.990829706 -0.006258067 -0.134971857 -0.013940247 0.005650569 0.999972045 -0.004883547 -0.002749621 0.134998649 0.004076094 0.990837336 0.222646415
0.988553345 -0.005028712 -0.150788069 -0.017332356 0.004452432 0.999981463 -0.004159158 -0.003136258 0.150806159 0.003440176 0.988557279 0.242475078
0.986363471 -0.004186015 -0.164528921 -0.021477800 0.003470047 0.999983191 -0.004638803 -0.003361145 0.164545566 0.004004622 0.986361325 0.263626218
0.984331310 -0.006091427 -0.176223770 -0.025882605 0.005270149 0.999973059 -0.005128080 -0.003903878 0.176250204 0.004119004 0.984336793 0.285441965
0.982439101 -0.010193241 -0.186305180 -0.030316815 0.009007414 0.999933481 -0.007210354 -0.004437597 0.186366260 0.005405606 0.982465506 0.309010208
0.980920613 -0.008951842 -0.194202378 -0.034753792 0.007291201 0.999930501 -0.009264202 -0.004665372 0.194271803 0.007671478 0.980917752 0.331605345
0.979454219 -0.008779802 -0.201475129 -0.040544495 0.006668881 0.999915540 -0.011153716 -0.004921209 0.201556042 0.009580940 0.979430079 0.355697393
0.977722049 -0.009997010 -0.209665567 -0.045529991 0.007336859 0.999882460 -0.013461565 -0.005546243 0.209775493 0.011623380 0.977680504 0.379749238
0.975819349 -0.013947480 -0.218133211 -0.050998773 0.010853696 0.999822915 -0.015374847 -0.006007312 0.218308985 0.012635519 0.975797951 0.406018049
0.974108458 -0.020465132 -0.225152895 -0.057062648 0.017178249 0.999715447 -0.016548002 -0.006671046 0.225427508 0.012251816 0.974182904 0.430831075
0.972030997 -0.020475075 -0.233958259 -0.063630022 0.016561287 0.999688327 -0.018681129 -0.007495226 0.234267861 0.014283990 0.972067177 0.457740098
0.969889164 -0.017200891 -0.242938504 -0.071083456 0.011944180 0.999661982 -0.023094494 -0.007920614 0.243253648 0.019497398 0.969766736 0.484680682
0.967843413 -0.013547376 -0.251188040 -0.079050310 0.007282535 0.999639213 -0.025853677 -0.009094240 0.251447618 0.023193028 0.967592955 0.512136161
0.965599895 -0.015913047 -0.259544760 -0.086919010 0.008912467 0.999564648 -0.028127098 -0.009832827 0.259879351 0.024846341 0.965321481 0.540329337
0.963112235 -0.019077647 -0.268422842 -0.094575822 0.011443513 0.999485075 -0.029976726 -0.010974325 0.268856466 0.025799252 0.962834597 0.569453895
0.960866213 -0.018332737 -0.276405364 -0.103079826 0.009759420 0.999428630 -0.032361027 -0.012159958 0.276840687 0.028397059 0.960496068 0.597865880
0.958594322 -0.017758520 -0.284220785 -0.112933658 0.007816399 0.999318480 -0.036076397 -0.013299171 0.284667730 0.032361053 0.958079815 0.628370702
0.956393242 -0.018586589 -0.291490138 -0.122532405 0.006907028 0.999133348 -0.041046489 -0.014813853 0.292000413 0.037243254 0.955692708 0.658282578
0.954541147 -0.020353956 -0.297383368 -0.132109731 0.006177467 0.998802483 -0.048533089 -0.016516233 0.298015088 0.044489756 0.953523815 0.688999176
0.953337371 -0.021302186 -0.301154494 -0.142343238 0.004459154 0.998392344 -0.056505427 -0.018377194 0.301873982 0.052525837 0.951899767 0.719403744
0.952078640 -0.021001182 -0.305131525 -0.152879655 0.001169540 0.997882605 -0.065031685 -0.020357285 0.305851102 0.061558418 0.950087190 0.751155496
0.950724006 -0.019959098 -0.309395313 -0.165004700 -0.003207281 0.997239172 -0.074187398 -0.022938345 0.310021847 0.071524061 0.948035240 0.784786403
0.949525297 -0.018989777 -0.313115239 -0.177433938 -0.006803812 0.996684432 -0.081079438 -0.025514826 0.313616782 0.079117365 0.946247816 0.818236709
0.947869837 -0.017906107 -0.318154126 -0.189523026 -0.010564933 0.996105134 -0.087537915 -0.029108502 0.318482459 0.086335838 0.943988919 0.852239847
0.946221709 -0.016610282 -0.323092222 -0.200707823 -0.014496730 0.995500982 -0.093634821 -0.031898793 0.323193878 0.093283072 0.941723943 0.885934830
0.944565594 -0.015132970 -0.327973962 -0.213913336 -0.018255841 0.994970918 -0.098485582 -0.036235709 0.327814937 0.099013522 0.939539075 0.921171188
0.942896307 -0.012681799 -0.332844973 -0.227184057 -0.022455888 0.994581163 -0.101508640 -0.039890602 0.332328737 0.103186458 0.937502146 0.955263197
0.941239297 -0.011252748 -0.337552935 -0.240530938 -0.025124051 0.994342804 -0.103204079 -0.043488197 0.336804628 0.105620429 0.935631871 0.991502464
0.938896537 -0.011625637 -0.344003141 -0.253488749 -0.025334297 0.994384468 -0.102750905 -0.046347380 0.343265921 0.105187543 0.933329582 1.027764916
0.936835825 -0.010653983 -0.349607229 -0.267437786 -0.026147969 0.994605780 -0.100377977 -0.051681101 0.348790795 0.103179209 0.931503713 1.061583877
0.934209943 -0.010430829 -0.356571198 -0.282865584 -0.026615908 0.994747996 -0.098832689 -0.056090888 0.355729371 0.101820961 0.929025829 1.101095438
0.931035042 -0.008947697 -0.364820361 -0.297813296 -0.028019018 0.994995594 -0.095909148 -0.060369466 0.363852799 0.099516675 0.926125050 1.137491941
0.927750528 -0.006539117 -0.373143822 -0.313560158 -0.029267816 0.995492280 -0.090214200 -0.064149842 0.372051716 0.094617374 0.923377037 1.175603867
0.924293160 -0.003226717 -0.381669611 -0.331183672 -0.031576268 0.995890021 -0.084888048 -0.068156168 0.380374819 0.090513147 0.920392513 1.215589404
0.920966506 0.001429138 -0.389639288 -0.348238945 -0.035868693 0.996058106 -0.081127234 -0.071919568 0.387987405 0.088691302 0.917387426 1.252286553
0.917160571 0.002452993 -0.398510367 -0.365207016 -0.037116244 0.996160269 -0.079290241 -0.075353272 0.396785647 0.087513089 0.913730085 1.289603114
0.913029909 0.001395432 -0.407890022 -0.383865476 -0.036726434 0.996213615 -0.078801088 -0.078789271 0.406235665 0.086928107 0.909624159 1.331052303
0.909113526 0.000880439 -0.416547298 -0.401472777 -0.036367331 0.996347010 -0.077265680 -0.082453027 0.414957643 0.085391998 0.905824721 1.368817329
0.905408978 0.002443456 -0.424533308 -0.421209663 -0.038338784 0.996368110 -0.076031022 -0.085587189 0.422805667 0.085115254 0.902214408 1.407488823
0.901529729 0.001879145 -0.432712942 -0.440119445 -0.037462097 0.996574938 -0.073722087 -0.088868856 0.431092322 0.082672983 0.898512423 1.448476791
0.897947848 0.001013605 -0.440100789 -0.460542083 -0.034974162 0.996999085 -0.069062389 -0.092877507 0.438710093 0.077406570 0.895288646 1.488273025
0.893951595 0.005212926 -0.448133230 -0.481638253 -0.037811626 0.997244358 -0.063827470 -0.095713615 0.446565598 0.074003294 0.891685307 1.530846238
0.889944553 0.004231416 -0.456049085 -0.501837313 -0.035051573 0.997633874 -0.059143960 -0.099240974 0.454719812 0.068620078 0.887987196 1.571086764
0.886470675 0.003823363 -0.462768793 -0.521926999 -0.034407556 0.997742772 -0.057667144 -0.101575486 0.461503685 0.067042992 0.884601295 1.607698202
0.883119106 0.003296930 -0.469137251 -0.548422098 -0.033821903 0.997820735 -0.056655098 -0.105515108 0.467928052 0.065900311 0.881306112 1.657004833
0.879623294 0.003455968 -0.475658268 -0.570382595 -0.033353504 0.997960448 -0.054428991 -0.108186960 0.474500090 0.063741878 0.877944589 1.698401451
0.876603127 0.001682793 -0.481211007 -0.591815233 -0.030871972 0.998130560 -0.052747793 -0.111955896 0.480222642 0.061094817 0.875016451 1.738483667
0.874343455 0.000786652 -0.485306978 -0.620824516 -0.030507717 0.998109996 -0.053345729 -0.114581048 0.484347731 0.061448101 0.872714877 1.788029909
0.872111261 -0.000473005 -0.489307433 -0.645561695 -0.030040564 0.998061538 -0.054507259 -0.116812319 0.488384604 0.062235467 0.870406330 1.832096100
0.870669425 -0.000733744 -0.491867959 -0.668601930 -0.029722402 0.998093009 -0.054101378 -0.120287113 0.490969628 0.061723914 0.868987322 1.873514891
0.870528758 0.001446546 -0.492115438 -0.696836531 -0.031938702 0.998053491 -0.053564303 -0.123207681 0.491080046 0.062346790 0.868880451 1.919132352
0.870041788 0.000613449 -0.492977530 -0.720808804 -0.030335154 0.998170793 -0.052295521 -0.126274243 0.492043763 0.060453836 0.868468881 1.962554932
0.869963586 -0.000379370 -0.493115634 -0.747948050 -0.028380277 0.998303652 -0.050837029 -0.129711986 0.492298424 0.058221132 0.868477046 2.009033203
0.869617343 -0.001499929 -0.493723869 -0.774132073 -0.027422708 0.998305023 -0.051333658 -0.132785410 0.492963940 0.058179889 0.868102252 2.053182840
0.868134797 -0.005248203 -0.496300697 -0.799624920 -0.023476522 0.998390615 -0.051623028 -0.135450929 0.495772868 0.056467164 0.866614521 2.098965406
0.866877258 -0.005218059 -0.498494267 -0.830148816 -0.023165222 0.998443425 -0.050735466 -0.137575507 0.497983068 0.055529151 0.865407050 2.149962187
0.864752114 -0.004913598 -0.502174854 -0.856656551 -0.021180427 0.998705626 -0.046244968 -0.140908390 0.501752019 0.050626710 0.863528728 2.194232941
0.861900508 -0.004163513 -0.507060409 -0.883913934 -0.020138122 0.998896301 -0.042432770 -0.143983319 0.506677449 0.046784069 0.860865414 2.240152359
0.857879102 -0.005172971 -0.513825476 -0.913760245 -0.017872773 0.999043882 -0.039898191 -0.148003191 0.513540626 0.043411307 0.856966376 2.290905952
0.852760911 -0.008511047 -0.522232234 -0.941059113 -0.016054329 0.998967648 -0.042495981 -0.150711700 0.522054791 0.044622991 0.851743937 2.334117174
0.846432209 -0.012545574 -0.532348633 -0.971359015 -0.013626841 0.998884618 -0.045206808 -0.154098675 0.532321990 0.045518719 0.845317245 2.383830786
0.840271175 -0.012542134 -0.542021275 -1.001216531 -0.014361050 0.998866618 -0.045376625 -0.156281471 0.541976094 0.045912661 0.839138687 2.428998709
0.834608614 -0.009166315 -0.550767124 -1.033239603 -0.015390981 0.999083102 -0.039950389 -0.159290880 0.550628304 0.041819789 0.833702326 2.476736069
0.829831362 -0.002878329 -0.558006942 -1.062845230 -0.020360747 0.999164522 -0.035433102 -0.161918014 0.557642639 0.040764932 0.829079509 2.519962311
0.825403154 -0.003674749 -0.564531684 -1.095300198 -0.020908777 0.999093771 -0.037074234 -0.164732963 0.564156413 0.042404868 0.824578226 2.566885233
0.821824431 -0.006236927 -0.569706559 -1.125593066 -0.021075228 0.998922825 -0.041337676 -0.167455390 0.569350898 0.045979004 0.820807755 2.610429049
0.819045067 -0.008338664 -0.573668480 -1.158923626 -0.023696551 0.998549461 -0.048346922 -0.170427158 0.573239565 0.053192277 0.817659378 2.656266451
0.816130280 -0.008294161 -0.577808380 -1.190786600 -0.025004983 0.998453557 -0.049650811 -0.173894405 0.577326655 0.054969620 0.814660788 2.699146986
0.812394977 -0.007363451 -0.583060920 -1.222877502 -0.023768393 0.998670995 -0.045729332 -0.177143544 0.582622826 0.051008701 0.811140358 2.744415283
0.809527874 -0.005865494 -0.587052166 -1.255245924 -0.022043141 0.998941302 -0.040377706 -0.179923266 0.586667478 0.045627352 0.808541536 2.787760019
0.806607842 -0.003083766 -0.591078997 -1.287728548 -0.023714365 0.999012470 -0.037573509 -0.182132259 0.590611160 0.044324148 0.805738091 2.830076694
0.803233862 -0.003054149 -0.595655978 -1.320791841 -0.024489667 0.998972058 -0.038146086 -0.185166776 0.595160186 0.045227636 0.802333355 2.876455784
0.799560368 -0.005256929 -0.600562632 -1.353644013 -0.023326326 0.998935461 -0.039799582 -0.187764987 0.600132465 0.045831084 0.798586547 2.919317484
0.795613229 -0.007291640 -0.605760992 -1.387169242 -0.023038160 0.998839974 -0.042281773 -0.190844387 0.605366647 0.047595549 0.794522405 2.963086128
0.791246772 -0.008456658 -0.611438453 -1.421557546 -0.022141257 0.998852432 -0.042467326 -0.194158360 0.611095905 0.047140155 0.790151656 3.007222176
0.786976337 -0.008415760 -0.616925716 -1.455640674 -0.021992210 0.998888910 -0.041680474 -0.196829811 0.616591036 0.046369117 0.785916865 3.050039291
0.782188594 -0.007793625 -0.622992933 -1.490552306 -0.022729469 0.998899221 -0.041033812 -0.199699029 0.622626960 0.046256483 0.781150401 3.092707634
0.776558280 -0.010156094 -0.629963458 -1.526196718 -0.021176409 0.998884320 -0.042207971 -0.202449828 0.629689276 0.046117313 0.775476992 3.136553764
0.771198452 -0.011719058 -0.636486888 -1.561843038 -0.020346325 0.998865962 -0.043043811 -0.205212370 0.636269510 0.046145491 0.770085514 3.179678917
0.765223503 -0.013244006 -0.643628478 -1.597069502 -0.019282660 0.998868227 -0.043479372 -0.208590344 0.643475890 0.045682307 0.764102042 3.222434998
0.759944201 -0.014169212 -0.649833739 -1.634152651 -0.019700592 0.998800874 -0.044816963 -0.211720288 0.649689615 0.046860509 0.758753896 3.264650822
0.753735423 -0.016765663 -0.656964183 -1.672588348 -0.017755361 0.998790085 -0.045859765 -0.214986086 0.656938076 0.046230767 0.752525926 3.308281898
0.747501135 -0.017461183 -0.664031148 -1.710630655 -0.017037656 0.998821557 -0.045444056 -0.218674585 0.664042056 0.045283012 0.746322751 3.350789070
0.741071939 -0.017918829 -0.671186507 -1.748198986 -0.015621724 0.998913050 -0.043916512 -0.221590728 0.671243906 0.043030385 0.739986479 3.392908573
0.734519899 -0.017377138 -0.678364754 -1.785383701 -0.015894359 0.998957276 -0.042799599 -0.225706637 0.678401113 0.042219322 0.733477592 3.434078217
0.728247285 -0.020218175 -0.685016155 -1.826848149 -0.014005217 0.998916864 -0.044371992 -0.227694362 0.685171366 0.041907586 0.727175355 3.476347208
0.721064329 -0.021582065 -0.692531943 -1.865784049 -0.013945419 0.998860240 -0.045648452 -0.230922088 0.692727923 0.042573117 0.719941556 3.517895937
0.715413392 -0.021220481 -0.698379040 -1.905705214 -0.014934468 0.998845935 -0.045649000 -0.233883262 0.698541760 0.043087836 0.714270890 3.557473898
0.709886849 -0.020760462 -0.704009712 -1.948309660 -0.015113311 0.998886347 -0.044695515 -0.237349108 0.704153597 0.042368684 0.708782494 3.600671291
0.705492437 -0.019630859 -0.708445430 -1.991115808 -0.017115617 0.998852789 -0.044722240 -0.240974724 0.708510756 0.043676686 0.704347014 3.640936136
0.700138807 -0.020761134 -0.713704824 -2.033815384 -0.016942771 0.998812616 -0.045675434 -0.244112134 0.713805676 0.044071287 0.698955774 3.683037758
0.695053637 -0.022989325 -0.718590200 -2.075456381 -0.017570850 0.998646855 -0.048944317 -0.246956334 0.718743086 0.046645172 0.693709254 3.722609282
0.690348685 -0.025077343 -0.723042011 -2.118495703 -0.017195590 0.998547971 -0.051050812 -0.251327991 0.723272443 0.047676001 0.688915074 3.762609482
0.685188413 -0.026047301 -0.727899969 -2.162195444 -0.016593928 0.998542726 -0.051352266 -0.254155487 0.728176832 0.047264703 0.683757663 3.803011894
0.680594921 -0.025254384 -0.732224584 -2.207015753 -0.017419273 0.998565495 -0.050631493 -0.257224232 0.732452869 0.047214352 0.679178655 3.844151974
0.674569190 -0.026232632 -0.737745345 -2.250010014 -0.014719264 0.998691797 -0.048970111 -0.261248678 0.738064826 0.043892793 0.673300624 3.884871960
0.669849455 -0.027302697 -0.741994739 -2.294805527 -0.015220349 0.998608828 -0.050485607 -0.264347553 0.742340922 0.045111179 0.668502033 3.924351215
0.664913595 -0.028114269 -0.746390939 -2.340056181 -0.013759835 0.998660684 -0.049874283 -0.268006057 0.746793509 0.043432306 0.663636267 3.964459419
0.659962475 -0.028460722 -0.750759244 -2.383290052 -0.012782992 0.998712182 -0.049097452 -0.271868557 0.751189709 0.041999426 0.658748746 4.003550053
0.656526923 -0.029691201 -0.753718019 -2.432092667 -0.011901028 0.998692870 -0.049707897 -0.275007218 0.754208684 0.041604593 0.655315399 4.044134140
0.652081370 -0.033201110 -0.757421672 -2.477244377 -0.008175495 0.998674572 -0.050814755 -0.278926522 0.758104861 0.039327651 0.650945663 4.083930492
0.648357034 -0.036899067 -0.760441720 -2.522666454 -0.006729188 0.998508096 -0.054188147 -0.282152474 0.761306703 0.040250417 0.647141457 4.121253967
0.644279063 -0.041319095 -0.763673484 -2.568766117 -0.002600459 0.998415291 -0.056213859 -0.285354286 0.764786124 0.038203306 0.643150628 4.158331871
0.637436569 -0.044387870 -0.769223273 -2.615348339 0.001582055 0.998412609 -0.056302179 -0.289640814 0.770501316 0.034672122 0.636494815 4.197768688
0.628617167 -0.048131645 -0.776224017 -2.661194563 0.006835875 0.998386562 -0.056371387 -0.293682158 0.777684748 0.030129855 0.627931952 4.235969543
0.619576454 -0.049114142 -0.783398271 -2.707917213 0.009937913 0.998451352 -0.054736875 -0.297828197 0.784873426 0.026128337 0.619104981 4.272747040
0.611654282 -0.047476020 -0.789699495 -2.754050732 0.010162972 0.998586953 -0.052162509 -0.301340908 0.791059911 0.023879729 0.611272395 4.306297302
0.601385593 -0.047352653 -0.797554314 -2.806406975 0.009774772 0.998603463 -0.051918853 -0.305415720 0.798899114 0.023427336 0.601008534 4.347748280
0.592071474 -0.048734128 -0.804410577 -2.854888439 0.008563289 0.998493969 -0.054189555 -0.308576792 0.805840015 0.025195692 0.591597021 4.383627892
0.582703292 -0.051193539 -0.811070979 -2.905496120 0.009450594 0.998373330 -0.056226119 -0.312756300 0.812630057 0.025098041 0.582239151 4.418177605
0.572704136 -0.053204875 -0.818033755 -2.956810236 0.010278453 0.998279214 -0.057732113 -0.316479355 0.819697738 0.024655296 0.572265506 4.454019547
0.562550306 -0.053608421 -0.825023234 -3.006749630 0.013182219 0.998350382 -0.055882469 -0.321044445 0.826658010 0.020561064 0.562328994 4.488329887
0.552354395 -0.054009825 -0.831857800 -3.059924603 0.014433773 0.998369098 -0.055236802 -0.324878186 0.833484411 0.018503446 0.552232981 4.522861004
0.542454541 -0.054522395 -0.838313997 -3.113128424 0.014578657 0.998352408 -0.055497471 -0.329133540 0.839958608 0.017883360 0.542355597 4.555799961
0.531757534 -0.055514794 -0.845075250 -3.165316343 0.014023513 0.998289585 -0.056755576 -0.333194137 0.846780479 0.018329287 0.531626403 4.589172363
0.521201432 -0.056634840 -0.851552486 -3.219398975 0.013311257 0.998213708 -0.058241665 -0.336740613 0.853329778 0.019020403 0.521024406 4.622671127
0.511593878 -0.057097398 -0.857328176 -3.274995804 0.011258959 0.998149335 -0.059757419 -0.341371447 0.859153569 0.020918906 0.511289954 4.654730797
0.502256513 -0.056597468 -0.862864494 -3.326989412 0.010715276 0.998186469 -0.059236433 -0.346063107 0.864652276 0.020506050 0.501952112 4.684922218
0.493717074 -0.054588526 -0.867907524 -3.383159161 0.010600575 0.998331428 -0.056761526 -0.350634038 0.869557858 0.018823817 0.493471980 4.716384411
0.485413671 -0.053202726 -0.872664392 -3.438467503 0.011046810 0.998440266 -0.054726060 -0.354427665 0.874214768 0.016924620 0.485244334 4.747514725
0.477939069 -0.053023878 -0.876791179 -3.493374348 0.011195572 0.998462975 -0.054279253 -0.359401107 0.878321648 0.016125999 0.477798045 4.776248455
0.470140994 -0.056086276 -0.880807459 -3.550545216 0.011703314 0.998287141 -0.057320140 -0.363221377 0.882513642 0.016640179 0.469992161 4.806451797
0.463406980 -0.059533972 -0.884143472 -3.605837822 0.015542582 0.998133242 -0.059063155 -0.367992252 0.886009276 0.013628405 0.463467211 4.835247040
0.457113057 -0.063529685 -0.887136757 -3.662248611 0.018315343 0.997906506 -0.062024839 -0.371666700 0.889219940 0.012104151 0.457319736 4.864401817
0.451650560 -0.065777242 -0.889766872 -3.719352007 0.018747957 0.997758090 -0.064244077 -0.377539843 0.891997874 0.012334563 0.451871246 4.893394947
0.447084367 -0.066786043 -0.891995013 -3.775954247 0.021085354 0.997718513 -0.064133473 -0.382267267 0.894243240 0.009865045 0.447472572 4.921469688
0.442268699 -0.063392617 -0.894639492 -3.832901001 0.022164056 0.997966886 -0.059757326 -0.387573212 0.896608770 0.006599954 0.442774534 4.950584412
0.439179480 -0.060946390 -0.896329701 -3.892648697 0.024155648 0.998136580 -0.056033134 -0.392485917 0.898074508 0.002957175 0.439833313 4.978836060
0.436831594 -0.060954742 -0.897475719 -3.949378490 0.024667174 0.998137951 -0.055785175 -0.396307856 0.899205029 0.002230542 0.437521935 5.005016327
0.433285534 -0.060740486 -0.899207532 -4.006607056 0.027210880 0.998153150 -0.054312512 -0.401191711 0.900845826 -0.000935404 0.434138179 5.032992363
0.429726273 -0.058880262 -0.901037395 -4.064569950 0.029373147 0.998255014 -0.051224414 -0.406437218 0.902481377 -0.004453829 0.430705935 5.060874939
0.428138882 -0.058963366 -0.901787281 -4.120575905 0.031003784 0.998240173 -0.050550345 -0.409963578 0.903180957 -0.006316243 0.429213613 5.087173462
0.426676422 -0.059620369 -0.902437031 -4.177950859 0.032560065 0.998190582 -0.050551862 -0.414200664 0.903818071 -0.007814121 0.427845657 5.113450527
0.423603296 -0.061855163 -0.903733432 -4.232245445 0.037408542 0.998009324 -0.050773427 -0.416529983 0.905075014 -0.012299557 0.425074011 5.139617920
0.420936793 -0.059908003 -0.905109525 -4.284940243 0.040138267 0.998069465 -0.047393907 -0.421524286 0.906201541 -0.016379688 0.422528714 5.165075302
0.418707967 -0.060665999 -0.906092286 -4.340696335 0.042894948 0.997973680 -0.046995886 -0.424287617 0.907107294 -0.019189231 0.420461893 5.190605640
0.417360097 -0.062303301 -0.906602859 -4.394907951 0.045220926 0.997834921 -0.047755200 -0.427841127 0.907615364 -0.021066308 0.419273973 5.214784622
0.416485637 -0.063450471 -0.906925440 -4.450185776 0.046879139 0.997733355 -0.048275366 -0.431689113 0.907932818 -0.022409881 0.418516129 5.239646435
0.417178869 -0.063979462 -0.906569600 -4.503008366 0.045481097 0.997738898 -0.049484387 -0.435466856 0.907685697 -0.020587934 0.419145465 5.262166977
0.416786551 -0.065197214 -0.906663418 -4.554796696 0.046100274 0.997657001 -0.050548527 -0.439514399 0.907834649 -0.020729471 0.418815702 5.287094116
0.419768989 -0.065651290 -0.905253530 -4.605679512 0.044226740 0.997675240 -0.051845875 -0.442536712 0.906552792 -0.018273121 0.421696663 5.309680939
0.423273474 -0.064753585 -0.903684974 -4.656024456 0.041740477 0.997777224 -0.051945116 -0.447374314 0.905039966 -0.015733257 0.425035506 5.333773136
0.428735614 -0.063682638 -0.901182652 -4.707629681 0.039223958 0.997883976 -0.051855393 -0.452357203 0.902578175 -0.013115700 0.430326343 5.357850075
0.433919787 -0.066529341 -0.898491740 -4.756374359 0.041684560 0.997684300 -0.053742878 -0.454282820 0.899986684 -0.014133131 0.435688257 5.381560802
0.440756679 -0.065511949 -0.895232737 -4.804515839 0.040610097 0.997767270 -0.053021420 -0.458081841 0.896707535 -0.012985946 0.442433029 5.405529976
0.449077606 -0.063889302 -0.891205609 -4.854620934 0.038788814 0.997893929 -0.051991999 -0.461660624 0.892650366 -0.011220367 0.450610071 5.429767609
0.458640069 -0.062322900 -0.886433959 -4.904762745 0.037103608 0.998010755 -0.050970200 -0.465735614 0.887847185 -0.009512922 0.460040063 5.454442978
0.467967093 -0.062259346 -0.881550074 -4.951221466 0.036756396 0.998023391 -0.050973281 -0.469161987 0.882981181 -0.008548783 0.469330549 5.478976250
0.477666706 -0.061692685 -0.876372337 -4.997827053 0.035082009 0.998075247 -0.051138576 -0.473551452 0.877840340 -0.006317708 0.478911608 5.504554749
0.488148928 -0.064031459 -0.870408297 -5.044790268 0.033698454 0.997944176 -0.054514598 -0.476392239 0.872109532 -0.002720173 0.489303112 5.529918671
0.499877006 -0.063736118 -0.863748074 -5.092122078 0.031754278 0.997966766 -0.055262979 -0.481242120 0.865514100 0.000196998 0.500884533 5.556279182
0.511986375 -0.062679909 -0.856703639 -5.137241364 0.029061010 0.998027205 -0.055652168 -0.483777374 0.858501732 0.003596486 0.512797952 5.583705425
0.524983227 -0.061223187 -0.848907709 -5.182492256 0.028979072 0.998116910 -0.054062851 -0.487045377 0.850619018 0.003781537 0.525768936 5.611354828
0.538353801 -0.057525273 -0.840753257 -5.227789402 0.026470741 0.998329461 -0.051356975 -0.491018653 0.842303038 0.005392869 0.538977265 5.638596535
0.550996184 -0.057253461 -0.832541525 -5.272507668 0.026339814 0.998339772 -0.051222995 -0.494174480 0.834091961 0.006294691 0.551589370 5.666753769
0.561704218 -0.057727382 -0.825321615 -5.314232826 0.027036319 0.998310745 -0.051426549 -0.497995555 0.826896250 0.006572857 0.562316239 5.695925236
0.572854578 -0.058599282 -0.817559600 -5.355269432 0.028491519 0.998261929 -0.051587597 -0.502132773 0.819161713 0.006258676 0.573528588 5.724503994
0.583943784 -0.059315670 -0.809624195 -5.397830963 0.028469287 0.998209834 -0.052598514 -0.505215645 0.811294734 0.007665159 0.584587097 5.754377365
0.594676375 -0.059694055 -0.801745951 -5.437956810 0.028776221 0.998181164 -0.052975554 -0.508219182 0.803449929 0.008432097 0.595312536 5.784104347
0.605722666 -0.056674976 -0.793654799 -5.479344368 0.027838616 0.998358846 -0.050046291 -0.512294233 0.795188606 0.008219922 0.606306374 5.814646721
0.616490245 -0.054234363 -0.785492539 -5.519212246 0.028467823 0.998507917 -0.046599183 -0.515530944 0.786847770 0.006366680 0.617114305 5.844899654
0.626099706 -0.052765872 -0.777955592 -5.557378292 0.027203443 0.998578489 -0.045836549 -0.518481612 0.779268324 0.007535180 0.626645088 5.875086784
0.637150884 -0.052549351 -0.768945515 -5.595844746 0.025609763 0.998565614 -0.047021125 -0.521262527 0.770313561 0.010267037 0.637582600 5.904623508
0.645646095 -0.051599409 -0.761891484 -5.632396221 0.022945177 0.998574853 -0.048184566 -0.524370074 0.763292015 0.013628442 0.645909905 5.937159538
0.656590819 -0.050162323 -0.752577066 -5.669168472 0.022423448 0.998643219 -0.047000151 -0.528159082 0.753913581 0.013984502 0.656824768 5.967082024
0.664098382 -0.049342263 -0.746015191 -5.705011368 0.022786386 0.998692095 -0.045770288 -0.530449808 0.747297883 0.013396981 0.664354026 6.000020504
0.673104465 -0.048176330 -0.737976551 -5.741148472 0.023414586 0.998763919 -0.043844637 -0.533271432 0.739176631 0.012232609 0.673400521 6.031888962
0.680271447 -0.047731463 -0.731404483 -5.774486542 0.024069766 0.998793840 -0.042794283 -0.536242604 0.732564986 0.011506991 0.680599868 6.064544678
0.688141048 -0.046700928 -0.724072456 -5.808431149 0.022654042 0.998822868 -0.042891819 -0.538856506 0.725223184 0.013112450 0.688388944 6.096580029
0.696089149 -0.045784466 -0.716494203 -5.842035294 0.021631699 0.998848975 -0.042811487 -0.541339040 0.717629492 0.014301624 0.696278214 6.128290176
0.702915251 -0.043462183 -0.709944427 -5.874742985 0.021680536 0.998976767 -0.039690614 -0.544098437 0.710942984 0.012507166 0.703138351 6.160243034
0.710623384 -0.040199723 -0.702423155 -5.906905174 0.020236434 0.999121130 -0.036707088 -0.546829641 0.703281403 0.011870382 0.710812449 6.192166805
0.717430830 -0.038688440 -0.695554614 -5.938229084 0.019256279 0.999176443 -0.035714712 -0.549300909 0.696363568 0.012229044 0.717585027 6.225110054
0.725035369 -0.037646241 -0.687681973 -5.969039917 0.018457416 0.999208391 -0.035240360 -0.551706433 0.688464344 0.012857678 0.725156367 6.256931782
0.732854962 -0.035148893 -0.679476380 -5.999273300 0.016172595 0.999282479 -0.034249172 -0.553840160 0.680192649 0.014110779 0.732897580 6.289233208
0.741871595 -0.032319948 -0.669762611 -6.027858734 0.015264113 0.999392986 -0.031319018 -0.555783272 0.670368195 0.013011363 0.741914570 6.320755005
0.751263738 -0.028341493 -0.659393430 -6.057384968 0.013381417 0.999526203 -0.027715014 -0.558299065 0.659866452 0.011997671 0.751286983 6.353722095
0.761534512 -0.026288407 -0.647591054 -6.084938049 0.011722007 0.999572277 -0.026792290 -0.560056686 0.648018479 0.012812186 0.761516869 6.385519981
0.771272480 -0.025113482 -0.636009514 -6.112698078 0.009841724 0.999572396 -0.027534319 -0.562419415 0.636429012 0.014977030 0.771189868 6.418644905
0.780946314 -0.026056049 -0.624054432 -6.139323711 0.009738225 0.999516010 -0.029546145 -0.564287305 0.624522269 0.016996771 0.780821979 6.451783657
0.790987313 -0.025436895 -0.611303508 -6.164604664 0.009680727 0.999530613 -0.029065149 -0.565979362 0.611755788 0.017072301 0.790862501 6.484317780
0.801244676 -0.023532324 -0.597874045 -6.189502716 0.009049823 0.999588549 -0.027215637 -0.568185687 0.598268449 0.016395731 0.801127970 6.517470837
0.811232865 -0.022083238 -0.584306061 -6.213865757 0.009663244 0.999656379 -0.024364816 -0.569578290 0.584643364 0.014119249 0.811167538 6.550647259
0.820992112 -0.020430243 -0.570573747 -6.238109589 0.009602888 0.999712348 -0.021978687 -0.570987284 0.570858657 0.012565177 0.820952177 6.584493160
0.829805136 -0.019018475 -0.557729125 -6.260820389 0.010327900 0.999771237 -0.018725907 -0.572980165 0.557957709 0.009778683 0.829811752 6.618600845
0.838061035 -0.018990938 -0.545245945 -6.283965588 0.011641812 0.999788821 -0.016928837 -0.574289918 0.545452356 0.007839746 0.838105083 6.653742790
0.845096231 -0.018782735 -0.534284234 -6.305563927 0.012552673 0.999804258 -0.015293058 -0.575508714 0.534466863 0.006217408 0.845166564 6.688226700
0.851616204 -0.018075529 -0.523854136 -6.326663017 0.012260037 0.999818802 -0.014567805 -0.576868236 0.524022520 0.005983707 0.851683319 6.723300934
0.858369768 -0.017046396 -0.512748182 -6.348165035 0.010885717 0.999828041 -0.015016123 -0.578040719 0.512915909 0.007307754 0.858407736 6.758164883
0.865195036 -0.015672563 -0.501190484 -6.370764256 0.010027817 0.999852300 -0.013955236 -0.579002023 0.501335144 0.007048155 0.865224481 6.795483589
0.871501446 -0.013910271 -0.490195662 -6.391294956 0.008425190 0.999874771 -0.013394579 -0.580070019 0.490320623 0.007543403 0.871509552 6.831650257
0.877350450 -0.015112496 -0.479611963 -6.411325932 0.009828685 0.999860227 -0.013525900 -0.581248581 0.479749292 0.007153000 0.877376497 6.867738724
0.882086456 -0.016418811 -0.470801353 -6.431797981 0.010933926 0.999836743 -0.014382851 -0.582710207 0.470960677 0.007539212 0.882121980 6.907072544
0.886292040 -0.016912246 -0.462817878 -6.451359272 0.011327654 0.999825597 -0.014843179 -0.583689690 0.462988257 0.007912751 0.886329114 6.944815636
0.890114188 -0.015286706 -0.455480963 -6.471278191 0.010068872 0.999852955 -0.013879864 -0.584937453 0.455626160 0.007768487 0.890137374 6.981854916
0.893061578 -0.014566178 -0.449698448 -6.491528511 0.010755397 0.999881327 -0.011027865 -0.585485458 0.449805766 0.005011878 0.893112361 7.022371292
0.896307051 -0.010039081 -0.443320304 -6.510798454 0.007998909 0.999946952 -0.006471778 -0.586695492 0.443361849 0.002254623 0.896339893 7.060689926
0.899457157 -0.007764908 -0.436940014 -6.530092239 0.006841577 0.999969721 -0.003686932 -0.587428570 0.436955452 0.000326878 0.899483144 7.100283623
0.902655602 -0.004941629 -0.430335313 -6.550674438 0.004861993 0.999987364 -0.001284721 -0.588436484 0.430336207 -0.000932627 0.902668178 7.142702579
0.905886769 -0.003167984 -0.423508376 -6.569726944 0.003800165 0.999992549 0.000648297 -0.588598013 0.423503190 -0.002196685 0.905891955 7.184168816
0.909148335 -0.001154098 -0.416470766 -6.588778496 0.003003522 0.999988317 0.003785527 -0.589704216 0.416461498 -0.004692486 0.909141183 7.225794315
0.912433028 -0.001402423 -0.409223676 -6.609305859 0.004096622 0.999975324 0.005707162 -0.589642584 0.409205496 -0.006883837 0.912416399 7.270445824
0.916063428 -0.002375714 -0.401026368 -6.629127979 0.005368343 0.999965549 0.006339012 -0.589373052 0.400997430 -0.007959785 0.916044593 7.314208031
0.919665992 -0.003279703 -0.392687768 -6.648180962 0.006198203 0.999961793 0.006164439 -0.588827431 0.392652482 -0.008103183 0.919651210 7.358768940
0.923262358 -0.004859584 -0.384139359 -6.666568756 0.007854103 0.999949753 0.006227056 -0.590119123 0.384089798 -0.008766277 0.923254132 7.404428959
0.927250206 -0.006708261 -0.374382347 -6.685157299 0.009132466 0.999947190 0.004701535 -0.590224385 0.374331057 -0.007778534 0.927262485 7.450292587
0.931671858 -0.007106800 -0.363231510 -6.702929497 0.008845260 0.999955952 0.003123052 -0.590287566 0.363193363 -0.006122537 0.931693673 7.496810913
0.936747670 -0.005545659 -0.349961549 -6.721831799 0.006647625 0.999975979 0.001947709 -0.590426385 0.349942267 -0.004150926 0.936762035 7.545161247
0.942717910 -0.001439983 -0.333587825 -6.738844872 0.002735581 0.999990404 0.003414133 -0.591052115 0.333579689 -0.004131121 0.942712843 7.592462063
0.948831201 0.001409872 -0.315780699 -6.753213882 0.000587589 0.999980390 0.006230170 -0.591439664 0.315783232 -0.006096928 0.948811710 7.637841702
0.955404460 0.004545614 -0.295265496 -6.770653725 -0.002374997 0.999967456 0.007709617 -0.590572119 0.295290858 -0.006664548 0.955384135 7.690225601
0.961868644 0.007110984 -0.273419201 -6.788496971 -0.004930733 0.999950349 0.008660378 -0.590435982 0.273467183 -0.006981989 0.961856008 7.743450642
0.967480421 0.007059831 -0.252847284 -6.798505783 -0.004791643 0.999942541 0.009585255 -0.589999557 0.252900451 -0.008061993 0.967458725 7.790731430
0.973014593 0.008688152 -0.230580017 -6.812403679 -0.005807526 0.999896407 0.013168720 -0.591499686 0.230670527 -0.011474256 0.972964227 7.844441891
0.977883637 0.011486040 -0.208834291 -6.823001385 -0.008150486 0.999825120 0.016825803 -0.591613889 0.208991081 -0.014751572 0.977806330 7.896514893
0.982418895 0.012987688 -0.186237738 -6.835208893 -0.009319298 0.999745131 0.020559341 -0.591034114 0.186457306 -0.018462278 0.982289553 7.950226784
0.986528337 0.015535777 -0.162851185 -6.846516132 -0.011762784 0.999640048 0.024107080 -0.590042114 0.163167104 -0.021866735 0.986356080 8.005391121
0.989834785 0.016901780 -0.141214043 -6.854319096 -0.013680640 0.999624312 0.023750165 -0.589177847 0.141562358 -0.021576839 0.989694297 8.064407349
0.992787242 0.016112981 -0.118801393 -6.861100674 -0.013621384 0.999670506 0.021755099 -0.588591516 0.119112775 -0.019979943 0.992679775 8.117449760
0.995049179 0.016529908 -0.098000139 -6.866006851 -0.014530250 0.999672115 0.021083392 -0.587788105 0.098316506 -0.019555043 0.994963109 8.171669006
0.996864378 0.015483099 -0.077600375 -6.870798588 -0.013718253 0.999636173 0.023224466 -0.588707864 0.077931724 -0.022087103 0.996713996 8.228973389
0.998206913 0.015306119 -0.057868291 -6.876447201 -0.013916737 0.999606967 0.024336668 -0.586022317 0.058218043 -0.023487691 0.998027563 8.295934677
0.999161243 0.016479269 -0.037489038 -6.879190445 -0.015523508 0.999550641 0.025644198 -0.586029887 0.037894793 -0.025040723 0.998967946 8.353754044
0.999694169 0.017776914 -0.017197315 -6.881184101 -0.017325485 0.999510467 0.026052082 -0.584780395 0.017652027 -0.025746159 0.999512613 8.415392876
0.999828577 0.018072696 0.004032001 -6.882738590 -0.018170774 0.999502420 0.025782805 -0.582181513 -0.003564034 -0.025851648 0.999659419 8.479249954
0.999484360 0.020305982 0.024874486 -6.882747173 -0.020938180 0.999457419 0.025424542 -0.581183434 -0.024344722 -0.025932260 0.999367177 8.546174049
0.998771846 0.021040201 0.044857256 -6.879149437 -0.022136703 0.999464691 0.024089230 -0.579520106 -0.044326402 -0.025052637 0.998702943 8.603975296
0.997654855 0.021897025 0.064848900 -6.877888203 -0.023378614 0.999480605 0.022176675 -0.580731750 -0.064329624 -0.023640744 0.997648656 8.667717934
0.996209979 0.024111586 0.083573386 -6.873019218 -0.025769157 0.999491036 0.018811947 -0.578358412 -0.083077244 -0.020894263 0.996324062 8.737963676
0.994478583 0.024414672 0.102060355 -6.865898132 -0.026324995 0.999501765 0.017412562 -0.578020334 -0.101584390 -0.020003159 0.994625866 8.800859451
0.992316544 0.023972588 0.121380672 -6.859378338 -0.025924616 0.999558330 0.014528012 -0.577940047 -0.120978795 -0.017563131 0.992499709 8.860519409
0.989761591 0.025786752 0.140381202 -6.851367950 -0.027267290 0.999590874 0.008633047 -0.577365100 -0.140101150 -0.012372478 0.990059853 8.936183929
0.986984134 0.027856497 0.158386290 -6.842103004 -0.028582817 0.999588788 0.002309220 -0.577410758 -0.158256814 -0.006806290 0.987374485 9.000302315
0.984038591 0.029844975 0.175434485 -6.830470085 -0.029851876 0.999550939 -0.002600241 -0.579295516 -0.175433278 -0.002678312 0.984487653 9.065276146
0.980629385 0.032445583 0.193166465 -6.817224503 -0.031729814 0.999473333 -0.006798854 -0.579488754 -0.193285301 0.000538021 0.981142461 9.134243011
0.976940513 0.033878736 0.210806727 -6.804767132 -0.032506697 0.999421895 -0.009971385 -0.580165267 -0.211022630 0.002888818 0.977476895 9.203742981
0.973022461 0.033044025 0.228331566 -6.789325714 -0.031639069 0.999451280 -0.009811888 -0.581620693 -0.228530467 0.002322988 0.973534048 9.271296501
0.968931675 0.032235172 0.245219037 -6.772942066 -0.030513996 0.999475777 -0.010816038 -0.583147824 -0.245439157 0.002997387 0.969407439 9.338902473
0.964384019 0.033754356 0.262343675 -6.755473137 -0.030844424 0.999408543 -0.015203444 -0.585869312 -0.262701690 0.006570116 0.964854717 9.406784058
0.959868610 0.034174036 0.278359890 -6.736011505 -0.029868536 0.999359787 -0.019694967 -0.587698817 -0.278854698 0.010590382 0.960274875 9.476902008
0.954913199 0.036408443 0.294644058 -6.714137554 -0.031871051 0.999288082 -0.020188531 -0.588987410 -0.295169294 0.009887679 0.955393791 9.545740128
0.949185371 0.038871504 0.312307626 -6.691615105 -0.033989485 0.999200284 -0.021062840 -0.591508448 -0.312876552 0.009377365 0.949747562 9.612506866
0.943067908 0.041947596 0.329944342 -6.669282913 -0.036079224 0.999063313 -0.023892337 -0.594067216 -0.330637455 0.010627963 0.943697929 9.687555313
0.936924100 0.042656817 0.346920133 -6.643587112 -0.035382070 0.999001443 -0.027279774 -0.597521663 -0.347737372 0.013284324 0.937497914 9.753838539
0.930323541 0.044426914 0.364039034 -6.615141869 -0.036159184 0.998910606 -0.029498961 -0.602069914 -0.364952922 0.014280221 0.930916429 9.824462891
0.923240185 0.044731002 0.381610423 -6.589451790 -0.033588614 0.998793900 -0.035813186 -0.602560401 -0.382752120 0.020246413 0.923629105 9.899140358
0.915127575 0.048070263 0.400288284 -6.561090946 -0.034327939 0.998551309 -0.041435584 -0.607400179 -0.401700199 0.024177777 0.915452063 9.967932701
0.905726612 0.051831428 0.420681417 -6.528532505 -0.036069963 0.998320162 -0.045342695 -0.610786736 -0.422324896 0.025894126 0.906074584 10.033597946
0.893866241 0.054211311 0.445044070 -6.497873783 -0.037462197 0.998222470 -0.046352163 -0.615198851 -0.446765780 0.024760310 0.894308269 10.106211662
0.880595148 0.059352770 0.470137656 -6.463558197 -0.040926903 0.997943819 -0.049327463 -0.619671583 -0.472098649 0.024196250 0.881213665 10.174811363
0.866894186 0.063318565 0.494454354 -6.428458214 -0.042670213 0.997685075 -0.052950140 -0.623705626 -0.496662468 0.024803709 0.867589295 10.238420486
0.852066815 0.067292355 0.519089460 -6.387363434 -0.044637006 0.997430682 -0.056032237 -0.629461527 -0.521526277 0.024572613 0.852881312 10.312137604
0.836864293 0.069093004 0.543032348 -6.346067905 -0.044464760 0.997304440 -0.058368113 -0.634686887 -0.545601428 0.024700388 0.837680697 10.378282547
0.821133852 0.070177533 0.566404641 -6.304845810 -0.043930560 0.997239053 -0.059870437 -0.642461836 -0.569042325 0.024279179 0.821949661 10.443094254
0.805276334 0.072870351 0.588404536 -6.258984566 -0.042333126 0.996952176 -0.065530412 -0.647073925 -0.591386437 0.027861081 0.805906832 10.509021759
0.789193332 0.075013153 0.609546483 -6.213763237 -0.040197380 0.996693611 -0.070612542 -0.654211283 -0.612828016 0.031224772 0.789599180 10.570197105
0.773524880 0.077376835 0.629024863 -6.163810730 -0.039076459 0.996453524 -0.074521407 -0.658907950 -0.632560194 0.033064097 0.773805141 10.630181313
