0.999793410 -0.009066519 0.018197425 0.001923366 0.009095854 0.999957442 -0.001529844 -0.000868879 -0.018182784 0.001695049 0.999833167 0.055813737
0.999868095 -0.011538950 0.011428700 0.001872376 0.011575229 0.999928057 -0.003113200 -0.000931335 -0.011391956 0.003245080 0.999929786 0.071194291
0.999911606 -0.013287049 -0.000488302 0.001387249 0.013284311 0.999898016 -0.005241034 -0.000857761 0.000557890 0.005234084 0.999986172 0.085875861
0.999780357 -0.012425304 -0.016876057 0.000379158 0.012342954 0.999911427 -0.004975120 -0.001455237 0.016936379 0.004765728 0.999845147 0.101308867
0.999312997 -0.007939308 -0.036198806 -0.000986746 0.007765794 0.999957621 -0.004931496 -0.001761237 0.036236424 0.004646997 0.999332428 0.117313735
0.998447776 -0.004201494 -0.055535685 -0.003121596 0.003854907 0.999972403 -0.006346441 -0.001878494 0.055560812 0.006122505 0.998436511 0.133624420
0.997111857 -0.004236634 -0.075827435 -0.004962119 0.003752011 0.999971569 -0.006532460 -0.002201716 0.075852960 0.006229087 0.997099519 0.150569081
0.995267928 -0.005676122 -0.097002894 -0.006983556 0.005123944 0.999969244 -0.005940540 -0.002476727 0.097033627 0.005415392 0.995266378 0.168143839
0.993188083 -0.007007687 -0.116311356 -0.010302559 0.006447711 0.999965787 -0.005190018 -0.002700198 0.116343722 0.004404721 0.993199289 0.186729342
0.990891457 -0.006020526 -0.134528518 -0.012993258 0.005450730 0.999974549 -0.004603414 -0.002895402 0.134552851 0.003828205 0.990899026 0.204744652
0.988650024 -0.004690500 -0.150163919 -0.016852314 0.004214928 0.999985099 -0.003485142 -0.003460380 0.150178045 0.002812656 0.988654971 0.224596903
0.986507893 -0.004312922 -0.163656905 -0.020322481 0.003728533 0.999985456 -0.003877822 -0.003598163 0.163671255 0.003215302 0.986509681 0.243526623
0.984363616 -0.005930291 -0.176048383 -0.024266999 0.005152432 0.999974787 -0.004875220 -0.003813669 0.176072866 0.003891913 0.984369397 0.264069766
0.982612967 -0.009421165 -0.185426578 -0.028523386 0.008255068 0.999940991 -0.007059789 -0.004298506 0.185482174 0.005406330 0.982632756 0.285055310
0.981194019 -0.008096126 -0.192854211 -0.033398345 0.006547655 0.999940991 -0.008665235 -0.004980497 0.192912996 0.007239533 0.981189191 0.307307869
0.979643703 -0.007985868 -0.200585112 -0.038184009 0.005950162 0.999924541 -0.010749687 -0.004873942 0.200655803 0.009337351 0.979617238 0.328979552
0.977895081 -0.009453867 -0.208882242 -0.043395132 0.006848934 0.999889553 -0.013190608 -0.005559805 0.208983883 0.011468413 0.977851808 0.352465928
0.976169527 -0.013391667 -0.216595829 -0.048356581 0.010394366 0.999833822 -0.014971565 -0.005961858 0.216760352 0.012363411 0.976146579 0.375266910
0.974277377 -0.020775467 -0.224392697 -0.053766184 0.017671684 0.999718487 -0.015831625 -0.006582497 0.224658445 0.011458998 0.974370182 0.399580300
0.972296774 -0.020224655 -0.232873082 -0.060110856 0.016309153 0.999691606 -0.018727254 -0.007110260 0.233180001 0.014410485 0.972326815 0.424033761
0.970338881 -0.016742600 -0.241168201 -0.067777634 0.011564581 0.999671638 -0.022870081 -0.007862579 0.241471902 0.019402720 0.970213830 0.449842393
0.968099654 -0.013336923 -0.250210166 -0.074527547 0.007093969 0.999641001 -0.025836151 -0.008572769 0.250464946 0.023236983 0.967846751 0.475021243
0.965903640 -0.015239544 -0.258452922 -0.082057074 0.008231824 0.999569118 -0.028174685 -0.009397043 0.258770913 0.025086489 0.965612948 0.501499772
0.963438034 -0.018827941 -0.267269343 -0.089313596 0.011201741 0.999486208 -0.030029953 -0.010369301 0.267697513 0.025938112 0.963153839 0.528398871
0.961214244 -0.018146649 -0.275205344 -0.097851194 0.009557166 0.999425411 -0.032520220 -0.011687933 0.275637358 0.028628714 0.960835338 0.556648374
0.958846569 -0.017922342 -0.283358544 -0.106397875 0.008007856 0.999315798 -0.036108904 -0.012659781 0.283811808 0.032353811 0.958334029 0.583641648
0.956578255 -0.018657312 -0.290878057 -0.115318052 0.006891138 0.999117970 -0.041422654 -0.013953713 0.291394264 0.037619531 0.955863059 0.612010181
0.954798579 -0.020682385 -0.296532989 -0.124346398 0.006533029 0.998795629 -0.048627794 -0.015687522 0.297181576 0.044492494 0.953783751 0.640852153
0.953392327 -0.021619940 -0.300958157 -0.133675382 0.004679310 0.998369157 -0.056896485 -0.017311884 0.301697433 0.052836396 0.951938510 0.670146704
0.952196181 -0.022438910 -0.304662049 -0.144347399 0.002539741 0.997845650 -0.065555394 -0.019307565 0.305476725 0.061647825 0.950201869 0.700544298
0.950918138 -0.020946661 -0.308732539 -0.154540986 -0.002098555 0.997246802 -0.074124157 -0.021458678 0.309435219 0.071133904 0.948256195 0.730775535
0.949588597 -0.020134004 -0.312851489 -0.165071651 -0.005623912 0.996680856 -0.081212908 -0.024196282 0.313448250 0.078878306 0.946323693 0.760763466
0.948165298 -0.017595196 -0.317290097 -0.176865697 -0.010800012 0.996104836 -0.087512523 -0.027319144 0.317594022 0.086403057 0.944282055 0.791075230
0.946493387 -0.015945420 -0.322328866 -0.187674403 -0.015172782 0.995475531 -0.093799233 -0.029978722 0.322366148 0.093671009 0.941969037 0.823557734
0.944766164 -0.015304091 -0.327387780 -0.199773848 -0.017960720 0.994990468 -0.098342404 -0.033812087 0.327252775 0.098790705 0.939758480 0.856267929
0.943254888 -0.013151924 -0.331808895 -0.212291151 -0.021841617 0.994594395 -0.101513378 -0.037263654 0.331350327 0.103000246 0.937868774 0.887306750
0.941459954 -0.010141023 -0.336972266 -0.224984378 -0.026376318 0.994267762 -0.103614308 -0.040530700 0.336091399 0.106436811 0.935795784 0.921308875
0.939331532 -0.010191809 -0.342859268 -0.237267762 -0.026744612 0.994339406 -0.102829881 -0.044187624 0.341966450 0.105760984 0.933741629 0.953400791
0.937083423 -0.010231685 -0.348955572 -0.251505494 -0.026719978 0.994536221 -0.100914389 -0.048485659 0.348081440 0.103889287 0.931690037 0.988378763
0.934484005 -0.011158797 -0.355830163 -0.263817906 -0.025790682 0.994760394 -0.098927282 -0.052283790 0.355069637 0.101623073 0.929299831 1.021308661
0.931401074 -0.010304838 -0.363848567 -0.277635694 -0.026387637 0.995057404 -0.095730416 -0.056282762 0.363036722 0.098764524 0.926525712 1.054670215
0.928160012 -0.007184887 -0.372112244 -0.291450262 -0.028421108 0.995526016 -0.090112790 -0.059816495 0.371094823 0.094214939 0.923803091 1.088580966
0.924620271 -0.004221497 -0.380866796 -0.307969511 -0.030570237 0.995890200 -0.085252941 -0.063361458 0.379661381 0.090469778 0.920691311 1.125664711
0.920903385 -0.001238424 -0.389788866 -0.321740210 -0.032914761 0.996176362 -0.080928452 -0.066774487 0.388398618 0.087357096 0.917341471 1.158353806
0.917305827 0.000654186 -0.398182809 -0.340036333 -0.035263926 0.996202767 -0.079601884 -0.070323959 0.396618754 0.087060764 0.913845778 1.196078897
0.913300693 0.000242576 -0.407285929 -0.355957687 -0.035311431 0.996281624 -0.078589223 -0.074048743 0.405752391 0.086157434 0.909913123 1.230720401
0.909286320 -0.000506221 -0.416170955 -0.372326314 -0.034637690 0.996437669 -0.076891452 -0.077133462 0.414727300 0.084331542 0.906029463 1.266888380
0.905433118 0.000158050 -0.424489141 -0.389851749 -0.035639778 0.996497452 -0.075648442 -0.079901904 0.422990382 0.083623290 0.902267337 1.301600575
0.901912034 0.000978759 -0.431918561 -0.409433931 -0.036226239 0.996645272 -0.073387496 -0.084329791 0.430397779 0.081835851 0.898921907 1.340271354
0.898408711 0.000712278 -0.439159572 -0.428177565 -0.034420446 0.997036576 -0.068798363 -0.087337703 0.437809199 0.076925121 0.895770967 1.376173854
0.894879878 0.004166747 -0.446287602 -0.448024899 -0.036360055 0.997313023 -0.063596494 -0.090539694 0.444823533 0.073138267 0.892626882 1.413230658
0.890476108 0.003016973 -0.455020040 -0.467593819 -0.033840839 0.997647822 -0.059611838 -0.093321577 0.453769863 0.068481177 0.888483644 1.453366995
0.887350380 0.002974761 -0.461086154 -0.487301022 -0.033176359 0.997799277 -0.057409752 -0.096464455 0.459900618 0.066239715 0.885496259 1.489078522
0.883830786 0.001254727 -0.467804998 -0.507761598 -0.031455830 0.997892559 -0.056753449 -0.098753788 0.466747880 0.064875640 0.882007599 1.527457237
0.880533159 0.001751574 -0.473981202 -0.531149745 -0.031531271 0.997994483 -0.054888822 -0.101573050 0.472934514 0.063276663 0.878822505 1.569654942
0.877530038 0.000166792 -0.479521543 -0.552235246 -0.029512351 0.998123050 -0.053660791 -0.104026407 0.478612483 0.061240774 0.875887871 1.607676148
0.874688625 -0.003079048 -0.484675437 -0.573970914 -0.026204456 0.998216808 -0.053632390 -0.106237210 0.483976334 0.059612285 0.873048246 1.647345662
0.873122573 -0.000489100 -0.487500399 -0.595305443 -0.029592039 0.998102307 -0.054001302 -0.109903753 0.486601651 0.061575886 0.871451139 1.681378484
0.871701300 -0.000757823 -0.490037024 -0.617986858 -0.029656040 0.998084426 -0.054297082 -0.111775085 0.489139438 0.061863389 0.870008945 1.723200679
0.870747149 -0.003100166 -0.491721183 -0.643875122 -0.026705578 0.998206139 -0.053584043 -0.114773735 0.491005301 0.059789855 0.869102418 1.768806458
0.870178699 -0.004813618 -0.492712855 -0.666600943 -0.023841787 0.998369753 -0.051860608 -0.116976537 0.492159188 0.056875151 0.868645251 1.809657812
0.870237470 -0.004001692 -0.492616117 -0.691173375 -0.024235662 0.998408437 -0.050924245 -0.120375209 0.492035866 0.056255069 0.868755519 1.850508690
0.869643331 -0.006152690 -0.493642122 -0.717530251 -0.022511059 0.998388052 -0.052101247 -0.123465642 0.493166953 0.056421909 0.868102968 1.895192862
0.868426025 -0.008691992 -0.495742619 -0.741728663 -0.020289881 0.998385727 -0.053048134 -0.125946015 0.495403498 0.056126930 0.866847813 1.936988592
0.867169023 -0.008149032 -0.497947246 -0.767466664 -0.019892015 0.998501420 -0.050982427 -0.128961533 0.497616559 0.054115549 0.865707397 1.979958296
0.865049362 -0.006666709 -0.501642525 -0.792223096 -0.019238343 0.998735428 -0.046448212 -0.132276326 0.501317799 0.049830761 0.863827169 2.021665096
0.862369895 -0.007272301 -0.506226361 -0.818083882 -0.016927643 0.998923600 -0.043186925 -0.134714782 0.505995631 0.045812327 0.861318648 2.064447165
0.858529806 -0.007960116 -0.512701929 -0.843251169 -0.015416913 0.999026835 -0.041326627 -0.137258202 0.512532055 0.043384433 0.857571423 2.104525566
0.853282690 -0.010780316 -0.521337152 -0.869244874 -0.013699889 0.998977661 -0.043079946 -0.140574828 0.521268606 0.043901626 0.852262676 2.147676945
0.847361624 -0.013900669 -0.530834436 -0.894957900 -0.012368474 0.998869419 -0.045900412 -0.143753469 0.530872285 0.045459855 0.846231639 2.187803268
0.841073394 -0.014106616 -0.540737033 -0.923376024 -0.012484488 0.998887360 -0.045477357 -0.146652818 0.540776908 0.045000628 0.839961469 2.232630730
0.835392594 -0.011135109 -0.549540877 -0.950809836 -0.013286137 0.999093533 -0.040441316 -0.149097204 0.549493074 0.041085660 0.834487498 2.273365974
0.830450714 -0.006445317 -0.557054758 -0.981341243 -0.016500173 0.999209940 -0.036159463 -0.151646093 0.556847692 0.039220154 0.829688013 2.316897154
0.826105058 -0.007638156 -0.563464344 -1.008286953 -0.016324814 0.999164164 -0.037478473 -0.154309392 0.563279629 0.040159609 0.825289786 2.356945992
0.822870195 -0.008773353 -0.568161607 -1.037595749 -0.018262150 0.998955965 -0.041874651 -0.156817541 0.567935765 0.044833258 0.821850896 2.397522449
0.819914103 -0.010104361 -0.572397411 -1.067328095 -0.021724734 0.998574853 -0.048746508 -0.159746677 0.572074234 0.052403133 0.818526089 2.439244986
0.817054272 -0.010276007 -0.576469302 -1.097283363 -0.022764128 0.998486578 -0.050063346 -0.162872285 0.576111317 0.054027289 0.815583706 2.478461027
0.813584745 -0.009409292 -0.581370175 -1.126570106 -0.021401070 0.998706937 -0.046112977 -0.165718973 0.581052363 0.049958762 0.812331319 2.520003796
0.810043573 -0.008110169 -0.586313486 -1.155197978 -0.019833183 0.998953283 -0.041219279 -0.168375358 0.586034119 0.045017883 0.809034765 2.560244560
0.807463288 -0.005566438 -0.589891493 -1.186105251 -0.021183066 0.999036968 -0.038423374 -0.170694813 0.589537323 0.043521177 0.806567788 2.600348234
0.804519236 -0.004612668 -0.593908608 -1.216232657 -0.022941550 0.998982191 -0.038835753 -0.173088461 0.593483329 0.044869300 0.803594589 2.639577150
0.800840557 -0.006336883 -0.598844111 -1.246933818 -0.022315223 0.998933852 -0.040412959 -0.175879061 0.598461747 0.045727674 0.799845338 2.680533409
0.797318220 -0.009186249 -0.603489280 -1.278294802 -0.021424098 0.998823285 -0.043509085 -0.178262994 0.603178799 0.047619797 0.796183288 2.719634533
0.792594671 -0.010720788 -0.609654605 -1.308568001 -0.019954892 0.998853803 -0.043507658 -0.180915758 0.609422147 0.046649531 0.791472435 2.759600163
0.788351893 -0.010592505 -0.615133405 -1.340841293 -0.019932108 0.998887181 -0.042745564 -0.183691233 0.614901662 0.045959461 0.787263393 2.799465895
0.783519030 -0.010433642 -0.621280134 -1.372354984 -0.019633768 0.998943985 -0.041536916 -0.186778754 0.621057391 0.044743035 0.782486856 2.838303566
0.778004646 -0.011634231 -0.628150761 -1.404095173 -0.019403236 0.998906612 -0.042533293 -0.189776018 0.627958834 0.045279257 0.776928186 2.877390146
0.772740006 -0.013119864 -0.634587169 -1.437233686 -0.018874621 0.998869240 -0.043634992 -0.192258656 0.634442031 0.045696098 0.771618664 2.916445971
0.767273903 -0.014230797 -0.641161621 -1.469163418 -0.018486546 0.998847485 -0.044292495 -0.195323318 0.641053021 0.045837339 0.766126692 2.954339266
0.761673808 -0.015939772 -0.647764564 -1.503910303 -0.017985882 0.998792052 -0.045726329 -0.197994515 0.647710979 0.046479166 0.760467112 2.994189501
0.755749345 -0.018606881 -0.654596686 -1.537236214 -0.015531282 0.998805821 -0.046322290 -0.200883284 0.654676855 0.045174770 0.754557908 3.031772137
0.749436975 -0.019356722 -0.661792696 -1.571384907 -0.015202271 0.998805881 -0.046429571 -0.204055831 0.661901176 0.044856787 0.748247743 3.070884705
0.743376613 -0.018829454 -0.668608069 -1.606507063 -0.015019850 0.998881698 -0.044830155 -0.207113340 0.668704510 0.043368071 0.742262363 3.109327078
0.736932456 -0.019800145 -0.675676346 -1.642588377 -0.013772086 0.998923600 -0.044293292 -0.210066617 0.675826073 0.041946635 0.735866547 3.147589207
0.730473459 -0.022434657 -0.682572603 -1.678430557 -0.011499087 0.998914540 -0.045138191 -0.212686777 0.682844281 0.040821206 0.729422629 3.185733318
0.723525882 -0.023607753 -0.689893484 -1.715305090 -0.012267001 0.998817503 -0.047043968 -0.215723485 0.690188229 0.042500459 0.722380698 3.224797726
0.717246830 -0.022911947 -0.696442425 -1.750215054 -0.013141016 0.998836875 -0.046393845 -0.219044119 0.696695268 0.042427801 0.716111362 3.261718035
0.712155461 -0.021936137 -0.701678991 -1.787070990 -0.014044109 0.998866558 -0.045480721 -0.222406879 0.701881230 0.042243801 0.711040199 3.298124313
0.707024693 -0.022605527 -0.706827581 -1.827360392 -0.013503199 0.998875320 -0.045452666 -0.225506276 0.707059920 0.041680589 0.705924094 3.336799622
0.702614188 -0.022683680 -0.711209238 -1.868255377 -0.014762159 0.998811960 -0.046440385 -0.228453338 0.711417735 0.043128662 0.701444685 3.374270916
0.696969509 -0.025122827 -0.716660559 -1.905700207 -0.014235493 0.998704433 -0.048854355 -0.232067004 0.716959476 0.044252019 0.695708930 3.412405968
0.691789567 -0.027695468 -0.721567929 -1.944373846 -0.013336048 0.998603761 -0.051114447 -0.235594928 0.721976101 0.044983305 0.690454304 3.449025869
0.686911106 -0.027926451 -0.726204634 -1.983920932 -0.014130087 0.998559177 -0.051765472 -0.238836169 0.726604164 0.045819607 0.685526788 3.485349894
0.681885421 -0.027924983 -0.730925798 -2.024720907 -0.013811052 0.998601258 -0.051035918 -0.241432473 0.731328607 0.044895504 0.680545986 3.523539066
0.677174330 -0.028226929 -0.735281050 -2.065237522 -0.013222133 0.998635828 -0.050514165 -0.244386464 0.735703766 0.043928880 0.675877392 3.560275555
0.671723306 -0.029554486 -0.740212321 -2.107622862 -0.012192709 0.998627424 -0.050936799 -0.247737572 0.740701735 0.043240629 0.670441031 3.598106384
0.666491270 -0.031047652 -0.744866014 -2.148146629 -0.010521057 0.998641193 -0.051039584 -0.251146168 0.745438516 0.041854225 0.665258944 3.634578228
0.662397563 -0.031798776 -0.748477221 -2.190461397 -0.009595307 0.998656631 -0.050919332 -0.254225820 0.749091029 0.040910702 0.661202610 3.671706915
0.658579707 -0.032232899 -0.751820445 -2.231522799 -0.008763898 0.998685896 -0.050493807 -0.257854044 0.752460063 0.039843060 0.657431781 3.707500219
0.653882563 -0.036205184 -0.755729318 -2.272540331 -0.005054254 0.998623133 -0.052214753 -0.260706663 0.756579161 0.037961960 0.652799189 3.744451284
0.650072336 -0.039890971 -0.758824587 -2.315688133 -0.003524816 0.998452008 -0.055507690 -0.263933569 0.759864151 0.038758732 0.648925245 3.779659748
0.644777775 -0.043929100 -0.763106763 -2.357108355 0.001005317 0.998395026 -0.056624297 -0.267878860 0.764369488 0.035742924 0.643787086 3.814729691
0.638765991 -0.047563553 -0.767929494 -2.398984909 0.006251073 0.998375237 -0.056637105 -0.271530539 0.769375622 0.031377472 0.638025582 3.848698854
0.630190670 -0.050953727 -0.774766743 -2.443572998 0.010315895 0.998305738 -0.057264227 -0.275476575 0.776372015 0.028094962 0.629648566 3.885530472
0.620929837 -0.051963236 -0.782141924 -2.486317396 0.012430933 0.998327613 -0.056457262 -0.278699249 0.783767521 0.025333244 0.620537400 3.919840813
0.612510860 -0.050347578 -0.788857043 -2.531967878 0.013218238 0.998482347 -0.053463228 -0.282840252 0.790351629 0.022319509 0.612246752 3.954275608
0.603330612 -0.049950399 -0.795925319 -2.577287197 0.012536808 0.998507321 -0.053160757 -0.286914736 0.797392607 0.022095148 0.603056192 3.988152504
0.594551980 -0.051329795 -0.802417040 -2.623656750 0.011090280 0.998388827 -0.055648550 -0.290165871 0.803980649 0.024186932 0.594163299 4.020343781
0.585412621 -0.053878292 -0.808943331 -2.671231747 0.011674268 0.998246133 -0.058038104 -0.293874502 0.810651481 0.024532421 0.585014820 4.052557945
0.575528741 -0.055430748 -0.815900803 -2.715722799 0.013338217 0.998203695 -0.058407407 -0.298057020 0.817672908 0.022732478 0.575234234 4.084803581
0.565199256 -0.056441035 -0.823021293 -2.762370110 0.016243197 0.998224735 -0.057301294 -0.301808298 0.824794412 0.019018153 0.565112710 4.116742134
0.554561496 -0.056410622 -0.830228508 -2.809640408 0.017410018 0.998267710 -0.056198958 -0.305735111 0.831960618 0.016711490 0.554583013 4.148855686
0.544194043 -0.058031887 -0.836949944 -2.857522964 0.017734881 0.998177648 -0.057679571 -0.308905303 0.838771999 0.016545668 0.544231474 4.179394245
0.534000754 -0.058358993 -0.843467474 -2.905945301 0.017103786 0.998156548 -0.058233388 -0.313559771 0.845310926 0.016670194 0.534014463 4.210185528
0.524363279 -0.058451079 -0.849485993 -2.955067635 0.016300280 0.998147309 -0.058618400 -0.317590028 0.851338625 0.016890470 0.524344504 4.239612103
0.514315844 -0.059522547 -0.855532765 -3.003679276 0.015601831 0.998072863 -0.060060307 -0.321366996 0.857458830 0.017542085 0.514253259 4.268970013
0.505256772 -0.058933433 -0.860954404 -3.055468798 0.013958020 0.998093009 -0.060129382 -0.325908244 0.862856328 0.018363556 0.505115807 4.297555923
0.496151239 -0.057099689 -0.866356432 -3.106001377 0.012836705 0.998208463 -0.058438350 -0.329779893 0.868141234 0.017873093 0.495995402 4.326450348
0.488681316 -0.055041563 -0.870724559 -3.156031847 0.013716193 0.998369336 -0.055412449 -0.334219337 0.872354567 0.015135999 0.488639385 4.353370667
0.481022149 -0.055707321 -0.874936938 -3.208323717 0.013161857 0.998325586 -0.056327391 -0.337866187 0.876609683 0.015578927 0.480949879 4.381299973
0.473473638 -0.058442295 -0.878866971 -3.259802103 0.014447638 0.998177409 -0.058592714 -0.341656148 0.880689502 0.015044556 0.473455101 4.409293652
0.466732800 -0.062146578 -0.882212162 -3.312597275 0.018328145 0.997993410 -0.060606211 -0.346161366 0.884208441 0.012117593 0.466935426 4.436316013
0.460692912 -0.065080613 -0.885170341 -3.363455772 0.019345868 0.997807443 -0.063293368 -0.349937737 0.887348711 0.012034412 0.460941881 4.462894917
0.454838544 -0.069227122 -0.887879252 -3.416513205 0.021883035 0.997541904 -0.066567294 -0.354141504 0.890304983 0.010847879 0.455235422 4.489855766
0.450067878 -0.070061214 -0.890241742 -3.466963291 0.025658621 0.997520387 -0.065532073 -0.359260887 0.892625630 0.006651508 0.450749576 4.515755653
0.446512073 -0.067552298 -0.892224014 -3.519565105 0.026078630 0.997704923 -0.062487483 -0.363405406 0.894397438 0.004633441 0.447249025 4.541457176
0.442374259 -0.065083429 -0.894465804 -3.572883129 0.029365098 0.997879684 -0.058085024 -0.368418813 0.896349669 -0.000570757 0.443347484 4.567858696
0.438934028 -0.065149240 -0.896154284 -3.623140812 0.030627308 0.997873127 -0.057542894 -0.372015536 0.897997141 -0.002189256 0.439995825 4.592368126
0.436116368 -0.065286912 -0.897518933 -3.676815033 0.031563226 0.997860909 -0.057248954 -0.375967026 0.899336576 -0.003361386 0.437244117 4.617639065
0.433717400 -0.063951924 -0.898776531 -3.726201296 0.034434721 0.997925818 -0.054389864 -0.380522251 0.900390685 -0.007359286 0.435020000 4.641561508
0.431810170 -0.063731179 -0.899710178 -3.777376413 0.036496930 0.997918248 -0.053171299 -0.384077013 0.901225805 -0.009876748 0.433237225 4.665610313
0.429356247 -0.065432094 -0.900761783 -3.828759193 0.039365750 0.997780025 -0.053715538 -0.387052655 0.902276874 -0.012396066 0.430978924 4.688713074
0.427801341 -0.065001577 -0.901532471 -3.880173206 0.040201433 0.997792065 -0.052865349 -0.391174883 0.902978301 -0.013627036 0.429470003 4.711751461
0.424801946 -0.063724838 -0.903040588 -3.928550005 0.042854998 0.997816622 -0.050253339 -0.395237446 0.904271305 -0.017352089 0.426605314 4.735354424
0.421887070 -0.063751467 -0.904404223 -3.978220224 0.046314154 0.997737765 -0.048725896 -0.399302453 0.905464649 -0.021329889 0.423885196 4.759742737
0.421241254 -0.063844964 -0.904698670 -4.027884007 0.046182185 0.997735083 -0.048907463 -0.402836472 0.905772090 -0.021179121 0.423235595 4.781073093
0.419543087 -0.064980574 -0.905406654 -4.076774597 0.048177212 0.997622669 -0.049274724 -0.406656504 0.906456053 -0.022947103 0.421676248 4.803972244
0.419157714 -0.065869920 -0.905520856 -4.123953342 0.048129100 0.997574449 -0.050287601 -0.410750717 0.906636953 -0.022503477 0.421311170 4.825075150
0.420687109 -0.067450471 -0.904694855 -4.170348644 0.048462063 0.997479141 -0.051833041 -0.413615465 0.905910492 -0.022037886 0.422895372 4.845242500
0.422715724 -0.066122048 -0.903846920 -4.213654518 0.044453990 0.997646987 -0.052193645 -0.417304218 0.905171394 -0.018116526 0.424660504 4.866305351
0.427006692 -0.067342423 -0.901737392 -4.261708260 0.043848656 0.997592032 -0.053736906 -0.420444131 0.903184712 -0.016593952 0.428931296 4.887713432
0.430526376 -0.068865746 -0.899946988 -4.306168556 0.044293784 0.997495711 -0.055140622 -0.423642665 0.901490569 -0.016122567 0.432498515 4.909101486
0.436793357 -0.068922378 -0.896917701 -4.351353645 0.043265529 0.997516274 -0.055582691 -0.426731110 0.898520887 -0.014527467 0.438690394 4.931078911
0.442899376 -0.065802217 -0.894153357 -4.393568993 0.040654883 0.997751355 -0.053288639 -0.431748331 0.895649135 -0.012750195 0.444578558 4.953128338
0.452863902 -0.065207198 -0.889191985 -4.438858986 0.039584327 0.997809052 -0.053012192 -0.434317350 0.890700519 -0.011190761 0.454452842 4.973905563
0.460720330 -0.064766228 -0.885179102 -4.481393814 0.039405171 0.997843146 -0.052499853 -0.437822282 0.886670113 -0.010692888 0.462278813 4.996335983
0.468876243 -0.064652994 -0.880894423 -4.524109840 0.040335480 0.997844279 -0.051767018 -0.442001373 0.882342458 -0.011258976 0.470473319 5.020009041
0.480053961 -0.064263262 -0.874881923 -4.568142891 0.037281677 0.997906625 -0.052843146 -0.444784492 0.876446366 -0.007249502 0.481444895 5.042167187
0.488099247 -0.066701390 -0.870235622 -4.608727455 0.036103882 0.997765005 -0.056226194 -0.447733790 0.872041047 -0.003974919 0.489416629 5.066513062
0.501334369 -0.067180768 -0.862641633 -4.651041508 0.033867102 0.997740746 -0.058019761 -0.450767457 0.864590585 -0.000127862 0.502476990 5.088950157
0.513661504 -0.065825172 -0.855464160 -4.691845894 0.032155082 0.997829139 -0.057472244 -0.454051197 0.857390225 0.002013761 0.514663041 5.112543583
0.526150525 -0.063278697 -0.848033786 -4.732245445 0.030788736 0.997991264 -0.055365819 -0.457318008 0.849833786 0.003020871 0.527041912 5.137112617
0.539296031 -0.060308043 -0.839953959 -4.772565365 0.029609956 0.998173594 -0.052656885 -0.460830867 0.841595531 0.003526650 0.540096760 5.162275314
0.550011456 -0.059965923 -0.833001494 -4.811539650 0.029275367 0.998190284 -0.052527651 -0.464001000 0.834643841 0.004504390 0.550771594 5.187914848
0.561647892 -0.058969352 -0.825272262 -4.849997997 0.028495979 0.998243809 -0.051935691 -0.467683882 0.826885521 0.005652628 0.562341869 5.213435650
0.573114097 -0.060484484 -0.817240417 -4.888302803 0.028925182 0.998144031 -0.053588644 -0.470703244 0.818964958 0.007073579 0.573799968 5.239226341
0.584020913 -0.062227860 -0.809349895 -4.925615311 0.031208517 0.998041332 -0.054215819 -0.473873585 0.811138451 0.006404569 0.584819078 5.265675545
0.594675481 -0.061551210 -0.801606119 -4.962226391 0.031160558 0.998080432 -0.053520832 -0.477239758 0.803361654 0.006849032 0.595451951 5.292691708
0.605416238 -0.059248593 -0.793700695 -4.998389721 0.030521452 0.998220146 -0.051234625 -0.480604082 0.795323610 0.006793377 0.606147051 5.319861412
0.615586400 -0.056195870 -0.786063254 -5.033540249 0.030242169 0.998404145 -0.047692753 -0.483520985 0.787488937 0.005586748 0.616303504 5.346578598
0.625751853 -0.056190927 -0.777995646 -5.068438053 0.030059839 0.998398185 -0.047932047 -0.485790133 0.779442787 0.006607140 0.626438618 5.373729706
0.635699272 -0.053924903 -0.770050883 -5.102003574 0.026830489 0.998497784 -0.047773160 -0.489349782 0.771470368 0.009708525 0.636191130 5.401295662
0.645100355 -0.054229982 -0.762170970 -5.135288715 0.025744556 0.998454571 -0.049251877 -0.491809309 0.763663948 0.012150648 0.645499587 5.428951740
0.654552102 -0.053478196 -0.754123092 -5.167603016 0.025453869 0.998488307 -0.048714146 -0.494775116 0.755588293 0.012690600 0.654923856 5.456032753
0.664148569 -0.051098049 -0.745852351 -5.198958397 0.024739582 0.998617113 -0.046385374 -0.497576714 0.747191191 0.012354704 0.664494216 5.483042240
0.672162175 -0.048976310 -0.738782287 -5.230825901 0.024545461 0.998735368 -0.043877397 -0.500418663 0.739996970 0.011358978 0.672514200 5.512499332
0.681456625 -0.047674928 -0.730304062 -5.261830807 0.023976088 0.998794556 -0.042829841 -0.503062069 0.731465638 0.011676844 0.681778371 5.539615631
0.688115180 -0.048089683 -0.724005997 -5.292289734 0.024302661 0.998768985 -0.043241978 -0.505315185 0.725194216 0.012160187 0.688436806 5.569163799
0.695429623 -0.047173083 -0.717044115 -5.321733952 0.023911532 0.998809397 -0.042519182 -0.507991552 0.718196154 0.012423477 0.695729613 5.597702026
0.702747941 -0.043936413 -0.710080922 -5.351765633 0.022446997 0.998963714 -0.039595909 -0.510447145 0.711084723 0.011886756 0.703005850 5.626516342
0.710485399 -0.040996164 -0.702516735 -5.380688667 0.021217028 0.999095678 -0.036845673 -0.512801826 0.703391969 0.011272991 0.710712731 5.654831886
0.717086315 -0.039933514 -0.695839465 -5.408385277 0.020935912 0.999140918 -0.035764504 -0.515113711 0.696669877 0.011078206 0.717306316 5.683583260
0.724897623 -0.039130207 -0.687744498 -5.435953140 0.020408083 0.999167025 -0.035338473 -0.517256856 0.688554347 0.011581226 0.725092232 5.712003708
0.732722461 -0.036055341 -0.679571807 -5.462770462 0.017204672 0.999257684 -0.034466311 -0.519182980 0.680310071 0.013562430 0.732798934 5.740392685
0.741619885 -0.033778735 -0.669969559 -5.488307476 0.016701434 0.999351501 -0.031898052 -0.521196485 0.670612574 0.012466773 0.741703033 5.768428326
0.751724899 -0.029175481 -0.658831239 -5.514166355 0.014153878 0.999504566 -0.028112214 -0.522952020 0.659324944 0.011807635 0.751765370 5.795851231
0.761139512 -0.027237469 -0.648015976 -5.539436817 0.012866372 0.999555290 -0.026900960 -0.525475442 0.648460567 0.012137765 0.761151314 5.825718880
0.771799982 -0.026769945 -0.635301471 -5.566018105 0.011574752 0.999539316 -0.028056312 -0.526405334 0.635759950 0.014300410 0.771754265 5.854292393
0.780768454 -0.027677298 -0.624207199 -5.587524414 0.011847204 0.999494612 -0.029498842 -0.528964102 0.624708176 0.015636655 0.780701756 5.884191990
0.790954530 -0.026542198 -0.611298978 -5.610127449 0.010926152 0.999512136 -0.029260900 -0.530016840 0.611777246 0.016464898 0.790858626 5.912679195
0.800854385 -0.025450600 -0.598318100 -5.632489204 0.011240670 0.999559343 -0.027472427 -0.531987131 0.598753631 0.015275920 0.800787568 5.942126274
0.811349869 -0.022510033 -0.584127247 -5.654739380 0.010118167 0.999649405 -0.024468588 -0.533576727 0.584473312 0.013942290 0.811293066 5.970583439
0.820577443 -0.022323942 -0.571099162 -5.675213814 0.011626604 0.999682128 -0.022371450 -0.534724116 0.571417093 0.011717563 0.820576191 6.000903606
0.829799891 -0.020058123 -0.557700396 -5.695858955 0.011541077 0.999756932 -0.018785110 -0.536610246 0.557941794 0.009151418 0.829829693 6.030508518
0.837784886 -0.020095894 -0.545630455 -5.716258049 0.012902623 0.999772072 -0.017010948 -0.537626684 0.545847952 0.007211451 0.837853193 6.061628342
0.844761074 -0.019942408 -0.534771919 -5.734870911 0.013881821 0.999785721 -0.015354792 -0.538695097 0.534963608 0.005547521 0.844856858 6.092129230
0.851426184 -0.019938290 -0.524095356 -5.754997253 0.014182258 0.999786973 -0.014995167 -0.540069401 0.524282694 0.005334421 0.851527572 6.124072075
0.858237624 -0.018991258 -0.512900949 -5.773608208 0.013526232 0.999805093 -0.014386471 -0.541394293 0.513074160 0.005409394 0.858327270 6.154577732
0.864862502 -0.016919075 -0.501723647 -5.792980194 0.011506462 0.999837518 -0.013881779 -0.542142689 0.501877010 0.006232766 0.864916623 6.186885357
0.871002972 -0.016037567 -0.491015941 -5.811724186 0.010803315 0.999850512 -0.013493362 -0.543288589 0.491158992 0.006448159 0.871046007 6.219207764
0.876799166 -0.016712422 -0.480566442 -5.829412937 0.011768239 0.999842227 -0.013299737 -0.544526398 0.480712831 0.006005777 0.876857519 6.251055717
0.881839395 -0.018185331 -0.471199036 -5.847754955 0.012934235 0.999812961 -0.014380352 -0.545399666 0.471372426 0.006586561 0.881909668 6.284909248
0.886181414 -0.018680952 -0.462961614 -5.864991188 0.013275927 0.999800444 -0.014930697 -0.546330273 0.463148177 0.007085063 0.886252463 6.317462444
0.889574885 -0.017657779 -0.456447870 -5.882892609 0.012553199 0.999820173 -0.014213216 -0.547243655 0.456616819 0.006913839 0.889636636 6.352204323
0.892653227 -0.016188661 -0.450453281 -5.899868011 0.012731127 0.999861598 -0.010704635 -0.548024952 0.450564295 0.003820749 0.892735898 6.386021137
0.895803094 -0.011627015 -0.444299042 -5.916143894 0.009843956 0.999931514 -0.006320006 -0.549149811 0.444342196 0.001287820 0.895856321 6.418899536
0.899010897 -0.008882635 -0.437836140 -5.935063362 0.008103445 0.999960542 -0.003647938 -0.550009131 0.437851280 -0.000268446 0.899047375 6.456579685
0.902353585 -0.005676448 -0.430959046 -5.952567101 0.005725984 0.999982893 -0.001182218 -0.550605357 0.430958450 -0.001400886 0.902370751 6.491885662
0.905519485 -0.004377571 -0.424282134 -5.968525887 0.005296898 0.999985576 0.000987403 -0.550830424 0.424271733 -0.003141491 0.905529380 6.526719093
0.908607900 -0.003359688 -0.417636663 -5.988189697 0.005454997 0.999977827 0.003823516 -0.551505744 0.417614490 -0.005752283 0.908606112 6.568129063
0.911946476 -0.003513552 -0.410294294 -6.005394936 0.006510061 0.999961436 0.005906519 -0.551578939 0.410257667 -0.008057470 0.911934018 6.605650902
0.915432632 -0.004353561 -0.402447701 -6.021956444 0.007616886 0.999949813 0.006508682 -0.551180840 0.402399123 -0.009023659 0.915419817 6.643300056
0.918997645 -0.004490143 -0.394237369 -6.039777756 0.007699981 0.999948859 0.006560389 -0.551745176 0.394187778 -0.009064605 0.918985248 6.684540749
0.922686517 -0.006968139 -0.385487914 -6.056325436 0.010109072 0.999930143 0.006121728 -0.552062571 0.385418296 -0.009545362 0.922692597 6.724437714
0.926727533 -0.007805016 -0.375652730 -6.073281288 0.010519502 0.999931335 0.005175618 -0.552661061 0.375586420 -0.008748069 0.926746130 6.764884472
0.931110024 -0.009840838 -0.364605576 -6.088946342 0.011693049 0.999927521 0.002872670 -0.552454352 0.364550918 -0.006938124 0.931157529 6.806194305
0.936094463 -0.008199901 -0.351653218 -6.104687691 0.009526705 0.999952555 0.002042875 -0.552358210 0.351619810 -0.005262419 0.936128139 6.847749233
0.942015529 -0.004566203 -0.335538268 -6.119074821 0.005827214 0.999979258 0.002751448 -0.552108467 0.335518807 -0.004547158 0.942022502 6.888897896
0.948539197 0.000039914 -0.316659451 -6.135848045 0.002209234 0.999974847 0.006743702 -0.553794622 0.316651762 -0.007096241 0.948515236 6.934613228
0.955036938 0.002106552 -0.296479315 -6.150523186 0.000184244 0.999970376 0.007698510 -0.552930653 0.296486795 -0.007406986 0.955008209 6.979403496
0.961146414 0.004611891 -0.275999904 -6.162016392 -0.002140633 0.999954998 0.009254428 -0.554221451 0.276030153 -0.008304047 0.961113095 7.021506310
0.967091560 0.005891437 -0.254360080 -6.175480843 -0.003210896 0.999934852 0.010952278 -0.554530799 0.254408032 -0.009775132 0.967047572 7.067165375
0.972546399 0.007395990 -0.232591555 -6.186429977 -0.004309973 0.999895751 0.013773378 -0.554593086 0.232669234 -0.012392783 0.972476959 7.112299442
0.977611184 0.009132646 -0.210220903 -6.198779106 -0.005571583 0.999830842 0.017525658 -0.554565668 0.210345477 -0.015962016 0.977496862 7.159403324
0.982130647 0.011231363 -0.187865362 -6.208003521 -0.007365291 0.999746740 0.021264382 -0.553725123 0.188056678 -0.019500716 0.981964588 7.207549095
0.986138701 0.013352779 -0.165384680 -6.217572212 -0.009378266 0.999648809 0.024789564 -0.553264737 0.165657535 -0.022894934 0.985917509 7.260000706
0.989580989 0.015195362 -0.143173307 -6.225767136 -0.011776250 0.999625564 0.024698179 -0.552422762 0.143494964 -0.022754805 0.989389420 7.309085846
0.992520034 0.014335379 -0.121237338 -6.232232094 -0.011673951 0.999675691 0.022634123 -0.551216304 0.121522471 -0.021049503 0.992365479 7.356083393
0.994873345 0.014558223 -0.100075223 -6.239228249 -0.012446215 0.999687076 0.021696296 -0.551344991 0.100359768 -0.020339509 0.994743288 7.415277004
0.996749818 0.013220718 -0.079466276 -6.244419098 -0.011395578 0.999661744 0.023377292 -0.550583422 0.079748452 -0.022395754 0.996563435 7.465149403
0.998141766 0.014230951 -0.059249036 -6.248409748 -0.012737779 0.999593556 0.025503516 -0.550197244 0.059587900 -0.024701424 0.997917354 7.516701221
0.999108255 0.015047177 -0.039449133 -6.250518322 -0.014014967 0.999555528 0.026312845 -0.549618483 0.039827541 -0.025736503 0.998875082 7.573935509
0.999687672 0.016771303 -0.018523684 -6.253146172 -0.016267367 0.999502242 0.027028469 -0.549155354 0.018967766 -0.026718700 0.999463022 7.627090931
0.999859393 0.016693505 0.001550384 -6.252856255 -0.016729601 0.999487758 0.027285438 -0.547765970 -0.001094099 -0.027307546 0.999626458 7.680490494
0.999573648 0.019161483 0.022031374 -6.251966953 -0.019751880 0.999442995 0.026900241 -0.547213197 -0.021503655 -0.027323933 0.999395311 7.736845493
0.998906136 0.020274708 0.042137094 -6.250277042 -0.021381145 0.999433994 0.025975429 -0.546881557 -0.041586593 -0.026847957 0.998774111 7.789511681
0.997871459 0.020404436 0.061936498 -6.248557091 -0.021899143 0.999482810 0.023550717 -0.545650661 -0.061423928 -0.024856947 0.997802198 7.851602554
0.996498585 0.022294376 0.080582462 -6.243649960 -0.024045227 0.999494135 0.020822674 -0.545075834 -0.080077454 -0.022687394 0.996530414 7.907372475
0.994768620 0.022072410 0.099741250 -6.239129543 -0.024066977 0.999532938 0.018838491 -0.544052362 -0.099278837 -0.021140411 0.994835079 7.966112137
0.992718279 0.023017749 0.118239745 -6.233192444 -0.025062157 0.999560535 0.015832469 -0.543741822 -0.117823340 -0.018680524 0.992858827 8.023834229
0.990242660 0.024195097 0.137237266 -6.224784374 -0.025901753 0.999607623 0.010663422 -0.544277430 -0.136925459 -0.014114060 0.990480721 8.084074020
0.987675369 0.025464175 0.154430836 -6.215810299 -0.026416624 0.999642551 0.004118197 -0.544853151 -0.154270768 -0.008146983 0.987994969 8.142411232
0.984663785 0.027324582 0.172309563 -6.206668854 -0.027624078 0.999618232 -0.000659942 -0.545135677 -0.172261760 -0.004110073 0.985042572 8.201966286
0.981347203 0.030435316 0.189818904 -6.196668625 -0.030054461 0.999536335 -0.004885399 -0.545727789 -0.189879566 -0.000910632 0.981806993 8.260052681
0.977769852 0.031193960 0.207347497 -6.184957504 -0.030302370 0.999512792 -0.007475473 -0.547225237 -0.207479656 0.001026172 0.978238881 8.320511818
0.973909974 0.031342585 0.224759310 -6.171730042 -0.030672241 0.999508560 -0.006474369 -0.549752355 -0.224851772 -0.000588420 0.974392772 8.382094383
0.969921708 0.030764682 0.241465077 -6.156866550 -0.029663859 0.999526262 -0.008193674 -0.549579144 -0.241602778 0.000784435 0.970374942 8.444621086
0.965515971 0.031360880 0.258448005 -6.142463684 -0.028859915 0.999492705 -0.013465983 -0.550398469 -0.258739203 0.005542834 0.965931296 8.505374908
0.961154401 0.031392410 0.274220496 -6.126474380 -0.027597964 0.999462605 -0.017685190 -0.552069068 -0.274628311 0.009430271 0.961504281 8.563883781
0.955974638 0.034684639 0.291392356 -6.106265545 -0.030895865 0.999367654 -0.017595012 -0.555285335 -0.291818380 0.007817566 0.956441820 8.633030891
0.950303316 0.037153952 0.309100628 -6.088471413 -0.032948542 0.999279797 -0.018816158 -0.555992305 -0.309577107 0.007696644 0.950843155 8.696696281
0.944395959 0.040813614 0.326267689 -6.068184376 -0.035649821 0.999126613 -0.021793231 -0.558449388 -0.326872170 0.008950055 0.945026159 8.757070541
0.938281119 0.041523818 0.343371928 -6.044367790 -0.034812752 0.999063671 -0.025688747 -0.560991824 -0.344117016 0.012149543 0.938848138 8.821752548
0.931705534 0.042224482 0.360751718 -6.023910046 -0.034437079 0.999014914 -0.027990632 -0.562761188 -0.361578226 0.013655795 0.932241797 8.881986618
0.925006986 0.042895965 0.377520889 -5.997752190 -0.033030625 0.998923481 -0.032570984 -0.567178249 -0.378511608 0.017658638 0.925428033 8.942303658
0.916782260 0.046154518 0.396711498 -5.970921040 -0.033066064 0.998661458 -0.039772872 -0.568998933 -0.398016185 0.023345377 0.917081296 9.012605667
0.906808615 0.050075073 0.418557793 -5.945789814 -0.035063006 0.998438478 -0.043486103 -0.572741389 -0.420081824 0.024757680 0.907148421 9.074224472
0.896089613 0.052957855 0.440702587 -5.911886215 -0.036985189 0.998312771 -0.044761386 -0.576991081 -0.442329526 0.023810752 0.896536469 9.136343956
0.882743895 0.057319544 0.466345012 -5.883527756 -0.039751250 0.998083293 -0.047431622 -0.580136001 -0.468169868 0.023332184 0.883330405 9.201318741
0.868883014 0.061636455 0.491165102 -5.850841045 -0.042069092 0.997822583 -0.050795808 -0.584566832 -0.493226498 0.023472751 0.869584262 9.261396408
0.854157031 0.065581597 0.515863180 -5.820151329 -0.044029381 0.997574151 -0.053918369 -0.588945627 -0.518147886 0.023341622 0.854972541 9.320493698
0.839560866 0.067393668 0.539069176 -5.780806541 -0.043652955 0.997435808 -0.056711726 -0.593059599 -0.541508913 0.024080982 0.840350032 9.384458542
0.824420035 0.068868384 0.561772645 -5.739314079 -0.043280669 0.997334182 -0.058748528 -0.599243164 -0.564321041 0.024119575 0.825203001 9.445790291
0.808411777 0.070872530 0.584334910 -5.699114323 -0.041114185 0.997099042 -0.064055286 -0.604355991 -0.587179542 0.027758596 0.808980584 9.503200531
0.792324662 0.073393971 0.605669022 -5.660462379 -0.039496675 0.996825814 -0.069124907 -0.610115051 -0.608819902 0.030847456 0.792708516 9.559181213
0.776335299 0.075447738 0.625788510 -5.617637157 -0.038235556 0.996618927 -0.072722718 -0.615620375 -0.629159510 0.032529846 0.776595294 9.615314484
0.760604382 0.076897696 0.644645393 -5.573648453 -0.036416549 0.996450484 -0.075896256 -0.621863604 -0.648193538 0.034251269 0.760704994 9.670086861
