0.999755085 -0.007458123 0.020835632 0.001200994 0.007464285 0.999972105 -0.000218046 -0.000552421 -0.020833433 0.000373516 0.999782920 0.044735152
0.999788761 -0.009148437 0.018405192 0.001732571 0.009179733 0.999956548 -0.001616656 -0.000791957 -0.018389601 0.001785269 0.999829292 0.063275985
0.999860406 -0.011592426 0.012033650 0.001734368 0.011631614 0.999927282 -0.003191490 -0.000764401 -0.011995779 0.003331015 0.999922514 0.076097019
0.999912322 -0.013232324 -0.000533978 0.001788626 0.013229305 0.999898374 -0.005305743 -0.000884914 0.000604132 0.005298215 0.999985754 0.092598818
0.999779105 -0.012501112 -0.016896183 0.000616030 0.012410348 0.999908030 -0.005466086 -0.001169626 0.016962960 0.005255191 0.999842286 0.108791471
0.999307692 -0.007986246 -0.036336090 -0.000923883 0.007794892 0.999955118 -0.005404808 -0.001436305 0.036377620 0.005117830 0.999325037 0.125816852
0.998387218 -0.004203970 -0.056613557 -0.002724274 0.003870594 0.999974549 -0.005996978 -0.002204678 0.056637328 0.005768178 0.998378158 0.143877268
0.997084677 -0.004184161 -0.076189533 -0.004945485 0.003676006 0.999970019 -0.006808645 -0.002130168 0.076215744 0.006508722 0.997070074 0.161245704
0.995191216 -0.005886613 -0.097775504 -0.007068292 0.005295663 0.999966085 -0.006302374 -0.002283406 0.097809285 0.005754281 0.995188594 0.180725932
0.993075192 -0.007279817 -0.117254496 -0.009897196 0.006685884 0.999962747 -0.005457884 -0.002525475 0.117289864 0.004636139 0.993086815 0.199328676
0.990773916 -0.006073710 -0.135388076 -0.013404397 0.005449716 0.999972820 -0.004979082 -0.002695285 0.135414630 0.004195319 0.990780056 0.219860658
0.988573670 -0.005159941 -0.150650084 -0.017256305 0.004628868 0.999981761 -0.003875666 -0.003308406 0.150667340 0.003134042 0.988579571 0.239228919
0.986477494 -0.004020389 -0.163847432 -0.021818470 0.003307730 0.999983788 -0.004622122 -0.003385792 0.163863406 0.004017657 0.986474872 0.260662228
0.984384418 -0.006140292 -0.175925061 -0.025848653 0.005342281 0.999973178 -0.005009337 -0.003953764 0.175951123 0.003991272 0.984390736 0.281895518
0.982404172 -0.010140544 -0.186492324 -0.029851006 0.009008580 0.999935508 -0.006916233 -0.004603506 0.186550468 0.005114504 0.982432067 0.305438370
0.981036127 -0.008981926 -0.193617463 -0.034849860 0.007350079 0.999931157 -0.009144920 -0.004739555 0.193686321 0.007548393 0.981034398 0.327435464
0.979486525 -0.008912452 -0.201312751 -0.040400743 0.006834921 0.999916017 -0.011012673 -0.005031907 0.201393992 0.009410808 0.979465067 0.351578444
0.977794051 -0.010053317 -0.209326625 -0.045436237 0.007428928 0.999883711 -0.013319778 -0.005693707 0.209436208 0.011468930 0.977755070 0.375427991
0.975996494 -0.013593052 -0.217362180 -0.051336125 0.010551497 0.999829590 -0.015147592 -0.006130851 0.217531040 0.012490500 0.975973487 0.401178271
0.973978996 -0.020651959 -0.225695670 -0.056677431 0.017360199 0.999712288 -0.016560115 -0.006728330 0.225972697 0.012211083 0.974057138 0.427286148
0.972154558 -0.020037821 -0.233482227 -0.063123122 0.016124386 0.999695897 -0.018658085 -0.007703284 0.233785093 0.014373785 0.972182035 0.452125251
0.970158219 -0.016665291 -0.241899550 -0.070815653 0.011420329 0.999668717 -0.023068439 -0.008183156 0.242203861 0.019617461 0.970027030 0.479833901
0.968131602 -0.013242058 -0.250091672 -0.078967690 0.007125316 0.999653339 -0.025347613 -0.009438504 0.250340611 0.022757841 0.967890382 0.505789995
0.965683937 -0.015866140 -0.259234935 -0.086058974 0.008964027 0.999573708 -0.027785443 -0.010110073 0.259565324 0.024508171 0.965414524 0.534399390
0.963203490 -0.019579936 -0.268058985 -0.093677297 0.012036067 0.999484777 -0.029757125 -0.011217916 0.268503517 0.025435792 0.962942779 0.562431395
0.961010337 -0.018363742 -0.275902361 -0.102588549 0.009853656 0.999432921 -0.032199308 -0.012429430 0.276337236 0.028225219 0.960646152 0.592233002
0.958628654 -0.018416775 -0.284063488 -0.111986034 0.008560334 0.999318779 -0.035900585 -0.013459326 0.284531116 0.031983647 0.958133161 0.621781468
0.956486642 -0.018183516 -0.291209370 -0.121655636 0.006403863 0.999124050 -0.041353002 -0.014885037 0.291706264 0.037688725 0.955765128 0.651897967
0.954616904 -0.019866908 -0.297173113 -0.131604880 0.005615798 0.998796046 -0.048732728 -0.016731624 0.297783434 0.044852223 0.953579187 0.682546437
0.953417480 -0.020403378 -0.300962895 -0.141495869 0.003512420 0.998393059 -0.056557763 -0.018572593 0.301633269 0.052866060 0.951957166 0.713320553
0.952190995 -0.020334570 -0.304825902 -0.152372301 0.000355561 0.997855425 -0.065455072 -0.020451607 0.305503190 0.062217344 0.950156212 0.745368838
0.950666428 -0.018936729 -0.309636682 -0.163210273 -0.004326522 0.997228622 -0.074271992 -0.023173347 0.310184985 0.071947537 0.947949886 0.777624726
0.949504673 -0.019403975 -0.313152462 -0.174777240 -0.006224251 0.996724486 -0.080632851 -0.025836591 0.313691258 0.078510396 0.946273744 0.810120285
0.947908819 -0.017309751 -0.318071038 -0.186950952 -0.011248209 0.996080756 -0.087729439 -0.028652433 0.318343014 0.086737223 0.943999052 0.844443798
0.946423650 -0.014889291 -0.322584242 -0.199411333 -0.016364207 0.995441794 -0.093956538 -0.031750914 0.322512776 0.094201505 0.941865921 0.878287673
0.944850564 -0.014083377 -0.327198952 -0.212650225 -0.019237028 0.994963348 -0.098376110 -0.036126979 0.326936513 0.099245049 0.939820766 0.912641287
0.942950487 -0.011466990 -0.332735330 -0.224899709 -0.023939908 0.994484305 -0.102116898 -0.039053805 0.332070947 0.104256839 0.937474966 0.948536575
0.941264808 -0.010677198 -0.337500334 -0.238470986 -0.025833480 0.994293511 -0.103503339 -0.042979490 0.336679548 0.106142864 0.935617745 0.983593524
0.939385056 -0.010289326 -0.342709392 -0.252926648 -0.026596110 0.994351029 -0.102755256 -0.046598263 0.341830701 0.105641499 0.933804870 1.018728495
0.936729729 -0.011010831 -0.349880219 -0.265130609 -0.025979007 0.994562089 -0.100852393 -0.051018283 0.349088103 0.103560962 0.931349874 1.054422617
0.934220135 -0.011795250 -0.356501967 -0.279195726 -0.025176043 0.994780064 -0.098887645 -0.055312261 0.355807483 0.101358131 0.929046571 1.089681029
0.930985689 -0.010650950 -0.364900082 -0.293678820 -0.026284739 0.995024145 -0.096104875 -0.058696095 0.364107907 0.099063560 0.926073372 1.124816775
0.927751720 -0.008095602 -0.373110205 -0.308654368 -0.027597757 0.995539069 -0.090223603 -0.062926233 0.372176200 0.094002105 0.923389673 1.161252022
0.924280763 -0.004438523 -0.381687909 -0.323751003 -0.030230626 0.995940387 -0.084786765 -0.066452920 0.380514741 0.089905426 0.920394182 1.196270823
0.920684159 -0.001806290 -0.390304327 -0.339563161 -0.032263264 0.996214926 -0.080715775 -0.070677012 0.388972789 0.086906232 0.917140901 1.233342052
0.916888177 0.001107887 -0.399142623 -0.357846022 -0.035689581 0.996218145 -0.079218961 -0.074251577 0.397545367 0.086880147 0.913460195 1.273117423
0.912951112 -0.000422557 -0.408068657 -0.375346184 -0.034509424 0.996337295 -0.078237891 -0.077908978 0.406607032 0.085509591 0.909592628 1.310199738
0.909374952 0.000441322 -0.415977210 -0.393440485 -0.035643268 0.996404290 -0.076863244 -0.081176087 0.414447546 0.084724285 0.906120837 1.346589804
0.905451477 0.000203111 -0.424449742 -0.411275208 -0.035470430 0.996538103 -0.075189941 -0.084688671 0.422965050 0.083136261 0.902324259 1.383789659
0.901243031 0.000334204 -0.433313876 -0.432347506 -0.035532676 0.996688843 -0.073135160 -0.089062430 0.431854665 0.081309356 0.898270726 1.431095958
0.897925973 0.003154639 -0.440135181 -0.453845918 -0.037293058 0.996923745 -0.068936713 -0.092578545 0.438563734 0.078314066 0.895281374 1.470039964
0.894037068 0.003415670 -0.447979957 -0.474588156 -0.035178173 0.997418463 -0.062600449 -0.096526593 0.446609676 0.071726233 0.891849220 1.511899471
0.889841795 0.003569349 -0.456255198 -0.494309068 -0.034223136 0.997674644 -0.058940984 -0.099327721 0.454983890 0.068062641 0.887894809 1.551999092
0.886629462 0.004626815 -0.462457210 -0.515698850 -0.035032514 0.997748911 -0.057182536 -0.102850042 0.461151570 0.066900767 0.884795785 1.589182734
0.882792413 0.001363917 -0.469761372 -0.537237763 -0.031822633 0.997872293 -0.056904975 -0.104765192 0.468684316 0.065184332 0.880957425 1.631600142
0.879835188 0.004258551 -0.475259811 -0.560977876 -0.034367293 0.997912169 -0.054681443 -0.107677020 0.474034727 0.064444043 0.878144681 1.675736189
0.877196133 0.000728487 -0.480131656 -0.591979861 -0.030573064 0.998054206 -0.054342378 -0.109414853 0.479157835 0.062348019 0.875511587 1.721909046
0.874739647 0.002782812 -0.484585017 -0.607397795 -0.032663062 0.998047948 -0.053229656 -0.113690823 0.483490974 0.062390119 0.873123109 1.755988836
0.872060061 -0.000334015 -0.489398748 -0.633300424 -0.029706428 0.998119712 -0.053615123 -0.116538718 0.488496423 0.061293893 0.870410442 1.804202795
0.870519698 -0.001418037 -0.492131591 -0.658065498 -0.028959824 0.998115361 -0.054102316 -0.118802838 0.491280824 0.061349172 0.868837953 1.847074628
0.870168328 0.000981224 -0.492753506 -0.683933318 -0.031265181 0.998092949 -0.053224619 -0.122338176 0.491761625 0.061720408 0.868539631 1.892495632
0.870338380 0.001488272 -0.492451847 -0.708889127 -0.030846888 0.998196542 -0.051500760 -0.125121623 0.491486996 0.060013700 0.868814647 1.934117556
0.870240808 0.001195942 -0.492625237 -0.734289289 -0.030407213 0.998220623 -0.051292099 -0.128149390 0.491687328 0.059615832 0.868728638 1.976458788
0.869219601 -0.001911639 -0.494422555 -0.762280285 -0.027190015 0.998294473 -0.051661201 -0.131523594 0.493678063 0.058348287 0.867685020 2.028211832
0.868045449 -0.004391094 -0.496465355 -0.787155151 -0.024703279 0.998340368 -0.052022509 -0.134042114 0.495869815 0.057422228 0.866496265 2.071779013
0.866782665 -0.006057937 -0.498649389 -0.815093398 -0.022079621 0.998479366 -0.050510369 -0.136604443 0.498197109 0.054791499 0.865330935 2.117392302
0.864384651 -0.004360087 -0.502812266 -0.844115734 -0.021902826 0.998686731 -0.046313170 -0.140819877 0.502353907 0.051045399 0.863154054 2.168576956
0.861799836 -0.003911651 -0.507233262 -0.871134639 -0.019891327 0.998940349 -0.041499358 -0.144596413 0.506858110 0.045853682 0.860809088 2.212338686
0.857641399 -0.004485998 -0.514228702 -0.900409698 -0.018750472 0.999024212 -0.039987680 -0.147209302 0.513906300 0.043937109 0.856720507 2.262163639
0.852723300 -0.007074458 -0.522315085 -0.928052425 -0.017963354 0.998919785 -0.042856481 -0.149659976 0.522054076 0.045927245 0.851675034 2.305249691
0.846428514 -0.010940785 -0.532389939 -0.958069324 -0.015592983 0.998850882 -0.045317452 -0.153676212 0.532274008 0.046659525 0.845285296 2.354392052
0.840689898 -0.010517392 -0.541414618 -0.987132311 -0.016173126 0.998877764 -0.044517037 -0.156555563 0.541275084 0.046181396 0.839576364 2.397641897
0.834597886 -0.007840900 -0.550803840 -1.019374251 -0.017033869 0.999053180 -0.040032230 -0.158954844 0.550596297 0.042793140 0.833673954 2.446884871
0.829473436 -0.002396042 -0.558541000 -1.049642324 -0.020879386 0.999158859 -0.035293598 -0.161944777 0.558155775 0.040937100 0.828725636 2.491168022
0.825507164 -0.003046870 -0.564383328 -1.082293153 -0.021574082 0.999084234 -0.036949418 -0.164548278 0.563979149 0.042678058 0.824685395 2.537819624
0.821936727 -0.005277245 -0.569554448 -1.112644672 -0.021859886 0.998928070 -0.040802117 -0.167538941 0.569159329 0.045987148 0.820940137 2.581212997
0.819007814 -0.007752405 -0.573729992 -1.144329667 -0.024383392 0.998535156 -0.048300128 -0.169775859 0.573264003 0.053547665 0.817619085 2.625407219
0.815496504 -0.008782147 -0.578695357 -1.177094460 -0.024351038 0.998478770 -0.049468119 -0.173746496 0.578249514 0.054432914 0.814042151 2.672026873
0.811875045 -0.007956641 -0.583777070 -1.207002997 -0.022844933 0.998708427 -0.045383070 -0.176808774 0.583384275 0.050181724 0.810644567 2.713433504
0.809366763 -0.004120576 -0.587289155 -1.241758823 -0.023960674 0.998911142 -0.040029794 -0.180133894 0.586814582 0.046470635 0.808386862 2.759811401
0.806522608 -0.001389018 -0.591201663 -1.274378538 -0.025667576 0.998972118 -0.037363015 -0.182333887 0.590645790 0.045308836 0.805657864 2.803242207
0.803546786 -0.000470858 -0.595241487 -1.309880137 -0.028163726 0.998849630 -0.038809769 -0.184408486 0.594575047 0.047949683 0.802609146 2.850984812
0.799656510 -0.003540811 -0.600447237 -1.341872215 -0.025103932 0.998911083 -0.039323147 -0.188371047 0.599932671 0.046518601 0.798696935 2.892525673
0.795604527 -0.005933871 -0.605787337 -1.373630285 -0.024433168 0.998824120 -0.041872833 -0.190971285 0.605323553 0.048115514 0.794524014 2.934147835
0.791418672 -0.007411940 -0.611229539 -1.409588456 -0.023242231 0.998838663 -0.042206187 -0.194307595 0.610832453 0.047609102 0.790327191 2.980678082
0.787123501 -0.007216047 -0.616753340 -1.444554329 -0.023222979 0.998875856 -0.041324921 -0.197081596 0.616358280 0.046850655 0.786071002 3.024123192
0.782195985 -0.006922755 -0.622993886 -1.480747342 -0.023317076 0.998912454 -0.040375594 -0.200250462 0.622595787 0.046108034 0.781184018 3.069194317
0.777016401 -0.008874018 -0.629417717 -1.516246796 -0.022213558 0.998891354 -0.041505780 -0.203323603 0.629088163 0.046232291 0.775957882 3.112201214
0.771310627 -0.009861459 -0.636382401 -1.552802563 -0.022119842 0.998860538 -0.042288236 -0.206213012 0.636074245 0.046694055 0.770213723 3.156565189
0.765572906 -0.011824395 -0.643240333 -1.589513063 -0.020916108 0.998845041 -0.043255296 -0.208833441 0.643008947 0.046569165 0.764441550 3.200199604
0.760167837 -0.012662086 -0.649603367 -1.627495766 -0.020995459 0.998809218 -0.044037770 -0.212627366 0.649387479 0.047114812 0.758996785 3.243606806
0.754406214 -0.013398600 -0.656271100 -1.664600015 -0.021605739 0.998743057 -0.045227136 -0.215962842 0.656052351 0.048298851 0.753168404 3.285189152
0.748096466 -0.015134252 -0.663417459 -1.704453230 -0.020142013 0.998761356 -0.045497261 -0.218810081 0.663284361 0.047398895 0.746864974 3.329462051
0.741654932 -0.016300654 -0.670583487 -1.742821932 -0.017687352 0.998881817 -0.043842923 -0.221186727 0.670548499 0.044377171 0.740537345 3.371218204
0.735599518 -0.015689192 -0.677234948 -1.783665419 -0.018168759 0.998915195 -0.042875968 -0.225223720 0.677172899 0.043844063 0.734516501 3.414883137
0.729322374 -0.017037390 -0.683958054 -1.822220564 -0.017700013 0.998885393 -0.043756202 -0.228631556 0.683941185 0.044018447 0.728207827 3.456096649
0.722077250 -0.019680588 -0.691532493 -1.864168406 -0.015973037 0.998854518 -0.045105349 -0.231795251 0.691627979 0.043615419 0.720935822 3.500626564
0.716541231 -0.018548010 -0.697298050 -1.905491590 -0.018005742 0.998821557 -0.045071106 -0.234723166 0.697312236 0.044850685 0.715362847 3.541789293
0.710591793 -0.018935837 -0.703349650 -1.947695255 -0.017271610 0.998867154 -0.044341318 -0.237715960 0.703392506 0.043656550 0.709459722 3.584582806
0.705479801 -0.018286142 -0.708494008 -1.990102887 -0.018100539 0.998876214 -0.043804407 -0.241375312 0.708498836 0.043727245 0.704356015 3.626107931
0.700695217 -0.019447898 -0.713195622 -2.032897711 -0.018339725 0.998807132 -0.045254432 -0.244360626 0.713225007 0.044789370 0.699502707 3.667491436
0.695421994 -0.021977343 -0.718265474 -2.075525522 -0.018102070 0.998679340 -0.048083752 -0.247570604 0.718373597 0.046440594 0.694105625 3.708421946
0.690504134 -0.024243701 -0.722922087 -2.119836092 -0.017495643 0.998586059 -0.050199371 -0.251452386 0.723116875 0.047310859 0.689103544 3.749748468
0.685649633 -0.024218045 -0.727528751 -2.164462805 -0.018678524 0.998531997 -0.050842550 -0.254772455 0.727692187 0.048449330 0.684190691 3.791082382
0.680802166 -0.023532290 -0.732089162 -2.208834648 -0.018735081 0.998597324 -0.049521502 -0.258575529 0.732227683 0.047430091 0.679406285 3.831328869
0.675242662 -0.023780186 -0.737212181 -2.253193617 -0.017795965 0.998664021 -0.048513867 -0.262240142 0.737380862 0.045878030 0.673917353 3.872617245
0.670818627 -0.024858830 -0.741204798 -2.299599409 -0.017299265 0.998641610 -0.049149346 -0.265540838 0.741419613 0.045792598 0.669477284 3.912515163
0.666520178 -0.025013380 -0.745067239 -2.347369671 -0.017830350 0.998616099 -0.049476139 -0.269559532 0.745273769 0.046261657 0.665151834 3.953243494
0.661940157 -0.026355054 -0.749093235 -2.390645027 -0.015590970 0.998681307 -0.048913267 -0.272868186 0.749394536 0.044056747 0.660656393 3.992385626
0.658372641 -0.026145214 -0.752237976 -2.440043688 -0.015991250 0.998685122 -0.048706714 -0.276359648 0.752522290 0.044096384 0.657088935 4.032722473
0.654178023 -0.030795407 -0.755713403 -2.485537052 -0.011384113 0.998656631 -0.050549947 -0.279287696 0.756254911 0.041671790 0.652948678 4.073902130
0.649538517 -0.034633577 -0.759539485 -2.531257629 -0.009005134 0.998541534 -0.053232569 -0.283830285 0.760275483 0.041416354 0.648279309 4.113295078
0.645457387 -0.039399639 -0.762779415 -2.579403639 -0.004813874 0.998438895 -0.055645566 -0.286467463 0.763781130 0.039588761 0.644260168 4.152092934
0.638629258 -0.042442888 -0.768343151 -2.627141476 -0.000359692 0.998461187 -0.055453461 -0.290662080 0.769514382 0.035690576 0.637631357 4.193203926
0.630165935 -0.045905802 -0.775102258 -2.675822258 0.003696855 0.998416722 -0.056126133 -0.294733614 0.776451647 0.032503340 0.629338026 4.232501030
0.621316791 -0.047091503 -0.782143116 -2.725575447 0.006459300 0.998466313 -0.054984830 -0.297939748 0.783532858 0.029110899 0.620668113 4.271516800
0.612577200 -0.045405228 -0.789105535 -2.774516106 0.007357285 0.998632967 -0.051750053 -0.302943408 0.790376484 0.025895229 0.612073898 4.309648037
0.603345275 -0.045011744 -0.796208739 -2.825263500 0.006385876 0.998646498 -0.051617034 -0.306405187 0.797454357 0.026058404 0.602816224 4.348114014
0.594061017 -0.046661571 -0.803065479 -2.877103806 0.005786309 0.998538196 -0.053739019 -0.310006738 0.804399133 0.027277473 0.593462765 4.385437489
0.583990932 -0.048777744 -0.810293376 -2.928384542 0.006624307 0.998446167 -0.055329856 -0.314736634 0.811733186 0.026944496 0.583406568 4.422698021
0.574397624 -0.050517261 -0.817016125 -2.980517864 0.006103865 0.998330414 -0.057436906 -0.318204314 0.818553746 0.028004656 0.573746920 4.458473206
0.564373732 -0.050582942 -0.823968291 -3.032459736 0.008762938 0.998431861 -0.055291016 -0.322744787 0.825472951 0.023984401 0.563931882 4.494211197
0.554373205 -0.051401392 -0.830679357 -3.089027166 0.011378767 0.998465955 -0.054189906 -0.327133089 0.832190394 0.020589322 0.554107606 4.531105518
0.543960989 -0.051619101 -0.837521315 -3.143680096 0.011612320 0.998473585 -0.053997032 -0.331709296 0.839030087 0.019646715 0.543730021 4.565945625
0.534193397 -0.052931890 -0.843703508 -3.199024439 0.010749732 0.998382449 -0.055829842 -0.335325658 0.845293999 0.020754345 0.533898234 4.599187374
0.523418486 -0.054418918 -0.850336194 -3.253169060 0.011471275 0.998318076 -0.056828242 -0.339441150 0.851998448 0.019990511 0.523162425 4.634500980
0.513736367 -0.055119153 -0.856175721 -3.310023308 0.009697117 0.998243392 -0.058446616 -0.343555301 0.857893229 0.021723717 0.513368487 4.668170929
0.503959239 -0.054900873 -0.861980796 -3.364914417 0.008924073 0.998255551 -0.058362924 -0.348287225 0.863681316 0.021720162 0.503569961 4.700278759
0.495200038 -0.053622875 -0.867122471 -3.421093464 0.008247321 0.998338580 -0.057027355 -0.351915687 0.868739843 0.021088514 0.494819522 4.731755733
0.487328857 -0.051250789 -0.871713221 -3.479820013 0.008602315 0.998509407 -0.053896450 -0.357112288 0.873176157 0.018766537 0.487043351 4.764277458
0.480048418 -0.051600523 -0.875723004 -3.535769939 0.008614617 0.998497665 -0.054112509 -0.361335874 0.877199769 0.018432604 0.479771674 4.794754028
0.472133845 -0.054713424 -0.879827261 -3.596357346 0.010362091 0.998347640 -0.056523256 -0.365446568 0.881466150 0.017569693 0.471920490 4.827072620
0.464920133 -0.058418710 -0.883423150 -3.653934717 0.015140033 0.998199463 -0.058040820 -0.370513707 0.885223210 0.013609288 0.464967400 4.857489586
0.458658129 -0.061040174 -0.886513889 -3.712949276 0.014161583 0.998013377 -0.061390564 -0.374665707 0.888499975 0.015602839 0.458611310 4.888352394
0.453137487 -0.064084679 -0.889134228 -3.770944834 0.016100846 0.997838378 -0.063713953 -0.380114377 0.891295254 0.014555370 0.453189760 4.918028831
0.448714823 -0.065310955 -0.891285300 -3.829502583 0.019212024 0.997800469 -0.063443862 -0.385060757 0.893468499 0.011344807 0.448982567 4.947096825
0.443563968 -0.062407013 -0.894067228 -3.888395548 0.020421140 0.998017490 -0.059531540 -0.390098870 0.896009982 0.008148178 0.443958968 4.977657318
0.439639986 -0.061307017 -0.896079302 -3.946183205 0.024618726 0.998115540 -0.056209419 -0.394420296 0.897836626 0.002651584 0.440320820 5.006669044
0.437011123 -0.060596783 -0.897412539 -4.003750324 0.025521386 0.998161674 -0.054971669 -0.399044156 0.899093926 0.001120023 0.437754333 5.033953190
0.433965832 -0.060824800 -0.898873746 -4.063637733 0.028151250 0.998146653 -0.053951282 -0.403504103 0.900489569 -0.001891405 0.434873760 5.062847614
0.431427211 -0.060484916 -0.900117815 -4.122549057 0.029727565 0.998161197 -0.052824657 -0.407596767 0.901657879 -0.003968315 0.432432055 5.090688705
0.428735763 -0.059332985 -0.901479483 -4.181717396 0.031591877 0.998215377 -0.050675061 -0.412081212 0.902877390 -0.006753214 0.429845124 5.119402885
0.427380860 -0.060255039 -0.902061462 -4.239331245 0.034129381 0.998140574 -0.050502937 -0.416358471 0.903427243 -0.009202809 0.428642660 5.145628452
0.424022794 -0.061533816 -0.903558671 -4.296266079 0.036999773 0.998033166 -0.050604410 -0.419600278 0.904895544 -0.011974043 0.425465554 5.173525810
0.422218621 -0.059367206 -0.904547870 -4.352109909 0.038982566 0.998119175 -0.047312453 -0.424533010 0.905655444 -0.015285403 0.423738778 5.199320793
0.419201076 -0.059810977 -0.905921102 -4.407374382 0.041812193 0.998040736 -0.046544969 -0.427531064 0.906930029 -0.018366855 0.420880526 5.226031303
0.418623924 -0.060065299 -0.906171262 -4.466923714 0.042466693 0.998013556 -0.046534706 -0.432029873 0.907166243 -0.019001547 0.420343190 5.251733303
0.417386413 -0.060653087 -0.906702697 -4.521353245 0.043932710 0.997950137 -0.046533272 -0.436240137 0.907666504 -0.020411555 0.419195533 5.276150703
0.416347593 -0.062633179 -0.907045543 -4.576843739 0.043793965 0.997847974 -0.048801154 -0.439576328 0.908150196 -0.019404884 0.418194592 5.302772522
0.416528195 -0.063562244 -0.906898022 -4.632317543 0.044614147 0.997780025 -0.049441159 -0.444184899 0.908027470 -0.019866850 0.418439358 5.328145504
0.418808818 -0.063983493 -0.905817509 -4.683542252 0.042932041 0.997794271 -0.050630566 -0.447348446 0.907059014 -0.017684076 0.420631915 5.351807594
0.423905432 -0.063979805 -0.903443873 -4.737679958 0.040829815 0.997837663 -0.051506784 -0.451518267 0.904785693 -0.015053443 0.425601125 5.376424789
0.428274155 -0.064000137 -0.901379585 -4.789363384 0.038733061 0.997872233 -0.052448034 -0.455892324 0.902818263 -0.012451055 0.429841906 5.401209831
0.434839547 -0.064352542 -0.898205459 -4.844078064 0.038899962 0.997854590 -0.052659705 -0.460010916 0.899667263 -0.012041641 0.436410010 5.426939964
0.440870762 -0.062590145 -0.895385623 -4.892667770 0.037020069 0.997984827 -0.051534165 -0.463985801 0.896806777 -0.010427332 0.442299396 5.451172829
0.448546320 -0.060425449 -0.891714573 -4.943624020 0.034955833 0.998134613 -0.050053488 -0.468305916 0.893075764 -0.008719318 0.449821830 5.477171898
0.457895041 -0.060445230 -0.886949003 -4.993239403 0.035375189 0.998134553 -0.049759727 -0.471700460 0.888302147 -0.008591255 0.459179103 5.501711369
0.467045486 -0.061456271 -0.882095098 -5.043389797 0.035773523 0.998078346 -0.050595801 -0.474691510 0.883509338 -0.007925105 0.468346506 5.528206348
0.476868659 -0.060350649 -0.876900196 -5.091109276 0.033247884 0.998164713 -0.050615799 -0.479156017 0.878345490 -0.005017994 0.477999985 5.554422379
0.487455547 -0.062817439 -0.870885313 -5.140783787 0.032163873 0.998023689 -0.053985097 -0.482412994 0.872555196 -0.001695708 0.488512695 5.580976009
0.498714298 -0.062188372 -0.864532590 -5.188172340 0.029503904 0.998062849 -0.054773960 -0.486853421 0.866264164 0.001809474 0.499583006 5.608658314
0.512014389 -0.061519776 -0.856770992 -5.239553928 0.027208157 0.998093069 -0.055407453 -0.489737749 0.858545721 0.005058259 0.512711942 5.636695862
0.525041580 -0.058429997 -0.849068522 -5.286248684 0.025975531 0.998275936 -0.052635361 -0.494060069 0.850679994 0.005580754 0.525654137 5.664865494
0.537967324 -0.056516256 -0.841068923 -5.332899094 0.024996400 0.998380721 -0.051098652 -0.497251660 0.842594922 0.006465712 0.538508892 5.693663597
0.550509334 -0.056083400 -0.832943022 -5.378309250 0.024839336 0.998399556 -0.050807014 -0.500453293 0.834459364 0.007279981 0.551021278 5.722022533
0.561229825 -0.057095509 -0.825688243 -5.423394203 0.025672657 0.998338580 -0.051584102 -0.504077733 0.827261746 0.007752920 0.561763108 5.753569603
0.571955144 -0.056755662 -0.818318963 -5.465576649 0.024603801 0.998341620 -0.052044824 -0.508409202 0.819915771 0.009633543 0.572402954 5.782882214
0.583357513 -0.057832573 -0.810153902 -5.510126591 0.026691405 0.998288035 -0.052043121 -0.512139499 0.811776698 0.008735602 0.583902538 5.814188480
0.594555199 -0.056781054 -0.802047431 -5.552590370 0.026879391 0.998349488 -0.050752670 -0.516327024 0.803605378 0.008616714 0.595100045 5.845122814
0.605028033 -0.055085089 -0.794296503 -5.594805717 0.026241155 0.998441398 -0.049254425 -0.519692302 0.795771658 0.008957044 0.605530620 5.876816273
0.615985394 -0.053089522 -0.785966754 -5.635880470 0.026620347 0.998559415 -0.046586335 -0.522763073 0.787307799 0.007773794 0.616511285 5.908015728
0.625442803 -0.050943114 -0.778605103 -5.675185204 0.025489433 0.998667777 -0.044866212 -0.526025057 0.779853582 0.008215048 0.625908196 5.938106537
0.636364937 -0.050505146 -0.769732952 -5.715487957 0.023683235 0.998663127 -0.045946382 -0.529186189 0.771024466 0.011008902 0.636710346 5.969194889
0.645110786 -0.049458623 -0.762486577 -5.753129005 0.021129576 0.998676002 -0.046902094 -0.532460034 0.763796747 0.014146032 0.645301700 6.002117157
0.654792905 -0.047916707 -0.754287958 -5.789933205 0.020369023 0.998744607 -0.045763776 -0.535985172 0.755533814 0.014601688 0.654946923 6.033485413
0.663621068 -0.046412561 -0.746627688 -5.827500820 0.020261517 0.998822451 -0.044080794 -0.538750768 0.747794449 0.014125127 0.663780034 6.066703796
0.672209442 -0.045226615 -0.738978267 -5.864042282 0.020879444 0.998893559 -0.042140905 -0.541553795 0.740066469 0.012898063 0.672409892 6.099615097
0.679884613 -0.044881731 -0.731944323 -5.899421692 0.021259762 0.998911977 -0.041504145 -0.544336021 0.733010888 0.012657064 0.680099189 6.133172989
0.688144505 -0.044682648 -0.724196374 -5.934254169 0.020702299 0.998904824 -0.041960355 -0.546926856 0.725278139 0.013882258 0.688315988 6.165506363
0.695400596 -0.043006673 -0.717334270 -5.969579697 0.019320725 0.998965561 -0.041161496 -0.549630463 0.718362510 0.014764312 0.695512235 6.199212551
0.702844262 -0.040531132 -0.710188091 -6.003553391 0.018777903 0.999084592 -0.038435020 -0.552457690 0.711095870 0.013677990 0.702962041 6.232041836
0.709935725 -0.037836172 -0.703249335 -6.036750317 0.017993744 0.999204338 -0.035594299 -0.554988325 0.704036593 0.012615574 0.710051596 6.265925407
0.717462003 -0.035920866 -0.695670903 -6.068621635 0.016844945 0.999272227 -0.034224685 -0.557537794 0.696393967 0.012836369 0.717544973 6.298199177
0.724649072 -0.035574500 -0.688199282 -6.101474285 0.016324466 0.999272525 -0.034465477 -0.559633613 0.688924730 0.013740889 0.724702656 6.332937717
0.732857883 -0.032373611 -0.679611146 -6.132287502 0.013291353 0.999357879 -0.033272196 -0.561920464 0.680251837 0.015350837 0.732817709 6.365408421
0.741965652 -0.028988622 -0.669810891 -6.163002968 0.011861407 0.999475956 -0.030116977 -0.564424157 0.670332968 0.014400862 0.741920710 6.399102211
0.750986576 -0.025871713 -0.659810424 -6.193221092 0.010812805 0.999579966 -0.026887381 -0.566367745 0.660228908 0.013057660 0.750950933 6.432647705
0.761298478 -0.023755888 -0.647966266 -6.221985817 0.009541313 0.999630809 -0.025438562 -0.568674207 0.648331344 0.013183890 0.761244178 6.465701580
0.771133006 -0.022599904 -0.636272788 -6.249947071 0.007255139 0.999616802 -0.026712699 -0.570645094 0.636632681 0.015982792 0.771001518 6.499077797
0.780899942 -0.023373352 -0.624218524 -6.277420521 0.006828292 0.999559343 -0.028885461 -0.572317362 0.624618590 0.018294310 0.780715644 6.533559799
0.790997028 -0.023172863 -0.611380935 -6.304633141 0.007317238 0.999569297 -0.028419219 -0.574006557 0.611776114 0.018005900 0.790826023 6.568551540
0.800857842 -0.021126196 -0.598481834 -6.330156803 0.006581512 0.999627709 -0.026479462 -0.576578498 0.598818302 0.017267369 0.800698638 6.602232456
0.811232150 -0.017625600 -0.584458530 -6.355335236 0.005289205 0.999725878 -0.022807434 -0.579073191 0.584700227 0.015410802 0.811103046 6.636569977
0.820475161 -0.017564470 -0.571412265 -6.380204201 0.006598098 0.999752283 -0.021257054 -0.580166996 0.571644068 0.013670649 0.820387781 6.673313618
0.829730392 -0.015836667 -0.557939649 -6.404329300 0.006902832 0.999812126 -0.018113440 -0.581692457 0.558121681 0.011177907 0.829683840 6.707268715
0.837814569 -0.014810408 -0.545753837 -6.427231789 0.007070234 0.999842584 -0.016279370 -0.582833111 0.545909047 0.009780488 0.837787390 6.743251324
0.844939947 -0.015568960 -0.534634471 -6.451065063 0.009159025 0.999850869 -0.014641424 -0.584480524 0.534782767 0.007474394 0.844956398 6.779832840
0.851380825 -0.015316803 -0.524324477 -6.473069191 0.009200488 0.999855816 -0.014268793 -0.585358858 0.524467468 0.007324136 0.851398945 6.816069603
0.858309627 -0.014228624 -0.512934804 -6.496074677 0.008006924 0.999865115 -0.014337663 -0.586896479 0.513069630 0.008199124 0.858307838 6.853315353
0.864770353 -0.011645036 -0.502032518 -6.517381668 0.005812621 0.999896228 -0.013180912 -0.588442206 0.502133846 0.008480337 0.864748240 6.889819622
0.871094048 -0.010927197 -0.490994602 -6.539021492 0.005208295 0.999901772 -0.013012788 -0.589278162 0.491088480 0.008778119 0.871065438 6.927827835
0.876892686 -0.012189672 -0.480531514 -6.561081886 0.006697277 0.999891162 -0.013142849 -0.590306759 0.480639398 0.008306615 0.876878977 6.967861176
0.881870031 -0.013392407 -0.471302480 -6.581928730 0.007602533 0.999870420 -0.014186700 -0.591632605 0.471431464 0.008927733 0.881857514 7.006542206
0.886054218 -0.014238272 -0.463362992 -6.602034569 0.008288057 0.999854982 -0.014875037 -0.592466712 0.463507622 0.009339709 0.886043668 7.045050144
0.889702797 -0.013254548 -0.456347734 -6.622643471 0.007734792 0.999872625 -0.013961270 -0.593425333 0.456474632 0.008891625 0.889692008 7.085020065
0.892878056 -0.011597016 -0.450149029 -6.642147064 0.007345094 0.999910414 -0.011191185 -0.593944907 0.450238496 0.006685975 0.892883301 7.124843121
0.896128237 -0.006265092 -0.443750948 -6.662548065 0.003691838 0.999971032 -0.006662631 -0.595076978 0.443779856 0.004332315 0.896125376 7.164258957
0.899256825 -0.004620605 -0.437396646 -6.684016228 0.003349465 0.999987602 -0.003677481 -0.596124947 0.437408239 0.001841955 0.899261177 7.207705021
0.902414858 -0.001802679 -0.430864424 -6.703750134 0.001280431 0.999998093 -0.001502085 -0.596945047 0.430866301 0.000803812 0.902415395 7.249232292
0.905661821 -0.000553811 -0.424000472 -6.726585388 0.000912348 0.999999344 0.000642614 -0.597608268 0.423999876 -0.000968827 0.905661702 7.295001984
0.908933759 0.000955320 -0.416939527 -6.746383667 0.000510867 0.999994099 0.003404952 -0.597555459 0.416940272 -0.003307877 0.908927858 7.338624954
0.912299275 0.000365405 -0.409523994 -6.765192032 0.001876087 0.999985397 0.005071624 -0.597467244 0.409519911 -0.005395141 0.912285209 7.381214142
0.915949464 -0.000449171 -0.401293665 -6.786768436 0.002919958 0.999980390 0.005545494 -0.596678913 0.401283294 -0.006251153 0.915932596 7.427740097
0.919466794 -0.000478968 -0.393167287 -6.806907654 0.003104725 0.999976933 0.006042556 -0.598026812 0.393155277 -0.006776605 0.919447124 7.475236416
0.923318207 -0.002279302 -0.384029269 -6.826683044 0.004898421 0.999970973 0.005842173 -0.598727345 0.384004742 -0.007275320 0.923302472 7.522577763
0.927138209 -0.004300617 -0.374694854 -6.844243050 0.006395430 0.999970078 0.004347429 -0.598651648 0.374664903 -0.006427001 0.927138031 7.569030762
0.931569517 -0.005650515 -0.363519341 -6.864546776 0.006933684 0.999973476 0.002225036 -0.598524153 0.363497138 -0.004593304 0.931584001 7.618131161
0.936651289 -0.003695679 -0.350243598 -6.883028984 0.004486014 0.999988794 0.001445259 -0.598976254 0.350234389 -0.002924902 0.936657488 7.667312145
0.942588449 0.000390989 -0.333956480 -6.901704788 0.000555804 0.999996066 0.002739525 -0.599443138 0.333956301 -0.002767859 0.942584455 7.718199253
0.948912382 0.004536756 -0.315506965 -6.917949677 -0.002802935 0.999978364 0.005948894 -0.600195885 0.315527201 -0.004760633 0.948904634 7.766478062
0.955498934 0.006961924 -0.294912279 -6.936053753 -0.005158229 0.999962926 0.006893517 -0.599259615 0.294949383 -0.005065524 0.955499530 7.819291592
0.961731613 0.008749622 -0.273853242 -6.950230122 -0.006955660 0.999947488 0.007521131 -0.599488735 0.273904711 -0.005328479 0.961742043 7.870877743
0.967483521 0.010573122 -0.252713501 -6.964410782 -0.008421545 0.999918461 0.009594101 -0.600257397 0.252794385 -0.007153896 0.967493594 7.924447536
0.972912073 0.011547716 -0.230887055 -6.977587700 -0.008991573 0.999886096 0.012120178 -0.600047708 0.231000707 -0.009715829 0.972905099 7.978568554
0.977785051 0.014794159 -0.209087804 -6.987981319 -0.011740169 0.999805629 0.015839867 -0.600332141 0.209281519 -0.013033259 0.977768540 8.030149460
0.982349634 0.016144717 -0.186355934 -7.001913548 -0.012709978 0.999726832 0.019611221 -0.599225402 0.186621666 -0.016896494 0.982286572 8.091129303
0.986478925 0.018403694 -0.162850752 -7.013195992 -0.014885982 0.999629378 0.022794873 -0.598758996 0.163209915 -0.020062473 0.986387372 8.148015976
0.989809275 0.020595703 -0.140901998 -7.022782803 -0.017543269 0.999584436 0.022871589 -0.597785652 0.141314521 -0.020166632 0.989759326 8.205352783
0.992659152 0.019301426 -0.119396433 -7.029242039 -0.016940720 0.999641001 0.020755572 -0.597874284 0.119754195 -0.018580548 0.992629647 8.267687798
0.994971395 0.019201625 -0.098301940 -7.036418438 -0.017361511 0.999658227 0.019540388 -0.596678495 0.098643549 -0.017735459 0.994964719 8.329373360
0.996791482 0.018232647 -0.077938646 -7.041781902 -0.016606070 0.999631643 0.021467425 -0.596259236 0.078301340 -0.020104293 0.996726990 8.392444611
0.998160362 0.018977949 -0.057583373 -7.046737671 -0.017690009 0.999583662 0.022794487 -0.594730377 0.057992000 -0.021733904 0.998080432 8.454441071
0.999114335 0.019209953 -0.037436727 -7.048728466 -0.018313570 0.999540925 0.024141509 -0.595789671 0.037883300 -0.023434533 0.999007285 8.516473770
0.999636173 0.021122832 -0.016770313 -7.050806999 -0.020705368 0.999480724 0.024687827 -0.595096469 0.017283084 -0.024331613 0.999554574 8.581179619
0.999763727 0.021355003 0.004071150 -7.052859783 -0.021450978 0.999452293 0.025202269 -0.594513237 -0.003530715 -0.025283646 0.999674022 8.645425797
0.999422431 0.023868566 0.024185814 -7.049527168 -0.024464391 0.999396801 0.024646226 -0.593034506 -0.023582952 -0.025223689 0.999403596 8.708402634
0.998708546 0.024804555 0.044337638 -7.046739101 -0.025856899 0.999393582 0.023320897 -0.592571557 -0.043732285 -0.024437215 0.998744369 8.772724152
0.997698843 0.024654696 0.063159294 -7.041193008 -0.026009822 0.999446929 0.020724012 -0.591744900 -0.062613413 -0.022319086 0.997788310 8.834184647
0.996184826 0.027985392 0.082659729 -7.037752628 -0.029590176 0.999395490 0.018253312 -0.592134774 -0.082098939 -0.020629592 0.996410728 8.905794144
0.994441152 0.027089663 0.101749390 -7.033638477 -0.028873075 0.999453485 0.016095627 -0.589654565 -0.101257756 -0.018943971 0.994679868 8.972073555
0.992283940 0.027240263 0.120957762 -7.025848389 -0.029019948 0.999494612 0.012975829 -0.589781046 -0.120543167 -0.016385891 0.992572904 9.040195465
0.989849508 0.028863229 0.139157772 -7.016880989 -0.030140156 0.999520540 0.007077082 -0.587230325 -0.138886765 -0.011199485 0.990244985 9.105072975
0.987029016 0.031171141 0.157486662 -7.007884502 -0.031769279 0.999494433 0.001281499 -0.591115296 -0.157367066 -0.006268116 0.987520218 9.179103851
0.983975768 0.033530027 0.175120875 -6.996701717 -0.033302844 0.999436438 -0.004236643 -0.590998530 -0.175164178 -0.001663270 0.984537840 9.246755600
0.980567396 0.035784084 0.192891076 -6.985400200 -0.034894198 0.999358952 -0.008009850 -0.594034672 -0.193054020 0.001123419 0.981187403 9.315469742
0.976970077 0.037774794 0.210006192 -6.969362736 -0.036281139 0.999281526 -0.010961905 -0.594516456 -0.210269377 0.003090189 0.977638602 9.388098717
0.973006546 0.037024550 0.227788031 -6.954576969 -0.035457809 0.999311090 -0.010967899 -0.595656991 -0.228037179 0.002594974 0.973648906 9.461764336
0.968814850 0.037240900 0.244971082 -6.936887264 -0.035469219 0.999302983 -0.011641504 -0.597160220 -0.245233908 0.002589529 0.969460487 9.532899857
0.964333415 0.036870643 0.262109876 -6.920002460 -0.033531044 0.999289691 -0.017204018 -0.598056555 -0.262557954 0.007801593 0.964884698 9.603429794
0.959888339 0.037689339 0.277837932 -6.899221420 -0.033019427 0.999224067 -0.021469815 -0.601262450 -0.278431535 0.011434575 0.960388005 9.672912598
0.954748333 0.040327009 0.294668496 -6.878252029 -0.035619427 0.999137759 -0.021327892 -0.603586972 -0.295274526 0.009866847 0.955361485 9.746200562
0.949056685 0.042778391 0.312188178 -6.856608391 -0.037634414 0.999038458 -0.022486676 -0.605629027 -0.312849909 0.009592109 0.949754059 9.814051628
0.943090618 0.045627076 0.329390705 -6.829988956 -0.039316997 0.998893738 -0.025796441 -0.608323812 -0.330203354 0.011377727 0.943841159 9.892453194
0.936884046 0.046039097 0.346595973 -6.804493904 -0.038093947 0.998832583 -0.029705301 -0.611936629 -0.347558916 0.014627211 0.937543988 9.962446213
0.930314541 0.047363389 0.363691807 -6.775955677 -0.038413540 0.998755574 -0.031806525 -0.616313875 -0.364745706 0.015619375 0.930976093 10.035912514
0.923267424 0.048244026 0.381116420 -6.747588158 -0.036719736 0.998623490 -0.037456967 -0.618966579 -0.382398874 0.020588305 0.923767984 10.112793922
0.915173888 0.051802933 0.399716377 -6.715933800 -0.037478499 0.998346865 -0.043575771 -0.622980952 -0.401312977 0.024898641 0.915602505 10.185353279
0.905731738 0.054909647 0.420279682 -6.684155464 -0.038617201 0.998139441 -0.047184430 -0.626985669 -0.422088623 0.026506409 0.906167030 10.254214287
0.893699348 0.058285762 0.444864452 -6.653853416 -0.040789463 0.997974753 -0.048810855 -0.630535841 -0.446808487 0.025476445 0.894266903 10.325359344
0.881020963 0.062776789 0.468893498 -6.613862991 -0.043753807 0.997720897 -0.051367123 -0.637626529 -0.471049398 0.024739636 0.881759822 10.401739120
0.867183924 0.067029417 0.493456244 -6.578058243 -0.045822874 0.997436464 -0.054960780 -0.642080784 -0.495875210 0.025049517 0.868032336 10.469001770
0.852268636 0.071191512 0.518237293 -6.538885117 -0.048064649 0.997162402 -0.057937786 -0.648545563 -0.520891488 0.024469666 0.853272140 10.541492462
0.837367654 0.073134594 0.541725755 -6.494156837 -0.047658958 0.997003555 -0.060930070 -0.654135823 -0.544558644 0.025202788 0.838343978 10.611120224
0.821755826 0.074097872 0.565001845 -6.449755669 -0.046489235 0.996922076 -0.063127264 -0.660148263 -0.567940474 0.025608683 0.822671175 10.680796623
0.805804014 0.075925477 0.587294817 -6.399764061 -0.043984585 0.996681035 -0.068501398 -0.665908456 -0.590546608 0.029366780 0.806469023 10.753947258
0.789851010 0.078284241 0.608282030 -6.354673862 -0.042194180 0.996406198 -0.073445871 -0.672692060 -0.611845613 0.032345332 0.790315628 10.810823441
0.773428023 0.080931239 0.628696442 -6.303761959 -0.041900672 0.996174216 -0.076689564 -0.681150377 -0.632497787 0.032971051 0.773860097 10.880591393
