0.999794841 -0.008982387 0.018155269 0.002007930 0.009011389 0.999958277 -0.001516114 -0.000877990 -0.018140895 0.001679407 0.999833941 0.057419706
0.999870598 -0.011384476 0.011367347 0.001994143 0.011419433 0.999930322 -0.003014972 -0.000995127 -0.011332230 0.003144390 0.999930799 0.073417060
0.999912083 -0.013254376 -0.000369897 0.001296754 0.013252206 0.999897838 -0.005356955 -0.000782029 0.000440863 0.005351582 0.999985576 0.088511989
0.999779522 -0.012438206 -0.016918408 0.000392587 0.012349880 0.999909639 -0.005315181 -0.001236147 0.016982989 0.005105069 0.999842763 0.104411863
0.999319136 -0.007934471 -0.036030926 -0.001212534 0.007750131 0.999956131 -0.005252983 -0.001601405 0.036071014 0.004970163 0.999336898 0.121016957
0.998451293 -0.004290992 -0.055466834 -0.003352934 0.003937058 0.999971211 -0.006488700 -0.001862839 0.055493079 0.006260275 0.998439431 0.137783632
0.997103155 -0.004340575 -0.075937197 -0.005140990 0.003833455 0.999969363 -0.006822630 -0.002068738 0.075964488 0.006511762 0.997089386 0.155479461
0.995188475 -0.005768937 -0.097809196 -0.007020925 0.005192379 0.999967575 -0.006148245 -0.002402337 0.097841494 0.005610799 0.995186210 0.174603298
0.993211210 -0.007004614 -0.116113983 -0.010482582 0.006432756 0.999965191 -0.005298982 -0.002661970 0.116147071 0.004516075 0.993221760 0.191601679
0.990938663 -0.005479803 -0.134203345 -0.013912012 0.004842269 0.999975383 -0.005076458 -0.002830498 0.134227857 0.004380609 0.990940809 0.211793512
0.988730252 -0.004854003 -0.149628967 -0.017391602 0.004277211 0.999982059 -0.004176381 -0.003078919 0.149646550 0.003489319 0.988733411 0.230386600
0.986618519 -0.004141310 -0.162992775 -0.021797173 0.003510367 0.999985218 -0.004158800 -0.003596755 0.163007587 0.003530984 0.986618519 0.251151413
0.984491527 -0.005738189 -0.175338104 -0.025274357 0.004898703 0.999974370 -0.005220257 -0.003774672 0.175363570 0.004280370 0.984494448 0.271446854
0.982755482 -0.009447620 -0.184668109 -0.029760450 0.008181737 0.999937534 -0.007615725 -0.004019097 0.184728533 0.005973490 0.982771397 0.293471336
0.981260061 -0.008585023 -0.192497417 -0.034246910 0.006986915 0.999935269 -0.008979280 -0.004705705 0.192562103 0.007466047 0.981256366 0.315406203
0.979745209 -0.008075900 -0.200085610 -0.039492734 0.006039062 0.999923527 -0.010788100 -0.005001729 0.200157449 0.009361258 0.979719043 0.338722318
0.977980137 -0.009745571 -0.208470225 -0.044135381 0.007113506 0.999885261 -0.013371630 -0.005583775 0.208576635 0.011594236 0.977937281 0.361250401
0.976250231 -0.013288612 -0.216237903 -0.049932010 0.010243984 0.999832034 -0.015194792 -0.006237754 0.216403484 0.012618784 0.976222396 0.386024833
0.974346280 -0.020743109 -0.224096149 -0.055154014 0.017628249 0.999718308 -0.015891630 -0.006816300 0.224362671 0.011533529 0.974437475 0.410812438
0.972004950 -0.021761965 -0.233950794 -0.060357120 0.017891619 0.999665976 -0.018653311 -0.007164943 0.234278589 0.013945351 0.972069502 0.436782032
0.970376492 -0.016324321 -0.241045564 -0.068957746 0.011130127 0.999675930 -0.022894481 -0.008198125 0.241341174 0.019533405 0.970243633 0.461896449
0.968290210 -0.013252354 -0.249476254 -0.076837122 0.006980365 0.999637306 -0.026008606 -0.008842691 0.249730453 0.023442445 0.968031526 0.488895237
0.966195047 -0.016038248 -0.257312953 -0.084174633 0.008982249 0.999551296 -0.028573966 -0.009122498 0.257655799 0.025296774 0.965905547 0.514344931
0.963494539 -0.019235617 -0.267036080 -0.091512851 0.011595625 0.999477863 -0.030157909 -0.010848811 0.267476827 0.025960525 0.963214517 0.543392479
0.961175561 -0.018652368 -0.275306463 -0.099817708 0.010209312 0.999433458 -0.032069210 -0.012263197 0.275748670 0.028013453 0.960821450 0.571657836
0.958910406 -0.017993761 -0.283138037 -0.109402850 0.008134948 0.999320209 -0.035957165 -0.013424645 0.283592612 0.032176379 0.958404839 0.599799752
0.956683636 -0.019376799 -0.290483922 -0.118172407 0.007760401 0.999125481 -0.041088693 -0.014773880 0.291026026 0.037054610 0.955997229 0.629244328
0.954983592 -0.020026896 -0.295981944 -0.127213255 0.005927404 0.998807728 -0.048457168 -0.016502231 0.296599448 0.044521395 0.953963637 0.658221602
0.953485429 -0.021875490 -0.300644130 -0.137708127 0.005087563 0.998389184 -0.056509789 -0.017816478 0.301396012 0.052351713 0.952060819 0.689366698
0.952444673 -0.021835813 -0.303928435 -0.148492798 0.002101056 0.997875929 -0.065108366 -0.020135349 0.304704696 0.061373547 0.950467348 0.719323874
0.951151907 -0.020888535 -0.308015674 -0.159068197 -0.002034864 0.997262537 -0.073914461 -0.022486825 0.308716506 0.070930660 0.948505700 0.749654889
0.949817240 -0.021274529 -0.312081248 -0.170169264 -0.004280836 0.996706963 -0.080974042 -0.025076248 0.312776297 0.078246512 0.946598351 0.781333804
0.948309362 -0.018773012 -0.316791385 -0.182047099 -0.009571716 0.996102512 -0.087681659 -0.027992431 0.317202717 0.086181588 0.944433749 0.814556956
0.946691990 -0.017481254 -0.321665406 -0.193773180 -0.013385336 0.995529592 -0.093497463 -0.031009290 0.321861804 0.092818916 0.942225814 0.846476078
0.945121229 -0.015437420 -0.326354980 -0.206889510 -0.017797533 0.994967401 -0.098605976 -0.034678165 0.326234818 0.099002935 0.940090001 0.880157173
0.943408668 -0.013930320 -0.331339657 -0.218570590 -0.021039456 0.994590580 -0.101719685 -0.038175091 0.330964327 0.102934450 0.938012242 0.913555026
0.941763103 -0.011402112 -0.336083710 -0.231619745 -0.024696095 0.994381189 -0.102938399 -0.042328149 0.335369051 0.105243541 0.936189771 0.946558833
0.939706087 -0.010784507 -0.341812849 -0.244828165 -0.025788074 0.994422257 -0.102271065 -0.046452370 0.341009289 0.104919434 0.934186578 0.980534375
0.937317908 -0.011182833 -0.348296016 -0.258097768 -0.025433624 0.994624019 -0.100380450 -0.050355002 0.347546041 0.102946810 0.931994438 1.016015530
0.934668899 -0.013397791 -0.355266929 -0.272408217 -0.023084085 0.994893909 -0.098251097 -0.054779451 0.354769140 0.100033246 0.929587126 1.052120447
0.931449711 -0.012893909 -0.363641620 -0.285604298 -0.023264989 0.995216787 -0.094880253 -0.058765471 0.363125622 0.096836299 0.926694393 1.086058855
0.928399205 -0.009153685 -0.371471643 -0.301225036 -0.026060723 0.995630860 -0.089666165 -0.061994705 0.370669395 0.092926815 0.924104333 1.121567249
0.925113916 -0.005468835 -0.379650444 -0.317182213 -0.028744467 0.996018112 -0.084390685 -0.065325409 0.378600180 0.088983834 0.921272874 1.157834291
0.921360612 -0.002356196 -0.388701826 -0.332955837 -0.031413004 0.996259511 -0.080498941 -0.068845734 0.387437552 0.086378835 0.917840302 1.194098711
0.917548895 -0.001102475 -0.397621483 -0.349290103 -0.032950222 0.996345878 -0.078798272 -0.073218063 0.396255404 0.085402980 0.914159715 1.230856776
0.913568914 -0.001411993 -0.406681627 -0.366428792 -0.033284329 0.996379614 -0.078229293 -0.076486781 0.405319750 0.085003957 0.910214424 1.268108606
0.909873486 -0.000945201 -0.414884657 -0.383493900 -0.033958260 0.996472418 -0.076743245 -0.080109186 0.413493633 0.083915398 0.906631768 1.303702593
0.905774236 0.000361834 -0.423760504 -0.401388764 -0.035454810 0.996558130 -0.074932575 -0.083979368 0.422274768 0.082896359 0.902669489 1.341930389
0.902120650 -0.000873970 -0.431483060 -0.420177817 -0.033564851 0.996825576 -0.072194591 -0.087305129 0.430176407 0.079610884 0.899227679 1.379204273
0.898455203 -0.001694391 -0.439061970 -0.438673615 -0.031239009 0.997211635 -0.067772940 -0.090423942 0.437952518 0.074606813 0.895896971 1.416002512
0.894608915 0.001481629 -0.446847498 -0.459988356 -0.033054791 0.997474194 -0.062869824 -0.093549676 0.445625693 0.071014360 0.892398298 1.457680941
0.890635133 0.001515178 -0.454716057 -0.478003204 -0.032019451 0.997721076 -0.059390731 -0.096122570 0.453589827 0.067455240 0.888654113 1.494944096
0.887308240 0.000792749 -0.461176097 -0.499332428 -0.030400433 0.997924030 -0.056775380 -0.099617682 0.460173696 0.064397216 0.885490358 1.533295512
0.883587658 -0.000136699 -0.468265653 -0.521440685 -0.029549597 0.997990608 -0.056049574 -0.102270454 0.467332423 0.063361771 0.881808221 1.575075150
0.880383968 -0.000322409 -0.474261433 -0.542665482 -0.028504128 0.998156130 -0.053591523 -0.105066441 0.473404229 0.060699522 0.878751338 1.613388538
0.877718568 -0.000075516 -0.479176402 -0.565864563 -0.028696278 0.998196900 -0.052720971 -0.108231902 0.478316337 0.060024753 0.876133978 1.653809547
0.875074327 -0.000694703 -0.483987898 -0.587508082 -0.028137634 0.998234689 -0.052307092 -0.111274540 0.483169764 0.059390884 0.873509943 1.692246199
0.873004735 -0.002732270 -0.487704039 -0.612891555 -0.026603943 0.998228610 -0.053214241 -0.113599107 0.486985534 0.059431139 0.871385694 1.736780643
0.872012436 -0.002753444 -0.489476025 -0.636119723 -0.026735960 0.998223364 -0.053245995 -0.116717674 0.488753021 0.059517782 0.870389640 1.775918484
0.871254742 -0.001665992 -0.490828216 -0.661399066 -0.027865458 0.998213530 -0.052851334 -0.119374171 0.490039468 0.059724137 0.869651854 1.819728613
0.871005416 -0.001669280 -0.491270483 -0.684938490 -0.026789952 0.998344839 -0.050889917 -0.122135438 0.490542293 0.057486508 0.869519114 1.861273050
0.870825768 -0.003009581 -0.491582662 -0.711073577 -0.024933254 0.998423755 -0.050281189 -0.125445053 0.490959108 0.056042906 0.869378150 1.906102180
0.870471001 -0.003734553 -0.492205501 -0.736433387 -0.024932709 0.998352945 -0.051668663 -0.127961606 0.491587788 0.057248093 0.868944287 1.948643088
0.869018197 -0.006850220 -0.494732797 -0.760351181 -0.021363968 0.998452187 -0.051351540 -0.131477907 0.494318753 0.055194881 0.867526650 1.992019415
0.867856503 -0.005962933 -0.496779114 -0.789261580 -0.021772591 0.998510778 -0.050021298 -0.133919463 0.496337682 0.054227471 0.866434216 2.039272547
0.865438402 -0.006067222 -0.500978708 -0.813375831 -0.019605374 0.998750687 -0.045963809 -0.137244791 0.500631630 0.049600713 0.864238262 2.081630230
0.863158226 -0.004894205 -0.504909813 -0.842903316 -0.018983869 0.998931527 -0.042136349 -0.140208095 0.504576504 0.045955487 0.862143040 2.128868818
0.859086692 -0.005674345 -0.511798680 -0.868464231 -0.017342644 0.999041736 -0.040187173 -0.142912388 0.511536181 0.043400217 0.858165026 2.171552420
0.853987575 -0.007854412 -0.520234048 -0.896879196 -0.016485691 0.998975515 -0.042144381 -0.146166921 0.520032048 0.044567205 0.852983236 2.217064857
0.848076999 -0.011614393 -0.529745638 -0.923620701 -0.014496826 0.998876810 -0.045108020 -0.149029553 0.529674590 0.045934707 0.846956134 2.259279728
0.841742635 -0.011760224 -0.539750934 -0.953200042 -0.014812152 0.998883247 -0.044863492 -0.151847720 0.539675772 0.045758381 0.840628445 2.306353807
0.836358309 -0.007175784 -0.548136234 -0.982220054 -0.017716564 0.999038160 -0.040110968 -0.154298007 0.547896922 0.043258231 0.835426569 2.348581314
0.831384897 -0.002265502 -0.555692434 -1.012361526 -0.021415798 0.999118149 -0.036113996 -0.156866968 0.555284262 0.041925225 0.830603182 2.391510963
0.826861322 -0.004301664 -0.562389255 -1.042674541 -0.019760421 0.999131203 -0.036695320 -0.159800917 0.562058389 0.041454997 0.826057971 2.437324762
0.823517442 -0.005714652 -0.567262053 -1.071733475 -0.021220112 0.998939157 -0.040869497 -0.162657797 0.566893876 0.045694117 0.822522461 2.478922129
0.820369005 -0.008626964 -0.571769357 -1.101907969 -0.022961730 0.998582840 -0.048012070 -0.165155813 0.571373284 0.052516427 0.819008350 2.521493673
0.817390978 -0.009770446 -0.576000631 -1.132637978 -0.022871282 0.998517454 -0.049393602 -0.168026268 0.575629354 0.053547747 0.815955639 2.563149691
0.813901782 -0.007182535 -0.580958188 -1.162359595 -0.023488069 0.998699367 -0.045253135 -0.171304643 0.580527544 0.050477184 0.812674522 2.605391026
0.811092734 -0.005024312 -0.584896028 -1.194981575 -0.023034239 0.998913050 -0.040523015 -0.173779190 0.584463894 0.046340555 0.810095370 2.648415327
0.808079362 -0.003454810 -0.589063525 -1.226084471 -0.023091463 0.999028444 -0.037536159 -0.176104039 0.588620961 0.043934535 0.807214439 2.691378593
0.804914415 -0.003118121 -0.593382597 -1.257337689 -0.024072995 0.998991370 -0.037904173 -0.179031342 0.592902362 0.044794112 0.804027498 2.731558323
0.801530898 -0.003610176 -0.597942352 -1.288934112 -0.025250029 0.998885453 -0.039878149 -0.181241482 0.597419798 0.047061633 0.800546467 2.773150682
0.797992289 -0.005908798 -0.602638721 -1.321377516 -0.024866894 0.998777509 -0.042720724 -0.183850542 0.602154374 0.049076561 0.796869814 2.813511372
0.793411851 -0.007867580 -0.608634233 -1.352993011 -0.022795685 0.998830914 -0.042627819 -0.186673671 0.608258069 0.047695655 0.792305052 2.855867863
0.788757741 -0.008273499 -0.614648521 -1.386338711 -0.021752231 0.998907506 -0.041359734 -0.190184981 0.614319205 0.045992784 0.787715852 2.898592710
0.784027755 -0.007553900 -0.620679796 -1.419658422 -0.022727687 0.998906076 -0.040866129 -0.192756534 0.620309532 0.046146791 0.782998443 2.939571142
0.778701723 -0.009256654 -0.627325952 -1.452666998 -0.021470368 0.998912275 -0.041390922 -0.196041629 0.627026737 0.045700103 0.777656019 2.979539156
0.773310840 -0.010534239 -0.633939505 -1.486198425 -0.021306090 0.998865485 -0.042588461 -0.198382318 0.633669078 0.046440899 0.772208989 3.020247698
0.767856658 -0.011818755 -0.640512526 -1.521757364 -0.020653501 0.998853326 -0.043190613 -0.201698869 0.640288532 0.046393033 0.766732097 3.061309338
0.762122154 -0.014005912 -0.647281706 -1.556475282 -0.019277107 0.998831809 -0.044310011 -0.204807013 0.647146106 0.046247367 0.760961890 3.101116896
0.756337881 -0.015221091 -0.654003978 -1.591732502 -0.018927667 0.998801708 -0.045135137 -0.207943201 0.653907239 0.046516184 0.755143285 3.141832829
0.750621319 -0.016458150 -0.660527587 -1.627697110 -0.017530410 0.998841763 -0.044809308 -0.211368144 0.660499990 0.045214146 0.749463439 3.181043625
0.744371355 -0.015449308 -0.667587161 -1.665629864 -0.017864304 0.998913825 -0.043035869 -0.214635402 0.667527020 0.043960646 0.743286669 3.222746372
0.737735331 -0.016226694 -0.674895167 -1.701290131 -0.016716462 0.998965502 -0.042291354 -0.217243314 0.674883306 0.042481683 0.736700654 3.262278795
0.731676161 -0.018218532 -0.681408942 -1.740856290 -0.015409431 0.998945236 -0.043254543 -0.220345110 0.681478262 0.042148441 0.730623662 3.302385092
0.725346625 -0.019270984 -0.688114047 -1.778204560 -0.016102988 0.998859525 -0.044947866 -0.223258644 0.688195527 0.043683473 0.724209070 3.341048956
0.719318211 -0.018879279 -0.694424033 -1.819540262 -0.017161582 0.998842537 -0.044932306 -0.226579055 0.694468737 0.044238035 0.718161762 3.383340359
0.713924408 -0.018360162 -0.699982047 -1.857824445 -0.017309871 0.998887897 -0.043854963 -0.229790092 0.700008810 0.043425724 0.712812603 3.422099113
0.708990991 -0.018962974 -0.704962432 -1.899241924 -0.017192418 0.998876452 -0.044159714 -0.232740730 0.705007911 0.043428849 0.707868576 3.462376118
0.704429984 -0.017803159 -0.709550083 -1.940345049 -0.019332223 0.998833179 -0.044254221 -0.236474067 0.709510028 0.044891190 0.703263998 3.501384258
0.698839962 -0.021244586 -0.714962482 -1.980873823 -0.017842900 0.998730004 -0.047117073 -0.239583760 0.715055466 0.045684293 0.697573364 3.541741848
0.693990827 -0.023411606 -0.719603062 -2.021424532 -0.018335341 0.998572350 -0.050170355 -0.242561221 0.719750285 0.048011940 0.692570806 3.579915762
0.688784540 -0.024354784 -0.724556923 -2.064114571 -0.017812708 0.998565197 -0.050498385 -0.246185958 0.724747241 0.047688823 0.687362313 3.620365858
0.684359729 -0.023659192 -0.728760540 -2.106251955 -0.017550180 0.998649299 -0.048902035 -0.249421254 0.728933334 0.046256460 0.683020175 3.658267260
0.678814888 -0.024161348 -0.733911812 -2.150275946 -0.016840057 0.998683393 -0.048453800 -0.252777040 0.734116316 0.045250282 0.677514315 3.699677229
0.673950434 -0.025063444 -0.738351345 -2.192017078 -0.016149931 0.998685658 -0.048641820 -0.256158203 0.738600075 0.044706497 0.672659755 3.736798048
0.669208586 -0.026621072 -0.742597461 -2.238259077 -0.014737474 0.998686016 -0.049082484 -0.259805799 0.742928445 0.043790434 0.667937040 3.777554989
0.664696157 -0.027589692 -0.746604145 -2.282509327 -0.013233220 0.998726428 -0.048687939 -0.263047278 0.746996641 0.042242665 0.663484514 3.816575527
0.660861373 -0.028062792 -0.749983132 -2.326499701 -0.012395328 0.998756289 -0.048293721 -0.266809046 0.750405610 0.041211735 0.659691572 3.855228901
0.656428993 -0.031359669 -0.753735662 -2.370183468 -0.009188004 0.998729110 -0.049554620 -0.270366013 0.754331768 0.039454415 0.655306637 3.893590927
0.652745843 -0.035707831 -0.756734848 -2.416416407 -0.006568006 0.998584270 -0.052785348 -0.273812592 0.757548451 0.039425656 0.651587188 3.932514668
0.647558510 -0.039622266 -0.760984838 -2.461998701 -0.002851342 0.998514295 -0.054416087 -0.277184904 0.762010276 0.037407424 0.646483600 3.971209526
0.641528130 -0.043053281 -0.765890360 -2.507351160 0.002513197 0.998536348 -0.054025982 -0.281721056 0.767095387 0.032734353 0.640697360 4.008517742
0.633201182 -0.047076933 -0.772554100 -2.553055525 0.007770123 0.998484850 -0.054475855 -0.285728395 0.773948193 0.028491337 0.632607579 4.045976162
0.623793304 -0.048585113 -0.780077875 -2.600394249 0.011261893 0.998521209 -0.053184658 -0.289319873 0.781508267 0.024391077 0.623417914 4.083796501
0.615906358 -0.046227485 -0.786461771 -2.647747517 0.009714571 0.998646736 -0.051091678 -0.292595744 0.787759364 0.023827557 0.615522087 4.119380474
0.606540322 -0.046270292 -0.793705106 -2.697041988 0.009412676 0.998653054 -0.051024992 -0.296684474 0.794997036 0.023477826 0.606158793 4.157298088
0.597392976 -0.047088649 -0.800564945 -2.745018482 0.008672866 0.998595595 -0.052264862 -0.300857842 0.801901758 0.024279460 0.596962392 4.191901207
0.587457359 -0.049602184 -0.807733476 -2.794685125 0.008212935 0.998433828 -0.055339720 -0.303537101 0.809213400 0.025875865 0.586944759 4.227553368
0.577787459 -0.050873809 -0.814600289 -2.847881794 0.010049510 0.998423278 -0.055226009 -0.309165299 0.816125453 0.023722561 0.577387631 4.263758659
0.567635655 -0.051826574 -0.821646988 -2.894534588 0.012299343 0.998439014 -0.054480974 -0.312168092 0.823188007 0.020819627 0.567387044 4.296417236
0.557878077 -0.051770058 -0.828306615 -2.946013689 0.013533644 0.998487294 -0.053291399 -0.316464841 0.829812586 0.018520096 0.557734787 4.329467773
0.547206938 -0.052291743 -0.835362315 -2.998872757 0.013995902 0.998478651 -0.053334385 -0.320996672 0.836880267 0.017493296 0.547106326 4.363925934
0.537217855 -0.053653728 -0.841735244 -3.049313545 0.013307584 0.998389721 -0.055145908 -0.323954314 0.843338549 0.018423904 0.537066698 4.396046162
0.527314723 -0.054114711 -0.847944975 -3.103191376 0.012627820 0.998358667 -0.055861004 -0.328565180 0.849576235 0.018748634 0.527132571 4.429012299
0.517241061 -0.055185933 -0.854058564 -3.154418945 0.011575457 0.998278856 -0.057494450 -0.332315266 0.855761468 0.019852376 0.516989470 4.459741116
0.507654309 -0.054906875 -0.859809518 -3.208412886 0.009951130 0.998274326 -0.057873737 -0.336215407 0.861503363 0.020823771 0.507324636 4.491368294
0.498171717 -0.053077746 -0.865452230 -3.262896538 0.009291629 0.998394191 -0.055882551 -0.340692431 0.867028534 0.019797646 0.497864932 4.523619175
0.491763681 -0.050624002 -0.869255841 -3.315495014 0.009703498 0.998565018 -0.052665211 -0.345414907 0.870674670 0.017464008 0.491549253 4.550332069
0.484067321 -0.051466152 -0.873515904 -3.370484829 0.010364699 0.998535991 -0.053088438 -0.348965883 0.874969482 0.016644644 0.483892024 4.580319881
0.476515532 -0.054197054 -0.877494037 -3.424877167 0.011655577 0.998399794 -0.055335153 -0.353277624 0.879088759 0.016140362 0.476384789 4.609590530
0.470228314 -0.057531621 -0.880667567 -3.480565071 0.014143891 0.998236120 -0.057659987 -0.357638985 0.882431388 0.014657298 0.470212668 4.638174057
0.463823199 -0.060191546 -0.883880675 -3.535623074 0.015556610 0.998088837 -0.059805579 -0.362212300 0.885791302 0.013989027 0.463873148 4.667201996
0.458617926 -0.063998744 -0.886326015 -3.590658665 0.017765084 0.997864246 -0.062860258 -0.366678745 0.888455927 0.013083182 0.458775401 4.694550991
0.453258634 -0.065230124 -0.888989151 -3.645241261 0.020779248 0.997820973 -0.062621273 -0.371353537 0.891136825 0.009911111 0.453626364 4.723712921
0.449746996 -0.062269095 -0.890982866 -3.700331211 0.021691795 0.998033941 -0.058801219 -0.375808597 0.892892540 0.007118654 0.450213462 4.750614166
0.445287883 -0.060713015 -0.893326700 -3.756784201 0.025292549 0.998153269 -0.055229995 -0.380399793 0.895030141 0.001998737 0.446001142 4.779502869
0.441556364 -0.059974626 -0.895226777 -3.810135365 0.027536154 0.998199284 -0.053291373 -0.384896487 0.896810889 -0.001119956 0.442412734 4.805930138
0.438957661 -0.060580447 -0.896463156 -3.868730783 0.028801784 0.998160422 -0.053349923 -0.388639241 0.898046017 -0.002401384 0.439894974 4.833759308
0.435541034 -0.059808064 -0.898179889 -3.921422482 0.031500246 0.998191833 -0.051192723 -0.392759383 0.899617612 -0.005996358 0.436637402 4.860581398
0.433917046 -0.058815427 -0.899031043 -3.979717016 0.032306243 0.998240888 -0.049713243 -0.397013605 0.900373459 -0.007472896 0.435053766 4.887200832
0.432136148 -0.059401311 -0.899849951 -4.034076691 0.033808298 0.998193979 -0.049657438 -0.401268184 0.901174486 -0.008963619 0.433363855 4.912567139
0.429098636 -0.059601545 -0.901289046 -4.088304996 0.036263458 0.998152852 -0.048742235 -0.405287981 0.902529299 -0.011768632 0.430467486 4.939029694
0.426469058 -0.058615841 -0.902600884 -4.140902519 0.039917748 0.998145342 -0.045959897 -0.409249127 0.903620839 -0.016429316 0.428018004 4.964121819
0.424887896 -0.057669468 -0.903407156 -4.197202682 0.040741257 0.998175740 -0.044557754 -0.413209081 0.904328704 -0.017873894 0.426462322 4.989684105
0.423270255 -0.058712672 -0.904099107 -4.248368263 0.042042956 0.998095870 -0.045133706 -0.416889906 0.905027449 -0.018907240 0.424932808 5.013844490
0.422405303 -0.060201928 -0.904405594 -4.304090023 0.044334125 0.997969806 -0.045723673 -0.420505136 0.905322194 -0.020782107 0.424216807 5.038857937
0.422130495 -0.061215956 -0.904465854 -4.356618881 0.044779997 0.997907519 -0.046640631 -0.424659699 0.905428350 -0.020813543 0.423988521 5.062866688
0.422732055 -0.061968118 -0.904133558 -4.406087875 0.043600984 0.997894824 -0.048008535 -0.428201079 0.905205250 -0.019126371 0.424543917 5.085354328
0.425328881 -0.061869927 -0.902921557 -4.456297398 0.041084979 0.997951984 -0.049028158 -0.431906343 0.904105842 -0.016243430 0.426999658 5.108684540
0.429272920 -0.062288430 -0.901024282 -4.505499363 0.039426774 0.997960269 -0.050205685 -0.434982002 0.902313828 -0.013972538 0.430853158 5.131525517
0.431722522 -0.063813321 -0.899746358 -4.555937290 0.039587222 0.997873664 -0.051777862 -0.438200235 0.901137292 -0.013264790 0.433330715 5.157489777
0.439409167 -0.063709430 -0.896024942 -4.602442265 0.038877223 0.997895896 -0.051887371 -0.441972792 0.897445321 -0.012035169 0.440961510 5.178268433
0.446592927 -0.062144011 -0.892576516 -4.650289536 0.037623737 0.998006999 -0.050659709 -0.445737123 0.893945873 -0.010957794 0.448041022 5.201899529
0.454722703 -0.060713440 -0.888561249 -4.698019981 0.035759754 0.998113871 -0.049898811 -0.449086517 0.889914870 -0.009084605 0.456036210 5.225248337
0.463691533 -0.060153119 -0.883952320 -4.744701385 0.034691632 0.998160064 -0.049726918 -0.452323794 0.885317266 -0.007607796 0.464925230 5.249451160
0.472729266 -0.060053248 -0.879159093 -4.791615486 0.035138417 0.998166323 -0.049288210 -0.456053138 0.880506873 -0.007592283 0.473972559 5.274160385
0.480781108 -0.062134549 -0.874636412 -4.837231636 0.034618683 0.998053491 -0.051872525 -0.458583951 0.876156926 -0.005339427 0.481996298 5.300421715
0.493012398 -0.061867587 -0.867819726 -4.883907318 0.031448595 0.998083830 -0.053288121 -0.462777227 0.869453669 -0.001020009 0.494013339 5.324651718
0.505909741 -0.063279249 -0.860262275 -4.929685116 0.031057829 0.997995079 -0.055145897 -0.466805518 0.862027109 0.001180972 0.506860793 5.349332333
0.516365051 -0.061383888 -0.854165733 -4.973874092 0.028580764 0.998107374 -0.054450333 -0.470094085 0.855891526 0.003703541 0.517142177 5.377088070
0.529102623 -0.058778226 -0.846519589 -5.018145561 0.027057059 0.998259366 -0.052402750 -0.473621488 0.848126352 0.004822105 0.529772162 5.403917313
0.541576147 -0.056270719 -0.838766217 -5.061415672 0.026277605 0.998402774 -0.050013356 -0.477203399 0.840240896 0.005045277 0.542189777 5.431438446
0.553234994 -0.055498868 -0.831174374 -5.103463650 0.025535965 0.998439193 -0.049670499 -0.480660290 0.832633734 0.006254619 0.553788662 5.458596706
0.564838231 -0.056191150 -0.823286295 -5.147366047 0.027051747 0.998403549 -0.049583700 -0.484249264 0.824758112 0.005735434 0.565456569 5.488154888
0.576537669 -0.056331988 -0.815126240 -5.188659668 0.026138831 0.998381495 -0.050508477 -0.488068372 0.816652179 0.007813593 0.577077091 5.515575886
0.586939335 -0.058382355 -0.807523191 -5.230408669 0.029170534 0.998274028 -0.050970979 -0.491605520 0.809105277 0.006360993 0.587629318 5.546352863
0.597002447 -0.057063885 -0.800207257 -5.270493507 0.028486833 0.998345852 -0.049940538 -0.495431751 0.801733553 0.007019244 0.597640514 5.576436996
0.608690858 -0.055061150 -0.791494608 -5.310115814 0.028176563 0.998459935 -0.047790010 -0.498713255 0.792907000 0.006787749 0.609304845 5.605533123
0.618296266 -0.051321905 -0.784267724 -5.349081516 0.027657714 0.998668492 -0.043547504 -0.502061248 0.785458267 0.005234211 0.618892372 5.635807514
0.628951788 -0.051292185 -0.775750577 -5.386056423 0.028143760 0.998669386 -0.043213468 -0.504861057 0.776934743 0.005346650 0.629558504 5.664376736
0.638887346 -0.050700750 -0.767627776 -5.422935486 0.026038265 0.998679340 -0.044290055 -0.507984936 0.768859506 0.008308660 0.639363766 5.694819450
0.648072064 -0.051136669 -0.759860218 -5.459093094 0.024585741 0.998627961 -0.046236366 -0.510356784 0.761182010 0.011282773 0.648440182 5.725272179
0.657455027 -0.050447755 -0.751803160 -5.494855881 0.024676895 0.998662591 -0.045432553 -0.513440430 0.753089607 0.011317693 0.657820582 5.755758762
0.667231262 -0.048414379 -0.743275583 -5.529813290 0.024211938 0.998767793 -0.043321416 -0.516196966 0.744457066 0.010909265 0.667581141 5.785892010
0.674990714 -0.046370178 -0.736367643 -5.563558102 0.023985967 0.998874664 -0.040913928 -0.519122481 0.737436235 0.009954033 0.675343394 5.818009853
0.683091164 -0.045603171 -0.728907943 -5.597497940 0.023995869 0.998911321 -0.040008001 -0.521785200 0.729938805 0.009838335 0.683441699 5.849115849
0.691398442 -0.045083154 -0.721065700 -5.630570889 0.023189930 0.998921752 -0.040219724 -0.524334371 0.722101390 0.011086389 0.691698313 5.879619598
0.698133528 -0.044324405 -0.714594245 -5.662864685 0.022946313 0.998954296 -0.039544784 -0.526963115 0.715599775 0.011210234 0.698420584 5.911900520
0.705742359 -0.041004587 -0.707280993 -5.693517685 0.021172451 0.999098480 -0.036796305 -0.529461682 0.708152115 0.010993840 0.705974281 5.940932751
0.712615609 -0.038357839 -0.700505316 -5.725903034 0.020391041 0.999214709 -0.033970825 -0.531763315 0.701258302 0.009924108 0.712838173 5.974210739
0.719791830 -0.037153099 -0.693195045 -5.756340981 0.019759309 0.999258816 -0.033039719 -0.534015298 0.693908691 0.010084670 0.719992399 6.005362511
0.727567017 -0.036386050 -0.685071051 -5.785532475 0.019243158 0.999281943 -0.032637835 -0.536144495 0.685766637 0.010563282 0.727744877 6.035520077
0.735047877 -0.033199899 -0.677201807 -5.814539909 0.016316783 0.999377370 -0.031284034 -0.538517237 0.677818835 0.011945508 0.735131860 6.067258835
0.744304001 -0.030600687 -0.667139530 -5.842389107 0.015755620 0.999476254 -0.028266480 -0.540680230 0.667655110 0.010527657 0.744396269 6.097490311
0.753763020 -0.026526572 -0.656610787 -5.869778156 0.013491051 0.999598980 -0.024895851 -0.542589903 0.657007933 0.009907199 0.753818631 6.127953529
0.763436854 -0.024297774 -0.645425260 -5.897046566 0.011687762 0.999648213 -0.023808116 -0.544957519 0.645776689 0.010632419 0.763452291 6.160112381
0.773535490 -0.023690492 -0.633309901 -5.925255299 0.010250314 0.999638021 -0.024873976 -0.546164334 0.633669972 0.012749281 0.773498476 6.191127300
0.782986879 -0.024847142 -0.621541679 -5.949011803 0.010519710 0.999587953 -0.026707951 -0.548216343 0.621949255 0.014373536 0.782925546 6.223283291
0.792973340 -0.023747649 -0.608793259 -5.973547459 0.009652932 0.999604404 -0.026419040 -0.549404502 0.609179854 0.015072953 0.792888820 6.254526138
0.802904248 -0.022724446 -0.595674753 -5.997056484 0.009992967 0.999645710 -0.024666151 -0.551317632 0.596024275 0.013851997 0.802846909 6.285986423
0.813224971 -0.020424820 -0.581590950 -6.020196915 0.009550239 0.999717653 -0.021755094 -0.553034961 0.581871092 0.012137448 0.813190460 6.316024780
0.822517693 -0.018976999 -0.568422794 -6.043001175 0.009679746 0.999765515 -0.019370774 -0.554320991 0.568657100 0.010430617 0.822508514 6.349572659
0.831660926 -0.017304033 -0.555014133 -6.065368652 0.010050850 0.999819696 -0.016111327 -0.555861771 0.555192888 0.007820797 0.831684828 6.382000923
0.839495718 -0.017003169 -0.543100119 -6.086896896 0.011186376 0.999839187 -0.014011263 -0.557242036 0.543251097 0.005687073 0.839550853 6.415330887
0.846394837 -0.017380852 -0.532272220 -6.106829643 0.012543868 0.999840498 -0.012702182 -0.558211625 0.532408118 0.004074309 0.846477866 6.448389053
0.852750778 -0.017481735 -0.522025406 -6.126474857 0.012692255 0.999838114 -0.012749528 -0.558844209 0.522163868 0.004246488 0.852834582 6.481378078
0.859770417 -0.015945498 -0.510431767 -6.149559021 0.011405928 0.999862611 -0.012022823 -0.560536981 0.510553360 0.004514920 0.859834194 6.517249107
0.866555035 -0.013798373 -0.498890847 -6.171160698 0.009456726 0.999892235 -0.011229141 -0.561552763 0.498992056 0.005012795 0.866592050 6.552074432
0.872389734 -0.013472609 -0.488625199 -6.189172745 0.009358202 0.999897242 -0.010861548 -0.562481105 0.488721222 0.004902849 0.872426093 6.585833549
0.878270388 -0.013795936 -0.477965295 -6.209818840 0.009774745 0.999892831 -0.010899513 -0.563460529 0.478064448 0.004900731 0.878311098 6.623372078
0.883269906 -0.014260261 -0.468648165 -6.228271961 0.010037827 0.999883473 -0.011506478 -0.564819217 0.468757629 0.005459115 0.883310020 6.658423901
0.887518823 -0.015767386 -0.460501611 -6.247654915 0.011404703 0.999859810 -0.012254651 -0.565398097 0.460630298 0.005624349 0.887574255 6.696029663
0.891027987 -0.014831703 -0.453705877 -6.267216206 0.010709682 0.999874711 -0.011653406 -0.566300750 0.453821868 0.005524465 0.891075313 6.732118130
0.894000709 -0.012467875 -0.447892040 -6.285307884 0.009952152 0.999918759 -0.007969845 -0.567533135 0.447954983 0.002667557 0.894052088 6.768731117
0.897182405 -0.007531811 -0.441596061 -6.303533077 0.006649498 0.999971628 -0.003545740 -0.568566561 0.441610217 0.000244784 0.897207022 6.805630684
0.900363028 -0.006239433 -0.435094863 -6.323576927 0.006297745 0.999979317 -0.001307870 -0.568525732 0.435094029 -0.001562558 0.900383651 6.846082211
0.903760791 -0.002863145 -0.428028405 -6.342951775 0.003846818 0.999991655 0.001433273 -0.569803178 0.428020746 -0.002941882 0.903764129 6.885218620
0.906913698 -0.001199081 -0.421314836 -6.361321926 0.002953107 0.999989569 0.003510782 -0.569897175 0.421306252 -0.004428163 0.906907618 6.924586296
0.909961104 -0.000041229 -0.414693624 -6.381977081 0.002991263 0.999974608 0.006464304 -0.570575774 0.414682776 -0.007122722 0.909938157 6.968263626
0.913411915 -0.000272784 -0.407036245 -6.400960445 0.003957152 0.999958396 0.008209928 -0.570475221 0.407017082 -0.009109751 0.913375139 7.008934498
0.916814625 -0.000336224 -0.399312884 -6.418391705 0.004401878 0.999947369 0.009264665 -0.570606291 0.399288774 -0.010251708 0.916767895 7.050105095
0.920306027 -0.000602147 -0.391198725 -6.437307358 0.004736214 0.999942601 0.009602937 -0.571098626 0.391170472 -0.010690439 0.920256138 7.094536781
0.924038887 -0.004192360 -0.382275462 -6.455503464 0.008145833 0.999928713 0.008724093 -0.570646644 0.382211626 -0.011175354 0.924007177 7.137436867
0.928169191 -0.004583670 -0.372130215 -6.473869324 0.008094069 0.999936283 0.007871675 -0.571282208 0.372070432 -0.010318295 0.928147137 7.180138588
0.932312906 -0.006608710 -0.361592233 -6.490753174 0.009148271 0.999943972 0.005311816 -0.570939660 0.361536920 -0.008260218 0.932321131 7.227393150
0.937275529 -0.004808737 -0.348556191 -6.507583618 0.006802701 0.999966681 0.004496916 -0.570965528 0.348522961 -0.006585972 0.937277138 7.272591591
0.943161726 -0.001676256 -0.332329869 -6.523653984 0.003552629 0.999980927 0.005038605 -0.570350349 0.332315058 -0.005932863 0.943149805 7.317814827
0.949444652 0.002602987 -0.313923687 -6.540232658 0.000206200 0.999960184 0.008915093 -0.571973085 0.313934416 -0.008529117 0.949406385 7.366326332
0.955814660 0.004471262 -0.293935895 -6.555603027 -0.001699848 0.999951601 0.009683426 -0.571367800 0.293965012 -0.008755914 0.955776095 7.413734436
0.961972296 0.007611946 -0.273040771 -6.568486691 -0.004722417 0.999925673 0.011238417 -0.572173953 0.273106039 -0.009521634 0.961936772 7.461088657
0.967825115 0.008953132 -0.251464516 -6.582613945 -0.005836429 0.999896646 0.013137302 -0.572607815 0.251556128 -0.011246955 0.967777491 7.510244370
0.973162413 0.010310100 -0.229888350 -6.594413757 -0.006826148 0.999849617 0.015945124 -0.572892010 0.230018184 -0.013947942 0.973086476 7.557656765
0.978181779 0.012187295 -0.207393080 -6.607362270 -0.008282128 0.999771833 0.019687673 -0.572390616 0.207585722 -0.017540470 0.978059590 7.610384941
0.982712924 0.013789222 -0.184622183 -6.619832993 -0.009718127 0.999689639 0.022937736 -0.571154952 0.184881151 -0.020747026 0.982541859 7.667019367
0.986543655 0.016196743 -0.162693426 -6.627361298 -0.012011600 0.999571919 0.026674999 -0.570807219 0.163055867 -0.024361840 0.986316025 7.719374180
0.989919960 0.017823419 -0.140501857 -6.636324406 -0.014267807 0.999552906 0.026273424 -0.569804907 0.140907347 -0.024003930 0.989731789 7.773990154
0.992790878 0.016911794 -0.118660182 -6.644504070 -0.014159651 0.999611676 0.023998408 -0.567750096 0.119019970 -0.022145215 0.992644906 7.828651428
0.995136082 0.017825991 -0.096883118 -6.651548386 -0.015658183 0.999610722 0.023089997 -0.567266703 0.097256996 -0.021460675 0.995027900 7.884925365
0.996914089 0.016725661 -0.076699667 -6.655562878 -0.014822884 0.999569714 0.025310768 -0.567972064 0.077090003 -0.024095748 0.996732950 7.943257332
0.998250842 0.018230457 -0.056240149 -6.660306454 -0.016690716 0.999476135 0.027727254 -0.568140388 0.056716174 -0.026740063 0.998032212 7.999200821
0.999168992 0.018649783 -0.036242686 -6.663192749 -0.017618926 0.999436855 0.028557362 -0.567644119 0.036754861 -0.027895076 0.998934984 8.055047989
0.999684811 0.019412573 -0.015918666 -6.664175510 -0.018947845 0.999404371 0.028842932 -0.566356242 0.016469097 -0.028532213 0.999457181 8.118954659
0.999800205 0.019400457 0.004806580 -6.666054249 -0.019531259 0.999392807 0.028852541 -0.564393401 -0.004243908 -0.028940653 0.999572158 8.178442001
0.999481916 0.020932209 0.024447439 -6.664764881 -0.021610843 0.999378979 0.027832611 -0.563466311 -0.023849662 -0.028346522 0.999313593 8.235310555
0.998708904 0.023325557 0.045127440 -6.662098885 -0.024585327 0.999317646 0.027565228 -0.563581884 -0.044453677 -0.028639112 0.998600781 8.301669121
0.997636080 0.022602098 0.064895384 -6.659762859 -0.024223190 0.999411166 0.024302784 -0.560381591 -0.064307868 -0.025817309 0.997596025 8.364048004
0.996256292 0.024952477 0.082769230 -6.654064655 -0.026863951 0.999395728 0.022061195 -0.561031938 -0.082168728 -0.024202114 0.996324480 8.420041084
0.994386971 0.025310978 0.102731891 -6.649396896 -0.027550209 0.999411464 0.020436622 -0.560303032 -0.102154166 -0.023152201 0.994499147 8.488103867
0.992297411 0.025665198 0.121190794 -6.642204285 -0.027953193 0.999460936 0.017216813 -0.559662819 -0.120683588 -0.020471869 0.992479920 8.551264763
0.989820182 0.026800804 0.139777571 -6.634238243 -0.028727751 0.999517798 0.011786083 -0.559271216 -0.139394298 -0.015681598 0.990112782 8.611475945
0.986983120 0.028647572 0.158251271 -6.625931740 -0.029806087 0.999543309 0.004951695 -0.559128284 -0.158037141 -0.009604090 0.987386465 8.683806419
0.984014034 0.031189172 0.175338283 -6.613991737 -0.031734150 0.999496162 0.000304467 -0.560735285 -0.175240457 -0.005863809 0.984508276 8.748303413
0.980594099 0.033618756 0.193144575 -6.602494240 -0.033405852 0.999432266 -0.004359887 -0.560441434 -0.193181530 -0.002176877 0.981160700 8.814290047
0.976885378 0.035255428 0.210836560 -6.590315342 -0.034526557 0.999378204 -0.007138354 -0.561921775 -0.210957140 -0.000306107 0.977495253 8.885877609
0.972922087 0.035185017 0.228439689 -6.575732708 -0.034627888 0.999379456 -0.006447831 -0.563777208 -0.228524804 -0.001637149 0.973536730 8.952735901
0.968806028 0.034448408 0.245413825 -6.558481693 -0.033779431 0.999405265 -0.006936034 -0.565878689 -0.245506763 -0.001570267 0.969393611 9.015851974
0.964467645 0.034236316 0.261973292 -6.541396141 -0.032038853 0.999406517 -0.012656096 -0.566752195 -0.262251109 0.003813076 0.964992106 9.088366508
0.960051060 0.034497727 0.277689964 -6.523081779 -0.030959470 0.999374092 -0.017117858 -0.567608535 -0.278106660 0.007836885 0.960518181 9.154403687
0.954899549 0.036842234 0.294634372 -6.503247738 -0.033328962 0.999300838 -0.016938508 -0.570257187 -0.295052469 0.006354717 0.955459774 9.219722748
0.949305058 0.039755974 0.311832309 -6.480016708 -0.036076665 0.999194860 -0.017561352 -0.573529005 -0.312279433 0.005421211 0.949974835 9.292741776
0.943152845 0.043468993 0.329504520 -6.458065033 -0.038852207 0.999032915 -0.020586642 -0.575960636 -0.330080777 0.006614368 0.943929553 9.360740662
0.937198400 0.043847159 0.346029758 -6.433359146 -0.037652884 0.998987913 -0.024606425 -0.578685701 -0.346758515 0.010032081 0.937900782 9.424606323
0.930609345 0.045202237 0.363212138 -6.407144070 -0.037768204 0.998906732 -0.027546929 -0.580477893 -0.364060223 0.011917563 0.931299150 9.500923157
0.923873425 0.045488022 0.379985571 -6.379303932 -0.035616584 0.998821378 -0.032972828 -0.582611918 -0.381037593 0.016928930 0.924404562 9.564996719
0.915763617 0.049005460 0.398717582 -6.349831104 -0.036567081 0.998579741 -0.038746890 -0.587263882 -0.400050104 0.020903051 0.916254878 9.635704994
0.905318677 0.052413400 0.421486676 -6.324690819 -0.038050912 0.998374999 -0.042421341 -0.591117501 -0.423025161 0.022366881 0.905841768 9.708478928
0.893979728 0.055648230 0.444638491 -6.290937424 -0.040249735 0.998220086 -0.044005938 -0.595261455 -0.446295917 0.021443836 0.894628465 9.776433945
0.881054938 0.060790338 0.469091266 -6.257976532 -0.043873671 0.997934639 -0.046919793 -0.598339438 -0.470974684 0.020758165 0.881902397 9.841796875
0.866803348 0.065628275 0.494312555 -6.224157333 -0.046748035 0.997630596 -0.050477006 -0.603596747 -0.496454090 0.020645494 0.867817461 9.906598091
0.852369010 0.068573080 0.518425226 -6.184399605 -0.047547612 0.997421443 -0.053755369 -0.609532177 -0.520774543 0.021169528 0.853431702 9.978294373
0.837475777 0.069462039 0.542041779 -6.144076347 -0.046407361 0.997345626 -0.056107510 -0.614273548 -0.544500291 0.021833958 0.838476360 10.042461395
0.822171092 0.071325600 0.564754307 -6.104949951 -0.046335258 0.997212172 -0.058487833 -0.619187951 -0.567351580 0.021918977 0.823183894 10.103584290
0.806351364 0.073537946 0.586847246 -6.058657646 -0.044248726 0.996960104 -0.064129777 -0.624478817 -0.589779198 0.025743891 0.807154059 10.171144485
0.790497780 0.075080477 0.607845664 -6.013821602 -0.041682303 0.996751726 -0.068910308 -0.631088495 -0.611044943 0.029137028 0.791059434 10.232106209
0.774189532 0.077800810 0.628154159 -5.967445374 -0.040755536 0.996484935 -0.073190354 -0.635502815 -0.631640375 0.031062445 0.774638891 10.295619965
0.758090913 0.079582535 0.647274852 -5.916078568 -0.039412346 0.996302903 -0.076335683 -0.643532813 -0.650956869 0.032358769 0.758424759 10.358811378
