0.999750853 -0.007626631 0.020976394 0.001205903 0.007636973 0.999970734 -0.000412998 -0.000451592 -0.020972637 0.000573091 0.999779880 0.045835067
0.999783993 -0.009100555 0.018687025 0.001753494 0.009138636 0.999956250 -0.001953464 -0.000471475 -0.018668432 0.002123815 0.999823451 0.061922289
0.999858141 -0.011666320 0.012147399 0.001722294 0.011706665 0.999926090 -0.003255177 -0.000725218 -0.012108526 0.003396921 0.999920905 0.077787973
0.999907553 -0.013528657 -0.001275888 0.002330421 0.013521184 0.999892414 -0.005693207 -0.000646901 0.001352776 0.005675430 0.999982953 0.094938293
0.999778509 -0.012725612 -0.016763845 0.000486345 0.012635276 0.999905050 -0.005483802 -0.001246928 0.016832042 0.005270771 0.999844432 0.110937327
0.999316216 -0.008186970 -0.036055706 -0.001233706 0.007997708 0.999953508 -0.005390230 -0.001519465 0.036098149 0.005098181 0.999335170 0.128323659
0.998424053 -0.004677088 -0.055924661 -0.003059583 0.004309065 0.999968231 -0.006699443 -0.001800794 0.055954207 0.006447902 0.998412490 0.146115556
0.997106969 -0.004410488 -0.075883202 -0.005342265 0.003890615 0.999967873 -0.006997427 -0.002114244 0.075911626 0.006681951 0.997092128 0.164488986
0.995204329 -0.005890617 -0.097640783 -0.007329368 0.005262690 0.999963820 -0.006687295 -0.002100512 0.097676642 0.006141372 0.995199323 0.183963835
0.993150294 -0.007243331 -0.116618998 -0.010756464 0.006613560 0.999961376 -0.005786294 -0.002454866 0.116656423 0.004975393 0.993159890 0.202982187
0.990951180 -0.006073536 -0.134084672 -0.014859725 0.005405529 0.999971092 -0.005345462 -0.002578150 0.134113252 0.004572294 0.990955532 0.223870978
0.988699853 -0.004947637 -0.149826884 -0.018214839 0.004346362 0.999981165 -0.004340316 -0.003174916 0.149845526 0.003640067 0.988702714 0.243851319
0.986546755 -0.004186464 -0.163425773 -0.022815088 0.003549232 0.999984920 -0.004191002 -0.003793687 0.163440853 0.003554584 0.986546755 0.265276581
0.984509230 -0.006027807 -0.175229102 -0.026916416 0.005214264 0.999973297 -0.005102788 -0.004035096 0.175255224 0.004110051 0.984514415 0.286972851
0.982685983 -0.010139431 -0.185001522 -0.031500570 0.008964092 0.999933958 -0.007188457 -0.004571351 0.185062215 0.005405625 0.982711911 0.310343593
0.981110990 -0.008775014 -0.193246439 -0.035925247 0.007084066 0.999930322 -0.009439499 -0.004757771 0.193315819 0.007892225 0.981104851 0.333817035
0.979506314 -0.008835562 -0.201219440 -0.041575521 0.006678072 0.999912739 -0.011398384 -0.004978999 0.201302618 0.009821031 0.979479909 0.358465314
0.977874935 -0.009830420 -0.208959356 -0.046616778 0.007137510 0.999881506 -0.013637409 -0.005699082 0.209068641 0.011844228 0.977829218 0.382375330
0.976157069 -0.013090223 -0.216670454 -0.052648213 0.009898719 0.999825954 -0.015808530 -0.005959654 0.216839716 0.013286848 0.976116836 0.408761710
0.974214673 -0.020030728 -0.224732190 -0.057937514 0.016713083 0.999721527 -0.016655480 -0.006830605 0.225003242 0.012470043 0.974278212 0.434362501
0.972158372 -0.019855907 -0.233482242 -0.064210743 0.015987461 0.999701917 -0.018449571 -0.008091419 0.233778998 0.014203115 0.972186029 0.461066872
0.970210850 -0.016413977 -0.241705269 -0.072310731 0.011056777 0.999662519 -0.023503982 -0.008091710 0.242009521 0.020131335 0.970064998 0.488130689
0.968123615 -0.012877314 -0.250141501 -0.080887787 0.006634098 0.999645412 -0.025785899 -0.009456409 0.250384837 0.023304475 0.967865825 0.515947878
0.965771616 -0.016299499 -0.258881658 -0.087861985 0.009335471 0.999561250 -0.028107118 -0.010101764 0.259226263 0.024728272 0.965499938 0.544658661
0.963393748 -0.018644322 -0.267441571 -0.095973447 0.010922254 0.999480188 -0.030332603 -0.011204931 0.267868102 0.026301175 0.963096499 0.573884904
0.961214602 -0.018287027 -0.275194734 -0.105017133 0.009704953 0.999424160 -0.032514982 -0.012413818 0.275630921 0.028583124 0.960838497 0.602727175
0.958863497 -0.016806582 -0.283369571 -0.114443697 0.006705896 0.999308348 -0.036577377 -0.013739091 0.283788294 0.033172473 0.958312988 0.633921087
0.956580579 -0.019180959 -0.290836096 -0.124009728 0.007592826 0.999133527 -0.040920604 -0.015672999 0.291369051 0.036935583 0.955897391 0.664712846
0.954533041 -0.022459261 -0.297257900 -0.132757023 0.008333782 0.998778641 -0.048701677 -0.016802691 0.297988623 0.044010080 0.953554273 0.695790768
0.953450263 -0.020791242 -0.300833076 -0.144185275 0.003744787 0.998359859 -0.057130251 -0.018643549 0.301527470 0.053344302 0.951964021 0.727424383
0.952179909 -0.020656649 -0.304839015 -0.155203387 0.000520048 0.997820139 -0.065990388 -0.020586243 0.305537641 0.062676191 0.950114965 0.759744823
0.950858355 -0.019768480 -0.308994681 -0.166690290 -0.003609041 0.997184336 -0.074902609 -0.022800528 0.309605330 0.072336942 0.948109686 0.792061508
0.949602902 -0.019248957 -0.312864184 -0.178147346 -0.006768582 0.996620715 -0.081861004 -0.025831565 0.313382715 0.079853080 0.946263611 0.826271296
0.948005974 -0.017081745 -0.317793876 -0.190248147 -0.011753836 0.995998085 -0.088598572 -0.028984185 0.318035513 0.087727278 0.944011331 0.860123396
0.946408868 -0.016067199 -0.322571188 -0.203094542 -0.015230078 0.995430529 -0.094266511 -0.032450121 0.322611839 0.094127446 0.941839516 0.894938409
0.944782317 -0.014919038 -0.327358782 -0.215821147 -0.018595232 0.994912684 -0.099009365 -0.036320463 0.327170551 0.099629618 0.939698577 0.929636776
0.943106294 -0.011343759 -0.332297742 -0.228880078 -0.024009896 0.994485021 -0.102092452 -0.040273901 0.331623256 0.104262471 0.937632918 0.964209378
0.941441238 -0.011166489 -0.336992234 -0.242343530 -0.025175663 0.994333506 -0.103280187 -0.044183344 0.336236030 0.105716236 0.935825586 0.999559283
0.939076006 -0.011288642 -0.343524098 -0.256677032 -0.025735194 0.994345605 -0.103026569 -0.047830075 0.342744738 0.105590448 0.933475554 1.039672971
0.936857641 -0.011097671 -0.349534929 -0.271472812 -0.025909232 0.994546831 -0.101021104 -0.052237503 0.348750025 0.103698574 0.931461275 1.076177835
0.934406996 -0.011100387 -0.356034160 -0.286252677 -0.025989296 0.994725883 -0.099222004 -0.056410823 0.355257779 0.101966813 0.929190397 1.112808466
0.931202590 -0.009192458 -0.364386111 -0.300418973 -0.027894929 0.994952977 -0.096386485 -0.060540255 0.363433093 0.099919878 0.926246405 1.149211526
0.927873373 -0.007417398 -0.372821629 -0.316344440 -0.028559610 0.995451927 -0.090883590 -0.064366676 0.371800125 0.094976097 0.923441529 1.186571956
0.924304187 -0.004532899 -0.381629616 -0.332808912 -0.030203519 0.995924592 -0.084982030 -0.069027871 0.380459577 0.090075828 0.920400441 1.224858522
0.920931101 0.000693059 -0.389724672 -0.349640399 -0.035310429 0.996033788 -0.081668340 -0.072341099 0.388122350 0.088972256 0.917303085 1.262346506
0.917071640 0.000639986 -0.398721933 -0.366977155 -0.035071786 0.996252120 -0.079067014 -0.076563522 0.397176981 0.086494014 0.913657069 1.301134706
0.913218617 0.000563983 -0.407469511 -0.386049986 -0.035631940 0.996278763 -0.078479163 -0.079771668 0.405909002 0.086187564 0.909840405 1.339297414
0.909322441 0.000756986 -0.416091681 -0.402507484 -0.036329191 0.996323943 -0.077580824 -0.083435759 0.414503455 0.085662253 0.906007111 1.376422405
0.905539393 0.001362430 -0.424260020 -0.420678556 -0.037137635 0.996410847 -0.076066665 -0.086533755 0.422633618 0.084637381 0.902339935 1.414461017
0.901740551 0.000055910 -0.432277679 -0.439461648 -0.035337564 0.996662557 -0.073586009 -0.090022728 0.430830866 0.081631139 0.898733079 1.452342272
0.897632241 0.000315078 -0.440745026 -0.461652815 -0.034261111 0.997023702 -0.069064289 -0.094135582 0.439411461 0.077094764 0.894971490 1.497171283
0.893610656 0.001573969 -0.448840201 -0.481613874 -0.033617556 0.997419715 -0.063432582 -0.097644255 0.447582275 0.071772940 0.891357780 1.538251281
0.890071511 0.002766916 -0.455812335 -0.505018950 -0.033434365 0.997684181 -0.059231550 -0.101013802 0.454592884 0.067960121 0.888102829 1.580129504
0.886548281 0.002851310 -0.462627441 -0.525389552 -0.033354454 0.997772634 -0.057768669 -0.104098469 0.461432338 0.066645399 0.884668708 1.619374394
0.883144617 0.000889730 -0.469099998 -0.548811674 -0.031141778 0.997903347 -0.056735937 -0.106708400 0.468066007 0.064714633 0.881320775 1.662035465
0.879915714 0.000782370 -0.475129157 -0.572085857 -0.030246461 0.998062491 -0.054371495 -0.109820612 0.474166125 0.062213309 0.878234506 1.706214070
0.877386630 -0.000239366 -0.479783922 -0.597225070 -0.029225532 0.998116255 -0.053943045 -0.112109713 0.478893071 0.061350849 0.875726879 1.749016285
0.874595404 0.000167250 -0.484853327 -0.621596456 -0.029661203 0.998145401 -0.053159591 -0.116309062 0.483945370 0.060874477 0.872978389 1.792247534
0.872238040 -0.001935812 -0.489077628 -0.643730044 -0.028311629 0.998115420 -0.054442570 -0.118027948 0.488261402 0.061333470 0.870539486 1.832578182
0.871127009 -0.000246839 -0.491057664 -0.671748161 -0.030286323 0.998069227 -0.054229047 -0.121706009 0.490122944 0.062112726 0.869437516 1.880706072
0.870497584 -0.000335075 -0.492172450 -0.696197927 -0.029682416 0.998143792 -0.053178363 -0.124840535 0.491276711 0.060900506 0.868871927 1.923086643
0.870264590 -0.000948662 -0.492583483 -0.723353982 -0.028068267 0.998277843 -0.051511765 -0.127863288 0.491784036 0.058654834 0.868739367 1.971573234
0.869877517 -0.002384157 -0.493261933 -0.749354482 -0.026417051 0.998328030 -0.051412381 -0.130516857 0.492559761 0.057753004 0.868360162 2.016355991
0.869327605 -0.003048768 -0.494226903 -0.776533365 -0.026054719 0.998307765 -0.051987648 -0.133985028 0.493549079 0.058071241 0.867777050 2.063796043
0.868233502 -0.005199091 -0.496128619 -0.803791821 -0.024088303 0.998324215 -0.052616689 -0.137001500 0.495570809 0.057634473 0.866653264 2.110249281
0.866785824 -0.006756464 -0.498634845 -0.831614554 -0.021514349 0.998470664 -0.050927978 -0.139534339 0.498216301 0.054871466 0.865314722 2.157695293
0.864419580 -0.006129715 -0.502734005 -0.857401013 -0.019856242 0.998729289 -0.046318829 -0.143556580 0.502379179 0.050021306 0.863199353 2.204221487
0.861704826 -0.005731525 -0.507377505 -0.887038708 -0.018411627 0.998924494 -0.042553626 -0.146615148 0.507075727 0.046010304 0.860672593 2.252150297
0.857987642 -0.005917829 -0.513636351 -0.915139258 -0.017235240 0.999038935 -0.040300429 -0.149810553 0.513381302 0.043429907 0.857061028 2.297331333
0.852326810 -0.009855859 -0.522916675 -0.943490386 -0.014670420 0.998978436 -0.042740632 -0.152917922 0.522803724 0.044100396 0.851311684 2.344103098
0.846444964 -0.013188926 -0.532312870 -0.973873079 -0.013315348 0.998856306 -0.045921396 -0.156042129 0.532309711 0.045957863 0.845301270 2.392676353
0.840587497 -0.012963431 -0.541520715 -1.003937483 -0.013904806 0.998867750 -0.045495871 -0.158491522 0.541497409 0.045773000 0.839455485 2.437811136
0.834512651 -0.010131937 -0.550895631 -1.033847570 -0.014453627 0.999084353 -0.040269688 -0.161080584 0.550799131 0.041568004 0.833602130 2.482168674
0.829664707 -0.004051228 -0.558247268 -1.066106796 -0.019464223 0.999155760 -0.036178567 -0.163916469 0.557922542 0.040881932 0.828885436 2.529513359
0.825596333 -0.004417276 -0.564243972 -1.095556855 -0.020439418 0.999078989 -0.037728216 -0.166088238 0.563890934 0.042681094 0.824745655 2.573086739
0.822022498 -0.006474358 -0.569418192 -1.126953602 -0.021204736 0.998893797 -0.041969094 -0.168845713 0.569060028 0.046573903 0.820975959 2.617243052
0.819192529 -0.008359717 -0.573457658 -1.159288883 -0.024282783 0.998491466 -0.049244061 -0.171904683 0.573004305 0.054265510 0.817753851 2.662760973
0.815734506 -0.008979942 -0.578356743 -1.191441059 -0.025264220 0.998372018 -0.051134914 -0.174960971 0.577874541 0.056324236 0.814179838 2.707091093
0.812319517 -0.008277724 -0.583153963 -1.222872972 -0.023279568 0.998642147 -0.046603367 -0.178517625 0.582747877 0.051432390 0.811023831 2.750727177
0.809322238 -0.005446044 -0.587339640 -1.255522013 -0.023626208 0.998845875 -0.041817334 -0.180745617 0.586889565 0.047720298 0.808259487 2.795702219
0.806683958 -0.003632976 -0.590971887 -1.287826538 -0.023956876 0.998958111 -0.038842481 -0.183545724 0.590497315 0.045491442 0.805756390 2.836375237
0.803553462 -0.002019832 -0.595229089 -1.320721865 -0.026487410 0.998882353 -0.039147332 -0.186356276 0.594642818 0.047223058 0.802601874 2.880274296
0.799645662 -0.003909902 -0.600459397 -1.353987694 -0.026043097 0.998811960 -0.041185986 -0.188958511 0.599907041 0.048572015 0.798593938 2.926124573
0.795530498 -0.007282981 -0.605869889 -1.388223648 -0.024576340 0.998717010 -0.044274960 -0.191292092 0.605415046 0.050112139 0.794330776 2.970774174
0.791602254 -0.007729398 -0.610987842 -1.421712637 -0.024537468 0.998711348 -0.044425368 -0.194699287 0.610543847 0.050159313 0.790392458 3.013352633
0.787067294 -0.007894522 -0.616816700 -1.456079245 -0.023872698 0.998779178 -0.043245103 -0.197706237 0.616405129 0.048761886 0.785917878 3.056429148
0.782222450 -0.007240415 -0.622957289 -1.491354227 -0.024843542 0.998774588 -0.042803444 -0.200647235 0.622503877 0.048958268 0.781083882 3.100193739
0.776864469 -0.009259906 -0.629599690 -1.526482582 -0.023498401 0.998768985 -0.043684229 -0.204090670 0.629229248 0.048731320 0.775690496 3.142738342
0.771677971 -0.010260659 -0.635930717 -1.562469125 -0.023453653 0.998730719 -0.044574510 -0.206811443 0.635580897 0.049312063 0.770457804 3.185623169
0.765740454 -0.012100175 -0.643036008 -1.599007487 -0.022443442 0.998711407 -0.045519125 -0.209550396 0.642758071 0.049287770 0.764482081 3.229354382
0.760324001 -0.013271674 -0.649408340 -1.635249257 -0.022089567 0.998684585 -0.046272028 -0.213288456 0.649168313 0.049526878 0.759030640 3.271041870
0.754600525 -0.013759174 -0.656040192 -1.671923161 -0.023237575 0.998592675 -0.047672220 -0.216344878 0.655772865 0.051218264 0.753218889 3.311897039
0.748052061 -0.015968366 -0.663447917 -1.710642815 -0.020869477 0.998649955 -0.047567040 -0.219838277 0.663311839 0.049428441 0.746708930 3.356171131
0.741361976 -0.016346311 -0.670906365 -1.744658232 -0.018814093 0.998804212 -0.045125253 -0.223274857 0.670841634 0.046076648 0.740167797 3.396526098
0.735451460 -0.016445696 -0.677377939 -1.788840175 -0.018642468 0.998835802 -0.044490941 -0.226839602 0.677320898 0.045348920 0.734288573 3.440041542
0.729322255 -0.018164737 -0.683929086 -1.827297449 -0.017501533 0.998825014 -0.045191310 -0.230267793 0.683946311 0.044928838 0.728147447 3.480592251
0.722148299 -0.020333644 -0.691439271 -1.867338061 -0.016943155 0.998748004 -0.047066554 -0.233270854 0.691530585 0.045704197 0.720899761 3.523492575
0.716210604 -0.019584721 -0.697609425 -1.907147408 -0.018604949 0.998715043 -0.047139022 -0.236013710 0.697636187 0.046740450 0.714925945 3.563604116
0.710549116 -0.019088052 -0.703388751 -1.948026061 -0.018944958 0.998750627 -0.046241190 -0.239417434 0.703392506 0.046182297 0.709299624 3.604943275
0.705834091 -0.018116117 -0.708145440 -1.990056038 -0.020349927 0.998741686 -0.045833796 -0.243062377 0.708084702 0.046761762 0.704577327 3.645223379
0.700906157 -0.019563783 -0.712985158 -2.031725883 -0.019809315 0.998704195 -0.046877407 -0.246381789 0.712978363 0.046980411 0.699610412 3.685729265
0.696092308 -0.021511527 -0.717629850 -2.072447300 -0.020171365 0.998570502 -0.049498927 -0.249602169 0.717668712 0.048931405 0.694663405 3.724287033
0.690695167 -0.024950175 -0.722715318 -2.116465569 -0.018496254 0.998468161 -0.052146703 -0.253081113 0.722909331 0.049385011 0.689175785 3.766201496
0.685633183 -0.024677549 -0.727528811 -2.159850121 -0.019750157 0.998426795 -0.052479140 -0.256660312 0.727679312 0.050350249 0.684067130 3.806614876
0.680861175 -0.024330851 -0.732008219 -2.203213215 -0.019311741 0.998504162 -0.051151156 -0.260469377 0.732157886 0.048963193 0.679372787 3.846087694
0.675628543 -0.024231073 -0.736844003 -2.246741533 -0.018812202 0.998567641 -0.050087173 -0.264233053 0.737002254 0.047701973 0.674204946 3.886272192
0.670827806 -0.025774864 -0.741165102 -2.293116093 -0.018120389 0.998527944 -0.051125694 -0.267211616 0.741391718 0.047726735 0.669373155 3.926746845
0.666595459 -0.025941629 -0.744968176 -2.338788748 -0.018334305 0.998521328 -0.051176466 -0.271377653 0.745194197 0.047772471 0.665134072 3.965476274
0.661803901 -0.027260076 -0.749181211 -2.382106543 -0.016240098 0.998582780 -0.050680939 -0.274875462 0.749501050 0.045707617 0.660423338 4.005161762
0.658386052 -0.027119754 -0.752191722 -2.430388451 -0.016774386 0.998573720 -0.050685350 -0.278231144 0.752493441 0.045988083 0.656992078 4.044523716
0.654101372 -0.030884521 -0.755776286 -2.475656986 -0.013351119 0.998539031 -0.052359924 -0.281071454 0.756289124 0.044339158 0.652733326 4.084602356
0.649411380 -0.035845723 -0.759591937 -2.520584345 -0.009530567 0.998426378 -0.055264629 -0.285271287 0.760377526 0.043128826 0.648047745 4.124371529
0.645102561 -0.039938491 -0.763051510 -2.566640377 -0.006033773 0.998335660 -0.057354480 -0.289052576 0.764072120 0.041603602 0.643787801 4.162347794
0.638127506 -0.043614425 -0.768694341 -2.613751411 -0.000892924 0.998351693 -0.057386052 -0.292633176 0.769930005 0.037306007 0.637036800 4.202301025
0.629510105 -0.047352049 -0.775548041 -2.660947323 0.003732438 0.998314083 -0.057923693 -0.296694964 0.776983321 0.033568863 0.628625572 4.241010666
0.620703042 -0.048173204 -0.782564402 -2.708840847 0.006441502 0.998390436 -0.056349870 -0.301034629 0.784019232 0.029935647 0.620014191 4.278302670
0.611857414 -0.046343677 -0.789609253 -2.758509874 0.006869066 0.998555779 -0.053284410 -0.305840224 0.790938258 0.027178576 0.611292124 4.316987038
0.602420330 -0.046256680 -0.796837568 -2.807335377 0.006839401 0.998581827 -0.052797314 -0.309449136 0.798149765 0.026356282 0.601882398 4.353959084
0.593458116 -0.048459366 -0.803404689 -2.860298395 0.005257897 0.998398006 -0.056336977 -0.311742127 0.804847598 0.029209418 0.592762291 4.391460419
0.583372176 -0.050123174 -0.810657024 -2.908124924 0.006041364 0.998334110 -0.057379782 -0.316913277 0.812182486 0.028576288 0.582703233 4.426191807
0.574267864 -0.052079111 -0.817009389 -2.960961342 0.005781339 0.998207629 -0.059565701 -0.320579976 0.818647027 0.029483259 0.573539734 4.461442471
0.564015388 -0.052178167 -0.824114144 -3.011421919 0.008888796 0.998327494 -0.057124950 -0.325134307 0.825716376 0.024893969 0.563535988 4.496562958
0.553623855 -0.052584220 -0.831104994 -3.063004494 0.010725365 0.998371899 -0.056022745 -0.329496861 0.832697690 0.022101628 0.553286552 4.530857086
0.543131292 -0.053065192 -0.837969244 -3.116856098 0.011325414 0.998373151 -0.055882324 -0.334146440 0.839571476 0.020861091 0.542848647 4.565234184
0.532604992 -0.054390535 -0.844614565 -3.170151711 0.010744517 0.998287022 -0.057511184 -0.337708712 0.846295774 0.021555765 0.532277048 4.598835468
0.522724748 -0.055382349 -0.850700676 -3.221785784 0.010002598 0.998217344 -0.058839753 -0.341545790 0.852442861 0.022247773 0.522346854 4.630812645
0.512943685 -0.056058533 -0.856589794 -3.276266813 0.009267431 0.998169005 -0.059774477 -0.345994711 0.858372331 0.022722552 0.512524009 4.662938118
0.503890455 -0.055867027 -0.861958981 -3.331635952 0.007262677 0.998145044 -0.060448103 -0.350320369 0.863737106 0.024199089 0.503361285 4.693715572
0.494790792 -0.053475227 -0.867365241 -3.384375572 0.006521008 0.998305261 -0.057828080 -0.354881078 0.868987620 0.022956710 0.494301021 4.724596024
0.485699296 -0.052741371 -0.872533441 -3.440794230 0.008517249 0.998416305 -0.055609357 -0.359113485 0.874084532 0.019577844 0.485379249 4.757265568
0.479622006 -0.051505767 -0.875962257 -3.496886253 0.006215324 0.998450100 -0.055304822 -0.363757730 0.877453208 0.021081025 0.479198784 4.785756111
0.471482843 -0.055822510 -0.880106628 -3.551753044 0.009537991 0.998258889 -0.058206946 -0.367482185 0.881823659 0.019049127 0.471194386 4.814831257
0.465110868 -0.058604967 -0.883310437 -3.609124899 0.011981414 0.998131633 -0.059914138 -0.372085869 0.885171354 0.017283412 0.464944005 4.844421864
0.458174795 -0.061743267 -0.886714995 -3.664038181 0.013650440 0.997955620 -0.062435791 -0.377097130 0.888757288 0.016502459 0.458080977 4.873771667
0.451973677 -0.065342627 -0.889634788 -3.719713688 0.016050033 0.997747660 -0.065129265 -0.382142097 0.891886950 0.015158053 0.452004462 4.902854443
0.447873890 -0.066336170 -0.891632497 -3.777177811 0.019016195 0.997724950 -0.064677328 -0.387171894 0.893894494 0.012011831 0.448116452 4.930827618
0.442995250 -0.064068429 -0.894231737 -3.834549904 0.020363566 0.997904897 -0.061408293 -0.391722977 0.896292627 0.008993838 0.443371832 4.960386753
0.439279199 -0.062034581 -0.896206200 -3.890382051 0.023732733 0.998066247 -0.057452530 -0.396339655 0.898037076 0.003968277 0.439901859 4.987758636
0.436911076 -0.060831908 -0.897445500 -3.947017193 0.024195306 0.998144388 -0.055878427 -0.401100218 0.899179339 0.002699937 0.437572122 5.013998985
0.433457047 -0.061323311 -0.899085462 -4.004018784 0.026691897 0.998117864 -0.055209566 -0.405315667 0.900778890 -0.000067323 0.434278101 5.041914940
0.430154741 -0.060782455 -0.900706768 -4.062000275 0.028785441 0.998146892 -0.053610831 -0.410008848 0.902296185 -0.002866295 0.431107283 5.069903374
0.428402007 -0.059622973 -0.901619017 -4.117199421 0.030320032 0.998207271 -0.051603742 -0.414042026 0.903079391 -0.005229971 0.429441810 5.095905304
0.426147342 -0.061725594 -0.902545512 -4.175251484 0.034149796 0.998056114 -0.052133385 -0.417390257 0.904008985 -0.008605241 0.427426815 5.122474670
0.423435569 -0.062528178 -0.903765678 -4.227461338 0.036778465 0.997979343 -0.051814865 -0.420733392 0.905179381 -0.011298860 0.424879551 5.147800922
0.421697617 -0.061239604 -0.904666066 -4.281524658 0.039627012 0.998008132 -0.049086612 -0.425139040 0.905870259 -0.015149510 0.423284411 5.172901154
0.419870317 -0.061080467 -0.905526340 -4.337539673 0.041584607 0.997979641 -0.048034959 -0.428573102 0.906630933 -0.017487509 0.421561986 5.197616577
0.417981535 -0.062313315 -0.906315804 -4.389693737 0.043515403 0.997872889 -0.048539519 -0.431986153 0.907412767 -0.019150080 0.419803977 5.222087860
0.416755706 -0.063952081 -0.906766057 -4.444851398 0.046046391 0.997726738 -0.049204089 -0.436022401 0.907851517 -0.021247217 0.418753117 5.246812820
0.416640818 -0.064746007 -0.906762540 -4.496980667 0.045685135 0.997691393 -0.050247148 -0.440179706 0.907922447 -0.020490557 0.418636888 5.269404888
0.416931838 -0.066384912 -0.906510293 -4.548979759 0.045629043 0.997600496 -0.052069373 -0.443535596 0.907791734 -0.019653820 0.418960482 5.293977261
0.419836015 -0.065602250 -0.905225992 -4.600127697 0.042988203 0.997702181 -0.052366499 -0.447507620 0.906581342 -0.016928703 0.421691388 5.316393852
0.422834456 -0.065496601 -0.903836966 -4.648722172 0.041130170 0.997743905 -0.053059999 -0.451734662 0.905273080 -0.014739375 0.424574405 5.340584755
0.428380340 -0.064131372 -0.901319861 -4.699753761 0.038758580 0.997864306 -0.052579556 -0.457063884 0.902766883 -0.012409830 0.429951072 5.364388943
0.433652788 -0.067093708 -0.898578703 -4.748645782 0.040736597 0.997664213 -0.054832656 -0.458909303 0.900158763 -0.012826703 0.435373098 5.387877464
0.439696103 -0.065177664 -0.895778656 -4.796511650 0.038975887 0.997808516 -0.053470023 -0.463144183 0.897300601 -0.011403210 0.441272855 5.412709236
0.448338509 -0.064560309 -0.891529322 -4.846249580 0.038221408 0.997860610 -0.053039279 -0.466364056 0.893046319 -0.010295951 0.449846983 5.436059475
0.457498252 -0.062975280 -0.886977673 -4.896138668 0.036671098 0.997976542 -0.051941432 -0.470629543 0.888454020 -0.008763328 0.458881974 5.460704327
0.466683358 -0.062925175 -0.882183135 -4.942592621 0.036284145 0.997988284 -0.051990755 -0.473995537 0.883679867 -0.007746045 0.468027651 5.485762596
0.476517558 -0.062418979 -0.876946330 -4.989312172 0.034409121 0.998036265 -0.052340556 -0.478214294 0.878491282 -0.005233759 0.477729589 5.511471748
0.486622304 -0.065204181 -0.871175706 -5.036446095 0.033399720 0.997870266 -0.056030344 -0.481091142 0.872973740 -0.001831408 0.487763762 5.537025928
0.499162912 -0.064200103 -0.864126563 -5.082172871 0.030387601 0.997934997 -0.056587972 -0.485847920 0.865975142 0.001987882 0.500083029 5.561737061
0.509697974 -0.064148031 -0.857958615 -5.128298759 0.029857449 0.997934818 -0.056876007 -0.488826334 0.859835148 0.003373128 0.510560572 5.591065884
0.522505820 -0.062752768 -0.850323379 -5.173718929 0.029728079 0.998022377 -0.055385500 -0.492205620 0.852117419 0.003660765 0.523338020 5.618786812
0.536374986 -0.059281297 -0.841895223 -5.219137669 0.027262608 0.998226523 -0.052920107 -0.495971411 0.843539357 0.005432756 0.537039936 5.645517349
0.548763037 -0.058948211 -0.833897114 -5.263474464 0.027297800 0.998242319 -0.052601915 -0.499193132 0.835532248 0.006102424 0.549407661 5.673763275
0.560137689 -0.059137426 -0.826285958 -5.306131363 0.027210271 0.998223841 -0.052997265 -0.503099918 0.827952504 0.007202306 0.560751975 5.702549934
0.571605086 -0.060112152 -0.818323970 -5.348198891 0.027850306 0.998159528 -0.053868819 -0.506778359 0.820055962 0.008001123 0.572227299 5.731335640
0.582736254 -0.060160890 -0.810431421 -5.390114307 0.028931642 0.998159707 -0.053293414 -0.511069775 0.812146187 0.007608898 0.583404422 5.760501385
0.593178928 -0.059963938 -0.802834392 -5.430399895 0.029998841 0.998176098 -0.052389242 -0.514974535 0.804511547 0.006992092 0.593895853 5.790662766
0.604623199 -0.057660244 -0.794421852 -5.472114563 0.028484937 0.998303652 -0.050778784 -0.518211544 0.796002150 0.008072975 0.605239987 5.820648670
0.614867449 -0.056428999 -0.786608994 -5.511742592 0.029807363 0.998386979 -0.048321839 -0.521305561 0.788066864 0.006264791 0.615557551 5.851396561
0.624785662 -0.053472593 -0.778963149 -5.550249577 0.027750088 0.998542547 -0.046288203 -0.524605215 0.780303061 0.007303915 0.625358939 5.881452084
0.635554075 -0.052500326 -0.770269275 -5.588810921 0.025572592 0.998569250 -0.046960790 -0.527838290 0.771632671 0.010148339 0.635987401 5.912204742
0.644286335 -0.052548923 -0.762976885 -5.625252724 0.024128933 0.998536646 -0.048397373 -0.530837119 0.764403641 0.012771953 0.644611478 5.943201065
0.653474391 -0.052044537 -0.755157351 -5.661497593 0.024086449 0.998558044 -0.047976252 -0.533951461 0.756565332 0.013162187 0.653785646 5.974243641
0.663188875 -0.049590755 -0.746807396 -5.697182655 0.023330038 0.998687446 -0.045598686 -0.537043929 0.748088419 0.012817493 0.663475335 6.004807472
0.670894384 -0.048465382 -0.739967406 -5.731588840 0.023826128 0.998755574 -0.043813076 -0.539612412 0.741170049 0.011763389 0.671214163 6.037258625
0.680198193 -0.047432616 -0.731492102 -5.767323494 0.024602331 0.998819411 -0.041889925 -0.543356597 0.732615411 0.010497035 0.680561900 6.069028854
0.686832011 -0.046948548 -0.725298345 -5.799820900 0.022883942 0.998813808 -0.042982887 -0.545247853 0.726455867 0.012924345 0.687091529 6.101035118
0.694762290 -0.045946643 -0.717770457 -5.832443237 0.022434887 0.998856306 -0.042224064 -0.547995329 0.718889415 0.013232592 0.694998384 6.131843567
0.701297939 -0.043705057 -0.711527348 -5.865894794 0.022099352 0.998971939 -0.039579514 -0.550528586 0.712525785 0.012032737 0.701542795 6.165173054
0.709274828 -0.040803235 -0.703750253 -5.897333145 0.020926118 0.999102175 -0.036837265 -0.552897096 0.704621434 0.011400983 0.709491789 6.196040630
0.716049612 -0.039282490 -0.696943223 -5.929362774 0.019688156 0.999154627 -0.036088433 -0.555289626 0.697771668 0.012119581 0.716217697 6.229185104
0.723701835 -0.038631126 -0.689030707 -5.959784031 0.019066159 0.999170125 -0.035993833 -0.557593226 0.689849436 0.012911632 0.723837674 6.260889053
0.731999040 -0.035431348 -0.680383682 -5.989339828 0.016645700 0.999278843 -0.034129504 -0.560229123 0.681102216 0.013657304 0.732060969 6.291692257
0.740612328 -0.032530148 -0.671144724 -6.019580364 0.015746407 0.999393463 -0.031063979 -0.562692165 0.671748042 0.012438253 0.740675271 6.325109959
0.750367999 -0.028777136 -0.660393655 -6.047597408 0.014143295 0.999522209 -0.027484678 -0.564803004 0.660868943 0.011283483 0.750416517 6.356073856
0.760211468 -0.026425723 -0.649138093 -6.076541901 0.011900196 0.999571204 -0.026755067 -0.566807747 0.649566710 0.012614636 0.760199904 6.389501572
0.770167351 -0.025685636 -0.637324512 -6.104056358 0.010579928 0.999565840 -0.027499599 -0.568784118 0.637754023 0.014436445 0.770104706 6.421402454
0.780026436 -0.026337704 -0.625191987 -6.129802704 0.010172640 0.999515533 -0.029414991 -0.570600867 0.625663757 0.016584620 0.779916584 6.453930378
0.790006101 -0.025999302 -0.612547457 -6.156079769 0.010250437 0.999521017 -0.029204166 -0.572100163 0.613013268 0.016792592 0.789894164 6.487698555
0.800191581 -0.024298197 -0.599252105 -6.181093693 0.009730040 0.999573410 -0.027537555 -0.574087203 0.599665523 0.016204571 0.800086677 6.520553589
0.810204208 -0.022280741 -0.585723996 -6.205351353 0.009790799 0.999652267 -0.024483290 -0.575756669 0.586065829 0.014101761 0.810140669 6.554367065
0.819550395 -0.021104151 -0.572618365 -6.228304863 0.010175476 0.999700010 -0.022280987 -0.577075422 0.572916865 0.012433726 0.819519103 6.588025570
0.828823268 -0.019676525 -0.559164405 -6.252399445 0.010631012 0.999754846 -0.019422671 -0.578549385 0.559409559 0.010153478 0.828829288 6.622218132
0.836903751 -0.018613448 -0.547033548 -6.275279522 0.011019441 0.999792039 -0.017160496 -0.580126643 0.547239184 0.008333681 0.836934805 6.657283783
0.844314277 -0.018406801 -0.535531998 -6.298150063 0.012183520 0.999810934 -0.015156137 -0.582201719 0.535709739 0.006271876 0.844378948 6.691936970
0.850700319 -0.018756727 -0.525316298 -6.319251060 0.012737138 0.999805272 -0.015072049 -0.582835376 0.525496662 0.006130770 0.850773692 6.727547646
0.857470691 -0.017519617 -0.514234483 -6.340689182 0.011287119 0.999820054 -0.015242257 -0.584329605 0.514409065 0.007265564 0.857514262 6.763036251
0.864182174 -0.015937110 -0.502926409 -6.362071514 0.010158008 0.999847174 -0.014229327 -0.584861934 0.503076553 0.007187997 0.864212036 6.798751831
0.870203137 -0.015047512 -0.492463320 -6.382241249 0.009736565 0.999863446 -0.013346518 -0.586279035 0.492597073 0.006819278 0.870230913 6.834921360
0.876102149 -0.016345860 -0.481848538 -6.402600288 0.011013164 0.999842763 -0.013893656 -0.587204576 0.481999964 0.006865583 0.876144409 6.871116638
0.881117523 -0.017070975 -0.472589344 -6.422985077 0.011411235 0.999824762 -0.014840255 -0.588417828 0.472759902 0.007683178 0.881157815 6.909425735
0.885429025 -0.017551379 -0.464443266 -6.442750454 0.011736482 0.999812424 -0.015408265 -0.589551389 0.464626580 0.008191994 0.885468841 6.946707726
0.889052570 -0.016828693 -0.457495809 -6.463091850 0.011458262 0.999829054 -0.014511222 -0.590883672 0.457661748 0.007659133 0.889093399 6.984755993
0.892185509 -0.014972701 -0.451420814 -6.483236313 0.010932032 0.999873459 -0.011557739 -0.591064036 0.451536834 0.005376699 0.892236233 7.024669647
0.895449996 -0.010654856 -0.445034504 -6.502563477 0.008388019 0.999939859 -0.007062738 -0.592210770 0.445083022 0.002591371 0.895485580 7.063141823
0.898628235 -0.008547775 -0.438627630 -6.522024155 0.007293537 0.999963105 -0.004544357 -0.592619121 0.438650340 0.000884541 0.898657382 7.102653027
0.901756644 -0.004704149 -0.432218492 -6.542211533 0.004557260 0.999988616 -0.001375592 -0.594726086 0.432220012 -0.000729283 0.901767850 7.144496918
0.905056715 -0.002982304 -0.425280571 -6.562047005 0.003558679 0.999993443 0.000560855 -0.594928265 0.425276130 -0.002021042 0.905061305 7.185729980
0.908385873 -0.000914979 -0.418131858 -6.580098152 0.002792434 0.999988496 0.003878297 -0.595910907 0.418123513 -0.004690595 0.908378005 7.225841522
0.911501884 -0.001718197 -0.411292255 -6.600235939 0.004364119 0.999975383 0.005494263 -0.595858634 0.411272705 -0.006802960 0.911486983 7.271026611
0.915143371 -0.002775750 -0.403118640 -6.619788170 0.005728920 0.999964833 0.006120109 -0.595488966 0.403087497 -0.007910213 0.915127277 7.313951492
0.918810785 -0.002720544 -0.394689083 -6.639363289 0.005695866 0.999963522 0.006366981 -0.596316218 0.394657403 -0.008098147 0.918792725 7.358443260
0.922522843 -0.004601336 -0.385914952 -6.657905579 0.007560738 0.999952495 0.006151189 -0.596502960 0.385868371 -0.008592416 0.922513783 7.403973579
0.926541746 -0.006247572 -0.376139969 -6.677373886 0.008720225 0.999950111 0.004871570 -0.596812487 0.376090795 -0.007793738 0.926550031 7.450307846
0.930808723 -0.007931275 -0.365420610 -6.695073605 0.009486255 0.999952018 0.002460162 -0.596334457 0.365383625 -0.005756413 0.930839181 7.496325493
0.935957611 -0.005429700 -0.352070808 -6.712361336 0.006522952 0.999976814 0.001919021 -0.597192168 0.352052212 -0.004092663 0.935971558 7.542913437
0.941989720 -0.002091568 -0.335635096 -6.728759766 0.003220688 0.999990821 0.002807528 -0.597204149 0.335626185 -0.003725639 0.941987932 7.589015961
0.948220611 0.001731080 -0.317607909 -6.745620728 0.000184109 0.999981999 0.005999930 -0.597555101 0.317612559 -0.005747732 0.948203206 7.636123180
0.954826474 0.005750739 -0.297108233 -6.762609482 -0.003531294 0.999961674 0.008006328 -0.597756147 0.297142953 -0.006595477 0.954810262 7.690245628
0.961160839 0.007060627 -0.275898606 -6.777319908 -0.004876818 0.999951124 0.008600537 -0.597459674 0.275945902 -0.006920992 0.961148322 7.740134239
0.966977358 0.008730559 -0.254712969 -6.791293144 -0.006235330 0.999924362 0.010602038 -0.598535001 0.254786253 -0.008663710 0.966958702 7.791187763
0.972517133 0.009436089 -0.232640013 -6.804751396 -0.006577714 0.999893069 0.013059407 -0.598442972 0.232738376 -0.011170260 0.972475231 7.843163013
0.977483690 0.012370813 -0.210648075 -6.815428257 -0.009119364 0.999823868 0.016399898 -0.597862363 0.210813880 -0.014109658 0.977424383 7.895321369
0.981983423 0.014431139 -0.188414872 -6.826272011 -0.010673338 0.999723554 0.020943724 -0.598882735 0.188665047 -0.018555377 0.981866121 7.948143005
0.986065447 0.016169127 -0.165570289 -6.836546421 -0.012325458 0.999630690 0.024216013 -0.597328544 0.165900692 -0.021837844 0.985900581 8.002818108
0.989530325 0.017869832 -0.143214941 -6.845847607 -0.014573587 0.999604881 0.024032181 -0.596487880 0.143587798 -0.021693416 0.989399791 8.059076309
0.992537022 0.017390985 -0.120697424 -6.854959965 -0.014870767 0.999652803 0.021749955 -0.594901860 0.121033773 -0.019792773 0.992451012 8.117752075
0.994840562 0.017258080 -0.099971645 -6.860711098 -0.015270091 0.999670804 0.020616755 -0.594685733 0.100294538 -0.018983813 0.994776666 8.176311493
0.996705294 0.015737962 -0.079566918 -6.865921021 -0.014004767 0.999653339 0.022294173 -0.594017684 0.079890206 -0.021106403 0.996580243 8.233723640
0.998095155 0.016684251 -0.059394769 -6.870060921 -0.015256427 0.999585450 0.024412412 -0.593661904 0.059777461 -0.023459759 0.997936010 8.292160988
0.999076784 0.017859537 -0.039072257 -6.871392727 -0.016863037 0.999527812 0.025686596 -0.593354106 0.039512560 -0.025004007 0.998906136 8.348239899
0.999645770 0.019123182 -0.018511960 -6.874997139 -0.018645842 0.999497771 0.025623500 -0.591152668 0.018992666 -0.025269255 0.999500275 8.419150352
0.999796152 0.020107472 0.001784662 -6.873553753 -0.020147895 0.999442220 0.026634011 -0.591892958 -0.001248121 -0.026664546 0.999643683 8.476400375
0.999500632 0.022169864 0.022516994 -6.871205807 -0.022753585 0.999402702 0.026006870 -0.590840042 -0.021926980 -0.026506227 0.999408126 8.539020538
0.998807490 0.023603860 0.042735822 -6.870352268 -0.024678981 0.999387562 0.024807023 -0.589610994 -0.042124107 -0.025832118 0.998778403 8.601840973
0.997755289 0.023424584 0.062734328 -6.869395733 -0.024855955 0.999445975 0.022133932 -0.588172913 -0.062181089 -0.023643568 0.997784793 8.672059059
0.996329665 0.025553720 0.081696846 -6.865186691 -0.027222009 0.999441743 0.019372169 -0.587233305 -0.081156194 -0.021525018 0.996468961 8.736249924
0.994596779 0.025993008 0.100506663 -6.858878613 -0.027898194 0.999455869 0.017596783 -0.586554646 -0.099994570 -0.020305656 0.994780779 8.801252365
0.992537558 0.025914086 0.119154409 -6.851021767 -0.027863681 0.999503314 0.014724833 -0.587714493 -0.118713640 -0.017935025 0.992766559 8.865388870
0.990057886 0.026779445 0.138087735 -6.843371868 -0.028396644 0.999549091 0.009754295 -0.588478982 -0.137764230 -0.013578544 0.990371943 8.928367615
0.987370789 0.029104374 0.155730277 -6.832666874 -0.029936401 0.999547303 0.002999589 -0.588156760 -0.155572474 -0.007623711 0.987795055 8.995635986
0.984301507 0.030828159 0.173782080 -6.824440956 -0.030945288 0.999518931 -0.002036102 -0.589097857 -0.173761249 -0.003373598 0.984782040 9.060253143
0.980983436 0.034501228 0.191000536 -6.810377121 -0.033962607 0.999404669 -0.006093842 -0.590426266 -0.191097066 -0.000508918 0.981570959 9.130023003
0.977324426 0.036394134 0.208596379 -6.797338486 -0.035273321 0.999336362 -0.009091755 -0.591628790 -0.208788812 0.001527708 0.977959573 9.194364548
0.973496139 0.034835476 0.226034835 -6.783466339 -0.033627342 0.999392211 -0.009194199 -0.592434287 -0.226217717 0.001349567 0.974075794 9.262886047
0.969330966 0.035100337 0.243239909 -6.765002728 -0.033711404 0.999382854 -0.009871612 -0.594514489 -0.243436322 0.001368899 0.969915926 9.335995674
0.964948356 0.035487410 0.260029376 -6.747312546 -0.032832064 0.999354899 -0.014549393 -0.597257853 -0.260378033 0.005502110 0.965491116 9.403180122
0.960343003 0.036510006 0.276420951 -6.729456902 -0.032383654 0.999285638 -0.019479398 -0.598382771 -0.276934713 0.009755379 0.960839212 9.471958160
0.955198169 0.039341047 0.293340415 -6.708349228 -0.035187099 0.999191940 -0.019426588 -0.599697471 -0.293867648 0.008234440 0.955810666 9.542392731
0.949682295 0.040488835 0.310586810 -6.685117722 -0.035932526 0.999146342 -0.020380102 -0.603105187 -0.311146885 0.008194453 0.950326443 9.619305611
0.943589926 0.044580985 0.328101516 -6.662316322 -0.038919684 0.998958707 -0.023804653 -0.604236245 -0.328821123 0.009692221 0.944342494 9.687679291
0.937418282 0.045343596 0.345240206 -6.636536598 -0.038212981 0.998892903 -0.027435515 -0.609502673 -0.346102029 0.012525896 0.938113213 9.752871513
0.930692494 0.046082143 0.362888098 -6.614146233 -0.037913259 0.998842418 -0.029604744 -0.612072229 -0.363832384 0.013794643 0.931362271 9.828496933
0.923691154 0.045901306 0.380378306 -6.586333752 -0.034999114 0.998755455 -0.035532545 -0.613766968 -0.381535977 0.019508194 0.924148023 9.897366524
0.915556371 0.049478367 0.399134517 -6.558027267 -0.036002032 0.998502314 -0.041195057 -0.618514836 -0.400575012 0.023346741 0.915966451 9.964751244
0.905959964 0.053552490 0.419962496 -6.525173187 -0.038316704 0.998268127 -0.044638127 -0.623509049 -0.421625614 0.024348771 0.906443000 10.037637711
0.894394338 0.056712743 0.443669319 -6.494498253 -0.040637515 0.998129845 -0.045666270 -0.628823996 -0.445429415 0.022814030 0.895026326 10.102962494
0.881026208 0.062154707 0.468966514 -6.459439278 -0.044257354 0.997812748 -0.049101319 -0.631990671 -0.470992655 0.022504332 0.881850064 10.175575256
0.867508948 0.065158784 0.493135184 -6.423086166 -0.045427624 0.997618437 -0.051902041 -0.637640238 -0.495342582 0.022623528 0.868402958 10.241041183
0.853142381 0.069285452 0.517056584 -6.382475853 -0.047297519 0.997332156 -0.055601399 -0.642393589 -0.519529521 0.022980418 0.854143322 10.313476562
0.838298857 0.070480637 0.540636182 -6.343064308 -0.046521779 0.997239649 -0.057870574 -0.648275733 -0.543222487 0.023361480 0.839263618 10.377144814
0.822434425 0.071810730 0.564309180 -6.299978733 -0.045731556 0.997135818 -0.060239758 -0.653663874 -0.567018747 0.023736520 0.823362827 10.445292473
0.806483567 0.074478477 0.586546838 -6.255232811 -0.044533223 0.996868312 -0.065348454 -0.659049630 -0.589577019 0.026581632 0.807274640 10.510044098
0.789870322 0.076946765 0.608427644 -6.209502220 -0.042524476 0.996581614 -0.070829965 -0.665338159 -0.611797929 0.030073419 0.790442228 10.575851440
0.774061382 0.079089202 0.628151119 -6.158155918 -0.041567605 0.996374547 -0.074228294 -0.672320724 -0.631744444 0.031346519 0.774542630 10.639002800
