0.999761403 -0.007476391 0.020530855 0.001295742 0.007479315 0.999972045 -0.000065602 -0.000652712 -0.020529792 0.000219143 0.999789238 0.042307910
0.999790847 -0.008999509 0.018365372 0.001653985 0.009030717 0.999957919 -0.001617132 -0.000779723 -0.018350046 0.001782647 0.999830008 0.056889653
0.999862790 -0.011461002 0.011954886 0.001479054 0.011496559 0.999929607 -0.002909991 -0.000973618 -0.011920694 0.003047032 0.999924242 0.072127439
0.999909818 -0.013371549 -0.001268371 0.001561433 0.013364590 0.999896348 -0.005343784 -0.000906865 0.001339695 0.005326350 0.999984920 0.090963818
0.999782205 -0.012319040 -0.016847325 0.000327772 0.012235400 0.999912322 -0.005058635 -0.001474495 0.016908167 0.004851400 0.999845266 0.103242122
0.999320030 -0.007809687 -0.036033455 -0.001246114 0.007632056 0.999958038 -0.005064550 -0.001737899 0.036071490 0.004786098 0.999337733 0.119487099
0.998404741 -0.004284962 -0.056298763 -0.003087579 0.003909449 0.999969363 -0.006778457 -0.001690415 0.056326084 0.006547546 0.998390913 0.136526465
0.997078061 -0.004070864 -0.076280504 -0.004909162 0.003576823 0.999971688 -0.006612150 -0.002235933 0.076305255 0.006319988 0.997064471 0.153830275
0.995210052 -0.005420279 -0.097608604 -0.007238096 0.004906971 0.999972820 -0.005498135 -0.002820378 0.097635746 0.004992836 0.995209694 0.172273114
0.993138671 -0.006852027 -0.116741821 -0.010134761 0.006244018 0.999964952 -0.005573080 -0.002410208 0.116775937 0.004805902 0.993146598 0.189977303
0.990856647 -0.005741829 -0.134796679 -0.013511539 0.005110193 0.999974191 -0.005031375 -0.002749298 0.134822100 0.004296533 0.990860462 0.209698617
0.988622189 -0.004726922 -0.150345773 -0.016889388 0.004122162 0.999982119 -0.004333855 -0.002926233 0.150363550 0.003664796 0.988623917 0.228426605
0.986443222 -0.003890195 -0.164056361 -0.021101117 0.003201856 0.999984860 -0.004459976 -0.003413237 0.164071232 0.003874228 0.986440837 0.249274582
0.984376729 -0.005711273 -0.175982594 -0.024641376 0.004894305 0.999975145 -0.005076018 -0.003759724 0.176007241 0.004135403 0.984380126 0.268862516
0.982649028 -0.009405863 -0.185236365 -0.029106108 0.008197911 0.999939859 -0.007285981 -0.004150653 0.185293734 0.005641011 0.982666969 0.290546000
0.981067657 -0.008759733 -0.193467036 -0.033240557 0.007113796 0.999932349 -0.009200665 -0.004506730 0.193534553 0.007650190 0.981063604 0.312087834
0.979424477 -0.008545186 -0.201629758 -0.037880093 0.006484663 0.999919832 -0.010877663 -0.004837023 0.201706573 0.009346351 0.979401350 0.334805518
0.977795660 -0.009915033 -0.209326014 -0.043123282 0.007259132 0.999883175 -0.013452351 -0.005390989 0.209434912 0.011634125 0.977753401 0.357264906
0.976168394 -0.013697227 -0.216582015 -0.049210291 0.010658789 0.999827802 -0.015190996 -0.005918724 0.216752797 0.012520466 0.976146281 0.381517977
0.974193394 -0.020692833 -0.224764302 -0.054157130 0.017499110 0.999715686 -0.016192243 -0.006587035 0.225035533 0.011841202 0.974278569 0.405347466
0.972058833 -0.021074196 -0.233789563 -0.060016278 0.017180515 0.999677956 -0.018678926 -0.007284555 0.234107941 0.014140391 0.972107768 0.430656403
0.970111251 -0.016584242 -0.242093161 -0.067561880 0.011330491 0.999669492 -0.023077572 -0.007890395 0.242395848 0.019644778 0.969978511 0.455846339
0.968064010 -0.013469589 -0.250340909 -0.075312249 0.007283224 0.999645233 -0.025621785 -0.008884741 0.250597149 0.022980239 0.967818677 0.481745332
0.965673327 -0.016331527 -0.259245723 -0.082497582 0.009448448 0.999569535 -0.027774358 -0.009595517 0.259587735 0.024371486 0.965411961 0.508665740
0.963468552 -0.018835288 -0.267158270 -0.090633951 0.011107761 0.999475837 -0.030406818 -0.010554658 0.267590940 0.026328482 0.963172853 0.535387456
0.961093307 -0.018682605 -0.275591224 -0.098392144 0.010040957 0.999413669 -0.032734551 -0.011707546 0.276041150 0.028693758 0.960717380 0.563407123
0.958795846 -0.017777670 -0.283539176 -0.107498318 0.007831240 0.999314845 -0.036174636 -0.012933502 0.283988029 0.032463633 0.958278060 0.591080725
0.956463099 -0.019124717 -0.291226000 -0.116388373 0.007375393 0.999115884 -0.041388854 -0.014333623 0.291760057 0.037439015 0.955758512 0.620346308
0.954576015 -0.020049207 -0.297292322 -0.125680760 0.005789574 0.998793304 -0.048768230 -0.016048022 0.297911316 0.044831794 0.953540266 0.650161266
0.953447104 -0.021085482 -0.300822228 -0.135833308 0.004090833 0.998365104 -0.057012457 -0.017740402 0.301532537 0.053127754 0.951974571 0.679055631
0.952094018 -0.022152664 -0.305001885 -0.145920500 0.002257004 0.997854650 -0.065429963 -0.019884484 0.305796981 0.061607081 0.950101495 0.709680021
0.951053858 -0.020153996 -0.308367103 -0.157344133 -0.003112375 0.997195780 -0.074772932 -0.021806419 0.309009284 0.072072856 0.948324084 0.739222288
0.949559569 -0.019863244 -0.312956959 -0.167788967 -0.005953990 0.996669888 -0.081323497 -0.024765216 0.313530266 0.079084851 0.946279228 0.771292508
0.948079646 -0.018046586 -0.317520648 -0.178088933 -0.010518062 0.996063292 -0.088017896 -0.027554087 0.317859113 0.086787663 0.944157541 0.801913142
0.946603060 -0.016952327 -0.321955502 -0.190432623 -0.013942176 0.995529890 -0.093411207 -0.030775577 0.322099894 0.092912093 0.942135334 0.833687782
0.944747388 -0.015000568 -0.327455908 -0.202447608 -0.018525602 0.994912505 -0.099024825 -0.034099661 0.327275455 0.099619776 0.939663053 0.866785526
0.943193376 -0.011721305 -0.332037449 -0.215058655 -0.023647631 0.994474411 -0.102280125 -0.037643794 0.331401616 0.104321845 0.937704563 0.899420023
0.941374183 -0.011356949 -0.337173194 -0.228311568 -0.025013402 0.994332790 -0.103328377 -0.041439775 0.336435825 0.105704516 0.935755074 0.933522642
0.939204276 -0.010954461 -0.343184114 -0.240247533 -0.025954405 0.994366407 -0.102770634 -0.045274448 0.342376500 0.105429761 0.933628857 0.965829015
0.936863840 -0.012468575 -0.349472135 -0.252153546 -0.024241991 0.994644225 -0.100475058 -0.049449764 0.348853230 0.102603346 0.931543827 0.996398151
0.934422910 -0.010679708 -0.356005132 -0.266592741 -0.026354738 0.994736850 -0.099015340 -0.053042755 0.355188876 0.101904631 0.929223478 1.032361388
0.931091368 -0.011100714 -0.364617109 -0.280175030 -0.025482509 0.995115936 -0.095368654 -0.057656884 0.363894939 0.098088287 0.926261008 1.067273855
0.927804649 -0.009416576 -0.372947603 -0.293702364 -0.025901845 0.995643079 -0.089576684 -0.061626490 0.372166157 0.092769675 0.923518360 1.100436449
0.924538195 -0.006506686 -0.381033808 -0.310616553 -0.027745569 0.996051431 -0.084330663 -0.065157235 0.380078018 0.088538907 0.920707107 1.136395097
0.920980752 -0.001009684 -0.389606744 -0.325903952 -0.033262391 0.996141791 -0.081209600 -0.067838520 0.388185680 0.087751716 0.917393804 1.170559406
0.917154670 -0.000915165 -0.398530424 -0.342138052 -0.033551682 0.996269882 -0.079501666 -0.071005508 0.397116601 0.086286701 0.913702905 1.205960393
0.913387656 -0.000823090 -0.407089978 -0.358500421 -0.033951137 0.996360123 -0.078190707 -0.075451493 0.405672610 0.085239597 0.910035193 1.239633918
0.909351289 -0.000742140 -0.416028500 -0.375658154 -0.034530509 0.996413410 -0.077253960 -0.078178942 0.414593667 0.084616669 0.906064093 1.277285218
0.905369699 0.000415932 -0.424624175 -0.393341541 -0.035972346 0.996479869 -0.075722970 -0.081324816 0.423097908 0.083832003 0.902197540 1.313622713
0.901470959 -0.000576674 -0.432839066 -0.411713511 -0.034714345 0.996681392 -0.073627248 -0.084285617 0.431445092 0.081398532 0.898459554 1.350279689
0.898105800 0.000596590 -0.439779073 -0.430183113 -0.034335926 0.997041643 -0.068767406 -0.088747270 0.438437074 0.076860622 0.895469368 1.385385513
0.894145250 0.001408740 -0.447774768 -0.448738903 -0.033030428 0.997478187 -0.062819101 -0.091983743 0.446557045 0.070959598 0.891936958 1.422033787
0.891029596 0.005040344 -0.453917325 -0.466796845 -0.035631318 0.997629881 -0.058865704 -0.094183229 0.452544719 0.068624750 0.889097273 1.454545975
0.887220919 0.002978647 -0.461335212 -0.490058839 -0.032970991 0.997831523 -0.056965888 -0.097904146 0.460165143 0.065752000 0.885395229 1.497934341
0.883588374 -0.000105839 -0.468264222 -0.509870470 -0.029832004 0.997955799 -0.056516912 -0.099600986 0.467312992 0.063906945 0.881779134 1.535389304
0.880680263 0.000728607 -0.473710626 -0.531824529 -0.030045599 0.998071253 -0.054322951 -0.102489509 0.472757429 0.062074065 0.879003465 1.573660970
0.877667427 0.000569428 -0.479269683 -0.553267598 -0.029516943 0.998165190 -0.052867249 -0.105612263 0.478360265 0.060546447 0.876073956 1.614027262
0.875290513 -0.000508495 -0.483597279 -0.574568033 -0.028172202 0.998247564 -0.052040126 -0.108998790 0.482776225 0.059174232 0.873742223 1.649401784
0.873122990 0.000259031 -0.487500072 -0.597783744 -0.029994709 0.998133779 -0.053190801 -0.111114167 0.486576527 0.061064534 0.871501088 1.692101359
0.871625900 -0.001476807 -0.490169466 -0.622551680 -0.028363604 0.998167872 -0.053443853 -0.114176929 0.489350468 0.060486015 0.869987071 1.735468388
0.871071756 -0.002670982 -0.491148561 -0.645116329 -0.026569543 0.998264670 -0.052550953 -0.116940930 0.490436703 0.058825240 0.869489193 1.775393248
0.871149063 -0.001761868 -0.491015524 -0.669515312 -0.026493313 0.998368323 -0.050586212 -0.119962409 0.490303487 0.057076756 0.869680941 1.816177011
0.870441437 -0.003860411 -0.492256820 -0.695040464 -0.023961529 0.998451591 -0.050200503 -0.122486889 0.491688430 0.055491835 0.869001150 1.861959338
0.869751692 -0.006267238 -0.493449897 -0.718012631 -0.021522693 0.998486042 -0.050617393 -0.125696957 0.493020147 0.054644927 0.868300021 1.902447820
0.868674397 -0.008175702 -0.495315969 -0.744387746 -0.020202441 0.998447239 -0.051911004 -0.127829313 0.494971335 0.055100355 0.867160439 1.947749376
0.867615759 -0.006628090 -0.497191101 -0.771534085 -0.020917092 0.998539448 -0.049812660 -0.131191462 0.496795118 0.053618029 0.866209984 1.991936445
0.865290403 -0.005629475 -0.501239300 -0.795474768 -0.019711129 0.998781443 -0.045244791 -0.134971246 0.500883222 0.049029876 0.864125073 2.033856153
0.862791538 -0.005746148 -0.505527198 -0.822890222 -0.017835401 0.998966992 -0.041794874 -0.137306958 0.505245149 0.045076542 0.861797810 2.078297853
0.858696580 -0.006471996 -0.512443483 -0.848355412 -0.016261470 0.999072611 -0.039867163 -0.140002102 0.512226224 0.042566873 0.857795119 2.120846272
0.853554189 -0.008524372 -0.520934343 -0.875693142 -0.015649004 0.998995543 -0.041988172 -0.143010348 0.520769000 0.043991290 0.852563441 2.164743900
0.847828567 -0.011943438 -0.530135930 -0.902216077 -0.013994630 0.998894095 -0.044885244 -0.146043405 0.530085683 0.045474052 0.846723855 2.205913067
0.841261208 -0.012994078 -0.540472686 -0.930792034 -0.013176743 0.998921216 -0.044526108 -0.148823082 0.540468216 0.044579759 0.840182543 2.251588345
0.835874200 -0.009053023 -0.548846543 -0.959676504 -0.015024339 0.999112070 -0.039361537 -0.151501849 0.548715472 0.041147344 0.834995866 2.293917179
0.830733895 -0.004761639 -0.556649268 -0.989576221 -0.017695779 0.999232173 -0.034956422 -0.154207766 0.556388199 0.038889829 0.830011845 2.337034225
0.826757669 -0.005518701 -0.562531173 -1.017625809 -0.017940488 0.999184728 -0.036169793 -0.156931549 0.562272012 0.039995737 0.825984538 2.377156496
0.823709428 -0.006724805 -0.566972256 -1.047924280 -0.019786937 0.998979688 -0.040595688 -0.159547284 0.566666663 0.044657700 0.822736025 2.419612885
0.820311606 -0.008922692 -0.571847081 -1.077568054 -0.022443648 0.998605788 -0.047776822 -0.161989182 0.571476102 0.052026223 0.818967819 2.462003946
0.817477524 -0.010669468 -0.575861633 -1.108789802 -0.021709388 0.998547077 -0.049318966 -0.164733052 0.575551152 0.052818753 0.816058218 2.503182411
0.813985765 -0.008492805 -0.580822587 -1.137303948 -0.021706557 0.998750031 -0.045024104 -0.168067321 0.580479026 0.049256641 0.812784076 2.543384075
0.810648203 -0.005796945 -0.585504889 -1.167666793 -0.021801416 0.998958945 -0.040075131 -0.170819759 0.585127711 0.045251667 0.809677601 2.585384369
0.807803988 -0.003263337 -0.589442134 -1.199294090 -0.023453303 0.999014974 -0.037672557 -0.172589391 0.588984489 0.044256411 0.806931615 2.628762960
0.804860294 -0.002808921 -0.593457639 -1.228435755 -0.024101695 0.999009132 -0.037415706 -0.175623953 0.592974722 0.044417743 0.803995132 2.664923668
0.801255703 -0.004306448 -0.598306537 -1.260899901 -0.024141952 0.998927176 -0.039521050 -0.178111702 0.597834826 0.046110753 0.800291955 2.707759380
0.797689617 -0.007088399 -0.603026509 -1.290940285 -0.023330295 0.998819709 -0.042602386 -0.179952681 0.602616727 0.048052266 0.796582699 2.745617867
0.793010592 -0.008674255 -0.609145880 -1.324458838 -0.021567035 0.998872101 -0.042300805 -0.183713987 0.608825743 0.046682466 0.791929245 2.790132046
0.788919687 -0.008468877 -0.614438057 -1.357234240 -0.021415194 0.998918653 -0.041264683 -0.186528459 0.614123046 0.045712829 0.787885308 2.830228329
0.783744335 -0.007805441 -0.621034622 -1.390115976 -0.022166673 0.998932421 -0.040529329 -0.189414173 0.620687783 0.045530900 0.782734573 2.871555805
0.778488219 -0.009564584 -0.627586365 -1.422569394 -0.021354994 0.998901367 -0.041713282 -0.192181185 0.627295852 0.045875393 0.777428687 2.911082745
0.773129821 -0.010558536 -0.634159923 -1.457433462 -0.021443116 0.998854697 -0.042772733 -0.194787562 0.633885205 0.046667237 0.772017956 2.952579975
0.767827809 -0.012255922 -0.640539050 -1.490637302 -0.019970478 0.998873293 -0.043051239 -0.198078960 0.640345037 0.045847800 0.766717911 2.991336584
0.761947870 -0.013914022 -0.647488773 -1.525833130 -0.019563951 0.998818398 -0.044486154 -0.200998068 0.647342801 0.046563573 0.760775328 3.032272339
0.756068349 -0.015743734 -0.654303312 -1.558084488 -0.018401314 0.998804152 -0.045296352 -0.203975931 0.654234111 0.046287183 0.754874408 3.069998980
0.750106931 -0.016888294 -0.661100864 -1.596952558 -0.017548149 0.998813570 -0.045426112 -0.207142591 0.661083698 0.045675546 0.748920619 3.111786127
0.744027436 -0.015621038 -0.667966306 -1.631658077 -0.018194515 0.998882234 -0.043626141 -0.210368156 0.667901278 0.044612378 0.742911577 3.150045872
0.737496436 -0.017517043 -0.675123811 -1.669302225 -0.015512879 0.998960435 -0.042865515 -0.213346094 0.675172865 0.042086281 0.736458004 3.190286160
0.731132269 -0.019935714 -0.681944489 -1.705465078 -0.013646447 0.998945653 -0.043833558 -0.216327041 0.682099283 0.041354250 0.730089307 3.228852510
0.724134564 -0.021443613 -0.689325213 -1.743174195 -0.013894242 0.998859942 -0.045668524 -0.218909428 0.689518750 0.042647813 0.723011136 3.268703222
0.718426645 -0.020542827 -0.695299327 -1.781213999 -0.015151977 0.998864472 -0.045167726 -0.222268417 0.695437729 0.042984851 0.717299640 3.306329250
0.713376105 -0.019335410 -0.700514615 -1.818395734 -0.016829599 0.998858273 -0.044708792 -0.225066960 0.700579405 0.043683566 0.712236166 3.343608141
0.708064318 -0.020016095 -0.705864191 -1.858901978 -0.015722869 0.998903513 -0.044097651 -0.228773564 0.705972850 0.042322185 0.706973255 3.383516788
0.703317225 -0.019884873 -0.710597932 -1.900918007 -0.017445818 0.998824835 -0.045217469 -0.231389821 0.710662007 0.044199191 0.702143788 3.423656225
0.697931170 -0.022419246 -0.715813816 -1.938459873 -0.016572395 0.998736620 -0.047438752 -0.235319823 0.715973079 0.044971719 0.696677804 3.460319519
0.692669332 -0.024688359 -0.720832705 -1.977440357 -0.016267288 0.998624980 -0.049834400 -0.238650680 0.721071959 0.046244744 0.691315234 3.497379780
0.687832057 -0.026071936 -0.725401640 -2.019716740 -0.015867589 0.998575807 -0.050935991 -0.241453752 0.725696385 0.046545777 0.686438739 3.536513329
0.683122039 -0.026985992 -0.729805470 -2.061657906 -0.013967522 0.998651445 -0.050001159 -0.243967652 0.730170548 0.044350475 0.681823969 3.573778868
0.677760243 -0.026437465 -0.734807611 -2.103371143 -0.013938177 0.998711884 -0.048788503 -0.247743532 0.735150874 0.043308787 0.676518798 3.613215685
0.672213018 -0.027401645 -0.739850640 -2.143526316 -0.013285679 0.998707533 -0.049059946 -0.251155347 0.740238667 0.042808156 0.670980036 3.650053740
0.668099761 -0.028561540 -0.743523300 -2.188230515 -0.012452742 0.998693824 -0.049553130 -0.254634857 0.743967474 0.042365331 0.666871488 3.688457966
0.663244843 -0.029488357 -0.747821331 -2.229305267 -0.010523156 0.998757243 -0.048716366 -0.258134216 0.748328567 0.040180314 0.662110209 3.725680351
0.659836948 -0.030067317 -0.750806987 -2.273065567 -0.009808913 0.998769283 -0.048617817 -0.261697024 0.751344740 0.039444435 0.658729970 3.762605906
0.655410230 -0.033789191 -0.754516840 -2.316209078 -0.006448350 0.998711944 -0.050326232 -0.264737755 0.755245566 0.037849709 0.654348254 3.800182104
0.651518464 -0.037662316 -0.757697344 -2.359791517 -0.003863336 0.998589218 -0.052958108 -0.268566757 0.758622944 0.037430424 0.650453866 3.837036610
0.646771491 -0.041416425 -0.761558473 -2.403959990 -0.000423959 0.998504817 -0.054662522 -0.271784008 0.762683809 0.035677023 0.645786881 3.874219656
0.639951229 -0.045095533 -0.767091274 -2.448537827 0.005042607 0.998501420 -0.054492787 -0.275838226 0.768399000 0.031004583 0.639219582 3.910977840
0.632225335 -0.048602697 -0.773258626 -2.492373466 0.009468440 0.998440623 -0.055014864 -0.279690683 0.774726748 0.027460242 0.631699622 3.946185589
0.622970641 -0.049449433 -0.780680656 -2.537488937 0.011914652 0.998484015 -0.053737700 -0.283163011 0.782154441 0.024175478 0.622615397 3.982540131
0.614716589 -0.048044696 -0.787283540 -2.582668304 0.012474292 0.998610437 -0.051201109 -0.286759943 0.788649380 0.021653367 0.614461660 4.016190529
0.605499983 -0.047991328 -0.794397056 -2.629377127 0.012003926 0.998617351 -0.051179197 -0.290769041 0.795754790 0.021453118 0.605238914 4.051317215
0.596483588 -0.048582651 -0.801153600 -2.675834894 0.010994556 0.998567343 -0.052368209 -0.294813275 0.802549958 0.022428449 0.596163154 4.085220337
0.587035954 -0.051164780 -0.807942450 -2.724418640 0.011535084 0.998428166 -0.054846544 -0.297897756 0.809478641 0.022877211 0.586703360 4.118648052
0.577100337 -0.052653715 -0.814974070 -2.771138191 0.012769486 0.998379230 -0.055460777 -0.302422345 0.816573322 0.021599645 0.576837420 4.152179718
0.566996455 -0.053618010 -0.821973383 -2.820051908 0.014910945 0.998383939 -0.054839853 -0.305705488 0.823585331 0.018837607 0.566879570 4.185692310
0.556397438 -0.053673014 -0.829181015 -2.867370367 0.017236222 0.998442292 -0.053063478 -0.310132682 0.830737531 0.015232429 0.556455910 4.218124390
0.546326458 -0.054149397 -0.835820079 -2.918453217 0.016884770 0.998417139 -0.053646829 -0.313878268 0.837402046 0.015196050 0.546376050 4.250185013
0.536419928 -0.055487141 -0.842125237 -2.968066692 0.016549027 0.998336077 -0.055238325 -0.317510992 0.843788922 0.015694588 0.536445677 4.281685352
0.526390970 -0.055058759 -0.848458052 -3.018431664 0.014749919 0.998342276 -0.055634178 -0.321646124 0.850114703 0.016770640 0.526330471 4.312554359
0.515994191 -0.056064613 -0.854755402 -3.068483829 0.013729112 0.998268962 -0.057189953 -0.325549722 0.856482089 0.017774649 0.515870690 4.343168259
0.507061303 -0.055640116 -0.860112250 -3.122536182 0.012225495 0.998278081 -0.057370685 -0.329644918 0.861823320 0.018575160 0.506868362 4.373667717
0.498028100 -0.054035734 -0.865475714 -3.175388336 0.011261591 0.998375416 -0.055852953 -0.333215058 0.867087841 0.018069703 0.497827530 4.403652191
0.490989536 -0.052110344 -0.869605541 -3.228705883 0.011282237 0.998506010 -0.053464502 -0.337183505 0.871092498 0.016439412 0.490843892 4.432096481
0.483058035 -0.052245539 -0.874028206 -3.279952526 0.012395485 0.998526156 -0.052836739 -0.341985226 0.875500619 0.014689209 0.482993722 4.460731983
0.475852937 -0.055614658 -0.877764702 -3.334551334 0.013731305 0.998346984 -0.055810668 -0.345601946 0.879417658 0.014504818 0.475830048 4.489661217
0.468295753 -0.059106331 -0.881592631 -3.387367725 0.017376732 0.998183250 -0.057692733 -0.349717438 0.883400798 0.011698063 0.468471974 4.518060207
0.462310702 -0.061547935 -0.884579360 -3.440782070 0.018586947 0.998041570 -0.059728332 -0.354334325 0.886523128 0.011171420 0.462549299 4.545206070
0.456307739 -0.065570056 -0.887402833 -3.494608879 0.021121848 0.997798443 -0.062866189 -0.358564317 0.889571309 0.009942737 0.456688106 4.573675156
0.451902628 -0.066592060 -0.889578283 -3.548099279 0.023811333 0.997755051 -0.062593870 -0.363469630 0.891749322 0.007104291 0.452473730 4.599833012
0.448068619 -0.064055726 -0.891701400 -3.601992369 0.025779428 0.997940719 -0.058733631 -0.367709190 0.893627405 0.003329152 0.448797315 4.626549721
0.443830252 -0.062624604 -0.893920064 -3.654630661 0.029090961 0.998036087 -0.055474952 -0.371696144 0.895638585 -0.001383528 0.444780439 4.653199196
0.440571815 -0.061593670 -0.895601869 -3.708566904 0.030281676 0.998095274 -0.053746093 -0.376284897 0.897206485 -0.003441312 0.441597849 4.679249763
0.438573927 -0.061162997 -0.896611392 -3.761038780 0.030684218 0.998118758 -0.053078335 -0.380064398 0.898171127 -0.004233043 0.439625621 4.703782082
0.435001343 -0.060911652 -0.898367167 -3.814511299 0.033978291 0.998109102 -0.051221676 -0.383967876 0.899788439 -0.008243480 0.436248451 4.730534554
0.432358652 -0.061447270 -0.899605632 -3.867556572 0.037289467 0.998040318 -0.050249171 -0.386997521 0.900930285 -0.011820150 0.433802754 4.755580902
0.430448174 -0.060996152 -0.900551975 -3.919672728 0.038109880 0.998052537 -0.049384195 -0.391873956 0.901810408 -0.013062594 0.431934446 4.780339241
0.428339392 -0.062345598 -0.901464581 -3.973606348 0.041105252 0.997928619 -0.049485534 -0.394804984 0.902682543 -0.015858326 0.430014879 4.804874420
0.425878972 -0.060334891 -0.902766168 -4.024343491 0.042697605 0.998002648 -0.046557307 -0.399401456 0.903772116 -0.018718177 0.427604496 4.829505920
0.424079090 -0.059000958 -0.903701186 -4.076033592 0.044242270 0.998033702 -0.044398226 -0.404086381 0.904543817 -0.021153437 0.425855547 4.853752136
0.422363073 -0.060779709 -0.904386580 -4.128010273 0.046072666 0.997899175 -0.045547578 -0.406578749 0.905255079 -0.022429889 0.424276054 4.877452850
0.420546412 -0.062213283 -0.905135393 -4.178517342 0.048266698 0.997767568 -0.046154425 -0.410303891 0.905986309 -0.024277821 0.422610402 4.901527405
0.421007872 -0.062821291 -0.904878914 -4.227995396 0.047970880 0.997744799 -0.046949364 -0.414361179 0.905787647 -0.023641782 0.423072010 4.922756672
0.421468467 -0.064413860 -0.904552460 -4.277703285 0.048251346 0.997654021 -0.048561379 -0.417457730 0.905558467 -0.023178780 0.423587769 4.945344925
0.422610432 -0.062936760 -0.904123545 -4.321184635 0.044945888 0.997813821 -0.048449766 -0.421542197 0.905196249 -0.020161262 0.424515367 4.967557907
0.428407401 -0.063992448 -0.901316941 -4.373067856 0.043640945 0.997790337 -0.050098859 -0.424513906 0.902531087 -0.017871605 0.430253625 4.989342690
0.432882607 -0.063551113 -0.899207473 -4.419525146 0.041932039 0.997851670 -0.050336484 -0.428639174 0.900474489 -0.015915815 0.434617490 5.011415005
0.438457757 -0.063845351 -0.896481156 -4.465456009 0.041796051 0.997842908 -0.050622173 -0.431949139 0.897779405 -0.015273690 0.440180421 5.034086704
0.445064634 -0.063098758 -0.893272579 -4.509173870 0.041147251 0.997901917 -0.049988300 -0.435107052 0.894552588 -0.014507686 0.446727186 5.056817055
0.453985870 -0.061406609 -0.888890386 -4.557180405 0.039598104 0.998027146 -0.048721962 -0.438706338 0.890128553 -0.013079295 0.455521733 5.078960419
0.463218510 -0.061136454 -0.884132862 -4.602471352 0.038731638 0.998061180 -0.048721984 -0.441580802 0.885397375 -0.011674999 0.464688241 5.102095127
0.471249759 -0.061142523 -0.879877925 -4.646935940 0.039565086 0.998055518 -0.048164167 -0.445413768 0.881111860 -0.012115095 0.472752541 5.126694202
0.479271144 -0.061829392 -0.875486314 -4.690275192 0.038110752 0.998040795 -0.049621407 -0.448248982 0.876839042 -0.009583334 0.480688423 5.151954651
0.490995526 -0.063343622 -0.868856132 -4.735637665 0.036491796 0.997973084 -0.052135114 -0.451639682 0.870397449 -0.006108013 0.492311835 5.175567150
0.504761338 -0.063111879 -0.860948801 -4.778037548 0.035380498 0.997998416 -0.052415248 -0.456543624 0.862533569 -0.004003602 0.505983949 5.196888924
0.514006019 -0.062174957 -0.855530322 -4.821080208 0.032887544 0.998064756 -0.052774571 -0.458825767 0.857155919 -0.001009848 0.515056074 5.225697994
0.525860667 -0.060669865 -0.848404229 -4.862717152 0.033009853 0.998157203 -0.050918505 -0.461968541 0.849929988 -0.001229657 0.526894271 5.251619816
0.539571583 -0.056965794 -0.840010345 -4.905650616 0.030590981 0.998376071 -0.048055679 -0.465499729 0.841383815 0.000232736 0.540437996 5.277777195
0.551461399 -0.056184415 -0.832306206 -4.945798397 0.030250700 0.998419940 -0.047354624 -0.468858391 0.833651781 0.000936396 0.552289665 5.303691864
0.563061893 -0.056187030 -0.824502349 -4.987523079 0.030659724 0.998419464 -0.047101010 -0.472433448 0.825845838 0.001241770 0.563894570 5.331387043
0.574743927 -0.056053039 -0.816411376 -5.026881218 0.030322891 0.998424947 -0.047202747 -0.476314157 0.817771435 0.002373541 0.575538397 5.357625961
0.585058749 -0.058299646 -0.808892727 -5.067127228 0.032369237 0.998296678 -0.048538484 -0.479007632 0.810344696 0.002214622 0.585949302 5.387159348
0.595363200 -0.057340939 -0.801407933 -5.105458736 0.032437172 0.998352289 -0.047334895 -0.482657850 0.802801669 0.002186044 0.596242130 5.415758133
0.606155992 -0.054838423 -0.793452919 -5.143210888 0.031627551 0.998493075 -0.044847708 -0.485914499 0.794716656 0.002089735 0.606976926 5.444160461
0.615762830 -0.050478060 -0.786312938 -5.180494308 0.031656485 0.998724937 -0.039323796 -0.489625484 0.787295341 -0.000677767 0.616575718 5.473262787
0.626281559 -0.050890438 -0.777934134 -5.216172695 0.031164084 0.998703718 -0.040243741 -0.491606116 0.778973818 0.000960316 0.627055705 5.500882626
0.636233211 -0.050125901 -0.769866645 -5.251296997 0.028776357 0.998734474 -0.041246101 -0.494416654 0.770959914 0.004088187 0.636870563 5.529533386
0.645856261 -0.050793819 -0.761767387 -5.285690308 0.027302219 0.998682857 -0.043443181 -0.496374547 0.762970746 0.007260115 0.646392345 5.557808399
0.654911518 -0.049665615 -0.754071653 -5.320128441 0.027356066 0.998742104 -0.042021643 -0.499507129 0.755210280 0.006892021 0.655446351 5.587380409
0.664580047 -0.047706563 -0.745692611 -5.353453636 0.026877703 0.998840153 -0.039947893 -0.502055287 0.746733427 0.006506070 0.665091515 5.616102695
0.672327101 -0.045590658 -0.738848925 -5.386284351 0.026756739 0.998946071 -0.037292235 -0.504749894 0.739770472 0.005303398 0.672838449 5.646718502
0.680593789 -0.044676557 -0.731297374 -5.418178558 0.026266254 0.998985291 -0.036585074 -0.506898284 0.732189894 0.005691128 0.681076646 5.675551891
0.688435793 -0.044647280 -0.723921835 -5.450568676 0.026109762 0.998982191 -0.036781527 -0.509099245 0.724827170 0.006420291 0.688900828 5.705811977
0.695607185 -0.044011164 -0.717073023 -5.481389999 0.025487747 0.999005258 -0.036590312 -0.511314392 0.717969954 0.007175913 0.696037054 5.735843182
0.702983677 -0.040916000 -0.710027993 -5.512341976 0.024721956 0.999146223 -0.033100009 -0.513855457 0.710776150 0.005715486 0.703395009 5.765180111
0.710339546 -0.038835220 -0.702786982 -5.542260170 0.024226053 0.999234080 -0.030730158 -0.515830636 0.703442097 0.004803092 0.710736394 5.795043945
0.717448950 -0.036868654 -0.695634663 -5.571795464 0.022912113 0.999307096 -0.029332699 -0.518059492 0.696234167 0.005106254 0.717796504 5.825313091
0.725026488 -0.035870656 -0.687786222 -5.600558281 0.021952456 0.999338984 -0.028978232 -0.520130157 0.688371003 0.005911392 0.725334704 5.854864120
0.733019590 -0.032966759 -0.679408133 -5.628502846 0.019225176 0.999430060 -0.027752880 -0.521901488 0.679935753 0.007281667 0.733235538 5.884709358
0.741973102 -0.030066444 -0.669755101 -5.655355453 0.017994469 0.999527097 -0.024935696 -0.523904741 0.670188129 0.006449727 0.742163241 5.914024353
0.751495183 -0.025966587 -0.659227192 -5.682134151 0.015562949 0.999644756 -0.021634242 -0.525384128 0.659554839 0.005998511 0.751632512 5.943401337
0.761444449 -0.024181791 -0.647779047 -5.708400249 0.014478289 0.999689102 -0.020299925 -0.527448058 0.648068488 0.006078534 0.761557937 5.973734856
0.771649241 -0.023460280 -0.635615587 -5.734524250 0.012923016 0.999691546 -0.021209378 -0.528771102 0.635917068 0.008152132 0.771714509 6.004110813
0.780942440 -0.024656972 -0.624116123 -5.758108139 0.013117610 0.999647558 -0.023079334 -0.530255914 0.624465227 0.009836719 0.780990660 6.034269333
0.791046560 -0.023219449 -0.611315131 -5.781505108 0.012092060 0.999677718 -0.022323318 -0.531699061 0.611636341 0.010266725 0.791072369 6.063994884
0.800910413 -0.022143368 -0.598374605 -5.805047512 0.012129140 0.999711037 -0.020760590 -0.533169389 0.598661304 0.009369607 0.800947428 6.094981194
0.811215699 -0.019491801 -0.584422112 -5.828132153 0.011261553 0.999779701 -0.017713154 -0.534609079 0.584638655 0.007787688 0.811256349 6.125580788
0.820794821 -0.018733000 -0.570915878 -5.849637985 0.012077105 0.999807835 -0.015442867 -0.535673618 0.571095407 0.005780415 0.820863307 6.156137943
0.830000043 -0.016851665 -0.557508826 -5.871341705 0.012243058 0.999853075 -0.011995246 -0.537238777 0.557628989 0.003130441 0.830084324 6.187142849
0.838056803 -0.016548049 -0.545332015 -5.892640114 0.013077307 0.999861956 -0.010243742 -0.538074136 0.545426309 0.001453363 0.838157535 6.219505310
0.844873428 -0.016651455 -0.534707189 -5.911739826 0.014141409 0.999861300 -0.008792563 -0.538843870 0.534779429 -0.000132909 0.844991684 6.251026154
0.851686537 -0.016306693 -0.523797691 -5.933215618 0.014125007 0.999866903 -0.008160490 -0.539986372 0.523861170 -0.000448469 0.851803482 6.284739494
0.858483553 -0.015200882 -0.512615681 -5.952614784 0.013024515 0.999884427 -0.007837830 -0.541025460 0.512675583 0.000052078 0.858582318 6.316315174
0.865032971 -0.013514851 -0.501532972 -5.972357750 0.011537054 0.999908626 -0.007045768 -0.541733563 0.501582325 0.000308608 0.865109861 6.349573612
0.871150553 -0.012545661 -0.490855813 -5.991587639 0.010813632 0.999921322 -0.006365153 -0.542551994 0.490897030 0.000237074 0.871217549 6.383102417
0.877038360 -0.013291126 -0.480236471 -6.010113239 0.011484136 0.999911547 -0.006700708 -0.543317437 0.480283111 0.000361676 0.877113402 6.416371346
0.882076442 -0.014393559 -0.470886379 -6.028299332 0.012169014 0.999895692 -0.007768449 -0.543934524 0.470949113 0.001122142 0.882159650 6.450156212
0.886350274 -0.014964550 -0.462773323 -6.046927452 0.012701259 0.999887288 -0.008006289 -0.544905424 0.462840974 0.001218573 0.886440396 6.485364914
0.889793754 -0.014007182 -0.456148028 -6.064249516 0.012124796 0.999901652 -0.007053055 -0.545870185 0.456201941 0.000745062 0.889875948 6.519426823
0.892876208 -0.012254847 -0.450135469 -6.083603382 0.011735802 0.999923348 -0.003943906 -0.546255469 0.450149238 -0.001761279 0.892951608 6.556937695
0.895879567 -0.007733711 -0.444229692 -6.101292133 0.008825544 0.999961019 0.000389921 -0.546914637 0.444209397 -0.004269890 0.895912826 6.592557430
0.899131238 -0.006021078 -0.437637746 -6.118735313 0.008018972 0.999964178 0.002717423 -0.547019660 0.437605679 -0.005952724 0.899147332 6.628068924
0.902474344 -0.002417666 -0.430736780 -6.138209343 0.005438779 0.999968469 0.005782577 -0.548161983 0.430709243 -0.007561309 0.902459085 6.667204857
0.905703604 -0.001209695 -0.423909694 -6.156258106 0.005072978 0.999955237 0.007985131 -0.548156440 0.423881143 -0.009382647 0.905669212 6.704270363
0.908749402 0.001700425 -0.417338699 -6.173058510 0.003495434 0.999925613 0.011685403 -0.549379706 0.417327523 -0.012077885 0.908675909 6.742750168
0.912258208 0.000210300 -0.409615636 -6.193108559 0.005364561 0.999907911 0.012460820 -0.547994494 0.409580499 -0.013564893 0.912173092 6.784425259
0.915560782 -0.001136383 -0.402178347 -6.210166931 0.006859730 0.999894619 0.012790933 -0.546922266 0.402121454 -0.014469707 0.915472031 6.824543953
0.919140935 -0.001487459 -0.393926084 -6.227509499 0.007251008 0.999887347 0.013143091 -0.547063112 0.393862188 -0.014936713 0.919048131 6.864616394
0.923017502 -0.002774377 -0.384747952 -6.245285511 0.008548672 0.999874949 0.013298430 -0.548086822 0.384662986 -0.015563767 0.922925889 6.906373024
0.926996589 -0.004267539 -0.375045419 -6.262320518 0.009538815 0.999880075 0.012199646 -0.547833920 0.374948382 -0.014886519 0.926926255 6.948159218
0.931410134 -0.006197710 -0.363918781 -6.279238701 0.010393507 0.999900103 0.009572263 -0.547217071 0.363823175 -0.012698092 0.931381524 6.989960670
0.936506391 -0.003376569 -0.350634277 -6.295561790 0.007017978 0.999933839 0.009115011 -0.547748089 0.350580305 -0.010997010 0.936468065 7.033769131
0.942454576 0.000680987 -0.334333718 -6.312297821 0.003009203 0.999940157 0.010519379 -0.548070967 0.334320903 -0.010920115 0.942395985 7.077634335
0.948874772 0.004473796 -0.315621197 -6.327248573 -0.000262605 0.999910474 0.013383816 -0.547813892 0.315652758 -0.012616680 0.948790848 7.122298717
0.955249906 0.006719989 -0.295723617 -6.343079567 -0.002348864 0.999882698 0.015133895 -0.547739744 0.295790553 -0.013762038 0.955153644 7.168005943
0.961583197 0.009437729 -0.274351239 -6.357722282 -0.005177360 0.999854565 0.016248852 -0.547711611 0.274464726 -0.014204208 0.961492240 7.214825630
0.967289925 0.010703417 -0.253447235 -6.368096352 -0.006379479 0.999819815 0.017876236 -0.547102869 0.253592908 -0.015674643 0.967184007 7.258396149
0.972772658 0.010435307 -0.231526151 -6.382184029 -0.005982179 0.999783635 0.019927545 -0.546496570 0.231683999 -0.017999941 0.972624540 7.309578419
0.977799118 0.012883432 -0.209147990 -6.393731594 -0.008087518 0.999684691 0.023769787 -0.546758890 0.209388301 -0.021550588 0.977595031 7.357961655
0.982241690 0.015249976 -0.186999232 -6.403592110 -0.010245088 0.999563694 0.027701564 -0.545841396 0.187340051 -0.025293808 0.981969416 7.407032013
0.986210406 0.016826998 -0.164638519 -6.412478447 -0.011908757 0.999454200 0.030814625 -0.544488549 0.165067166 -0.028429065 0.985872507 7.460396767
0.989612401 0.018725794 -0.142536297 -6.420388222 -0.014490631 0.999423862 0.030693211 -0.542858124 0.143028915 -0.028308943 0.989313483 7.511149406
0.992485762 0.017771697 -0.121062085 -6.426499844 -0.014392952 0.999483645 0.028726760 -0.542191744 0.121510088 -0.026768463 0.992229104 7.562310696
0.994911253 0.018446138 -0.099052258 -6.435054302 -0.015770709 0.999491155 0.027725726 -0.541270673 0.099513307 -0.026022516 0.994695902 7.619982243
0.996794283 0.016994523 -0.078182057 -6.440685272 -0.014739290 0.999460995 0.029333152 -0.540242910 0.078638420 -0.028086770 0.996507466 7.673709393
0.998154938 0.017683936 -0.058085274 -6.444743156 -0.015892701 0.999388218 0.031156568 -0.538972974 0.058600701 -0.030175954 0.997825384 7.727888584
0.999093115 0.018588096 -0.038305037 -6.446665764 -0.017367216 0.999338031 0.031962562 -0.538096666 0.038873803 -0.031268328 0.998754799 7.783528805
0.999649763 0.019790340 -0.017566999 -6.448973656 -0.019213134 0.999288976 0.032439578 -0.537704706 0.018196501 -0.032090701 0.999319315 7.838063240
0.999789596 0.020287445 0.003016006 -6.449963093 -0.020376265 0.999243736 0.033114634 -0.536511838 -0.002341915 -0.033169124 0.999447048 7.892711163
0.999460936 0.023167422 0.023260962 -6.448721886 -0.023911022 0.999194860 0.032215346 -0.534588754 -0.022495888 -0.032754168 0.999210238 7.953989983
0.998786092 0.023777682 0.043140080 -6.446739197 -0.025123600 0.999205768 0.030929495 -0.533654869 -0.042370386 -0.031975783 0.998590171 8.009674072
0.997712731 0.023975037 0.063201644 -6.445206165 -0.025809366 0.999264300 0.028368533 -0.532105446 -0.062475014 -0.029934831 0.997597575 8.073503494
0.996322155 0.025968609 0.081655823 -6.440205097 -0.028149452 0.999274075 0.025670739 -0.530815959 -0.080929920 -0.027874891 0.996329963 8.131162643
0.994600952 0.026018325 0.100459076 -6.434551239 -0.028585395 0.999298453 0.024198741 -0.530488789 -0.099759012 -0.026939752 0.994646907 8.190319061
0.992556453 0.026033621 0.118970349 -6.427001953 -0.028671367 0.999378383 0.020513643 -0.529620469 -0.118362367 -0.023771992 0.992685854 8.250473022
0.990038395 0.027485508 0.138087824 -6.420808792 -0.029842269 0.999441683 0.015025496 -0.528319657 -0.137597755 -0.018996675 0.990306020 8.313826561
0.987389684 0.028482812 0.155724630 -6.412304878 -0.030134056 0.999511838 0.008252744 -0.528619528 -0.155413538 -0.012841290 0.987766087 8.373024940
0.984442770 0.030041806 0.173118427 -6.402564049 -0.031162549 0.999507189 0.003758926 -0.529417515 -0.172920212 -0.009095258 0.984893799 8.435839653
0.981038809 0.033962790 0.190812916 -6.391040325 -0.034567367 0.999402344 -0.000160196 -0.530671895 -0.190704346 -0.006438742 0.981626391 8.496322632
0.977496922 0.035507131 0.207939848 -6.378269672 -0.035580266 0.999361098 -0.003389651 -0.530660927 -0.207927346 -0.004085182 0.978135765 8.557866096
0.973520577 0.035273399 0.225861281 -6.365811348 -0.035502527 0.999364972 -0.003048559 -0.531666636 -0.225825369 -0.005050811 0.974154711 8.621326447
0.969478726 0.034717128 0.242704958 -6.349661827 -0.034898516 0.999384522 -0.003553285 -0.533823073 -0.242678970 -0.005025207 0.970093668 8.687772751
0.965071917 0.034907501 0.259648889 -6.334062576 -0.033763129 0.999390483 -0.008867273 -0.535004199 -0.259800196 -0.000209001 0.965662420 8.749444962
0.960713148 0.035695456 0.275238156 -6.316236019 -0.033388697 0.999357045 -0.013063405 -0.536900997 -0.275527537 0.003360341 0.961287379 8.811872482
0.955477297 0.038493607 0.292542845 -6.297055721 -0.036317069 0.999257386 -0.012869538 -0.538777471 -0.292821020 0.001672253 0.956165791 8.881155014
0.949863732 0.040941436 0.309971929 -6.277042389 -0.038441878 0.999160349 -0.014170689 -0.539680839 -0.310291827 0.001544323 0.950640082 8.947901726
0.944038510 0.043841310 0.326908559 -6.254740715 -0.040484067 0.999034345 -0.017070377 -0.541784644 -0.327341288 0.002880505 0.944901705 9.010288239
0.937756717 0.045132678 0.344347745 -6.232225418 -0.040153649 0.998960376 -0.021581117 -0.543512821 -0.344963729 0.006411022 0.938594103 9.076450348
0.931263506 0.045657612 0.361474276 -6.208596230 -0.039598636 0.998923659 -0.024155805 -0.545768857 -0.362188131 0.008181531 0.932069123 9.142816544
0.924470603 0.047404662 0.378294945 -6.183665752 -0.039170038 0.998798728 -0.029437821 -0.547674060 -0.379236072 0.012396574 0.925216973 9.202182770
0.916219294 0.049825199 0.397567183 -6.157444954 -0.038822200 0.998608828 -0.035682615 -0.551152766 -0.398791999 0.017258666 0.916878998 9.271519661
0.906407237 0.053195942 0.419041783 -6.130308151 -0.040293060 0.998403311 -0.039588127 -0.554327905 -0.420478672 0.018998489 0.907103479 9.336271286
0.895074785 0.056369416 0.442338854 -6.099584579 -0.042467687 0.998244822 -0.041277681 -0.557576656 -0.443889380 0.018161500 0.895897508 9.399593353
0.881958306 0.061509624 0.467296600 -6.067735672 -0.046202201 0.997955561 -0.044159226 -0.561340928 -0.469057471 0.017356465 0.882997096 9.466859818
0.867963433 0.065409847 0.492301673 -6.035104752 -0.048317723 0.997707963 -0.047373213 -0.565839350 -0.494271994 0.017331319 0.869134486 9.528623581
0.853176594 0.069759414 0.516936481 -6.002140045 -0.050717372 0.997415543 -0.050892610 -0.569898129 -0.519150794 0.017202724 0.854509592 9.589019775
0.838652790 0.071086228 0.540007651 -5.962326050 -0.049866486 0.997303665 -0.053839769 -0.573793471 -0.542378902 0.018224586 0.839936316 9.654851913
0.823394120 0.072747469 0.562787712 -5.920690536 -0.049843796 0.997187257 -0.055974498 -0.579736829 -0.565276682 0.018037589 0.824704111 9.717507362
0.807055116 0.074898504 0.585706651 -5.882717133 -0.047918953 0.996958613 -0.061459899 -0.584184527 -0.588528514 0.021535069 0.808189511 9.774911880
0.791022062 0.077411212 0.606870353 -5.838032722 -0.046422910 0.996697426 -0.066627115 -0.590701461 -0.610023797 0.024530819 0.792003274 9.836995125
0.774829268 0.079479881 0.627154291 -5.795024395 -0.044982512 0.996482074 -0.070710704 -0.595728159 -0.630568027 0.026577737 0.775678754 9.895256042
