0.999756038 -0.007429467 0.020800080 0.001195846 0.007435149 0.999972343 -0.000195897 -0.000552703 -0.020798057 0.000350501 0.999783635 0.044602130
0.999789119 -0.009035630 0.018440228 0.001702226 0.009064874 0.999957800 -0.001502889 -0.000839983 -0.018425871 0.001669730 0.999828815 0.063298337
0.999863148 -0.011454560 0.011938566 0.001701374 0.011492074 0.999929249 -0.003078377 -0.000794134 -0.011902462 0.003215155 0.999924004 0.075796500
0.999912918 -0.013182976 -0.000539066 0.001701084 0.013179894 0.999898732 -0.005371238 -0.000757587 0.000609820 0.005363666 0.999985456 0.091789685
0.999778092 -0.012412383 -0.017021643 0.000699261 0.012322007 0.999909461 -0.005404114 -0.001179587 0.017087180 0.005193172 0.999840498 0.108454473
0.999304175 -0.007897651 -0.036452379 -0.000852761 0.007713052 0.999956667 -0.005201999 -0.001508237 0.036491886 0.004917221 0.999321878 0.125452995
0.998392284 -0.004162670 -0.056529522 -0.002792950 0.003825727 0.999974251 -0.006067408 -0.002056856 0.056553319 0.005841387 0.998382509 0.143601269
0.997078419 -0.004092813 -0.076275356 -0.004936246 0.003590137 0.999970913 -0.006726219 -0.002148697 0.076300666 0.006432729 0.997064114 0.160738871
0.995156229 -0.005855251 -0.098132141 -0.006696491 0.005252446 0.999965727 -0.006400011 -0.002121669 0.098166250 0.005853578 0.995152831 0.180180758
0.993091762 -0.007215699 -0.117118187 -0.009884502 0.006640119 0.999963880 -0.005303969 -0.002551813 0.117152229 0.004489649 0.993103802 0.198519498
0.990877748 -0.006211278 -0.134620562 -0.014049677 0.005609581 0.999972463 -0.004848427 -0.002649097 0.134646967 0.004049032 0.990885317 0.218942866
0.988564312 -0.004976673 -0.150717616 -0.017043384 0.004402492 0.999981642 -0.004143082 -0.003084374 0.150735512 0.003432170 0.988568187 0.238503173
0.986320555 -0.004321625 -0.164781794 -0.020821789 0.003708984 0.999985039 -0.004025402 -0.003579156 0.164796725 0.003359163 0.986321867 0.259869605
0.984393716 -0.006059797 -0.175875857 -0.025717432 0.005288989 0.999974370 -0.004851114 -0.003975714 0.175900698 0.003845200 0.984400392 0.280953497
0.982426703 -0.010230044 -0.186368108 -0.029810870 0.009172146 0.999936581 -0.006537770 -0.004767336 0.186423182 0.004713484 0.982458234 0.304426879
0.981025398 -0.008911080 -0.193674520 -0.034655202 0.007238355 0.999930143 -0.009342734 -0.004547091 0.193744212 0.007763571 0.981021464 0.326253772
0.979431987 -0.008836959 -0.201581135 -0.040042602 0.006701517 0.999914050 -0.011273478 -0.004797935 0.201663449 0.009690706 0.979406893 0.350411594
0.977730215 -0.010321706 -0.209611446 -0.044874161 0.007702644 0.999881804 -0.013307370 -0.005605578 0.209724039 0.011396455 0.977694213 0.373658091
0.975907624 -0.013949316 -0.217737556 -0.050540194 0.010983790 0.999829769 -0.014824159 -0.006196455 0.217907310 0.012075426 0.975894809 0.399611980
0.974047422 -0.020208580 -0.225439787 -0.055857733 0.016973609 0.999723375 -0.016278796 -0.006720049 0.225706428 0.012029793 0.974121034 0.423979431
0.971814632 -0.020319825 -0.234869003 -0.061726395 0.016558791 0.999701440 -0.017974608 -0.008039769 0.235164076 0.013578839 0.971860826 0.450712800
0.970015526 -0.016536565 -0.242479742 -0.069970414 0.011249749 0.999668181 -0.023171613 -0.007954981 0.242782503 0.019748988 0.969879687 0.476341993
0.967966735 -0.013061292 -0.250738442 -0.078567348 0.006818207 0.999645114 -0.025751369 -0.009012113 0.250985801 0.023216879 0.967712224 0.503937304
0.965599895 -0.016230898 -0.259525269 -0.085187450 0.009290284 0.999566197 -0.027947800 -0.009778820 0.259866387 0.024575330 0.965331852 0.531349659
0.963210404 -0.018739965 -0.268094122 -0.093235768 0.011106648 0.999489367 -0.029960945 -0.010988854 0.268518776 0.025881069 0.962926686 0.559959412
0.961175263 -0.017756389 -0.275366604 -0.102437370 0.009108732 0.999425173 -0.032651369 -0.011862517 0.275788128 0.028875444 0.960784674 0.588758051
0.958664775 -0.017548403 -0.283996701 -0.110909745 0.007557231 0.999314606 -0.036238190 -0.013277882 0.284438014 0.032594044 0.958140194 0.617664397
0.956443429 -0.018944502 -0.291302502 -0.120435588 0.007269003 0.999128163 -0.041110508 -0.015092536 0.291827381 0.037202403 0.955747187 0.647456169
0.954347432 -0.021698039 -0.297909856 -0.129603282 0.007571594 0.998794973 -0.048491042 -0.016373685 0.298603028 0.044021647 0.953361571 0.677760184
0.953179240 -0.021654123 -0.301629543 -0.139940888 0.004724900 0.998377621 -0.056742832 -0.018212387 0.302368909 0.052660923 0.951735198 0.708746552
0.951990128 -0.020987213 -0.305408567 -0.150734991 0.000971536 0.997849345 -0.065542296 -0.020208770 0.306127310 0.062098902 0.949963093 0.739817858
0.950640738 -0.020108499 -0.309641540 -0.162249759 -0.003239642 0.997200310 -0.074705534 -0.022426937 0.310276896 0.072021253 0.947914183 0.771689177
0.949423790 -0.019789957 -0.313373327 -0.173159778 -0.006127729 0.996654093 -0.081505165 -0.025074642 0.313937753 0.079303227 0.946125746 0.804104447
0.947831810 -0.018324161 -0.318243951 -0.185207337 -0.010334918 0.996055245 -0.088132493 -0.028229393 0.318603456 0.086823814 0.943903267 0.837439597
0.946143508 -0.017657898 -0.323265851 -0.197173357 -0.013425903 0.995512426 -0.093673617 -0.031813834 0.323469222 0.092968822 0.941660404 0.872256935
0.944660246 -0.015457327 -0.327685565 -0.209825724 -0.017773882 0.995010436 -0.098174840 -0.035696395 0.327568024 0.098566130 0.939672232 0.903806150
0.942888200 -0.012724048 -0.332866281 -0.222055763 -0.022397399 0.994587183 -0.101462409 -0.039230607 0.332355529 0.103123039 0.937499523 0.937945604
0.941221774 -0.012461297 -0.337559283 -0.234471902 -0.023542913 0.994469106 -0.102356739 -0.043016721 0.336967736 0.104287528 0.935722649 0.971535861
0.938931823 -0.011717077 -0.343903631 -0.249231160 -0.025074592 0.994433343 -0.102340236 -0.046550363 0.343188435 0.104713738 0.933411360 1.009689450
0.936568379 -0.012712159 -0.350254267 -0.263316423 -0.024003554 0.994669139 -0.100285314 -0.050918929 0.349661946 0.102331392 0.931270540 1.045084953
0.934210837 -0.011669749 -0.356530249 -0.277829826 -0.025163122 0.994819224 -0.098496422 -0.054809570 0.355832577 0.100987837 0.929077327 1.079958916
0.931127727 -0.009328110 -0.364574015 -0.291506708 -0.027507715 0.995028615 -0.095714271 -0.058728471 0.363654375 0.099150814 0.926242173 1.115157723
0.927756548 -0.008298551 -0.373093903 -0.306789786 -0.027346905 0.995553017 -0.090145998 -0.062563322 0.372182816 0.093836494 0.923403800 1.151639104
0.924247682 -0.004174803 -0.381770819 -0.323236793 -0.030476751 0.995942593 -0.084673636 -0.066674054 0.380575359 0.089894548 0.920370221 1.189592004
0.920806885 0.000056833 -0.390018642 -0.338644981 -0.034296494 0.996137977 -0.080826491 -0.070109613 0.388507754 0.087801866 0.917252719 1.223554373
0.917006910 0.000534640 -0.398870945 -0.354863107 -0.034791265 0.996294975 -0.078649916 -0.073021233 0.397351116 0.085999727 0.913627982 1.259799600
0.913049996 0.000516202 -0.407847106 -0.374337316 -0.035391986 0.996327281 -0.077971242 -0.076750442 0.406308889 0.085626155 0.909714937 1.299273491
0.909390211 0.001296459 -0.415942252 -0.389927000 -0.036684215 0.996348321 -0.077098526 -0.080263793 0.414323479 0.085371159 0.906116903 1.332899094
0.905436456 0.001141490 -0.424480051 -0.407449543 -0.036443587 0.996513069 -0.075056151 -0.083634429 0.422914267 0.083428167 0.902320981 1.369876027
0.901704431 0.001907746 -0.432348788 -0.425488591 -0.036983415 0.996665418 -0.072734624 -0.087279312 0.430768371 0.081574865 0.898768187 1.406667709
0.897935271 0.002520781 -0.440120220 -0.447810650 -0.036452737 0.996973813 -0.068660900 -0.091225117 0.438615352 0.077696614 0.895309925 1.448582172
0.894046485 0.003756098 -0.447958410 -0.467094898 -0.035887871 0.997351408 -0.063263170 -0.094209708 0.446534395 0.072636500 0.891813278 1.488353252
0.890102327 0.004457026 -0.455738962 -0.488808721 -0.035205137 0.997636855 -0.059002344 -0.096640706 0.454399079 0.068562478 0.888155818 1.527928829
0.886928737 0.004508833 -0.461884260 -0.509552956 -0.034933180 0.997743309 -0.057340309 -0.099965617 0.460583389 0.066991851 0.885084748 1.566897511
0.883555174 0.004108831 -0.468309075 -0.530588865 -0.034361809 0.997835040 -0.056075402 -0.103093214 0.467064857 0.065637663 0.881783426 1.606245160
0.880368173 0.004133480 -0.474272817 -0.551691771 -0.033801995 0.997966051 -0.054047227 -0.105119653 0.473084778 0.063612826 0.878717363 1.644787550
0.877339780 0.002090110 -0.479865104 -0.576442361 -0.031274959 0.998113513 -0.052832767 -0.108580470 0.478849411 0.061360054 0.875750065 1.689301729
0.874980927 0.002205704 -0.484152317 -0.600697279 -0.031567506 0.998121679 -0.052502919 -0.112334251 0.483127058 0.061222542 0.873407185 1.730043054
0.872149587 -0.003088654 -0.489229500 -0.619384348 -0.026153453 0.998255968 -0.052926064 -0.114559919 0.488539666 0.058954500 0.870547771 1.768436313
0.871272445 -0.000212595 -0.490799665 -0.649023652 -0.029973732 0.998110294 -0.053641997 -0.117122672 0.489883572 0.061447896 0.869619608 1.816730380
0.870872855 0.000687092 -0.491508067 -0.673279345 -0.030796004 0.998110533 -0.053170260 -0.119749129 0.490542740 0.061441015 0.869248450 1.858217239
0.870867074 -0.000006946 -0.491518557 -0.697988749 -0.028636878 0.998300672 -0.050752614 -0.123486370 0.490683645 0.058274329 0.869386971 1.899945140
0.870696366 -0.000596993 -0.491820633 -0.724203050 -0.027775338 0.998343587 -0.050384000 -0.126024693 0.491036057 0.057529643 0.869237542 1.945772409
0.870190859 -0.002157759 -0.492710054 -0.749352098 -0.026397422 0.998350143 -0.050993461 -0.128831521 0.492007166 0.057380322 0.868698120 1.988481045
0.869053304 -0.004209651 -0.494700551 -0.774235964 -0.024182027 0.998407006 -0.050977148 -0.131858125 0.494127035 0.056264721 0.867567122 2.032252073
0.867404044 -0.005795015 -0.497570723 -0.803649664 -0.022077695 0.998499334 -0.050116688 -0.133945912 0.497114390 0.054456640 0.865974426 2.082616806
0.865522444 -0.003427624 -0.500858247 -0.830021143 -0.022801280 0.998670220 -0.046236817 -0.136702418 0.500350654 0.051439211 0.864293456 2.126140594
0.862943113 -0.003457766 -0.505289197 -0.857444644 -0.020536872 0.998910427 -0.041908968 -0.140077353 0.504883409 0.046542123 0.861931801 2.170068502
0.858607292 -0.005763528 -0.512601435 -0.884749889 -0.017121250 0.999056518 -0.039911170 -0.143272623 0.512347877 0.043044392 0.857698560 2.219308376
0.853285193 -0.008706921 -0.521371603 -0.909998834 -0.016002370 0.998952389 -0.042872269 -0.145813838 0.521198809 0.044925455 0.852252066 2.261134624
0.847354591 -0.012604938 -0.530877709 -0.941315651 -0.013501347 0.998883665 -0.045267086 -0.149442047 0.530855715 0.045524843 0.846238494 2.310183525
0.841495216 -0.012083558 -0.540129364 -0.970298290 -0.014240554 0.998906314 -0.044533215 -0.152218610 0.540076911 0.045166224 0.840402782 2.353453159
0.835520923 -0.009209792 -0.549381435 -1.001437306 -0.015062454 0.999099791 -0.039656408 -0.154762894 0.549252152 0.041408788 0.834630072 2.400467157
0.829998255 -0.004562106 -0.557747364 -1.030223727 -0.018528881 0.999189079 -0.035746187 -0.157017499 0.557458162 0.040003713 0.829240680 2.444357872
0.826463223 -0.003498611 -0.562979877 -1.061053991 -0.020734448 0.999113083 -0.036647428 -0.160162702 0.562608778 0.041960832 0.825657725 2.487669945
0.822463512 -0.006400591 -0.568781912 -1.090031147 -0.020350795 0.998965442 -0.040668935 -0.163054839 0.568453729 0.045023885 0.821482360 2.530466795
0.820161462 -0.008579562 -0.572067738 -1.124001265 -0.023297986 0.998557389 -0.048377652 -0.165127277 0.571657538 0.053005513 0.818778396 2.576151133
0.816905320 -0.008714237 -0.576705813 -1.154407144 -0.024173180 0.998490095 -0.049328920 -0.168878689 0.576264858 0.054237887 0.815461159 2.618355274
0.813462257 -0.007654686 -0.581567347 -1.186532974 -0.023276528 0.998683989 -0.045702692 -0.171642393 0.581151783 0.050714288 0.812213421 2.663694143
0.810137331 -0.005732149 -0.586212337 -1.217981696 -0.022078818 0.998944461 -0.040280569 -0.174578309 0.585824430 0.045575663 0.809155464 2.707128525
0.807537615 -0.002950132 -0.589808702 -1.250689387 -0.024161573 0.998982668 -0.038077615 -0.176429644 0.589321017 0.044999812 0.806644797 2.749862671
0.804815948 -0.002699770 -0.593518317 -1.283115387 -0.024805471 0.998962998 -0.038180467 -0.179699987 0.593005896 0.045450754 0.803914309 2.791255236
0.800836265 -0.004014017 -0.598869860 -1.315795898 -0.025174430 0.998868048 -0.040359467 -0.181633592 0.598353982 0.047397532 0.799828708 2.836190939
0.796206295 -0.007199882 -0.604982316 -1.348285675 -0.023471134 0.998808920 -0.042776752 -0.184721991 0.604569733 0.048258737 0.795089066 2.880520821
0.792528152 -0.008126681 -0.609781325 -1.381743073 -0.022905981 0.998808920 -0.043082058 -0.187677190 0.609405220 0.048111379 0.791397929 2.922397614
0.788296700 -0.007842395 -0.615245342 -1.416115165 -0.023072902 0.998838663 -0.042294640 -0.190321162 0.614862680 0.047536217 0.787200332 2.965051651
0.783173025 -0.007660478 -0.621756554 -1.449984550 -0.023089847 0.998876214 -0.041391134 -0.193410009 0.621374965 0.046772689 0.782115936 3.008032799
0.777848005 -0.009361931 -0.628382802 -1.484648466 -0.022280497 0.998849571 -0.042461365 -0.196518958 0.628057539 0.047029167 0.776744545 3.050462246
0.772459507 -0.010461112 -0.634977818 -1.519113064 -0.022054933 0.998819411 -0.043285452 -0.199326605 0.634680927 0.047440656 0.771316648 3.091997623
0.766561031 -0.012576707 -0.642048240 -1.554704905 -0.020438364 0.998823881 -0.043967362 -0.201935843 0.641846180 0.046826083 0.765402317 3.134765863
0.761053383 -0.014443214 -0.648528397 -1.590654135 -0.019322922 0.998803735 -0.044919707 -0.205510944 0.648401380 0.046717763 0.759863794 3.176484823
0.754936218 -0.015563671 -0.655613542 -1.626448393 -0.019129837 0.998770297 -0.045737825 -0.208878070 0.655519187 0.047070920 0.753710091 3.216931105
0.748661160 -0.017031079 -0.662733972 -1.663858533 -0.017997324 0.998779416 -0.045997620 -0.211949170 0.662708461 0.046364073 0.747440815 3.260400057
0.742136061 -0.016702991 -0.670041084 -1.699656248 -0.017103164 0.998891890 -0.043844130 -0.215558648 0.670030951 0.043998130 0.741028070 3.300705433
0.735958695 -0.018093646 -0.676784635 -1.741818905 -0.015229225 0.998947442 -0.043267366 -0.218499124 0.676855147 0.042149890 0.734908521 3.344218731
0.729736507 -0.020162499 -0.683431149 -1.779509783 -0.013855786 0.998923719 -0.044264693 -0.221438631 0.683588207 0.041771036 0.728671670 3.384071827
0.722692072 -0.021358756 -0.690840006 -1.819859862 -0.014339800 0.998843908 -0.045882296 -0.224859342 0.691021383 0.043065280 0.721550345 3.427038431
0.716828942 -0.020792359 -0.696938872 -1.859793901 -0.015681800 0.998821616 -0.045928027 -0.227727607 0.697072685 0.043851793 0.715658307 3.467023373
0.711557746 -0.019879960 -0.702346146 -1.900458336 -0.017079365 0.998814881 -0.045574889 -0.230736598 0.702419877 0.044424802 0.710375071 3.507040977
0.706255257 -0.019987993 -0.707675040 -1.942332983 -0.016065056 0.998891473 -0.044246104 -0.234994411 0.707774997 0.042617876 0.705151260 3.549506187
0.702258587 -0.019995997 -0.711641073 -1.985347748 -0.017779144 0.998801053 -0.045609485 -0.238246650 0.711699843 0.044682015 0.701061130 3.588368654
0.696453929 -0.023140205 -0.717228293 -2.026477337 -0.016767856 0.998682201 -0.048503038 -0.240988955 0.717405558 0.045806501 0.695148170 3.630286455
0.691655517 -0.025494685 -0.721777380 -2.069335461 -0.016273094 0.998572946 -0.050865654 -0.244743198 0.722044110 0.046927065 0.690253556 3.669752836
0.686508775 -0.025482446 -0.726674795 -2.112991810 -0.017506538 0.998516679 -0.051554061 -0.248362660 0.726910710 0.048113875 0.685044348 3.711150169
0.681422532 -0.025403051 -0.731449187 -2.155166388 -0.016595470 0.998604178 -0.050141715 -0.251548558 0.731702089 0.046306435 0.680049896 3.750174046
0.676238656 -0.025633933 -0.736236513 -2.200154781 -0.015723949 0.998664498 -0.049213599 -0.254906535 0.736514807 0.044856679 0.674932480 3.791527987
0.671365321 -0.026737785 -0.740644276 -2.244630337 -0.015677182 0.998613000 -0.050261412 -0.258362949 0.740960836 0.045354974 0.670014977 3.831061125
0.666173220 -0.027685331 -0.745283008 -2.289959431 -0.014165348 0.998660803 -0.049759395 -0.262257516 0.745662510 0.043705571 0.664888918 3.871709347
0.662124515 -0.028249592 -0.748861194 -2.335480213 -0.013035744 0.998703837 -0.049200382 -0.265766144 0.749280512 0.042338736 0.660898030 3.910830975
0.658084333 -0.029494191 -0.752366483 -2.382025719 -0.012282658 0.998678982 -0.049893592 -0.268851727 0.752844036 0.042075250 0.656852782 3.951081991
0.653794527 -0.032545250 -0.755971909 -2.424700022 -0.008837275 0.998678029 -0.050636787 -0.273096502 0.756620467 0.039786790 0.652642667 3.988441467
0.649711668 -0.037093144 -0.759275258 -2.473056793 -0.006432733 0.998504877 -0.054284785 -0.276191115 0.760153532 0.040153679 0.648501575 4.029057503
0.645061553 -0.041678887 -0.762993157 -2.518307686 -0.001637234 0.998433650 -0.055924129 -0.279588699 0.764128864 0.037323698 0.643982947 4.066892624
0.638180077 -0.044756889 -0.768585145 -2.564280510 0.002114289 0.998406887 -0.056384504 -0.283530682 0.769884288 0.034358457 0.637258053 4.105826378
0.629950464 -0.048278272 -0.775133252 -2.609105110 0.007399258 0.998393714 -0.056170415 -0.288162112 0.776600063 0.029649170 0.629295886 4.142309189
0.621251285 -0.049302824 -0.782058895 -2.656893253 0.010015237 0.998436749 -0.054987896 -0.291755736 0.783547580 0.026328789 0.620773852 4.179582596
0.612754405 -0.047552746 -0.788841367 -2.704014540 0.010292874 0.998583496 -0.052201092 -0.295959055 0.790206373 0.023867005 0.612375975 4.214783192
0.602706611 -0.047335397 -0.796557665 -2.751527786 0.009833330 0.998603702 -0.051901687 -0.299640596 0.797902286 0.023448687 0.602330565 4.252558708
0.593719959 -0.048543993 -0.803206086 -2.800332308 0.007835650 0.998480082 -0.054553896 -0.302365601 0.804633558 0.026096106 0.593198061 4.287798405
0.584198833 -0.051086392 -0.810001135 -2.851000547 0.008851348 0.998358607 -0.056582127 -0.306376010 0.811562359 0.025885615 0.583692253 4.322616577
0.573997378 -0.053256150 -0.817123592 -2.898111820 0.010343181 0.998274744 -0.057797037 -0.310098231 0.818791807 0.024723692 0.573557854 4.356236935
0.563735306 -0.053961735 -0.824190915 -2.948715210 0.013266353 0.998326421 -0.056288790 -0.314448774 0.825848997 0.020797977 0.563507795 4.390640259
0.553453803 -0.054133967 -0.831118822 -3.000710487 0.014600075 0.998362780 -0.055304822 -0.318686396 0.832751930 0.018474268 0.553338051 4.424941063
0.543287694 -0.054770991 -0.837758124 -3.049441814 0.015252140 0.998348832 -0.055379059 -0.322432399 0.839408040 0.017309159 0.543226063 4.455976009
0.533014417 -0.055705976 -0.844270408 -3.102104187 0.014351942 0.998281956 -0.056807011 -0.326437205 0.845984459 0.018162038 0.532898128 4.488905430
0.522266507 -0.056551319 -0.850905240 -3.152945995 0.013676533 0.998225868 -0.057947934 -0.330210239 0.852672637 0.018626828 0.522113383 4.521683216
0.513006926 -0.057033274 -0.856487691 -3.203329563 0.012389734 0.998178303 -0.059047390 -0.334850699 0.858295083 0.019680055 0.512778997 4.550413132
0.503949702 -0.056431469 -0.861887574 -3.256574154 0.010194967 0.998182595 -0.059394237 -0.339428753 0.863672912 0.021144789 0.503609121 4.581119537
0.495045483 -0.054356370 -0.867165208 -3.309901714 0.009829699 0.998327732 -0.056966450 -0.343226671 0.868811607 0.019677013 0.494751871 4.611506939
0.486521482 -0.052501984 -0.872089624 -3.364506006 0.010447102 0.998470962 -0.054282222 -0.347949624 0.873606145 0.017298657 0.486326069 4.641974926
0.479672432 -0.052168701 -0.875895381 -3.418811083 0.010550091 0.998501658 -0.053693574 -0.352859974 0.877384305 0.016514553 0.479504079 4.670665741
0.471456975 -0.056117553 -0.880101800 -3.474374771 0.012357503 0.998295724 -0.057034176 -0.355730861 0.881802499 0.016013302 0.471346945 4.700724125
0.464192063 -0.059621613 -0.883725703 -3.529365301 0.015990200 0.998133361 -0.058941148 -0.360185385 0.885590196 0.013229063 0.464278966 4.729867935
0.457747281 -0.062663540 -0.886871219 -3.581703186 0.016695453 0.997943044 -0.061894376 -0.364110410 0.888925552 0.013525264 0.457851887 4.757548332
0.451616228 -0.066016093 -0.889766514 -3.638348103 0.019917045 0.997756243 -0.063919134 -0.369651020 0.891990006 0.011145400 0.451917768 4.787332058
0.447981268 -0.067118466 -0.891520023 -3.691272736 0.022239979 0.997705996 -0.063937336 -0.374153584 0.893766284 0.008815345 0.448446333 4.812033653
0.443321258 -0.064233236 -0.894058466 -3.746067762 0.022846635 0.997914732 -0.060366202 -0.378632009 0.896071553 0.006335396 0.443864346 4.840052128
0.438849211 -0.063114747 -0.896341383 -3.800763130 0.027451487 0.998006344 -0.056833077 -0.382810920 0.898141265 0.000335244 0.439706892 4.867565632
0.435303628 -0.061925225 -0.898151457 -3.854279995 0.028939368 0.998078465 -0.054788999 -0.387543201 0.899818480 -0.002142085 0.436259270 4.893789291
0.433029473 -0.062034301 -0.899242580 -3.909629822 0.030069150 0.998067856 -0.054372001 -0.391411066 0.900878072 -0.003494782 0.434058130 4.919940948
0.430522829 -0.061208412 -0.900501847 -3.965319633 0.032218236 0.998104215 -0.052439298 -0.395864576 0.902004480 -0.006436266 0.431678683 4.945898533
0.428450018 -0.060318224 -0.901549935 -4.019185066 0.033370536 0.998144984 -0.050921995 -0.399685174 0.902949035 -0.008267672 0.429668128 4.971296310
0.426978707 -0.060242921 -0.902252734 -4.073360443 0.034235392 0.998140037 -0.050443832 -0.404327750 0.903613389 -0.009350535 0.428247005 4.996189117
0.423953682 -0.062150359 -0.903548956 -4.126013756 0.037920743 0.997985899 -0.050853427 -0.406639427 0.904889643 -0.012703748 0.425456583 5.020931244
0.422626197 -0.061276592 -0.904230237 -4.182298183 0.041368473 0.997976065 -0.048294317 -0.410555601 0.905359447 -0.016996181 0.424305767 5.045352459
0.419582218 -0.062605672 -0.905555785 -4.234364033 0.045609862 0.997812569 -0.047850888 -0.413009465 0.906570852 -0.021224899 0.421519876 5.070099354
0.419187009 -0.062958807 -0.905714333 -4.290741920 0.046434939 0.997773767 -0.047866896 -0.417115390 0.906711638 -0.021991603 0.421177357 5.094412327
0.418060839 -0.062897265 -0.906238973 -4.343073845 0.045737568 0.997792244 -0.048152126 -0.421160400 0.907266855 -0.021318646 0.420014679 5.118498802
0.418235570 -0.065978549 -0.905939281 -4.396113873 0.048621695 0.997554779 -0.050204147 -0.424364448 0.907036364 -0.023051139 0.420420885 5.141489983
0.417757213 -0.068329103 -0.905985653 -4.443113327 0.049849510 0.997389734 -0.052236762 -0.426577508 0.907190084 -0.023340657 0.420072973 5.163637161
0.420624942 -0.069162667 -0.904594481 -4.494206429 0.048350040 0.997381866 -0.053774763 -0.429430187 0.905945361 -0.021118179 0.422867626 5.186506271
0.423258930 -0.068364285 -0.903425813 -4.538641930 0.045479767 0.997495174 -0.054175261 -0.434057921 0.904866576 -0.018157437 0.425307930 5.209219933
0.427730054 -0.068622634 -0.901297987 -4.587818146 0.044478841 0.997504056 -0.054839164 -0.438519776 0.902811587 -0.016632332 0.429714680 5.232937813
0.433895171 -0.069151692 -0.898305655 -4.633833885 0.044764347 0.997473359 -0.055163778 -0.441611797 0.899850607 -0.016276769 0.435894400 5.254869461
0.440892875 -0.066999733 -0.895055652 -4.679471970 0.042844567 0.997644246 -0.053574365 -0.445310801 0.896536529 -0.014727716 0.442724794 5.278064728
0.449144453 -0.065552033 -0.891051114 -4.729181290 0.040996186 0.997766495 -0.052738175 -0.449220419 0.892518103 -0.012842640 0.450828701 5.301680565
0.457802206 -0.065737262 -0.886620402 -4.775813103 0.040054876 0.997775078 -0.053296525 -0.452488154 0.888151407 -0.011114202 0.459416687 5.325451851
0.467643529 -0.063710652 -0.881618023 -4.822694302 0.038943883 0.997915566 -0.051457647 -0.456886530 0.883058846 -0.010269789 0.469149858 5.349892616
0.477066815 -0.063308068 -0.876583874 -4.867594719 0.037009493 0.997964561 -0.051932521 -0.460915715 0.878087401 -0.007666641 0.478438765 5.374757767
0.487607777 -0.065462723 -0.870605111 -4.913702011 0.035681520 0.997846067 -0.055045776 -0.463882089 0.872333348 -0.004223767 0.488893330 5.399705887
0.498564929 -0.065152533 -0.864400446 -4.959266663 0.032922283 0.997875214 -0.056224179 -0.468187511 0.866226971 -0.000426630 0.499650538 5.426477432
0.511161268 -0.064304732 -0.857075810 -5.002738953 0.031727660 0.997929275 -0.055950277 -0.471324652 0.858898938 0.001406601 0.512143135 5.451732635
0.524280548 -0.061833341 -0.849297702 -5.046040058 0.030841632 0.998084664 -0.053626966 -0.474752247 0.850986898 0.001921851 0.525183499 5.478034973
0.537625611 -0.058857981 -0.841126800 -5.089843273 0.028655060 0.998259842 -0.051537842 -0.478549123 0.842696667 0.003605531 0.538376749 5.504363537
0.550061047 -0.057888795 -0.833115637 -5.133109570 0.028181870 0.998313189 -0.050760526 -0.481708020 0.834648848 0.004442632 0.550764561 5.531825066
0.561311901 -0.058265734 -0.825550795 -5.173747063 0.027837250 0.998283386 -0.051529638 -0.485169590 0.827136040 0.005943134 0.561970294 5.559638023
0.571956575 -0.060270566 -0.818066776 -5.213460922 0.028931558 0.998158813 -0.053311054 -0.488405526 0.819773555 0.006823664 0.572647154 5.587372780
0.583591640 -0.060538057 -0.809787571 -5.254885674 0.030373683 0.998146772 -0.052729927 -0.492345035 0.811479092 0.006176514 0.584348798 5.616266251
0.594959438 -0.060685202 -0.801461518 -5.294633865 0.031356540 0.998139024 -0.052299947 -0.495789587 0.803143859 0.005985287 0.595755100 5.644892693
0.605616927 -0.058041520 -0.793636739 -5.334171772 0.029972957 0.998292446 -0.050136641 -0.499115556 0.795191646 0.006575957 0.606322527 5.674248219
0.616644681 -0.054787640 -0.785332799 -5.372879505 0.029979521 0.998486042 -0.046118006 -0.502432227 0.786670625 0.004894519 0.617353559 5.703518391
0.626024485 -0.054363333 -0.777906179 -5.410007954 0.029698336 0.998505414 -0.045879826 -0.505225718 0.779237688 0.005619375 0.626703322 5.733223438
0.637414753 -0.053508215 -0.768660724 -5.447539806 0.027555387 0.998530686 -0.046659581 -0.508161128 0.770028055 0.008560759 0.637952626 5.762402058
0.645512462 -0.053856846 -0.761848509 -5.482353687 0.026575806 0.998490453 -0.048068006 -0.511153221 0.763287425 0.010781752 0.645969272 5.793177605
0.654827297 -0.053336360 -0.753894150 -5.517454147 0.026566034 0.998514652 -0.047567647 -0.514248133 0.755311489 0.011120620 0.655271649 5.823444366
0.664620638 -0.050734639 -0.745456517 -5.552129745 0.025608059 0.998652697 -0.045135617 -0.517179251 0.746742010 0.010908362 0.665024400 5.853121758
0.672315300 -0.050064910 -0.738569915 -5.585201263 0.026432762 0.998697758 -0.043636441 -0.519632757 0.739792824 0.009814998 0.672763050 5.884359837
0.680947721 -0.049056202 -0.730687141 -5.618395805 0.026686905 0.998753428 -0.042183120 -0.522705317 0.731845677 0.009224723 0.681408048 5.914769650
0.688398302 -0.048515048 -0.723708510 -5.650578022 0.025548315 0.998763263 -0.042652018 -0.525067568 0.724882662 0.010872056 0.688786507 5.945486546
0.695894778 -0.047726557 -0.716556132 -5.682700157 0.025298100 0.998799026 -0.041956838 -0.527662277 0.717698038 0.011070031 0.696266472 5.976181507
0.703344166 -0.045303319 -0.709404409 -5.714318275 0.024566274 0.998920023 -0.039435692 -0.530042410 0.710424960 0.010309439 0.703697503 6.007231236
0.710470736 -0.041886754 -0.702479064 -5.744717121 0.023184534 0.999078274 -0.036123797 -0.532879651 0.703344762 0.009378254 0.710787058 6.037909985
0.718047202 -0.039905358 -0.694849491 -5.774284840 0.021907132 0.999156058 -0.034743246 -0.535436034 0.695649564 0.009725130 0.718315482 6.067840576
0.725294232 -0.039517470 -0.687303901 -5.803997517 0.021511137 0.999164522 -0.034748178 -0.537278295 0.688102841 0.010417968 0.725538373 6.099185944
0.733416140 -0.036565568 -0.678795934 -5.833350658 0.018526454 0.999256492 -0.033811029 -0.539450884 0.679527521 0.012221876 0.733548164 6.130374908
0.742228866 -0.033801720 -0.669293463 -5.860720634 0.017951185 0.999371588 -0.030564466 -0.541447043 0.669906020 0.010671219 0.742369235 6.160339832
0.751613617 -0.030383948 -0.658903480 -5.887800694 0.016515799 0.999492228 -0.027249848 -0.543307662 0.659396887 0.009599041 0.751733720 6.191141129
0.761622965 -0.027839068 -0.647422075 -5.914227962 0.014299400 0.999555647 -0.026159039 -0.545376182 0.647862494 0.010665582 0.761682570 6.221768379
0.771566331 -0.026687834 -0.635588765 -5.940023899 0.012224573 0.999557197 -0.027130663 -0.547046661 0.636031389 0.013163305 0.771550894 6.252260685
0.781423151 -0.028085023 -0.623369098 -5.965211868 0.012758279 0.999496818 -0.029037820 -0.548482239 0.623871028 0.014737708 0.781388342 6.283706188
0.791385412 -0.026833953 -0.610728323 -5.989375114 0.012022880 0.999526024 -0.028337488 -0.550376177 0.611199260 0.015083161 0.791332960 6.314923286
0.801467299 -0.025269084 -0.597504556 -6.013757706 0.011867980 0.999582231 -0.026354164 -0.552419424 0.597920835 0.014030823 0.801432312 6.346863747
0.811680198 -0.022748325 -0.583658874 -6.036951542 0.011448095 0.999669015 -0.023041887 -0.554411054 0.583989739 0.012020863 0.811671913 6.378436089
0.820965230 -0.021861881 -0.570559621 -6.059823036 0.011985639 0.999706328 -0.021059453 -0.555705905 0.570852518 0.010450555 0.820986032 6.412555218
0.830060899 -0.021001643 -0.557277083 -6.081641674 0.012863621 0.999745786 -0.018516308 -0.556201160 0.557524264 0.008201063 0.830120087 6.443743706
0.838333964 -0.020495893 -0.544771552 -6.104356766 0.013621591 0.999768555 -0.016652314 -0.557521462 0.544986784 0.006539542 0.838419199 6.477450371
0.845479369 -0.020733006 -0.533605278 -6.123984814 0.015283042 0.999776185 -0.014630409 -0.558987975 0.533789158 0.004214597 0.845607042 6.508552551
0.851994991 -0.020099731 -0.523163974 -6.145043373 0.014886182 0.999788821 -0.014168661 -0.560358405 0.523338318 0.004283713 0.852114260 6.543170929
0.858706415 -0.018650351 -0.512128413 -6.164431095 0.013283862 0.999811828 -0.014136892 -0.561477423 0.512295663 0.005336396 0.858792603 6.575864315
0.865727723 -0.016132712 -0.500255287 -6.185752869 0.011254485 0.999855220 -0.012767590 -0.562608540 0.500388861 0.005423140 0.865783811 6.610487461
0.871534348 -0.015800765 -0.490079850 -6.205274582 0.011094698 0.999860227 -0.012506425 -0.563464224 0.490208924 0.005462491 0.871587753 6.646074295
0.877391458 -0.016626215 -0.479486972 -6.224764824 0.012261727 0.999849856 -0.012232630 -0.564786017 0.479618371 0.004853467 0.877463698 6.681188107
0.882253528 -0.017427195 -0.470451981 -6.243031025 0.012712101 0.999832034 -0.013197890 -0.565864921 0.470603019 0.005663450 0.882326841 6.716546535
0.886517704 -0.018260425 -0.462334126 -6.262450695 0.013301251 0.999813855 -0.013983880 -0.566693306 0.462503463 0.006247338 0.886595488 6.753302574
0.890052855 -0.017770177 -0.455510765 -6.280241013 0.013209458 0.999825776 -0.013193890 -0.567292452 0.455665797 0.005726210 0.890132546 6.788199425
0.893264771 -0.015620496 -0.449259520 -6.297231197 0.012314331 0.999871314 -0.010280311 -0.567660034 0.449362278 0.003650708 0.893342078 6.822039127
0.896279693 -0.011279269 -0.443345815 -6.318286896 0.009782864 0.999936104 -0.005662321 -0.569251537 0.443381339 0.000737831 0.896332681 6.863577843
0.899695158 -0.008372657 -0.436438650 -6.336430073 0.008031598 0.999964356 -0.002626639 -0.570089698 0.436445028 -0.001142126 0.899730206 6.900795937
0.902927160 -0.005730668 -0.429755539 -6.355565548 0.006260703 0.999980450 -0.000180561 -0.570956886 0.429748178 -0.002527539 0.902945220 6.939563751
0.906021714 -0.004925112 -0.423202515 -6.374363422 0.006147985 0.999979854 0.001524552 -0.570551455 0.423186570 -0.003983120 0.906033754 6.979732513
0.909234881 -0.002483874 -0.416276008 -6.392473221 0.004860552 0.999977291 0.004649717 -0.571236670 0.416255027 -0.006251017 0.909226418 7.019371510
0.912512779 -0.002495779 -0.409040779 -6.410209656 0.005723025 0.999961317 0.006665962 -0.571632624 0.409008354 -0.008423724 0.912491739 7.060126305
0.916147470 -0.003551975 -0.400825590 -6.429531097 0.007052925 0.999948800 0.007259336 -0.571229100 0.400779277 -0.009477613 0.916125596 7.102193356
0.919676721 -0.004662911 -0.392648548 -6.447085381 0.008140430 0.999941051 0.007191999 -0.570866883 0.392591834 -0.009810641 0.919660509 7.143978119
0.923346043 -0.007294733 -0.383899271 -6.464834213 0.010636386 0.999921799 0.006582204 -0.571045756 0.383821219 -0.010160954 0.923351526 7.188053131
0.927464962 -0.007877324 -0.373826981 -6.482688904 0.010772074 0.999925971 0.005654973 -0.571602166 0.373754740 -0.009271683 0.927481234 7.230988026
0.931868911 -0.009156102 -0.362679571 -6.500511169 0.011190793 0.999931157 0.003509656 -0.571793616 0.362622499 -0.007329211 0.931907356 7.275544167
0.936739385 -0.006781808 -0.349961728 -6.516036987 0.008436323 0.999959290 0.003203508 -0.572148144 0.349925786 -0.005953241 0.936758518 7.319948196
0.942762792 -0.003667227 -0.333443940 -6.534014702 0.005272402 0.999978483 0.003909135 -0.572081923 0.333422422 -0.005443437 0.942761838 7.367507935
0.948964298 -0.000285586 -0.315383345 -6.548281193 0.002633478 0.999971986 0.007018441 -0.572905779 0.315372497 -0.007490806 0.948938370 7.412400246
0.955569625 0.002599502 -0.294754118 -6.564395905 -0.000158329 0.999965489 0.008305633 -0.572258830 0.294765502 -0.007889940 0.955537081 7.460303307
0.961813986 0.005003731 -0.273658216 -6.577350616 -0.002416717 0.999949276 0.009789748 -0.573499620 0.273693293 -0.008754562 0.961777151 7.507442951
0.967632771 0.006374747 -0.252282023 -6.590698242 -0.003615068 0.999928534 0.011400865 -0.573443711 0.252336681 -0.010119834 0.967586577 7.552565575
0.972958088 0.006630714 -0.230886221 -6.602025032 -0.003467467 0.999894619 0.014103547 -0.573763132 0.230955362 -0.012921568 0.972878456 7.599237442
0.978003204 0.009263932 -0.208384186 -6.614690781 -0.005727299 0.999829233 0.017568670 -0.572729230 0.208511397 -0.015988737 0.977889180 7.656485081
0.982545078 0.011807125 -0.185649216 -6.625612736 -0.007838787 0.999725163 0.022094980 -0.573436618 0.185859054 -0.020254051 0.982367635 7.708989143
0.986562014 0.014040655 -0.162782997 -6.635797977 -0.010063061 0.999630988 0.025233829 -0.571849883 0.163077205 -0.023256645 0.986339152 7.762252331
0.989883363 0.015827889 -0.140997291 -6.641332626 -0.012306679 0.999591112 0.025810694 -0.572089672 0.141348153 -0.023814373 0.989673376 7.811472893
0.992732406 0.016177343 -0.119251065 -6.645503521 -0.013398650 0.999620676 0.024066310 -0.573065400 0.119595140 -0.022293601 0.992572427 7.858464718
0.995090842 0.014933014 -0.097832263 -6.656418324 -0.012811529 0.999669671 0.022277361 -0.570776761 0.098132625 -0.020914618 0.994953573 7.925202370
0.996899545 0.013922996 -0.077443525 -6.661340714 -0.012074378 0.999632061 0.024287807 -0.569273174 0.077753171 -0.023277419 0.996700943 7.980808735
0.998236656 0.014431440 -0.057579089 -6.665565491 -0.012957480 0.999580741 0.025890626 -0.568763614 0.057928566 -0.025098890 0.998005211 8.038969040
0.999223888 0.015120777 -0.036373656 -6.668970585 -0.014133796 0.999529064 0.027240276 -0.568794429 0.036768425 -0.026705036 0.998966992 8.091277122
0.999724269 0.016757602 -0.016454633 -6.669339657 -0.016292451 0.999474943 0.028007036 -0.568597198 0.016915321 -0.027731225 0.999472260 8.153053284
0.999846101 0.017009627 0.004308462 -6.669223309 -0.017126458 0.999441028 0.028711054 -0.567981243 -0.003817692 -0.028780419 0.999578476 8.210469246
0.999505818 0.019007334 0.025035588 -6.669943810 -0.019707905 0.999412596 0.028039975 -0.565809786 -0.024487916 -0.028519517 0.999293208 8.267789841
0.998778224 0.020280596 0.045062639 -6.667118073 -0.021491777 0.999416232 0.026557703 -0.564936042 -0.044497736 -0.027493732 0.998631001 8.330103874
0.997737825 0.019975936 0.064189076 -6.663537025 -0.021555040 0.999479473 0.024003135 -0.563767254 -0.063676178 -0.025332436 0.997649014 8.390307426
0.996256590 0.022460932 0.083476327 -6.660041332 -0.024360919 0.999465168 0.021812256 -0.563681424 -0.082941778 -0.023764163 0.996270955 8.450208664
0.994486511 0.023156503 0.102276020 -6.653290749 -0.025335737 0.999477684 0.020059807 -0.563343287 -0.101758085 -0.022540445 0.994553685 8.508240700
0.992466271 0.022387156 0.120456055 -6.644483089 -0.024618022 0.999551296 0.017063880 -0.563326299 -0.120019987 -0.019900709 0.992572010 8.565801620
0.989925921 0.023823176 0.139567807 -6.637299538 -0.025641162 0.999607980 0.011241970 -0.561373591 -0.139245272 -0.014707396 0.990148723 8.634801865
0.987197042 0.025422409 0.157466590 -6.628524780 -0.026530989 0.999635756 0.004941771 -0.562732995 -0.157283619 -0.009056246 0.987511933 8.695307732
0.984278023 0.026875248 0.174569443 -6.618109226 -0.027253602 0.999628484 -0.000229938 -0.562924564 -0.174510747 -0.004531321 0.984644890 8.754858017
0.980932593 0.030010132 0.192017242 -6.605901241 -0.029711876 0.999548614 -0.004433138 -0.562087595 -0.192063600 -0.001356583 0.981381595 8.818293571
0.977075338 0.033122409 0.210301220 -6.593400002 -0.032421604 0.999451220 -0.006780151 -0.565207899 -0.210410386 -0.000193586 0.977613151 8.889019012
0.973188341 0.032389365 0.227718353 -6.578729630 -0.031736940 0.999474883 -0.006527088 -0.566568911 -0.227810189 -0.000875000 0.973705232 8.951890945
0.969079196 0.031347360 0.244750544 -6.563522816 -0.030565694 0.999508321 -0.006992283 -0.568503439 -0.244849399 -0.000704895 0.969560862 9.015708923
0.964579284 0.032010876 0.261844158 -6.546293259 -0.029923905 0.999480665 -0.011954729 -0.571290970 -0.262090892 0.003695883 0.965036154 9.081405640
0.959957361 0.033592705 0.278124690 -6.527931690 -0.030070530 0.999404550 -0.016921438 -0.570569515 -0.278527468 0.007880502 0.960395932 9.153829575
0.954815090 0.036216937 0.294985622 -6.508169174 -0.032606862 0.999321103 -0.017149396 -0.571465790 -0.295406491 0.006755949 0.955347836 9.218557358
0.949161530 0.037870225 0.312503487 -6.490213394 -0.033745464 0.999257386 -0.018598842 -0.572490454 -0.312975705 0.007107730 0.949734569 9.282967567
0.943112850 0.041555654 0.329865426 -6.465598583 -0.036687352 0.999106646 -0.020972874 -0.576083004 -0.330442339 0.007677895 0.943794966 9.355482101
0.936791837 0.041788474 0.347382754 -6.443061829 -0.035290089 0.999063969 -0.025015319 -0.577845931 -0.348102927 0.011174979 0.937389731 9.420343399
0.930042267 0.044091996 0.364797503 -6.419006348 -0.036595885 0.998953402 -0.027440233 -0.580281377 -0.365625620 0.012170490 0.930682480 9.488618851
0.922870338 0.044162124 0.382570237 -6.393271923 -0.034009866 0.998867810 -0.033262968 -0.582312465 -0.383606076 0.017686250 0.923327386 9.560263634
0.914608955 0.047651388 0.401521921 -6.367004395 -0.034735247 0.998619914 -0.039391279 -0.584731817 -0.402844816 0.022080654 0.915001869 9.626660347
0.904821515 0.051117461 0.422711492 -6.339820385 -0.036280680 0.998412788 -0.043076150 -0.587865710 -0.424242586 0.023639966 0.905239940 9.690892220
0.893705845 0.054245990 0.445361942 -6.302628994 -0.038592312 0.998279214 -0.044149417 -0.592699289 -0.446990490 0.022269046 0.894261479 9.757019043
0.881025493 0.058725871 0.469409615 -6.267074585 -0.041309997 0.998024881 -0.047324847 -0.596192539 -0.471261740 0.022303089 0.881711304 9.820812225
0.866461575 0.062444262 0.495323151 -6.236098289 -0.043007232 0.997794747 -0.050557792 -0.601439416 -0.497387856 0.022503912 0.867236257 9.889875412
0.852385879 0.066259719 0.518698335 -6.194922447 -0.045177415 0.997561872 -0.053190041 -0.609044850 -0.520958066 0.021904994 0.853301048 9.952781677
0.837194204 0.068283945 0.542626083 -6.157559395 -0.045038156 0.997412920 -0.056026790 -0.611601710 -0.545048058 0.022466416 0.838103652 10.017333984
0.821677506 0.069982000 0.565639853 -6.114943981 -0.044357181 0.997274995 -0.058949161 -0.615113735 -0.568223894 0.023347005 0.822542727 10.081100464
0.805720747 0.072555579 0.587834775 -6.072861671 -0.043470316 0.997035980 -0.063479707 -0.621754527 -0.590698242 0.025593545 0.806486547 10.138687134
0.789265692 0.074580029 0.609505951 -6.028676987 -0.040998407 0.996782303 -0.068877771 -0.628579736 -0.612681627 0.029374097 0.789783776 10.202826500
0.773213446 0.077076375 0.629444301 -5.981617928 -0.040159084 0.996545255 -0.072696730 -0.633288741 -0.632872999 0.030932184 0.773637533 10.263843536
