0.999349833 0.005465045 -0.035636928 -0.003245806 -0.005459929 0.999984980 0.000240886 -0.000448464 0.035637718 -0.000046154 0.999364793 0.039947093
0.998447359 0.009118886 -0.054951582 -0.005919249 -0.009169938 0.999957740 -0.000676994 -0.000650961 0.054943085 0.001179845 0.998488784 0.060879026
0.997116983 0.008973920 -0.075348794 -0.008161374 -0.009067217 0.999958515 -0.000896186 -0.000719850 0.075337633 0.001576806 0.997156858 0.082593635
0.995314240 0.007524306 -0.096400999 -0.010858567 -0.007526836 0.999971628 0.000337410 -0.001081549 0.096400835 0.000389765 0.995342493 0.104634456
0.993264377 0.006343644 -0.115696818 -0.014722769 -0.006243194 0.999979734 0.001230582 -0.001136028 0.115702294 -0.000499975 0.993283749 0.127960265
0.991011620 0.007488081 -0.133565173 -0.018653024 -0.007262550 0.999971330 0.002175661 -0.001327310 0.133577630 -0.001186081 0.991037548 0.150746971
0.988770068 0.008511373 -0.149201766 -0.023130016 -0.008168961 0.999962330 0.002907661 -0.001480528 0.149220914 -0.001656184 0.988802493 0.174684733
0.986649454 0.009099877 -0.162604108 -0.028128495 -0.008690185 0.999957025 0.003230664 -0.001917336 0.162626505 -0.001774473 0.986686051 0.199627131
0.984599054 0.007460464 -0.174668789 -0.033257782 -0.007237831 0.999971926 0.001911592 -0.001774952 0.174678147 -0.000617928 0.984625340 0.225976288
0.982866704 0.003819638 -0.184278756 -0.038508434 -0.003794903 0.999992669 0.000486909 -0.002432890 0.184279278 0.000220753 0.982873917 0.251916766
0.981294155 0.005165272 -0.192444906 -0.044020612 -0.005398750 0.999985158 -0.000688855 -0.003157797 0.192438483 0.001714931 0.981307566 0.280317605
0.979893506 0.005638250 -0.199441656 -0.050654270 -0.006411899 0.999974191 -0.003233396 -0.002687518 0.199418277 0.004447184 0.979904294 0.307407260
0.978313386 0.004570424 -0.207080007 -0.057637163 -0.005897820 0.999965787 -0.005793157 -0.003192734 0.207046464 0.006888843 0.978306830 0.336996913
0.976505399 0.000317652 -0.215492666 -0.063700125 -0.001934512 0.999971509 -0.007292213 -0.003561032 0.215484187 0.007537758 0.976478219 0.366983891
0.974536598 -0.006353260 -0.224138230 -0.070058055 0.004632336 0.999955595 -0.008202964 -0.004020597 0.224180415 0.006955806 0.974522829 0.398201078
0.972701907 -0.006784674 -0.231959552 -0.078425243 0.004473652 0.999934971 -0.010487617 -0.004751933 0.232015714 0.009163617 0.972668886 0.428687871
0.970535219 -0.002883012 -0.240942121 -0.087378010 -0.000673130 0.999892056 -0.014675710 -0.005229567 0.240958452 0.014405480 0.970428526 0.461271793
0.968423367 0.000244609 -0.249311239 -0.096677475 -0.004721001 0.999838173 -0.017357254 -0.006054860 0.249266624 0.017986167 0.968267858 0.492906541
0.966249764 -0.001659347 -0.257601678 -0.106003173 -0.003589202 0.999795496 -0.019903110 -0.006655601 0.257581979 0.020155959 0.966046214 0.526773393
0.963864982 -0.005169669 -0.266341120 -0.115506887 -0.000604508 0.999766588 -0.021593085 -0.007566520 0.266390622 0.020973824 0.963636935 0.560568333
0.961658776 -0.004620283 -0.274209946 -0.126239091 -0.001990769 0.999714077 -0.023826279 -0.008929575 0.274241656 0.023458635 0.961374640 0.595975518
0.959239960 -0.004320017 -0.282559603 -0.136809126 -0.003580443 0.999617100 -0.027437983 -0.009751454 0.282569975 0.027331300 0.958857238 0.630167723
0.957199931 -0.004495334 -0.289392769 -0.149122387 -0.005049317 0.999467909 -0.032226607 -0.011685838 0.289383620 0.032308541 0.956667840 0.666276515
0.955218971 -0.006747629 -0.295822889 -0.160300091 -0.005323082 0.999186337 -0.039979495 -0.012866290 0.295851946 0.039763853 0.954405785 0.703985810
0.953854442 -0.007105647 -0.300185412 -0.172373146 -0.007682245 0.998815238 -0.048053540 -0.014812211 0.300171167 0.048142180 0.952669621 0.741193593
0.952536285 -0.007356259 -0.304336190 -0.184627756 -0.010371125 0.998343527 -0.056591842 -0.016880581 0.304248393 0.057062104 0.950882077 0.777923584
0.951077521 -0.007263577 -0.308867216 -0.198671058 -0.013503040 0.997790992 -0.065044023 -0.019479845 0.308657438 0.066032559 0.948878407 0.818263113
0.949961364 -0.005957187 -0.312310576 -0.212728143 -0.017514696 0.997229338 -0.072296537 -0.022008210 0.311875939 0.074148931 0.947225213 0.856268167
0.948450029 -0.002861605 -0.316913605 -0.227151752 -0.023283919 0.996627748 -0.078682616 -0.025513109 0.316070050 0.082005531 0.945185125 0.895246506
0.946850121 -0.002276383 -0.321667194 -0.242384970 -0.026334159 0.996069908 -0.084565446 -0.029185954 0.320595533 0.088541649 0.943068862 0.935913682
0.944964051 -0.000465227 -0.327173561 -0.255988598 -0.030610673 0.995486856 -0.089827292 -0.032839872 0.325738758 0.094898574 0.940685153 0.976682067
0.943265378 0.001453252 -0.332036704 -0.271566629 -0.034165807 0.995107353 -0.092704453 -0.036978759 0.330277503 0.098789200 0.938699841 1.017305374
0.941463172 0.002863683 -0.337103724 -0.287718683 -0.036722701 0.994884610 -0.094107635 -0.040959131 0.335109740 0.100978233 0.936752379 1.060145855
0.939370632 0.003586169 -0.342884809 -0.304024100 -0.037813008 0.994930327 -0.093187094 -0.045990974 0.340812325 0.100502722 0.934743881 1.102367163
0.936917305 0.001949452 -0.349545747 -0.320750535 -0.036110938 0.995173872 -0.091241017 -0.050458811 0.347680956 0.098107718 0.932465911 1.145921588
0.934508801 0.003046366 -0.355926991 -0.338383347 -0.037285883 0.995299578 -0.089377709 -0.055291194 0.353981674 0.096795313 0.930229902 1.189630628
0.931459546 0.005718935 -0.363799930 -0.356158286 -0.039829731 0.995470047 -0.086329758 -0.059714261 0.361658216 0.094902731 0.927467942 1.232211828
0.928065538 0.006671479 -0.372357219 -0.374775738 -0.039450999 0.995974958 -0.080483153 -0.064055189 0.370321512 0.089383490 0.924593210 1.277180791
0.924660087 0.009587014 -0.380672783 -0.393390507 -0.041289888 0.996313095 -0.075202256 -0.068033278 0.378548265 0.085254453 0.921646774 1.320288181
0.921031415 0.012841683 -0.389276475 -0.414341211 -0.044107728 0.996465743 -0.071487255 -0.071651727 0.386982620 0.083012089 0.918342829 1.365849972
0.917113543 0.013663175 -0.398391724 -0.433220357 -0.045029964 0.996566296 -0.069482714 -0.076069966 0.396074384 0.081663094 0.914579749 1.409859300
0.913205981 0.014312764 -0.407246530 -0.454799801 -0.046181958 0.996579349 -0.068532996 -0.079725444 0.404872596 0.081392206 0.910743356 1.454553604
0.909526527 0.014530532 -0.415391684 -0.475864708 -0.046574663 0.996657610 -0.067114793 -0.082958788 0.413028002 0.080389425 0.907163441 1.498331070
0.905703068 0.015149789 -0.423641652 -0.497627795 -0.047420371 0.996709466 -0.065736763 -0.085825548 0.421251863 0.079627261 0.903441429 1.542651534
0.902282536 0.016363034 -0.430834800 -0.520941973 -0.047986861 0.996882081 -0.062635802 -0.090330437 0.428466588 0.077189595 0.900254428 1.586498618
0.898157775 0.015882043 -0.439386308 -0.546073020 -0.046387319 0.997192800 -0.058776699 -0.094553478 0.437219322 0.073172703 0.896373212 1.640230179
0.894741893 0.018301068 -0.446208507 -0.570253611 -0.046770651 0.997505307 -0.052872695 -0.098970786 0.444127709 0.068176880 0.893365800 1.684264302
0.890476644 0.018717317 -0.454643875 -0.594399095 -0.046098616 0.997723818 -0.049214404 -0.101190053 0.452687800 0.064782731 0.889312565 1.733876944
0.887391090 0.019008882 -0.460625261 -0.622207463 -0.045702592 0.997855127 -0.046866670 -0.104493380 0.458746314 0.062640838 0.886356473 1.783070087
0.883705676 0.016223151 -0.467761755 -0.647075295 -0.042453140 0.998057842 -0.045588233 -0.106808528 0.466113716 0.060144532 0.882678092 1.832697034
0.881023407 0.018497927 -0.472710967 -0.679320812 -0.044462282 0.998049974 -0.043812085 -0.109965503 0.470978767 0.059617281 0.880127788 1.884001136
0.877791464 0.016014665 -0.478775084 -0.700801134 -0.041344099 0.998244345 -0.042410187 -0.112351999 0.477255464 0.057021827 0.876912653 1.928469419
0.875506282 0.016480841 -0.482925504 -0.730925024 -0.042238668 0.998202801 -0.042509653 -0.115167618 0.481357068 0.057615597 0.874629021 1.979615808
0.873753190 0.017048346 -0.486070722 -0.756413698 -0.042945400 0.998186231 -0.042187802 -0.119001359 0.484469920 0.057736229 0.872900605 2.020537615
0.872050405 0.014812402 -0.489191771 -0.788435102 -0.041028272 0.998236060 -0.042912524 -0.121068552 0.487693250 0.057492584 0.871119916 2.080122232
0.871775985 0.015412264 -0.489662349 -0.816246033 -0.041343059 0.998254001 -0.042185254 -0.123734698 0.488157213 0.057020225 0.870891035 2.126526117
0.871708155 0.015997190 -0.489764303 -0.845614135 -0.040859152 0.998359442 -0.040113799 -0.126901805 0.488319099 0.054978881 0.870931566 2.175435305
0.871681988 0.015853779 -0.489815354 -0.876537204 -0.040216342 0.998419642 -0.039253846 -0.129979253 0.488418937 0.053915460 0.870941997 2.225269079
0.870294333 0.010806012 -0.492413491 -0.910964727 -0.035340421 0.998552442 -0.040547624 -0.132598519 0.491262525 0.052690469 0.869416356 2.292994499
0.869286835 0.006866453 -0.494260490 -0.941324949 -0.031587418 0.998631477 -0.041681405 -0.133644208 0.493297845 0.051845498 0.868314028 2.343714237
0.868519783 0.008223707 -0.495586216 -0.972857833 -0.032095470 0.998696983 -0.039675359 -0.136506274 0.494614184 0.050364912 0.867651999 2.393673897
0.865814745 0.009647170 -0.500271678 -1.008785248 -0.031474560 0.998884141 -0.035210334 -0.141498715 0.499373764 0.046231464 0.865152299 2.460227013
0.863125145 0.009907128 -0.504892707 -1.036947250 -0.029458052 0.999092758 -0.030754752 -0.144480094 0.504129946 0.041418366 0.862634063 2.507774830
0.860315084 0.012377677 -0.509612441 -1.074932456 -0.031582106 0.999078810 -0.029050091 -0.146967620 0.508783400 0.041086860 0.859913588 2.561701775
0.854160249 0.006335262 -0.519971311 -1.108947039 -0.026318127 0.999171019 -0.031059189 -0.150263250 0.519343495 0.040214196 0.853618860 2.624724150
0.848483026 0.002950882 -0.529214680 -1.141425490 -0.024436194 0.999136329 -0.033607081 -0.154190734 0.528658390 0.041447025 0.847822249 2.674494267
0.842258632 0.002725604 -0.539066732 -1.176263571 -0.024447715 0.999151468 -0.033146188 -0.156470820 0.538519025 0.041096609 0.841610491 2.727887869
0.836427987 0.007014445 -0.548031986 -1.216197491 -0.027230339 0.999215007 -0.028770724 -0.157609910 0.547399998 0.038987737 0.835962415 2.790759087
0.831256330 0.012611042 -0.555746317 -1.252106667 -0.031273466 0.999220192 -0.024102826 -0.160401046 0.555008948 0.037415739 0.831002474 2.843169928
0.827353358 0.012550624 -0.561541498 -1.289771676 -0.032385375 0.999153078 -0.025383985 -0.162714243 0.560747147 0.039187256 0.827059150 2.897043943
0.823646843 0.008006919 -0.567046702 -1.327358842 -0.030071214 0.999110222 -0.029571220 -0.165708855 0.566305339 0.041408017 0.823154688 2.950667143
0.820968568 0.008476891 -0.570910394 -1.366372347 -0.036220275 0.998649120 -0.037256751 -0.167138934 0.569823384 0.051265161 0.820166588 3.004481316
0.817635655 0.006019810 -0.575704455 -1.402614951 -0.034229524 0.998684824 -0.038171299 -0.171060368 0.574717581 0.050916307 0.816766322 3.055742264
0.814554989 0.009578016 -0.580007255 -1.442887306 -0.036502905 0.998728395 -0.034771618 -0.173021019 0.578936696 0.049495336 0.813868821 3.109477997
0.811428308 0.010985505 -0.584348559 -1.480997801 -0.034854107 0.998953342 -0.029618638 -0.175652236 0.583411515 0.044400349 0.810962021 3.161761999
0.808671355 0.013327877 -0.588109732 -1.519654036 -0.035824485 0.999003470 -0.026620267 -0.178270251 0.587168872 0.042595774 0.808342934 3.212500334
0.805598855 0.013932295 -0.592297673 -1.558797002 -0.037211269 0.998939455 -0.027114470 -0.180543274 0.591291726 0.043883529 0.805262923 3.263647556
0.802150607 0.012321657 -0.596994638 -1.598689795 -0.036357660 0.998939872 -0.028234294 -0.184039056 0.596013904 0.044353485 0.801748097 3.315491438
0.798307657 0.009616825 -0.602173090 -1.637099981 -0.035507813 0.998884737 -0.031120714 -0.185854018 0.601202190 0.046225756 0.797758818 3.365974426
0.793875992 0.009141307 -0.608011007 -1.677015305 -0.035627600 0.998868525 -0.031500962 -0.188469529 0.607035041 0.046669830 0.793303490 3.417416096
0.789610863 0.008446778 -0.613549590 -1.718111515 -0.034195412 0.998957098 -0.030255252 -0.191287503 0.612654328 0.044870462 0.789076209 3.469473600
0.785095572 0.008994172 -0.619309187 -1.759697676 -0.034592614 0.998970628 -0.029344942 -0.194039717 0.618407786 0.044462115 0.784598529 3.519348383
0.779749393 0.008150419 -0.626038611 -1.800576210 -0.035008464 0.998918414 -0.030599119 -0.196556345 0.625112116 0.045776296 0.779191494 3.569944859
0.774012327 0.006234593 -0.633139849 -1.842744350 -0.033583492 0.998948157 -0.031219011 -0.199695930 0.632279277 0.045426957 0.773407578 3.621832132
0.768880248 0.006140186 -0.639363348 -1.885438442 -0.034318604 0.998908758 -0.031677462 -0.202729464 0.638471186 0.046298232 0.768251896 3.671483994
0.763207138 0.003303421 -0.646145344 -1.927594304 -0.031837516 0.998964727 -0.032498281 -0.205863595 0.645369053 0.045374591 0.762522042 3.719782829
0.755819201 -0.001611691 -0.654778361 -1.958373070 -0.026073758 0.999129772 -0.032556564 -0.208465487 0.654260993 0.041679408 0.755119443 3.765510559
0.751208007 -0.000515595 -0.660065353 -2.017142296 -0.028481038 0.999043047 -0.033194117 -0.211162210 0.659450829 0.043735035 0.750474453 3.821120977
0.744820535 0.000423146 -0.667264700 -2.059630871 -0.028639600 0.999098539 -0.031334780 -0.214356944 0.666649997 0.042448983 0.744161248 3.869893074
0.738625109 -0.000626229 -0.674116135 -2.107741833 -0.027243359 0.999154806 -0.030778574 -0.217102110 0.673565686 0.041099012 0.737983823 3.919545412
0.732274711 -0.002232168 -0.681005776 -2.152930737 -0.025943216 0.999177277 -0.031171385 -0.220641136 0.680515051 0.040493496 0.731614292 3.967846632
0.725345671 -0.004636765 -0.688369155 -2.200508595 -0.025207439 0.999127746 -0.033291485 -0.222456694 0.687923014 0.041499861 0.724596202 4.018402100
0.719224870 -0.003454079 -0.694768846 -2.241721153 -0.026202569 0.999141395 -0.032092184 -0.226636261 0.694283128 0.041286226 0.718516767 4.063201427
0.713960290 -0.002998994 -0.700179756 -2.296188354 -0.027017878 0.999128044 -0.031829059 -0.228677839 0.699664712 0.041642059 0.713256776 4.115101337
0.708885849 -0.003831906 -0.705312848 -2.345044851 -0.025542188 0.999189913 -0.031100083 -0.232368574 0.704860628 0.040061645 0.708213627 4.162222862
0.704330266 -0.003831787 -0.709862173 -2.394695759 -0.027442418 0.999090970 -0.032621581 -0.234353364 0.709341943 0.042456698 0.703584790 4.211304665
0.699193776 -0.005073706 -0.714914262 -2.443242073 -0.028634075 0.998973727 -0.035094094 -0.237662479 0.714358628 0.045008473 0.698330879 4.257731915
0.694407940 -0.007638190 -0.719541013 -2.494894028 -0.028094042 0.998893499 -0.037716348 -0.240622357 0.719032884 0.046405341 0.693425000 4.306161880
0.689167261 -0.008610890 -0.724550962 -2.543865204 -0.027969401 0.998868108 -0.038474496 -0.243696511 0.724062145 0.046780627 0.688146472 4.352862358
0.684427261 -0.007847611 -0.729038954 -2.597021341 -0.027700284 0.998940229 -0.036758143 -0.247155830 0.728554845 0.045352858 0.683484495 4.401632786
0.679500282 -0.007430900 -0.733637631 -2.650269747 -0.027557375 0.998984575 -0.035642382 -0.250580311 0.733157575 0.044436134 0.678605497 4.449146748
0.674264133 -0.009109542 -0.738434076 -2.701596737 -0.026314018 0.998992503 -0.036351196 -0.253580570 0.738021314 0.043941472 0.673345149 4.496166706
0.669776797 -0.010194929 -0.742492497 -2.754718542 -0.025679141 0.998989642 -0.036881067 -0.256559372 0.742118299 0.043768652 0.668838263 4.542649269
0.665066183 -0.011687276 -0.746692955 -2.806154013 -0.022717314 0.999098182 -0.035871845 -0.260014117 0.746438801 0.040820010 0.664200902 4.589341164
0.661468983 -0.012159775 -0.749873877 -2.859164238 -0.022305688 0.999107301 -0.035877287 -0.263108075 0.749640763 0.040458169 0.660607159 4.635501862
0.657041013 -0.015504668 -0.753695369 -2.912419796 -0.018951682 0.999132752 -0.037075002 -0.266288817 0.753616512 0.038643595 0.656177402 4.682266235
0.653445423 -0.019419221 -0.756724596 -2.962847233 -0.015844405 0.999101043 -0.039321072 -0.270280004 0.756807804 0.037684023 0.652550220 4.724832535
0.648383260 -0.023138892 -0.760962367 -3.019298077 -0.012521393 0.999078631 -0.041048340 -0.273779601 0.761211097 0.036143359 0.647496164 4.772315979
0.642109692 -0.027091481 -0.766133904 -3.072463036 -0.006941709 0.999128997 -0.041148447 -0.277287543 0.766581237 0.031740103 0.641362309 4.816800117
0.634016275 -0.030628044 -0.772712946 -3.128393650 -0.002753560 0.999119639 -0.041861456 -0.280625135 0.773314774 0.028668553 0.633373797 4.861706257
0.625400066 -0.031821474 -0.779655159 -3.184339523 0.000453757 0.999182761 -0.040417470 -0.284041673 0.780304193 0.024923313 0.624903381 4.905811310
0.616742671 -0.030385152 -0.786578178 -3.240702629 0.000994728 0.999284029 -0.037821926 -0.287182778 0.787164211 0.022543959 0.616331339 4.948630333
0.608328700 -0.030230088 -0.793109238 -3.298223972 0.001118405 0.999306083 -0.037231632 -0.291507274 0.793684423 0.021762047 0.607940316 4.990447998
0.598353207 -0.031469025 -0.800614238 -3.356493473 0.000329418 0.999237955 -0.039029952 -0.294554383 0.801232398 0.023089966 0.597907662 5.035085678
0.589106500 -0.033741795 -0.807350636 -3.414946556 0.000860973 0.999153435 -0.041129626 -0.297902584 0.808054984 0.023534624 0.588636935 5.075594425
0.579419494 -0.035506666 -0.814255595 -3.475774765 0.001824635 0.999104619 -0.042268850 -0.301719129 0.815027416 0.023005677 0.578965604 5.117841721
0.569182396 -0.036091261 -0.821418703 -3.534402370 0.004685361 0.999162316 -0.040654298 -0.305286288 0.822197974 0.019291062 0.568874598 5.159173012
0.558834076 -0.036411591 -0.828479826 -3.595864296 0.006166402 0.999190509 -0.039754894 -0.309142530 0.829256654 0.017107641 0.558606088 5.200003624
0.549316585 -0.036299516 -0.834825516 -3.657021523 0.005780007 0.999197185 -0.039643399 -0.313345581 0.835594356 0.016951481 0.549085319 5.238430023
0.538481951 -0.038180698 -0.841771603 -3.719067335 0.006502450 0.999131382 -0.041158531 -0.316195190 0.842611969 0.016689546 0.538262546 5.279003143
0.528586030 -0.039107658 -0.847978413 -3.783503532 0.005772734 0.999080658 -0.042477880 -0.319621354 0.848860085 0.017558061 0.528325856 5.318272114
0.518986642 -0.039817885 -0.853854477 -3.845430613 0.004952569 0.999037743 -0.043577980 -0.323906362 0.854768038 0.018387612 0.518684447 5.355008125
0.509565592 -0.039749324 -0.859513223 -3.909436703 0.004181836 0.999035001 -0.043722477 -0.327507675 0.860421658 0.018685125 0.509240031 5.392465115
0.500543654 -0.037580099 -0.864895225 -3.974865913 0.003288330 0.999132693 -0.041509710 -0.331604004 0.865705013 0.017933358 0.500233114 5.430016518
0.493693799 -0.035357226 -0.868916631 -4.038992882 0.004308624 0.999260366 -0.038213018 -0.336486936 0.869625092 0.015121694 0.493480980 5.464075089
0.485187888 -0.036059961 -0.873665988 -4.106452942 0.004604300 0.999240935 -0.038685974 -0.339796752 0.874397814 0.014747349 0.484985530 5.502754211
0.478661954 -0.038826115 -0.877140403 -4.171409130 0.005138500 0.999128580 -0.041421730 -0.343231499 0.877984285 0.015319820 0.478444308 5.536602974
0.471218407 -0.042317491 -0.881000817 -4.239797115 0.008131174 0.999014318 -0.043636993 -0.347313255 0.881978989 0.013398982 0.471098065 5.573472977
0.465205789 -0.044806175 -0.884067774 -4.307845116 0.009520100 0.998913527 -0.045617193 -0.351781726 0.885151386 0.012804968 0.465126961 5.608174324
0.459221810 -0.048457835 -0.886998951 -4.372110844 0.011968425 0.998757839 -0.048367012 -0.356593192 0.888240933 0.011595207 0.459231436 5.642744064
0.456288099 -0.049264476 -0.888467371 -4.438532829 0.016017642 0.998759210 -0.047153890 -0.362672985 0.889687896 0.007284606 0.456511021 5.672989845
0.451109916 -0.046992023 -0.891230404 -4.505087852 0.016935581 0.998883724 -0.044096075 -0.366054595 0.892307699 0.004798672 0.451402128 5.708645821
0.447263896 -0.044495083 -0.893294573 -4.570786476 0.019294076 0.999009311 -0.040100392 -0.370359063 0.894193888 0.000700163 0.447679341 5.741899490
0.443836927 -0.044615645 -0.894996226 -4.636803150 0.021303449 0.999002874 -0.039235812 -0.374164939 0.895854294 -0.001652205 0.444344789 5.774145126
0.440904200 -0.044507794 -0.896450043 -4.702629089 0.022457015 0.999004185 -0.038554385 -0.377820730 0.897273123 -0.003132799 0.441464603 5.805975914
0.438656628 -0.043462593 -0.897603095 -4.767836094 0.024607023 0.999036193 -0.036348660 -0.381833881 0.898317814 -0.006142756 0.439303339 5.837385654
0.435808688 -0.043981437 -0.898964047 -4.832772732 0.028041689 0.998983920 -0.035280541 -0.384424567 0.899602354 -0.009832905 0.436599165 5.869143486
0.433813453 -0.043412752 -0.899956226 -4.896790981 0.028927935 0.998994708 -0.034245864 -0.389689922 0.900538206 -0.011177558 0.434633255 5.899090767
0.431659520 -0.043686368 -0.900978088 -4.960839748 0.030643836 0.998960257 -0.033755813 -0.393010318 0.901516020 -0.013038410 0.432549357 5.929665565
0.428913891 -0.042892415 -0.902326524 -5.024204254 0.033740412 0.998935759 -0.031446528 -0.396724820 0.902715027 -0.016957019 0.429904640 5.960096836
0.427103668 -0.044112489 -0.903126001 -5.090526581 0.037198525 0.998820901 -0.031194810 -0.399273038 0.903437197 -0.020271536 0.428240985 5.990919590
0.426116884 -0.043052010 -0.903643131 -5.152493477 0.036656242 0.998868346 -0.030303389 -0.403686374 0.903925180 -0.020211367 0.427212864 6.018684387
0.424040347 -0.045300335 -0.904509604 -5.214166164 0.040028758 0.998709559 -0.031252377 -0.406615078 0.904758275 -0.022954127 0.425306529 6.048749924
0.423112482 -0.046190638 -0.904899061 -5.272793293 0.040347669 0.998669505 -0.032111410 -0.411094189 0.905178308 -0.022923829 0.424413264 6.076849461
0.425508499 -0.046703313 -0.903748453 -5.337693214 0.038592059 0.998695314 -0.033439763 -0.413444877 0.904131114 -0.020648610 0.426755786 6.102757454
0.426540792 -0.043991409 -0.903397977 -5.390142918 0.034566432 0.998879671 -0.032320343 -0.418557495 0.903807640 -0.017441301 0.427583545 6.129919052
0.432550907 -0.047037214 -0.900381684 -5.455817223 0.034040119 0.998778164 -0.035824426 -0.419406742 0.900966704 -0.015153212 0.433623552 6.157094002
0.437055200 -0.047073275 -0.898202002 -5.512567043 0.032769106 0.998799860 -0.036400348 -0.423240304 0.898837507 -0.013524314 0.438073218 6.184404850
0.443110794 -0.048470259 -0.895155549 -5.570749283 0.032981474 0.998742640 -0.037753064 -0.425465286 0.895860076 -0.012794760 0.444152266 6.213043213
0.448813617 -0.045176245 -0.892482698 -5.625192642 0.030249065 0.998917043 -0.035352085 -0.430654049 0.893113256 -0.011130270 0.449694157 6.241551399
0.450820625 -0.043712411 -0.891543567 -5.669489384 0.030819645 0.998966873 -0.033395026 -0.434226125 0.892082393 -0.012421887 0.451702029 6.274400711
0.465500534 -0.044059228 -0.883950233 -5.735653400 0.029758647 0.998974562 -0.034121126 -0.437066078 0.884547174 -0.010421759 0.466334373 6.298049450
0.470322847 -0.045170750 -0.881337583 -5.786138535 0.030549126 0.998923957 -0.034894910 -0.439522982 0.881965578 -0.010512222 0.471196681 6.331568718
0.485398412 -0.043759849 -0.873197258 -5.846415520 0.026641335 0.999023139 -0.035255995 -0.442843109 0.873887002 -0.006149938 0.486090094 6.356225014
0.492860883 -0.046020519 -0.868890285 -5.897720814 0.025566403 0.998935044 -0.038406268 -0.445961893 0.869732380 -0.003285452 0.493512571 6.388097763
0.506747782 -0.045489818 -0.860893250 -5.952013016 0.021534050 0.998963177 -0.040109880 -0.448848158 0.861825347 0.001787071 0.507201910 6.416068077
0.519338846 -0.044352096 -0.853416741 -6.005359650 0.019102279 0.999005198 -0.040293831 -0.451593459 0.854354918 0.004623949 0.519669354 6.447023869
0.531314611 -0.041678756 -0.846148670 -6.057757854 0.017952599 0.999118686 -0.037940785 -0.454994708 0.846984267 0.004967925 0.531594634 6.479446888
0.543363571 -0.040302247 -0.838529468 -6.108346939 0.017892821 0.999175966 -0.036428925 -0.457624674 0.839306772 0.004790490 0.543636918 6.511977196
0.555323005 -0.038130198 -0.830760121 -6.159450531 0.015335092 0.999248028 -0.035612680 -0.461292028 0.831493318 0.007036757 0.555490136 6.544885159
0.566794097 -0.038173314 -0.822974622 -6.208938599 0.014875271 0.999237239 -0.036104377 -0.464413762 0.823725164 0.008221777 0.566929638 6.578142166
0.577722251 -0.039356634 -0.815284014 -6.257794380 0.015029795 0.999180436 -0.037583631 -0.467553496 0.816095054 0.009459347 0.577840328 6.612002373
0.588682473 -0.041169699 -0.807315290 -6.305649281 0.016974647 0.999111533 -0.038572848 -0.470609188 0.808186114 0.009003268 0.588858366 6.646345139
0.599398613 -0.040614393 -0.799419522 -6.352814674 0.016757069 0.999129772 -0.038196303 -0.473984897 0.800275266 0.009498887 0.599557698 6.681114197
0.609899819 -0.038040731 -0.791564941 -6.399178982 0.015636865 0.999230444 -0.035972461 -0.477496058 0.792324245 0.009562001 0.610025227 6.716339111
0.619962096 -0.034816723 -0.783858895 -6.444396973 0.015261482 0.999361098 -0.032318238 -0.480528802 0.784483314 0.008073235 0.620097399 6.751008987
0.629923165 -0.033676893 -0.775926769 -6.488915920 0.014452235 0.999394655 -0.031643067 -0.483198822 0.776522994 0.008718828 0.630028665 6.786354542
0.641503572 -0.032980718 -0.766410768 -6.532953739 0.012248825 0.999388337 -0.032753821 -0.485933006 0.767022252 0.011624060 0.641515255 6.819859505
0.649352968 -0.032177519 -0.759806156 -6.575399399 0.009671602 0.999373019 -0.034057453 -0.488793790 0.760425687 0.014766769 0.649257064 6.857570648
0.659367800 -0.030778829 -0.751190364 -6.617176056 0.009066192 0.999414504 -0.032991447 -0.492189795 0.751765907 0.014943061 0.659260631 6.892255306
0.667482018 -0.029285954 -0.744049728 -6.658493042 0.008433609 0.999459445 -0.031773198 -0.494588554 0.744578123 0.014933012 0.667368174 6.930365562
0.676600635 -0.027527474 -0.735835433 -6.698599815 0.008367134 0.999523818 -0.029698431 -0.497250497 0.736302614 0.013937144 0.676508784 6.965002060
0.684343576 -0.027331665 -0.728647232 -6.738782406 0.009028085 0.999538243 -0.029013675 -0.500192523 0.729103804 0.013277034 0.684274375 7.003907681
0.692011058 -0.026837183 -0.721387863 -6.777723789 0.008174364 0.999535978 -0.029343409 -0.502373338 0.721840620 0.014409075 0.691909313 7.040634632
0.699088573 -0.025816625 -0.714568973 -6.814438820 0.007194921 0.999551296 -0.029073700 -0.504784226 0.714998901 0.015183825 0.698960543 7.076423645
0.706460595 -0.022307158 -0.707400680 -6.852070332 0.005713631 0.999650359 -0.025816912 -0.507627904 0.707729340 0.014196806 0.706341088 7.112342358
0.713625193 -0.020052530 -0.700240672 -6.889082909 0.004776158 0.999706209 -0.023760766 -0.509529293 0.700511456 0.013611821 0.713511348 7.150123119
0.720901310 -0.018871589 -0.692780793 -6.924115658 0.004315262 0.999732077 -0.022742631 -0.511761248 0.693024218 0.013405661 0.720789731 7.186868668
0.728394628 -0.017817108 -0.684926271 -6.960020065 0.003114278 0.999737620 -0.022694431 -0.513982117 0.685150921 0.014397448 0.728258967 7.223780632
0.736279786 -0.014708008 -0.676517427 -6.993935108 0.000211266 0.999768734 -0.021505814 -0.516020656 0.676677287 0.015691368 0.736112595 7.259732246
0.745084703 -0.011712864 -0.666866899 -7.028231144 -0.000938432 0.999826372 -0.018609470 -0.518312931 0.666969061 0.014491441 0.744944453 7.297631264
0.754659176 -0.007791532 -0.656070709 -7.060634613 -0.003160843 0.999874592 -0.015510395 -0.520186663 0.656109333 0.013778797 0.754540145 7.333337307
0.764255464 -0.005806456 -0.644887567 -7.091950417 -0.004863495 0.999879062 -0.014766462 -0.522045910 0.644895315 0.014421758 0.764134943 7.370917320
0.774165630 -0.004634283 -0.632966161 -7.124327183 -0.006720449 0.999856651 -0.015540104 -0.523929119 0.632947445 0.016284432 0.774023592 7.408311844
0.783984363 -0.006114123 -0.620750427 -7.153590202 -0.006666956 0.999810994 -0.018267820 -0.524879098 0.620744765 0.018460199 0.783795357 7.445451260
0.793925345 -0.005082008 -0.607994020 -7.182752132 -0.007628479 0.999803126 -0.018318357 -0.525923848 0.607967496 0.019181479 0.793730140 7.482478142
0.803786457 -0.003827356 -0.594905615 -7.211083889 -0.007519788 0.999834001 -0.016592588 -0.528022528 0.594870389 0.017810464 0.803624272 7.520708084
0.813936472 -0.000889191 -0.580953121 -7.238941193 -0.008748755 0.999866664 -0.013787692 -0.529614806 0.580887914 0.016304925 0.813820124 7.558414459
0.823315501 -0.000336306 -0.567583859 -7.265657902 -0.007882376 0.999896586 -0.012026336 -0.530769706 0.567529261 0.014375382 0.823227763 7.596726418
0.832529545 0.001151076 -0.553979397 -7.292277813 -0.007270562 0.999934375 -0.008848628 -0.532365501 0.553932905 0.011394488 0.832483351 7.635167122
0.840387225 0.002062383 -0.541982532 -7.318255901 -0.007163526 0.999947667 -0.007302563 -0.533505797 0.541939139 0.010019487 0.840358019 7.675577641
0.847271621 0.001472387 -0.531157851 -7.341686726 -0.005811096 0.999962032 -0.006497587 -0.534052610 0.531128168 0.008591832 0.847247958 7.715033531
0.853712857 0.001642225 -0.520741463 -7.366118908 -0.005714774 0.999964356 -0.006215386 -0.535057545 0.520712733 0.008282074 0.853691816 7.755841732
0.860496640 0.002766734 -0.509448588 -7.392110825 -0.006803623 0.999958456 -0.006061212 -0.536321580 0.509410679 0.008681748 0.860479772 7.796550751
0.866980135 0.004602297 -0.498321384 -7.416291237 -0.008561636 0.999947309 -0.005660433 -0.537267745 0.498269081 0.009173930 0.866973937 7.837966919
0.872943699 0.004956714 -0.487795800 -7.439216614 -0.008825801 0.999945104 -0.005633478 -0.537916780 0.487741053 0.009222897 0.872939706 7.878774643
0.878945649 0.005132473 -0.476894289 -7.463640213 -0.008839651 0.999945581 -0.005530319 -0.539119065 0.476839960 0.009076430 0.878943205 7.922548294
0.883763134 0.003579154 -0.467920840 -7.486130714 -0.007563757 0.999949276 -0.006637015 -0.539927602 0.467873394 0.009404789 0.883745432 7.965469360
0.888054311 0.003441606 -0.459725410 -7.507546425 -0.007575060 0.999945700 -0.007146976 -0.540985703 0.459675848 0.009829352 0.888032317 8.008016586
0.891656280 0.004003612 -0.452695310 -7.531579494 -0.007958557 0.999945104 -0.006832199 -0.541860461 0.452643067 0.009694773 0.891639113 8.051786423
0.894655168 0.004950395 -0.446729898 -7.553131104 -0.007301911 0.999967098 -0.003542319 -0.542531669 0.446697652 0.006431135 0.894661844 8.095767975
0.897565663 0.010844918 -0.440747380 -7.574070930 -0.011477827 0.999933362 0.001229940 -0.544325650 0.440731317 0.003954871 0.897630334 8.139294624
0.900906146 0.013083755 -0.433816671 -7.598021507 -0.012827824 0.999911547 0.003517458 -0.544397593 0.433824271 0.002396025 0.900994241 8.186675072
0.904255509 0.015782576 -0.426700085 -7.620472431 -0.014653278 0.999875009 0.005929925 -0.544762492 0.426740408 0.000890387 0.904373705 8.231454849
0.907245636 0.017314076 -0.420244783 -7.641077995 -0.015415486 0.999849916 0.007914070 -0.544800520 0.420318693 -0.000701729 0.907376289 8.277932167
0.910383463 0.018964138 -0.413330555 -7.666138172 -0.016005935 0.999815524 0.010618853 -0.545526326 0.413455665 -0.003051487 0.910519123 8.330793381
0.913897991 0.018608401 -0.405517042 -7.688498020 -0.014955780 0.999814034 0.012174282 -0.545061827 0.405668229 -0.005061229 0.914006352 8.379241943
0.917256534 0.017840149 -0.397896856 -7.710992336 -0.013959307 0.999822617 0.012648292 -0.544491708 0.398051888 -0.006047366 0.917342901 8.430627823
0.920741916 0.017546207 -0.389777422 -7.732595444 -0.013631114 0.999825060 0.012808330 -0.544737816 0.389933944 -0.006480069 0.920819938 8.481574059
0.924532294 0.014919444 -0.380811691 -7.753651619 -0.011127217 0.999864161 0.012158102 -0.544713974 0.380941331 -0.007003183 0.924572647 8.532670975
0.928494453 0.013897863 -0.371086001 -7.774663448 -0.010579052 0.999883771 0.010977666 -0.544822335 0.371195465 -0.006266966 0.928533554 8.583413124
0.932780504 0.011859042 -0.360249758 -7.795886040 -0.009529447 0.999920547 0.008242113 -0.544590414 0.360318899 -0.004255101 0.932819486 8.639577866
0.937681377 0.013735257 -0.347224772 -7.815451622 -0.011974890 0.999902189 0.007215165 -0.544282675 0.347289950 -0.002607547 0.937754214 8.692168236
0.943434596 0.017074903 -0.331118345 -7.834473610 -0.015507584 0.999852538 0.007374981 -0.543632865 0.331195444 -0.001822967 0.943560421 8.747833252
0.949722826 0.021361053 -0.312362343 -7.855584621 -0.018889822 0.999761701 0.010935602 -0.545545697 0.312521547 -0.004485322 0.949900031 8.806614876
0.955989599 0.023333531 -0.292471230 -7.873520374 -0.020917501 0.999716341 0.011385741 -0.544595957 0.292653978 -0.004766881 0.956206560 8.863200188
0.962214530 0.026162976 -0.271032363 -7.890269279 -0.023622165 0.999641240 0.012633150 -0.545594513 0.271265656 -0.005753431 0.962487340 8.920951843
0.967951655 0.027423557 -0.249634653 -7.907212257 -0.024781222 0.999598742 0.013722153 -0.545490742 0.249910802 -0.007096129 0.968242884 8.980613708
0.973217010 0.029014472 -0.228050023 -7.920865059 -0.026044087 0.999532342 0.016024372 -0.545438886 0.228408322 -0.009655835 0.973517597 9.039294243
0.978196144 0.031010501 -0.205354989 -7.936717033 -0.027673062 0.999434471 0.019104879 -0.544840038 0.205831289 -0.013005517 0.978501022 9.101055145
0.982588351 0.032659277 -0.182902902 -7.950103283 -0.029033756 0.999325931 0.022465680 -0.544145823 0.183513314 -0.016764157 0.982874274 9.164510727
0.986450374 0.034687571 -0.160350874 -7.961324215 -0.030989049 0.999194145 0.025509419 -0.543339968 0.161106512 -0.020194653 0.986730337 9.232290268
0.989728987 0.037005544 -0.138083369 -7.970317841 -0.033875283 0.999114573 0.024951784 -0.543102443 0.138884455 -0.020017894 0.990106225 9.293965340
0.992552042 0.036285542 -0.116291173 -7.979020596 -0.033909470 0.999175072 0.022346359 -0.540820420 0.117006093 -0.018236557 0.992963731 9.356723785
0.994850278 0.036388051 -0.094598457 -7.990517139 -0.034579393 0.999187768 0.020689264 -0.539436162 0.095274486 -0.017311564 0.995300531 9.431138992
0.996617436 0.034600373 -0.074541472 -7.993575573 -0.033011768 0.999203026 0.022439737 -0.539865375 0.075258486 -0.019903090 0.996965349 9.496435165
0.997892201 0.035365198 -0.054410346 -7.998628616 -0.034077737 0.999121070 0.024410851 -0.540279508 0.055225808 -0.022505216 0.998220146 9.562911987
0.998742104 0.036992379 -0.033848956 -8.004230499 -0.036164012 0.999038935 0.024766095 -0.537919044 0.034732580 -0.023510829 0.999120116 9.627002716
0.999201655 0.037586372 -0.013539764 -8.004230499 -0.037240237 0.998994291 0.024968823 -0.539043725 0.014464635 -0.024444664 0.999596536 9.705653191
0.999251127 0.037992299 0.007325499 -8.006630898 -0.038161870 0.998968899 0.024594646 -0.536183476 -0.006383540 -0.024855789 0.999670625 9.777044296
0.998860061 0.039597757 0.026659070 -8.003074646 -0.040220749 0.998920262 0.023252789 -0.535947084 -0.025709523 -0.024298530 0.999374032 9.841045380
0.998046637 0.040933140 0.047194116 -8.000565529 -0.042032443 0.998861969 0.022540541 -0.536373675 -0.046217754 -0.024480201 0.998631358 9.919898033
0.996925533 0.040947840 0.066804126 -7.996505737 -0.042355087 0.998906732 0.019786119 -0.535352170 -0.065920889 -0.022554785 0.997569919 9.991908073
0.995436072 0.043046102 0.085170463 -7.991089821 -0.044621427 0.998864651 0.016678769 -0.535181999 -0.084355816 -0.020403080 0.996226728 10.062325478
0.993593633 0.042925932 0.104542144 -7.984777927 -0.044662084 0.998899460 0.014322168 -0.533822179 -0.103812285 -0.018899485 0.994417310 10.140416145
0.991431594 0.043402921 0.123205632 -7.976465225 -0.045077037 0.998924732 0.010831751 -0.533698022 -0.122603022 -0.016292686 0.992322087 10.215232849
0.988937736 0.044447303 0.141515747 -7.966099739 -0.045610778 0.998946846 0.004986873 -0.533595860 -0.141145051 -0.011386350 0.989923418 10.285480499
0.986106098 0.046115052 0.159587339 -7.955835342 -0.046444647 0.998919487 -0.001666011 -0.535319865 -0.159491763 -0.005769114 0.987182379 10.368938446
0.983151317 0.047624603 0.176480010 -7.941663265 -0.047095295 0.998864591 -0.007189008 -0.535975516 -0.176621974 -0.001243495 0.984277904 10.448324203
0.979597509 0.050647601 0.194482461 -7.930356503 -0.049361371 0.998715341 -0.011457405 -0.537250817 -0.194812894 0.001623726 0.980839074 10.519773483
0.975913823 0.052331094 0.211786851 -7.913129330 -0.050301075 0.998621881 -0.014965380 -0.539893806 -0.212278128 0.003951815 0.977201283 10.606946945
0.971902490 0.052689157 0.229411125 -7.896147728 -0.050652329 0.998607159 -0.014762382 -0.542824388 -0.229869410 0.002727389 0.973217607 10.685685158
0.967737019 0.051708072 0.246599481 -7.876951694 -0.049370117 0.998657703 -0.015658516 -0.545365810 -0.247078165 0.002978682 0.968990982 10.761270523
0.963439763 0.051615153 0.262906313 -7.854392052 -0.047688395 0.998635232 -0.021299636 -0.548139095 -0.263646930 0.007983335 0.964586198 10.849654198
0.959085464 0.052238159 0.278255969 -7.831532478 -0.046907999 0.998566449 -0.025783801 -0.550334692 -0.279203981 0.011676440 0.960160851 10.927046776
0.953512371 0.055056974 0.296281457 -7.811679840 -0.049518075 0.998430252 -0.026172552 -0.553117812 -0.297257304 0.010284569 0.954742014 11.003648758
0.948098361 0.056832775 0.312856942 -7.782192230 -0.050816547 0.998333216 -0.027357405 -0.557349443 -0.313890338 0.010039200 0.949406207 11.093770981
0.942127228 0.060284756 0.329791248 -7.754992485 -0.052879002 0.998107374 -0.031389356 -0.559510827 -0.331059426 0.012133732 0.943531930 11.172331810
0.935875058 0.061477430 0.346926779 -7.726118565 -0.052645732 0.998005509 -0.034834385 -0.565156460 -0.348376423 0.014336421 0.937245071 11.251913071
0.929178596 0.062981486 0.364225805 -7.695279121 -0.052844811 0.997889221 -0.037741102 -0.569380999 -0.365833998 0.015820777 0.930545628 11.341574669
0.922703147 0.063103639 0.380311400 -7.656122208 -0.050420411 0.997791886 -0.043230966 -0.573978007 -0.382199764 0.020713890 0.923847556 11.418549538
0.913986683 0.066375092 0.400278211 -7.630636215 -0.050579347 0.997472048 -0.049911402 -0.576781690 -0.402579188 0.025372550 0.915033460 11.502561569
0.903935432 0.070390396 0.421836376 -7.594459057 -0.052268364 0.997150958 -0.054387514 -0.582424045 -0.424462914 0.027114097 0.905039370 11.590656281
0.892474055 0.073349774 0.445095360 -7.557281971 -0.053980384 0.996967196 -0.056058168 -0.588653326 -0.447857350 0.026004039 0.893726826 11.669000626
0.879315197 0.078127809 0.469788104 -7.517486572 -0.056786191 0.996614635 -0.059453130 -0.593333244 -0.472842604 0.025600562 0.880774915 11.747678757
0.865628600 0.082250990 0.493884474 -7.472529411 -0.058703776 0.996283650 -0.063030206 -0.601719856 -0.497233331 0.025567861 0.867239952 11.828151703
0.850863218 0.085897207 0.518317938 -7.428687096 -0.059756167 0.995964706 -0.066959411 -0.608138740 -0.521977961 0.026000600 0.852562547 11.907460213
0.836166739 0.087393679 0.541467845 -7.379833698 -0.059144903 0.995834529 -0.069394037 -0.616832733 -0.545276999 0.025999919 0.837852538 11.984457970
0.820760131 0.088808060 0.564327836 -7.330929756 -0.058204364 0.995701969 -0.072040617 -0.624997854 -0.568300128 0.026281733 0.822401524 12.062117577
0.804737926 0.091110162 0.586596727 -7.278338432 -0.056143265 0.995403707 -0.077584445 -0.633111835 -0.590969324 0.029501686 0.806154370 12.137290955
0.789168179 0.093013398 0.607093155 -7.223190308 -0.053217389 0.995103955 -0.083282970 -0.640900850 -0.611867249 0.033416357 0.790254354 12.210164070
0.772548139 0.095357120 0.627754986 -7.166352272 -0.051863063 0.994831800 -0.087291360 -0.649486840 -0.632834554 0.034879476 0.773500979 12.289173126
0.756708205 0.097193599 0.646487534 -7.107686996 -0.050051037 0.994597375 -0.090944491 -0.658505857 -0.651834071 0.036461063 0.757484674 12.361461639
0.741156518 0.097523034 0.664211035 -7.048183441 -0.047536828 0.994532585 -0.092978895 -0.668421566 -0.669647157 0.037337430 0.741740286 12.430762291
0.726004243 0.098205559 0.680641890 -6.982253075 -0.045654353 0.994450271 -0.094785906 -0.679256558 -0.686173081 0.037740711 0.726458609 12.502553940
0.710661829 0.098677725 0.696579099 -6.924016953 -0.042227108 0.994312406 -0.097773939 -0.687800765 -0.702265382 0.040069684 0.710786760 12.568879128
0.696264625 0.100026697 0.710781336 -6.855006218 -0.039567731 0.994085371 -0.101135850 -0.699582696 -0.716693759 0.042293310 0.696104407 12.638420105
