0.999795496 -0.006980554 0.018981278 0.002522866 0.006978487 0.999975622 0.000175070 -0.000818732 -0.018982045 -0.000042573 0.999819815 0.043531992
0.999824345 -0.008350434 0.016779654 0.002770935 0.008371100 0.999964297 -0.001161763 -0.000932927 -0.016769357 0.001302023 0.999858499 0.058680587
0.999891520 -0.010951713 0.009841439 0.003161870 0.010977424 0.999936461 -0.002562326 -0.001096680 -0.009812752 0.002670083 0.999948204 0.074375391
0.999917984 -0.012603472 -0.002281475 0.002715348 0.012593118 0.999910593 -0.004498304 -0.001331532 0.002337965 0.004469204 0.999987245 0.090002887
0.999748886 -0.011987716 -0.018929081 0.001756784 0.011896996 0.999917209 -0.004898064 -0.001482478 0.018986231 0.004671636 0.999808848 0.107072517
0.999227583 -0.007664730 -0.038541131 0.000182291 0.007490893 0.999961078 -0.004652854 -0.001963447 0.038575299 0.004360553 0.999246180 0.124868967
0.998250306 -0.003983285 -0.058994778 -0.001179177 0.003651934 0.999976933 -0.005723353 -0.002242052 0.059016224 0.005497894 0.998241901 0.140401155
0.996824324 -0.003647444 -0.079548717 -0.003093098 0.003183144 0.999977112 -0.005962697 -0.002459651 0.079568662 0.005690547 0.996813178 0.159601092
0.994889140 -0.005464022 -0.100824200 -0.005193155 0.004959680 0.999973893 -0.005252181 -0.002810947 0.100850254 0.004725282 0.994890332 0.175989881
0.992680967 -0.006760647 -0.120577164 -0.008172455 0.006310465 0.999971688 -0.004115006 -0.003269357 0.120601572 0.003323990 0.992695391 0.196035609
0.990331173 -0.005668404 -0.138608068 -0.011306297 0.005178349 0.999979019 -0.003895903 -0.003146982 0.138627276 0.003140474 0.990339577 0.214126199
0.987985492 -0.004688203 -0.154475257 -0.015057620 0.004301424 0.999986768 -0.002837969 -0.003614288 0.154486507 0.002139409 0.987992525 0.235343277
0.985790849 -0.003592714 -0.167938739 -0.019188825 0.003106617 0.999990106 -0.003157128 -0.003882777 0.167948440 0.002590546 0.985792398 0.254435092
0.983644962 -0.005321827 -0.180039078 -0.023794029 0.004722666 0.999981701 -0.003756425 -0.004278006 0.180055797 0.002844726 0.983652294 0.276536196
0.981888354 -0.009053905 -0.189243928 -0.028731456 0.008003617 0.999947965 -0.006313436 -0.004522413 0.189291269 0.004684453 0.981909811 0.297251374
0.980334520 -0.008228918 -0.197171524 -0.033536758 0.006715680 0.999942660 -0.008342141 -0.004818656 0.197228849 0.006853947 0.980333567 0.321287662
0.978759527 -0.007292199 -0.204882011 -0.039412692 0.005370216 0.999936342 -0.009935397 -0.005229135 0.204941407 0.008624105 0.978736222 0.343174785
0.977081776 -0.008773503 -0.212683707 -0.045268800 0.006084006 0.999893069 -0.013296717 -0.005221147 0.212777629 0.011698009 0.977030635 0.367969066
0.975222230 -0.012305879 -0.220884800 -0.051815901 0.009522760 0.999861419 -0.013660348 -0.006303618 0.221022278 0.011218444 0.975204229 0.391479939
0.973391771 -0.018089922 -0.228431851 -0.058109839 0.015029181 0.999772549 -0.015131541 -0.007071039 0.228653640 0.011295777 0.973442256 0.417171210
0.971559942 -0.018762108 -0.236049458 -0.067378744 0.014899516 0.999724507 -0.018136738 -0.006931489 0.236324698 0.014103904 0.971571803 0.442656249
0.969460249 -0.015190528 -0.244777530 -0.075175799 0.009928652 0.999692678 -0.022716247 -0.007271824 0.245047346 0.019592188 0.969313204 0.470024407
0.967695713 -0.010179867 -0.251915455 -0.085647210 0.003773699 0.999657333 -0.025899913 -0.008370802 0.252092868 0.024112577 0.967402518 0.495432138
0.965578556 -0.012865031 -0.259793490 -0.094026506 0.005909907 0.999603331 -0.027535133 -0.009391502 0.260044694 0.025051976 0.965271473 0.524049282
0.963373899 -0.013128965 -0.267839909 -0.104838036 0.005210884 0.999528706 -0.030252196 -0.010467300 0.268110842 0.027748497 0.962988317 0.551227808
0.961072803 -0.012705159 -0.276003033 -0.113229848 0.003870334 0.999463260 -0.032531045 -0.011545623 0.276268214 0.030196480 0.960606039 0.580237329
0.959504485 -0.010049076 -0.281513721 -0.128506050 0.000000723 0.999363542 -0.035671391 -0.013948794 0.281692982 0.034226663 0.958893895 0.609585285
0.957266748 -0.010479434 -0.289016336 -0.138258755 -0.001267610 0.999181688 -0.040427819 -0.015545290 0.289203465 0.039066572 0.956470132 0.640310168
0.956189871 -0.010705013 -0.292551517 -0.153365284 -0.003818407 0.998790145 -0.049027894 -0.016567225 0.292722315 0.047997061 0.954992115 0.670588732
0.954949319 -0.011490273 -0.296546429 -0.163450733 -0.005740482 0.998348176 -0.057168655 -0.018311689 0.296713412 0.056295492 0.953305781 0.701161385
0.953582168 -0.011001581 -0.300932169 -0.173731431 -0.009098438 0.997823656 -0.065309562 -0.020579867 0.300995708 0.065016031 0.951406658 0.733443618
0.951855779 -0.016216164 -0.306117088 -0.187414363 -0.007002693 0.997188985 -0.074599363 -0.020184122 0.306466311 0.073151462 0.949066520 0.766242325
0.950817347 -0.015237053 -0.309377044 -0.200762153 -0.010517076 0.996625423 -0.081406981 -0.023291171 0.309573472 0.080656908 0.947448492 0.799842894
0.949087620 -0.013715689 -0.314713597 -0.211216629 -0.014792223 0.996009231 -0.088016756 -0.026438143 0.314664811 0.088190921 0.945097029 0.832434475
0.947631896 -0.012633629 -0.319114625 -0.226692915 -0.018341376 0.995415092 -0.093874037 -0.028339241 0.318837494 0.094811052 0.943055391 0.864639282
0.945933044 -0.010948405 -0.324176788 -0.239334017 -0.022381905 0.994844794 -0.098908231 -0.032539051 0.323588431 0.100816272 0.940811694 0.900183082
0.944372118 -0.008315773 -0.328773558 -0.252995461 -0.026594756 0.994475365 -0.101544619 -0.036733884 0.327801615 0.104639560 0.938933790 0.933809102
0.944815040 -0.004132681 -0.327578068 -0.280689418 -0.033153217 0.993580878 -0.108156852 -0.034864806 0.325922281 0.113048479 0.938613176 0.972717285
0.942648172 -0.004793190 -0.333753616 -0.294459969 -0.032979481 0.993666887 -0.107417211 -0.038396083 0.332154810 0.112263665 0.936520159 1.009417176
0.940489054 -0.003738145 -0.339803427 -0.307143420 -0.033994567 0.993888676 -0.105021954 -0.043608256 0.338119298 0.110323489 0.934614301 1.043556571
0.937660217 -0.004896200 -0.347518712 -0.321844280 -0.032202937 0.994375408 -0.100898355 -0.047937721 0.346058130 0.105799511 0.932228625 1.077265739
0.934603035 -0.003161570 -0.355678231 -0.336288929 -0.033906430 0.994614899 -0.097935736 -0.052063111 0.354072511 0.103590809 0.929463029 1.113682270
0.931323767 -0.001560744 -0.364189029 -0.351050377 -0.034401294 0.995142579 -0.092237569 -0.055851258 0.362563938 0.098431617 0.926746249 1.150493860
0.927530169 0.001150361 -0.373746544 -0.375395477 -0.036812898 0.995413780 -0.088295050 -0.057219181 0.371930957 0.095655032 0.923318624 1.200490355
0.924105048 0.004642577 -0.382110476 -0.391567916 -0.039955497 0.995619297 -0.084532715 -0.061027203 0.380044103 0.093384527 0.920242190 1.236774683
0.920323908 0.005885026 -0.391112924 -0.407859802 -0.041527554 0.995705783 -0.082735829 -0.064552188 0.388946533 0.092385717 0.916616201 1.273444414
0.920194268 0.007643295 -0.391387314 -0.461670101 -0.047327489 0.994647682 -0.091847844 -0.056694530 0.388590544 0.103041247 0.915630817 1.336633801
0.916459024 0.007165451 -0.400064439 -0.478815138 -0.047110695 0.994817615 -0.090102233 -0.060743466 0.397345603 0.101422325 0.912047088 1.374223232
0.912712455 0.006839551 -0.408545107 -0.495929390 -0.047286898 0.994909823 -0.088985570 -0.063730843 0.405856848 0.100537077 0.908390045 1.411978960
0.905883729 0.005748025 -0.423487365 -0.495654553 -0.043587651 0.995863736 -0.079721630 -0.073527142 0.421277404 0.090677343 0.902387321 1.441983223
0.902405500 0.005524298 -0.430852354 -0.515388012 -0.042064056 0.996271253 -0.075327754 -0.077398419 0.428829640 0.086099595 0.899273038 1.480136156
0.898469627 0.006830906 -0.438982517 -0.533706307 -0.041595582 0.996705770 -0.069624558 -0.080341972 0.437060773 0.080815300 0.895793915 1.519879937
0.894458473 0.008381662 -0.447072357 -0.552512646 -0.041802902 0.997012973 -0.064943247 -0.084614694 0.445192695 0.076777957 0.892137051 1.558002949
0.891174674 0.008696889 -0.453577012 -0.572972894 -0.041747533 0.997146070 -0.062905028 -0.088207752 0.451735437 0.074995093 0.888994277 1.596814394
0.887669027 0.006542938 -0.460435510 -0.593447328 -0.039417315 0.997308612 -0.061820157 -0.091163777 0.458791852 0.073024973 0.885537922 1.636195183
0.884193361 0.006435325 -0.467076451 -0.610767663 -0.038892888 0.997447371 -0.059883010 -0.093834996 0.465498745 0.071114123 0.882186890 1.675158024
0.881504714 0.001455337 -0.472172797 -0.640139878 -0.033237085 0.997705936 -0.058975562 -0.096078001 0.471003741 0.067680895 0.879530966 1.721228719
0.878596425 0.004170731 -0.477546841 -0.654113531 -0.036127303 0.997676969 -0.057754099 -0.100861885 0.476196617 0.067995012 0.876706123 1.755164862
0.876664877 0.003894217 -0.481085896 -0.677674592 -0.036872398 0.997569919 -0.059116229 -0.102516115 0.479686648 0.069563910 0.874677956 1.796050310
0.875539184 0.005138615 -0.483119667 -0.701561928 -0.037878070 0.997595787 -0.058034223 -0.107177094 0.481659979 0.069110878 0.873628855 1.836977243
0.874162734 0.002484403 -0.485626727 -0.723554730 -0.034907188 0.997721672 -0.057731207 -0.109551504 0.484376907 0.067418344 0.872257888 1.882667303
0.874100685 0.002424575 -0.485738844 -0.747008085 -0.033967655 0.997844636 -0.056144990 -0.112529770 0.484555781 0.065575786 0.872299016 1.924720764
0.873522341 0.001346952 -0.486782134 -0.770846426 -0.032164600 0.997970581 -0.054957397 -0.116486467 0.485720217 0.063663676 0.871792912 1.968473077
0.872730315 -0.000652903 -0.488202095 -0.795274258 -0.030231284 0.998007715 -0.055377398 -0.119585626 0.487265646 0.063088514 0.870971918 2.012259483
0.871522009 -0.003617234 -0.490342945 -0.821070910 -0.027620049 0.998023093 -0.056453485 -0.121976458 0.489577711 0.062743753 0.869699299 2.059104919
0.870211899 -0.003706035 -0.492663771 -0.846748173 -0.026643904 0.998154402 -0.054570757 -0.125448912 0.491956681 0.060614608 0.868507028 2.103330851
0.867785752 -0.003275263 -0.496927679 -0.871833861 -0.025058970 0.998417556 -0.050341111 -0.128911003 0.496306211 0.056137800 0.866330564 2.148794889
0.865082026 -0.003821130 -0.501615882 -0.897790909 -0.022450240 0.998673975 -0.046325006 -0.132043913 0.501127839 0.051336326 0.863849163 2.193070173
0.860826969 -0.004560775 -0.508877158 -0.924961805 -0.020454083 0.998841763 -0.043552585 -0.136068776 0.508486450 0.047899853 0.859736621 2.240521908
0.855634570 -0.007331111 -0.517528415 -0.951556802 -0.019425377 0.998740375 -0.046263926 -0.138902292 0.517215788 0.049638201 0.854414344 2.284244776
0.849320114 -0.012238105 -0.527736306 -0.979076505 -0.015785541 0.998695314 -0.048564244 -0.142720640 0.527642071 0.049577199 0.848018765 2.330528259
0.843270421 -0.012009074 -0.537355542 -1.008921385 -0.016406899 0.998709321 -0.048066925 -0.145667255 0.537239194 0.049349748 0.841984868 2.375869989
0.837523520 -0.008791782 -0.546330690 -1.037231445 -0.017495787 0.998926342 -0.042896144 -0.148615941 0.546121120 0.045485012 0.836470366 2.419826269
0.832796216 -0.003851517 -0.553566158 -1.067742825 -0.020549452 0.999071538 -0.037866205 -0.151920930 0.553197980 0.042910323 0.831943870 2.464147806
0.828342497 -0.003691039 -0.560209930 -1.096826673 -0.022597546 0.998944283 -0.039995093 -0.154201329 0.559766114 0.045789003 0.827384531 2.507797241
0.824539065 -0.007055692 -0.565761149 -1.126419306 -0.021461591 0.998812616 -0.043734416 -0.157528192 0.565397918 0.048202869 0.823408544 2.551255941
0.822058618 -0.009060383 -0.569330812 -1.159005404 -0.024432665 0.998391151 -0.051166907 -0.159791559 0.568878412 0.055972464 0.820514679 2.596104622
0.818127930 -0.009979354 -0.574949622 -1.186862111 -0.024733787 0.998313367 -0.052522723 -0.163514107 0.574504077 0.057190981 0.816501260 2.638378859
0.815015793 -0.007746746 -0.579386890 -1.217180252 -0.025053164 0.998504341 -0.048592541 -0.166618675 0.578896880 0.054119159 0.813602865 2.679671049
0.811728239 -0.005681017 -0.584007740 -1.249373555 -0.023866875 0.998794675 -0.042889133 -0.170311600 0.583547533 0.048752759 0.810614228 2.724924803
0.808922708 -0.003149430 -0.587906599 -1.281583786 -0.025655622 0.998843908 -0.040651351 -0.172022834 0.587355077 0.047966909 0.807906687 2.768560648
0.805122554 -0.003700517 -0.593096912 -1.313301802 -0.025347309 0.998852253 -0.040640857 -0.175819129 0.592566669 0.047754277 0.804104626 2.813386679
0.801263511 -0.005855922 -0.598282993 -1.345745206 -0.024192913 0.998817205 -0.042177182 -0.178773642 0.597822368 0.048269242 0.800173938 2.856828451
0.797522187 -0.007846530 -0.603238583 -1.377280116 -0.023788031 0.998728812 -0.044440191 -0.182015076 0.602820396 0.049791899 0.796321750 2.897615671
0.793487132 -0.009030080 -0.608520031 -1.410572767 -0.022710796 0.998754203 -0.044434950 -0.185347572 0.608162940 0.049078539 0.792293489 2.939295053
0.788667738 -0.009528363 -0.614745796 -1.443366051 -0.021947285 0.998806238 -0.043637734 -0.188158646 0.614427745 0.047907673 0.787517190 2.982811451
0.784111619 -0.008581225 -0.620560586 -1.478089809 -0.023358630 0.998787880 -0.043326311 -0.190901160 0.620180190 0.048468102 0.782960653 3.025541067
0.778252840 -0.010997420 -0.627854705 -1.511191845 -0.021465197 0.998796523 -0.044101808 -0.193972543 0.627584040 0.047799397 0.777079999 3.067223787
0.772891819 -0.012301988 -0.634418607 -1.546504974 -0.021118131 0.998759508 -0.045094460 -0.196593896 0.634186208 0.048250873 0.771673262 3.110298634
0.766876400 -0.014551712 -0.641629815 -1.579700708 -0.018835872 0.998802006 -0.045164775 -0.200324729 0.641518354 0.046721451 0.765683532 3.150401592
0.761457860 -0.016027577 -0.648016155 -1.616370440 -0.018781537 0.998729050 -0.046771295 -0.203387246 0.647942305 0.047785107 0.760189116 3.192625999
0.755354583 -0.018068915 -0.655067205 -1.651951671 -0.017254135 0.998724878 -0.047443759 -0.206413761 0.655089319 0.047139477 0.754079461 3.233345985
0.749190032 -0.018840265 -0.662087083 -1.688392520 -0.016412033 0.998760402 -0.046991762 -0.210086241 0.662151814 0.046071958 0.747952163 3.274487257
0.742757142 -0.018606622 -0.669302404 -1.723961711 -0.015786635 0.998849213 -0.045287225 -0.213311166 0.669374824 0.044203438 0.741608620 3.314650536
0.736200809 -0.019638713 -0.676478148 -1.761565924 -0.014069786 0.998918653 -0.044311367 -0.216577053 0.676616848 0.042139970 0.735128522 3.355676889
0.729537725 -0.021150853 -0.683613300 -1.798635006 -0.013683681 0.998870194 -0.045507766 -0.219568938 0.683803618 0.042553980 0.728424072 3.395771503
0.722692430 -0.022221936 -0.690812409 -1.836763859 -0.014127213 0.998799264 -0.046908364 -0.222783312 0.691025317 0.043659572 0.721510708 3.436191320
0.716812313 -0.021930480 -0.696921110 -1.876187205 -0.014947467 0.998792231 -0.046803739 -0.225841343 0.697106004 0.043966699 0.715618730 3.475968122
0.711109936 -0.022156572 -0.702731550 -1.915530682 -0.014342427 0.998838186 -0.046005998 -0.228786036 0.702934563 0.042794198 0.709966004 3.515988111
0.705989003 -0.021361852 -0.707900524 -1.954934478 -0.015809938 0.998820543 -0.045908011 -0.231735021 0.708046317 0.043602407 0.704818606 3.556358814
0.701064110 -0.022819791 -0.712732971 -1.996663332 -0.015239014 0.998780072 -0.046967767 -0.235002741 0.712935507 0.043788761 0.699861169 3.596514225
0.696019709 -0.024114439 -0.717617750 -2.035751820 -0.016738076 0.998619318 -0.049791392 -0.238046750 0.717827559 0.046667315 0.694655180 3.634184837
0.691033244 -0.026283495 -0.722345054 -2.077822208 -0.016699599 0.998491406 -0.052307166 -0.241645306 0.722630024 0.048208855 0.689551830 3.673584461
0.685679138 -0.027379565 -0.727388799 -2.117612839 -0.016136706 0.998474956 -0.052794892 -0.244916990 0.727725089 0.047938008 0.684191585 3.712218285
0.680839121 -0.026470251 -0.731954634 -2.160647392 -0.016516019 0.998537838 -0.051473536 -0.248578951 0.732246816 0.047134168 0.679406345 3.751426697
0.675466120 -0.027215352 -0.736888647 -2.201849699 -0.014903792 0.998610675 -0.050542995 -0.251725376 0.737240374 0.045122508 0.674122155 3.789958715
0.670042634 -0.028926339 -0.741758764 -2.246516943 -0.014002414 0.998570263 -0.051589821 -0.254871666 0.742190480 0.044953793 0.668679714 3.830275536
0.665362179 -0.029285545 -0.745946050 -2.288356543 -0.013160604 0.998614728 -0.050944101 -0.259001702 0.746404648 0.043713380 0.664055109 3.867409229
0.661342919 -0.029728105 -0.749494374 -2.333734512 -0.012440014 0.998642206 -0.050587241 -0.262582928 0.749980569 0.042779237 0.660075068 3.906313896
0.657226443 -0.030424248 -0.753078818 -2.377637625 -0.011918042 0.998640478 -0.050745994 -0.265908062 0.753598928 0.042326834 0.655970275 3.944372177
0.653128505 -0.033601031 -0.756501198 -2.423146725 -0.008831446 0.998609126 -0.051979247 -0.269741416 0.757195532 0.040630132 0.651923358 3.983940125
0.648895383 -0.037645739 -0.759945810 -2.465252638 -0.006325939 0.998473883 -0.054863345 -0.273514569 0.760851383 0.040407937 0.647666872 4.019494534
0.644772828 -0.041928567 -0.763223529 -2.510805607 -0.002409839 0.998378038 -0.056882884 -0.276700646 0.764370561 0.038515780 0.643625736 4.056554794
0.637368441 -0.045397699 -0.769220889 -2.554579735 0.002648207 0.998386085 -0.056728251 -0.280929238 0.770554662 0.034119740 0.636459947 4.094402313
0.629077792 -0.049075197 -0.775791764 -2.601349831 0.007155171 0.998328328 -0.057350442 -0.284881443 0.777309418 0.030526968 0.628377378 4.132409573
0.619907737 -0.050107218 -0.783073187 -2.646109581 0.010141888 0.998387337 -0.055856045 -0.288694501 0.784609199 0.026683759 0.619416237 4.167975903
0.610970140 -0.048685525 -0.790155292 -2.695238590 0.010245901 0.998509884 -0.053600919 -0.292396545 0.791587412 0.024652705 0.610558510 4.205745220
0.601854444 -0.048294362 -0.797144175 -2.744486570 0.009964051 0.998546243 -0.052973151 -0.297074080 0.798543751 0.023939345 0.601460695 4.242589951
0.592610240 -0.049958151 -0.803938687 -2.788031578 0.009092041 0.998425961 -0.055341903 -0.299538970 0.805438042 0.025486736 0.592131853 4.274578094
0.582481384 -0.052172448 -0.811167955 -2.838837385 0.009718905 0.998313665 -0.057230301 -0.304044276 0.812785983 0.025451925 0.582006276 4.310758591
0.572563410 -0.053724434 -0.818098247 -2.890944481 0.009220052 0.998209596 -0.059099477 -0.307409406 0.819808662 0.026295295 0.572033703 4.347419739
0.563003361 -0.053996984 -0.824688733 -2.935421944 0.011904420 0.998289645 -0.057236623 -0.311789900 0.826368868 0.022406973 0.562683165 4.376700401
0.552561641 -0.054538723 -0.831685722 -2.987252712 0.013515944 0.998311877 -0.056485597 -0.315709293 0.833362520 0.019970752 0.552365959 4.411682606
0.542504132 -0.054561362 -0.838279426 -3.040858984 0.014168104 0.998340845 -0.055810247 -0.321161896 0.839933693 0.018400459 0.542376995 4.444702148
0.532124519 -0.055225056 -0.844863296 -3.086117506 0.012563669 0.998275638 -0.057339940 -0.324327528 0.846572876 0.019897399 0.531900823 4.473894596
0.522211552 -0.055450242 -0.851011455 -3.140879393 0.011271451 0.998245537 -0.058127165 -0.329084605 0.852741480 0.020762540 0.521920443 4.506539345
0.512446702 -0.056669783 -0.856847227 -3.194269657 0.009189287 0.998124778 -0.060517799 -0.332259804 0.858669937 0.023138329 0.512006521 4.538906574
0.502179861 -0.055756431 -0.862963855 -3.242820740 0.009059683 0.998203695 -0.059222285 -0.337889701 0.864715755 0.021922056 0.501782894 4.567886353
0.493759960 -0.054270260 -0.867903113 -3.298593283 0.009002254 0.998316169 -0.057303544 -0.341587961 0.869551599 0.020481117 0.493417144 4.598815918
0.485546976 -0.052666582 -0.872622728 -3.356350183 0.008523103 0.998421311 -0.055516638 -0.345771611 0.874169111 0.019518483 0.485229284 4.630479336
0.477337211 -0.052714337 -0.877137601 -3.403197289 0.009740244 0.998455048 -0.054704659 -0.350359619 0.878666222 0.017569035 0.477113128 4.657411575
0.469697386 -0.055645350 -0.881071985 -3.459967375 0.009936466 0.998281598 -0.057750769 -0.354182810 0.882771611 0.018370643 0.469443113 4.687390327
0.461290061 -0.060315553 -0.885196865 -3.511099815 0.015974104 0.998089612 -0.059683483 -0.358400524 0.887105465 0.013391168 0.461372286 4.716330528
0.455174595 -0.063453667 -0.888138354 -3.568439007 0.017260829 0.997898817 -0.062449340 -0.362630457 0.890234828 0.013095343 0.455313444 4.745655060
0.449631721 -0.066159502 -0.890760481 -3.620113850 0.018529743 0.997729361 -0.064751104 -0.367924869 0.893021822 0.012608587 0.449836642 4.772147655
0.444626987 -0.067496337 -0.893169045 -3.676623106 0.021908166 0.997677982 -0.064487949 -0.372320503 0.895447850 0.009105386 0.445073277 4.800635338
0.439670980 -0.064331882 -0.895852029 -3.733039379 0.023130430 0.997911692 -0.060308807 -0.377692312 0.897861004 0.005794590 0.440240890 4.829834461
0.435453176 -0.062083352 -0.898068190 -3.784954548 0.025808504 0.998070002 -0.056482516 -0.381985128 0.899841309 0.001417697 0.436215043 4.855857372
0.432199627 -0.062115304 -0.899636149 -3.841926098 0.026487032 0.998068988 -0.056186784 -0.385993510 0.901388705 0.000455218 0.433010280 4.883126259
0.428641737 -0.062279098 -0.901325464 -3.893715382 0.029363185 0.998054683 -0.054998603 -0.389744163 0.902997255 -0.002891091 0.429636598 4.908648491
0.425442070 -0.061314926 -0.902906239 -3.949911118 0.031590614 0.998100281 -0.052894164 -0.394373387 0.904434144 -0.006019959 0.426570803 4.935528278
0.422946632 -0.060776722 -0.904114127 -4.002427101 0.033312201 0.998116612 -0.051512271 -0.397982866 0.905542076 -0.008331087 0.424174607 4.961113930
0.420769632 -0.061354283 -0.905090272 -4.059105873 0.035150073 0.998063624 -0.051315751 -0.402444154 0.906486213 -0.010221878 0.422111481 4.987361431
0.417027980 -0.062616363 -0.906734228 -4.109065056 0.038489744 0.997945786 -0.051212847 -0.405261427 0.908078253 -0.013542777 0.418581307 5.012698650
0.415052176 -0.060470980 -0.907785833 -4.162814617 0.041072045 0.998016834 -0.047702905 -0.410229623 0.908870101 -0.017485421 0.416712672 5.037620544
0.412506700 -0.060698591 -0.908930063 -4.213717461 0.043487724 0.997952163 -0.046907142 -0.413178921 0.909915984 -0.020177789 0.414301544 5.061218262
0.410714388 -0.060772542 -0.909736454 -4.267459869 0.044244424 0.997929037 -0.046689209 -0.417869747 0.910689890 -0.021074831 0.412552744 5.085875511
0.409216613 -0.063286386 -0.910239816 -4.318067551 0.047393683 0.997719347 -0.048061807 -0.420650065 0.911205471 -0.023471933 0.411282718 5.108873367
0.409322709 -0.064024784 -0.910140455 -4.371733189 0.046255339 0.997708380 -0.049382139 -0.424580067 0.911216378 -0.021885626 0.411346167 5.131641865
0.408676624 -0.064823471 -0.910374284 -4.418456078 0.046893012 0.997648299 -0.049987078 -0.428557634 0.911473691 -0.022261648 0.410755336 5.154335976
0.412328750 -0.064185411 -0.908771276 -4.471065044 0.043815341 0.997757852 -0.050590478 -0.432384700 0.909980893 -0.018958215 0.414216638 5.176663876
0.414128095 -0.064366780 -0.907939911 -4.516158104 0.042032208 0.997784734 -0.051564507 -0.435952634 0.909247637 -0.016808402 0.415916175 5.199795723
0.419744343 -0.063473679 -0.905420184 -4.568460464 0.039829466 0.997878909 -0.051490832 -0.440902740 0.906767964 -0.014449414 0.421382189 5.223274231
0.423453420 -0.066658959 -0.903462052 -4.611695290 0.042722955 0.997649133 -0.053583935 -0.442527622 0.904909849 -0.015908279 0.425305694 5.245715141
0.430678129 -0.064639777 -0.900187731 -4.662254333 0.040495034 0.997811437 -0.052275721 -0.446797729 0.901596606 -0.013939132 0.432353079 5.270133972
0.438043624 -0.063518077 -0.896706879 -4.705915451 0.039265472 0.997900546 -0.051504839 -0.449780643 0.898095727 -0.012648246 0.439618081 5.291636467
0.447263300 -0.061995849 -0.892251015 -4.756188393 0.037994754 0.998011410 -0.050298497 -0.453897476 0.893594861 -0.011404190 0.448729336 5.316082001
0.456549257 -0.061681073 -0.887557447 -4.798435211 0.036935218 0.998047829 -0.050360598 -0.457079649 0.888931155 -0.009790031 0.457936227 5.338205338
0.466129184 -0.061208557 -0.882596850 -4.845710754 0.035115816 0.998097718 -0.050672766 -0.461251736 0.884019494 -0.007373052 0.467391908 5.363552570
0.475472391 -0.063776575 -0.877415836 -4.887692451 0.033887815 0.997956276 -0.054174442 -0.463955522 0.879077733 -0.003975254 0.476661861 5.387071609
0.486553878 -0.063772462 -0.871319950 -4.935230732 0.032044657 0.997963846 -0.055147551 -0.468588233 0.873062670 -0.001088895 0.487606764 5.413948059
0.498207211 -0.062124118 -0.864829600 -4.976179600 0.029630242 0.998067200 -0.054625843 -0.471563667 0.866551578 0.001589878 0.499084949 5.438395977
0.511240423 -0.060318496 -0.857318461 -5.021525383 0.028963353 0.998176634 -0.052957311 -0.474854052 0.858949482 0.002243101 0.512055278 5.464963913
0.524236917 -0.056514367 -0.849695146 -5.062628746 0.025973307 0.998392344 -0.050379641 -0.478437245 0.851176322 0.004341476 0.524861991 5.489601135
0.537660122 -0.057303075 -0.841212273 -5.107999802 0.026984390 0.998346210 -0.050759930 -0.481020987 0.842729867 0.004591991 0.538317263 5.516448975
0.545959771 -0.056791786 -0.835884392 -5.145578861 0.026248194 0.998369515 -0.050687324 -0.484825313 0.837400138 0.005732783 0.546560228 5.544698715
0.557728291 -0.057801146 -0.828008711 -5.187565327 0.026933258 0.998307288 -0.051547624 -0.488538623 0.829586506 0.006448593 0.558340788 5.572229862
0.568103671 -0.057996977 -0.820910752 -5.226817608 0.028031740 0.998298466 -0.051130231 -0.492239058 0.822479248 0.006035719 0.568762898 5.600449085
0.579881787 -0.057087082 -0.812698185 -5.269186974 0.028780930 0.998354614 -0.049592372 -0.496468127 0.814192116 0.005367506 0.580570757 5.629632950
0.589113772 -0.054998435 -0.806176245 -5.305583954 0.027027326 0.998463929 -0.048366327 -0.499130845 0.807597995 0.006704481 0.589695275 5.658144951
0.600442171 -0.052167628 -0.797964811 -5.346656799 0.027423479 0.998626173 -0.044650782 -0.502429485 0.799197912 0.004927242 0.601047873 5.687771320
0.609296501 -0.050364666 -0.791341543 -5.381153584 0.026061527 0.998713613 -0.043496624 -0.505468726 0.792514086 0.005878768 0.609825075 5.715750217
0.620199263 -0.050085485 -0.782843828 -5.420481682 0.024252381 0.998706818 -0.044682495 -0.508271217 0.784069300 0.008726219 0.620611787 5.745381355
0.628947735 -0.049633462 -0.775861621 -5.453642368 0.022370676 0.998702168 -0.045754373 -0.511102974 0.777125657 0.011420559 0.629241824 5.773917675
0.638644874 -0.048952278 -0.767943084 -5.491641045 0.021937128 0.998727024 -0.045419950 -0.514208496 0.769188941 0.012160756 0.638905764 5.804672241
0.647770643 -0.046538338 -0.760412633 -5.524174213 0.021296235 0.998848498 -0.042989392 -0.516829371 0.761537671 0.011653339 0.648015857 5.832963467
0.656690776 -0.045491025 -0.752786696 -5.560277939 0.021992194 0.998909652 -0.041179467 -0.519464731 0.753839254 0.010486750 0.656975329 5.863726616
0.664468646 -0.044957418 -0.745962441 -5.591938972 0.022486642 0.998939633 -0.040173706 -0.521974087 0.746977687 0.009919985 0.664775252 5.893055439
0.673125565 -0.044704679 -0.738175690 -5.626749516 0.021728992 0.998935938 -0.040682405 -0.524385452 0.739208817 0.011344554 0.673380733 5.923863411
0.680185795 -0.043181553 -0.731766760 -5.657989025 0.020214973 0.998988748 -0.040160265 -0.526591063 0.732761025 0.012523797 0.680370867 5.952976227
0.688273013 -0.041284341 -0.724276006 -5.692397118 0.020296434 0.999084413 -0.037661128 -0.529248238 0.725167871 0.011220922 0.688480794 5.984176159
0.694877923 -0.037478510 -0.718150437 -5.721082687 0.018340778 0.999239802 -0.034401465 -0.531499445 0.718893766 0.010733375 0.695037067 6.013570786
0.702737331 -0.035655774 -0.710555434 -5.752558231 0.017304344 0.999304533 -0.033031311 -0.533963263 0.711238980 0.010916636 0.702865541 6.043895245
0.709844112 -0.035271667 -0.703475177 -5.781493664 0.016726110 0.999307811 -0.033226926 -0.535820842 0.704160154 0.011819540 0.709942758 6.073806763
0.718195558 -0.032039504 -0.695103347 -5.812781334 0.013517582 0.999393225 -0.032098528 -0.538126588 0.695710003 0.013656904 0.718192995 6.105468750
0.727575183 -0.028812602 -0.685422659 -5.842993736 0.012596151 0.999510229 -0.028644867 -0.540496767 0.685912251 0.012207611 0.727581799 6.136855602
0.736949980 -0.025403688 -0.675469816 -5.867687702 0.011142449 0.999614298 -0.025437789 -0.541822016 0.675855458 0.011219990 0.736948788 6.163447380
0.747594357 -0.023640689 -0.663734734 -5.896286964 0.010136967 0.999655902 -0.024187701 -0.543862045 0.664078295 0.011354328 0.747576892 6.194787502
0.757588327 -0.022511538 -0.652344465 -5.924393654 0.008007500 0.999650419 -0.025197241 -0.545943737 0.652683616 0.013865484 0.757503748 6.226833344
0.767554283 -0.023483008 -0.640553653 -5.947649956 0.007729022 0.999595046 -0.027384212 -0.547291696 0.640937388 0.016068013 0.767425001 6.254670620
0.777677000 -0.022740925 -0.628252625 -5.974312305 0.007553269 0.999611318 -0.026833288 -0.548945785 0.628618598 0.016122270 0.777546644 6.288226128
0.788083553 -0.020717818 -0.615219533 -5.997768402 0.006596478 0.999660313 -0.025214095 -0.550785422 0.615532935 0.015812533 0.787952542 6.317949772
0.798660278 -0.017826425 -0.601518095 -6.023735523 0.005818867 0.999743223 -0.021902164 -0.552718163 0.601754010 0.013992237 0.798558891 6.351531506
0.808346331 -0.017224394 -0.588455260 -6.047923088 0.006737503 0.999777079 -0.020008858 -0.554154217 0.588668764 0.012209370 0.808282197 6.385270596
0.817689240 -0.015897349 -0.575440288 -6.071507454 0.007323397 0.999824941 -0.017215174 -0.554718256 0.575613320 0.009862486 0.817662597 6.417592525
0.825930595 -0.014752158 -0.563578784 -6.090862751 0.007690050 0.999859333 -0.014902329 -0.556665242 0.563719392 0.007974340 0.825927913 6.447135448
0.833495259 -0.014690610 -0.552331269 -6.112683296 0.008971079 0.999874532 -0.013056319 -0.558022261 0.552453816 0.005927374 0.833522439 6.479207039
0.840233207 -0.014934788 -0.542019427 -6.136843204 0.009211525 0.999869466 -0.013270762 -0.559035540 0.542146921 0.006157711 0.840261221 6.516210556
0.846987903 -0.014068130 -0.531426013 -6.155611038 0.008330106 0.999878287 -0.013192655 -0.559906363 0.531546891 0.006747182 0.847001970 6.547498703
0.853842020 -0.011642257 -0.520402074 -6.177305222 0.006401218 0.999909103 -0.011866918 -0.561039627 0.520492852 0.006801265 0.853838921 6.582953930
0.860424578 -0.010818815 -0.509463012 -6.199872494 0.005608354 0.999915063 -0.011762057 -0.562199354 0.509546995 0.007263114 0.860412180 6.619294167
0.866192222 -0.012181223 -0.499562472 -6.220347404 0.007243555 0.999903917 -0.011821828 -0.563458204 0.499658436 0.006621369 0.866197169 6.655862808
0.871484995 -0.012922738 -0.490251809 -6.237110615 0.007721434 0.999890447 -0.012630670 -0.564387500 0.490361273 0.007221992 0.871489346 6.686632156
0.875824809 -0.013035133 -0.482453018 -6.257293701 0.007657528 0.999884665 -0.013114181 -0.565262020 0.482568353 0.007791328 0.875823677 6.724086761
0.879606307 -0.012743879 -0.475531578 -6.276649475 0.007744113 0.999892235 -0.012471800 -0.566317856 0.475639313 0.007287703 0.879610181 6.758662224
0.882923543 -0.010563945 -0.469397962 -6.297274590 0.006964548 0.999931574 -0.009403663 -0.567220271 0.469465166 0.005033571 0.882936656 6.796866417
0.886075974 -0.006543888 -0.463493645 -6.316717148 0.004752920 0.999976039 -0.005031959 -0.567810535 0.463515520 0.002255750 0.886085927 6.833714008
0.889428735 -0.003976339 -0.457056463 -6.336552620 0.003542644 0.999992073 -0.001805854 -0.568906248 0.457060039 -0.000013009 0.889435887 6.872694969
0.892823637 -0.001050226 -0.450405210 -6.355844975 0.001208090 0.999999285 0.000063023 -0.569170713 0.450404912 -0.000600399 0.892824233 6.910202503
0.896151841 0.000376207 -0.443747520 -6.376444817 0.000764839 0.999996960 0.002392391 -0.569477737 0.443747073 -0.002483341 0.896148682 6.951734066
0.899601102 0.001630823 -0.436709672 -6.396830559 0.000601094 0.999987543 0.004972519 -0.569614053 0.436712384 -0.004735786 0.899588704 6.993585587
0.903143704 0.002059113 -0.429333389 -6.414235115 0.000999350 0.999975622 0.006898179 -0.569936991 0.429337263 -0.006659101 0.903119743 7.030759811
0.906891644 0.001587035 -0.421360850 -6.434842110 0.001690323 0.999971032 0.007404411 -0.569472194 0.421360523 -0.007427234 0.906862915 7.074195862
0.910742044 0.001517538 -0.412972808 -6.454829216 0.001853133 0.999968112 0.007761322 -0.569986224 0.412971467 -0.007833855 0.910710335 7.118359089
0.914491355 -0.000978715 -0.404604286 -6.472290516 0.004358791 0.999962866 0.007432937 -0.570351601 0.404581994 -0.008560942 0.914461672 7.158579826
0.918737173 -0.001972640 -0.394864798 -6.492939949 0.004915119 0.999967158 0.006440500 -0.571028233 0.394839138 -0.007857934 0.918716669 7.205432415
0.923394680 -0.003592606 -0.383834898 -6.511612892 0.005458183 0.999977946 0.003771234 -0.570314944 0.383812934 -0.005577379 0.923394024 7.251329899
0.928713620 -0.000943500 -0.370796889 -6.527510643 0.002454642 0.999990642 0.003603506 -0.571225047 0.370789945 -0.004256799 0.928707004 7.291845322
0.934938550 0.002714421 -0.354799479 -6.545113564 -0.001138072 0.999988556 0.004651535 -0.571330905 0.354808062 -0.003945112 0.934930861 7.338981628
0.941583395 0.006694707 -0.336713254 -6.561020851 -0.004326749 0.999960363 0.007782429 -0.572502077 0.336752027 -0.005870931 0.941574991 7.384133339
0.948515177 0.008806445 -0.316609144 -6.577599525 -0.006264292 0.999939442 0.009046278 -0.571800530 0.316669703 -0.006597200 0.948512912 7.431031704
0.955316722 0.010704829 -0.295390069 -6.594247818 -0.008204550 0.999919236 0.009702496 -0.571526349 0.295470089 -0.006845415 0.955327451 7.482442379
0.961628735 0.011123018 -0.274128526 -6.609395981 -0.008441499 0.999904215 0.010959690 -0.572051466 0.274224222 -0.008225097 0.961630464 7.533874512
0.967503071 0.012445763 -0.252552658 -6.621373177 -0.009282146 0.999862850 0.013714182 -0.571861148 0.252688706 -0.010924284 0.967485905 7.580315113
0.972862542 0.015333498 -0.230874985 -6.632672310 -0.011642664 0.999781847 0.017340310 -0.571147621 0.231090471 -0.014181740 0.972828925 7.632211685
0.977838278 0.017842265 -0.208599836 -6.644866943 -0.013632341 0.999673665 0.021602206 -0.571996152 0.208917171 -0.018279761 0.977762520 7.688000202
0.982467115 0.019671524 -0.185395151 -6.656655788 -0.015370372 0.999579012 0.024608823 -0.570488393 0.185801148 -0.021327768 0.982355833 7.739179611
0.986323893 0.021101771 -0.163462117 -6.666546345 -0.017366156 0.999555171 0.024248617 -0.569506407 0.163901106 -0.021078285 0.986251414 7.794774055
0.989779234 0.020585503 -0.141114771 -6.674799919 -0.017642066 0.999600530 0.022078011 -0.568783522 0.141512901 -0.019362798 0.989746928 7.850378990
0.992493093 0.020777415 -0.120522439 -6.680579185 -0.018373713 0.999610126 0.021021219 -0.568872988 0.120912209 -0.018648973 0.992487967 7.902247429
0.994791865 0.019547861 -0.100034803 -6.687189579 -0.017366190 0.999592900 0.022633705 -0.568049252 0.100436509 -0.020778608 0.994726419 7.961472511
0.996576726 0.020605588 -0.080064222 -6.692347527 -0.018694282 0.999523818 0.024548907 -0.567842126 0.080531955 -0.022968130 0.996487319 8.021875381
0.997983754 0.020836756 -0.059951626 -6.695004940 -0.019331399 0.999485791 0.025580946 -0.567218900 0.060453825 -0.024370417 0.997873485 8.074073792
0.998973191 0.022000540 -0.039605111 -6.698160172 -0.020975024 0.999438524 0.026125569 -0.566713095 0.040157657 -0.025268024 0.998873711 8.136853218
0.999566793 0.022873998 -0.018521920 -6.700078011 -0.022382364 0.999402702 0.026329122 -0.565085530 0.019113109 -0.025903152 0.999481738 8.196311951
0.999677122 0.025355661 0.001571041 -6.700014114 -0.025388023 0.999337435 0.026079867 -0.564108610 -0.000908725 -0.026111336 0.999658644 8.261079788
0.999402225 0.026378434 0.022346860 -6.699365139 -0.026926370 0.999335051 0.024584018 -0.563856542 -0.021683512 -0.025171038 0.999448001 8.316746712
0.998760760 0.025704585 0.042616069 -6.700686932 -0.026627364 0.999420047 0.021228839 -0.561219513 -0.042045668 -0.022337284 0.998866022 8.387033463
0.997720778 0.028872827 0.060988225 -6.694411278 -0.030081490 0.999366879 0.018993448 -0.561756909 -0.060401209 -0.020784769 0.997957826 8.444852829
0.996437490 0.028499590 0.079375170 -6.687821865 -0.029979335 0.999397099 0.017513271 -0.562515736 -0.078828201 -0.019830488 0.996690989 8.501526833
0.994726121 0.028345181 0.098572738 -6.682759762 -0.029873604 0.999454737 0.014064016 -0.561695457 -0.098120347 -0.016934564 0.995030522 8.569262505
0.992676377 0.029133117 0.117238969 -6.676557541 -0.030357119 0.999501586 0.008667784 -0.561780691 -0.116928026 -0.012163339 0.993065894 8.634407997
0.990382731 0.031489231 0.134724513 -6.667022705 -0.032143977 0.999479592 0.002686812 -0.564054370 -0.134569809 -0.006991552 0.990879416 8.693803787
0.987794816 0.033921171 0.152022317 -6.656931877 -0.033903964 0.999421418 -0.002706152 -0.564330518 -0.152026147 -0.002481035 0.988373280 8.759326935
0.984854996 0.035909168 0.169620842 -6.647539616 -0.035356384 0.999354959 -0.006279321 -0.567427039 -0.169736922 0.000187042 0.985489368 8.829367638
0.981605649 0.037970610 0.187105522 -6.633810043 -0.036780708 0.999275029 -0.009828323 -0.567058802 -0.187343061 0.002765663 0.982290626 8.892673492
0.978126466 0.036847923 0.204721034 -6.619727135 -0.035584334 0.999318123 -0.009851507 -0.568203688 -0.204944447 0.002351157 0.978770792 8.961406708
0.974361777 0.036566868 0.221995294 -6.604316235 -0.035135675 0.999328434 -0.010394196 -0.570286036 -0.222226322 0.002327753 0.974992335 9.031107903
0.970467448 0.036477134 0.238458082 -6.589151859 -0.033703085 0.999308527 -0.015701531 -0.572092056 -0.238865912 0.007201052 0.971025884 9.092956543
0.966155648 0.038232096 0.255110651 -6.571285248 -0.034113917 0.999206603 -0.020549517 -0.572622597 -0.255693913 0.011151208 0.966693521 9.162126541
0.961449981 0.040901940 0.271920890 -6.552442551 -0.036703911 0.999115646 -0.020508889 -0.575184286 -0.272519320 0.009737710 0.962101102 9.232834816
0.956361175 0.042015236 0.289150476 -6.533008575 -0.037532747 0.999073982 -0.021032188 -0.578995347 -0.289766341 0.009261756 0.957052588 9.296608925
0.950756907 0.045595720 0.306565434 -6.511086941 -0.040143937 0.998903930 -0.024068655 -0.581723750 -0.307326823 0.010576695 0.951545238 9.367226601
0.944828570 0.046792708 0.324205816 -6.488250732 -0.039782498 0.998809814 -0.028220873 -0.584181547 -0.325140446 0.013766171 0.945565522 9.438522339
0.938634872 0.047902495 0.341569871 -6.465771675 -0.039645541 0.998729169 -0.031117873 -0.586535573 -0.342626423 0.015666600 0.939341068 9.503812790
0.932107568 0.048187770 0.358961672 -6.439196587 -0.037613649 0.998629689 -0.036387637 -0.589961231 -0.360223234 0.020415332 0.932642758 9.574893951
0.924361706 0.051561445 0.378016979 -6.411686897 -0.038490281 0.998373508 -0.042058021 -0.595051467 -0.379570693 0.024326850 0.924842894 9.643382072
0.915523648 0.055060443 0.398478180 -6.383531570 -0.040033352 0.998141646 -0.045941386 -0.598327219 -0.400267124 0.026108004 0.916026473 9.705841064
0.904634953 0.057081733 0.422347277 -6.352655888 -0.040793587 0.998037279 -0.047511589 -0.602197886 -0.424230456 0.025751585 0.905187964 9.774125099
0.892173052 0.062567100 0.447339654 -6.316966057 -0.044574481 0.997721434 -0.050646946 -0.607920408 -0.449489236 0.025245909 0.892928839 9.848095894
0.878933549 0.066582859 0.472273767 -6.288390160 -0.046592973 0.997458041 -0.053912535 -0.611569405 -0.474662960 0.025380902 0.879801631 9.904630661
0.864977777 0.070538849 0.496827602 -6.249711037 -0.048325390 0.997178495 -0.057443328 -0.617035508 -0.499477834 0.025677811 0.865946114 9.977817535
0.850458920 0.072167277 0.521067619 -6.211115837 -0.047890045 0.997053266 -0.059927151 -0.621968150 -0.523856997 0.026011627 0.851409018 10.044152260
0.835980058 0.073394507 0.543829501 -6.172302246 -0.046966717 0.996948600 -0.062349200 -0.627516448 -0.546746314 0.026580788 0.836876214 10.103221893
0.820393562 0.076016232 0.566723943 -6.128981113 -0.045663156 0.996668100 -0.067583509 -0.632691145 -0.569973290 0.029566661 0.821131170 10.169073105
0.804528892 0.078704186 0.588675499 -6.081814766 -0.044216905 0.996367276 -0.072781190 -0.640810609 -0.592265248 0.032525159 0.805086255 10.237145424
0.789507389 0.079760447 0.608536303 -6.040823936 -0.041857462 0.996208429 -0.076267056 -0.646193743 -0.612312019 0.034741621 0.789852500 10.289498329
