0.999754846 -0.007356654 0.020882566 0.001157260 0.007360200 0.999972880 -0.000093005 -0.000643961 -0.020881323 0.000246682 0.999781907 0.044422574
0.999789476 -0.009113894 0.018381650 0.001736930 0.009145039 0.999956906 -0.001611044 -0.000791935 -0.018366175 0.001778806 0.999829769 0.063241690
0.999861956 -0.011385468 0.012102786 0.001617016 0.011422596 0.999930263 -0.003002826 -0.000847990 -0.012067753 0.003140657 0.999922276 0.075529434
0.999913156 -0.013176305 -0.000260014 0.001573171 0.013174772 0.999899626 -0.005209601 -0.000933014 0.000328631 0.005205723 0.999986351 0.091485217
0.999779403 -0.012442749 -0.016920313 0.000617529 0.012354982 0.999909639 -0.005281830 -0.001306637 0.016984507 0.005071615 0.999843001 0.108861364
0.999312222 -0.007843695 -0.036243495 -0.000933757 0.007660981 0.999957263 -0.005177425 -0.001598665 0.036282547 0.004896203 0.999329567 0.125063956
0.998405755 -0.004375814 -0.056274019 -0.002622221 0.004020815 0.999971330 -0.006420081 -0.001916726 0.056300499 0.006183578 0.998394728 0.142257705
0.997034311 -0.003999387 -0.076855265 -0.004514880 0.003511730 0.999972939 -0.006479237 -0.002317361 0.076879084 0.006190126 0.997021258 0.160928622
0.995208144 -0.005740970 -0.097610176 -0.006955816 0.005180902 0.999968648 -0.005990299 -0.002456459 0.097641513 0.005455886 0.995206654 0.178706273
0.993099391 -0.007207451 -0.117053740 -0.010168279 0.006661393 0.999965012 -0.005055571 -0.002784187 0.117086090 0.004240944 0.993112683 0.198438317
0.990846097 -0.006171215 -0.134855315 -0.013374593 0.005555401 0.999972343 -0.004942311 -0.002746559 0.134882107 0.004147894 0.990853071 0.217629656
0.988537610 -0.005304392 -0.150881410 -0.016922958 0.004707514 0.999979615 -0.004312854 -0.003076242 0.150901213 0.003553141 0.988542497 0.238604367
0.986422777 -0.004214660 -0.164171785 -0.021094380 0.003569900 0.999984741 -0.004222190 -0.003549901 0.164187074 0.003578788 0.986422718 0.258427680
0.984431863 -0.006113916 -0.175660565 -0.025890173 0.005375840 0.999974668 -0.004677273 -0.004009429 0.175684705 0.003660133 0.984439671 0.280406713
0.982500792 -0.009610421 -0.186010405 -0.029723169 0.008357731 0.999936819 -0.007517517 -0.004183490 0.186070889 0.005831341 0.982518971 0.301892638
0.981071949 -0.008185356 -0.193470702 -0.034780312 0.006443260 0.999932945 -0.009631983 -0.004468230 0.193536565 0.008203086 0.981058776 0.325687498
0.979437888 -0.008423706 -0.201569945 -0.039419092 0.006313202 0.999918282 -0.011110925 -0.004938205 0.201647118 0.009609908 0.979411125 0.348284334
0.977862358 -0.009451767 -0.209035754 -0.045409616 0.006633805 0.999877512 -0.014177774 -0.005138654 0.209144160 0.012477210 0.977805257 0.373007178
0.975995898 -0.013349932 -0.217379212 -0.050698873 0.010254692 0.999829531 -0.015360786 -0.005865661 0.217547178 0.012762912 0.975966334 0.397451222
0.974250674 -0.019468665 -0.224625394 -0.056852486 0.016087819 0.999728322 -0.016871668 -0.006628566 0.224892795 0.012823505 0.974299192 0.423043370
0.972016990 -0.020223523 -0.234038487 -0.062612787 0.016158488 0.999683678 -0.019273758 -0.007206308 0.234354228 0.014952715 0.972036242 0.449139595
0.969927371 -0.016769638 -0.242816135 -0.070080787 0.011440844 0.999662161 -0.023339411 -0.007824460 0.243125468 0.019859515 0.969791532 0.476248831
0.967805028 -0.013609097 -0.251332790 -0.077698782 0.007167798 0.999622405 -0.026526295 -0.008624773 0.251598924 0.023870775 0.967537165 0.502529323
0.965601742 -0.016217183 -0.259519249 -0.085730202 0.009169180 0.999556124 -0.028345525 -0.009545152 0.259863734 0.024990911 0.965321839 0.530885816
0.962972224 -0.019355968 -0.268904924 -0.092744179 0.011509766 0.999461591 -0.030724481 -0.010527035 0.269354790 0.026491791 0.962676585 0.558993399
0.960736275 -0.019029239 -0.276809901 -0.101142131 0.010266590 0.999400198 -0.033070866 -0.011584948 0.277273208 0.028930487 0.960355520 0.587244689
0.958390892 -0.018206671 -0.284877628 -0.110536888 0.008113743 0.999298155 -0.036569230 -0.013043884 0.285343438 0.032736197 0.957866013 0.616752803
0.956144333 -0.018855358 -0.292288303 -0.120202616 0.007071240 0.999120831 -0.041321035 -0.014751140 0.292810470 0.037442032 0.955437064 0.646895587
0.954313219 -0.020577880 -0.298098534 -0.129555136 0.006156662 0.998768210 -0.049235873 -0.016148854 0.298744529 0.045151167 0.953264415 0.676595867
0.952926159 -0.021549692 -0.302435547 -0.139442861 0.004356285 0.998341203 -0.057409666 -0.017973451 0.303171039 0.053389683 0.951439381 0.706655562
0.951776683 -0.021329818 -0.306049198 -0.150167286 0.001133160 0.997817814 -0.066017978 -0.019990513 0.306789517 0.062487584 0.949723840 0.738378823
0.950390816 -0.020733882 -0.310366690 -0.160936758 -0.002688384 0.997191250 -0.074849069 -0.022458173 0.311046839 0.071970254 0.947665632 0.770113289
0.949272692 -0.019768454 -0.313832104 -0.173442096 -0.006287877 0.996629059 -0.081797652 -0.025244918 0.314391196 0.079621598 0.945948541 0.802669942
0.947361112 -0.018300435 -0.319643438 -0.183987051 -0.010624926 0.996018171 -0.088514931 -0.028088223 0.319990426 0.087251805 0.943394542 0.836081028
0.945874512 -0.017050313 -0.324084371 -0.196558893 -0.014461619 0.995412529 -0.094577141 -0.031314254 0.324210197 0.094144888 0.941288769 0.869097710
0.944356322 -0.014413987 -0.328608453 -0.209733546 -0.019407254 0.994857252 -0.099410772 -0.035381977 0.328351408 0.100256577 0.939219952 0.903051019
0.942346692 -0.013108540 -0.334381282 -0.221153796 -0.022690415 0.994429827 -0.102929704 -0.038433164 0.333867967 0.104582705 0.936800182 0.937650859
0.940793455 -0.011441010 -0.338786989 -0.234975070 -0.025490772 0.994212747 -0.104361624 -0.042569343 0.338020295 0.106818676 0.935057223 0.971352875
0.938625753 -0.011528327 -0.344744533 -0.247241572 -0.025720997 0.994319737 -0.103280053 -0.046333928 0.343976885 0.105808474 0.932997584 1.003934860
0.936030924 -0.012929934 -0.351680100 -0.259468734 -0.024088239 0.994626999 -0.100681894 -0.051245958 0.351092279 0.102712706 0.930690229 1.038128376
0.933712721 -0.011247247 -0.357846349 -0.274043947 -0.026117330 0.994703591 -0.099410713 -0.054835487 0.357069135 0.102167033 0.928473711 1.073315740
0.930399895 -0.011318252 -0.366371006 -0.288045794 -0.025752611 0.995034814 -0.096138328 -0.058447614 0.365639895 0.098882101 0.925488949 1.106722236
0.927071095 -0.010093348 -0.374749631 -0.302570641 -0.025783241 0.995553792 -0.090597436 -0.062429104 0.373997867 0.093652546 0.922688842 1.143080235
0.923618436 -0.006180923 -0.383263260 -0.317473948 -0.028722268 0.995943010 -0.085278861 -0.065838099 0.382235497 0.089773320 0.919693768 1.177714348
0.920212865 -0.001798908 -0.391414046 -0.333331704 -0.032674436 0.996146142 -0.081395663 -0.069852822 0.390051991 0.087690577 0.916607738 1.212464809
0.916078508 -0.001357756 -0.400996625 -0.349948823 -0.033298098 0.996283114 -0.079443000 -0.073768973 0.399614036 0.086128451 0.912628353 1.251049042
0.912030637 -0.002479794 -0.410114616 -0.366831243 -0.032642420 0.996370435 -0.078616269 -0.077277564 0.408820987 0.085087575 0.908639371 1.287662029
0.908440471 -0.001913128 -0.418009818 -0.384089202 -0.033312596 0.996477783 -0.076957285 -0.080708362 0.416684657 0.083836101 0.905176997 1.322185636
0.904315412 -0.000473199 -0.426864654 -0.401428968 -0.035290129 0.996493280 -0.075867034 -0.083982334 0.425403625 0.083671831 0.901127458 1.358884454
0.900301337 -0.001703598 -0.435264021 -0.420048594 -0.033520292 0.996751249 -0.073234692 -0.087792285 0.433974773 0.080523454 0.897319257 1.398039341
0.897012174 -0.000079208 -0.442005903 -0.438866854 -0.033747584 0.997068822 -0.068666451 -0.091456018 0.440715671 0.076511271 0.894380093 1.431735039
0.892991364 0.001252490 -0.450072050 -0.457059681 -0.033235431 0.997449398 -0.063166901 -0.094179653 0.448844969 0.071365833 0.890755296 1.468049645
0.889154911 0.003510135 -0.457593024 -0.476875573 -0.034280032 0.997671723 -0.058956958 -0.097611621 0.456320673 0.068108164 0.887205005 1.505096555
0.885486245 0.000247476 -0.464665443 -0.497087032 -0.030223826 0.997913003 -0.057064336 -0.099864878 0.463681519 0.064573660 0.883645654 1.543598533
0.882285774 -0.000955672 -0.470712930 -0.518386960 -0.029070226 0.997978449 -0.056514256 -0.102244563 0.469815403 0.063545465 0.880474508 1.581851482
0.878907979 -0.001850390 -0.476987749 -0.537505031 -0.027200259 0.998170853 -0.053992029 -0.104501002 0.476215184 0.060428210 0.877249956 1.617552996
0.876160800 -0.001379691 -0.482016951 -0.561637819 -0.027520612 0.998221636 -0.052881375 -0.108364612 0.481232703 0.059597988 0.874564588 1.659329414
0.873634219 -0.004168440 -0.486565351 -0.584446192 -0.024492355 0.998319089 -0.052528992 -0.111080915 0.485966414 0.057808258 0.872063518 1.698364973
0.870861709 -0.007780514 -0.491466463 -0.603239298 -0.020603487 0.998418093 -0.052314851 -0.113705009 0.491095990 0.055684928 0.869323790 1.736786485
0.870026171 -0.003516911 -0.492992997 -0.631683409 -0.026287105 0.998221099 -0.053512171 -0.116287164 0.492304206 0.059516352 0.868386090 1.782040596
0.869591057 -0.003185182 -0.493762374 -0.654721975 -0.026464192 0.998241246 -0.053046986 -0.118606232 0.493062913 0.059196204 0.867977440 1.821596026
0.869678855 -0.003565389 -0.493605077 -0.677603960 -0.024794862 0.998396039 -0.050897442 -0.121950015 0.492994815 0.056503303 0.868195474 1.861439228
0.869353473 -0.004048869 -0.494174033 -0.706670165 -0.023964442 0.998444498 -0.050338842 -0.125061378 0.493609250 0.055604853 0.867904365 1.909856796
0.868614018 -0.006191659 -0.495450526 -0.731363773 -0.021921085 0.998462617 -0.050909426 -0.127653599 0.495004088 0.055081464 0.867143035 1.952721834
0.867617190 -0.007965092 -0.497168988 -0.758398294 -0.020278931 0.998472989 -0.051385507 -0.130685553 0.496819049 0.054665003 0.866130769 1.998577833
0.866513968 -0.007845239 -0.499090999 -0.783978343 -0.019815074 0.998547733 -0.050098851 -0.133602872 0.498759180 0.053300880 0.865100145 2.039751768
0.864123881 -0.007575046 -0.503221989 -0.810739279 -0.018250223 0.998757422 -0.046373349 -0.135621220 0.502947927 0.049256239 0.862911999 2.086979389
0.861204565 -0.007948078 -0.508196354 -0.835443377 -0.015591774 0.998993993 -0.042046327 -0.138872981 0.508019269 0.044134174 0.860214293 2.128422499
0.856925726 -0.009659356 -0.515349329 -0.861051977 -0.012734188 0.999122441 -0.039901342 -0.141238809 0.515282512 0.040755048 0.856050730 2.172119617
0.852089703 -0.010939239 -0.523281395 -0.890250444 -0.013367447 0.999000609 -0.042651184 -0.144313723 0.523225009 0.043337572 0.851091921 2.218233585
0.845695794 -0.016027082 -0.533424497 -0.916009545 -0.009742450 0.998918653 -0.045458920 -0.147284880 0.533576369 0.043641280 0.844625294 2.260330915
0.839931965 -0.014879774 -0.542487562 -0.946664274 -0.011149407 0.998939872 -0.044662297 -0.150813207 0.542577147 0.043561708 0.838875771 2.305728674
0.834674060 -0.010771824 -0.550638974 -0.976015151 -0.013207826 0.999129593 -0.039566189 -0.153451070 0.550585806 0.040297605 0.833805382 2.347326040
0.828966320 -0.006244127 -0.559263706 -1.006651163 -0.016432690 0.999234021 -0.035513651 -0.155642390 0.559057057 0.038629819 0.828228951 2.393576860
0.825125873 -0.007849795 -0.564894319 -1.035984874 -0.015875265 0.999186456 -0.037073310 -0.158268780 0.564725816 0.039557990 0.824330032 2.435372591
0.821594775 -0.008286282 -0.570011735 -1.065869927 -0.018365409 0.998990595 -0.040993616 -0.161040485 0.569776118 0.044148639 0.820613325 2.477446079
0.818377972 -0.011346660 -0.574568391 -1.096328139 -0.020126361 0.998625815 -0.048387706 -0.163663864 0.574327826 0.051163398 0.817025125 2.521678686
0.814989090 -0.012204356 -0.579347849 -1.126527309 -0.020629568 0.998533309 -0.050055120 -0.166675016 0.579109073 0.052746076 0.813542008 2.563400507
0.811975360 -0.010454960 -0.583598137 -1.158581734 -0.020172078 0.998739660 -0.045958024 -0.169631913 0.583343089 0.049089160 0.810741067 2.607111692
0.808756590 -0.008607442 -0.588080645 -1.188926458 -0.019290483 0.998966694 -0.041150577 -0.172122091 0.587827086 0.044625148 0.807754934 2.648686647
0.805963457 -0.005746668 -0.591937244 -1.221266270 -0.021173306 0.999033213 -0.038527772 -0.174463958 0.591586471 0.043585248 0.805062652 2.690966606
0.802971244 -0.005849563 -0.595988929 -1.252702713 -0.021454412 0.999020159 -0.038710628 -0.177597612 0.595631421 0.043870121 0.802058935 2.731646776
0.799211621 -0.006499944 -0.601014674 -1.284605861 -0.022295328 0.998932719 -0.040451072 -0.179983065 0.600636065 0.045728792 0.798213601 2.774560928
0.795063198 -0.009932293 -0.606445193 -1.316479087 -0.020029070 0.998890638 -0.042618290 -0.183180898 0.606195629 0.046030771 0.793982387 2.816792727
0.790906012 -0.011254385 -0.611834168 -1.349471092 -0.019053062 0.998893201 -0.043003660 -0.186147094 0.611640990 0.045669168 0.789816201 2.858130693
0.786725938 -0.009874690 -0.617223442 -1.383053660 -0.020936780 0.998869956 -0.042666942 -0.188193753 0.616947234 0.046489868 0.785630107 2.899596691
0.781738222 -0.010312247 -0.623521447 -1.416642427 -0.020227222 0.998917878 -0.041880652 -0.191304788 0.623278618 0.045351814 0.780683696 2.941718102
0.776154637 -0.011880934 -0.630430639 -1.450119734 -0.019410370 0.998898447 -0.042722058 -0.194538847 0.630243778 0.045395818 0.775068939 2.982573032
0.770789564 -0.013780122 -0.636940598 -1.484538794 -0.018347405 0.998871207 -0.043813422 -0.197190031 0.636825562 0.045457143 0.769666851 3.023989677
0.765051603 -0.015501287 -0.643782258 -1.519550920 -0.017183278 0.998862803 -0.044471182 -0.199969456 0.643739641 0.045085035 0.763915360 3.065353155
0.759423018 -0.017344717 -0.650365949 -1.554975390 -0.016134443 0.998835027 -0.045478057 -0.203493774 0.650397122 0.045030367 0.758258462 3.106420755
0.753314078 -0.018543515 -0.657399356 -1.590305328 -0.016426211 0.998759985 -0.046995200 -0.206435591 0.657455742 0.046200730 0.752075374 3.146556616
0.747006536 -0.019922478 -0.664518118 -1.624922752 -0.014689205 0.998812199 -0.046457350 -0.209935814 0.664654434 0.044465184 0.745826602 3.186521769
0.740185320 -0.019898759 -0.672108412 -1.658815026 -0.013623487 0.998913050 -0.044577684 -0.213027149 0.672264934 0.042152211 0.739109635 3.226119995
0.734417975 -0.021170028 -0.678367198 -1.700230002 -0.011523535 0.998980343 -0.043651193 -0.216310680 0.678599656 0.039875410 0.733425140 3.266978264
0.728087008 -0.022948833 -0.685100496 -1.737072229 -0.010564310 0.998945117 -0.044688862 -0.219157428 0.685403347 0.039774992 0.727076411 3.306125164
0.720942676 -0.024593161 -0.692558110 -1.775177360 -0.010418308 0.998872519 -0.046315886 -0.222428083 0.692916214 0.040606383 0.719873667 3.346755743
0.714935958 -0.023989886 -0.698778272 -1.814114332 -0.011469459 0.998874366 -0.046027202 -0.225297868 0.699095845 0.040921114 0.713855922 3.386167049
0.709570825 -0.023425492 -0.704244614 -1.853944659 -0.012449214 0.998874545 -0.045769218 -0.228077829 0.704524100 0.041243799 0.708480597 3.425092459
0.704546034 -0.023193981 -0.709279120 -1.893372893 -0.012052567 0.998930514 -0.044637948 -0.232329398 0.709555924 0.039998125 0.703513026 3.464199066
0.700479746 -0.023297383 -0.713291824 -1.935447693 -0.013796717 0.998838246 -0.046172723 -0.235278904 0.713538945 0.042184148 0.699344516 3.502678394
0.694563508 -0.026285069 -0.718951166 -1.975017667 -0.013073912 0.998706162 -0.049143437 -0.238006860 0.719312608 0.043532737 0.693321109 3.542201042
0.689709663 -0.028382977 -0.723529458 -2.016622066 -0.012923519 0.998589754 -0.051492613 -0.241594598 0.723970711 0.044865500 0.688370228 3.580474138
0.684412658 -0.029248126 -0.728507996 -2.058144569 -0.012594475 0.998571634 -0.051922798 -0.245085865 0.728986084 0.044711795 0.683066726 3.619994164
0.679057658 -0.029130572 -0.733506680 -2.096589565 -0.011571639 0.998663366 -0.050373700 -0.248358667 0.733993769 0.042694520 0.677812874 3.657636642
0.674434841 -0.028428897 -0.737786829 -2.143261433 -0.012239192 0.998690605 -0.049670450 -0.251839101 0.738232911 0.042529400 0.673203766 3.697201967
0.668976128 -0.030347653 -0.742664039 -2.185966492 -0.011252779 0.998638153 -0.050943840 -0.254693270 0.743198633 0.042437252 0.667723536 3.735752344
0.664442956 -0.030323474 -0.746723533 -2.229634523 -0.010689455 0.998688638 -0.050067041 -0.259100497 0.747262537 0.041248765 0.663247466 3.774351597
0.660606027 -0.031110082 -0.750087857 -2.274235725 -0.009624864 0.998707891 -0.049898323 -0.262151986 0.750671029 0.040182624 0.659453034 3.811835527
0.656028986 -0.031952266 -0.754059017 -2.319192886 -0.009049822 0.998698533 -0.050191868 -0.265659183 0.754681289 0.039751418 0.654886067 3.851514816
0.651379228 -0.035180345 -0.757936299 -2.363015413 -0.005739272 0.998667538 -0.051286500 -0.269475967 0.758730531 0.037756972 0.650309384 3.890271902
0.647924602 -0.039098743 -0.760700345 -2.407128334 -0.003585085 0.998514056 -0.054375563 -0.272943944 0.761696041 0.037958447 0.646821678 3.926247835
0.643524706 -0.043532781 -0.764186442 -2.451572895 0.000616516 0.998410463 -0.056356471 -0.276237965 0.765425086 0.035795644 0.642528653 3.962835312
0.636291027 -0.046915494 -0.770021200 -2.497065306 0.005279319 0.998390555 -0.056467019 -0.280088753 0.771430969 0.031864271 0.635514617 4.001693249
0.628245652 -0.050173149 -0.776395380 -2.540726900 0.009705894 0.998346150 -0.056662459 -0.284316063 0.777954519 0.028062336 0.627693713 4.036924362
0.619522870 -0.051114094 -0.783312678 -2.587342739 0.012313192 0.998387694 -0.055410039 -0.287916988 0.784882009 0.024682702 0.619153380 4.073283672
0.610089421 -0.050047390 -0.790750325 -2.633419037 0.013588550 0.998517215 -0.052713171 -0.292066872 0.792216003 0.021414597 0.609864950 4.109080315
0.600758553 -0.049421418 -0.797901392 -2.679851055 0.012227238 0.998538554 -0.052642554 -0.295485497 0.799336970 0.021869343 0.600484908 4.144552708
0.591540575 -0.051080387 -0.804655492 -2.726282120 0.011323036 0.998419046 -0.055056594 -0.298485368 0.806195736 0.023457067 0.591183782 4.178647041
0.582193017 -0.053490043 -0.811289191 -2.775394440 0.011773320 0.998283505 -0.057370283 -0.302300245 0.812965214 0.023849012 0.581823528 4.212190628
0.571605444 -0.055294279 -0.818663478 -2.822999477 0.012852345 0.998207748 -0.058447357 -0.306104302 0.820427895 0.022887075 0.571291566 4.245949745
0.561439395 -0.056032669 -0.825618625 -2.872253895 0.015721079 0.998247087 -0.057057839 -0.310145944 0.827368498 0.019054903 0.561336160 4.279370308
0.550790071 -0.056359205 -0.832738698 -2.922595501 0.017019773 0.998268604 -0.056304932 -0.314282238 0.834470212 0.016839176 0.550795615 4.312779427
0.541233242 -0.056617998 -0.838964224 -2.970970631 0.017495064 0.998272836 -0.056082606 -0.318337888 0.840690494 0.015676040 0.541288972 4.342597008
0.530900359 -0.057629891 -0.845472336 -3.021830559 0.016715588 0.998203039 -0.057544179 -0.322385997 0.847269356 0.016417664 0.530909657 4.374641418
0.520697355 -0.058770444 -0.851716042 -3.071710587 0.015301746 0.998109996 -0.059517235 -0.325421154 0.853604257 0.017957725 0.520612419 4.405698299
0.511236727 -0.058680311 -0.857434332 -3.121306896 0.014518035 0.998113692 -0.059651751 -0.330567122 0.859317303 0.018047908 0.511124313 4.434212685
0.502416968 -0.058000680 -0.862677872 -3.173481941 0.012053763 0.998120308 -0.060086906 -0.335231096 0.864541292 0.019790169 0.502171695 4.463755608
0.493658483 -0.055769697 -0.867865741 -3.225821972 0.011504081 0.998273075 -0.057606023 -0.339365125 0.869579792 0.018453704 0.493447542 4.493274689
0.484371334 -0.054599050 -0.873157084 -3.280951500 0.012765156 0.998385489 -0.055348378 -0.343499303 0.874769390 0.015663181 0.484286249 4.524869919
0.477385700 -0.054442909 -0.877005577 -3.334424496 0.013631948 0.998417497 -0.054559581 -0.348375559 0.878588080 0.014090665 0.477372408 4.552676678
0.469452411 -0.058391206 -0.881024837 -3.387073040 0.014795776 0.998191178 -0.058272652 -0.351048082 0.882833779 0.014320797 0.469467193 4.581025124
0.462605685 -0.061268799 -0.884444475 -3.439813852 0.017256325 0.998042464 -0.060112290 -0.355545610 0.886396170 0.012546026 0.462757349 4.608245850
0.456008971 -0.064325549 -0.887647450 -3.493062496 0.018252147 0.997850716 -0.062935062 -0.359696180 0.889787972 0.012497479 0.456203014 4.636223793
0.450650245 -0.067695342 -0.890130162 -3.546071291 0.020383103 0.997640967 -0.065552205 -0.364785314 0.892467916 0.011397503 0.450966954 4.662755966
0.446113557 -0.068856455 -0.892323613 -3.600554466 0.023312159 0.997591734 -0.065324701 -0.369149536 0.894672692 0.008340239 0.446644425 4.689861298
0.441086918 -0.066057965 -0.895030022 -3.653779030 0.025323885 0.997806489 -0.061163351 -0.374020875 0.897107005 0.004312712 0.441792190 4.717294216
0.437077492 -0.064884476 -0.897080421 -3.708285809 0.028476564 0.997892737 -0.058301680 -0.377954006 0.898972929 -0.000063413 0.438004166 4.744342327
0.434135139 -0.064046770 -0.898568213 -3.761121273 0.029454403 0.997945368 -0.056899413 -0.382213831 0.900366187 -0.001764755 0.435129583 4.769731522
0.430904657 -0.064179994 -0.900112212 -3.815913200 0.031162703 0.997931063 -0.056236375 -0.386513412 0.901859224 -0.003817416 0.432013124 4.796196938
0.428541064 -0.063732475 -0.901271760 -3.870957851 0.032692727 0.997949660 -0.055024061 -0.390310943 0.902930617 -0.005884962 0.429746032 4.821565151
0.425897002 -0.062575631 -0.902605116 -3.923934937 0.035113227 0.997997046 -0.052620649 -0.394825518 0.904089987 -0.009282400 0.427241206 4.847177982
0.424142331 -0.062279012 -0.903451443 -3.975250006 0.036082771 0.998002470 -0.051857095 -0.399639219 0.904876411 -0.010604242 0.425542295 4.871291637
0.420938909 -0.064857878 -0.904767334 -4.028572559 0.040613394 0.997787774 -0.052630819 -0.401811540 0.906179309 -0.014591316 0.422641814 4.896335602
0.418768108 -0.062488481 -0.905940652 -4.078529358 0.042725377 0.997880638 -0.049080484 -0.406630367 0.907087505 -0.018153312 0.420550436 4.919788361
0.416639507 -0.062231470 -0.906939209 -4.131214142 0.044489365 0.997854531 -0.048031803 -0.409928560 0.907982469 -0.020337202 0.418514252 4.943834782
0.416524082 -0.063007362 -0.906938672 -4.182537556 0.045297731 0.997794807 -0.048515759 -0.413674533 0.907995462 -0.020874279 0.418459624 4.965689659
0.413771302 -0.065235421 -0.908040583 -4.234997749 0.048801165 0.997584701 -0.049430970 -0.416925251 0.909071922 -0.023860324 0.415955454 4.990856171
0.414563715 -0.065461852 -0.907662749 -4.285433292 0.047916565 0.997595966 -0.050062660 -0.421089590 0.908757865 -0.022737913 0.416703790 5.012024879
0.414006501 -0.067169480 -0.907792330 -4.334563732 0.048000216 0.997497320 -0.051916014 -0.424352348 0.909007430 -0.022080662 0.416194499 5.035258293
0.417822123 -0.067248441 -0.906036675 -4.385029316 0.045876984 0.997546315 -0.052884191 -0.427623898 0.907369792 -0.019470043 0.419882059 5.056676388
0.420318872 -0.067207664 -0.904884100 -4.430726051 0.044096064 0.997587740 -0.053610347 -0.431701928 0.906304359 -0.017368386 0.422268510 5.079412460
0.425030291 -0.067416631 -0.902665019 -4.477837563 0.043215398 0.997596741 -0.054158259 -0.435943961 0.904146850 -0.015990127 0.426922262 5.101703644
0.430822462 -0.069248408 -0.899775922 -4.526280403 0.044465635 0.997469366 -0.055476453 -0.438431084 0.901340544 -0.016108599 0.432811379 5.124655724
0.437323809 -0.067870133 -0.896739364 -4.572503090 0.043097958 0.997584045 -0.054484513 -0.442125678 0.898270726 -0.014820255 0.439192355 5.148244858
0.445312858 -0.066289045 -0.892917812 -4.619297504 0.041072454 0.997718215 -0.053585775 -0.445670694 0.894432425 -0.012811892 0.447019428 5.170726776
0.453615099 -0.065914303 -0.888756812 -4.664868355 0.040370211 0.997757137 -0.053393602 -0.448852420 0.890282810 -0.011659154 0.455258638 5.194154739
0.463997364 -0.064898930 -0.883456051 -4.710685253 0.039573491 0.997835636 -0.052517004 -0.452888042 0.884952188 -0.010593686 0.465561301 5.217033863
0.474136472 -0.064041577 -0.878119171 -4.756038189 0.037078843 0.997918785 -0.052758045 -0.456927598 0.879670084 -0.007545131 0.475524247 5.241169930
0.484070569 -0.066781305 -0.872476876 -4.800147533 0.036128901 0.997758508 -0.056325492 -0.459679753 0.874282777 -0.004256119 0.485398293 5.265545368
0.495240957 -0.066308454 -0.866221488 -4.844986439 0.033800170 0.997798681 -0.057056140 -0.464298904 0.868097901 -0.001021896 0.496391982 5.291304588
0.507332444 -0.065407559 -0.859264612 -4.887760639 0.032213885 0.997857928 -0.056937415 -0.467287779 0.861148119 0.001205946 0.508352757 5.316445351
0.520316243 -0.063406020 -0.851616502 -4.930500507 0.031639546 0.997986495 -0.054972831 -0.470637500 0.853387296 0.001658504 0.521274745 5.342131615
0.533572793 -0.060540475 -0.843584418 -4.973928452 0.029204866 0.998158753 -0.053161338 -0.473854631 0.845249772 0.003728667 0.534358382 5.368196487
0.546684086 -0.060011264 -0.835185707 -5.017080784 0.029362693 0.998188972 -0.052503858 -0.476931900 0.836823940 0.004179713 0.547456086 5.394574165
0.557773352 -0.059288394 -0.827873051 -5.056928635 0.028292442 0.998223960 -0.052426297 -0.480889887 0.829510987 0.005819446 0.558460116 5.421739101
0.568370640 -0.060629867 -0.820535719 -5.095942497 0.030284766 0.998147130 -0.052775946 -0.485029817 0.822215080 0.005146566 0.569153607 5.449262142
0.580044210 -0.060798664 -0.812312841 -5.137116909 0.030293979 0.998130918 -0.053074595 -0.488131702 0.814021409 0.006177424 0.580801964 5.477108955
0.590246916 -0.060221713 -0.804973304 -5.175316334 0.031078167 0.998169243 -0.051887028 -0.491916120 0.806624234 0.005609059 0.591037929 5.505737305
0.601746619 -0.058254074 -0.796559751 -5.215361118 0.029580612 0.998277783 -0.050659999 -0.494835317 0.798139095 0.006921764 0.602433503 5.534341335
0.611980140 -0.055979297 -0.788889527 -5.253062248 0.030139890 0.998418033 -0.047466375 -0.498048842 0.790298700 0.005271442 0.612699270 5.563429356
0.622123003 -0.053719360 -0.781074345 -5.290110588 0.028454501 0.998535573 -0.046011608 -0.500980020 0.782402277 0.006399797 0.622740507 5.591914654
0.632868588 -0.053442575 -0.772412479 -5.326833725 0.026963595 0.998531044 -0.046995163 -0.503957510 0.773789525 0.008914746 0.633380055 5.620776176
0.641787410 -0.053223517 -0.765033484 -5.361820698 0.024908254 0.998509049 -0.048570901 -0.506475389 0.766478002 0.012116538 0.642156243 5.650352478
0.651709437 -0.052219972 -0.756668925 -5.396739006 0.024234656 0.998551369 -0.048039999 -0.509517193 0.758081377 0.012970510 0.652030885 5.679046154
0.660370171 -0.049955498 -0.749276817 -5.432068348 0.023801021 0.998675883 -0.045606460 -0.512619197 0.750562966 0.012283595 0.660684764 5.710683823
0.669046760 -0.049551129 -0.741566718 -5.466076851 0.024735516 0.998706818 -0.044416558 -0.514801383 0.742808580 0.011373714 0.669407308 5.740829468
0.676899016 -0.048132468 -0.734500468 -5.499214649 0.024734311 0.998783588 -0.042656582 -0.518002272 0.735660195 0.010706841 0.677266181 5.772321701
0.684784353 -0.047155432 -0.727218509 -5.531882763 0.023222452 0.998809516 -0.042898964 -0.520453691 0.728375614 0.012488746 0.685064197 5.803011894
0.692818403 -0.046001595 -0.719643414 -5.563801289 0.022361388 0.998853683 -0.042321637 -0.522862434 0.720765233 0.013228987 0.693053067 5.833106995
0.699519098 -0.043982577 -0.713259101 -5.595652103 0.022501970 0.998964906 -0.039531909 -0.525501609 0.714259565 0.011603591 0.699784696 5.863546848
0.707544565 -0.040727936 -0.705494046 -5.625702381 0.021015335 0.999108851 -0.036601808 -0.527890682 0.706356108 0.011071219 0.707769990 5.893159866
0.714197516 -0.039145019 -0.698848724 -5.656834126 0.020013714 0.999168694 -0.035513740 -0.530592740 0.699657977 0.011377271 0.714387298 5.925347328
0.721683800 -0.038498882 -0.691151440 -5.685062408 0.019728955 0.999190569 -0.035056930 -0.532732248 0.691941619 0.011664327 0.721859097 5.954913616
0.729543984 -0.035650954 -0.683004081 -5.715900421 0.016937247 0.999275982 -0.034068141 -0.534803510 0.683724165 0.013286003 0.729619622 5.987226009
0.738760829 -0.032850821 -0.673166513 -5.743678570 0.015942341 0.999383688 -0.031274572 -0.536681235 0.673779070 0.012372583 0.738829315 6.017387867
0.747975707 -0.029056443 -0.663089812 -5.771733284 0.014460761 0.999517500 -0.027486665 -0.539186358 0.663568556 0.010970571 0.748035014 6.048638821
0.758238971 -0.026784282 -0.651426256 -5.798034191 0.012452764 0.999568403 -0.026604015 -0.540837765 0.651857793 0.012060140 0.758245230 6.078842640
0.768169999 -0.025806218 -0.639725804 -5.824872971 0.010790901 0.999567270 -0.027364550 -0.542918444 0.640155196 0.014117403 0.768115938 6.110102654
0.777947426 -0.027109109 -0.627744257 -5.850187778 0.011099715 0.999505758 -0.029408030 -0.544715762 0.628231227 0.015910119 0.777863979 6.141463757
0.788049161 -0.026197905 -0.615054667 -5.874714375 0.010847403 0.999530017 -0.028675986 -0.546529531 0.615516782 0.015926342 0.787962854 6.172751427
0.798381865 -0.024905667 -0.601636171 -5.899171829 0.010721656 0.999573827 -0.027151091 -0.548298299 0.602056026 0.015226401 0.798308671 6.204556942
0.808358729 -0.022725303 -0.588251412 -5.922394276 0.010622819 0.999654949 -0.024021048 -0.549923480 0.588594317 0.013168737 0.808321297 6.236332893
0.817681909 -0.020708477 -0.575297713 -5.944640160 0.010195433 0.999716997 -0.021494955 -0.551409483 0.575579882 0.011710627 0.817661703 6.268671513
0.827504039 -0.018868947 -0.561142445 -5.967089653 0.010395184 0.999778628 -0.018288966 -0.552898169 0.561363280 0.009301016 0.827517152 6.299176693
0.835201085 -0.019282769 -0.549606502 -5.989870071 0.012106433 0.999787509 -0.016679879 -0.553969443 0.549811423 0.007277275 0.835257053 6.334710598
0.842459381 -0.018945234 -0.538426638 -6.010874271 0.013056816 0.999805927 -0.014749868 -0.555736959 0.538601637 0.005396026 0.842543244 6.367136002
0.848895490 -0.019029565 -0.528218031 -6.031032085 0.013230803 0.999803603 -0.014755764 -0.556186020 0.528394938 0.005537352 0.848980606 6.400621414
0.855764031 -0.018239044 -0.517044663 -6.053087234 0.012516141 0.999815762 -0.014553518 -0.557923794 0.517214954 0.005982974 0.855834603 6.436306000
0.862655759 -0.016686341 -0.505516231 -6.073391914 0.011515248 0.999844611 -0.013352787 -0.558782935 0.505660594 0.005697711 0.862713754 6.469453812
0.868989170 -0.014508884 -0.494618416 -6.093898773 0.009516577 0.999875188 -0.012610272 -0.560387135 0.494739622 0.006251116 0.869018853 6.505087852
0.874593079 -0.015793826 -0.484600306 -6.113579750 0.010860829 0.999856710 -0.012985459 -0.561231732 0.484735966 0.006093832 0.874639213 6.541979790
0.879716277 -0.016965879 -0.475196242 -6.132558346 0.011762694 0.999833941 -0.013921046 -0.562200189 0.475353479 0.006656983 0.879769683 6.577327728
0.884126902 -0.017076029 -0.466934949 -6.152134895 0.011784453 0.999828935 -0.014250725 -0.563404918 0.467098445 0.007096875 0.884176791 6.613689423
0.887465894 -0.016916111 -0.460562706 -6.171309471 0.011895623 0.999834001 -0.013801250 -0.564110994 0.460719705 0.006769458 0.887519777 6.650918007
0.890847981 -0.015202330 -0.454047292 -6.190644741 0.011539779 0.999874711 -0.010836398 -0.564872801 0.454155147 0.004413977 0.890911698 6.687995911
0.893979669 -0.011200340 -0.447967470 -6.209329605 0.009257915 0.999935806 -0.006525548 -0.565513849 0.448011845 0.001686464 0.894026041 6.725297928
0.897144198 -0.008049051 -0.441664457 -6.229142189 0.007329376 0.999967575 -0.003335749 -0.566742957 0.441677034 -0.000244477 0.897174120 6.764915943
0.900435269 -0.004582848 -0.434965760 -6.247688293 0.004540483 0.999989033 -0.001136609 -0.567617178 0.434966147 -0.000951512 0.900446296 6.803524971
0.903630614 -0.004408093 -0.428289920 -6.267979145 0.005086556 0.999986947 0.000439733 -0.566910744 0.428282410 -0.002575877 0.903641403 6.844551086
0.906930029 -0.002632781 -0.421273082 -6.287543297 0.004680846 0.999981701 0.003827606 -0.568180621 0.421255291 -0.005443286 0.906925678 6.886430740
0.910335600 -0.002968908 -0.413860172 -6.305748940 0.005773704 0.999968052 0.005526495 -0.568060756 0.413830519 -0.007420472 0.910323679 6.926887512
0.914024651 -0.003933818 -0.405639589 -6.326271057 0.007045837 0.999956071 0.006178943 -0.567650437 0.405597448 -0.008505777 0.914012194 6.970187187
0.917605102 -0.003772648 -0.397475332 -6.344926834 0.007047104 0.999952197 0.006777757 -0.568795919 0.397430778 -0.009020355 0.917587817 7.013844490
0.921524942 -0.005850680 -0.388275266 -6.363037109 0.009100239 0.999937236 0.006530888 -0.569108367 0.388212800 -0.009551774 0.921520233 7.057115555
0.925204277 -0.007090808 -0.379403144 -6.379067421 0.009912929 0.999935806 0.005485276 -0.569464445 0.379339933 -0.008835997 0.925215185 7.099942684
0.929907441 -0.008561723 -0.367693961 -6.399434566 0.010415959 0.999941051 0.003058684 -0.569289565 0.367646158 -0.006674178 0.929941833 7.146839142
0.935097098 -0.006504870 -0.354331881 -6.417076111 0.007879253 0.999966025 0.002436181 -0.569695354 0.354303986 -0.005069935 0.935116649 7.193019390
0.941119015 -0.002387891 -0.338066995 -6.434010506 0.003941912 0.999984562 0.003910330 -0.570020437 0.338052481 -0.005012716 0.941114008 7.239853859
0.947578549 0.000821816 -0.319521815 -6.450414658 0.001469530 0.999974906 0.006930011 -0.570841193 0.319519550 -0.007036276 0.947553575 7.284680843
0.954172254 0.004009407 -0.299231231 -6.466557503 -0.001576424 0.999963760 0.008371727 -0.570489764 0.299253970 -0.007516353 0.954143882 7.332564354
0.960521162 0.005688896 -0.278148890 -6.480491638 -0.003249572 0.999952078 0.009230097 -0.570606470 0.278188050 -0.007961838 0.960493624 7.381236076
0.966405034 0.006585392 -0.256939590 -6.494432449 -0.003919124 0.999933183 0.010887734 -0.570605874 0.256994098 -0.009514981 0.966366112 7.432032585
0.971917629 0.007756650 -0.235193476 -6.506793976 -0.004648917 0.999894500 0.013765120 -0.570526123 0.235275462 -0.012285165 0.971851110 7.481698513
0.976998687 0.010518546 -0.212985516 -6.517816544 -0.006977307 0.999824762 0.017371528 -0.570498466 0.213130981 -0.015485890 0.976900876 7.530789375
0.981519282 0.012735187 -0.190938935 -6.528452873 -0.008755127 0.999726713 0.021673843 -0.570055306 0.191162765 -0.019601598 0.981362581 7.584581852
0.985683382 0.014288910 -0.168001175 -6.540820599 -0.010297101 0.999644160 0.024607841 -0.568851113 0.168292999 -0.022525612 0.985479593 7.643420219
0.989174902 0.016356967 -0.145827696 -6.549404621 -0.012886104 0.999611497 0.024714133 -0.568711758 0.146175265 -0.022567449 0.989001274 7.694992065
0.992205262 0.015893994 -0.123597294 -6.555940151 -0.013188801 0.999655902 0.022674682 -0.568199158 0.123915173 -0.020867836 0.992073417 7.751072884
0.994656384 0.016115380 -0.101975448 -6.563866615 -0.013948701 0.999662340 0.021924611 -0.567620516 0.102294348 -0.020385029 0.994545281 7.804254532
0.996559799 0.014412970 -0.081613615 -6.571380138 -0.012551847 0.999650359 0.023271414 -0.565437078 0.081920505 -0.022166960 0.996392250 7.867280006
0.997996449 0.015239652 -0.061408021 -6.575667858 -0.013732355 0.999595702 0.024893394 -0.564054787 0.061762594 -0.024000240 0.997802198 7.923537254
0.999056995 0.015454086 -0.040573072 -6.580662727 -0.014400946 0.999554992 0.026121780 -0.564204395 0.040958729 -0.025512859 0.998834968 7.981775284
0.999651313 0.016916621 -0.020275578 -6.581671238 -0.016381055 0.999520004 0.026295412 -0.562359929 0.020710675 -0.025954107 0.999448597 8.046014786
0.999854386 0.017057957 0.000510320 -6.582870007 -0.017065525 0.999485075 0.027171576 -0.561960816 -0.000046566 -0.027176322 0.999630749 8.104313850
0.999579847 0.019805236 0.021166012 -6.584184647 -0.020362675 0.999442637 0.026453784 -0.559770703 -0.020630294 -0.026873665 0.999425948 8.165230751
0.998947620 0.021032518 0.040761217 -6.579339981 -0.022108199 0.999414384 0.026121173 -0.561215878 -0.040187947 -0.026994839 0.998827457 8.221814156
0.997931600 0.020915356 0.060789138 -6.577453136 -0.022314610 0.999499261 0.022431049 -0.558282316 -0.060289558 -0.023741137 0.997898579 8.288396835
0.996609807 0.022081930 0.079255305 -6.572532177 -0.023736468 0.999518275 0.019994913 -0.557839990 -0.078775600 -0.021808363 0.996653914 8.346637726
0.994863212 0.022386231 0.098721884 -6.567988873 -0.024274139 0.999543846 0.017963871 -0.556495786 -0.098274723 -0.020267984 0.994952917 8.412169456
0.992753923 0.023311986 0.117882229 -6.559457302 -0.025333486 0.999556065 0.015679087 -0.558484316 -0.117464378 -0.018551840 0.992903829 8.473892212
0.990412533 0.024128368 0.136017710 -6.551911354 -0.025756674 0.999615967 0.010223888 -0.558489144 -0.135718793 -0.013629232 0.990653574 8.539186478
0.987775862 0.026359050 0.153635770 -6.542402267 -0.027261285 0.999621272 0.003768460 -0.558594704 -0.153478250 -0.007910701 0.988120377 8.603777885
0.984969139 0.027023422 0.170603320 -6.531002998 -0.027115857 0.999630690 -0.001788730 -0.558413863 -0.170588657 -0.002864213 0.985338092 8.665285110
0.981636643 0.030711107 0.188272223 -6.519325256 -0.030171121 0.999528289 -0.005733968 -0.558911383 -0.188359484 -0.000051710 0.982100248 8.728644371
0.977806747 0.033107899 0.206877008 -6.508658409 -0.032090411 0.999450624 -0.008273036 -0.561128497 -0.207037300 0.001450661 0.978331983 8.797828674
0.974053741 0.032448702 0.223978803 -6.492840767 -0.031493366 0.999473214 -0.007837267 -0.562539518 -0.224115133 0.000580072 0.974562526 8.858367920
0.970001578 0.031846158 0.241004065 -6.477944374 -0.030712614 0.999492407 -0.008459280 -0.565109193 -0.241151139 0.000803650 0.970487297 8.923509598
0.965446591 0.032760892 0.258533657 -6.460989952 -0.030164057 0.999446809 -0.014005858 -0.565322757 -0.258849472 0.005723484 0.965900719 8.999176979
0.960975170 0.033606786 0.274585485 -6.442232609 -0.029601822 0.999386489 -0.018717501 -0.566823244 -0.275045991 0.009858824 0.961380601 9.062831879
0.955988228 0.035867896 0.291204453 -6.422071457 -0.031856123 0.999321043 -0.018507503 -0.569329381 -0.291670561 0.008416311 0.956481874 9.127658844
0.950329542 0.037883684 0.308931351 -6.401673317 -0.033499338 0.999248683 -0.019485936 -0.570827842 -0.309437543 0.008169065 0.950884700 9.201553345
0.944451034 0.041423380 0.326031178 -6.378683090 -0.036005851 0.999095142 -0.022636283 -0.573492050 -0.326673895 0.009639831 0.945087910 9.268429756
0.938310266 0.042354349 0.343190730 -6.353333950 -0.035373032 0.999020576 -0.026579928 -0.576775491 -0.343980402 0.012800520 0.938889563 9.335695267
0.931466758 0.044167027 0.361135602 -6.331175804 -0.036055204 0.998923898 -0.029172657 -0.577885211 -0.362035394 0.014152545 0.932056904 9.407407761
0.923592567 0.044471174 0.380787432 -6.316115379 -0.033544846 0.998814046 -0.035286538 -0.577931404 -0.381905168 0.019816928 0.923989058 9.476198196
0.916448414 0.048222367 0.397236496 -6.276987076 -0.035058029 0.998570740 -0.040340126 -0.585162878 -0.398614079 0.023043314 0.916829228 9.537797928
0.906932533 0.050970502 0.418181062 -6.245660782 -0.035851959 0.998390973 -0.043935910 -0.589049578 -0.419747621 0.024854293 0.907300472 9.608676910
0.895422280 0.053956226 0.441936374 -6.214757919 -0.037792139 0.998258054 -0.045305867 -0.592433810 -0.443611085 0.023866160 0.895901620 9.674550056
0.882451892 0.058934659 0.466696292 -6.179690361 -0.041315112 0.997996926 -0.047906995 -0.599141121 -0.468584925 0.022994004 0.883119166 9.743195534
0.868833244 0.062698178 0.491118848 -6.147128105 -0.043021392 0.997757792 -0.051269010 -0.601905107 -0.493232191 0.023415606 0.869582534 9.804086685
0.854119003 0.067254409 0.515710771 -6.110066414 -0.045432728 0.997461259 -0.054834455 -0.606605053 -0.518089354 0.023404997 0.855006218 9.871406555
0.839358449 0.068827838 0.539203048 -6.069979668 -0.044945579 0.997342288 -0.057342868 -0.611371994 -0.541716814 0.023896430 0.840221345 9.934702873
0.824150026 0.069170564 0.562131822 -6.027652740 -0.043146115 0.997297764 -0.059460752 -0.617243052 -0.564725757 0.024750773 0.824907422 10.000912666
0.808195472 0.071720250 0.584530830 -5.986026764 -0.041870415 0.997042596 -0.064442568 -0.622243285 -0.587424099 0.027607638 0.808808208 10.061214447
0.791724265 0.074286707 0.606345057 -5.941553116 -0.040536352 0.996779501 -0.069191389 -0.630187631 -0.609532297 0.030201478 0.792185783 10.121118546
0.776032746 0.075921841 0.626106143 -5.892767906 -0.038684748 0.996588826 -0.072898559 -0.635404706 -0.629504919 0.032350909 0.776322663 10.185476303
