0.999756217 -0.007389490 0.020806547 0.001191482 0.007393973 0.999972641 -0.000138558 -0.000581056 -0.020804962 0.000292367 0.999783516 0.044256788
0.999786496 -0.008800631 0.018694850 0.001544663 0.008832492 0.999959648 -0.001622315 -0.000674349 -0.018679818 0.001787091 0.999823928 0.059537314
0.999868453 -0.011389570 0.011549346 0.001964475 0.011424598 0.999930263 -0.002971401 -0.000868417 -0.011514697 0.003102958 0.999928832 0.078768596
0.999914348 -0.013084784 -0.000032002 0.001207076 0.013084461 0.999902070 -0.004966406 -0.001057610 0.000096983 0.004965563 0.999987662 0.091108218
0.999787390 -0.012275277 -0.016567321 0.000328290 0.012190131 0.999911964 -0.005230676 -0.001302942 0.016630072 0.005027606 0.999849021 0.107478857
0.999317884 -0.008117796 -0.036027834 -0.001393152 0.007926599 0.999953806 -0.005446607 -0.001483615 0.036070384 0.005157313 0.999335885 0.125296220
0.998440325 -0.004289411 -0.055664726 -0.003149878 0.003953283 0.999973297 -0.006147148 -0.002039761 0.055689611 0.005917502 0.998430550 0.141659021
0.997084260 -0.003773624 -0.076214842 -0.005010017 0.003318705 0.999975920 -0.006094694 -0.002530590 0.076236002 0.005823988 0.997072816 0.160295084
0.995271325 -0.005759697 -0.096963972 -0.007521322 0.005216856 0.999969244 -0.005850973 -0.002536684 0.096994676 0.005317458 0.995270669 0.177793667
0.993110716 -0.007276144 -0.116953835 -0.010189777 0.006762461 0.999965668 -0.004788415 -0.003014832 0.116984658 0.003964530 0.993125737 0.197493926
0.990948260 -0.006008207 -0.134110525 -0.013893228 0.005434789 0.999974489 -0.004641393 -0.002859125 0.134134978 0.003870518 0.990955472 0.216471374
0.988643348 -0.004929570 -0.150199503 -0.017543448 0.004416293 0.999983251 -0.003750664 -0.003263213 0.150215447 0.003044744 0.988648534 0.237921670
0.986567438 -0.004130116 -0.163303167 -0.021510223 0.003530121 0.999985933 -0.003964136 -0.003580618 0.163317263 0.003334408 0.986567914 0.257132441
0.984469235 -0.005780172 -0.175462008 -0.025963381 0.005141146 0.999978423 -0.004096316 -0.004246217 0.175481886 0.003130621 0.984477699 0.278990895
0.982696593 -0.009424295 -0.184982210 -0.030227464 0.008249057 0.999940574 -0.007121834 -0.004287807 0.185038343 0.005472672 0.982716024 0.300482899
0.981226385 -0.008131780 -0.192687720 -0.035165817 0.006409284 0.999933779 -0.009560982 -0.004304482 0.192752704 0.008146496 0.981213510 0.324291229
0.979694903 -0.007766654 -0.200343445 -0.040239982 0.005668270 0.999922872 -0.011045430 -0.004854256 0.200413764 0.009685554 0.979663432 0.346628398
0.978043556 -0.009241287 -0.208195522 -0.045815442 0.006464992 0.999880970 -0.014011553 -0.005078574 0.208300218 0.012357930 0.977986872 0.371310562
0.976199925 -0.012749255 -0.216497362 -0.050985403 0.009714865 0.999839187 -0.015074332 -0.005912947 0.216654733 0.012612321 0.976166844 0.396090388
0.974363744 -0.018465798 -0.224219233 -0.056773469 0.015082393 0.999745250 -0.016793184 -0.006493491 0.224472195 0.012980911 0.974394083 0.421832740
0.972276449 -0.019415975 -0.233026832 -0.063073128 0.015408440 0.999700606 -0.019005960 -0.007263272 0.233326152 0.014888467 0.972284555 0.447774947
0.970247865 -0.015922345 -0.241589621 -0.070815563 0.010546390 0.999667406 -0.023529327 -0.007638326 0.241883919 0.020281376 0.970093250 0.474630862
0.968107402 -0.012731862 -0.250211865 -0.077971995 0.006349051 0.999633908 -0.026300263 -0.008597007 0.250455141 0.023872871 0.967833817 0.500720382
0.965994716 -0.015387325 -0.258103222 -0.086417541 0.008406391 0.999568999 -0.028128905 -0.009621274 0.258424819 0.025002660 0.965707779 0.529485524
0.963428378 -0.018154645 -0.267349988 -0.093302235 0.010351422 0.999479115 -0.030567912 -0.010353344 0.267765701 0.026682543 0.963114500 0.556968629
0.961098731 -0.017450055 -0.275653273 -0.101739660 0.008655996 0.999414980 -0.033087153 -0.011511454 0.276069403 0.029413963 0.960687518 0.585464954
0.959039271 -0.016837712 -0.282772452 -0.112427652 0.006786223 0.999310970 -0.036488209 -0.013104939 0.283191979 0.033074666 0.958492696 0.616056561
0.956572771 -0.017777434 -0.290951014 -0.120642230 0.005959097 0.999122560 -0.041455504 -0.014547027 0.291432768 0.037921406 0.955839396 0.645411670
0.954654038 -0.020140704 -0.297035396 -0.130229771 0.005907218 0.998793960 -0.048738528 -0.016317397 0.297658831 0.044773787 0.953621805 0.676608562
0.953349888 -0.020562191 -0.301166296 -0.140475154 0.003562857 0.998374343 -0.056885887 -0.018155593 0.301846415 0.053159148 0.951873422 0.708984017
0.952367723 -0.019567940 -0.304323316 -0.151401639 -0.000384056 0.997861385 -0.065364212 -0.020247970 0.304951549 0.062367648 0.950323522 0.738556683
0.950939417 -0.018916603 -0.308798283 -0.162009880 -0.004299456 0.997224450 -0.074328847 -0.022823449 0.309347242 0.072009906 0.948218822 0.770416141
0.949606776 -0.018955927 -0.312869906 -0.173826277 -0.006847187 0.996676862 -0.081168145 -0.025424276 0.313368767 0.079220124 0.946321309 0.804753065
0.947997093 -0.016987713 -0.317825317 -0.185909569 -0.011611889 0.996063828 -0.087874964 -0.028302956 0.318067074 0.086995751 0.944068491 0.838722229
0.946472943 -0.015313778 -0.322419643 -0.198514163 -0.015915798 0.995444834 -0.094001375 -0.031502873 0.322390497 0.094101325 0.941917896 0.872612417
0.944874763 -0.013693527 -0.327145427 -0.211599022 -0.019870177 0.994885743 -0.099033393 -0.035312582 0.326828450 0.100074604 0.939770341 0.907340527
0.943119764 -0.011178411 -0.332265198 -0.223353237 -0.024250135 0.994459033 -0.102289520 -0.038708098 0.331567556 0.104528762 0.937622905 0.939979732
0.941508114 -0.010375842 -0.336830378 -0.236792088 -0.026013654 0.994305670 -0.103342295 -0.042946331 0.335984588 0.106059812 0.935877025 0.974613667
0.939325213 -0.009387189 -0.342899531 -0.251242757 -0.027579295 0.994322658 -0.102770112 -0.046499081 0.341917515 0.105991498 0.933733463 1.011657476
0.936879277 -0.009978518 -0.349510610 -0.263708323 -0.026990108 0.994546354 -0.100742511 -0.050902601 0.348609716 0.103816904 0.931500554 1.046608090
0.934527755 -0.010699872 -0.355729282 -0.278118759 -0.026230244 0.994758487 -0.098829873 -0.054935478 0.354922235 0.101690121 0.929348946 1.081655025
0.931187332 -0.010259721 -0.364396900 -0.292727768 -0.026568409 0.995035470 -0.095909014 -0.058750171 0.363571823 0.098990694 0.926291704 1.117626786
0.927873552 -0.007203675 -0.372825354 -0.307679147 -0.028590763 0.995495915 -0.090390436 -0.062785044 0.371797204 0.094530255 0.923488379 1.154591680
0.924265921 -0.003617453 -0.381732225 -0.325161666 -0.031432938 0.995838523 -0.085543692 -0.066011667 0.380453020 0.091064088 0.920305789 1.195008516
0.921174645 0.000951961 -0.389148146 -0.338864982 -0.035130393 0.996117353 -0.080722377 -0.070489854 0.387560368 0.088030338 0.917631567 1.223626494
0.917042673 0.001347819 -0.398786753 -0.357128084 -0.036038391 0.996182680 -0.079506330 -0.073943272 0.397157311 0.087282330 0.913590670 1.267278314
0.913009763 0.000296582 -0.407937735 -0.374643624 -0.035434280 0.996277690 -0.078581512 -0.077537626 0.406395972 0.086200662 0.909621835 1.304665804
0.909373105 0.001389809 -0.415978938 -0.392772317 -0.036876172 0.996326745 -0.077286378 -0.080986321 0.414343566 0.085621871 0.906084120 1.341983795
0.905353248 0.002072839 -0.424654216 -0.410548806 -0.037781205 0.996415675 -0.075684920 -0.084450014 0.422975272 0.084565543 0.902186573 1.380209446
0.901661277 0.001517935 -0.432440341 -0.430092037 -0.036748584 0.996645570 -0.073124357 -0.087969452 0.430878788 0.081824973 0.898692489 1.420754313
0.897838891 0.003022226 -0.440313637 -0.447819114 -0.036922902 0.996971250 -0.068446085 -0.091954470 0.438773334 0.077711187 0.895231247 1.454258561
0.893950164 0.002855289 -0.448157281 -0.469888449 -0.034822114 0.997399151 -0.063105918 -0.095307708 0.446811438 0.072019339 0.891724586 1.498360276
0.890447438 0.005301545 -0.455055088 -0.490154415 -0.036228459 0.997584343 -0.059269316 -0.097897172 0.453641593 0.069262162 0.888488650 1.536019444
0.886313200 0.001017830 -0.463085175 -0.510189652 -0.030762607 0.997918069 -0.056684151 -0.101403095 0.462063402 0.064485624 0.884499252 1.576467752
0.883148730 0.002271958 -0.469087571 -0.534332871 -0.032459632 0.997887313 -0.056278434 -0.104153559 0.467968732 0.064928643 0.881356597 1.620464325
0.879856944 0.003319589 -0.475227118 -0.556102037 -0.033010930 0.997987270 -0.054146718 -0.107330225 0.474090844 0.063329063 0.878195465 1.660355330
0.876980186 0.001964814 -0.480522603 -0.577418983 -0.031079317 0.998129785 -0.052640200 -0.110437855 0.479520470 0.061098743 0.875401139 1.699384809
0.874234915 -0.000586376 -0.485502779 -0.604383111 -0.028482430 0.998215020 -0.052493341 -0.113335878 0.484666944 0.059719820 0.872657716 1.747182965
0.872166276 -0.002113624 -0.489204943 -0.627184629 -0.027257029 0.998227298 -0.052907355 -0.116016336 0.488449544 0.059478283 0.870562613 1.788386703
0.870928884 -0.001116811 -0.491407752 -0.651228309 -0.028449247 0.998205602 -0.052689601 -0.119092725 0.490584791 0.059869073 0.869334400 1.829383731
0.870301008 0.000109009 -0.492520094 -0.678208292 -0.029911971 0.998165727 -0.052634615 -0.121755607 0.491610944 0.060540210 0.868707895 1.874948025
0.870187640 0.000240799 -0.492720395 -0.702529550 -0.029619763 0.998216927 -0.051823270 -0.123758256 0.491829306 0.059690233 0.868643165 1.917627931
0.869999945 -0.002095513 -0.493047476 -0.725446582 -0.025933823 0.998412251 -0.050004542 -0.127701283 0.492369384 0.056290552 0.868564129 1.957373500
0.869041443 -0.003729160 -0.494725287 -0.754774809 -0.024855608 0.998379707 -0.051187348 -0.130231172 0.494114578 0.056780625 0.867540658 2.009497881
0.867855370 -0.006008422 -0.496780694 -0.778751373 -0.022777943 0.998394132 -0.051867433 -0.132442534 0.496294528 0.056329072 0.866324842 2.051817179
0.866674185 -0.006102371 -0.498837233 -0.808779359 -0.021664564 0.998521388 -0.049854878 -0.135821432 0.498403847 0.054015022 0.865260720 2.101194620
0.864289463 -0.006475748 -0.502952933 -0.834215045 -0.019014806 0.998781621 -0.045535363 -0.139274359 0.502635181 0.048919287 0.863113403 2.145359278
0.861746430 -0.004819639 -0.507316351 -0.862285793 -0.018847784 0.998960435 -0.041505940 -0.142374694 0.506989002 0.045329373 0.860759735 2.191052675
0.857650340 -0.006299418 -0.514194727 -0.891148329 -0.016509689 0.999072194 -0.039776981 -0.145203099 0.513968229 0.042603936 0.856750607 2.240053177
0.852589309 -0.009325925 -0.522498190 -0.918559551 -0.014896273 0.999000728 -0.042137954 -0.148137033 0.522369087 0.043709651 0.851598501 2.282631397
0.846306264 -0.013244493 -0.532531977 -0.947511196 -0.012793228 0.998897195 -0.045174513 -0.151154965 0.532543004 0.045044284 0.845203519 2.330651760
0.840127885 -0.013455080 -0.542221367 -0.976356864 -0.012831417 0.998919368 -0.044669151 -0.153699219 0.542236567 0.044485267 0.839047492 2.375223160
0.834421337 -0.009493844 -0.551045299 -1.007886887 -0.014835685 0.999102294 -0.039678294 -0.156611800 0.550927341 0.041283537 0.833531499 2.421311378
0.829245389 -0.004493407 -0.558866739 -1.036818027 -0.018255394 0.999216259 -0.035121225 -0.159144908 0.558586657 0.039326444 0.828513443 2.464570761
0.825374544 -0.004247980 -0.564569592 -1.068616033 -0.020122210 0.999114990 -0.036935363 -0.161630407 0.564226866 0.041845899 0.824558675 2.509549618
0.821539462 -0.007758787 -0.570098817 -1.097628832 -0.018621068 0.999008775 -0.040429905 -0.164915562 0.569847465 0.043830611 0.820580721 2.551785707
0.818862915 -0.009002876 -0.573918343 -1.130118847 -0.022718951 0.998585105 -0.048079740 -0.167321354 0.573539138 0.052409545 0.817499876 2.596294403
0.815812290 -0.009161752 -0.578244269 -1.161838055 -0.023972804 0.998479366 -0.049641877 -0.170519337 0.577819645 0.054360583 0.814352036 2.639006376
0.812339544 -0.007978887 -0.583130121 -1.193023324 -0.022918727 0.998697162 -0.045592364 -0.173529148 0.582734227 0.050401088 0.811098218 2.682965517
0.808996856 -0.006122360 -0.587781012 -1.224108696 -0.021678638 0.998954654 -0.040242732 -0.176553667 0.587413013 0.045298528 0.808018506 2.725661516
0.806407928 -0.003818093 -0.591347516 -1.256995678 -0.023003673 0.999019742 -0.037819885 -0.178610042 0.590912104 0.044101417 0.805529475 2.768309355
0.803718448 -0.003266735 -0.595001042 -1.289961457 -0.024088388 0.998986542 -0.038022969 -0.181734324 0.594522119 0.044892382 0.802825093 2.810492039
0.799686074 -0.004963689 -0.600397825 -1.321960211 -0.023747826 0.998921871 -0.039888788 -0.184118614 0.599948525 0.046156660 0.798706055 2.854089022
0.795146406 -0.007956019 -0.606365263 -1.353836298 -0.022218056 0.998860359 -0.042241141 -0.187191978 0.606010258 0.047060147 0.794063509 2.897331953
0.791237712 -0.009258928 -0.611438572 -1.387766838 -0.021177838 0.998870611 -0.042531140 -0.190141439 0.611141860 0.046601187 0.790148079 2.939750910
0.786583543 -0.008972031 -0.617418706 -1.421649218 -0.021353777 0.998901069 -0.041719977 -0.192989975 0.617114663 0.046000466 0.785527527 2.983491421
0.781861722 -0.008709569 -0.623391151 -1.456038952 -0.021373758 0.998940289 -0.040763579 -0.195807680 0.623085558 0.045195691 0.780846834 3.025186539
0.776727319 -0.010088582 -0.629756272 -1.490665674 -0.020934798 0.998905838 -0.041822799 -0.198906317 0.629489005 0.045668729 0.775666118 3.066756010
0.771289885 -0.011538359 -0.636379302 -1.525712490 -0.020404730 0.998873472 -0.042841308 -0.201533362 0.636156678 0.046028219 0.770185649 3.109104156
0.765465021 -0.012996943 -0.643346131 -1.561061621 -0.019512005 0.998867393 -0.043394960 -0.204374209 0.643181443 0.045770295 0.764344513 3.150836706
0.759862721 -0.014929633 -0.649912059 -1.597113848 -0.018478446 0.998836279 -0.044549633 -0.207754642 0.649820864 0.045860972 0.758702576 3.192816734
0.754105568 -0.016188806 -0.656553626 -1.633351803 -0.018375523 0.998784781 -0.045733083 -0.210964292 0.656496048 0.046552084 0.752891660 3.233454227
0.747549891 -0.017508540 -0.663974881 -1.669734955 -0.017414389 0.998792231 -0.045943778 -0.213942587 0.663977385 0.045907982 0.746342123 3.275231600
0.740679383 -0.017230123 -0.671637654 -1.704545975 -0.016243394 0.998919606 -0.043539342 -0.217467949 0.671662211 0.043158371 0.739599407 3.315571070
0.735040665 -0.018293271 -0.677776158 -1.747068644 -0.014767573 0.998966813 -0.042977512 -0.220672011 0.677862167 0.041599326 0.734011114 3.357778788
0.728672445 -0.020566335 -0.684553564 -1.784813643 -0.013225260 0.998939991 -0.044089202 -0.223279327 0.684734702 0.041179981 0.727628052 3.397531509
0.721658468 -0.021844972 -0.691904545 -1.824199677 -0.013335200 0.998877823 -0.045445453 -0.226884007 0.692120850 0.042022787 0.720557332 3.439635277
0.715668142 -0.021270720 -0.698116481 -1.863710165 -0.014842953 0.998847187 -0.045649726 -0.229664907 0.698282659 0.043032169 0.714527547 3.479459524
0.710494518 -0.020740623 -0.703397095 -1.904118538 -0.015309694 0.998873532 -0.044917323 -0.232641652 0.703536212 0.042682305 0.709376574 3.518868208
0.705431998 -0.020331627 -0.708485842 -1.946439028 -0.015567929 0.998902857 -0.044166628 -0.236702353 0.708606482 0.042186216 0.704341590 3.561032057
0.701040685 -0.020506021 -0.712826312 -1.990158796 -0.017035000 0.998819709 -0.045486592 -0.240265489 0.712917805 0.044030957 0.699863911 3.602824450
0.695446372 -0.023482086 -0.718194246 -2.030598164 -0.016200338 0.998699546 -0.048340701 -0.242751643 0.718395352 0.045253366 0.694161534 3.641861439
0.690010726 -0.026024472 -0.723331094 -2.073029041 -0.015075584 0.998619854 -0.050310101 -0.246655986 0.723642170 0.045619156 0.688666046 3.681444645
0.685394764 -0.026279246 -0.727697313 -2.116722584 -0.016460359 0.998534024 -0.051563431 -0.249755353 0.727985620 0.047319461 0.683957458 3.722530365
0.679991007 -0.026429655 -0.732743919 -2.156712532 -0.015157440 0.998629868 -0.050086223 -0.252972782 0.733063698 0.045164701 0.678658783 3.761322260
0.675109267 -0.025947925 -0.737261236 -2.204234838 -0.015223939 0.998678386 -0.049089048 -0.256606013 0.737560630 0.044364490 0.673822045 3.802840233
0.670146823 -0.027419690 -0.741721928 -2.248751163 -0.014848849 0.998622060 -0.050332636 -0.259627700 0.742080033 0.044743970 0.668816268 3.842510223
0.665188372 -0.027771462 -0.746158898 -2.294187069 -0.014083629 0.998663604 -0.049724825 -0.263817072 0.746542633 0.043585002 0.663908362 3.882792473
0.661090732 -0.029083734 -0.749742031 -2.339144707 -0.012314283 0.998693287 -0.049599178 -0.267022192 0.750204921 0.042022098 0.659868717 3.921836376
0.657109320 -0.029538779 -0.753216326 -2.386613369 -0.012290993 0.998679161 -0.049887776 -0.270367831 0.753695071 0.042039502 0.655878365 3.962122917
0.652663410 -0.032822687 -0.756936729 -2.431933880 -0.008968606 0.998656452 -0.051037390 -0.274155855 0.757594943 0.040098906 0.651492178 4.001900196
0.648856521 -0.036936823 -0.760013700 -2.476643085 -0.006616453 0.998509467 -0.054176528 -0.277618110 0.760881841 0.040181398 0.647645056 4.039017677
0.644356251 -0.041319806 -0.763608336 -2.522210598 -0.002394183 0.998425305 -0.056046344 -0.280918837 0.764721632 0.037942030 0.643242717 4.076812744
0.637284756 -0.044592496 -0.769337118 -2.567107677 0.002018633 0.998417556 -0.056198373 -0.284955770 0.770625710 0.034261364 0.636366427 4.114684582
0.628980458 -0.047961112 -0.775940299 -2.613702059 0.006754961 0.998394668 -0.056235489 -0.289354026 0.777391791 0.030129578 0.628294706 4.152993679
0.620484650 -0.048715200 -0.782704115 -2.660472393 0.009401085 0.998458982 -0.054691046 -0.293425322 0.784162283 0.026576687 0.619986534 4.189043045
0.611526012 -0.047553014 -0.789794028 -2.708931923 0.010391591 0.998588979 -0.052078363 -0.297467023 0.791156054 0.023640055 0.611157238 4.225893497
0.601823926 -0.047267869 -0.797228694 -2.757641792 0.009236764 0.998592138 -0.052233960 -0.300822914 0.798575401 0.024071837 0.601413369 4.263997555
0.592513144 -0.048402611 -0.804105341 -2.806578636 0.007609834 0.998485029 -0.054495785 -0.303945422 0.805524826 0.026170366 0.591983795 4.299854279
0.582751393 -0.051002059 -0.811048448 -2.857367754 0.008399298 0.998353362 -0.056745529 -0.307858944 0.812606990 0.026256306 0.582220376 4.335143566
0.573049724 -0.052886400 -0.817812264 -2.906220436 0.009214442 0.998268247 -0.058099482 -0.311440945 0.819468796 0.025758209 0.572544575 4.368869305
0.562803745 -0.053755242 -0.824840784 -2.956679583 0.012873549 0.998332083 -0.056277890 -0.316233069 0.826490343 0.021054784 0.562556982 4.403201103
0.552588463 -0.053896960 -0.831709743 -3.009452343 0.013534895 0.998355627 -0.055703454 -0.319979548 0.833344340 0.019523984 0.552409232 4.437878609
0.542686939 -0.054438777 -0.838168979 -3.059951782 0.014569406 0.998357415 -0.055409737 -0.324440002 0.839808583 0.017858522 0.542588711 4.469395638
0.532003403 -0.055150129 -0.844944298 -3.112745762 0.012928597 0.998289406 -0.057018828 -0.328427106 0.846643507 0.019410267 0.531806350 4.503025532
0.521567762 -0.055585444 -0.851397216 -3.163438797 0.012415607 0.998264372 -0.057568174 -0.332704276 0.853119433 0.019455094 0.521352708 4.535982132
0.512096703 -0.056295205 -0.857080996 -3.215072632 0.011491160 0.998209596 -0.058699042 -0.337304145 0.858850896 0.020210730 0.511826754 4.565418720
0.503474772 -0.055388048 -0.862232745 -3.269639015 0.009241493 0.998231351 -0.058728021 -0.342158973 0.863960505 0.021599757 0.503096104 4.596199036
0.493847281 -0.054070968 -0.867866039 -3.322673321 0.009506138 0.998340845 -0.056790661 -0.345584452 0.869496763 0.019795856 0.493541896 4.627879143
0.485582113 -0.052250955 -0.872628272 -3.376978397 0.010158871 0.998481929 -0.054133799 -0.350294739 0.874132037 0.017421484 0.485375822 4.656959534
0.478495091 -0.051516499 -0.876577795 -3.430858612 0.009662713 0.998525918 -0.053408843 -0.355325043 0.878036976 0.017085750 0.478287548 4.685402393
0.470627725 -0.055884112 -0.880560279 -3.486389399 0.012727813 0.998318374 -0.056554984 -0.358568758 0.882240057 0.015408735 0.470547616 4.715149879
0.463436157 -0.059488989 -0.884131193 -3.540891647 0.016294748 0.998147428 -0.058619361 -0.363000959 0.885980427 0.012759637 0.463547021 4.743501186
0.457255989 -0.062116820 -0.887163162 -3.595970154 0.016016470 0.997971177 -0.061620206 -0.366871119 0.889190912 0.013966985 0.457323164 4.772374153
0.451440156 -0.065751538 -0.889875531 -3.650812149 0.018477727 0.997756422 -0.064348802 -0.371870756 0.892110109 0.012606755 0.451642215 4.800323486
0.447310746 -0.066820629 -0.891878963 -3.706194639 0.021072945 0.997715712 -0.064181179 -0.376382530 0.894130230 0.009914417 0.447697103 4.827394485
0.442402393 -0.063692741 -0.894551992 -3.761543751 0.022379020 0.997948229 -0.059987038 -0.381383300 0.896537364 0.006519214 0.442920089 4.855840683
0.438807905 -0.062277347 -0.896420181 -3.816181183 0.025522212 0.998056829 -0.056844961 -0.385590076 0.898218393 0.002065395 0.439544708 4.882516861
0.435495734 -0.061445422 -0.898091197 -3.871828556 0.026288839 0.998110294 -0.055540714 -0.389830410 0.899806857 0.000577965 0.436288059 4.909242153
0.432658851 -0.061634552 -0.899448454 -3.926368237 0.029028447 0.998095512 -0.054430861 -0.394165397 0.901090264 -0.002559598 0.433624029 4.935525894
0.429860383 -0.060264602 -0.900881886 -3.982294559 0.030307226 0.998170733 -0.052311502 -0.398802489 0.902386487 -0.004816587 0.430900574 4.962208271
0.429003298 -0.058595221 -0.901400387 -4.037103653 0.030090924 0.998267055 -0.050570834 -0.402722359 0.902801573 -0.005428918 0.430023074 4.986207008
0.425314158 -0.060904782 -0.902994037 -4.092192650 0.034609981 0.998097837 -0.051017847 -0.406356394 0.904383779 -0.009554000 0.426613003 5.013911247
0.422514975 -0.061432675 -0.904271603 -4.145849228 0.036559604 0.998043418 -0.050720941 -0.410038739 0.905618370 -0.011629454 0.423934281 5.039517879
0.420784354 -0.060502648 -0.905140817 -4.201002121 0.040161636 0.998037577 -0.048041724 -0.414043725 0.906271160 -0.016136738 0.422388524 5.064293861
0.417756081 -0.061497811 -0.906475484 -4.253320217 0.044234928 0.997900009 -0.047314312 -0.416835308 0.907481670 -0.020332035 0.419599205 5.089621067
0.417150885 -0.062020179 -0.906718612 -4.308038712 0.045264147 0.997848511 -0.047429010 -0.420847416 0.907709360 -0.021256790 0.419060677 5.113176346
0.416473866 -0.062456869 -0.906999826 -4.359710217 0.045467760 0.997819960 -0.047833059 -0.424767435 0.908010006 -0.021318024 0.418405741 5.136695385
0.415222555 -0.064725049 -0.907414317 -4.411567211 0.046757288 0.997665763 -0.049766984 -0.427850783 0.908517480 -0.021763856 0.417279720 5.160099030
0.415754586 -0.064299881 -0.907200933 -4.461705685 0.045219075 0.997725368 -0.049992882 -0.432339162 0.908352077 -0.020238018 0.417716473 5.182662487
0.417415321 -0.065725118 -0.906335831 -4.510849476 0.044512555 0.997662485 -0.051847521 -0.434758067 0.907624900 -0.018701378 0.419365197 5.206194878
0.422048599 -0.066424675 -0.904136360 -4.560634136 0.042370752 0.997667611 -0.053517606 -0.438088357 0.905582428 -0.015721913 0.423878670 5.228734970
0.426699042 -0.066922575 -0.901914239 -4.609529495 0.042283475 0.997644126 -0.054021314 -0.442370564 0.903404713 -0.015085230 0.428523511 5.252071381
0.432787061 -0.066619575 -0.899031281 -4.658256531 0.041409843 0.997682154 -0.053995360 -0.446383536 0.900544703 -0.013860252 0.434542596 5.275275230
0.439320445 -0.065264791 -0.895956457 -4.705474377 0.040348079 0.997784376 -0.052898176 -0.450031728 0.897423863 -0.012910868 0.440980494 5.298387527
0.447282434 -0.064615034 -0.892055571 -4.752574921 0.039928883 0.997835100 -0.052256454 -0.453381479 0.893501043 -0.012245391 0.448894143 5.321619034
0.456739396 -0.063409843 -0.887337923 -4.799056053 0.038338635 0.997932732 -0.051579006 -0.456738621 0.888774037 -0.010461160 0.458226234 5.345022202
0.465329587 -0.063690297 -0.882843137 -4.845755577 0.038701061 0.997917950 -0.051593482 -0.460371494 0.884291112 -0.010158991 0.466825575 5.370881081
0.475029439 -0.062562771 -0.877743065 -4.891011238 0.035280362 0.998021483 -0.052042309 -0.464104444 0.879262388 -0.006245466 0.476296842 5.395652771
0.485293865 -0.065023437 -0.871929884 -4.936267376 0.034320150 0.997878969 -0.055314269 -0.467248529 0.873677254 -0.003081089 0.486496180 5.420340538
0.497387737 -0.064600796 -0.865119755 -4.982073784 0.031448830 0.997910798 -0.056435615 -0.471398652 0.866958141 0.000863381 0.498380214 5.445523262
0.509863436 -0.063355751 -0.857919157 -5.026911259 0.029085031 0.997983694 -0.056413937 -0.473949552 0.859763503 0.003810800 0.510678113 5.471549988
0.522675395 -0.060514279 -0.850381374 -5.069069862 0.027854173 0.998157203 -0.053910021 -0.478258520 0.852076650 0.004490772 0.523397803 5.496659279
0.534675121 -0.057304516 -0.843112528 -5.111269951 0.026456010 0.998344183 -0.051077724 -0.482233346 0.844643533 0.005004588 0.535305798 5.523827076
0.547366917 -0.057540394 -0.834912300 -5.153877258 0.027706347 0.998332620 -0.050638743 -0.485396862 0.836433828 0.004585605 0.548048556 5.550405502
0.558782160 -0.056683127 -0.827375054 -5.194965363 0.026006810 0.998368442 -0.050833657 -0.488781631 0.828906536 0.006887556 0.559344709 5.578052998
0.570936918 -0.057429995 -0.818982780 -5.237094402 0.026520239 0.998319864 -0.051517718 -0.492553502 0.820565462 0.007693749 0.571500778 5.606170177
0.581410885 -0.059489172 -0.811432242 -5.276198387 0.028966019 0.998204529 -0.052427307 -0.495801747 0.813094318 0.006977849 0.582090199 5.634072781
0.593053281 -0.058748640 -0.803017020 -5.315550804 0.028829653 0.998244405 -0.051739838 -0.499306619 0.804646909 0.007533779 0.593705833 5.662333965
0.604043782 -0.054873966 -0.795059681 -5.353935719 0.026776366 0.998460889 -0.048569188 -0.502983272 0.796501160 0.008049108 0.604583442 5.690395355
0.613963068 -0.053397629 -0.787526429 -5.391585827 0.027730158 0.998552442 -0.046087395 -0.505463898 0.788847506 0.006457726 0.614555180 5.719568729
0.624314845 -0.053052574 -0.779369235 -5.428688049 0.027286690 0.998563409 -0.046115335 -0.508029222 0.780696094 0.007524078 0.624865592 5.748372078
0.634016037 -0.051861759 -0.771578908 -5.464890480 0.025357729 0.998606384 -0.046284683 -0.511456847 0.772904038 0.009779744 0.634447575 5.778411865
0.643977046 -0.051949199 -0.763279021 -5.500763893 0.024239561 0.998576462 -0.047512814 -0.514255047 0.764660716 0.012095614 0.644319594 5.807638645
0.652902722 -0.050439719 -0.755760491 -5.534752369 0.023223070 0.998644233 -0.046587408 -0.517464936 0.757085681 0.012865971 0.653188884 5.837221146
0.663153529 -0.047743410 -0.746959209 -5.569418907 0.022390224 0.998782277 -0.043961063 -0.520678639 0.748148382 0.012428345 0.663415015 5.866539955
0.671622336 -0.046041191 -0.739461720 -5.602988720 0.021483477 0.998857796 -0.042679451 -0.522590816 0.740582108 0.012778264 0.671844423 5.896714211
0.678326607 -0.046296433 -0.733300507 -5.635451317 0.023381235 0.998867631 -0.041434444 -0.525659740 0.734388411 0.010960613 0.678640962 5.929060936
0.686415911 -0.045052048 -0.725812197 -5.668095589 0.021769769 0.998904824 -0.041415103 -0.528301775 0.726883292 0.012627221 0.686645031 5.959012985
0.694405675 -0.043590460 -0.718262196 -5.700501442 0.020702234 0.998960614 -0.040611066 -0.530985057 0.719285846 0.013330925 0.694586277 5.989110947
0.702467620 -0.041194215 -0.710522592 -5.732083321 0.019308055 0.999059141 -0.038833644 -0.532892346 0.711453855 0.013560562 0.702602029 6.018069267
0.708210230 -0.039355565 -0.704903841 -5.761173725 0.020214122 0.999166012 -0.035475604 -0.535620451 0.705712199 0.010875175 0.708415151 6.049934864
0.715669215 -0.037691515 -0.697421610 -5.791123390 0.019117009 0.999225795 -0.034385070 -0.537885189 0.698177695 0.011275723 0.715835690 6.080187321
0.723773062 -0.036738254 -0.689059317 -5.820736408 0.018406920 0.999254286 -0.033942536 -0.540166855 0.689792454 0.011883237 0.723909557 6.110672474
0.731023312 -0.033926014 -0.681508482 -5.848646164 0.015687678 0.999334812 -0.032920189 -0.542126536 0.682172000 0.013374140 0.731069386 6.140629768
0.740400016 -0.030887008 -0.671456456 -5.877518654 0.014754775 0.999449790 -0.029704941 -0.544344306 0.672004521 0.012086350 0.740448356 6.171035767
0.749507844 -0.027369399 -0.661429465 -5.903502464 0.013260611 0.999565244 -0.026334731 -0.546286106 0.661862671 0.010967127 0.749544859 6.201191425
0.759481192 -0.025261214 -0.650038481 -5.929430962 0.011518314 0.999611378 -0.025388418 -0.547944605 0.650427163 0.011794678 0.759476960 6.231401920
0.769448638 -0.024161341 -0.638251662 -5.955287933 0.009657243 0.999610066 -0.026198396 -0.550025463 0.638635695 0.013994572 0.769381881 6.262096882
0.779389799 -0.025059491 -0.626037955 -5.979647636 0.009593186 0.999559999 -0.028067997 -0.551729620 0.626465857 0.015870215 0.779287279 6.292358398
0.789175868 -0.024356509 -0.613684177 -6.003794670 0.009409078 0.999575436 -0.027572418 -0.553376257 0.614095211 0.015985284 0.789070010 6.323495865
0.799502492 -0.022032637 -0.600258529 -6.028349876 0.008389905 0.999639153 -0.025517229 -0.555330992 0.600604117 0.015364977 0.799398780 6.355443478
0.809450388 -0.020579340 -0.586827576 -6.050802708 0.008826233 0.999699175 -0.022883641 -0.556636810 0.587121964 0.013343693 0.809388518 6.386543274
0.819118321 -0.019259909 -0.573301256 -6.073524475 0.008917317 0.999742925 -0.020845275 -0.557820082 0.573555350 0.011962437 0.819079399 6.418666363
0.828321874 -0.017624192 -0.559975564 -6.095263004 0.009460631 0.999802589 -0.017472677 -0.559495449 0.560172856 0.009175277 0.828324854 6.449846268
0.836366475 -0.017214762 -0.547900498 -6.116899014 0.010342144 0.999824405 -0.015626777 -0.560560703 0.548073232 0.007403251 0.836397529 6.483271122
0.843550682 -0.017790774 -0.536754787 -6.137553692 0.012171144 0.999827743 -0.014011487 -0.561862409 0.536911607 0.005286480 0.843621910 6.515720367
0.850018442 -0.017230762 -0.526470959 -6.156991005 0.011729158 0.999836147 -0.013786019 -0.562593579 0.526622295 0.005543308 0.850081265 6.548299313
0.856793582 -0.016112190 -0.515407503 -6.178307533 0.010660031 0.999851525 -0.013535603 -0.564106941 0.515549064 0.006102958 0.856838286 6.582554340
0.863588512 -0.014780451 -0.503980637 -6.198653698 0.009704766 0.999872267 -0.012694222 -0.564928412 0.504103899 0.006071570 0.863621652 6.616094589
0.869715035 -0.013678226 -0.493364513 -6.218110561 0.008824029 0.999887049 -0.012166033 -0.566087782 0.493475288 0.006227518 0.869737625 6.650747776
0.875593126 -0.013673681 -0.482855827 -6.237238884 0.008979734 0.999887228 -0.012031641 -0.567434430 0.482965916 0.006198905 0.875617206 6.685718536
0.880628645 -0.015378112 -0.473557711 -6.256390572 0.010538113 0.999861538 -0.012872399 -0.568658292 0.473690122 0.006345397 0.880668759 6.721126080
0.884927630 -0.015676163 -0.465464592 -6.275259972 0.010795848 0.999855280 -0.013148906 -0.569909453 0.465603352 0.006610745 0.884968817 6.756833076
0.888398886 -0.015254523 -0.458818823 -6.294274330 0.010454480 0.999860823 -0.013000014 -0.569893420 0.458953351 0.006752486 0.888434708 6.793441772
0.891616404 -0.013081194 -0.452602535 -6.311731339 0.009515614 0.999903083 -0.010153832 -0.570467710 0.452691555 0.004746532 0.891654611 6.828918457
0.894793689 -0.008448673 -0.446399897 -6.330756187 0.006657756 0.999962211 -0.005580275 -0.571598113 0.446430206 0.002021173 0.894816160 6.865660667
0.897976696 -0.006468510 -0.439995468 -6.349946022 0.005998488 0.999978960 -0.002458825 -0.572429717 0.440002143 -0.000431340 0.897996604 6.904612541
0.901183605 -0.003478428 -0.433423877 -6.368212223 0.003642803 0.999993205 -0.000451223 -0.573019385 0.433422506 -0.001172243 0.901189983 6.942475796
0.904472888 -0.003202220 -0.426519096 -6.388855457 0.004109500 0.999990821 0.001206838 -0.572492480 0.426511258 -0.002844332 0.904477775 6.983839512
0.907761097 -0.000805821 -0.419486761 -6.406655312 0.003071685 0.999984086 0.004726129 -0.573603451 0.419476271 -0.005578727 0.907749176 7.022573471
0.911190510 -0.001818112 -0.411981225 -6.424534321 0.004731042 0.999970496 0.006050815 -0.572968483 0.411958069 -0.007462545 0.911172211 7.061866760
0.914750099 -0.001320432 -0.404018044 -6.443338394 0.004792707 0.999959767 0.007583200 -0.573455811 0.403991729 -0.008873073 0.914719641 7.103617668
0.918297887 -0.002109128 -0.395884752 -6.461636543 0.005507506 0.999957085 0.007447857 -0.573697746 0.395852059 -0.009019688 0.918269992 7.146460533
0.922138989 -0.003916528 -0.386838853 -6.479423523 0.007225858 0.999948680 0.007100938 -0.574170589 0.386791199 -0.009343295 0.922119915 7.188823700
0.926060557 -0.005834973 -0.377329856 -6.495675087 0.008624715 0.999946535 0.005704152 -0.573915839 0.377276361 -0.008536752 0.926061332 7.231063843
0.930540562 -0.007112521 -0.366119713 -6.514672279 0.009037158 0.999952853 0.003543254 -0.574017763 0.366077274 -0.006605824 0.930561006 7.276311398
0.935665965 -0.005087175 -0.352850288 -6.531539917 0.006520121 0.999974608 0.002872636 -0.574473381 0.352826744 -0.004988454 0.935675383 7.320756435
0.941680312 -0.000745362 -0.336508214 -6.548102856 0.002378354 0.999987304 0.004440591 -0.574870527 0.336500674 -0.004981953 0.941670001 7.365942001
0.948011577 0.002471565 -0.318226039 -6.562905788 -0.000115636 0.999972463 0.007421994 -0.575317025 0.318235636 -0.006999338 0.947985828 7.410128117
0.954535127 0.005675551 -0.298044592 -6.578376770 -0.003126769 0.999954343 0.009027780 -0.575002670 0.298082232 -0.007685415 0.954509199 7.457081795
0.960916936 0.007777035 -0.276727617 -6.592414856 -0.005232331 0.999936998 0.009932905 -0.575420439 0.276787370 -0.008096766 0.960897088 7.503992558
0.966794014 0.008640217 -0.255410910 -6.605834007 -0.005914852 0.999917030 0.011436701 -0.575453401 0.255488515 -0.009546215 0.966765106 7.553195000
0.972287357 0.008915547 -0.233618945 -6.617829323 -0.005786867 0.999884188 0.014074269 -0.575092256 0.233717352 -0.012332312 0.972226501 7.601904869
0.977264702 0.011834686 -0.211692423 -6.627826214 -0.008273042 0.999809086 0.017702445 -0.574966788 0.211861491 -0.015548633 0.977176011 7.648843288
0.981817067 0.013156252 -0.189373195 -6.640564442 -0.009265908 0.999727726 0.021414028 -0.573359966 0.189603359 -0.019269943 0.981671691 7.707517624
0.985901237 0.016494164 -0.166513324 -6.650273800 -0.012482749 0.999606788 0.025108645 -0.573874056 0.166862011 -0.022676101 0.985719383 7.759515762
0.989362359 0.018248130 -0.144322798 -6.658860683 -0.014778306 0.999576271 0.025077801 -0.573200047 0.144719273 -0.022678185 0.989212751 7.813982487
0.992348611 0.018068174 -0.122138217 -6.665149689 -0.015366227 0.999616742 0.023027968 -0.573252320 0.122507490 -0.020974968 0.992245853 7.868139744
0.994754136 0.017922789 -0.100711800 -6.672795296 -0.015810063 0.999638677 0.021737093 -0.571720660 0.101064995 -0.020030808 0.994678140 7.922360897
0.996639550 0.016200010 -0.080293395 -6.678264141 -0.014399602 0.999632835 0.022951432 -0.570210457 0.080635726 -0.021718111 0.996507049 7.977620125
0.998046398 0.017340999 -0.060022242 -6.682753086 -0.015861619 0.999560714 0.025036510 -0.569917977 0.060430039 -0.024035549 0.997883022 8.033958435
0.999049902 0.017377982 -0.039965574 -6.684436321 -0.016340965 0.999525011 0.026129683 -0.569824100 0.040400676 -0.025451785 0.998859286 8.091580391
0.999617517 0.019892430 -0.019205343 -6.686756611 -0.019370738 0.999448419 0.026978157 -0.569982469 0.019731408 -0.026595822 0.999451518 8.150394440
0.999801457 0.019899255 0.000963464 -6.685896397 -0.019918211 0.999424577 0.027454671 -0.568459451 -0.000416584 -0.027468408 0.999622583 8.202995300
0.999535620 0.021609871 0.021483043 -6.685512066 -0.022182705 0.999394834 0.026793597 -0.567173362 -0.020891035 -0.027257707 0.999410212 8.264231682
0.998866737 0.022790499 0.041783396 -6.683378220 -0.023883902 0.999380231 0.025858607 -0.567358971 -0.041168176 -0.026827253 0.998791933 8.322580338
0.997845769 0.023184983 0.061369583 -6.680718422 -0.024625538 0.999436259 0.022821996 -0.565220237 -0.060805872 -0.024284093 0.997854114 8.384660721
0.996461928 0.025281463 0.080152191 -6.676738262 -0.026987087 0.999430299 0.020268211 -0.564411819 -0.079594105 -0.022359574 0.996576548 8.446774483
0.994780719 0.025640653 0.098761484 -6.669219494 -0.027632531 0.999440432 0.018853527 -0.565128982 -0.098222807 -0.021484155 0.994932532 8.504502296
0.992677212 0.025561672 0.118061587 -6.663275719 -0.027575301 0.999500334 0.015453596 -0.564395666 -0.117607556 -0.018596016 0.992886007 8.571127892
0.990212083 0.026880430 0.136958048 -6.656702995 -0.028538844 0.999541044 0.010159422 -0.564255238 -0.136622101 -0.013968604 0.990524769 8.630264282
0.987550676 0.028428731 0.154710963 -6.647208214 -0.029386893 0.999560595 0.003909299 -0.564696491 -0.154531822 -0.008407104 0.987952054 8.694772720
0.984569192 0.030527404 0.172312379 -6.637409210 -0.030711638 0.999527037 -0.001597279 -0.564694166 -0.172279611 -0.003719365 0.985041082 8.756978989
0.981272995 0.032743976 0.189818993 -6.626595974 -0.032239225 0.999463677 -0.005747235 -0.565294266 -0.189905360 -0.000480008 0.981802344 8.817726135
0.977665067 0.035495110 0.207150385 -6.613097191 -0.034559328 0.999369502 -0.008135542 -0.566713631 -0.207308576 0.000794857 0.978275299 8.877430916
0.973748684 0.035273425 0.224875897 -6.598468304 -0.034291897 0.999377668 -0.008270263 -0.568485141 -0.225027651 0.000341738 0.974352300 8.947389603
0.969644368 0.034324858 0.242098406 -6.584133148 -0.032986909 0.999409914 -0.009578866 -0.568275213 -0.242284343 0.001302015 0.970204473 9.013116837
0.965133250 0.034982193 0.259410739 -6.568687439 -0.032399680 0.999373734 -0.014225602 -0.570867419 -0.259745926 0.005324778 0.965662241 9.077672958
0.960797429 0.035297859 0.274995059 -6.550794601 -0.031334434 0.999332249 -0.018793939 -0.573078513 -0.275474757 0.009440352 0.961261988 9.135530472
0.955595136 0.037703309 0.292260677 -6.529817104 -0.033701465 0.999256670 -0.018717274 -0.574958444 -0.292749137 0.008036522 0.956155479 9.210842133
0.949949205 0.040386029 0.309782714 -6.511144161 -0.035905831 0.999151945 -0.020153042 -0.575660884 -0.310333878 0.008021364 0.950593770 9.274209976
0.943681240 0.043888446 0.327932239 -6.491135120 -0.038318075 0.998990774 -0.023431996 -0.576857865 -0.328629613 0.009546602 0.944410622 9.342086792
0.937742949 0.044661984 0.344446510 -6.464352608 -0.037789848 0.998930395 -0.026642920 -0.581528902 -0.345268071 0.011967632 0.938427746 9.408388138
0.931145608 0.046095181 0.361722320 -6.441782951 -0.038205840 0.998850822 -0.028936584 -0.583769679 -0.362640470 0.013124266 0.931836724 9.471954346
0.924334228 0.046122517 0.378786087 -6.416205406 -0.035871994 0.998775125 -0.034078117 -0.586753786 -0.379893929 0.017911760 0.924856603 9.532932281
0.916476905 0.049309105 0.397037327 -6.387772560 -0.036235966 0.998527646 -0.040366687 -0.589751124 -0.398443162 0.022608107 0.916914344 9.597531319
0.906667948 0.053945549 0.418381363 -6.355965137 -0.038842395 0.998252273 -0.044538576 -0.593048334 -0.420052767 0.024130765 0.907178760 9.672853470
0.895208597 0.056371983 0.442067593 -6.326534271 -0.040333968 0.998145044 -0.045604106 -0.598248363 -0.443818390 0.022994846 0.895821691 9.734228134
0.881988645 0.061032228 0.467301905 -6.293766022 -0.043110106 0.997869909 -0.048961073 -0.601610303 -0.469294727 0.023037674 0.882741094 9.802839279
0.867983103 0.065095358 0.492308617 -6.260891914 -0.045061648 0.997605801 -0.052460480 -0.605865836 -0.494544864 0.023350574 0.868838370 9.868076324
0.853368044 0.068896063 0.516736209 -6.224986076 -0.046804868 0.997351170 -0.055679813 -0.611061215 -0.519203484 0.023329597 0.854332149 9.933223724
0.838847280 0.070213780 0.539819717 -6.185242653 -0.046099890 0.997247279 -0.058074463 -0.616397142 -0.542411327 0.023829971 0.839774966 9.992944717
0.823112071 0.072328158 0.563254237 -6.146547318 -0.046271428 0.997100055 -0.060420051 -0.622146606 -0.565990806 0.023669889 0.824071646 10.054657936
0.807344258 0.074431092 0.585367560 -6.100640774 -0.044103965 0.996849537 -0.065923542 -0.627253890 -0.588430047 0.027405975 0.808083475 10.118249893
0.790766180 0.076928481 0.607265055 -6.060927391 -0.042152446 0.996559918 -0.071354523 -0.632719874 -0.610665202 0.030827036 0.791288614 10.178231239
0.774378657 0.079358272 0.627725959 -6.015588760 -0.041647803 0.996344745 -0.074581943 -0.639229953 -0.631350279 0.031611271 0.774853230 10.238044739
