0.999794304 -0.007220152 0.018954152 0.002414881 0.007230228 0.999973774 -0.000463148 -0.000333875 -0.018950319 0.000600096 0.999820292 0.044140514
0.999822855 -0.008724231 0.016678909 0.002925436 0.008759186 0.999959588 -0.002023798 -0.000349377 -0.016660580 0.002169533 0.999858916 0.060232934
0.999890685 -0.011154567 0.009702828 0.003119778 0.011186151 0.999932230 -0.003206762 -0.000678272 -0.009666400 0.003314948 0.999947727 0.075508296
0.999913394 -0.012880064 -0.002728044 0.003033589 0.012865629 0.999903440 -0.005243664 -0.000858867 0.002795320 0.005208110 0.999982476 0.092233159
0.999736011 -0.012081211 -0.019547097 0.001934355 0.011978216 0.999913871 -0.005377574 -0.001115047 0.019610381 0.005142015 0.999794483 0.107920490
0.999216080 -0.007519611 -0.038870160 0.000013208 0.007318831 0.999959171 -0.005305090 -0.001354227 0.038908478 0.005016446 0.999230206 0.125224873
0.998285890 -0.003810289 -0.058402371 -0.002347517 0.003455309 0.999974906 -0.006177933 -0.001856261 0.058424450 0.005965545 0.998274028 0.143672794
0.996899068 -0.003461394 -0.078614153 -0.004328047 0.002921160 0.999971271 -0.006985941 -0.001930099 0.078636080 0.006734633 0.996880651 0.160626337
0.994933903 -0.005178887 -0.100397818 -0.006217823 0.004536423 0.999967694 -0.006626434 -0.001912409 0.100428894 0.006137416 0.994925320 0.180071577
0.992833078 -0.006245222 -0.119345948 -0.009710817 0.005631790 0.999969125 -0.005476553 -0.002390888 0.119376473 0.004765173 0.992837548 0.198103607
0.990427196 -0.005152711 -0.137939930 -0.013204722 0.004539214 0.999978364 -0.004761775 -0.002621343 0.137961447 0.004090052 0.990429163 0.219000369
0.988282204 -0.003635605 -0.152594447 -0.017453786 0.002984369 0.999985397 -0.004496586 -0.002774559 0.152608588 0.003988498 0.988278687 0.237863496
0.986076832 -0.003091583 -0.166261539 -0.021784978 0.002405473 0.999987721 -0.004327908 -0.003322402 0.166272923 0.003867713 0.986072242 0.259640783
0.984067500 -0.004394266 -0.177740604 -0.026580211 0.003543336 0.999980688 -0.005104631 -0.003676694 0.177759618 0.004393507 0.984064162 0.279639810
0.982214153 -0.008490298 -0.187571764 -0.031192763 0.007344815 0.999949932 -0.006801074 -0.004517127 0.187620133 0.005302432 0.982227385 0.303109646
0.980708182 -0.007167494 -0.195346013 -0.036260225 0.005422951 0.999940515 -0.009463902 -0.004394450 0.195402265 0.008221974 0.980688751 0.324843526
0.979074955 -0.007320928 -0.203368232 -0.041625723 0.005231626 0.999927878 -0.010809200 -0.004917566 0.203432709 0.009519070 0.979042649 0.349563241
0.977589667 -0.007625070 -0.210381508 -0.048128612 0.004862943 0.999895096 -0.013643348 -0.005280387 0.210463464 0.012314521 0.977524281 0.372113734
0.975858152 -0.010627307 -0.218146667 -0.054320712 0.007516362 0.999857962 -0.015085697 -0.005952970 0.218275964 0.013081830 0.975799382 0.398054063
0.974074960 -0.017206477 -0.225570276 -0.060756296 0.013767279 0.999763906 -0.016810972 -0.006277021 0.225806296 0.013269657 0.974081874 0.422429681
0.972063899 -0.017303236 -0.234077916 -0.067153931 0.013383367 0.999742508 -0.018324222 -0.007757200 0.234334707 0.014679567 0.972045124 0.449085444
0.970267832 -0.012135503 -0.241729200 -0.076573715 0.006533536 0.999691486 -0.023962671 -0.007501338 0.241945416 0.021670865 0.970047832 0.474509865
0.968213201 -0.008959102 -0.249965817 -0.085157603 0.002311562 0.999636114 -0.026874697 -0.008396646 0.250115663 0.025442626 0.967881620 0.502527118
0.965983391 -0.010332433 -0.258397520 -0.094215773 0.003048160 0.999587119 -0.028574934 -0.009684952 0.258586049 0.026815278 0.965616107 0.530252576
0.963630497 -0.012723758 -0.266935229 -0.102422103 0.004720943 0.999520600 -0.030600725 -0.010880731 0.267196566 0.028227605 0.963228583 0.558754265
0.961581886 -0.010584589 -0.274313986 -0.113866672 0.001489213 0.999442816 -0.033343874 -0.012318503 0.274514139 0.031654343 0.961061895 0.587793887
0.959360301 -0.009288520 -0.282031089 -0.124118276 -0.001050127 0.999333680 -0.036484558 -0.014015770 0.282182097 0.035297997 0.958711267 0.618030190
0.956932366 -0.010577055 -0.290117860 -0.133060306 -0.001561183 0.999134123 -0.041575663 -0.015505477 0.290306449 0.040238023 0.956087291 0.648526251
0.955708086 -0.010647942 -0.294123530 -0.148062795 -0.004163202 0.998756289 -0.049684927 -0.017164866 0.294286758 0.048708785 0.954475105 0.679170728
0.954559922 -0.011618558 -0.297792375 -0.159053504 -0.005748297 0.998336196 -0.057376619 -0.019312372 0.297963500 0.056481227 0.952904820 0.710490048
0.953228295 -0.010922407 -0.302053928 -0.169593573 -0.009607791 0.997746944 -0.066399455 -0.021200905 0.302098632 0.066195913 0.950975597 0.743426502
0.953648329 -0.010063764 -0.300755233 -0.201036349 -0.013992652 0.996876597 -0.077725649 -0.021107819 0.300598085 0.078331284 0.950528800 0.783037961
0.952550650 -0.009605348 -0.304228425 -0.213088945 -0.016953267 0.996276140 -0.084536560 -0.023821685 0.303907514 0.085683018 0.948840678 0.816370130
0.949167728 -0.008024840 -0.314668447 -0.205232933 -0.020792197 0.995893359 -0.088115484 -0.029793534 0.314083338 0.090179026 0.945102811 0.841524363
0.953140855 0.000854441 -0.302525640 -0.256388247 -0.033179268 0.994258881 -0.101726882 -0.027255699 0.300701827 0.106997617 0.947697163 0.882257640
0.951549470 0.002498686 -0.307485402 -0.268812597 -0.037068255 0.993606687 -0.106637806 -0.031596519 0.305253059 0.112869091 0.945558608 0.917521656
0.949921966 0.004159453 -0.312459648 -0.280835778 -0.040223211 0.993220806 -0.109062590 -0.035659947 0.309887767 0.116169073 0.943649471 0.950049698
0.944091320 -0.003793329 -0.329662353 -0.273898959 -0.033085898 0.993795574 -0.106187187 -0.040999733 0.328019679 0.111157566 0.938108385 0.985334337
0.941888392 -0.004488247 -0.335895985 -0.286076844 -0.032708671 0.993934274 -0.104999579 -0.044693895 0.334329784 0.109884605 0.936028302 1.019358873
0.939883232 -0.003216900 -0.341481060 -0.301954091 -0.034117218 0.994068265 -0.103267871 -0.049628988 0.339787662 0.108710110 0.934198380 1.057929993
0.936901450 -0.002661692 -0.349583507 -0.310745835 -0.034875888 0.994270921 -0.101039439 -0.053839840 0.347849667 0.106856026 0.931441069 1.090543270
0.933877766 -0.001270320 -0.357590228 -0.325639725 -0.036196850 0.994521558 -0.098064214 -0.057987630 0.355755717 0.104523621 0.928715646 1.127650380
0.930617154 0.000440686 -0.365993887 -0.341072232 -0.036865603 0.995026231 -0.092540525 -0.061964318 0.364132792 0.099612385 0.926004708 1.166451097
0.926825881 0.002085008 -0.375485659 -0.354782850 -0.037314299 0.995546222 -0.086576231 -0.065484241 0.373632848 0.094252057 0.922775686 1.203169942
0.923351288 0.005830445 -0.383912086 -0.371330649 -0.040836193 0.995704770 -0.083093882 -0.069317505 0.381778657 0.092402346 0.919623137 1.240608335
0.919532657 0.006979379 -0.392951667 -0.388257384 -0.042245075 0.995804727 -0.081169337 -0.073091790 0.390736639 0.091238134 0.915969670 1.279004812
0.915392220 0.008377688 -0.402476072 -0.404909670 -0.044409931 0.995782673 -0.080278434 -0.077694915 0.400106102 0.091360189 0.911903858 1.318722963
0.911405385 0.006594656 -0.411456913 -0.421972126 -0.042545963 0.996023238 -0.078278407 -0.081541702 0.409304440 0.088849194 0.908061564 1.357174516
0.907692492 0.005074157 -0.419605255 -0.440013438 -0.040874135 0.996241271 -0.076371916 -0.084262148 0.417640567 0.086473212 0.904488146 1.393874407
0.903619707 0.007641742 -0.428267628 -0.456090838 -0.043666244 0.996275246 -0.074356310 -0.088037044 0.426104218 0.085890651 0.900587618 1.434761047
0.900093973 0.007343199 -0.435633719 -0.477911770 -0.041806206 0.996700048 -0.069578059 -0.092352509 0.433685243 0.080839001 0.897430956 1.475387692
0.896125317 0.009313245 -0.443703264 -0.496586084 -0.042122278 0.997051239 -0.064144365 -0.094747439 0.441797465 0.076171204 0.893875182 1.516407847
0.891590834 0.006709048 -0.452792078 -0.513278067 -0.037861031 0.997493744 -0.059772063 -0.097713470 0.451256216 0.070435405 0.889610350 1.555828214
0.888408303 0.007847370 -0.458986998 -0.533446074 -0.038896505 0.997545004 -0.058232307 -0.100991860 0.457403213 0.069587067 0.886532545 1.593999386
0.884817481 0.004290061 -0.465918183 -0.555935025 -0.034712456 0.997785568 -0.056734476 -0.103885926 0.464643091 0.066372812 0.883007109 1.635938644
0.881211400 0.004775045 -0.472698331 -0.578890443 -0.034842961 0.997885287 -0.054874461 -0.106367543 0.471436620 0.064826228 0.879514158 1.682173133
0.879230022 -0.002253939 -0.476392239 -0.618529320 -0.027212095 0.998118520 -0.054945037 -0.106866315 0.475619704 0.061272968 0.877514422 1.734049916
0.876080990 0.003145284 -0.482153744 -0.627302229 -0.032947890 0.998031855 -0.053356268 -0.113071755 0.481036991 0.062630363 0.874460399 1.765779018
0.872904360 -0.001793286 -0.487888068 -0.648719490 -0.027989322 0.998162210 -0.053745929 -0.115416259 0.487087756 0.060570713 0.871250093 1.812186837
0.871407270 -0.002508588 -0.490553737 -0.673842192 -0.027584545 0.998154104 -0.054104846 -0.117882259 0.489783943 0.060679063 0.869729698 1.855947256
0.871142149 0.000117871 -0.491030931 -0.697813690 -0.029862041 0.998161674 -0.052738909 -0.121795662 0.490121961 0.060606275 0.869544327 1.896995068
0.870598793 -0.002543935 -0.491987169 -0.722318172 -0.026099771 0.998339713 -0.051347148 -0.124287777 0.491300970 0.057543516 0.869086921 1.944071054
0.870573640 -0.002396053 -0.492032409 -0.747899294 -0.025939951 0.998373985 -0.050758425 -0.127575606 0.491354018 0.056952238 0.869095862 1.986860871
0.869738340 -0.004572161 -0.493491948 -0.774159312 -0.023411585 0.998449028 -0.050511502 -0.131405801 0.492957562 0.055485222 0.868282378 2.032224417
0.867963493 -0.007212218 -0.496575594 -0.798869133 -0.021246932 0.998439789 -0.051638715 -0.133694127 0.496173292 0.055371225 0.866456032 2.080822945
0.867880940 -0.007365729 -0.496717423 -0.827865183 -0.019326970 0.998632371 -0.048577242 -0.138339102 0.496395916 0.051759306 0.866551816 2.115010023
0.864109695 -0.006624374 -0.503259897 -0.852700472 -0.019178268 0.998753846 -0.046076093 -0.139613673 0.502937973 0.049466453 0.862905800 2.173740864
0.861381471 -0.005442830 -0.507929444 -0.879313648 -0.018382877 0.998953581 -0.041879442 -0.143122301 0.507625878 0.045411386 0.860380054 2.217849255
0.857249618 -0.007502981 -0.514846206 -0.907708764 -0.015014634 0.999104440 -0.039560448 -0.145859987 0.514681935 0.041643415 0.856369197 2.264724016
0.851916552 -0.009207778 -0.523596585 -0.934824169 -0.015176998 0.998991251 -0.042261593 -0.149150386 0.523457587 0.043949973 0.850917518 2.311126232
0.846248507 -0.013254460 -0.532623529 -0.963262916 -0.012926967 0.998885393 -0.045396261 -0.151926130 0.532631636 0.045301720 0.845133960 2.354967833
0.839472473 -0.013526578 -0.543233812 -0.991423309 -0.012595417 0.998937249 -0.044337660 -0.155413225 0.543256164 0.044062499 0.838409901 2.401022434
0.833675623 -0.010173406 -0.552160740 -1.022305369 -0.013951794 0.999123275 -0.039473571 -0.157912403 0.552078128 0.040611789 0.832802773 2.446226120
0.828435183 -0.004547349 -0.560066521 -1.052186012 -0.017954420 0.999237537 -0.034670789 -0.161089912 0.559797168 0.038778178 0.827721834 2.491079807
0.824072301 -0.006775958 -0.566444159 -1.082699060 -0.017118327 0.999173939 -0.036856417 -0.163430795 0.566226006 0.040068921 0.823275566 2.535953522
0.820790112 -0.007751097 -0.571177304 -1.113220692 -0.018623721 0.999013245 -0.040319555 -0.166470915 0.570926249 0.043731354 0.819835782 2.579289436
0.817993104 -0.009417114 -0.575150967 -1.144665837 -0.021683741 0.998650491 -0.047190312 -0.169354931 0.574819267 0.051072780 0.816684902 2.622545004
0.814257741 -0.011551338 -0.580388367 -1.176279068 -0.020955645 0.998565435 -0.049274016 -0.171931386 0.580124915 0.052284170 0.812847733 2.668013573
0.811019301 -0.009680330 -0.584939241 -1.208107352 -0.020629272 0.998768032 -0.045131434 -0.174711943 0.584655464 0.048669338 0.809820473 2.710407734
0.807724178 -0.007123324 -0.589517474 -1.240068436 -0.020334292 0.998995483 -0.039932106 -0.178063452 0.589209735 0.044241559 0.806768000 2.755846500
0.804607451 -0.005095406 -0.593785167 -1.271675825 -0.020725718 0.999112904 -0.036657967 -0.180969685 0.593445122 0.041801900 0.803788185 2.797693968
0.801330090 -0.005283393 -0.598199248 -1.305155754 -0.021726765 0.999044299 -0.037928250 -0.182929158 0.597827971 0.043389980 0.800449193 2.843357086
0.797702610 -0.006365274 -0.603017509 -1.338110566 -0.022104289 0.998963714 -0.039785463 -0.185182542 0.602645814 0.045066237 0.796735168 2.886272192
0.793406069 -0.009439613 -0.608619452 -1.369989753 -0.020253580 0.998916686 -0.041895967 -0.188560471 0.608355582 0.045567244 0.792355418 2.928230286
0.789340556 -0.010005075 -0.613874018 -1.404106379 -0.019686602 0.998940587 -0.041594706 -0.192216501 0.613639772 0.044917487 0.788307428 2.970593691
0.784504473 -0.011162538 -0.620022714 -1.437470317 -0.018189762 0.998993635 -0.041000519 -0.194492787 0.619856417 0.043443151 0.783511817 3.014157295
0.779776573 -0.010315236 -0.625972927 -1.472441912 -0.018970031 0.999015808 -0.040093534 -0.197601914 0.625770569 0.043138728 0.778813481 3.056256294
0.774152219 -0.011934981 -0.632887065 -1.506632328 -0.018617021 0.998960495 -0.041610867 -0.199902847 0.632725656 0.043995619 0.773125112 3.098626137
0.768679619 -0.014188567 -0.639476538 -1.542503834 -0.016982285 0.998948872 -0.042577934 -0.202683270 0.639408469 0.043588568 0.767630577 3.141821146
0.762584746 -0.015142566 -0.646710992 -1.576738596 -0.016666893 0.998934209 -0.043042928 -0.205844522 0.646673560 0.043602552 0.761519551 3.183519125
0.757255137 -0.016526124 -0.652909994 -1.614245892 -0.016364545 0.998885930 -0.044263139 -0.208998591 0.652914107 0.044203065 0.756141007 3.225762129
0.750834167 -0.018729724 -0.660225034 -1.649309754 -0.014787695 0.998870552 -0.045153815 -0.212129727 0.660325229 0.043666229 0.749709308 3.266706944
0.744706273 -0.019813323 -0.667098224 -1.687880039 -0.013500950 0.998907447 -0.044739909 -0.215560272 0.667255819 0.042324554 0.743625104 3.309257507
0.737887084 -0.019580051 -0.674640059 -1.722924471 -0.012924537 0.998985887 -0.043129738 -0.218780369 0.674800336 0.040544286 0.736885786 3.349244833
0.731350958 -0.020804567 -0.681683898 -1.761989117 -0.010799957 0.999056041 -0.042077407 -0.221802890 0.681915820 0.038135506 0.730435967 3.390508413
0.724632144 -0.021955067 -0.688786030 -1.799887776 -0.011046430 0.998993933 -0.043464266 -0.224754766 0.689047337 0.039104227 0.723660588 3.431230068
0.717554986 -0.023052366 -0.696120262 -1.839255571 -0.011657934 0.998914540 -0.045096457 -0.227802217 0.696404278 0.040474508 0.716507435 3.472499847
0.711694777 -0.023682984 -0.702089548 -1.878946781 -0.011525630 0.998903275 -0.045378465 -0.230425447 0.702394247 0.040387642 0.710641384 3.512817860
0.706162333 -0.023225041 -0.707668960 -1.921247721 -0.011492108 0.998954237 -0.044252403 -0.233714074 0.707956731 0.039381988 0.705157101 3.554429054
0.701109946 -0.023025213 -0.712681353 -1.961003780 -0.011771088 0.998968542 -0.043854509 -0.237116545 0.712956011 0.039135870 0.700115740 3.593286037
0.696187139 -0.023680493 -0.717469811 -2.001993179 -0.012266267 0.998917401 -0.044872232 -0.240349963 0.717755556 0.040040147 0.695142865 3.632916451
0.690963805 -0.026084397 -0.722418487 -2.044284821 -0.012709522 0.998755872 -0.048218261 -0.242903948 0.722777545 0.042498671 0.689772725 3.672942638
0.686373591 -0.028695438 -0.726682723 -2.087482929 -0.012237698 0.998623967 -0.050992802 -0.246151656 0.727146149 0.043893036 0.685078144 3.712597847
0.680573583 -0.029525509 -0.732084513 -2.129257202 -0.011736992 0.998620152 -0.051186237 -0.249864459 0.732585788 0.043428477 0.679287910 3.752675056
0.674848497 -0.029924760 -0.737349153 -2.167873383 -0.010261247 0.998700380 -0.049922965 -0.252938241 0.737884939 0.041256566 0.673664451 3.791659832
0.670268118 -0.029379986 -0.741537213 -2.217207193 -0.010753608 0.998726606 -0.049290013 -0.256508231 0.742041051 0.041011725 0.669098675 3.832588196
0.664753377 -0.031123118 -0.746414363 -2.261805058 -0.009206667 0.998714626 -0.049842663 -0.259948730 0.747006238 0.040005058 0.663612306 3.872517109
0.659869850 -0.031133050 -0.750734627 -2.306286573 -0.009244904 0.998729169 -0.049543358 -0.264095843 0.751323044 0.039632633 0.658743441 3.912367344
0.655685127 -0.032454625 -0.754336536 -2.354480743 -0.007663929 0.998738110 -0.049631424 -0.267079234 0.754995584 0.038323767 0.654609025 3.952442169
0.651562572 -0.032823179 -0.757884383 -2.398775578 -0.007573240 0.998732269 -0.049764846 -0.270738721 0.758557081 0.038164545 0.650488019 3.991165400
0.647355318 -0.035921581 -0.761341274 -2.445252895 -0.004608519 0.998686016 -0.051038522 -0.274533004 0.762174428 0.036548715 0.646339297 4.030992508
0.643241763 -0.039808657 -0.764627576 -2.489714622 -0.002584201 0.998528898 -0.054160185 -0.278083622 0.765658736 0.036814038 0.642192602 4.067781448
0.639023960 -0.044200934 -0.767915726 -2.535930395 0.001802614 0.998430848 -0.055969246 -0.281679153 0.769184530 0.034381438 0.638100982 4.104829311
0.631947398 -0.047713771 -0.773541152 -2.584542274 0.006169883 0.998381138 -0.056541905 -0.285559773 0.774986684 0.030958859 0.631218731 4.145196438
0.623319685 -0.050841447 -0.780312538 -2.628252029 0.010800391 0.998348773 -0.056420192 -0.289940268 0.781892538 0.026740136 0.622839570 4.181216240
0.613880575 -0.051993594 -0.787684739 -2.677599430 0.014015415 0.998389065 -0.054978907 -0.293947399 0.789274573 0.022710755 0.613620520 4.220255852
0.605595112 -0.050170809 -0.794189751 -2.726516247 0.013848467 0.998523831 -0.052519165 -0.298121512 0.795652390 0.020807037 0.605396211 4.255793571
0.595353723 -0.049986932 -0.801907241 -2.772658348 0.012867319 0.998528123 -0.052690312 -0.301138699 0.803360641 0.021050978 0.595120549 4.293036938
0.586311877 -0.051488195 -0.808447540 -2.822741508 0.011948012 0.998419106 -0.054921992 -0.304605424 0.809997320 0.022542071 0.586000204 4.328673840
0.576444566 -0.054020591 -0.815348625 -2.873642921 0.012768689 0.998286009 -0.057113685 -0.308496356 0.817036450 0.022511942 0.576146483 4.364110470
0.565715790 -0.055901498 -0.822703242 -2.921024323 0.013966861 0.998205841 -0.058222611 -0.312330276 0.824482024 0.021446863 0.565481603 4.398035049
0.555678010 -0.056250341 -0.829492450 -2.973592281 0.016549887 0.998259306 -0.056608111 -0.316967964 0.831232846 0.017727874 0.555641592 4.432863712
0.544946194 -0.056545384 -0.836562216 -3.027053595 0.018278159 0.998287559 -0.055570208 -0.321200132 0.838271856 0.014991954 0.545046449 4.467632771
0.534543931 -0.057179507 -0.843204141 -3.074537754 0.018561210 0.998262227 -0.055927563 -0.324980348 0.844936788 0.014244857 0.534676433 4.498279095
0.523876548 -0.058174677 -0.849805295 -3.128720522 0.017762141 0.998194218 -0.057383090 -0.329147577 0.851608932 0.014967294 0.523963869 4.531884193
0.512658775 -0.059044816 -0.856559813 -3.181175232 0.016699687 0.998129547 -0.058808662 -0.333134651 0.858429968 0.015844503 0.512686014 4.565772057
0.503619134 -0.059301712 -0.861888051 -3.231091976 0.015400337 0.998099089 -0.059674889 -0.338087708 0.863788545 0.016780047 0.503575087 4.593404770
0.494627595 -0.058795214 -0.867113888 -3.288417101 0.013606982 0.998110771 -0.059915695 -0.342388481 0.868998528 0.017837154 0.494493127 4.625012398
0.485730112 -0.056312989 -0.872292995 -3.342654705 0.012383897 0.998265862 -0.057549577 -0.346746147 0.874021053 0.017151173 0.485585213 4.655499458
0.476681679 -0.054772839 -0.877367973 -3.394087791 0.013696346 0.998398602 -0.054887265 -0.351424217 0.878969312 0.014147019 0.476668507 4.684116364
0.469478875 -0.054904126 -0.881235063 -3.449346066 0.014774283 0.998413563 -0.054333750 -0.356513381 0.882820189 0.012488930 0.469545215 4.712716103
0.461010605 -0.058840305 -0.885441720 -3.504874945 0.016370123 0.998193324 -0.057809796 -0.359293580 0.887243629 0.012156141 0.461141020 4.742412567
0.454107106 -0.062338509 -0.888763547 -3.561952829 0.019673351 0.998007536 -0.059949011 -0.363978148 0.890729964 0.009738316 0.454428762 4.771273613
0.447446287 -0.064511992 -0.891981006 -3.613463402 0.019710615 0.997863889 -0.062282436 -0.368525982 0.894093573 0.010286551 0.447762012 4.798327923
0.442587703 -0.067257769 -0.894199491 -3.671141624 0.020306671 0.997679234 -0.064990208 -0.373992443 0.896495283 0.010605649 0.442926317 4.826133728
0.437251896 -0.069327399 -0.896662951 -3.724177599 0.024913684 0.997575581 -0.064980656 -0.378121614 0.898993909 0.006073745 0.437919050 4.852894306
0.432361275 -0.065809950 -0.899295807 -3.782876492 0.026521366 0.997829795 -0.060269736 -0.383798152 0.901310384 0.002207746 0.433168292 4.881814003
0.427899301 -0.065061942 -0.901481628 -3.835183859 0.029906165 0.997878790 -0.057823829 -0.387136489 0.903331518 -0.002217080 0.428937405 4.908213139
0.424890131 -0.063963704 -0.902982295 -3.891036034 0.031336881 0.997942030 -0.055945002 -0.391900957 0.904702425 -0.004526174 0.426020056 4.934207916
0.421385080 -0.064297989 -0.904599547 -3.943969727 0.032810390 0.997911274 -0.055646595 -0.395716488 0.906288087 -0.006231623 0.422614574 4.960334778
0.418976009 -0.063037299 -0.905806422 -4.003641129 0.034687709 0.997970164 -0.053406581 -0.400690645 0.907334447 -0.009044274 0.420312166 4.986384392
0.416061550 -0.062703043 -0.907172084 -4.054721355 0.036420804 0.997968376 -0.052274935 -0.404089451 0.908606946 -0.011290340 0.417499900 5.011906624
0.413545579 -0.062760085 -0.908317804 -4.106713772 0.039011747 0.997926712 -0.051190037 -0.408541054 0.909647346 -0.014265652 0.415136486 5.037034988
0.410594970 -0.063449599 -0.909607589 -4.162323475 0.040165644 0.997866154 -0.051475398 -0.412202775 0.910932779 -0.015399433 0.412267298 5.062252998
0.408665419 -0.061754227 -0.910592735 -4.216276169 0.043056402 0.997901797 -0.048352029 -0.416661561 0.911668062 -0.019447032 0.410466939 5.086482048
0.406545341 -0.060920861 -0.911597252 -4.268399239 0.043886431 0.997924924 -0.047117952 -0.420302093 0.912575960 -0.020851161 0.408375263 5.109727859
0.405538976 -0.062724464 -0.911923110 -4.323190212 0.045697786 0.997786641 -0.048308223 -0.423321843 0.912934840 -0.022082003 0.407507598 5.133077145
0.402809232 -0.063982077 -0.913044870 -4.374134064 0.048807040 0.997635901 -0.048377577 -0.427804589 0.913981676 -0.025076082 0.404979736 5.157366753
0.402604133 -0.064237595 -0.913117349 -4.427180290 0.047788695 0.997649372 -0.049113791 -0.432023525 0.914125860 -0.023863271 0.404727638 5.179960251
0.402652025 -0.065652199 -0.912995636 -4.475887299 0.048007868 0.997566402 -0.050560970 -0.435552955 0.914093316 -0.023472495 0.404823959 5.202301025
0.405781329 -0.065470375 -0.911622167 -4.527276039 0.045890961 0.997632265 -0.051220413 -0.439185739 0.912817359 -0.021050937 0.407825142 5.224097252
0.408260673 -0.065336436 -0.910524249 -4.574042320 0.043687202 0.997690797 -0.052002799 -0.443177760 0.911819398 -0.018547557 0.410172254 5.246813297
0.413381279 -0.065925874 -0.908168435 -4.626799583 0.043032371 0.997675478 -0.052835867 -0.447360247 0.909540594 -0.017239280 0.415257335 5.270298958
0.418422729 -0.066589944 -0.905807912 -4.670994759 0.043134257 0.997640252 -0.053415801 -0.450216353 0.907227516 -0.016720969 0.420307606 5.291756630
0.425378352 -0.064931490 -0.902683258 -4.718731403 0.041395221 0.997774899 -0.052264605 -0.454099506 0.904068410 -0.015134536 0.427119762 5.314536095
0.433296204 -0.063640177 -0.899001896 -4.766757965 0.039089985 0.997892082 -0.051800217 -0.457090676 0.900403440 -0.012697130 0.434870571 5.337498665
0.442240626 -0.063326567 -0.894658208 -4.815523148 0.038599625 0.997923791 -0.051555771 -0.460373014 0.896065533 -0.011733403 0.443766892 5.361286640
0.451356024 -0.061980523 -0.890188754 -4.860271454 0.037525017 0.998020768 -0.050462000 -0.464580029 0.891554534 -0.010628019 0.452788532 5.384260654
0.461491436 -0.061056022 -0.885041058 -4.908517361 0.035014916 0.998105109 -0.050597921 -0.468998462 0.886453331 -0.007639133 0.462754816 5.409057617
0.470503986 -0.064680584 -0.880024135 -4.950198174 0.035071563 0.997892678 -0.054592784 -0.471213430 0.881700575 -0.005177700 0.471780866 5.432615280
0.482284248 -0.064302705 -0.873651624 -4.999214649 0.032514222 0.997929037 -0.055500917 -0.475784838 0.875411153 -0.001638874 0.483376235 5.459354877
0.493995935 -0.062627353 -0.867205799 -5.040586948 0.030128609 0.998036444 -0.054913126 -0.478914469 0.868942142 0.000999148 0.494912684 5.483539581
0.506810665 -0.060791530 -0.859911203 -5.086115837 0.029341143 0.998148978 -0.053271301 -0.482093990 0.861557961 0.001767682 0.507656097 5.510215759
0.520380974 -0.057428654 -0.852000892 -5.128788471 0.026612002 0.998342037 -0.051038742 -0.485628217 0.853519440 0.003886142 0.521046519 5.534824371
0.533108294 -0.056980699 -0.844126046 -5.174386024 0.026677210 0.998365402 -0.050544251 -0.488895148 0.845626295 0.004426631 0.533757091 5.562204838
0.542647541 -0.056642517 -0.838048577 -5.212613106 0.025625004 0.998375595 -0.050886277 -0.492247701 0.839569509 0.006138312 0.543217480 5.589271545
0.553520262 -0.057779107 -0.830829084 -5.254885197 0.026947621 0.998310745 -0.051473219 -0.496254802 0.832399666 0.006102607 0.554142356 5.617359638
0.564780414 -0.058112293 -0.823192596 -5.294381618 0.027047796 0.998285115 -0.051915634 -0.499250591 0.824797869 0.007055386 0.565383792 5.644421101
0.576259375 -0.057431474 -0.815246463 -5.336596489 0.027898658 0.998328805 -0.050608784 -0.503269076 0.816790581 0.006419513 0.576898754 5.673602581
0.586206675 -0.055395160 -0.808265448 -5.373764515 0.026298748 0.998435020 -0.049355023 -0.506166816 0.809734464 0.007675878 0.586746156 5.701304436
0.596965194 -0.052654210 -0.800537467 -5.414266586 0.026882319 0.998596430 -0.045634966 -0.509715438 0.801816523 0.005722183 0.597542763 5.730948925
0.606556296 -0.051260147 -0.793386340 -5.449851513 0.025688617 0.998661816 -0.044883516 -0.512277484 0.794625401 0.006843380 0.607061505 5.758354187
0.617512584 -0.050828051 -0.784917057 -5.489521980 0.023799533 0.998660266 -0.045945570 -0.515071690 0.786200821 0.009691308 0.617895007 5.788048744
0.626604199 -0.049827255 -0.777743220 -5.523227215 0.021254236 0.998675346 -0.046857715 -0.518120348 0.779047787 0.012830906 0.626833200 5.815962791
0.637815833 -0.049425188 -0.768601298 -5.564301491 0.021211145 0.998687506 -0.046619117 -0.521133244 0.769896626 0.013431497 0.638027191 5.846312523
0.645499706 -0.046658043 -0.762334168 -5.594321251 0.020437211 0.998830080 -0.043827556 -0.524240673 0.763486922 0.012710694 0.645698130 5.874817371
0.654326916 -0.045790333 -0.754824340 -5.631289482 0.020858508 0.998878121 -0.042514116 -0.526667595 0.755924106 0.012073615 0.654547811 5.906082153
0.662542343 -0.044547360 -0.747698665 -5.663092136 0.020769043 0.998938799 -0.041112423 -0.529415846 0.748736501 0.011709734 0.662764311 5.934929848
0.671135902 -0.044696573 -0.739985824 -5.698066711 0.020325566 0.998914897 -0.041901968 -0.531859219 0.741055667 0.013081282 0.671316147 5.965842247
0.678076625 -0.042974856 -0.733733773 -5.729442596 0.018971363 0.998979926 -0.040978059 -0.534258604 0.734746277 0.013866339 0.678200305 5.994891167
0.685791254 -0.041043159 -0.726640046 -5.763532639 0.018710641 0.999072850 -0.038772304 -0.536659539 0.727557659 0.012993804 0.685923457 6.025965214
0.693015337 -0.037710529 -0.719935834 -5.793225765 0.017543465 0.999217391 -0.035451945 -0.539175868 0.720709324 0.011938573 0.693134546 6.055115700
0.700757146 -0.036073018 -0.712487340 -5.825785637 0.016825700 0.999278665 -0.034044493 -0.541712046 0.713201523 0.011868822 0.700858593 6.086716175
0.708298743 -0.034956183 -0.705046713 -5.854393482 0.015599308 0.999304295 -0.033874195 -0.543912113 0.705740392 0.012994807 0.708351314 6.115229607
0.716490984 -0.032102883 -0.696857214 -5.885374546 0.012933458 0.999380052 -0.032741673 -0.546119928 0.697476447 0.014446341 0.716462016 6.146638870
0.726127744 -0.028648641 -0.686962545 -5.915881157 0.011287047 0.999493480 -0.029751685 -0.548280120 0.687467158 0.013849743 0.726083398 6.177969933
0.735291183 -0.025355255 -0.677276850 -5.941306114 0.010103090 0.999598920 -0.026453547 -0.549759269 0.677676022 0.012608472 0.735252500 6.205507755
0.745886862 -0.023447942 -0.665659785 -5.969981194 0.008805045 0.999639988 -0.025346175 -0.551766872 0.666014433 0.013044215 0.745824814 6.236963749
0.756002069 -0.022278227 -0.654189944 -5.998088360 0.006681527 0.999631226 -0.026320742 -0.553904951 0.654535115 0.015527552 0.755872130 6.268894672
0.765850306 -0.023088537 -0.642604351 -6.021111012 0.006317418 0.999577045 -0.028385395 -0.555412531 0.642987967 0.017679363 0.765672266 6.297175884
0.776205897 -0.022278627 -0.630085826 -6.048012257 0.006377126 0.999601781 -0.027487993 -0.557344258 0.630447268 0.017318208 0.776039004 6.329986095
0.786452949 -0.020869954 -0.617297530 -6.071283340 0.006021040 0.999640524 -0.026125470 -0.559192479 0.617620885 0.016829681 0.786295891 6.359405518
0.796714962 -0.017591020 -0.604099333 -6.095977783 0.004893192 0.999731362 -0.022658223 -0.561339378 0.604335546 0.015096172 0.796586931 6.392395496
0.806798339 -0.017254198 -0.590574861 -6.121586800 0.006073390 0.999762833 -0.020912014 -0.562696099 0.590795696 0.013284989 0.806711853 6.427074909
0.816207230 -0.015542472 -0.577550173 -6.141989231 0.006344314 0.999819040 -0.017940225 -0.563682616 0.577724457 0.010978782 0.816157997 6.454984665
0.824855208 -0.014497649 -0.565158129 -6.166697979 0.006619122 0.999850333 -0.015987843 -0.565126300 0.565305352 0.009446805 0.824827671 6.489804745
0.832009017 -0.014896844 -0.554562032 -6.186022282 0.008338922 0.999862313 -0.014347780 -0.566264629 0.554699481 0.007313031 0.832018614 6.520145893
0.838700414 -0.014578307 -0.544397950 -6.208786011 0.008251482 0.999867082 -0.014062963 -0.567222476 0.544530749 0.007302522 0.838709116 6.555312157
0.845831394 -0.013987166 -0.533267200 -6.229312897 0.007606442 0.999870837 -0.014160988 -0.568544984 0.533396423 0.007921542 0.845828354 6.587050438
0.852800250 -0.011892649 -0.522101998 -6.250950813 0.005788420 0.999894500 -0.013321208 -0.569592357 0.522205293 0.008338184 0.852779090 6.620513916
0.859243751 -0.010932432 -0.511449695 -6.271267414 0.005088523 0.999904811 -0.012824544 -0.570621252 0.511541188 0.008416885 0.859217525 6.656050205
0.865298748 -0.011853858 -0.501116276 -6.292425156 0.006249748 0.999897718 -0.012860781 -0.571796894 0.501217425 0.007996566 0.865284443 6.692112923
0.870382905 -0.013361002 -0.492194235 -6.313092232 0.007585933 0.999876976 -0.013727695 -0.573100746 0.492317080 0.008214599 0.870377123 6.729749680
0.874931157 -0.013368666 -0.484062642 -6.331449032 0.007290068 0.999869227 -0.014437405 -0.573947728 0.484192371 0.009102886 0.874914229 6.762298107
0.878807366 -0.012651278 -0.477008879 -6.352932930 0.006894079 0.999880791 -0.013817774 -0.574711382 0.477126807 0.008854626 0.878789842 6.800024509
0.881909847 -0.010791708 -0.471294433 -6.373819351 0.006423424 0.999920249 -0.010876351 -0.575633347 0.471374273 0.006564639 0.881908774 6.839096069
0.885068059 -0.006676684 -0.465413898 -6.390176773 0.004131466 0.999970436 -0.006488544 -0.576150537 0.465443373 0.003819961 0.885069430 6.871685505
0.888354421 -0.004248902 -0.459138781 -6.410500050 0.002970015 0.999989510 -0.003507503 -0.576868892 0.459148794 0.001752256 0.888357639 6.911369324
0.891745865 -0.001137418 -0.452535272 -6.430904388 0.000600359 0.999999046 -0.001330392 -0.577712476 0.452536255 0.000914688 0.891745567 6.951268196
0.895253897 0.000404150 -0.445556194 -6.449713707 0.000003059 0.999999583 0.000913214 -0.578050554 0.445556402 -0.000818921 0.895253539 6.987972260
0.898800313 0.002120142 -0.438353211 -6.469414711 -0.000444344 0.999992251 0.003925484 -0.578488648 0.438358188 -0.003333446 0.898794293 7.028508186
0.902271688 0.001032538 -0.431166768 -6.489975929 0.001315771 0.999985933 0.005148138 -0.577720881 0.431166112 -0.005212336 0.902257621 7.071228504
0.905936718 0.002083218 -0.423408002 -6.508699417 0.000878039 0.999976516 0.006798686 -0.579060555 0.423412144 -0.006530948 0.905913651 7.110889435
0.909779608 0.002127717 -0.415086150 -6.529414177 0.000949459 0.999973595 0.007206840 -0.579995632 0.415090561 -0.006950743 0.909753561 7.155739784
0.913734674 -0.001136787 -0.406309724 -6.549421310 0.003900438 0.999974668 0.005973785 -0.579257250 0.406292558 -0.007043240 0.913715959 7.201086044
0.917877018 -0.002509013 -0.396857142 -6.565266609 0.004811440 0.999976814 0.004806149 -0.579547584 0.396835953 -0.006320907 0.917867839 7.239617825
0.922595799 -0.003311230 -0.385753930 -6.585362911 0.004910838 0.999982893 0.003161458 -0.580208004 0.385736883 -0.004811122 0.922596335 7.286852837
0.927849472 -0.001417372 -0.372952610 -6.603570938 0.002387248 0.999994814 0.002138719 -0.580271065 0.372947633 -0.002874739 0.927847922 7.333572388
0.934258938 0.001566871 -0.356592268 -6.620808601 -0.000540748 0.999995410 0.002977254 -0.580180526 0.356595337 -0.002588698 0.934255362 7.375944138
0.941062987 0.005215011 -0.338191301 -6.638015747 -0.003485241 0.999977589 0.005721798 -0.580918431 0.338213563 -0.004205894 0.941059947 7.424659252
0.948006094 0.007597873 -0.318161547 -6.655971527 -0.005750904 0.999960721 0.006744006 -0.579851389 0.318200290 -0.004563642 0.948012590 7.473683357
0.954669058 0.009944916 -0.297503382 -6.669298172 -0.007849906 0.999935269 0.008235924 -0.581264853 0.297566026 -0.005527209 0.954685152 7.518354416
0.961074471 0.012225552 -0.276018828 -6.684980392 -0.009823118 0.999900877 0.010084799 -0.581436992 0.276114762 -0.006980879 0.961099327 7.571442604
0.966909945 0.012313193 -0.254820555 -6.697882652 -0.009482938 0.999878883 0.012332419 -0.581394434 0.254941583 -0.009507892 0.966909647 7.622133732
0.972485781 0.014394007 -0.232517138 -6.710632324 -0.011018716 0.999814332 0.015808687 -0.581015527 0.232701510 -0.012811682 0.972463846 7.669496536
0.977471292 0.016608829 -0.210413948 -6.722946644 -0.012747349 0.999724746 0.019694943 -0.580716848 0.210683152 -0.016569024 0.977413952 7.724832058
0.982092440 0.018967213 -0.187442452 -6.735273838 -0.014911302 0.999623656 0.023024652 -0.579572201 0.187808633 -0.019817328 0.982005715 7.781915665
0.986060619 0.020772396 -0.165084690 -6.743694305 -0.017209411 0.999587715 0.022984039 -0.579496384 0.165494069 -0.019822648 0.986011565 7.828868389
0.989552557 0.020001566 -0.142778069 -6.752721786 -0.017190354 0.999633849 0.020895962 -0.578857780 0.143143758 -0.018223245 0.989534140 7.884069443
0.992245913 0.020181203 -0.122641221 -6.757644653 -0.017902026 0.999646604 0.019657843 -0.577853680 0.122994587 -0.017309887 0.992256343 7.944267750
0.994620323 0.018826570 -0.101862222 -6.766480446 -0.016727071 0.999630511 0.021426249 -0.577123523 0.102227964 -0.019607127 0.994567692 7.996451855
0.996477246 0.019494239 -0.081567019 -6.772732258 -0.017681360 0.999581695 0.022889281 -0.576093793 0.081979118 -0.021366432 0.996404946 8.058171272
0.997938931 0.020827606 -0.060696814 -6.777204037 -0.019387973 0.999518871 0.024211660 -0.575958908 0.061171893 -0.022984968 0.997862518 8.117751122
0.998942614 0.021819497 -0.040467117 -6.781188965 -0.020829096 0.999476910 0.024736471 -0.574862123 0.040985692 -0.023867419 0.998874605 8.178297997
0.999551535 0.022329828 -0.019948272 -6.781367779 -0.021827735 0.999448001 0.025042497 -0.574634731 0.020496452 -0.024595845 0.999487460 8.231476784
0.999706745 0.024198696 0.000902953 -6.783107281 -0.024213422 0.999417186 0.024059353 -0.572771788 -0.000320228 -0.024074161 0.999710202 8.294106483
0.999461174 0.025429098 0.020752937 -6.781428337 -0.025912639 0.999390841 0.023373289 -0.572904468 -0.020145936 -0.023898458 0.999511361 8.352857590
0.998869777 0.025440039 0.040147256 -6.779711723 -0.026275286 0.999446213 0.020415759 -0.572333694 -0.039605640 -0.021447564 0.998985171 8.413791656
0.997847676 0.028545175 0.059034713 -6.776536942 -0.029660150 0.999396265 0.018097373 -0.571789861 -0.058482468 -0.019809399 0.998091877 8.476954460
0.996509850 0.028688319 0.078390479 -6.772427559 -0.030011116 0.999425471 0.015748551 -0.570428133 -0.077893637 -0.018046170 0.996798396 8.541376114
0.994855642 0.027661223 0.097452998 -6.768112659 -0.029000085 0.999503136 0.012348716 -0.570336998 -0.097063005 -0.015111338 0.995163560 8.608908653
0.992890060 0.029310996 0.115370110 -6.757995129 -0.030387085 0.999509394 0.007579244 -0.571758449 -0.115091361 -0.011031118 0.993293643 8.662518501
0.990659893 0.030447843 0.132913679 -6.749827862 -0.030826114 0.999524415 0.000788685 -0.572902024 -0.132826477 -0.004878532 0.991127253 8.725803375
0.988133073 0.031985272 0.150233433 -6.740468502 -0.031651828 0.999488294 -0.004610732 -0.573004246 -0.150304034 -0.000199145 0.988639772 8.793506622
0.985033572 0.035739508 0.168616652 -6.731044292 -0.034845613 0.999358594 -0.008258354 -0.574644327 -0.168803617 0.002259206 0.985647082 8.856622696
0.981773615 0.038399324 0.186135113 -6.719204426 -0.036902640 0.999252617 -0.011500284 -0.575435042 -0.186437577 0.004421799 0.982456863 8.924321175
0.978362024 0.037150573 0.203537568 -6.705073833 -0.035651155 0.999303460 -0.011029723 -0.577536702 -0.203805551 0.003534714 0.979004979 8.995208740
0.974567175 0.036697209 0.221070394 -6.691511154 -0.034956150 0.999319375 -0.011784078 -0.579586506 -0.221352339 0.003756605 0.975186586 9.057366371
0.970593274 0.036841940 0.237889290 -6.674717903 -0.033694457 0.999282718 -0.017284896 -0.581607640 -0.238355488 0.008761052 0.971138418 9.129068375
0.966425002 0.037868764 0.254143298 -6.656626225 -0.033462811 0.999205649 -0.021638926 -0.583948731 -0.254760861 0.012408050 0.966924429 9.196530342
0.961732507 0.039992198 0.271055728 -6.640423298 -0.035380676 0.999134481 -0.021880480 -0.585374236 -0.271696180 0.011453032 0.962314844 9.260880470
0.956449211 0.042563345 0.288778871 -6.619458199 -0.037575673 0.999033689 -0.022795986 -0.588532984 -0.289470166 0.010952144 0.957124352 9.331892014
0.950845122 0.046083961 0.306218714 -6.596480370 -0.040025800 0.998859465 -0.026037145 -0.590635717 -0.307069331 0.012500644 0.951605022 9.403991699
0.945096016 0.046417408 0.323479474 -6.577362061 -0.038879197 0.998801529 -0.029730512 -0.593074739 -0.324471742 0.015521562 0.945767999 9.467164040
0.938935161 0.048082359 0.340718031 -6.554179192 -0.039374169 0.998698115 -0.032431431 -0.595371366 -0.341833830 0.017035522 0.939606011 9.535926819
0.932459533 0.048090350 0.358059555 -6.526907444 -0.037068501 0.998605549 -0.037587091 -0.599307835 -0.359367847 0.021775704 0.932941854 9.605808258
0.924900591 0.051021915 0.376769960 -6.500969887 -0.037215400 0.998345315 -0.043838240 -0.603188276 -0.378383219 0.026524361 0.925268948 9.670520782
0.915803313 0.055034306 0.397838533 -6.471376419 -0.039409883 0.998100638 -0.047351036 -0.606916785 -0.399688840 0.027685456 0.916232765 9.738715172
0.904711127 0.057528455 0.422123343 -6.441366673 -0.040637605 0.997976184 -0.048911594 -0.610998988 -0.424082816 0.027096782 0.905218005 9.812123299
0.891596019 0.061937459 0.448575824 -6.414443970 -0.043293066 0.997723281 -0.051711481 -0.615303516 -0.450757414 0.026685525 0.892247558 9.884920120
0.878980100 0.066162594 0.472246051 -6.378892899 -0.045237023 0.997430921 -0.055543453 -0.620123029 -0.474707782 0.027458578 0.879715085 9.940176010
0.864929557 0.070125364 0.496970177 -6.340074539 -0.047127798 0.997163475 -0.058684062 -0.626892209 -0.499675751 0.027336469 0.865781128 10.013624191
0.851006329 0.071557090 0.520257354 -6.297626495 -0.046511836 0.997050166 -0.061054640 -0.632704377 -0.523091614 0.027759753 0.851824284 10.079889297
0.835797787 0.073338613 0.544117093 -6.254863262 -0.046036027 0.996909618 -0.063653894 -0.639364600 -0.547103882 0.028152794 0.836591184 10.153890610
0.820424557 0.075938597 0.566689551 -6.220008850 -0.044636164 0.996622503 -0.068929307 -0.643175900 -0.570010006 0.031256445 0.821043015 10.203634262
0.804695845 0.077918082 0.588551939 -6.176146507 -0.042413224 0.996361971 -0.073918484 -0.650633454 -0.592170298 0.034519508 0.805073023 10.266202927
0.788803339 0.079625487 0.609466195 -6.131988525 -0.040891010 0.996174812 -0.077224866 -0.657283902 -0.613283932 0.035993550 0.789041936 10.331895828
