0.999761283 -0.007524729 0.020511448 0.001367955 0.007525681 0.999971628 0.000030756 -0.000753930 -0.020511094 0.000123614 0.999789596 0.043323059
0.999790549 -0.008918154 0.018420110 0.001744531 0.008942219 0.999959290 -0.001224551 -0.001061134 -0.018408438 0.001389012 0.999829590 0.058482461
0.999868333 -0.011463762 0.011482521 0.001715691 0.011496560 0.999929965 -0.002794297 -0.001098016 -0.011449683 0.002925939 0.999930084 0.074329033
0.999912381 -0.013230900 -0.000135925 0.001212718 0.013230069 0.999900281 -0.004938341 -0.001125408 0.000201251 0.004936110 0.999987781 0.089751057
0.999784708 -0.012379686 -0.016650464 0.000271339 0.012300014 0.999912381 -0.004879092 -0.001632213 0.016709404 0.004673240 0.999849439 0.106012672
0.999324024 -0.007904447 -0.035903193 -0.001285942 0.007728036 0.999957383 -0.005049618 -0.001786155 0.035941582 0.004768743 0.999342442 0.122755222
0.998447180 -0.004234782 -0.055544183 -0.003305423 0.003887053 0.999972165 -0.006366946 -0.002007962 0.055569608 0.006141156 0.998435855 0.139745533
0.997107089 -0.003956537 -0.075905971 -0.005522779 0.003461461 0.999971867 -0.006652681 -0.002320729 0.075930156 0.006370689 0.997092724 0.157853931
0.995240390 -0.005803777 -0.097276539 -0.007180093 0.005278116 0.999970078 -0.005660238 -0.002834448 0.097306468 0.005119860 0.995241284 0.175771728
0.993259907 -0.007087023 -0.115691364 -0.011130859 0.006525845 0.999965072 -0.005228699 -0.002859893 0.115724377 0.004438472 0.993271410 0.194633454
0.990937650 -0.006402921 -0.134169936 -0.013717400 0.005832647 0.999972224 -0.004643025 -0.003030982 0.134195879 0.003818383 0.990947485 0.213980347
0.988681853 -0.004855431 -0.149948537 -0.017578121 0.004279067 0.999982238 -0.004166148 -0.003233212 0.149966076 0.003477355 0.988685012 0.233946979
0.986535609 -0.004597868 -0.163481608 -0.021338996 0.004006264 0.999984205 -0.003948292 -0.003795798 0.163497165 0.003240180 0.986538470 0.254388720
0.984395027 -0.005986535 -0.175870493 -0.025281401 0.005213628 0.999974668 -0.004856485 -0.004097995 0.175895080 0.003863776 0.984401345 0.275383234
0.982668281 -0.009756445 -0.185115755 -0.029872756 0.008592670 0.999937892 -0.007087966 -0.004540359 0.185173422 0.005374480 0.982691169 0.297495425
0.981257975 -0.008388877 -0.192516059 -0.034969889 0.006792608 0.999936819 -0.008950152 -0.004996064 0.192579001 0.007474721 0.981253088 0.320100814
0.979693770 -0.008601126 -0.200315043 -0.039955750 0.006579897 0.999920487 -0.010753849 -0.005193695 0.200391605 0.009217423 0.979672492 0.343329281
0.977920294 -0.009487891 -0.208762765 -0.045225319 0.006901002 0.999890149 -0.013116418 -0.005970346 0.208864257 0.011386139 0.977878332 0.367106050
0.976213276 -0.013702171 -0.216379076 -0.050464414 0.010658133 0.999827206 -0.015228802 -0.006194935 0.216550380 0.012560361 0.976190567 0.391716510
0.974325836 -0.020378552 -0.224218518 -0.055957142 0.017242160 0.999724329 -0.015937373 -0.006925399 0.224481478 0.011662181 0.974408567 0.416680276
0.972285271 -0.021029191 -0.232850090 -0.062543839 0.017120043 0.999676764 -0.018796766 -0.007528366 0.233170152 0.014289414 0.972330928 0.442775846
0.970338464 -0.016734764 -0.241170526 -0.070122451 0.011580730 0.999673665 -0.022772575 -0.008380625 0.241472945 0.019304173 0.970215499 0.469162017
0.968111336 -0.013962503 -0.250130951 -0.077443436 0.007753362 0.999637246 -0.025791770 -0.009135175 0.250400335 0.023029950 0.967868447 0.495819777
0.965941608 -0.016149126 -0.258256108 -0.085016824 0.009134084 0.999556601 -0.028339988 -0.009824642 0.258599252 0.025015837 0.965660810 0.522537231
0.963367701 -0.019821057 -0.267450422 -0.092687435 0.012183810 0.999469995 -0.030185280 -0.010859977 0.267907053 0.025820957 0.963098705 0.551677823
0.961136997 -0.019077184 -0.275411695 -0.101333126 0.010535822 0.999417484 -0.032459401 -0.012258839 0.275870532 0.028296243 0.960778236 0.579996884
0.958767951 -0.018964173 -0.283556581 -0.110187054 0.009047518 0.999302089 -0.036241334 -0.013278214 0.284045964 0.032181550 0.958270431 0.609008253
0.956576347 -0.019346491 -0.290838838 -0.119720139 0.007666234 0.999119580 -0.041246612 -0.015042072 0.291380733 0.037225902 0.955882549 0.638119102
0.954724491 -0.021827083 -0.296690047 -0.129292503 0.007716944 0.998786211 -0.048646871 -0.016508080 0.297391713 0.044154808 0.953733981 0.669243753
0.953367352 -0.022225022 -0.300993055 -0.139003247 0.005434303 0.998387456 -0.056507275 -0.018447928 0.301763564 0.052236497 0.951950669 0.699101806
0.952079058 -0.023121960 -0.304976821 -0.150120467 0.003296154 0.997856140 -0.065362975 -0.020318339 0.305834293 0.061225474 0.950114012 0.731044531
0.950799525 -0.022397773 -0.308996230 -0.160834789 -0.000589441 0.997250557 -0.074100055 -0.022480253 0.309806317 0.070636436 0.948172212 0.762735128
0.949559689 -0.020839121 -0.312893420 -0.172067419 -0.004945631 0.996670127 -0.081388406 -0.025318094 0.313547611 0.078830607 0.946294725 0.793408990
0.948139310 -0.018242091 -0.317331254 -0.182755619 -0.010287870 0.996067464 -0.087998547 -0.027793650 0.317688644 0.086699530 0.944223106 0.823933125
0.946467340 -0.017045828 -0.322349310 -0.195662588 -0.014067231 0.995478034 -0.093944445 -0.031173885 0.322492957 0.093449913 0.941947639 0.859278858
0.944781661 -0.015866093 -0.327316374 -0.208391875 -0.017452497 0.994973481 -0.098605357 -0.035091355 0.327235579 0.098873012 0.939755738 0.892405391
0.943297863 -0.014257812 -0.331641227 -0.221295446 -0.020741608 0.994593263 -0.101755261 -0.038786951 0.331298888 0.102864295 0.937901914 0.924572051
0.941442490 -0.011444677 -0.336979121 -0.234400153 -0.025012629 0.994299412 -0.103648528 -0.042055830 0.336244345 0.106007867 0.935789526 0.960417151
0.939442039 -0.011511635 -0.342514366 -0.247806832 -0.025359435 0.994360566 -0.102975041 -0.045813262 0.341768265 0.105425045 0.933852315 0.993854582
0.937181115 -0.011126465 -0.348665595 -0.262200564 -0.025774583 0.994550645 -0.101017393 -0.050101440 0.347889602 0.103658296 0.931787491 1.029411554
0.934596896 -0.011421954 -0.355525225 -0.275123090 -0.025586462 0.994736612 -0.099219032 -0.053964444 0.354787171 0.101826437 0.929385483 1.063668966
0.931374967 -0.010047719 -0.363922536 -0.289575011 -0.026745118 0.995029747 -0.095920190 -0.058176436 0.363077432 0.099070817 0.926477015 1.099795341
0.928384006 -0.007287187 -0.371550858 -0.304945678 -0.028329292 0.995510638 -0.090310492 -0.061796650 0.370540887 0.094368584 0.924009740 1.133907080
0.924755156 -0.004737928 -0.380533040 -0.320275724 -0.029982598 0.995907307 -0.085262232 -0.065589398 0.379379630 0.090256065 0.920828342 1.170487165
0.921204507 -0.000515677 -0.389078140 -0.336311162 -0.033903375 0.996088982 -0.081591837 -0.068836816 0.387598485 0.088353828 0.917584300 1.206300735
0.917432308 0.000330803 -0.397891819 -0.351854444 -0.034857292 0.996221662 -0.079543360 -0.072823465 0.396362185 0.086845078 0.913977623 1.241492152
0.913718104 0.000724777 -0.406347960 -0.370826542 -0.035915334 0.996228814 -0.078982703 -0.076394826 0.404758275 0.086762033 0.910298288 1.278818965
0.909712136 -0.000232334 -0.415239245 -0.388000876 -0.035107724 0.996376216 -0.077472009 -0.079391494 0.413752496 0.085055344 0.906407416 1.316559911
0.905886173 0.000272023 -0.423521012 -0.405384898 -0.035808306 0.996468306 -0.075951822 -0.082623661 0.422004610 0.083969273 0.902696609 1.350585580
0.902234733 0.000353741 -0.431245089 -0.425841868 -0.035481349 0.996670067 -0.073415197 -0.087093547 0.429783106 0.081538893 0.899242938 1.391740084
0.898845553 0.000395108 -0.438265175 -0.444994122 -0.033975691 0.997053027 -0.068782464 -0.090256885 0.436946452 0.076715194 0.896210194 1.428069115
0.895118535 0.003758086 -0.445812404 -0.464730203 -0.035839926 0.997334719 -0.063553452 -0.093493700 0.444385260 0.072865762 0.892867446 1.466000199
0.890926898 0.003520840 -0.454133093 -0.484817147 -0.034300152 0.997635484 -0.059556138 -0.096660979 0.452849656 0.068636999 0.888941050 1.506963372
0.887660742 0.003107476 -0.460487574 -0.505558372 -0.033231795 0.997802258 -0.057325996 -0.099772997 0.459297419 0.066188857 0.885813177 1.544349670
0.884068131 0.001182791 -0.467356682 -0.525835991 -0.031158112 0.997921109 -0.056414228 -0.102454342 0.466318369 0.064435959 0.882267118 1.583413601
0.880865395 0.001771547 -0.473363519 -0.549025178 -0.031372316 0.998012900 -0.054644592 -0.105178870 0.472326100 0.062985040 0.879170597 1.625500441
0.877863824 -0.000944294 -0.478909433 -0.569005549 -0.028338140 0.998143494 -0.053913269 -0.107239790 0.478071153 0.060899910 0.876207292 1.662199736
0.875148475 -0.002235989 -0.483849317 -0.593201518 -0.026770316 0.998233855 -0.053033117 -0.111143634 0.483113348 0.059364658 0.873542964 1.704810262
0.873032153 -0.002062199 -0.487658352 -0.614544392 -0.027544968 0.998186052 -0.053533591 -0.113926098 0.486884177 0.060169067 0.871391714 1.742623448
0.872164965 -0.000118328 -0.489212066 -0.638133883 -0.029959735 0.998109996 -0.053653486 -0.116377771 0.488293886 0.061451342 0.870512962 1.780971050
0.871153951 -0.002659344 -0.491003096 -0.665226579 -0.026878793 0.998227596 -0.053095791 -0.119489364 0.490274042 0.059452161 0.869538426 1.830335975
0.871129990 -0.001988098 -0.491048604 -0.689150989 -0.026648428 0.998326778 -0.051316749 -0.122099012 0.490329027 0.057789225 0.869619370 1.871054888
0.870548129 -0.004112175 -0.492066175 -0.713106036 -0.023894470 0.998432279 -0.050617203 -0.124998771 0.491502881 0.055822376 0.869085014 1.914618254
0.870020688 -0.006078500 -0.492977679 -0.740729153 -0.022314584 0.998413682 -0.051692005 -0.128066793 0.492509961 0.055973709 0.868505001 1.960750818
0.869055092 -0.009225433 -0.494629204 -0.766065359 -0.019165313 0.998447716 -0.052295387 -0.130887106 0.494343877 0.054927304 0.867529392 2.003721476
0.867742240 -0.007989757 -0.496950299 -0.792035520 -0.019735660 0.998528302 -0.050515048 -0.133854151 0.496622503 0.053641677 0.866307378 2.047242165
0.865550280 -0.007079483 -0.500772178 -0.817628264 -0.018414469 0.998774171 -0.045947947 -0.137172759 0.500483572 0.048991710 0.864358664 2.090379715
0.863006294 -0.006850338 -0.505146563 -0.844706595 -0.016952883 0.998952210 -0.042509664 -0.139864519 0.504908442 0.045249805 0.861985981 2.135351658
0.859166205 -0.007064397 -0.511647820 -0.870012283 -0.015866622 0.999056041 -0.040437564 -0.142640471 0.511450589 0.042860717 0.858243108 2.176444054
0.853769302 -0.010694412 -0.520541668 -0.897574127 -0.013292530 0.999015510 -0.042326368 -0.146052524 0.520481765 0.043056268 0.852786541 2.222054005
0.847982109 -0.014354924 -0.529830515 -0.924011946 -0.011307660 0.998915672 -0.045161709 -0.149209231 0.529904306 0.044287462 0.846900284 2.263309002
0.841413200 -0.014469794 -0.540198565 -0.953159630 -0.011594712 0.998928010 -0.044817276 -0.152102441 0.540267885 0.043973289 0.840343356 2.309857607
0.835872412 -0.011621246 -0.548800826 -0.981886566 -0.012242609 0.999132454 -0.039803922 -0.154612720 0.548787296 0.039989755 0.835004985 2.352598667
0.830851674 -0.006966252 -0.556450307 -1.012834311 -0.015238876 0.999261856 -0.035263434 -0.157605097 0.556285262 0.037778363 0.830132127 2.396680832
0.826778531 -0.007364187 -0.562479436 -1.041363597 -0.016114613 0.999193907 -0.036768392 -0.159974471 0.562296748 0.039463457 0.825993299 2.437865496
0.823172152 -0.009342289 -0.567714989 -1.071762323 -0.016742105 0.999030471 -0.040715612 -0.163173482 0.567544997 0.043020707 0.822217703 2.481774092
0.820272148 -0.011567770 -0.571856499 -1.101457477 -0.019079071 0.998685658 -0.047568914 -0.165879235 0.571655214 0.049929947 0.818973362 2.523022175
0.816918135 -0.013045622 -0.576605976 -1.132934809 -0.018861273 0.998605132 -0.049315367 -0.168993726 0.576445162 0.051162150 0.815532684 2.566891193
0.813738048 -0.011428759 -0.581119359 -1.163533568 -0.018078839 0.998825133 -0.044959385 -0.172164008 0.580950499 0.047091138 0.812575519 2.608143091
0.810803294 -0.008218135 -0.585261047 -1.195493937 -0.019222826 0.998988152 -0.040658344 -0.174463302 0.585003018 0.044216294 0.809824944 2.651794910
0.807881773 -0.006362447 -0.589310229 -1.226723671 -0.019574221 0.999100387 -0.037620895 -0.176934332 0.589019418 0.041928526 0.807030439 2.694199324
0.804691732 -0.006125905 -0.593661189 -1.257354498 -0.020433761 0.999068499 -0.038006656 -0.179801553 0.593341112 0.042714372 0.803816974 2.734217405
0.801252127 -0.007129179 -0.598284364 -1.288713813 -0.020462006 0.999017477 -0.039308075 -0.182777762 0.597976863 0.043737773 0.800319135 2.774423599
0.797306359 -0.010301122 -0.603486955 -1.320344567 -0.019381991 0.998901665 -0.042657413 -0.184822500 0.603263557 0.045707799 0.796231031 2.816324472
0.792839646 -0.011030985 -0.609330535 -1.351740956 -0.019026190 0.998900771 -0.042839766 -0.187551737 0.609133303 0.045558296 0.791758299 2.856041431
0.788489878 -0.011569012 -0.614938915 -1.384984732 -0.017957121 0.998963833 -0.041818839 -0.190531418 0.614785552 0.044016261 0.787465096 2.898677826
0.783965170 -0.010398894 -0.620717704 -1.418510437 -0.019240050 0.998972356 -0.041035946 -0.193493664 0.620506704 0.044113390 0.782959461 2.939106464
0.778323054 -0.012008686 -0.627749145 -1.451033354 -0.018528637 0.998942316 -0.042082500 -0.196411431 0.627590537 0.044385120 0.777277350 2.979682922
0.772948146 -0.014212145 -0.634310007 -1.484354019 -0.016950732 0.998929679 -0.043037273 -0.198952407 0.634242773 0.044017602 0.771879911 3.019760609
0.767486572 -0.014724071 -0.640895784 -1.518938661 -0.017308738 0.998895764 -0.043676428 -0.202247679 0.640831292 0.044614173 0.766384363 3.059974909
0.761389136 -0.016600126 -0.648082435 -1.552709222 -0.016356051 0.998862088 -0.044800710 -0.205344528 0.648088694 0.044710852 0.760251284 3.099977255
0.755992770 -0.018718313 -0.654312372 -1.587869406 -0.014904889 0.998839557 -0.045795534 -0.208209783 0.654410243 0.044373546 0.754836440 3.138782263
0.749434471 -0.021024704 -0.661744714 -1.618388891 -0.012228130 0.998885572 -0.045584749 -0.211286083 0.661965609 0.042254671 0.748342216 3.176278114
0.743746996 -0.019109568 -0.668188155 -1.659629583 -0.013713350 0.998944879 -0.043832958 -0.214733213 0.668320596 0.041763734 0.742699981 3.217846394
0.737315178 -0.019705731 -0.675261438 -1.695483208 -0.012908733 0.998980999 -0.043247633 -0.217510104 0.675425589 0.040603910 0.736309409 3.256490469
0.730778098 -0.021847252 -0.682265341 -1.733795881 -0.011411604 0.998956978 -0.044211276 -0.220430225 0.682519674 0.040094376 0.729766607 3.296868086
0.724525988 -0.023442149 -0.688848615 -1.770857096 -0.011461110 0.998873532 -0.046047281 -0.223407581 0.689152181 0.041257426 0.723441124 3.334826708
0.718431771 -0.022487221 -0.695233881 -1.810731649 -0.012944541 0.998872161 -0.045684807 -0.226961508 0.695477009 0.041820902 0.717330277 3.375692844
0.713051915 -0.021827472 -0.700771391 -1.849005699 -0.013319054 0.998913229 -0.044666391 -0.229968041 0.700984657 0.041183069 0.711986244 3.414221525
0.708123922 -0.022491599 -0.705729902 -1.888784289 -0.012919257 0.998912454 -0.044798411 -0.233121336 0.705969989 0.040840331 0.707063258 3.452937126
0.703894913 -0.021861035 -0.709967613 -1.929848194 -0.015025396 0.998844326 -0.045652892 -0.236529231 0.710145056 0.042802386 0.702753067 3.491292238
0.697813451 -0.024864210 -0.715847850 -1.968439221 -0.013482266 0.998764336 -0.047833614 -0.239879608 0.716152608 0.043030191 0.696615994 3.530628920
0.693194509 -0.027102489 -0.720240712 -2.009047985 -0.013844685 0.998607635 -0.050902169 -0.242805794 0.720617473 0.045256618 0.691854239 3.568217278
0.687979341 -0.028078949 -0.725186825 -2.050214291 -0.013291960 0.998596072 -0.051275227 -0.246448502 0.725608408 0.044915464 0.686640322 3.607116222
0.683333099 -0.027623525 -0.729584038 -2.092099905 -0.012903269 0.998670936 -0.049896989 -0.249629229 0.729992628 0.043510284 0.682068586 3.644925356
0.677967310 -0.027897676 -0.734562457 -2.134230375 -0.012247587 0.998712182 -0.049233679 -0.252953917 0.734989941 0.042375438 0.676752567 3.684601545
0.672783554 -0.028992506 -0.739271164 -2.175743103 -0.011752076 0.998686969 -0.049861345 -0.256220490 0.739746034 0.042233862 0.671559572 3.721846104
0.668142200 -0.030309450 -0.743415892 -2.220061779 -0.010350350 0.998694539 -0.050019633 -0.259864211 0.743961513 0.041114844 0.666956306 3.760972023
0.663614511 -0.031664293 -0.747404218 -2.263581514 -0.007857576 0.998753726 -0.049289566 -0.263206542 0.748033404 0.038582060 0.662538648 3.799162388
0.659423351 -0.031928655 -0.751093447 -2.305302382 -0.007158375 0.998785734 -0.048742637 -0.267327964 0.751737773 0.037518643 0.658393979 3.836015224
0.655837774 -0.035086390 -0.754086018 -2.351412773 -0.004971245 0.998696923 -0.050791286 -0.270312428 0.754885495 0.037059590 0.654808760 3.874994278
0.652303278 -0.039225660 -0.756942332 -2.394410133 -0.002782672 0.998529315 -0.054142982 -0.273714364 0.757952988 0.037423968 0.651234806 3.911018372
0.647023320 -0.042862009 -0.761264443 -2.439085960 0.000926622 0.998462141 -0.055429552 -0.277728945 0.762469709 0.035158802 0.646068037 3.948246956
0.640729070 -0.046560146 -0.766353905 -2.484778166 0.006647905 0.998458505 -0.055103596 -0.282024652 0.767738104 0.030211845 0.640050948 3.986464977
0.631945312 -0.050901998 -0.773339689 -2.529093504 0.011710130 0.998353899 -0.056143582 -0.285514385 0.774924457 0.026423767 0.631501257 4.022909164
0.622896552 -0.051922236 -0.780579269 -2.575996637 0.014821502 0.998399317 -0.054583639 -0.289566934 0.782163799 0.022430601 0.622668982 4.060545921
0.614123464 -0.050578747 -0.787587523 -2.622759819 0.015159982 0.998516142 -0.052303515 -0.293018162 0.789064348 0.020181004 0.613979042 4.096491814
0.605683148 -0.049880859 -0.794140935 -2.670388222 0.014514549 0.998559654 -0.051650535 -0.297426611 0.795573473 0.019757263 0.605534852 4.131085396
0.596941590 -0.051256973 -0.800645709 -2.719617367 0.013390578 0.998454511 -0.053936936 -0.300846577 0.802173018 0.021476092 0.596705377 4.165594101
0.586957395 -0.053145450 -0.807871640 -2.766944885 0.013670443 0.998351514 -0.055743847 -0.304735005 0.809502363 0.021675302 0.586716354 4.199655533
0.576996028 -0.055295579 -0.814873040 -2.816816092 0.014988853 0.998254359 -0.057126150 -0.308773100 0.816609323 0.020747548 0.576817691 4.234076500
0.567590952 -0.056001231 -0.821403861 -2.867289066 0.017107401 0.998270750 -0.056238342 -0.312515169 0.823132873 0.017868292 0.567567527 4.267310143
0.556754172 -0.055766094 -0.828803539 -2.914896011 0.018346859 0.998326182 -0.054847833 -0.316975683 0.830474675 0.015330818 0.556845307 4.300890923
0.547431588 -0.056256782 -0.834957361 -2.966680288 0.018041242 0.998299360 -0.055433691 -0.320731878 0.836655974 0.015282489 0.547515571 4.332250118
0.536831975 -0.058112681 -0.841685534 -3.019064426 0.019289728 0.998209715 -0.056616515 -0.324757993 0.843468726 0.014157669 0.536991775 4.365408421
0.526911020 -0.057193939 -0.847993851 -3.068443298 0.016639331 0.998236179 -0.056988161 -0.329497904 0.849757493 0.015917642 0.526933372 4.396101475
0.517250359 -0.058655322 -0.853821814 -3.122334480 0.015881173 0.998134732 -0.058948331 -0.333258450 0.855686724 0.016931357 0.517217100 4.427586555
0.507574081 -0.058140215 -0.859644294 -3.174226046 0.014339412 0.998152554 -0.059041265 -0.337482154 0.861488760 0.017641021 0.507470071 4.458223820
0.499102503 -0.055983651 -0.864732623 -3.226879120 0.013869535 0.998299122 -0.056625716 -0.341966242 0.866431952 0.016268596 0.499029994 4.487731934
0.492063314 -0.053780686 -0.868896604 -3.280918598 0.013083594 0.998434067 -0.054389112 -0.346179038 0.870461106 0.015394594 0.491996437 4.516614914
0.483608633 -0.054784909 -0.873568118 -3.335074663 0.014647251 0.998406053 -0.054505248 -0.350352645 0.875161767 0.013563837 0.483640283 4.547209740
0.476678342 -0.057738282 -0.877179563 -3.388790607 0.015976237 0.998244882 -0.057025287 -0.354467541 0.878932655 0.013168691 0.476764143 4.575327873
0.468972623 -0.061075497 -0.881098390 -3.443572044 0.018469570 0.998066127 -0.059352808 -0.358510017 0.883019567 0.011561331 0.469193786 4.605398178
0.463338464 -0.063238345 -0.883922160 -3.498570442 0.019450640 0.997936010 -0.061199501 -0.363349617 0.885967910 0.011163226 0.463612199 4.633409023
0.457394332 -0.066887937 -0.886744857 -3.552799940 0.021141984 0.997703254 -0.064352319 -0.368230253 0.889012635 0.010686839 0.457757950 4.661786079
0.453116089 -0.068228334 -0.888836801 -3.608166695 0.025112977 0.997648060 -0.063778602 -0.373607010 0.891097724 0.006577773 0.453763813 4.689195633
0.448788106 -0.065071054 -0.891265929 -3.663349628 0.025868360 0.997873425 -0.059828676 -0.378370166 0.893263698 0.003794814 0.449517012 4.716754913
0.444997847 -0.063066319 -0.893308163 -3.718323708 0.028787466 0.998008966 -0.056117695 -0.382748723 0.895068765 -0.000743820 0.445927411 4.744296074
0.441137195 -0.063072361 -0.895220518 -3.772306919 0.030809157 0.998003781 -0.055132076 -0.386841059 0.896910608 -0.003260184 0.442199767 4.770872116
0.438954383 -0.063064337 -0.896293402 -3.826743126 0.032352585 0.997996330 -0.054375786 -0.391222715 0.897926629 -0.005128923 0.440115124 4.796891212
0.435726136 -0.061962634 -0.897943974 -3.881531239 0.033912346 0.998049438 -0.052414492 -0.395211756 0.899440229 -0.007613024 0.436977476 4.823628426
0.433320403 -0.062449023 -0.899073720 -3.935883999 0.036813434 0.997990251 -0.051576976 -0.398506582 0.900487781 -0.010748635 0.434748530 4.849405289
0.431519121 -0.063082621 -0.899895430 -3.991044998 0.038931515 0.997924864 -0.051285986 -0.402702272 0.901263297 -0.012903408 0.433079630 4.874304771
0.428808600 -0.063004307 -0.901195705 -4.044924736 0.039740741 0.997915030 -0.050856624 -0.406531811 0.902520895 -0.014006431 0.430418372 4.900415421
0.427569509 -0.062353514 -0.901829481 -4.099049568 0.043176472 0.997888327 -0.048524592 -0.410595149 0.902950764 -0.018190181 0.429358780 4.924340248
0.425161749 -0.062744431 -0.902939975 -4.151363373 0.046397332 0.997793615 -0.047488894 -0.414117336 0.903927386 -0.021703541 0.427134812 4.949511528
0.423851967 -0.062679075 -0.903560221 -4.204742432 0.046350982 0.997796535 -0.047473334 -0.418251306 0.904544592 -0.021759234 0.425823331 4.973445415
0.422271162 -0.064136736 -0.904197752 -4.257109165 0.048523605 0.997662961 -0.048105333 -0.421973020 0.905169845 -0.023561442 0.424396455 4.997713089
0.421893209 -0.065390073 -0.904284418 -4.307410240 0.048618585 0.997592390 -0.049454339 -0.425894141 0.905341089 -0.023100577 0.424056590 5.020784378
0.423093021 -0.065531857 -0.903713346 -4.357350349 0.048262168 0.997595251 -0.049744621 -0.430270255 0.904799998 -0.022568552 0.425238311 5.043117046
0.424714029 -0.061958924 -0.903204918 -4.403349400 0.042395156 0.997922063 -0.048520945 -0.435580969 0.904334307 -0.017683981 0.426458269 5.066012383
0.429441094 -0.065302841 -0.900730729 -4.455389977 0.043550681 0.997719288 -0.051570851 -0.437343240 0.902044177 -0.017080793 0.431305647 5.088776588
0.433563858 -0.065418594 -0.898745060 -4.503798485 0.042264242 0.997739971 -0.052235618 -0.441073895 0.900131226 -0.015337301 0.435348898 5.112091541
0.439749777 -0.065764293 -0.895709336 -4.549700737 0.042424388 0.997723222 -0.052425995 -0.444822520 0.897117794 -0.014945600 0.441538572 5.134407043
0.445938587 -0.064336278 -0.892748356 -4.596284866 0.041134886 0.997832656 -0.051361844 -0.448657095 0.894117832 -0.013818873 0.447618514 5.158328056
0.455436856 -0.063536674 -0.887997985 -4.644343376 0.040372346 0.997897923 -0.050693866 -0.451902211 0.889352202 -0.012762703 0.457044542 5.180478573
0.464929849 -0.062472358 -0.883140624 -4.690764427 0.039536513 0.997977316 -0.049781751 -0.455550551 0.884464264 -0.011771280 0.466459364 5.204172134
0.472959787 -0.062261287 -0.878881276 -4.735744476 0.039849177 0.997990966 -0.049254805 -0.459661603 0.880182385 -0.011727150 0.474490672 5.229156971
0.480641425 -0.062060226 -0.874718308 -4.778636932 0.037636086 0.998033404 -0.050128937 -0.462726533 0.876109123 -0.008826936 0.482031912 5.254805565
0.493402660 -0.064161636 -0.867431283 -4.826291084 0.035975289 0.997927547 -0.053351033 -0.466007292 0.869056761 -0.004882551 0.494688272 5.278323650
0.504444063 -0.065791845 -0.860934198 -4.869983673 0.036200102 0.997827530 -0.055042535 -0.469998568 0.862685204 -0.003400029 0.505729854 5.303797245
0.516372085 -0.063956104 -0.853972793 -4.914178848 0.033320952 0.997952700 -0.054590918 -0.473073900 0.855715811 -0.000265955 0.517445982 5.330201149
0.529266238 -0.061266385 -0.846240938 -4.957860470 0.031392153 0.998120606 -0.052628562 -0.476332009 0.847874761 0.001289198 0.530194819 5.356346130
0.541737378 -0.059243973 -0.838457346 -5.000961304 0.031184789 0.998242974 -0.050385278 -0.479689240 0.839968979 0.001148469 0.542632997 5.384101391
0.553014398 -0.058579553 -0.831109822 -5.041666508 0.030979244 0.998281181 -0.049749028 -0.483291864 0.832595527 0.001764767 0.553878665 5.410759926
0.565252185 -0.058530584 -0.822839081 -5.084897518 0.031347487 0.998283267 -0.049476095 -0.486967504 0.824322343 0.002172534 0.566116571 5.439358711
0.577079296 -0.058373079 -0.814599276 -5.124161243 0.031670220 0.998291612 -0.049100365 -0.491084635 0.816073775 0.002536264 0.577942193 5.465403557
0.587782204 -0.060164243 -0.806778967 -5.166967869 0.033102971 0.998184323 -0.050320677 -0.494343936 0.808341682 0.002870822 0.588706613 5.496775627
0.598039508 -0.059480857 -0.799256384 -5.205911636 0.033222329 0.998224914 -0.049429704 -0.497928441 0.800777733 0.003007759 0.598954022 5.525421619
0.609354913 -0.057019729 -0.790844738 -5.245601177 0.032052543 0.998367012 -0.047285177 -0.501229703 0.792249680 0.003464865 0.610187411 5.555377960
0.619532466 -0.053933986 -0.783115983 -5.284259319 0.031886708 0.998542488 -0.043544665 -0.504244626 0.784323156 0.002006340 0.620349228 5.585029602
0.629614413 -0.053289957 -0.775077999 -5.321113586 0.031748611 0.998576224 -0.042866278 -0.507128596 0.776258826 0.002381578 0.630409837 5.613693714
0.639625609 -0.052329682 -0.766903341 -5.357361794 0.029409919 0.998615563 -0.043611623 -0.510227442 0.768123806 0.005340546 0.640279114 5.643218040
0.649054050 -0.053156935 -0.758882940 -5.393258572 0.027961824 0.998548508 -0.046029575 -0.512342334 0.760228217 0.008655931 0.649598479 5.673094273
0.658474624 -0.052009944 -0.750803649 -5.427878857 0.027813246 0.998609483 -0.044783086 -0.515370429 0.752088845 0.008606229 0.659005582 5.702576160
0.668196261 -0.049744733 -0.742320180 -5.462234020 0.026910139 0.998725295 -0.042704027 -0.518040538 0.743498325 0.008558729 0.668683052 5.732401848
0.675952256 -0.048172276 -0.735369325 -5.494995594 0.027527707 0.998815477 -0.040126491 -0.520967841 0.736431122 0.006880565 0.676477551 5.763355255
0.684422016 -0.046919983 -0.727574825 -5.527677536 0.026830064 0.998872101 -0.039176691 -0.523526311 0.728592277 0.007292514 0.684908867 5.792973995
0.691759825 -0.046952739 -0.720599592 -5.559917927 0.026711451 0.998864770 -0.039441489 -0.525930524 0.721633434 0.008035776 0.692228675 5.823915482
0.698963881 -0.046546586 -0.713640511 -5.591160774 0.026201423 0.998876452 -0.039488275 -0.528145850 0.714676738 0.008902481 0.699398160 5.854392529
0.706402063 -0.043119904 -0.706496119 -5.622716427 0.025277052 0.999042809 -0.035701353 -0.531031847 0.707359195 0.007361367 0.706815839 5.884840488
0.713346064 -0.040567011 -0.699636817 -5.653125763 0.024346391 0.999155104 -0.033110511 -0.533170402 0.700388908 0.006585619 0.713731050 5.916046143
0.720930159 -0.039339337 -0.691890299 -5.683123589 0.023449425 0.999200523 -0.032378674 -0.535270214 0.692610919 0.007118331 0.721276283 5.946549416
0.728354871 -0.038073007 -0.684141397 -5.711696625 0.022601135 0.999246716 -0.031547096 -0.537521005 0.684827209 0.007515105 0.728666842 5.976433277
0.736596346 -0.034802079 -0.675436556 -5.740386963 0.019706929 0.999355614 -0.030000746 -0.539625645 0.676045299 0.008787657 0.736807704 6.006530285
0.745144606 -0.032518264 -0.666109622 -5.767555714 0.019317659 0.999443829 -0.027181305 -0.541636825 0.666622996 0.007386324 0.745358407 6.036800385
0.754458070 -0.028452452 -0.655731261 -5.794771194 0.017305281 0.999574959 -0.023461219 -0.543623209 0.656120062 0.006352893 0.754629850 6.067083836
0.764545262 -0.026151935 -0.644039333 -5.820760727 0.014960960 0.999627411 -0.022830684 -0.545491695 0.644396424 0.007819640 0.764651656 6.097755432
0.774536788 -0.024960088 -0.632036269 -5.846890450 0.012959093 0.999637544 -0.023596348 -0.546993077 0.632396162 0.010085620 0.774579525 6.128752708
0.784065783 -0.026176039 -0.620125353 -5.871737957 0.013364647 0.999590635 -0.025295796 -0.548737764 0.620533586 0.011545816 0.784094810 6.160141945
0.794177890 -0.025184024 -0.607163310 -5.895921230 0.012562232 0.999607801 -0.025030337 -0.549877524 0.607555389 0.012251215 0.794182837 6.190899849
0.803945243 -0.024305267 -0.594206452 -5.919309139 0.013042682 0.999644756 -0.023242816 -0.551793575 0.594560325 0.010935905 0.803976655 6.222419262
0.814307213 -0.021072548 -0.580051482 -5.942793846 0.011539438 0.999731004 -0.020119300 -0.553340673 0.580319464 0.009689825 0.814331234 6.253990173
0.823625147 -0.020220244 -0.566773951 -5.964677334 0.012370750 0.999766946 -0.017690778 -0.554599762 0.566999614 0.007559149 0.823683381 6.285227299
0.832646132 -0.018437559 -0.553498387 -5.986963272 0.012676277 0.999818385 -0.014235553 -0.556354940 0.553660333 0.004836879 0.832728565 6.317652702
0.840549588 -0.018493412 -0.541419029 -6.008246422 0.013924669 0.999824405 -0.012533356 -0.557135940 0.541555822 0.002995827 0.840659499 6.350581169
0.847522616 -0.018950956 -0.530420959 -6.028446198 0.015356768 0.999819458 -0.011184187 -0.558052540 0.530537248 0.001333298 0.847660601 6.383662701
0.854078531 -0.018807121 -0.519803941 -6.049395561 0.015463582 0.999822557 -0.010766874 -0.559051037 0.519914150 0.001157724 0.854217708 6.417634010
0.860894442 -0.017333467 -0.508488238 -6.069853783 0.013994259 0.999848127 -0.010390118 -0.560106754 0.508591056 0.001828877 0.861006200 6.451080799
0.867373466 -0.015750019 -0.497408509 -6.089516640 0.012561562 0.999873519 -0.009755481 -0.560909867 0.497499257 0.002213418 0.867461562 6.484714031
0.873434007 -0.014817524 -0.486717224 -6.109155178 0.011784833 0.999887407 -0.009292013 -0.561855733 0.486800045 0.002380079 0.873510122 6.519187450
0.879291356 -0.015559027 -0.476030052 -6.128175735 0.012694386 0.999876738 -0.009232708 -0.562939703 0.476115078 0.002075332 0.879380524 6.553602695
0.884193659 -0.016262522 -0.466837496 -6.146505356 0.013111474 0.999863982 -0.009997545 -0.563903511 0.466936558 0.002718838 0.884286702 6.588718414
0.888613880 -0.017021654 -0.458339959 -6.164702892 0.013863550 0.999851286 -0.010253916 -0.565034449 0.458446413 0.002757553 0.888717711 6.622703552
0.891998172 -0.016058356 -0.451753706 -6.184660435 0.013111607 0.999867380 -0.009652824 -0.565765858 0.451848835 0.002687084 0.892090499 6.661344528
0.894958377 -0.015009373 -0.445897192 -6.202784061 0.013647249 0.999887228 -0.006265934 -0.566384614 0.445940971 -0.000477520 0.895062268 6.697726250
0.898013771 -0.009199295 -0.439871222 -6.219005585 0.009491694 0.999953747 -0.001534988 -0.568043530 0.439865023 -0.002796683 0.898059607 6.732321739
0.901185155 -0.007462601 -0.433370054 -6.238887310 0.008637657 0.999962389 0.000742571 -0.567738473 0.433348298 -0.004412496 0.901215732 6.772779465
0.904653490 -0.004423031 -0.426124990 -6.257579327 0.006557538 0.999972224 0.003542134 -0.568810582 0.426097512 -0.005998735 0.904657304 6.809851646
0.907604992 -0.003338469 -0.419811934 -6.274600983 0.006129517 0.999967158 0.005299563 -0.568398714 0.419780582 -0.007383154 0.907595575 6.847994328
0.910789073 -0.001830239 -0.412867963 -6.295067310 0.005845309 0.999947071 0.008462027 -0.569150329 0.412830651 -0.010120462 0.910751522 6.891106606
0.914176226 -0.002064981 -0.405311763 -6.313405991 0.006784404 0.999924898 0.010207736 -0.568701744 0.405260175 -0.012081468 0.914121568 6.931557178
0.917571723 -0.002354386 -0.397563368 -6.332168579 0.007508131 0.999906778 0.011407196 -0.569064796 0.397499382 -0.013451878 0.917503834 6.973806858
0.921092093 -0.003106720 -0.389332414 -6.349609375 0.008011272 0.999907613 0.010974391 -0.568524480 0.389262378 -0.013227472 0.921031952 7.015192986
0.924752653 -0.005477513 -0.380529553 -6.367090225 0.010270902 0.999891341 0.010567178 -0.568707883 0.380430400 -0.013680405 0.924708366 7.057546139
0.928753018 -0.007124501 -0.370630771 -6.385046005 0.011404864 0.999891162 0.009358578 -0.568556130 0.370523691 -0.012918800 0.928733230 7.099851131
0.933035254 -0.008710721 -0.359679550 -6.401448250 0.012115456 0.999900579 0.007212789 -0.568494678 0.359580964 -0.011087468 0.933048010 7.144909382
0.937955260 -0.006806231 -0.346689790 -6.417973518 0.009648850 0.999932468 0.006473849 -0.568505824 0.346622288 -0.009417338 0.937957525 7.189013958
0.943772376 -0.003177837 -0.330580890 -6.433965206 0.005955012 0.999954998 0.007388450 -0.567972600 0.330542594 -0.008941628 0.943748772 7.233933926
0.950136542 0.001262279 -0.311831594 -6.450104713 0.002310690 0.999935865 0.011088260 -0.569475770 0.311825514 -0.011255908 0.950072706 7.281394005
0.956438661 0.003942999 -0.291906446 -6.464768887 -0.000364616 0.999924123 0.012312048 -0.568562269 0.291932851 -0.011669285 0.956367612 7.327898979
0.962580264 0.006207013 -0.270925552 -6.477974415 -0.002525372 0.999899745 0.013935626 -0.569550216 0.270984858 -0.012729972 0.962499440 7.373620510
0.968501747 0.007448401 -0.248895764 -6.492961407 -0.003756675 0.999875963 0.015304118 -0.569000125 0.248978838 -0.013887043 0.968409359 7.425026417
0.973777413 0.008476675 -0.227344930 -6.504231453 -0.004523335 0.999829531 0.017904541 -0.569077194 0.227457911 -0.016406681 0.973649681 7.471452236
0.978718579 0.010784175 -0.204923674 -6.517529964 -0.006423954 0.999738991 0.021930678 -0.568866372 0.205106676 -0.020147540 0.978532255 7.524572849
0.983153224 0.012585757 -0.182349443 -6.527983189 -0.008017821 0.999635875 0.025766067 -0.568087935 0.182607293 -0.023869948 0.982896030 7.577192783
0.987014592 0.014788269 -0.159948096 -6.536946774 -0.010277883 0.999526978 0.028989702 -0.566894412 0.160301134 -0.026969338 0.986699581 7.630829334
0.990342796 0.016568812 -0.137646407 -6.545581818 -0.012720589 0.999504566 0.028790144 -0.566108108 0.138055250 -0.026761169 0.990062892 7.683331490
0.993166804 0.015593938 -0.115656853 -6.552638054 -0.012585650 0.999564350 0.026695300 -0.564328074 0.116022758 -0.025057267 0.992930412 7.735542297
0.995433331 0.016186554 -0.094076253 -6.560413361 -0.013835587 0.999576807 0.025588803 -0.563192546 0.094450615 -0.024170348 0.995236039 7.792577744
0.997148573 0.015132039 -0.073932163 -6.564010620 -0.013126656 0.999534607 0.027535725 -0.562655210 0.074314415 -0.026486726 0.996882975 7.847599030
0.998419821 0.015969891 -0.053879060 -6.568134785 -0.014388693 0.999457955 0.029608490 -0.562158048 0.054322712 -0.028786449 0.998108387 7.902232170
0.999299884 0.016267234 -0.033690970 -6.570893764 -0.015235296 0.999413669 0.030663062 -0.561491311 0.034170024 -0.030128302 0.998961747 7.955862045
0.999759018 0.018196519 -0.012284618 -6.574492455 -0.017807418 0.999358416 0.031073110 -0.559380591 0.012842167 -0.030846858 0.999441624 8.018968582
0.999825895 0.016910147 0.007905777 -6.574979305 -0.017142452 0.999393761 0.030302836 -0.555902541 -0.007388559 -0.030433081 0.999509513 8.085169792
0.999410689 0.020476287 0.027554175 -6.570247650 -0.021327056 0.999293566 0.030944999 -0.558158219 -0.026901070 -0.031514406 0.999141276 8.134654999
0.998586655 0.020350326 0.049098134 -6.575096130 -0.021776024 0.999351442 0.028679665 -0.552804649 -0.048482649 -0.029708298 0.998382092 8.200254440
0.997467458 0.021102211 0.067920901 -6.568175316 -0.022972247 0.999374866 0.026870171 -0.553979576 -0.067311414 -0.028362421 0.997328758 8.259172440
0.995976985 0.022900006 0.086633638 -6.565071583 -0.025050282 0.999402404 0.023815045 -0.551725149 -0.086036503 -0.025889434 0.995955527 8.317546844
0.994139671 0.023043131 0.105618581 -6.559223175 -0.025534194 0.999425352 0.022294089 -0.552136600 -0.105044171 -0.024860326 0.994156778 8.373949051
0.991927266 0.023488397 0.124613717 -6.550522804 -0.026115621 0.999468803 0.019491205 -0.552548051 -0.124089710 -0.022588221 0.992013812 8.441462517
0.989387929 0.025070276 0.143118277 -6.543601513 -0.027346348 0.999528587 0.013958350 -0.552131236 -0.142700836 -0.017723985 0.989607155 8.501099586
0.986665964 0.026319001 0.160615832 -6.534329414 -0.027862106 0.999584615 0.007362438 -0.551653206 -0.160355359 -0.011739360 0.986989498 8.559338570
0.983617067 0.028577175 0.177990988 -6.520321369 -0.029561263 0.999558806 0.002878770 -0.553533554 -0.177830160 -0.008093246 0.984027863 8.634255409
0.980282307 0.029883096 0.195329323 -6.507892609 -0.030211546 0.999542654 -0.001298260 -0.553262115 -0.195278779 -0.004628537 0.980736852 8.699286461
0.976627529 0.031993277 0.212544322 -6.494428158 -0.031775061 0.999485135 -0.004443347 -0.554044545 -0.212577075 -0.002414112 0.977141321 8.763463020
0.972622216 0.032066900 0.230169043 -6.479883194 -0.031962544 0.999480307 -0.004182787 -0.555792987 -0.230183527 -0.003288519 0.973141670 8.831718445
0.968357801 0.031135939 0.247616231 -6.464387894 -0.030843370 0.999511302 -0.005061500 -0.556589544 -0.247652814 -0.002735976 0.968844950 8.903215408
0.963891804 0.031429429 0.264433146 -6.448003769 -0.029711060 0.999503374 -0.010496322 -0.557487309 -0.264631748 0.002260728 0.964346945 8.966903687
0.959312439 0.032652866 0.280452222 -6.428907871 -0.029752292 0.999450743 -0.014594964 -0.559517622 -0.280774772 0.005657036 0.959757030 9.029795647
0.954021394 0.035801627 0.297592878 -6.409235954 -0.032874841 0.999349356 -0.014835831 -0.561480820 -0.297930419 0.004370383 0.954577506 9.097863197
0.948385119 0.037113473 0.314941913 -6.389078617 -0.033738215 0.999299943 -0.016163852 -0.562398374 -0.315321386 0.004703977 0.948973238 9.163724899
0.942511022 0.040916592 0.331660688 -6.365256310 -0.037002280 0.999151051 -0.018111298 -0.566142321 -0.332120180 0.004797898 0.943224847 9.231048584
0.936195612 0.041742366 0.348991781 -6.342170715 -0.036265984 0.999095321 -0.022214107 -0.568692684 -0.349603236 0.008140221 0.936862469 9.296461105
0.929860890 0.042656742 0.365429997 -6.317419052 -0.036166117 0.999043167 -0.024591491 -0.570830464 -0.366129279 0.009650482 0.930513859 9.359957695
0.922552824 0.043527834 0.383407861 -6.290070057 -0.034610488 0.998946607 -0.030129729 -0.573045909 -0.384315491 0.014526335 0.923087478 9.433310509
0.914532900 0.046714388 0.401805162 -6.260936737 -0.034975138 0.998721182 -0.036507078 -0.575680494 -0.402996749 0.019333728 0.914997160 9.500343323
0.904214621 0.050103053 0.424129188 -6.234192371 -0.036753550 0.998539388 -0.039602935 -0.581420124 -0.425493896 0.020221300 0.904735386 9.568441391
0.893208921 0.053281046 0.446473837 -6.200536728 -0.038916573 0.998389006 -0.041289289 -0.583608329 -0.447954565 0.019504724 0.893843532 9.634319305
0.880015016 0.058520541 0.471326858 -6.168416977 -0.042680040 0.998108864 -0.044238526 -0.587064743 -0.473024398 0.018814314 0.880848408 9.699530602
0.866354525 0.062790439 0.495466679 -6.131623268 -0.045074590 0.997846961 -0.047641303 -0.591142476 -0.497391343 0.018941296 0.867319524 9.762809753
0.851115942 0.066783197 0.520712495 -6.097609997 -0.046862341 0.997580826 -0.051345699 -0.595769763 -0.522881746 0.019299338 0.852186680 9.830694199
0.836330831 0.067823835 0.544013381 -6.057627678 -0.045914233 0.997496903 -0.053775471 -0.599803686 -0.546298862 0.019996129 0.837351561 9.896009445
0.820918739 0.069672324 0.566778660 -6.015862465 -0.045717958 0.997361779 -0.056384947 -0.604881227 -0.569211841 0.020375501 0.821938455 9.960699081
0.804891288 0.071973249 0.589041471 -5.973873138 -0.044297766 0.997135460 -0.061306722 -0.610266089 -0.591766536 0.023252029 0.805773973 10.021131516
0.788942039 0.073852219 0.610013366 -5.929442406 -0.041699659 0.996897280 -0.066759951 -0.615724802 -0.613051057 0.027232397 0.789573848 10.079833984
0.773635149 0.075471438 0.629120648 -5.881671429 -0.040434070 0.996737659 -0.069849908 -0.622428775 -0.632339895 0.028600434 0.774163008 10.136005402
