0.999764323 -0.007574240 0.020343212 0.001445963 0.007579132 0.999971271 -0.000163424 -0.000631451 -0.020341389 0.000317570 0.999793053 0.042098556
0.999791563 -0.009033144 0.018309867 0.001715024 0.009063583 0.999957681 -0.001580044 -0.000834333 -0.018294819 0.001745668 0.999831140 0.056882177
0.999864399 -0.011535256 0.011753009 0.001665531 0.011569576 0.999928951 -0.002856450 -0.001046855 -0.011719228 0.002992039 0.999926805 0.071964204
0.999910057 -0.013331284 -0.001452740 0.001713508 0.013323731 0.999898255 -0.005091565 -0.001045464 0.001520470 0.005071751 0.999985993 0.090212516
0.999779224 -0.012452631 -0.016925460 0.000361679 0.012371328 0.999911427 -0.004899919 -0.001587983 0.016984977 0.004689447 0.999844730 0.103099160
0.999316633 -0.007862656 -0.036117602 -0.001211120 0.007680086 0.999957025 -0.005190847 -0.001659360 0.036156863 0.004909914 0.999334037 0.119342603
0.998389959 -0.004383825 -0.056554098 -0.002980084 0.003992941 0.999967337 -0.007022849 -0.001607232 0.056583039 0.006785726 0.998374760 0.136362836
0.997066677 -0.004144521 -0.076425761 -0.004791483 0.003646049 0.999971151 -0.006660685 -0.002198862 0.076451160 0.006362495 0.997053027 0.153581709
0.995192468 -0.005694043 -0.097772911 -0.007070967 0.005180378 0.999971390 -0.005506713 -0.002820060 0.097801477 0.004973739 0.995193481 0.171735346
0.993138015 -0.006893573 -0.116744094 -0.010181011 0.006294132 0.999965072 -0.005502545 -0.002474050 0.116777949 0.004729985 0.993146777 0.189761773
0.990932822 -0.005435323 -0.134248316 -0.014039683 0.004805676 0.999975860 -0.005013776 -0.002818591 0.134272322 0.004323162 0.990935028 0.208876207
0.988655806 -0.004877444 -0.150119513 -0.017068869 0.004309636 0.999982297 -0.004107469 -0.003088761 0.150136888 0.003413913 0.988659322 0.227890581
0.986464441 -0.004017537 -0.163926721 -0.021123022 0.003340125 0.999984741 -0.004407829 -0.003432074 0.163941890 0.003800631 0.986462653 0.248529598
0.984335244 -0.005992252 -0.176204637 -0.024413586 0.005210088 0.999974370 -0.004901265 -0.003918351 0.176229477 0.003906446 0.984341502 0.268331885
0.982613683 -0.009830656 -0.185401350 -0.028800931 0.008633208 0.999936342 -0.007264894 -0.004192618 0.185460970 0.005537977 0.982636094 0.289547235
0.981082320 -0.008807265 -0.193390653 -0.033256762 0.007215523 0.999934077 -0.008933538 -0.004669878 0.193456516 0.007369120 0.981081307 0.311303228
0.979507804 -0.008312589 -0.201234341 -0.037928365 0.006317524 0.999924362 -0.010554344 -0.005042864 0.201306835 0.009066758 0.979486346 0.333036631
0.977841437 -0.009775710 -0.209118441 -0.043204565 0.007155241 0.999886096 -0.013283886 -0.005511472 0.209224492 0.011493242 0.977800071 0.356422633
0.976321101 -0.014053465 -0.215869561 -0.049052980 0.011138092 0.999829590 -0.014715916 -0.006116723 0.216039553 0.011963082 0.976311266 0.379756361
0.974150181 -0.021127472 -0.224911168 -0.053890236 0.017975815 0.999709547 -0.016051635 -0.006644484 0.225184992 0.011593743 0.974246979 0.404746473
0.972051203 -0.021230780 -0.233806700 -0.059645262 0.017606538 0.999690473 -0.017577562 -0.007798345 0.234107539 0.012969768 0.972124159 0.429361582
0.970185757 -0.016627671 -0.241791382 -0.067400739 0.011446238 0.999674082 -0.022818314 -0.008047548 0.242091998 0.019370398 0.970059931 0.454671353
0.968129098 -0.013657859 -0.250078648 -0.074922942 0.007608016 0.999654949 -0.025142493 -0.009172741 0.250335723 0.022438578 0.967899024 0.480175048
0.965677500 -0.016447246 -0.259222686 -0.082002446 0.009633560 0.999574482 -0.027533608 -0.009736903 0.259565234 0.024091348 0.965425014 0.507321954
0.963467181 -0.018916670 -0.267157495 -0.090182453 0.011320644 0.999487460 -0.029944554 -0.010790193 0.267587006 0.025826199 0.963187456 0.534046590
0.961113036 -0.018810920 -0.275514245 -0.098002911 0.010281303 0.999422967 -0.032370649 -0.011902684 0.275964230 0.028279204 0.960751832 0.561756074
0.958859026 -0.017582554 -0.283337772 -0.107126541 0.007714793 0.999325335 -0.035905186 -0.013110884 0.283777952 0.032242119 0.958347797 0.589867651
0.956468761 -0.019121744 -0.291207552 -0.115983009 0.007479073 0.999129415 -0.041041512 -0.014461069 0.291738838 0.037076961 0.955779076 0.618346810
0.954805374 -0.019863255 -0.296567351 -0.125588834 0.005799569 0.998819530 -0.048226323 -0.016307428 0.297175229 0.044326790 0.953793466 0.647538483
0.953423142 -0.021251071 -0.300886571 -0.135262340 0.004387332 0.998386562 -0.056612048 -0.017732477 0.301604182 0.052655146 0.951978147 0.676793396
0.952122509 -0.021778394 -0.304940045 -0.145465344 0.001996363 0.997881055 -0.065033987 -0.019842397 0.305710226 0.061311554 0.950148523 0.706918538
0.950962722 -0.020940250 -0.308595985 -0.156184852 -0.002025758 0.997262657 -0.073913321 -0.021977536 0.309298933 0.070913956 0.948317111 0.735949159
0.949678898 -0.019838432 -0.312596023 -0.167579263 -0.005870340 0.996689677 -0.081087708 -0.024588205 0.313169867 0.078842342 0.946418762 0.768975854
0.948270142 -0.018230639 -0.316940635 -0.178420916 -0.010297461 0.996058166 -0.088103406 -0.027082182 0.317297488 0.086809523 0.944344461 0.798946738
0.946942747 -0.015916651 -0.321008056 -0.190790534 -0.015006745 0.995494068 -0.093628347 -0.030071896 0.321051925 0.093477972 0.942437053 0.828731179
0.944846570 -0.014416547 -0.327195823 -0.202523112 -0.019122705 0.994898021 -0.099056937 -0.033847515 0.326954544 0.099850468 0.939750254 0.865281522
0.943197489 -0.012147955 -0.332010567 -0.214916691 -0.023170397 0.994492829 -0.102211542 -0.037277907 0.331423730 0.104098491 0.937721610 0.897682369
0.941514492 -0.010643617 -0.336804390 -0.228071883 -0.025691789 0.994324386 -0.103242122 -0.041324321 0.335991651 0.105857067 0.935897291 0.931031525
0.939285994 -0.010605592 -0.342971265 -0.240274996 -0.026293291 0.994358897 -0.102756962 -0.045096949 0.342126310 0.105536029 0.933708489 0.964841247
0.937137544 -0.010718387 -0.348795503 -0.253973961 -0.026307622 0.994513750 -0.101243965 -0.048507702 0.347967118 0.104055509 0.931714177 0.997494161
0.934711576 -0.010506562 -0.355251998 -0.268359572 -0.026397333 0.994749784 -0.098874278 -0.053310134 0.354425699 0.101796634 0.929526627 1.031689644
0.931147039 -0.011081787 -0.364475399 -0.280290663 -0.025518058 0.995107174 -0.095448501 -0.057182368 0.363749921 0.098177269 0.926308393 1.066192627
0.927798033 -0.008249553 -0.372991472 -0.293693662 -0.027232653 0.995591044 -0.089759618 -0.061176542 0.372087479 0.093436353 0.923482835 1.099105239
0.924765348 -0.004826071 -0.380507112 -0.309454024 -0.029416366 0.996020794 -0.084124856 -0.064954057 0.379399091 0.088988870 0.920943737 1.132788539
0.921034217 -0.000097223 -0.389481604 -0.325425208 -0.034218218 0.996113002 -0.081166856 -0.067413524 0.387975574 0.088084824 0.917450845 1.168210745
0.917143524 -0.000024160 -0.398557097 -0.341259480 -0.034514606 0.996238410 -0.079484023 -0.070434645 0.397059858 0.086654298 0.913692832 1.203037500
0.913648307 0.000334424 -0.406505167 -0.358818054 -0.035140015 0.996321321 -0.078159966 -0.074709207 0.404983610 0.085695326 0.910299122 1.236699581
0.909638286 0.001189052 -0.415399551 -0.375189215 -0.036593474 0.996337652 -0.077280134 -0.077412456 0.413786322 0.085497864 0.906350374 1.274052620
0.905496716 0.001952353 -0.424348831 -0.391819358 -0.037532154 0.996439040 -0.075503550 -0.080484092 0.422690302 0.084294938 0.902345419 1.309497595
0.901666760 0.000503103 -0.432431251 -0.408919752 -0.035422321 0.996724665 -0.072699845 -0.084542409 0.430978268 0.080868743 0.898731351 1.344586134
0.898300529 0.001887865 -0.439377457 -0.428822666 -0.035740722 0.996990919 -0.068787612 -0.087567888 0.437925488 0.077495605 0.895664930 1.381947756
0.894431651 0.002687433 -0.447196633 -0.447127879 -0.034478549 0.997419894 -0.062966071 -0.090785854 0.445873559 0.071737535 0.892216623 1.417779446
0.890744805 0.004296318 -0.454483449 -0.467890501 -0.035148781 0.997611761 -0.059457682 -0.093229562 0.453142703 0.068936162 0.888768494 1.456955314
0.887441516 0.004097625 -0.460902005 -0.487172991 -0.034339864 0.997769117 -0.057248916 -0.096263982 0.459639251 0.066632390 0.885602534 1.493135929
0.883690298 0.002572313 -0.468064964 -0.507878482 -0.032796353 0.997867465 -0.056434467 -0.098942950 0.466921598 0.065221414 0.881890237 1.532302260
0.880553305 0.002931036 -0.473938197 -0.528833866 -0.032532573 0.997996032 -0.054271840 -0.101523943 0.472829461 0.063207678 0.878884017 1.570037484
0.877713442 0.001950232 -0.479181856 -0.550844908 -0.031297207 0.998089790 -0.053264696 -0.104468986 0.478162736 0.061748188 0.876097918 1.609549642
0.875421882 0.001868993 -0.483355880 -0.573308945 -0.031235160 0.998121202 -0.052711610 -0.107651524 0.482349217 0.061242606 0.873835504 1.646935463
0.872990370 -0.001158073 -0.487735897 -0.595603824 -0.028480588 0.998169899 -0.053346973 -0.109967627 0.486905009 0.060462415 0.871359646 1.688336134
0.871941686 -0.000554322 -0.489609420 -0.618611574 -0.029371485 0.998139083 -0.053437527 -0.112759545 0.488727957 0.060974963 0.870302856 1.726846337
0.871275783 -0.000461110 -0.490793586 -0.642190576 -0.029125076 0.998188555 -0.052641779 -0.115729965 0.489928871 0.060159899 0.869684160 1.768472195
0.870987594 -0.000613427 -0.491304725 -0.665282547 -0.028041324 0.998307109 -0.050958250 -0.118320465 0.490504265 0.058160841 0.869495809 1.809179783
0.870583951 -0.002179218 -0.492015243 -0.689481497 -0.025954343 0.998394549 -0.050346300 -0.121309303 0.491335124 0.056600608 0.869129598 1.851485610
0.870251298 -0.003577620 -0.492594957 -0.713881731 -0.024708312 0.998397887 -0.050902516 -0.124012299 0.491987944 0.056469183 0.868768752 1.892855406
0.869227827 -0.005829717 -0.494377464 -0.740356684 -0.022886097 0.998384178 -0.052011941 -0.126761273 0.493881792 0.056524590 0.867689848 1.937152743
0.868011832 -0.004708647 -0.496521115 -0.765184760 -0.023398465 0.998456359 -0.050373539 -0.129603773 0.495991826 0.055342659 0.866561770 1.978514314
0.865573108 -0.004744919 -0.500760078 -0.789997518 -0.021037987 0.998727798 -0.045827929 -0.133238375 0.500340462 0.050202407 0.864372134 2.022231102
0.862918317 -0.004945164 -0.505319238 -0.815024257 -0.018555734 0.998967707 -0.041463189 -0.136355355 0.505002618 0.045155913 0.861935794 2.064524651
0.858843982 -0.005750720 -0.512205005 -0.841877580 -0.017075537 0.999059796 -0.039848369 -0.138703868 0.511952579 0.042969707 0.857938290 2.108170509
0.853784561 -0.008778962 -0.520552278 -0.867879272 -0.015363725 0.998997569 -0.042046640 -0.141550392 0.520399511 0.043896403 0.852793872 2.149948120
0.847785771 -0.012307003 -0.530196011 -0.895396769 -0.013791190 0.998880982 -0.045238376 -0.144629881 0.530159533 0.045664478 0.846667230 2.193017721
0.841502845 -0.012480605 -0.540108502 -0.922103107 -0.014100819 0.998885155 -0.045051266 -0.146950260 0.540068626 0.045526739 0.840388596 2.234783888
0.836078167 -0.009154176 -0.548533916 -0.951369643 -0.015283085 0.999083996 -0.039967712 -0.149597108 0.548397422 0.041799419 0.835172474 2.276844501
0.830692470 -0.004973027 -0.556709290 -0.980173767 -0.017383674 0.999240816 -0.034865115 -0.152574867 0.556460023 0.038639840 0.829975426 2.320515394
0.826730549 -0.004157039 -0.562582731 -1.009002924 -0.019764643 0.999140859 -0.036427531 -0.154733419 0.562250733 0.041235004 0.825938106 2.361676693
0.823339343 -0.006810319 -0.567508399 -1.037997723 -0.019672913 0.998984635 -0.040529586 -0.157721728 0.567208171 0.044534154 0.822369397 2.402652740
0.820587695 -0.008609623 -0.571455598 -1.067229271 -0.022579549 0.998617411 -0.047468640 -0.160358846 0.571074247 0.051855393 0.819258869 2.442763567
0.817091465 -0.009703880 -0.576426446 -1.097068548 -0.022748932 0.998536944 -0.049056806 -0.163521335 0.576058984 0.053196982 0.815675199 2.484690189
0.814025998 -0.008073591 -0.580772281 -1.127181053 -0.022265600 0.998734653 -0.045091938 -0.166097879 0.580401540 0.049637254 0.812816143 2.525827169
0.810748219 -0.005982690 -0.585364401 -1.156512260 -0.021664241 0.998956084 -0.040215448 -0.168558151 0.584993958 0.045286074 0.809772313 2.566034317
0.807860076 -0.004013631 -0.589360714 -1.187777996 -0.022141328 0.999064267 -0.037153762 -0.171200871 0.588958323 0.043064270 0.807015240 2.607735634
0.804712355 -0.003952741 -0.593651950 -1.217399478 -0.022790667 0.999034941 -0.037545323 -0.173641413 0.593227446 0.043742906 0.803845644 2.646718025
0.801289201 -0.005542162 -0.598251700 -1.250309110 -0.022328023 0.998983383 -0.039160319 -0.176672190 0.597860634 0.044736512 0.800350726 2.689914942
0.797571838 -0.007635512 -0.603175581 -1.280626774 -0.022351900 0.998859107 -0.042200074 -0.178657219 0.602809608 0.047139719 0.796491325 2.728987694
0.792876959 -0.008664179 -0.609320164 -1.311907649 -0.021893101 0.998848379 -0.042691410 -0.181317896 0.608988345 0.047188949 0.791774154 2.770662069
0.788793743 -0.009095826 -0.614590645 -1.343683481 -0.020704957 0.998929739 -0.041357663 -0.184260622 0.614309013 0.045347735 0.787761331 2.809103251
0.784049153 -0.008198846 -0.620644569 -1.375608802 -0.021706045 0.998938918 -0.040617045 -0.187117308 0.620319068 0.045317497 0.783039331 2.848225355
0.778779864 -0.009556872 -0.627224445 -1.408447504 -0.021223065 0.998910069 -0.041571341 -0.189918160 0.626938045 0.045686547 0.777728498 2.888565540
0.773329616 -0.011369440 -0.633902311 -1.441589355 -0.020394970 0.998875618 -0.042796336 -0.192537352 0.633676112 0.046024088 0.772228241 2.928441286
0.768029690 -0.012048954 -0.640300870 -1.476155758 -0.020546706 0.998844624 -0.043441311 -0.195328414 0.640084565 0.046520289 0.766894817 2.968548775
0.762282312 -0.014395370 -0.647084534 -1.510645390 -0.019211244 0.998808980 -0.044851355 -0.198105708 0.646959543 0.046620689 0.761097908 3.007752657
0.756324351 -0.015812056 -0.654005706 -1.543833733 -0.018429622 0.998796225 -0.045461062 -0.201341063 0.653937221 0.046436395 0.755122364 3.046797276
0.750453651 -0.017095188 -0.660701990 -1.578977466 -0.017081317 0.998829842 -0.045245688 -0.204652503 0.660702407 0.045240454 0.749283493 3.085082531
0.744078100 -0.016458385 -0.667889893 -1.615443230 -0.016879151 0.998914301 -0.043420218 -0.207834318 0.667879403 0.043581448 0.742992461 3.125655413
0.737512648 -0.017324172 -0.675111175 -1.650647640 -0.016023457 0.998940587 -0.043138564 -0.210028097 0.675143182 0.042632848 0.736453712 3.163994789
0.731206059 -0.019232802 -0.681885481 -1.688725829 -0.014634871 0.998930097 -0.043868560 -0.213319153 0.681999624 0.042056266 0.730142295 3.203560114
0.725098729 -0.020571211 -0.688337624 -1.724923491 -0.015183458 0.998833120 -0.045844823 -0.216051698 0.688477457 0.043693367 0.723940372 3.240739584
0.718619108 -0.020229775 -0.695109546 -1.764713645 -0.016141847 0.998822212 -0.045756511 -0.219129503 0.695216537 0.044101849 0.717446208 3.282028198
0.713444233 -0.019491808 -0.700440943 -1.802616835 -0.016883202 0.998844743 -0.044992391 -0.222063869 0.700508595 0.043925241 0.712290883 3.319943666
0.708256245 -0.020260781 -0.705664456 -1.842496872 -0.015777089 0.998884141 -0.044514630 -0.225311130 0.705779135 0.042661101 0.707146347 3.359021425
0.704048991 -0.019652978 -0.709879398 -1.883141994 -0.018020852 0.998800635 -0.045524590 -0.228387967 0.709922731 0.044844180 0.702850461 3.397059441
0.698201656 -0.022440331 -0.715549350 -1.921608448 -0.017076001 0.998702228 -0.047982305 -0.231850505 0.715697348 0.045720037 0.696912467 3.435901642
0.693076313 -0.024972131 -0.720431447 -1.960608006 -0.016933056 0.998560071 -0.050902925 -0.234721407 0.720665276 0.047478728 0.691655457 3.473149538
0.687919319 -0.025986627 -0.725321889 -2.002147913 -0.016093185 0.998566926 -0.051039681 -0.238444343 0.725608885 0.046783913 0.686515212 3.512041569
0.683304310 -0.025756624 -0.729679346 -2.042588949 -0.015230314 0.998657227 -0.049513508 -0.241626471 0.729974866 0.044946037 0.681994557 3.548882961
0.677963436 -0.025771089 -0.734643757 -2.084411860 -0.015239950 0.998677731 -0.049097460 -0.244996160 0.734937668 0.044482216 0.676674187 3.587839842
0.672962785 -0.025761455 -0.739227593 -2.125064373 -0.015870634 0.998660386 -0.049250446 -0.248571455 0.739506125 0.044875726 0.671652377 3.624040842
0.668252528 -0.028446892 -0.743390441 -2.169756889 -0.012962857 0.998671651 -0.049868241 -0.251568437 0.743821561 0.042961039 0.666996121 3.663368702
0.663745522 -0.029264005 -0.747385740 -2.212005377 -0.011456013 0.998719335 -0.049278975 -0.255039781 0.747870684 0.041270759 0.662560284 3.700351000
0.659923434 -0.029948466 -0.750735819 -2.253683567 -0.010221043 0.998754919 -0.048827145 -0.258680105 0.751263320 0.039895479 0.658795595 3.737041950
0.655334473 -0.033450447 -0.754597783 -2.296102047 -0.007410954 0.998686075 -0.050706677 -0.261800587 0.755302429 0.038822126 0.654225528 3.774099350
0.651479721 -0.037525482 -0.757737458 -2.340745926 -0.004396584 0.998572469 -0.053232420 -0.265578479 0.758653343 0.038011294 0.650384724 3.811813831
0.646468520 -0.041178398 -0.761828601 -2.383232117 -0.000801147 0.998505235 -0.054651074 -0.269056827 0.762940288 0.035940539 0.645469129 3.847852945
0.639967144 -0.045225460 -0.767070293 -2.428756714 0.005075878 0.998493493 -0.054635063 -0.273068875 0.768385589 0.031071087 0.639232576 3.885355949
0.632011294 -0.048192155 -0.773459315 -2.473196507 0.008887975 0.998449624 -0.054948132 -0.277327210 0.774908066 0.027853359 0.631459773 3.921533585
0.623078287 -0.049067482 -0.780618906 -2.517941236 0.010998052 0.998481214 -0.053983204 -0.280430287 0.782082200 0.025050476 0.622671604 3.956881046
0.614344418 -0.047867805 -0.787584662 -2.563543797 0.011841550 0.998605013 -0.051456377 -0.284032971 0.788949132 0.022285715 0.614054263 3.991931915
0.605031967 -0.047941256 -0.794756472 -2.609773636 0.012077594 0.998623312 -0.051044472 -0.288320035 0.796109557 0.021284789 0.604778051 4.026707172
0.596362352 -0.048713472 -0.801235914 -2.657680511 0.010484154 0.998544395 -0.052906044 -0.291847467 0.802646875 0.023150897 0.596005142 4.060322285
0.586615980 -0.050804239 -0.808270097 -2.704908371 0.010719683 0.998430014 -0.054976854 -0.295619369 0.809794188 0.023585903 0.586239696 4.094189644
0.577002823 -0.052398242 -0.815059721 -2.753233910 0.011277819 0.998355865 -0.056198057 -0.299388736 0.816664279 0.023234341 0.576645076 4.127840042
0.566537857 -0.053192817 -0.822316945 -2.801014423 0.014093854 0.998393834 -0.054872602 -0.303292483 0.823915184 0.019497793 0.566377580 4.161038399
0.556678891 -0.053003129 -0.829035103 -2.850567818 0.014805942 0.998436987 -0.053891718 -0.307350636 0.830595851 0.017725740 0.556593478 4.193315983
0.546339035 -0.053794783 -0.835834742 -2.902758121 0.015326372 0.998410344 -0.054240219 -0.311242282 0.837423861 0.016823238 0.546294928 4.226025581
0.535838842 -0.054935023 -0.842531204 -2.949769974 0.015256750 0.998348117 -0.055391558 -0.314795971 0.844182432 0.016826658 0.535791814 4.257000446
0.526612341 -0.054840516 -0.848334849 -3.001975775 0.013221765 0.998324752 -0.056329053 -0.319238126 0.850002646 0.018447090 0.526455164 4.287363529
0.516393244 -0.056390163 -0.854492962 -3.051640034 0.012843407 0.998227298 -0.058113944 -0.322521538 0.856255293 0.019035041 0.516202092 4.317813396
0.506531954 -0.056424797 -0.860373020 -3.103466988 0.011871029 0.998218238 -0.058476035 -0.326116741 0.862139523 0.019406466 0.506299138 4.348238945
0.497771382 -0.054233968 -0.865610957 -3.154608250 0.010789350 0.998353004 -0.056346346 -0.330426306 0.867241204 0.018708220 0.497536629 4.377466679
0.490783006 -0.052296318 -0.869710863 -3.206064701 0.011303971 0.998495102 -0.053661305 -0.334577143 0.871208549 0.016504871 0.490635633 4.404824257
0.482182771 -0.052679818 -0.874485373 -3.259277344 0.011729999 0.998489201 -0.053682107 -0.338782430 0.875992119 0.015626879 0.482072204 4.434967995
0.475388050 -0.055790700 -0.878005505 -3.312503815 0.012139564 0.998308241 -0.056862187 -0.342373550 0.879692495 0.016372997 0.475261092 4.462671280
0.467894822 -0.059015062 -0.881811559 -3.364390850 0.015629066 0.998164475 -0.058509074 -0.346613437 0.883645952 0.013594203 0.467958361 4.490433693
0.462294966 -0.061406158 -0.884597480 -3.418793917 0.016884428 0.998028100 -0.060456291 -0.351312101 0.886565387 0.013012714 0.462420106 4.517753601
0.456153482 -0.065303870 -0.887501776 -3.469785213 0.019189944 0.997793674 -0.063556202 -0.355556369 0.889694214 0.011960267 0.456400186 4.544665337
0.452088833 -0.066758744 -0.889471233 -3.523774147 0.022697313 0.997733355 -0.063348003 -0.360501766 0.891684055 0.008450315 0.452579290 4.570591450
0.447495878 -0.063522853 -0.892027020 -3.576491594 0.023234487 0.997963309 -0.059410885 -0.364853293 0.893984139 0.005860340 0.448060304 4.597547054
0.444169044 -0.061859943 -0.893804908 -3.629820347 0.026067412 0.998083472 -0.056123041 -0.368779063 0.895563722 0.001628935 0.444930345 4.623815536
0.440291613 -0.061169125 -0.895768762 -3.681561470 0.028045867 0.998126745 -0.054373596 -0.373358190 0.897416711 -0.001182375 0.441182345 4.649128437
0.438103080 -0.061376750 -0.896826923 -3.734539032 0.028508188 0.998113215 -0.054382186 -0.377272844 0.898472548 -0.001741908 0.439026147 4.673995018
0.435033649 -0.059857201 -0.898422420 -3.786605835 0.030136658 0.998196840 -0.051911894 -0.381260037 0.899909735 -0.004492029 0.436053097 4.699383736
0.432539642 -0.060156107 -0.899605930 -3.839040756 0.033426143 0.998155653 -0.050674450 -0.384355694 0.900995195 -0.008151649 0.433752686 4.724339008
0.430245191 -0.060643807 -0.900672734 -3.889868259 0.035657916 0.998103917 -0.050170474 -0.388670027 0.902007520 -0.010530519 0.431591809 4.747943878
0.427508354 -0.060534231 -0.901982427 -3.941266537 0.037318293 0.998086810 -0.049296461 -0.392668903 0.903240860 -0.012585795 0.428949445 4.772663116
0.426352501 -0.060247350 -0.902548492 -3.994044542 0.040110309 0.998057187 -0.047675196 -0.395933479 0.903667390 -0.015875058 0.427940726 4.795878410
0.423307985 -0.060610995 -0.903956115 -4.044619083 0.043792255 0.997962177 -0.046406973 -0.399889588 0.904926896 -0.019941837 0.425099671 4.821168900
0.422277033 -0.060720377 -0.904430866 -4.094364643 0.043881852 0.997953475 -0.046510812 -0.403012455 0.905404031 -0.020047646 0.424077332 4.842963219
0.420105904 -0.062192298 -0.905341446 -4.144387245 0.046290807 0.997818708 -0.047064662 -0.406678140 0.906293631 -0.022136843 0.422068417 4.867090702
0.420355141 -0.063070789 -0.905165017 -4.193479061 0.046071846 0.997778118 -0.048128359 -0.410701692 0.906189263 -0.021471616 0.422326922 4.888750076
0.421743274 -0.064116813 -0.904445469 -4.240781784 0.044970989 0.997748196 -0.049761124 -0.413546324 0.905599296 -0.019687383 0.423676997 4.908998489
0.423030823 -0.062443510 -0.903961122 -4.283807755 0.041699044 0.997907341 -0.049418997 -0.417669654 0.905155301 -0.016788557 0.424749374 4.930817604
0.428310156 -0.064008519 -0.901361883 -4.333408356 0.040605340 0.997843742 -0.051565126 -0.420199394 0.902719021 -0.014514241 0.429985791 4.951832771
0.432046354 -0.063490890 -0.899613738 -4.379384518 0.038813271 0.997903585 -0.051787399 -0.424346924 0.901015818 -0.012542394 0.433604866 4.974993706
0.438613087 -0.065344669 -0.896297038 -4.424662590 0.040539160 0.997776389 -0.052904725 -0.427003443 0.897761166 -0.013130431 0.440286756 4.995749950
0.445165575 -0.063171647 -0.893217146 -4.468289852 0.038398001 0.997937560 -0.051440902 -0.430974841 0.894624531 -0.011398036 0.446673214 5.018192291
0.453368425 -0.062713958 -0.889114201 -4.514004230 0.038014993 0.997974455 -0.051008224 -0.433790088 0.890512168 -0.010674156 0.454834133 5.040132523
0.462011933 -0.061705884 -0.884724498 -4.557761192 0.037392721 0.998044848 -0.050082680 -0.437508404 0.886085033 -0.009943465 0.463416040 5.063091278
0.471325785 -0.062052459 -0.879773498 -4.602015495 0.037425436 0.998030484 -0.050343253 -0.440504014 0.881164789 -0.009197831 0.472719759 5.086186409
0.480168462 -0.062032744 -0.874980032 -4.644629478 0.034973469 0.998057008 -0.051565807 -0.443364799 0.876478732 -0.005840813 0.481404990 5.110076904
0.490882814 -0.063995592 -0.868872046 -4.688979626 0.034206528 0.997945309 -0.054176796 -0.447051287 0.870553851 -0.003126644 0.492063195 5.134547234
0.503490210 -0.063624583 -0.861655116 -4.730406284 0.033854961 0.997971833 -0.053907771 -0.452511191 0.863337338 -0.002029264 0.504623175 5.156675816
0.513939559 -0.063550442 -0.855469048 -4.772675514 0.031687222 0.997977912 -0.055100314 -0.454059720 0.857240975 0.001210790 0.514913976 5.183382034
0.526625752 -0.061654590 -0.847858489 -4.813247681 0.031611595 0.998096943 -0.052944899 -0.457419634 0.849509239 0.001079984 0.527572572 5.208070278
0.539284706 -0.058521532 -0.840087652 -4.854587555 0.029286871 0.998282313 -0.050741199 -0.460668027 0.841614068 0.002760423 0.540072322 5.233862877
0.550915182 -0.057541490 -0.832575142 -4.894150257 0.028164549 0.998333812 -0.050361030 -0.463986009 0.834085882 0.004295555 0.551617861 5.259487629
0.562392533 -0.058475573 -0.824800014 -4.934354782 0.028661937 0.998275399 -0.051231172 -0.466957927 0.826373458 0.005171661 0.563098609 5.286316872
0.574046075 -0.059102543 -0.816687167 -4.973448277 0.028860195 0.998232305 -0.051955003 -0.470590532 0.818314075 0.006254814 0.574737132 5.312486172
0.584864080 -0.061073102 -0.808828831 -5.011714935 0.031224860 0.998117507 -0.052787229 -0.473682493 0.810530066 0.005617792 0.585670114 5.339809418
0.595770240 -0.060227264 -0.800893545 -5.049359322 0.031156925 0.998166859 -0.051885165 -0.477294773 0.802550375 0.005958254 0.596554637 5.367386818
0.606463313 -0.057816099 -0.793006599 -5.086422443 0.030382356 0.998309493 -0.049548861 -0.480636865 0.794530809 0.005956157 0.607194602 5.395235062
0.616457701 -0.054808997 -0.785478115 -5.122382164 0.030250572 0.998486459 -0.045931064 -0.483664840 0.786806703 0.004553397 0.617182672 5.422929764
0.626329124 -0.054450661 -0.777654767 -5.157818794 0.029969344 0.998502076 -0.045776647 -0.485977113 0.778982341 0.005365444 0.627022862 5.450561047
0.636629999 -0.053223103 -0.769330561 -5.192315578 0.027522791 0.998548090 -0.046305183 -0.489366651 0.770678043 0.008305144 0.637170553 5.478389740
0.645413399 -0.052645553 -0.762017071 -5.225921154 0.026171410 0.998560369 -0.046820980 -0.492313504 0.763385057 0.010275828 0.645861983 5.507216930
0.655302286 -0.052545756 -0.753536820 -5.259669304 0.026127622 0.998557329 -0.046910055 -0.495036721 0.754914761 0.011052147 0.655729771 5.535038948
0.664112031 -0.049937494 -0.745963395 -5.292002201 0.025237044 0.998695552 -0.044388402 -0.498017728 0.747206926 0.010652954 0.664506018 5.564404964
0.672690272 -0.048762701 -0.738315642 -5.324530602 0.025704078 0.998763859 -0.042544864 -0.500664473 0.739477575 0.009641794 0.673112154 5.593541145
0.680913985 -0.048443083 -0.730759382 -5.356757164 0.026256939 0.998783231 -0.041744817 -0.503138423 0.731892586 0.009237126 0.681357563 5.623098850
0.688820839 -0.047862031 -0.723349869 -5.387965679 0.025382591 0.998798549 -0.041916747 -0.505632997 0.724487185 0.010512634 0.689208269 5.652124882
0.695797205 -0.046684720 -0.716719508 -5.418301582 0.024613004 0.998849094 -0.041167196 -0.508147001 0.717816472 0.011003403 0.696145415 5.682060242
0.703250229 -0.044314593 -0.709560096 -5.447322845 0.024195179 0.998969078 -0.038409226 -0.510473967 0.710530639 0.009843361 0.703597367 5.709772587
0.710415244 -0.040840261 -0.702596843 -5.478126526 0.022435032 0.999121666 -0.035391849 -0.512972236 0.703425109 0.009380126 0.710707486 5.740531445
0.718205094 -0.039003640 -0.694737554 -5.506860256 0.020907706 0.999186575 -0.034481931 -0.515300035 0.695517242 0.010239733 0.718436360 5.769234657
0.725088656 -0.038593180 -0.687573254 -5.534798622 0.020861728 0.999201298 -0.034084730 -0.517305613 0.688339472 0.010370489 0.725314558 5.799260139
0.733478189 -0.036029633 -0.678757250 -5.562825680 0.018700065 0.999285817 -0.032836188 -0.519361377 0.679455698 0.011391828 0.733628035 5.828312397
0.741879344 -0.032676261 -0.669736743 -5.588912010 0.017391441 0.999413550 -0.029496294 -0.521643639 0.670307815 0.010235003 0.742012560 5.857738018
0.751525462 -0.028527573 -0.659087062 -5.614865303 0.015152015 0.999547422 -0.025986768 -0.523462951 0.659530163 0.009543220 0.751617610 5.886120319
0.761613190 -0.027174925 -0.647461951 -5.639147758 0.013862279 0.999574959 -0.025647342 -0.524901628 0.647883654 0.010558059 0.761666119 5.914865494
0.771263003 -0.026538130 -0.635963261 -5.665910721 0.012688040 0.999572933 -0.026323821 -0.526254594 0.636390150 0.012233462 0.771270216 5.945754528
0.780908465 -0.027706651 -0.624030769 -5.689712524 0.012821697 0.999516308 -0.028333027 -0.527831972 0.624513865 0.014124367 0.780885935 5.975612164
0.791263342 -0.026560338 -0.610898495 -5.713031292 0.011985757 0.999537945 -0.027932912 -0.529562175 0.611358106 0.014780207 0.791216016 6.004147530
0.801074147 -0.025713284 -0.598012447 -5.737902641 0.012459047 0.999576688 -0.026290048 -0.530966461 0.598435283 0.013609615 0.801055491 6.037091732
0.811091423 -0.022030279 -0.584504366 -5.760146618 0.010838181 0.999684870 -0.022638975 -0.533249378 0.584819019 0.012027316 0.811074615 6.067691803
0.820888937 -0.021033386 -0.570700407 -5.780652046 0.011449379 0.999726832 -0.020376662 -0.534165263 0.570973158 0.010192811 0.820905507 6.095611095
0.829957485 -0.020961339 -0.557432711 -5.803774834 0.012988465 0.999749005 -0.018255487 -0.534643948 0.557675481 0.007911080 0.830021381 6.129463196
0.838398814 -0.019044537 -0.544724464 -5.825685978 0.012729265 0.999800920 -0.015362898 -0.537062287 0.544908702 0.005946293 0.838474214 6.160645962
0.845243216 -0.020590927 -0.533984900 -5.843635559 0.015136630 0.999778926 -0.014592625 -0.537036538 0.534167409 0.004251586 0.845368028 6.190827370
0.851584136 -0.020425852 -0.523819983 -5.864231110 0.015251081 0.999782920 -0.014191600 -0.538524508 0.523996353 0.004096520 0.851710737 6.224650383
0.858387530 -0.018658824 -0.512662411 -5.884642601 0.013648298 0.999815226 -0.013536877 -0.540053606 0.512820244 0.004622916 0.858483553 6.258817673
0.865004301 -0.016955517 -0.501477957 -5.903856277 0.012198086 0.999844193 -0.012765220 -0.541526616 0.501616120 0.004924901 0.865076303 6.290903091
0.871156693 -0.015864132 -0.490748763 -5.923260212 0.011275358 0.999860704 -0.012306334 -0.541939676 0.490875691 0.005187376 0.871214092 6.325053692
0.877010167 -0.016345082 -0.480193764 -5.942337036 0.012060896 0.999855161 -0.012005956 -0.543650389 0.480320454 0.004737779 0.877080262 6.359176159
0.881942391 -0.018040262 -0.471011937 -5.961382389 0.013376070 0.999822855 -0.013248371 -0.544220686 0.471167415 0.005384010 0.882027447 6.394409657
0.886413813 -0.018123314 -0.462538660 -5.979441643 0.013425164 0.999819517 -0.013447060 -0.545220912 0.462698758 0.005710004 0.886497200 6.428623676
0.889875948 -0.017215168 -0.455877572 -5.997982025 0.012761660 0.999836147 -0.012845659 -0.546446919 0.456024081 0.005613287 0.889949739 6.463146210
0.892797053 -0.014574211 -0.450223178 -6.012431622 0.011705792 0.999889612 -0.009154806 -0.547259629 0.450306892 0.002903166 0.892869115 6.494998932
0.896145642 -0.010981271 -0.443624079 -6.034218788 0.009668687 0.999939501 -0.005220763 -0.547730327 0.443654597 0.000389303 0.896197677 6.535212517
0.899181545 -0.008487737 -0.437493294 -6.050205708 0.008241516 0.999962986 -0.002461300 -0.548641503 0.437497973 -0.001392452 0.899218321 6.569721222
0.902583659 -0.005899999 -0.430474102 -6.068055153 0.006626212 0.999977946 0.000187796 -0.549349248 0.430463523 -0.003021915 0.902602851 6.605435371
0.905688941 -0.004806653 -0.423915535 -6.084050179 0.006335472 0.999977410 0.002197190 -0.549161077 0.423895478 -0.004675676 0.905699074 6.641590118
0.908780694 -0.002743694 -0.417265028 -6.104771614 0.005468012 0.999970973 0.005333805 -0.550341010 0.417238235 -0.007128871 0.908769131 6.683870316
0.912386596 -0.003140564 -0.409317791 -6.123015404 0.006516540 0.999955297 0.006853302 -0.550054908 0.409278005 -0.008920196 0.912366152 6.722435474
0.915799677 -0.003907534 -0.401616424 -6.141153336 0.007480279 0.999945223 0.007328176 -0.549701810 0.401565790 -0.009715345 0.915778637 6.762952328
0.919236958 -0.004188753 -0.393682271 -6.157899380 0.007935827 0.999937296 0.007890664 -0.550285041 0.393624604 -0.010377587 0.919212639 6.803517818
0.922968626 -0.006640736 -0.384817868 -6.175365448 0.010403333 0.999916196 0.007696549 -0.550665379 0.384734511 -0.011107063 0.922960401 6.844544411
0.926992834 -0.008283320 -0.374987662 -6.192902088 0.011472684 0.999914408 0.006273501 -0.550660431 0.374903619 -0.010117603 0.927008629 6.886528492
0.931276560 -0.009330395 -0.364193559 -6.208962440 0.011727775 0.999921679 0.004371681 -0.551052928 0.364124179 -0.008342424 0.931313038 6.929069519
0.936332107 -0.007387793 -0.351037920 -6.225027561 0.009306489 0.999949515 0.003778916 -0.551258743 0.350992292 -0.006805251 0.936353564 6.971567154
0.942290664 -0.003884071 -0.334773391 -6.241110325 0.005813003 0.999971747 0.004760163 -0.551198125 0.334745467 -0.006431497 0.942286670 7.015407562
0.948708773 0.000367337 -0.316151023 -6.256356239 0.002296941 0.999964893 0.008054540 -0.551760077 0.316142946 -0.008367595 0.948674679 7.059870243
0.955065846 0.002983863 -0.296379000 -6.270067692 -0.000132593 0.999953508 0.009639986 -0.551965833 0.296394020 -0.009167524 0.955021799 7.103443623
0.961346567 0.004733947 -0.275300473 -6.284889221 -0.001907514 0.999942720 0.010533563 -0.551992834 0.275334567 -0.009601263 0.961300552 7.152256012
0.967209876 0.005829996 -0.253911674 -6.297536850 -0.002924318 0.999925911 0.011819603 -0.551730871 0.253961712 -0.010689518 0.967155218 7.197822571
0.972644985 0.007183282 -0.232185498 -6.309808254 -0.003808440 0.999880552 0.014980107 -0.552338421 0.232265398 -0.013686061 0.972556174 7.247452736
0.977598310 0.009653837 -0.210257813 -6.320322990 -0.005864669 0.999809086 0.018637624 -0.552219510 0.210397586 -0.016987015 0.977468312 7.294792175
0.982184410 0.011864011 -0.187544852 -6.331155300 -0.007729682 0.999711096 0.022760477 -0.551361382 0.187760696 -0.020905323 0.981992304 7.344079018
0.986211181 0.013958791 -0.164901853 -6.340661526 -0.009804331 0.999614418 0.025980711 -0.550877213 0.165200904 -0.024005711 0.985967696 7.395065308
0.989600897 0.015433478 -0.143010244 -6.348480225 -0.011862722 0.999597073 0.025787659 -0.550272703 0.143350616 -0.023822995 0.989385188 7.448741436
0.992584169 0.014607409 -0.120678008 -6.356017590 -0.011829940 0.999649107 0.023700036 -0.549462914 0.120981865 -0.022096667 0.992408752 7.499514580
0.994863212 0.015254761 -0.100073040 -6.360245705 -0.013015185 0.999650776 0.022994293 -0.549366951 0.100388885 -0.021573704 0.994714320 7.547717094
0.996762156 0.013727296 -0.079226345 -6.368074894 -0.011800865 0.999624431 0.024732752 -0.547871947 0.079536125 -0.023717735 0.996549785 7.610396385
0.998143792 0.014918302 -0.059046350 -6.371898174 -0.013373874 0.999560297 0.026465502 -0.546683908 0.059415214 -0.025626697 0.997904420 7.664682865
0.999118686 0.015559913 -0.038982209 -6.374635220 -0.014483085 0.999509752 0.027755357 -0.546867669 0.039394975 -0.027166311 0.998854280 7.719837666
0.999692142 0.016808173 -0.018249273 -6.376721859 -0.016289251 0.999469042 0.028220698 -0.546036720 0.018713921 -0.027914744 0.999435067 7.774151325
0.999858677 0.016627889 0.002448905 -6.378048420 -0.016690530 0.999460757 0.028278947 -0.544227719 -0.001977358 -0.028315822 0.999597073 7.829372406
0.999541104 0.020126600 0.022634607 -6.377235889 -0.020757919 0.999392033 0.028011724 -0.543685198 -0.022057066 -0.028468722 0.999351323 7.890138149
0.998860657 0.021428466 0.042640619 -6.375644684 -0.022602420 0.999373198 0.027242422 -0.543358445 -0.042030133 -0.028175162 0.998718977 7.943617821
0.997769058 0.021822125 0.063091382 -6.374243259 -0.023405636 0.999426603 0.024469480 -0.541517019 -0.062521227 -0.025891585 0.997707784 8.000441551
0.996463060 0.022797026 0.080880620 -6.368380070 -0.024654327 0.999453068 0.022039536 -0.541491151 -0.080333941 -0.023955638 0.996480227 8.066082001
0.994705200 0.022784630 0.100212559 -6.364290714 -0.024906950 0.999490142 0.019978113 -0.540148795 -0.099706270 -0.022368319 0.994765401 8.125125885
0.992555439 0.023590105 0.119487323 -6.358746529 -0.025782252 0.999525845 0.016833525 -0.540164828 -0.119033575 -0.019788858 0.992693067 8.185562134
0.990198493 0.024534380 0.137495622 -6.348834038 -0.026393801 0.999582946 0.011716450 -0.540087938 -0.137150839 -0.015230646 0.990433037 8.246863365
0.987522840 0.026380744 0.155250594 -6.340773582 -0.027482472 0.999609947 0.004954033 -0.540589750 -0.155059353 -0.009158893 0.987862706 8.307954788
0.984531879 0.027085045 0.173099995 -6.331419945 -0.027541151 0.999620616 0.000233219 -0.541759670 -0.173028022 -0.004996985 0.984904289 8.370009422
0.981215835 0.031538144 0.190317288 -6.319490433 -0.031399034 0.999499917 -0.003747087 -0.541996300 -0.190340281 -0.002299079 0.981715441 8.430215836
0.977628708 0.032732408 0.207775354 -6.306892395 -0.031955339 0.999464095 -0.007096189 -0.542018712 -0.207896292 0.000297908 0.978150785 8.493664742
0.973765969 0.031687584 0.225334957 -6.294359207 -0.030936768 0.999497771 -0.006863114 -0.543289304 -0.225439250 -0.000288069 0.974257171 8.555882454
0.969643295 0.032052554 0.242413849 -6.278597832 -0.031227792 0.999485970 -0.007244908 -0.544993758 -0.242521524 -0.000545072 0.970145822 8.624129295
0.965170443 0.032487080 0.259597033 -6.264136791 -0.030265750 0.999462962 -0.012550347 -0.545941532 -0.259865403 0.004256324 0.965635359 8.684873581
0.960787058 0.032577869 0.275366724 -6.247180939 -0.029024875 0.999434590 -0.016969100 -0.547629833 -0.275763869 0.008311209 0.961189449 8.748282433
0.955705881 0.035432890 0.292182803 -6.226473808 -0.031889096 0.999348819 -0.016883990 -0.549860597 -0.292590708 0.006818682 0.956213474 8.818737030
0.950003088 0.038399763 0.309870332 -6.207347870 -0.034532402 0.999242187 -0.017958386 -0.551184714 -0.310325086 0.006359956 0.950609207 8.883581161
0.944273055 0.041315563 0.326559931 -6.184474468 -0.036464255 0.999115050 -0.020966386 -0.553115785 -0.327137172 0.007890230 0.944943905 8.946562767
0.937989414 0.042039361 0.344105482 -6.160818100 -0.035659198 0.999054909 -0.024851922 -0.555580020 -0.344825029 0.011040311 0.938601971 9.015705109
0.931410611 0.042984560 0.361423016 -6.137711048 -0.035598114 0.998999357 -0.027073774 -0.558958769 -0.362225115 0.012350822 0.932008743 9.081821442
0.924895525 0.043449126 0.377731025 -6.110722542 -0.033605576 0.998902738 -0.032615304 -0.560882092 -0.378733724 0.017471869 0.925340712 9.142714500
0.916634738 0.046657063 0.396993846 -6.084319592 -0.033924233 0.998661637 -0.039039634 -0.563730836 -0.398284048 0.022317365 0.916990638 9.212083817
0.906749368 0.050107915 0.418682337 -6.057819366 -0.035442453 0.998457491 -0.042736936 -0.566670418 -0.420178026 0.023912556 0.907126606 9.276819229
0.895729542 0.053600874 0.441356570 -6.024469852 -0.037877731 0.998297095 -0.044366371 -0.570534110 -0.442983061 0.023022678 0.896234393 9.339488983
0.882469714 0.057949986 0.466785878 -5.994607925 -0.040780395 0.998070896 -0.046811063 -0.574997067 -0.468598098 0.022273621 0.883130550 9.406827927
0.868446469 0.062384512 0.491842568 -5.961722374 -0.043364447 0.997807622 -0.049991731 -0.579631984 -0.493883044 0.022086652 0.869247794 9.469274521
0.853745580 0.066601902 0.516413391 -5.927019119 -0.045349278 0.997527897 -0.053678915 -0.583578825 -0.518711925 0.022409156 0.854655385 9.532817841
0.839249134 0.068089180 0.539467096 -5.888159275 -0.045012616 0.997423351 -0.055864252 -0.588640869 -0.541880727 0.022601204 0.840151429 9.596059799
0.824184895 0.069487646 0.562041581 -5.846175194 -0.044625673 0.997326612 -0.057864189 -0.594544649 -0.564559817 0.022609303 0.825082421 9.658821106
0.807860732 0.072162710 0.584938943 -5.806158066 -0.043501724 0.997069716 -0.062926084 -0.600007594 -0.587765872 0.025389656 0.808632672 9.717350006
0.791688979 0.074456513 0.606370032 -5.763409615 -0.041094560 0.996787667 -0.068742231 -0.605315447 -0.609540462 0.029503960 0.792205691 9.778095245
0.775735319 0.076368243 0.626420438 -5.718985558 -0.039482564 0.996579230 -0.072601393 -0.610805273 -0.629822075 0.031586777 0.776096940 9.836571693
