0.999750853 -0.007555962 0.021002589 0.001158535 0.007565700 0.999971330 -0.000384261 -0.000440876 -0.020999091 0.000543065 0.999779344 0.045562167
0.999788523 -0.009153603 0.018413680 0.001723370 0.009185284 0.999956489 -0.001636692 -0.000775887 -0.018397897 0.001805481 0.999829113 0.063277937
0.999857903 -0.011543008 0.012286543 0.001590126 0.011582762 0.999927878 -0.003169274 -0.000699533 -0.012249074 0.003311136 0.999919474 0.077371977
0.999903977 -0.013762880 -0.001602646 0.002276321 0.013753454 0.999888897 -0.005751228 -0.000660393 0.001681622 0.005728634 0.999982178 0.096406795
0.999780297 -0.012692397 -0.016686630 0.000454252 0.012601480 0.999905229 -0.005542375 -0.001153672 0.016755397 0.005330882 0.999845386 0.110374086
0.999321043 -0.008088552 -0.035943616 -0.001285936 0.007901036 0.999954462 -0.005355963 -0.001514546 0.035985298 0.005068334 0.999339461 0.127643421
0.998432696 -0.004557701 -0.055779457 -0.003169228 0.004193733 0.999969184 -0.006640451 -0.001794180 0.055808008 0.006396119 0.998420954 0.145326987
0.997102320 -0.004241774 -0.075953603 -0.005175063 0.003721461 0.999968648 -0.006990628 -0.002147079 0.075980879 0.006687712 0.997086763 0.163746178
0.995230138 -0.005958733 -0.097372696 -0.007630426 0.005340185 0.999963939 -0.006611759 -0.002223945 0.097408585 0.006060234 0.995225966 0.183193922
0.993142426 -0.007410575 -0.116675854 -0.010550905 0.006819155 0.999961734 -0.005467290 -0.002656736 0.116711915 0.004634167 0.993155003 0.201874554
0.990936935 -0.006121415 -0.134188727 -0.014522434 0.005541249 0.999973655 -0.004696565 -0.003061889 0.134213924 0.003910426 0.990944743 0.222183332
0.988687575 -0.005035404 -0.149905190 -0.017977627 0.004464889 0.999981403 -0.004142158 -0.003271559 0.149923280 0.003425991 0.988691628 0.242293656
0.986569166 -0.004153229 -0.163291246 -0.022605402 0.003427773 0.999983013 -0.004724212 -0.003471552 0.163308099 0.004101037 0.986566544 0.263718307
0.984493315 -0.006120921 -0.175315246 -0.026560836 0.005349090 0.999973834 -0.004874751 -0.004107313 0.175340489 0.003861383 0.984500289 0.285074323
0.982718945 -0.010142293 -0.184825748 -0.031214012 0.009056159 0.999936461 -0.006719787 -0.004710646 0.184882179 0.004929851 0.982748330 0.308520526
0.981147051 -0.008998506 -0.193053186 -0.035614006 0.007380458 0.999931395 -0.009098909 -0.004893695 0.193121806 0.007502547 0.981146216 0.331194282
0.979547977 -0.009003173 -0.201009527 -0.041117523 0.007034383 0.999920130 -0.010506658 -0.005389170 0.201088041 0.008877798 0.979532957 0.355547577
0.977906585 -0.010049108 -0.208800644 -0.046161711 0.007416844 0.999882877 -0.013385738 -0.005724201 0.208910733 0.011541362 0.977866590 0.379621744
0.976095319 -0.013776893 -0.216905549 -0.051905412 0.010742480 0.999827266 -0.015162495 -0.006309745 0.217076987 0.012469937 0.976074755 0.405780315
0.974227846 -0.020232212 -0.224656999 -0.057354275 0.017012220 0.999723077 -0.016259616 -0.006883594 0.224923715 0.012018655 0.974302232 0.431082875
0.972095728 -0.019859761 -0.233742192 -0.063469484 0.016081374 0.999707580 -0.018059729 -0.008280527 0.234032467 0.013796888 0.972130895 0.457978994
0.970228016 -0.016350342 -0.241640761 -0.071802437 0.011048933 0.999667943 -0.023278063 -0.008074299 0.241941139 0.019915156 0.970086515 0.484420061
0.968130231 -0.012869422 -0.250116557 -0.080335751 0.006549706 0.999638259 -0.026083041 -0.009116102 0.250361770 0.023613589 0.967864335 0.512577534
0.965760589 -0.016374912 -0.258917391 -0.087361924 0.009460486 0.999565125 -0.027928704 -0.009916748 0.259262085 0.024522958 0.965495586 0.540976226
0.963471830 -0.018816186 -0.267147601 -0.095726311 0.011151074 0.999482274 -0.030180696 -0.010976292 0.267577171 0.026099265 0.963182867 0.569560647
0.961207569 -0.018398859 -0.275211632 -0.104288504 0.009790583 0.999419868 -0.032619998 -0.012119751 0.275652140 0.028660111 0.960830092 0.598703980
0.958848476 -0.017354513 -0.283387065 -0.114177108 0.007398884 0.999318421 -0.036163524 -0.013404527 0.283821553 0.032578595 0.958323479 0.629986525
0.956456900 -0.018685490 -0.291274875 -0.123302333 0.006880618 0.999114752 -0.041500095 -0.014887781 0.291792452 0.037688896 0.955738842 0.659989357
0.954775751 -0.020756671 -0.296601534 -0.133107930 0.006512752 0.998780906 -0.048931468 -0.016391424 0.297255546 0.044786885 0.953746974 0.690147579
0.953558385 -0.021144509 -0.300465167 -0.144137874 0.004142338 0.998359203 -0.057110965 -0.018417837 0.301179767 0.053214010 0.952081442 0.721651554
0.952398777 -0.020541033 -0.304162264 -0.155129567 0.000481519 0.997827530 -0.065878674 -0.020619676 0.304854691 0.062596314 0.950339615 0.754610837
0.950891912 -0.020033889 -0.308874160 -0.165352315 -0.003173250 0.997219741 -0.074449770 -0.023145471 0.309506863 0.071773835 0.948184609 0.785903811
0.949776649 -0.019531554 -0.312318414 -0.177846313 -0.006224891 0.996673524 -0.081259519 -0.025647987 0.312866569 0.079122536 0.946495771 0.819776833
0.948135138 -0.018034868 -0.317355543 -0.190168768 -0.010503703 0.996066272 -0.087986059 -0.028986547 0.317694038 0.086756080 0.944216073 0.853917599
0.946486533 -0.016299475 -0.322331399 -0.201501101 -0.014863288 0.995462894 -0.093982249 -0.032175049 0.322400808 0.093743823 0.941950023 0.887154460
0.944730103 -0.014655333 -0.327521235 -0.214199394 -0.018918188 0.994898915 -0.099087201 -0.036166109 0.327302635 0.099806763 0.939633787 0.923214912
0.943040192 -0.013582938 -0.332401156 -0.227411658 -0.021425104 0.994612217 -0.101427101 -0.040633027 0.331987977 0.102771558 0.937668324 0.955401182
0.941539645 -0.010759698 -0.336730242 -0.241183281 -0.025558926 0.994328201 -0.103238136 -0.044067010 0.335931271 0.105809279 0.935924470 0.991881430
0.939350009 -0.011773370 -0.342757821 -0.255899429 -0.024833336 0.994452178 -0.102215752 -0.048231289 0.342059761 0.104528196 0.933846295 1.030006051
0.937063634 -0.010119268 -0.349011838 -0.268817544 -0.026723042 0.994569421 -0.100585438 -0.052294288 0.348134369 0.103581622 0.931704462 1.064666033
0.934562325 -0.010015486 -0.355658412 -0.283646077 -0.027015250 0.994720638 -0.098999619 -0.056803770 0.354772359 0.102129497 0.929357946 1.102319598
0.931410849 -0.008677504 -0.363866031 -0.298592895 -0.028251853 0.994975805 -0.096046306 -0.060757920 0.362871349 0.099738464 0.926486194 1.139451861
0.928120971 -0.007223105 -0.372208595 -0.314002454 -0.028527716 0.995491982 -0.090453908 -0.064665824 0.371183962 0.094570436 0.923730969 1.177211165
0.924615026 -0.003716913 -0.380884588 -0.330455899 -0.030822869 0.995943010 -0.084542990 -0.068910763 0.379653603 0.089909703 0.920749366 1.215287328
0.921147406 0.000938458 -0.389212519 -0.347396076 -0.035323557 0.996071815 -0.081198409 -0.072525069 0.387607396 0.088544078 0.917562246 1.252417445
0.917304218 0.001329650 -0.398184657 -0.364085913 -0.035774026 0.996225715 -0.079086520 -0.076129891 0.396576643 0.086791061 0.913889706 1.289463282
0.913624406 0.002502260 -0.406551570 -0.384198427 -0.037744787 0.996184289 -0.078690745 -0.080047607 0.404803395 0.087238982 0.910232663 1.330697894
0.909569204 -0.000216609 -0.415552437 -0.401070029 -0.034984272 0.996409953 -0.077093609 -0.083102494 0.414077312 0.084659785 0.906296194 1.368674994
0.905773461 -0.000290176 -0.423762053 -0.420696825 -0.035064548 0.996519208 -0.075631350 -0.086036488 0.422308981 0.083363913 0.902610362 1.408563375
0.902093470 0.003449846 -0.431526870 -0.441130042 -0.039021317 0.996523678 -0.073606111 -0.090574071 0.429772794 0.083238341 0.899092078 1.449824095
0.898884892 0.003327263 -0.438172251 -0.466342628 -0.037307296 0.996921301 -0.068963625 -0.094665229 0.436593801 0.078337379 0.896241605 1.491970897
0.894510031 0.006041176 -0.447007060 -0.482260257 -0.038507845 0.997233450 -0.063581079 -0.097504608 0.445386320 0.074087180 0.892267883 1.531899571
0.890434265 0.005753119 -0.455075562 -0.502692640 -0.036739048 0.997565448 -0.059274979 -0.100767598 0.453626573 0.069499515 0.888477743 1.572470665
0.887044251 0.005541946 -0.461651355 -0.524758637 -0.036247522 0.997677505 -0.057671383 -0.103630818 0.460259497 0.067890786 0.885184824 1.612823725
0.883885384 0.005611971 -0.467669904 -0.548928857 -0.036278404 0.997738004 -0.056592625 -0.107072577 0.466294467 0.066987716 0.882089555 1.656970620
0.880421460 0.005363648 -0.474161774 -0.571199298 -0.035265233 0.997907579 -0.054192141 -0.109806441 0.472879022 0.064433351 0.878768384 1.698842525
0.877576172 0.003151653 -0.479426920 -0.595017076 -0.032698605 0.998043358 -0.053292844 -0.112878561 0.478320897 0.062445126 0.875962079 1.741936207
0.874717712 0.001149535 -0.484631419 -0.618465066 -0.030620554 0.998130202 -0.052899901 -0.115849838 0.483664513 0.061112158 0.873117328 1.785144448
0.872907579 0.000672180 -0.487885416 -0.644983947 -0.030581594 0.998107970 -0.053340375 -0.119087256 0.486926496 0.061481524 0.871276438 1.830942392
0.871454179 0.000185738 -0.490477055 -0.670251608 -0.030603070 0.998072088 -0.053995986 -0.121651366 0.489521354 0.062065128 0.869779646 1.874539614
0.871024966 0.002654888 -0.491231591 -0.695412576 -0.032870658 0.998059213 -0.052890383 -0.125386372 0.490137786 0.062215958 0.869421721 1.919251800
0.870977640 0.001959224 -0.491318792 -0.723486960 -0.031390164 0.998170912 -0.051666029 -0.127643526 0.490318865 0.060422529 0.869446099 1.967292070
0.870744765 0.001024425 -0.491734236 -0.749593139 -0.029820962 0.998267233 -0.050726183 -0.131321222 0.490830183 0.058833543 0.869266570 2.011435986
0.870116591 0.000032626 -0.492845923 -0.776749015 -0.029266737 0.998238683 -0.051604170 -0.134271413 0.491976202 0.059325639 0.868584991 2.059251308
0.869176567 -0.002248133 -0.494496703 -0.804192066 -0.027039247 0.998277485 -0.052065339 -0.137706757 0.493762016 0.058624785 0.867618680 2.105916023
0.867680490 -0.003270034 -0.497111470 -0.830780625 -0.024883030 0.998439193 -0.049999744 -0.140579775 0.496499062 0.055753447 0.866244853 2.151628494
0.865494370 -0.002587057 -0.500912011 -0.858585715 -0.023692118 0.998656094 -0.046093866 -0.143693820 0.500358105 0.051761650 0.864269972 2.199151278
0.862639248 -0.002499341 -0.505813241 -0.885901570 -0.021648569 0.998889089 -0.041856289 -0.147017136 0.505356014 0.047057025 0.861626983 2.245481730
0.858277738 -0.003763223 -0.513171732 -0.913618147 -0.019302927 0.999028742 -0.039610207 -0.150151670 0.512822330 0.043902278 0.857371509 2.292388439
0.853573263 -0.005799690 -0.520940721 -0.942194343 -0.018705307 0.998952091 -0.041770514 -0.153443933 0.520637155 0.045398545 0.852570236 2.337520599
0.847707629 -0.009921212 -0.530370891 -0.972304642 -0.016656322 0.998834193 -0.045306683 -0.156212345 0.530202031 0.047240850 0.846554220 2.383872509
0.841679931 -0.010671875 -0.539871097 -1.003048539 -0.015950222 0.998876989 -0.044612255 -0.159157902 0.539741039 0.046160311 0.840564609 2.430299044
0.835915923 -0.005540018 -0.548829556 -1.033879280 -0.019301703 0.999033749 -0.039482694 -0.161856055 0.548518002 0.043597553 0.835001349 2.477377653
0.830880105 -0.001734167 -0.556448996 -1.066034317 -0.021445790 0.999152303 -0.035136342 -0.164582968 0.556038141 0.041127570 0.830138505 2.523480892
0.826747537 -0.001367727 -0.562571287 -1.097405910 -0.023198269 0.999063611 -0.036520816 -0.167394280 0.562094390 0.043244187 0.825941741 2.569735527
0.823117435 -0.003520334 -0.567860305 -1.128347993 -0.023590503 0.998905540 -0.040387116 -0.170481443 0.567380965 0.046639450 0.822133541 2.614353180
0.820088267 -0.007824166 -0.572183430 -1.160661340 -0.023645783 0.998589218 -0.047545515 -0.172246322 0.571748137 0.052521247 0.818746209 2.659480810
0.817009926 -0.006622406 -0.576585591 -1.193960071 -0.026663991 0.998430431 -0.049249846 -0.176434413 0.576006770 0.055611685 0.815551043 2.706334114
0.813469768 -0.005302595 -0.581583023 -1.225831628 -0.025762100 0.998648405 -0.045139078 -0.179436862 0.581036270 0.051702067 0.812233806 2.752132416
0.810663760 -0.003862304 -0.585499227 -1.259507656 -0.023858067 0.998929739 -0.039622664 -0.183374822 0.585025609 0.046089526 0.809704125 2.796977043
0.807718813 -0.000660097 -0.589567482 -1.293460369 -0.026191730 0.998971820 -0.037001655 -0.185325056 0.588985682 0.045328733 0.806871176 2.841435909
0.804589212 -0.001177203 -0.593830645 -1.327137113 -0.026172511 0.998955965 -0.037441809 -0.188659787 0.593254626 0.045667320 0.803718388 2.886326551
0.801425099 -0.001651166 -0.598092973 -1.360542536 -0.027372591 0.998847067 -0.039435923 -0.190462917 0.597468436 0.047976289 0.800455928 2.929041147
0.797193110 -0.004516867 -0.603707492 -1.395719886 -0.025869748 0.998797953 -0.041633781 -0.194035679 0.603169858 0.048807926 0.796118021 2.975920200
0.793160498 -0.005727634 -0.608985662 -1.429397106 -0.024633134 0.998835742 -0.041477166 -0.197363377 0.608514130 0.047899280 0.792096019 3.018489122
0.788806081 -0.005386278 -0.614618599 -1.466578007 -0.025089972 0.998845994 -0.040954147 -0.199891120 0.614129961 0.047725651 0.787760556 3.065513134
0.783729136 -0.005541641 -0.621078134 -1.501303196 -0.024621712 0.998896837 -0.039982550 -0.203136712 0.620614588 0.046627499 0.782728136 3.109548092
0.778183937 -0.007825145 -0.627987683 -1.537780643 -0.023008887 0.998896003 -0.040958852 -0.206237197 0.627614796 0.046322815 0.777144670 3.154192924
0.772806406 -0.009065526 -0.634577096 -1.573406219 -0.022462556 0.998880744 -0.041625500 -0.209165171 0.634244204 0.046422672 0.771737754 3.197689772
0.766940236 -0.010974888 -0.641624689 -1.610073805 -0.020888744 0.998896956 -0.042054497 -0.212800458 0.641378462 0.045656011 0.765864968 3.241959810
0.761552215 -0.012491696 -0.647983193 -1.649067879 -0.020854183 0.998824239 -0.043764345 -0.215730593 0.647767901 0.046841994 0.760396302 3.286417723
0.755558670 -0.014067588 -0.654929876 -1.686684251 -0.019819118 0.998820841 -0.044318486 -0.219238013 0.654781163 0.046465352 0.754388809 3.329397440
0.749489725 -0.014823187 -0.661849976 -1.723967791 -0.018894995 0.998862982 -0.043768138 -0.222792387 0.661746264 0.045309417 0.748357475 3.372192860
0.743204772 -0.014783172 -0.668900669 -1.763225794 -0.018402943 0.998925865 -0.042524174 -0.225763381 0.668810904 0.043913905 0.742134452 3.415102482
0.736767113 -0.015854964 -0.675960660 -1.803277850 -0.016946640 0.998977900 -0.041902564 -0.228340238 0.675934196 0.042327695 0.735745370 3.457899570
0.730273843 -0.017176798 -0.682938516 -1.843961954 -0.016339557 0.998958707 -0.042597186 -0.232136160 0.682959080 0.042266525 0.729232788 3.501401186
0.723213255 -0.018083891 -0.690387964 -1.883534670 -0.016879765 0.998895705 -0.043847214 -0.235343620 0.690418482 0.043364484 0.722109377 3.543678284
0.717468083 -0.018269781 -0.696351707 -1.926036835 -0.017609833 0.998860836 -0.044350374 -0.238032579 0.696368754 0.044082616 0.716329038 3.586940289
0.712720275 -0.017950142 -0.701218665 -1.969087601 -0.017671842 0.998895705 -0.043531928 -0.241146028 0.701225758 0.043417912 0.711615980 3.629251003
0.707464874 -0.017002372 -0.706543863 -2.011965513 -0.018824946 0.998902559 -0.042887211 -0.244936168 0.706497788 0.043641847 0.706368506 3.670881033
0.702123940 -0.017738981 -0.711833775 -2.053116322 -0.018981675 0.998868108 -0.043614656 -0.248326182 0.711801708 0.044134695 0.700992465 3.712184906
0.697772622 -0.019721437 -0.716047823 -2.098644257 -0.019956477 0.998697698 -0.046953354 -0.250974208 0.716041267 0.047052559 0.696470320 3.754214764
0.693120956 -0.022275515 -0.720477045 -2.142390966 -0.019375753 0.998585463 -0.049514055 -0.254303753 0.720560789 0.048279025 0.691708803 3.795213461
0.687832534 -0.022835348 -0.725510061 -2.187475920 -0.019333746 0.998574018 -0.049759697 -0.258251518 0.725611866 0.048253179 0.686410189 3.837844133
0.681797981 -0.023756823 -0.731154621 -2.226241589 -0.016996708 0.998688340 -0.048298921 -0.261291295 0.731343091 0.045357328 0.680499852 3.878013611
0.677710176 -0.021980884 -0.735000610 -2.277642965 -0.019223448 0.998681903 -0.047591574 -0.265234470 0.735077798 0.046382532 0.676394224 3.920992374
0.672516942 -0.023759769 -0.739700198 -2.323024273 -0.018105198 0.998657227 -0.048538476 -0.268551767 0.739860177 0.046035361 0.671183765 3.962064505
0.667856872 -0.024327677 -0.743892074 -2.370086908 -0.017481726 0.998677194 -0.048354842 -0.272335976 0.744084418 0.045298632 0.666548133 4.004055500
0.663925946 -0.025387201 -0.747367263 -2.417816162 -0.016089194 0.998707294 -0.048217822 -0.275513291 0.747625113 0.044037603 0.662659228 4.045074463
0.659684181 -0.025903692 -0.751096368 -2.465991497 -0.015625136 0.998717189 -0.048167076 -0.279341698 0.751380384 0.043511044 0.658433139 4.087119102
0.655405402 -0.028754238 -0.754729688 -2.513759136 -0.013215843 0.998685420 -0.049525246 -0.283077776 0.755161643 0.042433504 0.654163837 4.128971100
0.651453733 -0.033433516 -0.757951319 -2.560227871 -0.009909617 0.998568296 -0.052564476 -0.286697358 0.758623540 0.041754328 0.650189817 4.168308258
0.647210181 -0.037827715 -0.761372507 -2.607995272 -0.005970199 0.998485863 -0.054683384 -0.290001124 0.762288153 0.039937187 0.646004438 4.207658768
0.640469253 -0.041046988 -0.766886175 -2.657161713 -0.001536605 0.998500168 -0.054727245 -0.294228584 0.767982304 0.036229517 0.639445543 4.249271870
0.631743312 -0.044410687 -0.773904443 -2.705543995 0.002828668 0.998483062 -0.054989111 -0.298292458 0.775172532 0.032549888 0.630910516 4.290210724
0.622244298 -0.045729969 -0.781486213 -2.755300999 0.006589675 0.998562932 -0.053185653 -0.302334666 0.782795370 0.027944732 0.621651351 4.330876350
0.614217281 -0.043939915 -0.787912846 -2.806970119 0.006240918 0.998687863 -0.050829209 -0.306302369 0.789112270 0.026302874 0.613685429 4.368649483
0.605178833 -0.043588415 -0.794895470 -2.857971668 0.005184812 0.998694539 -0.050816465 -0.309853286 0.796072721 0.026631661 0.604614735 4.407329559
0.595771313 -0.044934396 -0.801896214 -2.910686970 0.004300474 0.998597860 -0.052761566 -0.314075291 0.803142607 0.027985292 0.595129192 4.445732594
0.585654199 -0.047533486 -0.809165895 -2.961278915 0.005643147 0.998493969 -0.054570954 -0.317832708 0.810541272 0.027393475 0.585040450 4.482499599
0.575872719 -0.049356841 -0.816048086 -3.015552998 0.006089547 0.998407125 -0.056089133 -0.321654201 0.817516685 0.027330838 0.575256050 4.520212650
0.566105485 -0.049801521 -0.822827101 -3.068892479 0.008730821 0.998479664 -0.054426070 -0.326022744 0.824286520 0.023626942 0.565679610 4.556003094
0.555650234 -0.050002456 -0.829911292 -3.122102737 0.010184765 0.998524249 -0.053342469 -0.330207795 0.831353784 0.021187302 0.555339634 4.592104435
0.545830905 -0.049884409 -0.836409092 -3.177155495 0.010111928 0.998545706 -0.052955501 -0.334891468 0.837834299 0.020447040 0.545541584 4.627158165
0.535059631 -0.051410396 -0.843248546 -3.231741428 0.009669801 0.998454034 -0.054737121 -0.338530838 0.844758928 0.021133585 0.534729540 4.661424637
0.524881005 -0.052712493 -0.849541843 -3.287323475 0.010290494 0.998400569 -0.055591021 -0.342866272 0.851113379 0.020436464 0.524583995 4.696284294
0.515095770 -0.053537037 -0.855458975 -3.343744278 0.008865999 0.998326778 -0.057139639 -0.346920371 0.857086718 0.021847893 0.514708638 4.729402542
0.505507290 -0.053634360 -0.861153781 -3.400308609 0.008621139 0.998330235 -0.057117276 -0.351221204 0.862779200 0.021449074 0.505125701 4.761469841
0.497170597 -0.050952304 -0.866155446 -3.457951546 0.006842200 0.998473406 -0.054808609 -0.356169403 0.867625833 0.021322824 0.496760339 4.794521332
0.487908363 -0.050601341 -0.871427000 -3.513671637 0.009126171 0.998559535 -0.052873872 -0.359727442 0.872847140 0.017844807 0.487667292 4.827274323
0.482460171 -0.049096256 -0.874540806 -3.573593140 0.006392961 0.998598635 -0.052533980 -0.364694595 0.875894606 0.019754646 0.482098013 4.856874466
0.473702312 -0.053274222 -0.879072189 -3.630177259 0.010272493 0.998435020 -0.054972440 -0.368886173 0.880625069 0.017010311 0.473508328 4.888367653
0.466582239 -0.056828685 -0.882650256 -3.689872503 0.013296661 0.998271644 -0.057244062 -0.373096049 0.884377778 0.014972762 0.466531545 4.920356750
0.460851073 -0.058786873 -0.885528326 -3.745413780 0.013486256 0.998152375 -0.059244972 -0.378282458 0.887374938 0.015360648 0.460792422 4.948487759
0.455204993 -0.062598057 -0.888183475 -3.803381920 0.016249070 0.997943461 -0.062005963 -0.383578986 0.890238345 0.013793270 0.455286115 4.978127956
0.450925529 -0.063650206 -0.890289187 -3.862678051 0.018982893 0.997912347 -0.061729886 -0.388255537 0.892359674 0.010935315 0.451192409 5.007337570
0.446582884 -0.060088828 -0.892722309 -3.920867920 0.019211205 0.998156250 -0.057575174 -0.393482119 0.894536018 0.008561816 0.446913898 5.036373615
0.442244023 -0.059504189 -0.894918621 -3.979851723 0.024361279 0.998225510 -0.054334518 -0.397643745 0.896563768 0.002227753 0.442908853 5.067048073
0.439431876 -0.058520995 -0.896367610 -4.035935402 0.025250405 0.998286009 -0.052796260 -0.402114362 0.897920907 0.000566715 0.440156370 5.093681335
0.436012238 -0.058996785 -0.898004830 -4.096773624 0.027884487 0.998255551 -0.052044116 -0.406320989 0.899508536 -0.002348532 0.436896712 5.124059677
0.433734089 -0.058855657 -0.899116635 -4.155208111 0.029933147 0.998254836 -0.050905421 -0.410419554 0.900543511 -0.004833975 0.434738964 5.151144981
0.430643260 -0.057402536 -0.900694907 -4.213688850 0.031410933 0.998323977 -0.048606284 -0.414880633 0.901975453 -0.007359693 0.431724638 5.180384636
0.429079235 -0.057943448 -0.901406467 -4.271227360 0.032887951 0.998280823 -0.048515625 -0.419272602 0.902667940 -0.008828362 0.430247158 5.207143784
0.425842047 -0.060955629 -0.902741849 -4.331307888 0.038245324 0.998048961 -0.049349912 -0.421007782 0.903988838 -0.013510384 0.427342504 5.235826969
0.423429281 -0.059062492 -0.904001772 -4.385594368 0.040420324 0.998110473 -0.046278387 -0.425725192 0.905026972 -0.016944420 0.425016522 5.262164116
0.421735197 -0.059035741 -0.904795170 -4.445012093 0.042727131 0.998063684 -0.045205675 -0.429132223 0.905711949 -0.019594477 0.423440844 5.288329124
0.420564562 -0.059967201 -0.905278623 -4.500666618 0.043643452 0.997995257 -0.045833498 -0.432493269 0.906212330 -0.020233542 0.422338575 5.313529968
0.419213712 -0.061549779 -0.905798852 -4.559763432 0.046806879 0.997837722 -0.046141163 -0.436948657 0.906680167 -0.023054615 0.421188116 5.340216637
0.419446886 -0.062284358 -0.905640662 -4.615256786 0.045541696 0.997830927 -0.047532033 -0.440586209 0.906636775 -0.021307245 0.421373636 5.364166260
0.419226587 -0.064041875 -0.905619979 -4.668869019 0.046558116 0.997712970 -0.049001791 -0.444570988 0.906687021 -0.021621104 0.421249509 5.389888763
0.421262294 -0.064050309 -0.904674232 -4.721875191 0.044985455 0.997750878 -0.049692553 -0.448106468 0.905822515 -0.019763580 0.423196226 5.414319992
0.425504208 -0.063202195 -0.902746737 -4.774506569 0.041819125 0.997865736 -0.050150387 -0.452842951 0.903989673 -0.016412871 0.427239150 5.439259529
0.430087835 -0.063176334 -0.900573850 -4.828604221 0.040545862 0.997893631 -0.050639905 -0.457472086 0.901876032 -0.014734934 0.431743473 5.465329170
0.436000884 -0.065249912 -0.897577584 -4.879144669 0.042280648 0.997752070 -0.051994182 -0.459923536 0.898952365 -0.015280656 0.437779605 5.489522457
0.443043441 -0.062818177 -0.894296527 -4.931117058 0.039609753 0.997939527 -0.050475314 -0.464311719 0.895624578 -0.013060104 0.444618821 5.515734673
0.450404823 -0.062447920 -0.890637815 -4.981208801 0.038800959 0.997977674 -0.050352097 -0.467284590 0.891980946 -0.011878781 0.451916873 5.540715694
0.458493769 -0.063254774 -0.886443675 -5.032234669 0.039259680 0.997931659 -0.050904106 -0.470300019 0.887829959 -0.011462282 0.460028768 5.567347527
0.468958765 -0.061047874 -0.881107748 -5.081874371 0.037248727 0.998087823 -0.049327709 -0.474920213 0.882434249 -0.009687475 0.470335931 5.592502594
0.479939610 -0.060856983 -0.875188231 -5.134194374 0.035186086 0.998123765 -0.050109908 -0.478937745 0.876595676 -0.006744715 0.481180340 5.619351387
0.488561213 -0.062835075 -0.870264292 -5.179828644 0.034222085 0.998016000 -0.052846994 -0.482351601 0.871858180 -0.003963264 0.489742309 5.646547318
0.500301182 -0.063354269 -0.863530517 -5.228575706 0.032733992 0.997990429 -0.054254141 -0.486665130 0.865232408 -0.001123386 0.501369715 5.673533440
0.511853993 -0.061899286 -0.856839597 -5.276449680 0.030109970 0.998080611 -0.054115817 -0.489880621 0.858544588 0.001899986 0.512735248 5.703149796
0.524931610 -0.060705259 -0.848976910 -5.323956966 0.030096231 0.998153567 -0.052763153 -0.493065774 0.850612223 0.002146042 0.525789261 5.731915951
0.538670480 -0.056816973 -0.840598583 -5.371981621 0.027350169 0.998376846 -0.049954906 -0.497353613 0.842072487 0.003918718 0.539350092 5.760552883
0.550897002 -0.055903424 -0.832698762 -5.418622017 0.027074642 0.998425901 -0.049117509 -0.500867963 0.834133923 0.004513666 0.551543474 5.790347099
0.562113106 -0.056266405 -0.825144231 -5.462829590 0.026361112 0.998395085 -0.050122369 -0.504157782 0.826640189 0.006422717 0.562694252 5.820370674
0.573321402 -0.056105498 -0.817407250 -5.506458282 0.025587887 0.998392045 -0.050580915 -0.508192420 0.818930924 0.008083395 0.573835254 5.850352764
0.584804296 -0.057406586 -0.809140503 -5.551327229 0.027628968 0.998323560 -0.050859906 -0.511874974 0.810703754 0.007387372 0.585409939 5.881660938
0.595777631 -0.057327028 -0.801101029 -5.594643116 0.028570300 0.998330832 -0.050193172 -0.515739381 0.802641213 0.007016269 0.596421003 5.913276196
0.606245995 -0.054719780 -0.793392420 -5.637185097 0.027105143 0.998472035 -0.048152458 -0.519174516 0.794815123 0.007687218 0.606802940 5.945403099
0.616884351 -0.051766582 -0.785349548 -5.678960800 0.027674569 0.998644233 -0.044087864 -0.522792459 0.786567152 0.005462903 0.617480576 5.977038383
0.626319468 -0.050843358 -0.777906716 -5.719798088 0.026559941 0.998683333 -0.043888815 -0.525670409 0.779113948 0.006827263 0.626845181 6.010301590
0.637137115 -0.050519716 -0.769092917 -5.760213375 0.024678335 0.998675048 -0.045156170 -0.528584599 0.770355344 0.009790733 0.637539625 6.041844368
0.645703197 -0.050147064 -0.761940062 -5.798824310 0.023188828 0.998668730 -0.046076074 -0.532098055 0.763236284 0.012082974 0.646006465 6.075872421
0.655803919 -0.048886020 -0.753346860 -5.837821007 0.022310859 0.998720229 -0.045386687 -0.535206854 0.754601479 0.012956948 0.656055331 6.107982635
0.664192498 -0.046975687 -0.746084213 -5.875906944 0.022264211 0.998824000 -0.043068495 -0.538616896 0.747229993 0.011994796 0.664457321 6.142811298
0.672760546 -0.045735467 -0.738445282 -5.912676811 0.022767162 0.998894572 -0.041124318 -0.541402221 0.739509881 0.010854522 0.673058271 6.176266193
0.680725455 -0.045299780 -0.731136620 -5.950305939 0.023000216 0.998915732 -0.040476475 -0.544179201 0.732177496 0.010737065 0.681029260 6.211795807
0.689257205 -0.045573641 -0.723081946 -5.985929489 0.023266915 0.998897254 -0.040778920 -0.546925783 0.724143147 0.011283273 0.689557433 6.244851112
0.695991099 -0.043757662 -0.716715872 -6.022442818 0.021245375 0.998959482 -0.040358435 -0.549373925 0.717736006 0.012862216 0.696196496 6.280160427
0.704181135 -0.041284274 -0.708819091 -6.057917595 0.020690057 0.999077320 -0.037635323 -0.552226543 0.709718823 0.011836573 0.704385638 6.313444614
0.710642517 -0.038047392 -0.702523768 -6.091646194 0.019270357 0.999214768 -0.034622569 -0.554822028 0.703289390 0.011066386 0.710817575 6.348495007
0.717845738 -0.036417443 -0.695249021 -6.124873638 0.018445898 0.999275267 -0.033297051 -0.557387590 0.695957720 0.011077655 0.717997313 6.382890701
0.725401759 -0.035803311 -0.687393904 -6.158322811 0.017903028 0.999289811 -0.033155665 -0.559929430 0.688092768 0.011744742 0.725527644 6.417613506
0.733578801 -0.032588828 -0.678822577 -6.190615177 0.014821857 0.999379218 -0.031960636 -0.562343240 0.679442763 0.013384232 0.733606517 6.451760292
0.742310941 -0.030106049 -0.669378817 -6.222070694 0.014504875 0.999477983 -0.028867366 -0.564592481 0.669898570 0.011719308 0.742360055 6.486029625
0.751424313 -0.026892357 -0.659271002 -6.252058983 0.013189525 0.999581635 -0.025740819 -0.566490173 0.659687459 0.010646807 0.751464605 6.520405293
0.761810184 -0.024108741 -0.647351503 -6.282393456 0.010761157 0.999640346 -0.024564877 -0.568782806 0.647710919 0.011747523 0.761795640 6.554635525
0.771508694 -0.023164934 -0.635796905 -6.310676098 0.008907088 0.999632299 -0.025612770 -0.570520222 0.636156440 0.014097375 0.771431327 6.588602543
0.781637311 -0.024247395 -0.623261631 -6.339479923 0.009064495 0.999580145 -0.027519850 -0.572253823 0.623667181 0.015860992 0.781529009 6.623857021
0.791520119 -0.023120413 -0.610705674 -6.366631508 0.008383598 0.999600828 -0.026977640 -0.574271917 0.611085653 0.016233431 0.791397989 6.658683300
0.801521301 -0.021860972 -0.597566485 -6.393061161 0.008437758 0.999645591 -0.025252717 -0.576251149 0.597906649 0.015198470 0.801421642 6.694266319
0.811494231 -0.018860482 -0.584056020 -6.418201923 0.007645756 0.999736190 -0.021660628 -0.578382909 0.584310532 0.013111921 0.811424375 6.729357719
0.821168840 -0.018300315 -0.570391774 -6.444196701 0.008409351 0.999765217 -0.019969644 -0.579519272 0.570623338 0.011601826 0.821129978 6.765919209
0.830288947 -0.016734857 -0.557081878 -6.468814850 0.008752053 0.999817431 -0.016990440 -0.580647051 0.557264507 0.009231363 0.830283761 6.801558018
0.838359714 -0.015955666 -0.544883788 -6.493209839 0.009372707 0.999845684 -0.014857304 -0.582291305 0.545036793 0.007348730 0.838379920 6.839353561
0.845555842 -0.016243588 -0.533639789 -6.517177582 0.010875625 0.999853730 -0.013202284 -0.583737433 0.533776224 0.005359603 0.845608830 6.876424313
0.852065027 -0.016149316 -0.523186684 -6.540288448 0.010930241 0.999854863 -0.013061683 -0.584875226 0.523321807 0.005410844 0.852117896 6.915059090
0.858914971 -0.015218187 -0.511892140 -6.562807560 0.009994525 0.999866128 -0.012955276 -0.586542845 0.512020767 0.006011361 0.858951926 6.952312946
0.865593255 -0.012803251 -0.500584185 -6.584654808 0.007837704 0.999897003 -0.012021294 -0.587513983 0.500686586 0.006482119 0.865604401 6.989702702
0.871577978 -0.012089123 -0.490107745 -6.607959747 0.007411131 0.999906600 -0.011484443 -0.588593960 0.490200728 0.006377339 0.871586144 7.031013966
0.877303183 -0.013299485 -0.479752243 -6.629775524 0.008752001 0.999893129 -0.011714180 -0.589604199 0.479856700 0.006078096 0.877325773 7.071185112
0.882236719 -0.014381310 -0.470586598 -6.650450230 0.009747242 0.999877036 -0.012282901 -0.591279745 0.470705420 0.006249505 0.882268250 7.110397816
0.886663437 -0.014436100 -0.462189943 -6.672016144 0.009468795 0.999869823 -0.013065162 -0.592003822 0.462318391 0.007208020 0.886684716 7.150507450
0.890115857 -0.013892781 -0.455522269 -6.692856789 0.009231864 0.999879897 -0.012455331 -0.593158364 0.455640584 0.006881370 0.890137255 7.191240311
0.893185794 -0.012147206 -0.449523747 -6.712258339 0.008671364 0.999914527 -0.009790425 -0.593238890 0.449604243 0.004846686 0.893214703 7.230972290
0.896379769 -0.007655064 -0.443220854 -6.734437466 0.006112275 0.999969244 -0.004909310 -0.594863951 0.443244874 0.001691519 0.896398962 7.273874283
0.899682820 -0.004610377 -0.436519772 -6.754653931 0.004385804 0.999989152 -0.001522256 -0.596302688 0.436522096 -0.000544943 0.899693310 7.315559387
0.902752697 -0.001890711 -0.430155635 -6.774317741 0.002356213 0.999997020 0.000549505 -0.596709609 0.430153280 -0.001509605 0.902754605 7.357724190
0.906101286 -0.000857591 -0.423059911 -6.797460556 0.002127559 0.999994516 0.002529660 -0.596745253 0.423055470 -0.003192214 0.906098187 7.403925896
0.909369409 0.001115248 -0.415988117 -6.817025185 0.001279879 0.999984086 0.005478793 -0.597112060 0.415987641 -0.005514661 0.909353554 7.447140694
0.912715495 0.001038841 -0.408594251 -6.838173389 0.002107000 0.999971449 0.007249008 -0.597220242 0.408590108 -0.007477191 0.912687421 7.493557453
0.916213393 0.000772593 -0.400689960 -6.858569622 0.002851026 0.999960244 0.008447204 -0.597509086 0.400680572 -0.008881819 0.916174769 7.539946079
0.919840157 0.000641917 -0.392292917 -6.879215717 0.003048885 0.999956846 0.008785209 -0.598319530 0.392281622 -0.009277043 0.919798434 7.587619305
0.923567891 -0.002380249 -0.383427531 -6.898853302 0.005887995 0.999950886 0.007974991 -0.597811043 0.383389771 -0.009623065 0.923536539 7.635923386
0.927454174 -0.003548602 -0.373920232 -6.917581558 0.006557679 0.999955535 0.006775510 -0.598107040 0.373879552 -0.008736023 0.927436054 7.683348179
0.931912005 -0.004961394 -0.362650514 -6.937595367 0.007051066 0.999965250 0.004438851 -0.597976208 0.362615824 -0.006693690 0.931914628 7.732892036
0.936861992 -0.003176302 -0.349684954 -6.955903053 0.004805518 0.999981344 0.003791600 -0.597991347 0.349666297 -0.005232624 0.936859727 7.782947063
0.942809343 0.000799947 -0.333331585 -6.974899292 0.000893143 0.999987483 0.004926027 -0.598750651 0.333331317 -0.004942018 0.942796707 7.834795952
0.949123621 0.004255327 -0.314875394 -6.991742134 -0.001842688 0.999966681 0.007959487 -0.599459171 0.314898819 -0.006974319 0.949099600 7.886741638
0.955615282 0.007209458 -0.294529259 -7.008815765 -0.004713581 0.999946773 0.009183146 -0.598866940 0.294579744 -0.007387267 0.955598295 7.938042164
0.961813092 0.008983891 -0.273559511 -7.024200439 -0.006384417 0.999925613 0.010391183 -0.599867165 0.273632497 -0.008247860 0.961798906 7.992739201
0.967565238 0.010083141 -0.252420336 -7.038564205 -0.007374430 0.999904752 0.011674728 -0.599616408 0.252513945 -0.009434606 0.967547238 8.042647362
0.972969055 0.010468140 -0.230697781 -7.051360130 -0.007332361 0.999868751 0.014445765 -0.599826396 0.230818748 -0.012363726 0.972918212 8.098614693
0.977994978 0.013438356 -0.208195299 -7.066135883 -0.009897212 0.999788284 0.018041169 -0.599092305 0.208393693 -0.015583622 0.977920890 8.162121773
0.982470095 0.016070675 -0.185726553 -7.077174664 -0.012130689 0.999677002 0.022330936 -0.599058509 0.186025441 -0.019686483 0.982347727 8.218901634
0.986434698 0.018005161 -0.163164005 -7.089447021 -0.014058276 0.999580741 0.025312200 -0.597422242 0.163551360 -0.022675028 0.986274242 8.281801224
0.989829361 0.020139446 -0.140827358 -7.097439766 -0.016731419 0.999538779 0.025342476 -0.597048163 0.141272798 -0.022728484 0.989709735 8.338528633
0.992791891 0.019503966 -0.118252888 -7.106663704 -0.016855314 0.999585092 0.023357194 -0.596292496 0.118659370 -0.021195641 0.992708743 8.398894310
0.995056808 0.019719075 -0.097329751 -7.113764763 -0.017637461 0.999597907 0.022201546 -0.595481038 0.097728401 -0.020375149 0.995004475 8.463307381
0.996875703 0.018201539 -0.076860741 -7.119981766 -0.016404649 0.999578655 0.023945566 -0.594055355 0.077264220 -0.022609880 0.996754229 8.523898125
0.998213053 0.018819552 -0.056714125 -7.123386383 -0.017381307 0.999517381 0.025747053 -0.593879879 0.057171296 -0.024715278 0.998058438 8.586384773
0.999162555 0.019050751 -0.036212631 -7.125753403 -0.018098311 0.999486208 0.026449615 -0.592920959 0.036697917 -0.025772071 0.998994052 8.648352623
0.999652803 0.020923307 -0.016019054 -7.126636982 -0.020482447 0.999419928 0.027207393 -0.591430187 0.016579036 -0.026869830 0.999501467 8.714046478
0.999745309 0.021887766 0.005506597 -7.129673481 -0.022031141 0.999379456 0.027484778 -0.590464234 -0.004901595 -0.027599094 0.999607027 8.780942917
0.999397397 0.023372125 0.025663927 -7.128456116 -0.024049852 0.999361575 0.026424440 -0.588677406 -0.025029941 -0.027025733 0.999321342 8.850639343
0.998665929 0.024312839 0.045555636 -7.125844479 -0.025495293 0.999348223 0.025557477 -0.588208735 -0.044904567 -0.026684834 0.998634815 8.916201591
0.997552872 0.024603639 0.065445453 -7.123421669 -0.026157416 0.999393463 0.022991482 -0.587227285 -0.064840086 -0.024647102 0.997591197 8.983128548
0.996040940 0.027695125 0.084472045 -7.118742943 -0.029476181 0.999367118 0.019910498 -0.585312009 -0.083867162 -0.022321582 0.996226966 9.047343254
0.994300604 0.026992220 0.103139438 -7.111824036 -0.029040903 0.999408603 0.018413218 -0.585305810 -0.102581449 -0.021303536 0.994496465 9.115353584
0.992098570 0.027267065 0.122461900 -7.104652405 -0.029329091 0.999456286 0.015066836 -0.584985256 -0.121984497 -0.018539483 0.992358923 9.186107635
0.989653051 0.028146634 0.140692919 -7.095192432 -0.029815922 0.999507666 0.009770525 -0.585230529 -0.140348643 -0.013864320 0.990005016 9.252043724
0.986927748 0.030360714 0.158277869 -7.085540771 -0.031274606 0.999505460 0.003285841 -0.584955752 -0.158099860 -0.008192965 0.987389147 9.316487312
0.983832002 0.032666285 0.176089466 -7.072197914 -0.032784805 0.999459922 -0.002236998 -0.585521400 -0.176067442 -0.003572227 0.984371603 9.396263123
0.980485141 0.035087451 0.193436652 -7.059002399 -0.034576703 0.999383926 -0.006016957 -0.587855518 -0.193528578 -0.000788864 0.981094241 9.468839645
0.976712883 0.037386522 0.211267754 -7.046037674 -0.036246948 0.999299943 -0.009265413 -0.587938488 -0.211466268 0.001391836 0.977384210 9.539944649
0.972781539 0.036348075 0.228855625 -7.029754162 -0.035180118 0.999338806 -0.009182566 -0.588307917 -0.229038090 0.000881464 0.973416984 9.608391762
0.968556166 0.036426291 0.246114045 -7.011002541 -0.035038706 0.999335766 -0.010016238 -0.590552986 -0.246315405 0.001077772 0.969189048 9.688618660
0.964098275 0.036507770 0.263023943 -6.990793705 -0.033814304 0.999319136 -0.014761405 -0.594598949 -0.263383806 0.005337473 0.964676321 9.763235092
0.959627688 0.038234841 0.278662562 -6.969289780 -0.034284014 0.999230742 -0.019039297 -0.598294616 -0.279176146 0.008716967 0.960200310 9.837064743
0.954345763 0.040013712 0.296012014 -6.949716568 -0.035738524 0.999164164 -0.019841624 -0.596310616 -0.296558559 0.008356739 0.954978049 9.910894394
0.948631644 0.043241065 0.313413680 -6.926027298 -0.038699180 0.999036431 -0.020701505 -0.599819541 -0.314006805 0.007509251 0.949391007 9.983282089
0.942607701 0.046359543 0.330668092 -6.900542259 -0.040715702 0.998883009 -0.023978215 -0.601294160 -0.331410348 0.009138668 0.943442404 10.055107117
0.936117172 0.047809906 0.348423600 -6.876468182 -0.040668406 0.998786211 -0.027786564 -0.603945553 -0.349329144 0.011841649 0.936925232 10.131354332
0.929709613 0.048412997 0.365097553 -6.846479893 -0.040116586 0.998736084 -0.030279670 -0.607502282 -0.366102010 0.013504827 0.930476725 10.208681107
0.922758460 0.047826797 0.382399589 -6.816259861 -0.036986850 0.998679519 -0.035653062 -0.610628009 -0.383599728 0.018755406 0.923308969 10.283481598
0.914562941 0.051565021 0.401142925 -6.786389351 -0.038028754 0.998408794 -0.041639194 -0.614956975 -0.402651668 0.022826690 0.915068567 10.354187965
0.905356467 0.055530019 0.421006203 -6.748241901 -0.040357541 0.998177290 -0.044870708 -0.621054888 -0.422730446 0.023633204 0.905947268 10.426576614
0.893284082 0.058499090 0.445669502 -6.718040943 -0.042107027 0.998025596 -0.046604142 -0.624573588 -0.447515875 0.022864925 0.893983603 10.504852295
0.880127847 0.063005567 0.470537335 -6.682194710 -0.044810999 0.997754276 -0.049782827 -0.629645824 -0.472617209 0.022729998 0.880974650 10.578620911
0.865674675 0.066698730 0.496143758 -6.646808147 -0.046216562 0.997500002 -0.053459249 -0.633076727 -0.498468965 0.023348261 0.866593122 10.650534630
0.851564944 0.071439676 0.519358695 -6.599915504 -0.049079657 0.997184575 -0.056693044 -0.639866590 -0.521946609 0.022787862 0.852673709 10.724443436
0.836410999 0.072835080 0.543241739 -6.556927681 -0.048414569 0.997074962 -0.059140436 -0.645792484 -0.545960188 0.023164896 0.837490857 10.795536041
0.820556939 0.075111933 0.566607714 -6.512254715 -0.048367567 0.996896744 -0.062107358 -0.650665343 -0.569514394 0.023557190 0.821643710 10.864650726
0.804900169 0.077053055 0.588386416 -6.463157177 -0.046452865 0.996672750 -0.066974267 -0.658535838 -0.591589272 0.026575360 0.805801392 10.933860779
0.788124561 0.079341970 0.610380650 -6.418195724 -0.044216428 0.996393085 -0.072426520 -0.664756775 -0.613925517 0.030092275 0.788790107 11.002112389
0.772462726 0.081258923 0.629839897 -6.363018513 -0.043085299 0.996200681 -0.075683333 -0.672060668 -0.633596897 0.031325720 0.773028851 11.066066742
