0.999764085 -0.007521529 0.020380951 0.001464174 0.007527339 0.999971628 -0.000208297 -0.000546816 -0.020378808 0.000361662 0.999792278 0.041514955
0.999790788 -0.009035238 0.018350128 0.001732155 0.009068565 0.999957383 -0.001733746 -0.000695408 -0.018333681 0.001899793 0.999830127 0.055983610
0.999864280 -0.011482396 0.011812347 0.001705474 0.011517590 0.999929368 -0.002915791 -0.000956602 -0.011778033 0.003051445 0.999925911 0.070894517
0.999909580 -0.013339682 -0.001710989 0.001961317 0.013330355 0.999896765 -0.005350417 -0.000855270 0.001782185 0.005327126 0.999984205 0.090828314
0.999782383 -0.012401370 -0.016774241 0.000384966 0.012317865 0.999911249 -0.005072424 -0.001430092 0.016835656 0.004864698 0.999846399 0.101545408
0.999325812 -0.007831376 -0.035869569 -0.001217116 0.007650557 0.999957323 -0.005175513 -0.001629401 0.035908580 0.004897600 0.999343097 0.117574692
0.998391628 -0.004379370 -0.056523509 -0.002827126 0.003996753 0.999968350 -0.006880459 -0.001631950 0.056551851 0.006643482 0.998377621 0.134625599
0.997100174 -0.004122506 -0.075987726 -0.004917368 0.003622983 0.999970913 -0.006710405 -0.002136148 0.076013170 0.006415644 0.997086167 0.151219234
0.995236993 -0.005606519 -0.097322822 -0.007189865 0.005094297 0.999971747 -0.005510807 -0.002753823 0.097350977 0.004988768 0.995237589 0.169519410
0.993170619 -0.006976164 -0.116462015 -0.010156947 0.006379204 0.999964535 -0.005497750 -0.002443021 0.116496243 0.004717269 0.993179917 0.186812386
0.990898907 -0.005754713 -0.134485319 -0.013634770 0.005128673 0.999974310 -0.005001069 -0.002787129 0.134510651 0.004265822 0.990902901 0.206331596
0.988646269 -0.004769358 -0.150186002 -0.016704982 0.004212196 0.999983013 -0.004027706 -0.003193978 0.150202692 0.003349362 0.988649547 0.224700466
0.986542583 -0.003965196 -0.163456157 -0.021256650 0.003305378 0.999985218 -0.004308445 -0.003498279 0.163470805 0.003710181 0.986541212 0.245359600
0.984424591 -0.005529601 -0.175720423 -0.024350606 0.004733355 0.999976456 -0.004950139 -0.003831221 0.175743699 0.004041292 0.984427691 0.264348924
0.982688367 -0.009443481 -0.185025439 -0.028588686 0.008224941 0.999939084 -0.007352240 -0.004081937 0.185083628 0.005703139 0.982706189 0.285465688
0.981108785 -0.008506813 -0.193269268 -0.032812040 0.006887649 0.999935329 -0.009048148 -0.004528900 0.193333730 0.007546049 0.981103957 0.306966752
0.979528546 -0.008151953 -0.201139927 -0.037606090 0.006163432 0.999925792 -0.010510540 -0.005023541 0.201210678 0.009055661 0.979506075 0.328658342
0.977883637 -0.009422038 -0.208937243 -0.042751092 0.006771600 0.999887347 -0.013397023 -0.005401513 0.209039956 0.011685893 0.977837265 0.351651102
0.976221681 -0.013636198 -0.216345221 -0.048255000 0.010644110 0.999831021 -0.014989382 -0.005884890 0.216513023 0.012330159 0.976201832 0.375304848
0.974268794 -0.020412460 -0.224462673 -0.053524315 0.017225524 0.999721169 -0.016147332 -0.006536853 0.224729687 0.011865355 0.974348903 0.399336100
0.972283304 -0.020701936 -0.232887223 -0.059612527 0.016864242 0.999687314 -0.018458039 -0.007280302 0.233196527 0.014018976 0.972328544 0.423625588
0.970236182 -0.016486276 -0.241599143 -0.066801593 0.011295862 0.999675035 -0.022853002 -0.007925755 0.241897419 0.019443737 0.970107019 0.448967665
0.968174994 -0.013508499 -0.249909535 -0.074363068 0.007471470 0.999657273 -0.025089802 -0.009074274 0.250162810 0.022424128 0.967944145 0.474477440
0.965728641 -0.016298557 -0.259041548 -0.081188068 0.009503286 0.999577641 -0.027463073 -0.009704351 0.259379804 0.024060126 0.965475798 0.501007438
0.963500321 -0.018596685 -0.267060339 -0.089122161 0.010949770 0.999487042 -0.030094473 -0.010593122 0.267483085 0.026071787 0.963209808 0.527577341
0.961163878 -0.018753778 -0.275340378 -0.096957996 0.010196320 0.999420404 -0.032478243 -0.011720140 0.275789887 0.028409459 0.960798025 0.555047810
0.958821535 -0.017815877 -0.283449769 -0.105828494 0.007927216 0.999320507 -0.035995733 -0.012844655 0.283898503 0.032266524 0.958311260 0.582448304
0.956477284 -0.019302497 -0.291167587 -0.114619203 0.007649628 0.999125421 -0.041106626 -0.014276468 0.291706473 0.037090234 0.955788493 0.611477375
0.954683006 -0.020116195 -0.296943903 -0.123909965 0.005971421 0.998807013 -0.048464999 -0.016023247 0.297564566 0.044495534 0.953664303 0.640484333
0.953517973 -0.021063674 -0.300599128 -0.134057313 0.004159079 0.998378873 -0.056765866 -0.017567495 0.301307529 0.052877057 0.952059746 0.669717014
0.952157795 -0.022144744 -0.304803491 -0.143927127 0.002420659 0.997886419 -0.064937219 -0.019750511 0.305597335 0.061092645 0.950198829 0.699671268
0.951024652 -0.020823900 -0.308412939 -0.155028820 -0.002206503 0.997245669 -0.074137554 -0.021837033 0.309107304 0.071187153 0.948359072 0.729411960
0.949594259 -0.019517841 -0.312873513 -0.165720791 -0.006292154 0.996672094 -0.081272066 -0.024295494 0.313418567 0.079144135 0.946311295 0.761622488
0.948094547 -0.018104181 -0.317472786 -0.176107794 -0.010443795 0.996066570 -0.087990761 -0.027112119 0.317817062 0.086739175 0.944176197 0.791668355
0.946590781 -0.015803011 -0.322049886 -0.188905180 -0.015193265 0.995502770 -0.093506463 -0.030543786 0.322079241 0.093405351 0.942093670 0.823516369
0.944874525 -0.014063622 -0.327130437 -0.200165734 -0.019472983 0.994895220 -0.099016622 -0.033461552 0.326853096 0.099928483 0.939777315 0.855231225
0.943123162 -0.012645004 -0.332202882 -0.212688237 -0.022563288 0.994537354 -0.101913303 -0.036996409 0.331676841 0.103612386 0.937685907 0.888672948
0.941481650 -0.010533990 -0.336899549 -0.225711673 -0.025824362 0.994319439 -0.103257231 -0.040715758 0.336073488 0.105915010 0.935861468 0.920735657
0.939404249 -0.009892946 -0.342668563 -0.237413079 -0.026936354 0.994363010 -0.102551870 -0.044510502 0.341751456 0.105567925 0.933842242 0.952362895
0.937157333 -0.011018570 -0.348732978 -0.250537813 -0.025637543 0.994624674 -0.100322440 -0.048676308 0.347963840 0.102958575 0.931837261 0.984515250
0.934727430 -0.008951506 -0.355252713 -0.265264928 -0.028093627 0.994692504 -0.098982707 -0.052038629 0.354253262 0.102502190 0.929514885 1.020847797
0.931373179 -0.009205936 -0.363949299 -0.277279645 -0.027588429 0.995021105 -0.095769428 -0.056117013 0.363018930 0.099237882 0.926482141 1.053569674
0.928129792 -0.006963211 -0.372191429 -0.291213334 -0.028606633 0.995534301 -0.089961186 -0.060028948 0.371155798 0.094142810 0.923785985 1.088000536
0.924669564 -0.005537262 -0.380730420 -0.306670994 -0.028699016 0.996036649 -0.084186673 -0.064190753 0.379687607 0.088771440 0.920845807 1.121184587
0.921096623 0.000317942 -0.389333963 -0.321705431 -0.034671608 0.996093512 -0.081213579 -0.066727623 0.387787223 0.088304378 0.917509317 1.155145884
0.917383969 0.000695413 -0.398002684 -0.337380052 -0.035234116 0.996214151 -0.079472929 -0.069646314 0.396440625 0.086930461 0.913935363 1.188955188
0.913751304 -0.000153662 -0.406274110 -0.354238451 -0.034453209 0.996368289 -0.077865586 -0.073842421 0.404810607 0.085147217 0.910427570 1.222049832
0.909563303 0.001003914 -0.415564269 -0.370694846 -0.036421400 0.996341586 -0.077310145 -0.076685786 0.413966298 0.085453890 0.906272292 1.260349512
0.905708432 0.001589637 -0.423898578 -0.387782037 -0.036965445 0.996479750 -0.075244114 -0.079946563 0.422286630 0.083818801 0.902578771 1.294618368
0.902193010 0.000594644 -0.431332290 -0.405467689 -0.035335090 0.996739805 -0.072534263 -0.083248191 0.429882914 0.080681056 0.899272680 1.328626990
0.898309171 0.001871625 -0.439359695 -0.424131632 -0.035568941 0.997018576 -0.068476625 -0.087229595 0.437921584 0.077140756 0.895697474 1.367326736
0.894266248 0.002211475 -0.447529703 -0.442547232 -0.033986174 0.997435749 -0.062983274 -0.090048730 0.446242809 0.071533650 0.892048299 1.403822184
0.890758157 0.004680147 -0.454453379 -0.462653399 -0.035348386 0.997631311 -0.059011143 -0.092935957 0.453100681 0.068628855 0.888813734 1.440945029
0.887335598 0.003432571 -0.461111337 -0.482284963 -0.033379838 0.997827113 -0.056806266 -0.095685281 0.459914356 0.065798044 0.885522068 1.477526188
0.883856177 0.003320328 -0.467746943 -0.502357244 -0.033417951 0.997867823 -0.056063257 -0.098313227 0.466563463 0.065183006 0.882082582 1.515373230
0.880962253 0.006059943 -0.473147601 -0.522992492 -0.035742383 0.997913599 -0.053768408 -0.101756595 0.471834600 0.064279370 0.879340827 1.552082539
0.877930522 0.002907685 -0.478779256 -0.545398235 -0.032111485 0.998087585 -0.052820858 -0.104009293 0.477710038 0.061747339 0.876344919 1.592357159
0.875316739 0.001916790 -0.483546108 -0.567321897 -0.031102613 0.998144567 -0.052345384 -0.106874496 0.482548565 0.060858335 0.873752356 1.630287886
0.873249233 -0.000391656 -0.487273812 -0.590210855 -0.029106870 0.998172104 -0.052965045 -0.109355159 0.486404002 0.060434688 0.871641397 1.671416163
0.872207642 0.000378263 -0.489135653 -0.613505185 -0.030060060 0.998151064 -0.052830018 -0.112216696 0.488211334 0.060782194 0.870606184 1.710682392
0.871486783 0.000788026 -0.490418613 -0.636887133 -0.030427301 0.998158991 -0.052466229 -0.114942461 0.489474416 0.060645729 0.869906247 1.751805782
0.871160507 0.000527682 -0.490998060 -0.660004973 -0.029240649 0.998280287 -0.050807800 -0.117654160 0.490126818 0.058618851 0.869677782 1.792644858
0.870810509 -0.001051185 -0.491617709 -0.684900999 -0.026993681 0.998386919 -0.049949110 -0.120756090 0.490877211 0.056766778 0.869377434 1.835836053
0.870487034 -0.002561669 -0.492184669 -0.709953308 -0.025778119 0.998376667 -0.050787903 -0.123469628 0.491515815 0.056897804 0.869008005 1.877684116
0.869298697 -0.004346948 -0.494268030 -0.735239804 -0.024136830 0.998395085 -0.051231489 -0.126524508 0.493697405 0.056465529 0.867798626 1.921499729
0.867986143 -0.003651751 -0.496575087 -0.760100842 -0.024163324 0.998477936 -0.049578849 -0.129265413 0.496000290 0.055032652 0.866576672 1.963384509
0.865826786 -0.002880326 -0.500335693 -0.785757661 -0.023092939 0.998687685 -0.045711357 -0.132285714 0.499810874 0.051132336 0.864623904 2.007194996
0.863130152 -0.003827830 -0.504967034 -0.810986280 -0.019608559 0.998963058 -0.041089028 -0.135529518 0.504600585 0.045366857 0.862160087 2.049286842
0.858900607 -0.004683001 -0.512120783 -0.837226510 -0.017870979 0.999075294 -0.039108083 -0.138371944 0.511830389 0.042742059 0.858022690 2.093282461
0.853871644 -0.007041858 -0.520435870 -0.863783717 -0.017179115 0.998982430 -0.041702464 -0.141092271 0.520199776 0.044549178 0.852881908 2.135778427
0.848103762 -0.010980496 -0.529716432 -0.890482783 -0.014979408 0.998888671 -0.044688791 -0.144133836 0.529618382 0.045835570 0.846996784 2.176808357
0.841835320 -0.010754587 -0.539627314 -0.917862535 -0.015526433 0.998905182 -0.044129550 -0.146533415 0.539511144 0.045528308 0.840746582 2.219600677
0.836248100 -0.006849241 -0.548308492 -0.946669102 -0.017401615 0.999086916 -0.039020106 -0.148929745 0.548075020 0.042171948 0.835365355 2.262844086
0.831501126 -0.000988589 -0.555522263 -0.974466503 -0.021605533 0.999184310 -0.034117103 -0.151953489 0.555102766 0.040370766 0.830801487 2.302379608
0.827056766 -0.003148353 -0.562109590 -1.005333662 -0.020663727 0.999138176 -0.035999585 -0.154562667 0.561738491 0.041388966 0.826278925 2.347157001
0.823635459 -0.004918898 -0.567098260 -1.034119725 -0.021962101 0.998935699 -0.040561613 -0.156980157 0.566694200 0.045862652 0.822650790 2.387861967
0.820101142 -0.007988910 -0.572162926 -1.061635375 -0.023381040 0.998599648 -0.047455959 -0.159548745 0.571740806 0.052296445 0.818765938 2.429125786
0.817420900 -0.008216796 -0.575982213 -1.092574239 -0.024354160 0.998511374 -0.048807342 -0.162427008 0.575525820 0.053923711 0.816003799 2.470133305
0.814514160 -0.006991800 -0.580101430 -1.122311831 -0.023212956 0.998733819 -0.044630516 -0.165203065 0.579679012 0.049818061 0.813320577 2.509006023
0.811083257 -0.003859707 -0.584917963 -1.152412891 -0.023874765 0.998926401 -0.039697856 -0.168102637 0.584443271 0.046163041 0.810120404 2.552710772
0.807973444 -0.002009314 -0.589215457 -1.182051420 -0.024686908 0.999000609 -0.037259154 -0.170015335 0.588701546 0.044650313 0.807116449 2.593910694
0.804918230 -0.001822433 -0.593382895 -1.212536573 -0.024999406 0.999003291 -0.036979649 -0.173170075 0.592858851 0.044599816 0.804070413 2.632966518
0.801584303 -0.003275708 -0.597872913 -1.242957354 -0.024830751 0.998939872 -0.038764387 -0.175709695 0.597365916 0.045918550 0.800653040 2.671787262
0.797545850 -0.006233639 -0.603226185 -1.273429155 -0.023293739 0.998882532 -0.041119725 -0.178310305 0.602808475 0.046846259 0.796509504 2.712090731
0.793394148 -0.006114743 -0.608677685 -1.303691030 -0.024153413 0.998845756 -0.041517638 -0.180625975 0.608228922 0.047641490 0.792330682 2.750225544
0.788749814 -0.007446244 -0.614669263 -1.336473227 -0.021825613 0.998956919 -0.040108446 -0.183944702 0.614326775 0.045051064 0.787764609 2.792304993
0.784069359 -0.006660736 -0.620637476 -1.368196964 -0.022534246 0.998977661 -0.039189287 -0.186669707 0.620263994 0.044712719 0.783117771 2.831130266
0.778473556 -0.008223305 -0.627623558 -1.400546908 -0.021996377 0.998942554 -0.040371668 -0.189384490 0.627291858 0.045233715 0.777469516 2.871598005
0.772855699 -0.009819238 -0.634505868 -1.432677269 -0.021426614 0.998906374 -0.041557036 -0.191654935 0.634219944 0.045712907 0.771800041 2.911066771
0.767717838 -0.010762613 -0.640697658 -1.465436578 -0.021010581 0.998898506 -0.041955762 -0.194842905 0.640443504 0.045671605 0.766646087 2.948462963
0.761568129 -0.013162118 -0.647951186 -1.498120666 -0.019468334 0.998877823 -0.043172717 -0.197294861 0.647792280 0.045493491 0.760457337 2.987161875
0.756134152 -0.014305252 -0.654260278 -1.532848120 -0.019416813 0.998830497 -0.044279363 -0.200207815 0.654128551 0.046184793 0.754972041 3.025859118
0.750215590 -0.016607696 -0.660984635 -1.567555189 -0.016911400 0.998875558 -0.044291824 -0.203029692 0.660976946 0.044406597 0.749091089 3.064318657
0.743984640 -0.014963171 -0.668029070 -1.602658033 -0.017955180 0.998940527 -0.042371947 -0.206123024 0.667955399 0.043518666 0.742927730 3.102382660
0.737374961 -0.015292487 -0.675310433 -1.636129141 -0.017594181 0.998969674 -0.041832965 -0.208684444 0.675254405 0.042728119 0.736346185 3.139490604
0.730832219 -0.017661465 -0.682328463 -1.673628807 -0.015686713 0.998966515 -0.042659171 -0.211668462 0.682376742 0.041880190 0.729799867 3.178863525
0.724660814 -0.019033723 -0.688842773 -1.709549904 -0.016316224 0.998864353 -0.044764694 -0.214102730 0.688912511 0.043678537 0.723527253 3.215579271
0.718371630 -0.018065687 -0.695424974 -1.748543501 -0.017804151 0.998857856 -0.044339862 -0.217469305 0.695431709 0.044233948 0.717229486 3.255471230
0.713223875 -0.017548198 -0.700716674 -1.786848664 -0.018264448 0.998881817 -0.043605663 -0.220351413 0.700698376 0.043898791 0.712105930 3.292802811
0.707922280 -0.018255400 -0.706054449 -1.822617650 -0.017122585 0.998928607 -0.042995688 -0.223430246 0.706082880 0.042527087 0.706851125 3.329844475
0.703398228 -0.017960791 -0.710568964 -1.862646103 -0.019278456 0.998830855 -0.044330977 -0.226251930 0.710534513 0.044881009 0.702229559 3.367458820
0.698280334 -0.019838048 -0.715549409 -1.900514603 -0.019365860 0.998726487 -0.046587385 -0.229472727 0.715562403 0.046388287 0.697006881 3.403744221
0.693193376 -0.022618875 -0.720396638 -1.940127611 -0.018963804 0.998589039 -0.049601208 -0.232080847 0.720502138 0.048044689 0.691786408 3.441444874
0.688322544 -0.022959763 -0.725041330 -1.979759574 -0.019871483 0.998527110 -0.050485313 -0.235165507 0.725132585 0.049157824 0.686852515 3.477325916
0.683196664 -0.022980923 -0.729872704 -2.019336939 -0.018279269 0.998653293 -0.048554096 -0.238793761 0.730005562 0.046513539 0.681856513 3.515107393
0.677853942 -0.025169030 -0.734765649 -2.056969166 -0.014758240 0.998746634 -0.047826704 -0.240817845 0.735048473 0.043263361 0.676632822 3.550831556
0.673297405 -0.023441032 -0.739000082 -2.101347208 -0.017826894 0.998692036 -0.047920395 -0.245292500 0.739156783 0.045438755 0.671998918 3.588545561
0.668396413 -0.025061408 -0.743382931 -2.141045094 -0.015706003 0.998733819 -0.047791678 -0.248377889 0.743639350 0.043619368 0.667156577 3.624287367
0.663931906 -0.026377276 -0.747327626 -2.183850765 -0.014580525 0.998731077 -0.048204131 -0.251304388 0.747650802 0.042900693 0.662704885 3.662238836
0.660102248 -0.027329251 -0.750678420 -2.225454807 -0.012759550 0.998785853 -0.047581855 -0.254619658 0.751067400 0.040987216 0.658952117 3.698544264
0.655978322 -0.030797947 -0.754151106 -2.266539097 -0.009677236 0.998741806 -0.049204007 -0.257577866 0.754717708 0.039574858 0.654854953 3.734279633
0.652098894 -0.034690429 -0.757339716 -2.309236526 -0.007573250 0.998604655 -0.052262574 -0.261358023 0.758096039 0.039815895 0.650926232 3.769576311
0.647040546 -0.038655192 -0.761475027 -2.350656509 -0.003167848 0.998569071 -0.053382725 -0.264977753 0.762449026 0.036953025 0.645992279 3.804427147
0.641060829 -0.042746160 -0.766298652 -2.392298222 0.002372906 0.998553395 -0.053716831 -0.268218994 0.767486393 0.032617405 0.640234947 3.838124752
0.632234693 -0.045495391 -0.773439944 -2.436320305 0.005899226 0.998528183 -0.053913336 -0.272293657 0.774754465 0.029523188 0.631572485 3.875452042
0.623051226 -0.046045206 -0.780824482 -2.479281425 0.006961240 0.998552680 -0.053329974 -0.274997413 0.782149971 0.027791802 0.622470081 3.910039425
0.614486754 -0.045110505 -0.787636399 -2.524184227 0.008882606 0.998696208 -0.050268695 -0.278890580 0.788877130 0.023893187 0.614086270 3.944154739
0.605549335 -0.044311251 -0.794573128 -2.568991184 0.007927695 0.998735070 -0.049655072 -0.282957554 0.795768261 0.023769464 0.605134547 3.977640629
0.597076118 -0.045963172 -0.800866783 -2.614930391 0.007178393 0.998623192 -0.051961012 -0.286101192 0.802152514 0.025275741 0.596584082 4.008801460
0.586563885 -0.048595611 -0.808443725 -2.661556005 0.008027714 0.998498023 -0.054195315 -0.289437681 0.809863150 0.025299063 0.586073041 4.043846607
0.576941490 -0.049805511 -0.815265536 -2.707624674 0.008968323 0.998465300 -0.054650754 -0.293446958 0.816736221 0.024218725 0.576502740 4.075712681
0.566457033 -0.050480686 -0.822543621 -2.754572868 0.012116144 0.998524308 -0.052936900 -0.297065526 0.824002087 0.020020422 0.566232800 4.108009815
0.556482971 -0.051361144 -0.829269886 -2.802669525 0.013784856 0.998520851 -0.052593414 -0.300644964 0.830744565 0.017835977 0.556367874 4.140509129
0.547389925 -0.052599169 -0.835223019 -2.852781534 0.013057942 0.998438179 -0.054319896 -0.303503424 0.836775780 0.018827874 0.547221899 4.170511246
0.536039829 -0.053784382 -0.842477620 -2.899725914 0.014332946 0.998404384 -0.054619301 -0.307528317 0.844070911 0.017202936 0.535955310 4.202218533
0.526126862 -0.053198591 -0.848740518 -2.949419022 0.012351968 0.998414159 -0.054923177 -0.311866283 0.850316405 0.018412938 0.525949597 4.232406616
0.515896142 -0.054129343 -0.854939222 -3.000147343 0.011567161 0.998350859 -0.056229278 -0.315826535 0.856573045 0.019119250 0.515671372 4.263085842
0.506864429 -0.053619813 -0.860356569 -3.050067902 0.010042705 0.998363078 -0.056304283 -0.319853485 0.861967444 0.019898325 0.506573141 4.291089058
0.497779101 -0.052668661 -0.865703225 -3.100933075 0.010226811 0.998441458 -0.054863926 -0.323238403 0.867243588 0.018456731 0.497541815 4.320293903
0.490427136 -0.049876526 -0.870053768 -3.151962280 0.010002072 0.998617291 -0.051608618 -0.327726245 0.871424794 0.016607927 0.490247965 4.347803116
0.483305961 -0.050008334 -0.874022007 -3.203245163 0.009084548 0.998599827 -0.052112762 -0.331431180 0.875404358 0.017246315 0.483083636 4.375070572
0.475052565 -0.053060278 -0.878356218 -3.254952431 0.011352641 0.998466849 -0.054176003 -0.335161448 0.879884183 0.015764782 0.474926561 4.403464317
0.467995346 -0.057050832 -0.881887496 -3.307033539 0.014911149 0.998281777 -0.056667604 -0.338902235 0.883605182 0.013370221 0.468041897 4.430565834
0.462486923 -0.059083089 -0.884655297 -3.359132051 0.015278134 0.998160064 -0.058676455 -0.343158484 0.886494458 0.013621212 0.462538689 4.457186699
0.456613719 -0.063734382 -0.887379169 -3.411298513 0.018079955 0.997889400 -0.062368277 -0.346820235 0.889481366 0.012434436 0.456802338 4.483632088
0.452034086 -0.064123042 -0.889692903 -3.462626219 0.020794040 0.997899294 -0.061356805 -0.351718783 0.891758263 0.009235062 0.452417821 4.510176659
0.448726416 -0.061196916 -0.891571403 -3.515384674 0.021114917 0.998100102 -0.057881881 -0.355719090 0.893419623 0.007147677 0.449166119 4.535855293
0.444257468 -0.059753649 -0.893904269 -3.567271233 0.024740187 0.998210967 -0.054430589 -0.359654754 0.895557523 0.002065839 0.444941014 4.562195301
0.440697819 -0.059513211 -0.895680547 -3.618880272 0.027518364 0.998226523 -0.052787118 -0.363916576 0.897233665 -0.001384497 0.441553950 4.587317944
0.437478870 -0.059571814 -0.897253275 -3.671853542 0.028914157 0.998219132 -0.052177459 -0.367467701 0.898763835 -0.003116788 0.438422263 4.613099098
0.434216589 -0.058992665 -0.898874760 -3.722470522 0.031690497 0.998236001 -0.050205059 -0.371287167 0.900250912 -0.006685918 0.435320109 4.638617516
0.432667285 -0.058056612 -0.899682403 -3.775760651 0.032360680 0.998281419 -0.048856597 -0.374896169 0.900972664 -0.007975678 0.433802545 4.662674904
0.430859774 -0.058620870 -0.900512874 -3.827460766 0.034001298 0.998233914 -0.048713967 -0.378895074 0.901778102 -0.009629713 0.432092071 4.686767578
0.427973360 -0.059373535 -0.901839018 -3.878010511 0.036922880 0.998155355 -0.048192635 -0.382073760 0.903036833 -0.012673329 0.429376155 4.711166859
0.426347911 -0.058658816 -0.902655423 -3.928888083 0.040315170 0.998135805 -0.045821670 -0.385559022 0.903660417 -0.016854735 0.427917987 4.734031677
0.424113482 -0.057269957 -0.903796494 -3.979959488 0.040715430 0.998195052 -0.044145584 -0.389452219 0.904693246 -0.018075723 0.425679862 4.758141994
0.421802104 -0.058577459 -0.904793739 -4.028476238 0.042761087 0.998085499 -0.044682678 -0.392780811 0.905678988 -0.019842718 0.423499465 4.781268120
0.421310633 -0.060205169 -0.904915869 -4.079931736 0.045143954 0.997949362 -0.045376688 -0.396044791 0.905792117 -0.021733802 0.423164546 4.804220200
0.420565754 -0.061583068 -0.905169547 -4.129390240 0.046220686 0.997852385 -0.046413373 -0.399765879 0.906083882 -0.022317691 0.422508925 4.826956272
0.421685874 -0.062384732 -0.904593408 -4.176466465 0.044359200 0.997855186 -0.048137970 -0.402931392 0.905656278 -0.019827949 0.423548728 4.847998619
0.424073637 -0.062369969 -0.903477490 -4.223997116 0.041165650 0.997922003 -0.049567495 -0.406254828 0.904691577 -0.016171968 0.425759971 4.870066643
0.428256512 -0.062660985 -0.901481986 -4.271250248 0.040223792 0.997925997 -0.050256047 -0.409379333 0.902761698 -0.014738543 0.429888725 4.891757965
0.431669027 -0.064372949 -0.899732172 -4.317933083 0.039855998 0.997837305 -0.052270140 -0.412336648 0.901151299 -0.013296325 0.433301091 4.915331841
0.438631296 -0.063574888 -0.896415532 -4.362425327 0.039499406 0.997894406 -0.051444162 -0.416503370 0.897798657 -0.012842859 0.440218896 4.935506821
0.445083737 -0.061803438 -0.893353641 -4.407775879 0.037879422 0.998021901 -0.050172362 -0.419930458 0.894687414 -0.011508821 0.446544409 4.958238602
0.454166293 -0.060806181 -0.888839483 -4.454248905 0.036614127 0.998099148 -0.049572159 -0.423044622 0.890164196 -0.010030083 0.455529362 4.980335712
0.464398175 -0.060128443 -0.883583009 -4.500421047 0.035657328 0.998153090 -0.049184043 -0.426203012 0.884908497 -0.008665225 0.465684503 5.002439022
0.472201794 -0.060034584 -0.879443645 -4.543686390 0.036187485 0.998157263 -0.048708238 -0.429901153 0.880747318 -0.008824737 0.473504245 5.026932716
0.479766428 -0.059344213 -0.875386953 -4.585129261 0.033987381 0.998218238 -0.049043991 -0.433344513 0.876737714 -0.006222455 0.480928570 5.051672935
0.492687851 -0.061793212 -0.868009388 -4.632123947 0.032686073 0.998085856 -0.052500457 -0.436394244 0.869592011 -0.002505475 0.493764549 5.075142860
0.504278898 -0.063298553 -0.861217797 -4.675824165 0.032738477 0.997994244 -0.054181725 -0.440360069 0.862920046 -0.000872259 0.505339742 5.099925995
0.515846133 -0.061192188 -0.854492962 -4.717866898 0.029919272 0.998124003 -0.053416062 -0.443440557 0.856158614 0.001988661 0.516709268 5.125244141
0.528835297 -0.059290312 -0.846651018 -4.759939194 0.028758438 0.998235941 -0.051942583 -0.446409434 0.848237157 0.003120713 0.529607475 5.150788307
0.541272819 -0.056027308 -0.838978350 -4.801486969 0.027255448 0.998422384 -0.049090996 -0.449878484 0.840405166 0.003704891 0.541945994 5.177097321
0.553278565 -0.054917052 -0.831184089 -4.842154503 0.026826579 0.998481572 -0.048113413 -0.453515261 0.832564235 0.004322295 0.553911686 5.203176498
0.564919531 -0.055849142 -0.823253691 -4.883078098 0.027797936 0.998428702 -0.048657879 -0.456568301 0.824677587 0.004603036 0.565584302 5.230587482
0.576116979 -0.056299035 -0.815426052 -4.922287464 0.027615966 0.998396158 -0.049420450 -0.460113257 0.816900611 0.005953183 0.576747775 5.257201672
0.586455524 -0.058278155 -0.807882190 -4.960529327 0.030410530 0.998289227 -0.049938012 -0.463268965 0.809410453 0.004718293 0.587224305 5.284770966
0.597989023 -0.057422891 -0.799444616 -5.000377655 0.029796332 0.998333514 -0.049420945 -0.466852427 0.800950229 0.005732664 0.598703504 5.314082146
0.607680023 -0.054881856 -0.792283297 -5.038034916 0.028704736 0.998475373 -0.047148384 -0.470266759 0.793663085 0.005908854 0.608328879 5.343438625
0.618420303 -0.052182518 -0.784113050 -5.075299263 0.029680097 0.998631954 -0.043050356 -0.473511755 0.785286844 0.003350667 0.619123042 5.371589184
0.629751921 -0.051441088 -0.775091052 -5.112220764 0.028402848 0.998662591 -0.043202065 -0.475544572 0.776276827 0.005191792 0.630370617 5.399378777
0.638699412 -0.049894605 -0.767836988 -5.146667480 0.025989436 0.998724878 -0.043279443 -0.479086518 0.769017339 0.007686895 0.639181733 5.428674698
0.647636473 -0.049479574 -0.760341406 -5.181737423 0.024017265 0.998719037 -0.044534925 -0.481545150 0.761570990 0.010581110 0.647995234 5.459070683
0.657346964 -0.048820823 -0.752004981 -5.215040207 0.023975555 0.998749018 -0.043882005 -0.484524339 0.753206551 0.010815963 0.657695115 5.486728668
0.666685820 -0.047622561 -0.743816018 -5.248337746 0.024085302 0.998812079 -0.042360820 -0.486858070 0.744949698 0.010326324 0.667040765 5.516134262
0.674907923 -0.045167815 -0.736518383 -5.280771732 0.023767488 0.998937607 -0.039481647 -0.489821732 0.737519085 0.009141289 0.675264299 5.545727253
0.682876706 -0.044389937 -0.729183733 -5.312847137 0.023963442 0.998976231 -0.038372230 -0.492348224 0.730140626 0.008729746 0.683241189 5.575540543
0.690473795 -0.044079456 -0.722013116 -5.343709469 0.023312502 0.998979092 -0.038694289 -0.494759440 0.722981691 0.009885464 0.690796494 5.604729652
0.697696030 -0.043345764 -0.715081394 -5.374306679 0.022549344 0.999002039 -0.038554929 -0.496847034 0.716039062 0.010775000 0.697977066 5.634697437
0.705086648 -0.040475987 -0.707965016 -5.405023575 0.021977141 0.999137342 -0.035235189 -0.499492168 0.708780408 0.009284813 0.705368042 5.664026737
0.712275207 -0.037832230 -0.700879991 -5.434924126 0.020938344 0.999247193 -0.032658774 -0.501590252 0.701587975 0.008586773 0.712531149 5.694205284
0.719723701 -0.036629297 -0.693293691 -5.463881493 0.019892931 0.999285221 -0.032144681 -0.503512084 0.693975568 0.009343643 0.719937980 5.723691463
0.727144480 -0.035551403 -0.685563266 -5.492469788 0.019410215 0.999323606 -0.031234637 -0.505660474 0.686209977 0.009405167 0.727342725 5.753498554
0.734951496 -0.032550965 -0.677337885 -5.520171642 0.016474299 0.999409497 -0.030153239 -0.507461905 0.677919388 0.011002502 0.735053837 5.783395767
0.743872881 -0.029931109 -0.667650402 -5.547321320 0.015668372 0.999503076 -0.027351076 -0.509138644 0.668137312 0.009884731 0.743972301 5.812814713
0.753187835 -0.026016397 -0.657290816 -5.573933125 0.013709611 0.999621332 -0.023856465 -0.511158347 0.657662630 0.008957198 0.753259361 5.842891216
0.763344586 -0.024293682 -0.645534635 -5.598923683 0.012402335 0.999659538 -0.022954866 -0.512987018 0.645872593 0.009516334 0.763385952 5.871864796
0.772885323 -0.023385931 -0.634114623 -5.624970436 0.010682394 0.999658465 -0.023846921 -0.514480054 0.634455800 0.011657072 0.772871256 5.903105736
0.782915175 -0.024524968 -0.621644855 -5.649684906 0.010939500 0.999610841 -0.025658902 -0.516027331 0.622032225 0.013288260 0.782878876 5.932599545
0.792508245 -0.023339167 -0.609414339 -5.672414303 0.010114827 0.999632955 -0.025129890 -0.517556608 0.609777272 0.013751525 0.792453468 5.963151455
0.802636743 -0.022277489 -0.596051931 -5.695513248 0.010206881 0.999668896 -0.023618238 -0.519136786 0.596380770 0.012873033 0.802598476 5.992999077
0.812713027 -0.019917490 -0.582323551 -5.718599796 0.009657069 0.999738693 -0.020716771 -0.520277321 0.582583964 0.011213252 0.812693119 6.024625778
0.822284162 -0.017766653 -0.568799615 -5.739643097 0.009345186 0.999799311 -0.017719230 -0.522114873 0.569000304 0.009254703 0.822285175 6.055257797
0.831215680 -0.017043702 -0.555688739 -5.761849880 0.010425226 0.999832034 -0.015071798 -0.523323417 0.555852294 0.006734732 0.831253767 6.087596416
0.839284599 -0.016433613 -0.543443978 -5.783162117 0.011347351 0.999854743 -0.012710737 -0.524763286 0.543573856 0.004501276 0.839349210 6.119605541
0.846360028 -0.016397143 -0.532358646 -5.803389072 0.012162178 0.999860346 -0.011460828 -0.525620222 0.532472193 0.003225347 0.846441329 6.152028084
0.852784753 -0.016790822 -0.521992505 -5.822856426 0.012750428 0.999854445 -0.011331598 -0.526377022 0.522106826 0.003007787 0.852874875 6.183877468
0.859593809 -0.015391935 -0.510746241 -5.843706131 0.011469082 0.999875546 -0.010829782 -0.527743518 0.510849476 0.003451422 0.859663308 6.217565060
0.866085351 -0.014301648 -0.499691457 -5.862646103 0.010533756 0.999890864 -0.010360303 -0.528561056 0.499785125 0.003709281 0.866141558 6.250573158
0.872348130 -0.012740048 -0.488719106 -5.882873535 0.009103181 0.999910355 -0.009817018 -0.529369593 0.488800347 0.004114960 0.872385979 6.285265923
0.878293812 -0.013488811 -0.477930874 -5.901234150 0.010073105 0.999902070 -0.009709238 -0.530429602 0.478015095 0.003713317 0.878343821 6.318624496
0.883157849 -0.014421453 -0.468854189 -5.920649052 0.010694085 0.999886453 -0.010611515 -0.531629384 0.468953967 0.004357676 0.883211851 6.354716301
0.887581289 -0.014773351 -0.460414290 -5.938911438 0.010857951 0.999878943 -0.011151368 -0.532468200 0.460523278 0.004898589 0.887634099 6.388792515
0.890839934 -0.014326327 -0.454091311 -5.957153320 0.010693034 0.999886990 -0.010568195 -0.533213675 0.454191446 0.004558956 0.890892386 6.424580097
0.893882036 -0.012298113 -0.448133558 -5.975829124 0.010246784 0.999922991 -0.007001820 -0.534177721 0.448185146 0.001666874 0.893939197 6.461802483
0.897075295 -0.008035719 -0.441804588 -5.993817806 0.007551390 0.999967456 -0.002854863 -0.534688294 0.441813082 -0.000775211 0.897106767 6.497722149
0.900309205 -0.005632138 -0.435214400 -6.012474537 0.006134036 0.999981225 -0.000251609 -0.535230160 0.435207576 -0.002443094 0.900326729 6.534610271
0.903379500 -0.002375551 -0.428835422 -6.030733585 0.003944048 0.999988496 0.002769007 -0.536544740 0.428823888 -0.004192811 0.903378308 6.573380470
0.906756878 -0.000677129 -0.421653271 -6.048650265 0.002983538 0.999983966 0.004810176 -0.536739230 0.421643257 -0.005619679 0.906744361 6.610830307
0.909592807 0.001438366 -0.415498257 -6.064849854 0.001963687 0.999967992 0.007760503 -0.537117004 0.415496051 -0.007874805 0.909560800 6.648641109
0.913100839 0.000274654 -0.407733798 -6.085000992 0.003895391 0.999948263 0.009397120 -0.536733210 0.407715231 -0.010168800 0.913052619 6.691144943
0.916541815 -0.000703538 -0.399938226 -6.101924896 0.005086851 0.999938071 0.009898575 -0.536095619 0.399906486 -0.011106883 0.916488707 6.730353355
0.920261085 -0.000798378 -0.391304225 -6.120044708 0.005180445 0.999935091 0.010143091 -0.536590159 0.391270757 -0.011361421 0.920205474 6.770798683
0.923750579 -0.002514218 -0.382986426 -6.137097359 0.006925393 0.999924541 0.010139543 -0.537147939 0.382931978 -0.012018739 0.923698366 6.814351559
0.927791715 -0.004202756 -0.373075008 -6.155358315 0.008044421 0.999929368 0.008741102 -0.537138462 0.373011947 -0.011111094 0.927760065 6.857415676
0.932284653 -0.006294127 -0.361670643 -6.170810223 0.009136489 0.999939382 0.006149411 -0.536410153 0.361609995 -0.009037403 0.932285547 6.897478580
0.937180996 -0.003665547 -0.348824292 -6.188246727 0.006036125 0.999965429 0.005709238 -0.537043393 0.348791331 -0.007456136 0.937170744 6.943820000
0.943032384 0.000389576 -0.332700998 -6.204596996 0.002133064 0.999971628 0.007217029 -0.537540376 0.332694381 -0.007515564 0.943004727 6.988079071
0.949567080 0.005036921 -0.313523710 -6.220796585 -0.001827297 0.999942839 0.010530277 -0.537897825 0.313558877 -0.009426303 0.949521959 7.032264233
0.955803275 0.006521492 -0.293934494 -6.235826969 -0.003249792 0.999927163 0.011617744 -0.537267923 0.293988824 -0.010149052 0.955754936 7.079598904
0.962188303 0.009774513 -0.272209644 -6.250874519 -0.006467989 0.999894023 0.013041614 -0.537829161 0.272308260 -0.010787841 0.962149501 7.127811432
0.967904866 0.010199724 -0.251109362 -6.262299538 -0.006913968 0.999878466 0.013963720 -0.536392391 0.251221240 -0.011779393 0.967857957 7.172269821
0.973277569 0.010634241 -0.229385480 -6.275360107 -0.007136789 0.999845326 0.016071284 -0.535644770 0.229520917 -0.014004743 0.973202944 7.222677708
0.978346646 0.013142100 -0.206555679 -6.288104534 -0.009232883 0.999759853 0.019878330 -0.536022186 0.206767306 -0.017540790 0.978232861 7.271935463
0.982761621 0.015781907 -0.184202731 -6.297924042 -0.011540553 0.999643505 0.024074946 -0.535631835 0.184517011 -0.021534130 0.982593358 7.321048737
0.986553550 0.016900208 -0.162562370 -6.305874825 -0.012623554 0.999547422 0.027304893 -0.535187185 0.162950277 -0.024885621 0.986320317 7.375506878
0.989952862 0.018977109 -0.140119076 -6.314495564 -0.015311168 0.999512851 0.027194977 -0.533875227 0.140566885 -0.024776354 0.989761114 7.426297188
0.992741346 0.018117845 -0.118896775 -6.319649696 -0.015229320 0.999567389 0.025158267 -0.533432245 0.119301155 -0.023164932 0.992587805 7.476393700
0.995100200 0.019240810 -0.096981697 -6.328680515 -0.016964819 0.999562204 0.024238519 -0.532429159 0.097405627 -0.022474473 0.994991004 7.534923553
0.996945083 0.017032389 -0.076225914 -6.334417820 -0.015110659 0.999555051 0.025717122 -0.531364381 0.076630019 -0.024486732 0.996758878 7.592922688
0.998266160 0.017608458 -0.056166690 -6.338656902 -0.016064961 0.999484003 0.027814774 -0.530890107 0.056627482 -0.026864231 0.998033881 7.648152828
0.999151230 0.019734878 -0.036157951 -6.339865685 -0.018693648 0.999407172 0.028911952 -0.530535996 0.036707103 -0.028211487 0.998927772 7.699888706
0.999688506 0.019688781 -0.015337172 -6.343345165 -0.019236494 0.999391556 0.029098954 -0.529244184 0.015900761 -0.028794862 0.999458790 7.762134552
0.999781668 0.020136071 0.005580063 -6.344968319 -0.020291490 0.999363005 0.029358059 -0.527613401 -0.004985351 -0.029464876 0.999553382 7.820259094
0.999415696 0.022436168 0.025782157 -6.343861580 -0.023174370 0.999319434 0.028699392 -0.527248144 -0.025120704 -0.029280107 0.999255538 7.876539230
0.998673975 0.023934443 0.045578014 -6.341095924 -0.025219712 0.999294281 0.027836265 -0.526672244 -0.044879600 -0.028948819 0.998572886 7.936000347
0.997568607 0.024050571 0.065410316 -6.338367462 -0.025746452 0.999350667 0.025208529 -0.525236666 -0.064761572 -0.026831318 0.997539997 7.994576454
0.996163189 0.025809379 0.083622195 -6.333865166 -0.027815409 0.999350369 0.022913454 -0.524986029 -0.082976490 -0.025151527 0.996234119 8.052046776
0.994368672 0.026113506 0.102708556 -6.328962803 -0.028411523 0.999376237 0.020975016 -0.524198771 -0.102096751 -0.023775008 0.994490266 8.113782883
0.992239296 0.026433324 0.121501505 -6.321800232 -0.028793145 0.999428570 0.017707342 -0.523507535 -0.120964006 -0.021068331 0.992433250 8.173660278
0.989806890 0.026942978 0.139844492 -6.313700199 -0.028974585 0.999501884 0.012511690 -0.523170769 -0.139437735 -0.016436093 0.990094423 8.231812477
0.986961305 0.029779825 0.158178404 -6.305166721 -0.031125301 0.999497294 0.006035043 -0.524360716 -0.157919154 -0.010879705 0.987392128 8.302062988
0.983945966 0.031625111 0.175642505 -6.294965744 -0.032159362 0.999482751 0.000195422 -0.522014260 -0.175545514 -0.005840836 0.984454036 8.361518860
0.980520785 0.034543905 0.193353564 -6.284089565 -0.034552719 0.999397278 -0.003327737 -0.524562538 -0.193351999 -0.003417975 0.981123567 8.424819946
0.976899683 0.036025185 0.210640192 -6.270310402 -0.035478912 0.999350131 -0.006373137 -0.526250422 -0.210732922 -0.001247367 0.977542937 8.490307808
0.972994924 0.035798140 0.228033781 -6.255930901 -0.035306398 0.999357045 -0.006236737 -0.528037250 -0.228110433 -0.001982738 0.973633230 8.559204102
0.968648136 0.035495318 0.245887920 -6.241411686 -0.034852240 0.999368191 -0.006967933 -0.529774845 -0.245979890 -0.001820271 0.969273269 8.626379967
0.964110196 0.035182714 0.263160855 -6.226745129 -0.033163555 0.999376535 -0.012112212 -0.531828761 -0.263422936 0.002950157 0.964675903 8.690498352
0.959972739 0.035707347 0.277808160 -6.205563545 -0.032407112 0.999339163 -0.016463902 -0.532925844 -0.278212428 0.006801936 0.960495472 8.754122734
0.954790711 0.039008103 0.294708759 -6.186161995 -0.035767216 0.999225914 -0.016381253 -0.534661889 -0.295119673 0.005099753 0.955446601 8.817226410
0.949083328 0.041806597 0.312238634 -6.166955948 -0.038145747 0.999113142 -0.017826192 -0.536116183 -0.312706947 0.005007968 0.949836433 8.884421349
0.943194985 0.043767985 0.329344243 -6.143798828 -0.039131172 0.999019682 -0.020697962 -0.538436890 -0.329927295 0.006634589 0.943983018 8.952100754
0.936950207 0.044296805 0.346644193 -6.120877266 -0.038241811 0.998973250 -0.024291910 -0.541591406 -0.347364336 0.009504009 0.937682092 9.017119408
0.930627167 0.045607280 0.363115847 -6.095801353 -0.038489852 0.998899043 -0.026816152 -0.544136763 -0.363939077 0.010979565 0.931358039 9.079673767
0.923663199 0.046910182 0.380323529 -6.067766190 -0.037702233 0.998788357 -0.031628799 -0.548651814 -0.381346405 0.014875310 0.924312532 9.145639420
0.915614128 0.049548771 0.398993313 -6.041009903 -0.037057295 0.998553157 -0.038965307 -0.548863530 -0.400346726 0.020891577 0.916125596 9.215325356
0.905477464 0.052906264 0.421083599 -6.016978264 -0.038734585 0.998360336 -0.042144179 -0.553383827 -0.422622889 0.021850111 0.906042218 9.280834198
0.894295275 0.056654710 0.443876326 -5.982152939 -0.041268196 0.998167396 -0.044257663 -0.556159973 -0.445570320 0.021261450 0.894994438 9.347703934
0.881355107 0.060798150 0.468526155 -5.948406219 -0.044171967 0.997945547 -0.046405215 -0.561701179 -0.470385015 0.020203751 0.882229924 9.414037704
0.867631197 0.065152675 0.492921174 -5.913001537 -0.046411138 0.997661471 -0.050175507 -0.566000462 -0.495037556 0.020656800 0.868625998 9.479838371
0.852439880 0.068763509 0.518283665 -5.881372452 -0.047922425 0.997416556 -0.053512935 -0.569936693 -0.520624459 0.020779150 0.853532910 9.541002274
0.838146687 0.070476532 0.540872455 -5.839412689 -0.047617424 0.997285783 -0.056158964 -0.574714780 -0.543362200 0.021314502 0.839227736 9.606420517
0.822812855 0.071987621 0.563734591 -5.796581268 -0.047236089 0.997175574 -0.058392406 -0.580855846 -0.566345930 0.021417407 0.823889315 9.670392990
0.806537390 0.074060038 0.586525917 -5.757161617 -0.044969261 0.996933401 -0.064044103 -0.585147619 -0.589470506 0.025278322 0.807394385 9.730718613
0.790397227 0.076913938 0.607746959 -5.713328362 -0.043673061 0.996637166 -0.069331847 -0.591595292 -0.611035883 0.028257526 0.791098297 9.790606499
0.774285197 0.078864098 0.627903581 -5.668944359 -0.042424988 0.996441066 -0.072836637 -0.597585618 -0.631413102 0.029757533 0.774875343 9.849643707
