0.999217570 0.008226737 -0.038686216 -0.004094577 -0.008261245 0.999965549 -0.000732172 -0.000483510 0.038678862 0.001051196 0.999251127 0.043384153
0.998231411 0.008346766 -0.058858082 -0.006355922 -0.008423104 0.999963939 -0.001048963 -0.000429073 0.058847211 0.001542876 0.998265803 0.066387869
0.996800542 0.006645330 -0.079652794 -0.009110436 -0.006665270 0.999977767 0.000015528 -0.000699529 0.079651125 0.000515429 0.996822655 0.089499898
0.995078743 0.005489860 -0.098936297 -0.012389288 -0.005378950 0.999984503 0.001387736 -0.001040867 0.098942399 -0.000848733 0.995092809 0.111944512
0.993066549 0.006557634 -0.117370546 -0.016033376 -0.006345610 0.999977410 0.002180049 -0.001202475 0.117382206 -0.001420146 0.993085802 0.138622865
0.991105318 0.007695001 -0.132856652 -0.020542484 -0.007397966 0.999968886 0.002729228 -0.001235828 0.132873490 -0.001722083 0.991131604 0.164385542
0.989200294 0.008504220 -0.146323189 -0.025341779 -0.008151293 0.999962270 0.003011404 -0.001660525 0.146343246 -0.001786159 0.989232242 0.190829784
0.987330079 0.006668214 -0.158539519 -0.029895443 -0.006380566 0.999976933 0.002323305 -0.001896995 0.158551380 -0.001282297 0.987349868 0.217490494
0.985732198 0.003241344 -0.168289885 -0.035210945 -0.003232307 0.999994695 0.000327633 -0.002329414 0.168290079 0.000221007 0.985737443 0.246555060
0.984372795 0.004484683 -0.176039815 -0.040693730 -0.004829142 0.999987125 -0.001528355 -0.002615072 0.176030695 0.002354593 0.984381914 0.275167704
0.983027279 0.004975659 -0.183392078 -0.047276597 -0.005674562 0.999978483 -0.003286388 -0.002499344 0.183371812 0.004271279 0.983034372 0.305314958
0.981639981 0.003724545 -0.190706670 -0.054015987 -0.004807369 0.999974787 -0.005215627 -0.003384961 0.190682456 0.006036664 0.981633246 0.335540712
0.979947925 0.000352568 -0.199253365 -0.060311746 -0.001857106 0.999971151 -0.007364039 -0.003436519 0.199244991 0.007586410 0.979920328 0.368205756
0.978127182 -0.006966793 -0.207890913 -0.066072091 0.005353156 0.999951005 -0.008323520 -0.003915119 0.207938701 0.007028589 0.978116632 0.400189996
0.976385832 -0.007199923 -0.215914071 -0.074708834 0.005033322 0.999931335 -0.010582749 -0.004782219 0.215975463 0.009246079 0.976354957 0.434050143
0.974481702 -0.002855302 -0.224448830 -0.083557114 -0.000366514 0.999897480 -0.014311370 -0.005510262 0.224466696 0.014028430 0.974380732 0.467514932
0.972389638 -0.000075993 -0.233363152 -0.092696227 -0.004147511 0.999836385 -0.017607650 -0.006091926 0.233326316 0.018089373 0.972230196 0.501822293
0.970352173 -0.001807047 -0.241688430 -0.101641476 -0.003181465 0.999789894 -0.020248421 -0.006576438 0.241674259 0.020417020 0.970142543 0.536080480
0.968084693 -0.004901486 -0.250575304 -0.111241974 -0.000531287 0.999766350 -0.021608958 -0.007928396 0.250622660 0.021052433 0.967855930 0.573041499
0.966045618 -0.004377482 -0.258334339 -0.121636465 -0.001809945 0.999717295 -0.023708550 -0.009323629 0.258365035 0.023371113 0.965764701 0.609061956
0.963813782 -0.004017402 -0.266546041 -0.132763714 -0.003408405 0.999619126 -0.027390907 -0.010352737 0.266554534 0.027308239 0.963432908 0.646431804
0.961785078 -0.004933734 -0.273760885 -0.143935651 -0.004085645 0.999467731 -0.032366283 -0.011869012 0.273774803 0.032247901 0.961253107 0.682874680
0.960022092 -0.005750896 -0.279865086 -0.155926302 -0.005632068 0.999189734 -0.039851855 -0.013665754 0.279867500 0.039834898 0.959211826 0.723312199
0.958758175 -0.006759442 -0.284142673 -0.167879850 -0.007153971 0.998826504 -0.047900014 -0.015485032 0.284132987 0.047957279 0.957584739 0.761795223
0.957597852 -0.007078584 -0.288021266 -0.180903345 -0.009560458 0.998366833 -0.056322567 -0.017853063 0.287949562 0.056687988 0.955966175 0.801215947
0.956305444 -0.005865827 -0.292310417 -0.194538563 -0.013863041 0.997764409 -0.065375790 -0.019998427 0.292040318 0.066571541 0.954086304 0.842785180
0.955283523 -0.003583800 -0.295669496 -0.208038360 -0.018623143 0.997212172 -0.072256975 -0.023144513 0.295104206 0.074532226 0.952553689 0.880393565
0.953576207 -0.001946921 -0.301145554 -0.222164959 -0.022970160 0.996595800 -0.079177983 -0.026331250 0.300274551 0.082419589 0.950285316 0.924811304
0.952019811 -0.000201259 -0.306036294 -0.236301482 -0.027167944 0.995995998 -0.085169211 -0.030111257 0.304828107 0.089397162 0.948202431 0.965490162
0.950282335 0.000195335 -0.311389536 -0.251287758 -0.029565958 0.995538592 -0.089603335 -0.034434333 0.309982806 0.094355009 0.946048498 1.009746432
0.948736966 0.003111807 -0.316051155 -0.266949296 -0.034124620 0.995114863 -0.092639089 -0.038808320 0.314218879 0.098675266 0.944208503 1.052461386
0.947090983 0.004297773 -0.320936203 -0.283750921 -0.036162745 0.994972348 -0.093393192 -0.043687701 0.318921238 0.100057788 0.942484856 1.097324729
0.944997013 0.004376909 -0.327049643 -0.300234795 -0.036783952 0.994989157 -0.092969835 -0.048318412 0.325003833 0.099886388 0.940422893 1.143234968
0.942747951 0.003974509 -0.333482385 -0.317347020 -0.036458407 0.995164275 -0.091206610 -0.052654356 0.331507295 0.098143071 0.938334048 1.189516187
0.940377176 0.003906030 -0.340111077 -0.335059911 -0.036440406 0.995335758 -0.089323521 -0.057774480 0.338175833 0.096391574 0.936133444 1.235580206
0.937329233 0.005395805 -0.348403245 -0.352038056 -0.037700009 0.995580912 -0.086007670 -0.062867418 0.346399605 0.093752310 0.933390498 1.281697750
0.934321821 0.008748779 -0.356323272 -0.371484190 -0.039857790 0.995992959 -0.080057308 -0.067435712 0.354195118 0.089001536 0.930926681 1.329279304
0.930986464 0.010408444 -0.364905268 -0.391441226 -0.040544927 0.996357203 -0.075022891 -0.071650684 0.362795115 0.084640354 0.928017139 1.376018286
0.927475214 0.015233750 -0.373573899 -0.410355389 -0.044874884 0.996482313 -0.070776306 -0.076250315 0.371181667 0.082407385 0.924896240 1.421245575
0.923896372 0.016569369 -0.382283777 -0.431960225 -0.046493974 0.996520638 -0.069173478 -0.079571232 0.379807502 0.081683017 0.921452165 1.470024109
0.920264423 0.015607021 -0.390985370 -0.454400897 -0.045826722 0.996626794 -0.068080127 -0.084643260 0.388603985 0.080569312 0.917875528 1.516483426
0.916323841 0.016001612 -0.400118142 -0.474730670 -0.046632722 0.996666908 -0.066936232 -0.087735906 0.397713453 0.079993874 0.914015770 1.566465974
0.912526011 0.016775941 -0.408674419 -0.496587574 -0.047490153 0.996746480 -0.065124348 -0.091694430 0.406252146 0.078835689 0.910353780 1.614028454
0.908983946 0.015616205 -0.416538566 -0.520233691 -0.045791104 0.996990860 -0.062549219 -0.095325753 0.414308339 0.075929999 0.906963706 1.664207339
0.905522287 0.017270403 -0.423947036 -0.544736922 -0.046209808 0.997242093 -0.058076214 -0.100338623 0.421774894 0.072179817 0.903823018 1.713137984
0.901962519 0.017865889 -0.431444645 -0.569464147 -0.044764422 0.997629166 -0.052271567 -0.103982165 0.429487944 0.066460356 0.900623798 1.762655139
0.898604929 0.020657022 -0.438272178 -0.593625844 -0.046374295 0.997767508 -0.048055232 -0.107271723 0.436301053 0.063507222 0.897556841 1.809102774
0.894935429 0.020105619 -0.445742339 -0.623009980 -0.045582727 0.997877359 -0.046508137 -0.110516801 0.443861157 0.061939940 0.893952310 1.867493629
0.891380489 0.018038891 -0.452896625 -0.648365200 -0.043141320 0.998047888 -0.045157440 -0.113008142 0.451197863 0.059791017 0.890418708 1.918516636
0.888737082 0.017249115 -0.458092630 -0.677067876 -0.041671690 0.998194337 -0.043260258 -0.115683362 0.456519336 0.057536483 0.887851179 1.970974326
0.885899007 0.017681820 -0.463541031 -0.705910861 -0.042005163 0.998225749 -0.042200986 -0.119096339 0.461972415 0.056856923 0.885069907 2.025422812
0.883618951 0.016187154 -0.467926949 -0.734309912 -0.040038105 0.998353720 -0.041070338 -0.123358995 0.466491789 0.055025436 0.882812321 2.076642275
0.881422639 0.016233064 -0.472049326 -0.762838125 -0.040780436 0.998292685 -0.041816499 -0.125404879 0.470564574 0.056108382 0.880579710 2.131772995
0.880025685 0.015141879 -0.474684656 -0.797105134 -0.039973088 0.998306572 -0.042261966 -0.129016265 0.473240852 0.056166220 0.879140735 2.192545891
0.879667878 0.014044982 -0.475380987 -0.826781631 -0.038245216 0.998415649 -0.041272916 -0.132169664 0.474048108 0.054487504 0.878811419 2.246987104
0.879507184 0.014472602 -0.475665390 -0.859063387 -0.037804332 0.998503387 -0.039519891 -0.135231152 0.474381536 0.052740242 0.878738105 2.303564548
0.879016340 0.013783155 -0.476592273 -0.893513501 -0.036858380 0.998555183 -0.039102361 -0.138369143 0.475364745 0.051938035 0.878254354 2.366733313
0.878434241 0.012358665 -0.477703303 -0.924250484 -0.035692286 0.998570025 -0.039799463 -0.141569063 0.476528347 0.052011535 0.877619267 2.423126459
0.877317250 0.009634202 -0.479814172 -0.957470655 -0.033256274 0.998615503 -0.040756274 -0.144171193 0.478757232 0.051713020 0.876423120 2.482977390
0.875939488 0.009964451 -0.482318133 -0.993812084 -0.032599505 0.998723924 -0.038570918 -0.147894561 0.481318295 0.049509119 0.875146568 2.546058655
0.873856544 0.010910284 -0.486061484 -1.025606990 -0.031181850 0.998947501 -0.033637010 -0.152469411 0.485182941 0.044550218 0.873277068 2.602975368
0.871351182 0.011466237 -0.490525901 -1.061130643 -0.030004108 0.999101162 -0.029943731 -0.155098349 0.489741713 0.040809300 0.870911956 2.663474321
0.867406249 0.010671207 -0.497486234 -1.095639586 -0.028639693 0.999183297 -0.028502800 -0.157593340 0.496775806 0.038971361 0.867003500 2.724307060
0.862647295 0.007672627 -0.505747736 -1.130760431 -0.026669255 0.999184012 -0.030330909 -0.161362350 0.505102336 0.039652795 0.862147987 2.781933546
0.856843472 0.005525689 -0.515546918 -1.165889263 -0.026598606 0.999084711 -0.033498820 -0.165092975 0.514889956 0.042416073 0.856206298 2.839554548
0.850740254 0.005111184 -0.525561571 -1.204001188 -0.026458969 0.999101281 -0.033113390 -0.166926622 0.524919987 0.042076707 0.850110888 2.901880741
0.845966935 0.009869800 -0.533144236 -1.243226290 -0.029371884 0.999173224 -0.028108716 -0.168923199 0.532426000 0.039438490 0.845557332 2.958082199
0.840247333 0.012407443 -0.542061508 -1.280445576 -0.029654749 0.999293327 -0.023094498 -0.172451258 0.541392028 0.035479780 0.840021372 3.018788338
0.836292386 0.010714494 -0.548179090 -1.317298174 -0.028637111 0.999297976 -0.024156384 -0.175226748 0.547535479 0.035900060 0.836012006 3.073738813
0.833039105 0.009853236 -0.553126276 -1.355996609 -0.030564565 0.999133945 -0.028233668 -0.177964374 0.552369058 0.040425815 0.832618833 3.130552530
0.830174327 0.008599541 -0.557437539 -1.396986246 -0.034350231 0.998770237 -0.035748791 -0.180582806 0.556444645 0.048825826 0.829448879 3.190366268
0.827356339 0.007378132 -0.561628997 -1.436389685 -0.033920702 0.998744905 -0.036849298 -0.183744028 0.560652316 0.049538352 0.826568186 3.244529486
0.823659360 0.008985050 -0.567013681 -1.476253033 -0.033624139 0.998889089 -0.033014666 -0.187210441 0.566087127 0.046258185 0.823046505 3.304382801
0.820422113 0.010482753 -0.571662128 -1.515031815 -0.032132514 0.999096990 -0.027794287 -0.189930260 0.570854545 0.041171987 0.820018232 3.360297680
0.817622721 0.012958696 -0.575608552 -1.557380438 -0.033308852 0.999136865 -0.024819929 -0.192612812 0.574790120 0.039466195 0.817348599 3.418177843
0.814615667 0.013747097 -0.579838276 -1.598137617 -0.034919519 0.999067962 -0.025372077 -0.194995269 0.578949094 0.040916160 0.814336419 3.473465204
0.810999930 0.012088655 -0.584921360 -1.639164686 -0.034057289 0.999066532 -0.026572965 -0.198312655 0.584054112 0.041471500 0.810654581 3.530898571
0.807416797 0.009460676 -0.589905620 -1.681228518 -0.033352666 0.999004364 -0.029628886 -0.200228453 0.589037895 0.043597780 0.806928515 3.586399555
0.803095281 0.007697782 -0.595800877 -1.723255754 -0.031581327 0.999060988 -0.029661367 -0.203065827 0.595013082 0.042637080 0.802584231 3.642939568
0.798858166 0.007733154 -0.601469576 -1.766898632 -0.031237891 0.999101460 -0.028643919 -0.206095144 0.600707710 0.041671079 0.798381984 3.699250937
0.794034004 0.008013412 -0.607820511 -1.809437990 -0.031384874 0.999120057 -0.027827788 -0.208870366 0.607062578 0.041172575 0.793586671 3.753449440
0.788848698 0.006826663 -0.614549518 -1.852469325 -0.031020677 0.999106050 -0.028720323 -0.211780280 0.613804102 0.041719731 0.788355172 3.808174610
0.783465803 0.005365345 -0.621411741 -1.897486210 -0.030316887 0.999102056 -0.029596673 -0.214670062 0.620694935 0.042027242 0.782924950 3.863333702
0.778144836 0.003917342 -0.628072679 -1.941353321 -0.029400483 0.999111533 -0.030193908 -0.217891112 0.627396464 0.041960873 0.777568698 3.917046070
0.772743702 0.002811953 -0.634711921 -1.986333728 -0.029702350 0.999054849 -0.031735681 -0.220651716 0.634022713 0.043375976 0.772096932 3.970260620
0.766772091 0.000152811 -0.641919494 -2.029758692 -0.026727624 0.999140382 -0.031688273 -0.224405944 0.641362667 0.041454665 0.766116977 4.022626877
0.760941386 -0.001999829 -0.648817539 -2.079722881 -0.024770675 0.999176741 -0.032131091 -0.226372406 0.648347676 0.040521525 0.760265350 4.079347134
0.754322767 -0.001063751 -0.656502903 -2.123745203 -0.024670690 0.999246418 -0.029965764 -0.230342597 0.656040013 0.038800236 0.753728092 4.131107330
0.748463571 -0.000694728 -0.663175523 -2.171918631 -0.025002997 0.999258935 -0.029265326 -0.233746856 0.662704349 0.038485412 0.747891545 4.183534622
0.741720319 -0.003669927 -0.670699239 -2.219235897 -0.022179574 0.999303877 -0.029996172 -0.236185953 0.670342445 0.037124593 0.741122603 4.236924648
0.735968351 -0.004142297 -0.677003264 -2.266891003 -0.023974141 0.999194622 -0.032175869 -0.238252848 0.676591277 0.039910998 0.735276282 4.287249565
0.729269624 -0.005088808 -0.684207499 -2.317884445 -0.022843037 0.999233842 -0.031779297 -0.241272122 0.683845043 0.038805056 0.728594661 4.342243195
0.723981917 -0.004553620 -0.689803839 -2.368895054 -0.023056235 0.999259710 -0.030795056 -0.244288638 0.689433396 0.038199343 0.723341107 4.394581318
0.719168901 -0.004574069 -0.694820225 -2.419114113 -0.022953585 0.999276161 -0.030336270 -0.247635946 0.694456100 0.037765518 0.718543231 4.445406914
0.714452267 -0.004894214 -0.699666977 -2.470003366 -0.023718718 0.999231398 -0.031209622 -0.250427276 0.699282050 0.038892992 0.713787019 4.497307777
0.709085822 -0.006651316 -0.705090880 -2.521529436 -0.023995532 0.999148726 -0.033556733 -0.254336655 0.704713821 0.040713631 0.708322644 4.548113823
0.704427540 -0.009061354 -0.709718049 -2.572426319 -0.023720650 0.999059379 -0.036299355 -0.257152259 0.709379435 0.042405244 0.703550041 4.597512722
0.699302554 -0.009802504 -0.714758515 -2.626266718 -0.023478536 0.999051511 -0.036672249 -0.260804474 0.714440107 0.042426489 0.698409081 4.649431705
0.694537699 -0.010131376 -0.719385028 -2.680386543 -0.021880122 0.999140859 -0.035195682 -0.263740093 0.719123423 0.040184967 0.693719327 4.700222015
0.689423025 -0.010033024 -0.724289417 -2.734783173 -0.021473728 0.999181449 -0.034280911 -0.267416000 0.724040508 0.039187249 0.688643336 4.752161980
0.684281826 -0.011083239 -0.729133427 -2.788280487 -0.020923648 0.999174297 -0.034824573 -0.270432532 0.728917480 0.039085951 0.683484972 4.801800728
0.679914474 -0.012355993 -0.733187258 -2.844896793 -0.019744309 0.999186993 -0.035148442 -0.273913980 0.733025551 0.038374212 0.679117739 4.853051662
0.675625443 -0.013580316 -0.737119853 -2.900184393 -0.018214140 0.999217689 -0.035103694 -0.276943594 0.737019837 0.037142962 0.674849570 4.902944565
0.671911657 -0.013636583 -0.740505755 -2.954632521 -0.017144158 0.999276161 -0.033957973 -0.281325936 0.740432799 0.035512101 0.671191573 4.952047348
0.667422295 -0.017449280 -0.744475067 -3.011102200 -0.013946972 0.999257088 -0.035924438 -0.283982515 0.744548798 0.034359939 0.666683197 5.003179550
0.663829029 -0.021250520 -0.747582376 -3.067884445 -0.011217337 0.999200881 -0.038363576 -0.287976712 0.747800231 0.033852734 0.663060188 5.052362919
0.659219921 -0.024942592 -0.751536429 -3.125959635 -0.007615033 0.999177039 -0.039841115 -0.291448414 0.751911700 0.031987026 0.658487499 5.102499485
0.652871668 -0.029234873 -0.756904125 -3.182843447 -0.001691745 0.999196112 -0.040052447 -0.295263320 0.757466733 0.027429597 0.652297378 5.151091576
0.644883990 -0.032536231 -0.763587594 -3.241520882 0.002641140 0.999182463 -0.040344294 -0.299290240 0.764275908 0.024000648 0.644442677 5.200569153
0.636409163 -0.033108994 -0.770640731 -3.298785210 0.004912553 0.999232054 -0.038873076 -0.303223103 0.771336019 0.020953372 0.636083126 5.245939732
0.628047168 -0.031617086 -0.777532756 -3.359693527 0.005239567 0.999323428 -0.036403615 -0.306190550 0.778157651 0.018789250 0.627787948 5.294953823
0.618696690 -0.031517167 -0.784997582 -3.421949148 0.004960360 0.999331713 -0.036213048 -0.310313225 0.785614491 0.018511018 0.618439496 5.343845367
0.610136271 -0.032872241 -0.791614234 -3.483587980 0.004668113 0.999270618 -0.037897352 -0.314013183 0.792282820 0.019427203 0.609844744 5.388514519
0.599875152 -0.035070673 -0.799324691 -3.545445919 0.005202413 0.999188721 -0.039935485 -0.318039298 0.800076842 0.019797893 0.599570870 5.435429573
0.590085864 -0.036633305 -0.806509078 -3.608335972 0.005524820 0.999129891 -0.041340280 -0.321869731 0.807321668 0.019938495 0.589774728 5.481103420
0.580220222 -0.037692368 -0.813587010 -3.672586918 0.008811142 0.999160528 -0.040005952 -0.325908899 0.814411879 0.016043637 0.580065310 5.525664330
0.570197642 -0.037444666 -0.820653677 -3.734590530 0.010459333 0.999210596 -0.038324598 -0.330336362 0.821440995 0.013269105 0.570139110 5.569764137
0.561247706 -0.037913799 -0.826779068 -3.801310062 0.009815254 0.999184906 -0.039156906 -0.333749115 0.827589691 0.013861676 0.561162353 5.611025333
0.550310791 -0.038851082 -0.834055543 -3.866292953 0.010446936 0.999158978 -0.039648857 -0.338359237 0.834894538 0.013105871 0.550253868 5.655579090
0.540901959 -0.038878310 -0.840186715 -3.932996750 0.008910079 0.999139845 -0.040497422 -0.342767596 0.841038525 0.014419003 0.540783167 5.696260452
0.530523002 -0.040689021 -0.846693516 -4.000802517 0.009151725 0.999063969 -0.042277090 -0.346242130 0.847621143 0.014680262 0.530398786 5.739167213
0.520685673 -0.040036272 -0.852809191 -4.065755367 0.008025222 0.999085188 -0.042003572 -0.350397259 0.853710711 0.015026673 0.520530641 5.780383110
0.511807680 -0.038908429 -0.858218551 -4.134868622 0.007745164 0.999142289 -0.040678483 -0.353886127 0.859065115 0.014172514 0.511670053 5.820851326
0.505227089 -0.036415018 -0.862217784 -4.202939034 0.007023341 0.999249756 -0.038087033 -0.357993424 0.862957835 0.013186947 0.505103767 5.858577251
0.496423513 -0.037120592 -0.867286444 -4.269755363 0.008485509 0.999245167 -0.037911542 -0.362226874 0.868039012 0.011460810 0.496363670 5.898901939
0.489323467 -0.040676091 -0.871153295 -4.338570118 0.009549796 0.999101758 -0.041286211 -0.365383774 0.872050047 0.011882974 0.489272356 5.936432838
0.482468635 -0.043928668 -0.874810994 -4.408280373 0.013691782 0.998997688 -0.042613536 -0.370208979 0.875806272 0.008581975 0.482586503 5.974982262
0.477000684 -0.046059534 -0.877695143 -4.476473331 0.014975647 0.998906851 -0.044281647 -0.375152677 0.878775239 0.007978326 0.477169007 6.010612965
0.471319258 -0.049862135 -0.880552053 -4.543928623 0.017918244 0.998735845 -0.046963602 -0.379434019 0.881780684 0.006356904 0.471616805 6.047977924
0.466594607 -0.050824363 -0.883009851 -4.615446091 0.019181477 0.998694301 -0.047347181 -0.384434670 0.884263277 0.005154508 0.466960222 6.084836960
0.462677866 -0.048717622 -0.885186851 -4.686497688 0.020456875 0.998809755 -0.044278447 -0.388361543 0.886290312 0.002378496 0.463123798 6.121598244
0.458134413 -0.046487905 -0.887666464 -4.753628731 0.024102164 0.998913884 -0.039874651 -0.393494666 0.888556123 -0.003126730 0.458757341 6.157265663
0.454495311 -0.045973539 -0.889561951 -4.821565151 0.027237620 0.998917460 -0.037708901 -0.398064762 0.890332639 -0.007091030 0.455255568 6.192055225
0.450896323 -0.046013135 -0.891389608 -4.888161659 0.028390622 0.998904347 -0.037202030 -0.401856422 0.892124653 -0.008532841 0.451708734 6.227372169
0.449234784 -0.044655524 -0.892297029 -4.960578442 0.029639609 0.998945355 -0.035070464 -0.406733662 0.892921865 -0.010692466 0.450084537 6.261439323
0.446807146 -0.044633545 -0.893516183 -5.026680946 0.032143421 0.998910785 -0.033824809 -0.409496486 0.894052565 -0.013607505 0.447755098 6.294716835
0.444804937 -0.044466216 -0.894522965 -5.097329617 0.032920595 0.998903573 -0.033285033 -0.414722204 0.895022213 -0.014642884 0.445781112 6.328943253
0.442252606 -0.045541503 -0.895733595 -5.168272972 0.035518046 0.998815894 -0.033246085 -0.417824030 0.896186948 -0.017111540 0.443346500 6.362823963
0.440130383 -0.043121759 -0.896897793 -5.231087685 0.036953222 0.998869896 -0.029890567 -0.423008323 0.897173166 -0.019987514 0.441226512 6.395008087
0.437124431 -0.044434696 -0.898302674 -5.297385216 0.041881278 0.998701036 -0.029021004 -0.426097870 0.898425400 -0.024936277 0.438417643 6.428592682
0.436354339 -0.043942098 -0.898701191 -5.364489555 0.040263798 0.998759866 -0.029284842 -0.429522514 0.898873568 -0.023406558 0.437582433 6.460049629
0.434419185 -0.045877408 -0.899541676 -5.429813385 0.042869985 0.998623371 -0.030227294 -0.432670027 0.899690032 -0.025432024 0.435787827 6.492445946
0.434710711 -0.045999784 -0.899394512 -5.493517876 0.042193737 0.998638213 -0.030681835 -0.437152803 0.899581134 -0.024611091 0.436059654 6.521249294
0.436078817 -0.048060071 -0.898624241 -5.556009293 0.042142726 0.998567998 -0.032954488 -0.439042091 0.898921072 -0.023499727 0.437479734 6.549538136
0.437171131 -0.045831226 -0.898209929 -5.610547543 0.038917929 0.998729467 -0.032018337 -0.443868160 0.898535907 -0.020958981 0.438399225 6.578574181
0.443199813 -0.046339672 -0.895224333 -5.678768158 0.036318757 0.998771191 -0.033719216 -0.446927726 0.895686805 -0.017569078 0.444338232 6.607734680
0.447488159 -0.047784217 -0.893012345 -5.738214016 0.036611531 0.998713136 -0.035094138 -0.449830741 0.893540084 -0.016990336 0.448661834 6.637079239
0.452575088 -0.047282062 -0.890471876 -5.798474789 0.035324726 0.998760045 -0.035078418 -0.453919291 0.891026318 -0.015580058 0.453684151 6.668863297
0.459486008 -0.044591423 -0.887064993 -5.856267452 0.032936510 0.998907387 -0.033152971 -0.458435923 0.887574136 -0.013983497 0.460452676 6.699038029
0.466023296 -0.045726124 -0.883590102 -5.913726807 0.034767013 0.998838723 -0.033353455 -0.460291475 0.884089172 -0.015176300 0.467071891 6.729770184
0.476225495 -0.044794314 -0.878181398 -5.974021435 0.032412205 0.998917162 -0.033376116 -0.463179022 0.878725588 -0.012569238 0.477161735 6.759274960
0.484034836 -0.045610595 -0.873859167 -6.028066635 0.033846438 0.998869181 -0.033387724 -0.466520488 0.874393880 -0.013416198 0.485031307 6.790723801
0.495074868 -0.043690525 -0.867751062 -6.087214470 0.029277062 0.999006569 -0.033595789 -0.470306158 0.868356943 -0.008772772 0.495862156 6.822320938
0.503963828 -0.044383071 -0.862583637 -6.140619278 0.026712392 0.999002039 -0.035795599 -0.473796010 0.863311589 -0.005001985 0.504646540 6.854718208
0.516782999 -0.045405809 -0.854911447 -6.195600033 0.024112159 0.998968482 -0.038481418 -0.476479560 0.855776787 -0.000727219 0.517344713 6.884875774
0.530434012 -0.046261784 -0.846463025 -6.253485203 0.023485884 0.998928607 -0.039877117 -0.477951825 0.847400904 0.001272250 0.530952156 6.917509556
0.541338146 -0.041700657 -0.839770257 -6.304117680 0.021089809 0.999128520 -0.036018901 -0.482911050 0.840540469 0.001787813 0.541745842 6.951539040
0.553259492 -0.039303031 -0.832081199 -6.356303692 0.020050541 0.999225259 -0.033866201 -0.486421496 0.832767725 0.002053119 0.553618789 6.986719608
0.564398885 -0.038610943 -0.824598730 -6.408213615 0.019353643 0.999249876 -0.033542141 -0.489249110 0.825275183 0.002972161 0.564722836 7.021107674
0.575338721 -0.039554846 -0.816958189 -6.457957745 0.019964864 0.999211490 -0.034318894 -0.492199600 0.817671418 0.003434524 0.575674772 7.056137562
0.588066339 -0.037797462 -0.807929158 -6.510183334 0.017768620 0.999270141 -0.033815779 -0.496713787 0.808617532 0.005530133 0.588308752 7.090562344
0.598167658 -0.039599162 -0.800392032 -6.559289932 0.019796725 0.999203682 -0.034640376 -0.499739617 0.801126420 0.004875609 0.598475277 7.127575874
0.609164894 -0.038248032 -0.792120814 -6.608213425 0.019681375 0.999257743 -0.033114202 -0.503480673 0.792799354 0.004581988 0.609465480 7.164224148
0.620203733 -0.036116481 -0.783608854 -6.655978203 0.017935239 0.999331295 -0.031863894 -0.506334960 0.784235537 0.005707892 0.620436788 7.200191498
0.629972994 -0.033486079 -0.775894701 -6.702785492 0.018056626 0.999431491 -0.028472744 -0.509270072 0.776407123 0.003927019 0.630219400 7.237920284
0.639762521 -0.032137368 -0.767900586 -6.748344421 0.016936222 0.999472260 -0.027718760 -0.511940181 0.768386006 0.004728087 0.639969051 7.275264263
0.649602711 -0.031447154 -0.759623230 -6.793043613 0.014794329 0.999477863 -0.028725162 -0.514866471 0.760129869 0.007421825 0.649728775 7.312618732
0.658836722 -0.030481422 -0.751668155 -6.836980343 0.012152472 0.999479592 -0.029878963 -0.517431021 0.752187788 0.010550726 0.658864319 7.350183487
0.668126702 -0.030613255 -0.743417382 -6.880198956 0.012287509 0.999470949 -0.030114222 -0.519721270 0.743946016 0.010985369 0.668149352 7.387883663
0.676988363 -0.028564772 -0.735439241 -6.921868801 0.011739877 0.999538541 -0.028015679 -0.522403479 0.735900104 0.010332320 0.677011251 7.426171780
0.685412645 -0.026649872 -0.727667093 -6.963125229 0.011635028 0.999603271 -0.025649793 -0.525184155 0.728061914 0.009114265 0.685450852 7.464562416
0.693457007 -0.026270229 -0.720018983 -7.003657341 0.011692604 0.999613822 -0.025210125 -0.527395010 0.720403135 0.009063244 0.693496406 7.503101826
0.701200545 -0.025586100 -0.712504804 -7.043417454 0.010803234 0.999622405 -0.025264682 -0.529813290 0.712882221 0.010018256 0.701212227 7.540878773
0.708198726 -0.024915552 -0.705573440 -7.082363129 0.010106667 0.999632418 -0.025155239 -0.531669974 0.705940843 0.010683915 0.708190322 7.580039024
0.715666175 -0.021523759 -0.698110819 -7.120497227 0.008775281 0.999723256 -0.021826953 -0.534570217 0.698387384 0.009494695 0.715656936 7.617582798
0.723110378 -0.018495571 -0.690484822 -7.159020901 0.007005417 0.999786377 -0.019444210 -0.536576748 0.690696895 0.009223172 0.723085463 7.656661987
0.729776621 -0.017316174 -0.683466375 -7.194692135 0.006640868 0.999811590 -0.018240197 -0.538968384 0.683653414 0.008772460 0.729754090 7.694800377
0.737272024 -0.016771533 -0.675387800 -7.230512142 0.006025998 0.999815285 -0.018249713 -0.540760696 0.675569177 0.009385119 0.737236857 7.733358383
0.745140791 -0.013375432 -0.666773021 -7.265919685 0.002678453 0.999850810 -0.017063692 -0.542607129 0.666901827 0.010928932 0.745065451 7.771502495
0.753931582 -0.010810764 -0.656863987 -7.299066067 0.001608343 0.999891937 -0.014610356 -0.544276834 0.656951010 0.009958745 0.753867507 7.809337616
0.763676822 -0.006605362 -0.645564854 -7.333232880 -0.000837739 0.999936640 -0.011222273 -0.545886457 0.645598173 0.009111004 0.763622940 7.846472263
0.772743821 -0.004329875 -0.634703279 -7.365696430 -0.002760693 0.999944329 -0.010182623 -0.548706770 0.634712040 0.009620778 0.772688866 7.887550354
0.782751381 -0.001739907 -0.622332156 -7.398182392 -0.005763210 0.999932945 -0.010044398 -0.551919281 0.622307897 0.011448897 0.782688856 7.926478386
0.792002559 -0.005015442 -0.610497355 -7.427272320 -0.004084383 0.999900341 -0.013513220 -0.551074624 0.610504150 0.013196009 0.791903019 7.964435101
0.801818311 -0.003958111 -0.597554922 -7.455944538 -0.005107891 0.999896169 -0.013477093 -0.551807523 0.597546101 0.013858425 0.801714778 8.002450943
0.811491072 -0.002740160 -0.584358394 -7.484549522 -0.005155137 0.999916553 -0.011847664 -0.553805351 0.584342062 0.012626718 0.811409235 8.041123390
0.821516573 -0.000108200 -0.570184350 -7.513513565 -0.006393320 0.999935448 -0.009401191 -0.554945290 0.570148468 0.011368609 0.821462929 8.080455780
0.830792785 0.001227390 -0.556580484 -7.539259911 -0.006196765 0.999956012 -0.007044610 -0.556293964 0.556547344 0.009301609 0.830763817 8.119223595
0.839788139 0.002758293 -0.542907238 -7.564884186 -0.005961388 0.999973714 -0.004140822 -0.557037294 0.542881489 0.006713894 0.839782417 8.157797813
0.847781062 0.003722752 -0.530333459 -7.591063499 -0.005541841 0.999983013 -0.001839557 -0.559371769 0.530317485 0.004498566 0.847787082 8.198043823
0.854377568 0.003304651 -0.519642174 -7.616312027 -0.004466923 0.999989450 -0.000984952 -0.559402823 0.519633412 0.003162722 0.854383409 8.240950584
0.860607564 0.002571167 -0.509262383 -7.639870644 -0.003665466 0.999992549 -0.001145537 -0.559594154 0.509255707 0.002852542 0.860610545 8.282005310
0.867159665 0.004495247 -0.498010010 -7.664925575 -0.005539177 0.999984384 -0.000618808 -0.561426818 0.497999519 0.003295170 0.867171049 8.323498726
0.873660445 0.006330593 -0.486494958 -7.689585686 -0.007212985 0.999974132 0.000059049 -0.561988890 0.486482739 0.003457493 0.873683393 8.365857124
0.879670084 0.007169009 -0.475530416 -7.713105679 -0.008144653 0.999966800 0.000008756 -0.562374949 0.475514710 0.003865329 0.879699349 8.408473015
0.885206282 0.005925104 -0.465160936 -7.735729218 -0.006618221 0.999978244 0.000142926 -0.563437581 0.465151608 0.002952020 0.885226071 8.452122688
0.890285552 0.005404922 -0.455370635 -7.759062767 -0.006580965 0.999977827 -0.000997288 -0.564264596 0.455355197 0.003884650 0.890301406 8.495260239
0.894573271 0.003793281 -0.446905375 -7.780470371 -0.005165080 0.999984920 -0.001851215 -0.564313471 0.446891665 0.003964350 0.894579291 8.537748337
0.897741914 0.005424566 -0.440488309 -7.802574158 -0.006760670 0.999976039 -0.001464059 -0.564917326 0.440469801 0.004292343 0.897757173 8.583376884
0.900640011 0.007051213 -0.434508622 -7.825278282 -0.006796675 0.999974549 0.002139603 -0.565868974 0.434512675 0.001026201 0.900665045 8.629726410
0.903439164 0.011658825 -0.428557664 -7.846586227 -0.009846449 0.999930739 0.006445686 -0.566731930 0.428603083 -0.001603514 0.903491437 8.675342560
0.906675994 0.014157582 -0.421590090 -7.869141102 -0.011640408 0.999895751 0.008543911 -0.566126585 0.421667099 -0.002839079 0.906746268 8.721940041
0.909681559 0.016622765 -0.414973646 -7.891611099 -0.013244905 0.999851584 0.011016730 -0.566525877 0.415095180 -0.004525430 0.909766734 8.770437241
0.912864268 0.018135568 -0.407860100 -7.913100243 -0.013909744 0.999814451 0.013324413 -0.566428483 0.408026069 -0.006490150 0.912947178 8.817491531
0.915599942 0.019643132 -0.401610374 -7.934849739 -0.014383702 0.999766827 0.016107241 -0.566469908 0.401833177 -0.008971144 0.915668905 8.868353844
0.919118166 0.019352738 -0.393506378 -7.958074570 -0.013655835 0.999757528 0.017272206 -0.565446615 0.393745244 -0.010501539 0.919159591 8.919480324
0.922483206 0.019037904 -0.385567486 -7.978627205 -0.013152720 0.999753356 0.017895818 -0.564730406 0.385813147 -0.011437331 0.922506034 8.968952179
0.925880551 0.018292386 -0.377373278 -7.999928474 -0.012517769 0.999764085 0.017749308 -0.564306498 0.377608955 -0.011709867 0.925891042 9.020281792
0.929413080 0.016027549 -0.368692726 -8.020891190 -0.010394639 0.999796987 0.017259305 -0.564399123 0.368894547 -0.012208596 0.929391086 9.074474335
0.933286190 0.014464706 -0.358842283 -8.041649818 -0.009336352 0.999827981 0.016020223 -0.564007163 0.359012306 -0.011601174 0.933260739 9.127686501
0.937648296 0.012663901 -0.347354740 -8.061693192 -0.008441158 0.999871075 0.013667375 -0.563312531 0.347482979 -0.009883115 0.937634170 9.179526329
0.942296863 0.015990432 -0.334396392 -8.081984520 -0.012358045 0.999839246 0.012987333 -0.564107180 0.334550321 -0.008105436 0.942343056 9.236522675
0.947818696 0.019417144 -0.318217814 -8.101073265 -0.015882393 0.999780059 0.013698928 -0.563706040 0.318413764 -0.007930041 0.947918653 9.291873932
0.953833222 0.023356847 -0.299427122 -8.120222092 -0.019383360 0.999680281 0.016233962 -0.563559592 0.299710542 -0.009680589 0.953981102 9.346868515
0.959886312 0.025527483 -0.279224932 -8.138915062 -0.021521123 0.999616802 0.017404867 -0.562985957 0.279562265 -0.010697460 0.960067987 9.407988548
0.965795815 0.028517986 -0.257730871 -8.156046867 -0.024661265 0.999530435 0.018185049 -0.562834501 0.258128434 -0.011207077 0.966045618 9.466062546
0.971138358 0.029542658 -0.236679867 -8.168906212 -0.025695596 0.999482989 0.019323172 -0.561993420 0.237128377 -0.012683845 0.971395552 9.522385597
0.976259351 0.029851763 -0.214538187 -8.184130669 -0.025935709 0.999441981 0.021045795 -0.560086846 0.215046763 -0.014981952 0.976488829 9.585031509
0.980906725 0.031821173 -0.191858292 -8.199014664 -0.027677352 0.999322951 0.024240464 -0.560936391 0.192499772 -0.018467505 0.981123149 9.651335716
0.984990180 0.034936272 -0.169037655 -8.212507248 -0.030677548 0.999144316 0.027741114 -0.559031188 0.169862181 -0.022139065 0.985219121 9.715628624
0.988483191 0.036253963 -0.146923438 -8.222766876 -0.032099299 0.999017596 0.030551486 -0.558086753 0.147886723 -0.025483493 0.988675952 9.778357506
0.991547167 0.037907623 -0.124085642 -8.232324600 -0.034398444 0.998948634 0.030302389 -0.557642162 0.125103891 -0.025777897 0.991808712 9.848141670
0.994061828 0.036919728 -0.102362536 -8.239249229 -0.034255523 0.999030054 0.027664596 -0.556379437 0.103284635 -0.023993833 0.994362354 9.911934853
0.995944142 0.038318925 -0.081406102 -8.244892120 -0.036246363 0.998983741 0.026787072 -0.556552887 0.082349844 -0.023727752 0.996320963 9.976281166
0.997500241 0.036177263 -0.060698811 -8.252124786 -0.034552239 0.999021411 0.027611570 -0.553551555 0.061638318 -0.025445269 0.997774124 10.052573204
0.998524308 0.036560923 -0.040156215 -8.257412910 -0.035399172 0.998944521 0.029270737 -0.553379416 0.041183993 -0.027806047 0.998764575 10.122991562
0.999076426 0.037971742 -0.020105373 -8.258356094 -0.037360076 0.998852372 0.029971749 -0.552984297 0.021220371 -0.029192930 0.999348581 10.191849709
0.999263108 0.038377013 0.000605787 -8.260869980 -0.038378153 0.998826861 0.029528895 -0.550189018 0.000528155 -0.029530387 0.999563754 10.268024445
0.999046266 0.038374636 0.020830614 -8.259530067 -0.038975947 0.998811305 0.029271968 -0.547901392 -0.019682551 -0.030055946 0.999354422 10.338217735
0.998312354 0.041199930 0.040927012 -8.255308151 -0.042403407 0.998679996 0.028985687 -0.548354387 -0.039678782 -0.030672211 0.998741627 10.406334877
0.997196853 0.042070147 0.061876338 -8.256410599 -0.043816537 0.998670816 0.027142422 -0.546654820 -0.060652211 -0.029777544 0.997714698 10.484261513
0.995744348 0.042975482 0.081525043 -8.251213074 -0.045086563 0.998689115 0.024232307 -0.545202672 -0.080376796 -0.027804868 0.996376634 10.561034203
0.994096041 0.044385672 0.099009566 -8.239802361 -0.046688676 0.998687327 0.021064816 -0.544353366 -0.097944602 -0.025563074 0.994863510 10.633814812
0.991918445 0.045517772 0.118431434 -8.231734276 -0.048133478 0.998654068 0.019318953 -0.545905173 -0.117392674 -0.024863340 0.992774308 10.712398529
0.989458203 0.044632018 0.137769416 -8.227889061 -0.047138020 0.998776197 0.014979498 -0.542126477 -0.136932239 -0.021315765 0.990351140 10.788388252
0.986668944 0.046115607 0.156069472 -8.216880798 -0.048166957 0.998795211 0.009385575 -0.541757286 -0.155448616 -0.016777847 0.987701476 10.863756180
0.983651876 0.048314009 0.173478618 -8.203963280 -0.049566273 0.998766720 0.002891076 -0.543748081 -0.173124999 -0.011442502 0.984833360 10.940464973
0.980289578 0.049982127 0.191139013 -8.190448761 -0.050337970 0.998727858 -0.002996423 -0.543095350 -0.191045597 -0.006684189 0.981558383 11.026098251
0.976774395 0.051547006 0.207977653 -8.174793243 -0.051078886 0.998665512 -0.007624179 -0.543465495 -0.208093092 -0.003176166 0.978103817 11.104101181
0.972628415 0.054247223 0.225945428 -8.159543991 -0.053175196 0.998526335 -0.010832633 -0.544360638 -0.226200134 -0.001478566 0.974079728 11.182243347
0.968561888 0.053501431 0.242951587 -8.137457848 -0.052458961 0.998565078 -0.010763095 -0.548337638 -0.243178844 -0.002320264 0.969978631 11.267253876
0.964123905 0.052724469 0.260163665 -8.117853165 -0.051332962 0.998607814 -0.012145120 -0.548964083 -0.260441780 -0.001645572 0.965488076 11.349055290
0.959600866 0.052969236 0.276333869 -8.094865799 -0.050084881 0.998591781 -0.017490275 -0.552513838 -0.276871204 0.002943538 0.960902512 11.427212715
0.954796493 0.053885214 0.292335540 -8.072668076 -0.049621437 0.998526037 -0.021986419 -0.554789782 -0.293089390 0.006486447 0.956062973 11.503553391
0.949366808 0.056513987 0.309045136 -8.047908783 -0.052124564 0.998388231 -0.022448391 -0.557603359 -0.309815675 0.005202916 0.950782418 11.584628105
0.943542302 0.058690891 0.326011181 -8.018164635 -0.053908814 0.998264790 -0.023691829 -0.560816288 -0.326835990 0.004779364 0.945069015 11.673962593
0.937200129 0.062324114 0.343178809 -7.990415096 -0.056368373 0.998036385 -0.027313128 -0.562881827 -0.344207227 0.006253437 0.938872933 11.754090309
0.930729687 0.063254990 0.360195756 -7.961370468 -0.055674959 0.997955382 -0.031392120 -0.567165613 -0.361445040 0.009163691 0.932348371 11.832588196
0.924006104 0.064723447 0.376859993 -7.926137924 -0.055861395 0.997845411 -0.034409899 -0.571114659 -0.378275156 0.010743025 0.925630987 11.922791481
0.917037487 0.064742312 0.393510461 -7.893027306 -0.053312190 0.997779548 -0.039920859 -0.574974000 -0.395221263 0.015630022 0.918452978 11.995904922
0.908395410 0.068714768 0.412426949 -7.857955933 -0.054220185 0.997433603 -0.046759900 -0.578259826 -0.414581537 0.020114612 0.909789860 12.080604553
0.898015976 0.072076544 0.434018642 -7.821726799 -0.055732235 0.997178674 -0.050285302 -0.586079597 -0.436418533 0.020968180 0.899499357 12.168452263
0.886600614 0.074788287 0.456449389 -7.781203270 -0.057285734 0.996998250 -0.052085124 -0.592076361 -0.458974600 0.020030664 0.888223588 12.248179436
0.873251081 0.079930104 0.480670094 -7.740426064 -0.060426224 0.996603608 -0.055945590 -0.596614242 -0.483509362 0.019809468 0.875115037 12.327913284
0.858465254 0.085187539 0.505747437 -7.697519302 -0.063633196 0.996181130 -0.059783474 -0.603802919 -0.508908927 0.019139711 0.860607624 12.408508301
0.843819082 0.087496035 0.529446900 -7.648183346 -0.063597322 0.995970309 -0.063233592 -0.611765385 -0.532846153 0.019686311 0.845983148 12.492328644
0.828530371 0.089228809 0.552788973 -7.599219799 -0.062994070 0.995807767 -0.066322319 -0.617927074 -0.556389391 0.020127639 0.830677867 12.568490982
0.812733948 0.090769432 0.575521171 -7.550720215 -0.062309779 0.995666027 -0.069041386 -0.625488937 -0.579293728 0.020251682 0.814867318 12.642490387
0.796788394 0.092982121 0.597061932 -7.492181778 -0.059918948 0.995377898 -0.075050250 -0.632806182 -0.601280570 0.024023846 0.798676670 12.723332405
0.780445099 0.094746977 0.618003607 -7.436586380 -0.057111893 0.995122015 -0.080439806 -0.641664743 -0.622610569 0.027483502 0.782049179 12.797472954
0.764393806 0.097391039 0.637351751 -7.378476143 -0.056370795 0.994835317 -0.084409535 -0.650523067 -0.642280877 0.028594095 0.765935838 12.869751930
0.747782230 0.099288233 0.656478047 -7.317215919 -0.054942746 0.994617760 -0.087845489 -0.660517931 -0.661666870 0.029620592 0.749212742 12.945384979
0.731648445 0.099883176 0.674324811 -7.256206989 -0.052785661 0.994538188 -0.090041339 -0.670303047 -0.679635346 0.030283915 0.732924759 13.015235901
0.715750754 0.100834779 0.691037714 -7.193301678 -0.051029265 0.994427383 -0.092250586 -0.679183006 -0.696488917 0.030765278 0.716907740 13.086671829
0.701142311 0.101444833 0.705767870 -7.124331474 -0.047980789 0.994296312 -0.095250674 -0.690279007 -0.711405039 0.032920986 0.702010691 13.155995369
0.685448050 0.102738529 0.720836759 -7.060666084 -0.044923201 0.994076371 -0.098964728 -0.699509263 -0.726734400 0.035452891 0.686003149 13.224431992
0.669849157 0.105946973 0.734899640 -6.997434616 -0.042325258 0.993606448 -0.104664743 -0.707513094 -0.741289914 0.039004758 0.670050621 13.292538643
