0.999759734 -0.007502947 0.020595921 0.001435360 0.007509804 0.999971747 -0.000255640 -0.000537305 -0.020593429 0.000410250 0.999787867 0.045326091
0.999787033 -0.008994688 0.018575331 0.001734074 0.009030657 0.999957502 -0.001853413 -0.000563505 -0.018557874 0.002020766 0.999825716 0.061070498
0.999863446 -0.011578851 0.011790491 0.001978728 0.011617298 0.999927402 -0.003197576 -0.000768881 -0.011752611 0.003334113 0.999925375 0.077253453
0.999914348 -0.013073049 -0.000629754 0.001741347 0.013069688 0.999901712 -0.005075667 -0.000985150 0.000696046 0.005067001 0.999986947 0.095499173
0.999779761 -0.012505276 -0.016854167 0.000603079 0.012415816 0.999908268 -0.005402223 -0.001209958 0.016920179 0.005191775 0.999843359 0.110308401
0.999307752 -0.008083993 -0.036312230 -0.001024942 0.007893641 0.999954343 -0.005382420 -0.001474687 0.036354080 0.005092058 0.999325991 0.127729461
0.998413146 -0.004327169 -0.056146353 -0.002997912 0.003973349 0.999971509 -0.006411854 -0.001995336 0.056172498 0.006178590 0.998401999 0.145639569
0.997082710 -0.004346109 -0.076204777 -0.005119640 0.003831740 0.999969006 -0.006894734 -0.002141527 0.076232374 0.006582624 0.997068346 0.163642913
0.995139122 -0.006104718 -0.098288506 -0.006763957 0.005441646 0.999960601 -0.007012857 -0.001855322 0.098327443 0.006443919 0.995133221 0.183085158
0.993060529 -0.007320659 -0.117376164 -0.010021023 0.006730306 0.999962747 -0.005425154 -0.002624181 0.117411487 0.004597528 0.993072689 0.201935083
0.990685523 -0.006450771 -0.136017427 -0.013187096 0.005821694 0.999970496 -0.005022250 -0.002752698 0.136045784 0.004183619 0.990693688 0.222728699
0.988590539 -0.004946695 -0.150546730 -0.017555140 0.004352455 0.999981403 -0.004276464 -0.003093593 0.150565088 0.003572424 0.988593638 0.242543444
0.986452818 -0.004159857 -0.163993195 -0.021831132 0.003511301 0.999984860 -0.004244460 -0.003609780 0.164008349 0.003611130 0.986452341 0.263650924
0.984345853 -0.006309855 -0.176135212 -0.026058102 0.005530890 0.999972641 -0.004913121 -0.004029640 0.176161423 0.003862025 0.984353662 0.285638690
0.982610881 -0.010137163 -0.185399845 -0.030890899 0.009000232 0.999935210 -0.006972935 -0.004608775 0.185458526 0.005183040 0.982638359 0.308774114
0.980960667 -0.009157200 -0.193990126 -0.035107210 0.007518944 0.999929547 -0.009179680 -0.004750871 0.194060519 0.007546303 0.980960548 0.332046866
0.979421794 -0.009226599 -0.201613352 -0.040677626 0.007202612 0.999916017 -0.010770268 -0.005129890 0.201695800 0.009096490 0.979405940 0.356399417
0.977719724 -0.009737086 -0.209688619 -0.045883361 0.007062824 0.999883950 -0.013498551 -0.005525051 0.209795743 0.011716807 0.977674961 0.380352288
0.976082802 -0.013168858 -0.216999456 -0.052083775 0.010050753 0.999829829 -0.015466622 -0.005943649 0.217166230 0.012915697 0.976049185 0.406123251
0.974152684 -0.019858250 -0.225015715 -0.057488535 0.016501045 0.999722898 -0.016790852 -0.006537969 0.225286767 0.012643861 0.974210441 0.431513190
0.972036719 -0.020174094 -0.233960688 -0.063852586 0.016203774 0.999690354 -0.018880054 -0.007414083 0.234269142 0.014561057 0.972062707 0.458361000
0.970015407 -0.016791211 -0.242462754 -0.071481146 0.011522555 0.999666035 -0.023131579 -0.007953417 0.242770210 0.019644201 0.969884813 0.484858274
0.967832327 -0.013825345 -0.251215816 -0.079148039 0.007513124 0.999631941 -0.026068468 -0.008961759 0.251483768 0.023342492 0.967580020 0.512691319
0.965574741 -0.016044531 -0.259630322 -0.087053850 0.008997750 0.999558806 -0.028307376 -0.009875453 0.259969950 0.024996798 0.965293109 0.540888488
0.963105798 -0.019289155 -0.268430948 -0.094590440 0.011583028 0.999474883 -0.030262331 -0.010811415 0.268873751 0.026036583 0.962823391 0.569925606
0.960839689 -0.018839609 -0.276463896 -0.102968037 0.010181013 0.999412715 -0.032721173 -0.011950182 0.276917994 0.028625119 0.960467100 0.598337531
0.958639503 -0.017112559 -0.284108222 -0.112942524 0.007069006 0.999314547 -0.036338970 -0.013324509 0.284535319 0.032827608 0.958103359 0.628413677
0.956454337 -0.017958054 -0.291328937 -0.122492634 0.006192679 0.999129415 -0.041257162 -0.014925692 0.291816264 0.037656486 0.955732882 0.658466339
0.954445720 -0.019827479 -0.297725141 -0.131929070 0.005621415 0.998807609 -0.048496082 -0.016722912 0.298331648 0.044613238 0.953419089 0.689392328
0.953161538 -0.020833092 -0.301743358 -0.142211378 0.003757656 0.998363733 -0.057059575 -0.018333737 0.302438259 0.053253148 0.951680183 0.720823109
0.952063560 -0.020820698 -0.305191040 -0.153575063 0.000729915 0.997832775 -0.065796986 -0.020113163 0.305899471 0.062420145 0.950015426 0.752656639
0.950536430 -0.021200944 -0.309888870 -0.164316639 -0.002078057 0.997211635 -0.074598007 -0.022659048 0.310606271 0.071552090 0.947841763 0.784480035
0.949395359 -0.018985018 -0.313509256 -0.176344216 -0.007058280 0.996629715 -0.081726879 -0.025317308 0.314004183 0.079803966 0.946061671 0.818310320
0.947796166 -0.017676605 -0.318386704 -0.188493341 -0.010975892 0.996062160 -0.087974489 -0.028814472 0.318688005 0.086876459 0.943870008 0.851181448
0.946205378 -0.015459288 -0.323197186 -0.200753510 -0.015787207 0.995462656 -0.093834624 -0.031975232 0.323181301 0.093889214 0.941668034 0.885295808
0.944571018 -0.014382133 -0.327991992 -0.213560507 -0.019083548 0.994945586 -0.098585352 -0.035975017 0.327752113 0.099380098 0.939522326 0.920407712
0.942822695 -0.011223467 -0.333105803 -0.226413086 -0.024193158 0.994491756 -0.101984106 -0.039575554 0.332415640 0.104211807 0.937357903 0.954895139
0.941291451 -0.010585013 -0.337429196 -0.240136236 -0.025747079 0.994346440 -0.103016213 -0.043703739 0.336611897 0.105656102 0.935697198 0.990220904
0.938950181 -0.010643823 -0.343888462 -0.253761053 -0.026338888 0.994364381 -0.102692448 -0.046903029 0.343043476 0.105480738 0.933378279 1.026589870
0.936605275 -0.010207772 -0.350237608 -0.268124282 -0.026950113 0.994515777 -0.101055399 -0.050972294 0.349348396 0.104087979 0.931193650 1.061968565
0.933852136 -0.011646107 -0.357469648 -0.281986356 -0.025715090 0.994696856 -0.099584498 -0.054823127 0.356733680 0.102189571 0.928600192 1.099602103
0.931114972 -0.008222524 -0.364633143 -0.297163695 -0.028975580 0.994918168 -0.096426606 -0.059145354 0.363573045 0.100349702 0.926145017 1.134988070
0.927649677 -0.006772296 -0.373390257 -0.312586904 -0.029191313 0.995461464 -0.090577789 -0.063195311 0.372309089 0.094924212 0.923241735 1.172920823
0.924316525 -0.002648258 -0.381617695 -0.329138637 -0.032344490 0.995834291 -0.085252248 -0.067254454 0.380253732 0.091143295 0.920380414 1.208699822
0.920778811 0.001269811 -0.390082836 -0.345953494 -0.035877787 0.996031702 -0.081446119 -0.071032800 0.388431489 0.088989176 0.917170525 1.248268008
0.917053282 0.001761920 -0.398760796 -0.363201827 -0.036317084 0.996203423 -0.079118803 -0.074788347 0.397107512 0.087037988 0.913635612 1.285649538
0.913034022 0.001165672 -0.407881737 -0.380934149 -0.036256593 0.996269286 -0.078312375 -0.078221843 0.406268746 0.086290255 0.909670055 1.324290514
0.909202874 0.001713904 -0.416349918 -0.398720026 -0.037405226 0.996283948 -0.077582352 -0.081956491 0.414669722 0.086111762 0.905888379 1.361356497
0.905376673 0.002010245 -0.424604535 -0.417103231 -0.037810478 0.996397793 -0.075905271 -0.085096911 0.422922432 0.084777363 0.902191460 1.399469733
0.901607692 0.002143951 -0.432549447 -0.436521411 -0.037471563 0.996615589 -0.073166102 -0.089099184 0.430928618 0.082175434 0.898636520 1.438476443
0.897590697 0.002131662 -0.440824658 -0.457180858 -0.036437578 0.996925175 -0.069372080 -0.092195854 0.439321339 0.078330338 0.894908428 1.479781508
0.893578231 0.004241936 -0.448887408 -0.476932704 -0.036791749 0.997283280 -0.063815325 -0.095701084 0.447397143 0.073539361 0.891306758 1.520397305
0.889948606 0.004405964 -0.456039459 -0.500718176 -0.035417043 0.997601092 -0.059477214 -0.098913424 0.454683512 0.069083229 0.887969851 1.562815189
0.886678338 0.003488636 -0.462373525 -0.521472812 -0.034052625 0.997748852 -0.057773519 -0.101895437 0.461131066 0.066971555 0.884801090 1.601637721
0.883320093 0.004053698 -0.468752742 -0.544726253 -0.034634605 0.997793972 -0.056636874 -0.105164558 0.467489034 0.066263556 0.881511807 1.643996000
0.880060077 0.003103808 -0.474852175 -0.568460703 -0.032900166 0.997974217 -0.054451890 -0.108007625 0.473721236 0.063543640 0.878379345 1.688652754
0.877265334 0.002811184 -0.479997665 -0.592307627 -0.032582801 0.998025119 -0.053704679 -0.110724553 0.478898734 0.062752917 0.875624359 1.730968475
0.874409974 0.000801952 -0.485187352 -0.615564585 -0.030221630 0.998146832 -0.052815937 -0.114567384 0.484245896 0.060845926 0.872813702 1.772238374
0.872367740 0.000800071 -0.488849550 -0.637939692 -0.030732052 0.998110354 -0.053208783 -0.117159963 0.487883270 0.061440974 0.870743990 1.811751485
0.870844007 -0.000348090 -0.491559327 -0.663169742 -0.029839551 0.998118103 -0.053570401 -0.120143354 0.490652949 0.061319374 0.869194865 1.855512977
0.870164812 0.000066919 -0.492760718 -0.691646934 -0.030015266 0.998150289 -0.052868318 -0.123005018 0.491845757 0.060794499 0.868557274 1.906668901
0.870282531 0.000878160 -0.492551982 -0.715912700 -0.030166660 0.998216093 -0.051521305 -0.125643253 0.491628170 0.059696738 0.868756652 1.949114084
0.870020628 -0.000690536 -0.493014783 -0.744033217 -0.027889034 0.998328805 -0.050613947 -0.129576176 0.492225766 0.057784878 0.868547440 1.996342897
0.869227648 -0.002562955 -0.494405359 -0.769252181 -0.026219454 0.998340487 -0.051272452 -0.132537588 0.493716270 0.057530474 0.867717922 2.040670395
0.868085384 -0.006597297 -0.496371210 -0.794448853 -0.021771368 0.998443604 -0.051345505 -0.135036901 0.495937407 0.055378955 0.866590619 2.084527016
0.866815507 -0.004045337 -0.498612583 -0.825986385 -0.024315448 0.998434484 -0.050371796 -0.138362616 0.498035789 0.055787034 0.865360141 2.137745857
0.864992917 -0.003768978 -0.501769781 -0.852776408 -0.022473039 0.998677373 -0.046242349 -0.141138285 0.501280487 0.051275600 0.863764286 2.182015896
0.861798465 -0.004642895 -0.507229507 -0.881601095 -0.019375894 0.998926997 -0.042063858 -0.144667715 0.506880522 0.046078593 0.860783875 2.231686592
0.857834101 -0.005490613 -0.513897359 -0.909251511 -0.017825060 0.999023378 -0.040428683 -0.147170082 0.513617575 0.043841351 0.856898546 2.277195454
0.852674067 -0.007626161 -0.522387803 -0.938087225 -0.017023923 0.998956919 -0.042370934 -0.150776327 0.522166073 0.045021679 0.851654649 2.324333191
0.846946239 -0.010676367 -0.531571507 -0.967258811 -0.016034203 0.998830736 -0.045608141 -0.154013038 0.531436861 0.047150958 0.845784545 2.368627548
0.840745628 -0.011680579 -0.541304231 -0.996584296 -0.015184916 0.998865247 -0.045139074 -0.156407863 0.541217268 0.046170142 0.839614272 2.411312103
0.834721327 -0.008295803 -0.550609946 -1.029222250 -0.016464638 0.999063611 -0.040012740 -0.159215242 0.550426185 0.042465094 0.833803117 2.464545727
0.830132484 -0.003471986 -0.557555377 -1.061564207 -0.019507289 0.999187589 -0.035266083 -0.161859930 0.557224870 0.040151920 0.829390407 2.508963823
0.826222122 -0.003477187 -0.563333571 -1.091150761 -0.020970475 0.999098003 -0.036923625 -0.164322942 0.562953830 0.042320501 0.825404048 2.550198078
0.821902037 -0.006166575 -0.569595456 -1.122382402 -0.020897055 0.998942018 -0.040968344 -0.167943597 0.569245398 0.045574840 0.820903540 2.599945545
0.818815529 -0.008615276 -0.573992133 -1.150857210 -0.022981154 0.998593807 -0.047771532 -0.170655996 0.573596656 0.052307073 0.817466140 2.641172886
0.815843284 -0.009183734 -0.578200281 -1.186375260 -0.024089171 0.998466253 -0.049848884 -0.173778415 0.577771246 0.054597240 0.814370692 2.688194513
0.812141895 -0.008264821 -0.583401442 -1.217589140 -0.022631634 0.998701096 -0.045653265 -0.176996499 0.583020926 0.050280266 0.810899794 2.733118057
0.809098840 -0.005369833 -0.587648034 -1.249944925 -0.022979418 0.998904407 -0.040766865 -0.179606453 0.587223113 0.046488233 0.808089077 2.776810169
0.806452096 -0.002468369 -0.591294289 -1.285971880 -0.024538206 0.998990119 -0.037637372 -0.182652488 0.590790093 0.044862036 0.805577040 2.823446274
0.802783251 -0.003745284 -0.596259117 -1.315389156 -0.023560597 0.999000072 -0.037996214 -0.185461238 0.595805287 0.044550952 0.801892281 2.864544868
0.799347937 -0.004396842 -0.600852489 -1.348553658 -0.024337772 0.998915732 -0.039687656 -0.187844783 0.600375414 0.046347659 0.798374176 2.907169580
0.795223117 -0.008092544 -0.606262863 -1.381220102 -0.021906078 0.998874605 -0.042066995 -0.191215217 0.605921030 0.046733491 0.794150949 2.950204611
0.790974379 -0.009265855 -0.611779094 -1.415385962 -0.021027463 0.998883009 -0.042315416 -0.194292367 0.611487806 0.046334576 0.789896071 2.993606329
0.786526799 -0.009496889 -0.617483199 -1.448957205 -0.020391883 0.998937130 -0.041338064 -0.197043791 0.617219388 0.045105141 0.785497248 3.035924435
0.781796455 -0.008693912 -0.623473167 -1.483791113 -0.021606324 0.998924613 -0.041022316 -0.199665710 0.623159289 0.045542061 0.780767858 3.078722000
0.776219547 -0.011009367 -0.630366564 -1.518685818 -0.019883817 0.998922765 -0.041930705 -0.202500671 0.630149066 0.045081530 0.775164366 3.121442795
0.770926833 -0.012539454 -0.636800349 -1.553676844 -0.019263007 0.998889744 -0.042989783 -0.205077559 0.636632383 0.045408662 0.769829512 3.163487196
0.764983594 -0.013794687 -0.643902004 -1.588262558 -0.018575890 0.998882055 -0.043468598 -0.208426207 0.643781841 0.045213811 0.763872147 3.205100060
0.759664953 -0.016182274 -0.650113165 -1.625563025 -0.017020479 0.998853207 -0.044751555 -0.211431861 0.650091827 0.045061428 0.758518338 3.247130871
0.753455758 -0.017206306 -0.657273352 -1.662526369 -0.016864097 0.998822927 -0.045479394 -0.214948252 0.657282174 0.045351040 0.752278745 3.289654970
0.747405887 -0.018489266 -0.664110482 -1.700409412 -0.015541890 0.998852491 -0.045299906 -0.218142539 0.664186060 0.044178940 0.746260762 3.331593037
0.740813613 -0.018668601 -0.671451211 -1.737007380 -0.014201348 0.998954892 -0.043442685 -0.221534893 0.671560526 0.041718449 0.739774287 3.372858524
0.734359086 -0.019507118 -0.678480804 -1.774860859 -0.012895793 0.999005497 -0.042680446 -0.224248379 0.678638637 0.040092323 0.733377278 3.413476944
0.727948666 -0.020881882 -0.685313523 -1.814403534 -0.012615596 0.998958945 -0.043839276 -0.227683425 0.685515583 0.040558375 0.726927340 3.454947948
0.721147001 -0.022155929 -0.692427814 -1.852428436 -0.012915357 0.998884857 -0.045412816 -0.230656743 0.692661643 0.041692257 0.720056653 3.495100021
0.714955091 -0.022428105 -0.698810518 -1.892431617 -0.013097429 0.998880386 -0.045458779 -0.233568877 0.699047625 0.041653603 0.713860869 3.535100460
0.709576607 -0.021330999 -0.704305351 -1.933678627 -0.014385670 0.998894811 -0.044746444 -0.236665398 0.704481423 0.041882932 0.708485484 3.577172995
0.704832613 -0.020659942 -0.709072769 -1.974855185 -0.014896953 0.998924375 -0.043913089 -0.240482092 0.709217370 0.041514397 0.703766584 3.616410971
0.699843824 -0.021141578 -0.713982940 -2.017381191 -0.016459316 0.998819172 -0.045709167 -0.243227512 0.714106262 0.043740943 0.698669434 3.657637596
0.694886267 -0.023341585 -0.718740702 -2.058301210 -0.017398905 0.998634756 -0.049252767 -0.245885938 0.718909264 0.046730366 0.693531394 3.696382999
0.689590096 -0.026426911 -0.723717570 -2.100792646 -0.015432205 0.998570859 -0.051167808 -0.249508306 0.724035442 0.046453375 0.688196719 3.737017155
0.684973776 -0.026436029 -0.728087962 -2.144320011 -0.016265212 0.998537540 -0.051557802 -0.252712309 0.728386104 0.047158249 0.683542073 3.776515484
0.679927766 -0.025776099 -0.732825935 -2.187490702 -0.016363511 0.998599768 -0.050306644 -0.256687015 0.733096540 0.046196491 0.678553879 3.816134930
0.675331235 -0.026042229 -0.737054586 -2.231441498 -0.015380166 0.998661697 -0.049377739 -0.260332704 0.737354100 0.044682357 0.674026966 3.854892254
0.669655085 -0.027323259 -0.742169440 -2.275537491 -0.014792456 0.998634040 -0.050112244 -0.263365865 0.742524803 0.044536423 0.668336213 3.895718098
0.665396512 -0.027721204 -0.745975375 -2.320770264 -0.014786797 0.998624682 -0.050299466 -0.267333269 0.746343732 0.044499665 0.664071381 3.933783531
0.660649359 -0.028716203 -0.750145197 -2.364616394 -0.013105365 0.998674631 -0.049771953 -0.270835221 0.750580251 0.042712733 0.659397364 3.973308563
0.657101870 -0.028443899 -0.753264904 -2.412106752 -0.013699691 0.998672187 -0.049661443 -0.273977578 0.753677249 0.042952128 0.655839622 4.012289047
0.652691543 -0.033147343 -0.756898284 -2.456836700 -0.008219549 0.998673797 -0.050823495 -0.277826011 0.757579148 0.039393429 0.651553512 4.053080559
0.647985101 -0.037202392 -0.760743916 -2.499882936 -0.005592175 0.998547018 -0.053594895 -0.281926543 0.761632442 0.038982909 0.646835685 4.090696812
0.643989921 -0.041143637 -0.763926804 -2.548895597 -0.002342225 0.998442054 -0.055748675 -0.285218298 0.765030384 0.037690874 0.642890275 4.130067825
0.637541771 -0.044881891 -0.769107282 -2.594379663 0.001966417 0.998393118 -0.056632020 -0.288629651 0.770413339 0.034592886 0.636605620 4.167801380
0.629142821 -0.048229825 -0.775792003 -2.641883373 0.007440639 0.998401105 -0.056034986 -0.293631196 0.777254105 0.029481612 0.628495753 4.205711365
0.619865656 -0.049107801 -0.783169925 -2.691962719 0.009971745 0.998452365 -0.054714371 -0.297471493 0.784644485 0.026105992 0.619395852 4.246218204
0.610917389 -0.047158942 -0.790288508 -2.739822865 0.010515185 0.998619616 -0.051462125 -0.301977307 0.791624427 0.023129074 0.610569954 4.282885075
0.601708651 -0.047518414 -0.797300994 -2.789860249 0.009647503 0.998588204 -0.052234165 -0.305336177 0.798657477 0.023737779 0.601317525 4.320934772
0.593429446 -0.048789855 -0.803405821 -2.841427803 0.008814801 0.998495162 -0.054126397 -0.308634311 0.804837584 0.025038345 0.592966616 4.356107712
0.583699763 -0.051186446 -0.810354590 -2.892001629 0.009511007 0.998373568 -0.056211956 -0.312556326 0.811913908 0.025103621 0.583237350 4.391596794
0.574703872 -0.052689523 -0.816663444 -2.941730022 0.009896420 0.998299718 -0.057444002 -0.316294461 0.818301558 0.024931252 0.574248135 4.425172806
0.563694596 -0.053507201 -0.824248374 -2.995574951 0.012527567 0.998338580 -0.056241043 -0.320565701 0.825888276 0.021376943 0.563428402 4.463183403
0.553246319 -0.053779270 -0.831279993 -3.046756029 0.013537009 0.998362482 -0.055579249 -0.324355125 0.832907736 0.019495966 0.553068399 4.498163223
0.543455184 -0.053886592 -0.837706804 -3.101358891 0.013790873 0.998375833 -0.055275138 -0.329402894 0.839324832 0.018486852 0.543315649 4.530917645
0.532421649 -0.054635689 -0.844714224 -3.153161526 0.012915049 0.998322964 -0.056430697 -0.333253145 0.846380770 0.019135401 0.532234430 4.565221310
0.522282183 -0.055234529 -0.850982070 -3.207431316 0.011871439 0.998274326 -0.057508819 -0.337830186 0.852690220 0.019933451 0.522036552 4.598492622
0.513475418 -0.055495054 -0.856307983 -3.263141870 0.008189042 0.998178065 -0.059778821 -0.341699183 0.858065128 0.023682615 0.512994349 4.629204273
0.503029704 -0.055951871 -0.862456083 -3.315501213 0.009717895 0.998205304 -0.059090629 -0.346155524 0.864214480 0.021343082 0.502670646 4.661312580
0.494578809 -0.053616401 -0.867477477 -3.371658325 0.008673591 0.998350203 -0.056760170 -0.350335360 0.869089484 0.020548232 0.494227797 4.692257404
0.486545801 -0.052898895 -0.872052133 -3.428990364 0.008454230 0.998403549 -0.055846516 -0.353711218 0.873614132 0.019799363 0.486216277 4.723583221
0.478845000 -0.052161407 -0.876348436 -3.481459618 0.009517504 0.998483062 -0.054230567 -0.359309226 0.877847850 0.017627388 0.478615135 4.752228737
0.471044302 -0.055470642 -0.880363643 -3.537715197 0.010700164 0.998306811 -0.057176888 -0.363252401 0.882044733 0.017512815 0.470840245 4.782258987
0.463717788 -0.059750047 -0.883966029 -3.593154430 0.015386883 0.998115957 -0.059394054 -0.367339820 0.885849357 0.013940594 0.463763565 4.812362671
0.457452238 -0.062295385 -0.887049496 -3.649716854 0.016026335 0.997958660 -0.061819497 -0.371745855 0.889089823 0.014063314 0.457516789 4.841737747
0.452208728 -0.065597259 -0.889496624 -3.707105160 0.018223643 0.997763097 -0.064316861 -0.377382338 0.891725957 0.012874779 0.452392608 4.870255470
0.447759002 -0.067062348 -0.891635895 -3.764257908 0.020855168 0.997695506 -0.064566389 -0.381923467 0.893911064 0.010314967 0.448125690 4.898396492
0.443112403 -0.063762076 -0.894195557 -3.820483923 0.021758879 0.997938395 -0.060377154 -0.386880249 0.896201909 0.007297174 0.443586260 4.927487373
0.439726025 -0.061865918 -0.895998657 -3.877863169 0.024625549 0.998080194 -0.056828931 -0.391520143 0.897794247 0.002924704 0.440405369 4.955234528
0.436385453 -0.061601762 -0.897648573 -3.934108019 0.026001561 0.998100281 -0.055854857 -0.395447731 0.899383962 0.001033982 0.437158138 4.982163429
0.433990210 -0.061513767 -0.898815155 -3.991051912 0.028521381 0.998104274 -0.054537538 -0.400271654 0.900465965 -0.001966691 0.434921890 5.009024143
0.431072831 -0.060434356 -0.900290966 -4.048021317 0.029748296 0.998163939 -0.052760396 -0.404408008 0.901826560 -0.004038549 0.432079226 5.036597729
0.428647637 -0.059106097 -0.901536286 -4.103845596 0.030728782 0.998234212 -0.050835341 -0.408903271 0.902949035 -0.005912661 0.429706961 5.063256264
0.426168919 -0.061080243 -0.902579129 -4.160841942 0.034065221 0.998094022 -0.051459499 -0.412079424 0.904002011 -0.008816117 0.427437365 5.089545250
0.423558712 -0.061788242 -0.903758943 -4.216191292 0.035570368 0.998036027 -0.051563263 -0.415840060 0.905170023 -0.010306968 0.424924761 5.116065502
0.421433747 -0.059666723 -0.904894173 -4.269653320 0.038436782 0.998111725 -0.047912236 -0.420702100 0.906044245 -0.014589392 0.422931343 5.140890121
0.419022202 -0.059002981 -0.906056881 -4.323247910 0.040740825 0.998103082 -0.046155766 -0.425235242 0.907061517 -0.017573219 0.420631200 5.166927814
0.418347836 -0.061155092 -0.906225741 -4.379534721 0.043270320 0.997939825 -0.047369052 -0.427627861 0.907255590 -0.019395936 0.420132160 5.190608978
0.417356998 -0.061599351 -0.906652391 -4.433835030 0.043293308 0.997914910 -0.047870751 -0.431683689 0.907710791 -0.019272793 0.419153571 5.215648651
0.416124821 -0.063511364 -0.907086909 -4.485542774 0.044187482 0.997791767 -0.049591281 -0.435000479 0.908233225 -0.019445721 0.418012351 5.239242077
0.415928960 -0.064926565 -0.907076359 -4.537091255 0.044631757 0.997703493 -0.050948106 -0.438531041 0.908301234 -0.019293619 0.417871565 5.263376713
0.418440342 -0.064493604 -0.905951560 -4.588323116 0.042321131 0.997776687 -0.051483281 -0.442232907 0.907257736 -0.016798211 0.420239419 5.286593437
0.422701001 -0.064867496 -0.903944731 -4.639505386 0.040480308 0.997791052 -0.052672621 -0.446046412 0.905364692 -0.014327190 0.424393088 5.310397148
0.427943677 -0.064872645 -0.901474297 -4.690223694 0.038965568 0.997817576 -0.053308241 -0.450379312 0.902965069 -0.012313535 0.429537594 5.333921432
0.433620125 -0.065437786 -0.898716569 -4.740459442 0.039305028 0.997783899 -0.053686928 -0.454360455 0.900238097 -0.012044345 0.435231298 5.358302116
0.440554053 -0.063456297 -0.895480573 -4.789950848 0.036925320 0.997935355 -0.052550197 -0.458112419 0.896966279 -0.009914706 0.441987574 5.382223129
0.448459625 -0.062004950 -0.891649902 -4.838901520 0.035489164 0.998039424 -0.051553793 -0.461820543 0.893098116 -0.008524113 0.449780881 5.406577110
0.457903385 -0.061888907 -0.886845112 -4.886446953 0.035728741 0.998048961 -0.051201552 -0.465286613 0.888283730 -0.008240497 0.459221244 5.430493355
0.467466503 -0.061986208 -0.881834924 -4.934560776 0.035342142 0.998051465 -0.051420238 -0.468978435 0.883304060 -0.007128694 0.468746364 5.456163406
0.477257937 -0.060606062 -0.876670957 -4.980696678 0.032468058 0.998153865 -0.051328897 -0.472974390 0.878163218 -0.003966680 0.478344679 5.480722427
0.488240093 -0.062693171 -0.870454550 -5.027667999 0.031144563 0.998032689 -0.054412741 -0.476440072 0.872153521 -0.000543450 0.489232123 5.506076336
0.499394387 -0.063462928 -0.864047229 -5.074265957 0.029136730 0.997979641 -0.056459855 -0.479836106 0.865884662 0.003020231 0.500234485 5.532535076
0.511701465 -0.062816605 -0.856863856 -5.120285988 0.027241429 0.998008430 -0.056895867 -0.482234716 0.858731210 0.005771510 0.512393653 5.559460640
0.525142968 -0.059502814 -0.848931372 -5.164377689 0.025682457 0.998206317 -0.054078735 -0.486789525 0.850626409 0.006596427 0.525729120 5.585269928
0.536881149 -0.056739282 -0.841747701 -5.207618713 0.024872998 0.998366654 -0.051431995 -0.490910351 0.843291044 0.006676084 0.537415624 5.613234043
0.550080061 -0.056288864 -0.833212733 -5.251224518 0.025009247 0.998388708 -0.050936662 -0.494004428 0.834737301 0.007181218 0.550601482 5.640508652
0.561351717 -0.054948281 -0.825751126 -5.293989658 0.023250019 0.998446524 -0.050634496 -0.497784793 0.827250719 0.009225025 0.561757207 5.669442177
0.573143005 -0.056655165 -0.817494452 -5.336050034 0.024566019 0.998346686 -0.051965684 -0.501401842 0.819087029 0.009701187 0.573587179 5.698133469
0.582164288 -0.058534745 -0.810961485 -5.374423981 0.027017394 0.998247087 -0.052657962 -0.504590571 0.812622190 0.008745519 0.582725286 5.727364540
0.595011592 -0.058071870 -0.801616311 -5.416284561 0.027002493 0.998267591 -0.052274968 -0.508376062 0.803263247 0.009458570 0.595548868 5.756080627
0.606041074 -0.053687677 -0.793619514 -5.455765247 0.024839915 0.998510420 -0.048579570 -0.512468815 0.795045257 0.009727773 0.606471956 5.785260201
0.616193891 -0.052456196 -0.785845816 -5.494451523 0.026034642 0.998590887 -0.046243053 -0.515056372 0.787164092 0.008035461 0.616691172 5.814965248
0.625935912 -0.051895935 -0.778145909 -5.531953812 0.025412010 0.998610795 -0.046157874 -0.517810225 0.779460430 0.009117614 0.626385152 5.844899178
0.635986030 -0.050683104 -0.770034432 -5.569700718 0.023358483 0.998648167 -0.046438050 -0.521232128 0.771346986 0.011547122 0.636310101 5.875816345
0.646037221 -0.050949760 -0.761603653 -5.606287479 0.022424197 0.998605967 -0.047783215 -0.523984671 0.762976587 0.013791382 0.646279097 5.905755043
0.654561341 -0.049645849 -0.754377067 -5.641813755 0.021602865 0.998662293 -0.046977881 -0.527314007 0.755700171 0.014453198 0.654758215 5.936991215
0.664738774 -0.046871133 -0.745604038 -5.677117825 0.020350941 0.998795688 -0.044643834 -0.530308485 0.746798515 0.014502749 0.664892077 5.967074394
0.672965765 -0.045288671 -0.738285899 -5.711385727 0.020384002 0.998880208 -0.042693790 -0.532999456 0.739392757 0.013682239 0.673135281 5.998301506
0.680344582 -0.045506436 -0.731478214 -5.745489120 0.021739747 0.998884261 -0.041922156 -0.535787702 0.732569873 0.012619364 0.680574834 6.031290054
0.688296974 -0.044631794 -0.724054694 -5.779158115 0.020390164 0.998901486 -0.042190559 -0.538272023 0.725142419 0.014276044 0.688450873 6.062466621
0.695573449 -0.043315098 -0.717148006 -5.811687946 0.019402845 0.998949349 -0.041516513 -0.540990412 0.718192875 0.014963079 0.695683241 6.093480110
0.702870965 -0.041185770 -0.710124016 -5.844130039 0.019243537 0.999057949 -0.038896378 -0.543501079 0.711057067 0.013673830 0.703001380 6.125486374
0.710520327 -0.037835341 -0.702658653 -5.876257896 0.017184002 0.999188662 -0.036426011 -0.545771599 0.703466833 0.013806932 0.710594058 6.157255650
0.717455149 -0.036601625 -0.695642412 -5.906159401 0.017103717 0.999243140 -0.034935720 -0.548560202 0.696394682 0.013166740 0.717538118 6.188561916
0.725351810 -0.035325002 -0.687471330 -5.936365604 0.015876526 0.999275267 -0.034595381 -0.550909758 0.688195050 0.014179172 0.725386977 6.219732285
0.733548701 -0.032473069 -0.678860664 -5.965282440 0.013752954 0.999362528 -0.032943308 -0.553377628 0.679497659 0.014829183 0.733527780 6.250079155
0.741816223 -0.029937716 -0.669934571 -5.994587898 0.013115562 0.999459624 -0.030140551 -0.555392265 0.670474946 0.013572183 0.741807938 6.283182621
0.751540959 -0.026359994 -0.659159482 -6.022019863 0.011283976 0.999568880 -0.027107630 -0.557226896 0.659589827 0.012934558 0.751514375 6.313502312
0.761267602 -0.023844661 -0.647999287 -6.050056934 0.009286685 0.999622107 -0.025873482 -0.559373856 0.648371339 0.013678879 0.761201322 6.346570015
0.771064579 -0.022684321 -0.636352837 -6.076820374 0.007435847 0.999617934 -0.026623813 -0.561237216 0.636713505 0.015796855 0.770938635 6.378189087
0.781500459 -0.023592355 -0.623458505 -6.102695942 0.007249597 0.999560714 -0.028737167 -0.563049912 0.623862624 0.017938282 0.781328201 6.409399509
0.790977895 -0.023396641 -0.611397207 -6.128100872 0.007672498 0.999569297 -0.028324934 -0.564575911 0.611796618 0.017713457 0.790816784 6.442954063
0.800870717 -0.022524856 -0.598413527 -6.151835918 0.007783175 0.999599457 -0.027209472 -0.565931737 0.598786831 0.017133711 0.800725281 6.474950314
0.811113238 -0.020244444 -0.584538639 -6.176868916 0.007532362 0.999679506 -0.024170103 -0.567776203 0.584840596 0.015201731 0.811005771 6.508975983
0.820652068 -0.018812299 -0.571118355 -6.199547768 0.007770594 0.999732971 -0.021764871 -0.569318533 0.571375310 0.013423459 0.820579112 6.541846275
0.829874754 -0.016930804 -0.557692766 -6.223512650 0.007978622 0.999797404 -0.018479917 -0.571177602 0.557892740 0.010886395 0.829841673 6.575633049
0.837743998 -0.016167514 -0.545823693 -6.245604515 0.008537601 0.999827206 -0.016511543 -0.572324991 0.545996308 0.009172424 0.837737322 6.610259056
0.845082045 -0.016885689 -0.534370005 -6.268109798 0.010547190 0.999833107 -0.014914067 -0.573968649 0.534532666 0.006967508 0.845119178 6.644902706
0.851518512 -0.016330464 -0.524070084 -6.288640976 0.010328501 0.999843359 -0.014374021 -0.575152457 0.524222672 0.006826886 0.851553857 6.679204941
0.858047903 -0.015209897 -0.513344407 -6.309403419 0.009031143 0.999853790 -0.014529269 -0.576491237 0.513490319 0.007830721 0.858059704 6.714269638
0.864856184 -0.013592925 -0.501835644 -6.330628872 0.007620845 0.999873638 -0.013949333 -0.576825917 0.501961887 0.008239757 0.864850521 6.749855042
0.871124864 -0.012389165 -0.490905255 -6.351187706 0.006800082 0.999890089 -0.013167685 -0.578192770 0.491014421 0.008132502 0.871113539 6.785740852
0.876864374 -0.013269872 -0.480554640 -6.371183872 0.007750269 0.999879181 -0.013468469 -0.579245448 0.480675399 0.008085593 0.876861334 6.822361946
0.881747901 -0.014012308 -0.471512735 -6.390671730 0.008468377 0.999867797 -0.013877637 -0.581055045 0.471644849 0.008243629 0.881750047 6.859220505
0.886178970 -0.014927082 -0.463102520 -6.410546303 0.009046770 0.999847829 -0.014916248 -0.581342578 0.463254720 0.009028885 0.886179149 6.896684170
0.889591694 -0.014704719 -0.456519812 -6.429589748 0.009176035 0.999855340 -0.014325042 -0.582254410 0.456664443 0.008554398 0.889597893 6.933756828
0.892796457 -0.012410172 -0.450289249 -6.449243546 0.008319750 0.999904215 -0.011062091 -0.583128572 0.450383484 0.006129903 0.892814100 6.972209930
0.896044910 -0.007733488 -0.443896174 -6.468228340 0.005438320 0.999964476 -0.006443477 -0.584292233 0.443930209 0.003359595 0.896054983 7.009889126
0.899376929 -0.005971946 -0.437133104 -6.488527298 0.004713100 0.999981046 -0.003964423 -0.584793091 0.437148571 0.001505259 0.899388015 7.049827576
0.902385890 -0.002951794 -0.430918753 -6.507699966 0.002446357 0.999995530 -0.001727059 -0.585590363 0.430922002 0.000504292 0.902389050 7.091029167
0.905576527 -0.001770279 -0.424179316 -6.527043343 0.002072817 0.999997795 0.000251825 -0.585640371 0.424177945 -0.001107293 0.905578196 7.132016182
0.908863008 0.000046900 -0.417094737 -6.545929909 0.001484879 0.999993324 0.003348044 -0.586438537 0.417092174 -0.003662248 0.908856809 7.172740936
0.912057042 -0.000315581 -0.410063177 -6.564914703 0.002570109 0.999984443 0.004946823 -0.586534441 0.410055220 -0.005565692 0.912043691 7.216375351
0.915607870 -0.000644887 -0.402071774 -6.583606243 0.003283628 0.999977350 0.005873686 -0.586566508 0.402058810 -0.006698248 0.915589333 7.258720875
0.919319570 -0.001115419 -0.393510073 -6.603701591 0.003750749 0.999975383 0.005928047 -0.587070048 0.393493712 -0.006925727 0.919301212 7.303365707
0.922951102 -0.003180786 -0.384904057 -6.621648788 0.005903156 0.999965250 0.005891463 -0.587790728 0.384871960 -0.007709681 0.922937691 7.347849369
0.926798880 -0.005395218 -0.375519276 -6.639582157 0.007540933 0.999962568 0.004244554 -0.587390363 0.375482351 -0.006765615 0.926804721 7.392950535
0.931384206 -0.006029048 -0.363987952 -6.657829285 0.007325586 0.999970794 0.002181564 -0.587454438 0.363964170 -0.004698300 0.931401074 7.437858105
0.936452031 -0.004338523 -0.350768834 -6.676509857 0.005135151 0.999985933 0.001340941 -0.588326335 0.350758076 -0.003056978 0.936461091 7.486436844
0.942365825 -0.001243103 -0.334581971 -6.692750931 0.002152116 0.999994934 0.002346162 -0.588421941 0.334577382 -0.002931002 0.942363739 7.532777786
0.948796630 0.003582682 -0.315867096 -6.709305763 -0.001831165 0.999981225 0.005841739 -0.589966536 0.315882027 -0.004964218 0.948785484 7.578168869
0.955149353 0.006163645 -0.296060085 -6.726390839 -0.004207135 0.999964833 0.007245104 -0.588631392 0.296094388 -0.005674590 0.955141842 7.632920742
0.961524189 0.008657309 -0.274583459 -6.741495132 -0.006637585 0.999943614 0.008283898 -0.588696122 0.274639696 -0.006142596 0.961527526 7.682466984
0.967368960 0.008979298 -0.253212661 -6.754783630 -0.006862427 0.999933720 0.009242049 -0.588881910 0.253278852 -0.007202817 0.967366576 7.733083725
0.972814202 0.010665003 -0.231341347 -6.768725395 -0.008007669 0.999890745 0.012422614 -0.589634001 0.231448576 -0.010232392 0.972793341 7.787269115
0.977697015 0.013008164 -0.209616914 -6.779044151 -0.009844511 0.999821484 0.016128911 -0.589333832 0.209789306 -0.013705612 0.977650583 7.839528561
0.982186198 0.014516443 -0.187348887 -6.790124893 -0.010974462 0.999741197 0.019929230 -0.588981271 0.187589705 -0.017518159 0.982091248 7.894181728
0.986293972 0.017222190 -0.164096430 -6.801535606 -0.013553819 0.999633253 0.023448532 -0.588514805 0.164440051 -0.020903016 0.986165524 7.950186253
0.989700913 0.018467544 -0.141954094 -6.809233665 -0.015349481 0.999616921 0.023029063 -0.587718487 0.142324984 -0.020612963 0.989605308 8.004173279
0.992633581 0.017367115 -0.119904101 -6.816276550 -0.014966028 0.999669611 0.020896658 -0.587245584 0.120227396 -0.018948238 0.992565513 8.061132431
0.994931400 0.017902665 -0.098949216 -6.821990967 -0.015964238 0.999665439 0.020347366 -0.586498260 0.099280380 -0.018664584 0.994884491 8.117684364
0.996819079 0.017228426 -0.077812977 -6.831087589 -0.015577899 0.999641597 0.021768998 -0.585914135 0.078160137 -0.020487584 0.996730268 8.178118706
0.998164952 0.017921306 -0.057840012 -6.834797382 -0.016601386 0.999592483 0.023220692 -0.585326076 0.058232587 -0.022217853 0.998055756 8.236420631
0.999150395 0.018491399 -0.036832061 -6.839035988 -0.017591810 0.999542594 0.024600195 -0.584712863 0.037270114 -0.023931351 0.999018610 8.296827316
0.999665678 0.020149730 -0.016199101 -6.841488361 -0.019742440 0.999494433 0.024921451 -0.582851946 0.016693071 -0.024593309 0.999558151 8.359540939
0.999793768 0.019911338 0.004000042 -6.841402054 -0.020006724 0.999476671 0.025419716 -0.583740056 -0.003491808 -0.025494505 0.999668837 8.423789978
0.999456823 0.021873072 0.024651393 -6.839989185 -0.022479475 0.999444664 0.024596460 -0.581650257 -0.024099706 -0.025137249 0.999393463 8.483357430
0.998733997 0.022605587 0.044939153 -6.837970734 -0.023679670 0.999443054 0.023513943 -0.581278145 -0.044382583 -0.024548316 0.998712957 8.545529366
0.997671545 0.023398977 0.064061873 -6.834121227 -0.024791548 0.999471545 0.021029908 -0.581360757 -0.063535929 -0.022569137 0.997724295 8.609415054
0.996198297 0.026415570 0.083012886 -6.828465462 -0.028065605 0.999429762 0.018773004 -0.582166493 -0.082469665 -0.021031441 0.996371567 8.669678688
0.994468331 0.026652429 0.101599038 -6.820416927 -0.028531494 0.999446869 0.017086569 -0.581435084 -0.101087436 -0.019890830 0.994678617 8.731700897
0.992270947 0.025926823 0.121351033 -6.815927505 -0.027749851 0.999525666 0.013356673 -0.580184102 -0.120947167 -0.016620912 0.992519677 8.803637505
0.989848852 0.027140273 0.139508694 -6.806574345 -0.028539792 0.999560297 0.008040658 -0.580126703 -0.139229104 -0.011940587 0.990188181 8.871414185
0.987137854 0.029058227 0.157208145 -6.796723366 -0.029680032 0.999558151 0.001608689 -0.581258237 -0.157091945 -0.006253941 0.987564147 8.936607361
0.984133542 0.030980334 0.174703702 -6.785181999 -0.030833324 0.999518216 -0.003556297 -0.581378162 -0.174729735 -0.001886827 0.984614611 8.999974251
0.980646193 0.034499314 0.192724839 -6.773992538 -0.033607282 0.999403894 -0.007896733 -0.581545472 -0.192882419 0.001266941 0.981221080 9.072028160
0.976853251 0.037860628 0.210533485 -6.761305332 -0.036349397 0.999278069 -0.011044660 -0.583362162 -0.210799620 0.003136245 0.977524281 9.139786720
0.973105311 0.035398394 0.227624550 -6.746223450 -0.033852555 0.999369621 -0.010692950 -0.584798813 -0.227859586 0.002699695 0.973690271 9.205396652
0.968894720 0.035264462 0.244947582 -6.728693962 -0.033514500 0.999374211 -0.011310005 -0.586780548 -0.245193139 0.002748907 0.969470382 9.277455330
0.964398682 0.035786949 0.262020320 -6.711236000 -0.032591876 0.999332070 -0.016531097 -0.588810027 -0.262436897 0.007402834 0.964920759 9.345819473
0.959829628 0.037064616 0.278124332 -6.691775322 -0.032540336 0.999252558 -0.020867413 -0.591275930 -0.278689861 0.010978906 0.960318446 9.411574364
0.954823196 0.038499694 0.294669956 -6.670802116 -0.033724915 0.999204755 -0.021270417 -0.592571855 -0.295254588 0.010371772 0.955362320 9.485359192
0.949151516 0.041183311 0.312114269 -6.648379803 -0.036093708 0.999104679 -0.022068977 -0.595907152 -0.312743694 0.009681442 0.949788272 9.555452347
0.943213642 0.044691421 0.329166472 -6.624205112 -0.038578782 0.998940647 -0.025081677 -0.597807825 -0.329938740 0.010958543 0.943938732 9.621887207
0.936770856 0.045354106 0.346991569 -6.602684975 -0.037569340 0.998869240 -0.029133130 -0.599423707 -0.347920626 0.014254823 0.937415540 9.691904068
0.930102050 0.046819624 0.364304721 -6.577669621 -0.038014919 0.998786628 -0.031306375 -0.602823079 -0.365328431 0.015269115 0.930753410 9.760354996
0.923187137 0.047321066 0.381426394 -6.551490784 -0.036118105 0.998681426 -0.036481231 -0.606306314 -0.382649809 0.019902606 0.923679054 9.821054459
0.914946735 0.050235014 0.400435835 -6.521021843 -0.036058720 0.998429954 -0.042864155 -0.610166490 -0.401960462 0.024779219 0.915321648 9.900747299
0.905295849 0.053990792 0.421336293 -6.490253925 -0.038068611 0.998210490 -0.046117108 -0.614781857 -0.423072129 0.025709940 0.905731142 9.968801498
0.893733323 0.056761995 0.444992930 -6.459653854 -0.039754093 0.998081207 -0.047469351 -0.618746996 -0.446833551 0.024734661 0.894275010 10.030879974
0.880606592 0.061405983 0.469852477 -6.422723293 -0.042348463 0.997798741 -0.051034041 -0.622700393 -0.471951962 0.025043385 0.881268501 10.110724449
0.866744339 0.065291554 0.494460642 -6.386556625 -0.043898582 0.997533500 -0.054770116 -0.627210259 -0.496817112 0.025765566 0.867472708 10.177200317
0.851988077 0.069161482 0.518973112 -6.347999096 -0.045624450 0.997273326 -0.058001895 -0.631937146 -0.521569550 0.025739053 0.852820516 10.245101929
0.837273121 0.070726298 0.542191446 -6.304933548 -0.045325618 0.997163892 -0.060081713 -0.639153183 -0.544903040 0.025729638 0.838104188 10.313549042
0.821559072 0.073000900 0.565430462 -6.262636185 -0.045588642 0.997004449 -0.062480669 -0.645266771 -0.568297863 0.025554346 0.822426081 10.378567696
0.805517197 0.075132757 0.587790072 -6.218960762 -0.043842897 0.996767282 -0.067326203 -0.651316285 -0.590948343 0.028461995 0.806207240 10.439388275
0.789361477 0.077534385 0.609013140 -6.171642303 -0.042041272 0.996491134 -0.072373748 -0.659002900 -0.612487733 0.031525351 0.789851189 10.503016472
0.772950172 0.079066105 0.629520953 -6.124596596 -0.040133357 0.996310651 -0.075856619 -0.665124297 -0.633196115 0.033368602 0.773271739 10.570196152
