0.999999821 -0.000394743 -0.000312330 -0.000166227 0.000395228 0.999998629 0.001554882 -0.000621040 0.000311716 -0.001555005 0.999998748 0.045752671
0.999997914 -0.001779240 -0.000989992 0.000255497 0.001780797 0.999997139 0.001574145 -0.001422370 0.000987188 -0.001575905 0.999998331 0.091219686
0.999995887 -0.002837226 -0.000384962 -0.000737685 0.002837501 0.999995708 0.000715487 -0.001995825 0.000382930 -0.000716577 0.999999642 0.136370853
0.999994457 -0.003316730 -0.000267395 -0.000950752 0.003316949 0.999994159 0.000820975 -0.002716538 0.000264670 -0.000821857 0.999999642 0.181875408
0.999990880 -0.004245203 -0.000473507 -0.000839374 0.004246046 0.999989331 0.001793055 -0.003358108 0.000465890 -0.001795049 0.999998331 0.228459284
0.999986053 -0.005272878 -0.000106381 -0.001076710 0.005273174 0.999981523 0.003013001 -0.004233383 0.000090492 -0.003013519 0.999995470 0.274365485
0.999990463 -0.004363371 -0.000235327 -0.001540432 0.004364106 0.999985218 0.003221867 -0.004646351 0.000221266 -0.003222863 0.999994814 0.320429236
0.999991715 -0.004052561 -0.000426718 -0.001683599 0.004053324 0.999990165 0.001803986 -0.005609503 0.000419403 -0.001805701 0.999998271 0.366952598
0.999999642 -0.000687159 -0.000594973 -0.002167727 0.000686962 0.999999762 -0.000330799 -0.006423579 0.000595200 0.000330390 0.999999762 0.413612098
0.999997437 0.002265431 -0.000456730 -0.002367639 -0.002266166 0.999996245 -0.001618072 -0.006880100 0.000453062 0.001619103 0.999998569 0.459959149
0.999987960 0.004876590 -0.000533240 -0.002417127 -0.004877346 0.999987125 -0.001424486 -0.007950127 0.000526287 0.001427069 0.999998868 0.507615149
0.999983728 0.005692914 -0.000132002 -0.003019243 -0.005693018 0.999983490 -0.000805669 -0.008391093 0.000127413 0.000806408 0.999999583 0.552890420
0.999995112 0.003095097 0.000368556 -0.003328765 -0.003095759 0.999993563 0.001810241 -0.009056735 -0.000362950 -0.001811373 0.999998212 0.600133657
0.999999583 -0.000786641 -0.000196605 -0.002671980 0.000787346 0.999993086 0.003612091 -0.009757407 0.000193762 -0.003612244 0.999993443 0.647083044
0.999993443 -0.003585557 -0.000124241 -0.002944998 0.003585734 0.999992490 0.001457652 -0.010484574 0.000119014 -0.001458088 0.999998927 0.694930792
0.999990463 -0.004343558 0.000276734 -0.004129113 0.004343860 0.999989927 -0.001100822 -0.010681408 -0.000271950 0.001102014 0.999999344 0.741287172
0.999998808 -0.001499009 0.000352944 -0.003454610 0.001499854 0.999996006 -0.002407091 -0.011920623 -0.000349334 0.002407617 0.999997020 0.788968146
0.999998093 0.001477930 0.001278403 -0.004222642 -0.001476950 0.999998629 -0.000767124 -0.012222719 -0.001279535 0.000765234 0.999998927 0.836659253
0.999997795 0.001421786 0.001535013 -0.003883102 -0.001426932 0.999993324 0.003356457 -0.013530912 -0.001530231 -0.003358640 0.999993205 0.884484828
0.999997258 -0.000330502 0.002312858 -0.004645280 0.000318956 0.999987483 0.004990841 -0.013914092 -0.002314478 -0.004990090 0.999984920 0.932936668
0.999985814 -0.005127743 0.001441883 -0.003868063 0.005122660 0.999980748 0.003506762 -0.014739702 -0.001459837 -0.003499326 0.999992788 0.979891777
0.999984503 -0.005327446 0.001604028 -0.004271044 0.005325979 0.999985516 0.000917899 -0.015321091 -0.001608895 -0.000909343 0.999998271 1.028185606
0.999980867 -0.005390122 0.003025989 -0.005328744 0.005394641 0.999984384 -0.001487335 -0.016200578 -0.003017924 0.001503630 0.999994278 1.074820518
0.999995172 -0.001435369 0.002755217 -0.004320075 0.001440718 0.999997199 -0.001940766 -0.017205615 -0.002752424 0.001944727 0.999994338 1.122928977
0.999991834 -0.000142405 0.004033046 -0.005173421 0.000158089 0.999992490 -0.003888919 -0.018275559 -0.004032462 0.003889524 0.999984324 1.170443773
0.999988258 0.001216998 0.004691597 -0.005775565 -0.001198211 0.999991238 -0.004005140 -0.018405648 -0.004696431 0.003999472 0.999980986 1.217488408
0.999995410 0.000356790 0.002984210 -0.004801202 -0.000350154 0.999997437 -0.002223878 -0.019967731 -0.002984997 0.002222823 0.999993086 1.267318964
0.999992728 0.001825075 0.003336934 -0.005695899 -0.001820594 0.999997377 -0.001345433 -0.019707574 -0.003339382 0.001339348 0.999993563 1.314868808
0.999986231 0.004520125 0.002674563 -0.005057424 -0.004518572 0.999989629 -0.000585909 -0.021496825 -0.002677184 0.000573815 0.999996305 1.363802314
0.999970973 0.007016737 0.002948985 -0.005407249 -0.007014599 0.999975085 -0.000734583 -0.022299826 -0.002954066 0.000713876 0.999995351 1.412428379
0.999959111 0.008691940 0.002488606 -0.005174397 -0.008691860 0.999962211 -0.000043145 -0.023305789 -0.002488887 0.000021512 0.999996841 1.461635590
0.999946594 0.010132336 0.002010284 -0.005499145 -0.010130814 0.999948323 -0.000766543 -0.023281798 -0.002017947 0.000746137 0.999997675 1.511014819
0.999964297 0.008144190 0.002250839 -0.006002516 -0.008144041 0.999966860 -0.000075420 -0.025074931 -0.002251379 0.000057086 0.999997437 1.558860660
0.999968052 0.007771377 0.001854122 -0.006763759 -0.007769292 0.999969244 -0.001129518 -0.025574010 -0.001862843 0.001115076 0.999997616 1.607000232
0.999974608 0.007124206 0.000237664 -0.006542727 -0.007123979 0.999974251 -0.000938865 -0.026454853 -0.000244347 0.000937148 0.999999523 1.659101486
0.999976933 0.006770985 -0.000585567 -0.006623411 -0.006770474 0.999976635 0.000871286 -0.027509399 0.000591453 -0.000867301 0.999999464 1.705171227
0.999975741 0.006973076 0.000157881 -0.008612934 -0.006973132 0.999975502 0.000354263 -0.027717611 -0.000155407 -0.000355356 0.999999940 1.751684427
0.999971509 0.006990675 -0.002832577 -0.007500426 -0.006987761 0.999975026 0.001037267 -0.029180162 0.002839758 -0.001017445 0.999995470 1.804023743
0.999960899 0.007917520 -0.003947918 -0.008045610 -0.007910174 0.999967039 0.001872532 -0.029829411 0.003962613 -0.001841231 0.999990463 1.853987575
0.999971688 0.005947520 -0.004606479 -0.008216258 -0.005934061 0.999978065 0.002930010 -0.030782446 0.004623806 -0.002902591 0.999985099 1.902803659
0.999979198 0.004186142 -0.004901013 -0.009157825 -0.004173938 0.999988198 0.002497537 -0.031310715 0.004911411 -0.002477029 0.999984860 1.952509999
0.999981761 0.002898087 -0.005288353 -0.009528629 -0.002888976 0.999994338 0.001729564 -0.031565700 0.005293335 -0.001714254 0.999984503 2.002542019
0.999983430 0.000315524 -0.005743240 -0.009558053 -0.000299247 0.999995887 0.002834698 -0.033190966 0.005744109 -0.002832932 0.999979496 2.050158501
0.999987781 0.000654871 -0.004904176 -0.010254792 -0.000638470 0.999994218 0.003345208 -0.034059566 0.004906338 -0.003342036 0.999982417 2.100624084
0.999983490 -0.002641138 -0.005105454 -0.010086039 0.002663185 0.999987125 0.004316278 -0.034700941 0.005093988 -0.004329804 0.999977648 2.148310184
0.999981701 -0.004249623 -0.004314701 -0.009740419 0.004268206 0.999981582 0.004306898 -0.035063203 0.004296318 -0.004325234 0.999981403 2.194261312
0.999972224 -0.006054829 -0.004340800 -0.010609924 0.006069641 0.999975801 0.003407081 -0.036092274 0.004320067 -0.003433333 0.999984741 2.245777607
0.999979734 -0.005211185 -0.003650953 -0.011015592 0.005220477 0.999983191 0.002540221 -0.036648285 0.003637654 -0.002559229 0.999990165 2.293982506
0.999985695 -0.004322008 -0.003134783 -0.011262031 0.004331795 0.999985754 0.003122480 -0.037923511 0.003121243 -0.003136014 0.999990165 2.342215061
0.999995172 -0.002148411 -0.002216875 -0.012210939 0.002159087 0.999986053 0.004824640 -0.038756050 0.002206479 -0.004829403 0.999985874 2.388574839
0.999997139 0.001675545 -0.001707776 -0.012856177 -0.001666140 0.999983549 0.005493885 -0.038764928 0.001716953 -0.005491025 0.999983430 2.440741062
0.999980271 0.006181879 -0.001073373 -0.013236894 -0.006175495 0.999963880 0.005852766 -0.039624423 0.001109515 -0.005846023 0.999982297 2.487662077
0.999942183 0.010742207 -0.000489421 -0.012750454 -0.010739084 0.999924302 0.005991488 -0.040742934 0.000553746 -0.005985885 0.999981940 2.534512281
0.999920070 0.012639266 0.000335468 -0.015447901 -0.012640669 0.999909580 0.004578386 -0.040552694 -0.000277571 -0.004582260 0.999989510 2.588005304
0.999878168 0.015550199 0.001307814 -0.014858181 -0.015556289 0.999867558 0.004782246 -0.041471157 -0.001233276 -0.004802008 0.999987662 2.633501291
0.999860585 0.016654989 0.001199898 -0.013834647 -0.016661275 0.999846399 0.005435543 -0.042866789 -0.001109184 -0.005454776 0.999984503 2.679775953
0.999872923 0.015861133 0.001569314 -0.015380539 -0.015868550 0.999862492 0.004833780 -0.043423690 -0.001492429 -0.004858069 0.999987066 2.728728056
0.999915242 0.012946155 0.001345687 -0.015069245 -0.012951812 0.999906898 0.004282396 -0.044034224 -0.001290121 -0.004299461 0.999989927 2.777031660
0.999932945 0.011472492 0.001499069 -0.016932547 -0.011477757 0.999927819 0.003553365 -0.043503515 -0.001458195 -0.003570333 0.999992549 2.825820684
0.999927342 0.011959951 0.001500937 -0.016932335 -0.011966423 0.999918759 0.004378879 -0.045649923 -0.001448444 -0.004396522 0.999989331 2.872091293
0.999909580 0.013433835 0.000641605 -0.016511647 -0.013435807 0.999904752 0.003173731 -0.045458928 -0.000598908 -0.003182064 0.999994814 2.917455673
0.999922514 0.012431501 -0.000688260 -0.015790479 -0.012428525 0.999914050 0.004172560 -0.046792164 0.000740072 -0.004163683 0.999991000 2.969026089
0.999935448 0.011197871 -0.001914373 -0.016064238 -0.011188955 0.999926746 0.004605716 -0.046984389 0.001965807 -0.004583999 0.999987543 3.015034914
0.999949753 0.009619519 -0.002845816 -0.016184406 -0.009602701 0.999936700 0.005865541 -0.047455482 0.002902060 -0.005837918 0.999978721 3.061413765
0.999957681 0.008147974 -0.004251360 -0.016882548 -0.008121167 0.999947369 0.006284738 -0.048710886 0.004302344 -0.006249947 0.999971211 3.113491774
0.999972820 0.005589318 -0.004806067 -0.017136583 -0.005554541 0.999958515 0.007219193 -0.049768586 0.004846219 -0.007192301 0.999962389 3.158993959
0.999975860 0.004359350 -0.005405955 -0.017827710 -0.004326656 0.999972343 0.006044837 -0.050121553 0.005432158 -0.006021301 0.999967098 3.208230019
0.999975979 0.004417804 -0.005333006 -0.018261125 -0.004390436 0.999977171 0.005132560 -0.050643124 0.005355560 -0.005109023 0.999972522 3.254416943
0.999976158 0.003911608 -0.005685309 -0.019021681 -0.003881186 0.999978125 0.005352312 -0.051852271 0.005706122 -0.005330119 0.999969482 3.301394463
0.999977827 0.003446149 -0.005697656 -0.019424012 -0.003420642 0.999984026 0.004480502 -0.051886339 0.005713006 -0.004460913 0.999973714 3.349463224
0.999972224 0.005176773 -0.005346732 -0.020253686 -0.005160768 0.999982119 0.003002942 -0.052235518 0.005362182 -0.002975265 0.999981165 3.397017956
0.999970376 0.005727881 -0.005130887 -0.020804843 -0.005707924 0.999976099 0.003895685 -0.053213615 0.005153078 -0.003866283 0.999979258 3.442606211
0.999971271 0.006113330 -0.004487802 -0.021738514 -0.006088424 0.999966085 0.005542576 -0.053900816 0.004521533 -0.005515094 0.999974608 3.489066839
0.999969423 0.006952200 -0.003573321 -0.023190312 -0.006926097 0.999949574 0.007265861 -0.054585017 0.003623654 -0.007240890 0.999967277 3.534954071
0.999967039 0.006395294 -0.005006802 -0.022169609 -0.006370239 0.999967158 0.005004400 -0.054890856 0.005038642 -0.004972340 0.999974906 3.583324432
0.999964774 0.007077382 -0.004509440 -0.022586517 -0.007064593 0.999970973 0.002845750 -0.055883020 0.004529449 -0.002813792 0.999985754 3.628308296
0.999970436 0.005814638 -0.005030845 -0.023158114 -0.005805948 0.999981642 0.001740132 -0.056590058 0.005040871 -0.001710872 0.999985814 3.675254345
0.999974489 0.005118835 -0.004979024 -0.023439307 -0.005107334 0.999984264 0.002319790 -0.057008501 0.004990821 -0.002294301 0.999984860 3.721888065
0.999988794 0.001906269 -0.004325536 -0.023934834 -0.001886437 0.999987662 0.004584261 -0.058001012 0.004334222 -0.004576051 0.999980092 3.768725157
0.999993384 -0.000417753 -0.003615821 -0.024227455 0.000437915 0.999984264 0.005577085 -0.058708120 0.003613434 -0.005578631 0.999977827 3.813677311
0.999995053 -0.001787336 -0.002595649 -0.024887700 0.001799818 0.999986827 0.004814577 -0.059237845 0.002587009 -0.004819225 0.999984980 3.859746695
0.999998152 0.001401853 -0.001363347 -0.025742317 -0.001399589 0.999997556 0.001660204 -0.059835676 0.001365670 -0.001658293 0.999997616 3.905537605
0.999995232 0.002792826 -0.001269698 -0.024812898 -0.002793721 0.999995768 -0.000703989 -0.060406398 0.001267727 0.000707533 0.999998927 3.949656963
0.999978840 0.006513088 -0.000025850 -0.025063613 -0.006513106 0.999978423 -0.000813186 -0.060840640 0.000020553 0.000813337 0.999999642 3.995054245
0.999979198 0.006409733 0.000670143 -0.025072981 -0.006410603 0.999978602 0.001305755 -0.061593987 -0.000661759 -0.001310024 0.999998927 4.042468548
0.999967635 0.007441168 0.003032500 -0.026554190 -0.007451098 0.999966860 0.003276948 -0.062240783 -0.003008015 -0.003299438 0.999990046 4.087376118
0.999978423 0.005477830 0.003622386 -0.026824737 -0.005494420 0.999974370 0.004585830 -0.062994182 -0.003597173 -0.004605633 0.999982953 4.133097649
0.999982297 0.004682211 0.003664633 -0.025799340 -0.004696771 0.999981105 0.003974841 -0.063355610 -0.003645952 -0.003991983 0.999985337 4.179526806
0.999949217 0.008659955 0.005144653 -0.026665682 -0.008673729 0.999958754 0.002661153 -0.063992664 -0.005121396 -0.002705641 0.999983191 4.224429607
0.999900222 0.012336301 0.006879490 -0.026239183 -0.012353856 0.999920547 0.002515295 -0.065155625 -0.006847914 -0.002600033 0.999973118 4.268683434
0.999890745 0.012135212 0.008442447 -0.027270284 -0.012151359 0.999924481 0.001863910 -0.065919891 -0.008419190 -0.001966293 0.999962628 4.314479351
0.999861479 0.014135799 0.008786800 -0.026423525 -0.014147179 0.999899209 0.001234239 -0.067270108 -0.008768467 -0.001358376 0.999960601 4.360008717
0.999867916 0.012916852 0.009863561 -0.025735795 -0.012923456 0.999916434 0.000606232 -0.067443095 -0.009854905 -0.000733624 0.999951184 4.403489590
0.999860764 0.012899752 0.010582224 -0.024862375 -0.012917552 0.999915361 0.001615449 -0.068171173 -0.010560486 -0.001751921 0.999942720 4.449028492
0.999869406 0.012158093 0.010649076 -0.023330171 -0.012189538 0.999921560 0.002892829 -0.069538102 -0.010613070 -0.003022258 0.999939144 4.494425774
0.999876678 0.010942590 0.011265688 -0.024110578 -0.010981815 0.999933779 0.003425799 -0.070365041 -0.011227453 -0.003549094 0.999930680 4.539477825
0.999887168 0.008791050 0.012173398 -0.024858199 -0.008826687 0.999956906 0.002876846 -0.070082441 -0.012147584 -0.002983972 0.999921739 4.583453178
0.999886930 0.008504069 0.012395089 -0.025044423 -0.008542388 0.999958873 0.003041728 -0.070355289 -0.012368711 -0.003147268 0.999918520 4.628109455
0.999920785 0.005903016 0.011115022 -0.023917481 -0.005930142 0.999979556 0.002409077 -0.070518315 -0.011100573 -0.002474800 0.999935269 4.673755169
0.999939442 0.004534680 0.010030257 -0.023794413 -0.004567372 0.999984264 0.003238752 -0.071927182 -0.010015413 -0.003284367 0.999944448 4.717714787
0.999952257 0.003376977 0.009166312 -0.023336001 -0.003414663 0.999985754 0.004098897 -0.072757661 -0.009152340 -0.004130002 0.999949574 4.761868954
0.999965608 0.001758601 0.008114721 -0.023782544 -0.001791475 0.999990165 0.004045696 -0.073496528 -0.008107529 -0.004060094 0.999958932 4.807974339
0.999975502 0.001695719 0.006792685 -0.023316003 -0.001725151 0.999989152 0.004329341 -0.073801614 -0.006785270 -0.004340954 0.999967575 4.852076530
0.999985754 0.000801659 0.005278189 -0.023037534 -0.000818146 0.999994814 0.003122153 -0.073726572 -0.005275657 -0.003126428 0.999981225 4.897067070
0.999991238 0.000744182 0.004114171 -0.023176588 -0.000757731 0.999994338 0.003292606 -0.075017408 -0.004111697 -0.003295694 0.999986172 4.942150116
0.999993443 -0.000921165 0.003492720 -0.023080565 0.000917839 0.999999106 0.000953965 -0.075833492 -0.003493595 -0.000950753 0.999993443 4.987035275
0.999975562 -0.006590362 0.002302235 -0.022935648 0.006589799 0.999978304 0.000251512 -0.076131158 -0.002303842 -0.000236335 0.999997318 5.032059669
0.999899626 -0.014143047 0.000852063 -0.022598876 0.014140558 0.999895930 0.002857454 -0.077128351 -0.000892388 -0.002845118 0.999995530 5.077188015
0.999790728 -0.020456975 -0.000243848 -0.022427741 0.020457830 0.999781489 0.004277269 -0.077645257 0.000156295 -0.004281364 0.999990761 5.122559547
0.999707222 -0.024157481 -0.001338792 -0.022608936 0.024158232 0.999707878 0.000545478 -0.077993847 0.001325223 -0.000577661 0.999998927 5.167396069
0.999739468 -0.022826489 -0.000084059 -0.023975324 0.022826154 0.999735355 -0.002855927 -0.078430161 0.000149228 0.002853264 0.999995947 5.211790562
0.999777198 -0.021106821 0.000109332 -0.023065893 0.021107081 0.999770403 -0.003673256 -0.080792904 -0.000031776 0.003674746 0.999993265 5.257513046
0.999778211 -0.021045297 0.000796187 -0.023251869 0.021048024 0.999772012 -0.003589350 -0.081634529 -0.000720466 0.003605312 0.999993265 5.302397728
0.999707282 -0.024162101 0.001192319 -0.023264395 0.024162663 0.999707937 -0.000462330 -0.082416810 -0.001180800 0.000491004 0.999999225 5.347667694
0.999575019 -0.029031537 0.002633104 -0.024250481 0.029025221 0.999575734 0.002406545 -0.083259940 -0.002701853 -0.002329096 0.999993622 5.391917229
0.999450564 -0.033114649 0.001392318 -0.022170730 0.033109408 0.999445140 0.003637247 -0.083823331 -0.001511991 -0.003589149 0.999992430 5.438701153
0.999418259 -0.034073528 0.001445419 -0.021830318 0.034069289 0.999415457 0.002859050 -0.083994895 -0.001541992 -0.002808142 0.999994814 5.484647751
0.999476910 -0.032291379 0.001770775 -0.021400487 0.032283992 0.999470651 0.004050088 -0.085068718 -0.001900621 -0.003990801 0.999990225 5.530240059
0.999563098 -0.029317299 0.003737999 -0.022733139 0.029304840 0.999565005 0.003345221 -0.085864902 -0.003834446 -0.003234219 0.999987423 5.572950363
0.999671698 -0.025228126 0.004478945 -0.022463899 0.025221787 0.999680817 0.001465237 -0.086497881 -0.004514481 -0.001351789 0.999988914 5.616472244
0.999762774 -0.021160021 0.005183302 -0.022261325 0.021158367 0.999776125 0.000373683 -0.087320358 -0.005190049 -0.000263924 0.999986529 5.662433147
0.999781013 -0.020183373 0.005521944 -0.022661444 0.020174516 0.999795139 0.001655295 -0.087830372 -0.005554223 -0.001543530 0.999983430 5.706541061
0.999797344 -0.019298477 0.005742495 -0.022931308 0.019288218 0.999812245 0.001837090 -0.088732086 -0.005776870 -0.001725955 0.999981880 5.750801086
0.999834955 -0.017518973 0.004816559 -0.022398878 0.017522397 0.999846220 -0.000670241 -0.089442246 -0.004804076 0.000754528 0.999988198 5.795871735
0.999906898 -0.012781102 0.004795429 -0.022505870 0.012798772 0.999911308 -0.003672770 -0.090122186 -0.004748063 0.003733804 0.999981761 5.839787960
0.999963820 -0.007402384 0.004194937 -0.022014124 0.007422395 0.999961019 -0.004775292 -0.091934294 -0.004159425 0.004806256 0.999979794 5.885543346
0.999982595 -0.004253136 0.004085144 -0.022696009 0.004267372 0.999984860 -0.003482527 -0.092531845 -0.004070270 0.003499899 0.999985516 5.931575298
0.999989450 -0.001332881 0.004392846 -0.022471040 0.001339341 0.999998152 -0.001468184 -0.093529671 -0.004390880 0.001474053 0.999989271 5.976961136
0.999989271 -0.000758887 0.004574475 -0.022382081 0.000754497 0.999999344 0.000961237 -0.094155900 -0.004575201 -0.000957775 0.999989033 6.022376537
0.999985218 -0.002913398 0.004575047 -0.023383401 0.002905147 0.999994159 0.001808764 -0.095102876 -0.004580290 -0.001795446 0.999987900 6.066967964
0.999974370 -0.006876514 0.001994576 -0.021978790 0.006872764 0.999974549 0.001881345 -0.094975837 -0.002007462 -0.001867589 0.999996245 6.111544132
0.999977827 -0.006656270 -0.000337644 -0.022553040 0.006655591 0.999975860 -0.001975825 -0.096748613 0.000350788 0.001973534 0.999997973 6.157875061
0.999970973 -0.007474552 -0.001454829 -0.023026407 0.007466557 0.999957442 -0.005425797 -0.097717881 0.001495322 0.005414777 0.999984205 6.201521873
0.999996066 -0.000729906 -0.002711780 -0.022204282 0.000710878 0.999975145 -0.007011249 -0.098144546 0.002716830 0.007009295 0.999971747 6.250100136
0.999993920 0.002546940 -0.002376182 -0.023557011 -0.002562195 0.999975920 -0.006439420 -0.098466590 0.002359724 0.006445471 0.999976456 6.296640873
0.999984860 0.004407809 -0.003304066 -0.021964289 -0.004417106 0.999986291 -0.002811542 -0.099574924 0.003291628 0.002826094 0.999990582 6.342947960
0.999986231 0.004422627 -0.002813092 -0.023207672 -0.004425575 0.999989688 -0.001042460 -0.099850364 0.002808453 0.001054895 0.999995470 6.387615204
0.999987006 0.004339711 -0.002724356 -0.022942325 -0.004340200 0.999990702 -0.000173250 -0.101018108 0.002723579 0.000185072 0.999996185 6.436912060
0.999993801 0.002202389 -0.002740804 -0.023353826 -0.002199647 0.999997079 0.001003081 -0.102274612 0.002743005 -0.000997046 0.999995708 6.482806206
0.999994874 -0.000977631 -0.003086533 -0.022518665 0.000984328 0.999997258 0.002169115 -0.103310615 0.003084404 -0.002172141 0.999992847 6.528690815
0.999994814 -0.002506472 -0.002026666 -0.024051277 0.002509080 0.999996006 0.001284997 -0.103508934 0.002023437 -0.001290076 0.999997139 6.576432705
0.999982297 -0.005587564 -0.002068165 -0.023644269 0.005592266 0.999981761 0.002274875 -0.104320914 0.002055417 -0.002286400 0.999995291 6.623737335
0.999949872 -0.009810878 -0.002018109 -0.023517728 0.009818263 0.999944985 0.003683452 -0.105054513 0.001981860 -0.003703082 0.999991179 6.671483517
0.999909639 -0.013363963 -0.001451072 -0.024251556 0.013369503 0.999903083 0.003879359 -0.105223589 0.001399088 -0.003898408 0.999991477 6.719356537
0.999949932 -0.009982335 -0.000711745 -0.024936406 0.009981921 0.999949992 -0.000582086 -0.106273040 0.000717520 0.000574953 0.999999523 6.762203693
0.999994457 -0.003306098 -0.000455734 -0.024672039 0.003303538 0.999979377 -0.005508922 -0.107194304 0.000473937 0.005507386 0.999984741 6.809024334
0.999977410 0.006527623 0.001553446 -0.027792353 -0.006518184 0.999960721 -0.006004428 -0.107757472 -0.001592579 0.005994168 0.999980748 6.860456467
0.999903142 0.013712681 0.002369496 -0.027018152 -0.013707893 0.999903977 -0.002026067 -0.108795747 -0.002397052 0.001993390 0.999995112 6.905525684
0.999885321 0.014838195 0.002996866 -0.027113747 -0.014837955 0.999889851 -0.000102444 -0.109535873 -0.002998056 0.000057965 0.999995470 6.952294827
0.999907911 0.013279836 0.002793285 -0.027402777 -0.013281353 0.999911606 0.000525055 -0.110336006 -0.002786066 -0.000562104 0.999995887 6.998823166
0.999955833 0.009336108 0.001032464 -0.026949599 -0.009337235 0.999955833 0.001091692 -0.111307025 -0.001022227 -0.001101284 0.999998868 7.048370361
0.999966502 0.008110726 0.001036383 -0.027879506 -0.008110592 0.999967098 -0.000133978 -0.111921251 -0.001037436 0.000125568 0.999999464 7.095659733
0.999965429 0.008303897 0.000199878 -0.027909139 -0.008303762 0.999965310 -0.000677252 -0.112754829 -0.000205495 0.000675569 0.999999762 7.143911362
0.999955297 0.009449183 0.000162912 -0.028558547 -0.009449051 0.999955058 -0.000795164 -0.113080740 -0.000170419 0.000793589 0.999999702 7.192757130
0.999930441 0.011773211 0.000696522 -0.029143414 -0.011773245 0.999930680 0.000045407 -0.114107423 -0.000695939 -0.000053604 0.999999762 7.240792274
0.999942005 0.010750059 0.000603273 -0.029601384 -0.010749877 0.999942064 -0.000303972 -0.114917696 -0.000606505 0.000297469 0.999999762 7.289059162
0.999937475 0.011187919 0.000171782 -0.030336417 -0.011187576 0.999935567 -0.001886432 -0.115812719 -0.000192876 0.001884392 0.999998271 7.339748859
0.999945760 0.010395391 -0.000554039 -0.029216507 -0.010396184 0.999944866 -0.001453576 -0.117185064 0.000538898 0.001459257 0.999998748 7.386060238
0.999956548 0.009226251 -0.001338448 -0.029175073 -0.009227610 0.999956965 -0.001013009 -0.118010804 0.001329044 0.001025316 0.999998569 7.434805393
0.999932051 0.011658589 -0.000187364 -0.030753370 -0.011658999 0.999929249 -0.002367693 -0.118118331 0.000159747 0.002369717 0.999997139 7.482447624
0.999939919 0.010822301 -0.001703133 -0.029952373 -0.010825636 0.999939620 -0.001960677 -0.119760640 0.001681812 0.001978997 0.999996603 7.532971859
0.999928951 0.011701665 -0.002231434 -0.030233037 -0.011707464 0.999928176 -0.002604449 -0.120114841 0.002200796 0.002630388 0.999994099 7.581457138
0.999930918 0.011299080 -0.003214505 -0.030342722 -0.011305867 0.999933898 -0.002101013 -0.122046165 0.003190553 0.002137211 0.999992609 7.632191658
0.999920189 0.012308107 -0.002856856 -0.030944487 -0.012315333 0.999921083 -0.002526340 -0.122305490 0.002825536 0.002561321 0.999992728 7.680411816
0.999928594 0.011319063 -0.003839290 -0.030764958 -0.011328588 0.999932766 -0.002467936 -0.123367466 0.003811097 0.002511254 0.999989569 7.730417728
0.999943316 0.010171654 -0.003143266 -0.031637032 -0.010179413 0.999945164 -0.002462194 -0.124678493 0.003118049 0.002494051 0.999992073 7.779402733
0.999958515 0.008123695 -0.004100789 -0.030678075 -0.008132994 0.999964356 -0.002256268 -0.125598520 0.004082312 0.002289527 0.999989033 7.829737186
0.999963164 0.007529438 -0.004089431 -0.030572394 -0.007535628 0.999970555 -0.001500304 -0.126281127 0.004078013 0.001531065 0.999990463 7.879640579
0.999961674 0.007491986 -0.004526345 -0.031030675 -0.007497279 0.999971211 -0.001153404 -0.127434239 0.004517573 0.001187296 0.999989092 7.930308819
0.999963820 0.007559822 -0.003905618 -0.032087673 -0.007564652 0.999970555 -0.001223332 -0.128610387 0.003896255 0.001252832 0.999991596 7.978421211
0.999963522 0.007359594 -0.004334261 -0.031864751 -0.007366713 0.999971509 -0.001629041 -0.129602879 0.004322147 0.001660911 0.999989271 8.028951645
0.999947429 0.009526748 -0.003813583 -0.032637030 -0.009531531 0.999953747 -0.001237565 -0.130574495 0.003801616 0.001273849 0.999991953 8.080282211
0.999946773 0.009877324 -0.002987040 -0.032890581 -0.009875736 0.999951065 0.000545000 -0.131038800 0.002992277 -0.000515472 0.999995410 8.128937721
0.999957502 0.008977690 -0.002063877 -0.033829257 -0.008976515 0.999959528 0.000576964 -0.131472677 0.002068973 -0.000558413 0.999997735 8.179498672
0.999949336 0.009423813 -0.003535725 -0.032331783 -0.009427836 0.999954820 -0.001123593 -0.132122546 0.003524978 0.001156871 0.999993205 8.230726242
0.999940753 0.010834049 -0.001027357 -0.034411259 -0.010836095 0.999939263 -0.002005851 -0.133567721 0.001005564 0.002016865 0.999997437 8.279409409
0.999937654 0.011049681 -0.001605042 -0.034113001 -0.011051888 0.999937952 -0.001371873 -0.134580180 0.001589783 0.001389526 0.999997735 8.329689026
0.999944985 0.010313135 -0.001894063 -0.034396779 -0.010313875 0.999946713 -0.000381116 -0.135136589 0.001890032 0.000400630 0.999998093 8.380047798
0.999932468 0.011580251 -0.000973106 -0.035492130 -0.011580254 0.999932885 0.000003472 -0.136293486 0.000973081 0.000007797 0.999999464 8.430767059
0.999933839 0.011501687 -0.000323962 -0.036617767 -0.011501698 0.999933839 -0.000036297 -0.136842415 0.000323523 0.000040021 0.999999940 8.479911804
0.999913514 0.013076155 0.001444143 -0.038361713 -0.013074744 0.999914050 -0.000981875 -0.136929065 -0.001456858 0.000962908 0.999998510 8.530371666
0.999887884 0.014970693 -0.000228039 -0.037161496 -0.014970672 0.999887943 0.000091309 -0.138747737 0.000229380 -0.000087885 0.999999881 8.581276894
0.999896109 0.014410285 -0.000039467 -0.037947193 -0.014410256 0.999896049 0.000645065 -0.139563411 0.000048758 -0.000644429 0.999999762 8.631631851
0.999891341 0.014700022 -0.001072103 -0.037437655 -0.014700404 0.999891937 -0.000351136 -0.140116617 0.001066825 0.000366858 0.999999285 8.683294296
0.999929786 0.011841173 -0.000488393 -0.038255390 -0.011840413 0.999928832 0.001521871 -0.141448349 0.000506379 -0.001515981 0.999998748 8.734112740
0.999945343 0.010374145 -0.001267130 -0.038147245 -0.010373985 0.999946117 0.000131593 -0.141155437 0.001268427 -0.000118440 0.999999166 8.785509109
0.999969065 0.007826185 -0.000745789 -0.038965337 -0.007825275 0.999968648 0.001213925 -0.142634377 0.000755266 -0.001208051 0.999998987 8.835961342
0.999978304 0.006437578 -0.001397118 -0.038912293 -0.006438589 0.999978960 -0.000720023 -0.142797306 0.001392454 0.000729002 0.999998808 8.887149811
0.999981165 0.006059095 -0.000998911 -0.039493259 -0.006057431 0.999980271 0.001659762 -0.144493818 0.001008947 -0.001653680 0.999998152 8.938128471
0.999998808 0.001472641 -0.000385974 -0.039693404 -0.001471197 0.999991953 0.003712988 -0.144474298 0.000391439 -0.003712416 0.999993026 8.988424301
0.999999762 0.000592836 -0.000472122 -0.040150117 -0.000591325 0.999994636 0.003194287 -0.145217896 0.000474013 -0.003194007 0.999994814 9.039178848
0.999999762 -0.000588971 -0.000212226 -0.040030066 0.000589440 0.999997377 0.002217516 -0.146112964 0.000210920 -0.002217641 0.999997497 9.089360237
0.999999821 -0.000046397 0.000539454 -0.040134076 0.000045080 0.999996960 0.002443291 -0.147157133 -0.000539565 -0.002443266 0.999996841 9.140393257
0.999993861 0.002625989 0.002303891 -0.040784184 -0.002630009 0.999994993 0.001743746 -0.147790432 -0.002299301 -0.001749794 0.999995828 9.190300941
0.999987185 0.003981700 0.003169326 -0.041026637 -0.003988309 0.999989867 0.002081525 -0.148685947 -0.003161007 -0.002094139 0.999992728 9.240986824
0.999976814 0.005568407 0.003926340 -0.041461952 -0.005572226 0.999984026 0.000962169 -0.148994640 -0.003920920 -0.000984025 0.999991775 9.291685104
0.999972701 0.005646635 0.004787202 -0.040956561 -0.005655125 0.999982417 0.001761792 -0.150289774 -0.004777170 -0.001788816 0.999986947 9.341832161
0.999963939 0.006491455 0.005485536 -0.040785614 -0.006492343 0.999978960 0.000144093 -0.150548995 -0.005484485 -0.000179701 0.999984920 9.391519547
0.999947906 0.007388843 0.007041837 -0.041141763 -0.007387856 0.999972761 -0.000166160 -0.152233914 -0.007042872 0.000114127 0.999975145 9.441691399
0.999954104 0.005830884 0.007602730 -0.040982887 -0.005838085 0.999982476 0.000925304 -0.152842268 -0.007597202 -0.000969647 0.999970675 9.495486259
0.999952495 0.004672515 0.008558084 -0.041315079 -0.004685925 0.999987781 0.001547455 -0.153451443 -0.008550750 -0.001587484 0.999962151 9.546153069
0.999954164 0.003278007 0.008995861 -0.040915616 -0.003297231 0.999992311 0.002122963 -0.154300407 -0.008988833 -0.002152527 0.999957263 9.597236633
0.999953508 0.003020514 0.009158244 -0.040582657 -0.003017538 0.999995410 -0.000338722 -0.155174881 -0.009159225 0.000311071 0.999957979 9.648388863
0.999950647 0.002627471 0.009577912 -0.040766664 -0.002604040 0.999993563 -0.002458037 -0.156228587 -0.009584310 0.002432974 0.999951065 9.699372292
0.999969423 0.002408013 0.007428065 -0.039819740 -0.002390622 0.999994338 -0.002349263 -0.157102346 -0.007433680 0.002331433 0.999969602 9.752929688
0.999978602 0.000693827 0.006488370 -0.039676137 -0.000679539 0.999997377 -0.002204037 -0.158097565 -0.006489884 0.002199581 0.999976575 9.803976059
0.999985695 0.000062761 0.005338097 -0.039448772 -0.000046945 0.999995589 -0.002963076 -0.159182981 -0.005338260 0.002962783 0.999981344 9.855914116
0.999985218 0.001326208 0.005270885 -0.040158331 -0.001306563 0.999992192 -0.003728648 -0.159647733 -0.005275788 0.003721706 0.999979138 9.908307076
0.999989688 0.001331456 0.004348112 -0.040123198 -0.001319581 0.999995351 -0.002732808 -0.161354810 -0.004351730 0.002727042 0.999986768 9.960323334
0.999993324 0.001142658 0.003478593 -0.040321313 -0.001133338 0.999995768 -0.002680270 -0.162334681 -0.003481642 0.002676310 0.999990344 10.010798454
0.999996424 0.001092565 0.002447403 -0.040140413 -0.001089243 0.999998510 -0.001358299 -0.163047627 -0.002448884 0.001355628 0.999996066 10.065031052
0.999998629 0.001105706 0.001275032 -0.039411809 -0.001106124 0.999999344 0.000327867 -0.163872540 -0.001274669 -0.000329277 0.999999166 10.115115166
0.999989212 0.002375760 0.003977444 -0.042175654 -0.002373822 0.999997139 -0.000491820 -0.163101777 -0.003978601 0.000482373 0.999991953 10.168070793
0.999988079 0.003437700 0.003456858 -0.040203273 -0.003436286 0.999993980 -0.000415173 -0.165090129 -0.003458265 0.000403289 0.999993920 10.219107628
0.999991596 0.002309698 0.003388914 -0.039363511 -0.002305332 0.999996483 -0.001291873 -0.165603966 -0.003391885 0.001284049 0.999993384 10.271939278
0.999990702 -0.000095569 0.004311020 -0.040423386 0.000103451 0.999998331 -0.001828356 -0.166523010 -0.004310838 0.001828784 0.999988973 10.323716164
0.999985874 -0.001810146 0.004996791 -0.040621493 0.001828099 0.999991894 -0.003590725 -0.167825431 -0.004990250 0.003599809 0.999981046 10.376220703
0.999986231 -0.002735643 0.004462898 -0.040031116 0.002754205 0.999987602 -0.004158476 -0.169058457 -0.004451466 0.004170710 0.999981403 10.429313660
0.999994814 -0.000872408 0.003099456 -0.041045424 0.000889580 0.999984205 -0.005543469 -0.169904634 -0.003094571 0.005546197 0.999979854 10.481666565
0.999999285 0.000586476 0.000973501 -0.041202188 -0.000581373 0.999986112 -0.005234126 -0.170518696 -0.000976557 0.005233557 0.999985814 10.533761024
0.999999642 0.000826934 -0.000107416 -0.040675778 -0.000827118 0.999998152 -0.001722226 -0.171973318 0.000105991 0.001722313 0.999998510 10.589096069
0.999998868 -0.000009391 0.001487770 -0.042058393 0.000007505 0.999999225 0.001268092 -0.172528028 -0.001487781 -0.001268079 0.999998093 10.642076492
0.999998331 -0.000553753 0.001733029 -0.042033188 0.000550364 0.999997973 0.001955187 -0.173312187 -0.001734109 -0.001954230 0.999996543 10.695800781
0.999997675 -0.000818205 0.002010863 -0.042269394 0.000816661 0.999999464 0.000768855 -0.174232766 -0.002011491 -0.000767211 0.999997735 10.749260902
0.999993742 -0.002249427 0.002729563 -0.042809397 0.002248661 0.999997437 0.000283446 -0.174616158 -0.002730193 -0.000277306 0.999996245 10.803212166
0.999991894 -0.002722135 0.002972422 -0.043244675 0.002719174 0.999995768 0.000999706 -0.175984234 -0.002975131 -0.000991615 0.999995053 10.855257988
0.999990582 -0.002406158 0.003608676 -0.043273155 0.002404290 0.999996960 0.000522017 -0.176463544 -0.003609921 -0.000513336 0.999993324 10.910099983
0.999989152 -0.000407287 0.004627065 -0.043924604 0.000410017 0.999999702 -0.000589106 -0.177543968 -0.004626824 0.000590997 0.999989092 10.962140083
0.999986410 0.000267082 0.005198340 -0.043865930 -0.000262168 0.999999464 -0.000946034 -0.178555593 -0.005198590 0.000944658 0.999986053 11.017526627
0.999981821 0.000305816 0.006021193 -0.043720052 -0.000303280 0.999999821 -0.000422135 -0.178601772 -0.006021320 0.000420301 0.999981821 11.071113586
0.999971628 -0.000176481 0.007527456 -0.044909239 0.000169736 0.999999523 0.000896677 -0.179996043 -0.007527611 -0.000895374 0.999971271 11.122177124
0.999977767 -0.002741067 0.006074072 -0.043571226 0.002738120 0.999996126 0.000493493 -0.181535214 -0.006075402 -0.000476851 0.999981403 11.177528381
0.999978900 -0.001678228 0.006274607 -0.043455191 0.001673653 0.999998331 0.000734381 -0.182394087 -0.006275830 -0.000723863 0.999980092 11.229763031
0.999982297 0.000107974 0.005939214 -0.043481924 -0.000099757 0.999998987 -0.001383851 -0.183352679 -0.005939357 0.001383234 0.999981403 11.283826828
0.999977648 0.002947439 0.005997635 -0.044374906 -0.002915909 0.999981940 -0.005258982 -0.184024364 -0.006013028 0.005241377 0.999968171 11.336188316
0.999982893 0.003553926 0.004633314 -0.043488923 -0.003536000 0.999986172 -0.003871636 -0.185472980 -0.004647009 0.003855187 0.999981701 11.390983582
0.999986231 0.004174295 0.003165423 -0.042904340 -0.004173144 0.999991119 -0.000370179 -0.186627164 -0.003166940 0.000356963 0.999994934 11.444127083
0.999986589 0.004641890 0.002265021 -0.043362230 -0.004648044 0.999985456 0.002719446 -0.187447086 -0.002252365 -0.002729938 0.999993682 11.496471405
0.999983311 0.005694439 0.000986589 -0.043934211 -0.005695966 0.999982595 0.001550936 -0.188857272 -0.000977740 -0.001556530 0.999998331 11.553077698
0.999986231 0.005192884 -0.000776975 -0.043973185 -0.005193040 0.999986589 -0.000199054 -0.189505965 0.000775930 0.000203086 0.999999762 11.605433464
0.999990165 0.003762699 -0.002326046 -0.044649236 -0.003760035 0.999992311 0.001148518 -0.190453306 0.002330350 -0.001139761 0.999996662 11.659288406
0.999991715 0.001341919 -0.003866404 -0.044500805 -0.001334221 0.999997258 0.001992897 -0.191642076 0.003869068 -0.001987722 0.999990523 11.712901115
0.999990344 0.000358593 -0.004378422 -0.044724625 -0.000352576 0.999999046 0.001375044 -0.192662045 0.004378911 -0.001373487 0.999989450 11.765422821
0.999987364 0.000608851 -0.004977114 -0.044622473 -0.000606207 0.999999702 0.000532712 -0.193588972 0.004977437 -0.000529688 0.999987483 11.820825577
0.999987841 0.001167678 -0.004791165 -0.045901969 -0.001168388 0.999999225 -0.000145375 -0.193980396 0.004790992 0.000150971 0.999988437 11.873269081
0.999986649 -0.000096923 -0.005170358 -0.046014786 0.000098516 0.999999940 0.000307845 -0.195812583 0.005170327 -0.000308351 0.999986529 11.926632881
0.999986649 -0.001432479 -0.004969324 -0.046629939 0.001430980 0.999998927 -0.000305089 -0.196297064 0.004969756 0.000297974 0.999987602 11.979768753
0.999989629 -0.000542753 -0.004539386 -0.047420055 0.000538439 0.999999404 -0.000951543 -0.197354674 0.004539900 0.000949089 0.999989331 12.032184601
0.999987304 -0.001997846 -0.004612691 -0.047900345 0.001995419 0.999997854 -0.000530568 -0.198284447 0.004613741 0.000521357 0.999989212 12.086273193
0.999988496 -0.001270047 -0.004612537 -0.048356149 0.001263867 0.999998271 -0.001342559 -0.199420601 0.004614234 0.001336714 0.999988437 12.139305115
0.999982536 -0.003355308 -0.004862063 -0.048823874 0.003341870 0.999990523 -0.002769227 -0.200320780 0.004871309 0.002752930 0.999984324 12.193422318
0.999975860 -0.004962264 -0.004859466 -0.048247635 0.004962218 0.999987662 -0.000021624 -0.201784164 0.004859513 -0.000002491 0.999988198 12.243694305
0.999964535 -0.006825923 -0.004934858 -0.049742587 0.006824858 0.999976695 -0.000233055 -0.202114657 0.004936334 0.000199367 0.999987721 12.299394608
0.999970853 -0.006546170 -0.003941391 -0.051320605 0.006539064 0.999976993 -0.001813215 -0.202823624 0.003953170 0.001787389 0.999990582 12.352088928
0.999975979 -0.005851130 -0.003712057 -0.051452704 0.005841184 0.999979377 -0.002684316 -0.203016534 0.003727688 0.002662570 0.999989510 12.403536797
0.999979854 -0.004955404 -0.003962591 -0.051588610 0.004951138 0.999987125 -0.001085652 -0.204761177 0.003967920 0.001066011 0.999991477 12.458854675
0.999984264 -0.004476446 -0.003389151 -0.052331448 0.004476359 0.999989927 -0.000033207 -0.205821633 0.003389265 0.000018036 0.999994218 12.511833191
0.999991059 -0.003046037 -0.002923402 -0.052673981 0.003044207 0.999995172 -0.000630165 -0.206736296 0.002925307 0.000621260 0.999995530 12.565045357
0.999988914 -0.003861663 -0.002687934 -0.053097393 0.003860300 0.999992371 -0.000512071 -0.208091021 0.002689891 0.000501689 0.999996245 12.617724419
0.999989390 -0.003622749 -0.002839654 -0.053779624 0.003618717 0.999992430 -0.001423812 -0.208787382 0.002844791 0.001413520 0.999994993 12.672801971
0.999994636 -0.002485468 -0.002117166 -0.054059591 0.002481703 0.999995291 -0.001778871 -0.209769875 0.002121577 0.001773608 0.999996185 12.726931572
0.999998033 0.000469551 -0.001932384 -0.055154793 -0.000474603 0.999996424 -0.002614869 -0.210653096 0.001931150 0.002615781 0.999994755 12.782096863
0.999998808 0.000214291 -0.001598138 -0.055115856 -0.000216574 0.999999046 -0.001428239 -0.211483136 0.001597830 0.001428584 0.999997675 12.834613800
0.999997914 0.001981266 -0.000491907 -0.056018643 -0.001982621 0.999994218 -0.002768008 -0.212380216 0.000486420 0.002768977 0.999996066 12.888442993
0.999993980 0.003476064 -0.000423781 -0.056066260 -0.003477295 0.999989629 -0.002938591 -0.213644788 0.000413562 0.002940047 0.999995530 12.941890717
0.999990940 0.004269833 -0.000350728 -0.056637738 -0.004271030 0.999984801 -0.003486756 -0.213989645 0.000335835 0.003488222 0.999993801 12.997419357
0.999987304 0.005014298 0.000478607 -0.056862954 -0.005013339 0.999985456 -0.001988446 -0.215612113 -0.000488571 0.001986021 0.999997854 13.048768997
0.999985397 0.005248642 0.001232268 -0.057666406 -0.005245461 0.999982953 -0.002570962 -0.215757847 -0.001245741 0.002564461 0.999995947 13.102722168
