0.999999881 -0.000435135 -0.000207121 -0.000153816 0.000435450 0.999998748 0.001522617 -0.000522126 0.000206458 -0.001522708 0.999998808 0.037858851
0.999998033 -0.001938128 -0.000372544 -0.000071654 0.001938777 0.999996603 0.001748977 -0.001230508 0.000369153 -0.001749696 0.999998391 0.075292140
0.999995470 -0.003007183 -0.000454732 -0.000540411 0.003007460 0.999995232 0.000611021 -0.001599885 0.000452892 -0.000612386 0.999999702 0.113049023
0.999993861 -0.003506456 0.000047593 -0.000757221 0.003506396 0.999993145 0.001211516 -0.002508653 -0.000051840 -0.001211341 0.999999285 0.151591524
0.999991059 -0.004199449 -0.000538890 -0.000615936 0.004200339 0.999989748 0.001661535 -0.002789013 0.000531907 -0.001663783 0.999998391 0.189308137
0.999987602 -0.004963915 -0.000061814 -0.000760665 0.004964054 0.999984562 0.002492055 -0.003283847 0.000049443 -0.002492331 0.999996901 0.227939159
0.999988616 -0.004770417 -0.000204860 -0.001152064 0.004771060 0.999983251 0.003263467 -0.003839849 0.000189289 -0.003264407 0.999994576 0.265669942
0.999992669 -0.003824481 -0.000240626 -0.001537279 0.003824839 0.999991536 0.001501751 -0.004502025 0.000234881 -0.001502660 0.999998748 0.304154098
0.999999762 -0.000739572 -0.000054507 -0.002180059 0.000739530 0.999999464 -0.000769959 -0.004979279 0.000055076 0.000769918 0.999999642 0.342500567
0.999997735 0.002021716 -0.000681454 -0.001834641 -0.002022851 0.999996483 -0.001668501 -0.005640867 0.000678079 0.001669876 0.999998331 0.380262434
0.999988854 0.004706668 -0.000512617 -0.002125036 -0.004707500 0.999987543 -0.001634723 -0.006357973 0.000504916 0.001637118 0.999998569 0.420135617
0.999986291 0.005215206 -0.000291318 -0.002549617 -0.005215500 0.999985874 -0.001020548 -0.006826123 0.000285992 0.001022054 0.999999404 0.457371652
0.999995828 0.002813645 0.000496226 -0.003179473 -0.002814680 0.999993742 0.002099110 -0.007662099 -0.000490317 -0.002100498 0.999997675 0.496013016
0.999999046 -0.001326531 -0.000437601 -0.002276113 0.001328088 0.999992669 0.003576431 -0.008048092 0.000432853 -0.003577009 0.999993443 0.535198689
0.999993086 -0.003663859 -0.000660974 -0.002320888 0.003664765 0.999992311 0.001374309 -0.008721636 0.000655934 -0.001376721 0.999998808 0.574344814
0.999989152 -0.004635885 -0.000370166 -0.002845566 0.004635681 0.999989033 -0.000548542 -0.009171150 0.000372705 0.000546820 0.999999762 0.612798154
0.999997556 -0.002109401 0.000620120 -0.003535760 0.002110845 0.999995053 -0.002335901 -0.009610269 -0.000615189 0.002337205 0.999997079 0.651755691
0.999999464 0.000409550 0.000973865 -0.003381890 -0.000409343 0.999999881 -0.000212601 -0.010376925 -0.000973952 0.000212202 0.999999523 0.691191614
0.999998510 0.000962179 0.001414221 -0.003541126 -0.000967470 0.999992490 0.003745121 -0.011272952 -0.001410607 -0.003746484 0.999992013 0.730916083
0.999994874 -0.000997103 0.003038316 -0.004958011 0.000981954 0.999987125 0.004983462 -0.011315723 -0.003043245 -0.004980454 0.999982953 0.770844340
0.999983430 -0.005518109 0.001635470 -0.003558156 0.005512455 0.999978840 0.003441368 -0.012228582 -0.001654426 -0.003432296 0.999992728 0.809313416
0.999985456 -0.004824864 0.002390869 -0.004387803 0.004821918 0.999987602 0.001236262 -0.012580756 -0.002396804 -0.001224716 0.999996424 0.848667860
0.999979556 -0.005881609 0.002498577 -0.004002469 0.005884795 0.999981880 -0.001269458 -0.013283825 -0.002491066 0.001284135 0.999996066 0.888552964
0.999991477 -0.002895687 0.002933309 -0.003966446 0.002902483 0.999993145 -0.002315381 -0.013682717 -0.002926585 0.002323875 0.999993026 0.928141594
0.999991775 -0.001216565 0.003858706 -0.004517443 0.001233037 0.999990165 -0.004269171 -0.014663994 -0.003853475 0.004273894 0.999983430 0.967073917
0.999992907 -0.000965522 0.003642033 -0.004379209 0.000979286 0.999992311 -0.003779119 -0.015096613 -0.003638358 0.003782658 0.999986231 1.007276297
0.999995351 -0.000989816 0.002907848 -0.003944026 0.000996216 0.999997079 -0.002200435 -0.016263807 -0.002905662 0.002203321 0.999993384 1.047676802
0.999996483 0.000137075 0.002661104 -0.004156136 -0.000134924 0.999999583 -0.000808615 -0.016847832 -0.002661215 0.000808252 0.999996185 1.087872744
0.999992073 0.003061170 0.002595710 -0.004397728 -0.003060278 0.999995172 -0.000347767 -0.017589016 -0.002596762 0.000339820 0.999996543 1.127914310
0.999975681 0.006003592 0.003553570 -0.005278718 -0.006000769 0.999981582 -0.000804433 -0.018290281 -0.003558335 0.000783089 0.999993384 1.168013334
0.999951959 0.009259731 0.003243309 -0.005431010 -0.009257056 0.999956787 -0.000838679 -0.018788440 -0.003250935 0.000808615 0.999994338 1.209623575
0.999955237 0.008981590 0.002965055 -0.005366813 -0.008981175 0.999959648 -0.000153061 -0.019559177 -0.002966310 0.000126424 0.999995589 1.248321295
0.999965847 0.007944000 0.002322804 -0.005494412 -0.007942692 0.999968350 -0.000571833 -0.019943722 -0.002327273 0.000553364 0.999997199 1.288798094
0.999968052 0.007846789 0.001553465 -0.005224992 -0.007845351 0.999968827 -0.000928487 -0.020717504 -0.001560703 0.000916269 0.999998331 1.329722643
0.999979973 0.006258862 0.000840493 -0.005798277 -0.006258554 0.999980330 -0.000367893 -0.021669466 -0.000842779 0.000362625 0.999999583 1.369802713
0.999978423 0.006515707 -0.000777055 -0.005583849 -0.006515360 0.999978602 0.000449315 -0.022042738 0.000779967 -0.000444243 0.999999642 1.411164284
0.999973118 0.007005053 -0.002148718 -0.005793939 -0.007004851 0.999975443 0.000101462 -0.022794973 0.002149376 -0.000086408 0.999997675 1.452067256
0.999976754 0.006202970 -0.002787055 -0.006698922 -0.006199599 0.999980092 0.001216328 -0.023805462 0.002794545 -0.001199021 0.999995410 1.492360473
0.999970078 0.006828928 -0.003615901 -0.007010952 -0.006823667 0.999975741 0.001464846 -0.024070749 0.003625816 -0.001440129 0.999992311 1.533534050
0.999973476 0.005119113 -0.005181422 -0.006278548 -0.005107277 0.999984324 0.002294841 -0.025163047 0.005193088 -0.002268317 0.999983907 1.576393008
0.999974668 0.005505726 -0.004489567 -0.007739050 -0.005493393 0.999981105 0.002754468 -0.025460426 0.004504649 -0.002729736 0.999986112 1.615532398
0.999986053 0.000748745 -0.005216093 -0.007984371 -0.000737540 0.999997377 0.002149723 -0.026228486 0.005217691 -0.002145846 0.999984086 1.657003164
0.999984443 0.000837857 -0.005529446 -0.008268853 -0.000825202 0.999997079 0.002290512 -0.026963308 0.005531350 -0.002285913 0.999982059 1.697521091
0.999989390 0.000831958 -0.004517450 -0.008707869 -0.000818172 0.999994993 0.003052671 -0.027897026 0.004519968 -0.003048943 0.999985158 1.737503886
0.999985993 -0.002812303 -0.004484051 -0.008696861 0.002829298 0.999988794 0.003788333 -0.027850226 0.004473347 -0.003800967 0.999982774 1.775704503
0.999984562 -0.003660873 -0.004187145 -0.008900885 0.003674320 0.999988079 0.003208330 -0.028450422 0.004175351 -0.003223666 0.999986053 1.814413428
0.999969184 -0.006750681 -0.003998601 -0.009282343 0.006762280 0.999972939 0.002894218 -0.029111186 0.003978956 -0.002921169 0.999987841 1.856046915
0.999985456 -0.004680440 -0.002679791 -0.010021211 0.004687550 0.999985516 0.002653139 -0.030125443 0.002667334 -0.002665662 0.999992907 1.895971894
0.999984682 -0.005229129 -0.001800384 -0.012171175 0.005232508 0.999984562 0.001877038 -0.029510181 0.001790541 -0.001886429 0.999996603 1.940148711
0.999990523 -0.004317161 -0.000549230 -0.013167331 0.004318588 0.999987245 0.002624885 -0.028695924 0.000537891 -0.002627232 0.999996364 1.974973440
0.999987602 0.004849175 0.001042149 -0.014044478 -0.004854140 0.999976635 0.004814737 -0.031588163 -0.001018778 -0.004819737 0.999987900 2.017692804
0.999981880 0.005965231 0.000738838 -0.013765752 -0.005968730 0.999970555 0.004828933 -0.031296846 -0.000710011 -0.004833256 0.999988079 2.060299158
0.999948859 0.009895606 -0.002071020 -0.004556114 -0.009880293 0.999924660 0.007277404 -0.033534154 0.002142878 -0.007256569 0.999971390 2.086513519
0.999888480 0.014800358 0.002022658 -0.013480531 -0.014808716 0.999881566 0.004181356 -0.032786138 -0.001960533 -0.004210842 0.999989271 2.135428905
0.999878705 0.015360776 0.002568871 -0.014840193 -0.015370221 0.999875009 0.003697147 -0.033122681 -0.002511760 -0.003736183 0.999989867 2.179381132
0.999851882 0.016858250 0.003470138 -0.015273890 -0.016873231 0.999848247 0.004333961 -0.033899635 -0.003396549 -0.004391872 0.999984682 2.218005419
0.999880791 0.015072913 0.003347367 -0.015074791 -0.015087081 0.999877095 0.004248408 -0.034371644 -0.003282920 -0.004298404 0.999985337 2.257354021
0.999915957 0.012683271 0.002660414 -0.015074583 -0.012691219 0.999915004 0.002993312 -0.034977257 -0.002622223 -0.003026825 0.999991894 2.296817303
0.999928534 0.011635057 0.002728199 -0.015971577 -0.011644060 0.999926686 0.003307448 -0.035897121 -0.002689517 -0.003338979 0.999990761 2.336392403
0.999931991 0.011493378 0.001971378 -0.015625946 -0.011498609 0.999930322 0.002662519 -0.035846822 -0.001940639 -0.002685006 0.999994457 2.375707388
0.999938548 0.011014429 0.001276670 -0.015261647 -0.011017617 0.999936044 0.002518422 -0.036493223 -0.001248849 -0.002532333 0.999996006 2.413280010
0.999934793 0.011413144 0.000408393 -0.015516716 -0.011414231 0.999930978 0.002770897 -0.037149806 -0.000376740 -0.002775377 0.999996126 2.452796936
0.999944389 0.010535895 -0.000353405 -0.015748158 -0.010534549 0.999937952 0.003610340 -0.037698723 0.000391421 -0.003606417 0.999993443 2.491055965
0.999955654 0.009314640 -0.001385386 -0.016193803 -0.009308986 0.999948561 0.004032337 -0.037956517 0.001422875 -0.004019261 0.999990880 2.529902220
0.999975979 0.006583285 -0.002174162 -0.016786817 -0.006574294 0.999969900 0.004116995 -0.038122661 0.002201200 -0.004102603 0.999989271 2.567785740
0.999982059 0.004584492 -0.003836138 -0.016303046 -0.004564333 0.999975801 0.005247308 -0.039631188 0.003860102 -0.005229705 0.999978900 2.608223677
0.999987960 0.002415937 -0.004251617 -0.016603677 -0.002392755 0.999982297 0.005448932 -0.040468473 0.004264705 -0.005438694 0.999976158 2.646223545
0.999988139 0.001938259 -0.004463487 -0.017097976 -0.001918774 0.999988616 0.004365707 -0.040731676 0.004471899 -0.004357092 0.999980509 2.685734987
0.999985993 0.002516500 -0.004651304 -0.017435791 -0.002498368 0.999989212 0.003900023 -0.041429654 0.004661069 -0.003888348 0.999981523 2.724256277
0.999988735 0.002255872 -0.004169779 -0.018013705 -0.002243294 0.999992907 0.003018703 -0.041734796 0.004176560 -0.003009316 0.999986708 2.762380362
0.999987423 0.003480291 -0.003598615 -0.018819677 -0.003471337 0.999990821 0.002491252 -0.042490445 0.003607252 -0.002478729 0.999990463 2.800443172
0.999983430 0.004971082 -0.002888545 -0.019444231 -0.004963874 0.999984503 0.002497043 -0.042796321 0.002900913 -0.002482663 0.999992669 2.838966846
0.999980867 0.004798474 -0.003899740 -0.018816989 -0.004782797 0.999980450 0.004019612 -0.043542679 0.003918952 -0.004000884 0.999984264 2.877136230
0.999978542 0.005753069 -0.003119981 -0.020045236 -0.005733647 0.999964356 0.006198459 -0.044366356 0.003155530 -0.006180438 0.999975860 2.915204763
0.999980450 0.005068789 -0.003640189 -0.019696617 -0.005053936 0.999978900 0.004078151 -0.044863690 0.003660783 -0.004059674 0.999984980 2.952816248
0.999976516 0.005918709 -0.003451109 -0.019959707 -0.005912851 0.999981046 0.001705312 -0.045589790 0.003461137 -0.001684865 0.999992549 2.990050554
0.999978721 0.005848664 -0.002852777 -0.020597987 -0.005846313 0.999982595 0.000831557 -0.046317987 0.002857591 -0.000814861 0.999995530 3.025266409
0.999991298 0.002568146 -0.003264465 -0.021049695 -0.002563059 0.999995410 0.001561630 -0.046474919 0.003268461 -0.001553249 0.999993384 3.065495729
0.999995828 0.000469485 -0.002842017 -0.020953206 -0.000460375 0.999994695 0.003205155 -0.047125809 0.002843507 -0.003203833 0.999990761 3.102286816
0.999995708 -0.001263004 -0.002633787 -0.020802738 0.001273746 0.999990821 0.004080794 -0.047844529 0.002628609 -0.004084131 0.999988198 3.142278194
0.999995649 -0.002615629 -0.001385195 -0.021218089 0.002619684 0.999992251 0.002933696 -0.048564382 0.001377511 -0.002937312 0.999994755 3.179349184
0.999998629 0.001654083 -0.000369794 -0.021330403 -0.001654168 0.999998569 -0.000226778 -0.048876476 0.000369419 0.000227389 0.999999940 3.216952801
0.999989092 0.004605056 0.000943841 -0.021704048 -0.004602867 0.999986708 -0.002308214 -0.049672194 -0.000954458 0.002303844 0.999996901 3.252679586
0.999983788 0.005392987 0.001837408 -0.021624392 -0.005389921 0.999984026 -0.001669784 -0.050477784 -0.001846384 0.001659854 0.999996901 3.291556120
0.999972701 0.006566867 0.003363833 -0.022013631 -0.006566959 0.999978483 0.000016255 -0.050768688 -0.003363654 -0.000038345 0.999994338 3.329644203
0.999968648 0.006719355 0.004185238 -0.021931618 -0.006727829 0.999975324 0.002013824 -0.051229287 -0.004171603 -0.002041919 0.999989212 3.366611958
0.999970317 0.005965570 0.004866705 -0.021905074 -0.005980636 0.999977350 0.003087294 -0.052076466 -0.004848178 -0.003116309 0.999983370 3.404205799
0.999961376 0.006032271 0.006395051 -0.022047581 -0.006046182 0.999979377 0.002158156 -0.052320447 -0.006381901 -0.002196738 0.999977171 3.441234589
0.999949098 0.006840145 0.007419345 -0.021853177 -0.006855091 0.999974608 0.001990983 -0.052666064 -0.007405538 -0.002041742 0.999970436 3.479545116
0.999898434 0.011230032 0.008773922 -0.022398870 -0.011242197 0.999935925 0.001338146 -0.053811878 -0.008758333 -0.001436649 0.999960601 3.517768145
0.999879420 0.012116614 0.009710312 -0.022232659 -0.012118078 0.999926627 0.000092039 -0.054262012 -0.009708483 -0.000209699 0.999952853 3.556213379
0.999849319 0.013659738 0.010707777 -0.021085571 -0.013652019 0.999906480 -0.000793701 -0.055386897 -0.010717617 0.000647398 0.999942362 3.592686892
0.999850273 0.012575146 0.011888581 -0.021681260 -0.012565663 0.999920607 -0.000872043 -0.055454183 -0.011898604 0.000722525 0.999928951 3.630191803
0.999844313 0.011966068 0.012972759 -0.021229807 -0.011978663 0.999927819 0.000893515 -0.056612961 -0.012961131 -0.001048772 0.999915481 3.667458296
0.999849677 0.011048933 0.013365840 -0.020796716 -0.011065801 0.999938011 0.001188619 -0.057160087 -0.013351879 -0.001336344 0.999909937 3.706605196
0.999854922 0.010009938 0.013781172 -0.020901151 -0.010030664 0.999948680 0.001435472 -0.057437446 -0.013766095 -0.001573498 0.999903917 3.743595362
0.999879539 0.007516909 0.013573309 -0.020205516 -0.007538975 0.999970376 0.001575175 -0.058018640 -0.013561067 -0.001677314 0.999906540 3.780922890
0.999893069 0.006399651 0.013151227 -0.019390382 -0.006424047 0.999977708 0.001813575 -0.058305133 -0.013139327 -0.001897865 0.999911845 3.818332434
0.999899685 0.005382691 0.013100658 -0.020182133 -0.005393778 0.999985158 0.000811256 -0.058542173 -0.013096096 -0.000881837 0.999913812 3.856179953
0.999920011 0.004120879 0.011958605 -0.019768007 -0.004141854 0.999989927 0.001729706 -0.059735768 -0.011951357 -0.001779098 0.999926984 3.893736124
0.999950588 0.001820184 0.009776602 -0.018460672 -0.001843069 0.999995589 0.002332300 -0.059942521 -0.009772314 -0.002350204 0.999949455 3.932985783
0.999953270 0.001865193 0.009487154 -0.018593296 -0.001879408 0.999997079 0.001489705 -0.059557617 -0.009484348 -0.001507465 0.999953926 3.970699310
0.999960661 0.001545857 0.008733775 -0.018650755 -0.001567032 0.999995828 0.002418198 -0.061314024 -0.008730002 -0.002431789 0.999958992 4.006320000
0.999972999 0.000379518 0.007328089 -0.018907011 -0.000394981 0.999997616 0.002108840 -0.061861750 -0.007327272 -0.002111678 0.999970913 4.044889450
0.999982297 -0.000444455 0.005922527 -0.018353527 0.000428592 0.999996305 0.002679432 -0.063184649 -0.005923696 -0.002676846 0.999978840 4.082167625
0.999986112 -0.002820621 0.004451065 -0.017844200 0.002821832 0.999995947 -0.000265780 -0.063427836 -0.004450298 0.000278336 0.999990046 4.121198177
0.999967337 -0.007461862 0.003087747 -0.016696140 0.007462288 0.999972105 -0.000126626 -0.064574018 -0.003086716 0.000149664 0.999995172 4.159110546
0.999882281 -0.015007826 0.003190303 -0.018053366 0.015001357 0.999885380 0.002041903 -0.065040380 -0.003220582 -0.001993804 0.999992847 4.192554951
0.999755204 -0.022059968 0.001707492 -0.018035246 0.022054501 0.999751747 0.003156355 -0.065458074 -0.001776697 -0.003117925 0.999993563 4.230180740
0.999686778 -0.025010673 0.000943329 -0.018319186 0.025010983 0.999687135 -0.000322025 -0.065906562 -0.000934980 0.000345518 0.999999583 4.267175198
0.999728084 -0.023296012 0.000979937 -0.018175703 0.023300074 0.999718964 -0.004360873 -0.065732650 -0.000878070 0.004382519 0.999989927 4.305027008
0.999794006 -0.020170616 0.002229368 -0.017995484 0.020182904 0.999780357 -0.005636442 -0.067382626 -0.002115188 0.005680277 0.999981642 4.342669487
0.999812245 -0.019107835 0.003230904 -0.018184472 0.019128017 0.999796927 -0.006336323 -0.067959636 -0.003109175 0.006396934 0.999974728 4.379466534
0.999726892 -0.023083566 0.003635933 -0.018247604 0.023091337 0.999731064 -0.002109512 -0.069127165 -0.003586261 0.002192894 0.999991179 4.416882038
0.999553442 -0.029610379 0.004027959 -0.018015703 0.029606579 0.999561131 0.000999102 -0.069928139 -0.004055776 -0.000879402 0.999991417 4.453749180
0.999445379 -0.033041906 0.004142943 -0.017642444 0.033032857 0.999451756 0.002234471 -0.070354156 -0.004214503 -0.002096379 0.999988854 4.491500378
0.999387443 -0.034715857 0.004423145 -0.017354947 0.034705665 0.999394774 0.002360455 -0.071229652 -0.004502413 -0.002205501 0.999987423 4.528661251
0.999434710 -0.033162858 0.005527928 -0.017070547 0.033144228 0.999444664 0.003429470 -0.071853288 -0.005638590 -0.003244312 0.999978840 4.566016197
0.999544382 -0.029439347 0.006662645 -0.017057754 0.029422861 0.999563754 0.002558984 -0.072226994 -0.006735075 -0.002361784 0.999974549 4.601565361
0.999658942 -0.025168486 0.006985597 -0.017004356 0.025169397 0.999683321 -0.000042516 -0.072828017 -0.006982315 0.000218325 0.999975622 4.642950058
0.999715149 -0.022505902 0.007942970 -0.017400876 0.022508325 0.999746680 -0.000215730 -0.074034967 -0.007936102 0.000394451 0.999968469 4.681521893
0.999762535 -0.020399893 0.007664382 -0.016836621 0.020395750 0.999791801 0.000618215 -0.074653544 -0.007675398 -0.000461747 0.999970496 4.720228672
0.999808252 -0.017924739 0.007898033 -0.017189324 0.017923040 0.999839246 0.000286237 -0.075011507 -0.007901896 -0.000144625 0.999968767 4.758395195
0.999844015 -0.016217237 0.006999281 -0.016687077 0.016235286 0.999864876 -0.002529339 -0.075524971 -0.006957317 0.002642580 0.999972343 4.797038078
0.999900281 -0.012609937 0.006353407 -0.016759118 0.012643387 0.999906182 -0.005252244 -0.076444328 -0.006286582 0.005332049 0.999966025 4.834106445
0.999954641 -0.007225286 0.006208198 -0.016409092 0.007269476 0.999948204 -0.007125048 -0.076698855 -0.006156395 0.007169856 0.999955416 4.872383118
0.999973416 -0.002643483 0.006792341 -0.017195564 0.002680662 0.999981463 -0.005470403 -0.078008689 -0.006777755 0.005488465 0.999961913 4.913042068
0.999975920 0.000770827 0.006899486 -0.017563548 -0.000745022 0.999992788 -0.003742041 -0.078737125 -0.006902320 0.003736811 0.999969184 4.953081131
0.999969363 0.000945070 0.007772540 -0.017868225 -0.000933529 0.999998510 -0.001488506 -0.079302795 -0.007773933 0.001481205 0.999968708 4.991167545
0.999970913 -0.002880743 0.007061164 -0.018172760 0.002885682 0.999995649 -0.000689313 -0.079725258 -0.007059147 0.000709669 0.999974787 5.029001713
0.999976635 -0.004780155 0.004892533 -0.017040748 0.004780549 0.999988496 -0.000068714 -0.081168860 -0.004892148 0.000092102 0.999988019 5.069311619
0.999987006 -0.004204431 0.002876202 -0.017421745 0.004218490 0.999979079 -0.004899891 -0.081396997 -0.002855541 0.004911960 0.999983847 5.108174801
0.999994934 -0.002409449 0.002108653 -0.019123070 0.002428862 0.999954224 -0.009252572 -0.082084417 -0.002086262 0.009257645 0.999954939 5.147825241
0.999994278 0.003324183 0.000658419 -0.017610751 -0.003317583 0.999946594 -0.009782593 -0.083972350 -0.000690903 0.009780352 0.999951839 5.185370445
0.999988556 0.004788245 -0.000110166 -0.016617622 -0.004789018 0.999951184 -0.008641239 -0.083901525 0.000068784 0.008641668 0.999962687 5.224271774
0.999971509 0.007508651 0.000813893 -0.017513461 -0.007504641 0.999960124 -0.004824910 -0.085687257 -0.000850090 0.004818665 0.999988079 5.262950897
0.999973714 0.007236230 -0.000576520 -0.015640747 -0.007238472 0.999965787 -0.003987289 -0.084426142 0.000547647 0.003991357 0.999991953 5.302853107
0.999978662 0.006524055 0.000293070 -0.016989417 -0.006523310 0.999975562 -0.002479539 -0.085995719 -0.000309240 0.002477574 0.999996901 5.343921185
0.999981225 0.006028278 0.001056570 -0.017703762 -0.006026074 0.999979615 -0.002077214 -0.086601183 -0.001069071 0.002070807 0.999997377 5.381618977
0.999995828 0.002774949 0.000741772 -0.016840128 -0.002773958 0.999995172 -0.001334348 -0.087434910 -0.000745472 0.001332284 0.999998808 5.419768810
0.999999821 -0.000484400 0.000390164 -0.017287077 0.000484877 0.999999106 -0.001224271 -0.088175148 -0.000389570 0.001224460 0.999999166 5.464429855
0.999996245 -0.002288044 0.001525243 -0.017679159 0.002288819 0.999997258 -0.000506099 -0.088910826 -0.001524081 0.000509588 0.999998689 5.503633022
0.999968410 -0.007888149 0.001017611 -0.017110378 0.007886986 0.999968231 0.001141605 -0.089372031 -0.001026584 -0.001133543 0.999998808 5.542889595
0.999954939 -0.009188844 0.002399185 -0.017984975 0.009187839 0.999957740 0.000428831 -0.090064801 -0.002403024 -0.000406768 0.999997020 5.583685398
0.999967337 -0.007711546 0.002417706 -0.018286912 0.007719379 0.999964952 -0.003247844 -0.090779491 -0.002392575 0.003266401 0.999991775 5.624349594
0.999995768 -0.001179885 0.002632961 -0.018479023 0.001200758 0.999967754 -0.007939779 -0.091725290 -0.002623508 0.007942907 0.999965012 5.664078712
0.999951780 0.008675079 0.004601179 -0.019700080 -0.008636045 0.999927104 -0.008435847 -0.092289999 -0.004674025 0.008395704 0.999953806 5.705386639
0.999850154 0.016361533 0.005656801 -0.019623738 -0.016335009 0.999855518 -0.004703164 -0.093307622 -0.005732934 0.004610055 0.999972939 5.746133327
0.999825478 0.017632427 0.006178276 -0.019570213 -0.017616613 0.999841392 -0.002605018 -0.094323218 -0.006223230 0.002495722 0.999977469 5.786731243
0.999850035 0.016424991 0.005485435 -0.019267403 -0.016411446 0.999862194 -0.002504870 -0.094859533 -0.005525822 0.002414471 0.999981761 5.827621460
0.999907672 0.012956930 0.004096280 -0.019025318 -0.012947885 0.999913633 -0.002227154 -0.095951647 -0.004124783 0.002173909 0.999989092 5.867977142
0.999931812 0.011117054 0.003600272 -0.019601898 -0.011106493 0.999934018 -0.002940348 -0.096363708 -0.003632723 0.002900161 0.999989212 5.910857677
0.999930680 0.011388603 0.002997925 -0.019420296 -0.011377105 0.999927938 -0.003825061 -0.096791893 -0.003041271 0.003790688 0.999988198 5.949426174
0.999917388 0.012459985 0.003166029 -0.020035850 -0.012448722 0.999916196 -0.003552199 -0.097580746 -0.003210024 0.003512492 0.999988675 5.990439892
0.999913812 0.012832417 0.002780501 -0.020493556 -0.012825433 0.999914587 -0.002515153 -0.098389715 -0.002812539 0.002479275 0.999992967 6.031804085
0.999918282 0.012527425 0.002546668 -0.021031760 -0.012519220 0.999916434 -0.003213044 -0.099245273 -0.002586706 0.003180899 0.999991655 6.073808670
0.999920070 0.012440561 0.002262359 -0.020393264 -0.012431045 0.999913990 -0.004173359 -0.100237504 -0.002314084 0.004144901 0.999988735 6.115179062
0.999922276 0.012419720 0.001127746 -0.019473352 -0.012414754 0.999913692 -0.004308862 -0.101220995 -0.001181163 0.004294525 0.999990106 6.155212402
0.999929845 0.011819282 0.000813691 -0.020133546 -0.011815472 0.999919891 -0.004536917 -0.101652756 -0.000867249 0.004526985 0.999989450 6.197932720
0.999922395 0.012357814 0.001568950 -0.020743070 -0.012349514 0.999910176 -0.005194901 -0.102109492 -0.001633006 0.005175122 0.999985278 6.238291264
0.999926567 0.012074227 0.001054855 -0.020918733 -0.012068368 0.999912560 -0.005395897 -0.102725819 -0.001119914 0.005382771 0.999984860 6.280515671
0.999921501 0.012517586 0.000451711 -0.021393711 -0.012514665 0.999903798 -0.005975035 -0.103612587 -0.000526460 0.005968914 0.999982059 6.322549343
0.999921143 0.012543249 0.000586209 -0.021449074 -0.012539737 0.999905348 -0.005652892 -0.104718402 -0.000657059 0.005645095 0.999983847 6.363754272
0.999914229 0.013089376 -0.000384821 -0.020827550 -0.013091414 0.999897003 -0.005883338 -0.105770543 0.000307772 0.005887873 0.999982595 6.406586647
0.999927044 0.012080330 -0.000059457 -0.021105140 -0.012080470 0.999908984 -0.006020490 -0.106664628 -0.000013278 0.006020769 0.999981940 6.448451996
0.999948680 0.010047179 -0.001252329 -0.020623038 -0.010053907 0.999934316 -0.005487149 -0.108112492 0.001197117 0.005499458 0.999984205 6.491339207
0.999961078 0.008744720 -0.001155966 -0.020667460 -0.008751280 0.999944866 -0.005796065 -0.108754970 0.001105217 0.005805955 0.999982536 6.533769131
0.999965429 0.008215787 -0.001244456 -0.020437988 -0.008221587 0.999954939 -0.004731055 -0.109834805 0.001205530 0.004741122 0.999988019 6.575982571
0.999965131 0.008197822 -0.001534147 -0.020402763 -0.008204994 0.999955118 -0.004728901 -0.110768892 0.001495312 0.004741324 0.999987602 6.618453026
0.999970138 0.007715918 -0.000143115 -0.022362031 -0.007716564 0.999956369 -0.005265106 -0.111323386 0.000102484 0.005266052 0.999986112 6.660324574
0.999965906 0.008256418 0.000087279 -0.022537705 -0.008255744 0.999947786 -0.006015842 -0.112067580 -0.000136944 0.006014916 0.999981880 6.703244209
0.999947369 0.010155448 0.001421878 -0.023655787 -0.010147247 0.999932528 -0.005659475 -0.113024622 -0.001479256 0.005644748 0.999982953 6.745257378
0.999946475 0.010311873 0.000859974 -0.022593644 -0.010308786 0.999940634 -0.003518266 -0.113839082 -0.000896203 0.003509212 0.999993443 6.787945271
0.999951959 0.009673381 0.001641809 -0.022982027 -0.009667337 0.999946594 -0.003650965 -0.114383213 -0.001677039 0.003634917 0.999992013 6.831017017
0.999941289 0.010765800 0.001280791 -0.022086542 -0.010758794 0.999927819 -0.005355998 -0.115194499 -0.001338360 0.005341904 0.999984801 6.873626709
0.999926090 0.011809034 0.002896813 -0.023312898 -0.011790959 0.999911368 -0.006179085 -0.116456404 -0.002969526 0.006144471 0.999976695 6.916321278
0.999924302 0.011993675 0.002756298 -0.023188349 -0.011978000 0.999912322 -0.005634746 -0.117493331 -0.002823638 0.005601303 0.999980271 6.959424019
0.999925435 0.011927023 0.002650215 -0.022781273 -0.011918847 0.999924183 -0.003080017 -0.119851641 -0.002686749 0.003048199 0.999991775 7.003157616
0.999918938 0.012488431 0.002525764 -0.023320429 -0.012476576 0.999911308 -0.004656480 -0.119127251 -0.002583692 0.004624589 0.999985993 7.046065331
0.999917507 0.012590392 0.002556218 -0.023681335 -0.012577831 0.999908984 -0.004871298 -0.119715847 -0.002617317 0.004838744 0.999984920 7.088473320
0.999898970 0.014095797 0.001844841 -0.022972448 -0.014089018 0.999894083 -0.003637455 -0.121466443 -0.001895918 0.003611095 0.999991715 7.131607533
0.999855816 0.016757406 0.002720857 -0.023669425 -0.016743639 0.999847233 -0.005005043 -0.121638015 -0.002804312 0.004958764 0.999983788 7.174467564
0.999859333 0.016436616 0.003340221 -0.024301413 -0.016422149 0.999855816 -0.004314329 -0.122684956 -0.003410652 0.004258868 0.999985158 7.217006683
0.999878168 0.015480904 0.001978957 -0.023633864 -0.015470844 0.999867797 -0.005003971 -0.123274907 -0.002056161 0.004972745 0.999985516 7.261281490
0.999914706 0.013040339 0.000654728 -0.023019375 -0.013037194 0.999904335 -0.004601726 -0.124057695 -0.000714673 0.004592797 0.999989212 7.305199623
0.999935031 0.011377768 0.000752100 -0.023377717 -0.011374538 0.999926686 -0.004167436 -0.124892242 -0.000799461 0.004158610 0.999991000 7.349413872
0.999963045 0.008529360 0.001044792 -0.023602191 -0.008525318 0.999956369 -0.003810905 -0.125866473 -0.001077251 0.003801858 0.999992192 7.392134666
0.999963641 0.007599277 0.003864357 -0.025478661 -0.007577608 0.999955595 -0.005591219 -0.126357406 -0.003906675 0.005561734 0.999976933 7.431834221
0.999923408 0.009904858 0.007421094 -0.027795635 -0.009854923 0.999928772 -0.006735084 -0.126148105 -0.007487276 0.006661434 0.999949753 7.469595432
0.999993265 0.003095883 0.001970225 -0.024045566 -0.003092614 0.999993801 -0.001660307 -0.128204554 -0.001975353 0.001654202 0.999996662 7.520277500
0.999992847 0.003062440 0.002204704 -0.024097765 -0.003055845 0.999990880 -0.002988644 -0.128686547 -0.002213836 0.002981887 0.999993086 7.563184738
0.999996006 0.001135239 0.002560868 -0.024197556 -0.001127591 0.999994874 -0.002986112 -0.130026951 -0.002564245 0.002983214 0.999992192 7.605779648
0.999995232 0.002141600 0.002243724 -0.023964638 -0.002135297 0.999993801 -0.002808356 -0.130998045 -0.002249725 0.002803551 0.999993563 7.649298191
0.999989569 0.002966517 0.003465017 -0.024247656 -0.002956301 0.999991298 -0.002949972 -0.131800428 -0.003473738 0.002939698 0.999989569 7.691572189
0.999970436 0.005460900 0.005418270 -0.024877954 -0.005443184 0.999979794 -0.003279051 -0.132853433 -0.005436068 0.003249462 0.999979913 7.733656883
0.999947667 0.007965091 0.006422862 -0.024991628 -0.007938458 0.999959886 -0.004161330 -0.133872688 -0.006455750 0.004110123 0.999970675 7.775165081
0.999941230 0.007669698 0.007662005 -0.025251366 -0.007636775 0.999961495 -0.004316923 -0.134405464 -0.007694820 0.004258157 0.999961317 7.819111824
0.999936402 0.008525173 0.007392203 -0.024782218 -0.008488609 0.999951601 -0.004963724 -0.135527954 -0.007434163 0.004900658 0.999960363 7.862065792
0.999912858 0.009253737 0.009415860 -0.025531687 -0.009185815 0.999931633 -0.007231464 -0.135685354 -0.009482136 0.007144340 0.999929488 7.904069424
0.999916136 0.007830535 0.010313747 -0.024865970 -0.007782462 0.999958694 -0.004692771 -0.137639225 -0.010350068 0.004612112 0.999935806 7.948589325
0.999919891 0.006436192 0.010898142 -0.024402678 -0.006390078 0.999970496 -0.004260950 -0.138044924 -0.010925244 0.004190969 0.999931574 7.990542889
0.999924064 0.005586313 0.010981128 -0.023805730 -0.005552086 0.999979615 -0.003144776 -0.139508188 -0.010998471 0.003083569 0.999934733 8.033658028
0.999934435 0.004406014 0.010564264 -0.023121081 -0.004353920 0.999978244 -0.004949064 -0.140678942 -0.010585840 0.004902744 0.999931931 8.076540947
0.999935746 0.003653138 0.010742925 -0.023312636 -0.003568242 0.999962330 -0.007911134 -0.141483381 -0.010771421 0.007872292 0.999910951 8.119080544
0.999954283 0.003497651 0.008897665 -0.022310868 -0.003424653 0.999960482 -0.008206196 -0.142421871 -0.008926016 0.008175349 0.999926686 8.161739349
0.999968946 0.001934470 0.007642011 -0.020945355 -0.001882978 0.999975502 -0.006739461 -0.144258991 -0.007654861 0.006724862 0.999948084 8.201419830
0.999967933 0.002195633 0.007696533 -0.022183388 -0.002134020 0.999965668 -0.008004428 -0.144685671 -0.007713843 0.007987747 0.999938369 8.246960640
0.999965966 0.003740703 0.007351912 -0.022730578 -0.003675665 0.999954224 -0.008840015 -0.145688251 -0.007384644 0.008812693 0.999933898 8.291406631
0.999972463 0.002312031 0.007063066 -0.023522571 -0.002252435 0.999961853 -0.008434063 -0.146494716 -0.007082297 0.008417920 0.999939561 8.333649635
0.999983490 0.001492377 0.005537567 -0.021866158 -0.001447534 0.999966204 -0.008093105 -0.147448003 -0.005549457 0.008084956 0.999951899 8.375240326
0.999990523 0.001259411 0.004156908 -0.021267436 -0.001233238 0.999979436 -0.006292746 -0.148731127 -0.004164748 0.006287561 0.999971569 8.417791367
0.999989390 0.002841888 0.003630199 -0.021504266 -0.002822730 0.999982059 -0.005271428 -0.149466708 -0.003645114 0.005261126 0.999979496 8.460524559
0.999984503 0.003280820 0.004503934 -0.021486655 -0.003257432 0.999981165 -0.005190325 -0.150293157 -0.004520877 0.005175573 0.999976397 8.502964973
0.999976933 0.003843961 0.005596366 -0.021544270 -0.003811791 0.999976277 -0.005747458 -0.151115492 -0.005618326 0.005725992 0.999967813 8.545766830
0.999978602 0.002872406 0.005871585 -0.021594245 -0.002836745 0.999977529 -0.006072829 -0.151720673 -0.005888897 0.006056044 0.999964297 8.588181496
0.999975979 0.001665270 0.006713169 -0.022116341 -0.001619476 0.999975443 -0.006821196 -0.153031766 -0.006724363 0.006810161 0.999954164 8.632491112
0.999974132 -0.000005717 0.007186806 -0.022026889 0.000074679 0.999953985 -0.009595401 -0.152870923 -0.007186420 0.009595690 0.999928176 8.673479080
0.999974012 -0.001048913 0.007128139 -0.022276931 0.001118543 0.999951661 -0.009771378 -0.154719234 -0.007117546 0.009779099 0.999926865 8.715747833
0.999982834 0.000020667 0.005866748 -0.023084123 0.000042829 0.999941468 -0.010822696 -0.155637562 -0.005866629 0.010822758 0.999924183 8.759016037
0.999994755 0.000182875 0.003229092 -0.023211949 -0.000151094 0.999951661 -0.009839474 -0.157092243 -0.003230736 0.009838936 0.999946415 8.801794052
0.999992192 0.002516509 0.003047341 -0.022980608 -0.002494110 0.999970019 -0.007332106 -0.157454997 -0.003065701 0.007324448 0.999968469 8.845939636
0.999990523 0.002166124 0.003786492 -0.022652447 -0.002149243 0.999987781 -0.004456599 -0.158171058 -0.003796100 0.004448419 0.999982893 8.889227867
0.999991715 0.000810671 0.003995790 -0.023077916 -0.000795884 0.999992847 -0.003700911 -0.159137636 -0.003998762 0.003697700 0.999985158 8.931548119
0.999988973 0.000422979 0.004669232 -0.023313049 -0.000399216 0.999986887 -0.005089020 -0.160006478 -0.004671324 0.005087099 0.999976158 8.975892067
0.999988377 -0.000595994 0.004775601 -0.023610197 0.000622106 0.999984860 -0.005468215 -0.160744160 -0.004772269 0.005471122 0.999973595 9.021227837
0.999988258 0.000365845 0.004827545 -0.022589047 -0.000343192 0.999988854 -0.004692388 -0.162755415 -0.004829209 0.004690676 0.999977350 9.064635277
0.999974906 0.002171403 0.006750272 -0.023864750 -0.002133650 0.999981999 -0.005594919 -0.163467988 -0.006762300 0.005580375 0.999961615 9.107731819
0.999962509 0.005148336 0.006969144 -0.023943551 -0.005095181 0.999957919 -0.007623706 -0.163714200 -0.007008100 0.007587911 0.999946713 9.151906967
0.999957144 0.003516560 0.008554240 -0.024526343 -0.003463764 0.999974847 -0.006179000 -0.165665463 -0.008575753 0.006149106 0.999944270 9.190889359
0.999965668 0.000820184 0.008238175 -0.023982048 -0.000785299 0.999990702 -0.004236856 -0.166023165 -0.008241574 0.004230242 0.999957085 9.236306190
0.999956965 0.000817454 0.009232773 -0.024051458 -0.000785504 0.999993622 -0.003463610 -0.167546660 -0.009235546 0.003456209 0.999951303 9.279787064
0.999954343 0.000029851 0.009546767 -0.023753881 0.000015524 0.999988735 -0.004752797 -0.168617398 -0.009546801 0.004752729 0.999943078 9.322234154
0.999947786 0.001833629 0.010047271 -0.024074249 -0.001783370 0.999985814 -0.005008917 -0.169541523 -0.010056312 0.004990738 0.999936938 9.365326881
0.999960423 0.002866828 0.008421596 -0.023085892 -0.002810456 0.999973595 -0.006697956 -0.170453429 -0.008440575 0.006674025 0.999942064 9.411126137
0.999957979 0.005260761 0.007507601 -0.022999994 -0.005184522 0.999935031 -0.010138320 -0.171234384 -0.007560447 0.010098970 0.999920487 9.455141068
0.999957323 0.006043970 0.006984835 -0.023014739 -0.005980358 0.999940753 -0.009092512 -0.172750965 -0.007039376 0.009050351 0.999934256 9.498014450
0.999962270 0.006361382 0.005915067 -0.022646736 -0.006329687 0.999965549 -0.005361503 -0.173956603 -0.005948971 0.005323861 0.999968112 9.541222572
0.999958813 0.007520230 0.005086877 -0.022978242 -0.007505960 0.999967873 -0.002818389 -0.174944147 -0.005107909 0.002780091 0.999983013 9.584877968
0.999961674 0.008024479 0.003520578 -0.022899307 -0.008009540 0.999958873 -0.004237249 -0.175765112 -0.003554436 0.004208888 0.999984801 9.628274918
0.999969602 0.007582778 0.001799008 -0.023114869 -0.007572846 0.999956369 -0.005464735 -0.176809326 -0.001840366 0.005450944 0.999983430 9.671867371
0.999976516 0.006842182 -0.000368783 -0.022777447 -0.006843526 0.999969423 -0.003779751 -0.178279445 0.000342910 0.003782185 0.999992728 9.714379311
0.999986827 0.004941565 -0.001425080 -0.022827307 -0.004946572 0.999981463 -0.003532000 -0.178995609 0.001407600 0.003539003 0.999992788 9.758326530
0.999990702 0.004052791 -0.001419350 -0.023646800 -0.004058538 0.999983490 -0.004069851 -0.180095375 0.001402832 0.004075574 0.999990702 9.802246094
0.999992073 0.003588180 -0.001673672 -0.023998465 -0.003596583 0.999980807 -0.005044868 -0.181320667 0.001655538 0.005050847 0.999985874 9.845791817
0.999989927 0.004264461 -0.001392731 -0.024602368 -0.004271592 0.999977589 -0.005156796 -0.182278559 0.001370709 0.005162694 0.999985695 9.887619019
0.999993503 0.003369295 -0.001298593 -0.024660300 -0.003375949 0.999980986 -0.005156928 -0.183304727 0.001281193 0.005161278 0.999985874 9.932135582
0.999994397 0.003129273 -0.001195151 -0.024942152 -0.003135778 0.999980032 -0.005480618 -0.184447974 0.001177977 0.005484336 0.999984264 9.975368500
0.999995410 0.002601728 -0.001510181 -0.025261514 -0.002611070 0.999977350 -0.006218351 -0.185484171 0.001493968 0.006222268 0.999979496 10.018361092
0.999995708 0.002412111 -0.001627308 -0.025294358 -0.002421567 0.999979973 -0.005833896 -0.186757967 0.001613203 0.005837813 0.999981642 10.061421394
0.999996305 0.002185002 -0.001623851 -0.025676593 -0.002195707 0.999975622 -0.006619669 -0.187641263 0.001609348 0.006623209 0.999976754 10.104850769
0.999998689 0.000849779 -0.001408400 -0.026174136 -0.000860670 0.999969542 -0.007750229 -0.188744485 0.001401771 0.007751429 0.999968946 10.148272514
0.999999464 -0.000171249 -0.000984314 -0.026443727 0.000164923 0.999979377 -0.006423492 -0.189521015 0.000985394 0.006423326 0.999978840 10.191218376
0.999997914 -0.001906838 -0.000736081 -0.026851274 0.001902611 0.999981999 -0.005701309 -0.190382645 0.000746939 0.005699896 0.999983490 10.233901024
0.999998033 -0.001756361 -0.000924580 -0.026352469 0.001749671 0.999972761 -0.007186776 -0.191421121 0.000937177 0.007185142 0.999973774 10.277015686
0.999999404 -0.000920583 -0.000731398 -0.027097965 0.000915471 0.999975383 -0.006960004 -0.192574650 0.000737788 0.006959329 0.999975502 10.321051598
0.999999464 -0.000342595 -0.000941340 -0.026953764 0.000336744 0.999980748 -0.006209485 -0.193488061 0.000943449 0.006209166 0.999980211 10.364401817
0.999999881 0.000474219 -0.000326188 -0.026931778 -0.000475433 0.999992967 -0.003733937 -0.195498198 0.000324415 0.003734091 0.999992967 10.406198502
0.999997377 0.002231435 0.000438286 -0.027867945 -0.002228986 0.999982357 -0.005511390 -0.195661664 -0.000450577 0.005510400 0.999984741 10.451060295
0.999998808 0.001521914 0.000148743 -0.027761480 -0.001520935 0.999978602 -0.006376945 -0.196522474 -0.000158445 0.006376713 0.999979675 10.494603157
0.999999523 0.000584498 0.000786799 -0.028058266 -0.000579662 0.999981105 -0.006132653 -0.197520509 -0.000790368 0.006132195 0.999980927 10.537721634
0.999996006 0.002554498 0.001218284 -0.028368447 -0.002545672 0.999970913 -0.007192046 -0.198513210 -0.001236621 0.007188916 0.999973416 10.581979752
0.999989569 0.004215212 0.001780311 -0.028893996 -0.004202208 0.999964952 -0.007245867 -0.199586704 -0.001810791 0.007238309 0.999972224 10.625928879
0.999985993 0.005188826 0.001018202 -0.028332330 -0.005182115 0.999965549 -0.006486196 -0.200649828 -0.001051823 0.006480829 0.999978423 10.669388771
0.999973536 0.006853864 0.002423976 -0.029102607 -0.006836026 0.999950051 -0.007292209 -0.201559454 -0.002473834 0.007275446 0.999970436 10.712723732
0.999963641 0.008147513 0.002504469 -0.029313073 -0.008127284 0.999935091 -0.007983033 -0.202466637 -0.002569348 0.007962388 0.999965012 10.757021904
0.999972820 0.007299208 0.001091789 -0.028618325 -0.007291012 0.999946475 -0.007329965 -0.203905433 -0.001145234 0.007321804 0.999972582 10.802305222
0.999943495 0.010039547 0.003533111 -0.029649567 -0.010014152 0.999924421 -0.007133855 -0.204678863 -0.003604465 0.007098070 0.999968231 10.843524933
0.999932230 0.011119205 0.003460830 -0.030005813 -0.011093142 0.999910712 -0.007460367 -0.205230325 -0.003543474 0.007421470 0.999966145 10.887173653
