0.999998629 0.000263314 -0.001588546 -0.000082701 -0.000264170 0.999999762 -0.000538339 -0.000391460 0.001588403 0.000538758 0.999998569 0.046193104
0.999910533 0.000024216 -0.013376399 0.000679370 -0.000058821 0.999996603 -0.002586621 -0.000312961 0.013376293 0.002587177 0.999907136 0.051378094
0.999628842 0.002816314 -0.027097387 0.003064521 -0.002904166 0.999990642 -0.003203319 -0.000032722 0.027088113 0.003280826 0.999627650 0.054657325
0.999029696 -0.000391464 -0.044039723 0.006250843 0.000164812 0.999986649 -0.005150045 0.000463300 0.044041160 0.005137791 0.999016523 0.058124173
0.998635173 0.005607576 -0.051925726 0.005889919 -0.005785302 0.999977946 -0.003273038 0.000053828 0.051906224 0.003568977 0.998645544 0.063241333
0.998522341 0.008424989 -0.053687036 0.006013080 -0.008666231 0.999953389 -0.004262292 0.000062276 0.053648621 0.004721258 0.998548687 0.065397024
0.998565018 0.008716031 -0.052839037 0.005983786 -0.009023624 0.999943733 -0.005585548 0.000112366 0.052787378 0.006054332 0.998587430 0.066367462
0.998600066 0.006089552 -0.052542936 0.005883413 -0.006333558 0.999969959 -0.004478690 -0.000043262 0.052514076 0.004805204 0.998608649 0.068012178
0.998439610 0.008723866 -0.055156238 0.006047923 -0.008990590 0.999949098 -0.004589499 -0.000017463 0.055113390 0.005078225 0.998467147 0.070558041
0.998338580 0.004688824 -0.057428963 0.006267963 -0.004855966 0.999984384 -0.002771214 -0.000300666 0.057415068 0.003045483 0.998345673 0.072243914
0.998580277 0.005502008 -0.052983616 0.005746298 -0.005593156 0.999983132 -0.001572176 -0.000470278 0.052974075 0.001866290 0.998594105 0.073017150
0.998712838 0.006378101 -0.050318360 0.005510482 -0.006565225 0.999972165 -0.003554407 -0.000219835 0.050294288 0.003880184 0.998726904 0.074191511
0.998963237 0.006454264 -0.045065302 0.005106462 -0.006519214 0.999977887 -0.001294418 -0.000263861 0.045055952 0.001586866 0.998983204 0.072890535
0.999269128 0.012550094 -0.036107153 0.004035269 -0.012585879 0.999920547 -0.000763953 -0.000143845 0.036094695 0.001217836 0.999347568 0.068686150
0.999506712 0.008916174 -0.030114383 0.003095680 -0.008926597 0.999960124 -0.000211704 -0.000290119 0.030111292 0.000480419 0.999546409 0.063192725
0.999563694 0.009269016 -0.028046278 0.002913843 -0.009307469 0.999955952 -0.001240872 -0.000153393 0.028033542 0.001501370 0.999605834 0.060166314
0.999672830 0.006044945 -0.024853308 0.002514403 -0.006065745 0.999981344 -0.000761623 -0.000111214 0.024848241 0.000912128 0.999690771 0.059851319
0.999623239 0.012878227 -0.024238540 0.002424407 -0.012870826 0.999917090 0.000461307 -0.000160802 0.024242468 -0.000149163 0.999706089 0.060447820
0.999589980 0.009964690 -0.026845770 0.002683723 -0.009996485 0.999949515 -0.001050446 -0.000038415 0.026833948 0.001318379 0.999639034 0.061994936
0.999580383 0.010874327 -0.026848596 0.002638282 -0.010867971 0.999940872 0.000382665 -0.000270091 0.026851168 -0.000090714 0.999639452 0.062539019
0.999541759 0.011005793 -0.028198339 0.002775971 -0.011021729 0.999939084 -0.000409815 -0.000085605 0.028192114 0.000720422 0.999602199 0.063636072
0.999551117 0.012210106 -0.027358998 0.002744948 -0.012127145 0.999921381 0.003196211 -0.000289424 0.027395874 -0.002862989 0.999620557 0.064710729
0.999520361 0.014198524 -0.027522316 0.002874595 -0.014108003 0.999894381 0.003480392 -0.000215997 0.027568826 -0.003090437 0.999615133 0.064856067
0.999606967 0.012939715 -0.024868283 0.002581089 -0.012918922 0.999916077 0.000996586 -0.000155026 0.024879092 -0.000674923 0.999690175 0.062722124
0.999693811 0.013971169 -0.020423500 0.002133181 -0.014014541 0.999899864 -0.001981994 -0.000136631 0.020393761 0.002267614 0.999789476 0.059547681
0.999621928 0.018262289 -0.020552207 0.002202055 -0.018310335 0.999830067 -0.002151974 -0.000146499 0.020509413 0.002527479 0.999786437 0.059193294
0.999453008 0.021168582 -0.025408603 0.002772914 -0.021191848 0.999775231 -0.000646727 -0.000039775 0.025389202 0.001184829 0.999676824 0.063172586
0.999477684 0.016584022 -0.027736027 0.003053268 -0.016515164 0.999859989 0.002709823 -0.000193994 0.027777081 -0.002250343 0.999611557 0.064599752
0.999445498 0.018116297 -0.027938168 0.003055180 -0.018096816 0.999835789 0.000949954 -0.000065344 0.027950794 -0.000443835 0.999609232 0.065042771
0.999556959 0.015293448 -0.025534140 0.002766238 -0.015258340 0.999882340 0.001569268 -0.000198738 0.025555136 -0.001178964 0.999672592 0.063784711
0.999571621 0.015040133 -0.025107421 0.002767328 -0.015058586 0.999886453 -0.000546043 0.000007189 0.025096359 0.000923892 0.999684572 0.063881606
0.999531329 0.015089543 -0.026635710 0.003028501 -0.015122634 0.999885142 -0.001041329 0.000117675 0.026616937 0.001443643 0.999644637 0.064941302
0.999451578 0.015021661 -0.029510403 0.003188808 -0.015047947 0.999886513 -0.000668846 0.000205148 0.029497007 0.001112550 0.999564230 0.065198690
0.999442697 0.016939351 -0.028764134 0.003129044 -0.016900418 0.999855936 0.001596140 0.000078541 0.028787024 -0.001109123 0.999584973 0.063934609
0.999468982 0.019893393 -0.025807384 0.002744874 -0.019834492 0.999800086 0.002536348 -0.000089993 0.025852682 -0.002023124 0.999663651 0.064807847
0.999419153 0.020302497 -0.027371615 0.002781893 -0.020247947 0.999792397 0.002268512 0.000012015 0.027411988 -0.001712974 0.999622703 0.064687155
0.999519825 0.016464062 -0.026246961 0.002575476 -0.016409352 0.999862731 0.002298359 0.000066437 0.026281202 -0.001866559 0.999652803 0.065601721
0.999526262 0.019116323 -0.024124168 0.002335892 -0.019022690 0.999810636 0.004104934 -0.000055491 0.024198076 -0.003644081 0.999700487 0.064923145
0.999479890 0.016712179 -0.027579412 0.002698412 -0.016583787 0.999850571 0.004877518 -0.000015361 0.027656812 -0.004417610 0.999607742 0.065734506
0.999376535 0.020241631 -0.028925745 0.002835310 -0.020155856 0.999791563 0.003253771 0.000050325 0.028985579 -0.002668720 0.999576271 0.065795369
0.999471188 0.017423820 -0.027455503 0.002617578 -0.017338770 0.999844134 0.003332706 -0.000046994 0.027509293 -0.002854898 0.999617457 0.066600420
0.999384880 0.020674814 -0.028327566 0.002433899 -0.020598724 0.999783397 0.002975134 -0.000055971 0.028382944 -0.002389791 0.999594212 0.067006879
0.999429047 0.017312145 -0.029013820 0.002480334 -0.017218422 0.999845624 0.003476973 -0.000039494 0.029069535 -0.002975415 0.999572933 0.067096740
0.999431014 0.017342318 -0.028930886 0.002237364 -0.017206900 0.999839783 0.004923207 -0.000077699 0.029011633 -0.004422595 0.999569297 0.067594662
0.999452710 0.014959592 -0.029503053 0.002411433 -0.014854493 0.999882460 0.003778322 -0.000003960 0.029556107 -0.003338001 0.999557555 0.067553923
0.999380052 0.018170761 -0.030154184 0.002424105 -0.018079890 0.999831200 0.003283446 -0.000029729 0.030208755 -0.002736226 0.999539852 0.067706756
0.999296010 0.019149426 -0.032261766 0.002506852 -0.019093949 0.999815643 0.002026821 0.000050918 0.032294635 -0.001409389 0.999477386 0.067744046
0.999282241 0.019274596 -0.032611143 0.002421585 -0.019203179 0.999812484 0.002501731 0.000030812 0.032653250 -0.001873697 0.999464989 0.067994811
0.999252677 0.020499971 -0.032770500 0.002396317 -0.020412810 0.999787152 0.002992144 0.000033813 0.032824863 -0.002320970 0.999458432 0.068211690
0.999234259 0.018795967 -0.034315974 0.002450688 -0.018683635 0.999818921 0.003591263 0.000050828 0.034377258 -0.002947366 0.999404550 0.068352833
0.999210238 0.020981548 -0.033746194 0.002469849 -0.020875076 0.999776006 0.003504298 0.000039428 0.033812158 -0.002797076 0.999424279 0.068466291
0.999197543 0.020661959 -0.034313455 0.002505849 -0.020596348 0.999785244 0.002264521 0.000035175 0.034352876 -0.001555971 0.999408543 0.068600498
0.999198794 0.020729693 -0.034237478 0.002489620 -0.020660976 0.999783695 0.002359711 0.000034091 0.034279000 -0.001650440 0.999410927 0.068829581
0.999251246 0.020140339 -0.033033848 0.002438845 -0.020001641 0.999789655 0.004523834 0.000035061 0.033118006 -0.003859715 0.999444008 0.069073245
0.999186516 0.023775969 -0.032572675 0.002377582 -0.023617478 0.999707282 0.005241958 0.000029330 0.032687776 -0.004468409 0.999455690 0.069061987
0.999229968 0.020635178 -0.033371054 0.002455190 -0.020500073 0.999780238 0.004385742 0.000031962 0.033454217 -0.003698255 0.999433398 0.069410160
0.999225080 0.019609252 -0.034128472 0.002539465 -0.019550338 0.999806762 0.002059064 0.000030120 0.034162253 -0.001390245 0.999415278 0.069411024
0.999155939 0.022750553 -0.034201451 0.002566795 -0.022737890 0.999741197 0.000759153 0.000013668 0.034209862 0.000019157 0.999414623 0.069491670
0.999200881 0.023340577 -0.032450251 0.002321082 -0.023314713 0.999727547 0.001175218 -0.000019452 0.032468840 -0.000417711 0.999472618 0.069926947
0.999221742 0.022510437 -0.032388460 0.002306232 -0.022443378 0.999745131 0.002432611 -0.000029242 0.032434966 -0.001703811 0.999472380 0.070492700
0.999264598 0.022860810 -0.030781655 0.002158896 -0.022776198 0.999735773 0.003096711 -0.000044222 0.030844318 -0.002393345 0.999521255 0.070835143
0.999209702 0.024141124 -0.031578861 0.002166336 -0.024022559 0.999702871 0.004128623 -0.000067197 0.031669155 -0.003366755 0.999492705 0.071030654
0.999175906 0.024166875 -0.032610122 0.002221063 -0.024058903 0.999703646 0.003699312 -0.000051255 0.032689862 -0.002911700 0.999461353 0.071106166
0.999155045 0.024725152 -0.032828752 0.002292951 -0.024628382 0.999690950 0.003348954 -0.000049306 0.032901410 -0.002537605 0.999455452 0.071051180
0.999158919 0.022741100 -0.034119971 0.002349473 -0.022674456 0.999740124 0.002338882 -0.000004476 0.034164295 -0.001563263 0.999415040 0.071225181
0.999183774 0.023761302 -0.032668442 0.002164236 -0.023659131 0.999713898 0.003510732 -0.000049522 0.032742519 -0.002734959 0.999460161 0.071702071
0.999142289 0.024460778 -0.033409651 0.002163148 -0.024327351 0.999694347 0.004394413 -0.000059081 0.033506930 -0.003577876 0.999432087 0.071858861
0.999090254 0.024842080 -0.034662720 0.002296460 -0.024714649 0.999686062 0.004100100 -0.000021320 0.034753691 -0.003239693 0.999390662 0.071891047
0.999104738 0.023937756 -0.034881227 0.002459678 -0.023859376 0.999711752 0.002661552 -0.000003445 0.034934886 -0.001826925 0.999387920 0.071816280
0.999053121 0.025154959 -0.035498645 0.002410278 -0.025072930 0.999681711 0.002754144 -0.000012156 0.035556629 -0.001861481 0.999365985 0.072048701
0.999021769 0.025128543 -0.036388155 0.002375979 -0.025010088 0.999680281 0.003706965 -0.000030820 0.036469676 -0.002793268 0.999330819 0.072421409
0.998997331 0.026291406 -0.036235128 0.002231122 -0.026148258 0.999648273 0.004418923 -0.000069395 0.036338560 -0.003467007 0.999333441 0.072682105
0.999028862 0.026346317 -0.035312578 0.002096409 -0.026228940 0.999648809 0.003783074 -0.000051555 0.035399843 -0.002853189 0.999369144 0.073013067
0.998994529 0.024026446 -0.037850764 0.002257462 -0.023986284 0.999711096 0.001514739 -0.000052928 0.037876219 -0.000605317 0.999282241 0.073341437
0.998958409 0.023252079 -0.039260112 0.002283963 -0.023209084 0.999729455 0.001550514 -0.000045045 0.039285537 -0.000637708 0.999227822 0.073451713
0.998914897 0.023251342 -0.040350799 0.002332658 -0.023144290 0.999727309 0.003118141 -0.000058994 0.040412292 -0.002180867 0.999180675 0.073639512
0.998936355 0.022933844 -0.040002543 0.002296588 -0.022775464 0.999730766 0.004410555 -0.000062687 0.040092930 -0.003494787 0.999189794 0.073829427
0.998907030 0.023539627 -0.040381357 0.002288733 -0.023348592 0.999713838 0.005195960 -0.000084531 0.040492125 -0.004247434 0.999170780 0.073983394
0.998904288 0.023191655 -0.040649399 0.002296919 -0.023005428 0.999722600 0.005043209 -0.000065238 0.040755097 -0.004102526 0.999160707 0.074135900
0.998887956 0.021273764 -0.042073935 0.002359868 -0.021087416 0.999765754 0.004868037 -0.000061560 0.042167645 -0.003975392 0.999102592 0.074216314
0.998801470 0.022342464 -0.043547843 0.002396705 -0.022197874 0.999746382 0.003801071 -0.000069189 0.043621726 -0.002829846 0.999044061 0.074359745
0.998872697 0.021665489 -0.042235091 0.002331809 -0.021575259 0.999763787 0.002591081 -0.000054167 0.042281248 -0.001676927 0.999104440 0.074692227
0.998866618 0.022066757 -0.042173263 0.002307306 -0.021954639 0.999754071 0.003119962 -0.000063716 0.042231742 -0.002190526 0.999105453 0.074884035
0.998835862 0.023310646 -0.042231381 0.002296499 -0.023191417 0.999725521 0.003311081 -0.000067376 0.042296972 -0.002327822 0.999102354 0.075032234
0.998838425 0.022199798 -0.042765941 0.002372106 -0.022089668 0.999751329 0.003046110 -0.000052841 0.042822935 -0.002097886 0.999080479 0.075160399
0.998812139 0.023466431 -0.042704530 0.002391309 -0.023309380 0.999719620 0.004171941 -0.000072162 0.042790458 -0.003171569 0.999078989 0.075225309
0.998845398 0.023827258 -0.041715659 0.002393370 -0.023741525 0.999714851 0.002549395 -0.000056246 0.041764516 -0.001556058 0.999126196 0.075463310
0.998861313 0.023239415 -0.041666381 0.002481451 -0.023163928 0.999729037 0.002293784 -0.000062556 0.041708406 -0.001326015 0.999128878 0.075444758
0.998775840 0.025058324 -0.042648863 0.002573285 -0.024969114 0.999684751 0.002623129 -0.000044446 0.042701151 -0.001555013 0.999086618 0.075642951
0.998777151 0.025317349 -0.042465769 0.002608246 -0.025167678 0.999675035 0.004055474 -0.000086541 0.042554643 -0.002981750 0.999089718 0.075758047
0.998870909 0.022834297 -0.041659240 0.002492036 -0.022636527 0.999730170 0.005212940 -0.000077846 0.041767035 -0.004264034 0.999118209 0.076010905
0.998960435 0.023260355 -0.039204441 0.002260187 -0.023077473 0.999720633 0.005110895 -0.000086534 0.039312370 -0.004200842 0.999218106 0.076481849
0.998993933 0.024891621 -0.037305713 0.002139034 -0.024782140 0.999687135 0.003394435 -0.000098114 0.037378546 -0.002466505 0.999298155 0.077125154
0.998963296 0.025567256 -0.037665483 0.002145137 -0.025499562 0.999672234 0.002276674 -0.000082504 0.037711356 -0.001313861 0.999287784 0.077246502
0.999045253 0.022190863 -0.037631463 0.002144931 -0.022121109 0.999752760 0.002268976 -0.000085285 0.037672512 -0.001434360 0.999289095 0.077394091
0.998996675 0.021940708 -0.039040383 0.002175833 -0.021876719 0.999758542 0.002065652 -0.000092925 0.039076284 -0.001209505 0.999235451 0.077608719
0.998998344 0.021987308 -0.038971327 0.002178966 -0.021899026 0.999756515 0.002690722 -0.000099713 0.039021004 -0.001834594 0.999236763 0.077802122
0.998964489 0.021056259 -0.040331889 0.002165845 -0.020970372 0.999776900 0.002551484 -0.000098865 0.040376619 -0.001703068 0.999183118 0.077967651
0.998927474 0.021936156 -0.040774494 0.002159023 -0.021872049 0.999758661 0.002017681 -0.000104627 0.040808916 -0.001123695 0.999166369 0.078178786
0.998863935 0.023563610 -0.041418009 0.002144210 -0.023508811 0.999721944 0.001809777 -0.000127625 0.041449133 -0.000834033 0.999140203 0.078427397
0.998827875 0.023395976 -0.042373668 0.002197715 -0.023393055 0.999726176 0.000564894 -0.000117466 0.042375278 0.000427017 0.999101758 0.078507520
0.998761952 0.025555408 -0.042678360 0.002190392 -0.025497563 0.999673069 0.001899302 -0.000114775 0.042712949 -0.000808757 0.999087095 0.078707255
0.998773515 0.022598390 -0.044051927 0.002243987 -0.022510322 0.999743462 0.002494342 -0.000091972 0.044096988 -0.001499660 0.999026120 0.078804001
0.998761594 0.022717806 -0.044262566 0.002183844 -0.022557916 0.999737024 0.004108457 -0.000114802 0.044344265 -0.003104898 0.999011457 0.079221889
0.998767674 0.021575658 -0.044696409 0.002206257 -0.021418924 0.999762654 0.003982550 -0.000115563 0.044771727 -0.003020293 0.998992622 0.079349674
0.998694599 0.020653233 -0.046716705 0.002195108 -0.020553118 0.999785364 0.002622463 -0.000112018 0.046760838 -0.001658866 0.998904705 0.079594642
0.998644352 0.021276005 -0.047506828 0.002188326 -0.021185683 0.999772608 0.002404005 -0.000121689 0.047547173 -0.001394281 0.998867989 0.079725936
0.998663783 0.018876778 -0.048107944 0.002184329 -0.018874519 0.999821782 0.000501319 -0.000098436 0.048108835 0.000407364 0.998841941 0.079993874
0.998601496 0.019238770 -0.049243458 0.002202003 -0.019225828 0.999814928 0.000736516 -0.000129553 0.049248509 0.000211260 0.998786449 0.080150165
0.998558521 0.018434223 -0.050408345 0.002196201 -0.018450469 0.999829769 0.000143029 -0.000129897 0.050402399 0.000787234 0.998728633 0.080335706
0.998541653 0.016875448 -0.051283248 0.002223485 -0.016950678 0.999855697 -0.001032249 -0.000105835 0.051258434 0.001900029 0.998683631 0.080496237
0.998408556 0.019607352 -0.052875925 0.002244059 -0.019597895 0.999807715 0.000697434 -0.000133311 0.052879427 0.000339933 0.998600841 0.080723204
0.998392403 0.022109475 -0.052190781 0.002199270 -0.022083804 0.999755561 0.001068559 -0.000134809 0.052201651 0.000085729 0.998636484 0.080877461
0.998319924 0.023370061 -0.053021550 0.002210074 -0.023427516 0.999725342 -0.000462249 -0.000112424 0.052996188 0.001703637 0.998593271 0.081079334
0.998282552 0.020449551 -0.054896537 0.002193894 -0.020555168 0.999787807 -0.001359878 -0.000138594 0.054857068 0.002485950 0.998491228 0.081436180
0.998250127 0.019815538 -0.055713836 0.002228229 -0.019928277 0.999800384 -0.001468605 -0.000156991 0.055673607 0.002576315 0.998445809 0.081653193
0.998284459 0.017477635 -0.055882074 0.002260678 -0.017628400 0.999842107 -0.002206083 -0.000137517 0.055834696 0.003187409 0.998434842 0.081682272
0.998222291 0.020265292 -0.056049861 0.002217143 -0.020302212 0.999793887 -0.000089244 -0.000152071 0.056036502 0.001227022 0.998427987 0.081987984
0.998151243 0.021445470 -0.056869362 0.002214999 -0.021431917 0.999769926 0.000848309 -0.000147817 0.056874476 0.000372078 0.998381197 0.082218580
0.998151064 0.022827564 -0.056330666 0.002221373 -0.022928242 0.999736428 -0.001141481 -0.000153296 0.056289759 0.002430933 0.998411477 0.082394645
0.998163879 0.022925388 -0.056064900 0.002200953 -0.023089437 0.999730766 -0.002279902 -0.000152084 0.055997536 0.003570223 0.998424470 0.082610793
0.998160362 0.021665428 -0.056626257 0.002189911 -0.021784913 0.999761581 -0.001493561 -0.000156814 0.056580406 0.002724412 0.998394310 0.082819536
0.998184085 0.018765597 -0.057239752 0.002159703 -0.018785698 0.999823511 0.000186866 -0.000155848 0.057233158 0.000888762 0.998360455 0.082951069
0.998150885 0.016390063 -0.058533266 0.002128516 -0.016379416 0.999865711 0.000661693 -0.000153466 0.058536246 0.000298272 0.998285234 0.083063543
0.998128176 0.016620284 -0.058854908 0.002109767 -0.016704898 0.999860108 -0.000945998 -0.000149031 0.058830954 0.001927393 0.998266101 0.083206996
0.998045027 0.016867558 -0.060180310 0.002110086 -0.017040269 0.999852121 -0.002357862 -0.000149526 0.060131628 0.003378741 0.998184681 0.083405465
0.998031974 0.016097965 -0.060606372 0.002133082 -0.016439267 0.999851704 -0.005136983 -0.000150080 0.060514681 0.006123197 0.998148441 0.083672278
0.997942924 0.013543831 -0.062663555 0.002209407 -0.013896902 0.999889910 -0.005201941 -0.000162253 0.062586211 0.006062069 0.998021185 0.083936922
0.997811198 0.013854688 -0.064660415 0.002257329 -0.014096837 0.999895155 -0.003290204 -0.000175769 0.064608045 0.004194510 0.997901917 0.084219433
0.997705996 0.013526483 -0.066331208 0.002261746 -0.013726715 0.999902487 -0.002563820 -0.000174670 0.066290058 0.003468448 0.997794390 0.084436350
0.997641146 0.014317086 -0.067136005 0.002270711 -0.014547818 0.999889791 -0.002949143 -0.000183116 0.067086376 0.003918869 0.997739553 0.084654167
0.997502148 0.014746993 -0.069080785 0.002286403 -0.015003324 0.999882340 -0.003193191 -0.000185919 0.069025569 0.004221656 0.997605979 0.084825113
0.997530341 0.014079032 -0.068812415 0.002230830 -0.014299726 0.999894083 -0.002715603 -0.000185532 0.068766892 0.003692895 0.997625887 0.084925689
0.997467816 0.015352268 -0.069443762 0.002182407 -0.015636563 0.999871373 -0.003552108 -0.000186907 0.069380306 0.004628974 0.997579634 0.084998570
0.997347534 0.017224215 -0.070719339 0.002158160 -0.017565869 0.999836862 -0.004212017 -0.000195099 0.070635252 0.005443091 0.997487366 0.085106201
0.997419178 0.015801147 -0.070036799 0.002091642 -0.016226402 0.999853134 -0.005507082 -0.000176097 0.069939502 0.006629314 0.997529209 0.085067198
0.997437060 0.016025851 -0.069731943 0.002039360 -0.016389737 0.999854922 -0.004649307 -0.000166044 0.069647297 0.005780280 0.997554958 0.085157305
0.997404635 0.016496807 -0.070083782 0.002025534 -0.016741645 0.999855638 -0.002907545 -0.000192119 0.070025705 0.004073318 0.997536838 0.085342228
0.997464836 0.017572323 -0.068956703 0.001989683 -0.017765468 0.999839783 -0.002188739 -0.000198331 0.068907201 0.003408239 0.997617245 0.085420042
0.997492552 0.019209070 -0.068114132 0.001967986 -0.019484235 0.999804556 -0.003377649 -0.000194312 0.068035945 0.004696331 0.997671843 0.085563086
0.997599602 0.018063143 -0.066849075 0.001954452 -0.018319298 0.999827087 -0.003220764 -0.000227338 0.066779345 0.004437661 0.997757852 0.085723683
0.997565448 0.017113406 -0.067603946 0.001946876 -0.017380627 0.999843299 -0.003366519 -0.000233122 0.067535751 0.004533322 0.997706532 0.085874699
0.997707605 0.017790679 -0.065291263 0.001878014 -0.018059373 0.999830723 -0.003527328 -0.000230000 0.065217458 0.004698362 0.997860014 0.085954949
0.997759938 0.017713461 -0.064508475 0.001837312 -0.017992733 0.999831200 -0.003750878 -0.000240812 0.064431138 0.004903160 0.997910202 0.086048819
0.997849822 0.016737621 -0.063370660 0.001819414 -0.016993517 0.999849498 -0.003501225 -0.000215790 0.063302517 0.004570586 0.997983992 0.086170800
0.997933209 0.016298790 -0.062157266 0.001778510 -0.016488744 0.999860704 -0.002544282 -0.000227962 0.062107150 0.003563919 0.998063147 0.086307555
0.997918248 0.016777424 -0.062271245 0.001762021 -0.016948367 0.999853849 -0.002217870 -0.000240176 0.062224947 0.003268649 0.998056829 0.086435862
0.997990787 0.017549437 -0.060879357 0.001695815 -0.017837193 0.999832153 -0.004186453 -0.000240688 0.060795669 0.005263959 0.998136401 0.086514674
0.998048425 0.017817380 -0.059848003 0.001654078 -0.018229568 0.999813676 -0.006348369 -0.000250600 0.059723731 0.007426984 0.998187304 0.086576320
0.998013437 0.017840844 -0.060421761 0.001635878 -0.018314930 0.999805570 -0.007301519 -0.000268409 0.060279753 0.008393634 0.998146236 0.086665325
0.997982562 0.018098697 -0.060854439 0.001656546 -0.018554466 0.999803841 -0.006932748 -0.000258213 0.060717020 0.008047882 0.998122573 0.086750321
0.997847736 0.017941447 -0.063071415 0.001677389 -0.018428877 0.999804497 -0.007154974 -0.000237263 0.062930718 0.008301909 0.997983396 0.086876683
0.997838140 0.017209841 -0.063425958 0.001636802 -0.017668612 0.999821544 -0.006679389 -0.000235621 0.063299686 0.007785598 0.997964144 0.086945891
0.997817636 0.017203534 -0.063750744 0.001607566 -0.017634725 0.999825180 -0.006207152 -0.000240218 0.063632809 0.007317831 0.997946620 0.086989418
0.997722507 0.015490115 -0.065649219 0.001601145 -0.015913587 0.999855757 -0.005932477 -0.000245156 0.065547854 0.006963680 0.997825146 0.087092571
0.997676849 0.015465043 -0.066345528 0.001574000 -0.015858307 0.999859631 -0.005404999 -0.000248381 0.066252626 0.006444571 0.997782052 0.087155797
0.997623444 0.013860368 -0.067493699 0.001547669 -0.014195352 0.999889135 -0.004486063 -0.000262947 0.067424059 0.005433500 0.997709572 0.087220170
0.997593462 0.013773809 -0.067952335 0.001494682 -0.014093056 0.999891758 -0.004220968 -0.000267719 0.067886844 0.005168467 0.997679710 0.087255083
0.997530162 0.013344513 -0.068960436 0.001442662 -0.013616411 0.999901175 -0.003474174 -0.000271443 0.068907276 0.004404587 0.997613311 0.087427229
0.997501791 0.012337287 -0.069554403 0.001407626 -0.012526687 0.999918878 -0.002287540 -0.000276838 0.069520548 0.003153112 0.997575521 0.087499999
0.997465134 0.013655663 -0.069834523 0.001374840 -0.013783770 0.999904037 -0.001352835 -0.000282246 0.069809355 0.002311989 0.997557640 0.087573908
0.997403800 0.015034072 -0.070424996 0.001346920 -0.015206840 0.999882519 -0.001917684 -0.000283806 0.070387885 0.002983646 0.997515261 0.087660007
0.997311413 0.015072439 -0.071714185 0.001328508 -0.015259045 0.999881387 -0.002054875 -0.000287488 0.071674719 0.003143639 0.997423172 0.087741435
0.997232735 0.013383788 -0.073127881 0.001317701 -0.013568197 0.999905825 -0.002025554 -0.000289781 0.073093891 0.003012162 0.997320533 0.087817162
0.997255385 0.013547414 -0.072790354 0.001269287 -0.013680668 0.999905527 -0.001332324 -0.000291185 0.072765440 0.002324488 0.997346401 0.087897219
0.997301459 0.013695125 -0.072127737 0.001246257 -0.013771706 0.999904931 -0.000564521 -0.000301533 0.072113171 0.001556319 0.997395277 0.087979101
0.997318625 0.014455161 -0.071740769 0.001232380 -0.014427757 0.999895513 0.000900185 -0.000290509 0.071746290 0.000137286 0.997422993 0.088074863
0.997276425 0.017647028 -0.071611851 0.001186511 -0.017565027 0.999844253 0.001774716 -0.000299444 0.071632005 -0.000512018 0.997430980 0.088295199
0.997198641 0.019502312 -0.072212577 0.001202050 -0.019492878 0.999809623 0.000835455 -0.000300165 0.072215132 0.000574516 0.997388840 0.088426389
0.997201920 0.019119799 -0.072268143 0.001182108 -0.019193731 0.999815762 -0.000328675 -0.000308108 0.072248533 0.001714851 0.997385144 0.088500045
0.997194767 0.019872900 -0.072163999 0.001130244 -0.019888278 0.999802113 0.000505544 -0.000308389 0.072159767 0.000931091 0.997392654 0.088544659
0.997192144 0.020425269 -0.072044961 0.001082384 -0.020362116 0.999791324 0.001610992 -0.000310776 0.072062835 -0.000139480 0.997400045 0.088607848
0.997231722 0.020904392 -0.071357608 0.001028273 -0.020929242 0.999780834 0.000399532 -0.000314228 0.071350321 0.001095035 0.997450650 0.088678360
0.997348309 0.019539651 -0.070103936 0.000958022 -0.019644542 0.999806702 -0.000807051 -0.000319793 0.070074625 0.002182071 0.997539401 0.088762648
0.997423947 0.018373601 -0.069339283 0.000904183 -0.018394666 0.999830842 0.000334737 -0.000321997 0.069333702 0.000941598 0.997593045 0.088843882
0.997526288 0.016891785 -0.068234295 0.000854804 -0.016767999 0.999856472 0.002386482 -0.000326837 0.068264820 -0.001236425 0.997666419 0.088917688
0.997571409 0.016464585 -0.067676708 0.000809842 -0.016181953 0.999857903 0.004722295 -0.000329780 0.067744829 -0.003615685 0.997696161 0.088993385
0.997532129 0.017407520 -0.068018578 0.000785724 -0.017038306 0.999836862 0.006004520 -0.000337411 0.068112008 -0.004830781 0.997666001 0.089088649
0.997491419 0.018015105 -0.068455338 0.000761176 -0.017606836 0.999823451 0.006562716 -0.000335737 0.068561479 -0.005340972 0.997632563 0.089183807
0.997489333 0.017558353 -0.068607599 0.000665505 -0.017226014 0.999836981 0.005432711 -0.000342448 0.068691790 -0.004237236 0.997628927 0.089336932
0.997434378 0.015601618 -0.069866233 0.000626996 -0.015316825 0.999872088 0.004610161 -0.000341839 0.069929227 -0.003528205 0.997545719 0.089395836
0.997444093 0.012788748 -0.070298590 0.000573235 -0.012467540 0.999909699 0.005006123 -0.000348274 0.070356265 -0.004116877 0.997513473 0.089490362
0.997414827 0.012353899 -0.070789464 0.000518093 -0.011982252 0.999912083 0.005672315 -0.000351425 0.070853308 -0.004809434 0.997475207 0.089560978
0.997369707 0.012301786 -0.071431167 0.000465828 -0.011810071 0.999903560 0.007302046 -0.000353895 0.071514107 -0.006439231 0.997418761 0.089637011
0.997319758 0.011864634 -0.072198361 0.000436944 -0.011286106 0.999900877 0.008415751 -0.000359079 0.072291054 -0.007578355 0.997354805 0.089733534
0.997257292 0.011732294 -0.073078014 0.000383008 -0.011048891 0.999891460 0.009748938 -0.000362938 0.073184468 -0.008914769 0.997278512 0.089799948
0.997228861 0.012614992 -0.073317394 0.000301167 -0.011850184 0.999870777 0.010857119 -0.000371159 0.073444888 -0.009958208 0.997249544 0.089896269
0.997143447 0.013768212 -0.074266076 0.000258258 -0.013059610 0.999864519 0.010018605 -0.000373221 0.074393958 -0.009020100 0.997188151 0.089946873
0.997098625 0.014154365 -0.074791826 0.000208543 -0.013438230 0.999858916 0.010069645 -0.000374118 0.074923806 -0.009035359 0.997148335 0.090013370
0.997102261 0.013578835 -0.074850611 0.000143327 -0.012827787 0.999862432 0.010505611 -0.000379580 0.074982971 -0.009515001 0.997139394 0.090105571
0.997099400 0.013790469 -0.074851036 0.000080653 -0.013014796 0.999856472 0.010840805 -0.000384038 0.074989796 -0.009835189 0.997135758 0.090196438
0.997013509 0.012866873 -0.076147377 0.000048340 -0.012087268 0.999869764 0.010690163 -0.000384158 0.076275006 -0.009737824 0.997039258 0.090265036
0.997094512 0.012250527 -0.075182468 -0.000047491 -0.011368515 0.999861538 0.012148410 -0.000391653 0.075320877 -0.011258400 0.997095764 0.090355620
0.997252405 0.011865423 -0.073121950 -0.000148513 -0.010910369 0.999850035 0.013446752 -0.000398782 0.073270544 -0.012612018 0.997232378 0.090431459
0.997269094 0.013390310 -0.072628960 -0.000276284 -0.012393624 0.999822974 0.014156341 -0.000402667 0.072805658 -0.013217545 0.997258544 0.090515576
0.997386515 0.013334794 -0.071008801 -0.000374128 -0.012343308 0.999820292 0.014383450 -0.000407456 0.071187846 -0.013469374 0.997371972 0.090571135
0.997520745 0.013553455 -0.069055356 -0.000493915 -0.012620434 0.999823272 0.013929614 -0.000415146 0.069231942 -0.013023570 0.997515559 0.090648532
0.997540653 0.013940829 -0.068688840 -0.000579610 -0.013016744 0.999818861 0.013882483 -0.000417973 0.068869933 -0.012954236 0.997541487 0.090680860
0.997593641 0.014426614 -0.067814767 -0.000654158 -0.013510670 0.999811471 0.013945880 -0.000423730 0.068003185 -0.012996097 0.997600496 0.090761304
0.997619808 0.012950967 -0.067727566 -0.000696488 -0.012068862 0.999837041 0.013417324 -0.000429695 0.067890301 -0.012567991 0.997613668 0.090871781
0.997660220 0.011519003 -0.067389809 -0.000734078 -0.010725066 0.999868870 0.012131222 -0.000430623 0.067520723 -0.011380076 0.997652948 0.090960957
0.997658908 0.011351825 -0.067439117 -0.000773384 -0.010457464 0.999852836 0.013599982 -0.000435954 0.067583591 -0.012862898 0.997630715 0.091099359
0.997639954 0.010605184 -0.067838706 -0.000816627 -0.009456162 0.999806702 0.017236324 -0.000450315 0.068008393 -0.016554149 0.997547388 0.091242485
0.997599721 0.012451894 -0.068116441 -0.000827351 -0.011307179 0.999788821 0.017165074 -0.000452925 0.068315789 -0.016353671 0.997529745 0.091321439
0.997535765 0.014330852 -0.068680935 -0.000830995 -0.013659233 0.999854326 0.010238508 -0.000457648 0.068817645 -0.009275148 0.997586131 0.091368467
0.997482955 0.014586533 -0.069389045 -0.000846300 -0.014224017 0.999882460 0.005715687 -0.000453438 0.069464266 -0.004714312 0.997573316 0.091411382
0.997460604 0.016682962 -0.069239847 -0.000895002 -0.016007800 0.999818861 0.010294530 -0.000461685 0.069399044 -0.009160010 0.997546971 0.091598839
0.997444928 0.016468259 -0.069516331 -0.000903445 -0.015383962 0.999751925 0.016104391 -0.000457989 0.069764309 -0.014993804 0.997450769 0.091748945
0.997470737 0.015262088 -0.069419846 -0.000917755 -0.014022460 0.999734044 0.018309396 -0.000460266 0.069680840 -0.017289652 0.997419477 0.091891721
0.997532785 0.014596829 -0.068667434 -0.000968106 -0.013319661 0.999730289 0.019020589 -0.000470842 0.068926558 -0.018059034 0.997458279 0.092233747
0.997447729 0.013321312 -0.070145585 -0.000957351 -0.012083398 0.999764204 0.018042652 -0.000464466 0.070369385 -0.017149009 0.997373581 0.092421949
0.997364938 0.013578254 -0.071264960 -0.000959581 -0.012188743 0.999727726 0.019896623 -0.000469952 0.071515717 -0.018975565 0.997258961 0.092542902
0.997296631 0.015076911 -0.071916722 -0.000993373 -0.013621853 0.999693334 0.020680284 -0.000465508 0.072206460 -0.019644747 0.997196198 0.092662334
0.997194350 0.015866810 -0.073155239 -0.001002079 -0.014346843 0.999671042 0.021256221 -0.000465602 0.073468454 -0.020147040 0.997094035 0.092671201
0.996956110 0.014859458 -0.076535374 -0.000993939 -0.013361229 0.999709606 0.020050645 -0.000466867 0.076811105 -0.018967008 0.996865213 0.092669830
0.996732354 0.014765792 -0.079412512 -0.000988514 -0.013185125 0.999705076 0.020392172 -0.000465008 0.079690211 -0.019278478 0.996633291 0.092639625
0.996589959 0.013321350 -0.081431255 -0.000997327 -0.011655987 0.999713719 0.020892438 -0.000470349 0.081686281 -0.019872028 0.996459961 0.092673965
0.996364772 0.012856396 -0.084213674 -0.000996962 -0.011109731 0.999713957 0.021176778 -0.000473792 0.084461875 -0.020164203 0.996222675 0.092670083
0.996120751 0.011524057 -0.087239362 -0.000990582 -0.009770132 0.999742031 0.020505140 -0.000472988 0.087453164 -0.019573253 0.995976329 0.092663191
0.995953262 0.010161735 -0.089296460 -0.000979416 -0.008373030 0.999757171 0.020382928 -0.000476764 0.089481883 -0.019552760 0.995796561 0.092645690
0.995823443 0.012845887 -0.090391815 -0.000981187 -0.010883631 0.999695063 0.022167888 -0.000479487 0.090649024 -0.021091504 0.995659590 0.092639640
0.995554507 0.012061014 -0.093412519 -0.000969931 -0.009946541 0.999684453 0.023068482 -0.000476580 0.093661264 -0.022036798 0.995360196 0.092675045
0.995592654 0.010696489 -0.093171410 -0.000958014 -0.008435488 0.999661148 0.024627242 -0.000476965 0.093403250 -0.023732753 0.995345473 0.092712596
0.995471001 0.011419907 -0.094377629 -0.000932042 -0.008744484 0.999549448 0.028713193 -0.000472570 0.094663002 -0.027757864 0.995122373 0.092752293
0.995280206 0.012768684 -0.096199356 -0.000907323 -0.009663476 0.999419272 0.032675948 -0.000465785 0.096560739 -0.031592105 0.994825602 0.092798471
0.995074868 0.015248883 -0.097945876 -0.000912777 -0.012159183 0.999411881 0.032064803 -0.000471080 0.098377228 -0.030715944 0.994674981 0.092878744
0.995164692 0.012171288 -0.097462900 -0.000921967 -0.009285996 0.999506652 0.030003099 -0.000472391 0.097780012 -0.028952986 0.994786739 0.092863694
0.995112658 0.009716609 -0.098267376 -0.000913335 -0.006860068 0.999545217 0.029365305 -0.000474851 0.098508015 -0.028547661 0.994726777 0.092893139
0.994806945 0.006966899 -0.101540744 -0.000893468 -0.004096610 0.999586821 0.028448531 -0.000470819 0.101696998 -0.027884822 0.994424582 0.092952237
0.994323015 0.009448632 -0.105983399 -0.000868988 -0.006335663 0.999539614 0.029670557 -0.000475390 0.106214955 -0.028830647 0.993925214 0.093024075
0.994077623 0.012380959 -0.107964963 -0.000861884 -0.009236485 0.999519885 0.029576536 -0.000478743 0.108279318 -0.028404158 0.993714631 0.093062028
0.993973613 0.014040478 -0.108716682 -0.000861997 -0.011053993 0.999546051 0.028024472 -0.000473241 0.109060831 -0.026653828 0.993677676 0.093119420
0.993495882 0.012944596 -0.113129660 -0.000821007 -0.009840770 0.999560893 0.027951531 -0.000472098 0.113441803 -0.026656454 0.993186951 0.093177527
0.993200719 0.009695127 -0.116010077 -0.000805995 -0.006392161 0.999564469 0.028809611 -0.000471272 0.116238862 -0.027872169 0.992830157 0.093252815
0.993211508 0.007003804 -0.116111316 -0.000817120 -0.003680625 0.999578178 0.028810363 -0.000471546 0.116264097 -0.028187424 0.992818296 0.093281366
0.993140459 0.005811044 -0.116782643 -0.000817325 -0.002497650 0.999590695 0.028498655 -0.000474582 0.116900437 -0.028011482 0.992748559 0.093321815
0.993191779 0.005863388 -0.116343021 -0.000822318 -0.002558882 0.999589562 0.028532200 -0.000476490 0.116462566 -0.028040236 0.992799222 0.093358159
0.993196309 0.006877708 -0.116248541 -0.000827052 -0.003648403 0.999602199 0.027969293 -0.000468740 0.116394654 -0.027354876 0.992826283 0.093381725
0.993004143 0.005126881 -0.117968090 -0.000827839 -0.001819534 0.999602735 0.028126596 -0.000468517 0.118065394 -0.027715178 0.992618978 0.093406677
0.992693186 0.006270233 -0.120502502 -0.000820386 -0.003082399 0.999640763 0.026622709 -0.000470146 0.120626144 -0.026056746 0.992356002 0.093465872
0.991981864 0.007075134 -0.126181930 -0.000788952 -0.003776058 0.999645233 0.026365453 -0.000466701 0.126323685 -0.025677580 0.991656780 0.093527362
0.991086066 0.006592739 -0.133059308 -0.000751863 -0.003044936 0.999634862 0.026849218 -0.000469866 0.133187726 -0.026204731 0.990744352 0.093594447
0.990815997 0.006878362 -0.135042682 -0.000739479 -0.002841476 0.999543965 0.030063421 -0.000471574 0.135187909 -0.029403592 0.990383506 0.093665332
0.990521908 0.008137775 -0.137113720 -0.000735819 -0.003776705 0.999479532 0.032036398 -0.000471451 0.137303099 -0.031214910 0.990037084 0.093703568
0.990684390 0.009872331 -0.135819837 -0.000749759 -0.005449972 0.999444008 0.032893874 -0.000473138 0.136069059 -0.031847231 0.990187287 0.093706623
0.990331471 0.010322080 -0.138336718 -0.000749681 -0.006346029 0.999554873 0.029152166 -0.000466286 0.138576016 -0.027992412 0.989956141 0.093736045
0.989681423 0.009486459 -0.142970920 -0.000725763 -0.005596536 0.999603808 0.027585411 -0.000466487 0.143175945 -0.026500627 0.989342332 0.093804061
0.989280343 0.009425501 -0.145724490 -0.000702218 -0.005246121 0.999564469 0.029037755 -0.000472419 0.145934731 -0.027961988 0.988898933 0.093882009
0.988875806 0.009471750 -0.148441464 -0.000696750 -0.005307891 0.999581873 0.028421607 -0.000465477 0.148648590 -0.027317530 0.988512635 0.093928263
0.988353610 0.006453982 -0.152037919 -0.000677296 -0.002137058 0.999590278 0.028540038 -0.000472669 0.152159840 -0.027882732 0.987962425 0.093991943
0.987419605 0.008266374 -0.157905757 -0.000639841 -0.003770916 0.999579608 0.028747661 -0.000471368 0.158077031 -0.027790556 0.987035573 0.094057947
0.987598836 0.007014809 -0.156842068 -0.000660746 -0.002509630 0.999579072 0.028903903 -0.000471576 0.156978801 -0.028151842 0.987200618 0.094099700
0.987288535 0.004766255 -0.158867076 -0.000654665 -0.000277114 0.999600351 0.028267391 -0.000468698 0.158938304 -0.027864045 0.986895204 0.094120897
0.987199247 0.002620238 -0.159470484 -0.000668779 0.002072477 0.999569893 0.029253414 -0.000472462 0.159478545 -0.029209448 0.986769140 0.094160326
0.987291336 0.005951579 -0.158809632 -0.000678618 -0.001396252 0.999584854 0.028780367 -0.000465918 0.158914968 -0.028192867 0.986889601 0.094200745
0.987045348 0.009298239 -0.160172626 -0.000679757 -0.004676425 0.999562442 0.029208042 -0.000472809 0.160374135 -0.028080624 0.986656845 0.094229445
0.986607254 0.013081857 -0.162588373 -0.000661018 -0.008385011 0.999528408 0.029540706 -0.000472589 0.162898153 -0.027781770 0.986251652 0.094224498
0.986316681 0.017838022 -0.163893968 -0.000658643 -0.013422034 0.999517500 0.028012246 -0.000472004 0.164314583 -0.025429156 0.986080110 0.094252713
0.986125410 0.018133523 -0.165008634 -0.000662319 -0.013943798 0.999551177 0.026514061 -0.000472200 0.165415376 -0.023845339 0.985935628 0.094272561
0.985880792 0.015733287 -0.166707635 -0.000663388 -0.011437671 0.999578178 0.026696250 -0.000475049 0.167057350 -0.024412572 0.985644877 0.094290458
0.985755146 0.015857082 -0.167438120 -0.000667376 -0.011425491 0.999559343 0.027397335 -0.000474646 0.167798817 -0.025093997 0.985501826 0.094300620
0.985396385 0.015634717 -0.169556409 -0.000664685 -0.011036049 0.999546170 0.028030422 -0.000470727 0.169917703 -0.025749845 0.985121727 0.094308004
0.985143721 0.017595306 -0.170828074 -0.000666686 -0.012972417 0.999519706 0.028140342 -0.000470912 0.171241209 -0.025506226 0.984898925 0.094333470
0.984888673 0.014703990 -0.172562987 -0.000674942 -0.010382263 0.999610245 0.025920285 -0.000469845 0.172876805 -0.023737000 0.984657526 0.094384953
0.984746814 0.013235819 -0.173489407 -0.000675670 -0.009294170 0.999680400 0.023512580 -0.000468852 0.173745140 -0.021541499 0.984555066 0.094405793
0.984329700 0.011977719 -0.175930142 -0.000675788 -0.007942957 0.999689519 0.023620227 -0.000470519 0.176158383 -0.021852693 0.984119236 0.094431050
0.984597743 0.010487706 -0.174520075 -0.000683773 -0.006107265 0.999653220 0.025618073 -0.000469311 0.174728185 -0.024157651 0.984320402 0.094443120
0.984177470 0.009451096 -0.176933035 -0.000683350 -0.004441167 0.999578595 0.028690040 -0.000468781 0.177129596 -0.027450301 0.983804762 0.094462559
0.984270155 0.011028736 -0.176324785 -0.000694523 -0.005770161 0.999523938 0.030308222 -0.000467002 0.176575094 -0.028814055 0.983865380 0.094472393
0.984438956 0.017022528 -0.174899846 -0.000701846 -0.011962294 0.999479949 0.029945858 -0.000465687 0.175318629 -0.027387671 0.984130740 0.094484523
