0.999999702 -0.000667535 -0.000227327 -0.000334467 0.000667968 0.999997914 0.001908761 -0.001082603 0.000226052 -0.001908912 0.999998152 0.057510223
0.999998331 -0.001666407 -0.000751119 -0.000319775 0.001667755 0.999997020 0.001798323 -0.001801358 0.000748120 -0.001799572 0.999998033 0.114724293
0.999994695 -0.003140722 -0.000857919 -0.000458477 0.003141533 0.999994636 0.000946048 -0.002725605 0.000854943 -0.000948739 0.999999166 0.171734989
0.999994159 -0.003380019 -0.000539216 -0.000728505 0.003380662 0.999993563 0.001195643 -0.003827933 0.000535171 -0.001197459 0.999999166 0.229679942
0.999992669 -0.003761586 -0.000688089 -0.000920785 0.003762871 0.999991179 0.001877049 -0.004526147 0.000681022 -0.001879625 0.999997914 0.286420971
0.999985397 -0.005399994 -0.000348614 -0.001068117 0.005400978 0.999981284 0.002884281 -0.005198356 0.000333032 -0.002886121 0.999995708 0.344643682
0.999989629 -0.004531634 -0.000417548 -0.001774255 0.004533082 0.999983430 0.003534480 -0.006209907 0.000401524 -0.003536336 0.999993682 0.401574969
0.999992371 -0.003781635 -0.000905215 -0.001954858 0.003783385 0.999990940 0.001940936 -0.006967294 0.000897867 -0.001944346 0.999997735 0.459536433
0.999998569 -0.001183840 -0.001165161 -0.002086450 0.001183400 0.999999166 -0.000378724 -0.007936081 0.001165609 0.000377345 0.999999225 0.517679334
0.999997437 0.002173444 -0.000722277 -0.003075182 -0.002174439 0.999996722 -0.001380194 -0.008967226 0.000719275 0.001381761 0.999998808 0.576394320
0.999989629 0.004503551 -0.000661638 -0.003358206 -0.004504388 0.999989033 -0.001269050 -0.009951083 0.000655915 0.001272017 0.999998987 0.633714139
0.999983907 0.005655857 -0.000393390 -0.004058038 -0.005655956 0.999983966 -0.000251339 -0.010909686 0.000391962 0.000253560 0.999999940 0.692715764
0.999994099 0.003432726 0.000038163 -0.004361984 -0.003432806 0.999991417 0.002313695 -0.011865929 -0.000030221 -0.002313812 0.999997258 0.751015902
0.999999642 -0.000750347 -0.000246725 -0.004106631 0.000751340 0.999991536 0.004052508 -0.012588871 0.000243682 -0.004052692 0.999991715 0.810765684
0.999996305 -0.002703539 -0.000256576 -0.004845427 0.002703878 0.999995410 0.001329856 -0.013092098 0.000252979 -0.001330545 0.999999046 0.869001389
0.999988556 -0.004774038 -0.000228630 -0.004192006 0.004773984 0.999988675 -0.000238102 -0.014420818 0.000229764 0.000237008 0.999999940 0.928341329
0.999996126 -0.002593363 0.000941179 -0.004981256 0.002595142 0.999994814 -0.001894867 -0.015228356 -0.000936260 0.001897303 0.999997795 0.988164783
0.999999464 0.000750746 0.000691330 -0.005273752 -0.000750334 0.999999642 -0.000596057 -0.015649315 -0.000691778 0.000595538 0.999999583 1.048294544
0.999998152 0.001030116 0.001590207 -0.005335482 -0.001035822 0.999992967 0.003591927 -0.016991299 -0.001586496 -0.003593568 0.999992311 1.108099461
0.999997914 -0.000200914 0.001999952 -0.005666315 0.000189674 0.999984145 0.005618611 -0.017890619 -0.002001049 -0.005618220 0.999982297 1.168507576
0.999984443 -0.005488049 0.000970624 -0.004643418 0.005484139 0.999976993 0.003985554 -0.018592155 -0.000992475 -0.003980169 0.999991596 1.230735064
0.999982238 -0.005817310 0.001278342 -0.004604530 0.005815075 0.999981523 0.001745079 -0.019065067 -0.001288470 -0.001737615 0.999997675 1.289001703
0.999975502 -0.006458722 0.002686118 -0.006153824 0.006460265 0.999978960 -0.000566403 -0.020702256 -0.002682404 0.000583743 0.999996185 1.348042846
0.999992490 -0.003356577 0.001922204 -0.005153011 0.003359684 0.999993086 -0.001615641 -0.020801686 -0.001916767 0.001622087 0.999996901 1.411758900
0.999995053 -0.000850970 0.003021937 -0.005438724 0.000862221 0.999992609 -0.003723943 -0.022306312 -0.003018746 0.003726530 0.999988496 1.468845248
0.999995828 0.000442811 0.002856589 -0.005279689 -0.000434509 0.999995649 -0.002906511 -0.023816643 -0.002857864 0.002905258 0.999991655 1.529183149
0.999996066 0.000350024 0.002760087 -0.006722485 -0.000343074 0.999996722 -0.002518376 -0.023370804 -0.002760960 0.002517419 0.999993086 1.591926098
0.999994874 0.001490809 0.002807950 -0.006030700 -0.001489381 0.999998689 -0.000510398 -0.025403339 -0.002808707 0.000506214 0.999995947 1.650423765
0.999992013 0.002947935 0.002687507 -0.006579305 -0.002946795 0.999995530 -0.000428017 -0.026085390 -0.002688757 0.000420094 0.999996305 1.711828947
0.999979258 0.005708901 0.002954001 -0.007041351 -0.005709096 0.999983668 0.000057625 -0.028353903 -0.002953624 -0.000074488 0.999995649 1.773361802
0.999955535 0.008928261 0.003034011 -0.006955378 -0.008928047 0.999960124 -0.000084035 -0.028310904 -0.003034640 0.000056943 0.999995410 1.832418203
0.999945343 0.010130148 0.002581840 -0.007135283 -0.010128776 0.999948561 -0.000543590 -0.028995259 -0.002587214 0.000517410 0.999996543 1.893908024
0.999956071 0.009064864 0.002393362 -0.007503699 -0.009064103 0.999958873 -0.000328905 -0.030465135 -0.002396245 0.000307197 0.999997079 1.955311298
0.999963045 0.008469122 0.001494889 -0.007709837 -0.008467599 0.999963641 -0.001021751 -0.031250264 -0.001503489 0.001009055 0.999998331 2.016988277
0.999970913 0.007615925 0.000421938 -0.007465997 -0.007615762 0.999970913 -0.000386928 -0.032791916 -0.000424872 0.000383703 0.999999821 2.078132391
0.999970078 0.007689983 -0.000939570 -0.007524110 -0.007689689 0.999970257 0.000316463 -0.033430070 0.000941976 -0.000309229 0.999999464 2.140397787
0.999966204 0.008070098 -0.001561536 -0.008268731 -0.008069810 0.999967396 0.000188849 -0.034524702 0.001563009 -0.000176242 0.999998748 2.201741934
0.999961495 0.008295816 -0.002850217 -0.008664601 -0.008295998 0.999965549 -0.000052336 -0.034894824 0.002849685 0.000075979 0.999995947 2.263122082
0.999955058 0.008699477 -0.003761548 -0.009321285 -0.008698028 0.999962032 0.000401116 -0.035592608 0.003764894 -0.000368380 0.999992847 2.325167894
0.999969423 0.006382220 -0.004511692 -0.009991382 -0.006370231 0.999976099 0.002666781 -0.037828896 0.004528605 -0.002637958 0.999986291 2.389248371
0.999970615 0.005550975 -0.005286361 -0.010710344 -0.005537868 0.999981582 0.002490631 -0.038652197 0.005300089 -0.002461282 0.999982953 2.451423407
0.999984860 0.002547090 -0.004871086 -0.012315306 -0.002535821 0.999994159 0.002318150 -0.039510746 0.004876961 -0.002305763 0.999985456 2.514775991
0.999982834 0.001478800 -0.005668464 -0.011585924 -0.001465769 0.999996305 0.002302276 -0.040695895 0.005671848 -0.002293929 0.999981284 2.575447321
0.999988079 -0.000070711 -0.004876027 -0.012994659 0.000082732 0.999997020 0.002465034 -0.040621802 0.004875837 -0.002465408 0.999985099 2.639705896
0.999987006 -0.001296464 -0.004936017 -0.012316155 0.001314287 0.999992609 0.003609256 -0.042511828 0.004931301 -0.003615696 0.999981284 2.698681831
0.999985576 -0.003195059 -0.004322926 -0.013142343 0.003208508 0.999989986 0.003107861 -0.043068029 0.004312953 -0.003121686 0.999985814 2.761418581
0.999983549 -0.004365168 -0.003716612 -0.013925128 0.004372817 0.999988317 0.002052674 -0.044301197 0.003707608 -0.002068892 0.999991000 2.822344065
0.999986410 -0.004052172 -0.003262631 -0.014070412 0.004059442 0.999989331 0.002224731 -0.045534912 0.003253581 -0.002237946 0.999992192 2.882796049
0.999979675 -0.005721107 -0.002823564 -0.013868004 0.005728293 0.999980330 0.002543224 -0.045765534 0.002808959 -0.002559346 0.999992788 2.944153786
0.999998093 0.000147512 -0.001943165 -0.015042298 -0.000142182 0.999996245 0.002742756 -0.047299549 0.001943562 -0.002742475 0.999994338 3.004080772
0.999985754 0.005338773 0.000046206 -0.018182911 -0.005338919 0.999977052 0.004180769 -0.048648674 -0.000023885 -0.004180957 0.999991298 3.066139460
0.999968469 0.007913537 -0.000621634 -0.016169950 -0.007910572 0.999957919 0.004641507 -0.049363583 0.000658339 -0.004636442 0.999989033 3.125381708
0.999943078 0.010656810 -0.000397101 -0.016816167 -0.010655131 0.999935210 0.004014800 -0.049453944 0.000439861 -0.004010341 0.999991894 3.188723803
0.999895871 0.014393426 0.000995809 -0.017785845 -0.014396112 0.999892592 0.002745071 -0.049906835 -0.000956191 -0.002759121 0.999995768 3.247505188
0.999874592 0.015761752 0.001549923 -0.018171167 -0.015767504 0.999868572 0.003771307 -0.051904880 -0.001490277 -0.003795272 0.999991655 3.306125402
0.999858618 0.016770501 0.001207009 -0.017637504 -0.016775364 0.999850690 0.004140049 -0.052946974 -0.001137398 -0.004159712 0.999990702 3.366718769
0.999868214 0.016121700 0.001924311 -0.018330291 -0.016128656 0.999863267 0.003654925 -0.054280218 -0.001865125 -0.003685480 0.999991536 3.426714182
0.999912322 0.013170112 0.001398455 -0.018006183 -0.013174145 0.999908924 0.002915007 -0.054635808 -0.001359937 -0.002933175 0.999994755 3.486581802
0.999920189 0.012584165 0.001101690 -0.018980283 -0.012587111 0.999917090 0.002708627 -0.054869756 -0.001067513 -0.002722278 0.999995708 3.544509888
0.999918163 0.012753054 0.000994645 -0.018701227 -0.012754909 0.999916911 0.001882265 -0.054970838 -0.000970558 -0.001894797 0.999997795 3.603924036
0.999931753 0.011666091 0.000501718 -0.020329189 -0.011667259 0.999929070 0.002392497 -0.056673978 -0.000473772 -0.002398188 0.999996960 3.663381815
0.999925137 0.012231606 -0.000081059 -0.020760156 -0.012231331 0.999921143 0.002817693 -0.057819504 0.000115517 -0.002816491 0.999996006 3.723041534
0.999928236 0.011904162 -0.001350727 -0.019748643 -0.011899132 0.999922395 0.003673269 -0.058979221 0.001394349 -0.003656933 0.999992311 3.781017303
0.999949634 0.009626623 -0.002836387 -0.020365570 -0.009612739 0.999941945 0.004868709 -0.060117610 0.002883092 -0.004841199 0.999984145 3.838928699
0.999960721 0.007941888 -0.003922963 -0.020969016 -0.007921350 0.999954939 0.005223348 -0.061038192 0.003964269 -0.005192067 0.999978662 3.898869991
0.999968231 0.006724300 -0.004265066 -0.020621959 -0.006699539 0.999960721 0.005793788 -0.063521624 0.004303857 -0.005765029 0.999974132 3.955958605
0.999980569 0.003597200 -0.005087243 -0.022038443 -0.003571313 0.999980748 0.005088825 -0.062562071 0.005105452 -0.005070558 0.999974132 4.016545773
0.999981523 0.001543459 -0.005876220 -0.021802461 -0.001517644 0.999989152 0.004395128 -0.062856533 0.005882940 -0.004386130 0.999972999 4.072000980
0.999981999 0.002721412 -0.005333416 -0.024342477 -0.002703285 0.999990523 0.003403218 -0.063667655 0.005342627 -0.003388739 0.999979973 4.132501602
0.999978840 0.003937051 -0.005174744 -0.024712669 -0.003922395 0.999988317 0.002839462 -0.065231651 0.005185863 -0.002819104 0.999982536 4.191705704
0.999982417 0.001966123 -0.005592724 -0.024450613 -0.001949493 0.999993682 0.002977551 -0.065819629 0.005598543 -0.002966596 0.999979913 4.244347572
0.999981940 0.003423574 -0.004947984 -0.025443314 -0.003409333 0.999990046 0.002883776 -0.066194594 0.004957807 -0.002866854 0.999983609 4.302420139
0.999977648 0.004192804 -0.005199674 -0.025511101 -0.004171774 0.999983072 0.004048745 -0.067016952 0.005216561 -0.004026962 0.999978304 4.358983994
0.999978065 0.004154530 -0.005158450 -0.026878100 -0.004123571 0.999973536 0.005997806 -0.068244860 0.005183232 -0.005976403 0.999968708 4.420341015
0.999977887 0.004882204 -0.004520739 -0.027338784 -0.004862278 0.999978483 0.004408238 -0.069274232 0.004542163 -0.004386159 0.999980092 4.472148895
0.999982774 0.003100075 -0.004989714 -0.027255956 -0.003092120 0.999993980 0.001601248 -0.067821845 0.004994649 -0.001585791 0.999986231 4.531084538
0.999983370 0.003490076 -0.004587930 -0.028008256 -0.003485341 0.999993384 0.001039888 -0.070937991 0.004591528 -0.001023880 0.999988854 4.583510876
0.999990880 0.001135875 -0.004104443 -0.028747264 -0.001125284 0.999996066 0.002581800 -0.072171368 0.004107359 -0.002577158 0.999988198 4.639584541
0.999990225 -0.000925656 -0.004299098 -0.028543483 0.000943346 0.999991119 0.004114660 -0.072720870 0.004295250 -0.004118675 0.999982297 4.698094845
0.999993145 -0.002309484 -0.002866117 -0.029751267 0.002322970 0.999986231 0.004711087 -0.073537327 0.002855196 -0.004717714 0.999984801 4.752954483
0.999994814 -0.002464306 -0.002047130 -0.029776836 0.002470152 0.999992847 0.002858236 -0.073973238 0.002040072 -0.002863277 0.999993861 4.808962345
0.999998033 0.001440025 -0.001369895 -0.030602768 -0.001440112 0.999998987 -0.000062595 -0.074533045 0.001369803 0.000064567 0.999999046 4.865183830
0.999999940 0.000154702 -0.000530913 -0.030593460 -0.000155334 0.999999225 -0.001190239 -0.075722665 0.000530729 0.001190322 0.999999166 4.921207905
0.999993920 0.003328423 0.000963341 -0.031071270 -0.003327324 0.999993801 -0.001141395 -0.076670915 -0.000967134 0.001138182 0.999998868 4.977204800
0.999985695 0.004611288 0.002693827 -0.031603236 -0.004613480 0.999989033 0.000808154 -0.077485040 -0.002690071 -0.000820571 0.999996066 5.033757687
0.999988675 0.003526384 0.003188277 -0.030738827 -0.003536466 0.999988675 0.003162198 -0.078190520 -0.003177090 -0.003173437 0.999989927 5.091410160
0.999985397 0.003767527 0.003873767 -0.030926570 -0.003781074 0.999986768 0.003495733 -0.079176515 -0.003860545 -0.003510329 0.999986410 5.145198822
0.999972761 0.004913138 0.005505059 -0.031435132 -0.004926145 0.999985218 0.002351599 -0.079516292 -0.005493423 -0.002378655 0.999982119 5.201056480
0.999962926 0.006264977 0.005916845 -0.030041844 -0.006278751 0.999977708 0.002312055 -0.080084071 -0.005902227 -0.002349119 0.999979854 5.258987904
0.999943078 0.007919348 0.007162760 -0.031090010 -0.007935970 0.999965966 0.002294947 -0.081882738 -0.007144342 -0.002351660 0.999971688 5.314870834
0.999919772 0.009575482 0.008293604 -0.030473143 -0.009581935 0.999953866 0.000738667 -0.082804553 -0.008286149 -0.000818077 0.999965370 5.369888783
0.999899447 0.010733845 0.009269468 -0.030583121 -0.010734187 0.999942422 -0.000012729 -0.083840743 -0.009269072 -0.000086773 0.999957025 5.426389217
0.999911785 0.008580229 0.010139459 -0.030642994 -0.008576157 0.999963164 -0.000445196 -0.083529137 -0.010142904 0.000358200 0.999948502 5.482879162
0.999894321 0.009172908 0.011274837 -0.030629978 -0.009186941 0.999957085 0.001193544 -0.085402310 -0.011263405 -0.001296999 0.999935687 5.539506435
0.999904037 0.007382544 0.011722761 -0.029416867 -0.007412812 0.999969304 0.002540553 -0.086637706 -0.011703647 -0.002627208 0.999927998 5.595376968
0.999903679 0.006881371 0.012049573 -0.028767094 -0.006913591 0.999972641 0.002634328 -0.087445423 -0.012031117 -0.002717380 0.999923944 5.652659893
0.999919772 0.004457883 0.011855784 -0.027324781 -0.004487635 0.999986827 0.002484025 -0.087275639 -0.011844556 -0.002537030 0.999926627 5.707881927
0.999920189 0.003124396 0.012241785 -0.028853193 -0.003166361 0.999989152 0.003410073 -0.089139208 -0.012230998 -0.003448563 0.999919176 5.765993118
0.999926448 0.002620556 0.011847123 -0.028451674 -0.002654006 0.999992490 0.002808642 -0.089720272 -0.011839673 -0.002839878 0.999925852 5.822683334
0.999945462 0.001758748 0.010295843 -0.027471725 -0.001785380 0.999995053 0.002578053 -0.090821184 -0.010291259 -0.002596295 0.999943614 5.879642963
0.999957502 0.000216353 0.009216385 -0.027586743 -0.000250801 0.999992967 0.003736674 -0.092034295 -0.009215513 -0.003738827 0.999950528 5.934828758
0.999966562 -0.003196414 0.007526856 -0.026534975 0.003165896 0.999986708 0.004063065 -0.092427969 -0.007539744 -0.004039099 0.999963403 5.991572857
0.999968648 -0.003200344 0.007242422 -0.027358901 0.003168467 0.999985278 0.004408664 -0.094175458 -0.007256425 -0.004385578 0.999964058 6.046681881
0.999971926 -0.004100487 0.006268393 -0.026616093 0.004073750 0.999982536 0.004272208 -0.095140226 -0.006285802 -0.004246552 0.999971271 6.100214005
0.999980509 -0.003284693 0.005311156 -0.026953340 0.003264261 0.999987185 0.003851163 -0.096253768 -0.005323739 -0.003833751 0.999978483 6.156387329
0.999976635 -0.005530345 0.004003599 -0.026513798 0.005524239 0.999983549 0.001534824 -0.097192504 -0.004012022 -0.001512672 0.999990821 6.215090275
0.999940634 -0.010546021 0.002728942 -0.026111485 0.010544948 0.999944270 0.000406529 -0.097481973 -0.002733077 -0.000377728 0.999996185 6.271951675
0.999851465 -0.017101714 0.002176707 -0.026380287 0.017096223 0.999850690 0.002517268 -0.098372713 -0.002219432 -0.002479680 0.999994457 6.328055859
0.999683142 -0.025168950 -0.000218323 -0.024945552 0.025169658 0.999673843 0.004329481 -0.099024832 0.000109283 -0.004333605 0.999990582 6.386949062
0.999588668 -0.028646458 -0.001355892 -0.024534184 0.028647309 0.999589384 0.000614214 -0.099428527 0.001337741 -0.000652805 0.999998927 6.442457676
0.999596536 -0.028400697 -0.000367855 -0.026207110 0.028399933 0.999594688 -0.001934240 -0.101339154 0.000422639 0.001923011 0.999998033 6.499544621
0.999685526 -0.025074096 0.000512815 -0.026655931 0.025075857 0.999678433 -0.003767015 -0.102514639 -0.000418196 0.003778690 0.999992788 6.555732727
0.999727488 -0.023271149 0.001822092 -0.027611256 0.023279883 0.999716759 -0.004926278 -0.102393538 -0.001706935 0.004967354 0.999986172 6.610625744
0.999623656 -0.027369531 0.001829295 -0.026267547 0.027371602 0.999624670 -0.001114750 -0.104424931 -0.001798099 0.001164401 0.999997675 6.667708397
0.999486864 -0.031913359 0.002744269 -0.026659563 0.031909645 0.999489784 0.001386830 -0.105013862 -0.002787127 -0.001298550 0.999995291 6.727324009
0.999361396 -0.035656165 0.002322639 -0.025776116 0.035649277 0.999360025 0.002940623 -0.105820775 -0.002426004 -0.002855944 0.999993026 6.783415794
0.999277711 -0.037962969 0.001703807 -0.024327986 0.037957460 0.999274373 0.003156752 -0.107182749 -0.001822410 -0.003089800 0.999993622 6.841243744
0.999396741 -0.034576703 0.003246099 -0.025280859 0.034567058 0.999397933 0.002981066 -0.107056998 -0.003347219 -0.002867060 0.999990344 6.896965027
0.999499917 -0.031329971 0.004312908 -0.025684074 0.031320117 0.999506652 0.002334324 -0.108357981 -0.004383915 -0.002198076 0.999987960 6.957353115
0.999593318 -0.028020576 0.005288444 -0.026059266 0.028017648 0.999607146 0.000627357 -0.109453715 -0.005303945 -0.000478932 0.999985814 7.014257908
0.999656677 -0.025384549 0.006492254 -0.026828084 0.025383051 0.999677777 0.000313211 -0.111345924 -0.006498113 -0.000148310 0.999978840 7.066754818
0.999706805 -0.023358261 0.006376441 -0.026181180 0.023352936 0.999726892 0.000908352 -0.111075401 -0.006395917 -0.000759177 0.999979258 7.129454136
0.999755263 -0.021226469 0.006233653 -0.026138484 0.021225300 0.999774754 0.000253406 -0.111793973 -0.006237627 -0.000121033 0.999980509 7.186387062
0.999794662 -0.019428952 0.005760201 -0.025798567 0.019441472 0.999808729 -0.002125465 -0.112785585 -0.005717804 0.002237015 0.999981165 7.243342400
0.999869406 -0.015271765 0.005285679 -0.026462816 0.015296012 0.999872625 -0.004578026 -0.114334285 -0.005215092 0.004658279 0.999975502 7.301109791
0.999916792 -0.012024020 0.004676702 -0.026544373 0.012049734 0.999912202 -0.005509460 -0.115341522 -0.004610046 0.005565354 0.999973834 7.360056877
0.999967933 -0.006546504 0.004613516 -0.026078936 0.006565565 0.999969959 -0.004128327 -0.116645880 -0.004586352 0.004158485 0.999980807 7.416670322
0.999982595 -0.001718005 0.005638275 -0.025539421 0.001738010 0.999992192 -0.003545128 -0.117423855 -0.005632140 0.003554866 0.999977767 7.474003792
0.999978125 -0.002034205 0.006284381 -0.026906781 0.002037812 0.999997735 -0.000567703 -0.118582666 -0.006283212 0.000580497 0.999980092 7.530207157
0.999978781 -0.003774750 0.005315908 -0.026859295 0.003776785 0.999992847 -0.000372899 -0.119701229 -0.005314461 0.000392969 0.999985814 7.589318752
0.999979675 -0.005042549 0.003887325 -0.027514065 0.005044574 0.999987185 -0.000511335 -0.120356329 -0.003884695 0.000530935 0.999992311 7.644740582
0.999974906 -0.006864400 0.001746184 -0.026170610 0.006871235 0.999968648 -0.003938887 -0.121533252 -0.001719091 0.003950786 0.999990702 7.703470230
0.999987304 -0.005031276 -0.000021375 -0.025754793 0.005030951 0.999956191 -0.007894874 -0.123153836 0.000061095 0.007894668 0.999968767 7.763293743
0.999999523 -0.000981815 -0.000128848 -0.027751284 0.000980654 0.999961436 -0.008724583 -0.123801857 0.000137409 0.008724451 0.999961913 7.821599960
0.999995470 0.002950582 -0.000653226 -0.027943477 -0.002956083 0.999958754 -0.008587107 -0.124793082 0.000627862 0.008588998 0.999962926 7.881766796
0.999990344 0.004395796 -0.000415266 -0.028025128 -0.004397530 0.999981225 -0.004272361 -0.126651853 0.000396477 0.004274146 0.999990702 7.936591148
0.999980390 0.006258688 0.000411567 -0.028470976 -0.006257727 0.999977767 -0.002295526 -0.128340602 -0.000425925 0.002292905 0.999997199 7.994321823
0.999989748 0.004517774 -0.000290034 -0.028688399 -0.004518248 0.999988437 -0.001654161 -0.128867120 0.000282558 0.001655456 0.999998569 8.055704117
0.999988794 0.004734828 0.000074152 -0.028670793 -0.004734684 0.999987066 -0.001832092 -0.128750280 -0.000082826 0.001831721 0.999998212 8.114006996
0.999999881 0.000242535 0.000420077 -0.029526237 -0.000242424 0.999999881 -0.000263902 -0.131006420 -0.000420141 0.000263800 0.999999881 8.171500206
0.999994040 -0.003295387 0.001048901 -0.030836783 0.003295721 0.999994516 -0.000317194 -0.131810516 -0.001047849 0.000320649 0.999999404 8.229861259
0.999985754 -0.005059632 0.001700906 -0.031107847 0.005058981 0.999987185 0.000386612 -0.132826030 -0.001702840 -0.000378002 0.999998510 8.289181709
0.999963522 -0.008348374 0.001814657 -0.030376043 0.008345620 0.999964058 0.001519664 -0.133405462 -0.001827279 -0.001504464 0.999997199 8.351968765
0.999924183 -0.012189588 0.001745880 -0.029371351 0.012186605 0.999924302 0.001707632 -0.134134263 -0.001766563 -0.001686226 0.999996960 8.410725594
0.999938726 -0.010905392 0.001925474 -0.029331932 0.010910016 0.999937594 -0.002407887 -0.134693533 -0.001899095 0.002428746 0.999995291 8.471064568
0.999991179 -0.003651999 0.002048454 -0.030594235 0.003667794 0.999963105 -0.007762233 -0.135678947 -0.002020031 0.007769679 0.999967694 8.531740189
0.999976814 0.006003477 0.003232836 -0.031092605 -0.005977280 0.999949694 -0.008053313 -0.137539655 -0.003281021 0.008033803 0.999962330 8.594568253
0.999890566 0.013857414 0.005177593 -0.031364176 -0.013837883 0.999897063 -0.003789865 -0.139122128 -0.005229578 0.003717803 0.999979377 8.650036812
0.999864161 0.015225579 0.006295396 -0.031994928 -0.015213594 0.999882281 -0.001947473 -0.140112415 -0.006324307 0.001851432 0.999978304 8.712061882
0.999881268 0.013963900 0.006521001 -0.034097947 -0.013950048 0.999900281 -0.002164520 -0.140159994 -0.006550577 0.002073295 0.999976397 8.775247574
0.999942124 0.009820238 0.004395425 -0.031008851 -0.009814678 0.999950945 -0.001284864 -0.142182142 -0.004407828 0.001241650 0.999989510 8.832547188
0.999961615 0.008025563 0.003501309 -0.031176759 -0.008018447 0.999965787 -0.002041501 -0.143039137 -0.003517573 0.002013348 0.999991775 8.894081116
0.999954760 0.008989163 0.003106379 -0.031277549 -0.008980595 0.999955893 -0.002760675 -0.143978208 -0.003131059 0.002732653 0.999991298 8.955870628
0.999947011 0.009917848 0.002760157 -0.031110322 -0.009911549 0.999948204 -0.002286750 -0.145527899 -0.002782694 0.002259271 0.999993503 9.015394211
0.999930441 0.011440556 0.002882036 -0.031514894 -0.011435610 0.999933124 -0.001726812 -0.146442533 -0.002901600 0.001693735 0.999994338 9.078244209
0.999938726 0.010845391 0.002208631 -0.031312302 -0.010841736 0.999939799 -0.001660881 -0.148254633 -0.002226511 0.001636834 0.999996245 9.140377998
0.999947190 0.010107650 0.001866194 -0.031178765 -0.010102132 0.999944568 -0.002943442 -0.148983583 -0.001895842 0.002924434 0.999993920 9.199509621
0.999949455 0.009898767 0.001756735 -0.031496324 -0.009892112 0.999944031 -0.003757247 -0.149564698 -0.001793829 0.003739680 0.999991357 9.261291504
0.999941170 0.010684723 0.001847552 -0.032005250 -0.010677612 0.999935627 -0.003817220 -0.151116222 -0.001888219 0.003797268 0.999991000 9.322870255
0.999953091 0.009653565 0.000806248 -0.031716604 -0.009650474 0.999946296 -0.003754635 -0.152157187 -0.000842450 0.003746678 0.999992549 9.386362076
0.999947429 0.010259207 0.000228889 -0.031303875 -0.010258260 0.999940097 -0.003814431 -0.153881758 -0.000268009 0.003811883 0.999992669 9.449282646
0.999943852 0.010588546 -0.000574224 -0.030965218 -0.010590632 0.999936819 -0.003758799 -0.155295193 0.000534387 0.003764668 0.999992669 9.510046005
0.999937236 0.011196794 -0.000313671 -0.032254446 -0.011198095 0.999927104 -0.004507492 -0.155913800 0.000263179 0.004510722 0.999989748 9.573844910
0.999926984 0.012073230 -0.000255388 -0.032920770 -0.012074264 0.999916792 -0.004525093 -0.156994879 0.000200735 0.004527846 0.999989748 9.635207176
0.999946475 0.010288958 0.001081485 -0.035167389 -0.010283682 0.999935806 -0.004776987 -0.157623753 -0.001130566 0.004765610 0.999987960 9.697383881
0.999956250 0.009325282 -0.000737423 -0.033463888 -0.009328797 0.999944389 -0.004914006 -0.159887642 0.000691557 0.004920669 0.999987602 9.762309074
0.999959111 0.009017285 -0.000736590 -0.033557788 -0.009020636 0.999948323 -0.004677992 -0.161753282 0.000694369 0.004684445 0.999988735 9.825941086
0.999972463 0.007406052 0.000254299 -0.034932323 -0.007404642 0.999959230 -0.005160816 -0.161523372 -0.000292510 0.005158791 0.999986649 9.890181541
0.999981880 0.006002387 0.000604141 -0.036470100 -0.005999228 0.999969006 -0.005104330 -0.161881804 -0.000634760 0.005100613 0.999986768 9.955633163
0.999973357 0.007248834 -0.000974481 -0.033978589 -0.007252367 0.999966979 -0.003668481 -0.165715858 0.000947857 0.003675451 0.999992788 10.013847351
0.999974310 0.007112885 -0.000865100 -0.033904292 -0.007116759 0.999964297 -0.004560716 -0.166249156 0.000832629 0.004566756 0.999989271 10.077209473
0.999958038 0.009144926 -0.000469038 -0.034462422 -0.009146666 0.999950767 -0.003848854 -0.167895868 0.000433817 0.003852983 0.999992490 10.142005920
0.999958515 0.009083223 0.000864024 -0.035848178 -0.009081504 0.999956787 -0.001973735 -0.168862164 -0.000881915 0.001965806 0.999997675 10.203623772
0.999948561 0.009986758 0.001774020 -0.036516115 -0.009984414 0.999949276 -0.001324899 -0.170825556 -0.001787161 0.001307118 0.999997497 10.267129898
0.999945283 0.010157523 0.002506333 -0.036682412 -0.010148196 0.999941647 -0.003706248 -0.170851111 -0.002543833 0.003680610 0.999989986 10.330770493
0.999957383 0.008957441 0.002246639 -0.036654808 -0.008948078 0.999951363 -0.004143266 -0.172959715 -0.002283643 0.004122986 0.999988914 10.393222809
0.999954522 0.009271853 0.002268249 -0.036332250 -0.009262674 0.999948978 -0.004024294 -0.173594832 -0.002305446 0.004003101 0.999989331 10.457149506
0.999946713 0.009659077 0.003631609 -0.037953217 -0.009646927 0.999947786 -0.003348141 -0.174484923 -0.003663760 0.003312930 0.999987781 10.519916534
0.999950707 0.009500205 0.002887492 -0.037878633 -0.009493812 0.999952614 -0.002219247 -0.176842511 -0.002908438 0.002191724 0.999993384 10.584049225
0.999950051 0.009694441 0.002427449 -0.037843566 -0.009689768 0.999951303 -0.001929648 -0.178361788 -0.002446037 0.001906031 0.999995232 10.647528648
0.999930441 0.011433653 0.002904447 -0.037922770 -0.011428179 0.999932945 -0.001893605 -0.179793358 -0.002925903 0.001860281 0.999993980 10.711938858
0.999920785 0.012328499 0.002513037 -0.038405303 -0.012322831 0.999921501 -0.002257522 -0.180184752 -0.002540671 0.002226376 0.999994278 10.775637627
0.999912202 0.013022235 0.002419512 -0.038373552 -0.013016994 0.999912858 -0.002169083 -0.181495190 -0.002447547 0.002137399 0.999994695 10.838538170
0.999941170 0.010626882 0.002180617 -0.039152205 -0.010623035 0.999942005 -0.001768639 -0.182591110 -0.002199286 0.001745370 0.999996066 10.904616356
0.999956846 0.008620442 0.003465946 -0.040161662 -0.008617052 0.999962330 -0.000992197 -0.183901802 -0.003474369 0.000962288 0.999993503 10.969230652
0.999974489 0.007030607 0.001318558 -0.038224634 -0.007028865 0.999974370 -0.001321085 -0.184342921 -0.001327813 0.001311783 0.999998271 11.034579277
0.999984920 0.004987769 0.002306069 -0.039673753 -0.004983839 0.999986172 -0.001706812 -0.185523808 -0.002314550 0.001695294 0.999995947 11.097738266
0.999991000 0.003349164 0.002613365 -0.040046539 -0.003344845 0.999993026 -0.001655278 -0.187619075 -0.002618890 0.001646522 0.999995232 11.161536217
0.999991238 0.002860664 0.003078522 -0.040090755 -0.002858102 0.999995589 -0.000836500 -0.188676551 -0.003080901 0.000827694 0.999994934 11.227321625
0.999992609 0.002251583 0.003111284 -0.041373078 -0.002254597 0.999996960 0.000965307 -0.190358981 -0.003109101 -0.000972315 0.999994695 11.294052124
0.999992609 -0.000477636 0.003820125 -0.040627871 0.000475896 0.999999762 0.000456447 -0.190608263 -0.003820342 -0.000454626 0.999992609 11.353963852
0.999993980 -0.000058181 0.003455732 -0.040748462 0.000060692 0.999999642 -0.000726319 -0.192107961 -0.003455689 0.000726525 0.999993742 11.421071053
0.999987185 -0.000133057 0.005047832 -0.042273637 0.000137329 0.999999642 -0.000845944 -0.192502454 -0.005047718 0.000846627 0.999986947 11.482584000
0.999983311 0.001186239 0.005657759 -0.040548399 -0.001184286 0.999999166 -0.000348469 -0.193867207 -0.005658168 0.000341763 0.999983907 11.544493675
0.999970734 0.002453350 0.007253583 -0.041279301 -0.002450188 0.999996901 -0.000444739 -0.195164144 -0.007254652 0.000426953 0.999973595 11.608485222
0.999959767 0.004941774 0.007488819 -0.041245468 -0.004935004 0.999987364 -0.000922237 -0.196898997 -0.007493282 0.000885242 0.999971509 11.674798965
0.999939978 0.006059103 0.009123090 -0.042618968 -0.006049254 0.999981105 -0.001106954 -0.198123708 -0.009129625 0.001051700 0.999957800 11.735918999
0.999943435 0.004951070 0.009414494 -0.041556187 -0.004932241 0.999985814 -0.002022248 -0.198338851 -0.009424372 0.001975699 0.999953628 11.799712181
0.999941409 0.003790809 0.010140845 -0.041503713 -0.003767657 0.999990344 -0.002301282 -0.199696824 -0.010149471 0.002262940 0.999945998 11.864211082
0.999921024 0.005256427 0.011417938 -0.041157916 -0.005235149 0.999984443 -0.001892627 -0.201775610 -0.011427711 0.001832704 0.999933004 11.924264908
0.999918640 0.003800112 0.012183585 -0.040862948 -0.003780607 0.999991536 -0.001623555 -0.201800227 -0.012189655 0.001577362 0.999924421 11.987793922
0.999901831 0.003693498 0.013519170 -0.042007774 -0.003668499 0.999991477 -0.001873418 -0.202918902 -0.013525976 0.001823639 0.999906898 12.050866127
0.999916613 0.003294823 0.012484049 -0.039469719 -0.003253477 0.999989092 -0.003330690 -0.205151543 -0.012494889 0.003289796 0.999916494 12.113897324
0.999919593 0.001507196 0.012590611 -0.039878458 -0.001439059 0.999984264 -0.005419032 -0.206260860 -0.012598581 0.005400478 0.999906063 12.176274300
0.999941170 0.002069787 0.010642407 -0.037366658 -0.002010507 0.999982357 -0.005577812 -0.208243504 -0.010653766 0.005556087 0.999927819 12.241329193
0.999943078 0.000307863 0.010657973 -0.038219675 -0.000250428 0.999985397 -0.005389868 -0.209232539 -0.010659478 0.005386893 0.999928653 12.306583405
0.999943852 0.001710686 0.010452083 -0.038944840 -0.001641964 0.999976933 -0.006580053 -0.210713685 -0.010463100 0.006562523 0.999923706 12.371309280
0.999952853 0.002164998 0.009461570 -0.037706003 -0.002106950 0.999978840 -0.006140834 -0.212565780 -0.009474664 0.006120611 0.999936402 12.432630539
0.999959886 0.000474575 0.008946642 -0.039272934 -0.000426505 0.999985456 -0.005374199 -0.213777930 -0.008949062 0.005370168 0.999945581 12.500289917
0.999972165 0.000968345 0.007396126 -0.036961079 -0.000926526 0.999983490 -0.005655446 -0.215191185 -0.007401480 0.005648436 0.999956608 12.560568810
0.999978781 0.000875726 0.006451112 -0.037166558 -0.000850227 0.999991775 -0.003954225 -0.216823295 -0.006454523 0.003948657 0.999971330 12.624123573
0.999979198 0.002022318 0.006111316 -0.037242897 -0.002004404 0.999993682 -0.002936062 -0.217627704 -0.006117215 0.002923752 0.999976933 12.684823990
0.999966264 0.003929977 0.007204561 -0.037549868 -0.003912307 0.999989271 -0.002464999 -0.218977645 -0.007214171 0.002436730 0.999970913 12.745637894
0.999961972 0.003515858 0.007977471 -0.036981218 -0.003492562 0.999989629 -0.002932387 -0.220230922 -0.007987699 0.002904413 0.999963880 12.811391830
0.999958932 0.001545757 0.008928558 -0.037418567 -0.001516967 0.999993682 -0.003230378 -0.221046865 -0.008933497 0.003216701 0.999954879 12.873040199
0.999960303 0.000156661 0.008903953 -0.037305601 -0.000121769 0.999992311 -0.003919179 -0.222736254 -0.008904498 0.003917938 0.999952674 12.935176849
0.999956906 -0.000483915 0.009264084 -0.036173940 0.000542355 0.999979973 -0.006306773 -0.223277807 -0.009260847 0.006311526 0.999937177 13.002934456
0.999952734 -0.000814866 0.009683110 -0.036114350 0.000882723 0.999975145 -0.007005511 -0.224806249 -0.009677160 0.007013729 0.999928594 13.065925598
0.999976218 0.000060746 0.006890845 -0.036071032 -0.000009255 0.999972165 -0.007472190 -0.226808578 -0.006891104 0.007471949 0.999948382 13.128907204
0.999985397 0.001457046 0.005209338 -0.035955109 -0.001415236 0.999966800 -0.008020647 -0.226912722 -0.005220853 0.008013156 0.999954283 13.195553780
0.999984980 0.002544644 0.004868759 -0.036166534 -0.002522032 0.999986053 -0.004644986 -0.228724301 -0.004880512 0.004632637 0.999977410 13.261426926
0.999981999 0.001014077 0.005908269 -0.036905326 -0.001002978 0.999997735 -0.001881151 -0.229713038 -0.005910162 0.001875191 0.999980807 13.327528954
0.999985397 0.000238251 0.005403581 -0.035532594 -0.000233150 0.999999464 -0.000944673 -0.230883732 -0.005403804 0.000943399 0.999984980 13.392111778
0.999983966 0.000471212 0.005650949 -0.035333738 -0.000458124 0.999997139 -0.002317102 -0.232373208 -0.005652025 0.002314476 0.999981403 13.459110260
0.999978721 -0.001681840 0.006306000 -0.035786636 0.001695879 0.999996066 -0.002221588 -0.233130991 -0.006302238 0.002232234 0.999977648 13.521945953
0.999977946 -0.001531965 0.006453921 -0.035570599 0.001548021 0.999995649 -0.002483509 -0.234114468 -0.006450088 0.002493445 0.999976099 13.586726189
0.999973238 -0.001524712 0.007144463 -0.035856858 0.001538138 0.999997079 -0.001874128 -0.235866949 -0.007141585 0.001885067 0.999972641 13.652934074
0.999973595 -0.000607384 0.007248122 -0.034561962 0.000629212 0.999995232 -0.003009614 -0.236993164 -0.007246261 0.003014095 0.999969184 13.715034485
0.999961972 0.001734343 0.008538224 -0.036013484 -0.001697535 0.999989271 -0.004316467 -0.238011837 -0.008545619 0.004301810 0.999954164 13.779083252
0.999960721 -0.000570018 0.008844474 -0.034660093 0.000582039 0.999998927 -0.001356653 -0.239838511 -0.008843692 0.001361748 0.999959886 13.848313332
0.999964178 -0.001740867 0.008280628 -0.033019371 0.001745178 0.999998450 -0.000513449 -0.241209820 -0.008279721 0.000527882 0.999965549 13.915311813
0.999958932 -0.001806226 0.008878774 -0.034069888 0.001825604 0.999995947 -0.002174906 -0.242452413 -0.008874811 0.002191026 0.999958217 13.979302406
0.999955416 -0.000162857 0.009441595 -0.034534872 0.000186858 0.999996781 -0.002541282 -0.243327290 -0.009441150 0.002542933 0.999952197 14.043035507
0.999951959 0.002164134 0.009564366 -0.034800872 -0.002117918 0.999986053 -0.004839641 -0.244707316 -0.009574706 0.004819153 0.999942541 14.104199409
0.999965847 0.002882384 0.007746367 -0.033106349 -0.002829453 0.999972641 -0.006835278 -0.246649548 -0.007765856 0.006813127 0.999946594 14.172716141
0.999966502 0.004228122 0.007007562 -0.032713316 -0.004183129 0.999970615 -0.006422982 -0.248070046 -0.007034511 0.006393454 0.999954760 14.236716270
0.999963045 0.005463297 0.006626547 -0.033047631 -0.005443532 0.999980688 -0.002997108 -0.250021309 -0.006642792 0.002960925 0.999973595 14.299697876
0.999971688 0.005254436 0.005389502 -0.033321917 -0.005254905 0.999986112 0.000073051 -0.251053303 -0.005389043 -0.000101370 0.999985456 14.365094185
0.999970198 0.006097178 0.004731715 -0.034326807 -0.006092626 0.999980867 -0.000976018 -0.252292991 -0.004737576 0.000947160 0.999988317 14.428634644
0.999974608 0.006523427 0.002863371 -0.034130048 -0.006514075 0.999973476 -0.003263125 -0.253416806 -0.002884581 0.003244390 0.999990582 14.493494987
0.999991477 0.004103307 0.000481043 -0.033802826 -0.004102578 0.999990404 -0.001505067 -0.254743159 -0.000487214 0.001503081 0.999998748 14.558368683
0.999996960 0.002430378 -0.000461171 -0.033494692 -0.002430823 0.999996603 -0.000968059 -0.256075650 0.000458816 0.000969177 0.999999404 14.621119499
0.999997020 0.002371613 -0.000614430 -0.034366909 -0.002372920 0.999994874 -0.002134096 -0.256958872 0.000609365 0.002135548 0.999997497 14.688528061
0.999997318 0.001425993 -0.001822845 -0.033778638 -0.001430057 0.999996483 -0.002230139 -0.259504735 0.001819659 0.002232740 0.999995768 14.754026413
0.999997556 0.001236854 -0.001869795 -0.034004584 -0.001241251 0.999996483 -0.002352558 -0.260572255 0.001866878 0.002354873 0.999995470 14.818056107
0.999998331 0.000253091 -0.001820244 -0.034193035 -0.000256708 0.999997973 -0.001987494 -0.262694299 0.001819737 0.001987958 0.999996305 14.882259369
0.999997497 -0.000138204 -0.002241152 -0.034228861 0.000133785 0.999998093 -0.001971575 -0.264724791 0.002241420 0.001971271 0.999995530 14.948248863
0.999999285 0.000383237 -0.001102162 -0.035864428 -0.000387307 0.999993026 -0.003695114 -0.264828205 0.001100738 0.003695539 0.999992549 15.011605263
0.999998033 -0.001542501 -0.001240351 -0.035783269 0.001538958 0.999994755 -0.002851796 -0.266563475 0.001244743 0.002849882 0.999995172 15.077015877
0.999998510 -0.001013780 -0.001360548 -0.036095154 0.001008344 0.999991536 -0.003990223 -0.267555326 0.001364581 0.003988845 0.999991119 15.142109871
0.999994874 -0.003140001 -0.000605771 -0.036816392 0.003136967 0.999982834 -0.004945516 -0.269649178 0.000621289 0.004943590 0.999987602 15.205228806
0.999993682 -0.003331743 -0.001217538 -0.036614757 0.003328374 0.999990642 -0.002758554 -0.271272480 0.001226717 0.002754485 0.999995470 15.271499634
0.999986708 -0.004937704 -0.001468612 -0.036550798 0.004934514 0.999985397 -0.002167371 -0.272124678 0.001479292 0.002160095 0.999996543 15.335691452
0.999988317 -0.004754175 -0.000937192 -0.037173256 0.004751038 0.999983251 -0.003321504 -0.273735136 0.000952967 0.003317012 0.999994099 15.399917603
0.999991596 -0.003874639 -0.001336961 -0.037371609 0.003869051 0.999983847 -0.004156407 -0.274606764 0.001353044 0.004151199 0.999990523 15.466405869
0.999993920 -0.003414315 -0.000868824 -0.037970994 0.003411897 0.999990344 -0.002771058 -0.276173681 0.000878277 0.002768077 0.999995768 15.532218933
0.999998808 -0.001583483 0.000059493 -0.038932689 0.001583587 0.999997139 -0.001795904 -0.277558088 -0.000056649 0.001795996 0.999998391 15.596289635
0.999999285 0.000556428 0.001078143 -0.040193759 -0.000553154 0.999995232 -0.003033962 -0.278498620 -0.001079826 0.003033364 0.999994814 15.661088943
0.999995649 -0.002939203 0.000184144 -0.039441824 0.002939750 0.999991059 -0.003045018 -0.279784739 -0.000175192 0.003045546 0.999995351 15.728612900
0.999987960 -0.004897983 0.000044038 -0.039396625 0.004898101 0.999982655 -0.003279576 -0.280429125 -0.000027974 0.003279752 0.999994576 15.792588234
0.999999106 -0.001221070 0.000510832 -0.040078029 0.001222983 0.999992311 -0.003762042 -0.282341450 -0.000506235 0.003762665 0.999992788 15.859909058
0.999999702 0.000374122 0.000650316 -0.040210389 -0.000371868 0.999993920 -0.003462929 -0.283707887 -0.000651608 0.003462686 0.999993801 15.925345421
0.999999046 0.000466296 0.001279758 -0.040939625 -0.000461147 0.999991834 -0.004020642 -0.283546209 -0.001281622 0.004020049 0.999991119 15.990157127
0.999989092 0.003970304 0.002454109 -0.042334557 -0.003958311 0.999980271 -0.004872508 -0.285636455 -0.002473406 0.004862741 0.999985158 16.056907654
0.999990642 0.003818449 0.002041873 -0.041346859 -0.003808606 0.999981225 -0.004802430 -0.287009358 -0.002060173 0.004794607 0.999986410 16.121936798
0.999998689 0.001624630 0.000409058 -0.039860286 -0.001622504 0.999985456 -0.005144593 -0.288067549 -0.000417411 0.005143922 0.999986708 16.190752029
0.999984324 0.005347809 0.001629145 -0.041026559 -0.005341355 0.999977946 -0.003940370 -0.289892077 -0.001650181 0.003931607 0.999990880 16.254203796
