0.999998689 -0.001109799 -0.001168198 -0.000530724 0.001108149 0.999998391 -0.001411977 0.000150792 0.001169763 0.001410681 0.999998331 0.047293473
0.999995887 -0.000723771 -0.002778187 -0.000816636 0.000718641 0.999998033 -0.001846831 0.000069734 0.002779518 0.001844827 0.999994457 0.094267182
0.999990761 0.000528482 -0.004263495 -0.001457378 -0.000540656 0.999995768 -0.002854561 0.000013129 0.004261968 0.002856840 0.999986827 0.141314730
0.999977767 0.002239445 -0.006297540 -0.001503926 -0.002254928 0.999994457 -0.002452558 -0.000300654 0.006292014 0.002466704 0.999977112 0.187832415
0.999970019 0.001415236 -0.007603019 -0.002194746 -0.001428310 0.999997437 -0.001714428 -0.000306872 0.007600571 0.001725236 0.999969602 0.234500557
0.999955595 0.002080481 -0.009186471 -0.002667809 -0.002084143 0.999997735 -0.000389054 -0.000369711 0.009185641 0.000408183 0.999957681 0.281098217
0.999943078 0.002544761 -0.010355437 -0.003582404 -0.002542856 0.999996722 0.000197072 -0.000365916 0.010355905 -0.000170728 0.999946296 0.327413321
0.999930561 0.001478625 -0.011691916 -0.004338666 -0.001477903 0.999998927 0.000070421 -0.000409925 0.011692007 -0.000053136 0.999931633 0.373313725
0.999908686 0.001353477 -0.013441726 -0.005157489 -0.001363009 0.999998748 -0.000699993 -0.000246216 0.013440765 0.000718250 0.999909401 0.418894351
0.999900997 0.001105824 -0.014031883 -0.006283225 -0.001103892 0.999999344 0.000145373 -0.000514858 0.014032034 -0.000129869 0.999901533 0.465210170
0.999877214 0.001199181 -0.015625091 -0.006994165 -0.001169106 0.999997437 0.001933740 -0.000292233 0.015627375 -0.001915236 0.999876022 0.509685636
0.999867141 0.000704123 -0.016291348 -0.008006173 -0.000638958 0.999991715 0.004004833 -0.000004282 0.016294036 -0.003993890 0.999859214 0.555587828
0.999848902 0.000253642 -0.017387696 -0.008363578 -0.000144157 0.999980152 0.006297644 -0.000131534 0.017388947 -0.006294187 0.999828994 0.598840177
0.999836385 -0.000049260 -0.018089471 -0.009707138 0.000141590 0.999986947 0.005102826 0.000008082 0.018088983 -0.005104553 0.999823451 0.643532872
0.999823809 0.002964655 -0.018541206 -0.010780648 -0.002915431 0.999992132 0.002681331 -0.000032822 0.018549012 -0.002626804 0.999824524 0.684841931
0.999805272 0.002742182 -0.019543560 -0.011942216 -0.002735784 0.999996185 0.000354117 0.000401386 0.019544456 -0.000300580 0.999808967 0.727133155
0.999781728 0.003927989 -0.020519642 -0.012776912 -0.003912929 0.999992013 0.000774044 -0.000037826 0.020522524 -0.000693583 0.999789178 0.768803895
0.999760628 0.003467171 -0.021598982 -0.014326192 -0.003468512 0.999993920 -0.000024624 -0.000139563 0.021598766 0.000099534 0.999766767 0.809114516
0.999705672 0.004108707 -0.023910010 -0.014850808 -0.004124028 0.999991298 -0.000591472 -0.000012989 0.023907373 0.000689903 0.999713957 0.850701809
0.999666750 0.003767337 -0.025538499 -0.016644405 -0.003781126 0.999992728 -0.000491663 -0.000125440 0.025536461 0.000588063 0.999673784 0.890428007
0.999629736 0.004142080 -0.026890855 -0.018637981 -0.004129148 0.999991298 0.000536403 0.000009807 0.026892843 -0.000425168 0.999638259 0.929294825
0.999558985 0.003537619 -0.029482966 -0.018824289 -0.003463265 0.999990702 0.002572611 0.000448419 0.029491788 -0.002469369 0.999561965 0.970132172
0.999491096 0.004592503 -0.031563595 -0.020789515 -0.004472925 0.999982536 0.003858015 0.000579661 0.031580761 -0.003714870 0.999494255 1.009696722
0.999438286 0.005608240 -0.033041466 -0.022425096 -0.005475572 0.999976635 0.004104318 0.000751255 0.033063710 -0.003921091 0.999445558 1.047376275
0.999315023 0.008692775 -0.035969265 -0.023175763 -0.008573109 0.999957204 0.003479756 0.000694631 0.035997972 -0.003169003 0.999346852 1.084912539
0.999228060 0.010465481 -0.037865967 -0.024993457 -0.010356848 0.999941707 0.003063929 0.000569176 0.037895828 -0.002669392 0.999278128 1.121845841
0.999188602 0.010291224 -0.038937394 -0.026469003 -0.010144711 0.999940753 0.003958513 0.000860648 0.038975827 -0.003560293 0.999233842 1.160361290
0.999129891 0.011947238 -0.039957236 -0.028532194 -0.011729145 0.999915123 0.005688058 0.001162479 0.040021796 -0.005214446 0.999185205 1.194178343
0.999095976 0.014273596 -0.040043768 -0.030426342 -0.014006888 0.999877870 0.006933085 0.000754502 0.040137839 -0.006365930 0.999173820 1.229276061
0.999094665 0.017685082 -0.038691487 -0.032042414 -0.017534142 0.999837220 0.004236967 0.001329205 0.038760126 -0.003554709 0.999242246 1.264437318
0.999122083 0.019634206 -0.037007209 -0.033947900 -0.019595781 0.999807000 0.001400742 0.000924087 0.037027568 -0.000674327 0.999314010 1.297822714
0.999166071 0.019551843 -0.035844378 -0.034357883 -0.019576393 0.999808252 -0.000334004 0.000989604 0.035830975 0.001035429 0.999357283 1.333227158
0.999277592 0.020678516 -0.031886287 -0.036189035 -0.020668572 0.999786198 0.000641465 0.000738322 0.031892728 0.000018042 0.999491274 1.366502047
0.999255538 0.025968354 -0.028527919 -0.037754569 -0.025894266 0.999660313 0.002963457 0.001196327 0.028595190 -0.002222542 0.999588609 1.398722053
0.999239743 0.030408926 -0.024396213 -0.039137285 -0.030258834 0.999521017 0.006498113 0.001148737 0.024582129 -0.005754972 0.999681294 1.430701733
0.999192119 0.034973174 -0.019795485 -0.040442996 -0.034830812 0.999365091 0.007491550 0.001128414 0.020044923 -0.006796005 0.999776006 1.462598085
0.999162674 0.037977822 -0.015220842 -0.039710507 -0.037873607 0.999257505 0.007077527 0.001688424 0.015478335 -0.006495132 0.999859154 1.491671920
0.999058902 0.042361312 -0.009315755 -0.041216400 -0.042277444 0.999065161 0.009021810 0.001974254 0.009689225 -0.008619473 0.999915898 1.523179650
0.998864591 0.047588773 -0.002201025 -0.042369835 -0.047563862 0.998815656 0.010244463 0.002111621 0.002685942 -0.010128140 0.999945104 1.551512122
0.998687267 0.050990291 0.004868271 -0.042426679 -0.051037978 0.998644292 0.010231168 0.001596706 -0.004339980 -0.010466207 0.999935746 1.580006123
0.998432577 0.054575853 0.012407307 -0.042667866 -0.054702595 0.998451412 0.010115410 0.001997061 -0.011836037 -0.010778267 0.999871790 1.606813431
0.998107970 0.058275610 0.019607440 -0.041868739 -0.058467820 0.998245358 0.009376896 0.002059821 -0.019026585 -0.010505560 0.999763727 1.631577373
0.997636855 0.063059337 0.027278477 -0.041658618 -0.063267753 0.997973084 0.006845422 0.001850528 -0.026791520 -0.008555094 0.999604464 1.656009078
0.997243881 0.065348439 0.035128810 -0.041118104 -0.065514877 0.997845113 0.003607229 0.001962615 -0.034817379 -0.005898747 0.999376297 1.679375529
0.996908009 0.065609179 0.043240484 -0.040107951 -0.065807156 0.997827470 0.003169584 0.002012912 -0.042938579 -0.006005319 0.999059677 1.701439738
0.996640563 0.064657353 0.050268643 -0.037548669 -0.064959228 0.997878313 0.004392928 0.002160219 -0.049877949 -0.007643582 0.998726070 1.722553730
0.996032536 0.066559307 0.059067667 -0.037462965 -0.066988468 0.997739613 0.005313472 0.001701202 -0.058580488 -0.009249244 0.998239875 1.741953492
0.995275915 0.069176614 0.068121232 -0.036803089 -0.069673114 0.997557640 0.004936988 0.002041440 -0.067613326 -0.009659885 0.997664750 1.759399652
0.994226336 0.074507974 0.077219278 -0.035805136 -0.075077243 0.997167587 0.004491527 0.001821219 -0.076665923 -0.010263005 0.997003913 1.776432276
0.993242919 0.077987447 0.085945018 -0.034327731 -0.078638539 0.996894419 0.004211374 0.002029674 -0.085349664 -0.010941508 0.996290922 1.791560054
0.992452800 0.077498309 0.095035084 -0.032264113 -0.078320138 0.996915996 0.004942760 0.001794407 -0.094358921 -0.012348615 0.995461643 1.806307316
0.991477013 0.076119103 0.105731130 -0.030528620 -0.076827809 0.997040868 0.002640173 0.001937232 -0.105217271 -0.010740761 0.994391203 1.820108056
0.990285933 0.074640535 0.117314465 -0.028288081 -0.074889004 0.997189224 -0.002294886 0.001974434 -0.117156006 -0.006512969 0.993092120 1.833327770
0.988632739 0.075446457 0.130049556 -0.025525942 -0.075247265 0.997143984 -0.006451919 0.001855127 -0.130164906 -0.003407294 0.991486430 1.847199440
0.986239314 0.077422485 0.146074399 -0.024107754 -0.076983906 0.996994853 -0.008661507 0.001639141 -0.146306008 -0.002703062 0.989235699 1.860518098
0.983578622 0.079325177 0.162112951 -0.021270812 -0.078747556 0.996844530 -0.009995815 0.001188660 -0.162394375 -0.002934327 0.986721575 1.873514414
0.980521202 0.080231227 0.179279372 -0.018419296 -0.079492405 0.996771336 -0.011312981 0.000933584 -0.179608166 -0.003158731 0.983733237 1.886978626
0.977176309 0.078793600 0.197276682 -0.015562892 -0.077773020 0.996887147 -0.012927923 0.000862831 -0.197681218 -0.002709942 0.980262637 1.898949862
0.973217010 0.077589102 0.216399595 -0.011832893 -0.076480195 0.996979594 -0.013507111 0.000623126 -0.216793984 -0.003404933 0.976211429 1.910869718
0.968376279 0.078043997 0.236974031 -0.008378565 -0.076647505 0.996943593 -0.015114943 0.000409098 -0.237429395 -0.003526518 0.971398473 1.924318194
0.962912560 0.080443606 0.257542640 -0.003654778 -0.078569286 0.996753633 -0.017578032 0.000213478 -0.258120626 -0.003308838 0.966107011 1.936687589
0.956570089 0.081465997 0.279887497 0.001236439 -0.079019561 0.996671736 -0.020033436 -0.000150003 -0.280587971 -0.002953199 0.959823787 1.948356748
0.948928058 0.082882799 0.304410845 0.004986882 -0.080131449 0.996551454 -0.021543302 -0.000444386 -0.305146664 -0.003949838 0.952297151 1.961170197
0.940145612 0.085574791 0.329853415 0.010147631 -0.082640581 0.996315479 -0.022935392 -0.000561949 -0.330600828 -0.005696672 0.943753481 1.973063350
0.930053830 0.087559775 0.356837809 0.016269147 -0.084321938 0.996133506 -0.024653446 -0.001018543 -0.357616782 -0.007160230 0.933840990 1.986373305
0.918468535 0.088225991 0.385527611 0.022368252 -0.084705524 0.996062875 -0.026144138 -0.001898807 -0.386316389 -0.008643750 0.922325730 1.998180866
0.905703425 0.086521074 0.414988399 0.029317737 -0.082020670 0.996217430 -0.028693369 -0.002424296 -0.415901333 -0.008049942 0.909374058 2.010138988
0.890592754 0.083729520 0.447027922 0.037142515 -0.077838600 0.996466100 -0.031566583 -0.003181737 -0.448091328 -0.006683056 0.893962741 2.022107601
0.873072445 0.082664654 0.480531931 0.045503259 -0.074381113 0.996569157 -0.036295086 -0.003788628 -0.481883615 -0.004054255 0.876225829 2.033454895
0.853209674 0.084703416 0.514644086 0.053824127 -0.073568493 0.996404290 -0.042028025 -0.004193917 -0.516353488 -0.002002875 0.856373191 2.045073032
0.831195652 0.086546332 0.549202502 0.063676059 -0.072654605 0.996247530 -0.047034323 -0.004816577 -0.551212311 -0.000807366 0.834364653 2.056546211
0.806481361 0.089017510 0.584520042 0.074047744 -0.073020756 0.996028841 -0.050937720 -0.005712636 -0.586733162 -0.001601758 0.809778810 2.068236113
0.778651834 0.093212359 0.620493948 0.084621370 -0.075715840 0.995636046 -0.054552168 -0.006475441 -0.622871101 -0.004504082 0.782311499 2.079821348
0.748319626 0.097513177 0.656131804 0.096765637 -0.078794315 0.995199859 -0.058039833 -0.007301033 -0.658641994 -0.008267108 0.752410948 2.092099190
0.714922071 0.098476492 0.692234516 0.110139310 -0.077904470 0.995086551 -0.061102152 -0.008440919 -0.694850504 -0.010244880 0.719081283 2.103902102
0.678080380 0.096234627 0.728660285 0.125588834 -0.073771223 0.995296001 -0.062798947 -0.009564787 -0.731276155 -0.011171422 0.681989968 2.116388083
0.638685048 0.095159829 0.763561487 0.141965151 -0.070614666 0.995384634 -0.064985089 -0.010718971 -0.766221344 -0.012413636 0.642456830 2.127900600
0.596068442 0.094865210 0.797309875 0.159881473 -0.068211295 0.995389104 -0.067438252 -0.011866331 -0.800031066 -0.014187720 0.599790812 2.139361858
0.549915612 0.094275609 0.829882562 0.180212498 -0.063351542 0.995454967 -0.071105391 -0.013248019 -0.832814217 -0.013472373 0.553388774 2.150633574
0.501735687 0.093135133 0.859992504 0.200425982 -0.059569836 0.995546758 -0.073061198 -0.014876455 -0.862967372 -0.014572199 0.505049407 2.160501003
0.452135354 0.091093406 0.887285471 0.220588565 -0.056812253 0.995692372 -0.073273122 -0.016568102 -0.890138149 -0.017279314 0.455362886 2.169937134
0.402563035 0.087771967 0.911174536 0.243738890 -0.055274919 0.995906830 -0.071513265 -0.018975239 -0.913721919 -0.021576501 0.405766815 2.178545475
0.352975339 0.088686533 0.931419909 0.270810962 -0.059029758 0.995625138 -0.072429739 -0.020200446 -0.933768630 -0.029415581 0.356666237 2.187031269
0.302777380 0.089791432 0.948822081 0.296441734 -0.055671338 0.995518327 -0.076445319 -0.020822577 -0.951434016 -0.029676279 0.306419253 2.194736719
0.257020324 0.085838735 0.962586224 0.322448492 -0.044224530 0.996048689 -0.077014349 -0.023606796 -0.965393543 -0.022775672 0.259800941 2.198219538
0.213054940 0.080079503 0.973752916 0.350751728 -0.029969869 0.996702135 -0.075409465 -0.025624469 -0.976580441 -0.013116886 0.214752257 2.202622890
0.170618981 0.078430638 0.982210636 0.379880637 -0.020320777 0.996895194 -0.076073289 -0.028176490 -0.985127509 -0.006979732 0.171683043 2.205845356
0.131804183 0.080669910 0.987987995 0.408581823 -0.016549543 0.996723294 -0.079175368 -0.029288661 -0.991137624 -0.005915106 0.132707372 2.208805323
0.098968036 0.081290953 0.991764724 0.438541353 -0.007383360 0.996690154 -0.080957890 -0.031919673 -0.995063305 0.000689688 0.099240676 2.210776567
0.070077494 0.079826176 0.994342566 0.469960570 0.000052600 0.996792853 -0.080026589 -0.034123048 -0.997541547 0.005660365 0.069848530 2.211586714
0.046136655 0.077938706 0.995890021 0.501838326 0.007265681 0.996899068 -0.078354292 -0.036642455 -0.998908699 0.010850823 0.045427307 2.211369276
0.025459586 0.077536367 0.996664405 0.534541011 0.012186510 0.996889412 -0.077865168 -0.038108148 -0.999601543 0.014128277 0.024435490 2.211763144
0.009224443 0.079343408 0.996804714 0.568113565 0.014936339 0.996724963 -0.079475291 -0.040329594 -0.999845862 0.015621728 0.008009132 2.211975098
-0.004354729 0.078902997 0.996872723 0.601803303 0.015757333 0.996763885 -0.078825518 -0.042960119 -0.999866307 0.015364795 -0.005583938 2.211586237
-0.015830830 0.079858862 0.996680498 0.636664510 0.017701946 0.996671498 -0.079576984 -0.045371886 -0.999717951 0.016383413 -0.017191796 2.210713148
-0.024847975 0.082582377 0.996274412 0.671442270 0.021817761 0.996389568 -0.082047775 -0.048041478 -0.999453127 0.019697756 -0.026560033 2.209043026
-0.031738978 0.084261186 0.995938122 0.707673192 0.026089981 0.996170342 -0.083449394 -0.050658748 -0.999155581 0.023335405 -0.033815801 2.207917213
-0.035901099 0.083934180 0.995824337 0.744443119 0.026648492 0.996192813 -0.083004504 -0.053189903 -0.999000013 0.023557262 -0.038001142 2.205893517
-0.039011363 0.081505351 0.995909095 0.782684684 0.024529655 0.996445596 -0.080588393 -0.055490009 -0.998937726 0.021285441 -0.040871996 2.203961849
-0.042233232 0.074621201 0.996317208 0.821207762 0.022304460 0.997028828 -0.073729031 -0.058257513 -0.998858929 0.019108497 -0.043772135 2.203243971
-0.042746216 0.069274664 0.996681333 0.859649539 0.023847861 0.997379720 -0.068300411 -0.060609411 -0.998801410 0.020849135 -0.044286266 2.200874090
-0.043476373 0.066380538 0.996846676 0.900101721 0.026288077 0.997520685 -0.065278895 -0.063240781 -0.998708546 0.023367096 -0.045113605 2.199036360
-0.043303285 0.068397768 0.996717870 0.940494180 0.029601429 0.997303545 -0.067151889 -0.066321746 -0.998623252 0.026596377 -0.045211192 2.197292328
-0.042094793 0.076038927 0.996215820 0.980945468 0.030445220 0.996734202 -0.074792050 -0.068376184 -0.998649657 0.027181650 -0.044272348 2.195139885
-0.039978854 0.083920173 0.995670199 1.020655513 0.031728730 0.996070921 -0.082679942 -0.071121790 -0.998696625 0.028285898 -0.042484455 2.193684816
-0.038080722 0.084931806 0.995658755 1.061625481 0.032129951 0.995970368 -0.083729506 -0.073405057 -0.998757958 0.028801985 -0.040656123 2.192658663
-0.036015168 0.080286153 0.996121049 1.104494572 0.031548724 0.996362150 -0.079164945 -0.076851852 -0.998853087 0.028575212 -0.038417071 2.191362143
-0.033516448 0.074064463 0.996690094 1.148289442 0.031056128 0.996845961 -0.073031701 -0.079690687 -0.998955548 0.028505577 -0.035710886 2.189689398
-0.030931236 0.071903884 0.996931791 1.191553712 0.028695149 0.997061849 -0.071022950 -0.083320186 -0.999109447 0.026410289 -0.032903649 2.189175367
-0.027484944 0.078026675 0.996572375 1.232339025 0.036474735 0.996363342 -0.077004366 -0.085878350 -0.998956561 0.034233265 -0.030230995 2.187669754
-0.024284061 0.083129078 0.996242881 1.274887204 0.038000349 0.995893300 -0.082173631 -0.089263745 -0.998982608 0.035862058 -0.027343264 2.186074972
-0.022425193 0.083486773 0.996256471 1.317701578 0.031876817 0.996060193 -0.082752787 -0.092552058 -0.999240220 0.029901732 -0.024998130 2.186471701
-0.018457521 0.080047138 0.996620238 1.360532045 0.027432291 0.996455312 -0.079525851 -0.095314085 -0.999453247 0.025871728 -0.020587970 2.185408592
-0.014041337 0.076325499 0.996984065 1.404224038 0.031168809 0.996631384 -0.075859509 -0.098907426 -0.999415517 0.030009642 -0.016373010 2.184569120
-0.010008948 0.077604882 0.996933877 1.446743011 0.035763931 0.996373773 -0.077202238 -0.102030262 -0.999310136 0.034881566 -0.012748111 2.183563471
-0.007703881 0.081926167 0.996608615 1.489441276 0.035387620 0.996036232 -0.081605576 -0.105663680 -0.999343991 0.034638923 -0.010572517 2.183670044
-0.003872956 0.082794882 0.996559083 1.533038616 0.031199157 0.996091545 -0.082634777 -0.108774059 -0.999505758 0.030771758 -0.006440948 2.183580160
0.000216814 0.082296178 0.996607840 1.575618863 0.030624894 0.996139944 -0.082264200 -0.112109989 -0.999530911 0.030538844 -0.002304335 2.183450937
0.003231298 0.079162285 0.996856511 1.619125843 0.034674983 0.996253431 -0.079226784 -0.115581788 -0.999393463 0.034821980 0.000474242 2.184230566
0.007251939 0.079727277 0.996790469 1.662214518 0.038808957 0.996043205 -0.079949871 -0.118736014 -0.999220431 0.039264176 0.004129113 2.183615208
0.010434015 0.080704994 0.996683478 1.705039620 0.042068519 0.995819747 -0.081075482 -0.122042596 -0.999060214 0.042774938 0.006995257 2.183987379
0.013371565 0.080197401 0.996689260 1.747680306 0.042465188 0.995833576 -0.080698252 -0.125635654 -0.999008358 0.043403655 0.009910256 2.184387207
0.017040348 0.078826807 0.996742666 1.792079806 0.043523744 0.995884001 -0.079502985 -0.128955722 -0.998907030 0.044736732 0.013539371 2.184818506
0.020300770 0.077819943 0.996760666 1.835133433 0.045695551 0.995852172 -0.078679651 -0.132406354 -0.998749137 0.047144789 0.016660541 2.186562061
0.022965860 0.078552522 0.996645391 1.878181696 0.044098418 0.995858431 -0.079506658 -0.135157257 -0.998763144 0.045776431 0.019406699 2.187377930
0.026256489 0.080376990 0.996418655 1.923180699 0.041018128 0.995836318 -0.081410863 -0.138235867 -0.998813272 0.043008808 0.022850251 2.188544273
0.029886864 0.080714993 0.996289015 1.966771841 0.042409863 0.995734394 -0.081942268 -0.141116396 -0.998653114 0.044701479 0.026336262 2.189023972
0.032205742 0.080245182 0.996254683 2.010355711 0.040041395 0.995868027 -0.081508443 -0.144624680 -0.998678863 0.042516474 0.028859537 2.190727949
0.034379333 0.080375008 0.996171594 2.055256128 0.038683768 0.995906889 -0.081688680 -0.148341924 -0.998659909 0.041344076 0.031129405 2.192591667
0.037014455 0.080379434 0.996076822 2.099883080 0.035651393 0.996019125 -0.081699610 -0.151795805 -0.998678565 0.038535591 0.034001466 2.195097446
0.040615369 0.082729802 0.995744050 2.143103123 0.034740232 0.995846868 -0.084155373 -0.154560775 -0.998570681 0.038010381 0.037572641 2.196890593
0.043547377 0.086081572 0.995335996 2.188175440 0.032854654 0.995618701 -0.087543480 -0.158738196 -0.998511016 0.036513697 0.040528413 2.199515104
0.046810038 0.087945133 0.995024860 2.233228207 0.032676585 0.995448887 -0.089519851 -0.162434876 -0.998369217 0.036704440 0.043723252 2.201629877
0.049813859 0.090152070 0.994681537 2.278086185 0.026471060 0.995448947 -0.091547303 -0.166123331 -0.998407722 0.030890595 0.047200721 2.204253912
0.053194348 0.089011684 0.994609177 2.323646784 0.022551972 0.995658159 -0.090311721 -0.169765726 -0.998329580 0.027234469 0.050956003 2.206241131
0.055780500 0.089776672 0.994398654 2.368683338 0.024734924 0.995519340 -0.091265351 -0.173693493 -0.998136640 0.029687200 0.053309940 2.210158110
0.060271885 0.090930186 0.994031727 2.413990021 0.023732422 0.995430112 -0.092497103 -0.177517772 -0.997899830 0.029165750 0.057838455 2.212369442
0.063197896 0.092363887 0.993717730 2.459666252 0.019570256 0.995401978 -0.093765050 -0.181188270 -0.997809052 0.025373062 0.061099734 2.216449738
0.067503072 0.090127125 0.993639946 2.506152153 0.018445138 0.995628595 -0.091560595 -0.185210437 -0.997548521 0.024508446 0.065545589 2.219965935
0.072381005 0.089729987 0.993332505 2.551990747 0.018312907 0.995657384 -0.091274403 -0.189502388 -0.997208893 0.024797335 0.070423469 2.223574877
0.077002697 0.094045818 0.992585480 2.597702503 0.015180196 0.995315373 -0.095482118 -0.193110049 -0.996915340 0.022420023 0.075214334 2.227528811
0.082739517 0.102184445 0.991318524 2.643974781 0.013196215 0.994529784 -0.103616849 -0.197687030 -0.996483862 0.021654861 0.080938444 2.232242823
0.090406850 0.107513323 0.990084589 2.690775394 0.011193314 0.993983150 -0.108958773 -0.201881960 -0.995841980 0.020932944 0.088659450 2.235770226
0.097522169 0.109966017 0.989139497 2.735918999 0.007024019 0.993776143 -0.111174010 -0.206472248 -0.995208561 0.017789662 0.096142799 2.241494656
0.104257874 0.108247660 0.988641858 2.782701969 0.003506311 0.994013071 -0.109205492 -0.211305365 -0.994544148 0.014852017 0.103254117 2.247305870
0.112215854 0.106406681 0.987970233 2.830698013 0.003500995 0.994201601 -0.107475430 -0.216137841 -0.993677676 0.015519330 0.111192651 2.252778053
0.119486980 0.102945052 0.987484276 2.877626896 0.002501302 0.994575500 -0.103986971 -0.221030667 -0.992832601 0.014895087 0.118581325 2.258647680
0.126816630 0.097278424 0.987144649 2.924379349 -0.000277054 0.995182931 -0.098034978 -0.225890189 -0.991926074 0.012158973 0.126232713 2.264725685
0.133861333 0.090057507 0.986899555 2.973374367 -0.002089076 0.995885730 -0.090594158 -0.230012238 -0.990997851 0.010065346 0.133498758 2.272776127
0.141729772 0.087500624 0.986030579 3.019971371 -0.002296872 0.996112049 -0.088065110 -0.234260589 -0.989902675 0.010216663 0.141379729 2.279259682
0.148600802 0.089339249 0.984853446 3.067159414 -0.002533107 0.995941818 -0.089962915 -0.238478422 -0.988894045 0.010873823 0.148224100 2.287175417
0.154405385 0.096125275 0.983320355 3.112677574 -0.001538391 0.995278001 -0.097052641 -0.242305845 -0.988006353 0.013472721 0.153824180 2.294741392
0.159083024 0.099485926 0.982239902 3.157683849 -0.003828817 0.994964540 -0.100154623 -0.246668071 -0.987257779 0.012172084 0.158662885 2.302576303
0.164501086 0.102510750 0.981035650 3.203283787 -0.004691686 0.994655013 -0.103147157 -0.251214683 -0.986365736 0.012365108 0.164102793 2.310353994
0.169997558 0.100931749 0.980262101 3.247405291 -0.008397222 0.994853258 -0.100977875 -0.256923199 -0.985408664 0.008934514 0.169970185 2.317978859
0.175409973 0.099022344 0.979502916 3.292543888 -0.003496085 0.994985163 -0.099961437 -0.260283858 -0.984489202 0.014109804 0.174876526 2.326233625
0.180358768 0.093099847 0.979184926 3.336585760 -0.003001594 0.995557845 -0.094103694 -0.263762504 -0.983596265 0.014033306 0.179836988 2.333937168
0.183852971 0.085865371 0.979196250 3.378949881 -0.005307586 0.996249437 -0.086364239 -0.268496454 -0.982939422 0.010681152 0.183619171 2.341934204
0.186198652 0.082629532 0.979031384 3.423696280 -0.008398526 0.996554732 -0.082511216 -0.272484541 -0.982476234 0.007141050 0.186251119 2.351946354
0.188951209 0.083023861 0.978470504 3.465455294 -0.010787963 0.996534884 -0.082473375 -0.275871247 -0.981927276 0.005027740 0.189192131 2.360775948
0.192073137 0.085125424 0.977681756 3.507043362 -0.011943659 0.996359944 -0.084405281 -0.279247373 -0.981307924 0.004534887 0.192390695 2.368308067
0.193016469 0.089063823 0.977144957 3.548947811 -0.016052542 0.996025085 -0.087613828 -0.283248246 -0.981064141 0.001225251 0.193678945 2.377624989
0.194806263 0.093004853 0.976422369 3.588956356 -0.016961336 0.995664895 -0.091453753 -0.286971450 -0.980695069 0.001254334 0.195539206 2.386087656
0.196732193 0.098670699 0.975479662 3.628730297 -0.017680081 0.995118380 -0.097091496 -0.290508151 -0.980297923 0.001854460 0.197516307 2.394854069
0.198973477 0.100878865 0.974798918 3.668746471 -0.016998563 0.994893432 -0.099488676 -0.294093400 -0.979857445 0.003225423 0.199672177 2.402711868
0.200265959 0.100523263 0.974571109 3.707602501 -0.019024150 0.994933844 -0.098714337 -0.297828972 -0.979556859 0.001228732 0.201163769 2.411284447
0.200963333 0.097828411 0.974701762 3.745547533 -0.018782396 0.995202839 -0.096013501 -0.301528871 -0.979418635 0.000987959 0.201836765 2.419599533
0.201574191 0.094774254 0.974877238 3.784184694 -0.018590942 0.995498538 -0.092934951 -0.305480003 -0.979296744 0.000609402 0.202428773 2.427732944
0.201654181 0.093647547 0.974969506 3.821451664 -0.018174224 0.995605111 -0.091870613 -0.308933675 -0.979288161 0.000806778 0.202469856 2.435320854
0.199517459 0.093165629 0.975455284 3.858749390 -0.018630438 0.995650589 -0.091283873 -0.312431306 -0.979717135 0.000039569 0.200385392 2.444055557
0.198270604 0.093643762 0.975663662 3.894587278 -0.019890461 0.995605111 -0.091515653 -0.316183865 -0.979945481 -0.001261539 0.199261844 2.450856447
0.196107388 0.096196122 0.975852489 3.929750204 -0.020610031 0.995361030 -0.093977429 -0.319607556 -0.980365813 -0.001682684 0.197180256 2.458165646
0.193687484 0.100448996 0.975907326 3.964531422 -0.018180633 0.994941235 -0.098799817 -0.322866380 -0.980894744 0.001393676 0.194533899 2.465236187
0.192569301 0.100861199 0.976086140 3.999547243 -0.015897872 0.994893730 -0.099668175 -0.326237202 -0.981154621 0.003675338 0.193189457 2.471686363
0.190105096 0.099473543 0.976711452 4.033327579 -0.016687404 0.995037377 -0.098091975 -0.329583645 -0.981621921 0.002349006 0.190821663 2.478335619
0.187163532 0.096914344 0.977536380 4.066941738 -0.017327700 0.995292306 -0.095357046 -0.332722127 -0.982175946 0.000908905 0.187961698 2.485016823
0.184818685 0.092695475 0.978391349 4.101243019 -0.017014461 0.995694518 -0.091120787 -0.336377829 -0.982625306 0.000194025 0.185600132 2.492191076
0.183545217 0.091718532 0.978723109 4.132768154 -0.013275889 0.995778203 -0.090827093 -0.339560568 -0.982921600 0.003677462 0.183987930 2.497097254
0.181653470 0.092612140 0.978991866 4.164960384 -0.008923865 0.995669544 -0.092534013 -0.342734665 -0.983322084 0.008072736 0.181693256 2.503247261
0.178997681 0.095298216 0.979223132 4.196276665 -0.005248007 0.995376050 -0.095910907 -0.345259398 -0.983835518 0.012028858 0.178670123 2.509069443
0.177005813 0.096988939 0.979419231 4.227510929 -0.005560426 0.995215237 -0.097548246 -0.348155618 -0.984194219 0.011820620 0.176698163 2.514962435
0.176163405 0.100299992 0.979237616 4.259517670 -0.006249793 0.994889259 -0.100778781 -0.350644469 -0.984341145 0.011633501 0.175889879 2.520032167
0.174860463 0.098222815 0.979681611 4.291274548 -0.004308773 0.995078385 -0.098997399 -0.354127884 -0.984583795 0.013089508 0.174423099 2.526065350
0.176027775 0.096710637 0.979622960 4.323909760 0.002229959 0.995120525 -0.098641291 -0.356955647 -0.984382689 0.019548124 0.174953148 2.531116486
0.177929565 0.094900832 0.979456425 4.355868816 0.006564350 0.995202243 -0.097618945 -0.359927475 -0.984021306 0.023798794 0.176452905 2.536945105
0.180285484 0.094204158 0.979092777 4.387469769 0.009268135 0.995196283 -0.097460136 -0.362930417 -0.983570635 0.026645016 0.178546354 2.542241096
0.183466718 0.094462745 0.978476763 4.419637680 0.006037318 0.995245218 -0.097213596 -0.365725815 -0.983007371 0.023742834 0.182024091 2.548633099
0.189176708 0.094821922 0.977354109 4.451252937 0.005135430 0.995217502 -0.097549021 -0.368992358 -0.981929660 0.023473134 0.187785015 2.555190086
0.195650011 0.093247972 0.976230562 4.485388279 0.006411911 0.995326161 -0.096357018 -0.372167051 -0.980652809 0.025111755 0.194137737 2.561975956
0.202692300 0.093892448 0.974730730 4.517908573 0.004300436 0.995297670 -0.096767858 -0.374493122 -0.979233027 0.023805872 0.201335415 2.569658279
0.211630389 0.091569103 0.973050714 4.551574707 0.004281903 0.995504856 -0.094613440 -0.377903640 -0.977340341 0.024189590 0.210286990 2.576883793
0.220317185 0.091158375 0.971159339 4.585081577 0.001185842 0.995597780 -0.093721300 -0.381187350 -0.975427568 0.021800058 0.219239190 2.585317612
0.229863077 0.090734974 0.968984008 4.618680477 -0.000102928 0.995646715 -0.093207210 -0.384231627 -0.973223031 0.021325164 0.228871763 2.593952656
0.239630580 0.094574660 0.966246784 4.652867317 -0.005714484 0.995364189 -0.096007422 -0.387405276 -0.970847249 0.017484713 0.239060178 2.603037357
0.248654976 0.096958563 0.963726997 4.687651634 -0.009150461 0.995167851 -0.097760811 -0.390153050 -0.968548894 0.015490167 0.248340681 2.613263607
0.259346902 0.099355109 0.960660040 4.722442627 -0.013344527 0.994967937 -0.099300765 -0.393379211 -0.965692043 0.012933791 0.259367704 2.623405457
0.270448387 0.101032034 0.957418501 4.758299828 -0.014327765 0.994790435 -0.100928485 -0.396609217 -0.962627947 0.013578272 0.270487010 2.633341074
0.279549271 0.102264263 0.954669714 4.794710636 -0.018315446 0.994698584 -0.101188965 -0.400166988 -0.959956646 0.010802102 0.279940277 2.645149708
0.289732337 0.102365933 0.951617777 4.831509113 -0.019274198 0.994686425 -0.101130560 -0.403590024 -0.956913650 0.010959124 0.290165842 2.656843185
0.300526917 0.103064075 0.948188484 4.868649006 -0.023278898 0.994640946 -0.100735046 -0.407088369 -0.953489184 0.008200809 0.301315606 2.668874741
0.310852498 0.098658271 0.945323825 4.906379700 -0.022649610 0.995084524 -0.096403606 -0.410153985 -0.950188279 0.008556084 0.311559081 2.682173252
0.321483672 0.091890730 0.942445934 4.943509102 -0.020080864 0.995718062 -0.090234958 -0.413465440 -0.946702182 0.010083940 0.321952343 2.694795132
0.332419932 0.086684898 0.939139307 4.983600140 -0.017944621 0.996168196 -0.085597090 -0.417555392 -0.942960739 0.011601679 0.332701772 2.709833145
0.342427760 0.084162071 0.935766995 5.024152279 -0.019472061 0.996401668 -0.082490020 -0.420634776 -0.939342380 0.010025566 0.342834353 2.725321531
0.352003604 0.081923313 0.932406545 5.064408779 -0.013781354 0.996507943 -0.082352646 -0.423537344 -0.935897231 0.016138606 0.351903439 2.740394115
0.360684901 0.076625936 0.929534733 5.106268406 -0.007105225 0.996816337 -0.079415239 -0.426437944 -0.932660758 0.022039326 0.360081047 2.756682396
0.368068010 0.066733085 0.927401006 5.147938251 0.002790730 0.997337341 -0.072873078 -0.429818243 -0.929794669 0.029410381 0.366901726 2.772759676
0.375036538 0.062820330 0.924879014 5.189579487 0.007881880 0.997449040 -0.070945568 -0.432417125 -0.926976502 0.033896964 0.373584688 2.789250851
0.383155406 0.061697848 0.921620965 5.232925415 0.011165588 0.997384429 -0.071411818 -0.436275244 -0.923616409 0.037652262 0.381464362 2.806318760
0.389693320 0.069289118 0.918334365 5.274229527 0.011977216 0.996700048 -0.080284379 -0.438874424 -0.920866847 0.042285379 0.387577415 2.825307131
0.397574902 0.073152937 0.914648950 5.316151619 0.016467134 0.996087492 -0.086824179 -0.441565692 -0.917421937 0.049580760 0.394814759 2.842372417
0.402483463 0.075741313 0.912288427 5.357055664 0.013586260 0.995967209 -0.088682607 -0.445045948 -0.915326416 0.048087869 0.399831355 2.861095667
0.406996071 0.077147409 0.910166204 5.399068356 0.006886224 0.996139467 -0.087513953 -0.449052155 -0.913403869 0.041885439 0.404893547 2.880690098
0.410868347 0.080675080 0.908118248 5.439963341 0.000324846 0.996064186 -0.088634953 -0.452730387 -0.911694646 0.036712289 0.409225017 2.899989367
0.414409697 0.084137477 0.906192899 5.479585171 -0.000924628 0.995755851 -0.092030302 -0.456745982 -0.910089970 0.037300356 0.412728667 2.919826984
0.419140071 0.087881222 0.903658390 5.518446922 -0.004084080 0.995476902 -0.094916314 -0.460624874 -0.907912314 0.036092620 0.417603135 2.935980320
0.422999263 0.090600550 0.901589215 5.555488586 -0.007061642 0.995288193 -0.096703224 -0.464348108 -0.906102479 0.034538697 0.421645939 2.952548742
0.427126318 0.089260228 0.899775386 5.594595432 -0.008989214 0.995485544 -0.094487727 -0.468234748 -0.904147267 0.032269925 0.426000416 2.970568895
0.430846870 0.086433835 0.898276210 5.635782242 -0.007283865 0.995703161 -0.092314832 -0.472263634 -0.902395666 0.033230644 0.429625124 2.993091106
0.433669299 0.083807789 0.897166133 5.672658920 -0.007640806 0.995971382 -0.089344211 -0.475827366 -0.901039720 0.031890769 0.432562560 3.011757374
0.437075675 0.082880609 0.895597875 5.709434032 -0.008598031 0.996084750 -0.087983824 -0.479862690 -0.899383724 0.030755209 0.436077058 3.030803680
0.440357953 0.084754460 0.893812835 5.745443821 -0.010932983 0.995966733 -0.089054652 -0.483176410 -0.897755742 0.029443882 0.439508498 3.048720360
0.443988562 0.084922478 0.891999066 5.781713963 -0.009825051 0.995900095 -0.089923970 -0.487001479 -0.895978510 0.031161288 0.443002611 3.065740585
0.446227700 0.083902128 0.890977740 5.817627907 -0.008235598 0.995938301 -0.089661486 -0.490229458 -0.894881546 0.032671709 0.445106179 3.083975077
0.448180616 0.083335415 0.890050173 5.852291107 -0.006563730 0.995925248 -0.089943364 -0.493209958 -0.893918812 0.034468830 0.446901321 3.101176739
0.449855477 0.081849575 0.889342844 5.886222839 -0.006807378 0.996076941 -0.088229343 -0.496989459 -0.893075407 0.033636369 0.448647827 3.118253469
0.451749742 0.081123658 0.888448715 5.921216488 -0.004413661 0.996048212 -0.088704288 -0.499819338 -0.892133713 0.036150832 0.450322568 3.137097359
0.453778118 0.082869813 0.887253046 5.953647137 -0.005695079 0.995915890 -0.090106279 -0.503546774 -0.891096473 0.035835281 0.452396750 3.154182434
0.457826227 0.082356527 0.885218859 5.986281872 -0.002712796 0.995824933 -0.091243736 -0.507197559 -0.889037609 0.039372362 0.456138134 3.169301271
0.460323900 0.082504533 0.883908868 6.017484188 -0.001609781 0.995747983 -0.092105314 -0.510190547 -0.887749553 0.040975377 0.458499432 3.186414957
0.463541210 0.080677681 0.882394910 6.049011707 0.001834033 0.995756805 -0.092005864 -0.513035774 -0.886073470 0.044266846 0.461426318 3.203044176
0.467083991 0.079852909 0.880599856 6.079998970 0.002521597 0.995789528 -0.091635816 -0.516616106 -0.884209335 0.045022141 0.464915931 3.218711853
0.469562978 0.079403788 0.879321098 6.110645771 0.003358569 0.995779753 -0.091713652 -0.519977093 -0.882892549 0.046018589 0.467314631 3.236854553
0.473819047 0.078284055 0.877135694 6.139281273 0.003933686 0.995842755 -0.091003567 -0.522834301 -0.880613387 0.046569590 0.471541315 3.250494957
0.477019697 0.077985927 0.875425875 6.169456005 0.005153798 0.995790184 -0.091516718 -0.525797129 -0.878877521 0.048167042 0.474609584 3.267336845
0.480780363 0.078988820 0.873276055 6.198458672 0.004985039 0.995671868 -0.092804164 -0.529029727 -0.876826882 0.048971731 0.478305668 3.284222364
0.484878331 0.079340108 0.870975494 6.228592396 0.007844387 0.995442033 -0.095045231 -0.531736732 -0.874546409 0.052917648 0.482045949 3.301274776
0.490376294 0.082428627 0.867603958 6.255727291 0.005261657 0.995218992 -0.097526908 -0.535029531 -0.871494889 0.052389927 0.487598062 3.316124201
0.496406674 0.088593505 0.863557577 6.283591747 0.002445513 0.994632006 -0.103446394 -0.537441432 -0.868086696 0.053463321 0.493525356 3.331176281
0.501920104 0.095382787 0.859638572 6.312135696 -0.002901556 0.994080603 -0.108605929 -0.541057348 -0.864909172 0.052017201 0.499225736 3.349288464
0.507559836 0.101591177 0.855606437 6.340433121 -0.008570837 0.993570685 -0.112888142 -0.544696808 -0.861573875 0.049964231 0.505167305 3.367480993
0.513808250 0.105891511 0.851344824 6.368596077 -0.012521047 0.993173122 -0.115975551 -0.548154175 -0.857813656 0.048929464 0.511626482 3.385834217
0.519251227 0.106626712 0.847943842 6.397199154 -0.016967308 0.993276894 -0.114511773 -0.551028848 -0.854453206 0.045073047 0.517569423 3.403342962
0.523889065 0.105822004 0.845187366 6.426618099 -0.024159729 0.993699551 -0.109441102 -0.554708898 -0.851443827 0.036915500 0.523144960 3.423252106
0.529408813 0.103235207 0.842062175 6.455532074 -0.029667979 0.994214237 -0.103236347 -0.557998002 -0.847847998 0.029671947 0.529408574 3.443359613
0.537189722 0.100855321 0.837409973 6.485569000 -0.035813179 0.994657457 -0.096819967 -0.561941266 -0.842700839 0.022020385 0.537931681 3.460049868
0.542373896 0.099684589 0.834202290 6.514520168 -0.039755408 0.994868755 -0.093035936 -0.564675808 -0.839195967 0.017296208 0.543553889 3.481523037
0.548890412 0.103199683 0.829499304 6.544097900 -0.044743806 0.994554281 -0.094126932 -0.567339361 -0.834695816 0.014550415 0.550518930 3.501669168
0.556285501 0.107337058 0.824029863 6.575026989 -0.048578005 0.994127452 -0.096699730 -0.570329964 -0.829570115 0.013762923 0.558232903 3.521041870
0.561559498 0.110398151 0.820038438 6.605652332 -0.051033352 0.993793726 -0.098842569 -0.573711872 -0.825861096 0.013656677 0.563708186 3.544087887
0.567516506 0.112072498 0.815698981 6.638614655 -0.054017700 0.993626535 -0.098936349 -0.578471422 -0.821588159 0.012085819 0.569953382 3.567617178
0.573642731 0.113819785 0.811159074 6.668406963 -0.056915145 0.993443668 -0.099147752 -0.579987884 -0.817125857 0.010708148 0.576359868 3.591019154
0.579149604 0.115615785 0.806981266 6.699925423 -0.063288547 0.993281186 -0.096886337 -0.583854258 -0.812760890 0.005039021 0.582575738 3.616303444
0.585852265 0.113755278 0.802394569 6.732351780 -0.064983256 0.993505478 -0.093402810 -0.587613523 -0.807808399 0.002578041 0.589439511 3.641438961
0.594434321 0.112123542 0.796288967 6.767063141 -0.064121827 0.993687630 -0.092051424 -0.590290904 -0.801583469 0.003659032 0.597871602 3.666352749
0.601663053 0.111642756 0.790909350 6.800254822 -0.065032154 0.993743300 -0.090802826 -0.594756663 -0.796098232 0.003198167 0.605158985 3.692892790
0.609474719 0.114534840 0.784488618 6.835083008 -0.070053965 0.993419230 -0.090613157 -0.597639859 -0.789704263 0.000269906 0.613487661 3.720562458
0.617628992 0.113813028 0.778190911 6.868955135 -0.069194019 0.993500173 -0.090385310 -0.602111638 -0.783419847 0.001978427 0.621489704 3.747382164
0.623187363 0.115496516 0.773497224 6.903194904 -0.072216220 0.993307829 -0.090135224 -0.604468584 -0.778731227 0.000312087 0.627357543 3.778935432
0.628868759 0.115871981 0.768828690 6.939957619 -0.072171979 0.993262947 -0.090663411 -0.606636822 -0.774154544 0.001527497 0.632994831 3.807652950
0.633586049 0.113682188 0.765274405 6.975815773 -0.071620472 0.993516505 -0.088291720 -0.611764371 -0.770349979 0.001131085 0.637620211 3.837032080
0.636772454 0.112033784 0.762869120 7.011859894 -0.067944497 0.993691921 -0.089218296 -0.614460409 -0.768052459 0.004978991 0.640367746 3.868232250
0.639635026 0.106959589 0.761200845 7.047512054 -0.063146330 0.994236171 -0.086642697 -0.619560897 -0.766080678 0.007352668 0.642702401 3.900120258
0.643559575 0.100591220 0.758757174 7.085612297 -0.055263698 0.994845748 -0.085017018 -0.623198152 -0.763398290 0.012781789 0.645801663 3.932053089
0.647894502 0.094382092 0.755860269 7.122565269 -0.049068268 0.995404363 -0.082233831 -0.627011478 -0.760148048 0.016190100 0.649548173 3.963820457
0.650645912 0.089581668 0.754078925 7.160737514 -0.043825708 0.995792091 -0.080481902 -0.630136907 -0.758115590 0.019317176 0.651834071 3.996394157
0.653670430 0.087722629 0.751677990 7.197718143 -0.043763995 0.995978534 -0.078175269 -0.634288549 -0.755512834 0.018204436 0.654880881 4.030077457
0.657379985 0.089182481 0.748263359 7.236316204 -0.043966606 0.995819807 -0.080061279 -0.637607753 -0.752275527 0.019732080 0.658553064 4.062812805
0.659936726 0.093855493 0.745435894 7.272994041 -0.050200615 0.995457828 -0.080892198 -0.641348004 -0.749642074 0.015962396 0.661650836 4.097368240
0.662923515 0.098550402 0.742172599 7.311695099 -0.056444075 0.995056272 -0.081712924 -0.644069552 -0.746556342 0.012278164 0.665208817 4.133601189
