0.999990821 -0.002680629 -0.003349069 -0.000082199 0.002674258 0.999994636 -0.001905538 -0.000522837 0.003354159 0.001896564 0.999992549 0.042364758
0.999980450 -0.000882101 -0.006193363 -0.001801680 0.000860908 0.999993742 -0.003423641 -0.000749124 0.006196344 0.003418242 0.999974966 0.083407208
0.999933958 -0.001554913 -0.011388968 -0.001638002 0.001499171 0.999986887 -0.004901244 -0.000874153 0.011396442 0.004883846 0.999923170 0.130552933
0.999897659 0.000183137 -0.014306246 -0.003873304 -0.000271531 0.999980867 -0.006177061 -0.000654470 0.014304842 0.006180313 0.999878585 0.170705438
0.999788344 -0.000815813 -0.020552814 -0.004014486 0.000696626 0.999982953 -0.005805566 -0.001669277 0.020557204 0.005790021 0.999771953 0.222437128
0.999695122 0.000654423 -0.024682384 -0.005915046 -0.000828509 0.999974847 -0.007043481 -0.002215290 0.024677157 0.007061784 0.999670506 0.268554151
0.999546230 0.003471960 -0.029920336 -0.007402663 -0.003689327 0.999967396 -0.007212712 -0.003138445 0.029894311 0.007319827 0.999526322 0.317819953
0.999429643 0.003776770 -0.033558946 -0.009849734 -0.003959659 0.999977767 -0.005384964 -0.003957428 0.033537857 0.005514774 0.999422371 0.365439892
0.999231577 0.003043466 -0.039074432 -0.011048861 -0.003165409 0.999990284 -0.003059278 -0.003967960 0.039064743 0.003180614 0.999231577 0.417044073
0.999116242 0.003171688 -0.041912336 -0.013730424 -0.003197826 0.999994695 -0.000556622 -0.004473677 0.041910354 0.000690158 0.999121189 0.465714961
0.998976886 0.004410429 -0.045005824 -0.016296206 -0.004451158 0.999989748 -0.000804817 -0.005363743 0.045001827 0.001004322 0.998986363 0.517894089
0.998886585 0.003768437 -0.047022831 -0.019269856 -0.003819164 0.999992192 -0.000988981 -0.005693391 0.047018744 0.001167467 0.998893321 0.568027496
0.998833001 0.001328399 -0.048277177 -0.022072844 -0.001432455 0.999996781 -0.002120858 -0.005672730 0.048274204 0.002187538 0.998831689 0.618374050
0.998687148 0.000931907 -0.051214587 -0.024028296 -0.000966463 0.999999344 -0.000649959 -0.006763881 0.051213965 0.000698603 0.998687446 0.672906339
0.998625755 -0.000317190 -0.052404650 -0.026959386 0.000262440 0.999999464 -0.001051640 -0.007414122 0.052404970 0.001036442 0.998625398 0.724516869
0.998549104 0.002108909 -0.053805415 -0.030551050 -0.002283869 0.999992371 -0.003190424 -0.008089568 0.053798281 0.003308680 0.998546362 0.775901139
0.998428166 0.001907553 -0.056013644 -0.033290084 -0.002235659 0.999980748 -0.005795534 -0.008394231 0.056001518 0.005911651 0.998413205 0.833871841
0.998339295 0.005973488 -0.057297416 -0.037149481 -0.006396329 0.999953628 -0.007199194 -0.009266972 0.057251755 0.007553731 0.998331249 0.886454582
0.998280108 0.006509206 -0.058261666 -0.040680863 -0.006910950 0.999953747 -0.006696664 -0.010014922 0.058215376 0.007087789 0.998278916 0.940837264
0.998156071 0.005854878 -0.060416166 -0.043752126 -0.006199250 0.999965608 -0.005514138 -0.010493957 0.060381800 0.005878506 0.998158038 0.998230159
0.998112977 0.006329674 -0.061078049 -0.048145950 -0.006552930 0.999972582 -0.003455648 -0.011315708 0.061054509 0.003849368 0.998127043 1.052672982
0.998035610 0.005968020 -0.062363766 -0.051044948 -0.006235533 0.999972224 -0.004095820 -0.011686364 0.062337592 0.004476647 0.998045146 1.107261539
0.997922361 0.006537744 -0.064097077 -0.055180419 -0.006878837 0.999963343 -0.005102247 -0.012633778 0.064061388 0.005532560 0.997930586 1.164473414
0.997862637 0.005338142 -0.065128081 -0.058615766 -0.005741674 0.999965549 -0.006010395 -0.013294849 0.065093748 0.006371493 0.997858882 1.219002366
0.997832417 0.004949531 -0.065619119 -0.062682770 -0.005225326 0.999978304 -0.004032025 -0.014145913 0.065597743 0.004366167 0.997836649 1.274868965
0.997826874 0.005862290 -0.065629005 -0.066768825 -0.005897754 0.999982536 -0.000346671 -0.015123568 0.065625839 0.000732981 0.997844040 1.331895113
0.997838974 0.007006586 -0.065331720 -0.070487149 -0.006828581 0.999972343 0.002947515 -0.015228791 0.065350570 -0.002495023 0.997859299 1.389384747
0.997921050 0.004667149 -0.064279772 -0.072936572 -0.004300215 0.999973595 0.005845549 -0.015553542 0.064305373 -0.005556979 0.997914851 1.446851373
0.998033762 0.005332641 -0.062451616 -0.077300429 -0.004908257 0.999963820 0.006946844 -0.016279075 0.062486418 -0.006626656 0.998023868 1.503750682
0.998124063 0.006117944 -0.060917713 -0.081319131 -0.005877235 0.999974191 0.004129763 -0.016032975 0.060941417 -0.003763988 0.998134315 1.559122324
0.998182476 0.006872933 -0.059872061 -0.085012197 -0.006933016 0.999975681 -0.000795821 -0.017060377 0.059865128 0.001209469 0.998205781 1.618532181
0.998264492 0.005915608 -0.058593065 -0.088376388 -0.006125424 0.999975443 -0.003401933 -0.017577205 0.058571495 0.003754937 0.998276234 1.675858974
0.998325169 0.003320801 -0.057757877 -0.092095226 -0.003461357 0.999991357 -0.002333657 -0.017863091 0.057749629 0.002529669 0.998327971 1.733263373
0.998290122 0.002897381 -0.058381811 -0.095024891 -0.002796955 0.999994576 0.001801791 -0.018436406 0.058386710 -0.001635419 0.998292744 1.793496490
0.998296022 -0.000589382 -0.058350410 -0.099240914 0.000856346 0.999989271 0.004550286 -0.018556550 0.058347106 -0.004592500 0.998285830 1.851921082
0.998202980 -0.006910232 -0.059522085 -0.101991728 0.007150777 0.999967098 0.003829193 -0.019024869 0.059493668 -0.004247942 0.998219669 1.909257531
0.998074591 -0.009119995 -0.061350975 -0.105414636 0.009158131 0.999957979 0.000340396 -0.020126214 0.061345294 -0.000901601 0.998116195 1.967438340
0.997987509 -0.010204280 -0.062584721 -0.109517001 0.010038433 0.999945283 -0.002963801 -0.020744111 0.062611535 0.002329584 0.998035312 2.028373957
0.997827470 -0.009822197 -0.065144449 -0.113593221 0.009620530 0.999948025 -0.003408671 -0.021441434 0.065174550 0.002774542 0.997870088 2.089213610
0.997830570 -0.009733803 -0.065111533 -0.118741736 0.009583983 0.999950707 -0.002612950 -0.021250248 0.065133743 0.001983253 0.997874677 2.148275375
0.997724116 -0.006213247 -0.067140646 -0.122295164 0.006267802 0.999980271 0.000601945 -0.022814265 0.067135580 -0.001021400 0.997743368 2.210060596
0.997640610 -0.005834785 -0.068406515 -0.125584081 0.005964438 0.999980807 0.001691229 -0.023375195 0.068395339 -0.002095245 0.997656167 2.269111633
0.997606814 -0.004414060 -0.069001436 -0.130159318 0.004688399 0.999981821 0.003814423 -0.023442827 0.068983324 -0.004128800 0.997609317 2.328881025
0.997671247 -0.004210114 -0.068076961 -0.135326445 0.004701328 0.999964118 0.007056968 -0.024043981 0.068044789 -0.007360586 0.997655213 2.388476849
0.997586310 0.001376610 -0.069424115 -0.139831543 -0.000721601 0.999955058 0.009459085 -0.024596510 0.069434009 -0.009386157 0.997542441 2.449061632
0.997561216 0.002009084 -0.069768526 -0.143773079 -0.001405146 0.999961197 0.008704307 -0.025238009 0.069783293 -0.008585043 0.997525334 2.508643866
0.997581482 0.003430325 -0.069422580 -0.148540780 -0.002950630 0.999971092 0.007011155 -0.026125753 0.069444627 -0.006789357 0.997562766 2.567366838
0.997560441 0.004199094 -0.069682509 -0.153008819 -0.003877715 0.999981225 0.004746689 -0.025498435 0.069701120 -0.004464900 0.997558057 2.626925945
0.997470379 0.003721298 -0.070987068 -0.156758860 -0.003355906 0.999980569 0.005265892 -0.026478212 0.071005285 -0.005014346 0.997463405 2.686111450
0.997382581 0.001809794 -0.072281912 -0.161485806 -0.001396150 0.999982417 0.005772782 -0.026083697 0.072291061 -0.005656756 0.997367561 2.745957136
0.997318506 0.001795211 -0.073162481 -0.166154802 -0.001281706 0.999974251 0.007065055 -0.026646787 0.073173277 -0.006952338 0.997295022 2.804010391
0.997289896 0.003329582 -0.073496178 -0.169962034 -0.003078375 0.999989033 0.003530979 -0.026893025 0.073507115 -0.003295161 0.997289240 2.860183716
0.997231245 0.004736523 -0.074211754 -0.174679697 -0.004811494 0.999988198 -0.000831469 -0.027653482 0.074206933 0.001186236 0.997242093 2.918848991
0.997153342 0.005599211 -0.075191431 -0.178962916 -0.005778261 0.999981046 -0.002163912 -0.028075045 0.075177908 0.002592228 0.997166753 2.976930618
0.997204483 0.003572163 -0.074634925 -0.183916196 -0.003522649 0.999993503 0.000795051 -0.027881078 0.074637271 -0.000529916 0.997210562 3.034511089
0.997183144 0.001998763 -0.074978523 -0.188137591 -0.001677594 0.999989152 0.004346209 -0.028883923 0.074986391 -0.004208183 0.997175694 3.088750124
0.997164369 -0.000312291 -0.075253703 -0.192596316 0.000683635 0.999987721 0.004908846 -0.029420745 0.075251244 -0.004946372 0.997152448 3.146093130
0.997178018 -0.002846532 -0.075019345 -0.197016329 0.003150959 0.999987364 0.003939929 -0.030397907 0.075007170 -0.004165193 0.997174323 3.201621532
0.997127593 -0.005806709 -0.075519256 -0.200919598 0.006017398 0.999978602 0.002562606 -0.030612800 0.075502783 -0.003009674 0.997141063 3.258469105
0.997014105 -0.007415258 -0.076864056 -0.205114752 0.007710241 0.999964058 0.003541643 -0.031020951 0.076835029 -0.004123708 0.997035325 3.314366817
0.996898413 -0.010990686 -0.077927537 -0.209629685 0.011633326 0.999902010 0.007797461 -0.031394064 0.077834211 -0.008679833 0.996928573 3.370509148
0.996891916 -0.011375383 -0.077956855 -0.213886023 0.012376543 0.999846935 0.012371376 -0.031209566 0.077804193 -0.013297758 0.996879995 3.426955223
0.996815443 -0.009960933 -0.079118595 -0.218077958 0.011188108 0.999823630 0.015082469 -0.031977177 0.078954428 -0.015919629 0.996751130 3.482649088
0.996748447 -0.008712500 -0.080104418 -0.223105326 0.009601684 0.999896348 0.010721819 -0.031874266 0.080002710 -0.011456095 0.996728837 3.537441730
0.996636093 -0.006786516 -0.081671998 -0.227791056 0.007072804 0.999969780 0.003216543 -0.032457057 0.081647702 -0.003783374 0.996654093 3.592277765
0.996558845 -0.005704197 -0.082691915 -0.232241660 0.005621065 0.999983370 -0.001238111 -0.033501387 0.082697615 0.000769033 0.996574461 3.645834208
0.996513069 -0.000606701 -0.083434001 -0.237431496 0.000556896 0.999999642 -0.000620209 -0.033455662 0.083434351 0.000571582 0.996513128 3.699031591
0.996405363 0.002054814 -0.084687576 -0.242015272 -0.001933374 0.999996960 0.001515975 -0.034302652 0.084690437 -0.001346793 0.996406436 3.752482176
0.996322036 0.004772315 -0.085554726 -0.246788144 -0.004532574 0.999985278 0.002996219 -0.035183098 0.085567787 -0.002597416 0.996329010 3.804302454
0.996240556 0.005228211 -0.086472057 -0.251886755 -0.004975968 0.999982774 0.003132324 -0.035894640 0.086486958 -0.002690266 0.996249259 3.854357958
0.996079087 0.007206944 -0.088173375 -0.256236374 -0.006890773 0.999968827 0.003889650 -0.036320284 0.088198669 -0.003266816 0.996097445 3.905255795
0.995958149 0.008681333 -0.089398272 -0.261025012 -0.008321243 0.999955773 0.004399836 -0.037416324 0.089432523 -0.003638147 0.995986164 3.955003738
0.995792866 0.007691660 -0.091309525 -0.265046030 -0.007271273 0.999961436 0.004935758 -0.037989907 0.091343969 -0.004251056 0.995810270 4.003892422
0.995742619 0.007702891 -0.091853619 -0.271049887 -0.007154583 0.999954581 0.006297154 -0.038622424 0.091897942 -0.005613171 0.995752573 4.052118301
0.995571136 0.011030332 -0.093361288 -0.275757670 -0.010206264 0.999904633 0.009299545 -0.039546803 0.093454979 -0.008305488 0.995588779 4.100246429
0.995396554 0.012401706 -0.095035598 -0.279667616 -0.011181756 0.999848247 0.013358585 -0.039862085 0.095186837 -0.012234425 0.995384216 4.147215366
0.995209217 0.014895905 -0.096625425 -0.284265548 -0.013522805 0.999798298 0.014849914 -0.039488606 0.096827157 -0.013472125 0.995209992 4.193001270
0.995068073 0.017919587 -0.097561993 -0.289870262 -0.016967710 0.999800146 0.010577646 -0.039925348 0.097732045 -0.008870075 0.995173275 4.236820698
0.994932413 0.017904466 -0.098939076 -0.294328511 -0.017722007 0.999839246 0.002722799 -0.039617717 0.098971926 -0.000955604 0.995089829 4.280084133
0.994843245 0.017285816 -0.099941052 -0.299127251 -0.017681079 0.999839008 -0.003070485 -0.040068984 0.099871881 0.004821716 0.994988680 4.321730614
0.994774878 0.018120227 -0.100472406 -0.303036600 -0.018569605 0.999821305 -0.003539141 -0.041756622 0.100390337 0.005386380 0.994933605 4.361453056
0.994652748 0.020658100 -0.101188950 -0.308382988 -0.020776927 0.999784112 -0.000120454 -0.042017527 0.101164617 0.002222205 0.994867325 4.402455807
0.994553626 0.020818263 -0.102126107 -0.312903762 -0.020751908 0.999783218 0.001712230 -0.042391691 0.102139592 0.000416407 0.994769990 4.440878391
0.994497478 0.017552616 -0.103279516 -0.316547453 -0.017754925 0.999841750 -0.001039804 -0.043852724 0.103244931 0.002867803 0.994651794 4.477696419
0.994614422 0.009621373 -0.103197992 -0.319868088 -0.010345665 0.999925435 -0.006485509 -0.044245049 0.103127904 0.007518232 0.994639695 4.514697075
0.994710565 0.005417017 -0.102574341 -0.322694570 -0.006604557 0.999915063 -0.011241281 -0.044940118 0.102504730 0.011859280 0.994661808 4.549540997
0.994981885 0.007796459 -0.099751234 -0.326367974 -0.008951460 0.999897897 -0.011136496 -0.045944966 0.099654227 0.011973530 0.994950116 4.584802151
0.995343864 0.012765259 -0.095539242 -0.330125839 -0.013606657 0.999874175 -0.008160553 -0.046555676 0.095423058 0.009422526 0.995392203 4.618672371
0.995795131 0.011127949 -0.090930559 -0.332652092 -0.011658866 0.999917924 -0.005309627 -0.047189347 0.090864018 0.006347448 0.995843053 4.651700497
0.996376395 0.007573140 -0.084716558 -0.335636288 -0.007685193 0.999969959 -0.000996667 -0.047788430 0.084706478 0.001644119 0.996404588 4.683743477
0.996996284 0.003101595 -0.077387348 -0.336492091 -0.002933190 0.999993086 0.002289714 -0.048514828 0.077393927 -0.002055845 0.996998429 4.714965343
0.997740090 0.006525672 -0.066873662 -0.338252753 -0.006397318 0.999977291 0.002133323 -0.049198426 0.066886067 -0.001700691 0.997759163 4.745421410
0.998602748 0.011970621 -0.051471174 -0.340011835 -0.011908624 0.999927938 0.001511006 -0.049579345 0.051485565 -0.000895944 0.998673320 4.775539398
0.999323785 0.017282628 -0.032453317 -0.341972828 -0.017228207 0.999849677 0.001955817 -0.049820092 0.032482248 -0.001395383 0.999471307 4.804596901
0.999829829 0.015578005 -0.009887762 -0.341864973 -0.015557354 0.999876678 0.002162014 -0.049827203 0.009920247 -0.002007819 0.999948740 4.833213806
0.999810159 0.012064289 0.015302632 -0.339193881 -0.012115957 0.999921203 0.003288153 -0.050447468 -0.015261753 -0.003472934 0.999877512 4.859551907
0.998921871 0.011058284 0.045087613 -0.336926877 -0.011301635 0.999922931 0.005145909 -0.051254742 -0.045027226 -0.005649924 0.998969793 4.886847973
0.996900499 0.010534195 0.077965438 -0.333199620 -0.011092916 0.999915719 0.006736620 -0.051866632 -0.077887900 -0.007580604 0.996933341 4.913348198
0.993286788 0.010753454 0.115177356 -0.328753471 -0.011613598 0.999909401 0.006799531 -0.051792875 -0.115093805 -0.008091507 0.993321657 4.938839912
0.987758219 0.010880308 0.155613080 -0.322710216 -0.012071598 0.999904573 0.006712476 -0.052056860 -0.155525193 -0.008508801 0.987795234 4.962570190
0.979455173 0.009714258 0.201427981 -0.316844404 -0.011353850 0.999911129 0.006986079 -0.052855674 -0.201342195 -0.009129532 0.979478419 4.986679554
0.968034029 0.012119349 0.250526011 -0.309908390 -0.013896730 0.999889255 0.005326794 -0.053464845 -0.250433683 -0.008638009 0.968095243 5.009153843
0.952823818 0.013284084 0.303233147 -0.300539613 -0.014504187 0.999893248 0.001771800 -0.053557247 -0.303177238 -0.006086364 0.952914715 5.031819820
0.933250070 0.013229285 0.358983636 -0.290470958 -0.014360411 0.999896705 0.000484524 -0.054488465 -0.358940184 -0.005607333 0.933343649 5.052674770
0.909272790 0.014240101 0.415957034 -0.277959466 -0.014521399 0.999891460 -0.002487384 -0.054147057 -0.415947288 -0.003778566 0.909380853 5.074330807
0.880429745 0.014251172 0.473962456 -0.265084505 -0.013755968 0.999895215 -0.004511993 -0.054584607 -0.473977089 -0.002547318 0.880533457 5.093622208
0.846709967 0.012986558 0.531896234 -0.251158953 -0.011136091 0.999915659 -0.006686310 -0.055142730 -0.531938136 -0.000261880 0.846783042 5.112399101
0.810088515 0.013154452 0.586160064 -0.235319138 -0.009995126 0.999912858 -0.008626258 -0.055239946 -0.586222351 0.001129289 0.810149312 5.130022049
0.770437300 0.011538444 0.637411416 -0.218454838 -0.009161402 0.999933422 -0.007027471 -0.056300566 -0.637449980 -0.000425357 0.770491719 5.146478653
0.729101121 0.010563153 0.684324324 -0.201681852 -0.010015700 0.999938548 -0.004763889 -0.056778859 -0.684332490 -0.003380630 0.729162157 5.159183502
0.684202135 0.009526941 0.729230225 -0.183625937 -0.009018669 0.999948859 -0.004601922 -0.057122767 -0.729236543 -0.003428040 0.684252977 5.172679901
0.638373017 0.008132120 0.769684136 -0.163783073 -0.005105394 0.999966979 -0.006330783 -0.057243265 -0.769710064 0.000111862 0.638393402 5.185010910
0.591081858 0.005245788 0.806594491 -0.144684315 0.000035259 0.999978721 -0.006529324 -0.058417156 -0.806611717 0.003887804 0.591068983 5.196148396
0.545296013 0.007566329 0.838209331 -0.124302626 -0.002320224 0.999969125 -0.007517079 -0.059053134 -0.838240445 0.002154198 0.545296550 5.205925941
0.497318208 0.010158440 0.867508709 -0.104198694 -0.006512952 0.999947071 -0.007975589 -0.059994344 -0.867543757 -0.001683637 0.497357935 5.216289043
0.453097522 0.011635625 0.891384959 -0.082657814 -0.007297702 0.999929726 -0.009343029 -0.060915805 -0.891431153 -0.002271760 0.453150511 5.224202156
0.409307927 0.009811462 0.912343562 -0.061706424 0.000507900 0.999939620 -0.010981343 -0.060659289 -0.912396133 0.004958130 0.409278274 5.232005596
0.370403081 0.001687203 0.928869605 -0.038765311 0.015726557 0.999843657 -0.008087358 -0.061170772 -0.928738058 0.017603502 0.370318651 5.237471104
0.334445804 -0.002688393 0.942411184 -0.016395688 0.019931395 0.999792516 -0.004221232 -0.061809447 -0.942204177 0.020195339 0.334430009 5.243443489
0.301655650 0.001718266 0.953415394 0.006535292 0.016893893 0.999831736 -0.007147060 -0.062284872 -0.953267157 0.018262846 0.301575959 5.249238968
0.270273179 0.010439723 0.962726951 0.030119777 0.005795381 0.999905467 -0.012469858 -0.062471963 -0.962766230 0.008949639 0.270187169 5.256259918
0.241728738 0.014472258 0.970235884 0.054178596 0.001665943 0.999881148 -0.015329514 -0.063437738 -0.970342457 0.005321942 0.241675898 5.261734962
0.216334864 0.016588986 0.976178229 0.078585148 0.002665109 0.999841869 -0.017581744 -0.064276844 -0.976315618 0.006405168 0.216256425 5.265833378
0.193043754 0.018287914 0.981019676 0.103839695 0.010227336 0.999734521 -0.020649314 -0.064630702 -0.981136918 0.014019440 0.192805424 5.269011497
0.173368022 0.024216026 0.984559357 0.130549490 0.016701797 0.999481559 -0.027524021 -0.065004252 -0.984715581 0.021215698 0.172873691 5.271718025
0.153139889 0.030872174 0.987722337 0.156856656 0.018997204 0.999235213 -0.034177430 -0.065004125 -0.988021791 0.023997884 0.152436316 5.275495529
0.135357529 0.031635977 0.990291715 0.184833765 0.017717334 0.999252975 -0.034343947 -0.065628923 -0.990638316 0.022194039 0.134695917 5.279317856
0.120679423 0.026654113 0.992333710 0.212860763 0.014134021 0.999491990 -0.028565260 -0.067675158 -0.992590785 0.017472900 0.120241418 5.281650543
0.105489381 0.024111342 0.994128048 0.244046748 0.014443839 0.999563456 -0.025775839 -0.068590954 -0.994315445 0.017078105 0.105095074 5.285016537
0.092445105 0.021945234 0.995475948 0.274498522 0.016828513 0.999579906 -0.023598487 -0.069288701 -0.995575488 0.018933944 0.092036977 5.286913872
0.080597118 0.020655502 0.996532738 0.306061089 0.020368507 0.999542415 -0.022365239 -0.070651263 -0.996538579 0.022100462 0.080139518 5.289134026
0.070585765 0.021239489 0.997279584 0.339102745 0.024090074 0.999445379 -0.022990670 -0.071473032 -0.997214794 0.025647361 0.070034951 5.290432453
0.062794253 0.021476561 0.997795403 0.373129129 0.025772225 0.999400079 -0.023133028 -0.072785303 -0.997693658 0.027168037 0.062203091 5.292280197
0.057170816 0.020952309 0.998144567 0.408669949 0.028315861 0.999343514 -0.022599330 -0.074210078 -0.997962832 0.029555349 0.056539997 5.293900967
0.051824883 0.023238841 0.998385787 0.444639117 0.029802766 0.999248087 -0.024805930 -0.074207902 -0.998211384 0.031040227 0.051093336 5.295218468
0.046012260 0.023937570 0.998653948 0.481832445 0.030052491 0.999227226 -0.025335953 -0.075430937 -0.998488784 0.031177808 0.045257315 5.296553135
0.042127766 0.023726935 0.998830438 0.519357443 0.033689484 0.999115765 -0.025154635 -0.076532029 -0.998544097 0.034709789 0.041291170 5.296982288
0.038516216 0.023885887 0.998972356 0.560276568 0.034444362 0.999088466 -0.025216689 -0.077801004 -0.998664141 0.035380218 0.037658367 5.299424648
0.035874814 0.023184521 0.999087274 0.601689041 0.035601806 0.999066591 -0.024462417 -0.079178497 -0.998721957 0.036446892 0.035015922 5.300392628
0.032987341 0.022264337 0.999207675 0.642378569 0.037574079 0.999017477 -0.023500554 -0.080497518 -0.998749197 0.038319524 0.032118369 5.302028656
0.032830328 0.022070069 0.999217153 0.686552763 0.043386657 0.998782337 -0.023485973 -0.081727870 -0.998518765 0.044123743 0.031832810 5.302225590
0.033314679 0.022011919 0.999202490 0.732008517 0.045384523 0.998692811 -0.023513872 -0.082800947 -0.998413980 0.046131678 0.032272130 5.304414272
0.036182281 0.022606051 0.999089479 0.776253223 0.045555573 0.998667598 -0.024246313 -0.082874835 -0.998306394 0.046391379 0.035104234 5.304936409
0.039000075 0.022420421 0.998987556 0.821939111 0.048078727 0.998548269 -0.024287535 -0.084674172 -0.998081982 0.048977267 0.037865508 5.308428764
0.043467276 0.021742683 0.998818278 0.869507074 0.048371591 0.998544872 -0.023841802 -0.086329795 -0.997883141 0.049350765 0.042352296 5.310668945
0.047465153 0.019526860 0.998682022 0.919903517 0.051200125 0.998447061 -0.021955697 -0.088761009 -0.997559905 0.052174777 0.046391673 5.313426495
0.052282460 0.018050661 0.998469174 0.971966028 0.051076483 0.998479664 -0.020725351 -0.089560091 -0.997325301 0.052081876 0.051281009 5.313986778
0.056076899 0.015832650 0.998300910 1.021998882 0.046771865 0.998734951 -0.018466819 -0.091317214 -0.997330368 0.047727961 0.055265427 5.317782879
0.061023079 0.014817008 0.998026311 1.073372841 0.046713490 0.998751760 -0.017684016 -0.092132032 -0.997042596 0.047700427 0.060254753 5.319865227
0.064669900 0.015686525 0.997783363 1.123102188 0.043705113 0.998872519 -0.018536333 -0.093611330 -0.996949315 0.044806980 0.063911401 5.323635578
0.067646042 0.019176910 0.997524977 1.178189635 0.041556090 0.998893440 -0.022021294 -0.096537873 -0.996843576 0.042942896 0.066774271 5.327511787
0.068891622 0.025164019 0.997306764 1.229425669 0.036401968 0.998952687 -0.027720112 -0.097298503 -0.996959805 0.038213614 0.067903452 5.332477093
0.068401024 0.028690223 0.997245193 1.281989813 0.032929622 0.998976767 -0.030998681 -0.098612696 -0.997114360 0.034959253 0.067386284 5.336999416
0.069058858 0.028282898 0.997211635 1.335034966 0.030717399 0.999063790 -0.030462671 -0.100655116 -0.997139513 0.032735460 0.068125427 5.340066910
0.069141671 0.026831497 0.997246027 1.388822913 0.028322631 0.999182463 -0.028847281 -0.102447152 -0.997204721 0.030239180 0.068325199 5.344393730
0.068713501 0.024718292 0.997330189 1.441868305 0.028484263 0.999236822 -0.026728043 -0.105267853 -0.997229755 0.030244788 0.067956977 5.348817825
0.069156066 0.024217421 0.997311890 1.493240356 0.026787737 0.999299705 -0.026123220 -0.107535027 -0.997246146 0.028522315 0.068458892 5.352458477
0.069776691 0.024197862 0.997269094 1.546300173 0.025298659 0.999341249 -0.026018230 -0.109881267 -0.997241795 0.027045041 0.069118544 5.355906487
0.069873124 0.025245348 0.997236490 1.598697066 0.022465184 0.999386311 -0.026873838 -0.111507714 -0.997302830 0.024280861 0.069263101 5.359954834
0.068153955 0.026405519 0.997325361 1.652527332 0.019319642 0.999427319 -0.027781416 -0.114172474 -0.997487724 0.021161385 0.067604780 5.364851475
0.065175533 0.026112089 0.997532129 1.703665018 0.016867181 0.999485850 -0.027265282 -0.116000950 -0.997731328 0.018602584 0.064701594 5.368229866
0.061260648 0.024995998 0.997808874 1.756077886 0.013977778 0.999566853 -0.025898209 -0.117816344 -0.998023927 0.015533693 0.060884733 5.371949673
0.056313101 0.022351349 0.998162925 1.808772802 0.012334511 0.999657512 -0.023080690 -0.120049581 -0.998337030 0.013611600 0.056018125 5.375233650
0.050039377 0.020715086 0.998532474 1.862117529 0.010786006 0.999715328 -0.021280147 -0.121987864 -0.998689055 0.011835025 0.049801715 5.378093243
0.043013953 0.020023175 0.998873830 1.915971160 0.010301990 0.999737024 -0.020484108 -0.124830484 -0.999021471 0.011171491 0.042796370 5.380102634
0.034886669 0.021112317 0.999168158 1.964537621 0.010268721 0.999716520 -0.021482440 -0.127285972 -0.999338448 0.011009632 0.034659978 5.380851269
0.024959737 0.022013031 0.999446034 2.016237497 0.011016297 0.999690711 -0.022293542 -0.127873912 -0.999627769 0.011566636 0.024709515 5.381933689
0.014740111 0.020761829 0.999675691 2.067689180 0.011138646 0.999719024 -0.020926962 -0.130383119 -0.999829233 0.011443501 0.014504703 5.382397652
0.004033593 0.019917490 0.999793470 2.118676662 0.010424453 0.999746561 -0.019958612 -0.131330550 -0.999937475 0.010502804 0.003824938 5.383275509
-0.007173317 0.018752033 0.999798417 2.171180487 0.011638529 0.999758005 -0.018667769 -0.134284258 -0.999906480 0.011502274 -0.007389828 5.382122517
-0.018600047 0.019375158 0.999639213 2.222261906 0.012174903 0.999742508 -0.019150622 -0.135611117 -0.999752879 0.011814308 -0.018831147 5.381290913
-0.029172977 0.020327086 0.999367595 2.274714947 0.012513931 0.999722302 -0.019968992 -0.136808425 -0.999496043 0.011923463 -0.029419251 5.379030228
-0.039911218 0.021010460 0.998982310 2.325681210 0.011810594 0.999718904 -0.020554099 -0.139431044 -0.999133468 0.010978235 -0.040148154 5.376521111
-0.050202299 0.022005921 0.998496592 2.371726751 0.012872927 0.999688506 -0.021384964 -0.140751213 -0.998656154 0.011779998 -0.050469946 5.375147820
-0.059236400 0.022734866 0.997985005 2.420500040 0.013820552 0.999663591 -0.021952769 -0.142337799 -0.998148382 0.012492302 -0.059530675 5.371175289
-0.069791116 0.023500988 0.997284770 2.469406843 0.014300132 0.999643385 -0.022555828 -0.143660784 -0.997459114 0.012687108 -0.070102297 5.369281292
-0.079119168 0.023771418 0.996581674 2.519289494 0.015334465 0.999626458 -0.022626631 -0.145662025 -0.996747255 0.013491848 -0.079454131 5.365039825
-0.087753609 0.023245670 0.995871007 2.568821907 0.016402081 0.999625921 -0.021888010 -0.147380978 -0.996007204 0.014413602 -0.088102072 5.360484123
-0.094926864 0.021956762 0.995242059 2.612617493 0.017684616 0.999636173 -0.020366928 -0.149142534 -0.995327175 0.015667111 -0.095280617 5.355856895
-0.099939823 0.020442888 0.994783401 2.659889221 0.020531083 0.999618411 -0.018479610 -0.150890142 -0.994781673 0.018577132 -0.100321390 5.350977898
-0.103418767 0.019052686 0.994455397 2.708384991 0.024356155 0.999565303 -0.016617654 -0.152117923 -0.994339645 0.022502534 -0.103837855 5.345664978
-0.106116913 0.018353263 0.994184256 2.756359100 0.025286734 0.999556124 -0.015753379 -0.153447002 -0.994032145 0.023467975 -0.106533885 5.340384960
-0.108189337 0.016348198 0.993995845 2.795002937 0.024657637 0.999601364 -0.013756584 -0.155872315 -0.993824542 0.023021271 -0.108549304 5.336122513
-0.109104156 0.016951947 0.993885696 2.840080738 0.025147673 0.999581695 -0.014288506 -0.156858429 -0.993712187 0.023434978 -0.109484807 5.331678391
-0.108567499 0.017352508 0.993937671 2.880379200 0.024948077 0.999580383 -0.014725951 -0.159111053 -0.993776083 0.023198074 -0.108954847 5.327401161
-0.105494849 0.019053498 0.994237304 2.921016216 0.025759155 0.999533415 -0.016421784 -0.160595462 -0.994086266 0.023878301 -0.105936408 5.322430134
-0.100487277 0.019618982 0.994744956 2.960640669 0.024906887 0.999541879 -0.017197546 -0.162177294 -0.994626641 0.023047861 -0.100929886 5.319622040
-0.091839872 0.021215066 0.995547712 3.001507998 0.027522052 0.999445140 -0.018759195 -0.162228405 -0.995393395 0.025676677 -0.092372805 5.314990997
-0.080521740 0.021229191 0.996526718 3.039787292 0.026685519 0.999460757 -0.019135440 -0.163468376 -0.996395648 0.025052015 -0.081044823 5.312349319
-0.066653013 0.021475470 0.997545004 3.076365471 0.025953960 0.999467373 -0.019782688 -0.165012792 -0.997438669 0.024571670 -0.067174874 5.310386181
-0.049971942 0.022814963 0.998489916 3.111114025 0.025702663 0.999437392 -0.021550255 -0.166253448 -0.998419821 0.024586948 -0.050530221 5.310460091
-0.028757788 0.025492156 0.999261200 3.145236969 0.022718195 0.999433279 -0.024842732 -0.167202741 -0.999328196 0.021986987 -0.029320627 5.309628010
-0.003686806 0.028383344 0.999590278 3.178579807 0.021138279 0.999375939 -0.028299298 -0.169299677 -0.999769688 0.021025281 -0.004284481 5.310710907
0.024221517 0.030000135 0.999256432 3.212544203 0.018816372 0.999358892 -0.030459315 -0.170641035 -0.999529481 0.019540153 0.023641493 5.313122272
0.057098255 0.028770030 0.997953892 3.245751381 0.016464647 0.999421656 -0.029754370 -0.173240155 -0.998232722 0.018129885 0.056591526 5.316460609
0.095950194 0.026827578 0.995024502 3.278577805 0.016011469 0.999465764 -0.028491309 -0.173952162 -0.995257318 0.018665552 0.095469385 5.320154667
0.138707787 0.023369219 0.990057647 3.310583591 0.014198393 0.999571919 -0.025583003 -0.175108761 -0.990231514 0.017605787 0.138316631 5.325558662
0.184456497 0.018922776 0.982658505 3.341020346 0.011670275 0.999701977 -0.021441624 -0.176434249 -0.982771397 0.015422936 0.184180677 5.332046986
0.232185632 0.015558033 0.972547114 3.372881413 0.007266530 0.999816418 -0.017729077 -0.177983582 -0.972644329 0.011183476 0.232029989 5.342317581
0.284480035 0.014071036 0.958578646 3.402564049 0.003964661 0.999866545 -0.015853705 -0.178943366 -0.958673716 0.008310499 0.284386307 5.352277279
0.338759273 0.014069140 0.940767884 3.432392120 0.002305798 0.999872744 -0.015783343 -0.179617196 -0.940870166 0.007515975 0.338683814 5.364918709
0.396746397 0.014211466 0.917818189 3.460603714 0.004014381 0.999843717 -0.017216843 -0.180782467 -0.917919457 0.010515193 0.396627307 5.378918648
0.456408650 0.017341180 0.889601350 3.486459732 0.004412366 0.999753654 -0.021752158 -0.182522744 -0.889759302 0.013853122 0.456219733 5.394345284
0.515986562 0.022003898 0.856313825 3.512201786 0.005641199 0.999561012 -0.029083988 -0.182546109 -0.856578112 0.019837584 0.515636086 5.411929607
0.573300123 0.025728632 0.818941355 3.536254406 0.001844578 0.999463737 -0.032691400 -0.183695212 -0.819343269 0.020252587 0.572945416 5.432413101
0.627648830 0.028765466 0.777964950 3.557161808 -0.002232285 0.999379456 -0.035151366 -0.184687585 -0.778493404 0.020326072 0.627323687 5.454352379
0.681718290 0.029552646 0.731017649 3.578695774 -0.003471577 0.999303281 -0.037161101 -0.185365707 -0.731606543 0.022795618 0.681345940 5.475280762
0.729275823 0.034588389 0.683345020 3.597570181 -0.006984796 0.999045789 -0.043113720 -0.181998849 -0.684184074 0.026668770 0.728821635 5.500895023
0.775175869 0.023777679 0.631297648 3.616509914 -0.005762695 0.999516070 -0.030570472 -0.188008696 -0.631719053 0.020059519 0.774937868 5.525909424
0.817766666 0.017304016 0.575289547 3.634609461 -0.004584226 0.999712110 -0.023553705 -0.189079657 -0.575531542 0.016624179 0.817610681 5.552455425
0.852791846 0.014935642 0.522037327 3.648746490 -0.007781419 0.999843419 -0.015894219 -0.190709203 -0.522193015 0.009492265 0.852774560 5.582962036
0.882197917 0.012399121 0.470715582 3.657125950 -0.008754088 0.999912322 -0.009932104 -0.190653846 -0.470797420 0.004641396 0.882229149 5.609049320
0.907477915 0.013394744 0.419886291 3.668372154 -0.012383913 0.999910116 -0.005133328 -0.191109046 -0.419917285 -0.000541453 0.907562196 5.639754295
0.927102923 0.016858593 0.374427557 3.678242683 -0.017447248 0.999846101 -0.001817723 -0.191949323 -0.374400616 -0.004847516 0.927254438 5.672116756
0.942274928 0.020451328 0.334214836 3.685064793 -0.022264708 0.999750912 0.001595515 -0.192791760 -0.334098965 -0.008944611 0.942495644 5.699051380
0.953937471 0.024403477 0.299011350 3.693129063 -0.025924448 0.999663353 0.001120484 -0.193250790 -0.298883319 -0.008820576 0.954248905 5.732278824
0.962823331 0.027159026 0.268763334 3.700502396 -0.028312696 0.999599159 0.000416669 -0.192811906 -0.268644303 -0.008010592 0.963206112 5.766764641
0.968714118 0.020994190 0.247289553 3.708592892 -0.021834439 0.999761462 0.000655693 -0.192984670 -0.247216791 -0.006034608 0.968941331 5.801002502
0.972423196 0.018302616 0.232504547 3.716048002 -0.019168474 0.999815285 0.001465060 -0.193959266 -0.232434779 -0.005881416 0.972594142 5.835875034
0.975316048 0.022203641 0.219694495 3.723059654 -0.022955071 0.999736249 0.000867871 -0.193975896 -0.219617248 -0.005889550 0.975568295 5.873857021
0.977374434 0.028083421 0.209643647 3.730177879 -0.028932797 0.999580979 0.000985112 -0.193617970 -0.209528148 -0.007028401 0.977777362 5.911355972
0.978805244 0.034810472 0.201812893 3.734514713 -0.035562664 0.999367476 0.000101461 -0.193634734 -0.201681733 -0.007276317 0.979424000 5.931785107
0.978985012 0.040218230 0.199926689 3.740470886 -0.040231772 0.999182403 -0.003996688 -0.193455979 -0.199923992 -0.004130709 0.979802728 5.970661640
0.979283512 0.041507382 0.198194876 3.748208523 -0.041109014 0.999135971 -0.006126011 -0.194523051 -0.198277920 -0.002148496 0.980143487 6.004665375
0.978855014 0.039856151 0.200635165 3.756926537 -0.038693056 0.999203980 -0.009716844 -0.195216149 -0.200862750 0.001748194 0.979617774 6.044452667
0.977925003 0.039595965 0.205170229 3.765220404 -0.037122566 0.999184430 -0.015892111 -0.196407944 -0.205632165 0.007924847 0.978597224 6.085091114
0.977206528 0.039295837 0.208622798 3.772887707 -0.035743594 0.999145091 -0.020771351 -0.196491167 -0.209260672 0.012840973 0.977775633 6.120492935
0.975933254 0.043828830 0.213619575 3.781135559 -0.040340558 0.998972356 -0.020663349 -0.197047442 -0.214305684 0.011548520 0.976698458 6.164200783
0.974504530 0.046268776 0.219545186 3.790625095 -0.043503858 0.998901606 -0.017414350 -0.197176248 -0.220109731 0.007419305 0.975446939 6.209283829
0.973639905 0.043982774 0.223809689 3.799165964 -0.042403087 0.999030232 -0.011861769 -0.199179381 -0.224114373 0.002058869 0.974560678 6.244007111
0.972813189 0.039583862 0.228183225 3.809996128 -0.039128739 0.999212921 -0.006519965 -0.199703217 -0.228261724 -0.002585814 0.973596394 6.290528774
0.972116411 0.037131742 0.231539920 3.822027683 -0.037737481 0.999286115 -0.001813947 -0.200517178 -0.231441975 -0.006974366 0.972823739 6.336700916
0.971720636 0.032590535 0.233873323 3.831338882 -0.033302214 0.999444842 -0.000906474 -0.201417074 -0.233773038 -0.006907659 0.972266674 6.373801708
0.971702874 0.028837580 0.234439492 3.842699051 -0.028564550 0.999581575 -0.004560926 -0.201770410 -0.234472916 -0.002264794 0.972120106 6.420623779
0.971744955 0.028200652 0.234342247 3.854330063 -0.026252098 0.999589980 -0.011430916 -0.202774093 -0.234568506 0.004955961 0.972087026 6.469248772
0.971884012 0.030460840 0.233481139 3.865844011 -0.026900155 0.999468446 -0.018420408 -0.203291416 -0.233918086 0.011621822 0.972186863 6.517534733
0.972485363 0.033727106 0.230509758 3.873732567 -0.029566631 0.999332011 -0.021480478 -0.204319432 -0.231080249 0.014074055 0.972832918 6.555346489
0.973174453 0.032201257 0.227803871 3.885996103 -0.029057421 0.999430776 -0.017141890 -0.204904675 -0.228226185 0.010062655 0.973556161 6.606247902
0.973500252 0.028456630 0.226908743 3.897813082 -0.026897885 0.999588668 -0.009959192 -0.205600485 -0.227098793 0.003591912 0.973865092 6.657744408
0.974149823 0.029090384 0.224022269 3.910063744 -0.028944064 0.999573350 -0.003937637 -0.206622988 -0.224041194 -0.002648262 0.974576056 6.708806992
0.974382937 0.031833518 0.222630784 3.918200970 -0.031655964 0.999489486 -0.004367012 -0.208045274 -0.222656086 -0.002792449 0.974893034 6.752377510
0.974676013 0.037519988 0.220451578 3.929421663 -0.036390483 0.999295533 -0.009183975 -0.208784774 -0.220640853 0.000929060 0.975354671 6.805676937
0.975408614 0.038666952 0.216985852 3.940139294 -0.036343358 0.999231637 -0.014690355 -0.209384918 -0.217387095 0.006443102 0.976064205 6.860688210
0.976352870 0.037238188 0.212951556 3.952202797 -0.034343224 0.999260902 -0.017278815 -0.210783660 -0.213437572 0.009556776 0.976909935 6.916020393
0.977310419 0.035199672 0.208866835 3.962021351 -0.032673229 0.999345422 -0.015534965 -0.211785600 -0.209276915 0.008358127 0.977820694 6.959840298
0.978149831 0.031382769 0.205519035 3.973817348 -0.029205529 0.999480784 -0.013619585 -0.212803572 -0.205839768 0.007319703 0.978558302 7.016215324
0.978525102 0.029991210 0.203934237 3.985527277 -0.028329421 0.999537528 -0.011063788 -0.213982210 -0.204171747 0.005048855 0.978921950 7.074206829
0.978843749 0.026691142 0.202861175 3.997471809 -0.025418749 0.999637663 -0.008875461 -0.214738593 -0.203024566 0.003531212 0.979167283 7.133393288
0.979101181 0.022474503 0.202128038 4.007734776 -0.021462834 0.999743760 -0.007195730 -0.216022372 -0.202237934 0.002707108 0.979332745 7.177029610
0.979184568 0.023079403 0.201655656 4.019495964 -0.022351963 0.999732852 -0.005883983 -0.216447636 -0.201737583 0.001254105 0.979438901 7.235987186
0.978966117 0.028537299 0.202017441 4.030788422 -0.027609333 0.999591351 -0.007410428 -0.217988729 -0.202146351 0.001676991 0.979353964 7.294504166
0.978676736 0.034063905 0.202561945 4.042001724 -0.032446578 0.999409497 -0.011300676 -0.218133777 -0.202827275 0.004487270 0.979204416 7.354486942
0.978244662 0.042656541 0.203021303 4.051860809 -0.040970802 0.999082148 -0.012500773 -0.219777644 -0.203368172 0.003910870 0.979094565 7.401876450
0.977337599 0.048796970 0.205985412 4.063904285 -0.047386233 0.998807132 -0.011779567 -0.221482411 -0.206314534 0.001751743 0.978484154 7.463050842
0.976619840 0.051228199 0.208780542 4.076660633 -0.050244313 0.998686731 -0.010016931 -0.222520590 -0.209019482 -0.000707298 0.977911294 7.523724079
0.976043403 0.051701110 0.211343661 4.090046883 -0.050548773 0.998662591 -0.010855147 -0.223871872 -0.211622253 -0.000088068 0.977351546 7.585950851
0.975757778 0.049925599 0.213082179 4.102668285 -0.048059933 0.998747289 -0.013929824 -0.224720359 -0.213510707 0.003351419 0.976935029 7.645906925
0.975764096 0.043825921 0.214391366 4.112455368 -0.042238455 0.999035716 -0.011982260 -0.226307780 -0.214709774 0.002636298 0.976674318 7.689634800
0.975945830 0.037688419 0.214730561 4.126613617 -0.035623651 0.999274373 -0.013478821 -0.227854878 -0.215082750 0.005505112 0.976580322 7.751039982
0.975676060 0.037066959 0.216060638 4.140212059 -0.034952711 0.999296427 -0.013599664 -0.229486778 -0.216412723 0.005716961 0.976285219 7.811359406
0.975332558 0.038552094 0.217347816 4.153897285 -0.037061162 0.999253213 -0.010933327 -0.230422065 -0.217607006 0.002608466 0.976032972 7.871704578
0.974834740 0.041653942 0.219002455 4.166415691 -0.041532248 0.999123812 -0.005161417 -0.231469214 -0.219025567 -0.004064138 0.975710630 7.932452202
0.974441588 0.045306727 0.220024496 4.179562092 -0.046164170 0.998933077 -0.001245760 -0.232638404 -0.219846219 -0.008943327 0.975493491 7.994493484
0.974357367 0.043876946 0.220686331 4.188982964 -0.043324143 0.999034047 -0.007346935 -0.234050483 -0.220795497 -0.002402506 0.975317180 8.033150673
0.974619865 0.038650796 0.220504418 4.202599525 -0.034664735 0.999158621 -0.021919452 -0.235801458 -0.221166089 0.013719405 0.975139678 8.092706680
0.974863291 0.037330862 0.219654083 4.222030163 -0.031223956 0.999025047 -0.031209832 -0.237009674 -0.220605016 0.023566851 0.975078464 8.175002098
0.975190282 0.034075119 0.218729615 4.230908394 -0.030006373 0.999309897 -0.021897702 -0.238168716 -0.219324797 0.014791143 0.975539863 8.212027550
0.975484192 0.027434535 0.218352765 4.243604660 -0.027860962 0.999611259 -0.001126333 -0.240110785 -0.218298763 -0.004984800 0.975869238 8.273931503
0.975900948 0.023633646 0.216930464 4.259180069 -0.027328752 0.999527812 0.014049064 -0.241987601 -0.216495991 -0.019638933 0.976086020 8.336242676
