0.999997199 0.001288843 -0.001949852 -0.000100779 -0.001288592 0.999999106 0.000129896 0.000015369 0.001950018 -0.000127384 0.999998093 0.054456074
0.999995649 0.000960806 -0.002822989 -0.001057357 -0.000958098 0.999999106 0.000960506 0.000107498 0.002823909 -0.000957797 0.999995530 0.108481936
0.999987841 0.001663524 -0.004636980 -0.001126271 -0.001652373 0.999995828 0.002407307 0.000137730 0.004640963 -0.002399615 0.999986351 0.162959173
0.999980509 0.002213110 -0.005830761 -0.001957187 -0.002196987 0.999993742 0.002770196 0.000351629 0.005836856 -0.002757332 0.999979138 0.216689572
0.999974787 0.000858529 -0.007051952 -0.002660558 -0.000837142 0.999995172 0.003035038 0.000147676 0.007054523 -0.003029058 0.999970555 0.269993901
0.999961317 0.000917525 -0.008748121 -0.003360804 -0.000894409 0.999996066 0.002645988 0.000261087 0.008750512 -0.002638061 0.999958217 0.322807461
0.999951243 0.000876195 -0.009828323 -0.004157888 -0.000848842 0.999995768 0.002786925 0.000662673 0.009830724 -0.002778446 0.999947846 0.375809252
0.999939859 0.001014203 -0.010922593 -0.004969382 -0.000962523 0.999988437 0.004735696 0.000844302 0.010927269 -0.004724897 0.999929130 0.428299010
0.999930918 0.000145730 -0.011756343 -0.005792126 -0.000057183 0.999971688 0.007531815 0.001062727 0.011757107 -0.007530622 0.999902487 0.480604857
0.999921143 0.000022477 -0.012555537 -0.006234274 0.000095320 0.999956012 0.009381388 0.001230832 0.012555197 -0.009381847 0.999877095 0.531259596
0.999915659 0.000133880 -0.012988433 -0.007758784 -0.000024469 0.999964595 0.008423509 0.001461976 0.012989099 -0.008422482 0.999880135 0.582816839
0.999899566 0.002559752 -0.013940628 -0.008476961 -0.002485054 0.999982476 0.005372929 0.001983529 0.013954135 -0.005337746 0.999888361 0.630894184
0.999887466 0.002391997 -0.014807728 -0.009475251 -0.002337388 0.999990463 0.003704076 0.002219728 0.014816446 -0.003669048 0.999883473 0.680445492
0.999866605 0.003793503 -0.015887935 -0.010324337 -0.003738745 0.999986887 0.003474787 0.002299740 0.015900908 -0.003414922 0.999867737 0.728159845
0.999848306 0.003920716 -0.016969102 -0.011713382 -0.003868293 0.999987662 0.003121082 0.002100821 0.016981129 -0.003054967 0.999851108 0.775447071
0.999803841 0.003607657 -0.019474043 -0.011999553 -0.003566807 0.999991298 0.002132036 0.002558295 0.019481566 -0.002062157 0.999808073 0.823591113
0.999771118 0.003637134 -0.021084441 -0.013897925 -0.003589543 0.999990880 0.002294509 0.002602736 0.021092596 -0.002218300 0.999775052 0.870103359
0.999728024 0.003955769 -0.022984086 -0.015212279 -0.003883946 0.999987423 0.003168744 0.002927914 0.022996331 -0.003078614 0.999730825 0.917025864
0.999667764 0.003919433 -0.025479067 -0.015522479 -0.003791090 0.999979913 0.005083575 0.003617830 0.025498480 -0.004985292 0.999662459 0.963809848
0.999622405 0.004593850 -0.027088523 -0.017812556 -0.004408963 0.999966621 0.006881061 0.003377502 0.027119230 -0.006759032 0.999609351 1.009168148
0.999562621 0.005304939 -0.029094711 -0.019235853 -0.005099555 0.999961615 0.007128811 0.003475030 0.029131413 -0.006977323 0.999551237 1.054342866
0.999477386 0.008389019 -0.031217601 -0.020822290 -0.008190262 0.999945402 0.006489223 0.003696702 0.031270336 -0.006230152 0.999491513 1.097616196
0.999393940 0.009178311 -0.033577979 -0.022129677 -0.008985418 0.999942243 0.005890992 0.004036076 0.033630103 -0.005585710 0.999418736 1.141141772
0.999353468 0.009884018 -0.034568146 -0.024193883 -0.009651060 0.999929547 0.006899525 0.004323765 0.034633916 -0.006561446 0.999378502 1.184097290
0.999309599 0.011039270 -0.035474636 -0.026221460 -0.010724180 0.999901354 0.009060141 0.004197984 0.035571158 -0.008673450 0.999329507 1.226543546
0.999274492 0.014080582 -0.035389610 -0.028496834 -0.013766364 0.999863744 0.009106933 0.005267965 0.035513017 -0.008613139 0.999332070 1.267216563
0.999251962 0.017305814 -0.034584798 -0.029710114 -0.017073983 0.999829769 0.006987419 0.005604426 0.034699831 -0.006391691 0.999377310 1.307704091
0.999284327 0.019224565 -0.032575194 -0.031928845 -0.019097496 0.999808788 0.004207477 0.005150029 0.032649849 -0.003582361 0.999460459 1.347331047
0.999338746 0.019589540 -0.030632271 -0.033366214 -0.019550921 0.999807715 0.001559783 0.006157944 0.030656930 -0.000959862 0.999529541 1.386731148
0.999407411 0.020641631 -0.027544437 -0.034285314 -0.020559300 0.999783337 0.003268842 0.005435191 0.027605943 -0.002700611 0.999615312 1.425417781
0.999378085 0.025792455 -0.024050862 -0.035853069 -0.025663445 0.999654591 0.005657367 0.005907561 0.024188474 -0.005036619 0.999694645 1.464363217
0.999357641 0.029892923 -0.019767728 -0.037400752 -0.029709456 0.999513328 0.009510470 0.005536637 0.020042405 -0.008917072 0.999759316 1.501583099
0.999264359 0.035100572 -0.015451949 -0.038205292 -0.034942769 0.999335647 0.010366622 0.005605586 0.015805557 -0.009819061 0.999826789 1.537386894
0.999200821 0.038601074 -0.010376395 -0.038868144 -0.038495861 0.999207139 0.010155249 0.006580330 0.010760171 -0.009747686 0.999894619 1.575021982
0.999095559 0.042248927 -0.004797760 -0.039232705 -0.042188197 0.999036074 0.012124136 0.006691067 0.005305366 -0.011910764 0.999915004 1.609745145
0.998889029 0.047083758 0.001936748 -0.039256431 -0.047105126 0.998804271 0.013079096 0.007163974 -0.001318619 -0.013155798 0.999912620 1.643506527
0.998672843 0.050682653 0.009149267 -0.040026296 -0.050800979 0.998621583 0.013200354 0.006789009 -0.008467626 -0.013647628 0.999871016 1.675049901
0.998393297 0.054204531 0.016514812 -0.039495073 -0.054427914 0.998427927 0.013391272 0.006726589 -0.015762981 -0.014268625 0.999773920 1.705946565
0.998022139 0.058162101 0.023854088 -0.038840193 -0.058465276 0.998214841 0.012214636 0.007430818 -0.023101073 -0.013585112 0.999640882 1.735744119
0.997508645 0.063009754 0.031721953 -0.038761843 -0.063344561 0.997944951 0.009661508 0.007567320 -0.031047992 -0.011646850 0.999450028 1.763769984
0.997047544 0.065775402 0.039622620 -0.038001128 -0.066076495 0.997794390 0.006336627 0.007726212 -0.039118435 -0.008936041 0.999194562 1.791280627
0.996700168 0.065563038 0.047857277 -0.037118986 -0.065925911 0.997806370 0.006042287 0.007887985 -0.047356151 -0.009177382 0.998835921 1.815997839
0.996413887 0.064218797 0.055093128 -0.033990227 -0.064714521 0.997877419 0.007259901 0.008103545 -0.054509960 -0.010799189 0.998454928 1.840566874
0.995734811 0.066569597 0.063879319 -0.034001775 -0.067214057 0.997706532 0.007991167 0.007969048 -0.063200854 -0.012250671 0.997925639 1.863063455
0.994942129 0.069294557 0.072721183 -0.032566547 -0.070041135 0.997513831 0.007763937 0.008264627 -0.072002389 -0.012818144 0.997322023 1.884341002
0.993922889 0.074042000 0.081455648 -0.031134978 -0.074875139 0.997166872 0.007217261 0.008124392 -0.080690488 -0.013272406 0.996650815 1.903608084
0.992825747 0.077834025 0.090768032 -0.029632732 -0.078829065 0.996860623 0.007423817 0.007899271 -0.089905255 -0.014525717 0.995844364 1.922769785
0.992054403 0.076842360 0.099615566 -0.027179509 -0.077962629 0.996928811 0.007396400 0.008243078 -0.098741256 -0.015103921 0.994998515 1.938990235
0.990936995 0.076041862 0.110731721 -0.025471196 -0.077098779 0.997009397 0.005288248 0.008093723 -0.109998420 -0.013777600 0.993836343 1.955697298
0.989706218 0.074791007 0.122016810 -0.022585988 -0.075461857 0.997148395 0.000879806 0.007940978 -0.121603064 -0.010078367 0.992527664 1.970717669
0.987986624 0.075695567 0.134731919 -0.019246787 -0.075938188 0.997106969 -0.003344889 0.007833584 -0.134595349 -0.006926592 0.990876436 1.986834526
0.985581815 0.077746302 0.150280312 -0.016863823 -0.077840298 0.996951997 -0.005265777 0.007300644 -0.150231615 -0.006508009 0.988629401 2.002343416
0.982780457 0.079391591 0.166852012 -0.014190793 -0.079296663 0.996824682 -0.007241769 0.007525578 -0.166897148 -0.006113739 0.985955358 2.016880751
0.979684293 0.079814106 0.183979481 -0.010966212 -0.079548150 0.996791780 -0.008837929 0.007600844 -0.184094638 -0.005976845 0.982890368 2.032093525
0.976137638 0.078892626 0.202314705 -0.007505447 -0.078439035 0.996865928 -0.010271529 0.007336032 -0.202491015 -0.005842945 0.979266703 2.047523260
0.972283900 0.076838776 0.220816657 -0.001868010 -0.076262265 0.997025430 -0.011148013 0.007555891 -0.221016437 -0.006000943 0.975251555 2.062341928
0.967278779 0.077630311 0.241548240 0.001132905 -0.076968119 0.996958971 -0.012190694 0.006606363 -0.241760045 -0.006799712 0.970312238 2.075529575
0.961686552 0.080051243 0.262203991 0.006660819 -0.078958005 0.996769249 -0.014720548 0.006554492 -0.262535244 -0.006546545 0.964900136 2.090094328
0.955210268 0.081330985 0.284532249 0.012147009 -0.079752140 0.996667147 -0.017150450 0.006217685 -0.284978807 -0.006309768 0.958513021 2.103905439
0.947486281 0.082920372 0.308859080 0.016629457 -0.081020951 0.996531427 -0.018994160 0.006048176 -0.309362769 -0.007027348 0.950918138 2.117454767
0.938463390 0.086289369 0.334425718 0.022520602 -0.084458299 0.996225417 -0.020042274 0.005416114 -0.334892899 -0.009436084 0.942208946 2.132919073
0.928277194 0.087579899 0.361429513 0.029454231 -0.085481688 0.996100783 -0.021823674 0.005315337 -0.361931533 -0.010637181 0.932143986 2.146479845
0.916724265 0.088286139 0.389643669 0.036404848 -0.085896432 0.996024728 -0.023590365 0.004505917 -0.390177429 -0.011843141 0.920663536 2.159800768
0.903846383 0.086659029 0.418989360 0.045036197 -0.083349168 0.996174932 -0.026236290 0.003889043 -0.419660270 -0.011208835 0.907612026 2.173225880
0.888498962 0.083942093 0.451135457 0.054150462 -0.079184964 0.996424735 -0.029450629 0.003268182 -0.451994687 -0.009556290 0.891969442 2.187377930
0.870666146 0.083352841 0.484760463 0.063153088 -0.076409563 0.996493042 -0.034106124 0.002620853 -0.485903233 -0.007345286 0.873981655 2.200451851
0.850776255 0.085159421 0.518582284 0.073829353 -0.075524330 0.996352911 -0.039713103 0.002092130 -0.520072818 -0.005378610 0.854104936 2.214411736
0.828675926 0.087085962 0.552912474 0.084569752 -0.074861281 0.996191382 -0.044706069 0.001230188 -0.554699898 -0.004344894 0.832039118 2.226694584
0.803456128 0.090081140 0.588509500 0.096010923 -0.075625159 0.995921969 -0.049195912 0.000705950 -0.590541065 -0.004979367 0.806992173 2.240220547
0.775469363 0.094212614 0.624316633 0.108885169 -0.078480944 0.995519221 -0.052747112 -0.000367515 -0.626488507 -0.008093192 0.779388607 2.254186869
0.745192766 0.098603435 0.659518719 0.124274850 -0.081681050 0.995056987 -0.056477413 -0.001367420 -0.661827505 -0.011783621 0.749563456 2.268787384
0.711537361 0.099452913 0.695574403 0.138895988 -0.080721334 0.994948149 -0.059683423 -0.002292134 -0.697996199 -0.013680712 0.715970814 2.281966209
0.674566031 0.097010769 0.731812537 0.156931996 -0.076582365 0.995175183 -0.061331064 -0.003682300 -0.734231532 -0.014672083 0.678740740 2.295995951
0.635250568 0.094966210 0.766445160 0.175440311 -0.072698347 0.995357394 -0.063075177 -0.005698130 -0.768876851 -0.015650770 0.639205396 2.308488846
0.592164636 0.094942339 0.800204277 0.196409822 -0.070457950 0.995332122 -0.065953664 -0.006621942 -0.802730799 -0.017325332 0.596089959 2.322470427
0.545686007 0.094561525 0.832637310 0.218741417 -0.065968849 0.995376647 -0.069809578 -0.008227751 -0.835389078 -0.016834034 0.549401283 2.334928989
0.496793389 0.093139485 0.862856567 0.242029905 -0.062086903 0.995491326 -0.071709707 -0.010174192 -0.865645170 -0.017947193 0.500336289 2.346865654
0.448568553 0.091553830 0.889046788 0.269058466 -0.059877876 0.995582938 -0.072313517 -0.012092397 -0.891740382 -0.020796662 0.452069253 2.357614756
0.398316801 0.088803254 0.912939072 0.295677066 -0.058532916 0.995734692 -0.071318932 -0.014393173 -0.915378392 -0.025029454 0.401815772 2.367846251
0.347973615 0.089160368 0.933254957 0.323555648 -0.061312098 0.995500445 -0.072246291 -0.015407011 -0.935497224 -0.032080013 0.351874560 2.376849890
0.297909319 0.090168133 0.950326085 0.353012979 -0.058946375 0.995366693 -0.075963065 -0.016897529 -0.952772439 -0.033388175 0.301844150 2.385304689
0.251525789 0.086195081 0.964004695 0.382820427 -0.046920426 0.995941222 -0.076808244 -0.019603487 -0.966712594 -0.025912262 0.254549176 2.389788628
0.207212090 0.080287606 0.974995911 0.414983362 -0.032311864 0.996644616 -0.075203173 -0.021953527 -0.977762282 -0.015920930 0.209110975 2.394345284
0.165164471 0.079779305 0.983034074 0.447760016 -0.022843318 0.996765018 -0.077055633 -0.023802720 -0.986001432 -0.009728903 0.166452631 2.397378683
0.126366705 0.081860669 0.988600194 0.481607676 -0.019170947 0.996604621 -0.080072962 -0.025218874 -0.991798282 -0.008833844 0.127507016 2.400437593
0.094076730 0.081838585 0.992195547 0.516331196 -0.009742989 0.996643543 -0.081281684 -0.028842684 -0.995517254 -0.002020237 0.094558336 2.402142763
0.065413564 0.080524698 0.994603813 0.551533043 -0.002231840 0.996747971 -0.080551505 -0.031380042 -0.997855663 0.003049364 0.065380558 2.402755260
0.039956350 0.078766927 0.996091962 0.589394689 0.004850644 0.996860981 -0.079022333 -0.034368780 -0.999189675 0.007989129 0.039448854 2.403792381
0.019579787 0.077569969 0.996794641 0.626866877 0.009794576 0.996923029 -0.077772349 -0.036859125 -0.999760449 0.011285944 0.018759770 2.404534340
0.004334050 0.079807810 0.996800840 0.664627314 0.012850957 0.996723413 -0.079857476 -0.039075792 -0.999908030 0.013155950 0.003294243 2.402686357
-0.009109536 0.079349414 0.996805310 0.702932596 0.013449999 0.996766150 -0.079223387 -0.042098109 -0.999868035 0.012685341 -0.010147327 2.402353525
-0.020850539 0.080342665 0.996549129 0.743783653 0.014887204 0.996680260 -0.080041744 -0.044859357 -0.999671757 0.013166917 -0.021977395 2.401030064
-0.029303344 0.083771788 0.996054053 0.783451140 0.019660914 0.996337533 -0.083217211 -0.047342826 -0.999377191 0.017144790 -0.030843046 2.398720264
-0.035938144 0.085382178 0.995699823 0.826568007 0.024156038 0.996126592 -0.084546886 -0.050633572 -0.999062002 0.021013709 -0.037861437 2.396613598
-0.040469121 0.084455617 0.995605111 0.867734730 0.024263434 0.996210575 -0.083520718 -0.053885937 -0.998886049 0.020776791 -0.042364951 2.394768238
-0.044511866 0.081943028 0.995642483 0.913112640 0.022337059 0.996462822 -0.081011921 -0.056529593 -0.998759091 0.018633734 -0.046184778 2.393384695
-0.046903361 0.074669369 0.996104717 0.957266033 0.019762130 0.997076452 -0.073811680 -0.060030941 -0.998703897 0.016223142 -0.048241854 2.391560316
-0.047922354 0.069399640 0.996437252 1.002938032 0.021804234 0.997418344 -0.068419330 -0.062853612 -0.998613060 0.018447736 -0.049311835 2.388853312
-0.048442263 0.067170836 0.996564806 1.048956037 0.024313075 0.997519791 -0.066053376 -0.065415069 -0.998530030 0.021029782 -0.049955256 2.386853695
-0.047945421 0.069114864 0.996455908 1.094984293 0.027289040 0.997321427 -0.067861870 -0.069061726 -0.998477101 0.023938660 -0.049703073 2.383560658
-0.046974137 0.076856375 0.995935023 1.141291380 0.028422672 0.996734798 -0.075577505 -0.071396597 -0.998491645 0.024756948 -0.049005225 2.381418467
-0.044842102 0.084857628 0.995383501 1.188064098 0.029496050 0.996063828 -0.083586827 -0.074384466 -0.998558581 0.025611674 -0.047168557 2.379611015
-0.042976342 0.085462451 0.995414078 1.236325026 0.029872175 0.995999098 -0.084222980 -0.077554360 -0.998629391 0.026115589 -0.045357347 2.377571583
-0.040570058 0.080846474 0.995900571 1.285396576 0.028834797 0.996400833 -0.079712436 -0.081220642 -0.998760521 0.025482655 -0.042755231 2.375367403
-0.037741229 0.074444145 0.996510744 1.334499478 0.028708074 0.996890366 -0.073385224 -0.084984615 -0.998875141 0.025838254 -0.039761014 2.373808384
-0.035313953 0.072917454 0.996712565 1.384716392 0.026759531 0.997046053 -0.071993746 -0.088462614 -0.999017894 0.024129178 -0.037160877 2.372139215
-0.031473812 0.078461900 0.996420085 1.432753086 0.034520939 0.996404588 -0.077370249 -0.091975033 -0.998908281 0.031962227 -0.034069229 2.369792223
-0.028211283 0.084003612 0.996066034 1.481872439 0.036268894 0.995892465 -0.082961753 -0.095304362 -0.998943746 0.033785757 -0.031142125 2.368514776
-0.026589952 0.084549792 0.996064425 1.531673908 0.029679243 0.996044338 -0.083755799 -0.098979831 -0.999205768 0.027335379 -0.028994141 2.368211508
-0.023203706 0.080961660 0.996447027 1.581089616 0.025070067 0.996449172 -0.080378026 -0.102673873 -0.999416351 0.023115927 -0.025151027 2.368027210
-0.017395297 0.077659003 0.996828198 1.631430626 0.029374180 0.996588409 -0.077127717 -0.106510848 -0.999417186 0.027939353 -0.019617114 2.365787506
-0.014886320 0.078403443 0.996810675 1.680962443 0.033682402 0.996394575 -0.077867717 -0.111060098 -0.999321699 0.032415804 -0.017473469 2.365296364
-0.011875317 0.082507499 0.996519685 1.728734016 0.033161767 0.996074319 -0.082075432 -0.114615887 -0.999379396 0.032071684 -0.014564792 2.364243031
-0.008014653 0.083867230 0.996444643 1.779512644 0.029431473 0.996064842 -0.083598524 -0.117774881 -0.999534607 0.028656824 -0.010451450 2.364164591
-0.004982126 0.083089679 0.996529639 1.829719543 0.029031111 0.996133983 -0.082911566 -0.122228622 -0.999566078 0.028517285 -0.007375053 2.365165949
-0.001561682 0.080105796 0.996785104 1.879525304 0.032977715 0.996248364 -0.080010995 -0.126391947 -0.999454856 0.032746743 -0.004197530 2.365113020
0.002617341 0.080644362 0.996739566 1.928701401 0.037526179 0.996032894 -0.080685727 -0.130010456 -0.999292195 0.037615009 -0.000419317 2.363806009
0.006086007 0.081652276 0.996642292 1.979127645 0.040541623 0.995821297 -0.081832580 -0.133825481 -0.999159336 0.040903535 0.002750260 2.364221811
0.008489893 0.081075773 0.996671796 2.029019356 0.040698014 0.995853841 -0.081355922 -0.138175935 -0.999135494 0.041253265 0.005155069 2.365118265
0.012983698 0.079895221 0.996718705 2.078930616 0.041420348 0.995904148 -0.080369480 -0.141538963 -0.999057472 0.042327933 0.009621231 2.363982916
0.016254904 0.078603759 0.996773422 2.129773855 0.044375055 0.995866060 -0.079255857 -0.146151751 -0.998882651 0.045520164 0.012699664 2.365497112
0.018567311 0.079360180 0.996673107 2.179410934 0.042595495 0.995877087 -0.080090314 -0.149264604 -0.998919904 0.043940842 0.015110372 2.367200851
0.021850836 0.081010103 0.996473789 2.228732347 0.039640192 0.995857716 -0.081829272 -0.152518690 -0.998975158 0.041288447 0.018549064 2.367592096
0.024549639 0.080907308 0.996419251 2.281087160 0.041398257 0.995782375 -0.081875555 -0.156968892 -0.998841047 0.043260038 0.021096678 2.369766474
0.027463825 0.081207529 0.996318758 2.332466364 0.039423507 0.995831370 -0.082254514 -0.160290152 -0.998845041 0.041537408 0.024147850 2.370782375
0.029950088 0.081450842 0.996227264 2.382760286 0.037302189 0.995889008 -0.082544610 -0.164311737 -0.998855114 0.039633673 0.026788669 2.372530460
0.032352854 0.080661200 0.996216357 2.432682753 0.034379750 0.996058524 -0.081764922 -0.169076517 -0.998885036 0.036894999 0.029452223 2.375156403
0.035490137 0.082457200 0.995962441 2.482944489 0.032892376 0.995954037 -0.083628587 -0.173136234 -0.998828650 0.035727561 0.032634333 2.377303600
0.038975429 0.086020589 0.995530665 2.534196377 0.030947149 0.995705903 -0.087247327 -0.177335784 -0.998760819 0.034209345 0.036145974 2.378899813
0.042170592 0.088060275 0.995222092 2.586744070 0.031650808 0.995490491 -0.089425176 -0.181400403 -0.998608947 0.035270687 0.039193243 2.382471561
0.045198608 0.090752222 0.994847298 2.638113022 0.025499059 0.995435834 -0.091964386 -0.184966981 -0.998652577 0.029524330 0.042678211 2.384804010
0.047912963 0.089252904 0.994855881 2.689988375 0.021325864 0.995681345 -0.090354040 -0.189603597 -0.998623788 0.025545284 0.045802645 2.387762785
0.051272672 0.090000384 0.994621038 2.742594957 0.024041880 0.995531142 -0.091322094 -0.194243744 -0.998395264 0.028594887 0.048879772 2.390684843
0.055336688 0.090911321 0.994320333 2.794628859 0.022745127 0.995473027 -0.092282541 -0.199098662 -0.998208702 0.027722547 0.053018395 2.393965006
0.059157025 0.092692345 0.993935823 2.847342730 0.018779244 0.995400071 -0.093946591 -0.202624589 -0.998072088 0.024222966 0.057144217 2.397052526
0.063026980 0.090456627 0.993903995 2.902102947 0.017328329 0.995634675 -0.091712989 -0.207243264 -0.997861385 0.023003088 0.061184384 2.401145935
0.067842722 0.090136506 0.993615985 2.954932213 0.017186269 0.995657206 -0.091495126 -0.212660268 -0.997548044 0.023283828 0.065998979 2.405048132
0.072740637 0.094626814 0.992851794 3.010311604 0.013592646 0.995302320 -0.095856242 -0.216484785 -0.997258246 0.020468123 0.071112707 2.409982443
0.078588322 0.102341242 0.991640151 3.062840223 0.012306802 0.994541228 -0.103615977 -0.221833736 -0.996831119 0.020346923 0.076899856 2.414170504
0.086611360 0.107257418 0.990451574 3.116310835 0.011471930 0.994014204 -0.108646400 -0.226702586 -0.996176124 0.020772405 0.084862500 2.418524742
0.093245409 0.110459283 0.989496887 3.171345711 0.006238398 0.993742466 -0.111521102 -0.232027262 -0.995623589 0.016571708 0.091972835 2.424907923
0.099918269 0.108735114 0.989036322 3.225270271 0.002505240 0.993980110 -0.109531723 -0.237406179 -0.994992495 0.013421995 0.099044360 2.431393862
0.109088212 0.107049182 0.988251030 3.280095577 0.002242384 0.994155228 -0.107936278 -0.243190154 -0.994029582 0.013990614 0.108210564 2.435526609
0.115278386 0.103010617 0.987977505 3.335157633 0.001259829 0.994592369 -0.103847325 -0.249243617 -0.993332386 0.013216034 0.114525251 2.443506479
0.122407980 0.097170532 0.987711549 3.390218496 -0.001921337 0.995216846 -0.097670808 -0.255429894 -0.992477953 0.010057957 0.122009195 2.450821400
0.129461929 0.090143174 0.987478495 3.446728706 -0.003170621 0.995891809 -0.090495512 -0.259492457 -0.991579354 0.008584803 0.129215881 2.459437847
0.136960685 0.087891676 0.986669540 3.500077486 -0.003948540 0.996096432 -0.088183329 -0.264475286 -0.990568757 0.008181740 0.136773050 2.467253685
0.143909320 0.089606993 0.985525608 3.554494143 -0.004071100 0.995937109 -0.089959174 -0.269670904 -0.989582539 0.008933788 0.143689424 2.476366997
0.149937749 0.096084550 0.984015465 3.607218742 -0.003588315 0.995312870 -0.096640915 -0.274368882 -0.988688886 0.010959166 0.149579763 2.483730793
0.154784948 0.100155152 0.982858360 3.659980536 -0.005906497 0.994924068 -0.100454487 -0.278881043 -0.987930536 0.009743595 0.154590830 2.492608309
0.160013482 0.102836266 0.981743574 3.712490797 -0.006473697 0.994646549 -0.103132695 -0.284193099 -0.987093568 0.010147110 0.159822568 2.501588821
0.165075749 0.101865791 0.981006324 3.763923407 -0.009368776 0.994769156 -0.101718374 -0.289799392 -0.986236393 0.007600409 0.165166602 2.510781288
0.170502290 0.099462196 0.980324566 3.816638708 -0.005768971 0.994976163 -0.099945359 -0.294852227 -0.985340416 0.011385448 0.170219511 2.520013332
0.175287694 0.093015768 0.980113387 3.867747068 -0.004826059 0.995596170 -0.093621999 -0.299219757 -0.984505475 0.011680702 0.174964622 2.529250383
0.178092703 0.086629130 0.980193019 3.918817282 -0.006866797 0.996202409 -0.086796395 -0.304302186 -0.983989775 0.008727018 0.178011224 2.539408207
0.181527063 0.083301231 0.979851365 3.968759298 -0.010179719 0.996511519 -0.082831696 -0.308661044 -0.983333230 0.005061581 0.181741804 2.549285173
0.184638679 0.083457381 0.979256570 4.018607616 -0.012323418 0.996506214 -0.082603902 -0.312847763 -0.982729137 0.003184089 0.185022071 2.559090137
0.186595678 0.085796259 0.978683352 4.067203045 -0.014231456 0.996310949 -0.084628224 -0.316615254 -0.982333720 0.001863172 0.187128305 2.569107533
0.187952742 0.089826293 0.978061855 4.114657879 -0.018458180 0.995956242 -0.087922648 -0.321214676 -0.982004642 -0.001527939 0.188850731 2.579031229
0.189865887 0.093700305 0.977328598 4.160914421 -0.018962221 0.995599866 -0.091768242 -0.325217783 -0.981626987 -0.001108662 0.190807194 2.588376045
0.191744164 0.099146828 0.976424158 4.207616806 -0.020226682 0.995072186 -0.097068369 -0.329794049 -0.981236517 -0.001137530 0.192804694 2.598633528
0.193893909 0.101319052 0.975776494 4.253821373 -0.019540289 0.994853973 -0.099417150 -0.334073305 -0.980827868 0.000209426 0.194875926 2.607667446
0.194354340 0.100939326 0.975724101 4.298609734 -0.021769961 0.994890451 -0.098585732 -0.338483840 -0.980689824 -0.002080915 0.195558712 2.618029594
0.195451975 0.098155521 0.975788891 4.343735695 -0.021620721 0.995168269 -0.095774218 -0.342854798 -0.980474949 -0.002377997 0.196629778 2.627343416
0.196620420 0.095643617 0.975803554 4.388534546 -0.022456467 0.995409071 -0.093040347 -0.347423494 -0.980222464 -0.003619467 0.197865546 2.635641575
0.196048260 0.094307683 0.976048768 4.431690693 -0.020268377 0.995541632 -0.092120036 -0.351136744 -0.980384767 -0.001722951 0.197085664 2.645223141
0.194648117 0.093389861 0.976417124 4.474208355 -0.020515675 0.995626986 -0.091137417 -0.355364978 -0.980658531 -0.002292132 0.195712879 2.653591633
0.192801788 0.094081827 0.976716995 4.517270088 -0.022329200 0.995555699 -0.091488734 -0.359782010 -0.980983615 -0.004170117 0.194045708 2.662476540
0.190385699 0.097001202 0.976905346 4.557421684 -0.022772793 0.995275021 -0.094387114 -0.363541692 -0.981445193 -0.004276904 0.191695094 2.671513319
0.188520983 0.100867637 0.976875424 4.597469807 -0.020509096 0.994898856 -0.098770738 -0.367523849 -0.981854916 -0.001414474 0.189628020 2.678652048
0.187030643 0.101424538 0.977104187 4.638253212 -0.018401666 0.994842947 -0.099743538 -0.371147245 -0.982181668 0.000674753 0.187932536 2.686351776
0.184390202 0.100329354 0.977718830 4.678397655 -0.019450754 0.994953871 -0.098429687 -0.374950230 -0.982660592 -0.000867898 0.185411230 2.694375515
0.182350993 0.097748011 0.978362560 4.717833996 -0.020245321 0.995208383 -0.095657654 -0.378593415 -0.983025134 -0.002363996 0.183456153 2.701179504
0.179707170 0.093047798 0.979309738 4.756645679 -0.019718628 0.995657265 -0.090982586 -0.383035511 -0.983522475 -0.002960422 0.180761516 2.709241867
0.178202733 0.092620157 0.979625106 4.794914246 -0.015517783 0.995700955 -0.091317251 -0.386501819 -0.983871460 0.001071371 0.178873852 2.715638638
0.176361173 0.094157428 0.979811788 4.831820488 -0.011545207 0.995543838 -0.093591154 -0.389873505 -0.984257936 0.005193715 0.176662341 2.722627401
0.173925191 0.095754348 0.980092466 4.868070126 -0.007557590 0.995361805 -0.095905013 -0.393568963 -0.984729946 0.009273159 0.173842162 2.728584051
0.172087282 0.098058760 0.980189025 4.905715942 -0.008110628 0.995140493 -0.098130576 -0.396296233 -0.985048413 0.008937078 0.172046319 2.735137224
0.170986906 0.100334503 0.980151236 4.942122459 -0.008550756 0.994915009 -0.100354157 -0.400180280 -0.985236168 0.008778210 0.170975387 2.741362810
0.170354426 0.098690204 0.980428159 4.979680538 -0.007234340 0.995070398 -0.098907061 -0.403834999 -0.985356271 0.009756506 0.170228601 2.747447491
0.170989469 0.096986070 0.980487823 5.016463280 -0.001147261 0.995162368 -0.098237544 -0.407352805 -0.985272169 0.015672712 0.170273557 2.753645420
0.172401384 0.095803030 0.980356872 5.052916527 0.003467132 0.995193899 -0.097862676 -0.410240889 -0.985020697 0.020270683 0.171240643 2.760442019
0.175101325 0.095076129 0.979949057 5.090868950 0.006060549 0.995203435 -0.097639069 -0.414006859 -0.984531760 0.023035761 0.173685253 2.766578436
0.178200439 0.094430134 0.979452729 5.127250671 0.002817480 0.995331645 -0.096473649 -0.417834878 -0.983990133 0.019951236 0.177102491 2.773749113
0.183099389 0.095583655 0.978436708 5.165719986 0.002202515 0.995219827 -0.097635366 -0.420864165 -0.983091950 0.020031992 0.182013616 2.782286882
0.190210149 0.094412580 0.977193058 5.203843594 0.003520865 0.995293081 -0.096846662 -0.424233645 -0.981737077 0.021861780 0.188982457 2.789485455
0.196914345 0.094815634 0.975825131 5.241987228 0.001664934 0.995278895 -0.097041823 -0.427226514 -0.980419219 0.020733610 0.195826843 2.799032211
0.205939621 0.092127502 0.974218309 5.280961990 0.002083310 0.995514929 -0.094581820 -0.431394935 -0.978562474 0.021507742 0.204824015 2.806460857
0.214714691 0.091910802 0.972342551 5.320484161 -0.001792375 0.995597541 -0.093713194 -0.435316861 -0.976675153 0.018378796 0.213934138 2.816118717
0.224348858 0.091984645 0.970157921 5.359297276 -0.003369867 0.995602667 -0.093617849 -0.438504547 -0.974503040 0.017733760 0.223672241 2.825908184
0.233791530 0.095380880 0.967596948 5.399037838 -0.008463262 0.995338619 -0.096070588 -0.442314327 -0.972249925 0.014271463 0.233508945 2.836780787
0.242732361 0.097788975 0.965151906 5.438921928 -0.012184724 0.995135248 -0.097762451 -0.445559829 -0.970016778 0.011969999 0.242743060 2.848682880
0.254022926 0.100542597 0.961958170 5.481239796 -0.016325084 0.994886220 -0.099673264 -0.449265897 -0.967060328 0.009615246 0.254365325 2.859132051
0.263940543 0.102030098 0.959127307 5.522407055 -0.017434500 0.994731605 -0.101019844 -0.453150004 -0.964381337 0.009941328 0.264328837 2.872175932
0.274041623 0.102803953 0.956207335 5.565118790 -0.020858128 0.994671643 -0.100961544 -0.457214653 -0.961491644 0.007722975 0.274725646 2.884413719
0.284270972 0.103529423 0.953137815 5.608120918 -0.023004899 0.994602859 -0.101172209 -0.461297840 -0.958467960 0.006833481 0.285118371 2.897868633
0.294542849 0.104109503 0.949950337 5.651288509 -0.026060734 0.994553447 -0.100917332 -0.465143412 -0.955282867 0.004968076 0.295651674 2.912306309
0.305472046 0.099525928 0.946985424 5.695874691 -0.025702285 0.995021999 -0.096283592 -0.468856394 -0.951854050 0.005072258 0.306509405 2.926822424
0.315664947 0.092420228 0.944359124 5.740822315 -0.022420218 0.995693922 -0.089949854 -0.472717822 -0.948605835 0.007221282 0.316377699 2.942574501
0.325918555 0.088369235 0.941258788 5.785821915 -0.021556625 0.996057630 -0.086049803 -0.476734668 -0.945152104 0.007754871 0.326538533 2.959795952
0.337152898 0.084479310 0.937651932 5.832813263 -0.021769963 0.996399105 -0.081944376 -0.480910271 -0.941198170 0.007215138 0.337777913 2.976001740
0.346670300 0.082012668 0.934394836 5.879265785 -0.015859459 0.996540308 -0.081583217 -0.484470487 -0.937852919 0.013463485 0.346771598 2.993432760
0.355509758 0.077077128 0.931489050 5.927993774 -0.009292076 0.996836245 -0.078937955 -0.487333834 -0.934626341 0.019407749 0.355101317 3.011639833
0.362471372 0.067819096 0.929524064 5.976874352 0.000183740 0.997343719 -0.072838932 -0.490891963 -0.931994855 0.026572816 0.361496091 3.030273914
0.369654328 0.063583940 0.926991224 6.025995731 0.005071315 0.997502863 -0.070442744 -0.494385540 -0.929155529 0.030740527 0.368408829 3.049466610
0.376916528 0.062772468 0.924117684 6.074125290 0.007572064 0.997458756 -0.070842698 -0.498841196 -0.926216304 0.033699255 0.375483364 3.069309235
0.385056704 0.069555581 0.920268059 6.125241756 0.009537876 0.996802628 -0.079331025 -0.502005577 -0.922843635 0.039324347 0.383162141 3.090011120
0.391917437 0.073992334 0.917020023 6.172553062 0.013454285 0.996192992 -0.086130738 -0.505346179 -0.919902027 0.046093978 0.389429867 3.110640526
0.397507250 0.075916462 0.914453149 6.221365452 0.011285485 0.996091843 -0.087599710 -0.509874225 -0.917529523 0.045141563 0.395096987 3.131433487
0.400794923 0.078153275 0.912828267 6.268184662 0.003963939 0.996197641 -0.087031513 -0.513506353 -0.916159272 0.038500186 0.398961157 3.154954672
0.405691475 0.081245422 0.910392106 6.316976547 -0.002482365 0.996135831 -0.087791197 -0.518143594 -0.914006710 0.033356212 0.404325545 3.176155090
0.409344465 0.084658101 0.908443749 6.362981796 -0.003482392 0.995823622 -0.091231890 -0.522681832 -0.912373304 0.034181710 0.407929599 3.198318481
0.413575530 0.088608190 0.906147838 6.410008430 -0.006680305 0.995521545 -0.094298683 -0.527277350 -0.910445333 0.032946289 0.412315279 3.219418049
0.417693108 0.091599762 0.903959095 6.456226826 -0.009616828 0.995295167 -0.096411355 -0.531490803 -0.908537388 0.031577144 0.416608810 3.240919113
0.421258271 0.089630656 0.902500987 6.500826836 -0.011195020 0.995542705 -0.093645498 -0.537267447 -0.906871676 0.029345425 0.420384020 3.262018442
0.425323159 0.086947061 0.900855362 6.545924187 -0.009709457 0.995755792 -0.091522329 -0.540549815 -0.904989481 0.030179748 0.424362153 3.284277201
0.428366840 0.083914518 0.899700046 6.590110779 -0.009565221 0.996043861 -0.088346250 -0.544889688 -0.903554261 0.029238768 0.427474856 3.306451321
0.432133645 0.083248563 0.897958934 6.633030891 -0.010857975 0.996138215 -0.087125339 -0.549376845 -0.901744246 0.027899776 0.431368709 3.327374458
0.435509056 0.085337855 0.896130204 6.675423145 -0.013739689 0.996010482 -0.088172056 -0.553342402 -0.900079489 0.026087178 0.434944093 3.348061085
0.437945724 0.085278623 0.894947469 6.717038155 -0.012621772 0.995975852 -0.088729002 -0.558049917 -0.898912728 0.027562663 0.437259734 3.369432926
0.440290719 0.083628245 0.893952131 6.757778645 -0.010639811 0.996068835 -0.087940797 -0.561989725 -0.897792280 0.029208038 0.439449608 3.389736414
0.442298114 0.082778603 0.893039823 6.798567772 -0.008511649 0.996074080 -0.088113561 -0.565057695 -0.896827698 0.031371228 0.441266209 3.408826351
0.444068402 0.082233883 0.892211199 6.838406086 -0.008876078 0.996134222 -0.087394543 -0.568965733 -0.895948887 0.030889820 0.443081677 3.429428577
0.445926338 0.081641525 0.891338587 6.878794670 -0.007204277 0.996126592 -0.087635294 -0.572511017 -0.895040691 0.032657433 0.444787323 3.450508833
0.448334605 0.083356306 0.889970660 6.916489124 -0.008563354 0.995997250 -0.088973030 -0.576986313 -0.893824816 0.032268550 0.447253793 3.469673157
0.451398581 0.083548866 0.888402402 6.954694271 -0.006107550 0.995872974 -0.090552546 -0.580986142 -0.892301500 0.035449333 0.450045943 3.488466263
0.454582661 0.083102539 0.886819422 6.992264271 -0.004657268 0.995846272 -0.090931967 -0.584681511 -0.890692413 0.037205946 0.453081459 3.507757664
0.457541704 0.081332743 0.885460615 7.029238701 -0.001592354 0.995881319 -0.090652458 -0.588426113 -0.889186680 0.040067323 0.455786765 3.527885675
0.461415619 0.080165200 0.883554876 7.065470219 0.000652326 0.995878339 -0.090697005 -0.591505468 -0.887183845 0.042425387 0.459461510 3.545692444
0.464623213 0.079656854 0.881918371 7.100902557 0.001740038 0.995861769 -0.090865165 -0.595137119 -0.885506749 0.043752637 0.462561816 3.564988375
0.468274921 0.078686692 0.880072117 7.135507107 0.002147567 0.995922506 -0.090187490 -0.599063635 -0.883580148 0.044122554 0.466196567 3.583096981
0.471675545 0.078410536 0.878279030 7.170427322 0.003320169 0.995873392 -0.090692155 -0.602488041 -0.881766081 0.045693297 0.469468683 3.601860285
0.475420684 0.079656549 0.876145005 7.204745293 0.002733791 0.995754004 -0.092014469 -0.605897427 -0.879754364 0.046140786 0.473184198 3.620714903
0.479354292 0.079979308 0.873969555 7.238497734 0.004985378 0.995574594 -0.093842082 -0.609337509 -0.877607286 0.049340677 0.476834208 3.640450716
0.485269576 0.082683727 0.870446324 7.271942616 0.002970933 0.995357037 -0.096205279 -0.613474369 -0.874359488 0.049271531 0.482770860 3.657594919
0.490314245 0.089068957 0.866982400 7.305320740 -0.000907540 0.994815826 -0.101688601 -0.616869509 -0.871545196 0.049072541 0.487853229 3.677364111
0.495696813 0.096165769 0.863155127 7.338014126 -0.006095680 0.994211674 -0.107266366 -0.620271802 -0.868474245 0.047910072 0.493413687 3.698258638
0.501800120 0.102341525 0.858907938 7.370004177 -0.011902525 0.993698895 -0.111448474 -0.624638677 -0.864901781 0.045701686 0.499856323 3.717655897
0.508523226 0.107033268 0.854369879 7.405031204 -0.015639482 0.993228376 -0.115120441 -0.628304601 -0.860906243 0.045179516 0.506753623 3.738549471
0.513641477 0.107310042 0.851267874 7.438011169 -0.020081863 0.993379772 -0.113107480 -0.632366896 -0.857769847 0.041001637 0.512396038 3.759984016
0.519235492 0.106175572 0.848010182 7.470934391 -0.026271492 0.993766844 -0.108339116 -0.636242986 -0.854227364 0.033975016 0.518788397 3.781299591
0.525106490 0.104134798 0.844641447 7.507277966 -0.032622550 0.994219065 -0.102294870 -0.639793217 -0.850411057 0.026161335 0.525467992 3.804452181
0.531182766 0.101816736 0.841117263 7.541096687 -0.039133511 0.994641900 -0.095687196 -0.644238234 -0.846353054 0.017911516 0.532321155 3.826425791
0.536109149 0.100347750 0.838163078 7.576474190 -0.042335246 0.994856000 -0.092028901 -0.647636294 -0.843086421 0.013853701 0.537599623 3.853401184
0.542975783 0.103583552 0.833335340 7.612642288 -0.047141522 0.994557977 -0.092907585 -0.651600659 -0.838424146 0.011161864 0.544904053 3.876616716
0.549524248 0.108004950 0.828467309 7.648429394 -0.050161816 0.994085312 -0.096323654 -0.654133439 -0.833970606 0.011374755 0.551691592 3.900554657
0.554926157 0.111615121 0.824377894 7.684560299 -0.053415522 0.993694127 -0.098582990 -0.657575250 -0.830183029 0.010671698 0.557388842 3.927531481
0.561682880 0.113159619 0.819577456 7.722279549 -0.056304608 0.993533969 -0.098590545 -0.662691593 -0.825434506 0.009230634 0.564422429 3.953020573
0.567741454 0.114231132 0.815242767 7.760002136 -0.059238806 0.993427277 -0.097943828 -0.666215599 -0.821072698 0.007312764 0.570776820 3.980927944
0.573789656 0.116327845 0.810699224 7.796962738 -0.066086330 0.993209898 -0.095742434 -0.670625329 -0.816331983 0.001359869 0.577581286 4.008913040
0.581306577 0.114324838 0.805613041 7.837589264 -0.065932818 0.993442714 -0.093404628 -0.674367070 -0.811008930 0.001180391 0.585032523 4.038447380
0.588665307 0.112345293 0.800532103 7.876092434 -0.066055298 0.993668973 -0.090876549 -0.678371787 -0.805673480 0.000616495 0.592359602 4.068821430
0.596389115 0.112538949 0.794767261 7.915650368 -0.066796251 0.993646920 -0.090576760 -0.682216465 -0.799911380 0.000931537 0.600117445 4.098918438
0.603291035 0.114663526 0.789235175 7.956064701 -0.072040923 0.993399858 -0.089257397 -0.686925173 -0.794260561 -0.003009047 0.607569695 4.132129192
0.611772358 0.115372494 0.782575011 7.998053074 -0.072516747 0.993320584 -0.089752570 -0.690711856 -0.787702739 -0.001841663 0.616052449 4.164586544
0.618862689 0.116449311 0.776819468 8.039816856 -0.074891426 0.993192255 -0.089221537 -0.693728328 -0.781920791 -0.002961234 0.623370707 4.198297977
0.623477757 0.114989236 0.773338854 8.081355095 -0.074852236 0.993360877 -0.087357707 -0.698827088 -0.778249741 -0.003420550 0.627945542 4.233290672
0.627629697 0.114090569 0.770106733 8.122940063 -0.074161358 0.993466794 -0.086740367 -0.702756047 -0.774971724 -0.002671349 0.631990254 4.267772198
0.630806506 0.110971689 0.767963827 8.165395737 -0.070197567 0.993823588 -0.085948318 -0.707276523 -0.772758305 0.000307564 0.634700298 4.304493904
0.635165095 0.106836557 0.764951825 8.210250854 -0.064672276 0.994265974 -0.085164011 -0.712311625 -0.769664109 0.004622043 0.638432324 4.339647293
0.639041007 0.099089518 0.762763262 8.254107475 -0.055824298 0.995026946 -0.082493082 -0.718240082 -0.767144263 0.010135747 0.641394675 4.376642704
0.643226147 0.094807141 0.759783804 8.298913956 -0.051115416 0.995407820 -0.080934837 -0.720497310 -0.763968050 0.013222744 0.645118654 4.413195133
0.646368265 0.090249009 0.757669508 8.344105721 -0.045926750 0.995781779 -0.079431377 -0.723950744 -0.761642158 0.016544618 0.647786677 4.451547146
0.649694085 0.088079572 0.755075812 8.388308525 -0.045397360 0.995987713 -0.077120408 -0.728754103 -0.758838952 0.015826233 0.651085973 4.490406036
0.652913392 0.089319162 0.752147615 8.433084488 -0.046306595 0.995872259 -0.078064822 -0.733262897 -0.756015658 0.016140169 0.654354453 4.529400826
0.655943096 0.094363332 0.748888731 8.476961136 -0.051928394 0.995445549 -0.079947121 -0.736963511 -0.753021955 0.013552165 0.657855690 4.569186211
0.659209073 0.098335855 0.745502174 8.521895409 -0.058214322 0.995110810 -0.079784684 -0.740552604 -0.749702871 0.009195878 0.661710560 4.609540939
0.661660254 0.094553962 0.743817985 8.566181183 -0.058174666 0.995500267 -0.074798726 -0.744945526 -0.747543573 0.006219978 0.664183557 4.650379658
0.665147603 0.092183277 0.740999997 8.611381531 -0.061747462 0.995742142 -0.068447486 -0.748799324 -0.744154453 -0.000227184 0.668007612 4.691826820
0.668832004 0.085953102 0.738427877 8.657013893 -0.060383398 0.996292651 -0.061276238 -0.752288103 -0.740957201 -0.003605278 0.671542466 4.733758450
