0.999999881 -0.000524067 -0.000099130 -0.000281394 0.000524241 0.999998271 0.001770760 -0.000798906 0.000098201 -0.001770811 0.999998450 0.049797978
0.999998391 -0.001657328 -0.000656391 -0.000297853 0.001658509 0.999997020 0.001802947 -0.001529847 0.000653401 -0.001804033 0.999998152 0.099578790
0.999994814 -0.003169046 -0.000785797 -0.000376282 0.003169752 0.999994695 0.000897984 -0.002260149 0.000782947 -0.000900470 0.999999285 0.149205238
0.999994218 -0.003397608 -0.000283756 -0.000673148 0.003397961 0.999993443 0.001251779 -0.003222250 0.000279502 -0.001252735 0.999999166 0.200116277
0.999992371 -0.003867390 -0.000544428 -0.000805393 0.003868455 0.999990582 0.001968592 -0.003915729 0.000536810 -0.001970683 0.999997914 0.249021515
0.999986827 -0.005131363 -0.000122349 -0.001061851 0.005131695 0.999982715 0.002882732 -0.004454016 0.000107555 -0.002883322 0.999995828 0.300033748
0.999988854 -0.004698250 -0.000466799 -0.001549831 0.004699859 0.999982774 0.003508373 -0.005253775 0.000450307 -0.003510528 0.999993742 0.349490583
0.999992669 -0.003759567 -0.000776590 -0.001533221 0.003761131 0.999990880 0.002021717 -0.006037294 0.000768982 -0.002024623 0.999997675 0.400136948
0.999998391 -0.001338446 -0.001185914 -0.001972629 0.001337744 0.999998868 -0.000592565 -0.006534541 0.001186706 0.000590977 0.999999046 0.450420678
0.999997675 0.002104024 -0.000478367 -0.003090393 -0.002104699 0.999996781 -0.001415286 -0.007632995 0.000475388 0.001416289 0.999998868 0.501346529
0.999988675 0.004673090 -0.000869686 -0.002897694 -0.004674450 0.999987960 -0.001568235 -0.008284244 0.000862347 0.001572283 0.999998391 0.551416576
0.999982297 0.005922510 -0.000548651 -0.003484586 -0.005922950 0.999982119 -0.000802867 -0.008911233 0.000543886 0.000806102 0.999999523 0.603415549
0.999993861 0.003503636 0.000071358 -0.003779147 -0.003503777 0.999991715 0.002065655 -0.009958141 -0.000064120 -0.002065893 0.999997854 0.653347492
0.999999821 -0.000528214 -0.000125421 -0.003621173 0.000528655 0.999993563 0.003544567 -0.010422640 0.000123548 -0.003544633 0.999993742 0.706263363
0.999993920 -0.003479171 -0.000295321 -0.003767099 0.003479614 0.999992788 0.001512752 -0.011188220 0.000290056 -0.001513771 0.999998808 0.755130768
0.999988079 -0.004799349 -0.000845078 -0.003456232 0.004799042 0.999988377 -0.000365471 -0.012097972 0.000846822 0.000361411 0.999999523 0.807661176
0.999998569 -0.001632175 0.000383023 -0.004282096 0.001633056 0.999996126 -0.002311332 -0.012646727 -0.000379249 0.002311955 0.999997258 0.857675016
0.999998450 0.001294232 0.001105155 -0.004972583 -0.001293520 0.999998987 -0.000644795 -0.013367930 -0.001105989 0.000643365 0.999999225 0.909088612
0.999996126 0.001917389 0.002008054 -0.005559703 -0.001924181 0.999992430 0.003386243 -0.014274113 -0.002001547 -0.003390094 0.999992251 0.960525393
0.999996960 -0.000705064 0.002343688 -0.005506039 0.000691758 0.999983668 0.005673650 -0.014948457 -0.002347650 -0.005672012 0.999981165 1.013444662
0.999989331 -0.003550886 0.002965696 -0.006836442 0.003542067 0.999989450 0.002973748 -0.015029789 -0.002976224 -0.002963211 0.999991179 1.064992189
0.999983966 -0.005353892 0.001809427 -0.005248078 0.005351459 0.999984741 0.001346747 -0.016297176 -0.001816610 -0.001337042 0.999997437 1.117335916
0.999976635 -0.006400539 0.002398020 -0.005495778 0.006403521 0.999978781 -0.001238126 -0.017338444 -0.002390044 0.001253453 0.999996364 1.169681191
0.999993622 -0.001953714 0.002984216 -0.005264351 0.001960272 0.999995589 -0.002196130 -0.017947443 -0.002979913 0.002201966 0.999993145 1.220839739
0.999993861 -0.001366637 0.003220765 -0.005619776 0.001379738 0.999990702 -0.004068901 -0.018929405 -0.003215174 0.004073320 0.999986529 1.273336053
0.999994159 0.000923854 0.003253893 -0.005626923 -0.000910611 0.999991238 -0.004069292 -0.019453812 -0.003257625 0.004066306 0.999986410 1.326007605
0.999996483 -0.000173657 0.002650724 -0.004938388 0.000180799 0.999996305 -0.002694299 -0.020656526 -0.002650246 0.002694768 0.999992847 1.377871156
0.999991953 0.001655885 0.003648615 -0.007064024 -0.001655261 0.999998629 -0.000174010 -0.022814928 -0.003648899 0.000167969 0.999993324 1.430599332
0.999984801 0.004554989 0.003114687 -0.006691543 -0.004553744 0.999989450 -0.000407262 -0.023368685 -0.003116510 0.000393072 0.999995053 1.484701872
0.999974847 0.006378812 0.003092912 -0.006076988 -0.006375570 0.999979138 -0.001056902 -0.023446683 -0.003099589 0.001037157 0.999994576 1.535757780
0.999953985 0.009051489 0.003177618 -0.006772485 -0.009049468 0.999958873 -0.000649961 -0.024295909 -0.003183370 0.000621176 0.999994695 1.589673162
0.999953866 0.009348597 0.002201755 -0.006117242 -0.009349073 0.999956250 0.000205532 -0.025978755 -0.002199738 -0.000226107 0.999997497 1.642616510
0.999969363 0.007747623 0.001039802 -0.005513574 -0.007747121 0.999969900 -0.000487230 -0.026671812 -0.001043545 0.000479160 0.999999344 1.698712707
0.999971509 0.007424455 0.001369207 -0.006329150 -0.007423236 0.999972045 -0.000893175 -0.027366821 -0.001375800 0.000882986 0.999998689 1.748794675
0.999979258 0.006410733 0.000632560 -0.006657290 -0.006409953 0.999978721 -0.001228845 -0.027786378 -0.000640424 0.001224765 0.999999046 1.803116322
0.999976814 0.006812891 0.000025592 -0.007482564 -0.006812877 0.999976635 -0.000482989 -0.028228875 -0.000028882 0.000482803 0.999999881 1.857962847
0.999976277 0.006713440 -0.001529755 -0.007605474 -0.006713719 0.999977410 -0.000177468 -0.029505743 0.001528529 0.000187734 0.999998808 1.909248710
0.999976814 0.006277817 -0.002611017 -0.008556814 -0.006276648 0.999980211 0.000455544 -0.030340368 0.002613825 -0.000439145 0.999996483 1.962239265
0.999961674 0.008023798 -0.003502630 -0.008884341 -0.008020236 0.999967277 0.001029616 -0.031148382 0.003510777 -0.001001484 0.999993324 2.015200138
0.999970734 0.006620040 -0.003825405 -0.009475215 -0.006613742 0.999976754 0.001656618 -0.031751812 0.003836283 -0.001631269 0.999991298 2.069058418
0.999974489 0.005554955 -0.004497505 -0.010194057 -0.005549135 0.999983728 0.001305737 -0.032490715 0.004504685 -0.001280746 0.999989033 2.122776508
0.999984622 0.002180891 -0.005102036 -0.010300666 -0.002174632 0.999996841 0.001231984 -0.033807535 0.005104708 -0.001220870 0.999986172 2.176156998
0.999985874 0.000997523 -0.005222123 -0.010753445 -0.000988309 0.999997973 0.001766754 -0.035068005 0.005223874 -0.001761568 0.999984801 2.229482174
0.999987841 -0.000193064 -0.004927302 -0.010936277 0.000205715 0.999996662 0.002567132 -0.035706140 0.004926790 -0.002568114 0.999984503 2.282764673
0.999991238 -0.001196855 -0.004016694 -0.011034401 0.001210168 0.999993801 0.003313615 -0.036587588 0.004012704 -0.003318447 0.999986410 2.333425522
0.999989271 -0.001979295 -0.004185572 -0.011395576 0.001991595 0.999993682 0.002936667 -0.037549600 0.004179733 -0.002944972 0.999986947 2.387843847
0.999974847 -0.005727302 -0.004188812 -0.011629604 0.005737694 0.999980509 0.002472972 -0.038253032 0.004174567 -0.002496944 0.999988198 2.442694664
0.999988735 -0.003487126 -0.003205720 -0.011898905 0.003492268 0.999992549 0.001599802 -0.039044287 0.003200118 -0.001610979 0.999993563 2.493012428
0.999995053 -0.001912996 -0.002495784 -0.012332359 0.001915726 0.999997556 0.001091688 -0.039913159 0.002493690 -0.001096464 0.999996305 2.545880079
0.999997914 0.001642823 -0.001193636 -0.012647860 -0.001639729 0.999995232 0.002587921 -0.041220646 0.001197883 -0.002585959 0.999996006 2.597081900
0.999989927 0.004240642 -0.001460936 -0.012854083 -0.004234948 0.999983490 0.003879091 -0.041773371 0.001477362 -0.003872866 0.999991357 2.651763439
0.999979675 0.006350092 -0.000563448 -0.013805425 -0.006347585 0.999970376 0.004344989 -0.042148635 0.000591023 -0.004341324 0.999990404 2.706975698
0.999928176 0.011940330 0.001046646 -0.014705949 -0.011944746 0.999919236 0.004319887 -0.043475516 -0.000994980 -0.004332079 0.999990106 2.753475666
0.999876678 0.015693713 0.000744977 -0.014794745 -0.015696259 0.999870539 0.003540297 -0.044360317 -0.000689320 -0.003551553 0.999993443 2.808378220
0.999850869 0.017186778 0.001698029 -0.015376918 -0.017192917 0.999845505 0.003668737 -0.045506414 -0.001634712 -0.003697384 0.999991775 2.860288143
0.999858260 0.016769411 0.001557040 -0.015385928 -0.016775297 0.999852002 0.003844220 -0.045818105 -0.001492344 -0.003869795 0.999991357 2.912692070
0.999874234 0.015836013 0.000905107 -0.013913685 -0.015838683 0.999870121 0.003017859 -0.046059173 -0.000857199 -0.003031816 0.999994993 2.965502262
0.999865770 0.016307440 0.001576077 -0.015548116 -0.016310573 0.999865055 0.001996011 -0.047049340 -0.001543315 -0.002021450 0.999996722 3.015882969
0.999903619 0.013834943 0.001154857 -0.015543113 -0.013838340 0.999899685 0.002991226 -0.049112905 -0.001113357 -0.003006918 0.999994874 3.066813707
0.999912620 0.013171138 0.001172401 -0.015876750 -0.013174443 0.999909103 0.002858035 -0.049052294 -0.001134651 -0.002873231 0.999995232 3.117460251
0.999896944 0.014346117 0.000602233 -0.016024563 -0.014347455 0.999894440 0.002285497 -0.050483055 -0.000569381 -0.002293902 0.999997199 3.169184208
0.999907315 0.013620017 0.000079596 -0.017843317 -0.013620143 0.999905527 0.001819972 -0.049857862 -0.000054801 -0.001820887 0.999998391 3.223737001
0.999915540 0.012995350 -0.000276584 -0.018500501 -0.012994421 0.999910653 0.003130634 -0.050653066 0.000317244 -0.003126775 0.999995112 3.270933628
0.999944329 0.010245857 -0.002506248 -0.017919252 -0.010234043 0.999936700 0.004680811 -0.052792300 0.002554048 -0.004654902 0.999985933 3.325724363
0.999946117 0.009671019 -0.003760567 -0.018225782 -0.009652559 0.999941468 0.004896441 -0.053990796 0.003807700 -0.004859879 0.999980986 3.377189398
0.999966919 0.006852263 -0.004394163 -0.018146973 -0.006829864 0.999963760 0.005091960 -0.054816425 0.004428896 -0.005061780 0.999977350 3.425845146
0.999979794 0.003837221 -0.005072524 -0.019092208 -0.003811246 0.999979556 0.005120801 -0.055429969 0.005092070 -0.005101365 0.999974012 3.478200436
0.999982357 0.002582627 -0.005364265 -0.019671597 -0.002557539 0.999985754 0.004678301 -0.056022115 0.005376271 -0.004664499 0.999974668 3.528187513
0.999977291 0.003557914 -0.005727873 -0.019690314 -0.003538306 0.999987781 0.003429996 -0.056542318 0.005740006 -0.003409651 0.999977648 3.581425667
0.999980927 0.002467239 -0.005661154 -0.020402456 -0.002446283 0.999990165 0.003705661 -0.057627555 0.005670242 -0.003691741 0.999977112 3.629235029
0.999980748 0.003480062 -0.005134379 -0.021459522 -0.003465187 0.999989808 0.002903125 -0.058196947 0.005144429 -0.002885278 0.999982595 3.680912971
0.999974310 0.005498128 -0.004578483 -0.021666760 -0.005484344 0.999980390 0.003018089 -0.059471708 0.004594988 -0.002992901 0.999985039 3.727767706
0.999973178 0.005215366 -0.005136483 -0.021547150 -0.005192176 0.999976337 0.004517562 -0.059621852 0.005159923 -0.004490772 0.999976516 3.777301311
0.999967992 0.006709499 -0.004350799 -0.022480460 -0.006683222 0.999959528 0.006025914 -0.060461052 0.004391053 -0.005996644 0.999972284 3.825402021
0.999972045 0.006539682 -0.003628458 -0.023675501 -0.006523863 0.999969304 0.004354728 -0.061046712 0.003656826 -0.004330935 0.999983847 3.871794462
0.999973536 0.005028569 -0.005255543 -0.022122551 -0.005017399 0.999985158 0.002136204 -0.061490029 0.005266206 -0.002109779 0.999983847 3.924251556
0.999983013 0.003797100 -0.004442054 -0.025081072 -0.003792081 0.999992192 0.001137978 -0.062606230 0.004446341 -0.001121114 0.999989510 3.976042747
0.999986231 0.001806216 -0.004920342 -0.023382258 -0.001793565 0.999995053 0.002574342 -0.063625239 0.004924969 -0.002565482 0.999984562 4.023232460
0.999991357 -0.000468965 -0.004123262 -0.024096001 0.000485749 0.999991596 0.004070496 -0.063597612 0.004121318 -0.004072464 0.999983191 4.070603848
0.999993145 -0.001188933 -0.003508828 -0.023381358 0.001203708 0.999990404 0.004211608 -0.064109154 0.003503786 -0.004215803 0.999984920 4.119713306
0.999992132 -0.002515000 -0.003060794 -0.023516420 0.002524637 0.999991834 0.003148782 -0.064981401 0.003052848 -0.003156485 0.999990344 4.170517445
0.999997795 -0.000497269 -0.002009996 -0.025440507 0.000500012 0.999998927 0.001364477 -0.066879757 0.002009316 -0.001365479 0.999996960 4.219475746
0.999998093 0.001765345 -0.000825488 -0.025503945 -0.001766131 0.999997973 -0.000952329 -0.067319177 0.000823806 0.000953784 0.999999166 4.268784046
0.999988079 0.004886693 0.000141393 -0.025135858 -0.004886552 0.999987543 -0.000981243 -0.067712091 -0.000146187 0.000980540 0.999999464 4.318555832
0.999979138 0.006137275 0.001985423 -0.026657935 -0.006138263 0.999981046 0.000491789 -0.068376109 -0.001982366 -0.000503966 0.999997914 4.366376400
0.999971807 0.006719686 0.003338086 -0.026837319 -0.006727980 0.999974370 0.002479570 -0.068655834 -0.003321339 -0.002501959 0.999991417 4.415561676
0.999972105 0.006278646 0.004051265 -0.027546229 -0.006289475 0.999976695 0.002665744 -0.069123819 -0.004034434 -0.002691150 0.999988258 4.465417862
0.999972284 0.005517021 0.005019571 -0.027361557 -0.005530993 0.999980867 0.002773698 -0.070289358 -0.005004173 -0.002801384 0.999983549 4.513831139
0.999960482 0.006612151 0.005946177 -0.027277229 -0.006627386 0.999974728 0.002545933 -0.070880607 -0.005929192 -0.002585240 0.999979079 4.564286709
0.999914050 0.010848172 0.007369431 -0.026807077 -0.010866014 0.999938071 0.002385358 -0.072886020 -0.007343099 -0.002465229 0.999970019 4.611875534
0.999906242 0.010269720 0.009051377 -0.029114202 -0.010275249 0.999947071 0.000564480 -0.072026774 -0.009045101 -0.000657432 0.999958813 4.664970875
0.999885142 0.011737281 0.009581152 -0.027108241 -0.011733769 0.999931037 -0.000422646 -0.072786503 -0.009585454 0.000310174 0.999953926 4.711431980
0.999889731 0.010782276 0.010211014 -0.026285335 -0.010775956 0.999941647 -0.000673784 -0.073623024 -0.010217683 0.000563676 0.999947608 4.760206699
0.999886870 0.010244232 0.011012927 -0.026235152 -0.010249088 0.999947429 0.000384558 -0.073998377 -0.011008409 -0.000497387 0.999939263 4.809111595
0.999884784 0.009317388 0.011982262 -0.025808088 -0.009334696 0.999955475 0.001389346 -0.075253680 -0.011968785 -0.001501037 0.999927223 4.859328747
0.999878645 0.009176011 0.012589986 -0.025526509 -0.009194788 0.999956667 0.001434357 -0.075989351 -0.012576279 -0.001549945 0.999919713 4.909209728
0.999883056 0.007454721 0.013353624 -0.025115959 -0.007482994 0.999969840 0.002068351 -0.077126391 -0.013337803 -0.002168034 0.999908626 4.956663609
0.999910355 0.005347367 0.012274427 -0.024407815 -0.005377556 0.999982595 0.002427753 -0.077472612 -0.012261231 -0.002493542 0.999921739 5.007253647
0.999922335 0.004399659 0.011663499 -0.023772366 -0.004417579 0.999989152 0.001511099 -0.077900454 -0.011656723 -0.001562506 0.999930859 5.055752754
0.999943614 0.002534357 0.010313796 -0.023144577 -0.002552854 0.999995232 0.001780601 -0.078946732 -0.010309232 -0.001806830 0.999945283 5.105266094
0.999954939 0.001555490 0.009364205 -0.023357045 -0.001580500 0.999995172 0.002664051 -0.079780340 -0.009360018 -0.002678731 0.999952614 5.155086040
0.999971092 0.000210881 0.007602237 -0.022287793 -0.000231684 0.999996305 0.002735669 -0.080574095 -0.007601631 -0.002737351 0.999967396 5.206658840
0.999976814 0.000103690 0.006808847 -0.022675458 -0.000122246 0.999996245 0.002724877 -0.081164874 -0.006808538 -0.002725646 0.999973118 5.253786564
0.999980211 -0.000774955 0.006260763 -0.023370314 0.000759565 0.999996662 0.002460144 -0.082106702 -0.006262651 -0.002455339 0.999977350 5.302834034
0.999986589 -0.001090621 0.005061072 -0.022717822 0.001080289 0.999997318 0.002043895 -0.082922727 -0.005063289 -0.002038400 0.999985039 5.351170540
0.999983728 -0.003894222 0.004159590 -0.023321057 0.003894787 0.999992371 -0.000127822 -0.083721936 -0.004159061 0.000144021 0.999991298 5.399927616
0.999959767 -0.008533148 0.002758158 -0.022490591 0.008535787 0.999963105 -0.000946647 -0.084533721 -0.002749978 0.000970152 0.999995768 5.450942993
0.999880254 -0.015413179 0.001425602 -0.022072010 0.015410691 0.999879718 0.001741819 -0.085553668 -0.001452277 -0.001719641 0.999997497 5.500634670
0.999746501 -0.022512410 0.000062933 -0.021820957 0.022512106 0.999741852 0.003079171 -0.086296149 -0.000132235 -0.003076974 0.999995291 5.549534321
0.999637365 -0.026917798 -0.000753083 -0.022151569 0.026917797 0.999637663 -0.000012300 -0.087104507 0.000753141 -0.000007975 0.999999702 5.598081112
0.999647141 -0.026562937 -0.000225832 -0.022522178 0.026562231 0.999643505 -0.002697743 -0.088241614 0.000297412 0.002690793 0.999996305 5.647150993
0.999742031 -0.022708956 0.000293052 -0.022045098 0.022710139 0.999729514 -0.005016961 -0.089050740 -0.000179042 0.005022323 0.999987364 5.696401119
0.999756932 -0.022002211 0.001410218 -0.023098497 0.022009438 0.999743640 -0.005337943 -0.090126164 -0.001292410 0.005367683 0.999984741 5.745464325
0.999665201 -0.025782917 0.002184785 -0.023236822 0.025786331 0.999666214 -0.001549137 -0.091348544 -0.002144115 0.001604955 0.999996364 5.794774055
0.999514401 -0.031106202 0.001890154 -0.021618076 0.031104537 0.999515712 0.000902920 -0.092201002 -0.001917325 -0.000843688 0.999997795 5.846534252
0.999419034 -0.034025859 0.001963397 -0.021636453 0.034021877 0.999419034 0.002026871 -0.092527799 -0.002031222 -0.001958895 0.999996006 5.895905972
0.999341607 -0.036220904 0.002048961 -0.021862321 0.036216818 0.999341905 0.001992685 -0.093456864 -0.002119789 -0.001917166 0.999995887 5.944288731
0.999452651 -0.032887418 0.003573268 -0.022396522 0.032880422 0.999457240 0.002000017 -0.094014324 -0.003637104 -0.001881432 0.999991655 5.993218899
0.999556780 -0.029580386 0.003352112 -0.021001058 0.029577857 0.999562144 0.000802763 -0.094470181 -0.003374390 -0.000703259 0.999994099 6.046673775
0.999659359 -0.025841635 0.003634815 -0.021479024 0.025844518 0.999665737 -0.000749811 -0.096431203 -0.003614224 0.000843495 0.999993086 6.100399494
0.999712765 -0.023155494 0.006168328 -0.022289537 0.023161320 0.999731362 -0.000875258 -0.096763909 -0.006146404 0.001017873 0.999980569 6.143225193
0.999741733 -0.021779254 0.006483555 -0.022420093 0.021779833 0.999762714 -0.000018885 -0.096996501 -0.006481606 0.000160091 0.999978960 6.192972183
0.999801159 -0.019163383 0.005499155 -0.021454960 0.019166078 0.999816239 -0.000437140 -0.098116197 -0.005489767 0.000542450 0.999984860 6.245887280
0.999826491 -0.017915411 0.005083929 -0.021227919 0.017930433 0.999834955 -0.002925233 -0.099112064 -0.005030684 0.003015883 0.999982715 6.293235779
0.999900162 -0.013221316 0.005013706 -0.021419544 0.013247430 0.999898672 -0.005211240 -0.100672737 -0.004944299 0.005277136 0.999973834 6.341047764
0.999945760 -0.009238188 0.004819538 -0.022049073 0.009269521 0.999935806 -0.006520001 -0.101350412 -0.004758995 0.006564323 0.999967098 6.392113209
0.999981642 -0.003229161 0.005134669 -0.022047237 0.003258416 0.999978423 -0.005699131 -0.102750286 -0.005116155 0.005715756 0.999970555 6.442117214
0.999984801 -0.001064381 0.005399988 -0.021323156 0.001085336 0.999991894 -0.003879180 -0.103110269 -0.005395815 0.003884982 0.999977827 6.490747452
0.999983907 0.000920393 0.005598733 -0.021510057 -0.000911512 0.999998271 -0.001588635 -0.104061998 -0.005600187 0.001583506 0.999983072 6.540790558
0.999990106 -0.000642278 0.004393878 -0.020849016 0.000645213 0.999999583 -0.000666693 -0.105332956 -0.004393448 0.000669522 0.999990165 6.591921806
0.999989510 -0.003871825 0.002454011 -0.020204470 0.003872507 0.999992430 -0.000273181 -0.105830580 -0.002452935 0.000282681 0.999996960 6.642908096
0.999993086 -0.003699218 0.000059443 -0.019568160 0.003699466 0.999980986 -0.004933608 -0.106321134 -0.000041191 0.004933795 0.999987841 6.692293644
0.999994099 -0.003245416 -0.001106177 -0.020308081 0.003235263 0.999953687 -0.009060095 -0.107538342 0.001135529 0.009056460 0.999958336 6.743724823
0.999997377 -0.000413683 -0.002238095 -0.019407785 0.000393392 0.999958873 -0.009058961 -0.109165639 0.002241751 0.009058057 0.999956429 6.793766499
0.999985635 0.005305510 -0.000832576 -0.021829417 -0.005312396 0.999949694 -0.008499629 -0.111546509 0.000787440 0.008503928 0.999963522 6.842648506
0.999967515 0.008027001 -0.000761644 -0.022076860 -0.008031412 0.999949872 -0.005977092 -0.110371798 0.000713628 0.005983015 0.999981880 6.894278049
0.999970615 0.007647478 -0.000519891 -0.023532102 -0.007649159 0.999965250 -0.003310295 -0.112103738 0.000494558 0.003314173 0.999994397 6.946008205
0.999979079 0.006413609 -0.000701922 -0.023554567 -0.006415123 0.999976993 -0.002175454 -0.113104537 0.000687954 0.002179911 0.999997318 6.998611450
0.999987245 0.004958301 -0.000941255 -0.023802936 -0.004960084 0.999985874 -0.001900231 -0.113861516 0.000931820 0.001904875 0.999997795 7.051143646
0.999994218 0.003345429 0.000580032 -0.026537025 -0.003344780 0.999993742 -0.001116729 -0.114955902 -0.000583765 0.001114782 0.999999225 7.099347591
0.999999940 -0.000116152 -0.000197684 -0.023871757 0.000115873 0.999998987 -0.001408387 -0.115798421 0.000197848 0.001408364 0.999998987 7.152161598
0.999994338 -0.002514473 0.002231054 -0.028219331 0.002515940 0.999996603 -0.000654901 -0.117017329 -0.002229399 0.000660510 0.999997318 7.201082706
0.999979198 -0.006379145 0.000953000 -0.024308307 0.006378876 0.999979615 0.000284142 -0.116658323 -0.000954793 -0.000278057 0.999999523 7.255682468
0.999959171 -0.008963547 0.001178874 -0.024344055 0.008963144 0.999959707 0.000344210 -0.117651820 -0.001181912 -0.000333629 0.999999285 7.307485580
0.999965727 -0.008215094 0.001045176 -0.023755597 0.008218310 0.999961376 -0.003112962 -0.119338684 -0.001019563 0.003121445 0.999994636 7.359689713
0.999998391 -0.001386516 0.001185316 -0.024968375 0.001396446 0.999963641 -0.008419242 -0.120160468 -0.001173600 0.008420884 0.999963880 7.411840439
0.999962091 0.008213608 0.002908089 -0.025949109 -0.008188671 0.999930382 -0.008485445 -0.121419638 -0.002977583 0.008461310 0.999959826 7.464475155
0.999854505 0.016525047 0.004261077 -0.025751479 -0.016504539 0.999852240 -0.004804587 -0.122536346 -0.004339844 0.004733562 0.999979377 7.515852451
0.999839723 0.017038727 0.005506079 -0.026695944 -0.017023677 0.999851227 -0.002768737 -0.123303607 -0.005552435 0.002674559 0.999981046 7.568311691
0.999876499 0.014917281 0.004971168 -0.026298929 -0.014905049 0.999885798 -0.002488050 -0.123601638 -0.005007715 0.002413646 0.999984562 7.619376659
0.999917567 0.012352728 0.003504307 -0.025701432 -0.012344796 0.999921143 -0.002277062 -0.125358105 -0.003532159 0.002233614 0.999991238 7.674254894
0.999939859 0.010670691 0.002522069 -0.025604866 -0.010662583 0.999938011 -0.003207648 -0.125941858 -0.002556141 0.003180563 0.999991596 7.727240086
0.999931276 0.011486361 0.002346581 -0.026398197 -0.011477626 0.999927223 -0.003702892 -0.126889005 -0.002388943 0.003675705 0.999990404 7.780389309
0.999912500 0.013084731 0.001958680 -0.026180543 -0.013077845 0.999908388 -0.003489085 -0.128132448 -0.002004155 0.003463165 0.999992013 7.834129810
0.999905169 0.013657424 0.001796693 -0.026489325 -0.013652549 0.999903142 -0.002697835 -0.129077673 -0.001833364 0.002673049 0.999994814 7.887570858
0.999904335 0.013714127 0.001807019 -0.026757523 -0.013708687 0.999901533 -0.002989011 -0.130483121 -0.001847833 0.002963953 0.999993920 7.940864086
0.999923527 0.012290760 0.001386852 -0.026909331 -0.012285347 0.999917090 -0.003845932 -0.131212130 -0.001434007 0.003828600 0.999991655 7.993312359
0.999920249 0.012502044 0.001797043 -0.027759485 -0.012493397 0.999910653 -0.004745835 -0.131780416 -0.001856216 0.004723005 0.999987125 8.046283722
0.999902725 0.013854819 0.001630352 -0.028198699 -0.013847180 0.999893486 -0.004607856 -0.133794844 -0.001694019 0.004584832 0.999988019 8.100583076
0.999922872 0.012414771 0.000419926 -0.027661880 -0.012412700 0.999912262 -0.004620999 -0.134222165 -0.000477258 0.004615431 0.999989152 8.154568672
0.999909043 0.013484509 -0.000222821 -0.027605489 -0.013485483 0.999895632 -0.005173277 -0.135517240 0.000153038 0.005175812 0.999986589 8.210059166
0.999899030 0.014168347 -0.001064740 -0.027173322 -0.014174202 0.999883294 -0.005707136 -0.136426419 0.000983755 0.005721652 0.999983072 8.264015198
0.999913514 0.013117291 -0.000942795 -0.027862694 -0.013122070 0.999900103 -0.005254698 -0.137688667 0.000873773 0.005266614 0.999985754 8.317935944
0.999908268 0.013454536 -0.001546447 -0.027832400 -0.013462285 0.999896348 -0.005113748 -0.138661444 0.001477483 0.005134099 0.999985754 8.370281219
0.999920666 0.012514661 -0.001417811 -0.028510787 -0.012521910 0.999907851 -0.005226647 -0.139978170 0.001352271 0.005243987 0.999985278 8.426687241
0.999934852 0.011338575 -0.001318950 -0.029244592 -0.011345900 0.999919474 -0.005686556 -0.141096264 0.001254366 0.005701150 0.999982953 8.481259346
0.999946594 0.010261483 -0.001308512 -0.029040586 -0.010268243 0.999933422 -0.005266837 -0.142357588 0.001254380 0.005279991 0.999985278 8.536110878
0.999958932 0.009044940 -0.000632647 -0.029783217 -0.009047725 0.999948740 -0.004548614 -0.143335462 0.000591473 0.004554151 0.999989390 8.590341568
0.999948323 0.010159817 0.000123690 -0.031471886 -0.010159122 0.999937296 -0.004718814 -0.144599319 -0.000171624 0.004717313 0.999988854 8.646824837
0.999959111 0.008981628 -0.001025615 -0.030456528 -0.008986098 0.999949753 -0.004439698 -0.145826489 0.000985688 0.004448733 0.999989629 8.701022148
0.999955297 0.009409151 -0.000906678 -0.030650921 -0.009413491 0.999943614 -0.004906798 -0.147123769 0.000860458 0.004915114 0.999987543 8.755626678
0.999936700 0.011252753 0.000085276 -0.030328585 -0.011252285 0.999927521 -0.004281789 -0.147980034 -0.000133452 0.004280559 0.999990880 8.808488846
0.999940932 0.010857832 0.000395438 -0.031450436 -0.010856814 0.999937952 -0.002489353 -0.148763463 -0.000422443 0.002484913 0.999996841 8.866029739
0.999941170 0.010809619 0.000920871 -0.031434122 -0.010807338 0.999938548 -0.002447268 -0.149625704 -0.000947269 0.002437171 0.999996603 8.920259476
0.999928176 0.011853889 0.001768837 -0.031729147 -0.011846947 0.999922216 -0.003884567 -0.150796473 -0.001814746 0.003863333 0.999990940 8.975849152
0.999932170 0.011385973 0.002443004 -0.032551933 -0.011373926 0.999923348 -0.004890202 -0.152336538 -0.002498496 0.004862084 0.999985039 9.031517982
0.999930501 0.011410998 0.002969014 -0.032858256 -0.011397545 0.999924898 -0.004509995 -0.153095901 -0.003020255 0.004475842 0.999985397 9.087877274
0.999936044 0.011038591 0.002460977 -0.032814912 -0.011030661 0.999933958 -0.003213437 -0.154636472 -0.002496286 0.003186085 0.999991834 9.143264771
0.999910533 0.013107906 0.002668370 -0.033254933 -0.013097151 0.999906182 -0.004009009 -0.155280113 -0.002720670 0.003973702 0.999988496 9.199606895
0.999914467 0.012795712 0.002696231 -0.033662617 -0.012786197 0.999912083 -0.003517092 -0.156479284 -0.002740997 0.003482317 0.999990225 9.256358147
0.999916196 0.012742364 0.002292890 -0.033471264 -0.012737092 0.999916255 -0.002300234 -0.157991052 -0.002322008 0.002270836 0.999994695 9.309849739
0.999893010 0.014541883 0.001538769 -0.032934282 -0.014538327 0.999891698 -0.002297402 -0.159296140 -0.001572011 0.002274786 0.999996185 9.365598679
0.999880016 0.015265326 0.002661179 -0.033792943 -0.015257783 0.999879599 -0.002832168 -0.159885377 -0.002704093 0.002791224 0.999992430 9.422610283
0.999909520 0.013193056 0.002604887 -0.034764290 -0.013186637 0.999909937 -0.002466164 -0.160797417 -0.002637188 0.002431591 0.999993563 9.478433609
0.999927998 0.011963679 0.000953573 -0.033513602 -0.011962496 0.999927580 -0.001239292 -0.162394136 -0.000968330 0.001227796 0.999998808 9.535984039
0.999956906 0.008882330 0.002699917 -0.035388730 -0.008879776 0.999960124 -0.000955615 -0.162683263 -0.002708297 0.000931599 0.999995887 9.591675758
0.999969184 0.007809313 0.000744403 -0.034186512 -0.007807832 0.999967515 -0.001971408 -0.163984671 -0.000759774 0.001965534 0.999997735 9.648551941
0.999984205 0.005467318 0.001296983 -0.035386998 -0.005462809 0.999979198 -0.003454410 -0.164349645 -0.001315842 0.003447270 0.999993145 9.705635071
0.999990821 0.003590645 0.002304588 -0.034823149 -0.003589070 0.999993324 -0.000687227 -0.165690601 -0.002307039 0.000678950 0.999997079 9.758316994
0.999956667 0.008541987 0.003689100 -0.036214154 -0.008545685 0.999963045 0.000987896 -0.169231012 -0.003680525 -0.001019380 0.999992669 9.816800117
0.999994934 0.001100565 0.002990848 -0.035050094 -0.001101098 0.999999404 0.000176675 -0.167552993 -0.002990651 -0.000179967 0.999995470 9.870493889
0.999995291 -0.000890427 0.002969298 -0.034932993 0.000892970 0.999999166 -0.000855171 -0.168272704 -0.002968535 0.000857818 0.999995232 9.927377701
0.999993920 0.000887352 0.003395106 -0.034980141 -0.000883299 0.999998868 -0.001195214 -0.169143036 -0.003396163 0.001192208 0.999993563 9.984349251
0.999974966 0.003621117 0.006079068 -0.037059467 -0.003609936 0.999991775 -0.001849351 -0.170000464 -0.006085715 0.001827361 0.999979854 10.042201996
0.999970436 0.004750867 0.006045075 -0.035887275 -0.004739237 0.999986887 -0.001936759 -0.170916215 -0.006054197 0.001908052 0.999979794 10.095200539
0.999940157 0.008174353 0.007274694 -0.036721483 -0.008159625 0.999964654 -0.002051884 -0.172476441 -0.007291209 0.001992402 0.999971449 10.152082443
0.999924958 0.009231694 0.008057108 -0.036981292 -0.009207695 0.999953091 -0.003010614 -0.173252940 -0.008084523 0.002936201 0.999962986 10.210742950
0.999934077 0.007609057 0.008592906 -0.035167776 -0.007581979 0.999966204 -0.003179394 -0.173990548 -0.008616808 0.003114033 0.999957979 10.260583878
0.999941766 0.005645459 0.009194179 -0.035818368 -0.005602377 0.999973238 -0.004704843 -0.173990428 -0.009220492 0.004653060 0.999946713 10.319979668
0.999939203 0.002046445 0.010842488 -0.037583970 -0.001998793 0.999988317 -0.004404012 -0.173739135 -0.010851374 0.004382071 0.999931455 10.377910614
0.999917269 0.006530064 0.011092150 -0.034241609 -0.006508045 0.999976873 -0.002020079 -0.177984461 -0.011105087 0.001947724 0.999936402 10.426257133
0.999927640 0.005417720 0.010737093 -0.032618396 -0.005396960 0.999983430 -0.001961651 -0.178970993 -0.010747543 0.001903562 0.999940455 10.482573509
0.999922693 0.005235828 0.011279744 -0.032873392 -0.005191755 0.999978781 -0.003933010 -0.180548295 -0.011300099 0.003874145 0.999928653 10.536806107
0.999929428 0.004873086 0.010832051 -0.032204412 -0.004802986 0.999967396 -0.006488215 -0.181459486 -0.010863316 0.006435731 0.999920309 10.592169762
0.999928474 0.005655977 0.010533918 -0.032304645 -0.005588559 0.999963760 -0.006418597 -0.183017164 -0.010569841 0.006359269 0.999923944 10.646381378
0.999945879 0.004229172 0.009504360 -0.031743839 -0.004169420 0.999971449 -0.006297777 -0.184539825 -0.009530722 0.006257809 0.999934971 10.703082085
0.999949396 0.004540041 0.008981269 -0.031852022 -0.004476416 0.999964833 -0.007091619 -0.185806021 -0.009013151 0.007051055 0.999934554 10.759182930
0.999952137 0.005386411 0.008171114 -0.031443529 -0.005323712 0.999956310 -0.007675594 -0.186548889 -0.008212104 0.007631724 0.999937177 10.815207481
0.999950409 0.005900752 0.008033245 -0.032452218 -0.005848158 0.999961376 -0.006554920 -0.188425049 -0.008071615 0.006507614 0.999946237 10.869000435
0.999964952 0.005797034 0.006026234 -0.030334458 -0.005754502 0.999958694 -0.007051338 -0.189258635 -0.006066860 0.007016414 0.999956965 10.927886963
0.999976933 0.004187992 0.005334098 -0.030241139 -0.004161310 0.999978900 -0.005003549 -0.190830961 -0.005354940 0.004981237 0.999973238 10.980802536
0.999968171 0.006051342 0.005194711 -0.031254750 -0.006032356 0.999975085 -0.003662913 -0.191921145 -0.005216747 0.003631461 0.999979794 11.034222603
0.999947309 0.008080868 0.006320141 -0.032219000 -0.008052827 0.999957681 -0.004449962 -0.191949829 -0.006355831 0.004398833 0.999970078 11.092999458
0.999934793 0.008300278 0.007842096 -0.033084035 -0.008266843 0.999956667 -0.004286489 -0.194240361 -0.007877332 0.004221379 0.999960065 11.151889801
0.999941051 0.007440397 0.007906991 -0.032274067 -0.007405495 0.999962747 -0.004434294 -0.194693863 -0.007939690 0.004375477 0.999958932 11.204143524
0.999949396 0.006415626 0.007748509 -0.031730510 -0.006372014 0.999963820 -0.005640069 -0.195784032 -0.007784413 0.005590409 0.999954104 11.259800911
0.999955833 0.004353109 0.008346187 -0.031541757 -0.004291413 0.999963462 -0.007395864 -0.197025910 -0.008378078 0.007359719 0.999937832 11.316896439
0.999949813 0.004803482 0.008793794 -0.031884290 -0.004726525 0.999950588 -0.008751181 -0.197958812 -0.008835397 0.008709178 0.999923050 11.372292519
0.999966085 0.005160236 0.006415512 -0.031582609 -0.005097949 0.999940038 -0.009687568 -0.199450552 -0.006465118 0.009654533 0.999932468 11.429825783
0.999969900 0.006304520 0.004525297 -0.031481326 -0.006261928 0.999936521 -0.009365035 -0.200091958 -0.004584053 0.009336417 0.999945879 11.485493660
0.999967337 0.007069641 0.003905497 -0.031298708 -0.007047766 0.999959528 -0.005586583 -0.201829866 -0.003944835 0.005558875 0.999976754 11.541413307
0.999975204 0.005605052 0.004263956 -0.031101137 -0.005594438 0.999981344 -0.002497059 -0.203270033 -0.004277872 0.002473142 0.999987781 11.601442337
0.999973953 0.004238423 0.005852176 -0.033449233 -0.004229735 0.999989927 -0.001496141 -0.204484954 -0.005858459 0.001471349 0.999981761 11.655421257
0.999976099 0.003076385 0.006186978 -0.033441037 -0.003060888 0.999992192 -0.002512708 -0.205506116 -0.006194660 0.002493710 0.999977708 11.710344315
0.999984801 0.002213228 0.005036796 -0.030989185 -0.002199241 0.999993742 -0.002780858 -0.206635296 -0.005042919 0.002769739 0.999983370 11.773217201
0.999983668 0.002798279 0.004981040 -0.030036084 -0.002781365 0.999990404 -0.003399190 -0.207409605 -0.004990505 0.003385281 0.999981761 11.831681252
0.999977708 0.003332187 0.005784261 -0.030523717 -0.003314545 0.999989748 -0.003056921 -0.208771363 -0.005794388 0.003037681 0.999978542 11.888021469
0.999965012 0.005376105 0.006412893 -0.030461065 -0.005350299 0.999977529 -0.004034510 -0.210128233 -0.006434439 0.004000058 0.999971271 11.943576813
0.999958754 0.005654293 0.007111208 -0.030735493 -0.005621809 0.999973655 -0.004579681 -0.211243346 -0.007136917 0.004539513 0.999964178 12.002265930
0.999967694 0.002451309 0.007663806 -0.030155525 -0.002436889 0.999995172 -0.001890318 -0.212381259 -0.007668405 0.001871580 0.999968827 12.058151245
0.999961376 0.003323617 0.008129164 -0.030023985 -0.003311512 0.999993384 -0.001502284 -0.213737249 -0.008134103 0.001475306 0.999965847 12.114212036
0.999958456 0.002324934 0.008803959 -0.030146077 -0.002297294 0.999992371 -0.003148397 -0.214612722 -0.008811213 0.003128042 0.999956250 12.167740822
0.999959171 0.003827867 0.008186167 -0.029652797 -0.003805956 0.999989152 -0.002690547 -0.216204554 -0.008196378 0.002659281 0.999962807 12.228167534
0.999948502 0.006110961 0.008099099 -0.029793285 -0.006074330 0.999971271 -0.004539794 -0.217607185 -0.008126608 0.004490362 0.999956846 12.283347130
0.999950409 0.007188661 0.006894768 -0.029224157 -0.007135694 0.999945045 -0.007676289 -0.218544409 -0.006949571 0.007626710 0.999946773 12.341900826
0.999925196 0.010194099 0.006756030 -0.029860064 -0.010138514 0.999914885 -0.008211163 -0.219459385 -0.006839158 0.008142053 0.999943495 12.397770882
0.999914348 0.011375682 0.006476614 -0.030061647 -0.011344257 0.999923766 -0.004868258 -0.220822215 -0.006531501 0.004794369 0.999967158 12.452573776
0.999941647 0.009851825 0.004418836 -0.029427059 -0.009849127 0.999951243 -0.000631645 -0.222415015 -0.004424844 0.000588086 0.999990046 12.511978149
0.999935150 0.010803632 0.003601891 -0.030318197 -0.010797068 0.999940038 -0.001836989 -0.223388299 -0.003621521 0.001797980 0.999991834 12.569304466
0.999942839 0.010599340 0.001391928 -0.029893758 -0.010593962 0.999936581 -0.003816109 -0.224440873 -0.001432289 0.003801145 0.999991775 12.626161575
0.999968290 0.007940111 -0.000646753 -0.030034786 -0.007941419 0.999966383 -0.002047511 -0.225967810 0.000630474 0.002052582 0.999997675 12.682014465
0.999977946 0.006234406 -0.002292843 -0.029381681 -0.006236541 0.999980092 -0.000925729 -0.227579460 0.002287026 0.000940007 0.999996901 12.738785744
0.999976516 0.006321070 -0.002643961 -0.030023880 -0.006326753 0.999977648 -0.002146401 -0.228549272 0.002630335 0.002163077 0.999994218 12.796450615
0.999981046 0.005574164 -0.002606756 -0.030630309 -0.005581429 0.999980509 -0.002787519 -0.229859114 0.002591167 0.002802015 0.999992728 12.852907181
0.999982655 0.004983736 -0.003125597 -0.030424949 -0.004991964 0.999984026 -0.002630110 -0.231356323 0.003112439 0.002645668 0.999991715 12.908659935
0.999985874 0.004732024 -0.002468775 -0.031351920 -0.004740043 0.999983490 -0.003251713 -0.232165039 0.002453347 0.003263368 0.999991596 12.965663910
0.999986172 0.004453521 -0.002806726 -0.031472325 -0.004462355 0.999985158 -0.003149085 -0.234223709 0.002792659 0.003161567 0.999991059 13.023315430
0.999988914 0.004431653 -0.001581690 -0.033117518 -0.004438927 0.999979436 -0.004625204 -0.234304070 0.001561160 0.004632174 0.999988019 13.079367638
0.999988973 0.004031554 -0.002396852 -0.032025479 -0.004042008 0.999982297 -0.004373238 -0.235802650 0.002379179 0.004382879 0.999987543 13.136319160
0.999990940 0.003406935 -0.002519144 -0.032665677 -0.003419850 0.999981046 -0.005140429 -0.236949146 0.002501582 0.005148998 0.999983609 13.193655968
0.999992490 0.002719225 -0.002730800 -0.032289442 -0.002736856 0.999975324 -0.006473355 -0.238526285 0.002713130 0.006480780 0.999975324 13.249604225
0.999993742 0.002534079 -0.002432314 -0.032978881 -0.002544804 0.999987066 -0.004416583 -0.239997685 0.002421091 0.004422746 0.999987245 13.306854248
0.999998271 -0.000605748 -0.001754730 -0.033933267 0.000598945 0.999992311 -0.003875192 -0.240586668 0.001757064 0.003874135 0.999990940 13.362376213
0.999995291 -0.000913877 -0.002928816 -0.032724015 0.000901856 0.999991179 -0.004103160 -0.242569029 0.002932540 0.004100500 0.999987304 13.419097900
0.999997199 0.000752769 -0.002242794 -0.033609007 -0.000764427 0.999986172 -0.005201542 -0.243479431 0.002238848 0.005203241 0.999983966 13.476007462
0.999996245 0.001236593 -0.002436453 -0.033574529 -0.001245496 0.999992549 -0.003656244 -0.245189175 0.002431914 0.003659265 0.999990344 13.533283234
0.999994338 0.002478999 -0.002251494 -0.034072723 -0.002484603 0.999993861 -0.002489392 -0.246420667 0.002245309 0.002494973 0.999994338 13.590496063
0.999996185 0.002166698 -0.001717021 -0.034367949 -0.002171724 0.999993324 -0.002931012 -0.247564569 0.001710659 0.002934731 0.999994218 13.647495270
0.999996066 0.002042087 -0.001914057 -0.034611288 -0.002048320 0.999992609 -0.003259978 -0.249135032 0.001907386 0.003263886 0.999992847 13.705686569
0.999996126 0.002597471 -0.001011148 -0.035387762 -0.002601339 0.999989152 -0.003843858 -0.249955267 0.001001153 0.003846474 0.999992073 13.762269020
0.999995410 0.001946268 -0.002314959 -0.034873027 -0.001954873 0.999991179 -0.003720817 -0.251034975 0.002307697 0.003725326 0.999990404 13.820001602
0.999988198 0.004833765 -0.000496580 -0.036088273 -0.004835975 0.999977946 -0.004550806 -0.251966536 0.000474571 0.004553154 0.999989510 13.877952576
0.999979138 0.006419941 -0.000713806 -0.036515601 -0.006422547 0.999972463 -0.003708580 -0.253233999 0.000689978 0.003713087 0.999992847 13.935825348
0.999965072 0.008312051 0.000766651 -0.037446529 -0.008308131 0.999953032 -0.004980025 -0.254319221 -0.000808009 0.004973482 0.999987304 13.992923737
0.999942005 0.010552493 0.002123957 -0.038216725 -0.010539890 0.999927342 -0.005859125 -0.255747765 -0.002185631 0.005836399 0.999980569 14.049462318
0.999942839 0.010592645 0.001456356 -0.037677668 -0.010584472 0.999928772 -0.005510037 -0.256991297 -0.001514618 0.005494307 0.999983788 14.106488228
0.999939978 0.010872588 0.001355378 -0.037848108 -0.010865724 0.999928534 -0.004973478 -0.257932544 -0.001409356 0.004958453 0.999986708 14.164830208
