0.999986827 0.000477453 0.005113791 -0.001709419 -0.000482813 0.999999344 0.001046978 -0.000919685 -0.005113288 -0.001049433 0.999986291 0.046140261
0.999972045 0.000921725 -0.007422144 0.000727304 -0.000938078 0.999997139 -0.002200107 -0.000483974 0.007420095 0.002207008 0.999970019 0.055183876
0.999885678 0.002046950 -0.014983042 0.002455258 -0.002069267 0.999996781 -0.001474130 -0.000592133 0.014979977 0.001504966 0.999886632 0.057825226
0.999539316 0.001720080 -0.030301642 0.005627381 -0.001816485 0.999993384 -0.003154286 -0.000275713 0.030296016 0.003207875 0.999535799 0.061958954
0.999383390 0.003758516 -0.034908835 0.005830938 -0.003751915 0.999992907 0.000254601 -0.000573784 0.034909546 -0.000123469 0.999390423 0.069044247
0.999174118 0.003979277 -0.040438358 0.006830394 -0.004137923 0.999984086 -0.003840199 -0.000089379 0.040422432 0.004004358 0.999174654 0.075906150
0.998916686 0.004464108 -0.046320375 0.007713419 -0.004670651 0.999979675 -0.004351731 -0.000069320 0.046300001 0.004563363 0.998917103 0.079531521
0.998722613 0.003709070 -0.050393887 0.008386577 -0.003980763 0.999978065 -0.005292087 0.000061897 0.050373144 0.005485933 0.998715341 0.084373564
0.998392761 0.002977683 -0.056594942 0.009170277 -0.003257549 0.999982893 -0.004853472 0.000065746 0.056579519 0.005030032 0.998385370 0.089554615
0.997795165 0.004462152 -0.066219695 0.010380958 -0.004916986 0.999965429 -0.006707183 0.000186987 0.066187471 0.007017996 0.997782528 0.096427456
0.997425079 0.001657771 -0.071696952 0.010967195 -0.001662762 0.999998629 -0.000009929 -0.000991653 0.071696840 0.000129118 0.997426450 0.098634660
0.997310996 0.002257423 -0.073250487 0.011257518 -0.002242954 0.999997556 0.000279779 -0.000841877 0.073250934 -0.000114729 0.997313499 0.104165681
0.996959627 0.002955203 -0.077864505 0.011624523 -0.002777988 0.999993265 0.002384158 -0.000957848 0.077871032 -0.002160602 0.996961117 0.105582513
0.996681631 0.004753486 -0.081259139 0.012011238 -0.004636977 0.999987960 0.001622441 -0.000900014 0.081265867 -0.001240260 0.996691644 0.109279647
0.996080101 0.004545210 -0.088339284 0.012647643 -0.004526266 0.999989688 0.000414752 -0.001029607 0.088340268 -0.000013279 0.996090353 0.114217214
0.995612323 0.002596635 -0.093537599 0.013156656 -0.002889484 0.999991357 -0.002995523 -0.000970048 0.093529016 0.003252656 0.995611250 0.116753049
0.995366335 0.003137532 -0.096104413 0.013375302 -0.003293317 0.999993443 -0.001462429 -0.001192357 0.096099198 0.001772155 0.995370209 0.120451324
0.995016098 0.003260378 -0.099661365 0.013619713 -0.003295656 0.999994516 -0.000189349 -0.001032884 0.099660195 0.000516855 0.995021403 0.123783022
0.994515955 0.002891620 -0.104545757 0.013992555 -0.002705588 0.999994457 0.001921198 -0.001100730 0.104550742 -0.001627804 0.994518220 0.127117082
0.994049907 0.001660745 -0.108912602 0.014247180 -0.001600333 0.999998450 0.000642092 -0.001073774 0.108913496 -0.000463976 0.994051218 0.130779758
0.993562460 0.001691006 -0.113272831 0.014465064 -0.001668911 0.999998510 0.000289888 -0.001139826 0.113273151 -0.000098980 0.993563950 0.134284586
0.993307471 0.001488816 -0.115489542 0.014522474 -0.001529779 0.999998808 -0.000266059 -0.001174814 0.115489006 0.000440952 0.993308663 0.135942802
0.993244171 0.000092364 -0.116043262 0.014383534 -0.000068188 1.000000000 0.000212304 -0.001225299 0.116043277 -0.000202957 0.993244112 0.138110533
0.992982328 -0.000099009 -0.118262999 0.014362484 0.000194521 0.999999642 0.000796080 -0.001192024 0.118262880 -0.000813498 0.992981970 0.140313938
0.992405176 -0.001067435 -0.123007677 0.014580633 0.001401997 0.999995589 0.002633326 -0.001319016 0.123004340 -0.002785783 0.992402196 0.143644720
0.992042720 -0.001740542 -0.125889644 0.014646076 0.002156788 0.999992728 0.003170209 -0.001417485 0.125883222 -0.003416500 0.992039144 0.146527529
0.991556227 -0.002658330 -0.129650250 0.014691319 0.003046380 0.999991536 0.002794823 -0.001397604 0.129641727 -0.003166188 0.991555750 0.149207205
0.991178513 0.000818313 -0.132530957 0.014681684 -0.000509007 0.999997079 0.002367704 -0.001268652 0.132532537 -0.002279358 0.991176009 0.151870295
0.990943551 0.003120837 -0.134243205 0.014585171 -0.002779342 0.999992430 0.002731180 -0.001251459 0.134250715 -0.002333338 0.990944624 0.154369310
0.990943789 0.004053624 -0.134216204 0.014389990 -0.003598370 0.999986947 0.003634350 -0.001260377 0.134229183 -0.003118477 0.990945399 0.155887276
0.990115047 0.004133981 -0.140196100 0.014553087 -0.003806890 0.999989450 0.002601190 -0.001315984 0.140205353 -0.002041766 0.990120292 0.158668369
0.989874005 0.001854563 -0.141936585 0.014361937 -0.001592327 0.999996781 0.001961110 -0.001336101 0.141939834 -0.001715242 0.989873827 0.161231309
0.989156008 -0.000179989 -0.146868095 0.014413578 0.000391502 0.999998987 0.001411250 -0.001325927 0.146867707 -0.001453446 0.989155173 0.163859442
0.989010096 0.000294137 -0.147847578 0.014093792 -0.000033716 0.999998391 0.001763919 -0.001314235 0.147847876 -0.001739549 0.989008665 0.165836707
0.989183128 -0.000011199 -0.146685198 0.013576215 0.000571599 0.999992609 0.003778277 -0.001404075 0.146684065 -0.003821254 0.989176095 0.167499006
0.988949239 0.000953406 -0.148251340 0.013361376 -0.000683516 0.999998033 0.001871425 -0.001334202 0.148252830 -0.001749412 0.988947928 0.169760928
0.988094687 0.001366676 -0.153840780 0.013509242 -0.001177607 0.999998510 0.001320110 -0.001306986 0.153842360 -0.001123230 0.988094747 0.172387898
0.987690032 0.001585000 -0.156415477 0.013328953 -0.001507538 0.999998689 0.000613863 -0.001305845 0.156416267 -0.000370504 0.987691104 0.174482912
0.988143265 0.002472067 -0.153514758 0.012633983 -0.002268377 0.999996305 0.001501981 -0.001380434 0.153517887 -0.001135943 0.988145232 0.176072851
0.987769544 0.002514402 -0.155901134 0.012492413 -0.002274208 0.999996006 0.001719023 -0.001434201 0.155904859 -0.001343447 0.987771213 0.178217098
0.987890482 0.003753412 -0.155106932 0.011948531 -0.003486647 0.999992073 0.001991892 -0.001453471 0.155113176 -0.001426969 0.987895727 0.180209488
0.987652063 0.005290033 -0.156573638 0.011719840 -0.005114214 0.999985754 0.001525755 -0.001442647 0.156579494 -0.000706163 0.987665117 0.182243228
0.987341821 0.005855915 -0.158498421 0.011531224 -0.005965804 0.999982238 -0.000217526 -0.001429617 0.158494294 0.001160344 0.987359285 0.184376806
0.986726284 0.006314162 -0.162269846 0.011515761 -0.006520434 0.999978483 -0.000738633 -0.001370634 0.162261695 0.001786898 0.986746132 0.186742261
0.987092674 0.003932468 -0.160102114 0.011007767 -0.003487581 0.999989271 0.003059677 -0.001572702 0.160112441 -0.002461816 0.987095773 0.188581884
0.987354338 0.007250535 -0.158363104 0.010449793 -0.006883732 0.999972224 0.002864633 -0.001507733 0.158379495 -0.001738278 0.987376809 0.190402985
0.986883461 0.007842907 -0.161244079 0.010369187 -0.007721736 0.999969304 0.001378117 -0.001505031 0.161249936 -0.000114957 0.986913621 0.192639872
0.986948848 0.007085150 -0.160878763 0.010003235 -0.007389850 0.999971867 -0.001295709 -0.001496873 0.160865068 0.002467668 0.986973345 0.194616199
0.986142218 0.006714536 -0.165766463 0.010087285 -0.007352492 0.999967813 -0.003235168 -0.001422734 0.165739402 0.004409132 0.986159801 0.197092444
0.985625803 0.006315499 -0.168824509 0.010100268 -0.007096380 0.999966681 -0.004022446 -0.001358829 0.168793499 0.005162671 0.985637844 0.199522585
0.985701621 0.007246044 -0.168344125 0.009599969 -0.007866067 0.999964535 -0.003016483 -0.001386381 0.168316290 0.004297558 0.985723615 0.201309815
0.985312462 0.007111906 -0.170612812 0.009403888 -0.007526292 0.999970019 -0.001782141 -0.001423276 0.170595050 0.003040047 0.985336483 0.203472555
0.985127926 0.006616378 -0.171695024 0.009104885 -0.006763834 0.999977112 -0.000273825 -0.001519943 0.171689287 0.001431069 0.985150099 0.205448925
0.985013068 0.007152256 -0.172331229 0.008764353 -0.007706010 0.999967098 -0.002544523 -0.001446112 0.172307372 0.003834374 0.985035717 0.207626909
0.984745860 0.006654508 -0.173871472 0.008443329 -0.007287750 0.999968946 -0.003003831 -0.001501542 0.173846111 0.004225141 0.984763801 0.209729463
0.984515369 0.007173055 -0.175151378 0.008101348 -0.007865305 0.999963880 -0.003258437 -0.001527863 0.175121665 0.004585600 0.984536052 0.211877719
0.984211624 0.007546211 -0.176834911 0.007813767 -0.008359542 0.999957621 -0.003854829 -0.001439488 0.176798344 0.005272226 0.984232903 0.213985607
0.983685732 0.008418365 -0.179698184 0.007593773 -0.009120598 0.999953687 -0.003081990 -0.001491689 0.179663911 0.004670665 0.983716905 0.216150314
0.983501911 0.009466042 -0.180649996 0.007286854 -0.010288154 0.999940455 -0.003614386 -0.001508348 0.180605069 0.005413310 0.983540773 0.217968211
0.983349741 0.009336101 -0.181483105 0.006862465 -0.010384295 0.999934435 -0.004826379 -0.001543632 0.181426167 0.006630593 0.983382165 0.219932944
0.982550561 0.010127598 -0.185719952 0.006751377 -0.011402173 0.999918163 -0.005796037 -0.001478446 0.185646057 0.007812510 0.982585609 0.222042844
0.982229531 0.011680147 -0.187319890 0.006412625 -0.012889683 0.999903142 -0.005240310 -0.001528274 0.187240541 0.007561682 0.982285023 0.224094570
0.981625795 0.010082276 -0.190549508 0.006174259 -0.011058622 0.999930501 -0.004061153 -0.001577727 0.190495342 0.006093747 0.981669188 0.226244152
0.981625259 0.010266876 -0.190542132 0.005754378 -0.011547926 0.999917507 -0.005614028 -0.001594499 0.190468743 0.007711240 0.981662989 0.228141412
0.981445253 0.009336242 -0.191515341 0.005308729 -0.010792099 0.999920249 -0.006560074 -0.001676845 0.191438824 0.008505207 0.981467724 0.230065882
0.980594933 0.008586807 -0.195856795 0.005047876 -0.010246841 0.999919593 -0.007464035 -0.001664764 0.195776939 0.009326108 0.980604112 0.232007995
0.980146706 0.009219501 -0.198058859 0.004723560 -0.010875992 0.999914348 -0.007277424 -0.001625375 0.197974816 0.009287030 0.980163097 0.234170496
0.979981482 0.009091950 -0.198880762 0.004267242 -0.010493621 0.999926925 -0.005994883 -0.001693575 0.198811710 0.007961854 0.980005324 0.235987172
0.979450524 0.010010390 -0.201435849 0.003927376 -0.011524551 0.999913394 -0.006345469 -0.001620681 0.201354906 0.008536530 0.979481161 0.238128841
0.978710294 0.009796686 -0.205012664 0.003835969 -0.011314761 0.999916553 -0.006233786 -0.001668748 0.204934463 0.008420739 0.978739500 0.240448400
0.978298008 0.009697375 -0.206975803 0.003388073 -0.011334583 0.999913096 -0.006725748 -0.001727555 0.206892595 0.008925769 0.978323042 0.242458537
0.977686346 0.009000708 -0.209877133 0.002981413 -0.010701415 0.999918520 -0.006969098 -0.001855213 0.209797263 0.009059574 0.977702975 0.244458169
0.976720095 0.008187321 -0.214361355 0.002819415 -0.010226071 0.999912381 -0.008403584 -0.001851722 0.214273751 0.010400024 0.976718307 0.246765375
0.976533532 0.008729034 -0.215188548 0.002329011 -0.010781434 0.999906898 -0.008365734 -0.001904580 0.215095490 0.010489462 0.976536751 0.248760283
0.976029396 0.009421481 -0.217434689 0.001949254 -0.011682495 0.999890149 -0.009115432 -0.001903415 0.217324957 0.011437112 0.976032376 0.250783145
0.976450086 0.010754104 -0.215475202 0.001551922 -0.013113419 0.999868572 -0.009522708 -0.001829591 0.215344489 0.012124066 0.976462901 0.252237290
0.976366520 0.012218168 -0.215775847 0.001076549 -0.014520863 0.999853194 -0.009089566 -0.001931458 0.215633109 0.012007998 0.976400673 0.254011333
0.975823641 0.013483726 -0.218143210 0.000687759 -0.016094694 0.999818385 -0.010196514 -0.001935554 0.217966110 0.013460947 0.975863576 0.256084800
0.975575149 0.013322977 -0.219261497 0.000318270 -0.016344531 0.999794781 -0.011972345 -0.001881508 0.219056994 0.015263651 0.975592673 0.258155018
0.974948168 0.014028695 -0.221989751 -0.000079926 -0.016962271 0.999792159 -0.011313828 -0.001981596 0.221784905 0.014795847 0.974983394 0.260318607
0.974791467 0.014589923 -0.222640544 -0.000590235 -0.017557783 0.999781311 -0.011356617 -0.001987982 0.222426146 0.014979407 0.974834442 0.262516439
0.975230217 0.013143425 -0.220801339 -0.000827383 -0.015979066 0.999811113 -0.011061191 -0.001999649 0.220614269 0.014315404 0.975256026 0.263661742
0.974573910 0.012784397 -0.223701581 -0.001115616 -0.015403565 0.999831676 -0.009967150 -0.002125201 0.223536521 0.013159525 0.974606752 0.265615493
0.974370837 0.012892332 -0.224577680 -0.001492880 -0.015798310 0.999813080 -0.011147557 -0.002164419 0.224391952 0.014409803 0.974392414 0.267357409
0.973957539 0.012832791 -0.226367220 -0.001838081 -0.016045392 0.999794841 -0.012357664 -0.002222072 0.226162225 0.015667986 0.973963618 0.269239098
0.973469913 0.011456724 -0.228528127 -0.002230961 -0.014665893 0.999816179 -0.012349406 -0.002222713 0.228344664 0.015373345 0.973458946 0.271581620
0.973157406 0.010439818 -0.229903728 -0.002732433 -0.013954053 0.999809206 -0.013665115 -0.002285710 0.229717210 0.016506394 0.973117411 0.273102462
0.972458124 0.010405558 -0.232845187 -0.002451941 -0.014024486 0.999805152 -0.013892041 -0.002230264 0.232655272 0.016774962 0.972414613 0.274233103
0.972283602 0.011239300 -0.233534053 -0.002952851 -0.014862016 0.999794900 -0.013758590 -0.002347022 0.233331531 0.016848041 0.972251296 0.276014060
0.971484542 0.011778920 -0.236810088 -0.003177531 -0.015681835 0.999770403 -0.014604303 -0.002395984 0.236583710 0.017901471 0.971446157 0.277550846
0.971018910 0.011249729 -0.238737941 -0.003334150 -0.015722696 0.999734640 -0.016839771 -0.002310897 0.238485128 0.020105340 0.970938087 0.278526515
0.970500529 0.014206585 -0.240679890 -0.003356740 -0.018960783 0.999667883 -0.017448843 -0.002369296 0.240352094 0.021497589 0.970447659 0.279141247
0.970954895 0.015668243 -0.238748908 -0.003552936 -0.020111995 0.999666631 -0.016187808 -0.002397672 0.238415673 0.020519346 0.970946491 0.279287994
0.971066296 0.014478537 -0.238370880 -0.003440022 -0.018313779 0.999735892 -0.013882475 -0.002406494 0.238106892 0.017846279 0.971074998 0.279238790
0.971095085 0.014455831 -0.238254949 -0.003486499 -0.017894089 0.999764562 -0.012274388 -0.002400198 0.238021404 0.016182955 0.971125126 0.279277027
0.971215665 0.013634584 -0.237811521 -0.003864717 -0.017259033 0.999764383 -0.013165334 -0.002370270 0.237575978 0.016890781 0.971222103 0.279644161
0.970830321 0.013917655 -0.239363462 -0.003713518 -0.017680801 0.999751449 -0.013581267 -0.002369253 0.239114970 0.017417246 0.970835090 0.279655695
0.970848918 0.013425101 -0.239316329 -0.003709111 -0.017397802 0.999743581 -0.014495354 -0.002392340 0.239060372 0.018236378 0.970833540 0.279751807
0.970536172 0.012231261 -0.240645006 -0.003679074 -0.016413622 0.999746978 -0.015383022 -0.002410091 0.240395948 0.018879637 0.970491350 0.279961288
0.970052123 0.012067940 -0.242596880 -0.003636166 -0.016080568 0.999764502 -0.014566915 -0.002433921 0.242363960 0.018031763 0.970017850 0.280181557
0.970126688 0.008191639 -0.242460445 -0.003703613 -0.012592648 0.999782801 -0.016607257 -0.002440226 0.242271736 0.019164363 0.970019162 0.280445963
0.970099866 0.006732458 -0.242612839 -0.003854528 -0.010983892 0.999808848 -0.016175155 -0.002603036 0.242457554 0.018356351 0.969988346 0.280536234
0.969948411 0.006783968 -0.243216023 -0.003968868 -0.010448288 0.999850512 -0.013779296 -0.002757313 0.243086159 0.015906403 0.969874263 0.280716538
0.969668865 0.010861083 -0.244180560 -0.004193053 -0.015201699 0.999758065 -0.015898721 -0.002494443 0.243948802 0.019128455 0.969599426 0.281392127
0.969378769 0.010054105 -0.245364264 -0.004180104 -0.014646203 0.999749959 -0.016897839 -0.002443115 0.245133013 0.019974066 0.969283640 0.281763464
0.969356000 0.007990859 -0.245530277 -0.004183695 -0.012535864 0.999777615 -0.016953638 -0.002477996 0.245340228 0.019512050 0.969240665 0.282131046
0.969179928 0.005574624 -0.246290505 -0.003994070 -0.010247644 0.999790847 -0.017695982 -0.002474976 0.246140361 0.019674491 0.969034433 0.282134950
0.968834877 0.004674125 -0.247663438 -0.003880680 -0.009411207 0.999794662 -0.017946696 -0.002466208 0.247528687 0.019718196 0.968679905 0.281873435
0.969512522 0.008278040 -0.244901761 -0.003988333 -0.012645083 0.999787807 -0.016264824 -0.002448641 0.244715124 0.018865757 0.969411492 0.281510860
0.969925284 0.011264052 -0.243141592 -0.004097790 -0.015505515 0.999759078 -0.015537681 -0.002419352 0.242907956 0.018840427 0.969866335 0.281122237
0.970642149 0.013782140 -0.240132704 -0.004352696 -0.018603023 0.999668181 -0.017820623 -0.002361743 0.239807367 0.021764643 0.970576525 0.280952096
0.970022917 0.013528415 -0.242636621 -0.004217599 -0.018650763 0.999648809 -0.018826528 -0.002429761 0.242296681 0.022787523 0.969934583 0.280814439
0.969680011 0.012912672 -0.244037017 -0.004239254 -0.017838374 0.999679089 -0.017984923 -0.002426232 0.243726492 0.021792840 0.969599187 0.281059891
0.970165431 0.012065927 -0.242143422 -0.004419047 -0.016476788 0.999733090 -0.016199097 -0.002436269 0.241883278 0.019705551 0.970105290 0.281320393
0.969948828 0.009275721 -0.243132114 -0.004541997 -0.013431715 0.999790549 -0.015441394 -0.002433335 0.242937922 0.018243045 0.969870329 0.281484485
0.969980955 0.006846759 -0.243084714 -0.004598152 -0.011047119 0.999812186 -0.015920466 -0.002488853 0.242930055 0.018127937 0.969874382 0.281662673
0.969852448 0.003687590 -0.243664950 -0.004701231 -0.008171015 0.999815404 -0.017391803 -0.002551092 0.243555829 0.018858474 0.969703555 0.281946868
0.969455242 0.002382179 -0.245256975 -0.004783191 -0.007660059 0.999759078 -0.020568121 -0.002539564 0.245148927 0.021818556 0.969239950 0.282308370
0.969420254 0.003424514 -0.245382652 -0.004830360 -0.008806430 0.999744117 -0.020838866 -0.002517657 0.245248482 0.022362567 0.969202280 0.282437086
0.969447136 0.002938612 -0.245282799 -0.004864924 -0.007880710 0.999785304 -0.019169524 -0.002565984 0.245173752 0.020516846 0.969262123 0.282422572
0.969231009 0.004623432 -0.246109441 -0.004904591 -0.009228599 0.999803185 -0.017561788 -0.002531697 0.245979816 0.019292679 0.969082952 0.282306373
0.969418526 0.004770087 -0.245366633 -0.005004656 -0.009739712 0.999771297 -0.019044416 -0.002527941 0.245219633 0.020851815 0.969243288 0.282295018
0.969313741 0.004549509 -0.245784625 -0.005012773 -0.009370576 0.999785841 -0.018449055 -0.002549492 0.245648056 0.020186065 0.969148874 0.282450020
0.968849421 0.003304143 -0.247628376 -0.004983217 -0.008069984 0.999801159 -0.018233432 -0.002551334 0.247518882 0.019663807 0.968683481 0.282529891
0.968940079 0.004333603 -0.247257769 -0.005150266 -0.009232497 0.999783278 -0.018656936 -0.002568288 0.247123331 0.020360256 0.968770146 0.282799929
0.968852043 0.006185199 -0.247563034 -0.005195908 -0.011221278 0.999757648 -0.018936824 -0.002579659 0.247385904 0.021124950 0.968686759 0.282979459
0.969043553 0.004173676 -0.246854201 -0.005256861 -0.009307222 0.999763846 -0.019632692 -0.002585517 0.246713981 0.021322461 0.968853772 0.283149689
0.968927622 0.004909534 -0.247295737 -0.005319059 -0.009821955 0.999778152 -0.018634850 -0.002595757 0.247149378 0.020484751 0.968760848 0.283319116
0.968710899 0.006022985 -0.248118833 -0.005352534 -0.010751598 0.999785423 -0.017707231 -0.002601242 0.247958913 0.019820858 0.968567789 0.283490181
0.968913615 0.006707621 -0.247308657 -0.005419537 -0.011256378 0.999792457 -0.016983746 -0.002614399 0.247143418 0.019239578 0.968787849 0.283727109
0.969580114 0.008228066 -0.244636223 -0.005595807 -0.012872403 0.999765873 -0.017391888 -0.002631950 0.244435862 0.020011881 0.969458938 0.284020185
0.969844997 0.008579785 -0.243571624 -0.005730785 -0.013415976 0.999744236 -0.018203376 -0.002660408 0.243353173 0.020922199 0.969712019 0.284106791
0.970360398 0.007555591 -0.241543993 -0.005823668 -0.012261336 0.999763072 -0.017984774 -0.002679847 0.241350859 0.020413369 0.970223188 0.284305006
0.971047282 0.006551926 -0.238797352 -0.005977668 -0.011033871 0.999787033 -0.017436873 -0.002717081 0.238632262 0.019566886 0.970912874 0.284155130
0.971259952 0.005905432 -0.237947524 -0.006022248 -0.010305951 0.999798000 -0.017253889 -0.002728943 0.237797543 0.019210288 0.971124828 0.284391671
0.971609712 0.004941517 -0.236537606 -0.006108243 -0.009231453 0.999812245 -0.017032301 -0.002738363 0.236409023 0.018732332 0.971473098 0.284574181
0.972020984 0.005669604 -0.234825522 -0.006212909 -0.009817111 0.999815702 -0.016496835 -0.002730136 0.234688684 0.018340580 0.971897602 0.284736127
0.972333252 0.005981616 -0.233521357 -0.006265014 -0.010145303 0.999810100 -0.016632896 -0.002728335 0.233377516 0.018541861 0.972209454 0.284764081
0.972331941 0.006941464 -0.233500317 -0.006195005 -0.011515741 0.999767423 -0.018232405 -0.002718734 0.233319461 0.020416876 0.972185731 0.284662217
0.972583234 0.006972409 -0.232450500 -0.006302364 -0.012055203 0.999718130 -0.020452725 -0.002718106 0.232242376 0.022694215 0.972393155 0.284736574
0.972803712 0.007387897 -0.231512874 -0.006409019 -0.012784192 0.999680281 -0.021817263 -0.002742290 0.231277600 0.024183623 0.972587168 0.284867644
0.972818911 0.007784281 -0.231436297 -0.006481875 -0.013190946 0.999674797 -0.021823080 -0.002735025 0.231191173 0.024282770 0.972605228 0.284975260
0.972842574 0.007224436 -0.231355265 -0.006566800 -0.012260593 0.999718010 -0.020337669 -0.002746579 0.231143102 0.022621904 0.972656786 0.285066277
0.972881317 0.007588896 -0.231180534 -0.006643713 -0.012720156 0.999704540 -0.020713460 -0.002747004 0.230955034 0.023092391 0.972690284 0.285162151
0.972967982 0.006540332 -0.230847582 -0.006740622 -0.011448885 0.999735832 -0.019930013 -0.002744099 0.230656266 0.022034209 0.972785830 0.285250485
0.972863019 0.005218351 -0.231322944 -0.006762274 -0.010141054 0.999746621 -0.020096712 -0.002740651 0.231159464 0.021897202 0.972669423 0.285282791
0.972723544 0.005862920 -0.231893539 -0.006864503 -0.010716507 0.999749005 -0.019676065 -0.002745295 0.231719971 0.021624461 0.972542167 0.285399318
0.972705483 0.004860133 -0.231992260 -0.006966997 -0.009553230 0.999771774 -0.019110363 -0.002753516 0.231846452 0.020805031 0.972529888 0.285471380
0.972725987 0.004990182 -0.231903434 -0.007062074 -0.009632918 0.999775112 -0.018892048 -0.002773606 0.231757000 0.020610692 0.972555280 0.285550147
0.972524405 0.004431062 -0.232758701 -0.007142872 -0.008908591 0.999794900 -0.018189104 -0.002772735 0.232630357 0.019762902 0.972364426 0.285637528
0.972420216 0.005329488 -0.233174950 -0.007216323 -0.009552998 0.999810100 -0.016987467 -0.002777702 0.233040139 0.018746478 0.972286403 0.285722136
0.972221196 0.005533861 -0.233998477 -0.007281009 -0.009524100 0.999827862 -0.015925845 -0.002785478 0.233870044 0.017712068 0.972106457 0.285830498
0.972397685 0.005949954 -0.233254030 -0.007368691 -0.009927090 0.999824584 -0.015880397 -0.002807131 0.233118668 0.017757598 0.972286105 0.285955995
0.972339749 0.004896446 -0.233519480 -0.007458065 -0.008914807 0.999829769 -0.016155438 -0.002806254 0.233400613 0.017790359 0.972217858 0.286085576
0.972280025 0.004583803 -0.233774632 -0.007516611 -0.008548930 0.999836206 -0.015950838 -0.002828344 0.233663246 0.017507205 0.972159922 0.286180764
0.972325861 0.005005916 -0.233575523 -0.007584192 -0.008769795 0.999847889 -0.015078395 -0.002828528 0.233464524 0.016709520 0.972221732 0.286278903
0.972641647 0.005021333 -0.232256457 -0.007668883 -0.008761787 0.999847949 -0.015076047 -0.002834711 0.232145458 0.016698571 0.972537756 0.286391079
0.972747684 0.006935307 -0.231762692 -0.007737093 -0.010181204 0.999866068 -0.012812088 -0.002839515 0.231642827 0.014822551 0.972688019 0.286493033
0.973312080 0.008519985 -0.229327098 -0.007844973 -0.011568945 0.999861598 -0.011954065 -0.002845984 0.229193509 0.014288107 0.973276019 0.286611378
0.973641694 0.009863363 -0.227869838 -0.007940680 -0.013044918 0.999837220 -0.012460267 -0.002857266 0.227709860 0.015104376 0.973611832 0.286717236
0.973761678 0.009968973 -0.227351770 -0.008012298 -0.013472014 0.999813139 -0.013861433 -0.002864109 0.227171138 0.016560618 0.973714054 0.286814064
0.973966837 0.010051959 -0.226467982 -0.008111645 -0.013492938 0.999815822 -0.013651222 -0.002871998 0.226289064 0.016351553 0.973922968 0.286908567
0.974122167 0.010965360 -0.225755915 -0.008201048 -0.013979490 0.999833167 -0.011756950 -0.002879161 0.225589335 0.014608657 0.974112988 0.287021607
0.974161446 0.011150397 -0.225577623 -0.008279748 -0.014522240 0.999806166 -0.013293738 -0.002883800 0.225385651 0.016226133 0.974134564 0.287103891
0.974457741 0.010684060 -0.224316686 -0.008388724 -0.014303269 0.999792278 -0.014515594 -0.002885212 0.224115044 0.017353293 0.974408269 0.287211120
0.974652529 0.009748945 -0.223511398 -0.008468591 -0.013187479 0.999816418 -0.013896622 -0.002891762 0.223334864 0.016491925 0.974602282 0.287348747
0.974657238 0.008310015 -0.223549128 -0.008569997 -0.011039005 0.999879003 -0.010960612 -0.002912190 0.223430991 0.013150602 0.974631011 0.287416220
0.975001752 0.009234271 -0.222005382 -0.008684829 -0.011513379 0.999893486 -0.008974012 -0.002904736 0.221898854 0.011305709 0.975004137 0.287487656
0.975168884 0.009307581 -0.221267104 -0.008764297 -0.011260731 0.999907911 -0.007567285 -0.002924925 0.221176282 0.009871009 0.975183904 0.287605822
0.975400209 0.010058593 -0.220212325 -0.008883208 -0.011868846 0.999905705 -0.006898928 -0.002922751 0.220122203 0.009342880 0.975427568 0.287692517
0.975556254 0.009653198 -0.219538033 -0.009006646 -0.011630115 0.999902666 -0.007714258 -0.002937912 0.219442204 0.010078944 0.975573421 0.287781537
0.975552201 0.007872242 -0.219626740 -0.009088725 -0.009901430 0.999917865 -0.008140023 -0.002941073 0.219544619 0.010115637 0.975549996 0.287915081
0.975052357 0.004934833 -0.221919984 -0.009133965 -0.006815990 0.999947071 -0.007711679 -0.002953074 0.221870184 0.009031895 0.975034297 0.288065195
0.974758685 0.004342423 -0.223218918 -0.009190645 -0.006103055 0.999955475 -0.007198207 -0.002966314 0.223177716 0.008378832 0.974741697 0.288264006
0.974518299 0.004046721 -0.224271625 -0.009222001 -0.005445135 0.999969423 -0.005617230 -0.002974208 0.224242046 0.006695284 0.974510431 0.288500637
0.973957121 0.004070163 -0.226695701 -0.009229515 -0.005267459 0.999975204 -0.004676833 -0.002980386 0.226671040 0.005749145 0.973954439 0.288698673
0.973783553 0.004322824 -0.227435842 -0.009302441 -0.005204215 0.999981105 -0.003275806 -0.002992296 0.227417380 0.004373550 0.973787546 0.288936824
0.973518133 0.004616428 -0.228563473 -0.009358820 -0.005317755 0.999982834 -0.002452631 -0.003006188 0.228548214 0.003603122 0.973525941 0.289132506
0.973612607 0.005123539 -0.228149459 -0.009495549 -0.005989772 0.999977231 -0.003104526 -0.003019626 0.228128344 0.004389169 0.973621190 0.289310515
0.973214686 0.005834635 -0.229824260 -0.009535085 -0.006650902 0.999974012 -0.002777216 -0.003025220 0.229802117 0.004231366 0.973228216 0.289451271
0.973393261 0.005686268 -0.229070574 -0.009652682 -0.006446755 0.999975801 -0.002571678 -0.003040971 0.229050428 0.003980016 0.973406434 0.289641827
0.972989440 0.004903759 -0.230797216 -0.009687297 -0.005627356 0.999981105 -0.002477031 -0.003044743 0.230780706 0.003708903 0.972998738 0.289682537
0.973069310 0.004972529 -0.230458796 -0.009799536 -0.005702233 0.999980569 -0.002500383 -0.003043509 0.230441898 0.003747175 0.973078907 0.289751172
0.973048806 0.003309592 -0.230576068 -0.009904683 -0.003651632 0.999992728 -0.001056689 -0.003053307 0.230570897 0.001870189 0.973053813 0.289840579
0.973388970 0.004092024 -0.229122952 -0.010049187 -0.004331892 0.999990523 -0.000543947 -0.003056219 0.229118526 0.001522008 0.973397374 0.289949119
0.973202705 0.004811127 -0.229898766 -0.010101695 -0.004797858 0.999988317 0.000616720 -0.003063616 0.229899064 0.000502828 0.973214447 0.290082484
0.973629653 0.005360176 -0.228071630 -0.010259513 -0.005305540 0.999985576 0.000852660 -0.003068715 0.228072882 0.000379868 0.973644018 0.290243626
0.973765671 0.005365410 -0.227490157 -0.010385606 -0.005436013 0.999985158 0.000316184 -0.003077982 0.227488518 0.000928750 0.973780274 0.290340304
0.973886311 0.006238658 -0.226950794 -0.010481931 -0.006252996 0.999980271 0.000655770 -0.003086350 0.226950392 0.000780477 0.973906040 0.290420562
0.973809183 0.006146507 -0.227283865 -0.010524794 -0.006313799 0.999980032 -0.000009027 -0.003083469 0.227279276 0.001443815 0.973828554 0.290435314
0.974109173 0.005895022 -0.226001203 -0.010646068 -0.006217347 0.999980390 -0.000714452 -0.003095084 0.225992560 0.002101082 0.974126756 0.290553927
0.974245608 0.003426893 -0.225463808 -0.010738876 -0.003917115 0.999990880 -0.001726974 -0.003097312 0.225455806 0.002565664 0.974250019 0.290664434
0.974252045 0.002586628 -0.225446641 -0.010792900 -0.002809379 0.999995828 -0.000667232 -0.003116759 0.225443959 0.001283417 0.974255323 0.290846348
0.974450588 0.002899893 -0.224583328 -0.010894760 -0.002292365 0.999992967 0.002965827 -0.003134005 0.224590316 -0.002375225 0.974450469 0.290930331
0.974729419 0.005106169 -0.223330587 -0.010995910 -0.004677669 0.999986053 0.002447657 -0.003128394 0.223339960 -0.001341137 0.974739730 0.291064382
0.974960446 0.005317257 -0.222315207 -0.011088859 -0.006421395 0.999970317 -0.004243998 -0.003138402 0.222286060 0.005565303 0.974965632 0.291215032
0.975046337 0.004969632 -0.221945927 -0.011166077 -0.006995769 0.999940813 -0.008343752 -0.003151630 0.221891284 0.009688227 0.975023329 0.291365862
0.975337565 0.006206741 -0.220631212 -0.011266284 -0.007046083 0.999970675 -0.003017483 -0.003172717 0.220606014 0.004497650 0.975352645 0.291494876
0.975716412 0.007913260 -0.218895033 -0.011360604 -0.007626846 0.999968648 0.002153418 -0.003153449 0.218905196 -0.000431647 0.975746036 0.291467696
0.975875318 0.007623439 -0.218195692 -0.011473354 -0.006644194 0.999964297 0.005221288 -0.003186143 0.218227684 -0.003645591 0.975891113 0.291589320
0.976113021 0.006779992 -0.217157632 -0.011617888 -0.005804457 0.999970078 0.005129835 -0.003188760 0.217185900 -0.003746816 0.976123035 0.291767538
0.975900054 0.006308049 -0.218126833 -0.011647515 -0.005490874 0.999975443 0.004352281 -0.003169430 0.218148932 -0.003049685 0.975910723 0.291882694
0.976145923 0.006346264 -0.217022955 -0.011756621 -0.005203562 0.999969423 0.005836406 -0.003177961 0.217053398 -0.004567890 0.976149082 0.292037845
0.976058543 0.007105381 -0.217391834 -0.011835996 -0.005682433 0.999958158 0.007169985 -0.003186627 0.217433706 -0.005763011 0.976058125 0.292155653
0.976346493 0.007365609 -0.216086760 -0.011951700 -0.005773172 0.999951363 0.007999724 -0.003200085 0.216135174 -0.006562996 0.976341426 0.292293668
0.976433694 0.006490957 -0.215719759 -0.012060914 -0.005339061 0.999968231 0.005922079 -0.003204208 0.215751350 -0.004630777 0.976437390 0.292438835
0.976464510 0.005400191 -0.215610906 -0.012191206 -0.004084476 0.999970257 0.006547371 -0.003219290 0.215639859 -0.005512617 0.976457417 0.292605013
0.976081610 0.004738918 -0.217352971 -0.012242910 -0.003276510 0.999969542 0.007088156 -0.003222801 0.217379957 -0.006206459 0.976067305 0.292658657
0.976296306 0.004578148 -0.216389522 -0.012348544 -0.002982715 0.999965906 0.007698981 -0.003232538 0.216417387 -0.006871059 0.976276755 0.292796165
0.976016819 0.004616594 -0.217646107 -0.012402501 -0.003169894 0.999970496 0.006995701 -0.003236281 0.217671975 -0.006138008 0.976002634 0.292899132
0.976076603 0.003836245 -0.217392474 -0.012519695 -0.002409320 0.999973774 0.006828493 -0.003248199 0.217412964 -0.006141366 0.976060390 0.293160826
0.975855887 0.002920836 -0.218395695 -0.012580171 -0.000957663 0.999958098 0.009094373 -0.003262946 0.218413100 -0.008665648 0.975817978 0.293298870
0.976113021 0.003020302 -0.217242375 -0.012692098 -0.000871432 0.999949753 0.009986699 -0.003286789 0.217261627 -0.009558834 0.976066589 0.293518066
0.976074934 0.003523024 -0.217406005 -0.012774993 -0.000925377 0.999926925 0.012049022 -0.003296048 0.217432573 -0.011559566 0.976006925 0.293709785
0.975780308 0.005162356 -0.218692005 -0.012816019 -0.001559469 0.999860346 0.016644124 -0.003303525 0.218747407 -0.015899964 0.975651860 0.293864697
0.975916922 0.006304565 -0.218051046 -0.012923732 -0.002002972 0.999799073 0.019942872 -0.003306928 0.218132988 -0.019025836 0.975733578 0.294049650
0.975963473 0.007164787 -0.217816323 -0.013002776 -0.002851137 0.999793708 0.020111911 -0.003329153 0.217915520 -0.019007467 0.975782514 0.294265330
0.976056457 0.005353307 -0.217451751 -0.013092663 -0.001561405 0.999843776 0.017605986 -0.003330365 0.217512041 -0.016844906 0.975912333 0.294434279
0.976289272 0.001733405 -0.216463044 -0.013198841 0.002024878 0.999851048 0.017139250 -0.003337265 0.216460526 -0.017171178 0.976140320 0.294541925
0.976775527 -0.000104639 -0.214264929 -0.013339393 0.003740147 0.999855876 0.016562022 -0.003344812 0.214232296 -0.016978763 0.976635218 0.294632643
0.976849496 0.001661846 -0.213920951 -0.013425719 0.002150032 0.999843061 0.017585201 -0.003359948 0.213916570 -0.017638031 0.976692736 0.294832975
0.976943552 0.004396993 -0.213452235 -0.013480175 -0.000685262 0.999847293 0.017459922 -0.003376259 0.213496432 -0.016911088 0.976797462 0.294981688
0.977177382 0.005165634 -0.212362021 -0.013585951 -0.001695846 0.999862075 0.016517922 -0.003383456 0.212418064 -0.015780805 0.977051437 0.295174867
0.977226138 0.004414512 -0.212154746 -0.013652023 -0.001208610 0.999883115 0.015238454 -0.003361712 0.212197259 -0.014635003 0.977117240 0.295349360
0.977211893 0.001434602 -0.212261379 -0.013740711 0.002174434 0.999857068 0.016768381 -0.003365386 0.212255105 -0.016847812 0.977069020 0.295443594
0.977487624 -0.000177805 -0.210992441 -0.013837315 0.003760071 0.999855518 0.016577099 -0.003367709 0.210959017 -0.016997257 0.977347136 0.295593262
0.977778137 -0.001231766 -0.209638864 -0.013986815 0.004671384 0.999862492 0.015912987 -0.003356214 0.209590420 -0.016538674 0.977649331 0.295776725
0.977629364 -0.001261272 -0.210331589 -0.014021605 0.004802910 0.999855161 0.016328387 -0.003364205 0.210280553 -0.016973315 0.977493703 0.295992106
0.977791548 -0.003569984 -0.209549561 -0.014103107 0.007252824 0.999832392 0.016809216 -0.003363511 0.209454447 -0.017955732 0.977653503 0.296067625
0.977782249 -0.001660945 -0.209616825 -0.014195338 0.005352767 0.999840260 0.017046159 -0.003383455 0.209555060 -0.017789461 0.977634966 0.296185821
0.978010416 -0.002076068 -0.208545849 -0.014346756 0.005425323 0.999865294 0.015489321 -0.003383436 0.208485633 -0.016280148 0.977889895 0.296463519
0.978105485 -0.003169457 -0.208085641 -0.014439091 0.006810059 0.999835908 0.016781637 -0.003417838 0.207998306 -0.017831286 0.977966547 0.296642661
0.977916479 -0.004469299 -0.208948418 -0.014504537 0.008253186 0.999817252 0.017240832 -0.003428471 0.208833158 -0.018584581 0.977774680 0.296745121
0.978083313 -0.004151199 -0.208172709 -0.014624514 0.008642992 0.999749005 0.020672299 -0.003460587 0.208034664 -0.022018464 0.977873504 0.296873212
0.978290021 -0.002731764 -0.207222432 -0.014747784 0.007665703 0.999705851 0.023010634 -0.003472907 0.207098603 -0.024099579 0.978023112 0.297032773
0.978754163 -0.002845291 -0.205017477 -0.014892522 0.007985975 0.999673963 0.024251316 -0.003511200 0.204881623 -0.025373340 0.978457808 0.297220170
0.978672683 -0.000807574 -0.205424339 -0.014964290 0.005332183 0.999755204 0.021473043 -0.003473414 0.205356672 -0.022110442 0.978437364 0.297450602
0.978928030 -0.001175812 -0.204201758 -0.015057128 0.005047311 0.999817133 0.018439397 -0.003459591 0.204142749 -0.019081511 0.978754997 0.297687024
0.977898479 -0.001658850 -0.209073663 -0.014970135 0.005912852 0.999787986 0.019723536 -0.003470185 0.208996609 -0.020523841 0.977701068 0.297973067
0.977237284 -0.004113410 -0.212109029 -0.014960285 0.008831114 0.999734104 0.021299314 -0.003485273 0.211965039 -0.022687646 0.977013826 0.298241884
0.977636158 -0.004321425 -0.210258871 -0.015097260 0.008893049 0.999744058 0.020802209 -0.003501071 0.210115135 -0.022206837 0.977424383 0.298397303
0.977887332 -0.005385594 -0.209062949 -0.015219472 0.009889496 0.999740899 0.020503951 -0.003476308 0.208898321 -0.022118084 0.977687240 0.298461735
0.978099644 -0.007689825 -0.207994953 -0.015334353 0.012546807 0.999678314 0.022042247 -0.003510627 0.207758546 -0.024169188 0.977881551 0.298727304
0.978673279 -0.012132379 -0.205064461 -0.015534114 0.016750837 0.999643266 0.020800985 -0.003491795 0.204738945 -0.023792373 0.978527367 0.298890293
0.978431106 -0.011495275 -0.206253409 -0.015571050 0.016233088 0.999641418 0.021293243 -0.003501051 0.205934674 -0.024182102 0.978266895 0.298975170
0.978211939 -0.010199412 -0.207358032 -0.015643116 0.015077768 0.999645174 0.021959409 -0.003491180 0.207060486 -0.024607453 0.978018641 0.299220890
0.978696585 -0.006638278 -0.205204666 -0.015805308 0.011406812 0.999691546 0.022063715 -0.003500355 0.204994887 -0.023934415 0.978470445 0.299453974
0.978750944 -0.001606897 -0.205046192 -0.015879955 0.006517387 0.999707818 0.023275096 -0.003517744 0.204948917 -0.024116889 0.978475511 0.299624860
0.978760958 0.000915966 -0.205002874 -0.015974980 0.003630615 0.999755740 0.021800896 -0.003521281 0.204972774 -0.022082154 0.978518605 0.299783975
0.978781521 0.001314674 -0.204901963 -0.016109262 0.002863763 0.999793947 0.020094497 -0.003516672 0.204886168 -0.020254916 0.978576243 0.299985021
0.978762448 0.000747527 -0.204996213 -0.016186435 0.003439252 0.999792755 0.020066626 -0.003524260 0.204968706 -0.020345496 0.978557110 0.300160557
0.978502691 -0.001100068 -0.206231117 -0.016291652 0.005659361 0.999752462 0.021519089 -0.003524758 0.206156358 -0.022223623 0.978266656 0.300348967
0.978367329 -0.001532267 -0.206869587 -0.016383607 0.006535345 0.999702513 0.023503488 -0.003532098 0.206772029 -0.024347015 0.978086174 0.300532639
0.978588521 -0.000735753 -0.205825284 -0.016523238 0.005790089 0.999696314 0.023955191 -0.003525352 0.205745175 -0.024634024 0.978295505 0.300712287
0.979019701 -0.003168790 -0.203740880 -0.016695112 0.007890940 0.999718606 0.022369042 -0.003543901 0.203612700 -0.023507440 0.978769183 0.300908566
0.980025828 -0.002030965 -0.198860183 -0.016918052 0.006364973 0.999755859 0.021157419 -0.003567944 0.198768705 -0.022000553 0.979799449 0.301178962
0.980082631 -0.004861227 -0.198530808 -0.017043862 0.008973458 0.999763310 0.019818855 -0.003564069 0.198387519 -0.021205623 0.979894221 0.301328391
0.978910029 -0.005128445 -0.204227090 -0.017028756 0.010455974 0.999632418 0.025015779 -0.003608732 0.204023734 -0.026623592 0.978603780 0.301457345
0.978942215 -0.000499939 -0.204136953 -0.017118752 0.007141916 0.999468744 0.031801447 -0.003627243 0.204012617 -0.032589708 0.978425622 0.301613331
0.979934692 -0.000149537 -0.199318632 -0.017363735 0.007198065 0.999374032 0.034638967 -0.003671655 0.199188694 -0.035378631 0.979322314 0.301857561
0.978870571 -0.001449178 -0.204475775 -0.017294817 0.008349023 0.999424219 0.032885410 -0.003656231 0.204310417 -0.033897735 0.978319049 0.302091599
0.978893280 0.006508335 -0.204268351 -0.017366219 -0.001312295 0.999672353 0.025562473 -0.003464458 0.204367802 -0.024754874 0.978581071 0.302366763
0.980143189 0.006811415 -0.198174223 -0.017599549 -0.002206546 0.999722600 0.023448031 -0.003425236 0.198278964 -0.022545144 0.979886353 0.302674174
0.979345918 0.003269104 -0.202165291 -0.017605320 0.001306126 0.999746084 0.022493593 -0.003470120 0.202187508 -0.022293063 0.979093075 0.302806139
0.979451716 0.004354821 -0.201632008 -0.017735347 0.000069206 0.999759555 0.021928858 -0.003447721 0.201678991 -0.021492211 0.979215920 0.302989393
0.979340434 -0.001320202 -0.202214599 -0.017824486 0.005706767 0.999760866 0.021111146 -0.003469982 0.202138364 -0.021828989 0.979113638 0.303153187
0.980324566 -0.002850748 -0.197371244 -0.018045962 0.007821845 0.999671459 0.024411546 -0.003547155 0.197236806 -0.025475046 0.980024815 0.303341091
0.979815185 -0.003955822 -0.199866086 -0.018048033 0.008867936 0.999680102 0.023687785 -0.003485549 0.199708387 -0.024982054 0.979536831 0.303655744
0.978905439 -0.001811958 -0.204305872 -0.018043499 0.007685408 0.999579549 0.027958529 -0.003519516 0.204169288 -0.028938930 0.978507698 0.303832263
