0.999999225 0.001061654 0.000603589 -0.000356904 -0.001061996 0.999999285 0.000565032 -0.000627467 -0.000602989 -0.000565672 0.999999642 0.041676268
0.999997556 0.002212252 -0.000052765 0.000907712 -0.002212276 0.999997497 -0.000457514 -0.001081696 0.000051753 0.000457630 0.999999881 0.091223426
0.999994755 0.001897909 0.002614204 -0.000683813 -0.001896212 0.999998093 -0.000651524 -0.001641010 -0.002615435 0.000646563 0.999996364 0.125835925
0.999992490 0.001814887 0.003414447 -0.001438727 -0.001815629 0.999998331 0.000214187 -0.002229752 -0.003414053 -0.000220385 0.999994099 0.171953857
0.999990404 0.000796175 0.004305366 -0.001354723 -0.000799671 0.999999285 0.000810346 -0.002616945 -0.004304718 -0.000813781 0.999990404 0.207605407
0.999984682 -0.000419674 0.005503632 -0.001959675 0.000415371 0.999999583 0.000782993 -0.002802489 -0.005503959 -0.000780695 0.999984562 0.255776703
0.999985576 0.000838173 0.005307674 -0.001661596 -0.000844479 0.999998987 0.001185842 -0.003187831 -0.005306675 -0.001190307 0.999985218 0.300019324
0.999976397 0.000671308 0.006832069 -0.001717183 -0.000677799 0.999999285 0.000947871 -0.003989809 -0.006831428 -0.000952479 0.999976218 0.330855101
0.999981582 0.000490095 0.006042549 -0.001749891 -0.000488881 0.999999881 -0.000202462 -0.003986456 -0.006042648 0.000199505 0.999981761 0.376888305
0.999972284 -0.001250733 0.007335783 -0.001555734 0.001248725 0.999999166 0.000278245 -0.005006954 -0.007336125 -0.000269077 0.999973059 0.414292961
0.999965668 -0.003592604 0.007454051 -0.002265788 0.003588336 0.999993443 0.000585798 -0.005618512 -0.007456106 -0.000559031 0.999972045 0.459131539
0.999964893 -0.003985121 0.007368568 -0.001741816 0.003980554 0.999991834 0.000634418 -0.005714651 -0.007371037 -0.000605064 0.999972641 0.493238926
0.999957800 -0.004772869 0.007855362 -0.000548448 0.004765236 0.999988198 0.000990128 -0.006319681 -0.007859995 -0.000952654 0.999968648 0.527431369
0.999956667 -0.004947805 0.007884014 -0.000483351 0.004946481 0.999987721 0.000187389 -0.006489371 -0.007884846 -0.000148383 0.999968886 0.575252771
0.999965250 -0.003339452 0.007639993 -0.001856021 0.003346110 0.999994040 -0.000858806 -0.006989677 -0.007637082 0.000884340 0.999970436 0.611248553
0.999967396 -0.001959726 0.007836075 -0.002187178 0.001973003 0.999996603 -0.001686908 -0.007645363 -0.007832743 0.001702313 0.999967873 0.649191380
0.999963403 -0.001781522 0.008375998 -0.005711720 0.001790688 0.999997795 -0.001087015 -0.008064875 -0.008374046 0.001101974 0.999964356 0.692121327
0.999962032 -0.002736626 0.008270555 -0.003125370 0.002732849 0.999996185 0.000467931 -0.008462799 -0.008271804 -0.000445311 0.999965668 0.730442286
0.999953151 -0.003745510 0.008918196 -0.002518125 0.003729626 0.999991536 0.001797064 -0.008128108 -0.008924850 -0.001763718 0.999958634 0.771236181
0.999960840 -0.003936783 0.007920990 -0.000077166 0.003921492 0.999990463 0.001945117 -0.008349320 -0.007928571 -0.001913979 0.999966681 0.807900846
0.999953091 -0.004571040 0.008540087 -0.003544405 0.004560892 0.999988854 0.001207380 -0.009870864 -0.008545508 -0.001168373 0.999962807 0.849324346
0.999953449 -0.004390764 0.008588474 -0.003532311 0.004386439 0.999990225 0.000522289 -0.010197877 -0.008590681 -0.000484592 0.999962986 0.888885856
0.999950469 -0.004474711 0.008892780 -0.003586767 0.004480093 0.999989748 -0.000585538 -0.010765241 -0.008890069 0.000625349 0.999960303 0.928658545
0.999943376 -0.004996203 0.009389021 -0.004493653 0.004999123 0.999987423 -0.000287627 -0.011338153 -0.009387467 0.000334548 0.999955952 0.967366874
0.999955595 -0.005312721 0.007774864 -0.005268210 0.005322831 0.999984980 -0.001280243 -0.011650147 -0.007767950 0.001321571 0.999968886 1.003969431
0.999959290 -0.005499414 0.007139874 -0.004577183 0.005513083 0.999983072 -0.001896354 -0.011888614 -0.007129324 0.001935640 0.999972701 1.041082978
0.999960184 -0.004521227 0.007679493 -0.004382512 0.004530006 0.999989152 -0.001126385 -0.012451007 -0.007674317 0.001161129 0.999969840 1.076714039
0.999964118 -0.003215076 0.007828780 -0.003706528 0.003227396 0.999993563 -0.001561759 -0.012305244 -0.007823708 0.001586970 0.999968112 1.119735479
0.999962747 -0.002181115 0.008351437 -0.007635207 0.002197217 0.999995768 -0.001919458 -0.012731359 -0.008347211 0.001937737 0.999963224 1.155735612
0.999963105 -0.003474643 0.007846852 -0.006057747 0.003497361 0.999989748 -0.002883384 -0.013641697 -0.007836750 0.002910722 0.999965012 1.193622828
0.999951482 -0.004662280 0.008673409 -0.007120982 0.004695065 0.999981999 -0.003763455 -0.014381247 -0.008655704 0.003803995 0.999955237 1.233350277
0.999938965 -0.005536992 0.009571272 -0.006871656 0.005571991 0.999978006 -0.003633854 -0.014595442 -0.009550938 0.003686962 0.999947548 1.271719694
0.999943495 -0.004030911 0.009846586 -0.010342540 0.004048897 0.999990106 -0.001807261 -0.015335926 -0.009839205 0.001847026 0.999949872 1.309081793
0.999928474 -0.001323830 0.011891026 -0.010925949 0.001330732 0.999998927 -0.000572534 -0.015788805 -0.011890258 0.000588317 0.999929190 1.346395969
0.999891758 -0.001015574 0.014681701 -0.010120491 0.001047219 0.999997199 -0.002147852 -0.016617952 -0.014679482 0.002162994 0.999889910 1.386629820
0.999892175 0.000885236 0.014661727 -0.011338765 -0.000829912 0.999992490 -0.003778994 -0.016487028 -0.014664963 0.003766418 0.999885440 1.426147699
0.999886870 -0.001936669 0.014911973 -0.009614732 0.001972240 0.999995232 -0.002371021 -0.016639559 -0.014907306 0.002400163 0.999885976 1.463676453
0.999893844 -0.003653934 0.014103434 -0.012003623 0.003660053 0.999993205 -0.000408143 -0.018129401 -0.014101843 0.000459720 0.999900460 1.497110128
0.999886572 -0.005956954 0.013828959 -0.010679085 0.005956418 0.999982238 0.000079942 -0.017771514 -0.013829187 0.000002438 0.999904335 1.535823464
0.999868095 -0.006628601 0.014827748 -0.010619787 0.006645898 0.999977291 -0.001117607 -0.018490357 -0.014820003 0.001216003 0.999889433 1.574216604
0.999879122 -0.007327018 0.013711965 -0.004787512 0.007360455 0.999970078 -0.002389629 -0.019668432 -0.013694044 0.002490267 0.999903142 1.612522960
0.999881983 -0.006211435 0.014043886 -0.004696378 0.006285368 0.999966621 -0.005226562 -0.018943634 -0.014010951 0.005314217 0.999887764 1.647763371
0.999870121 -0.007632434 0.014193345 -0.009619538 0.007704610 0.999957621 -0.005037529 -0.020106319 -0.014154293 0.005146229 0.999886692 1.682754159
0.999864519 -0.007746323 0.014520947 -0.009985695 0.007797647 0.999963462 -0.003481150 -0.020560328 -0.014493450 0.003593907 0.999888539 1.720311284
0.999891460 -0.007243038 0.012827291 -0.006948814 0.007283092 0.999968767 -0.003078746 -0.020070968 -0.012804590 0.003171833 0.999913037 1.754920363
0.999925077 -0.005734468 0.010814473 -0.003791178 0.005767371 0.999978840 -0.003013802 -0.020853339 -0.010796960 0.003075947 0.999936998 1.784455299
0.999930143 -0.004830977 0.010783005 -0.005516009 0.004867245 0.999982595 -0.003339749 -0.020802433 -0.010766681 0.003391998 0.999936342 1.813530087
0.999890268 -0.005989640 0.013542921 -0.009073667 0.006033972 0.999976575 -0.003235058 -0.022436591 -0.013523228 0.003316422 0.999903023 1.862019062
0.999869108 -0.005138270 0.015337128 -0.011081127 0.005190026 0.999980986 -0.003336759 -0.023446279 -0.015319694 0.003415922 0.999876857 1.900384307
0.999890864 -0.004913942 0.013926499 -0.009630512 0.004969183 0.999979973 -0.003934847 -0.024061108 -0.013906883 0.004003622 0.999895275 1.931629539
0.999940574 -0.005683063 0.009304604 -0.004512943 0.005726020 0.999972999 -0.004596703 -0.024113549 -0.009278231 0.004649708 0.999946117 1.957414746
0.999924302 -0.005941147 0.010771660 -0.007388011 0.005983054 0.999974608 -0.003862431 -0.024778102 -0.010748440 0.003926587 0.999934494 1.990601659
0.999901950 -0.005096575 0.013036323 -0.014816672 0.005130719 0.999983490 -0.002587082 -0.025035948 -0.013022924 0.002653714 0.999911666 2.020672083
0.999885917 -0.002893064 0.014826762 -0.019350193 0.002928770 0.999992847 -0.002387081 -0.024830272 -0.014819751 0.002430232 0.999887168 2.051217556
0.999905884 -0.000728645 0.013701527 -0.017240800 0.000773010 0.999994457 -0.003232909 -0.025418025 -0.013699098 0.003243197 0.999900877 2.082167625
0.999928892 0.000239617 0.011924778 -0.014699515 -0.000188157 0.999990761 -0.004316299 -0.025880167 -0.011925702 0.004313749 0.999919534 2.108946800
0.999893010 -0.000201303 0.014621918 -0.016642071 0.000260713 0.999991715 -0.004061298 -0.026450023 -0.014620977 0.004064676 0.999884784 2.142615795
0.999870062 -0.002388960 0.015944850 -0.014827523 0.002453254 0.999988973 -0.004013872 -0.027016420 -0.015935082 0.004052467 0.999864876 2.182663679
0.999864519 -0.003629239 0.016062820 -0.007818438 0.003677344 0.999988914 -0.002966291 -0.028616037 -0.016051872 0.003024957 0.999866605 2.217072248
0.999855042 -0.004272770 0.016483216 -0.002994426 0.004313745 0.999987781 -0.002451194 -0.029603828 -0.016472539 0.002521943 0.999861121 2.257166624
0.999925852 -0.004022986 0.011497779 0.009442192 0.004025650 0.999991894 -0.000208658 -0.032050703 -0.011496843 0.000254928 0.999933839 2.290007114
0.999858737 -0.003470826 0.016446101 0.008168682 0.003485051 0.999993563 -0.000836321 -0.031744957 -0.016443091 0.000893518 0.999864399 2.330451250
0.999804199 -0.001890187 0.019701112 0.001209110 0.001931100 0.999996006 -0.002057899 -0.032283101 -0.019697143 0.002095540 0.999803782 2.356040239
0.999773026 -0.000945023 0.021288835 -0.002761558 0.001055120 0.999986112 -0.005160952 -0.032014176 -0.021283666 0.005182242 0.999760032 2.384196997
0.999790430 -0.000907405 0.020456804 -0.005970221 0.001031913 0.999980986 -0.006076701 -0.032111086 -0.020450901 0.006096535 0.999772310 2.412995815
0.999786258 -0.001111958 0.020644063 -0.006497361 0.001269475 0.999970198 -0.007618597 -0.030495640 -0.020634975 0.007643176 0.999757886 2.441310883
0.999774694 -0.000677981 0.021214860 -0.009611294 0.000827276 0.999974966 -0.007029304 -0.030945841 -0.021209560 0.007045271 0.999750316 2.469588280
0.999791861 -0.000829277 0.020385504 -0.011156026 0.000962658 0.999978185 -0.006533991 -0.031136815 -0.020379644 0.006552255 0.999770880 2.496854067
0.999851346 -0.000389942 0.017233539 -0.009570699 0.000494239 0.999981642 -0.006048124 -0.031838052 -0.017230863 0.006055743 0.999833226 2.516286135
0.999820352 -0.000579093 0.018942891 -0.018236518 0.000696697 0.999980509 -0.006202324 -0.032472581 -0.018938929 0.006214406 0.999801338 2.543483257
0.999819696 -0.002277770 0.018851686 -0.019901268 0.002405728 0.999974251 -0.006767669 -0.032778524 -0.018835783 0.006811799 0.999799490 2.561004400
0.999909163 -0.001951520 0.013331121 -0.020198256 0.002038497 0.999976814 -0.006513873 -0.032041270 -0.013318098 0.006540457 0.999889910 2.572613955
0.999904573 -0.004891975 0.012920149 -0.019091848 0.004964670 0.999971986 -0.005600383 -0.032756336 -0.012892389 0.005663992 0.999900877 2.606638432
0.999883413 -0.006280436 0.013923527 -0.018247623 0.006359305 0.999963939 -0.005627456 -0.032878451 -0.013887682 0.005715343 0.999887288 2.654732466
0.999924600 -0.006009626 0.010709149 -0.014419356 0.006050849 0.999974370 -0.003821080 -0.034089237 -0.010685910 0.003885591 0.999935389 2.675467253
0.999965608 -0.004543793 0.006936945 -0.009720972 0.004561909 0.999986231 -0.002597988 -0.035214461 -0.006925046 0.002629545 0.999972582 2.692634821
0.999966264 -0.003840116 0.007273894 -0.012184959 0.003865803 0.999986351 -0.003520738 -0.034484070 -0.007260276 0.003548738 0.999967396 2.710119486
0.999956965 -0.004199556 0.008276794 -0.021401556 0.004234421 0.999982238 -0.004199347 -0.033959471 -0.008259011 0.004234212 0.999956965 2.729201317
0.999954939 -0.004804279 0.008180646 -0.040139861 0.004841065 0.999978244 -0.004482904 -0.033210300 -0.008158932 0.004522306 0.999956429 2.746884823
0.999970675 -0.002615822 0.007194416 -0.045711018 0.002649955 0.999985278 -0.004738857 -0.029954359 -0.007181914 0.004757782 0.999962866 2.762973309
0.999963641 -0.002724253 0.008071957 -0.051542386 0.002769213 0.999980688 -0.005563923 -0.028709026 -0.008056645 0.005586073 0.999951899 2.784883261
0.999986351 -0.001298991 0.005055473 -0.049452059 0.001315490 0.999993861 -0.003261568 -0.029162161 -0.005051205 0.003268175 0.999981880 2.799447775
0.999980450 0.000518145 0.006216938 -0.050233640 -0.000504644 0.999997437 -0.002172952 -0.029361468 -0.006218048 0.002169772 0.999978304 2.830305815
0.999961913 0.001678063 0.008565404 -0.050799467 -0.001652656 0.999994218 -0.002972415 -0.030868966 -0.008570343 0.002958144 0.999958873 2.866922855
0.999983132 0.002539685 0.005216923 -0.039864812 -0.002521455 0.999990761 -0.003498291 -0.032048360 -0.005225759 0.003485078 0.999980211 2.897114992
0.999959052 0.002638048 0.008656407 -0.052365839 -0.002603815 0.999988794 -0.003963664 -0.031020515 -0.008666765 0.003940962 0.999954641 2.921825409
0.999939024 0.003706422 0.010399543 -0.063706256 -0.003672480 0.999988019 -0.003280897 -0.029368367 -0.010411577 0.003242506 0.999940515 2.945288420
0.999941826 0.002813210 0.010414681 -0.074757069 -0.002774195 0.999989152 -0.003758611 -0.033705916 -0.010425142 0.003729501 0.999938667 2.962395906
0.999945343 0.001372142 0.010368498 -0.081163228 -0.001322025 0.999987423 -0.004838955 -0.036528096 -0.010375008 0.004824982 0.999934494 2.983052969
0.999949634 0.000559792 0.010028285 -0.085430384 -0.000512211 0.999988675 -0.004746617 -0.035349965 -0.010030828 0.004741240 0.999938428 3.003729820
0.999957204 -0.000325907 0.009241133 -0.085172951 0.000350803 0.999996305 -0.002692522 -0.035050627 -0.009240221 0.002695649 0.999953687 3.031777382
0.999952972 -0.002024529 0.009482611 -0.090331227 0.002025976 0.999997914 -0.000143049 -0.038796790 -0.009482302 0.000162254 0.999955058 3.053138971
0.999947786 -0.001522889 0.010097405 -0.098919600 0.001499125 0.999996066 0.002360613 -0.041327771 -0.010100958 -0.002345352 0.999946237 3.070125341
0.999947965 -0.001359790 0.010100079 -0.109118022 0.001328334 0.999994159 0.003120513 -0.042565607 -0.010104264 -0.003106934 0.999944091 3.088066578
0.999952555 -0.002066911 0.009513203 -0.115453884 0.002042539 0.999994516 0.002570875 -0.044850744 -0.009518466 -0.002551322 0.999951482 3.110496998
0.999956250 -0.004171867 0.008367650 -0.118885107 0.004154034 0.999989033 0.002147470 -0.045220658 -0.008376520 -0.002112617 0.999962628 3.136868715
0.999949336 -0.006486772 0.007684436 -0.122505590 0.006465855 0.999975264 0.002743807 -0.047478922 -0.007702045 -0.002693982 0.999966741 3.165411234
0.999951601 -0.007081851 0.006822931 -0.131163344 0.007061850 0.999970675 0.002951017 -0.048189726 -0.006843628 -0.002902692 0.999972343 3.186718702
0.999963701 -0.007498398 0.004030915 -0.129176319 0.007477674 0.999958992 0.005131784 -0.050485685 -0.004069229 -0.005101458 0.999978721 3.208036900
0.999965489 -0.007622728 0.003302247 -0.133336961 0.007604184 0.999955535 0.005592315 -0.050118938 -0.003344727 -0.005567011 0.999978960 3.233042240
0.999964237 -0.008269125 0.001736026 -0.132078201 0.008256677 0.999940932 0.007060012 -0.051653326 -0.001794304 -0.007045427 0.999973595 3.259890556
0.999974668 -0.006996369 -0.001284814 -0.127015874 0.007005719 0.999947906 0.007422443 -0.051813107 0.001232818 -0.007431258 0.999971628 3.292087555
0.999981105 -0.005815159 -0.001936054 -0.131757006 0.005827229 0.999963284 0.006288034 -0.052357771 0.001899418 -0.006299199 0.999978423 3.314038277
0.999981105 -0.003923305 -0.004729146 -0.138571680 0.003954506 0.999970317 0.006606529 -0.053563595 0.004703086 -0.006625107 0.999966979 3.325422049
0.999978364 -0.005100315 -0.004150145 -0.141065463 0.005127760 0.999964893 0.006628857 -0.053295191 0.004116190 -0.006649994 0.999969423 3.338215351
0.999976814 -0.004770502 -0.004846040 -0.142376631 0.004800559 0.999969244 0.006209850 -0.053218909 0.004816267 -0.006232968 0.999969006 3.342419624
0.999964595 -0.006679734 -0.005130067 -0.146338880 0.006713053 0.999956310 0.006505100 -0.054208525 0.005086391 -0.006539307 0.999965727 3.347240448
0.999968410 -0.006269298 -0.004863359 -0.153716549 0.006308914 0.999946713 0.008173635 -0.054419599 0.004811857 -0.008204060 0.999954760 3.359901190
0.999978602 -0.004465082 -0.004771558 -0.162709504 0.004503102 0.999957979 0.007987282 -0.056994535 0.004735693 -0.008008598 0.999956787 3.375301123
0.999983013 -0.004560007 -0.003630778 -0.172196522 0.004590934 0.999952912 0.008555893 -0.057769053 0.003591591 -0.008572416 0.999956846 3.394842148
0.999968529 -0.005530224 -0.005688192 -0.167340487 0.005586948 0.999934256 0.010004948 -0.059329849 0.005632489 -0.010036414 0.999933779 3.416337967
0.999963641 -0.004865713 -0.007006362 -0.163145706 0.004932837 0.999941766 0.009595248 -0.058739953 0.006959266 -0.009629460 0.999929428 3.444052219
0.999966979 -0.004653082 -0.006656799 -0.163067192 0.004720275 0.999937713 0.010114188 -0.059404615 0.006609321 -0.010145278 0.999926686 3.463637829
0.999964654 -0.003686615 -0.007562362 -0.166581780 0.003756917 0.999949634 0.009303211 -0.059568584 0.007527684 -0.009331293 0.999928176 3.476680279
0.999957740 -0.004356506 -0.008094899 -0.166141599 0.004428457 0.999950647 0.008891849 -0.059483130 0.008055761 -0.008927320 0.999927700 3.488561153
0.999939024 -0.005248064 -0.009716390 -0.168626279 0.005317425 0.999960482 0.007126602 -0.060545366 0.009678605 -0.007177834 0.999927461 3.502632618
0.999938488 -0.007669329 -0.008010263 -0.173434511 0.007743182 0.999927342 0.009229934 -0.061521027 0.007938894 -0.009291393 0.999925256 3.520502090
0.999929845 -0.007733603 -0.008974274 -0.169879749 0.007837854 0.999901533 0.011640235 -0.060202669 0.008883367 -0.011709758 0.999891937 3.543178558
0.999929309 -0.006834392 -0.009734129 -0.168990046 0.006943027 0.999913514 0.011170485 -0.060224704 0.009656943 -0.011237280 0.999890149 3.551609039
0.999968708 -0.002555751 -0.007485468 -0.172151595 0.002587003 0.999987960 0.004168223 -0.060517959 0.007474724 -0.004187458 0.999963224 3.548858404
0.999986887 -0.000837851 -0.005056075 -0.176040843 0.000833059 0.999999225 -0.000949633 -0.061765742 0.005056864 0.000945408 0.999986827 3.535722017
0.999994338 0.000283673 -0.003387642 -0.174150586 -0.000270486 0.999992311 0.003892200 -0.061522298 0.003388719 -0.003891262 0.999986649 3.532344341
0.999996424 0.000899127 -0.002527605 -0.177020818 -0.000875292 0.999955237 0.009415748 -0.062241789 0.002535958 -0.009413501 0.999952495 3.521369696
0.999993622 0.001921262 -0.003024726 -0.179716915 -0.001886421 0.999932289 0.011479020 -0.062288444 0.003046575 -0.011473240 0.999929547 3.509370804
0.999994040 0.000333551 -0.003442051 -0.179450601 -0.000294568 0.999935865 0.011319859 -0.062709071 0.003445605 -0.011318779 0.999930024 3.506502628
0.999997675 -0.001583878 -0.001505662 -0.182002485 0.001602385 0.999922216 0.012371045 -0.063759498 0.001485949 -0.012373428 0.999922395 3.502545357
0.999992609 -0.002988674 -0.002438522 -0.180900708 0.003022823 0.999895632 0.014122065 -0.064232066 0.002396061 -0.014129329 0.999897301 3.501397610
0.999989569 -0.000506257 -0.004536943 -0.179270133 0.000569646 0.999902070 0.013981237 -0.062737055 0.004529421 -0.013983679 0.999891877 3.500688791
0.999994934 -0.002113142 -0.002351790 -0.178785488 0.002146385 0.999896467 0.014223267 -0.062599555 0.002321491 -0.014228244 0.999896049 3.501179457
0.999994993 -0.002878525 -0.001337451 -0.179560214 0.002895589 0.999912024 0.012937764 -0.062734872 0.001300092 -0.012941570 0.999915361 3.499830723
0.999995351 -0.002066685 -0.002242273 -0.179766580 0.002094146 0.999921918 0.012314587 -0.062583372 0.002216648 -0.012319228 0.999921620 3.499256849
0.999994576 -0.002197379 -0.002490506 -0.181779757 0.002228576 0.999918222 0.012593359 -0.062702611 0.002462629 -0.012598841 0.999917507 3.493626118
0.999997139 -0.001543619 -0.001788084 -0.182384387 0.001568231 0.999902904 0.013845483 -0.062929384 0.001766538 -0.013848249 0.999902487 3.493242979
0.999993265 -0.002363814 -0.002804158 -0.182296783 0.002400603 0.999910116 0.013189547 -0.063399211 0.002772728 -0.013196192 0.999909043 3.492078304
0.999994695 -0.003227960 -0.000272670 -0.183295399 0.003231358 0.999902904 0.013551636 -0.063688837 0.000228899 -0.013552445 0.999908090 3.490601778
0.999998748 -0.000248999 -0.001555059 -0.184739217 0.000271560 0.999894440 0.014524742 -0.064191058 0.001551278 -0.014525144 0.999893248 3.485994339
0.999999642 0.000469165 -0.000760149 -0.184839636 -0.000458210 0.999896944 0.014348014 -0.064085647 0.000766802 -0.014347658 0.999896765 3.486209631
0.999999583 0.000796109 0.000325754 -0.187155873 -0.000801214 0.999871850 0.015986938 -0.064531282 -0.000312985 -0.015987193 0.999872148 3.486328840
0.999993384 0.003624562 0.000225028 -0.186981738 -0.003628424 0.999781966 0.020565683 -0.064765483 -0.000150438 -0.020566365 0.999788404 3.481132030
0.999990284 0.004207603 0.001344587 -0.187800586 -0.004237850 0.999718428 0.023346301 -0.064776108 -0.001245976 -0.023351770 0.999726474 3.480677605
0.999973774 0.006986731 0.001981214 -0.188264757 -0.007030078 0.999715567 0.022788649 -0.064156003 -0.001821433 -0.022801979 0.999738276 3.479612112
0.999983728 0.004900846 0.002918487 -0.187978446 -0.004958785 0.999783933 0.020187583 -0.063549444 -0.002818920 -0.020201726 0.999791980 3.480424881
0.999987900 0.002947615 0.003956103 -0.188562319 -0.003022750 0.999812543 0.019122347 -0.064346343 -0.003898996 -0.019134071 0.999809325 3.486461163
0.999987781 0.001917306 0.004572870 -0.188655198 -0.001999079 0.999836922 0.017945101 -0.063887134 -0.004537718 -0.017954020 0.999828517 3.485996246
0.999977350 0.003823169 0.005550193 -0.189075723 -0.003926562 0.999816656 0.018738786 -0.064464383 -0.005477534 -0.018760156 0.999808967 3.484195948
0.999962986 0.004872638 0.007087457 -0.189218968 -0.005015177 0.999782681 0.020234641 -0.064929061 -0.006987321 -0.020269437 0.999770164 3.486001253
0.999940395 0.009339253 0.005665267 -0.190478414 -0.009439722 0.999793947 0.017974457 -0.065561444 -0.005496232 -0.018026864 0.999822438 3.476769924
0.999958873 0.006284128 0.006532029 -0.189079821 -0.006399300 0.999821782 0.017763140 -0.064630039 -0.006419239 -0.017804209 0.999820888 3.473588228
0.999981105 0.005013894 0.003540389 -0.182596818 -0.005075982 0.999829531 0.017751440 -0.063473746 -0.003450781 -0.017769076 0.999836206 3.480669737
0.999982536 0.003309248 0.004905819 -0.182800204 -0.003398283 0.999827623 0.018253092 -0.063828073 -0.004844569 -0.018269438 0.999821424 3.492179632
0.999994338 0.002240803 0.002513239 -0.184559464 -0.002282555 0.999857426 0.016734611 -0.063942283 -0.002475380 -0.016740253 0.999856830 3.510488987
0.999996126 0.002741964 0.000510465 -0.188000157 -0.002749786 0.999868035 0.016011303 -0.063660100 -0.000466495 -0.016012646 0.999871612 3.516612291
0.999997735 0.001008376 -0.001879760 -0.188896820 -0.000976475 0.999856710 0.016895188 -0.063927568 0.001896528 -0.016893314 0.999855459 3.529444695
0.999997675 0.000835729 -0.002001971 -0.189936653 -0.000800961 0.999849916 0.017305057 -0.063572280 0.002016133 -0.017303411 0.999848187 3.533851147
0.999999464 0.000974759 -0.000407567 -0.189362466 -0.000967836 0.999860823 0.016654825 -0.063724324 0.000423745 -0.016654421 0.999861181 3.533951521
0.999998927 0.001092579 0.001042052 -0.188012779 -0.001110500 0.999848723 0.017356202 -0.064203739 -0.001022932 -0.017357338 0.999848783 3.531584263
0.999997497 -0.000363365 0.002240275 -0.189059049 0.000322472 0.999833822 0.018226828 -0.063927583 -0.002246525 -0.018226061 0.999831319 3.536125183
0.999989390 0.003055453 0.003430525 -0.189272553 -0.003116557 0.999834001 0.017950257 -0.063746266 -0.003375109 -0.017960759 0.999832988 3.540555954
0.999979615 0.005537476 0.003194841 -0.189169869 -0.005598595 0.999795139 0.019449802 -0.063663796 -0.003086484 -0.019467292 0.999805748 3.546216249
0.999977052 0.006660864 0.001227558 -0.188290402 -0.006684899 0.999762475 0.020742899 -0.063762873 -0.001089101 -0.020750627 0.999784112 3.547521114
0.999967873 0.007406720 0.003087111 -0.189386502 -0.007464136 0.999791145 0.019021228 -0.063910022 -0.002945582 -0.019043658 0.999814332 3.551083326
0.999939740 0.007862641 0.007659370 -0.191058487 -0.008000760 0.999802887 0.018171942 -0.064618506 -0.007514982 -0.018232126 0.999805570 3.555803537
0.999963939 0.005152666 0.006748897 -0.190905914 -0.005280175 0.999805212 0.019013561 -0.064753681 -0.006649613 -0.019048512 0.999796450 3.558769941
0.999958515 0.006246252 0.006623044 -0.190927982 -0.006367238 0.999810338 0.018406583 -0.064171769 -0.006506815 -0.018447993 0.999808669 3.561346054
0.999956846 0.006594352 0.006535460 -0.191437468 -0.006701705 0.999840617 0.016542662 -0.063743949 -0.006425331 -0.016585749 0.999841750 3.565890789
0.999972165 0.003562905 0.006556680 -0.191161588 -0.003680327 0.999831438 0.017984699 -0.064185336 -0.006491497 -0.018008329 0.999816716 3.569249630
0.999972999 0.000581030 0.007331878 -0.191448405 -0.000720405 0.999818802 0.019021127 -0.064232811 -0.007319497 -0.019025894 0.999792218 3.571943760
0.999981225 0.001116264 0.006021824 -0.191522241 -0.001225060 0.999835491 0.018093560 -0.064366326 -0.006000636 -0.018100597 0.999818206 3.576258898
0.999966323 -0.001182262 0.008120432 -0.192464039 0.001029126 0.999822021 0.018836385 -0.064501099 -0.008141257 -0.018827392 0.999789596 3.580109835
0.999940395 -0.001304366 0.010835789 -0.193486482 0.001082898 0.999790967 0.020419409 -0.064830430 -0.010860156 -0.020406459 0.999732792 3.585124254
0.999963880 0.003912339 0.007543270 -0.192096338 -0.004051944 0.999819279 0.018581746 -0.064132497 -0.007469207 -0.018611645 0.999799013 3.587844133
0.999935985 0.008345268 0.007639626 -0.191452235 -0.008489263 0.999783218 0.019014103 -0.064255469 -0.007479291 -0.019077742 0.999790072 3.592267990
0.999906003 0.011463573 0.007518891 -0.192092359 -0.011594130 0.999778748 0.017556433 -0.064069435 -0.007315967 -0.017641960 0.999817669 3.595271111
0.999857664 0.014931228 0.007860032 -0.192200869 -0.015053868 0.999762118 0.015782068 -0.064022616 -0.007622517 -0.015898146 0.999844670 3.598622322
0.999871314 0.013544481 0.008593296 -0.193238944 -0.013674852 0.999789536 0.015298336 -0.063902400 -0.008384278 -0.015413878 0.999846160 3.601734400
0.999915719 0.010907388 0.007038523 -0.193287298 -0.011030320 0.999783039 0.017669652 -0.064356476 -0.006844267 -0.017745800 0.999819100 3.605210781
0.999938130 0.008674898 0.006954052 -0.193036705 -0.008805163 0.999782085 0.018925807 -0.064514302 -0.006788357 -0.018985869 0.999796689 3.609770060
0.999917567 0.008077327 0.009977381 -0.194603860 -0.008274922 0.999767244 0.019924318 -0.064602070 -0.009814125 -0.020005243 0.999751687 3.614292383
0.999875069 0.011287512 0.011058960 -0.194583938 -0.011477940 0.999784291 0.017310152 -0.064612515 -0.010861186 -0.017434921 0.999789000 3.617915630
0.999900758 0.010715558 0.009135373 -0.194032505 -0.010866721 0.999802232 0.016661387 -0.065028153 -0.008955027 -0.016759008 0.999819458 3.621432781
0.999903560 0.010131299 0.009489793 -0.194548979 -0.010271547 0.999836981 0.014848762 -0.064561203 -0.009337810 -0.014944807 0.999844611 3.624807119
0.999925792 0.008133729 0.009066822 -0.194631502 -0.008290632 0.999814272 0.017404160 -0.064585134 -0.008923575 -0.017478036 0.999807417 3.628264189
0.999929011 0.006860913 0.009740437 -0.194828749 -0.007046355 0.999792159 0.019133655 -0.064129859 -0.009607137 -0.019200934 0.999769449 3.631705999
0.999888659 0.008775244 0.012065031 -0.195445150 -0.009044687 0.999706745 0.022462351 -0.064466402 -0.011864379 -0.022568977 0.999674916 3.636193037
0.999829113 0.014313845 0.011692270 -0.195501283 -0.014586229 0.999616146 0.023552947 -0.064729072 -0.011350648 -0.023719471 0.999654174 3.640006065
0.999734640 0.016358865 0.016216494 -0.196026802 -0.016712578 0.999619901 0.021921774 -0.064865582 -0.015851717 -0.022186976 0.999628127 3.645093679
0.999681771 0.017705891 0.017969912 -0.195423156 -0.018105304 0.999587059 0.022312930 -0.065051340 -0.017567419 -0.022631180 0.999589503 3.649306297
0.999666631 0.016998686 0.019435607 -0.195712298 -0.017381707 0.999654591 0.019711139 -0.064853914 -0.019093828 -0.020042393 0.999616742 3.653169394
0.999673724 0.016591724 0.019422973 -0.195440918 -0.016963730 0.999672771 0.019147443 -0.064908199 -0.019098928 -0.019470681 0.999627948 3.656799316
0.999681771 0.015835399 0.019640919 -0.195478827 -0.016176820 0.999718606 0.017347915 -0.064573355 -0.019360680 -0.017660122 0.999656498 3.660559654
0.999778807 0.012089898 0.017209949 -0.194812715 -0.012389008 0.999772072 0.017380703 -0.064677455 -0.016995898 -0.017590070 0.999700725 3.663479805
0.999874473 0.006787619 0.014313858 -0.194598034 -0.007084573 0.999758661 0.020798381 -0.065543994 -0.014169230 -0.020897180 0.999681234 3.665763378
0.999845088 0.007493371 0.015926452 -0.194177881 -0.007831697 0.999742746 0.021287752 -0.065218464 -0.015762838 -0.021409187 0.999646485 3.670932055
0.999813974 0.012027191 0.015079619 -0.193991274 -0.012346727 0.999697328 0.021278892 -0.064953811 -0.014819132 -0.021461118 0.999659777 3.674120426
0.999926090 0.004476742 0.011309480 -0.194354251 -0.004708427 0.999777913 0.020542808 -0.065854035 -0.011215003 -0.020594537 0.999724925 3.675364256
0.999938369 0.004521357 0.010140187 -0.193651140 -0.004683551 0.999860585 0.016028658 -0.065160953 -0.010066305 -0.016075164 0.999819994 3.679722309
0.999927342 0.002806948 0.011718020 -0.194465265 -0.002980491 0.999885738 0.014818945 -0.065043539 -0.011675086 -0.014852797 0.999821544 3.681788206
0.999945283 -0.002564501 0.010138072 -0.193940744 0.002371824 0.999817133 0.018971818 -0.065953940 -0.010184871 -0.018946733 0.999768674 3.686188221
0.999951124 0.001094122 0.009824294 -0.194171980 -0.001259448 0.999857426 0.016837906 -0.065471128 -0.009804470 -0.016849458 0.999809980 3.688857555
0.999930739 0.004587287 0.010837837 -0.194072336 -0.004815101 0.999765933 0.021088554 -0.065402694 -0.010738560 -0.021139279 0.999718904 3.693078041
0.999951005 0.005110411 0.008471955 -0.193957418 -0.005317874 0.999681950 0.024649285 -0.065151073 -0.008343291 -0.024693130 0.999660254 3.695281982
0.999980092 0.002471265 0.005810526 -0.193842858 -0.002626698 0.999634743 0.026896514 -0.065409578 -0.005741937 -0.026911240 0.999621332 3.697793722
0.999978065 0.003879501 0.005359812 -0.193722486 -0.004007415 0.999702334 0.024064464 -0.065134682 -0.005264859 -0.024085417 0.999696016 3.701587915
0.999965787 0.002803428 0.007782110 -0.194124311 -0.002970963 0.999762237 0.021600898 -0.065397933 -0.007719703 -0.021623280 0.999736369 3.705598354
0.999972284 0.004410217 0.006003115 -0.194041684 -0.004532843 0.999778092 0.020569097 -0.065176398 -0.005911069 -0.020595737 0.999770463 3.708589554
0.999974728 0.006065940 0.003702392 -0.194130182 -0.006138691 0.999781787 0.019965421 -0.064687528 -0.003580473 -0.019987643 0.999793828 3.710593224
0.999992847 0.003731086 -0.000598455 -0.193429247 -0.003716648 0.999738872 0.022542579 -0.065149121 0.000682406 -0.022540193 0.999745727 3.713892460
0.999989510 0.004553807 0.000199365 -0.193698913 -0.004557247 0.999710023 0.023641128 -0.065114170 -0.000091649 -0.023641791 0.999720514 3.717194557
0.999989688 0.004420799 -0.001038397 -0.193432286 -0.004393472 0.999678016 0.024987750 -0.065188877 0.001148528 -0.024982929 0.999687195 3.720548630
0.999987066 0.004582482 -0.002220195 -0.194128707 -0.004527418 0.999696791 0.024203712 -0.064870544 0.002330434 -0.024193347 0.999704599 3.722894430
0.999966800 0.007892551 -0.002022209 -0.193641528 -0.007846972 0.999735057 0.021634774 -0.064559475 0.002192427 -0.021618191 0.999763846 3.726915836
0.999965310 0.008191799 -0.001432003 -0.193914264 -0.008157707 0.999716163 0.022379398 -0.064856023 0.001614926 -0.022366945 0.999748528 3.730186939
0.999955714 0.009130090 -0.002255370 -0.194089383 -0.009074385 0.999680638 0.023583543 -0.064828910 0.002469970 -0.023562035 0.999719322 3.733253002
0.999979854 0.004380316 -0.004566948 -0.194603652 -0.004263360 0.999670446 0.025311714 -0.065255620 0.004676317 -0.025291739 0.999669194 3.735161066
0.999924541 0.009719966 -0.007515906 -0.193437561 -0.009556185 0.999722481 0.021528525 -0.064716786 0.007723078 -0.021455076 0.999740005 3.737939119
0.999945521 0.007450742 -0.007325883 -0.193368956 -0.007301101 0.999768317 0.020245144 -0.064943098 0.007475027 -0.020190552 0.999768257 3.741833210
0.999929726 0.007994805 -0.008760145 -0.193663046 -0.007826481 0.999787271 0.019083491 -0.064745642 0.008910850 -0.019013591 0.999779522 3.744348288
0.999915540 0.008806061 -0.009563251 -0.193698809 -0.008621939 0.999779880 0.019126581 -0.064774141 0.009729576 -0.019042512 0.999771357 3.747494459
0.999925792 0.006234380 -0.010468236 -0.193571419 -0.006025020 0.999783516 0.019913478 -0.065186858 0.010590119 -0.019848926 0.999746919 3.750846863
0.999924064 0.008597923 -0.008821283 -0.194307208 -0.008431438 0.999788821 0.018739622 -0.064654380 0.008980541 -0.018663829 0.999785483 3.753355265
0.999929726 0.007511925 -0.009168037 -0.194496706 -0.007330616 0.999779999 0.019652132 -0.064782307 0.009313645 -0.019583547 0.999764800 3.756191969
0.999932706 0.005922865 -0.009975284 -0.194449052 -0.005709143 0.999756396 0.021319220 -0.065144122 0.010099124 -0.021260835 0.999722958 3.759622097
0.999910593 0.009090337 -0.009809598 -0.194001377 -0.008884195 0.999742985 0.020857112 -0.064893700 0.009996677 -0.020768100 0.999734342 3.762875080
0.999885380 0.011726988 -0.009573769 -0.194113076 -0.011528403 0.999722540 0.020540679 -0.064816013 0.009811992 -0.020427953 0.999743223 3.765826225
0.999888778 0.011482353 -0.009521160 -0.194001883 -0.011291589 0.999739110 0.019853186 -0.064826101 0.009746640 -0.019743469 0.999757588 3.769212723
0.999880195 0.012604216 -0.008992911 -0.194067791 -0.012409771 0.999694824 0.021359848 -0.064812057 0.009259391 -0.021245686 0.999731421 3.772280455
0.999884367 0.012382681 -0.008833746 -0.193988785 -0.012190999 0.999695957 0.021432286 -0.064794809 0.009096450 -0.021322113 0.999731243 3.775555611
0.999903083 0.010558964 -0.009078288 -0.193959862 -0.010370334 0.999734402 0.020579932 -0.064870037 0.009293179 -0.020483792 0.999746978 3.778766870
0.999924600 0.009911593 -0.007250979 -0.194068938 -0.009747434 0.999702990 0.022335069 -0.064896077 0.007470202 -0.022262707 0.999724209 3.782105923
0.999922931 0.010392062 -0.006789521 -0.194023877 -0.010241681 0.999709368 0.021820363 -0.064832352 0.007014307 -0.021749143 0.999738872 3.785285234
0.999976635 0.004741410 -0.004924786 -0.194463417 -0.004633463 0.999753714 0.021703806 -0.065292768 0.005026480 -0.021680484 0.999752343 3.788197517
0.999981344 0.005653891 -0.002308414 -0.194388136 -0.005601923 0.999743938 0.021929890 -0.065221801 0.002431812 -0.021916552 0.999756873 3.790709972
0.999961495 0.008392246 -0.002565394 -0.194668859 -0.008333198 0.999718428 0.022221314 -0.064747870 0.002751159 -0.022199083 0.999749839 3.792957067
0.999990225 0.004340834 -0.000815506 -0.195279598 -0.004319856 0.999698520 0.024170397 -0.065109953 0.000920180 -0.024166640 0.999707580 3.795548677
0.999976277 0.006035415 -0.003313687 -0.194467068 -0.005960769 0.999738097 0.022092471 -0.065061711 0.003446157 -0.022072194 0.999750495 3.799362421
0.999987185 0.001097369 -0.004951565 -0.194349200 -0.000992960 0.999778211 0.021039475 -0.065445580 0.004973554 -0.021034289 0.999766469 3.802803755
0.999976635 0.002083603 -0.006510457 -0.193186209 -0.001939255 0.999753892 0.022099823 -0.065596573 0.006554902 -0.022086682 0.999734521 3.807013750
0.999964595 0.004358903 -0.007200446 -0.192982033 -0.004191458 0.999724150 0.023108479 -0.065436386 0.007299187 -0.023077479 0.999707043 3.810263634
0.999982119 0.001610755 -0.005759573 -0.192892209 -0.001443044 0.999578238 0.029005121 -0.065735422 0.005803864 -0.028996293 0.999562681 3.813669205
0.999978840 0.000763089 -0.006454791 -0.192288056 -0.000554912 0.999481499 0.032192186 -0.066148661 0.006476011 -0.032187920 0.999460816 3.818139553
0.999985218 0.004289763 -0.003334746 -0.192728758 -0.004187686 0.999540031 0.030037163 -0.065630518 0.003462065 -0.030022752 0.999543190 3.820564747
0.999914467 0.012042318 -0.005107207 -0.193069696 -0.011903885 0.999582708 0.026320733 -0.065051652 0.005422038 -0.026257686 0.999640524 3.822788954
0.999848783 0.012634134 -0.011961543 -0.192017987 -0.012318021 0.999582231 0.026142152 -0.065197602 0.012286833 -0.025990847 0.999586582 3.825603247
0.999861240 0.005980004 -0.015552234 -0.190405592 -0.005534039 0.999576628 0.028561939 -0.065906890 0.015716452 -0.028471904 0.999470949 3.831177235
0.999847353 0.009006745 -0.014976786 -0.190702870 -0.008627155 0.999644637 0.025219567 -0.065530427 0.015198612 -0.025086511 0.999569654 3.833450079
0.999870181 0.008391833 -0.013753380 -0.192077309 -0.008047423 0.999657333 0.024908559 -0.065292910 0.013957696 -0.024794647 0.999594986 3.834224224
0.999907136 0.004546800 -0.012844632 -0.193111196 -0.004228086 0.999685168 0.024731940 -0.065178990 0.012953039 -0.024675338 0.999611497 3.835706949
0.999841213 0.008669367 -0.015571503 -0.192538589 -0.008311161 0.999702632 0.022923196 -0.064998515 0.015765604 -0.022790140 0.999615908 3.839200258
0.999879181 0.005642417 -0.014484070 -0.192679316 -0.005261297 0.999642372 0.026217544 -0.065534875 0.014626822 -0.026138172 0.999551296 3.842544794
0.999869585 0.006678519 -0.014701131 -0.192942530 -0.006298125 0.999648035 0.025771040 -0.065109193 0.014868069 -0.025675094 0.999559760 3.844697475
0.999869049 0.010486324 -0.012332398 -0.192941397 -0.010174188 0.999633014 0.025106242 -0.064977013 0.012591145 -0.024977481 0.999608696 3.845332623
0.999840796 0.011280405 -0.013830684 -0.192216575 -0.010913818 0.999594569 0.026300270 -0.064914241 0.014121756 -0.026145136 0.999558330 3.851967812
0.999740422 0.008648139 -0.021079674 -0.192030683 -0.008097567 0.999627411 0.026065523 -0.065070219 0.021297242 -0.025888067 0.999437988 3.853495121
0.999737680 0.007433080 -0.021661865 -0.193184018 -0.006874235 0.999644518 0.025759855 -0.064734839 0.021845639 -0.025604194 0.999433517 3.853768587
0.999688268 0.006615674 -0.024079984 -0.192608654 -0.006017277 0.999673367 0.024838679 -0.064812846 0.024236448 -0.024686038 0.999401450 3.857551575
0.999659956 0.007624540 -0.024936788 -0.192024052 -0.007056550 0.999715447 0.022786424 -0.064811178 0.025103431 -0.022602711 0.999429345 3.861906290
0.999622047 0.006520845 -0.026706683 -0.192339450 -0.005929668 0.999736965 0.022155646 -0.064813226 0.026844133 -0.021988915 0.999397755 3.864112377
0.999641776 0.005984325 -0.026086740 -0.192515641 -0.005454319 0.999778152 0.020341109 -0.064961031 0.026202679 -0.020191539 0.999452710 3.867452621
0.999575019 0.003819786 -0.028899491 -0.192111522 -0.003221543 0.999780118 0.020719068 -0.065240577 0.028972279 -0.020617165 0.999367535 3.870771170
0.999494731 0.007739165 -0.030827818 -0.192657962 -0.007119690 0.999771535 0.020154048 -0.064887844 0.030976754 -0.019924382 0.999321461 3.872738600
0.999472916 0.005953569 -0.031911928 -0.192962974 -0.005239672 0.999735236 0.022408022 -0.065147154 0.032036886 -0.022229005 0.999239385 3.875108957
0.999492764 0.007605843 -0.030925523 -0.193141401 -0.006949938 0.999749839 0.021261608 -0.065098025 0.031079503 -0.021035893 0.999295592 3.878233910
0.999521613 0.007483514 -0.030007316 -0.194164902 -0.006887303 0.999777853 0.019923229 -0.065072738 0.030149745 -0.019707030 0.999351084 3.879636288
0.999452591 0.005485010 -0.032624479 -0.193612367 -0.004825102 0.999782860 0.020271873 -0.065326340 0.032728590 -0.020103360 0.999262035 3.883323669
0.999443114 0.007862767 -0.032429617 -0.193767518 -0.007278255 0.999809682 0.018102901 -0.065045990 0.032565784 -0.017856788 0.999310136 3.886014462
0.999481499 0.007850672 -0.031226436 -0.194643646 -0.007301998 0.999817610 0.017646194 -0.064849511 0.031359274 -0.017409030 0.999356568 3.887959719
0.999535501 0.007282712 -0.029587837 -0.195411041 -0.006749428 0.999813676 0.018083783 -0.064865962 0.029714022 -0.017875686 0.999398589 3.889987946
0.999576867 0.009254539 -0.027572529 -0.197969854 -0.008775939 0.999809623 0.017428618 -0.064363480 0.027728572 -0.017179269 0.999467909 3.889894724
