0.999998331 0.001565850 0.001061447 0.000958929 -0.001568787 0.999994934 0.002771877 -0.000001906 -0.001057101 -0.002773537 0.999995589 0.046451956
0.999991775 0.003274610 0.002405585 -0.003619244 -0.003278341 0.999993443 0.001548276 0.000724066 -0.002400499 -0.001556149 0.999995887 0.062018327
0.999990344 0.001990710 0.003922598 -0.002623143 -0.001996848 0.999996781 0.001561478 -0.000438987 -0.003919477 -0.001569296 0.999991059 0.074368678
0.999971926 0.002611413 0.007018764 -0.009466216 -0.002624871 0.999994755 0.001909024 -0.000635645 -0.007013742 -0.001927394 0.999973595 0.098587595
0.999976933 0.001860904 0.006532946 -0.009455978 -0.001869734 0.999997318 0.001345713 -0.000477906 -0.006530422 -0.001357896 0.999977708 0.107417822
0.999941051 0.002432571 0.010581337 -0.017015792 -0.002452194 0.999995232 0.001841910 -0.001197635 -0.010576805 -0.001867749 0.999942362 0.131744221
0.999961197 0.003041476 0.008265835 -0.008684366 -0.003045798 0.999995232 0.000510311 -0.001259576 -0.008264246 -0.000535467 0.999965727 0.131558955
0.999934852 0.004950960 0.010288079 -0.012513176 -0.004957472 0.999987483 0.000607470 -0.001302695 -0.010284944 -0.000658433 0.999946892 0.148237735
0.999940932 0.003711401 0.010228020 -0.011957729 -0.003736734 0.999989927 0.002458706 -0.002045731 -0.010218794 -0.002496780 0.999944687 0.159672350
0.999920189 0.004190010 0.011927934 -0.015496911 -0.004230227 0.999985456 0.003348440 -0.002052611 -0.011913734 -0.003398630 0.999923348 0.177405000
0.999892414 0.002569139 0.014441444 -0.020532101 -0.002630054 0.999987662 0.004200672 -0.003374839 -0.014430472 -0.004238202 0.999886930 0.193168849
0.999891043 0.002356902 0.014566865 -0.017926501 -0.002407898 0.999991000 0.003484227 -0.003452409 -0.014558521 -0.003518923 0.999887824 0.201577127
0.999851763 0.001852777 0.017118670 -0.021721818 -0.001933671 0.999987066 0.004710133 -0.003996693 -0.017109722 -0.004742536 0.999842405 0.216474876
0.999856591 0.003024278 0.016661718 -0.020530112 -0.003100755 0.999984741 0.004566064 -0.003630887 -0.016647652 -0.004617073 0.999850750 0.230226472
0.999829829 0.003839246 0.018041154 -0.022303477 -0.003915961 0.999983370 0.004218782 -0.003817090 -0.018024655 -0.004288713 0.999828339 0.248298526
0.999816000 0.004035363 0.018752789 -0.021905405 -0.004116159 0.999982417 0.004271871 -0.004441168 -0.018735219 -0.004348275 0.999814987 0.259591460
0.999785542 0.004498428 0.020218970 -0.023983322 -0.004614463 0.999973118 0.005695949 -0.004778569 -0.020192804 -0.005788027 0.999779344 0.277538300
0.999776840 0.004335281 0.020676265 -0.023095023 -0.004490558 0.999962032 0.007469384 -0.004923117 -0.020643091 -0.007560563 0.999758303 0.290074050
0.999725163 0.004988968 0.022908082 -0.025040731 -0.005185307 0.999950349 0.008519321 -0.005227985 -0.022864440 -0.008635765 0.999701262 0.307709128
0.999725997 0.005330967 0.022793271 -0.023983113 -0.005476248 0.999965072 0.006316205 -0.005127810 -0.022758797 -0.006439296 0.999720275 0.319853961
0.999626338 0.006068283 0.026652459 -0.028448453 -0.006186688 0.999971330 0.004362341 -0.006532791 -0.026625223 -0.004525601 0.999635220 0.336202145
0.999620199 0.005687422 0.026964089 -0.028011486 -0.005766778 0.999979258 0.002866154 -0.005465495 -0.026947236 -0.003020562 0.999632299 0.346615642
0.999592900 0.004789443 0.028122513 -0.028882578 -0.004958004 0.999970198 0.005927169 -0.005969108 -0.028093291 -0.006064189 0.999586880 0.365182340
0.999583602 0.004448294 0.028507948 -0.028544843 -0.004645103 0.999965847 0.006841133 -0.005630122 -0.028476544 -0.006970709 0.999570191 0.385399550
0.999515295 0.004753959 0.030765871 -0.030508757 -0.004946915 0.999968529 0.006198643 -0.005088579 -0.030735429 -0.006347834 0.999507368 0.390667915
0.999458611 0.005128008 0.032501519 -0.033096075 -0.005298872 0.999972641 0.005173156 -0.005219489 -0.032474101 -0.005342576 0.999458253 0.407160997
0.999401569 0.004437982 0.034303159 -0.034022942 -0.004599887 0.999978602 0.004642351 -0.005424543 -0.034281824 -0.004797363 0.999400675 0.427016407
0.999433994 0.003625180 0.033444505 -0.031855874 -0.003776927 0.999982834 0.004475188 -0.005083508 -0.033427708 -0.004598971 0.999430537 0.435800016
0.999350190 0.003288535 0.035893150 -0.035049036 -0.003512830 0.999974728 0.006187703 -0.005513722 -0.035871893 -0.006309768 0.999336481 0.452171624
0.999271631 0.004141382 0.037934296 -0.037637971 -0.004406219 0.999966443 0.006900538 -0.006038656 -0.037904445 -0.007062658 0.999256372 0.469300687
0.999297619 0.003747184 0.037284810 -0.034469821 -0.003975116 0.999973774 0.006041036 -0.005405365 -0.037261195 -0.006185004 0.999286413 0.480116576
0.999266922 0.002188113 0.038222637 -0.035935394 -0.002437895 0.999975920 0.006489509 -0.005500600 -0.038207516 -0.006577936 0.999248087 0.497779489
0.999217808 0.002594936 0.039460257 -0.036353238 -0.002903479 0.999965668 0.007763770 -0.005706136 -0.039438758 -0.007872269 0.999190986 0.517013311
0.999138117 0.004229461 0.041293375 -0.038481504 -0.004577496 0.999954760 0.008337426 -0.005390429 -0.041256242 -0.008519260 0.999112308 0.523943782
0.999069512 0.004125061 0.042932477 -0.041233554 -0.004555190 0.999940336 0.009925745 -0.006367683 -0.042888973 -0.010112073 0.999028683 0.539524496
0.998842835 0.004743628 0.047859594 -0.045331255 -0.005143074 0.999953032 0.008226538 -0.005949001 -0.047818322 -0.008463162 0.998820245 0.555904508
0.998794794 0.003499415 0.048956733 -0.047790710 -0.003866913 0.999965012 0.007413875 -0.005374928 -0.048929077 -0.007594247 0.998773396 0.566926599
0.998987973 0.000539170 0.044974651 -0.040693767 -0.000868653 0.999972939 0.007306756 -0.005288992 -0.044969492 -0.007338427 0.998961329 0.567445993
0.998957753 0.000899529 0.045635615 -0.040257841 -0.001237373 0.999972045 0.007375361 -0.005073381 -0.045627713 -0.007424141 0.998930812 0.581119835
0.998985112 0.001768067 0.045007724 -0.040264577 -0.002136260 0.999964654 0.008133875 -0.004903706 -0.044991750 -0.008221768 0.998953581 0.592641413
0.998952568 0.000688429 0.045750543 -0.040286250 -0.001063792 0.999966025 0.008180728 -0.004999364 -0.045743350 -0.008220828 0.998919427 0.602265000
0.999060690 0.000886861 0.043322627 -0.039612971 -0.001225771 0.999968767 0.007796990 -0.005406390 -0.043314360 -0.007842769 0.999030709 0.608156383
0.998952866 0.002845597 0.045661416 -0.042974863 -0.003187455 0.999967396 0.007415763 -0.005194987 -0.045638826 -0.007553542 0.998929441 0.617511451
0.998894811 0.003277124 0.046886198 -0.045323029 -0.003662420 0.999960124 0.008134154 -0.004926084 -0.046857677 -0.008296880 0.998867154 0.624966204
0.998826563 0.002815408 0.048346221 -0.048232473 -0.003185167 0.999966145 0.007572828 -0.004417263 -0.048323266 -0.007717933 0.998801947 0.633528054
0.998760283 0.002134871 0.049735498 -0.048991997 -0.002548361 0.999962628 0.008251854 -0.004427373 -0.049716033 -0.008368365 0.998728275 0.638368189
0.998738527 0.004121089 0.050045069 -0.049150169 -0.004542476 0.999955118 0.008309332 -0.004545670 -0.050008588 -0.008526178 0.998712301 0.645379901
0.998630404 0.003951794 0.052171610 -0.050617617 -0.004293091 0.999970138 0.006431370 -0.004391017 -0.052144632 -0.006646537 0.998617411 0.653095543
0.998573303 0.004397127 0.053218048 -0.051194325 -0.004804768 0.999960065 0.007534301 -0.005118188 -0.053182796 -0.007779252 0.998554468 0.661489308
0.998646498 0.003186235 0.051914159 -0.048575044 -0.003656227 0.999953270 0.008960814 -0.004719678 -0.051883176 -0.009138494 0.998611450 0.671581924
0.998719454 0.005146977 0.050329298 -0.044717226 -0.005641424 0.999937117 0.009687097 -0.005095791 -0.050276276 -0.009958619 0.998685718 0.683903337
0.998756468 0.005516347 0.049547147 -0.042806752 -0.005968133 0.999941945 0.008974988 -0.005361673 -0.049494758 -0.009259532 0.998731434 0.695451736
0.998823106 0.006344533 0.048086435 -0.040810671 -0.006697813 0.999951720 0.007189190 -0.005679082 -0.048038501 -0.007502801 0.998817325 0.704643428
0.998804033 0.003325954 0.048779655 -0.042043772 -0.003592195 0.999979138 0.005371402 -0.005037353 -0.048760768 -0.005540205 0.998795152 0.713804722
0.998877525 0.002676611 0.047290672 -0.039905772 -0.002957080 0.999978423 0.005861800 -0.005207863 -0.047273964 -0.005995064 0.998863995 0.720028102
0.998741388 0.003048124 0.050062880 -0.041230921 -0.003397802 0.999970376 0.006901172 -0.005044315 -0.050040361 -0.007062592 0.998722315 0.726970732
0.998714447 0.000941483 0.050680064 -0.041057393 -0.001364935 0.999964356 0.008321447 -0.005145255 -0.050670419 -0.008379925 0.998680294 0.733694077
0.998688042 0.002268478 0.051157936 -0.041521743 -0.002715476 0.999958694 0.008669790 -0.005364300 -0.051136144 -0.008797334 0.998652935 0.742077231
0.998434484 0.002592205 0.055874139 -0.043826599 -0.003026068 0.999965847 0.007681809 -0.005237636 -0.055852324 -0.007838862 0.998408198 0.748852134
0.998548567 0.002852933 0.053781729 -0.042991396 -0.003244095 0.999968886 0.007187248 -0.005214745 -0.053759553 -0.007351290 0.998526812 0.755343020
0.998500526 0.003457330 0.054632634 -0.043169029 -0.003843393 0.999968410 0.006963047 -0.005108646 -0.054606829 -0.007162578 0.998482227 0.763845742
0.998356938 0.004904335 0.057089869 -0.044506192 -0.005287166 0.999964535 0.006556646 -0.004883019 -0.057055693 -0.006847715 0.998347521 0.771014571
0.998342752 0.004628384 0.057360541 -0.044910464 -0.005122125 0.999951005 0.008463629 -0.005120510 -0.057318568 -0.008743412 0.998317659 0.778596699
0.998071194 0.005872873 0.061801910 -0.046581320 -0.006332581 0.999953687 0.007245162 -0.004897866 -0.061756507 -0.007622553 0.998062193 0.786807239
0.998116493 0.006073038 0.061045080 -0.046587408 -0.006455236 0.999960840 0.006065655 -0.004627353 -0.061005846 -0.006448292 0.998116612 0.794645548
0.998163402 0.004346587 0.060422160 -0.045836560 -0.004761606 0.999966025 0.006726369 -0.004728814 -0.060390882 -0.007001722 0.998150229 0.799427927
0.998040020 0.001826499 0.062552243 -0.045893770 -0.002310960 0.999967873 0.007673401 -0.004444730 -0.062536240 -0.007802916 0.998012185 0.800763607
0.997883320 0.003865132 0.064915329 -0.047159605 -0.004418292 0.999955058 0.008379860 -0.005251743 -0.064880036 -0.008648936 0.997855604 0.811583340
0.998030722 0.000677890 0.062722743 -0.046931878 -0.001115032 0.999975324 0.006934692 -0.004216902 -0.062716499 -0.006990973 0.998006940 0.822758734
0.998050928 0.002831860 0.062340654 -0.046907280 -0.003103530 0.999986112 0.004261429 -0.004140393 -0.062327716 -0.004446599 0.998045862 0.832285821
0.998034656 0.001972039 0.062633641 -0.045560632 -0.002328663 0.999981403 0.005621309 -0.004742843 -0.062621415 -0.005756114 0.998020768 0.838418961
0.998133421 0.001493245 0.061053824 -0.042782027 -0.001940431 0.999971688 0.007265816 -0.005037209 -0.061041258 -0.007370723 0.998108029 0.845011592
0.998073757 0.001378367 0.062023591 -0.043990452 -0.001831974 0.999971926 0.007257182 -0.004844307 -0.062011868 -0.007356828 0.998048246 0.855524123
0.997986495 0.002145262 0.063390009 -0.043461177 -0.002658039 0.999964356 0.008006019 -0.004938769 -0.063370578 -0.008158392 0.997956693 0.864727318
0.998141229 0.000995661 0.060935371 -0.041801706 -0.001492833 0.999965847 0.008114022 -0.004951936 -0.060925212 -0.008189906 0.998108745 0.873991847
0.998187423 -0.000611726 0.060178652 -0.040990472 0.000049130 0.999956250 0.009349784 -0.005542608 -0.060181737 -0.009329882 0.998143792 0.882344365
0.998228610 -0.000610319 0.059490800 -0.039368950 0.000144576 0.999969244 0.007832824 -0.005443634 -0.059493750 -0.007810348 0.998198152 0.890711725
0.998197079 -0.001553606 0.060002916 -0.038916230 0.001055837 0.999964774 0.008326567 -0.005770693 -0.060013734 -0.008248203 0.998163462 0.898595989
0.998150885 -0.001155051 0.060774390 -0.039299510 0.000661923 0.999966741 0.008133568 -0.005757134 -0.060781769 -0.008078301 0.998118401 0.905136585
0.998252988 0.000105386 0.059084140 -0.038966041 -0.000578794 0.999967873 0.007995390 -0.005494026 -0.059081394 -0.008015622 0.998221040 0.913836300
0.998145103 0.001980975 0.060847823 -0.040026270 -0.002394454 0.999974430 0.006723129 -0.005235640 -0.060832959 -0.006856355 0.998124421 0.919741333
0.998136163 0.000326722 0.061026338 -0.038679976 -0.000797957 0.999970078 0.007697627 -0.005385689 -0.061021999 -0.007731977 0.998106420 0.927850902
0.998152435 0.002322421 0.060716584 -0.036726300 -0.002772310 0.999969244 0.007326464 -0.005771487 -0.060697716 -0.007481252 0.998128116 0.938041031
0.998029590 0.001285510 0.062732756 -0.036592033 -0.001719869 0.999974966 0.006870458 -0.005760371 -0.062722348 -0.006964812 0.998006701 0.945526779
0.998071611 0.000740149 0.062069029 -0.035822295 -0.001194583 0.999972701 0.007284644 -0.005869987 -0.062061947 -0.007344743 0.998045325 0.954156518
0.997959077 -0.000346589 0.063855678 -0.035940152 -0.000158026 0.999968827 0.007897206 -0.005710634 -0.063856430 -0.007891180 0.997927964 0.960641325
0.997884631 -0.001125514 0.064999938 -0.035992064 0.000558658 0.999961674 0.008738386 -0.005569120 -0.065007284 -0.008683588 0.997846961 0.967225075
0.997854471 -0.000793426 0.065464213 -0.035444327 0.000151666 0.999951899 0.009807609 -0.005818282 -0.065468855 -0.009776640 0.997806668 0.975460708
0.997802258 0.002258082 0.066222556 -0.036370896 -0.002801949 0.999963045 0.008120986 -0.005574548 -0.066201791 -0.008288691 0.997771859 0.983044744
0.997691691 0.000790491 0.067902155 -0.036168084 -0.001303659 0.999970853 0.007513483 -0.005858287 -0.067894235 -0.007584662 0.997663677 0.988432169
0.997736275 -0.000672207 0.067244224 -0.035813414 0.000166031 0.999971569 0.007532726 -0.005684882 -0.067247376 -0.007504510 0.997708142 0.993765771
0.997736454 -0.003951308 0.067128547 -0.033328153 0.003465829 0.999966979 0.007346993 -0.006124784 -0.067155354 -0.007097708 0.997717261 0.996416986
0.997878850 -0.003446680 0.065008402 -0.032387272 0.002917805 0.999961853 0.008228681 -0.005930311 -0.065034285 -0.008021545 0.997850776 1.002060533
0.997948706 -0.003049194 0.063947394 -0.030317158 0.002589054 0.999970138 0.007277218 -0.006045551 -0.063967675 -0.007096727 0.997926772 1.001121044
0.997823834 -0.001368517 0.065922871 -0.032173976 0.000860233 0.999969661 0.007738041 -0.006503880 -0.065931462 -0.007664492 0.997794747 0.999779820
0.997928739 -0.000149827 0.064329155 -0.032111317 -0.000276983 0.999977946 0.006625805 -0.006233192 -0.064328738 -0.006629899 0.997906744 1.008124232
0.998108625 0.001552875 0.061455235 -0.030647252 -0.001916403 0.999980986 0.005856832 -0.006522855 -0.061444972 -0.005963528 0.998092711 1.015757203
0.998131394 0.002235277 0.061062530 -0.029932950 -0.002641364 0.999974906 0.006570440 -0.006585848 -0.061046321 -0.006719450 0.998112321 1.020135283
0.998173118 0.001969796 0.060385849 -0.029750977 -0.002483333 0.999961376 0.008430399 -0.006552066 -0.060366895 -0.008564956 0.998139501 1.025119424
0.998205781 0.001671423 0.059852887 -0.030075729 -0.002221039 0.999955952 0.009117422 -0.006435597 -0.059835017 -0.009233999 0.998165607 1.031166315
0.998330235 0.002174429 0.057722192 -0.028963320 -0.002713396 0.999953449 0.009260523 -0.006379207 -0.057699364 -0.009401684 0.998289764 1.037207603
0.998282850 0.000484029 0.058577221 -0.028791424 -0.001003681 0.999960303 0.008842131 -0.006652926 -0.058570627 -0.008885740 0.998243749 1.043191791
0.998315573 0.000048277 0.058016021 -0.027560733 -0.000564542 0.999960363 0.008882303 -0.006845399 -0.058013290 -0.008900092 0.998276114 1.046907425
0.998144865 -0.000336445 0.060881618 -0.028888807 -0.000124416 0.999971330 0.007565843 -0.006691505 -0.060882416 -0.007559381 0.998116314 1.052851200
0.998147964 -0.000250237 0.060831793 -0.028958410 -0.000232770 0.999968469 0.007932831 -0.006742969 -0.060831871 -0.007932298 0.998116434 1.054730535
0.998386741 0.001553688 0.056756657 -0.027745996 -0.001956462 0.999973357 0.007041636 -0.006999642 -0.056744196 -0.007141318 0.998363197 1.054257870
0.998225749 -0.000414329 0.059540845 -0.028844133 0.000017918 0.999977827 0.006658181 -0.006635298 -0.059542295 -0.006645300 0.998203635 1.057771206
0.998367190 0.001788686 0.057094350 -0.027906165 -0.002231000 0.999967992 0.007684279 -0.006857535 -0.057078782 -0.007799110 0.998339295 1.058559299
0.998463869 0.003715955 0.055281471 -0.028700333 -0.004133085 0.999963760 0.007433142 -0.006611235 -0.055251863 -0.007650207 0.998443067 1.062058568
0.998557270 0.003960704 0.053549219 -0.028421454 -0.004360011 0.999963522 0.007342068 -0.006735615 -0.053518176 -0.007564952 0.998538196 1.064229250
0.998631477 0.001977983 0.052259747 -0.028213076 -0.002289139 0.999980032 0.005894828 -0.006721403 -0.052247040 -0.006006391 0.998616099 1.065719604
0.998734415 0.002425106 0.050235394 -0.028416634 -0.002700433 0.999981701 0.005413598 -0.006715965 -0.050221346 -0.005542404 0.998722672 1.068225741
0.998918593 0.004196298 0.046303116 -0.028413113 -0.004454796 0.999974966 0.005480960 -0.006726787 -0.046278957 -0.005681303 0.998912394 1.070443034
0.998852015 0.004952674 0.047644466 -0.028437316 -0.005320041 0.999957025 0.007586886 -0.006719695 -0.047604844 -0.007831646 0.998835504 1.072099447
0.999043345 0.008245704 0.042944577 -0.028026041 -0.008623946 0.999925554 0.008629896 -0.006773092 -0.042870220 -0.008991994 0.999040127 1.073513865
0.998910367 0.007354211 0.046086643 -0.027897425 -0.007719378 0.999940157 0.007750528 -0.006859810 -0.046026889 -0.008097844 0.998907328 1.074172139
0.998564363 0.005748221 0.053255610 -0.027930260 -0.006104128 0.999960124 0.006522771 -0.006910398 -0.053215988 -0.006838485 0.998559594 1.075297475
0.998592377 0.005036334 0.052800596 -0.027951036 -0.005438633 0.999957323 0.007478296 -0.006895566 -0.052760672 -0.007754932 0.998577058 1.077197671
0.998634577 0.004183407 0.052071154 -0.028285637 -0.004619601 0.999955177 0.008259354 -0.006777083 -0.052034270 -0.008488625 0.998609185 1.079077601
0.998704374 0.002514509 0.050825872 -0.028019164 -0.003081938 0.999933779 0.011088887 -0.006973675 -0.050794628 -0.011231162 0.998645902 1.079859614
0.998408496 -0.000737919 0.056391977 -0.028430872 0.000201398 0.999954700 0.009519225 -0.006814282 -0.056396447 -0.009492717 0.998363316 1.081856489
0.998223662 -0.002023563 0.059544399 -0.028662771 0.001493864 0.999958992 0.008939037 -0.006830613 -0.059560038 -0.008834207 0.998185635 1.083640456
0.998168051 -0.001264764 0.060488716 -0.028718427 0.000907753 0.999982059 0.005929237 -0.006884231 -0.060495123 -0.005863466 0.998151302 1.084793091
0.997878611 -0.003964046 0.064980306 -0.028861463 0.003570301 0.999974549 0.006174468 -0.006903099 -0.065003119 -0.005929371 0.997867465 1.085512757
0.997632802 -0.007409855 0.068365775 -0.029206455 0.006934161 0.999950111 0.007192757 -0.006821509 -0.068415664 -0.006701671 0.997634411 1.087691784
0.997443974 -0.006318359 0.071174264 -0.029520847 0.005780336 0.999953210 0.007762668 -0.006795868 -0.071219973 -0.007331415 0.997433722 1.089746475
0.997778416 -0.005985125 0.066350661 -0.028896265 0.005447386 0.999950886 0.008282456 -0.007056724 -0.066396989 -0.007902618 0.997762024 1.089986324
0.997922599 -0.004930160 0.064234115 -0.028852269 0.004392217 0.999954104 0.008513213 -0.006899094 -0.064273134 -0.008213399 0.997898579 1.090481758
0.997747898 -0.006377665 0.066770993 -0.028998703 0.005854360 0.999950647 0.008030035 -0.006814172 -0.066818915 -0.007621049 0.997736037 1.091485381
0.997549534 -0.006619818 0.069648951 -0.029173978 0.006061611 0.999947846 0.008222874 -0.006884753 -0.069699749 -0.007780540 0.997537732 1.092414618
0.997523069 -0.006775721 0.070011869 -0.029290840 0.006213357 0.999946654 0.008247063 -0.006833041 -0.070064008 -0.007791627 0.997512102 1.094024301
0.997679174 -0.007287347 0.067699388 -0.028902613 0.006858085 0.999954820 0.006570955 -0.006849831 -0.067744225 -0.006091416 0.997684062 1.094600201
0.997751713 -0.004058516 0.066895962 -0.029246010 0.003694598 0.999977708 0.005562907 -0.006798337 -0.066917047 -0.005303246 0.997744441 1.095517039
0.997655988 -0.005512285 0.068207279 -0.029343784 0.005029207 0.999960959 0.007252211 -0.006750598 -0.068244591 -0.006892183 0.997644782 1.096014261
0.997753143 -0.003333500 0.066914931 -0.029427424 0.002772416 0.999960244 0.008476163 -0.006751378 -0.066940509 -0.008271602 0.997722685 1.096576929
0.997714400 -0.001983771 0.067543730 -0.029405266 0.001442608 0.999966383 0.008059892 -0.006753739 -0.067557454 -0.007944031 0.997683764 1.097265840
0.997692585 -0.003774936 0.067788616 -0.029509187 0.003281163 0.999967158 0.007393893 -0.006707164 -0.067814298 -0.007154407 0.997672319 1.098314643
0.997786462 -0.000869796 0.066493630 -0.029364824 0.000433431 0.999978185 0.006576687 -0.006747362 -0.066497900 -0.006533308 0.997765183 1.098836780
0.997241080 -0.004757287 0.074078031 -0.029420555 0.004230225 0.999964654 0.007270239 -0.006771287 -0.074109986 -0.006936815 0.997225940 1.100211263
0.996199787 -0.008810321 0.086650744 -0.029362887 0.008286196 0.999945164 0.006406553 -0.006737809 -0.086702436 -0.005664201 0.996218145 1.101348877
0.996001542 -0.013582776 0.088297486 -0.028850794 0.012819690 0.999875546 0.009203592 -0.006838975 -0.088411510 -0.008034845 0.996051550 1.100935698
0.996363699 -0.009526080 0.084666975 -0.028818168 0.008786580 0.999919951 0.009102577 -0.006838179 -0.084746912 -0.008325546 0.996367633 1.101922870
0.996889830 -0.005217218 0.078634337 -0.028336495 0.004513224 0.999948263 0.009127821 -0.006914995 -0.078677893 -0.008744538 0.996861696 1.101739049
0.996815681 -0.003935052 0.079642206 -0.028144270 0.003312803 0.999963045 0.007943662 -0.006949853 -0.079670534 -0.007654529 0.996791840 1.101587892
0.996628940 -0.004000863 0.081943631 -0.028513417 0.003548056 0.999977589 0.005670699 -0.006881882 -0.081964493 -0.005360843 0.996620893 1.102491498
0.996667087 -0.001445354 0.081563704 -0.028751612 0.001167025 0.999993384 0.003459965 -0.006842267 -0.081568174 -0.003353247 0.996662140 1.103134036
0.996528566 -0.002846857 0.083202176 -0.029011689 0.002562552 0.999990523 0.003523620 -0.006795233 -0.083211422 -0.003298178 0.996526480 1.103884697
0.996186495 -0.004534296 0.087131515 -0.029086240 0.004210308 0.999983549 0.003901795 -0.006767459 -0.087147787 -0.003520065 0.996189177 1.104758382
0.996289134 -0.003056578 0.086014539 -0.029167749 0.002793673 0.999991059 0.003176718 -0.006738603 -0.086023495 -0.002924634 0.996288836 1.105400205
0.996270776 -0.005145661 0.086127847 -0.029104881 0.004841934 0.999981344 0.003735000 -0.006751047 -0.086145468 -0.003304046 0.996277153 1.105598688
0.996479392 -0.005282459 0.083671547 -0.029116102 0.004990611 0.999980688 0.003696792 -0.006756068 -0.083689466 -0.003266205 0.996486545 1.105834723
0.996311486 -0.005978032 0.085602015 -0.029202014 0.005733184 0.999978781 0.003105873 -0.006726890 -0.085618779 -0.002603645 0.996324658 1.106207132
0.995998979 -0.006354824 0.089138322 -0.029469989 0.006064302 0.999975383 0.003529671 -0.006701573 -0.089158572 -0.002974987 0.996012926 1.106455445
0.995452344 -0.008988880 0.094835892 -0.029564641 0.008744001 0.999957323 0.002997382 -0.006665026 -0.094858788 -0.002154505 0.995488405 1.107149839
0.995325625 -0.009233954 0.096133493 -0.029705763 0.008972788 0.999954760 0.003148654 -0.006647716 -0.096158229 -0.002271350 0.995363414 1.107920289
0.995454967 -0.009856317 0.094722107 -0.029680952 0.009533002 0.999947011 0.003865230 -0.006636511 -0.094755180 -0.002944677 0.995496273 1.108322978
0.995709419 -0.008314785 0.092160799 -0.029616982 0.007892317 0.999956608 0.004947535 -0.006655330 -0.092197940 -0.004198944 0.995731831 1.108586311
0.995799363 -0.005996447 0.091365241 -0.029684171 0.005705028 0.999977767 0.003450426 -0.006627314 -0.091383874 -0.002914690 0.995811462 1.108929157
0.995515287 -0.006351103 0.094387323 -0.029841587 0.006123789 0.999977589 0.002697774 -0.006610572 -0.094402343 -0.002107667 0.995531917 1.109375119
0.995322466 -0.005640653 0.096443482 -0.029908933 0.005611103 0.999984086 0.000577618 -0.006588324 -0.096445195 -0.000033762 0.995338261 1.109847903
0.995076299 -0.006644938 0.098890021 -0.030024342 0.006429296 0.999976277 0.002499146 -0.006584546 -0.098904274 -0.001851048 0.995095193 1.110232234
0.994741976 -0.007466331 0.102140553 -0.030230962 0.007181735 0.999969244 0.003153770 -0.006607541 -0.102160968 -0.002403641 0.994764924 1.110686779
0.994669318 -0.006671390 0.102900289 -0.030238919 0.006287101 0.999971926 0.004058466 -0.006596415 -0.102924488 -0.003389887 0.994683325 1.111082673
0.994522989 -0.004511035 0.104421236 -0.030268088 0.004030640 0.999980330 0.004811105 -0.006591766 -0.104440890 -0.004363870 0.994521499 1.111470938
0.994605839 -0.002459361 0.103697278 -0.030239984 0.001995852 0.999987543 0.004573356 -0.006598543 -0.103707232 -0.004341722 0.994598389 1.111804605
0.993839145 -0.002049179 0.110813767 -0.030555502 0.001816441 0.999995887 0.002201175 -0.006573339 -0.110817812 -0.001986327 0.993838727 1.112258077
0.993614554 -0.003516457 0.112773657 -0.030547351 0.003174957 0.999989867 0.003207638 -0.006645635 -0.112783782 -0.002829104 0.993615508 1.112836003
0.994285285 -0.002017467 0.106736578 -0.030316494 0.001413962 0.999982595 0.005729523 -0.006646458 -0.106746279 -0.005545858 0.994270802 1.113092899
0.994835794 -0.002585386 0.101464190 -0.030104145 0.002148739 0.999988019 0.004412520 -0.006655274 -0.101474375 -0.004171713 0.994829357 1.113388777
0.995181322 -0.002349390 0.098024368 -0.029952064 0.002124758 0.999994934 0.002395919 -0.006617337 -0.098029509 -0.002176096 0.995181024 1.113744140
0.995401144 -0.003947195 0.095712692 -0.029885203 0.003720846 0.999989867 0.002543241 -0.006595939 -0.095721766 -0.002175413 0.995405674 1.114096642
0.995607018 -0.005453035 0.093471393 -0.029796198 0.004898940 0.999969065 0.006156400 -0.006650465 -0.093502082 -0.005671444 0.995602906 1.114432812
0.995813549 -0.007421573 0.091106206 -0.029517867 0.006609238 0.999935687 0.009214823 -0.006718547 -0.091168731 -0.008574103 0.995798409 1.114979506
0.996092916 -0.005635852 0.088131115 -0.029458195 0.004899093 0.999951243 0.008573866 -0.006641121 -0.088175125 -0.008108605 0.996071994 1.115320325
0.996223807 -0.005112574 0.086671464 -0.029494151 0.004274941 0.999942303 0.009847320 -0.006657556 -0.086716801 -0.009439618 0.996188343 1.115570784
0.996144116 -0.005541080 0.087556653 -0.029648177 0.004772750 0.999948263 0.008982146 -0.006683351 -0.087601900 -0.008529624 0.996119082 1.115907311
0.996259868 -0.007656941 0.086067475 -0.029692173 0.006944521 0.999939024 0.008573813 -0.006710691 -0.086127885 -0.007944047 0.996252418 1.116143227
0.996387661 -0.009742720 0.084360100 -0.029743448 0.009054922 0.999922574 0.008531903 -0.006712168 -0.084436692 -0.007737209 0.996398807 1.116482258
0.996541679 -0.012736659 0.082112260 -0.029726326 0.011881873 0.999870062 0.010890247 -0.006773698 -0.082240291 -0.009876937 0.996563554 1.116761327
0.996946335 -0.012491453 0.077084795 -0.029527664 0.011617739 0.999863148 0.011772528 -0.006735495 -0.077221289 -0.010841027 0.996955037 1.117000580
0.997018039 -0.011487857 0.076308802 -0.029637024 0.010632473 0.999876142 0.011606338 -0.006718609 -0.076432690 -0.010760376 0.997016668 1.117242455
0.996884167 -0.012405929 0.077897944 -0.029863998 0.011440949 0.999852359 0.012821869 -0.006750932 -0.078045502 -0.011890690 0.996878982 1.117510319
0.997328520 -0.009173747 0.072467931 -0.029885165 0.008285352 0.999886930 0.012550252 -0.006748851 -0.072574876 -0.011916302 0.997291744 1.117633343
0.997043312 -0.009919461 0.076198488 -0.030029923 0.008967912 0.999877632 0.012819828 -0.006775185 -0.076316327 -0.012098583 0.997010231 1.117968440
0.997006774 -0.007976616 0.076902188 -0.030072577 0.007089446 0.999905288 0.011802440 -0.006759391 -0.076989047 -0.011221917 0.996968806 1.118100405
0.997040033 -0.009072515 0.076347023 -0.030135855 0.008009011 0.999866784 0.014224540 -0.006812919 -0.076465912 -0.013570971 0.996979773 1.118281007
0.997005284 -0.008199458 0.076897994 -0.030230001 0.007230580 0.999891102 0.012869490 -0.006823179 -0.076995157 -0.012274933 0.996955931 1.118484378
0.997037649 -0.007608287 0.076537319 -0.030324467 0.006760512 0.999912918 0.011329632 -0.006824531 -0.076616846 -0.010778640 0.997002363 1.118688226
0.997084022 -0.011011295 0.075512275 -0.030360281 0.009895678 0.999836624 0.015132244 -0.006859610 -0.075666562 -0.014340875 0.997029960 1.118825793
0.997059941 -0.008606330 0.076140694 -0.030202642 0.007611277 0.999881983 0.013349160 -0.006771997 -0.076246567 -0.012730384 0.997007668 1.118412971
0.996985018 -0.009358031 0.077026822 -0.030011080 0.008158007 0.999840558 0.015879272 -0.006778190 -0.077163152 -0.015203010 0.996902585 1.117950082
0.997114003 -0.010840573 0.075139552 -0.030004263 0.009596601 0.999811113 0.016896840 -0.006776161 -0.075308524 -0.016126990 0.997029901 1.118188858
0.997073352 -0.011057584 0.075645827 -0.030077554 0.009783320 0.999804318 0.017195014 -0.006821813 -0.075821169 -0.016404625 0.996986508 1.118332624
0.996969998 -0.008525441 0.077317715 -0.030085728 0.007324525 0.999848247 0.015802536 -0.006794706 -0.077440709 -0.015188338 0.996881306 1.118301988
0.996896446 -0.012047065 0.077795945 -0.030117325 0.010674573 0.999780357 0.018034052 -0.006817596 -0.077996120 -0.017147642 0.996806204 1.118379354
0.996947587 -0.009480244 0.077495724 -0.030191533 0.008342332 0.999852777 0.014994109 -0.006793605 -0.077626459 -0.014301846 0.996879876 1.118703127
0.997205555 -0.009963335 0.074039876 -0.030259192 0.009020479 0.999873996 0.013057958 -0.006827168 -0.074160658 -0.012353593 0.997169733 1.119392872
0.997385263 -0.011329657 0.071372420 -0.030230775 0.010304382 0.999838591 0.014717011 -0.006854083 -0.071527638 -0.013943081 0.997341156 1.119893074
0.997408330 -0.010810525 0.071130998 -0.030239478 0.009584407 0.999799848 0.017556263 -0.006890308 -0.071306556 -0.016829016 0.997312486 1.119968176
0.997557938 -0.011396600 0.068907335 -0.030133538 0.010162363 0.999782085 0.018235678 -0.006855153 -0.069100149 -0.017490886 0.997456372 1.120251656
0.997764230 -0.009607259 0.066136524 -0.029975429 0.008889554 0.999898434 0.011137636 -0.006860965 -0.066236809 -0.010524815 0.997748435 1.120504022
0.997844100 -0.005213354 0.065420628 -0.029945709 0.004857993 0.999972582 0.005589863 -0.006838965 -0.065447979 -0.005259999 0.997842133 1.120585918
0.997780740 -0.005298654 0.066375576 -0.029876694 0.004553945 0.999924958 0.011365932 -0.006887753 -0.066430829 -0.011038437 0.997729957 1.120616317
0.997723043 -0.005467579 0.067221627 -0.030003622 0.004403932 0.999862969 0.015961012 -0.006888904 -0.067299671 -0.015628632 0.997610390 1.121131897
0.997788668 -0.003993750 0.066346198 -0.030056141 0.002821173 0.999838412 0.017757908 -0.006904103 -0.066406384 -0.017531468 0.997638643 1.121618032
0.997926772 -0.007139632 0.063961193 -0.030081302 0.005990914 0.999817669 0.018133407 -0.006911144 -0.064079002 -0.017712632 0.997787654 1.122069240
0.997759640 -0.005282856 0.066691414 -0.030280963 0.004156558 0.999846578 0.017015677 -0.006939419 -0.066771083 -0.016700346 0.997628510 1.122449398
0.997727752 -0.004933082 0.067194544 -0.030366436 0.003682912 0.999818027 0.018716406 -0.006968655 -0.067274645 -0.018426405 0.997564316 1.122522593
0.997716486 -0.003670185 0.067442231 -0.030362166 0.002354671 0.999805748 0.019574931 -0.006951164 -0.067500979 -0.019371426 0.997531056 1.122480631
0.997825921 -0.004038337 0.065779954 -0.030280992 0.002750504 0.999803007 0.019656681 -0.006930698 -0.065846376 -0.019433020 0.997640491 1.122367620
0.997795999 -0.005067496 0.066161789 -0.030181341 0.003829556 0.999815404 0.018824216 -0.006919498 -0.066244975 -0.018529356 0.997631311 1.122251630
0.997875333 -0.005748833 0.064897366 -0.030153766 0.004537487 0.999812961 0.018797530 -0.006925140 -0.064993285 -0.018463122 0.997714937 1.122177601
0.997814894 -0.006642840 0.065735854 -0.030178703 0.005354996 0.999790728 0.019748036 -0.006924249 -0.065853283 -0.019352874 0.997641623 1.122137427
0.997723043 -0.005829034 0.067192346 -0.030249424 0.004520307 0.999797463 0.019612946 -0.006924311 -0.067293048 -0.019264558 0.997547269 1.122102141
0.997538745 -0.007058276 0.069759943 -0.030276574 0.005694586 0.999789178 0.019727901 -0.006931800 -0.069884486 -0.019282091 0.997368753 1.122114301
0.997616649 -0.005989089 0.068738952 -0.030231491 0.004677850 0.999804258 0.019220762 -0.006920150 -0.068840615 -0.018853404 0.997449517 1.122001529
0.997676075 -0.004948282 0.067955114 -0.030197062 0.003537635 0.999776125 0.020863183 -0.006923504 -0.068043143 -0.020574298 0.997470200 1.121797562
0.997655451 -0.004455422 0.068290815 -0.030184098 0.003082371 0.999791324 0.020198135 -0.006908581 -0.068366542 -0.019940283 0.997461021 1.121811748
0.997697651 -0.002936294 0.067755647 -0.030194424 0.001476655 0.999765992 0.021582728 -0.006914018 -0.067803152 -0.021432985 0.997468472 1.121769547
0.997743905 -0.002360111 0.067093857 -0.030129105 0.000624142 0.999664783 0.025882935 -0.006903250 -0.067132451 -0.025782663 0.997410893 1.121761084
0.997462809 -0.003076002 0.071122907 -0.030137531 0.000928606 0.999543369 0.030206122 -0.006905783 -0.071183324 -0.030063439 0.997010112 1.121844411
0.997410953 -0.002271706 0.071876682 -0.030142829 0.000151677 0.999565184 0.029487088 -0.006896846 -0.071912415 -0.029399842 0.996977568 1.121839523
0.997470677 -0.004735127 0.070921883 -0.030131496 0.002712790 0.999587774 0.028584205 -0.006915648 -0.071027994 -0.028319510 0.997072160 1.121797681
0.997317255 -0.014776688 0.071694724 -0.030136958 0.012606653 0.999451399 0.030626409 -0.006894920 -0.072107941 -0.029640410 0.996956348 1.121860385
0.997112751 -0.016187556 0.074190423 -0.030203737 0.013944844 0.999432921 0.030648116 -0.006917704 -0.074644469 -0.029525055 0.996773064 1.121934652
0.997123122 -0.014008717 0.074493431 -0.030246943 0.011745435 0.999458551 0.030734090 -0.006921932 -0.074883640 -0.029770711 0.996747792 1.122061491
0.996978760 -0.011788890 0.076774836 -0.030227453 0.009369797 0.999450564 0.031793281 -0.006927442 -0.077107459 -0.030977856 0.996541381 1.122261286
0.996996105 -0.008561322 0.076977782 -0.030182526 0.006313248 0.999547780 0.029400257 -0.006940782 -0.077194676 -0.028825961 0.996599257 1.122483850
0.997234941 -0.009274471 0.073732823 -0.030110016 0.007182122 0.999565363 0.028592100 -0.006940980 -0.073965952 -0.027983485 0.996868074 1.122740507
0.997214794 -0.014217439 0.073217064 -0.030081853 0.011980630 0.999450684 0.030899478 -0.006945871 -0.073616147 -0.029936226 0.996837258 1.122704268
0.996978343 -0.016363354 0.075937599 -0.030100688 0.014065164 0.999429703 0.030700989 -0.006962694 -0.076396652 -0.029540144 0.996639848 1.122809768
0.997066200 -0.018811753 0.074195914 -0.030067213 0.016604079 0.999404073 0.030260045 -0.006934937 -0.074720941 -0.028939318 0.996784389 1.122930408
0.997088253 -0.020417692 0.073471814 -0.030032061 0.018119756 0.999329746 0.031808294 -0.006943136 -0.074072026 -0.030384382 0.996789932 1.123089790
0.997227907 -0.019432196 0.071825333 -0.030042753 0.017184529 0.999347150 0.031780109 -0.006939147 -0.072396010 -0.030457729 0.996910810 1.123136163
0.997087777 -0.018943051 0.073872685 -0.030100361 0.016640356 0.999360025 0.031663053 -0.006920595 -0.074425220 -0.030341569 0.996764898 1.123213291
0.996966958 -0.020803645 0.074993342 -0.030141547 0.018525997 0.999349594 0.030940101 -0.006942969 -0.075588241 -0.029456928 0.996703982 1.123300791
0.996949434 -0.019886304 0.075474083 -0.030170262 0.017512025 0.999334753 0.031990696 -0.006950926 -0.076060057 -0.030571401 0.996634483 1.123363018
0.996900737 -0.021805212 0.075586990 -0.030179709 0.019324552 0.999255359 0.033396170 -0.006958138 -0.076258913 -0.031831980 0.996579826 1.123418689
0.996730685 -0.023755798 0.077224992 -0.030206837 0.021017035 0.999127626 0.036086138 -0.006959971 -0.078014888 -0.034345113 0.996360481 1.123465180
0.996348023 -0.019505842 0.083127372 -0.030258603 0.016515443 0.999196768 0.036510795 -0.006964669 -0.083772764 -0.035004571 0.995869994 1.123524427
0.996024072 -0.020068072 0.086794905 -0.030297652 0.016751803 0.999107778 0.038769152 -0.006967053 -0.087495498 -0.037161041 0.995471597 1.123523951
0.995696008 -0.018073041 0.090901338 -0.030373424 0.014694656 0.999181092 0.037698403 -0.006975692 -0.091508225 -0.036200382 0.995146096 1.123629808
0.995463967 -0.017484976 0.093519449 -0.030402362 0.014115526 0.999231398 0.036570374 -0.006978426 -0.094087005 -0.035084415 0.994945586 1.123699188
0.995302022 -0.016512860 0.095401064 -0.030421689 0.013233171 0.999302864 0.034908947 -0.006972771 -0.095910996 -0.033482485 0.994826674 1.123755217
0.995076239 -0.016418183 0.097744025 -0.030573606 0.013115603 0.999324322 0.034335297 -0.006957803 -0.098241702 -0.032884266 0.994619191 1.123651505
0.994236767 -0.023669694 0.104560994 -0.030668572 0.019858917 0.999105394 0.037337564 -0.006998353 -0.105351217 -0.035045911 0.993817389 1.123762608
0.993484974 -0.018923815 0.112382129 -0.030754730 0.015176319 0.999302864 0.034108445 -0.006961752 -0.112949267 -0.032180674 0.993079484 1.123899341
0.992455602 -0.021963106 0.120621853 -0.030834422 0.017813958 0.999215543 0.035369329 -0.006974973 -0.121304043 -0.032953743 0.992068231 1.124031305
0.992156267 -0.021984678 0.123054877 -0.030874878 0.017806897 0.999230444 0.034948088 -0.006979726 -0.123728514 -0.032482743 0.991784334 1.124168515
0.991545737 -0.023797238 0.127556950 -0.030976683 0.019495437 0.999201775 0.034867767 -0.006973773 -0.128284901 -0.032086208 0.991218209 1.124339104
0.991169095 -0.023312906 0.130538747 -0.031013161 0.018666124 0.999151647 0.036708206 -0.007012241 -0.131283790 -0.033947386 0.990763366 1.124428511
0.991680026 -0.020525690 0.127080545 -0.030975491 0.015692567 0.999119222 0.038917109 -0.007061511 -0.127767399 -0.036599111 0.991128623 1.124416709
0.991839528 -0.019733930 0.125956118 -0.030953571 0.014768410 0.999081135 0.040235464 -0.007057298 -0.126634389 -0.038046952 0.991219580 1.124458194
0.991366923 -0.013509903 0.130419090 -0.031023934 0.008799621 0.999290347 0.036625486 -0.007021874 -0.130821347 -0.035161655 0.990782261 1.124558687
0.990380943 -0.014096087 0.137648001 -0.031107813 0.009265225 0.999320567 0.035673641 -0.007030629 -0.138057351 -0.034055155 0.989838541 1.124679327
0.990513921 -0.018217921 0.136199594 -0.031103730 0.013256579 0.999218285 0.037245713 -0.007064737 -0.136771679 -0.035086863 0.989981055 1.124754667
0.990203977 -0.018655770 0.138376743 -0.031125575 0.013512416 0.999185860 0.038016018 -0.007042285 -0.138973296 -0.035773806 0.989649713 1.124853492
0.990729451 -0.015952945 0.134910285 -0.031098425 0.010975344 0.999234200 0.037559267 -0.007028248 -0.135406151 -0.035730377 0.990145743 1.124886632
0.991198719 -0.015939998 0.131419256 -0.031090051 0.011103240 0.999236643 0.037455030 -0.007029295 -0.131915972 -0.035666194 0.990619063 1.124913096
0.990987897 -0.014710342 0.133141682 -0.031143561 0.010125174 0.999334335 0.035050061 -0.007028010 -0.133568674 -0.033386104 0.990477026 1.125016093
0.990677297 -0.019625377 0.134808376 -0.031153828 0.015148558 0.999301732 0.034154717 -0.007025260 -0.135384545 -0.031794149 0.990282893 1.125127792
0.990081310 -0.021040920 0.138911396 -0.031196743 0.016451420 0.999282837 0.034105107 -0.007021494 -0.139529392 -0.031481538 0.989717364 1.125233531
0.989740431 -0.022670597 0.141067058 -0.031239524 0.017729539 0.999187827 0.036185224 -0.007027678 -0.141772836 -0.033312924 0.989338577 1.125336885
0.989760518 -0.026398093 0.140275389 -0.031239539 0.020937132 0.998969674 0.040264688 -0.007022414 -0.141193762 -0.036915433 0.989293516 1.125406265
0.989293456 -0.029281421 0.142971933 -0.031270981 0.023471061 0.998835206 0.042158931 -0.007030737 -0.144039884 -0.038351856 0.988828480 1.125498056
0.989670336 -0.021679629 0.141713947 -0.031257018 0.015703330 0.998945057 0.043154813 -0.007040836 -0.142500028 -0.040483661 0.988966584 1.125608444
0.989102483 -0.023418156 0.145354331 -0.031287283 0.017575298 0.998990059 0.041352306 -0.007035859 -0.146175921 -0.038347024 0.988515198 1.125689745
0.988670826 -0.022742463 0.148366809 -0.031323239 0.016723642 0.998990595 0.041689467 -0.007044859 -0.149165198 -0.038735934 0.988053322 1.125784636
