0.999999821 -0.000608305 -0.000080437 -0.000287836 0.000608447 0.999998212 0.001776880 -0.000764999 0.000079356 -0.001776929 0.999998391 0.042849831
0.999998152 -0.001701334 -0.000864953 -0.000130191 0.001702650 0.999997377 0.001522200 -0.001316230 0.000862361 -0.001523670 0.999998450 0.086809739
0.999994814 -0.003221715 -0.000440044 -0.000730849 0.003222076 0.999994457 0.000819247 -0.001909858 0.000437403 -0.000820660 0.999999523 0.128486618
0.999993622 -0.003529419 -0.000513816 -0.000848090 0.003529838 0.999993443 0.000817509 -0.002681601 0.000510928 -0.000819318 0.999999523 0.172881365
0.999993086 -0.003700598 -0.000291842 -0.001188671 0.003701111 0.999991596 0.001775952 -0.003384929 0.000285267 -0.001777020 0.999998391 0.214988202
0.999987900 -0.004919597 0.000013543 -0.001647998 0.004919539 0.999983966 0.002831902 -0.003939793 -0.000027475 -0.002831801 0.999996006 0.258347511
0.999989748 -0.004512114 -0.000223615 -0.001736115 0.004512913 0.999982953 0.003712033 -0.004872862 0.000206861 -0.003713004 0.999993086 0.302675694
0.999993026 -0.003685615 -0.000606494 -0.001440881 0.003686612 0.999991834 0.001651811 -0.005171155 0.000600402 -0.001654036 0.999998450 0.346278071
0.999999702 -0.000676666 -0.000486085 -0.001863015 0.000676229 0.999999404 -0.000899263 -0.005708518 0.000486693 0.000898934 0.999999523 0.390588194
0.999997258 0.001877333 -0.001388230 -0.001256992 -0.001879209 0.999997258 -0.001351866 -0.006584855 0.001385688 0.001354471 0.999998152 0.435939044
0.999989092 0.004511597 -0.001163515 -0.001770143 -0.004513526 0.999988437 -0.001661015 -0.007274985 0.001156008 0.001666248 0.999997914 0.480570495
0.999984264 0.005607432 -0.000293946 -0.002789570 -0.005607600 0.999984026 -0.000575685 -0.008258416 0.000290714 0.000577324 0.999999702 0.522511899
0.999995053 0.003166101 -0.000148635 -0.002680991 -0.003165720 0.999991834 0.002498982 -0.009303099 0.000156546 -0.002498499 0.999996781 0.567769587
1.000000000 -0.000279383 -0.000260514 -0.002785583 0.000280245 0.999994457 0.003315991 -0.009299014 0.000259586 -0.003316064 0.999994457 0.614387751
0.999992669 -0.003808170 -0.000345774 -0.002745769 0.003808768 0.999991238 0.001747367 -0.010217184 0.000339117 -0.001748672 0.999998391 0.656485856
0.999988317 -0.004839195 -0.000172477 -0.003250484 0.004839172 0.999988317 -0.000135326 -0.010822544 0.000173130 0.000134489 0.999999940 0.701815844
0.999998391 -0.001668437 -0.000737006 -0.002713204 0.001666529 0.999995291 -0.002581604 -0.011230939 0.000741310 0.002580371 0.999996364 0.749467313
0.999997318 0.000772257 0.002185377 -0.005329070 -0.000772735 0.999999702 0.000217906 -0.012184257 -0.002185208 -0.000219594 0.999997616 0.792374313
0.999998748 0.000933857 0.001210130 -0.003230789 -0.000938499 0.999992192 0.003840449 -0.013093085 -0.001206534 -0.003841580 0.999991894 0.836571038
0.999998033 -0.000429047 0.001897448 -0.003501145 0.000419363 0.999986947 0.005101697 -0.013399067 -0.001899612 -0.005100892 0.999985218 0.882286429
0.999984801 -0.005284685 0.001482543 -0.003908206 0.005279155 0.999979258 0.003709804 -0.014179105 -0.001502117 -0.003701922 0.999992013 0.928364635
0.999989688 -0.004323015 0.001338093 -0.003920108 0.004321012 0.999989569 0.001495593 -0.014508665 -0.001344544 -0.001489796 0.999997973 0.974722862
0.999986589 -0.004527421 0.002476722 -0.004359177 0.004529994 0.999989212 -0.001034008 -0.015467200 -0.002472013 0.001045214 0.999996364 1.018852592
0.999989510 -0.003730337 0.002643459 -0.003693410 0.003733865 0.999992132 -0.001331189 -0.016141938 -0.002638471 0.001341046 0.999995649 1.060836554
0.999991953 -0.003265291 0.002324214 -0.003271323 0.003271945 0.999990582 -0.002865165 -0.017538445 -0.002314836 0.002872747 0.999993265 1.108392596
0.999993086 -0.001460236 0.003405926 -0.004039288 0.001470329 0.999994576 -0.002962867 -0.017763354 -0.003401581 0.002967854 0.999989927 1.152301311
0.999996722 -0.000162867 0.002529266 -0.003535989 0.000167597 0.999998212 -0.001869783 -0.018674951 -0.002528957 0.001870201 0.999995112 1.199626684
0.999997139 -0.000150914 0.002358461 -0.004036230 0.000151041 1.000000000 -0.000053740 -0.019646296 -0.002358452 0.000054096 0.999997139 1.243389487
0.999992907 0.002627138 0.002674816 -0.004624232 -0.002627068 0.999996543 -0.000029784 -0.020123594 -0.002674885 0.000022757 0.999996424 1.289661527
0.999981880 0.005404203 0.002644810 -0.004481455 -0.005403856 0.999985337 -0.000138026 -0.021352835 -0.002645518 0.000123732 0.999996483 1.336370707
0.999972701 0.007002485 0.002348889 -0.004483238 -0.007003637 0.999975324 0.000482367 -0.022082685 -0.002345453 -0.000498805 0.999997079 1.381831765
0.999960065 0.008721841 0.001895559 -0.003862767 -0.008722666 0.999961793 0.000426967 -0.022584265 -0.001891763 -0.000443485 0.999998093 1.427259445
0.999974072 0.006954321 0.001861337 -0.005273602 -0.006954565 0.999975801 0.000124052 -0.023160599 -0.001860428 -0.000136994 0.999998271 1.472729683
0.999980092 0.006172234 0.001290874 -0.005188890 -0.006171944 0.999980867 -0.000228665 -0.023958599 -0.001292260 0.000220693 0.999999166 1.519159913
0.999989748 0.004531712 -0.000111406 -0.004867905 -0.004531707 0.999989748 0.000042505 -0.024691302 0.000111598 -0.000042000 1.000000000 1.565059781
0.999988258 0.004518606 -0.001739480 -0.004783314 -0.004516750 0.999989212 0.001069546 -0.025434973 0.001744294 -0.001061677 0.999997914 1.612714529
0.999982476 0.005683100 -0.001651297 -0.007110328 -0.005681963 0.999983609 0.000692904 -0.025735073 0.001655209 -0.000683509 0.999998450 1.657042742
0.999983847 0.004349751 -0.003650274 -0.006678767 -0.004345383 0.999989808 0.001203652 -0.026610974 0.003655473 -0.001187770 0.999992669 1.703979492
0.999979258 0.004942498 -0.004112022 -0.007578020 -0.004933672 0.999985516 0.002153566 -0.027849657 0.004122606 -0.002133234 0.999989212 1.750159740
0.999985337 0.002653232 -0.004712239 -0.008776550 -0.002637247 0.999990761 0.003395131 -0.028767344 0.004721205 -0.003382654 0.999983191 1.797467470
0.999987483 0.000998897 -0.004898015 -0.009508103 -0.000983627 0.999994695 0.003118954 -0.029138673 0.004901105 -0.003114097 0.999983132 1.845495701
0.999986053 -0.000419485 -0.005274451 -0.010591137 0.000431468 0.999997377 0.002270938 -0.029569864 0.005273484 -0.002273182 0.999983490 1.892967582
0.999980807 -0.002357341 -0.005725385 -0.010442231 0.002374962 0.999992430 0.003072859 -0.030132549 0.005718097 -0.003086397 0.999978900 1.937851548
0.999979258 -0.003768658 -0.005217672 -0.010603730 0.003789942 0.999984443 0.004075384 -0.030997530 0.005202232 -0.004095074 0.999978125 1.981108308
0.999986291 -0.002839942 -0.004395156 -0.012145275 0.002857439 0.999988019 0.003979935 -0.031534463 0.004383801 -0.003992439 0.999982417 2.031479836
0.999963403 -0.007008029 -0.004915366 -0.008727226 0.007028477 0.999966621 0.004155256 -0.031427607 0.004886081 -0.004189651 0.999979317 2.068200588
0.999954402 -0.008582336 -0.004184820 -0.012003861 0.008596464 0.999957383 0.003369866 -0.031923853 0.004155720 -0.003405687 0.999985635 2.124100685
0.999968886 -0.007268505 -0.003060429 -0.011800745 0.007277640 0.999969065 0.002984621 -0.033132114 0.003038641 -0.003006801 0.999990880 2.162403822
0.999968946 -0.007243122 -0.003090085 -0.010680147 0.007252517 0.999969065 0.003039722 -0.034957498 0.003067972 -0.003062039 0.999990642 2.211254597
0.999991894 -0.003822993 -0.001255337 -0.013812517 0.003827782 0.999985337 0.003834982 -0.035679284 0.001240657 -0.003839756 0.999991834 2.259064913
0.999992073 -0.003152166 -0.002411384 -0.010390205 0.003164253 0.999982417 0.005025680 -0.034510359 0.002395500 -0.005033271 0.999984443 2.301704168
0.999996305 -0.000176195 -0.002705396 -0.009266293 0.000194814 0.999976277 0.006883449 -0.036883272 0.002704119 -0.006883951 0.999972701 2.348517656
0.999972463 0.007416558 0.000184031 -0.014774608 -0.007417371 0.999960423 0.004907310 -0.035277441 -0.000147628 -0.004908542 0.999987900 2.391334057
0.999949157 0.010073411 -0.000190886 -0.013901778 -0.010072532 0.999940634 0.004141921 -0.034979649 0.000232598 -0.004139788 0.999991357 2.434642315
0.999909818 0.013416576 0.000516944 -0.013675509 -0.013418524 0.999902070 0.003970762 -0.036792174 -0.000463619 -0.003977342 0.999992013 2.483312130
0.999904394 0.013824075 0.000257701 -0.013329738 -0.013825151 0.999893010 0.004786526 -0.038194813 -0.000191504 -0.004789631 0.999988496 2.530550957
0.999936700 0.011227701 0.000706692 -0.013901211 -0.011230181 0.999930382 0.003610317 -0.037023157 -0.000666108 -0.003618025 0.999993205 2.576907635
0.999880493 0.015440816 0.000705708 -0.010761225 -0.015442535 0.999877632 0.002503738 -0.040398259 -0.000666962 -0.002514338 0.999996543 2.617653608
0.999941587 0.010695252 0.001518836 -0.014257165 -0.010699588 0.999938607 0.002876425 -0.039527267 -0.001487979 -0.002892508 0.999994695 2.664674997
0.999945045 0.010418676 0.001164042 -0.015238231 -0.010423166 0.999937952 0.003921106 -0.040881686 -0.001123117 -0.003933024 0.999991655 2.704046488
0.999909520 0.013444128 0.000372891 -0.013103711 -0.013445158 0.999905348 0.002916444 -0.042319000 -0.000333647 -0.002921195 0.999995649 2.752565861
0.999946952 0.010293675 -0.000416024 -0.016141063 -0.010292036 0.999939919 0.003766896 -0.042164084 0.000454774 -0.003762414 0.999992907 2.796096563
0.999939799 0.010922488 -0.001048099 -0.015211830 -0.010918021 0.999931693 0.004176192 -0.043514706 0.001093642 -0.004164496 0.999990761 2.839073181
0.999961555 0.008475751 -0.002215232 -0.014837851 -0.008463214 0.999948442 0.005609050 -0.044441830 0.002262658 -0.005590087 0.999981821 2.883670807
0.999975741 0.006257690 -0.003036274 -0.017129611 -0.006240065 0.999963760 0.005779320 -0.043953031 0.003072329 -0.005760234 0.999978662 2.927218199
0.999982774 0.003786970 -0.004478615 -0.016406216 -0.003762298 0.999977767 0.005504372 -0.044344895 0.004499361 -0.005487427 0.999974847 2.973396540
0.999983013 0.003757904 -0.004460625 -0.016590042 -0.003737333 0.999982357 0.004610854 -0.044718388 0.004477873 -0.004594105 0.999979436 3.015509605
0.999982655 0.003812322 -0.004475712 -0.016720921 -0.003791836 0.999982357 0.004577092 -0.046239246 0.004493082 -0.004560041 0.999979496 3.059072018
0.999983430 0.002672778 -0.005103739 -0.017139021 -0.002653872 0.999989569 0.003707319 -0.046046469 0.005113595 -0.003693713 0.999980092 3.105015039
0.999986112 0.001546367 -0.005020665 -0.018448938 -0.001525484 0.999990165 0.004160506 -0.047264669 0.005027050 -0.004152790 0.999978662 3.145309448
0.999987245 0.002679846 -0.004268912 -0.019567210 -0.002663150 0.999988735 0.003912284 -0.048793685 0.004279349 -0.003900865 0.999983191 3.188587427
0.999982297 0.003809250 -0.004541695 -0.019209953 -0.003789918 0.999983728 0.004257750 -0.049708515 0.004557840 -0.004240462 0.999980569 3.234247684
0.999985039 0.002837866 -0.004669212 -0.019378569 -0.002810976 0.999979496 0.005755335 -0.050044559 0.004685450 -0.005742124 0.999972463 3.279497385
0.999972045 0.006540991 -0.003610130 -0.020190220 -0.006515959 0.999954998 0.006902436 -0.050846823 0.003655116 -0.006878720 0.999969602 3.322267294
0.999982774 0.004492627 -0.003803047 -0.021551387 -0.004472021 0.999975324 0.005409961 -0.050503634 0.003827258 -0.005392860 0.999978125 3.362009048
0.999982774 0.004454323 -0.003816319 -0.020951053 -0.004440926 0.999983966 0.003511421 -0.051459365 0.003831899 -0.003494413 0.999986470 3.404666662
0.999989688 0.002659906 -0.003684678 -0.021269679 -0.002651700 0.999994040 0.002230032 -0.051507909 0.003690587 -0.002220239 0.999990702 3.445911884
0.999992669 0.002827613 -0.002565246 -0.023242783 -0.002820078 0.999991715 0.002936259 -0.052916780 0.002573528 -0.002929004 0.999992430 3.490949869
0.999992728 0.002810303 -0.002587282 -0.021969931 -0.002798213 0.999985158 0.004664475 -0.054077856 0.002600353 -0.004657201 0.999985695 3.532987833
0.999990880 -0.003311005 -0.002689611 -0.022555288 0.003325590 0.999979675 0.005436348 -0.053559564 0.002671556 -0.005445244 0.999981523 3.578012705
0.999988854 -0.004233652 -0.002075895 -0.022573428 0.004242780 0.999981344 0.004412597 -0.054567888 0.002057174 -0.004421355 0.999988079 3.620940447
0.999992609 -0.003272997 -0.002012451 -0.021877471 0.003277626 0.999992013 0.002301449 -0.054922547 0.002004903 -0.002308029 0.999995232 3.663821697
0.999999940 0.000265946 -0.000092191 -0.022400104 -0.000265983 0.999999821 -0.000389788 -0.055499721 0.000092087 0.000389814 0.999999881 3.705737591
0.999990284 0.004182698 0.001382788 -0.023712507 -0.004181545 0.999990940 -0.000835895 -0.056348208 -0.001386272 0.000830104 0.999998629 3.752828598
0.999989152 0.003850459 0.002627833 -0.023669777 -0.003855831 0.999990582 0.002042422 -0.057251178 -0.002619944 -0.002052533 0.999994457 3.790152311
0.999979675 0.005176472 0.003731600 -0.024146637 -0.005189830 0.999980092 0.003578753 -0.057314675 -0.003713000 -0.003598046 0.999986649 3.834201813
0.999988258 0.003053274 0.003765812 -0.023950912 -0.003069801 0.999985635 0.004390681 -0.057998560 -0.003752352 -0.004402190 0.999983251 3.879157305
0.999980032 0.003725387 0.005115033 -0.024362771 -0.003744222 0.999986291 0.003677523 -0.058499023 -0.005101262 -0.003696601 0.999980211 3.923976183
0.999968231 0.005321159 0.005950726 -0.024660295 -0.005336731 0.999982357 0.002604072 -0.057505094 -0.005936764 -0.002635747 0.999978900 3.967360973
0.999920726 0.009740957 0.007981072 -0.025885660 -0.009762525 0.999948859 0.002667946 -0.059770770 -0.007954676 -0.002745650 0.999964654 4.014259815
0.999920309 0.008784922 0.009065190 -0.024076838 -0.008801406 0.999959707 0.001780106 -0.060058378 -0.009049186 -0.001859750 0.999957323 4.048208237
0.999896646 0.010144462 0.010185516 -0.024188716 -0.010146040 0.999948561 0.000103425 -0.060155820 -0.010183943 -0.000206757 0.999948144 4.091921329
0.999903262 0.008172606 0.011256899 -0.024645157 -0.008170069 0.999966621 -0.000271216 -0.060021535 -0.011258739 0.000179221 0.999936581 4.136579990
0.999891877 0.008380952 0.012082959 -0.026110929 -0.008399161 0.999963641 0.001456965 -0.061445389 -0.012070308 -0.001558295 0.999925911 4.190074921
0.999897122 0.006701694 0.012678034 -0.023872804 -0.006734543 0.999974132 0.002550215 -0.062360913 -0.012660612 -0.002635334 0.999916375 4.225217819
0.999906003 0.004642481 0.012899856 -0.024252921 -0.004675882 0.999985814 0.002560240 -0.062223732 -0.012887787 -0.002620318 0.999913454 4.268516064
0.999902308 0.004441887 0.013251451 -0.022851191 -0.004482280 0.999985397 0.003020200 -0.063694119 -0.013237842 -0.003079301 0.999907613 4.308412552
0.999911726 0.002187344 0.013104235 -0.022949632 -0.002238887 0.999989808 0.003919972 -0.064065062 -0.013095528 -0.003948964 0.999906421 4.352081776
0.999920368 0.000798210 0.012590282 -0.022686455 -0.000846231 0.999992430 0.003809378 -0.065522820 -0.012587145 -0.003819729 0.999913394 4.395479679
0.999927044 -0.000003367 0.012077548 -0.023618069 -0.000038574 0.999994040 0.003472501 -0.065703370 -0.012077486 -0.003472714 0.999921024 4.439450741
0.999942422 -0.002825739 0.010355345 -0.022440590 0.002778705 0.999985754 0.004553634 -0.066041954 -0.010368069 -0.004524597 0.999935925 4.482683659
0.999956071 -0.002761509 0.008957469 -0.021004289 0.002720964 0.999985993 0.004535481 -0.067238979 -0.008969869 -0.004510909 0.999949574 4.525768280
0.999968231 -0.002157300 0.007678116 -0.020108391 0.002128864 0.999990880 0.003709723 -0.066938475 -0.007686048 -0.003693260 0.999963641 4.569700241
0.999977529 -0.002648762 0.006154960 -0.019459274 0.002632194 0.999992847 0.002698480 -0.066976711 -0.006162066 -0.002682219 0.999977350 4.618177891
0.999981403 -0.003020815 0.005311307 -0.020311140 0.003004346 0.999990702 0.003105898 -0.067588493 -0.005320639 -0.003089883 0.999981105 4.655760288
0.999973416 -0.005855233 0.004355406 -0.020116193 0.005850151 0.999982119 0.001178808 -0.069397189 -0.004362232 -0.001153297 0.999989808 4.702355862
0.999936938 -0.010756542 0.003226924 -0.019932613 0.010757443 0.999942064 -0.000261585 -0.069051087 -0.003223923 0.000296281 0.999994755 4.744429111
0.999831080 -0.018260593 0.002077971 -0.020009328 0.018254483 0.999829113 0.002922623 -0.071064688 -0.002130985 -0.002884198 0.999993503 4.784766197
0.999653637 -0.026309887 0.000626915 -0.019742329 0.026306313 0.999640703 0.005157894 -0.071737491 -0.000762394 -0.005139615 0.999986470 4.829139709
0.999569714 -0.029325064 -0.000507717 -0.020187452 0.029325562 0.999569356 0.001005856 -0.072081067 0.000478001 -0.001020312 0.999999404 4.876640320
0.999613166 -0.027808648 0.000347081 -0.020480035 0.027809314 0.999611080 -0.002083245 -0.072723739 -0.000289014 0.002092090 0.999997735 4.917774677
0.999652505 -0.026358465 0.000244458 -0.019348875 0.026359253 0.999643981 -0.004135132 -0.073577136 -0.000135376 0.004140138 0.999991417 4.959719658
0.999707341 -0.024133772 0.001658903 -0.019508813 0.024140589 0.999699652 -0.004219992 -0.075092375 -0.001556561 0.004258803 0.999989688 5.002458096
0.999598324 -0.028186431 0.002927808 -0.020759005 0.028188504 0.999602377 -0.000670272 -0.075689159 -0.002907751 0.000752533 0.999995470 5.042947769
0.999464452 -0.032491572 0.003875087 -0.020698695 0.032485340 0.999470770 0.001659619 -0.076039776 -0.003926961 -0.001532847 0.999991119 5.085960865
0.999334216 -0.036330871 0.003336382 -0.020036563 0.036320299 0.999335110 0.003177500 -0.076688990 -0.003449605 -0.003054206 0.999989331 5.129831314
0.999244869 -0.038746212 0.002899123 -0.019639600 0.038735721 0.999242961 0.003592202 -0.077688687 -0.003036113 -0.003477190 0.999989271 5.174038410
0.999350190 -0.035773292 0.004415783 -0.019838197 0.035758521 0.999354720 0.003379960 -0.077357426 -0.004533846 -0.003219861 0.999984503 5.218381882
0.999449670 -0.032942101 0.003881492 -0.018382641 0.032932278 0.999454200 0.002567282 -0.077834941 -0.003963946 -0.002438043 0.999989152 5.265860558
0.999590099 -0.028100105 0.005476954 -0.018903637 0.028100118 0.999605119 0.000074711 -0.078484081 -0.005476891 0.000079223 0.999984980 5.306937218
0.999658108 -0.025031747 0.007548507 -0.020424034 0.025035366 0.999686539 -0.000385482 -0.079738975 -0.007536491 0.000574330 0.999971390 5.347333431
0.999731898 -0.021938628 0.007406929 -0.019196052 0.021937871 0.999759316 0.000183257 -0.079974614 -0.007409167 -0.000020715 0.999972582 5.393705368
0.999757349 -0.020964254 0.006746998 -0.018796202 0.020967703 0.999780059 -0.000441154 -0.080421507 -0.006736265 0.000582516 0.999977112 5.437171459
0.999787986 -0.019656707 0.006123059 -0.017910272 0.019669216 0.999804556 -0.001989524 -0.081090696 -0.006082755 0.002109538 0.999979258 5.481394768
0.999809563 -0.019055864 0.004197842 -0.017436523 0.019070800 0.999811828 -0.003547216 -0.083585307 -0.004129456 0.003626597 0.999984860 5.527756214
0.999862731 -0.016090786 0.003945455 -0.012924710 0.016109206 0.999859214 -0.004681922 -0.083464511 -0.003869565 0.004744837 0.999981225 5.552187443
0.999933422 -0.010254730 0.005289379 -0.018464420 0.010278207 0.999937415 -0.004430790 -0.082816377 -0.005243611 0.004484860 0.999976218 5.604923248
0.999947786 -0.006754822 0.007661724 -0.025308229 0.006777740 0.999972582 -0.002969128 -0.086015143 -0.007641457 0.003020902 0.999966264 5.657203197
0.999980628 -0.001817896 0.005955219 -0.017955016 0.001823348 0.999997973 -0.000910519 -0.087213628 -0.005953552 0.000921360 0.999981880 5.696671486
0.999958396 -0.003094690 0.008574143 -0.031090930 0.003103546 0.999994636 -0.001019842 -0.089079633 -0.008570943 0.001046410 0.999962687 5.758077145
0.999948263 -0.008004627 0.006272767 -0.029119045 0.008021683 0.999964118 -0.002698601 -0.084092222 -0.006250942 0.002748779 0.999976695 5.808170795
0.999919355 -0.010823015 0.006627782 -0.040287547 0.010871719 0.999913812 -0.007357399 -0.082413390 -0.006547582 0.007428862 0.999950945 5.866391659
0.999966800 -0.007908329 0.001961433 -0.025884297 0.007924652 0.999932826 -0.008458322 -0.087295152 -0.001894410 0.008473583 0.999962330 5.876581669
0.999984860 -0.005468927 0.000722329 -0.024285538 0.005474999 0.999947250 -0.008689007 -0.088110156 -0.000674771 0.008692828 0.999962032 5.918984413
0.999997139 -0.001959656 0.001413305 -0.026583504 0.001969323 0.999974430 -0.006871173 -0.090583056 -0.001399804 0.006873935 0.999975443 5.958947182
0.999997258 0.002346047 -0.000158603 -0.020039855 -0.002346696 0.999988317 -0.004225094 -0.091409534 0.000148688 0.004225455 0.999991119 6.002005577
0.999999702 -0.000779229 -0.000061979 -0.018617015 0.000779173 0.999999285 -0.000906174 -0.091805667 0.000062685 0.000906124 0.999999583 6.041080475
0.999989867 -0.002289193 0.003886303 -0.035452947 0.002296365 0.999995708 -0.001841964 -0.090277925 -0.003882070 0.001850869 0.999990821 6.105187416
0.999997616 -0.000829162 -0.002075264 -0.012986428 0.000823249 0.999995649 -0.002848755 -0.087422855 0.002077617 0.002847039 0.999993801 6.131761074
0.999997139 -0.001887126 0.001442626 -0.024464618 0.001887670 0.999998152 -0.000375656 -0.094205178 -0.001441914 0.000378379 0.999998868 6.184196949
0.999984860 -0.003819914 0.003951946 -0.032757003 0.003820486 0.999992669 -0.000137169 -0.095844887 -0.003951394 0.000152265 0.999992192 6.236935139
0.999958694 -0.009056574 0.000712688 -0.020364871 0.009056206 0.999958932 0.000518982 -0.093105748 -0.000717358 -0.000512506 0.999999642 6.270262241
0.999950290 -0.009977196 0.000054891 -0.016738163 0.009976929 0.999943554 0.003651485 -0.099136874 -0.000091319 -0.003650756 0.999993324 6.315511703
0.999914885 -0.013043640 -0.000309531 -0.016176268 0.013044606 0.999909282 0.003357025 -0.100398675 0.000265715 -0.003360777 0.999994338 6.363453388
0.999923468 -0.011947092 0.003214273 -0.024763525 0.011955374 0.999925196 -0.002569516 -0.097291447 -0.003183335 0.002607748 0.999991536 6.407927990
0.999983609 -0.004363586 0.003695013 -0.025841270 0.004394054 0.999956071 -0.008277975 -0.097738788 -0.003658729 0.008294077 0.999958932 6.457538128
0.999984741 0.004246713 0.003540554 -0.022888025 -0.004221134 0.999965191 -0.007201192 -0.100385606 -0.003571013 0.007186136 0.999967754 6.506517410
0.999921620 0.011172466 0.005643839 -0.024956979 -0.011148802 0.999929011 -0.004207514 -0.099702291 -0.005690447 0.004144263 0.999975204 6.548189640
0.999911308 0.011651026 0.006456025 -0.024953056 -0.011641743 0.999931157 -0.001474170 -0.101062305 -0.006472756 0.001398880 0.999978065 6.594349384
0.999925137 0.010912307 0.005536666 -0.023940589 -0.010901371 0.999938548 -0.002001343 -0.101530269 -0.005558166 0.001940836 0.999982655 6.639209270
0.999949336 0.008257917 0.005743216 -0.026562095 -0.008249523 0.999964833 -0.001483568 -0.102701165 -0.005755265 0.001436115 0.999982417 6.682050228
0.999969125 0.005899916 0.005185882 -0.026783422 -0.005891471 0.999981284 -0.001642405 -0.103799172 -0.005195474 0.001611802 0.999985218 6.728145123
0.999966323 0.007968408 0.001966029 -0.022330817 -0.007961579 0.999962330 -0.003457863 -0.104026198 -0.001993509 0.003442094 0.999992073 6.780376434
0.999966085 0.007626771 0.003096937 -0.025531679 -0.007619758 0.999968410 -0.002269923 -0.105465449 -0.003114151 0.002246249 0.999992609 6.823148727
0.999953330 0.008851651 0.003862123 -0.026931206 -0.008844470 0.999959171 -0.001872112 -0.105870366 -0.003878536 0.001837866 0.999990821 6.868840218
0.999954164 0.008882305 0.003567527 -0.026739750 -0.008874867 0.999958396 -0.002095798 -0.107087098 -0.003585994 0.002064040 0.999991417 6.914763927
0.999961972 0.008058661 0.003333520 -0.027452335 -0.008048915 0.999963343 -0.002926965 -0.108094342 -0.003356985 0.002900023 0.999990106 6.961481571
0.999960721 0.008178744 0.003409916 -0.027474364 -0.008166406 0.999960124 -0.003616542 -0.108552426 -0.003439358 0.003588554 0.999987662 7.007513523
0.999962807 0.007733459 0.003819986 -0.028803343 -0.007715379 0.999959052 -0.004725099 -0.107867822 -0.003856370 0.004695450 0.999981523 7.053754807
0.999959707 0.008716748 0.002205880 -0.026830880 -0.008707875 0.999954104 -0.004001021 -0.110153772 -0.002240655 0.003981651 0.999989569 7.102483273
0.999955356 0.009103728 0.002542392 -0.027624967 -0.009093422 0.999950528 -0.004036753 -0.111649759 -0.002579016 0.004013453 0.999988616 7.148987293
0.999964118 0.008368084 0.001346241 -0.027193828 -0.008362440 0.999956489 -0.004145916 -0.112379730 -0.001380876 0.004134509 0.999990523 7.196492672
0.999959290 0.008890336 0.001591759 -0.028493684 -0.008884056 0.999952972 -0.003910786 -0.113795459 -0.001626452 0.003896485 0.999991179 7.242793083
0.999955535 0.009322111 0.001459538 -0.028743753 -0.009316300 0.999948919 -0.003939460 -0.114708796 -0.001496187 0.003925687 0.999991238 7.290637970
0.999969780 0.007763029 -0.000433648 -0.026529858 -0.007764784 0.999961019 -0.004210366 -0.115396403 0.000400946 0.004213606 0.999991059 7.342658997
0.999973476 0.007191150 0.001162365 -0.028446786 -0.007185750 0.999963701 -0.004584916 -0.116467096 -0.001195294 0.004576442 0.999988794 7.385135174
0.999982953 0.005826684 0.000395995 -0.027359996 -0.005824864 0.999973059 -0.004453395 -0.117277317 -0.000421932 0.004451013 0.999989986 7.433430195
0.999989629 0.004409325 0.001185155 -0.028078347 -0.004404865 0.999983311 -0.003740298 -0.118189439 -0.001201628 0.003735039 0.999992311 7.480269909
0.999986649 0.004912483 -0.001551502 -0.024422996 -0.004915048 0.999986470 -0.001653959 -0.120711558 0.001543357 0.001661563 0.999997377 7.525849819
0.999991179 0.004146314 0.000710989 -0.028410800 -0.004143861 0.999985576 -0.003418564 -0.120374531 -0.000725153 0.003415588 0.999993920 7.574319839
0.999983191 0.005750563 0.000679958 -0.027888039 -0.005747132 0.999971330 -0.004943987 -0.120559752 -0.000708369 0.004939997 0.999987543 7.622336388
0.999972522 0.007289956 0.001384022 -0.028267626 -0.007282419 0.999959052 -0.005375500 -0.120576970 -0.001423153 0.005365273 0.999984622 7.670533180
0.999973357 0.007292486 0.000370269 -0.026893616 -0.007291713 0.999971271 -0.002049299 -0.122283228 -0.000385202 0.002046545 0.999997854 7.717512608
0.999975920 0.006802566 -0.001361971 -0.024592308 -0.006804528 0.999975801 -0.001439798 -0.123132430 0.001352144 0.001449031 0.999998033 7.765437126
0.999968529 0.007299296 0.003117557 -0.029050626 -0.007288421 0.999967277 -0.003485715 -0.123978585 -0.003142898 0.003462882 0.999989092 7.813597679
0.999978542 0.005943017 0.002783127 -0.028433539 -0.005928535 0.999968946 -0.005182903 -0.124835104 -0.002813843 0.005166293 0.999982715 7.862331390
0.999976099 0.006351315 0.002728604 -0.028257545 -0.006339800 0.999970973 -0.004208133 -0.125870302 -0.002755252 0.004190733 0.999987423 7.910928726
0.999974191 0.006435974 0.003208763 -0.029275427 -0.006424527 0.999972999 -0.003564710 -0.126760527 -0.003231619 0.003544003 0.999988556 7.960101128
0.999948442 0.008610496 0.005381381 -0.031060714 -0.008589548 0.999955475 -0.003903809 -0.127811581 -0.005414755 0.003857384 0.999977887 8.007697105
0.999962211 0.008038561 0.003302603 -0.029702332 -0.008030953 0.999965072 -0.002310542 -0.129470140 -0.003321061 0.002283932 0.999991834 8.053346634
0.999949694 0.009373246 0.003577569 -0.030017709 -0.009365421 0.999953687 -0.002197726 -0.130212992 -0.003598004 0.002164110 0.999991179 8.101984978
0.999936581 0.010588174 0.003824465 -0.030327693 -0.010578284 0.999940634 -0.002597330 -0.130898878 -0.003851740 0.002556709 0.999989271 8.149946213
0.999947906 0.009818549 0.002784520 -0.030111199 -0.009812371 0.999949396 -0.002223570 -0.131719723 -0.002806211 0.002196132 0.999993622 8.198424339
0.999969721 0.007281824 0.002751846 -0.030252438 -0.007274888 0.999970376 -0.002522618 -0.132186159 -0.002770133 0.002502521 0.999993026 8.247445107
0.999978065 0.006219805 0.002281966 -0.029845282 -0.006217916 0.999980330 -0.000833695 -0.133620352 -0.002287106 0.000819488 0.999997020 8.295495987
0.999990106 0.003253739 0.003030588 -0.030696603 -0.003252008 0.999994576 -0.000575675 -0.133946940 -0.003032445 0.000565814 0.999995232 8.343074799
0.999997318 0.000927819 0.002142920 -0.030356728 -0.000924496 0.999998391 -0.001551761 -0.134486780 -0.002144356 0.001549775 0.999996483 8.390949249
0.999997675 -0.001251916 0.001742738 -0.029460441 0.001255846 0.999996662 -0.002255584 -0.135457009 -0.001739908 0.002257768 0.999995947 8.436082840
0.999991179 -0.002745782 0.003169935 -0.030916793 0.002748769 0.999995768 -0.000938484 -0.136661723 -0.003167345 0.000947189 0.999994516 8.486608505
0.999981821 -0.004474062 0.004036429 -0.033641830 0.004469946 0.999989510 0.001028252 -0.137775496 -0.004040987 -0.001010191 0.999991357 8.538528442
0.999977171 -0.006006984 0.003095594 -0.030485468 0.006006320 0.999981940 0.000223527 -0.138356730 -0.003096881 -0.000204929 0.999995172 8.582267761
0.999983788 -0.003577377 0.004436082 -0.031302013 0.003578566 0.999993563 -0.000260113 -0.140266374 -0.004435123 0.000275984 0.999990106 8.631442070
0.999988437 -0.002994848 0.003798131 -0.027718935 0.002997894 0.999995291 -0.000796453 -0.140792847 -0.003795729 0.000807830 0.999992490 8.671728134
0.999994457 -0.000298119 0.003328855 -0.025730290 0.000302813 0.999999046 -0.001409536 -0.141582847 -0.003328431 0.001410536 0.999993503 8.719884872
0.999993920 -0.000264185 0.003478313 -0.023592135 0.000267034 0.999999642 -0.000819028 -0.143157363 -0.003478095 0.000819951 0.999993622 8.766006470
0.999980152 0.003481822 0.005260852 -0.022001643 -0.003474642 0.999993026 -0.001373189 -0.144012943 -0.005265597 0.001354882 0.999985218 8.808525085
0.999972403 0.006545154 0.003504964 -0.017202297 -0.006540443 0.999977648 -0.001353789 -0.146879733 -0.003513747 0.001330827 0.999992967 8.854276657
0.999950886 0.005337388 0.008351537 -0.027062386 -0.005311446 0.999980927 -0.003125459 -0.144923121 -0.008368061 0.003080947 0.999960244 8.908918381
0.999936223 0.007577552 0.008375995 -0.023262382 -0.007548979 0.999965549 -0.003437764 -0.146690026 -0.008401758 0.003374314 0.999959052 8.953442574
0.999944985 0.003577156 0.009854591 -0.025764167 -0.003540668 0.999986768 -0.003717582 -0.146660462 -0.009867760 0.003682486 0.999944508 9.006111145
0.999915004 0.007041946 0.010969300 -0.025586464 -0.007010425 0.999971151 -0.002909295 -0.148323908 -0.010989470 0.002832149 0.999935627 9.055826187
0.999887049 0.008720033 0.012233403 -0.026120991 -0.008679331 0.999956608 -0.003376170 -0.150078595 -0.012262312 0.003269611 0.999919474 9.101275444
0.999873757 0.007072273 0.014226738 -0.027552441 -0.006985832 0.999956846 -0.006116466 -0.149826840 -0.014269384 0.006016308 0.999880075 9.148238182
0.999936581 0.002432507 0.010992746 -0.026053697 -0.002352047 0.999970376 -0.007326354 -0.150475264 -0.011010244 0.007300035 0.999912739 9.201074600
0.999914527 0.007004338 0.011038114 -0.027850017 -0.006924302 0.999949634 -0.007272456 -0.152833611 -0.011088498 0.007195404 0.999912620 9.252620697
0.999955893 0.002235618 0.009120203 -0.025862031 -0.002174153 0.999974906 -0.006743743 -0.153994471 -0.009135051 0.006723617 0.999935687 9.298648834
0.999972582 -0.001164222 0.007318356 -0.025474623 0.001223726 0.999966145 -0.008131704 -0.153240740 -0.007308644 0.008140437 0.999940157 9.350171089
0.999956131 0.003880854 0.008514637 -0.027353071 -0.003811903 0.999959946 -0.008099237 -0.156204775 -0.008545728 0.008066425 0.999930918 9.398762703
0.999951720 0.006553463 0.007327506 -0.025881745 -0.006490114 0.999941647 -0.008635867 -0.156057134 -0.007383674 0.008587894 0.999935865 9.450547218
0.999977052 0.000612505 0.006739059 -0.025452189 -0.000563390 0.999973297 -0.007287538 -0.155163884 -0.006743343 0.007283575 0.999950767 9.453791618
0.999932230 0.006341550 0.009754065 -0.031557545 -0.006273902 0.999956191 -0.006950254 -0.153626919 -0.009797713 0.006888588 0.999928296 9.488120079
0.999953449 0.004724934 0.008407517 -0.029381290 -0.004692027 0.999981344 -0.003929450 -0.157701343 -0.008425928 0.003889819 0.999956965 9.524743080
0.999947667 0.006543661 0.007862563 -0.025174789 -0.006515522 0.999972284 -0.003599211 -0.157902077 -0.007885898 0.003547794 0.999962628 9.566461563
0.999952853 0.001726657 0.009557391 -0.028528295 -0.001681995 0.999987662 -0.004679098 -0.156862065 -0.009565352 0.004662802 0.999943435 9.618108749
0.999962211 0.001282012 0.008597322 -0.027844645 -0.001242852 0.999988854 -0.004558716 -0.159533948 -0.008603070 0.004547859 0.999952674 9.674190521
0.999964654 -0.002685981 0.007968486 -0.026719347 0.002724178 0.999984860 -0.004786456 -0.163215011 -0.007955510 0.004807995 0.999956846 9.726323128
0.999943197 0.002519562 0.010356384 -0.027342446 -0.002411370 0.999942482 -0.010446245 -0.157550693 -0.010382109 0.010420679 0.999891877 9.751488686
0.999924004 -0.001750745 0.012205111 -0.032124713 0.001850840 0.999964714 -0.008194593 -0.161725715 -0.012190333 0.008216560 0.999891937 9.799882889
0.999967277 -0.001697734 0.007901889 -0.027936481 0.001771065 0.999955475 -0.009282493 -0.164094135 -0.007885777 0.009296186 0.999925613 9.860831261
0.999976814 0.000703969 0.006768884 -0.029673927 -0.000643165 0.999959528 -0.008980901 -0.164469272 -0.006774932 0.008976339 0.999936700 9.902903557
0.999982834 0.001042395 0.005766823 -0.028729487 -0.001011536 0.999985158 -0.005351424 -0.165894926 -0.005772316 0.005345499 0.999969006 9.948458672
0.999990940 -0.000832534 0.004167172 -0.025841653 0.000840989 0.999997556 -0.002027719 -0.167488798 -0.004165473 0.002031205 0.999989212 9.997367859
0.999982476 -0.001855433 0.005608362 -0.027094718 0.001864597 0.999996901 -0.001629081 -0.168149814 -0.005605324 0.001639509 0.999982893 10.048676491
0.999980450 -0.003013693 0.005474118 -0.025871165 0.003027150 0.999992430 -0.002451590 -0.169700772 -0.005466689 0.002468113 0.999981999 10.095783234
0.999956787 -0.004328355 0.008221023 -0.029350698 0.004348341 0.999987543 -0.002414664 -0.169831499 -0.008210471 0.002450308 0.999963284 10.137335777
0.999958396 -0.003060446 0.008591041 -0.028790385 0.003086519 0.999990702 -0.003023238 -0.170349583 -0.008581709 0.003049628 0.999958515 10.184082031
0.999971807 -0.003302234 0.006739689 -0.025836162 0.003318064 0.999991715 -0.002338922 -0.172098845 -0.006731910 0.002361218 0.999974489 10.234050751
0.999965787 -0.001996387 0.008021019 -0.025911935 0.002031081 0.999988616 -0.004319541 -0.171795309 -0.008012304 0.004335685 0.999958396 10.277336121
0.999965966 -0.000704537 0.008221670 -0.025474340 0.000739615 0.999990642 -0.004264290 -0.174155802 -0.008218588 0.004270225 0.999957085 10.323055267
0.999961734 -0.002426187 0.008402715 -0.025190361 0.002442686 0.999995053 -0.001953775 -0.175132573 -0.008397934 0.001974226 0.999962807 10.374487877
0.999943256 -0.002934214 0.010243039 -0.027386211 0.002956630 0.999993265 -0.002173971 -0.174429417 -0.010236591 0.002204133 0.999945164 10.418450356
0.999949455 -0.004349513 0.009063079 -0.025333211 0.004370285 0.999987781 -0.002273435 -0.177195847 -0.009053081 0.002312929 0.999956310 10.466771126
0.999959350 -0.003013683 0.008491827 -0.024363101 0.003033447 0.999992728 -0.002315559 -0.177836135 -0.008484788 0.002341225 0.999961257 10.513338089
0.999967933 -0.000083446 0.008009374 -0.024247989 0.000124460 0.999986887 -0.005120394 -0.178508699 -0.008008843 0.005121226 0.999954820 10.560047150
0.999970317 0.001054808 0.007632956 -0.024263121 -0.000997408 0.999971271 -0.007519864 -0.179742411 -0.007640671 0.007512028 0.999942601 10.605648994
0.999977112 0.001693224 0.006552539 -0.023840256 -0.001647630 0.999974430 -0.006957357 -0.180645317 -0.006564150 0.006946401 0.999954343 10.651472092
0.999980628 0.003021254 0.005430560 -0.023343585 -0.002999844 0.999987721 -0.003946292 -0.181469217 -0.005442414 0.003929924 0.999977469 10.697986603
0.999984026 0.003570263 0.004404928 -0.023338836 -0.003568914 0.999993622 -0.000313884 -0.183020055 -0.004406021 0.000298158 0.999990284 10.744286537
0.999985158 0.004329642 0.003309522 -0.024041966 -0.004321918 0.999987900 -0.002337407 -0.182896361 -0.003319603 0.002323069 0.999991775 10.790498734
0.999988794 0.004252915 0.002094050 -0.024302537 -0.004245067 0.999984026 -0.003737963 -0.184231907 -0.002109915 0.003729031 0.999990821 10.834996223
0.999997139 0.002388217 -0.000024483 -0.024685495 -0.002388275 0.999993443 -0.002702495 -0.184903219 0.000018028 0.002702546 0.999996364 10.882855415
0.999999166 0.001107766 -0.000651191 -0.024637541 -0.001109081 0.999997377 -0.002023268 -0.186105594 0.000648947 0.002023989 0.999997675 10.928330421
0.999998510 0.001049822 -0.001390449 -0.024826687 -0.001053542 0.999995828 -0.002677221 -0.186882690 0.001387633 0.002678682 0.999995470 10.974727631
0.999999583 0.000479172 -0.000795464 -0.026292294 -0.000482077 0.999993265 -0.003655451 -0.187688261 0.000793706 0.003655834 0.999993026 11.019321442
0.999998450 0.000608036 -0.001671749 -0.025806259 -0.000614308 0.999992847 -0.003753525 -0.188530713 0.001669455 0.003754546 0.999991596 11.065938950
0.999997258 -0.000446949 -0.002307273 -0.025018122 0.000437406 0.999991357 -0.004134748 -0.189465597 0.002309101 0.004133727 0.999988794 11.112424850
0.999998033 -0.001041952 -0.001758240 -0.026004961 0.001034689 0.999990940 -0.004127214 -0.190789551 0.001762524 0.004125386 0.999989927 11.159537315
0.999997258 -0.001032384 -0.002099713 -0.026167944 0.001022874 0.999989212 -0.004525198 -0.192353487 0.002104362 0.004523037 0.999987483 11.205845833
0.999998212 -0.000486339 -0.001871685 -0.026254414 0.000478121 0.999990225 -0.004388643 -0.193706483 0.001873801 0.004387740 0.999988616 11.253013611
0.999998212 -0.001203595 -0.001462582 -0.026996370 0.001195765 0.999985039 -0.005342614 -0.194244161 0.001468990 0.005340856 0.999984682 11.298004150
0.999997377 -0.002152750 -0.000840715 -0.027576586 0.002146897 0.999973893 -0.006900624 -0.195015475 0.000855549 0.006898802 0.999975920 11.343935013
0.999992549 -0.003458274 -0.001696584 -0.026868757 0.003449265 0.999980152 -0.005284498 -0.195916116 0.001714825 0.005278607 0.999984622 11.388478279
0.999979913 -0.006182499 -0.001411919 -0.027106572 0.006176171 0.999971151 -0.004442965 -0.197162777 0.001439346 0.004434156 0.999989212 11.434385300
0.999983132 -0.005582748 -0.001616205 -0.027420206 0.005573719 0.999969125 -0.005539062 -0.198100895 0.001647078 0.005529961 0.999983370 11.481597900
0.999990761 -0.004222904 -0.000800593 -0.027715884 0.004218357 0.999975383 -0.005599316 -0.198885143 0.000824218 0.005595888 0.999984026 11.524210930
0.999989212 -0.004500265 -0.001131361 -0.027781783 0.004495251 0.999980211 -0.004395240 -0.200110957 0.001151118 0.004390107 0.999989688 11.572513580
0.999992788 -0.003403187 -0.001705795 -0.027160678 0.003397573 0.999988794 -0.003283552 -0.201719910 0.001716951 0.003277732 0.999993145 11.619348526
0.999999106 0.001117723 0.000740745 -0.029145135 -0.001113705 0.999984801 -0.005401408 -0.202207342 -0.000746771 0.005400579 0.999985218 11.662845612
0.999999762 -0.000028714 0.000716025 -0.029731892 0.000032825 0.999983490 -0.005743016 -0.203614295 -0.000715849 0.005743038 0.999983251 11.712746620
1.000000000 0.000077465 0.000318739 -0.029773686 -0.000075452 0.999980092 -0.006310492 -0.204408020 -0.000319221 0.006310469 0.999980032 11.759409904
0.999998868 0.000707642 0.001359715 -0.031204447 -0.000698983 0.999979496 -0.006358162 -0.205438524 -0.001364187 0.006357204 0.999978840 11.806829453
0.999995530 0.001271606 0.002740171 -0.033303984 -0.001253694 0.999977887 -0.006528812 -0.206274822 -0.002748413 0.006525347 0.999974906 11.853110313
0.999994218 0.003227801 0.001068893 -0.030511491 -0.003221910 0.999979854 -0.005466933 -0.207784384 -0.001086517 0.005463458 0.999984503 11.899796486
0.999997795 0.001821386 0.001080114 -0.030570643 -0.001814890 0.999980390 -0.005984939 -0.207973748 -0.001090993 0.005982965 0.999981523 11.943157196
0.999987006 0.004914786 0.001376505 -0.029836250 -0.004905406 0.999965250 -0.006737091 -0.209489882 -0.001409568 0.006730250 0.999976397 11.985807419
0.999986649 0.004996871 0.001308068 -0.030297609 -0.004987902 0.999964654 -0.006772443 -0.210878059 -0.001341863 0.006765827 0.999976158 12.034341812
0.999951541 0.009271812 0.003331563 -0.031881403 -0.009249975 0.999936044 -0.006511442 -0.210783228 -0.003391723 0.006480309 0.999973178 12.078673363
0.999965250 0.008325252 0.000210012 -0.027945429 -0.008324060 0.999952018 -0.005150241 -0.213468343 -0.000252879 0.005148313 0.999986708 12.126788139
