0.999998987 0.001367633 0.000449565 -0.000936900 -0.001366753 0.999997139 -0.001950940 -0.000687561 -0.000452232 0.001950323 0.999997973 0.044177212
0.999999642 0.000849408 -0.000013982 -0.001760906 -0.000849448 0.999994695 -0.003150730 -0.001598626 0.000011305 0.003150741 0.999994993 0.096192300
0.999998689 -0.001569244 0.000447828 -0.002164201 0.001570387 0.999995410 -0.002562015 -0.001811828 -0.000443805 0.002562715 0.999996543 0.131344035
0.999996603 -0.002542420 0.000509363 -0.002237371 0.002542871 0.999996364 -0.000885141 -0.002573065 -0.000507111 0.000886433 0.999999464 0.174375370
0.999992907 -0.003711458 0.000679823 -0.002625036 0.003712025 0.999992788 -0.000833775 -0.003075456 -0.000676724 0.000836293 0.999999344 0.217548236
0.999993682 -0.003425379 0.001036219 -0.003415892 0.003426657 0.999993384 -0.001234285 -0.003469939 -0.001031985 0.001237828 0.999998629 0.265928388
0.999991536 -0.004095043 0.000379925 -0.002801807 0.004094844 0.999991477 0.000522798 -0.004301949 -0.000382063 -0.000521238 0.999999762 0.297651052
0.999987602 -0.004764724 -0.001476885 -0.001673795 0.004765714 0.999988437 0.000667822 -0.004759524 0.001473686 -0.000674852 0.999998689 0.340044051
0.999994814 -0.003046784 -0.001037902 -0.002728938 0.003046650 0.999995291 -0.000130747 -0.005203608 0.001038295 0.000127585 0.999999464 0.372020602
0.999995470 -0.002250650 -0.002009464 -0.003395298 0.002250918 0.999997497 0.000130953 -0.006206844 0.002009165 -0.000135475 0.999997973 0.413776040
0.999987125 -0.004205500 -0.002845848 -0.002341848 0.004202138 0.999990463 -0.001186545 -0.006094230 0.002850809 0.001174571 0.999995232 0.444527835
0.999980390 -0.001895026 -0.005970712 -0.001839182 0.001902316 0.999997437 0.001215426 -0.007198448 0.005968392 -0.001226761 0.999981463 0.475071430
0.999988258 -0.002169202 -0.004317593 -0.003105952 0.002173582 0.999997079 0.001009944 -0.007466707 0.004315389 -0.001019317 0.999990165 0.512631059
0.999995232 -0.000901467 -0.002934686 -0.006766941 0.000902584 0.999999523 0.000379250 -0.006320559 0.002934342 -0.000381897 0.999995649 0.552561760
0.999992609 -0.001266823 -0.003620974 -0.005783701 0.001268931 0.999998987 0.000579961 -0.007704342 0.003620236 -0.000584551 0.999993265 0.590947330
0.999995887 -0.001554552 -0.002379014 -0.007957281 0.001552972 0.999998569 -0.000665807 -0.007311886 0.002380045 0.000662110 0.999996960 0.619839251
0.999999702 -0.000385903 0.000510318 -0.017315406 0.000386023 0.999999940 -0.000235121 -0.005520472 -0.000510227 0.000235318 0.999999821 0.655498505
0.999993086 0.001952093 0.003133880 -0.027516395 -0.001950408 0.999997914 -0.000540672 -0.002948977 -0.003134929 0.000534556 0.999994874 0.689437330
0.999986589 0.002035368 0.004745459 -0.026916865 -0.002037989 0.999997735 0.000547538 -0.004070763 -0.004744334 -0.000557202 0.999988616 0.708009303
0.999975801 0.002836769 0.006343653 -0.032175165 -0.002829963 0.999995410 -0.001081686 -0.002784681 -0.006346693 0.001063708 0.999979377 0.737603962
0.999963641 0.003322179 0.007845521 -0.039078239 -0.003300008 0.999990523 -0.002837106 -0.001150545 -0.007854872 0.002811113 0.999965191 0.770709097
0.999959409 0.002117948 0.008758736 -0.038785089 -0.002104921 0.999996603 -0.001496261 -0.003916183 -0.008761876 0.001477764 0.999960482 0.802226543
0.999940813 0.002741611 0.010530203 -0.044946551 -0.002730127 0.999995649 -0.001104770 -0.004833731 -0.010533185 0.001075956 0.999943912 0.834234893
0.999917686 0.003351510 0.012384968 -0.053353291 -0.003328331 0.999992669 -0.001891734 -0.005350823 -0.012391220 0.001850357 0.999921501 0.869034350
0.999887109 0.004598795 0.014314961 -0.056211241 -0.004552295 0.999984264 -0.003279309 -0.003423960 -0.014329818 0.003213772 0.999892175 0.895609140
0.999832690 0.005935427 0.017302200 -0.066434689 -0.005873750 0.999976218 -0.003613366 -0.002756258 -0.017323237 0.003511132 0.999843776 0.925110042
0.999758482 0.005993111 0.021144336 -0.078943044 -0.005964898 0.999981225 -0.001397163 -0.005395864 -0.021152314 0.001270701 0.999775410 0.948885441
0.999736309 0.004488512 0.022524500 -0.086798161 -0.004536635 0.999987543 0.002085841 -0.011414574 -0.022514857 -0.002187476 0.999744117 0.986785114
0.999712110 0.004314937 0.023599671 -0.086381957 -0.004317437 0.999990702 0.000055008 -0.008276412 -0.023599211 -0.000156882 0.999721467 1.013802528
0.999648929 0.004100183 0.026175611 -0.095383443 -0.004090302 0.999991477 -0.000431050 -0.008695653 -0.026177162 0.000323832 0.999657214 1.046855450
0.999633312 0.002530487 0.026959816 -0.096721970 -0.002540096 0.999996781 0.000322164 -0.009454473 -0.026958913 -0.000390527 0.999636471 1.084708571
0.999565780 0.005106872 0.029018993 -0.101720989 -0.005103116 0.999987006 -0.000203512 -0.007822608 -0.029019654 0.000055337 0.999578774 1.123376966
0.999554813 0.004578338 0.029483238 -0.102133453 -0.004607721 0.999988973 0.000928715 -0.010205880 -0.029478667 -0.001064152 0.999564826 1.149161220
0.999488890 0.005032282 0.031568367 -0.108259603 -0.005060883 0.999986827 0.000826174 -0.012474449 -0.031563796 -0.000985515 0.999501228 1.183249474
0.999412596 0.003526401 0.034088723 -0.113129839 -0.003608017 0.999990821 0.002332993 -0.012345601 -0.034080181 -0.002454615 0.999416113 1.209319949
0.999367237 0.004441698 0.035288271 -0.113003060 -0.004555453 0.999984741 0.003143848 -0.009456565 -0.035273764 -0.003302613 0.999372125 1.245380998
0.999367058 0.006059641 0.035052259 -0.106669329 -0.006212643 0.999971628 0.004257712 -0.011141236 -0.035025459 -0.004472786 0.999376416 1.269751310
0.999331713 0.006897895 0.035896461 -0.102865323 -0.006978036 0.999973357 0.002107750 -0.010407654 -0.035880968 -0.002356829 0.999353290 1.300999880
0.999317527 0.006219988 0.036411475 -0.095378838 -0.006254115 0.999980092 0.000823431 -0.013621330 -0.036405630 -0.001050590 0.999336600 1.321840763
0.999260545 0.005560668 0.038044225 -0.098805577 -0.005546101 0.999984443 -0.000488428 -0.012097663 -0.038046345 0.000277070 0.999275982 1.357550144
0.999125123 0.004667722 0.041559774 -0.112193316 -0.004723730 0.999988079 0.001249535 -0.010904554 -0.041553445 -0.001444759 0.999135256 1.386797309
0.999010742 0.004808534 0.044209328 -0.119288005 -0.004901778 0.999986053 0.002000989 -0.010097439 -0.044199090 -0.002215714 0.999020278 1.422986984
0.998962700 0.004463987 0.045317411 -0.122249104 -0.004575331 0.999986708 0.002353544 -0.011147039 -0.045306299 -0.002558445 0.998969913 1.455320358
0.998823762 0.004176658 0.048309226 -0.126633942 -0.004287023 0.999988496 0.002181150 -0.013348998 -0.048299555 -0.002385687 0.998830080 1.487188697
0.998684764 0.004097646 0.051108003 -0.131527424 -0.004154081 0.999990940 0.000998065 -0.011272996 -0.051103443 -0.001209059 0.998692691 1.514254808
0.998694658 0.002472233 0.051018797 -0.129965633 -0.002562760 0.999995172 0.001709050 -0.013017166 -0.051014338 -0.001837568 0.998696208 1.545069814
0.998305917 0.002866062 0.058115207 -0.147662282 -0.003017590 0.999992192 0.002519784 -0.013321865 -0.058107540 -0.002690882 0.998306632 1.570267439
0.998261571 0.003111679 0.058857601 -0.150789857 -0.003273424 0.999991059 0.002651856 -0.012244694 -0.058848828 -0.002839912 0.998262882 1.608157873
0.998192787 0.001725597 0.060068805 -0.154073417 -0.001826702 0.999996960 0.001628280 -0.008271377 -0.060065817 -0.001735065 0.998192906 1.647197843
0.998372316 -0.002503565 0.056978326 -0.142575830 0.002395670 0.999995172 0.001961833 -0.005608057 -0.056982972 -0.001822138 0.998373389 1.678744078
0.998467684 0.001125918 0.055325754 -0.127373755 -0.001387569 0.999988019 0.004691101 -0.013681906 -0.055319808 -0.004760681 0.998457432 1.691920042
0.998463154 0.001910119 0.055387337 -0.124466352 -0.002227545 0.999981403 0.005669855 -0.014188722 -0.055375483 -0.005784519 0.998448849 1.724647045
0.998342037 0.003447392 0.057456676 -0.125559092 -0.003817816 0.999972641 0.006338496 -0.014199650 -0.057433251 -0.006547345 0.998327851 1.756038427
0.998147011 0.004060213 0.060712960 -0.132302552 -0.004384287 0.999976873 0.005205559 -0.014361130 -0.060690422 -0.005462096 0.998141646 1.785441041
0.997899115 0.002938545 0.064720005 -0.142082334 -0.003180634 0.999988317 0.003637839 -0.014051074 -0.064708553 -0.003836047 0.997896791 1.810364723
0.997987092 0.000192784 0.063418619 -0.142246142 -0.000442890 0.999992192 0.003929686 -0.014523314 -0.063417375 -0.003949862 0.997979283 1.843150854
0.997913003 -0.000971475 0.064565182 -0.144366503 0.000636646 0.999986231 0.005206283 -0.014870185 -0.064569347 -0.005154312 0.997899890 1.867633939
0.997685015 -0.000068768 0.068003342 -0.151299492 -0.000343665 0.999981642 0.006053187 -0.013581569 -0.068002500 -0.006062545 0.997666717 1.900413871
0.997671783 -0.001383055 0.068183228 -0.153835371 0.000962633 0.999980330 0.006198524 -0.016001537 -0.068190455 -0.006118457 0.997653544 1.931720495
0.997698188 -0.000545573 0.067807771 -0.154842347 0.000186243 0.999985874 0.005305447 -0.016953405 -0.067809716 -0.005280606 0.997684300 1.961807132
0.997747660 0.002055206 0.067046411 -0.147207707 -0.002324627 0.999989510 0.003940663 -0.015044506 -0.067037627 -0.004087646 0.997741997 1.991099954
0.997610152 0.002943485 0.069030270 -0.149546400 -0.003309789 0.999981046 0.005192662 -0.015172871 -0.069013700 -0.005408728 0.997600973 2.021005392
0.997522116 0.002766713 0.070298284 -0.151982576 -0.003160072 0.999979913 0.005484988 -0.015353580 -0.070281714 -0.005693544 0.997510910 2.048072815
0.997524858 0.003672715 0.070217669 -0.151784927 -0.004027411 0.999979794 0.004910471 -0.014400587 -0.070198230 -0.005181111 0.997519612 2.076700211
0.997279584 0.003554189 0.073626511 -0.155430079 -0.003944186 0.999978840 0.005152242 -0.013482000 -0.073606662 -0.005428622 0.997272551 2.102470875
0.997110009 0.003893381 0.075872011 -0.157874197 -0.004108201 0.999987900 0.002675485 -0.013333458 -0.075860694 -0.002979450 0.997113943 2.137653828
0.997151911 0.003785548 0.075323753 -0.155015007 -0.004172306 0.999978900 0.004977914 -0.016499560 -0.075303316 -0.005278009 0.997146845 2.161529064
0.997157216 0.001948723 0.075323895 -0.147235647 -0.002483303 0.999972403 0.007004073 -0.017097797 -0.075308174 -0.007171215 0.997134566 2.184772491
0.996854067 0.003460793 0.079183608 -0.153633460 -0.004070008 0.999963284 0.007533615 -0.015988858 -0.079154633 -0.007832193 0.996831656 2.208225489
0.996628940 0.003992328 0.081944361 -0.156793043 -0.004514569 0.999970675 0.006188826 -0.016865902 -0.081917249 -0.006537906 0.996617734 2.238936186
0.996486306 0.003711046 0.083673663 -0.162228212 -0.004041711 0.999984682 0.003782812 -0.016618136 -0.083658352 -0.004107705 0.996486068 2.269865036
0.996537030 0.004776298 0.083012424 -0.157071918 -0.005244033 0.999971569 0.005417396 -0.021654367 -0.082984187 -0.005833955 0.996533811 2.278858662
0.996518314 0.004222097 0.083267078 -0.155805692 -0.004547744 0.999982715 0.003721591 -0.017777421 -0.083249927 -0.004087311 0.996520340 2.290944338
0.996325612 0.005230586 0.085485883 -0.158608750 -0.005554441 0.999978304 0.003551004 -0.017076802 -0.085465454 -0.004012782 0.996333122 2.309172630
0.996049643 0.003351307 0.088735148 -0.162224010 -0.003797649 0.999980927 0.004861700 -0.017464675 -0.088717170 -0.005179479 0.996043444 2.328702211
0.995810449 0.003907347 0.091357678 -0.168135330 -0.004550791 0.999966264 0.006835878 -0.018374657 -0.091327861 -0.007222988 0.995794654 2.341842890
0.995632648 0.006062892 0.093160361 -0.168378547 -0.006519071 0.999968290 0.004593170 -0.017274301 -0.093129560 -0.005180430 0.995640516 2.366625547
0.995678365 0.005577988 0.092700742 -0.165939808 -0.006020080 0.999971807 0.004490063 -0.017400630 -0.092673078 -0.005028725 0.995683849 2.393923521
0.996092737 0.003818445 0.088230684 -0.154308185 -0.004269958 0.999978781 0.004929223 -0.018039783 -0.088209994 -0.005286703 0.996087909 2.423942566
0.996213198 0.004011574 0.086850800 -0.146799117 -0.004563003 0.999970734 0.006151568 -0.018129434 -0.086823568 -0.006524574 0.996202290 2.452220678
0.996337593 0.003074422 0.085450865 -0.139855653 -0.003603522 0.999975264 0.006038312 -0.018307069 -0.085430190 -0.006324122 0.996324062 2.479989290
0.996142507 0.004231498 0.087647706 -0.138123870 -0.004746214 0.999972701 0.005664984 -0.018359516 -0.087621324 -0.006059126 0.996135414 2.504925013
0.995937169 0.003276148 0.089992084 -0.136832371 -0.003647133 0.999985516 0.003958273 -0.018429082 -0.089977808 -0.004270404 0.995934665 2.530653954
0.995940983 0.005127703 0.089862585 -0.137161493 -0.005611109 0.999971092 0.005127597 -0.020365376 -0.089833699 -0.005611013 0.995940924 2.550147295
0.995787978 0.003936815 0.091601044 -0.140611768 -0.004511605 0.999971449 0.006068698 -0.019153345 -0.091574535 -0.006456404 0.995777249 2.569736719
0.995669603 0.002773229 0.092920609 -0.138116419 -0.003577184 0.999957502 0.008486625 -0.021129714 -0.092893116 -0.008782267 0.995637357 2.591134787
0.995802879 0.003935257 0.091439098 -0.132762432 -0.004524697 0.999970317 0.006239851 -0.021322709 -0.091411807 -0.006627397 0.995791078 2.616446257
0.995712936 0.003430447 0.092433609 -0.130514637 -0.003831843 0.999983966 0.004165397 -0.020915397 -0.092417814 -0.004501730 0.995710194 2.638410807
0.995548248 0.002858878 0.094210379 -0.131476864 -0.003368450 0.999980509 0.005250290 -0.022385564 -0.094193533 -0.005544260 0.995538533 2.654389620
0.995604336 0.001809153 0.093641549 -0.129086807 -0.002406218 0.999977469 0.006263547 -0.021911329 -0.093628116 -0.006461337 0.995586276 2.674990654
0.995560229 0.000674836 0.094123796 -0.128193080 -0.001412416 0.999968767 0.007769880 -0.022441702 -0.094115622 -0.007868325 0.995530188 2.694231272
0.995453835 -0.001162350 0.095237896 -0.126570821 0.000279775 0.999956906 0.009279877 -0.023208231 -0.095244586 -0.009211046 0.995411277 2.715043783
0.995315850 -0.000313922 0.096676193 -0.124655038 -0.000602149 0.999955177 0.009446342 -0.023027942 -0.096674837 -0.009460309 0.995271146 2.736543417
0.995357156 0.000746221 0.096247204 -0.121817410 -0.001575581 0.999962211 0.008541266 -0.023227988 -0.096237212 -0.008653257 0.995320797 2.757044315
0.995351136 0.001086085 0.096307434 -0.121700138 -0.001743391 0.999975741 0.006741201 -0.023028832 -0.096297778 -0.006877763 0.995328784 2.777582645
0.995194972 0.000148507 0.097913288 -0.120395511 -0.000784231 0.999978781 0.006454277 -0.023394182 -0.097910270 -0.006500051 0.995173991 2.798058748
0.995081484 -0.000809089 0.099056870 -0.118451178 0.000098734 0.999974191 0.007175877 -0.024238653 -0.099060126 -0.007130803 0.995055854 2.818987846
0.995213687 0.000526300 0.097721688 -0.115792096 -0.001273236 0.999970496 0.007581297 -0.024452055 -0.097714819 -0.007669433 0.995184839 2.839288473
0.994863093 -0.000191869 0.101229370 -0.114186257 -0.000562626 0.999972224 0.007424713 -0.025112910 -0.101227999 -0.007443528 0.994835377 2.861039162
0.994649410 -0.000039867 0.103308320 -0.112557650 -0.000838995 0.999963820 0.008463707 -0.024818381 -0.103304937 -0.008505097 0.994613290 2.880335808
0.994200408 0.000421581 0.107542299 -0.114641875 -0.001208856 0.999972939 0.007255517 -0.024148284 -0.107536331 -0.007343441 0.994174063 2.895269394
0.994259894 -0.001381801 0.106983185 -0.107596278 0.000531826 0.999968112 0.007973061 -0.024983451 -0.106990807 -0.007870398 0.994228899 2.929282904
0.994088471 -0.000664735 0.108569965 -0.104054153 -0.000298256 0.999960780 0.008853293 -0.025824705 -0.108571582 -0.008833340 0.994049430 2.952881813
0.993481874 -0.000667191 0.113987893 -0.105921954 -0.000422753 0.999954402 0.009537485 -0.024984546 -0.113989070 -0.009523508 0.993436337 2.963924646
0.993131220 -0.003877080 0.116941422 -0.108436048 0.002773378 0.999950111 0.009599311 -0.024278112 -0.116972804 -0.009209054 0.993092537 2.975203514
0.992599010 -0.003481184 0.121388286 -0.108931839 0.002342682 0.999951899 0.009520465 -0.023938602 -0.121415593 -0.009165629 0.992559493 2.990922689
0.992240846 -0.004390229 0.124252692 -0.107071459 0.003116198 0.999940574 0.010446043 -0.024759004 -0.124291144 -0.009977797 0.992195606 2.997235775
0.991920829 -0.004866471 0.126764983 -0.106868893 0.003724162 0.999950349 0.009246683 -0.024313500 -0.126803666 -0.008699883 0.991889656 3.006300926
0.991256297 -0.010352455 0.131543472 -0.105395079 0.008830723 0.999887228 0.012146387 -0.024862625 -0.131654367 -0.010878560 0.991235971 3.015898705
0.990644276 -0.009094774 0.136166170 -0.105527014 0.007841583 0.999921858 0.009736957 -0.023898438 -0.136244088 -0.008578104 0.990638077 3.019049644
0.989692926 -0.013199625 0.142595917 -0.107003868 0.011550016 0.999856532 0.012389986 -0.024828482 -0.142738998 -0.010615297 0.989703417 3.021939039
0.988934934 -0.012374271 0.147832885 -0.106804043 0.010684951 0.999868274 0.012215946 -0.025395945 -0.147964537 -0.010501189 0.988937020 3.032880068
0.988279939 -0.010663824 0.152279168 -0.107028008 0.008947925 0.999888599 0.011948984 -0.025601804 -0.152389616 -0.010446360 0.988265276 3.042425632
0.987439036 -0.011136169 0.157607049 -0.106780022 0.009457590 0.999890327 0.011396393 -0.025513064 -0.157716662 -0.009762662 0.987436116 3.046976566
0.986698449 -0.010822136 0.162201211 -0.106018752 0.009057639 0.999891520 0.011614010 -0.025631487 -0.162309319 -0.009990366 0.986689389 3.053763390
0.985938370 -0.012577721 0.166635633 -0.105819583 0.010904837 0.999880612 0.010950373 -0.025385972 -0.166753486 -0.008979257 0.985957801 3.060143471
0.985425055 -0.013175157 0.169599131 -0.105428278 0.011060543 0.999848843 0.013407085 -0.025663760 -0.169750184 -0.011335819 0.985421956 3.064974546
0.985545635 -0.014761397 0.168765634 -0.103873610 0.012452654 0.999813974 0.014730433 -0.025531694 -0.168951675 -0.012415934 0.985546112 3.070988655
0.985327959 -0.015426847 0.169972867 -0.102928579 0.013253598 0.999815404 0.013913145 -0.025366150 -0.170156136 -0.011456260 0.985350430 3.076565504
0.984782398 -0.017071616 0.172951728 -0.102749884 0.015014710 0.999800265 0.013194326 -0.025417067 -0.173142418 -0.010396721 0.984841883 3.081981659
0.984601378 -0.016785689 0.174007252 -0.101916969 0.014500723 0.999791265 0.014394540 -0.025614206 -0.174212545 -0.011649652 0.984639108 3.087677956
0.983821154 -0.016850714 0.178358808 -0.101381242 0.014713212 0.999803364 0.013300315 -0.025654916 -0.178547829 -0.010460903 0.983875632 3.093021154
0.983618021 -0.020696403 0.179073676 -0.099816918 0.018634053 0.999739349 0.013191343 -0.025649473 -0.179300010 -0.009638373 0.983747244 3.097203016
0.982397735 -0.023953898 0.185259014 -0.099390388 0.021618832 0.999659479 0.014614373 -0.025835607 -0.185545996 -0.010352043 0.982581079 3.103248596
0.981364131 -0.024436211 0.190597147 -0.099336565 0.021972507 0.999645650 0.015029174 -0.025950395 -0.190896854 -0.010561198 0.981553316 3.109047890
0.980679095 -0.024124671 0.194130346 -0.098600030 0.021307269 0.999635398 0.016588232 -0.026054557 -0.194459736 -0.012131345 0.980835497 3.114700317
0.979925215 -0.024258217 0.197884008 -0.097900450 0.021333944 0.999629617 0.016896553 -0.025908452 -0.198220581 -0.012335710 0.980079830 3.119302511
0.979865789 -0.024932563 0.198094457 -0.096563876 0.022267245 0.999629200 0.015671395 -0.025824025 -0.198411703 -0.010944849 0.980057657 3.123144865
0.979993522 -0.026288621 0.197285920 -0.096206725 0.023905814 0.999609709 0.014450227 -0.025847849 -0.197588786 -0.009444848 0.980239511 3.126364470
0.980391085 -0.027041502 0.195198178 -0.095439076 0.024817180 0.999596357 0.013832355 -0.025752008 -0.195493430 -0.008716847 0.980666280 3.129646778
0.981479645 -0.026783032 0.189685225 -0.094528198 0.024731409 0.999607325 0.013175240 -0.025731709 -0.189963594 -0.008240046 0.981756568 3.131339788
0.981539071 -0.027973620 0.189204708 -0.094215512 0.025404885 0.999549329 0.015988650 -0.025829665 -0.189566657 -0.010886759 0.981807590 3.132957697
0.981492281 -0.027245322 0.189553380 -0.094262064 0.024326557 0.999547184 0.017708242 -0.025853097 -0.189950019 -0.012769324 0.981710732 3.132810831
0.981553853 -0.025753466 0.189443246 -0.094314754 0.023043612 0.999598444 0.016493488 -0.025835410 -0.189791948 -0.011823792 0.981753170 3.132190704
0.980659425 -0.025757637 0.194019437 -0.094470441 0.023256062 0.999614596 0.015160512 -0.025844950 -0.194335133 -0.010355172 0.980880618 3.131671906
0.978897035 -0.028926881 0.202296704 -0.094794214 0.026200954 0.999526441 0.016140390 -0.025792163 -0.202667788 -0.010499414 0.979191244 3.132336855
0.977602363 -0.028949153 0.208459690 -0.095209002 0.026017264 0.999520421 0.016793298 -0.025728077 -0.208845869 -0.010993619 0.977886736 3.132526398
0.978559852 -0.029420881 0.203850433 -0.095183551 0.026293386 0.999491572 0.018034149 -0.025736462 -0.204277366 -0.012287576 0.978835881 3.132541180
0.978426397 -0.033811200 0.203810021 -0.095035672 0.030745929 0.999361813 0.018188436 -0.025758047 -0.204294935 -0.011529719 0.978841484 3.132508755
0.978224933 -0.032688007 0.204956859 -0.094909728 0.030018786 0.999419332 0.016119961 -0.025746170 -0.205364779 -0.009616390 0.978638232 3.132986307
0.976641953 -0.035729598 0.211881548 -0.094872534 0.033354603 0.999334395 0.014773855 -0.025751933 -0.212268382 -0.007361544 0.977183700 3.133286476
0.974954307 -0.040152799 0.218750387 -0.094856381 0.037659723 0.999169528 0.015556249 -0.025740258 -0.219193369 -0.006928553 0.975656748 3.133591890
0.974135160 -0.041429259 0.222135365 -0.094796538 0.038925108 0.999119759 0.015641190 -0.025728595 -0.222587779 -0.006589992 0.974890351 3.133949995
0.972223461 -0.045281842 0.229632586 -0.094892800 0.042309623 0.998945057 0.017853152 -0.025713816 -0.230198756 -0.007641583 0.973113537 3.134488106
0.970684826 -0.044621110 0.236177683 -0.095144749 0.041563384 0.998975277 0.017912108 -0.025724094 -0.236734942 -0.007570670 0.971544802 3.134398937
0.970081031 -0.042836759 0.238972113 -0.095145166 0.039552435 0.999045908 0.018524418 -0.025773712 -0.239537597 -0.008518260 0.970849693 3.135129452
0.970646620 -0.043519244 0.236539990 -0.094865859 0.040306643 0.999017894 0.018402781 -0.025785830 -0.237108544 -0.008328467 0.971447468 3.135861158
0.970484853 -0.044244517 0.237068847 -0.094627380 0.041380268 0.998998106 0.017046779 -0.025759291 -0.237585559 -0.006733668 0.971343219 3.136235952
0.970685840 -0.042053413 0.236644700 -0.094510436 0.038942903 0.999082804 0.017805256 -0.025777958 -0.237176448 -0.008067674 0.971433103 3.136648417
0.970221877 -0.045053117 0.237991035 -0.094426990 0.042197324 0.998963237 0.017083168 -0.025766701 -0.238513917 -0.006531879 0.971117079 3.137073755
0.970055819 -0.045335643 0.238613456 -0.094447792 0.042220023 0.998943388 0.018154738 -0.025774706 -0.239184365 -0.007536846 0.970944881 3.137362719
0.970376730 -0.044174600 0.237523988 -0.094370425 0.040846981 0.998986363 0.018915391 -0.025761392 -0.238118812 -0.008652914 0.971197486 3.137720823
0.971189976 -0.039897375 0.234943300 -0.094423413 0.036628090 0.999162078 0.018264454 -0.025747351 -0.235475138 -0.009132730 0.971837401 3.137918472
0.970878661 -0.038003162 0.236538216 -0.094428360 0.034750924 0.999235690 0.017904826 -0.025750704 -0.237037867 -0.009163490 0.971457183 3.138281345
0.970468700 -0.038976528 0.238057330 -0.094251871 0.035910614 0.999206901 0.017203759 -0.025757797 -0.238539055 -0.008146922 0.971098661 3.138647556
0.970468462 -0.038804442 0.238086388 -0.094210804 0.035968244 0.999220848 0.016246861 -0.025736358 -0.238531291 -0.007203518 0.971108079 3.138963938
0.970578551 -0.039121859 0.237585217 -0.094122648 0.036210388 0.999206126 0.016607862 -0.025746021 -0.238046363 -0.007516183 0.971224725 3.139315128
0.970453739 -0.040021993 0.237944633 -0.094040573 0.037087858 0.999170899 0.016796988 -0.025739722 -0.238419577 -0.007475844 0.971133411 3.139676094
0.970112503 -0.041042339 0.239159688 -0.094022810 0.038032286 0.999128699 0.017189262 -0.025735535 -0.239656806 -0.007579728 0.970827997 3.140005589
0.969931245 -0.038042855 0.240387678 -0.094058096 0.035116680 0.999247909 0.016446251 -0.025700245 -0.240832537 -0.007510115 0.970537663 3.140328884
0.969270408 -0.036826637 0.243225485 -0.093987525 0.033490438 0.999279797 0.017838689 -0.025714379 -0.243707255 -0.009144786 0.969805717 3.140690565
0.969174862 -0.037603397 0.243487120 -0.093995750 0.034526259 0.999260962 0.016894620 -0.025722671 -0.243942469 -0.007967144 0.969756961 3.140795708
0.968830526 -0.033850957 0.245400637 -0.094143748 0.031613752 0.999414921 0.013051251 -0.025672462 -0.245698899 -0.004886416 0.969333947 3.141011953
0.967874348 -0.027411742 0.249935478 -0.094312370 0.026043834 0.999622285 0.008779156 -0.025640056 -0.250081748 -0.001987843 0.968222678 3.141401529
0.967180431 -0.027181361 0.252632350 -0.094372749 0.026086183 0.999630213 0.007684147 -0.025595192 -0.252747774 -0.000841743 0.967531860 3.141751051
0.965638220 -0.027886976 0.258389384 -0.094375789 0.026738476 0.999610722 0.007958631 -0.025560321 -0.258510739 -0.000776218 0.966008127 3.142271996
0.964571416 -0.032267574 0.261841089 -0.094335079 0.030797828 0.999478400 0.009715967 -0.025553508 -0.262018085 -0.001307605 0.965062082 3.142731190
0.964622319 -0.033860538 0.261452317 -0.094257951 0.032348357 0.999425769 0.010086535 -0.025560699 -0.261643767 -0.001272141 0.965163708 3.143007040
0.964917898 -0.034575295 0.260265350 -0.094165325 0.033051636 0.999401212 0.010229862 -0.025564348 -0.260463268 -0.001268781 0.965482891 3.143450499
0.965196490 -0.032970686 0.259439319 -0.094131708 0.031693891 0.999456108 0.009103969 -0.025555922 -0.259598404 -0.000564476 0.965716422 3.143828392
0.965620160 -0.033123553 0.257838249 -0.094182611 0.032063115 0.999451220 0.008317573 -0.025531214 -0.257972270 0.000235481 0.966152310 3.143842220
0.966059387 -0.035092425 0.255925417 -0.094190896 0.033642359 0.999383390 0.010043044 -0.025528792 -0.256120056 -0.001092241 0.966644347 3.143975973
0.967055559 -0.035936691 0.252016425 -0.094147205 0.034407962 0.999352932 0.010471660 -0.025530659 -0.252229691 -0.001455304 0.967666328 3.144117594
0.967992067 -0.034257941 0.248631909 -0.094106376 0.032389961 0.999407947 0.011601222 -0.025517996 -0.248882145 -0.003176710 0.968528569 3.144333601
0.968514800 -0.034872767 0.246501833 -0.094066978 0.032677140 0.999381483 0.012993431 -0.025529478 -0.246802479 -0.004529355 0.969055176 3.144518137
0.968000174 -0.032648131 0.248817101 -0.094156921 0.030849503 0.999462128 0.011125625 -0.025503818 -0.249046519 -0.003093722 0.968486488 3.144829273
0.967175066 -0.031728480 0.252122372 -0.094238043 0.030258212 0.999494910 0.009707451 -0.025474334 -0.252303064 -0.001760033 0.967646658 3.145184040
0.966805995 -0.032792278 0.253398567 -0.094171584 0.031357352 0.999461174 0.009700651 -0.025483396 -0.253580183 -0.001432737 0.967313230 3.145512581
0.966980457 -0.032334723 0.252791047 -0.094147265 0.030723158 0.999474704 0.010320943 -0.025480622 -0.252991945 -0.002213611 0.967465818 3.145766497
0.966744184 -0.032121871 0.253719896 -0.094162762 0.030557293 0.999481857 0.010106194 -0.025468310 -0.253913105 -0.002017108 0.967224896 3.146024942
0.966881096 -0.031118305 0.253323406 -0.094146609 0.028973274 0.999505758 0.012194754 -0.025459159 -0.253577709 -0.004451266 0.967304707 3.146237850
0.966502309 -0.029891621 0.254911393 -0.094142437 0.027626177 0.999540687 0.012463629 -0.025457960 -0.255166858 -0.005003899 0.966884077 3.146523237
0.966498017 -0.028775936 0.255055994 -0.094077408 0.026621198 0.999574780 0.011896862 -0.025460839 -0.255289882 -0.004708398 0.966853082 3.146784782
0.967163980 -0.026969304 0.252718002 -0.094035923 0.025208564 0.999630153 0.010203117 -0.025451573 -0.252899647 -0.003497430 0.967486143 3.146985531
0.967267573 -0.026815083 0.252337754 -0.094045162 0.024915744 0.999632061 0.010719853 -0.025453310 -0.252532423 -0.004081782 0.967579842 3.147222519
0.967633724 -0.025517082 0.251065612 -0.094007313 0.023374058 0.999660432 0.011514504 -0.025438052 -0.251274168 -0.005273401 0.967901528 3.147501469
0.967154026 -0.027162302 0.252735704 -0.093980432 0.024884263 0.999615788 0.012206251 -0.025512971 -0.252970099 -0.005516183 0.967458367 3.147762537
0.966855824 -0.027956352 0.253788233 -0.093997240 0.025907384 0.999599218 0.011412840 -0.025539901 -0.254005551 -0.004459581 0.967192471 3.148061275
0.966945291 -0.029176770 0.253308862 -0.093986928 0.027016874 0.999562860 0.012001860 -0.025537379 -0.253548294 -0.004761529 0.967310965 3.148299694
0.966856837 -0.030434022 0.253498614 -0.094010830 0.027749870 0.999514639 0.014158250 -0.025553174 -0.253806442 -0.006654448 0.967232168 3.148569822
0.966465116 -0.032062903 0.254788518 -0.093973994 0.028665785 0.999443889 0.017036073 -0.025569338 -0.255193025 -0.009161059 0.966846764 3.148907661
0.966872215 -0.032541573 0.253177881 -0.093908906 0.028968168 0.999421299 0.017830241 -0.025569890 -0.253611594 -0.009905470 0.967255354 3.149119377
0.966969669 -0.032076851 0.252865016 -0.093943834 0.028143615 0.999420285 0.019157395 -0.025592640 -0.253332943 -0.011408087 0.967311919 3.149359226
0.967437387 -0.032538664 0.251009941 -0.093885601 0.028968059 0.999419928 0.017907660 -0.025595289 -0.251446992 -0.010053273 0.967818856 3.149611712
0.967786431 -0.034075633 0.249456257 -0.093844354 0.030639773 0.999374747 0.017644683 -0.025604330 -0.249901533 -0.009433001 0.968225300 3.149888277
0.967921615 -0.035905212 0.248673603 -0.093859732 0.032743227 0.999321938 0.016841300 -0.025590323 -0.249109671 -0.008158682 0.968440831 3.150172472
0.968527555 -0.037591983 0.246051297 -0.093870997 0.034205712 0.999252319 0.018023465 -0.025608588 -0.246544868 -0.009039865 0.969089210 3.150339842
0.968285918 -0.038115550 0.246920079 -0.093953609 0.034340624 0.999218404 0.019578001 -0.025623467 -0.247473329 -0.010477709 0.968838036 3.150619984
0.968343616 -0.038865015 0.246576875 -0.094008684 0.035012942 0.999186873 0.019989146 -0.025630899 -0.247153237 -0.010722979 0.968917131 3.150849819
0.968557715 -0.039100427 0.245697394 -0.094043970 0.034959830 0.999163926 0.021193245 -0.025641784 -0.246320635 -0.011937336 0.969114900 3.151051044
0.968980014 -0.037727673 0.244242311 -0.094003379 0.033469383 0.999207079 0.021562990 -0.025638781 -0.244862184 -0.012719467 0.969474435 3.151259422
0.969049692 -0.037311867 0.244029924 -0.094022810 0.033182267 0.999228358 0.021013040 -0.025654897 -0.244625688 -0.012265209 0.969540060 3.151646614
0.968817830 -0.036535893 0.245065555 -0.094094992 0.032206465 0.999246657 0.021652048 -0.025673598 -0.245672032 -0.013084197 0.969264627 3.151947737
0.969072819 -0.036114063 0.244118109 -0.094144046 0.031651560 0.999252796 0.022179510 -0.025687799 -0.244736716 -0.013766842 0.969491780 3.152169943
0.969250560 -0.037542786 0.243195370 -0.094141543 0.033167459 0.999206245 0.022062154 -0.025697224 -0.243830606 -0.013317583 0.969726324 3.152425289
0.969558775 -0.037686326 0.241941214 -0.094173014 0.033397999 0.999204218 0.021802898 -0.025712073 -0.242570400 -0.013058839 0.970045865 3.152685881
0.969593704 -0.038844638 0.241617784 -0.094241619 0.034061607 0.999132812 0.023942925 -0.025724545 -0.242338344 -0.014985021 0.970075965 3.152883053
0.969332397 -0.038824815 0.242666945 -0.094302654 0.034030437 0.999134481 0.023919201 -0.025720514 -0.243385568 -0.014927593 0.969814718 3.153188705
0.969422162 -0.040183540 0.242086574 -0.094307721 0.034831479 0.999045730 0.026349230 -0.025776818 -0.242914394 -0.017111296 0.969896853 3.153432846
0.969242990 -0.039038736 0.242989823 -0.094382584 0.033758856 0.999095440 0.025856595 -0.025753774 -0.243779451 -0.016858263 0.969684184 3.153620958
0.969264209 -0.038931780 0.242922291 -0.094430864 0.033834562 0.999111593 0.025121484 -0.025757179 -0.243684560 -0.016130188 0.969720364 3.153911114
0.969357789 -0.037984181 0.242698476 -0.094471633 0.032848027 0.999143124 0.025175873 -0.025775604 -0.243446797 -0.016432263 0.969775081 3.154172897
0.969223022 -0.037990626 0.243235692 -0.094498217 0.033038989 0.999155998 0.024406064 -0.025775634 -0.243957609 -0.015618657 0.969660103 3.154506683
0.969360828 -0.038571842 0.242593944 -0.094431877 0.033571791 0.999130666 0.024712648 -0.025810525 -0.243336260 -0.015811156 0.969813108 3.154782057
0.969145119 -0.038649984 0.243442327 -0.094408929 0.033810616 0.999139369 0.024027616 -0.025828466 -0.244161531 -0.015055307 0.969617724 3.155086756
0.969543040 -0.041096166 0.241448835 -0.094385147 0.036202896 0.999039948 0.024669601 -0.025816768 -0.242230847 -0.015177091 0.970099926 3.155296087
0.969914615 -0.041154023 0.239941999 -0.094311953 0.035538532 0.998984754 0.027685435 -0.025828861 -0.240837768 -0.018325323 0.970392346 3.155590057
0.969857931 -0.039973009 0.240370065 -0.094225943 0.034521602 0.999043226 0.026849097 -0.025816523 -0.241213351 -0.017741853 0.970309913 3.155872583
0.969784141 -0.034351461 0.241533861 -0.094200730 0.030514548 0.999341905 0.019609395 -0.025827579 -0.242048547 -0.011646583 0.970194280 3.155764103
0.969738960 -0.031309973 0.242128134 -0.094203770 0.028628426 0.999483645 0.014586104 -0.025821563 -0.242459789 -0.007212967 0.970134616 3.155778170
0.968702078 -0.030489456 0.246346816 -0.094432116 0.026683705 0.999467552 0.018773004 -0.025845729 -0.246788025 -0.011612002 0.968999922 3.155579567
0.968041062 -0.033492774 0.248545483 -0.094563603 0.027756467 0.999262094 0.026549106 -0.025900185 -0.249251291 -0.018801877 0.968256295 3.155472755
0.967404008 -0.031891294 0.251221716 -0.094621301 0.025858207 0.999293268 0.027280368 -0.025888346 -0.251914173 -0.019894991 0.967545033 3.155330896
0.967186391 -0.032101762 0.252031803 -0.094614923 0.026482826 0.999319971 0.025655895 -0.025848001 -0.252684027 -0.018139519 0.967378795 3.155384541
0.967552900 -0.034910865 0.250245452 -0.094517767 0.029104803 0.999215305 0.026865749 -0.025868580 -0.250987023 -0.018710684 0.967809618 3.155406952
0.968035936 -0.032908630 0.248643249 -0.094454229 0.026882987 0.999257743 0.027591765 -0.025845967 -0.249366716 -0.020025546 0.968202055 3.155407429
0.968496919 -0.033229712 0.246798694 -0.094444871 0.027103560 0.999235511 0.028179191 -0.025817670 -0.247546405 -0.020602336 0.968656957 3.155331850
0.968241870 -0.032050565 0.247952506 -0.094468296 0.025760472 0.999259770 0.028571893 -0.025822185 -0.248684719 -0.021277126 0.968350768 3.155280113
0.968252182 -0.030974269 0.248048961 -0.094463646 0.025213894 0.999334276 0.026366750 -0.025823966 -0.248700544 -0.019275382 0.968388557 3.155310631
0.967817724 -0.032327618 0.249567300 -0.094448328 0.026469206 0.999290466 0.026795646 -0.025823750 -0.250256449 -0.019327452 0.967986703 3.155352831
0.967836797 -0.034210078 0.249242008 -0.094418943 0.028290002 0.999226928 0.027296875 -0.025822535 -0.249983162 -0.019367864 0.968056500 3.155360460
0.967689872 -0.034203909 0.249813005 -0.094402969 0.027885048 0.999196351 0.028790925 -0.025824688 -0.250597030 -0.020894635 0.967865944 3.155371666
0.967957973 -0.035046320 0.248654723 -0.094378710 0.029185181 0.999203265 0.027219970 -0.025826693 -0.249410599 -0.019090755 0.968209684 3.155382633
0.968268216 -0.034421872 0.247531310 -0.094341755 0.028418174 0.999209762 0.027787417 -0.025822736 -0.248292208 -0.019871287 0.968481362 3.155393362
0.968685865 -0.033124793 0.246070176 -0.094292521 0.027081119 0.999243677 0.027905200 -0.025815964 -0.246808454 -0.020367514 0.968850255 3.155407190
0.968881547 -0.032661855 0.245360434 -0.094266713 0.026749207 0.999266803 0.027392739 -0.025807351 -0.246075213 -0.019977124 0.969044864 3.155399084
0.968927205 -0.030950259 0.245402142 -0.094270229 0.024595531 0.999279082 0.028918555 -0.025808841 -0.246120274 -0.021984180 0.968989968 3.155415297
0.967925549 -0.032711413 0.249098405 -0.094281852 0.024934851 0.999100089 0.034311321 -0.025810599 -0.249996632 -0.026999570 0.967870176 3.155434132
0.966987431 -0.030963819 0.252935886 -0.094281375 0.022496413 0.999087632 0.036300998 -0.025810450 -0.253829122 -0.029412460 0.966801822 3.155473471
0.967542887 -0.030255113 0.250889212 -0.094276965 0.021516677 0.999064982 0.037500679 -0.025813095 -0.251789212 -0.030885220 0.967289209 3.155507803
0.968475878 -0.031076510 0.247161523 -0.094273388 0.023206066 0.999128580 0.034693576 -0.025816053 -0.248024270 -0.027864248 0.968352973 3.155585527
0.968400896 -0.032808211 0.247231171 -0.094287992 0.025327858 0.999121785 0.033377178 -0.025819317 -0.248109087 -0.026060654 0.968381524 3.155680418
0.967763603 -0.035265971 0.249379054 -0.094326735 0.027893491 0.999064803 0.033036798 -0.025826320 -0.250310928 -0.025015760 0.967842281 3.155799389
0.967815876 -0.034542214 0.249277249 -0.094332159 0.026735790 0.999042273 0.034635384 -0.025827646 -0.250234932 -0.026856054 0.967812598 3.155783176
0.967502356 -0.031296168 0.250918090 -0.094332278 0.023520941 0.999147356 0.033927105 -0.025827765 -0.251765996 -0.026922725 0.967413604 3.155785084
0.966744542 -0.029364442 0.254052490 -0.094313443 0.021655731 0.999217749 0.033087302 -0.025822639 -0.254825383 -0.026485281 0.966624260 3.155809164
0.966205418 -0.029779632 0.256047308 -0.094292283 0.022319671 0.999238849 0.031992458 -0.025818251 -0.256805122 -0.025196401 0.966134727 3.155863285
0.965765715 -0.036434174 0.256844550 -0.094298840 0.028432021 0.998989642 0.034801975 -0.025824115 -0.257853061 -0.026307948 0.965825975 3.155890465
0.965957642 -0.033413436 0.256533265 -0.094323814 0.025969207 0.999139011 0.032352563 -0.025834180 -0.257393420 -0.024589239 0.965993822 3.155926228
0.965545833 -0.032209620 0.258231997 -0.094357491 0.024920832 0.999194622 0.031450287 -0.025835969 -0.259037018 -0.023931341 0.965570867 3.155967712
0.963281214 -0.032136310 0.266564488 -0.094403088 0.024708224 0.999208391 0.031174120 -0.025845349 -0.267355353 -0.023443103 0.963312805 3.156019211
0.961532116 -0.036701925 0.272229671 -0.094441593 0.028142167 0.998980999 0.035282459 -0.025856823 -0.273247182 -0.026264083 0.961585224 3.156046867
0.959615767 -0.038259298 0.278700262 -0.094485700 0.029424261 0.998925030 0.035816915 -0.025850043 -0.279771000 -0.026169926 0.959710002 3.156103134
0.959209919 -0.038704857 0.280032516 -0.094496727 0.030017583 0.998927712 0.035246581 -0.025857039 -0.281096458 -0.025402967 0.959343135 3.156179428
0.958615184 -0.038105190 0.282143623 -0.094504058 0.029300718 0.998944998 0.035360988 -0.025856413 -0.283193439 -0.025630569 0.958720207 3.156227589
0.958715498 -0.041060138 0.281387359 -0.094500542 0.032056514 0.998818219 0.036528111 -0.025854893 -0.282554686 -0.025999760 0.958898783 3.156251192
0.958552599 -0.040668204 0.281998515 -0.094508767 0.031152537 0.998786449 0.038147420 -0.025862195 -0.283207685 -0.027781334 0.958656132 3.156303644
0.959215224 -0.037507914 0.280177355 -0.094464719 0.027609907 0.998850167 0.039192826 -0.025859199 -0.281325221 -0.029858686 0.959147990 3.156411171
0.960335732 -0.038974188 0.276109129 -0.094440937 0.028587034 0.998727560 0.041546766 -0.025876760 -0.277377009 -0.032005701 0.960227966 3.156380653
0.960255265 -0.034002941 0.277044654 -0.094454169 0.024667688 0.999006629 0.037112731 -0.025858954 -0.278031379 -0.028803641 0.960140109 3.156414747
0.959993362 -0.033657026 0.277992845 -0.094453633 0.024582708 0.999047101 0.036064658 -0.025859714 -0.278941780 -0.027788011 0.959905982 3.156429052
0.959874749 -0.034044120 0.278355002 -0.094449282 0.024848403 0.999024749 0.036498580 -0.025860235 -0.279326081 -0.028117385 0.959784508 3.156435728
0.959854424 -0.034166951 0.278410137 -0.094461381 0.025092067 0.999033272 0.036094934 -0.025859304 -0.279374242 -0.027659988 0.959783792 3.156422377
0.959797084 -0.036211666 0.278349102 -0.094462097 0.027221195 0.998977482 0.036097862 -0.025859773 -0.279371738 -0.027069632 0.959801376 3.156423330
0.959416807 -0.036005355 0.279683679 -0.094466448 0.026985401 0.998986065 0.036035724 -0.025860019 -0.280697614 -0.027025901 0.959415734 3.156421900
0.959940314 -0.037071645 0.277741224 -0.094462335 0.027862195 0.998925507 0.037033632 -0.025859721 -0.278815717 -0.027811594 0.959941864 3.156424522
0.959944129 -0.039739013 0.277358800 -0.094460666 0.030638818 0.998842955 0.037069205 -0.025859043 -0.278510988 -0.027086422 0.960051119 3.156427383
0.960086644 -0.041502148 0.276606798 -0.094450772 0.032441001 0.998778999 0.037256151 -0.025860950 -0.277815312 -0.026795726 0.960260749 3.156443596
