0.999988019 0.004883840 0.000055214 -0.000312663 -0.004883948 0.999985635 0.002209363 -0.001281332 -0.000044423 -0.002209606 0.999997497 0.053538334
0.999981344 0.006062919 0.000742985 -0.000664252 -0.006064369 0.999979675 0.001966058 -0.001846027 -0.000731050 -0.001970527 0.999997795 0.079282776
0.999966621 0.008128970 0.000733280 -0.000831436 -0.008130163 0.999965727 0.001638807 -0.002311885 -0.000719933 -0.001644714 0.999998331 0.105149761
0.999966025 0.008151392 0.001239967 -0.000924978 -0.008153209 0.999965668 0.001465923 -0.002810678 -0.001227975 -0.001475983 0.999998152 0.130170912
0.999964893 0.008283774 0.001217260 -0.000612654 -0.008286512 0.999963105 0.002261827 -0.003264339 -0.001198478 -0.002271835 0.999996722 0.154926181
0.999955356 0.009191750 0.002197222 -0.001105699 -0.009202997 0.999944329 0.005164698 -0.003660838 -0.002149627 -0.005184689 0.999984205 0.178414270
0.999957681 0.008884690 0.002398143 -0.000225766 -0.008905694 0.999920845 0.008894606 -0.003859692 -0.002318927 -0.008915586 0.999957502 0.201612130
0.999955595 0.008135611 0.004751020 -0.000868700 -0.008195946 0.999884188 0.012821043 -0.004414063 -0.004646162 -0.012859412 0.999906540 0.223103181
0.999958515 0.007332984 0.005402828 -0.000438568 -0.007414208 0.999857426 0.015169929 -0.004751719 -0.005290816 -0.015209356 0.999870420 0.244358197
0.999947667 0.007649744 0.006784473 -0.000590426 -0.007750684 0.999857783 0.014978839 -0.005025488 -0.006668924 -0.015030642 0.999864817 0.264213264
0.999934196 0.008633147 0.007551203 -0.000456624 -0.008724574 0.999888062 0.012159738 -0.005179987 -0.007445381 -0.012224820 0.999897540 0.283471912
0.999921978 0.008639996 0.009023377 -0.000518734 -0.008723898 0.999918699 0.009300899 -0.005348532 -0.008942286 -0.009378891 0.999916017 0.301995575
0.999927402 0.006356984 0.010235630 -0.000063942 -0.006440754 0.999945939 0.008172030 -0.005826447 -0.010183126 -0.008237362 0.999914229 0.319390476
0.999920011 0.002949985 0.012293775 0.000172172 -0.003019398 0.999979556 0.005631482 -0.005897613 -0.012276909 -0.005668153 0.999908566 0.335484087
0.999899745 0.000933495 0.014128458 0.000402817 -0.000994879 0.999990046 0.004338261 -0.006058372 -0.014124269 -0.004351881 0.999890804 0.351047486
0.999851584 0.005407309 0.016357314 0.000535770 -0.005450336 0.999981761 0.002586902 -0.006504683 -0.016343029 -0.002675671 0.999862850 0.365000904
0.999761462 0.009558324 0.019637952 0.000344563 -0.009602615 0.999951541 0.002162321 -0.006990437 -0.019616330 -0.002350381 0.999804795 0.378329158
0.999693811 0.009824248 0.022707948 0.000866243 -0.009901615 0.999945700 0.003297183 -0.007272677 -0.022674324 -0.003521020 0.999736667 0.390173405
0.999656439 0.005723047 0.025577616 0.001742382 -0.005814647 0.999977052 0.003508367 -0.007394814 -0.025556952 -0.003655886 0.999666691 0.401428431
0.999596536 0.001125953 0.028380683 0.001969161 -0.001216236 0.999994278 0.003164100 -0.007418509 -0.028376959 -0.003197341 0.999592125 0.411388397
0.999518692 -0.002103369 0.030951586 0.002253595 0.001957785 0.999986887 0.004733132 -0.007668904 -0.030961134 -0.004670257 0.999509633 0.419958383
0.999437511 -0.002659888 0.033428822 0.002718102 0.002471122 0.999980807 0.005686857 -0.007907243 -0.033443306 -0.005601052 0.999424875 0.428199917
0.999366105 -0.002179883 0.035531443 0.002988444 0.002003509 0.999985516 0.004998753 -0.008198421 -0.035541814 -0.004924399 0.999356031 0.435317039
0.999307454 -0.001011124 0.037195835 0.003508628 0.000875583 0.999992967 0.003660089 -0.008384193 -0.037199270 -0.003624986 0.999301255 0.441783875
0.999195993 0.001001128 0.040078849 0.003491199 -0.001116501 0.999995291 0.002856368 -0.008574190 -0.040075809 -0.002898820 0.999192417 0.447975218
0.999112368 0.003899394 0.041943189 0.003495226 -0.003990428 0.999989867 0.002086915 -0.008689731 -0.041934624 -0.002252435 0.999117792 0.453272879
0.999041498 0.005035250 0.043482486 0.003590081 -0.005081292 0.999986708 0.000948427 -0.009034905 -0.043477125 -0.001168466 0.999053717 0.458791733
0.998975754 0.004198694 0.045051973 0.004153844 -0.004165757 0.999990940 -0.000824948 -0.009147292 -0.045055024 0.000636427 0.998984277 0.464099407
0.998890519 0.003164876 0.046985928 0.004266290 -0.003044093 0.999991894 -0.002641946 -0.009107804 -0.046993915 0.002495985 0.998892069 0.468871891
0.998848021 0.002261852 0.047930434 0.004640371 -0.002091253 0.999991298 -0.003609162 -0.009224359 -0.047938179 0.003504770 0.998844206 0.473689795
0.998776436 0.002567931 0.049386002 0.005061109 -0.002334345 0.999985874 -0.004786894 -0.009440294 -0.049397595 0.004665753 0.998768389 0.478354871
0.998697758 0.003666742 0.050885428 0.005056692 -0.003325517 0.999971449 -0.006788792 -0.009505805 -0.050908882 0.006610732 0.998681426 0.482438445
0.998666823 0.003524239 0.051498994 0.005516244 -0.003072214 0.999956071 -0.008853906 -0.009731106 -0.051527947 0.008683886 0.998633802 0.486742616
0.998643637 0.002395247 0.052011002 0.005920025 -0.001841905 0.999941289 -0.010684254 -0.010016616 -0.052033551 0.010573963 0.998589337 0.491156548
0.998617053 0.002351192 0.052520812 0.005625701 -0.001648039 0.999908507 -0.013427375 -0.009805540 -0.052547578 0.013322251 0.998529494 0.495185941
0.998711765 0.001520407 0.050719529 0.005664075 -0.000792147 0.999896348 -0.014375579 -0.010002485 -0.050736122 0.014316884 0.998609424 0.499327958
0.998891830 0.002063852 0.047019474 0.006138735 -0.001327404 0.999876022 -0.015688460 -0.009874843 -0.047046021 0.015608663 0.998770773 0.504037082
0.999074996 0.002245682 0.042943656 0.006164230 -0.001540167 0.999863446 -0.016454890 -0.010220034 -0.042974740 0.016373530 0.998942077 0.508217037
0.999263227 0.002652639 0.038288694 0.005469597 -0.001979588 0.999843061 -0.017605562 -0.010310318 -0.038329389 0.017516788 0.999111652 0.512110710
0.999498308 0.002708443 0.031555068 0.005380373 -0.002117092 0.999821842 -0.018758662 -0.010196757 -0.031600259 0.018682444 0.999325931 0.516438842
0.999710917 0.002858238 0.023870796 0.005567842 -0.002392444 0.999806643 -0.019518951 -0.010255439 -0.023921972 0.019456197 0.999524415 0.520764589
0.999882400 0.002215642 0.015174481 0.005777509 -0.001913346 0.999800086 -0.019907029 -0.010554526 -0.015215552 0.019875653 0.999686718 0.525525153
0.999985337 0.001012835 0.005329140 0.005237000 -0.000900571 0.999778569 -0.021026669 -0.010725494 -0.005349254 0.021021556 0.999764621 0.530102611
0.999969482 -0.000438411 -0.007803548 0.004919554 0.000258315 0.999733984 -0.023064718 -0.010689158 0.007811582 0.023061996 0.999703467 0.535187244
0.999717891 -0.001058419 -0.023727421 0.004233712 0.000459573 0.999681592 -0.025229823 -0.010735297 0.023746569 0.025211805 0.999400079 0.540294588
0.999075532 -0.000409253 -0.042987257 0.003328182 -0.000712947 0.999659419 -0.026086820 -0.010831556 0.042983294 0.026093356 0.998735070 0.546374321
0.997909784 0.000158279 -0.064622715 0.001891039 -0.001851155 0.999656737 -0.026137274 -0.010897025 0.064596377 0.026202269 0.997567475 0.552552402
0.996060252 0.000779543 -0.088675685 0.000905439 -0.002915527 0.999708772 -0.023960605 -0.011499392 0.088631175 0.024124745 0.995772362 0.559310257
0.993360460 0.001767790 -0.115030125 -0.000791393 -0.004438193 0.999726474 -0.022962835 -0.011439214 0.114958063 0.023320897 0.993096530 0.566230714
0.989325762 0.002700069 -0.145696074 -0.002780259 -0.005798597 0.999765873 -0.020846574 -0.011683566 0.145605683 0.021468885 0.989109755 0.574430823
0.984019756 0.002375585 -0.178043231 -0.006162301 -0.005575288 0.999831855 -0.017473327 -0.011833205 0.177971780 0.018186748 0.983867586 0.582884967
0.976599097 0.003713029 -0.215036258 -0.008618720 -0.006751237 0.999887407 -0.013396068 -0.012233643 0.214962319 0.014534350 0.976514161 0.591227829
0.966909766 0.005233773 -0.255064696 -0.011767581 -0.007588083 0.999937117 -0.008247117 -0.012251341 0.255005419 0.009909669 0.966888845 0.599801719
0.955275059 0.008756951 -0.295589179 -0.016599044 -0.010191606 0.999942541 -0.003313174 -0.012524763 0.295543194 0.006177522 0.955309391 0.608870387
0.940881968 0.012266165 -0.338512421 -0.020816654 -0.012678652 0.999919057 0.000992750 -0.012637791 0.338497221 0.003357820 0.940961421 0.618331671
0.924075484 0.015201412 -0.381907701 -0.025799379 -0.013529396 0.999883473 0.007063118 -0.012989588 0.381970584 -0.001359874 0.924173415 0.627995670
0.904786587 0.018417908 -0.425466895 -0.031256095 -0.013523729 0.999803126 0.014520968 -0.013011544 0.425650507 -0.007384480 0.904857516 0.637192428
0.882666409 0.022348464 -0.469468385 -0.037549123 -0.014498158 0.999688148 0.020330347 -0.012716996 0.469776392 -0.011138486 0.882715225 0.647070229
0.858234644 0.027358690 -0.512527823 -0.045255244 -0.017061366 0.999547184 0.024786258 -0.012728673 0.512973845 -0.012528002 0.858312845 0.656584024
0.830167532 0.030824769 -0.556661189 -0.053390354 -0.018278120 0.999438465 0.028084509 -0.012481818 0.557214260 -0.013140130 0.830264807 0.666562617
0.799431741 0.034500912 -0.599765420 -0.062046826 -0.020606285 0.999336839 0.030019600 -0.012573086 0.600403428 -0.011639685 0.799612463 0.675292253
0.765952766 0.036690317 -0.641849101 -0.071912348 -0.020451762 0.999255478 0.032714732 -0.012362411 0.642571509 -0.011930997 0.766132772 0.684713840
0.728054225 0.039386190 -0.684387207 -0.082983613 -0.020588024 0.999154031 0.035599254 -0.011357591 0.685210347 -0.011828010 0.728249073 0.695706964
0.689418137 0.042223841 -0.723131895 -0.094551295 -0.019626090 0.999022007 0.039622035 -0.011632042 0.724097610 -0.013123899 0.689572573 0.704531848
0.648586154 0.041751191 -0.759995282 -0.106871814 -0.016715780 0.999034882 0.040617716 -0.010940796 0.760957658 -0.013640178 0.648658156 0.713520586
0.606432557 0.039333459 -0.794161499 -0.120363355 -0.010021367 0.999074399 0.041830003 -0.010365367 0.795071840 -0.017408490 0.606265426 0.722170472
0.561195612 0.039179388 -0.826755404 -0.135155171 -0.006530446 0.999057591 0.042911842 -0.009438690 0.827657521 -0.018682858 0.560922444 0.731345892
0.513445556 0.040304445 -0.857175171 -0.150084287 -0.004321081 0.999005198 0.044384990 -0.008393539 0.858111322 -0.019085355 0.513108850 0.739748955
0.464856178 0.041461617 -0.884414911 -0.166958213 -0.004699679 0.999004424 0.044363413 -0.008264704 0.885373771 -0.016466141 0.464588165 0.746345520
0.414564192 0.041170556 -0.909088314 -0.183723480 0.000423272 0.998967230 0.045433979 -0.008146441 0.910020053 -0.019220093 0.414118588 0.751726866
0.358922571 0.039348964 -0.932537556 -0.202690244 0.006129530 0.998990178 0.044512145 -0.006990053 0.933347225 -0.021692432 0.358318865 0.759044826
0.304447383 0.036995709 -0.951810420 -0.222281411 0.008862831 0.999092162 0.041668374 -0.005736614 0.952487946 -0.021121560 0.303843081 0.764510572
0.252497792 0.044065878 -0.966593564 -0.242842034 0.009447454 0.998802423 0.048002161 -0.005094986 0.967551351 -0.021252284 0.251779109 0.767887831
0.201028317 0.048266500 -0.978395581 -0.264147252 0.011661490 0.998596609 0.051659122 -0.003890555 0.979515970 -0.021794494 0.200183332 0.771228313
0.152826831 0.050438326 -0.986965120 -0.286551803 0.017943485 0.998390436 0.053800691 -0.003426740 0.988090098 -0.025931779 0.151675820 0.773927927
0.109102614 0.052069448 -0.992665768 -0.309590727 0.020180475 0.998305142 0.054583270 -0.002800159 0.993825734 -0.025987646 0.107866943 0.775306225
0.067763098 0.050202094 -0.996437609 -0.333905458 0.020798359 0.998445153 0.051717639 -0.001682963 0.997484624 -0.024228819 0.066613637 0.776510537
0.032674007 0.046225578 -0.998396516 -0.358623803 0.018355178 0.998733699 0.046841890 -0.000567734 0.999297559 -0.019856257 0.031784158 0.776393890
0.003473582 0.045757864 -0.998946548 -0.384232432 0.016020088 0.998821795 0.045807850 0.000844633 0.999865592 -0.016162330 0.002736444 0.775766134
-0.017212497 0.049720000 -0.998614848 -0.410639852 0.015237839 0.998659790 0.049459595 0.001998900 0.999735653 -0.014365409 -0.017947059 0.774562538
-0.030744782 0.056104064 -0.997951448 -0.438804299 0.016768817 0.998311877 0.055607721 0.003038267 0.999386609 -0.015024818 -0.031633679 0.773842037
-0.038759980 0.058256257 -0.997548938 -0.466665059 0.016212061 0.998204410 0.057664607 0.004409365 0.999117017 -0.013937247 -0.039634828 0.772622287
-0.042844720 0.055806272 -0.997522056 -0.497738719 0.017389188 0.998329103 0.055104557 0.005646849 0.998930335 -0.014985159 -0.043743558 0.771199644
-0.040755205 0.051866069 -0.997822106 -0.527324319 0.024360767 0.998406529 0.050901450 0.007065082 0.998872161 -0.022233212 -0.041953769 0.769441187
-0.037812021 0.050285652 -0.998018861 -0.558887601 0.036949579 0.998120427 0.048890863 0.008674184 0.998601496 -0.035027713 -0.039598983 0.769643188
-0.031086843 0.050426759 -0.998243928 -0.589650631 0.036650471 0.998112381 0.049278766 0.009993188 0.998844564 -0.035054184 -0.032876324 0.768209755
-0.026807960 0.049161363 -0.998430967 -0.623119354 0.035109591 0.998220026 0.048208278 0.011087745 0.999023855 -0.033762131 -0.028486280 0.767557383
-0.023157321 0.042879142 -0.998811841 -0.655300319 0.038947634 0.998360038 0.041956745 0.012335841 0.998972893 -0.037929747 -0.024789384 0.766449094
-0.021688309 0.031911377 -0.999255359 -0.690765440 0.036563877 0.998847127 0.031104747 0.013667535 0.999095917 -0.035862036 -0.022830108 0.766127050
-0.020204388 0.023459334 -0.999520659 -0.724911153 0.028145028 0.999341786 0.022886217 0.014641101 0.999399662 -0.027669135 -0.020851351 0.764204443
-0.022317667 0.020575508 -0.999539196 -0.760528803 0.023313973 0.999526978 0.020054707 0.015599038 0.999479055 -0.022855658 -0.022786807 0.763367772
-0.025807822 0.026426084 -0.999317527 -0.797247946 0.013535080 0.999568224 0.026083162 0.016357856 0.999575198 -0.012852698 -0.026154356 0.761948884
-0.030443868 0.035073835 -0.998920918 -0.835368395 0.009141551 0.999352098 0.034810372 0.016935060 0.999494672 -0.008071925 -0.030744774 0.759847224
-0.034746811 0.044138495 -0.998420954 -0.873088300 0.007257826 0.999008954 0.043911904 0.018514065 0.999369800 -0.005720567 -0.035032723 0.758081973
-0.036610056 0.054405436 -0.997847497 -0.912943840 0.006391585 0.998509288 0.054207027 0.019888181 0.999309182 -0.004393304 -0.036903217 0.756611884
-0.037376277 0.061979730 -0.997377276 -0.951908350 0.007946647 0.998061717 0.061724462 0.021606375 0.999269724 -0.005618775 -0.037796360 0.755059004
-0.039065339 0.062974401 -0.997250259 -0.991679251 0.009050342 0.997993469 0.062666804 0.023471490 0.999195635 -0.006577357 -0.039556887 0.753340125
-0.040705658 0.060227253 -0.997354329 -1.030524731 0.007646912 0.998171210 0.059964474 0.025374945 0.999141932 -0.005185788 -0.041091770 0.751534104
-0.043732267 0.055511899 -0.997499764 -1.070733190 0.007514943 0.998445094 0.055235039 0.026978325 0.999015033 -0.005080601 -0.044081438 0.749608099
-0.048095521 0.050064642 -0.997587264 -1.110490680 0.007197284 0.998734474 0.049775224 0.028807454 0.998816848 -0.004785954 -0.048394989 0.747502804
-0.053668324 0.045559440 -0.997518957 -1.149719715 0.007321621 0.998949647 0.045230873 0.030094318 0.998531938 -0.004875991 -0.053945526 0.744872153
-0.060820971 0.043402459 -0.997204721 -1.192191720 0.006211488 0.999051273 0.043103997 0.031929880 0.998129368 -0.003572498 -0.061032861 0.742495418
-0.067441873 0.045734704 -0.996674478 -1.232957363 0.006420412 0.998948097 0.045404587 0.033465747 0.997702658 -0.003336890 -0.067664564 0.739715338
-0.073274247 0.050706666 -0.996022046 -1.274409056 0.004876288 0.998712838 0.050484926 0.034567297 0.997299910 -0.001157643 -0.073427200 0.735630929
-0.079863101 0.053550363 -0.995366335 -1.317629814 0.002286994 0.998563170 0.053538844 0.036719467 0.996803224 0.001999381 -0.079870827 0.732471645
-0.084417388 0.055504903 -0.994883299 -1.359087706 -0.000947967 0.998442471 0.055783894 0.038769025 0.996429980 0.005652248 -0.084233284 0.728417695
-0.086758502 0.057178676 -0.994587123 -1.400178671 -0.005495543 0.998308957 0.057872012 0.039960835 0.996214151 0.010486685 -0.086297564 0.723789930
-0.089008518 0.057619669 -0.994362831 -1.443259954 -0.009923251 0.998224437 0.058731705 0.042898916 0.995981455 0.015094933 -0.088278711 0.720511019
-0.090747818 0.057494573 -0.994212866 -1.484918952 -0.010943868 0.998214185 0.058724891 0.044466086 0.995813787 0.016209688 -0.089956552 0.716726303
-0.091565505 0.057039984 -0.994164050 -1.526027799 -0.011179117 0.998236299 0.058303263 0.045816254 0.995736301 0.016452445 -0.090766348 0.711916327
-0.092892498 0.055617359 -0.994121552 -1.569625616 -0.012262215 0.998299062 0.056996875 0.048475977 0.995600641 0.017484717 -0.092052497 0.707984924
-0.093550019 0.054482844 -0.994122684 -1.611591816 -0.014270355 0.998325646 0.056056052 0.050570570 0.995512366 0.019430529 -0.092615873 0.703745365
-0.093985058 0.051841181 -0.994222999 -1.653200746 -0.018746238 0.998374164 0.053829737 0.052252069 0.995397091 0.023697130 -0.092860430 0.698870838
-0.095019631 0.046836860 -0.994372964 -1.697466493 -0.024269355 0.998486578 0.049349733 0.054273937 0.995179653 0.028821982 -0.093739130 0.694954395
-0.094097435 0.045868672 -0.994505763 -1.739810824 -0.025913710 0.998486757 0.048504163 0.056290686 0.995225728 0.030335454 -0.092766434 0.690521777
-0.092635386 0.050391886 -0.994424164 -1.781646132 -0.026940919 0.998225987 0.053094219 0.057695374 0.995335639 0.031709112 -0.091113448 0.686745107
-0.091072619 0.053906623 -0.994384170 -1.828156114 -0.026747646 0.998041153 0.056554601 0.058878388 0.995484948 0.031748008 -0.089452334 0.682565928
-0.089028090 0.053067416 -0.994614422 -1.871706367 -0.024882529 0.998149514 0.055483259 0.060850199 0.995718181 0.029688090 -0.087542884 0.678139091
-0.085306466 0.052343294 -0.994978964 -1.912317157 -0.025275135 0.998183966 0.054678928 0.062535658 0.996034145 0.029812695 -0.083828554 0.673029065
-0.082331143 0.052664682 -0.995212555 -1.958443522 -0.029068891 0.998050988 0.055219676 0.064779893 0.996181071 0.033476025 -0.080639765 0.670734048
-0.077451684 0.053801578 -0.995543301 -2.005372286 -0.033780709 0.997827947 0.056553133 0.066677094 0.996423662 0.038010295 -0.075465985 0.666761994
-0.071256958 0.053085718 -0.996044338 -2.048992395 -0.037458386 0.997735977 0.055855650 0.068843201 0.996754348 0.041290320 -0.069107123 0.662785828
-0.065547109 0.052196376 -0.996483386 -2.092812061 -0.038984284 0.997734606 0.054826245 0.070754923 0.997087657 0.042440888 -0.063363776 0.659947217
-0.059681904 0.051355407 -0.996895552 -2.138839245 -0.038818434 0.997800827 0.053726017 0.072607890 0.997462511 0.041904386 -0.057557113 0.656469762
-0.054029115 0.050858468 -0.997243345 -2.182870865 -0.037679337 0.997886956 0.052932695 0.074690282 0.997828245 0.040435381 -0.051998638 0.653804183
-0.048277430 0.050759818 -0.997543275 -2.226774216 -0.036024313 0.997969508 0.052524950 0.077360176 0.998184144 0.038471583 -0.046350822 0.651066303
-0.043354418 0.051929008 -0.997709274 -2.275210381 -0.035867844 0.997923493 0.053498764 0.079492867 0.998415709 0.038105078 -0.041401811 0.649893582
-0.037312493 0.052203506 -0.997939169 -2.319763660 -0.037420809 0.997861147 0.053598575 0.082119972 0.998602748 0.039343596 -0.035279185 0.647442698
-0.032420948 0.052025579 -0.998119295 -2.365689993 -0.036668517 0.997910023 0.053205743 0.083333462 0.998801410 0.038324531 -0.030445488 0.646205068
-0.027038751 0.047509257 -0.998504817 -2.410991669 -0.036827020 0.998144567 0.048489366 0.084999353 0.998955727 0.038083047 -0.025238959 0.644224346
-0.023181049 0.042860102 -0.998812079 -2.457061052 -0.036377132 0.998382807 0.043685939 0.086014137 0.999069214 0.037346609 -0.021584436 0.643455267
-0.018973609 0.041683961 -0.998950660 -2.502778053 -0.036778621 0.998425245 0.042360593 0.087846771 0.999143362 0.037543759 -0.017410655 0.642037332
-0.015936472 0.044464517 -0.998883843 -2.548903704 -0.035518616 0.998354971 0.045007650 0.088969171 0.999241889 0.036196232 -0.014330938 0.641275167
-0.013575762 0.043897983 -0.998943806 -2.594643593 -0.036204502 0.998359144 0.044364318 0.090489313 0.999252141 0.036768537 -0.011964179 0.640254259
-0.013190476 0.043889012 -0.998949289 -2.641360044 -0.037874889 0.998297393 0.044360477 0.091860592 0.999195457 0.038420223 -0.011505724 0.639814615
-0.012365364 0.045226827 -0.998900175 -2.687041283 -0.038219240 0.998225152 0.045669373 0.093024805 0.999192894 0.038741931 -0.010614884 0.639029860
-0.010908566 0.044244140 -0.998961210 -2.734180450 -0.039713472 0.998213232 0.044644676 0.094682366 0.999151587 0.040159229 -0.009131989 0.637905717
-0.009711979 0.042924080 -0.999031126 -2.780774117 -0.039295342 0.998290122 0.043274254 0.095586419 0.999180496 0.039677553 -0.008008655 0.637273073
-0.009440053 0.040587723 -0.999131382 -2.828333378 -0.038645983 0.998414636 0.040923744 0.097647846 0.999208391 0.038998742 -0.007856532 0.636760294
-0.008435368 0.040781327 -0.999132454 -2.874038935 -0.035512984 0.998525560 0.041056380 0.098612800 0.999333680 0.035828505 -0.006974664 0.635681927
-0.008208469 0.041202657 -0.999117076 -2.922518730 -0.032844584 0.998600483 0.041451201 0.100090399 0.999426782 0.033155832 -0.006843696 0.635287583
-0.007762524 0.043780603 -0.999011040 -2.969317675 -0.032631043 0.998497963 0.044011667 0.101404816 0.999437332 0.032940414 -0.006322257 0.634468794
-0.008289247 0.047506496 -0.998836517 -3.017609835 -0.034359410 0.998267472 0.047764577 0.102939345 0.999375165 0.034715366 -0.006642590 0.634122550
-0.006921079 0.047253944 -0.998858988 -3.064419746 -0.037118431 0.998182356 0.047479127 0.104479700 0.999286950 0.037404671 -0.005154506 0.633189321
-0.007480090 0.044922341 -0.998962462 -3.111954212 -0.037036542 0.998292565 0.045169536 0.106285334 0.999285936 0.037335992 -0.005803550 0.632808805
-0.007470555 0.041996527 -0.999089777 -3.158815145 -0.037119221 0.998417556 0.042245816 0.107964769 0.999282897 0.037401032 -0.005899855 0.632378161
-0.006970268 0.041810960 -0.999101341 -3.205488205 -0.034371413 0.998525023 0.042026643 0.109094545 0.999384820 0.034633454 -0.005522885 0.631429136
-0.007185457 0.043514833 -0.999026954 -3.252881765 -0.032831784 0.998503864 0.043728188 0.110132866 0.999435067 0.033114042 -0.005746037 0.631076217
-0.006891972 0.046178009 -0.998909473 -3.299559116 -0.032166008 0.998405993 0.046376664 0.111716188 0.999458730 0.032450560 -0.005395623 0.630476534
-0.006133035 0.048379794 -0.998810172 -3.346089125 -0.032403160 0.998294830 0.048553795 0.113162786 0.999455988 0.032662384 -0.004554919 0.629756331
-0.005484867 0.049083922 -0.998779655 -3.392134666 -0.033953421 0.998209536 0.049242374 0.114336818 0.999408305 0.034182064 -0.003808479 0.628751814
-0.005295886 0.046521250 -0.998903215 -3.439108133 -0.033305913 0.998354852 0.046672285 0.115990132 0.999431193 0.033516563 -0.003737740 0.628337324
-0.005048987 0.045230709 -0.998963773 -3.485036373 -0.032145739 0.998452842 0.045370050 0.117185414 0.999470413 0.032341495 -0.003587201 0.627922654
-0.004074840 0.046526652 -0.998908758 -3.531229019 -0.030986074 0.998431444 0.046630830 0.118576661 0.999511480 0.031142270 -0.002626769 0.627310514
-0.004866170 0.049363729 -0.998768985 -3.577197790 -0.028102841 0.998379588 0.049481403 0.119800791 0.999593198 0.028309029 -0.003471025 0.627259076
-0.005274568 0.051719975 -0.998647630 -3.622542858 -0.027914489 0.998264790 0.051847577 0.121530816 0.999596417 0.028150212 -0.003821678 0.627362788
-0.004494991 0.053579230 -0.998553455 -3.669470072 -0.027970877 0.998166263 0.053684343 0.123001426 0.999598563 0.028171729 -0.002988090 0.626549006
-0.003476918 0.055704109 -0.998441219 -3.715977907 -0.030931398 0.997963548 0.055785161 0.124586537 0.999515414 0.031077143 -0.001746832 0.625683069
-0.003677228 0.055107497 -0.998473704 -3.760837317 -0.031836674 0.997967839 0.055196829 0.125902802 0.999486327 0.031991053 -0.001915315 0.625494480
-0.003536004 0.050888315 -0.998698115 -3.807508230 -0.035093628 0.998082817 0.050981209 0.127778918 0.999377728 0.035228208 -0.001743369 0.624798357
-0.002562747 0.049843747 -0.998753726 -3.852739811 -0.037084933 0.998065293 0.049904533 0.128969073 0.999308825 0.037166614 -0.000709337 0.623709738
-0.002520646 0.047265191 -0.998879135 -3.900251389 -0.036679417 0.998205841 0.047325883 0.131000638 0.999323845 0.036757603 -0.000782464 0.623711407
-0.002189746 0.048086450 -0.998840749 -3.945982695 -0.036112197 0.998187900 0.048134182 0.132387936 0.999345303 0.036175732 -0.000449271 0.623184264
-0.002853090 0.050230511 -0.998733521 -3.992258072 -0.035356380 0.998108149 0.050300062 0.133600175 0.999370694 0.035455123 -0.001071723 0.623527646
-0.003484297 0.052099448 -0.998635769 -4.038453579 -0.032986376 0.998092473 0.052186191 0.135146350 0.999449790 0.033123203 -0.001759079 0.623667300
-0.003487702 0.050999597 -0.998692572 -4.084823132 -0.037551526 0.997987568 0.051094733 0.136911035 0.999288559 0.037680630 -0.001565570 0.623004735
-0.003444309 0.052463185 -0.998616874 -4.131361961 -0.041136395 0.997770011 0.052560575 0.138391167 0.999147534 0.041260522 -0.001278482 0.622152328
-0.003407079 0.051799629 -0.998651683 -4.178443432 -0.044937413 0.997640729 0.051900502 0.140038267 0.998983979 0.045053650 -0.001071299 0.621086955
-0.003428460 0.046871156 -0.998895109 -4.225815296 -0.045451514 0.997861326 0.046978656 0.142590210 0.998960674 0.045562357 -0.001290762 0.620748997
-0.004828801 0.043977205 -0.999020875 -4.272265911 -0.045004863 0.998010695 0.044150271 0.143198371 0.998975098 0.045173980 -0.002840007 0.620639861
-0.005368155 0.043160211 -0.999053717 -4.318994522 -0.042092025 0.998172939 0.043348331 0.144607753 0.999099314 0.042284895 -0.003541647 0.620238721
-0.005833535 0.042204108 -0.999091983 -4.368580818 -0.037686206 0.998389959 0.042394493 0.146459803 0.999272585 0.037899293 -0.004233630 0.619654834
-0.006508783 0.044468768 -0.998989582 -4.416101456 -0.036994718 0.998316169 0.044679824 0.147723943 0.999294221 0.037248150 -0.004852714 0.619108498
-0.006014355 0.048099138 -0.998824418 -4.465773106 -0.036061544 0.998182356 0.048285354 0.149335176 0.999331415 0.036309548 -0.004268894 0.618020356
-0.007600578 0.048308264 -0.998803496 -4.514975071 -0.034057729 0.998240352 0.048540197 0.150927141 0.999390900 0.034385920 -0.005941934 0.618410051
-0.006694358 0.044267122 -0.998997271 -4.565001965 -0.033983912 0.998432457 0.044469833 0.152327612 0.999399960 0.034247532 -0.005179495 0.616564572
-0.008737871 0.040569078 -0.999138534 -4.613160610 -0.034462504 0.998570919 0.040847424 0.153764248 0.999367714 0.034789741 -0.007327273 0.616922557
-0.009635042 0.038461436 -0.999213696 -4.662605762 -0.033811130 0.998676121 0.038766772 0.155785978 0.999381781 0.034158066 -0.008321862 0.616266429
-0.010026868 0.039593205 -0.999165595 -4.712726593 -0.036142994 0.998548627 0.039931454 0.157379016 0.999296308 0.036513228 -0.008581297 0.615280569
-0.010151502 0.044307180 -0.998966396 -4.763266563 -0.040613208 0.998175323 0.044684809 0.158701122 0.999123454 0.041024849 -0.008333521 0.614030778
-0.010217401 0.047791708 -0.998805046 -4.814927578 -0.045882519 0.997782707 0.048212159 0.160296410 0.998894691 0.046320289 -0.008001943 0.612801671
-0.010618459 0.047740899 -0.998803318 -4.865746975 -0.052644964 0.997447610 0.048235774 0.162043154 0.998556793 0.053094149 -0.008078040 0.612061441
-0.010056162 0.045508943 -0.998913407 -4.916545868 -0.056325894 0.997351944 0.046004854 0.163857132 0.998361707 0.056727313 -0.007466202 0.610627174
-0.010438476 0.043998446 -0.998977065 -4.966852188 -0.059165090 0.997253954 0.044540789 0.165615276 0.998193502 0.059569500 -0.007806641 0.609521389
-0.011142991 0.044100873 -0.998964965 -5.018094540 -0.058627862 0.997279465 0.044680446 0.166192487 0.998217702 0.059065059 -0.008527135 0.608988523
-0.010969224 0.043305367 -0.999001682 -5.069552898 -0.056749124 0.997424603 0.043860119 0.167642027 0.998328209 0.057173584 -0.008483432 0.607886314
-0.012111233 0.043656897 -0.998973191 -5.120174408 -0.056864832 0.997399569 0.044277530 0.169208840 0.998308361 0.057342693 -0.009597197 0.607510149
-0.013214253 0.048647925 -0.998728573 -5.170643806 -0.056673739 0.997173727 0.049322039 0.170981571 0.998305202 0.057253443 -0.010419846 0.606962562
-0.013424516 0.052862208 -0.998511493 -5.222605228 -0.055232551 0.997037649 0.053526755 0.172485277 0.998383284 0.055868909 -0.010465034 0.605904341
-0.013766917 0.051772904 -0.998563886 -5.273093224 -0.055948958 0.997054160 0.052465975 0.174194872 0.998338759 0.056590904 -0.010829722 0.605123878
-0.012624137 0.050308745 -0.998653889 -5.324248314 -0.055426016 0.997162819 0.050934277 0.175872400 0.998382986 0.055994418 -0.009799905 0.604020715
-0.011613161 0.049772564 -0.998693049 -5.374935627 -0.054196835 0.997261047 0.050331414 0.177403137 0.998462737 0.054710507 -0.008883836 0.603432417
-0.010969262 0.049014285 -0.998737931 -5.425074577 -0.054735001 0.997271061 0.049543470 0.179123163 0.998440623 0.055209376 -0.008256531 0.602690279
-0.009490657 0.051054113 -0.998650789 -5.476253033 -0.054896232 0.997162998 0.051499762 0.180863708 0.998447061 0.055310931 -0.006661055 0.601285458
-0.009019554 0.054885466 -0.998451889 -5.526835918 -0.055626635 0.996918857 0.055303693 0.182605803 0.998410881 0.056039345 -0.005938669 0.601342976
-0.007248522 0.055672769 -0.998422801 -5.576845169 -0.057039578 0.996800363 0.055996403 0.184756890 0.998345613 0.057355508 -0.004049779 0.600357115
-0.006482569 0.053271368 -0.998559058 -5.627948284 -0.059859749 0.996768594 0.053564463 0.186439380 0.998185754 0.060120732 -0.003272810 0.600142360
-0.006265067 0.049830470 -0.998738050 -5.678089142 -0.058584917 0.997023821 0.050112445 0.188433468 0.998262763 0.058824938 -0.003327109 0.598998129
-0.006201183 0.048406411 -0.998808503 -5.727327824 -0.056204952 0.997231722 0.048678957 0.189720899 0.998399973 0.056439847 -0.003463338 0.598719478
-0.006275138 0.048357978 -0.998810351 -5.777546406 -0.054435331 0.997332454 0.048628420 0.191032499 0.998497605 0.054675721 -0.003626018 0.598155797
-0.006272260 0.048819143 -0.998787940 -5.827595711 -0.051652372 0.997458339 0.049078528 0.192269802 0.998645425 0.051897600 -0.003734694 0.597555339
-0.006553562 0.046825103 -0.998881519 -5.876538277 -0.050122447 0.997632086 0.047095373 0.194608659 0.998721600 0.050375026 -0.004191054 0.597465396
-0.005953444 0.046489619 -0.998901010 -5.926311493 -0.049084373 0.997701108 0.046726312 0.196642399 0.998776972 0.049308609 -0.003657843 0.596234977
-0.006246131 0.048846554 -0.998786747 -5.976509571 -0.047110163 0.997682810 0.049087178 0.198430061 0.998870194 0.047359616 -0.003930488 0.595854640
-0.006806648 0.050042737 -0.998723865 -6.025987148 -0.044768762 0.997730315 0.050298069 0.200318187 0.998974204 0.045054000 -0.004550848 0.595628321
-0.006200964 0.048728164 -0.998792827 -6.075467587 -0.042493302 0.997896969 0.048948277 0.201823458 0.999077499 0.042745531 -0.004117303 0.594711304
-0.006557169 0.049274471 -0.998763800 -6.124811172 -0.043469373 0.997827053 0.049513653 0.203391403 0.999033272 0.043740295 -0.004400990 0.594177783
-0.006696751 0.053965315 -0.998520374 -6.174180031 -0.044114497 0.997554660 0.054208986 0.204965308 0.999003947 0.044412252 -0.004299724 0.593859613
-0.006554021 0.060920499 -0.998121202 -6.224332333 -0.048589978 0.996944129 0.061167717 0.206588343 0.998797238 0.048899576 -0.003573868 0.593326449
-0.004928517 0.060690243 -0.998144507 -6.273828983 -0.053570498 0.996707261 0.060867362 0.208671242 0.998551905 0.053771082 -0.001661083 0.592264116
-0.003753764 0.057552587 -0.998335421 -6.322662830 -0.058075819 0.996644855 0.057673495 0.210508779 0.998305082 0.058195632 -0.000398756 0.591680110
-0.002191375 0.051481951 -0.998671532 -6.372187614 -0.059455268 0.996900499 0.051521119 0.212623864 0.998228550 0.059489187 0.000876291 0.591304362
-0.001181401 0.049847778 -0.998756170 -6.421252728 -0.062454499 0.996803403 0.049824201 0.214571923 0.998047113 0.062435679 0.001935594 0.590808213
-0.000196717 0.046797097 -0.998904526 -6.470634937 -0.056862973 0.997287631 0.046732552 0.215763271 0.998381972 0.056809857 0.002464838 0.590965927
-0.000431098 0.042300910 -0.999104798 -6.519383907 -0.053697683 0.997662544 0.042263005 0.217447847 0.998557210 0.053667825 0.001841370 0.591196775
-0.000104478 0.038751256 -0.999248862 -6.568230152 -0.047353711 0.998127699 0.038712729 0.218556017 0.998878300 0.047322176 0.001730733 0.590580940
-0.001698135 0.041439787 -0.999139607 -6.618201256 -0.045848545 0.998087108 0.041474063 0.220532194 0.998946965 0.045879513 0.000205067 0.591380358
-0.000906237 0.048325930 -0.998831213 -6.666557789 -0.045975119 0.997773290 0.048316464 0.221161962 0.998942137 0.045965165 0.001317570 0.590447009
0.001147510 0.051446065 -0.998675048 -6.716486454 -0.047144227 0.997568130 0.051334865 0.222863048 0.998887360 0.047022864 0.003570104 0.589761615
0.002515866 0.048337556 -0.998827875 -6.764968395 -0.047869496 0.997691810 0.048162002 0.224244326 0.998850346 0.047692217 0.004823953 0.590102851
0.004002472 0.048397921 -0.998820126 -6.815397739 -0.050256681 0.997575641 0.048136231 0.225999743 0.998728335 0.050004706 0.006425087 0.589389145
0.005028644 0.049458124 -0.998763561 -6.864374161 -0.048425756 0.997616410 0.049157493 0.227398977 0.998814166 0.048118688 0.007411703 0.589636683
0.005577745 0.047221802 -0.998868883 -6.913547516 -0.048485000 0.997722328 0.046896860 0.229230180 0.998808324 0.048168577 0.007854590 0.589277387
0.007439143 0.045507889 -0.998936296 -6.961591244 -0.049884688 0.997736990 0.045081761 0.231153950 0.998727262 0.049496248 0.009692456 0.589235008
0.009269317 0.047858354 -0.998811066 -7.008372307 -0.049991015 0.997627199 0.047337689 0.231603146 0.998706639 0.049492788 0.011639811 0.589230478
0.011046607 0.049707074 -0.998702824 -7.053498745 -0.050516572 0.997516155 0.049089245 0.232680619 0.998662114 0.049908768 0.013530198 0.588959754
0.011462210 0.051387426 -0.998613000 -7.098111629 -0.051163446 0.997400522 0.050737772 0.233708337 0.998624504 0.050510913 0.014061573 0.589292765
0.011359603 0.052394796 -0.998561800 -7.140758038 -0.050829329 0.997365415 0.051753789 0.234857753 0.998642743 0.050168324 0.013992869 0.589762747
0.011802578 0.053495623 -0.998498440 -7.184090614 -0.050809514 0.997309983 0.052831382 0.236237094 0.998638630 0.050109670 0.014488916 0.589465380
0.012255074 0.052553415 -0.998542905 -7.224899292 -0.051220145 0.997339845 0.051861484 0.237462178 0.998612225 0.050509952 0.014914266 0.589567721
0.014084975 0.052558966 -0.998518407 -7.264628887 -0.052096881 0.997299790 0.051759932 0.238316521 0.998542666 0.051290665 0.016785100 0.589386582
0.015150137 0.053659793 -0.998444259 -7.302396774 -0.053044014 0.997195899 0.052787825 0.239244238 0.998477221 0.052161753 0.017953986 0.590210080
0.014814648 0.051991060 -0.998537779 -7.341723442 -0.050908253 0.997391224 0.051176082 0.240199998 0.998593450 0.050075665 0.017422777 0.590258956
0.011955405 0.049226992 -0.998715997 -7.378580570 -0.048382375 0.997646034 0.048595071 0.240968332 0.998757362 0.047739279 0.014308981 0.590296388
0.006803733 0.045478761 -0.998942137 -7.416664600 -0.048346017 0.997812033 0.045098029 0.242013887 0.998807490 0.047988039 0.008987564 0.590774834
0.001806542 0.042502310 -0.999094665 -7.454087734 -0.049887106 0.997856200 0.042359419 0.242874429 0.998753190 0.049765423 0.003922986 0.590681612
-0.001916636 0.041447002 -0.999139011 -7.492042542 -0.052152358 0.997776985 0.041490547 0.244213536 0.998637319 0.052186970 0.000249184 0.590194643
-0.004293691 0.042568862 -0.999084294 -7.529345989 -0.054340232 0.997607410 0.042739466 0.244948521 0.998513341 0.054473981 -0.001970216 0.589314580
-0.007003673 0.043935128 -0.999009788 -7.566540718 -0.052903451 0.997618973 0.044244841 0.246042699 0.998575091 0.053160947 -0.004662677 0.589470148
-0.007536985 0.045094810 -0.998954237 -7.604176521 -0.050434865 0.997694016 0.045418449 0.247368276 0.998698950 0.050724439 -0.005245254 0.588498712
-0.009830453 0.045916758 -0.998896897 -7.640819073 -0.048051499 0.997769415 0.046337817 0.248005584 0.998796463 0.048454013 -0.007602156 0.588458657
-0.010691772 0.044565406 -0.998949230 -7.677754402 -0.048892487 0.997788191 0.045036901 0.249089614 0.998746812 0.049322639 -0.008489210 0.587880015
-0.011180349 0.043819465 -0.998976886 -7.714285851 -0.050664090 0.997731328 0.044331856 0.249920323 0.998653173 0.051107898 -0.008934910 0.587095797
-0.011108427 0.042322047 -0.999042273 -7.751167297 -0.054612994 0.997587025 0.042867638 0.251477182 0.998445809 0.055036880 -0.008770289 0.586386025
-0.009950827 0.042026863 -0.999066949 -7.787725925 -0.056793850 0.997479856 0.042525768 0.251549959 0.998336315 0.057164021 -0.007538883 0.585361481
-0.008389826 0.038657721 -0.999217272 -7.824464321 -0.056665886 0.997628331 0.039072037 0.252877593 0.998358011 0.056949332 -0.006179354 0.584481180
-0.008412415 0.036897607 -0.999283671 -7.861738682 -0.056730647 0.997691751 0.037316419 0.253396928 0.998354077 0.057003919 -0.006299773 0.584281027
-0.007205890 0.036694076 -0.999300539 -7.899634838 -0.056557842 0.997711897 0.037043564 0.254166812 0.998373389 0.056785211 -0.005114065 0.583465219
-0.007066226 0.039670434 -0.999187946 -7.937342644 -0.054126050 0.997732759 0.039995451 0.254937798 0.998509109 0.054364704 -0.004903001 0.583391428
-0.007054818 0.041131433 -0.999128819 -7.975769043 -0.053323738 0.997716665 0.041449811 0.255760372 0.998552322 0.053569704 -0.004845428 0.582997799
-0.006004955 0.037557922 -0.999276400 -8.013609886 -0.048536140 0.998105645 0.037805595 0.256679714 0.998803318 0.048728038 -0.004170663 0.582729757
-0.006125383 0.034174051 -0.999397099 -8.052065849 -0.047027569 0.998300254 0.034424782 0.257729083 0.998874843 0.047210086 -0.004507849 0.582525253
-0.005186264 0.034277990 -0.999398887 -8.090520859 -0.052106675 0.998045266 0.034501974 0.258909732 0.998628020 0.052254282 -0.003390014 0.581563354
-0.002582869 0.038844205 -0.999241948 -8.129410744 -0.053322501 0.997818291 0.038926706 0.259812474 0.998573959 0.053382613 -0.000505963 0.580213249
-0.001905251 0.038068891 -0.999273300 -8.169268608 -0.051451247 0.997947872 0.038116489 0.260679930 0.998673677 0.051486474 0.000057350 0.580858648
-0.000041179 0.039394930 -0.999223709 -8.209305763 -0.049901150 0.997978747 0.039347902 0.261904120 0.998754263 0.049864028 0.001924757 0.581017375
0.001652443 0.044478476 -0.999008954 -8.249642372 -0.050593104 0.997734666 0.044338055 0.262892127 0.998717964 0.050469693 0.003899003 0.580997646
0.003473995 0.048739292 -0.998805463 -8.290169716 -0.048247773 0.997656405 0.048515409 0.264056146 0.998829365 0.048021596 0.005817416 0.580806017
0.004535853 0.049456514 -0.998766005 -8.330351830 -0.047127068 0.997676969 0.049188573 0.265470922 0.998878598 0.046845801 0.006856058 0.581205249
0.006623218 0.049960118 -0.998729229 -8.371632576 -0.051293477 0.997453451 0.049556140 0.267187774 0.998661637 0.050900076 0.009168981 0.581074357
0.010434618 0.051219501 -0.998632848 -8.412907600 -0.054299798 0.997242689 0.050580833 0.268925160 0.998470128 0.053697772 0.013187057 0.580730379
0.014128302 0.052064218 -0.998543799 -8.454696655 -0.055663481 0.997135818 0.051203236 0.270367265 0.998349726 0.054859001 0.016985914 0.580786288
0.016654586 0.049352817 -0.998642564 -8.496537209 -0.058564153 0.997114480 0.048300605 0.271965802 0.998144686 0.057680227 0.019496834 0.581422150
0.019894518 0.046322349 -0.998728395 -8.538541794 -0.058029812 0.997295558 0.045099951 0.273486078 0.998116612 0.057058785 0.022528790 0.581853151
0.021278415 0.045237944 -0.998749614 -8.580869675 -0.057249416 0.997391760 0.043956742 0.274901927 0.998133063 0.056242500 0.023812756 0.582850218
0.022789104 0.047596198 -0.998606622 -8.623577118 -0.057788264 0.997258663 0.046213172 0.276244462 0.998068690 0.056654584 0.025477134 0.583650947
0.024320848 0.051071212 -0.998398781 -8.666648865 -0.059503976 0.996997535 0.049550019 0.277546436 0.997931719 0.058203604 0.027286764 0.584387183
0.025540713 0.050571285 -0.998393774 -8.710157394 -0.058842260 0.997064054 0.048998632 0.279116869 0.997940481 0.057496294 0.028441459 0.585504532
0.027666256 0.048102621 -0.998459101 -8.753028870 -0.058198359 0.997224748 0.046430536 0.280633271 0.997921586 0.056824122 0.030388968 0.586026073
