0.999998748 0.001069221 0.001131815 -0.000393481 -0.001073332 0.999992788 0.003637705 -0.001000008 -0.001127917 -0.003638916 0.999992728 0.058960527
0.999996841 0.001233086 0.002183223 -0.000016192 -0.001248848 0.999973059 0.007232654 -0.001080258 -0.002174246 -0.007235358 0.999971449 0.089317895
0.999993205 0.000002349 0.003690297 -0.000189064 -0.000043567 0.999937713 0.011169205 -0.001883128 -0.003690041 -0.011169291 0.999930799 0.113925584
0.999985397 -0.000472614 0.005388930 -0.000368023 0.000401572 0.999913096 0.013176553 -0.002009686 -0.005394689 -0.013174196 0.999898672 0.143462121
0.999981880 -0.000061477 0.006019249 -0.000180918 -0.000018356 0.999912083 0.013262106 -0.002652152 -0.006019535 -0.013261979 0.999893963 0.164653435
0.999972641 0.000896868 0.007337269 -0.000463792 -0.000978521 0.999937594 0.011132581 -0.003205765 -0.007326826 -0.011139455 0.999911129 0.188250318
0.999963880 0.000893347 0.008449845 -0.000268868 -0.000959480 0.999968886 0.007825699 -0.003247164 -0.008442589 -0.007833523 0.999933660 0.210097700
0.999948621 -0.000828991 0.010094633 0.000065094 0.000764049 0.999978960 0.006435459 -0.003559772 -0.010099757 -0.006427417 0.999928296 0.231280625
0.999916673 -0.004535449 0.012086225 0.000271776 0.004488420 0.999982238 0.003915376 -0.003784082 -0.012103768 -0.003860801 0.999919295 0.251349390
0.999886513 -0.006498754 0.013597024 0.001055022 0.006458196 0.999974549 0.003024674 -0.004148937 -0.013616335 -0.002936518 0.999902964 0.271060765
0.999873519 -0.002194305 0.015752766 0.001033699 0.002181280 0.999997199 0.000843960 -0.004502746 -0.015754577 -0.000809492 0.999875546 0.287987024
0.999816298 0.002276707 0.019029623 0.000720929 -0.002274165 0.999997377 -0.000155214 -0.004751566 -0.019029927 0.000111909 0.999818861 0.304195017
0.999748349 0.002688586 0.022276187 0.001273362 -0.002717818 0.999995470 0.001282081 -0.005360774 -0.022272645 -0.001342300 0.999751031 0.318981290
0.999673545 -0.001433249 0.025510605 0.001782588 0.001391154 0.999997675 0.001667756 -0.005450864 -0.025512937 -0.001631722 0.999673188 0.333000273
0.999591768 -0.006192177 0.027892498 0.002749324 0.006147420 0.999979675 0.001690082 -0.005816117 -0.027902389 -0.001517925 0.999609590 0.344779640
0.999499261 -0.009756906 0.030101277 0.003345095 0.009671208 0.999948800 0.002991289 -0.006046648 -0.030128920 -0.002698675 0.999542415 0.355714202
0.999411106 -0.009954065 0.032842290 0.003738476 0.009827607 0.999943614 0.004009646 -0.006239466 -0.032880355 -0.003684523 0.999452531 0.365466326
0.999343157 -0.008915511 0.035125829 0.004089506 0.008824912 0.999957263 0.002733512 -0.006230645 -0.035148703 -0.002421734 0.999379158 0.374680191
0.999268115 -0.008419548 0.037314303 0.004272573 0.008368924 0.999963820 0.001512659 -0.006601638 -0.037325688 -0.001199271 0.999302447 0.382046849
0.999191463 -0.005959271 0.039761379 0.004408193 0.005942016 0.999982238 0.000552113 -0.006709706 -0.039763968 -0.000315404 0.999209046 0.389243007
0.999130011 -0.003293330 0.041571923 0.004652455 0.003292297 0.999994516 0.000093312 -0.007058474 -0.041572001 0.000043636 0.999135494 0.396408349
0.999061823 -0.001980007 0.043261759 0.004644574 0.002030050 0.999997318 -0.001112832 -0.007470925 -0.043259442 0.001199612 0.999063134 0.402942449
0.998999894 -0.003022902 0.044609513 0.005393494 0.003150705 0.999991119 -0.002794896 -0.007686150 -0.044600673 0.002932652 0.999000549 0.409291416
0.998915970 -0.004125939 0.046366055 0.005749897 0.004335210 0.999980867 -0.004413813 -0.007692093 -0.046346955 0.004610035 0.998914778 0.415680736
0.998844206 -0.004993184 0.047804914 0.005914253 0.005253687 0.999972045 -0.005325182 -0.007919622 -0.047776986 0.005570180 0.998842478 0.421364844
0.998779058 -0.004481800 0.049199421 0.006402071 0.004821497 0.999965310 -0.006787970 -0.008065971 -0.049167302 0.007016896 0.998765886 0.426894754
0.998712242 -0.003474449 0.050614327 0.006576334 0.003927781 0.999952912 -0.008859871 -0.008090561 -0.050581165 0.009047264 0.998678923 0.432393193
0.998678029 -0.003337932 0.051296130 0.006900368 0.003897767 0.999933839 -0.010817626 -0.008415068 -0.051256631 0.011003263 0.998624861 0.437756538
0.998618424 -0.004151488 0.052383799 0.007016920 0.004845165 0.999902070 -0.013122167 -0.008609439 -0.052324198 0.013357843 0.998540759 0.442954451
0.998663068 -0.005014741 0.051449433 0.007709448 0.005789752 0.999871790 -0.014925573 -0.008876335 -0.051367987 0.015203498 0.998564005 0.448236912
0.998765409 -0.005995740 0.049312688 0.007868474 0.006783646 0.999851644 -0.015825937 -0.009171611 -0.049210485 0.016140915 0.998657942 0.453743905
0.998884082 -0.005672025 0.046884418 0.007616121 0.006478913 0.999833107 -0.017076161 -0.009036230 -0.046779737 0.017360868 0.998754263 0.458775938
0.999055386 -0.004949213 0.043170467 0.007381349 0.005737729 0.999818504 -0.018160442 -0.009281372 -0.043072756 0.018390987 0.998902619 0.464143246
0.999275208 -0.005000669 0.037732903 0.007007694 0.005728811 0.999798894 -0.019213919 -0.009586026 -0.037629232 0.019416161 0.999103010 0.469429374
0.999519050 -0.004996346 0.030606704 0.007251879 0.005603670 0.999788463 -0.019789301 -0.009697489 -0.030501353 0.019951297 0.999335587 0.474523634
0.999711871 -0.004713366 0.023536662 0.006975128 0.005213858 0.999760628 -0.021248437 -0.009569718 -0.023430871 0.021365033 0.999497116 0.479372501
0.999876380 -0.005226448 0.014831984 0.007221939 0.005552077 0.999742508 -0.021998886 -0.009785238 -0.014713185 0.022078514 0.999647975 0.485202998
0.999966383 -0.006330660 0.005217524 0.006489781 0.006450456 0.999708354 -0.023272535 -0.009904406 -0.005068669 0.023305407 0.999715507 0.491070867
0.999939084 -0.007601128 -0.008005423 0.006123987 0.007395796 0.999650717 -0.025373945 -0.009840603 0.008195497 0.025313195 0.999645948 0.497410506
0.999669075 -0.008730384 -0.024197912 0.005388097 0.008069563 0.999595463 -0.027273426 -0.010099733 0.024426229 0.027069133 0.999335110 0.504255354
0.999021351 -0.008304183 -0.043444060 0.004352661 0.007073778 0.999571741 -0.028399099 -0.010366585 0.043661274 0.028063992 0.998652160 0.511046529
0.997844815 -0.007617189 -0.065175056 0.002674270 0.005796266 0.999588907 -0.028082583 -0.010639493 0.065362170 0.027644290 0.997478545 0.519037962
0.996046245 -0.006615642 -0.088589497 0.001000673 0.004262146 0.999633610 -0.026729167 -0.010975441 0.088733889 0.026245903 0.995709479 0.527291119
0.993219554 -0.005952118 -0.116101064 -0.000717942 0.002991222 0.999666154 -0.025660338 -0.011118782 0.116215043 0.025139064 0.992905915 0.536523461
0.989281118 -0.005040742 -0.145937413 -0.003589787 0.001580291 0.999715090 -0.023818115 -0.011538898 0.146015882 0.023332184 0.989006996 0.546121240
0.983880818 -0.004812891 -0.178760573 -0.006532334 0.001162430 0.999788761 -0.020520084 -0.011859703 0.178821534 0.019981517 0.983678579 0.556061804
0.976428509 -0.003691459 -0.215809703 -0.010146104 0.000083093 0.999860048 -0.016726814 -0.012127031 0.215841249 0.016314602 0.976292133 0.566638172
0.966632426 -0.002703141 -0.256152958 -0.013637558 -0.000382866 0.999927998 -0.011996884 -0.012118442 0.256166935 0.011694648 0.966561794 0.576931298
0.954801738 0.001334706 -0.297240406 -0.019135118 -0.003625846 0.999967813 -0.007156835 -0.012723982 0.297221333 0.007911108 0.954775870 0.588330865
0.940448821 0.004531945 -0.339905024 -0.024098143 -0.006050896 0.999975860 -0.003408960 -0.012663038 0.339881390 0.005262683 0.940453649 0.599425435
0.923882365 0.006702100 -0.382617772 -0.031150505 -0.006486091 0.999977171 0.001854492 -0.012894124 0.382621467 0.000768362 0.923904896 0.611501813
0.904523849 0.010751825 -0.426287323 -0.038397551 -0.007558158 0.999929190 0.009182842 -0.013291395 0.426355928 -0.005084154 0.904541135 0.623640180
0.882592320 0.015186688 -0.469893813 -0.046233222 -0.008807924 0.999836743 0.015770379 -0.013576067 0.470056683 -0.009780026 0.882582128 0.635261178
0.857938409 0.020156760 -0.513356924 -0.054711878 -0.011507148 0.999733210 0.020023022 -0.013718106 0.513623655 -0.011271246 0.857941508 0.646295488
0.830170214 0.023222167 -0.557026148 -0.065630674 -0.012575295 0.999657869 0.022933548 -0.013596603 0.557368159 -0.012033978 0.830178261 0.659128070
0.799227238 0.026573647 -0.600441158 -0.076109588 -0.015338522 0.999598503 0.023822499 -0.013480091 0.600833058 -0.009829711 0.799314022 0.670524895
0.765309334 0.029209169 -0.642999530 -0.087972730 -0.016108699 0.999526143 0.026232034 -0.013076407 0.643461049 -0.009717735 0.765417278 0.682267964
0.728351235 0.032886676 -0.684414268 -0.101536125 -0.017346576 0.999412358 0.029562434 -0.012532130 0.684984386 -0.009659593 0.728493631 0.694217086
0.689122915 0.033633221 -0.723863423 -0.115894347 -0.015328663 0.999375343 0.031841472 -0.011887178 0.724482298 -0.010846833 0.689208090 0.706099808
0.648006499 0.032897349 -0.760923982 -0.131611407 -0.012344686 0.999389172 0.032694217 -0.011418793 0.761534810 -0.011792699 0.648016751 0.717910647
0.605769515 0.032580689 -0.794972777 -0.148236394 -0.007694039 0.999354422 0.035094079 -0.011485491 0.795602977 -0.015142376 0.605629086 0.728521943
0.560860276 0.032777131 -0.827261329 -0.165851027 -0.003571523 0.999302506 0.037172221 -0.011079660 0.827902734 -0.017893840 0.560586214 0.739063382
0.514337480 0.033728257 -0.856924415 -0.185231179 -0.002083925 0.999272525 0.038080230 -0.010083964 0.857585371 -0.017800322 0.514033616 0.749028206
0.464972019 0.033538643 -0.884689867 -0.205451280 -0.001002201 0.999301493 0.037356850 -0.009428324 0.885324836 -0.016483249 0.464680851 0.757583976
0.412941784 0.032833450 -0.910165429 -0.226849556 0.003675842 0.999281764 0.037715971 -0.009070283 0.910750091 -0.018920124 0.412524521 0.765738547
0.359087884 0.031364962 -0.932776570 -0.249910146 0.008509144 0.999283731 0.036877017 -0.008003483 0.933264971 -0.021179218 0.358563691 0.773279130
0.304144591 0.029974954 -0.952154160 -0.273976266 0.010273926 0.999343514 0.034742307 -0.006900767 0.952570438 -0.020349048 0.303637028 0.780103445
0.252532095 0.036203448 -0.966910958 -0.299948990 0.010510060 0.999138296 0.040155072 -0.006044123 0.967531383 -0.020302741 0.251933992 0.784416974
0.201732248 0.041771356 -0.978549600 -0.326501191 0.013342743 0.998880267 0.045389883 -0.005348081 0.979349732 -0.022213141 0.200949058 0.788231373
0.152929708 0.042588148 -0.987319112 -0.354620039 0.017921744 0.998787165 0.045858808 -0.004335890 0.988074541 -0.024707651 0.151981026 0.791902423
0.109300032 0.044300009 -0.993021190 -0.383250445 0.019812400 0.998710811 0.046734549 -0.003864057 0.993811309 -0.024782216 0.108281434 0.793691039
0.067398161 0.042598546 -0.996816337 -0.413928270 0.020349210 0.998821616 0.044060122 -0.002831656 0.997518599 -0.023253992 0.066451892 0.795478582
0.031990282 0.037993528 -0.998765767 -0.445205450 0.017199842 0.999108374 0.038557466 -0.001362467 0.999340177 -0.018412080 0.031308267 0.795206904
0.004033003 0.038137216 -0.999264359 -0.477336347 0.014757373 0.999161482 0.038192842 -0.000133939 0.999882877 -0.014900549 0.003466817 0.793827236
-0.017730460 0.042353049 -0.998945296 -0.510267198 0.013542319 0.999020934 0.042115882 0.000805467 0.999751091 -0.012781305 -0.018286657 0.793056011
-0.029566707 0.049188927 -0.998351812 -0.544585347 0.015492303 0.998690963 0.048746824 0.001608752 0.999442756 -0.014025486 -0.030290054 0.791260123
-0.038784470 0.050874658 -0.997951686 -0.583162248 0.014464727 0.998627067 0.050346922 0.003597500 0.999142826 -0.012482422 -0.039467104 0.790296316
-0.042316440 0.048074339 -0.997946978 -0.619445920 0.015921135 0.998747349 0.047437780 0.004995853 0.998977363 -0.013881051 -0.043028824 0.788500547
-0.039820127 0.044564344 -0.998212576 -0.657358825 0.023606099 0.998768091 0.043647453 0.006269908 0.998928010 -0.021825857 -0.040823057 0.786214352
-0.037915554 0.042482093 -0.998377502 -0.697904110 0.034761522 0.998547316 0.041169181 0.008055715 0.998676121 -0.033144169 -0.039337218 0.786285162
-0.031098876 0.042239007 -0.998623431 -0.737422645 0.033944521 0.998574972 0.041179869 0.009982985 0.998939753 -0.032617148 -0.032488339 0.784401178
-0.026979635 0.041348312 -0.998780489 -0.779676259 0.033458225 0.998621821 0.040437944 0.010510443 0.999075890 -0.032326423 -0.028325889 0.783598840
-0.023261964 0.034817811 -0.999123037 -0.820730805 0.036535997 0.998755455 0.033954356 0.011954304 0.999061525 -0.035714108 -0.024505114 0.782367289
-0.021595467 0.024226604 -0.999473214 -0.864806414 0.035184126 0.999105513 0.023457473 0.012805624 0.999147475 -0.034659017 -0.022428541 0.781420410
-0.020248367 0.015308263 -0.999677718 -0.907263398 0.026655601 0.999535620 0.014766180 0.014371751 0.999439597 -0.026348017 -0.020647015 0.779234588
-0.022332860 0.013063367 -0.999665260 -0.955217302 0.021850860 0.999682128 0.012575434 0.014263318 0.999511778 -0.021562699 -0.022611206 0.778234303
-0.025836339 0.018758070 -0.999490142 -1.001347423 0.012393800 0.999753058 0.018442631 0.015008260 0.999589264 -0.011910993 -0.026062444 0.776501000
-0.030246511 0.027394343 -0.999167025 -1.050243735 0.007554846 0.999602079 0.027177580 0.015315551 0.999513924 -0.006726526 -0.030441441 0.773654997
-0.034217510 0.036756784 -0.998738229 -1.099014521 0.005731170 0.999314189 0.036581628 0.016803056 0.999397993 -0.004472206 -0.034404710 0.771127403
-0.035928093 0.046863563 -0.998254955 -1.147824764 0.004523220 0.998897314 0.046730921 0.018207841 0.999343991 -0.002836375 -0.036100455 0.769480526
-0.037447929 0.054586895 -0.997806549 -1.199198246 0.006687940 0.998498201 0.054373741 0.019844774 0.999276221 -0.004637086 -0.037756756 0.767272413
-0.038748201 0.055397026 -0.997712255 -1.248649955 0.007738432 0.998448789 0.055137385 0.021955729 0.999219120 -0.005584255 -0.039116777 0.765292048
-0.040416956 0.052591421 -0.997797847 -1.298641443 0.006536061 0.998606384 0.052369289 0.023995657 0.999161541 -0.004405060 -0.040704362 0.762909710
-0.043822188 0.047651839 -0.997902274 -1.351816058 0.006127506 0.998855829 0.047428299 0.025898620 0.999020517 -0.004036241 -0.044064038 0.760750353
-0.048082512 0.042430717 -0.997941792 -1.401559353 0.006051467 0.999091268 0.042188033 0.027574452 0.998825014 -0.004010506 -0.048295584 0.758110106
-0.054033279 0.037591532 -0.997831345 -1.453545451 0.006324277 0.999283969 0.037303794 0.029181389 0.998519182 -0.004294916 -0.054232329 0.755642533
-0.060952764 0.035804659 -0.997498274 -1.507480264 0.005279440 0.999354005 0.035548665 0.030710001 0.998126686 -0.003099443 -0.061102416 0.751819015
-0.067612924 0.038289916 -0.996976614 -1.559135318 0.004369226 0.999265075 0.038081497 0.032141790 0.997702122 -0.001781215 -0.067730539 0.748473048
-0.073286146 0.042813238 -0.996391535 -1.610235810 0.002663884 0.999082923 0.042732947 0.033942845 0.997307360 0.000477461 -0.073332995 0.743326068
-0.079947948 0.045869749 -0.995743096 -1.666604161 0.000931345 0.998943567 0.045942411 0.035869047 0.996798575 0.002745622 -0.079906218 0.738997221
-0.084670156 0.047839947 -0.995259881 -1.719275594 -0.002438768 0.998833716 0.048219204 0.037851356 0.996406078 0.006509936 -0.084454730 0.734052539
-0.086958848 0.049215175 -0.994995475 -1.771765351 -0.007064675 0.998723269 0.050016996 0.039575964 0.996186793 0.011378743 -0.086500153 0.729036748
-0.089299589 0.050443795 -0.994726539 -1.827209473 -0.010604311 0.998611927 0.051592808 0.042006101 0.995948315 0.015155607 -0.088640697 0.724137664
-0.090494141 0.050210532 -0.994630456 -1.879788518 -0.011775501 0.998604536 0.051482517 0.043639123 0.995827377 0.016371138 -0.089776598 0.718175828
-0.091781616 0.049444262 -0.994550884 -1.933592796 -0.012906548 0.998623550 0.050837811 0.045214370 0.995695531 0.017502196 -0.091017120 0.713295817
-0.093290500 0.048442349 -0.994459867 -1.989063025 -0.013417011 0.998663783 0.049905796 0.047967121 0.995548546 0.017998414 -0.092515886 0.708065271
-0.094196111 0.047382034 -0.994425476 -2.042128325 -0.016258305 0.998660266 0.049123876 0.050156016 0.995420873 0.020794952 -0.093299568 0.702794552
-0.094516799 0.044408731 -0.994532347 -2.095969915 -0.021288514 0.998685896 0.046617392 0.052315287 0.995295584 0.025578242 -0.093447208 0.696747780
-0.095729671 0.039024256 -0.994642138 -2.153353453 -0.026113905 0.998788834 0.041700292 0.055313818 0.995064735 0.029965946 -0.094594657 0.691838801
-0.095043138 0.038377952 -0.994733095 -2.208440542 -0.027395735 0.998777211 0.041151538 0.057193570 0.995096087 0.031162614 -0.093875527 0.686875999
-0.093137205 0.042829931 -0.994731784 -2.262536764 -0.028176839 0.998560846 0.045633014 0.058639899 0.995254457 0.032278527 -0.091796361 0.681313992
-0.091518320 0.046403397 -0.994721651 -2.319249630 -0.028096564 0.998395622 0.049159780 0.059441660 0.995406926 0.032447286 -0.090067714 0.675819755
-0.090136833 0.045620117 -0.994884074 -2.375161648 -0.026608253 0.998483419 0.048195887 0.061922476 0.995573938 0.030816354 -0.088786267 0.670742273
-0.086937651 0.045228597 -0.995186567 -2.428248405 -0.025839752 0.998530447 0.047637876 0.063396126 0.995878637 0.029856903 -0.085641183 0.664541185
-0.083536431 0.045467842 -0.995466888 -2.487245798 -0.029811334 0.998397410 0.048103366 0.065820359 0.996058702 0.033694580 -0.082047112 0.660587549
-0.077454120 0.045820314 -0.995942414 -2.544477224 -0.035530895 0.998181999 0.048686579 0.068408631 0.996362627 0.039157707 -0.075685285 0.655063391
-0.071148321 0.045350067 -0.996434212 -2.598967791 -0.039304122 0.998062670 0.048230603 0.070100859 0.996691048 0.042595498 -0.069228038 0.650168300
-0.065749086 0.044430953 -0.996846497 -2.656975985 -0.040603414 0.998061597 0.047163185 0.072393283 0.997009754 0.043576308 -0.063817590 0.645946980
-0.059337214 0.043735947 -0.997279406 -2.713200092 -0.040186796 0.998125255 0.046164110 0.074176222 0.997428775 0.042816710 -0.057468351 0.641488492
-0.053633235 0.042397503 -0.997660220 -2.770146370 -0.038600065 0.998263419 0.044498246 0.077261664 0.997814417 0.040896330 -0.051903557 0.637591660
-0.048805643 0.043535240 -0.997859001 -2.828045845 -0.037707917 0.998257101 0.045396917 0.078523405 0.998096228 0.039842814 -0.047078960 0.634968758
-0.042252894 0.045716364 -0.998060465 -2.885229111 -0.036567710 0.998212457 0.047271423 0.079780795 0.998437524 0.038494132 -0.040505622 0.631155133
-0.037720371 0.046230607 -0.998218358 -2.943253994 -0.037550118 0.998158216 0.047646753 0.082465202 0.998582602 0.039280470 -0.035914939 0.629898071
-0.031743772 0.045514543 -0.998459160 -3.000353575 -0.037462816 0.998206556 0.046694070 0.084137037 0.998793721 0.038887333 -0.029981734 0.627024829
-0.026522312 0.040677685 -0.998820245 -3.057413816 -0.037492380 0.998428166 0.041657280 0.086378537 0.998944938 0.038552992 -0.024955522 0.625198662
-0.022878453 0.035802022 -0.999096990 -3.115971565 -0.036914583 0.998646796 0.036631197 0.087276563 0.999056458 0.037719321 -0.021525884 0.624250948
-0.018300705 0.035032347 -0.999218583 -3.172780752 -0.037154354 0.998671830 0.035693664 0.088665165 0.999141991 0.037778534 -0.016974796 0.621919930
-0.015619202 0.037399407 -0.999178350 -3.232683897 -0.036322266 0.998619378 0.037946284 0.090119414 0.999218047 0.036885105 -0.014239207 0.621540368
-0.013423454 0.036730923 -0.999235034 -3.290382624 -0.037033156 0.998621166 0.037205853 0.092097677 0.999223888 0.037504256 -0.012044684 0.620223939
-0.012405767 0.037033767 -0.999237120 -3.349216223 -0.038500603 0.998555183 0.037486494 0.092709608 0.999181569 0.038936269 -0.010962020 0.619048595
-0.010774029 0.038101174 -0.999215782 -3.407952070 -0.039974589 0.998458564 0.038503334 0.093927830 0.999142647 0.040358070 -0.009234344 0.616950452
-0.010523843 0.037407011 -0.999244690 -3.468530416 -0.040620256 0.998459280 0.037805405 0.095528543 0.999119222 0.040987447 -0.008988147 0.616933882
-0.008616743 0.035866797 -0.999319375 -3.527754545 -0.040710267 0.998515427 0.036188960 0.096350208 0.999133825 0.040994395 -0.007143805 0.614843249
-0.008901598 0.033949424 -0.999383926 -3.588331223 -0.039480817 0.998632312 0.034275550 0.098292246 0.999180615 0.039761610 -0.007549075 0.615410745
-0.006433081 0.033866990 -0.999405563 -3.646188736 -0.036320597 0.998758912 0.034078870 0.099274352 0.999319494 0.036518250 -0.005195028 0.612580180
-0.008619512 0.034644783 -0.999362528 -3.708392382 -0.033632126 0.998824179 0.034916196 0.100570269 0.999397039 0.033911642 -0.007444202 0.614216924
-0.008009994 0.036777847 -0.999291301 -3.769150734 -0.034641962 0.998713434 0.037034247 0.102049150 0.999367654 0.034914050 -0.006725632 0.612777710
-0.008993641 0.041300483 -0.999106288 -3.828614950 -0.035274364 0.998511732 0.041593436 0.102895349 0.999337196 0.035616923 -0.007523408 0.613312006
-0.007304437 0.041468058 -0.999113142 -3.885159969 -0.037684679 0.998418689 0.041714739 0.104287565 0.999262989 0.037955970 -0.005730174 0.612378120
-0.007156083 0.038804233 -0.999221206 -3.947014570 -0.038757939 0.998485208 0.039053220 0.105956465 0.999222994 0.039007220 -0.005641271 0.610956311
-0.005931158 0.036779482 -0.999305785 -4.006225109 -0.039320160 0.998541892 0.036984745 0.106684282 0.999209046 0.039512213 -0.004476335 0.609069407
-0.007568216 0.035446383 -0.999342859 -4.066994667 -0.036230449 0.998705685 0.035698157 0.108718984 0.999314785 0.036476817 -0.006274180 0.609842658
-0.007452129 0.037341326 -0.999274790 -4.126630306 -0.035282601 0.998670578 0.037581868 0.109266520 0.999349594 0.035537083 -0.006124722 0.608950555
-0.006908161 0.039986584 -0.999176323 -4.185613632 -0.034767486 0.998586476 0.040203363 0.110710986 0.999371529 0.035016574 -0.005508163 0.608394563
-0.006343230 0.042161167 -0.999090612 -4.245016575 -0.035553731 0.998469591 0.042360686 0.112110019 0.999347627 0.035790112 -0.004834535 0.607429624
-0.006570264 0.043048035 -0.999051392 -4.304157734 -0.036555111 0.998394847 0.043260153 0.113193661 0.999310076 0.036804665 -0.004986092 0.607074976
-0.005761642 0.040273998 -0.999171972 -4.363580704 -0.036493190 0.998514593 0.040457927 0.114973605 0.999317229 0.036696084 -0.004283356 0.605966091
-0.004866596 0.038695481 -0.999239206 -4.422466755 -0.035101842 0.998628616 0.038842786 0.116475150 0.999371886 0.035264168 -0.003501640 0.604916632
-0.005621105 0.039971117 -0.999185026 -4.480861187 -0.033311430 0.998638749 0.040136658 0.117846504 0.999429226 0.033509891 -0.004281959 0.605321050
-0.004802794 0.043254483 -0.999052465 -4.539710045 -0.030940793 0.998579264 0.043382730 0.118921295 0.999509692 0.031119833 -0.003457643 0.604795456
-0.004301234 0.044888213 -0.998982728 -4.597934723 -0.029292967 0.998557627 0.044995230 0.121612914 0.999561548 0.029456707 -0.002980121 0.603497922
-0.004674944 0.047296833 -0.998869896 -4.656846523 -0.029536165 0.998438537 0.047414638 0.122243203 0.999552727 0.029724455 -0.003270677 0.603732049
-0.003367023 0.049317684 -0.998777449 -4.715923309 -0.032538373 0.998248875 0.049401272 0.123940006 0.999464810 0.032664929 -0.001756409 0.602078080
-0.002613256 0.048166752 -0.998835862 -4.773947716 -0.035008207 0.998222768 0.048228770 0.126245335 0.999383628 0.035093490 -0.000922380 0.601524889
-0.003047322 0.044598099 -0.999000311 -4.832783699 -0.036495924 0.998334646 0.044679698 0.127323851 0.999329090 0.036595594 -0.001414598 0.600652933
-0.002122298 0.043175291 -0.999065161 -4.890654564 -0.038510814 0.998322845 0.043225016 0.128778607 0.999255896 0.038566560 -0.000456022 0.599411607
-0.002504185 0.042272832 -0.999103010 -4.948706150 -0.038614172 0.998356879 0.042338055 0.129334658 0.999251068 0.038685560 -0.000867740 0.599725127
-0.002103308 0.041944440 -0.999117672 -5.007233143 -0.036964588 0.998433828 0.041993551 0.131675750 0.999314368 0.037020292 -0.000549555 0.598629296
-0.001025655 0.043484934 -0.999053478 -5.066226959 -0.036855388 0.998373687 0.043493178 0.133705229 0.999320090 0.036865115 0.000578667 0.597376287
-0.001634911 0.045697287 -0.998953998 -5.124458790 -0.035067320 0.998338282 0.045726519 0.135032758 0.999383628 0.035105400 -0.000029713 0.597836137
-0.002310883 0.044344328 -0.999013603 -5.182440758 -0.038050279 0.998288870 0.044400174 0.137027085 0.999273241 0.038115349 -0.000619615 0.597469151
-0.003148808 0.046572585 -0.998909950 -5.240062237 -0.042774692 0.997994363 0.046664722 0.137730733 0.999079764 0.042875003 -0.001150365 0.596847594
-0.002838699 0.045348883 -0.998967230 -5.298896790 -0.045650180 0.997923911 0.045431238 0.139683217 0.998953462 0.045731999 -0.000762621 0.596080661
-0.002700599 0.042222418 -0.999104559 -5.359675884 -0.047409914 0.997979343 0.042303015 0.141322613 0.998871863 0.047481708 -0.000693380 0.594777405
-0.003207132 0.038890164 -0.999238372 -5.420166492 -0.048445884 0.998064160 0.038999956 0.142508864 0.998820722 0.048534069 -0.001316854 0.594016194
-0.004044246 0.037551787 -0.999286413 -5.479083061 -0.044807635 0.998284161 0.037695464 0.144346923 0.998987436 0.044928119 -0.002354700 0.593656838
-0.004842771 0.035102058 -0.999371946 -5.539719105 -0.038113754 0.998651087 0.035261426 0.147126526 0.999261677 0.038260583 -0.003498367 0.593858898
-0.004651241 0.038165696 -0.999260604 -5.601346970 -0.038809374 0.998511672 0.038317744 0.147879332 0.999235809 0.038958896 -0.003163131 0.592504859
-0.005359421 0.042600662 -0.999077797 -5.662072659 -0.037996352 0.998362005 0.042773969 0.148845226 0.999263525 0.038190555 -0.003731972 0.591905355
-0.005716598 0.042136893 -0.999095500 -5.725456238 -0.036306553 0.998444319 0.042317163 0.151155755 0.999324262 0.036515620 -0.004177859 0.591406405
-0.006424458 0.038272545 -0.999246716 -5.786585808 -0.036455851 0.998594046 0.038481940 0.152363062 0.999314487 0.036675610 -0.005020169 0.590665460
-0.006945763 0.034487918 -0.999380946 -5.849748135 -0.036587503 0.998727143 0.034719639 0.154026121 0.999306321 0.036806010 -0.005675096 0.589940012
-0.007593916 0.033165164 -0.999421000 -5.912384033 -0.036212128 0.998785138 0.033419207 0.155259430 0.999315321 0.036444943 -0.006383711 0.588929176
-0.007894100 0.034209013 -0.999383450 -5.976395607 -0.037587084 0.998698175 0.034482446 0.156783372 0.999262154 0.037836116 -0.006598006 0.587692380
-0.007987428 0.039005056 -0.999207020 -6.040399551 -0.042405590 0.998326838 0.039309677 0.158307642 0.999068558 0.042685948 -0.006320031 0.586077273
-0.008140857 0.042048898 -0.999082386 -6.103626728 -0.048037369 0.997945547 0.042392474 0.159923404 0.998812377 0.048338398 -0.006104213 0.584997952
-0.007562527 0.042126101 -0.999083698 -6.169187069 -0.055435114 0.997558057 0.042481393 0.161871016 0.998433650 0.055705581 -0.005208795 0.583438933
-0.007680470 0.039834600 -0.999176741 -6.231323719 -0.058402319 0.997482777 0.040215991 0.163663417 0.998263717 0.058663115 -0.005334702 0.581917405
-0.007751885 0.038267910 -0.999237359 -6.295666695 -0.060925588 0.997392952 0.038669918 0.165830776 0.998112261 0.061178897 -0.005400181 0.580753207
-0.008384207 0.038338292 -0.999229670 -6.359563351 -0.060634859 0.997406483 0.038777117 0.166256160 0.998124778 0.060913268 -0.006037824 0.579612792
-0.008527682 0.037519697 -0.999259531 -6.424556732 -0.058678016 0.997555137 0.037956461 0.167433903 0.998240530 0.058958244 -0.006305251 0.579017341
-0.009000605 0.038050137 -0.999235213 -6.486163139 -0.058625109 0.997536838 0.038513537 0.169012234 0.998239458 0.058926925 -0.006747741 0.577834427
-0.009547850 0.042713482 -0.999041736 -6.549463272 -0.057811491 0.997392595 0.043195479 0.170704216 0.998281896 0.058168516 -0.007053624 0.576556981
-0.010081835 0.046837140 -0.998851657 -6.613996983 -0.057402235 0.997228205 0.047340397 0.172715113 0.998300254 0.057813600 -0.007365334 0.575739980
-0.010340544 0.045573711 -0.998907387 -6.677199841 -0.057577509 0.997276306 0.046095334 0.173935473 0.998287499 0.057991259 -0.007688357 0.575959742
-0.008942202 0.044514526 -0.998968720 -6.740638733 -0.057400346 0.997338533 0.044955701 0.175883517 0.998311222 0.057743158 -0.006363254 0.573315382
-0.007348253 0.043844216 -0.999011338 -6.803955078 -0.057422083 0.997371197 0.044194609 0.178418487 0.998322964 0.057690058 -0.004811311 0.572360337
-0.006746360 0.043237176 -0.999041975 -6.865958214 -0.056758404 0.997437537 0.043551017 0.179244310 0.998365164 0.056997839 -0.004275001 0.571506798
-0.005722514 0.045115411 -0.998965323 -6.928619862 -0.056709569 0.997359395 0.045367744 0.181027412 0.998374343 0.056910511 -0.003148928 0.570591867
-0.004721492 0.049044624 -0.998785436 -6.992486000 -0.057987109 0.997102439 0.049236100 0.182944477 0.998306155 0.058149140 -0.001863855 0.570038378
-0.003616110 0.049716644 -0.998756766 -7.055051327 -0.059072439 0.997008562 0.049843490 0.185188547 0.998247147 0.059179239 -0.000668410 0.569559336
-0.001267394 0.046742570 -0.998906136 -7.118889332 -0.062308487 0.996962309 0.046730664 0.187310413 0.998056054 0.062299561 0.001648914 0.568082869
-0.001761394 0.044175655 -0.999022365 -7.181872368 -0.060891818 0.997165203 0.044200905 0.188787133 0.998142838 0.060910136 0.000933536 0.567800701
-0.002181247 0.042186491 -0.999107420 -7.242287636 -0.058116850 0.997415662 0.042241946 0.190998465 0.998307407 0.058157105 0.000276135 0.567787588
-0.002013941 0.042082567 -0.999112129 -7.306421280 -0.056181815 0.997531295 0.042129230 0.191588551 0.998418510 0.056216776 0.000355306 0.567129195
-0.002183767 0.042883135 -0.999077737 -7.368101597 -0.053065844 0.997667432 0.042938586 0.192482203 0.998588622 0.053110674 0.000096956 0.567288041
-0.001966676 0.040745761 -0.999167621 -7.432240486 -0.052220602 0.997802079 0.040792860 0.195347294 0.998633623 0.052257352 0.000165415 0.566332221
-0.001278371 0.041405067 -0.999141693 -7.494132042 -0.051154718 0.997831643 0.041416228 0.196273655 0.998689950 0.051163752 0.000842466 0.565139771
-0.001724439 0.043510184 -0.999051452 -7.556664944 -0.049018178 0.997848272 0.043542385 0.198709369 0.998796403 0.049046766 0.000412063 0.564900815
-0.000847629 0.044797204 -0.998995781 -7.618247986 -0.046623100 0.997907937 0.044787984 0.200451329 0.998912275 0.046614241 0.001242729 0.563643694
-0.001940942 0.043549672 -0.999049306 -7.680736065 -0.044276539 0.998067737 0.043592900 0.201948360 0.999017417 0.044319071 -0.000008963 0.564126134
-0.002224844 0.043713678 -0.999041617 -7.741988659 -0.045013372 0.998027027 0.043769524 0.203726470 0.998983920 0.045067616 -0.000252755 0.563420057
-0.001967595 0.048461713 -0.998823106 -7.805124760 -0.046382297 0.997745574 0.048500810 0.205592945 0.998921752 0.046423137 0.000284607 0.562589049
-0.002306991 0.054867711 -0.998490930 -7.866733551 -0.051339336 0.997170269 0.054913763 0.208049774 0.998678505 0.051388543 0.000516408 0.562970161
0.000068824 0.055170223 -0.998476982 -7.929886818 -0.056232952 0.996897280 0.055079062 0.209928840 0.998417675 0.056143515 0.003170996 0.561007082
0.001803025 0.051827319 -0.998654485 -7.991242886 -0.059567768 0.996888220 0.051628120 0.211867154 0.998222649 0.059394524 0.004884652 0.560273826
0.003079924 0.046310134 -0.998922288 -8.053089142 -0.061388142 0.997051835 0.046034139 0.213576913 0.998109162 0.061180200 0.005913737 0.560306132
0.003857318 0.044391673 -0.999006748 -8.114185333 -0.064340472 0.996955216 0.044052072 0.215450138 0.997920573 0.064106636 0.006701753 0.560360551
0.005338556 0.041527379 -0.999123037 -8.175930977 -0.059230741 0.997396171 0.041139111 0.217009947 0.998229980 0.058959171 0.007784351 0.560121000
0.005398975 0.036608607 -0.999315083 -8.236641884 -0.056085609 0.997767687 0.036248907 0.219129533 0.998411357 0.055851486 0.007440139 0.560243785
0.004879115 0.033284303 -0.999434114 -8.297848701 -0.050051250 0.998201370 0.032998905 0.220192850 0.998734713 0.049861908 0.006536261 0.560957730
0.003468192 0.036121532 -0.999341428 -8.359130859 -0.047759447 0.998212993 0.035915002 0.221760318 0.998852789 0.047603428 0.005187140 0.562054515
0.004315571 0.042461667 -0.999088764 -8.422404289 -0.048511378 0.997930765 0.042202905 0.223152310 0.998813331 0.048285052 0.006366515 0.561770082
0.006137018 0.045710783 -0.998935819 -8.483647346 -0.049401768 0.997748852 0.045352958 0.224793822 0.998760164 0.049070869 0.008381396 0.561415792
0.008153545 0.042324319 -0.999070644 -8.544688225 -0.051401015 0.997800708 0.041851029 0.226573735 0.998644948 0.051012009 0.010311126 0.561410189
0.009491404 0.042199947 -0.999064028 -8.607207298 -0.053617295 0.997693241 0.041632663 0.228508025 0.998516500 0.053171959 0.011732157 0.560729980
0.010154420 0.043491416 -0.999002159 -8.667446136 -0.052012298 0.997724175 0.042907108 0.229922488 0.998594820 0.051524702 0.012393401 0.561376393
0.011273284 0.041070852 -0.999092638 -8.729619980 -0.051771205 0.997839987 0.040435206 0.231902584 0.998595417 0.051268395 0.013375221 0.561600089
0.012482193 0.039737977 -0.999132097 -8.786500931 -0.052028768 0.997882247 0.039038263 0.233025908 0.998567581 0.051496323 0.014523276 0.561925888
0.014586879 0.041749477 -0.999021590 -8.845314026 -0.053314544 0.997739077 0.040917426 0.234296784 0.998471141 0.052665520 0.016779756 0.562105358
0.015886417 0.043305241 -0.998935580 -8.901051521 -0.053135633 0.997686625 0.042406052 0.235672310 0.998460948 0.052405395 0.018150715 0.562326789
0.016174940 0.044297241 -0.998887420 -8.955542564 -0.054203901 0.997587979 0.043361887 0.237403393 0.998398900 0.053442229 0.018537007 0.563038826
0.017295450 0.045965124 -0.998793304 -9.009952545 -0.054462552 0.997503102 0.044962656 0.237893045 0.998365939 0.053619187 0.019755639 0.562452734
0.017538626 0.046204522 -0.998777986 -9.062147141 -0.054059915 0.997514307 0.045196768 0.239566565 0.998383701 0.053201165 0.019992843 0.562913120
0.017598888 0.045574151 -0.998805940 -9.113805771 -0.054007888 0.997545540 0.044565018 0.240381345 0.998385429 0.053159095 0.020017056 0.563755333
0.019295426 0.046096951 -0.998750627 -9.162893295 -0.054904152 0.997478008 0.044977501 0.240829438 0.998305142 0.053967696 0.021777682 0.564573228
0.020696165 0.046411432 -0.998708010 -9.210599899 -0.055757828 0.997420967 0.045196146 0.242408648 0.998229742 0.054750405 0.023230592 0.565081477
0.020387545 0.045079798 -0.998775363 -9.257585526 -0.054835401 0.997529745 0.043904241 0.243284643 0.998287201 0.053873148 0.022809150 0.565543473
0.016782127 0.042216774 -0.998967528 -9.304033279 -0.052069794 0.997789383 0.041292235 0.243641198 0.998502433 0.051323045 0.018943245 0.566386640
0.012198500 0.038416937 -0.999187410 -9.350198746 -0.051899545 0.997939110 0.037735336 0.244788036 0.998577774 0.051397055 0.014167186 0.566266835
0.007525099 0.035649281 -0.999336004 -9.395993233 -0.053706590 0.997936308 0.035194933 0.245577529 0.998528421 0.053406078 0.009424169 0.566021323
0.003908172 0.034511745 -0.999396682 -9.442373276 -0.056101400 0.997837901 0.034238525 0.246848419 0.998417437 0.055933740 0.005835881 0.565611243
0.001307944 0.035325270 -0.999374986 -9.488077164 -0.057703733 0.997713268 0.035191011 0.247651562 0.998332918 0.057621635 0.003343354 0.565110564
-0.001069406 0.037340198 -0.999301970 -9.535023689 -0.056773167 0.997688532 0.037340663 0.248133600 0.998386502 0.056773476 0.001052986 0.565222561
-0.002770084 0.038997110 -0.999235511 -9.580529213 -0.053411402 0.997807145 0.039089441 0.248658121 0.998568714 0.053478841 -0.000681120 0.564983070
-0.004181214 0.039491441 -0.999211133 -9.626229286 -0.051801722 0.997869670 0.039655186 0.249567211 0.998648643 0.051926665 -0.002126582 0.564837515
-0.003689760 0.038175952 -0.999264181 -9.671885490 -0.052587464 0.997880876 0.038317278 0.250809610 0.998609543 0.052690156 -0.001674364 0.563031495
-0.004995702 0.037129547 -0.999297976 -9.717130661 -0.054430746 0.997818828 0.037346698 0.251657993 0.998504996 0.054579105 -0.002963817 0.562879562
-0.004771339 0.036775153 -0.999312222 -9.762242317 -0.058036961 0.997628868 0.036990311 0.252317011 0.998303056 0.058173522 -0.002625708 0.562171459
-0.003435579 0.034585111 -0.999395788 -9.807687759 -0.060849737 0.997542620 0.034730151 0.253736138 0.998140991 0.060932290 -0.001322642 0.561109960
-0.002756018 0.031996284 -0.999484122 -9.853623390 -0.060665544 0.997641742 0.032104578 0.254472554 0.998154283 0.060722735 -0.000808447 0.561032832
-0.001027584 0.030942481 -0.999520600 -9.899258614 -0.059836607 0.997728348 0.030948514 0.254151314 0.998207629 0.059839725 0.000826244 0.559800446
-0.000424914 0.029626235 -0.999561012 -9.945614815 -0.060067080 0.997755468 0.029598257 0.255464345 0.998194277 0.060053274 0.001355601 0.559514225
0.000463286 0.032687854 -0.999465525 -9.992320061 -0.057184216 0.997830987 0.032607891 0.256027013 0.998363554 0.057138544 0.002331510 0.558934927
0.000344594 0.034089237 -0.999418855 -10.039617538 -0.056740291 0.997809350 0.034014780 0.256721318 0.998388886 0.056695592 0.002278072 0.558977544
0.001408225 0.030835418 -0.999523461 -10.086643219 -0.051990587 0.998174965 0.030720575 0.257179797 0.998646557 0.051922552 0.003008807 0.558749974
0.001615063 0.027302738 -0.999625862 -10.133856773 -0.049754761 0.998391330 0.027188633 0.258161485 0.998760223 0.049692240 0.002970906 0.558542967
0.003544075 0.027593667 -0.999612927 -10.182063103 -0.054367699 0.998145998 0.027360419 0.259400785 0.998514831 0.054249685 0.005037709 0.557113588
0.005924171 0.032028511 -0.999469340 -10.230410576 -0.055393543 0.997962713 0.031651892 0.259956479 0.998447001 0.055176642 0.007686275 0.556321263
0.007887810 0.030838035 -0.999493182 -10.279445648 -0.053450447 0.998108327 0.030373489 0.261391670 0.998539329 0.053183779 0.009521198 0.556505382
0.010337410 0.031308293 -0.999456286 -10.328845978 -0.052335840 0.998156667 0.030726276 0.263129681 0.998576045 0.051989760 0.011956903 0.556715190
0.011400132 0.036390126 -0.999272585 -10.378643990 -0.052921854 0.997959018 0.035738528 0.264021009 0.998533607 0.052475929 0.013302693 0.557526231
0.014364887 0.040386405 -0.999080896 -10.428844452 -0.050368071 0.997944713 0.039616287 0.265195131 0.998627424 0.049752686 0.016369544 0.557244360
0.016619984 0.040142588 -0.999055743 -10.480107307 -0.049269430 0.998012781 0.039281048 0.267092019 0.998647273 0.048570059 0.018564757 0.557264328
0.019904179 0.042293627 -0.998906910 -10.530317307 -0.052903563 0.997749746 0.041190486 0.267624617 0.998401165 0.052025884 0.022096872 0.557072997
0.023598583 0.043299187 -0.998783410 -10.581032753 -0.055579022 0.997573376 0.041933555 0.269414842 0.998175263 0.054521829 0.025947843 0.557617545
0.027228316 0.044713117 -0.998628736 -10.632703781 -0.056384340 0.997477472 0.043124203 0.270336330 0.998037815 0.055132832 0.029680748 0.558228612
0.029814785 0.042938881 -0.998632729 -10.684052467 -0.059562173 0.997377813 0.041106664 0.271326065 0.997779250 0.058255147 0.032294139 0.559663355
0.034031894 0.039825600 -0.998626888 -10.735116005 -0.059142012 0.997534931 0.037766565 0.272776932 0.997669280 0.057775538 0.036303371 0.560143769
0.034380544 0.038904268 -0.998651266 -10.787502289 -0.058924466 0.997582674 0.036834035 0.274124265 0.997670233 0.057578620 0.036589850 0.562596500
0.035350759 0.040764850 -0.998543203 -10.839052200 -0.058307208 0.997549891 0.038660090 0.275588930 0.997672558 0.056855612 0.037641037 0.564478993
0.038000349 0.044535868 -0.998284817 -10.892812729 -0.060036231 0.997303605 0.042206775 0.276837945 0.997472584 0.058329388 0.040571649 0.565354884
0.039880086 0.045245077 -0.998179674 -10.945916176 -0.061331995 0.997201502 0.042750355 0.277776182 0.997320414 0.059515465 0.042543452 0.567007303
0.040500447 0.040930603 -0.998340845 -10.999840736 -0.059154127 0.997506261 0.038496640 0.280735493 0.997426927 0.057496849 0.042820666 0.569254875
0.040562544 0.037472520 -0.998474002 -11.053774834 -0.057504650 0.997727752 0.035108410 0.282450557 0.997520864 0.055992823 0.042625222 0.571507156
0.040294051 0.036678266 -0.998514473 -11.107316971 -0.053696465 0.997961462 0.034491088 0.283038706 0.997744024 0.052226909 0.042181402 0.573524714
0.041029815 0.035890598 -0.998513103 -11.162011147 -0.053626824 0.997993350 0.033668336 0.284134507 0.997717738 0.052165680 0.042872172 0.575261593
0.037908375 0.035778105 -0.998640537 -11.214092255 -0.053587463 0.997993648 0.033720754 0.284952074 0.997843325 0.052236319 0.039749578 0.580290735
0.040882841 0.036310028 -0.998504102 -11.268813133 -0.056369662 0.997831643 0.033977576 0.286718994 0.997572720 0.054896224 0.042840984 0.579061329
