0.999998748 0.001043178 0.001184259 -0.000375644 -0.001047556 0.999992609 0.003702084 -0.001071488 -0.001180388 -0.003703320 0.999992430 0.058947675
0.999996364 0.000978516 0.002503870 -0.000382130 -0.000998257 0.999968350 0.007894914 -0.001657317 -0.002496065 -0.007897386 0.999965668 0.086489633
0.999992728 -0.000034626 0.003817753 -0.000444427 -0.000009058 0.999934554 0.011441616 -0.002123489 -0.003817900 -0.011441566 0.999927282 0.113212951
0.999987245 -0.000864680 0.004979263 -0.000374892 0.000796745 0.999906778 0.013629372 -0.002504741 -0.004990584 -0.013625230 0.999894738 0.139672190
0.999980509 -0.000075808 0.006241169 -0.000351175 -0.000008347 0.999909043 0.013482844 -0.002807021 -0.006241625 -0.013482633 0.999889553 0.163915128
0.999970555 0.000751423 0.007628358 -0.000467614 -0.000833838 0.999941230 0.010806427 -0.003099045 -0.007619789 -0.010812470 0.999912500 0.187264800
0.999962211 0.000891040 0.008649861 -0.000522733 -0.000960023 0.999967754 0.007974105 -0.003329098 -0.008642475 -0.007982107 0.999930799 0.209386885
0.999950111 -0.000979773 0.009941304 0.000182945 0.000910893 0.999975562 0.006930830 -0.003836648 -0.009947853 -0.006921429 0.999926567 0.231274441
0.999912798 -0.004656121 0.012353181 0.000115706 0.004605209 0.999980748 0.004146659 -0.003898381 -0.012372253 -0.004089409 0.999915123 0.250546217
0.999879599 -0.006403398 0.014133191 0.000578995 0.006364111 0.999975801 0.002822994 -0.004066071 -0.014150927 -0.002732709 0.999896109 0.269743264
0.999870420 -0.002162697 0.015949335 0.000880654 0.002147347 0.999997199 0.000979467 -0.004612184 -0.015951408 -0.000945092 0.999872327 0.286913246
0.999825358 0.002035447 0.018575281 0.001320275 -0.002037700 0.999997973 0.000102358 -0.004943639 -0.018575035 -0.000140190 0.999827504 0.303468913
0.999745965 0.002406966 0.022407312 0.001245260 -0.002437886 0.999996066 0.001352675 -0.005339850 -0.022403965 -0.001406958 0.999747992 0.317803115
0.999664605 -0.001751469 0.025837952 0.001697808 0.001706074 0.999996960 0.001778816 -0.005503617 -0.025840988 -0.001734138 0.999664485 0.331671983
0.999586582 -0.006315455 0.028048741 0.002640082 0.006270625 0.999978840 0.001685996 -0.005748400 -0.028058797 -0.001509416 0.999605119 0.343516022
0.999488950 -0.009644165 0.030474778 0.003116919 0.009553974 0.999949574 0.003103719 -0.006033900 -0.030503171 -0.002810978 0.999530733 0.354438275
0.999397278 -0.010034251 0.033232603 0.003501411 0.009905653 0.999942780 0.004031948 -0.006194692 -0.033271156 -0.003700327 0.999439478 0.364105761
0.999335706 -0.009636641 0.035145726 0.004021242 0.009544962 0.999950528 0.002775439 -0.006176521 -0.035170734 -0.002438130 0.999378324 0.373192281
0.999254763 -0.008682062 0.037609138 0.004095404 0.008621787 0.999961257 0.001764565 -0.006675091 -0.037623003 -0.001438993 0.999290943 0.380945176
0.999177754 -0.006352329 0.040043883 0.004255790 0.006325563 0.999979675 0.000795080 -0.006701034 -0.040048130 -0.000541127 0.999197543 0.387885928
0.999104381 -0.003262349 0.042186800 0.004137932 0.003249151 0.999994695 0.000381371 -0.007064231 -0.042187814 -0.000243958 0.999109626 0.394631088
0.999058485 -0.002275296 0.043322951 0.004485719 0.002320964 0.999996781 -0.001003853 -0.007342114 -0.043320529 0.001103459 0.999060631 0.401662558
0.998976409 -0.002550762 0.045160122 0.004975819 0.002712572 0.999990106 -0.003522116 -0.007001938 -0.045150701 0.003641011 0.998973548 0.408019215
0.998900771 -0.003780503 0.046722148 0.005284172 0.003996543 0.999981642 -0.004531376 -0.007367089 -0.046704166 0.004713122 0.998897672 0.414300263
0.998838663 -0.005224723 0.047893394 0.005766972 0.005483082 0.999971032 -0.005264707 -0.007736273 -0.047864497 0.005521198 0.998838603 0.420211911
0.998764038 -0.003903978 0.049548075 0.005949150 0.004253805 0.999966681 -0.006956899 -0.007805135 -0.049519274 0.007159069 0.998747468 0.425816298
0.998717904 -0.003450753 0.050501730 0.006456082 0.003896513 0.999954224 -0.008730866 -0.007968123 -0.050469302 0.008916454 0.998685837 0.431305826
0.998635530 -0.003246797 0.052120555 0.006144591 0.003822682 0.999932706 -0.010953228 -0.008195996 -0.052081488 0.011137523 0.998580754 0.436076969
0.998586476 -0.004191773 0.052984174 0.006340787 0.004911338 0.999897361 -0.013457842 -0.008249689 -0.052922327 0.013699042 0.998504698 0.441455722
0.998605192 -0.005017058 0.052560158 0.006690677 0.005837223 0.999863446 -0.015462455 -0.008305902 -0.052475404 0.015747696 0.998498082 0.446650356
0.998724639 -0.005830145 0.050150428 0.007172347 0.006643396 0.999848902 -0.016064882 -0.008734811 -0.050049189 0.016377559 0.998612463 0.452103496
0.998873413 -0.005844631 0.047092896 0.007316042 0.006637573 0.999838531 -0.016699065 -0.009042695 -0.046987690 0.016992833 0.998750985 0.457348526
0.999043524 -0.005174905 0.043418087 0.007020612 0.005961788 0.999819994 -0.018013502 -0.009038360 -0.043317053 0.018255122 0.998894632 0.462597728
0.999276936 -0.004918573 0.037700266 0.007106801 0.005655881 0.999794424 -0.019475514 -0.009115783 -0.037596721 0.019674659 0.999099255 0.467889965
0.999518037 -0.004920081 0.030648319 0.007231703 0.005538759 0.999782085 -0.020134335 -0.009287732 -0.030542575 0.020294383 0.999327362 0.473219663
0.999715567 -0.004751839 0.023365475 0.007085778 0.005249885 0.999759495 -0.021300612 -0.009340295 -0.023258626 0.021417219 0.999500096 0.478482127
0.999862671 -0.005421665 0.015669512 0.006664044 0.005766908 0.999739707 -0.022072187 -0.009555795 -0.015545767 0.022159519 0.999633551 0.483768463
0.999963701 -0.006308619 0.005743731 0.006181387 0.006441716 0.999704003 -0.023456842 -0.009558800 -0.005594051 0.023492986 0.999708354 0.489589721
0.999942005 -0.007656795 -0.007584080 0.005865952 0.007462661 0.999651909 -0.025303259 -0.009612982 0.007775178 0.025245195 0.999651074 0.495814532
0.999676228 -0.008694203 -0.023912162 0.005321055 0.008040481 0.999594927 -0.027299944 -0.009969005 0.024139831 0.027098844 0.999341249 0.501993239
0.999053776 -0.007891997 -0.042767685 0.003879108 0.006681119 0.999574780 -0.028382234 -0.010308546 0.042973496 0.028069645 0.998681843 0.508905232
0.997865140 -0.007301928 -0.064898551 0.002464838 0.005474944 0.999584973 -0.028284727 -0.010392388 0.065078154 0.027869031 0.997490883 0.516896069
0.996068060 -0.007097964 -0.088306077 0.000523280 0.004746809 0.999629438 -0.026806630 -0.010821081 0.088463619 0.026282061 0.995732605 0.525581062
0.993254364 -0.005866650 -0.115807489 -0.000805330 0.002946903 0.999673843 -0.025367197 -0.011192957 0.115918547 0.024854803 0.992947638 0.534133673
0.989356935 -0.004712002 -0.145432651 -0.003842644 0.001236218 0.999711633 -0.023980740 -0.011195780 0.145503700 0.023545722 0.989077508 0.543863773
0.983877718 -0.004784856 -0.178778589 -0.006511100 0.001160378 0.999791682 -0.020372633 -0.011698606 0.178838879 0.019836726 0.983678341 0.553369880
0.976484776 -0.003697932 -0.215554461 -0.010543451 0.000084925 0.999859452 -0.016768308 -0.012076176 0.215586156 0.016355693 0.976347864 0.564397812
0.966791809 -0.002198322 -0.255555838 -0.014129281 -0.000822415 0.999931037 -0.011712799 -0.012411222 0.255564004 0.011534010 0.966723263 0.574295878
0.954998732 0.001722674 -0.296604931 -0.019422829 -0.004057819 0.999965489 -0.007257454 -0.012824430 0.296582192 0.008134428 0.954972625 0.585291684
0.940807879 0.004653560 -0.338908315 -0.025107563 -0.006046597 0.999977052 -0.003054612 -0.012993187 0.338886321 0.004923046 0.940814376 0.596604466
0.924229562 0.007468558 -0.381764412 -0.031469673 -0.007188866 0.999971688 0.002158885 -0.013073139 0.381769776 0.000749147 0.924257159 0.608151436
0.904728055 0.011049181 -0.425846338 -0.037413433 -0.007653877 0.999923825 0.009683455 -0.013473726 0.425920904 -0.005501519 0.904743671 0.619320035
0.882973433 0.014931403 -0.469185591 -0.045103863 -0.008797795 0.999844790 0.015262335 -0.013204199 0.469340742 -0.009348435 0.882967710 0.630608499
0.858136892 0.020218147 -0.513022661 -0.054174185 -0.011584935 0.999732375 0.020021096 -0.013478305 0.513290286 -0.011237504 0.858141541 0.642692387
0.830379844 0.023641407 -0.556696057 -0.064456463 -0.013075719 0.999651074 0.022948513 -0.013578162 0.557044387 -0.011776782 0.830399215 0.655015230
0.799101651 0.027389780 -0.600571692 -0.075092703 -0.016288565 0.999581456 0.023914024 -0.013311895 0.600975215 -0.009327283 0.799213231 0.666706979
0.765349686 0.029658714 -0.642931104 -0.087504536 -0.016699471 0.999516487 0.026228998 -0.012931171 0.643398106 -0.009337744 0.765474796 0.678774357
0.729013979 0.033166368 -0.683694839 -0.101999521 -0.017926659 0.999407947 0.029366827 -0.012157785 0.684263945 -0.009152463 0.729176939 0.690875471
0.688820601 0.035635658 -0.724055469 -0.114719331 -0.016996773 0.999310434 0.033013161 -0.012250902 0.724732578 -0.010433536 0.688951254 0.702070951
0.648188174 0.035251889 -0.760663807 -0.130391628 -0.014020920 0.999310970 0.034363944 -0.012046667 0.761351109 -0.011609091 0.648235857 0.713285685
0.606795132 0.033812098 -0.794138908 -0.146566153 -0.008288318 0.999309659 0.036214631 -0.011793688 0.794815123 -0.015392786 0.606656492 0.723049521
0.562256575 0.034482174 -0.826243639 -0.165048420 -0.004923404 0.999252081 0.038352095 -0.011345347 0.826948225 -0.017495785 0.562005937 0.733821154
0.514715552 0.034968689 -0.856647551 -0.183021814 -0.004346223 0.999261498 0.038178813 -0.009750310 0.857350051 -0.015928045 0.514487267 0.743766546
0.464584053 0.034819845 -0.884844184 -0.203369737 -0.003186506 0.999285877 0.037650228 -0.009153837 0.885523260 -0.014672132 0.464363307 0.752856433
0.414236516 0.033408388 -0.909555912 -0.224121839 0.001544619 0.999298930 0.037408147 -0.008577608 0.910167992 -0.016900739 0.413894445 0.759572506
0.358786017 0.032628600 -0.932849348 -0.247279361 0.006791501 0.999271154 0.037563965 -0.007743947 0.933395088 -0.019812874 0.358302921 0.768354952
0.303809255 0.031419113 -0.952214599 -0.271159858 0.008594684 0.999324977 0.035715736 -0.006737944 0.952694178 -0.019034756 0.303334147 0.775107026
0.251215994 0.036869951 -0.967228532 -0.296638250 0.008506700 0.999151647 0.040296249 -0.005497569 0.967893660 -0.018350985 0.250689268 0.779768586
0.201087743 0.042670555 -0.978643417 -0.322936833 0.011537394 0.998878300 0.045923494 -0.004979903 0.979505301 -0.020525644 0.200369909 0.783342004
0.153258145 0.044242360 -0.987195373 -0.350375772 0.016358800 0.998746812 0.047299691 -0.004237950 0.988050759 -0.023398394 0.152342364 0.786319733
0.107989244 0.045467805 -0.993111730 -0.378816217 0.019410236 0.998666763 0.047832761 -0.003538443 0.993962586 -0.024441957 0.106962733 0.789064825
0.067575932 0.044427946 -0.996724486 -0.407938421 0.019208098 0.998764932 0.045821171 -0.002856417 0.997529209 -0.022241594 0.066639088 0.789935827
0.031817146 0.039224569 -0.998723745 -0.439343065 0.016116945 0.999079585 0.039751995 -0.001005478 0.999363780 -0.017361170 0.031155689 0.789874911
0.004012840 0.039368462 -0.999216676 -0.470809639 0.013527687 0.999131143 0.039419416 0.000205068 0.999900460 -0.013675272 0.003476785 0.788493574
-0.017963603 0.043627437 -0.998886347 -0.503995240 0.012697297 0.998976946 0.043403052 0.001246635 0.999758005 -0.011903483 -0.018499177 0.787627637
-0.029968489 0.050486948 -0.998275042 -0.537620664 0.014627453 0.998638749 0.050066233 0.002264921 0.999443710 -0.013101812 -0.030666195 0.785717905
-0.038933106 0.052364286 -0.997868776 -0.574140668 0.013779977 0.998559117 0.051862873 0.003698329 0.999146760 -0.011731426 -0.039598588 0.784636676
-0.042415425 0.048987277 -0.997898400 -0.609971821 0.014703496 0.998719633 0.048402626 0.005485993 0.998991907 -0.012619575 -0.043081403 0.782936394
-0.042300526 0.045387216 -0.998073459 -0.648264706 0.022411840 0.998759389 0.044468544 0.006877823 0.998853505 -0.020487621 -0.043265250 0.781728625
-0.036986601 0.043371800 -0.998374045 -0.685450137 0.033022773 0.998565137 0.042156704 0.008667372 0.998770058 -0.031409845 -0.038365781 0.780262232
-0.032684032 0.043896195 -0.998501301 -0.725620151 0.034470551 0.998490214 0.042767379 0.010045337 0.998871148 -0.033021081 -0.034147810 0.779903352
-0.026932117 0.042667951 -0.998726249 -0.765166938 0.032387812 0.998601258 0.041789241 0.011081876 0.999112427 -0.031221084 -0.028276373 0.778221846
-0.024281560 0.036047041 -0.999055028 -0.807071745 0.036512069 0.998714924 0.035147347 0.012447894 0.999038160 -0.035624135 -0.025566505 0.777530432
-0.021464709 0.025612723 -0.999441504 -0.848472238 0.034408864 0.999098480 0.024864940 0.013224974 0.999177277 -0.033855926 -0.022326663 0.776140273
-0.021283440 0.017511157 -0.999620259 -0.892272353 0.026925722 0.999493897 0.016935658 0.013863520 0.999410748 -0.026555045 -0.021744171 0.774607301
-0.022363711 0.014385650 -0.999646485 -0.936064243 0.021275006 0.999676883 0.013910131 0.014739372 0.999523461 -0.020956405 -0.022662537 0.772757649
-0.025753310 0.020583477 -0.999456346 -0.982572377 0.011681445 0.999725938 0.020288033 0.015460719 0.999600053 -0.011152612 -0.025986692 0.770422280
-0.030511273 0.028904857 -0.999116302 -1.028488755 0.006743747 0.999565005 0.028711893 0.015990792 0.999511600 -0.005861753 -0.030692931 0.768460631
-0.034976162 0.038160544 -0.998659432 -1.077027678 0.005397428 0.999263346 0.037994597 0.017721094 0.999373555 -0.004061286 -0.035156373 0.766009450
-0.036204372 0.047895074 -0.998196006 -1.125035763 0.003925502 0.998849928 0.047784075 0.019231074 0.999336660 -0.002188428 -0.036350749 0.763589561
-0.036828332 0.055710081 -0.997767448 -1.173365235 0.005474787 0.998441100 0.055545602 0.020863570 0.999306619 -0.003416912 -0.037075933 0.761024594
-0.039252456 0.056639604 -0.997622788 -1.224477172 0.006810068 0.998384178 0.056414876 0.023120765 0.999206126 -0.004579456 -0.039574757 0.759854376
-0.040697210 0.053811159 -0.997721434 -1.272692561 0.005528521 0.998545587 0.053630095 0.025461692 0.999156237 -0.003333329 -0.040935516 0.757343233
-0.044000059 0.048932888 -0.997832417 -1.323308825 0.005164302 0.998797536 0.048752502 0.027085174 0.999018192 -0.003007996 -0.044199854 0.755238771
-0.047965515 0.043760166 -0.997889996 -1.372587085 0.005419435 0.999036610 0.043549959 0.028629486 0.998834312 -0.003319103 -0.048156463 0.751898468
-0.053532507 0.039183605 -0.997796953 -1.421741843 0.004794503 0.999228358 0.038982578 0.030412775 0.998554707 -0.002697105 -0.053679068 0.749129474
-0.061005030 0.036942605 -0.997453570 -1.475631475 0.004446903 0.999314964 0.036739569 0.032253303 0.998127580 -0.002194280 -0.061127521 0.746262074
-0.067635842 0.039193492 -0.996939838 -1.525679350 0.004106486 0.999230564 0.039004948 0.033804417 0.997701705 -0.001455787 -0.067744747 0.742623866
-0.074060157 0.044040538 -0.996280968 -1.579166770 0.002729096 0.999029577 0.043959174 0.035592474 0.997250021 0.000536677 -0.074108459 0.738498569
-0.079884678 0.046942979 -0.995698154 -1.630176783 -0.000407749 0.998888850 0.047126129 0.037309688 0.996803939 0.004170651 -0.079776764 0.733774722
-0.084356643 0.049143218 -0.995223045 -1.680903077 -0.004012045 0.998758256 0.049657855 0.039154314 0.996427476 0.008181849 -0.084054731 0.728662848
-0.087663934 0.050333697 -0.994877636 -1.734241724 -0.007840770 0.998656809 0.051215790 0.041199721 0.996119261 0.012290383 -0.087151527 0.724176705
-0.089374997 0.051418088 -0.994669914 -1.786261082 -0.012024472 0.998538017 0.052698497 0.043665700 0.995925486 0.016670309 -0.088626049 0.719236434
-0.090759389 0.051328145 -0.994549215 -1.838582277 -0.012527036 0.998532951 0.052676931 0.045190118 0.995794117 0.017239681 -0.089983262 0.713871360
-0.092218123 0.050518036 -0.994456530 -1.889894605 -0.013175679 0.998562872 0.051948447 0.046853013 0.995651603 0.017893227 -0.091419987 0.708823562
-0.093435064 0.049765881 -0.994380891 -1.942511201 -0.014565991 0.998574853 0.051344432 0.049030624 0.995518744 0.019281520 -0.092577018 0.703799844
-0.094026536 0.048691560 -0.994378269 -1.993466496 -0.017064650 0.998577774 0.050510783 0.050762415 0.995423436 0.021718072 -0.093061902 0.698176861
-0.094870679 0.045689933 -0.994440615 -2.047269821 -0.021730566 0.998613060 0.047954768 0.053437680 0.995252371 0.026159259 -0.093746252 0.693399429
-0.095195062 0.040183008 -0.994647264 -2.102614880 -0.026985103 0.998713613 0.042929955 0.056881733 0.995092809 0.030927381 -0.093988270 0.687370598
-0.094467781 0.039837748 -0.994730473 -2.155962229 -0.028052842 0.998695850 0.042660676 0.058077991 0.995132565 0.031935085 -0.093226999 0.682274699
-0.092661321 0.044123977 -0.994719505 -2.210437298 -0.029637137 0.998452723 0.047050368 0.059343390 0.995256543 0.033840388 -0.091210254 0.677332640
-0.090964630 0.047271203 -0.994731545 -2.263994932 -0.029553274 0.998304665 0.050143547 0.061240412 0.995415568 0.033958856 -0.089413397 0.672630906
-0.089403972 0.047617175 -0.994856477 -2.318429232 -0.026610116 0.998385727 0.050177436 0.062316876 0.995639920 0.030959301 -0.087992549 0.666131258
-0.087013230 0.047207799 -0.995088041 -2.370672464 -0.025866695 0.998432755 0.049628329 0.063855432 0.995871246 0.030057956 -0.085655749 0.661300004
-0.082787193 0.046683941 -0.995473206 -2.426602602 -0.030693719 0.998308897 0.049369525 0.066770390 0.996094406 0.034641940 -0.081214294 0.656374693
-0.077372789 0.047152594 -0.995886564 -2.483290672 -0.036180329 0.998090386 0.050067861 0.069447055 0.996345520 0.039905392 -0.075519033 0.652102828
-0.071596600 0.046099283 -0.996367812 -2.538029671 -0.040208045 0.997986019 0.049063403 0.072000168 0.996622920 0.043574780 -0.069598839 0.648383617
-0.066128954 0.045191050 -0.996787250 -2.594184399 -0.041834779 0.997969925 0.048020080 0.074198321 0.996933699 0.044875890 -0.064104162 0.645677447
-0.060222074 0.044387523 -0.997197568 -2.650023460 -0.041742261 0.998024881 0.046945229 0.076400787 0.997311831 0.044452418 -0.058250293 0.640189469
-0.055848315 0.042531662 -0.997533023 -2.706089497 -0.041409723 0.998133957 0.044875670 0.080070496 0.997580111 0.043813787 -0.053982876 0.638856649
-0.047997840 0.043712702 -0.997890353 -2.759745121 -0.039396495 0.998181701 0.045620404 0.081206679 0.998070300 0.041503068 -0.046188429 0.632827163
-0.041259766 0.044523813 -0.998155832 -2.814397097 -0.039243374 0.998163581 0.046146315 0.084194973 0.998377502 0.041074995 -0.039436728 0.629441023
-0.037669990 0.046770092 -0.998194993 -2.873398066 -0.039112873 0.998069525 0.048240248 0.084882423 0.998524487 0.040859487 -0.035767958 0.628414273
-0.031239890 0.045098208 -0.998493969 -2.928635359 -0.039789375 0.998133481 0.046326816 0.087582394 0.998719633 0.041176695 -0.029387157 0.625187576
-0.025804736 0.040788829 -0.998834550 -2.983009577 -0.039307304 0.998353064 0.041784663 0.089055672 0.998893976 0.040339734 -0.024158936 0.622610390
-0.023428421 0.036382142 -0.999063313 -3.042444468 -0.038476065 0.998564482 0.037266254 0.089457847 0.998984754 0.039313123 -0.021994948 0.623378396
-0.019415304 0.035863791 -0.999168098 -3.098453999 -0.038156655 0.998601794 0.036584903 0.091090158 0.999083102 0.038835216 -0.018019717 0.621522725
-0.016445132 0.038365349 -0.999128461 -3.156898022 -0.037273180 0.998545468 0.038956452 0.092060819 0.999169767 0.037881333 -0.014991214 0.620904505
-0.013605738 0.038020380 -0.999184370 -3.213570595 -0.037611373 0.998550177 0.038508393 0.093689479 0.999199808 0.038104631 -0.012156013 0.619197607
-0.012908602 0.037981790 -0.999195099 -3.270829916 -0.039670654 0.998472095 0.038466811 0.094935104 0.999129415 0.040135268 -0.011382120 0.618167281
-0.012291847 0.038542062 -0.999181330 -3.329878330 -0.040786676 0.998405933 0.039013907 0.096573420 0.999092281 0.041232839 -0.010700249 0.617004335
-0.011239415 0.038660966 -0.999189138 -3.388226748 -0.040933218 0.998396873 0.039090753 0.097517572 0.999098659 0.041339394 -0.009638879 0.615837097
-0.010046039 0.036716055 -0.999275267 -3.445099831 -0.042177495 0.998420775 0.037108686 0.098601647 0.999059618 0.042519726 -0.008481583 0.614944696
-0.007994034 0.034779619 -0.999363065 -3.501874447 -0.040882844 0.998548090 0.035078283 0.100579165 0.999131978 0.041137222 -0.006560538 0.612721801
-0.008368324 0.034500170 -0.999369681 -3.561201572 -0.038256995 0.998661935 0.034796093 0.101376079 0.999232888 0.038524061 -0.007037254 0.612791359
-0.009107100 0.036589887 -0.999288797 -3.620069027 -0.033755459 0.998749495 0.036877766 0.101959713 0.999388635 0.034067299 -0.007860602 0.613170624
-0.007744574 0.039132416 -0.999203920 -3.678516865 -0.034459710 0.998630047 0.039377030 0.103330716 0.999376118 0.034737233 -0.006385472 0.611171246
-0.009873136 0.043075960 -0.999022961 -3.738200188 -0.035544727 0.998425186 0.043401461 0.104619749 0.999319315 0.035938516 -0.008326465 0.612509429
-0.007707880 0.041361246 -0.999114454 -3.794654131 -0.038689598 0.998383820 0.041629475 0.107360408 0.999221504 0.038976219 -0.006095173 0.610843122
-0.007036244 0.040839858 -0.999140918 -3.851680279 -0.038609453 0.998409390 0.041081861 0.107839994 0.999229610 0.038865346 -0.005448248 0.610047460
-0.008250779 0.038621515 -0.999219835 -3.912791491 -0.038914967 0.998484492 0.038914431 0.108722389 0.999208450 0.039205674 -0.006735321 0.609427929
-0.008575886 0.038310084 -0.999229074 -3.971498966 -0.036766984 0.998578072 0.038600679 0.109716482 0.999287009 0.037069686 -0.007155146 0.609064341
-0.009466804 0.039018024 -0.999193609 -4.030399799 -0.035388287 0.998599470 0.039330103 0.111492999 0.999328792 0.035732094 -0.008072764 0.609124005
-0.008529491 0.042410020 -0.999063909 -4.088243008 -0.035315927 0.998464108 0.042686075 0.112424538 0.999339759 0.035646949 -0.007018643 0.607836664
-0.006104608 0.043863699 -0.999018908 -4.146003723 -0.036003757 0.998380125 0.044055656 0.114543900 0.999333024 0.036237385 -0.004515462 0.605744004
-0.007659468 0.044961084 -0.998959303 -4.204749584 -0.037380122 0.998277724 0.045216992 0.115479335 0.999271750 0.037687559 -0.005965624 0.605924249
-0.006955631 0.042433906 -0.999075055 -4.262764931 -0.036328971 0.998428881 0.042659387 0.117390752 0.999315739 0.036592092 -0.005403122 0.605162978
-0.007228088 0.042011935 -0.999090910 -4.319811344 -0.035745181 0.998467684 0.042244334 0.118004352 0.999334753 0.036018040 -0.005715287 0.604984820
-0.007257849 0.042815816 -0.999056578 -4.377016068 -0.034246508 0.998486221 0.043040160 0.119864792 0.999387085 0.034526579 -0.005780570 0.604511499
-0.006793982 0.045611791 -0.998936057 -4.434831142 -0.031081310 0.998466909 0.045801755 0.121224955 0.999493778 0.031359419 -0.005365892 0.603680134
-0.006971977 0.048180323 -0.998814344 -4.491026402 -0.029837091 0.998383760 0.048367821 0.122856572 0.999530494 0.030138934 -0.005523149 0.604066610
-0.006844776 0.050150607 -0.998718143 -4.550689697 -0.030097434 0.998278737 0.050334807 0.124528348 0.999523461 0.030403387 -0.005323590 0.603186369
-0.006193911 0.051350303 -0.998661458 -4.608446121 -0.033362247 0.998114049 0.051529076 0.126963511 0.999424100 0.033636764 -0.004469067 0.602004409
-0.006599322 0.051633243 -0.998644233 -4.665398121 -0.034555703 0.998057783 0.051831268 0.127632022 0.999381006 0.034850910 -0.004802282 0.601748526
-0.006706488 0.047127176 -0.998866320 -4.720876217 -0.037123270 0.998188615 0.047344442 0.129930466 0.999288142 0.037398703 -0.004944823 0.600893736
-0.005113556 0.046197940 -0.998919189 -4.779451370 -0.039530940 0.998142064 0.046364367 0.131279737 0.999205232 0.039725304 -0.003277808 0.599501908
-0.005391375 0.045098845 -0.998967946 -4.835823536 -0.039306149 0.998200953 0.045276355 0.132121280 0.999212682 0.039509676 -0.003609014 0.598712325
-0.005047563 0.044616126 -0.998991430 -4.893901348 -0.038078219 0.998271048 0.044776358 0.134782672 0.999262035 0.038265835 -0.003339933 0.598638177
-0.005124204 0.047426268 -0.998861492 -4.950704098 -0.038829193 0.998111963 0.047589876 0.136294708 0.999232829 0.039028853 -0.003273006 0.597727895
-0.004606294 0.049474925 -0.998764694 -5.008537292 -0.036848910 0.998088598 0.049611382 0.137832403 0.999310315 0.037031915 -0.002774392 0.597095490
-0.005678098 0.047604118 -0.998850167 -5.065289974 -0.039838240 0.998062491 0.047793034 0.140098512 0.999190032 0.040063806 -0.003770633 0.597247899
-0.006468363 0.047972865 -0.998827755 -5.123181820 -0.041988324 0.997954607 0.048202842 0.142202616 0.999097228 0.042250894 -0.004440834 0.596560657
-0.006398302 0.048624288 -0.998796582 -5.181051731 -0.047118224 0.997693002 0.048872389 0.143065542 0.998868823 0.047374222 -0.004092451 0.595186591
-0.007238573 0.044983741 -0.998961508 -5.239032745 -0.047056980 0.997865558 0.045275372 0.144460768 0.998865962 0.047335844 -0.005106325 0.594825149
-0.008607337 0.042563740 -0.999056637 -5.294852257 -0.048291583 0.997910202 0.042930957 0.144839138 0.998796165 0.048615552 -0.006533879 0.594610453
-0.007758972 0.040528107 -0.999148250 -5.357594490 -0.044655271 0.998167455 0.040835097 0.147657201 0.998972237 0.044934068 -0.005934960 0.592217386
-0.007492148 0.038845323 -0.999217093 -5.418953419 -0.039533105 0.998452425 0.039112024 0.150762558 0.999190152 0.039795190 -0.005944876 0.590764582
-0.008140862 0.041426897 -0.999108315 -5.478032112 -0.038889520 0.998372555 0.041713264 0.151507333 0.999210298 0.039194431 -0.006516539 0.590457141
-0.008687954 0.044892006 -0.998954177 -5.540400028 -0.038320899 0.998242915 0.045193329 0.153584495 0.999227703 0.038673453 -0.006952387 0.589311361
-0.009531002 0.044641566 -0.998957574 -5.601101875 -0.036080230 0.998337150 0.044958074 0.155799687 0.999303460 0.036471125 -0.007904474 0.589165330
-0.010695951 0.041058209 -0.999099493 -5.662153244 -0.036194734 0.998485982 0.041420482 0.156624377 0.999287605 0.036605176 -0.009193667 0.588258207
-0.011229713 0.037540589 -0.999231994 -5.723109245 -0.036380302 0.998618066 0.037926376 0.158377737 0.999274909 0.036778260 -0.009848457 0.586565673
-0.012762113 0.036708713 -0.999244452 -5.784306049 -0.035994291 0.998661339 0.037147000 0.159497485 0.999270439 0.036441173 -0.011423724 0.586154044
-0.012424898 0.037441999 -0.999221504 -5.848464012 -0.037219908 0.998588860 0.037881099 0.161481589 0.999229789 0.037661597 -0.011013775 0.584382534
-0.012639451 0.041719690 -0.999049366 -5.912292480 -0.041821793 0.998232841 0.042214695 0.163363129 0.999045074 0.042315606 -0.010872321 0.583288789
-0.012847570 0.045194801 -0.998895705 -5.973181725 -0.047805469 0.997807920 0.045760449 0.165057242 0.998774052 0.048340581 -0.010658851 0.581318021
-0.013385254 0.045097500 -0.998892963 -6.036528587 -0.054639567 0.997456789 0.045764841 0.166950196 0.998416424 0.055191651 -0.010887107 0.579835176
-0.013069706 0.043386463 -0.998972952 -6.097582340 -0.058456689 0.997316360 0.044079315 0.168633923 0.998204350 0.058972754 -0.010498402 0.578210950
-0.014029652 0.041973568 -0.999020159 -6.160882473 -0.061389960 0.997197628 0.042759109 0.170792907 0.998015285 0.061929710 -0.011413584 0.578022122
-0.013419382 0.042056173 -0.999025047 -6.227444649 -0.060586125 0.997245133 0.042795066 0.171322525 0.998072684 0.061101347 -0.010834395 0.575529039
-0.014211661 0.040517393 -0.999077678 -6.290331841 -0.058603931 0.997427285 0.041284092 0.173376396 0.998180091 0.059136603 -0.011800620 0.574863613
-0.014592620 0.041598953 -0.999027789 -6.353095055 -0.058394585 0.997393370 0.042383857 0.174804121 0.998186946 0.058956303 -0.012125432 0.573549211
-0.015413124 0.046313003 -0.998808086 -6.416482449 -0.057527237 0.997230947 0.047127601 0.176811948 0.998224974 0.058185056 -0.012706187 0.572140217
-0.015695889 0.050607499 -0.998595297 -6.481290817 -0.056587819 0.997072637 0.051419772 0.178419366 0.998274267 0.057315409 -0.012786174 0.570718825
-0.017078785 0.049086649 -0.998648584 -6.544085979 -0.057137880 0.997114003 0.049988385 0.180459544 0.998220265 0.057914399 -0.014224790 0.571246147
-0.014819993 0.048181839 -0.998728633 -6.605132580 -0.056988891 0.997173905 0.048952490 0.182638645 0.998264790 0.057641916 -0.012032279 0.567553937
-0.014383630 0.046989478 -0.998791814 -6.667451382 -0.057140548 0.997224152 0.047738604 0.185807168 0.998262465 0.057758167 -0.011658698 0.567097962
-0.012733636 0.046621639 -0.998831451 -6.729632854 -0.056239303 0.997297823 0.047267023 0.186794549 0.998336256 0.056775462 -0.010077260 0.564963043
-0.011841863 0.049024303 -0.998727381 -6.792195797 -0.056314111 0.997179508 0.049616039 0.188488767 0.998342931 0.056829985 -0.009047705 0.563628078
-0.010613904 0.052559640 -0.998561382 -6.856007099 -0.057727184 0.996919930 0.053086836 0.190897465 0.998275995 0.058207598 -0.007547094 0.562670290
-0.009645998 0.053482700 -0.998522222 -6.918046474 -0.058926642 0.996802866 0.053959850 0.193193406 0.998215735 0.059360050 -0.006463603 0.561393261
-0.008375666 0.050383706 -0.998694837 -6.981834888 -0.061716724 0.996799827 0.050805695 0.195758715 0.998058558 0.062061708 -0.005239346 0.560725927
-0.007973846 0.047775783 -0.998826206 -7.044086933 -0.060687836 0.996993661 0.048172604 0.197400957 0.998124957 0.061000727 -0.005050465 0.559330583
-0.008461856 0.046090763 -0.998901427 -7.105422020 -0.057306506 0.997273088 0.046501074 0.199758440 0.998320758 0.057637043 -0.005797482 0.559627056
-0.008529330 0.045784011 -0.998914957 -7.166975021 -0.055768006 0.997374892 0.046189602 0.200617805 0.998407245 0.056101464 -0.005953655 0.558332920
-0.008829959 0.045279779 -0.998935282 -7.229444981 -0.052692886 0.997565329 0.045683451 0.203177631 0.998571754 0.053040158 -0.006422538 0.557686567
-0.008484953 0.044348005 -0.998980105 -7.292820454 -0.051885240 0.997650802 0.044729687 0.204868510 0.998616993 0.052211847 -0.006164014 0.556609690
-0.008434562 0.044760827 -0.998962104 -7.354220390 -0.050753776 0.997690916 0.045132395 0.206216753 0.998675525 0.051081777 -0.006143305 0.555683017
-0.008437182 0.047093485 -0.998854816 -7.416686058 -0.048984692 0.997671723 0.047451466 0.208818361 0.998763919 0.049328946 -0.006110679 0.554616749
-0.008116073 0.048194736 -0.998804986 -7.479256630 -0.046627771 0.997733235 0.048521902 0.211354390 0.998879373 0.046965856 -0.005850461 0.553384423
-0.008432601 0.046257921 -0.998893917 -7.538924217 -0.044964872 0.997901559 0.046591554 0.213446110 0.998952985 0.045308039 -0.006334924 0.552334547
-0.009426008 0.046808589 -0.998859525 -7.602228165 -0.045067277 0.997869015 0.047187459 0.215283275 0.998939455 0.045460660 -0.007296386 0.552201271
-0.009694752 0.052218150 -0.998588681 -7.664771557 -0.045568213 0.997575104 0.052607544 0.217019036 0.998914123 0.046013918 -0.007291756 0.552506685
-0.008609199 0.058368303 -0.998257995 -7.726203442 -0.050803658 0.996980190 0.058731735 0.219443753 0.998671472 0.051220797 -0.005617878 0.549745739
-0.006044969 0.058291044 -0.998281300 -7.789038181 -0.056049276 0.996710420 0.058538716 0.222273141 0.998409688 0.056306809 -0.002757914 0.547733188
-0.005506608 0.055089839 -0.998466313 -7.848874569 -0.059407648 0.996699691 0.055320024 0.224072859 0.998218715 0.059621144 -0.002215677 0.546655416
-0.003665530 0.049187060 -0.998782873 -7.909837246 -0.061083946 0.996913433 0.049319174 0.226625487 0.998125911 0.061190378 -0.000649677 0.545553148
-0.002398073 0.047842305 -0.998852015 -7.971726418 -0.064090267 0.996793985 0.047897600 0.228503317 0.997941196 0.064131543 0.000675841 0.544069946
-0.001183556 0.044971228 -0.998987556 -8.032331467 -0.058558576 0.997270882 0.044963323 0.229772314 0.998283267 0.058552500 0.001453125 0.544045568
-0.001467004 0.040240530 -0.999188900 -8.095343590 -0.055593960 0.997641444 0.040259831 0.231998816 0.998452425 0.055607926 0.000773586 0.545000792
-0.001427013 0.037008815 -0.999313891 -8.154285431 -0.048994876 0.998112202 0.037034281 0.233054176 0.998798013 0.049014110 0.000388923 0.543823063
-0.002989359 0.039237197 -0.999225378 -8.217011452 -0.045419581 0.998193383 0.039332554 0.235178918 0.998963475 0.045501992 -0.001201821 0.544608891
-0.001894369 0.046236269 -0.998928726 -8.277871132 -0.047067691 0.997819304 0.046274178 0.236471534 0.998889863 0.047104925 0.000285996 0.543591499
-0.000437338 0.049317636 -0.998783052 -8.340064049 -0.049339421 0.997565627 0.049279131 0.238571689 0.998781979 0.049300928 0.001997031 0.543144464
0.001741952 0.045789950 -0.998949587 -8.401366234 -0.049948532 0.997708142 0.045645945 0.240487665 0.998750210 0.049816556 0.004025102 0.542661488
0.002999343 0.045528740 -0.998958647 -8.463136673 -0.052575629 0.997588575 0.045308452 0.242636606 0.998612404 0.052384976 0.005385812 0.541629851
0.003695024 0.046684127 -0.998902917 -8.523444176 -0.050703105 0.997633517 0.046437263 0.244017348 0.998706937 0.050475884 0.006053312 0.542117715
0.004522034 0.045849763 -0.998938024 -8.579933167 -0.050803926 0.997668862 0.045561515 0.244488984 0.998698413 0.050543945 0.006840841 0.541518569
0.006243659 0.043552566 -0.999031603 -8.639656067 -0.050684154 0.997780859 0.043181270 0.246880338 0.998695195 0.050365463 0.008437228 0.541520834
0.007941892 0.045829494 -0.998917758 -8.698524475 -0.051345252 0.997650206 0.045363132 0.248185799 0.998649418 0.050929405 0.010276358 0.542141557
0.009154977 0.047735687 -0.998818040 -8.752276421 -0.051819142 0.997540414 0.047199678 0.249420702 0.998614550 0.051325772 0.011606083 0.541631758
0.009480429 0.049225524 -0.998742640 -8.805548668 -0.052579965 0.997430384 0.048661739 0.250970155 0.998571754 0.052052520 0.012044345 0.542204916
0.010829739 0.049812406 -0.998699844 -8.860033035 -0.052638154 0.997402072 0.049176883 0.253468275 0.998555064 0.052037138 0.013423637 0.540718913
0.009815831 0.051752672 -0.998611689 -8.910051346 -0.052734409 0.997296810 0.051166177 0.252852768 0.998560309 0.052158955 0.012518444 0.542074382
0.010241786 0.051422827 -0.998624444 -8.960913658 -0.053594861 0.997269511 0.050803404 0.253557205 0.998510242 0.053000819 0.012969818 0.542159438
0.011822941 0.051177606 -0.998619616 -9.008941650 -0.053675115 0.997281909 0.050473582 0.254914761 0.998488486 0.053004276 0.014537770 0.542020500
0.013762085 0.051051874 -0.998601198 -9.056639671 -0.055542402 0.997192800 0.050214428 0.257834733 0.998361468 0.054773651 0.016558997 0.542498410
0.013102997 0.050367840 -0.998644769 -9.101829529 -0.052710414 0.997376680 0.049612280 0.257230222 0.998523891 0.051988907 0.015723534 0.542566895
0.009604654 0.047278672 -0.998835504 -9.148891449 -0.050134920 0.997648180 0.046740379 0.258241236 0.998696268 0.049627610 0.011952380 0.543619990
0.005168265 0.044035610 -0.999016523 -9.195782661 -0.050244179 0.997779608 0.043721147 0.259132802 0.998723567 0.049968801 0.007369320 0.542789340
0.000448447 0.040856343 -0.999164879 -9.240268707 -0.051892705 0.997819781 0.040778045 0.260416269 0.998652577 0.051831082 0.002567614 0.542238355
-0.003844087 0.039705828 -0.999203980 -9.285453796 -0.054204904 0.997734070 0.039855950 0.262093127 0.998522460 0.054314967 -0.001683126 0.541979671
-0.006675627 0.041055597 -0.999134541 -9.332051277 -0.056269690 0.997558236 0.041366786 0.262483060 0.998393238 0.056497145 -0.004349141 0.540990174
-0.008970443 0.042421192 -0.999059558 -9.377073288 -0.054921817 0.997570634 0.042851109 0.263956040 0.998450339 0.055254560 -0.006618804 0.540758729
-0.010617011 0.044272572 -0.998963058 -9.423594475 -0.052240804 0.997630477 0.044768732 0.264761984 0.998578131 0.052661937 -0.008279019 0.540312529
-0.012407104 0.044419810 -0.998935878 -9.468019485 -0.049882453 0.997741461 0.044986252 0.266003788 0.998678029 0.050387513 -0.010163314 0.540140808
-0.012074245 0.043350007 -0.998986900 -9.513601303 -0.050625790 0.997752011 0.043908309 0.267219722 0.998644710 0.051104661 -0.009852472 0.537987351
-0.014414545 0.042841889 -0.998977840 -9.558366776 -0.052104563 0.997692049 0.043538582 0.267708719 0.998537540 0.052678891 -0.012149020 0.538356483
-0.013601463 0.042502467 -0.999003768 -9.602726936 -0.055910200 0.997500777 0.043199740 0.268786430 0.998343170 0.056442078 -0.011191148 0.536910713
-0.012452511 0.041064821 -0.999078870 -9.647947311 -0.059334613 0.997365355 0.041733928 0.270008296 0.998160481 0.059799656 -0.009983140 0.535705268
-0.012721729 0.037281282 -0.999223828 -9.692845345 -0.058447905 0.997568369 0.037963647 0.272003651 0.998209417 0.058885500 -0.010511779 0.535904765
-0.010356046 0.035621993 -0.999311686 -9.737870216 -0.058346480 0.997641027 0.036167093 0.272095293 0.998242617 0.058680873 -0.008253199 0.533895791
-0.009986918 0.035105057 -0.999333739 -9.783303261 -0.058971331 0.997623444 0.035634313 0.273125172 0.998209655 0.059287913 -0.007892992 0.533271253
-0.008611623 0.037495706 -0.999259710 -9.829413414 -0.055897128 0.997716308 0.037919510 0.274674177 0.998399377 0.056182303 -0.006496055 0.532359064
-0.008516194 0.039356153 -0.999188960 -9.876001358 -0.055308621 0.997677088 0.039768003 0.275258154 0.998432994 0.055602442 -0.006319677 0.531838834
-0.007349698 0.035905063 -0.999328196 -9.921888351 -0.050505076 0.998066425 0.036231183 0.276191741 0.998696744 0.050737441 -0.005522097 0.531349778
-0.007812127 0.032787140 -0.999431849 -9.968871117 -0.048509229 0.998273253 0.033128303 0.277338445 0.998792171 0.048740476 -0.006208157 0.531245232
-0.005894314 0.032969009 -0.999439001 -10.015417099 -0.053039465 0.998039126 0.033235643 0.278706372 0.998575032 0.053205606 -0.004134099 0.529521525
-0.003446453 0.037363309 -0.999295771 -10.063316345 -0.054273140 0.997821867 0.037495378 0.279505342 0.998520195 0.054364149 -0.001411122 0.528392136
-0.001858771 0.036277305 -0.999339998 -10.110980034 -0.052123144 0.997979760 0.036324877 0.280914992 0.998638988 0.052156266 0.000035872 0.528271616
0.001007855 0.037562598 -0.999293745 -10.159667969 -0.051175278 0.997986853 0.037461858 0.282331258 0.998689115 0.051101379 0.002928103 0.527852178
0.003122033 0.042235099 -0.999102771 -10.207764626 -0.051200211 0.997804046 0.042020209 0.283911526 0.998683572 0.051023085 0.005277623 0.527692258
0.004833232 0.046473816 -0.998907745 -10.257411003 -0.049206294 0.997720480 0.046180487 0.284989595 0.998776853 0.048929356 0.007109019 0.527633607
0.006340350 0.046469983 -0.998899579 -10.307015419 -0.048408184 0.997762740 0.046109840 0.287198544 0.998807490 0.048062570 0.008575693 0.527615130
0.009651206 0.047958221 -0.998802722 -10.356616974 -0.052310467 0.997505784 0.047390483 0.288372070 0.998584211 0.051790468 0.012135850 0.526926041
0.011428449 0.048024882 -0.998780727 -10.405381203 -0.055064633 0.997360647 0.047326520 0.290976048 0.998417437 0.054456633 0.014042756 0.527964234
0.016972318 0.050892752 -0.998559892 -10.455840111 -0.056248602 0.997170746 0.049865913 0.291151643 0.998272479 0.055321254 0.019786941 0.526860058
0.019428737 0.049864143 -0.998567045 -10.505792618 -0.058995731 0.997072518 0.048641648 0.291924715 0.998069227 0.057966154 0.022313632 0.527975440
0.023691626 0.045332033 -0.998691022 -10.555567741 -0.059473433 0.997265995 0.043856483 0.294852316 0.997948647 0.058356546 0.026322907 0.527773321
0.024536332 0.044778831 -0.998695552 -10.605894089 -0.059508350 0.997290194 0.043253794 0.296244591 0.997926176 0.058369435 0.027134554 0.529378057
0.027275037 0.046334568 -0.998553514 -10.656628609 -0.058654919 0.997278214 0.044673264 0.298254818 0.997905672 0.057351623 0.029918555 0.529721737
0.028685153 0.050241161 -0.998325109 -10.707377434 -0.060256194 0.997006655 0.048443459 0.299630702 0.997770667 0.058765668 0.031626631 0.531016588
0.031412125 0.050473791 -0.998231292 -10.759377480 -0.062085751 0.996894002 0.048452470 0.300972342 0.997576296 0.060453944 0.034448262 0.531498492
0.030595103 0.046638697 -0.998443127 -10.809090614 -0.059162933 0.997243881 0.044769756 0.303446949 0.997779369 0.057701092 0.033270050 0.534102380
0.030776417 0.043259729 -0.998589754 -10.861427307 -0.057154894 0.997504354 0.041451208 0.305578709 0.997890830 0.055798560 0.033172116 0.535935342
0.030794421 0.042681199 -0.998614073 -10.913085938 -0.053450298 0.997728646 0.040995099 0.306018770 0.998095572 0.052113805 0.033005800 0.537435055
0.031370331 0.041720178 -0.998636842 -10.965357780 -0.053854331 0.997747600 0.039991301 0.307733893 0.998055935 0.052526370 0.033546489 0.538554251
0.031886607 0.042262912 -0.998597562 -11.014614105 -0.053034034 0.997769594 0.040534429 0.308280855 0.998083472 0.051667146 0.034056865 0.539748013
0.032219030 0.043884780 -0.998516917 -11.066771507 -0.055788495 0.997557044 0.042042468 0.309001863 0.997922659 0.054351188 0.034588594 0.540080309
