0.999997437 0.002017037 0.000964306 -0.000782099 -0.002016449 0.999997795 -0.000610025 -0.001110986 -0.000965535 0.000608079 0.999999344 0.056340836
0.999996603 0.002338237 0.001129229 -0.000793999 -0.002338784 0.999997139 0.000483394 -0.001752571 -0.001128095 -0.000486034 0.999999225 0.083591565
0.999992847 0.003181784 0.002002762 -0.001211326 -0.003188136 0.999989986 0.003176589 -0.002140334 -0.001992634 -0.003182952 0.999992967 0.109661110
0.999991596 0.002786022 0.003015477 -0.000788198 -0.002807121 0.999971449 0.007015395 -0.002464311 -0.002995846 -0.007023801 0.999970794 0.135593474
0.999987900 0.002055675 0.004454370 -0.000782398 -0.002103563 0.999939740 0.010772772 -0.002943393 -0.004431956 -0.010782013 0.999932051 0.160225272
0.999984860 0.001142188 0.005380091 -0.000623350 -0.001212569 0.999913514 0.013096651 -0.003375925 -0.005364668 -0.013102978 0.999899685 0.183915883
0.999975622 0.001770301 0.006757913 -0.000616348 -0.001859447 0.999911010 0.013208021 -0.003903712 -0.006733931 -0.013220265 0.999889910 0.207230300
0.999965370 0.002697623 0.007871707 -0.000568905 -0.002779151 0.999942362 0.010364551 -0.004082048 -0.007843294 -0.010386068 0.999915302 0.227992341
0.999957383 0.002733602 0.008823085 -0.000495230 -0.002797600 0.999969661 0.007249226 -0.004164590 -0.008803003 -0.007273600 0.999934793 0.248968124
0.999943376 0.001034505 0.010588775 -0.000171219 -0.001098162 0.999981344 0.006007778 -0.004639897 -0.010582362 -0.006019066 0.999925911 0.267910957
0.999916077 -0.003009043 0.012597129 -0.000018425 0.002962933 0.999988854 0.003677494 -0.004853413 -0.012608053 -0.003639860 0.999913931 0.286458552
0.999883950 -0.004914576 0.014416966 0.000470039 0.004880393 0.999985218 0.002405164 -0.005233103 -0.014428572 -0.002334524 0.999893188 0.303373516
0.999872446 -0.000546648 0.015962560 0.000778330 0.000540188 0.999999762 0.000408993 -0.005606995 -0.015962781 -0.000400318 0.999872506 0.319424510
0.999803782 0.003667893 0.019468008 0.000571203 -0.003664482 0.999993205 -0.000210872 -0.006108164 -0.019468650 0.000139491 0.999810457 0.334099323
0.999740243 0.003799811 0.022474539 0.001182670 -0.003824509 0.999992073 0.001056052 -0.006459292 -0.022470348 -0.001141731 0.999746859 0.347798079
0.999664068 -0.000116777 0.025915351 0.001608306 0.000083864 0.999999106 0.001271099 -0.006558678 -0.025915479 -0.001268499 0.999663353 0.360183835
0.999598026 -0.004587896 0.027974728 0.002784185 0.004565322 0.999989212 0.000870782 -0.006585287 -0.027978424 -0.000742719 0.999608278 0.372033507
0.999488294 -0.008277713 0.030896794 0.002803810 0.008211118 0.999963701 0.002281720 -0.006850895 -0.030914562 -0.002026855 0.999519944 0.381322533
0.999397814 -0.009014511 0.033507157 0.003243375 0.008899776 0.999954045 0.003571785 -0.007245952 -0.033537820 -0.003271428 0.999432147 0.390554368
0.999332011 -0.007969788 0.035665311 0.003434433 0.007878047 0.999965310 0.002712050 -0.007473666 -0.035685681 -0.002429265 0.999360085 0.398293912
0.999273360 -0.006712717 0.037517745 0.003824753 0.006675435 0.999977112 0.001118875 -0.007511014 -0.037524398 -0.000867615 0.999295294 0.405669600
0.999191761 -0.004924462 0.039894227 0.004177092 0.004917668 0.999987900 0.000268403 -0.007763371 -0.039895065 -0.000072001 0.999203861 0.412193805
0.999113798 -0.001914953 0.042047080 0.004092745 0.001931675 0.999997973 -0.000357056 -0.007955473 -0.042046316 0.000437961 0.999115407 0.418777168
0.999053895 -0.000873158 0.043481026 0.004328758 0.000932965 0.999998510 -0.001355151 -0.008373642 -0.043479785 0.001394435 0.999053240 0.424808770
0.998955846 -0.001753301 0.045652464 0.004576104 0.001907789 0.999992430 -0.003340623 -0.008499159 -0.045646269 0.003424230 0.998951614 0.430645883
0.998890698 -0.002829638 0.047003299 0.005083755 0.003054464 0.999984205 -0.004712059 -0.008641013 -0.046989232 0.004850402 0.998883605 0.436342746
0.998821139 -0.003723330 0.048398629 0.005188245 0.003995402 0.999976695 -0.005525969 -0.008863181 -0.048376929 0.005712827 0.998812854 0.441653132
0.998756766 -0.003037077 0.049755365 0.005602799 0.003379468 0.999971151 -0.006798797 -0.009051094 -0.049733274 0.006958493 0.998738348 0.446817517
0.998674393 -0.001646006 0.051445905 0.005570885 0.002120003 0.999955714 -0.009160282 -0.008958356 -0.051428553 0.009257204 0.998633742 0.451579452
0.998634279 -0.001802496 0.052213531 0.006002350 0.002403108 0.999931574 -0.011442484 -0.009104046 -0.052189339 0.011552332 0.998570323 0.456412047
0.998601139 -0.002931478 0.052792676 0.006442310 0.003639309 0.999904692 -0.013316614 -0.009481047 -0.052748617 0.013490115 0.998516679 0.461425394
0.998623908 -0.003799317 0.052305140 0.006790956 0.004613298 0.999870002 -0.015450231 -0.009510141 -0.052239645 0.015670270 0.998511612 0.466104776
0.998718798 -0.004055078 0.050440513 0.006890560 0.004893037 0.999851882 -0.016500451 -0.009691766 -0.050366137 0.016726118 0.998590708 0.470679700
0.998859823 -0.003858879 0.047582526 0.006856250 0.004699168 0.999834776 -0.017560415 -0.009727854 -0.047506899 0.017763991 0.998712897 0.475664079
0.999070406 -0.003261284 0.042983249 0.007249530 0.004078891 0.999812186 -0.018947596 -0.009788577 -0.042913381 0.019105308 0.998896062 0.480828792
0.999302804 -0.003428833 0.037176557 0.007193622 0.004163664 0.999797106 -0.019706620 -0.010143773 -0.037101448 0.019847674 0.999114335 0.485630929
0.999527991 -0.003333772 0.030538490 0.007109434 0.003964430 0.999779582 -0.020614076 -0.010140051 -0.030463040 0.020725414 0.999320984 0.490631461
0.999723256 -0.003224079 0.023303056 0.006944582 0.003730118 0.999757469 -0.021704787 -0.010111687 -0.023227431 0.021785704 0.999492824 0.495359451
0.999881566 -0.004221278 0.014802992 0.006948262 0.004549580 0.999742925 -0.022214977 -0.010471013 -0.014705411 0.022279697 0.999643564 0.500588477
0.999977350 -0.004911007 0.004606934 0.006698832 0.005018981 0.999705970 -0.023726247 -0.010488487 -0.004489062 0.023748834 0.999707997 0.506029427
0.999949098 -0.006148518 -0.008002838 0.005896051 0.005940641 0.999650836 -0.025744915 -0.010431753 0.008158339 0.025696065 0.999636471 0.511480868
0.999686658 -0.007037612 -0.024022065 0.005200851 0.006367627 0.999591708 -0.027853822 -0.010674195 0.024208279 0.027692134 0.999323249 0.517271340
0.999042451 -0.006509061 -0.043265313 0.004129412 0.005272992 0.999576390 -0.028622480 -0.010953667 0.043433286 0.028366931 0.998653531 0.523880422
0.997901678 -0.005728658 -0.064494327 0.002460659 0.003890641 0.999583602 -0.028588500 -0.011077611 0.064631239 0.028277585 0.997508407 0.530810416
0.996046126 -0.005347505 -0.088676035 0.001212828 0.002987585 0.999638319 -0.026724244 -0.011751538 0.088786878 0.026353655 0.995701909 0.538691103
0.993324101 -0.004200764 -0.115281641 -0.000672325 0.001233410 0.999666393 -0.025799306 -0.011772422 0.115351580 0.025484880 0.992997706 0.546877146
0.989387214 -0.002761877 -0.145277306 -0.003254294 -0.000677732 0.999720812 -0.023621343 -0.012207601 0.145301983 0.023469115 0.989108980 0.555300772
0.983975947 -0.003474463 -0.178267956 -0.006428793 -0.000233378 0.999784172 -0.020774079 -0.012320344 0.178301632 0.020482797 0.983762681 0.565345466
0.976589262 -0.002309701 -0.215100348 -0.009830743 -0.001404680 0.999852538 -0.017113669 -0.012675591 0.215108186 0.017015170 0.976442039 0.575082183
0.967011094 -0.000503730 -0.254734308 -0.013525665 -0.002499443 0.999931157 -0.011465613 -0.013179682 0.254722565 0.011724068 0.966943085 0.584681034
0.955159128 0.002843593 -0.296079665 -0.018537849 -0.005109855 0.999963284 -0.006880707 -0.013429576 0.296049237 0.008085094 0.955138385 0.595247984
0.941003203 0.006630898 -0.338332832 -0.023911953 -0.008111105 0.999962747 -0.002961360 -0.013512855 0.338300616 0.005530903 0.941021800 0.605901718
0.924415410 0.009423535 -0.381270885 -0.030263990 -0.009068821 0.999955237 0.002727075 -0.013749041 0.381279469 0.000936729 0.924459338 0.617312193
0.904708445 0.012396388 -0.425850809 -0.035300165 -0.009145118 0.999911368 0.009678558 -0.013822069 0.425933063 -0.004861818 0.904741526 0.627031624
0.882503569 0.016318189 -0.470022410 -0.041588441 -0.010201910 0.999827027 0.015557004 -0.013690241 0.470194906 -0.008933986 0.882517338 0.637505770
0.857970238 0.020463884 -0.513291717 -0.050771162 -0.012319268 0.999738514 0.019265786 -0.013295864 0.513551772 -0.010206093 0.857997835 0.648891807
0.829676986 0.024626557 -0.557700336 -0.059171885 -0.014189055 0.999634027 0.023032464 -0.013687765 0.558063507 -0.011196262 0.829722643 0.659008503
0.799035549 0.029276859 -0.600570619 -0.069151729 -0.017393449 0.999521375 0.025583768 -0.014236712 0.601032138 -0.009996350 0.799162328 0.669351995
0.765507340 0.031453326 -0.642657876 -0.079565346 -0.017750172 0.999456644 0.027772706 -0.013910109 0.643182158 -0.009852922 0.765649796 0.679335773
0.728001833 0.034181304 -0.684722543 -0.092273146 -0.017981349 0.999364614 0.030770337 -0.012981707 0.685339332 -0.010088625 0.728154063 0.691261292
0.689025760 0.036294963 -0.723827422 -0.105237514 -0.016887425 0.999278069 0.034031436 -0.013129195 0.724539995 -0.011224955 0.689141273 0.701678216
0.648345768 0.037050582 -0.760443985 -0.119986951 -0.015296792 0.999247432 0.035643771 -0.012796370 0.761192322 -0.011477141 0.648424625 0.712103009
0.606329381 0.034327198 -0.794472337 -0.135141790 -0.009890890 0.999316037 0.035629407 -0.011795724 0.795152128 -0.013745120 0.606254220 0.721644044
0.561548531 0.034118436 -0.826740086 -0.152058959 -0.006032249 0.999291778 0.037142109 -0.010988249 0.827421725 -0.015869994 0.561356544 0.731957197
0.513280392 0.035307691 -0.857494414 -0.169009119 -0.003337975 0.999227941 0.039145581 -0.010102397 0.858214557 -0.017230362 0.513002038 0.741886497
0.463922709 0.036865499 -0.885108292 -0.187292308 -0.004510239 0.999219060 0.039254300 -0.010099456 0.885864198 -0.014218909 0.463726699 0.749298811
0.412436008 0.036053013 -0.910272956 -0.206255987 -0.001133754 0.999236107 0.039062869 -0.009478170 0.910985827 -0.015078908 0.412161857 0.755800188
0.359662265 0.034791555 -0.932433665 -0.226189733 0.006890579 0.999178290 0.039939839 -0.009095438 0.933057070 -0.020789860 0.359127045 0.761954069
0.304167330 0.033576999 -0.952026665 -0.248574153 0.007335130 0.999266446 0.037586633 -0.007946542 0.952590287 -0.018415866 0.303697944 0.768777132
0.251650095 0.039558996 -0.967009425 -0.271390438 0.008204235 0.999041200 0.043004401 -0.006999198 0.967783511 -0.018755632 0.251084208 0.772957623
0.201369703 0.044145983 -0.978520095 -0.295574665 0.010000513 0.998839140 0.047120690 -0.005987037 0.979464173 -0.019274378 0.200694486 0.776252627
0.153533131 0.045961536 -0.987074018 -0.320666015 0.015048539 0.998693109 0.048843265 -0.005377376 0.988028824 -0.022353081 0.152640805 0.778995574
0.107183985 0.047287084 -0.993114054 -0.345620990 0.017969288 0.998613060 0.049488295 -0.004742606 0.994076788 -0.023149908 0.106185600 0.781436622
0.067537144 0.045592628 -0.996674418 -0.372522473 0.017575365 0.998745918 0.046878349 -0.003888668 0.997561932 -0.020682948 0.066651158 0.781898499
0.031064525 0.041201178 -0.998667836 -0.400028884 0.015006422 0.999018192 0.041682422 -0.002296401 0.999404728 -0.016281271 0.030415744 0.782135010
0.002298960 0.041243125 -0.999146521 -0.428877562 0.012786728 0.999066234 0.041269243 -0.000963770 0.999915600 -0.012870688 0.001769446 0.781456411
-0.018898940 0.045296211 -0.998794794 -0.458550900 0.011654124 0.998915315 0.045081172 0.000186611 0.999753475 -0.010788091 -0.019406330 0.780424535
-0.030823279 0.051775828 -0.998182893 -0.489277810 0.013612432 0.998586655 0.051376421 0.001279082 0.999432087 -0.012004109 -0.031484507 0.778716922
-0.039691780 0.054141138 -0.997744083 -0.521479607 0.012949062 0.998475015 0.053665660 0.002539050 0.999128044 -0.010789766 -0.040332317 0.777709246
-0.043344475 0.050998773 -0.997757673 -0.553879619 0.013647963 0.998633265 0.050450642 0.003967211 0.998966873 -0.011430603 -0.043981262 0.776245236
-0.043362677 0.047235262 -0.997942090 -0.587718606 0.021620462 0.998692155 0.046331294 0.005384421 0.998825431 -0.019566922 -0.044327207 0.775596619
-0.038318485 0.045500241 -0.998229086 -0.621849418 0.033793751 0.998450398 0.044213105 0.006877117 0.998694062 -0.032039732 -0.039796725 0.774277687
-0.031554632 0.045927059 -0.998446286 -0.655920148 0.033546571 0.998429537 0.044866089 0.008008100 0.998938918 -0.032078724 -0.033045765 0.772399664
-0.028003033 0.044382203 -0.998622060 -0.692709088 0.031928409 0.998543680 0.043483406 0.009401543 0.999097824 -0.030666742 -0.029379308 0.772190690
-0.024337227 0.038074303 -0.998978436 -0.728436232 0.035873223 0.998664200 0.037188374 0.010723069 0.999059975 -0.034931522 -0.025670566 0.770877540
-0.022849161 0.027586415 -0.999358237 -0.766880155 0.033725701 0.999071538 0.026807405 0.011523444 0.999169827 -0.033091526 -0.023758320 0.770412624
-0.021263968 0.018764351 -0.999597788 -0.804992735 0.025139404 0.999517679 0.018228076 0.012704857 0.999457777 -0.024741685 -0.021725439 0.768504381
-0.023465974 0.016098885 -0.999594986 -0.844728231 0.020230737 0.999673247 0.015625222 0.013305598 0.999519944 -0.019855885 -0.023783999 0.767473638
-0.027020831 0.022128813 -0.999389887 -0.885583222 0.011096473 0.999700010 0.021835659 0.013804624 0.999573231 -0.010499687 -0.027258279 0.766018689
-0.031607416 0.030463051 -0.999036014 -0.927629173 0.005938922 0.999523520 0.030290021 0.014567280 0.999482691 -0.004975808 -0.031773273 0.763640881
-0.036113705 0.039591625 -0.998563111 -0.969227672 0.004545046 0.999211133 0.039452940 0.016035855 0.999337316 -0.003113724 -0.036265165 0.761818230
-0.037975606 0.049913839 -0.998031318 -1.013686538 0.003561716 0.998752058 0.049814370 0.017263997 0.999272346 -0.001662973 -0.038105998 0.760069788
-0.038714945 0.057635807 -0.997586846 -1.056814075 0.004703139 0.998334527 0.057496499 0.019069571 0.999239206 -0.002465816 -0.038921546 0.758430302
-0.040536355 0.058419995 -0.997468710 -1.101134658 0.005987414 0.998285532 0.058224507 0.020987663 0.999160230 -0.003612048 -0.040816642 0.756289005
-0.042431105 0.055356570 -0.997564614 -1.144206643 0.004761809 0.998463690 0.055203915 0.023028444 0.999088109 -0.002407849 -0.042629521 0.754387677
-0.045096267 0.050796092 -0.997690499 -1.188530922 0.004370150 0.998706996 0.050650321 0.024498500 0.998973072 -0.002075917 -0.045259945 0.752002597
-0.049661234 0.045614604 -0.997723997 -1.232302189 0.004154152 0.998957336 0.045464221 0.026182946 0.998757541 -0.001886888 -0.049798947 0.749749243
-0.055460844 0.040941231 -0.997621059 -1.276817679 0.004642926 0.999158740 0.040746223 0.027648812 0.998449981 -0.002372062 -0.055604268 0.746979773
-0.062108614 0.039083388 -0.997303843 -1.321081877 0.004040592 0.999234676 0.038907420 0.029076064 0.998061180 -0.001613213 -0.062219001 0.744032383
-0.068745345 0.041408330 -0.996774435 -1.367506266 0.003763834 0.999141872 0.041247081 0.030373935 0.997627139 -0.000916149 -0.068842217 0.740646243
-0.074872017 0.046125170 -0.996125758 -1.412849903 0.002296771 0.998934925 0.046082612 0.031790759 0.997190535 0.001162425 -0.074898228 0.736671031
-0.081430882 0.049369857 -0.995455444 -1.458415508 -0.000276954 0.998771250 0.049556956 0.033199087 0.996678948 0.004311163 -0.081317142 0.733165741
-0.086032547 0.051293526 -0.994971037 -1.504969001 -0.003562039 0.998651564 0.051791266 0.035277411 0.996285975 0.007999860 -0.085733816 0.728537738
-0.088319898 0.052156221 -0.994725704 -1.550575972 -0.009350005 0.998540699 0.053186428 0.037285898 0.996048272 0.013998111 -0.087703370 0.723816156
-0.090182364 0.053537358 -0.994485259 -1.596173048 -0.012925197 0.998407066 0.054920577 0.039251357 0.995841444 0.017806787 -0.089346722 0.719684124
-0.091795191 0.053142127 -0.994358838 -1.644886732 -0.013588531 0.998415112 0.054613352 0.041083150 0.995685160 0.018525120 -0.090927601 0.714722931
-0.093045458 0.052766968 -0.994262576 -1.690042138 -0.013511015 0.998435855 0.054252841 0.042385008 0.995570242 0.018481476 -0.092186980 0.710088015
-0.094315790 0.051996518 -0.994183421 -1.736744285 -0.014236230 0.998462498 0.053570878 0.044283316 0.995440543 0.019206004 -0.093430564 0.705468178
-0.095417075 0.050570983 -0.994152009 -1.785328746 -0.017601920 0.998466849 0.052479886 0.046794631 0.995281756 0.022506464 -0.094380625 0.701045334
-0.096348949 0.048012964 -0.994188905 -1.832543850 -0.021904329 0.998491824 0.050343551 0.048578400 0.995106578 0.026627593 -0.095151916 0.696328759
-0.095959038 0.042975862 -0.994457126 -1.878493786 -0.027538555 0.998570502 0.045810919 0.050248638 0.995004237 0.031781889 -0.094638370 0.691032708
-0.095692143 0.042385973 -0.994508147 -1.926959872 -0.028669327 0.998561144 0.045317292 0.051915977 0.994998038 0.032848395 -0.094339266 0.686128736
-0.093683712 0.046508707 -0.994515121 -1.974850655 -0.029053513 0.998355091 0.049425140 0.053477746 0.995178044 0.033524491 -0.092178352 0.681161642
-0.092431493 0.049728364 -0.994476557 -2.021623373 -0.029535869 0.998175681 0.052658547 0.055053476 0.995280862 0.034240030 -0.090794101 0.677703679
-0.090918779 0.049453627 -0.994629562 -2.071914911 -0.027846532 0.998249412 0.052179046 0.056960799 0.995468915 0.032441042 -0.089382499 0.672321498
-0.087561324 0.048710015 -0.994967580 -2.117378950 -0.027606487 0.998301566 0.051302720 0.058790803 0.995776474 0.031959694 -0.086067893 0.666611910
-0.084528737 0.048908424 -0.995220006 -2.170159101 -0.031289227 0.998171747 0.051711027 0.061062027 0.995929658 0.035510730 -0.082843900 0.664065123
-0.078513682 0.049819361 -0.995667398 -2.217826366 -0.036554415 0.997934937 0.052815333 0.063018627 0.996242642 0.040542763 -0.076530427 0.658857167
-0.072527193 0.049050000 -0.996159554 -2.266430378 -0.040713117 0.997811794 0.052095540 0.065360039 0.996535182 0.044335105 -0.070371501 0.654798508
-0.066925727 0.048575040 -0.996574938 -2.316021681 -0.042116843 0.997786343 0.051462486 0.067218676 0.996868730 0.045416750 -0.064731747 0.651277006
-0.061383720 0.047270089 -0.996994257 -2.365632772 -0.041478977 0.997894168 0.049866561 0.069456972 0.997251987 0.044415291 -0.059293743 0.648024023
-0.055268258 0.047305651 -0.997350276 -2.413477182 -0.039553851 0.997989237 0.049527839 0.070974469 0.997687757 0.042186365 -0.053286005 0.644184887
-0.049716197 0.045816403 -0.997711957 -2.464166403 -0.038985401 0.998096943 0.047776733 0.075072952 0.998002231 0.041271474 -0.047835417 0.641600966
-0.044713128 0.049439285 -0.997775733 -2.515596151 -0.037676182 0.997980654 0.051137801 0.074633688 0.998289168 0.039878916 -0.042760160 0.639838636
-0.038727421 0.050628971 -0.997966409 -2.564909458 -0.038355745 0.997904241 0.052114267 0.076568790 0.998513460 0.040295996 -0.036704347 0.637026906
-0.034077477 0.049675617 -0.998183906 -2.615583897 -0.038149290 0.997971535 0.050967440 0.078371659 0.998690784 0.039816853 -0.032113262 0.635734260
-0.028730096 0.044916283 -0.998577595 -2.665889978 -0.038346369 0.998205066 0.046002794 0.080353051 0.998851359 0.039613493 -0.026956145 0.633544445
-0.024642769 0.039617036 -0.998911023 -2.716228247 -0.038367145 0.998440802 0.040544890 0.081845760 0.998959839 0.039324496 -0.023084350 0.632436395
-0.021181906 0.039420430 -0.998998165 -2.767014265 -0.037834313 0.998474956 0.040201996 0.082851723 0.999059498 0.038647961 -0.019658158 0.631324291
-0.017677017 0.042461436 -0.998941720 -2.818527222 -0.036417309 0.998407423 0.043083172 0.083814360 0.999180257 0.037140355 -0.016102536 0.629981458
-0.015923103 0.041985344 -0.998991311 -2.869129896 -0.036983389 0.998409450 0.042550381 0.085146502 0.999188960 0.037623614 -0.014345020 0.629399538
-0.014498176 0.041139007 -0.999048233 -2.919641256 -0.039180890 0.998362422 0.041679360 0.087250061 0.999126911 0.039747871 -0.012862571 0.628016353
-0.014342381 0.042928785 -0.998975098 -2.971728563 -0.039596628 0.998269856 0.043466963 0.087994374 0.999112785 0.040179461 -0.012617731 0.627378523
-0.012941578 0.042548429 -0.999010563 -3.022594929 -0.040188227 0.998264849 0.043037280 0.089497775 0.999108255 0.040705435 -0.011209176 0.625911295
-0.012244014 0.041105893 -0.999079764 -3.074462652 -0.040395718 0.998318672 0.041569639 0.090492144 0.999108732 0.040867526 -0.010562926 0.625573337
-0.011268144 0.039863408 -0.999141634 -3.124747992 -0.038585991 0.998443544 0.040270723 0.091841847 0.999191761 0.039006647 -0.009712434 0.624699950
-0.010634502 0.039475325 -0.999163926 -3.177326918 -0.034805052 0.998600364 0.039823510 0.093403123 0.999337554 0.035199448 -0.009245678 0.623812318
-0.010119849 0.039453555 -0.999170184 -3.228635073 -0.032827068 0.998669684 0.039766271 0.095196307 0.999409854 0.033202250 -0.008811244 0.623131633
-0.010021042 0.043210406 -0.999015749 -3.281732798 -0.032121807 0.998536348 0.043511890 0.095996886 0.999433637 0.032526225 -0.008618380 0.622111559
-0.009703143 0.046203516 -0.998884916 -3.333815813 -0.034497377 0.998321772 0.046512578 0.097852893 0.999357641 0.034910228 -0.008092958 0.620954573
-0.008608993 0.046399061 -0.998885870 -3.385927677 -0.036135823 0.998256028 0.046681244 0.099441424 0.999309778 0.036497440 -0.006917310 0.619965315
-0.006000771 0.045911212 -0.998927534 -3.435484648 -0.037030745 0.998250127 0.046102531 0.100037523 0.999296129 0.037267681 -0.004290145 0.618060589
-0.007880700 0.041606709 -0.999102950 -3.489024401 -0.036957223 0.998439312 0.041870568 0.102705427 0.999285698 0.037254035 -0.006330733 0.618726254
-0.007448895 0.041713811 -0.999101877 -3.540619373 -0.034644190 0.998519003 0.041947775 0.103729904 0.999371886 0.034925539 -0.005992721 0.617860317
-0.007840757 0.042628277 -0.999060214 -3.592980623 -0.033180498 0.998529673 0.042866044 0.105123818 0.999418736 0.033485413 -0.006414800 0.617613137
-0.006719957 0.045619987 -0.998936236 -3.644347668 -0.032616857 0.998417199 0.045815703 0.106067948 0.999445379 0.032890040 -0.005221342 0.616607487
-0.007093598 0.047951639 -0.998824477 -3.696310997 -0.033236053 0.998286426 0.048161857 0.107819334 0.999422312 0.033538621 -0.005487720 0.616460681
-0.009210287 0.047559965 -0.998825967 -3.748873949 -0.034382310 0.998262644 0.047850192 0.109749973 0.999366283 0.034782648 -0.007559064 0.616975069
-0.006150538 0.045756396 -0.998933613 -3.799404621 -0.034338139 0.998353779 0.045941252 0.111114189 0.999391317 0.034584086 -0.004569222 0.614789903
-0.005784502 0.044131767 -0.999008894 -3.850151062 -0.033202440 0.998466372 0.044300046 0.112605423 0.999431908 0.033425789 -0.004310349 0.614247322
-0.006116015 0.046189435 -0.998913944 -3.901339054 -0.031909775 0.998414874 0.046361733 0.113376185 0.999471962 0.032158669 -0.004632425 0.614130497
-0.005559841 0.048219100 -0.998821318 -3.952953100 -0.029760379 0.998386383 0.048363756 0.115448371 0.999541581 0.029994195 -0.004115850 0.613664448
-0.005970343 0.051291838 -0.998665810 -4.004055023 -0.028503178 0.998269141 0.051441852 0.116805963 0.999575794 0.028772278 -0.004498029 0.613619745
-0.005255765 0.052440729 -0.998610258 -4.054780960 -0.028307121 0.998216033 0.052569013 0.118773282 0.999585390 0.028544072 -0.003761943 0.612768471
-0.004564410 0.054375540 -0.998510182 -4.106863022 -0.031728692 0.998009861 0.054493345 0.121114373 0.999486029 0.031930152 -0.002830061 0.612130105
-0.004364452 0.054436937 -0.998507679 -4.157194614 -0.033479758 0.997949421 0.054552846 0.121932447 0.999429882 0.033667888 -0.002532967 0.611454964
-0.004251507 0.049976911 -0.998741329 -4.207798481 -0.034545932 0.998146832 0.050094228 0.123618990 0.999394119 0.034715429 -0.002517129 0.610866308
-0.003579486 0.048840072 -0.998800218 -4.258974075 -0.036785569 0.998124123 0.048938848 0.125165626 0.999316752 0.036916606 -0.001776162 0.610018551
-0.003269123 0.046933658 -0.998892605 -4.310028076 -0.037521843 0.998188794 0.047023389 0.127225816 0.999290407 0.037634023 -0.001502164 0.609397948
-0.003334352 0.047527924 -0.998864353 -4.360316753 -0.036092319 0.998213410 0.047617428 0.128826112 0.999342918 0.036210109 -0.001613002 0.609089255
-0.003536017 0.049363520 -0.998774588 -4.411970615 -0.035537485 0.998143792 0.049458150 0.130351752 0.999362111 0.035668831 -0.001775198 0.609213352
-0.003797108 0.051719308 -0.998654425 -4.463171959 -0.034093812 0.998074412 0.051818900 0.131685317 0.999411523 0.034244701 -0.002026488 0.609096944
-0.003733123 0.050391596 -0.998722553 -4.514388561 -0.038349904 0.997987568 0.050497856 0.133876681 0.999257326 0.038489427 -0.001793098 0.608153880
-0.004409898 0.051715676 -0.998652041 -4.565559864 -0.041087940 0.997809112 0.051853456 0.135453001 0.999145865 0.041261222 -0.002275345 0.607857823
-0.004096257 0.051307600 -0.998674512 -4.617952347 -0.045520756 0.997637987 0.051441059 0.137301326 0.998955011 0.045671139 -0.001751021 0.606441677
-0.003913493 0.046814900 -0.998895884 -4.670585632 -0.046290841 0.997824132 0.046946034 0.139826268 0.998920441 0.046423450 -0.001737878 0.606184781
-0.005544408 0.043794256 -0.999025285 -4.722083092 -0.046514899 0.997947872 0.044005178 0.140412867 0.998902321 0.046713535 -0.003495945 0.605868697
-0.006376119 0.043253355 -0.999043763 -4.773945332 -0.043751501 0.998095334 0.043491520 0.141891882 0.999022067 0.043986980 -0.004471576 0.605680585
-0.006362181 0.042207845 -0.999088585 -4.828809261 -0.039000064 0.998338223 0.042424485 0.143705115 0.999218941 0.039234433 -0.004705499 0.604844451
-0.006869593 0.043955255 -0.999009848 -4.881535530 -0.037899368 0.998304248 0.044184811 0.145286858 0.999257922 0.038165372 -0.005192067 0.604094684
-0.007693300 0.048008341 -0.998817265 -4.936475277 -0.036962789 0.998150587 0.048260994 0.146894708 0.999287009 0.037290350 -0.005904550 0.603676796
-0.008354132 0.047951024 -0.998814821 -4.991953850 -0.035637386 0.998200834 0.048219629 0.148913249 0.999329865 0.035997968 -0.006630252 0.603546858
-0.008839666 0.043885715 -0.998997450 -5.044651508 -0.035459984 0.998394489 0.044172987 0.150352925 0.999331951 0.035814907 -0.007269288 0.602615476
-0.010695153 0.040498991 -0.999122322 -5.097951889 -0.035875332 0.998520672 0.040858630 0.151850417 0.999299049 0.036280837 -0.009226418 0.602549076
-0.010396458 0.038798548 -0.999192953 -5.153815746 -0.035086270 0.998617649 0.039141275 0.153719783 0.999330163 0.035464894 -0.009020790 0.600724816
-0.011178462 0.039894324 -0.999141395 -5.208848000 -0.036676563 0.998515129 0.040279668 0.155496955 0.999264657 0.037095334 -0.009698678 0.599897802
-0.011232153 0.044790898 -0.998933375 -5.265326977 -0.041560616 0.998112202 0.045221392 0.156878665 0.999072850 0.042024210 -0.009349409 0.598477423
-0.011444465 0.048086707 -0.998777568 -5.321155548 -0.047230598 0.997702241 0.048576117 0.158508241 0.998818457 0.047728788 -0.009147004 0.597057879
-0.011566623 0.048026048 -0.998779118 -5.377206326 -0.054693744 0.997320235 0.048589297 0.160684168 0.998436153 0.055188980 -0.008908903 0.595725894
-0.011233438 0.045647085 -0.998894453 -5.433131218 -0.057454694 0.997277617 0.046219330 0.162660271 0.998284936 0.057910375 -0.008580219 0.594473720
-0.011546242 0.044261288 -0.998953223 -5.489903927 -0.060105845 0.997182667 0.044877555 0.164815530 0.998125196 0.060561102 -0.008853352 0.593299448
-0.012067183 0.043901231 -0.998963058 -5.546051502 -0.060125608 0.997196198 0.044549882 0.166092545 0.998117924 0.060600847 -0.009393760 0.592089415
-0.012616870 0.042972181 -0.998996556 -5.601698875 -0.057627376 0.997384310 0.043630630 0.167878434 0.998258352 0.058120046 -0.010107495 0.591227829
-0.013742762 0.043276887 -0.998968601 -5.658090115 -0.057439640 0.997379005 0.043998215 0.169951424 0.998254299 0.057985060 -0.011220930 0.591300368
-0.013657245 0.048693344 -0.998720407 -5.713893890 -0.058106225 0.997086942 0.049408291 0.171290189 0.998216987 0.058706652 -0.010788075 0.589258194
-0.014190683 0.053010333 -0.998493075 -5.770177841 -0.056814849 0.996937633 0.053735204 0.172910094 0.998283923 0.057491776 -0.011135452 0.588169336
-0.014246603 0.051808577 -0.998555422 -5.825935364 -0.057475984 0.996963084 0.052545983 0.174877629 0.998245239 0.058141556 -0.011225589 0.587212563
-0.013248840 0.049799263 -0.998671412 -5.882072926 -0.056949694 0.997100174 0.050476443 0.177045271 0.998289168 0.057542779 -0.010374371 0.586058319
-0.012238183 0.049911544 -0.998678625 -5.937869072 -0.056385770 0.997129738 0.050525106 0.178686440 0.998334050 0.056929599 -0.009388757 0.585363686
-0.011368741 0.049215592 -0.998723447 -5.993230820 -0.056044884 0.997186601 0.049777832 0.180244029 0.998363614 0.056539249 -0.008578472 0.584463239
-0.010285668 0.051141575 -0.998638451 -6.049335003 -0.056306355 0.997077107 0.051641554 0.182423055 0.998360574 0.056760859 -0.007376007 0.583538771
-0.009562976 0.053841542 -0.998503745 -6.105074883 -0.057526730 0.996865988 0.054304175 0.185069412 0.998298168 0.057959963 -0.006435676 0.582575202
-0.007813958 0.055618532 -0.998421490 -6.161045074 -0.058777336 0.996700168 0.055982649 0.186613321 0.998240471 0.059122007 -0.004519065 0.581836700
-0.007018980 0.052830067 -0.998578787 -6.216634274 -0.060816817 0.996732354 0.053159855 0.188646093 0.998124242 0.061103512 -0.003783088 0.581250072
-0.007102843 0.050045837 -0.998721659 -6.271825314 -0.059744451 0.996941388 0.050381534 0.190308243 0.998188555 0.060025919 -0.004091159 0.580663979
-0.006601358 0.048795786 -0.998786926 -6.326072693 -0.057109911 0.997160077 0.049093764 0.191935971 0.998346090 0.057364721 -0.003795888 0.580206275
-0.007078053 0.048361845 -0.998804808 -6.382058620 -0.054991689 0.997299433 0.048678655 0.193181932 0.998461723 0.055270515 -0.004399440 0.579413176
-0.007191014 0.048883416 -0.998778582 -6.435848236 -0.052469268 0.997410119 0.049194206 0.194737345 0.998596668 0.052758932 -0.004607514 0.578982890
-0.007306512 0.047294173 -0.998854220 -6.491968632 -0.050705079 0.997578442 0.047604665 0.196748510 0.998686969 0.050994810 -0.004890764 0.578398943
-0.007071459 0.047434695 -0.998849332 -6.546077728 -0.049636830 0.997626305 0.047728017 0.198318750 0.998742342 0.049917225 -0.004700167 0.577653706
-0.007206476 0.049608819 -0.998742700 -6.602555275 -0.047955617 0.997602284 0.049898203 0.200932845 0.998823464 0.048254911 -0.004810175 0.577041447
-0.007497139 0.050396897 -0.998701096 -6.656629086 -0.046038564 0.997652709 0.050689608 0.203430146 0.998911500 0.046358798 -0.005159340 0.576784968
-0.007504435 0.049181044 -0.998761654 -6.711530209 -0.043507706 0.997827888 0.049461976 0.205080315 0.999024868 0.043825023 -0.005348379 0.576220751
-0.008168878 0.049562503 -0.998737633 -6.766535759 -0.044609174 0.997758508 0.049878780 0.206802025 0.998971105 0.044960320 -0.005939624 0.575797021
-0.007982776 0.054490048 -0.998482406 -6.820835114 -0.045369215 0.997466207 0.054797318 0.208605945 0.998938382 0.045737792 -0.005490378 0.575244486
-0.007963348 0.061507329 -0.998074830 -6.876462936 -0.050241295 0.996821344 0.061830938 0.210656479 0.998705268 0.050636951 -0.004847825 0.574815512
-0.006253076 0.061086200 -0.998112857 -6.930951595 -0.054511089 0.996627450 0.061336789 0.212946147 0.998493612 0.054791763 -0.002902113 0.573231280
-0.004475704 0.057424843 -0.998339772 -6.985345364 -0.059118286 0.996588528 0.057589136 0.215389073 0.998240888 0.059277900 -0.001065578 0.572026491
-0.003112637 0.051937327 -0.998645484 -7.039451599 -0.060368147 0.996819198 0.052030504 0.217357889 0.998171329 0.060448330 0.000032623 0.571749628
-0.002657744 0.050889388 -0.998700678 -7.093765259 -0.063772224 0.996662736 0.050955247 0.219324499 0.997960985 0.063824795 0.000596455 0.571483672
-0.001266747 0.047233030 -0.998883069 -7.148235321 -0.058105193 0.997192681 0.047226790 0.220955610 0.998309672 0.058100123 0.001481294 0.571578264
-0.001702096 0.042723779 -0.999085367 -7.202050209 -0.054633342 0.997590840 0.042752936 0.222876906 0.998505056 0.054656148 0.000636148 0.571767688
-0.001236665 0.039127152 -0.999233484 -7.256413460 -0.048479017 0.998056948 0.039141096 0.224200904 0.998823404 0.048490260 0.000662584 0.571112454
-0.002654464 0.041288983 -0.999143720 -7.311852455 -0.046848118 0.998044968 0.041368052 0.226662174 0.998898447 0.046917815 -0.000714963 0.571724713
-0.001827509 0.048216607 -0.998835325 -7.366589546 -0.047234744 0.997717857 0.048249096 0.227504596 0.998882174 0.047267903 0.000454161 0.571018040
-0.000059392 0.051808394 -0.998657048 -7.420356274 -0.048385650 0.997487187 0.051750574 0.229059145 0.998828650 0.048323750 0.002447540 0.570092142
0.001655693 0.048597127 -0.998817086 -7.475156784 -0.049258336 0.997609973 0.048456728 0.230829567 0.998784721 0.049119849 0.004045549 0.570292950
0.002889235 0.048840974 -0.998802245 -7.529233456 -0.051760830 0.997474968 0.048626330 0.232506350 0.998655319 0.051558349 0.005409988 0.569491625
0.004021375 0.049648277 -0.998758614 -7.583365917 -0.049953755 0.997529745 0.049386054 0.234257177 0.998743415 0.049693149 0.006491559 0.569605768
0.004361906 0.047758367 -0.998849332 -7.637750626 -0.049854405 0.997627199 0.047482207 0.236083955 0.998746991 0.049589939 0.006732520 0.569365740
0.006193879 0.046021935 -0.998921216 -7.691089630 -0.050770137 0.997666538 0.045649327 0.238288760 0.998691142 0.050432630 0.008515965 0.569284976
0.008150757 0.048316840 -0.998798788 -7.741982937 -0.051448986 0.997529328 0.047835574 0.238702625 0.998642504 0.050997283 0.010616471 0.569036722
0.009505432 0.049927585 -0.998707533 -7.791901112 -0.051723152 0.997440219 0.049371943 0.240080625 0.998616278 0.051187005 0.012063513 0.569127440
0.010292981 0.052024264 -0.998592734 -7.840646267 -0.052568194 0.997292817 0.051414698 0.240894809 0.998564243 0.051965009 0.012999938 0.568910301
0.010065363 0.052939888 -0.998547018 -7.887675285 -0.052138261 0.997266948 0.052346472 0.242223412 0.998589158 0.051535618 0.012798046 0.569538951
0.010604730 0.054028615 -0.998483062 -7.935310364 -0.052187588 0.997208238 0.053405359 0.243834034 0.998580992 0.051542073 0.013394746 0.569015145
0.011013320 0.053011302 -0.998533130 -7.980388641 -0.052447174 0.997249782 0.052364703 0.245179504 0.998562932 0.051793531 0.013763323 0.569054604
0.012814090 0.053196616 -0.998501837 -8.024261475 -0.053625382 0.997183263 0.052438188 0.246184692 0.998478830 0.052873105 0.015630687 0.569029033
0.013900070 0.054179400 -0.998434484 -8.065979958 -0.054492619 0.997088015 0.053347707 0.247257054 0.998417318 0.053665780 0.016811974 0.569817424
0.013417123 0.052347288 -0.998538792 -8.108987808 -0.052470889 0.997289658 0.051576763 0.248586386 0.998532236 0.051702213 0.016127467 0.570086241
0.010519970 0.049552407 -0.998716116 -8.149621964 -0.049860206 0.997555017 0.048969597 0.249449372 0.998700678 0.049281038 0.012964941 0.570110440
0.005364516 0.045712523 -0.998940170 -8.191736221 -0.050039049 0.997715414 0.045387749 0.250830412 0.998732865 0.049742535 0.007639669 0.570478916
0.000027856 0.042827457 -0.999082446 -8.232510567 -0.051437397 0.997759938 0.042769331 0.251571596 0.998676240 0.051389009 0.002230727 0.570550203
-0.003666568 0.041851912 -0.999117076 -8.274733543 -0.053939510 0.997660995 0.041988872 0.253111809 0.998537421 0.054045845 -0.001400520 0.570011258
-0.006170293 0.042896580 -0.999060333 -8.315739632 -0.055759445 0.997510314 0.043174401 0.253970802 0.998425126 0.055973463 -0.003763041 0.568974257
-0.008577140 0.044246186 -0.998983800 -8.356701851 -0.054471485 0.997516513 0.044648875 0.255205214 0.998478472 0.054799099 -0.006145684 0.568876982
-0.009416663 0.045494463 -0.998920202 -8.398107529 -0.051901858 0.997595727 0.045923404 0.256600380 0.998607755 0.052278269 -0.007032777 0.568010151
-0.011132490 0.045882724 -0.998884737 -8.438723564 -0.049709804 0.997686148 0.046381682 0.257772744 0.998701572 0.050170716 -0.008825908 0.567613721
-0.012063758 0.044344205 -0.998943508 -8.479249001 -0.050519213 0.997713327 0.044899698 0.259136766 0.998650193 0.051007502 -0.009795938 0.566850424
-0.012597547 0.044168558 -0.998944759 -8.519828796 -0.052233592 0.997630894 0.044769183 0.259571791 0.998555422 0.052742448 -0.010260620 0.566103697
-0.012110427 0.042376995 -0.999028265 -8.560266495 -0.056043956 0.997502208 0.042991642 0.261506438 0.998354852 0.056510143 -0.009705205 0.565082669
-0.011017183 0.042091526 -0.999053001 -8.600663185 -0.058277003 0.997388363 0.042664051 0.261609316 0.998239636 0.058691844 -0.008535442 0.563896954
-0.010432964 0.039026875 -0.999183655 -8.641358376 -0.058073089 0.997527838 0.039568573 0.262815118 0.998257816 0.058438491 -0.008140760 0.563555419
-0.009509013 0.037054598 -0.999267995 -8.682291985 -0.058114477 0.997603655 0.037545897 0.263602585 0.998264551 0.058428962 -0.007332818 0.562586546
-0.008313321 0.037055839 -0.999278605 -8.723917007 -0.058009874 0.997612357 0.037476651 0.264426380 0.998281419 0.058279574 -0.006143867 0.561671317
-0.008083952 0.039683118 -0.999179542 -8.765871048 -0.055557400 0.997651041 0.040071905 0.265348792 0.998422742 0.055835761 -0.005860274 0.561456025
-0.008001877 0.041290086 -0.999115109 -8.808162689 -0.054600503 0.997638583 0.041666362 0.266183376 0.998476207 0.054885600 -0.005728522 0.560904503
-0.006859726 0.037606854 -0.999269068 -8.849975586 -0.050051529 0.998027146 0.037903700 0.267312706 0.998723090 0.050274953 -0.004963911 0.560562253
-0.007314753 0.034143530 -0.999390185 -8.892423630 -0.048587397 0.998224318 0.034459326 0.268581569 0.998792171 0.048809830 -0.005642820 0.560446620
-0.006264847 0.034468170 -0.999386072 -8.935025215 -0.053348858 0.997970939 0.034753792 0.269720674 0.998556197 0.053533845 -0.004413297 0.559348702
-0.004957827 0.038611136 -0.999242008 -8.978533745 -0.054812867 0.997741580 0.038825113 0.270906925 0.998484254 0.054963812 -0.002830243 0.558800399
-0.003322877 0.038075797 -0.999269247 -9.021081924 -0.052689023 0.997880101 0.038198069 0.271699101 0.998605430 0.052777447 -0.001309657 0.558857620
-0.001067064 0.039480202 -0.999219716 -9.064922333 -0.050529737 0.997941732 0.039483663 0.273157120 0.998721957 0.050532442 0.000930057 0.558890343
0.001650118 0.045022868 -0.998984516 -9.108896255 -0.051571511 0.997660398 0.044878010 0.273717195 0.998667955 0.051445089 0.003968155 0.557984233
0.002255973 0.048135377 -0.998838305 -9.152546883 -0.048873514 0.997652471 0.047967847 0.275270611 0.998802483 0.048708521 0.004603222 0.558632553
0.004987387 0.049325746 -0.998770297 -9.198338509 -0.048515584 0.997618496 0.049026597 0.276973128 0.998809993 0.048211399 0.007368577 0.557990253
0.006781016 0.050423276 -0.998704851 -9.243344307 -0.052525561 0.997367084 0.049999084 0.278574824 0.998596549 0.052118488 0.009411674 0.557969272
0.010639105 0.052039586 -0.998588324 -9.289490700 -0.055003151 0.997163415 0.051379316 0.280528069 0.998429477 0.054378878 0.013471265 0.557702720
0.014936289 0.052613493 -0.998503268 -9.335129738 -0.056217559 0.997079253 0.051697522 0.282067478 0.998306751 0.055361241 0.017850464 0.557744086
0.016799297 0.049662914 -0.998624742 -9.381749153 -0.059237722 0.997060716 0.048588611 0.284039497 0.998102486 0.058340002 0.019691840 0.558665931
0.018285675 0.046050519 -0.998771727 -9.427771568 -0.058815401 0.997258544 0.044903938 0.285801828 0.998101354 0.057922054 0.020944025 0.560032010
0.021680498 0.045546349 -0.998726904 -9.476704597 -0.058073152 0.997332394 0.044222094 0.287540972 0.998076856 0.057040460 0.024267683 0.559904695
0.023013810 0.045623746 -0.998693526 -9.524619102 -0.058163181 0.997327209 0.044221021 0.290065467 0.998041749 0.057069495 0.025605921 0.560887575
0.024514874 0.050022885 -0.998447061 -9.571303368 -0.060318388 0.997001708 0.048469469 0.291126937 0.997878075 0.059036493 0.027458671 0.561964154
0.026520412 0.050332326 -0.998380303 -9.623969078 -0.060178850 0.997000575 0.048664220 0.293186843 0.997835338 0.058790781 0.029469805 0.562035441
0.027552200 0.047152966 -0.998507559 -9.673895836 -0.059347328 0.997202039 0.045453720 0.295337468 0.997857094 0.058006417 0.030273510 0.563244998
0.028268825 0.043968301 -0.998632967 -9.722479820 -0.057165138 0.997468233 0.042298816 0.296980500 0.997964382 0.055891246 0.030710712 0.564314008
0.028155567 0.043356676 -0.998662770 -9.775178909 -0.053536750 0.997690380 0.041805085 0.297870159 0.998168886 0.052288108 0.030411720 0.565443754
0.028411284 0.042835023 -0.998678148 -9.825926781 -0.054816492 0.997644782 0.041231234 0.299612284 0.998092175 0.053572595 0.030692432 0.566733599
