0.999987245 0.005035675 0.000173741 -0.000416481 -0.005036040 0.999984980 0.002174861 -0.001270273 -0.000162787 -0.002175708 0.999997556 0.053370643
0.999980569 0.006181664 0.000827401 -0.000749841 -0.006183249 0.999979138 0.001928660 -0.001837942 -0.000815461 -0.001933739 0.999997795 0.079040818
0.999965310 0.008292713 0.000806934 -0.000879288 -0.008294031 0.999964178 0.001640159 -0.002324026 -0.000793304 -0.001646795 0.999998271 0.104773648
0.999965072 0.008260168 0.001294570 -0.000984310 -0.008262123 0.999964714 0.001512225 -0.002866457 -0.001282033 -0.001522868 0.999998033 0.129711285
0.999963939 0.008390982 0.001308027 -0.000669519 -0.008394025 0.999962032 0.002339047 -0.003314334 -0.001288350 -0.002349942 0.999996424 0.154435292
0.999953330 0.009342474 0.002424919 -0.001236145 -0.009355025 0.999942660 0.005216958 -0.003712456 -0.002376040 -0.005239401 0.999983430 0.177891076
0.999958098 0.008805521 0.002517255 -0.000240741 -0.008827740 0.999921024 0.008955555 -0.003954050 -0.002438198 -0.008977402 0.999956727 0.201203555
0.999954224 0.008247755 0.004854457 -0.000870420 -0.008309544 0.999882936 0.012848480 -0.004472438 -0.004747917 -0.012888229 0.999905646 0.222647265
0.999956548 0.007651285 0.005320529 -0.000354128 -0.007730595 0.999856830 0.015048821 -0.004650330 -0.005204624 -0.015089298 0.999872565 0.243884876
0.999945223 0.007798738 0.006999634 -0.000668494 -0.007903029 0.999856293 0.014997516 -0.005051018 -0.006881667 -0.015052010 0.999863029 0.263584912
0.999931216 0.008821321 0.007733672 -0.000493987 -0.008915838 0.999884903 0.012273328 -0.005284301 -0.007624515 -0.012341434 0.999894798 0.282727629
0.999917328 0.008875008 0.009319754 -0.000623479 -0.008961087 0.999917150 0.009235230 -0.005354686 -0.009237021 -0.009317982 0.999913931 0.301235914
0.999920607 0.006695528 0.010677497 -0.000238091 -0.006781929 0.999944329 0.008076173 -0.005748805 -0.010622828 -0.008147945 0.999910414 0.318551272
0.999912620 0.003352332 0.012786554 -0.000060545 -0.003423351 0.999978840 0.005536447 -0.005860653 -0.012767722 -0.005579737 0.999902844 0.334659696
0.999892354 0.001382869 0.014609497 0.000190146 -0.001446236 0.999989629 0.004327740 -0.006079596 -0.014603360 -0.004348403 0.999883831 0.350029647
0.999841988 0.005801844 0.016802972 0.000349897 -0.005845562 0.999979675 0.002553889 -0.006502247 -0.016787812 -0.002651708 0.999855578 0.364116639
0.999750614 0.010190732 0.019872043 0.000248945 -0.010227837 0.999946177 0.001766437 -0.006740244 -0.019852974 -0.001969245 0.999800980 0.377406210
0.999679387 0.010232707 0.023166411 0.000680638 -0.010307293 0.999942005 0.003102481 -0.007253303 -0.023133323 -0.003340269 0.999726832 0.389319092
0.999648929 0.005870458 0.025837390 0.001645815 -0.005956748 0.999976933 0.003264007 -0.007272358 -0.025817635 -0.003416768 0.999660790 0.400612593
0.999593794 0.001401746 0.028466772 0.002040790 -0.001490272 0.999994099 0.003088780 -0.007429050 -0.028462283 -0.003129949 0.999589860 0.410690367
0.999515772 -0.001833561 0.031059986 0.002337630 0.001699359 0.999989092 0.004346524 -0.007566882 -0.031067617 -0.004291637 0.999508023 0.419449806
0.999421895 -0.002309836 0.033917949 0.002663990 0.002120776 0.999981999 0.005608906 -0.007826695 -0.033930298 -0.005533732 0.999408841 0.427567154
0.999352634 -0.001755390 0.035933249 0.002887223 0.001587773 0.999987721 0.004692700 -0.008099152 -0.035941046 -0.004632608 0.999343097 0.434362739
0.999285281 -0.000811287 0.037791766 0.003282916 0.000687199 0.999994397 0.003296353 -0.008251520 -0.037794214 -0.003268027 0.999280155 0.440595567
0.999169409 0.001483722 0.040721182 0.003161481 -0.001587267 0.999995589 0.002510548 -0.008426594 -0.040717281 -0.002573099 0.999167264 0.446609557
0.999089301 0.004428134 0.042437635 0.003369931 -0.004512026 0.999988079 0.001881255 -0.008569941 -0.042428799 -0.002071022 0.999097347 0.452458799
0.999018788 0.005729981 0.043915104 0.003569391 -0.005762853 0.999983191 0.000621991 -0.008869255 -0.043910801 -0.000874456 0.999035120 0.457980663
0.998956025 0.004998559 0.045409158 0.004182925 -0.004949619 0.999987066 -0.001190127 -0.009013618 -0.045414519 0.000964127 0.998967826 0.463325411
0.998869658 0.003938377 0.047370374 0.004249338 -0.003803348 0.999988437 -0.002940283 -0.008979796 -0.047381405 0.002756794 0.998873055 0.468138635
0.998820841 0.002712512 0.048472796 0.004556453 -0.002526495 0.999989212 -0.003898405 -0.009144073 -0.048482854 0.003771342 0.998816907 0.472952217
0.998755336 0.003331458 0.049767304 0.005010355 -0.003083278 0.999982476 -0.005062752 -0.009319413 -0.049783293 0.004903005 0.998748064 0.477552772
0.998667598 0.004748209 0.051386125 0.004946459 -0.004383888 0.999964416 -0.007200276 -0.009381931 -0.051418480 0.006965410 0.998652875 0.481725693
0.998634160 0.004402812 0.052063812 0.005427362 -0.003930862 0.999950290 -0.009163761 -0.009581307 -0.052101575 0.008946589 0.998601615 0.486060947
0.998616338 0.003349418 0.052480195 0.005831707 -0.002765951 0.999933600 -0.011186535 -0.009840623 -0.052514181 0.011025898 0.998559296 0.490363389
0.998608470 0.002918928 0.052655622 0.005709866 -0.002210457 0.999906301 -0.013508040 -0.009801215 -0.052690119 0.013372851 0.998521507 0.494575977
0.998696685 0.002325912 0.050983828 0.005687302 -0.001590113 0.999894083 -0.014467804 -0.010014495 -0.051012080 0.014367880 0.998594701 0.498575121
0.998910010 0.002177952 0.046626259 0.006539753 -0.001484826 0.999888003 -0.014895057 -0.010229022 -0.046653472 0.014809591 0.998801410 0.503632426
0.999047577 0.003119527 0.043520913 0.005938007 -0.002384440 0.999853790 -0.016932124 -0.010049539 -0.043567367 0.016812222 0.998908997 0.507687449
0.999291182 0.003092864 0.037516251 0.006019448 -0.002429399 0.999840081 -0.017717438 -0.010236877 -0.037565049 0.017613737 0.999138832 0.512272596
0.999533534 0.002813705 0.030407574 0.006204724 -0.002249140 0.999824762 -0.018584846 -0.010287407 -0.030454541 0.018507788 0.999364734 0.516642928
0.999704778 0.003808020 0.023997096 0.005647545 -0.003333095 0.999798417 -0.019799979 -0.010189507 -0.024067657 0.019714152 0.999515951 0.520538092
0.999876976 0.002907311 0.015416116 0.005752937 -0.002595327 0.999792278 -0.020219028 -0.010496808 -0.015471694 0.020176528 0.999676764 0.525211751
0.999982119 0.001892955 0.005678009 0.005143835 -0.001771283 0.999770284 -0.021357780 -0.010680080 -0.005717132 0.021347338 0.999755740 0.529800713
0.999971628 0.000209981 -0.007521462 0.004881755 -0.000384909 0.999729335 -0.023263192 -0.010585101 0.007514540 0.023265433 0.999701023 0.534718513
0.999721467 -0.000236439 -0.023598474 0.004092680 -0.000361546 0.999679089 -0.025332537 -0.010756489 0.023596888 0.025334006 0.999400556 0.539934218
0.999088287 0.000146531 -0.042691756 0.003312204 -0.001276606 0.999649465 -0.026444504 -0.010816399 0.042672917 0.026474895 0.998738229 0.545869768
0.997943640 0.000762999 -0.064094730 0.001941107 -0.002417164 0.999665916 -0.025734551 -0.011209348 0.064053684 0.025836559 0.997611940 0.551842272
0.996116400 0.001159672 -0.088039316 0.000591133 -0.003311728 0.999699175 -0.024302125 -0.011354025 0.087984651 0.024499306 0.995820522 0.558924198
0.993403971 0.002813653 -0.114632875 -0.001323968 -0.005505649 0.999716341 -0.023173805 -0.011424608 0.114535138 0.023652079 0.993137658 0.566407442
0.989471555 0.003953110 -0.144673347 -0.003209740 -0.007000737 0.999764085 -0.020562550 -0.011887033 0.144557923 0.021358879 0.989265800 0.573752224
0.984051347 0.003646559 -0.177847326 -0.005811103 -0.006815165 0.999828815 -0.017208800 -0.011984465 0.177754089 0.018146399 0.983907640 0.581924677
0.976603687 0.004621031 -0.214997515 -0.008664034 -0.007654499 0.999882519 -0.013278866 -0.012251072 0.214910924 0.014613887 0.976524293 0.591043830
0.966989160 0.006292912 -0.254740149 -0.012246624 -0.008715050 0.999926984 -0.008380717 -0.012091285 0.254668832 0.010324140 0.966973186 0.599948883
0.955147505 0.009759759 -0.295969546 -0.016239822 -0.011189998 0.999932408 -0.003138831 -0.012342960 0.295919001 0.006309945 0.955192149 0.608676136
0.940789223 0.013076594 -0.338739723 -0.020633742 -0.013589356 0.999907255 0.000858064 -0.012431847 0.338719547 0.003795998 0.940879703 0.618278146
0.924057961 0.016105067 -0.381912917 -0.026092187 -0.014536132 0.999869823 0.006993067 -0.012657959 0.381975889 -0.000910462 0.924171865 0.628660202
0.905130386 0.018952651 -0.424711525 -0.032368407 -0.014330758 0.999798179 0.014074553 -0.012625249 0.424892604 -0.006652864 0.905219257 0.637867808
0.882966936 0.023796547 -0.468831539 -0.038030893 -0.015834326 0.999655783 0.020918317 -0.012718244 0.469167978 -0.011046551 0.883039832 0.647076786
0.858599484 0.028484767 -0.511854887 -0.045627087 -0.018427422 0.999524653 0.024712963 -0.012376038 0.512315571 -0.011786374 0.858716369 0.656366050
0.830562115 0.031458165 -0.556036711 -0.053587586 -0.019167293 0.999426544 0.027912714 -0.012247799 0.556596041 -0.012525528 0.830688834 0.666131675
0.799760520 0.035433535 -0.599272490 -0.062952429 -0.021486878 0.999306500 0.030411208 -0.012451645 0.599934459 -0.011445189 0.799967170 0.676249504
0.766126752 0.038008753 -0.641564667 -0.072111338 -0.021963416 0.999214947 0.032969657 -0.011908658 0.642314076 -0.011167979 0.766359925 0.684996724
0.729184151 0.040306576 -0.683129489 -0.083074540 -0.021821547 0.999125719 0.035658557 -0.010942070 0.683969498 -0.011094714 0.729426205 0.694903493
0.689936817 0.041845508 -0.722659111 -0.094296962 -0.020106457 0.999050319 0.038653877 -0.010540722 0.723590314 -0.012138616 0.690122902 0.704204559
0.649105370 0.043306429 -0.759464741 -0.107163131 -0.018656733 0.998984158 0.041018687 -0.010607222 0.760469675 -0.012456324 0.649254024 0.713577747
0.606593132 0.040889278 -0.793960154 -0.120699167 -0.012190906 0.999037445 0.042136882 -0.009817639 0.794918835 -0.015880849 0.606507838 0.722743094
0.562586665 0.041528106 -0.825694680 -0.135657489 -0.007526859 0.998953521 0.045113690 -0.009547751 0.826703966 -0.019165475 0.562310517 0.731343985
0.515728235 0.041941181 -0.855725050 -0.150394678 -0.005916175 0.998951614 0.045395505 -0.008421484 0.856731772 -0.018349124 0.515435696 0.738790929
0.465591878 0.041930709 -0.884005666 -0.167270690 -0.005358661 0.998992205 0.044562500 -0.007653277 0.884983361 -0.016010853 0.465347320 0.746530890
0.413651764 0.041539643 -0.909487069 -0.184434861 0.001385959 0.998928666 0.046255130 -0.007629607 0.910434186 -0.020394029 0.413151056 0.753192902
0.359676152 0.039883465 -0.932224452 -0.203385800 0.005456940 0.998979032 0.044844862 -0.006374063 0.933061242 -0.021216720 0.359091252 0.759509981
0.304910362 0.037779443 -0.951631486 -0.222958907 0.008240644 0.999070704 0.042303137 -0.005160252 0.952345371 -0.020740721 0.304315746 0.765083313
0.252440065 0.043537397 -0.966632664 -0.243877977 0.008868618 0.998841047 0.047304161 -0.004106242 0.967571974 -0.020514160 0.251761436 0.768848956
0.202177480 0.049764160 -0.978083730 -0.265546083 0.011429875 0.998520255 0.053166591 -0.003634127 0.979282200 -0.021928463 0.201309517 0.771717310
0.154194519 0.050086133 -0.986770272 -0.287710398 0.016128980 0.998453677 0.053199500 -0.002356855 0.987908900 -0.024118671 0.153148264 0.774165750
0.109027512 0.052377842 -0.992657781 -0.311806440 0.020038167 0.998292089 0.054875996 -0.002005491 0.993836761 -0.025874037 0.107791737 0.776430070
0.068289444 0.050761797 -0.996373415 -0.335889816 0.019925211 0.998436153 0.052232530 -0.001120232 0.997466505 -0.023419879 0.067171201 0.777337551
0.032718107 0.046475545 -0.998383462 -0.361139685 0.017999019 0.998728991 0.047081474 0.000294184 0.999302506 -0.019510344 0.031840008 0.777296185
0.004517876 0.045869704 -0.998937309 -0.386921346 0.015978402 0.998816609 0.045936424 0.001661168 0.999862254 -0.016168954 0.003779605 0.776385128
-0.015772291 0.049896166 -0.998629868 -0.414563179 0.014341919 0.998662651 0.049671289 0.003019406 0.999772787 -0.013538838 -0.016466808 0.775119483
-0.030290261 0.056823540 -0.997924626 -0.443297744 0.016682666 0.998272419 0.056336973 0.003912127 0.999401927 -0.014941582 -0.031185901 0.774811208
-0.038061328 0.058700819 -0.997549772 -0.471901983 0.016574515 0.998172879 0.058105092 0.005346462 0.999137878 -0.014322346 -0.038964722 0.773428142
-0.042187959 0.056432851 -0.997514606 -0.503227413 0.017355453 0.998294294 0.055742946 0.006573521 0.998958945 -0.014960637 -0.043095414 0.772139132
-0.040488098 0.052565575 -0.997796357 -0.533406496 0.024097448 0.998376131 0.051618297 0.007986445 0.998889327 -0.021954419 -0.041689046 0.770482421
-0.035135467 0.050631799 -0.998099208 -0.563940406 0.036137737 0.998126984 0.049361080 0.009682607 0.998729050 -0.034334719 -0.036899380 0.769053459
-0.031619135 0.051189095 -0.998188317 -0.598067045 0.037048288 0.998061359 0.050009027 0.011129316 0.998813152 -0.035399925 -0.033454306 0.769808352
-0.025263952 0.049838725 -0.998437703 -0.630922854 0.034943227 0.998190165 0.048942193 0.012217533 0.999069929 -0.033652164 -0.026959751 0.767806947
-0.023182051 0.043246876 -0.998795390 -0.664671302 0.038921889 0.998345494 0.042324021 0.013940742 0.998973310 -0.037893847 -0.024826946 0.767830908
-0.019938532 0.032074753 -0.999286532 -0.700368404 0.036033738 0.998858929 0.031342059 0.015517993 0.999151647 -0.035383116 -0.021071555 0.766709387
-0.020079555 0.024287650 -0.999503255 -0.734791875 0.028793650 0.999304295 0.023704359 0.016001629 0.999383688 -0.028303375 -0.020764913 0.765548229
-0.021458022 0.021322539 -0.999542356 -0.770513058 0.023217894 0.999513626 0.020823484 0.016881090 0.999500096 -0.022760438 -0.021942647 0.764416754
-0.024946172 0.027491285 -0.999310672 -0.808249474 0.013524253 0.999539614 0.027159968 0.017656606 0.999597311 -0.012837391 -0.025306487 0.762526333
-0.029731253 0.035626061 -0.998922884 -0.846445322 0.008465695 0.999337852 0.035388891 0.018592045 0.999522030 -0.007404420 -0.030013163 0.760759115
-0.034056127 0.045142725 -0.998399854 -0.885910213 0.007514942 0.998962641 0.044911832 0.019863511 0.999391675 -0.005973393 -0.034360047 0.758807421
-0.035343073 0.054743722 -0.997874737 -0.925161600 0.006119267 0.998491704 0.054560844 0.021660525 0.999356568 -0.004177913 -0.035624757 0.756930709
-0.036918294 0.062790059 -0.997343659 -0.965480924 0.007990504 0.998010695 0.062536262 0.023117039 0.999286294 -0.005660549 -0.037346575 0.755615950
-0.038300067 0.063634440 -0.997238100 -1.005258083 0.008944766 0.997952163 0.063336462 0.025133576 0.999226272 -0.006494273 -0.038790826 0.753942072
-0.040201306 0.060945708 -0.997331202 -1.046167731 0.007675539 0.998127460 0.060684975 0.027021624 0.999162138 -0.005215438 -0.040593818 0.752252340
-0.042695709 0.056116093 -0.997511029 -1.086343527 0.007002632 0.998413622 0.055867150 0.028826274 0.999063611 -0.004599915 -0.043020941 0.750004053
-0.047348645 0.051061824 -0.997572422 -1.126970887 0.007824858 0.998680949 0.050747167 0.030440789 0.998847783 -0.005403053 -0.047685735 0.747938454
-0.053450797 0.046452899 -0.997489393 -1.167781711 0.007846021 0.998906076 0.046098441 0.031897992 0.998539686 -0.005362324 -0.053756807 0.745914519
-0.060297769 0.044506475 -0.997187674 -1.208993077 0.006932898 0.999000072 0.044168144 0.033333659 0.998156428 -0.004250160 -0.060546037 0.742918968
-0.066580653 0.046771765 -0.996684194 -1.249544740 0.006942818 0.998898327 0.046411864 0.034925453 0.997757018 -0.003829664 -0.066832036 0.739981651
-0.072901420 0.051528133 -0.996007144 -1.293222904 0.005590789 0.998669863 0.051256679 0.036841154 0.997323453 -0.001831782 -0.073092550 0.736511052
-0.079179570 0.054229397 -0.995384276 -1.335302949 0.002723806 0.998527229 0.054183975 0.038575862 0.996856630 0.001579030 -0.079210684 0.733201921
-0.083527833 0.056364179 -0.994910181 -1.378028512 -0.001238842 0.998392463 0.056665473 0.040306058 0.996504605 0.005965679 -0.083323732 0.728395343
-0.086747192 0.057400424 -0.994575441 -1.420882344 -0.005304672 0.998297930 0.058077946 0.042827517 0.996216238 0.010313992 -0.086295046 0.725317001
-0.088416621 0.058305513 -0.994375646 -1.463554740 -0.009554366 0.998189747 0.059378698 0.045097139 0.996037722 0.014750695 -0.087699503 0.721388996
-0.089687034 0.057974707 -0.994281173 -1.505953312 -0.010500893 0.998193860 0.059150063 0.047053270 0.995914698 0.015745834 -0.088916257 0.717450738
-0.091112904 0.057971071 -0.994151711 -1.548347950 -0.010685210 0.998189807 0.059185829 0.047942605 0.995783269 0.016015317 -0.090328559 0.712584734
-0.092285596 0.057159983 -0.994090557 -1.590716362 -0.011564280 0.998222053 0.058471113 0.049909230 0.995665431 0.016891981 -0.091460511 0.707962215
-0.092910960 0.055784270 -0.994110465 -1.634365439 -0.014188970 0.998253703 0.057342902 0.052239142 0.995573342 0.019433187 -0.091957174 0.703735411
-0.094124712 0.053008627 -0.994148195 -1.678533673 -0.018822532 0.998308241 0.055012532 0.054676771 0.995382488 0.023890430 -0.092967734 0.699810505
-0.093806699 0.047954794 -0.994434834 -1.721741438 -0.024313476 0.998431087 0.050441030 0.056538299 0.995293498 0.028909879 -0.092493579 0.694640338
-0.092948258 0.046816744 -0.994569719 -1.765061617 -0.026453955 0.998425245 0.049470510 0.058995795 0.995319426 0.030908501 -0.091563404 0.690727830
-0.091982409 0.051649623 -0.994420230 -1.811112285 -0.026191458 0.998182833 0.054267731 0.059772573 0.995416045 0.031036993 -0.090462476 0.686508298
-0.090500869 0.055080861 -0.994372070 -1.855202556 -0.026475871 0.997983396 0.057690561 0.061221577 0.995544314 0.031547915 -0.088860050 0.683019876
-0.088376835 0.054154146 -0.994614065 -1.898622632 -0.024640255 0.998096585 0.056533195 0.063873872 0.995782256 0.029503766 -0.086874239 0.678187132
-0.085873589 0.053492341 -0.994868934 -1.944349170 -0.024478402 0.998142838 0.055781271 0.065504089 0.996005297 0.029142940 -0.084404700 0.673895955
-0.081360653 0.054060780 -0.995217443 -1.989162207 -0.028542949 0.997991979 0.056544922 0.067404814 0.996275961 0.033006970 -0.079654217 0.669580758
-0.075066127 0.055624556 -0.995626032 -2.029983759 -0.033477124 0.997739553 0.058266692 0.068712734 0.996616542 0.037704550 -0.073034301 0.665267467
-0.070463218 0.054233622 -0.996038914 -2.079585314 -0.037215650 0.997682810 0.056955893 0.071448699 0.996819913 0.041081548 -0.068281613 0.662473559
-0.064463824 0.053634729 -0.996477664 -2.124540329 -0.038884923 0.997661114 0.056213971 0.073317543 0.997162163 0.042371724 -0.062227480 0.658955693
-0.058458090 0.052758224 -0.996894777 -2.169627905 -0.038204115 0.997752786 0.055043928 0.075086020 0.997558594 0.041303258 -0.056311145 0.656242013
-0.053596113 0.052678637 -0.997172236 -2.216133118 -0.036572203 0.997833967 0.054679278 0.076964475 0.997892737 0.039399382 -0.051553451 0.653756618
-0.048272416 0.052901097 -0.997432351 -2.261645079 -0.035503350 0.997874498 0.054642800 0.079145923 0.998202980 0.038049933 -0.046291657 0.651773334
-0.042049047 0.054033618 -0.997653365 -2.308147430 -0.035375729 0.997829854 0.055534191 0.081638694 0.998489022 0.037627876 -0.040046316 0.649398565
-0.037068296 0.055887751 -0.997748733 -2.355087996 -0.035600241 0.997727275 0.057209168 0.082969151 0.998678327 0.037640739 -0.034994435 0.647741556
-0.031311259 0.053566422 -0.998073280 -2.400251389 -0.036298744 0.997843146 0.054692835 0.085923284 0.998850226 0.037941307 -0.029299332 0.645866632
-0.026327722 0.049478464 -0.998428166 -2.445947647 -0.035817072 0.998086393 0.050405990 0.087921277 0.999011457 0.037087850 -0.024505170 0.644533992
-0.022425409 0.045254584 -0.998723745 -2.493413448 -0.035304595 0.998315990 0.046028841 0.088218793 0.999124944 0.036291756 -0.020789947 0.643284202
-0.018562559 0.044501171 -0.998836875 -2.539754868 -0.035348635 0.998355210 0.045136638 0.089977041 0.999202609 0.036145367 -0.016958974 0.642215192
-0.015332319 0.047273763 -0.998764396 -2.586529970 -0.034247030 0.998270810 0.047776140 0.091183007 0.999295712 0.034937240 -0.013686823 0.641209781
-0.013240391 0.046387196 -0.998835742 -2.632828474 -0.034934048 0.998292089 0.046825018 0.093039617 0.999301851 0.035513360 -0.011597285 0.640259922
-0.012880428 0.046481825 -0.998836040 -2.680634499 -0.036560025 0.998229146 0.046925034 0.094376281 0.999248385 0.037121885 -0.011158242 0.639908791
-0.011943022 0.047343858 -0.998807311 -2.727042437 -0.037391648 0.998158753 0.047760222 0.095947936 0.999229312 0.037917450 -0.010150770 0.639177680
-0.010639535 0.047238093 -0.998826981 -2.774897099 -0.038526244 0.998122513 0.047615167 0.097255275 0.999200881 0.038987651 -0.008799655 0.638104916
-0.009616042 0.045476925 -0.998919070 -2.822322369 -0.038556188 0.998205602 0.045815598 0.098599225 0.999210060 0.038955085 -0.007845369 0.637482107
-0.009070114 0.043450732 -0.999014378 -2.869829893 -0.037479069 0.998338759 0.043761622 0.100590155 0.999256372 0.037839040 -0.007426552 0.636885583
-0.008421727 0.043336380 -0.999024987 -2.916728020 -0.034025375 0.998469591 0.043599114 0.101807155 0.999385536 0.034359381 -0.006934301 0.636151910
-0.008293942 0.043873761 -0.999002576 -2.964702368 -0.031561919 0.998527884 0.044114932 0.103428625 0.999467373 0.031896330 -0.006896991 0.635686755
-0.007724246 0.046769187 -0.998875856 -3.012457132 -0.031430464 0.998400748 0.046989989 0.104765788 0.999476135 0.031758096 -0.006241916 0.634784818
-0.008148596 0.050304752 -0.998700678 -3.060148478 -0.033433951 0.998161733 0.050550383 0.106403679 0.999407709 0.033802424 -0.006451730 0.634361982
-0.007119988 0.050374512 -0.998705029 -3.107510805 -0.035685241 0.998081326 0.050597459 0.108040787 0.999337733 0.035999279 -0.005308701 0.633620441
-0.007149981 0.047977928 -0.998822749 -3.154896021 -0.035799596 0.998195767 0.048204072 0.109924868 0.999333501 0.036102109 -0.005419489 0.633109391
-0.007393105 0.044757057 -0.998970568 -3.202347040 -0.035476878 0.998357177 0.044992134 0.111995846 0.999343216 0.035772987 -0.005793119 0.632899880
-0.006703386 0.044723023 -0.998976946 -3.249425173 -0.033617094 0.998424649 0.044923875 0.113006078 0.999412239 0.033883840 -0.005189368 0.631752610
-0.006407926 0.046228383 -0.998910367 -3.296585560 -0.032235730 0.998402119 0.046411637 0.114326186 0.999459684 0.032498002 -0.004907482 0.631201804
-0.005925911 0.048539903 -0.998803735 -3.343921661 -0.031694975 0.998310268 0.048703972 0.116028033 0.999480009 0.031945679 -0.004377426 0.630636275
-0.006012148 0.051184095 -0.998671114 -3.391529322 -0.032279860 0.998158813 0.051352166 0.117294297 0.999460816 0.032545708 -0.004348863 0.630435705
-0.005633258 0.051017240 -0.998681903 -3.438851357 -0.033903811 0.998113871 0.051179469 0.119051859 0.999409258 0.034147426 -0.003892953 0.629660070
-0.005272197 0.049380384 -0.998766065 -3.485854864 -0.033198226 0.998220801 0.049528670 0.120355517 0.999434888 0.033418387 -0.003623475 0.629214168
-0.005075858 0.048085455 -0.998830259 -3.532382488 -0.031741194 0.998332143 0.048222769 0.121830501 0.999483228 0.031948838 -0.003541103 0.628774881
-0.004372517 0.049066022 -0.998785913 -3.578897476 -0.030761044 0.998316228 0.049177602 0.123476863 0.999517202 0.030938730 -0.002855833 0.628319740
-0.005196338 0.052529268 -0.998605967 -3.626004219 -0.028421549 0.998208165 0.052656256 0.124571830 0.999582529 0.028655542 -0.003694064 0.628513575
-0.005463286 0.054486945 -0.998499513 -3.671299219 -0.026708882 0.998150289 0.054614019 0.126169205 0.999628365 0.026967181 -0.003997895 0.628477991
-0.005092988 0.056486167 -0.998390377 -3.720421314 -0.027466075 0.998018682 0.056605257 0.128214195 0.999609768 0.027710157 -0.003531444 0.628118277
-0.004667420 0.058627319 -0.998268962 -3.767402172 -0.030356303 0.997811437 0.058742378 0.129792437 0.999528229 0.030577928 -0.002877497 0.627799034
-0.004313976 0.057691734 -0.998325109 -3.813737392 -0.031042529 0.997845531 0.057798158 0.131585792 0.999508739 0.031239875 -0.002513784 0.627146184
-0.003807626 0.054012757 -0.998533010 -3.860171080 -0.034556877 0.997936726 0.054112278 0.133204490 0.999395430 0.034712218 -0.001933258 0.625822008
-0.003258086 0.052892219 -0.998594940 -3.906355143 -0.036162682 0.997940838 0.052975569 0.134603679 0.999340653 0.036284469 -0.001338652 0.625254273
-0.002539824 0.050353106 -0.998728275 -3.954710245 -0.036017247 0.998078823 0.050411962 0.136802137 0.999347925 0.036099479 -0.000721365 0.624490499
-0.002644914 0.050905053 -0.998700023 -4.000960350 -0.035483263 0.998069704 0.050966915 0.138416559 0.999366701 0.035571937 -0.000833532 0.624164045
-0.002874922 0.053255707 -0.998576760 -4.047719955 -0.034239333 0.997990072 0.053323001 0.139690846 0.999409497 0.034343902 -0.001045703 0.624408185
-0.003108552 0.056176886 -0.998416007 -4.094479561 -0.032970183 0.997872174 0.056248948 0.140991136 0.999451518 0.033092812 -0.001249775 0.624304950
-0.003160791 0.053999867 -0.998535931 -4.141796589 -0.036795862 0.997858405 0.054079704 0.143458292 0.999317825 0.036912926 -0.001167050 0.623607337
-0.003589783 0.055158347 -0.998471141 -4.188629627 -0.039857276 0.997676253 0.055257745 0.145377576 0.999198973 0.039994705 -0.001382981 0.622952223
-0.003537471 0.054927520 -0.998484075 -4.236098766 -0.043818384 0.997522771 0.055029877 0.146832108 0.999033272 0.043946628 -0.001121872 0.622114062
-0.003700378 0.050164789 -0.998734057 -4.283797264 -0.044792030 0.997730196 0.050280310 0.149679378 0.998989522 0.044921394 -0.001444996 0.621751368
-0.004597169 0.047193281 -0.998875141 -4.331134319 -0.044630524 0.997880638 0.047351710 0.150197253 0.998992980 0.044798009 -0.002481165 0.621511757
-0.005774895 0.046386987 -0.998906851 -4.378373623 -0.041553192 0.998049498 0.046587411 0.151973203 0.999119580 0.041776806 -0.003836104 0.621250570
-0.005820729 0.045434624 -0.998950303 -4.428631306 -0.037119512 0.998268902 0.045619924 0.153734088 0.999293864 0.037346087 -0.004124142 0.620966494
-0.006441830 0.047271416 -0.998861372 -4.476187229 -0.036327519 0.998211563 0.047474954 0.155516118 0.999319196 0.036591973 -0.004713057 0.620489478
-0.006787854 0.051293932 -0.998660505 -4.528057098 -0.035240591 0.998050869 0.051502150 0.156908512 0.999355793 0.035542965 -0.004966996 0.619694710
-0.007457261 0.050975703 -0.998672068 -4.578234196 -0.033855584 0.998114347 0.051200043 0.159035027 0.999398887 0.034192428 -0.005717387 0.619550884
-0.008141411 0.047188055 -0.998852849 -4.627281189 -0.033499651 0.998312354 0.047435574 0.160403565 0.999405503 0.033847414 -0.006546889 0.618937373
-0.009673759 0.043588959 -0.999002755 -4.676141262 -0.034043856 0.998455882 0.043894760 0.162166119 0.999373496 0.034434523 -0.008174886 0.618725002
-0.009858761 0.041905873 -0.999072790 -4.727695942 -0.033285405 0.998554051 0.042212568 0.164070830 0.999397397 0.033670709 -0.008449651 0.617392600
-0.010651660 0.043415882 -0.999000311 -4.777866364 -0.034766614 0.998436928 0.043762088 0.165495276 0.999338686 0.035198003 -0.009125588 0.616617024
-0.010584123 0.047992803 -0.998791695 -4.830152512 -0.039630294 0.998042643 0.048376780 0.167140454 0.999158323 0.040094428 -0.008661439 0.615235329
-0.011135155 0.051422540 -0.998614907 -4.881357193 -0.045419425 0.997620046 0.051877756 0.168781802 0.998905957 0.045934185 -0.008773073 0.614197016
-0.011067805 0.051145650 -0.998629808 -4.933197021 -0.052682087 0.997274220 0.051660091 0.171041638 0.998549938 0.053181674 -0.008343178 0.612830579
-0.011110956 0.049130671 -0.998730540 -4.983802319 -0.055409558 0.997227311 0.049673170 0.172683656 0.998401880 0.055891134 -0.008357839 0.611721337
-0.011069385 0.047170222 -0.998825550 -5.036755562 -0.058162931 0.997165143 0.047736384 0.175232172 0.998245716 0.058623031 -0.008294445 0.610675395
-0.011706181 0.046791010 -0.998836100 -5.088055611 -0.058342256 0.997170866 0.047396757 0.176541388 0.998228014 0.058829188 -0.008943169 0.609572530
-0.011984476 0.045949034 -0.998871863 -5.139873028 -0.055898450 0.997350752 0.046549726 0.178362072 0.998364508 0.056393258 -0.009384247 0.608694315
-0.013171729 0.046267223 -0.998842239 -5.191502094 -0.056014154 0.997326255 0.046935655 0.180314466 0.998343110 0.056567531 -0.010544889 0.608946145
-0.013082245 0.051693734 -0.998577237 -5.242784500 -0.056195635 0.997046351 0.052350692 0.181708783 0.998334050 0.056800552 -0.010138644 0.607055783
-0.013828138 0.055844802 -0.998343647 -5.294385433 -0.055017833 0.996884108 0.056525212 0.183461443 0.998389602 0.055708341 -0.010712590 0.606293559
-0.013663063 0.054615591 -0.998413980 -5.345752239 -0.055573683 0.996922314 0.055294506 0.185358748 0.998361111 0.056241032 -0.010585823 0.605295062
-0.012716840 0.052846380 -0.998521686 -5.397627354 -0.055198707 0.997042596 0.053471100 0.187489584 0.998394489 0.055797078 -0.009762179 0.604259908
-0.011618589 0.052628558 -0.998546660 -5.449015617 -0.054506503 0.997095883 0.053186320 0.189238429 0.998445809 0.055045240 -0.008716249 0.603605568
-0.009856681 0.052483816 -0.998573124 -5.500691414 -0.055078264 0.997077107 0.052948855 0.190792203 0.998433411 0.055521578 -0.006937153 0.602139056
-0.009791479 0.053929251 -0.998496711 -5.551751137 -0.054710936 0.997020006 0.054386005 0.193012252 0.998454213 0.055161212 -0.006811781 0.602064371
-0.009366627 0.057056531 -0.998327017 -5.603275299 -0.055747818 0.996788383 0.057491634 0.195169583 0.998400986 0.056193061 -0.006155767 0.601374984
-0.007408231 0.058226623 -0.998275876 -5.654548645 -0.057632443 0.996618986 0.058557678 0.197468996 0.998310328 0.057966888 -0.004027441 0.600577354
-0.006626884 0.055459801 -0.998438835 -5.706050873 -0.059537727 0.996667743 0.055756576 0.199528679 0.998204052 0.059814278 -0.003302850 0.600142121
-0.006505542 0.052587256 -0.998595059 -5.756694317 -0.058533955 0.996883988 0.052878477 0.201199874 0.998264194 0.058795728 -0.003407130 0.599264741
-0.006746510 0.051316027 -0.998659551 -5.808088779 -0.055418108 0.997128427 0.051611725 0.202852845 0.998440444 0.055692028 -0.003883300 0.599769711
-0.006491254 0.050792463 -0.998688161 -5.858264446 -0.054056492 0.997231066 0.051069703 0.204332039 0.998516738 0.054317094 -0.003727617 0.598228514
-0.006663657 0.051447697 -0.998653471 -5.908685684 -0.051340636 0.997340977 0.051722649 0.205708772 0.998658955 0.051616173 -0.004004580 0.597614110
-0.006588982 0.049853656 -0.998734891 -5.959670067 -0.050181672 0.997481585 0.050122179 0.207823128 0.998718321 0.050448433 -0.004070648 0.597079039
-0.006243525 0.049932133 -0.998733103 -6.010246754 -0.048779123 0.997548342 0.050177842 0.209547967 0.998790085 0.049030609 -0.003792574 0.596236110
-0.006470099 0.051905040 -0.998631060 -6.060865402 -0.046831951 0.997540414 0.052151788 0.212084070 0.998881817 0.047105264 -0.004023372 0.595848918
-0.006641169 0.052656457 -0.998590589 -6.110736847 -0.044825714 0.997593164 0.052901976 0.214490592 0.998972774 0.045113865 -0.004264822 0.595147729
-0.006563801 0.051743988 -0.998638809 -6.161270618 -0.042079099 0.997761488 0.051975105 0.215704486 0.999092638 0.042362977 -0.004371768 0.595014036
-0.007214141 0.052012954 -0.998620391 -6.211592197 -0.043246601 0.997695744 0.052277219 0.217531532 0.999038339 0.043564070 -0.004948134 0.594635308
-0.006899788 0.056758098 -0.998364091 -6.261930466 -0.043975450 0.997404814 0.057007480 0.219481200 0.999008775 0.044296842 -0.004385918 0.593940973
-0.006751378 0.064065166 -0.997922838 -6.312930584 -0.049134798 0.996719003 0.064320303 0.221411899 0.998769283 0.049466986 -0.003581397 0.593378484
-0.005342145 0.063379213 -0.997975349 -6.362854481 -0.053641368 0.996534407 0.063574843 0.223799318 0.998546124 0.053872373 -0.001923885 0.592186570
-0.002975558 0.060080960 -0.998189092 -6.412790298 -0.057856098 0.996511102 0.060152419 0.225858927 0.998320520 0.057930321 0.000510872 0.590479612
-0.002093013 0.054255500 -0.998524904 -6.462296009 -0.059477635 0.996752501 0.054283869 0.228044838 0.998227417 0.059503514 0.001140772 0.590908647
-0.000835049 0.052726790 -0.998608649 -6.512299061 -0.062457561 0.996656477 0.052675948 0.230091229 0.998047173 0.062414654 0.002460930 0.590202153
-0.000067962 0.049666449 -0.998765886 -6.561598778 -0.056966327 0.997143686 0.049589667 0.231348693 0.998376071 0.056899402 0.002761547 0.590505719
-0.000142209 0.045011781 -0.998986423 -6.610810757 -0.053636365 0.997548103 0.044954609 0.233334661 0.998560488 0.053588394 0.002272408 0.590275049
-0.000294453 0.041509923 -0.999138057 -6.659679890 -0.047937840 0.997988820 0.041476309 0.234681904 0.998850286 0.047908723 0.001696035 0.590381026
-0.001262444 0.043802589 -0.999039471 -6.710034847 -0.045677114 0.997994959 0.043814510 0.236850724 0.998955429 0.045688551 0.000740863 0.590693355
-0.000528184 0.050981052 -0.998699486 -6.760229588 -0.046273023 0.997628689 0.050950848 0.237767279 0.998928726 0.046239756 0.001832116 0.590085983
0.000962556 0.054383039 -0.998519778 -6.809682369 -0.047547817 0.997393250 0.054275863 0.239321396 0.998868465 0.047425192 0.003545844 0.589683294
0.002979151 0.050791506 -0.998704851 -6.859364510 -0.049069460 0.997513533 0.050584543 0.241493464 0.998790920 0.048855212 0.005464056 0.589381516
0.003848227 0.051239062 -0.998678982 -6.909731865 -0.050918039 0.997400880 0.050977290 0.242917940 0.998695374 0.050654598 0.006447219 0.589290440
0.004800752 0.052301899 -0.998619854 -6.959518433 -0.048726574 0.997457266 0.052006770 0.244537875 0.998800635 0.048409656 0.007337037 0.589520633
0.005228187 0.050187759 -0.998726130 -7.009209633 -0.049064368 0.997549772 0.049871795 0.246459693 0.998781860 0.048741128 0.007677806 0.589449108
0.007182350 0.048476808 -0.998798490 -7.057409763 -0.050102361 0.997587264 0.048057728 0.248437285 0.998718262 0.049696997 0.009593822 0.589365721
0.009132757 0.050711203 -0.998671532 -7.104834557 -0.050440479 0.997465193 0.050188668 0.249175489 0.998685300 0.049915120 0.011667508 0.589137852
0.010869188 0.052517623 -0.998560846 -7.150770187 -0.050932214 0.997352660 0.051899694 0.250492036 0.998642981 0.050294802 0.013515252 0.588919818
0.011347277 0.054228753 -0.998464048 -7.195464611 -0.051623248 0.997228503 0.053574961 0.251562327 0.998602152 0.050936017 0.014115293 0.589000762
0.011157712 0.055258345 -0.998409688 -7.238566399 -0.051424272 0.997182310 0.054615717 0.252664894 0.998614490 0.050733108 0.013967895 0.589565098
0.011745669 0.056307994 -0.998344302 -7.282288551 -0.051398188 0.997127295 0.055634648 0.254279137 0.998609126 0.050659623 0.014606057 0.589242458
0.012200709 0.055315092 -0.998394430 -7.323276997 -0.051629361 0.997171700 0.054616433 0.255588025 0.998591781 0.050880108 0.015022084 0.589382052
0.013711970 0.055240367 -0.998378873 -7.364074230 -0.052936666 0.997112632 0.054443255 0.256913215 0.998503745 0.052104335 0.016596619 0.589725435
0.014682229 0.056164719 -0.998313606 -7.402705193 -0.053614128 0.997029006 0.055303957 0.258079201 0.998453796 0.052711733 0.017649833 0.590859950
0.014305551 0.054459527 -0.998413503 -7.442238808 -0.051824547 0.997213960 0.053651541 0.259153187 0.998553753 0.050974809 0.017088035 0.590686142
0.011334453 0.051300943 -0.998618960 -7.479530334 -0.049104374 0.997506618 0.050686467 0.260273337 0.998729289 0.048462056 0.013825294 0.590967178
0.006330817 0.047983535 -0.998828053 -7.517862320 -0.049151625 0.997655690 0.047615681 0.261212826 0.998771250 0.048792571 0.008674444 0.591170847
0.001380616 0.044930395 -0.998989165 -7.555833340 -0.050509162 0.997718155 0.044803426 0.262224853 0.998722613 0.050396249 0.003646862 0.590954185
-0.002750993 0.044053163 -0.999025404 -7.593837738 -0.052966766 0.997620523 0.044137061 0.263471425 0.998592496 0.053036582 -0.000411094 0.590720356
-0.005081529 0.044958942 -0.998975933 -7.631599903 -0.054475266 0.997492909 0.045169313 0.264522195 0.998502195 0.054649014 -0.002619639 0.589674711
-0.007688154 0.046489127 -0.998889208 -7.669374943 -0.053715184 0.997457325 0.046835914 0.265482247 0.998526633 0.054015614 -0.005171434 0.589849114
-0.008468652 0.047699001 -0.998825848 -7.707022667 -0.051244400 0.997528553 0.048071526 0.266826928 0.998650193 0.051591340 -0.006003415 0.589049995
-0.010437230 0.048232213 -0.998781621 -7.744792938 -0.048849769 0.997618854 0.048686530 0.267905205 0.998751581 0.049298413 -0.008056244 0.588899016
-0.011265848 0.046803910 -0.998840630 -7.781796455 -0.049862515 0.997635007 0.047309812 0.269182712 0.998692513 0.050337691 -0.008905442 0.588159084
-0.011783071 0.046457265 -0.998850763 -7.819198132 -0.051284518 0.997577369 0.047003023 0.269790918 0.998614550 0.051779412 -0.009371988 0.587466478
-0.011543063 0.044542413 -0.998940766 -7.856415272 -0.055150181 0.997458398 0.045113593 0.271665215 0.998411417 0.055612512 -0.009057201 0.586628079
-0.010576198 0.044404689 -0.998957574 -7.893615723 -0.057586838 0.997328401 0.044941943 0.271811306 0.998284459 0.058002118 -0.007990817 0.585712135
-0.009530666 0.041527141 -0.999091864 -7.931127071 -0.057619687 0.997454345 0.042008728 0.272895187 0.998293102 0.057967734 -0.007113623 0.585228622
-0.008889121 0.039321680 -0.999187052 -7.968560696 -0.057285860 0.997565389 0.039767489 0.273828655 0.998318255 0.057592787 -0.006614904 0.584496081
-0.007932833 0.039307725 -0.999195635 -8.006723404 -0.057372414 0.997563124 0.039699003 0.274657935 0.998321354 0.057641190 -0.005658323 0.583759248
-0.007367294 0.042311713 -0.999077320 -8.045035362 -0.054714121 0.997590601 0.042652227 0.275413185 0.998474836 0.054977868 -0.005034495 0.583557606
-0.007176920 0.043703489 -0.999018788 -8.083804131 -0.054039709 0.997567594 0.044028234 0.276385337 0.998512983 0.054302674 -0.004797741 0.583004892
-0.006083656 0.040481467 -0.999161780 -8.122212410 -0.049018312 0.997966945 0.040731523 0.277281046 0.998779297 0.049225017 -0.004086955 0.582799971
-0.006346098 0.037006352 -0.999294817 -8.161216736 -0.047359232 0.998182476 0.037265912 0.278499991 0.998857796 0.047562324 -0.004581972 0.582680166
-0.005574309 0.037506212 -0.999280870 -8.200275421 -0.052316073 0.997916937 0.037746858 0.279559940 0.998615026 0.052488856 -0.003600520 0.581895590
-0.003377569 0.040866770 -0.999158859 -8.239249229 -0.054038983 0.997697115 0.040989656 0.281127602 0.998533189 0.054131974 -0.001161393 0.580867469
-0.001735062 0.040768370 -0.999167144 -8.279427528 -0.051348120 0.997846901 0.040803660 0.281948537 0.998679221 0.051376157 0.000362052 0.581064045
0.000160684 0.041513886 -0.999137878 -8.319611549 -0.050061613 0.997885466 0.041453801 0.283542007 0.998746037 0.050011791 0.002238596 0.581194282
0.002573289 0.046788126 -0.998901606 -8.359835625 -0.050855726 0.997618377 0.046597011 0.284531921 0.998702645 0.050679963 0.004946604 0.580870211
0.003845928 0.051335555 -0.998674154 -8.401094437 -0.048554033 0.997513115 0.051088903 0.285644442 0.998813152 0.048293162 0.006328913 0.580771983
0.005776750 0.050338797 -0.998715520 -8.442337990 -0.047388978 0.997623801 0.050009668 0.287976086 0.998859882 0.047039211 0.008148529 0.580800951
0.006507969 0.051948722 -0.998628557 -8.483246803 -0.051314991 0.997351289 0.051547863 0.289223015 0.998661280 0.050909147 0.009156480 0.581451237
0.010226578 0.053037763 -0.998540223 -8.525047302 -0.054305293 0.997148097 0.052407652 0.291208863 0.998472035 0.053690065 0.013077645 0.581222296
0.013428803 0.054295655 -0.998434603 -8.566962242 -0.055076040 0.997048914 0.053479545 0.292326272 0.998391867 0.054271661 0.016379567 0.581542730
0.017010069 0.051439859 -0.998531222 -8.609108925 -0.058025401 0.997043312 0.050374750 0.294136047 0.998170257 0.057083301 0.019944595 0.581803262
0.019396173 0.048872385 -0.998616695 -8.651209831 -0.058335945 0.997158289 0.047667943 0.295460522 0.998108566 0.057330668 0.022192072 0.582348466
0.021059422 0.048286527 -0.998611510 -8.693836212 -0.058160331 0.997200668 0.046991780 0.296871901 0.998085082 0.057089955 0.023808826 0.583135009
0.023097698 0.049723443 -0.998495877 -8.736764908 -0.058497772 0.997118354 0.048301645 0.298737675 0.998020172 0.057294127 0.025939848 0.583382607
0.023866931 0.053388029 -0.998288572 -8.779472351 -0.059487890 0.996879339 0.051890444 0.299982011 0.997943759 0.058147613 0.026968390 0.584699452
0.024085460 0.054621667 -0.998216689 -8.823366165 -0.060880762 0.996733129 0.053071540 0.301147491 0.997854412 0.059493937 0.027332189 0.586052775
0.026517235 0.050310738 -0.998381436 -8.866783142 -0.059306946 0.997052670 0.048668575 0.303706765 0.997887552 0.057920396 0.029422851 0.586442471
