0.999997914 0.001900851 0.000780631 -0.000688720 -0.001900512 0.999998093 -0.000434941 -0.001333657 -0.000781457 0.000433456 0.999999583 0.056812141
0.999996841 0.002267208 0.001083655 -0.000835965 -0.002267830 0.999997258 0.000573333 -0.001963862 -0.001082352 -0.000575789 0.999999225 0.084266335
0.999993801 0.002992054 0.001827146 -0.001039514 -0.002998485 0.999989271 0.003527409 -0.002534427 -0.001816572 -0.003532866 0.999992073 0.111006215
0.999992430 0.002656559 0.002852680 -0.000706125 -0.002677755 0.999968648 0.007452226 -0.002899871 -0.002832793 -0.007459808 0.999968171 0.136972874
0.999988556 0.002013069 0.004346058 -0.000699237 -0.002060967 0.999936819 0.011044865 -0.003291257 -0.004323549 -0.011053696 0.999929488 0.161931977
0.999985874 0.001129722 0.005193276 -0.000522824 -0.001199020 0.999910057 0.013360123 -0.003702261 -0.005177717 -0.013366160 0.999897242 0.185808316
0.999978185 0.001852303 0.006331151 -0.000364054 -0.001934041 0.999914527 0.012928850 -0.003878274 -0.006306662 -0.012940812 0.999896288 0.208780870
0.999968231 0.002748107 0.007477457 -0.000357935 -0.002823930 0.999944508 0.010148659 -0.004174968 -0.007449153 -0.010169452 0.999920487 0.230652273
0.999960601 0.002583055 0.008492971 -0.000238107 -0.002646826 0.999968350 0.007506065 -0.004474201 -0.008473313 -0.007528248 0.999935746 0.251136333
0.999951243 0.000507494 0.009868319 0.000260112 -0.000566015 0.999982357 0.005928316 -0.004775085 -0.009865137 -0.005933612 0.999933720 0.270762980
0.999921799 -0.003078334 0.012129434 0.000183617 0.003033015 0.999988377 0.003752943 -0.005131819 -0.012140847 -0.003715860 0.999919355 0.288831413
0.999895573 -0.005002052 0.013561542 0.000939712 0.004964313 0.999983668 0.002815110 -0.005452636 -0.013575401 -0.002747492 0.999904096 0.306427211
0.999868751 -0.000657248 0.016187996 0.000661284 0.000642031 0.999999285 0.000945186 -0.005970166 -0.016188608 -0.000934669 0.999868453 0.322128236
0.999800503 0.003859950 0.019597435 0.000389941 -0.003862074 0.999992549 0.000070558 -0.006290859 -0.019597016 -0.000146231 0.999807894 0.337610066
0.999734163 0.003942051 0.022715688 0.000917000 -0.003974370 0.999991179 0.001377803 -0.006782561 -0.022710053 -0.001467717 0.999741018 0.350988299
0.999672830 0.000057276 0.025581107 0.001781537 -0.000096450 0.999998868 0.001530093 -0.006813116 -0.025580991 -0.001532060 0.999671578 0.363481283
0.999586880 -0.005128930 0.028280545 0.002236431 0.005092991 0.999986053 0.001342772 -0.006973156 -0.028287040 -0.001198185 0.999599099 0.375238717
0.999491274 -0.008637269 0.030702688 0.002833334 0.008555686 0.999959469 0.002787604 -0.007235235 -0.030725522 -0.002523503 0.999524653 0.385382444
0.999417126 -0.008578636 0.033041283 0.003306378 0.008465679 0.999957860 0.003557079 -0.007343514 -0.033070408 -0.003275289 0.999447644 0.394441396
0.999332368 -0.008438248 0.035549890 0.003323853 0.008330579 0.999960244 0.003175737 -0.007887980 -0.035575278 -0.002877465 0.999362886 0.402019501
0.999281347 -0.007048631 0.037241563 0.003873198 0.006995775 0.999974251 0.001549407 -0.008021593 -0.037251525 -0.001287759 0.999305129 0.409262478
0.999209583 -0.005203871 0.039408594 0.004444063 0.005168891 0.999986112 0.000989431 -0.008376260 -0.039413195 -0.000784950 0.999222696 0.416328400
0.999122322 -0.002146562 0.041833062 0.004002225 0.002138657 0.999997675 0.000233724 -0.008372953 -0.041833460 -0.000144052 0.999124527 0.422556996
0.999055445 -0.000813083 0.043445978 0.004111288 0.000854263 0.999999225 -0.000929283 -0.008770419 -0.043445189 0.000965520 0.999055266 0.428808033
0.998975396 -0.001679679 0.045225393 0.004600323 0.001810227 0.999994338 -0.002845812 -0.008822740 -0.045220345 0.002924764 0.998972774 0.434878945
0.998898149 -0.002918114 0.046840038 0.004955476 0.003124217 0.999985754 -0.004327536 -0.008995324 -0.046826750 0.004469106 0.998893023 0.440342039
0.998843670 -0.003862216 0.047920950 0.005362434 0.004131122 0.999976337 -0.005513668 -0.009090480 -0.047898524 0.005705261 0.998835921 0.445777148
0.998783171 -0.003433117 0.049197782 0.005775370 0.003748770 0.999972999 -0.006325158 -0.009496087 -0.049174748 0.006501893 0.998768985 0.450808793
0.998712778 -0.002490925 0.050660316 0.005888458 0.002914882 0.999961317 -0.008296456 -0.009539927 -0.050637685 0.008433446 0.998681545 0.455773532
0.998676717 -0.002481371 0.051368199 0.006402535 0.003024826 0.999940276 -0.010504561 -0.009739005 -0.051339064 0.010646040 0.998624563 0.460659832
0.998645365 -0.003656691 0.051905077 0.006855264 0.004315298 0.999911547 -0.012582279 -0.010044719 -0.051854484 0.012789221 0.998572707 0.465523183
0.998636901 -0.003804465 0.052054986 0.006627439 0.004580125 0.999880135 -0.014789619 -0.009954521 -0.051992483 0.015007876 0.998534679 0.470204681
0.998725057 -0.004593806 0.050270919 0.006642574 0.005401279 0.999858379 -0.015938377 -0.010204405 -0.050190587 0.016189583 0.998608410 0.474824399
0.998922646 -0.004646365 0.046172287 0.007529592 0.005428737 0.999843538 -0.016833711 -0.010274982 -0.046086848 0.017066231 0.998791575 0.480421096
0.999062717 -0.003522832 0.043142200 0.006861738 0.004318482 0.999822080 -0.018363243 -0.010231519 -0.043069825 0.018532341 0.998900175 0.484932393
0.999288857 -0.003781921 0.037514918 0.006632545 0.004498385 0.999808848 -0.019032175 -0.010621885 -0.037435763 0.019187402 0.999114811 0.489722997
0.999498248 -0.003259673 0.031504508 0.006067907 0.003899737 0.999786854 -0.020276543 -0.010519271 -0.031431690 0.020389233 0.999297857 0.494382650
0.999711692 -0.003119171 0.023805808 0.006379454 0.003624276 0.999768615 -0.021204185 -0.010477321 -0.023734158 0.021284351 0.999491692 0.499369860
0.999869764 -0.004041253 0.015624118 0.006135361 0.004378139 0.999757349 -0.021588195 -0.010888389 -0.015533085 0.021653788 0.999644816 0.504260540
0.999973118 -0.004678852 0.005651221 0.005655672 0.004808886 0.999718845 -0.023219829 -0.010863755 -0.005540986 0.023246383 0.999714375 0.509659767
0.999950647 -0.006431981 -0.007576855 0.005439247 0.006239701 0.999664605 -0.025133202 -0.010927072 0.007735964 0.025084680 0.999655306 0.515562057
0.999692559 -0.007256234 -0.023710387 0.004706826 0.006608550 0.999606073 -0.027281523 -0.011008320 0.023899008 0.027116448 0.999346554 0.521556437
0.999052286 -0.006621110 -0.043020666 0.003713112 0.005405589 0.999584675 -0.028309479 -0.011204767 0.043190233 0.028050097 0.998673081 0.528363824
0.997884810 -0.005769822 -0.064749941 0.002170954 0.003952523 0.999595702 -0.028159505 -0.011393619 0.064886235 0.027844017 0.997504115 0.535389662
0.996056318 -0.005165206 -0.088573247 0.000829134 0.002814730 0.999641120 -0.026641486 -0.011826723 0.088679060 0.026287111 0.995713353 0.543243110
0.993366897 -0.004217949 -0.114910692 -0.001190271 0.001284978 0.999671817 -0.025586039 -0.012010239 0.114980914 0.025268670 0.993046284 0.551130891
0.989449739 -0.003407599 -0.144836664 -0.004026540 -0.000013669 0.999721169 -0.023614008 -0.012300870 0.144876748 0.023366854 0.989173770 0.560558498
0.984077871 -0.003802896 -0.177697331 -0.007375062 0.000200662 0.999794245 -0.020285314 -0.012658740 0.177737892 0.019926673 0.983876109 0.570050955
0.976674557 -0.002299083 -0.214712799 -0.010516629 -0.001291750 0.999861717 -0.016582076 -0.012954828 0.214721233 0.016472649 0.976536512 0.579856157
0.967044473 -0.000836782 -0.254606009 -0.013898507 -0.002158815 0.999931812 -0.011485965 -0.013110863 0.254598200 0.011657088 0.966976643 0.589270353
0.955301523 0.002940330 -0.295618355 -0.019006222 -0.005166188 0.999963880 -0.006748717 -0.013501368 0.295587808 0.007974280 0.955282271 0.599672198
0.941122711 0.006598844 -0.338000745 -0.024246022 -0.008076348 0.999962986 -0.002965185 -0.013471995 0.337968707 0.005520415 0.941141188 0.610450208
0.924338102 0.009627565 -0.381453067 -0.029943630 -0.009167075 0.999953449 0.003024328 -0.013981019 0.381464362 0.000701307 0.924383223 0.621513367
0.904986560 0.012417383 -0.425258964 -0.035810500 -0.008997736 0.999909043 0.010048992 -0.014074925 0.425345063 -0.005267834 0.905015945 0.631478310
0.883022666 0.016607340 -0.469036430 -0.042968065 -0.010257596 0.999817967 0.016089641 -0.013975824 0.469218194 -0.009396332 0.883032322 0.642569423
0.858506322 0.021547584 -0.512350082 -0.051670015 -0.013072294 0.999711752 0.020139996 -0.013983632 0.512636304 -0.010592722 0.858540535 0.653414547
0.830401301 0.024602940 -0.556622267 -0.060993850 -0.014157739 0.999633729 0.023062896 -0.013659152 0.556985855 -0.011270947 0.830445528 0.664887965
0.799404502 0.028735345 -0.600105643 -0.070245564 -0.017155562 0.999540031 0.025008759 -0.013959308 0.600548208 -0.009696965 0.799529731 0.674577832
0.766147077 0.030787945 -0.641927361 -0.081433147 -0.017508768 0.999480963 0.027039938 -0.013533611 0.642426729 -0.009477211 0.766288519 0.685118556
0.728886008 0.033752047 -0.683802724 -0.094662488 -0.017976491 0.999383271 0.030167209 -0.012631731 0.684399009 -0.009696082 0.729043126 0.697394013
0.689175129 0.035923257 -0.723703802 -0.106920123 -0.016731467 0.999292970 0.033669773 -0.012904111 0.724401593 -0.011095742 0.689288855 0.707990646
0.648887932 0.036430601 -0.760011315 -0.120911270 -0.015006440 0.999271512 0.035087071 -0.012677113 0.760735869 -0.011362518 0.648962021 0.717033684
0.607051969 0.034139510 -0.793928504 -0.136409342 -0.009318653 0.999313891 0.035846021 -0.011920111 0.794607460 -0.014362057 0.606953621 0.726651549
0.562440157 0.034068022 -0.826135755 -0.153418392 -0.005539389 0.999283552 0.037436996 -0.011313647 0.826819360 -0.016479786 0.562226057 0.736969471
0.514098644 0.036144417 -0.856969178 -0.169470429 -0.004809349 0.999217510 0.039258882 -0.010520171 0.857717574 -0.016061477 0.513870180 0.746117055
0.459334046 0.034969449 -0.887575030 -0.188367784 -0.004717637 0.999306798 0.036930095 -0.009290069 0.888251007 -0.012775996 0.459180564 0.757648170
0.412361175 0.034875445 -0.910352647 -0.207417637 0.000737495 0.999253809 0.038615309 -0.009414388 0.911020160 -0.016594827 0.412027776 0.761601925
0.358520031 0.033887502 -0.932906806 -0.227967456 0.005205552 0.999252856 0.038298015 -0.008604826 0.933507562 -0.018586898 0.358075678 0.768391967
0.303560674 0.032283761 -0.952264965 -0.249530062 0.007859394 0.999306977 0.036383975 -0.007698320 0.952779651 -0.018528968 0.303096533 0.774523020
0.252183169 0.038748428 -0.966903329 -0.272253513 0.007809382 0.999083936 0.042074867 -0.006929567 0.967648029 -0.018161487 0.251649499 0.777963281
0.201273084 0.043934923 -0.978549302 -0.296264768 0.010367131 0.998842120 0.046978392 -0.006115988 0.979480267 -0.019600239 0.200584501 0.781464219
0.152477026 0.045048345 -0.987279773 -0.320938498 0.015450457 0.998729885 0.047956992 -0.005272591 0.988186240 -0.022566257 0.151587337 0.784610748
0.107774042 0.046392996 -0.993092358 -0.346859336 0.018005457 0.998655617 0.048606914 -0.004480101 0.994012356 -0.023119643 0.106793836 0.786609173
0.067126207 0.044851840 -0.996735871 -0.373757571 0.018018229 0.998771548 0.046156902 -0.003620556 0.997581720 -0.021057753 0.066235602 0.787573397
0.031452063 0.040471509 -0.998685539 -0.401375294 0.015142116 0.999045849 0.040962987 -0.002338378 0.999390543 -0.016410584 0.030809233 0.787513554
0.002950327 0.040421054 -0.999178350 -0.429698765 0.012745302 0.999100029 0.040455513 -0.001044812 0.999914408 -0.012854187 0.002432493 0.786701739
-0.017408567 0.044242904 -0.998869061 -0.458473444 0.011558793 0.998962700 0.044045594 0.000027077 0.999781609 -0.010778950 -0.017901905 0.785188675
-0.031223325 0.050762154 -0.998222589 -0.490650296 0.013300381 0.998642147 0.050367482 0.001073478 0.999424040 -0.011704098 -0.031856082 0.784595430
-0.038577098 0.053072266 -0.997845232 -0.521597445 0.012736332 0.998533547 0.052616477 0.002339339 0.999174476 -0.010679097 -0.039196473 0.783081532
-0.043273482 0.050460111 -0.997788250 -0.556293726 0.013989730 0.998656332 0.049897302 0.003567260 0.998965323 -0.011799556 -0.043921266 0.781688154
-0.041442279 0.046538815 -0.998056471 -0.588460565 0.020638000 0.998741388 0.045713797 0.005022021 0.998927712 -0.018703407 -0.042350590 0.779865921
-0.038451426 0.045123611 -0.998241127 -0.624530733 0.033682488 0.998470724 0.043836568 0.006455282 0.998692632 -0.031937666 -0.039912499 0.780065000
-0.031689309 0.045243692 -0.998473287 -0.659049869 0.033399008 0.998465002 0.044183310 0.007808680 0.998939574 -0.031947870 -0.033151761 0.778479517
-0.027235847 0.043823127 -0.998667955 -0.696145296 0.031815972 0.998570383 0.042951152 0.008890351 0.999122620 -0.030603781 -0.028591188 0.777336180
-0.023679635 0.037514165 -0.999015510 -0.732146800 0.035283592 0.998704493 0.036666159 0.010024162 0.999096751 -0.034380615 -0.024972593 0.776146770
-0.022229975 0.026732888 -0.999395430 -0.771975398 0.033170797 0.999111772 0.025987465 0.011264034 0.999202371 -0.032573037 -0.023096979 0.775925279
-0.020502916 0.018160902 -0.999624908 -0.809882283 0.024831524 0.999535799 0.017649978 0.012221340 0.999481261 -0.024460331 -0.020944363 0.773702443
-0.022672938 0.015395922 -0.999624372 -0.850174844 0.019807445 0.999692023 0.014947704 0.012937584 0.999546647 -0.019461097 -0.022970907 0.772762954
-0.025728542 0.021541972 -0.999436796 -0.890891731 0.010452650 0.999718904 0.021278968 0.013268686 0.999614239 -0.009899286 -0.025946483 0.770563126
-0.030829052 0.030037852 -0.999073207 -0.933460653 0.006026748 0.999535680 0.029865785 0.013861493 0.999506474 -0.005100428 -0.030995769 0.768903852
-0.034923773 0.039042681 -0.998627067 -0.976035357 0.003941454 0.999234200 0.038928576 0.015431495 0.999382198 -0.002576509 -0.035050917 0.766833901
-0.035908069 0.049113594 -0.998147488 -1.019501686 0.002903527 0.998792529 0.049040869 0.016782049 0.999350846 -0.001137185 -0.036007311 0.764234364
-0.038008288 0.057260145 -0.997635543 -1.064020991 0.005086456 0.998355091 0.057107650 0.018158380 0.999264419 -0.002903865 -0.038237013 0.763158143
-0.039316550 0.058320157 -0.997523427 -1.108060122 0.006275355 0.998290002 0.058117628 0.020020746 0.999207139 -0.003974829 -0.039615296 0.761543036
-0.041547034 0.055578541 -0.997589469 -1.151030779 0.005070424 0.998450518 0.055415336 0.021801513 0.999123693 -0.002755858 -0.041764464 0.759796321
-0.044470243 0.050348394 -0.997741163 -1.197042704 0.004819528 0.998728395 0.050183415 0.024065986 0.998999059 -0.002576973 -0.044656351 0.757726371
-0.048898809 0.045078155 -0.997786045 -1.241589785 0.004681447 0.998980343 0.044902701 0.025739014 0.998792768 -0.002475394 -0.049059980 0.755161405
-0.054386031 0.040371463 -0.997703552 -1.286176085 0.004257916 0.999182701 0.040199205 0.027101925 0.998510957 -0.002061862 -0.054513477 0.752505541
-0.061591960 0.038178202 -0.997370958 -1.332515836 0.004092859 0.999269366 0.037998125 0.029253285 0.998093009 -0.001741720 -0.061703216 0.749657273
-0.068042316 0.040660013 -0.996853530 -1.377612710 0.003917566 0.999172330 0.040487193 0.030475076 0.997674704 -0.001150397 -0.068145283 0.746324420
-0.074013963 0.045650180 -0.996211827 -1.423106432 0.002731179 0.998957157 0.045573071 0.031633280 0.997253478 0.000652211 -0.074061476 0.742102325
-0.080512598 0.048448119 -0.995575488 -1.472554922 -0.000430638 0.998816192 0.048640657 0.033720125 0.996753454 0.004344919 -0.080396421 0.738403380
-0.085559838 0.050217360 -0.995066822 -1.518634677 -0.003978791 0.998703897 0.050743029 0.035819042 0.996325135 0.008300729 -0.085249141 0.734282911
-0.087767556 0.051561486 -0.994805694 -1.565062523 -0.008539961 0.998583913 0.052510764 0.037521232 0.996104360 0.013104343 -0.087202914 0.729392231
-0.089764990 0.052842446 -0.994560182 -1.612222195 -0.012329839 0.998455942 0.054162290 0.039566785 0.995886624 0.017124645 -0.088974856 0.725403547
-0.090980373 0.052376278 -0.994474411 -1.659021735 -0.014025023 0.998449504 0.053868726 0.041545413 0.995753884 0.018848522 -0.090104744 0.720657885
-0.091980442 0.051792312 -0.994412959 -1.704760075 -0.014235225 0.998475969 0.053320654 0.043006212 0.995658994 0.019060148 -0.091102988 0.715677381
-0.093591124 0.050710697 -0.994318426 -1.752299070 -0.015120167 0.998514414 0.052347902 0.045295857 0.995495856 0.019933565 -0.092685327 0.711470604
-0.094064385 0.049530949 -0.994333208 -1.799426317 -0.017098751 0.998533905 0.051357754 0.047455844 0.995419264 0.021832792 -0.093079552 0.706234336
-0.095129535 0.046997584 -0.994354844 -1.845767736 -0.021836394 0.998546064 0.049284752 0.049052767 0.995225370 0.026401563 -0.093964957 0.701671720
-0.095551170 0.042434543 -0.994519651 -1.894081235 -0.026834801 0.998617947 0.045187637 0.050339945 0.995062709 0.031005468 -0.094280392 0.696653366
-0.094381973 0.041818168 -0.994657397 -1.940978646 -0.028310318 0.998600543 0.044670284 0.052074429 0.995133400 0.032375135 -0.093065999 0.691559494
-0.092340685 0.045833178 -0.994672120 -1.989235520 -0.029488344 0.998376012 0.048741404 0.053904474 0.995290756 0.033832043 -0.090839185 0.687028408
-0.091186740 0.049336437 -0.994610846 -2.038807392 -0.029293444 0.998206913 0.052200470 0.055098727 0.995402873 0.033895563 -0.089577988 0.682302237
-0.089967094 0.048510205 -0.994762540 -2.086375952 -0.027516643 0.998310745 0.051171850 0.057296868 0.995564520 0.031976309 -0.088480249 0.678383291
-0.086161986 0.047561705 -0.995145142 -2.132727623 -0.028042614 0.998348355 0.050142791 0.059278458 0.995886385 0.032226875 -0.084685922 0.672266841
-0.083332911 0.047820464 -0.995373666 -2.186741114 -0.031711906 0.998214781 0.050611887 0.061632123 0.996017158 0.035782833 -0.081667669 0.669034243
-0.077369019 0.048966888 -0.995799303 -2.234759092 -0.036608901 0.997980118 0.051918458 0.063382216 0.996330142 0.040472001 -0.075420119 0.664538383
-0.071006924 0.048862349 -0.996278286 -2.282769680 -0.039829947 0.997864008 0.051778883 0.064765096 0.996680260 0.043358374 -0.068909064 0.660168171
-0.065981910 0.047548238 -0.996687293 -2.334611416 -0.041726913 0.997858763 0.050366502 0.067183062 0.996947944 0.044911969 -0.063856579 0.656894863
-0.060795344 0.046445657 -0.997069001 -2.384055376 -0.041419569 0.997938991 0.049011692 0.069185175 0.997290552 0.044277862 -0.058746278 0.654555500
-0.054739408 0.046777204 -0.997404277 -2.432365894 -0.039591979 0.998014748 0.048978716 0.070590794 0.997715414 0.042170275 -0.052778725 0.650905490
-0.049256869 0.047084302 -0.997675717 -2.483775616 -0.038528983 0.998055100 0.049004443 0.072433367 0.998042703 0.040853232 -0.047346961 0.647849560
-0.043321721 0.046504036 -0.997978330 -2.533862114 -0.039102096 0.998071730 0.048205797 0.076213032 0.998295724 0.041111395 -0.041419778 0.645594180
-0.037955083 0.050707992 -0.997991979 -2.584641933 -0.037923414 0.997919023 0.052146569 0.075362891 0.998559594 0.039826497 -0.035953078 0.643028438
-0.032183647 0.049184743 -0.998271048 -2.634688854 -0.037880916 0.998010755 0.050393183 0.077689961 0.998763800 0.039437264 -0.030256469 0.640735745
-0.027796818 0.045227680 -0.998589993 -2.686051369 -0.037510760 0.998225093 0.046255317 0.079091325 0.998909533 0.038743608 -0.026050957 0.639460564
-0.023440346 0.040505856 -0.998904228 -2.736419916 -0.037390884 0.998444259 0.041364618 0.080069989 0.999025762 0.038319509 -0.021889327 0.638133287
-0.019938862 0.039923321 -0.999003768 -2.788024664 -0.036657877 0.998501301 0.040634893 0.081658602 0.999128878 0.037431564 -0.018445479 0.637135923
-0.015706459 0.042593762 -0.998969018 -2.839335918 -0.035933632 0.998422801 0.043135449 0.082854301 0.999230742 0.036574088 -0.014151134 0.635324180
-0.014573976 0.041962843 -0.999012828 -2.890775919 -0.036237214 0.998440444 0.042467438 0.084532641 0.999236941 0.036820352 -0.013030632 0.635055602
-0.013466965 0.040908761 -0.999072134 -2.941897154 -0.038502567 0.998400569 0.041400261 0.086745292 0.999167800 0.039024364 -0.011870332 0.633945644
-0.013209081 0.042790789 -0.998996735 -2.994414806 -0.038704317 0.998313248 0.043273274 0.087498181 0.999163389 0.039237093 -0.011530611 0.633243501
-0.012051760 0.041823998 -0.999052286 -3.046036482 -0.039758839 0.998314679 0.042272732 0.089378908 0.999136627 0.040230621 -0.010368576 0.632033885
-0.011227622 0.041002166 -0.999095917 -3.097940207 -0.039239027 0.998371243 0.041413385 0.089892678 0.999166787 0.039668534 -0.009600449 0.631655931
-0.009935655 0.039641805 -0.999164522 -3.149015188 -0.037693366 0.998488903 0.039989818 0.091425106 0.999240041 0.038059209 -0.008426409 0.630614161
-0.010475722 0.039151337 -0.999178290 -3.202144384 -0.034165248 0.998635769 0.039488282 0.093014725 0.999361277 0.034550846 -0.009123817 0.630509317
-0.009986123 0.039545946 -0.999167860 -3.254212618 -0.031396445 0.998712659 0.039841723 0.094497561 0.999457121 0.031768184 -0.008731667 0.629809439
-0.009410681 0.042922147 -0.999034107 -3.306779146 -0.031345114 0.998574734 0.043197673 0.095444232 0.999464333 0.031721350 -0.008051867 0.628565252
-0.009395788 0.046119247 -0.998891771 -3.359293699 -0.034039106 0.998342156 0.046414055 0.097313337 0.999376357 0.034437478 -0.007810354 0.627673805
-0.008201235 0.045607693 -0.998925745 -3.411763430 -0.035428047 0.998318970 0.045870852 0.099415004 0.999338567 0.035766184 -0.006571657 0.626481652
-0.006936990 0.044440281 -0.998987913 -3.462388992 -0.036021810 0.998352528 0.044662140 0.100449413 0.999326885 0.036295179 -0.005324742 0.625348449
-0.007907054 0.041119721 -0.999122918 -3.515761614 -0.036236949 0.998486221 0.041380297 0.102301911 0.999311864 0.036532372 -0.006405031 0.625369787
-0.008148951 0.040015467 -0.999165773 -3.567778587 -0.033167589 0.998638391 0.040264856 0.104338393 0.999416530 0.033468042 -0.006810638 0.624926448
-0.007995743 0.042178594 -0.999078095 -3.620165110 -0.032229241 0.998580098 0.042415511 0.104705520 0.999448478 0.032538675 -0.006625006 0.624371290
-0.007468447 0.045214675 -0.998949349 -3.671571255 -0.032005001 0.998454630 0.045431562 0.105578922 0.999459863 0.032310680 -0.006009810 0.623676658
-0.007408249 0.047596004 -0.998839200 -3.724398136 -0.032524765 0.998326659 0.047812816 0.107244521 0.999443471 0.032841217 -0.005847805 0.623119354
-0.008853466 0.047952004 -0.998810351 -3.776993990 -0.033850484 0.998262763 0.048225753 0.108791806 0.999387741 0.034237180 -0.007214886 0.623072565
-0.006760211 0.045483544 -0.998942196 -3.828443050 -0.033798374 0.998383880 0.045686856 0.110446222 0.999405921 0.034071479 -0.005212015 0.621498704
-0.006070901 0.044049975 -0.999010861 -3.879567623 -0.032625470 0.998488724 0.044225212 0.111924343 0.999449253 0.032861687 -0.004624574 0.620770335
-0.006878055 0.045753896 -0.998929024 -3.931416273 -0.030869821 0.998466849 0.045945264 0.112692848 0.999499738 0.031152779 -0.005455095 0.620991707
-0.006328052 0.048045639 -0.998825073 -3.983372211 -0.028601235 0.998427808 0.048207723 0.114599712 0.999570847 0.028872689 -0.004943938 0.620499551
-0.006770542 0.051075697 -0.998671830 -4.035220623 -0.027473325 0.998308241 0.051243365 0.115913548 0.999599755 0.027783778 -0.005355868 0.620406032
-0.005856193 0.052560207 -0.998600602 -4.087267876 -0.027889762 0.998220682 0.052703764 0.117893234 0.999593854 0.028159376 -0.004379881 0.619441569
-0.005441477 0.054604989 -0.998493254 -4.139256477 -0.030600110 0.998031318 0.054746490 0.119747631 0.999516964 0.030851902 -0.003759846 0.618664265
-0.005634824 0.054227706 -0.998512626 -4.189125538 -0.032756746 0.997982621 0.054383766 0.121127099 0.999447465 0.033014458 -0.003847134 0.618139744
-0.005421216 0.049991518 -0.998734891 -4.240393639 -0.034059793 0.998160899 0.050147656 0.122722149 0.999405026 0.034288567 -0.003708545 0.617346048
-0.005262948 0.048907079 -0.998789489 -4.291525841 -0.036157630 0.998140872 0.049065839 0.124295041 0.999332249 0.036372095 -0.003484800 0.616620421
-0.004151502 0.046679758 -0.998901308 -4.343782425 -0.036369372 0.998242080 0.046800099 0.126318470 0.999329805 0.036523715 -0.002446490 0.615630269
-0.004788743 0.047295600 -0.998869479 -4.394823074 -0.035253737 0.998251975 0.047435384 0.127974510 0.999366939 0.035441037 -0.003113026 0.615724325
-0.004279554 0.049427155 -0.998768508 -4.446634293 -0.034760773 0.998166740 0.049546313 0.129333556 0.999386489 0.034929987 -0.002553582 0.615227699
-0.004405195 0.051273458 -0.998674929 -4.498738766 -0.033206347 0.998126388 0.051391762 0.130938426 0.999438822 0.033388734 -0.002694337 0.614969194
-0.004843586 0.050519031 -0.998711288 -4.550139427 -0.036996797 0.998030245 0.050664011 0.132544070 0.999303639 0.037194517 -0.002965002 0.614201903
-0.005513418 0.050963469 -0.998685241 -4.602040291 -0.039717179 0.997901261 0.051142734 0.134876788 0.999195814 0.039946932 -0.003477720 0.613841474
-0.005405668 0.051009372 -0.998683512 -4.655028343 -0.044480354 0.997697413 0.051199757 0.136442855 0.998995662 0.044698566 -0.003124306 0.612985492
-0.005324926 0.046790972 -0.998890519 -4.708086967 -0.046140689 0.997829318 0.046987232 0.138860017 0.998920858 0.046339702 -0.003154399 0.612548113
-0.006563733 0.043549463 -0.999029696 -4.759445667 -0.045529876 0.998002112 0.043803800 0.139588699 0.998941362 0.045773216 -0.004567817 0.612062693
-0.007349658 0.042434022 -0.999072254 -4.812040329 -0.041726999 0.998215914 0.042704619 0.141490266 0.999101937 0.042002149 -0.005565901 0.611736774
-0.007537263 0.041840255 -0.999095857 -4.866365910 -0.037811961 0.998397768 0.042096287 0.143079564 0.999256432 0.038095064 -0.005943127 0.611026525
-0.008116416 0.043547463 -0.999018312 -4.919634819 -0.036815383 0.998360932 0.043817908 0.144789308 0.999289155 0.037134886 -0.006499896 0.610210240
-0.008537277 0.047423333 -0.998838425 -4.975558281 -0.035855956 0.998217940 0.047700338 0.146467656 0.999320507 0.036221538 -0.006821654 0.609503984
-0.009306807 0.047702990 -0.998818219 -5.030842304 -0.034625236 0.998247087 0.047998346 0.148213282 0.999356985 0.035031028 -0.007638767 0.609052300
-0.009731567 0.043612923 -0.999001086 -5.084549427 -0.034080487 0.998453498 0.043921001 0.149560124 0.999371707 0.034473855 -0.008230167 0.608316898
-0.011563988 0.039757293 -0.999142408 -5.138586044 -0.034529820 0.998597443 0.040135253 0.151371032 0.999336720 0.034964330 -0.010174957 0.608405769
-0.011572585 0.038663339 -0.999185205 -5.194822311 -0.033492856 0.998676479 0.039031561 0.152705133 0.999371946 0.033917274 -0.010262322 0.606816411
-0.011982335 0.039894488 -0.999132037 -5.250733852 -0.035028324 0.998573720 0.040292282 0.154351324 0.999314487 0.035480712 -0.010567809 0.605614483
-0.012315441 0.044608686 -0.998928607 -5.307078838 -0.039945941 0.998184919 0.045067951 0.155873939 0.999125957 0.040458173 -0.010511152 0.604304194
-0.012884321 0.048026390 -0.998762965 -5.363374233 -0.045590997 0.997778833 0.048567206 0.157462299 0.998877108 0.046160355 -0.010666132 0.603096664
-0.012636040 0.047787365 -0.998777628 -5.420083523 -0.053136040 0.997413933 0.048394371 0.159740627 0.998507321 0.053682607 -0.010064130 0.601387918
-0.012742102 0.045544941 -0.998881042 -5.475857735 -0.055793967 0.997373343 0.046187930 0.161530912 0.998361051 0.056320056 -0.010167502 0.600178361
-0.012720246 0.043936733 -0.998953342 -5.533582211 -0.058421329 0.997294903 0.044607703 0.163875371 0.998210967 0.058927596 -0.010118992 0.598911405
-0.013605655 0.043441709 -0.998963356 -5.589907169 -0.058431350 0.997313976 0.044165794 0.165255606 0.998198688 0.058971677 -0.011030754 0.597743154
-0.013473843 0.042754985 -0.998994708 -5.646750927 -0.056203578 0.997473538 0.043447923 0.166916937 0.998328388 0.056732494 -0.011036818 0.596339941
-0.015404561 0.043079272 -0.998952866 -5.702374935 -0.056184363 0.997455716 0.043881111 0.168850869 0.998301566 0.056801505 -0.012944984 0.597336054
-0.014702804 0.048314013 -0.998723984 -5.759820461 -0.056478709 0.997197151 0.049071606 0.170353666 0.998295546 0.057128116 -0.011932882 0.594579756
-0.015261693 0.052697010 -0.998493969 -5.816334248 -0.055186100 0.997043669 0.053463977 0.171816349 0.998359501 0.055918932 -0.012308433 0.593514323
-0.015158133 0.051438112 -0.998561084 -5.872938156 -0.055940621 0.997068048 0.052210368 0.173985198 0.998318970 0.056651536 -0.012236209 0.592220008
-0.014427572 0.049336154 -0.998678029 -5.929259777 -0.055447984 0.997205615 0.050064456 0.176274613 0.998357356 0.056096993 -0.011651665 0.591028690
-0.013125217 0.049771871 -0.998674393 -5.986393929 -0.054812875 0.997222722 0.050419923 0.177568942 0.998410404 0.055401988 -0.010360627 0.590151250
-0.012256455 0.048900552 -0.998728514 -6.042524338 -0.054779306 0.997270703 0.049501434 0.179405406 0.998423338 0.055316366 -0.009544266 0.589159966
-0.011280724 0.050928701 -0.998638570 -6.098873138 -0.054950684 0.997161388 0.051474094 0.181503415 0.998425305 0.055456538 -0.008450135 0.588242829
-0.010751418 0.053723264 -0.998498023 -6.155203819 -0.055985224 0.996957064 0.054243177 0.183942974 0.998373687 0.056484342 -0.007710994 0.587390423
-0.008836200 0.055147648 -0.998439133 -6.211847782 -0.057725467 0.996784806 0.055567157 0.185914323 0.998293400 0.058126368 -0.005624366 0.586512029
-0.007894874 0.052342232 -0.998597980 -6.268269062 -0.059917297 0.996809959 0.052722219 0.188034594 0.998172104 0.060249522 -0.004733484 0.585848093
-0.008049521 0.049577370 -0.998737812 -6.324603081 -0.058437854 0.997039914 0.049964070 0.189646095 0.998258591 0.058766276 -0.005128499 0.585037291
-0.007962766 0.048405897 -0.998796046 -6.379000664 -0.055512011 0.997265995 0.048774306 0.191114873 0.998426259 0.055833548 -0.005253889 0.584923565
-0.008257335 0.047920603 -0.998817027 -6.435764790 -0.053602125 0.997393787 0.048295457 0.192433685 0.998528242 0.053937506 -0.005667169 0.583952129
-0.007941490 0.048331555 -0.998799741 -6.491351604 -0.051249743 0.997498930 0.048676092 0.194076210 0.998654306 0.051574793 -0.005444649 0.582901418
-0.008667768 0.046847582 -0.998864353 -6.547062397 -0.049546309 0.997654915 0.047220811 0.196196169 0.998734236 0.049899340 -0.006326315 0.582946837
-0.008601272 0.047063306 -0.998854876 -6.602285862 -0.048304394 0.997706115 0.047425143 0.197719872 0.998795629 0.048657000 -0.006308177 0.582266092
-0.008436634 0.049176764 -0.998754442 -6.658080578 -0.046660788 0.997682691 0.049518134 0.200178593 0.998875141 0.047020428 -0.006122458 0.581151128
-0.008377098 0.050643966 -0.998681545 -6.714385986 -0.044317584 0.997716546 0.050966762 0.202128053 0.998982310 0.044686109 -0.006113553 0.580539346
-0.008672873 0.048850480 -0.998768449 -6.768120766 -0.041712135 0.997918963 0.049171142 0.204050690 0.999092042 0.042087220 -0.006617164 0.580225646
-0.009373155 0.049107347 -0.998749495 -6.823163509 -0.043045733 0.997847736 0.049466986 0.205747753 0.999029160 0.043455571 -0.007239121 0.579752147
-0.009060578 0.053733416 -0.998514235 -6.878898144 -0.043870769 0.997572362 0.054080810 0.207969636 0.998996139 0.044295583 -0.006681256 0.578990579
-0.009080777 0.060615908 -0.998119950 -6.934089661 -0.048514217 0.996958792 0.060986776 0.209882438 0.998781204 0.048976805 -0.006112428 0.578217447
-0.007348868 0.060675234 -0.998130500 -6.989696980 -0.053208228 0.996719718 0.060981225 0.212039649 0.998556376 0.053556904 -0.004096339 0.576767623
-0.005739396 0.056951359 -0.998360455 -7.044021130 -0.057062313 0.996731460 0.057186481 0.214441776 0.998354018 0.057296969 -0.002470861 0.575482368
-0.003998307 0.051211935 -0.998679817 -7.098822594 -0.059071723 0.996931612 0.051358785 0.216708168 0.998245716 0.059199080 -0.000960862 0.574872613
-0.003257575 0.049588691 -0.998764336 -7.153258324 -0.062397379 0.996813357 0.049695332 0.219005913 0.998046041 0.062482160 -0.000152990 0.574433267
-0.002035460 0.046737149 -0.998905122 -7.208628654 -0.056766357 0.997291088 0.046777301 0.220059514 0.998385370 0.056799423 0.000623152 0.574424744
-0.002270936 0.041673291 -0.999128699 -7.262713909 -0.053194631 0.997711599 0.041735101 0.222258478 0.998581588 0.053243063 -0.000048943 0.574438930
-0.001870086 0.038599975 -0.999252915 -7.318093777 -0.047277726 0.998133957 0.038645230 0.223461807 0.998880148 0.047314681 -0.000041677 0.573812664
-0.003066096 0.041041072 -0.999152720 -7.373631001 -0.045755204 0.998105347 0.041138448 0.225682497 0.998947918 0.045842573 -0.001182445 0.574277401
-0.002052035 0.047960255 -0.998847067 -7.428697109 -0.045771319 0.997797847 0.048003905 0.226547763 0.998949766 0.045817047 0.000147687 0.573044002
-0.000746156 0.051209539 -0.998687625 -7.483151913 -0.047034211 0.997580826 0.051187925 0.228402629 0.998893023 0.047010679 0.001664249 0.572888494
0.001374066 0.047799286 -0.998855948 -7.538294792 -0.048458159 0.997686684 0.047676671 0.230123073 0.998824179 0.048337210 0.003687153 0.572180808
0.002643856 0.047658429 -0.998860121 -7.592920303 -0.050357159 0.997602701 0.047465142 0.232059240 0.998727679 0.050174274 0.005037461 0.571672440
0.003317877 0.048849776 -0.998800635 -7.647925854 -0.048994262 0.997614563 0.048629008 0.233747974 0.998793542 0.048774149 0.005703321 0.571673155
0.004524458 0.046542350 -0.998906136 -7.701462746 -0.048891332 0.997732043 0.046266191 0.235707581 0.998793840 0.048628516 0.006789714 0.571193933
0.005675922 0.045104094 -0.998966098 -7.755106926 -0.049727947 0.997759104 0.044767037 0.237131298 0.998746693 0.049422439 0.007906135 0.571476877
0.007461510 0.046455074 -0.998892486 -7.807061195 -0.050675768 0.997654378 0.046018951 0.238986552 0.998687267 0.050276272 0.009798154 0.571628392
0.008953410 0.048689295 -0.998773813 -7.858360767 -0.051000256 0.997536123 0.048171777 0.239988267 0.998658419 0.050506420 0.011414519 0.571410298
0.009667176 0.050380114 -0.998683333 -7.906975746 -0.051695630 0.997419655 0.049815953 0.241049170 0.998616040 0.051145982 0.012246663 0.571426451
0.010248013 0.051119205 -0.998640001 -7.957040310 -0.052703410 0.997331917 0.050511405 0.242851168 0.998557627 0.052114092 0.012914825 0.570972264
0.010170965 0.052308306 -0.998579144 -8.003716469 -0.052130181 0.997300625 0.051710349 0.243872523 0.998588502 0.051530171 0.012870353 0.571264327
0.010639673 0.051279925 -0.998627663 -8.049952507 -0.052045960 0.997358918 0.050660260 0.245094731 0.998588026 0.051435519 0.013280486 0.571516454
0.011702996 0.051497947 -0.998604596 -8.093091011 -0.052779380 0.997312605 0.050812785 0.246060193 0.998537660 0.052111067 0.014389579 0.572081745
0.013797230 0.051856637 -0.998559296 -8.136738777 -0.054080755 0.997231185 0.051040433 0.247456551 0.998441219 0.053298611 0.016563477 0.571777701
0.013017976 0.050649568 -0.998631656 -8.178793907 -0.052512944 0.997372687 0.049901173 0.248288006 0.998535395 0.051791482 0.015643535 0.572221398
0.010142135 0.048057921 -0.998793125 -8.218228340 -0.049879998 0.997625291 0.047495235 0.248825476 0.998703718 0.049338102 0.012515179 0.572096884
0.004743141 0.044334877 -0.999005437 -8.261359215 -0.049654581 0.997794807 0.044045396 0.250063658 0.998755217 0.049396284 0.006934111 0.572886527
-0.000319880 0.041388363 -0.999143064 -8.302519798 -0.051291376 0.997827351 0.041350275 0.251094848 0.998683751 0.051260646 0.001803681 0.572582185
-0.003808414 0.040801451 -0.999159992 -8.344667435 -0.053315755 0.997737825 0.040946595 0.251966000 0.998570561 0.053426903 -0.001624438 0.571824968
-0.006221463 0.041190859 -0.999131978 -8.386295319 -0.055726245 0.997584343 0.041474055 0.253324240 0.998426676 0.055935897 -0.003911023 0.570725620
-0.008576819 0.043329697 -0.999024034 -8.427627563 -0.054046270 0.997580349 0.043731082 0.253760815 0.998501599 0.054368597 -0.006214258 0.570601106
-0.009495321 0.044179160 -0.998978555 -8.468821526 -0.051152084 0.997694075 0.044608559 0.255356163 0.998645663 0.051523406 -0.007213571 0.569843233
-0.011233905 0.045305926 -0.998909950 -8.510218620 -0.049007580 0.997747540 0.045804352 0.255886912 0.998735249 0.049468726 -0.008988269 0.569297194
-0.012155832 0.044069145 -0.998954535 -8.550676346 -0.049347483 0.997784615 0.044618022 0.257007390 0.998707771 0.049838252 -0.009954199 0.568550348
-0.012192824 0.043539628 -0.998977304 -8.591495514 -0.051481254 0.997699261 0.044112261 0.257735580 0.998599529 0.051966447 -0.009923297 0.567372143
-0.012137465 0.042552527 -0.999020517 -8.632079124 -0.055158567 0.997544408 0.043159794 0.258987010 0.998403907 0.055628389 -0.009760523 0.566575587
-0.011069349 0.041723315 -0.999067903 -8.672909737 -0.057470646 0.997450948 0.042292550 0.259552568 0.998285830 0.057885230 -0.008643268 0.565394938
-0.010105247 0.038837455 -0.999194443 -8.713620186 -0.057563551 0.997565746 0.039356310 0.260737836 0.998290658 0.057914890 -0.007845027 0.564632177
-0.009522259 0.036155418 -0.999300838 -8.755305290 -0.057554975 0.997669518 0.036644831 0.261849672 0.998296916 0.057863679 -0.007419142 0.564116597
-0.009092648 0.035883099 -0.999314606 -8.797042847 -0.057628188 0.997676134 0.036348615 0.262700588 0.998296678 0.057919197 -0.007003638 0.563640654
-0.008381795 0.039051168 -0.999202013 -8.839462280 -0.054953210 0.997709155 0.039453793 0.263321191 0.998453736 0.055240061 -0.006216607 0.563209891
-0.007862054 0.040876534 -0.999133348 -8.882013321 -0.054035433 0.997686923 0.041242562 0.264056444 0.998508036 0.054312855 -0.005635088 0.562430680
-0.007075305 0.037098218 -0.999286592 -8.923948288 -0.049174637 0.998089790 0.037401963 0.265149057 0.998765111 0.049404189 -0.005237497 0.562272310
-0.007057966 0.033564288 -0.999411643 -8.966613770 -0.047298793 0.998306632 0.033861216 0.266347229 0.998855829 0.047509950 -0.005458463 0.561937869
-0.006070415 0.033812620 -0.999409735 -9.009578705 -0.052596644 0.998033881 0.034085535 0.267599165 0.998597324 0.052772511 -0.004280050 0.560896277
-0.003752354 0.037570924 -0.999286950 -9.052742004 -0.054194387 0.997817695 0.037719183 0.268967569 0.998523295 0.054297276 -0.001708033 0.559570491
-0.002475041 0.037503164 -0.999293447 -9.097239494 -0.051548857 0.997963130 0.037580904 0.269578546 0.998667359 0.051605456 -0.000536754 0.559913099
-0.000201938 0.039314080 -0.999226868 -9.141259193 -0.049130771 0.998019814 0.039276518 0.270869851 0.998792291 0.049100727 0.001729994 0.560036898
0.000995031 0.044068247 -0.999028146 -9.185846329 -0.050824560 0.997739732 0.043960795 0.271748036 0.998707116 0.050731417 0.003232530 0.559802473
0.003440706 0.046801895 -0.998898268 -9.231488228 -0.048595417 0.997731805 0.046579860 0.273784310 0.998812556 0.048381612 0.005707259 0.559582949
0.003738171 0.047826555 -0.998848677 -9.276031494 -0.047164772 0.997752428 0.047597554 0.275295347 0.998880267 0.046932533 0.005985497 0.560233414
0.005615336 0.049189135 -0.998773813 -9.321660995 -0.051354121 0.997485697 0.048836976 0.276617408 0.998664737 0.051016912 0.008127281 0.560391426
0.010135191 0.050832991 -0.998655736 -9.368082047 -0.054090537 0.997272670 0.050213635 0.278589070 0.998484731 0.053508900 0.012857133 0.559171379
0.014359560 0.050346017 -0.998628557 -9.414105415 -0.054886620 0.997265518 0.049488060 0.280648828 0.998389304 0.054100718 0.017083617 0.559164524
0.016231541 0.048232019 -0.998704195 -9.460844040 -0.058548924 0.997167706 0.047206242 0.282152921 0.998152554 0.057706833 0.019009504 0.560234785
0.019443138 0.045011684 -0.998797178 -9.507318497 -0.058533676 0.997323871 0.043805834 0.283870757 0.998095989 0.057611547 0.022025803 0.560487926
0.020849587 0.043543149 -0.998834014 -9.553849220 -0.057647415 0.997441351 0.042279121 0.285585642 0.998119235 0.056698699 0.023306392 0.561513007
0.022160377 0.046246432 -0.998684227 -9.601417542 -0.058221243 0.997294009 0.044890143 0.286726981 0.998057663 0.057149865 0.024792934 0.562670231
0.023771344 0.049647029 -0.998483896 -9.649085999 -0.059684239 0.997055113 0.048155058 0.288145840 0.997934163 0.058449037 0.026664486 0.563380957
0.024201147 0.048776541 -0.998516440 -9.697123528 -0.059003901 0.997137547 0.047279093 0.289897084 0.997964323 0.057772163 0.027009878 0.565051436
0.026088683 0.046509337 -0.998577118 -9.745122910 -0.059138186 0.997239411 0.044901989 0.291636527 0.997908831 0.057882607 0.028767137 0.565369844
0.025754875 0.042977676 -0.998744011 -9.792820930 -0.056310374 0.997551441 0.041474275 0.293486834 0.998081088 0.055171490 0.028111909 0.566914856
0.025557283 0.041549508 -0.998809516 -9.841866493 -0.054481301 0.997708917 0.040109672 0.295163512 0.998187602 0.053391349 0.027762406 0.568225801
0.026045440 0.041168835 -0.998812675 -9.891050339 -0.053938072 0.997754037 0.039718688 0.295801818 0.998204529 0.052839547 0.028207511 0.569115281
