0.999987543 0.004981856 0.000086881 -0.000303724 -0.004982031 0.999985278 0.002160634 -0.001259361 -0.000076116 -0.002161040 0.999997616 0.053593062
0.999980450 0.006193664 0.000877205 -0.000726579 -0.006195332 0.999979079 0.001912274 -0.001836882 -0.000865342 -0.001917671 0.999997795 0.079262726
0.999964952 0.008327139 0.000835873 -0.000856091 -0.008328502 0.999963999 0.001640616 -0.002332100 -0.000822181 -0.001647521 0.999998271 0.105089419
0.999964952 0.008277532 0.001244100 -0.000885106 -0.008279235 0.999964774 0.001370468 -0.002788157 -0.001232712 -0.001380720 0.999998212 0.130060330
0.999963820 0.008402966 0.001313110 -0.000638276 -0.008405901 0.999962151 0.002244271 -0.003277848 -0.001294201 -0.002255227 0.999996603 0.154769421
0.999954402 0.009276832 0.002278588 -0.001086685 -0.009288383 0.999943793 0.005112353 -0.003659826 -0.002231033 -0.005133285 0.999984264 0.178305209
0.999956489 0.008975473 0.002546272 -0.000249359 -0.008997818 0.999919951 0.008904510 -0.003890175 -0.002466145 -0.008927033 0.999957085 0.201510161
0.999953926 0.008266246 0.004880517 -0.000899725 -0.008328158 0.999883294 0.012804785 -0.004459057 -0.004774101 -0.012844843 0.999906063 0.222922042
0.999959409 0.007389673 0.005170952 -0.000177919 -0.007467237 0.999857426 0.015144940 -0.004781250 -0.005058299 -0.015182937 0.999871910 0.244300053
0.999945879 0.007725351 0.006960636 -0.000533084 -0.007828303 0.999858499 0.014886769 -0.005001459 -0.006844646 -0.014940455 0.999864876 0.264334172
0.999928296 0.009030690 0.007867591 -0.000494134 -0.009124112 0.999887288 0.011920474 -0.005101125 -0.007759055 -0.011991403 0.999897957 0.283330470
0.999918997 0.008746859 0.009243145 -0.000445222 -0.008831678 0.999918997 0.009175970 -0.005341748 -0.009162135 -0.009256862 0.999915123 0.302135646
0.999923110 0.006712852 0.010418082 -0.000025797 -0.006795086 0.999945879 0.007878369 -0.005699372 -0.010364632 -0.007948555 0.999914706 0.319400191
0.999916911 0.003049742 0.012524487 0.000233753 -0.003119301 0.999979794 0.005538045 -0.005893804 -0.012507345 -0.005576653 0.999906242 0.335729748
0.999895573 0.001093179 0.014412693 0.000434382 -0.001154383 0.999990344 0.004238915 -0.006038921 -0.014407920 -0.004255109 0.999887168 0.351171285
0.999848008 0.005645585 0.016491152 0.000716972 -0.005685230 0.999980986 0.002358091 -0.006466733 -0.016477527 -0.002451489 0.999861181 0.365255356
0.999762297 0.009873903 0.019436972 0.000713916 -0.009906121 0.999949634 0.001561957 -0.006720057 -0.019420573 -0.001754131 0.999809802 0.378668845
0.999679863 0.010170518 0.023168065 0.000853146 -0.010240562 0.999943316 0.002906640 -0.007151237 -0.023137191 -0.003142964 0.999727309 0.390541703
0.999648511 0.005892165 0.025851648 0.001764627 -0.005971678 0.999977648 0.002999620 -0.007204710 -0.025833396 -0.003152943 0.999661326 0.401826382
0.999596834 0.001315369 0.028364675 0.002250340 -0.001401941 0.999994397 0.003032397 -0.007427088 -0.028360529 -0.003070939 0.999592960 0.411950022
0.999522388 -0.002155399 0.030829264 0.002597997 0.002016728 0.999987721 0.004528393 -0.007628121 -0.030838642 -0.004464055 0.999514282 0.420761973
0.999423802 -0.002665095 0.033836909 0.002803070 0.002467510 0.999979734 0.005879710 -0.007971788 -0.033851884 -0.005792829 0.999410033 0.428778380
0.999360144 -0.001817767 0.035721321 0.003202258 0.001651174 0.999987721 0.004692629 -0.008118736 -0.035729412 -0.004630645 0.999350727 0.435677141
0.999295950 -0.000802115 0.037509587 0.003580784 0.000679963 0.999994457 0.003269192 -0.008298120 -0.037511997 -0.003241385 0.999290943 0.442092985
0.999192774 0.001100141 0.040157329 0.003821981 -0.001209672 0.999995589 0.002703363 -0.008621708 -0.040154181 -0.002749758 0.999189675 0.448113173
0.999098957 0.004363994 0.042216338 0.003670669 -0.004439072 0.999988735 0.001684840 -0.008521287 -0.042208504 -0.001870723 0.999107063 0.453627974
0.999033391 0.005644959 0.043592621 0.003873937 -0.005668551 0.999983847 0.000417579 -0.008813840 -0.043589558 -0.000664282 0.999049306 0.459235370
0.998951375 0.005132375 0.045494687 0.004352007 -0.005074739 0.999986112 -0.001382290 -0.008934387 -0.045501158 0.001149967 0.998963594 0.464602292
0.998881638 0.003748592 0.047131777 0.004564863 -0.003615098 0.999989212 -0.002917266 -0.009043859 -0.047142204 0.002743616 0.998884439 0.469306558
0.998828650 0.002691334 0.048312508 0.004886070 -0.002501479 0.999988914 -0.003989735 -0.009133402 -0.048322711 0.003864208 0.998824298 0.474109769
0.998761296 0.003203880 0.049655948 0.005257316 -0.002946554 0.999981821 -0.005254520 -0.009315607 -0.049671881 0.005101698 0.998752534 0.478689939
0.998682141 0.004351174 0.051137194 0.005217498 -0.003987597 0.999966085 -0.007209701 -0.009400355 -0.051166832 0.006996286 0.998665571 0.482802004
0.998645604 0.004301642 0.051851735 0.005714245 -0.003824333 0.999949396 -0.009300984 -0.009615406 -0.051889122 0.009090086 0.998611510 0.487147868
0.998627961 0.003200107 0.052268598 0.006114462 -0.002610021 0.999932110 -0.011353873 -0.009828605 -0.052301385 0.011201873 0.998568535 0.491695583
0.998624802 0.002903090 0.052345347 0.006040633 -0.002182431 0.999902070 -0.013819311 -0.009696962 -0.052380342 0.013686066 0.998533428 0.495794982
0.998710930 0.002108840 0.050715189 0.006006641 -0.001358486 0.999889135 -0.014825366 -0.009906236 -0.050740842 0.014737356 0.998603106 0.499862611
0.998883545 0.002220059 0.047185790 0.006318597 -0.001484983 0.999877095 -0.015607695 -0.010024447 -0.047214631 0.015520202 0.998764217 0.504432082
0.999061942 0.003061474 0.043198854 0.006283898 -0.002321322 0.999849796 -0.017173368 -0.009954434 -0.043244950 0.017056977 0.998918831 0.508831739
0.999298871 0.003032947 0.037318230 0.006269995 -0.002361931 0.999835014 -0.018011859 -0.010169401 -0.037366703 0.017911088 0.999141037 0.513153791
0.999536991 0.002718082 0.030303419 0.006355698 -0.002148899 0.999820948 -0.018799543 -0.010231952 -0.030349098 0.018725725 0.999363899 0.517705023
0.999709308 0.003151919 0.023900466 0.005855480 -0.002688779 0.999808490 -0.019385288 -0.010477567 -0.023956986 0.019315388 0.999526322 0.521509528
0.999881506 0.002002843 0.015263551 0.006028215 -0.001702230 0.999804914 -0.019682450 -0.010877430 -0.015299995 0.019654136 0.999689758 0.526261032
0.999985874 0.000964163 0.005221052 0.005575770 -0.000855317 0.999783158 -0.020809747 -0.011034543 -0.005239988 0.020804990 0.999769807 0.530867934
0.999968588 -0.000752110 -0.007878331 0.005214446 0.000574576 0.999746382 -0.022512648 -0.011111114 0.007893264 0.022507418 0.999715507 0.535952806
0.999721885 -0.000683806 -0.023571765 0.004391543 0.000086429 0.999679148 -0.025334589 -0.010780804 0.023581527 0.025325514 0.999401093 0.541145802
0.999078751 0.000032320 -0.042915680 0.003494877 -0.001159613 0.999654949 -0.026242996 -0.010911185 0.042900033 0.026268587 0.998733997 0.547087073
0.997932553 0.000832997 -0.064264111 0.002032198 -0.002524358 0.999652505 -0.026242185 -0.010954889 0.064219914 0.026350163 0.997587860 0.553424537
0.996057510 0.001246708 -0.088700831 0.001220487 -0.003405184 0.999701679 -0.024187196 -0.011577052 0.088644221 0.024393883 0.995764613 0.560202658
0.993387461 0.002231605 -0.114788629 -0.000894822 -0.004907600 0.999722600 -0.023035053 -0.011574617 0.114705376 0.023446074 0.993122756 0.567245185
0.989391387 0.003200392 -0.145239264 -0.003007643 -0.006327869 0.999757886 -0.021076411 -0.011641099 0.145136625 0.021771878 0.989172041 0.575562716
0.984089434 0.003049219 -0.177648112 -0.006337069 -0.006302324 0.999822617 -0.017750662 -0.011870112 0.177562475 0.018587837 0.983933866 0.583939254
0.976646960 0.003939785 -0.214814663 -0.008947022 -0.007066066 0.999879897 -0.013787420 -0.012030846 0.214734554 0.014983332 0.976557493 0.592844546
0.966979504 0.005652407 -0.254791379 -0.011790290 -0.008059090 0.999932230 -0.008402758 -0.012260419 0.254726648 0.010178683 0.966959476 0.600987017
0.955149114 0.009579736 -0.295970172 -0.016070738 -0.011055592 0.999933362 -0.003313315 -0.012651656 0.295918703 0.006436837 0.955191493 0.610051811
0.940890133 0.012812557 -0.338469505 -0.020671636 -0.013265993 0.999911547 0.000973744 -0.012741574 0.338452011 0.003573948 0.940976858 0.619331896
0.923976779 0.015666828 -0.382127345 -0.025553286 -0.014001594 0.999876440 0.007138315 -0.013028171 0.382192016 -0.001245247 0.924082160 0.629097581
0.904907823 0.018897789 -0.425187886 -0.031147450 -0.014118930 0.999796808 0.014388036 -0.013080213 0.425373346 -0.007016649 0.904990673 0.638233840
0.882793605 0.022450671 -0.469224364 -0.037405372 -0.014619100 0.999686539 0.020327125 -0.012758630 0.469533592 -0.011085019 0.882844985 0.648052335
0.858187914 0.027328314 -0.512607694 -0.044856757 -0.017080553 0.999549210 0.024692696 -0.012760705 0.513051391 -0.012435351 0.858267725 0.657548487
0.830214262 0.031163216 -0.556572616 -0.053156078 -0.018650614 0.999430060 0.028139096 -0.012634672 0.557132244 -0.012981058 0.830322325 0.667513192
0.799476266 0.034761228 -0.599691033 -0.061874926 -0.020919221 0.999329746 0.030037990 -0.012600999 0.600333273 -0.011469591 0.799667656 0.676466942
0.766111672 0.036559224 -0.641666830 -0.071669430 -0.020534884 0.999263465 0.032416023 -0.012221085 0.642379284 -0.011657744 0.766298294 0.685731947
0.728833199 0.039113924 -0.683573186 -0.082888901 -0.020659663 0.999168634 0.035144672 -0.011069769 0.684379578 -0.011492211 0.729035318 0.696157396
0.689292371 0.042341311 -0.723244965 -0.094404876 -0.019915774 0.999020815 0.039505377 -0.011583684 0.724209428 -0.012826774 0.689460695 0.706091106
0.648891866 0.041888647 -0.759726703 -0.106622845 -0.016952990 0.999031544 0.040603306 -0.011031166 0.760691762 -0.013467517 0.648973584 0.714368343
0.607315838 0.038960643 -0.793504596 -0.120177418 -0.010424734 0.999101639 0.041076686 -0.010130282 0.794391990 -0.016674448 0.607176542 0.722688198
0.562670887 0.038899783 -0.825765193 -0.135451853 -0.006636355 0.999072552 0.042541899 -0.009448500 0.826654315 -0.018457022 0.562407196 0.732065916
0.515113354 0.041923221 -0.856096089 -0.150449574 -0.005141138 0.998936296 0.045824707 -0.009114696 0.857106686 -0.019203613 0.514781058 0.740085006
0.466166854 0.041671909 -0.883714855 -0.167203605 -0.004686504 0.998992383 0.044635698 -0.008417420 0.884684384 -0.016666152 0.465892464 0.746951818
0.413750321 0.042087693 -0.909417033 -0.184207618 -0.000963107 0.998950481 0.045793112 -0.008083859 0.910389900 -0.018071042 0.413356543 0.753936708
0.359386623 0.039543629 -0.932350576 -0.202317387 0.006620691 0.998968601 0.044921126 -0.007107573 0.933165252 -0.022316856 0.358754128 0.759972334
0.304860145 0.038328800 -0.951625586 -0.221744344 0.008687207 0.999036372 0.043021381 -0.006243916 0.952357531 -0.021382472 0.304233432 0.765407264
0.253095031 0.044183917 -0.966431916 -0.242376849 0.009440875 0.998796165 0.048135992 -0.005153669 0.967395365 -0.021306941 0.252373219 0.768814921
0.201701835 0.048871856 -0.978226900 -0.263516515 0.012256444 0.998550177 0.052414376 -0.004225262 0.979370356 -0.022561662 0.200810432 0.772078097
0.153309584 0.050530527 -0.986885369 -0.286132902 0.018063776 0.998381555 0.053925302 -0.003464574 0.988013089 -0.026094148 0.152148709 0.774893939
0.108651794 0.052104425 -0.992713332 -0.309286177 0.020799629 0.998287559 0.054673500 -0.002753224 0.993862271 -0.026588440 0.107381962 0.776706994
0.068130232 0.050483700 -0.996398330 -0.333225816 0.020898646 0.998427570 0.052015498 -0.001853686 0.997457504 -0.024367198 0.066968046 0.777454674
0.032397576 0.046042282 -0.998413980 -0.357884347 0.018291976 0.998743892 0.046651043 -0.000542616 0.999307573 -0.019774346 0.031514686 0.777391911
0.003933311 0.045923240 -0.998937249 -0.383380681 0.015852170 0.998816490 0.045980114 0.000803955 0.999866545 -0.016016176 0.003200672 0.776677012
-0.016875872 0.050054207 -0.998604000 -0.409261137 0.015094616 0.998645067 0.049801178 0.001816148 0.999743521 -0.014233103 -0.017608551 0.775560379
-0.030348981 0.056157850 -0.997960567 -0.438174188 0.016642176 0.998310447 0.055671435 0.003118103 0.999400795 -0.014918664 -0.031232292 0.774732947
-0.037246287 0.058338579 -0.997601807 -0.466134518 0.016196376 0.998198628 0.057768781 0.004474521 0.999174833 -0.014005861 -0.038124055 0.773329675
-0.042357817 0.055921394 -0.997536182 -0.496667951 0.017405951 0.998322248 0.055226345 0.005615305 0.998950839 -0.015023802 -0.043260105 0.772251666
-0.040368494 0.052090522 -0.997826040 -0.525794923 0.024421010 0.998393238 0.051132143 0.007092517 0.998886347 -0.022303794 -0.041575737 0.770561695
-0.037463255 0.050468203 -0.998022795 -0.558021188 0.037004262 0.998109102 0.049083516 0.008625824 0.998612583 -0.035092283 -0.039259963 0.770855486
-0.030585885 0.050573945 -0.998251915 -0.588760495 0.036728553 0.998101532 0.049440984 0.009960236 0.998857081 -0.035152145 -0.032385331 0.769208312
-0.026418766 0.049286228 -0.998435199 -0.621485889 0.035098523 0.998213768 0.048346579 0.011056516 0.999034584 -0.033766344 -0.028101446 0.768570542
-0.022707712 0.042773284 -0.998826742 -0.653269768 0.038702533 0.998373091 0.041873977 0.012441672 0.998992682 -0.037706256 -0.024326203 0.767406762
-0.021161271 0.032142580 -0.999259233 -0.689189136 0.036522917 0.998840749 0.031355668 0.013604881 0.999108732 -0.035832331 -0.022310685 0.767194331
-0.019777834 0.023723742 -0.999522865 -0.722814858 0.028435996 0.999327362 0.023156427 0.014550881 0.999399960 -0.027964449 -0.020439142 0.765344143
-0.021706071 0.020771621 -0.999548614 -0.758559465 0.023012824 0.999529600 0.020271484 0.015453269 0.999499500 -0.022562422 -0.022173874 0.764373481
-0.025061227 0.026740730 -0.999328256 -0.794952452 0.013379759 0.999561667 0.026411440 0.016240101 0.999596357 -0.012708865 -0.025408022 0.762868166
-0.029929569 0.035278182 -0.998929203 -0.832828820 0.009240949 0.999344051 0.035015952 0.016799314 0.999509275 -0.008183042 -0.030235941 0.760959744
-0.034090526 0.044440642 -0.998430133 -0.870689750 0.007409094 0.998994708 0.044212788 0.018265724 0.999391258 -0.005890226 -0.034385521 0.759154499
-0.035154566 0.054216228 -0.997910142 -0.909368813 0.006318862 0.998519480 0.054026730 0.019790482 0.999361932 -0.004406371 -0.035445102 0.756877661
-0.037224002 0.062563211 -0.997346580 -0.949037731 0.008481953 0.998022139 0.062289007 0.021139588 0.999271095 -0.006140800 -0.037681032 0.756076753
-0.038789459 0.063633658 -0.997219145 -0.988072276 0.009360695 0.997949600 0.063316151 0.023084503 0.999203622 -0.006878664 -0.039305575 0.754779816
-0.040916298 0.060874619 -0.997306406 -1.027053595 0.008145583 0.998129487 0.060590658 0.024859514 0.999129415 -0.005644496 -0.041335616 0.753123760
-0.043616485 0.055602852 -0.997499824 -1.067386627 0.007840259 0.998438299 0.055312335 0.027025018 0.999017596 -0.005408128 -0.043984309 0.751269877
-0.048001274 0.050386325 -0.997575581 -1.106839418 0.007892006 0.998714745 0.050064117 0.028697850 0.998816133 -0.005469732 -0.048337236 0.749002457
-0.053592902 0.045752227 -0.997514129 -1.146477461 0.007777090 0.998938680 0.045399718 0.030058056 0.998532593 -0.005324655 -0.053891834 0.746691644
-0.060491946 0.043505643 -0.997219980 -1.188082218 0.007068923 0.999043345 0.043156382 0.032232784 0.998143673 -0.004438658 -0.060741603 0.743997097
-0.067105033 0.045785293 -0.996694803 -1.227767825 0.006889777 0.998944163 0.045424737 0.033725202 0.997722089 -0.003818776 -0.067349628 0.741099954
-0.072786786 0.050792821 -0.996053219 -1.268681884 0.005792085 0.998706996 0.050504897 0.034886580 0.997330725 -0.002093136 -0.072986871 0.737304926
-0.079442024 0.053732004 -0.995390296 -1.313422561 0.002637963 0.998554051 0.053692248 0.036879934 0.996836007 0.001639619 -0.079468884 0.734020710
-0.084231675 0.055867985 -0.994878829 -1.353950739 -0.000814245 0.998422742 0.056135945 0.038727630 0.996445894 0.005538499 -0.084053323 0.730302215
-0.086316310 0.057299245 -0.994618654 -1.394654036 -0.005428871 0.998302817 0.057982627 0.040291201 0.996253073 0.010404503 -0.085858740 0.726024866
-0.088836521 0.058104165 -0.994350016 -1.438777924 -0.009169619 0.998207092 0.059148774 0.042772125 0.996003985 0.014372386 -0.088144466 0.722524285
-0.090116799 0.057577092 -0.994265497 -1.480473280 -0.010689913 0.998214066 0.058774646 0.044846326 0.995873809 0.015925195 -0.089340352 0.718270659
-0.091528319 0.057175416 -0.994159698 -1.521724701 -0.010658854 0.998236895 0.058391217 0.045993276 0.995745361 0.015941055 -0.090757519 0.714240551
-0.092572927 0.056100611 -0.994124234 -1.565039754 -0.011634056 0.998282313 0.057418637 0.048450481 0.995637953 0.016881106 -0.091761246 0.710013330
-0.093366757 0.055075340 -0.994107306 -1.606525779 -0.013565458 0.998305678 0.056582015 0.050468642 0.995539427 0.018768398 -0.092461452 0.705755234
-0.094391793 0.052235987 -0.994163871 -1.648512602 -0.018582797 0.998355985 0.054220624 0.052376162 0.995361745 0.023592327 -0.093265943 0.701506674
-0.094448991 0.047766976 -0.994383216 -1.693069816 -0.023696112 0.998457372 0.050213415 0.053745165 0.995247662 0.028305618 -0.093171403 0.696601033
-0.093601108 0.047155291 -0.994492471 -1.734611154 -0.025302814 0.998442471 0.049724076 0.055473290 0.995288253 0.029817685 -0.092262141 0.692374885
-0.091472417 0.051040404 -0.994498730 -1.777252793 -0.026209190 0.998216212 0.053641878 0.057434231 0.995462716 0.030971758 -0.089971520 0.688332081
-0.090460084 0.054582600 -0.994403183 -1.823734045 -0.026290853 0.998018086 0.057172678 0.058738180 0.995553017 0.031315554 -0.088845782 0.684234202
-0.088556938 0.054014657 -0.994605541 -1.866487503 -0.024420083 0.998110712 0.056379322 0.060744740 0.995771706 0.029281123 -0.087070599 0.679952025
-0.085908048 0.052998658 -0.994892418 -1.909794807 -0.024911353 0.998157620 0.055323675 0.062619671 0.995991707 0.029536866 -0.084429517 0.676424026
-0.081336081 0.053574800 -0.995245874 -1.952488780 -0.028785132 0.998011529 0.056076132 0.064307779 0.996271014 0.033209290 -0.079632185 0.671617210
-0.076612130 0.054107271 -0.995591700 -2.000318050 -0.033609394 0.997818887 0.056814592 0.067175172 0.996494353 0.037813928 -0.074626490 0.668177783
-0.070510596 0.053686254 -0.996065259 -2.043873310 -0.037431601 0.997704923 0.056424379 0.068964526 0.996808529 0.041262832 -0.068339221 0.664388895
-0.064617701 0.052812576 -0.996511579 -2.088238239 -0.039009683 0.997701585 0.055405185 0.070935704 0.997147381 0.042453747 -0.062408976 0.661029875
-0.058910411 0.051185898 -0.996950090 -2.133982897 -0.039117470 0.997799098 0.053540964 0.073680826 0.997496545 0.042152274 -0.056778502 0.658076644
-0.053099785 0.050972246 -0.997287393 -2.177873135 -0.037858110 0.997875690 0.053018026 0.075536862 0.997871339 0.040570665 -0.051057279 0.655332744
-0.046852738 0.050785389 -0.997609973 -2.222760439 -0.036489468 0.997953176 0.052516580 0.078354731 0.998235106 0.038862798 -0.044903707 0.651821613
-0.043037072 0.052280847 -0.997704566 -2.270082235 -0.035736255 0.997910142 0.053833146 0.079960272 0.998434126 0.037971042 -0.041078817 0.651926160
-0.036931295 0.052354321 -0.997945428 -2.314399958 -0.037353694 0.997856438 0.053732019 0.082776003 0.998619497 0.039261334 -0.034896504 0.649401248
-0.032009587 0.052625064 -0.998101175 -2.360160828 -0.036292631 0.997893155 0.053778008 0.083600961 0.998828411 0.037945129 -0.030032247 0.648106992
-0.026708176 0.047837183 -0.998498023 -2.405653477 -0.036496732 0.998141646 0.048796341 0.085475847 0.998976827 0.037745174 -0.024912646 0.646258771
-0.022781909 0.043138236 -0.998809338 -2.450961351 -0.036061972 0.998382986 0.043942362 0.086598322 0.999089837 0.037020124 -0.021189420 0.645457447
-0.018450294 0.042217486 -0.998938024 -2.496764421 -0.036499511 0.998413682 0.042869471 0.088335663 0.999163330 0.037251696 -0.016880104 0.644040167
-0.015615292 0.045193594 -0.998856127 -2.542477369 -0.035084326 0.998338044 0.045718625 0.089218199 0.999262273 0.035758119 -0.014003752 0.643390059
-0.013538221 0.044808440 -0.998903811 -2.587842226 -0.035496619 0.998344243 0.045264419 0.090697788 0.999278069 0.036070507 -0.011925256 0.642569423
-0.012858771 0.044565648 -0.998923719 -2.634478807 -0.037274513 0.998290598 0.045017224 0.092186682 0.999222338 0.037813261 -0.011175629 0.642025173
-0.011749943 0.046084687 -0.998868346 -2.679954052 -0.037690155 0.998207092 0.046497531 0.093283907 0.999220371 0.038193844 -0.009991936 0.641154647
-0.010715647 0.045092825 -0.998925328 -2.726850986 -0.039107315 0.998199403 0.045479573 0.094913967 0.999177516 0.039552629 -0.008932895 0.640311480
-0.009062502 0.043753050 -0.999001205 -2.773169279 -0.039107546 0.998262405 0.044075456 0.095865637 0.999193966 0.039467920 -0.007335681 0.639322042
-0.009143782 0.041453466 -0.999098599 -2.820468903 -0.038045641 0.998402476 0.041772768 0.097921193 0.999234140 0.038393311 -0.007552052 0.639100850
-0.008463989 0.041274775 -0.999112010 -2.866019726 -0.034896493 0.998527050 0.041546222 0.099120080 0.999355137 0.035217151 -0.007011177 0.638386786
-0.008384861 0.042143989 -0.999076307 -2.913940907 -0.032241426 0.998580754 0.042393658 0.100397408 0.999444962 0.032567110 -0.007014178 0.637979031
-0.007972031 0.044494074 -0.998977900 -2.960868835 -0.032356232 0.998474956 0.044729888 0.101915032 0.999444604 0.032679748 -0.006520213 0.637130082
-0.008119579 0.049180340 -0.998756886 -3.008135557 -0.033709519 0.998208702 0.049427390 0.102798134 0.999398708 0.034068950 -0.006447189 0.636550248
-0.007332165 0.048964977 -0.998773515 -3.054991961 -0.036054984 0.998138011 0.049198501 0.104409181 0.999322951 0.036371496 -0.005553082 0.635936320
-0.006851594 0.045902036 -0.998922408 -3.101727486 -0.036899544 0.998253942 0.046124414 0.106586985 0.999295473 0.037175808 -0.005145866 0.635086179
-0.007328458 0.042301625 -0.999077976 -3.148520470 -0.036892116 0.998413146 0.042544093 0.108697042 0.999292374 0.037169885 -0.005756233 0.635018468
-0.006523448 0.042922594 -0.999057114 -3.194721937 -0.034093361 0.998487890 0.043120757 0.109407455 0.999397337 0.034342512 -0.005050209 0.633850455
-0.007351664 0.043970235 -0.999005795 -3.241994381 -0.032414798 0.998497307 0.044186391 0.110824399 0.999447465 0.032707416 -0.005915330 0.634022295
-0.006707709 0.047327019 -0.998856902 -3.288305998 -0.031729452 0.998366356 0.047516845 0.112048686 0.999473989 0.032011911 -0.005195091 0.633105278
-0.005912702 0.050127625 -0.998725176 -3.334496498 -0.031901579 0.998224914 0.050291386 0.113226652 0.999473512 0.032158274 -0.004303055 0.632404983
-0.005843300 0.050075628 -0.998728335 -3.380641937 -0.033745408 0.998166621 0.050244905 0.114674732 0.999413371 0.033996087 -0.004142765 0.632134140
-0.005772702 0.047413830 -0.998858631 -3.426943779 -0.032701991 0.998332024 0.047577824 0.116521172 0.999448419 0.032939319 -0.004212547 0.631832540
-0.005336578 0.045681924 -0.998941720 -3.473137617 -0.031421427 0.998455048 0.045827523 0.118358493 0.999491990 0.031632736 -0.003892943 0.631349921
-0.005337209 0.047387645 -0.998862326 -3.519215822 -0.029996432 0.998419464 0.047526915 0.119370632 0.999535680 0.030215969 -0.003907315 0.630962193
-0.004875019 0.050714646 -0.998701274 -3.565755844 -0.028103776 0.998311698 0.050832044 0.120533161 0.999593079 0.028315088 -0.003441515 0.630655885
-0.005380061 0.052936032 -0.998583436 -3.611275196 -0.026570441 0.998237729 0.053060859 0.122291028 0.999632478 0.026818274 -0.003964046 0.630731285
-0.004551520 0.054783151 -0.998487890 -3.657964468 -0.027028961 0.998126626 0.054886546 0.123812996 0.999624372 0.027237911 -0.003062261 0.629949212
-0.004868441 0.056444447 -0.998393834 -3.704479456 -0.028898446 0.997980773 0.056561999 0.125716612 0.999570489 0.029127402 -0.003227454 0.629997551
-0.003800621 0.056182042 -0.998413324 -3.749332428 -0.031588562 0.997915506 0.056274280 0.127082720 0.999493718 0.031752318 -0.002017989 0.628711641
-0.003757084 0.051853728 -0.998647690 -3.795274019 -0.033075400 0.998101771 0.051949829 0.128640205 0.999445736 0.033225853 -0.002034869 0.628238082
-0.003222160 0.050389621 -0.998724461 -3.840916157 -0.034986451 0.998112440 0.050471626 0.130307108 0.999382555 0.035104450 -0.001453124 0.627482295
-0.003021809 0.048706561 -0.998808563 -3.887182951 -0.035225995 0.998187959 0.048782878 0.131885961 0.999374747 0.035331436 -0.001300596 0.626765370
-0.002900572 0.049106717 -0.998789310 -3.933238268 -0.034056302 0.998209298 0.049177103 0.133497387 0.999415636 0.034157716 -0.001222985 0.626797080
-0.002631758 0.051503390 -0.998669326 -3.979297638 -0.034312028 0.998080194 0.051563416 0.134741634 0.999407709 0.034402072 -0.000859519 0.626259685
-0.003206732 0.053458277 -0.998564959 -4.025240421 -0.032580700 0.998034358 0.053534493 0.136494279 0.999463975 0.032705616 -0.001458720 0.626509428
-0.003180007 0.053111989 -0.998583555 -4.071043491 -0.037959605 0.997862458 0.053194519 0.138001427 0.999274254 0.038074996 -0.001157099 0.625430405
-0.003839045 0.053614244 -0.998554349 -4.117989063 -0.039959900 0.997755885 0.053724993 0.140183806 0.999193907 0.040108386 -0.001688010 0.625280142
-0.004141278 0.052587714 -0.998607755 -4.164430618 -0.043490078 0.997661948 0.052718267 0.141921312 0.999045253 0.043647852 -0.001844551 0.624792218
-0.004431310 0.049071569 -0.998785377 -4.211802483 -0.044530518 0.997794747 0.049220458 0.143555686 0.998998165 0.044694554 -0.002236354 0.624095321
-0.005569584 0.045446079 -0.998951256 -4.258383751 -0.044673655 0.997958064 0.045649972 0.144957662 0.998986185 0.044881061 -0.003527970 0.623501182
-0.005418615 0.044111047 -0.999011874 -4.307990551 -0.040867269 0.998182178 0.044296082 0.146743655 0.999149919 0.041066915 -0.003606068 0.622883439
-0.005840371 0.043098375 -0.999053776 -4.355447292 -0.036628690 0.998391092 0.043283917 0.148675606 0.999311864 0.036846828 -0.004252337 0.622788668
-0.006504283 0.045440212 -0.998945892 -4.405362129 -0.035751477 0.998317778 0.045644425 0.149985909 0.999339461 0.036010679 -0.004868789 0.622228980
-0.007938568 0.049987756 -0.998718321 -4.453421593 -0.034913264 0.998126924 0.050235678 0.151061535 0.999358833 0.035267316 -0.006178464 0.622151852
-0.007656258 0.049546614 -0.998742461 -4.503589153 -0.033290643 0.998205483 0.049775176 0.153203338 0.999416411 0.033629864 -0.005993081 0.621173859
-0.008766530 0.045374669 -0.998931587 -4.552417278 -0.033034269 0.998411596 0.045640953 0.154672980 0.999415755 0.033399086 -0.007253686 0.620846570
-0.009047409 0.041665606 -0.999090791 -4.602546215 -0.033602428 0.998554587 0.041947540 0.156375900 0.999394298 0.033951402 -0.007634264 0.619867325
-0.009443406 0.039789017 -0.999163508 -4.651969433 -0.033081844 0.998648584 0.040081181 0.158115610 0.999408066 0.033432685 -0.008114348 0.618883371
-0.010114909 0.041560985 -0.999084771 -4.702100277 -0.034677561 0.998520255 0.041888583 0.159167409 0.999347508 0.035069525 -0.008658707 0.617877305
-0.010548224 0.046223581 -0.998875439 -4.753262997 -0.039538324 0.998130500 0.046606638 0.160898492 0.999162436 0.039985478 -0.008700901 0.616855204
-0.010188919 0.049406994 -0.998726785 -4.804264069 -0.044539060 0.997764945 0.049813796 0.162569374 0.998955667 0.044989899 -0.007965607 0.615028739
-0.010218181 0.049595814 -0.998717189 -4.855394363 -0.052410197 0.997369885 0.050065141 0.164382756 0.998573363 0.052854531 -0.007591980 0.613635302
-0.009703374 0.047381539 -0.998829722 -4.906361103 -0.055234138 0.997326493 0.047846802 0.166064873 0.998426259 0.055633772 -0.007060352 0.612404585
-0.010118322 0.046056211 -0.998887658 -4.957164764 -0.057371978 0.997266471 0.046562620 0.167716101 0.998301566 0.057779286 -0.007448327 0.611277401
-0.010567905 0.046072818 -0.998882115 -5.008227825 -0.057296295 0.997268856 0.046604589 0.168827653 0.998301268 0.057724766 -0.007899239 0.610371411
-0.010379218 0.044979163 -0.998933971 -5.059689522 -0.055928107 0.997397900 0.045491111 0.170624286 0.998380840 0.056340646 -0.007836611 0.609377503
-0.011555126 0.045358542 -0.998903930 -5.109845161 -0.055310749 0.997412145 0.045930624 0.172206044 0.998402238 0.055780858 -0.009016410 0.608966112
-0.012385312 0.050160863 -0.998664379 -5.160292149 -0.055203672 0.997183383 0.050771110 0.174055770 0.998398304 0.055758759 -0.009581366 0.608252168
-0.012536601 0.053827040 -0.998471618 -5.212547302 -0.054107532 0.997050524 0.054429803 0.176172242 0.998456299 0.054707192 -0.009587177 0.607330501
-0.012416335 0.053500913 -0.998490632 -5.263207436 -0.055052727 0.997016370 0.054106511 0.177463293 0.998406231 0.055641439 -0.009433919 0.606182575
-0.010967095 0.051413272 -0.998617351 -5.314392090 -0.055049915 0.997131586 0.051941372 0.180165082 0.998423398 0.055543438 -0.008105342 0.605124533
-0.010678050 0.051429182 -0.998619556 -5.364515781 -0.053427842 0.997220576 0.051928427 0.181147933 0.998514533 0.053908579 -0.007900623 0.604884267
-0.009773462 0.050400969 -0.998681307 -5.415070057 -0.053378671 0.997278571 0.050852571 0.182875693 0.998526394 0.053805277 -0.007056529 0.604077458
-0.008724625 0.052874569 -0.998562992 -5.465818882 -0.053554654 0.997143149 0.053267296 0.184585765 0.998526812 0.053942438 -0.005868021 0.603180647
-0.007868718 0.055506866 -0.998427331 -5.516315937 -0.054985240 0.996923625 0.055856608 0.187228680 0.998456240 0.055338286 -0.004792454 0.602174640
-0.006276015 0.057382315 -0.998332560 -5.567598820 -0.056180302 0.996755183 0.057644837 0.188622981 0.998400927 0.056448404 -0.003031894 0.601885200
-0.005227970 0.055065151 -0.998469055 -5.617802620 -0.058194976 0.996773839 0.055276364 0.190303296 0.998291552 0.058394872 -0.002006589 0.601315022
-0.005367467 0.051775079 -0.998644352 -5.669119358 -0.056981582 0.997020185 0.051997136 0.192181647 0.998360813 0.057183422 -0.002401248 0.600771487
-0.004882555 0.050355587 -0.998719394 -5.718547344 -0.054339483 0.997242272 0.050546765 0.193692237 0.998510659 0.054516692 -0.002132794 0.600133777
-0.005473445 0.050231587 -0.998722553 -5.769497871 -0.052528903 0.997344136 0.050450142 0.194999099 0.998604417 0.052737936 -0.002820299 0.599896789
-0.005521764 0.050649758 -0.998701215 -5.818674564 -0.049971487 0.997454643 0.050862834 0.196521133 0.998735428 0.050187439 -0.002976666 0.599299073
-0.005734786 0.048889849 -0.998787701 -5.869936943 -0.048546746 0.997612834 0.049111076 0.198696017 0.998804450 0.048769530 -0.003347653 0.598971367
-0.005061392 0.048901666 -0.998790741 -5.919938087 -0.047459938 0.997666299 0.049087115 0.200443655 0.998860359 0.047650989 -0.002728711 0.598138750
-0.005401189 0.051203299 -0.998673618 -5.969764233 -0.045416337 0.997645140 0.051396195 0.202542782 0.998953521 0.045633707 -0.003063004 0.597325861
-0.004997543 0.051830176 -0.998643398 -6.019351006 -0.043937322 0.997680008 0.052000064 0.205160409 0.999021828 0.044137582 -0.002708670 0.596383750
-0.005599190 0.051087387 -0.998678505 -6.068457127 -0.040876336 0.997847736 0.051274072 0.206071079 0.999148548 0.041109417 -0.003498874 0.596683443
-0.006126473 0.051826373 -0.998637319 -6.117686749 -0.042357314 0.997746289 0.052039985 0.207361415 0.999083757 0.042618416 -0.003917440 0.596049786
-0.005578425 0.056167986 -0.998405695 -6.167910576 -0.042656887 0.997499108 0.056355316 0.209765434 0.999074221 0.042903256 -0.003168523 0.595402837
-0.005335512 0.062782362 -0.998012960 -6.217353821 -0.048315432 0.996845365 0.062967218 0.211838484 0.998817921 0.048555385 -0.002285324 0.594492793
-0.003883856 0.063054927 -0.998002529 -6.267799377 -0.052242354 0.996634364 0.063171797 0.213716462 0.998626828 0.052383352 -0.000576647 0.593638837
-0.002073413 0.059499063 -0.998226225 -6.316954613 -0.056586146 0.996621966 0.059520971 0.215834826 0.998395503 0.056609184 0.001300413 0.592439473
-0.000784939 0.053478457 -0.998568714 -6.366329193 -0.058226679 0.996872365 0.053433388 0.218111604 0.998303056 0.058185279 0.002331389 0.592527688
0.000182007 0.051868077 -0.998653889 -6.415497303 -0.061244138 0.996779799 0.051759582 0.220085427 0.998122811 0.061152283 0.003358037 0.592032254
0.001307075 0.048905060 -0.998802602 -6.464633465 -0.055794213 0.997251093 0.048756085 0.221334398 0.998441458 0.055663668 0.004032102 0.592115521
0.001436316 0.044530142 -0.999006987 -6.513196945 -0.052129902 0.997653067 0.044394836 0.223090440 0.998639286 0.052014373 0.003754297 0.592016637
0.001315043 0.040709138 -0.999170184 -6.562458038 -0.046301883 0.998101830 0.040604677 0.224452078 0.998926640 0.046210065 0.003197457 0.592232108
-0.000014279 0.043328408 -0.999060988 -6.612601757 -0.044462018 0.998072803 0.043286197 0.226589441 0.999011099 0.044420883 0.001912217 0.592853189
0.001062725 0.050426304 -0.998727202 -6.661692619 -0.044715956 0.997731209 0.050328430 0.227181345 0.998999178 0.044605557 0.003315174 0.591906428
0.002001553 0.053765632 -0.998551548 -6.710462570 -0.045897119 0.997506261 0.053617340 0.228890494 0.998944223 0.045723315 0.004464248 0.592240393
0.004542904 0.050101656 -0.998733819 -6.759776115 -0.047642421 0.997620761 0.049829111 0.230692685 0.998854101 0.047355723 0.006919059 0.591424167
0.005797691 0.050376989 -0.998713493 -6.808553219 -0.049395755 0.997525454 0.050030313 0.232360095 0.998762429 0.049042139 0.008271755 0.591137171
0.006692677 0.051227987 -0.998664558 -6.858219147 -0.047808621 0.997561276 0.050850987 0.234114766 0.998834074 0.047404438 0.009125494 0.591096818
0.007488073 0.049129631 -0.998764277 -6.905569553 -0.047860030 0.997665226 0.048716743 0.235763967 0.998825908 0.047436092 0.009821936 0.591126859
0.009097263 0.047372945 -0.998835862 -6.955052853 -0.048521306 0.997721493 0.046878159 0.237513751 0.998780668 0.048038360 0.011375131 0.591213942
0.010788886 0.049155101 -0.998732924 -7.000985146 -0.050118156 0.997562170 0.048556086 0.238832816 0.998685002 0.049530782 0.013226148 0.591771722
0.012337552 0.051086035 -0.998618186 -7.047622204 -0.049892336 0.997481525 0.050411500 0.240101010 0.998678386 0.049201425 0.014855284 0.591445923
0.013071976 0.052708577 -0.998524368 -7.091045380 -0.050719902 0.997359097 0.051983077 0.241237283 0.998627305 0.049965538 0.015710831 0.591599762
0.013683661 0.053448983 -0.998476803 -7.136250973 -0.051646117 0.997275174 0.052676871 0.242896870 0.998571634 0.050846647 0.016406806 0.591357350
0.013645856 0.054628979 -0.998413444 -7.178645134 -0.051398568 0.997224808 0.053861450 0.244021535 0.998584926 0.050582033 0.016415838 0.591780186
0.014134243 0.053495873 -0.998468161 -7.220534801 -0.050951507 0.997309148 0.052712511 0.245312646 0.998601079 0.050128400 0.016821904 0.592156589
0.015220190 0.053839792 -0.998433530 -7.259638786 -0.051348150 0.997273743 0.052994497 0.246181101 0.998564839 0.050461125 0.017943269 0.593028545
0.017116118 0.054290906 -0.998378456 -7.298662663 -0.052503310 0.997195899 0.053326484 0.247423053 0.998473942 0.051505435 0.019918572 0.592890263
0.016496746 0.053126305 -0.998451471 -7.336323738 -0.051187355 0.997322857 0.052220520 0.248137191 0.998552740 0.050246622 0.019171976 0.593257189
0.012858178 0.050376311 -0.998647451 -7.373137951 -0.048683710 0.997577131 0.049695484 0.248724759 0.998731494 0.047978871 0.015279529 0.594164729
0.008254866 0.046742499 -0.998872876 -7.411188602 -0.048511107 0.997749448 0.046289019 0.249863893 0.998788536 0.048074327 0.010503819 0.594146848
0.003245167 0.043880165 -0.999031544 -7.448757648 -0.049988348 0.997794867 0.043663472 0.250910223 0.998744547 0.049798243 0.005431510 0.594180107
-0.000352097 0.042879939 -0.999080122 -7.486224174 -0.052327462 0.997710705 0.042839598 0.251994967 0.998629868 0.052294407 0.001892506 0.593542814
-0.002963421 0.043954305 -0.999029100 -7.523406506 -0.054104585 0.997563183 0.044050295 0.252757877 0.998530865 0.054182589 -0.000578070 0.592753112
-0.005080635 0.045185413 -0.998965681 -7.561254978 -0.053205870 0.997551441 0.045392029 0.254062176 0.998570621 0.053381458 -0.002664066 0.592643201
-0.006011861 0.046506051 -0.998899937 -7.598462582 -0.050083239 0.997650266 0.046749301 0.255138189 0.998726904 0.050309196 -0.003668562 0.592049837
-0.007662927 0.047160320 -0.998857856 -7.635798931 -0.048354361 0.997701287 0.047476664 0.256200641 0.998800874 0.048662953 -0.005364906 0.591751456
-0.008682264 0.045498859 -0.998926640 -7.672532082 -0.049040630 0.997742832 0.045871172 0.257539451 0.998759031 0.049386255 -0.006431376 0.591226220
-0.008996990 0.045374803 -0.998929501 -7.709498882 -0.050936848 0.997652173 0.045775551 0.257978350 0.998661339 0.051294159 -0.006664615 0.590510786
-0.008644728 0.043952517 -0.998996258 -7.746317387 -0.054706924 0.997516513 0.044360820 0.259525448 0.998464942 0.055035498 -0.006218753 0.589705825
-0.007959507 0.043449674 -0.999023855 -7.783056736 -0.056910485 0.997416556 0.043833196 0.259832799 0.998347580 0.057203822 -0.005466202 0.589080751
-0.007226749 0.040119927 -0.999168694 -7.820207596 -0.057164580 0.997544289 0.040468149 0.261108577 0.998338640 0.057409514 -0.004915563 0.588877499
-0.006037551 0.038245354 -0.999250114 -7.857324600 -0.056711510 0.997646928 0.038526654 0.261833519 0.998372316 0.056901600 -0.003854392 0.587956607
-0.005227773 0.038274694 -0.999253571 -7.894891739 -0.056738280 0.997646093 0.038509965 0.262624741 0.998375356 0.056897257 -0.003043828 0.587511837
-0.004744579 0.040857475 -0.999153733 -7.933197021 -0.054046676 0.997694075 0.041054424 0.263417244 0.998527110 0.054195717 -0.002525428 0.587292254
-0.004713152 0.042278487 -0.999094725 -7.971713543 -0.053155553 0.997682750 0.042469494 0.264319688 0.998575091 0.053307600 -0.002454894 0.586906850
-0.003188708 0.038741339 -0.999244213 -8.009600639 -0.048462462 0.998069167 0.038850438 0.265239388 0.998819888 0.048549723 -0.001305051 0.586604536
-0.003127989 0.034990665 -0.999382734 -8.047905922 -0.047150970 0.998270929 0.035099316 0.266531646 0.998882890 0.047231659 -0.001472736 0.586367190
-0.002633406 0.035548817 -0.999364495 -8.087000847 -0.051617268 0.998030901 0.035637401 0.267502874 0.998663425 0.051678315 -0.000793288 0.585850060
-0.000182796 0.039893989 -0.999203861 -8.126278877 -0.052881110 0.997805417 0.039847825 0.268524051 0.998600841 0.052846294 0.001927244 0.584877014
0.000752138 0.038633287 -0.999253154 -8.166155815 -0.051047586 0.997952104 0.038544558 0.269671887 0.998696029 0.050980467 0.002722734 0.585409760
0.003519762 0.039728820 -0.999204278 -8.205875397 -0.048497487 0.998041511 0.039511748 0.271189779 0.998817027 0.048319828 0.005439616 0.585351050
0.004741647 0.045457207 -0.998954952 -8.246586800 -0.049911890 0.997731924 0.045164641 0.271644115 0.998742282 0.049645580 0.006999750 0.585408688
0.006335339 0.048299935 -0.998812675 -8.286693573 -0.046806958 0.997752368 0.047951765 0.273158848 0.998883784 0.046447597 0.008581873 0.585588336
0.007722981 0.049943008 -0.998722196 -8.328433037 -0.046592761 0.997685254 0.049530864 0.274460942 0.998884082 0.046150703 0.010032088 0.586011529
0.010411574 0.050351355 -0.998677254 -8.370347023 -0.049906943 0.997512877 0.049772352 0.276225656 0.998699546 0.049322724 0.012898562 0.585919082
0.013485122 0.052750222 -0.998516679 -8.411554337 -0.053324942 0.997224331 0.051961791 0.277588218 0.998486161 0.052545141 0.016260594 0.585943699
0.016996443 0.053256191 -0.998436213 -8.453593254 -0.054167818 0.997162998 0.052266181 0.279020071 0.998387158 0.053194772 0.019832993 0.586501539
0.019554513 0.050306175 -0.998542428 -8.495555878 -0.056928225 0.997169018 0.049122162 0.280683517 0.998186767 0.055884685 0.022363000 0.587329507
0.022898966 0.047884904 -0.998590469 -8.538361549 -0.057267390 0.997274995 0.046508618 0.282061279 0.998096168 0.056121666 0.025578815 0.587725878
0.024625408 0.046858065 -0.998597980 -8.581072807 -0.056512628 0.997368932 0.045406792 0.283555925 0.998098135 0.055315245 0.027208682 0.588674426
0.025525641 0.048255563 -0.998508811 -8.623179436 -0.056798305 0.997290671 0.046744727 0.285276651 0.998059213 0.055520423 0.028197322 0.589676023
0.027143620 0.051919460 -0.998282313 -8.667668343 -0.058355939 0.997029424 0.050267581 0.286548644 0.997926772 0.056891251 0.030092794 0.590770483
0.027262134 0.052833691 -0.998231113 -8.711474419 -0.059368715 0.996925116 0.051143177 0.287621140 0.997863829 0.057869427 0.030314978 0.592404723
0.029785901 0.048673019 -0.998370528 -8.756191254 -0.057172053 0.997261524 0.046913251 0.290013850 0.997919917 0.055681530 0.032487068 0.592905223
