0.999997854 0.001894531 0.000843285 -0.000666596 -0.001893948 0.999997973 -0.000692604 -0.001138611 -0.000844596 0.000691006 0.999999404 0.057199515
0.999996305 0.002349975 0.001302907 -0.000958890 -0.002350368 0.999997139 0.000299836 -0.001764763 -0.001302199 -0.000302897 0.999999106 0.084664576
0.999993622 0.002984875 0.001939204 -0.001069886 -0.002990978 0.999990582 0.003152136 -0.002268593 -0.001929777 -0.003157916 0.999993145 0.111491986
0.999991357 0.002753143 0.003086761 -0.000812058 -0.002774976 0.999970973 0.007091421 -0.002647538 -0.003067148 -0.007099926 0.999970078 0.137516484
0.999987483 0.002031249 0.004554051 -0.000732156 -0.002079552 0.999941349 0.010627108 -0.003018477 -0.004532197 -0.010636446 0.999933183 0.162608474
0.999984682 0.001207619 0.005401620 -0.000570339 -0.001277766 0.999914646 0.013001751 -0.003432822 -0.005385458 -0.013008454 0.999900877 0.186545268
0.999975860 0.001876305 0.006686918 -0.000510617 -0.001961286 0.999917090 0.012724666 -0.003727355 -0.006662488 -0.012737474 0.999896646 0.209502503
0.999966085 0.002782145 0.007748412 -0.000417750 -0.002857866 0.999948084 0.009778615 -0.003877454 -0.007720804 -0.009800429 0.999922156 0.231428906
0.999954164 0.002888705 0.009120755 -0.000592140 -0.002953771 0.999970257 0.007128392 -0.004211764 -0.009099891 -0.007155007 0.999933004 0.251832366
0.999945998 0.000483326 0.010377424 0.000079711 -0.000543058 0.999983311 0.005753930 -0.004751318 -0.010374472 -0.005759254 0.999929607 0.271399766
0.999915957 -0.002861508 0.012645416 0.000027430 0.002818512 0.999990165 0.003416659 -0.004886528 -0.012655066 -0.003380730 0.999914229 0.289740831
0.999888778 -0.004807557 0.014119482 0.000704503 0.004772194 0.999985456 0.002537142 -0.005285211 -0.014131473 -0.002469480 0.999897122 0.307196528
0.999857724 -0.000353556 0.016863041 0.000383543 0.000346420 0.999999821 0.000426145 -0.005652133 -0.016863188 -0.000420243 0.999857664 0.323275715
0.999783576 0.004119550 0.020385679 0.000050384 -0.004110146 0.999991417 -0.000503214 -0.005988874 -0.020387575 0.000419317 0.999791980 0.338657349
0.999720454 0.004386439 0.023229942 0.000759871 -0.004405447 0.999989986 0.000767165 -0.006382371 -0.023226347 -0.000869289 0.999729812 0.352172792
0.999655128 0.000306554 0.026258737 0.001568148 -0.000327802 0.999999702 0.000804860 -0.006396173 -0.026258476 -0.000813190 0.999654889 0.364642501
0.999574006 -0.004426915 0.028852817 0.002056821 0.004402870 0.999989927 0.000896888 -0.006656245 -0.028856495 -0.000769471 0.999583244 0.376218826
0.999480247 -0.008054217 0.031218056 0.002794123 0.007987739 0.999965608 0.002253657 -0.006876620 -0.031235138 -0.002003124 0.999509990 0.386527747
0.999391913 -0.008300680 0.033865679 0.003095624 0.008190012 0.999960601 0.003405245 -0.007208213 -0.033892605 -0.003125813 0.999420583 0.395408601
0.999327421 -0.007757730 0.035842821 0.003463230 0.007669569 0.999967158 0.002596470 -0.007525214 -0.035861790 -0.002319824 0.999354005 0.403620869
0.999267936 -0.006906444 0.037626043 0.003887672 0.006875062 0.999975860 0.000963325 -0.007551113 -0.037631776 -0.000703939 0.999291420 0.410957098
0.999164283 -0.004672901 0.040609494 0.003942823 0.004665117 0.999989092 0.000286443 -0.007864814 -0.040610384 -0.000096756 0.999175191 0.417572379
0.999092519 -0.001843809 0.042552944 0.003865157 0.001856782 0.999998271 -0.000265352 -0.008066832 -0.042552389 0.000344123 0.999094188 0.423934966
0.999030888 -0.000673587 0.044010069 0.004063228 0.000741888 0.999998510 -0.001535618 -0.008448930 -0.044008970 0.001566780 0.999029994 0.429975152
0.998956084 -0.001521930 0.045655798 0.004711134 0.001665172 0.999993801 -0.003099571 -0.008753290 -0.045650806 0.003172361 0.998952448 0.436143219
0.998868883 -0.002645268 0.047476064 0.005026622 0.002876206 0.999984324 -0.004796644 -0.008708755 -0.047462638 0.004927769 0.998860896 0.442000479
0.998809278 -0.003131215 0.048683438 0.005354036 0.003427728 0.999976039 -0.006008351 -0.008753834 -0.048663467 0.006168071 0.998796225 0.447216213
0.998745620 -0.002513404 0.050008066 0.005684167 0.002874283 0.999970257 -0.007145810 -0.009032492 -0.049988620 0.007280585 0.998723269 0.452362686
0.998669744 -0.001581528 0.051538367 0.005756907 0.002058734 0.999955416 -0.009207470 -0.009234060 -0.051521510 0.009301326 0.998628557 0.457199961
0.998624265 -0.001344621 0.052418526 0.006162664 0.001956575 0.999930441 -0.011624813 -0.009211905 -0.052399252 0.011711381 0.998557568 0.462068081
0.998589277 -0.002417029 0.053043325 0.006447988 0.003150583 0.999900520 -0.013750088 -0.009391768 -0.053004805 0.013897808 0.998497486 0.466839343
0.998615026 -0.003368834 0.052504197 0.006730685 0.004155367 0.999880672 -0.014878423 -0.009952769 -0.052447800 0.015075992 0.998509884 0.471796274
0.998734534 -0.004234378 0.050114699 0.007240314 0.005049503 0.999856889 -0.016149770 -0.010038167 -0.050039139 0.016382387 0.998612821 0.476837426
0.998861134 -0.003921436 0.047549501 0.006967926 0.004756851 0.999836087 -0.017468952 -0.009947044 -0.047473200 0.017675243 0.998716116 0.481648147
0.999060571 -0.003085798 0.043225512 0.007285808 0.003923954 0.999805689 -0.019318873 -0.009755980 -0.043157507 0.019470338 0.998878598 0.486582547
0.999306560 -0.003331479 0.037086129 0.007325702 0.004093017 0.999782026 -0.020477368 -0.009980566 -0.037009824 0.020614961 0.999102175 0.491572529
0.999511838 -0.003420444 0.031054534 0.006910151 0.004067141 0.999775708 -0.020785337 -0.010240437 -0.030976469 0.020901490 0.999301553 0.496527314
0.999698937 -0.003541844 0.024278916 0.006469752 0.004062209 0.999762356 -0.021417074 -0.010443005 -0.024197288 0.021509254 0.999475777 0.501172125
0.999867320 -0.003483319 0.015912339 0.006477317 0.003839713 0.999741197 -0.022421971 -0.010543453 -0.015830118 0.022480099 0.999621928 0.506529748
0.999974728 -0.004192720 0.005751550 0.006035234 0.004327805 0.999710202 -0.023678966 -0.010781376 -0.005650606 0.023703258 0.999703050 0.511847198
0.999954224 -0.006065101 -0.007397461 0.005958127 0.005874161 0.999655902 -0.025565689 -0.010816752 0.007549976 0.025521070 0.999645770 0.517485261
0.999697864 -0.007043800 -0.023547379 0.005144583 0.006390728 0.999595940 -0.027695565 -0.010867928 0.023732949 0.027536714 0.999338984 0.523609757
0.999075592 -0.006370380 -0.042512562 0.003851641 0.005147494 0.999571562 -0.028813012 -0.011180816 0.042677898 0.028567543 0.998680413 0.530292094
0.997900426 -0.005841437 -0.064502954 0.002566218 0.004004416 0.999583662 -0.028572302 -0.011299675 0.064643010 0.028254014 0.997508466 0.537423491
0.996093452 -0.005288862 -0.088146925 0.001286127 0.002922970 0.999632597 -0.026947815 -0.011771060 0.088257059 0.026584888 0.995742917 0.545245707
0.993384004 -0.003975599 -0.114771098 -0.000983715 0.000991715 0.999660373 -0.026043976 -0.011846137 0.114835650 0.025757847 0.993050516 0.553879082
0.989488184 -0.002797577 -0.144586653 -0.003498927 -0.000635572 0.999719203 -0.023692928 -0.012372980 0.144612327 0.023535769 0.989208519 0.562517941
0.983987749 -0.003394687 -0.178203747 -0.006032929 -0.000300745 0.999785542 -0.020706018 -0.012480711 0.178235799 0.020428060 0.983775854 0.571876347
0.976605058 -0.002663431 -0.215024397 -0.009590104 -0.000999849 0.999856174 -0.016926019 -0.012721851 0.215038538 0.016745023 0.976462066 0.581807733
0.966977537 -0.000757995 -0.254860520 -0.013589501 -0.002405291 0.999923885 -0.012099953 -0.012809724 0.254850268 0.012313396 0.966902196 0.591994703
0.955145836 0.002537467 -0.296124995 -0.018327475 -0.005013588 0.999958456 -0.007602687 -0.013129858 0.296093434 0.008746320 0.955118954 0.602149963
0.941015601 0.006158051 -0.338307112 -0.023184329 -0.007698906 0.999965191 -0.003212917 -0.013396252 0.338275552 0.005628000 0.941030264 0.612402856
0.924392819 0.008638136 -0.381343931 -0.029858246 -0.008435579 0.999962032 0.002202782 -0.013481141 0.381348461 0.001180621 0.924430609 0.624031603
0.905355096 0.012555407 -0.424469590 -0.035898775 -0.009430744 0.999910772 0.009461492 -0.013804246 0.424550533 -0.004562948 0.905392766 0.634111702
0.883575737 0.017001648 -0.467979610 -0.043601826 -0.010786615 0.999814451 0.015957322 -0.013937222 0.468164086 -0.009051587 0.883595228 0.645300627
0.858633935 0.021642033 -0.512131989 -0.051772684 -0.013194753 0.999710441 0.020124309 -0.014028677 0.512419164 -0.010521961 0.858671010 0.656343818
0.830765784 0.025042072 -0.556058466 -0.060337186 -0.014642672 0.999624968 0.023141535 -0.013979881 0.556429565 -0.011083014 0.830820978 0.666527689
0.799796581 0.028300943 -0.599603772 -0.070469558 -0.016933294 0.999554157 0.024591476 -0.013872479 0.600032389 -0.009514908 0.799919248 0.677484274
0.765596986 0.032184497 -0.642514944 -0.080521017 -0.018093986 0.999430001 0.028502751 -0.014155535 0.643065989 -0.010195965 0.765743017 0.688114703
0.728762150 0.034133375 -0.683915496 -0.093787670 -0.018522821 0.999374032 0.030140089 -0.012873806 0.684516370 -0.009296909 0.728938282 0.700163484
0.690198958 0.035253596 -0.722760379 -0.107098788 -0.016507085 0.999319673 0.032979734 -0.012612298 0.723431408 -0.010831911 0.690311372 0.710461497
0.649882436 0.035498053 -0.759205222 -0.121846080 -0.014228500 0.999301791 0.034544569 -0.012524744 0.759901464 -0.011647561 0.649933875 0.721112251
0.607254267 0.033428464 -0.793803990 -0.136926323 -0.008965741 0.999339163 0.035225183 -0.011511710 0.794456959 -0.014273601 0.607152641 0.731068909
0.562190413 0.033957336 -0.826310337 -0.153290719 -0.004938254 0.999276698 0.037705600 -0.011337224 0.826993227 -0.017117193 0.561951339 0.741317868
0.515312195 0.035040684 -0.856285810 -0.171061695 -0.002958636 0.999230504 0.039109714 -0.010655113 0.856997490 -0.017620273 0.515019238 0.750401378
0.465132236 0.035087600 -0.884545565 -0.190394282 -0.002464330 0.999261677 0.038342234 -0.010101888 0.885237813 -0.015654394 0.464875221 0.759197950
0.414091885 0.033527624 -0.909617424 -0.209699333 0.002872357 0.999268293 0.038139675 -0.009526020 0.910230577 -0.018406071 0.413692534 0.766172767
0.360723019 0.032318272 -0.932112873 -0.230918422 0.007885759 0.999258041 0.037698086 -0.008794071 0.932639658 -0.020948986 0.360200524 0.772954047
0.308100402 0.030403506 -0.950867951 -0.252913892 0.011195889 0.999304056 0.035579927 -0.008064099 0.951287925 -0.021607993 0.307545573 0.778138995
0.253869832 0.037422255 -0.966514170 -0.275912732 0.009682919 0.999103010 0.041227430 -0.006997474 0.967189908 -0.019825079 0.253279716 0.782987118
0.202988625 0.041993458 -0.978280127 -0.300401598 0.012100797 0.998896122 0.045389272 -0.006082010 0.979106247 -0.021051480 0.202256411 0.786624789
0.154373199 0.043886352 -0.987037420 -0.325646847 0.017267238 0.998740554 0.047107309 -0.005535306 0.987861693 -0.024315516 0.153420985 0.789752007
0.110567994 0.045040376 -0.992847502 -0.351901233 0.019236555 0.998688400 0.047447626 -0.004825050 0.993682384 -0.024345152 0.109556586 0.791298449
0.069152109 0.043686669 -0.996649086 -0.379781157 0.019568769 0.998789012 0.045138244 -0.003921194 0.997414112 -0.022624601 0.068213463 0.792773545
0.034091782 0.039590999 -0.998634219 -0.408095896 0.017329855 0.999041319 0.040198762 -0.002762327 0.999268472 -0.018676629 0.033372991 0.792524755
0.004870913 0.039247200 -0.999217689 -0.437614113 0.014526127 0.999121308 0.039314229 -0.001320232 0.999882638 -0.014706261 0.004296525 0.792109847
-0.015552825 0.043164302 -0.998947024 -0.467946589 0.013297003 0.998988450 0.042959064 -0.000181537 0.999790549 -0.012614867 -0.016111046 0.790602207
-0.029324070 0.049565036 -0.998340309 -0.499998182 0.014923020 0.998680174 0.049143568 0.000783937 0.999458492 -0.013457161 -0.030025026 0.789906383
-0.036926597 0.051681146 -0.997980773 -0.531838000 0.013966388 0.998591006 0.051195972 0.002147166 0.999220312 -0.012047694 -0.037596364 0.788314223
-0.041376453 0.049305901 -0.997926295 -0.567723334 0.015680013 0.998690605 0.048693538 0.003266338 0.999020576 -0.013632730 -0.042095404 0.786993384
-0.039599027 0.045488738 -0.998179615 -0.601034403 0.022770915 0.998744786 0.044611137 0.004563695 0.998956144 -0.020962907 -0.040585149 0.785191596
-0.036569361 0.043702394 -0.998375177 -0.637797832 0.035010796 0.998486042 0.042424832 0.006385069 0.998717666 -0.033402454 -0.038044054 0.785215020
-0.028556757 0.044240985 -0.998612642 -0.671924412 0.034984887 0.998452246 0.043233443 0.007380936 0.998979807 -0.033701740 -0.030060321 0.783234477
-0.025645217 0.042654600 -0.998760641 -0.711416900 0.033537839 0.998563588 0.041785017 0.008546708 0.999108374 -0.032424688 -0.027038921 0.783016860
-0.021912700 0.036310080 -0.999100268 -0.748093605 0.037201274 0.998677790 0.035478808 0.009742239 0.999067545 -0.036390368 -0.023234507 0.781738997
-0.020414386 0.025329728 -0.999470711 -0.789687514 0.034988672 0.999084771 0.024605295 0.011126958 0.999179125 -0.034467861 -0.021281958 0.781364799
-0.018920569 0.016979557 -0.999676883 -0.828303277 0.026647266 0.999509215 0.016472362 0.011905456 0.999465823 -0.026326995 -0.019363742 0.779245198
-0.020985350 0.013919318 -0.999682844 -0.869894326 0.021599723 0.999675989 0.013465800 0.012811822 0.999546409 -0.021310290 -0.021279203 0.778386891
-0.024238445 0.020178260 -0.999502540 -0.911310732 0.012117215 0.999728739 0.019888977 0.013050063 0.999632776 -0.011629112 -0.024476374 0.776685834
-0.028845619 0.028468302 -0.999178529 -0.956420183 0.007422521 0.999572814 0.028265264 0.013856074 0.999556303 -0.006601093 -0.029044610 0.774309099
-0.033071350 0.037569717 -0.998746574 -0.999227107 0.005505502 0.999284744 0.037407663 0.015250707 0.999437809 -0.004261479 -0.033254541 0.772173703
-0.035158940 0.047993757 -0.998228669 -1.045800209 0.004868498 0.998842597 0.047851790 0.016464092 0.999369860 -0.003177456 -0.035351902 0.770658791
-0.035819061 0.055467643 -0.997817874 -1.090479255 0.006201273 0.998451710 0.055280264 0.018282279 0.999339044 -0.004207653 -0.036107577 0.768820941
-0.037601646 0.056338828 -0.997703314 -1.136644959 0.007298937 0.998398304 0.056102987 0.020146005 0.999266148 -0.005172609 -0.037952632 0.766953886
-0.039512865 0.053628404 -0.997778773 -1.181351781 0.005963789 0.998553634 0.053433869 0.022036731 0.999201298 -0.003839217 -0.039775547 0.765100360
-0.041836012 0.048746981 -0.997934580 -1.226731062 0.005455127 0.998805344 0.048560821 0.023598861 0.999109507 -0.003412270 -0.042051960 0.762637913
-0.046698727 0.043624416 -0.997955978 -1.274831414 0.005612480 0.999041617 0.043409240 0.025199678 0.998893261 -0.003573853 -0.046898808 0.760084808
-0.052785844 0.038923863 -0.997846961 -1.320525050 0.005658406 0.999235690 0.038678702 0.026464272 0.998589814 -0.003604535 -0.052965742 0.757756770
-0.059203893 0.036586042 -0.997575223 -1.367594361 0.004298525 0.999328256 0.036395226 0.028296417 0.998236656 -0.002133364 -0.059321396 0.754671574
-0.065981202 0.039496284 -0.997038901 -1.416313291 0.005150694 0.999216616 0.039241683 0.029609958 0.997807562 -0.002546228 -0.066132925 0.751145422
-0.072357044 0.044125624 -0.996402264 -1.463220596 0.003445664 0.999025941 0.043991603 0.031307906 0.997372746 -0.000250166 -0.072438613 0.747672677
-0.078364857 0.046949040 -0.995818615 -1.510547638 0.000575328 0.998892486 0.047048680 0.032771342 0.996924579 0.003114040 -0.078305073 0.743764162
-0.083131649 0.049160581 -0.995325267 -1.560376763 -0.002794870 0.998766959 0.049564008 0.034723725 0.996534586 0.006902141 -0.082891747 0.738783956
-0.085135274 0.050264962 -0.995100796 -1.607919931 -0.007488573 0.998666167 0.051085744 0.036765590 0.996341288 0.011801082 -0.084645316 0.733961344
-0.087077990 0.051440332 -0.994872630 -1.655705690 -0.011510875 0.998547316 0.052637853 0.038591783 0.996134937 0.016035451 -0.086359367 0.729859412
-0.088719234 0.051117338 -0.994744122 -1.705317974 -0.012353479 0.998548985 0.052414633 0.040363505 0.995980084 0.016938737 -0.087959021 0.724445701
-0.090028003 0.050462808 -0.994659960 -1.753259540 -0.012765769 0.998574972 0.051816884 0.041935667 0.995857418 0.017362567 -0.089255504 0.719826758
-0.090586811 0.049955860 -0.994634807 -1.801512241 -0.013876366 0.998580813 0.051417835 0.043323945 0.995791912 0.018459694 -0.089765042 0.714482367
-0.091861621 0.048524983 -0.994588733 -1.852207780 -0.016616249 0.998598158 0.050255299 0.045964822 0.995633245 0.021142868 -0.090926535 0.710258842
-0.093059346 0.046144687 -0.994590759 -1.902140498 -0.020703731 0.998619735 0.048268773 0.047497727 0.995445311 0.025083598 -0.091975547 0.705685496
-0.092895843 0.041217741 -0.994822323 -1.950012207 -0.025903579 0.998704553 0.043797452 0.048932869 0.995338798 0.029838057 -0.091707818 0.700261354
-0.092069224 0.040333301 -0.994935393 -2.000099182 -0.027927415 0.998681664 0.043069515 0.051191781 0.995360911 0.031751353 -0.090821438 0.695281267
-0.090256907 0.044587728 -0.994919837 -2.050625324 -0.028296011 0.998479187 0.047314186 0.052679941 0.995516419 0.032422699 -0.088857986 0.690269470
-0.088315114 0.047591142 -0.994955063 -2.100380182 -0.029088380 0.998308718 0.050333537 0.054495953 0.995667756 0.033386845 -0.086781405 0.685919046
-0.087303519 0.047424633 -0.995052397 -2.151981115 -0.026734846 0.998394847 0.049929600 0.056041390 0.995822966 0.030961597 -0.085895501 0.681303203
-0.083859116 0.046453893 -0.995394289 -2.199414968 -0.026586577 0.998452902 0.048836477 0.057929866 0.996122956 0.030559508 -0.082494333 0.675521672
-0.081059031 0.046803914 -0.995609820 -2.254372358 -0.030096501 0.998326361 0.049381971 0.059909306 0.996254861 0.033967219 -0.079514742 0.673353434
-0.074799590 0.047604442 -0.996061683 -2.304823399 -0.035579965 0.998096466 0.050373580 0.062256798 0.996563613 0.039207760 -0.072963424 0.667567730
-0.068928868 0.046929237 -0.996517181 -2.355312347 -0.039800789 0.997968316 0.049750589 0.064456269 0.996827364 0.043091416 -0.066920988 0.663621843
-0.062668845 0.046428844 -0.996953845 -2.406217337 -0.040899754 0.997958839 0.049046613 0.065998726 0.997195959 0.043848857 -0.060641997 0.660083294
-0.057340506 0.044560716 -0.997359693 -2.459025145 -0.041045453 0.998053432 0.046951517 0.069069162 0.997510552 0.043629292 -0.055399880 0.656634092
-0.051428523 0.045364596 -0.997645795 -2.509447336 -0.038940001 0.998116970 0.047393374 0.069785379 0.997917175 0.041285694 -0.049565185 0.653192461
-0.045050591 0.044228088 -0.998005152 -2.561140060 -0.038293116 0.998208761 0.045965690 0.073561490 0.998250484 0.040287510 -0.043276265 0.649383783
-0.040741876 0.046954818 -0.998065829 -2.616117477 -0.037241939 0.998129725 0.048478063 0.073845051 0.998475373 0.039144997 -0.038916983 0.648764610
-0.034566067 0.046909809 -0.998301029 -2.667235374 -0.038567960 0.998091161 0.048235364 0.076645382 0.998658061 0.040169731 -0.032690868 0.645921171
-0.030166658 0.047096945 -0.998434722 -2.720666170 -0.037620470 0.998127997 0.048219141 0.077630252 0.998836577 0.039016191 -0.028338376 0.645084739
-0.024819732 0.042265341 -0.998798132 -2.773091793 -0.038049646 0.998341978 0.043191556 0.079535633 0.998967588 0.039075915 -0.023170399 0.642905295
-0.020279970 0.036348451 -0.999133468 -2.826133728 -0.038174819 0.998582006 0.037103254 0.081617102 0.999065161 0.038894188 -0.018863620 0.641890585
-0.017562293 0.036806345 -0.999168098 -2.879525185 -0.037324555 0.998601556 0.037441518 0.081945971 0.999148846 0.037951071 -0.016163953 0.641244531
-0.013954311 0.039807454 -0.999109924 -2.932988644 -0.035904761 0.998542845 0.040286332 0.082754329 0.999257743 0.036434975 -0.012504702 0.639614224
-0.012202885 0.039518055 -0.999144316 -2.985924959 -0.036372203 0.998539865 0.039938379 0.083880082 0.999263763 0.036828455 -0.010747711 0.639388859
-0.010794637 0.038597278 -0.999196529 -3.038708687 -0.038624119 0.998492837 0.038987365 0.085990444 0.999195457 0.039013948 -0.009287585 0.638169944
-0.010373344 0.040330861 -0.999132514 -3.092699766 -0.038938936 0.998412132 0.040706061 0.086718366 0.999187768 0.039327424 -0.008786431 0.637399673
-0.008808918 0.039607350 -0.999176502 -3.145862818 -0.039615292 0.998417020 0.039926503 0.088369444 0.999176204 0.039934386 -0.007225917 0.636029184
-0.007789786 0.038286537 -0.999236345 -3.199505091 -0.039945815 0.998457253 0.038568083 0.089232601 0.999171495 0.040215753 -0.006248380 0.635628581
-0.006602649 0.037045069 -0.999291778 -3.252318621 -0.038348805 0.998569071 0.037271660 0.090536721 0.999242604 0.038567740 -0.005172567 0.634623408
-0.006342805 0.036597289 -0.999309957 -3.307349205 -0.034648407 0.998721838 0.036795665 0.091943704 0.999379456 0.034857888 -0.005066660 0.634184778
-0.005863748 0.036931697 -0.999300659 -3.361205816 -0.032014482 0.998798549 0.037101001 0.093401611 0.999470174 0.032209642 -0.004674354 0.633755803
-0.005789810 0.039831661 -0.999189615 -3.416327715 -0.031629875 0.998699129 0.039995387 0.094819069 0.999482989 0.031835806 -0.004522408 0.632797599
-0.005654815 0.042880163 -0.999064147 -3.470807314 -0.034464028 0.998478353 0.043050084 0.096561149 0.999389946 0.034675218 -0.004168387 0.632118821
-0.004210089 0.043255657 -0.999055088 -3.524567842 -0.035927020 0.998412609 0.043379232 0.097813942 0.999345481 0.036075708 -0.002649358 0.630852044
-0.002414422 0.041295320 -0.999144077 -3.577013493 -0.036487639 0.998477995 0.041355968 0.099568367 0.999331176 0.036556259 -0.000903977 0.629584134
-0.003717877 0.038142867 -0.999265373 -3.632781506 -0.037102126 0.998578966 0.038254712 0.100920267 0.999304593 0.037217095 -0.002297412 0.629935920
-0.003941243 0.037868626 -0.999274909 -3.686766624 -0.034482788 0.998683214 0.037982207 0.102054670 0.999397576 0.034607474 -0.002630237 0.629735112
-0.003629300 0.038725954 -0.999243200 -3.740818501 -0.033652499 0.998679161 0.038826320 0.103424884 0.999427021 0.033767946 -0.002321281 0.629036665
-0.003338547 0.042452991 -0.999092937 -3.794538021 -0.031836186 0.998587430 0.042537902 0.104050487 0.999487519 0.031949319 -0.001982290 0.628542542
-0.002916290 0.044270553 -0.999015331 -3.848847389 -0.033294231 0.998461366 0.044343211 0.105612844 0.999441326 0.033390768 -0.001437848 0.628334224
-0.003848708 0.045150761 -0.998972774 -3.903203249 -0.034265753 0.998387575 0.045256332 0.106764205 0.999405384 0.034404732 -0.002295377 0.628327668
-0.002154144 0.042273965 -0.999103665 -3.956469536 -0.034512315 0.998507738 0.042323161 0.108467117 0.999401927 0.034572553 -0.000691956 0.627118409
-0.001850344 0.041123174 -0.999152362 -4.009056091 -0.033358485 0.998595417 0.041162025 0.109564736 0.999441743 0.033406369 -0.000475938 0.626781821
-0.000945029 0.042013474 -0.999116600 -4.061633110 -0.032025278 0.998603225 0.042022172 0.111075364 0.999486625 0.032036699 0.000401784 0.626385033
-0.001477508 0.045281995 -0.998973131 -4.115047455 -0.029526124 0.998536706 0.045305889 0.112144172 0.999562919 0.029562747 -0.000138344 0.626407802
-0.001816840 0.047819745 -0.998854339 -4.167922974 -0.028596787 0.998444974 0.047852162 0.113760062 0.999589384 0.028650967 -0.000446524 0.626651883
-0.002515200 0.048361551 -0.998826742 -4.219686985 -0.028053660 0.998433292 0.048413150 0.116047584 0.999603331 0.028142514 -0.001154541 0.627069235
-0.000310837 0.051010184 -0.998698175 -4.274462223 -0.031784672 0.998193026 0.050994296 0.117453068 0.999494672 0.031759143 0.001311067 0.625473320
0.000236840 0.051320706 -0.998682261 -4.327568054 -0.033366565 0.998126566 0.051284246 0.118113473 0.999443173 0.033310447 0.001948793 0.624981165
-0.000141952 0.046395641 -0.998923123 -4.379701614 -0.035962801 0.998276711 0.046370737 0.120475784 0.999353111 0.035930660 0.001526810 0.624700844
0.000205844 0.044664122 -0.999001980 -4.432366371 -0.036732718 0.998328149 0.044626426 0.122238733 0.999325097 0.036686879 0.001846135 0.624436140
0.000870577 0.042892873 -0.999079287 -4.485608101 -0.037328281 0.998384774 0.042830531 0.123727478 0.999302804 0.037256617 0.002470287 0.623753548
0.000906106 0.043599129 -0.999048710 -4.538866520 -0.036013126 0.998402417 0.043538261 0.125065267 0.999350905 0.035939410 0.002474799 0.623515964
0.000850233 0.045693669 -0.998955131 -4.591525078 -0.035856735 0.998314500 0.045633849 0.126382187 0.999356568 0.035780471 0.002487225 0.623743773
0.000421511 0.047985107 -0.998847961 -4.644427776 -0.033956587 0.998272657 0.047943141 0.127652258 0.999423146 0.033897255 0.002050194 0.624000251
0.000389791 0.046484787 -0.998919070 -4.696654797 -0.038843919 0.998165786 0.046434585 0.129786551 0.999245167 0.038783822 0.002194728 0.623236954
-0.000582636 0.047511831 -0.998870492 -4.750194550 -0.041664880 0.998002112 0.047494829 0.131558836 0.999131441 0.041645493 0.001398103 0.623490274
0.000222756 0.047213994 -0.998884797 -4.803732872 -0.045942940 0.997830510 0.047153912 0.132905960 0.998943985 0.045881201 0.002391422 0.621949375
0.000178241 0.042655971 -0.999089837 -4.857956886 -0.046879828 0.997991681 0.042600721 0.135412484 0.998900473 0.046829566 0.002177587 0.621609688
-0.001010448 0.039665651 -0.999212444 -4.910262585 -0.046512153 0.998129725 0.039669704 0.135874078 0.998917341 0.046515606 0.000836377 0.621366858
-0.001941858 0.038960308 -0.999238849 -4.963508129 -0.043728177 0.998281717 0.039007962 0.137532979 0.999041617 0.043770656 -0.000234857 0.621057212
-0.001569756 0.038444538 -0.999259531 -5.018947124 -0.038684066 0.998510480 0.038476489 0.138667792 0.999250293 0.038715821 -0.000080226 0.620382905
-0.002747741 0.039901327 -0.999199808 -5.073722363 -0.037796464 0.998485446 0.039976738 0.140035897 0.999281645 0.037876073 -0.001235451 0.620637715
-0.003116284 0.044683315 -0.998996317 -5.128541470 -0.037988674 0.998274803 0.044769537 0.140836284 0.999273419 0.038090069 -0.001413448 0.619823277
-0.004457168 0.043307442 -0.999051869 -5.183748722 -0.035380859 0.998429418 0.043438308 0.143729597 0.999363959 0.035540923 -0.002917914 0.620947659
-0.004896136 0.040176652 -0.999180615 -5.240223885 -0.035183366 0.998566985 0.040324382 0.144127756 0.999368906 0.035351969 -0.003475570 0.619635165
-0.006236450 0.036782943 -0.999303818 -5.295723438 -0.035662744 0.998679399 0.036982518 0.145554572 0.999344409 0.035868552 -0.004916433 0.619856894
-0.007485834 0.034561589 -0.999374568 -5.351164818 -0.034814157 0.998787642 0.034802072 0.147401690 0.999365807 0.035052892 -0.006273526 0.619187891
-0.006311256 0.035790391 -0.999339342 -5.409675121 -0.036512725 0.998684645 0.035997532 0.149018869 0.999313235 0.036715791 -0.004996149 0.616781771
-0.006745433 0.040433247 -0.999159515 -5.467410564 -0.041032873 0.998329401 0.040676676 0.150723964 0.999135017 0.041272759 -0.005075073 0.615953922
-0.006776387 0.044171702 -0.999000967 -5.525008202 -0.046637863 0.997922838 0.044440385 0.151877448 0.998888791 0.046892419 -0.004702238 0.614290953
-0.007412929 0.044150509 -0.998997390 -5.582319260 -0.053685874 0.997566521 0.044485644 0.153429493 0.998530269 0.053961821 -0.005024631 0.613379240
-0.006567082 0.042016812 -0.999095321 -5.640028000 -0.056558236 0.997501910 0.042321563 0.155169591 0.998377681 0.056784999 -0.004174282 0.611906707
-0.006431934 0.040612567 -0.999154210 -5.697608948 -0.059287667 0.997401774 0.040922992 0.156769544 0.998220205 0.059500746 -0.004007399 0.609847367
-0.006811925 0.039659802 -0.999189913 -5.755238056 -0.059808444 0.997408211 0.039996814 0.158654988 0.998186648 0.060032453 -0.004422280 0.608366847
-0.007161013 0.039499987 -0.999193907 -5.813416481 -0.057382815 0.997556746 0.039846525 0.159556985 0.998326540 0.057621904 -0.004876898 0.607979774
-0.008392815 0.040452793 -0.999146223 -5.869020939 -0.057523973 0.997507215 0.040869635 0.160439298 0.998308837 0.057817873 -0.006044888 0.607797384
-0.008520822 0.045116574 -0.998945534 -5.928985596 -0.057544515 0.997304022 0.045533292 0.162515312 0.998306513 0.057871804 -0.005901641 0.606819928
-0.009258278 0.049652707 -0.998723686 -5.986693859 -0.056328159 0.997154713 0.050096873 0.163753912 0.998369396 0.056720074 -0.006435091 0.605964184
-0.008969496 0.047845468 -0.998814464 -6.044848919 -0.056962378 0.997208178 0.048280053 0.166015521 0.998335958 0.057327896 -0.006219065 0.605003417
-0.008304409 0.046317775 -0.998892188 -6.101892471 -0.056610484 0.997302830 0.046714708 0.167896628 0.998361766 0.056935709 -0.005659939 0.604228258
-0.007286589 0.045867540 -0.998920977 -6.160706997 -0.055771381 0.997373939 0.046203326 0.169599041 0.998416960 0.056047864 -0.004709358 0.603912115
-0.006210963 0.045268822 -0.998955548 -6.218206882 -0.055911023 0.997396350 0.045545787 0.171092063 0.998416364 0.056135502 -0.003663765 0.603137314
-0.005301543 0.047315724 -0.998865902 -6.275960445 -0.055953000 0.997301042 0.047538571 0.172915727 0.998419285 0.056141578 -0.002639779 0.602599144
-0.004964892 0.050568406 -0.998708308 -6.333903790 -0.056687187 0.997100353 0.050768800 0.174798369 0.998379588 0.056866024 -0.002083916 0.602127612
-0.002865872 0.051557314 -0.998665929 -6.391777992 -0.058514893 0.996950209 0.051636655 0.177044034 0.998282373 0.058584817 0.000159738 0.601378322
-0.002185795 0.048791058 -0.998806715 -6.449512482 -0.060594946 0.996967077 0.048833814 0.178977802 0.998160005 0.060629379 0.000777326 0.601119041
-0.002166571 0.046031423 -0.998937666 -6.506865025 -0.059405774 0.997169852 0.046078805 0.180465534 0.998231590 0.059442498 0.000574093 0.600757837
-0.002203664 0.045032963 -0.998983085 -6.563091278 -0.056008000 0.997411847 0.045085680 0.181391820 0.998427927 0.056050394 0.000324245 0.600937426
-0.002018702 0.044211529 -0.999020100 -6.621066093 -0.054607835 0.997526646 0.044255782 0.183066443 0.998505831 0.054643665 0.000400587 0.599998534
-0.001523502 0.044621672 -0.999002755 -6.678189754 -0.052008949 0.997648358 0.044640493 0.184542060 0.998645484 0.052025091 0.000800807 0.599086583
-0.002297290 0.043181278 -0.999064624 -6.735053062 -0.050648030 0.997780085 0.043242220 0.186409786 0.998713911 0.050700001 -0.000105143 0.599361777
-0.002285165 0.043011773 -0.999071956 -6.792214870 -0.049510788 0.997844398 0.043072179 0.188042611 0.998770952 0.049563266 -0.000150692 0.599059045
-0.002408855 0.045411408 -0.998965442 -6.848845959 -0.047594972 0.997831166 0.045474611 0.190264314 0.998863757 0.047655288 -0.000242275 0.598520577
-0.002781422 0.046028603 -0.998936236 -6.906102180 -0.045514636 0.997899055 0.046107542 0.192359746 0.998959780 0.045594476 -0.000680603 0.598485529
-0.002697804 0.044881605 -0.998988688 -6.961628914 -0.042989600 0.998063564 0.044956136 0.193990633 0.999071896 0.043067407 -0.000763137 0.598204672
-0.003828167 0.045384273 -0.998962283 -7.018567562 -0.043835927 0.998001754 0.045508619 0.195502758 0.999031425 0.043964647 -0.001831056 0.598584116
-0.003405420 0.050041586 -0.998741329 -7.075307846 -0.044706736 0.997740865 0.050143901 0.197423384 0.998994350 0.044821229 -0.001160531 0.598136306
-0.003312540 0.057137586 -0.998360813 -7.133063316 -0.049593221 0.997128367 0.057231601 0.199228108 0.998764098 0.049701504 -0.000469391 0.597738922
-0.001547242 0.056737583 -0.998387933 -7.189241409 -0.054221127 0.996915638 0.056737948 0.201322466 0.998527765 0.054221511 0.001533906 0.596343160
0.000511473 0.053330656 -0.998576760 -7.245357513 -0.058747444 0.996853828 0.053208556 0.203559965 0.998272777 0.058636621 0.003642904 0.594937742
0.001378623 0.047607061 -0.998865187 -7.301186562 -0.059860211 0.997078836 0.047439314 0.205413610 0.998205841 0.059726875 0.004224366 0.595598876
0.002244458 0.045848727 -0.998945832 -7.357020378 -0.062730916 0.996987402 0.045617890 0.207401395 0.998027980 0.062562399 0.005113829 0.595157683
0.003203448 0.043048542 -0.999067962 -7.413599014 -0.057350006 0.997436523 0.042794358 0.208379567 0.998348951 0.057159454 0.005664071 0.595880032
0.003218372 0.037789777 -0.999280572 -7.468868732 -0.054030206 0.997832596 0.037561003 0.210544199 0.998534143 0.053870447 0.005253184 0.595775604
0.003704257 0.034756407 -0.999388933 -7.526073933 -0.048636612 0.998219311 0.034535460 0.211640552 0.998809636 0.048478965 0.005388096 0.595584154
0.002342735 0.037276033 -0.999302208 -7.582776546 -0.046554074 0.998225629 0.037126735 0.213546962 0.998912990 0.046434607 0.004073929 0.596447408
0.002708063 0.043964215 -0.999029398 -7.640197754 -0.046807624 0.997943640 0.043789554 0.214371264 0.998900235 0.046643615 0.004760355 0.596427917
0.004798811 0.047712103 -0.998849750 -7.694771290 -0.047985863 0.997721374 0.047427680 0.215548709 0.998836637 0.047703058 0.007077384 0.595450580
0.006474354 0.044160508 -0.999003530 -7.751854420 -0.049279068 0.997824728 0.043789037 0.217445761 0.998764157 0.048946451 0.008636460 0.595954657
0.007689234 0.044511240 -0.998979211 -7.807660580 -0.051215500 0.997715175 0.044060711 0.218871519 0.998658001 0.050824430 0.009951330 0.595439196
0.009079362 0.045404091 -0.998927414 -7.864356041 -0.049426455 0.997767866 0.044902146 0.220261201 0.998736441 0.048965756 0.011303259 0.595588326
0.009183631 0.043320928 -0.999019027 -7.919376373 -0.049261890 0.997867763 0.042818148 0.222108305 0.998743653 0.048820347 0.011298119 0.595917046
0.010981078 0.041983675 -0.999058008 -7.974071026 -0.050513674 0.997865796 0.041378360 0.223721087 0.998662949 0.050011709 0.013078392 0.596015453
0.013109147 0.043883994 -0.998950601 -8.027070999 -0.051050786 0.997762918 0.043161888 0.224348530 0.998610020 0.050431397 0.015320132 0.596123695
0.014386036 0.045591284 -0.998856544 -8.078439713 -0.051072631 0.997689486 0.044802442 0.225509971 0.998591363 0.050369702 0.016681263 0.596467853
0.015001004 0.047469735 -0.998760164 -8.129168510 -0.052145194 0.997550309 0.046629034 0.226315141 0.998526812 0.051381052 0.017439572 0.596870363
0.014818059 0.048479311 -0.998714268 -8.177460670 -0.052006464 0.997509420 0.047649194 0.227356374 0.998536766 0.051233523 0.017302390 0.597622871
0.015208853 0.049500432 -0.998658299 -8.227024078 -0.051911816 0.997465909 0.048650749 0.228761464 0.998535812 0.051102240 0.017739968 0.597575903
0.015183321 0.048549954 -0.998705328 -8.273329735 -0.052058056 0.997504234 0.047700126 0.229750007 0.998528659 0.051266406 0.017672846 0.598149896
0.017411279 0.048722446 -0.998660564 -8.318528175 -0.053053405 0.997449934 0.047738422 0.230734661 0.998439848 0.052151151 0.019951774 0.598051727
0.018340759 0.049488153 -0.998606265 -8.361717224 -0.054021303 0.997364402 0.048434436 0.231968820 0.998371303 0.053057693 0.020965839 0.599449396
0.018055033 0.047956318 -0.998686254 -8.406275749 -0.052163571 0.997533917 0.046957936 0.232600197 0.998475313 0.051247213 0.020512080 0.599317729
0.015045298 0.044945817 -0.998876154 -8.448196411 -0.049524866 0.997796595 0.044151288 0.233479574 0.998659492 0.048804950 0.017238084 0.599686265
0.009862422 0.041466918 -0.999091208 -8.491033554 -0.049298171 0.997944951 0.040932707 0.234360844 0.998735428 0.048849668 0.011886398 0.600193024
0.004906330 0.038546834 -0.999244690 -8.533630371 -0.050651006 0.997983634 0.038249489 0.235055238 0.998704374 0.050425086 0.006848872 0.600117385
0.001173975 0.037585042 -0.999292731 -8.576717377 -0.053260006 0.997877479 0.037469234 0.236360535 0.998579919 0.053178363 0.003173263 0.599804282
-0.000943588 0.038980965 -0.999239445 -8.619557381 -0.055234969 0.997712374 0.038973551 0.236920431 0.998472929 0.055229738 0.001211683 0.598664820
-0.003650628 0.039983094 -0.999193788 -8.661726952 -0.054058887 0.997731268 0.040122092 0.238075018 0.998531103 0.054161765 -0.001480904 0.598987579
-0.004586057 0.041037016 -0.999147117 -8.703791618 -0.051604379 0.997816563 0.041219231 0.239476740 0.998657107 0.051749393 -0.002458354 0.598393083
-0.006294810 0.041930918 -0.999100626 -8.746189117 -0.049186181 0.997898161 0.042190343 0.240032822 0.998769760 0.049407534 -0.004219157 0.598090589
-0.007186870 0.040561743 -0.999151170 -8.787993431 -0.049907658 0.997917295 0.040870637 0.241173133 0.998727918 0.050159026 -0.005147560 0.597494543
-0.007496021 0.039835453 -0.999178052 -8.829831123 -0.051661134 0.997856438 0.040170327 0.241831839 0.998636544 0.051919788 -0.005422009 0.596710086
-0.006961222 0.037962612 -0.999254942 -8.871254921 -0.055432182 0.997727990 0.038290758 0.243639648 0.998438239 0.055657424 -0.004841056 0.595753133
-0.006217254 0.038031098 -0.999257207 -8.913437843 -0.057878159 0.997587621 0.038327664 0.243381381 0.998304248 0.058073450 -0.004001086 0.595028877
-0.005356407 0.035010546 -0.999372482 -8.955547333 -0.058027625 0.997691929 0.035262682 0.244457856 0.998300552 0.058180086 -0.003312466 0.594774365
-0.004599732 0.033113055 -0.999441147 -8.997474670 -0.057502367 0.997789085 0.033322975 0.244990349 0.998334706 0.057623494 -0.002685484 0.594029963
-0.003435386 0.032883834 -0.999453306 -9.040345192 -0.057664320 0.997789562 0.033027310 0.245743737 0.998330116 0.057746258 -0.001531567 0.593334496
-0.003335964 0.035822731 -0.999352574 -9.083242416 -0.054903697 0.997844160 0.035951931 0.246415198 0.998486102 0.054988075 -0.001361973 0.593461454
-0.003348920 0.037442416 -0.999293149 -9.126488686 -0.053965624 0.997835815 0.037568659 0.247086644 0.998537242 0.054053288 -0.001321069 0.593238771
-0.002117981 0.033884462 -0.999423504 -9.170026779 -0.049306791 0.998206735 0.033947691 0.247987583 0.998781443 0.049350265 -0.000443449 0.592936695
-0.002591130 0.030302964 -0.999537468 -9.213714600 -0.047803055 0.998394370 0.030392233 0.249145836 0.998853385 0.047859691 -0.001138396 0.593096077
-0.001087072 0.030863514 -0.999523163 -9.257847786 -0.052540351 0.998141289 0.030877994 0.250082880 0.998618186 0.052548856 0.000536529 0.591986120
0.000372984 0.034798909 -0.999394298 -9.301955223 -0.054402653 0.997915030 0.034727097 0.251180261 0.998519003 0.054356750 0.002265359 0.591531515
0.002136497 0.034189422 -0.999413073 -9.346831322 -0.051566176 0.998089612 0.034033909 0.252002478 0.998667300 0.051463213 0.003895433 0.591775417
0.003931537 0.035287164 -0.999369502 -9.391921043 -0.049971804 0.998135567 0.035047002 0.253386438 0.998742878 0.049802512 0.005687570 0.592300653
0.006342404 0.041357789 -0.999124289 -9.437442780 -0.050470717 0.997884214 0.040986069 0.253510475 0.998705387 0.050166577 0.008416343 0.591770113
0.007586378 0.044707924 -0.998971283 -9.482781410 -0.047820266 0.997873306 0.044295624 0.254942983 0.998827100 0.047435030 0.009708188 0.592141449
0.009310119 0.045388911 -0.998925924 -9.529500008 -0.047309123 0.997870743 0.044900022 0.256527543 0.998836935 0.046840291 0.011437602 0.592471123
0.010524704 0.047415644 -0.998819709 -9.575961113 -0.051248770 0.997587919 0.046817154 0.257346243 0.998630464 0.050695546 0.012929309 0.593297422
0.013361855 0.048570100 -0.998730302 -9.623408318 -0.053621348 0.997417152 0.047788840 0.259256691 0.998471975 0.052914724 0.015931737 0.593543649
0.018944556 0.049256109 -0.998606443 -9.672528267 -0.054546006 0.997349203 0.048159305 0.260929286 0.998331666 0.053557631 0.021581057 0.592638016
0.021693692 0.046715923 -0.998672605 -9.720639229 -0.058248166 0.997270048 0.045385014 0.262495995 0.998066366 0.057186294 0.024355581 0.593384027
0.024448723 0.043869697 -0.998738110 -9.768795967 -0.058023553 0.997414708 0.042391181 0.264171660 0.998015821 0.056913920 0.026930993 0.594095051
0.027426736 0.042845123 -0.998705149 -9.816883087 -0.056870982 0.997529745 0.041232884 0.265569210 0.998004675 0.055666458 0.029795624 0.594724000
0.028939091 0.044993486 -0.998568177 -9.865482330 -0.057197109 0.997424185 0.043284345 0.267042130 0.997943521 0.055862587 0.031438041 0.596016586
0.030187599 0.048152566 -0.998383701 -9.914391518 -0.058704227 0.997200191 0.046320483 0.268519670 0.997818887 0.057211049 0.032929841 0.597339630
0.030548107 0.047820523 -0.998388708 -9.963562012 -0.058685414 0.997217655 0.045968805 0.270009398 0.997808993 0.057186592 0.033269480 0.599231243
0.032547534 0.045011573 -0.998456061 -10.013544083 -0.057983968 0.997387886 0.043073256 0.271944672 0.997786820 0.056492519 0.035072461 0.600025713
0.032692272 0.041431684 -0.998606324 -10.063220024 -0.054758243 0.997713923 0.039601993 0.273683429 0.997964323 0.053387243 0.034886263 0.601719081
0.032317288 0.040477622 -0.998657644 -10.113731384 -0.053050492 0.997840583 0.038727753 0.275070220 0.998068750 0.051727697 0.034394860 0.603408813
0.032602444 0.039852742 -0.998673558 -10.165367126 -0.052765679 0.997879922 0.038098503 0.275888890 0.998074591 0.051453583 0.034636181 0.604987025
