0.999998569 0.000982231 0.001351660 -0.000516063 -0.000987148 0.999992907 0.003642172 -0.001046175 -0.001348073 -0.003643501 0.999992430 0.059101034
0.999996305 0.000843846 0.002590555 -0.000376191 -0.000864032 0.999969184 0.007800958 -0.001582785 -0.002583893 -0.007803167 0.999966204 0.087060317
0.999991417 -0.000046748 0.004137709 -0.000572892 -0.000000069 0.999935925 0.011313942 -0.002055435 -0.004137973 -0.011313844 0.999927461 0.113883294
0.999985635 -0.000910620 0.005293317 -0.000564093 0.000838905 0.999908030 0.013534717 -0.002416713 -0.005305155 -0.013530083 0.999894440 0.140178040
0.999980032 -0.000104607 0.006314183 -0.000371474 0.000020417 0.999911070 0.013332091 -0.002743938 -0.006315016 -0.013331695 0.999891162 0.164735600
0.999971151 0.000608663 0.007571683 -0.000409113 -0.000690203 0.999941766 0.010771062 -0.003105182 -0.007564686 -0.010775976 0.999913335 0.188236967
0.999961972 0.000647243 0.008700141 -0.000351830 -0.000718037 0.999966562 0.008136364 -0.003474921 -0.008694584 -0.008142300 0.999929070 0.210639045
0.999944568 -0.000950064 0.010492167 -0.000170744 0.000880324 0.999977410 0.006649481 -0.003661543 -0.010498250 -0.006639875 0.999922872 0.232325330
0.999911427 -0.004727958 0.012439144 0.000122640 0.004675974 0.999980211 0.004204837 -0.003957724 -0.012458779 -0.004146300 0.999913812 0.251815498
0.999882698 -0.006493233 0.013869428 0.000818879 0.006453387 0.999974906 0.002915807 -0.004124720 -0.013888015 -0.002825960 0.999899566 0.271015882
0.999865055 -0.002418724 0.016249144 0.000841631 0.002399291 0.999996305 0.001215365 -0.004745629 -0.016252024 -0.001176214 0.999867260 0.288443863
0.999817193 0.001679128 0.019045718 0.001023913 -0.001688143 0.999998391 0.000457258 -0.005121503 -0.019044921 -0.000489326 0.999818504 0.304782122
0.999745488 0.002171781 0.022454400 0.001411105 -0.002200759 0.999996781 0.001265900 -0.005300051 -0.022451578 -0.001314995 0.999747038 0.319614589
0.999659181 -0.002055611 0.026025373 0.001913049 0.002009691 0.999996424 0.001790468 -0.005536634 -0.026028959 -0.001737555 0.999659598 0.333520979
0.999578357 -0.006761605 0.028239088 0.002674328 0.006713763 0.999975860 0.001788667 -0.005828247 -0.028250501 -0.001598322 0.999599576 0.345299304
0.999484301 -0.009666483 0.030621679 0.003134978 0.009571916 0.999948978 0.003233324 -0.006126019 -0.030651372 -0.002938548 0.999525726 0.356163889
0.999392450 -0.010216051 0.033326525 0.003563324 0.010083856 0.999940634 0.004132342 -0.006252533 -0.033366762 -0.003793771 0.999435902 0.365860552
0.999341547 -0.009761474 0.034946397 0.004256877 0.009662474 0.999948800 0.003000687 -0.006241596 -0.034973893 -0.002661042 0.999384701 0.375044733
0.999247730 -0.008731237 0.037785567 0.004016446 0.008671023 0.999960840 0.001757047 -0.006665858 -0.037799440 -0.001428086 0.999284208 0.382491469
0.999174535 -0.006458947 0.040106785 0.004406940 0.006433350 0.999978960 0.000767187 -0.006774747 -0.040110908 -0.000508533 0.999194980 0.389781266
0.999106348 -0.003562698 0.042118989 0.004444375 0.003549827 0.999993622 0.000380383 -0.007154642 -0.042120080 -0.000230528 0.999112546 0.396541208
0.999040961 -0.002560477 0.043708250 0.004571932 0.002604929 0.999996126 -0.000960085 -0.007455071 -0.043705627 0.001073022 0.999043882 0.403167635
0.998972476 -0.003275938 0.045201339 0.005261203 0.003403216 0.999990404 -0.002739144 -0.007591755 -0.045191932 0.002890160 0.998974204 0.409757346
0.998884022 -0.004386742 0.047024921 0.005577534 0.004590068 0.999980569 -0.004216677 -0.007714890 -0.047005512 0.004427819 0.998884916 0.416090012
0.998827100 -0.005018038 0.048158713 0.005853487 0.005270075 0.999972999 -0.005107910 -0.007901606 -0.048131794 0.005355720 0.998826742 0.421589404
0.998739183 -0.004408075 0.050005611 0.006069602 0.004744226 0.999966919 -0.006605556 -0.008030316 -0.049974833 0.006834466 0.998727083 0.427307844
0.998677373 -0.003394965 0.051304452 0.006268494 0.003838407 0.999956071 -0.008547296 -0.008132671 -0.051273186 0.008732916 0.998646498 0.432768017
0.998654902 -0.003463846 0.051733423 0.006862024 0.004021802 0.999934852 -0.010685026 -0.008345622 -0.051693041 0.010878714 0.998603702 0.438254267
0.998588026 -0.003777478 0.052986976 0.006894391 0.004480280 0.999903440 -0.013151168 -0.008500163 -0.052932177 0.013369993 0.998508632 0.443534851
0.998619914 -0.005049126 0.052274395 0.007455159 0.005825645 0.999874711 -0.014712960 -0.008852568 -0.052193552 0.014997186 0.998524427 0.448727489
0.998735249 -0.006063342 0.049908914 0.007810308 0.006848326 0.999855220 -0.015572386 -0.009183910 -0.049807273 0.015894484 0.998632371 0.454202294
0.998856783 -0.005436670 0.047492292 0.007498926 0.006247792 0.999836862 -0.016947335 -0.009016962 -0.047392417 0.017224682 0.998727798 0.459346235
0.999039948 -0.004904167 0.043532204 0.007548722 0.005696424 0.999820054 -0.018093981 -0.009300416 -0.043435637 0.018324589 0.998888135 0.464693576
0.999283493 -0.005060635 0.037507299 0.007612216 0.005789119 0.999796271 -0.019339386 -0.009421558 -0.037401784 0.019542664 0.999109149 0.470261455
0.999504685 -0.004786789 0.031105874 0.007402430 0.005410584 0.999785304 -0.020000739 -0.009410179 -0.031003460 0.020159135 0.999315917 0.475364774
0.999696672 -0.004717040 0.024168041 0.006952140 0.005233314 0.999758542 -0.021343324 -0.009304878 -0.024061523 0.021463331 0.999480009 0.480603069
0.999870658 -0.005089670 0.015250210 0.007391835 0.005424207 0.999743760 -0.021976124 -0.009521560 -0.015134448 0.022056006 0.999642074 0.486227453
0.999965906 -0.006153401 0.005500533 0.006625717 0.006279489 0.999710977 -0.023207301 -0.009718584 -0.005356139 0.023241049 0.999715447 0.492052048
0.999942243 -0.007948451 -0.007229488 0.006214307 0.007764501 0.999654114 -0.025126033 -0.009851413 0.007426701 0.025068447 0.999658108 0.497566849
0.999683440 -0.008885900 -0.023538567 0.005471898 0.008239502 0.999590039 -0.027417324 -0.009914668 0.023772547 0.027214697 0.999346912 0.504373968
0.999052584 -0.008325055 -0.042717531 0.004296783 0.007115486 0.999571562 -0.028389866 -0.010212886 0.042935576 0.028059009 0.998683810 0.511231542
0.997891784 -0.007568787 -0.064456224 0.002883919 0.005768684 0.999589324 -0.028067991 -0.010379694 0.064642191 0.027636992 0.997525692 0.519084930
0.996127963 -0.006918963 -0.087642461 0.000756919 0.004591895 0.999632299 -0.026725667 -0.010909375 0.087795138 0.026219742 0.995793402 0.527179062
0.993315339 -0.005871764 -0.115283586 -0.000983249 0.002959170 0.999672413 -0.025419515 -0.011173573 0.115395069 0.024908448 0.993007362 0.536852300
0.989478469 -0.004898501 -0.144596979 -0.004111685 0.001492192 0.999718964 -0.023656325 -0.011478374 0.144672200 0.023191661 0.989207804 0.546521544
0.984132051 -0.005027561 -0.177366167 -0.007780574 0.001452207 0.999793172 -0.020282105 -0.011815488 0.177431464 0.019702697 0.983935952 0.556919336
0.976757586 -0.004121223 -0.214307666 -0.011707760 0.000522373 0.999857903 -0.016846828 -0.011997989 0.214346662 0.016343318 0.976620853 0.567578256
0.966968417 -0.002343294 -0.254885167 -0.014774159 -0.000656558 0.999931455 -0.011683708 -0.012385648 0.254895151 0.011465124 0.966900647 0.578302324
0.955170989 0.001502415 -0.296050489 -0.020116478 -0.003838376 0.999965847 -0.007309369 -0.012538236 0.296029449 0.008118049 0.955144227 0.589745283
0.941001475 0.004882152 -0.338367105 -0.026077092 -0.006349569 0.999974608 -0.003230005 -0.012811396 0.338342696 0.005187922 0.941008568 0.601675570
0.924295008 0.007336536 -0.381608218 -0.031900406 -0.007116674 0.999972820 0.001987453 -0.012876149 0.381612450 0.000878789 0.924322009 0.612609744
0.905092835 0.010979242 -0.425072253 -0.038935021 -0.007638955 0.999925077 0.009561804 -0.013367040 0.425145477 -0.005407213 0.905108988 0.624411881
0.883269370 0.014803518 -0.468632102 -0.047309965 -0.008703781 0.999846935 0.015179216 -0.013138406 0.468785107 -0.009328466 0.883262992 0.636964202
0.858351171 0.019684710 -0.512684882 -0.056103826 -0.011474327 0.999750316 0.019175112 -0.013099961 0.512934327 -0.010576268 0.858362615 0.648358941
0.830357909 0.022648416 -0.556770086 -0.065906763 -0.012168935 0.999672413 0.022516338 -0.013333417 0.557097554 -0.011921321 0.830361485 0.660488844
0.799630165 0.026320107 -0.599915862 -0.077055216 -0.015333572 0.999608278 0.023417633 -0.013135479 0.600297093 -0.009526592 0.799720287 0.671981454
0.765646160 0.028516829 -0.642629504 -0.088784993 -0.015693663 0.999547601 0.025657291 -0.012540467 0.643070519 -0.009559195 0.765747249 0.683918774
0.728571475 0.032656629 -0.684190869 -0.101382285 -0.017719416 0.999427140 0.028834149 -0.011952687 0.684740424 -0.008884277 0.728732705 0.695290387
0.689826727 0.033701282 -0.723189592 -0.116331577 -0.015634093 0.999376476 0.031658988 -0.011693353 0.723805666 -0.010532804 0.689923465 0.707234979
0.649035990 0.033057760 -0.760039151 -0.132149279 -0.012734588 0.999387562 0.032593466 -0.011287279 0.760651290 -0.011475548 0.649059415 0.718700051
0.606594086 0.031316727 -0.794394732 -0.149285346 -0.007323294 0.999401629 0.033806518 -0.010583663 0.794978023 -0.014689247 0.606460333 0.729809880
0.561315298 0.030915573 -0.827024460 -0.166653574 -0.002616892 0.999363303 0.035581764 -0.010302052 0.827597976 -0.017808352 0.561038733 0.740805626
0.515007496 0.032881293 -0.856554747 -0.185282528 -0.002196132 0.999311328 0.037040975 -0.009401053 0.857182860 -0.017195271 0.514725089 0.749886274
0.465722650 0.033194307 -0.884307861 -0.205416471 -0.002436209 0.999340594 0.036229257 -0.008808332 0.884927273 -0.014718429 0.465496540 0.758516610
0.413026512 0.031439193 -0.910176158 -0.226844445 0.003120734 0.999349177 0.035935551 -0.008129545 0.910713673 -0.017682748 0.412659645 0.767080128
0.359177768 0.030623807 -0.932766616 -0.249612182 0.008093292 0.999321699 0.035925351 -0.007568682 0.933234096 -0.020452736 0.358686328 0.774540424
0.305830657 0.029091850 -0.951641381 -0.273932219 0.010565986 0.999367774 0.033946466 -0.006626422 0.952027321 -0.020436896 0.305329919 0.780766726
0.253123313 0.035555158 -0.966780424 -0.299611956 0.010330027 0.999168038 0.039450888 -0.005868036 0.967378914 -0.019972807 0.252545446 0.785550117
0.201676652 0.040247023 -0.978624880 -0.326363385 0.012824235 0.998961210 0.043726217 -0.004860435 0.979368210 -0.021368673 0.200951010 0.789779663
0.153673634 0.040977083 -0.987271607 -0.353578389 0.018309712 0.998850048 0.044307642 -0.003877144 0.987952054 -0.024885572 0.152746633 0.792816639
0.108525120 0.042966574 -0.993164718 -0.382940114 0.020550292 0.998754978 0.045453992 -0.003466880 0.993881226 -0.025342725 0.107507028 0.795536458
0.068031095 0.041322373 -0.996827006 -0.412317544 0.020699119 0.998868346 0.042819656 -0.002723390 0.997468412 -0.023546513 0.067098774 0.796575367
0.032735426 0.036927339 -0.998781621 -0.444043785 0.017176654 0.999148786 0.037503880 -0.001225632 0.999316454 -0.018383434 0.032073274 0.796159863
0.004538214 0.036609057 -0.999319255 -0.475580007 0.014639186 0.999220073 0.036671896 0.000071464 0.999882519 -0.014795648 0.003998743 0.795050561
-0.016235888 0.040780459 -0.999036193 -0.509326935 0.013776736 0.999082148 0.040558442 0.001361478 0.999773264 -0.013104958 -0.016782816 0.793557644
-0.030139504 0.047271639 -0.998427272 -0.545448601 0.015118181 0.998788357 0.046832364 0.002209255 0.999431372 -0.013682902 -0.030817647 0.792626262
-0.036819659 0.049813341 -0.998079658 -0.581075728 0.014455986 0.998678863 0.049309969 0.003392421 0.999217391 -0.012612651 -0.037491117 0.790216327
-0.041686542 0.046660140 -0.998040676 -0.616776645 0.015718322 0.998815954 0.046039861 0.004674980 0.999007106 -0.013768283 -0.042370602 0.789529920
-0.041313063 0.043205187 -0.998211682 -0.657632589 0.023534654 0.998829484 0.042257898 0.006213563 0.998869061 -0.021746768 -0.042281523 0.787773669
-0.036874056 0.041621849 -0.998452783 -0.695254087 0.034952547 0.998574555 0.040336099 0.007494926 0.998708546 -0.033411112 -0.038276281 0.786901951
-0.030525822 0.041994605 -0.998651445 -0.735159516 0.034891974 0.998552799 0.040923916 0.008782847 0.998924851 -0.033595685 -0.031946920 0.785505056
-0.024159713 0.041385740 -0.998851061 -0.774999142 0.032611333 0.998643517 0.040588360 0.009067655 0.999176085 -0.031593271 -0.025476582 0.782988191
-0.023135470 0.033731017 -0.999163151 -0.821594238 0.037207887 0.998767257 0.032856118 0.011882370 0.999039710 -0.036416605 -0.024362015 0.783710301
-0.020404235 0.023774080 -0.999509156 -0.863188148 0.035172272 0.999115527 0.023046706 0.011906561 0.999172986 -0.034684755 -0.021222377 0.782154083
-0.019863365 0.015759097 -0.999678493 -0.906857133 0.028191272 0.999487042 0.015195925 0.012348752 0.999405205 -0.027880369 -0.020297449 0.780434251
-0.021660991 0.011909255 -0.999694467 -0.955073416 0.022036154 0.999691725 0.011431752 0.014163468 0.999522507 -0.021781800 -0.021916751 0.779555380
-0.024576159 0.018198360 -0.999532342 -1.000630975 0.012462211 0.999762118 0.017896129 0.014396557 0.999620199 -0.012016565 -0.024797108 0.776790500
-0.029589057 0.026162414 -0.999219716 -1.049739122 0.007408038 0.999635696 0.025953934 0.015257285 0.999534667 -0.006634307 -0.029772090 0.775134861
-0.034132596 0.035413142 -0.998789728 -1.098393321 0.005853545 0.999361992 0.035233390 0.016723083 0.999400139 -0.004643853 -0.034318112 0.772976518
-0.035993751 0.045783181 -0.998302758 -1.148568511 0.004969039 0.998946011 0.045633513 0.017696571 0.999339640 -0.003318084 -0.036183316 0.771363020
-0.036752675 0.053682175 -0.997881532 -1.198217511 0.006548602 0.998547673 0.053476825 0.019266997 0.999302924 -0.004569313 -0.037050843 0.769023120
-0.038631976 0.054387871 -0.997772217 -1.249882221 0.007670258 0.998504341 0.054130808 0.021406975 0.999224067 -0.005561989 -0.038991354 0.767214060
-0.040379416 0.051555939 -0.997853458 -1.299203038 0.006256558 0.998661339 0.051344510 0.023408499 0.999164879 -0.004169866 -0.040647920 0.765274167
-0.043277226 0.046656281 -0.997973084 -1.350633621 0.005969887 0.998903215 0.046440881 0.025185041 0.999045253 -0.003947954 -0.043508302 0.762294888
-0.047245868 0.041394141 -0.998025298 -1.401055455 0.005672028 0.999135911 0.041171703 0.026774496 0.998867214 -0.003715635 -0.047439836 0.758920729
-0.053287532 0.036966491 -0.997894764 -1.452896357 0.006361256 0.999306858 0.036679119 0.028257709 0.998558879 -0.004393323 -0.053485755 0.756245375
-0.060048159 0.035208073 -0.997574389 -1.504276514 0.005036219 0.999375761 0.034968503 0.029511966 0.998182774 -0.002924208 -0.060187984 0.752873003
-0.066481143 0.037266418 -0.997091532 -1.555231929 0.005107131 0.999301970 0.037008509 0.031018656 0.997774541 -0.002631909 -0.066625059 0.749319196
-0.072846837 0.042009044 -0.996457934 -1.610254288 0.003728937 0.999116957 0.041848537 0.032849379 0.997336268 -0.000667195 -0.072939150 0.744469821
-0.078812808 0.044988543 -0.995873690 -1.662304878 0.000311266 0.998982191 0.045104332 0.034414545 0.996889353 0.003244817 -0.078746609 0.739697397
-0.083542131 0.046951413 -0.995397508 -1.714421391 -0.002519523 0.998876333 0.047326960 0.036333784 0.996501029 0.006461722 -0.083329953 0.734567702
-0.086602546 0.048414003 -0.995065868 -1.769783616 -0.006829163 0.998766184 0.049188394 0.038179867 0.996219456 0.011055307 -0.086165078 0.730604291
-0.088020593 0.049508125 -0.994887590 -1.822351694 -0.010636894 0.998660505 0.050636943 0.040323101 0.996061921 0.015039609 -0.087376073 0.725419223
-0.089483589 0.049408279 -0.994762063 -1.875316381 -0.011597379 0.998649359 0.050644599 0.042007376 0.995920777 0.016068490 -0.088789724 0.719923913
-0.091318861 0.048612900 -0.994634390 -1.930305600 -0.011965899 0.998682082 0.049909342 0.043689258 0.995749950 0.016459357 -0.090616800 0.715188980
-0.092362128 0.047415938 -0.994595885 -1.983784199 -0.013754210 0.998709440 0.048889328 0.046027627 0.995630503 0.018195404 -0.091590770 0.710070670
-0.093321942 0.046772514 -0.994536757 -2.038486958 -0.015531495 0.998705924 0.048425987 0.047721066 0.995514810 0.019965848 -0.092474751 0.704491854
-0.093981110 0.044101592 -0.994596601 -2.092125893 -0.020600107 0.998718262 0.046230890 0.049556155 0.995360851 0.024833631 -0.092952155 0.698607981
-0.093732737 0.038990833 -0.994833529 -2.146514177 -0.025765838 0.998803079 0.041574061 0.051478960 0.995263934 0.029529572 -0.092615925 0.692613184
-0.093533203 0.038277529 -0.994880080 -2.202737331 -0.027300697 0.998786271 0.040994484 0.053486262 0.995241761 0.030995263 -0.092374690 0.687542319
-0.091869913 0.042514425 -0.994862974 -2.258280993 -0.028215209 0.998575866 0.045278590 0.054634955 0.995371163 0.032230008 -0.090539515 0.682302177
-0.090465836 0.045677613 -0.994851530 -2.313368082 -0.028295428 0.998426497 0.048414771 0.056417253 0.995497465 0.032529630 -0.089031026 0.677684069
-0.088418394 0.045304354 -0.995052636 -2.369297266 -0.025933051 0.998521745 0.047766659 0.058558486 0.995745778 0.030028196 -0.087112829 0.671531320
-0.085338101 0.044652689 -0.995350957 -2.421509504 -0.025628626 0.998566329 0.046994250 0.060701624 0.996022403 0.029519876 -0.084071368 0.665567935
-0.081590436 0.044521231 -0.995671093 -2.481214762 -0.029639721 0.998451471 0.047074392 0.063205637 0.996225059 0.033352230 -0.080144502 0.661904573
-0.076067671 0.045367610 -0.996069968 -2.537713766 -0.035097148 0.998223484 0.048145980 0.065088987 0.996484876 0.038621567 -0.074340247 0.656422734
-0.070113212 0.044212304 -0.996558726 -2.593944550 -0.040009566 0.998088777 0.047095068 0.067581557 0.996736407 0.043173868 -0.068210304 0.651978493
-0.064315096 0.043333288 -0.996988356 -2.650499344 -0.041278005 0.998086333 0.046043821 0.070011772 0.997075558 0.044115011 -0.062403295 0.648119092
-0.058656275 0.042550031 -0.997370958 -2.707420111 -0.040272962 0.998176992 0.044952910 0.072194330 0.997465551 0.042803854 -0.056835730 0.643995643
-0.053632393 0.041663952 -0.997691214 -2.765065432 -0.038883507 0.998284280 0.043778960 0.074810572 0.997803450 0.041141707 -0.051920332 0.641419590
-0.047376603 0.042527139 -0.997971416 -2.820317030 -0.037701804 0.998305202 0.044331171 0.076167166 0.998165250 0.039725594 -0.045692965 0.637137532
-0.041441187 0.044235878 -0.998161256 -2.877567291 -0.036666259 0.998279095 0.045763392 0.077994175 0.998467863 0.038495328 -0.039747916 0.634425819
-0.036305644 0.044374820 -0.998355091 -2.935652494 -0.037985861 0.998230338 0.045750655 0.080938689 0.998618484 0.039584387 -0.034555793 0.632593632
-0.031028569 0.044933733 -0.998507977 -2.993145227 -0.036626544 0.998266935 0.046061046 0.081215709 0.998847127 0.038001109 -0.029329028 0.630334616
-0.026291594 0.040564351 -0.998830914 -3.049995899 -0.036809333 0.998459458 0.041518174 0.082973719 0.998976290 0.037857886 -0.024757944 0.628416300
-0.021089053 0.034299150 -0.999189079 -3.107664108 -0.036851283 0.998705506 0.035060339 0.085144244 0.999098182 0.037560791 -0.019797783 0.625956953
-0.017758403 0.034918427 -0.999232352 -3.165970087 -0.036414627 0.998704374 0.035547137 0.085122555 0.999179065 0.037017930 -0.016463850 0.625168681
-0.014566608 0.037619162 -0.999185920 -3.224586725 -0.035437621 0.998644769 0.038115416 0.085988820 0.999265730 0.035963986 -0.013213732 0.624069989
-0.012778917 0.036718126 -0.999243975 -3.283067465 -0.035921466 0.998663664 0.037156187 0.087872699 0.999272823 0.036369126 -0.011442871 0.623578191
-0.011298312 0.036097348 -0.999284446 -3.341213942 -0.037973654 0.998611808 0.036502399 0.089753844 0.999214828 0.038358893 -0.009911878 0.621895492
-0.010849224 0.037138574 -0.999251366 -3.401072025 -0.039097302 0.998530090 0.037536275 0.091134101 0.999176502 0.039475270 -0.009381260 0.621127784
-0.010030939 0.036794070 -0.999272585 -3.459949732 -0.039721832 0.998519361 0.037165076 0.092388272 0.999160409 0.040065736 -0.008554558 0.620778441
-0.008492639 0.034718111 -0.999360979 -3.519023895 -0.040332589 0.998571873 0.035033450 0.093787044 0.999150157 0.040604338 -0.007080240 0.619071960
-0.007918688 0.033182532 -0.999417901 -3.579162836 -0.038737137 0.998688936 0.033465255 0.095246315 0.999218047 0.038979586 -0.006622908 0.618465185
-0.007523743 0.033328172 -0.999416053 -3.638193607 -0.035230972 0.998815119 0.033573348 0.096029356 0.999350846 0.035463009 -0.006340644 0.617837846
-0.007389165 0.033460662 -0.999412715 -3.698148727 -0.033124153 0.998883367 0.033687841 0.097445652 0.999423921 0.033353634 -0.006272558 0.617426217
-0.007421719 0.036846668 -0.999293387 -3.758521080 -0.033045255 0.998766065 0.037072644 0.098098397 0.999426425 0.033297058 -0.006194953 0.616837502
-0.006767161 0.041767560 -0.999104381 -3.818137169 -0.035241768 0.998496652 0.041980848 0.098076798 0.999355912 0.035494298 -0.005285024 0.615440190
-0.005438937 0.041226905 -0.999135137 -3.878316164 -0.037120704 0.998452842 0.041400831 0.100205816 0.999296010 0.037313771 -0.003900151 0.613582611
-0.005434591 0.038806733 -0.999231935 -3.937381983 -0.038840059 0.998484492 0.038988952 0.101605132 0.999230683 0.039022114 -0.003919099 0.613463104
-0.004871992 0.035976104 -0.999340773 -3.997350454 -0.038453642 0.998606741 0.036137141 0.103585243 0.999248505 0.038604353 -0.003481793 0.612169445
-0.003038575 0.035446268 -0.999366999 -4.054349422 -0.036340740 0.998707473 0.035533369 0.104522780 0.999334812 0.036425706 -0.001746504 0.611250162
-0.004924594 0.037096277 -0.999299586 -4.116004944 -0.034688998 0.998703897 0.037245113 0.105851710 0.999385953 0.034848120 -0.003631379 0.611110926
-0.003063584 0.039999001 -0.999195039 -4.174790382 -0.034194048 0.998611212 0.040080465 0.106977969 0.999410510 0.034289315 -0.001691602 0.609529614
-0.004272135 0.041975118 -0.999109507 -4.233657837 -0.034647960 0.998512506 0.042098191 0.108482525 0.999390423 0.034796953 -0.002811429 0.610518992
-0.003716197 0.042308349 -0.999097705 -4.293014050 -0.036712583 0.998425424 0.042416435 0.109665148 0.999318957 0.036837090 -0.002157096 0.609184921
-0.002509690 0.040123001 -0.999191523 -4.351190090 -0.036068741 0.998540878 0.040187471 0.111148730 0.999346077 0.036140438 -0.001058842 0.608537197
-0.003047939 0.039069444 -0.999231815 -4.409790039 -0.034470405 0.998638570 0.039151393 0.112120539 0.999401093 0.034563258 -0.001697049 0.608486116
-0.003496180 0.039976213 -0.999194503 -4.467641830 -0.032887623 0.998655558 0.040069725 0.113696098 0.999452949 0.033001218 -0.002176756 0.608705163
-0.002656133 0.042827692 -0.999078929 -4.526719570 -0.029889112 0.998632669 0.042888023 0.115200579 0.999549627 0.029975500 -0.001372420 0.607819915
-0.002696069 0.045377914 -0.998966277 -4.583799362 -0.029116921 0.998542786 0.045437250 0.116665967 0.999572337 0.029209323 -0.001370875 0.607608378
-0.001031278 0.047046524 -0.998892188 -4.643054008 -0.029550644 0.998454928 0.047056444 0.118368492 0.999562740 0.029566430 0.000360570 0.606055439
-0.001512066 0.049058490 -0.998794854 -4.700974464 -0.032077663 0.998279452 0.049081746 0.120132297 0.999484241 0.032113213 0.000064217 0.606253326
-0.000491775 0.048574623 -0.998819470 -4.758895397 -0.033810016 0.998247743 0.048563462 0.121109992 0.999428153 0.033793971 0.001151396 0.604747951
-0.000568186 0.043822758 -0.999039173 -4.816191196 -0.035787877 0.998398423 0.043815006 0.123441808 0.999359310 0.035778385 0.001001048 0.604445696
-0.000610071 0.042662982 -0.999089360 -4.874147415 -0.037763450 0.998375773 0.042655576 0.124916062 0.999286532 0.037755072 0.001002021 0.604227006
0.000102531 0.040704291 -0.999171257 -4.931803226 -0.038235143 0.998440802 0.040670604 0.126646429 0.999268770 0.038199276 0.001658705 0.603626370
0.000328708 0.041381270 -0.999143362 -4.989634991 -0.036696553 0.998470962 0.041341346 0.127983630 0.999326408 0.036651529 0.001846756 0.603040993
0.000918314 0.043407667 -0.999056995 -5.049011230 -0.037359010 0.998361468 0.043343108 0.129879355 0.999301553 0.037283987 0.002538477 0.602471590
0.000522370 0.045507371 -0.998963892 -5.105054855 -0.035482358 0.998335779 0.045460206 0.130931959 0.999370158 0.035421848 0.002136210 0.602536857
-0.000638968 0.043967173 -0.999032795 -5.161699295 -0.038890358 0.998276114 0.043958750 0.133274436 0.999243259 0.038880836 0.001072033 0.602474153
-0.000709878 0.045695979 -0.998955071 -5.220270634 -0.042090833 0.998068750 0.045685343 0.133999452 0.999113500 0.042079289 0.001214875 0.601600349
-0.001364361 0.044899330 -0.998990476 -5.277759552 -0.044781383 0.997986555 0.044915363 0.135283306 0.998995900 0.044797461 0.000649040 0.601779461
-0.001094055 0.041735619 -0.999128044 -5.336773396 -0.046785168 0.998032451 0.041741084 0.136943191 0.998904288 0.046790045 0.000860706 0.600407839
-0.001883677 0.038013566 -0.999275386 -5.397309780 -0.047428478 0.998149216 0.038060129 0.138550580 0.998872817 0.047465809 -0.000077265 0.600044847
-0.002537474 0.036757603 -0.999320984 -5.455034256 -0.043865375 0.998358190 0.036833577 0.140193641 0.999034166 0.043929055 -0.000920921 0.599649549
-0.002028200 0.035269342 -0.999375761 -5.515759468 -0.038587581 0.998630702 0.035321362 0.142447606 0.999253154 0.038635135 -0.000664464 0.598658979
-0.003310230 0.037586726 -0.999288023 -5.574819088 -0.038392961 0.998551846 0.037686225 0.143488914 0.999257207 0.038490374 -0.001862371 0.598798096
-0.003959757 0.041417781 -0.999134123 -5.635437965 -0.037403140 0.998436630 0.041537113 0.144844651 0.999292374 0.037535235 -0.002404411 0.598314047
-0.004141256 0.041380581 -0.999134898 -5.697041035 -0.035737045 0.998499095 0.041502379 0.146885902 0.999352753 0.035877988 -0.002656220 0.597702503
-0.005214894 0.038091596 -0.999260724 -5.756707191 -0.036168754 0.998613238 0.038255680 0.147388607 0.999332130 0.036341514 -0.003829936 0.597239971
-0.007047242 0.034467999 -0.999380946 -5.817871094 -0.035960365 0.998750687 0.034699835 0.148994625 0.999328375 0.036182649 -0.005798956 0.597498655
-0.006674638 0.032369222 -0.999453664 -5.880576134 -0.035150863 0.998850644 0.032584444 0.150570795 0.999359727 0.035349146 -0.005529161 0.596062064
-0.006821777 0.033865839 -0.999403059 -5.943085670 -0.036745254 0.998742878 0.034094293 0.151736379 0.999301374 0.036955904 -0.005568792 0.594714701
-0.007223122 0.038452320 -0.999234319 -6.005345345 -0.041953254 0.998368859 0.038722288 0.153337881 0.999093473 0.042200841 -0.005598139 0.593494117
-0.007950874 0.041983981 -0.999086678 -6.068397522 -0.047000993 0.997998297 0.042312287 0.154652014 0.998863220 0.047294486 -0.005961670 0.592610955
-0.007392212 0.041353703 -0.999117136 -6.131241322 -0.054569688 0.997639000 0.041696262 0.156919599 0.998482585 0.054829739 -0.005118100 0.590957642
-0.007341763 0.039665259 -0.999185979 -6.194236755 -0.057849821 0.997522652 0.040024292 0.158199072 0.998298287 0.058096591 -0.005028947 0.589955032
-0.007635047 0.038159352 -0.999242485 -6.257168770 -0.060308322 0.997435033 0.038551141 0.159965143 0.998150587 0.060556982 -0.005314136 0.588989079
-0.007644228 0.038106523 -0.999244452 -6.320661068 -0.060112260 0.997448921 0.038497914 0.160695285 0.998162389 0.060361132 -0.005334057 0.587383986
-0.008693174 0.036795657 -0.999285102 -6.382792473 -0.058175921 0.997611523 0.037240136 0.162422359 0.998268485 0.058458060 -0.006531790 0.587418556
-0.009392493 0.037454020 -0.999254167 -6.445231915 -0.058218092 0.997582793 0.037938584 0.164128393 0.998259723 0.058531012 -0.007189287 0.587126791
-0.009761645 0.042027738 -0.999068737 -6.508001328 -0.058513030 0.997380376 0.042528428 0.165582225 0.998238862 0.058873691 -0.007276902 0.585461259
-0.010274675 0.046485029 -0.998866081 -6.570373535 -0.056691468 0.997285247 0.046994593 0.166864127 0.998338819 0.057110045 -0.007611475 0.584481955
-0.009957526 0.045667689 -0.998907030 -6.633957386 -0.057389650 0.997283936 0.046165559 0.168033913 0.998302221 0.057786617 -0.007309628 0.583606243
-0.009248749 0.043991171 -0.998989046 -6.695544720 -0.056971543 0.997385919 0.044448026 0.170183346 0.998332977 0.057325047 -0.006718326 0.582355320
-0.007917812 0.043256011 -0.999032617 -6.758038521 -0.056546293 0.997446001 0.043635465 0.172255829 0.998368561 0.056837089 -0.005451623 0.581233799
-0.007048906 0.042658128 -0.999064863 -6.819091797 -0.056145884 0.997496724 0.042987309 0.173314273 0.998397708 0.056396399 -0.004636184 0.580622196
-0.006549586 0.044468164 -0.998989284 -6.881604195 -0.055815328 0.997437119 0.044765003 0.174931943 0.998419642 0.056052111 -0.004050795 0.580641568
-0.005018543 0.048789121 -0.998796642 -6.943882942 -0.057242677 0.997157395 0.048996661 0.176477537 0.998347700 0.057419684 -0.002211457 0.579218149
-0.004053848 0.049295790 -0.998776019 -7.005446434 -0.058772448 0.997045934 0.049448945 0.178885162 0.998263240 0.058900971 -0.001144638 0.578615606
-0.003263323 0.046471734 -0.998914301 -7.067834854 -0.061144792 0.997041225 0.046584342 0.180788606 0.998123586 0.061230429 -0.000412164 0.578923821
-0.002505014 0.043750145 -0.999039352 -7.128440380 -0.060240477 0.997221529 0.043821584 0.182131872 0.998180747 0.060292374 0.000137476 0.577160060
-0.002906835 0.042077772 -0.999110162 -7.189488888 -0.057593182 0.997448921 0.042175371 0.184254497 0.998335898 0.057664532 -0.000476026 0.577665746
-0.002686440 0.041862324 -0.999119699 -7.250530243 -0.055654787 0.997568548 0.041946970 0.184707701 0.998446405 0.055718489 -0.000350069 0.576418638
-0.002609883 0.041814614 -0.999121964 -7.311949253 -0.052335579 0.997750461 0.041893926 0.186515391 0.998626173 0.052398968 -0.000415619 0.576214194
-0.002688418 0.040450379 -0.999177873 -7.374627590 -0.051656570 0.997841835 0.040535282 0.188241243 0.998661220 0.051723082 -0.000593088 0.575552881
-0.002522533 0.040765483 -0.999165475 -7.436244965 -0.050594389 0.997883797 0.040840924 0.189620018 0.998716056 0.050655201 -0.000454690 0.574537933
-0.002510592 0.043102350 -0.999067485 -7.497128010 -0.048889223 0.997870684 0.043173563 0.191756666 0.998801053 0.048952024 -0.000398006 0.574249506
-0.002323054 0.044288840 -0.999016106 -7.558295250 -0.046814550 0.997918606 0.044349048 0.193711713 0.998900950 0.046871506 -0.000244856 0.573456168
-0.002725899 0.042554349 -0.999090433 -7.620020390 -0.044174403 0.998113692 0.042633276 0.195565924 0.999020040 0.044250440 -0.000840944 0.573466957
-0.003341849 0.042797148 -0.999078214 -7.681191444 -0.044844061 0.998072267 0.042904053 0.197150141 0.998988390 0.044946101 -0.001416209 0.573135614
-0.003097660 0.047457360 -0.998868406 -7.742263794 -0.046441190 0.997788608 0.047550090 0.199127346 0.998916209 0.046535932 -0.000886834 0.572404206
-0.003456673 0.053925272 -0.998539031 -7.802739620 -0.051403768 0.997215152 0.054031737 0.201594040 0.998671949 0.051515430 -0.000675084 0.572556794
-0.000943474 0.054559093 -0.998510122 -7.865008831 -0.056323495 0.996922553 0.054525569 0.202934995 0.998412132 0.056291029 0.002132388 0.570386767
0.000302680 0.051090602 -0.998694003 -7.925625801 -0.059888788 0.996902406 0.050980795 0.204923034 0.998205006 0.059795145 0.003361497 0.570001721
0.002078515 0.045599926 -0.998957634 -7.986382484 -0.061396874 0.997080982 0.045386516 0.206660122 0.998111248 0.061238535 0.004872140 0.569463015
0.002507953 0.043687705 -0.999042094 -8.046599388 -0.064392619 0.996978819 0.043435827 0.208495513 0.997921467 0.064222001 0.005313542 0.570186794
0.004244466 0.040884331 -0.999154866 -8.107665062 -0.059249189 0.997418940 0.040561602 0.209707588 0.998234153 0.059026957 0.006655874 0.569162428
0.004185889 0.035732590 -0.999352634 -8.167436600 -0.056486093 0.997774184 0.035439555 0.211817950 0.998394549 0.056301177 0.006194967 0.569318950
0.004026849 0.032531183 -0.999462605 -8.228403091 -0.049850728 0.998234570 0.032290369 0.212867945 0.998748481 0.049693912 0.005641444 0.569572747
0.002373161 0.035611272 -0.999362826 -8.288833618 -0.047595687 0.998237193 0.035458125 0.214031041 0.998863876 0.047481216 0.004063920 0.570757985
0.003248164 0.041902181 -0.999116421 -8.350908279 -0.048429415 0.997955918 0.041696064 0.215469882 0.998821318 0.048251197 0.005270822 0.570370555
0.004602850 0.044787887 -0.998985887 -8.412121773 -0.049534597 0.997780263 0.044505615 0.217397526 0.998761833 0.049279515 0.006811183 0.570422590
0.007070302 0.041421294 -0.999116778 -8.471547127 -0.051519305 0.997829914 0.041003373 0.218958899 0.998646975 0.051183887 0.009188956 0.569891572
0.008406419 0.041527804 -0.999101996 -8.532877922 -0.053719580 0.997713387 0.041018087 0.220605701 0.998520672 0.053326525 0.010618052 0.569158912
0.008830756 0.042954039 -0.999037981 -8.592102051 -0.051735651 0.997758567 0.042441718 0.221742094 0.998621881 0.051311083 0.011033216 0.569962025
0.010138405 0.040720340 -0.999119103 -8.653418541 -0.051921722 0.997844100 0.040141497 0.223597810 0.998599768 0.051469021 0.012230817 0.570012152
0.011271365 0.039209660 -0.999167383 -8.709980011 -0.051816773 0.997911394 0.038575832 0.224647790 0.998592973 0.051338837 0.013279540 0.570185721
0.012929047 0.041247007 -0.999065280 -8.766778946 -0.053076599 0.997768641 0.040506594 0.225682780 0.998506725 0.052503284 0.015089446 0.570570827
0.014973937 0.042961180 -0.998964548 -8.823483467 -0.053086292 0.997701526 0.042111129 0.226955533 0.998477638 0.052400757 0.017220167 0.569939077
0.015426366 0.043736916 -0.998924017 -8.878210068 -0.053481534 0.997648776 0.042855170 0.228807181 0.998449624 0.052762885 0.017729208 0.570513308
0.016007988 0.045625418 -0.998830378 -8.930157661 -0.054467335 0.997514784 0.044692408 0.229146421 0.998387158 0.053688187 0.018453300 0.570552230
0.016201636 0.046195067 -0.998800993 -8.981631279 -0.053716399 0.997529685 0.045264937 0.230366945 0.998424709 0.052918628 0.018643050 0.570903897
0.016341234 0.045465562 -0.998832166 -9.032843590 -0.053791381 0.997558892 0.044527553 0.231420085 0.998418450 0.053000923 0.018746996 0.571626902
0.018051246 0.045971636 -0.998779535 -9.080554008 -0.054689135 0.997492313 0.044923961 0.231795549 0.998340249 0.053811457 0.020520128 0.572129607
0.019451447 0.046120986 -0.998746455 -9.128764153 -0.055573538 0.997440994 0.044978358 0.233644903 0.998265088 0.054628972 0.021964772 0.572823048
0.019080522 0.044629298 -0.998821437 -9.174921036 -0.054552771 0.997561514 0.043530881 0.234611675 0.998328567 0.053657878 0.021468647 0.573064506
0.015572743 0.041774701 -0.999005616 -9.221178055 -0.052034736 0.997806847 0.040913437 0.234919652 0.998523831 0.051345862 0.017712323 0.574133575
0.010961376 0.038407039 -0.999201953 -9.266662598 -0.051743373 0.997945130 0.037791096 0.235586539 0.998600245 0.051287845 0.012926158 0.573840082
0.006088060 0.035109252 -0.999364913 -9.312347412 -0.053743068 0.997950554 0.034732170 0.236850321 0.998536229 0.053497486 0.007962462 0.573904812
0.002420715 0.034156442 -0.999413550 -9.357201576 -0.056057602 0.997849584 0.033967208 0.237883896 0.998424649 0.055942502 0.004330236 0.573301315
-0.000462419 0.035193723 -0.999380410 -9.403913498 -0.057508189 0.997725606 0.035162043 0.238461077 0.998344839 0.057488821 0.001562559 0.573025286
-0.002776084 0.036683299 -0.999323130 -9.449143410 -0.056501232 0.997724712 0.036781579 0.239476770 0.998398602 0.056565091 -0.000697117 0.572861493
-0.004006044 0.038784221 -0.999239504 -9.494781494 -0.053637791 0.997800708 0.038943417 0.239775151 0.998552382 0.053753015 -0.001916934 0.572443545
-0.005809030 0.039008964 -0.999221981 -9.540793419 -0.051512454 0.997900426 0.039256841 0.240636006 0.998655379 0.051700428 -0.003787387 0.572332263
-0.005753863 0.037792791 -0.999269009 -9.585579872 -0.052561630 0.997892797 0.038043395 0.241850540 0.998601079 0.052742112 -0.003755288 0.570993900
-0.006557764 0.037432868 -0.999277532 -9.629844666 -0.053806346 0.997838259 0.037732050 0.242147803 0.998529851 0.054014917 -0.004529461 0.570384145
-0.006022593 0.035922404 -0.999336421 -9.674940109 -0.058087666 0.997654617 0.036212012 0.243801773 0.998293340 0.058267221 -0.003921818 0.569414139
-0.005059881 0.034387738 -0.999395728 -9.720116615 -0.060642000 0.997558594 0.034631550 0.244397059 0.998146713 0.060780600 -0.002962186 0.568737328
-0.003885727 0.031521030 -0.999495506 -9.765184402 -0.060434394 0.997668743 0.031698368 0.245537221 0.998164594 0.060527086 -0.001971714 0.567921221
-0.002356276 0.029551359 -0.999560535 -9.810438156 -0.060183026 0.997747242 0.029639622 0.245804131 0.998184562 0.060226414 -0.000572477 0.566865206
-0.001876387 0.029097531 -0.999574840 -9.855780602 -0.060141724 0.997763872 0.029157713 0.246530265 0.998188078 0.060170874 -0.000122215 0.566371202
-0.000687489 0.032060340 -0.999485672 -9.902981758 -0.057415001 0.997836053 0.032046907 0.247200981 0.998350143 0.057407510 0.001154743 0.566021442
-0.000929254 0.033028476 -0.999454021 -9.949488640 -0.057238176 0.997814178 0.033027500 0.248099148 0.998360097 0.057237625 0.000963267 0.565970480
0.000302007 0.029950086 -0.999551356 -9.996502876 -0.052311093 0.998183310 0.029893290 0.248371378 0.998630762 0.052278597 0.001868180 0.565718949
0.000325613 0.026804119 -0.999640703 -10.043272972 -0.050294727 0.998375893 0.026753832 0.249221295 0.998734355 0.050267946 0.001673190 0.565750182
0.002198292 0.026639516 -0.999642670 -10.091063499 -0.054916590 0.998139799 0.026478698 0.250557303 0.998488486 0.054838765 0.003657154 0.564204216
0.004524920 0.031107616 -0.999505758 -10.138968468 -0.055808194 0.997966051 0.030807044 0.251084030 0.998431265 0.055641208 0.006251777 0.563567281
0.006674050 0.029517030 -0.999541998 -10.187883377 -0.053939793 0.998119652 0.029114861 0.252654076 0.998521864 0.053720772 0.008253643 0.563178122
0.008366700 0.030644542 -0.999495327 -10.236952782 -0.052979957 0.998140097 0.030159498 0.253778964 0.998560488 0.052700896 0.009974685 0.563748538
0.010506120 0.035877727 -0.999300957 -10.286348343 -0.053603366 0.997939348 0.035265289 0.254585266 0.998506963 0.053195387 0.012407637 0.563797772
0.012868137 0.040013332 -0.999116242 -10.336211205 -0.050858095 0.997931957 0.039310869 0.255570948 0.998622954 0.050307292 0.014876528 0.564026117
0.013154447 0.041082747 -0.999069273 -10.387090683 -0.050296322 0.997917891 0.040373188 0.256754577 0.998647630 0.049718417 0.015193374 0.564900875
0.015506163 0.041400932 -0.999022365 -10.437966347 -0.054015271 0.997718096 0.040508494 0.258538604 0.998419642 0.053334333 0.017707063 0.565163314
0.019737482 0.043683697 -0.998850346 -10.489473343 -0.057042371 0.997466922 0.042496018 0.259759367 0.998176634 0.056138039 0.022179306 0.564994812
0.023793487 0.044402540 -0.998730361 -10.540943146 -0.057635859 0.997412384 0.042970851 0.260908246 0.998054087 0.056540247 0.026291100 0.565428019
0.025889141 0.043963496 -0.998697639 -10.593002319 -0.059981771 0.997300863 0.042347103 0.261349827 0.997863650 0.058807317 0.028456274 0.567231059
0.029908027 0.039384853 -0.998776376 -10.643890381 -0.061337389 0.997412741 0.037494339 0.263596088 0.997668922 0.060140964 0.032246403 0.567623377
0.030480629 0.038879585 -0.998778880 -10.694961548 -0.060476501 0.997484267 0.036983564 0.264636070 0.997704148 0.059275370 0.032755248 0.569734395
0.031603001 0.039880596 -0.998704553 -10.745916367 -0.060080655 0.997472644 0.037930213 0.266505837 0.997693121 0.058804121 0.033919185 0.571381509
0.034609627 0.044156462 -0.998424947 -10.799364090 -0.062011156 0.997193396 0.041952416 0.267690003 0.997475207 0.060461536 0.037250683 0.571797848
0.036199965 0.043830894 -0.998382986 -10.851792336 -0.062968165 0.997152567 0.041493751 0.268982232 0.997358799 0.061364263 0.038856849 0.573205948
0.036783237 0.040520523 -0.998501360 -10.903991699 -0.060052603 0.997461498 0.038266074 0.270942569 0.997517228 0.058555067 0.039123230 0.575570226
0.035775255 0.037224308 -0.998666465 -10.957171440 -0.058370046 0.997677922 0.035096474 0.272693694 0.997653663 0.057036620 0.037864964 0.578205943
0.035872635 0.036622122 -0.998685062 -11.010023117 -0.054992985 0.997886479 0.034617499 0.272940367 0.997842133 0.053678852 0.037810780 0.580198884
0.036265869 0.035420336 -0.998714209 -11.063630104 -0.055010162 0.997927129 0.033394866 0.274283201 0.997826934 0.053728342 0.038139172 0.581625938
0.035559364 0.035515431 -0.998736262 -11.114127159 -0.055656426 0.997887790 0.033503637 0.275206089 0.997816503 0.054394718 0.037460916 0.583624005
0.036619470 0.037030008 -0.998642981 -11.168637276 -0.057275508 0.997748315 0.034896586 0.275862038 0.997686565 0.055919889 0.038657926 0.584684849
