0.999999106 0.000948876 0.000948751 -0.000193214 -0.000952403 0.999992609 0.003723331 -0.001067304 -0.000945211 -0.003724231 0.999992549 0.058046434
0.999997020 0.000893519 0.002283871 -0.000242162 -0.000911366 0.999969065 0.007825633 -0.001583844 -0.002276808 -0.007827693 0.999966741 0.085365288
0.999993622 0.000064239 0.003573873 -0.000250746 -0.000104935 0.999935150 0.011388023 -0.002051930 -0.003572909 -0.011388326 0.999928772 0.111712791
0.999988019 -0.000795865 0.004820851 -0.000328298 0.000729846 0.999906182 0.013680827 -0.002455188 -0.004831286 -0.013677148 0.999894857 0.137378797
0.999982774 -0.000094710 0.005872014 -0.000127589 0.000015249 0.999908447 0.013530634 -0.002769066 -0.005872757 -0.013530314 0.999891222 0.161864221
0.999973714 0.000849723 0.007200791 -0.000242606 -0.000928185 0.999940157 0.010899925 -0.003077738 -0.007191097 -0.010906322 0.999914646 0.184940681
0.999964237 0.001001559 0.008401587 -0.000402386 -0.001065942 0.999970078 0.007662206 -0.003044594 -0.008393662 -0.007670889 0.999935329 0.207395062
0.999951541 -0.001090310 0.009786204 0.000170317 0.001023435 0.999976099 0.006836055 -0.003726596 -0.009793422 -0.006825708 0.999928772 0.227981642
0.999917090 -0.004930262 0.011895692 0.000403767 0.004879446 0.999978840 0.004296978 -0.003936727 -0.011916626 -0.004238577 0.999920070 0.247973964
0.999885201 -0.006579077 0.013647371 0.000849739 0.006536280 0.999973595 0.003178039 -0.004192444 -0.013667920 -0.003088471 0.999901831 0.266401827
0.999873281 -0.002287830 0.015752418 0.001048265 0.002267852 0.999996603 0.001285953 -0.004731890 -0.015755307 -0.001250065 0.999875069 0.284212887
0.999824464 0.002033387 0.018626664 0.001164717 -0.002044355 0.999997735 0.000569789 -0.005102669 -0.018625461 -0.000607768 0.999826372 0.299655497
0.999747813 0.002473278 0.022324860 0.000985059 -0.002514423 0.999995172 0.001815085 -0.005442198 -0.022320259 -0.001870761 0.999749184 0.313957483
0.999677062 -0.001496807 0.025368277 0.001968394 0.001440620 0.999996483 0.002232968 -0.005664586 -0.025371531 -0.002195701 0.999675691 0.327802807
0.999593079 -0.006022322 0.027880762 0.002450404 0.005967148 0.999980092 0.002061712 -0.005863958 -0.027892625 -0.001894505 0.999609172 0.339782715
0.999500513 -0.010015515 0.029972808 0.003311958 0.009920012 0.999945223 0.003333288 -0.006012623 -0.030004548 -0.003034293 0.999545157 0.350529224
0.999411166 -0.010393189 0.032698672 0.003835993 0.010254297 0.999937654 0.004412442 -0.006269332 -0.032742489 -0.004074542 0.999455512 0.360249639
0.999352157 -0.009725051 0.034650575 0.004200892 0.009617737 0.999948442 0.003262383 -0.006347052 -0.034680508 -0.002927009 0.999394178 0.368860334
0.999284983 -0.008897580 0.036747489 0.004526607 0.008825899 0.999958754 0.002112431 -0.006698050 -0.036764771 -0.001786591 0.999322414 0.376537859
0.999197304 -0.006779722 0.039482158 0.004706452 0.006737383 0.999976516 0.001205326 -0.006744812 -0.039489403 -0.000938352 0.999219596 0.384021610
0.999143362 -0.003733661 0.041213397 0.004693041 0.003705162 0.999992847 0.000767881 -0.007164939 -0.041215975 -0.000614521 0.999150097 0.390462607
0.999074697 -0.002503582 0.042935863 0.004662081 0.002535226 0.999996603 -0.000682583 -0.007493008 -0.042934008 0.000790803 0.999077618 0.396857619
0.998994946 -0.003130325 0.044714160 0.005210939 0.003229306 0.999992430 -0.002141559 -0.007831279 -0.044707123 0.002283802 0.998997569 0.403264403
0.998930335 -0.004349837 0.046033654 0.005733123 0.004539347 0.999981642 -0.004013048 -0.007645718 -0.046015352 0.004217721 0.998931766 0.409524083
0.998862088 -0.005413679 0.047380302 0.006140117 0.005638813 0.999973476 -0.004619285 -0.007895232 -0.047354031 0.004881199 0.998866141 0.415041149
0.998791933 -0.004616167 0.048921693 0.006321901 0.004930837 0.999967873 -0.006313377 -0.007922840 -0.048890986 0.006546976 0.998782635 0.420601159
0.998733878 -0.003459868 0.050185174 0.006537241 0.003892396 0.999956071 -0.008523463 -0.008000314 -0.050153475 0.008708011 0.998703539 0.426136494
0.998699367 -0.003554535 0.050861076 0.006895140 0.004111798 0.999932587 -0.010856144 -0.008053615 -0.050819054 0.011051155 0.998646677 0.431378931
0.998632193 -0.004530299 0.052088656 0.006920928 0.005206050 0.999903977 -0.012844737 -0.008389305 -0.052025456 0.013098344 0.998559833 0.436992317
0.998673379 -0.005155199 0.051231131 0.007447107 0.005903292 0.999877989 -0.014461737 -0.008741197 -0.051150326 0.014744986 0.998582065 0.441828787
0.998760045 -0.006089194 0.049408648 0.007407686 0.006866428 0.999855161 -0.015576240 -0.008773174 -0.049306646 0.015896186 0.998657167 0.447201759
0.998905361 -0.005912723 0.046402350 0.007450114 0.006692489 0.999838710 -0.016667115 -0.008950588 -0.046296325 0.016959414 0.998783708 0.452586830
0.999075472 -0.005623478 0.042621564 0.007578695 0.006391913 0.999819100 -0.017914496 -0.008990891 -0.042513113 0.018170370 0.998930633 0.457247317
0.999303102 -0.005744558 0.036880746 0.007480823 0.006444164 0.999801099 -0.018878693 -0.009295136 -0.036764957 0.019103203 0.999141395 0.462486118
0.999539614 -0.005401762 0.029855963 0.007547195 0.005995613 0.999785304 -0.019836919 -0.009311756 -0.029742397 0.020006793 0.999357343 0.467929035
0.999723315 -0.005339877 0.022907402 0.007312009 0.005813082 0.999770045 -0.020640712 -0.009402227 -0.022791913 0.020768167 0.999524474 0.473212868
0.999880135 -0.005552134 0.014450509 0.007289090 0.005865667 0.999746323 -0.021745829 -0.009443819 -0.014326105 0.021827983 0.999659121 0.478511453
0.999969602 -0.006419041 0.004414156 0.006832117 0.006520330 0.999706507 -0.023328133 -0.009344689 -0.004263118 0.023356205 0.999718070 0.484301955
0.999930382 -0.008271169 -0.008404854 0.006559713 0.008060667 0.999660432 -0.024777813 -0.009769881 0.008606941 0.024708342 0.999657571 0.490402102
0.999652922 -0.008999310 -0.024757680 0.005589537 0.008333089 0.999603868 -0.026882511 -0.009998316 0.024989797 0.026666874 0.999331951 0.496857107
0.999002695 -0.008639229 -0.043804459 0.004494123 0.007415696 0.999579847 -0.028017700 -0.010024745 0.044028107 0.027664920 0.998647094 0.503732979
0.997797251 -0.007694898 -0.065889604 0.003404874 0.005864292 0.999592662 -0.027931418 -0.010330392 0.066077694 0.027483497 0.997435927 0.511382759
0.995973527 -0.006828106 -0.089387365 0.001472119 0.004447919 0.999630988 -0.026799938 -0.010582752 0.089537367 0.026294444 0.995636344 0.519884348
0.993212581 -0.005508957 -0.116183102 -0.000382263 0.002606257 0.999680996 -0.025120964 -0.011142575 0.116284445 0.024647653 0.992910087 0.528199852
0.989262998 -0.005076027 -0.146058187 -0.003318243 0.001649916 0.999720871 -0.023568757 -0.011215787 0.146137059 0.023074714 0.988995194 0.538151085
0.983826399 -0.005356549 -0.179045081 -0.006436564 0.001776174 0.999795437 -0.020151388 -0.011667819 0.179116398 0.019507449 0.983634472 0.547961831
0.976355076 -0.004211367 -0.216131896 -0.009961292 0.000714838 0.999867737 -0.016253378 -0.012098373 0.216171712 0.015714575 0.976228833 0.558424115
0.966596723 -0.002413302 -0.256290853 -0.014226943 -0.000455276 0.999937952 -0.011132743 -0.012483667 0.256301880 0.010877554 0.966535568 0.569715142
0.954789937 0.001111023 -0.297279239 -0.019221276 -0.003336090 0.999970078 -0.006977537 -0.012499595 0.297262549 0.007653832 0.954765081 0.580556631
0.940560162 0.003864751 -0.339604914 -0.024620935 -0.005194901 0.999981999 -0.003007719 -0.012703267 0.339587152 0.004593154 0.940563321 0.591803133
0.924108028 0.006786150 -0.382071078 -0.031784803 -0.006427137 0.999976814 0.002215880 -0.012890992 0.382077307 0.000407912 0.924130261 0.603596747
0.904622316 0.009988125 -0.426097095 -0.037661463 -0.006706041 0.999935150 0.009202231 -0.013026621 0.426161438 -0.005467118 0.904630601 0.614266813
0.882928967 0.014836346 -0.469272047 -0.045901716 -0.008651153 0.999845028 0.015333732 -0.013048535 0.469426841 -0.009478852 0.882920504 0.626375496
0.858136594 0.020315772 -0.513019264 -0.054607242 -0.011749275 0.999732316 0.019936571 -0.013442026 0.513286889 -0.011080698 0.858145535 0.637558460
0.829396665 0.022303201 -0.558214664 -0.063075930 -0.011562780 0.999674082 0.022761494 -0.013217748 0.558540344 -0.012423796 0.829384327 0.649225116
0.798597634 0.025909362 -0.601307273 -0.073963374 -0.014530209 0.999611795 0.023774050 -0.013035673 0.601689816 -0.010248781 0.798664033 0.660939038
0.765456021 0.029277230 -0.642821848 -0.087534666 -0.015959688 0.999520898 0.026518639 -0.012794738 0.643290281 -0.010039617 0.765556514 0.673295081
0.728747368 0.033279739 -0.683973432 -0.100934535 -0.017623223 0.999399006 0.029850373 -0.012256119 0.684555769 -0.009699561 0.728895843 0.684775174
0.689842343 0.034073621 -0.723157406 -0.115152806 -0.015692960 0.999360919 0.032117736 -0.011558177 0.723789454 -0.010807692 0.689936161 0.696442604
0.648139775 0.034013372 -0.760761380 -0.130125642 -0.013578091 0.999359369 0.033112984 -0.011236571 0.761400402 -0.011132151 0.648186326 0.708048582
0.605713546 0.032508966 -0.795018435 -0.146410137 -0.007561909 0.999355018 0.035103165 -0.010893643 0.795646846 -0.015250600 0.605568707 0.718716383
0.560949266 0.031285729 -0.827258945 -0.163837045 -0.001879485 0.999331176 0.036518816 -0.010218082 0.827848077 -0.018930379 0.560632885 0.729209423
0.514073193 0.032602042 -0.857126534 -0.183313847 -0.001021685 0.999299943 0.037397042 -0.009244336 0.857745707 -0.018349100 0.513746560 0.739339232
0.464465767 0.033416271 -0.884960413 -0.203166127 -0.001485866 0.999315798 0.036954515 -0.008742563 0.885589838 -0.015849171 0.464197636 0.747936726
0.412947953 0.033740405 -0.910129368 -0.223980352 0.002366154 0.999270439 0.038118634 -0.008759426 0.910751522 -0.017894514 0.412566811 0.755464315
0.358641148 0.031173412 -0.932954967 -0.247048065 0.007722577 0.999308944 0.036359217 -0.007285943 0.933443546 -0.020244725 0.358152598 0.763427258
0.302663147 0.030238571 -0.952617764 -0.271022767 0.010646712 0.999326885 0.035103895 -0.006725503 0.953038156 -0.020766899 0.302137554 0.770832002
0.250882208 0.035243526 -0.967375755 -0.296409786 0.010046465 0.999188364 0.039008014 -0.005222768 0.967965484 -0.019505126 0.250324547 0.775030375
0.200798377 0.041258555 -0.978763342 -0.322452545 0.012543228 0.998922527 0.044681638 -0.004724113 0.979552269 -0.021248857 0.200064540 0.778362274
0.152926266 0.041815706 -0.987352490 -0.349593490 0.016943140 0.998846591 0.044926733 -0.003640156 0.988092303 -0.023599334 0.152041435 0.781363249
0.107756995 0.043832231 -0.993210554 -0.378046811 0.020528330 0.998716474 0.046302408 -0.003217427 0.993965328 -0.025378365 0.106718883 0.783935010
0.067480460 0.042665094 -0.996807992 -0.407077312 0.020096570 0.998824477 0.044111867 -0.002560304 0.997518241 -0.023009107 0.066543713 0.784744442
0.031476766 0.037767749 -0.998790681 -0.438487619 0.017176276 0.999117851 0.038321432 -0.000851346 0.999356866 -0.018361740 0.030800289 0.784788668
0.003820736 0.037899852 -0.999274313 -0.469670862 0.014568813 0.999173343 0.037951734 0.000215894 0.999886513 -0.014703244 0.003265424 0.783280730
-0.016644055 0.041835960 -0.998985887 -0.503550708 0.012985354 0.999048948 0.041622266 0.001566168 0.999777138 -0.012279425 -0.017171474 0.781528234
-0.031318616 0.048133899 -0.998349726 -0.538191855 0.015068057 0.998748958 0.047680456 0.002655003 0.999395847 -0.013549905 -0.032004721 0.781299770
-0.037828416 0.049895838 -0.998037815 -0.573437154 0.014238106 0.998678148 0.049388189 0.004312998 0.999182761 -0.012341893 -0.038488828 0.778876841
-0.043170922 0.047778230 -0.997924626 -0.610155880 0.015583768 0.998766541 0.047144376 0.005258437 0.998946249 -0.013516160 -0.043862231 0.777864873
-0.041651141 0.044258550 -0.998151422 -0.645285368 0.023150025 0.998792946 0.043320984 0.006519299 0.998864055 -0.021302868 -0.042625450 0.775691211
-0.038467344 0.042265818 -0.998365521 -0.685961485 0.035020169 0.998548269 0.040924210 0.008382006 0.998645961 -0.033388685 -0.039891660 0.776055753
-0.031879675 0.042614724 -0.998582840 -0.724785924 0.035038888 0.998524129 0.041493613 0.009473935 0.998877287 -0.033666428 -0.033325799 0.774241030
-0.026304670 0.041069534 -0.998809934 -0.765760303 0.033195477 0.998640537 0.040188335 0.010850998 0.999102712 -0.032098837 -0.027632233 0.772684097
-0.024303440 0.034742061 -0.999100685 -0.806630433 0.037460964 0.998725653 0.033817768 0.011820070 0.999002516 -0.036605384 -0.025573943 0.772353888
-0.022160109 0.024436641 -0.999455690 -0.847058713 0.035527788 0.999089003 0.023639951 0.012506073 0.999122977 -0.034984585 -0.023008101 0.771367311
-0.021481182 0.015874622 -0.999643326 -0.891609430 0.027436534 0.999506712 0.015282878 0.013548004 0.999392688 -0.027098451 -0.021906137 0.769713342
-0.022581143 0.012852560 -0.999662340 -0.935528100 0.022037717 0.999680758 0.012354991 0.014090838 0.999502122 -0.021751288 -0.022857176 0.768044233
-0.026025102 0.018944154 -0.999481797 -0.981903732 0.012347355 0.999750197 0.018627737 0.015046306 0.999585032 -0.011856167 -0.026252512 0.765712798
-0.030573094 0.026744964 -0.999174654 -1.027788281 0.007047741 0.999622881 0.026541309 0.015899841 0.999507666 -0.006230475 -0.030750053 0.763581991
-0.035301149 0.036384184 -0.998714209 -1.075949073 0.005955477 0.999326885 0.036196001 0.017075434 0.999358952 -0.004670059 -0.035494074 0.761445403
-0.036637437 0.046206929 -0.998259842 -1.123772740 0.004388948 0.998928249 0.046076789 0.018652048 0.999318957 -0.002693175 -0.036800969 0.759215057
-0.037917063 0.054171395 -0.997811496 -1.172698140 0.006459513 0.998521984 0.053964511 0.020031195 0.999259949 -0.004399201 -0.038210943 0.757153332
-0.039054509 0.054882400 -0.997728825 -1.221682191 0.007138905 0.998480320 0.054644309 0.022254746 0.999211609 -0.004988585 -0.039386958 0.754742801
-0.041251078 0.051981464 -0.997795641 -1.270591259 0.005756445 0.998641551 0.051787540 0.024477735 0.999132156 -0.003607465 -0.041494265 0.752946138
-0.043674018 0.047190826 -0.997930646 -1.318811655 0.005214956 0.998880863 0.047007527 0.025967810 0.999032199 -0.003151158 -0.043871239 0.750190914
-0.048256967 0.041987076 -0.997952104 -1.368700743 0.005384902 0.999112546 0.041775502 0.027661383 0.998820364 -0.003357915 -0.048440237 0.747475386
-0.054412056 0.037247080 -0.997823596 -1.419715166 0.005461108 0.999300182 0.037004407 0.029386425 0.998503566 -0.003435737 -0.054577399 0.744745374
-0.060811151 0.035146397 -0.997530282 -1.467834830 0.004446719 0.999379516 0.034940477 0.030855058 0.998139381 -0.002310967 -0.060929708 0.741237104
-0.067331612 0.037755888 -0.997016013 -1.519678593 0.004289002 0.999285460 0.037552178 0.031784941 0.997721493 -0.001747755 -0.067445420 0.737438083
-0.073921531 0.042365197 -0.996363759 -1.573043227 0.002990962 0.999102175 0.042259730 0.033836000 0.997259557 0.000143818 -0.073981874 0.733452797
-0.079823308 0.045309164 -0.995778680 -1.623400211 0.000215752 0.998967230 0.045436952 0.035343487 0.996808946 0.003412087 -0.079750642 0.728738070
-0.084436171 0.046809766 -0.995328665 -1.675503850 -0.003515243 0.998875737 0.047274783 0.037758850 0.996422708 0.007490524 -0.084176689 0.723678231
-0.087526023 0.048270375 -0.994991958 -1.727812409 -0.008024575 0.998758733 0.049158998 0.039684381 0.996129930 0.012287080 -0.087030038 0.719503522
-0.089050069 0.049499348 -0.994796336 -1.779464245 -0.012561955 0.998629034 0.050814543 0.041702926 0.995947957 0.017021626 -0.088306181 0.714493454
-0.090427756 0.049361579 -0.994678915 -1.831146359 -0.013040962 0.998626590 0.050743055 0.043163985 0.995817661 0.017560149 -0.089659840 0.709063053
-0.092191294 0.049071491 -0.994531453 -1.883646965 -0.012951663 0.998641312 0.050474882 0.044183746 0.995657086 0.017534181 -0.091430485 0.704061091
-0.093398407 0.047960248 -0.994472980 -1.935552239 -0.014072851 0.998675764 0.049484622 0.046491828 0.995529413 0.018616857 -0.092599787 0.699025333
-0.093702734 0.047067400 -0.994487166 -1.988072634 -0.016831294 0.998664260 0.048850991 0.048388269 0.995457947 0.021315973 -0.092785396 0.693185210
-0.094866030 0.044456620 -0.994497001 -2.041782141 -0.021563102 0.998676181 0.046700384 0.050400890 0.995256424 0.025874719 -0.093781844 0.687587619
-0.094881773 0.039870739 -0.994689822 -2.093634605 -0.026557535 0.998740613 0.042566393 0.051586032 0.995134175 0.030455284 -0.093703426 0.681629360
-0.093879111 0.039194576 -0.994811773 -2.147347212 -0.027794603 0.998732150 0.041971974 0.053275030 0.995195568 0.031590689 -0.092670672 0.675887406
-0.092907354 0.042710312 -0.994758308 -2.203120947 -0.028942116 0.998541534 0.045575861 0.055956341 0.995254040 0.033024739 -0.091535710 0.671758950
-0.091006629 0.046058703 -0.994784653 -2.256630421 -0.029129477 0.998379230 0.048890017 0.057221651 0.995424211 0.033426870 -0.089517467 0.666621864
-0.089315020 0.045357570 -0.994970143 -2.310366631 -0.027546287 0.998467982 0.047989760 0.059503864 0.995622456 0.031693935 -0.087928750 0.661457062
-0.087090895 0.044679958 -0.995197892 -2.365152121 -0.026618987 0.998532653 0.047159120 0.061284781 0.995844662 0.030598283 -0.085773766 0.656456828
-0.083237253 0.045100320 -0.995508671 -2.419784546 -0.030805904 0.998381495 0.047806233 0.063081667 0.996053398 0.034646802 -0.081713170 0.652281344
-0.077452593 0.046919525 -0.995891452 -2.474096298 -0.035297692 0.998136818 0.049770489 0.063946009 0.996370971 0.039007511 -0.075652130 0.646909595
-0.071361326 0.045706458 -0.996402800 -2.528796673 -0.039845422 0.998021543 0.048634402 0.066758648 0.996654272 0.043172698 -0.069398940 0.642028570
-0.065017611 0.045298956 -0.996855438 -2.583831549 -0.041261677 0.997992694 0.048041832 0.068432964 0.997030675 0.044255484 -0.063017987 0.637422025
-0.059441231 0.043398891 -0.997287929 -2.638606310 -0.041253414 0.998094141 0.045892797 0.071760207 0.997378886 0.043869454 -0.057537604 0.634622216
-0.054711990 0.043778338 -0.997541964 -2.694083452 -0.038835101 0.998189211 0.045936730 0.072503909 0.997746706 0.041252930 -0.052912783 0.631532788
-0.049410239 0.043818001 -0.997816920 -2.749352217 -0.037952058 0.998233378 0.045715611 0.074748069 0.998057365 0.040128026 -0.047659960 0.628760219
-0.043034896 0.045355380 -0.998043537 -2.804886341 -0.037331592 0.998198390 0.046972126 0.076792710 0.998375893 0.039279994 -0.041264173 0.625698328
-0.038058970 0.046597194 -0.998188436 -2.861465216 -0.037789781 0.998130441 0.048035346 0.078684852 0.998560667 0.039549503 -0.036226910 0.623790026
-0.032207552 0.045619901 -0.998439550 -2.916813374 -0.037966788 0.998180866 0.046832830 0.080738634 0.998759806 0.039415922 -0.030416925 0.621228218
-0.028682999 0.040264104 -0.998777270 -2.973174810 -0.038284268 0.998411059 0.041348793 0.083061352 0.998855114 0.039423462 -0.027095933 0.620881915
-0.023521483 0.036360987 -0.999062002 -3.028793097 -0.037228100 0.998613358 0.037221149 0.083115622 0.999029934 0.038068667 -0.022135219 0.618371189
-0.019901793 0.035081629 -0.999186337 -3.084741592 -0.037281398 0.998663187 0.035805833 0.085294127 0.999106586 0.037963662 -0.018567296 0.617115855
-0.016466975 0.037978057 -0.999142885 -3.142756224 -0.036130093 0.998603106 0.038553011 0.086022377 0.999211431 0.036733974 -0.015071823 0.615899503
-0.014465743 0.037181314 -0.999203861 -3.199521542 -0.036717184 0.998614609 0.037690960 0.088049456 0.999221027 0.037233181 -0.013080511 0.614921629
-0.013536355 0.037444554 -0.999207020 -3.256125212 -0.038371891 0.998543024 0.037939500 0.088718049 0.999171793 0.038855016 -0.012079814 0.613620996
-0.012225287 0.038214479 -0.999194801 -3.313547611 -0.039779097 0.998459816 0.038673077 0.090353340 0.999133706 0.040219851 -0.010686323 0.611819386
-0.011647513 0.038003694 -0.999209702 -3.371542931 -0.040501721 0.998439431 0.038446523 0.091252826 0.999111593 0.040917516 -0.010090124 0.611387849
-0.010151594 0.036525454 -0.999281168 -3.429218292 -0.040652853 0.998491347 0.036909584 0.092144892 0.999121845 0.040998317 -0.008651415 0.609745860
-0.010028059 0.034536563 -0.999353051 -3.487463713 -0.039132919 0.998624146 0.034904044 0.094028890 0.999183834 0.039457623 -0.008662746 0.609791815
-0.007892584 0.035094243 -0.999352813 -3.543537378 -0.035225697 0.998753846 0.035351411 0.094686478 0.999348283 0.035481915 -0.006646530 0.607343435
-0.009811820 0.035002168 -0.999339044 -3.603603601 -0.033391844 0.998818338 0.035311781 0.096477345 0.999394178 0.033716250 -0.008631442 0.608645141
-0.007276872 0.037301544 -0.999277532 -3.660006046 -0.034254894 0.998708248 0.037529737 0.097958051 0.999386609 0.034503255 -0.005989713 0.605503917
-0.009614255 0.041899901 -0.999075532 -3.719540358 -0.035575565 0.998474896 0.042217053 0.098353244 0.999320745 0.035948563 -0.008108980 0.607210338
-0.006593192 0.041859325 -0.999101758 -3.775064945 -0.038590740 0.998368561 0.042083271 0.099633142 0.999233365 0.038833536 -0.004967053 0.604309142
-0.008021909 0.039336614 -0.999193788 -3.834847212 -0.039112519 0.998448968 0.039621308 0.101500869 0.999202609 0.039398827 -0.006470913 0.605031371
-0.007269701 0.037320074 -0.999276817 -3.892288923 -0.039616417 0.998508036 0.037579563 0.102212384 0.999188542 0.039860960 -0.005780368 0.603619695
-0.008583536 0.036326423 -0.999303102 -3.950824976 -0.036774185 0.998652399 0.036618650 0.103859752 0.999286711 0.037062865 -0.007236096 0.604130268
-0.008817279 0.038304470 -0.999227226 -4.008711815 -0.035223257 0.998634040 0.038592547 0.104587466 0.999340534 0.035536312 -0.007456027 0.604011714
-0.008412807 0.040637989 -0.999138534 -4.065984249 -0.034836158 0.998555422 0.040907595 0.106305391 0.999357641 0.035150282 -0.006984984 0.602890670
-0.006740104 0.042596541 -0.999069691 -4.122939110 -0.036129281 0.998429596 0.042813007 0.107767232 0.999324441 0.036384225 -0.005190538 0.601687849
-0.007622019 0.043022297 -0.999045014 -4.180931091 -0.036563788 0.998393953 0.043273211 0.109221347 0.999302268 0.036858704 -0.006036717 0.601035893
-0.006323677 0.040266581 -0.999168932 -4.238027096 -0.035784930 0.998539865 0.040467706 0.111197740 0.999339461 0.036011100 -0.004873505 0.599936187
-0.006438866 0.039573248 -0.999196053 -4.294830799 -0.034674056 0.998606920 0.039773367 0.112121798 0.999377906 0.034902271 -0.005057731 0.599446893
-0.006559407 0.040555336 -0.999155700 -4.350852013 -0.033216808 0.998616993 0.040751532 0.113696754 0.999426603 0.033456068 -0.005203218 0.599039793
-0.005188999 0.042804278 -0.999069989 -4.407983780 -0.030867698 0.998600483 0.042944487 0.115577735 0.999509990 0.031061830 -0.003860468 0.597718477
-0.006308738 0.046372831 -0.998904228 -4.463842392 -0.029198725 0.998489618 0.046537999 0.115910172 0.999553680 0.029460328 -0.004945182 0.598206580
-0.005533940 0.047950506 -0.998834431 -4.521199226 -0.030133996 0.998388052 0.048096038 0.117891155 0.999530613 0.030365033 -0.004080080 0.597381830
-0.005208807 0.049692523 -0.998750925 -4.576407909 -0.032049548 0.998243153 0.049834400 0.119711459 0.999472737 0.032269098 -0.003607033 0.596431971
-0.005117235 0.048987843 -0.998786211 -4.632059574 -0.033750031 0.998221815 0.049133077 0.121010885 0.999417186 0.033960488 -0.003454794 0.595954776
-0.004755624 0.044985257 -0.998976469 -4.687973976 -0.036680263 0.998307526 0.045129750 0.123017929 0.999315739 0.036857333 -0.003097505 0.594863713
-0.004041783 0.043248322 -0.999056220 -4.743549824 -0.039024048 0.998296499 0.043373313 0.125004902 0.999230146 0.039162517 -0.002347172 0.593760073
-0.004266627 0.041798227 -0.999116957 -4.800284863 -0.038338318 0.998384595 0.041931316 0.125993848 0.999255717 0.038483366 -0.002657260 0.593912005
-0.005075129 0.042614739 -0.999078631 -4.855454445 -0.036646869 0.998412430 0.042772479 0.127242506 0.999315441 0.036830179 -0.003505375 0.594106495
-0.004303364 0.044201393 -0.999013305 -4.913180828 -0.036660980 0.998344064 0.044329695 0.128993630 0.999318600 0.036815565 -0.002675771 0.593162775
-0.003865870 0.046155982 -0.998926759 -4.970436096 -0.035034020 0.998314798 0.046263285 0.130575836 0.999378681 0.035175264 -0.002242326 0.592555821
-0.004608991 0.045266543 -0.998964310 -5.026038170 -0.038807999 0.998214245 0.045411602 0.132131845 0.999236047 0.038977109 -0.002844057 0.592053354
-0.004752524 0.046604738 -0.998902142 -5.083039284 -0.042085350 0.998018980 0.046763767 0.133606136 0.999102652 0.042261396 -0.002781733 0.591360033
-0.005452541 0.045908429 -0.998930752 -5.138982773 -0.045826897 0.997884750 0.046110488 0.135249346 0.998934507 0.046029314 -0.003337166 0.590634942
-0.005745756 0.042090692 -0.999097288 -5.196135998 -0.045608122 0.998063087 0.042309415 0.136478394 0.998942792 0.045810055 -0.003814949 0.590420425
-0.005765831 0.038702160 -0.999234140 -5.254961491 -0.047286611 0.998122394 0.038931955 0.138139009 0.998864710 0.047474872 -0.003924910 0.588574171
-0.006830991 0.037336115 -0.999279380 -5.311284542 -0.044092618 0.998319626 0.037601668 0.139810190 0.999004126 0.044317711 -0.005173264 0.588648558
-0.006952342 0.036684360 -0.999302685 -5.371800423 -0.039138936 0.998551071 0.036929060 0.141470104 0.999209523 0.039368398 -0.005506481 0.587637365
-0.008538343 0.038443819 -0.999224246 -5.428880692 -0.037312333 0.998552561 0.038736809 0.142802492 0.999267161 0.037614144 -0.007091554 0.587962210
-0.007921018 0.042472780 -0.999066174 -5.490046978 -0.037287377 0.998390198 0.042739667 0.144374713 0.999273181 0.037591107 -0.006324569 0.585973084
-0.008756845 0.042596091 -0.999053955 -5.549658775 -0.036301456 0.998420238 0.042887248 0.146154225 0.999302566 0.036642674 -0.007196713 0.585869908
-0.009177299 0.037933271 -0.999238074 -5.609327793 -0.036044680 0.998618245 0.038240783 0.147968024 0.999308050 0.036368158 -0.007797325 0.584765196
-0.010702763 0.034592569 -0.999344170 -5.668403149 -0.035237957 0.998767555 0.034950003 0.148905680 0.999321759 0.035588905 -0.009470601 0.584592462
-0.010524317 0.032829016 -0.999405503 -5.729653835 -0.035696305 0.998811662 0.033185408 0.150990278 0.999307275 0.036024336 -0.009339931 0.582581103
-0.010808322 0.034680836 -0.999339938 -5.790295601 -0.036969706 0.998701215 0.035058524 0.151601821 0.999257922 0.037324227 -0.009512143 0.581380725
-0.011043437 0.038978860 -0.999179006 -5.851597786 -0.042211466 0.998330951 0.039412335 0.153624400 0.999047637 0.042612057 -0.009379650 0.579750538
-0.011538079 0.041881900 -0.999055982 -5.912866592 -0.048072141 0.997943938 0.042390466 0.155500531 0.998777211 0.048515860 -0.009501004 0.578478634
-0.011384411 0.041836731 -0.999059558 -5.974577904 -0.054770138 0.997598469 0.042399656 0.157172740 0.998434067 0.055201326 -0.009065667 0.577010632
-0.010736030 0.039967209 -0.999143302 -6.036568165 -0.058230504 0.997480154 0.040526386 0.158847421 0.998245418 0.058615699 -0.008381667 0.575147808
-0.011599901 0.038483568 -0.999191880 -6.097832203 -0.060742419 0.997386575 0.039119206 0.160497725 0.998086095 0.061147109 -0.009231999 0.574518919
-0.011394302 0.038168542 -0.999206364 -6.159407616 -0.060578972 0.997409344 0.038790695 0.161707461 0.998098433 0.060972892 -0.009052572 0.572350621
-0.012740136 0.037090313 -0.999230623 -6.220621586 -0.058599330 0.997566521 0.037775680 0.162998065 0.998200238 0.059035517 -0.010535666 0.572590709
-0.013202339 0.037333924 -0.999215662 -6.282122135 -0.058184724 0.997580767 0.038041621 0.165043443 0.998218536 0.058641318 -0.010998134 0.571553349
-0.013885590 0.042786293 -0.998987734 -6.342738628 -0.058700569 0.997326016 0.043531038 0.166041836 0.998179078 0.059245612 -0.011336882 0.570212603
-0.014448550 0.047159757 -0.998782814 -6.404176235 -0.057575870 0.997190475 0.047917474 0.167424485 0.998236597 0.058198128 -0.011692693 0.569213152
-0.014349750 0.046384413 -0.998820543 -6.465370178 -0.058186214 0.997191906 0.047144726 0.168519974 0.998202682 0.058794104 -0.011610522 0.567849636
-0.013213363 0.044412479 -0.998925865 -6.526087284 -0.057276733 0.997339129 0.045099568 0.170843646 0.998270869 0.057811126 -0.010634405 0.566358745
-0.012236211 0.043502018 -0.998978376 -6.587626457 -0.056583595 0.997422218 0.044127334 0.172778517 0.998322964 0.057065744 -0.009743166 0.565814674
-0.010976752 0.043248154 -0.999004066 -6.647191048 -0.056877222 0.997419655 0.043804515 0.174022853 0.998320758 0.057301398 -0.008488594 0.564173996
-0.009837595 0.045421567 -0.998919487 -6.708465576 -0.057077583 0.997313559 0.045910664 0.175631464 0.998321176 0.057467550 -0.007218614 0.563329160
-0.008897779 0.049075719 -0.998755395 -6.768860817 -0.058091898 0.997082710 0.049511056 0.177401394 0.998271585 0.058460135 -0.006020921 0.562262475
-0.008098690 0.050158203 -0.998708427 -6.829546452 -0.059233930 0.996963382 0.050550897 0.179471403 0.998211265 0.059566818 -0.005103030 0.561675072
-0.006489187 0.047088139 -0.998869717 -6.890458584 -0.061752230 0.996965349 0.047399540 0.181441829 0.998070419 0.061990023 -0.003561699 0.560564995
-0.006030946 0.044081092 -0.999009848 -6.950963497 -0.061082471 0.997146130 0.044367615 0.183219746 0.998114467 0.061289575 -0.003321152 0.559101760
-0.006307654 0.042531874 -0.999075174 -7.010072231 -0.057838887 0.997406900 0.042826023 0.184840143 0.998306036 0.058055535 -0.003831301 0.559018075
-0.006294827 0.042225204 -0.999088228 -7.070739269 -0.056262482 0.997510493 0.042513002 0.185786486 0.998396158 0.056478806 -0.003903461 0.557894528
-0.006590878 0.042871952 -0.999058843 -7.130406857 -0.053036373 0.997659385 0.043161780 0.186935380 0.998570859 0.053270929 -0.004301679 0.557678044
-0.006186750 0.040763710 -0.999149680 -7.192776203 -0.052098040 0.997798800 0.041031182 0.189353719 0.998622775 0.052307598 -0.004049423 0.556524932
-0.005946934 0.041210014 -0.999132812 -7.252725601 -0.050787460 0.997848570 0.041459337 0.190548509 0.998691738 0.050989974 -0.003841188 0.555552900
-0.006150745 0.043737467 -0.999024093 -7.312918186 -0.049371090 0.997811377 0.043988325 0.192525491 0.998761594 0.049593471 -0.003977918 0.554997027
-0.005812348 0.045045171 -0.998968124 -7.372930527 -0.047267444 0.997855783 0.045270041 0.194349498 0.998865366 0.047481790 -0.003670717 0.554019451
-0.006444184 0.043347817 -0.999039173 -7.432973862 -0.044678032 0.998049855 0.043593075 0.196330652 0.998980641 0.044916030 -0.004494921 0.553835988
-0.007005364 0.043358907 -0.999034941 -7.492436886 -0.045602713 0.998006225 0.043634035 0.198126957 0.998935163 0.045864373 -0.005014113 0.553055942
-0.006686403 0.048186909 -0.998815894 -7.552568913 -0.046957742 0.997721255 0.048448443 0.199936271 0.998874485 0.047226097 -0.004408419 0.552264571
-0.007047816 0.054801628 -0.998472333 -7.612110615 -0.051855326 0.997133672 0.055094186 0.202090353 0.998629689 0.052164409 -0.004185858 0.552082419
-0.004742883 0.054897781 -0.998480737 -7.671940804 -0.056561161 0.996878743 0.055078384 0.204078317 0.998387873 0.056736451 -0.001622997 0.550078452
-0.003274656 0.051357646 -0.998674989 -7.731381416 -0.060293432 0.996853352 0.051461667 0.206126109 0.998175383 0.060382064 -0.000167823 0.549167037
-0.001827033 0.046062794 -0.998936832 -7.790410519 -0.061799347 0.997023940 0.046087619 0.207520738 0.998086870 0.061817847 0.001025055 0.548814654
-0.001369816 0.044064358 -0.999027729 -7.849255085 -0.064810187 0.996924400 0.044060457 0.209488124 0.997896612 0.064807527 0.001490216 0.549045026
0.000434967 0.041432165 -0.999141216 -7.908782959 -0.059905235 0.997348011 0.041331720 0.210740015 0.998203993 0.059835803 0.002915817 0.548111677
0.000430138 0.036324635 -0.999339938 -7.967164993 -0.056434516 0.997748256 0.036242492 0.212735593 0.998406231 0.056381669 0.002479133 0.548118651
0.000159889 0.032948021 -0.999457002 -8.026693344 -0.050229810 0.998195648 0.032898396 0.213914886 0.998737693 0.050197281 0.001814573 0.548061311
-0.001187733 0.036167815 -0.999345064 -8.086000443 -0.048389781 0.998172939 0.036182906 0.215013087 0.998827875 0.048401069 0.000564590 0.548857808
-0.000378256 0.042282358 -0.999105632 -8.145815849 -0.048642747 0.997922242 0.042250689 0.216638073 0.998816133 0.048615228 0.001679260 0.548097074
0.001325594 0.045429867 -0.998966575 -8.204960823 -0.050545428 0.997693658 0.045304898 0.218469769 0.998720884 0.050433140 0.003618808 0.547415793
0.003508751 0.041944064 -0.999113798 -8.264013290 -0.051641617 0.997794390 0.041707311 0.220091000 0.998659432 0.051449507 0.005667072 0.547033191
0.004612535 0.041906785 -0.999110878 -8.323862076 -0.053723831 0.997688949 0.041599117 0.221872643 0.998545170 0.053484183 0.006853268 0.546083450
0.005525700 0.043192387 -0.999051452 -8.381577492 -0.052238986 0.997714996 0.042845678 0.223198444 0.998619318 0.051952679 0.007769401 0.546520770
0.006627726 0.040887635 -0.999141812 -8.440715790 -0.051912397 0.997830451 0.040489625 0.224935085 0.998629570 0.051599491 0.008735924 0.546515048
0.007848088 0.039599825 -0.999184787 -8.495435715 -0.051861972 0.997886896 0.039141040 0.226009756 0.998623431 0.051512506 0.009885229 0.546612740
0.009782782 0.041592631 -0.999086738 -8.551560402 -0.053728785 0.997713029 0.041009355 0.227289408 0.998507619 0.053278539 0.011995133 0.546591997
0.011387330 0.043384373 -0.998993576 -8.606591225 -0.053253580 0.997666836 0.042719718 0.228305757 0.998516083 0.052713528 0.013671134 0.546121001
0.011828884 0.044338707 -0.998946607 -8.659558296 -0.053599618 0.997608244 0.043644611 0.229965329 0.998492479 0.053026881 0.014177131 0.546572983
0.012406953 0.045944169 -0.998866975 -8.710840225 -0.054521788 0.997488797 0.045203570 0.230609357 0.998435438 0.053899173 0.014880757 0.546374559
0.012679882 0.046618175 -0.998832285 -8.760804176 -0.054239899 0.997473896 0.045866221 0.231695309 0.998447359 0.053594988 0.015176419 0.546501338
0.012787930 0.045656782 -0.998875320 -8.810945511 -0.053880569 0.997537136 0.044905826 0.232926309 0.998465419 0.053245708 0.015216449 0.546971083
0.014405199 0.045928363 -0.998840809 -8.857707977 -0.054621369 0.997489095 0.045078464 0.233592659 0.998403251 0.053908691 0.016877700 0.547526777
0.016058497 0.046343256 -0.998796463 -8.904460907 -0.055588230 0.997421682 0.045385730 0.235229582 0.998324573 0.054792501 0.018593235 0.547421813
0.015793383 0.044973832 -0.998863280 -8.949800491 -0.054641798 0.997533917 0.044050008 0.236124352 0.998381078 0.053883985 0.018211886 0.547592163
0.012267153 0.042126972 -0.999036968 -8.994198799 -0.052125227 0.997780561 0.041433953 0.236454919 0.998565316 0.051566739 0.014435804 0.548290670
0.007676443 0.038374197 -0.999233902 -9.038491249 -0.052065406 0.997923315 0.037923880 0.237583876 0.998614192 0.051734407 0.009658471 0.547878027
0.003094942 0.035310179 -0.999371588 -9.082530975 -0.053737521 0.997938275 0.035093118 0.238599747 0.998550236 0.053595141 0.004986044 0.546880364
-0.000690312 0.034623772 -0.999400198 -9.128248215 -0.056003984 0.997830570 0.034608085 0.239331320 0.998430252 0.055994280 0.001250256 0.546883523
-0.003057236 0.034935910 -0.999384820 -9.173438072 -0.057423510 0.997734308 0.035053883 0.240566194 0.998345256 0.057495344 -0.001044167 0.546051443
-0.006090818 0.037189264 -0.999289691 -9.217295647 -0.056772999 0.997683525 0.037475523 0.240687758 0.998368561 0.056960937 -0.003965363 0.546396554
-0.007405112 0.038705632 -0.999223292 -9.261805534 -0.054017380 0.997776151 0.039049897 0.241542548 0.998512566 0.054264590 -0.005297867 0.545692682
-0.008918207 0.039321695 -0.999186754 -9.305702209 -0.051770531 0.997868240 0.039731883 0.242256731 0.998619199 0.052082766 -0.006863490 0.545333445
-0.009181302 0.038298178 -0.999224126 -9.349841118 -0.052299242 0.997880280 0.038727220 0.243047923 0.998589277 0.052614231 -0.007158874 0.543888927
-0.010209332 0.037535973 -0.999243140 -9.393610954 -0.054226883 0.997803867 0.038035955 0.243685633 0.998476446 0.054574165 -0.008151453 0.543501556
-0.009607146 0.036506459 -0.999287248 -9.437786102 -0.057926886 0.997634768 0.037002999 0.244909316 0.998274565 0.058241088 -0.007469718 0.542290211
-0.008747740 0.035536047 -0.999330103 -9.480853081 -0.060690161 0.997507215 0.036002487 0.245374843 0.998118341 0.060964454 -0.006569247 0.541289806
-0.007399699 0.032291163 -0.999451220 -9.525234222 -0.060303047 0.997645140 0.032679282 0.246591389 0.998152614 0.060511768 -0.005435017 0.540422201
-0.006095831 0.031394552 -0.999488473 -9.569463730 -0.059414227 0.997729897 0.031701688 0.246169493 0.998214722 0.059577081 -0.004216709 0.539483666
-0.005441331 0.029814396 -0.999540567 -9.614256859 -0.059839349 0.997754574 0.030086871 0.247620106 0.998193145 0.059975579 -0.003645038 0.538905144
-0.004556157 0.032760564 -0.999452829 -9.658569336 -0.057121236 0.997822702 0.032967534 0.248323724 0.998356879 0.057240177 -0.002674913 0.538385034
-0.005106645 0.033821493 -0.999414802 -9.703885078 -0.056610953 0.997815311 0.034056626 0.249154136 0.998383284 0.056751739 -0.003180822 0.538526475
-0.003800942 0.030449210 -0.999529064 -9.748701096 -0.052025203 0.998176634 0.030605843 0.249905601 0.998638451 0.052117035 -0.002209886 0.537923634
-0.003948589 0.027730506 -0.999607682 -9.794393539 -0.049511280 0.998383999 0.027892137 0.250435174 0.998765767 0.049601980 -0.002569235 0.537774801
-0.001937994 0.026352914 -0.999650836 -9.840109825 -0.054770540 0.998149335 0.026419520 0.252503127 0.998497069 0.054802611 -0.000491044 0.536067307
0.000396323 0.031259593 -0.999511182 -9.886410713 -0.055478904 0.997972608 0.031189477 0.252693653 0.998459756 0.055439420 0.002129768 0.535071552
0.002072636 0.030085022 -0.999545217 -9.933393478 -0.053649515 0.998111188 0.029930616 0.254036427 0.998557687 0.053563088 0.003682768 0.535032988
0.004059289 0.031490900 -0.999495864 -9.980821609 -0.052220266 0.998146951 0.031236321 0.255076349 0.998627365 0.052067138 0.005696230 0.535343409
0.006558882 0.036294702 -0.999319613 -10.028519630 -0.053493150 0.997922897 0.035892885 0.255961359 0.998546600 0.053221330 0.008486777 0.534652650
0.009045285 0.040428605 -0.999141455 -10.076828003 -0.050917543 0.997904837 0.039917599 0.257086694 0.998661935 0.050512761 0.011084858 0.534810781
0.009212124 0.040932693 -0.999119401 -10.125537872 -0.050001971 0.997930706 0.040422972 0.258426487 0.998706639 0.049585551 0.011239776 0.535570025
0.011822153 0.041493788 -0.999068737 -10.174731255 -0.053996533 0.997707307 0.040798292 0.260041088 0.998471141 0.053463940 0.014035568 0.535434484
0.015437928 0.043301370 -0.998942792 -10.224012375 -0.056458198 0.997505665 0.042366553 0.261423647 0.998285532 0.055744465 0.017844135 0.535439432
0.019200038 0.043807752 -0.998855472 -10.273448944 -0.057337608 0.997443616 0.042643689 0.262629807 0.998170197 0.056453221 0.021662785 0.535854816
0.021472769 0.043318089 -0.998830616 -10.323856354 -0.059705630 0.997333288 0.041969612 0.263079822 0.997984946 0.058734603 0.024001846 0.537218928
0.025289778 0.038613334 -0.998934090 -10.372365952 -0.061206307 0.997438908 0.037005987 0.265387535 0.997804701 0.060205199 0.027588390 0.537457108
0.026012590 0.037715178 -0.998949826 -10.421913147 -0.060350873 0.997524559 0.036089838 0.266566366 0.997838318 0.059348706 0.028224340 0.539262593
0.027689684 0.038948640 -0.998857498 -10.472083092 -0.059859063 0.997512102 0.037236795 0.268273771 0.997822702 0.058759600 0.029952222 0.540463924
0.030042470 0.043278735 -0.998611212 -10.523355484 -0.061887354 0.997225940 0.041356858 0.269154161 0.997630894 0.060558945 0.032637537 0.540887237
0.031268448 0.043100156 -0.998581290 -10.574413300 -0.062127851 0.997221768 0.041096073 0.270183802 0.997578204 0.060754701 0.033859290 0.542389870
0.032257464 0.039763335 -0.998688281 -10.624218941 -0.059201859 0.997529924 0.037805002 0.272015899 0.997724652 0.057904705 0.034531858 0.544052005
0.031283144 0.037127394 -0.998820722 -10.676012993 -0.057914313 0.997698307 0.035271786 0.273362547 0.997831285 0.056742609 0.033361342 0.546406031
0.031491220 0.035814680 -0.998862147 -10.726575851 -0.054657534 0.997924149 0.034057848 0.274088711 0.998008370 0.053522814 0.033383396 0.547723472
0.031484563 0.034767944 -0.998899341 -10.778492928 -0.054304712 0.997978210 0.033024233 0.275204062 0.998027921 0.053205192 0.033308964 0.549209893
0.030279627 0.035011463 -0.998928130 -10.827585220 -0.055050313 0.997927785 0.033307724 0.276051104 0.998024344 0.053982750 0.032144275 0.551178873
0.031555880 0.035960253 -0.998854876 -10.880674362 -0.056352451 0.997826993 0.034142956 0.276892006 0.997912109 0.055210512 0.033513751 0.552109301
