0.999998629 0.001015891 0.001323353 -0.000529680 -0.001020763 0.999992609 0.003686680 -0.001025503 -0.001319598 -0.003688026 0.999992311 0.059344422
0.999996305 0.000879455 0.002581587 -0.000409045 -0.000899525 0.999969304 0.007783642 -0.001545503 -0.002574662 -0.007785934 0.999966383 0.087360002
0.999991894 0.000031139 0.004009049 -0.000481028 -0.000076392 0.999936402 0.011288108 -0.001976828 -0.004008441 -0.011288325 0.999928236 0.114441581
0.999985099 -0.000798590 0.005386139 -0.000604339 0.000724108 0.999904215 0.013816150 -0.002548781 -0.005396657 -0.013812045 0.999890089 0.140658811
0.999979436 -0.000045784 0.006409147 -0.000474926 -0.000041018 0.999908268 0.013542609 -0.002802496 -0.006409180 -0.013542593 0.999887764 0.165391564
0.999970853 0.000704759 0.007603502 -0.000493594 -0.000791092 0.999935150 0.011357292 -0.003466252 -0.007595007 -0.011362975 0.999906600 0.189706549
0.999961793 0.000974419 0.008679952 -0.000269191 -0.001042151 0.999969125 0.007802240 -0.003161924 -0.008672080 -0.007810989 0.999931872 0.211884677
0.999946713 -0.000666769 0.010297948 0.000161765 0.000597009 0.999976873 0.006775775 -0.003681114 -0.010302227 -0.006769266 0.999924004 0.234027848
0.999913871 -0.004522676 0.012322886 0.000262512 0.004474635 0.999982297 0.003923214 -0.003677721 -0.012340412 -0.003867735 0.999916375 0.253113568
0.999880433 -0.006646981 0.013967106 0.001015519 0.006606281 0.999973834 0.002958101 -0.004195361 -0.013986402 -0.002865477 0.999898136 0.272642553
0.999868989 -0.002222183 0.016034557 0.000980543 0.002207771 0.999997079 0.000916484 -0.004439655 -0.016036544 -0.000880964 0.999871016 0.289920449
0.999818742 0.002001011 0.018933112 0.001124932 -0.002002975 0.999997973 0.000084763 -0.004823465 -0.018932905 -0.000122670 0.999820709 0.306236893
0.999747276 0.002610919 0.022328757 0.001542335 -0.002635808 0.999995887 0.001085294 -0.005033763 -0.022325832 -0.001143874 0.999750078 0.321309209
0.999663591 -0.001347000 0.025902299 0.001872059 0.001309967 0.999998152 0.001446611 -0.005171967 -0.025904197 -0.001412193 0.999663472 0.335129797
0.999591172 -0.006348975 0.027878350 0.002928781 0.006301352 0.999978542 0.001795746 -0.005676147 -0.027889146 -0.001619340 0.999609828 0.347152352
0.999491036 -0.009980678 0.030298617 0.003316682 0.009891070 0.999946296 0.003105881 -0.005997726 -0.030327987 -0.002804615 0.999536097 0.357907206
0.999407291 -0.009996525 0.032942027 0.003858977 0.009870966 0.999943376 0.003971921 -0.006040694 -0.032979872 -0.003644398 0.999449313 0.367825478
0.999346972 -0.009512792 0.034856919 0.004340154 0.009420537 0.999951720 0.002809941 -0.006041216 -0.034881961 -0.002479735 0.999388397 0.377147853
0.999260724 -0.008732291 0.037445333 0.004318828 0.008674137 0.999960899 0.001715265 -0.006479923 -0.037458852 -0.001389191 0.999297202 0.384557784
0.999176025 -0.006279700 0.040100232 0.004373609 0.006271282 0.999980330 0.000335720 -0.006454904 -0.040101543 -0.000083964 0.999195635 0.391761571
0.999125540 -0.003284667 0.041681170 0.004843282 0.003286145 0.999994576 0.000033067 -0.006852295 -0.041681059 0.000103933 0.999130905 0.398898602
0.999064982 -0.002130791 0.043181337 0.004935380 0.002187808 0.999996841 -0.001273186 -0.007228401 -0.043178491 0.001366468 0.999066412 0.405711770
0.998991251 -0.002941444 0.044807885 0.005534134 0.003077987 0.999990821 -0.002978603 -0.007380730 -0.044798709 0.003113516 0.998991132 0.412074327
0.998912513 -0.004043086 0.046447072 0.005930933 0.004259976 0.999980390 -0.004571585 -0.007476971 -0.046427678 0.004764477 0.998910308 0.418453932
0.998838127 -0.004665134 0.047964681 0.005932065 0.004926045 0.999973655 -0.005322910 -0.007684531 -0.047938578 0.005553001 0.998834848 0.423940063
0.998772502 -0.004325790 0.049343958 0.006579656 0.004665985 0.999966085 -0.006781280 -0.007821297 -0.049312949 0.007003193 0.998758793 0.429775596
0.998709798 -0.003231165 0.050679673 0.006762818 0.003678470 0.999955058 -0.008735334 -0.007909781 -0.050649177 0.008910486 0.998676777 0.435289413
0.998668253 -0.003014204 0.051504534 0.007087837 0.003573753 0.999935567 -0.010775436 -0.008160187 -0.051468734 0.010945151 0.998614609 0.440428406
0.998616695 -0.003819983 0.052441735 0.007247863 0.004522452 0.999901533 -0.013283118 -0.008306580 -0.052385822 0.013501911 0.998535693 0.446074128
0.998651385 -0.004766048 0.051697873 0.007792437 0.005545683 0.999872923 -0.014947652 -0.008608608 -0.051620059 0.015214192 0.998550951 0.451645583
0.998761892 -0.005889479 0.049395520 0.008132401 0.006672972 0.999854326 -0.015711773 -0.008932296 -0.049295783 0.016021939 0.998655796 0.456993669
0.998878777 -0.005776423 0.046986371 0.007918161 0.006585315 0.999832392 -0.017078910 -0.008787272 -0.046879843 0.017369185 0.998749495 0.461842418
0.999067605 -0.004800496 0.042903461 0.008031233 0.005596792 0.999813974 -0.018459409 -0.008870221 -0.042806856 0.018682323 0.998908639 0.467038900
0.999298036 -0.004966514 0.037131406 0.007728915 0.005685533 0.999797940 -0.019283753 -0.009237129 -0.037028126 0.019481327 0.999124408 0.472880453
0.999518216 -0.004834102 0.030660750 0.007671692 0.005445255 0.999787569 -0.019880719 -0.009426247 -0.030558128 0.020038098 0.999332130 0.477781266
0.999710917 -0.004332614 0.023651809 0.007290493 0.004837546 0.999760807 -0.021333270 -0.009262705 -0.023553718 0.021441521 0.999492645 0.482723862
0.999875009 -0.005157638 0.014946979 0.007475908 0.005485353 0.999743700 -0.021967737 -0.009596263 -0.014829846 0.022046980 0.999646962 0.488292247
0.999967515 -0.006192998 0.005159534 0.007127413 0.006311139 0.999710798 -0.023205068 -0.009660688 -0.005014332 0.023236873 0.999717414 0.494351089
0.999940991 -0.007428292 -0.007924959 0.006745347 0.007225065 0.999652028 -0.025371347 -0.009554828 0.008110667 0.025312589 0.999646664 0.500700951
0.999669015 -0.008662282 -0.024225581 0.005931370 0.007997883 0.999592900 -0.027389096 -0.009768479 0.024452969 0.027186275 0.999331236 0.507299602
0.999034941 -0.008447030 -0.043102365 0.004680185 0.007231580 0.999573886 -0.028277550 -0.010057551 0.043322865 0.027938562 0.998670340 0.513877690
0.997843802 -0.007336120 -0.065221801 0.003574386 0.005499655 0.999584496 -0.028292302 -0.010106830 0.065402269 0.027872602 0.997469544 0.521607518
0.996057272 -0.006285048 -0.088489428 0.001185503 0.003905542 0.999626756 -0.027037803 -0.010604293 0.088626325 0.026585601 0.995710075 0.530487835
0.993265450 -0.005775140 -0.115717076 -0.000273515 0.002836660 0.999669731 -0.025542259 -0.011006303 0.115826376 0.025041996 0.992953718 0.539412200
0.989295959 -0.004922258 -0.145840019 -0.002899304 0.001465627 0.999715745 -0.023799501 -0.011292052 0.145915687 0.023331007 0.989021957 0.548945606
0.983931959 -0.004963791 -0.178474456 -0.006816566 0.001320871 0.999788463 -0.020524472 -0.011584820 0.178538561 0.019958943 0.983730495 0.559921503
0.976532459 -0.003579952 -0.215340734 -0.010807820 -0.000061062 0.999857247 -0.016899122 -0.011843869 0.215370506 0.016515693 0.976392746 0.571007669
0.966787636 -0.002041472 -0.255572855 -0.014258966 -0.000995657 0.999930441 -0.011753663 -0.012295542 0.255579084 0.011617761 0.966718376 0.581017137
0.954913795 0.001740422 -0.296878129 -0.019217059 -0.004041538 0.999966323 -0.007137466 -0.012629896 0.296855748 0.008015508 0.954888821 0.592074275
0.940715671 0.004864781 -0.339161307 -0.025108352 -0.006305067 0.999975145 -0.003144857 -0.012808808 0.339137584 0.005096851 0.940723002 0.603744686
0.923981011 0.007581749 -0.382363200 -0.031265780 -0.007313280 0.999970913 0.002155534 -0.012898117 0.382368445 0.000804657 0.924009621 0.615299821
0.904847205 0.011713425 -0.425575316 -0.038854450 -0.008328379 0.999917150 0.009813876 -0.013483138 0.425655037 -0.005335705 0.904869854 0.627289474
0.882892489 0.015853083 -0.469307601 -0.046557590 -0.009588188 0.999830246 0.015736058 -0.013314834 0.469477385 -0.009393440 0.882894576 0.639071882
0.858139336 0.020106491 -0.513023019 -0.055872172 -0.011595353 0.999736965 0.019786196 -0.013305736 0.513285875 -0.011030629 0.858146906 0.651102662
0.830284417 0.022454042 -0.556887269 -0.065645248 -0.012095179 0.999678731 0.022274498 -0.012981998 0.557208538 -0.011758521 0.830289304 0.662963092
0.799425185 0.026691567 -0.600172520 -0.076934248 -0.015517826 0.999596655 0.023785589 -0.013027078 0.600565195 -0.009701427 0.799516857 0.674935818
0.765562057 0.028986685 -0.642708957 -0.088941216 -0.015972121 0.999532938 0.026054563 -0.012671840 0.643163800 -0.009680958 0.765667439 0.686775982
0.728726447 0.033261627 -0.683996737 -0.102340966 -0.018302388 0.999408901 0.029100340 -0.011825953 0.684560299 -0.008687412 0.728904486 0.698630750
0.689842343 0.033765368 -0.723171711 -0.116985649 -0.015846411 0.999376714 0.031545475 -0.011390507 0.723786116 -0.010301729 0.689947486 0.710405886
0.648730516 0.033763874 -0.760268867 -0.132674485 -0.013292633 0.999365628 0.033039786 -0.011364635 0.760902107 -0.011327947 0.648767829 0.721971035
0.605675876 0.031631764 -0.795082569 -0.149839252 -0.007661478 0.999395013 0.033923842 -0.010600261 0.795674622 -0.014455349 0.605551839 0.733657181
0.560613871 0.031224387 -0.827488482 -0.167649955 -0.002736606 0.999353230 0.035855502 -0.010081524 0.828072727 -0.017836586 0.560336828 0.744614005
0.514447868 0.032864545 -0.856891632 -0.186786920 -0.001934875 0.999307215 0.037165008 -0.009362666 0.857519329 -0.017461484 0.514155209 0.754041076
0.465111971 0.033225004 -0.884628057 -0.206667304 -0.001541107 0.999324322 0.036722500 -0.008745909 0.885250509 -0.015716774 0.464848876 0.762371957
0.413313150 0.032810494 -0.909997582 -0.227725893 0.005869255 0.999233902 0.038693722 -0.009100731 0.910570085 -0.021333633 0.412803888 0.770221174
0.359233975 0.030967100 -0.932733655 -0.251592457 0.008477143 0.999299824 0.036442019 -0.007344991 0.933209062 -0.020998126 0.358719856 0.778329551
0.303924054 0.029624928 -0.952235579 -0.275689423 0.010575048 0.999350011 0.034465928 -0.006459242 0.952637613 -0.020544956 0.303413123 0.785409987
0.251642585 0.035396382 -0.967172801 -0.301619142 0.010999951 0.999161839 0.039429121 -0.005492099 0.967757702 -0.020560896 0.251042277 0.790128708
0.201680943 0.040880468 -0.978597701 -0.328862816 0.012515823 0.998939455 0.044309635 -0.004575193 0.979371428 -0.021184364 0.200955361 0.793472111
0.153348565 0.041395422 -0.987304807 -0.356797934 0.017014071 0.998863459 0.044522692 -0.003342824 0.988025665 -0.023625560 0.152469963 0.796741605
0.108384982 0.043755818 -0.993145585 -0.385921866 0.020618290 0.998717010 0.046251420 -0.003240028 0.993895173 -0.025489926 0.107343756 0.799467087
0.068113014 0.042406369 -0.996776044 -0.415490985 0.019719189 0.998843908 0.043841820 -0.002520271 0.997482717 -0.022641815 0.067198068 0.800179541
0.032274116 0.037484452 -0.998775899 -0.447247267 0.017260978 0.999126494 0.038055383 -0.000822682 0.999329925 -0.018468050 0.031598918 0.800264716
0.004361058 0.037658032 -0.999281168 -0.479310840 0.014685538 0.999180496 0.037718326 0.000306470 0.999882638 -0.014839474 0.003804455 0.798919439
-0.017515155 0.041896217 -0.998968422 -0.512762666 0.013710612 0.999037743 0.041658744 0.001395585 0.999752522 -0.012966808 -0.018072728 0.798004627
-0.029560428 0.048658565 -0.998377979 -0.547180116 0.015729735 0.998713315 0.048209179 0.002413839 0.999439180 -0.014279138 -0.030287785 0.796140373
-0.038385205 0.050655141 -0.997978270 -0.583476305 0.014551647 0.998636723 0.050128862 0.003615046 0.999157071 -0.012598021 -0.039069984 0.794862926
-0.042397134 0.047535297 -0.997969389 -0.620123506 0.015792396 0.998774588 0.046902727 0.005234260 0.998976052 -0.013771789 -0.043095872 0.793400049
-0.041721717 0.043844115 -0.998166800 -0.658370852 0.023431454 0.998804867 0.042892754 0.006552134 0.998854458 -0.021598941 -0.042699177 0.791803718
-0.036682721 0.042108707 -0.998439372 -0.696813107 0.034240559 0.998578131 0.040856551 0.008171950 0.998740196 -0.032688394 -0.038072385 0.790496826
-0.032002166 0.042307496 -0.998591959 -0.736887574 0.035593446 0.998518229 0.041163698 0.009562006 0.998853803 -0.034225997 -0.033460617 0.789952755
-0.026057642 0.040797424 -0.998827517 -0.777899504 0.033614840 0.998637617 0.039912704 0.010731144 0.999095082 -0.032535393 -0.027393537 0.788207769
-0.023682922 0.034440033 -0.999126136 -0.819817245 0.037507422 0.998733401 0.033537444 0.011929987 0.999015689 -0.036680389 -0.024944684 0.787798882
-0.020729356 0.023892505 -0.999499679 -0.861988485 0.035362400 0.999106348 0.023149699 0.012722882 0.999159575 -0.034864824 -0.021555731 0.786265194
-0.020691969 0.015812114 -0.999660850 -0.905782104 0.027972851 0.999492645 0.015230445 0.013281386 0.999394476 -0.027648216 -0.021123776 0.784920037
-0.021654604 0.012659235 -0.999685347 -0.950412393 0.022170555 0.999679923 0.012178922 0.014117184 0.999519646 -0.021899847 -0.021928336 0.782914340
-0.025305027 0.018870139 -0.999501646 -0.996982515 0.012672453 0.999747574 0.018553944 0.014768670 0.999599576 -0.012196628 -0.025537767 0.780912876
-0.029981563 0.026984751 -0.999186039 -1.043459773 0.007581976 0.999612987 0.026768774 0.015388683 0.999521673 -0.006773237 -0.030174557 0.778993726
-0.034567855 0.036324903 -0.998742104 -1.092802405 0.006251354 0.999327481 0.036129840 0.016866710 0.999382913 -0.004994559 -0.034771688 0.776680350
-0.035920694 0.046308819 -0.998281121 -1.141409039 0.005072896 0.998921335 0.046155982 0.018252060 0.999341846 -0.003406222 -0.036116876 0.774442911
-0.037206091 0.054162085 -0.997838855 -1.191335678 0.006646618 0.998521447 0.053951319 0.019857835 0.999285519 -0.004624936 -0.037511077 0.772465944
-0.038458545 0.054687791 -0.997762620 -1.240855694 0.007232561 0.998490393 0.054448906 0.022282299 0.999234021 -0.005122354 -0.038796026 0.770192027
-0.040596645 0.052096717 -0.997816682 -1.291151285 0.006294397 0.998633444 0.051883277 0.024147242 0.999155819 -0.004174368 -0.040869076 0.768329263
-0.043159246 0.047132980 -0.997955859 -1.340578318 0.005618478 0.998882234 0.046933744 0.025729757 0.999052465 -0.003581367 -0.043375816 0.765620172
-0.047402762 0.042129356 -0.997987092 -1.391085625 0.005566031 0.999105811 0.041912209 0.027432960 0.998860359 -0.003568072 -0.047594868 0.762882113
-0.053888734 0.037379492 -0.997847021 -1.442479491 0.005991495 0.999293208 0.037110090 0.029138673 0.998528898 -0.003978780 -0.054074608 0.760376990
-0.060469899 0.035415079 -0.997541606 -1.492035389 0.005150686 0.999368131 0.035167709 0.030456582 0.998156607 -0.003011436 -0.060614116 0.756837130
-0.067220703 0.037526634 -0.997032225 -1.544289351 0.005032659 0.999292433 0.037272397 0.031972881 0.997725368 -0.002512247 -0.067361996 0.753477395
-0.073732160 0.042456407 -0.996373892 -1.597561836 0.003548020 0.999098241 0.042309940 0.033739582 0.997271776 -0.000415552 -0.073816299 0.749322712
-0.079404101 0.045552216 -0.995801151 -1.648737192 0.000701979 0.998957694 0.045640629 0.035190571 0.996842325 0.002925022 -0.079353325 0.744333386
-0.084311247 0.047120649 -0.995324671 -1.701270103 -0.003125658 0.998863816 0.047552966 0.037647128 0.996434629 0.007120295 -0.084068164 0.739512622
-0.087373495 0.048632212 -0.994987845 -1.754662871 -0.006923393 0.998753905 0.049424261 0.039427768 0.996151507 0.011207063 -0.086927921 0.735316157
-0.089049026 0.049601119 -0.994791448 -1.807082534 -0.011710297 0.998638093 0.050841168 0.041712716 0.995958328 0.016176660 -0.088346921 0.730416059
-0.090366162 0.049467485 -0.994679213 -1.859282374 -0.012603075 0.998628795 0.050808888 0.043116067 0.995828748 0.017127421 -0.089618810 0.725066125
-0.091944911 0.049191859 -0.994548261 -1.912781000 -0.011962661 0.998652399 0.050500795 0.044161111 0.995692253 0.016540734 -0.091232553 0.719758272
-0.093009017 0.048163749 -0.994499564 -1.965948462 -0.013030849 0.998684943 0.049585130 0.046475783 0.995580018 0.017571041 -0.092259079 0.714493752
-0.093392737 0.047441214 -0.994498432 -2.019361734 -0.015086813 0.998682022 0.049057577 0.047973689 0.995515108 0.019585431 -0.092553921 0.708589256
-0.094806716 0.044453848 -0.994502664 -2.072654009 -0.020659039 0.998699486 0.046610884 0.050704107 0.995281279 0.024964500 -0.093765050 0.703622878
-0.095011026 0.039562304 -0.994689763 -2.125319719 -0.025867095 0.998774529 0.042195547 0.052382819 0.995140076 0.029738780 -0.093871228 0.697881579
-0.094046637 0.037768640 -0.994851112 -2.180463076 -0.028169878 0.998779118 0.040580757 0.055673953 0.995169163 0.031841323 -0.092867874 0.692506492
-0.093125425 0.042281467 -0.994756222 -2.235878229 -0.028369544 0.998579562 0.045099836 0.056977082 0.995250106 0.032420721 -0.091793641 0.688076496
-0.091383740 0.046198502 -0.994743586 -2.289274693 -0.028052742 0.998407364 0.048945773 0.057580858 0.995420456 0.032378130 -0.089942217 0.683033526
-0.089675300 0.045487590 -0.994931817 -2.344377756 -0.026727578 0.998486757 0.048059143 0.060177721 0.995612442 0.030901833 -0.088323824 0.677943647
-0.087264746 0.044485819 -0.995191336 -2.398973227 -0.025841951 0.998565137 0.046902604 0.062015250 0.995849907 0.029810632 -0.085989937 0.672648072
-0.083294459 0.044101197 -0.995548725 -2.453375816 -0.030846559 0.998427391 0.046809558 0.064685628 0.996047378 0.034608219 -0.081803098 0.668439865
-0.077735379 0.045924217 -0.995915711 -2.508841991 -0.035470136 0.998178601 0.048797157 0.065559067 0.996342778 0.039118528 -0.075964868 0.663586855
-0.071600094 0.044935696 -0.996420801 -2.563608646 -0.039527435 0.998072028 0.047850516 0.067787781 0.996649861 0.042812057 -0.069685861 0.658397257
-0.065910622 0.044840202 -0.996817470 -2.621154308 -0.040118609 0.998062849 0.047548909 0.069274247 0.997018695 0.043124903 -0.063983999 0.654260516
-0.059876330 0.043690719 -0.997249246 -2.677025318 -0.039778102 0.998143673 0.046118245 0.071466058 0.997412980 0.042430069 -0.058027249 0.650759697
-0.054463383 0.043397002 -0.997572303 -2.733409643 -0.037934709 0.998243928 0.045497306 0.073072620 0.997794867 0.040320545 -0.052721489 0.647101760
-0.048808306 0.044081900 -0.997834921 -2.788365364 -0.036977809 0.998260975 0.045909457 0.075170726 0.998123348 0.039138522 -0.047093369 0.643356025
-0.043205120 0.045111775 -0.998047292 -2.844996452 -0.036516149 0.998241186 0.046701320 0.077619582 0.998398602 0.038462579 -0.041481823 0.640958309
-0.037762750 0.046643071 -0.998197496 -2.901429176 -0.036780473 0.998168290 0.048033152 0.079467148 0.998609543 0.038528044 -0.035978027 0.638429642
-0.032361221 0.046610568 -0.998388827 -2.958822012 -0.035997964 0.998209536 0.047769018 0.080330350 0.998827755 0.037485827 -0.030625399 0.636059582
-0.027402852 0.041601237 -0.998758495 -3.014808178 -0.036485296 0.998426259 0.042588450 0.082450643 0.998958409 0.037607029 -0.025841894 0.634017706
-0.022861376 0.036525503 -0.999071240 -3.071012974 -0.035812251 0.998661160 0.037329987 0.083749659 0.999096990 0.036632407 -0.021522705 0.632270217
-0.018964665 0.035908107 -0.999175131 -3.128893614 -0.036002055 0.998682261 0.036573723 0.085238166 0.999171734 0.036665965 -0.017646909 0.630873084
-0.015929909 0.038154393 -0.999144852 -3.186671257 -0.034863506 0.998642862 0.038691070 0.086360820 0.999265134 0.035450034 -0.014578091 0.629801929
-0.013643679 0.037935238 -0.999187052 -3.244529247 -0.035550985 0.998629987 0.038399514 0.087855354 0.999274671 0.036046002 -0.012276350 0.628920376
-0.012370638 0.037290141 -0.999227941 -3.301810503 -0.037800133 0.998572707 0.037733659 0.089783415 0.999208689 0.038237736 -0.010943411 0.627338648
-0.011375666 0.038376726 -0.999198616 -3.359453440 -0.038711663 0.998497248 0.038790509 0.090974823 0.999185681 0.039121892 -0.009872944 0.626178563
-0.010682291 0.037413429 -0.999242723 -3.417875767 -0.039795589 0.998492241 0.037810754 0.092731610 0.999150753 0.040169358 -0.009177294 0.625869811
-0.008401431 0.035705242 -0.999327064 -3.475051641 -0.040474579 0.998531282 0.036017075 0.093851939 0.999145329 0.040749941 -0.006943936 0.623422980
-0.009082977 0.034966119 -0.999347210 -3.535177708 -0.038018953 0.998653710 0.035287410 0.094875038 0.999235690 0.038314659 -0.007741374 0.624108255
-0.008540791 0.035415750 -0.999336123 -3.593290806 -0.034237228 0.998776317 0.035688516 0.095620245 0.999377191 0.034519315 -0.007317803 0.623282373
-0.009153847 0.035832677 -0.999315798 -3.652617931 -0.032179158 0.998829603 0.036109999 0.096986726 0.999440134 0.032487694 -0.007990066 0.623308122
-0.008802080 0.038183611 -0.999231935 -3.711755514 -0.032362159 0.998736322 0.038449749 0.098487377 0.999437392 0.032675739 -0.007555251 0.622250855
-0.008942750 0.042730018 -0.999046624 -3.769753456 -0.034235794 0.998487711 0.043012567 0.098989785 0.999373794 0.034587808 -0.007466328 0.621742249
-0.006479905 0.042107597 -0.999092102 -3.827099562 -0.037266642 0.998408914 0.042320501 0.100879341 0.999284327 0.037507035 -0.004900386 0.619094729
-0.007285261 0.040266752 -0.999162436 -3.885385990 -0.037703231 0.998467386 0.040513661 0.102129325 0.999262452 0.037966803 -0.005755908 0.619603932
-0.005161262 0.038495775 -0.999245465 -3.942977428 -0.038064498 0.998527050 0.038664710 0.102873333 0.999261975 0.038235340 -0.003688336 0.617243767
-0.008185023 0.037106752 -0.999277771 -4.002958775 -0.035532575 0.998669326 0.037375193 0.104799822 0.999334991 0.035812829 -0.006855633 0.618973076
-0.008091629 0.037818089 -0.999251902 -4.061201572 -0.034033276 0.998695314 0.038072605 0.106429875 0.999387980 0.034315884 -0.006793998 0.618427336
-0.007908827 0.042074200 -0.999083161 -4.118840694 -0.033669546 0.998536706 0.042317726 0.106790498 0.999401748 0.033973362 -0.006480635 0.617720246
-0.006092504 0.042728804 -0.999068201 -4.176163197 -0.034358405 0.998487711 0.042913508 0.109513022 0.999391019 0.034587834 -0.004615198 0.616439641
-0.007338568 0.044401877 -0.998986781 -4.234654427 -0.035859413 0.998359442 0.044637423 0.109882034 0.999329925 0.036150645 -0.005734304 0.616238892
-0.006226899 0.041865021 -0.999103725 -4.292438984 -0.034943156 0.998503983 0.042057659 0.111836702 0.999369979 0.035173729 -0.004754687 0.615171075
-0.006393014 0.041116260 -0.999133945 -4.349653244 -0.033545446 0.998583078 0.041308243 0.112915352 0.999416769 0.033780467 -0.005004692 0.614981055
-0.006657569 0.042276450 -0.999083757 -4.406961918 -0.032097030 0.998582065 0.042469103 0.114356123 0.999462605 0.032350361 -0.005291181 0.614784539
-0.005498176 0.044688217 -0.998985887 -4.465423107 -0.029590616 0.998556197 0.044831857 0.116297677 0.999547005 0.029807108 -0.004167886 0.613535583
-0.006298135 0.047714390 -0.998841166 -4.521736622 -0.028281972 0.998452902 0.047874175 0.117314339 0.999580085 0.028550718 -0.004938934 0.613810062
-0.005930450 0.049177501 -0.998772442 -4.579297066 -0.029187629 0.998355925 0.049330298 0.119403385 0.999556363 0.029444350 -0.004485325 0.613158286
-0.005356009 0.051079102 -0.998680234 -4.636245728 -0.031283911 0.998197079 0.051222175 0.121227480 0.999496102 0.031516965 -0.003748399 0.612144887
-0.005036597 0.050607070 -0.998705924 -4.692373276 -0.033244576 0.998158097 0.050746966 0.122565053 0.999434471 0.033457141 -0.003344910 0.611425638
-0.004976376 0.046391316 -0.998910964 -4.749842644 -0.035581388 0.998282552 0.046539407 0.124624982 0.999354303 0.035774238 -0.003317162 0.610748589
-0.004781347 0.044641636 -0.998991609 -4.806392670 -0.037740692 0.998283267 0.044790622 0.126851007 0.999276042 0.037916791 -0.003088331 0.610174656
-0.004565086 0.043197241 -0.999056160 -4.863477230 -0.037178960 0.998368442 0.043337382 0.127821356 0.999298334 0.037341710 -0.002951609 0.609699547
-0.005373526 0.043730557 -0.999028921 -4.918929100 -0.035268635 0.998413444 0.043893311 0.129315972 0.999363482 0.035470247 -0.003822683 0.609983861
-0.004424174 0.045805894 -0.998940587 -4.977753639 -0.035460912 0.998314857 0.045934256 0.130906329 0.999361277 0.035626557 -0.002792399 0.608718038
-0.003952608 0.047962967 -0.998841345 -5.035036087 -0.033997331 0.998265207 0.048069850 0.132562533 0.999414086 0.034147937 -0.002315138 0.607851326
-0.004943780 0.046556894 -0.998903394 -5.091675758 -0.037315290 0.998211324 0.046709310 0.134460449 0.999291241 0.037505303 -0.003197654 0.607789516
-0.005247574 0.047522329 -0.998856485 -5.149588585 -0.040669903 0.998033583 0.047696847 0.136334151 0.999158800 0.040873691 -0.003304527 0.606970131
-0.005604563 0.047277261 -0.998866081 -5.207769394 -0.044818126 0.997866154 0.047481406 0.137940541 0.998979449 0.045033410 -0.003473726 0.605992615
-0.005790108 0.043523129 -0.999035656 -5.265594006 -0.044421930 0.998054981 0.043737862 0.139338553 0.998996079 0.044632334 -0.003845465 0.605486333
-0.006179033 0.039831992 -0.999187291 -5.325913906 -0.045805790 0.998146176 0.040073752 0.141237959 0.998931348 0.046016172 -0.004343042 0.604133487
-0.007416932 0.038520593 -0.999230325 -5.382963181 -0.042787578 0.998330414 0.038803495 0.143101126 0.999056578 0.043042451 -0.005756346 0.604169190
-0.007242206 0.037796810 -0.999259293 -5.445101738 -0.037722863 0.998563707 0.038043916 0.144768834 0.999261975 0.037970435 -0.005806000 0.603007793
-0.008072337 0.039693225 -0.999179304 -5.504200459 -0.036461111 0.998535633 0.039962232 0.146325856 0.999302506 0.036753774 -0.006613257 0.602700591
-0.008702075 0.043596748 -0.999011278 -5.565658092 -0.035528548 0.998404801 0.043879762 0.147844404 0.999330759 0.035875265 -0.007139264 0.601735413
-0.009702567 0.043725692 -0.998996496 -5.626781940 -0.034636013 0.998429239 0.044037271 0.149876505 0.999352932 0.035028532 -0.008172844 0.601659119
-0.009926733 0.039191782 -0.999182403 -5.687463284 -0.034329038 0.998629391 0.039511129 0.151519239 0.999361277 0.034693193 -0.008567709 0.600381315
-0.011849961 0.036067694 -0.999279082 -5.747202396 -0.034240067 0.998748600 0.036454581 0.152454838 0.999343336 0.034647360 -0.010600171 0.600172520
-0.011207164 0.034143742 -0.999354064 -5.810791016 -0.034008633 0.998825610 0.034507077 0.154750258 0.999358654 0.034373399 -0.010032821 0.598235667
-0.011830675 0.035585891 -0.999296606 -5.872275352 -0.035334464 0.998727500 0.035983954 0.155852258 0.999305546 0.035735324 -0.010558215 0.596911728
-0.012082247 0.039982181 -0.999127328 -5.935579777 -0.040909633 0.998343885 0.040445548 0.157998919 0.999089777 0.041362613 -0.010426582 0.595613480
-0.012584786 0.042855911 -0.999001980 -5.998273849 -0.046754137 0.997963130 0.043400325 0.159980088 0.998827040 0.047253661 -0.010555463 0.594132423
-0.012528296 0.043130007 -0.998990893 -6.061119556 -0.053350814 0.997617424 0.043739785 0.161491066 0.998497248 0.053844966 -0.010197422 0.592809141
-0.012087147 0.041141793 -0.999080181 -6.124349117 -0.056629129 0.997521400 0.041762713 0.163116053 0.998322129 0.057081845 -0.009727365 0.591333747
-0.012808945 0.039962132 -0.999119103 -6.186914921 -0.059120931 0.997422755 0.040652227 0.164949000 0.998168647 0.059589554 -0.010413335 0.590358138
-0.012776585 0.039718088 -0.999129295 -6.249884129 -0.058919311 0.997444689 0.040404573 0.166166395 0.998180985 0.059384231 -0.010403774 0.588149607
-0.013926568 0.038449265 -0.999163508 -6.312768459 -0.056862894 0.997612774 0.039182156 0.167796791 0.998284876 0.057360999 -0.011706986 0.588120759
-0.014554678 0.038881224 -0.999137819 -6.375678062 -0.056625944 0.997607946 0.039646570 0.169677436 0.998289406 0.057154164 -0.012318177 0.587192595
-0.015151743 0.044075631 -0.998913288 -6.437898159 -0.056903925 0.997370839 0.044870708 0.171006918 0.998264670 0.057521965 -0.012603826 0.585747004
-0.015824821 0.048353083 -0.998704910 -6.500854015 -0.056057114 0.997216105 0.049169242 0.172706142 0.998302221 0.056762617 -0.013070230 0.584745944
-0.015955521 0.047700267 -0.998734176 -6.563492298 -0.056441359 0.997225821 0.048529912 0.174044922 0.998278439 0.057144236 -0.013218988 0.583290875
-0.014613883 0.045868743 -0.998840570 -6.626109600 -0.055539634 0.997367740 0.046613697 0.176048011 0.998349547 0.056156453 -0.012027882 0.581426740
-0.013860341 0.045016952 -0.998890102 -6.688048840 -0.054625269 0.997460186 0.045710471 0.178042337 0.998410761 0.055198211 -0.011366073 0.580159843
-0.012749428 0.044898111 -0.998910189 -6.749786377 -0.054490950 0.997475743 0.045529120 0.179192334 0.998432815 0.055012040 -0.010270703 0.579353273
-0.012603078 0.046494901 -0.998838961 -6.811846733 -0.054354150 0.997409523 0.047114193 0.181083992 0.998442113 0.054884829 -0.010043240 0.579011142
-0.010688375 0.050853562 -0.998648942 -6.874775410 -0.055817649 0.997118473 0.051373042 0.182794601 0.998383760 0.056291331 -0.007819051 0.577196121
-0.009829211 0.051757656 -0.998611271 -6.936346531 -0.057203144 0.996995032 0.052236937 0.185194731 0.998314202 0.057637155 -0.006838973 0.576314449
-0.009155756 0.048513502 -0.998780549 -6.999264240 -0.059702937 0.997014046 0.048974995 0.187371567 0.998174191 0.060078524 -0.006232019 0.576083541
-0.008157133 0.045924578 -0.998911560 -7.061171055 -0.058696985 0.997200370 0.046325233 0.188993946 0.998242438 0.059010979 -0.005438662 0.574418068
-0.008863026 0.044035140 -0.998990715 -7.122028828 -0.055433054 0.997471929 0.044460006 0.191548482 0.998423040 0.055771142 -0.006399620 0.574389815
-0.008661377 0.043491796 -0.999016166 -7.184373856 -0.054273918 0.997560561 0.043898977 0.192552373 0.998488486 0.054600760 -0.006279780 0.573471010
-0.009575429 0.044634156 -0.998957455 -7.244725704 -0.051134754 0.997674286 0.045066975 0.192987323 0.998645842 0.051512979 -0.007270804 0.573529005
-0.008609118 0.042431582 -0.999062300 -7.307723045 -0.050101962 0.997826159 0.042810820 0.196032971 0.998706937 0.050423555 -0.006464498 0.571693838
-0.008529148 0.042646918 -0.999053776 -7.368994713 -0.049259454 0.997859240 0.043016464 0.197740123 0.998749554 0.049579743 -0.006410125 0.570453107
-0.008377607 0.044817913 -0.998960018 -7.430976868 -0.047881771 0.997831106 0.045168821 0.200194985 0.998817861 0.048210382 -0.006213476 0.569826603
-0.008805874 0.046494335 -0.998879731 -7.492103577 -0.044562049 0.997907817 0.046841942 0.201349288 0.998967826 0.044924621 -0.006715568 0.569261372
-0.008823198 0.044551671 -0.998968124 -7.553916931 -0.042081259 0.998105466 0.044884872 0.203795955 0.999075234 0.042433865 -0.006931693 0.569023430
-0.009580391 0.045095455 -0.998936772 -7.614542961 -0.043202281 0.998031139 0.045468908 0.205692366 0.999020338 0.043591965 -0.007613302 0.567613721
-0.009309371 0.049827408 -0.998714447 -7.676063061 -0.044295520 0.997756779 0.050192527 0.207548991 0.998975098 0.044705834 -0.007081358 0.567119360
-0.009216124 0.056287568 -0.998372078 -7.737707138 -0.049877077 0.997145832 0.056678850 0.210070580 0.998712838 0.050318237 -0.006382358 0.565641582
-0.006301620 0.056142166 -0.998402894 -7.800368786 -0.054391738 0.996925414 0.056402393 0.212439269 0.998499751 0.054660298 -0.003228574 0.563296080
-0.006039445 0.052405234 -0.998607755 -7.860148907 -0.058132086 0.996918619 0.052668180 0.214983299 0.998290658 0.058369234 -0.002974410 0.562700927
-0.004336804 0.047142453 -0.998878658 -7.920442104 -0.059658967 0.997096717 0.047317367 0.216796637 0.998209417 0.059797287 -0.001511742 0.561799049
-0.003797308 0.045134120 -0.998973727 -7.981115341 -0.062524632 0.997015536 0.045283325 0.219004557 0.998036206 0.062632412 -0.000963980 0.561549604
-0.002630352 0.041525625 -0.999134064 -8.041404724 -0.057503287 0.997477829 0.041608185 0.220896706 0.998341799 0.057562932 -0.000235858 0.560640752
-0.002134403 0.037702013 -0.999286771 -8.102346420 -0.054309376 0.997809827 0.037762292 0.221902788 0.998521805 0.054351237 -0.000082155 0.560589850
-0.002008223 0.033641536 -0.999431968 -8.162128448 -0.049578328 0.998201549 0.033699736 0.223533988 0.998768151 0.049617846 -0.000336721 0.559906065
-0.004035381 0.037455302 -0.999290109 -8.224719048 -0.044896424 0.998283803 0.037598878 0.224452436 0.998983443 0.045016278 -0.002346847 0.561050594
-0.003540335 0.044028766 -0.999024034 -8.285354614 -0.045581531 0.997984767 0.044144496 0.225740746 0.998954356 0.045693323 -0.001526302 0.560895503
-0.001107324 0.047207445 -0.998884618 -8.347557068 -0.047373902 0.997761250 0.047206875 0.227488816 0.998876631 0.047373336 0.001131555 0.559574425
0.000850728 0.043242015 -0.999064207 -8.407180786 -0.048835926 0.997874379 0.043148931 0.229702339 0.998806477 0.048753522 0.002960683 0.558878303
0.001495287 0.043773394 -0.999040365 -8.469201088 -0.050533760 0.997768342 0.043642025 0.231256142 0.998721242 0.050420009 0.003703984 0.558755457
0.002094293 0.044994112 -0.998985052 -8.529768944 -0.049267750 0.997778714 0.044836491 0.232618675 0.998783410 0.049123850 0.004306400 0.558638871
0.003099751 0.043043107 -0.999068379 -8.589485168 -0.048540790 0.997901917 0.042842250 0.234294698 0.998816311 0.048362762 0.005182595 0.558530390
0.005182503 0.041433483 -0.999127746 -8.646780014 -0.049807906 0.997911811 0.041124694 0.235625833 0.998745322 0.049551334 0.007235397 0.557907045
0.006721461 0.043362718 -0.999036789 -8.704639435 -0.050025530 0.997823000 0.042973466 0.237015665 0.998725295 0.049688492 0.008876071 0.558128238
0.008243022 0.045443360 -0.998932898 -8.759114265 -0.049571004 0.997757196 0.044980820 0.238024101 0.998736620 0.049147326 0.010477207 0.558013439
0.008559354 0.046727080 -0.998871028 -8.813698769 -0.051248994 0.997615337 0.046229187 0.239366263 0.998649240 0.050795443 0.010933659 0.558063388
0.008777501 0.048311267 -0.998793721 -8.866222382 -0.051054530 0.997551143 0.047802486 0.239985019 0.998657346 0.050573360 0.011222516 0.558399498
0.008112839 0.049143799 -0.998758674 -8.917323112 -0.050370160 0.997543812 0.048674859 0.241292775 0.998697639 0.049912751 0.010568292 0.559351623
0.008557471 0.048339568 -0.998794317 -8.968781471 -0.050087202 0.997597814 0.047852524 0.242039502 0.998708129 0.049617320 0.010958106 0.559460819
0.010712693 0.048566505 -0.998762548 -9.015425682 -0.051790953 0.997506082 0.047949906 0.243200883 0.998600423 0.051213190 0.013201282 0.558585942
0.011711366 0.049050435 -0.998727620 -9.064806938 -0.052217111 0.997463346 0.048376039 0.244431227 0.998567104 0.051584117 0.014242930 0.559746683
0.011306130 0.047799248 -0.998793006 -9.110943794 -0.050682418 0.997600317 0.047168456 0.245346442 0.998650789 0.050087951 0.013701580 0.559697390
0.007475014 0.044690594 -0.998972833 -9.157064438 -0.048270397 0.997852385 0.044279274 0.246197373 0.998806298 0.047889832 0.009616193 0.560494781
0.002799965 0.040818769 -0.999162614 -9.204387665 -0.048283279 0.998006701 0.040636234 0.247630373 0.998829782 0.048129067 0.004765247 0.560436785
-0.001719187 0.038131624 -0.999271154 -9.249300003 -0.049356256 0.998051584 0.038169995 0.248347223 0.998779655 0.049385913 0.000166197 0.559446096
-0.005962377 0.037348963 -0.999284446 -9.295289040 -0.052063353 0.997935355 0.037609175 0.249518573 0.998625994 0.052250352 -0.004005554 0.559124589
-0.008225294 0.038174458 -0.999237239 -9.340981483 -0.053512763 0.997822344 0.038560897 0.250321865 0.998533368 0.053789128 -0.006164562 0.557706058
-0.011047574 0.039976835 -0.999139667 -9.386242867 -0.052657273 0.997790813 0.040505111 0.251087129 0.998551548 0.053059444 -0.008918099 0.557895780
-0.012867847 0.041526634 -0.999054551 -9.431550980 -0.049859103 0.997867644 0.042119488 0.252106130 0.998673320 0.050353952 -0.010769929 0.557496488
-0.014008374 0.041747145 -0.999029994 -9.477421761 -0.047934465 0.997951269 0.042374205 0.253295541 0.998752177 0.048481565 -0.011978548 0.556536555
-0.014217928 0.041030373 -0.999056697 -9.521982193 -0.048546333 0.997951090 0.041675851 0.254041463 0.998719692 0.049093083 -0.012196923 0.554777026
-0.015420716 0.039693307 -0.999092937 -9.567129135 -0.050484061 0.997906387 0.040425375 0.255213827 0.998605788 0.051061660 -0.013384552 0.554255724
-0.015198193 0.038915288 -0.999126911 -9.612032890 -0.054072928 0.997748017 0.039684109 0.256378561 0.998421252 0.054628842 -0.013059706 0.553049803
-0.014072257 0.037802704 -0.999186158 -9.656385422 -0.056850314 0.997638464 0.038544808 0.256921411 0.998283446 0.057346459 -0.011889931 0.551425636
-0.013483270 0.034623865 -0.999309480 -9.701685905 -0.056663644 0.997767866 0.035334989 0.258315504 0.998302221 0.057100952 -0.011491261 0.551108479
-0.012406897 0.032653149 -0.999389768 -9.747720718 -0.056042127 0.997873008 0.033299323 0.258715272 0.998351216 0.056421075 -0.010550554 0.549845815
-0.011981687 0.032115519 -0.999412298 -9.792067528 -0.056619715 0.997858703 0.032744389 0.259777427 0.998323917 0.056978781 -0.010137659 0.549185097
-0.011286870 0.035381861 -0.999310076 -9.838441849 -0.054170970 0.997884572 0.035943229 0.260432065 0.998467922 0.054539278 -0.009346323 0.548568010
-0.011187094 0.036554806 -0.999269009 -9.884593964 -0.053425919 0.997882307 0.037102185 0.261187971 0.998509169 0.053801943 -0.009210429 0.547847927
-0.010616750 0.033216368 -0.999391854 -9.931031227 -0.048562620 0.998251617 0.033694360 0.261962533 0.998763800 0.048890814 -0.008985115 0.547651827
-0.010426504 0.029825814 -0.999500751 -9.977763176 -0.047032170 0.998434186 0.030284610 0.262959540 0.998838961 0.047324453 -0.009007404 0.546846628
-0.008751563 0.030405572 -0.999499381 -10.024674416 -0.051386707 0.998203218 0.030816084 0.264064848 0.998640478 0.051630668 -0.007173396 0.545240998
-0.007757154 0.034406036 -0.999377787 -10.072076797 -0.052624259 0.998008966 0.034767374 0.264900386 0.998584270 0.052861214 -0.005931117 0.544838130
-0.006257068 0.034060139 -0.999400139 -10.119831085 -0.050216492 0.998148084 0.034331862 0.265792549 0.998718798 0.050401188 -0.004535100 0.544857621
-0.003323415 0.034304317 -0.999405921 -10.167773247 -0.049501270 0.998180509 0.034426872 0.267857075 0.998768508 0.049586281 -0.001619260 0.543896616
-0.001329941 0.039494749 -0.999218822 -10.216406822 -0.049906570 0.997972012 0.039511893 0.268890142 0.998752952 0.049920145 0.000643804 0.543399990
-0.000565350 0.043095659 -0.999070764 -10.265485764 -0.047440264 0.997944951 0.043073941 0.270538926 0.998873889 0.047420535 0.001480282 0.544015169
0.001460176 0.043350674 -0.999058783 -10.313819885 -0.046547256 0.997979939 0.043235831 0.272000730 0.998915017 0.046440307 0.003475082 0.543407738
0.003974407 0.043888539 -0.999028504 -10.363457680 -0.050902560 0.997750103 0.043629877 0.273763776 0.998695672 0.050679710 0.006199505 0.543155849
0.007843894 0.045535326 -0.998931944 -10.412865639 -0.053083401 0.997573078 0.045056559 0.275548875 0.998559296 0.052673284 0.010242029 0.542468965
0.011916175 0.046141867 -0.998863757 -10.462701797 -0.053836681 0.997515440 0.045437332 0.276801735 0.998478651 0.053234082 0.014370696 0.542260051
0.014933670 0.045568503 -0.998849571 -10.513334274 -0.056349449 0.997411668 0.044660442 0.277454019 0.998299360 0.055617679 0.017462779 0.542940974
0.018168196 0.041065507 -0.998991191 -10.562373161 -0.057329390 0.997555137 0.039963853 0.279567659 0.998189986 0.056545496 0.020478033 0.542972207
0.019099157 0.040227838 -0.999007940 -10.612717628 -0.056737334 0.997623682 0.039087381 0.280860811 0.998206437 0.055934507 0.021336190 0.544150114
0.019331163 0.041105494 -0.998967767 -10.662220955 -0.056631152 0.997595429 0.039953146 0.282816917 0.998208046 0.055800363 0.021612531 0.545600712
0.022743158 0.045492068 -0.998705685 -10.715035439 -0.059051923 0.997281134 0.044082411 0.284038186 0.997995794 0.057972923 0.025367718 0.545216799
0.023667119 0.045610633 -0.998678923 -10.766932487 -0.059408467 0.997257471 0.044137836 0.285357684 0.997953176 0.058285367 0.026311869 0.546423197
0.025291976 0.042648271 -0.998769939 -10.818370819 -0.058133453 0.997461617 0.041120283 0.287068903 0.997988403 0.057021927 0.027707068 0.546940565
0.024693286 0.038729716 -0.998944581 -10.870136261 -0.055713207 0.997749567 0.037306197 0.289043486 0.998141468 0.054733187 0.026795473 0.548894882
0.024760967 0.038676526 -0.998945057 -10.922789574 -0.052334819 0.997931361 0.037340056 0.289337397 0.998322546 0.051355027 0.026733875 0.549882352
0.025005458 0.037473369 -0.998984694 -10.975486755 -0.052781083 0.997952878 0.036113512 0.291011214 0.998293042 0.051824458 0.026932152 0.551040947
0.024482360 0.037410501 -0.999000132 -11.025625229 -0.052615546 0.997962713 0.036082216 0.292058110 0.998314679 0.051679540 0.026400857 0.552433729
0.023980880 0.037846688 -0.998995781 -11.078289986 -0.053610153 0.997893989 0.036518034 0.293439507 0.998273909 0.052680582 0.025959341 0.553761661
