0.999998569 0.001164332 0.001246662 -0.000335740 -0.001168922 0.999992490 0.003688147 -0.001035798 -0.001242358 -0.003689600 0.999992430 0.058225371
0.999997735 0.001199101 0.001755518 0.000276732 -0.001211444 0.999974430 0.007047234 -0.000826683 -0.001747023 -0.007049345 0.999973655 0.087933280
0.999991834 0.000214879 0.004041411 -0.000402969 -0.000260437 0.999936342 0.011275654 -0.001933833 -0.004038731 -0.011276613 0.999928236 0.111955464
0.999987364 -0.000420175 0.005013362 -0.000218214 0.000356776 0.999920070 0.012640076 -0.001568497 -0.005018272 -0.012638127 0.999907553 0.141410232
0.999981225 -0.000000346 0.006124685 -0.000096016 -0.000080801 0.999912202 0.013248821 -0.002599500 -0.006124151 -0.013249065 0.999893486 0.162001893
0.999973297 0.001042150 0.007229294 -0.000136080 -0.001121403 0.999939263 0.010967339 -0.003085862 -0.007217425 -0.010975155 0.999913692 0.185361326
0.999962747 0.001010185 0.008569688 -0.000135454 -0.001076624 0.999969363 0.007751738 -0.003124981 -0.008561594 -0.007760676 0.999933243 0.206791341
0.999947011 -0.000817316 0.010254920 0.000154753 0.000751927 0.999979377 0.006378520 -0.003424006 -0.010259919 -0.006370471 0.999927044 0.227631792
0.999916255 -0.004520809 0.012124429 0.000432468 0.004473326 0.999982119 0.003940599 -0.003685222 -0.012142030 -0.003886032 0.999918699 0.247235164
0.999878526 -0.006465362 0.014182118 0.000647341 0.006421364 0.999974310 0.003145638 -0.004130201 -0.014202094 -0.003054187 0.999894440 0.266345590
0.999871314 -0.002028457 0.015914863 0.001141032 0.002018883 0.999997795 0.000617657 -0.004282038 -0.015916079 -0.000585447 0.999873161 0.283138573
0.999818385 0.002295299 0.018924346 0.001082484 -0.002289647 0.999997377 -0.000320350 -0.004582840 -0.018925026 0.000276962 0.999820888 0.299241513
0.999748111 0.002826589 0.022264384 0.001516056 -0.002849880 0.999995410 0.001014477 -0.005055360 -0.022261413 -0.001077672 0.999751627 0.313782066
0.999670029 -0.001595612 0.025636412 0.002013238 0.001560066 0.999997735 0.001406524 -0.005226901 -0.025638599 -0.001366066 0.999670267 0.327451289
0.999585032 -0.006089865 0.028154900 0.002772037 0.006047079 0.999980390 0.001604529 -0.005611674 -0.028164113 -0.001433608 0.999602258 0.338955134
0.999495208 -0.009936953 0.030176219 0.003473207 0.009848442 0.999946773 0.003080330 -0.005991998 -0.030205220 -0.002781586 0.999539793 0.349548042
0.999403894 -0.009951808 0.033058129 0.003835362 0.009829475 0.999944210 0.003860953 -0.006028384 -0.033094719 -0.003533707 0.999445915 0.359430909
0.999337971 -0.009119857 0.035222027 0.004075013 0.009027074 0.999955297 0.002792330 -0.006149644 -0.035245921 -0.002472529 0.999375582 0.368326783
0.999257326 -0.008321488 0.037627462 0.004295807 0.008270179 0.999964654 0.001519094 -0.006427146 -0.037638780 -0.001206780 0.999290705 0.375659913
0.999181330 -0.006205857 0.039978374 0.004590837 0.006182577 0.999980688 0.000705923 -0.006611024 -0.039981991 -0.000458176 0.999200344 0.382977784
0.999114215 -0.003328633 0.041948657 0.004651846 0.003329578 0.999994457 0.000047343 -0.006877139 -0.041948587 0.000092371 0.999119759 0.389508426
0.999053836 -0.002141815 0.043436956 0.004841847 0.002196964 0.999996841 -0.001221937 -0.007243639 -0.043434195 0.001316210 0.999055445 0.396009743
0.998988390 -0.002885520 0.044876900 0.005459999 0.003022686 0.999991119 -0.002988951 -0.007354478 -0.044867877 0.003121577 0.998987973 0.402428895
0.998902261 -0.004044483 0.046667293 0.005724465 0.004259130 0.999980927 -0.004501007 -0.007470551 -0.046648197 0.004694829 0.998900294 0.408727676
0.998838484 -0.004376380 0.047986802 0.005854892 0.004647651 0.999973834 -0.005542910 -0.007548649 -0.047961291 0.005759497 0.998832583 0.414099485
0.998753846 -0.004259478 0.049725354 0.006263824 0.004611842 0.999965072 -0.006973645 -0.007718149 -0.049693912 0.007194279 0.998738587 0.419565439
0.998690546 -0.003312697 0.051050872 0.006483423 0.003764076 0.999954641 -0.008748139 -0.007928652 -0.051019572 0.008928844 0.998657763 0.424866021
0.998649478 -0.003022721 0.051866382 0.006679079 0.003599302 0.999932766 -0.011026867 -0.008062452 -0.051829562 0.011198657 0.998593152 0.430090547
0.998597264 -0.004003053 0.052796166 0.007017333 0.004716659 0.999899089 -0.013398597 -0.008249473 -0.052737206 0.013628821 0.998515427 0.435361713
0.998639882 -0.004702976 0.051924873 0.007722713 0.005506402 0.999867082 -0.015340656 -0.008424196 -0.051845834 0.015605705 0.998533130 0.440570503
0.998735964 -0.005739787 0.049935997 0.007758819 0.006541776 0.999851942 -0.015911734 -0.008911856 -0.049837276 0.016218286 0.998625636 0.445842028
0.998859942 -0.005650058 0.047401682 0.007537334 0.006476017 0.999829531 -0.017289205 -0.008672937 -0.047295909 0.017576467 0.998726189 0.451035172
0.999043524 -0.004835153 0.043458547 0.007620674 0.005634471 0.999816895 -0.018289031 -0.008990862 -0.043362152 0.018516399 0.998887658 0.456339270
0.999272645 -0.005233940 0.037775770 0.007514932 0.005962657 0.999797821 -0.019203763 -0.009381847 -0.037667621 0.019415040 0.999101639 0.461489409
0.999512136 -0.004871755 0.030850677 0.007341038 0.005494848 0.999781966 -0.020144586 -0.009151515 -0.030745815 0.020304281 0.999320984 0.466285944
0.999709368 -0.004529720 0.023679243 0.007272096 0.005042193 0.999753356 -0.021627627 -0.009055395 -0.023575438 0.021740738 0.999485612 0.471549779
0.999870062 -0.005076855 0.015299073 0.007259884 0.005414540 0.999740839 -0.022112234 -0.009378348 -0.015182851 0.022192201 0.999638438 0.476863772
0.999965727 -0.006427366 0.005220499 0.006769244 0.006548679 0.999700904 -0.023563128 -0.009404826 -0.005067490 0.023596507 0.999708712 0.482735842
0.999938607 -0.008007661 -0.007660555 0.006383342 0.007809475 0.999642789 -0.025560435 -0.009386369 0.007862497 0.025499037 0.999643922 0.488719493
0.999668717 -0.008804098 -0.024182776 0.005840190 0.008148672 0.999600351 -0.027069120 -0.009918245 0.024411429 0.026863094 0.999341011 0.495268583
0.999028087 -0.008364187 -0.043276645 0.004802210 0.007121884 0.999560416 -0.028781047 -0.009628556 0.043498352 0.028444862 0.998648465 0.502073228
0.997857094 -0.007639928 -0.064985104 0.003255598 0.005817064 0.999585569 -0.028193602 -0.010216404 0.065173581 0.027755162 0.997487783 0.509646535
0.996095061 -0.006715783 -0.088031560 0.000864234 0.004333855 0.999620140 -0.027220918 -0.010516647 0.088180922 0.026733108 0.995745659 0.517909288
0.993272543 -0.005756862 -0.115657434 -0.000491787 0.002783483 0.999661922 -0.025853578 -0.010786154 0.115767166 0.025357716 0.992952645 0.526885629
0.989364088 -0.004744748 -0.145382762 -0.003359467 0.001292072 0.999715090 -0.023834085 -0.011195119 0.145454451 0.023392746 0.989088356 0.536639273
0.984004140 -0.004811233 -0.178080708 -0.007040061 0.001181485 0.999789476 -0.020483043 -0.011497186 0.178141773 0.019944999 0.983802617 0.546854913
0.976490915 -0.004085015 -0.215519398 -0.010146014 0.000457275 0.999857485 -0.016879722 -0.011722043 0.215557650 0.016384346 0.976353645 0.556984425
0.966821611 -0.002774089 -0.255437493 -0.014342278 -0.000289895 0.999928415 -0.011956613 -0.012037719 0.255452394 0.011633961 0.966751635 0.567775786
0.955042422 0.001518167 -0.296465337 -0.019105434 -0.003883274 0.999965131 -0.007388983 -0.012336632 0.296443790 0.008208049 0.955015004 0.578502357
0.940783262 0.004231158 -0.338982195 -0.024359375 -0.005785608 0.999976873 -0.003575245 -0.012331927 0.338959187 0.005324748 0.940786004 0.589666009
0.924438596 0.007192912 -0.381263047 -0.031848654 -0.007107310 0.999973357 0.001632597 -0.012387043 0.381264627 0.001200519 0.924465120 0.601790369
0.904870629 0.010860376 -0.425548017 -0.037753329 -0.007721248 0.999928713 0.009100903 -0.013062982 0.425616533 -0.004949379 0.904890001 0.612494707
0.883055568 0.015588018 -0.469009459 -0.045496643 -0.009267282 0.999832511 0.015781946 -0.013368667 0.469176918 -0.009589893 0.883052111 0.624433935
0.858309627 0.021244433 -0.512692153 -0.053981960 -0.012702168 0.999716163 0.020160262 -0.013534287 0.512974918 -0.010791447 0.858335793 0.635469675
0.829997420 0.023745719 -0.557261527 -0.063383549 -0.012947430 0.999644339 0.023312107 -0.013587608 0.557616889 -0.012133885 0.830009758 0.647368670
0.799167037 0.027281243 -0.600489616 -0.073904306 -0.016105650 0.999582708 0.023978360 -0.013297716 0.600893259 -0.009491436 0.799272954 0.658638060
0.765764713 0.030592684 -0.642392755 -0.086578935 -0.017548295 0.999489963 0.026680274 -0.012946897 0.642881334 -0.009157917 0.765911043 0.670750022
0.728776217 0.033814229 -0.683916509 -0.099959105 -0.018629363 0.999389291 0.029560545 -0.012109861 0.684498429 -0.008802094 0.728961170 0.682710350
0.689552307 0.035023611 -0.723388553 -0.113531291 -0.016937759 0.999336660 0.032238431 -0.011670690 0.724037766 -0.009977504 0.689688146 0.693908691
0.647740960 0.035139289 -0.761049867 -0.128818542 -0.013932939 0.999315083 0.034281958 -0.011879548 0.761733294 -0.011602167 0.647786856 0.705606759
0.606220603 0.033796757 -0.794578135 -0.145206928 -0.009257882 0.999328852 0.035442397 -0.011010800 0.795242667 -0.014129802 0.606126606 0.715878487
0.561407149 0.033693705 -0.826853573 -0.162523836 -0.004222046 0.999274433 0.037853096 -0.010775456 0.827528954 -0.017759984 0.561142027 0.726381302
0.514577150 0.034687493 -0.856742144 -0.181512177 -0.002434024 0.999236524 0.038994826 -0.009847103 0.857440531 -0.017980516 0.514268816 0.736358404
0.464743376 0.034663908 -0.884766638 -0.201663047 -0.002631491 0.999283016 0.037768256 -0.008930104 0.885441482 -0.015224290 0.464501441 0.745136678
0.412533164 0.034604698 -0.910285056 -0.222321451 0.001168340 0.999257386 0.038516469 -0.008586569 0.910941899 -0.016952846 0.412186265 0.753012776
0.358903676 0.032595035 -0.932805419 -0.245136753 0.007003070 0.999267876 0.037611924 -0.007587045 0.933348358 -0.020031556 0.358412623 0.760523438
0.303758144 0.031208184 -0.952237904 -0.268622041 0.009324444 0.999318063 0.035725608 -0.006677365 0.952703595 -0.019731030 0.303259999 0.767318547
0.250949264 0.036563165 -0.967309415 -0.293952197 0.009448705 0.999146283 0.040217824 -0.005460925 0.967954159 -0.019232454 0.250389516 0.772103667
0.201324135 0.042572342 -0.978599072 -0.319961965 0.011517392 0.998883069 0.045824196 -0.004894948 0.979457080 -0.020496424 0.200608969 0.775224268
0.153257474 0.043130763 -0.987244606 -0.347053111 0.016754262 0.998789966 0.046236057 -0.003762554 0.988044143 -0.023626577 0.152349442 0.778523445
0.108178429 0.045497436 -0.993089795 -0.375570029 0.019284606 0.998668194 0.047853693 -0.003560130 0.993944347 -0.024328085 0.107156940 0.780917704
0.068225466 0.044463195 -0.996678710 -0.404375345 0.018852353 0.998770595 0.045847014 -0.002872409 0.997491717 -0.021917675 0.067303360 0.781431794
0.032189481 0.039354775 -0.998706639 -0.435893536 0.016044566 0.999075413 0.039886434 -0.001051985 0.999352992 -0.017307740 0.031528275 0.781525135
0.003349292 0.039500527 -0.999213934 -0.467492938 0.013707728 0.999123871 0.039542913 0.000122029 0.999900401 -0.013829394 0.002804893 0.780865192
-0.017718375 0.043621998 -0.998890877 -0.500350296 0.012433548 0.998980165 0.043405350 0.001253603 0.999765635 -0.011650688 -0.018242683 0.779456496
-0.030863283 0.049553093 -0.998294532 -0.534529865 0.013723013 0.998697102 0.049148820 0.002590593 0.999429345 -0.012182714 -0.031503092 0.778051615
-0.038558632 0.052128386 -0.997895718 -0.569533944 0.013384026 0.998575747 0.051646750 0.003876457 0.999166727 -0.011364435 -0.039201401 0.776342869
-0.041718781 0.049299166 -0.997912407 -0.605282187 0.014383277 0.998708069 0.048737161 0.005223619 0.999025822 -0.012319996 -0.042373966 0.774342775
-0.041874681 0.045556385 -0.998083711 -0.642537653 0.022272490 0.998754203 0.044652551 0.006694075 0.998874605 -0.020359993 -0.042837169 0.773211539
-0.036518522 0.043416642 -0.998389304 -0.679968357 0.033276401 0.998554468 0.042206660 0.008610850 0.998778701 -0.031681485 -0.037910488 0.771838129
-0.032289013 0.044059895 -0.998506963 -0.719573677 0.034474958 0.998482466 0.042943988 0.009881737 0.998883843 -0.033036865 -0.033758979 0.771576762
-0.026306141 0.042549364 -0.998747945 -0.759270668 0.032254662 0.998609662 0.041693911 0.011053225 0.999133408 -0.031117475 -0.027641982 0.769709349
-0.023753015 0.036369421 -0.999056101 -0.800524235 0.036195941 0.998714089 0.035496403 0.012182167 0.999062300 -0.035318624 -0.025038898 0.769178033
-0.020750787 0.025776425 -0.999452353 -0.841641486 0.033962809 0.999108791 0.025062427 0.013068810 0.999207556 -0.033424143 -0.021607732 0.767523468
-0.020097714 0.017585000 -0.999643445 -0.884673655 0.026351752 0.999507189 0.017052818 0.013639226 0.999450624 -0.025999630 -0.020551210 0.766033709
-0.021734124 0.014464466 -0.999659121 -0.928413272 0.020773459 0.999685943 0.014013208 0.014693483 0.999547958 -0.020461807 -0.022027774 0.763872504
-0.024951171 0.020648714 -0.999475360 -0.973718703 0.011133138 0.999730349 0.020376055 0.015136049 0.999626696 -0.010618889 -0.025174327 0.761638880
-0.029394843 0.028679010 -0.999156475 -1.020401001 0.005972222 0.999575496 0.028515339 0.016030256 0.999550104 -0.005128980 -0.029553646 0.759585202
-0.034574024 0.038124196 -0.998674691 -1.068397999 0.004606890 0.999267519 0.037987333 0.017379992 0.999391496 -0.003287410 -0.034724329 0.757949710
-0.035977460 0.048122421 -0.998193324 -1.115787625 0.003825552 0.998839259 0.048015680 0.018643346 0.999345243 -0.002091158 -0.036119793 0.756051421
-0.036665272 0.055736333 -0.997772157 -1.164258361 0.005113362 0.998440742 0.055585794 0.020397637 0.999314487 -0.003063902 -0.036893107 0.753523707
-0.038902916 0.056811895 -0.997626662 -1.215052009 0.006529908 0.998375535 0.056599908 0.022485457 0.999221623 -0.004312509 -0.039210696 0.751966953
-0.040902194 0.053576592 -0.997725606 -1.263280630 0.004992712 0.998559773 0.053416703 0.025071833 0.999150634 -0.002796496 -0.041110773 0.750034392
-0.043199115 0.048662819 -0.997880638 -1.311108470 0.004676459 0.998811901 0.048505791 0.026839301 0.999055445 -0.002571141 -0.043375362 0.747071028
-0.048056245 0.043952998 -0.997877121 -1.363122225 0.005120788 0.999029040 0.043757126 0.028225571 0.998831511 -0.003007114 -0.048234660 0.744649649
-0.053680472 0.039387487 -0.997781098 -1.412062168 0.004804914 0.999220371 0.039185800 0.029802809 0.998546481 -0.002690740 -0.053827882 0.741544485
-0.060769722 0.037628908 -0.997442365 -1.463552475 0.003658488 0.999290884 0.037475754 0.031229351 0.998145163 -0.001371740 -0.060864296 0.738652706
-0.067393519 0.039326116 -0.996951163 -1.514564633 0.003788905 0.999225795 0.039159726 0.033355139 0.997719288 -0.001138242 -0.067490339 0.735122740
-0.073529325 0.044441868 -0.996302366 -1.565314651 0.002505573 0.999011695 0.044377811 0.034438889 0.997289956 0.000766762 -0.073567986 0.730956674
-0.079768129 0.047091573 -0.995700538 -1.616621017 -0.000414418 0.998881876 0.047275238 0.036774475 0.996813297 0.004183693 -0.079659417 0.726629317
-0.084502198 0.049127717 -0.995211482 -1.669268489 -0.003784208 0.998760760 0.049624238 0.038615499 0.996416032 0.007959445 -0.084211566 0.721454918
-0.086911723 0.050735936 -0.994923174 -1.720678926 -0.008203316 0.998631954 0.051641662 0.040201485 0.996182263 0.012649937 -0.086376615 0.716467917
-0.088997185 0.052196875 -0.994663298 -1.771855474 -0.011074011 0.998512387 0.053389709 0.041860420 0.995970309 0.015766447 -0.088286765 0.711807609
-0.090385161 0.051557112 -0.994571447 -1.825487971 -0.012826942 0.998515844 0.052927289 0.043895356 0.995824277 0.017541153 -0.089589693 0.706259847
-0.091814205 0.050525926 -0.994493544 -1.877387762 -0.013572083 0.998555601 0.051985316 0.046434961 0.995683730 0.018270340 -0.090995848 0.701694906
-0.092626899 0.049923945 -0.994448543 -1.928310513 -0.014477304 0.998569071 0.051479284 0.048139937 0.995595634 0.019165302 -0.091771595 0.695865154
-0.094266318 0.048921879 -0.994344175 -1.983239770 -0.016774694 0.998571992 0.050720163 0.050512578 0.995405614 0.021461027 -0.093311056 0.691447914
-0.095025145 0.045337085 -0.994441926 -2.035831451 -0.022722498 0.998603284 0.047698084 0.053383518 0.995215476 0.027128721 -0.093862265 0.686265230
-0.095002621 0.039552711 -0.994690895 -2.088582516 -0.028698441 0.998686194 0.042452559 0.056973040 0.995063305 0.032579184 -0.093742713 0.680373430
-0.094233856 0.038583010 -0.994802117 -2.142353773 -0.029496163 0.998701811 0.041528311 0.059056073 0.995113015 0.033256222 -0.092973463 0.675355792
-0.092684701 0.043477450 -0.994745791 -2.194490433 -0.029916700 0.998473585 0.046427839 0.059811212 0.995245993 0.034062665 -0.091242529 0.669994950
-0.090875424 0.047573522 -0.994725347 -2.247127533 -0.029400071 0.998294771 0.050430141 0.060254894 0.995428205 0.033827856 -0.089321800 0.664969981
-0.089111745 0.046836473 -0.994919837 -2.300561428 -0.027483976 0.998397768 0.049461849 0.062553689 0.995642424 0.031751987 -0.087681711 0.659765005
-0.086647466 0.044746589 -0.995233595 -2.356122255 -0.028244097 0.998478830 0.047351494 0.066436090 0.995838702 0.032212362 -0.085251831 0.654746532
-0.082941227 0.046019830 -0.995491326 -2.410564184 -0.031845380 0.998300612 0.048802964 0.067184702 0.996045470 0.035749573 -0.081334755 0.650355935
-0.076898135 0.047249496 -0.995918810 -2.464237452 -0.036713522 0.998064876 0.050186086 0.068476588 0.996362746 0.040422898 -0.075014621 0.645453215
-0.071401283 0.046738252 -0.996352017 -2.519245386 -0.040404525 0.997946143 0.049708530 0.070423096 0.996628940 0.043806382 -0.069366187 0.641121149
-0.065670706 0.045448933 -0.996805727 -2.575541735 -0.042551190 0.997925937 0.048303325 0.073142037 0.996933699 0.045587394 -0.063600585 0.636912823
-0.059756503 0.044470191 -0.997221887 -2.630780220 -0.042481184 0.997988760 0.047049984 0.075138643 0.997308671 0.045174710 -0.057747155 0.633091450
-0.054004245 0.043654844 -0.997585952 -2.685666084 -0.041164257 0.998097181 0.045905650 0.077751175 0.997691929 0.043543987 -0.052104466 0.629332662
-0.048860602 0.044689801 -0.997805297 -2.740365028 -0.039593495 0.998126626 0.046643019 0.079046965 0.998020530 0.041785605 -0.046999633 0.626669526
-0.042679574 0.045266196 -0.998062849 -2.796783924 -0.039282970 0.998124599 0.046948835 0.082311392 0.998316228 0.041210629 -0.040821344 0.623743415
-0.037094291 0.045602474 -0.998270690 -2.851377964 -0.040254600 0.998079181 0.047089536 0.085279331 0.998500645 0.041931737 -0.035187326 0.621115386
-0.031929705 0.047225967 -0.998373806 -2.908140898 -0.038494051 0.998083889 0.048443358 0.084015481 0.998748541 0.039978240 -0.030050606 0.619055748
-0.026797879 0.042237677 -0.998748243 -2.963469982 -0.039012831 0.998301625 0.043265563 0.086299427 0.998879373 0.040123425 -0.025104556 0.617010713
-0.022614243 0.037209723 -0.999051571 -3.019507170 -0.038351178 0.998539209 0.038058762 0.087575674 0.999008417 0.039175469 -0.021154176 0.615625262
-0.019091124 0.036714688 -0.999143422 -3.076391220 -0.038313940 0.998564601 0.037425507 0.089000478 0.999083400 0.038995616 -0.017657038 0.614425421
-0.015401548 0.038962718 -0.999121964 -3.132218122 -0.037612818 0.998510599 0.039518684 0.090173408 0.999173701 0.038188443 -0.013913114 0.612726212
-0.013760159 0.039079331 -0.999141276 -3.188574553 -0.037557069 0.998510659 0.039571892 0.091220841 0.999199867 0.038069341 -0.012271957 0.612349451
-0.013320023 0.036970470 -0.999227583 -3.246081829 -0.040388752 0.998480856 0.037481230 0.094439633 0.999095321 0.040856805 -0.011806597 0.611819863
-0.011888388 0.039741069 -0.999139309 -3.301801682 -0.040385906 0.998375416 0.040191222 0.094243169 0.999113381 0.040828951 -0.010264096 0.609845161
-0.010703648 0.039139859 -0.999176383 -3.358173132 -0.041550893 0.998353124 0.039552730 0.095760748 0.999079108 0.041940030 -0.009059722 0.608694315
-0.009550333 0.037670940 -0.999244571 -3.416434526 -0.041357711 0.998420179 0.038035147 0.096700341 0.999098778 0.041689716 -0.007977261 0.607871830
-0.009180510 0.035795148 -0.999316990 -3.473749161 -0.039852556 0.998552024 0.036133863 0.098515339 0.999163508 0.040157057 -0.007740689 0.607438743
-0.009206755 0.036135029 -0.999304533 -3.531367064 -0.036400829 0.998672366 0.036447544 0.099280909 0.999294817 0.036711074 -0.007879187 0.607266009
-0.008945866 0.036591936 -0.999290287 -3.588531733 -0.034231059 0.998733342 0.036877982 0.100519702 0.999373853 0.034536671 -0.007681954 0.606526315
-0.006736572 0.040379450 -0.999161720 -3.645555019 -0.034466885 0.998581290 0.040588379 0.100951567 0.999383152 0.034711421 -0.005335261 0.603475153
-0.009067060 0.044620950 -0.998962879 -3.705513954 -0.036102980 0.998337984 0.044920728 0.101820812 0.999306917 0.036472835 -0.007441042 0.604795039
-0.005792470 0.044600520 -0.998988211 -3.760669708 -0.038442463 0.998256385 0.044790763 0.103433758 0.999243975 0.038663018 -0.004067817 0.601539552
-0.004958987 0.041594360 -0.999122262 -3.817286730 -0.040104505 0.998322487 0.041760113 0.105521470 0.999183118 0.040276397 -0.003282547 0.600542307
-0.005880519 0.039327558 -0.999208987 -3.875845671 -0.039361883 0.998442829 0.039529055 0.107172623 0.999207735 0.039563209 -0.004323354 0.600546718
-0.005052247 0.037920550 -0.999267995 -3.932805538 -0.036357719 0.998613119 0.038079519 0.109346658 0.999326110 0.036523495 -0.003666535 0.599518120
-0.006132374 0.040054280 -0.999178708 -3.990501165 -0.035247259 0.998567939 0.040246133 0.110042237 0.999359787 0.035465106 -0.004711788 0.599676013
-0.003825088 0.043103792 -0.999063313 -4.047230721 -0.035491534 0.998435259 0.043212589 0.111050308 0.999362648 0.035623573 -0.002289284 0.597715497
-0.004944223 0.045008183 -0.998974383 -4.104733944 -0.034809567 0.998373330 0.045153402 0.112974554 0.999381721 0.034997117 -0.003369465 0.598045170
-0.004972517 0.045752104 -0.998940468 -4.161751270 -0.036775917 0.998268545 0.045904402 0.113894120 0.999311149 0.036965214 -0.003281332 0.597332299
-0.004224113 0.043328542 -0.999051929 -4.218201160 -0.035996795 0.998406768 0.043452762 0.115847498 0.999342978 0.036146224 -0.002657694 0.596823454
-0.003846160 0.041069012 -0.999148905 -4.273936749 -0.033941720 0.998575270 0.041176092 0.117902689 0.999416471 0.034071200 -0.002446726 0.596536458
-0.004668178 0.043145616 -0.999057829 -4.330274582 -0.032596651 0.998531282 0.043275181 0.118774958 0.999457657 0.032767959 -0.003254919 0.596796453
-0.003318207 0.045857247 -0.998942435 -4.386737823 -0.030351913 0.998483121 0.045936987 0.120556436 0.999533713 0.030472245 -0.001921319 0.596097767
-0.003430574 0.048840981 -0.998800635 -4.443098068 -0.029324802 0.998372138 0.048920739 0.121907800 0.999563992 0.029457463 -0.001992738 0.595612168
-0.003590084 0.050021794 -0.998741686 -4.500430107 -0.028947083 0.998324394 0.050104953 0.124028504 0.999574482 0.029090540 -0.002136083 0.595206261
-0.003001748 0.051585235 -0.998664141 -4.556560040 -0.031593949 0.998165131 0.051654428 0.126305640 0.999496281 0.031706791 -0.001366459 0.594338596
-0.001993421 0.050979443 -0.998697758 -4.613054276 -0.033407379 0.998138845 0.051017594 0.127396464 0.999439776 0.033465572 -0.000286622 0.593583286
-0.002220992 0.047504704 -0.998868465 -4.669161320 -0.036459528 0.998203039 0.047554117 0.128906280 0.999332666 0.036523886 -0.000485002 0.592497826
-0.001376615 0.046249323 -0.998928905 -4.723931789 -0.038534693 0.998185515 0.046268005 0.130551383 0.999256372 0.038557120 0.000408085 0.591378748
-0.000866941 0.044215530 -0.999021590 -4.781008720 -0.038186267 0.998291910 0.044216368 0.132005394 0.999270201 0.038187250 0.000822966 0.591026723
-0.000890434 0.044487968 -0.999009490 -4.835683346 -0.036572237 0.998340249 0.044490755 0.133747563 0.999330521 0.036575630 0.000738068 0.590747774
-0.000825987 0.046894740 -0.998899519 -4.893457890 -0.036312398 0.998239577 0.046893783 0.135035485 0.999340057 0.036311168 0.000878328 0.590535223
-0.000416959 0.049453467 -0.998776317 -4.949224949 -0.034651041 0.998175919 0.049438201 0.136252761 0.999399364 0.034629248 0.001297415 0.590174258
-0.001648398 0.047986839 -0.998846531 -5.005792618 -0.038390189 0.998108625 0.048014741 0.138356894 0.999261439 0.038425066 0.000196943 0.590306878
-0.002311080 0.049183793 -0.998786986 -5.062030315 -0.042206049 0.997894883 0.049237516 0.140105769 0.999106228 0.042268645 -0.000230362 0.589847744
-0.002527226 0.048856370 -0.998802543 -5.119102001 -0.045680158 0.997757494 0.048920829 0.141510844 0.998952925 0.045749094 -0.000289793 0.589159846
-0.003107475 0.045807227 -0.998945415 -5.174240589 -0.045816548 0.997894704 0.045901570 0.142430514 0.998945057 0.045910869 -0.001002205 0.589459240
-0.002973797 0.041374195 -0.999139309 -5.235431194 -0.046490569 0.998057663 0.041467771 0.144934297 0.998914301 0.046573870 -0.001044511 0.587523043
-0.004864987 0.040065117 -0.999185264 -5.291054249 -0.043223020 0.998254836 0.040238257 0.146940529 0.999053657 0.043383554 -0.003124762 0.587926745
-0.004170447 0.039362591 -0.999216259 -5.352399826 -0.038622655 0.998473048 0.039494514 0.148688748 0.999245167 0.038757093 -0.002643792 0.586763263
-0.005633621 0.041156393 -0.999136865 -5.410124302 -0.037240028 0.998450994 0.041338116 0.150329918 0.999290466 0.037440766 -0.004092230 0.586965621
-0.005046443 0.045170788 -0.998966455 -5.470880032 -0.037015136 0.998286188 0.045327008 0.151945084 0.999301910 0.037205633 -0.003365790 0.585462928
-0.006428424 0.045176353 -0.998958290 -5.530110359 -0.035705261 0.998331666 0.045377772 0.154049918 0.999341667 0.035959776 -0.004804665 0.585838199
-0.006982174 0.040732846 -0.999145687 -5.589285851 -0.035703212 0.998522818 0.040956952 0.155904502 0.999338031 0.035958674 -0.005517567 0.585260093
-0.006888756 0.037631117 -0.999267876 -5.650464058 -0.035114858 0.998666346 0.037850525 0.156558201 0.999359548 0.035349902 -0.005558158 0.583786011
-0.007605991 0.035853311 -0.999328077 -5.711043358 -0.034714997 0.998745143 0.036096606 0.158494711 0.999368310 0.034966227 -0.006351798 0.583405733
-0.008259746 0.037595890 -0.999258876 -5.772278309 -0.035881452 0.998638213 0.037869144 0.159443349 0.999321938 0.036167644 -0.006899504 0.582197785
-0.008581858 0.042212903 -0.999071777 -5.833223343 -0.040574983 0.998271048 0.042527605 0.161193728 0.999139667 0.040902283 -0.006854233 0.580730200
-0.008987249 0.045465872 -0.998925388 -5.894767761 -0.046216711 0.997879386 0.045834064 0.162694246 0.998890936 0.046578977 -0.006866907 0.580063522
-0.009350504 0.045349400 -0.998927355 -5.957129478 -0.052836321 0.997553170 0.045781586 0.164399341 0.998559296 0.053207729 -0.006931528 0.578989804
-0.008564292 0.043437783 -0.999019444 -6.018120766 -0.056477781 0.997440219 0.043853290 0.166438922 0.998367131 0.056797978 -0.006089101 0.577152610
-0.008825492 0.041978151 -0.999079585 -6.079151154 -0.058872271 0.997363627 0.042426102 0.168478236 0.998226583 0.059192516 -0.006330876 0.576129198
-0.009647432 0.041756999 -0.999081194 -6.141746521 -0.058775216 0.997376740 0.042253312 0.169400901 0.998224556 0.059128854 -0.007167846 0.575292110
-0.009809273 0.040830951 -0.999117911 -6.203520775 -0.057080384 0.997513950 0.041325819 0.170902491 0.998321354 0.057435412 -0.007454241 0.574323475
-0.010363891 0.041734852 -0.999074996 -6.264514923 -0.056875728 0.997486472 0.042258494 0.172291815 0.998327494 0.057261072 -0.007964140 0.573550105
-0.010664663 0.046667427 -0.998853624 -6.326880932 -0.056166694 0.997305334 0.047194779 0.174194992 0.998364449 0.056605622 -0.008014772 0.571913719
-0.011328088 0.050638597 -0.998652816 -6.388918877 -0.055975493 0.997118771 0.051195752 0.176204711 0.998367846 0.056480031 -0.008460929 0.571468055
-0.011792459 0.049740873 -0.998692513 -6.449184895 -0.055754993 0.997175395 0.050323661 0.177702516 0.998374820 0.056275535 -0.008985846 0.570880413
-0.011217187 0.048320275 -0.998768866 -6.511229515 -0.055468723 0.997263610 0.048870426 0.179796398 0.998397350 0.055948615 -0.008506229 0.570059061
-0.009793267 0.047661941 -0.998815536 -6.572133064 -0.054502055 0.997353137 0.048126552 0.181727514 0.998465598 0.054908808 -0.007169672 0.569105804
-0.008992461 0.046486668 -0.998878479 -6.633569717 -0.054986339 0.997384429 0.046912163 0.183820263 0.998446584 0.055346530 -0.006412807 0.568887949
-0.007763399 0.049086455 -0.998764277 -6.694626331 -0.054534115 0.997287273 0.049437750 0.185289741 0.998481750 0.054850530 -0.005065452 0.567425787
-0.007090658 0.052157745 -0.998613656 -6.756746292 -0.055705883 0.997067332 0.052472528 0.188006505 0.998422086 0.056000710 -0.004164373 0.567188382
-0.005466536 0.053757045 -0.998539090 -6.817171574 -0.057262912 0.996898770 0.053982221 0.189792201 0.998344183 0.057474360 -0.002371297 0.565807521
-0.004602793 0.051662792 -0.998654008 -6.877527237 -0.059360128 0.996889472 0.051845104 0.191250786 0.998226047 0.059518859 -0.001521766 0.565233946
-0.003897192 0.048322767 -0.998824179 -6.937965870 -0.058325402 0.997120380 0.048467908 0.193358123 0.998289943 0.058445707 -0.001067525 0.564023674
-0.003831879 0.047013041 -0.998887002 -6.997578144 -0.055327971 0.997354269 0.047153149 0.195430249 0.998460889 0.055447072 -0.001220605 0.563109040
-0.003804895 0.045928806 -0.998937488 -7.058548927 -0.054075368 0.997473776 0.046067476 0.196988687 0.998529613 0.054193195 -0.001311665 0.562663257
-0.003227556 0.046497021 -0.998913229 -7.118378162 -0.050873611 0.997617304 0.046601072 0.198394433 0.998699844 0.050968733 -0.000854394 0.561547816
-0.003989180 0.044754576 -0.998990059 -7.178941250 -0.049586691 0.997760177 0.044897489 0.200727075 0.998761833 0.049715716 -0.001761013 0.561809599
-0.003929266 0.044898730 -0.998983800 -7.238440037 -0.049023665 0.997781754 0.045037527 0.202553973 0.998789847 0.049150810 -0.001719449 0.561228573
-0.003770098 0.047412101 -0.998868287 -7.298851013 -0.046969555 0.997764468 0.047536995 0.204719231 0.998889148 0.047095619 -0.001534745 0.560406208
-0.003370361 0.048612520 -0.998812020 -7.358876228 -0.044833429 0.997805953 0.048714839 0.206769332 0.998988748 0.044944365 -0.001183501 0.559322596
-0.003980339 0.047052409 -0.998884499 -7.418386459 -0.042244814 0.997992754 0.047178730 0.208735377 0.999099374 0.042385474 -0.001984629 0.559452653
-0.004704631 0.047496151 -0.998860359 -7.478236198 -0.043140549 0.997931838 0.047655184 0.210535884 0.999058008 0.043315582 -0.002645891 0.559072673
-0.003964985 0.052194767 -0.998629153 -7.537688255 -0.044318557 0.997646511 0.052319370 0.212439835 0.999009609 0.044465244 -0.001642457 0.557880819
-0.004214323 0.059029017 -0.998247385 -7.597135067 -0.048934974 0.997048080 0.059164684 0.214744061 0.998793066 0.049098555 -0.001313299 0.557690859
-0.001925631 0.058907211 -0.998261571 -7.657500267 -0.054212261 0.996789217 0.058924906 0.216985613 0.998527586 0.054231487 0.001274045 0.555928588
-0.000524087 0.055358343 -0.998466372 -7.716658115 -0.057648685 0.996804357 0.055296451 0.219222888 0.998336792 0.057589255 0.002668925 0.555218875
0.001067677 0.049854618 -0.998755872 -7.775951862 -0.059581589 0.996985316 0.049702529 0.221177951 0.998222828 0.059454408 0.004034875 0.554992139
0.001935331 0.048421659 -0.998825133 -7.834445000 -0.062193401 0.996899128 0.048207782 0.222924799 0.998062193 0.062027045 0.004940838 0.554535687
0.003360919 0.045182873 -0.998973072 -7.894143105 -0.057383940 0.997341275 0.044916011 0.224778756 0.998346508 0.057174049 0.005944754 0.554435134
0.003260871 0.039987162 -0.999194860 -7.954294682 -0.054325007 0.997731745 0.039751321 0.227230459 0.998517990 0.054151647 0.005425777 0.554987252
0.003175293 0.036797155 -0.999317706 -8.011734962 -0.048415780 0.998156309 0.036600560 0.228456497 0.998822212 0.048266530 0.004951002 0.555028200
0.001799206 0.039846104 -0.999204159 -8.070718765 -0.045960668 0.998153150 0.039721437 0.229944140 0.998941600 0.045852620 0.003627238 0.555932701
0.002543319 0.046333823 -0.998922765 -8.130920410 -0.046470758 0.997852266 0.046165854 0.231324524 0.998916388 0.046303283 0.004691025 0.555496275
0.004268941 0.049090028 -0.998785198 -8.190265656 -0.048339307 0.997636795 0.048826978 0.233606458 0.998821795 0.048072144 0.006631831 0.554911733
0.006390859 0.045845352 -0.998928130 -8.249263763 -0.049275044 0.997749448 0.045476008 0.235347435 0.998764813 0.048931587 0.008635507 0.554991961
0.007544180 0.045967944 -0.998914480 -8.309028625 -0.051468626 0.997636795 0.045520429 0.237299085 0.998646140 0.051069334 0.009892256 0.554333746
0.008364435 0.047152530 -0.998852611 -8.367152214 -0.050052304 0.997655213 0.046676867 0.238821879 0.998711526 0.049604453 0.010704916 0.554892182
0.009594449 0.044729866 -0.998952985 -8.427076340 -0.049984984 0.997771502 0.044196889 0.241043240 0.998703897 0.049508598 0.011808889 0.554916799
0.010606155 0.043458864 -0.998998940 -8.481866837 -0.049826790 0.997837007 0.042879324 0.242127627 0.998701572 0.049322117 0.012748632 0.555260301
0.012377454 0.045408450 -0.998891950 -8.537531853 -0.051113389 0.997691154 0.044720512 0.243499681 0.998616219 0.050503220 0.014669857 0.555573940
0.014178001 0.047194060 -0.998785138 -8.592009544 -0.051160902 0.997611403 0.046412360 0.244776279 0.998589754 0.050440710 0.016558630 0.555299342
0.014104002 0.048214853 -0.998737395 -8.644269943 -0.051485665 0.997546792 0.047430307 0.246428311 0.998574078 0.050751705 0.016551780 0.556592703
0.015327280 0.049866952 -0.998638272 -8.696583748 -0.052206628 0.997433186 0.049005505 0.247227013 0.998518646 0.051384423 0.017891323 0.555763066
0.015672425 0.050356943 -0.998608291 -8.746628761 -0.051509645 0.997445464 0.049489897 0.248635739 0.998549521 0.050662328 0.018226257 0.555994868
0.015698651 0.049603935 -0.998645604 -8.796955109 -0.051612534 0.997477293 0.048734557 0.249946862 0.998543799 0.050777558 0.018219238 0.556794286
0.017687425 0.050162043 -0.998584449 -8.843788147 -0.052621350 0.997403264 0.049170651 0.250525415 0.998457849 0.051677164 0.020281091 0.556982756
0.018581131 0.050299227 -0.998561323 -8.889412880 -0.053118881 0.997372925 0.049250927 0.252366662 0.998415232 0.052127317 0.021204159 0.558026612
0.018293116 0.048990570 -0.998631716 -8.934472084 -0.052175507 0.997484744 0.047978543 0.253412455 0.998470366 0.051226437 0.020803213 0.558269382
0.014916717 0.046070114 -0.998826802 -8.979296684 -0.049741864 0.997735322 0.045276910 0.253856778 0.998650730 0.049008131 0.017174549 0.558911979
0.010085582 0.042524032 -0.999044478 -9.023817062 -0.049634863 0.997885048 0.041973602 0.254959047 0.998716474 0.049164105 0.012174925 0.558876753
0.005559627 0.039509252 -0.999203861 -9.068520546 -0.051263742 0.997916579 0.039173119 0.255997568 0.998669684 0.051005136 0.007573434 0.558575630
0.001677171 0.038451474 -0.999259114 -9.112337112 -0.053806353 0.997816384 0.038305640 0.257351398 0.998549938 0.053702235 0.003742442 0.558166385
-0.000674075 0.039189711 -0.999231577 -9.157173157 -0.055056941 0.997714758 0.039167359 0.258252919 0.998483002 0.055041041 0.001485130 0.557423472
-0.003403183 0.041247196 -0.999143124 -9.201480865 -0.054019459 0.997682452 0.041370891 0.258923650 0.998534083 0.054113962 -0.001167145 0.557651043
-0.004997912 0.042726323 -0.999074340 -9.245843887 -0.051014461 0.997774959 0.042925958 0.259810179 0.998685420 0.051181782 -0.002807132 0.557321310
-0.005666377 0.043173764 -0.999051452 -9.289076805 -0.049389556 0.997836173 0.043401364 0.260854661 0.998763502 0.049588636 -0.003521783 0.556101918
-0.006244416 0.042883951 -0.999060571 -9.333293915 -0.049809240 0.997826517 0.043142304 0.261216611 0.998739243 0.050031837 -0.004094827 0.555413723
-0.006802490 0.042552702 -0.999071121 -9.376569748 -0.050970491 0.997780740 0.042844787 0.261625290 0.998677015 0.051214598 -0.004618460 0.554692805
-0.006592053 0.040853206 -0.999143422 -9.420100212 -0.055202790 0.997626543 0.041155402 0.263592601 0.998453379 0.055426799 -0.004321196 0.553994536
-0.005909998 0.039437521 -0.999204576 -9.463652611 -0.057362758 0.997563243 0.039712023 0.264359593 0.998335898 0.057551831 -0.003633351 0.553605080
-0.005212868 0.036917105 -0.999304712 -9.507388115 -0.057219930 0.997669935 0.037155196 0.265265226 0.998347998 0.057373829 -0.003088327 0.553136826
-0.002895316 0.034385409 -0.999404430 -9.551741600 -0.057339642 0.997758567 0.034494910 0.266274601 0.998350561 0.057405356 -0.000917179 0.551376998
-0.002110841 0.033968933 -0.999420643 -9.595630646 -0.056960694 0.997796118 0.034034029 0.267171919 0.998374164 0.056999527 -0.000171295 0.551062465
-0.001065744 0.036311731 -0.999339938 -9.640863419 -0.054737013 0.997840166 0.036315609 0.268530607 0.998500228 0.054739587 0.000924154 0.550525367
-0.000742443 0.038154926 -0.999271512 -9.685759544 -0.054176677 0.997802734 0.038139097 0.269079000 0.998531163 0.054165527 0.001326295 0.550292671
0.000163160 0.034510583 -0.999404430 -9.730659485 -0.049255233 0.998191535 0.034460656 0.269945562 0.998786211 0.049220271 0.001862692 0.550063014
0.000340003 0.031201009 -0.999513149 -9.775912285 -0.047493648 0.998385608 0.031149659 0.271093518 0.998871446 0.047459926 0.001821304 0.549942553
0.002024386 0.031421222 -0.999504149 -9.821960449 -0.051768519 0.998169303 0.031274401 0.272273839 0.998657167 0.051679533 0.003647308 0.548740447
0.005024931 0.035779223 -0.999347091 -9.868327141 -0.052769575 0.997976780 0.035464816 0.272946596 0.998594105 0.052556917 0.006902819 0.547672510
0.006161425 0.034540150 -0.999384344 -9.915488243 -0.050594896 0.998133957 0.034185007 0.274580717 0.998700202 0.050353117 0.007897486 0.548051357
0.009287970 0.034823649 -0.999350309 -9.962500572 -0.049896210 0.998164594 0.034318589 0.276382267 0.998711228 0.049545042 0.011008490 0.547712386
0.009928452 0.040314630 -0.999137700 -10.010866165 -0.050346561 0.997939825 0.039765999 0.277317822 0.998682439 0.049908333 0.011937702 0.548721790
0.012728289 0.044411369 -0.998932183 -10.059415817 -0.047584347 0.997908235 0.043759525 0.278535008 0.998786151 0.046976555 0.014814951 0.548798501
0.013412304 0.045851763 -0.998858213 -10.108289719 -0.047199670 0.997863531 0.045172326 0.279670238 0.998795450 0.046539921 0.015547841 0.549358666
0.015989980 0.046671879 -0.998782218 -10.157566071 -0.050813816 0.997657120 0.045805797 0.281443954 0.998580158 0.050019506 0.018324092 0.549592733
0.019121991 0.048286524 -0.998650491 -10.206704140 -0.053999275 0.997425139 0.047193322 0.283060968 0.998357892 0.053023957 0.021680193 0.549916446
0.024845140 0.048893455 -0.998494923 -10.256671906 -0.055008881 0.997356832 0.047468971 0.284542680 0.998176634 0.053746719 0.027469045 0.549002886
0.025821377 0.046734262 -0.998573661 -10.306499481 -0.058236975 0.997280478 0.045167834 0.286093801 0.997968793 0.056987610 0.028472820 0.551603675
0.028791646 0.043207664 -0.998651087 -10.355475426 -0.058017515 0.997453332 0.041483160 0.287934482 0.997900248 0.056744892 0.031225124 0.552596271
0.030183412 0.042315669 -0.998648286 -10.405449867 -0.057269704 0.997535408 0.040537581 0.289418340 0.997902393 0.055968728 0.032532427 0.554181576
0.031656280 0.043785304 -0.998539269 -10.455140114 -0.057004295 0.997492909 0.041932244 0.291086346 0.997871995 0.055593614 0.034072869 0.555566311
0.034052145 0.048229154 -0.998255610 -10.506357193 -0.059257757 0.997175097 0.046155572 0.292280316 0.997661769 0.057582695 0.036813892 0.556367815
0.035090037 0.047754239 -0.998242557 -10.556772232 -0.059676588 0.997175455 0.045605455 0.293964088 0.997600794 0.057971422 0.037840731 0.558054030
0.036369126 0.045264285 -0.998312712 -10.607273102 -0.058219150 0.997372985 0.043100711 0.295440704 0.997641146 0.056553382 0.038908836 0.559466243
0.036096390 0.041652359 -0.998479903 -10.658314705 -0.055195946 0.997689009 0.039623957 0.297143191 0.997823000 0.053681761 0.038312007 0.561670542
0.035868768 0.041039575 -0.998513520 -10.709494591 -0.052230999 0.997867823 0.039136786 0.297883034 0.997990787 0.050749559 0.037935823 0.563609064
0.036662035 0.040009227 -0.998526633 -10.761000633 -0.053338397 0.997852266 0.038023837 0.299702525 0.997903168 0.051865768 0.038717326 0.564688981
0.038159460 0.040187847 -0.998463154 -10.812126160 -0.053198840 0.997855663 0.038130231 0.300978720 0.997854590 0.051662050 0.040215585 0.565509975
0.037229203 0.041079246 -0.998462081 -10.865155220 -0.054836176 0.997733235 0.039004609 0.301821083 0.997801065 0.053299733 0.039397441 0.567523301
