0.999997854 0.001924232 0.000777075 -0.000693029 -0.001923795 0.999997973 -0.000562871 -0.001191295 -0.000778156 0.000561375 0.999999464 0.056985218
0.999996543 0.002292412 0.001265888 -0.001040801 -0.002293040 0.999997199 0.000494157 -0.001823063 -0.001264752 -0.000497058 0.999999106 0.084396601
0.999993384 0.003003290 0.002056653 -0.001335515 -0.003010028 0.999990106 0.003280819 -0.002276606 -0.002046780 -0.003286988 0.999992430 0.111133397
0.999991894 0.002616584 0.003067475 -0.000992267 -0.002638391 0.999971151 0.007126726 -0.002616479 -0.003048739 -0.007134761 0.999969900 0.137163937
0.999986947 0.001906822 0.004737252 -0.001082669 -0.001958231 0.999938905 0.010871267 -0.003137454 -0.004716234 -0.010880402 0.999929667 0.162021443
0.999983728 0.001083159 0.005597046 -0.000969187 -0.001156622 0.999913037 0.013138891 -0.003513763 -0.005582328 -0.013145150 0.999898016 0.185943916
0.999975622 0.001636605 0.006786997 -0.000909981 -0.001727387 0.999908924 0.013391647 -0.004120402 -0.006764462 -0.013403044 0.999887288 0.209293142
0.999965727 0.002672793 0.007852497 -0.000734782 -0.002752954 0.999944031 0.010215275 -0.004104573 -0.007824753 -0.010236544 0.999916911 0.230839163
0.999956310 0.002678990 0.008959093 -0.000726271 -0.002743458 0.999970436 0.007191420 -0.004276628 -0.008939561 -0.007215685 0.999933898 0.251758188
0.999942541 0.001016925 0.010672119 -0.000504463 -0.001079909 0.999981999 0.005897625 -0.004730384 -0.010665931 -0.005908812 0.999925613 0.271257550
0.999914467 -0.002845193 0.012760638 -0.000376043 0.002796979 0.999988854 0.003794521 -0.005143489 -0.012771294 -0.003758505 0.999911368 0.289847463
0.999881625 -0.005000345 0.014549663 0.000063363 0.004964206 0.999984503 0.002518879 -0.005455561 -0.014562033 -0.002446353 0.999890983 0.306988090
0.999866307 -0.000548000 0.016338928 0.000227852 0.000537829 0.999999762 0.000626829 -0.005954303 -0.016339269 -0.000617959 0.999866307 0.323374748
0.999802768 0.003440042 0.019559072 0.000185160 -0.003440776 0.999994099 0.000003895 -0.006408908 -0.019558946 -0.000071192 0.999808669 0.338034838
0.999745369 0.003617596 0.022275671 0.001077480 -0.003650295 0.999992371 0.001427403 -0.006833530 -0.022270333 -0.001508352 0.999750853 0.352009743
0.999655306 -0.000045280 0.026253609 0.001094625 0.000002239 0.999998569 0.001639452 -0.006967359 -0.026253654 -0.001638828 0.999653935 0.364589989
0.999594450 -0.004895131 0.028051969 0.002277510 0.004866813 0.999987543 0.001077621 -0.006887808 -0.028056897 -0.000940660 0.999605894 0.376366735
0.999481499 -0.008536808 0.031045169 0.002435158 0.008460940 0.999960899 0.002574297 -0.007189534 -0.031065932 -0.002310290 0.999514639 0.386130601
0.999379992 -0.008978053 0.034043580 0.002767719 0.008861973 0.999954522 0.003558998 -0.007474086 -0.034073979 -0.003255098 0.999413967 0.395662904
0.999309897 -0.007955962 0.036282048 0.002942510 0.007866113 0.999965668 0.002618490 -0.007667406 -0.036301635 -0.002331284 0.999338090 0.403482795
0.999262631 -0.007096994 0.037732434 0.003618989 0.007051662 0.999974191 0.001334369 -0.007892440 -0.037740935 -0.001067309 0.999287009 0.410820395
0.999178708 -0.004972577 0.040215038 0.003855435 0.004966906 0.999987662 0.000240904 -0.007972633 -0.040215738 -0.000040962 0.999191046 0.417777956
0.999123812 -0.002144295 0.041797101 0.004201178 0.002157909 0.999997556 -0.000280593 -0.008342121 -0.041796401 0.000370541 0.999126136 0.424311996
0.999046683 -0.000709455 0.043646201 0.003959857 0.000762402 0.999998987 -0.001196428 -0.008816558 -0.043645307 0.001228564 0.999046385 0.430082798
0.998960078 -0.001298780 0.045573797 0.004357988 0.001448607 0.999993682 -0.003254656 -0.008813858 -0.045569275 0.003317290 0.998955786 0.436300576
0.998866618 -0.002585168 0.047524676 0.004533932 0.002798851 0.999986291 -0.004430238 -0.009012062 -0.047512565 0.004558233 0.998860359 0.442065150
0.998814762 -0.003550083 0.048545748 0.005042542 0.003823892 0.999977291 -0.005548501 -0.009128913 -0.048524950 0.005727557 0.998805642 0.447370380
0.998762131 -0.002642667 0.049673893 0.005567737 0.003005012 0.999969423 -0.007221182 -0.009043415 -0.049653284 0.007361513 0.998739421 0.452693582
0.998703599 -0.001590141 0.050879676 0.005756618 0.002044722 0.999958456 -0.008883624 -0.009374870 -0.050863422 0.008976141 0.998665392 0.457497478
0.998630702 -0.001549785 0.052291133 0.005711028 0.002143413 0.999933839 -0.011298176 -0.009433966 -0.052270170 0.011394788 0.998567998 0.462302506
0.998607457 -0.002565935 0.052693311 0.006299410 0.003290816 0.999900997 -0.013674421 -0.009556646 -0.052653011 0.013828783 0.998517096 0.467403978
0.998628020 -0.003455442 0.052250918 0.006471518 0.004263467 0.999872983 -0.015360784 -0.009802504 -0.052191198 0.015562480 0.998515904 0.472342163
0.998714149 -0.004100837 0.050529309 0.006531136 0.004941087 0.999851346 -0.016515281 -0.009984857 -0.050454069 0.016743710 0.998586118 0.477090478
0.998842895 -0.003778678 0.047944818 0.006270943 0.004594755 0.999846220 -0.016922385 -0.010346515 -0.047873508 0.017123096 0.998706639 0.482023239
0.999064386 -0.003377761 0.043115139 0.006881640 0.004189869 0.999815226 -0.018759314 -0.010098261 -0.043043807 0.018922409 0.998893976 0.487346798
0.999291599 -0.003521845 0.037469070 0.006706365 0.004261108 0.999797463 -0.019668415 -0.010397006 -0.037392214 0.019814145 0.999104202 0.491885632
0.999520600 -0.002657044 0.030848721 0.006604425 0.003301756 0.999776900 -0.020867063 -0.010180304 -0.030786401 0.020958915 0.999306202 0.497113973
0.999709308 -0.003236947 0.023890246 0.006201463 0.003733772 0.999777079 -0.020780906 -0.010913517 -0.023817653 0.020864068 0.999498546 0.501590312
0.999879718 -0.003629220 0.015078835 0.006530682 0.003961292 0.999749005 -0.022051211 -0.010917530 -0.014995022 0.022108287 0.999643087 0.507156312
0.999976277 -0.004330343 0.005348668 0.005720196 0.004453668 0.999719381 -0.023264620 -0.011040541 -0.005246419 0.023287890 0.999715030 0.512304246
0.999953389 -0.006250490 -0.007355365 0.005264923 0.006061990 0.999659598 -0.025376616 -0.010996899 0.007511478 0.025330853 0.999650836 0.517899752
0.999691010 -0.007172544 -0.023798285 0.004760165 0.006513369 0.999596119 -0.027661234 -0.011053759 0.023987075 0.027497683 0.999334037 0.523921669
0.999067008 -0.006640642 -0.042671315 0.003339732 0.005426244 0.999578714 -0.028512426 -0.011342951 0.042842679 0.028254282 0.998682201 0.530692399
0.997885346 -0.005897277 -0.064729698 0.002260596 0.004068336 0.999589741 -0.028350582 -0.011457787 0.064870328 0.028027292 0.997500002 0.537824333
0.996072829 -0.005177552 -0.088385932 0.001055166 0.002838630 0.999642968 -0.026567824 -0.012076911 0.088491917 0.026212594 0.995731950 0.545028985
0.993345737 -0.003798719 -0.115108438 -0.001228873 0.000826140 0.999665201 -0.025860878 -0.011934230 0.115168132 0.025593694 0.993016243 0.553608358
0.989332557 -0.003330329 -0.145636648 -0.003408641 -0.000083926 0.999725521 -0.023431223 -0.012555838 0.145674691 0.023193493 0.989060700 0.562576413
0.984007061 -0.002795765 -0.178107485 -0.006493673 -0.000771392 0.999800503 -0.019955715 -0.013101523 0.178127751 0.019773960 0.983808696 0.571536899
0.976592660 -0.002520290 -0.215082094 -0.009722017 -0.001110576 0.999858916 -0.016758790 -0.013086722 0.215093985 0.016605373 0.976452172 0.581713080
0.966974974 -0.000971914 -0.254869193 -0.013774186 -0.002114441 0.999927700 -0.011835310 -0.013180036 0.254862279 0.011983354 0.966903090 0.591991484
0.955105543 0.002967889 -0.296250612 -0.018808067 -0.005281663 0.999961555 -0.007010185 -0.013676580 0.296218395 0.008260165 0.955084503 0.602717221
0.940923154 0.006090560 -0.338565290 -0.024053097 -0.007658526 0.999965250 -0.003295481 -0.013482485 0.338533461 0.005693707 0.940937102 0.613161027
0.924031734 0.008954537 -0.382210910 -0.029389739 -0.008456633 0.999959707 0.002982595 -0.014272009 0.382222295 0.000476205 0.924070239 0.623739958
0.904790223 0.013698468 -0.425637156 -0.035807073 -0.010200270 0.999892831 0.010496958 -0.014542870 0.425735354 -0.005155932 0.904833019 0.634383500
0.882517099 0.017698430 -0.469947278 -0.042495817 -0.011018612 0.999795377 0.016960839 -0.014767949 0.470151365 -0.009790061 0.882531524 0.645114958
0.858492315 0.022775717 -0.512320399 -0.052364558 -0.014105947 0.999683976 0.020804701 -0.014421511 0.512632310 -0.010633910 0.858542383 0.656773746
0.830027461 0.024899779 -0.557166398 -0.060870081 -0.014034597 0.999619007 0.023765236 -0.014521478 0.557545900 -0.011906192 0.830060720 0.668042958
0.799616337 0.028291570 -0.599844337 -0.071206689 -0.016459618 0.999546826 0.025202155 -0.014408430 0.600285590 -0.010278845 0.799719632 0.678423941
0.765605807 0.031481370 -0.642539263 -0.081594557 -0.017486334 0.999451280 0.028132837 -0.014355253 0.643072367 -0.010303007 0.765736043 0.689146280
0.728721261 0.034759581 -0.683927774 -0.094897389 -0.018786263 0.999349713 0.030773759 -0.013141636 0.684552729 -0.009577042 0.728900433 0.701210380
0.689913213 0.035586357 -0.723016739 -0.107764959 -0.016894056 0.999310434 0.033064764 -0.012878055 0.723694861 -0.010597137 0.690038621 0.711096108
0.649040639 0.034827445 -0.759956062 -0.121682376 -0.014069874 0.999330223 0.033781152 -0.012492940 0.760623634 -0.011232854 0.649095774 0.721202493
0.606803298 0.033610500 -0.794141054 -0.137357384 -0.008644078 0.999325514 0.035689596 -0.012058932 0.794805050 -0.014791945 0.606684566 0.731318593
0.561900020 0.034325972 -0.826492667 -0.154041678 -0.005029817 0.999261975 0.038081866 -0.011599911 0.827189863 -0.017241094 0.561657906 0.741708279
0.515165865 0.035138920 -0.856369913 -0.171226680 -0.002982552 0.999226689 0.039206475 -0.010780990 0.857085347 -0.017643664 0.514872253 0.750430703
0.466762751 0.034966193 -0.883691072 -0.190315664 -0.003168156 0.999277771 0.037866361 -0.009919986 0.884377003 -0.014874936 0.466536373 0.758183837
0.413234025 0.033435021 -0.910010755 -0.209615827 0.002347406 0.999283433 0.037780952 -0.009363696 0.910621822 -0.017748546 0.412859470 0.766350269
0.360041976 0.032769747 -0.932360411 -0.230617672 0.007503778 0.999248922 0.038018350 -0.008850498 0.932906032 -0.020684429 0.359525621 0.773072660
0.305937648 0.031209430 -0.951539874 -0.252207816 0.010301687 0.999295533 0.036087941 -0.008120695 0.951995850 -0.020843130 0.305400610 0.778865099
0.253310144 0.037293781 -0.966665983 -0.276541471 0.009475078 0.999112964 0.041028481 -0.006881131 0.967338741 -0.019552162 0.252732098 0.783227921
0.202458605 0.041970994 -0.978390992 -0.301206738 0.011554710 0.998909175 0.045242194 -0.005865216 0.979222715 -0.020464698 0.201752782 0.786763191
0.153331116 0.043597415 -0.987212598 -0.326751858 0.017387012 0.998752594 0.046807542 -0.005342495 0.988021910 -0.024341732 0.152381822 0.790275812
0.110002846 0.044448588 -0.992936909 -0.353383839 0.018627685 0.998731971 0.046771672 -0.004383506 0.993756711 -0.023641136 0.109035358 0.791670144
0.068130948 0.043302119 -0.996736228 -0.381379187 0.019407684 0.998811066 0.044718862 -0.003621772 0.997487545 -0.022391083 0.067209557 0.793288767
0.032958724 0.039127611 -0.998690426 -0.409860045 0.017156657 0.999063969 0.039708443 -0.002501739 0.999309421 -0.018442933 0.032256585 0.793132126
0.003860323 0.039050099 -0.999229789 -0.439924955 0.014586117 0.999128759 0.039102491 -0.001134943 0.999886096 -0.014725834 0.003287369 0.792573094
-0.016618632 0.043205969 -0.998928010 -0.470689595 0.013747490 0.998981357 0.042979568 -0.000109605 0.999767363 -0.013018493 -0.017195677 0.791184008
-0.030400846 0.049405675 -0.998315990 -0.502705991 0.014856475 0.998689651 0.048971754 0.000934642 0.999427319 -0.013342676 -0.031095007 0.790275633
-0.037983976 0.051394243 -0.997955799 -0.534936011 0.013823091 0.998608053 0.050901692 0.002337372 0.999182701 -0.011861384 -0.038641535 0.788601458
-0.042329766 0.048928276 -0.997904837 -0.570510089 0.015379057 0.998713613 0.048315570 0.003595162 0.998985350 -0.013301647 -0.043027792 0.787260115
-0.040512923 0.045211665 -0.998155594 -0.604154527 0.022555906 0.998762548 0.044323668 0.004866926 0.998924434 -0.020718623 -0.041482583 0.785504222
-0.036006168 0.043537922 -0.998402655 -0.640015006 0.034816965 0.998498678 0.042286471 0.006394418 0.998744965 -0.033238783 -0.037467964 0.784906089
-0.031927664 0.043740917 -0.998532534 -0.678005576 0.035326164 0.998467088 0.042608503 0.007767785 0.998865724 -0.033913929 -0.033423923 0.784717977
-0.025957290 0.042448748 -0.998761296 -0.714976490 0.033092953 0.998586953 0.041581258 0.008724421 0.999115169 -0.031972628 -0.027325362 0.783072591
-0.023739932 0.035766184 -0.999078155 -0.754419386 0.037072018 0.998703957 0.034871891 0.010364611 0.999030590 -0.036209989 -0.025035093 0.782921791
-0.021222752 0.025148503 -0.999458432 -0.792156696 0.034736015 0.999098539 0.024401855 0.011192491 0.999171197 -0.034199335 -0.022077180 0.781345546
-0.020549955 0.016866123 -0.999646544 -0.834212184 0.026982538 0.999502778 0.016309017 0.012136110 0.999424636 -0.026637854 -0.020994833 0.780246913
-0.021889647 0.013816891 -0.999664903 -0.874507904 0.021535804 0.999678969 0.013345516 0.012877923 0.999528348 -0.021236459 -0.022180179 0.778980434
-0.025398899 0.020106284 -0.999475121 -0.917983890 0.012052248 0.999731183 0.019805156 0.013314105 0.999604762 -0.011542895 -0.025634395 0.776981115
-0.030178022 0.028318379 -0.999143302 -0.961135566 0.007374962 0.999577761 0.028107937 0.013792443 0.999517381 -0.006520403 -0.030374127 0.775230587
-0.034552388 0.037457939 -0.998700738 -1.004777551 0.005608969 0.999288917 0.037285946 0.015427314 0.999387145 -0.004313363 -0.034737919 0.773128271
-0.036100019 0.047646981 -0.998211682 -1.051311970 0.004441232 0.998860478 0.047517333 0.016708184 0.999338329 -0.002717913 -0.036270496 0.770713747
-0.037281524 0.055369738 -0.997769773 -1.095861673 0.006040887 0.998457968 0.055182222 0.018133443 0.999286592 -0.003970137 -0.037558526 0.768982351
-0.038719986 0.056075040 -0.997675478 -1.142397523 0.007128635 0.998414218 0.055839896 0.020289689 0.999224663 -0.004949944 -0.039058328 0.767013967
-0.040453359 0.053314947 -0.997758031 -1.187208295 0.005937645 0.998570561 0.053117625 0.022168871 0.999163806 -0.003775547 -0.040712103 0.764954209
-0.042838722 0.048446927 -0.997906625 -1.233254433 0.005029063 0.998821437 0.048275448 0.023845863 0.999069273 -0.002950477 -0.043031875 0.762393177
-0.047752369 0.043198328 -0.997924626 -1.280312419 0.005416666 0.999060869 0.042988319 0.025535274 0.998844504 -0.003352630 -0.047941506 0.759853125
-0.053494126 0.038432769 -0.997828305 -1.325858951 0.005384558 0.999255598 0.038199086 0.027036164 0.998553634 -0.003329438 -0.053661250 0.757379770
-0.060024384 0.036437947 -0.997531533 -1.373321414 0.004282381 0.999333739 0.036246091 0.028792726 0.998187661 -0.002096162 -0.060140423 0.754041076
-0.067095332 0.039202951 -0.996976018 -1.422216892 0.004764238 0.999228954 0.038970906 0.029644564 0.997735202 -0.002135065 -0.067230366 0.751002491
-0.073614888 0.044155449 -0.996308744 -1.469314098 0.003756870 0.999024570 0.043998223 0.030944221 0.997279704 -0.000504078 -0.073708966 0.747620821
-0.079386428 0.046992581 -0.995735526 -1.517255425 0.000492352 0.998889983 0.047102191 0.032482471 0.996843815 0.003249022 -0.079321451 0.743053436
-0.084436566 0.048893102 -0.995228589 -1.566146493 -0.002713895 0.998780370 0.049297843 0.034499675 0.996425152 0.006863486 -0.084200896 0.738527000
-0.086328246 0.049850713 -0.995018780 -1.613656163 -0.007834934 0.998682499 0.050714027 0.036840040 0.996235967 0.012173960 -0.085823923 0.733421624
-0.088191174 0.051159881 -0.994788945 -1.660626888 -0.011750395 0.998557210 0.052395392 0.038617574 0.996034265 0.016309975 -0.087462783 0.728969336
-0.090032913 0.050926179 -0.994635880 -1.711873770 -0.012630074 0.998553097 0.052269995 0.040111631 0.995858669 0.017268347 -0.089259446 0.724223912
-0.091171548 0.049859729 -0.994586229 -1.759950876 -0.013300705 0.998595715 0.051279988 0.042072415 0.995746434 0.017903972 -0.090380348 0.719197035
-0.092057519 0.049522739 -0.994521439 -1.808292985 -0.013744260 0.998604119 0.050998274 0.043550543 0.995658875 0.018363731 -0.091248356 0.714030504
-0.093424372 0.048253078 -0.994456410 -1.859166026 -0.016863594 0.998604894 0.050038632 0.046001293 0.995483577 0.021444939 -0.092480317 0.709967852
-0.094571777 0.045888748 -0.994459748 -1.908780932 -0.021104796 0.998620033 0.048087750 0.047514610 0.995294392 0.025535613 -0.093472794 0.705346882
-0.094097309 0.041085184 -0.994714975 -1.957069159 -0.026247846 0.998698354 0.043732695 0.048955917 0.995217025 0.030224249 -0.092896439 0.699417830
-0.093735613 0.039738059 -0.994803786 -2.008008718 -0.028372234 0.998690665 0.042566705 0.051589034 0.995192766 0.032214820 -0.092485413 0.694915175
-0.092028581 0.044167154 -0.994776428 -2.058520079 -0.028384976 0.998493493 0.046958134 0.052871756 0.995351732 0.032558199 -0.090636246 0.689727545
-0.090269245 0.047221020 -0.994797289 -2.108423471 -0.029118078 0.998323083 0.050030608 0.054624990 0.995491683 0.033482805 -0.088742897 0.686116636
-0.089233644 0.047111887 -0.994895875 -2.159840345 -0.026857385 0.998403668 0.049686871 0.056152180 0.995648563 0.031154042 -0.087825902 0.680836499
-0.085903779 0.046211835 -0.995231092 -2.207494020 -0.027241226 0.998441339 0.048712227 0.058014311 0.995930910 0.031295881 -0.084510997 0.675052345
-0.082820788 0.046272658 -0.995489597 -2.261994839 -0.031110184 0.998314559 0.048992209 0.060356911 0.996078789 0.035027433 -0.081241660 0.672517896
-0.076508753 0.047188129 -0.995951653 -2.312572956 -0.035710875 0.998108923 0.050033640 0.062309686 0.996429145 0.039394323 -0.074678935 0.666750073
-0.070640258 0.046587210 -0.996413350 -2.363732576 -0.039811496 0.997981310 0.049482930 0.064378329 0.996707082 0.043164197 -0.068642944 0.662625134
-0.064603940 0.045854922 -0.996856868 -2.415134430 -0.041131828 0.997972429 0.048571885 0.066388272 0.997062922 0.044140488 -0.062586851 0.658847809
-0.059384514 0.044436503 -0.997245669 -2.466867447 -0.041137028 0.998051107 0.046922054 0.068673633 0.997387171 0.043810166 -0.057440802 0.655931294
-0.053563021 0.044659339 -0.997565389 -2.517890453 -0.039455056 0.998124659 0.046802871 0.069885947 0.997784734 0.041865896 -0.051700536 0.652363062
-0.046731856 0.043366633 -0.997965634 -2.569652796 -0.038540583 0.998234987 0.045183077 0.073734388 0.998163700 0.040573668 -0.044977985 0.647630513
-0.042611741 0.046493836 -0.998009264 -2.622857809 -0.037586730 0.998134851 0.048104510 0.073786631 0.998384356 0.039561719 -0.040784705 0.647722840
-0.036594540 0.047415182 -0.998204768 -2.674254656 -0.038303219 0.998073161 0.048813138 0.075908124 0.998595893 0.040020742 -0.034707878 0.644854188
-0.031923447 0.046895526 -0.998389542 -2.727337599 -0.037685256 0.998131931 0.048088409 0.077220663 0.998779595 0.039159708 -0.030096542 0.643576324
-0.026509589 0.042083841 -0.998762369 -2.779876471 -0.038160644 0.998342633 0.043079033 0.079183750 0.998919904 0.039255425 -0.024859708 0.641296983
-0.022070494 0.036339104 -0.999095738 -2.832334757 -0.038125686 0.998581767 0.037162613 0.081003398 0.999029219 0.038911410 -0.020653740 0.640216112
-0.019154863 0.036408357 -0.999153376 -2.886133432 -0.037368082 0.998612463 0.037105024 0.081910267 0.999117970 0.038047194 -0.017767774 0.639325142
-0.015412856 0.039694488 -0.999092937 -2.939035892 -0.035902049 0.998545408 0.040226590 0.082499653 0.999236405 0.036489490 -0.013965322 0.637614608
-0.013954146 0.038927127 -0.999144733 -2.992886543 -0.036510725 0.998555720 0.039414100 0.083982199 0.999235809 0.037029482 -0.012512734 0.637486398
-0.012586699 0.038171858 -0.999191999 -3.045752525 -0.038631245 0.998506486 0.038632318 0.085903779 0.999174237 0.039086275 -0.011093274 0.636112392
-0.012312381 0.039592508 -0.999140143 -3.099825621 -0.039205380 0.998428345 0.040047437 0.086921051 0.999155343 0.039664734 -0.010740791 0.635495007
-0.010803999 0.039128661 -0.999175787 -3.152783394 -0.039742649 0.998427808 0.039529096 0.088382311 0.999151528 0.040136956 -0.009231937 0.634048879
-0.009690693 0.037355524 -0.999255002 -3.206404209 -0.040309697 0.998475134 0.037717286 0.089671507 0.999140263 0.040645182 -0.008170125 0.633626461
-0.009653285 0.036313295 -0.999293745 -3.261282921 -0.038305186 0.998593390 0.036657877 0.090508953 0.999219477 0.038632009 -0.008248720 0.633165061
-0.009091781 0.035820320 -0.999316812 -3.315572739 -0.035765123 0.998707116 0.036123853 0.091958597 0.999318957 0.036069129 -0.007798910 0.632822990
-0.008610092 0.037015285 -0.999277592 -3.369797230 -0.032666612 0.998770833 0.037277985 0.092694797 0.999429226 0.032963976 -0.007390345 0.631375372
-0.009242651 0.040507603 -0.999136448 -3.424706936 -0.031671610 0.998665929 0.040781517 0.093650505 0.999455571 0.032021187 -0.007947381 0.631430626
-0.009205389 0.043771133 -0.998999178 -3.480386019 -0.033736527 0.998459160 0.044058334 0.095215097 0.999388337 0.034108330 -0.007714520 0.630237281
-0.007884335 0.043533385 -0.999020875 -3.534395933 -0.035894603 0.998395801 0.043789428 0.096966706 0.999324441 0.036204707 -0.006309073 0.629075348
-0.008066572 0.041440334 -0.999108434 -3.588541746 -0.036430072 0.998465419 0.041707799 0.098461069 0.999303579 0.036734037 -0.006544520 0.628815055
-0.006826815 0.038582548 -0.999232173 -3.641637802 -0.035803176 0.998605311 0.038802955 0.100557119 0.999335468 0.036040593 -0.005435916 0.627600253
-0.007142230 0.038147412 -0.999246597 -3.696755648 -0.033685435 0.998695910 0.038367141 0.101521686 0.999406993 0.033934087 -0.005847904 0.626859486
-0.005701884 0.040435787 -0.999165893 -3.750372648 -0.032133654 0.998658657 0.040598635 0.102108933 0.999467432 0.032338325 -0.004394887 0.625509620
-0.006835298 0.042313498 -0.999080956 -3.805505276 -0.031903349 0.998586476 0.042510819 0.104233027 0.999467552 0.032164600 -0.005475694 0.625735939
-0.006944221 0.045208316 -0.998953462 -3.859129906 -0.031999081 0.998455882 0.045408238 0.105257146 0.999463797 0.032280922 -0.005486873 0.625367403
-0.006124320 0.045198686 -0.998959243 -3.913530111 -0.033981822 0.998391569 0.045381334 0.106739312 0.999403715 0.034224384 -0.004578536 0.624544919
-0.006159755 0.042600520 -0.999073207 -3.967305660 -0.033199068 0.998532653 0.042782154 0.108526647 0.999429822 0.033431824 -0.004736419 0.624134600
-0.005454402 0.041418448 -0.999126971 -4.021510124 -0.031894762 0.998626292 0.041571818 0.110014141 0.999476373 0.032093670 -0.004125878 0.623397589
-0.005186237 0.043492265 -0.999040306 -4.075729370 -0.030513765 0.998581588 0.043630708 0.110838413 0.999520898 0.030710764 -0.003851769 0.622490168
-0.004709903 0.045056473 -0.998973310 -4.129289627 -0.027807016 0.998592198 0.045170389 0.113477752 0.999602199 0.027991218 -0.003450386 0.621994674
-0.005421739 0.047350418 -0.998863518 -4.182833672 -0.026962433 0.998508215 0.047479924 0.115253694 0.999621689 0.027189218 -0.004136968 0.622280180
-0.004761167 0.049494568 -0.998763025 -4.236853123 -0.027674537 0.998385310 0.049607776 0.116467439 0.999605656 0.027876496 -0.003383740 0.621750236
-0.004228952 0.051273774 -0.998675644 -4.291069031 -0.030259181 0.998220742 0.051378552 0.118412524 0.999533117 0.030436385 -0.002669925 0.621106267
-0.004015462 0.050967105 -0.998692274 -4.344529629 -0.031448513 0.998199880 0.051068433 0.119458392 0.999497414 0.031612448 -0.002405394 0.620618999
-0.003160689 0.046748254 -0.998901725 -4.397318363 -0.034272954 0.998314738 0.046829235 0.121129394 0.999407530 0.034383319 -0.001553161 0.619226158
-0.002692621 0.045567777 -0.998957574 -4.450450420 -0.036242735 0.998300493 0.045635492 0.122400180 0.999339461 0.036327835 -0.001036544 0.618541837
-0.002292361 0.043080758 -0.999068856 -4.504487038 -0.035742536 0.998429596 0.043135211 0.124452010 0.999358416 0.035808146 -0.000748946 0.618003070
-0.002507513 0.043853883 -0.999034882 -4.557553291 -0.034718066 0.998431861 0.043914560 0.125785813 0.999394000 0.034794681 -0.000981059 0.617890537
-0.002506857 0.045836918 -0.998945713 -4.610851288 -0.034266934 0.998358309 0.045895953 0.127090633 0.999409556 0.034345865 -0.000932051 0.617669523
-0.002809205 0.048586160 -0.998815000 -4.664438248 -0.032704849 0.998280168 0.048652127 0.128266126 0.999461114 0.032802772 -0.001215371 0.617585361
-0.003141999 0.046813305 -0.998898685 -4.717665195 -0.036439117 0.998234868 0.046896812 0.130124062 0.999330938 0.036546346 -0.001430619 0.616820633
-0.003300103 0.047918472 -0.998845756 -4.771459103 -0.039663892 0.998058975 0.048011772 0.131848216 0.999207675 0.039776560 -0.001393064 0.615933955
-0.002933873 0.047593180 -0.998862505 -4.825910091 -0.043856740 0.997899711 0.047676109 0.133693516 0.999033511 0.043946724 -0.000840430 0.614707947
-0.002680366 0.043473717 -0.999050975 -4.880436420 -0.045276780 0.998024642 0.043550540 0.136042863 0.998970866 0.045350540 -0.000706721 0.614179432
-0.004183988 0.040101331 -0.999186873 -4.933906078 -0.044627700 0.998192728 0.040248297 0.136559576 0.998994946 0.044759821 -0.002386795 0.614146113
-0.005031310 0.039565101 -0.999204338 -4.987952709 -0.041848660 0.998333395 0.039741330 0.138069212 0.999111354 0.042015318 -0.003367177 0.613699257
-0.005254962 0.038229901 -0.999255180 -5.044990540 -0.037107561 0.998573184 0.038398959 0.139947340 0.999297440 0.037281711 -0.003828846 0.613397002
-0.005459398 0.039912287 -0.999188304 -5.099754333 -0.036525797 0.998528421 0.040085495 0.141503572 0.999317706 0.036714990 -0.003993536 0.612518609
-0.006177825 0.044131048 -0.999006629 -5.157271385 -0.034992896 0.998404324 0.044320837 0.142786771 0.999368489 0.035231944 -0.004623693 0.611934543
-0.006377562 0.044115629 -0.999006093 -5.214941978 -0.033941124 0.998441219 0.044307362 0.144643560 0.999403536 0.034189962 -0.004870288 0.611452162
-0.007111426 0.040029526 -0.999173164 -5.270394325 -0.033510465 0.998627722 0.040246166 0.145846248 0.999413013 0.033768963 -0.005760259 0.610863805
-0.008744942 0.036108300 -0.999309599 -5.326340199 -0.033923168 0.998761952 0.036385361 0.147591397 0.999386191 0.034217943 -0.007509207 0.610849738
-0.008603222 0.034996938 -0.999350369 -5.384445667 -0.032938253 0.998835146 0.035262462 0.148856997 0.999420285 0.033220228 -0.007440461 0.609126985
-0.008907322 0.035872936 -0.999316633 -5.442194939 -0.034895245 0.998736441 0.036163144 0.150642172 0.999351263 0.035193514 -0.007644272 0.608009756
-0.009228616 0.040982578 -0.999117255 -5.500283718 -0.039564561 0.998362422 0.041317072 0.151661023 0.999174356 0.039910931 -0.007592047 0.606594920
-0.009495930 0.044380791 -0.998969495 -5.558756828 -0.044929329 0.997986674 0.044764213 0.153084099 0.998944938 0.045308106 -0.007482813 0.605458975
-0.009426617 0.044176392 -0.998979270 -5.616905212 -0.052419458 0.997628212 0.044611290 0.155127466 0.998580635 0.052786484 -0.007088556 0.603885651
-0.008913021 0.041769348 -0.999087512 -5.675377369 -0.055322647 0.997576356 0.042199712 0.156948462 0.998428702 0.055648305 -0.006580628 0.602582872
-0.009417320 0.040346146 -0.999141395 -5.734230518 -0.057915371 0.997486413 0.040825184 0.158967361 0.998277009 0.058250111 -0.007056987 0.601583838
-0.010102813 0.040130816 -0.999143362 -5.792572498 -0.057870969 0.997496188 0.040649809 0.160072461 0.998272955 0.058232073 -0.007755107 0.600491524
-0.010082182 0.039183728 -0.999181151 -5.851400375 -0.055851795 0.997649968 0.039687254 0.161598012 0.998388112 0.056206200 -0.007870006 0.599283874
-0.010828953 0.039852120 -0.999146879 -5.909879684 -0.055243827 0.997655511 0.040391382 0.162985831 0.998414218 0.055634085 -0.008601981 0.598969936
-0.011315714 0.044750631 -0.998934090 -5.967574120 -0.056122702 0.997394800 0.045317419 0.164874166 0.998359680 0.056575675 -0.008774710 0.597736239
-0.011604475 0.048979644 -0.998732448 -6.026477337 -0.054974519 0.997257710 0.049546089 0.166501388 0.998420358 0.055479776 -0.008880020 0.596695542
-0.011711221 0.047823787 -0.998787105 -6.084508419 -0.055388544 0.997290969 0.048401609 0.168084770 0.998396218 0.055888202 -0.009030608 0.595612645
-0.010556756 0.046163954 -0.998878121 -6.143222332 -0.055193067 0.997384012 0.046678212 0.169963241 0.998419881 0.055623922 -0.007981210 0.594451010
-0.009810410 0.045744773 -0.998905003 -6.201200008 -0.054285023 0.997455597 0.046211541 0.171725079 0.998477221 0.054678943 -0.007302193 0.594020784
-0.007971315 0.045341443 -0.998939753 -6.259350777 -0.054370917 0.997474134 0.045708783 0.173034444 0.998489022 0.054677624 -0.005485925 0.592534304
-0.007975059 0.047120348 -0.998857379 -6.317330837 -0.054596402 0.997378707 0.047486499 0.175089851 0.998476624 0.054912716 -0.005381553 0.592527688
-0.007026139 0.050082471 -0.998720407 -6.375637531 -0.055612862 0.997179747 0.050396461 0.177229688 0.998427689 0.055895790 -0.004221095 0.591524065
-0.005415812 0.051406361 -0.998663127 -6.433865547 -0.057259787 0.997023225 0.051632468 0.179299802 0.998344600 0.057462860 -0.002456173 0.590949535
-0.004537104 0.048705935 -0.998802841 -6.491899967 -0.059579886 0.997025549 0.048889909 0.181149989 0.998213172 0.059730381 -0.001621715 0.590512216
-0.004410102 0.045854412 -0.998938382 -6.549928188 -0.058096588 0.997249007 0.046033364 0.182529494 0.998301148 0.058237925 -0.001733986 0.589672744
-0.004034706 0.044644110 -0.998994768 -6.606656075 -0.055179913 0.997470915 0.044798866 0.183834910 0.998468161 0.055305202 -0.001561044 0.589200735
-0.004602877 0.044237826 -0.999010563 -6.664460659 -0.053480156 0.997580409 0.044420920 0.185025543 0.998558283 0.053631689 -0.002225894 0.588850439
-0.004165913 0.044428892 -0.999003887 -6.721013069 -0.051234644 0.997690976 0.044584151 0.186752781 0.998677969 0.051369339 -0.001879996 0.587661684
-0.004980765 0.042985950 -0.999063253 -6.778660774 -0.049148299 0.997857690 0.043179099 0.188464060 0.998778999 0.049317326 -0.002857409 0.588081479
-0.004609541 0.043011148 -0.999064028 -6.835699081 -0.048373390 0.997895360 0.043184020 0.190001965 0.998818636 0.048527170 -0.002519245 0.587572038
-0.004686459 0.045453548 -0.998955488 -6.893291950 -0.046439487 0.997878671 0.045622416 0.192237958 0.998910129 0.046604794 -0.002565678 0.586394310
-0.004862591 0.046518985 -0.998905599 -6.949089050 -0.044354144 0.997924209 0.046689194 0.194355324 0.999004066 0.044532642 -0.002789188 0.585643291
-0.004678424 0.044726949 -0.998988330 -7.006614208 -0.042040072 0.998107195 0.044884376 0.196438000 0.999104977 0.042207532 -0.002789244 0.585303545
-0.005374050 0.045482960 -0.998950601 -7.064686775 -0.043461766 0.998010516 0.045673970 0.197479054 0.999040663 0.043661620 -0.003386588 0.584961891
-0.005124374 0.049837019 -0.998744249 -7.121766090 -0.044113629 0.997773767 0.050014943 0.199535936 0.999013424 0.044314522 -0.002914474 0.584744155
-0.005097587 0.055949531 -0.998420596 -7.177987576 -0.049916483 0.997174621 0.056134570 0.202109456 0.998740375 0.050123800 -0.002290380 0.584226549
-0.003175476 0.057283785 -0.998352826 -7.235796452 -0.053237859 0.996932328 0.057371616 0.202600837 0.998576820 0.053332347 -0.000116068 0.582206905
-0.002002902 0.053654950 -0.998557508 -7.292279243 -0.057587195 0.996896148 0.053681195 0.205125943 0.998338461 0.057611648 0.001093153 0.581832111
0.000071808 0.047895115 -0.998852372 -7.349125385 -0.058949009 0.997115552 0.047807597 0.206872866 0.998260975 0.058877930 0.002894970 0.580957472
0.000782872 0.046526581 -0.998916745 -7.405992985 -0.061850384 0.997006774 0.046389144 0.208776519 0.998085082 0.061747074 0.003658216 0.580796540
0.002111709 0.043487143 -0.999051750 -7.462436676 -0.056660246 0.997454226 0.043297842 0.209934071 0.998391271 0.056515079 0.004570325 0.580687642
0.002345008 0.038522158 -0.999254942 -7.518599987 -0.053218015 0.997846544 0.038342971 0.211897701 0.998580098 0.053088453 0.004390030 0.580377877
0.002307933 0.035214189 -0.999377131 -7.575492859 -0.047129288 0.998273015 0.035066444 0.213089496 0.998886108 0.047019005 0.003963567 0.580856323
0.001412670 0.037588250 -0.999292314 -7.632635117 -0.045374896 0.998266399 0.037485518 0.215353638 0.998969078 0.045289826 0.003115784 0.581043959
0.001871528 0.044904321 -0.998989463 -7.689375401 -0.045417316 0.997964263 0.044773150 0.215575382 0.998966336 0.045287631 0.003907151 0.580859959
0.003375770 0.048182517 -0.998832762 -7.745629311 -0.046767969 0.997753203 0.047972374 0.217133790 0.998900115 0.046551440 0.005621584 0.580849767
0.005262246 0.044698104 -0.998986661 -7.802228451 -0.048202951 0.997850537 0.044393364 0.218867868 0.998823643 0.047920495 0.007405516 0.580390453
0.006339495 0.044515189 -0.998988628 -7.858484745 -0.050033778 0.997771561 0.044143453 0.220663592 0.998727381 0.049703330 0.008552631 0.580212176
0.007404893 0.045733903 -0.998926342 -7.915360928 -0.048264910 0.997805655 0.045324825 0.222213909 0.998807132 0.047877450 0.009595987 0.580088973
0.008201811 0.043556739 -0.999017298 -7.970003128 -0.048109569 0.997911155 0.043113530 0.223880172 0.998808444 0.047708675 0.010280173 0.580102921
0.009889065 0.041813396 -0.999076486 -8.026157379 -0.048931256 0.997948587 0.041281857 0.225710541 0.998753309 0.048477825 0.011914763 0.580329180
0.011607604 0.044131838 -0.998958170 -8.077297211 -0.050055981 0.997798681 0.043498963 0.226514012 0.998679042 0.049498919 0.013791115 0.580905735
0.013096917 0.045625295 -0.998872697 -8.131983757 -0.050272621 0.997725129 0.044913709 0.227956489 0.998649657 0.049627721 0.015360822 0.580668032
0.013753642 0.047362953 -0.998783052 -8.181995392 -0.051117290 0.997604668 0.046603173 0.228971601 0.998597920 0.050414115 0.016141765 0.580879211
0.014340511 0.048175104 -0.998735845 -8.233537674 -0.051784154 0.997533977 0.047373571 0.230294108 0.998555303 0.051039338 0.016799858 0.580731273
0.014645596 0.049391128 -0.998672128 -8.281462669 -0.051399123 0.997495890 0.048579190 0.231077850 0.998570740 0.050619401 0.017147586 0.580819845
0.014995985 0.048127331 -0.998728633 -8.329341888 -0.051395159 0.997557819 0.047299195 0.232689589 0.998565793 0.050620519 0.017432867 0.581279397
0.016054481 0.048418324 -0.998698056 -8.373690605 -0.051793508 0.997526228 0.047528908 0.233475387 0.998528719 0.050963018 0.018522520 0.582338691
0.018230814 0.049259063 -0.998619676 -8.417072296 -0.053055901 0.997426093 0.048231613 0.234220922 0.998425066 0.052103356 0.020797376 0.581815362
0.017285796 0.047942970 -0.998700440 -8.462340355 -0.051590014 0.997561991 0.046995375 0.235038981 0.998518765 0.050710618 0.019717032 0.582716107
0.014038301 0.045240000 -0.998877466 -8.503389359 -0.049290739 0.997792721 0.044498127 0.235602483 0.998685837 0.048610736 0.016237225 0.583198786
0.009058325 0.041410942 -0.999101162 -8.548435211 -0.048990440 0.997960687 0.040919501 0.236738577 0.998758197 0.048575740 0.011068592 0.583758712
0.004224150 0.038573932 -0.999246836 -8.591477394 -0.050521605 0.997987807 0.038311757 0.237713456 0.998714089 0.050321713 0.006164468 0.583624482
0.000439400 0.037593935 -0.999292970 -8.634480476 -0.052874651 0.997896075 0.037518132 0.238679931 0.998601019 0.052820783 0.002426242 0.583128989
-0.002258368 0.038617264 -0.999251485 -8.677589417 -0.054543372 0.997761786 0.038682964 0.239335790 0.998508811 0.054589912 -0.000146997 0.582377374
-0.004382377 0.039977644 -0.999190986 -8.720272064 -0.053633228 0.997752905 0.040155344 0.240474686 0.998551071 0.053765811 -0.002228400 0.582226515
-0.005099395 0.041054957 -0.999143779 -8.763085365 -0.050596349 0.997866392 0.041260697 0.241665095 0.998706222 0.050763432 -0.003011284 0.581418455
-0.007113892 0.042025559 -0.999091208 -8.805494308 -0.048639935 0.997919321 0.042322591 0.242334515 0.998791039 0.048896801 -0.005054970 0.581325591
-0.007969771 0.040357150 -0.999153554 -8.847463608 -0.049320448 0.997953355 0.040702075 0.243694603 0.998751283 0.049603082 -0.005963026 0.580613077
-0.008490893 0.040288504 -0.999152005 -8.889591217 -0.051114060 0.997864306 0.040670954 0.243926033 0.998656750 0.051416047 -0.006413450 0.579958916
-0.008147188 0.038616136 -0.999220848 -8.931678772 -0.054946635 0.997727096 0.039006419 0.245599806 0.998456061 0.055221617 -0.006006844 0.579175711
-0.007073356 0.038262986 -0.999242663 -8.973801613 -0.057163529 0.997618139 0.038605422 0.245668128 0.998339772 0.057393316 -0.004869262 0.578056633
-0.006910286 0.035179868 -0.999357164 -9.016371727 -0.057140738 0.997734010 0.035517853 0.246814251 0.998342216 0.057349443 -0.004884425 0.578223765
-0.005327174 0.033229515 -0.999433577 -9.058748245 -0.057088681 0.997807682 0.033479739 0.247410834 0.998354852 0.057234701 -0.003418467 0.576880455
-0.004692270 0.033247907 -0.999436200 -9.101776123 -0.057235137 0.997799754 0.033462185 0.248036653 0.998349726 0.057359874 -0.002778998 0.576578856
-0.004173372 0.035853453 -0.999348283 -9.145813942 -0.054485969 0.997864306 0.036027759 0.248848721 0.998505831 0.054600816 -0.002210948 0.576220751
-0.004215802 0.037371274 -0.999292493 -9.189735413 -0.053509716 0.997861266 0.037543498 0.249566674 0.998558462 0.053630140 -0.002207059 0.575873494
-0.002818113 0.034126762 -0.999413490 -9.233509064 -0.048787519 0.998222709 0.034223672 0.250317395 0.998805165 0.048855364 -0.001148144 0.575581849
-0.003000484 0.030750830 -0.999522567 -9.277504921 -0.047060668 0.998415291 0.030858036 0.251367480 0.998887479 0.047130782 -0.001548574 0.575430572
-0.002145457 0.030707899 -0.999526083 -9.322003365 -0.052037247 0.998170733 0.030777955 0.252626032 0.998642862 0.052078620 -0.000543578 0.574532688
-0.000279381 0.035191927 -0.999380529 -9.366965294 -0.053115506 0.997969270 0.035157077 0.253580570 0.998588383 0.053092435 0.001590423 0.573917449
0.001652641 0.034415174 -0.999406219 -9.412553787 -0.051158141 0.998101830 0.034285657 0.254517794 0.998689175 0.051071107 0.003410120 0.573790252
0.003891557 0.034861762 -0.999384701 -9.458255768 -0.049499575 0.998173714 0.034626771 0.256166309 0.998766541 0.049334358 0.005610092 0.573877096
0.005506562 0.039909024 -0.999188125 -9.504282951 -0.050348632 0.997947037 0.039581981 0.257169813 0.998716533 0.050089791 0.007504622 0.574159443
0.007508052 0.044087075 -0.998999476 -9.550286293 -0.048114162 0.997886479 0.043676358 0.258187830 0.998813570 0.047738094 0.009613397 0.573803365
0.008886330 0.043376964 -0.999019206 -9.597437859 -0.047379225 0.997954845 0.042909306 0.260401309 0.998837411 0.046951450 0.010923326 0.574259698
0.011215923 0.044946190 -0.998926461 -9.643883705 -0.050838862 0.997722924 0.044321213 0.261441767 0.998643875 0.050287187 0.013475398 0.574234009
0.014401956 0.046945620 -0.998793542 -9.691136360 -0.054087706 0.997471273 0.046103559 0.263014257 0.998432279 0.053358462 0.016904714 0.574158907
0.019401502 0.047116317 -0.998700976 -9.738474846 -0.055538133 0.997397423 0.045975894 0.264623016 0.998268008 0.054573979 0.021967763 0.573703289
0.020605404 0.044676717 -0.998788893 -9.786349297 -0.057878759 0.997378945 0.043419581 0.266005307 0.998110950 0.056913987 0.023137227 0.575710595
0.023699112 0.041457236 -0.998859167 -9.834342957 -0.057428751 0.997546375 0.040040184 0.267471761 0.998068213 0.056414317 0.026021803 0.576474905
0.025337365 0.040520102 -0.998857439 -9.882522583 -0.056532614 0.997637331 0.039036579 0.268802553 0.998079181 0.055478938 0.027568204 0.577638090
0.026741032 0.042736046 -0.998728395 -9.931241035 -0.056688968 0.997542739 0.041167457 0.270130336 0.998033643 0.055516027 0.029097985 0.578740478
0.028355414 0.046197191 -0.998529792 -9.980338097 -0.058571104 0.997291982 0.044476666 0.271356583 0.997880459 0.057223849 0.030984452 0.579677939
0.029514190 0.045791890 -0.998514891 -10.029972076 -0.058051884 0.997342467 0.044022214 0.272850931 0.997877181 0.056666385 0.032094061 0.581150770
0.030658551 0.043192726 -0.998596191 -10.079762459 -0.057304580 0.997498572 0.041385900 0.274357826 0.997885883 0.055955306 0.033056997 0.582327068
0.030470053 0.040045246 -0.998733222 -10.129375458 -0.054418955 0.997781515 0.038346846 0.275755197 0.998053193 0.053181581 0.032581680 0.584012389
0.031335805 0.038662154 -0.998760819 -10.181296349 -0.052167509 0.997952819 0.036994144 0.277172685 0.998146594 0.050943632 0.033288561 0.584714293
0.032077089 0.038217884 -0.998754382 -10.232291222 -0.052684564 0.997944057 0.036494799 0.278186828 0.998095810 0.051448300 0.034024633 0.585493088
