0.999998510 0.000877658 0.001469566 -0.000205842 -0.000870698 0.999988437 -0.004729798 -0.000057411 -0.001473701 0.004728512 0.999987662 0.041225240
0.999997258 -0.001151790 0.002026255 -0.000291565 0.001163121 0.999983668 -0.005599747 -0.000014335 -0.002019772 0.005602088 0.999982297 0.084200375
0.999992907 -0.002846779 0.002464062 -0.000415921 0.002850608 0.999994695 -0.001552007 0.000092508 -0.002459631 0.001559020 0.999995768 0.123303309
0.999984980 -0.005061354 0.002095446 -0.000454872 0.005051824 0.999976993 0.004528725 -0.000029508 -0.002118320 -0.004518071 0.999987543 0.164111331
0.999962151 -0.008678517 0.000647035 -0.000248462 0.008675591 0.999952734 0.004395150 0.000129141 -0.000685148 -0.004389371 0.999990046 0.204517037
0.999932468 -0.011624133 -0.000154013 -0.000236290 0.011624369 0.999931097 0.001619205 0.000391148 0.000135180 -0.001620886 0.999998569 0.245105088
0.999928951 -0.011866943 -0.001094589 -0.000236012 0.011865052 0.999928117 -0.001717210 0.000197668 0.001114889 0.001704101 0.999997854 0.284525335
0.999939024 -0.010929222 -0.001601946 -0.000583092 0.010925372 0.999937475 -0.002391508 0.000316149 0.001627983 0.002373860 0.999995828 0.324590802
0.999938190 -0.010789715 -0.002675417 -0.000831631 0.010788492 0.999941707 -0.000470697 0.000179502 0.002680340 0.000441805 0.999996305 0.363808066
0.999935627 -0.010830376 -0.003407805 -0.001107344 0.010839019 0.999938071 0.002527707 0.000160456 0.003380218 -0.002564481 0.999991059 0.403923869
0.999932468 -0.010679508 -0.004588284 -0.001128486 0.010697156 0.999935389 0.003839270 0.000351631 0.004546986 -0.003888092 0.999982059 0.442768753
0.999915779 -0.012072403 -0.004788256 -0.001733618 0.012095390 0.999915302 0.004801284 0.000400292 0.004729888 -0.004858795 0.999977052 0.482305020
0.999905586 -0.012076889 -0.006554574 -0.001260640 0.012106746 0.999916375 0.004534551 0.000764822 0.006499263 -0.004613478 0.999968231 0.521143913
0.999899209 -0.012442452 -0.006837811 -0.002024498 0.012464236 0.999917328 0.003152459 0.000726150 0.006798021 -0.003237370 0.999971688 0.560062051
0.999884605 -0.012824172 -0.008132852 -0.002533801 0.012832168 0.999917150 0.000931960 0.001020565 0.008120228 -0.001036215 0.999966502 0.599075735
0.999851108 -0.014278707 -0.009681339 -0.002890926 0.014268057 0.999897361 -0.001168222 0.001755245 0.009697028 0.001029914 0.999952495 0.637983203
0.999840140 -0.013797075 -0.011366955 -0.003387975 0.013786918 0.999904513 -0.000971152 0.001161926 0.011379267 0.000814282 0.999934912 0.676161826
0.999844968 -0.012373153 -0.012526037 -0.004415026 0.012356824 0.999922752 -0.001380033 0.000786095 0.012542143 0.001225037 0.999920547 0.715011358
0.999836206 -0.010821022 -0.014505665 -0.004884894 0.010794528 0.999939859 -0.001903569 0.001067988 0.014525391 0.001746676 0.999892890 0.752691329
0.999794722 -0.011556586 -0.016638465 -0.005159987 0.011544091 0.999933004 -0.000846830 0.000943654 0.016647136 0.000654580 0.999861181 0.790980697
0.999776363 -0.011277393 -0.017892404 -0.006293546 0.011280482 0.999936342 0.000071680 0.001095015 0.017890461 -0.000273499 0.999839842 0.829821706
0.999764383 -0.010465534 -0.019017771 -0.007284270 0.010484962 0.999944627 0.000922110 0.000940529 0.019007063 -0.001121293 0.999818742 0.866371989
0.999713361 -0.011822795 -0.020816255 -0.007890733 0.011847927 0.999929249 0.001084438 0.000780287 0.020801954 -0.001330756 0.999782801 0.903724134
0.999678671 -0.010834316 -0.022917354 -0.008453106 0.010844401 0.999941170 0.000315825 0.000955236 0.022912584 -0.000564249 0.999737322 0.940660655
0.999657929 -0.011701092 -0.023388928 -0.009967274 0.011715615 0.999931216 0.000484012 0.001131660 0.023381654 -0.000757862 0.999726295 0.977613449
0.999648690 -0.011749795 -0.023759229 -0.011428494 0.011816247 0.999926627 0.002658478 0.001132550 0.023726251 -0.002938289 0.999714136 1.014438033
0.999619365 -0.012425930 -0.024633344 -0.012273551 0.012547075 0.999909937 0.004769469 0.001430519 0.024571860 -0.005076730 0.999685168 1.050707102
0.999590158 -0.012686027 -0.025659958 -0.013120133 0.012864157 0.999894142 0.006788770 0.001468062 0.025571121 -0.007116082 0.999647617 1.086365342
0.999580026 -0.011672881 -0.026524985 -0.014143712 0.011831328 0.999913037 0.005824410 0.001458683 0.026454693 -0.006135790 0.999631107 1.122067809
0.999586880 -0.009896531 -0.026982602 -0.015814357 0.009991393 0.999944270 0.003383054 0.001468796 0.026947621 -0.003651250 0.999630153 1.156821251
0.999550164 -0.010414534 -0.028122332 -0.016490972 0.010454769 0.999944508 0.001283997 0.001891610 0.028107397 -0.001577432 0.999603689 1.190634727
0.999543726 -0.008771108 -0.028903913 -0.017744970 0.008798596 0.999961019 0.000823902 0.001859938 0.028895559 -0.001077840 0.999581873 1.225258350
0.999512255 -0.009044917 -0.029890312 -0.019361367 0.009059400 0.999958932 0.000349134 0.002065689 0.029885931 -0.000619752 0.999553144 1.258209705
0.999431610 -0.008859404 -0.032525215 -0.019624602 0.008847548 0.999960721 -0.000508437 0.001889524 0.032528438 0.000220379 0.999470770 1.291787028
0.999352872 -0.009018186 -0.034821332 -0.020688379 0.009008104 0.999959350 -0.000446455 0.001704874 0.034823947 0.000132492 0.999393404 1.325107098
0.999287188 -0.009346572 -0.036575187 -0.022368271 0.009369523 0.999956012 0.000456167 0.002179362 0.036569316 -0.000798534 0.999330819 1.357156754
0.999238729 -0.008759975 -0.038014602 -0.024016952 0.008862902 0.999957442 0.002539892 0.002041697 0.037990734 -0.002874878 0.999273956 1.387984991
0.999137819 -0.008568025 -0.040622555 -0.024919245 0.008749351 0.999952495 0.004287954 0.001991414 0.040583882 -0.004639678 0.999165297 1.420074821
0.999040484 -0.007181946 -0.043203976 -0.025966462 0.007394528 0.999961317 0.004762626 0.002021645 0.043168105 -0.005077529 0.999054849 1.451632619
0.999000132 -0.004681154 -0.044461295 -0.028053220 0.004868126 0.999979734 0.004097946 0.001818660 0.044441208 -0.004310292 0.999002635 1.481555223
0.998938382 -0.003097466 -0.045961797 -0.030200269 0.003245819 0.999989748 0.003153470 0.002050635 0.045951556 -0.003299306 0.998938322 1.511986136
0.998867154 -0.002855679 -0.047498196 -0.031709481 0.003070947 0.999985397 0.004459802 0.002089954 0.047484767 -0.004600614 0.998861372 1.541945457
0.998820007 -0.001251185 -0.048549104 -0.033356581 0.001540510 0.999981225 0.005922467 0.002515616 0.048540786 -0.005990270 0.998803258 1.571738362
0.998818517 0.001493349 -0.048572540 -0.035141733 -0.001169999 0.999976933 0.006684797 0.002453642 0.048581410 -0.006620070 0.998797357 1.600677013
0.998868346 0.004996622 -0.047296599 -0.036901530 -0.004803088 0.999979615 0.004204695 0.002681206 0.047316648 -0.003972766 0.998872042 1.629660726
0.998938382 0.006269814 -0.045637082 -0.038478378 -0.006204396 0.999979496 0.001574935 0.002359975 0.045646023 -0.001290112 0.998956859 1.656410456
0.999028802 0.007145268 -0.043478835 -0.039598055 -0.007159340 0.999974430 -0.000167932 0.002483927 0.043476529 0.000479049 0.999054313 1.684040427
0.999168038 0.007844552 -0.040019855 -0.041100100 -0.007796652 0.999968648 0.001352868 0.002113826 0.040029217 -0.001039721 0.999197960 1.710759759
0.999232590 0.012675715 -0.037062269 -0.042428024 -0.012565076 0.999915898 0.003216543 0.002661161 0.037099920 -0.002748384 0.999307692 1.738499403
0.999307573 0.017099544 -0.033046469 -0.043730084 -0.016876651 0.999832988 0.007012046 0.002358831 0.033160850 -0.006449476 0.999429166 1.764971495
0.999348760 0.021911418 -0.028673712 -0.045059241 -0.021707775 0.999737024 0.007394083 0.003010012 0.028828193 -0.006766824 0.999561429 1.790603518
0.999395728 0.025925782 -0.023153394 -0.045922454 -0.025749521 0.999637365 0.007878699 0.002942594 0.023349257 -0.007277750 0.999700904 1.815367103
0.999412000 0.029701086 -0.017133188 -0.046743467 -0.029538361 0.999516845 0.009673881 0.003209925 0.017412234 -0.009162107 0.999806464 1.839651942
0.999337733 0.034915738 -0.010248709 -0.047661874 -0.034799021 0.999329865 0.011354551 0.003057878 0.010638291 -0.010990385 0.999883056 1.863198757
0.999273539 0.037963934 -0.003334683 -0.047685601 -0.037925813 0.999221802 0.010834723 0.003128979 0.003743417 -0.010700379 0.999935687 1.885410309
0.999129295 0.041516807 0.004100712 -0.047830816 -0.041559897 0.999074936 0.011049294 0.003082784 -0.003638187 -0.011210098 0.999930501 1.907255650
0.998906612 0.045270998 0.011667901 -0.047666963 -0.045391142 0.998916686 0.010246519 0.003472544 -0.011191390 -0.010764936 0.999879360 1.928561449
0.998563051 0.049989279 0.019311426 -0.047938552 -0.050151747 0.998709381 0.008022140 0.003017717 -0.018885486 -0.008979114 0.999781311 1.947424531
0.998277366 0.051941801 0.027282082 -0.047390204 -0.052091841 0.998630702 0.004817591 0.003077903 -0.026994489 -0.006230465 0.999616146 1.966390371
0.998011410 0.052247059 0.035261437 -0.046870328 -0.052435447 0.998614430 0.004438512 0.003220498 -0.034980685 -0.006278634 0.999368310 1.984345436
0.997715116 0.052005351 0.043128174 -0.045837753 -0.052317806 0.998611510 0.006147181 0.003157870 -0.042748600 -0.008389506 0.999050617 2.001196623
0.997255325 0.053504545 0.051175877 -0.045019120 -0.053918097 0.998522580 0.006733703 0.003318251 -0.050739996 -0.009474529 0.998666942 2.017277002
0.996617734 0.056030747 0.060114503 -0.044254705 -0.056535847 0.998377860 0.006733272 0.003208993 -0.059639722 -0.010109123 0.998168766 2.032389402
0.995748639 0.060776580 0.069216453 -0.043504149 -0.061342523 0.998098254 0.006078522 0.003333003 -0.068715394 -0.010298593 0.997583151 2.046756744
0.994863093 0.064842828 0.077735439 -0.042326078 -0.065522924 0.997831583 0.006227727 0.003278263 -0.077163056 -0.011289188 0.996954501 2.058740139
0.994150221 0.063784108 0.087160386 -0.041110232 -0.064628340 0.997885585 0.006895851 0.003020605 -0.086536258 -0.012488544 0.996170342 2.070737123
0.993204236 0.062694095 0.098055065 -0.039809778 -0.063491687 0.997969627 0.005032092 0.002971333 -0.097540498 -0.011223575 0.995168209 2.081973076
0.992054641 0.061667137 0.109656632 -0.038248882 -0.062112376 0.998068929 0.000645789 0.002905834 -0.109405063 -0.007451691 0.993969321 2.092630863
0.990422487 0.062799066 0.122961111 -0.036498785 -0.062861696 0.998016477 -0.003374002 0.002872773 -0.122929119 -0.004387856 0.992405772 2.103556156
0.988237500 0.064693660 0.138568610 -0.034727335 -0.064572364 0.997898519 -0.005375483 0.002663741 -0.138625145 -0.003635447 0.990338326 2.114277363
0.985765100 0.066213235 0.154540718 -0.032613456 -0.065952450 0.997799456 -0.006819502 0.002629732 -0.154652178 -0.003469913 0.987962902 2.124816895
0.983031213 0.066338599 0.171022639 -0.029931128 -0.065884195 0.997792482 -0.008337726 0.002903255 -0.171198204 -0.003071443 0.985231876 2.135143518
0.979750037 0.065538332 0.189194530 -0.027381420 -0.064922512 0.997845531 -0.009457488 0.002520151 -0.189406753 -0.003017008 0.981894195 2.145889044
0.975904107 0.064694799 0.208388567 -0.024660289 -0.064079180 0.997897565 -0.009710899 0.002357891 -0.208578676 -0.003876462 0.977998018 2.155318260
0.971250415 0.065403923 0.228899509 -0.021694303 -0.064617455 0.997850180 -0.010937488 0.002159102 -0.229122788 -0.004167864 0.973388553 2.166487217
0.965947568 0.066882044 0.249944210 -0.018648148 -0.065574519 0.997755468 -0.013564532 0.002450204 -0.250290453 -0.003287345 0.968165219 2.177060843
0.959718227 0.068392098 0.272513509 -0.015105188 -0.066716321 0.997652769 -0.015421921 0.002023432 -0.272928655 -0.003380410 0.962028384 2.186823845
0.952353477 0.069673523 0.296931684 -0.011382997 -0.067852013 0.997559845 -0.016449576 0.001691207 -0.297353268 -0.004481602 0.954756975 2.196596146
0.943918467 0.072320409 0.322160929 -0.006877422 -0.070447236 0.997362256 -0.017485658 0.001468204 -0.322575778 -0.006190313 0.946523428 2.206802368
0.933856308 0.074273370 0.349851280 -0.002692759 -0.072242968 0.997208536 -0.018869417 0.001369998 -0.350276172 -0.007652967 0.936615169 2.217379570
0.922707796 0.075118035 0.378110707 0.002732635 -0.072907940 0.997134447 -0.020179447 0.000840530 -0.378543079 -0.008947542 0.925540388 2.227757454
0.909964025 0.073343262 0.408149898 0.008219004 -0.070377685 0.997271121 -0.022300536 0.000495754 -0.408671677 -0.008431954 0.912642479 2.237462521
0.894929349 0.070459008 0.440610081 0.013821781 -0.066154584 0.997492552 -0.025143923 0.000234734 -0.441276908 -0.006646342 0.897346377 2.246556044
0.877681971 0.069763295 0.474138469 0.020522594 -0.063341364 0.997555077 -0.029525429 0.000002410 -0.475039065 -0.004118644 0.879955053 2.255638838
0.858225405 0.071488284 0.508270204 0.027975321 -0.062553063 0.997439384 -0.034667782 -0.000291564 -0.509447098 -0.002041090 0.860499501 2.265329123
0.836405575 0.073728308 0.543129504 0.035564542 -0.062402193 0.997277856 -0.039279856 -0.000702307 -0.544547141 -0.001038579 0.838729560 2.274879694
0.812116742 0.075991310 0.578525424 0.044552445 -0.062606454 0.997107685 -0.043088451 -0.001103185 -0.580126524 -0.001226573 0.814525485 2.284623861
0.784392715 0.080324180 0.615041494 0.052580833 -0.066081479 0.996758103 -0.045899224 -0.001818828 -0.616734385 -0.004639841 0.787157655 2.293700695
0.754323006 0.084333584 0.651064217 0.062007785 -0.069510229 0.996400118 -0.048531018 -0.002564833 -0.652813256 -0.008647573 0.757469535 2.303532839
0.721295655 0.086025745 0.687264264 0.073621392 -0.069524214 0.996237934 -0.051733509 -0.002982780 -0.689129114 -0.010466357 0.724562883 2.313725710
0.685262978 0.082929447 0.723558664 0.086629748 -0.065300301 0.996490598 -0.052366897 -0.004103646 -0.725362241 -0.011363500 0.688273549 2.323451042
0.645459890 0.081997849 0.759379864 0.098316789 -0.062581904 0.996555269 -0.054414514 -0.004580930 -0.761225998 -0.012401052 0.648368061 2.332465649
0.602927387 0.081584238 0.793613553 0.112698793 -0.060681470 0.996565402 -0.056346707 -0.005440563 -0.795485020 -0.014184664 0.605807304 2.341990232
0.556915522 0.081673376 0.826543629 0.128839612 -0.057037029 0.996564806 -0.060042813 -0.006032884 -0.828608334 -0.013704816 0.559661031 2.351132393
0.508540511 0.078907795 0.857414722 0.144736707 -0.052816235 0.996775389 -0.060407359 -0.007960543 -0.859416664 -0.014565823 0.511068344 2.359532118
0.459490776 0.078246631 0.884729028 0.162489772 -0.051671501 0.996779740 -0.061320543 -0.008311428 -0.886678219 -0.017539056 0.462054163 2.367423296
0.410388291 0.076003149 0.908738077 0.182511747 -0.051226255 0.996868670 -0.060240116 -0.009565871 -0.910470903 -0.021829415 0.412996590 2.374856472
0.360589027 0.074661337 0.929731727 0.202530742 -0.054121323 0.996786535 -0.059055593 -0.011376210 -0.931153238 -0.029023517 0.363471150 2.381526470
0.310659528 0.075140193 0.947546601 0.222587585 -0.052155279 0.996716261 -0.061939888 -0.012121044 -0.949089289 -0.030177340 0.313558400 2.387260675
0.263575584 0.072937325 0.961877346 0.242356002 -0.040994193 0.997083426 -0.064373635 -0.012747232 -0.963767231 -0.022464069 0.265796900 2.390799522
0.217544034 0.067662232 0.973702371 0.264530361 -0.028328050 0.997611642 -0.062994659 -0.013892200 -0.975639343 -0.013878973 0.218941271 2.395075321
0.176325247 0.066033207 0.982114553 0.287527621 -0.018451035 0.997793734 -0.063774772 -0.015280263 -0.984159052 -0.006875926 0.177154660 2.397140980
0.138858333 0.067566469 0.988004625 0.310187548 -0.015065570 0.997698426 -0.066112012 -0.016359277 -0.990197659 -0.005704647 0.139556676 2.398604631
0.106626049 0.068522498 0.991935194 0.334221274 -0.005731564 0.997648239 -0.068301044 -0.017675303 -0.994282603 0.001597329 0.106768027 2.399832487
0.077983811 0.066299297 0.994747698 0.359425843 0.000718000 0.997782290 -0.066557840 -0.019730434 -0.996954381 0.005904661 0.077763267 2.400709152
0.052281760 0.064953670 0.996517777 0.384284705 0.007930948 0.997823954 -0.065454930 -0.020914756 -0.998600900 0.011325428 0.051652860 2.401339054
0.033092305 0.065048702 0.997333288 0.409683287 0.014012731 0.997751415 -0.065540925 -0.021425165 -0.999354064 0.016144264 0.032106385 2.401087761
0.016475925 0.066011928 0.997682810 0.436463475 0.015526229 0.997681022 -0.066268228 -0.023469027 -0.999743700 0.016582081 0.015412803 2.401473761
0.003107146 0.065154776 0.997870326 0.463450342 0.015509499 0.997751951 -0.065195337 -0.025487170 -0.999874890 0.015679043 0.002089642 2.401377678
-0.008503599 0.066567943 0.997745752 0.490937799 0.016618116 0.997653365 -0.066420175 -0.026818624 -0.999825716 0.016015844 -0.009589881 2.400881290
-0.017257774 0.069505595 0.997432292 0.518594205 0.021814143 0.997369647 -0.069123805 -0.028362811 -0.999613106 0.020565206 -0.018728584 2.400075674
-0.024145601 0.071652070 0.997137368 0.548012018 0.025974285 0.997136354 -0.071023025 -0.029866260 -0.999370933 0.024185035 -0.025937568 2.399080753
-0.029014671 0.071039319 0.997051418 0.577083349 0.026613479 0.997172654 -0.070273496 -0.031465508 -0.999224663 0.024496047 -0.030823240 2.398493528
-0.031658083 0.067846067 0.997193456 0.605949819 0.024142934 0.997454226 -0.067097344 -0.033349078 -0.999207199 0.021951001 -0.033215493 2.397152185
-0.034893073 0.061321288 0.997507989 0.638311028 0.021998530 0.997921050 -0.060577162 -0.034925405 -0.999148905 0.019829985 -0.036169525 2.396410942
-0.035625055 0.055638783 0.997815192 0.668995023 0.023206275 0.998225868 -0.054833144 -0.036584496 -0.999095738 0.021202140 -0.036853019 2.395059109
-0.035187397 0.052820399 0.997983932 0.700377345 0.026234984 0.998306930 -0.051912490 -0.038314965 -0.999036372 0.024355425 -0.036513567 2.393279314
-0.036252275 0.055477627 0.997801542 0.732558668 0.029343169 0.998086512 -0.054427370 -0.039852317 -0.998911738 0.027305547 -0.037810795 2.392647028
-0.035160784 0.062927671 0.997398496 0.764336169 0.030143052 0.997628391 -0.061879553 -0.041441850 -0.998927057 0.027888903 -0.036974225 2.391437531
-0.032814547 0.070469722 0.996973932 0.796105385 0.030681867 0.997112155 -0.069469608 -0.043371130 -0.998990476 0.028309412 -0.034881920 2.390451431
-0.031271677 0.071837917 0.996925950 0.830228209 0.031495370 0.996989250 -0.070854537 -0.044433296 -0.999014497 0.029182812 -0.033440094 2.389574766
-0.028931402 0.067524426 0.997298002 0.864019632 0.030992279 0.997296631 -0.066625237 -0.046294175 -0.999100745 0.028980978 -0.030945929 2.388770580
-0.026200136 0.060575873 0.997819662 0.897707880 0.030500727 0.997746050 -0.059770525 -0.048836626 -0.999191225 0.028868226 -0.027988689 2.387967348
-0.023925535 0.058916323 0.997976124 0.932206810 0.028286934 0.997902155 -0.058233794 -0.050949126 -0.999313414 0.026836410 -0.025541903 2.387311697
-0.020447176 0.064779945 0.997690082 0.965559185 0.036115002 0.997295320 -0.064014152 -0.052695956 -0.999138415 0.034722675 -0.022731401 2.386422634
-0.016940162 0.070027784 0.997401237 0.998852193 0.037571330 0.996884406 -0.069353372 -0.054798804 -0.999150336 0.036298838 -0.019518420 2.385594368
-0.014915405 0.070304334 0.997413993 1.033430934 0.031669572 0.997057855 -0.069805622 -0.056957744 -0.999387145 0.030546503 -0.017098026 2.385811329
-0.011135346 0.067566760 0.997652590 1.066754818 0.027577503 0.997355640 -0.067238837 -0.058310576 -0.999557614 0.026764037 -0.012969223 2.385074854
-0.006426763 0.063701116 0.997948349 1.101784468 0.031476151 0.997487307 -0.063468985 -0.060979351 -0.999483824 0.031003671 -0.008415680 2.384456396
-0.002187422 0.064594135 0.997909188 1.134960413 0.036203574 0.997262478 -0.064472914 -0.063274831 -0.999342084 0.035986852 -0.004519973 2.383574486
0.000202840 0.069280408 0.997597218 1.168894887 0.035919651 0.996952951 -0.069242984 -0.065189756 -0.999354601 0.035847392 -0.002286307 2.384063005
0.003707436 0.070065312 0.997535527 1.202921748 0.032041714 0.997021854 -0.070148304 -0.067061745 -0.999479592 0.032222822 0.001451382 2.384494781
0.007793111 0.069627374 0.997542620 1.237298489 0.031733789 0.997053206 -0.069841146 -0.069338128 -0.999465942 0.032200091 0.005560605 2.384947062
0.011360580 0.066580586 0.997716367 1.271942496 0.035548504 0.997123122 -0.066945769 -0.071335189 -0.999303401 0.036227871 0.008961056 2.385038614
0.014526544 0.066906258 0.997653484 1.305491328 0.040114176 0.996916533 -0.067440920 -0.074109487 -0.999089479 0.040999729 0.011797863 2.385505438
0.017951068 0.067644432 0.997547925 1.339008331 0.042906102 0.996737540 -0.068361580 -0.076461360 -0.998917758 0.044028051 0.014990146 2.386247873
0.020558983 0.067555808 0.997503638 1.373544455 0.043613076 0.996704161 -0.068400547 -0.078676432 -0.998836935 0.044910450 0.017544907 2.387104988
0.024939181 0.065980583 0.997509181 1.407541275 0.045228835 0.996723294 -0.067059390 -0.080758765 -0.998665214 0.046788577 0.021873239 2.386751175
0.028058328 0.064915389 0.997496247 1.442719698 0.046994235 0.996700048 -0.066185467 -0.082971066 -0.998501003 0.048733633 0.024915088 2.388203382
0.030729814 0.065158784 0.997401595 1.476683617 0.045505136 0.996747017 -0.066518039 -0.085070111 -0.998491347 0.047430981 0.027664788 2.389213324
0.033630151 0.067143857 0.997176409 1.510879517 0.042406149 0.996746361 -0.068545066 -0.087046787 -0.998534262 0.044591587 0.030673414 2.390838623
0.037037563 0.067001261 0.997065187 1.545650482 0.044751048 0.996637583 -0.068634883 -0.089515962 -0.998311341 0.047161784 0.033914648 2.391629934
0.039479747 0.066905864 0.996977866 1.580415130 0.042166449 0.996755540 -0.068560697 -0.091464542 -0.998330295 0.044745781 0.036530484 2.393630743
0.041259445 0.067025341 0.996897817 1.615133762 0.040214416 0.996827543 -0.068684988 -0.093729921 -0.998338938 0.042923573 0.038433172 2.395840168
0.045003280 0.067141183 0.996728063 1.649920940 0.037865072 0.996907234 -0.068862908 -0.095885493 -0.998269022 0.040840238 0.042321790 2.396827221
0.048154894 0.069218680 0.996438622 1.684793115 0.036060542 0.996825159 -0.070988230 -0.098142534 -0.998188794 0.039350551 0.045505960 2.398802996
0.051115751 0.072633691 0.996047974 1.720270872 0.035082012 0.996605575 -0.074474707 -0.100570731 -0.998076379 0.038750187 0.048394103 2.401235580
0.054390375 0.074469864 0.995738924 1.755435824 0.035343431 0.996446550 -0.076453358 -0.103263810 -0.997893989 0.039351158 0.051565073 2.403425217
0.057528988 0.076864116 0.995380521 1.791055679 0.028883645 0.996486187 -0.078618869 -0.105537273 -0.997925878 0.033273086 0.055106737 2.405877829
0.059516471 0.076277368 0.995308757 1.826531887 0.025674839 0.996629417 -0.077913851 -0.107782245 -0.997897089 0.030191548 0.057357453 2.409026623
0.063573599 0.076629981 0.995030761 1.862461925 0.027757332 0.996526062 -0.078518599 -0.110619411 -0.997591078 0.032611106 0.061225709 2.410887718
0.067566410 0.078172043 0.994647622 1.898168802 0.027497137 0.996401131 -0.080177747 -0.112715818 -0.997335792 0.032767281 0.065173738 2.413134813
0.071480855 0.078631312 0.994337738 1.934686899 0.023221141 0.996486485 -0.080470562 -0.115724139 -0.997171700 0.028841760 0.069403790 2.416290760
0.075560860 0.076788329 0.994180083 1.971060872 0.022580361 0.996643007 -0.078694738 -0.117948160 -0.996885419 0.028395193 0.073573299 2.419709206
0.079999298 0.076566264 0.993849874 2.008523464 0.022454349 0.996654153 -0.078589737 -0.121218622 -0.996541917 0.028603381 0.078012384 2.422698259
0.084785968 0.080615841 0.993132591 2.045165062 0.018243637 0.996428967 -0.082440905 -0.123763666 -0.996232152 0.025108183 0.083012462 2.426442623
0.090424120 0.089274265 0.991893888 2.082520008 0.016686926 0.995698452 -0.091137916 -0.126380086 -0.995763540 0.024792727 0.088545449 2.430631638
0.098083884 0.093590349 0.990767539 2.119045496 0.016057035 0.995289624 -0.095607132 -0.129708216 -0.995048642 0.025286308 0.096119098 2.434613943
0.105239056 0.096677601 0.989736557 2.156648874 0.010516735 0.995099306 -0.098319709 -0.133376002 -0.994391322 0.020755870 0.103706606 2.438801289
0.112378635 0.094557904 0.989156127 2.193698168 0.006610338 0.995368838 -0.095902801 -0.137019515 -0.993643463 0.017316082 0.111233123 2.443595886
0.119709253 0.093246065 0.988420427 2.231323242 0.006682978 0.995481372 -0.094721563 -0.140197188 -0.992786467 0.017944641 0.118545175 2.448848724
0.127047673 0.089402869 0.987859368 2.269449472 0.007319712 0.995818019 -0.091064543 -0.143121377 -0.991869509 0.018800385 0.125861973 2.453853130
0.134466574 0.084286183 0.987326980 2.306056976 0.003949702 0.996322453 -0.085592024 -0.146335900 -0.990910172 0.015408916 0.133639172 2.458974123
0.142104059 0.076717839 0.986874223 2.344336271 0.002199709 0.996965051 -0.077819034 -0.149293184 -0.989849210 0.013229238 0.141504034 2.464592457
0.149592713 0.073977925 0.985976279 2.380883455 0.002703476 0.997162700 -0.075227417 -0.152155444 -0.988744020 0.013919035 0.148968279 2.470261812
0.157027051 0.075991616 0.984666348 2.418018103 0.002553521 0.997000635 -0.077350728 -0.154922470 -0.987590969 0.014660523 0.156362027 2.476295233
0.162639335 0.082811438 0.983204305 2.453920603 0.002696920 0.996430635 -0.084371574 -0.157640040 -0.986681879 0.016373761 0.161835477 2.482460976
0.167840511 0.086115241 0.982045650 2.490674973 0.001376264 0.996155858 -0.087587766 -0.160677791 -0.985813200 0.016052326 0.167076766 2.489148140
0.172448128 0.088940553 0.980994999 2.525987864 -0.000267039 0.995919406 -0.090246700 -0.163972661 -0.985018611 0.015300913 0.171768174 2.495970488
0.177784130 0.088865802 0.980048835 2.561451435 -0.002768843 0.995955467 -0.089805834 -0.166848838 -0.984065711 0.013252450 0.177311108 2.502974510
0.182962209 0.085765809 0.979371846 2.596802235 0.001030603 0.996170163 -0.087429427 -0.169839442 -0.983119369 0.017005619 0.182173103 2.509381294
0.187919393 0.079151660 0.978989959 2.632748604 0.001694614 0.996719956 -0.080910414 -0.172619969 -0.982182980 0.016863648 0.187168881 2.516011715
0.190871537 0.072976775 0.978898644 2.667013168 0.000446836 0.997226179 -0.074430227 -0.175247788 -0.981614947 0.014644019 0.190309495 2.523268700
0.193879157 0.069846801 0.978535831 2.700695515 -0.003340873 0.997503579 -0.070538767 -0.177793726 -0.981019676 0.010406831 0.193628490 2.530621529
0.197438806 0.069412187 0.977854788 2.734610796 -0.004492990 0.997543752 -0.069902614 -0.180479884 -0.980304837 0.009408000 0.197265714 2.537738085
0.199359223 0.072026849 0.977275968 2.768164396 -0.005929708 0.997365415 -0.072297856 -0.182383806 -0.979908526 0.008618284 0.199261129 2.545078993
0.200486064 0.076622754 0.976695657 2.799973726 -0.010005068 0.997044981 -0.076165445 -0.184662461 -0.979645431 0.005498204 0.200660244 2.552169085
0.202919349 0.080641419 0.975869298 2.831389189 -0.011053939 0.996728241 -0.080066584 -0.187320620 -0.979133070 0.005459860 0.203146875 2.558789492
0.204924747 0.085424334 0.975042880 2.862991571 -0.012970204 0.996333599 -0.084563680 -0.190785766 -0.978691816 0.004682689 0.205281377 2.565696716
0.206229404 0.087687634 0.974566758 2.893974304 -0.012242567 0.996129870 -0.087037131 -0.192837387 -0.978427052 0.006018416 0.206504792 2.572697163
0.207392558 0.087537602 0.974333346 2.927568436 -0.014743229 0.996154845 -0.086359933 -0.195680305 -0.978146672 0.003545587 0.207885697 2.580655098
0.207972080 0.084675126 0.974462748 2.958653688 -0.014873357 0.996404469 -0.083407424 -0.198194787 -0.978021741 0.002852885 0.208483726 2.587844849
0.208747059 0.081898816 0.974534392 2.988570690 -0.013691809 0.996634364 -0.080823265 -0.200569421 -0.977873862 0.003528479 0.209165856 2.593956470
0.208410844 0.081006601 0.974680841 3.018501282 -0.013866485 0.996708691 -0.079872340 -0.203377306 -0.977943003 0.003130862 0.208848149 2.600672722
0.207541347 0.079902887 0.974957466 3.047249556 -0.012310460 0.996792853 -0.079071857 -0.205553576 -0.978148758 0.004408507 0.207859412 2.606557369
0.206110179 0.081047475 0.975166619 3.076082706 -0.013468275 0.996704578 -0.079990894 -0.207756057 -0.978436112 0.003353126 0.206522554 2.612632275
0.203827411 0.083744630 0.975418448 3.104294062 -0.013680817 0.996481061 -0.082694158 -0.210233003 -0.978911221 0.003510816 0.204255849 2.618696213
0.201854572 0.087741241 0.975477397 3.132752180 -0.012415077 0.996128380 -0.087029710 -0.212690666 -0.979336798 0.005456717 0.202162385 2.624281645
0.199550748 0.087721199 0.975953043 3.160022736 -0.009908981 0.996114671 -0.087507300 -0.215118229 -0.979837358 0.007791447 0.199644655 2.630349636
0.197929427 0.086662322 0.976377666 3.186020374 -0.010989055 0.996217608 -0.086195581 -0.217405528 -0.980154693 0.006331176 0.198133126 2.635011196
0.195312008 0.083659828 0.977166355 3.213032961 -0.011468528 0.996481657 -0.083021224 -0.219920382 -0.980674148 0.005008381 0.195584282 2.640793800
0.193704069 0.079597235 0.977825701 3.239820957 -0.010797941 0.996815860 -0.079004019 -0.222381189 -0.981000602 0.004744896 0.193946749 2.645772219
0.191051215 0.079122014 0.978385985 3.264998913 -0.007616598 0.996835470 -0.079126701 -0.224066019 -0.981550455 0.007665281 0.191049278 2.651008606
0.189481288 0.080302767 0.978595078 3.290663719 -0.003764738 0.996702135 -0.081059664 -0.226366833 -0.981877148 0.011675134 0.189158723 2.655712605
0.186642125 0.082372047 0.978968620 3.315322638 -0.000238280 0.996482491 -0.083800256 -0.228278905 -0.982427955 0.015407390 0.186005265 2.660409451
0.185156941 0.084505446 0.979068816 3.338969231 -0.001060472 0.996312439 -0.085793220 -0.230186701 -0.982708395 0.014846936 0.184563756 2.664862394
0.184135363 0.086400710 0.979096055 3.364655495 -0.000626263 0.996139050 -0.087786905 -0.232425719 -0.982900679 0.015551503 0.183478534 2.669290543
0.182621583 0.085223034 0.979482710 3.389738083 0.000894208 0.996221304 -0.086846143 -0.233966291 -0.983182847 0.016735842 0.181855291 2.674326420
0.183023617 0.083443843 0.979560852 3.415566921 0.006454013 0.996267974 -0.086072914 -0.236388355 -0.983087242 0.022075474 0.181802005 2.678654432
0.185952425 0.081546493 0.979169071 3.439996958 0.012100938 0.996284425 -0.085269950 -0.238316447 -0.982484221 0.027705019 0.184274718 2.682688951
0.188533887 0.080371745 0.978772461 3.465206861 0.014668849 0.996303797 -0.084636897 -0.240828469 -0.981957078 0.030314384 0.186658055 2.686814308
0.191345051 0.080763385 0.978194296 3.490330219 0.011451313 0.996357441 -0.084502995 -0.242816985 -0.981455982 0.027370837 0.189723194 2.692599773
0.197010323 0.081055023 0.977045000 3.516315460 0.010990761 0.996331394 -0.084871165 -0.244887650 -0.980339766 0.027458962 0.195396692 2.697941303
0.203207940 0.080119677 0.975852132 3.541732788 0.012253637 0.996360421 -0.084355094 -0.246606931 -0.979058862 0.029099360 0.201486573 2.703417540
0.210794434 0.080549218 0.974206150 3.567644358 0.010094457 0.996366799 -0.084565692 -0.248282045 -0.977478266 0.027660061 0.209215492 2.709370136
0.219344363 0.078670822 0.972470582 3.594194412 0.009969003 0.996510983 -0.082864188 -0.250553071 -0.975596607 0.027870351 0.217794776 2.715603828
0.227983341 0.077992588 0.970536292 3.620460987 0.006975529 0.996630251 -0.081728071 -0.252759159 -0.973639965 0.025402648 0.226671070 2.722402334
0.237513602 0.078018062 0.968246043 3.646812439 0.005553425 0.996644080 -0.081668548 -0.254543126 -0.971368372 0.024774471 0.236283258 2.729290962
0.247391388 0.081513889 0.965480626 3.673710346 0.000063779 0.996453464 -0.084145211 -0.256837487 -0.968915641 0.020878380 0.246508822 2.736682653
0.256527126 0.083386913 0.962933302 3.701355457 -0.002963627 0.996334612 -0.085489854 -0.259111613 -0.966532469 0.019076690 0.255833983 2.745012283
0.267468542 0.086648658 0.959662855 3.728191853 -0.006994521 0.996096849 -0.087988891 -0.260790467 -0.963541210 0.016821876 0.267030686 2.752757072
0.277665854 0.088128246 0.956626892 3.755979538 -0.008366324 0.995967448 -0.089324087 -0.263235152 -0.960641444 0.016798796 0.277283490 2.761214733
0.287106603 0.088795744 0.953774154 3.784414768 -0.011819550 0.995946825 -0.089164063 -0.265718460 -0.957825720 0.014326409 0.286992401 2.770835400
0.297761858 0.089440487 0.950441122 3.812056541 -0.012577648 0.995882452 -0.089776300 -0.267858118 -0.954557359 0.014777639 0.297660738 2.779457092
0.307795197 0.090798996 0.947110236 3.841366291 -0.017057512 0.995802522 -0.089923710 -0.269992709 -0.951299727 0.011522742 0.308052033 2.789640427
0.318636537 0.085867025 0.943979621 3.871253967 -0.016500905 0.996239960 -0.085050955 -0.272085518 -0.947733462 0.011523820 0.318855375 2.799860954
0.328977019 0.079342335 0.940998793 3.899596691 -0.013834278 0.996762156 -0.079207607 -0.274141043 -0.944236577 0.013039446 0.329009503 2.810086966
0.339881361 0.074614413 0.937503755 3.929545879 -0.011855407 0.997108519 -0.075060219 -0.276644051 -0.940393567 0.014397081 0.339783192 2.821079254
0.349868327 0.071489103 0.934067130 3.960778713 -0.012189594 0.997346997 -0.071766458 -0.278486371 -0.936719537 0.013722914 0.349811584 2.833808184
0.359221667 0.069422506 0.930666625 3.991326571 -0.006186815 0.997384667 -0.072011292 -0.280218840 -0.933231831 0.020110153 0.358711660 2.845632553
0.368654191 0.063753560 0.927377701 4.023853779 0.000478749 0.997632205 -0.068773590 -0.282246798 -0.929566443 0.025797654 0.367750764 2.857290983
0.375346214 0.054304261 0.925292492 4.056411266 0.010201494 0.997979760 -0.062708423 -0.284119427 -0.926828563 0.032976735 0.374033958 2.870421410
0.382894009 0.049630128 0.922458112 4.089348793 0.015253212 0.998080075 -0.060030032 -0.286453456 -0.923666358 0.037055589 0.381401837 2.883449078
0.390094072 0.049714193 0.919431865 4.122208118 0.017733164 0.997950554 -0.061483502 -0.288360894 -0.920604289 0.040288787 0.388413012 2.897208214
0.397668332 0.055973213 0.915820360 4.153656483 0.020291543 0.997356892 -0.069767579 -0.289952040 -0.917304993 0.046327759 0.395481408 2.910941124
0.405577779 0.059222940 0.912139952 4.186427116 0.025381399 0.996784449 -0.076004378 -0.292076916 -0.913708091 0.053977083 0.402770400 2.924480677
0.410431027 0.062309746 0.909760296 4.217151165 0.021534311 0.996722281 -0.077980824 -0.294836670 -0.911637366 0.051596813 0.407743961 2.938243151
0.414388210 0.063845806 0.907857955 4.251351357 0.015346284 0.996904194 -0.077112809 -0.297263831 -0.909970820 0.045886882 0.412125528 2.956049919
0.418503553 0.067667753 0.905690730 4.281390667 0.008822878 0.996870697 -0.078557052 -0.299237132 -0.908172250 0.040867209 0.416596860 2.970147610
0.422578514 0.070473678 0.903582215 4.313606739 0.008154511 0.996636271 -0.081544936 -0.302102268 -0.906289637 0.041827418 0.420582414 2.985777378
0.426860750 0.074592419 0.901235700 4.344019413 0.005696810 0.996350706 -0.085163034 -0.304147422 -0.904299378 0.041486926 0.424878091 3.000138998
0.430524737 0.077617772 0.899235189 4.374358177 0.002848216 0.996173799 -0.087348700 -0.306972504 -0.902574360 0.040166989 0.428656340 3.014791727
0.434320539 0.076127410 0.897535682 4.403515816 0.002141679 0.996332109 -0.085543536 -0.309173048 -0.900755823 0.039075550 0.432564527 3.029181480
0.438723177 0.072398603 0.895701051 4.433417320 0.003928811 0.996585190 -0.082477331 -0.311958253 -0.898613691 0.039703764 0.436940610 3.043406248
0.442006171 0.070372067 0.894247293 4.463748932 0.002723313 0.996808112 -0.079789072 -0.314583361 -0.897007942 0.037702579 0.440403640 3.058731794
0.445282757 0.069353960 0.892700016 4.491431713 0.001538957 0.996934950 -0.078219637 -0.317530453 -0.895388544 0.036203682 0.443811238 3.073149204
0.448771119 0.071045443 0.890818238 4.520115852 -0.000116103 0.996839404 -0.079442471 -0.319668651 -0.893646717 0.035548065 0.447360992 3.088027239
0.452006310 0.071284361 0.889161766 4.547169685 0.002140413 0.996712208 -0.080994800 -0.321509778 -0.892012179 0.038513329 0.450367510 3.101397276
0.454156548 0.069871686 0.888177812 4.573622227 0.002595083 0.996811926 -0.079744749 -0.324468970 -0.890918136 0.038521491 0.452527344 3.114504814
0.455482572 0.068847902 0.887578487 4.601178646 0.004392009 0.996819139 -0.079575382 -0.326815903 -0.890233815 0.040143464 0.453731388 3.129061460
0.458471447 0.067369699 0.886151910 4.628860474 0.006541651 0.996839702 -0.079169229 -0.328138769 -0.888685048 0.042093724 0.456581801 3.142786026
0.459997386 0.067792967 0.885328472 4.653809071 0.005117415 0.996862054 -0.078992426 -0.331374049 -0.887905478 0.040866904 0.458207011 3.155426025
0.461840928 0.069316424 0.884250104 4.679776192 0.004200949 0.996759474 -0.080330186 -0.334366560 -0.886952817 0.040814456 0.460053116 3.170644760
0.464774340 0.068935603 0.882741630 4.704942703 0.007519536 0.996621370 -0.081787899 -0.336734802 -0.885397315 0.044650719 0.462685704 3.183616638
0.467759281 0.068249255 0.881217003 4.730721951 0.009687242 0.996558547 -0.082324415 -0.338896573 -0.883802831 0.047044568 0.465488344 3.197720528
0.471197546 0.066825673 0.879492581 4.754922390 0.012722796 0.996507168 -0.082533069 -0.340773702 -0.881935894 0.050078981 0.468701512 3.209994078
0.474391520 0.065794811 0.877851784 4.778895378 0.014111605 0.996506512 -0.082313888 -0.343173921 -0.880200863 0.051436905 0.471805841 3.223297834
0.477691174 0.065081365 0.876113892 4.802009583 0.014483085 0.996533513 -0.081923373 -0.345977128 -0.878408432 0.051822912 0.475092679 3.235543966
0.481044233 0.064324088 0.874333322 4.825115204 0.015587831 0.996519506 -0.081889406 -0.347661495 -0.876557708 0.053021390 0.478367299 3.248642206
0.484489352 0.063732445 0.872472525 4.847581863 0.017070265 0.996463954 -0.082269013 -0.349899143 -0.874630630 0.054751802 0.481688231 3.260740519
0.488455147 0.064887054 0.870173156 4.871111393 0.017579388 0.996297300 -0.084159724 -0.351695240 -0.872411907 0.056405369 0.485505760 3.274343014
0.492758274 0.065300904 0.867712557 4.893996716 0.018701430 0.996155262 -0.085587218 -0.354213536 -0.869965255 0.058401287 0.489642471 3.287258387
0.497436345 0.068602398 0.864783645 4.916165829 0.016353125 0.995949507 -0.088414200 -0.356486976 -0.867346287 0.058122363 0.494299680 3.300469875
0.502994955 0.074662253 0.861058474 4.937924862 0.012504522 0.995528817 -0.093626782 -0.358765125 -0.864198864 0.057860933 0.499812394 3.313551903
0.508817792 0.081555329 0.857002378 4.959385395 0.007812043 0.995024145 -0.099328086 -0.360927284 -0.860838830 0.057234839 0.505648792 3.327030182
0.514967263 0.087625422 0.852719486 4.981308937 0.002491314 0.994604409 -0.103710063 -0.363547146 -0.857206166 0.055531681 0.511970460 3.340322495
0.521836579 0.091899648 0.848080754 5.003738880 -0.000648219 0.994222403 -0.107336976 -0.365934014 -0.853045106 0.055462621 0.518881321 3.353525400
0.527635515 0.092820428 0.844384491 5.025975227 -0.005519238 0.994365811 -0.105858564 -0.367787421 -0.849452913 0.051194374 0.525175095 3.367332697
0.533409297 0.091792338 0.840861857 5.047887325 -0.012226120 0.994827151 -0.100844130 -0.370491952 -0.845768809 0.043510724 0.531772316 3.381589413
0.539752007 0.088971995 0.837109149 5.071283817 -0.018141674 0.995397568 -0.094098270 -0.373474896 -0.841628492 0.035603166 0.538882017 3.396739244
0.544798553 0.086965956 0.834045231 5.093858719 -0.024311513 0.995827854 -0.087954722 -0.376388907 -0.838214457 0.027640713 0.544639826 3.413355827
0.551473737 0.084956527 0.829854965 5.116498470 -0.026834872 0.996092379 -0.084142223 -0.378743201 -0.833760560 0.024133161 0.551598608 3.428333282
0.557466090 0.088510506 0.825468063 5.139883041 -0.031437140 0.995837986 -0.085547812 -0.380835652 -0.829604268 0.021739649 0.557928503 3.445028305
0.562891901 0.092416354 0.821347535 5.163084984 -0.036563147 0.995540738 -0.086958483 -0.383354455 -0.825721323 0.018917177 0.563760877 3.462621689
0.569480300 0.095902108 0.816391349 5.187860489 -0.038863327 0.995201528 -0.089797631 -0.385373384 -0.821085751 0.019410314 0.570474863 3.479861736
0.576050580 0.097983673 0.811520159 5.212205410 -0.040817942 0.994999170 -0.091162831 -0.387696505 -0.816394329 0.019389819 0.577169299 3.497360229
0.582246363 0.099122569 0.806947291 5.236710072 -0.044138417 0.994930089 -0.090365991 -0.389735520 -0.811813354 0.016997891 0.583669543 3.515847206
0.589000344 0.100882202 0.801811159 5.261762619 -0.050052546 0.994826794 -0.088399038 -0.392633498 -0.806581140 0.011934382 0.591002822 3.534184694
0.595042884 0.100006558 0.797447503 5.288228989 -0.051068701 0.994927645 -0.086665556 -0.394239783 -0.802069783 0.010845111 0.597131968 3.555691481
0.602568090 0.098171584 0.792006254 5.314422607 -0.051554982 0.995120645 -0.084124565 -0.396636486 -0.796400547 0.009858901 0.604689240 3.575967312
