0.999979198 -0.001374454 -0.006302074 -0.001501985 0.001350180 0.999991596 -0.003854298 -0.000216428 0.006307320 0.003845709 0.999972641 0.058077894
0.999949992 -0.001395099 -0.009915596 -0.002354972 0.001343570 0.999985576 -0.005201539 -0.000426015 0.009922710 0.005187957 0.999937296 0.088018894
0.999891818 0.000015992 -0.014712098 -0.003059690 -0.000104006 0.999982059 -0.005981622 -0.000585975 0.014711738 0.005982506 0.999873817 0.119096912
0.999833763 -0.000610541 -0.018218827 -0.004371132 0.000499093 0.999981165 -0.006121080 -0.001041635 0.018222217 0.006110970 0.999815226 0.150938779
0.999742866 0.001099874 -0.022648292 -0.005253199 -0.001263769 0.999973118 -0.007223464 -0.001466970 0.022639740 0.007250228 0.999717414 0.183238477
0.999592721 0.003699945 -0.028297104 -0.006153241 -0.003930987 0.999959350 -0.008113602 -0.001684153 0.028265933 0.008221534 0.999566555 0.216272712
0.999455392 0.004007497 -0.032758899 -0.007343591 -0.004214712 0.999971509 -0.006258855 -0.002111062 0.032732885 0.006393516 0.999443650 0.250261694
0.999299049 0.003064020 -0.037310336 -0.008536778 -0.003206172 0.999987841 -0.003750732 -0.002432845 0.037298396 0.003867727 0.999296606 0.284928501
0.999186695 0.003257663 -0.040189620 -0.010363171 -0.003300372 0.999993980 -0.000996362 -0.002915625 0.040186144 0.001128193 0.999191523 0.318282276
0.999096334 0.004633147 -0.042249177 -0.012489006 -0.004692939 0.999988019 -0.001316155 -0.003526055 0.042242579 0.001513239 0.999106228 0.353240013
0.998983324 0.004509468 -0.044854488 -0.013750905 -0.004581465 0.999988377 -0.001502476 -0.003872454 0.044847179 0.001706448 0.998992383 0.387676656
0.998918116 0.001479048 -0.046479780 -0.015451161 -0.001558316 0.999997377 -0.001669247 -0.004377845 0.046477187 0.001739871 0.998917758 0.423746228
0.998810828 0.001106681 -0.048740219 -0.017152496 -0.001177264 0.999998271 -0.001419463 -0.004172856 0.048738547 0.001475155 0.998810589 0.458440721
0.998753965 -0.000522506 -0.049902044 -0.019355543 0.000436988 0.999998510 -0.001724612 -0.004615270 0.049902856 0.001700657 0.998752654 0.495108545
0.998671651 0.002169260 -0.051478095 -0.021625366 -0.002397585 0.999987543 -0.004374048 -0.004726646 0.051467959 0.004491661 0.998664498 0.530587852
0.998588026 0.002286165 -0.053071659 -0.023503453 -0.002631443 0.999975801 -0.006436910 -0.005500043 0.053055663 0.006567476 0.998569906 0.567730010
0.998490512 0.006414681 -0.054547954 -0.026062520 -0.006841965 0.999947309 -0.007650039 -0.006326511 0.054496013 0.008011708 0.998481750 0.604725242
0.998418033 0.007351037 -0.055742975 -0.028353013 -0.007787319 0.999940634 -0.007613499 -0.006616876 0.055683702 0.008035543 0.998416066 0.642822146
0.998437166 0.006414593 -0.055515435 -0.031853609 -0.006743236 0.999960780 -0.005734547 -0.007487132 0.055476479 0.006099939 0.998441279 0.681297719
0.998301089 0.007343918 -0.057800870 -0.033568069 -0.007627886 0.999959886 -0.004693792 -0.007548419 0.057764087 0.005126717 0.998317063 0.719130635
0.998264015 0.007143047 -0.058463752 -0.036163531 -0.007455132 0.999959052 -0.005121712 -0.007701956 0.058424775 0.005548676 0.998276353 0.757968545
0.998202026 0.006361749 -0.059601068 -0.039124191 -0.006750720 0.999957204 -0.006327168 -0.008085916 0.059558269 0.006718142 0.998202205 0.796339810
0.998102784 0.005309305 -0.061339952 -0.040960073 -0.005718269 0.999962509 -0.006493532 -0.008978067 0.061303183 0.006831970 0.998095751 0.836920559
0.998044074 0.005330286 -0.062286817 -0.043376856 -0.005573634 0.999977410 -0.003733791 -0.010080034 0.062265515 0.004073651 0.998051286 0.876031697
0.998108327 0.005947898 -0.061191656 -0.046899945 -0.006018331 0.999981403 -0.000966780 -0.010362799 0.061184771 0.001333223 0.998125553 0.915102243
0.998088479 0.005911815 -0.061517417 -0.048417196 -0.005742812 0.999979198 0.002923686 -0.011002024 0.061533436 -0.002564813 0.998101711 0.957278132
0.998223126 0.006518681 -0.059229549 -0.051625777 -0.006213566 0.999966443 0.005334118 -0.011066660 0.059262328 -0.004956613 0.998230100 0.997922361
0.998324871 0.006254035 -0.057517026 -0.053924888 -0.005883900 0.999960840 0.006602321 -0.011504104 0.057556055 -0.006252838 0.998322666 1.037515044
0.998366058 0.005525016 -0.056873959 -0.055872805 -0.005306161 0.999977887 0.003998350 -0.012023948 0.056894805 -0.003690035 0.998373270 1.079461217
0.998431802 0.006692883 -0.055580921 -0.058609739 -0.006772031 0.999976277 -0.001235804 -0.012111883 0.055571340 0.001610262 0.998453319 1.119914412
0.998523593 0.006600559 -0.053916723 -0.061184000 -0.006828556 0.999968410 -0.004045568 -0.012447977 0.053888332 0.004407770 0.998537183 1.160165906
0.998569191 0.003486473 -0.053360578 -0.063354395 -0.003646623 0.999989152 -0.002904223 -0.013137123 0.053349875 0.003094654 0.998570979 1.202489018
0.998552203 0.003332144 -0.053686544 -0.065441638 -0.003242810 0.999993324 0.001751007 -0.013517117 0.053692002 -0.001574377 0.998556256 1.244095206
0.998589158 0.000020672 -0.053098336 -0.068706349 0.000239805 0.999988019 0.004899186 -0.013911212 0.053097796 -0.004905008 0.998577237 1.283445358
0.998466194 -0.006449900 -0.054987535 -0.069814712 0.006681337 0.999969542 0.004026129 -0.014318438 0.054959897 -0.004387343 0.998478889 1.329547048
0.998394430 -0.007935239 -0.056085214 -0.072120756 0.007974046 0.999967992 0.000468205 -0.015263978 0.056079701 -0.000914678 0.998425901 1.370657325
0.998254597 -0.008505544 -0.058441564 -0.073450483 0.008338725 0.999960363 -0.003097728 -0.015810795 0.058465600 0.002604994 0.998286009 1.412326574
0.998124599 -0.004485858 -0.061051141 -0.074760571 0.004308505 0.999986112 -0.003036295 -0.018170483 0.061063897 0.002767561 0.998130023 1.454133630
0.998129725 -0.005600284 -0.060874484 -0.080325276 0.005451666 0.999981880 -0.002607193 -0.017273882 0.060887992 0.002270450 0.998142004 1.502104998
0.997989058 -0.002858542 -0.063323013 -0.081910938 0.002928596 0.999995232 0.001013485 -0.018608578 0.063319817 -0.001196895 0.997992575 1.545377135
0.997948289 -0.002253228 -0.063985191 -0.085571267 0.002360158 0.999995947 0.001595628 -0.018655198 0.063981324 -0.001743369 0.997949541 1.588150382
0.997866571 -0.001099589 -0.065278210 -0.088182524 0.001361368 0.999991238 0.003965851 -0.018566985 0.065273263 -0.004046258 0.997859240 1.631896973
0.997971177 -0.001305842 -0.063653573 -0.092245601 0.001777179 0.999971390 0.007348671 -0.019220196 0.063642159 -0.007446887 0.997945011 1.676658154
0.997938335 0.004650332 -0.064010538 -0.095863856 -0.004018975 0.999942005 0.009988560 -0.019730436 0.064053275 -0.009710710 0.997899294 1.720065951
0.997930646 0.003689453 -0.064193174 -0.098531857 -0.003103154 0.999952555 0.009230662 -0.019575391 0.064224191 -0.009012360 0.997894824 1.761288881
0.997920513 0.004593644 -0.064293779 -0.101699784 -0.004147479 0.999966383 0.007071230 -0.019540109 0.064324096 -0.006789867 0.997905970 1.807662249
0.997883916 0.006792995 -0.064665966 -0.104154691 -0.006510139 0.999968290 0.004583826 -0.019632023 0.064695060 -0.004153142 0.997896433 1.849962473
0.997816980 0.006988609 -0.065668315 -0.107094258 -0.006675534 0.999965250 0.004985704 -0.020515207 0.065700889 -0.004536449 0.997829020 1.893852830
0.997767210 0.004897918 -0.066607058 -0.109997526 -0.004494336 0.999970615 0.006207653 -0.020705409 0.066635512 -0.005894439 0.997759938 1.935761929
0.997707427 0.006478555 -0.067363970 -0.112971708 -0.005994706 0.999954700 0.007382276 -0.021873560 0.067408755 -0.006961524 0.997701108 1.978015542
0.997685432 0.006916228 -0.067646436 -0.116596334 -0.006683498 0.999970913 0.003666112 -0.021353859 0.067669824 -0.003205511 0.997702599 2.022786379
0.997596979 0.006406346 -0.068987168 -0.119473860 -0.006445516 0.999979198 -0.000345218 -0.021442963 0.068983518 0.000789045 0.997617424 2.065086603
0.997564077 0.008349030 -0.069255605 -0.122683153 -0.008480020 0.999962747 -0.001597645 -0.022302041 0.069239691 0.002181042 0.997597575 2.107637882
0.997551680 0.007223553 -0.069559686 -0.125685364 -0.007119647 0.999973059 0.001741546 -0.022849057 0.069570400 -0.001242042 0.997576237 2.149616957
0.997582257 0.005930888 -0.069243565 -0.128957197 -0.005608545 0.999972522 0.004848687 -0.023274481 0.069270417 -0.004448610 0.997587919 2.192626476
0.997539401 0.002787504 -0.070054099 -0.131411731 -0.002375320 0.999979377 0.005966415 -0.023771640 0.070069276 -0.005785333 0.997525334 2.233205318
0.997568667 0.000262600 -0.069690883 -0.134784117 0.000046234 0.999990165 0.004429832 -0.024258416 0.069691375 -0.004422282 0.997558832 2.276448488
0.997543871 -0.002027172 -0.070016630 -0.137863547 0.002267414 0.999991834 0.003351900 -0.024824008 0.070009254 -0.003502423 0.997540236 2.317612171
0.997478426 -0.003359505 -0.070890643 -0.140795529 0.003662901 0.999984682 0.004150220 -0.025054391 0.070875630 -0.004399421 0.997475386 2.359274864
0.997478545 -0.006466347 -0.070672594 -0.144202918 0.007067426 0.999940932 0.008258378 -0.025206469 0.070615016 -0.008737029 0.997465372 2.397913218
0.997314334 -0.007484042 -0.072857775 -0.146306381 0.008485822 0.999873519 0.013449989 -0.025645420 0.072747901 -0.014032124 0.997251630 2.442137003
0.997267604 -0.005502156 -0.073670015 -0.149471775 0.006693576 0.999850631 0.015935276 -0.025918115 0.073571332 -0.016384849 0.997155368 2.482479334
0.997166932 -0.005311218 -0.075032048 -0.152462304 0.006231485 0.999908149 0.012036212 -0.026125433 0.074961238 -0.012469673 0.997108459 2.523904562
0.997066557 -0.003588620 -0.076453298 -0.155617476 0.003944084 0.999982178 0.004498968 -0.026526833 0.076435782 -0.004787311 0.997062981 2.562640190
0.997040033 -0.001642662 -0.076866478 -0.159350768 0.001602063 0.999998450 -0.000589829 -0.026612196 0.076867320 0.000464938 0.997041166 2.603716850
0.996959031 0.003805630 -0.077834122 -0.162835628 -0.003820871 0.999992669 -0.000046891 -0.026930176 0.077833377 0.000344143 0.996966302 2.642332077
0.996853530 0.005091649 -0.079102546 -0.165826485 -0.004901945 0.999984622 0.002592210 -0.027307810 0.079114527 -0.002196297 0.996863067 2.681860685
0.996736050 0.007440935 -0.080385707 -0.168846637 -0.007109388 0.999964952 0.004409883 -0.028103746 0.080415696 -0.003823996 0.996754050 2.719007015
0.996671617 0.008453824 -0.081082493 -0.172764093 -0.008151402 0.999958575 0.004060110 -0.028385088 0.081113443 -0.003385659 0.996699095 2.757295370
0.996567607 0.010574528 -0.082106039 -0.176452339 -0.010230542 0.999937057 0.004609114 -0.028666206 0.082149610 -0.003753302 0.996612906 2.792917013
0.996420026 0.011662036 -0.083732560 -0.179363906 -0.011261845 0.999922872 0.005250130 -0.029194141 0.083787315 -0.004288351 0.996474385 2.828981161
0.996293724 0.010790027 -0.085336402 -0.182642147 -0.010319838 0.999929011 0.005949024 -0.029652754 0.085394546 -0.005046318 0.996334374 2.866221905
0.996155739 0.010336005 -0.086986698 -0.185327321 -0.009783281 0.999929190 0.006778029 -0.029644482 0.087050594 -0.005900958 0.996186376 2.900830984
0.996059418 0.013373349 -0.087673992 -0.188977480 -0.012576063 0.999874413 0.009639841 -0.030093087 0.087791912 -0.008499262 0.996102571 2.934102058
0.995908856 0.014696134 -0.089160450 -0.192598194 -0.013538238 0.999816179 0.013577571 -0.030316893 0.089343585 -0.012314944 0.995924771 2.971146107
0.995656073 0.018002588 -0.091350980 -0.195190668 -0.016646961 0.999740064 0.015580128 -0.030706849 0.091607712 -0.013991732 0.995696783 3.003215790
0.995508492 0.020766132 -0.092366569 -0.198538363 -0.019820096 0.999741435 0.011147829 -0.030694231 0.092574172 -0.009267041 0.995662630 3.034522772
0.995403230 0.020862522 -0.093472913 -0.202411264 -0.020564381 0.999779880 0.004151777 -0.031415533 0.093538955 -0.002210480 0.995613098 3.068842173
0.995332241 0.020182405 -0.094374172 -0.205612659 -0.020429716 0.999789953 -0.001654975 -0.031740546 0.094320945 0.003575287 0.995535374 3.098226070
0.995262325 0.020740518 -0.094989151 -0.208493859 -0.021087762 0.999774158 -0.002653149 -0.032258675 0.094912663 0.004643687 0.995474756 3.127511740
0.995069385 0.023515420 -0.096353106 -0.211480498 -0.023569051 0.999721885 0.000581670 -0.032315001 0.096340001 0.001692149 0.995347023 3.159557104
0.994956195 0.024078645 -0.097377747 -0.214618683 -0.023908099 0.999709785 0.002918004 -0.033122156 0.097419769 -0.000575169 0.995243132 3.187090635
0.994948089 0.020524593 -0.098270074 -0.217362851 -0.020660261 0.999786437 -0.000363027 -0.033659287 0.098241664 0.002391477 0.995159626 3.213881969
0.995004773 0.012399583 -0.099054806 -0.219107687 -0.013007728 0.999900281 -0.005495989 -0.034143910 0.098976761 0.006757013 0.995066881 3.242173433
0.995196998 0.008158777 -0.097552277 -0.221728578 -0.009173090 0.999908388 -0.009953640 -0.034862727 0.097462133 0.010800689 0.995180607 3.267182350
0.995489955 0.010699611 -0.094261810 -0.224319994 -0.011806293 0.999867678 -0.011190645 -0.034591306 0.094129585 0.012253059 0.995484471 3.292026281
0.995788813 0.015793877 -0.090306804 -0.227251291 -0.016517133 0.999837101 -0.007267102 -0.035903431 0.090177320 0.008728104 0.995887578 3.318239927
0.996184528 0.014170099 -0.086115755 -0.228700861 -0.014562800 0.999886096 -0.003933600 -0.036606990 0.086050220 0.005172675 0.996277392 3.341512203
0.996751547 0.010620682 -0.079834826 -0.230373576 -0.010644441 0.999943256 0.000127978 -0.036963742 0.079831667 0.000722233 0.996808112 3.364067078
0.997432113 0.006086289 -0.071360521 -0.232034102 -0.005832739 0.999975801 0.003760967 -0.037779339 0.071381703 -0.003335082 0.997443497 3.387330532
0.998069823 0.009440932 -0.061378978 -0.232830167 -0.009288856 0.999953032 0.002762552 -0.037485074 0.061402172 -0.002187079 0.998110652 3.412027836
0.998842716 0.014915967 -0.045722667 -0.234335229 -0.014820736 0.999887228 0.002421113 -0.037866250 0.045753621 -0.001740667 0.998951256 3.432878256
0.999420047 0.020091640 -0.027492493 -0.234889418 -0.020029325 0.999796152 0.002540099 -0.037882648 0.027537920 -0.001987969 0.999618769 3.453677893
0.999815285 0.018249197 -0.006038512 -0.233980149 -0.018232184 0.999829590 0.002860734 -0.038214467 0.006089689 -0.002750111 0.999977648 3.476004362
0.999674439 0.014972167 0.020661153 -0.233106941 -0.015048832 0.999880314 0.003559938 -0.038473897 -0.020605382 -0.003869705 0.999780178 3.495250702
0.998635232 0.014222280 0.050255012 -0.231081679 -0.014480151 0.999883771 0.004770896 -0.038549580 -0.050181318 -0.005492085 0.998724937 3.514888763
0.996446490 0.013211191 0.083185852 -0.228496850 -0.013821575 0.999881566 0.006765982 -0.039338496 -0.083086617 -0.007891700 0.996510983 3.535118818
0.992647052 0.013329676 0.120309085 -0.225198835 -0.014224397 0.999877155 0.006581104 -0.039275914 -0.120206572 -0.008244038 0.992714643 3.553202152
0.986728489 0.013089585 0.161850840 -0.221125662 -0.014228726 0.999881446 0.005881057 -0.039361697 -0.161754653 -0.008105937 0.986797631 3.571128368
0.978422284 0.012376816 0.206244439 -0.215742886 -0.013999539 0.999881446 0.006410412 -0.040013865 -0.206140608 -0.009159417 0.978479445 3.589735746
0.966765583 0.014872600 0.255231649 -0.210462689 -0.016498741 0.999854982 0.004231331 -0.040427152 -0.255131662 -0.008301705 0.966870666 3.605916977
0.951561689 0.015530366 0.307065755 -0.203798175 -0.016895980 0.999855697 0.001789326 -0.041130558 -0.306993604 -0.006890832 0.951686621 3.621069431
0.931597531 0.015943637 0.363141567 -0.195334435 -0.016762963 0.999859035 -0.000895123 -0.041245881 -0.363104701 -0.005253433 0.931733549 3.638896465
0.907459438 0.016216533 0.419826567 -0.186862946 -0.016596202 0.999858499 -0.002748408 -0.041642372 -0.419811755 -0.004473458 0.907600224 3.653292894
0.878439724 0.017463714 0.477533937 -0.177658319 -0.016833130 0.999842644 -0.005599756 -0.041569605 -0.477556646 -0.003119345 0.878595471 3.666929007
0.844495535 0.015075626 0.535350323 -0.167905331 -0.013275435 0.999885738 -0.007215570 -0.042284351 -0.535398006 -0.001013492 0.844599247 3.679906845
0.808043659 0.015481024 0.588919163 -0.155420303 -0.012301529 0.999880075 -0.009405359 -0.042375542 -0.588994086 0.000355335 0.808137238 3.693672895
0.767558813 0.013225882 0.640842021 -0.144097090 -0.010338448 0.999912500 -0.008253762 -0.042940699 -0.640895069 -0.000290063 0.767628431 3.705301046
0.724443793 0.013732714 0.689196944 -0.131642342 -0.012988883 0.999895930 -0.006270438 -0.043409467 -0.689211249 -0.004409318 0.724546969 3.716305733
0.680205166 0.012815329 0.732909620 -0.117212892 -0.011257352 0.999911845 -0.007036190 -0.043393970 -0.732935309 -0.003464571 0.680289388 3.726397038
0.633215606 0.012077345 0.773881137 -0.103629112 -0.007952091 0.999926925 -0.009098393 -0.043630227 -0.773934603 -0.000392730 0.633265257 3.735454559
0.586018324 0.009334275 0.810243964 -0.089155793 -0.002249808 0.999948442 -0.009892534 -0.044094291 -0.810294807 0.003974313 0.586009085 3.743816853
0.540109217 0.010484741 0.841529608 -0.074064612 -0.003979653 0.999943018 -0.009904223 -0.045061428 -0.841585398 0.002000366 0.540120125 3.750708580
0.492693692 0.013103385 0.870104015 -0.059473872 -0.008045292 0.999912500 -0.010502620 -0.045787603 -0.870165527 -0.001825666 0.492755949 3.757688522
0.447976768 0.015899310 0.893903792 -0.044224262 -0.008469607 0.999872386 -0.013539595 -0.045763757 -0.894005120 -0.001505588 0.448054254 3.763325691
0.404445857 0.012454398 0.914477110 -0.027895689 -0.001465094 0.999914825 -0.012970021 -0.046828337 -0.914560735 0.003905875 0.404429704 3.769421339
0.363745689 0.004445069 0.931487620 -0.012250543 0.013329375 0.999861419 -0.009976465 -0.047380935 -0.931402922 0.016045047 0.363635987 3.773857355
0.328700125 -0.000052244 0.944434345 0.003823757 0.016663440 0.999844611 -0.005744222 -0.048173271 -0.944287360 0.017625654 0.328649938 3.777560949
0.296391368 0.005466188 0.955050886 0.021855831 0.015503929 0.999824286 -0.010533950 -0.047578625 -0.954940736 0.017929213 0.296254486 3.782018661
0.263659954 0.012824806 0.964530408 0.037747085 0.003510723 0.999892116 -0.014254668 -0.048580229 -0.964609325 0.007144584 0.263586581 3.787135124
0.236520201 0.017397650 0.971470773 0.056765139 -0.000296111 0.999840915 -0.017833624 -0.049145095 -0.971626520 0.003930350 0.236487776 3.790802002
0.210051537 0.018113997 0.977522492 0.073955774 0.000815649 0.999824703 -0.018702537 -0.050272062 -0.977689981 0.004725812 0.209999964 3.794016838
0.187518865 0.020576978 0.982045472 0.093695462 0.008287875 0.999711931 -0.022529691 -0.050350420 -0.982226014 0.012363814 0.187294304 3.796098948
0.166297168 0.027449021 0.985693574 0.112003922 0.015760532 0.999410748 -0.030489985 -0.050115049 -0.985949755 0.020605454 0.165766597 3.798591852
0.148062512 0.033796459 0.988400340 0.132566273 0.018107053 0.999155760 -0.036876656 -0.050279722 -0.988812387 0.023357069 0.147325516 3.800293446
0.131649867 0.034547567 0.990694046 0.152419478 0.015187000 0.999204934 -0.036862507 -0.050987042 -0.991180062 0.019898618 0.131020516 3.802062511
0.114822157 0.030286020 0.992924213 0.175001532 0.013026747 0.999403298 -0.031990062 -0.052103665 -0.993300557 0.016607739 0.114359111 3.805123091
0.100788951 0.026222970 0.994562089 0.194367111 0.013931979 0.999517322 -0.027765483 -0.053330135 -0.994810402 0.016654670 0.100374937 3.806515217
0.087255813 0.024538949 0.995883644 0.219848096 0.016052347 0.999532163 -0.026035296 -0.053911600 -0.996056557 0.018258005 0.086821079 3.808371782
0.075772837 0.022551922 0.996870100 0.241942674 0.020209879 0.999504030 -0.024147680 -0.055172954 -0.996920228 0.021976361 0.075279489 3.809480667
0.065571696 0.024278702 0.997552454 0.267496884 0.023675790 0.999384642 -0.025879560 -0.055421252 -0.997567058 0.025314808 0.064956501 3.810682774
0.058016434 0.025338806 0.997994065 0.291589975 0.025235403 0.999321163 -0.026839513 -0.055887602 -0.997996628 0.026741913 0.057337619 3.811678886
0.052302085 0.025193309 0.998313427 0.318264186 0.026972257 0.999281406 -0.026630828 -0.057006031 -0.998266995 0.028319614 0.051584985 3.812880278
0.046662137 0.026416386 0.998561382 0.344193846 0.028195957 0.999217153 -0.027751315 -0.057837997 -0.998512685 0.029450331 0.045880768 3.813966990
0.040752228 0.026902737 0.998807132 0.372044086 0.028988011 0.999184847 -0.028095655 -0.058684584 -0.998748660 0.030098386 0.039939158 3.814776421
0.037331834 0.027180791 0.998933256 0.399065435 0.031314258 0.999107361 -0.028355794 -0.059378516 -0.998812139 0.032339428 0.036447365 3.815105677
0.033608384 0.027010089 0.999070168 0.429752827 0.033005450 0.999059498 -0.028120091 -0.060433529 -0.998889923 0.033919826 0.032685298 3.816253901
0.030159937 0.026364474 0.999197304 0.456799328 0.033248946 0.999072433 -0.027364764 -0.061351709 -0.998991907 0.034047574 0.029255373 3.817639351
0.028011918 0.025893666 0.999272168 0.490165919 0.035644244 0.999002755 -0.026885880 -0.062465690 -0.998971879 0.036371425 0.027061025 3.817772388
0.027129954 0.025797890 0.999298990 0.520590663 0.039991971 0.998838544 -0.026871746 -0.063194707 -0.998831570 0.040692966 0.026066735 3.818547964
0.028766364 0.025180480 0.999268949 0.554892421 0.043744978 0.998693168 -0.026425274 -0.064576149 -0.998628497 0.044473164 0.027627250 3.818728924
0.031117547 0.025268476 0.999196291 0.586440980 0.045289189 0.998618007 -0.026664274 -0.065600410 -0.998489201 0.046082519 0.029930152 3.819777489
0.034472544 0.025242306 0.999086738 0.618713737 0.047354780 0.998516798 -0.026861837 -0.066621482 -0.998283148 0.048237529 0.033226077 3.821444988
0.039386824 0.024455635 0.998924673 0.656698763 0.048017446 0.998499155 -0.026338510 -0.067888781 -0.998069644 0.049003206 0.038153414 3.822082996
0.042953249 0.023316916 0.998804867 0.690274000 0.049463551 0.998451948 -0.025435833 -0.068462640 -0.997851908 0.050496988 0.041733421 3.824144363
0.046884879 0.021687070 0.998664856 0.724924445 0.049033269 0.998509049 -0.023985678 -0.069814712 -0.997696102 0.050092369 0.045751594 3.826046944
0.051375110 0.019277731 0.998493373 0.765855134 0.045870174 0.998712838 -0.021642117 -0.071269795 -0.997625411 0.046912931 0.050424714 3.827747107
0.055254702 0.018337078 0.998303890 0.801700473 0.045098908 0.998764992 -0.020841712 -0.072325975 -0.997453153 0.046174023 0.054359488 3.830168247
0.059422169 0.019051272 0.998051107 0.838220894 0.042227279 0.998874843 -0.021581136 -0.073507756 -0.997339368 0.043427389 0.058550831 3.832410574
0.062070787 0.022984581 0.997807086 0.879141986 0.040098172 0.998870194 -0.025503462 -0.074921772 -0.997265935 0.041593257 0.061079022 3.835828066
0.063432992 0.027989272 0.997593522 0.916421652 0.034938637 0.998931527 -0.030248417 -0.076350465 -0.997374356 0.036773302 0.062387317 3.839003325
0.063250288 0.031063132 0.997514248 0.953394353 0.031620238 0.998951316 -0.033112850 -0.077918075 -0.997496724 0.033636045 0.062201723 3.841291428
0.063754715 0.031070057 0.997481883 0.995406866 0.029519778 0.999019146 -0.033004716 -0.079237610 -0.997528851 0.031549651 0.062774993 3.844157219
0.063208304 0.029287949 0.997570515 1.032282710 0.026619574 0.999164164 -0.031021409 -0.080868542 -0.997645259 0.028515717 0.062375851 3.847240210
0.063177288 0.028020097 0.997608900 1.069620371 0.027136905 0.999187946 -0.029782992 -0.082469717 -0.997633278 0.028953629 0.062365621 3.849238873
0.063418508 0.026998620 0.997621775 1.112030387 0.024907591 0.999279797 -0.028626861 -0.084671468 -0.997676134 0.026663829 0.062700361 3.853053808
0.064272866 0.027449796 0.997554839 1.149014950 0.023711998 0.999297440 -0.029025521 -0.086055890 -0.997650623 0.025519570 0.063576825 3.855005503
0.064396806 0.027840273 0.997535944 1.185411692 0.020992892 0.999351740 -0.029246164 -0.087901466 -0.997703493 0.022824526 0.063770607 3.857237577
0.062539883 0.029423006 0.997608662 1.228035569 0.017452339 0.999380291 -0.030569343 -0.089343712 -0.997889817 0.019322408 0.061987642 3.861412287
0.059878215 0.029383374 0.997772992 1.264478803 0.014534404 0.999435067 -0.030304549 -0.090672657 -0.998099804 0.016316621 0.059417319 3.863675833
0.055439766 0.027696256 0.998077750 1.301441789 0.011079823 0.999536574 -0.028352180 -0.092684850 -0.998400509 0.012630366 0.055107221 3.866579056
0.051085562 0.025242474 0.998375297 1.338751554 0.009576208 0.999622107 -0.025764000 -0.093981758 -0.998648345 0.010876819 0.050824534 3.868307590
0.044306234 0.023655089 0.998737872 1.382399082 0.006817380 0.999689102 -0.023980051 -0.095731199 -0.998994708 0.007871239 0.044131197 3.870618105
0.037244484 0.023654234 0.999026239 1.419983506 0.005700386 0.999698460 -0.023882668 -0.097205311 -0.999289870 0.006584333 0.037098419 3.872281551
0.027998475 0.024759663 0.999301255 1.455089569 0.005376126 0.999674916 -0.024919553 -0.098517269 -0.999593437 0.006070078 0.027856262 3.873489857
0.018118750 0.025535831 0.999509633 1.496017456 0.006786071 0.999647558 -0.025662376 -0.099860862 -0.999812782 0.007247712 0.017939078 3.874052763
0.007809529 0.023945455 0.999682665 1.531663775 0.007448352 0.999684095 -0.024003675 -0.101922989 -0.999941707 0.007633447 0.007628711 3.874151468
-0.003232114 0.023230772 0.999724984 1.567393184 0.006232865 0.999711215 -0.023210304 -0.102857277 -0.999975324 0.006156132 -0.003375974 3.874094009
-0.014308206 0.022766853 0.999638438 1.607804418 0.008588871 0.999706686 -0.022645470 -0.104231834 -0.999860704 0.008261745 -0.014499550 3.873956680
-0.025650624 0.023229828 0.999401033 1.642832041 0.008941960 0.999695361 -0.023007162 -0.105227090 -0.999630928 0.008346453 -0.025850525 3.873752832
-0.036454823 0.023034165 0.999069810 1.678029299 0.008669672 0.999704063 -0.022732439 -0.107285589 -0.999297678 0.007832900 -0.036643729 3.871915340
-0.046777304 0.024783805 0.998597801 1.717749953 0.008453245 0.999666214 -0.024414347 -0.108179435 -0.998869538 0.007299355 -0.046971194 3.869428396
-0.057369355 0.026250456 0.998007774 1.752560019 0.009430581 0.999623954 -0.025750859 -0.109524362 -0.998308480 0.007934483 -0.057595335 3.867605209
-0.067027651 0.026756555 0.997392297 1.787245989 0.010310167 0.999605596 -0.026123054 -0.110731453 -0.997697830 0.008532314 -0.067277074 3.865489960
-0.076034948 0.026701339 0.996747494 1.820497274 0.010674879 0.999605954 -0.025963593 -0.112727329 -0.997047961 0.008666020 -0.076290011 3.862532854
-0.086247958 0.027614433 0.995890915 1.860008597 0.011325391 0.999578357 -0.026735865 -0.113398686 -0.996209323 0.008972942 -0.086524330 3.859949350
-0.094681166 0.027473683 0.995128453 1.892892838 0.012969800 0.999568403 -0.026362251 -0.114418209 -0.995423198 0.010410610 -0.094996609 3.856826305
-0.102472067 0.025822829 0.994400561 1.920153022 0.014480838 0.999595821 -0.024465501 -0.116021238 -0.994630456 0.011892724 -0.102804594 3.854067802
-0.107523188 0.024649577 0.993896902 1.954239368 0.016541222 0.999598622 -0.023001494 -0.116749719 -0.994064987 0.013967076 -0.107887760 3.850004911
-0.111689016 0.023168519 0.993473172 1.996426821 0.020022942 0.999577761 -0.021059845 -0.118255064 -0.993541420 0.017540103 -0.112105764 3.846079350
-0.114923187 0.021986071 0.993131042 2.028350115 0.021072339 0.999584019 -0.019690478 -0.119358718 -0.993150830 0.018664706 -0.115338683 3.842548847
-0.116859801 0.021477012 0.992916167 2.059657335 0.022224473 0.999572337 -0.019005306 -0.120454691 -0.992899716 0.019846084 -0.117287144 3.839843035
-0.117010057 0.021947693 0.992888153 2.091915369 0.022885336 0.999549866 -0.019397950 -0.121511668 -0.992867053 0.020452825 -0.117459670 3.835446119
-0.116439290 0.022767087 0.992936850 2.121315718 0.023027124 0.999530315 -0.020217936 -0.122919179 -0.992930949 0.020510314 -0.116908886 3.832198381
-0.113181755 0.024726856 0.993266523 2.150352716 0.024941854 0.999445915 -0.022038588 -0.123822123 -0.993261278 0.022279540 -0.113735795 3.829084873
-0.108426504 0.025053874 0.993788660 2.179358006 0.024190592 0.999452770 -0.022557374 -0.124913767 -0.993810117 0.021594521 -0.108973227 3.826503277
-0.100005858 0.026107991 0.994644403 2.206757545 0.024595847 0.999415100 -0.023760244 -0.125765860 -0.994682789 0.022087950 -0.100589529 3.823395014
-0.088429071 0.026263630 0.995736182 2.231756210 0.023607139 0.999426842 -0.024264477 -0.126484737 -0.995802641 0.021360796 -0.088998392 3.820810080
-0.074715436 0.026695294 0.996847570 2.257584572 0.023337783 0.999414682 -0.025014833 -0.127295092 -0.996931791 0.021395216 -0.075294703 3.819703102
-0.058088921 0.027600605 0.997929752 2.283418655 0.021527588 0.999419928 -0.026388707 -0.129183322 -0.998079300 0.019950129 -0.058649402 3.819288969
-0.036725223 0.030480251 0.998860478 2.306849718 0.020045493 0.999356091 -0.029758360 -0.129997373 -0.999124289 0.018929766 -0.037312571 3.819061518
-0.012351468 0.033449985 0.999364018 2.330463886 0.018543717 0.999276102 -0.033217847 -0.130866468 -0.999751747 0.018121636 -0.012962811 3.819667816
0.015928499 0.035156839 0.999254823 2.355156898 0.016127922 0.999242604 -0.035413485 -0.132282734 -0.999742985 0.016679991 0.015349428 3.820862532
0.049157083 0.034958862 0.998179078 2.377904415 0.015236777 0.999244809 -0.035746545 -0.132948205 -0.998674750 0.016966229 0.048587285 3.822876692
0.088350907 0.032704279 0.995552421 2.398011446 0.014185533 0.999318182 -0.034086891 -0.133674562 -0.995988488 0.017134048 0.087826774 3.825026512
0.130072802 0.028607273 0.991091669 2.423155785 0.011192082 0.999477625 -0.030318199 -0.135537460 -0.991441250 0.015035953 0.129684687 3.829093695
0.175406992 0.024269421 0.984196782 2.444948912 0.008001016 0.999627829 -0.026075907 -0.136539459 -0.984463513 0.012448470 0.175147563 3.833926678
0.223940045 0.021185381 0.974372625 2.466138840 0.003722793 0.999737680 -0.022592496 -0.137280732 -0.974595785 0.008686752 0.223802492 3.840098858
0.275066406 0.018884756 0.961239755 2.488796234 -0.000860410 0.999811530 -0.019396331 -0.138711780 -0.961424828 0.004508220 0.275030792 3.848002195
0.330034673 0.018488156 0.943787754 2.509185314 -0.002094074 0.999820173 -0.018853508 -0.139430851 -0.943966448 0.004245951 0.330014020 3.856449366
0.388954878 0.019807674 0.921043873 2.529534817 0.000307554 0.999765933 -0.021630524 -0.139734417 -0.921256661 0.008696570 0.388857841 3.865724087
0.449113518 0.023366624 0.893169105 2.547741413 0.000447388 0.999651849 -0.026377328 -0.140451416 -0.893474519 0.012246010 0.448946774 3.876052856
0.510349035 0.026323456 0.859564424 2.566674709 0.002119354 0.999489903 -0.031866878 -0.141150460 -0.859964788 0.018084953 0.510032892 3.887730598
0.567892075 0.029455978 0.822575808 2.582793236 -0.001524235 0.999395370 -0.034735482 -0.142353207 -0.823101580 0.018472208 0.567593634 3.901388645
0.624763370 0.033390462 0.780099809 2.600363731 -0.006488616 0.999272704 -0.037575100 -0.142803311 -0.780787170 0.018413775 0.624525666 3.916496038
0.677457988 0.033552703 0.734795749 2.614574671 -0.008445209 0.999248028 -0.037842073 -0.144047439 -0.735512972 0.019430913 0.677231967 3.931885242
0.727092922 0.029641289 0.685898840 2.629577398 -0.007030429 0.999336779 -0.035733905 -0.145299569 -0.686503053 0.021159708 0.726818919 3.949107647
0.771740854 0.026227711 0.635396183 2.641603470 -0.008838437 0.999495029 -0.030521881 -0.145890683 -0.635875762 0.017939065 0.771582961 3.967047453
0.813129485 0.020220274 0.581731558 2.653327465 -0.008390298 0.999699712 -0.023020599 -0.146592021 -0.582022369 0.013837825 0.813055098 3.985669851
0.849256277 0.017575266 0.527688384 2.662879467 -0.010498600 0.999810278 -0.016403491 -0.147298932 -0.527876496 0.008390775 0.849279702 4.005107403
0.880591333 0.013556585 0.473682314 2.671850204 -0.010524259 0.999903738 -0.009051858 -0.147769883 -0.473759413 0.002985834 0.880649209 4.024721146
0.905929685 0.014620150 0.423175573 2.679539204 -0.014452636 0.999889016 -0.003604784 -0.148305565 -0.423181295 -0.002850320 0.906040549 4.045510292
0.925981402 0.015704032 0.377242476 2.685690641 -0.017114773 0.999853432 0.000387627 -0.148913980 -0.377180994 -0.006815355 0.926114440 4.064919949
0.940948844 0.021633426 0.337856770 2.691295624 -0.023943201 0.999709725 0.002670310 -0.148999929 -0.337700903 -0.010601996 0.941193759 4.086765289
0.952586889 0.025943462 0.303158820 2.696501017 -0.027782131 0.999612451 0.001753143 -0.149094298 -0.302995861 -0.010092419 0.952938378 4.108839989
0.961622536 0.028565213 0.272884548 2.701537132 -0.030363115 0.999536097 0.002366907 -0.149472803 -0.272690296 -0.010561693 0.962043881 4.132043839
0.968151391 0.021709288 0.249422491 2.706815243 -0.023047939 0.999731362 0.002447390 -0.149212897 -0.249302253 -0.008118116 0.968391776 4.150777817
0.972011924 0.017871013 0.234251067 2.711925507 -0.019075528 0.999813914 0.002877046 -0.149234936 -0.234156057 -0.007264986 0.972171843 4.174639702
0.974659204 0.023220172 0.222486719 2.716144085 -0.024376022 0.999699891 0.002450066 -0.149496421 -0.222363055 -0.007811320 0.974932551 4.199024200
0.976655245 0.027143423 0.213091254 2.720801353 -0.028348859 0.999594748 0.002602807 -0.149019852 -0.212934226 -0.008582938 0.977028787 4.223901272
0.977430403 0.034691855 0.208389997 2.724541187 -0.035588816 0.999366283 0.000555255 -0.148447812 -0.208238661 -0.007959074 0.978045583 4.249279976
0.978479445 0.040389270 0.202352881 2.729819775 -0.040839240 0.999163747 -0.001952740 -0.149289474 -0.202262536 -0.006353222 0.979310691 4.267969608
0.978353858 0.043008078 0.202420533 2.734480619 -0.043030858 0.999064565 -0.004290344 -0.150066644 -0.202415705 -0.004512853 0.979289234 4.294829845
0.977714241 0.040571634 0.205982774 2.739214420 -0.039844543 0.999176383 -0.007678549 -0.150529504 -0.206124619 -0.000699864 0.978525519 4.323136806
0.977423370 0.038641021 0.207726657 2.746066093 -0.036432125 0.999231577 -0.014450338 -0.150450975 -0.208125412 0.006556171 0.978080153 4.344220161
0.976388991 0.038742453 0.212517232 2.751697540 -0.035413053 0.999183357 -0.019452084 -0.150619507 -0.213097319 0.011466915 0.976963639 4.372877598
0.975371897 0.043773234 0.216179743 2.757462025 -0.040643517 0.998994827 -0.018904153 -0.151050478 -0.216789916 0.009652277 0.976170421 4.397737503
0.973814845 0.047176067 0.222394273 2.763427019 -0.045006078 0.998876750 -0.014818218 -0.151762158 -0.222843543 0.004421104 0.974844098 4.427860737
0.972948015 0.044180103 0.226760119 2.770039082 -0.042999137 0.999023497 -0.010147423 -0.152372539 -0.226987034 0.000122422 0.973897755 4.453706741
0.972120523 0.040292583 0.230994016 2.777497292 -0.040317994 0.999176145 -0.004612428 -0.152910128 -0.230989605 -0.004829380 0.972944140 4.484623432
0.971515894 0.037233301 0.234030947 2.784626007 -0.038297653 0.999266326 0.000003398 -0.153344110 -0.233859167 -0.008966137 0.972229123 4.511791706
0.970938325 0.032726638 0.237081796 2.792608738 -0.033535458 0.999437332 -0.000621557 -0.152768984 -0.236968741 -0.007347153 0.971489429 4.543256283
0.971023262 0.029178090 0.237197161 2.799613476 -0.029448522 0.999563396 -0.002403722 -0.154074803 -0.237163723 -0.004651035 0.971458554 4.571066380
0.971108556 0.028330112 0.236950785 2.807402372 -0.026816621 0.999594152 -0.009608604 -0.154501513 -0.237126827 0.002976778 0.971474111 4.603878498
0.971281052 0.031057436 0.235899240 2.814480305 -0.028056521 0.999477208 -0.016068025 -0.154888600 -0.236274928 0.008988059 0.971644640 4.632281303
0.971784174 0.034542702 0.233328626 2.821898460 -0.030663393 0.999324918 -0.020234043 -0.154988870 -0.233870029 0.012508475 0.972187400 4.665843487
0.972430408 0.032174982 0.230963022 2.829393148 -0.029369306 0.999447227 -0.015576496 -0.155736208 -0.231336504 0.008363833 0.972837746 4.696223259
0.972826242 0.028437149 0.229783043 2.837420464 -0.027344950 0.999594569 -0.007936744 -0.156663895 -0.229915529 0.001437665 0.973209500 4.731700897
0.973437846 0.028642667 0.227152616 2.846087694 -0.028886445 0.999580145 -0.002251746 -0.157278270 -0.227121726 -0.004369698 0.973856509 4.767311573
0.973805964 0.031487249 0.225189745 2.852467537 -0.031621732 0.999495506 -0.003010481 -0.157479465 -0.225170940 -0.004189265 0.974310219 4.796875000
0.974050999 0.037542894 0.223192886 2.860310555 -0.036740519 0.999294817 -0.007747945 -0.157681912 -0.223326415 -0.000653329 0.974743426 4.833510876
0.974961102 0.038259331 0.219059289 2.868447304 -0.036306348 0.999257088 -0.012935480 -0.158460855 -0.219391465 0.004658349 0.975625753 4.870267391
0.975869238 0.037098385 0.215180874 2.875138283 -0.034468792 0.999278247 -0.015961360 -0.158987612 -0.215617731 0.008159176 0.976443708 4.901271343
0.976874948 0.034074310 0.211079016 2.883518696 -0.031738561 0.999391794 -0.014444768 -0.159733117 -0.211442858 0.007411389 0.977362156 4.938795090
0.977661490 0.030614939 0.207943842 2.891946554 -0.028648101 0.999511898 -0.012464169 -0.160711408 -0.208223924 0.006228545 0.978061259 4.978828907
0.978035092 0.029867569 0.206289053 2.898578644 -0.028556038 0.999548614 -0.009332933 -0.161660209 -0.206474707 0.003237139 0.978446603 5.010705948
0.978418946 0.026580503 0.204913929 2.907368660 -0.025689328 0.999645352 -0.007008562 -0.162374258 -0.205027550 0.001593209 0.978754878 5.050604820
0.978651822 0.021658463 0.204380527 2.915576935 -0.020860279 0.999764025 -0.006059290 -0.162576586 -0.204463556 0.001666501 0.978872776 5.089389801
0.978792608 0.021955458 0.203673899 2.923001051 -0.021545822 0.999758899 -0.004228671 -0.163362220 -0.203717589 -0.000249331 0.979029655 5.123685360
0.978551388 0.027810063 0.204117581 2.930805206 -0.027161131 0.999613166 -0.005980614 -0.164042726 -0.204204902 0.000308274 0.978928149 5.164260387
0.978360713 0.032593414 0.204323515 2.939044714 -0.031295829 0.999464214 -0.009579631 -0.164476112 -0.204526275 0.002977859 0.978856564 5.204947948
0.977852762 0.041736729 0.205089986 2.946021080 -0.040274102 0.999124706 -0.011302617 -0.165118873 -0.205382168 0.002792483 0.978677809 5.238729477
0.976835370 0.047983095 0.208543330 2.953856230 -0.046772990 0.998847902 -0.010733040 -0.165969223 -0.208818033 0.000730219 0.977954209 5.280320168
0.976151466 0.050415892 0.211155578 2.962392569 -0.049710386 0.998726189 -0.008651506 -0.167105287 -0.211322755 -0.002051443 0.977414191 5.322340012
0.975623667 0.050903041 0.213464960 2.971592665 -0.050013900 0.998702705 -0.009567169 -0.167729080 -0.213675007 -0.001342260 0.976903915 5.363383770
0.975297451 0.049792312 0.215210736 2.979144573 -0.048277449 0.998758256 -0.012293144 -0.168497980 -0.215555623 0.001599648 0.976490200 5.395179272
0.975261569 0.043441202 0.216743350 2.988614559 -0.042106219 0.999054968 -0.010775744 -0.169517294 -0.217006639 0.001382927 0.976169109 5.436956882
0.975531459 0.036407042 0.216824755 2.998275757 -0.034549840 0.999326646 -0.012351301 -0.170600444 -0.217128426 0.004557819 0.976132393 5.478569984
0.975356042 0.035688303 0.217731625 3.008211613 -0.033789702 0.999351501 -0.012438131 -0.171634942 -0.218034327 0.004774520 0.975929379 5.519888878
0.974950492 0.037810110 0.219184905 3.015465260 -0.036593374 0.999284029 -0.009609812 -0.172336653 -0.219391361 0.001348376 0.975635946 5.551932335
0.974518418 0.039969560 0.220718011 3.024024487 -0.040137514 0.999187171 -0.003725719 -0.173057437 -0.220687538 -0.005228292 0.975330532 5.593530178
0.974197507 0.042898487 0.221583411 3.032935619 -0.044035282 0.999029994 0.000190314 -0.173768267 -0.221360266 -0.009942889 0.975141406 5.634617329
0.973965406 0.042550631 0.222667769 3.042101383 -0.042214826 0.999088824 -0.006269840 -0.174722478 -0.222731665 -0.003293274 0.974874198 5.676057816
0.974299550 0.037382327 0.222132698 3.052279711 -0.033633403 0.999221206 -0.020637270 -0.175683662 -0.222731173 0.012635809 0.974798024 5.717894077
0.974594295 0.035944119 0.221075207 3.060519457 -0.030097051 0.999103785 -0.029761352 -0.176785171 -0.221946850 0.022351526 0.974802554 5.747586727
0.974706411 0.033521693 0.220960975 3.069359303 -0.029697122 0.999346495 -0.020609094 -0.177687198 -0.221507385 0.013525908 0.975064933 5.789480686
0.975222111 0.026190422 0.219672427 3.081416607 -0.026939441 0.999637008 0.000414310 -0.178794086 -0.219581813 -0.006321894 0.975573659 5.841487885
0.975416243 0.023763174 0.219085738 3.088854551 -0.027811609 0.999494314 0.015412875 -0.180049837 -0.218608722 -0.021127097 0.975583792 5.873662949
0.975446582 0.027946271 0.218455985 3.097011805 -0.030813774 0.999477744 0.009729706 -0.180566758 -0.218069986 -0.016222268 0.975798249 5.914562702
