0.999969363 -0.001631403 -0.007660803 -0.000099199 0.001605054 0.999992788 -0.003444375 -0.000515420 0.007666368 0.003431974 0.999964714 0.058752730
0.999930322 -0.001612072 -0.011703872 -0.000492799 0.001556827 0.999987602 -0.004727873 -0.000742791 0.011711348 0.004709322 0.999920368 0.089207679
0.999862432 -0.000247551 -0.016584212 -0.001313219 0.000158648 0.999985635 -0.005361820 -0.001015470 0.016585296 0.005358452 0.999848127 0.120391697
0.999786496 -0.001021067 -0.020639712 -0.002363820 0.000904959 0.999983728 -0.005634005 -0.001385358 0.020645132 0.005614123 0.999771118 0.152309209
0.999682069 0.000603184 -0.025208555 -0.003332661 -0.000777261 0.999975920 -0.006896231 -0.001681106 0.025203789 0.006913632 0.999658465 0.184761271
0.999538600 0.003423932 -0.030179007 -0.004640564 -0.003659942 0.999963164 -0.007768556 -0.001876354 0.030151298 0.007875426 0.999514341 0.218010247
0.999396324 0.003834963 -0.034529626 -0.005860099 -0.004036410 0.999975264 -0.005766186 -0.002406849 0.034506649 0.005902080 0.999387085 0.252309769
0.999230862 0.002862803 -0.039107591 -0.007210030 -0.002988033 0.999990582 -0.003144113 -0.002762179 0.039098214 0.003258549 0.999230027 0.286924481
0.999117553 0.002946511 -0.041898146 -0.009314946 -0.002965646 0.999995589 -0.000394543 -0.003183515 0.041896794 0.000518451 0.999121845 0.320267797
0.999035656 0.004380824 -0.043688271 -0.011765328 -0.004411201 0.999990225 -0.000598942 -0.003795589 0.043685216 0.000791083 0.999045014 0.354999185
0.998907924 0.003689334 -0.046575058 -0.013074760 -0.003733907 0.999992669 -0.000870059 -0.004003562 0.046571516 0.001043016 0.998914361 0.389591217
0.998837054 0.000533761 -0.048209123 -0.014878111 -0.000565778 0.999999642 -0.000650479 -0.004834571 0.048208762 0.000676998 0.998837054 0.425361067
0.998766243 0.000386951 -0.049656969 -0.017320793 -0.000413170 0.999999762 -0.000517730 -0.004516297 0.049656756 0.000537608 0.998766243 0.459966868
0.998717964 -0.001177968 -0.050606295 -0.019680534 0.001133869 0.999998927 -0.000900121 -0.004827399 0.050607305 0.000841586 0.998718321 0.496341109
0.998606384 0.001240313 -0.052759524 -0.021576740 -0.001418456 0.999993384 -0.003339206 -0.005031574 0.052755035 0.003409390 0.998601556 0.533364475
0.998525500 0.001502169 -0.054262314 -0.023702191 -0.001810957 0.999982476 -0.005641932 -0.005596255 0.054252882 0.005731881 0.998510778 0.570372522
0.998382270 0.005845931 -0.056556728 -0.025664447 -0.006273781 0.999953091 -0.007390374 -0.006128164 0.056510862 0.007733245 0.998372018 0.608025372
0.998311996 0.006615767 -0.057702001 -0.028167769 -0.007030490 0.999950886 -0.006987283 -0.006601246 0.057652939 0.007381162 0.998309433 0.646207273
0.998320699 0.006298549 -0.057587650 -0.031496841 -0.006670632 0.999958098 -0.006271196 -0.006894235 0.057545748 0.006644811 0.998320699 0.684059501
0.998234868 0.006284592 -0.059055615 -0.033781458 -0.006528934 0.999970913 -0.003945417 -0.007592432 0.059029110 0.004324023 0.998246849 0.721624613
0.998188734 0.006371898 -0.059820104 -0.036346279 -0.006640029 0.999968767 -0.004284575 -0.007849047 0.059790943 0.004674022 0.998199940 0.760415316
0.998129189 0.004643408 -0.060962331 -0.039323658 -0.004930767 0.999977410 -0.004564123 -0.008636942 0.060939759 0.004856176 0.998129487 0.798977256
0.997930408 0.003598074 -0.064203300 -0.039884944 -0.003972523 0.999975860 -0.005705538 -0.009230614 0.064181216 0.005948779 0.997920573 0.834447324
0.997879446 0.003872967 -0.064973988 -0.042391233 -0.004087401 0.999986708 -0.003167684 -0.010106567 0.064960852 0.003426542 0.997881949 0.873579264
0.997890413 0.005202077 -0.064713307 -0.045313865 -0.005264762 0.999985814 -0.000798154 -0.010141068 0.064708255 0.001137171 0.997903585 0.910928547
0.997892857 0.005809358 -0.064623632 -0.047565512 -0.005584970 0.999977767 0.003652344 -0.010955850 0.064643405 -0.003283727 0.997902989 0.950994134
0.998008430 0.005164541 -0.062871940 -0.050259233 -0.004815532 0.999972165 0.005701383 -0.010626486 0.062899634 -0.005387265 0.998005271 0.988425612
0.998128712 0.005428380 -0.060907751 -0.053050932 -0.005033046 0.999965250 0.006642259 -0.010863540 0.060941689 -0.006323277 0.998121321 1.028842568
0.998250306 0.005248030 -0.058894947 -0.055966821 -0.005016724 0.999979138 0.004074602 -0.011201283 0.058915108 -0.003772014 0.998255789 1.067189574
0.998287082 0.006411664 -0.058152724 -0.058420446 -0.006467593 0.999978900 -0.000773594 -0.011608498 0.058146533 0.001148376 0.998307288 1.108168244
0.998368382 0.006186482 -0.056764614 -0.060747337 -0.006418527 0.999971807 -0.003906475 -0.011846031 0.056738846 0.004264446 0.998379946 1.147180080
0.998444915 0.004278840 -0.055581972 -0.063195392 -0.004427601 0.999986947 -0.002553566 -0.012526818 0.055570319 0.002795689 0.998450875 1.188205361
0.998432636 0.002655703 -0.055902839 -0.065657176 -0.002545302 0.999994755 0.002045997 -0.012929277 0.055907976 -0.001900501 0.998434007 1.228427529
0.998383641 -0.000768654 -0.056828674 -0.067979366 0.001037891 0.999988496 0.004708338 -0.012741489 0.056824390 -0.004759709 0.998372793 1.270118594
0.998342395 -0.007344475 -0.057083353 -0.070585951 0.007614424 0.999960899 0.004512959 -0.013656197 0.057047967 -0.004940135 0.998359084 1.310167670
0.998259842 -0.008914700 -0.058291212 -0.072926320 0.008983914 0.999959290 0.000925420 -0.014194998 0.058280583 -0.001447493 0.998299062 1.352138877
0.998143613 -0.009912272 -0.060091350 -0.075342141 0.009767297 0.999948680 -0.002705870 -0.014628492 0.060115095 0.002113917 0.998189151 1.392939329
0.998036623 -0.008558563 -0.062045936 -0.078002825 0.008356719 0.999958992 -0.003511933 -0.014966978 0.062073451 0.002986537 0.998067081 1.434916019
0.997997284 -0.007980402 -0.062751755 -0.081216425 0.007856659 0.999966741 -0.002218458 -0.015676090 0.062767364 0.001720996 0.998026848 1.476746917
0.997892380 -0.005062526 -0.064693131 -0.083696470 0.005124440 0.999986589 0.000791156 -0.016376112 0.064688250 -0.001121005 0.997904956 1.519876957
0.997844160 -0.004856571 -0.065448709 -0.086874716 0.004984906 0.999985933 0.001797672 -0.016685184 0.065439060 -0.002120052 0.997854352 1.561904073
0.997754455 -0.003682129 -0.066876687 -0.089511573 0.004002748 0.999981105 0.004660803 -0.017315345 0.066858262 -0.004918028 0.997750401 1.604164362
0.997795224 -0.002659807 -0.066314980 -0.092649832 0.003147296 0.999968886 0.007247729 -0.017471578 0.066293642 -0.007440463 0.997772396 1.646560907
0.997721076 0.002545056 -0.067427009 -0.095619090 -0.001854474 0.999945283 0.010302534 -0.018131191 0.067449532 -0.010154014 0.997671008 1.689907670
0.997759223 0.002654024 -0.066855401 -0.099227428 -0.002036264 0.999954581 0.009306701 -0.018086107 0.066877052 -0.009149713 0.997719288 1.731054425
0.997769952 0.002886101 -0.066686079 -0.102225736 -0.002390782 0.999968946 0.007506236 -0.018107809 0.066705659 -0.007330066 0.997745752 1.773353219
0.997735739 0.005341576 -0.067044877 -0.104819559 -0.005034060 0.999976039 0.004754830 -0.018379619 0.067068666 -0.004406557 0.997738719 1.815892935
0.997706771 0.005151736 -0.067488216 -0.108510405 -0.004795374 0.999973655 0.005441284 -0.019000841 0.067514479 -0.005105174 0.997705281 1.856583714
0.997643530 0.003897760 -0.068499558 -0.111697927 -0.003452100 0.999972105 0.006623193 -0.019451965 0.068523467 -0.006371117 0.997629225 1.898428321
0.997615635 0.004239154 -0.068885081 -0.115370840 -0.003705551 0.999962151 0.007872229 -0.019946065 0.068915851 -0.007598202 0.997593582 1.941062689
0.997555017 0.005633356 -0.069659203 -0.118136637 -0.005378993 0.999978185 0.003838565 -0.019793287 0.069679298 -0.003454483 0.997563541 1.982219458
0.997443020 0.005181585 -0.071279094 -0.120550111 -0.005188927 0.999986529 0.000082175 -0.020298071 0.071278557 0.000287897 0.997456491 2.024374008
0.997384667 0.007436358 -0.071893364 -0.123530947 -0.007531707 0.999971092 -0.001055237 -0.020950310 0.071883433 0.001593956 0.997411847 2.065594673
0.997436702 0.005946722 -0.071307078 -0.127589881 -0.005782115 0.999980152 0.002514625 -0.021362208 0.071320608 -0.002095874 0.997451246 2.106057405
0.997516632 0.004641832 -0.070279330 -0.131232545 -0.004320836 0.999979556 0.004718766 -0.021293297 0.070299797 -0.004403382 0.997516155 2.146281958
0.997434974 0.002358870 -0.071538925 -0.133245543 -0.001939212 0.999980509 0.005935035 -0.021794513 0.071551532 -0.005781083 0.997420132 2.186872005
0.997406542 -0.001648959 -0.071954496 -0.136622429 0.001999944 0.999986470 0.004806098 -0.022023845 0.071945585 -0.004937538 0.997396410 2.228672504
0.997424483 -0.002944008 -0.071664900 -0.139489949 0.003193455 0.999989212 0.003366414 -0.022762621 0.071654215 -0.003586602 0.997423172 2.267911196
0.997333467 -0.005115230 -0.072802141 -0.142349437 0.005493937 0.999972343 0.005002568 -0.023354286 0.072774537 -0.005389197 0.997333944 2.308094501
0.997289538 -0.007807523 -0.073163241 -0.145975411 0.008469936 0.999925792 0.008748034 -0.023290828 0.073089510 -0.009344011 0.997281671 2.348534107
0.997177660 -0.009025892 -0.074534878 -0.148095518 0.010093982 0.999851465 0.013965835 -0.023735374 0.074397743 -0.014678772 0.997120738 2.389264107
0.997078836 -0.008830835 -0.075867556 -0.150549009 0.010118127 0.999810994 0.016600039 -0.023666855 0.075706623 -0.017319182 0.996979713 2.428954363
0.997010171 -0.006820441 -0.076969080 -0.154199243 0.007807496 0.999890983 0.012530414 -0.023950242 0.076875240 -0.013093883 0.996954799 2.468881845
0.996930420 -0.005116126 -0.078125842 -0.157607108 0.005508862 0.999973238 0.004812282 -0.024015659 0.078099146 -0.005227890 0.996931911 2.507511616
0.996847510 -0.004412012 -0.079220623 -0.160613358 0.004435644 0.999990284 0.000122334 -0.024333283 0.079219304 -0.000473343 0.996857107 2.546434641
0.996755719 0.001443264 -0.080474027 -0.163879812 -0.001393512 0.999998868 0.000674389 -0.024714220 0.080474891 -0.000560060 0.996756613 2.585198641
0.996655524 0.003383137 -0.081649564 -0.167057514 -0.003126952 0.999989808 0.003265276 -0.025022998 0.081659772 -0.002999041 0.996655762 2.623471022
0.996554434 0.005463625 -0.082761005 -0.170516670 -0.005080512 0.999975383 0.004839026 -0.025589824 0.082785398 -0.004401885 0.996557713 2.660930634
0.996470869 0.006314519 -0.083701305 -0.173903465 -0.005952434 0.999971807 0.004574762 -0.025924914 0.083727837 -0.004060391 0.996480405 2.697290659
0.996300161 0.007584106 -0.085604988 -0.176770881 -0.007144860 0.999959707 0.005436299 -0.026483443 0.085642777 -0.004804550 0.996314347 2.733506680
0.996191919 0.008677233 -0.086754434 -0.180287331 -0.008189192 0.999948621 0.005979857 -0.026829507 0.086801857 -0.005246636 0.996211767 2.769248486
0.996055484 0.008863064 -0.088288836 -0.183462083 -0.008319581 0.999944150 0.006521829 -0.027202919 0.088341691 -0.005761577 0.996073484 2.804750919
0.996015966 0.007691037 -0.088842086 -0.187290549 -0.007036923 0.999945819 0.007673504 -0.027365379 0.088896282 -0.007017757 0.996016145 2.838684559
0.995777071 0.010587386 -0.091192678 -0.189544320 -0.009729718 0.999904215 0.009844450 -0.027202250 0.091288164 -0.008915598 0.995784581 2.873209715
0.995679677 0.012467886 -0.092015013 -0.193846941 -0.011174018 0.999831498 0.014563329 -0.028220452 0.092181079 -0.013472231 0.995651066 2.907609940
0.995450258 0.016333714 -0.093872339 -0.196851254 -0.014905003 0.999762535 0.015900813 -0.028014030 0.094109751 -0.014429302 0.995457232 2.940542936
0.995290875 0.019012339 -0.095050558 -0.200291470 -0.017935304 0.999765098 0.012172752 -0.028572280 0.095259652 -0.010410668 0.995397985 2.971701384
0.995222151 0.018489573 -0.095869727 -0.204245821 -0.018121837 0.999824703 0.004705152 -0.028765023 0.095939919 -0.002945334 0.995382786 3.003326893
0.995027721 0.018095845 -0.097940445 -0.206623867 -0.018266069 0.999832869 -0.000841627 -0.029284593 0.097908862 0.002626430 0.995191932 3.033743382
0.994935036 0.018631652 -0.098778121 -0.209552348 -0.018972339 0.999816895 -0.002510748 -0.029069135 0.098713249 0.004372083 0.995106339 3.063481569
0.994833767 0.021039436 -0.099312939 -0.212775350 -0.021067927 0.999777794 0.000761954 -0.029120198 0.099306904 0.001334302 0.995055914 3.092420340
0.994659126 0.021765908 -0.100893863 -0.215586111 -0.021487953 0.999761760 0.003841026 -0.030628636 0.100953422 -0.001652509 0.994889736 3.120209932
0.994630277 0.018128879 -0.101892613 -0.218400925 -0.018179862 0.999834776 0.000428336 -0.030936411 0.101883523 0.001426356 0.994795382 3.147731066
0.994742393 0.009760329 -0.101942912 -0.220526010 -0.010293457 0.999935985 -0.004704907 -0.031422190 0.101890452 0.005729514 0.994779110 3.174121380
0.994892538 0.005872441 -0.100768417 -0.223291531 -0.006860291 0.999931812 -0.009459447 -0.032031517 0.100705974 0.010102434 0.994865000 3.199422121
0.995161712 0.008582015 -0.097875319 -0.225556061 -0.009637487 0.999900460 -0.010316180 -0.032057457 0.097777024 0.011209536 0.995145202 3.224192619
0.995517433 0.013698628 -0.093581423 -0.228357941 -0.014347652 0.999877393 -0.006266075 -0.033408120 0.093484119 0.007580660 0.995591879 3.247831821
0.995904982 0.012451884 -0.089544475 -0.229983956 -0.012800481 0.999912441 -0.003319756 -0.033738770 0.089495301 0.004452373 0.995977223 3.272031784
0.996528745 0.008689685 -0.082795680 -0.232226133 -0.008685173 0.999962151 0.000414657 -0.033772763 0.082796156 0.000305877 0.996566355 3.295054197
0.997131407 0.003868778 -0.075591236 -0.232664078 -0.003544016 0.999983907 0.004429966 -0.034781866 0.075607181 -0.004149362 0.997129023 3.317568302
0.997891724 0.007495753 -0.064466238 -0.234180674 -0.007221750 0.999963880 0.004482319 -0.035176925 0.064497516 -0.004007310 0.997909904 3.339587927
0.998701632 0.012921163 -0.049277239 -0.235439450 -0.012767937 0.999912679 0.003422993 -0.035131671 0.049317174 -0.002789379 0.998779297 3.361207724
0.999360502 0.017938063 -0.030934885 -0.236195087 -0.017834805 0.999834418 0.003610615 -0.035221215 0.030994531 -0.003056588 0.999514878 3.382251024
0.999816775 0.016487543 -0.009709822 -0.235066116 -0.016449461 0.999856770 0.003989152 -0.035321988 0.009774202 -0.003828700 0.999944925 3.402323246
0.999780774 0.012976085 0.016431065 -0.233747393 -0.013060709 0.999902010 0.005053326 -0.035772167 -0.016363882 -0.005266820 0.999852240 3.421872377
0.998849571 0.012249324 0.046362400 -0.232104287 -0.012539295 0.999903560 0.005968784 -0.035635661 -0.046284810 -0.006543269 0.998906851 3.441646576
0.996771395 0.011495948 0.079464376 -0.229922771 -0.012160584 0.999894917 0.007885058 -0.036268353 -0.079365395 -0.008825934 0.996806443 3.460017681
0.993167400 0.011625047 0.116117992 -0.226262301 -0.012655998 0.999886751 0.008145104 -0.036454514 -0.116010152 -0.009559040 0.993201971 3.478497744
0.987325311 0.011492987 0.158293054 -0.222555161 -0.012826717 0.999890327 0.007406621 -0.036290571 -0.158190578 -0.009343125 0.987364352 3.496843815
0.979129136 0.010763680 0.202953443 -0.217744052 -0.012576259 0.999891758 0.007643479 -0.036846153 -0.202849150 -0.010036349 0.979158580 3.513793230
0.967601240 0.013683999 0.252111971 -0.212342560 -0.015586832 0.999863207 0.005551950 -0.037196700 -0.252001494 -0.009301702 0.967682064 3.530532837
0.952501595 0.014397997 0.304193228 -0.205211997 -0.015880620 0.999871075 0.002400368 -0.037446860 -0.304119468 -0.007117132 0.952607393 3.546781540
0.932999074 0.014149372 0.359600633 -0.197764516 -0.015269249 0.999883413 0.000273837 -0.037851587 -0.359554827 -0.005746321 0.933106244 3.561762333
0.908945322 0.014405202 0.416666359 -0.189375043 -0.015326853 0.999881923 -0.001133349 -0.038430877 -0.416633487 -0.005356031 0.909058750 3.576409340
0.879960358 0.015277472 0.474801451 -0.180034637 -0.015217279 0.999876440 -0.003970044 -0.038182568 -0.474803358 -0.003731705 0.880084038 3.590735197
0.846267283 0.013117024 0.532597065 -0.170355201 -0.012175377 0.999911964 -0.005280249 -0.039019059 -0.532619476 -0.002016069 0.846352398 3.603541851
0.810580909 0.013767464 0.585464835 -0.158836603 -0.010716289 0.999904871 -0.008676415 -0.038477667 -0.585528672 0.000758926 0.810651422 3.615223646
0.770455182 0.011739832 0.637385964 -0.147342324 -0.009218672 0.999930978 -0.007274160 -0.039187048 -0.637427390 -0.000271437 0.770510375 3.627047539
0.727950096 0.012497405 0.685516238 -0.134729624 -0.012053044 0.999912560 -0.005429921 -0.039522894 -0.685524166 -0.004309847 0.728037179 3.637785912
0.684008420 0.010971361 0.729391575 -0.121545553 -0.009424288 0.999936342 -0.006202937 -0.039327390 -0.729413211 -0.002631135 0.684068322 3.646854401
0.637418807 0.010431383 0.770446837 -0.107697129 -0.006102200 0.999945283 -0.008490079 -0.039397940 -0.770493329 0.000710316 0.637447655 3.656151772
0.590344191 0.007432730 0.807117283 -0.093353868 -0.000672210 0.999961793 -0.008716962 -0.040024657 -0.807151318 0.004603456 0.590326726 3.664432049
0.544178784 0.008831350 0.838922799 -0.079379439 -0.002294998 0.999956489 -0.009037871 -0.040750742 -0.838966191 0.002992891 0.544175386 3.670976639
0.497256517 0.011424839 0.867528379 -0.064664841 -0.006002225 0.999934733 -0.009728150 -0.041305687 -0.867582858 -0.000369714 0.497292548 3.677962542
0.452980012 0.013917098 0.891412020 -0.048927903 -0.006117582 0.999903142 -0.012502195 -0.041357767 -0.891499698 0.000209956 0.453021228 3.683685780
0.408739924 0.011466629 0.912578881 -0.034237623 0.000464261 0.999918342 -0.012771997 -0.041961465 -0.912650883 0.005644098 0.408701181 3.689511538
0.368547231 0.003395525 0.929602802 -0.018612504 0.015714673 0.999827683 -0.009882220 -0.042368941 -0.929476261 0.018250471 0.368430346 3.693776369
0.333865434 0.000088026 0.942620635 -0.002040386 0.019480739 0.999785781 -0.006993218 -0.042532042 -0.942419410 0.020697748 0.333792180 3.697697163
0.300170153 0.003929993 0.953877449 0.013904452 0.016364506 0.999823093 -0.009268939 -0.043114305 -0.953745306 0.018391993 0.300052762 3.702077150
0.269561231 0.012184733 0.962906182 0.030596316 0.006661532 0.999872386 -0.014517373 -0.043203566 -0.962960243 0.010327750 0.269445658 3.706743240
0.240632147 0.016057404 0.970483601 0.047196746 0.002168652 0.999851704 -0.017081045 -0.044079520 -0.970614016 0.006214888 0.240561634 3.710568428
0.215749487 0.017958045 0.976283550 0.065299690 0.002744099 0.999815822 -0.018997319 -0.044905134 -0.976444840 0.006777681 0.215660468 3.713460445
0.195639610 0.020345820 0.980464816 0.083899140 0.009744238 0.999695063 -0.022689216 -0.044904523 -0.980627358 0.013992790 0.195381731 3.714267015
0.172521085 0.025632750 0.984672308 0.101841569 0.016875893 0.999437690 -0.028973892 -0.045388136 -0.984861195 0.021615833 0.171991512 3.717497349
0.151011318 0.033317730 0.987970412 0.120808363 0.020515803 0.999110997 -0.036829270 -0.044820789 -0.988319099 0.025830641 0.150193542 3.720856667
0.135325938 0.033263296 0.990242600 0.140868753 0.017120022 0.999208570 -0.035904087 -0.045940347 -0.990653217 0.021811729 0.134649381 3.722456694
0.119939417 0.028688408 0.992366612 0.161808848 0.014714289 0.999421239 -0.030670751 -0.047069293 -0.992672265 0.018280597 0.119447857 3.724653244
0.105195366 0.025694311 0.994119644 0.182951242 0.015361884 0.999504924 -0.027459059 -0.047887430 -0.994332969 0.018160114 0.104748577 3.726751804
0.093294449 0.022753175 0.995378554 0.205229551 0.017312136 0.999550641 -0.024471169 -0.048816714 -0.995488107 0.019515151 0.092858635 3.727721214
0.080488771 0.022399908 0.996503711 0.227248251 0.021906110 0.999466240 -0.024235878 -0.049295947 -0.996514797 0.023780236 0.079955116 3.729560852
0.069501340 0.022980327 0.997317135 0.251010925 0.025185883 0.999375463 -0.024782915 -0.049900629 -0.997263908 0.026840756 0.068879180 3.731176376
0.062368724 0.023755306 0.997770488 0.274375618 0.026523825 0.999324083 -0.025450250 -0.050557539 -0.997700691 0.028051985 0.061696496 3.732114315
0.056889500 0.023090795 0.998113573 0.299317956 0.028837407 0.999277353 -0.024761368 -0.051687203 -0.997963965 0.030191662 0.056182504 3.733157873
0.051450457 0.025224173 0.998356819 0.323979497 0.030161267 0.999185741 -0.026799476 -0.051991574 -0.998219967 0.031490557 0.050647765 3.734187603
0.045367155 0.026518956 0.998618305 0.350080729 0.030969778 0.999129713 -0.027939493 -0.052547529 -0.998490214 0.032194521 0.044506405 3.735092402
0.041139614 0.025924699 0.998817027 0.377202451 0.032704614 0.999092758 -0.027278902 -0.053544220 -0.998618007 0.033788163 0.040254425 3.735957861
0.039080381 0.026066493 0.998896062 0.405205429 0.034564853 0.999026179 -0.027422192 -0.054557197 -0.998638034 0.035598367 0.038141336 3.736203671
0.035577558 0.025290562 0.999046862 0.433285475 0.036067735 0.998996079 -0.026573697 -0.055446304 -0.998715878 0.036978792 0.034629665 3.737322092
0.033074569 0.024889382 0.999142826 0.462659299 0.037969638 0.998936951 -0.026141156 -0.056115240 -0.998731434 0.038801711 0.032094367 3.738192797
0.032454036 0.024315007 0.999177396 0.493598670 0.042522356 0.998765290 -0.025686132 -0.057237800 -0.998568237 0.043320987 0.031380031 3.738836765
0.033512283 0.023603234 0.999159575 0.524934113 0.046291050 0.998611450 -0.025142912 -0.058417313 -0.998365700 0.047094729 0.032373130 3.739754200
0.035919540 0.023986634 0.999066770 0.557535529 0.047132768 0.998558700 -0.025669003 -0.059038848 -0.998242557 0.048010800 0.034737214 3.740691900
0.039642740 0.023586240 0.998935521 0.588686347 0.050117824 0.998416185 -0.025562905 -0.060390439 -0.997956216 0.051077850 0.038397860 3.741992474
0.043977380 0.023030533 0.998767018 0.623098552 0.050322294 0.998414159 -0.025238171 -0.061453447 -0.997764289 0.051370144 0.042748686 3.743623972
0.047854420 0.021624984 0.998620331 0.657417893 0.051479127 0.998383582 -0.024086768 -0.062254071 -0.997526884 0.052560750 0.046663839 3.745263577
0.051992796 0.019707866 0.998452961 0.690677583 0.051806137 0.998405933 -0.022404650 -0.063576944 -0.997302830 0.052890874 0.050888922 3.746926308
0.055999145 0.017987590 0.998268783 0.727211595 0.048134413 0.998626530 -0.020694191 -0.064442813 -0.997269809 0.049209937 0.055056412 3.749437332
0.060424998 0.016784115 0.998031616 0.764407635 0.047790036 0.998663425 -0.019688144 -0.065586716 -0.997028053 0.048885625 0.059542120 3.751764774
0.064154401 0.017304864 0.997789979 0.797603488 0.045234933 0.998771489 -0.020230336 -0.066817902 -0.996914268 0.046432830 0.063292801 3.754194021
0.067386031 0.021496285 0.997495472 0.834363103 0.043045841 0.998774290 -0.024431817 -0.067863926 -0.996797919 0.044584386 0.066378124 3.756689310
0.068423182 0.026757894 0.997297525 0.872176826 0.037993804 0.998845160 -0.029406121 -0.069025874 -0.996932685 0.039903186 0.067327522 3.760467291
0.068266168 0.029886890 0.997219384 0.906584263 0.034135461 0.998895943 -0.032273933 -0.070586488 -0.997083008 0.036243770 0.067170598 3.762917995
0.068375595 0.029710328 0.997217238 0.944510102 0.031785246 0.998984158 -0.031942375 -0.072067395 -0.997153163 0.033880882 0.067361802 3.765812397
0.067856789 0.027867466 0.997305810 0.982034922 0.028679119 0.999142230 -0.029870117 -0.073656261 -0.997282863 0.030628746 0.066999376 3.769274950
0.067676716 0.026670594 0.997350931 1.016765356 0.029552920 0.999150336 -0.028724078 -0.075041130 -0.997269571 0.031418577 0.066831015 3.771669865
0.068231583 0.025843868 0.997334778 1.054391146 0.027310157 0.999241412 -0.027761670 -0.076803006 -0.997295737 0.029131591 0.067474015 3.774573565
0.069213755 0.026115170 0.997260034 1.091728210 0.026064279 0.999268591 -0.027976735 -0.078418188 -0.997261345 0.027929239 0.068482466 3.776792288
0.068440884 0.026879493 0.997292995 1.126042366 0.023117065 0.999325871 -0.028520731 -0.079589039 -0.997387469 0.025006469 0.067773379 3.779958725
0.067147210 0.028126642 0.997346580 1.163144827 0.020384926 0.999355257 -0.029555723 -0.081049472 -0.997534931 0.022315418 0.066530570 3.782857180
0.063881382 0.028168572 0.997559845 1.200943470 0.017387837 0.999418437 -0.029334530 -0.082568757 -0.997806072 0.019219343 0.063354440 3.785879612
0.060832646 0.026513346 0.997795820 1.235520124 0.014529875 0.999517739 -0.027444944 -0.084257096 -0.998042285 0.016167397 0.060418069 3.787695408
0.055783551 0.024219647 0.998149216 1.272204995 0.012045012 0.999616683 -0.024928421 -0.085772350 -0.998370349 0.013413312 0.055470444 3.789700747
0.049424320 0.022482788 0.998524845 1.310139418 0.009764886 0.999688029 -0.022992315 -0.087102756 -0.998730242 0.010886859 0.049189359 3.792217731
0.042501897 0.022444710 0.998844206 1.344463229 0.009867303 0.999689519 -0.022883566 -0.088411339 -0.999047637 0.010828495 0.042267229 3.793571949
0.033913471 0.023169143 0.999156117 1.380144238 0.010704421 0.999665618 -0.023544284 -0.089736804 -0.999367476 0.011493857 0.033654112 3.794615984
0.023694528 0.024055772 0.999429703 1.417914867 0.010702593 0.999647200 -0.024314743 -0.090823129 -0.999661922 0.011272617 0.023428705 3.796095133
0.013778892 0.022544134 0.999650896 1.451055408 0.011246407 0.999679089 -0.022699788 -0.092972778 -0.999841809 0.011555257 0.013520933 3.795649767
0.002768304 0.021886304 0.999756575 1.487734437 0.009778781 0.999712110 -0.021912409 -0.093663745 -0.999948323 0.009837061 0.002553486 3.796119213
-0.008899639 0.021667289 0.999725640 1.524272799 0.013038668 0.999682784 -0.021550290 -0.094550326 -0.999875426 0.012843300 -0.009179326 3.796282768
-0.018919485 0.021081403 0.999598861 1.557002068 0.011804848 0.999712765 -0.020860376 -0.096622899 -0.999751329 0.011405444 -0.019162916 3.794438362
-0.029738747 0.021362454 0.999329448 1.592612028 0.012119659 0.999705911 -0.021009831 -0.098111168 -0.999484241 0.011486729 -0.029988900 3.793226957
-0.039565772 0.022442354 0.998964965 1.627624869 0.011627746 0.999690533 -0.021998113 -0.099457577 -0.999149263 0.010745339 -0.039814480 3.791196108
-0.050886877 0.024088191 0.998413861 1.660703778 0.012346709 0.999647856 -0.023488680 -0.100038648 -0.998628139 0.011131862 -0.051166371 3.790068150
-0.060875870 0.024853308 0.997835875 1.695632339 0.013331339 0.999620974 -0.024084460 -0.101252533 -0.998056352 0.011836328 -0.061184127 3.788455963
-0.070451513 0.025550283 0.997187912 1.729988337 0.013964515 0.999599218 -0.024625475 -0.102603391 -0.997417510 0.012190343 -0.070780076 3.786140442
-0.079785153 0.025512766 0.996485531 1.762524009 0.014697793 0.999593794 -0.024415545 -0.103902236 -0.996703744 0.012698143 -0.080127724 3.783483028
-0.088254124 0.024835106 0.995788336 1.795176625 0.016174730 0.999593019 -0.023496469 -0.105314285 -0.995966733 0.014032948 -0.088619918 3.780590057
-0.095942140 0.023704899 0.995104611 1.829628944 0.017585060 0.999600708 -0.022116555 -0.106890574 -0.995231688 0.015377066 -0.096320681 3.776793718
-0.100707859 0.022585539 0.994659781 1.864729524 0.020577440 0.999575734 -0.020613734 -0.107824251 -0.994703293 0.018391583 -0.101129889 3.773190975
-0.104886346 0.020580092 0.994271219 1.892581940 0.023418946 0.999559760 -0.018219080 -0.108720265 -0.994208455 0.021373851 -0.105322137 3.770462275
-0.107949786 0.019658074 0.993961990 1.925091028 0.025069742 0.999540389 -0.017045688 -0.109508723 -0.993840277 0.023078291 -0.108392984 3.767080307
-0.109704241 0.019019987 0.993782222 1.958586931 0.026449928 0.999518752 -0.016209958 -0.110514082 -0.993612409 0.024507171 -0.110154532 3.763778687
-0.110157520 0.019356934 0.993725657 1.984689593 0.025918592 0.999526322 -0.016596766 -0.111415841 -0.993576169 0.023927713 -0.110607028 3.760623455
-0.109716460 0.020074492 0.993760169 2.014592886 0.026150163 0.999508321 -0.017303485 -0.112874120 -0.993618906 0.024088517 -0.110187456 3.757739067
-0.106528461 0.022293214 0.994059682 2.043411732 0.028482223 0.999406815 -0.019360827 -0.113353655 -0.993901610 0.026250551 -0.107100211 3.754632473
-0.101301752 0.022458121 0.994602203 2.068388462 0.027490648 0.999426782 -0.019767089 -0.114599206 -0.994475901 0.025339819 -0.101861060 3.751890659
-0.093493029 0.023700947 0.995337844 2.096256495 0.028537750 0.999369800 -0.021116372 -0.114991017 -0.995210886 0.026430463 -0.094110467 3.750499964
-0.082060739 0.022930639 0.996363521 2.121134043 0.025402397 0.999458671 -0.020909723 -0.116835773 -0.996303618 0.023594150 -0.082598805 3.748057842
-0.067907833 0.023673808 0.997410655 2.145364046 0.025936551 0.999422491 -0.021955689 -0.117377266 -0.997354329 0.024378428 -0.068482637 3.746308327
-0.051119179 0.023998553 0.998404205 2.168673515 0.023645852 0.999460101 -0.022813242 -0.119491950 -0.998412490 0.022441918 -0.051659051 3.745630741
-0.029784065 0.026656147 0.999200821 2.192444801 0.022062207 0.999418437 -0.026004320 -0.120422140 -0.999312818 0.021270065 -0.030354839 3.745662212
-0.004615322 0.030288184 0.999530554 2.215331554 0.020835329 0.999327183 -0.030185811 -0.120709322 -0.999772251 0.020686233 -0.005243281 3.745977879
0.023871765 0.032222912 0.999195635 2.237936497 0.019483034 0.999275625 -0.032690961 -0.121546455 -0.999525189 0.020247752 0.023226673 3.746949911
0.056515507 0.031201225 0.997914135 2.262428999 0.015643286 0.999361217 -0.032132406 -0.123426847 -0.998279095 0.017426636 0.055991314 3.749329090
0.095226377 0.028908292 0.995035946 2.281684875 0.015547670 0.999413073 -0.030523401 -0.123932347 -0.995334208 0.018377122 0.094721064 3.751907825
0.137906238 0.025711093 0.990111470 2.304600716 0.014451918 0.999504387 -0.027967922 -0.124507725 -0.990339816 0.018165957 0.137466311 3.755740166
0.182863563 0.021477414 0.982903779 2.326562405 0.011570537 0.999645054 -0.023995865 -0.125421330 -0.983070195 0.015760690 0.182550162 3.761259794
0.231493384 0.017998800 0.972669959 2.346957445 0.006240734 0.999780834 -0.019985760 -0.126582265 -0.972816467 0.010696747 0.231330276 3.767199993
0.283042401 0.015784657 0.958977520 2.368027210 0.002166727 0.999851525 -0.017096953 -0.127989233 -0.959105074 0.006917005 0.282966137 3.774973869
0.337861985 0.015711075 0.941064537 2.389723301 0.001265378 0.999852240 -0.017146835 -0.128393888 -0.941194773 0.006984066 0.337792158 3.783878565
0.396712780 0.017610107 0.917773783 2.406288624 0.003459424 0.999780238 -0.020678986 -0.128192246 -0.917936265 0.011378587 0.396564573 3.791887760
0.457216620 0.021473264 0.889096081 2.425180435 0.004239875 0.999644578 -0.026323557 -0.128755540 -0.889345288 0.015805224 0.456962943 3.802535057
0.516323447 0.024484931 0.856043518 2.441121578 0.005121145 0.999485075 -0.031676527 -0.129569530 -0.856378376 0.020739257 0.515932083 3.813923359
0.574268639 0.028970405 0.818154097 2.457669258 0.001021944 0.999347448 -0.036103681 -0.130066320 -0.818666339 0.021569315 0.573864281 3.827484608
0.629606187 0.032225542 0.776245832 2.471866131 -0.003908265 0.999258041 -0.038313847 -0.130766302 -0.776904643 0.021088863 0.629265010 3.841273785
0.682758391 0.033153098 0.729891777 2.486645222 -0.005892807 0.999187410 -0.039872762 -0.131626070 -0.730620563 0.022922348 0.682398856 3.856648445
0.730714679 0.030152608 0.682016790 2.498674870 -0.005794003 0.999262094 -0.037970599 -0.132751524 -0.682658494 0.023794072 0.730350137 3.872311354
0.775070012 0.026639126 0.631313622 2.510739326 -0.007551416 0.999430120 -0.032901339 -0.133408695 -0.631830275 0.020733535 0.774829388 3.890538216
0.815713227 0.021309426 0.578063846 2.520812988 -0.008345741 0.999650776 -0.025073797 -0.134252056 -0.578396261 0.015628653 0.815606236 3.907659531
0.852192283 0.018791240 0.522891283 2.531137466 -0.010759756 0.999772906 -0.018393103 -0.135009557 -0.523118138 0.010048274 0.852200925 3.927311897
0.882654727 0.015229412 0.469775110 2.538313866 -0.011161692 0.999872267 -0.011442801 -0.135307208 -0.469889343 0.004856557 0.882711887 3.945253372
0.907777607 0.016382996 0.419131607 2.545907736 -0.015431510 0.999864936 -0.005660282 -0.135965183 -0.419167668 -0.001329555 0.907907724 3.966411352
0.927651763 0.017808035 0.373021513 2.552829742 -0.018281138 0.999830306 -0.002269266 -0.136469007 -0.372998685 -0.004714169 0.927819848 3.987620115
0.942485392 0.023407284 0.333426774 2.556675196 -0.025138842 0.999683619 0.000879079 -0.136860341 -0.333300680 -0.009210480 0.942775488 4.004997730
0.954062343 0.028531851 0.298246562 2.562062263 -0.029609943 0.999561071 -0.000903943 -0.136522606 -0.298141420 -0.007968644 0.954488397 4.027325630
0.963005304 0.029944664 0.267813623 2.567167759 -0.030982044 0.999519885 -0.000352552 -0.136737883 -0.267695546 -0.007957903 0.963470638 4.050366879
0.968826771 0.023795122 0.246594250 2.572074413 -0.024332220 0.999703586 -0.000869323 -0.136299029 -0.246541843 -0.005157962 0.969118357 4.075245380
0.973048627 0.021023313 0.229639888 2.576469898 -0.021799574 0.999761999 0.000843646 -0.137394279 -0.229567468 -0.005826960 0.973275423 4.090180874
0.975656748 0.025355419 0.217832536 2.580716848 -0.026196787 0.999656379 0.000974911 -0.137864262 -0.217732951 -0.006657691 0.975985646 4.113743305
0.977714360 0.030195676 0.207756668 2.585643530 -0.031221511 0.999511123 0.001659669 -0.137932673 -0.207604989 -0.008109160 0.978179097 4.139291286
0.978701353 0.037294894 0.201873258 2.590255022 -0.038054094 0.999275744 -0.000120345 -0.137532905 -0.201731548 -0.007564321 0.979411602 4.164813042
0.978985667 0.042988867 0.199346498 2.594196320 -0.042929474 0.999067545 -0.004622301 -0.137154013 -0.199359298 -0.004032674 0.979918122 4.192578793
0.979262769 0.044625018 0.197618529 2.597690582 -0.044115722 0.999001980 -0.006981148 -0.137654543 -0.197732836 -0.001881706 0.980254173 4.208297729
0.978763223 0.043411069 0.200344980 2.603347301 -0.042221889 0.999056041 -0.010206754 -0.138502017 -0.200598940 0.001531053 0.979672253 4.234721661
0.977891982 0.042328134 0.204782084 2.608882904 -0.039883263 0.999075413 -0.016053580 -0.139197648 -0.205272287 0.007531287 0.978675961 4.262509823
0.977189124 0.041875962 0.208202004 2.613665342 -0.038212713 0.999036431 -0.021587541 -0.139056921 -0.208905414 0.013139145 0.977847636 4.283490658
0.976038575 0.047319248 0.212390274 2.619833469 -0.043684430 0.998807967 -0.021776687 -0.139289960 -0.213167533 0.011976740 0.976942301 4.312117100
0.974333465 0.050817881 0.219298959 2.625435591 -0.048247010 0.998689592 -0.017066274 -0.140597790 -0.219878867 0.006047723 0.975508571 4.342361927
0.973638833 0.047217861 0.223154426 2.631047487 -0.045585353 0.998882592 -0.012464148 -0.140978634 -0.223493665 0.001963004 0.974703372 4.364392281
0.972947776 0.043316457 0.226928070 2.638753414 -0.042934023 0.999055982 -0.006623267 -0.141793042 -0.227000743 -0.003298843 0.973888993 4.395530224
0.972229183 0.040378425 0.230521381 2.644980907 -0.040951185 0.999158502 -0.002301353 -0.142082080 -0.230420336 -0.007202680 0.973064542 4.421083450
0.971569479 0.035417967 0.234090641 2.652431011 -0.035971247 0.999351025 -0.001907007 -0.142366141 -0.234006226 -0.006567742 0.972212911 4.453064919
0.971705496 0.032419682 0.233960539 2.660637140 -0.032213178 0.999469995 -0.004704962 -0.142961055 -0.233989030 -0.002964773 0.972234726 4.485368252
0.971932173 0.031693023 0.233116791 2.666677475 -0.029752724 0.999487221 -0.011835890 -0.143275976 -0.233372390 0.004567822 0.972376645 4.508749962
0.972220242 0.033795431 0.231615171 2.674936295 -0.030284705 0.999366462 -0.018697452 -0.143854886 -0.232100278 0.011163644 0.972627759 4.541897774
0.972476661 0.037510976 0.229961127 2.680383682 -0.033279527 0.999198318 -0.022253036 -0.144211799 -0.230611488 0.013987563 0.972945273 4.569717407
0.973159432 0.036003482 0.227298304 2.688699484 -0.032752983 0.999300301 -0.018057395 -0.144641638 -0.227789402 0.010128032 0.973657668 4.604397297
0.973540902 0.032054715 0.226253211 2.695292950 -0.030557549 0.999481857 -0.010117296 -0.145653129 -0.226460278 0.002935858 0.974015951 4.633697033
0.974186361 0.032120157 0.223448440 2.703666925 -0.031917006 0.999480367 -0.004521613 -0.146294653 -0.223477557 -0.002726912 0.974705279 4.669509411
0.974390268 0.036046341 0.221955508 2.711419582 -0.035821851 0.999345541 -0.005038318 -0.146973774 -0.221991852 -0.003041571 0.975043774 4.706671238
0.974697053 0.041342638 0.219674215 2.716859341 -0.040191013 0.999144852 -0.009710858 -0.147355333 -0.219887793 0.000636215 0.975524902 4.732886314
0.975537002 0.042250313 0.215737849 2.724787712 -0.039927989 0.999088228 -0.015113566 -0.147854179 -0.216179669 0.006129860 0.976334333 4.769632339
0.976403117 0.041343655 0.211961180 2.731229067 -0.038420003 0.999101460 -0.017895220 -0.148739219 -0.212510586 0.009329398 0.977114260 4.801060200
0.977373183 0.038659092 0.207959145 2.739559412 -0.036053147 0.999216855 -0.016308146 -0.149478137 -0.208426744 0.008441560 0.978001654 4.839430809
0.978217065 0.035062928 0.204602137 2.746139526 -0.032830615 0.999358833 -0.014295889 -0.150279731 -0.204972163 0.007267265 0.978740811 4.871385574
0.978575885 0.034213811 0.203024194 2.754120350 -0.032567549 0.999404073 -0.011444937 -0.151187122 -0.203294784 0.004587736 0.979106843 4.910992622
0.978946388 0.030901007 0.201765388 2.762701988 -0.029783214 0.999519646 -0.008574305 -0.152460307 -0.201933414 0.002384560 0.979396343 4.950986862
0.979199946 0.025630070 0.201272264 2.768469810 -0.024538947 0.999667585 -0.007914708 -0.152432755 -0.201408237 0.002811072 0.979503393 4.979531765
0.979294062 0.026258701 0.200732738 2.776758909 -0.025499897 0.999654651 -0.006365334 -0.153131992 -0.200830579 0.001114871 0.979625344 5.020365715
0.978971839 0.031817894 0.201498687 2.784132481 -0.030809363 0.999492228 -0.008140199 -0.153993949 -0.201655373 0.001760981 0.979454994 5.060827255
0.978758991 0.037511267 0.201553300 2.790025234 -0.035904750 0.999287665 -0.011621969 -0.154225409 -0.201845706 0.004138387 0.979408622 5.090578079
0.978153110 0.046287574 0.202666864 2.797594070 -0.044489294 0.998919666 -0.013422158 -0.154895574 -0.203069195 0.004112422 0.979155838 5.132202625
0.977259398 0.052327190 0.205489010 2.805856466 -0.050726045 0.998627305 -0.013055937 -0.155687809 -0.205890089 0.002335396 0.978572369 5.173349857
0.976574779 0.054700397 0.208109453 2.812263489 -0.053630587 0.998502612 -0.010783812 -0.156656489 -0.208387703 -0.000629832 0.978046119 5.203432083
0.975914657 0.055342354 0.211016208 2.820808411 -0.054057743 0.998467445 -0.011855969 -0.157513991 -0.211348951 0.000163357 0.977410674 5.245867252
0.975607812 0.053862683 0.212810233 2.829915047 -0.051942449 0.998543143 -0.014608172 -0.158278629 -0.213287070 0.003197963 0.976984322 5.287211895
0.975778818 0.047114782 0.213625535 2.839936018 -0.045308873 0.998883903 -0.013344658 -0.159294829 -0.214015871 0.003342304 0.976824462 5.328154087
0.976020694 0.040547524 0.213867858 2.845440149 -0.038367897 0.999160886 -0.014334268 -0.160469502 -0.214269593 0.005784885 0.976757407 5.354464054
0.975810170 0.040086668 0.214912727 2.854931355 -0.037928961 0.999180198 -0.014156175 -0.161957681 -0.215303987 0.005662325 0.976530612 5.395986557
0.975351453 0.042133361 0.216597065 2.864101410 -0.040568154 0.999108672 -0.011669612 -0.162630916 -0.216895640 0.002595033 0.976191401 5.437841892
0.974916577 0.044652041 0.218045309 2.870115757 -0.044408977 0.998995304 -0.006017682 -0.162990987 -0.218094975 -0.003816433 0.975920022 5.468405247
0.974709392 0.047650274 0.218337089 2.880000591 -0.048410501 0.998825729 -0.001869397 -0.163897380 -0.218169838 -0.008747688 0.975871563 5.509233952
0.974423707 0.046631910 0.219826862 2.888620138 -0.045960210 0.998909771 -0.008171676 -0.165032700 -0.219968304 -0.002140614 0.975504756 5.551480293
0.974626720 0.042818096 0.219703317 2.894988060 -0.038800135 0.998992026 -0.022572638 -0.165757984 -0.220448345 0.013475373 0.975305557 5.580486774
0.974847794 0.040608715 0.219141468 2.904237747 -0.034507982 0.998904824 -0.031596977 -0.166880712 -0.220184535 0.023240108 0.975181341 5.621403694
0.975136459 0.037610114 0.218391195 2.913469791 -0.033555549 0.999189258 -0.022246256 -0.168264076 -0.219050810 0.014364897 0.975607634 5.662516594
0.975536048 0.031511046 0.217569292 2.920375824 -0.031906925 0.999489427 -0.001694132 -0.168838382 -0.217511579 -0.005289282 0.976043403 5.693367481
0.975785136 0.028524958 0.216863185 2.929449081 -0.032223061 0.999389112 0.013535062 -0.170116186 -0.216344625 -0.020195307 0.976108134 5.734828472
0.975869119 0.032545153 0.215917021 2.937949181 -0.034999132 0.999358833 0.007550524 -0.170630991 -0.215532839 -0.014925230 0.976382554 5.775238514
