0.999969542 -0.001440500 -0.007676749 -0.000439574 0.001413275 0.999992669 -0.003550656 -0.000405308 0.007681807 0.003539698 0.999964237 0.061425347
0.999930561 -0.001414013 -0.011702817 -0.001013129 0.001353721 0.999985814 -0.005158294 -0.000439266 0.011709946 0.005142093 0.999918103 0.093220614
0.999859869 -0.000107978 -0.016738551 -0.001766533 0.000012880 0.999983847 -0.005681324 -0.000775373 0.016738893 0.005680313 0.999843657 0.125753149
0.999781489 -0.000794695 -0.020895373 -0.002816283 0.000668969 0.999981761 -0.006023220 -0.001138928 0.020899778 0.006007927 0.999763489 0.158837259
0.999673367 0.000928728 -0.025536709 -0.003885569 -0.001115155 0.999972999 -0.007287079 -0.001425442 0.025529247 0.007313176 0.999647260 0.192445278
0.999532878 0.003543471 -0.030357230 -0.005481450 -0.003794045 0.999959230 -0.008200561 -0.001576960 0.030326931 0.008311908 0.999505401 0.226908937
0.999389946 0.003878132 -0.034705326 -0.006899443 -0.004089363 0.999973476 -0.006017530 -0.002337696 0.034681071 0.006155782 0.999379396 0.262163728
0.999237001 0.003187347 -0.038927879 -0.008533173 -0.003321014 0.999988794 -0.003369528 -0.002701879 0.038916707 0.003496237 0.999236286 0.297424525
0.999102831 0.002978165 -0.042247280 -0.010401148 -0.003023155 0.999994934 -0.001001074 -0.002807057 0.042244084 0.001127897 0.999106646 0.333000839
0.998978317 0.004291133 -0.044986147 -0.012126256 -0.004369021 0.999989092 -0.001633170 -0.003321789 0.044978656 0.001828047 0.998986185 0.369575590
0.998845041 0.003857438 -0.047891788 -0.013271682 -0.003933891 0.999991119 -0.001502203 -0.003961903 0.047885563 0.001688869 0.998851359 0.405705452
0.998786271 0.000817052 -0.049248859 -0.015483500 -0.000913397 0.999997735 -0.001933817 -0.004301745 0.049247168 0.001976453 0.998784661 0.442514509
0.998701811 0.000964612 -0.050931465 -0.017542973 -0.001049772 0.999998093 -0.001645325 -0.004238361 0.050929785 0.001696655 0.998700798 0.479402661
0.998598933 -0.001140832 -0.052903559 -0.019310243 0.001069989 0.999998450 -0.001367402 -0.004926614 0.052905034 0.001308880 0.998598635 0.517121375
0.998517632 0.001437609 -0.054411352 -0.021998938 -0.001637622 0.999992073 -0.003631538 -0.005443182 0.054405689 0.003715259 0.998511970 0.554684997
0.998413026 0.001681416 -0.056288876 -0.023909848 -0.002043405 0.999977529 -0.006373996 -0.005763907 0.056276884 0.006478901 0.998394310 0.592448771
0.998331964 0.005834006 -0.057439536 -0.026756961 -0.006314728 0.999946475 -0.008191230 -0.006132978 0.057388667 0.008540284 0.998315454 0.630165935
0.998231351 0.006791960 -0.059058778 -0.029057786 -0.007273654 0.999942005 -0.007945019 -0.006498560 0.059001390 0.008360540 0.998222888 0.668639243
0.998157680 0.005855885 -0.060390219 -0.031507146 -0.006244329 0.999961019 -0.006245502 -0.007243389 0.060351294 0.006611090 0.998155296 0.708046973
0.998065472 0.006784875 -0.061800130 -0.034114555 -0.007116639 0.999961436 -0.005149828 -0.007571126 0.061762799 0.005579676 0.998075247 0.746283174
0.998038471 0.006733529 -0.062240478 -0.037183173 -0.007021880 0.999965608 -0.004415293 -0.008433186 0.062208608 0.004843678 0.998051345 0.785530746
0.997885764 0.005759392 -0.064734347 -0.039040092 -0.006154982 0.999963701 -0.005913198 -0.008601417 0.064697921 0.006299138 0.997884989 0.824684858
0.997835696 0.004824851 -0.065578617 -0.041845590 -0.005281789 0.999962986 -0.006796195 -0.009135759 0.065543406 0.007127859 0.997824192 0.864047289
0.997795939 0.004353778 -0.066213585 -0.044630017 -0.004696649 0.999976337 -0.005023458 -0.009628286 0.066190131 0.005323367 0.997792780 0.904366791
0.997763991 0.006009792 -0.066564523 -0.047610801 -0.006134070 0.999979734 -0.001662795 -0.010092173 0.066553175 0.002067389 0.997780681 0.944663465
0.997814178 0.006415580 -0.065769605 -0.049884193 -0.006304895 0.999978483 0.001890359 -0.010445705 0.065780304 -0.001471557 0.997832954 0.985446453
0.997881651 0.005440075 -0.064828180 -0.052173998 -0.005184168 0.999978125 0.004115045 -0.010471201 0.064849146 -0.003770248 0.997887909 1.026421309
0.998005092 0.006270847 -0.062820554 -0.055281244 -0.005938182 0.999967396 0.005480806 -0.011273879 0.062852882 -0.005096832 0.998009682 1.067439675
0.998133481 0.005177531 -0.060850833 -0.058119349 -0.004979449 0.999981821 0.003406386 -0.011747276 0.060867362 -0.003097025 0.998141050 1.106360555
0.998198032 0.006957502 -0.059600722 -0.061291289 -0.007108352 0.999972045 -0.002319357 -0.011501427 0.059582904 0.002738840 0.998219550 1.147489548
0.998269022 0.005801822 -0.058526814 -0.063434355 -0.006084555 0.999970615 -0.004653766 -0.012225438 0.058498096 0.005001820 0.998274982 1.187965631
0.998330593 0.002989300 -0.057682466 -0.065835342 -0.003175217 0.999990046 -0.003131710 -0.012759182 0.057672534 0.003309636 0.998329997 1.229279995
0.998304605 0.002443954 -0.058154620 -0.068059810 -0.002383488 0.999996662 0.001109096 -0.013223781 0.058157131 -0.000968605 0.998306990 1.269993424
0.998250842 -0.001070513 -0.059110854 -0.070596844 0.001326691 0.999989867 0.004294811 -0.013460714 0.059105661 -0.004365720 0.998242259 1.311998487
0.998132288 -0.007768094 -0.060594622 -0.072086133 0.008010387 0.999960840 0.003756738 -0.014082899 0.060563069 -0.004235107 0.998155415 1.352953434
0.998061657 -0.010320375 -0.061371386 -0.074910440 0.010348574 0.999946415 0.000141629 -0.014656258 0.061366629 -0.000776461 0.998115003 1.393631935
0.997976184 -0.010801328 -0.062664710 -0.078030802 0.010615612 0.999938250 -0.003295840 -0.015296711 0.062696442 0.002623946 0.998029232 1.436349988
0.997840524 -0.009086577 -0.065050952 -0.080103032 0.008819170 0.999951422 -0.004396695 -0.015532359 0.065087751 0.003813505 0.997872233 1.476915121
0.997779846 -0.008508360 -0.066052705 -0.082889438 0.008314555 0.999960244 -0.003208456 -0.016230743 0.066077374 0.002652135 0.997810960 1.520105600
0.997683167 -0.005624931 -0.067798167 -0.085680708 0.005640941 0.999984086 0.000044684 -0.017127372 0.067796819 -0.000427026 0.997699022 1.563530922
0.997646213 -0.005597766 -0.068343192 -0.089237459 0.005659358 0.999983728 0.000707627 -0.016963752 0.068338111 -0.001092740 0.997661591 1.603888988
0.997563064 -0.003846150 -0.069664679 -0.092345186 0.004055752 0.999987662 0.002867546 -0.017319188 0.069652773 -0.003143100 0.997566223 1.647261858
0.997575998 -0.003533207 -0.069496855 -0.095105790 0.003945660 0.999975383 0.005798473 -0.017527781 0.069474652 -0.006058629 0.997565210 1.688872218
0.997558594 0.002182602 -0.069802046 -0.098717093 -0.001620780 0.999965906 0.008104415 -0.017862963 0.069817349 -0.007971494 0.997527838 1.731836319
0.997541130 0.001850793 -0.070059247 -0.101779431 -0.001317454 0.999969900 0.007658130 -0.018165033 0.070071295 -0.007547000 0.997513413 1.773128271
0.997537255 0.002857437 -0.070080765 -0.104923375 -0.002477861 0.999981701 0.005502605 -0.018219046 0.070095211 -0.005315403 0.997526109 1.815706372
0.997570574 0.004859924 -0.069494061 -0.108493015 -0.004651875 0.999984145 0.003155289 -0.018575788 0.069508292 -0.002824346 0.997577310 1.857858300
0.997429073 0.004641473 -0.071510568 -0.110583253 -0.004385988 0.999983430 0.003729301 -0.019273724 0.071526706 -0.003406068 0.997432888 1.898525476
0.997342408 0.003115693 -0.072790615 -0.113649167 -0.002745747 0.999982774 0.005181842 -0.019879084 0.072805509 -0.004968205 0.997333825 1.939979911
0.997326136 0.003359450 -0.073001899 -0.117601506 -0.002936812 0.999978304 0.005895974 -0.019922268 0.073020123 -0.005665818 0.997314334 1.981962562
0.997268975 0.005577523 -0.073644780 -0.120984703 -0.005413072 0.999982417 0.002432429 -0.020252649 0.073657051 -0.002027142 0.997281551 2.023537636
0.997163594 0.005591433 -0.075056218 -0.123590529 -0.005772719 0.999980986 -0.002198617 -0.020442571 0.075042494 0.002625658 0.997176945 2.065334558
0.997132957 0.006563542 -0.075384259 -0.126627564 -0.006811825 0.999972105 -0.003036899 -0.021237263 0.075362213 0.003541697 0.997149885 2.105081797
0.997110128 0.005587117 -0.075763538 -0.129544303 -0.005576560 0.999984324 0.000350903 -0.021552444 0.075764313 0.000072612 0.997125626 2.146095037
0.997125804 0.003762453 -0.075672545 -0.132957593 -0.003515093 0.999988019 0.003401762 -0.022219848 0.075684443 -0.003125988 0.997126877 2.186395168
0.997079730 0.000885502 -0.076363653 -0.135689497 -0.000586174 0.999992073 0.003942115 -0.022199340 0.076366544 -0.003885840 0.997072160 2.226825476
0.997099161 -0.001719269 -0.076093823 -0.138957709 0.001945216 0.999993920 0.002895301 -0.023067275 0.076088406 -0.003034921 0.997096419 2.266315699
0.997040629 -0.004303275 -0.076755777 -0.141829789 0.004457876 0.999988437 0.001842966 -0.023641758 0.076746963 -0.002179680 0.997048199 2.307041645
0.996953309 -0.005454099 -0.077808969 -0.145059958 0.005675769 0.999980450 0.002628029 -0.023929764 0.077793121 -0.003061648 0.996964872 2.347323895
0.996863365 -0.009649585 -0.078551650 -0.147855490 0.010229992 0.999923289 0.006989812 -0.023970280 0.078478180 -0.007771470 0.996885538 2.384831190
0.996795118 -0.010040057 -0.079363883 -0.150985494 0.011023781 0.999867618 0.011966705 -0.024301466 0.079233252 -0.012803243 0.996773899 2.425096035
0.996781588 -0.009145215 -0.079642557 -0.154401928 0.010331669 0.999841571 0.014497913 -0.024384256 0.079497337 -0.015274093 0.996718109 2.464340210
0.996671081 -0.007943261 -0.081138410 -0.157457858 0.008842293 0.999903321 0.010726918 -0.024891004 0.081045359 -0.011408658 0.996645093 2.502197027
0.996576548 -0.005828072 -0.082467906 -0.160609618 0.006092719 0.999977112 0.002957805 -0.025220256 0.082448781 -0.003450133 0.996589243 2.540654898
0.996544898 -0.005035596 -0.082902998 -0.164572597 0.004888237 0.999986053 -0.001980368 -0.025209401 0.082911827 0.001568277 0.996555626 2.579201698
0.996423364 0.000183347 -0.084500283 -0.167660192 -0.000281699 0.999999344 -0.001152002 -0.025737854 0.084500007 0.001171686 0.996422768 2.617073536
0.996336162 0.002523489 -0.085485511 -0.170801222 -0.002396083 0.999995947 0.001592952 -0.026486391 0.085489169 -0.001382285 0.996338129 2.654160261
0.996185958 0.004405398 -0.087144062 -0.174149960 -0.004139294 0.999986231 0.003234089 -0.027137484 0.087157115 -0.002861039 0.996190429 2.692811728
0.996131718 0.005884430 -0.087676153 -0.178047270 -0.005708184 0.999981225 0.002260772 -0.026941773 0.087687783 -0.001751555 0.996146500 2.727341652
0.996013165 0.008153896 -0.088834412 -0.181766838 -0.007887552 0.999963284 0.003348846 -0.027806541 0.088858463 -0.002634808 0.996040821 2.762863398
0.995842993 0.008603898 -0.090680704 -0.184881940 -0.008252581 0.999956906 0.004248473 -0.028422564 0.090713352 -0.003482461 0.995871007 2.799961090
0.995730102 0.008515567 -0.091917835 -0.188176736 -0.008133902 0.999956667 0.004526060 -0.028766898 0.091952391 -0.003759083 0.995756209 2.831704140
0.995611131 0.008176818 -0.093228973 -0.191770464 -0.007724220 0.999956548 0.005214528 -0.028762370 0.093267575 -0.004471520 0.995630920 2.866772890
0.995500982 0.011241278 -0.094082110 -0.195292696 -0.010492411 0.999909282 0.008450617 -0.029453102 0.094168574 -0.007425449 0.995528460 2.899792671
0.995385110 0.012343016 -0.095164262 -0.199253023 -0.011229840 0.999862254 0.012224141 -0.029511642 0.095302008 -0.011099049 0.995386541 2.932774782
0.995131671 0.015765499 -0.097286344 -0.202078193 -0.014431672 0.999792218 0.014398856 -0.030210521 0.097493112 -0.012924750 0.995152235 2.965404510
0.994935513 0.018394709 -0.098819099 -0.205213279 -0.017473027 0.999795496 0.010184412 -0.030370109 0.098986216 -0.008406163 0.995053351 2.997448206
0.994825721 0.018581346 -0.099883631 -0.208332792 -0.018453602 0.999827385 0.002202799 -0.030163299 0.099907316 -0.000348189 0.994996667 3.027656078
0.994722188 0.017769940 -0.101055548 -0.212253332 -0.018153476 0.999831080 -0.002876815 -0.031233639 0.100987352 0.004696141 0.994876623 3.056302547
0.994644403 0.018723074 -0.101647064 -0.215384349 -0.019259278 0.999805331 -0.004296246 -0.031305302 0.101546824 0.006230886 0.994811237 3.086109400
0.994592965 0.021416031 -0.101618476 -0.219298080 -0.021661008 0.999764621 -0.001307799 -0.031254165 0.101566538 0.003501887 0.994822621 3.114817619
0.994400740 0.021660199 -0.103431039 -0.221877828 -0.021641001 0.999764979 0.001307925 -0.032340344 0.103435032 0.000937750 0.994635820 3.141492128
0.994372845 0.018116836 -0.104376495 -0.224946558 -0.018434903 0.999827921 -0.002083316 -0.032844529 0.104320779 0.003995764 0.994535744 3.168575525
0.994463801 0.010114156 -0.104592152 -0.226934597 -0.010942641 0.999913096 -0.007350246 -0.033182338 0.104508720 0.008454069 0.994488120 3.194901943
0.994597435 0.005805471 -0.103644416 -0.229317665 -0.007134728 0.999896884 -0.012459032 -0.033684067 0.103561394 0.013131196 0.994536400 3.220355511
0.994896591 0.008481778 -0.100542322 -0.231766686 -0.009758999 0.999877691 -0.012218266 -0.034524735 0.100426413 0.013137105 0.994857728 3.243110895
0.995311379 0.013269653 -0.095806874 -0.235134885 -0.014188481 0.999859571 -0.008915518 -0.035221480 0.095675126 0.010233073 0.995359957 3.267288446
0.995667160 0.012258619 -0.092176445 -0.236289918 -0.012854548 0.999900162 -0.005874135 -0.035790555 0.092095234 0.007033572 0.995725334 3.291427612
0.996231675 0.008299131 -0.086332932 -0.237955585 -0.008485442 0.999962330 -0.001791312 -0.036180258 0.086314820 0.002517135 0.996264815 3.313027859
0.996922076 0.003654245 -0.078313507 -0.239017636 -0.003532131 0.999992311 0.001697778 -0.036859475 0.078319117 -0.001415939 0.996927321 3.335688829
0.997727931 0.007227483 -0.066982150 -0.240813628 -0.007159841 0.999973595 0.001249862 -0.037027061 0.066989422 -0.000767441 0.997753382 3.357666492
0.998543501 0.012961183 -0.052372307 -0.241910547 -0.012922217 0.999915957 0.001082564 -0.037528343 0.052381929 -0.000404221 0.998627067 3.378056049
0.999261558 0.018134091 -0.033877172 -0.242761806 -0.018104458 0.999835372 0.001181366 -0.037633978 0.033893012 -0.000567166 0.999425352 3.399022341
0.999801815 0.016297037 -0.011435490 -0.242534727 -0.016275704 0.999865651 0.001956110 -0.037995648 0.011465829 -0.001769601 0.999932647 3.419450998
0.999816656 0.012964293 0.014094014 -0.240990549 -0.013005321 0.999911487 0.002823233 -0.038291551 -0.014056158 -0.003006011 0.999896705 3.438006401
0.998977602 0.012202410 0.043530427 -0.238841251 -0.012389679 0.999915063 0.004034754 -0.038419984 -0.043477491 -0.004569955 0.999044061 3.457705975
0.996924400 0.011568736 0.077511981 -0.237262785 -0.012058635 0.999910176 0.005855207 -0.038979702 -0.077437267 -0.006771886 0.996974289 3.476448536
0.993453622 0.011498142 0.113656268 -0.233929366 -0.012300579 0.999904096 0.006361421 -0.039294198 -0.113572203 -0.007717813 0.993499875 3.493054390
0.987687111 0.011762543 0.155999169 -0.230461955 -0.012850220 0.999899685 0.005965635 -0.039370853 -0.155913338 -0.007896804 0.987739146 3.511164188
0.979548395 0.010993101 0.200908065 -0.225363016 -0.012402210 0.999906540 0.005756327 -0.039611418 -0.200825989 -0.008130305 0.979593158 3.529014111
0.968297124 0.013462317 0.249438226 -0.220119596 -0.014827854 0.999883711 0.003596152 -0.039942935 -0.249360815 -0.007180778 0.968383968 3.544396400
0.953057170 0.014876210 0.302424520 -0.213559389 -0.015898123 0.999873161 0.000917575 -0.040400662 -0.302372575 -0.005682484 0.953172803 3.560549021
0.933374941 0.015085960 0.358585596 -0.206394672 -0.015643433 0.999876738 -0.001346715 -0.040714853 -0.358561695 -0.004352519 0.933495879 3.576125383
0.909533501 0.015328951 0.415347755 -0.198222637 -0.015373987 0.999876559 -0.003235603 -0.041010987 -0.415346116 -0.003442662 0.909656882 3.590001583
0.880865753 0.015117899 0.473124713 -0.189033508 -0.014613695 0.999881983 -0.004741684 -0.041643202 -0.473140538 -0.002737314 0.880982637 3.603750229
0.847035527 0.013488612 0.531365156 -0.179186821 -0.011425734 0.999908984 -0.007169049 -0.041917995 -0.531413555 0.000001203 0.847112417 3.617336750
0.810983360 0.013755412 0.584907532 -0.168327689 -0.010825559 0.999905169 -0.008505210 -0.042253286 -0.584969103 0.000565633 0.811055303 3.628647566
0.770811379 0.012266226 0.636945367 -0.156766534 -0.009802053 0.999924600 -0.007394304 -0.042875923 -0.636988044 -0.000543758 0.770873368 3.640566826
0.727664828 0.012696848 0.685815334 -0.144681215 -0.012455542 0.999908388 -0.005296214 -0.043251339 -0.685819685 -0.004688335 0.727756262 3.651638031
0.683929384 0.011018570 0.729465008 -0.131723642 -0.010041591 0.999933362 -0.005689234 -0.043259434 -0.729479074 -0.003433953 0.683994412 3.660312176
0.638134480 0.010446043 0.769854069 -0.117816925 -0.006474402 0.999945462 -0.008201469 -0.043214500 -0.769897640 0.000249296 0.638167202 3.668970108
0.590809047 0.007260125 0.806778669 -0.103641033 -0.000606952 0.999963224 -0.008554098 -0.043847539 -0.806811094 0.004564163 0.590791643 3.677375078
0.544268548 0.009029327 0.838862479 -0.090111375 -0.002683449 0.999955654 -0.009022230 -0.044524215 -0.838906765 0.002659473 0.544268727 3.684056997
0.497150868 0.011433026 0.867588818 -0.075432777 -0.006760807 0.999933898 -0.009302943 -0.045286149 -0.867637753 -0.001240633 0.497195393 3.691105127
0.452288002 0.014156920 0.891759574 -0.060260653 -0.007088949 0.999899507 -0.012278251 -0.045371313 -0.891843855 -0.000768332 0.452342868 3.696984529
0.408621669 0.011266378 0.912634313 -0.045895219 -0.000426383 0.999926090 -0.012153074 -0.046091259 -0.912703753 0.004576879 0.408596247 3.702458858
0.368743032 0.004153607 0.929522038 -0.030172348 0.014879779 0.999835551 -0.010370641 -0.046056263 -0.929412246 0.017655186 0.368620664 3.706662178
0.332773566 -0.000740995 0.943006396 -0.014136910 0.017834183 0.999825835 -0.005507787 -0.047156695 -0.942838073 0.018650595 0.332728833 3.711051941
0.300697058 0.004100993 0.953710914 0.001311064 0.016065378 0.999827027 -0.009364574 -0.046828378 -0.953584373 0.018137623 0.300579220 3.714567184
0.268636197 0.011525061 0.963172853 0.017647743 0.005325188 0.999895275 -0.013449710 -0.047498129 -0.963226974 0.008742150 0.268546700 3.719660997
0.241042987 0.016308101 0.970377326 0.034664869 0.000308089 0.999857426 -0.016880071 -0.048129767 -0.970514476 0.004367784 0.241003603 3.723083258
0.214903802 0.017703298 0.976474702 0.051849067 0.001188569 0.999830246 -0.018388310 -0.048948959 -0.976634502 0.005112324 0.214846253 3.726290226
0.192234829 0.019476237 0.981155694 0.070071518 0.008957889 0.999726534 -0.021599971 -0.049179718 -0.981308043 0.012941349 0.192007795 3.728229046
0.171759620 0.026304815 0.984787643 0.088385046 0.016328815 0.999430180 -0.029543888 -0.048899397 -0.985003531 0.021154858 0.171232179 3.730388165
0.152593553 0.032519937 0.987753808 0.107169867 0.018135097 0.999198079 -0.035698317 -0.049230218 -0.988122642 0.023360344 0.151881382 3.732449055
0.134247243 0.033831213 0.990370214 0.127165288 0.016422566 0.999203861 -0.036359090 -0.049619965 -0.990811884 0.021145526 0.133584738 3.735439062
0.119594485 0.028929589 0.992401183 0.147766203 0.013831610 0.999429762 -0.030801332 -0.050877228 -0.992726445 0.017410172 0.119126149 3.737269640
0.105487883 0.025486682 0.994093955 0.168690592 0.014446606 0.999526739 -0.027158966 -0.051850967 -0.994315624 0.017226225 0.105069764 3.738927364
0.091831990 0.023262113 0.995502710 0.190563828 0.016453704 0.999555171 -0.024874607 -0.052577760 -0.995638549 0.018663989 0.091408379 3.740646362
0.079955302 0.021939214 0.996556938 0.213090420 0.020808564 0.999503195 -0.023673579 -0.053495694 -0.996581197 0.022629747 0.079459034 3.742112160
0.070057787 0.023011511 0.997277439 0.236114472 0.023804538 0.999410629 -0.024732983 -0.053930823 -0.997258842 0.025472471 0.069468737 3.743209124
0.062769637 0.023884654 0.997742057 0.260465026 0.025227992 0.999356091 -0.025510430 -0.054488171 -0.997709155 0.026772311 0.062126666 3.744125843
0.056865066 0.023992864 0.998093605 0.284474611 0.027175302 0.999303579 -0.025570231 -0.055362552 -0.998011887 0.028577546 0.056173444 3.745515823
0.051207699 0.024855027 0.998378754 0.310806453 0.028305098 0.999252498 -0.026328575 -0.056253392 -0.998286843 0.029607430 0.050465889 3.746755123
0.045177843 0.025663849 0.998649180 0.336001575 0.028796423 0.999221087 -0.026981264 -0.056864005 -0.998563707 0.029976483 0.044403631 3.747688532
0.040857837 0.025505390 0.998839378 0.363054097 0.031270668 0.999151826 -0.026792508 -0.057666987 -0.998675346 0.032329056 0.040025622 3.748675108
0.038057603 0.025603963 0.998947442 0.390779257 0.033325158 0.999083102 -0.026877055 -0.058645409 -0.998719692 0.034312956 0.037169449 3.749330044
0.034241620 0.025440004 0.999089718 0.418219954 0.033968922 0.999068856 -0.026603676 -0.059449840 -0.998836100 0.034848958 0.033345561 3.750991821
0.032536570 0.024484621 0.999170601 0.448604286 0.035756703 0.999031365 -0.025645580 -0.060508996 -0.998830676 0.036561467 0.031629570 3.751008511
0.032005318 0.024007700 0.999199331 0.478626400 0.040578749 0.998855948 -0.025299229 -0.061473165 -0.998663604 0.041355968 0.030994501 3.751744986
0.033119157 0.023803994 0.999168038 0.510316849 0.043924868 0.998715699 -0.025249196 -0.062416475 -0.998485684 0.044724558 0.032031041 3.752324104
0.035563488 0.024065565 0.999077678 0.541761160 0.045597967 0.998629808 -0.025677899 -0.063270740 -0.998326600 0.046469104 0.034417424 3.753585815
0.039055396 0.023744052 0.998954892 0.574157357 0.047717065 0.998532772 -0.025599578 -0.064384654 -0.998097003 0.048666995 0.037865102 3.755086422
0.043714192 0.023124333 0.998776436 0.607580066 0.048337217 0.998512268 -0.025233829 -0.065408453 -0.997874022 0.049381141 0.042531393 3.756190300
0.047378298 0.021697462 0.998641312 0.641183972 0.049673200 0.998475909 -0.024050497 -0.066233747 -0.997641206 0.050745182 0.046228308 3.758210897
0.051289205 0.020378066 0.998475969 0.675685763 0.049438406 0.998514175 -0.022918375 -0.067201689 -0.997459412 0.050538521 0.050205544 3.760365248
0.055659909 0.017659541 0.998293638 0.711268961 0.046480484 0.998713732 -0.020258496 -0.068654411 -0.997367263 0.047528759 0.054767501 3.761950493
0.059534114 0.016618036 0.998088062 0.747009397 0.045530040 0.998775661 -0.019345270 -0.069607772 -0.997187436 0.046594687 0.058704607 3.764592409
0.063695945 0.017112264 0.997822642 0.782719731 0.042869501 0.998883128 -0.019867023 -0.071020946 -0.997048140 0.044041604 0.062891215 3.766587019
0.066546157 0.021358736 0.997554779 0.819528818 0.040605482 0.998884618 -0.024095975 -0.072052822 -0.996956766 0.042109679 0.065604649 3.770073891
0.067764394 0.026581610 0.997347295 0.856041789 0.035390388 0.998951852 -0.029028963 -0.073320135 -0.997073531 0.037263632 0.066752642 3.773458958
0.068171345 0.029585622 0.997234881 0.892086148 0.032357700 0.998968780 -0.031849049 -0.074709311 -0.997148812 0.034439418 0.067143716 3.775177240
0.068140723 0.029478131 0.997240126 0.929991245 0.030056357 0.999049067 -0.031585332 -0.076054193 -0.997222841 0.032125652 0.067189917 3.778462887
0.067937106 0.027523249 0.997309923 0.966546535 0.027134778 0.999198675 -0.029423811 -0.077668935 -0.997320473 0.029060746 0.067135826 3.781446934
0.067897968 0.026271340 0.997346342 1.002730131 0.027447224 0.999225795 -0.028189413 -0.079386815 -0.997314572 0.029288387 0.067124315 3.783215523
0.068076082 0.025339101 0.997358263 1.040694237 0.025415277 0.999309003 -0.027123420 -0.081085876 -0.997356296 0.027194595 0.067385040 3.787117481
0.069034889 0.025705077 0.997282922 1.077100039 0.024125049 0.999332666 -0.027427908 -0.082443863 -0.997322500 0.025952987 0.068368666 3.789031744
0.069250092 0.026078496 0.997258425 1.112871885 0.021377834 0.999389946 -0.027618727 -0.084140763 -0.997370243 0.023231827 0.068650335 3.791121006
0.067068078 0.027870622 0.997359097 1.150662184 0.018407421 0.999405026 -0.029165611 -0.085211024 -0.997578681 0.020314891 0.066515140 3.795690298
0.063882180 0.027697582 0.997573018 1.186632514 0.015026004 0.999474585 -0.028712610 -0.086487390 -0.997844338 0.016823757 0.063432425 3.798350334
0.060828734 0.025987064 0.997809887 1.221359849 0.012430929 0.999563813 -0.026790559 -0.088433035 -0.998070836 0.014033340 0.060479138 3.799381495
0.055184342 0.023998944 0.998187721 1.259742022 0.010793392 0.999638319 -0.024630532 -0.089470327 -0.998417795 0.012133052 0.054905355 3.803457022
0.049075074 0.022088101 0.998550832 1.296458840 0.008645498 0.999708593 -0.022538600 -0.090960518 -0.998757660 0.009739053 0.048869811 3.804864407
0.041996159 0.022254825 0.998869896 1.333442688 0.007834077 0.999713719 -0.022603005 -0.092161082 -0.999087095 0.008774462 0.041809797 3.806674957
0.033110507 0.023084247 0.999185085 1.368101954 0.006616923 0.999706268 -0.023315556 -0.093854263 -0.999429822 0.007383521 0.032948032 3.807672739
0.022959379 0.023948181 0.999449551 1.403856993 0.008118413 0.999675572 -0.024140097 -0.094870567 -0.999703407 0.008668185 0.022757510 3.808540106
0.012234404 0.022208393 0.999678552 1.439871907 0.009201107 0.999708533 -0.022321660 -0.096578300 -0.999882758 0.009471243 0.012026493 3.809341908
0.001678351 0.021713695 0.999762833 1.474799991 0.007763533 0.999733806 -0.021726096 -0.097691037 -0.999968469 0.007798154 0.001509329 3.808668375
-0.009395957 0.021250892 0.999730051 1.509981990 0.010470412 0.999721408 -0.021152310 -0.098743841 -0.999900997 0.010268839 -0.009615844 3.809132814
-0.020817077 0.021766895 0.999546349 1.545141697 0.009899870 0.999718428 -0.021564463 -0.099809051 -0.999734342 0.009446468 -0.021026704 3.808999062
-0.031504456 0.021626554 0.999269664 1.580366611 0.009859255 0.999723971 -0.021325553 -0.101582140 -0.999454856 0.009180204 -0.031708978 3.807376385
-0.041966841 0.023454724 0.998843610 1.614483595 0.010667927 0.999677956 -0.023026096 -0.102006137 -0.999062181 0.009689257 -0.042203534 3.805738926
-0.052971553 0.024293579 0.998300433 1.649042726 0.010912924 0.999658406 -0.023747571 -0.103836566 -0.998536348 0.009636430 -0.053218581 3.804348230
-0.062174864 0.025310846 0.997744262 1.683916688 0.012064428 0.999624550 -0.024606740 -0.104732275 -0.997992337 0.010507293 -0.062456869 3.801961184
-0.071545519 0.025554817 0.997109950 1.717522144 0.012789167 0.999613047 -0.024701310 -0.106124349 -0.997355282 0.010984936 -0.071844652 3.799643278
-0.081393301 0.026468689 0.996330559 1.749925971 0.014054158 0.999578416 -0.025406845 -0.106563173 -0.996582985 0.011934640 -0.081730977 3.797178984
-0.089956157 0.025630420 0.995615900 1.783339620 0.015172209 0.999588072 -0.024361834 -0.108374633 -0.995830238 0.012914195 -0.090307951 3.794430494
-0.097222626 0.024181556 0.994968832 1.816887379 0.017307509 0.999594688 -0.022602793 -0.109972805 -0.995112181 0.015022929 -0.097601727 3.790435314
-0.102425463 0.023351070 0.994466603 1.847350240 0.019790074 0.999574423 -0.021432718 -0.110247537 -0.994543850 0.017485313 -0.102843970 3.787468910
-0.105779916 0.021850450 0.994149506 1.878655434 0.023165714 0.999541402 -0.019504070 -0.111532182 -0.994119585 0.020967048 -0.106237590 3.783956528
-0.108878046 0.020640817 0.993840814 1.910230517 0.024662232 0.999532819 -0.018057209 -0.112598553 -0.993749082 0.022544296 -0.109336205 3.780699253
-0.111030191 0.019683326 0.993622065 1.940182686 0.024406418 0.999556422 -0.017073635 -0.113589346 -0.993517220 0.022355074 -0.111461349 3.777670860
-0.111671284 0.020198606 0.993539870 1.970184565 0.024969190 0.999534726 -0.017514007 -0.114661902 -0.993431389 0.022852074 -0.112123698 3.774518490
-0.111018404 0.020967770 0.993597150 1.999074697 0.025573835 0.999506652 -0.018235015 -0.115803950 -0.993489206 0.023385670 -0.111499861 3.771398067
-0.107857794 0.022963922 0.993901134 2.027200937 0.027573954 0.999417782 -0.020099068 -0.116570905 -0.993783832 0.025237940 -0.108428217 3.768049479
-0.102822728 0.023025690 0.994433224 2.054577589 0.026509285 0.999440372 -0.020400615 -0.117914811 -0.994346380 0.024264064 -0.103375591 3.765454292
-0.095053717 0.023653174 0.995191157 2.080234766 0.025640130 0.999444187 -0.021305291 -0.119133808 -0.995141923 0.023491681 -0.095607355 3.763297558
-0.083343588 0.024722176 0.996214151 2.106280088 0.026371719 0.999396801 -0.022594893 -0.119137660 -0.996171772 0.024388740 -0.083945282 3.761471510
-0.069391005 0.024836060 0.997280300 2.131062269 0.025793275 0.999400496 -0.023094160 -0.120428056 -0.997255921 0.024120599 -0.069990017 3.760071516
-0.052491933 0.025378820 0.998298824 2.153824568 0.022696899 0.999449134 -0.024214625 -0.122542396 -0.998363376 0.021387218 -0.053039026 3.759655476
-0.031073794 0.029086398 0.999093711 2.177134991 0.023834603 0.999313712 -0.028351501 -0.121948712 -0.999232888 0.022932013 -0.031745736 3.759282351
-0.006349474 0.031961445 0.999468803 2.199942112 0.021513244 0.999262035 -0.031818159 -0.123110294 -0.999748409 0.021299791 -0.007032387 3.759882212
0.022233240 0.034145284 0.999169528 2.222604275 0.019639423 0.999208748 -0.034583636 -0.123942263 -0.999559939 0.020392021 0.021545060 3.760803938
0.054963876 0.033132311 0.997938514 2.245749474 0.016852396 0.999276161 -0.034104921 -0.125327215 -0.998346150 0.018692197 0.054365721 3.763393879
0.093468010 0.030471267 0.995155871 2.267217398 0.016278481 0.999351263 -0.032128651 -0.126372308 -0.995489180 0.019202633 0.092911333 3.765954256
0.136175811 0.027421178 0.990305007 2.289215088 0.014333112 0.999457657 -0.029645538 -0.127246827 -0.990580976 0.018231159 0.135708958 3.769233704
0.181308538 0.022726038 0.983163655 2.310767174 0.010742228 0.999627471 -0.025087614 -0.128229260 -0.983367503 0.015109967 0.180996895 3.774652481
0.229464039 0.019493923 0.973121941 2.332267284 0.006165863 0.999750257 -0.021481270 -0.129149526 -0.973297656 0.010929316 0.229286522 3.781172037
0.281256288 0.017552599 0.959472179 2.352979422 0.001975432 0.999819934 -0.018869793 -0.130369157 -0.959630609 0.007202620 0.281170964 3.788130045
0.335888147 0.017254276 0.941743851 2.372012138 0.000725259 0.999827087 -0.018577136 -0.130913824 -0.941901565 0.006922847 0.335817605 3.796334267
0.393945068 0.018136926 0.918955088 2.391011715 0.002927852 0.999775469 -0.020987172 -0.131430537 -0.919129312 0.010958359 0.393803567 3.805919170
0.453432411 0.021295486 0.891036212 2.408823013 0.002457852 0.999680817 -0.025142817 -0.132488742 -0.891287208 0.013590602 0.453235328 3.816340446
0.511395156 0.022268403 0.859057009 2.425714493 0.003967568 0.999592304 -0.028273232 -0.134542421 -0.859336436 0.017867163 0.511098266 3.829162598
0.570159316 0.028545182 0.821038008 2.441568375 -0.000895985 0.999417126 -0.034124710 -0.134167239 -0.821533620 0.018720884 0.569852531 3.841512203
0.625264049 0.033042684 0.779713392 2.455851316 -0.005604850 0.999267578 -0.037852339 -0.134147406 -0.780393004 0.019297525 0.624991357 3.855978966
0.677359521 0.032189168 0.734947503 2.469844818 -0.006452953 0.999263823 -0.037818335 -0.135549262 -0.735623777 0.020874033 0.677068591 3.871276617
0.727511406 0.027516285 0.685543418 2.484117985 -0.004720063 0.999372542 -0.035103705 -0.137283832 -0.686079204 0.022302547 0.727184892 3.887170792
0.771791101 0.025478238 0.635365605 2.494649649 -0.008539274 0.999522090 -0.029708138 -0.137691349 -0.635818839 0.017502913 0.771639764 3.903726101
0.812671602 0.021165770 0.582337379 2.505425215 -0.009920148 0.999697745 -0.022491345 -0.138492584 -0.582637370 0.012501203 0.812635899 3.922156572
0.849552810 0.019012436 0.527160943 2.515938282 -0.012192627 0.999790967 -0.016408999 -0.138699561 -0.527362704 0.007512830 0.849606991 3.941846848
0.880268037 0.014187477 0.474264503 2.522971153 -0.011473822 0.999897063 -0.008615394 -0.139402792 -0.474337876 0.002142232 0.880340219 3.959141254
0.905431509 0.014760637 0.424235731 2.530298233 -0.014666637 0.999886274 -0.003487031 -0.139670879 -0.424238980 -0.003064843 0.905545056 3.979652882
0.925723135 0.016714877 0.377832443 2.536063194 -0.018266870 0.999833047 0.000523986 -0.140325770 -0.377760589 -0.007386882 0.925873816 3.997356653
0.940538168 0.023450699 0.338877827 2.541466951 -0.025826871 0.999663293 0.002503417 -0.140420198 -0.338705003 -0.011106711 0.940827012 4.018806458
0.952226222 0.027258968 0.304174662 2.546644211 -0.029015657 0.999578238 0.001255855 -0.140150577 -0.304012120 -0.010021684 0.952615380 4.040539265
0.961420774 0.030456360 0.273390919 2.552093506 -0.031892058 0.999490976 0.000807739 -0.140002757 -0.273227185 -0.009495576 0.961902618 4.063450336
0.967542171 0.025253259 0.251444995 2.557496309 -0.026086144 0.999659717 -0.000020753 -0.139795721 -0.251359880 -0.006539152 0.967871606 4.086589336
0.971766889 0.020269930 0.235070869 2.560559034 -0.021649640 0.999760270 0.003289762 -0.141084135 -0.234947816 -0.008286080 0.971972644 4.099886894
0.974391103 0.025032965 0.223462433 2.564638138 -0.026270172 0.999651670 0.002564961 -0.140876800 -0.223320350 -0.008369668 0.974709272 4.123954773
0.976306975 0.029473880 0.214373291 2.569008589 -0.030735873 0.999524415 0.002555301 -0.140492275 -0.214195982 -0.009083709 0.976748466 4.148839474
0.977239907 0.037681516 0.208763823 2.573446751 -0.038701110 0.999250650 0.000799891 -0.140228733 -0.208577201 -0.008861077 0.977965832 4.173651695
0.977601230 0.042389940 0.206153110 2.578109741 -0.042741582 0.999082506 -0.002749529 -0.140326664 -0.206080496 -0.006123367 0.978515863 4.199216366
0.978109717 0.044128016 0.203357026 2.581542253 -0.044164602 0.999014735 -0.004360341 -0.141192541 -0.203349099 -0.004716290 0.979094923 4.214395046
0.977483928 0.042932954 0.206596226 2.586924314 -0.042228457 0.999077320 -0.007820616 -0.141803011 -0.206741363 -0.001079712 0.978395045 4.240384579
0.976556480 0.041689571 0.211185858 2.592391729 -0.039527521 0.999114037 -0.014450645 -0.141943008 -0.211601168 0.005764216 0.977339089 4.267814159
0.975395441 0.042596024 0.216308430 2.597712040 -0.039412037 0.999042153 -0.019014046 -0.142527208 -0.216911152 0.010021057 0.976139963 4.295294762
0.974777937 0.046660762 0.218244329 2.602896452 -0.043674558 0.998874664 -0.018489627 -0.142821759 -0.218861476 0.008491556 0.975718975 4.313060760
0.973254025 0.050563969 0.224097803 2.609134674 -0.048500605 0.998714924 -0.014705975 -0.143216729 -0.224553406 0.003443770 0.974455655 4.341678619
0.972399533 0.046814900 0.228577375 2.614896297 -0.045791935 0.998903096 -0.009780005 -0.143998742 -0.228784457 -0.000956930 0.973476589 4.365869999
0.971482337 0.043239791 0.233136177 2.622043371 -0.043504316 0.999045134 -0.004009789 -0.144654363 -0.233086899 -0.006246991 0.972435832 4.396471500
0.970549703 0.040382870 0.237492368 2.629132748 -0.041703738 0.999129832 0.000538184 -0.145057455 -0.237263978 -0.010426652 0.971389234 4.427669048
0.970357478 0.035402339 0.239066899 2.635502100 -0.036659680 0.999327540 0.000813390 -0.145071700 -0.238877311 -0.009553393 0.971002698 4.448641777
0.970275342 0.032113105 0.239863038 2.643408537 -0.032550413 0.999467850 -0.002139301 -0.145502537 -0.239804104 -0.005731932 0.970804334 4.480484486
0.970529616 0.031031426 0.238975152 2.651314259 -0.029662339 0.999516606 -0.009324141 -0.145815104 -0.239148974 0.001960792 0.970980823 4.511466026
0.970659375 0.034008939 0.238041490 2.656836271 -0.031178534 0.999391317 -0.015646467 -0.146327317 -0.238428712 0.007765610 0.971128941 4.534238338
0.971111000 0.037444394 0.235672280 2.664401054 -0.033724070 0.999234974 -0.019798433 -0.146440580 -0.236233324 0.011278648 0.971630871 4.567487717
0.971828699 0.035414644 0.233012274 2.671192646 -0.032759573 0.999346972 -0.015255913 -0.147034377 -0.233400345 0.007192755 0.972354054 4.594772816
0.972303212 0.031295825 0.231618196 2.679325819 -0.030291222 0.999509990 -0.007893321 -0.147656143 -0.231751695 0.000658705 0.972774684 4.629359722
0.972834527 0.031922359 0.229290202 2.685851574 -0.032365989 0.999474466 -0.001826609 -0.148377627 -0.229227975 -0.005644218 0.973356366 4.657784462
0.973170280 0.035494391 0.227332219 2.693840027 -0.035867475 0.999353528 -0.002490998 -0.148757949 -0.227273658 -0.005729669 0.973814070 4.693155289
0.973414838 0.040819939 0.225382462 2.699709415 -0.040243421 0.999164283 -0.007153525 -0.149168551 -0.225486085 -0.002106816 0.974244058 4.721857071
0.974292517 0.041673623 0.221398637 2.707867146 -0.039883438 0.999125421 -0.012552211 -0.149479628 -0.221728101 0.003399386 0.975102603 4.758251190
0.975165546 0.040743444 0.217697293 2.714023590 -0.038322680 0.999147773 -0.015332217 -0.150087029 -0.218136460 0.006608708 0.975895822 4.787925720
0.976129234 0.038291518 0.213788033 2.722212076 -0.036231879 0.999251604 -0.013545554 -0.150916010 -0.214146703 0.005476272 0.976786137 4.825297356
0.977048159 0.034516614 0.210203364 2.730684280 -0.032734539 0.999392569 -0.011952402 -0.151367441 -0.210488230 0.004797163 0.977584660 4.863260746
0.977401316 0.033545315 0.208713710 2.736054897 -0.032411594 0.999435425 -0.008850659 -0.152297378 -0.208892763 0.001885903 0.977936625 4.890395641
0.977779806 0.029956732 0.207482994 2.744343042 -0.029181691 0.999551058 -0.006795835 -0.152754039 -0.207593411 0.000590128 0.978214979 4.929334164
0.978061795 0.025129575 0.206793636 2.752852440 -0.024429221 0.999683917 -0.005939977 -0.152849555 -0.206877545 0.000757858 0.978366435 4.968092918
0.978156984 0.025823353 0.206256896 2.758584976 -0.025613939 0.999665082 -0.003685938 -0.153878927 -0.206283033 -0.001677625 0.978490889 4.995944500
0.977955937 0.031314887 0.206449911 2.766617775 -0.030798241 0.999509275 -0.005716640 -0.154237404 -0.206527635 -0.000767672 0.978440464 5.035220146
0.977617443 0.036943290 0.207121342 2.774419308 -0.035895206 0.999316752 -0.008817341 -0.155059978 -0.207305536 0.001185323 0.978275537 5.075106621
0.977047145 0.045698188 0.208063811 2.779823542 -0.044488616 0.998954833 -0.010491767 -0.155592024 -0.208325803 0.000994477 0.978058994 5.103117943
0.976023376 0.051752120 0.211423680 2.787454128 -0.050787713 0.998659492 -0.009992969 -0.156281218 -0.211657450 -0.000984356 0.977343380 5.143568039
0.975291431 0.054319978 0.214139879 2.796195745 -0.053858921 0.998516679 -0.007991301 -0.157275617 -0.214256302 -0.003739497 0.976770341 5.184249401
0.974718153 0.055128586 0.216530398 2.802422762 -0.054471031 0.998474836 -0.009008376 -0.157629490 -0.216696709 -0.003014010 0.976234257 5.212839127
0.974345386 0.053797726 0.218534067 2.811267138 -0.052454881 0.998551846 -0.011946203 -0.158385724 -0.218860254 0.000176546 0.975756228 5.253418446
0.974423170 0.047603708 0.219621837 2.821168900 -0.046498213 0.998866260 -0.010203060 -0.159628257 -0.219858557 -0.000269928 0.975531638 5.294229031
0.974638700 0.040752240 0.220042512 2.830408335 -0.039120354 0.999165177 -0.011770475 -0.160421491 -0.220338523 0.002863819 0.975419164 5.334743977
0.974455893 0.039851692 0.221014455 2.835704565 -0.038174268 0.999200761 -0.011857568 -0.160970747 -0.221310318 0.003117615 0.975198448 5.358059406
0.973952353 0.042680301 0.222699583 2.844781876 -0.041630048 0.999088764 -0.009410565 -0.161495715 -0.222898290 -0.000105549 0.974841654 5.399225235
0.973571062 0.044680368 0.223971128 2.853572845 -0.044970535 0.998981118 -0.003807789 -0.161990643 -0.223913014 -0.006364945 0.974588394 5.439411163
0.973212659 0.047738861 0.224895388 2.862357378 -0.049148973 0.998791218 0.000672523 -0.163355693 -0.224591434 -0.011707882 0.974382699 5.479734421
0.972959042 0.047339968 0.226075023 2.867738247 -0.047295421 0.998865128 -0.005616523 -0.163898736 -0.226084366 -0.005227666 0.974093676 5.503822327
0.973311722 0.042888362 0.225443467 2.877478600 -0.039379161 0.999023318 -0.020041693 -0.164739251 -0.226082847 0.010629039 0.974050045 5.542864799
0.973551393 0.041186936 0.224725172 2.886995554 -0.035552088 0.998944998 -0.029065335 -0.165875882 -0.225685179 0.020307148 0.973988652 5.582641602
0.973713815 0.038257614 0.224539325 2.895791054 -0.034716588 0.999203026 -0.019698597 -0.167016938 -0.225114003 0.011385558 0.974265873 5.623683929
0.974216759 0.031756911 0.223367915 2.901278019 -0.032813169 0.999460936 0.001017810 -0.167403921 -0.223215178 -0.008320977 0.974733710 5.646855831
0.974401355 0.028659252 0.222981095 2.910181761 -0.033168890 0.999313474 0.016504681 -0.168678552 -0.222355023 -0.023478216 0.974683106 5.687309265
0.974359512 0.033394385 0.222504899 2.918569088 -0.036661234 0.999271810 0.010566734 -0.168943256 -0.221990049 -0.018453103 0.974874318 5.727464199
