0.999964118 -0.001570861 -0.008321248 0.000143791 0.001541295 0.999992490 -0.003558162 -0.000490232 0.008326774 0.003545209 0.999959111 0.061161458
0.999925494 -0.001519620 -0.012106823 -0.000544677 0.001459318 0.999986410 -0.004988090 -0.000681050 0.012114240 0.004970051 0.999914289 0.092712969
0.999851286 -0.000167931 -0.017240642 -0.001166999 0.000067949 0.999983132 -0.005799672 -0.000753216 0.017241323 0.005797639 0.999834538 0.125246033
0.999777615 -0.000964177 -0.021067211 -0.002415273 0.000835682 0.999981046 -0.006107240 -0.001041200 0.021072702 0.006088275 0.999759436 0.158594891
0.999666572 0.000696833 -0.025812224 -0.003268859 -0.000870956 0.999976873 -0.006735126 -0.001932134 0.025806934 0.006755362 0.999644160 0.192142069
0.999504268 0.003465099 -0.031293657 -0.004473648 -0.003701751 0.999964952 -0.007507547 -0.002201068 0.031266548 0.007619665 0.999482036 0.225945711
0.999360442 0.003805326 -0.035556495 -0.006021373 -0.004026338 0.999973059 -0.006146212 -0.002268157 0.035532139 0.006285444 0.999348819 0.260445476
0.999209285 0.002961084 -0.039648000 -0.007710919 -0.003082885 0.999990821 -0.003011280 -0.002819762 0.039638706 0.003131130 0.999209225 0.295323759
0.999064207 0.002683904 -0.043169685 -0.009657260 -0.002711070 0.999996185 -0.000570738 -0.003085206 0.043167993 0.000687240 0.999067605 0.330524951
0.998958409 0.004176398 -0.045438059 -0.011936845 -0.004233037 0.999990404 -0.001150350 -0.003558316 0.045432810 0.001341493 0.998966575 0.366117746
0.998876393 0.003427813 -0.047265638 -0.014173770 -0.003487322 0.999993205 -0.001176625 -0.003991530 0.047261290 0.001340133 0.998881698 0.400920570
0.998804092 0.000819690 -0.048882626 -0.015919494 -0.000886348 0.999998689 -0.001341984 -0.004474078 0.048881464 0.001383706 0.998803675 0.437290251
0.998760760 0.000294006 -0.049768653 -0.018844962 -0.000324047 0.999999821 -0.000595548 -0.004728328 0.049768455 0.000610937 0.998760581 0.471589774
0.998712301 -0.001314614 -0.050716709 -0.021134196 0.001259553 0.999998629 -0.001117596 -0.004927588 0.050718110 0.001052276 0.998712420 0.508467972
0.998570919 0.000971552 -0.053432845 -0.022730382 -0.001139304 0.999994397 -0.003109120 -0.005518877 0.053429537 0.003165553 0.998566568 0.547619462
0.998500526 0.000963578 -0.054731924 -0.025051378 -0.001250000 0.999985576 -0.005199188 -0.006184833 0.054726128 0.005259809 0.998487532 0.585081518
0.998397708 0.005387355 -0.056329038 -0.027733847 -0.005817456 0.999955177 -0.007474321 -0.006462933 0.056286238 0.007790037 0.998384297 0.623976350
0.998295486 0.005871633 -0.058065102 -0.029631762 -0.006283215 0.999956489 -0.006908239 -0.006971044 0.058022007 0.007261300 0.998288870 0.662787139
0.998252153 0.005118630 -0.058877937 -0.032520961 -0.005449547 0.999970198 -0.005461166 -0.007677339 0.058848236 0.005772478 0.998250246 0.702116966
0.998169482 0.005706943 -0.060207911 -0.035337832 -0.005933766 0.999975920 -0.003589211 -0.008230917 0.060185973 0.003939901 0.998179376 0.741337597
0.998130262 0.005596806 -0.060867500 -0.037893772 -0.005840137 0.999975622 -0.003820539 -0.008814860 0.060844649 0.004168869 0.998138547 0.780884087
0.998001635 0.005212672 -0.062972188 -0.040070336 -0.005509241 0.999974430 -0.004536794 -0.009271784 0.062946945 0.004874657 0.998005033 0.820359886
0.997969091 0.003847531 -0.063583739 -0.042850345 -0.004199011 0.999976635 -0.005395121 -0.009757869 0.063561507 0.005651154 0.997961879 0.859908164
0.997929871 0.003586289 -0.064211473 -0.045427855 -0.003795443 0.999987900 -0.003135580 -0.010437497 0.064199455 0.003372800 0.997931361 0.899818063
0.997915685 0.004952942 -0.064340092 -0.048026700 -0.004994267 0.999987423 -0.000481470 -0.010664841 0.064336903 0.000801798 0.997927904 0.940238774
0.997946918 0.005445610 -0.063813843 -0.050691500 -0.005252206 0.999981225 0.003198115 -0.010939131 0.063830040 -0.002856386 0.997956693 0.980449796
0.998049498 0.004709639 -0.062249791 -0.053074535 -0.004348006 0.999972820 0.005943582 -0.011214830 0.062276110 -0.005661328 0.998042881 1.020433307
0.998176396 0.005298716 -0.060131803 -0.056169339 -0.004907807 0.999965787 0.006646698 -0.011493774 0.060164973 -0.006339462 0.998168290 1.061178088
0.998219371 0.005108236 -0.059430897 -0.057879090 -0.004867407 0.999979258 0.004196340 -0.011847190 0.059451099 -0.003899594 0.998223603 1.101366043
0.998269975 0.005803415 -0.058510717 -0.060460076 -0.005874678 0.999982178 -0.001045982 -0.011804307 0.058503605 0.001387904 0.998286247 1.142127037
0.998337626 0.005873714 -0.057335645 -0.062888600 -0.006105104 0.999973893 -0.003861404 -0.012339042 0.057311457 0.004205026 0.998347461 1.183033705
0.998395920 0.003039023 -0.056535721 -0.065216914 -0.003191311 0.999991477 -0.002603552 -0.012814950 0.056527328 0.002779799 0.998397112 1.224514723
0.998381972 0.001891477 -0.056830958 -0.067445554 -0.001761707 0.999995649 0.002333459 -0.013410925 0.056835126 -0.002229564 0.998381197 1.265908003
0.998332679 -0.002033561 -0.057684187 -0.069498561 0.002379384 0.999979556 0.005927052 -0.013868369 0.057670970 -0.006054424 0.998317242 1.307289004
0.998240232 -0.009032974 -0.058607236 -0.071724944 0.009340978 0.999943912 0.004983544 -0.014139722 0.058558930 -0.005522224 0.998268604 1.348934293
0.998163462 -0.011215075 -0.059529364 -0.074388966 0.011316801 0.999935031 0.001371952 -0.014647619 0.059510108 -0.002043115 0.998225570 1.390370607
0.998047173 -0.010740015 -0.061535377 -0.076852702 0.010569330 0.999939322 -0.003098611 -0.014543002 0.061564926 0.002442172 0.998100042 1.432583928
0.997938871 -0.009567680 -0.063455023 -0.079778217 0.009337363 0.999948680 -0.003925178 -0.015051697 0.063489325 0.003324585 0.997976959 1.475219965
0.997877121 -0.009290674 -0.064460672 -0.082481064 0.009150620 0.999955118 -0.002467609 -0.015533043 0.064480714 0.001872516 0.997917175 1.517037272
0.997854292 -0.005964363 -0.065200806 -0.086022660 0.005991034 0.999981999 0.000213572 -0.016040511 0.065198384 -0.000603734 0.997872114 1.560062289
0.997734666 -0.006392909 -0.066967599 -0.088477954 0.006525201 0.999977171 0.001756917 -0.016561918 0.066954844 -0.002189914 0.997753620 1.602213383
0.997672379 -0.005616058 -0.067956984 -0.091471612 0.005891511 0.999975204 0.003853625 -0.016407132 0.067933656 -0.004245025 0.997680843 1.644960880
0.997689426 -0.005404574 -0.067724168 -0.094473816 0.005921636 0.999954760 0.007436397 -0.017335035 0.067680925 -0.007820253 0.997676373 1.687074542
0.997660756 0.000596439 -0.068356320 -0.097725302 0.000082586 0.999950707 0.009930344 -0.017553551 0.068358876 -0.009912761 0.997611582 1.730023742
0.997665107 0.000816857 -0.068291061 -0.100749582 -0.000186689 0.999957263 0.009233553 -0.017805038 0.068295702 -0.009199244 0.997622669 1.771492600
0.997655690 0.000205949 -0.068433002 -0.103499658 0.000360141 0.999965847 0.008259743 -0.018170096 0.068432368 -0.008265025 0.997621536 1.814151883
0.997678280 0.002891258 -0.068041302 -0.106824256 -0.002539045 0.999982953 0.005262364 -0.018134177 0.068055347 -0.005077387 0.997668624 1.855727911
0.997565746 0.002015535 -0.069703683 -0.109457828 -0.001621928 0.999982476 0.005702993 -0.018677408 0.069713965 -0.005576056 0.997551441 1.898230791
0.997505844 -0.000743539 -0.070581429 -0.112901390 0.001218991 0.999976814 0.006693393 -0.018644027 0.070574820 -0.006762737 0.997483552 1.941002727
0.997441471 0.001237052 -0.071476884 -0.115658388 -0.000695536 0.999970853 0.007600500 -0.019059934 0.071484201 -0.007531340 0.997413397 1.982096553
0.997391582 0.004264380 -0.072054178 -0.118706331 -0.003970981 0.999983251 0.004214678 -0.019787002 0.072070941 -0.003917559 0.997391820 2.024176836
0.997375786 0.004726012 -0.072243206 -0.121913023 -0.004739785 0.999988794 -0.000019209 -0.020031616 0.072242312 0.000361576 0.997387052 2.065633297
0.997291207 0.005163295 -0.073372982 -0.125048205 -0.005269596 0.999985337 -0.001255280 -0.020262435 0.073365428 0.001638526 0.997303784 2.105183363
0.997274041 0.003938359 -0.073682599 -0.127981246 -0.003773231 0.999990106 0.002380135 -0.020832749 0.073691256 -0.002095626 0.997278929 2.146558523
0.997293234 0.002369737 -0.073488019 -0.131241739 -0.001984129 0.999983847 0.005319776 -0.021225393 0.073499434 -0.005159567 0.997282088 2.187372923
0.997266829 -0.000349213 -0.073882394 -0.134577900 0.000798531 0.999981403 0.006052077 -0.021543361 0.073878899 -0.006094534 0.997248709 2.228828192
0.997255623 -0.003064735 -0.073971681 -0.137135029 0.003437698 0.999981999 0.004915167 -0.022099940 0.073955297 -0.005155972 0.997248173 2.268405914
0.997247756 -0.005749628 -0.073918127 -0.140571564 0.006003592 0.999976814 0.003214000 -0.022180781 0.073897928 -0.003648929 0.997259080 2.309108496
0.997084677 -0.007760232 -0.075907886 -0.143131703 0.008117928 0.999957323 0.004404814 -0.022623535 0.075870469 -0.005008188 0.997105002 2.349914074
0.997024596 -0.010768089 -0.076328754 -0.146308362 0.011451158 0.999898136 0.008517019 -0.022820499 0.076229267 -0.009365733 0.997046351 2.390070200
0.996997595 -0.011001688 -0.076646931 -0.149200857 0.012094164 0.999831557 0.013803759 -0.022986460 0.076482154 -0.014689296 0.996962786 2.429497719
0.997007310 -0.009011746 -0.076780319 -0.153141901 0.010227364 0.999828219 0.015453934 -0.023130164 0.076627858 -0.016192947 0.996928275 2.470519304
0.996836126 -0.008594651 -0.079018176 -0.155895948 0.009558309 0.999884307 0.011825243 -0.023282142 0.078907415 -0.012543109 0.996803045 2.510669708
0.996797144 -0.006509271 -0.079706289 -0.159779206 0.006829187 0.999969542 0.003741748 -0.023284938 0.079679526 -0.004274092 0.996811390 2.549534082
0.996643782 -0.004943296 -0.081711344 -0.161797419 0.004906872 0.999987721 -0.000646576 -0.023914263 0.081713527 0.000243460 0.996655881 2.588472605
0.996606886 -0.000902191 -0.082304113 -0.165857449 0.000939435 0.999999404 0.000413780 -0.024434682 0.082303703 -0.000489696 0.996607125 2.627430439
0.996459305 0.000901824 -0.084072396 -0.168857560 -0.000651526 0.999995232 0.003004565 -0.024962392 0.084074713 -0.002939151 0.996455133 2.665765047
0.996401727 0.004387547 -0.084641844 -0.172364712 -0.004045248 0.999982893 0.004215162 -0.025755920 0.084658913 -0.003857598 0.996402502 2.702979326
0.996269941 0.006021318 -0.086081199 -0.175593436 -0.005698634 0.999975741 0.003993846 -0.026401803 0.086103164 -0.003488403 0.996280074 2.740178347
0.996171236 0.006905128 -0.087148942 -0.179219782 -0.006528533 0.999968112 0.004605562 -0.026464391 0.087177970 -0.004018975 0.996184647 2.776368618
0.996076465 0.008319048 -0.088104963 -0.182996914 -0.007844056 0.999952912 0.005736060 -0.027255438 0.088148527 -0.005022455 0.996094704 2.812052011
0.995927989 0.006594231 -0.089911163 -0.186009064 -0.006042169 0.999961257 0.006410896 -0.027568193 0.089949951 -0.005841533 0.995929182 2.846933842
0.995859921 0.007891350 -0.090557866 -0.189713657 -0.007215099 0.999943614 0.007792538 -0.028221505 0.090614259 -0.007106892 0.995860696 2.881051302
0.995691359 0.010501143 -0.092132196 -0.192959398 -0.009612979 0.999903083 0.010078595 -0.028272286 0.092229091 -0.009149505 0.995695710 2.916239738
0.995563567 0.012038957 -0.093318291 -0.196382597 -0.010794928 0.999846220 0.013824392 -0.028100975 0.093470372 -0.012755695 0.995540321 2.949838638
0.995344937 0.015707726 -0.095088206 -0.199662626 -0.014287626 0.999776185 0.015597064 -0.028460380 0.095311925 -0.014165873 0.995346606 2.983310461
0.995207489 0.018064447 -0.096102215 -0.203297377 -0.017003682 0.999785185 0.011845438 -0.028916050 0.096295573 -0.010154579 0.995301008 3.015079975
0.995034754 0.018193670 -0.097850256 -0.206083626 -0.017825896 0.999830425 0.004631517 -0.029419808 0.097917922 -0.002864254 0.995190382 3.046194077
0.994938612 0.017517479 -0.098945133 -0.209631443 -0.017767971 0.999840736 -0.001650930 -0.029309699 0.098900445 0.003400628 0.995091558 3.077110052
0.994919658 0.017718740 -0.099099949 -0.213071823 -0.018041179 0.999834418 -0.002358370 -0.029819479 0.099041745 0.004134269 0.995074630 3.106017828
0.994798481 0.020472880 -0.099782646 -0.216304109 -0.020440768 0.999790072 0.001344299 -0.030153502 0.099789217 0.000702327 0.995008349 3.134729147
0.994671583 0.021232616 -0.100883566 -0.219330192 -0.020945799 0.999772966 0.003901583 -0.031105587 0.100943498 -0.001767707 0.994890571 3.162583828
0.994606793 0.017629068 -0.102207944 -0.222047806 -0.017726550 0.999842882 -0.000045486 -0.031178566 0.102191076 0.001857035 0.994763017 3.190005541
0.994768798 0.009353874 -0.101722203 -0.224775165 -0.009961203 0.999935448 -0.005464147 -0.031465728 0.101664536 0.006448838 0.994797826 3.216403246
0.994962215 0.005628406 -0.100092568 -0.227675289 -0.006701801 0.999923527 -0.010390998 -0.031913832 0.100026436 0.011009450 0.994923830 3.241750240
0.995125949 0.007582617 -0.098320946 -0.229155928 -0.008675884 0.999905109 -0.010696582 -0.032369129 0.098230548 0.011497465 0.995097280 3.266834259
0.995518446 0.012525239 -0.093733743 -0.232058331 -0.013270412 0.999885082 -0.007330791 -0.033273898 0.093631163 0.008541826 0.995570242 3.291316509
0.995954812 0.010909568 -0.089190796 -0.234062403 -0.011321942 0.999927402 -0.004118893 -0.033763818 0.089139387 0.005112045 0.996006072 3.314876556
0.996422827 0.007570285 -0.084167562 -0.235187262 -0.007610193 0.999970973 -0.000153328 -0.034118854 0.084163956 0.000793310 0.996451616 3.338225842
0.997086167 0.003033363 -0.076222360 -0.236081764 -0.002796535 0.999990940 0.003213597 -0.034602754 0.076231420 -0.002991075 0.997085690 3.360832214
0.997854590 0.006631108 -0.065132156 -0.237676516 -0.006452480 0.999974787 0.002952501 -0.034985416 0.065150090 -0.002525903 0.997872233 3.383046389
0.998686135 0.011906977 -0.049843557 -0.239199638 -0.011798915 0.999927282 0.002461748 -0.035223942 0.049869269 -0.001870414 0.998754025 3.404705286
0.999353886 0.017052587 -0.031637151 -0.239659250 -0.016980495 0.999852538 0.002546068 -0.035142038 0.031675912 -0.002007209 0.999496162 3.425779104
0.999839664 0.015586647 -0.008808892 -0.239603937 -0.015558283 0.999873519 0.003279491 -0.035491150 0.008858901 -0.003141915 0.999955893 3.446545362
0.999789715 0.012088577 0.016561856 -0.238103598 -0.012161460 0.999916732 0.004307094 -0.035925061 -0.016508410 -0.004507605 0.999853551 3.465984583
0.998881459 0.011003506 0.045986697 -0.236115262 -0.011282850 0.999919355 0.005819382 -0.036302611 -0.045918953 -0.006331734 0.998925030 3.485577106
0.996752262 0.010809805 0.079800606 -0.234014660 -0.011386328 0.999912202 0.006773039 -0.036163144 -0.079720400 -0.007659679 0.996787786 3.504982233
0.993151903 0.010779479 0.116330691 -0.230492502 -0.011705700 0.999904931 0.007281697 -0.036520258 -0.116241135 -0.008593565 0.993183851 3.522902966
0.987328231 0.010954802 0.158311725 -0.227193654 -0.012256715 0.999898553 0.007249687 -0.036804415 -0.158216268 -0.009098205 0.987362623 3.540451050
0.978754699 0.010217133 0.204779997 -0.222392559 -0.011936392 0.999903023 0.007162113 -0.037204530 -0.204686970 -0.009454287 0.978781819 3.559992313
0.967658162 0.012892294 0.251935065 -0.216345131 -0.014695089 0.999878109 0.005275581 -0.037469424 -0.251836360 -0.008807169 0.967729688 3.575126171
0.952320695 0.013258353 0.304810375 -0.209978580 -0.014847756 0.999885619 0.002896846 -0.038214251 -0.304737151 -0.007284477 0.952408612 3.591113091
0.933160543 0.013096196 0.359221131 -0.202088714 -0.014274354 0.999897957 0.000627484 -0.038413554 -0.359176248 -0.005713192 0.933252215 3.605743408
0.908459425 0.014323614 0.417727649 -0.193858981 -0.015029569 0.999885798 -0.001599659 -0.038478293 -0.417702883 -0.004825043 0.908570945 3.621563673
0.879504085 0.014974223 0.475655854 -0.184424281 -0.014640493 0.999883056 -0.004406754 -0.038393274 -0.475666195 -0.003088079 0.879620552 3.635654449
0.845869124 0.013611589 0.533216774 -0.174451828 -0.012317284 0.999906301 -0.005985370 -0.039082427 -0.533248246 -0.001504943 0.845957577 3.648679495
0.809256077 0.013471194 0.587301672 -0.162747383 -0.010795006 0.999909222 -0.008060673 -0.039118256 -0.587356925 0.000183224 0.809328079 3.661516428
0.770023108 0.011539301 0.637911558 -0.150904536 -0.009699612 0.999932528 -0.006379564 -0.039892428 -0.637942135 -0.001275082 0.770083129 3.672533989
0.727396309 0.010566350 0.686136305 -0.138525486 -0.011552426 0.999928236 -0.003151563 -0.040746272 -0.686120331 -0.005634103 0.727466166 3.683240891
0.681682885 0.010373423 0.731574297 -0.125455141 -0.010684362 0.999933958 -0.004222936 -0.040548280 -0.731569707 -0.004937700 0.681748748 3.693602800
0.636212468 0.008465395 0.771467388 -0.111438870 -0.006860701 0.999962270 -0.005314825 -0.041039154 -0.771483362 -0.001911449 0.636246681 3.701829195
0.588202298 0.006393678 0.808688521 -0.097016096 -0.000665188 0.999972165 -0.007422187 -0.040848352 -0.808713615 0.003827818 0.588190258 3.710730553
0.542954862 0.008147521 0.839722335 -0.082321763 -0.003814874 0.999966502 -0.007235659 -0.041801549 -0.839753270 0.000725201 0.542967856 3.717371941
0.495030344 0.011039214 0.868805528 -0.068023801 -0.007556129 0.999936163 -0.008400036 -0.042300653 -0.868842840 -0.002406536 0.495082110 3.724544048
0.449692696 0.013038779 0.893088162 -0.052951574 -0.008601801 0.999910355 -0.010267118 -0.042866401 -0.893141925 -0.003065120 0.449764431 3.730487108
0.407597452 0.010577426 0.913100362 -0.037258267 -0.001405039 0.999939084 -0.010956177 -0.043105528 -0.913160622 0.003182766 0.407587469 3.735319138
0.367830157 0.002920830 0.929888368 -0.021132588 0.014004311 0.999864221 -0.008680226 -0.043300241 -0.929787576 0.016215298 0.367739290 3.739600658
0.332061410 -0.000363443 0.943257749 -0.005121827 0.017739315 0.999825478 -0.005859653 -0.043355592 -0.943090975 0.018678512 0.332009882 3.743685961
0.299331605 0.003865276 0.954141319 0.011195779 0.014868161 0.999851465 -0.008714864 -0.043775201 -0.954033256 0.016794959 0.299229652 3.747839689
0.268006802 0.011253653 0.963351250 0.028014839 0.004516874 0.999906123 -0.012937284 -0.044338480 -0.963406384 0.007818617 0.267930895 3.752622604
0.239342973 0.015270187 0.970814943 0.045095682 0.000883322 0.999872506 -0.015945010 -0.045050379 -0.970934689 0.004673868 0.239299014 3.756555319
0.214078605 0.017272178 0.976663709 0.062872648 0.001071011 0.999838769 -0.017916791 -0.045736589 -0.976815879 0.004881619 0.214025646 3.759482384
0.190027714 0.019268395 0.981589615 0.080978513 0.007842096 0.999745727 -0.021142963 -0.046171416 -0.981747508 0.011715467 0.189828277 3.762046576
0.170530885 0.024716089 0.985042274 0.099701345 0.015068775 0.999503016 -0.027687643 -0.046349831 -0.985237122 0.019564979 0.170073688 3.763909340
0.150549322 0.032136977 0.988080025 0.118813634 0.018564826 0.999203324 -0.035327394 -0.045948178 -0.988428235 0.023662049 0.149832770 3.766405582
0.133119211 0.032407433 0.990570009 0.138774872 0.015078673 0.999283373 -0.034718864 -0.046860948 -0.990985274 0.019558234 0.132535145 3.768762589
0.117058635 0.027974341 0.992730916 0.159152061 0.012632753 0.999480367 -0.029654138 -0.048040837 -0.993044615 0.016012195 0.116644435 3.771085024
0.103372186 0.024584545 0.994338870 0.180744261 0.013217930 0.999572158 -0.026088087 -0.048927184 -0.994554877 0.015839882 0.103003003 3.772644520
0.089389428 0.022733150 0.995737314 0.202810168 0.015305446 0.999589980 -0.024195114 -0.049445137 -0.995879114 0.017402990 0.089004830 3.774412870
0.078524895 0.021313721 0.996684372 0.225015372 0.019213889 0.999553323 -0.022888863 -0.050307535 -0.996726990 0.020947529 0.078080326 3.775331259
0.068283908 0.022344811 0.997415721 0.248539001 0.022814170 0.999452591 -0.023952322 -0.050662521 -0.997405052 0.024390768 0.067736767 3.776478052
0.060562968 0.022559369 0.997909427 0.272411764 0.024538992 0.999408782 -0.024082530 -0.051591665 -0.997862637 0.025946204 0.059973575 3.777575254
0.054600637 0.023082819 0.998241425 0.297824711 0.026449407 0.999348581 -0.024555115 -0.052186385 -0.998157918 0.027743621 0.053954542 3.778892994
0.049445972 0.024021164 0.998487890 0.323578626 0.027455991 0.999300241 -0.025400352 -0.052838366 -0.998399377 0.028670423 0.048751839 3.779736042
0.043674842 0.024173135 0.998753309 0.350459039 0.028090455 0.999282300 -0.025414316 -0.053816952 -0.998650789 0.029165398 0.042964455 3.780724764
0.039114997 0.024813769 0.998926520 0.377115548 0.030424502 0.999198496 -0.026011854 -0.054454226 -0.998771429 0.031409297 0.038328700 3.781625748
0.036214538 0.024927065 0.999033093 0.405366808 0.032418881 0.999133348 -0.026104739 -0.055263530 -0.998818159 0.033332903 0.035375047 3.782475233
0.033412833 0.023994260 0.999153554 0.434356451 0.032912798 0.999143124 -0.025094653 -0.056489322 -0.998899579 0.033723425 0.032594487 3.782978296
0.031086653 0.023117637 0.999249399 0.463252932 0.035835925 0.999063969 -0.024228206 -0.057451151 -0.998874068 0.036562201 0.030229120 3.783803225
0.030302072 0.023102941 0.999273717 0.494798273 0.039596155 0.998920321 -0.024295485 -0.058146756 -0.998756230 0.040303610 0.029354569 3.784310818
0.030708708 0.022703774 0.999270439 0.525181890 0.042966232 0.998787820 -0.024013208 -0.058861408 -0.998604536 0.043672312 0.029695988 3.785925865
0.033240501 0.022448443 0.999195218 0.558080375 0.044745479 0.998711884 -0.023926141 -0.060245998 -0.998445332 0.045504790 0.032193214 3.786866665
0.037525047 0.022231728 0.999048352 0.591387153 0.047171522 0.998598516 -0.023993516 -0.061314993 -0.998181701 0.048026986 0.036423758 3.787321806
0.042086512 0.021476705 0.998883069 0.624881089 0.048136633 0.998564303 -0.023498014 -0.062369689 -0.997953653 0.049071815 0.040992267 3.788537741
0.045736942 0.020359538 0.998746037 0.659517407 0.049092930 0.998538375 -0.022603484 -0.063022651 -0.997746468 0.050065178 0.044670582 3.790703058
0.049959499 0.018595107 0.998578131 0.694797337 0.049009398 0.998576522 -0.021047050 -0.064050853 -0.997548103 0.049991217 0.048977062 3.792055368
0.053636480 0.016482295 0.998424411 0.730308712 0.045786619 0.998771548 -0.018947732 -0.064915828 -0.997510314 0.046730783 0.052815925 3.794696569
0.057917528 0.015049186 0.998207927 0.766706407 0.044892874 0.998835564 -0.017663404 -0.066142268 -0.997311592 0.045835443 0.057174496 3.796951056
0.061942231 0.016525282 0.997942805 0.803017676 0.042344175 0.998919070 -0.019169750 -0.066918433 -0.997181058 0.043444492 0.061175529 3.799446106
0.064987794 0.020614833 0.997672915 0.839931250 0.040318340 0.998915970 -0.023266824 -0.068008378 -0.997071207 0.041736584 0.064086176 3.802265406
0.066799060 0.025887016 0.997430563 0.876753449 0.035082813 0.998984277 -0.028276876 -0.069153398 -0.997149527 0.036881544 0.065823019 3.804738522
0.066046424 0.028889732 0.997398198 0.914301455 0.031664360 0.999016643 -0.031033384 -0.070678674 -0.997314036 0.033631612 0.065066688 3.808099270
0.066297650 0.028978508 0.997378945 0.951985121 0.028940719 0.999101758 -0.030952308 -0.071823820 -0.997380078 0.030916933 0.065399423 3.810634613
0.066292904 0.027030136 0.997433960 0.989049017 0.026475361 0.999233365 -0.028838539 -0.073166400 -0.997448921 0.028319215 0.065526448 3.813877821
0.065943383 0.025542170 0.997496426 1.027546406 0.027219528 0.999254286 -0.027386636 -0.075131513 -0.997452021 0.028957348 0.065198965 3.816551685
0.066369645 0.024676200 0.997489989 1.064664960 0.024672953 0.999347925 -0.026363818 -0.076838732 -0.997489989 0.026360784 0.065717548 3.819320679
0.066804901 0.024600010 0.997462690 1.101336479 0.023767546 0.999373138 -0.026238948 -0.078359649 -0.997483015 0.025460128 0.066178329 3.821539640
0.066680737 0.025415981 0.997450650 1.140728474 0.020939276 0.999419749 -0.026865972 -0.079800859 -0.997554660 0.022677341 0.066109858 3.824759007
0.064844973 0.027226068 0.997523904 1.177251101 0.017536957 0.999442160 -0.028418437 -0.081243791 -0.997741222 0.019336326 0.064331345 3.828202486
0.061599091 0.026800927 0.997741044 1.214802623 0.014468460 0.999510348 -0.027741715 -0.082680158 -0.997996092 0.016144646 0.061181165 3.831249952
0.058125250 0.025919752 0.997972727 1.252537012 0.012605797 0.999564052 -0.026695287 -0.083920479 -0.998229623 0.014131916 0.057773180 3.833626747
0.053247325 0.023449726 0.998305976 1.289121866 0.010134054 0.999660075 -0.024022063 -0.085254356 -0.998529911 0.011395997 0.052991591 3.835588932
0.046683334 0.021235790 0.998683989 1.326547027 0.007862704 0.999735296 -0.021625685 -0.086633369 -0.998878837 0.008861914 0.046504006 3.837474585
0.039427541 0.021412538 0.998992920 1.363072991 0.008033671 0.999731302 -0.021745428 -0.088354066 -0.999190152 0.008882952 0.039244920 3.839170218
0.031091420 0.022437502 0.999264538 1.400530696 0.007002021 0.999718547 -0.022665560 -0.089487299 -0.999492049 0.007701574 0.030925561 3.840033054
0.020745318 0.023325972 0.999512553 1.436853528 0.007700078 0.999694467 -0.023490034 -0.090659693 -0.999755144 0.008183633 0.020559369 3.840780973
0.010761889 0.022181081 0.999696016 1.474317312 0.009398118 0.999707520 -0.022282505 -0.091709316 -0.999897897 0.009635063 0.010550281 3.841086149
-0.000035300 0.021188378 0.999775410 1.511101127 0.009104059 0.999734044 -0.021187181 -0.093343198 -0.999958575 0.009101266 -0.000228193 3.841005564
-0.011695320 0.020282939 0.999725878 1.547792435 0.009969924 0.999746919 -0.020166734 -0.094932184 -0.999881864 0.009731334 -0.011894580 3.840584993
-0.022240203 0.020704206 0.999538243 1.583675504 0.009942363 0.999740601 -0.020487174 -0.095743999 -0.999703228 0.009482135 -0.022440284 3.839844942
-0.033024184 0.021760808 0.999217629 1.619483829 0.009738571 0.999722481 -0.021449938 -0.096545488 -0.999407053 0.009022587 -0.033226945 3.838098288
-0.043824986 0.022198949 0.998792648 1.657048225 0.008640170 0.999724090 -0.021840537 -0.098683432 -0.999001920 0.007672577 -0.044004701 3.836861372
-0.054015584 0.023380015 0.998266339 1.690348864 0.010063316 0.999687791 -0.022868790 -0.099600986 -0.998489439 0.008810597 -0.054234009 3.834675312
-0.063897088 0.023743279 0.997673988 1.726120591 0.011324116 0.999669909 -0.023065513 -0.101312384 -0.997892261 0.009823957 -0.064144865 3.832578659
-0.073403530 0.024467073 0.997002184 1.761600018 0.011829698 0.999650002 -0.023661103 -0.102392107 -0.997232258 0.010057425 -0.073667280 3.830111742
-0.082514472 0.024788557 0.996281445 1.794052005 0.012497163 0.999637723 -0.023837015 -0.103595749 -0.996511519 0.010483793 -0.082794361 3.826832533
-0.091396563 0.024894165 0.995503306 1.828026652 0.013605994 0.999625385 -0.023748085 -0.104239538 -0.995721638 0.011374319 -0.091701046 3.824300528
-0.098864168 0.023725275 0.994818091 1.861899495 0.014770267 0.999640644 -0.022372430 -0.105613850 -0.994991362 0.012481895 -0.099179082 3.820899010
-0.103798516 0.021699000 0.994361579 1.894348145 0.018429317 0.999632239 -0.019890230 -0.107231632 -0.994427502 0.016260831 -0.104160257 3.816606998
-0.107320264 0.020360729 0.994015932 1.927394629 0.021034535 0.999612927 -0.018204350 -0.108139269 -0.994001865 0.018954968 -0.107707009 3.812855959
-0.110065445 0.019062180 0.993741453 1.960409522 0.022887129 0.999599516 -0.016639600 -0.109513409 -0.993660748 0.020912448 -0.110457659 3.809154034
-0.111839086 0.018052638 0.993562222 1.989470840 0.022543542 0.999623656 -0.015625184 -0.110364519 -0.993470550 0.020650903 -0.112203963 3.805563688
-0.112325542 0.018675860 0.993495882 2.021052599 0.023429161 0.999595106 -0.016141592 -0.111269206 -0.993395209 0.021463659 -0.112717636 3.802026272
-0.111832194 0.019822957 0.993529260 2.050808907 0.024790825 0.999545455 -0.017152522 -0.112142615 -0.993417799 0.022712205 -0.112272792 3.798870087
-0.108503945 0.021698589 0.993859172 2.078353405 0.026100112 0.999479294 -0.018971827 -0.112682730 -0.993753374 0.023881320 -0.109013781 3.795398235
-0.103497587 0.021580324 0.994395554 2.106272221 0.025048068 0.999504089 -0.019084165 -0.114404730 -0.994314253 0.022932526 -0.103986815 3.792565584
-0.096007690 0.021700319 0.995144010 2.133969545 0.023566758 0.999531627 -0.019522363 -0.116064139 -0.995101631 0.021578025 -0.096474133 3.790721178
-0.084190011 0.022637967 0.996192455 2.159507513 0.024101540 0.999495685 -0.020676162 -0.115989596 -0.996158183 0.022269048 -0.084693149 3.788685560
-0.070876755 0.022791101 0.997224629 2.185008049 0.023363167 0.999502599 -0.021182645 -0.117238507 -0.997211397 0.021796972 -0.071373954 3.787600756
-0.053606808 0.024713589 0.998256147 2.209839821 0.023212625 0.999454439 -0.023496725 -0.117945515 -0.998292267 0.021912562 -0.054151222 3.787036419
-0.032391023 0.026738571 0.999117494 2.232677698 0.020491578 0.999449670 -0.026083132 -0.119056478 -0.999265194 0.019628637 -0.032921117 3.786706924
-0.007670881 0.029719405 0.999528825 2.256750584 0.018835388 0.999385238 -0.029570580 -0.120094456 -0.999793172 0.018599687 -0.008225938 3.787281513
0.020631518 0.031642303 0.999286234 2.280269861 0.016700523 0.999348640 -0.031989079 -0.120854631 -0.999647558 0.017348588 0.020089637 3.788416624
0.053860519 0.030889560 0.998070419 2.302545071 0.014240861 0.999396026 -0.031699084 -0.122185841 -0.998446941 0.015920715 0.053388078 3.790655613
0.092902914 0.028988639 0.995253026 2.325868130 0.014518927 0.999430418 -0.030465594 -0.122828923 -0.995569289 0.017280351 0.092429101 3.792968988
0.135034382 0.024961062 0.990526319 2.348507166 0.012078122 0.999566913 -0.026835440 -0.123954311 -0.990767360 0.015587408 0.134674430 3.797381639
0.179993391 0.020275874 0.983458877 2.369240761 0.008511005 0.999718010 -0.022168780 -0.125340223 -0.983631015 0.012360456 0.179770067 3.802260876
0.228122234 0.017356789 0.973477840 2.391957998 0.004365652 0.999812722 -0.018849371 -0.125940382 -0.973622680 0.008549826 0.228003770 3.809112549
0.279835165 0.016028851 0.959914267 2.413015604 0.001002457 0.999855161 -0.016988032 -0.126740575 -0.960047543 0.005716119 0.279778481 3.816553354
0.334432214 0.014864665 0.942302585 2.432306290 -0.001086774 0.999880970 -0.015387252 -0.127810806 -0.942419171 0.004121923 0.334408551 3.824798584
0.392423391 0.016037842 0.919644892 2.452761173 0.001718566 0.999833345 -0.018169601 -0.127899379 -0.919783115 0.008710645 0.392330408 3.834732056
0.452281266 0.019354640 0.891665280 2.469607830 0.001840533 0.999742091 -0.022634150 -0.128829420 -0.891873479 0.011878143 0.452128977 3.845006943
0.513118804 0.022227243 0.858029664 2.488432169 0.003502081 0.999602139 -0.027988985 -0.129671723 -0.858310401 0.017366564 0.512836874 3.856726646
0.569626868 0.027164204 0.821454346 2.503491402 -0.001468828 0.999485850 -0.032032877 -0.130118102 -0.821902096 0.017040214 0.569373846 3.870631933
0.624728143 0.029845681 0.780271590 2.518984079 -0.005603452 0.999414980 -0.033741560 -0.130929291 -0.780822098 0.016707087 0.624529898 3.885885715
0.677141130 0.031283796 0.735187888 2.532225132 -0.007129459 0.999327898 -0.035956956 -0.131339788 -0.735818684 0.019106444 0.676909089 3.900618076
0.725410938 0.028820293 0.687712550 2.545728683 -0.007147352 0.999384522 -0.034342531 -0.132448956 -0.688279092 0.019997124 0.725170434 3.918136597
0.770830154 0.025443902 0.636532307 2.557317495 -0.009033729 0.999538183 -0.029014522 -0.132992730 -0.636976540 0.016615013 0.770704091 3.934384823
0.812548757 0.019374520 0.582571089 2.569157839 -0.008271036 0.999730110 -0.021711795 -0.133709893 -0.582834542 0.012823429 0.812489748 3.953272343
0.848487139 0.018182969 0.528903365 2.578244686 -0.011905297 0.999812603 -0.015273231 -0.134008735 -0.529082000 0.006662392 0.848544657 3.972213507
0.879699349 0.012834644 0.475356936 2.587381124 -0.010930808 0.999917328 -0.006769139 -0.135170966 -0.475404531 0.000758772 0.879767001 3.992611408
0.905131757 0.015249113 0.424857527 2.594117641 -0.015765572 0.999873042 -0.002300208 -0.134970859 -0.424838662 -0.004616130 0.905257344 4.011723995
0.925288320 0.016541196 0.378903508 2.601223469 -0.018859254 0.999819279 0.002407044 -0.135905370 -0.378795266 -0.009373048 0.925433099 4.034279346
0.940364242 0.022841532 0.339401066 2.606002808 -0.025863947 0.999655783 0.004383787 -0.135827541 -0.339184165 -0.012900607 0.940631509 4.053035736
0.952431679 0.026801644 0.303571254 2.612114668 -0.029214373 0.999567270 0.003408250 -0.135682300 -0.303348571 -0.012114769 0.952802658 4.076271534
0.961361885 0.029459955 0.273706615 2.617282867 -0.031605367 0.999494493 0.003431156 -0.135719851 -0.273467213 -0.011949182 0.961807013 4.099280834
0.967515230 0.022557540 0.251804024 2.623463154 -0.024206296 0.999700963 0.003451755 -0.135672241 -0.251650870 -0.009434870 0.967772126 4.122783661
0.971602201 0.020464495 0.235733762 2.626929283 -0.022188116 0.999742806 0.004661135 -0.136249349 -0.235577762 -0.009759257 0.971806526 4.140510082
0.974378765 0.024967734 0.223523095 2.631531715 -0.026562180 0.999638557 0.004128943 -0.136293977 -0.223339260 -0.009960415 0.974689901 4.166496277
0.976492047 0.029836329 0.213478431 2.635768175 -0.031604134 0.999488652 0.004872265 -0.136176437 -0.213223875 -0.011504530 0.976935625 4.186858654
0.977499127 0.036972158 0.207674265 2.640553951 -0.038496472 0.999253273 0.003301847 -0.135927528 -0.207397133 -0.011222278 0.978192449 4.212733269
0.977819860 0.043581869 0.204862997 2.644312620 -0.044511229 0.999008834 -0.000071826 -0.136287987 -0.204663113 -0.009048472 0.978790641 4.235452652
0.977863669 0.045198224 0.204303071 2.649917603 -0.045647267 0.998954415 -0.002516701 -0.136809006 -0.204203233 -0.006864887 0.978904426 4.262042046
0.977562249 0.043687467 0.206066221 2.655258417 -0.043387078 0.999040425 -0.005978525 -0.137266085 -0.206129715 -0.003096232 0.978519797 4.285326004
0.976548016 0.042110451 0.211141020 2.660585880 -0.040397219 0.999106407 -0.012422964 -0.137421906 -0.211475536 0.003602111 0.977376699 4.314455986
0.975851357 0.042704955 0.214220047 2.666699648 -0.039929133 0.999053240 -0.017270213 -0.137745470 -0.214754730 0.008299544 0.976632774 4.338008881
0.974778950 0.047293149 0.218103707 2.673436642 -0.044595126 0.998855650 -0.017279143 -0.138204396 -0.218671292 0.007116987 0.975772560 4.366720676
0.973203659 0.050695613 0.224286854 2.678405046 -0.049024839 0.998712659 -0.013015478 -0.138692409 -0.224657983 0.001671083 0.974436224 4.392674923
0.972057223 0.047881264 0.229809076 2.685460091 -0.047261786 0.998848736 -0.008202396 -0.139443666 -0.229937285 -0.002887989 0.973201156 4.423486233
0.971353650 0.043399498 0.233641982 2.693223953 -0.043982621 0.999028563 -0.002716336 -0.139915079 -0.233532906 -0.007637665 0.972318947 4.454780579
0.970758379 0.040525272 0.236613438 2.699771881 -0.042159773 0.999109268 0.001850185 -0.140266210 -0.236327693 -0.011771652 0.971602082 4.478943348
0.970242023 0.036052834 0.239438325 2.707995176 -0.037747126 0.999284267 0.002492554 -0.140434891 -0.239177108 -0.011456490 0.970908284 4.510710716
0.970229805 0.032560680 0.239987090 2.714719296 -0.033367384 0.999442935 -0.000702199 -0.140792638 -0.239876270 -0.007326446 0.970775962 4.538362980
0.970212817 0.032022856 0.240127757 2.722466946 -0.031092534 0.999487162 -0.007662858 -0.141220093 -0.240249991 -0.000031574 0.970711112 4.571510315
0.970499814 0.034535699 0.238615587 2.729683399 -0.032033499 0.999383628 -0.014357505 -0.141562954 -0.238964364 0.006290265 0.971007943 4.599798679
0.971033037 0.037614353 0.235966265 2.737572670 -0.034231726 0.999244153 -0.018417044 -0.141814068 -0.236480683 0.009806028 0.971586704 4.634263515
0.971670330 0.035576545 0.233647227 2.744666576 -0.033266034 0.999350905 -0.013823557 -0.142332107 -0.233987406 0.005659424 0.972223222 4.663516521
0.972102225 0.032165468 0.232341111 2.753166676 -0.031551875 0.999481857 -0.006357672 -0.142881528 -0.232425213 -0.001150494 0.972613692 4.699215889
0.972682655 0.032265943 0.229885414 2.760298252 -0.033045013 0.999453843 -0.000461146 -0.143517390 -0.229774699 -0.007148017 0.973217726 4.730198860
0.973097324 0.035565037 0.227632612 2.768893003 -0.036220014 0.999342978 -0.001300650 -0.144015953 -0.227529347 -0.006979198 0.973746240 4.766877651
0.973237991 0.041240327 0.226068690 2.776478052 -0.040858798 0.999144554 -0.006368506 -0.144066349 -0.226137966 -0.003038823 0.974090576 4.804249287
0.974089682 0.042252749 0.222180203 2.782542706 -0.040846713 0.999105692 -0.010921771 -0.144874781 -0.222442999 0.001563453 0.974944592 4.832213879
0.975055993 0.040761776 0.218184188 2.790922642 -0.038592089 0.999154091 -0.014198330 -0.145167261 -0.218578398 0.005423984 0.975804389 4.870948315
0.975950897 0.038334854 0.214593679 2.799316406 -0.036509436 0.999255478 -0.012464957 -0.145900697 -0.214911774 0.004330490 0.976623833 4.909998417
0.976813555 0.034952298 0.211219296 2.806023598 -0.033509415 0.999384165 -0.010407806 -0.146345094 -0.211453035 0.003088652 0.977383256 4.939615250
0.977284431 0.033957217 0.209193394 2.814599037 -0.033098664 0.999423087 -0.007604546 -0.147184432 -0.209330946 0.000507785 0.977844656 4.979553699
0.977645874 0.030679522 0.208007902 2.823457718 -0.030228563 0.999528706 -0.005347100 -0.147600651 -0.208073944 -0.001060209 0.978112519 5.019658089
0.977706790 0.026143257 0.208340764 2.831055641 -0.025959946 0.999656498 -0.003614570 -0.148428962 -0.208363712 -0.001874524 0.978049576 5.058933258
0.977986872 0.026306244 0.207001582 2.837713480 -0.026354648 0.999649584 -0.002524236 -0.148591429 -0.206995398 -0.002986785 0.978337407 5.087077141
0.977692664 0.031780176 0.207622200 2.845772982 -0.031556658 0.999492407 -0.004389362 -0.149233311 -0.207656294 -0.002260415 0.978199363 5.128087044
0.977461517 0.037203103 0.207809836 2.854447365 -0.036342364 0.999307692 -0.007959626 -0.149482772 -0.207962081 0.000227928 0.978136897 5.169618607
0.976973474 0.045644373 0.208421275 2.862856865 -0.044736199 0.998957694 -0.009071631 -0.150620878 -0.208618119 -0.000461231 0.977997124 5.209948063
0.975947678 0.052511353 0.211586490 2.867889643 -0.051863797 0.998616993 -0.008613009 -0.151035726 -0.211746171 -0.002567831 0.977321386 5.238861561
0.975060582 0.055251542 0.214951158 2.876385212 -0.055114847 0.998457968 -0.006634225 -0.151868522 -0.214986280 -0.005378229 0.976602316 5.281094074
0.974645674 0.055158772 0.216848567 2.885989904 -0.054828249 0.998467207 -0.007544981 -0.152748838 -0.216932386 -0.004535744 0.976176143 5.323416233
0.974261284 0.053747527 0.218920484 2.895229340 -0.052674767 0.998553991 -0.010738268 -0.153028041 -0.219181091 -0.001069707 0.975683689 5.365581989
0.974313676 0.047600996 0.220107213 2.901919842 -0.046753667 0.998865366 -0.009060318 -0.153804392 -0.220288768 -0.001463228 0.975433588 5.393811226
0.974476337 0.041308604 0.220657185 2.911867619 -0.039980944 0.999145508 -0.010481489 -0.154832244 -0.220901579 0.001391882 0.975295126 5.435825348
0.974276721 0.040270504 0.221727699 2.921859741 -0.038914163 0.999187648 -0.010484098 -0.155948758 -0.221969724 0.001586065 0.975052238 5.478418350
0.973853588 0.041950990 0.223269537 2.931379318 -0.041170802 0.999118865 -0.008150173 -0.156323224 -0.223414719 -0.001255109 0.974722683 5.520839691
0.973390162 0.044497721 0.224792317 2.936826706 -0.045214217 0.998975337 -0.001962061 -0.156977519 -0.224649310 -0.008253958 0.974404693 5.547769547
0.973053634 0.047904830 0.225547880 2.946415424 -0.049619004 0.998766363 0.001934010 -0.157738581 -0.225177050 -0.013073357 0.974230111 5.590087891
0.972899079 0.046741821 0.226456448 2.956481934 -0.046910822 0.998888314 -0.004638275 -0.158438280 -0.226421520 -0.006110684 0.974010170 5.632216454
0.973297060 0.041786335 0.225713670 2.966520309 -0.038380995 0.999073803 -0.019456141 -0.159039617 -0.226317585 0.010273489 0.973999381 5.672704220
0.973547697 0.039754104 0.224999040 2.976707935 -0.034322098 0.999018490 -0.028004013 -0.160398349 -0.225891471 0.019540802 0.973956525 5.713897705
0.973739922 0.037222076 0.224599838 2.981113434 -0.033921577 0.999252498 -0.018537270 -0.161111072 -0.225121930 0.010431700 0.974274814 5.736879826
0.974170804 0.031182114 0.223648950 2.991266251 -0.032515965 0.999468565 0.002282841 -0.162108466 -0.223458871 -0.009496037 0.974667192 5.779414177
0.974457622 0.027853452 0.222837478 3.000784397 -0.032505982 0.999322951 0.017237242 -0.163146704 -0.222206458 -0.024040509 0.974703312 5.821201324
0.974364102 0.032722127 0.222584471 3.008797646 -0.036233298 0.999274790 0.011708036 -0.163563073 -0.222039923 -0.019472864 0.974843085 5.862280846
