0.999968886 -0.001451617 -0.007741967 -0.000253579 0.001423656 0.999992490 -0.003615869 -0.000417284 0.007747157 0.003604735 0.999963462 0.061236933
0.999930739 -0.001361387 -0.011689668 -0.000875704 0.001302579 0.999986470 -0.005036911 -0.000566499 0.011696369 0.005021335 0.999918938 0.092766069
0.999862373 -0.000085375 -0.016589062 -0.001682054 -0.000009761 0.999983609 -0.005734708 -0.000666052 0.016589280 0.005734081 0.999845922 0.125328884
0.999784648 -0.000772826 -0.020736128 -0.002831833 0.000645515 0.999980986 -0.006145574 -0.000933933 0.020740476 0.006130865 0.999766231 0.158351377
0.999674857 0.000736426 -0.025484426 -0.003814916 -0.000915749 0.999974966 -0.007025617 -0.001564045 0.025478607 0.007046669 0.999650538 0.192113161
0.999542117 0.003267294 -0.030078596 -0.005330950 -0.003518170 0.999959528 -0.008291534 -0.001541521 0.030050285 0.008393558 0.999513149 0.225371420
0.999386549 0.003885183 -0.034807652 -0.006512872 -0.004091166 0.999974668 -0.005848505 -0.002423178 0.034784049 0.005987322 0.999376893 0.261724561
0.999248445 0.002832686 -0.038658328 -0.008397247 -0.002944982 0.999991596 -0.002848181 -0.002748253 0.038649924 0.002959888 0.999248385 0.296487272
0.999083519 0.003027900 -0.042695336 -0.009562064 -0.003051582 0.999995291 -0.000489484 -0.003092034 0.042693645 0.000619324 0.999087989 0.333396643
0.998993993 0.004639092 -0.044605333 -0.011962627 -0.004695212 0.999988377 -0.001153442 -0.003588916 0.044599459 0.001361713 0.999004006 0.368423223
0.998857439 0.003852704 -0.047634758 -0.013227964 -0.003936451 0.999990940 -0.001664405 -0.003623669 0.047627922 0.001850015 0.998863459 0.405916691
0.998773217 0.001446611 -0.049496766 -0.014967588 -0.001547663 0.999996841 -0.002003335 -0.003993556 0.049493715 0.002077482 0.998772383 0.442448199
0.998685598 0.000766715 -0.051248059 -0.017051719 -0.000819490 0.999999225 -0.001008784 -0.004542832 0.051247247 0.001049456 0.998685420 0.478886038
0.998636723 -0.000935106 -0.052188367 -0.019442288 0.000881597 0.999999106 -0.001048313 -0.005000141 0.052189305 0.001000875 0.998636663 0.515822172
0.998514056 0.001514941 -0.054472212 -0.021515820 -0.001715679 0.999991894 -0.003638561 -0.005277196 0.054466251 0.003726611 0.998508632 0.555061817
0.998435378 0.001831553 -0.055886652 -0.023790777 -0.002177763 0.999978840 -0.006134568 -0.005722002 0.055874232 0.006246677 0.998418272 0.592819870
0.998327434 0.005838339 -0.057516441 -0.026482139 -0.006302494 0.999949038 -0.007891831 -0.006288623 0.057467427 0.008241129 0.998313367 0.632100701
0.998200178 0.006256619 -0.059642501 -0.028153859 -0.006719082 0.999948919 -0.007556499 -0.006658574 0.059592184 0.007943641 0.998191178 0.671152234
0.998161614 0.005772587 -0.060332119 -0.031256080 -0.006152523 0.999962449 -0.006113531 -0.007451803 0.060294565 0.006473487 0.998159587 0.711095929
0.998085141 0.006227050 -0.061541185 -0.034036066 -0.006484982 0.999971092 -0.003992346 -0.008101823 0.061514534 0.004383795 0.998096526 0.750122249
0.998039305 0.006062164 -0.062295873 -0.036712073 -0.006347590 0.999970198 -0.004384900 -0.008634903 0.062267441 0.004771732 0.998048127 0.790361941
0.997893095 0.005627655 -0.064634480 -0.038815495 -0.005975327 0.999968767 -0.005186995 -0.009048061 0.064603269 0.005562279 0.997895598 0.829893053
0.997892082 0.004648150 -0.064728655 -0.042188272 -0.005066423 0.999967277 -0.006299291 -0.009604126 0.064697266 0.006613957 0.997883081 0.869310260
0.997853637 0.004594034 -0.065321170 -0.044727951 -0.004886507 0.999978781 -0.004318402 -0.010209117 0.065299936 0.004628326 0.997854888 0.910333812
0.997879446 0.006030126 -0.064808540 -0.047850545 -0.006129987 0.999980390 -0.001342137 -0.010732673 0.064799182 0.001736567 0.997896731 0.950801671
0.997904718 0.006869768 -0.064333953 -0.050537631 -0.006706038 0.999973655 0.002760582 -0.011134431 0.064351223 -0.002323372 0.997924626 0.991475046
0.997972488 0.005502444 -0.063407019 -0.052528016 -0.005117956 0.999967456 0.006224621 -0.011664572 0.063439220 -0.005887487 0.997968316 1.032352448
0.998050570 0.006548450 -0.062064413 -0.055103745 -0.006131854 0.999957383 0.006900420 -0.011844751 0.062106952 -0.006506400 0.998048306 1.073277116
0.998196721 0.006168917 -0.059707932 -0.058280516 -0.005958746 0.999975383 0.003697413 -0.011876964 0.059729263 -0.003334961 0.998209000 1.114902020
0.998258710 0.006535667 -0.058623474 -0.060892604 -0.006630435 0.999977052 -0.001422186 -0.012062921 0.058612835 0.001808409 0.998279095 1.156242847
0.998290241 0.006630097 -0.058074214 -0.063071460 -0.006895394 0.999966681 -0.004369002 -0.012365564 0.058043305 0.004761975 0.998302698 1.198200703
0.998361945 0.004347506 -0.057048701 -0.065491095 -0.004524529 0.999985397 -0.002974203 -0.013032310 0.057034932 0.003227449 0.998367012 1.239813685
0.998338640 0.002525592 -0.057564359 -0.067854859 -0.002421219 0.999995291 0.001882834 -0.013519744 0.057568852 -0.001740330 0.998340011 1.282887220
0.998284280 -0.001520502 -0.058532659 -0.069920689 0.001847651 0.999982953 0.005535461 -0.013971645 0.058523253 -0.005634112 0.998270094 1.324841142
0.998214722 -0.008052212 -0.059180412 -0.072306827 0.008332970 0.999955177 0.004498832 -0.014323881 0.059141528 -0.004983950 0.998237133 1.367182374
0.998118520 -0.010288695 -0.060443040 -0.075070336 0.010336192 0.999946475 0.000473210 -0.014622522 0.060434937 -0.001097070 0.998171568 1.409862518
0.998021424 -0.010049708 -0.062066134 -0.077602901 0.009854846 0.999945521 -0.003444953 -0.014925829 0.062097382 0.002826485 0.998066068 1.452176094
0.997891426 -0.009355695 -0.064227991 -0.080404639 0.009122870 0.999950767 -0.003917328 -0.015381837 0.064261481 0.003323124 0.997927487 1.494803429
0.997845173 -0.008765217 -0.065022700 -0.083454326 0.008606754 0.999959409 -0.002716772 -0.015996311 0.065043882 0.002151285 0.997880101 1.538502932
0.997807145 -0.005418293 -0.065964021 -0.086822353 0.005439078 0.999985218 0.000135531 -0.016602427 0.065962322 -0.000494018 0.997822046 1.581947803
0.997695029 -0.005701588 -0.067617401 -0.089592412 0.005810492 0.999982119 0.001414018 -0.017155072 0.067608126 -0.001803649 0.997710288 1.625257015
0.997639775 -0.005098549 -0.068475336 -0.092804238 0.005360720 0.999979019 0.003645483 -0.017142195 0.068455316 -0.004003957 0.997646093 1.668519616
0.997644544 -0.004966279 -0.068414882 -0.095804721 0.005454211 0.999961019 0.006946985 -0.017796101 0.068377711 -0.007303771 0.997632742 1.711910248
0.997637630 0.001476481 -0.068681039 -0.099421374 -0.000840642 0.999956548 0.009285817 -0.018015992 0.068691775 -0.009206145 0.997595370 1.754695654
0.997612000 0.000965871 -0.069059215 -0.102297381 -0.000360076 0.999961376 0.008784011 -0.018240144 0.069065034 -0.008738169 0.997573853 1.798149109
0.997613847 0.000483972 -0.069037840 -0.105221167 0.000025602 0.999972880 0.007380002 -0.018395633 0.069039524 -0.007364159 0.997586727 1.840734482
0.997613847 0.003253728 -0.068962604 -0.108611055 -0.002958056 0.999985993 0.004389111 -0.018336963 0.068975896 -0.004174644 0.997609615 1.884367108
0.997496128 0.002880076 -0.070661783 -0.111247398 -0.002568854 0.999986649 0.004494870 -0.018812299 0.070673771 -0.004302096 0.997490227 1.927491426
0.997443497 0.000405734 -0.071458451 -0.114365801 0.000011278 0.999983013 0.005835227 -0.019084401 0.071459606 -0.005821116 0.997426450 1.969544053
0.997390568 0.001577267 -0.072176360 -0.117740214 -0.001107513 0.999977946 0.006547972 -0.019259382 0.072185099 -0.006450950 0.997370303 2.012410879
0.997355103 0.003706259 -0.072586775 -0.120927311 -0.003441267 0.999987006 0.003775413 -0.020260954 0.072599821 -0.003515637 0.997354925 2.053815603
0.997276247 0.004323393 -0.073628269 -0.124008968 -0.004388654 0.999990165 -0.000724605 -0.020389089 0.073624417 0.001045760 0.997285426 2.096128702
0.997193635 0.004986139 -0.074697301 -0.126707956 -0.005157916 0.999984562 -0.002106908 -0.020734141 0.074685641 0.002486277 0.997204006 2.137286663
0.997269869 0.003672580 -0.073751390 -0.131054506 -0.003558128 0.999992192 0.001683187 -0.021407565 0.073756993 -0.001416174 0.997275174 2.180021286
0.997251034 0.002002188 -0.074069887 -0.134001076 -0.001644100 0.999986589 0.004895127 -0.021852367 0.074078694 -0.004759892 0.997240961 2.220883131
0.997187197 -0.000004002 -0.074951507 -0.136456102 0.000418601 0.999984682 0.005515859 -0.022250429 0.074950330 -0.005531718 0.997171879 2.263310194
0.997204006 -0.002763150 -0.074675359 -0.140028194 0.003076395 0.999986947 0.004080066 -0.022448905 0.074663118 -0.004298389 0.997199535 2.304634094
0.997225761 -0.005178629 -0.074255772 -0.143751636 0.005400938 0.999981523 0.002793333 -0.023098845 0.074239932 -0.003186635 0.997235298 2.345630169
0.997143865 -0.006427106 -0.075249657 -0.146891311 0.006736494 0.999969840 0.003858386 -0.023351016 0.075222589 -0.004354285 0.997157276 2.387050152
0.996988773 -0.010001458 -0.076897882 -0.149368986 0.010623276 0.999914050 0.007681468 -0.023441952 0.076814450 -0.008475244 0.997009337 2.428751707
0.996995807 -0.010025104 -0.076802708 -0.152912706 0.011025479 0.999859691 0.012612340 -0.023693845 0.076665506 -0.013421237 0.996966541 2.469085932
0.996990561 -0.007740955 -0.077134669 -0.156375751 0.008857341 0.999860704 0.014141618 -0.023549173 0.077014469 -0.014782269 0.996920228 2.510212421
0.996814847 -0.007780314 -0.079370610 -0.159061790 0.008623943 0.999909878 0.010291738 -0.023467885 0.079283379 -0.010943444 0.996791959 2.550678968
0.996747196 -0.005896226 -0.080375902 -0.163242787 0.006189454 0.999975145 0.003399538 -0.024416754 0.080353834 -0.003885962 0.996758819 2.591337919
0.996676981 -0.004682711 -0.081321359 -0.166816205 0.004626292 0.999989033 -0.000882196 -0.024896391 0.081324585 0.000503048 0.996687591 2.631383181
0.996609449 0.001256412 -0.082268715 -0.170165241 -0.001318948 0.999998927 -0.000705788 -0.025359431 0.082267739 0.000811903 0.996609926 2.669696093
0.996501803 0.003567935 -0.083494611 -0.173490763 -0.003427744 0.999992490 0.001822345 -0.026036769 0.083500467 -0.001529773 0.996506512 2.709280968
0.996408880 0.005812518 -0.084471643 -0.177052349 -0.005551868 0.999979138 0.003320232 -0.026647316 0.084489189 -0.002839334 0.996420205 2.746638298
0.996300101 0.007041727 -0.085653566 -0.180136234 -0.006789773 0.999971747 0.003232507 -0.027382784 0.085673898 -0.002638978 0.996319652 2.783519506
0.996177673 0.008320419 -0.086952083 -0.184288517 -0.008012890 0.999960303 0.003885217 -0.027290698 0.086980969 -0.003173630 0.996204913 2.821621895
0.996089280 0.009522970 -0.087836616 -0.187668279 -0.009151569 0.999947369 0.004630044 -0.027757104 0.087876089 -0.003808094 0.996124148 2.856892824
0.995910347 0.009319648 -0.089863785 -0.190299600 -0.008894599 0.999947250 0.005129232 -0.028369462 0.089906842 -0.004308953 0.995940864 2.891586781
0.995807767 0.008719951 -0.091053657 -0.194205478 -0.008188579 0.999947190 0.006207766 -0.028822560 0.091102995 -0.005436142 0.995826662 2.929154634
0.995645106 0.011513137 -0.092510067 -0.197207659 -0.010738960 0.999903023 0.008862029 -0.028975753 0.092603140 -0.007829972 0.995672345 2.963148117
0.995503306 0.013628378 -0.093740098 -0.200460166 -0.012434583 0.999834180 0.013307495 -0.029655360 0.093905918 -0.012082037 0.995507777 2.996598244
0.995303631 0.016101819 -0.095453903 -0.204460621 -0.014772260 0.999783993 0.014619161 -0.029381290 0.095668666 -0.013140433 0.995326519 3.032123804
0.995165884 0.018849866 -0.096382603 -0.208430082 -0.017931201 0.999785304 0.010388781 -0.029641204 0.096557736 -0.008610304 0.995290160 3.063950539
0.995039344 0.019082453 -0.097635679 -0.211724728 -0.018904585 0.999817491 0.002746558 -0.029740511 0.097670272 -0.000887171 0.995218515 3.094647646
0.994912505 0.017979564 -0.099125020 -0.214887857 -0.018351361 0.999827564 -0.002840254 -0.030238384 0.099056877 0.004644885 0.995070934 3.126071930
0.994883418 0.018573307 -0.099306650 -0.218243152 -0.019041320 0.999811590 -0.003767015 -0.030721512 0.099217981 0.005638671 0.995049775 3.155701876
0.994791210 0.021293391 -0.099683411 -0.221764177 -0.021396833 0.999771059 0.000031438 -0.031287357 0.099661253 0.002101635 0.995019197 3.184705496
0.994580448 0.021740980 -0.101670384 -0.224370182 -0.021671688 0.999763548 0.001786194 -0.031812288 0.101685189 0.000426855 0.994816601 3.214020014
0.994596899 0.018589260 -0.102133721 -0.227633491 -0.018812932 0.999822319 -0.001227094 -0.032506477 0.102092758 0.003141899 0.994769990 3.240683556
0.994709849 0.010100703 -0.102225333 -0.229754329 -0.010850328 0.999918103 -0.006779674 -0.032814294 0.102148481 0.007852987 0.994738221 3.267084837
0.994808793 0.006290918 -0.101567395 -0.231793061 -0.007543295 0.999900222 -0.011951132 -0.032991488 0.101482078 0.012655244 0.994756937 3.293268442
0.995107591 0.008718628 -0.098412879 -0.234631300 -0.009943956 0.999879003 -0.011967261 -0.033627577 0.098296627 0.012887321 0.995073736 3.318714619
0.995479703 0.013529413 -0.094006665 -0.237397909 -0.014404779 0.999858975 -0.008639397 -0.034452919 0.093876518 0.009954489 0.995534122 3.343082190
0.995920181 0.011868731 -0.089455143 -0.239388376 -0.012452693 0.999904692 -0.005972693 -0.034599319 0.089375719 0.007062281 0.995972931 3.366992235
0.996421218 0.008720957 -0.084075503 -0.240856603 -0.008898186 0.999958932 -0.001733451 -0.035188671 0.084056921 0.002475366 0.996457815 3.390837669
0.997062147 0.004172422 -0.076482147 -0.241464168 -0.004030042 0.999989867 0.002015858 -0.036088921 0.076489769 -0.001701710 0.997068942 3.413754225
0.997820914 0.007704289 -0.065529115 -0.243072569 -0.007598442 0.999969423 0.001864371 -0.036404204 0.065541461 -0.001362390 0.997848868 3.436083555
0.998654425 0.013118989 -0.050171100 -0.244619906 -0.013076718 0.999913752 0.001170754 -0.036646035 0.050182134 -0.000513105 0.998739839 3.457744360
0.999334872 0.018167939 -0.031616241 -0.245356917 -0.018121993 0.999834239 0.001739254 -0.036863249 0.031642601 -0.001165148 0.999498487 3.478949547
0.999813676 0.016919514 -0.009292956 -0.244958997 -0.016899737 0.999854684 0.002202568 -0.037061956 0.009328879 -0.002045109 0.999954343 3.499947786
0.999773502 0.013155229 0.016729539 -0.243669033 -0.013207118 0.999908209 0.002994768 -0.037419587 -0.016688611 -0.003215038 0.999855578 3.519738436
0.998857319 0.012066770 0.046243422 -0.241752788 -0.012281675 0.999915063 0.004365930 -0.037822388 -0.046186812 -0.004928888 0.998920679 3.539448977
0.996715009 0.011669110 0.080143802 -0.239645839 -0.012179138 0.999908566 0.005878000 -0.038147457 -0.080067888 -0.006834772 0.996766031 3.558972120
0.993114531 0.011826953 0.116548270 -0.236235917 -0.012624943 0.999901712 0.006110998 -0.038315080 -0.116464525 -0.007540337 0.993166268 3.576773643
0.987356663 0.011766488 0.158076808 -0.232548058 -0.012856868 0.999900043 0.005876909 -0.038564660 -0.157991856 -0.007834978 0.987409353 3.594491482
0.978871346 0.011668967 0.204143912 -0.228252172 -0.013193804 0.999894381 0.006109914 -0.039010432 -0.204051062 -0.008674254 0.978921831 3.612286091
0.967608154 0.014016817 0.252067804 -0.221821308 -0.015455574 0.999873519 0.003728723 -0.039173290 -0.251983732 -0.007503795 0.967702270 3.629680395
0.952256024 0.014805395 0.304941744 -0.215303063 -0.015894262 0.999873102 0.001088378 -0.039755918 -0.304886937 -0.005883238 0.952370346 3.645901442
0.932583511 0.015122591 0.360637665 -0.207816839 -0.015713137 0.999875665 -0.001294652 -0.039934695 -0.360612392 -0.004459377 0.932705045 3.661212921
0.908274233 0.015137726 0.418101370 -0.199560642 -0.015545374 0.999876142 -0.002430959 -0.040646553 -0.418086410 -0.004291566 0.908397079 3.676075220
0.879598320 0.015489376 0.475464821 -0.189428449 -0.014744189 0.999877214 -0.005296948 -0.040649951 -0.475488544 -0.002351155 0.879718781 3.690732002
0.845911741 0.014566367 0.533123732 -0.179157376 -0.012508361 0.999893844 -0.007472655 -0.041084878 -0.533176064 -0.000347296 0.846004188 3.704230785
0.808798671 0.014630359 0.587903500 -0.168036222 -0.011248297 0.999892533 -0.009408310 -0.041277491 -0.587977946 0.000996516 0.808876336 3.716983080
0.769663692 0.012667973 0.638323784 -0.155978918 -0.010012398 0.999919713 -0.007771568 -0.041955575 -0.638370931 -0.000409657 0.769728780 3.728091717
0.726595640 0.011985746 0.686960816 -0.143370867 -0.011311316 0.999921024 -0.005482188 -0.042476993 -0.686972141 -0.003787096 0.726673782 3.739393711
0.681021214 0.011069922 0.732179999 -0.130100012 -0.010402202 0.999931097 -0.005442706 -0.042774998 -0.732189775 -0.003909684 0.681089520 3.749705791
0.635707736 0.009866796 0.771866739 -0.116208196 -0.006804651 0.999951124 -0.007178107 -0.043019108 -0.771899879 -0.000689106 0.635743737 3.757677078
0.588746250 0.007050128 0.808287084 -0.101500750 -0.000412911 0.999964535 -0.008421235 -0.043252394 -0.808317840 0.004624220 0.588728189 3.766059875
0.542359352 0.009156135 0.840096831 -0.086816549 -0.003109480 0.999955654 -0.008890968 -0.043969199 -0.840140939 0.002209835 0.542363763 3.773319721
0.494489610 0.012310663 0.869096279 -0.072359443 -0.006578734 0.999924064 -0.010420724 -0.044276305 -0.869158626 -0.000564615 0.494533122 3.780456305
0.449671954 0.014388976 0.893077731 -0.057199121 -0.007529356 0.999895751 -0.012318900 -0.044878751 -0.893162012 -0.001184838 0.449733436 3.786076784
0.406917423 0.011984628 0.913386285 -0.041504860 -0.000267598 0.999915421 -0.013000770 -0.045098096 -0.913464904 0.005045819 0.406886220 3.791275978
0.366833985 0.004063669 0.930277586 -0.025420547 0.014409678 0.999845684 -0.010049690 -0.045546502 -0.930174768 0.017091565 0.366718829 3.795700073
0.330595493 0.000606272 0.943772376 -0.009521365 0.018655363 0.999800265 -0.007177081 -0.045619376 -0.943588138 0.019979129 0.330518186 3.799940825
0.297908872 0.004148376 0.954585254 0.006938457 0.016097741 0.999826610 -0.009368799 -0.046291091 -0.954458535 0.018157715 0.297790438 3.804059744
0.266819060 0.012441956 0.963666260 0.024002373 0.005344597 0.999882162 -0.014389347 -0.046545230 -0.963731825 0.008989761 0.266721129 3.808880568
0.238566875 0.016449718 0.970986724 0.041231155 0.001671483 0.999848008 -0.017349342 -0.047236875 -0.971124649 0.005761966 0.238503158 3.812592983
0.212815404 0.018364396 0.976919830 0.059086978 0.002050284 0.999812782 -0.019241389 -0.047997706 -0.977090240 0.006097825 0.212737903 3.815715790
0.189187333 0.020272586 0.981731772 0.077268660 0.008842813 0.999711096 -0.022347935 -0.048487365 -0.981901228 0.012909214 0.188953385 3.818055153
0.168583959 0.025938332 0.985345900 0.095896721 0.015925210 0.999451458 -0.029034311 -0.048690733 -0.985558629 0.020586560 0.168078408 3.820426226
0.149865150 0.032884687 0.988159299 0.115413785 0.018938221 0.999167860 -0.036123212 -0.048502311 -0.988525033 0.024127588 0.149117664 3.822251797
0.130808324 0.033607945 0.990837812 0.135306031 0.016900245 0.999204397 -0.036122862 -0.049078919 -0.991263628 0.021470575 0.130136281 3.825199604
0.116545200 0.029206978 0.992755771 0.156453609 0.014437259 0.999412119 -0.031097677 -0.050350085 -0.993080437 0.017956957 0.116055027 3.827147007
0.101648577 0.026467582 0.994468093 0.177949935 0.014633507 0.999498010 -0.028097203 -0.051141120 -0.994712770 0.017408596 0.101210259 3.829099655
0.089002930 0.023527162 0.995753407 0.199367434 0.016794533 0.999543428 -0.025117852 -0.052113026 -0.995889723 0.018958773 0.088567160 3.830234766
0.077090569 0.022779969 0.996763766 0.221704543 0.020901758 0.999482393 -0.024458658 -0.052749779 -0.996804953 0.022719651 0.076574519 3.831454277
0.067194201 0.023256261 0.997468829 0.245551854 0.023934651 0.999403000 -0.024913713 -0.053544369 -0.997452736 0.025548125 0.066597462 3.832663536
0.059486806 0.023665443 0.997948468 0.269408584 0.025335832 0.999361157 -0.025209187 -0.054336745 -0.997907519 0.026783470 0.058849216 3.833703995
0.053681958 0.023693021 0.998277009 0.294601053 0.027010111 0.999318242 -0.025170190 -0.055359844 -0.998192668 0.028314758 0.053005408 3.834839821
0.048236109 0.025086533 0.998520792 0.320657790 0.028979404 0.999228597 -0.026504235 -0.055677913 -0.998415470 0.030214991 0.047471903 3.835994959
0.042381685 0.025680799 0.998771310 0.346635997 0.029077826 0.999214530 -0.026926072 -0.056838062 -0.998678267 0.030183269 0.041601643 3.836904526
0.037828770 0.025946802 0.998947263 0.374506414 0.032545269 0.999100566 -0.027183229 -0.057207976 -0.998754084 0.033539318 0.036950294 3.837861776
0.034923956 0.025952095 0.999052882 0.402955115 0.033646613 0.999065638 -0.027128611 -0.058163431 -0.998823404 0.034562189 0.034018122 3.838594437
0.032066319 0.025327818 0.999164641 0.432079971 0.034661070 0.999049544 -0.026437270 -0.059206288 -0.998884499 0.035479862 0.031157948 3.839212179
0.029468855 0.025144493 0.999249220 0.461587191 0.036740705 0.998980820 -0.026221251 -0.059767187 -0.998890221 0.037485845 0.028514996 3.840275764
0.028980816 0.024198024 0.999286950 0.492897213 0.041374628 0.998821080 -0.025386665 -0.061101694 -0.998723328 0.042080849 0.027945470 3.840556383
0.029742327 0.023811055 0.999273896 0.523479044 0.045197010 0.998661637 -0.025141712 -0.061811477 -0.998535275 0.045911964 0.028626336 3.841837168
0.032482017 0.023592051 0.999193728 0.556247771 0.046880983 0.998585045 -0.025101693 -0.063415371 -0.998372257 0.047658551 0.031330042 3.842823029
0.036038607 0.023746213 0.999068201 0.589594007 0.049256593 0.998460412 -0.025508562 -0.064151049 -0.998135746 0.050129998 0.034813471 3.844411373
0.040582519 0.023129694 0.998908401 0.623962402 0.049328376 0.998466551 -0.025123522 -0.065139890 -0.997957766 0.050294112 0.039379340 3.845155954
0.043819632 0.021511713 0.998807847 0.658830047 0.050623547 0.998435974 -0.023724660 -0.066343218 -0.997755945 0.051602803 0.042662099 3.847533464
0.048400298 0.019911278 0.998629510 0.693597436 0.050589718 0.998469114 -0.022359997 -0.067466229 -0.997546017 0.051602613 0.047318894 3.848673344
0.052520856 0.017896269 0.998459399 0.729289770 0.047313787 0.998672009 -0.020388879 -0.068023510 -0.997498333 0.048311736 0.051604372 3.850821972
0.056025520 0.017364578 0.998278201 0.765529394 0.046074107 0.998738706 -0.019958366 -0.068688452 -0.997365594 0.047112964 0.055154786 3.853754044
0.060105681 0.018326178 0.998023689 0.802561879 0.043301955 0.998842418 -0.020949062 -0.069832087 -0.997252405 0.044475541 0.059242535 3.856619835
0.063503720 0.021899946 0.997741222 0.838643789 0.041925196 0.998818099 -0.024592014 -0.071110345 -0.997100592 0.043392178 0.062510498 3.858489037
0.064669490 0.027149566 0.997537315 0.876027465 0.035177849 0.998946548 -0.029468469 -0.072923802 -0.997286499 0.036996920 0.063646317 3.861587524
0.064791493 0.030176185 0.997442365 0.912958801 0.032335117 0.998954475 -0.032322332 -0.074223250 -0.997374833 0.034346621 0.063748002 3.864018202
0.065139338 0.029903578 0.997428000 0.950643599 0.030104391 0.999037087 -0.031917859 -0.075415090 -0.997422040 0.032106057 0.064176381 3.866479635
0.064423949 0.028011404 0.997529268 0.988228083 0.027096525 0.999188304 -0.029807981 -0.077338740 -0.997554600 0.028949933 0.063612662 3.870041132
0.064035133 0.026462464 0.997596562 1.025150537 0.028303657 0.999198139 -0.028321737 -0.079029605 -0.997546196 0.030049225 0.063234799 3.872729778
0.064353608 0.025944311 0.997589767 1.062182307 0.025617942 0.999289632 -0.027641114 -0.080536991 -0.997598231 0.027335009 0.063643262 3.875335932
0.064644605 0.026350489 0.997560382 1.100423932 0.023683051 0.999329209 -0.027931942 -0.082115903 -0.997627258 0.025430920 0.063977197 3.878137827
0.064783290 0.026494483 0.997547567 1.137360334 0.020709127 0.999396503 -0.027888492 -0.083979815 -0.997684360 0.022465050 0.064195514 3.880533218
0.063727111 0.027601631 0.997585595 1.174211264 0.017820416 0.999426603 -0.028790960 -0.085632250 -0.997808218 0.019612152 0.063198693 3.883130074
0.060341757 0.027536649 0.997797728 1.211650491 0.014449304 0.999490619 -0.028457185 -0.087002158 -0.998073161 0.016134642 0.059913140 3.886259317
0.056511365 0.026946662 0.998038113 1.248428583 0.012404065 0.999539554 -0.027689552 -0.087938190 -0.998324811 0.013944503 0.056151103 3.888523340
0.052481081 0.024587851 0.998319089 1.285125494 0.010342809 0.999629915 -0.025163850 -0.089428112 -0.998568296 0.011646051 0.052207351 3.889985323
0.045699503 0.021835385 0.998716474 1.322275519 0.007893279 0.999722004 -0.022218550 -0.091378331 -0.998923957 0.008898524 0.045514446 3.892004967
0.038217168 0.022073204 0.999025583 1.359034538 0.007412729 0.999722302 -0.022372166 -0.092928767 -0.999242008 0.008260506 0.038042925 3.893769741
0.029671781 0.023128616 0.999291956 1.395954609 0.007324155 0.999700367 -0.023355544 -0.094214529 -0.999532819 0.008011971 0.029493490 3.894302845
0.019994903 0.023713075 0.999518752 1.432137251 0.008269133 0.999680758 -0.023882331 -0.095435038 -0.999765873 0.008742680 0.019792428 3.894729376
0.009849501 0.023211114 0.999682069 1.468925476 0.009330832 0.999684989 -0.023303116 -0.096466109 -0.999907970 0.009557391 0.009629820 3.894629478
-0.001243889 0.021713508 0.999763370 1.504920483 0.008285628 0.999730170 -0.021702474 -0.098199673 -0.999964893 0.008256672 -0.001423463 3.894981861
-0.012051910 0.020591345 0.999715209 1.541117430 0.009483235 0.999745309 -0.020477640 -0.099661276 -0.999882400 0.009233740 -0.012244113 3.894112110
-0.023670636 0.021260448 0.999493599 1.577496052 0.009778575 0.999730945 -0.021033917 -0.100753218 -0.999671996 0.009275739 -0.023872167 3.893710136
-0.034615312 0.021874923 0.999161243 1.613622546 0.009250099 0.999724686 -0.021566795 -0.102132320 -0.999357879 0.008495799 -0.034808129 3.892321825
-0.044873394 0.023118567 0.998725057 1.649552464 0.009429494 0.999697506 -0.022717403 -0.103534587 -0.998948097 0.008398065 -0.045077812 3.890138865
-0.055394541 0.023993880 0.998176157 1.683748841 0.009768809 0.999676406 -0.023487817 -0.104444981 -0.998416841 0.008449893 -0.055610996 3.888659239
-0.065004691 0.024843210 0.997575581 1.719318986 0.010882678 0.999648273 -0.024185684 -0.105895013 -0.997825563 0.009284110 -0.065252177 3.886048317
-0.074967787 0.025049979 0.996871114 1.753519297 0.011693917 0.999637783 -0.024240077 -0.107357696 -0.997117341 0.009840107 -0.075233541 3.884152889
-0.084905818 0.025904136 0.996052086 1.788214326 0.012062476 0.999615490 -0.024968570 -0.108299568 -0.996315897 0.009894880 -0.085185625 3.881603956
-0.092833310 0.024919083 0.995369732 1.821332097 0.014187994 0.999618351 -0.023702204 -0.109935388 -0.995580554 0.011921947 -0.093151435 3.877952576
-0.100578740 0.023866113 0.994642735 1.854820728 0.015198301 0.999632478 -0.022448979 -0.111107200 -0.994812965 0.012858988 -0.100904480 3.874519110
-0.106038772 0.022395331 0.994109809 1.888611078 0.018090799 0.999624431 -0.020589879 -0.112343118 -0.994197369 0.015800912 -0.106404066 3.871232033
-0.109289885 0.020595202 0.993796468 1.919508219 0.021342378 0.999603510 -0.018368477 -0.113550492 -0.993780732 0.019202493 -0.109686099 3.867237091
-0.112264737 0.019537888 0.993486226 1.952090740 0.023049725 0.999588907 -0.017053267 -0.114705831 -0.993410945 0.020985102 -0.112668939 3.863799572
-0.114458784 0.018543210 0.993254960 1.983941793 0.022889473 0.999609649 -0.016024154 -0.115886047 -0.993164182 0.020900974 -0.114838563 3.860806227
-0.114881136 0.019135773 0.993194818 2.012612581 0.023650391 0.999583781 -0.016523270 -0.116631404 -0.993097663 0.021591235 -0.115285881 3.857086658
-0.113528296 0.020081291 0.993331671 2.043181181 0.024739379 0.999542832 -0.017379383 -0.117611580 -0.993226647 0.022601359 -0.113973215 3.853219986
-0.110448405 0.022139382 0.993635178 2.071863174 0.026627876 0.999458909 -0.019309297 -0.118210658 -0.993524969 0.024325714 -0.110978171 3.849808455
-0.105313636 0.022346243 0.994187951 2.097856998 0.025782034 0.999472797 -0.019733958 -0.119611137 -0.994104743 0.023553930 -0.105834253 3.847077608
-0.097751737 0.023073019 0.994943321 2.124195576 0.025064435 0.999471247 -0.020715473 -0.120522447 -0.994895101 0.022912720 -0.098278373 3.844927788
-0.086617917 0.022528023 0.995986819 2.150336266 0.022063745 0.999542534 -0.020689629 -0.122106507 -0.995997190 0.020183107 -0.087075338 3.843052387
-0.072504453 0.023440426 0.997092485 2.175614595 0.023439417 0.999487758 -0.021792321 -0.122660540 -0.997092605 0.021791225 -0.073016748 3.841339350
-0.055536654 0.024527334 0.998155236 2.200129032 0.023292899 0.999458075 -0.023263346 -0.123865671 -0.998184919 0.021957960 -0.056077879 3.840725183
-0.033581812 0.027056437 0.999069571 2.224694252 0.021207331 0.999427795 -0.026353296 -0.124726906 -0.999210954 0.020302605 -0.034136385 3.839900970
-0.009332567 0.030017959 0.999505758 2.246516705 0.018923275 0.999375820 -0.029837361 -0.125976652 -0.999777377 0.018635465 -0.009894779 3.841010809
0.019239891 0.031974528 0.999303460 2.270127058 0.017076142 0.999332309 -0.032304220 -0.126935706 -0.999669015 0.017685775 0.018681044 3.842188120
0.052711055 0.031498142 0.998112917 2.293847084 0.014557731 0.999372005 -0.032306679 -0.128127798 -0.998503685 0.016233174 0.052219406 3.844035149
0.090975285 0.028879626 0.995434403 2.314958096 0.014159748 0.999440849 -0.030289959 -0.129024521 -0.995752454 0.016850736 0.090515487 3.846662045
0.133236408 0.025259556 0.990762353 2.338064432 0.012211813 0.999557316 -0.027126014 -0.129697710 -0.991009057 0.015713174 0.132868975 3.850713253
0.178371876 0.020904388 0.983741045 2.360068321 0.008854263 0.999699712 -0.022848966 -0.130885720 -0.983923256 0.012785913 0.178133219 3.855919361
0.227251694 0.017571094 0.973677456 2.380868435 0.004712718 0.999805689 -0.019142529 -0.131736457 -0.973824561 0.008938839 0.227124736 3.861910820
0.279480249 0.016397918 0.960011423 2.401597023 0.001003742 0.999848664 -0.017370587 -0.132368580 -0.960150838 0.005818340 0.279421508 3.868888378
0.334549934 0.015492477 0.942250669 2.423293114 -0.000303533 0.999866605 -0.016332027 -0.133393437 -0.942377865 0.005177875 0.334510028 3.877877235
0.391000271 0.016294830 0.920246303 2.441211462 0.002538188 0.999820411 -0.018782293 -0.133952498 -0.920387030 0.009679638 0.390888661 3.887559175
0.449748516 0.019381668 0.892944932 2.459701300 0.002651807 0.999731243 -0.023035133 -0.135035113 -0.893151283 0.012727933 0.449576199 3.899243832
0.510540485 0.023556866 0.859530866 2.476771832 0.004471449 0.999538362 -0.030049931 -0.135025680 -0.859842062 0.019185055 0.510199487 3.910138130
0.568225026 0.028421573 0.822382092 2.493201256 0.000549800 0.999389887 -0.034918852 -0.135319456 -0.822872937 0.020293910 0.567862749 3.923774242
0.624295056 0.030604595 0.780588865 2.508129597 -0.003628567 0.999335110 -0.036278956 -0.136382848 -0.781180263 0.019816360 0.623991013 3.937946320
0.677496672 0.031505682 0.734850764 2.522739887 -0.005207426 0.999262631 -0.038040966 -0.137126714 -0.735507369 0.021945948 0.677161157 3.953323841
0.725467265 0.028695330 0.687658131 2.535251856 -0.005250512 0.999332070 -0.036161993 -0.138214111 -0.688236654 0.022623789 0.725133479 3.969483137
0.771009207 0.024507049 0.636352241 2.548184156 -0.006578478 0.999512374 -0.030522458 -0.139149114 -0.636790037 0.019346870 0.770794570 3.987591505
0.811644197 0.020337028 0.583797932 2.557821512 -0.007908892 0.999684751 -0.023829153 -0.139498651 -0.584098518 0.014723603 0.811549187 4.005125046
0.847908676 0.018092662 0.529833496 2.568258047 -0.010621911 0.999796629 -0.017142307 -0.140226483 -0.530035973 0.008907265 0.847928405 4.025737286
0.879046679 0.012969670 0.476559132 2.577234745 -0.009579136 0.999908626 -0.009543355 -0.140869528 -0.476639360 0.003824030 0.879090548 4.046038151
0.904622376 0.014808838 0.425956517 2.583073139 -0.014232909 0.999888480 -0.004535155 -0.141177028 -0.425976127 -0.001959997 0.904732287 4.062897205
0.924706399 0.016419519 0.380326778 2.589424133 -0.017535530 0.999846160 -0.000530524 -0.141853943 -0.380276948 -0.006178654 0.924852014 4.083327770
0.940013409 0.022455258 0.340397656 2.595083714 -0.024531458 0.999697447 0.001796209 -0.141947061 -0.340254307 -0.010038905 0.940279841 4.104420662
0.951873839 0.026350975 0.305355132 2.600669861 -0.028040871 0.999606192 0.001148730 -0.142109707 -0.305204511 -0.009655868 0.952237844 4.127019405
0.960869312 0.029259775 0.275452375 2.605493784 -0.030790960 0.999525130 0.001235078 -0.142260611 -0.275285393 -0.009668189 0.961313844 4.149610996
0.967324138 0.023042621 0.252493173 2.610907316 -0.024134679 0.999707937 0.001228407 -0.142280757 -0.252391130 -0.007282110 0.967597842 4.169443130
0.971196890 0.019420141 0.237485528 2.616034508 -0.020383557 0.999790907 0.001601610 -0.142344385 -0.237404808 -0.006396279 0.971389711 4.192763805
0.974227488 0.023901364 0.224297643 2.620546818 -0.024932493 0.999687612 0.001765622 -0.142846286 -0.224185377 -0.007312417 0.974519014 4.214837074
0.976236701 0.029315706 0.214714810 2.625191212 -0.030548818 0.999530315 0.002426191 -0.142746314 -0.214542866 -0.008927820 0.976673722 4.239743233
0.977276087 0.036636505 0.208780557 2.629075050 -0.037628829 0.999291480 0.000781696 -0.142602175 -0.208603993 -0.008620100 0.977962196 4.262483120
0.977658272 0.042843789 0.205788583 2.634052038 -0.043204244 0.999062479 -0.002743852 -0.142832220 -0.205713212 -0.006208390 0.978592575 4.288103104
0.977772653 0.043662541 0.205070928 2.638653755 -0.043513693 0.999039173 -0.005237632 -0.143304124 -0.205102563 -0.003802179 0.978733063 4.311936855
0.977366149 0.042212974 0.207300276 2.644927502 -0.041217130 0.999108613 -0.009122615 -0.143581435 -0.207500547 0.000371813 0.978234828 4.338224411
0.976509571 0.040897209 0.211557299 2.649762392 -0.038502887 0.999139547 -0.015426421 -0.143993825 -0.212006181 0.006918480 0.977243841 4.363415718
0.975440860 0.040769797 0.216455445 2.655632019 -0.037157349 0.999094248 -0.020734388 -0.143851861 -0.217104748 0.012182257 0.976072311 4.392110825
0.974427819 0.045915678 0.219959408 2.661538363 -0.042598132 0.998896003 -0.019804476 -0.144911647 -0.220625922 0.009928172 0.975307941 4.416754246
0.972870409 0.049148973 0.226069927 2.667598724 -0.046763338 0.998779476 -0.015899166 -0.145455450 -0.226575449 0.004896047 0.973981261 4.446075916
0.971934855 0.046248395 0.230659187 2.675273180 -0.044830214 0.998929739 -0.011388472 -0.146143362 -0.230939016 0.000728354 0.972967923 4.476031780
0.971245766 0.041796207 0.234381422 2.681491852 -0.041629523 0.999117076 -0.005660894 -0.146749988 -0.234411106 -0.004259065 0.972128212 4.502354622
0.970449567 0.039125886 0.238110498 2.689428091 -0.040131483 0.999194264 -0.000624790 -0.147511750 -0.237943053 -0.008949399 0.971237838 4.533361435
0.969749510 0.034461815 0.241657004 2.697344303 -0.035373796 0.999373972 -0.000564909 -0.147477597 -0.241525188 -0.008000505 0.970361531 4.565746784
0.969964087 0.031273134 0.241229460 2.704154015 -0.031384915 0.999501824 -0.003379815 -0.148059949 -0.241214946 -0.004292667 0.970462203 4.591133595
0.970084727 0.030832132 0.240800709 2.712378263 -0.029142508 0.999519289 -0.010575603 -0.148519710 -0.241011038 0.003241694 0.970516860 4.624099731
0.970361948 0.033189133 0.239366248 2.720888615 -0.029757859 0.999396384 -0.017935686 -0.148621455 -0.239816979 0.010281073 0.970763624 4.657820225
0.970801234 0.035824746 0.237195015 2.726511955 -0.031758912 0.999276161 -0.020941556 -0.149412602 -0.237773538 0.012797032 0.971236229 4.683726311
0.971292198 0.034563906 0.235365152 2.734512568 -0.031530175 0.999364257 -0.016641911 -0.149869546 -0.235790715 0.008743055 0.971764445 4.718306065
0.971833766 0.030502658 0.233685195 2.743383646 -0.029132796 0.999532223 -0.009312365 -0.150491044 -0.233859926 0.002242167 0.972267687 4.754409790
0.972468019 0.030792853 0.230992958 2.750281334 -0.030918602 0.999517262 -0.003076429 -0.151431754 -0.230976135 -0.004150250 0.972950578 4.782955170
0.972728670 0.034135602 0.229420483 2.758324862 -0.034140240 0.999409318 -0.003950181 -0.151954427 -0.229419813 -0.003990015 0.973319411 4.819301605
0.973027110 0.039926101 0.227209702 2.766490936 -0.038894802 0.999202788 -0.009016225 -0.152093858 -0.227388501 -0.000064245 0.973804057 4.856676579
0.973867178 0.040939324 0.223397717 2.773000717 -0.038824983 0.999150097 -0.013850384 -0.152771115 -0.223774865 0.004815021 0.974628866 4.886252403
0.974780023 0.039081361 0.219718993 2.781199455 -0.036302418 0.999201775 -0.016672596 -0.153560057 -0.220195204 0.008275782 0.975420654 4.924142838
0.975680709 0.037316665 0.215996340 2.789805412 -0.034852516 0.999276876 -0.015207357 -0.154144675 -0.216407612 0.007309506 0.976275682 4.962852478
0.976640403 0.033683714 0.212223575 2.796957970 -0.031612579 0.999413788 -0.013145735 -0.154774413 -0.212541938 0.006129720 0.977132618 4.994571686
0.977012992 0.032740187 0.210650504 2.805128574 -0.031265888 0.999457777 -0.010326348 -0.155699402 -0.210874349 0.003502802 0.977506876 5.034063816
0.977401733 0.029953662 0.209257394 2.813831806 -0.028825287 0.999548852 -0.008440613 -0.156133682 -0.209415823 0.002217965 0.977824092 5.073577881
0.977560818 0.024242762 0.209253311 2.822434664 -0.023366215 0.999704838 -0.006660340 -0.156964332 -0.209353015 0.001621430 0.977838695 5.114673615
0.977804065 0.024903636 0.208036169 2.828973770 -0.024359461 0.999689877 -0.005177639 -0.157527566 -0.208100572 -0.000004932 0.978107393 5.143389225
0.977533340 0.031047948 0.208482012 2.837201118 -0.030259676 0.999517798 -0.006970100 -0.158300489 -0.208597884 0.000504906 0.978001416 5.183654308
0.977355003 0.035876609 0.208542734 2.845726490 -0.034336329 0.999349833 -0.011002542 -0.158274114 -0.208801910 0.003592797 0.977951288 5.225145817
0.976810992 0.045043193 0.209311604 2.854049206 -0.043405622 0.998980522 -0.012412971 -0.159150660 -0.209657341 0.003039825 0.977770209 5.265959263
0.975752652 0.051080134 0.212832063 2.859078646 -0.049816851 0.998694479 -0.011297769 -0.160359323 -0.213131279 0.000421205 0.977023423 5.295516491
0.974889815 0.053689707 0.216118395 2.867548704 -0.052954804 0.998554587 -0.009194089 -0.161440745 -0.216299638 -0.002481283 0.976323783 5.337162018
0.974403203 0.053877085 0.218255937 2.877438068 -0.052891769 0.998546541 -0.010358814 -0.162215531 -0.218496844 -0.001450281 0.975836515 5.380191803
0.974062026 0.051923458 0.220243245 2.886358023 -0.050215676 0.998649240 -0.013349474 -0.162576944 -0.220638901 0.001943552 0.975353658 5.421583652
0.974145770 0.045867946 0.221214712 2.893413305 -0.044340018 0.998946011 -0.011870652 -0.163529456 -0.221526012 0.001755082 0.975152910 5.450732708
0.974342227 0.039293885 0.221614718 2.903413057 -0.037251793 0.999216259 -0.013388537 -0.164550334 -0.221967101 0.004789472 0.975042462 5.492460251
0.974145830 0.038370918 0.222637489 2.913237572 -0.036281534 0.999250889 -0.013468858 -0.165802106 -0.222987488 0.005043003 0.974808276 5.534592152
0.973672628 0.039900064 0.224431649 2.922568560 -0.038442411 0.999201834 -0.010862530 -0.166646451 -0.224685907 0.001948856 0.974429250 5.576538086
0.973222792 0.042848781 0.225834608 2.928570271 -0.042898312 0.999068439 -0.004690364 -0.167225584 -0.225825220 -0.005123155 0.974154353 5.605469227
0.972785950 0.046587259 0.226973757 2.937751532 -0.047650047 0.998863757 -0.000797565 -0.168156415 -0.226753071 -0.010039451 0.973900557 5.646997452
0.972700357 0.045296423 0.227601126 2.947744846 -0.044815816 0.998968780 -0.007281829 -0.168938890 -0.227696300 -0.003117094 0.973727107 5.688600063
0.973108649 0.040396780 0.226776659 2.958188534 -0.036380291 0.999098837 -0.021864677 -0.169700503 -0.227455556 0.013026506 0.973701358 5.729153633
0.973140180 0.038642760 0.226946667 2.966957808 -0.032491725 0.998997927 -0.030778326 -0.170941994 -0.227908626 0.022577735 0.973420680 5.771504402
0.973471642 0.035764385 0.225994930 2.972703934 -0.031732302 0.999266207 -0.021450231 -0.171569407 -0.226596251 0.013709854 0.973892212 5.795299053
0.973940015 0.029864464 0.224830732 2.982825279 -0.030554334 0.999533057 -0.000411112 -0.173008487 -0.224738017 -0.006469158 0.974397719 5.837343693
0.974138975 0.026106957 0.224436253 2.991775990 -0.030064743 0.999446630 0.014234433 -0.173646033 -0.223940417 -0.020613937 0.974384785 5.879341125
0.974223495 0.031056227 0.223437041 3.000495911 -0.033789068 0.999393523 0.008417198 -0.174143687 -0.223040134 -0.015749957 0.974682033 5.919535637
