0.999989510 -0.002686279 -0.003718915 0.000323393 0.002678378 0.999994040 -0.002127791 -0.000346382 0.003724610 0.002117808 0.999990821 0.045127500
0.999968290 -0.001550039 -0.007806698 -0.000242777 0.001522953 0.999992728 -0.003474326 -0.000797597 0.007812026 0.003462327 0.999963462 0.091363013
0.999928594 -0.001510086 -0.011853130 -0.000919587 0.001450605 0.999986291 -0.005025212 -0.001004190 0.011860558 0.005007658 0.999917090 0.138300121
0.999861002 0.000003265 -0.016670028 -0.002304392 -0.000099340 0.999983311 -0.005762506 -0.001137000 0.016669733 0.005763362 0.999844432 0.186832041
0.999782681 -0.000933140 -0.020827409 -0.003801953 0.000811815 0.999982595 -0.005832987 -0.001850753 0.020832490 0.005814810 0.999766111 0.235941008
0.999678254 0.000575992 -0.025358016 -0.005414177 -0.000749489 0.999976337 -0.006832946 -0.002651738 0.025353480 0.006849753 0.999655247 0.285918981
0.999544144 0.003200902 -0.030019404 -0.007444917 -0.003442259 0.999962151 -0.007991822 -0.002571715 0.029992687 0.008091515 0.999517381 0.334170103
0.999397218 0.003748136 -0.034511629 -0.009920070 -0.003956975 0.999974370 -0.005984948 -0.003456316 0.034488309 0.006117902 0.999386370 0.389913380
0.999249339 0.002458268 -0.038659338 -0.012482621 -0.002587958 0.999991179 -0.003305025 -0.003676852 0.038650870 0.003402592 0.999246955 0.440718323
0.999115169 0.002736198 -0.041969184 -0.015171062 -0.002776029 0.999995708 -0.000890807 -0.004227545 0.041966561 0.001006527 0.999118507 0.496292800
0.999037206 0.004398013 -0.043649022 -0.018998947 -0.004484979 0.999988079 -0.001894678 -0.004593924 0.043640167 0.002088618 0.999045134 0.547182024
0.998918056 0.003628100 -0.046361320 -0.021411974 -0.003708998 0.999991894 -0.001659045 -0.005494011 0.046354916 0.001829204 0.998923361 0.604073465
0.998850226 0.001122010 -0.047924478 -0.024195122 -0.001215638 0.999997437 -0.001924568 -0.006112564 0.047922198 0.001980614 0.998849094 0.656497240
0.998708665 0.000169712 -0.050801493 -0.026166536 -0.000228596 0.999999285 -0.001153288 -0.006571634 0.050801259 0.001163412 0.998708069 0.714644790
0.998665273 -0.001566111 -0.051625121 -0.029655538 0.001491713 0.999997735 -0.001479618 -0.006976261 0.051627330 0.001400634 0.998665452 0.767770708
0.998529077 0.001162948 -0.054205183 -0.032552358 -0.001365896 0.999992311 -0.003707174 -0.007812804 0.054200456 0.003775761 0.998522937 0.827633560
0.998451352 0.001562804 -0.055608526 -0.035986852 -0.001906732 0.999979377 -0.006132299 -0.008431034 0.055597793 0.006228833 0.998433828 0.882103920
0.998337269 0.005538773 -0.057375811 -0.039782777 -0.006020483 0.999947906 -0.008226254 -0.009187671 0.057327271 0.008558004 0.998318732 0.941892624
0.998213291 0.005862015 -0.059463818 -0.042293899 -0.006333082 0.999949992 -0.007736549 -0.009844777 0.059415493 0.008099317 0.998200417 0.998398781
0.998200476 0.005845872 -0.059679952 -0.046982031 -0.006284704 0.999954462 -0.007168045 -0.010484680 0.059635345 0.007530219 0.998191774 1.053535819
0.998136282 0.005910308 -0.060737047 -0.052186474 -0.006188341 0.999971211 -0.004390561 -0.012038447 0.060709357 0.004758241 0.998144090 1.118106842
0.998119593 0.005555299 -0.061044823 -0.056636453 -0.005827873 0.999973834 -0.004287974 -0.012899626 0.061019413 0.004635673 0.998125792 1.174412370
0.998018146 0.005203195 -0.062712193 -0.060367562 -0.005560591 0.999969244 -0.005525783 -0.013191773 0.062681526 0.005863549 0.998016357 1.231002688
0.997899711 0.003522427 -0.064680673 -0.063159421 -0.003905228 0.999975502 -0.005792844 -0.014414821 0.064658679 0.006033270 0.997889221 1.294589281
0.997842610 0.003623642 -0.065551020 -0.066437513 -0.003865980 0.999986053 -0.003570465 -0.015698176 0.065537177 0.003816181 0.997842848 1.351815820
0.997869074 0.004441507 -0.065095596 -0.071517691 -0.004511981 0.999989390 -0.000935661 -0.015609074 0.065090738 0.001227378 0.997878611 1.410750151
0.997917950 0.005265397 -0.064278848 -0.076081544 -0.005075878 0.999982178 0.003111334 -0.016668864 0.064294085 -0.002778585 0.997927129 1.472316623
0.997980595 0.005564059 -0.063272655 -0.079185411 -0.005193435 0.999968350 0.006020542 -0.016699608 0.063304164 -0.005679783 0.997978151 1.532320380
0.998108447 0.004569196 -0.061306920 -0.083568692 -0.004168445 0.999969065 0.006663118 -0.017192859 0.061335474 -0.006394961 0.998096704 1.593278885
0.998104990 0.005002078 -0.061328616 -0.085802309 -0.004727894 0.999978125 0.004615030 -0.018494401 0.061350353 -0.004316330 0.998106956 1.650391817
0.998211563 0.005378289 -0.059536420 -0.090533897 -0.005442763 0.999984741 -0.000920822 -0.017859936 0.059530560 0.001243217 0.998225689 1.710890174
0.998315930 0.005738477 -0.057724509 -0.095009714 -0.006003164 0.999972284 -0.004412991 -0.017870147 0.057697587 0.004752090 0.998322785 1.775361419
0.998376429 0.003270598 -0.056867175 -0.098501749 -0.003473357 0.999987960 -0.003466999 -0.018630991 0.056855153 0.003658890 0.998375714 1.835474014
0.998349130 0.001637568 -0.057412695 -0.101914778 -0.001546780 0.999997497 0.001625725 -0.019381436 0.057415210 -0.001534237 0.998349190 1.899472117
0.998309314 -0.002131124 -0.058086008 -0.105696090 0.002438551 0.999983430 0.005222236 -0.020137709 0.058073912 -0.005355052 0.998297930 1.960823655
0.998204172 -0.009054909 -0.059214782 -0.108610749 0.009324199 0.999947369 0.004272895 -0.020384528 0.059172977 -0.004817352 0.998236179 2.022639990
0.998133659 -0.011036073 -0.060061608 -0.112551026 0.011116133 0.999937713 0.000998973 -0.021432308 0.060046848 -0.001664761 0.998194098 2.082644463
0.998003304 -0.011451229 -0.062114175 -0.116036147 0.011262805 0.999930859 -0.003382766 -0.021470167 0.062148619 0.002676432 0.998063266 2.147100449
0.997888327 -0.010139129 -0.064156510 -0.120298326 0.009864585 0.999940753 -0.004594604 -0.021693096 0.064199321 0.003952024 0.997929156 2.208663225
0.997831881 -0.009665628 -0.065100968 -0.124509670 0.009506709 0.999950945 -0.002750448 -0.023138052 0.065124348 0.002125588 0.997874916 2.272707462
0.997783065 -0.006506014 -0.066232771 -0.129415736 0.006521369 0.999978662 0.000015606 -0.023867089 0.066231258 -0.000447500 0.997804224 2.335559845
0.997698069 -0.007010394 -0.067447267 -0.133741468 0.007118037 0.999973714 0.001355766 -0.024497498 0.067435995 -0.001832738 0.997721851 2.399104357
0.997636974 -0.005621318 -0.068473987 -0.138119474 0.005862914 0.999977291 0.003327856 -0.024399491 0.068453737 -0.003721450 0.997647285 2.461773396
0.997655571 -0.005801165 -0.068188004 -0.143060893 0.006281962 0.999956846 0.006838724 -0.025533609 0.068145387 -0.007251045 0.997649074 2.524838924
0.997644901 0.000452905 -0.068588138 -0.148061231 0.000177784 0.999957740 0.009188922 -0.025881145 0.068589389 -0.009179475 0.997602820 2.586676121
0.997625053 0.000189219 -0.068878204 -0.152453020 0.000408779 0.999962330 0.008667759 -0.026197013 0.068877257 -0.008675330 0.997587323 2.650190830
0.997626185 -0.000198608 -0.068861946 -0.156732678 0.000713113 0.999972045 0.007447047 -0.026623454 0.068858534 -0.007478476 0.997598350 2.712031364
0.997645736 0.002161584 -0.068542615 -0.161798388 -0.001851016 0.999987721 0.004594201 -0.026446188 0.068551727 -0.004456512 0.997637510 2.775193691
0.997529328 0.001105752 -0.070241056 -0.165489241 -0.000736526 0.999985814 0.005282234 -0.027514409 0.070245907 -0.005217450 0.997515976 2.837016344
0.997493148 -0.000320685 -0.070761301 -0.170708388 0.000727064 0.999983370 0.005717279 -0.027376339 0.070758313 -0.005754394 0.997476876 2.899834156
0.997424066 0.001125357 -0.071719691 -0.175208181 -0.000657245 0.999978304 0.006550229 -0.027728723 0.071725503 -0.006486220 0.997403264 2.961328030
0.997401059 0.002510086 -0.072006248 -0.180030018 -0.002241818 0.999990225 0.003806201 -0.029106036 0.072015122 -0.003634884 0.997396946 3.022528887
0.997297108 0.002796845 -0.073419467 -0.184145302 -0.002856174 0.999995649 -0.000703110 -0.029234516 0.073417187 0.000910909 0.997300923 3.083385229
0.997281075 0.004235058 -0.073568806 -0.189313561 -0.004407540 0.999987900 -0.002182321 -0.029731650 0.073558696 0.002500645 0.997287691 3.144071817
0.997278869 0.002608542 -0.073674805 -0.193858743 -0.002482649 0.999995232 0.001800288 -0.031032419 0.073679164 -0.001612480 0.997280598 3.204854250
0.997246325 0.000892937 -0.074153915 -0.197684541 -0.000530738 0.999987781 0.004903992 -0.031486627 0.074157402 -0.004851132 0.997234702 3.264312744
0.997264802 -0.000764311 -0.073906884 -0.202815801 0.001154064 0.999985576 0.005230994 -0.031971324 0.073901832 -0.005301979 0.997251332 3.324955702
0.997284412 -0.003003990 -0.073585011 -0.207632050 0.003265200 0.999988794 0.003429735 -0.032176070 0.073573895 -0.003660690 0.997283041 3.383618116
0.997249842 -0.006594546 -0.073818281 -0.212351680 0.006783414 0.999974310 0.002308130 -0.032559916 0.073801167 -0.002802522 0.997268975 3.444221020
0.997097194 -0.007783088 -0.075738974 -0.215387896 0.008110323 0.999958992 0.004013945 -0.034116592 0.075704619 -0.004616562 0.997119546 3.502694845
0.996965230 -0.011437992 -0.077001087 -0.219623685 0.012072581 0.999896765 0.007780878 -0.033813804 0.076904140 -0.008686868 0.997000515 3.561583042
0.996926367 -0.011617941 -0.077476695 -0.224572644 0.012643135 0.999838710 0.012754929 -0.034360230 0.077316009 -0.013695274 0.996912539 3.621843338
0.996891260 -0.009639366 -0.078196853 -0.229257241 0.010816665 0.999834299 0.014646005 -0.034547620 0.078042716 -0.015446304 0.996830344 3.680866241
0.996796429 -0.007983400 -0.079580352 -0.234405279 0.008860140 0.999903798 0.010670025 -0.035064150 0.079487510 -0.011340935 0.996771276 3.738596678
0.996727288 -0.007034104 -0.080529876 -0.239743382 0.007321766 0.999967754 0.003277360 -0.035075232 0.080504239 -0.003856255 0.996746719 3.796814203
0.996658921 -0.005482384 -0.081490919 -0.244657665 0.005404557 0.999984622 -0.001175599 -0.035726324 0.081496112 0.000731249 0.996673346 3.853337288
0.996606767 -0.000230117 -0.082308300 -0.250061184 0.000148025 0.999999404 -0.001003456 -0.035778683 0.082308486 0.000987867 0.996606350 3.910181284
0.996538401 0.001872589 -0.083112061 -0.255370408 -0.001737516 0.999996960 0.001697484 -0.037311666 0.083114982 -0.001547200 0.996538877 3.966039658
0.996464670 0.004951733 -0.083866432 -0.260513037 -0.004718786 0.999984384 0.002975598 -0.037970833 0.083879858 -0.002569331 0.996472597 4.020008087
0.996331036 0.006038767 -0.085369900 -0.264938325 -0.005807044 0.999978662 0.002962406 -0.039297517 0.085385978 -0.002455791 0.996344864 4.073816299
0.996223211 0.007142241 -0.086534142 -0.270815343 -0.006819495 0.999968529 0.004024738 -0.039662819 0.086560160 -0.003419418 0.996240795 4.128209591
0.996114075 0.008436928 -0.087666757 -0.275594771 -0.008091089 0.999957919 0.004299527 -0.039911591 0.087699346 -0.003573499 0.996140659 4.179188251
0.995981395 0.007745220 -0.089223877 -0.280094355 -0.007311691 0.999959767 0.005184710 -0.041037776 0.089260444 -0.004511498 0.995998144 4.229517937
0.995848417 0.007566479 -0.090712152 -0.284967721 -0.007021873 0.999955356 0.006321312 -0.041794825 0.090755925 -0.005658098 0.995857120 4.281674385
0.995678723 0.010558655 -0.092262775 -0.289131880 -0.009785208 0.999913156 0.008831452 -0.042002514 0.092348017 -0.007890477 0.995695472 4.330494881
0.995531321 0.012660582 -0.093579799 -0.294037312 -0.011502342 0.999850512 0.012906091 -0.042519052 0.093729213 -0.011772030 0.995528221 4.379035950
0.995353997 0.015322234 -0.095055670 -0.299338222 -0.014001870 0.999796212 0.014541935 -0.042664148 0.095259130 -0.013143416 0.995365739 4.427664280
0.995250702 0.017816704 -0.095700294 -0.305667698 -0.016874960 0.999800920 0.010640926 -0.043321539 0.095870830 -0.008975451 0.995353281 4.473691940
0.995122015 0.017791580 -0.097034603 -0.310244858 -0.017568525 0.999840617 0.003152722 -0.043516487 0.097075239 -0.001432586 0.995276034 4.518342972
0.994992316 0.017060986 -0.098484769 -0.314554483 -0.017410342 0.999844730 -0.002688874 -0.043941632 0.098423615 0.004390065 0.995134950 4.561686993
0.994930446 0.017510561 -0.099028558 -0.318820238 -0.017938767 0.999833107 -0.003435201 -0.044809446 0.098951884 0.005194238 0.995078683 4.603415489
0.994838357 0.020412281 -0.099398032 -0.324373513 -0.020497916 0.999789774 0.000159737 -0.045741349 0.099380411 0.001878540 0.995047748 4.646721840
0.994692504 0.020829117 -0.100762516 -0.328486502 -0.020700417 0.999782920 0.002322765 -0.046691597 0.100789048 -0.000224610 0.994907796 4.686738014
0.994657040 0.017852772 -0.101679452 -0.332372993 -0.018037714 0.999836922 -0.000899719 -0.047718644 0.101646788 0.002728977 0.994816840 4.725823402
0.994732499 0.009361833 -0.102076709 -0.335450590 -0.010101336 0.999926269 -0.006730076 -0.047481213 0.102006190 0.007725737 0.994753778 4.764026165
0.994904220 0.005384437 -0.100681603 -0.339210212 -0.006550719 0.999915123 -0.011256846 -0.048607118 0.100612447 0.011859020 0.994854987 4.800621033
0.995180905 0.007472525 -0.097770788 -0.342572391 -0.008728421 0.999884605 -0.012423910 -0.048164714 0.097666681 0.013217425 0.995131373 4.836868286
0.995576322 0.012714615 -0.093092710 -0.347076237 -0.013609936 0.999866903 -0.008988949 -0.049617101 0.092966042 0.010216171 0.995616972 4.871231556
0.995956004 0.010981170 -0.089166500 -0.349672794 -0.011543434 0.999916553 -0.005792513 -0.050362244 0.089095451 0.006798377 0.995999813 4.906518459
0.996492445 0.007679859 -0.083329044 -0.351819843 -0.007798445 0.999968946 -0.001097731 -0.051710453 0.083318025 0.001743718 0.996521413 4.939653873
0.997140527 0.002953207 -0.075510077 -0.352897435 -0.002794246 0.999993563 0.002210735 -0.052275572 0.075516105 -0.001993420 0.997142553 4.972292900
0.997896373 0.006476799 -0.064503789 -0.355659306 -0.006384322 0.999978244 0.001639694 -0.052543700 0.064513013 -0.001224432 0.997916222 5.004858017
0.998715043 0.011593923 -0.049333226 -0.357029319 -0.011528078 0.999932289 0.001619002 -0.053525459 0.049348660 -0.001048205 0.998781025 5.035684586
0.999398410 0.016763389 -0.030358370 -0.358625621 -0.016703309 0.999857962 0.002231491 -0.053927418 0.030391477 -0.001723064 0.999536574 5.065783501
0.999840081 0.015455578 -0.008985045 -0.357714176 -0.015436521 0.999878407 0.002186693 -0.053755812 0.009017750 -0.002047645 0.999957204 5.096112251
0.999781370 0.012080998 0.017060410 -0.355457634 -0.012132205 0.999922097 0.002901188 -0.053995378 -0.017024033 -0.003107534 0.999850214 5.124558449
0.998812377 0.010840210 0.047499828 -0.353632033 -0.011065984 0.999928594 0.004492735 -0.054694518 -0.047447737 -0.005013032 0.998861134 5.152912140
0.996741474 0.010225103 0.080010556 -0.350027680 -0.010794570 0.999919355 0.006688091 -0.055768430 -0.079935730 -0.007529978 0.996771574 5.179709435
0.992971003 0.010805688 0.117864236 -0.345551014 -0.011714224 0.999906778 0.007018283 -0.055910662 -0.117777422 -0.008349639 0.993004918 5.206678867
0.987285614 0.010574550 0.158603892 -0.339492500 -0.011703120 0.999912441 0.006183318 -0.055889007 -0.158524603 -0.007960862 0.987322986 5.231915951
0.979036510 0.009859455 0.203445747 -0.332392573 -0.011538605 0.999908388 0.007069021 -0.056857582 -0.203357443 -0.009268310 0.979060709 5.257381916
0.967596650 0.012155524 0.252207458 -0.324495316 -0.013981205 0.999887288 0.005447951 -0.057577513 -0.252112865 -0.008797582 0.967657804 5.281210899
0.952246308 0.012535813 0.305073291 -0.314580321 -0.013857931 0.999901593 0.002168602 -0.057912350 -0.305016130 -0.006292728 0.952326357 5.305106163
0.932451308 0.013184853 0.361054987 -0.303959250 -0.014007261 0.999901891 -0.000339199 -0.058092829 -0.361023992 -0.004741105 0.932544529 5.327710152
0.908171475 0.013606604 0.418377161 -0.291989446 -0.014058435 0.999899209 -0.002002413 -0.058586940 -0.418362141 -0.004063191 0.908271313 5.348905087
0.879272640 0.013609486 0.476124346 -0.278715849 -0.013383391 0.999903083 -0.003865619 -0.059047502 -0.476130754 -0.002973224 0.879369557 5.368518829
0.845740080 0.012729465 0.533443213 -0.263543129 -0.011021870 0.999918818 -0.006386420 -0.059297279 -0.533481121 -0.000478290 0.845811784 5.388155937
0.809382021 0.012704557 0.587144971 -0.246953964 -0.010053246 0.999919236 -0.007777654 -0.059898335 -0.587196350 0.000392381 0.809444308 5.405636787
0.769016564 0.010928487 0.639135599 -0.230608225 -0.009197110 0.999939501 -0.006031736 -0.060976513 -0.639162779 -0.001239694 0.769070446 5.422571182
0.727404356 0.010452696 0.686129451 -0.211755276 -0.009962117 0.999939442 -0.004671971 -0.060990728 -0.686136723 -0.003436891 0.727464497 5.437351227
0.683008492 0.009624782 0.730346978 -0.192658663 -0.008502642 0.999950111 -0.005226184 -0.060895242 -0.730360866 -0.002640350 0.683056474 5.450837135
0.636316895 0.008331020 0.771382749 -0.172533989 -0.005386007 0.999965250 -0.006356798 -0.061459616 -0.771408975 -0.000109735 0.636339784 5.464118004
0.588780105 0.005783286 0.808272541 -0.152613401 -0.000568800 0.999977112 -0.006740615 -0.062466651 -0.808293045 0.003508995 0.588769972 5.475773811
0.542843640 0.007569613 0.839799702 -0.131459236 -0.002566983 0.999969602 -0.007354031 -0.063407689 -0.839829862 0.001836337 0.542846620 5.485935688
0.496285796 0.010791673 0.868092120 -0.109765291 -0.006034963 0.999941468 -0.008980585 -0.063753158 -0.868138254 -0.000781967 0.496321917 5.495638371
0.449291825 0.012847254 0.893292665 -0.088932037 -0.007441719 0.999915659 -0.010637800 -0.064595744 -0.893354118 -0.001868156 0.449349523 5.505296707
0.405678242 0.010407180 0.913956702 -0.067142129 -0.000362460 0.999936879 -0.011225347 -0.064919233 -0.914015949 0.004222608 0.405656397 5.513053894
0.367177606 0.002163382 0.930148363 -0.042880297 0.014911005 0.999855042 -0.008211656 -0.065660402 -0.930031419 0.016884584 0.367092162 5.518435955
0.331741929 -0.000985422 0.943369567 -0.019607425 0.018394239 0.999816120 -0.005424068 -0.065681897 -0.943190813 0.019151956 0.331699133 5.524221420
0.299140215 0.003488626 0.954202771 0.004313111 0.016100885 0.999832511 -0.008703039 -0.065886073 -0.954073250 0.017966939 0.299033970 5.530299664
0.267308921 0.010871473 0.963549495 0.028244019 0.004825284 0.999908626 -0.012620338 -0.067007832 -0.963598728 0.008022927 0.267232060 5.537276745
0.238929763 0.014857545 0.970923126 0.052311540 0.000775498 0.999879718 -0.015491487 -0.068124592 -0.971036553 0.004454327 0.238889456 5.542693138
0.213235393 0.016804488 0.976856351 0.078771114 0.001733391 0.999843955 -0.017578319 -0.068981901 -0.976999342 0.005441593 0.213172972 5.547297478
0.189363524 0.018735936 0.981728315 0.104752898 0.008634266 0.999747515 -0.020745272 -0.069537818 -0.981869102 0.012404901 0.189153954 5.550706863
0.170051575 0.024450310 0.985131860 0.132131696 0.016097443 0.999489963 -0.027585376 -0.069626138 -0.985303640 0.020549046 0.169571251 5.553353786
0.150590256 0.031325772 0.988099754 0.159541428 0.018246029 0.999239564 -0.034459703 -0.069564536 -0.988427877 0.023218198 0.149904147 5.556468010
0.132675901 0.031985529 0.990643322 0.188586593 0.016041167 0.999278963 -0.034412734 -0.070485249 -0.991029620 0.020456815 0.132067174 5.560264111
0.117125072 0.027716689 0.992730379 0.218056142 0.013536597 0.999473035 -0.029502034 -0.072093412 -0.993024945 0.016893620 0.116688177 5.563273430
0.102566227 0.024515426 0.994424045 0.249872684 0.014103375 0.999559879 -0.026096685 -0.073236354 -0.994626224 0.016701372 0.102175340 5.566461563
0.088993207 0.022409083 0.995780110 0.281590611 0.016248250 0.999581158 -0.023946732 -0.074064896 -0.995899737 0.018310776 0.088591821 5.568569183
0.077735022 0.021068839 0.996751308 0.314348221 0.019915923 0.999544382 -0.022681084 -0.075435475 -0.996775091 0.021614341 0.077280015 5.570290565
0.067139499 0.021678088 0.997507989 0.348582804 0.023468759 0.999453008 -0.023299975 -0.076346204 -0.997467577 0.024974622 0.066594027 5.572282791
0.059825294 0.022501642 0.997955143 0.383645296 0.025138488 0.999394834 -0.024041105 -0.077163212 -0.997892201 0.026525356 0.059223432 5.573481083
0.054608587 0.022383768 0.998256922 0.419730932 0.026930401 0.999351978 -0.023881529 -0.078309514 -0.998144507 0.028187595 0.053970400 5.574631691
0.048625410 0.023863118 0.998531938 0.457736671 0.028426444 0.999276519 -0.025265189 -0.079083569 -0.998412490 0.029613242 0.047911886 5.576894283
0.042766221 0.023980917 0.998797178 0.496086121 0.029415948 0.999248266 -0.025251269 -0.080446661 -0.998651981 0.030460468 0.042028643 5.578226089
0.038242601 0.024647413 0.998964548 0.535683632 0.031078262 0.999182820 -0.025842546 -0.081219591 -0.998785079 0.032034364 0.037445355 5.579474449
0.035366833 0.024622997 0.999070942 0.576297700 0.032274593 0.999146819 -0.025767379 -0.082480043 -0.998853087 0.033155914 0.034541953 5.580906868
0.032488894 0.023964103 0.999184728 0.618438125 0.033686832 0.999118268 -0.025057850 -0.084068902 -0.998904228 0.034473468 0.031652957 5.581586361
0.029907301 0.023368541 0.999279499 0.660216153 0.036092840 0.999049544 -0.024443381 -0.085265070 -0.998900771 0.036797877 0.029035430 5.583066940
0.029237375 0.022953385 0.999308765 0.705973625 0.040312108 0.998895884 -0.024123328 -0.086633548 -0.998759270 0.040989559 0.028279794 5.583720684
0.030279685 0.022667903 0.999284327 0.750225067 0.043776110 0.998753488 -0.023982335 -0.087454334 -0.998582363 0.044470966 0.029249631 5.585337162
0.032703929 0.021967983 0.999223650 0.797498941 0.045605298 0.998684227 -0.023448758 -0.089908823 -0.998424053 0.046336759 0.031659044 5.586964130
0.036416408 0.022130799 0.999091625 0.846559465 0.047830041 0.998570442 -0.023862639 -0.091237925 -0.998191416 0.048655581 0.035305835 5.588094711
0.040770959 0.021711882 0.998932600 0.894720018 0.048449337 0.998544872 -0.023680896 -0.092495218 -0.997993171 0.049363110 0.039659709 5.590231419
0.044065949 0.020088248 0.998826623 0.944648266 0.049835484 0.998508930 -0.022280488 -0.094103590 -0.997784853 0.050758816 0.042999126 5.593943119
0.048596416 0.018463109 0.998647809 0.996814907 0.049522892 0.998554826 -0.020871285 -0.095278956 -0.997589946 0.050470199 0.047611840 5.595086098
0.052696276 0.015845306 0.998484850 1.046512961 0.046705268 0.998740733 -0.018314295 -0.096837014 -0.997517765 0.047599595 0.051889863 5.597714424
0.056712646 0.015007091 0.998277783 1.100236773 0.045421273 0.998812854 -0.017595541 -0.098347858 -0.997356772 0.046340935 0.055963688 5.602042675
0.060559534 0.016411286 0.998029768 1.154661298 0.042649157 0.998909116 -0.019013664 -0.099559039 -0.997253001 0.043716572 0.059793558 5.605789661
0.063916154 0.020350546 0.997747719 1.207260370 0.040672317 0.998908222 -0.022979705 -0.101356804 -0.997126102 0.042049479 0.063018672 5.609159946
0.065774091 0.025716998 0.997503161 1.260751486 0.035261661 0.998983562 -0.028080277 -0.102880701 -0.997211277 0.037020564 0.064800419 5.612960339
0.064615808 0.028545216 0.997501850 1.316120148 0.031739045 0.999026358 -0.030644819 -0.105550803 -0.997405350 0.033639885 0.063646898 5.618094444
0.065150045 0.028770903 0.997460544 1.369859099 0.029293882 0.999098301 -0.030731494 -0.106661186 -0.997445405 0.031221651 0.064248480 5.621438503
0.064912550 0.026787343 0.997531295 1.423944712 0.026684655 0.999235570 -0.028569562 -0.109006673 -0.997534156 0.028473303 0.064148106 5.625914574
0.065044589 0.025466111 0.997557402 1.479135513 0.027587308 0.999246240 -0.027308028 -0.111032151 -0.997501016 0.029296156 0.064293034 5.629421711
0.065580547 0.024227625 0.997553110 1.532105923 0.024800919 0.999356747 -0.025901880 -0.114200965 -0.997538984 0.026438892 0.064937495 5.632439613
0.065250576 0.025102405 0.997553051 1.587416410 0.023676371 0.999363184 -0.026696637 -0.115830734 -0.997587919 0.025360409 0.064614668 5.637391090
0.065577731 0.025823005 0.997513235 1.641416669 0.020589666 0.999417186 -0.027225889 -0.117909789 -0.997634947 0.022323873 0.065007821 5.640826702
0.063936234 0.027348444 0.997579157 1.695019603 0.017788842 0.999434352 -0.028539414 -0.119829834 -0.997795403 0.019570477 0.063413568 5.645395756
0.060864437 0.026872741 0.997784197 1.748558521 0.014579844 0.999506891 -0.027808508 -0.122369207 -0.998039544 0.016240085 0.060442630 5.649462223
0.056967124 0.025530403 0.998049498 1.802468061 0.011843641 0.999585390 -0.026245706 -0.124602117 -0.998305857 0.013315679 0.056641132 5.652899742
0.052765336 0.023288947 0.998335302 1.856216908 0.009515219 0.999670923 -0.023823017 -0.126609012 -0.998561680 0.010756412 0.052526381 5.655450821
0.046641499 0.020546699 0.998700202 1.907247424 0.007703078 0.999751270 -0.020928068 -0.129271269 -0.998881936 0.008669185 0.046471637 5.657247066
0.038731992 0.021280630 0.999022901 1.963094234 0.007986905 0.999734700 -0.021605436 -0.130855262 -0.999217749 0.008815926 0.038551752 5.660488605
0.030793896 0.022219226 0.999278665 2.015413284 0.008057979 0.999714911 -0.022477238 -0.132653892 -0.999493301 0.008744328 0.030606076 5.660920620
0.020497657 0.022311488 0.999540925 2.065127134 0.008499077 0.999711037 -0.022489574 -0.134479463 -0.999753773 0.008956159 0.020302104 5.662001133
0.010551948 0.021665478 0.999709547 2.118865967 0.009544564 0.999717474 -0.021766394 -0.135933056 -0.999898791 0.009771470 0.010342176 5.662054539
-0.000295579 0.021011680 0.999779224 2.170840740 0.008987104 0.999738872 -0.021008180 -0.137731001 -0.999959588 0.008978911 -0.000484342 5.661769390
-0.011582014 0.019555848 0.999741614 2.221094131 0.010253163 0.999758482 -0.019437395 -0.140279010 -0.999880373 0.010025390 -0.011779726 5.661408424
-0.023193732 0.019958464 0.999531686 2.271487951 0.010825952 0.999747157 -0.019711550 -0.141927093 -0.999672353 0.010363700 -0.023403937 5.660678864
-0.033532530 0.020844234 0.999220192 2.323287487 0.010656629 0.999733031 -0.020497311 -0.143469170 -0.999380708 0.009960994 -0.033745710 5.658493519
-0.043820929 0.021517100 0.998807669 2.374151468 0.010782703 0.999719858 -0.021063684 -0.145463705 -0.998981178 0.009846817 -0.044040672 5.655786037
-0.053790919 0.021868937 0.998312771 2.423906088 0.010973724 0.999712646 -0.021308322 -0.147745103 -0.998491824 0.009809016 -0.054015450 5.652143002
-0.064307205 0.023510477 0.997653186 2.475177526 0.011403775 0.999674439 -0.022823039 -0.148809180 -0.997864962 0.009909327 -0.064554386 5.650624275
-0.074223064 0.024105808 0.996950328 2.524782419 0.012396101 0.999652863 -0.023248263 -0.150318012 -0.997164547 0.010632742 -0.074496120 5.647233486
-0.083129644 0.024159482 0.996245801 2.575390816 0.012446435 0.999653220 -0.023203548 -0.152485520 -0.996460915 0.010470808 -0.083401516 5.642307758
-0.092164591 0.023835288 0.995458424 2.622148275 0.013800891 0.999647975 -0.022657843 -0.154330418 -0.995648146 0.011649964 -0.092461102 5.638267040
-0.099151418 0.022832260 0.994810402 2.668782949 0.014988181 0.999657571 -0.021449655 -0.156057835 -0.994959474 0.012783635 -0.099459693 5.632658005
-0.104711890 0.021133887 0.994278073 2.717856884 0.018510716 0.999642432 -0.019298460 -0.157815367 -0.994330347 0.016384022 -0.105065659 5.627553940
-0.108031839 0.019700391 0.993952215 2.762635469 0.022167267 0.999602795 -0.017403042 -0.159406349 -0.993900299 0.020153126 -0.108425632 5.622330666
-0.110506587 0.018626930 0.993700862 2.809118748 0.024198862 0.999578416 -0.016046023 -0.161034122 -0.993580818 0.022273241 -0.110910743 5.617087364
-0.112738848 0.017431971 0.993471682 2.854868412 0.023950415 0.999603271 -0.014821671 -0.162835658 -0.993336022 0.022123083 -0.113111623 5.612549782
-0.113407336 0.018235635 0.993381262 2.899852037 0.025076723 0.999565601 -0.015486328 -0.163843974 -0.993232131 0.023154484 -0.113815360 5.607495308
-0.112424977 0.019176951 0.993475020 2.938952446 0.025050553 0.999550641 -0.016459420 -0.165087476 -0.993344367 0.023036649 -0.112854853 5.602271080
-0.109433241 0.021130549 0.993769467 2.980958462 0.026348824 0.999484301 -0.018350551 -0.165942773 -0.993644834 0.024176495 -0.109933585 5.597885609
-0.104049303 0.021652773 0.994336247 3.022743940 0.025590112 0.999490261 -0.019087205 -0.167630896 -0.994242847 0.023459166 -0.104550354 5.593277454
-0.096190408 0.022342762 0.995112181 3.057311535 0.026164541 0.999459267 -0.019911230 -0.168854296 -0.995018959 0.024121383 -0.096722983 5.590294361
-0.084425807 0.022334212 0.996179521 3.095163107 0.025551949 0.999468505 -0.020242438 -0.170242488 -0.996102035 0.023745341 -0.084951624 5.586974144
-0.071094140 0.022609971 0.997213364 3.130693674 0.024572168 0.999479294 -0.020909535 -0.171712294 -0.997166932 0.023017151 -0.071612716 5.585093021
-0.054087721 0.023495255 0.998259723 3.165397644 0.023254922 0.999481618 -0.022264019 -0.173607454 -0.998265386 0.022010237 -0.054606058 5.584201813
-0.032959569 0.026045721 0.999117196 3.199253559 0.021574518 0.999445975 -0.025342586 -0.174959034 -0.999223769 0.020720197 -0.033503234 5.584286690
-0.008434182 0.028880799 0.999547243 3.233932972 0.019828390 0.999391079 -0.028708981 -0.176927403 -0.999767840 0.019577278 -0.009001704 5.585315228
0.020200387 0.030588763 0.999327838 3.267544508 0.017234933 0.999372661 -0.030938525 -0.177985549 -0.999647379 0.017848324 0.019660521 5.586939335
0.053163238 0.030239023 0.998127818 3.299642801 0.015187394 0.999401331 -0.031086525 -0.179486096 -0.998470306 0.016811624 0.052672148 5.590185165
0.091452852 0.027780857 0.995421886 3.333169460 0.014146304 0.999473691 -0.029193610 -0.180858821 -0.995708942 0.016751381 0.091011733 5.594223976
0.134676084 0.024540618 0.990585804 3.364656925 0.013309238 0.999558389 -0.026572376 -0.181747198 -0.990800261 0.016762605 0.134289980 5.598754883
0.179784924 0.019568121 0.983511269 3.394808292 0.009313268 0.999723434 -0.021593139 -0.183959126 -0.983661890 0.013041827 0.179552928 5.606103897
0.227712125 0.016211692 0.973593533 3.426788568 0.004698857 0.999831498 -0.017747601 -0.185175240 -0.973717213 0.008616123 0.227597594 5.616086006
0.279645562 0.014780957 0.959989429 3.457627296 0.000866226 0.999877155 -0.015647441 -0.186400503 -0.960102975 0.005207307 0.279598445 5.626740456
0.334002197 0.014648328 0.942458451 3.484767437 -0.000350798 0.999881089 -0.015416507 -0.187130421 -0.942572355 0.004818534 0.333967596 5.638726234
0.392013282 0.015317830 0.919832051 3.514428616 0.001942961 0.999845445 -0.017478328 -0.187898546 -0.919957519 0.008638934 0.391922921 5.653197765
0.452613801 0.018114472 0.891522706 3.538906574 0.002670160 0.999761641 -0.021669339 -0.189379245 -0.891702592 0.012188348 0.452457607 5.667166710
0.512138724 0.021153044 0.858642340 3.565473795 0.004258697 0.999621868 -0.027166249 -0.190451115 -0.858892262 0.017569585 0.511854887 5.685165405
0.570372224 0.026379053 0.820962667 3.587240696 -0.000996900 0.999505699 -0.031423371 -0.191160128 -0.821385682 0.017104600 0.570116460 5.703375816
0.624948442 0.028575797 0.780142784 3.609064102 -0.004525823 0.999445677 -0.032983128 -0.192392349 -0.780652881 0.017081968 0.624731302 5.725752354
0.677541554 0.030502137 0.734851658 3.627908945 -0.006596460 0.999351442 -0.035398960 -0.192913979 -0.735454917 0.019136846 0.677303314 5.746381283
0.726479173 0.028921226 0.686579466 3.647974730 -0.007286191 0.999382079 -0.034387987 -0.194083631 -0.687149763 0.019979607 0.726240933 5.771206856
0.771312773 0.025002483 0.635964930 3.664146900 -0.008682996 0.999548554 -0.028765550 -0.195052192 -0.636397004 0.016665161 0.771181703 5.794895172
0.812449634 0.018603450 0.582734525 3.680549383 -0.008008685 0.999752581 -0.020750782 -0.196641281 -0.582976401 0.012192024 0.812397599 5.822375298
0.848911941 0.017207881 0.528253973 3.693949699 -0.010976879 0.999828398 -0.014929409 -0.196637973 -0.528420269 0.006875173 0.848955035 5.848821640
0.879811645 0.013642518 0.475126654 3.706542730 -0.010961233 0.999904454 -0.008413324 -0.196987405 -0.475196034 0.002194166 0.879877150 5.878276348
0.905380964 0.014316148 0.424358547 3.716552973 -0.014882006 0.999887228 -0.001980987 -0.198170766 -0.424339145 -0.004521759 0.905491948 5.905275345
0.925305486 0.015401637 0.378909439 3.726246357 -0.017621605 0.999841869 0.002391513 -0.199203372 -0.378812701 -0.008889873 0.925430596 5.936762810
0.940693259 0.021660015 0.338565975 3.734013557 -0.024675788 0.999684870 0.004605189 -0.199211463 -0.338359535 -0.012686454 0.940931380 5.964888096
0.952674031 0.025603805 0.302913487 3.742576122 -0.028096879 0.999597609 0.003874579 -0.199385285 -0.302692443 -0.012202134 0.953010082 5.998110771
0.961594939 0.028414391 0.272997439 3.749898434 -0.030578123 0.999525666 0.003673523 -0.199206784 -0.272763550 -0.011880191 0.962007761 6.030719757
0.967785597 0.021949157 0.250817329 3.758891582 -0.023646861 0.999713302 0.003756629 -0.199118048 -0.250662953 -0.009566654 0.968027115 6.064542294
0.971890032 0.018642178 0.234695867 3.764353514 -0.020286342 0.999783635 0.004593004 -0.199601188 -0.234559461 -0.009225016 0.972058177 6.091065407
0.974723637 0.022948371 0.222232491 3.771326542 -0.024516486 0.999690175 0.004299742 -0.199932575 -0.222064972 -0.009639421 0.974984229 6.126675606
0.976763666 0.027950734 0.212488264 3.777105808 -0.029633831 0.999549568 0.004739598 -0.199487850 -0.212260038 -0.010926309 0.977152169 6.157978535
0.977682233 0.035159677 0.207125872 3.783682346 -0.036576312 0.999326348 0.003012739 -0.199080855 -0.206880420 -0.010521404 0.978309631 6.195127010
0.978143275 0.041507401 0.203747019 3.789520741 -0.042318653 0.999104083 -0.000375559 -0.199440628 -0.203580067 -0.008254948 0.979023516 6.228282452
0.978203058 0.042890776 0.203172565 3.797448635 -0.043234695 0.999061108 -0.002747425 -0.200241923 -0.203099668 -0.006096562 0.979139090 6.267629147
0.977871954 0.041541979 0.205038100 3.805145741 -0.041143566 0.999133945 -0.006207959 -0.200906739 -0.205118462 -0.002365411 0.978734255 6.300624847
0.976872504 0.040058043 0.210036740 3.812980652 -0.038214665 0.999187171 -0.012829357 -0.200989753 -0.210379958 0.004506164 0.977609277 6.342352867
0.976102352 0.040568758 0.213490635 3.821408033 -0.037702519 0.999136031 -0.017481737 -0.201622605 -0.214015454 0.009014832 0.976788580 6.376699448
0.975026011 0.045501295 0.217379510 3.831329823 -0.042865083 0.998939037 -0.016829781 -0.202797964 -0.217914686 0.007091488 0.975941956 6.418091774
0.973517299 0.048570476 0.223393694 3.838385105 -0.046807423 0.998816907 -0.013183784 -0.202939421 -0.223769769 0.002378161 0.974639237 6.456033707
0.972407997 0.045551647 0.228795841 3.848525047 -0.044746697 0.998960376 -0.008707490 -0.203746334 -0.228954628 -0.001770625 0.973435521 6.499956131
0.971809983 0.041197047 0.232138470 3.858533382 -0.041626938 0.999128520 -0.003048487 -0.204432085 -0.232061803 -0.006700665 0.972677886 6.538959503
0.971072137 0.038471952 0.235667020 3.870377064 -0.039940413 0.999201000 0.001458845 -0.205049992 -0.235422626 -0.010829281 0.971832693 6.584482670
0.970427990 0.033821169 0.239009902 3.881486654 -0.035307936 0.999374509 0.001940477 -0.205335885 -0.238794819 -0.010322040 0.971015155 6.631052971
0.970522583 0.030303305 0.239097103 3.890718937 -0.030989824 0.999519289 -0.000888388 -0.206045285 -0.239009112 -0.006547377 0.970995188 6.667326450
0.970620871 0.029824173 0.238757968 3.902300358 -0.028752780 0.999554753 -0.007969733 -0.206430480 -0.238889366 0.000870633 0.971046388 6.714224339
0.970702171 0.032824457 0.238032311 3.913743973 -0.030134277 0.999434352 -0.014932726 -0.206587002 -0.238387764 0.007322298 0.971142352 6.762435436
0.971338630 0.035071269 0.235098645 3.922663212 -0.031643942 0.999330997 -0.018336238 -0.207721263 -0.235584468 0.010371250 0.971798480 6.801353455
0.971859336 0.033632919 0.233148217 3.934276342 -0.031217542 0.999413967 -0.014043158 -0.208222330 -0.233483911 0.006369660 0.972339749 6.852055550
0.972375214 0.029274775 0.231580228 3.946682453 -0.028507182 0.999571323 -0.006660973 -0.209107876 -0.231675997 -0.000124734 0.972792923 6.902729988
0.972973406 0.030406155 0.228906602 3.956460238 -0.031139061 0.999515116 -0.000410330 -0.210177436 -0.228808075 -0.006728698 0.973448217 6.944116592
0.973283648 0.033776846 0.227107808 3.968163490 -0.034360249 0.999408603 -0.001385244 -0.210568398 -0.227020293 -0.006455247 0.973868608 6.996988297
0.973480284 0.039938845 0.225258172 3.979183197 -0.039607968 0.999197364 -0.005989675 -0.211135164 -0.225316599 -0.003091187 0.974280655 7.050786972
0.974397242 0.040100478 0.221228123 3.988557100 -0.038577933 0.999192834 -0.011200581 -0.211791769 -0.221498683 0.002379291 0.975157738 7.092495918
0.975273192 0.038805511 0.217569441 4.000307083 -0.036608018 0.999229908 -0.014123336 -0.212548316 -0.217949957 0.005809322 0.975942612 7.147535801
0.976200163 0.036739446 0.213736653 4.013031483 -0.034854844 0.999313235 -0.012580479 -0.213382453 -0.214052036 0.004831307 0.976810277 7.204047680
0.977089047 0.033141375 0.210234642 4.022268295 -0.031667810 0.999444604 -0.010372691 -0.214611903 -0.210461661 0.003477373 0.977595925 7.247959137
0.977524459 0.031746492 0.208417952 4.034388542 -0.030837189 0.999495327 -0.007611486 -0.215728670 -0.208554417 0.001013392 0.978010237 7.305572033
0.977860451 0.028692111 0.207281902 4.046884060 -0.028157126 0.999588132 -0.005531387 -0.216484353 -0.207355276 -0.000427537 0.978265643 7.364056587
0.978119552 0.023582427 0.206702471 4.056799412 -0.023254316 0.999721467 -0.004017150 -0.217026681 -0.206739634 -0.000877473 0.978395581 7.408483982
0.978215039 0.024213966 0.206176952 4.068705559 -0.024201361 0.999703765 -0.002583511 -0.217766017 -0.206178457 -0.002462534 0.978511333 7.467092514
0.978030801 0.029533651 0.206357658 4.080927849 -0.029254591 0.999562263 -0.004404187 -0.218780324 -0.206397429 -0.001729479 0.978466749 7.525634766
0.977874577 0.034594242 0.206311509 4.093824863 -0.033691619 0.999401033 -0.007887827 -0.219113752 -0.206460819 0.000762338 0.978454709 7.585155964
0.977232575 0.043849599 0.207589909 4.100963593 -0.042790212 0.999037981 -0.009593083 -0.219693005 -0.207810864 0.000491857 0.978169024 7.627874374
0.976257682 0.050245218 0.210704297 4.112894535 -0.049490709 0.998735309 -0.008855964 -0.221066415 -0.210882798 -0.001782204 0.977509737 7.688499928
0.975566864 0.052492961 0.213339344 4.126443386 -0.052221518 0.998611569 -0.006911529 -0.222492605 -0.213405982 -0.004398248 0.976953804 7.749442577
0.975019574 0.052891202 0.215729266 4.139797688 -0.052387014 0.998594344 -0.008058633 -0.223406881 -0.215852335 -0.003444088 0.976419926 7.810655594
0.974525034 0.051586892 0.218265206 4.147301674 -0.050479367 0.998668253 -0.010651203 -0.224136263 -0.218524024 -0.000638024 0.975831270 7.851115227
0.974567831 0.045175511 0.219491750 4.161511898 -0.044219010 0.998978794 -0.009271231 -0.225313187 -0.219686449 -0.000670262 0.975570261 7.912526131
0.974834025 0.038864646 0.219517946 4.176237583 -0.037471801 0.999242425 -0.010506749 -0.226977199 -0.219759986 0.002016607 0.975551844 7.972507477
0.974594951 0.037778500 0.220764935 4.190483570 -0.036274578 0.999282718 -0.010863963 -0.228301212 -0.221017033 0.002579810 0.975266457 8.035071373
0.974183738 0.039565805 0.222262144 4.199040413 -0.038771890 0.999216676 -0.007935934 -0.228937060 -0.222401977 -0.000886465 0.974954724 8.074471474
0.973668993 0.042260136 0.224014774 4.211844444 -0.042908743 0.999077082 -0.001974088 -0.230064079 -0.223891377 -0.007690080 0.974583745 8.136122704
0.973324597 0.045850668 0.224804252 4.226033211 -0.047510274 0.998868763 0.001975553 -0.231071994 -0.224459365 -0.012603365 0.974401891 8.196246147
0.973026574 0.045457907 0.226169974 4.239337921 -0.045598581 0.998949170 -0.004604993 -0.231659591 -0.226141661 -0.005832249 0.974076927 8.256196022
0.973425806 0.040520519 0.225389376 4.252905369 -0.037193891 0.999127626 -0.018987972 -0.233686656 -0.225962147 0.010100274 0.974083602 8.314967155
0.973769367 0.038115870 0.224322185 4.262137413 -0.032691069 0.999077380 -0.027849002 -0.234799281 -0.225176707 0.019785177 0.974117041 8.350191116
0.974004209 0.035477705 0.223734662 4.276336670 -0.032142755 0.999311507 -0.018531300 -0.236213565 -0.224238068 0.010858116 0.974473953 8.410576820
0.974496663 0.028577816 0.222574741 4.290534973 -0.029679766 0.999558151 0.001606859 -0.236892283 -0.222430453 -0.008171843 0.974914312 8.471340179
0.974756956 0.024665263 0.221902177 4.303410053 -0.029131927 0.999432981 0.016878000 -0.238586709 -0.221360043 -0.022916386 0.974922895 8.531831741
