0.999967813 -0.001301109 -0.007917622 -0.000200346 0.001271477 0.999992251 -0.003746427 -0.000319125 0.007922434 0.003736241 0.999961615 0.060629878
0.999925971 -0.001385438 -0.012086937 -0.000611702 0.001323270 0.999985814 -0.005149845 -0.000458483 0.012093902 0.005133469 0.999913692 0.092151970
0.999853134 0.000039386 -0.017141182 -0.001359489 -0.000139450 0.999982953 -0.005836505 -0.000736464 0.017140659 0.005838037 0.999835968 0.124237709
0.999772012 -0.000742493 -0.021339875 -0.002401943 0.000613189 0.999981344 -0.006065178 -0.001117055 0.021343984 0.006050710 0.999753833 0.157132447
0.999663651 0.000959059 -0.025914701 -0.003458291 -0.001153512 0.999971390 -0.007489689 -0.001370000 0.025906777 0.007517064 0.999636114 0.190395609
0.999512792 0.003665828 -0.030994087 -0.004768651 -0.003923780 0.999958098 -0.008265913 -0.001616881 0.030962484 0.008383503 0.999485373 0.224715665
0.999360144 0.004030664 -0.035539318 -0.006099850 -0.004254047 0.999971628 -0.006212172 -0.002245711 0.035513282 0.006359383 0.999348938 0.259889901
0.999189854 0.003294261 -0.040108379 -0.007471049 -0.003446402 0.999987185 -0.003724745 -0.002465195 0.040095598 0.003859956 0.999188304 0.294660330
0.999051094 0.002976975 -0.043450464 -0.009281877 -0.003022943 0.999994874 -0.000992274 -0.002906198 0.043447282 0.001122681 0.999055088 0.331861019
0.998954654 0.004325552 -0.045505792 -0.011584518 -0.004387437 0.999989510 -0.001260152 -0.003482298 0.045499865 0.001458489 0.998963296 0.366668701
0.998778820 0.003754578 -0.049262680 -0.012069466 -0.003828272 0.999991596 -0.001401679 -0.003819802 0.049257006 0.001588558 0.998784900 0.405509472
0.998709142 0.000740541 -0.050789241 -0.014062586 -0.000819559 0.999998391 -0.001534995 -0.004394965 0.050788026 0.001574638 0.998708248 0.441498905
0.998602092 0.000626247 -0.052852999 -0.016172618 -0.000682882 0.999999106 -0.001053511 -0.004467073 0.052852299 0.001088130 0.998601735 0.478591591
0.998550296 -0.001257315 -0.053812053 -0.018695634 0.001212710 0.999998748 -0.000861556 -0.005092323 0.053813078 0.000795048 0.998550773 0.515006125
0.998480678 0.001611051 -0.055080120 -0.021676410 -0.001837911 0.999990165 -0.004068321 -0.004986136 0.055073015 0.004163372 0.998473644 0.552475452
0.998400986 0.002217578 -0.056485176 -0.023909118 -0.002598410 0.999974430 -0.006669615 -0.005393905 0.056468938 0.006805721 0.998381197 0.589515209
0.998244703 0.006187666 -0.058899932 -0.025795754 -0.006670093 0.999945700 -0.007997567 -0.006209500 0.058847252 0.008376398 0.998231888 0.630523622
0.998181820 0.006813012 -0.059888795 -0.028573442 -0.007275946 0.999945223 -0.007515236 -0.006679796 0.059834316 0.007937321 0.998176813 0.668671310
0.998089194 0.006462669 -0.061450321 -0.030676685 -0.006872898 0.999955416 -0.006466720 -0.007180488 0.061405789 0.006876705 0.998089075 0.709229529
0.997955441 0.007204980 -0.063506387 -0.032786176 -0.007553703 0.999957681 -0.005252747 -0.007538005 0.063465856 0.005721717 0.997967482 0.748428285
0.997997820 0.006572397 -0.062906027 -0.036546618 -0.006898752 0.999963760 -0.004972139 -0.008270785 0.062871069 0.005396157 0.998006940 0.786915720
0.997819006 0.006105673 -0.065726675 -0.038433701 -0.006476101 0.999964356 -0.005424303 -0.008882210 0.065691210 0.005838125 0.997822881 0.828032315
0.997742772 0.004320815 -0.067012593 -0.040802188 -0.004762549 0.999967933 -0.006433457 -0.009285227 0.066982649 0.006738086 0.997731388 0.867785394
0.997683764 0.003950045 -0.067908183 -0.043081615 -0.004213971 0.999984026 -0.003743712 -0.010205554 0.067892313 0.004021204 0.997684538 0.907168806
0.997751713 0.006280302 -0.066723093 -0.047157906 -0.006384012 0.999978721 -0.001341254 -0.010344990 0.066713259 0.001764200 0.997770548 0.948445797
0.997739613 0.006633498 -0.066869147 -0.049166352 -0.006503979 0.999976516 0.002154423 -0.010531273 0.066881880 -0.001714638 0.997759402 0.988641679
0.997890413 0.005718585 -0.064670280 -0.052294634 -0.005364726 0.999969661 0.005644059 -0.011265196 0.064700603 -0.005285214 0.997890711 1.030395269
0.998020947 0.006157875 -0.062580310 -0.055064224 -0.005805200 0.999966145 0.005815825 -0.011262345 0.062614016 -0.005441024 0.998022974 1.070631146
0.998076737 0.006009170 -0.061698388 -0.057696186 -0.005794717 0.999976516 0.003654172 -0.012030091 0.061718896 -0.003289620 0.998088181 1.111950517
0.998121142 0.006628979 -0.060911272 -0.060309842 -0.006683716 0.999977469 -0.000694927 -0.012539373 0.060905281 0.001100735 0.998143017 1.153250813
0.998193204 0.006537099 -0.059729379 -0.062872685 -0.006808860 0.999967337 -0.004347513 -0.012539716 0.059699014 0.004746346 0.998205125 1.194897175
0.998273909 0.004889804 -0.058527160 -0.065489300 -0.005110913 0.999980271 -0.003628803 -0.012984404 0.058508269 0.003921667 0.998279214 1.236343026
0.998240173 0.003421667 -0.059201118 -0.067852683 -0.003346433 0.999993443 0.001369895 -0.013626043 0.059205409 -0.001169372 0.998245120 1.278626919
0.998178601 -0.000083775 -0.060328484 -0.070075184 0.000313784 0.999992669 0.003803137 -0.013443806 0.060327727 -0.003815139 0.998171329 1.320193887
0.998119175 -0.007131645 -0.060886800 -0.072653063 0.007374049 0.999965727 0.003757437 -0.014325856 0.060857922 -0.004199353 0.998137534 1.362850666
0.998003960 -0.009075231 -0.062494706 -0.075057670 0.009123950 0.999958277 0.000494252 -0.015149372 0.062487606 -0.001063465 0.998045146 1.405500770
0.997907817 -0.009554368 -0.063942090 -0.077786110 0.009337345 0.999949515 -0.003691968 -0.015159678 0.063974135 0.003087195 0.997946799 1.447646856
0.997792125 -0.008013464 -0.065928891 -0.080820575 0.007729182 0.999959707 -0.004565836 -0.015418850 0.065962814 0.004046179 0.997813880 1.489856601
0.997750401 -0.007612297 -0.066605084 -0.084045619 0.007419013 0.999967456 -0.003148828 -0.016334798 0.066626884 0.002647600 0.997774422 1.533300281
0.997631192 -0.004508698 -0.068642266 -0.086575203 0.004494972 0.999989808 -0.000354405 -0.016968554 0.068643175 0.000045020 0.997641206 1.576396346
0.997619033 -0.004073033 -0.068845287 -0.090831496 0.004089308 0.999991596 0.000095479 -0.016531566 0.068844318 -0.000376781 0.997627318 1.618514657
0.997543991 -0.003242872 -0.069966391 -0.093616918 0.003472517 0.999988914 0.003160842 -0.017404914 0.069955364 -0.003396038 0.997544229 1.662968278
0.997576535 -0.002255410 -0.069540255 -0.096681371 0.002672436 0.999978960 0.005904443 -0.018072151 0.069525488 -0.006075975 0.997561574 1.705584526
0.997525275 0.002241043 -0.070272051 -0.100561619 -0.001638153 0.999961376 0.008635815 -0.018150972 0.070288703 -0.008499328 0.997490406 1.749957204
0.997545779 0.001047500 -0.070008904 -0.103987470 -0.000441466 0.999962270 0.008671429 -0.018644132 0.070015348 -0.008619240 0.997508645 1.792096496
0.997494996 0.002373465 -0.070697270 -0.106639981 -0.001961348 0.999980628 0.005898175 -0.018332724 0.070709899 -0.005744738 0.997480333 1.835914850
0.997510314 0.004985965 -0.070343584 -0.110311829 -0.004745035 0.999982178 0.003591720 -0.018755095 0.070360243 -0.003248995 0.997516334 1.878703475
0.997412145 0.005263004 -0.071705334 -0.112750188 -0.004974898 0.999978781 0.004195883 -0.019721894 0.071725890 -0.003828298 0.997417033 1.920493245
0.997319758 0.003297958 -0.073092148 -0.115787581 -0.002945820 0.999983490 0.004924992 -0.019718915 0.073107176 -0.004696473 0.997313082 1.963220716
0.997276366 0.003259810 -0.073685534 -0.119244508 -0.002803032 0.999976099 0.006301574 -0.020194395 0.073704347 -0.006077868 0.997261643 2.005482435
0.997203767 0.005756550 -0.074508756 -0.122113436 -0.005533249 0.999979436 0.003203047 -0.020936374 0.074525677 -0.002781816 0.997215211 2.047267914
0.997200131 0.005655953 -0.074565090 -0.126055270 -0.005788492 0.999981940 -0.001561509 -0.020652233 0.074554928 0.001988757 0.997214854 2.088335514
0.997118711 0.006714896 -0.075559855 -0.129042745 -0.006909838 0.999973357 -0.002318869 -0.021756832 0.075542264 0.002834293 0.997138560 2.131719589
0.997097552 0.005913592 -0.075905196 -0.132276833 -0.005860562 0.999982417 0.000921339 -0.022002742 0.075909317 -0.000473818 0.997114599 2.173640490
0.997117341 0.004299187 -0.075753421 -0.135361433 -0.003991412 0.999983132 0.004213765 -0.022855252 0.075770259 -0.003899256 0.997117639 2.214025736
0.997024357 0.001437235 -0.077074967 -0.137711853 -0.001070735 0.999987960 0.004796221 -0.022991404 0.077080950 -0.004699422 0.997013688 2.255933762
0.997077644 -0.001309758 -0.076383375 -0.141470194 0.001574311 0.999992907 0.003403373 -0.023313684 0.076378383 -0.003513678 0.997072756 2.298172235
0.997051954 -0.004069664 -0.076621190 -0.144838184 0.004230196 0.999989152 0.001932953 -0.023395121 0.076612502 -0.002251378 0.997058332 2.339029312
0.996941388 -0.004550937 -0.078019544 -0.147373185 0.004754867 0.999985695 0.002428270 -0.023522504 0.078007407 -0.002791816 0.996948898 2.379437923
0.996864557 -0.009004490 -0.078612924 -0.150885314 0.009614833 0.999926388 0.007388812 -0.024312856 0.078540616 -0.008121494 0.996877849 2.419864416
0.996737838 -0.010732175 -0.079991132 -0.153723747 0.011805382 0.999846339 0.012955721 -0.024717793 0.079839803 -0.013857783 0.996711433 2.460933685
0.996638894 -0.007808008 -0.081546411 -0.156270474 0.008986223 0.999860227 0.014091389 -0.024305657 0.081424996 -0.014776824 0.996569932 2.502215385
0.996671677 -0.006922631 -0.081225984 -0.160497159 0.007828149 0.999910593 0.010834998 -0.025076799 0.081143744 -0.011434783 0.996636689 2.540558338
0.996579707 -0.005538667 -0.082451865 -0.163742036 0.005827713 0.999977648 0.003265400 -0.025488649 0.082431942 -0.003734738 0.996589661 2.579760075
0.996480703 -0.004187217 -0.083717972 -0.167039439 0.004053982 0.999990165 -0.001761378 -0.025732847 0.083724529 0.001415788 0.996487856 2.619293690
0.996427715 0.001741236 -0.084432118 -0.171097681 -0.001842390 0.999997616 -0.001120138 -0.025869755 0.084429979 0.001271693 0.996428490 2.658589125
0.996330440 0.004103279 -0.085491858 -0.174382031 -0.004018385 0.999991238 0.001165066 -0.026310857 0.085495897 -0.000817251 0.996338069 2.696291447
0.996200025 0.006732664 -0.086834654 -0.177789286 -0.006497593 0.999974430 0.002989461 -0.027336750 0.086852558 -0.002413885 0.996218204 2.734671354
0.996119201 0.007372373 -0.087705411 -0.181835413 -0.007191905 0.999971271 0.002373494 -0.027186627 0.087720431 -0.001733514 0.996143579 2.773038387
0.995992780 0.009962089 -0.088877738 -0.185573965 -0.009739185 0.999948204 0.002941310 -0.027788933 0.088902466 -0.002063928 0.996038198 2.809105873
0.995816648 0.009709814 -0.090856515 -0.188900858 -0.009371536 0.999947369 0.004149091 -0.028466865 0.090892039 -0.003280269 0.995855272 2.846451759
0.995743036 0.009530048 -0.091678001 -0.192650884 -0.009169228 0.999948502 0.004356111 -0.028729141 0.091714762 -0.003496950 0.995779335 2.881529808
0.995585144 0.009581624 -0.093372338 -0.195591956 -0.009133060 0.999944508 0.005230151 -0.028939735 0.093417279 -0.004354286 0.995617568 2.916531324
0.995466888 0.012819592 -0.094240606 -0.199295521 -0.012128955 0.999895096 0.007897610 -0.029393177 0.094331980 -0.006718770 0.995518148 2.951222658
0.995332181 0.013585103 -0.095547505 -0.203102574 -0.012476662 0.999847770 0.012188803 -0.029641859 0.095698558 -0.010939794 0.995350242 2.986088037
0.995063424 0.016887475 -0.097794347 -0.205969170 -0.015580542 0.999778926 0.014112417 -0.030088753 0.098011054 -0.012519061 0.995106578 3.019166708
0.994956136 0.020051399 -0.098286398 -0.210068092 -0.019155201 0.999765873 0.010053469 -0.030465774 0.098464996 -0.008120066 0.995107353 3.050858259
0.994770944 0.019714037 -0.100210279 -0.213171124 -0.019550754 0.999805570 0.002611286 -0.030779392 0.100242265 -0.000638444 0.994962811 3.083573103
0.994680464 0.018983288 -0.101245023 -0.216600090 -0.019377781 0.999808073 -0.002914286 -0.031325854 0.101170264 0.004860688 0.994857192 3.113721132
0.994643211 0.019798517 -0.101453148 -0.220056921 -0.020324074 0.999784887 -0.004149194 -0.031701654 0.101349182 0.006188910 0.994831681 3.143603086
0.994500697 0.022243835 -0.102342010 -0.223816887 -0.022468764 0.999747097 -0.001045417 -0.031655017 0.102292873 0.003339167 0.994748712 3.174212217
0.994370878 0.022822343 -0.103469357 -0.226992160 -0.022829833 0.999738693 0.001112038 -0.032406628 0.103467703 0.001256410 0.994632065 3.202312946
0.994386077 0.019234451 -0.104050390 -0.230231881 -0.019542495 0.999807179 -0.001941794 -0.033101458 0.103992976 0.003964297 0.994570076 3.229307890
0.994471669 0.011411082 -0.104383342 -0.232274473 -0.012208480 0.999900818 -0.007003338 -0.033679474 0.104293093 0.008238982 0.994512498 3.256168842
0.994588315 0.006968395 -0.103660144 -0.234877110 -0.008238846 0.999895990 -0.011832790 -0.034280058 0.103566922 0.012622796 0.994542360 3.282382727
0.994925439 0.009459322 -0.100168578 -0.237893045 -0.010774324 0.999862492 -0.012595041 -0.034433171 0.100035667 0.013610376 0.994890749 3.307427883
0.995347500 0.014502430 -0.095252521 -0.241409510 -0.015455614 0.999837458 -0.009276742 -0.035258900 0.095102504 0.010705768 0.995409906 3.331961632
0.995683789 0.012813751 -0.091921985 -0.242299050 -0.013435715 0.999890745 -0.006150558 -0.035797749 0.091833122 0.007359049 0.995747149 3.356070995
0.996258378 0.009173246 -0.085938163 -0.244155809 -0.009404587 0.999953091 -0.002287475 -0.036084924 0.085913152 0.003087130 0.996297777 3.379497290
0.996902287 0.004924945 -0.078496389 -0.244836584 -0.004851599 0.999987543 0.001125050 -0.036700826 0.078500949 -0.000740730 0.996913671 3.402594090
0.997679591 0.008427728 -0.067560501 -0.246549264 -0.008382238 0.999964416 0.000956809 -0.037013493 0.067566156 -0.000388281 0.997714698 3.425134182
0.998548508 0.013757795 -0.052073032 -0.248052865 -0.013762822 0.999905288 0.000262077 -0.037258286 0.052071698 0.000454974 0.998643279 3.446961164
0.999252439 0.019060364 -0.033633724 -0.248990044 -0.019051056 0.999818265 0.000597233 -0.037468895 0.033638995 0.000043971 0.999433994 3.468007088
0.999780178 0.017152872 -0.012059277 -0.248198316 -0.017137893 0.999852121 0.001344309 -0.038014241 0.012080553 -0.001137343 0.999926329 3.488792419
0.999810755 0.013653954 0.013857749 -0.246592492 -0.013687341 0.999903619 0.002317551 -0.038466737 -0.013824770 -0.002506788 0.999901175 3.509131193
0.998955905 0.012958666 0.043810960 -0.245291740 -0.013139192 0.999906182 0.003835122 -0.038801592 -0.043757159 -0.004406758 0.999032438 3.528094292
0.996957660 0.012054494 0.077007450 -0.243088871 -0.012508580 0.999907076 0.005417020 -0.039295092 -0.076934978 -0.006363794 0.997015834 3.547551632
0.993341625 0.012303991 0.114547372 -0.240143508 -0.013050474 0.999898255 0.005769148 -0.039455310 -0.114464730 -0.007225633 0.993401110 3.566091299
0.987609267 0.011822795 0.156486750 -0.236353755 -0.012811107 0.999903798 0.005308501 -0.039714072 -0.156408936 -0.007247493 0.987665832 3.584272623
0.979604125 0.011768600 0.200591817 -0.230923951 -0.013062794 0.999901474 0.005129455 -0.039893743 -0.200511694 -0.007645124 0.979661465 3.602129936
0.968165338 0.013888309 0.249926031 -0.225521266 -0.015165709 0.999879897 0.003186023 -0.040478479 -0.249851733 -0.006874900 0.968259752 3.619151592
0.953246295 0.014552959 0.301843584 -0.218754530 -0.015449370 0.999880552 0.000582539 -0.041021783 -0.301799059 -0.005218595 0.953357339 3.634822607
0.933699071 0.015452426 0.357725114 -0.210666180 -0.015686072 0.999874353 -0.002248696 -0.040998589 -0.357714921 -0.003511697 0.933824241 3.651470423
0.909971595 0.015762361 0.414370805 -0.201901913 -0.015309031 0.999872983 -0.004415309 -0.041269507 -0.414387792 -0.002325810 0.910097361 3.666303635
0.881070375 0.016766850 0.472687989 -0.192671180 -0.015357287 0.999858677 -0.006840946 -0.041327059 -0.472735882 -0.001231851 0.881203294 3.680615902
0.847806990 0.014630032 0.530103087 -0.182744861 -0.011867671 0.999892473 -0.008615240 -0.041939434 -0.530172050 0.001012971 0.847889423 3.693452835
0.811546445 0.014589564 0.584105968 -0.171322227 -0.010658415 0.999891400 -0.010166282 -0.042326551 -0.584190726 0.002024766 0.811613798 3.706013680
0.771962285 0.013064240 0.635534346 -0.159392357 -0.008760387 0.999912441 -0.009913566 -0.042531118 -0.635608196 0.002085370 0.772009075 3.717849016
0.729077220 0.013642814 0.684295595 -0.147077560 -0.010976459 0.999905825 -0.008240359 -0.042772088 -0.684343398 -0.001503284 0.729158282 3.728925228
0.684912622 0.012072931 0.728525162 -0.133460283 -0.009261266 0.999926150 -0.007863667 -0.043176550 -0.728566349 -0.001361140 0.684973896 3.738571644
0.638432503 0.011447576 0.769592702 -0.119565010 -0.005888622 0.999932766 -0.009988815 -0.043368921 -0.769655228 0.001845343 0.638456941 3.747849464
0.591546357 0.008718311 0.806223810 -0.105213404 -0.000776405 0.999947190 -0.010243518 -0.044105854 -0.806270599 0.005433560 0.591521919 3.755978107
0.545435667 0.010148208 0.838091135 -0.090531468 -0.001701029 0.999938071 -0.011000926 -0.044580825 -0.838150918 0.004574679 0.545419157 3.763147116
0.498673290 0.012710402 0.866696775 -0.075508356 -0.005168208 0.999918282 -0.011690497 -0.045158364 -0.866774619 0.001350468 0.498698235 3.770184755
0.453899741 0.015166205 0.890923619 -0.060078621 -0.005441153 0.999883711 -0.014248926 -0.045345593 -0.891036093 0.001619933 0.453929603 3.776093960
0.410099536 0.012628119 0.911953330 -0.044676423 0.000726147 0.999899268 -0.014172478 -0.046089657 -0.912040412 0.006474340 0.410049051 3.782109261
0.369550079 0.004696478 0.929198980 -0.028792739 0.015610136 0.999814749 -0.011261673 -0.046591394 -0.929079652 0.018666673 0.369408309 3.786639929
0.334767044 0.000282307 0.942300856 -0.012409687 0.019796293 0.999777138 -0.007332467 -0.047315419 -0.942092955 0.021108732 0.334686846 3.790490389
0.302336693 0.005362014 0.953186154 0.004494786 0.017817130 0.999777734 -0.011275440 -0.046935614 -0.953034699 0.020392029 0.302173853 3.794755220
0.268322200 0.013935223 0.963228524 0.020759940 0.006439429 0.999846995 -0.016258795 -0.047273234 -0.963307619 0.010565238 0.268191367 3.800985813
0.242548570 0.017477445 0.969981790 0.039079070 0.002382855 0.999823868 -0.018610995 -0.048389737 -0.970136285 0.006825398 0.242464244 3.803749800
0.216330171 0.018954735 0.976136267 0.056740880 0.002829452 0.999795139 -0.020041205 -0.049328081 -0.976316154 0.007097449 0.216232240 3.807096720
0.193715215 0.020671720 0.980839968 0.075807810 0.011103579 0.999667704 -0.023261476 -0.049553853 -0.980994880 0.015396939 0.193421334 3.809260607
0.172863662 0.027414134 0.984564066 0.094439507 0.018571261 0.999344170 -0.031086296 -0.049328465 -0.984770596 0.023658291 0.172241136 3.811702728
0.154128939 0.033713739 0.987475395 0.114500821 0.020476542 0.999094069 -0.037306461 -0.049676009 -0.987838507 0.025970090 0.153298974 3.813786030
0.134196967 0.035127215 0.990331888 0.135008752 0.018428108 0.999110281 -0.037935719 -0.050159208 -0.990783334 0.023340806 0.133430257 3.817610025
0.121040158 0.030102901 0.992191076 0.156563520 0.015941413 0.999352157 -0.032264907 -0.051464673 -0.992519557 0.019722277 0.120481856 3.818849087
0.107220598 0.026920615 0.993870735 0.178032696 0.016960485 0.999438286 -0.028901149 -0.052335981 -0.994090497 0.019955330 0.106703810 3.820474386
0.093371190 0.024587423 0.995327711 0.201071143 0.018862842 0.999471903 -0.026459310 -0.053140633 -0.995452702 0.021245247 0.092858084 3.822376490
0.081659734 0.023286408 0.996388197 0.223832965 0.023521295 0.999403536 -0.025284585 -0.054060977 -0.996382713 0.025501074 0.081063285 3.823745966
0.071659550 0.024227126 0.997134805 0.248305410 0.026446916 0.999307394 -0.026180526 -0.054644007 -0.997078419 0.028247228 0.070969194 3.825071096
0.064098820 0.024991151 0.997630537 0.272780120 0.027858045 0.999251902 -0.026821679 -0.055308003 -0.997554660 0.029511273 0.063354671 3.826245785
0.058451340 0.025217196 0.997971714 0.298300087 0.029917942 0.999187648 -0.027000215 -0.056166023 -0.997841835 0.031435460 0.057649415 3.827532053
0.052605428 0.026364045 0.998267293 0.324760348 0.030534415 0.999141574 -0.027996194 -0.057025556 -0.998148441 0.031954262 0.051755264 3.828985214
0.046870906 0.026764385 0.998542368 0.351639032 0.031691447 0.999097824 -0.028266855 -0.057860255 -0.998398125 0.032970142 0.045980413 3.829689503
0.042819813 0.026662251 0.998727024 0.379159749 0.033846308 0.999031246 -0.028121518 -0.058749180 -0.998509288 0.035007384 0.041875914 3.830591202
0.039513785 0.026882287 0.998857379 0.408885598 0.035469081 0.998970330 -0.028288448 -0.059706867 -0.998589277 0.036546342 0.038519610 3.831797361
0.036149196 0.026299218 0.999000311 0.437064111 0.037042130 0.998931468 -0.027637787 -0.060746379 -0.998659670 0.038004190 0.035136394 3.833095312
0.033982962 0.025781749 0.999089718 0.469309330 0.038055316 0.998908818 -0.027071485 -0.061765961 -0.998697639 0.038940638 0.032964747 3.833583832
0.033461008 0.025375202 0.999117792 0.500443578 0.042736359 0.998726904 -0.026796540 -0.062751561 -0.998525918 0.043595299 0.032333966 3.834371805
0.034612913 0.024959354 0.999089062 0.533613980 0.046289206 0.998575151 -0.026550181 -0.063973069 -0.998328209 0.047166023 0.033408247 3.835006475
0.036776144 0.025337012 0.999002278 0.565909326 0.047669489 0.998495996 -0.027079025 -0.064769551 -0.998185873 0.048617799 0.035513032 3.836521387
0.040525999 0.024820352 0.998870134 0.598889410 0.050061863 0.998385310 -0.026839411 -0.066141106 -0.997923493 0.051092997 0.039218012 3.837930679
0.045366172 0.024270993 0.998675644 0.635173738 0.050607499 0.998365223 -0.026562374 -0.067201391 -0.997687697 0.051745500 0.044063713 3.838960409
0.049087994 0.022905368 0.998531759 0.669798017 0.051938597 0.998325765 -0.025453957 -0.068063177 -0.997443020 0.053111825 0.047816139 3.841206312
0.053005081 0.021544198 0.998361886 0.705070257 0.051808339 0.998361409 -0.024294809 -0.069099292 -0.997249424 0.053011205 0.051802061 3.843317509
0.057323672 0.019029194 0.998174250 0.742983222 0.048645057 0.998577476 -0.021830494 -0.070579544 -0.997169793 0.049807649 0.056316450 3.845017195
0.061199911 0.017906841 0.997964859 0.779428780 0.047867697 0.998635888 -0.020854352 -0.071621694 -0.996977031 0.049046572 0.060259271 3.847677708
0.065397456 0.018605027 0.997685850 0.816353321 0.044957705 0.998755932 -0.021571921 -0.072987631 -0.996846020 0.046264417 0.064479657 3.849974394
0.068266511 0.022736542 0.997408032 0.855501175 0.042942971 0.998746693 -0.025706250 -0.074190952 -0.996742487 0.044586550 0.067204580 3.853552818
0.069741376 0.027854647 0.997176170 0.892793536 0.037820358 0.998817623 -0.030545615 -0.075559855 -0.996847928 0.039843861 0.068605438 3.856814384
0.069904268 0.030982597 0.997072458 0.930021763 0.034861099 0.998831153 -0.033481341 -0.076961420 -0.996944368 0.037099537 0.068742469 3.858978748
0.069957800 0.030874260 0.997072041 0.969978571 0.032520451 0.998919129 -0.033213187 -0.078446873 -0.997019649 0.034748759 0.068878122 3.862272263
0.069839723 0.028729623 0.997144461 1.007269740 0.029908875 0.999075472 -0.030880067 -0.080330141 -0.997109711 0.031980120 0.068915874 3.865278959
0.069616795 0.027225323 0.997202218 1.044406414 0.030020690 0.999117553 -0.029373420 -0.082237870 -0.997121990 0.031981576 0.068738028 3.867361069
0.069624417 0.026952712 0.997209132 1.085465908 0.027952526 0.999189734 -0.028957868 -0.083761841 -0.997181594 0.029890690 0.068814613 3.871811867
0.070662007 0.027337264 0.997125626 1.122739792 0.025862465 0.999238133 -0.029227937 -0.085466728 -0.997165024 0.027853437 0.069901153 3.873666763
0.070745990 0.027788900 0.997107267 1.159460187 0.023875836 0.999278367 -0.029543426 -0.087046236 -0.997208595 0.025896851 0.070031442 3.876247406
0.068544000 0.029239004 0.997219563 1.200333714 0.020501293 0.999318063 -0.030709688 -0.088725366 -0.997437418 0.022549257 0.067897819 3.881049395
0.065808900 0.028696436 0.997419536 1.237297773 0.017168524 0.999405801 -0.029886346 -0.090366215 -0.997684479 0.019091010 0.065277122 3.883615255
0.062101185 0.027487652 0.997691274 1.271073103 0.014814631 0.999485135 -0.028459208 -0.091874592 -0.997959852 0.016547780 0.061661988 3.884886265
0.056993775 0.024666913 0.998069763 1.312296629 0.012939896 0.999592543 -0.025443463 -0.093693726 -0.998290658 0.014365041 0.056651350 3.888708591
0.050611991 0.023395900 0.998444259 1.351116419 0.010089167 0.999662578 -0.023935869 -0.095052965 -0.998667419 0.011284917 0.050358865 3.890820265
0.043757208 0.023505179 0.998765707 1.388531327 0.009686063 0.999666214 -0.023950733 -0.096491098 -0.998995304 0.010722126 0.043514926 3.892397165
0.034779415 0.024160933 0.999102831 1.424232721 0.008946144 0.999660134 -0.024485821 -0.098168045 -0.999354959 0.009789723 0.034551445 3.893439770
0.024730209 0.025082963 0.999379396 1.462116003 0.010123666 0.999627590 -0.025339711 -0.099239863 -0.999642909 0.010744037 0.024467068 3.894443035
0.014300842 0.023477992 0.999622047 1.498621464 0.010921475 0.999661028 -0.023635155 -0.101215348 -0.999838054 0.011255348 0.014039582 3.894861698
0.003684925 0.022593923 0.999737918 1.535148025 0.009242612 0.999701202 -0.022627166 -0.102431655 -0.999950469 0.009323568 0.003474995 3.894428015
-0.007458024 0.022254368 0.999724507 1.571349859 0.012053357 0.999681652 -0.022163492 -0.103499159 -0.999899507 0.011884741 -0.007723888 3.894707203
-0.018992975 0.022407049 0.999568522 1.606777430 0.011689102 0.999685466 -0.022187563 -0.104687408 -0.999751270 0.011262652 -0.019248918 3.894439220
-0.029026642 0.022730839 0.999320149 1.643491626 0.012215069 0.999674916 -0.022384094 -0.106259085 -0.999503970 0.011557031 -0.029294860 3.892344713
-0.039888743 0.024291568 0.998908758 1.679490566 0.012168576 0.999642074 -0.023823481 -0.107385874 -0.999129951 0.011205010 -0.040170074 3.891134024
-0.050631136 0.025360644 0.998395324 1.715015054 0.013064375 0.999608815 -0.024728941 -0.109051421 -0.998631954 0.011791358 -0.050942648 3.889797926
-0.059974991 0.026146943 0.997857332 1.750446200 0.013685750 0.999584496 -0.025369631 -0.110056557 -0.998106062 0.012134883 -0.060307913 3.887311697
-0.069179982 0.026750108 0.997245550 1.785653710 0.014521408 0.999561429 -0.025804870 -0.111230001 -0.997498453 0.012696228 -0.069538087 3.884553432
-0.078509942 0.026782906 0.996553540 1.820472121 0.015343670 0.999553025 -0.025654728 -0.112531953 -0.996795118 0.013276639 -0.078885823 3.881661415
-0.087713830 0.026790071 0.995785475 1.853938818 0.017164579 0.999530494 -0.025378885 -0.113554224 -0.995997787 0.014866157 -0.088132501 3.879495382
-0.095070973 0.025311215 0.995148659 1.887643576 0.018259060 0.999552786 -0.023678865 -0.115545988 -0.995302975 0.015919307 -0.095490627 3.875733614
-0.100109324 0.024180461 0.994682491 1.922866344 0.020999186 0.999533176 -0.022184927 -0.116308101 -0.994754791 0.018666603 -0.100570366 3.872454643
-0.103890404 0.022545509 0.994333148 1.955961347 0.023693610 0.999515355 -0.020187445 -0.117522836 -0.994306445 0.021462061 -0.104374252 3.869007349
-0.107191093 0.021471420 0.994006515 1.989009500 0.025413506 0.999499202 -0.018849541 -0.118505538 -0.993913651 0.023240693 -0.107683085 3.865525723
-0.108677581 0.020590376 0.993863761 2.019893646 0.025762351 0.999507904 -0.017890230 -0.119592853 -0.993743062 0.023660004 -0.109154567 3.862477303
-0.109322354 0.021423630 0.993775427 2.051782846 0.027358625 0.999453723 -0.018536402 -0.120225608 -0.993629813 0.025161890 -0.109848775 3.859183788
-0.108574674 0.021805303 0.993849099 2.081786156 0.027757810 0.999436080 -0.018895436 -0.122038655 -0.993700743 0.025535511 -0.109118730 3.855976820
-0.105067804 0.024429008 0.994164944 2.110733032 0.031148845 0.999288499 -0.021262953 -0.122327462 -0.993977129 0.028733047 -0.105754010 3.852667570
-0.100552320 0.024184791 0.994637728 2.138652563 0.029448025 0.999338865 -0.021322072 -0.123964645 -0.994495809 0.027146135 -0.101198055 3.850616693
-0.091816597 0.026181819 0.995431721 2.167298555 0.030918617 0.999247134 -0.023430306 -0.123713076 -0.995295823 0.028626073 -0.092556976 3.847444057
-0.080276072 0.026189649 0.996428609 2.192578554 0.029154636 0.999288678 -0.023916017 -0.124717295 -0.996346176 0.027130628 -0.080982499 3.845064878
-0.066332400 0.027001411 0.997432232 2.218991995 0.029798830 0.999241412 -0.025068672 -0.125152752 -0.997352540 0.028059445 -0.067086697 3.844084740
-0.049593769 0.027809011 0.998382270 2.243762732 0.027443837 0.999272764 -0.026470570 -0.126987576 -0.998392403 0.026086662 -0.050320886 3.843569279
-0.029024227 0.029012624 0.999157667 2.267817259 0.023457326 0.999323189 -0.028336029 -0.129421622 -0.999303520 0.022615133 -0.029685138 3.843943834
-0.003946107 0.033071063 0.999445260 2.291133881 0.023964038 0.999169052 -0.032967310 -0.129180774 -0.999705017 0.023820652 -0.004735343 3.844140053
0.024479950 0.035160452 0.999081850 2.314784288 0.022397842 0.999111176 -0.035710290 -0.130262688 -0.999449313 0.023251468 0.023670673 3.845533133
0.058137011 0.035076622 0.997692227 2.337703705 0.021224083 0.999113202 -0.036363356 -0.131069586 -0.998082936 0.023289159 0.057340987 3.847337723
0.097011521 0.033338636 0.994724810 2.360007524 0.020853896 0.999151409 -0.035520796 -0.131575465 -0.995064735 0.024189813 0.096233934 3.849799633
0.139299810 0.028501429 0.989839971 2.382793427 0.016971041 0.999370217 -0.031164171 -0.133780360 -0.990104795 0.021139780 0.138728365 3.853842735
0.184637249 0.024107609 0.982510984 2.404725790 0.013701085 0.999538898 -0.027100172 -0.134911686 -0.982711196 0.018465174 0.184221789 3.859051704
0.232931644 0.021187533 0.972262383 2.426692009 0.009407805 0.999666810 -0.024038628 -0.135690570 -0.972447574 0.014746212 0.232654691 3.865784407
0.284541249 0.018764352 0.958480179 2.448174477 0.004407616 0.999772191 -0.020881213 -0.137257621 -0.958653629 0.010166182 0.284393728 3.873229027
0.339623392 0.018392120 0.940381646 2.469009876 0.003230272 0.999780059 -0.020720471 -0.137990683 -0.940555930 0.010074847 0.339489251 3.881863117
0.397359669 0.019660229 0.917452335 2.488194942 0.005520987 0.999701142 -0.023813959 -0.138299629 -0.917646348 0.014527950 0.397132427 3.891520023
0.458105505 0.023128672 0.888596892 2.506976604 0.005621461 0.999566019 -0.028915089 -0.139015496 -0.888880134 0.018241372 0.457776725 3.901763916
0.515833616 0.026569230 0.856276751 2.524108410 0.006680631 0.999363720 -0.035033554 -0.139770418 -0.856662810 0.023791948 0.515327930 3.914952755
0.572748601 0.030625718 0.819158852 2.540204525 0.001661974 0.999256372 -0.038521018 -0.140889138 -0.819729388 0.023424279 0.572271824 3.929076195
0.628570914 0.035307225 0.776950359 2.556228161 -0.003376765 0.999083519 -0.042669814 -0.140798107 -0.777744949 0.024197429 0.628114223 3.944027662
0.681636155 0.035196818 0.730844259 2.570600033 -0.006025676 0.999078572 -0.042494785 -0.142512754 -0.731666446 0.024562158 0.681220233 3.959247351
0.729644775 0.033132460 0.683023155 2.583919287 -0.005701810 0.999085546 -0.042373188 -0.142908350 -0.683802426 0.027022909 0.729166627 3.976198673
0.774252355 0.032517530 0.632040977 2.596313238 -0.009976436 0.999182105 -0.039185196 -0.142655566 -0.632798254 0.024033720 0.773943543 3.994398832
0.815111160 0.024698349 0.578777969 2.607074022 -0.009146615 0.999514878 -0.029771108 -0.144498751 -0.579232395 0.018972903 0.814941645 4.012825012
0.850595176 0.024408378 0.525254250 2.617521524 -0.013999935 0.999619186 -0.023780493 -0.144837037 -0.525634468 0.012874045 0.850612998 4.034238815
0.882032454 0.018556682 0.470822841 2.625178099 -0.012555274 0.999794960 -0.015884351 -0.145872802 -0.471021026 0.008099200 0.882084727 4.051906586
0.907095909 0.019951003 0.420450926 2.632794142 -0.017128175 0.999798238 -0.010488931 -0.146445572 -0.420575380 0.002312907 0.907254577 4.073135853
0.927049458 0.020828860 0.374360293 2.638971806 -0.019896695 0.999781847 -0.006355103 -0.147141650 -0.374411106 -0.001557041 0.927261531 4.092508793
0.941942990 0.026491815 0.334726036 2.644758701 -0.026926663 0.999631822 -0.003342076 -0.147708327 -0.334691346 -0.005865010 0.942309558 4.114498615
0.953431129 0.031070612 0.300005972 2.649929285 -0.030960137 0.999507368 -0.005123059 -0.147354826 -0.300017446 -0.004403743 0.953923583 4.136930943
0.962185919 0.033957791 0.270268410 2.654546022 -0.033988386 0.999411762 -0.004568282 -0.147882670 -0.270264566 -0.004790453 0.962774217 4.160178185
0.968806744 0.026308898 0.246417120 2.660059690 -0.025985399 0.999651909 -0.004565048 -0.147379205 -0.246451363 -0.001980598 0.969153106 4.180408955
0.972620368 0.022582436 0.231299818 2.665200710 -0.022288343 0.999744058 -0.003884824 -0.147690862 -0.231328338 -0.001376830 0.972874820 4.204167366
0.975155890 0.027672613 0.219784632 2.669077873 -0.027386213 0.999615490 -0.004350387 -0.148057371 -0.219820455 -0.001776762 0.975538731 4.229230404
0.977206469 0.031464342 0.209946528 2.673970699 -0.031193333 0.999502838 -0.004602931 -0.147446796 -0.209986925 -0.002050917 0.977702081 4.254418373
0.978479981 0.039423060 0.202540398 2.677915096 -0.039159883 0.999218941 -0.005308067 -0.147939980 -0.202591434 -0.002737622 0.979259551 4.275078773
0.978835881 0.045590937 0.199503541 2.682874203 -0.044709664 0.998960197 -0.008922655 -0.148453087 -0.199702889 -0.000185922 0.979856491 4.300977230
0.978655279 0.047264580 0.199999511 2.687242270 -0.045866165 0.998880088 -0.011622373 -0.149008214 -0.200324833 0.002201086 0.979727030 4.327860832
0.978518665 0.045214880 0.201138958 2.692585468 -0.043132029 0.998960733 -0.014728165 -0.149711281 -0.201595888 0.005736251 0.979451954 4.350715637
0.977707982 0.043949608 0.205318660 2.698333263 -0.040581677 0.998964012 -0.020587809 -0.150441468 -0.206010818 0.011796686 0.978478611 4.378686428
0.976819098 0.044232003 0.209446773 2.703790665 -0.039681084 0.998877048 -0.025882915 -0.150758252 -0.210356414 0.016971843 0.977477431 4.403720856
0.975630879 0.049227111 0.213824928 2.709986687 -0.044637620 0.998658419 -0.026242217 -0.150984704 -0.214829877 0.016058076 0.976519525 4.432646275
0.974172115 0.052501854 0.219618455 2.715234280 -0.049008049 0.998570561 -0.021330312 -0.152477264 -0.220424429 0.010016322 0.975352645 4.459306717
0.973171234 0.049366783 0.224723369 2.722250462 -0.046712056 0.998761714 -0.017117994 -0.153071731 -0.225290164 0.006161451 0.974272251 4.489642620
0.972547829 0.045369845 0.228237227 2.729039192 -0.043933511 0.998969674 -0.011372618 -0.153867304 -0.228517994 0.001033155 0.973539114 4.517024517
0.971693099 0.042699993 0.232355893 2.736238480 -0.042301968 0.999082386 -0.006697819 -0.154568017 -0.232428640 -0.003320888 0.972607791 4.548104763
0.971306920 0.038239866 0.234735221 2.743698120 -0.037832636 0.999264538 -0.006239561 -0.154924542 -0.234801188 -0.002820123 0.972039342 4.576305866
0.971400499 0.034862429 0.234874144 2.751780987 -0.033707548 0.999391854 -0.008931138 -0.155709326 -0.235042661 0.000758679 0.971984863 4.608425140
0.971494973 0.034100212 0.234594390 2.758838654 -0.031145101 0.999382079 -0.016291223 -0.156183064 -0.235004947 0.008520381 0.971956730 4.637398720
0.971610606 0.036374938 0.233772427 2.766638279 -0.031925499 0.999230385 -0.022790482 -0.157001883 -0.234421492 0.014680176 0.972024083 4.670502186
0.972140908 0.039300304 0.231078982 2.773270130 -0.034048442 0.999064207 -0.026673295 -0.157458916 -0.231911004 0.018062323 0.972569227 4.700373650
0.972738087 0.037856594 0.228795961 2.781445980 -0.033596311 0.999182463 -0.022488320 -0.158159167 -0.229460239 0.014188545 0.973214567 4.735384464
0.973136306 0.034594104 0.227615744 2.789411545 -0.032122713 0.999378026 -0.014554353 -0.159145623 -0.227977648 0.006851734 0.973642230 4.770847797
0.973769665 0.034530137 0.224901333 2.796416759 -0.033381946 0.999402940 -0.008907019 -0.159998834 -0.225074664 0.001165742 0.974340796 4.800627708
0.974043727 0.038562529 0.223051026 2.804496288 -0.037316974 0.999255419 -0.009797972 -0.160464510 -0.223262802 0.001220064 0.974757552 4.837145805
0.974184036 0.043775503 0.221470788 2.811667204 -0.041566074 0.999028683 -0.014629355 -0.161173493 -0.221896127 0.005046012 0.975057244 4.874106407
0.975128829 0.044480294 0.217129618 2.818594217 -0.041241705 0.998960316 -0.019426515 -0.162104726 -0.217767969 0.009988557 0.975949526 4.904608727
0.976189613 0.043045543 0.212605014 2.827471733 -0.039091006 0.998976171 -0.022771018 -0.162653863 -0.213367552 0.013917888 0.976872861 4.942345619
0.977085054 0.040130544 0.209031865 2.835182667 -0.036431391 0.999104381 -0.021518428 -0.163544133 -0.209708214 0.013410011 0.977671981 4.981823921
0.977862477 0.036942754 0.205961183 2.841617107 -0.033818021 0.999253571 -0.018672425 -0.165018544 -0.206497252 0.011293869 0.978381991 5.013132572
0.978204906 0.035938535 0.204508141 2.849469662 -0.033381246 0.999315441 -0.015941827 -0.165962845 -0.204941064 0.008767636 0.978735089 5.053090572
0.978513539 0.032873645 0.203545421 2.857566833 -0.030760953 0.999435186 -0.013535399 -0.166944534 -0.203875378 0.006983320 0.978972018 5.093187332
0.978855610 0.027946768 0.202633992 2.865086079 -0.026011351 0.999587119 -0.012208542 -0.167894244 -0.202891544 0.006679615 0.979178429 5.125196934
0.978947520 0.028424563 0.202122971 2.873235464 -0.026729679 0.999580920 -0.011110540 -0.168186516 -0.202354074 0.005473953 0.979297221 5.166318893
0.978644848 0.033790268 0.202762067 2.880937099 -0.031786926 0.999408424 -0.013129524 -0.169133365 -0.203085765 0.006403959 0.979139984 5.206978321
0.978429794 0.039245009 0.202817470 2.889420748 -0.036738373 0.999195039 -0.016110530 -0.170337766 -0.203286484 0.008311841 0.979084015 5.247663498
0.977849066 0.048494030 0.203616425 2.895151377 -0.045851164 0.998791754 -0.017679894 -0.171011120 -0.204227746 0.007952218 0.978891134 5.278558254
0.976882935 0.054363478 0.206747696 2.903087139 -0.052022468 0.998505414 -0.016746830 -0.172638416 -0.207349122 0.005604167 0.978250980 5.319835663
0.976147354 0.056693230 0.209576443 2.911717176 -0.054684673 0.998385429 -0.015370915 -0.173398137 -0.210109442 0.003543660 0.977671444 5.361943722
0.975589812 0.057326585 0.211986512 2.920834064 -0.055086214 0.998345792 -0.016464310 -0.174215496 -0.212579697 0.004384877 0.977133930 5.403477669
0.975306332 0.055677764 0.213723153 2.927368164 -0.052854110 0.998423159 -0.018907735 -0.175326720 -0.214438930 0.007144685 0.976711333 5.434327602
0.975283444 0.049536567 0.215333208 2.936679363 -0.046893157 0.998748899 -0.017370591 -0.176580817 -0.215924293 0.006843594 0.976386130 5.476458549
0.975662291 0.042554054 0.215110078 2.946728706 -0.039383482 0.999043465 -0.019005936 -0.177729398 -0.215713084 0.010071588 0.976404965 5.517888546
0.975387931 0.041946378 0.216469318 2.955491066 -0.038658444 0.999064028 -0.019402958 -0.178806767 -0.217080608 0.010557042 0.976096690 5.559367657
0.974934459 0.044139951 0.218069583 2.962439060 -0.041593831 0.999002337 -0.016254675 -0.180204973 -0.218569487 0.006776894 0.975797772 5.590367794
0.974638760 0.046025332 0.219000041 2.971589565 -0.044763129 0.998939991 -0.010724517 -0.180993378 -0.219261512 0.000649402 0.975665867 5.631872654
0.974176407 0.049210232 0.220360205 2.980407238 -0.048911221 0.998779833 -0.006816250 -0.181985438 -0.220426738 -0.004137857 0.975394726 5.674087524
0.973895490 0.048910242 0.221665069 2.989577293 -0.047118038 0.998799801 -0.013369246 -0.183188200 -0.222052902 0.002575827 0.975031137 5.716764927
0.974229753 0.044744734 0.221075505 2.996526241 -0.039711796 0.998841882 -0.027160466 -0.184633970 -0.222034752 0.017681228 0.974878430 5.745815754
0.974650383 0.042150788 0.219727144 3.006882429 -0.035058498 0.998733759 -0.036079522 -0.185871348 -0.220969692 0.027461618 0.974893987 5.786089897
0.974842131 0.039023444 0.219453946 3.015964508 -0.033853065 0.999054611 -0.027272977 -0.186894655 -0.220310763 0.019157661 0.975241661 5.827302933
0.975080669 0.032986991 0.219384789 3.024938583 -0.032368287 0.999455333 -0.006414967 -0.188362896 -0.219476923 -0.000846002 0.975617349 5.871141434
0.975425124 0.030530069 0.218206048 3.034246445 -0.033248994 0.999408364 0.008798521 -0.190081596 -0.217808351 -0.015837425 0.975863039 5.912582874
0.975498796 0.034194417 0.217331335 3.040163994 -0.035768028 0.999354601 0.003309774 -0.190609604 -0.217077881 -0.011002192 0.976092279 5.941479206
