0.999968350 -0.001502205 -0.007813055 -0.000158070 0.001473278 0.999992073 -0.003706716 -0.000384317 0.007818560 0.003695087 0.999962628 0.061443496
0.999930501 -0.001388851 -0.011722771 -0.000749681 0.001328674 0.999985993 -0.005139559 -0.000544990 0.011729744 0.005123625 0.999918044 0.093018629
0.999861658 -0.000058273 -0.016634386 -0.001547320 -0.000039589 0.999982715 -0.005882703 -0.000626776 0.016634442 0.005882547 0.999844313 0.125437945
0.999788404 -0.000805196 -0.020555884 -0.002734218 0.000676979 0.999980330 -0.006243667 -0.000912585 0.020560507 0.006228431 0.999769211 0.158638775
0.999684870 0.000726411 -0.025093095 -0.003818788 -0.000904260 0.999974608 -0.007076958 -0.001583698 0.025087316 0.007097420 0.999660075 0.192318618
0.999549329 0.003312605 -0.029837867 -0.005166785 -0.003556626 0.999960721 -0.008128897 -0.001663301 0.029809766 0.008231356 0.999521732 0.225377187
0.999396205 0.003853599 -0.034534309 -0.006550414 -0.004065403 0.999973476 -0.006065012 -0.002340307 0.034510020 0.006201746 0.999385238 0.261909574
0.999261320 0.002888110 -0.038322560 -0.008432687 -0.003008525 0.999990761 -0.003084851 -0.002678738 0.038313299 0.003197867 0.999260724 0.296439350
0.999091148 0.002881016 -0.042525042 -0.009684633 -0.002918991 0.999995410 -0.000830959 -0.002966981 0.042522456 0.000954334 0.999095023 0.333659440
0.999004722 0.004659764 -0.044359397 -0.012145441 -0.004733121 0.999987602 -0.001548833 -0.003401617 0.044351626 0.001757250 0.999014437 0.368809640
0.998882711 0.003837902 -0.047103424 -0.013836931 -0.003928251 0.999990702 -0.001825680 -0.003681391 0.047095973 0.002008674 0.998888314 0.406024963
0.998807728 0.001393174 -0.048798744 -0.015661810 -0.001510811 0.999996126 -0.002373871 -0.003961515 0.048795238 0.002444766 0.998805761 0.442474097
0.998673797 0.000590052 -0.051481556 -0.016989838 -0.000660696 0.999998927 -0.001355209 -0.004374895 0.051480707 0.001387425 0.998673022 0.479923338
0.998630047 -0.001141486 -0.052313905 -0.019516541 0.001078317 0.999998689 -0.001235714 -0.004940836 0.052315246 0.001177611 0.998629928 0.516850352
0.998496830 0.001434548 -0.054790899 -0.021372505 -0.001654120 0.999990821 -0.003962304 -0.005149077 0.054784711 0.004046979 0.998489976 0.555694163
0.998423338 0.001689292 -0.056107294 -0.023766253 -0.002046924 0.999977946 -0.006317234 -0.005727991 0.056095388 0.006422121 0.998404801 0.593261361
0.998330295 0.005824420 -0.057469185 -0.026663538 -0.006312919 0.999945462 -0.008322294 -0.006127227 0.057417579 0.008671196 0.998312593 0.632429242
0.998217106 0.006208993 -0.059363246 -0.028478175 -0.006700240 0.999944925 -0.008079823 -0.006477574 0.059309814 0.008463166 0.998203754 0.671504378
0.998166323 0.005612206 -0.060270846 -0.031501621 -0.006009852 0.999961317 -0.006418387 -0.007326991 0.060232490 0.006768835 0.998161495 0.710911691
0.998095572 0.006227600 -0.061371874 -0.034400787 -0.006511543 0.999969065 -0.004427688 -0.007948311 0.061342396 0.004818882 0.998105109 0.750224411
0.998035073 0.005907016 -0.062380005 -0.036886267 -0.006202064 0.999970496 -0.004537282 -0.008641317 0.062351353 0.004915252 0.998042226 0.789835393
0.997917593 0.005662052 -0.064254686 -0.039312750 -0.006012431 0.999968112 -0.005260916 -0.009118134 0.064222850 0.005636286 0.997919798 0.829294860
0.997835994 0.004650770 -0.065588146 -0.042021893 -0.005145961 0.999959469 -0.007383087 -0.009207832 0.065551139 0.007704624 0.997819424 0.868676662
0.997823894 0.004394040 -0.065789573 -0.044554118 -0.004699359 0.999978840 -0.004486784 -0.010155547 0.065768473 0.004786188 0.997823596 0.909048557
0.997819066 0.005609275 -0.065771244 -0.047508784 -0.005741293 0.999981880 -0.001818372 -0.010499932 0.065759867 0.002192018 0.997833073 0.949500144
0.997884989 0.006774853 -0.064650856 -0.050490741 -0.006627392 0.999974966 0.002495049 -0.011132884 0.064666137 -0.002061306 0.997904837 0.989610732
0.997954786 0.005685980 -0.063671209 -0.052483287 -0.005337125 0.999969900 0.005647722 -0.011486821 0.063701421 -0.005296349 0.997954965 1.030370474
0.998101890 0.006589053 -0.061230224 -0.055924304 -0.006256168 0.999964595 0.005626752 -0.011083784 0.061265141 -0.005233005 0.998107910 1.070947528
0.998183072 0.006276118 -0.059926070 -0.058314249 -0.006094146 0.999976337 0.003218890 -0.011763074 0.059944842 -0.002847843 0.998197615 1.111729145
0.998257637 0.006977191 -0.058592472 -0.061148234 -0.007122697 0.999972165 -0.002274873 -0.011702355 0.058574948 0.002688246 0.998279393 1.152935028
0.998277485 0.006652476 -0.058290575 -0.063217357 -0.006938425 0.999965072 -0.004704555 -0.012359910 0.058257226 0.005100897 0.998288453 1.194536328
0.998335063 0.003820346 -0.057554223 -0.065656193 -0.004022931 0.999986231 -0.003404449 -0.012966379 0.057540420 0.003630319 0.998336494 1.236368656
0.998321116 0.002780069 -0.057855271 -0.067945823 -0.002710064 0.999995530 0.001288433 -0.013413478 0.057858590 -0.001129478 0.998324156 1.278356075
0.998264551 -0.000959731 -0.058880888 -0.070034422 0.001251781 0.999987066 0.004923336 -0.013871219 0.058875397 -0.004988499 0.998252928 1.320289254
0.998185694 -0.008049652 -0.059669122 -0.072348803 0.008303409 0.999957502 0.004006027 -0.014290130 0.059634335 -0.004494216 0.998210192 1.361772776
0.998083353 -0.010689970 -0.060952634 -0.075033307 0.010734482 0.999942303 0.000402881 -0.014884732 0.060944803 -0.001056404 0.998140574 1.404091835
0.997997820 -0.010060704 -0.062444072 -0.077628158 0.009839362 0.999944210 -0.003851152 -0.014997020 0.062479336 0.003229031 0.998041093 1.445661664
0.997864485 -0.009011904 -0.064694360 -0.080512196 0.008726209 0.999951005 -0.004697295 -0.015366884 0.064733528 0.004122728 0.997894108 1.488467574
0.997824252 -0.008596644 -0.065366372 -0.083388917 0.008406871 0.999959648 -0.003177716 -0.016097378 0.065391056 0.002621275 0.997856319 1.530573726
0.997785807 -0.005337150 -0.066295512 -0.087000787 0.005328946 0.999985754 -0.000300615 -0.016708825 0.066296175 -0.000053336 0.997799993 1.574343681
0.997663617 -0.005734815 -0.068076536 -0.089376718 0.005822816 0.999982417 0.001094316 -0.017347887 0.068069056 -0.001488157 0.997679532 1.616201401
0.997619569 -0.004923750 -0.068782441 -0.092795312 0.005165977 0.999981046 0.003344226 -0.017351706 0.068764679 -0.003691593 0.997626066 1.659399390
0.997615635 -0.004796194 -0.068848513 -0.095594808 0.005263064 0.999964416 0.006601324 -0.017998926 0.068814419 -0.006947939 0.997605264 1.701548338
0.997617185 0.001521745 -0.068976231 -0.099144906 -0.000911550 0.999960244 0.008877072 -0.018204972 0.068986990 -0.008793045 0.997578800 1.744245172
0.997578681 0.001151699 -0.069537066 -0.101981565 -0.000563051 0.999963760 0.008484253 -0.018527918 0.069544323 -0.008424557 0.997543275 1.786132455
0.997584522 0.001072994 -0.069454595 -0.104961686 -0.000586993 0.999975145 0.007017424 -0.018680077 0.069460414 -0.006959706 0.997560382 1.828993678
0.997582793 0.003518478 -0.069398873 -0.108148627 -0.003230102 0.999985695 0.004267127 -0.018693171 0.069412887 -0.004032647 0.997579873 1.870701432
0.997489572 0.002290591 -0.070777655 -0.110777274 -0.001942373 0.999985754 0.004988312 -0.019489825 0.070788071 -0.004838312 0.997479677 1.913861632
0.997425497 0.000948101 -0.071706690 -0.114233449 -0.000556779 0.999984860 0.005477039 -0.019362770 0.071710825 -0.005423012 0.997410715 1.955216408
0.997373819 0.001986809 -0.072400689 -0.117517427 -0.001520969 0.999977767 0.006488748 -0.019733198 0.072411984 -0.006361587 0.997354507 1.998016119
0.997342408 0.003947633 -0.072749853 -0.120716535 -0.003714787 0.999987543 0.003335655 -0.020494983 0.072762109 -0.003056539 0.997344613 2.038213730
0.997253716 0.004455939 -0.073927633 -0.123673044 -0.004566777 0.999988675 -0.001330316 -0.020570727 0.073920861 0.001664273 0.997262716 2.080588579
0.997207165 0.005779115 -0.074460857 -0.126957804 -0.005989216 0.999978662 -0.002598651 -0.021027448 0.074444249 0.003037356 0.997220576 2.120837927
0.997196496 0.004193493 -0.074710533 -0.130033419 -0.004117021 0.999990821 0.001177552 -0.021812761 0.074714787 -0.000866666 0.997204661 2.162877321
0.997184217 0.002378571 -0.074952386 -0.132748276 -0.002054497 0.999988139 0.004400524 -0.022337839 0.074961953 -0.004234145 0.997177422 2.203912735
0.997202694 0.000880808 -0.074741103 -0.136331871 -0.000514670 0.999987781 0.004917882 -0.022682583 0.074744508 -0.004865656 0.997190893 2.243746758
0.997195125 -0.001709987 -0.074826881 -0.139343709 0.001951956 0.999993145 0.003160699 -0.022768617 0.074820943 -0.003297891 0.997191548 2.284625053
0.997182727 -0.004920672 -0.074849620 -0.142868936 0.005089590 0.999984920 0.002066174 -0.023146946 0.074838310 -0.002441306 0.997192681 2.326447010
0.997069120 -0.006207972 -0.076253109 -0.145309955 0.006515510 0.999971688 0.003785002 -0.024292223 0.076227449 -0.004270737 0.997081339 2.364623547
0.996960640 -0.009744859 -0.077295341 -0.148492336 0.010330511 0.999920964 0.007180584 -0.023943786 0.077219263 -0.007957259 0.996982396 2.405169725
0.996935129 -0.009931067 -0.077599645 -0.151943490 0.010915534 0.999865174 0.012272634 -0.024199732 0.077467315 -0.013082061 0.996909142 2.446227074
0.996861994 -0.008728591 -0.078676969 -0.154795453 0.009940387 0.999837697 0.015023694 -0.024724267 0.078533076 -0.015758626 0.996787131 2.485279799
0.996769190 -0.006317909 -0.080070809 -0.158216894 0.007201280 0.999916196 0.010748400 -0.025169710 0.079996213 -0.011290286 0.996731341 2.525139093
0.996678293 -0.005533823 -0.081252247 -0.162006795 0.005817968 0.999977708 0.003260731 -0.025277071 0.081232399 -0.003722619 0.996688366 2.564212799
0.996628284 -0.003940216 -0.081956543 -0.164917827 0.003839697 0.999991715 -0.001384061 -0.025702305 0.081961296 0.001064706 0.996634960 2.602346659
0.996569932 0.001406742 -0.082744047 -0.168663397 -0.001506254 0.999998271 -0.001140243 -0.025730917 0.082742281 0.001260965 0.996570230 2.640833616
0.996507943 0.003948604 -0.083405361 -0.172515184 -0.003830199 0.999991477 0.001579589 -0.026528873 0.083410874 -0.001254613 0.996514499 2.678639174
0.996399283 0.006547519 -0.084531903 -0.175833270 -0.006302283 0.999975145 0.003167646 -0.027356755 0.084550522 -0.002623496 0.996415734 2.715155125
0.996279657 0.006105005 -0.085962825 -0.178602383 -0.005855693 0.999977946 0.003152094 -0.027663970 0.085980147 -0.002636995 0.996293366 2.751531124
0.996191800 0.009451549 -0.086675979 -0.182786494 -0.009184756 0.999951839 0.003476356 -0.027934574 0.086704649 -0.002667020 0.996230483 2.788351774
0.996045530 0.010098225 -0.088268980 -0.186069369 -0.009759714 0.999943316 0.004265729 -0.028600371 0.088307068 -0.003387381 0.996087551 2.823436260
0.995890260 0.008783799 -0.090141974 -0.189066499 -0.008360418 0.999952257 0.005073343 -0.029142842 0.090182237 -0.004298868 0.995916009 2.858305216
0.995792925 0.009396696 -0.091149658 -0.192359820 -0.008869361 0.999941587 0.006188713 -0.029541530 0.091202475 -0.005354237 0.995817959 2.892641068
0.995661855 0.012048039 -0.092263460 -0.195845127 -0.011278229 0.999897122 0.008860482 -0.029781727 0.092360720 -0.007781474 0.995695174 2.926856518
0.995486856 0.013694662 -0.093905739 -0.198867500 -0.012542780 0.999838829 0.012845666 -0.029963508 0.094066508 -0.011609854 0.995498180 2.960294485
0.995272100 0.017709417 -0.095497072 -0.202078581 -0.016351929 0.999754131 0.014978906 -0.030796979 0.095738836 -0.013346527 0.995316982 2.993432283
0.995100856 0.020205792 -0.096777581 -0.205520064 -0.019253938 0.999756813 0.010759367 -0.031057626 0.096971445 -0.008843306 0.995247841 3.024873495
0.994985342 0.019592635 -0.098082975 -0.209101498 -0.019373486 0.999807298 0.003186299 -0.030980289 0.098126493 -0.001270112 0.995173156 3.055362463
0.994870484 0.018392367 -0.099471159 -0.212181941 -0.018760005 0.999820292 -0.002761772 -0.030996032 0.099402487 0.004613685 0.995036662 3.085777283
0.994831622 0.019170808 -0.099711470 -0.215434641 -0.019645644 0.999799907 -0.003782350 -0.031456120 0.099618994 0.005721698 0.995009184 3.115277529
0.994641721 0.022619735 -0.100877136 -0.218086958 -0.022709360 0.999742091 0.000259975 -0.032430526 0.100856997 0.002032273 0.994898915 3.144604921
0.994514525 0.022683177 -0.102109626 -0.221415520 -0.022608405 0.999742627 0.001889660 -0.032632053 0.102126203 0.000429242 0.994771421 3.171024323
0.994528532 0.019419080 -0.102644682 -0.224625617 -0.019706134 0.999804258 -0.001783150 -0.032642078 0.102589950 0.003796124 0.994716525 3.197647333
0.994711757 0.011147209 -0.102099247 -0.227390915 -0.011883029 0.999907613 -0.006601496 -0.033693254 0.102016233 0.007779836 0.994752407 3.223803282
0.994807780 0.007076476 -0.101525173 -0.229291469 -0.008346366 0.999892116 -0.012088794 -0.033444565 0.101428658 0.012873393 0.994759619 3.249291658
0.995045185 0.009576815 -0.098961726 -0.231588960 -0.010809195 0.999870479 -0.011924404 -0.034464441 0.098834708 0.012935017 0.995019674 3.273238420
0.995404661 0.014437227 -0.094664283 -0.234165981 -0.015315155 0.999846041 -0.008554133 -0.035376798 0.094526201 0.009964621 0.995472372 3.297369480
0.995884418 0.012729277 -0.089734323 -0.236229390 -0.013314755 0.999893844 -0.005928938 -0.035385255 0.089649305 0.007099328 0.995948195 3.321709633
0.996398091 0.009506993 -0.084264591 -0.237891197 -0.009661920 0.999952316 -0.001430949 -0.036257911 0.084246956 0.002239955 0.996442378 3.344343424
0.997069001 0.004813935 -0.076355532 -0.238871828 -0.004699508 0.999987483 0.001678222 -0.036512230 0.076362662 -0.001314470 0.997079253 3.366024971
0.997775376 0.008503637 -0.066121548 -0.239703000 -0.008429399 0.999963462 0.001401684 -0.036887605 0.066131055 -0.000841201 0.997810662 3.387879133
0.998637617 0.013694974 -0.050353553 -0.241345152 -0.013650944 0.999906063 0.001218201 -0.037491154 0.050365496 -0.000529168 0.998730719 3.409639359
0.999296069 0.019062730 -0.032310214 -0.242098868 -0.019025574 0.999817967 0.001457119 -0.037471935 0.032332107 -0.000841373 0.999476790 3.429320335
0.999798775 0.017578399 -0.009664418 -0.242092460 -0.017563147 0.999844432 0.001660802 -0.037634268 0.009692106 -0.001490730 0.999951839 3.449925184
0.999760926 0.014002219 0.016792797 -0.240855962 -0.014036862 0.999899507 0.001946823 -0.037596282 -0.016763847 -0.002182075 0.999857068 3.469757318
0.998866558 0.013089694 0.045763727 -0.238912538 -0.013278331 0.999904573 0.003820417 -0.038119249 -0.045709357 -0.004423752 0.998944879 3.488134861
0.996774018 0.012614338 0.079261810 -0.236672997 -0.013041844 0.999903023 0.004878192 -0.038261600 -0.079192579 -0.005896174 0.996841848 3.507468939
0.993112981 0.012380485 0.116504997 -0.233117551 -0.013135656 0.999897420 0.005716271 -0.038857501 -0.116422266 -0.007207272 0.993173599 3.526284218
0.987374187 0.012173307 0.157937139 -0.229624450 -0.013193466 0.999898255 0.005412373 -0.039062612 -0.157855228 -0.007427776 0.987434328 3.542715311
0.979009211 0.011920589 0.203467265 -0.225195348 -0.013236699 0.999899268 0.005108730 -0.039292678 -0.203385904 -0.007694729 0.979068458 3.560209751
0.967587888 0.014565112 0.252114356 -0.219344318 -0.015813120 0.999870658 0.002924684 -0.039590932 -0.252039135 -0.006816604 0.967693150 3.577228069
0.952333868 0.015137225 0.304682016 -0.212916017 -0.015986744 0.999872208 0.000293512 -0.040237196 -0.304638594 -0.005150395 0.952454150 3.592472315
0.932914078 0.015630560 0.359759688 -0.204937935 -0.015816176 0.999872029 -0.002427802 -0.040346336 -0.359751552 -0.003425091 0.933041871 3.607866287
0.908735156 0.016038787 0.417065084 -0.196995735 -0.015807441 0.999867082 -0.004008668 -0.040749229 -0.417073876 -0.002949914 0.908867836 3.622126341
0.879798293 0.016201539 0.475070953 -0.187625051 -0.014808866 0.999868035 -0.006673919 -0.040859126 -0.475116432 -0.001163559 0.879922330 3.636191130
0.846083760 0.015066461 0.532836914 -0.177959681 -0.012586040 0.999886394 -0.008287533 -0.041500274 -0.532901287 0.000305640 0.846177399 3.649146318
0.809293091 0.015032714 0.587212563 -0.166634321 -0.011053842 0.999885201 -0.010362837 -0.041611046 -0.587301016 0.001895618 0.809366465 3.661714315
0.769309163 0.013363793 0.638736904 -0.155012488 -0.009996682 0.999910593 -0.008880116 -0.042382762 -0.638798535 0.000446305 0.769374013 3.673406601
0.727285326 0.012511632 0.686221182 -0.142811775 -0.011110249 0.999917388 -0.006456051 -0.042928766 -0.686245322 -0.002928697 0.727364302 3.683121204
0.682801306 0.011527901 0.730513155 -0.129573584 -0.009750942 0.999930203 -0.006665373 -0.043088567 -0.730539024 -0.002572066 0.682866096 3.692554474
0.636232316 0.010113719 0.771431267 -0.115682125 -0.006478776 0.999948859 -0.007766336 -0.043471228 -0.771470308 -0.000056737 0.636265337 3.701694965
0.588779509 0.007658934 0.808257461 -0.102210283 -0.001173074 0.999962151 -0.008620969 -0.044074737 -0.808292806 0.004127705 0.588766217 3.709426403
0.542596817 0.009457619 0.839940071 -0.087607622 -0.003172843 0.999952614 -0.009209701 -0.044722058 -0.839987218 0.002332157 0.542601109 3.716579914
0.495766878 0.012082718 0.868371665 -0.072705865 -0.006567627 0.999926805 -0.010163646 -0.045259975 -0.868430674 -0.000664340 0.495810032 3.723496675
0.449046582 0.014616442 0.893388689 -0.059231043 -0.007769584 0.999892294 -0.012453659 -0.045667969 -0.893474579 -0.001348985 0.449111700 3.729498625
0.406146199 0.011551792 0.913734972 -0.043949485 -0.000557965 0.999923050 -0.012393400 -0.046176009 -0.913807929 0.004523702 0.406121403 3.734575272
0.367029607 0.003446757 0.930202782 -0.027390957 0.014947144 0.999842227 -0.009602481 -0.046652362 -0.930089176 0.017428270 0.366920203 3.738511801
0.331793189 0.000666487 0.943351924 -0.011895776 0.018575240 0.999801397 -0.007239603 -0.046500951 -0.943169177 0.019925041 0.331714898 3.742342472
0.298856318 0.004644702 0.954286873 0.004399180 0.015946839 0.999824286 -0.009860454 -0.046914723 -0.954164803 0.018164715 0.298729777 3.746509552
0.267400116 0.012563125 0.963503659 0.020689368 0.005281169 0.999880910 -0.014503124 -0.047455724 -0.963571131 0.008966563 0.267301947 3.751162529
0.239134982 0.016996302 0.970837593 0.037379146 0.000961525 0.999842167 -0.017740920 -0.048114948 -0.970985949 0.005175958 0.239080876 3.754827499
0.213325649 0.018574119 0.976804554 0.055101514 0.002097046 0.999808252 -0.019469522 -0.048827711 -0.976978898 0.006201752 0.213245824 3.757941246
0.189441502 0.020075658 0.981686771 0.073138475 0.008479863 0.999720275 -0.022080857 -0.049530633 -0.981855452 0.012507599 0.189218313 3.760442019
0.170022160 0.026016552 0.985096812 0.091456413 0.016445190 0.999437273 -0.029233638 -0.049475882 -0.985303044 0.021170467 0.169498652 3.762231827
0.150475219 0.033531807 0.988044977 0.110424042 0.018719560 0.999148786 -0.036759552 -0.049274527 -0.988436639 0.024027167 0.149719417 3.764462471
0.132564008 0.033649668 0.990603149 0.129900753 0.016903132 0.999201596 -0.036203746 -0.050047956 -0.991030276 0.021543613 0.131889373 3.766998291
0.116743222 0.029502042 0.992723942 0.150546104 0.014577246 0.999400139 -0.031414721 -0.051170856 -0.993055224 0.018138638 0.116243124 3.769227505
0.102578931 0.026160857 0.994380772 0.171489090 0.014728718 0.999504626 -0.027815053 -0.052074183 -0.994615793 0.017499192 0.102142788 3.771001816
0.088899277 0.023985611 0.995751798 0.192946106 0.016773356 0.999532282 -0.025574174 -0.052760482 -0.995899439 0.018975623 0.088455372 3.772571564
0.077889264 0.022773281 0.996701896 0.215224057 0.020896949 0.999482095 -0.024469836 -0.053586334 -0.996743023 0.022733968 0.077373028 3.773546696
0.067228712 0.023876712 0.997451901 0.238839597 0.024294661 0.999378026 -0.025560286 -0.054047786 -0.997441828 0.025951143 0.066606812 3.774932146
0.059821516 0.024282668 0.997913659 0.262082756 0.025979854 0.999327540 -0.025874471 -0.054782405 -0.997870982 0.027473504 0.059150424 3.775782585
0.054529637 0.024024181 0.998223126 0.287254155 0.027827719 0.999285698 -0.025569888 -0.055735927 -0.998124421 0.029172588 0.053822141 3.776555300
0.048719086 0.025427097 0.998488784 0.312150687 0.029145218 0.999214053 -0.026867643 -0.056298099 -0.998387098 0.030410146 0.047939714 3.777934074
0.042809531 0.025720160 0.998752058 0.338815868 0.030213764 0.999178112 -0.027026180 -0.057225775 -0.998626232 0.031333037 0.041997239 3.778883457
0.038313460 0.026137631 0.998924017 0.365263283 0.032091908 0.999110103 -0.027373375 -0.057911437 -0.998750448 0.033106141 0.037440553 3.779778719
0.035428278 0.026180174 0.999029219 0.393367946 0.033311710 0.999070406 -0.027362578 -0.058692880 -0.998816848 0.034248784 0.034523237 3.780684233
0.032464813 0.025623228 0.999144435 0.421601534 0.034198653 0.999057531 -0.026732201 -0.059782822 -0.998887718 0.035037246 0.031557932 3.781321526
0.030201836 0.024858169 0.999234736 0.450341523 0.037243780 0.998968601 -0.025977239 -0.060811333 -0.998849690 0.037999846 0.029244872 3.781975985
0.029554510 0.024564687 0.999261260 0.481235594 0.040877458 0.998831987 -0.025763139 -0.061658196 -0.998726904 0.041608687 0.028515849 3.782460213
0.030637104 0.024017137 0.999241948 0.511833489 0.044537470 0.998685598 -0.025369300 -0.062552765 -0.998537779 0.045280952 0.029527165 3.783273220
0.032995831 0.024104189 0.999164820 0.543812513 0.045833260 0.998620927 -0.025604639 -0.063633159 -0.998404026 0.046639830 0.031845547 3.784174442
0.036844652 0.023876255 0.999035716 0.576929450 0.048520118 0.998492718 -0.025652710 -0.064790420 -0.998142362 0.049418498 0.035630636 3.785581112
0.041405819 0.023536349 0.998865187 0.610613585 0.049278989 0.998457730 -0.025569502 -0.065588757 -0.997926414 0.050281789 0.040182106 3.786828041
0.045347434 0.021834508 0.998732686 0.643261492 0.050157558 0.998450398 -0.024105741 -0.066743709 -0.997711360 0.051187135 0.044181984 3.788052320
0.049128987 0.020621669 0.998579681 0.679115295 0.049765378 0.998494565 -0.023068316 -0.067591287 -0.997551918 0.050828021 0.048028771 3.790033817
0.053485427 0.018130474 0.998404145 0.714538693 0.047365554 0.998663664 -0.020672610 -0.068891533 -0.997444749 0.048395652 0.052555189 3.792018890
0.057026044 0.017032741 0.998227537 0.748445392 0.045892984 0.998752832 -0.019663453 -0.069825128 -0.997317314 0.046932966 0.056173254 3.794468164
0.060907610 0.018006003 0.997980952 0.785134077 0.043493528 0.998839796 -0.020675939 -0.070742339 -0.997195244 0.044665039 0.060053807 3.797307968
0.064242654 0.022067031 0.997690320 0.822583318 0.041726172 0.998821795 -0.024778863 -0.071979359 -0.997061610 0.043221671 0.063246191 3.799850702
0.065532282 0.027224235 0.997478962 0.857245564 0.034838133 0.998955965 -0.029553339 -0.073593795 -0.997242033 0.036686994 0.064515419 3.802317858
0.065587938 0.030482806 0.997381032 0.894667923 0.032048292 0.998953342 -0.032638356 -0.074972816 -0.997331977 0.034105033 0.064542361 3.805051565
0.065598480 0.030228360 0.997388124 0.932052970 0.029504146 0.999045312 -0.032219082 -0.076248430 -0.997409821 0.031540599 0.064643987 3.807845354
0.065604143 0.028092448 0.997450173 0.969591200 0.026458066 0.999203324 -0.029882016 -0.078141943 -0.997494876 0.028350985 0.064808600 3.810655117
0.065315224 0.026915452 0.997501612 1.004482031 0.027645225 0.999203622 -0.028771553 -0.079434857 -0.997481704 0.029455379 0.064519122 3.813189745
0.065875955 0.025922550 0.997491062 1.042183876 0.025328998 0.999296963 -0.027642244 -0.081278659 -0.997506380 0.027086413 0.065173052 3.815791130
0.065400854 0.026714966 0.997501314 1.080401659 0.023533875 0.999322176 -0.028306715 -0.082662970 -0.997581482 0.025326356 0.064727798 3.819481850
0.065860823 0.026946900 0.997464955 1.114643455 0.020336768 0.999391496 -0.028341744 -0.084427923 -0.997621596 0.022151822 0.065272726 3.821400404
0.064575821 0.028201230 0.997514307 1.151751041 0.017643858 0.999412060 -0.029397093 -0.086005323 -0.997756839 0.019498333 0.064040296 3.824345112
0.060848914 0.028062481 0.997752547 1.189388514 0.014011395 0.999482214 -0.028965630 -0.087334692 -0.998048663 0.015742430 0.060424216 3.827631950
0.057816681 0.027043415 0.997960865 1.223770857 0.012115805 0.999540448 -0.027788144 -0.088645279 -0.998253584 0.013697716 0.057462454 3.829369068
0.052943852 0.024753837 0.998290658 1.261281848 0.009294895 0.999637306 -0.025280174 -0.089929596 -0.998554111 0.010617437 0.052694552 3.831580877
0.045990929 0.022082962 0.998697817 1.301612735 0.006542340 0.999727488 -0.022407012 -0.092087418 -0.998920441 0.007564338 0.045833915 3.834602356
0.038953491 0.022454306 0.998988688 1.332129002 0.007053551 0.999716461 -0.022745699 -0.093245238 -0.999216139 0.007932441 0.038784061 3.834822655
0.030478664 0.023037134 0.999269962 1.368252754 0.007340983 0.999702215 -0.023271007 -0.094744533 -0.999508440 0.008044891 0.030300468 3.835774422
0.020325880 0.023661895 0.999513388 1.404249668 0.007095916 0.999691367 -0.023810411 -0.096019179 -0.999768257 0.007576430 0.020151705 3.836658955
0.010135153 0.023007508 0.999683917 1.438975334 0.009164047 0.999691308 -0.023100583 -0.097241759 -0.999906659 0.009395279 0.009921182 3.836933136
-0.000851581 0.022144372 0.999754369 1.475343108 0.007746821 0.999724925 -0.022137120 -0.098518208 -0.999969602 0.007726066 -0.001022895 3.837112427
-0.012221934 0.021100599 0.999702692 1.509647727 0.009530527 0.999734342 -0.020984750 -0.099896297 -0.999879837 0.009271218 -0.012419788 3.836786270
-0.023264568 0.021316478 0.999502122 1.545537949 0.009839011 0.999729097 -0.021092307 -0.101070285 -0.999680936 0.009343408 -0.023467997 3.836201668
-0.034145508 0.022505980 0.999163508 1.581785560 0.010007347 0.999703944 -0.022176165 -0.102046028 -0.999366760 0.009241759 -0.034360629 3.834931612
-0.044626333 0.023307111 0.998731852 1.614713788 0.009575771 0.999691904 -0.022901645 -0.103721425 -0.998957813 0.008541612 -0.044835769 3.832875490
-0.054755010 0.024337664 0.998203218 1.649015307 0.010490723 0.999661744 -0.023797777 -0.104788631 -0.998444676 0.009168825 -0.054991808 3.830760717
-0.063058667 0.025360089 0.997687638 1.684371591 0.011185998 0.999632359 -0.024702514 -0.105709389 -0.997947156 0.009602422 -0.063319147 3.826461315
-0.075073354 0.025412893 0.996854186 1.717380643 0.011392061 0.999632001 -0.024625765 -0.107656732 -0.997112930 0.009507484 -0.075335227 3.826850176
-0.084351450 0.025770335 0.996102810 1.751924753 0.012340108 0.999615967 -0.024816247 -0.108952247 -0.996359646 0.010198730 -0.084637053 3.823846579
-0.093304567 0.025727864 0.995305240 1.784892082 0.014197571 0.999598920 -0.024507908 -0.109929740 -0.995536327 0.011844216 -0.093632422 3.820898294
-0.099603303 0.024587739 0.994723380 1.816300511 0.015113098 0.999616683 -0.023195397 -0.111053765 -0.994912505 0.012723013 -0.099936701 3.816500425
-0.104595594 0.022345684 0.994263768 1.849899530 0.018567732 0.999617100 -0.020512696 -0.112939432 -0.994341612 0.016315687 -0.104970463 3.812759638
-0.108406916 0.021365451 0.993876994 1.882200718 0.021323482 0.999588966 -0.019162387 -0.113338508 -0.993877947 0.019115580 -0.108817920 3.809057236
-0.111239754 0.020285977 0.993586540 1.911958575 0.022730613 0.999582052 -0.017863521 -0.114533290 -0.993533611 0.020597694 -0.111654378 3.805902004
-0.113385320 0.019084327 0.993367791 1.942940354 0.021432323 0.999629915 -0.016758302 -0.115884140 -0.993319869 0.019390032 -0.113752373 3.802601337
-0.114116952 0.019668700 0.993272543 1.973884225 0.023198845 0.999584138 -0.017128373 -0.116867721 -0.993196428 0.021088134 -0.114525780 3.799092293
-0.112608381 0.020880014 0.993420005 2.001264095 0.024123361 0.999541938 -0.018274197 -0.117585540 -0.993346572 0.021906804 -0.113060497 3.795714855
-0.109972551 0.022643916 0.993676662 2.028075933 0.024884712 0.999489844 -0.020022331 -0.118365772 -0.993623018 0.022525448 -0.110479943 3.792694092
-0.104699969 0.022860942 0.994240999 2.057219982 0.024534239 0.999490917 -0.020398039 -0.119855404 -0.994201183 0.022257270 -0.105207525 3.789989948
-0.096598454 0.023650847 0.995042324 2.081812859 0.025444664 0.999449670 -0.021285446 -0.120692052 -0.994998157 0.023262380 -0.097147070 3.787658930
-0.085028678 0.023810761 0.996093929 2.107611418 0.024729567 0.999457002 -0.021780182 -0.121428996 -0.996071577 0.022781029 -0.085571304 3.785362482
-0.070948087 0.024189902 0.997186601 2.132257938 0.024682155 0.999442458 -0.022488534 -0.122503266 -0.997174561 0.023017196 -0.071505561 3.783698559
-0.054553602 0.025228085 0.998192132 2.155678511 0.022182709 0.999464691 -0.024047911 -0.123759866 -0.998264432 0.020830704 -0.055084020 3.783566475
-0.032507744 0.027780712 0.999085367 2.179579735 0.020722996 0.999417424 -0.027115675 -0.124652810 -0.999256611 0.019822570 -0.033064503 3.782723427
-0.007985432 0.030882381 0.999491155 2.202605009 0.019015130 0.999346912 -0.030726004 -0.125705630 -0.999787271 0.018760096 -0.008567452 3.783297300
0.019772939 0.032374628 0.999280214 2.224499226 0.016518379 0.999328613 -0.032703042 -0.127012417 -0.999668062 0.017153123 0.019224891 3.785194159
0.053132944 0.031942826 0.998076439 2.247623205 0.014914476 0.999351382 -0.032777604 -0.127966791 -0.998476088 0.016627355 0.052622080 3.787359715
0.091826379 0.029757353 0.995330334 2.270118713 0.014328341 0.999410450 -0.031201221 -0.128957361 -0.995672107 0.017126527 0.091345876 3.789788246
0.133819327 0.025367389 0.990681052 2.290908813 0.010678779 0.999577403 -0.027037654 -0.130344287 -0.990948200 0.014197423 0.133491859 3.793726921
0.179731518 0.021106884 0.983489275 2.312600374 0.008342600 0.999701142 -0.022979412 -0.130954102 -0.983680308 0.012334981 0.179501712 3.798151731
0.227902859 0.018267328 0.973512590 2.334826708 0.004471112 0.999793768 -0.019807186 -0.131662384 -0.973673701 0.008866796 0.227774188 3.805037022
0.279627830 0.016250437 0.959970891 2.353903294 -0.000483361 0.999859035 -0.016784864 -0.132899910 -0.960108340 0.004229504 0.279596388 3.811760664
0.334566563 0.015742654 0.942240655 2.374258280 -0.002289880 0.999871135 -0.015892444 -0.133716866 -0.942369282 0.003159464 0.334559560 3.820099354
0.391850710 0.016691850 0.919877410 2.392815590 0.000618868 0.999830544 -0.018406285 -0.134161621 -0.920028627 0.007781799 0.391773999 3.829742432
0.450258821 0.019442953 0.892686427 2.410879135 0.002327573 0.999733984 -0.022948474 -0.134962648 -0.892895043 0.012410548 0.450093806 3.841329098
0.511110485 0.023539346 0.859192550 2.428089619 0.002963208 0.999570787 -0.029148024 -0.135246411 -0.859509885 0.017443826 0.510821283 3.852248192
0.568349063 0.028998483 0.822276354 2.444198608 -0.001444427 0.999412417 -0.034247003 -0.135406286 -0.822786331 0.018276535 0.568056941 3.865964651
0.624769568 0.030680126 0.780206084 2.459109783 -0.005363766 0.999372900 -0.035003264 -0.136680230 -0.780790746 0.017684132 0.624542296 3.879932165
0.675476789 0.034685764 0.736564994 2.471950531 -0.008953387 0.999205291 -0.038842998 -0.136388749 -0.737326920 0.019642793 0.675250530 3.895877361
0.725374162 0.029582735 0.687718928 2.485459805 -0.007245125 0.999348819 -0.035345905 -0.138069823 -0.688316703 0.020656399 0.725116253 3.911084890
0.770877898 0.027336512 0.636396170 2.498213291 -0.010214873 0.999480784 -0.030559424 -0.138576955 -0.636901081 0.017056881 0.770756960 3.929026842
0.812001169 0.020779401 0.583285809 2.508369684 -0.009446464 0.999702990 -0.022463590 -0.139526576 -0.583579361 0.012730471 0.811956286 3.946459532
0.848450363 0.017197844 0.528995514 2.518769026 -0.010593759 0.999823511 -0.015513426 -0.140321448 -0.529168963 0.007558323 0.848482788 3.966730833
0.879336536 0.013527216 0.476008534 2.527657986 -0.010894853 0.999906301 -0.008289151 -0.140731156 -0.476076066 0.002102914 0.879401505 3.987140417
0.904988825 0.014721513 0.425180495 2.533782005 -0.015054883 0.999883413 -0.002576070 -0.141212702 -0.425168812 -0.004069727 0.905104935 4.004312515
0.925006032 0.016416542 0.379597425 2.540396214 -0.018357480 0.999830425 0.001493752 -0.141947195 -0.379508555 -0.008350184 0.925150514 4.025863171
0.940354466 0.022143291 0.339474559 2.546834469 -0.024797028 0.999686539 0.003480819 -0.141761512 -0.339291006 -0.011691163 0.940608919 4.048730850
0.952199638 0.026093747 0.304359972 2.551181555 -0.028338488 0.999594033 0.002959452 -0.141883895 -0.304159164 -0.011443092 0.952552497 4.066840649
0.961304188 0.028995121 0.273959219 2.556449413 -0.030904172 0.999518812 0.002654168 -0.141727865 -0.273750484 -0.011017945 0.961737633 4.089439392
0.967525303 0.023295175 0.251698613 2.562628269 -0.024878429 0.999685585 0.003109490 -0.141907632 -0.251547039 -0.009270374 0.967800677 4.113216877
0.971599936 0.019432429 0.235830188 2.568344116 -0.020796265 0.999778271 0.003296976 -0.141858146 -0.235713869 -0.008107730 0.971788704 4.137338161
0.974477232 0.022972740 0.223308235 2.573219299 -0.024288235 0.999700129 0.003145778 -0.141934454 -0.223169029 -0.008489251 0.974742830 4.162722111
0.976533949 0.029240856 0.213369370 2.575951338 -0.030874921 0.999513924 0.004329450 -0.142323688 -0.213139072 -0.010815619 0.976961970 4.179483891
0.977553368 0.036501799 0.207502559 2.580594301 -0.037883453 0.999278605 0.002687363 -0.142067820 -0.207254782 -0.010487953 0.978230774 4.204816818
0.977889597 0.043166354 0.204618245 2.584581852 -0.044004019 0.999031365 -0.000456732 -0.142714038 -0.204439744 -0.008557393 0.978841782 4.227789402
0.977842689 0.044519760 0.204552233 2.589573383 -0.044906177 0.998987317 -0.002754831 -0.143295467 -0.204467714 -0.006491867 0.978851795 4.254391670
0.977499068 0.043701459 0.206363231 2.595973969 -0.043317057 0.999040961 -0.006382727 -0.143860444 -0.206444234 -0.002699939 0.978454649 4.280800343
0.976724148 0.041754693 0.210396186 2.600532532 -0.039881736 0.999118030 -0.013139043 -0.143688679 -0.210759237 0.004442253 0.977527916 4.304269791
0.975706935 0.041895650 0.215036929 2.606508970 -0.038867943 0.999076843 -0.018291097 -0.143731296 -0.215604767 0.009488706 0.976434648 4.333193779
0.974664211 0.046723511 0.218738705 2.612226963 -0.043929979 0.998879313 -0.017619954 -0.144355565 -0.219316810 0.007564352 0.975624382 4.357483387
0.973172843 0.049940761 0.224589959 2.618582010 -0.048134424 0.998749495 -0.013514392 -0.144886106 -0.224984020 0.002341329 0.974359691 4.387020588
0.972207069 0.047004618 0.229355395 2.624835014 -0.046188455 0.998892844 -0.008928601 -0.145521104 -0.229521126 -0.001913123 0.973301768 4.413631439
0.971456349 0.042636506 0.233355328 2.632550478 -0.043107327 0.999065757 -0.003084466 -0.146203637 -0.233268812 -0.007062898 0.972386599 4.444780827
0.970743239 0.040256243 0.236721307 2.639334679 -0.041767754 0.999126434 0.001371548 -0.146530807 -0.236459270 -0.011218738 0.971576691 4.471602440
0.970209241 0.035613056 0.239636585 2.647194862 -0.036988907 0.999314904 0.001244841 -0.146317169 -0.239428088 -0.010071650 0.970861971 4.503022671
0.970196605 0.032272357 0.240160078 2.654213428 -0.032942049 0.999456644 -0.001226457 -0.147074804 -0.240069091 -0.006721462 0.970732510 4.531107426
0.970274091 0.031633299 0.239932150 2.662025452 -0.030527692 0.999499261 -0.008324136 -0.147457987 -0.240075335 0.000752120 0.970753908 4.563533306
0.970434725 0.033961836 0.238962680 2.669112682 -0.031335615 0.999399543 -0.014781726 -0.147985980 -0.239321247 0.006856657 0.970916152 4.592259884
0.971021712 0.036995828 0.236110821 2.677197933 -0.033500820 0.999261975 -0.018798335 -0.148306027 -0.236631975 0.010343678 0.971544266 4.626441002
0.971670449 0.035284109 0.233691424 2.684269428 -0.032853164 0.999358058 -0.014288129 -0.148652792 -0.234045550 0.006205849 0.972205818 4.656151772
0.972065330 0.031297758 0.232614830 2.692541838 -0.030631129 0.999509692 -0.006478349 -0.149453834 -0.232703552 -0.000827878 0.972547412 4.691413403
0.972748518 0.031579763 0.229702398 2.701086521 -0.032283213 0.999478579 -0.000695896 -0.150102973 -0.229604572 -0.006738599 0.973260641 4.727665424
0.972905636 0.035516575 0.228458777 2.707206249 -0.036142290 0.999345601 -0.001445756 -0.150471643 -0.228360653 -0.006850440 0.973552525 4.756788254
0.973133147 0.041032217 0.226557299 2.714859247 -0.040712181 0.999152362 -0.006087031 -0.150916845 -0.226615027 -0.003300149 0.973978817 4.793694019
0.973968506 0.042201795 0.222719952 2.723057747 -0.040618509 0.999106348 -0.011686982 -0.151174992 -0.223014131 0.002336202 0.974812388 4.831076622
0.974976540 0.040513001 0.218585372 2.729737759 -0.038318127 0.999163687 -0.014272921 -0.151910126 -0.218980819 0.005539979 0.975713491 4.860602856
0.975949824 0.037998769 0.214658439 2.738145590 -0.036132749 0.999267399 -0.012611606 -0.152786344 -0.214980453 0.004552091 0.976607800 4.899206638
0.976818621 0.034379702 0.211290166 2.746982574 -0.032861412 0.999402761 -0.010693989 -0.153336957 -0.211531654 0.003502793 0.977364957 4.939126968
0.977232337 0.033154566 0.209565625 2.753490448 -0.032235492 0.999449790 -0.007800695 -0.153964236 -0.209708929 0.000867640 0.977763474 4.970162392
0.977568090 0.029848289 0.208494172 2.762012720 -0.029339904 0.999554157 -0.005531248 -0.154566363 -0.208566308 -0.000710027 0.978007972 5.010678768
0.977843821 0.024958843 0.207842782 2.770960331 -0.024637984 0.999687850 -0.004132698 -0.155280888 -0.207881078 -0.001079695 0.978153527 5.050709248
0.977983534 0.025361080 0.207135335 2.777747631 -0.025336184 0.999675214 -0.002773406 -0.155499056 -0.207138389 -0.002535674 0.978308380 5.082541466
0.977764070 0.030500429 0.207477942 2.785975933 -0.030141942 0.999533772 -0.004889657 -0.155775651 -0.207530335 -0.001472857 0.978227556 5.123199940
0.977421522 0.036390994 0.208141550 2.794193268 -0.035384927 0.999337196 -0.008556104 -0.156018540 -0.208314970 0.000997847 0.978061318 5.165246010
0.976957440 0.044970427 0.208643034 2.800581694 -0.043910235 0.998988330 -0.009712701 -0.157002315 -0.208868697 0.000327330 0.977943599 5.196549416
0.975946903 0.051595915 0.211815163 2.808717251 -0.050738536 0.998666883 -0.009484820 -0.157501370 -0.212022156 -0.001490509 0.977263749 5.238125801
0.975181818 0.053549316 0.214832783 2.817431927 -0.053126860 0.998557806 -0.007744308 -0.158103466 -0.214937642 -0.003861285 0.976620197 5.279739380
0.974634051 0.054105401 0.217166185 2.824728489 -0.053691171 0.998527050 -0.007811805 -0.159522504 -0.217268944 -0.004046256 0.976103365 5.313027859
0.974163890 0.052863911 0.219567895 2.833763123 -0.051768012 0.998601377 -0.010745785 -0.160246059 -0.219828844 -0.000898440 0.975538015 5.355777740
0.974253476 0.046307065 0.220649004 2.843666792 -0.045313936 0.998927057 -0.009563208 -0.160826951 -0.220855087 -0.000681491 0.975306332 5.397809982
0.974493146 0.040075447 0.220809951 2.853975773 -0.038531136 0.999193549 -0.011298345 -0.161771834 -0.221084684 0.002502101 0.975251377 5.439756870
0.974331319 0.038996674 0.221715331 2.860552311 -0.037533414 0.999236941 -0.010810895 -0.162849084 -0.221967727 0.002211660 0.975051463 5.468384266
0.973783016 0.041782111 0.223608941 2.869840622 -0.040971853 0.999126196 -0.008264050 -0.163161337 -0.223758861 -0.001114279 0.974643886 5.510639191
0.973432422 0.044023063 0.224702403 2.879424572 -0.044667527 0.998999476 -0.002217148 -0.164073646 -0.224575177 -0.007878656 0.974424899 5.552968502
0.973048210 0.047216471 0.225716561 2.888829231 -0.048887394 0.998802722 0.001815765 -0.164926216 -0.225360572 -0.012801520 0.974191368 5.595029831
0.972838044 0.046611432 0.226745367 2.895128727 -0.046768952 0.998894811 -0.004680605 -0.165735275 -0.226712927 -0.006051171 0.973942876 5.623382092
0.973129988 0.042291574 0.226339221 2.904787779 -0.038964208 0.999057114 -0.019150341 -0.166759804 -0.226935685 0.009816646 0.973860383 5.664154530
0.973389626 0.040277164 0.225588933 2.914744854 -0.034862746 0.999001682 -0.027935445 -0.167903304 -0.226488888 0.019327421 0.973822057 5.705322742
0.973724961 0.036669783 0.224755481 2.924693584 -0.033210967 0.999264896 -0.019151859 -0.168544888 -0.225292549 0.011184298 0.974227011 5.747601986
0.974235177 0.030015782 0.223528147 2.934847355 -0.031150499 0.999513566 0.001551182 -0.169347495 -0.223372862 -0.008474229 0.974696338 5.788767338
0.974385619 0.027117005 0.223242372 2.940016508 -0.031668179 0.999356687 0.016831303 -0.170124590 -0.222642288 -0.023469856 0.974617720 5.815221786
0.974422276 0.032148059 0.222412676 2.948925018 -0.035406120 0.999315977 0.010675865 -0.170229316 -0.221917301 -0.018277574 0.974894166 5.856062412
