0.999967635 -0.001404859 -0.007924980 -0.000040600 0.001376595 0.999992549 -0.003570759 -0.000480599 0.007929938 0.003559734 0.999962211 0.061641049
0.999927580 -0.001400265 -0.011945160 -0.000469699 0.001339671 0.999986172 -0.005079229 -0.000568528 0.011952109 0.005062859 0.999915659 0.093541957
0.999853075 -0.000126166 -0.017140124 -0.001133454 0.000031050 0.999984562 -0.005549472 -0.000975851 0.017140565 0.005548125 0.999837637 0.126214236
0.999773026 -0.000871438 -0.021289252 -0.002180857 0.000747934 0.999982834 -0.005808524 -0.001385063 0.021293949 0.005791283 0.999756455 0.159591392
0.999666035 0.000681529 -0.025834421 -0.003138290 -0.000863952 0.999974787 -0.007050713 -0.001690921 0.025828963 0.007070680 0.999641359 0.193459913
0.999516666 0.003505331 -0.030888027 -0.004507539 -0.003750417 0.999961913 -0.007880323 -0.001915340 0.030859224 0.007992360 0.999491811 0.228357345
0.999376893 0.003905030 -0.035079669 -0.006065832 -0.004107970 0.999975264 -0.005714958 -0.002623759 0.035056487 0.005855503 0.999368250 0.263228059
0.999191701 0.002939980 -0.040090185 -0.007179500 -0.003066799 0.999990404 -0.003102211 -0.002927837 0.040080678 0.003222653 0.999191284 0.299956828
0.999066651 0.002707817 -0.043110400 -0.009429967 -0.002745316 0.999995768 -0.000810647 -0.003061083 0.043108027 0.000928242 0.999070048 0.335364819
0.998931885 0.003881048 -0.046043560 -0.010895992 -0.003925848 0.999991894 -0.000882604 -0.003866708 0.046039756 0.001062422 0.998939157 0.371611774
0.998801410 0.003715339 -0.048804902 -0.012295590 -0.003755582 0.999992669 -0.000732907 -0.004501077 0.048801817 0.000915321 0.998808086 0.407951444
0.998741806 0.000670478 -0.050143365 -0.014551522 -0.000759716 0.999998152 -0.001760620 -0.004396475 0.050142087 0.001796501 0.998740435 0.444166422
0.998645425 0.000894114 -0.052024201 -0.016563935 -0.000989322 0.999997854 -0.001804367 -0.004181189 0.052022465 0.001853392 0.998644173 0.480968297
0.998567224 -0.001255456 -0.053494751 -0.018754167 0.001210580 0.999998808 -0.000871273 -0.005157231 0.053495780 0.000805265 0.998567760 0.519246161
0.998504817 0.001691183 -0.054635651 -0.021666162 -0.001884216 0.999992132 -0.003481767 -0.005465031 0.054629341 0.003579508 0.998500288 0.556438625
0.998374999 0.001638508 -0.056962255 -0.023217361 -0.001992815 0.999979138 -0.006163787 -0.005850503 0.056950957 0.006267285 0.998357296 0.595848083
0.998263597 0.005629933 -0.058634825 -0.025792850 -0.006078430 0.999953687 -0.007473449 -0.006492770 0.058590028 0.007816880 0.998251438 0.633726656
0.998124242 0.006656386 -0.060858108 -0.027811889 -0.007127315 0.999946237 -0.007524354 -0.006899972 0.060804747 0.007943995 0.998118043 0.672765374
0.998090506 0.005863333 -0.061488520 -0.030552421 -0.006241560 0.999962807 -0.005960922 -0.007450311 0.061451267 0.006333325 0.998089969 0.713404238
0.997926831 0.006868820 -0.063989237 -0.032549195 -0.007212168 0.999960899 -0.005136296 -0.007671317 0.063951440 0.005587150 0.997937381 0.753054261
0.997948706 0.006376544 -0.063699387 -0.035951294 -0.006666885 0.999968290 -0.004346478 -0.008493731 0.063669644 0.004762238 0.997959614 0.792735755
0.997869492 0.005858906 -0.064977214 -0.039039072 -0.006204907 0.999967575 -0.005124459 -0.009034138 0.064945079 0.005516719 0.997873604 0.832138836
0.997772455 0.004783610 -0.066536210 -0.041294359 -0.005197332 0.999968112 -0.006046298 -0.009556035 0.066505156 0.006378641 0.997765660 0.872634768
0.997711301 0.003939465 -0.067502163 -0.043716185 -0.004229132 0.999982357 -0.004148873 -0.010054889 0.067484632 0.004424854 0.997710466 0.913026094
0.997663975 0.004868672 -0.068138465 -0.046621650 -0.004945751 0.999987245 -0.000962561 -0.010571474 0.068132907 0.001297310 0.997675359 0.953512669
0.997764111 0.006343084 -0.066531889 -0.049504198 -0.006161497 0.999976695 0.002934162 -0.011223389 0.066548951 -0.002517665 0.997779965 0.993846595
0.997818530 0.005948910 -0.065746903 -0.051612824 -0.005579539 0.999967635 0.005800254 -0.011273662 0.065779276 -0.005420764 0.997819424 1.034897566
0.997988045 0.005598457 -0.063152961 -0.054878443 -0.005191317 0.999964654 0.006609144 -0.011787880 0.063187711 -0.006267999 0.997982085 1.075662613
0.998058736 0.005518564 -0.062033650 -0.057360526 -0.005266402 0.999977112 0.004227684 -0.012360699 0.062055554 -0.003892782 0.998065114 1.117010474
0.998118758 0.006735007 -0.060938332 -0.060059864 -0.006811448 0.999976158 -0.001046750 -0.012199899 0.060929835 0.001459859 0.998140931 1.158382654
0.998158574 0.006311305 -0.060327150 -0.062289946 -0.006575064 0.999969661 -0.004174634 -0.012448480 0.060298972 0.004563602 0.998169899 1.199577451
0.998169363 0.003419698 -0.060382936 -0.064544082 -0.003623920 0.999988139 -0.003272926 -0.012857873 0.060371026 0.003485757 0.998169899 1.241412997
0.998212516 0.002891935 -0.059694760 -0.067357250 -0.002804965 0.999994814 0.001540679 -0.013387424 0.059698928 -0.001370483 0.998215497 1.283409119
0.998139024 -0.000828097 -0.060973346 -0.069458522 0.001149937 0.999985576 0.005243482 -0.013676260 0.060968135 -0.005303840 0.998125613 1.325371981
0.998074830 -0.007573566 -0.061556906 -0.071928278 0.007849332 0.999960184 0.004239249 -0.014142919 0.061522350 -0.004714268 0.998094559 1.367062926
0.997950315 -0.009716251 -0.063251421 -0.074387915 0.009759757 0.999952257 0.000378862 -0.014566994 0.063244730 -0.000995405 0.997997463 1.409327745
0.997864246 -0.009393971 -0.064642020 -0.077231176 0.009194279 0.999951959 -0.003386018 -0.015204828 0.064670734 0.002784450 0.997902691 1.451842546
0.997715294 -0.008238579 -0.067054808 -0.080142528 0.007961265 0.999958575 -0.004401845 -0.015332224 0.067088306 0.003857946 0.997739553 1.494633794
0.997689903 -0.007717955 -0.067492865 -0.083383985 0.007533974 0.999967158 -0.002980060 -0.016143836 0.067513660 0.002464687 0.997715294 1.537523270
0.997552991 -0.005261297 -0.069717437 -0.085903279 0.005273588 0.999986112 -0.000007768 -0.016648920 0.069716521 -0.000359912 0.997566760 1.580994010
0.997543991 -0.004886865 -0.069872089 -0.089888096 0.004985055 0.999986768 0.001230986 -0.017207816 0.069865115 -0.001576278 0.997555256 1.623933077
0.997438490 -0.003748203 -0.071432047 -0.092801981 0.004036400 0.999984205 0.003890634 -0.017664701 0.071416333 -0.004168996 0.997437894 1.666531444
0.997497320 -0.002988782 -0.070641100 -0.096308373 0.003466826 0.999971807 0.006645580 -0.018014358 0.070619248 -0.006873848 0.997479618 1.710326910
0.997481763 0.002628409 -0.070876151 -0.100062080 -0.002001778 0.999958158 0.008910783 -0.018172363 0.070896626 -0.008746464 0.997445285 1.753161073
0.997450888 0.002059465 -0.071325749 -0.103108294 -0.001456347 0.999962687 0.008506791 -0.018382806 0.071340621 -0.008381230 0.997416854 1.796306610
0.997462273 0.002196513 -0.071162425 -0.106564403 -0.001733452 0.999976933 0.006568205 -0.018289126 0.071175210 -0.006428179 0.997443199 1.838541508
0.997453153 0.004329738 -0.071191564 -0.109705880 -0.004019164 0.999981761 0.004505176 -0.018744791 0.071209773 -0.004207572 0.997452557 1.881730318
0.997340739 0.004197990 -0.072757244 -0.112598009 -0.003859220 0.999981046 0.004796120 -0.019327821 0.072775997 -0.004502581 0.997338176 1.924562931
0.997264087 0.002101127 -0.073890023 -0.115272075 -0.001694678 0.999983132 0.005563001 -0.019337825 0.073900461 -0.005422562 0.997250915 1.965640306
0.997212589 0.002112089 -0.074582905 -0.118965127 -0.001626641 0.999977052 0.006568989 -0.019534703 0.074595079 -0.006429359 0.997193158 2.008863211
0.997188568 0.004959012 -0.074768826 -0.122917987 -0.004779840 0.999985218 0.002575104 -0.019783795 0.074780509 -0.002210480 0.997197509 2.051397085
0.997130215 0.005191825 -0.075527012 -0.126284420 -0.005321695 0.999984682 -0.001518374 -0.020426717 0.075517967 0.001915948 0.997142673 2.092787981
0.997057021 0.005495211 -0.076465830 -0.129019603 -0.005683827 0.999981284 -0.002249290 -0.020830456 0.076452054 0.002677290 0.997069657 2.134723425
0.996999979 0.003467147 -0.077323325 -0.131461173 -0.003367879 0.999993324 0.001414158 -0.021031931 0.077327721 -0.001149500 0.997005105 2.176382065
0.996967077 0.003248747 -0.077756360 -0.134660453 -0.002935584 0.999987185 0.004141441 -0.021978639 0.077768818 -0.003900620 0.996963859 2.218631983
0.996993482 -0.000396552 -0.077484660 -0.138236731 0.000784354 0.999987245 0.004974520 -0.021966077 0.077481724 -0.005020341 0.996981144 2.259256124
0.997014344 -0.003758319 -0.077124447 -0.141672283 0.004106785 0.999981940 0.004360128 -0.022601331 0.077106677 -0.004663845 0.997011960 2.299940586
0.996972263 -0.005431820 -0.077568956 -0.144909397 0.005664195 0.999979973 0.002776030 -0.023191992 0.077552341 -0.003206991 0.996983171 2.340694904
0.996860266 -0.007438286 -0.078832671 -0.147703364 0.007784163 0.999961376 0.004081066 -0.023619134 0.078799278 -0.004681898 0.996879518 2.381864548
0.996740639 -0.011111970 -0.079903744 -0.150958717 0.011790918 0.999898255 0.008030253 -0.023445407 0.079806387 -0.008946217 0.996770263 2.422273397
0.996647239 -0.012030412 -0.080929205 -0.153701723 0.013148843 0.999825060 0.013301138 -0.023983695 0.080755040 -0.014320667 0.996631026 2.463059902
0.996604025 -0.011023303 -0.081601970 -0.157123223 0.012353445 0.999798596 0.015813457 -0.024254907 0.081411220 -0.016767824 0.996539533 2.503376484
0.996583521 -0.008549217 -0.082147479 -0.161254376 0.009548596 0.999884963 0.011780504 -0.024772244 0.082037330 -0.012524651 0.996550500 2.542593718
0.996428668 -0.007994251 -0.084059671 -0.164737880 0.008332663 0.999958456 0.003675780 -0.024344368 0.084026784 -0.004363091 0.996453881 2.582187653
0.996380150 -0.005839676 -0.084809005 -0.167975917 0.005776156 0.999982834 -0.000994319 -0.024885902 0.084813349 0.000500850 0.996396780 2.620920897
0.996220231 -0.000801768 -0.086860143 -0.170883626 0.000820474 0.999999642 0.000179667 -0.025412468 0.086859971 -0.000250255 0.996220529 2.659613609
0.996139288 0.001063890 -0.087780036 -0.174798757 -0.000876311 0.999997258 0.002175439 -0.025366466 0.087782107 -0.002090117 0.996137559 2.697811365
0.996081054 0.003753677 -0.088364929 -0.178503305 -0.003424509 0.999986708 0.003876402 -0.026212115 0.088378303 -0.003558605 0.996080577 2.735774755
0.996007264 0.004647245 -0.089152031 -0.182095438 -0.004321522 0.999983251 0.003846245 -0.026746994 0.089168414 -0.003445615 0.996010482 2.772038221
0.995819867 0.005727630 -0.091159053 -0.185308456 -0.005319973 0.999974668 0.004714291 -0.027300986 0.091183744 -0.004209620 0.995825052 2.808580399
0.995698452 0.007021111 -0.092387199 -0.188915208 -0.006591108 0.999965966 0.004958647 -0.027514566 0.092418864 -0.004328383 0.995710790 2.843800783
0.995571434 0.006571770 -0.093777940 -0.192498177 -0.006096278 0.999967039 0.005355979 -0.027564775 0.093810052 -0.004760563 0.995578706 2.879637480
0.995449722 0.005913703 -0.095104702 -0.195839018 -0.005326909 0.999965131 0.006422684 -0.027912963 0.095139377 -0.005886844 0.995446503 2.914686441
0.995267689 0.008832219 -0.096769005 -0.198831618 -0.008009895 0.999928474 0.008882973 -0.027985476 0.096840546 -0.008065825 0.995267212 2.947899580
0.995199025 0.010985983 -0.097253203 -0.203483135 -0.009748477 0.999865532 0.013190629 -0.028683584 0.097385012 -0.012179228 0.995172203 2.981761456
0.994981945 0.014909001 -0.098937199 -0.206792265 -0.013505845 0.999798715 0.014836980 -0.028921399 0.099138483 -0.013426295 0.994982958 3.014615059
0.994804263 0.017611196 -0.100270934 -0.210289299 -0.016622514 0.999804735 0.010687125 -0.029211015 0.100439563 -0.008964842 0.994902730 3.046161652
0.994655132 0.016847663 -0.101869650 -0.213558719 -0.016642071 0.999857426 0.002867802 -0.028929610 0.101903424 -0.001157153 0.994793594 3.077770233
0.994577885 0.016581416 -0.102663450 -0.217240989 -0.016921259 0.999853909 -0.002440171 -0.029893056 0.102607973 0.004164135 0.994713068 3.108087778
0.994413495 0.017171329 -0.104148306 -0.219739065 -0.017610155 0.999839485 -0.003295367 -0.030393507 0.104075015 0.005111026 0.994556308 3.136718988
0.994312406 0.019572727 -0.104688250 -0.223355591 -0.019618172 0.999807358 0.000595718 -0.031124020 0.104679748 0.001461463 0.994504809 3.165265083
0.994202733 0.020534430 -0.105542466 -0.227041483 -0.020407878 0.999789119 0.002278975 -0.031262659 0.105567016 -0.000111865 0.994412243 3.193767786
0.994065702 0.016807595 -0.107474945 -0.228950188 -0.016957065 0.999856114 -0.000476988 -0.032270931 0.107451461 0.002296618 0.994207680 3.220387220
0.994148731 0.008756128 -0.107664466 -0.231169641 -0.009494869 0.999934733 -0.006350811 -0.032127421 0.107601821 0.007335912 0.994167089 3.246509314
0.994295001 0.004417398 -0.106572889 -0.233813494 -0.005612502 0.999924600 -0.010916648 -0.032892507 0.106516652 0.011452511 0.994244933 3.271909237
0.994633615 0.007223997 -0.103207253 -0.236751184 -0.008389684 0.999905765 -0.010864996 -0.033598486 0.103119031 0.011672569 0.994600534 3.296256542
0.995043218 0.012076804 -0.098707914 -0.239930630 -0.012923036 0.999884963 -0.007938198 -0.033950821 0.098600678 0.009174456 0.995084703 3.320917845
0.995401740 0.010493680 -0.095213026 -0.241145164 -0.010969320 0.999929786 -0.004473538 -0.034891926 0.095159404 0.005497389 0.995446861 3.344100237
0.996016264 0.006675204 -0.088921428 -0.243462175 -0.006716295 0.999977410 -0.000162903 -0.035452470 0.088918313 0.000759477 0.996038675 3.367444515
0.996747494 0.002262824 -0.080555663 -0.245055020 -0.002029446 0.999993563 0.002978850 -0.035780791 0.080561876 -0.002805677 0.996745646 3.390411139
0.997452199 0.006160127 -0.071072266 -0.245370477 -0.005931920 0.999976516 0.003421528 -0.036486678 0.071091697 -0.002991215 0.997465312 3.411771774
0.998381853 0.011451964 -0.055701412 -0.246853128 -0.011332869 0.999932766 0.002453543 -0.036539029 0.055725783 -0.001818316 0.998444438 3.433317184
0.999179780 0.016476538 -0.036993507 -0.248062193 -0.016382923 0.999861717 0.002832267 -0.036676928 0.037035070 -0.002223881 0.999311507 3.454215527
0.999784887 0.014877134 -0.014458496 -0.248070985 -0.014822898 0.999882698 0.003851121 -0.037241124 0.014514104 -0.003635975 0.999888062 3.474523544
0.999888718 0.011291778 0.009751129 -0.245336756 -0.011340164 0.999923527 0.004921068 -0.037632726 -0.009694817 -0.005031100 0.999940276 3.494005203
0.999161601 0.010285229 0.039627232 -0.244183496 -0.010553387 0.999922752 0.006563786 -0.037940294 -0.039556660 -0.006976486 0.999192894 3.512903690
0.997255027 0.009403336 0.073443167 -0.242639154 -0.010002746 0.999919534 0.007798021 -0.038252264 -0.073363930 -0.008511249 0.997268915 3.531763315
0.993938327 0.009526869 0.109524518 -0.238406926 -0.010516147 0.999908805 0.008458396 -0.038512334 -0.109433942 -0.009558902 0.993948042 3.550043583
0.988405287 0.009641223 0.151532218 -0.234952688 -0.010961565 0.999908745 0.007880338 -0.038476594 -0.151442423 -0.009449997 0.988420904 3.568042040
0.980317533 0.009069339 0.197218627 -0.230380237 -0.010953963 0.999904156 0.008467215 -0.039041802 -0.197122902 -0.010460885 0.980322957 3.586205721
0.969332159 0.011505180 0.245484754 -0.224755824 -0.013472031 0.999889135 0.006334263 -0.039294798 -0.245384663 -0.009447183 0.969379783 3.602158308
0.954227567 0.012986276 0.298799634 -0.218465209 -0.014765645 0.999884069 0.003698165 -0.039688312 -0.298716992 -0.007940859 0.954308808 3.618307352
0.934758663 0.013112133 0.355041146 -0.211093783 -0.014506342 0.999893963 0.001265158 -0.039876599 -0.354986966 -0.006332967 0.934849799 3.634262800
0.911105573 0.013123759 0.411964118 -0.202977061 -0.014256536 0.999898255 -0.000323368 -0.040271796 -0.411926448 -0.005578559 0.911200047 3.648401976
0.882887602 0.013536881 0.469389290 -0.193389893 -0.013817091 0.999900460 -0.002847518 -0.040266357 -0.469381034 -0.003971557 0.882986724 3.662513494
0.849587083 0.012155554 0.527308404 -0.183419108 -0.011462774 0.999923766 -0.004581764 -0.040874645 -0.527323842 -0.002151810 0.849661589 3.675920486
0.813505471 0.011751065 0.581438541 -0.172343850 -0.010053571 0.999930501 -0.006142720 -0.041051142 -0.581470251 -0.000848398 0.813567221 3.688065529
0.774513781 0.010244333 0.632473826 -0.160576463 -0.008788044 0.999946535 -0.005434731 -0.041318908 -0.632495880 -0.001348931 0.774562597 3.699303627
0.731955469 0.010248084 0.681275249 -0.148581624 -0.011533178 0.999929965 -0.002650314 -0.042057466 -0.681254804 -0.005917356 0.732022405 3.709996223
0.687861323 0.009007443 0.725786269 -0.135014415 -0.009074281 0.999951541 -0.003809883 -0.041638859 -0.725785434 -0.003965315 0.687909722 3.719943285
0.642146170 0.007651061 0.766544104 -0.121168256 -0.005522262 0.999970436 -0.005354858 -0.041822542 -0.766562402 -0.000794455 0.642169356 3.728833199
0.594867885 0.004776431 0.803809285 -0.107294083 -0.000366060 0.999983847 -0.005671243 -0.042500343 -0.803823411 0.003079398 0.594860017 3.737105608
0.549075007 0.006727375 0.835745990 -0.092839479 -0.002498332 0.999976337 -0.006407980 -0.043051086 -0.835769355 0.001430491 0.549078822 3.744312525
0.501043200 0.009615690 0.865368903 -0.078343153 -0.006457070 0.999951959 -0.007372529 -0.043493062 -0.865398347 -0.001893793 0.501081169 3.751957178
0.455841452 0.012265255 0.889976561 -0.063491106 -0.007677651 0.999922037 -0.009848020 -0.043815397 -0.890027881 -0.002343795 0.455900073 3.757888794
0.412939429 0.009041866 0.910713613 -0.048036098 -0.000435388 0.999952495 -0.009730445 -0.044451848 -0.910758376 0.003621571 0.412923813 3.763492346
0.373781711 0.001091209 0.927516103 -0.032166839 0.014810470 0.999864817 -0.007144830 -0.044627715 -0.927398443 0.016407557 0.373714983 3.767384768
0.337965518 -0.003069094 0.941153526 -0.016134977 0.018463906 0.999823928 -0.003369919 -0.045059800 -0.940977454 0.018516287 0.337962627 3.771629095
0.304231972 0.001133352 0.952597380 -0.000383973 0.016063036 0.999851048 -0.006319641 -0.045288391 -0.952462554 0.017224241 0.304168433 3.776391506
0.274428755 0.009606760 0.961559415 0.016553998 0.006140323 0.999912202 -0.011742383 -0.045311138 -0.961587787 0.009126733 0.274345756 3.780780792
0.245234549 0.013927530 0.969363689 0.033113241 0.002150974 0.999886453 -0.014910238 -0.045879357 -0.969461381 0.005741581 0.245176792 3.784818411
0.220720902 0.015441711 0.975214779 0.051340401 0.001619042 0.999867499 -0.016198507 -0.046869248 -0.975335658 0.005154263 0.220666632 3.787531137
0.198854849 0.016597223 0.979888439 0.069153070 0.009226293 0.999780595 -0.018806504 -0.047230318 -0.979985476 0.012780504 0.198658094 3.789009094
0.177384779 0.023049532 0.983871639 0.088188469 0.016386461 0.999517858 -0.026370438 -0.047177546 -0.984005153 0.020799890 0.176921546 3.792128801
0.157638326 0.030561607 0.987023950 0.106940150 0.019201202 0.999237180 -0.034006406 -0.046798620 -0.987310231 0.024312761 0.156931236 3.794539452
0.140124947 0.030609895 0.989660501 0.127181351 0.016393449 0.999313176 -0.033229582 -0.047740445 -0.989998102 0.020880241 0.139526933 3.797204018
0.124683335 0.026303368 0.991847873 0.147668332 0.013981970 0.999502599 -0.028264022 -0.048743445 -0.992098033 0.017392037 0.124253586 3.799539328
0.110109255 0.023110664 0.993650734 0.169406354 0.014587416 0.999584258 -0.024865139 -0.049606949 -0.993812442 0.017232679 0.109726377 3.801703930
0.097344600 0.020615563 0.995037138 0.190981209 0.016756823 0.999609768 -0.022349618 -0.050194543 -0.995109797 0.018849278 0.096961156 3.803012609
0.085416138 0.019701118 0.996150613 0.214055330 0.020861128 0.999549925 -0.021557109 -0.050945990 -0.996126950 0.022622155 0.084966689 3.804721594
0.074689358 0.020420821 0.996997833 0.237105638 0.023936214 0.999465466 -0.022264529 -0.051463123 -0.996919572 0.025527274 0.074160628 3.806212187
0.067388520 0.020897413 0.997507930 0.261463046 0.025278611 0.999423862 -0.022645297 -0.052246798 -0.997406483 0.026741646 0.066821449 3.807401419
0.062012345 0.021117859 0.997851968 0.286180586 0.027840862 0.999350429 -0.022879770 -0.052911073 -0.997686982 0.029199887 0.061384141 3.808594942
0.056349698 0.022273395 0.998162627 0.311821640 0.028836582 0.999297678 -0.023926647 -0.053580780 -0.997994661 0.030131852 0.055667836 3.809802055
0.050037764 0.023084775 0.998480499 0.337690353 0.029323064 0.999267817 -0.024572469 -0.054372884 -0.998316824 0.030508056 0.049324211 3.811120510
0.046162605 0.023066195 0.998667598 0.365958810 0.031289350 0.999209404 -0.024525033 -0.055040609 -0.998443782 0.032379806 0.045404382 3.811940432
0.044053238 0.023062997 0.998762906 0.393579125 0.033065710 0.999152124 -0.024530437 -0.056025814 -0.998481810 0.034105454 0.043253288 3.812238455
0.040526610 0.022259459 0.998930454 0.423216224 0.034643881 0.999119341 -0.023669172 -0.056923281 -0.998577654 0.035566058 0.039719760 3.813641548
0.038121358 0.021847671 0.999034166 0.452066809 0.036556192 0.999061286 -0.023243178 -0.057558563 -0.998604119 0.037406944 0.037286900 3.814610243
0.037626531 0.021227451 0.999066412 0.484973311 0.041089188 0.998896003 -0.022771319 -0.058678072 -0.998446763 0.041907642 0.036712777 3.815430880
0.038528636 0.020676162 0.999043524 0.515954912 0.044744544 0.998747408 -0.022395629 -0.059644997 -0.998255253 0.045564629 0.037555229 3.816571951
0.040724985 0.020842265 0.998953104 0.547699153 0.045599945 0.998701990 -0.022696031 -0.060258295 -0.998129249 0.046476506 0.039721720 3.818111420
0.044819906 0.020672826 0.998781145 0.582058787 0.048694156 0.998552203 -0.022853218 -0.061349660 -0.997807622 0.049659092 0.043748368 3.819028854
0.049245402 0.020063743 0.998585224 0.615926921 0.049242243 0.998533547 -0.022491103 -0.062299825 -0.997572064 0.050280165 0.048185203 3.820777655
0.053101715 0.018694147 0.998414159 0.649909496 0.050472125 0.998496473 -0.021380112 -0.063003004 -0.997312784 0.051527407 0.052078336 3.822770119
0.057162866 0.016693577 0.998225212 0.686301351 0.050239876 0.998545289 -0.019575892 -0.064457528 -0.997099936 0.051269740 0.056241035 3.824768305
0.061067089 0.014879793 0.998022676 0.721220255 0.046824615 0.998745263 -0.017755678 -0.065095857 -0.997034729 0.047816325 0.060293734 3.827303410
0.065321058 0.013599273 0.997771561 0.757303178 0.046431374 0.998782635 -0.016652776 -0.066156425 -0.996783495 0.047415692 0.064610116 3.829862356
0.069419980 0.014468141 0.997482598 0.795445681 0.043645855 0.998893261 -0.017526146 -0.067280032 -0.996632338 0.044752646 0.068711683 3.832573891
0.072597280 0.018530706 0.997189164 0.831157327 0.041623529 0.998899996 -0.021592770 -0.068305030 -0.996492565 0.043074109 0.071746111 3.835206985
0.073720120 0.023836620 0.996994078 0.867781520 0.036541492 0.998978317 -0.026586030 -0.069327332 -0.996609390 0.038391575 0.072773792 3.839008331
0.073941045 0.027076248 0.996895015 0.904396892 0.032659177 0.999029338 -0.029556595 -0.070604026 -0.996727765 0.034743223 0.072985008 3.841559887
0.074094877 0.026625220 0.996895790 0.942837894 0.030167371 0.999126256 -0.028927004 -0.072487615 -0.996794879 0.032217063 0.073226936 3.844614506
0.073840983 0.024578264 0.996967018 0.981901884 0.028095910 0.999248207 -0.026715439 -0.074029803 -0.996874213 0.029983392 0.073094912 3.848147392
0.073497489 0.023025867 0.997029483 1.018254519 0.028522845 0.999275863 -0.025180349 -0.075941823 -0.996887445 0.030288814 0.072787531 3.850864172
0.074371256 0.022184214 0.996983767 1.056860089 0.026832502 0.999346018 -0.024238382 -0.077157572 -0.996869564 0.028554207 0.073727362 3.853767633
0.075201228 0.022579191 0.996912658 1.092744350 0.025126198 0.999383152 -0.024530521 -0.078511611 -0.996851802 0.026893353 0.074587516 3.856019735
0.074217938 0.024138737 0.996949852 1.132400990 0.022437342 0.999413431 -0.025868736 -0.079461023 -0.996989608 0.024288829 0.073632821 3.860407352
0.072607324 0.025979061 0.997022271 1.169142365 0.019493578 0.999432743 -0.027461477 -0.080642000 -0.997170150 0.021429433 0.072059721 3.863634825
0.069513857 0.025426360 0.997256994 1.206060410 0.016497821 0.999508977 -0.026633767 -0.082152486 -0.997444570 0.018303979 0.069060273 3.866300821
0.065657869 0.024104632 0.997551084 1.243971348 0.014427926 0.999580622 -0.025103314 -0.083638906 -0.997738004 0.016040819 0.065282553 3.869386435
0.061652035 0.021561375 0.997864723 1.282554150 0.012193478 0.999675751 -0.022353863 -0.085109815 -0.998023212 0.013545603 0.061369136 3.871941328
0.055571169 0.019635361 0.998261631 1.319844127 0.010820736 0.999736071 -0.020266730 -0.086307451 -0.998396099 0.011928174 0.055344030 3.874049664
0.048312139 0.019428968 0.998643219 1.357123613 0.009955913 0.999751687 -0.019932181 -0.088130638 -0.998782635 0.010905374 0.048106715 3.876068830
0.039174914 0.020298138 0.999026120 1.393048763 0.009405346 0.999741852 -0.020681495 -0.089491710 -0.999188125 0.010206383 0.038973890 3.877341509
0.029297281 0.021337258 0.999342978 1.430685759 0.009647619 0.999719501 -0.021628132 -0.090186700 -0.999524176 0.010274926 0.029083209 3.878698111
0.018659342 0.020866659 0.999608159 1.467357635 0.010664582 0.999721110 -0.021068087 -0.091107488 -0.999768972 0.011053520 0.018431600 3.880010843
0.008272076 0.019704558 0.999771595 1.503493786 0.009102678 0.999762833 -0.019779701 -0.092670530 -0.999924362 0.009264219 0.008090749 3.879776716
-0.004091796 0.019446138 0.999802470 1.539589882 0.012113509 0.999738395 -0.019395318 -0.093092881 -0.999918282 0.012031755 -0.004326286 3.880984306
-0.013720554 0.018929124 0.999726713 1.576599836 0.011787665 0.999754310 -0.018767871 -0.094980597 -0.999836326 0.011526939 -0.013940316 3.878673553
-0.024451640 0.019563230 0.999509633 1.611659884 0.011685643 0.999745727 -0.019281978 -0.096329406 -0.999632716 0.011208435 -0.024674036 3.877117872
-0.035806000 0.020097628 0.999156773 1.649053931 0.011482781 0.999739945 -0.019697858 -0.098264180 -0.999292910 0.010767795 -0.036027469 3.877508402
-0.045614313 0.022072149 0.998715222 1.683098316 0.012577347 0.999689221 -0.021519234 -0.098209433 -0.998879969 0.011579605 -0.045877744 3.874531507
-0.054861508 0.022944283 0.998230278 1.718227029 0.013502332 0.999661565 -0.022235107 -0.099271484 -0.998402715 0.012258587 -0.055152740 3.872447729
-0.065354601 0.023355681 0.997588694 1.752978683 0.013826510 0.999651194 -0.022498159 -0.100777648 -0.997766376 0.012322813 -0.065654740 3.870954752
-0.074489079 0.023825116 0.996937215 1.787980795 0.015101662 0.999626756 -0.022761034 -0.101577163 -0.997107506 0.013359959 -0.074821092 3.868027210
-0.082835563 0.022968274 0.996298611 1.820829630 0.015758978 0.999639511 -0.021735044 -0.103051543 -0.996438622 0.013900214 -0.083167665 3.864765406
-0.090522185 0.021631982 0.995659471 1.855592251 0.018474903 0.999628425 -0.020038541 -0.104800947 -0.995723188 0.016580779 -0.090888195 3.861770630
-0.095398232 0.020743357 0.995223045 1.888826847 0.020702979 0.999607861 -0.018850241 -0.104940102 -0.995223880 0.018805800 -0.095790297 3.858299255
-0.099213623 0.019054260 0.994883776 1.921268225 0.022842826 0.999596655 -0.016866552 -0.106047615 -0.994803965 0.021052565 -0.099608876 3.855183363
-0.102048635 0.017907921 0.994618177 1.953197718 0.025377341 0.999559402 -0.015393152 -0.107118055 -0.994455636 0.023669915 -0.102458127 3.851807833
-0.103926167 0.017013773 0.994439483 1.984892368 0.025691936 0.999565959 -0.014416490 -0.108170748 -0.994253099 0.024050826 -0.104318172 3.848729849
-0.104692213 0.017538501 0.994350016 2.015153170 0.026333928 0.999542773 -0.014857467 -0.108900480 -0.994155943 0.024629684 -0.105106212 3.845748663
-0.103870384 0.018719196 0.994414747 2.045249224 0.027082728 0.999505281 -0.015986132 -0.109843627 -0.994222105 0.025270976 -0.104325980 3.842560053
-0.100937858 0.020494595 0.994681597 2.073401928 0.028184278 0.999445438 -0.017732676 -0.110698864 -0.994493425 0.026244482 -0.101459518 3.840019464
-0.095797420 0.020708928 0.995185375 2.100797176 0.028145470 0.999440074 -0.018088158 -0.111867391 -0.995002747 0.026277164 -0.096326642 3.837100267
-0.087983012 0.021608725 0.995887578 2.128378391 0.028147751 0.999419332 -0.019198606 -0.112360805 -0.995724082 0.026342848 -0.088540137 3.835336924
-0.076621138 0.021398224 0.996830702 2.153385401 0.026681857 0.999455631 -0.019403681 -0.113847397 -0.996703267 0.025110558 -0.077150390 3.833632708
-0.062539540 0.022203488 0.997795463 2.179656982 0.026571086 0.999435127 -0.020574555 -0.114234358 -0.997688770 0.025225788 -0.063094184 3.832085133
-0.045287348 0.022793489 0.998713970 2.203068733 0.024390096 0.999466896 -0.021704687 -0.116173893 -0.998676240 0.023375781 -0.045819141 3.831388474
-0.023937993 0.025492871 0.999388397 2.226047993 0.022710033 0.999430716 -0.024949988 -0.117137723 -0.999455452 0.022098893 -0.024503306 3.831173420
0.000953223 0.028964901 0.999580085 2.250391960 0.022031007 0.999337196 -0.028978877 -0.117484979 -0.999756873 0.022049379 0.000314465 3.832044125
0.029301740 0.030999545 0.999089777 2.272680044 0.020724704 0.999285281 -0.031613424 -0.118200652 -0.999355853 0.021632172 0.028638342 3.833153963
0.061790854 0.029489331 0.997653425 2.295448542 0.017286915 0.999381900 -0.030611109 -0.119922064 -0.997939348 0.019137839 0.061242886 3.835985661
0.100791320 0.028286863 0.994505405 2.318577528 0.017491840 0.999390960 -0.030198589 -0.120001182 -0.994753778 0.020439483 0.100235134 3.838689804
0.143232852 0.024203878 0.989393055 2.340726852 0.015897654 0.999515653 -0.026752990 -0.121246777 -0.989561260 0.019560937 0.142778695 3.842420340
0.188527986 0.019925775 0.981865764 2.362932920 0.012124341 0.999670744 -0.022615101 -0.122283489 -0.981992841 0.016168056 0.188224331 3.848063231
0.237189174 0.017330866 0.971308887 2.384292126 0.008609188 0.999764025 -0.019940911 -0.122704551 -0.971425354 0.013091949 0.236984000 3.854147196
0.288549095 0.015181683 0.957344770 2.405134916 0.004412088 0.999842525 -0.017185453 -0.124084085 -0.957454920 0.009182736 0.288436651 3.861957550
0.343415797 0.015147178 0.939061344 2.426853657 0.003273267 0.999844551 -0.017324656 -0.124400467 -0.939177811 0.009023359 0.343312800 3.870946646
0.400979608 0.016342502 0.915941119 2.444340229 0.005695168 0.999777079 -0.020331552 -0.124647841 -0.916069269 0.013368977 0.400797218 3.880106688
0.461641192 0.020762935 0.886823654 2.462719202 0.006626845 0.999617398 -0.026853383 -0.124939531 -0.887042046 0.018273469 0.461327076 3.890605450
0.519905806 0.022795830 0.853919387 2.479742765 0.007495494 0.999483585 -0.031245349 -0.126239821 -0.854190707 0.022645187 0.519466460 3.902947664
0.577968478 0.026847247 0.815617323 2.496252060 0.003536298 0.999366939 -0.035401542 -0.126982599 -0.816051424 0.023345245 0.577507615 3.916421413
0.632694125 0.030925352 0.773784041 2.511025667 -0.001552999 0.999250948 -0.038666613 -0.127267540 -0.774400175 0.023262456 0.632268250 3.931282759
0.684436977 0.032968774 0.728326321 2.525651932 -0.004063664 0.999134004 -0.041408502 -0.127647936 -0.729060769 0.025381839 0.683978260 3.947655201
0.733274221 0.028539194 0.679333746 2.538266659 -0.003386161 0.999259591 -0.038324427 -0.129440039 -0.679924548 0.025801983 0.732827961 3.963202000
0.777220488 0.024813870 0.628738821 2.550114632 -0.005174374 0.999440432 -0.033047661 -0.130316377 -0.629207015 0.022431992 0.776913881 3.981647968
0.818001926 0.020270161 0.574858010 2.560675144 -0.006231776 0.999632537 -0.026380606 -0.130758792 -0.575181723 0.017997000 0.817827761 3.999223471
0.854236245 0.017692611 0.519583762 2.572379351 -0.009262851 0.999780118 -0.018815158 -0.131949127 -0.519802392 0.011259765 0.854212344 4.021072388
0.884370685 0.014268677 0.466567099 2.578170061 -0.009368347 0.999873757 -0.012820853 -0.131980598 -0.466691226 0.006967423 0.884392858 4.037610054
0.909510612 0.015628014 0.415386796 2.586009979 -0.013656102 0.999876857 -0.007717443 -0.132418171 -0.415456235 0.001346532 0.909612119 4.058794975
0.929009259 0.016595725 0.369684100 2.591491699 -0.016478091 0.999858141 -0.003476129 -0.133278713 -0.369689375 -0.002862332 0.929150999 4.077308178
0.943668723 0.022534996 0.330123305 2.597080708 -0.023546966 0.999722183 -0.000933584 -0.133601904 -0.330052704 -0.006892410 0.943937361 4.099554539
0.955213487 0.026436983 0.294734061 2.602580547 -0.027033105 0.999632359 -0.002052275 -0.133630365 -0.294680029 -0.006007218 0.955577135 4.122037888
0.963717163 0.029741513 0.265263081 2.606914520 -0.030251509 0.999539912 -0.002163612 -0.133812249 -0.265205413 -0.005939499 0.964173615 4.145576477
0.969999909 0.022825211 0.242031291 2.611097336 -0.023064435 0.999732256 -0.001845212 -0.133721143 -0.242008656 -0.003792460 0.970266640 4.162602901
0.973795235 0.018872142 0.226642117 2.616292477 -0.019133631 0.999816358 -0.001043203 -0.134049028 -0.226620212 -0.003320619 0.973977566 4.186638832
0.976356924 0.024331953 0.214790672 2.620322704 -0.024546722 0.999697268 -0.001667779 -0.134301424 -0.214766219 -0.003644059 0.976658583 4.211925030
0.978292704 0.028338961 0.205281049 2.624923229 -0.028603353 0.999589384 -0.001680003 -0.133835882 -0.205244392 -0.004228191 0.978701591 4.237246037
0.979098380 0.035715673 0.200226918 2.628687859 -0.035741348 0.999354959 -0.003487740 -0.133464679 -0.200222328 -0.003741537 0.979743302 4.263011932
0.979877889 0.041962780 0.195136949 2.632467747 -0.041567754 0.999116898 -0.006120814 -0.134450793 -0.195221499 -0.002113755 0.980756879 4.278258324
0.979671836 0.043915655 0.195741042 2.636421919 -0.043052468 0.999035239 -0.008664513 -0.135207936 -0.195932731 0.000061244 0.980617285 4.306669712
0.979347110 0.041147269 0.197954997 2.642526150 -0.039496250 0.999144077 -0.012283225 -0.135496005 -0.198290989 0.004211063 0.980134070 4.332958698
0.978781700 0.040479161 0.200867802 2.647364855 -0.037495323 0.999122977 -0.018638726 -0.135964870 -0.201446116 0.010711640 0.979441047 4.353703499
0.977891505 0.039941624 0.205262855 2.653120279 -0.035800766 0.999074340 -0.023849344 -0.135982186 -0.206025407 0.015973503 0.978416264 4.382584095
0.976760387 0.045505490 0.209447473 2.658040524 -0.041571993 0.998867333 -0.023146894 -0.136787295 -0.210263520 0.013901825 0.977545857 4.406413555
0.975246668 0.049086157 0.215602487 2.663910866 -0.046096232 0.998758554 -0.018877447 -0.137823895 -0.216261476 0.008471703 0.976298749 4.436847210
0.974421799 0.046002086 0.219968706 2.669915915 -0.043931182 0.998932123 -0.014299631 -0.138376623 -0.220391646 0.004270384 0.975402117 4.461178780
0.973629713 0.041980594 0.224238440 2.677152634 -0.041068703 0.999118030 -0.008731158 -0.139132440 -0.224407256 -0.000708271 0.974495232 4.492449284
0.973017275 0.039341718 0.227353871 2.683588028 -0.039416179 0.999213994 -0.004214519 -0.139445812 -0.227341026 -0.004860620 0.973802984 4.518180370
0.972488642 0.034523245 0.230377778 2.691362619 -0.034484599 0.999396503 -0.004195363 -0.139525726 -0.230383545 -0.003864542 0.973092198 4.550027370
0.972551703 0.031232560 0.230581373 2.697764397 -0.030522026 0.999511898 -0.006648732 -0.140401036 -0.230676502 -0.000571575 0.973030329 4.576513290
0.972632647 0.030499989 0.230338097 2.705389977 -0.028102497 0.999511302 -0.013682873 -0.140981495 -0.230642930 0.006835332 0.973014414 4.609547615
0.972739577 0.033042639 0.229533970 2.711498737 -0.029169982 0.999369383 -0.020245358 -0.141575158 -0.230058193 0.012997960 0.973090112 4.636361122
0.973235905 0.036288533 0.226925209 2.718905687 -0.031602260 0.999206185 -0.024251485 -0.142024666 -0.227625132 0.016431067 0.973610282 4.670692921
0.973853528 0.034267887 0.224577457 2.725547314 -0.030618759 0.999336720 -0.019712426 -0.142665535 -0.225104019 0.012320731 0.974256814 4.699004650
0.974264920 0.030389030 0.223348424 2.733526707 -0.028444959 0.999524295 -0.011917024 -0.143776447 -0.223604366 0.005257201 0.974665761 4.734984875
0.974687874 0.030540831 0.221474215 2.741004467 -0.029903822 0.999533296 -0.006229565 -0.144729882 -0.221561134 -0.000551043 0.975146294 4.771442890
0.975157022 0.033892773 0.218906045 2.747324467 -0.033135429 0.999425411 -0.007131130 -0.144733936 -0.219021961 -0.000299576 0.975719869 4.796994209
0.975392699 0.039758883 0.216859654 2.755032063 -0.038057733 0.999203324 -0.012016805 -0.144989565 -0.217164680 0.003467917 0.976128876 4.833928108
0.976252258 0.040625054 0.212793007 2.763203621 -0.037865475 0.999137819 -0.017029501 -0.146081895 -0.213301361 0.008567582 0.976948857 4.872742176
0.977140069 0.039470464 0.208899707 2.768435478 -0.036100496 0.999149442 -0.019921741 -0.146661773 -0.209508345 0.011924947 0.977734089 4.898674965
0.978055000 0.036700998 0.205088615 2.776633739 -0.033617016 0.999263346 -0.018502599 -0.147440434 -0.205616653 0.011202089 0.978568435 4.937332630
0.978830993 0.033112969 0.201973692 2.784693241 -0.030342393 0.999398291 -0.016799077 -0.148411334 -0.202408463 0.010315089 0.979246795 4.977525711
0.979266107 0.032508623 0.199952662 2.790318727 -0.030445170 0.999446690 -0.013386748 -0.149514288 -0.200277239 0.007021596 0.979714096 5.004967690
0.979629219 0.029125404 0.198691174 2.798710346 -0.027444700 0.999560416 -0.011208185 -0.150240749 -0.198930293 0.005526846 0.979998112 5.045248508
0.979874432 0.024165437 0.198146299 2.806771517 -0.022588031 0.999692559 -0.010217560 -0.150673240 -0.198332310 0.005536193 0.980119169 5.084829330
0.980002284 0.024536291 0.197467923 2.812823534 -0.023354949 0.999692678 -0.008309433 -0.151613161 -0.197611123 0.003531410 0.980274141 5.114305973
0.979781210 0.030224746 0.197775885 2.820630312 -0.028770341 0.999533653 -0.010223767 -0.152460188 -0.197992682 0.004326974 0.980193973 5.155211449
0.979481816 0.035412427 0.198397085 2.828256130 -0.033364527 0.999349833 -0.013656722 -0.153128698 -0.198751733 0.006757085 0.980026543 5.196796894
0.978919327 0.044801965 0.199273244 2.833918095 -0.042571630 0.998973787 -0.015465196 -0.153614849 -0.199761644 0.006655794 0.979821920 5.225872993
0.977964699 0.050916146 0.202466443 2.841713667 -0.048877791 0.998691201 -0.015058062 -0.154577374 -0.202968165 0.004830142 0.979173481 5.267590523
0.977270186 0.053648654 0.205097437 2.850262880 -0.052113865 0.998558044 -0.012881554 -0.155899480 -0.205492795 0.001900337 0.978656828 5.309306622
0.976666570 0.054124583 0.207829222 2.856321335 -0.052428667 0.998531103 -0.013663948 -0.156510860 -0.208263502 0.002448913 0.978069603 5.339856625
0.976288259 0.052965540 0.209895015 2.865055799 -0.050617315 0.998580992 -0.016547764 -0.157385916 -0.210473657 0.005531065 0.977583826 5.381490707
0.976313472 0.046361476 0.211335555 2.874315023 -0.044142641 0.998909473 -0.015207380 -0.158320069 -0.211810127 0.005518260 0.977295220 5.423734665
0.976558685 0.039703138 0.211558446 2.883992434 -0.036825307 0.999167860 -0.017527258 -0.159030378 -0.212078318 0.009325691 0.977208138 5.465763569
0.976399660 0.038901169 0.212439090 2.889465094 -0.036190536 0.999206424 -0.016634727 -0.160654277 -0.212917671 0.008553859 0.977032721 5.491022587
0.975897372 0.041682046 0.214212418 2.898204327 -0.039550513 0.999116182 -0.014228695 -0.161457181 -0.214616209 0.005413536 0.976683497 5.534048080
0.975525081 0.043563265 0.215529501 2.907033205 -0.042708013 0.999050319 -0.008625970 -0.162067443 -0.215700597 -0.000789984 0.976459205 5.576287746
0.975187898 0.047115255 0.216306984 2.916136980 -0.047331084 0.998870432 -0.004185404 -0.163576022 -0.216259882 -0.006156490 0.976316452 5.618404388
0.975060523 0.045946024 0.217131302 2.921685696 -0.044735774 0.998943686 -0.010488607 -0.164496243 -0.217383951 0.000513488 0.976086080 5.641746521
0.975305319 0.041358672 0.216953874 2.931026459 -0.036775038 0.999007642 -0.025123971 -0.165395826 -0.217777714 0.016525058 0.975858569 5.682715893
0.975678623 0.039161336 0.215679258 2.940955162 -0.032561023 0.998888791 -0.034072459 -0.166688472 -0.216773912 0.026221039 0.975869656 5.723510742
0.975830793 0.036313694 0.215489239 2.949262619 -0.031718466 0.999190331 -0.024745720 -0.168114394 -0.216213435 0.017312648 0.976192653 5.764906406
0.976413548 0.029168595 0.213929415 2.959744930 -0.028870750 0.999572873 -0.004517111 -0.169004440 -0.213969812 -0.001765737 0.976838768 5.807743549
0.976496220 0.027180439 0.213813797 2.963156223 -0.030326948 0.999474406 0.011449186 -0.170113340 -0.213390231 -0.017664401 0.976807356 5.828606129
0.976282060 0.032165706 0.214099616 2.970989943 -0.034289699 0.999392629 0.006213231 -0.171188906 -0.213769719 -0.013407277 0.976792097 5.870420933
