0.999960244 -0.001813485 -0.008734702 0.000494383 0.001786841 0.999993742 -0.003057176 -0.000765236 0.008740191 0.003041446 0.999957144 0.059901468
0.999913871 -0.001819654 -0.012995913 0.000213652 0.001762770 0.999988794 -0.004387266 -0.000975991 0.013003752 0.004363978 0.999905884 0.090528756
0.999834299 -0.000466685 -0.018192297 -0.000273086 0.000375218 0.999987304 -0.005030896 -0.001238212 0.018194411 0.005023237 0.999821782 0.121737339
0.999740779 -0.001293264 -0.022729011 -0.001124356 0.001177634 0.999986291 -0.005099984 -0.001782812 0.022735292 0.005071895 0.999728620 0.153831482
0.999628603 0.000342150 -0.027248010 -0.002003977 -0.000516026 0.999979496 -0.006374463 -0.002097256 0.027245272 0.006386157 0.999608338 0.186669141
0.999455333 0.003046379 -0.032859109 -0.003182953 -0.003278351 0.999970078 -0.007008008 -0.002390823 0.032836776 0.007111916 0.999435425 0.219160140
0.999286890 0.003273301 -0.037615813 -0.004402598 -0.003475379 0.999979913 -0.005308029 -0.002713173 0.037597675 0.005434972 0.999278069 0.253092855
0.999103010 0.002422182 -0.042275548 -0.005730380 -0.002539519 0.999993086 -0.002722042 -0.003000442 0.042268645 0.002826960 0.999102175 0.287640274
0.998941243 0.002217644 -0.045950029 -0.008171163 -0.002212015 0.999997497 0.000173335 -0.003564597 0.045950297 -0.000071510 0.998943746 0.320249081
0.998829722 0.003628315 -0.048228670 -0.010364139 -0.003642645 0.999993265 -0.000209234 -0.004051476 0.048227586 0.000384669 0.998836279 0.355303615
0.998749793 0.003351482 -0.049875971 -0.013233846 -0.003376693 0.999994278 -0.000421234 -0.004380214 0.049874268 0.000589123 0.998755336 0.387685299
0.998667121 0.000461386 -0.051611006 -0.015061786 -0.000501031 0.999999702 -0.000755235 -0.004776876 0.051610630 0.000780087 0.998667002 0.423814923
0.998674095 -0.000201170 -0.051477205 -0.020749725 0.000184995 0.999999940 -0.000318984 -0.004539862 0.051477257 0.000309038 0.998674035 0.455904812
0.998613298 -0.001934575 -0.052608818 -0.023067912 0.001904313 0.999998033 -0.000625333 -0.004936328 0.052609917 0.000524282 0.998614967 0.492398530
0.998537421 0.000354055 -0.054063357 -0.025642740 -0.000535480 0.999994278 -0.003341324 -0.004964308 0.054061867 0.003365386 0.998531878 0.529474556
0.998434544 -0.000618456 -0.055927742 -0.030829631 0.000398020 0.999992132 -0.003952484 -0.006696380 0.055929743 0.003924037 0.998426974 0.564567566
0.998310387 0.003329008 -0.058010351 -0.033116996 -0.003640884 0.999979496 -0.005271349 -0.007417175 0.057991609 0.005473651 0.998302102 0.602450132
0.998313487 0.004411865 -0.057884373 -0.039240960 -0.004734418 0.999974012 -0.005436405 -0.007065590 0.057858881 0.005701285 0.998308480 0.638889670
0.998233974 0.003443320 -0.059303798 -0.041610673 -0.003712888 0.999983311 -0.004435948 -0.007286989 0.059287529 0.004648302 0.998230159 0.677865267
0.998231411 0.005046680 -0.059233513 -0.047889307 -0.005269048 0.999979675 -0.003598506 -0.007439387 0.059214137 0.003904245 0.998237610 0.714040458
0.998182356 0.004431195 -0.060103208 -0.050464939 -0.004623350 0.999984682 -0.003058426 -0.008042804 0.060088735 0.003330745 0.998187423 0.753163755
0.998214662 0.004292280 -0.059573498 -0.057461757 -0.004612954 0.999975562 -0.005246345 -0.007476809 0.059549522 0.005511789 0.998210132 0.788369536
0.998171926 0.003233403 -0.060351979 -0.060203314 -0.003598840 0.999975860 -0.005947373 -0.008050101 0.060331292 0.006153699 0.998159528 0.827114105
0.998332143 0.003634516 -0.057616919 -0.068202853 -0.003904152 0.999981880 -0.004567938 -0.008208489 0.057599261 0.004785263 0.998328269 0.862875104
0.998337448 0.005192160 -0.057404276 -0.071228527 -0.005257955 0.999985635 -0.000995192 -0.008725781 0.057398267 0.001295367 0.998350441 0.903187394
0.998443007 0.004937015 -0.055562906 -0.076907061 -0.004770353 0.999983728 0.003131743 -0.009434030 0.055577453 -0.002861812 0.998450220 0.940279424
0.998501420 0.004354770 -0.054554813 -0.078818247 -0.004089847 0.999979317 0.004966788 -0.009170446 0.054575313 -0.004736222 0.998498440 0.980875075
0.998751283 0.004630644 -0.049743608 -0.086293183 -0.004266709 0.999963343 0.007419918 -0.010729515 0.049776152 -0.007198412 0.998734415 1.018317819
0.998804688 0.003986844 -0.048716515 -0.088046528 -0.003756540 0.999981284 0.004818095 -0.010801107 0.048734818 -0.004629331 0.998801053 1.058942437
0.998960793 0.006199681 -0.045153990 -0.095233835 -0.006248182 0.999980092 -0.000933096 -0.010571005 0.045147296 0.001214256 0.998979568 1.098055720
0.999009132 0.005311294 -0.044188544 -0.096977413 -0.005460786 0.999979794 -0.003263053 -0.011092270 0.044170320 0.003501123 0.999017894 1.138722420
0.999390781 0.004607369 -0.034593225 -0.109073311 -0.004735465 0.999982178 -0.003621889 -0.010421838 0.034575917 0.003783499 0.999394834 1.175274372
0.999398112 0.003834869 -0.034477890 -0.110902548 -0.003819718 0.999992609 0.000505314 -0.010530358 0.034479577 -0.000373314 0.999405324 1.216624022
0.999330699 0.000386367 -0.036575414 -0.114336960 -0.000250547 0.999993026 0.003717919 -0.010225412 0.036576595 -0.003706268 0.999323905 1.268025637
0.999262691 -0.007086592 -0.037731845 -0.115383305 0.007196980 0.999970198 0.002790526 -0.010476587 0.037710950 -0.003060025 0.999283969 1.308944821
0.999608636 -0.004682995 -0.027579330 -0.134752333 0.004548912 0.999977529 -0.004922470 -0.007771302 0.027601767 0.004795088 0.999607503 1.367987990
0.999547124 -0.004619688 -0.029735409 -0.135570303 0.004356083 0.999950647 -0.008923751 -0.008240316 0.029775172 0.008790180 0.999517977 1.410307765
0.999136388 -0.006972541 -0.040960699 -0.127576485 0.006702080 0.999954879 -0.006736549 -0.010746123 0.041005835 0.006456211 0.999137998 1.451387644
0.999095857 -0.006769930 -0.041971628 -0.128973782 0.006576657 0.999967098 -0.004741251 -0.012024975 0.042002350 0.004460930 0.999107540 1.492849112
0.999056160 -0.003482546 -0.043296076 -0.130815953 0.003384379 0.999991536 -0.002340444 -0.012609120 0.043303870 0.002191706 0.999059498 1.535770893
0.998914599 -0.004000308 -0.046409395 -0.131169662 0.003965053 0.999991715 -0.000851686 -0.013257829 0.046412438 0.000666745 0.998922169 1.579104781
0.998866737 -0.001845985 -0.047559083 -0.133489206 0.001917178 0.999997079 0.001451375 -0.013724310 0.047556274 -0.001540910 0.998867393 1.621686459
0.998878300 -0.001930403 -0.047309384 -0.135334924 0.002156622 0.999986529 0.004731140 -0.014397993 0.047299601 -0.004827863 0.998869181 1.663708687
0.998785019 0.002859151 -0.049195614 -0.136019886 -0.002505009 0.999970555 0.007258794 -0.014702642 0.049214914 -0.007126739 0.998762786 1.706297278
0.998751283 0.002664130 -0.049886111 -0.137853950 -0.002348890 0.999976993 0.006376751 -0.014859875 0.049901944 -0.006251612 0.998734593 1.748612642
0.998741806 0.003412388 -0.050030738 -0.139557853 -0.003179624 0.999983788 0.004731295 -0.015307707 0.050046068 -0.004566264 0.998736382 1.789501786
0.998713970 0.005397833 -0.050408982 -0.141116545 -0.005284087 0.999983251 0.002389462 -0.015736045 0.050421037 -0.002120025 0.998725712 1.830730319
0.998653650 0.005932566 -0.051533602 -0.143160522 -0.005793015 0.999979138 0.002856902 -0.016587097 0.051549476 -0.002554521 0.998667121 1.871810079
0.998600185 0.003891075 -0.052749585 -0.145373434 -0.003699824 0.999986231 0.003722829 -0.016592406 0.052763339 -0.003522453 0.998600841 1.913913965
0.998535872 0.004095105 -0.053939093 -0.147501156 -0.003828609 0.999979973 0.005043115 -0.017267119 0.053958673 -0.004829219 0.998531342 1.955258131
0.998500347 0.005849676 -0.054431297 -0.149715200 -0.005786810 0.999982476 0.001312525 -0.017373972 0.054438017 -0.000995573 0.998516619 1.995321393
0.998444319 0.005805678 -0.055452880 -0.151786685 -0.005958333 0.999978960 -0.002587912 -0.017939588 0.055436675 0.002914293 0.998457909 2.035716057
0.998412073 0.006944074 -0.055901311 -0.154909790 -0.007162049 0.999967575 -0.003699848 -0.018448291 0.055873811 0.004094341 0.998429418 2.077297688
0.998377979 0.005953112 -0.056621313 -0.156126440 -0.005987364 0.999981999 -0.000435324 -0.018985441 0.056617681 0.000773630 0.998395622 2.116776943
0.998366714 0.003479237 -0.057024989 -0.158454314 -0.003345648 0.999991417 0.002437927 -0.019436669 0.057032973 -0.002243159 0.998369753 2.157914400
0.998358309 0.001622103 -0.057256680 -0.160210758 -0.001434529 0.999993443 0.003316976 -0.019757638 0.057261698 -0.003229394 0.998353899 2.196726561
0.998327255 -0.002109086 -0.057778686 -0.162340909 0.002242484 0.999994993 0.002244042 -0.020294223 0.057773661 -0.002369856 0.998326778 2.237015724
0.998345852 -0.003816077 -0.057366919 -0.165345669 0.003870921 0.999992192 0.000844953 -0.020900924 0.057363264 -0.001065619 0.998352766 2.277055979
0.998257041 -0.005571129 -0.058751646 -0.166976467 0.005703573 0.999981582 0.002086842 -0.021380881 0.058738936 -0.002418299 0.998270333 2.315794468
0.998191237 -0.008413585 -0.059527129 -0.169666067 0.008783752 0.999943733 0.005959528 -0.021628333 0.059473630 -0.006471620 0.998208821 2.355643034
0.998103738 -0.009738053 -0.060777478 -0.171150684 0.010460517 0.999878168 0.011580203 -0.022218272 0.060657315 -0.012194008 0.998084128 2.394946337
0.998095989 -0.007965356 -0.061161887 -0.173901349 0.008806486 0.999870121 0.013495283 -0.022289239 0.061046451 -0.014008210 0.998036563 2.434427977
0.997982562 -0.007462447 -0.063047759 -0.175933495 0.008108765 0.999917150 0.010001581 -0.022766395 0.062967904 -0.010492644 0.997960269 2.472439289
0.997921169 -0.005488912 -0.064212054 -0.178893566 0.005656319 0.999981165 0.002425598 -0.023229301 0.064197533 -0.002783760 0.997933209 2.510770798
0.997855246 -0.003909977 -0.065341458 -0.181494594 0.003693464 0.999987364 -0.003434040 -0.022926588 0.065354057 0.003185336 0.997856975 2.549433947
0.997792721 0.001083917 -0.066395357 -0.183820188 -0.001182976 0.999998271 -0.001452649 -0.024232473 0.066393651 0.001527987 0.997792244 2.587006330
0.997706294 0.002756145 -0.067635559 -0.186264709 -0.002689916 0.999995828 0.001070259 -0.024843533 0.067638211 -0.000885870 0.997709453 2.624733448
0.997602940 0.005620108 -0.068968356 -0.188571945 -0.005418469 0.999980569 0.003110383 -0.025778685 0.068984494 -0.002729225 0.997613907 2.660464048
0.997531831 0.006443693 -0.069918267 -0.191703513 -0.006311565 0.999978006 0.002110501 -0.025629602 0.069930308 -0.001663998 0.997550488 2.697638273
0.997421980 0.008567874 -0.071243897 -0.194735900 -0.008369307 0.999960303 0.003085214 -0.026439022 0.071267478 -0.002480999 0.997454166 2.732914686
0.997298181 0.009194695 -0.072881736 -0.197236136 -0.008944251 0.999952912 0.003761967 -0.026988499 0.072912887 -0.003099930 0.997333467 2.769012213
0.997168541 0.008506370 -0.074717484 -0.199327990 -0.008222216 0.999957800 0.004109852 -0.027188927 0.074749298 -0.003483872 0.997196257 2.802675247
0.997066438 0.008333377 -0.076087549 -0.201618701 -0.007952132 0.999954283 0.005312218 -0.027471703 0.076128356 -0.004691576 0.997086942 2.836341619
0.996972620 0.011348710 -0.076921649 -0.205095574 -0.010769327 0.999910414 0.007942788 -0.027827466 0.077004910 -0.007090347 0.997005463 2.869923592
0.996816814 0.012309100 -0.078769729 -0.207519278 -0.011399713 0.999863207 0.011984158 -0.028159063 0.078906462 -0.011048054 0.996820688 2.903707981
0.996601403 0.015750097 -0.080855310 -0.209957853 -0.014657576 0.999793351 0.014087889 -0.028816488 0.081060477 -0.012854865 0.996626198 2.936195612
0.996442378 0.018587606 -0.082201280 -0.212703377 -0.017855030 0.999794126 0.009638211 -0.028615991 0.082363516 -0.008136215 0.996569037 2.967515707
0.996336043 0.019116662 -0.083360627 -0.215317696 -0.018971074 0.999816835 0.002538300 -0.029364565 0.083393887 -0.000947560 0.996516168 2.998009205
0.996219933 0.018247586 -0.084928401 -0.218195796 -0.018611429 0.999820709 -0.003494308 -0.029546438 0.084849395 0.005061738 0.996380806 3.027940989
0.996167600 0.019216018 -0.085327841 -0.221125990 -0.019707102 0.999793768 -0.004916644 -0.029829182 0.085215740 0.006579366 0.996340752 3.057293892
0.996065080 0.022019360 -0.085845709 -0.224192947 -0.022240004 0.999751329 -0.001614587 -0.030015226 0.085788816 0.003517441 0.996307075 3.085963964
0.995839179 0.021983793 -0.088436365 -0.225178361 -0.021954302 0.999758124 0.001306229 -0.031255387 0.088443689 0.000640765 0.996080935 3.113666534
0.995828271 0.018449059 -0.089362144 -0.227797464 -0.018684499 0.999823749 -0.001798789 -0.031939697 0.089313217 0.003460972 0.995997548 3.140551567
0.995937943 0.010443638 -0.089433797 -0.229554415 -0.011123050 0.999912858 -0.007101797 -0.032281481 0.089351825 0.008067726 0.995967448 3.166525841
0.995999098 0.006700560 -0.089110240 -0.230984136 -0.007751573 0.999904394 -0.011453682 -0.033272985 0.089024976 0.012098604 0.995955884 3.191204309
0.996269107 0.009201779 -0.085808553 -0.233408421 -0.010278906 0.999873757 -0.012119298 -0.033397023 0.085686192 0.012956099 0.996237934 3.215920448
0.996560752 0.013919485 -0.081686422 -0.235817045 -0.014682346 0.999853969 -0.008745618 -0.034280553 0.081552759 0.009914889 0.996619642 3.240116358
0.996876061 0.012355226 -0.078009143 -0.236464337 -0.012844362 0.999900877 -0.005771588 -0.034810737 0.077930108 0.006755536 0.996935904 3.263198853
0.997371376 0.008695308 -0.071935304 -0.237919927 -0.008815667 0.999960244 -0.001355844 -0.035497393 0.071920656 0.001986437 0.997408390 3.285905361
0.997934878 0.004077197 -0.064105034 -0.238703191 -0.003974181 0.999990642 0.001734416 -0.035742030 0.064111531 -0.001476070 0.997941613 3.308721542
0.998502970 0.007828487 -0.054133933 -0.239100516 -0.007736580 0.999968231 0.001907144 -0.036455676 0.054147143 -0.001485477 0.998531938 3.330525160
0.999142587 0.013102120 -0.039275981 -0.239908978 -0.013066503 0.999913990 0.001163426 -0.036723234 0.039287847 -0.000649228 0.999227703 3.351876259
0.999622881 0.018262926 -0.020514548 -0.240726933 -0.018228952 0.999832034 0.001841943 -0.037087753 0.020544738 -0.001467290 0.999787807 3.372689962
0.999858260 0.016812721 0.000855694 -0.239358485 -0.016814481 0.999856591 0.002095363 -0.037162989 -0.000820345 -0.002109454 0.999997318 3.392667294
0.999551654 0.013283736 0.026833987 -0.237576351 -0.013368665 0.999906182 0.002988077 -0.037495222 -0.026791779 -0.003345471 0.999635339 3.412468910
0.998317778 0.012488737 0.056618124 -0.236003384 -0.012731744 0.999911308 0.003933375 -0.037475228 -0.056563973 -0.004647604 0.998388112 3.431118965
0.995905757 0.011675084 0.089639507 -0.233269572 -0.012252461 0.999907553 0.005893516 -0.038190290 -0.089562409 -0.006967691 0.995956838 3.449796438
0.991774321 0.011884573 0.127445489 -0.230277151 -0.012771558 0.999899566 0.006144764 -0.038356338 -0.127359688 -0.007721897 0.991826534 3.468179226
0.985575974 0.011908833 0.168813705 -0.226093709 -0.013004289 0.999900877 0.005384997 -0.038312308 -0.168732867 -0.007502625 0.985633254 3.485881567
0.977143049 0.011029559 0.212296575 -0.220310211 -0.012599351 0.999902308 0.006042878 -0.038975958 -0.212209195 -0.008579556 0.977186501 3.502699614
0.965044439 0.013285790 0.261749208 -0.214904189 -0.014732931 0.999885023 0.003567033 -0.039212421 -0.261671722 -0.007298680 0.965129256 3.519463062
0.949471772 0.013662778 0.313554913 -0.208245873 -0.014901011 0.999887705 0.001552659 -0.040033489 -0.313498497 -0.006146492 0.949568689 3.534518242
0.929467499 0.014933984 0.368601561 -0.199971676 -0.015508363 0.999878764 -0.001404367 -0.039961394 -0.368577838 -0.004411094 0.929586351 3.550292492
0.905059636 0.015477516 0.425002962 -0.191317916 -0.015703043 0.999872267 -0.002972573 -0.040470354 -0.424994648 -0.003983484 0.905187011 3.564555645
0.875717759 0.016184609 0.482551903 -0.181867957 -0.015507212 0.999865234 -0.005393170 -0.040563069 -0.482574195 -0.002760141 0.875850737 3.578476191
0.842141330 0.014299458 0.539067209 -0.171944976 -0.012281659 0.999897659 -0.007336936 -0.041093342 -0.539116919 -0.000441902 0.842230737 3.590465069
0.804884136 0.014191477 0.593262196 -0.160956383 -0.011287617 0.999899328 -0.008604667 -0.041555885 -0.593324542 0.000229243 0.804963112 3.602706194
0.764320612 0.012969351 0.644705892 -0.149018288 -0.010009623 0.999915898 -0.008248257 -0.041729912 -0.644758582 -0.000148951 0.764386058 3.614725590
0.724012494 0.011928511 0.689683557 -0.136459231 -0.011238729 0.999921739 -0.005496141 -0.042444587 -0.689695120 -0.003771891 0.724089980 3.622650623
0.679105878 0.010363552 0.733967066 -0.123493075 -0.009853886 0.999938905 -0.005001705 -0.042937811 -0.733973920 -0.003835739 0.679166734 3.631989956
0.631941974 0.010111772 0.774949610 -0.109694004 -0.006591693 0.999948859 -0.007672353 -0.042800829 -0.774987578 -0.000259748 0.631976366 3.641273975
0.587306261 0.006557732 0.809338212 -0.095460296 -0.001239732 0.999973416 -0.007202742 -0.043740276 -0.809363782 0.003226853 0.587298632 3.647269964
0.540581286 0.009055483 0.841243029 -0.080905795 -0.003207594 0.999957025 -0.008702751 -0.043943174 -0.841285646 0.002006179 0.540587127 3.654742241
0.494477719 0.011070649 0.869119763 -0.066264272 -0.006178248 0.999938369 -0.009221930 -0.044651523 -0.869168282 -0.000809599 0.494515717 3.660845757
0.448930800 0.013003670 0.893471897 -0.051231980 -0.007535443 0.999913573 -0.010766598 -0.045314804 -0.893534660 -0.001899251 0.448989868 3.667057991
0.405545950 0.010952401 0.914009035 -0.036154985 -0.000078164 0.999928653 -0.011947277 -0.045369703 -0.914074659 0.004773728 0.405517876 3.672030449
0.365537882 0.002953721 0.930791855 -0.020151615 0.014823016 0.999849677 -0.008994116 -0.045879599 -0.930678427 0.017084831 0.365439057 3.676137924
0.330038995 -0.000551556 0.943967164 -0.004470825 0.018979393 0.999801576 -0.006051583 -0.045879103 -0.943776488 0.019913180 0.329983950 3.680136681
0.297403783 0.003743881 0.954744458 0.012199998 0.016394231 0.999824762 -0.009027477 -0.046211459 -0.954610944 0.018337106 0.297290385 3.684249640
0.264836311 0.012023957 0.964218497 0.027766764 0.004748713 0.999893785 -0.013773139 -0.046620898 -0.964281559 0.008226424 0.264751107 3.689253807
0.237808540 0.015910942 0.971181691 0.045631588 0.000840921 0.999862134 -0.016586728 -0.047431059 -0.971311569 0.004761153 0.237762377 3.692582607
0.211010590 0.017470011 0.977327645 0.063029766 0.001642405 0.999832571 -0.018226901 -0.048246659 -0.977482259 0.005451236 0.210946560 3.696022749
0.188613668 0.018927561 0.981869042 0.081209540 0.009035831 0.999738455 -0.021007791 -0.048764609 -0.982009768 0.012834357 0.188393354 3.697790623
0.169902220 0.025851356 0.985121727 0.099396110 0.016211707 0.999447286 -0.029023290 -0.048329905 -0.985327482 0.020901624 0.169389218 3.698876619
0.149216071 0.032127909 0.988282502 0.118534267 0.018468872 0.999207139 -0.035271581 -0.048628807 -0.988632143 0.023515550 0.148504391 3.701778412
0.130838051 0.033207737 0.990847468 0.138224959 0.016349085 0.999230623 -0.035647541 -0.049104091 -0.991268933 0.020863505 0.130194485 3.704585791
0.116049483 0.028531509 0.992833495 0.158837467 0.013611681 0.999447763 -0.030312615 -0.050304726 -0.993150115 0.017031893 0.115597025 3.706371546
0.101764277 0.024545610 0.994505703 0.179848224 0.014549708 0.999552011 -0.026158981 -0.051421225 -0.994702220 0.017131822 0.101361528 3.708087206
0.088099711 0.022912482 0.995848000 0.201339215 0.016112512 0.999571800 -0.024423584 -0.051950954 -0.995981216 0.018197326 0.087692812 3.709763050
0.076406963 0.021322753 0.996848583 0.223422676 0.020362282 0.999529421 -0.022940831 -0.052911758 -0.996868730 0.022050953 0.075936824 3.710969687
0.066600844 0.022553736 0.997524738 0.246340692 0.023760395 0.999425113 -0.024183091 -0.053343028 -0.997496724 0.025312195 0.066026673 3.711845875
0.059177630 0.023957208 0.997959971 0.269846916 0.025348747 0.999353588 -0.025493810 -0.053710051 -0.997925580 0.026805695 0.058532089 3.712712765
0.053249422 0.023682928 0.998300314 0.294472516 0.027422475 0.999306917 -0.025169523 -0.054569356 -0.998204589 0.028716126 0.052563064 3.713932753
0.047733035 0.024669552 0.998555422 0.319772065 0.028571874 0.999252200 -0.026052566 -0.055399708 -0.998451293 0.029774167 0.046992488 3.714948177
0.041916072 0.025309922 0.998800516 0.345473349 0.029267555 0.999218941 -0.026548784 -0.056110479 -0.998692334 0.030345265 0.041142572 3.715702772
0.037052654 0.024471017 0.999013662 0.372154921 0.031169733 0.999185443 -0.025631284 -0.057233308 -0.998827040 0.032088697 0.036259715 3.716888905
0.034709085 0.025278630 0.999077618 0.399823129 0.033211011 0.999098778 -0.026432954 -0.057942081 -0.998845518 0.034097832 0.033838268 3.717294931
0.031806674 0.024667451 0.999189496 0.428229928 0.035409003 0.999040127 -0.025790919 -0.058849931 -0.998866618 0.036200624 0.030902686 3.717905998
0.029158998 0.024206584 0.999281585 0.457274795 0.036174230 0.999026358 -0.025255963 -0.059715599 -0.998920023 0.036884680 0.028254950 3.718648195
0.028399490 0.023971274 0.999309123 0.487799555 0.040437259 0.998866558 -0.025109850 -0.060465641 -0.998778403 0.041122429 0.027397964 3.719553471
0.029830670 0.023617340 0.999275923 0.518501878 0.043904848 0.998725057 -0.024914978 -0.061540313 -0.998590231 0.044616289 0.028755717 3.719732046
0.032093272 0.024039824 0.999195814 0.549833596 0.045248725 0.998650789 -0.025480065 -0.062184863 -0.998460114 0.046030074 0.030962201 3.720874548
0.035862066 0.023659861 0.999076605 0.582765818 0.047644325 0.998542488 -0.025357418 -0.063487984 -0.998220325 0.048509702 0.034682531 3.722215176
0.040427834 0.022886090 0.998920262 0.614884496 0.048290301 0.998524666 -0.024831405 -0.064538464 -0.998014808 0.049242042 0.039263010 3.723099947
0.044037741 0.021659182 0.998794973 0.648547888 0.049742442 0.998477399 -0.023845481 -0.065207839 -0.997790694 0.050732609 0.042893313 3.725039005
0.048020571 0.020064471 0.998644829 0.683342099 0.049570106 0.998518407 -0.022445546 -0.066437922 -0.997615457 0.050580774 0.046954826 3.727012634
0.052568357 0.017602390 0.998462260 0.718012452 0.046441976 0.998719692 -0.020052077 -0.067485854 -0.997536778 0.047424663 0.051683567 3.728454113
0.056285150 0.016799362 0.998273373 0.753416181 0.045594990 0.998772085 -0.019378515 -0.068404295 -0.997373044 0.046606988 0.055450067 3.730984688
0.060720686 0.017152755 0.998007417 0.789443970 0.042933587 0.998882115 -0.019779954 -0.069778152 -0.997230947 0.044049088 0.059916385 3.732849598
0.063158385 0.021617318 0.997769296 0.824826956 0.040619388 0.998881221 -0.024212599 -0.070571929 -0.997176528 0.042058002 0.062209636 3.736353874
0.064573199 0.027051656 0.997546196 0.861744404 0.035314474 0.998944402 -0.029375546 -0.071720988 -0.997287929 0.037124686 0.063549712 3.739471436
0.064654931 0.029970665 0.997457445 0.898005366 0.032509297 0.998955011 -0.032122910 -0.073140256 -0.997377992 0.034503546 0.063613035 3.741574287
0.064957149 0.029927243 0.997439086 0.934157491 0.029866582 0.999044061 -0.031920429 -0.074353129 -0.997440934 0.031863559 0.064001232 3.744163752
0.064514473 0.028291743 0.997515619 0.970585346 0.026875278 0.999186277 -0.030077290 -0.075880334 -0.997554719 0.028748931 0.063701630 3.747117281
0.064090982 0.027122431 0.997575343 1.006955743 0.027665602 0.999198079 -0.028943976 -0.077417299 -0.997560382 0.029453568 0.063289233 3.749579906
0.064702459 0.025675714 0.997574210 1.043917537 0.025449542 0.999301314 -0.027370825 -0.079436801 -0.997579992 0.027158771 0.064003803 3.752435684
0.065265335 0.026029462 0.997528434 1.080331922 0.024209166 0.999324203 -0.027660260 -0.080784492 -0.997574210 0.025954587 0.064591087 3.754715443
0.065695874 0.026481174 0.997488201 1.116137624 0.021626431 0.999375105 -0.027955618 -0.082538642 -0.997605205 0.023408681 0.065082125 3.756649733
0.064142913 0.028070709 0.997545838 1.152540445 0.018410806 0.999400914 -0.029306734 -0.083706304 -0.997770846 0.020245442 0.063587680 3.759976864
0.060772482 0.027611190 0.997769654 1.188540936 0.014973200 0.999479592 -0.028570499 -0.085212693 -0.998039365 0.016676102 0.060327433 3.762700558
0.056345351 0.026410194 0.998061955 1.224531412 0.011868762 0.999561846 -0.027119923 -0.086879581 -0.998340786 0.013373842 0.056007192 3.765801907
0.052875604 0.023817012 0.998316944 1.260976315 0.011201617 0.999638438 -0.024441831 -0.088412762 -0.998538196 0.012475142 0.052589692 3.766579866
0.046460804 0.022239508 0.998672485 1.296692491 0.009623165 0.999695718 -0.022709992 -0.089365594 -0.998873711 0.010665515 0.046232644 3.768640995
0.039705873 0.022093838 0.998967052 1.333998322 0.008915816 0.999707818 -0.022464603 -0.091050878 -0.999171555 0.009798584 0.039497297 3.770085573
0.030307494 0.023695316 0.999259710 1.368428707 0.008923572 0.999672711 -0.023975763 -0.091679469 -0.999500751 0.009643610 0.030086126 3.771576166
0.020234967 0.024810420 0.999487340 1.404491782 0.008974520 0.999647319 -0.024996083 -0.092710800 -0.999754906 0.009475714 0.020005165 3.772531033
0.010225700 0.023502696 0.999671400 1.440177560 0.010574585 0.999665260 -0.023610720 -0.094265312 -0.999891818 0.010812547 0.009973738 3.772302628
-0.000748507 0.022015231 0.999757349 1.473610997 0.009299028 0.999714494 -0.022007326 -0.095768318 -0.999956429 0.009280298 -0.000953013 3.772628784
-0.012394045 0.021198586 0.999698460 1.508266211 0.010398822 0.999723911 -0.021070203 -0.097081706 -0.999869049 0.010134542 -0.012611061 3.772677660
-0.023627745 0.021373875 0.999492288 1.544407248 0.009473016 0.999731362 -0.021155048 -0.098852396 -0.999675870 0.008968362 -0.023823868 3.771775961
-0.033900939 0.021992275 0.999183178 1.576880693 0.010671269 0.999708891 -0.021641780 -0.099683285 -0.999368131 0.009928874 -0.034125756 3.769595861
-0.043959286 0.022793926 0.998773277 1.611232281 0.009751223 0.999701858 -0.022385936 -0.101106077 -0.998985708 0.008755188 -0.044168454 3.767422438
-0.054485589 0.024578013 0.998211980 1.645663381 0.011190889 0.999649346 -0.024002567 -0.101732217 -0.998451769 0.009863085 -0.054741539 3.765356064
-0.063897721 0.024554925 0.997654259 1.680366397 0.012018793 0.999643683 -0.023834111 -0.103615671 -0.997884095 0.010467653 -0.064170063 3.763318062
-0.073985949 0.025433892 0.996934891 1.712001324 0.012463585 0.999620199 -0.024577443 -0.104412429 -0.997181416 0.010606999 -0.074274838 3.761593580
-0.083134837 0.026147157 0.996195257 1.745939374 0.013692739 0.999591291 -0.025093609 -0.105448872 -0.996444166 0.011554488 -0.083458886 3.758903027
-0.091760516 0.026128609 0.995438337 1.779716015 0.015122736 0.999576986 -0.024843216 -0.106260151 -0.995666325 0.012774124 -0.092116833 3.755703449
-0.099142127 0.024168525 0.994779766 1.810030818 0.015856169 0.999616444 -0.022705771 -0.108005024 -0.994946897 0.013522297 -0.099487327 3.751921177
-0.104354069 0.022290807 0.994290292 1.842422485 0.019120980 0.999609053 -0.020403232 -0.109508567 -0.994356334 0.016882647 -0.104739487 3.748650074
-0.108188368 0.020845093 0.993911803 1.875445724 0.022145597 0.999582648 -0.018553453 -0.110793531 -0.993883729 0.020003507 -0.108604833 3.744622231
-0.111101680 0.020440493 0.993598819 1.906689644 0.024251996 0.999546587 -0.017851053 -0.111379690 -0.993513107 0.022113472 -0.111547016 3.741556883
-0.112929903 0.018763643 0.993425786 1.934156179 0.023827419 0.999585330 -0.016171349 -0.112775207 -0.993317187 0.021844544 -0.113330171 3.738593340
-0.113006786 0.019875553 0.993395388 1.965040088 0.024704413 0.999547064 -0.017188305 -0.113293372 -0.993286967 0.022598857 -0.113446638 3.734586954
-0.112474456 0.020110492 0.993451118 1.993339777 0.023872858 0.999561369 -0.017531395 -0.114984944 -0.993367791 0.021744687 -0.112905219 3.731303930
-0.109485790 0.021988031 0.993745089 2.019612789 0.026514081 0.999464154 -0.019193383 -0.115678824 -0.993634641 0.024246836 -0.110010110 3.728663445
-0.104771666 0.022501031 0.994241655 2.046880960 0.027053189 0.999438524 -0.019767815 -0.116828367 -0.994128287 0.024826299 -0.105321556 3.726244688
-0.096496917 0.023308735 0.995060265 2.072711706 0.026829302 0.999423444 -0.020809136 -0.117686093 -0.994971573 0.024688758 -0.097066626 3.723624945
-0.084891796 0.023919649 0.996102989 2.097647190 0.026028764 0.999423921 -0.021781122 -0.117989466 -0.996050119 0.024078285 -0.085465491 3.721772194
-0.071055740 0.024158608 0.997179747 2.121942759 0.025329880 0.999428034 -0.022408156 -0.118910685 -0.997150660 0.023666216 -0.071627036 3.720147848
-0.054244637 0.023754481 0.998245060 2.145579815 0.021231674 0.999518454 -0.022631055 -0.122084640 -0.998301983 0.019966798 -0.054722868 3.719971418
-0.033169687 0.027825370 0.999062479 2.168487072 0.022016998 0.999390066 -0.027103530 -0.121149257 -0.999207199 0.021097336 -0.033762082 3.719946861
-0.008451773 0.030774413 0.999490678 2.191401243 0.020251475 0.999326587 -0.030598115 -0.122282848 -0.999759138 0.019982558 -0.009069305 3.720565319
0.019684389 0.032760981 0.999269426 2.215158939 0.018069452 0.999288082 -0.033117544 -0.123270184 -0.999642909 0.018708149 0.019078400 3.722028017
0.053242769 0.032272805 0.998059928 2.235942841 0.016224787 0.999317706 -0.033179004 -0.123987973 -0.998449743 0.017959854 0.052682828 3.723492146
0.091727391 0.030162517 0.995327175 2.257489443 0.015622683 0.999374568 -0.031724922 -0.124818631 -0.995661616 0.018459724 0.091198802 3.726031065
0.133839369 0.026895225 0.990637958 2.280185461 0.013937576 0.999481738 -0.029018346 -0.125712126 -0.990904987 0.017690891 0.133395135 3.730278969
0.179316178 0.021646082 0.983553290 2.300745249 0.009515089 0.999673009 -0.023735583 -0.127105117 -0.983745456 0.013614769 0.179051578 3.734911919
0.228142977 0.018424006 0.973453283 2.322172880 0.004882274 0.999786735 -0.020066636 -0.127996743 -0.973615348 0.009330727 0.228004366 3.740981340
0.279818326 0.016543023 0.959910452 2.342467785 0.000921841 0.999846458 -0.017499998 -0.129086286 -0.960052550 0.005781706 0.279760092 3.747831583
0.334045857 0.016565530 0.942411244 2.361414671 0.000596919 0.999841571 -0.017786616 -0.129347503 -0.942556560 0.006504088 0.333983064 3.756252289
0.392777830 0.017340655 0.919469833 2.380635738 0.002627046 0.999796987 -0.019977797 -0.129723266 -0.919629633 0.010262323 0.392652512 3.765464306
0.452496469 0.020653095 0.891526997 2.398024082 0.002299057 0.999701440 -0.024325948 -0.130824313 -0.891763210 0.013057077 0.452313781 3.775612831
0.509785891 0.023054283 0.859992445 2.414128780 0.004345320 0.999559045 -0.029371543 -0.131953493 -0.860290289 0.018710138 0.509460926 3.788387537
0.569576502 0.028702717 0.821437001 2.430531740 -0.001508026 0.999424875 -0.033876341 -0.132190585 -0.821936965 0.018056413 0.569292188 3.800438643
0.624572694 0.032835077 0.780276060 2.444826365 -0.005917269 0.999286056 -0.037314836 -0.132320195 -0.780944288 0.018688720 0.624321103 3.814905405
0.677101076 0.032701921 0.735162914 2.458827257 -0.007353635 0.999262869 -0.037676897 -0.133402050 -0.735853314 0.020104943 0.676842570 3.829965115
0.727410674 0.029292762 0.685576856 2.473074198 -0.006552258 0.999339402 -0.035746872 -0.134686351 -0.686171234 0.021510575 0.727122068 3.845881701
0.771637797 0.026378488 0.635514915 2.483679771 -0.009477148 0.999505579 -0.029979663 -0.135313407 -0.635991514 0.017110568 0.771506310 3.862289190
0.812074423 0.022482349 0.583120644 2.494410515 -0.011209556 0.999674141 -0.022931842 -0.135856196 -0.583446264 0.012085834 0.812061846 3.881270409
0.848554134 0.019826220 0.528736949 2.504227161 -0.013098931 0.999778628 -0.016466938 -0.136312217 -0.528946340 0.007047200 0.848625958 3.900423527
0.879940212 0.015580260 0.474828839 2.511703491 -0.012755196 0.999876559 -0.009170735 -0.136757672 -0.474913150 0.002013164 0.880030394 3.917567015
0.904937208 0.016173383 0.425237596 2.518816471 -0.016071729 0.999863505 -0.003826733 -0.137053758 -0.425241470 -0.003371352 0.905073702 3.938000679
0.925344169 0.017853547 0.378707498 2.524682999 -0.019527672 0.999809146 0.000580077 -0.137936041 -0.378624797 -0.007932046 0.925516188 3.955979586
0.940096855 0.024404172 0.340032667 2.529857635 -0.026999686 0.999631226 0.002903106 -0.138151571 -0.339836478 -0.011909978 0.940409064 3.977234364
0.951868355 0.028207716 0.305206418 2.535125256 -0.030075386 0.999546587 0.001418315 -0.137672126 -0.305028051 -0.010529249 0.952285111 3.999092340
0.960975885 0.031166874 0.274870872 2.540300369 -0.032797750 0.999461114 0.001337973 -0.137662753 -0.274681091 -0.010300906 0.961480141 4.021950245
0.966423571 0.026834464 0.255548805 2.543883324 -0.027958613 0.999608815 0.000766585 -0.137604922 -0.255428314 -0.007885637 0.966795743 4.045946598
0.971694648 0.021238195 0.235283762 2.549906731 -0.022675188 0.999737084 0.003403321 -0.138506010 -0.235149637 -0.008642092 0.971920729 4.058934689
0.974407136 0.025756750 0.223309472 2.554330349 -0.026997149 0.999632359 0.002502965 -0.138139054 -0.223162889 -0.008467627 0.974744380 4.082261086
0.976450562 0.029845368 0.213666752 2.559317350 -0.031250343 0.999506533 0.003200178 -0.138058603 -0.213465810 -0.009801975 0.976901293 4.106510162
0.977430880 0.037912920 0.207825407 2.563947916 -0.039048802 0.999236465 0.001364286 -0.137718767 -0.207614973 -0.009448830 0.978164971 4.131591797
0.977031171 0.043969817 0.208510458 2.565587997 -0.044380195 0.999011099 -0.002712058 -0.137824431 -0.208423510 -0.006603971 0.978016317 4.160839558
0.977960587 0.045528758 0.203765735 2.571031094 -0.045643453 0.998949170 -0.004139198 -0.138687119 -0.203740120 -0.005252600 0.979010820 4.174072742
0.977240145 0.044441681 0.207428843 2.576049805 -0.043779425 0.999010921 -0.007784424 -0.139255106 -0.207569629 -0.001473865 0.978219092 4.200455189
0.975361109 0.045274474 0.215918988 2.581785679 -0.043287694 0.998965681 -0.013924258 -0.140233576 -0.216326073 0.004234547 0.976311982 4.238119125
0.975863636 0.043338433 0.214037031 2.587426186 -0.040315710 0.999016285 -0.018469542 -0.140052676 -0.214626938 0.009394701 0.976650894 4.247354031
0.974436462 0.048824430 0.219293550 2.593007088 -0.045902267 0.998776376 -0.018403836 -0.140526921 -0.219923779 0.007867299 0.975485325 4.275461197
0.972689390 0.052582834 0.226075768 2.598861217 -0.050647017 0.998613358 -0.014358504 -0.141238630 -0.226517290 0.002516305 0.974003911 4.304170609
0.972203672 0.048353054 0.229089379 2.604810715 -0.047437400 0.998828948 -0.009505549 -0.141640320 -0.229280725 -0.001626074 0.973358989 4.326552868
0.971383631 0.044437733 0.233321771 2.612372160 -0.044549249 0.998995662 -0.004794641 -0.141586840 -0.233300492 -0.005736873 0.972387731 4.356357574
0.970571697 0.041691083 0.237175867 2.619941711 -0.042931709 0.999078035 0.000066027 -0.142252117 -0.236954436 -0.010246449 0.971466660 4.387561321
0.970219851 0.036801249 0.239413723 2.625829697 -0.038206317 0.999269128 0.001228684 -0.142768249 -0.239193499 -0.010339206 0.970916867 4.409824848
0.970281124 0.033364423 0.239669040 2.634216309 -0.033940975 0.999422371 -0.001722663 -0.143135458 -0.239588052 -0.006463131 0.970853090 4.441029549
0.970378160 0.032639012 0.239375621 2.641813278 -0.031419199 0.999466479 -0.008911109 -0.143577248 -0.239538744 0.001126159 0.970886171 4.472630024
0.970535636 0.035304502 0.238357186 2.647485256 -0.032554571 0.999350250 -0.015464990 -0.143951237 -0.238748312 0.007249705 0.971054435 4.496420860
0.970963359 0.038438525 0.236119896 2.654790163 -0.034815330 0.999203503 -0.019496426 -0.144209757 -0.236681297 0.010709720 0.971528351 4.529157162
0.971686065 0.036697719 0.233408466 2.661759853 -0.034132496 0.999304414 -0.015021375 -0.144677341 -0.233797401 0.006629249 0.972262681 4.557249546
0.972160339 0.032327756 0.232075989 2.669938564 -0.031395566 0.999477327 -0.007710143 -0.145285234 -0.232203946 0.000209339 0.972667038 4.591829777
0.972660482 0.032950636 0.229882240 2.677968025 -0.033470999 0.999438286 -0.001636554 -0.146082655 -0.229807034 -0.006102577 0.973217010 4.627194405
0.972963810 0.036539011 0.228048712 2.683423996 -0.037010461 0.999312460 -0.002210250 -0.146472394 -0.227972686 -0.006289695 0.973647118 4.653043747
0.973191321 0.042331722 0.226067632 2.691051006 -0.041765358 0.999100864 -0.007289721 -0.146409661 -0.226172939 -0.002347503 0.974084318 4.688933849
0.974141061 0.043215126 0.221768916 2.697788239 -0.041550580 0.999062300 -0.012167932 -0.147227913 -0.222086817 0.002638656 0.975023270 4.718188286
0.975119412 0.041582003 0.217744932 2.705913544 -0.039163087 0.999113917 -0.015414631 -0.147435516 -0.218192950 0.006503541 0.975883961 4.754837036
0.976016641 0.039334591 0.214112908 2.712372303 -0.037321579 0.999212980 -0.013437527 -0.148512974 -0.214472935 0.005124219 0.976716459 4.786016464
0.976883888 0.035713419 0.210766479 2.720561504 -0.034106128 0.999354839 -0.011257266 -0.149304599 -0.211032510 0.003808613 0.977471530 4.823733807
0.977300167 0.034685895 0.209000289 2.728906631 -0.033605702 0.999397099 -0.008718288 -0.150031209 -0.209176645 0.001496783 0.977876723 4.862445831
0.977700949 0.031055555 0.207692876 2.734807014 -0.030430915 0.999517679 -0.006202606 -0.150570422 -0.207785323 -0.000255991 0.978174388 4.891099930
0.977834821 0.026555184 0.207686886 2.742841721 -0.026138930 0.999647081 -0.004748779 -0.151203632 -0.207739696 -0.000785190 0.978183746 4.930216789
0.978002489 0.026896575 0.206851900 2.751338482 -0.026733929 0.999636233 -0.003581978 -0.151351392 -0.206873000 -0.002026781 0.978365660 4.969378471
0.977752388 0.032525867 0.207225502 2.756936550 -0.032157097 0.999469578 -0.005148695 -0.152422652 -0.207283080 -0.001629621 0.978279591 4.998339176
0.977415323 0.037806258 0.207918644 2.764642239 -0.036814421 0.999284863 -0.008639190 -0.152771503 -0.208096564 0.000789672 0.978107929 5.037831306
0.976839244 0.046758171 0.208803207 2.772472382 -0.045534622 0.998905838 -0.010665601 -0.152942747 -0.209073454 0.000910802 0.977899492 5.078050613
0.975970209 0.052816372 0.211406112 2.778697491 -0.051982556 0.998602808 -0.009503750 -0.154214978 -0.211612761 -0.001714054 0.977352083 5.107844353
0.975230813 0.055295076 0.214166015 2.787316322 -0.054948419 0.998460531 -0.007576107 -0.155055583 -0.214255244 -0.004379631 0.976767838 5.148509026
0.974689901 0.055779949 0.216490701 2.796459675 -0.055239566 0.998436570 -0.008551337 -0.155885041 -0.216629252 -0.003623954 0.976247251 5.189056396
0.974298537 0.054023761 0.218686193 2.802470684 -0.052807469 0.998539567 -0.011407303 -0.156150058 -0.218983084 -0.000434145 0.975728512 5.218860626
0.974394679 0.048091870 0.219640896 2.812370300 -0.047054943 0.998842716 -0.009953164 -0.157271594 -0.219865367 -0.000636881 0.975529969 5.259110451
0.974782169 0.040935557 0.219371706 2.822613478 -0.039357368 0.999158323 -0.011561359 -0.158008546 -0.219660312 0.002635914 0.975572824 5.299027443
0.974493682 0.039969333 0.220826626 2.831524849 -0.038379248 0.999197245 -0.011488204 -0.159243047 -0.221108496 0.002720021 0.975245416 5.339702129
0.973832011 0.042928498 0.223177776 2.836142540 -0.042085186 0.999077499 -0.008535802 -0.159724191 -0.223338336 -0.001080039 0.974740326 5.366386890
0.973331273 0.044892021 0.224968359 2.844319105 -0.045395706 0.998964667 -0.002935919 -0.160182506 -0.224867269 -0.007354977 0.974361539 5.407717228
0.973108053 0.047927268 0.225307941 2.853726387 -0.049508765 0.998772681 0.001371123 -0.161321744 -0.224965692 -0.012488968 0.974286616 5.446795464
0.972961307 0.046855073 0.226165399 2.862834930 -0.046943195 0.998885036 -0.004991574 -0.162220865 -0.226147115 -0.005760317 0.974076092 5.486591339
0.973183990 0.042981382 0.225976571 2.869428158 -0.039582830 0.999024928 -0.019551121 -0.162542671 -0.226596534 0.010082046 0.973936439 5.512869835
0.973518074 0.041173872 0.224871501 2.879459858 -0.035748608 0.998964310 -0.028146356 -0.163674802 -0.225797459 0.019362144 0.973981738 5.552025318
0.973837256 0.037990388 0.224048406 2.889064789 -0.034611359 0.999220371 -0.018991139 -0.164962128 -0.224595219 0.010739660 0.974392831 5.592301846
0.974206626 0.030998906 0.223518163 2.898076057 -0.032168996 0.999481142 0.001594597 -0.165578991 -0.223352745 -0.008743821 0.974698424 5.634415150
0.974401712 0.028421137 0.223010018 2.903352976 -0.032944363 0.999319494 0.016587771 -0.166294247 -0.222386837 -0.023510074 0.974675000 5.660055637
0.974406779 0.032592561 0.222416595 2.911924601 -0.035923559 0.999294579 0.010946063 -0.166866243 -0.221902952 -0.018655911 0.974890232 5.700406551
