0.999966204 -0.001479239 -0.008086056 -0.000016779 0.001450031 0.999992311 -0.003616792 -0.000444984 0.008091344 0.003604945 0.999960780 0.062637545
0.999922812 -0.001460606 -0.012340560 -0.000390906 0.001397938 0.999985993 -0.005085406 -0.000596672 0.012347816 0.005067762 0.999910951 0.095014371
0.999850273 -0.000221897 -0.017300323 -0.001229694 0.000124225 0.999984026 -0.005646522 -0.000909289 0.017301299 0.005643530 0.999834418 0.127979562
0.999765575 -0.000774446 -0.021637982 -0.002189114 0.000647034 0.999982417 -0.005894755 -0.001352010 0.021642169 0.005879373 0.999748528 0.161663994
0.999652147 0.000778172 -0.026363084 -0.003188158 -0.000963527 0.999974906 -0.007018894 -0.001723274 0.026356962 0.007041854 0.999627769 0.195879057
0.999512434 0.003236092 -0.031056019 -0.004806486 -0.003476862 0.999964237 -0.007701898 -0.002026545 0.031029982 0.007806121 0.999487936 0.231061593
0.999359846 0.003479321 -0.035610873 -0.006181496 -0.003680028 0.999977708 -0.005572125 -0.002719882 0.035590690 0.005699606 0.999350309 0.267014146
0.999184549 0.002989677 -0.040264767 -0.007521419 -0.003128968 0.999989331 -0.003396812 -0.002800546 0.040254183 0.003520028 0.999183297 0.303110868
0.999053597 0.002966294 -0.043394830 -0.009567721 -0.003025682 0.999994576 -0.001302944 -0.002799205 0.043390729 0.001433010 0.999057174 0.338563442
0.998909533 0.003542878 -0.046554904 -0.010685433 -0.003593316 0.999993026 -0.000999781 -0.003663311 0.046551041 0.001165978 0.998915255 0.377408177
0.998773575 0.003286516 -0.049403917 -0.011979391 -0.003325149 0.999994099 -0.000699813 -0.004385434 0.049401324 0.000863230 0.998778641 0.413681298
0.998678505 0.000469251 -0.051391412 -0.013890901 -0.000549295 0.999998569 -0.001543431 -0.004620727 0.051390599 0.001569620 0.998677373 0.450526953
0.998593748 0.000607030 -0.053012017 -0.016021844 -0.000676721 0.999998868 -0.001296692 -0.004523233 0.053011160 0.001330743 0.998593092 0.487266511
0.998530269 -0.001335253 -0.054181341 -0.018516060 0.001295462 0.999998808 -0.000769508 -0.005468793 0.054182302 0.000698188 0.998530746 0.523419440
0.998410821 0.001301911 -0.056340408 -0.020765698 -0.001473470 0.999994338 -0.003003602 -0.005973511 0.056336172 0.003081844 0.998407066 0.561216176
0.998412073 0.001595580 -0.056310143 -0.024298530 -0.001942802 0.999979436 -0.006112034 -0.006002815 0.056299243 0.006211729 0.998394608 0.599600613
0.998323441 0.005832757 -0.057586279 -0.027083579 -0.006279567 0.999951541 -0.007581071 -0.006587697 0.057539266 0.007929976 0.998311758 0.637481630
0.998222291 0.006584540 -0.059236910 -0.029259361 -0.007021211 0.999949634 -0.007166489 -0.007098420 0.059186742 0.007569664 0.998218179 0.677280247
0.998134315 0.005547674 -0.060806237 -0.031474512 -0.005885513 0.999968112 -0.005378291 -0.007876727 0.060774468 0.005726132 0.998135090 0.716702104
0.998040080 0.006174996 -0.062272534 -0.033885535 -0.006449652 0.999970317 -0.004210510 -0.008117965 0.062244702 0.004603895 0.998050332 0.756527781
0.998024285 0.006382104 -0.062506050 -0.036664128 -0.006636569 0.999970496 -0.003864264 -0.008894484 0.062479563 0.004271454 0.998037100 0.795452237
0.997874200 0.005187120 -0.064963996 -0.039128467 -0.005510839 0.999973297 -0.004804867 -0.009311529 0.064937338 0.005152660 0.997876048 0.835735977
0.997768581 0.003718094 -0.066664040 -0.041378558 -0.004129396 0.999973297 -0.006033066 -0.009484927 0.066639841 0.006294887 0.997757316 0.875755906
0.997737646 0.003539999 -0.067135006 -0.044201959 -0.003816602 0.999984741 -0.003992302 -0.010297890 0.067119852 0.004239498 0.997735977 0.915885806
0.997759938 0.005216378 -0.066692531 -0.047934838 -0.005279342 0.999985754 -0.000767895 -0.010696850 0.066687591 0.001118267 0.997773409 0.956196487
0.997810721 0.005810210 -0.065878354 -0.050274588 -0.005622127 0.999979496 0.003039998 -0.011072855 0.065894671 -0.002662966 0.997823119 0.996464133
0.997904241 0.004589564 -0.064544164 -0.052931063 -0.004261937 0.999977291 0.005212764 -0.011058019 0.064566627 -0.004926757 0.997901261 1.037404656
0.998044372 0.005227297 -0.062289838 -0.055762142 -0.004789514 0.999962747 0.007175387 -0.011976014 0.062325019 -0.006863016 0.998032331 1.077878833
0.998057485 0.004025275 -0.062169325 -0.057647094 -0.003734731 0.999981523 0.004788932 -0.012239431 0.062187448 -0.004547445 0.998054147 1.119051933
0.998128533 0.006191976 -0.060838278 -0.060574267 -0.006235654 0.999980390 -0.000528102 -0.012443237 0.060833808 0.000906480 0.998147547 1.160324693
0.998250842 0.005664287 -0.058848359 -0.063638814 -0.005885921 0.999976218 -0.003593548 -0.012427577 0.058826599 0.003933639 0.998260498 1.201547861
0.998290896 0.003225646 -0.058350664 -0.066054687 -0.003427014 0.999988556 -0.003351277 -0.012485320 0.058339175 0.003545518 0.998290598 1.243312955
0.998290658 0.002364014 -0.058397073 -0.068398386 -0.002260165 0.999995708 0.001844312 -0.013057418 0.058401190 -0.001709173 0.998291671 1.285023808
0.998232484 -0.000785777 -0.059423968 -0.070638776 0.001101006 0.999985456 0.005272204 -0.013409745 0.059418969 -0.005328312 0.998218894 1.326719880
0.998144150 -0.008287115 -0.060330961 -0.072959796 0.008566693 0.999953628 0.004376860 -0.013688406 0.060291905 -0.004885574 0.998168826 1.368974447
0.998037219 -0.010563978 -0.061725937 -0.075653732 0.010604925 0.999943614 0.000335803 -0.014012978 0.061718922 -0.000989741 0.998093069 1.411451101
0.997931898 -0.010830175 -0.063360445 -0.078154951 0.010675703 0.999939144 -0.002775999 -0.014852181 0.063386649 0.002093840 0.997986794 1.453792810
0.997803032 -0.009416410 -0.065577663 -0.080942512 0.009213539 0.999951780 -0.003395362 -0.015378146 0.065606482 0.002783700 0.997841597 1.496088982
0.997770190 -0.008967660 -0.066137977 -0.084338620 0.008835815 0.999958336 -0.002285720 -0.016005415 0.066155709 0.001696241 0.997807920 1.539302349
0.997645557 -0.005765007 -0.068338573 -0.086822279 0.005807649 0.999982953 0.000425335 -0.016457064 0.068334959 -0.000821221 0.997662187 1.582856655
0.997610390 -0.005991122 -0.068830982 -0.090251163 0.006122216 0.999979734 0.001693782 -0.016820511 0.068819448 -0.002111132 0.997626901 1.625357509
0.997504115 -0.004786025 -0.070446000 -0.092969909 0.005123537 0.999976158 0.004611155 -0.017505122 0.070422269 -0.004960579 0.997504950 1.668242812
0.997556925 -0.003442629 -0.069776133 -0.096314199 0.003922190 0.999969602 0.006736992 -0.017411243 0.069750808 -0.006994209 0.997539937 1.711238861
0.997553587 0.001702078 -0.069886349 -0.100127332 -0.001064769 0.999957561 0.009155446 -0.017557990 0.069898963 -0.009058636 0.997512937 1.753858447
0.997503877 0.001600814 -0.070596121 -0.102499381 -0.000984606 0.999961138 0.008762551 -0.018049357 0.070607409 -0.008671170 0.997466505 1.796558976
0.997498751 0.001618057 -0.070666611 -0.106097564 -0.001160337 0.999978006 0.006517742 -0.017776450 0.070675619 -0.006419442 0.997478724 1.839507341
0.997459412 0.003977040 -0.071127020 -0.108749501 -0.003678352 0.999983788 0.004329843 -0.018116701 0.071143106 -0.004057213 0.997457862 1.881938934
0.997389436 0.004765762 -0.072053567 -0.112657428 -0.004510078 0.999982893 0.003710799 -0.018320480 0.072070010 -0.003376145 0.997393906 1.925701261
0.997332096 0.001717933 -0.072977588 -0.115243502 -0.001315253 0.999983609 0.005565563 -0.018788742 0.072985940 -0.005454730 0.997318208 1.965114713
0.997215927 0.002336269 -0.074532375 -0.118068129 -0.001818898 0.999973834 0.007008690 -0.019543692 0.074546799 -0.006853611 0.997193992 2.008514643
0.997250438 0.004327962 -0.073978797 -0.122373924 -0.004113257 0.999986827 0.003054362 -0.019376852 0.073991053 -0.002741670 0.997255206 2.049704790
0.997171044 0.004164646 -0.075050034 -0.125537574 -0.004232148 0.999990761 -0.000740426 -0.019885501 0.075046249 0.001055954 0.997179508 2.090025425
0.997127831 0.004114135 -0.075624324 -0.129177451 -0.004255584 0.999989390 -0.001709365 -0.020160608 0.075616509 0.002026281 0.997134924 2.132025003
0.997080207 0.003602287 -0.076276362 -0.131969199 -0.003485133 0.999992549 0.001668964 -0.020863386 0.076281801 -0.001398258 0.997085273 2.173829794
0.997116983 0.001155845 -0.075871103 -0.135250553 -0.000808873 0.999989033 0.004603743 -0.021092340 0.075875595 -0.004529099 0.997107029 2.213008642
0.997124314 -0.001164886 -0.075773835 -0.138247639 0.001555606 0.999985754 0.005097583 -0.021160148 0.075766817 -0.005200799 0.997112036 2.253921032
0.997085929 -0.004384270 -0.076160148 -0.141576096 0.004728905 0.999979317 0.004345382 -0.021874331 0.076139525 -0.004692873 0.997086108 2.294137478
0.997078657 -0.006999910 -0.076060653 -0.145098269 0.007231502 0.999970019 0.002769839 -0.022020267 0.076038972 -0.003311780 0.997099400 2.334522247
0.996941984 -0.008129746 -0.077720039 -0.147926688 0.008464981 0.999956131 0.003984894 -0.022600628 0.077684246 -0.004630608 0.996967316 2.375319004
0.996775925 -0.012683591 -0.079227790 -0.150338322 0.013384940 0.999875665 0.008327485 -0.022517474 0.079112336 -0.009361095 0.996821761 2.414764404
0.996721625 -0.012552190 -0.079928093 -0.153734311 0.013614344 0.999825835 0.012757769 -0.022519659 0.079754047 -0.013804112 0.996719003 2.455525875
0.996727705 -0.011924750 -0.079949103 -0.157552481 0.013209241 0.999791682 0.015556761 -0.022853993 0.079746939 -0.016561922 0.996677577 2.495441914
0.996615410 -0.010379563 -0.081547953 -0.160423249 0.011343833 0.999871016 0.011370181 -0.022905391 0.081419408 -0.012256765 0.996604502 2.533891201
0.996566653 -0.006955254 -0.082503453 -0.163765281 0.007222287 0.999969602 0.002938620 -0.023146005 0.082480513 -0.003524396 0.996586382 2.572854280
0.996492445 -0.006439307 -0.083436206 -0.167449713 0.006315156 0.999978542 -0.001751799 -0.023219172 0.083445691 0.001218741 0.996511579 2.611831665
0.996436536 -0.001856592 -0.084324680 -0.171262488 0.001843155 0.999998212 -0.000237188 -0.024011699 0.084324971 0.000080920 0.996438324 2.650044680
0.996342599 0.000301439 -0.085447609 -0.174564064 -0.000086066 0.999996781 0.002524202 -0.024639519 0.085448109 -0.002507616 0.996339500 2.688249588
0.996251047 0.002938471 -0.086459316 -0.178318232 -0.002615523 0.999989092 0.003848297 -0.025298584 0.086469680 -0.003607733 0.996248007 2.724847078
0.996138632 0.004015625 -0.087701932 -0.181523323 -0.003732288 0.999987245 0.003394413 -0.025448807 0.087714434 -0.003053977 0.996141016 2.761178255
0.996005535 0.006090011 -0.089083567 -0.185067996 -0.005790968 0.999976635 0.003614958 -0.025383376 0.089103520 -0.003084637 0.996017694 2.797194719
0.995887935 0.006120099 -0.090386458 -0.188731641 -0.005684071 0.999970913 0.005080650 -0.026643336 0.090414926 -0.004545995 0.995893776 2.833059311
0.995758355 0.005836471 -0.091820531 -0.192144901 -0.005372817 0.999971449 0.005295932 -0.026783418 0.091848820 -0.004780134 0.995761514 2.867799044
0.995652854 0.005879002 -0.092957005 -0.195562690 -0.005279216 0.999963641 0.006696890 -0.027579755 0.092992999 -0.006177037 0.995647609 2.903028965
0.995528460 0.008775411 -0.094054371 -0.199065685 -0.007908579 0.999922752 0.009585066 -0.028119203 0.094131231 -0.008798369 0.995520830 2.936915159
0.995435536 0.010307302 -0.094879486 -0.203049898 -0.009088879 0.999870658 0.013265012 -0.027881499 0.095003948 -0.012342115 0.995400429 2.970414162
0.995170295 0.013325102 -0.097255111 -0.205820993 -0.011918096 0.999815881 0.015033823 -0.028123993 0.097437516 -0.013802123 0.995145977 3.003912449
0.995036960 0.016244059 -0.098170996 -0.209627837 -0.015260258 0.999825537 0.010763906 -0.028204750 0.098328710 -0.009212375 0.995111406 3.035844564
0.994839847 0.016063573 -0.100178242 -0.212340966 -0.015784249 0.999868929 0.003580336 -0.028657047 0.100222617 -0.001980626 0.994963109 3.067136526
0.994759798 0.015465287 -0.101063371 -0.216098547 -0.015816730 0.999871254 -0.002677015 -0.028643528 0.101008967 0.004261478 0.994876385 3.096328974
0.994712472 0.016203940 -0.101412348 -0.219370127 -0.016664973 0.999854267 -0.003700486 -0.029077817 0.101337597 0.005370954 0.994837582 3.125763893
0.994640768 0.018684482 -0.101689391 -0.223279297 -0.018860994 0.999821782 -0.000774495 -0.029012844 0.101656795 0.002688307 0.994815886 3.155102968
0.994467795 0.019308951 -0.103252716 -0.225973368 -0.019215917 0.999813557 0.001895729 -0.030041154 0.103270084 0.000098854 0.994653285 3.181974411
0.994440615 0.016012581 -0.104075626 -0.229142338 -0.016252654 0.999866903 -0.001459035 -0.030486478 0.104038417 0.003142429 0.994568348 3.209348440
0.994551480 0.007760444 -0.103957787 -0.231589347 -0.008478422 0.999943137 -0.006466291 -0.031083619 0.103901692 0.007312457 0.994560659 3.235367775
0.994656026 0.003637128 -0.103180334 -0.233662665 -0.004824443 0.999924898 -0.011259958 -0.031675268 0.103131637 0.011697574 0.994598985 3.260181665
0.994994283 0.006086065 -0.099747695 -0.236656502 -0.007347649 0.999897420 -0.012285252 -0.031579986 0.099662699 0.012956662 0.994937122 3.285089970
0.995357215 0.011252293 -0.095589161 -0.239396036 -0.012115840 0.999890804 -0.008458348 -0.032732625 0.095483534 0.009577220 0.995384991 3.309475899
0.995771468 0.009652813 -0.091356613 -0.240932524 -0.010206518 0.999932230 -0.005595651 -0.033054963 0.091296405 0.006504425 0.995802522 3.332065821
0.996318102 0.005893419 -0.085531101 -0.242548734 -0.006020829 0.999981105 -0.001231769 -0.033750594 0.085522227 0.001742202 0.996334791 3.354983330
0.996984601 0.001108234 -0.077592053 -0.243753821 -0.000901048 0.999995887 0.002705144 -0.034709334 0.077594735 -0.002627072 0.996981561 3.377999306
0.997734368 0.005138615 -0.067080192 -0.244886830 -0.005002689 0.999985039 0.002194157 -0.034677383 0.067090467 -0.001853605 0.997745216 3.399484873
0.998599946 0.010469864 -0.051850677 -0.246247098 -0.010425056 0.999944925 0.001134568 -0.034703851 0.051859703 -0.000592433 0.998654246 3.421216488
0.999324322 0.015635801 -0.033264246 -0.247208685 -0.015583327 0.999876857 0.001836132 -0.035073951 0.033288859 -0.001316523 0.999445021 3.442170143
0.999833345 0.014092585 -0.011605157 -0.246470854 -0.014066324 0.999898314 0.002341260 -0.035257019 0.011636969 -0.002177628 0.999929965 3.461587906
0.999836206 0.010706659 0.014594367 -0.245193169 -0.010755103 0.999936879 0.003245003 -0.035558894 -0.014558704 -0.003401436 0.999888241 3.481511593
0.998965144 0.009763370 0.044422217 -0.243861958 -0.009982526 0.999939024 0.004714332 -0.035794850 -0.044373479 -0.005152900 0.999001801 3.500537157
0.996985435 0.008786059 0.077089503 -0.241393179 -0.009318281 0.999935091 0.006546946 -0.036372267 -0.077026971 -0.007245552 0.997002721 3.518450975
0.993328989 0.008957698 0.114966616 -0.238434643 -0.009844390 0.999925971 0.007147163 -0.036627408 -0.114894077 -0.008231261 0.993343711 3.537217855
0.987601459 0.008710582 0.156740397 -0.234495223 -0.009918090 0.999926865 0.006923402 -0.036891218 -0.156668648 -0.008392126 0.987615645 3.555467129
0.979564667 0.008388330 0.200954303 -0.229600728 -0.009942627 0.999927878 0.006726503 -0.036925714 -0.200883374 -0.008587056 0.979577482 3.571937561
0.968135953 0.010341276 0.250211626 -0.224274337 -0.012015648 0.999914348 0.005165189 -0.037625946 -0.250136793 -0.008007059 0.968177378 3.588662386
0.953104615 0.011503163 0.302422345 -0.217518091 -0.012782238 0.999915659 0.002250555 -0.037804678 -0.302370965 -0.006010648 0.953171432 3.604426861
0.933524907 0.012178311 0.358305693 -0.210092068 -0.013038713 0.999914944 -0.000014830 -0.037983626 -0.358275414 -0.004658001 0.933604360 3.619895220
0.909510911 0.012363677 0.415496111 -0.201807618 -0.013048601 0.999914110 -0.001190796 -0.038563620 -0.415475130 -0.004338601 0.909594297 3.634552479
0.880871117 0.013246487 0.473170787 -0.192159653 -0.013027349 0.999908090 -0.003740410 -0.038533155 -0.473176807 -0.002869343 0.880962849 3.648828506
0.847472787 0.011818551 0.530707181 -0.182601094 -0.010313193 0.999930024 -0.005798998 -0.038852103 -0.530738473 -0.000558794 0.847535491 3.661182404
0.811074734 0.011494640 0.584829450 -0.171379328 -0.009029575 0.999933779 -0.007130653 -0.039156988 -0.584872663 0.000502730 0.811125040 3.673486471
0.770902574 0.009999214 0.636874616 -0.159756303 -0.007996843 0.999949872 -0.006019907 -0.039632618 -0.636902928 -0.000452224 0.770943940 3.685564518
0.729086280 0.010077955 0.684347451 -0.147688389 -0.009356412 0.999944806 -0.004757475 -0.039634835 -0.684357703 -0.002934427 0.729140460 3.695251465
0.683806181 0.008766742 0.729610920 -0.134604096 -0.008037203 0.999957621 -0.004482500 -0.039881993 -0.729619443 -0.002798871 0.683847725 3.705427170
0.637668073 0.008295177 0.770266533 -0.120734930 -0.004460879 0.999964952 -0.007075893 -0.039693266 -0.770298302 0.001076005 0.637682855 3.714311123
0.590873539 0.004769968 0.806750059 -0.107232332 0.000511673 0.999980032 -0.006287211 -0.040774688 -0.806764007 0.004127739 0.590859354 3.721702337
0.544130862 0.007009165 0.838971019 -0.092791677 -0.001542178 0.999971628 -0.007354031 -0.041133240 -0.838998914 0.002707713 0.544126332 3.729268551
0.498357415 0.009159024 0.866923332 -0.077684045 -0.004960290 0.999957860 -0.007713071 -0.041816313 -0.866957605 -0.000456326 0.498381823 3.735527039
0.451142162 0.011831949 0.892373681 -0.063753009 -0.006103157 0.999929607 -0.010172560 -0.042072818 -0.892431259 -0.000857026 0.451182663 3.742406607
0.409001827 0.009949916 0.912479401 -0.048164845 0.001275604 0.999933362 -0.011475303 -0.042086899 -0.912532687 0.005857383 0.408961892 3.747220755
0.369785070 0.001684260 0.929115772 -0.031762719 0.016361028 0.999831438 -0.008324089 -0.042582721 -0.928973317 0.018279416 0.369695276 3.751107693
0.333955288 -0.001878823 0.942587078 -0.016662478 0.020092413 0.999785006 -0.005125837 -0.042755809 -0.942374766 0.020650646 0.333921254 3.755364418
0.300651670 0.001645119 0.953732669 -0.000505090 0.016805887 0.999834120 -0.007022477 -0.043530636 -0.953585982 0.018139642 0.300574183 3.759643316
0.269687593 0.010060020 0.962895334 0.015904725 0.007282717 0.999895513 -0.012486327 -0.043428667 -0.962920368 0.010379902 0.269586146 3.764400721
0.241844982 0.015036825 0.970198452 0.032769322 0.002936436 0.999863982 -0.016228581 -0.043723736 -0.970310509 0.006773726 0.241767958 3.767846823
0.215868026 0.015841041 0.976294100 0.050545633 0.003177877 0.999851644 -0.016925942 -0.044989266 -0.976417363 0.006756314 0.215785727 3.771081209
0.194113031 0.017680055 0.980819881 0.068585515 0.010328320 0.999745309 -0.020065269 -0.045232587 -0.980924845 0.014025152 0.193881020 3.772514343
0.172659338 0.023556635 0.984700024 0.087179661 0.018104808 0.999469101 -0.027084492 -0.045255333 -0.984815121 0.022504192 0.172141194 3.775368452
0.152740091 0.030513901 0.987795293 0.106369734 0.020620666 0.999207139 -0.034054942 -0.045104410 -0.988051236 0.025570555 0.151989773 3.777928114
0.135352716 0.031039087 0.990311205 0.126248896 0.017973343 0.999267757 -0.033776354 -0.045847595 -0.990634382 0.022370925 0.134695753 3.780319214
0.119448692 0.026920786 0.992475331 0.146869838 0.015906783 0.999452174 -0.029024478 -0.046722867 -0.992712975 0.019254023 0.118955046 3.782807350
0.105202481 0.023604795 0.994170666 0.168180794 0.015939200 0.999549806 -0.025419189 -0.047765769 -0.994323134 0.018520448 0.104778878 3.784653664
0.092575721 0.020525642 0.995494008 0.190020740 0.017535074 0.999598920 -0.022240942 -0.048744537 -0.995551288 0.019515036 0.092178665 3.785807610
0.080587611 0.020183431 0.996543109 0.212421089 0.022270288 0.999508858 -0.022044428 -0.049126096 -0.996498764 0.023969814 0.080098540 3.787330151
0.069891155 0.020582326 0.997342348 0.236098766 0.025790777 0.999415636 -0.022432465 -0.049743928 -0.997221291 0.027290065 0.069319487 3.788864851
0.062459484 0.021448398 0.997817039 0.259494692 0.026751567 0.999373794 -0.023156403 -0.050380338 -0.997688949 0.028139506 0.061846599 3.789785862
0.057421111 0.021814486 0.998111725 0.284192920 0.028655922 0.999313295 -0.023489313 -0.051047914 -0.997938752 0.029950595 0.056756567 3.790693998
0.051563412 0.022733739 0.998411000 0.309447110 0.030253604 0.999246418 -0.024315223 -0.051778547 -0.998211384 0.031459305 0.050836768 3.791869164
0.044901174 0.023677096 0.998710930 0.336034328 0.030960599 0.999205828 -0.025080791 -0.052470442 -0.998511612 0.032046840 0.044132464 3.793300629
0.041188713 0.023586521 0.998872995 0.363094687 0.032660026 0.999155283 -0.024939936 -0.053214110 -0.998617411 0.033650469 0.040383589 3.793708086
0.038601395 0.023416143 0.998980284 0.391110301 0.035109229 0.999076366 -0.024775039 -0.054279052 -0.998637676 0.036029790 0.037743617 3.794327259
0.035519116 0.022844642 0.999108016 0.419483125 0.036052015 0.999058664 -0.024125202 -0.055130653 -0.998718679 0.036876764 0.034662075 3.795260906
0.033068538 0.022385355 0.999202430 0.448804438 0.037691504 0.999009967 -0.023628445 -0.055776116 -0.998742163 0.038442805 0.032192063 3.796082497
0.032541145 0.021785369 0.999232948 0.480196267 0.042493571 0.998828351 -0.023160392 -0.056894392 -0.998566687 0.043214642 0.031577270 3.796680212
0.033307992 0.021329278 0.999217510 0.511247039 0.046057306 0.998677373 -0.022853024 -0.057736076 -0.998383343 0.046782464 0.032281566 3.797670603
0.035856258 0.021404743 0.999127746 0.543436289 0.047191516 0.998619020 -0.023087433 -0.058493607 -0.998242080 0.047978189 0.034796614 3.798644066
0.039722789 0.021256519 0.998984635 0.576413870 0.049967051 0.998480558 -0.023232639 -0.059678331 -0.997960687 0.050839178 0.038600311 3.799746752
0.044368885 0.020775255 0.998799205 0.610237598 0.050505701 0.998458624 -0.023011742 -0.060537212 -0.997737765 0.051466051 0.043251228 3.800994158
0.048356716 0.019205598 0.998645484 0.644819498 0.051795930 0.998421669 -0.021709368 -0.061474964 -0.997486234 0.052775573 0.047285616 3.802704334
0.052096665 0.017472347 0.998489141 0.679644525 0.051479671 0.998470664 -0.020157995 -0.062557355 -0.997314215 0.052452069 0.051117510 3.804625273
0.056003679 0.015642419 0.998308063 0.715224266 0.048212081 0.998668492 -0.018352700 -0.063309029 -0.997265935 0.049158331 0.055174954 3.807157278
0.060147453 0.014517276 0.998083889 0.751583338 0.047939651 0.998698354 -0.017415198 -0.064204380 -0.997037649 0.048895288 0.059373215 3.809717417
0.064132102 0.015177935 0.997826040 0.788166940 0.044688363 0.998837590 -0.018065525 -0.065616287 -0.996940315 0.045749787 0.063379273 3.812099695
0.067401208 0.019106524 0.997543037 0.824355364 0.042644951 0.998847723 -0.022012915 -0.066734925 -0.996814132 0.044023868 0.066508740 3.814543962
0.068472907 0.024530459 0.997351468 0.861310720 0.037412625 0.998931289 -0.027137872 -0.067790121 -0.996951222 0.039171744 0.067481972 3.818106651
0.068555325 0.027593261 0.997265637 0.898705244 0.033697847 0.998982966 -0.029957276 -0.069235519 -0.997077942 0.035659447 0.067555770 3.820696354
0.068328895 0.027374256 0.997287214 0.936364651 0.031914450 0.999051929 -0.029609302 -0.070463791 -0.997152150 0.033851054 0.067390472 3.824007511
0.068614759 0.025534758 0.997316420 0.973676205 0.028936416 0.999200761 -0.027573813 -0.072034575 -0.997223437 0.030750742 0.067821033 3.826550722
0.068123825 0.024456572 0.997377098 1.011096597 0.029014835 0.999228001 -0.026483763 -0.073500089 -0.997254848 0.030742913 0.067361623 3.829588413
0.068484887 0.023414589 0.997377336 1.048769236 0.027064314 0.999312937 -0.025318401 -0.075292826 -0.997285008 0.028727261 0.067804128 3.832736731
0.069365017 0.023151236 0.997322679 1.085685134 0.025570266 0.999360979 -0.024976993 -0.077179536 -0.997263670 0.027234333 0.068728700 3.834750891
0.068349294 0.024410672 0.997362852 1.122661948 0.022612160 0.999405921 -0.026010292 -0.077916116 -0.997405112 0.024330320 0.067756720 3.838682413
0.066881478 0.025781235 0.997427881 1.159863472 0.019797098 0.999435008 -0.027160592 -0.079261199 -0.997564495 0.021562718 0.066333294 3.841635466
0.064059846 0.025652619 0.997616351 1.197188139 0.016914988 0.999498069 -0.026787166 -0.080665365 -0.997802675 0.018590657 0.063593790 3.844256878
0.060289547 0.024251154 0.997886300 1.233821630 0.013976330 0.999586225 -0.025136875 -0.082346112 -0.998083055 0.015462280 0.059925664 3.846834660
0.055393014 0.022028200 0.998221695 1.270821571 0.011238763 0.999679506 -0.022684027 -0.083844706 -0.998401463 0.012475315 0.055127688 3.848969936
0.049078561 0.020017400 0.998594403 1.308574080 0.008687374 0.999752700 -0.020467581 -0.085190818 -0.998757124 0.009679681 0.048892520 3.851262331
0.041999307 0.020374736 0.998909891 1.344492435 0.008950213 0.999744236 -0.020768067 -0.086120583 -0.999077499 0.009812701 0.041806202 3.852901459
0.033014942 0.021322627 0.999227405 1.380091667 0.009707963 0.999718368 -0.021653861 -0.087340012 -0.999407709 0.010415364 0.032798648 3.854310513
0.022662107 0.022363005 0.999493003 1.417703748 0.010147148 0.999693096 -0.022597551 -0.088106140 -0.999691725 0.010654113 0.022428226 3.855518579
0.013116797 0.020675197 0.999700189 1.452869296 0.010642229 0.999726653 -0.020815382 -0.090226978 -0.999857366 0.010912070 0.012893183 3.855458021
0.002454305 0.019812590 0.999800622 1.489282727 0.009211948 0.999760807 -0.019834407 -0.091147214 -0.999954641 0.009258793 0.002271204 3.855250835
-0.009459222 0.019097960 0.999772787 1.525905371 0.011695956 0.999751270 -0.018986885 -0.092309609 -0.999886930 0.011513702 -0.009680239 3.855597734
-0.019985981 0.019175258 0.999616504 1.560587525 0.011512718 0.999754131 -0.018947721 -0.093993463 -0.999734044 0.011129612 -0.020201828 3.854719639
-0.030792445 0.019752728 0.999330580 1.596424937 0.011757511 0.999742687 -0.019398587 -0.095127821 -0.999456704 0.011152310 -0.031016763 3.853451014
-0.040560082 0.021017965 0.998955965 1.631788969 0.010818463 0.999729395 -0.020594981 -0.096371338 -0.999118686 0.009971837 -0.040776487 3.851070642
-0.051211454 0.022158593 0.998441994 1.667389393 0.011803459 0.999697387 -0.021581043 -0.097456113 -0.998618186 0.010679874 -0.051457506 3.849579334
-0.061913263 0.022839429 0.997820199 1.700587392 0.012403505 0.999678552 -0.022112343 -0.098316275 -0.998004496 0.011007421 -0.062176637 3.848695755
-0.071332678 0.023217745 0.997182369 1.734981060 0.013206656 0.999663413 -0.022330783 -0.099936187 -0.997365296 0.011576528 -0.071615301 3.845915794
-0.081189796 0.023581825 0.996419668 1.769689441 0.013660656 0.999652505 -0.022545239 -0.100590430 -0.996605098 0.011781302 -0.081483737 3.843829632
-0.089140676 0.023398025 0.995744348 1.801706076 0.015261613 0.999638617 -0.022123298 -0.101875871 -0.995902061 0.013224578 -0.089465551 3.840511799
-0.097035944 0.022228090 0.995032609 1.835400343 0.017276570 0.999637485 -0.020646140 -0.103199385 -0.995130837 0.015187335 -0.097384788 3.837598085
-0.102021337 0.021005057 0.994560480 1.868873835 0.019409886 0.999628603 -0.019121045 -0.104066990 -0.994592786 0.017353551 -0.102391154 3.834047794
-0.105813995 0.019114845 0.994202256 1.899692535 0.023028132 0.999594212 -0.016767604 -0.105272591 -0.994119227 0.021120377 -0.106211223 3.830555677
-0.109113805 0.018013615 0.993866086 1.930611730 0.024550684 0.999579668 -0.015421819 -0.106297806 -0.993726015 0.022717360 -0.109510168 3.827684879
-0.110688239 0.016788144 0.993713439 1.961807847 0.026021348 0.999563515 -0.013988499 -0.107936323 -0.993514478 0.024309400 -0.111076750 3.824292421
-0.111665837 0.017452983 0.993592560 1.992390871 0.025605133 0.999564350 -0.014680224 -0.108476222 -0.993415833 0.023801794 -0.112064071 3.821197987
-0.110686764 0.018280590 0.993687153 2.022459030 0.025935205 0.999543548 -0.015499403 -0.109585598 -0.993516803 0.024055906 -0.111110322 3.817736149
-0.108054899 0.020083390 0.993942082 2.051018715 0.027470054 0.999474525 -0.017208815 -0.110416986 -0.993765295 0.025444150 -0.108549803 3.814984083
-0.102623567 0.020455368 0.994509935 2.076200485 0.026251970 0.999495864 -0.017848983 -0.111549295 -0.994373798 0.024276117 -0.103108823 3.812005281
-0.094691686 0.021731203 0.995269418 2.103425741 0.027316226 0.999441862 -0.019223394 -0.111895025 -0.995131731 0.025366709 -0.095232449 3.810062408
-0.083579332 0.021096399 0.996277750 2.129930496 0.024571406 0.999515414 -0.019103630 -0.113492310 -0.996198177 0.022883274 -0.084057182 3.808435678
-0.069583155 0.021492962 0.997344613 2.154453039 0.024859814 0.999494731 -0.019804865 -0.114365816 -0.997266352 0.023415715 -0.070082299 3.806680441
-0.053072300 0.022352511 0.998340547 2.178379536 0.023105597 0.999509275 -0.021150373 -0.115973413 -0.998323262 0.021944754 -0.053562731 3.806663752
-0.031129617 0.025107965 0.999200046 2.201499224 0.021903777 0.999461353 -0.024432136 -0.116662219 -0.999275267 0.021125691 -0.031662814 3.805988789
-0.006483173 0.028488370 0.999573171 2.225113153 0.020359129 0.999390662 -0.028351121 -0.117200509 -0.999771714 0.020166632 -0.007059221 3.806441784
0.022077629 0.030251119 0.999298573 2.247751951 0.018629910 0.999356151 -0.030664453 -0.117927343 -0.999582708 0.019293835 0.021499835 3.807375431
0.054931574 0.030044209 0.998038113 2.270656586 0.016918773 0.999375701 -0.031015674 -0.118620068 -0.998346746 0.018589320 0.054388963 3.809895992
0.093749225 0.027602723 0.995213270 2.292098999 0.015678572 0.999450624 -0.029197179 -0.119818278 -0.995472372 0.018340729 0.093264960 3.812085629
0.136317804 0.023463730 0.990387321 2.313995361 0.013352464 0.999585092 -0.025519485 -0.121304989 -0.990575194 0.016702870 0.135947943 3.815565109
0.181679040 0.019643407 0.983161747 2.336306572 0.011484882 0.999689758 -0.022095935 -0.121759221 -0.983290792 0.015305864 0.181397080 3.820838451
0.229962364 0.016479000 0.973059952 2.357719421 0.006460418 0.999808669 -0.018458784 -0.122566491 -0.973178089 0.010531199 0.229811907 3.827466488
0.281784534 0.014500821 0.959368110 2.378385067 0.002827927 0.999868870 -0.015943605 -0.123706624 -0.959473491 0.007205684 0.281706572 3.834709883
0.336244196 0.014056107 0.941669941 2.399994850 0.001510721 0.999879301 -0.015464423 -0.124377780 -0.941773653 0.006622422 0.336182356 3.843884468
0.394060344 0.015888551 0.918947339 2.417416811 0.004004557 0.999811351 -0.019003913 -0.124156222 -0.919075847 0.011168663 0.393922478 3.852585793
0.454499543 0.019706903 0.890528977 2.436483145 0.005077515 0.999681711 -0.024713803 -0.124663308 -0.890732527 0.015754085 0.454254836 3.863449097
0.513148665 0.022672743 0.858000219 2.452450752 0.006355437 0.999523222 -0.030213531 -0.125326544 -0.858276248 0.020957001 0.512759924 3.875091553
0.571847856 0.027244927 0.819907129 2.468953133 0.002496825 0.999386013 -0.034950301 -0.125733986 -0.820356011 0.022033419 0.571428716 3.887947559
0.626653731 0.029622920 0.778734624 2.484405756 -0.001946069 0.999333620 -0.036448449 -0.126748592 -0.779295325 0.021325085 0.626293838 3.903035164
0.678506970 0.032177009 0.733888984 2.498955011 -0.004286673 0.999196649 -0.039846104 -0.126725644 -0.734581590 0.023889922 0.678099751 3.919546127
0.727862775 0.027854109 0.685156822 2.511385918 -0.004029376 0.999331117 -0.036345895 -0.128728449 -0.685711026 0.023694070 0.727488101 3.934629679
0.772501171 0.025835920 0.634487510 2.523392677 -0.006387806 0.999437511 -0.032919168 -0.128506765 -0.634981215 0.021377109 0.772231698 3.952684402
0.813502133 0.019300768 0.581241727 2.533984661 -0.006548680 0.999689758 -0.024030311 -0.130034745 -0.581525087 0.015742339 0.813376248 3.970042229
0.849752486 0.017202320 0.526901126 2.543429136 -0.008911805 0.999793231 -0.018268960 -0.130402356 -0.527106464 0.010828451 0.849730194 3.988904953
0.880683899 0.013537052 0.473511040 2.551866055 -0.009510136 0.999895334 -0.010897770 -0.130964711 -0.473609030 0.005094337 0.880720496 4.008388042
0.906059623 0.013841091 0.422923505 2.559095860 -0.012845179 0.999903917 -0.005204869 -0.131615520 -0.422954947 -0.000716605 0.906150520 4.028279305
0.926027954 0.015679553 0.377129346 2.565590143 -0.016228098 0.999866843 -0.001722997 -0.132130951 -0.377106071 -0.004524550 0.926159024 4.048442364
0.941098392 0.021461161 0.337451428 2.571074724 -0.023142029 0.999731660 0.000958717 -0.132425666 -0.337340355 -0.008711559 0.941342533 4.069515705
0.952813268 0.025394903 0.302493125 2.576527357 -0.026654834 0.999644578 0.000037015 -0.132514670 -0.302384704 -0.008098171 0.953151643 4.092007160
0.962119162 0.027655190 0.271222830 2.581423283 -0.028742373 0.999586821 0.000036225 -0.132500544 -0.271109879 -0.007830443 0.962516606 4.112522125
0.968014300 0.021939706 0.249934047 2.586815357 -0.022638891 0.999743700 -0.000077279 -0.132593691 -0.249871746 -0.005583423 0.968262970 4.136197090
0.972097397 0.018645972 0.233835071 2.591647148 -0.019372856 0.999812007 0.000811853 -0.132949173 -0.233775973 -0.005319253 0.972275853 4.157660007
0.974711895 0.022019090 0.222377762 2.595771074 -0.022603668 0.999744534 0.000083632 -0.132732794 -0.222319126 -0.005108069 0.974960566 4.182403564
0.976963580 0.027592331 0.211615473 2.600338936 -0.028392680 0.999596477 0.000743823 -0.132875457 -0.211509570 -0.006735015 0.977352738 4.204492569
0.977938294 0.035104789 0.205923036 2.604898453 -0.035754006 0.999360383 -0.000568776 -0.132973596 -0.205811292 -0.006806346 0.978568017 4.230049610
0.978374004 0.040973235 0.202744886 2.609007835 -0.040980894 0.999151230 -0.004161997 -0.133236021 -0.202743351 -0.004236676 0.979222715 4.253069878
0.978440583 0.042225927 0.202165902 2.614297390 -0.041647375 0.999107003 -0.007116642 -0.133411288 -0.202285871 -0.001456467 0.979325414 4.279896259
0.977799177 0.040590275 0.205575377 2.619378090 -0.039144259 0.999171913 -0.011097817 -0.133691296 -0.205855593 0.002804341 0.978578269 4.307524681
0.977215648 0.040311221 0.208385840 2.625075579 -0.037685942 0.999152482 -0.016554695 -0.134713247 -0.208876565 0.008324291 0.977906585 4.329264641
0.976274729 0.040326834 0.212747604 2.630968094 -0.036693111 0.999105871 -0.021002458 -0.135279328 -0.213404328 0.012697797 0.976881444 4.358245850
0.975141585 0.045193575 0.216925114 2.636432409 -0.041596252 0.998911083 -0.021123119 -0.135479301 -0.217643574 0.011574760 0.975959718 4.383118153
0.973560572 0.048627127 0.223193601 2.642563820 -0.045887638 0.998794198 -0.017447207 -0.136039108 -0.223772869 0.006744084 0.974618018 4.413486004
0.972727478 0.045353197 0.227473885 2.650020361 -0.043491963 0.998966694 -0.013190541 -0.136525929 -0.227837071 0.002937516 0.973694801 4.442641258
0.972012937 0.041319877 0.231265217 2.656286716 -0.040854085 0.999141872 -0.006804865 -0.137529671 -0.231347993 -0.002833711 0.972866952 4.468374729
0.971171260 0.038221620 0.235299036 2.663778543 -0.038736742 0.999246359 -0.002434396 -0.137976229 -0.235214800 -0.006750503 0.971920013 4.499768734
0.970535517 0.033956673 0.238553524 2.671526670 -0.034442808 0.999404371 -0.002131511 -0.138200581 -0.238483831 -0.006147745 0.971127033 4.531966686
0.970764279 0.030742586 0.238058433 2.678530693 -0.030492498 0.999523759 -0.004733816 -0.138763249 -0.238090634 -0.002663577 0.971239269 4.557077408
0.970889747 0.029984348 0.237642854 2.686822891 -0.027924759 0.999537587 -0.012029063 -0.139074758 -0.237893656 0.005042773 0.971278131 4.589969635
0.970933914 0.032807287 0.237088844 2.694186687 -0.029192703 0.999398112 -0.018741302 -0.139552712 -0.237560987 0.011275298 0.971307218 4.622813702
0.971551359 0.035152119 0.234205514 2.700473309 -0.030827181 0.999280274 -0.022102924 -0.140350223 -0.234813958 0.014254231 0.971935809 4.649493217
0.972209752 0.033595260 0.231688440 2.708812714 -0.030214500 0.999379039 -0.018125916 -0.140731722 -0.232153550 0.010621840 0.972621143 4.684627533
0.972506702 0.028924327 0.231071204 2.716597557 -0.027261144 0.999574304 -0.010387992 -0.141898274 -0.231273323 0.003803125 0.972881317 4.720976830
0.973204255 0.030068280 0.227967873 2.723798037 -0.029824957 0.999544919 -0.004513022 -0.142335609 -0.227999821 -0.002407039 0.973658204 4.749389648
0.973418057 0.033913668 0.226510733 2.731714249 -0.033622816 0.999421299 -0.005143160 -0.143141538 -0.226554096 -0.002609486 0.973995090 4.786496639
0.973546386 0.039830342 0.224990934 2.739050388 -0.038617212 0.999206007 -0.009791827 -0.143493310 -0.225202352 0.000844274 0.974311650 4.824135780
0.974573076 0.040463351 0.220386520 2.746005535 -0.038093261 0.999161601 -0.014995307 -0.144146591 -0.220808476 0.006218780 0.975297391 4.852694988
0.975606799 0.038754113 0.216077670 2.754525661 -0.035599049 0.999195337 -0.018475965 -0.144326210 -0.216619775 0.010333116 0.976201415 4.890574455
0.976446748 0.036047138 0.212726608 2.762561798 -0.033198532 0.999305010 -0.016948903 -0.145288631 -0.213189691 0.009487489 0.976964831 4.930145264
0.977333784 0.032555424 0.209186405 2.771123886 -0.030083038 0.999435008 -0.014990715 -0.146185398 -0.209556192 0.008357969 0.977760911 4.968822479
0.977735758 0.031521317 0.207458973 2.776966810 -0.029835509 0.999491513 -0.011250596 -0.147523820 -0.207708150 0.004810465 0.978178978 4.997169971
0.978111744 0.028126232 0.206171051 2.785608768 -0.026893899 0.999599814 -0.008777862 -0.148462772 -0.206335425 0.003040986 0.978476584 5.037335396
0.978241205 0.023742650 0.206107944 2.794075489 -0.022605974 0.999713480 -0.007868455 -0.148851335 -0.206235737 0.003037976 0.978497565 5.077505589
0.978418052 0.023774460 0.205263183 2.802951336 -0.022931904 0.999716043 -0.006483003 -0.149264708 -0.205359042 0.001636012 0.978685319 5.118252277
0.978258073 0.029286746 0.205312878 2.811370850 -0.028154347 0.999568105 -0.008435290 -0.150313526 -0.205471262 0.002471442 0.978659928 5.159107208
0.977912366 0.034879800 0.206084341 2.815479517 -0.033210211 0.999381542 -0.011556195 -0.150695994 -0.206360012 0.004456843 0.978465974 5.184924126
0.977351964 0.043391127 0.207124248 2.823593140 -0.041478828 0.999047160 -0.013568506 -0.151102304 -0.207515642 0.004669935 0.978220582 5.227223396
0.976413429 0.049356978 0.210192114 2.831895828 -0.047668975 0.998777330 -0.013092771 -0.151824206 -0.210581362 0.002764314 0.977572441 5.268281937
0.975733340 0.052228797 0.212642089 2.840832710 -0.051027756 0.998635113 -0.011136171 -0.152969152 -0.212933496 0.000015284 0.977066636 5.309885979
0.975219429 0.052722570 0.214866385 2.847304344 -0.051458471 0.998609185 -0.011476654 -0.154102981 -0.215172663 0.000135559 0.976575971 5.338757992
0.974860013 0.051492363 0.216787145 2.856275797 -0.049630512 0.998669088 -0.014027748 -0.155118853 -0.217220947 0.002915832 0.976118147 5.380450249
0.974949241 0.044874541 0.217854142 2.866599083 -0.043130349 0.998988032 -0.012757303 -0.156181365 -0.218206167 0.003041595 0.975897908 5.422820568
0.975231111 0.038299896 0.217847466 2.876634121 -0.035970934 0.999245465 -0.014647995 -0.157086655 -0.218244106 0.006449004 0.975872934 5.464799404
0.974835753 0.037467599 0.219753265 2.882141590 -0.035157714 0.999277830 -0.014414097 -0.158119738 -0.220134586 0.006325352 0.975448966 5.493914127
0.974333286 0.040016875 0.221525073 2.891283989 -0.038317807 0.999194026 -0.011963910 -0.158848643 -0.221825287 0.003168480 0.975081265 5.536564827
0.974039674 0.042280126 0.222394526 2.901000977 -0.041971724 0.999100149 -0.006115065 -0.159721866 -0.222452939 -0.003377966 0.974937618 5.577599049
0.973649442 0.045286220 0.223508358 2.909813404 -0.045949519 0.998941362 -0.002235048 -0.160428360 -0.223372936 -0.008093944 0.974699438 5.619558334
0.973395109 0.044653658 0.224740222 2.918729782 -0.043818276 0.999001622 -0.008706000 -0.161500067 -0.224904567 -0.001373352 0.974379838 5.661037922
0.973671854 0.040584061 0.224312633 2.924834490 -0.036505066 0.999084532 -0.022303494 -0.162716031 -0.225012422 0.013527740 0.974262118 5.685269833
0.974010229 0.039215453 0.223084092 2.935353756 -0.033182677 0.998976827 -0.030728605 -0.164530203 -0.224060833 0.022527445 0.974314868 5.726743221
0.974260092 0.036103714 0.222516954 2.944748878 -0.032105930 0.999251902 -0.021558708 -0.165700138 -0.223128840 0.013859676 0.974690497 5.768494606
0.974563897 0.029892223 0.222107515 2.954526424 -0.030411888 0.999536872 -0.001080759 -0.166666344 -0.222036928 -0.005701438 0.975021660 5.812068462
0.974710822 0.026586348 0.221883386 2.963523626 -0.030461550 0.999437034 0.014060611 -0.167933673 -0.221384645 -0.020463940 0.974971831 5.854741096
0.974853575 0.030533103 0.220744431 2.967844009 -0.033142399 0.999417543 0.008125586 -0.167502329 -0.220367759 -0.015237257 0.975297987 5.876578808
