0.999966502 -0.001581482 -0.008050794 0.000021695 0.001551497 0.999991834 -0.003729359 -0.000362755 0.008056627 0.003716742 0.999960601 0.062926218
0.999929726 -0.001545110 -0.011754944 -0.000678627 0.001484013 0.999985337 -0.005204542 -0.000514170 0.011762815 0.005186730 0.999917328 0.095277771
0.999863684 -0.000163711 -0.016508771 -0.001440364 0.000062663 0.999981344 -0.006121148 -0.000531336 0.016509466 0.006119279 0.999844968 0.127360836
0.999793530 -0.001039492 -0.020296900 -0.003020048 0.000915216 0.999980807 -0.006131283 -0.001029882 0.020302884 0.006111440 0.999775171 0.162753850
0.999692500 0.000436540 -0.024793999 -0.004132371 -0.000609794 0.999975502 -0.006980601 -0.001756965 0.024790343 0.006993573 0.999668181 0.197322667
0.999526024 0.003233962 -0.030615499 -0.004966092 -0.003479195 0.999962270 -0.007960215 -0.001880264 0.030588597 0.008062958 0.999499500 0.232444867
0.999399245 0.003711681 -0.034458674 -0.006676289 -0.003937157 0.999971271 -0.006477824 -0.002108198 0.034433637 0.006609602 0.999385118 0.267832279
0.999210775 0.002527424 -0.039642699 -0.007634953 -0.002657419 0.999991298 -0.003226802 -0.002826772 0.039634187 0.003329603 0.999208689 0.305487007
0.999105275 0.002639851 -0.042210121 -0.010050390 -0.002660220 0.999996483 -0.000426401 -0.003225850 0.042208832 0.000538307 0.999108613 0.340867847
0.998986244 0.004234329 -0.044818383 -0.012087117 -0.004285180 0.999990225 -0.001038561 -0.003938092 0.044813551 0.001229563 0.998994589 0.379184514
0.998921335 0.003610558 -0.046295058 -0.014586920 -0.003678444 0.999992311 -0.001381266 -0.004019815 0.046289705 0.001550070 0.998926938 0.415730149
0.998802722 0.000708392 -0.048915572 -0.015689459 -0.000808866 0.999997616 -0.002034260 -0.004253905 0.048914015 0.002071390 0.998800814 0.454808205
0.998686910 0.000223469 -0.051230617 -0.017460428 -0.000297576 0.999998927 -0.001438923 -0.004378271 0.051230248 0.001452279 0.998685777 0.492551327
0.998642445 -0.001319334 -0.052071802 -0.020121757 0.001241025 0.999998152 -0.001536172 -0.004766780 0.052073728 0.001469464 0.998642147 0.532373548
0.998541772 0.000821431 -0.053979211 -0.022432465 -0.000961031 0.999996424 -0.002560270 -0.005982196 0.053976905 0.002608411 0.998538733 0.570826590
0.998479664 0.001251105 -0.055107921 -0.025130888 -0.001611676 0.999977708 -0.006499036 -0.005699167 0.055098556 0.006577971 0.998459220 0.611881852
0.998392463 0.005092079 -0.056451008 -0.027985381 -0.005511459 0.999958336 -0.007275896 -0.006701607 0.056411609 0.007575325 0.998378813 0.650898337
0.998287261 0.006215838 -0.058171138 -0.030121533 -0.006677244 0.999947727 -0.007740874 -0.006830247 0.058119975 0.008116039 0.998276591 0.692723870
0.998175263 0.005397848 -0.060140420 -0.032193333 -0.005811048 0.999960721 -0.006697836 -0.007200321 0.060101889 0.007035094 0.998167455 0.732966423
0.998133540 0.005644289 -0.060808048 -0.035519317 -0.005941751 0.999971271 -0.004712109 -0.008051910 0.060779713 0.005064620 0.998138249 0.774273813
0.998094738 0.005042752 -0.061493624 -0.038313899 -0.005280522 0.999979138 -0.003704661 -0.009164267 0.061473664 0.004022321 0.998100519 0.814541578
0.997935593 0.004721094 -0.064049296 -0.040205482 -0.005028629 0.999976635 -0.004641179 -0.009546856 0.064025894 0.004953678 0.997935832 0.854895234
0.997906387 0.003749511 -0.064566061 -0.043607753 -0.004152458 0.999972761 -0.006107782 -0.009937027 0.064541385 0.006363102 0.997894704 0.898276329
0.997920096 0.004213505 -0.064325400 -0.046910863 -0.004537649 0.999977767 -0.004893869 -0.010337895 0.064303361 0.005175577 0.997916937 0.939291120
0.997877359 0.004886664 -0.064937808 -0.049421713 -0.004985096 0.999986649 -0.001353848 -0.010721520 0.064930320 0.001674696 0.997888386 0.982445180
0.997915149 0.005536792 -0.064302117 -0.052447792 -0.005365520 0.999981582 0.002835932 -0.011508040 0.064316623 -0.002485005 0.997926414 1.024229884
0.998021960 0.004538772 -0.062701456 -0.055004131 -0.004212481 0.999976873 0.005335068 -0.011593699 0.062724225 -0.005060386 0.998018026 1.066891909
0.998132110 0.004539634 -0.060923506 -0.058067810 -0.004196407 0.999974608 0.005760507 -0.011561113 0.060948104 -0.005494086 0.998125851 1.109415412
0.998215377 0.004620808 -0.059537802 -0.060519774 -0.004418213 0.999984026 0.003533980 -0.012260238 0.059553176 -0.003264622 0.998219728 1.151749969
0.998267055 0.005499595 -0.058589216 -0.063170418 -0.005596113 0.999983311 -0.001483428 -0.012373996 0.058580074 0.001808729 0.998280942 1.193889976
0.998334885 0.005299002 -0.057440035 -0.065713786 -0.005563568 0.999974668 -0.004447006 -0.012855648 0.057415001 0.004759172 0.998339057 1.237650037
0.998409271 0.003029380 -0.056300431 -0.068309441 -0.003229164 0.999988854 -0.003457887 -0.013271624 0.056289319 0.003634190 0.998407841 1.280012608
0.998370409 0.001554746 -0.057045236 -0.070428893 -0.001460388 0.999997556 0.001695742 -0.014047755 0.057047728 -0.001609670 0.998370051 1.324833870
0.998328269 -0.002504973 -0.057743918 -0.072741762 0.002786785 0.999984682 0.004800365 -0.014254392 0.057730988 -0.004953260 0.998319745 1.367542744
0.998220205 -0.009622830 -0.058854520 -0.074971102 0.009897485 0.999941409 0.004376919 -0.014892386 0.058808949 -0.004951640 0.998256922 1.412093043
0.998126686 -0.011333025 -0.060122617 -0.077345848 0.011384702 0.999935031 0.000517006 -0.015351443 0.060112853 -0.001200515 0.998190761 1.454808593
0.998019934 -0.011613774 -0.061817415 -0.080341376 0.011429019 0.999929070 -0.003341520 -0.015637049 0.061851837 0.002628392 0.998081982 1.499959230
0.997908890 -0.010265691 -0.063817509 -0.083345838 0.009996465 0.999939680 -0.004536569 -0.015900342 0.063860245 0.003889133 0.997951269 1.543917894
0.997866869 -0.010206126 -0.064479761 -0.086631268 0.010026725 0.999944985 -0.003105273 -0.016323969 0.064507902 0.002452128 0.997914076 1.588717699
0.997838318 -0.006990598 -0.065344431 -0.089973323 0.006989849 0.999975681 -0.000240074 -0.016930232 0.065344490 -0.000217193 0.997862637 1.633166909
0.997718573 -0.007045353 -0.067141570 -0.092649736 0.007115643 0.999974430 0.000807795 -0.017218817 0.067134157 -0.001283707 0.997743070 1.678746700
0.997641206 -0.006276801 -0.068356156 -0.095461033 0.006507158 0.999973953 0.003147806 -0.017349651 0.068334624 -0.003585185 0.997656047 1.723307848
0.997662783 -0.006331191 -0.068035685 -0.098729432 0.006797817 0.999955058 0.006629213 -0.018081840 0.067990638 -0.007076212 0.997660756 1.766748548
0.997682750 0.000443784 -0.068034619 -0.102982312 0.000161172 0.999960423 0.008886136 -0.018562706 0.068035848 -0.008876509 0.997643352 1.813013554
0.997653425 0.000850314 -0.068460271 -0.105870038 -0.000308800 0.999968469 0.007920096 -0.018777877 0.068464845 -0.007880368 0.997622371 1.856781602
0.997683585 0.000635602 -0.068022780 -0.109539010 -0.000186760 0.999978185 0.006604562 -0.019170998 0.068025507 -0.006576557 0.997661829 1.901963115
0.997706294 0.003084639 -0.067621775 -0.112521775 -0.002777598 0.999985456 0.004634115 -0.019603848 0.067635097 -0.004435658 0.997700155 1.945298314
0.997596800 0.002553559 -0.069240451 -0.115772292 -0.002254397 0.999987781 0.004398429 -0.019737311 0.069250852 -0.004231762 0.997590244 1.990507245
0.997494519 0.000723343 -0.070741363 -0.118535221 -0.000360110 0.999986649 0.005147277 -0.019775182 0.070744142 -0.005108906 0.997481346 2.034366608
0.997426748 0.000707733 -0.071689963 -0.121627726 -0.000210102 0.999975920 0.006948730 -0.020438708 0.071693145 -0.006915787 0.997402668 2.078167677
0.997394681 0.003166429 -0.072068617 -0.125037193 -0.002907214 0.999988973 0.003701405 -0.021131013 0.072079532 -0.003482242 0.997392714 2.121496677
0.997333586 0.004171903 -0.072858118 -0.129005358 -0.004254867 0.999990523 -0.000983541 -0.021352511 0.072853327 0.001290920 0.997341752 2.165759087
0.997291684 0.005224679 -0.073363505 -0.131779939 -0.005421968 0.999982238 -0.002490291 -0.021561243 0.073349178 0.002881321 0.997302115 2.207858801
0.997297287 0.003698170 -0.073378697 -0.135032579 -0.003616102 0.999992669 0.001251223 -0.022331750 0.073382787 -0.000982496 0.997303307 2.250864744
0.997262776 0.002484504 -0.073896669 -0.138025045 -0.002181936 0.999988914 0.004174927 -0.022771239 0.073906220 -0.004002262 0.997257113 2.293572903
0.997285306 0.000185279 -0.073634446 -0.141540721 0.000180943 0.999987662 0.004966807 -0.023274932 0.073634453 -0.004966646 0.997272909 2.336604357
0.997235835 -0.003733737 -0.074206494 -0.144375458 0.003982509 0.999986947 0.003204758 -0.023276741 0.074193552 -0.003491427 0.997237742 2.378851891
0.997232735 -0.006215211 -0.074083500 -0.148256809 0.006404190 0.999976814 0.002313627 -0.023802936 0.074067391 -0.002781668 0.997249305 2.421995401
0.997152269 -0.007262197 -0.075064227 -0.150715366 0.007554670 0.999964952 0.003613082 -0.024426939 0.075035349 -0.004169879 0.997172117 2.462914944
0.997060537 -0.010398902 -0.075908244 -0.154192209 0.010962585 0.999915302 0.007012958 -0.024096863 0.075828858 -0.007824495 0.997090161 2.504822969
0.996982694 -0.011216887 -0.076810583 -0.157158345 0.012213264 0.999847054 0.012514402 -0.024742357 0.076658480 -0.013414750 0.996967137 2.547653437
0.996967316 -0.009571102 -0.077232048 -0.160705686 0.010720274 0.999837697 0.014478588 -0.024929971 0.077080943 -0.015262626 0.996907949 2.589064837
0.996867537 -0.008489953 -0.078631729 -0.164424509 0.009361282 0.999898732 0.010719153 -0.025086135 0.078532740 -0.011421668 0.996846080 2.631125689
0.996810555 -0.007133486 -0.079484887 -0.168407142 0.007383114 0.999968708 0.002847114 -0.025279878 0.079462066 -0.003424877 0.996832073 2.671554089
0.996742427 -0.005491965 -0.080464199 -0.171784490 0.005353794 0.999983788 -0.001932810 -0.025552157 0.080473490 0.001495725 0.996755600 2.711631775
0.996673048 -0.000350263 -0.081503764 -0.175335675 0.000269887 0.999999523 -0.000997186 -0.026074670 0.081504084 0.000971872 0.996672511 2.752528429
0.996581614 0.002282940 -0.082582980 -0.178827167 -0.002150133 0.999996305 0.001697063 -0.026970599 0.082586549 -0.001513697 0.996582747 2.791924477
0.996481419 0.005178677 -0.083653897 -0.182010204 -0.004915241 0.999982417 0.003354774 -0.027946774 0.083669797 -0.002931790 0.996489227 2.830357552
0.996388316 0.005544300 -0.084731922 -0.185986206 -0.005292572 0.999980927 0.003195217 -0.028511878 0.084748015 -0.002735226 0.996398568 2.869255066
0.996240914 0.007521121 -0.086297609 -0.189532474 -0.007249314 0.999967754 0.003462591 -0.028402280 0.086320847 -0.002823977 0.996263385 2.906900406
0.996121228 0.009967064 -0.087424852 -0.193286523 -0.009601059 0.999943316 0.004606015 -0.029766683 0.087465793 -0.003748777 0.996160388 2.944506645
0.996021450 0.008065900 -0.088747434 -0.196739301 -0.007659958 0.999958575 0.004913734 -0.029659400 0.088783383 -0.004214384 0.996042013 2.980221748
0.995948613 0.007955525 -0.089571305 -0.200462967 -0.007451151 0.999954402 0.005963945 -0.029805396 0.089614652 -0.005272374 0.995962560 3.016239166
0.995768189 0.010786849 -0.091265179 -0.203381717 -0.010021596 0.999910712 0.008839076 -0.030562151 0.091352373 -0.007887048 0.995787382 3.051980019
0.995639801 0.012822532 -0.092395395 -0.207215667 -0.011661602 0.999846220 0.013093783 -0.031186204 0.092549086 -0.011959214 0.995636225 3.086840868
0.995418131 0.015209850 -0.094400391 -0.210361451 -0.013898698 0.999797821 0.014531277 -0.030866116 0.094602317 -0.013152654 0.995428264 3.121221304
0.995240331 0.018484510 -0.095681801 -0.213824868 -0.017530020 0.999787986 0.010806713 -0.031425122 0.095861271 -0.009077972 0.995353281 3.153942585
0.995044410 0.018635090 -0.097669907 -0.216157362 -0.018398488 0.999825180 0.003322642 -0.031616971 0.097714745 -0.001509199 0.995213330 3.185120821
0.995038331 0.017560968 -0.097930022 -0.221000001 -0.017982135 0.999832451 -0.003419672 -0.031085374 0.097853586 0.005163698 0.995187461 3.216921329
0.995028257 0.018000932 -0.097951829 -0.224953070 -0.018492984 0.999820709 -0.004117789 -0.031927973 0.097860120 0.005908741 0.995182514 3.247858524
0.994914353 0.020830601 -0.098546073 -0.228277460 -0.021035310 0.999778271 -0.001038622 -0.031943642 0.098502576 0.003106289 0.995131850 3.277575254
0.994811893 0.021646939 -0.099401273 -0.231792688 -0.021617798 0.999765575 0.001370364 -0.032832023 0.099407598 0.000785584 0.995046318 3.306373119
0.994758248 0.018131055 -0.100634031 -0.234174848 -0.018441260 0.999827683 -0.002153002 -0.033115827 0.100577638 0.003997536 0.994921029 3.334095001
0.994822681 0.009881853 -0.101144373 -0.236460477 -0.010656165 0.999917924 -0.007118057 -0.033863716 0.101065733 0.008159015 0.994846225 3.361990690
0.994993329 0.005875025 -0.099768803 -0.239457130 -0.007085451 0.999905467 -0.011782307 -0.034427233 0.099690147 0.012430223 0.994940817 3.388180733
0.995268881 0.008158157 -0.096816495 -0.241869658 -0.009382314 0.999881625 -0.012195558 -0.034793604 0.096705548 0.013046222 0.995227516 3.413541317
0.995625556 0.012946269 -0.092531785 -0.244754359 -0.013898284 0.999856830 -0.009651490 -0.035206016 0.092393599 0.010895304 0.995662868 3.438963652
0.995999634 0.011616511 -0.088599429 -0.246118098 -0.012208923 0.999906540 -0.006147417 -0.036077183 0.088519722 0.007204528 0.996048331 3.463324070
0.996511877 0.008182743 -0.083049409 -0.247622460 -0.008347763 0.999963820 -0.001639980 -0.036949925 0.083032966 0.002327536 0.996544063 3.487300873
0.997198343 0.003630737 -0.074715525 -0.248897523 -0.003469806 0.999991357 0.002283620 -0.037774958 0.074723154 -0.002017975 0.997202277 3.510628223
0.997916520 0.007138264 -0.064123079 -0.250319004 -0.007074030 0.999974251 0.001228706 -0.037540916 0.064130187 -0.000772537 0.997941196 3.533762217
0.998739123 0.012235847 -0.048688095 -0.251602918 -0.012189286 0.999924958 0.001253158 -0.038227923 0.048699766 -0.000658105 0.998813272 3.555900574
0.999386728 0.017384863 -0.030398741 -0.252256155 -0.017364692 0.999848783 0.000927426 -0.037985407 0.030410260 -0.000398993 0.999537408 3.577765703
0.999840379 0.015954083 -0.008045286 -0.252076030 -0.015942538 0.999871790 0.001496944 -0.038232829 0.008068133 -0.001368443 0.999966443 3.598797083
0.999764383 0.012561768 0.017702693 -0.250473857 -0.012604891 0.999917865 0.002326448 -0.038624328 -0.017672013 -0.002549040 0.999840498 3.619297981
0.998794794 0.011463070 0.047724068 -0.248909190 -0.011691758 0.999921501 0.004515510 -0.039413966 -0.047668546 -0.005068046 0.998850286 3.639362812
0.996666729 0.010844382 0.080855362 -0.246636480 -0.011347502 0.999918997 0.005765569 -0.039586246 -0.080786280 -0.006663857 0.996709108 3.658669472
0.992941797 0.011098360 0.118081458 -0.243098617 -0.011866462 0.999912798 0.005803774 -0.039642829 -0.118006736 -0.007164019 0.992986977 3.677953243
0.987147093 0.010702676 0.159455657 -0.239042044 -0.011751347 0.999915063 0.005635043 -0.039902240 -0.159381807 -0.007436436 0.987188935 3.696164131
0.978703976 0.010385352 0.205013573 -0.234374285 -0.011885214 0.999910891 0.006085846 -0.040443603 -0.204932064 -0.008392871 0.978740215 3.714271545
0.967343807 0.012095805 0.253179401 -0.228201926 -0.013596524 0.999898851 0.004178578 -0.041004114 -0.253103226 -0.007484480 0.967410326 3.731507063
0.951651454 0.013437998 0.306886315 -0.221762657 -0.014459068 0.999894917 0.001053814 -0.041305088 -0.306839943 -0.005440154 0.951745510 3.748636007
0.931819499 0.013645268 0.362665832 -0.213947177 -0.014138711 0.999899209 -0.001293672 -0.041497733 -0.362646937 -0.003922158 0.931918323 3.764865398
0.907682121 0.014257208 0.419416130 -0.205440283 -0.014545403 0.999891043 -0.002510758 -0.042074390 -0.419406176 -0.003821606 0.907790661 3.779281139
0.878688395 0.014537071 0.477174431 -0.195340276 -0.013804073 0.999891937 -0.005042225 -0.042206611 -0.477196336 -0.002156407 0.878794134 3.794314384
0.845239162 0.013548343 0.534216464 -0.184683800 -0.011307445 0.999908149 -0.007468140 -0.042434797 -0.534268677 0.000271740 0.845314741 3.807770729
0.807881355 0.013189115 0.589197516 -0.173776388 -0.010050604 0.999912441 -0.008601976 -0.042983171 -0.589259446 0.001027586 0.807943225 3.820426702
0.768472433 0.011587732 0.639778018 -0.160810351 -0.008802107 0.999932885 -0.007538206 -0.043428373 -0.639822364 0.000161509 0.768522739 3.832606316
0.725321293 0.011076295 0.688321531 -0.147769928 -0.010697860 0.999931157 -0.004817734 -0.044125438 -0.688327432 -0.003869161 0.725389838 3.844333172
0.679177284 0.010241379 0.733902872 -0.134553909 -0.009150065 0.999943137 -0.005486124 -0.044003926 -0.733917236 -0.002989206 0.679232359 3.854928493
0.633890450 0.008635201 0.773374617 -0.120132089 -0.005282896 0.999962687 -0.006835110 -0.044383898 -0.773404658 0.000247054 0.633912444 3.862961292
0.586813390 0.006277015 0.809697866 -0.105112433 0.000746531 0.999965310 -0.008293059 -0.044523925 -0.809721768 0.005470944 0.586788416 3.871507406
0.540667832 0.008066308 0.841197550 -0.090369701 -0.001722162 0.999962568 -0.008481822 -0.045353696 -0.841234326 0.003137170 0.540661454 3.878531218
0.492166549 0.011143527 0.870429695 -0.075322747 -0.005226529 0.999937892 -0.009846303 -0.045632713 -0.870485306 0.000296694 0.492194265 3.886335373
0.446428835 0.012656032 0.894729674 -0.060033202 -0.006388989 0.999919593 -0.010956146 -0.046544705 -0.894796312 -0.000825278 0.446473807 3.892529964
0.404202640 0.010760422 0.914606154 -0.043983459 0.000886937 0.999925792 -0.012156188 -0.046545841 -0.914668977 0.005724761 0.404163063 3.897391558
0.364567816 0.002860473 0.931172431 -0.027043104 0.016358329 0.999821246 -0.009475884 -0.046807192 -0.931033134 0.018687023 0.364455879 3.901759386
0.328839272 -0.000091881 0.944385946 -0.010569811 0.020309120 0.999769449 -0.006974456 -0.046726894 -0.944167435 0.021473123 0.328765363 3.905863047
0.295977682 0.003808693 0.955187261 0.006326556 0.018258179 0.999786735 -0.009644073 -0.047127191 -0.955020368 0.020294411 0.295845121 3.910107136
0.264615059 0.011132093 0.964289844 0.023896992 0.007541311 0.999878883 -0.013612390 -0.047814161 -0.964324653 0.010874054 0.264499009 3.915120602
0.236057371 0.015013235 0.971623182 0.041463196 0.003426098 0.999861598 -0.016281944 -0.048581205 -0.971733093 0.007172348 0.235973224 3.919040442
0.210489407 0.017021203 0.977447927 0.059923291 0.004451066 0.999821424 -0.018369328 -0.049275823 -0.977585971 0.008217234 0.210376009 3.922145367
0.187232837 0.019237898 0.982127249 0.078682303 0.011290123 0.999700189 -0.021734465 -0.049675681 -0.982250690 0.015157740 0.186959490 3.924378633
0.166658729 0.024938557 0.985699296 0.097722948 0.017966570 0.999437392 -0.028323863 -0.049886100 -0.985850871 0.022430051 0.166116893 3.926800489
0.147361383 0.031871185 0.988569140 0.117930472 0.021470673 0.999142051 -0.035412584 -0.049602307 -0.988849640 0.026443688 0.146550626 3.928901434
0.129299134 0.032476265 0.991073728 0.138119936 0.019260185 0.999192655 -0.035255067 -0.050230227 -0.991418540 0.023646703 0.128569245 3.931425571
0.114390053 0.028017381 0.993040800 0.160269588 0.016886778 0.999402940 -0.030142097 -0.051510740 -0.993292332 0.020217218 0.113848619 3.933692932
0.098351873 0.025891904 0.994814813 0.182068288 0.017283821 0.999466181 -0.027721722 -0.052026182 -0.995001614 0.019920686 0.097851872 3.936187744
0.086715721 0.022518355 0.995978534 0.204449147 0.019093938 0.999523342 -0.024260929 -0.053162284 -0.996050000 0.021120954 0.086244412 3.936797619
0.075162016 0.021404920 0.996941566 0.227530092 0.023142252 0.999462962 -0.023203809 -0.053989086 -0.996902764 0.024815515 0.074626274 3.938055992
0.064963803 0.022293491 0.997638583 0.251883030 0.026020240 0.999372661 -0.024026616 -0.054592848 -0.997548282 0.027519654 0.064342946 3.939144850
0.056963377 0.023058539 0.998109937 0.276314020 0.027608011 0.999314547 -0.024661990 -0.055236738 -0.997994363 0.028960655 0.056287736 3.940267801
0.052280910 0.023467943 0.998356640 0.302200168 0.029034948 0.999265492 -0.025009781 -0.056070313 -0.998210251 0.030294761 0.051561113 3.940935373
0.045980096 0.024214651 0.998648822 0.329050541 0.031239908 0.999182343 -0.025665946 -0.056666400 -0.998453856 0.032377824 0.045186043 3.942562342
0.039258800 0.024747418 0.998922646 0.355889469 0.030639695 0.999193430 -0.025958303 -0.057741299 -0.998759270 0.031625770 0.038468882 3.943913698
0.035417076 0.024939304 0.999061525 0.384067953 0.034091115 0.999076664 -0.026148230 -0.058249623 -0.998790979 0.034985203 0.034534160 3.944313049
0.032381799 0.025334651 0.999154449 0.413497627 0.035314299 0.999025583 -0.026475891 -0.059073266 -0.998851538 0.036141776 0.031455565 3.945261478
0.029521272 0.024494719 0.999264002 0.442897022 0.036187313 0.999018192 -0.025557773 -0.060148291 -0.998908997 0.036915179 0.028605890 3.945706844
0.026988011 0.023968223 0.999348462 0.473339438 0.038461134 0.998947442 -0.024997272 -0.060939852 -0.998895645 0.039110705 0.026037756 3.946708202
0.026457332 0.023334416 0.999377608 0.505081773 0.042841561 0.998782516 -0.024454700 -0.062129762 -0.998731434 0.043461904 0.025425442 3.946757793
0.027233314 0.023054104 0.999363303 0.536632717 0.046386160 0.998627961 -0.024301196 -0.062685914 -0.998552263 0.047018424 0.026126558 3.947986603
0.029760396 0.022886820 0.999295056 0.570392489 0.048040014 0.998549759 -0.024300447 -0.064248085 -0.998401880 0.048729338 0.028617753 3.949043512
0.033780422 0.022646353 0.999172688 0.604661405 0.050106529 0.998447657 -0.024323946 -0.065258019 -0.998172522 0.050886739 0.032593247 3.949399710
0.038277343 0.022182550 0.999020875 0.639887333 0.050649457 0.998425484 -0.024109954 -0.066197820 -0.997982621 0.051522732 0.037093543 3.950615406
0.042153690 0.020412341 0.998902619 0.675295115 0.052108634 0.998385668 -0.022600759 -0.067279749 -0.997751296 0.053004153 0.041021977 3.952387333
0.046129987 0.019148584 0.998751938 0.710462809 0.052026264 0.998413265 -0.021545066 -0.067866459 -0.997579694 0.052955195 0.045060568 3.953660488
0.050044183 0.016959088 0.998603046 0.746994376 0.049033053 0.998608291 -0.019416437 -0.068832964 -0.997542620 0.049936239 0.049142990 3.956074953
0.054160114 0.015804468 0.998407245 0.783996642 0.048168074 0.998669207 -0.018421572 -0.070015639 -0.997369826 0.049089056 0.053326778 3.958309650
0.057801448 0.016941454 0.998184323 0.821922362 0.045149688 0.998788655 -0.019566171 -0.071010128 -0.997306585 0.046198666 0.056966521 3.961304426
0.061044917 0.021037815 0.997913241 0.859836876 0.043214448 0.998784721 -0.023699727 -0.072093070 -0.997199118 0.044571027 0.060061593 3.963995218
0.062910885 0.026375640 0.997670531 0.897759080 0.037996117 0.998862684 -0.028803110 -0.073257312 -0.997295618 0.039719634 0.061837163 3.966493130
0.061981916 0.028984843 0.997656286 0.935762644 0.034554414 0.998916686 -0.031168241 -0.075240374 -0.997478902 0.036405303 0.060913205 3.969527006
0.062129688 0.029371994 0.997635722 0.974369586 0.031927530 0.998996854 -0.031400412 -0.076079339 -0.997557223 0.033802953 0.061129592 3.972127676
0.062190145 0.027038004 0.997698069 1.012012124 0.029119777 0.999158323 -0.028892716 -0.077952221 -0.997639477 0.030849582 0.061350442 3.975074053
0.062256571 0.025815004 0.997726321 1.051691771 0.029769879 0.999172628 -0.027710024 -0.079727679 -0.997615993 0.031427324 0.061436553 3.977177858
0.062617511 0.025033819 0.997723639 1.089602113 0.026998403 0.999277115 -0.026767232 -0.081438571 -0.997672319 0.028613038 0.061896365 3.980000496
0.062373985 0.024774691 0.997745275 1.127449036 0.026917955 0.999286413 -0.026495738 -0.083218187 -0.997689784 0.028509898 0.061662585 3.983175039
0.062642761 0.025739973 0.997704029 1.167010427 0.023408627 0.999354482 -0.027252307 -0.084612481 -0.997761369 0.025062039 0.061999772 3.985592365
0.061164483 0.027533280 0.997747838 1.204777241 0.020727120 0.999368906 -0.028848633 -0.085850254 -0.997912407 0.022444950 0.060555186 3.988443375
0.058357395 0.027030827 0.997929633 1.243514895 0.017641744 0.999449313 -0.028103644 -0.087468669 -0.998139858 0.019245271 0.057848368 3.990938425
0.054841556 0.025840150 0.998160720 1.281381607 0.014791191 0.999534369 -0.026688380 -0.089010224 -0.998385489 0.016227612 0.054433808 3.993211269
0.049779534 0.023115335 0.998492777 1.319215059 0.011687620 0.999650240 -0.023724815 -0.090536095 -0.998691857 0.012851011 0.049491953 3.995497227
0.043404270 0.021410724 0.998828232 1.357517362 0.009505387 0.999716282 -0.021842822 -0.091834806 -0.999012351 0.010442320 0.043188430 3.997113943
0.036087926 0.021508260 0.999117196 1.395706654 0.009504925 0.999715745 -0.021864463 -0.093514204 -0.999303401 0.010285575 0.035873227 3.998492479
0.027541924 0.022640897 0.999364316 1.433395863 0.009543423 0.999691963 -0.022911331 -0.094828919 -0.999575019 0.010168379 0.027317371 3.999351263
0.017623285 0.023127953 0.999577284 1.470993876 0.010245088 0.999675810 -0.023310859 -0.096068054 -0.999792218 0.010651571 0.017380623 4.000088692
0.007313340 0.021641327 0.999739051 1.508372784 0.012474649 0.999686062 -0.021731433 -0.097812444 -0.999895453 0.012630323 0.007041073 4.000592709
-0.003376863 0.020336181 0.999787509 1.546226025 0.010922207 0.999734282 -0.020298209 -0.099252224 -0.999934673 0.010851343 -0.003598080 4.000548840
-0.015411776 0.020567229 0.999669790 1.584617615 0.012143663 0.999718606 -0.020381020 -0.100143358 -0.999807477 0.011825545 -0.015657190 4.000528812
-0.026343962 0.020668147 0.999439240 1.619907737 0.012907975 0.999709904 -0.020333510 -0.101354651 -0.999569595 0.012365073 -0.026603105 3.999662876
-0.037379183 0.021665700 0.999066353 1.657527208 0.013295282 0.999687195 -0.021181734 -0.102541141 -0.999212682 0.012491113 -0.037655547 3.998379469
-0.047478519 0.023350373 0.998599291 1.695163727 0.014326980 0.999639750 -0.022693524 -0.103162184 -0.998769581 0.013229458 -0.047795959 3.996509790
-0.057945475 0.023170223 0.998050869 1.728843570 0.012097030 0.999673545 -0.022505561 -0.105337001 -0.998246431 0.010769355 -0.058206853 3.993942499
-0.067205846 0.023493206 0.997462451 1.765476227 0.012456734 0.999664664 -0.022705777 -0.107028246 -0.997661412 0.010899163 -0.067475937 3.990832329
-0.078077510 0.024541153 0.996645212 1.800394773 0.013775929 0.999628067 -0.023535395 -0.108034506 -0.996851981 0.011892127 -0.078386530 3.989555120
-0.086901352 0.024717251 0.995910287 1.835316420 0.014058638 0.999623120 -0.023582669 -0.109230913 -0.996117651 0.011951774 -0.087216087 3.985980034
-0.095534198 0.024479819 0.995125175 1.870346189 0.015422128 0.999614060 -0.023109687 -0.110370338 -0.995306730 0.013139180 -0.095874846 3.983061075
-0.102960810 0.022924228 0.994421244 1.905805349 0.016101129 0.999641955 -0.021377495 -0.111868456 -0.994555056 0.013810257 -0.103293017 3.979001284
-0.108065091 0.021554505 0.993910134 1.938684702 0.019748516 0.999614120 -0.019531004 -0.113004990 -0.993947685 0.017517632 -0.108449064 3.974939346
-0.111502692 0.019804411 0.993566811 1.972992778 0.022329358 0.999598861 -0.017418742 -0.114164405 -0.993513227 0.020243475 -0.111900195 3.970811367
-0.114570946 0.018974332 0.993233919 2.006536961 0.024303824 0.999571860 -0.016291931 -0.115311272 -0.993117750 0.022272799 -0.114983052 3.966971159
-0.116328865 0.017896412 0.993049562 2.036443949 0.024040174 0.999595463 -0.015198243 -0.116344504 -0.992919803 0.022105083 -0.116712034 3.963519096
-0.116715379 0.018444512 0.992994249 2.069070816 0.025072318 0.999563634 -0.015619569 -0.117329195 -0.992848933 0.023073617 -0.117126882 3.959647894
-0.116010480 0.019516861 0.993056297 2.098966122 0.026578886 0.999509931 -0.016538708 -0.118092872 -0.992892325 0.024475664 -0.116472371 3.955894232
-0.112920053 0.021224746 0.993377328 2.127626896 0.027241560 0.999462128 -0.018258123 -0.119111232 -0.993230522 0.024999445 -0.113437504 3.952743292
-0.108096249 0.021473376 0.993908465 2.156526566 0.026222523 0.999480426 -0.018741827 -0.120527729 -0.993794501 0.024036871 -0.108603157 3.950031042
-0.100140639 0.021973426 0.994730592 2.184750080 0.025981091 0.999472916 -0.019462636 -0.121662803 -0.994633973 0.023895182 -0.100658745 3.947317839
-0.088623963 0.022432629 0.995812535 2.210142851 0.025510913 0.999469519 -0.020244628 -0.122110225 -0.995738387 0.023609925 -0.089149222 3.945362806
-0.075450540 0.022679184 0.996891677 2.236509800 0.024314050 0.999485970 -0.020897977 -0.123397306 -0.996853054 0.022661708 -0.075963162 3.944239378
-0.058237605 0.024179744 0.998009980 2.261399508 0.024062593 0.999450207 -0.022810498 -0.124396347 -0.998012781 0.022686275 -0.058787394 3.943438768
-0.037055906 0.026494339 0.998961985 2.285932302 0.021833591 0.999431431 -0.025696881 -0.125384212 -0.999074638 0.020858703 -0.037613288 3.943011045
-0.012362985 0.029515952 0.999487877 2.310152531 0.020066230 0.999370456 -0.029264277 -0.126474082 -0.999722123 0.019694163 -0.012947476 3.943839788
0.015921436 0.031083077 0.999390006 2.334021807 0.017429708 0.999356151 -0.031359706 -0.127791613 -0.999721289 0.017918371 0.015369413 3.945172071
0.049335469 0.030844716 0.998305798 2.358757496 0.015787462 0.999374211 -0.031657919 -0.128448457 -0.998657465 0.017322574 0.048817620 3.946968794
0.087968946 0.028043598 0.995728433 2.380227566 0.014800128 0.999456525 -0.029456133 -0.129787654 -0.996013343 0.017328130 0.087506056 3.949321985
0.130164370 0.023953374 0.991203070 2.403275013 0.012803795 0.999584258 -0.025837302 -0.130978659 -0.991409719 0.016054260 0.129803538 3.953565836
0.175750077 0.019584874 0.984239995 2.425272465 0.010161725 0.999712765 -0.021707278 -0.132059366 -0.984382272 0.013816634 0.175500557 3.958319664
0.224317670 0.016951349 0.974368691 2.447768927 0.005661975 0.999809206 -0.018697433 -0.132449821 -0.974499643 0.009711017 0.224178851 3.964616299
0.276191473 0.015448597 0.960978568 2.469379902 0.002133580 0.999858558 -0.016686831 -0.133159876 -0.961100280 0.006659087 0.276119411 3.971899748
0.330415845 0.015285400 0.943711758 2.492562532 0.001003859 0.999862671 -0.016546357 -0.134013891 -0.943834901 0.006414533 0.330355018 3.981832743
0.387917727 0.015727088 0.921559811 2.510464668 0.003254493 0.999824822 -0.018432669 -0.134636074 -0.921688259 0.010149569 0.387798548 3.991296530
0.447831511 0.019062042 0.893914640 2.529320717 0.004477621 0.999712408 -0.023561280 -0.135313272 -0.894106805 0.014554096 0.447617263 4.002326965
0.506885946 0.022276530 0.861725330 2.546905518 0.005236802 0.999568164 -0.028920315 -0.136196792 -0.861997247 0.019171987 0.506550193 4.014760494
0.565066695 0.026921196 0.824605942 2.564160347 0.001773115 0.999425590 -0.033843629 -0.136384487 -0.825043321 0.020586027 0.564694166 4.028735638
0.621014357 0.030503962 0.783205390 2.579311848 -0.003268831 0.999334514 -0.036329757 -0.137005240 -0.783792377 0.020001136 0.620700717 4.043341160
0.673681557 0.031561028 0.738347590 2.594227314 -0.005650166 0.999278605 -0.037559323 -0.137988687 -0.739000261 0.021131242 0.673373640 4.059871197
0.722176492 0.029148042 0.691094398 2.607140541 -0.005182401 0.999311745 -0.036732130 -0.138686463 -0.691689432 0.022945559 0.721830428 4.075951099
0.767851293 0.026010061 0.640099943 2.620208502 -0.007841183 0.999482214 -0.031207208 -0.139590755 -0.640580118 0.018943354 0.767657697 4.094450951
0.809173942 0.020178160 0.587222517 2.631141186 -0.007520827 0.999684155 -0.023987714 -0.140243143 -0.587520897 0.014993838 0.809069991 4.112648487
0.845559239 0.017335538 0.533600271 2.641817331 -0.009817474 0.999808609 -0.016924584 -0.141234010 -0.533791482 0.009072132 0.845567465 4.133736134
0.877156317 0.013617420 0.480011940 2.650181293 -0.010044240 0.999899507 -0.010011586 -0.141380787 -0.480099916 0.003960371 0.877204776 4.152614594
0.902671337 0.014627352 0.430082023 2.658008575 -0.013962283 0.999891460 -0.004702392 -0.141953692 -0.430104107 -0.001760211 0.902777612 4.174092770
0.923213601 0.016090859 0.383950204 2.664542198 -0.017126942 0.999853075 -0.000720589 -0.142729640 -0.383905351 -0.005910634 0.923353553 4.193825245
0.938703418 0.021141231 0.344076544 2.671042919 -0.023151185 0.999730468 0.001733815 -0.142787009 -0.343947142 -0.009593318 0.938940048 4.217053890
0.950510800 0.025959523 0.309605181 2.676597118 -0.027459869 0.999622822 0.000488263 -0.142778695 -0.309475720 -0.008965814 0.950865149 4.240164757
0.959899485 0.028144188 0.278928280 2.682511806 -0.029460073 0.999565840 0.000526090 -0.142720774 -0.278792262 -0.008722238 0.960311949 4.263903141
0.966242969 0.022661010 0.256634116 2.686847925 -0.023715157 0.999718249 0.001013044 -0.143119082 -0.256538779 -0.007064965 0.966508210 4.282561302
0.970238030 0.019148417 0.241395056 2.692469597 -0.020133512 0.999796033 0.001614715 -0.143402874 -0.241314888 -0.006426788 0.970425665 4.306888580
0.973006308 0.023221841 0.229607284 2.697179794 -0.024128962 0.999708176 0.001143546 -0.143469810 -0.229513735 -0.006652863 0.973282695 4.332498074
0.975329936 0.028926846 0.218848616 2.701691628 -0.030142261 0.999543190 0.002216244 -0.143680349 -0.218684524 -0.008758160 0.975756407 4.354339123
0.976407647 0.036506459 0.212827176 2.706722975 -0.037443969 0.999298692 0.000374602 -0.143410772 -0.212664247 -0.008334858 0.977089763 4.381025314
0.976612985 0.043060765 0.210648566 2.711399078 -0.043403409 0.999053180 -0.002998639 -0.143852264 -0.210578218 -0.006214353 0.977557302 4.407643318
0.976845860 0.044578537 0.209248409 2.716272354 -0.044534158 0.998995721 -0.004925987 -0.144757375 -0.209257856 -0.004506773 0.977850080 4.430451870
0.976369619 0.042949189 0.211796194 2.722591162 -0.042160191 0.999076962 -0.008241891 -0.145341665 -0.211954668 -0.000882238 0.977279067 4.458259583
0.975570500 0.041649479 0.215702742 2.728026152 -0.039325625 0.999112964 -0.015056015 -0.145485520 -0.216138497 0.006205560 0.976342976 4.483554363
0.974436879 0.042491067 0.220607102 2.734165430 -0.039135996 0.999042451 -0.019558877 -0.146001324 -0.221226946 0.010425214 0.975166559 4.512722969
0.973447144 0.046598315 0.224118695 2.740395546 -0.043305110 0.998869836 -0.019589629 -0.146208256 -0.224778235 0.009363987 0.974364877 4.538680077
0.971847653 0.049668103 0.230315149 2.746891499 -0.047328934 0.998756349 -0.015673395 -0.146753475 -0.230807185 0.004331583 0.972989857 4.569601536
0.970994055 0.046725526 0.234493867 2.753788471 -0.045431096 0.998907745 -0.010922155 -0.147547051 -0.234748065 -0.000047965 0.972056389 4.596498489
0.970072031 0.042471092 0.239074290 2.761758327 -0.042438142 0.999085128 -0.005287846 -0.148127005 -0.239080101 -0.005016276 0.970986903 4.629360199
0.969451129 0.040012520 0.241998881 2.769151688 -0.041083589 0.999155521 -0.000620653 -0.148631856 -0.241819367 -0.009340488 0.970276356 4.656762600
0.968994081 0.035251163 0.244556189 2.777722359 -0.036311831 0.999340534 -0.000171596 -0.148854375 -0.244400918 -0.008714005 0.969635189 4.688980103
0.968852341 0.032173436 0.245540947 2.784870148 -0.032379553 0.999470532 -0.003198641 -0.149320409 -0.245513871 -0.004851495 0.969380915 4.718400002
0.968933821 0.031538554 0.245301411 2.793212175 -0.029948164 0.999499321 -0.010211812 -0.149813801 -0.245500639 0.002548242 0.969393075 4.751773834
0.969109058 0.033996522 0.244278103 2.800625324 -0.030819945 0.999383509 -0.016815536 -0.150357231 -0.244699165 0.008767448 0.969559431 4.781852722
0.969664574 0.037020102 0.241619587 2.809029818 -0.032988101 0.999241054 -0.020712784 -0.150764227 -0.242203012 0.012113879 0.970149994 4.816953659
0.970226288 0.035181597 0.239631191 2.817340851 -0.032174096 0.999346793 -0.016452191 -0.151348114 -0.240053460 0.008252430 0.970724583 4.852740765
0.970781624 0.031139284 0.237935871 2.824838161 -0.029957954 0.999514341 -0.008580161 -0.152094096 -0.238087475 0.001201390 0.971242964 4.881717205
0.971379459 0.031689797 0.235409752 2.833516598 -0.032024559 0.999484181 -0.002402011 -0.153119266 -0.235364452 -0.005205626 0.971893191 4.918977261
0.971702099 0.035106357 0.233586580 2.842282772 -0.035216551 0.999372780 -0.003700346 -0.153441340 -0.233569995 -0.004630479 0.972329021 4.956252575
0.971961439 0.040839553 0.231566504 2.848829269 -0.040038738 0.999164820 -0.008158937 -0.153832138 -0.231706306 -0.001341457 0.972784817 4.986681461
0.972831309 0.041642632 0.227739021 2.857533932 -0.039561454 0.999123216 -0.013697676 -0.154195160 -0.228109762 0.004315842 0.973625779 5.025155067
0.973792017 0.040753223 0.223759577 2.866383076 -0.038083524 0.999142766 -0.016235504 -0.155176029 -0.224229410 0.007288452 0.974509060 5.063164234
0.974741936 0.038328592 0.220020846 2.873423100 -0.035953544 0.999244094 -0.014790376 -0.155798972 -0.220421419 0.006506265 0.975383043 5.095681190
0.975624204 0.034113940 0.216780528 2.882169724 -0.032083441 0.999402225 -0.012880173 -0.156539649 -0.217090368 0.005611140 0.976135433 5.135832787
0.976034760 0.032950010 0.215105832 2.891272545 -0.031552784 0.999452889 -0.009927038 -0.157453150 -0.215315267 0.002901942 0.976540267 5.176442146
0.976464093 0.030125802 0.213565335 2.898742676 -0.029173821 0.999545395 -0.007608530 -0.158065423 -0.213697419 0.001198941 0.976899147 5.209898949
0.976673841 0.025759714 0.213177785 2.908051252 -0.024949310 0.999667645 -0.006491368 -0.158565789 -0.213274151 0.001021311 0.976991832 5.250959873
0.976793289 0.026240250 0.212570801 2.917177916 -0.025639649 0.999655604 -0.005582048 -0.158695191 -0.212644115 0.000002266 0.977129698 5.292042255
0.976575315 0.031186791 0.212904021 2.923724651 -0.030471403 0.999513566 -0.006641502 -0.160132065 -0.213007569 -0.000001557 0.977050543 5.326631069
0.976482987 0.036003545 0.212567359 2.933180571 -0.034562532 0.999347389 -0.010492328 -0.160195187 -0.212806389 0.002898713 0.977090120 5.368123055
0.975852311 0.044966307 0.213753179 2.941591740 -0.043379296 0.998985171 -0.012111600 -0.161058933 -0.214080870 0.002546669 0.976812601 5.410916805
0.974762678 0.051646300 0.217188314 2.947992802 -0.050493069 0.998665333 -0.010859798 -0.162391692 -0.217459366 -0.000380781 0.976069212 5.445378780
0.973920286 0.054240320 0.220312014 2.957169056 -0.053646199 0.998522282 -0.008683330 -0.163486063 -0.220457405 -0.003362029 0.975390732 5.488190651
0.973333836 0.054980174 0.222707525 2.966973543 -0.054105949 0.998484731 -0.010029818 -0.163906753 -0.222921520 -0.002287444 0.974833727 5.531080723
0.973037541 0.052825835 0.224515647 2.974546909 -0.051284853 0.998603344 -0.012693814 -0.164705962 -0.224872649 0.000837306 0.974387705 5.565897942
0.973045051 0.047062986 0.225761563 2.985059738 -0.045688659 0.998891592 -0.011311495 -0.165833592 -0.226043686 0.000691854 0.974116921 5.608885288
0.973425925 0.040242642 0.225437954 2.996445656 -0.038341045 0.999182522 -0.012808722 -0.166865379 -0.225769103 0.003824820 0.974173188 5.651075363
0.973255157 0.039013363 0.226389900 3.006859303 -0.036976095 0.999228418 -0.013234197 -0.167740613 -0.226731569 0.004509237 0.973946810 5.693194389
0.972638965 0.041345105 0.228613108 3.012521982 -0.040102273 0.999144733 -0.010081219 -0.168448806 -0.228834361 0.000637484 0.973465145 5.725444317
0.972262502 0.043706048 0.229772821 3.022301674 -0.043907940 0.999026597 -0.004236593 -0.169349298 -0.229734302 -0.005969772 0.973235071 5.768737793
0.971796334 0.047266699 0.231036127 3.032356262 -0.048503846 0.998822868 -0.000325493 -0.170200825 -0.230779529 -0.010889826 0.972945213 5.811854362
0.971563876 0.047051642 0.232055873 3.042635441 -0.046742558 0.998883545 -0.006833406 -0.170959994 -0.232118338 -0.004207794 0.972678423 5.854518414
0.971943855 0.041665617 0.231493697 3.049628258 -0.037804853 0.999062538 -0.021090711 -0.171958327 -0.232155442 0.011747402 0.972607732 5.884098053
0.972268522 0.039662719 0.230479598 3.060484171 -0.033613957 0.998981118 -0.030113375 -0.173084095 -0.231439158 0.021530952 0.972611129 5.926282406
0.972487926 0.036652099 0.230051830 3.070446968 -0.032704689 0.999245465 -0.020949744 -0.174135923 -0.230646089 0.012849599 0.972952843 5.969486713
0.973118424 0.029723272 0.228379458 3.081308126 -0.030535571 0.999533653 0.000023272 -0.175328404 -0.228272274 -0.006996342 0.973572254 6.011731148
0.973222077 0.026254095 0.228362709 3.090370178 -0.030355513 0.999434590 0.014465634 -0.176037505 -0.227853805 -0.021010336 0.973468542 6.055630684
0.973243058 0.031257417 0.227641776 3.096351147 -0.034246527 0.999371171 0.009191774 -0.176591069 -0.227211297 -0.016741769 0.973701537 6.082597733
