0.999965906 -0.001430081 -0.008130127 0.000072600 0.001401593 0.999992847 -0.003508681 -0.000489788 0.008135086 0.003497167 0.999960780 0.062904969
0.999923885 -0.001401507 -0.012255655 -0.000358142 0.001340437 0.999986589 -0.004989726 -0.000609535 0.012262484 0.004972917 0.999912441 0.095449552
0.999846637 -0.000069370 -0.017507521 -0.000984707 -0.000027913 0.999984562 -0.005556347 -0.000962370 0.017507633 0.005555984 0.999831259 0.128701895
0.999767244 -0.000779874 -0.021561747 -0.002109249 0.000653665 0.999982715 -0.005859816 -0.001326924 0.021565942 0.005844358 0.999750376 0.162578985
0.999654055 0.000883682 -0.026291830 -0.003138244 -0.001067681 0.999975026 -0.006985107 -0.001728058 0.026285008 0.007010760 0.999629855 0.197079033
0.999505639 0.003464169 -0.031247992 -0.004583875 -0.003711346 0.999962151 -0.007855622 -0.001907605 0.031219596 0.007967711 0.999480784 0.232311189
0.999355555 0.003843723 -0.035688642 -0.005953954 -0.004051320 0.999975264 -0.005746409 -0.002642157 0.035665672 0.005887292 0.999346435 0.268494427
0.999186099 0.003020639 -0.040223211 -0.007479418 -0.003147163 0.999990284 -0.003082579 -0.002993717 0.040213499 0.003206658 0.999185979 0.304978371
0.999063313 0.003064045 -0.043160528 -0.009565257 -0.003108439 0.999994755 -0.000961511 -0.003017344 0.043157347 0.001094773 0.999067724 0.339825213
0.998922050 0.004089739 -0.046238162 -0.011422944 -0.004147662 0.999990761 -0.001156847 -0.003747400 0.046233006 0.001347380 0.998929918 0.378628999
0.998780429 0.003678996 -0.049234752 -0.012524668 -0.003713363 0.999992907 -0.000606588 -0.004670358 0.049232177 0.000788674 0.998787105 0.414405197
0.998730838 0.000876256 -0.050357550 -0.015189219 -0.000960012 0.999998212 -0.001639049 -0.004611502 0.050356030 0.001685312 0.998729944 0.453336179
0.998660088 0.001015706 -0.051739000 -0.017445546 -0.001094487 0.999998331 -0.001494345 -0.004472096 0.051737394 0.001548970 0.998659551 0.489301592
0.998559117 -0.001099281 -0.053649675 -0.019534554 0.001047964 0.999998927 -0.000984631 -0.005263123 0.053650703 0.000926989 0.998559296 0.529723167
0.998465240 0.001376166 -0.055364206 -0.021825898 -0.001537972 0.999994636 -0.002880064 -0.005984309 0.055359945 0.002960793 0.998461962 0.566427410
0.998367310 0.001675669 -0.057097051 -0.024252597 -0.002026787 0.999979377 -0.006092159 -0.006080748 0.057085674 0.006197936 0.998349965 0.607847691
0.998266459 0.005804622 -0.058568530 -0.026780434 -0.006283794 0.999948263 -0.008000549 -0.006429141 0.058519062 0.008354712 0.998251319 0.645292342
0.998165727 0.006366039 -0.060202599 -0.029217256 -0.006797486 0.999952734 -0.006964496 -0.007319199 0.060155407 0.007360949 0.998161912 0.683756292
0.998118520 0.005823026 -0.061037078 -0.032367140 -0.006157361 0.999967039 -0.005290896 -0.008119036 0.061004266 0.005656768 0.998121381 0.727155507
0.997980595 0.006578470 -0.063177593 -0.034435004 -0.006900216 0.999964297 -0.004875901 -0.007988821 0.063143261 0.005301994 0.997990370 0.766240537
0.998025060 0.006967127 -0.062429853 -0.038196851 -0.007268084 0.999963045 -0.004594935 -0.008720022 0.062395543 0.005039607 0.998038769 0.804862678
0.997892857 0.005443883 -0.064654686 -0.040635530 -0.005763791 0.999972045 -0.004762447 -0.009425703 0.064626954 0.005125068 0.997896314 0.847229242
0.997834265 0.004240036 -0.065641485 -0.043248031 -0.004626418 0.999972820 -0.005735349 -0.009765068 0.065615393 0.006026612 0.997826755 0.886596620
0.997776091 0.004128341 -0.066527613 -0.045896843 -0.004399436 0.999982595 -0.003928928 -0.010421321 0.066510238 0.004212874 0.997776866 0.928359449
0.997756302 0.005427881 -0.066730909 -0.048844658 -0.005474299 0.999984920 -0.000512756 -0.011012707 0.066727132 0.000876910 0.997770905 0.968330920
0.997815311 0.005839643 -0.065806039 -0.051677875 -0.005634428 0.999978662 0.003303649 -0.011337429 0.065823935 -0.002925652 0.997826934 1.010522485
0.997913778 0.004776266 -0.064385004 -0.054166846 -0.004365428 0.999969244 0.006520131 -0.011772737 0.064414173 -0.006225459 0.997903764 1.051141620
0.998051643 0.005481209 -0.062151525 -0.057308052 -0.005067791 0.999963999 0.006807479 -0.011906265 0.062186603 -0.006479244 0.998043478 1.092947602
0.998105824 0.005316290 -0.061290558 -0.059432842 -0.005064968 0.999978125 0.004255149 -0.012264151 0.061311845 -0.003936654 0.998110890 1.133837461
0.998166978 0.006680541 -0.060150322 -0.062440347 -0.006750044 0.999976754 -0.000952357 -0.012274199 0.060142566 0.001356628 0.998188853 1.175731063
0.998275578 0.006023354 -0.058391679 -0.065124840 -0.006193270 0.999977171 -0.002729381 -0.013098161 0.058373902 0.003086310 0.998290002 1.216224194
0.998318315 0.003106882 -0.057887342 -0.067630187 -0.003252537 0.999991775 -0.002422128 -0.013362986 0.057879340 0.002606335 0.998320162 1.259041190
0.998299658 0.002368833 -0.058243133 -0.070144609 -0.002287756 0.999996424 0.001458689 -0.013240172 0.058246374 -0.001322963 0.998301327 1.300983787
0.998238444 -0.000716160 -0.059325546 -0.072083682 0.001035679 0.999985158 0.005355283 -0.014086137 0.059320822 -0.005407291 0.998224378 1.342860579
0.998146594 -0.008591907 -0.060245197 -0.074488603 0.008906117 0.999948084 0.004948962 -0.014549607 0.060199559 -0.005476341 0.998171270 1.386974931
0.998022616 -0.012005713 -0.061697841 -0.076961853 0.012125324 0.999925256 0.001564609 -0.014984399 0.061674442 -0.002309621 0.998093605 1.428481340
0.997928143 -0.010997521 -0.063391291 -0.079727083 0.010860361 0.999937832 -0.002507893 -0.015352460 0.063414939 0.001814245 0.997985542 1.472809315
0.997829914 -0.008744089 -0.065260254 -0.082703158 0.008515138 0.999956608 -0.003785604 -0.015814394 0.065290511 0.003221690 0.997861028 1.514808893
0.997743487 -0.008754767 -0.066568442 -0.085606717 0.008651569 0.999960840 -0.001838418 -0.016658651 0.066581942 0.001258348 0.997780144 1.558287024
0.997687340 -0.006489562 -0.067661442 -0.088730603 0.006546536 0.999978364 0.000620335 -0.016696453 0.067655988 -0.001061848 0.997708082 1.602505207
0.997656405 -0.006483225 -0.068113931 -0.092584595 0.006597545 0.999977171 0.001453554 -0.016578484 0.068102971 -0.001899532 0.997676373 1.645177722
0.997544706 -0.005067765 -0.069849253 -0.095108531 0.005387746 0.999975860 0.004393389 -0.017375061 0.069825314 -0.004758932 0.997547865 1.689153790
0.997575581 -0.005389404 -0.069382712 -0.098326646 0.005924921 0.999954224 0.007514819 -0.017708352 0.069339044 -0.007907686 0.997561812 1.732028604
0.997538924 0.000394916 -0.070112765 -0.101978868 0.000286474 0.999952793 0.009708169 -0.017889012 0.070113271 -0.009704361 0.997491777 1.776815295
0.997490406 0.000061846 -0.070801795 -0.104728937 0.000589717 0.999957681 0.009181703 -0.018111505 0.070799351 -0.009200414 0.997448087 1.819615483
0.997538447 0.000613803 -0.070118450 -0.108528525 -0.000115686 0.999974728 0.007107778 -0.018099323 0.070121028 -0.007082170 0.997513354 1.863287807
0.997533560 0.003429626 -0.070105970 -0.111513831 -0.003097367 0.999983490 0.004847532 -0.018653721 0.070121437 -0.004618431 0.997527838 1.905531883
0.997471869 0.002812014 -0.071006909 -0.114790931 -0.002448556 0.999983370 0.005205149 -0.019025868 0.071020380 -0.005018124 0.997462153 1.948754430
0.997406304 0.001359897 -0.071965009 -0.118093297 -0.000915459 0.999980271 0.006208371 -0.019254237 0.071972035 -0.006126387 0.997387767 1.990779877
0.997287810 0.001538507 -0.073584855 -0.120589055 -0.000989696 0.999971330 0.007494080 -0.019714218 0.073594272 -0.007400927 0.997260749 2.033506393
0.997294247 0.003500767 -0.073429577 -0.124459177 -0.003250128 0.999988496 0.003532522 -0.019830812 0.073441111 -0.003284309 0.997294128 2.076711416
0.997202694 0.002682223 -0.074696198 -0.127459288 -0.002750766 0.999995947 -0.000814760 -0.019816235 0.074693702 0.001017953 0.997205973 2.118604898
0.997166157 0.004660293 -0.075086646 -0.130617350 -0.004833622 0.999986112 -0.002126816 -0.020335231 0.075075708 0.002483729 0.997174740 2.160016537
0.997168541 0.003595858 -0.075111777 -0.134227067 -0.003469922 0.999992490 0.001807076 -0.021228941 0.075117677 -0.001541329 0.997173488 2.202924490
0.997160971 0.001735164 -0.075278506 -0.137545794 -0.001398548 0.999988914 0.004524090 -0.021569397 0.075285517 -0.004405966 0.997152209 2.244465828
0.997135937 -0.000128304 -0.075629741 -0.140365914 0.000540345 0.999985158 0.005427696 -0.021866821 0.075627901 -0.005453018 0.997121215 2.286180735
0.997093379 -0.004137852 -0.076077543 -0.143445522 0.004485298 0.999980330 0.004396712 -0.022335477 0.076057844 -0.004725163 0.997092247 2.327699423
0.997100413 -0.005864149 -0.075870350 -0.146838889 0.006108242 0.999976933 0.002985583 -0.022874501 0.075851090 -0.003440361 0.997113228 2.367769718
0.997015357 -0.007249212 -0.076862544 -0.149815291 0.007577067 0.999963462 0.003974691 -0.023120776 0.076830909 -0.004545221 0.997033715 2.409608841
0.996916473 -0.009934627 -0.077838764 -0.152998790 0.010600725 0.999910712 0.008148897 -0.023422325 0.077750847 -0.008948917 0.996932626 2.449660540
0.996866167 -0.011373993 -0.078285106 -0.156050965 0.012435688 0.999837101 0.013087766 -0.023542374 0.078123488 -0.014020277 0.996845067 2.490228653
0.996790886 -0.009878826 -0.079436563 -0.159324571 0.011152941 0.999815881 0.015611758 -0.023909908 0.079267710 -0.016447607 0.996717632 2.532862425
0.996720910 -0.008506840 -0.080466725 -0.163184091 0.009491228 0.999884546 0.011858915 -0.024281658 0.080356568 -0.012583758 0.996686697 2.573527575
0.996599734 -0.007041321 -0.082092494 -0.166323096 0.007397525 0.999964595 0.004035747 -0.024361551 0.082061172 -0.004629308 0.996616542 2.612539291
0.996567070 -0.005185130 -0.082626425 -0.169920996 0.005099846 0.999986172 -0.001243176 -0.024479255 0.082631744 0.000817526 0.996579826 2.651222229
0.996443331 -0.000767891 -0.084260665 -0.173221588 0.000745929 0.999999642 -0.000292099 -0.024688084 0.084260866 0.000228208 0.996443748 2.689768076
0.996400595 0.002104634 -0.084743388 -0.177030876 -0.001912471 0.999995410 0.002348707 -0.025619388 0.084747963 -0.002178183 0.996400058 2.729845047
0.996291816 0.003809911 -0.085953780 -0.180527598 -0.003438480 0.999984145 0.004468927 -0.026580922 0.085969448 -0.004156805 0.996289134 2.767299175
0.996205389 0.003682976 -0.086955287 -0.183756977 -0.003370036 0.999987245 0.003745381 -0.026077425 0.086967990 -0.003438125 0.996205211 2.803786755
0.996085405 0.006923588 -0.088123858 -0.187914461 -0.006555822 0.999968529 0.004462034 -0.026778320 0.088151984 -0.003866842 0.996099532 2.841580629
0.995956957 0.008913884 -0.089387543 -0.191179961 -0.008519733 0.999952197 0.004790058 -0.027226053 0.089425974 -0.004009134 0.995985448 2.877964258
0.995832622 0.008870321 -0.090767242 -0.194777429 -0.008499620 0.999953926 0.004469807 -0.026734035 0.090802722 -0.003679693 0.995862067 2.912801027
0.995681167 0.007681357 -0.092519149 -0.197774321 -0.007103571 0.999953210 0.006572767 -0.028129529 0.092565291 -0.005887165 0.995689213 2.949205637
0.995565832 0.010405383 -0.093489170 -0.201423317 -0.009596062 0.999912560 0.009102264 -0.028256722 0.093575686 -0.008164776 0.995578647 2.983342886
0.995510697 0.012388431 -0.093834750 -0.205830276 -0.011250881 0.999856830 0.012642276 -0.028151765 0.093977928 -0.011529798 0.995507479 3.017367840
0.995224178 0.015140664 -0.096434712 -0.208283901 -0.013702990 0.999785125 0.015553192 -0.029351216 0.096649490 -0.014157466 0.995217919 3.050427675
0.995047331 0.017834000 -0.097789176 -0.211791381 -0.016812697 0.999795377 0.011258107 -0.029354345 0.097969957 -0.009558249 0.995143533 3.082983494
0.994909942 0.018254580 -0.099100187 -0.215031296 -0.017985445 0.999831676 0.003608578 -0.029456386 0.099149391 -0.001807848 0.995070994 3.113795280
0.994918764 0.017284302 -0.099186920 -0.219758168 -0.017622119 0.999841571 -0.002530697 -0.029418604 0.099127479 0.004265724 0.995065629 3.143109083
0.994724751 0.018048326 -0.100978829 -0.221838936 -0.018485766 0.999823391 -0.003397890 -0.030105762 0.100899652 0.005246637 0.994882703 3.175086975
0.994601011 0.020979078 -0.101629175 -0.224956244 -0.021075686 0.999778032 0.000123159 -0.030613517 0.101609185 0.002019411 0.994822323 3.204241037
0.994451582 0.021457834 -0.102982946 -0.227843553 -0.021269850 0.999769568 0.002923283 -0.031882763 0.103021935 -0.000716630 0.994678795 3.232657194
0.994406581 0.017883996 -0.104095571 -0.231036961 -0.018076198 0.999836206 -0.000903235 -0.031712219 0.104062371 0.002779835 0.994566858 3.260298967
0.994555831 0.009475263 -0.103773117 -0.233686656 -0.010182478 0.999928355 -0.006287334 -0.031971850 0.103706099 0.007309773 0.994581103 3.286468506
0.994658291 0.005345642 -0.103083380 -0.235745490 -0.006447509 0.999925494 -0.010358842 -0.033053678 0.103020355 0.010968138 0.994618714 3.312000513
0.994972825 0.007974125 -0.099826843 -0.238442734 -0.009157669 0.999893010 -0.011403336 -0.033047233 0.099725239 0.012260192 0.994939446 3.336781025
0.995302975 0.013043200 -0.095925450 -0.241316289 -0.013883874 0.999870777 -0.008101579 -0.033839494 0.095807396 0.009395343 0.995355487 3.362746716
0.995739222 0.011395271 -0.091506876 -0.243113220 -0.011902410 0.999916613 -0.004998237 -0.034414090 0.091442317 0.006066093 0.995791852 3.386330605
0.996351302 0.007793717 -0.084990300 -0.245401606 -0.007928002 0.999967754 -0.001242579 -0.034634806 0.084977880 0.001911848 0.996380985 3.409734249
0.996960938 0.003307247 -0.077832811 -0.246061951 -0.003112586 0.999991715 0.002622180 -0.035442702 0.077840857 -0.002371950 0.996962965 3.433761597
0.997741342 0.006712058 -0.066835150 -0.247557014 -0.006566869 0.999975562 0.002391803 -0.035769638 0.066849574 -0.001947503 0.997761190 3.455712318
0.998598516 0.012295585 -0.051475085 -0.249133542 -0.012247831 0.999924183 0.001243064 -0.035668574 0.051486455 -0.000610864 0.998673439 3.477432728
0.999296367 0.017358398 -0.033248916 -0.249948993 -0.017307229 0.999848545 0.001826132 -0.036053434 0.033275578 -0.001249400 0.999445438 3.499036551
0.999812484 0.015828118 -0.011153890 -0.249330014 -0.015800390 0.999871910 0.002569722 -0.036377508 0.011193132 -0.002393004 0.999934494 3.519960165
0.999800563 0.012580093 0.015512407 -0.248303607 -0.012628318 0.999915779 0.003014946 -0.036431171 -0.015473172 -0.003210241 0.999875128 3.539635181
0.998950422 0.011441835 0.044351686 -0.246441692 -0.011659464 0.999921203 0.004651283 -0.036875442 -0.044294979 -0.005163520 0.999005139 3.559324265
0.996902943 0.010794560 0.077897117 -0.244357884 -0.011307288 0.999917150 0.006144024 -0.037144020 -0.077824362 -0.007005801 0.996942520 3.578520775
0.993296564 0.011033382 0.115066275 -0.241156429 -0.011862205 0.999908447 0.006520736 -0.037439410 -0.114983782 -0.007841965 0.993336499 3.596706867
0.987630665 0.011376809 0.156384513 -0.236903369 -0.012500284 0.999902606 0.006202427 -0.037500959 -0.156298712 -0.008080558 0.987676799 3.615674496
0.979445457 0.011365807 0.201388687 -0.232057452 -0.012858331 0.999898672 0.006104505 -0.037704535 -0.201298907 -0.008568552 0.979492307 3.633223534
0.967947900 0.013119138 0.250808418 -0.226545215 -0.014673205 0.999882936 0.004327184 -0.038389701 -0.250722319 -0.007868652 0.968027115 3.650591850
0.952840328 0.013859564 0.303155422 -0.219824076 -0.014949702 0.999887466 0.001275502 -0.038723674 -0.303103596 -0.005747434 0.952940226 3.666831017
0.933430791 0.013927033 0.358486950 -0.212352157 -0.014679051 0.999892056 -0.000623876 -0.039170787 -0.358456999 -0.004679905 0.933534503 3.681916952
0.909476280 0.014130894 0.415515780 -0.203832388 -0.014355262 0.999893606 -0.002583836 -0.039408218 -0.415508091 -0.003614901 0.909582317 3.696757317
0.880522072 0.014674590 0.473777920 -0.194342017 -0.014304356 0.999888062 -0.004385279 -0.039863657 -0.473789304 -0.002915752 0.880633354 3.711443901
0.847226441 0.012944181 0.531074107 -0.184310555 -0.011134283 0.999916196 -0.006608943 -0.040235154 -0.531115234 -0.000313859 0.847299516 3.724378109
0.810587287 0.012835546 0.585477054 -0.173120141 -0.010218225 0.999917686 -0.007774385 -0.040641412 -0.585528612 0.000319280 0.810651600 3.736961365
0.770997465 0.011519968 0.636733949 -0.160587549 -0.009289555 0.999933422 -0.006842697 -0.041124843 -0.636770427 -0.000639275 0.771053135 3.749392033
0.728322089 0.011072915 0.685145497 -0.148132801 -0.011977942 0.999922395 -0.003427384 -0.042180836 -0.685130239 -0.005710392 0.728398204 3.760334492
0.683877349 0.010114907 0.729526818 -0.134476066 -0.010376506 0.999937654 -0.004136955 -0.042026367 -0.729523182 -0.004740770 0.683939636 3.770243645
0.637643337 0.009071693 0.770278394 -0.120255113 -0.006402599 0.999958515 -0.006476545 -0.041977882 -0.770305097 -0.000802058 0.637674868 3.779348373
0.590300083 0.006496683 0.807157755 -0.105759621 -0.000978247 0.999972641 -0.007333194 -0.042491842 -0.807183266 0.003539185 0.590290248 3.788048029
0.545045853 0.008660538 0.838361502 -0.090790868 -0.003337165 0.999961138 -0.008160314 -0.043031536 -0.838399649 0.001649993 0.545053601 3.794977665
0.496683121 0.011306897 0.867858291 -0.076299310 -0.006564612 0.999935508 -0.009270678 -0.043389581 -0.867906988 -0.001092562 0.496725351 3.802589893
0.451713353 0.013693204 0.892058074 -0.060809970 -0.007163974 0.999905705 -0.011721043 -0.043646172 -0.892134249 -0.001096129 0.451768905 3.808621883
0.409311593 0.010356505 0.912335873 -0.045344114 0.000479712 0.999933004 -0.011566095 -0.044295616 -0.912394464 0.005171795 0.409279168 3.813542366
0.369301826 0.002839139 0.929305136 -0.028964877 0.014781795 0.999850929 -0.008928887 -0.044658244 -0.929191947 0.017034253 0.369204789 3.818000317
0.334280282 -0.000561970 0.942473471 -0.012458205 0.019137800 0.999797642 -0.006191722 -0.044603527 -0.942279398 0.020106640 0.334223390 3.821981668
0.300146729 0.004268498 0.953883410 0.003675103 0.016386123 0.999819398 -0.009630075 -0.044835556 -0.953752279 0.018520888 0.300022542 3.826920986
0.269751012 0.011376373 0.962862849 0.020971179 0.006020833 0.999890685 -0.013500628 -0.045452438 -0.962911248 0.009439046 0.269653082 3.831428051
0.239655107 0.015427421 0.970735431 0.038085759 0.002528738 0.999860406 -0.016514583 -0.046037659 -0.970854819 0.006412540 0.239582643 3.835975885
0.215902448 0.017331291 0.976261079 0.056782722 0.002312025 0.999830604 -0.018261027 -0.046980895 -0.976412177 0.006199739 0.215825781 3.838376999
0.193051755 0.018898766 0.981006563 0.075076580 0.009882434 0.999726295 -0.021204159 -0.047324996 -0.981138825 0.013788232 0.192812130 3.840404272
0.172468141 0.024989719 0.984698057 0.094755590 0.017178327 0.999449790 -0.028372848 -0.047403276 -0.984865308 0.021808879 0.171943963 3.842960119
0.153118789 0.031818520 0.987695396 0.114050329 0.019718977 0.999184072 -0.035245590 -0.047345400 -0.988011062 0.024873104 0.152366415 3.845316410
0.135327086 0.032421354 0.990270257 0.135127425 0.017024346 0.999240935 -0.035041548 -0.048173510 -0.990654647 0.021600777 0.134672403 3.847989082
0.119952343 0.027694114 0.992393196 0.155861318 0.014704788 0.999451637 -0.029668486 -0.049356602 -0.992670655 0.018151743 0.119479351 3.850210667
0.105344400 0.024853636 0.994125128 0.178403854 0.015353293 0.999527812 -0.026615646 -0.050244194 -0.994317234 0.018066909 0.104913078 3.852423668
0.092643604 0.021893146 0.995458663 0.200443894 0.017666284 0.999564707 -0.023627590 -0.051125988 -0.995542645 0.019774999 0.092216507 3.853627920
0.080631450 0.021579051 0.996510386 0.224292338 0.021942530 0.999484897 -0.023418918 -0.051701218 -0.996502340 0.023754263 0.080116421 3.855367422
0.070171677 0.021951487 0.997293413 0.248037338 0.025292998 0.999397278 -0.023777466 -0.052337997 -0.997214198 0.026893046 0.069574162 3.856742859
0.062295187 0.022714894 0.997799277 0.272821367 0.026551742 0.999349475 -0.024407879 -0.053125452 -0.997704566 0.028013803 0.061651532 3.858002424
0.057001658 0.022773014 0.998114467 0.298113525 0.028722681 0.999288738 -0.024440143 -0.053971969 -0.997960865 0.030061651 0.056306999 3.859155893
0.051620997 0.024070462 0.998376608 0.324417382 0.029848171 0.999225676 -0.025634235 -0.054587163 -0.998220503 0.031122984 0.050862581 3.860114813
0.045904826 0.025068060 0.998631179 0.350733221 0.030697701 0.999177575 -0.026492875 -0.055338059 -0.998474002 0.031871837 0.045097537 3.860791445
0.041358300 0.024987949 0.998831868 0.380263239 0.032236781 0.999133348 -0.026330315 -0.056077980 -0.998624206 0.033288095 0.040516924 3.861946821
0.038808733 0.024817655 0.998938441 0.408283353 0.034336481 0.999067962 -0.026154850 -0.057152707 -0.998656631 0.035315070 0.037920412 3.862516642
0.035738189 0.024381397 0.999063730 0.439081788 0.035615098 0.999036193 -0.025654739 -0.057904419 -0.998726368 0.036498610 0.034835398 3.863313198
0.033361774 0.024029808 0.999154389 0.468530476 0.037251346 0.998986304 -0.025269590 -0.058464944 -0.998748899 0.038062885 0.032432813 3.864030600
0.032748979 0.023247866 0.999193311 0.501766145 0.042364471 0.998798668 -0.024627205 -0.059879187 -0.998565316 0.043136813 0.031724755 3.864824295
0.033946015 0.022658698 0.999166787 0.533155560 0.046008188 0.998647630 -0.024210025 -0.060929380 -0.998364091 0.046791695 0.032857619 3.865556479
0.036142416 0.022826560 0.999085903 0.565415502 0.046806119 0.998603344 -0.024508765 -0.061639838 -0.998249829 0.047649134 0.035023514 3.866731405
0.039914951 0.022687694 0.998945475 0.601280391 0.049763612 0.998456419 -0.024664996 -0.063011386 -0.997963071 0.050695639 0.038724314 3.868155003
0.044533268 0.022199659 0.998761177 0.635304987 0.050155330 0.998442650 -0.024428930 -0.063892387 -0.997748077 0.051181093 0.043350484 3.869502068
0.048262380 0.020654419 0.998621166 0.670083165 0.051490746 0.998405337 -0.023138454 -0.064853713 -0.997506678 0.052536465 0.047121912 3.871399164
0.052282449 0.018801529 0.998455226 0.707694411 0.051432643 0.998445153 -0.021494519 -0.066214785 -0.997307003 0.052476987 0.051234130 3.873446226
0.056162331 0.017011104 0.998276651 0.743742287 0.047927868 0.998656273 -0.019713957 -0.067044012 -0.997270703 0.048952457 0.055271551 3.876008987
0.060603138 0.015758581 0.998037517 0.780268431 0.047682464 0.998688161 -0.018664248 -0.068088114 -0.997022390 0.048720010 0.059772231 3.878193617
0.064552210 0.016763331 0.997773409 0.819302082 0.044751961 0.998804331 -0.019675938 -0.069137052 -0.996910393 0.045922440 0.063724823 3.880921364
0.067674555 0.020869132 0.997489035 0.856234193 0.042783592 0.998800874 -0.023799226 -0.070239127 -0.996789753 0.044286773 0.066700540 3.883708477
0.068923637 0.025924943 0.997284949 0.894057393 0.037765823 0.998877883 -0.028576402 -0.071463406 -0.996906877 0.039632875 0.067867227 3.887187481
0.068895228 0.029193519 0.997196615 0.933273137 0.033607695 0.998936415 -0.031566374 -0.073165931 -0.997057617 0.035688251 0.067840815 3.889854193
0.068916470 0.028871506 0.997204602 0.971224010 0.031211266 0.999029398 -0.031081343 -0.074674815 -0.997134089 0.033266030 0.067948461 3.892901659
0.068719894 0.026957443 0.997271717 1.009111524 0.028309476 0.999179542 -0.028959772 -0.076349705 -0.997234225 0.030222351 0.067900367 3.896173239
0.068380632 0.025920486 0.997322500 1.048389912 0.028923346 0.999190807 -0.027952151 -0.077724449 -0.997239947 0.030757297 0.067575566 3.899019480
0.068743393 0.025025057 0.997320414 1.086122036 0.026712367 0.999280810 -0.026915478 -0.079462498 -0.997276723 0.028491056 0.068025462 3.902169943
0.069604963 0.025090521 0.997258902 1.121629238 0.025395341 0.999315083 -0.026914749 -0.081213862 -0.997251272 0.027199134 0.068920113 3.904114246
0.068986140 0.025980188 0.997279108 1.162840605 0.022489570 0.999366283 -0.027590254 -0.082512125 -0.997364044 0.024331730 0.068358138 3.907985926
0.067295812 0.027320493 0.997358859 1.200227261 0.019911392 0.999389112 -0.028719610 -0.083820432 -0.997534275 0.021791508 0.066710711 3.911213160
0.064409457 0.027500596 0.997544408 1.238066554 0.016878044 0.999447227 -0.028642828 -0.085288890 -0.997780800 0.018681470 0.063909687 3.913862467
0.061230391 0.025813729 0.997789741 1.277324677 0.014296680 0.999540389 -0.026736343 -0.087121919 -0.998021245 0.015902156 0.060833201 3.916296482
0.056307718 0.023679843 0.998132586 1.314394951 0.011468788 0.999637365 -0.024362531 -0.088622138 -0.998347580 0.012819167 0.056015726 3.918401241
0.049981054 0.021757200 0.998513103 1.352206230 0.009489780 0.999707222 -0.022258237 -0.089886561 -0.998705029 0.010588160 0.049759947 3.920707941
0.042914711 0.021608479 0.998844981 1.390614033 0.009803930 0.999709010 -0.022048377 -0.091600180 -0.999030590 0.010738808 0.042690370 3.922456264
0.034012150 0.022285398 0.999172986 1.427312493 0.010151770 0.999692202 -0.022642544 -0.092954904 -0.999369919 0.010913494 0.033775449 3.924046516
0.024206107 0.022865007 0.999445379 1.463962555 0.010461967 0.999677896 -0.023123708 -0.094278805 -0.999652326 0.011015900 0.023959095 3.924705267
0.013588146 0.022053001 0.999664426 1.502157927 0.011145778 0.999691367 -0.022205094 -0.095742270 -0.999845564 0.011443766 0.013338152 3.925625801
0.002781575 0.021289667 0.999769449 1.538637161 0.009893709 0.999723852 -0.021316219 -0.096718840 -0.999947190 0.009950723 0.002570172 3.925690174
-0.009149407 0.020832917 0.999741077 1.575313568 0.012273323 0.999710023 -0.020719945 -0.097805977 -0.999882877 0.012080573 -0.009402445 3.925830603
-0.019171899 0.020605465 0.999603808 1.613172889 0.012026076 0.999720037 -0.020377208 -0.099726349 -0.999743879 0.011630640 -0.019414337 3.924460173
-0.030070076 0.021178063 0.999323368 1.648925424 0.012215860 0.999708593 -0.020818647 -0.100898832 -0.999473155 0.011581574 -0.030320026 3.923144102
-0.039724834 0.022178065 0.998964489 1.684211016 0.012255735 0.999689281 -0.021706795 -0.102295041 -0.999135494 0.011380744 -0.039984301 3.921040535
-0.050943203 0.023513746 0.998424709 1.721658230 0.012619910 0.999658167 -0.022898881 -0.103455573 -0.998621821 0.011433486 -0.051222529 3.919594765
-0.060641445 0.024118619 0.997868240 1.757026315 0.013620841 0.999634922 -0.023333570 -0.104806975 -0.998066723 0.012176822 -0.060947828 3.917605162
-0.070006564 0.024404965 0.997247994 1.792588949 0.014079808 0.999625266 -0.023474744 -0.106627241 -0.997447133 0.012397674 -0.070323952 3.915210485
-0.080721319 0.025414336 0.996412754 1.827277422 0.015019063 0.999592483 -0.024278715 -0.107122570 -0.996623516 0.013005375 -0.081070118 3.914038420
-0.088095531 0.024131469 0.995819569 1.862445116 0.015612341 0.999617279 -0.022842336 -0.109276339 -0.995989621 0.013534770 -0.088438563 3.909176588
-0.095536627 0.023356656 0.995151877 1.897721529 0.017427742 0.999610662 -0.021788206 -0.110327005 -0.995273232 0.015261677 -0.095906496 3.905261993
-0.102406658 0.022011213 0.994499028 1.927530646 0.020428648 0.999590814 -0.020020308 -0.111123823 -0.994532883 0.018266059 -0.102814414 3.905408144
-0.104932085 0.019970348 0.994278789 1.963411212 0.023063516 0.999578357 -0.017642761 -0.112564906 -0.994211912 0.021080272 -0.105348445 3.898880005
-0.107791893 0.018891187 0.993993819 1.996330500 0.024086978 0.999575615 -0.016385198 -0.113532633 -0.993881643 0.022176120 -0.108201183 3.895191669
-0.109620705 0.017969673 0.993810892 2.028535366 0.025929559 0.999548078 -0.015213288 -0.115029335 -0.993635237 0.024101388 -0.110037111 3.892371178
-0.110215522 0.018443296 0.993736565 2.059418678 0.025910372 0.999541342 -0.015677307 -0.115784511 -0.993570030 0.024020199 -0.110642813 3.888666630
-0.109199025 0.019335357 0.993831873 2.089770794 0.026185658 0.999519765 -0.016568827 -0.116946384 -0.993674994 0.024214843 -0.109652907 3.885246992
-0.106542297 0.021345489 0.994079053 2.119717360 0.027429983 0.999452174 -0.018521003 -0.117513843 -0.993929803 0.025294300 -0.107069418 3.882461786
-0.101340130 0.021695795 0.994615257 2.146865606 0.027425852 0.999443054 -0.019006716 -0.118834287 -0.994473696 0.025352027 -0.101878725 3.879568815
-0.093146190 0.022848442 0.995390236 2.174417734 0.028774673 0.999380827 -0.020247374 -0.119266219 -0.995236456 0.026756061 -0.093745969 3.877539635
-0.082087681 0.022281840 0.996376038 2.200101376 0.026273729 0.999450922 -0.020186011 -0.120732829 -0.996278703 0.024521494 -0.082628049 3.875882149
-0.067674071 0.022538381 0.997452855 2.224966049 0.025647400 0.999453723 -0.020843489 -0.121962905 -0.997377753 0.024171511 -0.068215162 3.872905970
-0.051177289 0.023955155 0.998402238 2.251949072 0.024404826 0.999443710 -0.022729171 -0.123039283 -0.998391271 0.023202613 -0.051733438 3.873459816
-0.030124824 0.025941923 0.999209404 2.275774002 0.021369224 0.999451280 -0.025303951 -0.124761470 -0.999317646 0.020590054 -0.030662650 3.873413563
-0.005558223 0.028879350 0.999567389 2.299680233 0.019251844 0.999400616 -0.028767478 -0.125796616 -0.999799073 0.019083621 -0.006110873 3.874121666
0.023221906 0.030728323 0.999257982 2.323729753 0.018303195 0.999346852 -0.031156411 -0.126623422 -0.999562740 0.019013120 0.022644311 3.875029564
0.057123758 0.031188834 0.997879803 2.346961975 0.018498365 0.999307215 -0.032292392 -0.126751959 -0.998195708 0.020303806 0.056507237 3.876621008
0.095663294 0.028962199 0.994992375 2.369370461 0.018021114 0.999362409 -0.030822041 -0.127414376 -0.995250642 0.020879410 0.095080376 3.879185200
0.137185633 0.024282537 0.990247548 2.393446684 0.013350418 0.999563336 -0.026360495 -0.129568323 -0.990455449 0.016836502 0.136801541 3.884300232
0.182202637 0.019941410 0.983058691 2.416079521 0.010734924 0.999694407 -0.022268500 -0.130581453 -0.983202398 0.014610439 0.181932852 3.889704227
0.230739608 0.016820211 0.972870111 2.438085794 0.006443784 0.999802232 -0.018814147 -0.131213591 -0.972994208 0.010610135 0.230585605 3.896418095
0.282489747 0.014815429 0.959155917 2.459361076 0.001613902 0.999871910 -0.015919670 -0.132528678 -0.959268928 0.006045126 0.282429636 3.903619766
0.337517142 0.014495658 0.941207767 2.480308533 0.000584443 0.999877930 -0.015608829 -0.133257627 -0.941319287 0.005818328 0.337467402 3.912371159
0.395232677 0.015514581 0.918449998 2.500687361 0.002639504 0.999833941 -0.018025178 -0.133589715 -0.918577254 0.009548392 0.395126104 3.922673225
0.454451650 0.018692780 0.890575290 2.517770529 0.003144050 0.999739945 -0.022588473 -0.134442389 -0.890765905 0.013065384 0.454274714 3.933144569
0.513751328 0.021199804 0.857677221 2.535766125 0.006192187 0.999576926 -0.028416375 -0.135208428 -0.857916832 0.019909848 0.513402700 3.945569992
0.571913898 0.027556745 0.819850683 2.552440643 -0.000776287 0.999453366 -0.033052009 -0.135468096 -0.820313334 0.018266466 0.571622729 3.959193230
0.626974821 0.030657357 0.778436065 2.567031384 -0.004878076 0.999360323 -0.035429131 -0.136056989 -0.779024303 0.018415906 0.626723349 3.974050760
0.679100454 0.032159984 0.733340502 2.582196236 -0.007016872 0.999278486 -0.037324578 -0.136662111 -0.734011889 0.020201385 0.678836226 3.990584850
0.730837703 0.031831484 0.681808650 2.597996473 -0.007731782 0.999233961 -0.038363289 -0.136533946 -0.682507515 0.022765746 0.730524063 4.006726742
0.773738742 0.025564536 0.632988751 2.608641863 -0.008704661 0.999520183 -0.029727444 -0.138666883 -0.633444905 0.017491324 0.773590028 4.024689198
0.813348889 0.019901274 0.581435680 2.618840218 -0.009272723 0.999731302 -0.021247350 -0.140009537 -0.581702232 0.011890018 0.813314915 4.044216156
0.849880874 0.018751096 0.526641130 2.630297661 -0.012107571 0.999797761 -0.016058967 -0.139801860 -0.526835620 0.007271864 0.849936008 4.065655708
0.881072104 0.015117637 0.472740352 2.637607098 -0.012368901 0.999883711 -0.008922416 -0.140232921 -0.472820312 0.002014012 0.881156564 4.083024979
0.906319857 0.015690403 0.422300965 2.644752979 -0.015737355 0.999870479 -0.003375063 -0.140666947 -0.422299236 -0.003587015 0.906449378 4.103168011
0.926038206 0.016888736 0.377051860 2.651313305 -0.018395813 0.999830723 0.000396082 -0.141331479 -0.376981318 -0.007302961 0.926192105 4.124627590
0.941373050 0.022964166 0.336584985 2.657036304 -0.025504924 0.999669790 0.003128673 -0.141433343 -0.336401939 -0.011529824 0.941647947 4.144352436
0.953271568 0.027208993 0.300887078 2.663113117 -0.029101633 0.999574840 0.001809080 -0.141163319 -0.300709933 -0.010480848 0.953658104 4.167958736
0.962196589 0.029496670 0.270754129 2.668116093 -0.031298652 0.999507308 0.002339067 -0.141421646 -0.270551741 -0.010724878 0.962645769 4.192378521
0.968310237 0.022867572 0.248700976 2.672496557 -0.024221968 0.999703765 0.002386749 -0.141253874 -0.248572707 -0.008335141 0.968577325 4.211125851
0.972049534 0.020175040 0.233907133 2.677633286 -0.021444075 0.999765873 0.002883139 -0.141490400 -0.233794168 -0.007818477 0.972254634 4.235899448
0.974967360 0.023347240 0.221118331 2.682506323 -0.024252990 0.999704838 0.001381713 -0.140707582 -0.221020788 -0.006709904 0.975246012 4.261448383
0.977045953 0.028771423 0.211076543 2.686202526 -0.030100580 0.999542117 0.003086088 -0.141435772 -0.210891113 -0.009368778 0.977464676 4.282099247
0.977939129 0.036292218 0.205713168 2.690520287 -0.037449885 0.999297023 0.001735434 -0.141346663 -0.205505550 -0.009401083 0.978610873 4.308260441
0.978313029 0.041857090 0.202858895 2.695452929 -0.042303968 0.999102473 -0.002134526 -0.141299576 -0.202766195 -0.006493500 0.979205668 4.335422993
0.978563249 0.043870036 0.201219469 2.700067759 -0.043917686 0.999026239 -0.004229591 -0.142111540 -0.201209053 -0.004698172 0.979537070 4.356434345
0.978080809 0.042480070 0.203845873 2.705970764 -0.041840516 0.999096632 -0.007448141 -0.142838567 -0.203978091 -0.001244134 0.978974640 4.384238243
0.977323592 0.041174684 0.207709417 2.711138010 -0.039091595 0.999135792 -0.014125310 -0.142918780 -0.208111539 0.005685306 0.978088558 4.408423424
0.976418316 0.041589122 0.211843014 2.717564106 -0.038436953 0.999080837 -0.018977948 -0.143266797 -0.212437600 0.010387816 0.977119386 4.437471867
0.975234270 0.046340846 0.216264844 2.722527027 -0.043322604 0.998886526 -0.018678647 -0.143585265 -0.216889605 0.008846900 0.976155937 4.462906837
0.973760307 0.050047912 0.222004369 2.729199409 -0.048008256 0.998740494 -0.014577804 -0.144360811 -0.222454384 0.003537246 0.974936545 4.493335724
0.972793221 0.046743594 0.226910412 2.735093594 -0.045658603 0.998906672 -0.010030854 -0.144903243 -0.227131248 -0.000602468 0.973863959 4.519533634
0.972074032 0.042809118 0.230736807 2.743072987 -0.042971291 0.999066889 -0.004324831 -0.145503059 -0.230706662 -0.005711005 0.973006606 4.551511288
0.971343100 0.039764196 0.234331563 2.749699831 -0.040965177 0.999160528 0.000257873 -0.145932421 -0.234124586 -0.009849918 0.972156584 4.578576565
0.970880687 0.034931567 0.237002432 2.757963181 -0.036117151 0.999347389 0.000661098 -0.146022320 -0.236824647 -0.009201702 0.971508801 4.610725403
0.970889151 0.031819317 0.237406358 2.765040159 -0.032177918 0.999479353 -0.002365422 -0.146517321 -0.237358004 -0.005342679 0.971407533 4.639185905
0.971003592 0.031357229 0.236999616 2.773056507 -0.029888915 0.999505281 -0.009786872 -0.146798596 -0.237189248 0.002419428 0.971460521 4.672547340
0.971001744 0.033277988 0.236744806 2.780501366 -0.030339412 0.999410927 -0.016045805 -0.147597969 -0.237139300 0.008397805 0.971439362 4.707016468
0.971625328 0.036475930 0.233695596 2.786992073 -0.032787353 0.999269068 -0.019650564 -0.147948816 -0.234241605 0.011430727 0.972111166 4.733337402
0.972209692 0.034832075 0.231506065 2.795239925 -0.032039240 0.999361515 -0.015813729 -0.148202986 -0.231909066 0.007956983 0.972704947 4.770240307
0.972442567 0.030563407 0.231130600 2.802626133 -0.029526753 0.999532342 -0.007943761 -0.149161771 -0.231265351 0.000900319 0.972890258 4.805789948
0.973217309 0.031460211 0.227723986 2.810116768 -0.031850435 0.999490678 -0.001962021 -0.149754718 -0.227669746 -0.005343636 0.973723710 4.834193230
0.973560631 0.034559723 0.225799114 2.818399668 -0.034820188 0.999389589 -0.002830238 -0.150219440 -0.225759089 -0.005106960 0.974169731 4.871599197
0.973583221 0.040880434 0.224642828 2.825381279 -0.040272620 0.999162138 -0.007289059 -0.150800511 -0.224752590 -0.001950448 0.974413812 4.909728050
0.974501312 0.041381612 0.220532864 2.833912611 -0.039541826 0.999136627 -0.012752407 -0.151081502 -0.220870137 0.003706966 0.975296199 4.948131084
0.975654483 0.040010743 0.215632573 2.841086388 -0.037509572 0.999173164 -0.015680747 -0.151360109 -0.216081664 0.007210703 0.976348698 4.974599838
0.976555109 0.037007745 0.212062120 2.849417210 -0.034717936 0.999291778 -0.014512543 -0.151772082 -0.212448999 0.006809940 0.977148473 5.014897823
0.977374434 0.033862211 0.208787933 2.858016968 -0.032023441 0.999412835 -0.012181914 -0.153018892 -0.209077865 0.005220186 0.977885067 5.054628849
0.977856338 0.032254845 0.206776723 2.866300583 -0.030895676 0.999474585 -0.009799774 -0.153249294 -0.206984177 0.003194262 0.978339136 5.094207764
0.978279650 0.029276915 0.205211550 2.875806093 -0.028466575 0.999570966 -0.006900582 -0.155057266 -0.205325514 0.000909029 0.978693366 5.136963367
0.978417993 0.025027215 0.205114052 2.880880356 -0.024450686 0.999686658 -0.005345259 -0.155490041 -0.205183581 0.000214718 0.978723526 5.161563396
0.978327394 0.025523640 0.205484644 2.888462305 -0.025297265 0.999672890 -0.003729182 -0.155970231 -0.205512658 -0.001549839 0.978653252 5.204612732
0.978254616 0.030958971 0.205083773 2.897548199 -0.030447438 0.999520361 -0.005650277 -0.156472191 -0.205160335 -0.000716866 0.978728116 5.246118069
0.978102446 0.036037870 0.204979956 2.906885624 -0.034965597 0.999349236 -0.008852039 -0.157305226 -0.205165595 0.001490956 0.978726208 5.287508011
0.977434337 0.045490056 0.206282869 2.914095879 -0.044258889 0.998964012 -0.010581460 -0.157771707 -0.206550524 0.001212833 0.978435159 5.329848766
0.976465702 0.051615190 0.209404811 2.918931961 -0.050641764 0.998666883 -0.010011280 -0.158690125 -0.209642351 -0.000828957 0.977777719 5.355446815
0.975611567 0.054419722 0.212651044 2.927476883 -0.053822264 0.998513460 -0.008601900 -0.159095973 -0.212803021 -0.003053246 0.977090299 5.398519993
0.975051463 0.054263242 0.215244055 2.936620712 -0.053464063 0.998524308 -0.009537716 -0.160043269 -0.215443969 -0.002208056 0.976513684 5.441559315
0.974712193 0.052195031 0.217282712 2.945514202 -0.050626520 0.998635948 -0.012783109 -0.160151899 -0.217653543 0.001459586 0.976024926 5.484743118
0.974945128 0.046020739 0.217632860 2.953408718 -0.044827145 0.998940468 -0.010421109 -0.161843210 -0.217881858 0.000404150 0.975975037 5.513783932
0.975220501 0.039340053 0.217709467 2.963701725 -0.037566319 0.999218702 -0.012281891 -0.162663966 -0.218022540 0.003799008 0.975936353 5.556769371
0.975001872 0.038569357 0.218823552 2.973577023 -0.036762182 0.999248087 -0.012325769 -0.163738325 -0.219134375 0.003973217 0.975686550 5.599701881
0.974527299 0.040946897 0.220499024 2.980653286 -0.039890256 0.999161303 -0.009244531 -0.164682984 -0.220692620 0.000213285 0.975343347 5.631585598
0.974105537 0.042715531 0.222021967 2.990018368 -0.043009348 0.999068499 -0.003513627 -0.165276572 -0.221965253 -0.006126375 0.975035250 5.674747944
0.973757684 0.045889061 0.222912714 2.999280691 -0.047221616 0.998884261 0.000648494 -0.166161284 -0.222634226 -0.011157773 0.974838138 5.718237877
0.973538041 0.045570176 0.223935306 3.009097576 -0.045486119 0.998949647 -0.005536613 -0.167443156 -0.223952383 -0.004795843 0.974588275 5.760628700
0.973867595 0.040455904 0.223484457 3.018757820 -0.036780197 0.999111354 -0.020587174 -0.167763382 -0.224118695 0.011829379 0.974490047 5.801640987
0.974359453 0.038589075 0.221662924 3.030637741 -0.032887939 0.999027908 -0.029354874 -0.168926865 -0.222580209 0.021312164 0.974681377 5.844251156
0.974424660 0.035825238 0.221840054 3.033903599 -0.032107394 0.999277353 -0.020343989 -0.169649959 -0.222408578 0.012700978 0.974870801 5.866028786
0.974837124 0.029456586 0.220963284 3.043910980 -0.030167824 0.999544799 -0.000155974 -0.170200050 -0.220867306 -0.006513935 0.975282133 5.909666061
0.975009143 0.026321413 0.220599994 3.053162098 -0.030423695 0.999421299 0.015218500 -0.171640784 -0.220071733 -0.021549646 0.975245595 5.953339100
0.975084722 0.031047236 0.219649166 3.062715530 -0.033941101 0.999379456 0.009412639 -0.172110423 -0.219220638 -0.016633257 0.975533485 5.995569706
