0.999971390 -0.001358352 -0.007431051 -0.000493959 0.001331701 0.999992609 -0.003590179 -0.000425041 0.007435872 0.003580181 0.999965966 0.060206939
0.999932170 -0.001399721 -0.011561739 -0.000926153 0.001342028 0.999986649 -0.004996207 -0.000588637 0.011568577 0.004980351 0.999920666 0.091320634
0.999866068 -0.000062138 -0.016367665 -0.001766823 -0.000028241 0.999984682 -0.005521535 -0.000964730 0.016367756 0.005521256 0.999850750 0.123019487
0.999792159 -0.000708079 -0.020379646 -0.002837870 0.000588371 0.999982476 -0.005879292 -0.001293561 0.020383451 0.005866080 0.999775052 0.155290991
0.999689162 0.000946582 -0.024915200 -0.003913611 -0.001126141 0.999973476 -0.007193736 -0.001550310 0.024907729 0.007219557 0.999663770 0.188469306
0.999543905 0.003661586 -0.029974492 -0.005157026 -0.003900432 0.999961078 -0.007913699 -0.001875498 0.029944345 0.008027004 0.999519348 0.222459748
0.999403298 0.004048371 -0.034303635 -0.006549904 -0.004260614 0.999972165 -0.006116321 -0.002354144 0.034277927 0.006258827 0.999392748 0.257329315
0.999240577 0.003153956 -0.038839124 -0.007832025 -0.003306081 0.999987125 -0.003853217 -0.002445041 0.038826473 0.003978696 0.999238014 0.292114556
0.999108732 0.003002942 -0.042103898 -0.009742345 -0.003033077 0.999995172 -0.000651867 -0.003205359 0.042101745 0.000778990 0.999112964 0.327691197
0.999011517 0.004387129 -0.044235729 -0.011891434 -0.004426125 0.999989808 -0.000783671 -0.003898383 0.044231851 0.000978689 0.999020815 0.362798661
0.998869479 0.003916941 -0.047378026 -0.013188958 -0.003975962 0.999991357 -0.001151539 -0.004074736 0.047373120 0.001338610 0.998876274 0.399618596
0.998804152 0.000762420 -0.048883162 -0.015129693 -0.000823715 0.999998808 -0.001233756 -0.004616532 0.048882164 0.001272546 0.998803735 0.435598582
0.998689175 0.000775923 -0.051178597 -0.016716974 -0.000832923 0.999998927 -0.001092416 -0.004382398 0.051177699 0.001133611 0.998688877 0.472947091
0.998617589 -0.000927374 -0.052554566 -0.018946581 0.000865759 0.999998868 -0.001195144 -0.004858362 0.052555617 0.001147992 0.998617291 0.509671330
0.998531044 0.001684785 -0.054156035 -0.021438811 -0.001912840 0.999989450 -0.004159516 -0.004887074 0.054148462 0.004256997 0.998523831 0.547209024
0.998450637 0.002228912 -0.055599827 -0.023660863 -0.002609054 0.999973655 -0.006765453 -0.005307965 0.055583283 0.006900033 0.998430252 0.584325790
0.998320997 0.006330783 -0.057576898 -0.025833167 -0.006791561 0.999946296 -0.007810675 -0.006336591 0.057524364 0.008188597 0.998310506 0.623543859
0.998236537 0.007134624 -0.058931470 -0.028194224 -0.007585430 0.999943554 -0.007429499 -0.006832665 0.058875132 0.007863417 0.998234332 0.661782622
0.998185813 0.006135438 -0.059895817 -0.030868717 -0.006488918 0.999962687 -0.005708834 -0.007667013 0.059858561 0.006087136 0.998188198 0.700941622
0.998054504 0.006434851 -0.062014855 -0.033023853 -0.006727061 0.999967277 -0.004504280 -0.007888045 0.061983854 0.004912695 0.998064935 0.740548253
0.998061478 0.006136626 -0.061932910 -0.035960849 -0.006393032 0.999971807 -0.003942754 -0.008811068 0.061906960 0.004331050 0.998072505 0.779043853
0.997933388 0.005810791 -0.063994735 -0.038170531 -0.006140999 0.999968827 -0.004964425 -0.009238852 0.063963890 0.005347156 0.997937858 0.818336844
0.997881055 0.005352395 -0.064843699 -0.040993292 -0.005809558 0.999959648 -0.006863727 -0.009163637 0.064804345 0.007225896 0.997871757 0.857663274
0.997851431 0.003446288 -0.065427125 -0.043496538 -0.003683674 0.999987006 -0.003507962 -0.010578414 0.065414190 0.003741437 0.997851133 0.896816611
0.997850478 0.005466027 -0.065303557 -0.046596680 -0.005603930 0.999982357 -0.001928741 -0.010178568 0.065291867 0.002290552 0.997863531 0.936505735
0.997906625 0.005055508 -0.064473264 -0.049136180 -0.004828159 0.999981582 0.003681587 -0.011479229 0.064490691 -0.003362592 0.997912645 0.977014780
0.997953355 0.005263660 -0.063728526 -0.051042955 -0.004893837 0.999970317 0.005957795 -0.011504848 0.063758001 -0.005633724 0.997949481 1.017764926
0.998118162 0.004587095 -0.061145891 -0.054323614 -0.004128622 0.999962389 0.007622237 -0.012217960 0.061178554 -0.007355448 0.998099685 1.057375312
0.998185217 0.004277227 -0.060064964 -0.056599542 -0.003984857 0.999979615 0.004986486 -0.012469739 0.060085069 -0.004738089 0.998181939 1.098079681
0.998267114 0.006405706 -0.058496278 -0.059730921 -0.006446165 0.999979079 -0.000502990 -0.012323044 0.058491834 0.000879195 0.998287499 1.138543606
0.998317122 0.005901192 -0.057691619 -0.061949752 -0.006076111 0.999977410 -0.002857043 -0.012933180 0.057673458 0.003202775 0.998330355 1.179251313
0.998390198 0.003016606 -0.056636479 -0.064534850 -0.003149510 0.999992490 -0.002257481 -0.013149306 0.056629241 0.002432224 0.998392344 1.220528007
0.998429716 0.001947532 -0.055984005 -0.067638747 -0.001803408 0.999994934 0.002624803 -0.013571406 0.055988837 -0.002519720 0.998428285 1.261822462
0.998329163 -0.002263391 -0.057737816 -0.068888694 0.002629216 0.999976933 0.006260782 -0.014184700 0.057722315 -0.006402127 0.998312056 1.303768635
0.998209119 -0.009679108 -0.059032198 -0.070721187 0.010026455 0.999934137 0.005590688 -0.014435353 0.058974195 -0.006172560 0.998240352 1.345883250
0.998126984 -0.010629838 -0.060244944 -0.073405355 0.010749036 0.999940753 0.001654799 -0.015033665 0.060223795 -0.002299275 0.998182178 1.387871385
0.997982323 -0.011428773 -0.062454242 -0.075386226 0.011320439 0.999933660 -0.002088175 -0.015454568 0.062473971 0.001376953 0.998045564 1.430614710
0.997889757 -0.009391623 -0.064248659 -0.078037336 0.009237139 0.999953687 -0.002701074 -0.016004933 0.064271048 0.002101901 0.997930348 1.471874475
0.997858882 -0.008811091 -0.064806357 -0.081419803 0.008723837 0.999960601 -0.001629220 -0.016442614 0.064818166 0.001060372 0.997896492 1.514788985
0.997783840 -0.005324387 -0.066324301 -0.083943188 0.005421895 0.999984503 0.001290257 -0.017278871 0.066316396 -0.001647001 0.997797370 1.557729721
0.997656286 -0.005935419 -0.068165019 -0.086546294 0.006139650 0.999977291 0.002787015 -0.017756723 0.068146914 -0.003198992 0.997670174 1.601516604
0.997679412 -0.004370245 -0.067946166 -0.090621322 0.004722157 0.999976337 0.005019536 -0.017573729 0.067922607 -0.005328741 0.997676373 1.643157244
0.997703850 -0.004205164 -0.067597166 -0.093315728 0.004766106 0.999955475 0.008139181 -0.018019741 0.067559928 -0.008442668 0.997679532 1.685423851
0.997673273 0.001137221 -0.068165250 -0.097310737 -0.000430605 0.999946058 0.010380028 -0.018026397 0.068173379 -0.010326526 0.997620106 1.729329348
0.997649252 0.000502757 -0.068523757 -0.100246906 0.000182417 0.999950051 0.009992435 -0.018214913 0.068525352 -0.009981447 0.997599483 1.772297263
0.997640669 0.001225673 -0.068640977 -0.103146493 -0.000693175 0.999969363 0.007781015 -0.018153425 0.068648405 -0.007715076 0.997611105 1.814867854
0.997639179 0.003697491 -0.068574443 -0.106371783 -0.003328598 0.999979317 0.005492950 -0.018578950 0.068593331 -0.005251726 0.997630894 1.857559681
0.997560918 0.003773548 -0.069700062 -0.109028302 -0.003362147 0.999976218 0.006018828 -0.019205403 0.069721118 -0.005769806 0.997549772 1.899217129
0.997474492 0.001727819 -0.071005002 -0.112281792 -0.001237215 0.999975026 0.006952831 -0.019229842 0.071015246 -0.006847421 0.997451782 1.942030311
0.997425437 0.002213074 -0.071677327 -0.115317635 -0.001625397 0.999964714 0.008256207 -0.019793108 0.071693063 -0.008118447 0.997393727 1.983627796
0.997384667 0.004524782 -0.072134070 -0.118812561 -0.004223104 0.999981761 0.004334136 -0.019796697 0.072152361 -0.004018172 0.997385502 2.025967360
0.997303724 0.005127693 -0.073205777 -0.121641830 -0.005127050 0.999986887 0.000196696 -0.020365866 0.073205814 0.000179163 0.997316897 2.067666292
0.997275889 0.005541518 -0.073553815 -0.124925151 -0.005613310 0.999983966 -0.000769355 -0.020716239 0.073548369 0.001180139 0.997290909 2.107810259
0.997161686 0.003811438 -0.075194396 -0.126880556 -0.003646346 0.999990642 0.002332702 -0.020715717 0.075202592 -0.002051896 0.997166157 2.149849892
0.997205198 0.002714043 -0.074662484 -0.130618662 -0.002301584 0.999981582 0.005609789 -0.021542858 0.074676335 -0.005422269 0.997193038 2.191236496
0.997239769 0.000326610 -0.074249245 -0.133796334 0.000157287 0.999978721 0.006511264 -0.021897482 0.074249811 -0.006504969 0.997218490 2.231309414
0.997205317 -0.003215935 -0.074641913 -0.136727467 0.003642411 0.999977767 0.005578201 -0.022579681 0.074622318 -0.005834489 0.997194827 2.271974802
0.997191429 -0.005602400 -0.074685931 -0.139828324 0.005927862 0.999973953 0.004136797 -0.022749469 0.074660808 -0.004567905 0.997198522 2.312158346
0.997091293 -0.007216117 -0.075874582 -0.142561257 0.007640734 0.999956667 0.005307498 -0.023209114 0.075833000 -0.005871797 0.997103214 2.352398634
0.996999443 -0.010029836 -0.076757103 -0.146023110 0.010783894 0.999897480 0.009415772 -0.023336519 0.076654784 -0.010215260 0.997005403 2.392774820
0.996979356 -0.011210199 -0.076854475 -0.149467751 0.012346560 0.999821126 0.014326673 -0.023283996 0.076680131 -0.015232285 0.996939480 2.433442116
0.996935785 -0.009745208 -0.077615537 -0.152619511 0.011084247 0.999796689 0.016840093 -0.023605336 0.077435657 -0.017648797 0.996841073 2.472913742
0.996815801 -0.008559464 -0.079277866 -0.155676797 0.009618044 0.999869466 0.012980551 -0.023881949 0.079156414 -0.013701713 0.996767998 2.512442350
0.996730566 -0.006628748 -0.080526426 -0.159085065 0.007026722 0.999964356 0.004659765 -0.023588726 0.080492675 -0.005210365 0.996741533 2.551505566
0.996710420 -0.004642873 -0.080911748 -0.163104326 0.004665532 0.999989033 0.000090990 -0.024052747 0.080910452 -0.000468187 0.996721268 2.590290785
0.996666908 0.000404948 -0.081576936 -0.166837156 -0.000321388 0.999999344 0.001037453 -0.024476493 0.081577308 -0.001007777 0.996666551 2.628950357
0.996552885 0.003311882 -0.082892664 -0.170156837 -0.003086847 0.999991059 0.002842791 -0.024327604 0.082901344 -0.002577116 0.996554375 2.667754412
0.996423841 0.004997934 -0.084348142 -0.173179984 -0.004610443 0.999977887 0.004788124 -0.025323752 0.084370203 -0.004382120 0.996424854 2.705226421
0.996336222 0.005685011 -0.085333638 -0.176598161 -0.005294365 0.999974489 0.004803469 -0.025875580 0.085358746 -0.004334083 0.996340871 2.741891384
0.996169925 0.007561397 -0.087110586 -0.179815143 -0.007130909 0.999960840 0.005251971 -0.026157577 0.087146878 -0.004610677 0.996184826 2.778679609
0.996101201 0.008710112 -0.087787040 -0.183740512 -0.008226989 0.999948919 0.005863679 -0.026531806 0.087833628 -0.005118596 0.996121943 2.813209295
0.995967388 0.008843962 -0.089278907 -0.186985299 -0.008320636 0.999945939 0.006232176 -0.026661102 0.089329198 -0.005464189 0.995987117 2.848686934
0.995899320 0.008262804 -0.090090707 -0.190551996 -0.007644454 0.999944866 0.007206532 -0.026880333 0.090145268 -0.006488288 0.995907426 2.883472443
0.995700717 0.010994257 -0.091974840 -0.193476588 -0.010138992 0.999900877 0.009760995 -0.027138228 0.092073053 -0.008786499 0.995713413 2.918291807
0.995583832 0.012466474 -0.093044527 -0.197518080 -0.011206058 0.999838352 0.014056562 -0.027605332 0.093204722 -0.012951823 0.995562732 2.952129364
0.995386600 0.016268255 -0.094556235 -0.200914234 -0.014852342 0.999767065 0.015658835 -0.027504813 0.094788946 -0.014182213 0.995396376 2.985198021
0.995249450 0.019160090 -0.095453620 -0.204663992 -0.018113203 0.999765992 0.011821995 -0.028043471 0.095657811 -0.010036862 0.995363653 3.016198874
0.995153844 0.018367957 -0.096598908 -0.208351076 -0.018063692 0.999828756 0.004023402 -0.028039567 0.096656270 -0.002258972 0.995315254 3.048265696
0.994988024 0.018139709 -0.098334283 -0.210994616 -0.018329483 0.999831378 -0.001026820 -0.029076345 0.098299071 0.002824090 0.995152891 3.078140497
0.994889617 0.018795436 -0.099203326 -0.213877201 -0.019154919 0.999812961 -0.002672476 -0.028786547 0.099134535 0.004559051 0.995063603 3.107879639
0.994746923 0.021351561 -0.100113310 -0.216759205 -0.021353547 0.999771416 0.001051808 -0.029381335 0.100112878 0.001091492 0.994975388 3.137142658
0.994636416 0.022067368 -0.101051733 -0.220161140 -0.021810327 0.999755442 0.003647858 -0.030396083 0.101107538 -0.001424321 0.994874477 3.164529085
0.994633019 0.018554863 -0.101788238 -0.223298877 -0.018591652 0.999826908 0.000587257 -0.031065717 0.101781525 0.001308307 0.994805813 3.191869497
0.994705200 0.010310061 -0.102251045 -0.225042433 -0.010861592 0.999929249 -0.004838619 -0.031303238 0.102193944 0.005923609 0.994746864 3.218559265
0.994879544 0.006320190 -0.100869030 -0.227866516 -0.007380643 0.999921322 -0.010143496 -0.031573616 0.100796968 0.010836037 0.994848013 3.244047642
0.995149076 0.008862224 -0.097978160 -0.230111644 -0.009907035 0.999899030 -0.010182346 -0.032106884 0.097878031 0.011103625 0.995136499 3.267995596
0.995558202 0.013744731 -0.093139194 -0.233428866 -0.014422751 0.999874055 -0.006610408 -0.033018664 0.093036614 0.007924369 0.995631099 3.292583942
0.995941699 0.012503746 -0.089127660 -0.234883368 -0.012854937 0.999911666 -0.003367392 -0.033620853 0.089077681 0.004499457 0.996014595 3.316901684
0.996497810 0.008733424 -0.083159871 -0.236515105 -0.008730528 0.999961853 0.000398452 -0.033788178 0.083160162 0.000328971 0.996536136 3.340114594
0.997102439 0.004075083 -0.075961828 -0.237124979 -0.003824952 0.999986768 0.003438052 -0.034053981 0.075974837 -0.003137540 0.997104883 3.362159252
0.997887671 0.007799823 -0.064495087 -0.239021376 -0.007624326 0.999966502 0.002966789 -0.034181222 0.064516068 -0.002468791 0.997913718 3.384320021
0.998694837 0.012998147 -0.049393188 -0.240124181 -0.012880730 0.999913394 0.002694755 -0.034619678 0.049423940 -0.002055018 0.998775840 3.406003237
0.999355078 0.018153155 -0.030982990 -0.240949780 -0.018075801 0.999832749 0.002774841 -0.034600250 0.031028178 -0.002213009 0.999516070 3.427149057
0.999818265 0.016550899 -0.009461925 -0.240115523 -0.016519595 0.999857783 0.003376777 -0.034919381 0.009516470 -0.003219856 0.999949515 3.447152376
0.999768734 0.013336219 0.016870389 -0.238812521 -0.013402399 0.999902785 0.003815833 -0.034991391 -0.016817860 -0.004041054 0.999850392 3.466989040
0.998833716 0.012316709 0.046685740 -0.237095088 -0.012592660 0.999904752 0.005621344 -0.035480760 -0.046612062 -0.006202686 0.998893797 3.486732244
0.996765018 0.011637616 0.079526149 -0.234841913 -0.012243996 0.999899507 0.007141512 -0.035843886 -0.079435058 -0.008092127 0.996807158 3.504806042
0.993096828 0.011521519 0.116730422 -0.231389523 -0.012460341 0.999895573 0.007316069 -0.036073346 -0.116633937 -0.008720067 0.993136704 3.523516655
0.987360597 0.011079320 0.158102602 -0.227306008 -0.012387338 0.999896705 0.007290158 -0.036427699 -0.158005476 -0.009156486 0.987395823 3.541471481
0.979155481 0.011005099 0.202814028 -0.222859442 -0.012733564 0.999892831 0.007219505 -0.036583167 -0.202712893 -0.009651563 0.979190648 3.557986498
0.967763245 0.013265149 0.251512289 -0.217418611 -0.015233148 0.999866664 0.005879228 -0.037392322 -0.251400769 -0.009521025 0.967836261 3.574438334
0.952414751 0.014378382 0.304465711 -0.210247993 -0.015759064 0.999873757 0.002077733 -0.037199955 -0.304397345 -0.006776960 0.952520967 3.591649771
0.932724893 0.014792635 0.360285223 -0.203236461 -0.015885973 0.999873817 0.000073483 -0.037701227 -0.360238731 -0.005792021 0.932842195 3.606401205
0.908634961 0.015810443 0.417291969 -0.194499254 -0.016464852 0.999862432 -0.002031495 -0.037915528 -0.417266697 -0.005024764 0.908770144 3.621571302
0.879704893 0.016475007 0.475234509 -0.185172796 -0.016169574 0.999858141 -0.004730747 -0.037921079 -0.475244999 -0.003522679 0.879846454 3.635648727
0.846095026 0.014345004 0.532839119 -0.175573111 -0.012962966 0.999895811 -0.006335145 -0.038608022 -0.532874405 -0.001547039 0.846192896 3.648139715
0.809364796 0.014192830 0.587134898 -0.164448500 -0.011707021 0.999899149 -0.008032483 -0.038905874 -0.587189555 -0.000372390 0.809449434 3.660496235
0.768944561 0.012618341 0.639190912 -0.152525425 -0.010156470 0.999920011 -0.007521334 -0.039164498 -0.639234662 -0.000708434 0.769011438 3.672943115
0.727009118 0.012397749 0.686515987 -0.140285611 -0.012101869 0.999912977 -0.005241687 -0.039682791 -0.686521232 -0.004497373 0.727095842 3.682695866
0.681892276 0.011238556 0.731366277 -0.127083421 -0.011391270 0.999923885 -0.004744655 -0.040149197 -0.731363952 -0.005095846 0.681968331 3.692687988
0.635573506 0.010602399 0.771967769 -0.112892032 -0.007636666 0.999943078 -0.007446082 -0.040021732 -0.772002697 -0.001162727 0.635618269 3.701735973
0.588640273 0.007443630 0.808360875 -0.099252582 -0.002221653 0.999968708 -0.007590227 -0.040745758 -0.808392048 0.002672016 0.588638306 3.709275246
0.542242169 0.009700768 0.840166271 -0.084538817 -0.004494961 0.999952495 -0.008644657 -0.041202303 -0.840210199 0.000910983 0.542260051 3.716695547
0.495652735 0.011845785 0.868439913 -0.069579363 -0.007537292 0.999927998 -0.009337492 -0.041884840 -0.868488133 -0.001917533 0.495706290 3.723484039
0.449005961 0.014069024 0.893418014 -0.055263638 -0.008547694 0.999897957 -0.011449984 -0.042293206 -0.893487930 -0.002495553 0.449080378 3.729846001
0.407187521 0.011070267 0.913277507 -0.039878011 -0.001574742 0.999933600 -0.011418561 -0.042952672 -0.913343310 0.003211318 0.407177895 3.734127283
0.367227525 0.003425181 0.930124819 -0.023421645 0.013627477 0.999866128 -0.009062340 -0.043178711 -0.930031419 0.016003199 0.367131710 3.738612890
0.331755757 0.000544864 0.943365157 -0.007728577 0.017536646 0.999823391 -0.006744631 -0.043058764 -0.943202317 0.018781031 0.331687599 3.742725849
0.298331827 0.003709526 0.954454958 0.008449912 0.014474737 0.999859810 -0.008410331 -0.043996699 -0.954352379 0.016324556 0.298236370 3.747165442
0.265812486 0.011662952 0.963954210 0.024875581 0.003797638 0.999906361 -0.013145147 -0.044452146 -0.964017272 0.007154897 0.265743256 3.752403021
0.239020348 0.016570050 0.970873177 0.041889191 -0.000213864 0.999855280 -0.017012045 -0.044715472 -0.971014500 0.003858589 0.238989294 3.755416393
0.213682607 0.018451538 0.976728797 0.059842825 0.000497133 0.999819458 -0.018996503 -0.045304451 -0.976903081 0.004544786 0.213634834 3.758305311
0.190460831 0.019438690 0.981502354 0.078019440 0.008239361 0.999737084 -0.021398678 -0.045951210 -0.981660306 0.012162562 0.190250576 3.760497093
0.170205608 0.026157929 0.985061288 0.096772313 0.015692882 0.999448776 -0.029251512 -0.045703694 -0.985283613 0.020437218 0.169701308 3.762553215
0.149768472 0.032430526 0.988189101 0.115902960 0.017623728 0.999215543 -0.035463426 -0.046070937 -0.988564014 0.022726879 0.149079442 3.765193701
0.133151069 0.033631403 0.990525007 0.136089414 0.015677389 0.999227464 -0.036034308 -0.046441175 -0.990971744 0.020326851 0.132520974 3.767322540
0.116083212 0.028249592 0.992837787 0.157206833 0.013945408 0.999450445 -0.030068263 -0.047894388 -0.993141651 0.017335948 0.115625486 3.770375013
0.103082255 0.025902335 0.994335532 0.178577453 0.013787665 0.999527633 -0.027466951 -0.048558373 -0.994577169 0.016540918 0.102676459 3.771524191
0.090145655 0.022456674 0.995675445 0.200560123 0.015597763 0.999591410 -0.023957171 -0.049718726 -0.995806396 0.017689941 0.089758568 3.772732735
0.078520998 0.022364005 0.996661603 0.223624527 0.020445762 0.999501944 -0.024038538 -0.050070945 -0.996702731 0.022265036 0.078024656 3.774098873
0.068207033 0.023314580 0.997398734 0.246782720 0.023476260 0.999412537 -0.024967078 -0.050596215 -0.997394979 0.025118118 0.067619614 3.775387287
0.060427256 0.024985114 0.997859895 0.271349579 0.025213961 0.999329507 -0.026548792 -0.050909102 -0.997854054 0.026764266 0.059756760 3.776704073
0.054792356 0.024334565 0.998201191 0.295909047 0.026790004 0.999307156 -0.025832064 -0.051953033 -0.998138249 0.028157216 0.054102484 3.777841806
0.049240168 0.025427407 0.998463154 0.321491808 0.028068352 0.999245822 -0.026831551 -0.052760001 -0.998392463 0.029346406 0.048489321 3.778883219
0.043476440 0.026007507 0.998715818 0.347861320 0.028525388 0.999221265 -0.027262438 -0.053576585 -0.998647034 0.029674031 0.042700697 3.779685974
0.039840229 0.025861247 0.998871326 0.375395268 0.030732092 0.999160409 -0.027094485 -0.054354090 -0.998733282 0.031776853 0.039011996 3.780348778
0.036184777 0.026034439 0.999005914 0.403862506 0.032387562 0.999104857 -0.027210120 -0.055326276 -0.998820126 0.033339959 0.035309196 3.781365871
0.033178389 0.025217982 0.999131262 0.432999939 0.034349628 0.999062240 -0.026356902 -0.056496561 -0.998858988 0.035194278 0.032281049 3.782244205
0.030509658 0.024997599 0.999221861 0.462887913 0.035236001 0.999038994 -0.026068898 -0.057177085 -0.998913348 0.036003936 0.029599519 3.783174992
0.030021010 0.024565624 0.999247432 0.493514001 0.039994948 0.998867929 -0.025757885 -0.058163043 -0.998748899 0.040738128 0.029004518 3.783788443
0.031451568 0.023759151 0.999222815 0.526151717 0.043822519 0.998723507 -0.025126629 -0.059549220 -0.998544157 0.044578739 0.030370228 3.784442425
0.033569332 0.023961755 0.999149144 0.557777762 0.044770680 0.998672903 -0.025454536 -0.060491294 -0.998433113 0.045587070 0.032452002 3.785198927
0.037397686 0.023437824 0.999025583 0.590776026 0.047779176 0.998539627 -0.025214996 -0.061946243 -0.998157501 0.048675586 0.036223240 3.786687851
0.040966593 0.023720637 0.998878956 0.624838829 0.046996538 0.998565853 -0.025640655 -0.062231347 -0.998054624 0.047994256 0.039793059 3.788867712
0.045765560 0.021881634 0.998712659 0.659148395 0.049068708 0.998503923 -0.024125617 -0.063385457 -0.997746289 0.050109658 0.044623401 3.789418697
0.049549170 0.020103911 0.998569429 0.694583595 0.048933130 0.998547852 -0.022531543 -0.064625971 -0.997572243 0.049979545 0.048493482 3.791568995
0.053742182 0.018168027 0.998389661 0.730615616 0.046053223 0.998725414 -0.020653127 -0.065500505 -0.997492254 0.047088999 0.052836996 3.793760061
0.058106452 0.016915860 0.998167038 0.766539037 0.045594674 0.998768032 -0.019580252 -0.066518582 -0.997268677 0.046648845 0.057263590 3.795502424
0.062181868 0.017774206 0.997906506 0.803125739 0.042776655 0.998875201 -0.020456968 -0.067664623 -0.997147739 0.043959163 0.061351605 3.798126936
0.065022305 0.022180891 0.997637212 0.840520322 0.040682945 0.998862743 -0.024859702 -0.068538338 -0.997054219 0.042203262 0.064045966 3.801377058
0.066534437 0.027511295 0.997404814 0.877425551 0.034352422 0.998964012 -0.029845871 -0.069956228 -0.997192562 0.036249045 0.065520458 3.804046869
0.066045530 0.030362032 0.997354507 0.915140271 0.031457119 0.998976707 -0.032494530 -0.071461588 -0.997320652 0.033520021 0.065022849 3.807228088
0.066715948 0.029629482 0.997331977 0.952070832 0.029230062 0.999071896 -0.031636503 -0.073278978 -0.997343779 0.031262733 0.065787971 3.809438229
0.066126660 0.028320039 0.997409344 0.989898026 0.026456771 0.999195933 -0.030124813 -0.074572749 -0.997460485 0.028380282 0.065324247 3.812884092
0.065914616 0.026799254 0.997465312 1.027018666 0.027632432 0.999206781 -0.028672054 -0.076339498 -0.997442663 0.029452296 0.065121807 3.815423965
0.066006608 0.025821464 0.997485101 1.064880133 0.024740079 0.999315381 -0.027505975 -0.078224033 -0.997512460 0.026493436 0.065322593 3.818490028
0.066601247 0.026593613 0.997425199 1.102533579 0.022900548 0.999340653 -0.028173823 -0.079475522 -0.997516870 0.024717990 0.065948315 3.821113825
0.066743560 0.027361821 0.997394979 1.139655471 0.020537514 0.999374449 -0.028790452 -0.080832824 -0.997558773 0.022405587 0.066139854 3.823812485
0.065206125 0.028496914 0.997464836 1.176191330 0.017267413 0.999410272 -0.029681297 -0.082637668 -0.997722507 0.019159043 0.064675607 3.826072931
0.062435813 0.028275147 0.997648299 1.213863015 0.014714975 0.999463856 -0.029247513 -0.083823487 -0.997940481 0.016506463 0.061986264 3.829473019
0.058625758 0.027121708 0.997911453 1.250772834 0.012285980 0.999535561 -0.027887631 -0.085217953 -0.998204350 0.013895255 0.058265306 3.831819296
0.055127554 0.024171976 0.998186767 1.286979198 0.010982999 0.999631822 -0.024813535 -0.087357484 -0.998418927 0.012330993 0.054841768 3.830996513
0.047456797 0.022922013 0.998610258 1.325397611 0.008867824 0.999687612 -0.023368163 -0.088033795 -0.998833835 0.009964480 0.047238711 3.836274862
0.039608654 0.023095354 0.998948336 1.362297058 0.008695040 0.999687135 -0.023457192 -0.089409120 -0.999177456 0.009615004 0.039395452 3.838228464
0.032009080 0.024238352 0.999193668 1.398030162 0.008462552 0.999663532 -0.024520846 -0.090908043 -0.999451637 0.009240617 0.031793196 3.838347673
0.021520661 0.024535524 0.999467254 1.434233427 0.009374713 0.999649823 -0.024741860 -0.092202902 -0.999724448 0.009902178 0.021283112 3.839657068
0.011511754 0.022632433 0.999677479 1.470218897 0.009021457 0.999700725 -0.022736840 -0.094270274 -0.999893010 0.009280287 0.011304131 3.839730978
0.000338944 0.021903802 0.999759972 1.507153630 0.007780575 0.999729753 -0.021905772 -0.095666260 -0.999969602 0.007786133 0.000168430 3.839903831
-0.010711943 0.021690624 0.999707341 1.542103648 0.010760369 0.999709308 -0.021575365 -0.096326888 -0.999884665 0.010526107 -0.010942227 3.839699984
-0.022201598 0.022225766 0.999506414 1.577610254 0.011139836 0.999696255 -0.021982541 -0.097344950 -0.999691427 0.010646290 -0.022442441 3.839467764
-0.032965194 0.022522371 0.999202669 1.613717794 0.010891122 0.999694705 -0.022174152 -0.099057093 -0.999397099 0.010151463 -0.033200424 3.837742090
-0.043117642 0.024044357 0.998780608 1.648569226 0.011260332 0.999658525 -0.023579380 -0.099750951 -0.999006510 0.010229914 -0.043373663 3.835961580
-0.053368501 0.025409516 0.998251617 1.684319973 0.012418614 0.999615729 -0.024780316 -0.101086728 -0.998497665 0.011074412 -0.053663556 3.833980083
-0.062935293 0.025913248 0.997681081 1.719748259 0.013171911 0.999597430 -0.025132110 -0.102344692 -0.997930646 0.011559672 -0.063251279 3.831746101
-0.072748959 0.026201354 0.997006059 1.752126694 0.013309137 0.999591351 -0.025298161 -0.103907026 -0.997261524 0.011428875 -0.073067956 3.829723597
-0.083351180 0.027291540 0.996146500 1.786275029 0.014223571 0.999555647 -0.026194807 -0.104091465 -0.996418834 0.011985391 -0.083702333 3.828677416
-0.091044068 0.026787641 0.995486557 1.821732283 0.015892930 0.999549925 -0.025443466 -0.105791971 -0.995720029 0.013504721 -0.091428824 3.824931622
-0.098372526 0.024922343 0.994837523 1.852820635 0.016926033 0.999583602 -0.023367545 -0.107697278 -0.995005727 0.014539929 -0.098753400 3.820466757
-0.103466332 0.023660770 0.994351447 1.886633396 0.019452587 0.999573886 -0.021760916 -0.108674169 -0.994442701 0.017091189 -0.103882521 3.817018032
-0.107249752 0.021770347 0.993993819 1.920495033 0.022030069 0.999566793 -0.019515412 -0.110215560 -0.993988037 0.019804727 -0.107682891 3.813386917
-0.109921344 0.020816498 0.993722260 1.950140595 0.024964267 0.999523103 -0.018176576 -0.111086607 -0.993626714 0.022809556 -0.110388599 3.809934378
-0.111925609 0.020106170 0.993513048 1.983234048 0.024929719 0.999537468 -0.017419599 -0.112081341 -0.993403792 0.022818306 -0.112375073 3.806940556
-0.112572558 0.020889288 0.993423879 2.014773846 0.025771122 0.999504030 -0.018096814 -0.112989604 -0.993309259 0.023564445 -0.113055073 3.803611755
-0.111727558 0.021341199 0.993509710 2.040822029 0.026260260 0.999483645 -0.018516358 -0.114339739 -0.993391871 0.024021033 -0.112230271 3.800292730
-0.108431078 0.023539687 0.993825316 2.069640160 0.028496146 0.999382377 -0.020562245 -0.114561744 -0.993695498 0.026090598 -0.109034881 3.796854258
-0.103572883 0.023673182 0.994340181 2.098061562 0.027953967 0.999391079 -0.020881679 -0.116176009 -0.994229019 0.025632974 -0.104171582 3.794264078
-0.095147595 0.024677752 0.995157242 2.122572660 0.027591081 0.999373972 -0.022144310 -0.116897590 -0.995080709 0.025350489 -0.095768906 3.791728497
-0.084054641 0.024641979 0.996156394 2.149024487 0.026613543 0.999393046 -0.022476418 -0.117885992 -0.996105671 0.024622008 -0.084659420 3.789842606
-0.069824487 0.025277309 0.997238994 2.174919605 0.027388766 0.999350548 -0.023413127 -0.118532300 -0.997183204 0.025678337 -0.070471473 3.788225174
-0.052975509 0.025981568 0.998257697 2.197177887 0.024428224 0.999395967 -0.024714835 -0.120185673 -0.998296976 0.023076385 -0.053578202 3.787797689
-0.031822324 0.028769935 0.999079406 2.221296072 0.022889795 0.999344289 -0.028048491 -0.120994195 -0.999231458 0.021976154 -0.032460004 3.787879705
-0.007199056 0.031564049 0.999475718 2.245400190 0.021184413 0.999282122 -0.031405345 -0.122070320 -0.999749720 0.020947220 -0.007862549 3.788612604
0.020995479 0.033281107 0.999225557 2.266658068 0.019174216 0.999248505 -0.033684760 -0.123432763 -0.999595702 0.019866589 0.020341564 3.789814949
0.054175168 0.033125952 0.997981966 2.290263891 0.017919309 0.999256313 -0.034141000 -0.124071598 -0.998370707 0.019732736 0.053541292 3.791896582
0.093454406 0.030682862 0.995150745 2.311913490 0.016958307 0.999330938 -0.032404296 -0.125069216 -0.995479167 0.019904396 0.092871547 3.793716431
0.135003626 0.026708357 0.990485132 2.335012436 0.014574030 0.999474943 -0.028937211 -0.126688302 -0.990737915 0.018341992 0.134543478 3.798486948
0.180837274 0.021941081 0.983268380 2.355964422 0.010555186 0.999650300 -0.024247885 -0.127888173 -0.983456433 0.014763501 0.180542409 3.803071737
0.229448304 0.018842535 0.973138452 2.378186941 0.006393545 0.999761879 -0.020865515 -0.128571481 -0.973299921 0.011009361 0.229273170 3.809553146
0.281791866 0.016343633 0.959336340 2.398368835 0.001459145 0.999846518 -0.017462380 -0.130237937 -0.959474504 0.006320567 0.281724721 3.816104889
0.335831314 0.016446376 0.941778600 2.418253899 0.000769049 0.999842405 -0.017734589 -0.130539015 -0.941921830 0.006680103 0.335765719 3.825133324
0.393068671 0.017076463 0.919350624 2.438511848 0.003111566 0.999797106 -0.019901069 -0.130991578 -0.919503808 0.010683106 0.392935783 3.835641861
0.455116272 0.020982452 0.890184760 2.457844496 0.003238155 0.999676704 -0.025218816 -0.131623745 -0.890426040 0.014360050 0.454901129 3.845344067
0.512923181 0.024362950 0.858088732 2.472369909 0.004465853 0.999507904 -0.031047605 -0.132317215 -0.858422816 0.019757140 0.512562037 3.856965542
0.572070777 0.028206123 0.819719195 2.489789963 -0.000284067 0.999415219 -0.034191128 -0.133429542 -0.820204198 0.019326890 0.571744263 3.870449066
0.625202477 0.031585954 0.779823124 2.503814220 -0.004391133 0.999307215 -0.036955461 -0.133692399 -0.780450225 0.019680342 0.624908090 3.885926962
0.678190589 0.033344254 0.734129310 2.517894506 -0.006803894 0.999212146 -0.039098907 -0.134225950 -0.734854519 0.021521574 0.677883148 3.900719881
0.725496650 0.030274797 0.687559485 2.530789614 -0.006491639 0.999288559 -0.037151117 -0.135539293 -0.688194931 0.022489624 0.725177169 3.918250322
0.772622585 0.026892124 0.634295821 2.543530941 -0.008636661 0.999455214 -0.031853579 -0.136087164 -0.634806871 0.019132601 0.772433877 3.934158087
0.813754797 0.020980926 0.580829561 2.555137873 -0.008710708 0.999676168 -0.023906760 -0.137129128 -0.581143081 0.014394807 0.813673973 3.953320265
0.850737751 0.018267795 0.525272846 2.566210032 -0.011190785 0.999798834 -0.016646009 -0.138104618 -0.525471330 0.008283175 0.850770950 3.973704576
0.880588591 0.016418852 0.473596990 2.572279215 -0.012648759 0.999857903 -0.011144841 -0.137733087 -0.473712683 0.003823606 0.880671144 3.991156101
0.905565977 0.017466089 0.423845649 2.579695702 -0.016312758 0.999846756 -0.006349324 -0.137888998 -0.423891604 -0.001164360 0.905712187 4.012167931
0.925876677 0.018685959 0.377363801 2.585604429 -0.019642804 0.999806106 -0.001313134 -0.139036849 -0.377315283 -0.006196685 0.926064134 4.030837059
0.940580726 0.025390537 0.338619590 2.591034889 -0.027128169 0.999631822 0.000398794 -0.138895437 -0.338484824 -0.009561227 0.940923274 4.053295135
0.952463627 0.028768828 0.303290904 2.596898079 -0.029929304 0.999551654 -0.000822166 -0.138514534 -0.303178579 -0.008294204 0.952897608 4.075913429
0.961336851 0.031773843 0.273535848 2.601868868 -0.032918043 0.999457896 -0.000406860 -0.138912559 -0.273400486 -0.008613138 0.961861670 4.099595070
0.967026293 0.026686259 0.253274590 2.606401443 -0.027412616 0.999623954 -0.000661349 -0.139064535 -0.253197044 -0.006303377 0.967394173 4.123152733
0.972013891 0.021114560 0.233972445 2.611311436 -0.022052903 0.999755800 0.001394710 -0.139554054 -0.233885884 -0.006515450 0.972242236 4.136969566
0.974668920 0.025874335 0.222151145 2.615839720 -0.026722725 0.999642551 0.000813534 -0.139460802 -0.222050697 -0.006729410 0.975011826 4.161453724
0.976753294 0.030018555 0.212254569 2.621063948 -0.031027652 0.999517381 0.001424180 -0.139386073 -0.212109417 -0.007976834 0.977213323 4.186614513
0.977796495 0.037153523 0.206236765 2.625990152 -0.037892383 0.999281764 -0.000367536 -0.138831064 -0.206102312 -0.007455427 0.978502035 4.212837696
0.977472186 0.044481035 0.206323892 2.628486395 -0.044539940 0.998998046 -0.004361655 -0.139527082 -0.206311196 -0.004926258 0.978474081 4.242029190
0.978269577 0.045148723 0.202361479 2.632929564 -0.044809561 0.998975873 -0.006259416 -0.139977455 -0.202436835 -0.002944332 0.979290903 4.255121708
0.977658093 0.043847304 0.205577135 2.638470173 -0.042773064 0.999038041 -0.009668786 -0.140648171 -0.205803305 0.000659602 0.978593171 4.281936646
0.976781785 0.042968858 0.209883198 2.644431829 -0.040536992 0.999051869 -0.015876986 -0.141268939 -0.210366443 0.007000318 0.977597535 4.309800148
0.976183236 0.042728469 0.212698102 2.649477482 -0.039172109 0.999013722 -0.020908330 -0.141322553 -0.213381648 0.012078527 0.976894259 4.329895020
0.974756241 0.047667749 0.218123659 2.654894829 -0.044062797 0.998800278 -0.021364359 -0.141404748 -0.218880326 0.011213902 0.975687325 4.359107971
0.973514676 0.050886866 0.222889617 2.660665512 -0.048460219 0.998691320 -0.016346823 -0.142597318 -0.223429784 0.005112597 0.974706590 4.383220673
0.972443581 0.047071125 0.228337601 2.667519569 -0.045391601 0.998889744 -0.012604571 -0.142756566 -0.228677422 0.001892627 0.973500431 4.413382053
0.971876442 0.043733295 0.231395036 2.674228907 -0.043493215 0.999034762 -0.006141257 -0.143779680 -0.231440306 -0.004095572 0.972840488 4.438717842
0.971000791 0.041457850 0.235454634 2.681804657 -0.042304795 0.999103606 -0.001455543 -0.144222647 -0.235303923 -0.008547526 0.971884251 4.469783306
0.970520794 0.036777209 0.238194868 2.688279629 -0.037644733 0.999290645 -0.000907378 -0.144529432 -0.238059297 -0.008086156 0.971216977 4.495641708
0.970556140 0.033025742 0.238599852 2.696404934 -0.033024266 0.999446452 -0.004004822 -0.144919053 -0.238600090 -0.003992684 0.971109688 4.527667046
0.970726967 0.032505970 0.237976223 2.703132629 -0.030758064 0.999465644 -0.011055393 -0.145410627 -0.238208443 0.003412080 0.971208096 4.554297447
0.970902443 0.035020549 0.236900687 2.711151123 -0.031714715 0.999339163 -0.017752228 -0.145822302 -0.237365812 0.009722445 0.971371770 4.587077141
0.971340895 0.038111079 0.234615251 2.717146397 -0.034048930 0.999192238 -0.021342088 -0.146309718 -0.235239118 0.012742044 0.971854031 4.614832878
0.971951604 0.036558479 0.232322261 2.725178957 -0.033490911 0.999292076 -0.017135955 -0.146830350 -0.232784271 0.008874640 0.972487986 4.649306774
0.972414434 0.032739099 0.230950996 2.732228279 -0.031450223 0.999462366 -0.009261036 -0.147669032 -0.231130049 0.001742105 0.972921252 4.678587914
0.972995281 0.032789156 0.228484467 2.740297794 -0.032749817 0.999455690 -0.003964782 -0.148247108 -0.228490114 -0.003625110 0.973539472 4.714582920
0.973305523 0.036435690 0.226602957 2.747061253 -0.036426697 0.999327362 -0.004222739 -0.148785263 -0.226604402 -0.004144381 0.973978043 4.744372845
0.973494291 0.042366970 0.224753231 2.754566193 -0.041328371 0.999102056 -0.009325771 -0.149024621 -0.224946544 -0.000210101 0.974371076 4.781013489
0.974253654 0.043407165 0.221236706 2.762507915 -0.041273102 0.999046087 -0.014262008 -0.149817333 -0.221644759 0.004763687 0.975115776 4.818190575
0.975354850 0.042052813 0.216597646 2.768855572 -0.039281286 0.999082029 -0.017087059 -0.150403500 -0.217117399 0.008157711 0.976111412 4.845336914
0.976297021 0.039223574 0.212851763 2.777191162 -0.036735091 0.999202669 -0.015635038 -0.150854185 -0.213295326 0.007445311 0.976959407 4.883183956
0.977127910 0.035673175 0.209638879 2.785616398 -0.033551481 0.999343514 -0.013669493 -0.151792198 -0.209988892 0.006323147 0.977683425 4.922793388
0.977535367 0.034890577 0.207863271 2.791332245 -0.033434946 0.999385595 -0.010513081 -0.152806118 -0.208102331 0.003327010 0.978101552 4.951141357
0.977935314 0.031507619 0.206518427 2.799981117 -0.030523421 0.999502420 -0.007950922 -0.153777167 -0.206666186 0.001471837 0.978410482 4.990384102
0.978232026 0.026423004 0.205825016 2.808539152 -0.025445666 0.999648869 -0.007394427 -0.153719679 -0.205948114 0.001996111 0.978560925 5.029703617
0.978292823 0.027165642 0.205439031 2.814475536 -0.026586393 0.999630928 -0.005579958 -0.154440701 -0.205514789 -0.000003050 0.978654027 5.060153961
0.978068650 0.032190889 0.205779791 2.822494984 -0.031268567 0.999481082 -0.007733405 -0.154873818 -0.205921948 0.001129363 0.978567779 5.100088120
0.977730513 0.037909653 0.206412002 2.830441713 -0.036456920 0.999276400 -0.010838409 -0.155759156 -0.206673548 0.003071897 0.978405118 5.140896320
0.977182627 0.047042795 0.207126141 2.836418152 -0.045447454 0.998889208 -0.012456510 -0.156409130 -0.207482070 0.002758930 0.978234887 5.171061516
0.976118565 0.053346582 0.210586786 2.844026327 -0.052002475 0.998575866 -0.011919171 -0.157333940 -0.210922733 0.000683489 0.977502465 5.212039471
0.975358844 0.055655826 0.213489488 2.852514267 -0.054784343 0.998448193 -0.010000841 -0.158328682 -0.213714808 -0.001941472 0.976894140 5.253291607
0.974829495 0.056307402 0.215724111 2.859538078 -0.055277660 0.998412490 -0.010808783 -0.158845872 -0.215990275 -0.001388003 0.976394534 5.284257889
0.974385858 0.055162765 0.218012020 2.868377686 -0.053462699 0.998475909 -0.013693701 -0.159584433 -0.218435168 0.001687440 0.975849986 5.325569630
0.974547565 0.048631899 0.218842298 2.878441811 -0.047099575 0.998815477 -0.012216614 -0.160648048 -0.219177172 0.001598293 0.975683689 5.366832256
0.974806190 0.041445151 0.219169170 2.887825012 -0.039329275 0.999127984 -0.014010101 -0.161654919 -0.219558716 0.005037367 0.975586295 5.407749176
0.974596858 0.040699258 0.220237255 2.893763542 -0.038617205 0.999159396 -0.013752582 -0.162621975 -0.220611826 0.004898274 0.975349486 5.434251308
0.974085867 0.043300901 0.221994802 2.902744532 -0.041825213 0.999060512 -0.011346553 -0.163286626 -0.222277567 0.001767538 0.974981844 5.475831509
0.973740637 0.045176927 0.223132581 2.911754608 -0.044990964 0.998969853 -0.005919627 -0.163657218 -0.223170176 -0.004274766 0.974770069 5.516632080
0.973255336 0.048689246 0.224507242 2.920725822 -0.049651049 0.998765707 -0.001363011 -0.165281579 -0.224296525 -0.009820461 0.974471450 5.558476448
0.973128974 0.047944047 0.225214303 2.926608562 -0.047470983 0.998844326 -0.007518382 -0.165913165 -0.225314468 -0.003374789 0.974280238 5.584564686
0.973409712 0.043202836 0.224960268 2.935956001 -0.039218590 0.998985052 -0.022151612 -0.166714713 -0.225688979 0.012739968 0.974116027 5.624282360
0.973755658 0.041417312 0.223795786 2.946043253 -0.035335287 0.998891056 -0.031115152 -0.167993352 -0.224836335 0.022390664 0.974139214 5.664310932
0.974009395 0.038314231 0.223243847 2.955427170 -0.034200396 0.999166906 -0.022266243 -0.168707639 -0.223910972 0.014052501 0.974508345 5.705642223
0.974497914 0.031460606 0.222180426 2.964958668 -0.031867918 0.999490499 -0.001752437 -0.169561878 -0.222122356 -0.005372683 0.975004017 5.745913506
0.974583864 0.029344631 0.222092554 2.969100237 -0.033382162 0.999338269 0.014446722 -0.171069771 -0.221521631 -0.021493476 0.974918544 5.770133972
0.974438488 0.034263041 0.222026274 2.977236509 -0.037193179 0.999267340 0.009028297 -0.171805575 -0.221554264 -0.017055385 0.974998891 5.810498238
