0.999966383 -0.001413361 -0.008084862 -0.000105205 0.001384200 0.999992490 -0.003611313 -0.000457574 0.008089907 0.003600001 0.999960780 0.062619612
0.999933064 -0.001389208 -0.011480710 -0.001265740 0.001331706 0.999986529 -0.005014674 -0.000654403 0.011487526 0.004999049 0.999921501 0.095324405
0.999861479 -0.000008074 -0.016641773 -0.001755016 -0.000084368 0.999984622 -0.005554129 -0.000967998 0.016641561 0.005554763 0.999846101 0.128232718
0.999790490 -0.000977824 -0.020450784 -0.003046386 0.000865303 0.999984384 -0.005510178 -0.001547973 0.020455856 0.005491327 0.999775767 0.162300825
0.999683619 0.000787039 -0.025137259 -0.004020833 -0.000955744 0.999977112 -0.006700054 -0.002017635 0.025131408 0.006721959 0.999661505 0.196855515
0.999522805 0.003631459 -0.030679077 -0.005038919 -0.003864148 0.999964118 -0.007528731 -0.002202463 0.030650640 0.007643688 0.999500871 0.232078984
0.999378920 0.003983092 -0.035010684 -0.006524409 -0.004206557 0.999971151 -0.006311407 -0.002231599 0.034984533 0.006454762 0.999366939 0.267940432
0.999214053 0.002951005 -0.039527621 -0.007888553 -0.003069959 0.999990940 -0.002949048 -0.003100375 0.039518561 0.003068079 0.999214053 0.304052025
0.999081075 0.002964366 -0.042758487 -0.009892238 -0.002987788 0.999995470 -0.000483881 -0.003305245 0.042756855 0.000611189 0.999085367 0.340715945
0.998971403 0.004411167 -0.045129795 -0.012117388 -0.004440231 0.999989986 -0.000543783 -0.004126159 0.045126941 0.000743610 0.998981059 0.377020538
0.998869538 0.003732716 -0.047391381 -0.013926100 -0.003789975 0.999992192 -0.001118432 -0.004161336 0.047386840 0.001296780 0.998875737 0.414587766
0.998782158 0.001004299 -0.049327500 -0.015587639 -0.001079418 0.999998331 -0.001496229 -0.004557360 0.049325913 0.001547652 0.998781562 0.452001274
0.998688340 0.000636197 -0.051195785 -0.017706586 -0.000686875 0.999999225 -0.000972283 -0.004633716 0.051195130 0.001006173 0.998688102 0.489747256
0.998624742 -0.000930963 -0.052416638 -0.019943193 0.000857078 0.999998629 -0.001432040 -0.004839500 0.052417893 0.001385146 0.998624206 0.528116047
0.998522878 0.001633031 -0.054310963 -0.022417430 -0.001823692 0.999992371 -0.003461155 -0.005533346 0.054304905 0.003555089 0.998518050 0.567229271
0.998441577 0.002023632 -0.055772275 -0.024796911 -0.002371216 0.999978304 -0.006166718 -0.005904088 0.055758584 0.006289355 0.998424411 0.606151044
0.998330534 0.005805550 -0.057466239 -0.027343027 -0.006256472 0.999951005 -0.007669906 -0.006534960 0.057418887 0.008016639 0.998318017 0.646375358
0.998191833 0.006417479 -0.059765797 -0.029094448 -0.006859689 0.999950528 -0.007196806 -0.006967291 0.059716661 0.007593769 0.998186529 0.686663270
0.998190701 0.005616980 -0.059863344 -0.032543622 -0.005962714 0.999966621 -0.005598325 -0.007783685 0.059829898 0.005945144 0.998190820 0.726657391
0.998073399 0.005983122 -0.061753869 -0.035003513 -0.006214633 0.999974430 -0.003557526 -0.008465209 0.061730992 0.003934450 0.998085082 0.767133534
0.998027861 0.005450146 -0.062534668 -0.037693027 -0.005720465 0.999974906 -0.004144481 -0.008745765 0.062510520 0.004494034 0.998034179 0.807213485
0.997896731 0.005224982 -0.064611703 -0.040033359 -0.005552131 0.999972582 -0.004884797 -0.009192884 0.064584419 0.005233256 0.997898519 0.847726703
0.997892082 0.004069910 -0.064767785 -0.043397304 -0.004447324 0.999973953 -0.005684074 -0.009815224 0.064742975 0.005960135 0.997884095 0.888118982
0.997855186 0.003864854 -0.065345883 -0.046068940 -0.004100211 0.999985576 -0.003467980 -0.010502364 0.065331534 0.003728473 0.997856617 0.929231763
0.997898698 0.006086548 -0.064506903 -0.049857348 -0.006136264 0.999981046 -0.000572610 -0.010961828 0.064502202 0.000967238 0.997917056 0.970904589
0.997886479 0.005773254 -0.064723134 -0.051874377 -0.005564579 0.999978721 0.003403919 -0.011459805 0.064741403 -0.003036567 0.997897446 1.011079550
0.997994065 0.004874398 -0.063117690 -0.054627940 -0.004518045 0.999973059 0.005787333 -0.011168215 0.063144200 -0.005490556 0.997989237 1.052641511
0.998080015 0.004689086 -0.061759405 -0.056980867 -0.004261140 0.999965966 0.007059148 -0.011857709 0.061790422 -0.006782427 0.998066068 1.094538331
0.998165667 0.005124514 -0.060323823 -0.059935179 -0.004906491 0.999980867 0.003761801 -0.011909960 0.060341947 -0.003458923 0.998171747 1.136597037
0.998206556 0.005534917 -0.059606772 -0.062232781 -0.005588043 0.999984145 -0.000724609 -0.012177045 0.059601814 0.001056395 0.998221636 1.178170323
0.998286426 0.005496688 -0.058257613 -0.064749248 -0.005731714 0.999976099 -0.003867925 -0.012372687 0.058234952 0.004195213 0.998294115 1.220053434
0.998330891 0.002916321 -0.057680842 -0.067032620 -0.003108122 0.999989927 -0.003235770 -0.012614348 0.057670824 0.003409648 0.998329937 1.262545705
0.998334646 0.001930981 -0.057656050 -0.069716789 -0.001815299 0.999996305 0.002058723 -0.013359834 0.057659809 -0.001950632 0.998334408 1.305593848
0.998274207 -0.002423098 -0.058675542 -0.071967810 0.002778663 0.999978244 0.005979030 -0.013997506 0.058659781 -0.006131751 0.998259246 1.348491788
0.998196244 -0.008392889 -0.059448130 -0.074425720 0.008677752 0.999951959 0.004535215 -0.014080961 0.059407219 -0.005042910 0.998221099 1.391035795
0.998109698 -0.010897628 -0.060486075 -0.077149659 0.010993600 0.999938786 0.001254107 -0.014774608 0.060468707 -0.001916695 0.998168230 1.433931351
0.997991979 -0.010666921 -0.062434785 -0.079610094 0.010487629 0.999939859 -0.003198697 -0.014783526 0.062465154 0.002537482 0.998043954 1.477090716
0.997862637 -0.009757268 -0.064614423 -0.082460873 0.009516579 0.999946535 -0.004031808 -0.015112465 0.064650327 0.003408283 0.997902155 1.520506978
0.997827590 -0.009034877 -0.065256543 -0.085627049 0.008875571 0.999956846 -0.002730731 -0.015797971 0.065278389 0.002145610 0.997864783 1.564310789
0.997759581 -0.006438521 -0.066590525 -0.089019209 0.006471962 0.999979019 0.000286510 -0.016309770 0.066587292 -0.000716840 0.997780323 1.608990312
0.997652709 -0.006300346 -0.068185553 -0.091567539 0.006408068 0.999978602 0.001361227 -0.016784841 0.068175524 -0.001794970 0.997671723 1.652909160
0.997600257 -0.005379947 -0.069026068 -0.095071226 0.005640327 0.999977708 0.003577861 -0.016739234 0.069005281 -0.003958605 0.997608423 1.697060347
0.997597992 -0.005228205 -0.069070339 -0.098111354 0.005713293 0.999960423 0.006827428 -0.017458078 0.069031902 -0.007205648 0.997588396 1.740383863
0.997644186 0.001394859 -0.068585694 -0.102317333 -0.000736485 0.999953389 0.009623635 -0.018356368 0.068595923 -0.009550450 0.997598767 1.784136176
0.997554898 0.001617178 -0.069867954 -0.104677789 -0.000977420 0.999957263 0.009189885 -0.018875051 0.069879845 -0.009099124 0.997513890 1.828063965
0.997557402 0.002635338 -0.069800764 -0.107679591 -0.002119050 0.999969840 0.007469616 -0.019570768 0.069818348 -0.007303458 0.997532964 1.871253967
0.997642577 0.003418888 -0.068538412 -0.112101287 -0.003080841 0.999982595 0.005037316 -0.018772222 0.068554424 -0.004814285 0.997635782 1.915183663
0.997521579 0.002444714 -0.070319220 -0.114652060 -0.002034157 0.999980509 0.005909473 -0.019417096 0.070332289 -0.005751785 0.997507036 1.958968282
0.997491121 0.001059575 -0.070783123 -0.118781745 -0.000637372 0.999981761 0.005987058 -0.019209698 0.070788175 -0.005926921 0.997473717 2.003321409
0.997394204 0.001150334 -0.072135210 -0.121306330 -0.000629894 0.999973655 0.007237115 -0.019310620 0.072141640 -0.007172820 0.997368574 2.046318769
0.997331321 0.004201388 -0.072887175 -0.124509498 -0.003912307 0.999983907 0.004108464 -0.020275954 0.072903275 -0.003812344 0.997331738 2.089396238
0.997312188 0.004100013 -0.073152974 -0.128811747 -0.004124545 0.999991536 -0.000184311 -0.020350007 0.073151588 0.000485538 0.997320771 2.131870985
0.997269988 0.004934005 -0.073676951 -0.131419778 -0.005073339 0.999985576 -0.001704126 -0.020385390 0.073667489 0.002073262 0.997280717 2.173372030
0.997259200 0.004613809 -0.073844023 -0.134502053 -0.004486158 0.999988079 0.001894435 -0.021306679 0.073851898 -0.001557967 0.997268021 2.216184139
0.997275412 0.002144834 -0.073736966 -0.137899384 -0.001797372 0.999987006 0.004778214 -0.021448843 0.073746249 -0.004632663 0.997266233 2.258074284
0.997282207 -0.000435295 -0.073675044 -0.141474158 0.000871412 0.999982178 0.005887431 -0.022066396 0.073671177 -0.005935632 0.997264862 2.300282955
0.997268260 -0.002323190 -0.073828243 -0.144308984 0.002638999 0.999987721 0.004180351 -0.022386819 0.073817611 -0.004363763 0.997262180 2.341733217
0.997218907 -0.005616472 -0.074316256 -0.147662207 0.005866071 0.999977887 0.003140745 -0.022759868 0.074296966 -0.003567954 0.997229755 2.383690119
0.997155130 -0.007175016 -0.075034037 -0.150546014 0.007522108 0.999962151 0.004344181 -0.023333617 0.075000025 -0.004896237 0.997171462 2.424660921
0.997015655 -0.010136426 -0.076531008 -0.153500021 0.010777548 0.999910057 0.007968895 -0.023298616 0.076443359 -0.008769929 0.997035325 2.466396809
0.997031450 -0.010654895 -0.076254010 -0.156917483 0.011708414 0.999841809 0.013382198 -0.023719106 0.076099373 -0.014235288 0.996998489 2.506801844
0.996930838 -0.009356153 -0.077725314 -0.160052150 0.010582580 0.999825597 0.015382088 -0.023732647 0.077567860 -0.016157413 0.996856034 2.550087690
0.996829629 -0.007510994 -0.079208821 -0.163497150 0.008463856 0.999895632 0.011700874 -0.024246668 0.079112694 -0.012334188 0.996789277 2.590483427
0.996757984 -0.006577815 -0.080188826 -0.167171732 0.006915615 0.999968469 0.003935569 -0.024227668 0.080160394 -0.004477365 0.996771932 2.631269693
0.996697545 -0.005189173 -0.081037745 -0.170856267 0.005130166 0.999986410 -0.000936348 -0.024392067 0.081041493 0.000517520 0.996710658 2.671521187
0.996631503 -0.000000588 -0.082009524 -0.174468488 -0.000057498 0.999999762 -0.000705900 -0.024430299 0.082009494 0.000708237 0.996631324 2.711031437
0.996532917 0.002755126 -0.083153367 -0.177763015 -0.002569118 0.999993920 0.002343840 -0.025788683 0.083159320 -0.002122083 0.996533930 2.749422550
0.996427774 0.006341652 -0.084210820 -0.181318760 -0.006080359 0.999975860 0.003358953 -0.026053386 0.084230095 -0.002834922 0.996442199 2.788237095
0.996331513 0.005999235 -0.085367240 -0.184859484 -0.005682521 0.999975979 0.003952530 -0.026985856 0.085388914 -0.003452929 0.996341646 2.826032162
0.996232390 0.007876720 -0.086365044 -0.188976616 -0.007523584 0.999961972 0.004413619 -0.026999129 0.086396545 -0.003747215 0.996253788 2.863142967
0.996079147 0.008859062 -0.088021949 -0.191836134 -0.008450691 0.999951839 0.005010994 -0.027473938 0.088062108 -0.004247501 0.996105969 2.899503231
0.995916307 0.008240933 -0.089903750 -0.194677293 -0.007772912 0.999954402 0.005554679 -0.028020196 0.089945428 -0.004833181 0.995934963 2.936352491
0.995875835 0.008210596 -0.090353929 -0.199067801 -0.007614162 0.999946892 0.006943800 -0.028772797 0.090406120 -0.006227194 0.995885551 2.970804453
0.995725155 0.011201419 -0.091683477 -0.202086270 -0.010345419 0.999898374 0.009806422 -0.029015187 0.091784023 -0.008815998 0.995739937 3.005462885
0.995561182 0.012620678 -0.093265451 -0.205322862 -0.011386387 0.999840498 0.013754515 -0.029205702 0.093424171 -0.012631506 0.995546281 3.039900303
0.995370567 0.015582582 -0.094840199 -0.208720937 -0.014205162 0.999783814 0.015181480 -0.029074617 0.095056273 -0.013763979 0.995376706 3.073894501
0.995279133 0.018668042 -0.095241904 -0.213555008 -0.017656280 0.999778509 0.011454795 -0.029902685 0.095434651 -0.009719100 0.995388269 3.106073380
0.995173573 0.019177215 -0.096238740 -0.217161179 -0.018857749 0.999813259 0.004228020 -0.030207820 0.096301846 -0.002392767 0.995349348 3.137618065
0.995065451 0.018424643 -0.097495653 -0.220387369 -0.018717362 0.999822676 -0.002088576 -0.030133948 0.097439878 0.003903130 0.995233715 3.168570757
0.994987249 0.018381950 -0.098297112 -0.223434806 -0.018737216 0.999820828 -0.002692273 -0.031032693 0.098229997 0.004520592 0.995153487 3.198533773
0.994920492 0.021079700 -0.098431408 -0.227025092 -0.021123160 0.999776781 0.000600662 -0.031200260 0.098422103 0.001481572 0.995143652 3.227540493
0.994764388 0.021550961 -0.099896312 -0.229979247 -0.021358341 0.999767423 0.002997357 -0.032059476 0.099937670 -0.000848045 0.994993329 3.255669355
0.994659305 0.018667663 -0.101509877 -0.231859297 -0.018771280 0.999823809 -0.000065592 -0.032692403 0.101490773 0.001970712 0.994834542 3.283933640
0.994767129 0.010214363 -0.101656429 -0.234457850 -0.010856389 0.999924481 -0.005764394 -0.032771006 0.101589866 0.006837851 0.994802892 3.310582638
0.994968891 0.005897140 -0.100010484 -0.237644136 -0.006971237 0.999921679 -0.010393764 -0.033429015 0.099941358 0.011038668 0.994932115 3.336561918
0.995251238 0.008237679 -0.096989796 -0.239846051 -0.009270978 0.999904931 -0.010207851 -0.034186147 0.096896477 0.011058567 0.995233059 3.361549139
0.995590925 0.013638043 -0.092804819 -0.242559537 -0.014398424 0.999868095 -0.007528648 -0.034607761 0.092689887 0.008831697 0.995655954 3.386557817
0.995993257 0.011923344 -0.088631526 -0.244397834 -0.012433236 0.999909222 -0.005203077 -0.034507554 0.088561445 0.006284205 0.996051013 3.410846472
0.996488392 0.008358344 -0.083313063 -0.245634243 -0.008431045 0.999964297 -0.000520844 -0.035450455 0.083305746 0.001221430 0.996523321 3.434297562
0.997212470 0.003920122 -0.074511051 -0.247137845 -0.003708425 0.999988675 0.002979301 -0.036039911 0.074521899 -0.002694679 0.997215807 3.457599401
0.997924089 0.007256427 -0.063990355 -0.248641402 -0.007113983 0.999971688 0.002453618 -0.036196932 0.064006351 -0.001993298 0.997947454 3.480243206
0.998710454 0.012404555 -0.049227715 -0.249364540 -0.012312934 0.999921858 0.002164013 -0.036691833 0.049250711 -0.001555086 0.998785198 3.502229929
0.999396205 0.017499562 -0.030016448 -0.250797570 -0.017430443 0.999844790 0.002562940 -0.036838967 0.030056652 -0.002038192 0.999546051 3.523483276
0.999832094 0.016232399 -0.008498809 -0.250055254 -0.016207702 0.999864221 0.002966920 -0.036993489 0.008545816 -0.002828676 0.999959469 3.544600010
0.999764979 0.012720901 0.017553069 -0.248445898 -0.012779536 0.999913037 0.003232330 -0.036940672 -0.017510423 -0.003455890 0.999840617 3.564846754
0.998778880 0.011647342 0.048010707 -0.247237056 -0.011890799 0.999917865 0.004788423 -0.037370570 -0.047950990 -0.005353461 0.998835325 3.585051537
0.996693254 0.011149609 0.080486543 -0.244741261 -0.011744998 0.999906957 0.006927743 -0.038126215 -0.080401830 -0.007850149 0.996731520 3.603461742
0.992904425 0.011675909 0.118340209 -0.241564631 -0.012566536 0.999898016 0.006782570 -0.037991367 -0.118248962 -0.008221570 0.992949963 3.622538328
0.987174034 0.011152593 0.159257427 -0.237304807 -0.012374952 0.999901056 0.006685662 -0.038278855 -0.159167096 -0.008570716 0.987214446 3.640635490
0.978797734 0.010726597 0.204547837 -0.232594192 -0.012405974 0.999899030 0.006929545 -0.038747318 -0.204452902 -0.009320239 0.978832066 3.658394337
0.967205763 0.013131409 0.253654242 -0.226964831 -0.014826946 0.999878645 0.004773786 -0.039020360 -0.253560811 -0.008378153 0.967283189 3.675732613
0.951826632 0.013900843 0.306321561 -0.220061421 -0.015264605 0.999881387 0.002056869 -0.039658401 -0.306256682 -0.006633661 0.951925814 3.692276955
0.931895316 0.014011539 0.362456769 -0.212641239 -0.015130730 0.999885499 0.000249193 -0.040139414 -0.362411737 -0.005716457 0.932000458 3.708215237
0.907516003 0.014743436 0.419758737 -0.204179764 -0.015562946 0.999877810 -0.001472304 -0.040487807 -0.419729173 -0.005196543 0.907634497 3.723173380
0.878921092 0.014663216 0.476741523 -0.194061518 -0.014426606 0.999887228 -0.004156786 -0.040468547 -0.476748824 -0.003224276 0.879033625 3.737505674
0.845304012 0.013933400 0.534103870 -0.183692694 -0.012207629 0.999902606 -0.006764385 -0.040588204 -0.534146130 -0.000802180 0.845391870 3.751004219
0.808149278 0.014065363 0.588809729 -0.172425628 -0.011194648 0.999900937 -0.008520621 -0.040883791 -0.588871241 0.000294417 0.808226764 3.763758183
0.768723130 0.011791207 0.639472842 -0.160005331 -0.009668666 0.999930024 -0.006814758 -0.041662514 -0.639508545 -0.000944187 0.768783510 3.775359631
0.726079941 0.011231688 0.687518537 -0.146995544 -0.011573313 0.999924481 -0.004112894 -0.042358421 -0.687512875 -0.004970578 0.726155162 3.786502361
0.680096865 0.010411132 0.733048320 -0.133777022 -0.009640048 0.999939740 -0.005257959 -0.042135943 -0.733058810 -0.003490700 0.680156291 3.797218800
0.634157360 0.008996321 0.773151696 -0.119744420 -0.006899801 0.999958336 -0.005976042 -0.042774852 -0.773173153 -0.001544842 0.634193122 3.805519581
0.587403357 0.006448587 0.809268534 -0.104780078 -0.000539705 0.999971211 -0.007576441 -0.042845096 -0.809294105 0.004013660 0.587390006 3.813847065
0.541301548 0.008448344 0.840785980 -0.089855671 -0.003228301 0.999963105 -0.007969384 -0.043626241 -0.840822339 0.001599530 0.541308880 3.821016550
0.492788911 0.011532240 0.870072484 -0.075437784 -0.006902731 0.999932468 -0.009343904 -0.043919832 -0.870121479 -0.001401304 0.492835194 3.828438044
0.447182715 0.013952838 0.894333839 -0.060334206 -0.008631459 0.999899030 -0.011283920 -0.044526480 -0.894400895 -0.002673431 0.447258055 3.834430933
0.404700786 0.011229187 0.914380252 -0.044109941 -0.000802434 0.999928594 -0.011924624 -0.044746451 -0.914448738 0.004092175 0.404680967 3.839570522
0.365208030 0.003380044 0.930919707 -0.027800798 0.014237497 0.999856174 -0.009215835 -0.045084178 -0.930817068 0.016619660 0.365107298 3.843669653
0.329396546 0.000183527 0.944191575 -0.011417031 0.018518865 0.999806345 -0.006654943 -0.045077946 -0.944010019 0.019677471 0.329329371 3.847776890
0.296342999 0.003900745 0.955073595 0.005332351 0.015629092 0.999837935 -0.008933013 -0.045691982 -0.954953730 0.017574169 0.296234012 3.852109432
0.265087903 0.011698814 0.964153469 0.022244394 0.004734172 0.999898553 -0.013434175 -0.046090998 -0.964212537 0.008125705 0.265005648 3.856951237
0.237382025 0.015408586 0.971294224 0.039955676 0.001509837 0.999867141 -0.016230868 -0.046832100 -0.971415162 0.005319413 0.237327218 3.860570431
0.211030066 0.017741049 0.977318704 0.057904601 0.001861708 0.999826193 -0.018551620 -0.047473285 -0.977477908 0.005734431 0.210960343 3.863915443
0.187360242 0.019634129 0.982095003 0.076445997 0.008353118 0.999732256 -0.021580305 -0.047998007 -0.982255816 0.012246847 0.187146083 3.866282225
0.166585803 0.025549591 0.985695958 0.095498025 0.015330698 0.999476254 -0.028497726 -0.048135500 -0.985907733 0.019858720 0.166106895 3.868730545
0.147923902 0.032266896 0.988472164 0.115066350 0.018824454 0.999194622 -0.035433974 -0.047947675 -0.988819599 0.023848981 0.147197396 3.870600700
0.129304588 0.032809865 0.991061926 0.135572523 0.016557723 0.999241710 -0.035240959 -0.048629470 -0.991466701 0.020966552 0.128663272 3.873455763
0.114701502 0.028586142 0.992988646 0.156570464 0.014233457 0.999436021 -0.030415872 -0.049803190 -0.993297994 0.017622406 0.114229932 3.875398874
0.099252880 0.025504565 0.994735360 0.178050101 0.015137524 0.999517024 -0.027137563 -0.050604951 -0.994947076 0.017751308 0.098818891 3.877708435
0.086959571 0.022732712 0.995952427 0.200369596 0.016855672 0.999562919 -0.024286842 -0.051593903 -0.996069193 0.018899420 0.086538374 3.878643751
0.075337745 0.021951113 0.996916473 0.223052710 0.020401921 0.999514401 -0.023550112 -0.052285805 -0.996949315 0.022113223 0.074853323 3.879657745
0.065353155 0.022594200 0.997606337 0.246841371 0.023873227 0.999422014 -0.024199260 -0.052975953 -0.997576594 0.025397580 0.064775966 3.880808592
0.057432067 0.023583097 0.998070836 0.271131277 0.025625087 0.999356687 -0.025088033 -0.053571705 -0.998020470 0.027016509 0.056790799 3.881875277
0.052194413 0.023112169 0.998369455 0.296593308 0.026917707 0.999336362 -0.024541806 -0.054761473 -0.998274207 0.028154759 0.051537644 3.882822990
0.046362497 0.024552030 0.998622894 0.323021114 0.028839871 0.999248326 -0.025906341 -0.055008635 -0.998508215 0.030001242 0.045619559 3.884162188
0.040299729 0.024934452 0.998876452 0.349412143 0.028833797 0.999243319 -0.026106909 -0.056307524 -0.998771429 0.029853508 0.039550263 3.885191917
0.036047313 0.025358211 0.999028325 0.377601862 0.031893771 0.999139607 -0.026511844 -0.056570120 -0.998840988 0.032818459 0.035207521 3.885993719
0.032972671 0.025608426 0.999128163 0.407007366 0.032703884 0.999108732 -0.026687210 -0.057366654 -0.998921037 0.033555314 0.032105785 3.886832714
0.030049725 0.024742380 0.999242067 0.435860932 0.034428056 0.999074757 -0.025773579 -0.058500409 -0.998955250 0.035176467 0.029170098 3.887533426
0.027472798 0.024249179 0.999328375 0.465941012 0.036872286 0.999000669 -0.025254905 -0.059233259 -0.998942256 0.037541348 0.026551232 3.888652802
0.026872886 0.023942657 0.999352157 0.498331904 0.040365659 0.998871803 -0.025016600 -0.060236227 -0.998823583 0.041011777 0.025876107 3.889052868
0.027876237 0.023515956 0.999334693 0.528490782 0.044202201 0.998716235 -0.024734419 -0.061021872 -0.998633623 0.044862300 0.026800998 3.889554977
0.030731747 0.023368388 0.999254405 0.561926901 0.046280820 0.998621047 -0.024776930 -0.062373228 -0.998455644 0.047007758 0.029607866 3.890115976
0.033801697 0.023057438 0.999162495 0.594903588 0.048814025 0.998502493 -0.024693590 -0.063381568 -0.998235762 0.049607839 0.032625556 3.892157793
0.038500652 0.022463616 0.999006033 0.629371762 0.048960321 0.998504043 -0.024339212 -0.064747497 -0.998058379 0.049848735 0.037343234 3.893144608
0.042537775 0.021577828 0.998861909 0.663989604 0.050046474 0.998465598 -0.023700565 -0.064777233 -0.997840643 0.050997682 0.041392609 3.894368410
0.046623673 0.020114608 0.998709977 0.700111628 0.049781054 0.998508036 -0.022434518 -0.065686643 -0.997671366 0.050762806 0.045552794 3.896165371
0.050534680 0.017569173 0.998567700 0.735904455 0.047384258 0.998677135 -0.019969082 -0.067074060 -0.997597575 0.048325520 0.049635332 3.898272991
0.054273136 0.016642617 0.998387456 0.772961617 0.045987338 0.998758495 -0.019148711 -0.067997098 -0.997466564 0.046952441 0.053440407 3.900914431
0.058335237 0.017540837 0.998142958 0.809756756 0.043252498 0.998862267 -0.020081321 -0.068932101 -0.997359633 0.044343621 0.057510182 3.903412104
0.061696164 0.021367351 0.997866273 0.848126888 0.041314613 0.998859286 -0.023943024 -0.070324764 -0.997239530 0.042703655 0.060743008 3.905939817
0.063279651 0.026428217 0.997645855 0.885627210 0.035692327 0.998949885 -0.028726690 -0.071894631 -0.997357428 0.037426110 0.062269919 3.908636093
0.062337697 0.029846935 0.997608721 0.923271298 0.032267112 0.998969972 -0.031903934 -0.073181272 -0.997533441 0.034178771 0.061310410 3.911934376
0.062636703 0.030258119 0.997577727 0.961219132 0.029403197 0.999050498 -0.032148987 -0.074098848 -0.997603238 0.031345677 0.061687559 3.914446831
0.062014937 0.027643139 0.997692406 0.998801649 0.026755597 0.999211073 -0.029348304 -0.076434135 -0.997716606 0.028513879 0.061226405 3.917890549
0.062427219 0.026358491 0.997701347 1.037526965 0.027665660 0.999221385 -0.028129717 -0.077917039 -0.997665882 0.029358130 0.061649390 3.919777870
0.062837057 0.025675800 0.997693419 1.075246096 0.025086107 0.999312520 -0.027297452 -0.079465121 -0.997708380 0.026743533 0.062149744 3.922425270
0.062604457 0.025826097 0.997704148 1.112887621 0.023864413 0.999340594 -0.027365914 -0.081453964 -0.997753084 0.025522856 0.061946843 3.925497770
0.062717631 0.026583970 0.997677267 1.151540279 0.020603122 0.999397576 -0.027924998 -0.082681879 -0.997818589 0.022306651 0.062132142 3.928217649
0.061328325 0.027723959 0.997732580 1.188742995 0.018144162 0.999418020 -0.028886067 -0.084300458 -0.997952700 0.019874552 0.060789607 3.931045294
0.058416143 0.027005641 0.997927070 1.226181030 0.014364721 0.999507785 -0.027889293 -0.086100847 -0.998188972 0.015964122 0.057999473 3.933509350
0.054667491 0.026460221 0.998153925 1.264535546 0.012221443 0.999556243 -0.027166747 -0.087097451 -0.998429775 0.013684020 0.054319847 3.935972929
0.049644213 0.023964034 0.998479366 1.301854014 0.009490596 0.999655724 -0.024464132 -0.088422284 -0.998721719 0.010690670 0.049399685 3.938290596
0.043239094 0.022110749 0.998820007 1.339354277 0.007158741 0.999722600 -0.022440631 -0.089904010 -0.999039114 0.008120608 0.043068808 3.939934969
0.036095895 0.022044668 0.999105155 1.376888871 0.007172363 0.999725163 -0.022317475 -0.091634244 -0.999322534 0.007971513 0.035927862 3.941176891
0.027252082 0.023247721 0.999358237 1.413851619 0.007345290 0.999697864 -0.023455927 -0.092861451 -0.999601483 0.007979799 0.027073091 3.942210674
0.017266756 0.023816193 0.999567270 1.451626062 0.008319975 0.999678254 -0.023962557 -0.094092086 -0.999816239 0.008730129 0.017063055 3.943090916
0.007332812 0.022488113 0.999720156 1.488123775 0.010577184 0.999689400 -0.022565002 -0.095726006 -0.999917090 0.010739690 0.007092676 3.943341017
-0.003394982 0.021787854 0.999756813 1.525663257 0.008702256 0.999725282 -0.021757616 -0.096854478 -0.999956310 0.008626271 -0.003583652 3.943367004
-0.015961304 0.021330530 0.999645054 1.563542604 0.009817624 0.999727547 -0.021175534 -0.098048031 -0.999824286 0.009476150 -0.016166367 3.943747044
-0.026122976 0.021370070 0.999430239 1.598695040 0.011095455 0.999716043 -0.021086171 -0.099382088 -0.999597132 0.010538299 -0.026352668 3.942059994
-0.037419192 0.022300515 0.999050796 1.635848522 0.011342390 0.999696076 -0.021890093 -0.100702092 -0.999235153 0.010512513 -0.037660755 3.940925837
-0.047594331 0.023900997 0.998580694 1.672945499 0.012125107 0.999653876 -0.023348777 -0.101404876 -0.998793185 0.010996628 -0.047867656 3.939243078
-0.057749953 0.023862699 0.998045802 1.706795096 0.010585402 0.999672711 -0.023289090 -0.103408068 -0.998274922 0.009219774 -0.057983648 3.936269522
-0.066967644 0.024699895 0.997449338 1.743446350 0.010909762 0.999651849 -0.024021968 -0.104750007 -0.997695386 0.009273240 -0.067213796 3.933229446
-0.077658638 0.025013417 0.996666253 1.777954817 0.012298202 0.999633193 -0.024129629 -0.106320038 -0.996904135 0.010383329 -0.077937774 3.931974888
-0.086545736 0.025440093 0.995922983 1.812554121 0.012437493 0.999623537 -0.024453804 -0.107365817 -0.996170223 0.010270411 -0.086829558 3.928201914
-0.095175721 0.024853854 0.995150208 1.846928954 0.014300374 0.999619246 -0.023597786 -0.108643852 -0.995357752 0.011985082 -0.095494911 3.925267935
-0.102117091 0.023776351 0.994488299 1.882550716 0.015092519 0.999636292 -0.022349684 -0.109885707 -0.994657815 0.012727048 -0.102438785 3.920969963
-0.107716836 0.022207281 0.993933678 1.914434791 0.018286662 0.999625623 -0.020352652 -0.111190327 -0.994013548 0.015983401 -0.108082600 3.917389154
-0.111388437 0.020791799 0.993559420 1.948262691 0.020875392 0.999609470 -0.018578058 -0.112152174 -0.993557692 0.018671561 -0.111778960 3.913546324
-0.113946222 0.019597268 0.993293524 1.981682539 0.022956146 0.999590397 -0.017088074 -0.113538548 -0.993221641 0.020855073 -0.114349432 3.909265280
-0.115914367 0.018608768 0.993084908 2.011144161 0.022793487 0.999610960 -0.016070569 -0.114481151 -0.992997766 0.020773059 -0.116293430 3.905997276
-0.116610721 0.019248163 0.992991209 2.043219805 0.023681616 0.999581814 -0.016594894 -0.115469940 -0.992895365 0.021580501 -0.117017791 3.902436972
-0.116113879 0.020196328 0.993030548 2.073620796 0.024804724 0.999540329 -0.017428340 -0.116488770 -0.992926121 0.022608178 -0.116561487 3.899118900
-0.112278737 0.022125263 0.993430316 2.101531029 0.026391497 0.999465704 -0.019276882 -0.117156789 -0.993326187 0.024053728 -0.112802655 3.895248175
-0.107537843 0.022222308 0.993952572 2.130259991 0.025148973 0.999490976 -0.019625211 -0.118710503 -0.993882716 0.022886436 -0.108041979 3.892488718
-0.099915266 0.022842215 0.994733691 2.158145428 0.024498295 0.999489784 -0.020490719 -0.120037332 -0.994694233 0.022321947 -0.100423887 3.890275240
-0.088130191 0.023257401 0.995837450 2.183678150 0.024559870 0.999474108 -0.021168819 -0.120303586 -0.995806158 0.022592023 -0.088655055 3.887956381
-0.074802801 0.023601698 0.996919036 2.209624290 0.023514546 0.999483585 -0.021898018 -0.121597782 -0.996921003 0.021804066 -0.075319178 3.886749268
-0.057681408 0.025296532 0.998014510 2.234574080 0.023393024 0.999438643 -0.023980601 -0.122471146 -0.998060942 0.021963341 -0.058240797 3.886010647
-0.036405969 0.027582873 0.998956442 2.259101391 0.021340758 0.999412417 -0.026817724 -0.123446174 -0.999109209 0.020342154 -0.036973234 3.885574341
-0.011695929 0.030348051 0.999470830 2.282228231 0.019260740 0.999360621 -0.030119305 -0.124649905 -0.999746084 0.018898280 -0.012272978 3.886470318
0.016786274 0.031987265 0.999347270 2.306047440 0.017027784 0.999333918 -0.032272857 -0.125832319 -0.999714077 0.017558416 0.016230423 3.887670040
0.050104685 0.031654119 0.998242080 2.330404997 0.015248398 0.999356806 -0.032454822 -0.126598865 -0.998627603 0.016847735 0.049589790 3.889648676
0.088816233 0.029504176 0.995611012 2.352037907 0.014764374 0.999412477 -0.030933915 -0.127515689 -0.995938599 0.017447008 0.088328443 3.891969442
0.130680844 0.025351832 0.991100252 2.375049829 0.012162238 0.999556780 -0.027171783 -0.128769383 -0.991349876 0.015604830 0.130314589 3.896326780
0.176302001 0.020735953 0.984117687 2.396906376 0.009209584 0.999699593 -0.022714138 -0.130080551 -0.984292984 0.013067864 0.176058069 3.901182890
0.224924877 0.018010888 0.974209547 2.418712139 0.005340884 0.999791324 -0.019716933 -0.130456626 -0.974361479 0.009637970 0.224781722 3.907275677
0.276764214 0.016595172 0.960794449 2.439672470 0.001279460 0.999843597 -0.017638201 -0.131202057 -0.960937023 0.006110919 0.276699692 3.914592266
0.331518590 0.015804714 0.943316162 2.461236954 -0.000678239 0.999863446 -0.016513767 -0.132384688 -0.943448365 0.004834826 0.331484020 3.923705339
0.388870031 0.017027022 0.921135306 2.479903698 0.002560287 0.999805331 -0.019562086 -0.132597148 -0.921289027 0.009965478 0.388750762 3.932920933
0.448815048 0.020520475 0.893389165 2.499116659 0.004122831 0.999678016 -0.025033057 -0.133202761 -0.893615127 0.014918504 0.448585957 3.944212437
0.508454621 0.023573613 0.860765994 2.516554356 0.004902206 0.999529660 -0.030269636 -0.133952036 -0.861074805 0.019610392 0.508099973 3.956172466
0.566086650 0.030014003 0.823799074 2.533524990 0.000597706 0.999321640 -0.036819648 -0.133327112 -0.824345469 0.021335501 0.565684795 3.970348835
0.622006655 0.031315744 0.782385468 2.548487425 -0.003715379 0.999306679 -0.037044469 -0.135147631 -0.783003032 0.020135038 0.621691763 3.984783173
0.674740314 0.030903749 0.737407982 2.563595057 -0.005360441 0.999301791 -0.036974475 -0.136764213 -0.738035738 0.020995336 0.674434781 4.001195908
0.723215699 0.029059654 0.690010548 2.576624632 -0.005422491 0.999322474 -0.036402825 -0.137244552 -0.690600932 0.022585519 0.722883284 4.017422199
0.768315554 0.026525393 0.639521420 2.589315891 -0.007980727 0.999460220 -0.031866584 -0.137729257 -0.640021503 0.019379744 0.768112600 4.036091328
0.810053766 0.020692414 0.585990310 2.600100994 -0.007844798 0.999670148 -0.024455825 -0.138439715 -0.586303115 0.015213563 0.809948921 4.053685665
0.846631646 0.017768776 0.531882584 2.610873699 -0.009863053 0.999794662 -0.017700814 -0.139225349 -0.532087982 0.009740083 0.846633077 4.074494839
0.878112376 0.011949573 0.478305161 2.620028257 -0.008825770 0.999922574 -0.008778140 -0.140585124 -0.478373051 0.003486781 0.878149807 4.095034599
0.903575122 0.014964201 0.428168446 2.626339436 -0.014102178 0.999887288 -0.005185189 -0.140116990 -0.428197742 -0.001352901 0.903684080 4.113255501
0.923797131 0.017893082 0.382464319 2.633265495 -0.018583419 0.999825537 -0.001889464 -0.140495837 -0.382431418 -0.005362013 0.923968375 4.135312557
0.939254105 0.023036985 0.342448741 2.639878273 -0.024809230 0.999691904 0.000795100 -0.140734926 -0.342324972 -0.009242691 0.939536154 4.158590794
0.951096058 0.026941925 0.307717919 2.644108295 -0.028376950 0.999597251 0.000188904 -0.140981063 -0.307588935 -0.008911761 0.951477587 4.177144527
0.960212588 0.030230397 0.277628720 2.649531126 -0.031406295 0.999506652 -0.000211666 -0.140835062 -0.277498186 -0.008516046 0.960688353 4.200342655
0.966968358 0.023774207 0.253785521 2.656962156 -0.024684474 0.999695182 0.000402487 -0.141055986 -0.253698707 -0.006653756 0.967260301 4.225156307
0.970806420 0.020205103 0.239011884 2.662331104 -0.020977153 0.999779761 0.000686570 -0.141230240 -0.238945425 -0.005680316 0.971016407 4.249274254
0.973735750 0.024686653 0.226338655 2.667746067 -0.025363805 0.999678254 0.000083643 -0.141401842 -0.226263821 -0.005822255 0.974048674 4.274756432
0.975646853 0.029775251 0.217317134 2.672291279 -0.030641634 0.999530256 0.000617292 -0.141249374 -0.217196703 -0.007261212 0.976100802 4.299952507
0.976741552 0.037650991 0.211088344 2.673955917 -0.038606793 0.999254525 0.000407147 -0.142114967 -0.210915670 -0.008547123 0.977466941 4.316720963
0.977118790 0.043784466 0.208138883 2.679179192 -0.044275008 0.999016702 -0.002303625 -0.143052310 -0.208035126 -0.006964437 0.978096604 4.343772888
0.977134526 0.044870432 0.207833052 2.684708118 -0.044632994 0.998986363 -0.005834042 -0.142830983 -0.207884207 -0.003575570 0.978146911 4.371441364
0.976796031 0.043193951 0.209770367 2.689621925 -0.042106986 0.999066412 -0.009647173 -0.143049389 -0.209991261 0.000590523 0.977703094 4.393520355
0.975876331 0.041463383 0.214350581 2.695506096 -0.038791489 0.999108434 -0.016658319 -0.142962039 -0.214850202 0.007941481 0.976614714 4.422501087
0.975161672 0.041755013 0.217522681 2.703129530 -0.037945271 0.999044895 -0.021663742 -0.143115118 -0.218219489 0.012871694 0.975814879 4.450153828
0.973816991 0.047015850 0.222418308 2.707424641 -0.043557432 0.998841941 -0.020431878 -0.144392461 -0.223121375 0.010208937 0.974737227 4.474683762
0.972349465 0.050233632 0.228063628 2.714484692 -0.047708634 0.998723745 -0.016574537 -0.144838452 -0.228605151 0.005235638 0.973505139 4.504812241
0.971356273 0.047285136 0.232875690 2.720653534 -0.045784403 0.998881042 -0.011848627 -0.145669922 -0.233175367 0.000847163 0.972434282 4.532035828
0.970485926 0.043476522 0.237206638 2.728653431 -0.043342561 0.999043465 -0.005782269 -0.146482065 -0.237231165 -0.004669533 0.971441984 4.564518929
0.969876051 0.040607724 0.240190372 2.735940456 -0.041434586 0.999139905 -0.001608644 -0.146762773 -0.240049049 -0.008392002 0.970724463 4.591837883
0.969275653 0.035651926 0.243379489 2.744152069 -0.036355197 0.999337554 -0.001602865 -0.146902114 -0.243275404 -0.007294489 0.969929874 4.624857903
0.969246745 0.032567624 0.243926421 2.752876759 -0.032402795 0.999463856 -0.004689349 -0.147296265 -0.243948355 -0.003358762 0.969782352 4.658611298
0.969434261 0.031874560 0.243271813 2.759358644 -0.030055732 0.999485612 -0.011185424 -0.147956178 -0.243503258 0.003531820 0.969893634 4.684094429
0.969447553 0.034614071 0.242843673 2.767587185 -0.031142952 0.999350667 -0.018119192 -0.148441896 -0.243313164 0.010002740 0.969896138 4.718863964
0.970138490 0.037241515 0.239675507 2.774676800 -0.033015642 0.999221027 -0.021624060 -0.148968294 -0.240294099 0.013065292 0.970612168 4.747762203
0.970654845 0.036312070 0.237719387 2.783117771 -0.033186186 0.999302208 -0.017139534 -0.149520054 -0.238175839 0.008747568 0.971182644 4.784362316
0.971207798 0.031626586 0.236125305 2.790807724 -0.030275814 0.999498010 -0.009345055 -0.150556937 -0.236302286 0.001927105 0.971677721 4.814630508
0.971896470 0.032139342 0.233204290 2.799879789 -0.032159973 0.999475896 -0.003714912 -0.151134700 -0.233201429 -0.003889331 0.972420633 4.851898193
0.972095788 0.035370693 0.231902316 2.806747913 -0.035340104 0.999366105 -0.004287598 -0.151836157 -0.231906980 -0.004027497 0.972729623 4.883613586
0.972398639 0.040606394 0.229765236 2.815038443 -0.039545510 0.999175191 -0.009222031 -0.152320296 -0.229950204 -0.000118694 0.973202348 4.921717644
0.973258913 0.041822582 0.225871503 2.822283506 -0.039567731 0.999111593 -0.014502871 -0.152665198 -0.226277411 0.005177827 0.974049151 4.954211235
0.974234045 0.040540487 0.221866190 2.831268787 -0.037640844 0.999141812 -0.017283890 -0.153610557 -0.222376481 0.008487325 0.974923968 4.993612289
0.975107491 0.038352519 0.218390658 2.839807034 -0.035778560 0.999235928 -0.015729966 -0.154540062 -0.218827084 0.007524705 0.975734711 5.033548832
0.976039708 0.034453899 0.214847475 2.846713066 -0.032281559 0.999386132 -0.013612741 -0.155112311 -0.215184584 0.006350964 0.976552725 5.064339638
0.976467848 0.033277143 0.213080227 2.855486870 -0.031695284 0.999438822 -0.010836482 -0.155913055 -0.213321254 0.003827838 0.976974547 5.105334282
0.976889551 0.030362381 0.211577684 2.864828587 -0.029125467 0.999535561 -0.008960880 -0.156345636 -0.211751476 0.002591492 0.977320075 5.146779060
0.977072835 0.025265466 0.211400881 2.871524096 -0.024268495 0.999678791 -0.007309631 -0.157078847 -0.211517692 0.002011661 0.977372110 5.177392483
0.977171123 0.025997931 0.210857049 2.880478382 -0.025274962 0.999661863 -0.006123461 -0.157475814 -0.210944965 0.000654266 0.977497697 5.219613552
0.976889849 0.031502873 0.211408868 2.888820887 -0.030418621 0.999502122 -0.008379712 -0.157921270 -0.211567611 0.001755289 0.977361739 5.261313438
0.976649642 0.036942378 0.211638495 2.895490885 -0.035392962 0.999311745 -0.011105894 -0.159028769 -0.211903155 0.003356052 0.977284908 5.293419838
0.976032495 0.045969579 0.212714434 2.904059887 -0.044229809 0.998937666 -0.012932939 -0.159682125 -0.213083014 0.003214649 0.977028847 5.336226940
0.975101054 0.052195217 0.215530902 2.912876368 -0.050638799 0.998635769 -0.012740983 -0.160403207 -0.215901911 0.001509520 0.976413906 5.378938198
0.974250674 0.054260157 0.218841001 2.922055721 -0.053255953 0.998525858 -0.010489456 -0.161789864 -0.219087571 -0.001435228 0.975704134 5.422581673
0.973722637 0.054930124 0.221013337 2.928389549 -0.053859986 0.998489380 -0.010870166 -0.162477940 -0.221276551 -0.001319250 0.975210190 5.451322556
0.973263264 0.053033806 0.223486185 2.937629461 -0.051252991 0.998590887 -0.013765596 -0.163091183 -0.223901302 0.001943213 0.974609852 5.495147228
0.973393023 0.046759915 0.224320397 2.948486567 -0.045070216 0.998903811 -0.012649862 -0.164113149 -0.224665999 0.002203119 0.974433303 5.538495541
0.973689020 0.040731125 0.224210918 2.959273100 -0.038522456 0.999156654 -0.014218209 -0.165249527 -0.224600896 0.005206960 0.974436939 5.581041813
0.973466814 0.039665703 0.225364029 2.965669632 -0.037506025 0.999200404 -0.013858018 -0.166452721 -0.225733459 0.005037808 0.974175990 5.608946323
0.972936392 0.042354960 0.227158204 2.975490808 -0.040933155 0.999101698 -0.010968363 -0.167417765 -0.227418706 0.001373216 0.973796070 5.652300835
0.972591758 0.044175595 0.228284284 2.985368252 -0.044060271 0.999013186 -0.005604150 -0.168021798 -0.228306562 -0.004607719 0.973578334 5.695582390
0.972123682 0.048251458 0.229450241 2.994551182 -0.049291670 0.998783588 -0.001199232 -0.169223994 -0.229229018 -0.010144188 0.973319650 5.737870216
0.971970081 0.046727635 0.230414033 3.001055479 -0.046207242 0.998902440 -0.007657045 -0.169780105 -0.230518952 -0.003204377 0.973062575 5.765627384
0.972254813 0.042140964 0.230097130 3.010999203 -0.038086530 0.999031484 -0.022035617 -0.170990974 -0.230802849 0.012660637 0.972918212 5.807728767
0.972464561 0.040251348 0.229548454 3.021240234 -0.034082558 0.998944938 -0.030776951 -0.172434270 -0.230545074 0.022105901 0.972810507 5.850289345
0.972753286 0.037540875 0.228783324 3.034888268 -0.033451162 0.999204040 -0.021729149 -0.173743457 -0.229416937 0.013484029 0.973234832 5.907732010
0.973308802 0.030651614 0.227443203 3.038415909 -0.031197280 0.999512553 -0.001196283 -0.173892841 -0.227368981 -0.005931256 0.973790646 5.920809746
0.973476291 0.027821273 0.227089643 3.048432827 -0.031820338 0.999395967 0.013967503 -0.175057724 -0.226563901 -0.020823104 0.973773718 5.964099884
0.973508000 0.032863989 0.226278588 3.057658195 -0.035585627 0.999334991 0.007958195 -0.175535619 -0.225866541 -0.015799634 0.974030197 6.006703377
