0.999993384 -0.002476540 -0.002680877 -0.000281494 0.002470546 0.999994516 -0.002236610 -0.001108211 0.002686398 0.002229973 0.999993861 0.052442018
0.999983549 -0.002931184 -0.004926601 0.000147901 0.002914905 0.999990284 -0.003308245 -0.001755927 0.004936251 0.003293833 0.999982536 0.073027305
0.999962866 -0.005002503 -0.007020914 -0.000318116 0.004964620 0.999973059 -0.005402874 -0.002125349 0.007047756 0.005367816 0.999960780 0.104962401
0.999937654 -0.007239693 -0.008502790 -0.000554582 0.007174920 0.999945164 -0.007623772 -0.002565452 0.008557520 0.007562288 0.999934733 0.131214038
0.999913156 -0.008548789 -0.010019951 -0.000696655 0.008467201 0.999930799 -0.008156797 -0.002958505 0.010088989 0.008071249 0.999916494 0.146664500
0.999900699 -0.008299923 -0.011401982 -0.001362462 0.008212408 0.999936581 -0.007700920 -0.003783633 0.011465179 0.007606517 0.999905348 0.185009971
0.999882340 -0.008816574 -0.012544270 -0.001814855 0.008716869 0.999930084 -0.007980661 -0.004555944 0.012613754 0.007870375 0.999889433 0.212395474
0.999878049 -0.008184364 -0.013298532 -0.002678690 0.008043233 0.999911070 -0.010631558 -0.005331894 0.013384361 0.010523301 0.999855042 0.237498716
0.999863863 -0.006608555 -0.015120010 -0.002935345 0.006390759 0.999875724 -0.014407693 -0.006161651 0.015213343 0.014309104 0.999781907 0.268086940
0.999845445 -0.005499891 -0.016696677 -0.003281639 0.005200068 0.999825358 -0.017947679 -0.006861630 0.016792472 0.017858084 0.999699533 0.293816328
0.999838769 -0.003682543 -0.017573588 -0.004423407 0.003363599 0.999829710 -0.018144228 -0.007232489 0.017637413 0.018082192 0.999680877 0.325908899
0.999817371 -0.001113591 -0.019075599 -0.004850700 0.000885480 0.999927998 -0.011962606 -0.007341921 0.019087549 0.011943532 0.999746442 0.353321135
0.999817550 -0.000371580 -0.019101450 -0.006454944 0.000352473 0.999999464 -0.001003660 -0.008245778 0.019101815 0.000996744 0.999817073 0.386841148
0.999808788 0.000485037 -0.019554641 -0.007441480 -0.000378556 0.999985099 0.005448608 -0.008618050 0.019556994 -0.005440162 0.999794006 0.415545613
0.999768853 0.002978674 -0.021293644 -0.008217417 -0.002873637 0.999983728 0.004961707 -0.009804275 0.021308072 -0.004899370 0.999760985 0.450431436
0.999748409 0.004843827 -0.021901829 -0.009243866 -0.004894549 0.999985516 -0.002262829 -0.009985542 0.021890551 0.002369458 0.999757588 0.479480207
0.999727666 0.004471680 -0.022902371 -0.010481391 -0.004661109 0.999955356 -0.008224521 -0.010111175 0.022864569 0.008329031 0.999704003 0.515693426
0.999711037 0.002225941 -0.023941653 -0.011310345 -0.002379443 0.999976814 -0.006384937 -0.010449773 0.023926891 0.006440057 0.999692976 0.546876907
0.999692202 0.001147593 -0.024782052 -0.012097411 -0.001082419 0.999995947 0.002643134 -0.010611556 0.024784984 -0.002615496 0.999689400 0.585827827
0.999678612 0.000289810 -0.025350273 -0.012931705 -0.000032349 0.999948442 0.010155986 -0.010805741 0.025351910 -0.010151901 0.999626994 0.618574321
0.999658465 -0.000744310 -0.026123857 -0.013465712 0.001081215 0.999916434 0.012884703 -0.011059469 0.026112087 -0.012908548 0.999575675 0.651464462
0.999662697 -0.002142571 -0.025881274 -0.015134082 0.002444709 0.999929190 0.011648011 -0.011061291 0.025854480 -0.011707355 0.999597132 0.696220100
0.999675214 -0.002572184 -0.025350224 -0.016061548 0.002794725 0.999957860 0.008747153 -0.010845030 0.025326652 -0.008815162 0.999640346 0.731053650
0.999700248 -0.000242563 -0.024480479 -0.017568797 0.000368803 0.999986768 0.005152372 -0.010606227 0.024478899 -0.005159856 0.999686956 0.766264439
0.999710917 -0.002915756 -0.023867959 -0.018436296 0.002906156 0.999995649 -0.000436857 -0.010889404 0.023869131 0.000367367 0.999715090 0.813545048
0.999701440 -0.005823037 -0.023737088 -0.018606745 0.005671067 0.999963045 -0.006464495 -0.011373777 0.023773856 0.006327950 0.999697447 0.849669933
0.999748945 -0.003979685 -0.022053754 -0.020488115 0.003720664 0.999923766 -0.011773623 -0.012313801 0.022098929 0.011688614 0.999687493 0.888163745
0.999758959 -0.002968016 -0.021754978 -0.021791101 0.002692051 0.999915659 -0.012703507 -0.013078753 0.021790856 0.012641878 0.999682605 0.938755870
0.999732971 -0.003208929 -0.022885816 -0.022012014 0.002923902 0.999917924 -0.012476921 -0.013571749 0.022923980 0.012406672 0.999660194 0.977151215
0.999738693 -0.001570002 -0.022806751 -0.023132615 0.001253881 0.999903023 -0.013868587 -0.014500339 0.022826320 0.013836364 0.999643743 1.017092824
0.999751449 0.001425877 -0.022246057 -0.024761574 -0.001771755 0.999877751 -0.015535857 -0.016352931 0.022221187 0.015571414 0.999631703 1.070012331
0.999734044 0.004677302 -0.022581048 -0.025792843 -0.005047798 0.999853134 -0.016378345 -0.017260859 0.022501126 0.016487977 0.999610782 1.110423446
0.999713778 0.006531569 -0.023011385 -0.026798690 -0.006915147 0.999837816 -0.016629098 -0.018319860 0.022899039 0.016783470 0.999596834 1.151353002
0.999719143 0.007757649 -0.022390980 -0.028952617 -0.008122384 0.999835014 -0.016244695 -0.020316761 0.022261266 0.016422000 0.999617279 1.206463099
0.999710500 0.007390693 -0.022896068 -0.029863000 -0.007774122 0.999830246 -0.016703039 -0.021247026 0.022768736 0.016876198 0.999598324 1.248094320
0.999679625 0.008689865 -0.023769462 -0.030750871 -0.009048205 0.999846399 -0.015009938 -0.022632152 0.023635376 0.015220202 0.999604821 1.289958000
0.999683380 0.009103936 -0.023455102 -0.032425147 -0.009409551 0.999871910 -0.012952521 -0.024402201 0.023334179 0.013169122 0.999640942 1.346778393
0.999675870 0.009704676 -0.023536786 -0.034075655 -0.009997095 0.999873996 -0.012338242 -0.025207750 0.023414081 0.012569543 0.999646842 1.389846683
0.999652803 0.009779079 -0.024469718 -0.034840994 -0.010099189 0.999864638 -0.012992674 -0.026813772 0.024339352 0.013235287 0.999616146 1.433016062
0.999646425 0.011536630 -0.023956468 -0.036853436 -0.011872135 0.999832690 -0.013910112 -0.028039085 0.023791987 0.014189610 0.999616206 1.490085959
0.999657810 0.010539399 -0.023940116 -0.038766872 -0.010839420 0.999863923 -0.012437128 -0.029618636 0.023805777 0.012692371 0.999635935 1.534073949
0.999658823 0.009728124 -0.024238592 -0.040589307 -0.009969455 0.999901712 -0.009855526 -0.030779820 0.024140336 0.010093811 0.999657631 1.577487230
0.999624908 0.010048917 -0.025475631 -0.040780105 -0.010217854 0.999926567 -0.006509699 -0.031886421 0.025408342 0.006767564 0.999654293 1.636841297
0.999609232 0.009771452 -0.026188206 -0.041801915 -0.009887532 0.999941826 -0.004306658 -0.032782447 0.026144600 0.004563911 0.999647796 1.681686640
0.999598742 0.009854965 -0.026554869 -0.043694600 -0.009971711 0.999941170 -0.004267585 -0.033146605 0.026511248 0.004530669 0.999638319 1.726463556
0.999591589 0.009566435 -0.026930146 -0.045569427 -0.009719098 0.999937356 -0.005543740 -0.034470312 0.026875429 0.005803212 0.999621987 1.785891414
0.999581695 0.010731676 -0.026857974 -0.047746945 -0.010907270 0.999919951 -0.006399975 -0.035187408 0.026787147 0.006690244 0.999618828 1.831287980
0.999551535 0.010920736 -0.027884627 -0.049306300 -0.011080058 0.999923110 -0.005565546 -0.035867609 0.027821705 0.005872012 0.999595702 1.875980258
0.999524713 0.010169422 -0.029104561 -0.050681613 -0.010265422 0.999942303 -0.003150898 -0.037260424 0.029070839 0.003448170 0.999571443 1.937187433
0.999529362 0.009834351 -0.029062558 -0.052879669 -0.009846148 0.999951482 -0.000262866 -0.038502529 0.029058564 0.000548896 0.999577522 1.982110620
0.999506176 0.010330012 -0.029677890 -0.054547869 -0.010349862 0.999946296 -0.000515381 -0.039031591 0.029670971 0.000822289 0.999559402 2.026963949
0.999448061 0.012946401 -0.030594511 -0.055884331 -0.013076019 0.999906361 -0.004040414 -0.040706407 0.030539336 0.004438236 0.999523699 2.087766886
0.999438167 0.013974637 -0.030465376 -0.057875104 -0.014226733 0.999866247 -0.008073892 -0.041569635 0.030348465 0.008502776 0.999503195 2.132724762
0.999435842 0.014506653 -0.030290442 -0.059910160 -0.014767984 0.999855459 -0.008421645 -0.042946111 0.030163897 0.008864222 0.999505699 2.188696384
0.999419749 0.015221491 -0.030467248 -0.061406881 -0.015402838 0.999864936 -0.005726304 -0.043989364 0.030375971 0.006192261 0.999519408 2.234637022
0.999421716 0.015486728 -0.030271336 -0.063374378 -0.015599823 0.999872088 -0.003503410 -0.045265310 0.030213220 0.003973612 0.999535561 2.290680408
0.999437571 0.013965969 -0.030488919 -0.064555652 -0.014043788 0.999898612 -0.002339731 -0.046156362 0.030453149 0.002766595 0.999532402 2.335775852
0.999457061 0.013860272 -0.029893300 -0.066573508 -0.013954331 0.999898255 -0.002940093 -0.047276407 0.029849514 0.003355638 0.999548733 2.380916834
0.999478281 0.012770283 -0.029671125 -0.068556622 -0.012924235 0.999903917 -0.005002570 -0.048359957 0.029604394 0.005383436 0.999547243 2.442608595
0.999492884 0.012731931 -0.029190000 -0.070526816 -0.012951993 0.999888897 -0.007362297 -0.049309067 0.029093023 0.007736631 0.999546826 2.487868786
0.999505699 0.011808393 -0.029136846 -0.072092839 -0.012090708 0.999881387 -0.009532181 -0.050914772 0.029020837 0.009879752 0.999530017 2.543229818
0.999525011 0.009845987 -0.029202234 -0.072930507 -0.010226564 0.999864221 -0.012911895 -0.052107923 0.029071145 0.013204399 0.999490142 2.587642431
0.999549329 0.008274061 -0.028857933 -0.074337803 -0.008703514 0.999852717 -0.014787851 -0.053510889 0.028731333 0.015032350 0.999474108 2.632548332
0.999564528 0.006846755 -0.028704993 -0.075965486 -0.007199456 0.999899685 -0.012201836 -0.055323124 0.028618576 0.012403183 0.999513447 2.693192005
0.999567926 0.004915812 -0.028978674 -0.076869227 -0.005101298 0.999967039 -0.006330307 -0.056285888 0.028946597 0.006475402 0.999559999 2.737982512
0.999585211 0.003887665 -0.028537832 -0.078730837 -0.003901249 0.999992430 -0.000420376 -0.057543356 0.028535971 0.000531535 0.999592602 2.793457985
0.999600887 0.002527505 -0.028137127 -0.080122896 -0.002525635 0.999996841 0.000102004 -0.058465078 0.028137293 -0.000030899 0.999604106 2.838374853
0.999604106 -0.000653428 -0.028128400 -0.081739821 0.000571159 0.999995530 -0.002932694 -0.059360132 0.028130196 0.002915468 0.999600053 2.893878937
0.999613583 -0.001265266 -0.027766654 -0.083465047 0.001110611 0.999983847 -0.005584509 -0.060519874 0.027773272 0.005551515 0.999598861 2.938744783
0.999597728 0.000149035 -0.028360572 -0.084794722 -0.000433588 0.999949634 -0.010027513 -0.061661802 0.028357653 0.010035777 0.999547482 2.994429350
0.999613166 -0.000074380 -0.027809804 -0.086807936 -0.000314625 0.999902189 -0.013983423 -0.063125238 0.027808124 0.013986764 0.999515414 3.039143801
0.999624312 0.002815285 -0.027262053 -0.088200219 -0.003224708 0.999882460 -0.014985722 -0.064041108 0.027216656 0.015068002 0.999516010 3.084385395
0.999623001 0.006628861 -0.026645057 -0.090515859 -0.006925418 0.999914944 -0.011053027 -0.066112086 0.026569519 0.011233385 0.999583900 3.145279884
0.999601126 0.008024639 -0.027077783 -0.091134034 -0.008268115 0.999926269 -0.008891768 -0.067335322 0.027004436 0.009112101 0.999593794 3.189806461
0.999615788 0.007388105 -0.026714010 -0.093459010 -0.007611821 0.999936700 -0.008282554 -0.068531752 0.026651120 0.008482717 0.999608815 3.246109962
0.999606669 0.005136479 -0.027572304 -0.094034441 -0.005346481 0.999957204 -0.007548073 -0.069541022 0.027532348 0.007692521 0.999591291 3.290973425
0.999592721 0.005327889 -0.028035354 -0.095276445 -0.005491100 0.999968350 -0.005747823 -0.071288690 0.028003842 0.005899428 0.999590456 3.335969448
0.999626040 0.003168362 -0.027161917 -0.098322541 -0.003278447 0.999986649 -0.004009343 -0.072283454 0.027148850 0.004096894 0.999622941 3.397491693
0.999589920 0.000904309 -0.028618870 -0.099130027 -0.000965858 0.999997318 -0.002136893 -0.073322549 0.028616861 0.002163659 0.999588072 3.442437887
0.999597013 0.001219733 -0.028365035 -0.101433650 -0.001312937 0.999993742 -0.003267498 -0.074863777 0.028360873 0.003303423 0.999592304 3.498042107
0.999584556 0.002170060 -0.028739192 -0.102776721 -0.002382749 0.999970019 -0.007368504 -0.075940855 0.028722338 0.007433922 0.999559820 3.542773485
0.999560893 0.002447453 -0.029532004 -0.104894206 -0.002723997 0.999952853 -0.009327641 -0.077138357 0.029507782 0.009403990 0.999520361 3.597797155
0.999529481 0.004049887 -0.030405309 -0.106111765 -0.004276820 0.999963462 -0.007402261 -0.078285143 0.030374222 0.007528817 0.999510288 3.642304659
0.999513984 0.005446886 -0.030698998 -0.108348869 -0.005549777 0.999979436 -0.003267325 -0.079558425 0.030680578 0.003436110 0.999523342 3.697815418
0.999485791 0.006211428 -0.031458944 -0.110336199 -0.006187835 0.999980569 0.000847288 -0.080668315 0.031463597 -0.000652191 0.999504745 3.740870476
0.999474287 0.008102220 -0.031393897 -0.112402156 -0.008068125 0.999966741 0.001212568 -0.081438899 0.031402677 -0.000958641 0.999506354 3.785972118
0.999448359 0.007996225 -0.032235496 -0.114189968 -0.008027622 0.999967396 -0.000844703 -0.082542345 0.032227695 0.001103012 0.999480009 3.846506119
0.999426961 0.007454350 -0.033020012 -0.115688965 -0.007509459 0.999970615 -0.001545257 -0.083524272 0.033007529 0.001792334 0.999453545 3.890844584
0.999423206 0.007769319 -0.033059735 -0.117412895 -0.007836572 0.999967515 -0.001905197 -0.084320806 0.033043858 0.002163174 0.999451578 3.933575392
0.999391735 0.005514628 -0.034435727 -0.119280294 -0.005568817 0.999983430 -0.001477938 -0.085672945 0.034427006 0.001668805 0.999405742 3.990720510
0.999371529 0.005754346 -0.034979891 -0.120821729 -0.005757019 0.999983430 0.000024287 -0.086792536 0.034979451 0.000177108 0.999387980 4.033220768
0.999341488 0.004286052 -0.036030710 -0.122415669 -0.004179336 0.999986708 0.003036570 -0.087682709 0.036043238 -0.002883985 0.999346018 4.075569630
0.999333024 0.003580099 -0.036341473 -0.124885395 -0.003442670 0.999986708 0.003843446 -0.089154378 0.036354747 -0.003715770 0.999332011 4.130033016
0.999217391 0.001478470 -0.039529152 -0.125868648 -0.001319629 0.999991000 0.004044111 -0.089712873 0.039534774 -0.003988781 0.999210298 4.170922756
0.999156952 0.002372101 -0.040982358 -0.128757164 -0.002257910 0.999993443 0.002832389 -0.090535954 0.040988807 -0.002737466 0.999155939 4.208862782
0.998966694 0.001272898 -0.045429192 -0.130763903 -0.001169229 0.999996662 0.002308482 -0.091849796 0.045431975 -0.002252981 0.998964906 4.259992599
0.998811722 0.000749460 -0.048730437 -0.132652104 -0.000608511 0.999995589 0.002907190 -0.092666060 0.048732392 -0.002874083 0.998807788 4.297427177
0.998660862 0.002318697 -0.051684253 -0.135245204 -0.002130514 0.999990880 0.003695807 -0.093432635 0.051692348 -0.003580745 0.998656631 4.341314793
0.998498261 0.003475783 -0.054674700 -0.137367517 -0.003248172 0.999985695 0.004251315 -0.093887560 0.054688696 -0.004067339 0.998495221 4.376609802
0.998374104 0.004310277 -0.056839261 -0.140402943 -0.003989293 0.999975383 0.005759479 -0.094497502 0.056862686 -0.005523368 0.998366773 4.410297394
0.998176217 0.005814740 -0.060086854 -0.142914861 -0.005401010 0.999960601 0.007045666 -0.095602214 0.060125452 -0.006708287 0.998168349 4.453948975
0.998010874 0.008185082 -0.062508531 -0.145544350 -0.007749763 0.999944091 0.007203452 -0.095992886 0.062564000 -0.006704699 0.998018444 4.485525608
0.997775257 0.010111480 -0.065895937 -0.147176474 -0.009732812 0.999934316 0.006064929 -0.096685141 0.065952927 -0.005410085 0.997808158 4.515758038
0.997625947 0.010864275 -0.068003550 -0.150667831 -0.010716283 0.999939382 0.002540644 -0.097632200 0.068027034 -0.001805868 0.997681797 4.554893970
0.997448385 0.013473506 -0.070109561 -0.153383955 -0.013604773 0.999906480 -0.001395168 -0.098064721 0.070084207 0.002345432 0.997538328 4.582371235
0.997259140 0.015101887 -0.072431199 -0.155605659 -0.015437788 0.999872565 -0.004079936 -0.098619789 0.072360352 0.005186931 0.997364998 4.609159470
0.997135222 0.017151989 -0.073668979 -0.157292455 -0.017552188 0.999834597 -0.004788401 -0.099480517 0.073574662 0.006067734 0.997271240 4.634034634
0.997187495 0.019340852 -0.072408810 -0.159652114 -0.019692304 0.999797523 -0.004142881 -0.100307591 0.072314017 0.005557125 0.997366369 4.658592701
0.997318208 0.023373246 -0.069355600 -0.163095832 -0.023609309 0.999717832 -0.002585810 -0.101233073 0.069275603 0.004216311 0.997588634 4.696475506
0.997559249 0.025994834 -0.064807869 -0.163784280 -0.026135582 0.999657452 -0.001324801 -0.101723492 0.064751245 0.003015358 0.997896791 4.718994617
0.998041451 0.026523873 -0.056654058 -0.165730566 -0.026525650 0.999647856 0.000720742 -0.102371022 0.056653235 0.000783455 0.998393595 4.740606308
0.998582065 0.026772704 -0.046011746 -0.167184204 -0.026660334 0.999639928 0.003054149 -0.102755845 0.046076957 -0.001823131 0.998936236 4.761446953
0.999030173 0.026285203 -0.035324920 -0.167309389 -0.026144549 0.999648273 0.004437871 -0.103545770 0.035429146 -0.003510014 0.999366045 4.791128635
0.999432981 0.025025312 -0.022527931 -0.166819051 -0.024927724 0.999678671 0.004602494 -0.104113132 0.022635870 -0.004038315 0.999735713 4.809961796
0.999659956 0.025224375 -0.006606070 -0.167095006 -0.025199611 0.999675155 0.003804954 -0.104433730 0.006699901 -0.003637191 0.999970973 4.828203678
0.999652088 0.023937145 0.011085875 -0.165903315 -0.023945168 0.999713004 0.000591612 -0.104845889 -0.011068534 -0.000856861 0.999938428 4.845884323
0.999189436 0.023551628 0.032645594 -0.165183067 -0.023437766 0.999717891 -0.003866120 -0.105597518 -0.032727428 0.003097846 0.999459445 4.870749474
0.998174727 0.021290969 0.056513891 -0.163012773 -0.020833537 0.999745429 -0.008671053 -0.106085315 -0.056684118 0.007477841 0.998364151 4.887602806
0.996258020 0.019320512 0.084241226 -0.160914034 -0.018364904 0.999758065 -0.012103954 -0.106093004 -0.084454700 0.010511579 0.996371865 4.904035568
0.993373871 0.016523985 0.113733932 -0.157762051 -0.015101736 0.999796808 -0.013355356 -0.106638327 -0.113931492 0.011549281 0.993421495 4.920417786
0.989122808 0.014085898 0.146416441 -0.153144181 -0.012086788 0.999821365 -0.014534306 -0.107758120 -0.146595031 0.012606509 0.989116311 4.943871975
0.983272433 0.011326769 0.181788266 -0.148930192 -0.008616660 0.999839842 -0.015690932 -0.108559638 -0.181936875 0.013862055 0.983212590 4.958986282
0.975326121 0.008498632 0.220605493 -0.144189119 -0.004884456 0.999844909 -0.016923312 -0.108689919 -0.220715106 0.015428213 0.975216389 4.974459648
0.965221405 0.005954976 0.261366487 -0.139667511 -0.001479690 0.999849021 -0.017316101 -0.109565482 -0.261430174 0.016327133 0.965084314 4.988404751
0.952975512 0.007151909 0.302963227 -0.134061337 -0.001672244 0.999830365 -0.018342450 -0.110125840 -0.303043067 0.016973276 0.952825785 5.002371311
0.937459707 0.009156261 0.347973436 -0.126025319 -0.002933256 0.999826312 -0.018406175 -0.111210831 -0.348081499 0.016234349 0.937323689 5.023331165
0.919638276 0.009716109 0.392646372 -0.118974805 -0.003340157 0.999851286 -0.016918352 -0.111803174 -0.392752409 0.014247258 0.919533908 5.036709785
0.899250209 0.008579184 0.437350690 -0.111473918 -0.001907993 0.999875069 -0.015690729 -0.112250842 -0.437430590 0.013275425 0.899154186 5.049437523
0.876174808 0.007660716 0.481932700 -0.100501299 0.000080618 0.999871314 -0.016040342 -0.113104820 -0.481993616 0.014092993 0.876061440 5.065992355
0.851396263 0.008205288 0.524458885 -0.091358423 0.001821711 0.999825358 -0.018599842 -0.113532305 -0.524519980 0.016791249 0.851232588 5.077313423
0.823300779 0.010491174 0.567508578 -0.082311630 0.002182384 0.999763310 -0.021648038 -0.114257485 -0.567601383 0.019061364 0.823082924 5.088798523
0.792138100 0.014956020 0.610158861 -0.072350979 0.001012938 0.999666154 -0.025818542 -0.114987172 -0.610341311 0.021069903 0.791858494 5.100382328
0.759036839 0.021221371 0.650701880 -0.061322927 -0.002434527 0.999554217 -0.029758658 -0.115459979 -0.651043236 0.021003764 0.758750081 5.110456467
0.721632004 0.025975263 0.691789389 -0.045012474 -0.004509135 0.999450922 -0.032823671 -0.116145961 -0.692262113 0.020567236 0.721352994 5.126251221
0.682738721 0.026094088 0.730196416 -0.032387972 -0.002508043 0.999439955 -0.033370655 -0.116902828 -0.730658233 0.020952076 0.682421863 5.135667801
0.641790986 0.023403611 0.766522408 -0.019033909 0.001553243 0.999492466 -0.031817194 -0.117529780 -0.766877949 0.021610582 0.641428947 5.144409180
0.597725153 0.021851897 0.801403284 -0.001408815 0.002814558 0.999565125 -0.029354423 -0.118017539 -0.801696181 0.019801471 0.597403705 5.155303001
0.552402318 0.020394791 0.833328128 0.013459682 0.003770515 0.999629259 -0.026964264 -0.118528046 -0.833569050 0.018037200 0.552120745 5.162714958
0.503092587 0.018212687 0.864040613 0.030764103 0.004390872 0.999711037 -0.023629032 -0.119116955 -0.864221334 0.015681481 0.502867341 5.171658993
0.452453375 0.014128139 0.891676188 0.046481609 0.007873639 0.999772131 -0.019836100 -0.119702905 -0.891753197 0.015995648 0.452239156 5.177823067
0.400562286 0.014448424 0.916155636 0.065894485 0.004188669 0.999836326 -0.017599501 -0.120660774 -0.916260004 0.010887172 0.400436223 5.184717655
0.349859267 0.019196250 0.936605632 0.082876921 0.000469542 0.999786317 -0.020666566 -0.121419691 -0.936802149 0.007670167 0.349775523 5.189379692
0.298840523 0.024466772 0.953989387 0.103369355 -0.000017707 0.999671459 -0.025632828 -0.121851638 -0.954303026 0.007643234 0.298742771 5.194743156
0.251753211 0.025642324 0.967451811 0.121279240 0.001674134 0.999635994 -0.026931016 -0.122869067 -0.967790008 0.008399612 0.251618624 5.198141098
0.211025357 0.026184246 0.977129877 0.144241929 0.008981377 0.999547005 -0.028724616 -0.123288594 -0.977439284 0.014837592 0.210694596 5.201149464
0.175527364 0.026103731 0.984128475 0.164264083 0.017250646 0.999413311 -0.029585958 -0.123774908 -0.984323323 0.022169994 0.174974084 5.203368664
0.145542964 0.027413836 0.988972068 0.188327730 0.020583194 0.999315798 -0.030729702 -0.124593347 -0.989137769 0.024828695 0.144879147 5.205199242
0.117884144 0.025625437 0.992696702 0.210139155 0.018961562 0.999426663 -0.028050879 -0.125498027 -0.992846251 0.022129830 0.117330685 5.207024097
0.092084721 0.022392126 0.995499372 0.236527294 0.012574069 0.999641240 -0.023648402 -0.126182139 -0.995671749 0.014695133 0.091770120 5.209511757
0.067706048 0.018509483 0.997533560 0.259878099 0.007131078 0.999793351 -0.019035421 -0.126939878 -0.997679770 0.008402304 0.067560069 5.211013317
0.045454364 0.015836025 0.998840988 0.288160503 0.011563827 0.999799013 -0.016377455 -0.127982870 -0.998899519 0.012294851 0.045262102 5.211519718
0.025494374 0.016536858 0.999538243 0.313235700 0.019928876 0.999656141 -0.017047120 -0.128967598 -0.999476373 0.020354282 0.025156043 5.211047173
0.007748363 0.018612625 0.999796808 0.343586057 0.023838980 0.999539256 -0.018792573 -0.130227566 -0.999685764 0.023979744 0.007301082 5.210685253
-0.006367080 0.024060789 0.999690294 0.370258898 0.023387827 0.999440551 -0.023905825 -0.130787134 -0.999706268 0.023228364 -0.006926250 5.210175514
-0.017445985 0.028570553 0.999439418 0.403040826 0.021704698 0.999366879 -0.028189609 -0.131544992 -0.999612212 0.021200733 -0.018055053 5.209790230
-0.023563446 0.028018832 0.999329507 0.431421429 0.023813648 0.999339163 -0.027457599 -0.132506281 -0.999438643 0.023150688 -0.024215106 5.208601475
-0.026554458 0.025497630 0.999322176 0.466967911 0.030035945 0.999243617 -0.024697492 -0.133268282 -0.999196053 0.029359754 -0.027300213 5.207844257
-0.025812715 0.023486376 0.999390900 0.497153938 0.031622071 0.999242842 -0.022666143 -0.134466454 -0.999166608 0.031017730 -0.026535857 5.206647873
-0.024077227 0.023362532 0.999437034 0.534913123 0.030267524 0.999285579 -0.022629824 -0.135504499 -0.999251842 0.029705625 -0.024767151 5.206399918
-0.022626797 0.023547407 0.999466658 0.566646218 0.026583381 0.999383211 -0.022943625 -0.136763409 -0.999390483 0.026050063 -0.023238812 5.205955982
-0.021271270 0.024979580 0.999461591 0.605715275 0.025917111 0.999365628 -0.024425590 -0.137699813 -0.999437809 0.025383590 -0.021905171 5.205165863
-0.020590579 0.025832139 0.999454200 0.638676703 0.025352832 0.999358177 -0.025307339 -0.138787746 -0.999466479 0.024817901 -0.021232277 5.204883575
-0.019524086 0.025308512 0.999489129 0.673737407 0.024957059 0.999380350 -0.024818249 -0.140045628 -0.999497890 0.024459749 -0.020143613 5.203704357
-0.019089874 0.024252538 0.999523640 0.719465673 0.023679310 0.999436319 -0.023798170 -0.141139522 -0.999537349 0.023213722 -0.019653397 5.203815937
-0.018651739 0.022935878 0.999563038 0.755355239 0.024206461 0.999454200 -0.022481693 -0.142546594 -0.999532998 0.023776561 -0.019196756 5.203219414
-0.019372620 0.020357490 0.999605119 0.791663945 0.025174625 0.999485612 -0.019867169 -0.144046411 -0.999495327 0.024779806 -0.019875146 5.202907085
-0.020055551 0.018555900 0.999626637 0.838070989 0.023138491 0.999568582 -0.018090589 -0.145800859 -0.999531090 0.022767041 -0.020476256 5.201737404
-0.021118091 0.017554326 0.999622881 0.875145078 0.022383047 0.999603510 -0.017081119 -0.146660492 -0.999526441 0.022013890 -0.021502640 5.200958252
-0.022743894 0.015144201 0.999626637 0.914422452 0.024691308 0.999588728 -0.014581842 -0.147714972 -0.999436378 0.024350438 -0.023108471 5.200420856
-0.023333563 0.014047682 0.999628961 0.961194515 0.025625685 0.999581158 -0.013448847 -0.148680776 -0.999399304 0.025302369 -0.023683768 5.198901176
-0.025178302 0.012554405 0.999604046 0.999965191 0.022395067 0.999677300 -0.011991229 -0.150389388 -0.999432147 0.022084275 -0.025451330 5.198300838
-0.025593001 0.017591313 0.999517620 1.037321806 0.019834867 0.999657273 -0.017085889 -0.151272327 -0.999475658 0.019388014 -0.025933150 5.196856976
-0.027113214 0.022361783 0.999382198 1.086977839 0.021252243 0.999536633 -0.021788670 -0.152608588 -0.999406397 0.020648345 -0.027575891 5.196838856
-0.028079651 0.024095504 0.999315262 1.126137853 0.021477107 0.999493241 -0.023496311 -0.153909802 -0.999374866 0.020802628 -0.028582923 5.195490360
-0.029630756 0.022126265 0.999316037 1.165984273 0.017640011 0.999610841 -0.021609752 -0.155012265 -0.999405146 0.016987629 -0.030009534 5.194765568
-0.031047411 0.017798563 0.999359488 1.215292573 0.014964162 0.999737620 -0.017340403 -0.156647488 -0.999405861 0.014416204 -0.031305607 5.194348335
-0.031026850 0.012609120 0.999439001 1.255406141 0.013887910 0.999829292 -0.012182904 -0.157861263 -0.999422014 0.013502121 -0.031196669 5.192889214
-0.032048043 0.006957076 0.999462247 1.295735359 0.009387241 0.999933720 -0.006659355 -0.159064859 -0.999442279 0.009168771 -0.032111228 5.192726135
-0.031662587 0.005414244 0.999484062 1.344543695 0.007302345 0.999959826 -0.005185491 -0.160806179 -0.999471903 0.007134391 -0.031700853 5.191555023
-0.030692497 0.012234560 0.999454021 1.383693814 0.010138121 0.999877453 -0.011928410 -0.162156269 -0.999477446 0.009766473 -0.030812770 5.190095425
-0.029086389 0.023945149 0.999290049 1.422950029 0.013344222 0.999633253 -0.023564961 -0.162832767 -0.999487758 0.012649329 -0.029395245 5.188711166
-0.029408233 0.029374508 0.999135673 1.471134186 0.014332904 0.999477744 -0.028962690 -0.164212584 -0.999464691 0.013468775 -0.029813893 5.188359737
-0.028258285 0.023708804 0.999319375 1.511133552 0.015836494 0.999603808 -0.023267733 -0.165764719 -0.999475181 0.015168211 -0.028622551 5.187324047
-0.026929881 0.015686724 0.999514163 1.549968243 0.019511983 0.999694645 -0.015163845 -0.167500824 -0.999446869 0.019094141 -0.027227735 5.186204910
-0.026729694 0.012856561 0.999559939 1.598288774 0.019595625 0.999731898 -0.012334755 -0.169325739 -0.999450564 0.019257301 -0.026974460 5.184746742
-0.027555164 0.013369665 0.999530911 1.636849284 0.018798687 0.999740660 -0.012854227 -0.170699149 -0.999443471 0.018435672 -0.027799351 5.184638977
-0.028643444 0.014834163 0.999479532 1.676122427 0.015180479 0.999781013 -0.014403587 -0.171481803 -0.999474406 0.014760012 -0.028862361 5.184329987
-0.030612050 0.014964193 0.999419212 1.715029597 0.014076779 0.999795258 -0.014538651 -0.172957137 -0.999432206 0.013623548 -0.030816428 5.183144569
-0.031946041 0.014834215 0.999379516 1.765203238 0.012698324 0.999815166 -0.014434768 -0.174626395 -0.999408901 0.012229310 -0.032128505 5.181161880
-0.034364961 0.014870973 0.999298751 1.803278923 0.011162301 0.999832630 -0.014495058 -0.176121831 -0.999347031 0.010656349 -0.034525204 5.180204391
-0.035701305 0.015429748 0.999243438 1.840916157 0.010915472 0.999827206 -0.015048769 -0.177597880 -0.999302924 0.010369952 -0.035863556 5.178536892
-0.038396917 0.015182711 0.999147296 1.887111187 0.008248381 0.999855399 -0.014876485 -0.178116590 -0.999228656 0.007670136 -0.038516600 5.177893162
-0.039765015 0.013569897 0.999116957 1.925119877 0.008317580 0.999877572 -0.013249188 -0.179616272 -0.999174476 0.007783381 -0.039873023 5.175788403
-0.043076236 0.012420362 0.998994589 1.955033422 0.006562624 0.999904633 -0.012148699 -0.181837440 -0.999050260 0.006032704 -0.043153644 5.175041199
-0.045002438 0.015269222 0.998870134 2.007317543 0.007574217 0.999859571 -0.014943104 -0.181881949 -0.998958170 0.006893183 -0.045111768 5.173907280
-0.045670934 0.015247252 0.998840153 2.043915033 0.008210809 0.999855399 -0.014887322 -0.183351442 -0.998922825 0.007521368 -0.045789525 5.172223568
-0.047104493 0.014195579 0.998788953 2.081162214 0.010310688 0.999852598 -0.013724425 -0.184306785 -0.998836815 0.009651721 -0.047243904 5.170758724
-0.048454966 0.013571237 0.998733222 2.124458075 0.010129110 0.999862969 -0.013095162 -0.185784623 -0.998773932 0.009481753 -0.048585795 5.168630600
-0.050175190 0.013031594 0.998655498 2.160790682 0.008762029 0.999882162 -0.012607373 -0.187084228 -0.998701930 0.008117669 -0.050283454 5.167154789
-0.050933167 0.012519108 0.998623610 2.195697784 0.007475059 0.999898195 -0.012153836 -0.187900811 -0.998674095 0.006845736 -0.051021561 5.165539265
-0.051886391 0.011067070 0.998591661 2.238053322 0.005979498 0.999924123 -0.010771146 -0.189370424 -0.998635054 0.005412201 -0.051948629 5.163849831
-0.052374739 0.010518761 0.998572111 2.271634817 0.006056398 0.999929547 -0.010215402 -0.190826282 -0.998609126 0.005512723 -0.052434750 5.162092686
-0.052659295 0.013026870 0.998527646 2.309808254 0.006047827 0.999900699 -0.012725843 -0.192033917 -0.998594284 0.005368789 -0.052732859 5.160287380
-0.053427633 0.015657274 0.998449028 2.343245268 0.006170980 0.999863148 -0.015349237 -0.193254024 -0.998552740 0.005341335 -0.053516939 5.159021378
-0.053263120 0.017557766 0.998426080 2.381057739 0.004146877 0.999840736 -0.017361414 -0.194394007 -0.998571873 0.003215628 -0.053327434 5.157263756
-0.053516224 0.018295143 0.998399436 2.414338350 0.004706898 0.999825716 -0.018068980 -0.195527345 -0.998555899 0.003732380 -0.053593006 5.155838013
-0.053241946 0.018178659 0.998416185 2.451077700 0.005967081 0.999822378 -0.017886057 -0.196871236 -0.998563826 0.005005344 -0.053340957 5.153734207
-0.053841267 0.017466046 0.998396695 2.484335423 0.006584444 0.999831498 -0.017136063 -0.198164508 -0.998527884 0.005651260 -0.053947192 5.152297974
-0.054034695 0.017710708 0.998381972 2.520270824 0.002535278 0.999841869 -0.017599389 -0.199428454 -0.998535812 0.001580196 -0.054071065 5.150717258
-0.053779539 0.018088963 0.998388946 2.552605867 0.000012393 0.999835849 -0.018114509 -0.200694963 -0.998552799 -0.000961818 -0.053770944 5.149250031
-0.054004300 0.016584307 0.998402953 2.588739395 0.001902069 0.999861896 -0.016505659 -0.201978296 -0.998538911 0.001007655 -0.054028381 5.147828102
-0.055412460 0.015657874 0.998340726 2.621295929 0.001209212 0.999877274 -0.015614856 -0.203078210 -0.998462856 0.000341948 -0.055424593 5.146439552
-0.058206696 0.016049465 0.998175442 2.656138182 -0.000746666 0.999869764 -0.016120244 -0.203835905 -0.998304248 -0.001683609 -0.058187131 5.144238949
-0.063614175 0.014861248 0.997863889 2.687572479 -0.004632187 0.999873877 -0.015186485 -0.205611125 -0.997963905 -0.005588367 -0.063537315 5.142558575
-0.069742300 0.018964035 0.997384727 2.723225594 -0.001130600 0.999817014 -0.019089339 -0.206635416 -0.997564435 -0.002458978 -0.069708109 5.140342236
-0.076650910 0.021947624 0.996816278 2.754578114 0.001511088 0.999759018 -0.021896217 -0.207642391 -0.997056901 -0.000172087 -0.076665610 5.138241291
-0.083033994 0.023253275 0.996275485 2.789793491 0.000348305 0.999728382 -0.023304839 -0.209001720 -0.996546686 -0.001588086 -0.083019532 5.134534359
-0.089694031 0.022328351 0.995719075 2.821739197 -0.003530416 0.999735355 -0.022736430 -0.210159630 -0.995963216 -0.005554625 -0.089591444 5.132212639
-0.094882570 0.021621896 0.995253682 2.858069181 -0.003369313 0.999751389 -0.022040827 -0.211318836 -0.995482802 -0.005444609 -0.094786130 5.128783226
-0.099746048 0.022770088 0.994752407 2.890675545 -0.005517790 0.999710083 -0.023436854 -0.211974978 -0.994997680 -0.007826567 -0.099591486 5.126008987
-0.103420138 0.021278488 0.994410157 2.926937580 -0.008066569 0.999720275 -0.022231052 -0.213808447 -0.994605005 -0.010320617 -0.103219576 5.122229099
-0.106127828 0.018532116 0.994179726 2.960487604 -0.007423607 0.999783695 -0.019429039 -0.214650795 -0.994324744 -0.009442361 -0.105967291 5.118902683
-0.107582554 0.015074271 0.994081914 2.997667313 -0.005453165 0.999860942 -0.015752064 -0.216188937 -0.994181216 -0.007115538 -0.107485406 5.114681244
-0.109566532 0.012731064 0.993897915 3.032052279 -0.005544337 0.999894559 -0.013419081 -0.216970235 -0.993964016 -0.006980787 -0.109484397 5.111312866
-0.110863186 0.012302642 0.993759573 3.070267200 -0.006577767 0.999892354 -0.013112376 -0.218171820 -0.993813813 -0.007990398 -0.110770345 5.107537746
-0.111307107 0.016350020 0.993651688 3.104183197 -0.004407371 0.999846637 -0.016945664 -0.219057679 -0.993776262 -0.006265564 -0.111217991 5.103738308
-0.111454055 0.020163754 0.993565023 3.143409967 0.001194532 0.999796152 -0.020156214 -0.220355079 -0.993768871 -0.001059646 -0.111455433 5.099339962
-0.111969180 0.024971228 0.993397951 3.178190470 0.008500379 0.999671757 -0.024170831 -0.221664399 -0.993675351 0.005737870 -0.112144679 5.095014095
-0.112160012 0.026595017 0.993334234 3.208885431 0.009848414 0.999622405 -0.025651362 -0.222574413 -0.993641257 0.006905709 -0.112379603 5.091098785
-0.112775639 0.023994779 0.993330836 3.254723549 0.007717711 0.999699354 -0.023272412 -0.224446476 -0.993590534 0.005041679 -0.112926938 5.086256027
-0.112997718 0.019506872 0.993403733 3.290108681 0.008447393 0.999789953 -0.018671401 -0.225592673 -0.993559361 0.006281848 -0.113138780 5.082511902
-0.113246806 0.017324697 0.993415833 3.325870514 0.009984294 0.999817371 -0.016298156 -0.227043658 -0.993516743 0.008072841 -0.113399103 5.078496933
-0.113829076 0.016788220 0.993358493 3.367612600 0.010279207 0.999823570 -0.015719591 -0.228423476 -0.993447185 0.008421592 -0.113981552 5.073948860
-0.115689963 0.017211426 0.993136287 3.402923584 0.007929618 0.999834001 -0.016403785 -0.229473144 -0.993253708 0.005977437 -0.115807250 5.070574284
-0.117806368 0.019041684 0.992853999 3.438180923 0.008247173 0.999800384 -0.018196348 -0.230495647 -0.993002355 0.006044592 -0.117939912 5.066277027
-0.120348908 0.018363589 0.992561758 3.478586197 0.008741887 0.999809682 -0.017437730 -0.232483163 -0.992693186 0.006578250 -0.120486543 5.061735630
-0.122510202 0.018160310 0.992301047 3.513460636 0.008595140 0.999814391 -0.017236654 -0.233618319 -0.992430031 0.006417298 -0.122643560 5.057765484
-0.123196766 0.018250225 0.992214382 3.553467035 0.010052875 0.999802530 -0.017141594 -0.235185519 -0.992331326 0.007862819 -0.123355903 5.051051617
-0.125001028 0.018593136 0.991982400 3.589225769 0.007234199 0.999814928 -0.017828355 -0.236166283 -0.992130280 0.004947636 -0.125112399 5.047115803
-0.126264021 0.020011412 0.991794825 3.625906229 0.007782575 0.999785721 -0.019181853 -0.238287657 -0.991966128 0.005296741 -0.126392707 5.042023182
-0.127076566 0.019840151 0.991694450 3.666278124 0.005632263 0.999798238 -0.019280557 -0.239698336 -0.991876900 0.003135378 -0.127162680 5.037471771
-0.127315730 0.020715840 0.991645873 3.701190472 0.005123600 0.999782324 -0.020228002 -0.239773825 -0.991849005 0.002505454 -0.127394155 5.031949997
-0.129252300 0.018762335 0.991434276 3.738070250 0.004613850 0.999821544 -0.018319562 -0.241281435 -0.991601050 0.002206484 -0.129315823 5.028607368
-0.130928874 0.016890464 0.991247892 3.780062437 0.003251558 0.999856830 -0.016607672 -0.242524996 -0.991386473 0.001048675 -0.130965054 5.023967266
-0.132976204 0.014981737 0.991005957 3.817073345 0.001111747 0.999887407 -0.014966827 -0.243691251 -0.991118670 -0.000888485 -0.132977918 5.019687176
-0.134405181 0.014234907 0.990824282 3.853667974 0.002506565 0.999898493 -0.014025263 -0.245000437 -0.990923405 0.000598498 -0.134427249 5.014200211
-0.136491179 0.014897002 0.990529299 3.896115780 0.003502877 0.999887884 -0.014555069 -0.246245116 -0.990635097 0.001483064 -0.136528060 5.008588791
-0.139001787 0.016607627 0.990152895 3.933526516 0.001978373 0.999861956 -0.016492745 -0.246771425 -0.990290225 -0.000333630 -0.139015451 5.003624916
-0.141144946 0.019668754 0.989793539 3.972340584 0.003792773 0.999805927 -0.019326868 -0.248739690 -0.989981711 0.001026173 -0.141192108 4.998939514
-0.141248852 0.023189522 0.989702523 4.009828568 0.005701590 0.999728024 -0.022610713 -0.250151306 -0.989957690 0.002449141 -0.141342685 4.993271351
-0.141975075 0.027381839 0.989491463 4.053974152 0.006750580 0.999620855 -0.026693553 -0.251605153 -0.989847243 0.002889822 -0.142106086 4.986424446
-0.141296417 0.028435363 0.989558876 4.093131542 0.008505122 0.999585390 -0.027509052 -0.252833098 -0.989930749 0.004529390 -0.141479701 4.980525494
-0.140898004 0.027707621 0.989636362 4.135007381 0.012464338 0.999578714 -0.026211392 -0.254842103 -0.989945650 0.008642026 -0.141184032 4.974473000
-0.140762508 0.025749641 0.989708543 4.173820496 0.013183887 0.999621868 -0.024132464 -0.256456614 -0.989955604 0.009651258 -0.141048774 4.968961239
-0.140056446 0.024226848 0.989847064 4.213969231 0.012275234 0.999666214 -0.022730313 -0.257868350 -0.990067363 0.008967079 -0.140307084 4.963503838
-0.138256982 0.021705557 0.990158498 4.259430408 0.011275658 0.999729514 -0.020340934 -0.259579688 -0.990332186 0.008352412 -0.138464376 4.957565308
-0.136844352 0.018479416 0.990420282 4.299570560 0.011017378 0.999792576 -0.017132038 -0.260845006 -0.990531325 0.008567411 -0.137019575 4.952138901
-0.134781823 0.015018055 0.990761459 4.343565464 0.012231052 0.999834239 -0.013491681 -0.262366444 -0.990799785 0.010299623 -0.134943172 4.946288109
-0.133459017 0.015553071 0.990932167 4.384143829 0.011324772 0.999835491 -0.014167586 -0.263582289 -0.990989566 0.009331289 -0.133613199 4.941314697
-0.131729007 0.019228572 0.991099238 4.427354813 0.011787981 0.999771595 -0.017830057 -0.265350282 -0.991215706 0.009334323 -0.131925568 4.935534477
-0.130075023 0.025734529 0.991170108 4.467725754 0.012649248 0.999624789 -0.024294030 -0.266646475 -0.991423488 0.009377509 -0.130351767 4.930548668
-0.128378943 0.029067792 0.991299152 4.508831978 0.010299912 0.999555469 -0.027975993 -0.268188685 -0.991671801 0.006618761 -0.128621295 4.925504208
-0.127083749 0.026548149 0.991536677 4.552874088 0.008640232 0.999633431 -0.025657533 -0.269656271 -0.991854370 0.005306452 -0.127266541 4.920351982
-0.126027808 0.024185853 0.991731822 4.593117714 0.008849251 0.999690294 -0.023255393 -0.271033853 -0.991987169 0.005845258 -0.126202822 4.915524006
-0.124934368 0.021421505 0.991933763 4.630513668 0.010052530 0.999742866 -0.020324035 -0.274123102 -0.992114067 0.007432274 -0.125117570 4.910261631
-0.124814041 0.021935552 0.991937697 4.679837704 0.008892160 0.999740064 -0.020989209 -0.274788797 -0.992140293 0.006200720 -0.124976665 4.905019760
-0.123986699 0.022503821 0.992028713 4.721850395 0.008639613 0.999729395 -0.021598702 -0.275862813 -0.992246270 0.005892791 -0.124147572 4.899390697
-0.124291636 0.020091183 0.992042422 4.759651184 0.010063644 0.999769092 -0.018986814 -0.277554691 -0.992194653 0.007623659 -0.124465130 4.896329403
