0.999993026 -0.002500973 -0.002784489 -0.000293937 0.002494167 0.999993861 -0.002444594 -0.001063363 0.002790585 0.002437632 0.999993145 0.056685396
0.999983728 -0.002819455 -0.004961751 0.000183911 0.002802411 0.999990106 -0.003438578 -0.001674517 0.004971401 0.003424619 0.999981761 0.073047489
0.999961615 -0.005085038 -0.007130520 -0.000358407 0.005045970 0.999972224 -0.005486217 -0.002251561 0.007158220 0.005450026 0.999959588 0.113314085
0.999935687 -0.007303868 -0.008667619 -0.000588112 0.007236924 0.999943912 -0.007729897 -0.002680359 0.008723593 0.007666672 0.999932528 0.141582534
0.999912560 -0.008528002 -0.010095208 -0.000902178 0.008443250 0.999928951 -0.008407940 -0.003283118 0.010166194 0.008321972 0.999913692 0.170501292
0.999898911 -0.008304043 -0.011539773 -0.001596204 0.008212886 0.999934912 -0.007924441 -0.003900612 0.011604832 0.007828866 0.999902010 0.199569955
0.999880672 -0.008888936 -0.012632280 -0.001996697 0.008786400 0.999928236 -0.008149379 -0.004517143 0.012703815 0.008037414 0.999887049 0.224445537
0.999871075 -0.008251802 -0.013773791 -0.002697372 0.008103202 0.999908626 -0.010809823 -0.005614979 0.013861741 0.010696817 0.999846756 0.258748591
0.999869525 -0.006551458 -0.014766325 -0.003389039 0.006336445 0.999873817 -0.014561005 -0.006241364 0.014859866 0.014465539 0.999785006 0.284049422
0.999856591 -0.005448495 -0.016029036 -0.004526997 0.005160121 0.999825060 -0.017977238 -0.007353110 0.016124185 0.017891956 0.999709845 0.319242418
0.999843180 -0.003495968 -0.017359508 -0.004931353 0.003177865 0.999827087 -0.018318281 -0.007724253 0.017420556 0.018260242 0.999681532 0.345549762
0.999828994 -0.001251089 -0.018451825 -0.006206297 0.001040596 0.999934316 -0.011412856 -0.008371203 0.018464897 0.011391704 0.999764621 0.383482128
0.999816835 -0.000525776 -0.019133087 -0.007025139 0.000514378 0.999999642 -0.000600630 -0.009178419 0.019133400 0.000590678 0.999816775 0.411422700
0.999799132 0.000262806 -0.020040663 -0.008096168 -0.000151140 0.999984443 0.005573324 -0.009492993 0.020041818 -0.005569176 0.999783695 0.451234728
0.999780953 0.002596570 -0.020767845 -0.009367190 -0.002502839 0.999986589 0.004537966 -0.010005265 0.020779343 -0.004484994 0.999774098 0.479859322
0.999747753 0.004665257 -0.021968126 -0.010379538 -0.004719159 0.999985933 -0.002402470 -0.010660395 0.021956608 0.002505535 0.999755800 0.520056963
0.999720156 0.004652044 -0.023192747 -0.011124313 -0.004848586 0.999952734 -0.008425306 -0.010730863 0.023152461 0.008535400 0.999695539 0.549818516
0.999705672 0.001951442 -0.024180518 -0.012465890 -0.002113416 0.999975443 -0.006674818 -0.010984004 0.024166903 0.006723957 0.999685347 0.592704296
0.999695480 0.001407393 -0.024638353 -0.013324941 -0.001354240 0.999996722 0.002173859 -0.011154731 0.024641335 -0.002139830 0.999694109 0.624926507
0.999669254 0.000316756 -0.025716541 -0.013836423 -0.000070598 0.999954224 0.009572292 -0.011405298 0.025718395 -0.009567309 0.999623477 0.657822669
0.999678731 0.000172640 -0.025347680 -0.015956003 0.000139942 0.999924004 0.012329499 -0.011957127 0.025347888 -0.012329083 0.999602675 0.709365010
0.999676526 -0.001092095 -0.025409393 -0.016479358 0.001371789 0.999938667 0.010992677 -0.011958651 0.025395833 -0.011023978 0.999616683 0.742843330
0.999700069 -0.001949349 -0.024416205 -0.018065022 0.002179383 0.999953449 0.009398293 -0.012404375 0.024396755 -0.009448687 0.999657691 0.777789533
0.999700665 0.000561136 -0.024456920 -0.019500811 -0.000425684 0.999984562 0.005543247 -0.012313131 0.024459654 -0.005531178 0.999685466 0.832348108
0.999733150 -0.002388852 -0.022976825 -0.020884978 0.002385936 0.999997199 -0.000154358 -0.012502001 0.022977134 0.000099496 0.999735892 0.868554950
0.999718189 -0.005299144 -0.023138769 -0.020378832 0.005153707 0.999966681 -0.006340563 -0.013098815 0.023171598 0.006219525 0.999712110 0.904456913
0.999764025 -0.004474700 -0.021256119 -0.022929050 0.004218682 0.999918222 -0.012074004 -0.013291127 0.021308411 0.011981484 0.999701321 0.963478863
0.999757051 -0.002369445 -0.021912890 -0.023282710 0.002087931 0.999915123 -0.012860927 -0.014028758 0.021941505 0.012812050 0.999677241 1.001440525
0.999751091 -0.002465000 -0.022171652 -0.024257673 0.002186192 0.999918401 -0.012590412 -0.014651665 0.022200879 0.012538806 0.999675035 1.040679455
0.999766469 -0.001500145 -0.021554910 -0.026604002 0.001202910 0.999904096 -0.013796033 -0.016297702 0.021573532 0.013766885 0.999672413 1.102385640
0.999764323 0.002062005 -0.021610903 -0.027822172 -0.002403422 0.999872506 -0.015784325 -0.017390680 0.021575600 0.015832545 0.999641776 1.142660141
0.999752641 0.005447494 -0.021558894 -0.029219976 -0.005809336 0.999842703 -0.016756967 -0.018431934 0.021464216 0.016878065 0.999627054 1.183325529
0.999745786 0.006608796 -0.021555670 -0.030594576 -0.006960996 0.999842763 -0.016305188 -0.020446347 0.021444524 0.016451089 0.999634624 1.246045232
0.999730229 0.007274567 -0.022057788 -0.031479638 -0.007630140 0.999841571 -0.016079063 -0.021826027 0.021937327 0.016243031 0.999627352 1.287400484
0.999736547 0.007203662 -0.021793285 -0.033091098 -0.007568168 0.999832094 -0.016689707 -0.022670738 0.021669401 0.016850246 0.999623120 1.328444600
0.999706030 0.008206245 -0.022814529 -0.034077518 -0.008552014 0.999849379 -0.015099688 -0.024907051 0.022687182 0.015290355 0.999625683 1.395153403
0.999699175 0.008782447 -0.022901027 -0.035222072 -0.009088173 0.999870420 -0.013280095 -0.025975164 0.022781434 0.013484227 0.999649525 1.437494755
0.999711752 0.009213299 -0.022170322 -0.037298549 -0.009493764 0.999875784 -0.012578601 -0.026839821 0.022051681 0.012785455 0.999675095 1.480286837
0.999670863 0.010129610 -0.023567574 -0.038025916 -0.010440298 0.999859691 -0.013097293 -0.028946459 0.023431605 0.013339034 0.999636531 1.547256470
0.999651313 0.011471642 -0.023779411 -0.039283585 -0.011824568 0.999821186 -0.014754508 -0.029513892 0.023605907 0.015030546 0.999608397 1.590290308
0.999648750 0.011173928 -0.024030020 -0.040335909 -0.011499311 0.999843478 -0.013445314 -0.031053159 0.023876030 0.013716921 0.999620914 1.634230375
0.999635458 0.010611636 -0.024821324 -0.042265825 -0.010882423 0.999882400 -0.010799965 -0.032634508 0.024703801 0.011066142 0.999633729 1.702870250
0.999625444 0.010823904 -0.025136314 -0.043504886 -0.011009093 0.999913096 -0.007240683 -0.033457298 0.025055762 0.007514699 0.999657869 1.746999264
0.999616146 0.010364744 -0.025692232 -0.044826675 -0.010498712 0.999931872 -0.005084921 -0.034506273 0.025637783 0.005352703 0.999657035 1.791714787
0.999592304 0.010376748 -0.026600014 -0.046992227 -0.010496593 0.999935269 -0.004369762 -0.036053129 0.026552955 0.004647191 0.999636590 1.861582398
0.999575317 0.010817302 -0.027057929 -0.048301164 -0.010979760 0.999922395 -0.005862721 -0.036947906 0.026992414 0.006157322 0.999616683 1.907192707
0.999542415 0.010192102 -0.028479831 -0.049527343 -0.010379039 0.999925494 -0.006423718 -0.037671879 0.028412238 0.006716372 0.999573708 1.951953053
0.999548793 0.010559054 -0.028118949 -0.052413870 -0.010703149 0.999930263 -0.004978853 -0.039428912 0.028064422 0.005277568 0.999592125 2.022162676
0.999544561 0.011059159 -0.028076129 -0.054716565 -0.011175320 0.999929607 -0.003983736 -0.039689396 0.028030101 0.004295681 0.999597847 2.067708254
0.999516428 0.010206576 -0.029371062 -0.055568434 -0.010246718 0.999946713 -0.001216571 -0.040852796 0.029357087 0.001516939 0.999567807 2.112953901
0.999487698 0.011518694 -0.029859493 -0.057789166 -0.011541016 0.999933243 -0.000575390 -0.042899799 0.029850867 0.000919704 0.999553978 2.183836699
0.999466062 0.012502520 -0.030186605 -0.059616212 -0.012633266 0.999911606 -0.004144371 -0.043878037 0.030132119 0.004523514 0.999535739 2.228627443
0.999455512 0.013919712 -0.029913343 -0.061435618 -0.014172098 0.999865532 -0.008241761 -0.044617929 0.029794600 0.008661209 0.999518633 2.273070812
0.999445260 0.014164803 -0.030140389 -0.063692592 -0.014425511 0.999860227 -0.008449950 -0.046616428 0.030016495 0.008880055 0.999510050 2.344542980
0.999415219 0.014767149 -0.030839844 -0.065024301 -0.014955294 0.999870896 -0.005878976 -0.047654036 0.030749053 0.006336756 0.999507189 2.390651226
0.999441922 0.014947020 -0.029870788 -0.067614704 -0.015073897 0.999878287 -0.004026898 -0.048657719 0.029806968 0.004474920 0.999545693 2.453108549
0.999449074 0.013179407 -0.030458217 -0.068866566 -0.013256299 0.999909520 -0.002323880 -0.049834225 0.030424833 0.002726363 0.999533415 2.498726606
0.999474287 0.013742681 -0.029364295 -0.070889898 -0.013854996 0.999897480 -0.003624866 -0.050772876 0.029311474 0.004029802 0.999562204 2.543806553
0.999481022 0.012717519 -0.029595185 -0.072825186 -0.012882317 0.999902487 -0.005384430 -0.052146923 0.029523823 0.005762890 0.999547482 2.615193129
0.999490798 0.012466006 -0.029373154 -0.073935106 -0.012697114 0.999889791 -0.007694602 -0.052869588 0.029273998 0.008063639 0.999538898 2.659612656
0.999506712 0.011626248 -0.029173633 -0.076470368 -0.011916788 0.999880910 -0.009805006 -0.054895002 0.029056164 0.010147826 0.999526203 2.722443581
0.999531329 0.009323566 -0.029159971 -0.077403933 -0.009709026 0.999866962 -0.013105302 -0.056070924 0.029033909 0.013382274 0.999488771 2.767085552
0.999544322 0.008030440 -0.029097058 -0.078413263 -0.008458327 0.999857366 -0.014612396 -0.057754401 0.028975569 0.014851847 0.999469757 2.811268568
0.999565423 0.006464002 -0.028761210 -0.080568299 -0.006826724 0.999898136 -0.012531216 -0.059532426 0.028677279 0.012722116 0.999507844 2.882760763
0.999573529 0.004224584 -0.028894212 -0.081359006 -0.004428149 0.999965787 -0.006984789 -0.060307518 0.028863719 0.007109761 0.999558032 2.928053856
0.999587357 0.003697897 -0.028485851 -0.083796598 -0.003720843 0.999992788 -0.000752588 -0.061880101 0.028482864 0.000858270 0.999593914 2.990001440
0.999596477 0.001990676 -0.028337860 -0.085072912 -0.001999004 0.999997914 -0.000265529 -0.062777899 0.028337277 0.000322070 0.999598384 3.034944296
0.999606490 -0.000612325 -0.028043449 -0.087017387 0.000525431 0.999995053 -0.003105839 -0.064002842 0.028045213 0.003089882 0.999601841 3.097473621
0.999607861 -0.001814531 -0.027943632 -0.088634841 0.001643127 0.999979734 -0.006155694 -0.064938150 0.027954241 0.006107366 0.999590456 3.143053770
0.999606252 0.000131998 -0.028058080 -0.090685390 -0.000418421 0.999947906 -0.010202571 -0.066626988 0.028055275 0.010210291 0.999554217 3.204794407
0.999607444 -0.000465152 -0.028014136 -0.092215136 0.000060673 0.999895811 -0.014437504 -0.067901209 0.028017936 0.014430135 0.999503195 3.250439644
0.999623060 0.002938867 -0.027296457 -0.094274372 -0.003351233 0.999880791 -0.015073491 -0.069610052 0.027248904 0.015159286 0.999513805 3.312405586
0.999631405 0.006870770 -0.026268059 -0.096199781 -0.007176427 0.999907434 -0.011559526 -0.070842087 0.026186209 0.011743778 0.999588072 3.357953787
0.999620557 0.008147195 -0.026310738 -0.098057792 -0.008395578 0.999921083 -0.009343652 -0.072572842 0.026232546 0.009561004 0.999610126 3.420260429
0.999622703 0.007155949 -0.026514295 -0.099000312 -0.007387299 0.999935329 -0.008637756 -0.073640153 0.026450774 0.008830368 0.999611139 3.465503454
0.999632537 0.005549245 -0.026533479 -0.100994125 -0.005752631 0.999954581 -0.007595101 -0.075493284 0.026490128 0.007744948 0.999619007 3.528088093
0.999621391 0.005055027 -0.027044659 -0.102074698 -0.005214420 0.999969363 -0.005826421 -0.076957092 0.027014380 0.005965238 0.999617279 3.572572231
0.999636412 0.003202331 -0.026768696 -0.104870647 -0.003315167 0.999985814 -0.004171954 -0.078170516 0.026754959 0.004259181 0.999632955 3.636988401
0.999606133 0.002552206 -0.027947998 -0.105817869 -0.002622028 0.999993503 -0.002461974 -0.079125077 0.027941536 0.002534286 0.999606371 3.682653666
0.999602199 0.000889719 -0.028190169 -0.107309699 -0.000984928 0.999993861 -0.003363705 -0.080570631 0.028187009 0.003390134 0.999596953 3.727524281
0.999586821 0.001553920 -0.028700972 -0.109970823 -0.001769469 0.999970376 -0.007486271 -0.082277529 0.028688494 0.007533961 0.999560118 3.798031092
0.999575138 0.002197429 -0.029064033 -0.111760713 -0.002472993 0.999952257 -0.009448716 -0.083578765 0.029041890 0.009516578 0.999532878 3.843695879
0.999544680 0.004062051 -0.029898334 -0.113210477 -0.004291272 0.999961793 -0.007606525 -0.084752999 0.029866302 0.007731362 0.999523997 3.888277054
0.999522090 0.005532330 -0.030414918 -0.115735188 -0.005644798 0.999977529 -0.003613180 -0.086028822 0.030394256 0.003783139 0.999530852 3.959523678
0.999493182 0.005816110 -0.031297110 -0.117277667 -0.005806899 0.999983132 0.000385202 -0.087251768 0.031298824 -0.000203269 0.999510050 4.004212379
0.999459028 0.008119912 -0.031870466 -0.118592724 -0.008097666 0.999966860 0.000826988 -0.087657146 0.031876136 -0.000568465 0.999491632 4.049692631
0.999453962 0.007963559 -0.032067828 -0.121682569 -0.008007199 0.999967158 -0.001232684 -0.089268006 0.032056954 0.001488786 0.999485075 4.119257927
0.999449670 0.008117100 -0.032162379 -0.123840824 -0.008187070 0.999964356 -0.002044459 -0.090041101 0.032144643 0.002306651 0.999480605 4.163903713
0.999432802 0.007845220 -0.032747779 -0.125825569 -0.007920005 0.999966323 -0.002154571 -0.091407225 0.032729782 0.002412711 0.999461293 4.223442554
0.999405563 0.006333733 -0.033887923 -0.127096072 -0.006406258 0.999977410 -0.002031988 -0.092312232 0.033874296 0.002247874 0.999423623 4.267077446
0.999389529 0.005232538 -0.034541380 -0.129310831 -0.005253547 0.999986053 -0.000517555 -0.093736127 0.034538187 0.000698704 0.999403238 4.325829029
0.999343157 0.004683004 -0.035931792 -0.130369291 -0.004605582 0.999986947 0.002237105 -0.094778307 0.035941798 -0.002070148 0.999351740 4.367738247
0.999359012 0.004633186 -0.035496965 -0.133994356 -0.004519763 0.999984324 0.003274845 -0.096065678 0.035511587 -0.003112308 0.999364436 4.423864365
0.999273479 0.003277578 -0.037971627 -0.135622054 -0.003144294 0.999988616 0.003569289 -0.096799627 0.037982907 -0.003447302 0.999272466 4.464801311
0.999160647 0.002588071 -0.040879644 -0.138151288 -0.002487290 0.999993742 0.002515974 -0.097896963 0.040885899 -0.002412182 0.999160886 4.517834187
0.999005795 0.001922571 -0.044539209 -0.139999241 -0.001843192 0.999996662 0.001823205 -0.098777078 0.044542562 -0.001739298 0.999006033 4.556181431
0.998870611 0.002448929 -0.047449656 -0.142908454 -0.002362685 0.999995410 0.001873596 -0.099732220 0.047454044 -0.001759370 0.998871922 4.608118057
0.998717904 0.003177046 -0.050521351 -0.145076513 -0.003002861 0.999989212 0.003523282 -0.100920364 0.050532013 -0.003367056 0.998716831 4.644450188
0.998557448 0.004281455 -0.053520635 -0.148060665 -0.004067800 0.999983251 0.004100327 -0.101498537 0.053537287 -0.003876702 0.998558283 4.693017006
0.998388290 0.005191036 -0.056513667 -0.150200754 -0.004872204 0.999971449 0.005778010 -0.102272332 0.056542043 -0.005493352 0.998385072 4.727245808
0.998240173 0.007145690 -0.058867574 -0.153508216 -0.006785159 0.999956965 0.006322051 -0.102991462 0.058910213 -0.005911502 0.998245895 4.772622108
0.998043656 0.008825550 -0.061894707 -0.155481219 -0.008412899 0.999940574 0.006924439 -0.103726968 0.061952151 -0.006390180 0.998058677 4.804498196
0.997875810 0.011302001 -0.064155959 -0.158394814 -0.010981749 0.999925375 0.005342251 -0.104152456 0.064211555 -0.004626360 0.997925460 4.835870743
0.997699738 0.011975959 -0.066721812 -0.161900461 -0.011872545 0.999927640 0.001946202 -0.105366118 0.066740282 -0.001149568 0.997769654 4.881306171
0.997484803 0.014871201 -0.069304258 -0.164234221 -0.015024321 0.999885678 -0.001688611 -0.105965316 0.069271214 0.002725613 0.997594118 4.909290314
0.997303426 0.016528688 -0.071502559 -0.166433647 -0.016868480 0.999849141 -0.004150866 -0.106798515 0.071423128 0.005345812 0.997431755 4.936140060
0.997217476 0.018413385 -0.072235763 -0.169691622 -0.018849922 0.999808013 -0.005366107 -0.107549593 0.072123073 0.006712817 0.997373164 4.976143360
0.997261822 0.020455144 -0.071065560 -0.172115132 -0.020873558 0.999768913 -0.005149986 -0.108118281 0.070943788 0.006619277 0.997458279 5.000869274
0.997397661 0.024371514 -0.067852065 -0.174228266 -0.024617232 0.999693036 -0.002787456 -0.109420829 0.067763299 0.004450534 0.997691512 5.024662971
0.997663140 0.027192699 -0.062678613 -0.175368369 -0.027342226 0.999624848 -0.001528966 -0.109938495 0.062613539 0.003239166 0.998032570 5.047219753
0.998090804 0.027804120 -0.055150874 -0.178274304 -0.027835859 0.999612391 0.000192812 -0.110747844 0.055134866 0.001342728 0.998478174 5.086184502
0.998577952 0.027794961 -0.045490593 -0.178791642 -0.027688695 0.999612153 0.002964586 -0.111603461 0.045555372 -0.001700796 0.998960316 5.107555866
0.999070466 0.027199226 -0.033443041 -0.179587856 -0.027097711 0.999626637 0.003485083 -0.111588240 0.033525359 -0.002575614 0.999434590 5.127683640
0.999445975 0.026426932 -0.020237241 -0.179856241 -0.026348440 0.999644220 0.004135516 -0.112609170 0.020339334 -0.003600005 0.999786735 5.157058716
0.999646902 0.026096942 -0.005013861 -0.179539070 -0.026081085 0.999654591 0.003201969 -0.113065638 0.005095697 -0.003070071 0.999982357 5.175297737
0.999599338 0.024977082 0.013326155 -0.178858072 -0.024982378 0.999687850 0.000231058 -0.113545559 -0.013316214 -0.000563884 0.999911249 5.193390369
0.999085605 0.024932906 0.034734968 -0.177660778 -0.024791373 0.999682486 -0.004499570 -0.113910295 -0.034836125 0.003634327 0.999386549 5.211135387
0.998058856 0.022431478 0.058096517 -0.174660206 -0.021918317 0.999715030 -0.009455209 -0.114712104 -0.058292050 0.008163476 0.998266220 5.240371227
0.996184766 0.020292981 0.084876873 -0.172021747 -0.019340698 0.999740601 -0.012026899 -0.115303606 -0.085098930 0.010339434 0.996318877 5.257165909
0.993160665 0.017787306 0.115392745 -0.169346154 -0.016335901 0.999775231 -0.013511529 -0.115656555 -0.115607142 0.011534076 0.993228078 5.273428440
0.988933027 0.015056873 0.147596851 -0.165450454 -0.012996443 0.999804199 -0.014914369 -0.116565123 -0.147792533 0.012831080 0.988935173 5.289847851
0.983048022 0.012939959 0.182890877 -0.161259890 -0.010085557 0.999812484 -0.016528666 -0.116991118 -0.183070451 0.014403919 0.982994258 5.304927826
0.975024343 0.009375396 0.221900105 -0.153824568 -0.005743384 0.999838889 -0.017007409 -0.118235812 -0.222023800 0.015308185 0.974921048 5.334373474
0.965097785 0.007338651 0.261786819 -0.148959279 -0.002795122 0.999839067 -0.017723978 -0.118860066 -0.261874735 0.016373649 0.964963019 5.347950459
0.952635944 0.008024276 0.304007322 -0.143555760 -0.002484797 0.999823868 -0.018604012 -0.119661570 -0.304103076 0.016967457 0.952488065 5.362523079
0.937153995 0.010011598 0.348772258 -0.134275436 -0.003515577 0.999808550 -0.019253381 -0.120577082 -0.348898172 0.016817247 0.937009752 5.384531498
0.919295430 0.010271600 0.393433928 -0.127186656 -0.003484316 0.999832571 -0.017961752 -0.121095151 -0.393552601 0.015141312 0.919177532 5.398149490
0.899048328 0.009483712 0.437746674 -0.119174719 -0.002254988 0.999852359 -0.017030325 -0.121490248 -0.437843561 0.014323972 0.898937106 5.411087036
0.875739157 0.008262269 0.482713848 -0.107060194 0.000059752 0.999851584 -0.017222151 -0.122506559 -0.482784569 0.015110956 0.875608802 5.430133820
0.850520432 0.008875656 0.525866985 -0.098030329 0.001419929 0.999815106 -0.019171566 -0.123263545 -0.525940001 0.017052505 0.850350678 5.441915512
0.822821200 0.011126638 0.568191409 -0.088444471 0.002043855 0.999743938 -0.022537330 -0.123930253 -0.568296731 0.019705497 0.822587729 5.453347683
0.791500926 0.015675558 0.610966921 -0.078339100 0.000820402 0.999642730 -0.026710622 -0.124638632 -0.611167490 0.021642722 0.791205406 5.465284348
0.758529484 0.021863297 0.651271820 -0.060800076 -0.002273422 0.999519706 -0.030906206 -0.125442162 -0.651634753 0.021962650 0.758214951 5.482679367
0.721146464 0.026424374 0.692278564 -0.049154997 -0.003905949 0.999411523 -0.034078851 -0.125737414 -0.692771733 0.021871837 0.720825255 5.493253708
0.681994081 0.026791923 0.730866730 -0.032533169 -0.002594191 0.999411225 -0.034215420 -0.126968876 -0.731353104 0.021438712 0.681661963 5.506010056
0.641144335 0.024241567 0.767037332 -0.018875837 0.001070287 0.999471724 -0.032482080 -0.127727747 -0.767419517 0.021646654 0.640779853 5.514889717
0.597068250 0.022467699 0.801875710 -0.000465393 0.002803864 0.999543011 -0.030093854 -0.128236875 -0.802185535 0.020216439 0.596732497 5.526098728
0.551400602 0.020947969 0.833977520 0.014636993 0.003742561 0.999612451 -0.027582875 -0.128719181 -0.834232211 0.018330429 0.551108599 5.533922672
0.502567112 0.018659841 0.864336789 0.034380436 0.004890655 0.999689639 -0.024425585 -0.129416257 -0.864524364 0.016502669 0.502319932 5.543615341
0.451421320 0.014501816 0.892193139 0.050344467 0.007955442 0.999762714 -0.020275462 -0.130161598 -0.892275572 0.016250566 0.451198876 5.550233841
0.399869651 0.014833882 0.916451991 0.072322369 0.004504078 0.999825180 -0.018148610 -0.131322116 -0.916561127 0.011384849 0.399732888 5.557877064
0.349854827 0.019546987 0.936599970 0.089759827 0.001527961 0.999769032 -0.021436088 -0.131884277 -0.936802685 0.008930607 0.349744111 5.562282562
0.298191637 0.024938557 0.954180241 0.112490654 0.000476120 0.999654591 -0.026275879 -0.132606715 -0.954505920 0.008289551 0.298076719 5.568569183
0.251153320 0.026133105 0.967594624 0.130907536 0.002216658 0.999617279 -0.027573358 -0.133565187 -0.967944801 0.009069966 0.250999272 5.572055340
0.210372299 0.026566796 0.977260470 0.156628966 0.009524951 0.999527514 -0.029222542 -0.134239435 -0.977575123 0.015455969 0.210019857 5.575447083
0.174389631 0.027514931 0.984292328 0.176512539 0.017152414 0.999372840 -0.030975437 -0.134228945 -0.984527469 0.022284783 0.173808336 5.577947140
0.144726440 0.027823174 0.989080429 0.203825474 0.021050939 0.999291599 -0.031190684 -0.135624841 -0.989247799 0.025335193 0.144038275 5.579905033
0.115866348 0.026186042 0.992919624 0.225489378 0.018981291 0.999411345 -0.028572228 -0.136555612 -0.993083537 0.022157457 0.115301117 5.582322598
0.091386758 0.022720415 0.995556176 0.255566478 0.013084629 0.999625921 -0.024014395 -0.137407243 -0.995729506 0.015221082 0.091055304 5.584344864
0.067168273 0.018969875 0.997561276 0.279288650 0.007395951 0.999782324 -0.019510098 -0.138165504 -0.997714221 0.008688373 0.067013375 5.585943699
0.044600621 0.016096735 0.998875201 0.310912371 0.012162585 0.999787271 -0.016654501 -0.139418021 -0.998930871 0.012891708 0.044395365 5.586553574
0.024552355 0.016502371 0.999562383 0.336476803 0.020200007 0.999651313 -0.017000016 -0.140611798 -0.999494433 0.020608559 0.024210455 5.586080074
0.006943399 0.019093031 0.999793589 0.370273888 0.024302553 0.999519169 -0.019256568 -0.141667500 -0.999680579 0.024431244 0.006476052 5.585576534
-0.007489840 0.024432074 0.999673426 0.397392213 0.023944341 0.999419153 -0.024246467 -0.142380804 -0.999685287 0.023754919 -0.008070499 5.585236549
-0.018092057 0.028957915 0.999416888 0.433694065 0.022411287 0.999341071 -0.028550014 -0.143205047 -0.999585032 0.021881688 -0.018729120 5.584379196
-0.024361227 0.028394300 0.999299884 0.462085873 0.024280243 0.999318480 -0.027802918 -0.144276321 -0.999408245 0.023585932 -0.025034046 5.583122730
-0.026864139 0.025762010 0.999307036 0.492841005 0.031105584 0.999205351 -0.024923181 -0.144698262 -0.999155045 0.030414492 -0.027644135 5.582500458
-0.026597824 0.024053713 0.999356925 0.537822068 0.032364052 0.999207079 -0.023188749 -0.146363303 -0.999122202 0.031726472 -0.027355211 5.581054211
-0.024644773 0.023567114 0.999418497 0.568883300 0.031033291 0.999258339 -0.022798087 -0.147486433 -0.999214470 0.030453390 -0.025357857 5.580038071
-0.023847044 0.024190111 0.999423027 0.602642655 0.027874697 0.999334633 -0.023522861 -0.148250893 -0.999326944 0.027297664 -0.024505466 5.580796719
-0.022050969 0.025216399 0.999438703 0.649875939 0.026752247 0.999338746 -0.024623631 -0.149875343 -0.999398828 0.026194263 -0.022710983 5.579348564
-0.020948933 0.026132284 0.999438882 0.683610082 0.026683154 0.999316812 -0.025569791 -0.150876477 -0.999424458 0.026132524 -0.021631913 5.578518391
-0.019983303 0.025354289 0.999478757 0.718565941 0.026312236 0.999345422 -0.024824826 -0.152326837 -0.999454021 0.025802445 -0.020637356 5.577525616
-0.019749960 0.024591837 0.999502361 0.771491706 0.024409536 0.999411345 -0.024107266 -0.153435528 -0.999506950 0.023921272 -0.020338602 5.577646255
-0.019495249 0.023548409 0.999532580 0.808412969 0.024888437 0.999424219 -0.023060422 -0.154547691 -0.999500096 0.024427239 -0.020070104 5.576977253
-0.020003924 0.020878341 0.999581873 0.844668627 0.025677111 0.999462962 -0.020362001 -0.156204641 -0.999470174 0.025259057 -0.020529272 5.576494217
-0.020816650 0.019040462 0.999601901 0.897757888 0.023569172 0.999550104 -0.018548643 -0.158271626 -0.999505460 0.023173673 -0.021256052 5.575483799
-0.022043884 0.018060846 0.999593794 0.935231149 0.022893673 0.999583721 -0.017555790 -0.159177586 -0.999494851 0.022497375 -0.022448188 5.574806213
-0.022991603 0.015302842 0.999618471 0.974833310 0.025257207 0.999572515 -0.014721212 -0.160635188 -0.999416530 0.024909105 -0.023368284 5.573520184
-0.024263384 0.014389485 0.999602079 1.028908491 0.026078252 0.999565244 -0.013755957 -0.161529228 -0.999365449 0.025734106 -0.024628092 5.572665215
-0.026162805 0.013220927 0.999570251 1.068081737 0.022998367 0.999655843 -0.012620097 -0.163073182 -0.999393106 0.022658315 -0.026457857 5.571859837
-0.027117688 0.018161751 0.999467313 1.106794238 0.019976946 0.999645174 -0.017622968 -0.164032727 -0.999432623 0.019488407 -0.027470883 5.571080208
-0.028112128 0.022660965 0.999347925 1.162889719 0.021748215 0.999520183 -0.022053087 -0.165810093 -0.999368131 0.021114074 -0.028591476 5.570302010
-0.028857099 0.024298090 0.999288201 1.202915549 0.021941541 0.999478996 -0.023669114 -0.167295039 -0.999342620 0.021242898 -0.029375197 5.568973541
-0.030695288 0.022303747 0.999279976 1.243321657 0.018425817 0.999593735 -0.021744762 -0.168220833 -0.999358892 0.017745085 -0.031093780 5.568171501
-0.031801924 0.018252866 0.999327540 1.299769163 0.015620545 0.999720156 -0.017762942 -0.170082003 -0.999372065 0.015045145 -0.032078143 5.567243099
-0.032066993 0.012910881 0.999402285 1.341050863 0.014254312 0.999820828 -0.012458922 -0.171606272 -0.999384046 0.013846273 -0.032245275 5.566006660
-0.033231776 0.007832887 0.999417067 1.382324815 0.010095218 0.999920905 -0.007501159 -0.172327414 -0.999396622 0.009840054 -0.033308219 5.565963268
-0.032447904 0.005795461 0.999456584 1.437212229 0.007725375 0.999954700 -0.005547541 -0.174454480 -0.999443591 0.007541170 -0.032491207 5.564045429
-0.031435873 0.012643821 0.999425709 1.476771832 0.010572691 0.999868155 -0.012316866 -0.175945804 -0.999449909 0.010179427 -0.031565402 5.562527657
-0.030186329 0.024386942 0.999246716 1.517017245 0.013298940 0.999623537 -0.023994394 -0.176665604 -0.999455869 0.012564618 -0.030499287 5.561234474
-0.030150423 0.029741960 0.999102890 1.571903467 0.014723727 0.999461949 -0.029308334 -0.178196236 -0.999436915 0.013826858 -0.030572111 5.560411453
-0.029079152 0.024075093 0.999287128 1.612540126 0.016161676 0.999590516 -0.023612104 -0.179806352 -0.999446392 0.015463536 -0.029456340 5.559272766
-0.028010206 0.016192405 0.999476373 1.652217627 0.019725490 0.999683022 -0.015642948 -0.181580871 -0.999412894 0.019277001 -0.028320728 5.558197021
-0.027203929 0.012849421 0.999547243 1.707387686 0.020545047 0.999713361 -0.012292398 -0.184096649 -0.999418795 0.020201346 -0.027460121 5.556229591
-0.028084900 0.013991590 0.999507546 1.746845961 0.019225406 0.999724627 -0.013454420 -0.185100734 -0.999420702 0.018838076 -0.028346159 5.556161880
-0.028160421 0.014852167 0.999492943 1.786480427 0.015247536 0.999779701 -0.014426833 -0.186170548 -0.999487162 0.014833544 -0.028380675 5.554943562
-0.030997565 0.015063819 0.999406040 1.840033293 0.013919866 0.999795914 -0.014637958 -0.188004911 -0.999422491 0.013457855 -0.031200923 5.554278851
-0.032712452 0.014314486 0.999362409 1.879081964 0.013757636 0.999809146 -0.013870552 -0.189598650 -0.999370098 0.013295122 -0.032903139 5.552828312
-0.036621202 0.015352247 0.999211431 1.918173552 0.012562990 0.999809980 -0.014901012 -0.190514117 -0.999250293 0.012007389 -0.036807116 5.552789688
-0.037238579 0.015352898 0.999188483 1.971167326 0.009900542 0.999838531 -0.014993902 -0.192627668 -0.999257505 0.009334155 -0.037384570 5.550523758
-0.039123148 0.015191484 0.999118924 1.995897532 0.009919099 0.999840975 -0.014814055 -0.193211019 -0.999185145 0.009330789 -0.039267614 5.549564838
-0.040991090 0.012873835 0.999076545 2.048049450 0.007966521 0.999889374 -0.012557450 -0.195285499 -0.999127805 0.007444419 -0.041089110 5.547415733
-0.043697156 0.013489095 0.998953700 2.099105358 0.007093998 0.999887705 -0.013191396 -0.196769118 -0.999019623 0.006510149 -0.043787938 5.546046734
-0.046541728 0.015067693 0.998802602 2.138553143 0.007546141 0.999862850 -0.014732054 -0.197479695 -0.998887897 0.006851451 -0.046649046 5.545499802
-0.046974178 0.014898603 0.998784959 2.174815893 0.007058990 0.999868691 -0.014582776 -0.199167788 -0.998871326 0.006365399 -0.047073174 5.542987347
-0.047618330 0.013409615 0.998775542 2.222737312 0.009607695 0.999869704 -0.012966243 -0.200762391 -0.998819351 0.008978501 -0.047740977 5.540765285
-0.048769467 0.012438149 0.998732507 2.260221481 0.010005794 0.999878347 -0.011963821 -0.202038288 -0.998759925 0.009409643 -0.048887998 5.538803101
-0.050808780 0.011628005 0.998640656 2.295917034 0.008035040 0.999904573 -0.011233913 -0.203449383 -0.998676062 0.007453335 -0.050897375 5.537569046
-0.052167635 0.011648951 0.998570502 2.344014168 0.006622422 0.999913990 -0.011318653 -0.204463303 -0.998616397 0.006022488 -0.052240297 5.535813332
-0.052703101 0.010407246 0.998555958 2.379188776 0.005828588 0.999931872 -0.010113955 -0.205627024 -0.998593211 0.005287135 -0.052760173 5.534029961
-0.053456184 0.010314064 0.998516858 2.413527250 0.006080684 0.999931455 -0.010003143 -0.206725761 -0.998551667 0.005536937 -0.053515244 5.532204151
-0.053574435 0.012479918 0.998485982 2.458031654 0.005944129 0.999908149 -0.012178759 -0.208317384 -0.998546302 0.005282659 -0.053643696 5.530272484
-0.054148361 0.016138189 0.998402536 2.492074728 0.006629291 0.999853194 -0.015802097 -0.209111959 -0.998510957 0.005763045 -0.054247394 5.528842449
-0.054588549 0.017351454 0.998358190 2.532813072 0.003864794 0.999845266 -0.017165970 -0.210459113 -0.998501420 0.002921382 -0.054647159 5.527505875
-0.055268910 0.017872909 0.998311639 2.566369772 0.003603262 0.999836862 -0.017700726 -0.211609930 -0.998465002 0.002618878 -0.055324297 5.526222706
-0.054681171 0.017901700 0.998343349 2.606307030 0.005857846 0.999827921 -0.017607475 -0.213097304 -0.998486638 0.004885346 -0.054776609 5.523754120
-0.054992635 0.017589210 0.998331845 2.639748812 0.006563829 0.999829650 -0.017254032 -0.214205056 -0.998465240 0.005604036 -0.055098716 5.522154331
-0.055135831 0.017663233 0.998322546 2.679282904 0.002324348 0.999842942 -0.017561765 -0.215565905 -0.998476148 0.001352167 -0.055168234 5.520298481
-0.055332273 0.017706556 0.998310864 2.712224007 -0.000361988 0.999842107 -0.017753785 -0.216908157 -0.998467922 -0.001343733 -0.055317141 5.518905163
-0.054852609 0.016744753 0.998354018 2.751574993 0.002059805 0.999859035 -0.016656823 -0.218195379 -0.998492420 0.001142744 -0.054879364 5.516913891
-0.055984642 0.016336117 0.998297930 2.784443855 0.002739783 0.999864817 -0.016208110 -0.219123900 -0.998427868 0.001827715 -0.056021836 5.515160084
-0.059325270 0.015670698 0.998115718 2.822686911 -0.000990436 0.999875367 -0.015757196 -0.220527038 -0.998238206 -0.001923369 -0.059302356 5.513264179
-0.064543299 0.015078621 0.997801006 2.854703665 -0.004636946 0.999870479 -0.015409839 -0.221789628 -0.997904181 -0.005621350 -0.064465031 5.511338711
-0.070649974 0.018668383 0.997326493 2.893475533 -0.001136513 0.999822676 -0.018795613 -0.223378330 -0.997500539 -0.002461383 -0.070616223 5.508879662
-0.076818578 0.022132980 0.996799409 2.925257444 0.002243043 0.999754846 -0.022025740 -0.224058479 -0.997042656 0.000543879 -0.076849371 5.505929947
-0.084493890 0.023278855 0.996152043 2.963824511 0.000454782 0.999727786 -0.023323849 -0.225635797 -0.996423841 -0.001517690 -0.084481478 5.503033638
-0.090995766 0.021984927 0.995608568 2.996582270 -0.003746234 0.999741614 -0.022418592 -0.226965755 -0.995844185 -0.005769779 -0.090889893 5.500498772
-0.096140087 0.020980781 0.995146632 3.035746336 -0.003534391 0.999764442 -0.021419588 -0.228445187 -0.995361507 -0.005576520 -0.096043259 5.496724606
-0.100491703 0.022598432 0.994681239 3.068964005 -0.005175946 0.999716640 -0.023235753 -0.228875056 -0.994924486 -0.007483418 -0.100346252 5.493591785
-0.104611255 0.020830510 0.994295120 3.108490467 -0.008170217 0.999728858 -0.021803956 -0.230908275 -0.994479597 -0.010404545 -0.104412712 5.489738464
-0.106936693 0.018370975 0.994096160 3.142764568 -0.007316268 0.999787688 -0.019263180 -0.231606811 -0.994238913 -0.009333014 -0.106779583 5.486094475
-0.108725265 0.014551796 0.993965268 3.182661057 -0.005579377 0.999868155 -0.015248515 -0.233449191 -0.994056225 -0.007203607 -0.108629741 5.481642723
-0.110398076 0.011846702 0.993816912 3.218052387 -0.005855062 0.999903858 -0.012569670 -0.234468132 -0.993870318 -0.007206526 -0.110318117 5.478009701
-0.111958571 0.011994178 0.993640482 3.258973122 -0.006259794 0.999898791 -0.012775046 -0.235410959 -0.993693233 -0.007650261 -0.111872159 5.473965645
-0.111949340 0.015711945 0.993589759 3.293520927 -0.004367656 0.999857545 -0.016303170 -0.236451402 -0.993704379 -0.006164786 -0.111864768 5.469872475
-0.112544946 0.019771218 0.993449867 3.335783958 0.001227865 0.999804020 -0.019758573 -0.237728953 -0.993645847 -0.001003905 -0.112547159 5.465192318
-0.113055065 0.024748152 0.993280470 3.371436834 0.008429028 0.999677658 -0.023948155 -0.239007339 -0.993552983 0.005664929 -0.113227211 5.460710049
-0.113353476 0.025969191 0.993215382 3.407257795 0.009552262 0.999640644 -0.025047015 -0.240177959 -0.993508875 0.006648286 -0.113560796 5.456445217
-0.113885149 0.023672348 0.993211865 3.453454733 0.007542063 0.999707758 -0.022962382 -0.241842359 -0.993465424 0.004875791 -0.114030421 5.451399803
-0.113550007 0.018826332 0.993353903 3.489865065 0.008315448 0.999803364 -0.017998032 -0.243127123 -0.993497491 0.006216506 -0.113684244 5.447352886
-0.114157371 0.016730921 0.993321776 3.532645226 0.009570249 0.999830306 -0.015740683 -0.244649515 -0.993416548 0.007709422 -0.114298113 5.442536831
-0.114535086 0.016584987 0.993280709 3.568488836 0.010072895 0.999828577 -0.015532813 -0.245861381 -0.993368149 0.008226161 -0.114682518 5.438364029
-0.116832867 0.017188968 0.993002892 3.611258984 0.008422879 0.999831378 -0.016316168 -0.247536942 -0.993115902 0.006457680 -0.116957970 5.434114933
-0.119395085 0.018054998 0.992682695 3.647867203 0.007166194 0.999824226 -0.017322974 -0.248476386 -0.992820978 0.005045479 -0.119503498 5.430409431
-0.121040411 0.018026290 0.992483854 3.688764095 0.008834452 0.999815047 -0.017082024 -0.250223428 -0.992608249 0.006700438 -0.121177286 5.424993038
-0.122973882 0.017921794 0.992247999 3.724411964 0.008395559 0.999819875 -0.017018057 -0.251353830 -0.992374361 0.006237702 -0.123102203 5.420671463
-0.125358805 0.017215637 0.991962075 3.760774136 0.007855825 0.999835312 -0.016359501 -0.252795190 -0.992080331 0.005741874 -0.125473410 5.416420460
-0.126818761 0.018041365 0.991761804 3.803730726 0.006919892 0.999826312 -0.017303208 -0.254310608 -0.991901755 0.004668513 -0.126921564 5.410908699
-0.127900705 0.020137431 0.991582572 3.840439081 0.007623564 0.999784350 -0.019320661 -0.255314350 -0.991757631 0.005088267 -0.128026634 5.406453133
-0.128535271 0.019198060 0.991519153 3.877041340 0.007070557 0.999805033 -0.018441902 -0.258026451 -0.991679668 0.004640158 -0.128645927 5.401680470
-0.129816756 0.020988768 0.991315901 3.913247347 0.006548519 0.999772370 -0.020310257 -0.257176310 -0.991516352 0.003855041 -0.129924640 5.397666931
-0.131039515 0.018567175 0.991203308 3.958133936 0.006122299 0.999820590 -0.017919207 -0.259130090 -0.991358280 0.003720318 -0.131129697 5.391986847
-0.132408217 0.016142353 0.991063893 3.996467829 0.003845940 0.999868155 -0.015771927 -0.260576546 -0.991187930 0.001723240 -0.132452846 5.387464523
-0.134579912 0.014292719 0.990799785 4.033278465 0.000928743 0.999897301 -0.014297804 -0.261096478 -0.990902364 -0.001004000 -0.134579405 5.383834839
-0.136175320 0.013729610 0.990589619 4.077544689 0.002075784 0.999905646 -0.013573376 -0.262699157 -0.990682602 0.000207892 -0.136190966 5.376848698
-0.137797266 0.014991196 0.990346909 4.116327763 0.003824314 0.999886036 -0.014603475 -0.263414532 -0.990453124 0.001775079 -0.137838900 5.371340275
-0.140301451 0.015431754 0.989988625 4.146980762 0.003011436 0.999880493 -0.015159165 -0.265192211 -0.990104318 0.000854435 -0.140331209 5.367749691
-0.141269922 0.018985057 0.989789009 4.199589729 0.004020829 0.999818802 -0.018603560 -0.266732723 -0.989962935 0.001351649 -0.141320676 5.359661579
-0.141218528 0.022690069 0.989718378 4.237778664 0.006214342 0.999737859 -0.022033079 -0.268048435 -0.989958882 0.003038971 -0.141322508 5.354069233
-0.143104076 0.026807198 0.989344537 4.282242298 0.007065846 0.999635220 -0.026063995 -0.269611746 -0.989682376 0.003260693 -0.143241301 5.348152637
-0.142463714 0.028053664 0.989402413 4.321984291 0.008885070 0.999594092 -0.027063288 -0.270949244 -0.989760101 0.004935374 -0.142655179 5.341999054
-0.142381042 0.027586721 0.989427328 4.362134457 0.012323774 0.999583423 -0.026096465 -0.272306859 -0.989735126 0.008477839 -0.142661706 5.336326599
-0.142231345 0.025333002 0.989509344 4.408343792 0.013025327 0.999633729 -0.023719957 -0.274356812 -0.989747763 0.009514959 -0.142509237 5.329936981
-0.141109541 0.023961041 0.989704013 4.448729038 0.012563318 0.999669850 -0.022411073 -0.275849283 -0.989914238 0.009271548 -0.141363993 5.324324608
-0.139515013 0.021731922 0.989981532 4.490041256 0.011843494 0.999724269 -0.020276727 -0.277237147 -0.990149140 0.008895931 -0.139733911 5.319070816
-0.138005272 0.018151462 0.990265191 4.537881851 0.011679751 0.999792337 -0.016698385 -0.278824657 -0.990362644 0.009261587 -0.138188630 5.312441826
-0.135939091 0.015058180 0.990602851 4.578849792 0.013029065 0.999825239 -0.013410408 -0.280008852 -0.990631580 0.011083631 -0.136111557 5.306705475
-0.134966210 0.014565479 0.990743220 4.621039391 0.011327581 0.999849200 -0.013156226 -0.281699687 -0.990785480 0.009447074 -0.135110855 5.301711082
-0.133025512 0.018939584 0.990931630 4.668222904 0.012437206 0.999770463 -0.017438920 -0.283247948 -0.991034627 0.010004599 -0.133230537 5.295268059
-0.131304517 0.025308434 0.991018951 4.709672451 0.013052231 0.999631464 -0.023799032 -0.284680963 -0.991256177 0.009810087 -0.131586462 5.289989471
-0.129837677 0.028571252 0.991123438 4.750587463 0.010378675 0.999569118 -0.027455103 -0.286291957 -0.991481006 0.006721842 -0.130078256 5.284830570
-0.127917275 0.026172955 0.991439462 4.797651291 0.009278717 0.999639511 -0.025192274 -0.287459105 -0.991741478 0.005976759 -0.128114015 5.278995991
-0.126870587 0.023855817 0.991632283 4.837793350 0.009406726 0.999694705 -0.022846263 -0.289051056 -0.991874695 0.006429496 -0.127056256 5.273707867
-0.126055300 0.022059580 0.991777956 4.880735874 0.010643879 0.999725282 -0.020883508 -0.291019201 -0.991966128 0.007923889 -0.126255482 5.268551826
-0.125729933 0.021941366 0.991821945 4.927871704 0.010562020 0.999728322 -0.020777363 -0.292209327 -0.992008328 0.007863306 -0.125927523 5.263143063
-0.125880659 0.021950170 0.991802514 4.970385551 0.008422814 0.999742806 -0.021056866 -0.293750793 -0.992009699 0.005703118 -0.126033142 5.258692741
-0.125469476 0.019655667 0.991902709 5.011534691 0.010181475 0.999776661 -0.018523801 -0.295580834 -0.992045224 0.007774862 -0.125641540 5.253959656
