0.999994338 -0.002341496 -0.002395146 -0.000626536 0.002335553 0.999994218 -0.002480939 -0.000952734 0.002400938 0.002475331 0.999993980 0.053394936
0.999980330 -0.002865586 -0.005583432 0.000247768 0.002846424 0.999990046 -0.003436914 -0.001664753 0.005593224 0.003420953 0.999978483 0.073013447
0.999965906 -0.004910252 -0.006638290 -0.000738290 0.004873858 0.999972999 -0.005487531 -0.002086934 0.006665056 0.005454989 0.999962926 0.106837399
0.999922395 -0.007605727 -0.009869835 0.000480731 0.007532218 0.999943793 -0.007463673 -0.002431361 0.009926047 0.007388751 0.999923408 0.120019354
0.999920428 -0.008351816 -0.009455015 -0.001404248 0.008274836 0.999932528 -0.008151761 -0.003288624 0.009522461 0.008072875 0.999922037 0.160816178
0.999910414 -0.008164232 -0.010606465 -0.002229964 0.008082360 0.999937415 -0.007738799 -0.003786159 0.010668976 0.007652380 0.999913812 0.188354313
0.999890804 -0.008692613 -0.011948070 -0.002507680 0.008597018 0.999930799 -0.008028871 -0.004575443 0.012017040 0.007925276 0.999896348 0.216386631
0.999882460 -0.008141181 -0.012989876 -0.003165818 0.008002786 0.999911189 -0.010670585 -0.005379670 0.013075593 0.010565377 0.999858677 0.244514614
0.999872208 -0.006838929 -0.014449805 -0.003609303 0.006628842 0.999872446 -0.014537171 -0.005907196 0.014547378 0.014439528 0.999789953 0.269749671
0.999866426 -0.005357504 -0.015441013 -0.004657459 0.005079538 0.999825299 -0.017985119 -0.006944200 0.015534668 0.017904280 0.999718964 0.301830113
0.999850333 -0.003376291 -0.016967745 -0.005201848 0.003067470 0.999829769 -0.018193631 -0.007329656 0.017026281 0.018138859 0.999690533 0.328255594
0.999843121 -0.000967330 -0.017690241 -0.006379122 0.000766472 0.999935269 -0.011357458 -0.007970661 0.017700080 0.011342116 0.999778926 0.362470657
0.999833643 -0.000416495 -0.018238533 -0.007174623 0.000414685 1.000000000 -0.000102999 -0.008884860 0.018238574 0.000095421 0.999833584 0.390023321
0.999816239 0.000526239 -0.019164655 -0.008290349 -0.000419429 0.999984503 0.005576823 -0.008904339 0.019167287 -0.005567758 0.999800742 0.426759750
0.999786139 0.003255249 -0.020426851 -0.009117307 -0.003157167 0.999983370 0.004832034 -0.009737877 0.020442240 -0.004766508 0.999779642 0.455032349
0.999769449 0.005106260 -0.020858373 -0.010577961 -0.005156635 0.999983907 -0.002362094 -0.010115201 0.020845974 0.002469109 0.999779642 0.492042571
0.999731898 0.005359550 -0.022528728 -0.011010258 -0.005544402 0.999951422 -0.008150705 -0.010391809 0.022483949 0.008273427 0.999712944 0.521613419
0.999731004 0.002107833 -0.023097698 -0.012446355 -0.002260182 0.999975801 -0.006571732 -0.010411141 0.023083288 0.006622170 0.999711633 0.560893834
0.999726236 0.001364695 -0.023359934 -0.013292721 -0.001307035 0.999996006 0.002483422 -0.010639412 0.023363234 -0.002452211 0.999724030 0.592766881
0.999709666 0.000650285 -0.024087030 -0.014384964 -0.000412163 0.999951184 0.009889550 -0.010912079 0.024092281 -0.009876753 0.999660909 0.634401798
0.999705434 -0.000114752 -0.024273947 -0.015512116 0.000415931 0.999923050 0.012402801 -0.011052241 0.024270656 -0.012409244 0.999628365 0.667146087
0.999691665 -0.001486999 -0.024787901 -0.015518781 0.001759668 0.999938250 0.010981918 -0.010974595 0.024770040 -0.011022152 0.999632359 0.700366735
0.999705076 -0.002841914 -0.024119655 -0.017717298 0.003052675 0.999957442 0.008705853 -0.011063743 0.024093881 -0.008776916 0.999671102 0.749647677
0.999726355 0.000372182 -0.023396008 -0.018892078 -0.000257224 0.999987841 0.004916385 -0.010920159 0.023397548 -0.004909023 0.999714196 0.784774065
0.999747574 -0.002403845 -0.022340912 -0.019918691 0.002388471 0.999996901 -0.000714778 -0.011223963 0.022342553 0.000661237 0.999750137 0.820713103
0.999746740 -0.006060090 -0.021673009 -0.020836633 0.005921160 0.999961555 -0.006468641 -0.011858236 0.021711372 0.006338673 0.999744177 0.871529341
0.999783278 -0.004965823 -0.020222612 -0.022006096 0.004714964 0.999911606 -0.012433715 -0.012045447 0.020282561 0.012335669 0.999718249 0.908685148
0.999779999 -0.003123478 -0.020740220 -0.022853859 0.002855925 0.999912560 -0.012917276 -0.013119885 0.020778747 0.012855202 0.999701500 0.946559846
0.999779761 -0.003185455 -0.020746255 -0.024091622 0.002926147 0.999917328 -0.012517360 -0.014106123 0.020784406 0.012453895 0.999706388 1.001110196
0.999791205 -0.001187040 -0.020405034 -0.025441132 0.000909325 0.999906898 -0.013614010 -0.015200401 0.020419290 0.013592612 0.999699056 1.040146828
0.999791861 0.002071812 -0.020300843 -0.026955344 -0.002381058 0.999881268 -0.015220882 -0.016524330 0.020266898 0.015266048 0.999678016 1.080054641
0.999774516 0.005200810 -0.020590542 -0.027820108 -0.005537325 0.999851525 -0.016320014 -0.017753651 0.020502608 0.016430354 0.999654710 1.136488199
0.999764860 0.007133390 -0.020478932 -0.029015651 -0.007469946 0.999837518 -0.016405055 -0.018867360 0.020358579 0.016554171 0.999655604 1.176721811
0.999751568 0.007982001 -0.020815197 -0.030328643 -0.008318085 0.999835670 -0.016109847 -0.020328144 0.020683186 0.016278990 0.999653459 1.217607617
0.999741673 0.007794606 -0.021349624 -0.031009480 -0.008139646 0.999836922 -0.016122453 -0.021932978 0.021220474 0.016292067 0.999642015 1.276348233
0.999716878 0.008580656 -0.022196025 -0.031977918 -0.008912131 0.999849558 -0.014878407 -0.023082139 0.022065021 0.015072009 0.999642849 1.318105102
0.999710679 0.009231606 -0.022212319 -0.033024576 -0.009518619 0.999872148 -0.012850419 -0.024300361 0.022090847 0.013058132 0.999670625 1.359078288
0.999704182 0.010003458 -0.022166658 -0.035046700 -0.010265918 0.999878228 -0.011758327 -0.026104782 0.022046328 0.011982410 0.999685109 1.419821501
0.999688387 0.010627266 -0.022589248 -0.035903763 -0.010919099 0.999858022 -0.012835166 -0.027197339 0.022449637 0.013077818 0.999662399 1.462595701
0.999674082 0.011409433 -0.022837739 -0.036925122 -0.011736452 0.999829829 -0.014236774 -0.027957633 0.022671418 0.014500167 0.999637783 1.505594492
0.999680758 0.011168292 -0.022663008 -0.039345760 -0.011466037 0.999849141 -0.013050957 -0.029849911 0.022513831 0.013306645 0.999657869 1.566531420
0.999659061 0.011054063 -0.023657409 -0.040060773 -0.011308398 0.999879420 -0.010644093 -0.030803915 0.023536896 0.010907991 0.999663353 1.610427737
0.999667466 0.011207524 -0.023220373 -0.041631300 -0.011371990 0.999911129 -0.006963047 -0.031940311 0.023140268 0.007224795 0.999705970 1.654660821
0.999642193 0.010654829 -0.024535554 -0.043298066 -0.010763266 0.999932766 -0.004291665 -0.033495668 0.024488181 0.004554212 0.999689698 1.716997981
0.999643028 0.009521834 -0.024965011 -0.044520907 -0.009613996 0.999947309 -0.003574240 -0.034546096 0.024929667 0.003812977 0.999681950 1.761583686
0.999621153 0.008947155 -0.026028913 -0.045423530 -0.009092298 0.999943793 -0.005463288 -0.034981422 0.025978567 0.005697881 0.999646306 1.806928158
0.999609411 0.010670775 -0.025829514 -0.048159238 -0.010830404 0.999923110 -0.006048249 -0.036266707 0.025762983 0.006325630 0.999647975 1.869794369
0.999583006 0.010934457 -0.026728256 -0.049348421 -0.011075078 0.999925613 -0.005118776 -0.037068598 0.026670290 0.005412658 0.999629557 1.915063739
0.999557376 0.011093488 -0.027605776 -0.050760198 -0.011187343 0.999932230 -0.003247770 -0.037940715 0.027567873 0.003555168 0.999613583 1.959657788
0.999566793 0.010393610 -0.027535105 -0.053553194 -0.010402263 0.999945939 -0.000171129 -0.039610386 0.027531834 0.000457483 0.999620795 2.023979664
0.999550462 0.011792937 -0.027563503 -0.055334847 -0.011807019 0.999930263 -0.000348202 -0.040335994 0.027557474 0.000673489 0.999619901 2.068771601
0.999499023 0.013208048 -0.028762950 -0.056577273 -0.013323628 0.999903858 -0.003830417 -0.041628178 0.028709592 0.004211724 0.999578893 2.113358259
0.999487817 0.014402411 -0.028585888 -0.058614429 -0.014639209 0.999860108 -0.008091767 -0.042779122 0.028465344 0.008506096 0.999558568 2.177451849
0.999491870 0.014389522 -0.028445655 -0.060339436 -0.014620818 0.999861538 -0.007939919 -0.044231199 0.028327465 0.008351780 0.999563813 2.222644091
0.999481380 0.015210112 -0.028385343 -0.061870381 -0.015376054 0.999865890 -0.005637017 -0.045022789 0.028295795 0.006070548 0.999581158 2.268484354
0.999481261 0.015663287 -0.028138923 -0.063992105 -0.015770176 0.999869227 -0.003580725 -0.046437692 0.028079148 0.004022624 0.999597609 2.332460642
0.999534488 0.013634907 -0.027293289 -0.066320516 -0.013696954 0.999903977 -0.002087608 -0.047483493 0.027262203 0.002460472 0.999625266 2.378026009
0.999517143 0.014025689 -0.027725721 -0.067052171 -0.014112014 0.999896169 -0.002920389 -0.048792742 0.027681878 0.003310245 0.999611259 2.435126543
0.999540210 0.012969772 -0.027408946 -0.068386517 -0.013101039 0.999903560 -0.004615076 -0.049618676 0.027346442 0.004972041 0.999613643 2.479894876
0.999541998 0.013423086 -0.027123230 -0.070276633 -0.013616260 0.999883115 -0.006949987 -0.050977215 0.027026771 0.007316121 0.999607861 2.538785934
0.999567926 0.012579054 -0.026568921 -0.071819983 -0.012827332 0.999875486 -0.009194985 -0.052363347 0.026449947 0.009531820 0.999604583 2.583091736
0.999574184 0.010020554 -0.027404843 -0.072598584 -0.010371380 0.999865711 -0.012689642 -0.053589463 0.027274003 0.012968464 0.999543786 2.629176140
0.999602735 0.008939563 -0.026730042 -0.074962862 -0.009326545 0.999852955 -0.014387955 -0.055492152 0.026597489 0.014631538 0.999539137 2.694660425
0.999621391 0.006679211 -0.026692651 -0.075903036 -0.007010041 0.999899507 -0.012319741 -0.056547057 0.026607685 0.012502193 0.999567747 2.740187407
0.999633133 0.006201889 -0.026365273 -0.078131698 -0.006367385 0.999960542 -0.006197745 -0.058435179 0.026325788 0.006363350 0.999633133 2.798632383
0.999651194 0.004176160 -0.026078075 -0.079060450 -0.004186583 0.999991238 -0.000345053 -0.059171278 0.026076397 0.000454111 0.999659836 2.844638586
0.999653459 0.003188718 -0.026130639 -0.080750138 -0.003178831 0.999994814 0.000419870 -0.060389761 0.026131844 -0.000336659 0.999658406 2.902019501
0.999668062 -0.000894418 -0.025750048 -0.081933230 0.000828430 0.999996364 -0.002573204 -0.061144561 0.025752261 0.002551018 0.999665022 2.948302269
0.999666274 -0.001671191 -0.025779819 -0.083560720 0.001526470 0.999983013 -0.005632383 -0.062525928 0.025788795 0.005591151 0.999651730 3.005411386
0.999669552 0.001105649 -0.025680942 -0.085561462 -0.001367896 0.999947131 -0.010196384 -0.063528113 0.025668308 0.010228144 0.999618173 3.051860809
0.999676168 0.000628775 -0.025441209 -0.087150037 -0.000979663 0.999904513 -0.013781989 -0.065337747 0.025430107 0.013802447 0.999581277 3.109177113
0.999691784 0.003862734 -0.024529656 -0.088573389 -0.004223676 0.999883235 -0.014679798 -0.066457108 0.024470089 0.014778876 0.999591291 3.154782057
0.999678373 0.007600782 -0.024190817 -0.090566173 -0.007866889 0.999909401 -0.010924249 -0.068145752 0.024105584 0.011111044 0.999647677 3.213931799
0.999680221 0.008829422 -0.023694452 -0.092000999 -0.009028290 0.999924779 -0.008299245 -0.069597147 0.023619385 0.008510510 0.999684811 3.259252787
0.999672115 0.008506893 -0.024153247 -0.093329132 -0.008702872 0.999929965 -0.008020477 -0.070901960 0.024083326 0.008228049 0.999676049 3.317594767
0.999678016 0.006284551 -0.024588628 -0.093864560 -0.006466350 0.999952316 -0.007321080 -0.071911857 0.024541449 0.007477719 0.999670863 3.363123894
0.999674201 0.005855460 -0.024845855 -0.095050573 -0.006001715 0.999965131 -0.005815969 -0.073317669 0.024810934 0.005963193 0.999674380 3.409194469
0.999678671 0.004183985 -0.025004655 -0.097240493 -0.004282013 0.999983311 -0.003868141 -0.074536495 0.024988052 0.003973966 0.999679983 3.473870993
0.999666512 0.003095528 -0.025640607 -0.098760620 -0.003141456 0.999993503 -0.001751115 -0.076119624 0.025635023 0.001831079 0.999669790 3.519764662
0.999660075 0.002256405 -0.025978442 -0.100093648 -0.002325557 0.999993801 -0.002632044 -0.077272281 0.025972340 0.002691563 0.999659061 3.565722466
0.999637187 0.002791755 -0.026790233 -0.101600222 -0.002983045 0.999970376 -0.007103004 -0.078203693 0.026769616 0.007180343 0.999615848 3.628024817
0.999613941 0.004010966 -0.027494434 -0.103232548 -0.004262300 0.999949634 -0.009088783 -0.079302564 0.027456596 0.009202464 0.999580681 3.674232244
0.999585688 0.005408412 -0.028268330 -0.104879603 -0.005624655 0.999955416 -0.007575779 -0.080612846 0.028226100 0.007731640 0.999571621 3.730581284
0.999561191 0.006360979 -0.028927963 -0.106063664 -0.006451804 0.999974489 -0.003047458 -0.081917509 0.028907837 0.003232757 0.999576807 3.776146889
0.999542236 0.007436023 -0.029323703 -0.108583577 -0.007412857 0.999972284 0.000898560 -0.083116837 0.029329563 -0.000680777 0.999569535 3.832296371
0.999523640 0.008908098 -0.029548626 -0.110562012 -0.008868515 0.999959648 0.001470393 -0.083993331 0.029560525 -0.001207640 0.999562263 3.878194571
0.999519825 0.008136636 -0.029897824 -0.112035967 -0.008155569 0.999966621 -0.000511319 -0.084940076 0.029892666 0.000754907 0.999552846 3.921783209
0.999486923 0.007954677 -0.031026201 -0.114107355 -0.008003738 0.999966979 -0.001457402 -0.085834160 0.031013571 0.001704980 0.999517500 3.984007120
0.999472558 0.007695817 -0.031549908 -0.115299836 -0.007749517 0.999968767 -0.001580142 -0.086571492 0.031536758 0.001823806 0.999500871 4.027330875
0.999477267 0.006441352 -0.031680889 -0.117599607 -0.006471954 0.999978781 -0.000863509 -0.088181950 0.031674642 0.001068095 0.999497712 4.070625305
0.999445558 0.005242673 -0.032881103 -0.119212292 -0.005235956 0.999986291 0.000290410 -0.089276351 0.032882169 -0.000118085 0.999459207 4.132028580
0.999401987 0.005057751 -0.034207173 -0.120299116 -0.004951996 0.999982774 0.003175627 -0.090301409 0.034222640 -0.003004334 0.999409676 4.174347878
0.999400437 0.004272626 -0.034358844 -0.122971825 -0.004143678 0.999984145 0.003823342 -0.091307171 0.034374632 -0.003678675 0.999402225 4.226044178
0.999331594 0.004232501 -0.036312528 -0.124521092 -0.004107248 0.999985397 0.003523252 -0.091614500 0.036326908 -0.003371751 0.999334216 4.266967297
0.999216199 0.003084209 -0.039465353 -0.126852363 -0.002965042 0.999990880 0.003077702 -0.093092360 0.039474476 -0.002958273 0.999216199 4.316124439
0.999078751 0.001181067 -0.042900212 -0.128677905 -0.001069087 0.999995947 0.002633103 -0.094012685 0.042903151 -0.002584813 0.999075949 4.354411602
0.998927772 0.002724581 -0.046215676 -0.131152257 -0.002606318 0.999993205 0.002619019 -0.094887599 0.046222501 -0.002495757 0.998928010 4.402029514
0.998804092 0.003622591 -0.048757780 -0.133683667 -0.003427442 0.999985874 0.004085441 -0.095976867 0.048771892 -0.003913440 0.998802185 4.438245773
0.998637199 0.004825703 -0.051965822 -0.136236966 -0.004586912 0.999978423 0.004713426 -0.096508101 0.051987439 -0.004468639 0.998637736 4.482882023
0.998472571 0.005719861 -0.054950494 -0.138672709 -0.005383213 0.999965847 0.006272450 -0.097066097 0.054984480 -0.005967059 0.998469412 4.517338753
0.998320460 0.007593487 -0.057433903 -0.141267061 -0.007206520 0.999949932 0.006941766 -0.097926244 0.057483740 -0.006516207 0.998325169 4.558951378
0.998150706 0.009150108 -0.060095418 -0.143495455 -0.008702786 0.999932468 0.007701105 -0.098799855 0.060161829 -0.007163865 0.998162925 4.590970039
0.997980833 0.011725412 -0.062425420 -0.146041662 -0.011398003 0.999919415 0.005598373 -0.098779052 0.062486023 -0.004875543 0.998033941 4.621261120
0.997795641 0.012608508 -0.065153025 -0.149301365 -0.012473097 0.999919057 0.002484730 -0.100037068 0.065179072 -0.001666592 0.997872114 4.663168430
0.997590184 0.015532467 -0.067621417 -0.151606083 -0.015645204 0.999877036 -0.001137908 -0.100593425 0.067595415 0.002193118 0.997710347 4.690666676
0.997404754 0.017028250 -0.069956906 -0.153713360 -0.017364640 0.999840319 -0.004203164 -0.100915588 0.069874167 0.005407032 0.997541070 4.717675686
0.997327268 0.018756637 -0.070615426 -0.156672716 -0.019127719 0.999806583 -0.004582351 -0.102385893 0.070515811 0.005920815 0.997493029 4.754019260
0.997361779 0.020922001 -0.069510706 -0.159011528 -0.021264894 0.999765158 -0.004196610 -0.103058562 0.069406562 0.005663676 0.997572362 4.778591633
0.997479916 0.024946541 -0.066418558 -0.160937563 -0.025155149 0.999680936 -0.002306207 -0.103925116 0.066339821 0.003971164 0.997789085 4.802492619
0.997747183 0.027689489 -0.061104767 -0.162256941 -0.027800187 0.999613047 -0.000962022 -0.104510687 0.061054476 0.002658579 0.998130858 4.824722290
0.998157799 0.028303077 -0.053665113 -0.164606243 -0.028297352 0.999599099 0.000866631 -0.105274282 0.053668138 0.000653546 0.998558581 4.858841896
0.998633742 0.028210826 -0.043984815 -0.165124714 -0.028089132 0.999599695 0.003382375 -0.105952427 0.044062626 -0.002142259 0.999026477 4.880004406
0.999124765 0.027876122 -0.031188071 -0.165316492 -0.027744401 0.999604285 0.004648496 -0.105997682 0.031305291 -0.003779133 0.999502718 4.887362480
0.999451101 0.026981020 -0.019223174 -0.165542632 -0.026892051 0.999626458 0.004871818 -0.107047826 0.019347440 -0.004352191 0.999803305 4.926699638
0.999634683 0.026758811 -0.003798938 -0.165352896 -0.026742959 0.999633729 0.004162987 -0.107561879 0.003908944 -0.004059869 0.999984086 4.944803238
0.999569237 0.025653569 0.014255820 -0.164526880 -0.025672482 0.999669790 0.001145274 -0.108059920 -0.014221730 -0.001510762 0.999897659 4.962647915
0.999031901 0.025280349 0.036002383 -0.163606107 -0.025165061 0.999676585 -0.003651791 -0.108500823 -0.036083065 0.002742255 0.999344945 4.980259895
0.997982204 0.023054596 0.059161503 -0.160533994 -0.022579495 0.999707282 -0.008686652 -0.109020643 -0.059344444 0.007333286 0.998210669 5.006204128
0.996051252 0.020655327 0.086344481 -0.158148825 -0.019749764 0.999740779 -0.011329000 -0.109639443 -0.086556092 0.009578981 0.996200919 5.022735119
0.993031979 0.018292744 0.116416231 -0.155463636 -0.016936556 0.999776900 -0.012628144 -0.110027596 -0.116621248 0.010568461 0.993120372 5.038510323
0.988692641 0.015995633 0.149100631 -0.151616216 -0.014019419 0.999799490 -0.014295898 -0.110738173 -0.149299383 0.012043945 0.988718688 5.055355549
0.982674360 0.013610968 0.184840798 -0.146168053 -0.010826762 0.999812365 -0.016063735 -0.111450449 -0.185024768 0.013784194 0.982637107 5.078635693
0.974755049 0.010083347 0.223049670 -0.141207099 -0.006454354 0.999834776 -0.016992928 -0.111892149 -0.223184109 0.015124302 0.974658847 5.093934536
0.964577556 0.008164301 0.263673067 -0.136432528 -0.003702211 0.999841511 -0.017415270 -0.112644851 -0.263773471 0.015822206 0.964454830 5.108108521
0.952112198 0.009121306 0.305613011 -0.130753875 -0.003600687 0.999820113 -0.018622924 -0.113302045 -0.305727839 0.016630692 0.951973617 5.122643471
0.936514258 0.011075010 0.350454718 -0.122334838 -0.004768404 0.999810934 -0.018853329 -0.114309207 -0.350597203 0.015985297 0.936389923 5.143306255
0.918598592 0.011555985 0.395023048 -0.115342140 -0.005017654 0.999832869 -0.017580859 -0.114817649 -0.395160079 0.014167662 0.918502986 5.156506538
0.897989690 0.010375730 0.439894259 -0.107763052 -0.003521676 0.999859452 -0.016394489 -0.115414053 -0.440002471 0.013172916 0.897899866 5.169594288
0.874899626 0.009239633 0.484216213 -0.096172094 -0.001311720 0.999859452 -0.016708890 -0.116314143 -0.484302521 0.013983443 0.874788940 5.186842442
0.849726498 0.010026804 0.527128518 -0.086948633 -0.000119360 0.999822736 -0.018825779 -0.117024481 -0.527223825 0.015933845 0.849577010 5.198605061
0.822127640 0.012332856 0.569169641 -0.077558994 0.000469872 0.999750197 -0.022341447 -0.117588714 -0.569303036 0.018634956 0.821916521 5.209545135
0.790597260 0.016739925 0.612107754 -0.067601681 -0.001002376 0.999660194 -0.026044050 -0.118594155 -0.612335742 0.019976789 0.790345311 5.221433640
0.757011950 0.022798983 0.653003216 -0.052193165 -0.003781120 0.999527156 -0.030514162 -0.119200461 -0.653390050 0.020630499 0.756740272 5.237176418
0.719461322 0.027534533 0.693986535 -0.040589094 -0.005872066 0.999419272 -0.033565227 -0.119586378 -0.694507480 0.020073751 0.719205260 5.247759819
0.680084050 0.028193101 0.732591867 -0.027928591 -0.004760034 0.999409020 -0.034042440 -0.120549366 -0.733118534 0.019664565 0.679816484 5.257302761
0.639420509 0.025326476 0.768440068 -0.010108709 -0.000005508 0.999457479 -0.032935832 -0.121233724 -0.768857241 0.021055609 0.639073730 5.269163132
0.595403612 0.023485921 0.803083539 0.003853083 0.001305812 0.999543071 -0.030199442 -0.121684045 -0.803425670 0.019029532 0.595100820 5.277432919
0.548740327 0.021846479 0.835707486 0.021688461 0.002203686 0.999617219 -0.027578274 -0.122465104 -0.835989952 0.016974950 0.548482239 5.287293911
0.500965834 0.019117594 0.865255952 0.037267208 0.004310162 0.999688447 -0.024583340 -0.122919545 -0.865456283 0.016044807 0.500727415 5.294334412
0.449615657 0.015764860 0.893083036 0.056372404 0.005746085 0.999772489 -0.020540981 -0.123932526 -0.893203616 0.014367276 0.449422747 5.302281857
0.397781879 0.015726002 0.917345285 0.072694063 0.003521218 0.999819517 -0.018666735 -0.124573238 -0.917473257 0.010655461 0.397654742 5.307835579
0.346664250 0.020829657 0.937758029 0.093829155 -0.000394420 0.999756515 -0.022060970 -0.125414222 -0.937989235 0.007277878 0.346588045 5.314273834
0.296161920 0.026832324 0.954760909 0.111701369 -0.000920559 0.999612868 -0.027807282 -0.125489891 -0.955137312 0.007356544 0.296072006 5.318427563
0.249498799 0.027867764 0.967974067 0.133854508 0.000776510 0.999579728 -0.028977839 -0.126725733 -0.968374908 0.007981574 0.249372289 5.322443962
0.207702428 0.027980436 0.977791667 0.152956128 0.007102337 0.999521434 -0.030110922 -0.127521232 -0.978166282 0.013198717 0.207404226 5.325175762
0.173170492 0.027585641 0.984505475 0.177860737 0.016035225 0.999396145 -0.030823406 -0.128246933 -0.984761298 0.021124467 0.172623530 5.327380657
0.142674476 0.029179849 0.989339530 0.198379517 0.020467645 0.999264538 -0.032424264 -0.128644571 -0.989557922 0.024875557 0.141972274 5.329232693
0.114560008 0.027182750 0.993044376 0.225222051 0.017942177 0.999405861 -0.029426737 -0.130106300 -0.993254304 0.021188503 0.114004225 5.331582069
0.088984385 0.023497431 0.995755911 0.247908562 0.011887289 0.999625385 -0.024651038 -0.130854741 -0.995962143 0.014030393 0.088671729 5.333567142
0.065072857 0.019682564 0.997686386 0.276779830 0.006624462 0.999774933 -0.020155838 -0.131693631 -0.997858465 0.007920734 0.064927809 5.335329533
0.042234629 0.017044660 0.998962343 0.301093221 0.011167176 0.999784052 -0.017530806 -0.132549003 -0.999045253 0.011895997 0.042035155 5.335846424
0.022384085 0.018027762 0.999586940 0.331769764 0.018803006 0.999652982 -0.018450016 -0.133657739 -0.999572575 0.019208221 0.022037340 5.335027695
0.004097430 0.020305736 0.999785483 0.357818305 0.023267791 0.999521077 -0.020395730 -0.134802699 -0.999720812 0.023346368 0.003623001 5.335004330
-0.009673545 0.025814546 0.999619961 0.390778482 0.023498854 0.999396443 -0.025581378 -0.135399044 -0.999677062 0.023242453 -0.010274318 5.333967209
-0.020510469 0.030311462 0.999330044 0.419663429 0.021062192 0.999331594 -0.029879224 -0.136306792 -0.999567747 0.020435242 -0.021135183 5.333951473
-0.026883848 0.029966297 0.999189317 0.453931510 0.023083920 0.999302626 -0.029348604 -0.137332886 -0.999372005 0.022276198 -0.027556835 5.332265854
-0.029023414 0.027163684 0.999209642 0.483663559 0.029092882 0.999230146 -0.026319204 -0.138303518 -0.999155223 0.028306009 -0.029791340 5.330569267
-0.028774614 0.025145398 0.999269545 0.521434188 0.030791072 0.999231458 -0.024257788 -0.139696553 -0.999111474 0.030070573 -0.029526753 5.329580784
-0.026792871 0.025034074 0.999327421 0.553249478 0.029835355 0.999261022 -0.024232497 -0.140480787 -0.999195576 0.029166028 -0.027519973 5.329009533
-0.025573704 0.024956826 0.999361277 0.592839539 0.026308518 0.999358892 -0.024283525 -0.142260969 -0.999326646 0.025670698 -0.026213882 5.328853607
-0.024540767 0.026176253 0.999356031 0.625659108 0.024902511 0.999362946 -0.025564911 -0.143216789 -0.999388635 0.024259094 -0.025176983 5.328416824
-0.023855153 0.027201757 0.999345183 0.659303546 0.024420319 0.999347329 -0.026618879 -0.144503459 -0.999417067 0.023769334 -0.024503855 5.327837467
-0.022657566 0.026795810 0.999384105 0.707398951 0.024317289 0.999359787 -0.026243847 -0.145840287 -0.999447525 0.023707690 -0.023294661 5.326814651
-0.021677813 0.025975296 0.999427557 0.743205845 0.023091845 0.999408782 -0.025473945 -0.146704704 -0.999498308 0.022526404 -0.022264812 5.325888157
-0.021383487 0.024156343 0.999479413 0.779717147 0.023866486 0.999435544 -0.023644665 -0.148612380 -0.999486506 0.023348458 -0.021947943 5.325189114
-0.021687482 0.021943664 0.999523997 0.828099132 0.024461692 0.999471605 -0.021411749 -0.150117263 -0.999465466 0.023985678 -0.022212798 5.324079037
-0.023233805 0.020358421 0.999522805 0.864643931 0.021712132 0.999567091 -0.019854633 -0.151286572 -0.999494314 0.021240465 -0.023665775 5.323725700
-0.023945961 0.018715046 0.999538124 0.902319133 0.021368297 0.999605954 -0.018204400 -0.152858943 -0.999484897 0.020922504 -0.024336437 5.322479248
-0.025703913 0.016766565 0.999529004 0.952900529 0.023687840 0.999588847 -0.016158413 -0.153916150 -0.999388874 0.023261348 -0.026090510 5.321939945
-0.026821706 0.015490199 0.999520242 0.991240263 0.024983404 0.999578059 -0.014820674 -0.155066162 -0.999327898 0.024573902 -0.027197387 5.320677757
-0.028175833 0.013948498 0.999505699 1.030169368 0.022405388 0.999660313 -0.013319054 -0.156874403 -0.999351799 0.022019038 -0.028478779 5.319258213
-0.029405678 0.018881379 0.999389291 1.081690669 0.019170560 0.999648273 -0.018322209 -0.158262283 -0.999383748 0.018620070 -0.029757304 5.319068909
-0.030184790 0.023617718 0.999265313 1.120800972 0.020530315 0.999524474 -0.023003684 -0.159318537 -0.999333501 0.019820867 -0.030655321 5.317661285
-0.031326912 0.025473900 0.999184549 1.160150766 0.020663649 0.999477923 -0.024833526 -0.160449073 -0.999295533 0.019868840 -0.031836946 5.316877365
-0.033133835 0.023156989 0.999182642 1.213953018 0.017116686 0.999598086 -0.022599012 -0.162596896 -0.999304354 0.016353901 -0.033516888 5.315938473
-0.034184244 0.019171115 0.999231696 1.254364610 0.014288966 0.999723196 -0.018691713 -0.163752884 -0.999313354 0.013639021 -0.034448721 5.314809799
-0.034613505 0.014036222 0.999302268 1.294359446 0.012183334 0.999833047 -0.013621675 -0.165023848 -0.999326468 0.011703339 -0.034778737 5.313744068
-0.035002742 0.007900085 0.999355912 1.347385287 0.008831523 0.999932230 -0.007595312 -0.167103648 -0.999348223 0.008559980 -0.035070136 5.312894821
-0.035297181 0.006206386 0.999357581 1.388376832 0.006189058 0.999962986 -0.005991547 -0.168520480 -0.999357700 0.005973598 -0.035334282 5.312224865
-0.034629591 0.013029458 0.999315202 1.427637458 0.009037239 0.999878287 -0.012723628 -0.170012578 -0.999359369 0.008590437 -0.034743123 5.310956001
-0.032871529 0.024761617 0.999152839 1.478763819 0.011607065 0.999635100 -0.024391703 -0.171271563 -0.999392152 0.010795439 -0.033146948 5.308971405
-0.032377619 0.029894866 0.999028563 1.518178463 0.013253107 0.999477565 -0.029478785 -0.172590002 -0.999387860 0.012285778 -0.032756906 5.307737350
-0.031416386 0.024630621 0.999202907 1.558516383 0.014759235 0.999598801 -0.024176329 -0.173935845 -0.999397397 0.013987936 -0.031767316 5.306884766
-0.029984668 0.016410273 0.999415696 1.598702192 0.017648607 0.999718010 -0.015885746 -0.175771460 -0.999394476 0.017161962 -0.030265832 5.305242538
-0.029560128 0.013929140 0.999466002 1.654137492 0.018947165 0.999731064 -0.013372456 -0.177421942 -0.999383390 0.018541757 -0.029816095 5.303892612
-0.029859653 0.014419844 0.999450207 1.693021655 0.017915808 0.999743044 -0.013888818 -0.178696334 -0.999393523 0.017491244 -0.030110324 5.303109646
-0.031002849 0.015264546 0.999402821 1.732134342 0.014008753 0.999791861 -0.014835919 -0.180087596 -0.999421120 0.013540432 -0.031210231 5.302473068
-0.033265468 0.015749967 0.999322414 1.781943321 0.011727261 0.999813020 -0.015367324 -0.181524992 -0.999377668 0.011208112 -0.033443954 5.301579952
-0.034713656 0.015545912 0.999276459 1.820644379 0.012767063 0.999804318 -0.015110615 -0.183068067 -0.999315739 0.012233279 -0.034905341 5.299787521
-0.037358854 0.015301343 0.999184728 1.859208703 0.010631582 0.999832273 -0.014913753 -0.185061574 -0.999245346 0.010065753 -0.037515253 5.298819542
-0.040002812 0.016558783 0.999062479 1.908982515 0.008818031 0.999829590 -0.016218424 -0.185674340 -0.999160767 0.008160979 -0.040142007 5.298188686
-0.041867666 0.015663249 0.999000371 1.946618795 0.006625149 0.999859452 -0.015399059 -0.186960697 -0.999101222 0.005973803 -0.041965544 5.296856880
-0.043500639 0.014021049 0.998955011 1.984982252 0.006433197 0.999884725 -0.013753958 -0.188620836 -0.999032676 0.005828169 -0.043585818 5.294812202
-0.046493575 0.014520478 0.998813093 2.031927347 0.006368510 0.999878347 -0.014239519 -0.189797148 -0.998898268 0.005698904 -0.046580400 5.293922901
-0.048766598 0.016039755 0.998681426 2.070310116 0.006661931 0.999853969 -0.015733281 -0.190588251 -0.998787940 0.005885889 -0.048866335 5.292741776
-0.049281135 0.016020747 0.998656511 2.106735706 0.006808137 0.999853551 -0.015703987 -0.192126885 -0.998761654 0.006025080 -0.049382985 5.290523052
-0.049771331 0.014829235 0.998650610 2.143818140 0.009442577 0.999852061 -0.014376473 -0.193311498 -0.998715997 0.008714300 -0.049903989 5.288402557
-0.051770069 0.014382252 0.998555481 2.192005396 0.009149079 0.999861121 -0.013926725 -0.194588542 -0.998617113 0.008414876 -0.051894464 5.286338806
-0.053982530 0.013804285 0.998446465 2.229430199 0.008093223 0.999877691 -0.013386498 -0.196062267 -0.998509049 0.007358012 -0.054087639 5.285328865
-0.054742426 0.013313807 0.998411775 2.269944906 0.006309926 0.999895751 -0.012987626 -0.196999386 -0.998480499 0.005588930 -0.054820720 5.282992363
-0.055706561 0.011558725 0.998380303 2.305094004 0.004760310 0.999924660 -0.011310994 -0.198372647 -0.998435736 0.004122502 -0.055757381 5.281442642
-0.056204252 0.011337482 0.998354912 2.338885307 0.005421320 0.999924302 -0.011050100 -0.199712276 -0.998404503 0.004791340 -0.056261461 5.279391289
-0.056261875 0.014203013 0.998315036 2.380533934 0.005484618 0.999888122 -0.013916298 -0.200926736 -0.998400986 0.004692419 -0.056333482 5.277496338
-0.056565877 0.017213730 0.998250425 2.414234400 0.006055892 0.999838889 -0.016897961 -0.202125728 -0.998380542 0.005089447 -0.056660999 5.275974751
-0.057218216 0.019041460 0.998180151 2.452893496 0.003690609 0.999815285 -0.018861098 -0.203281432 -0.998354852 0.002604694 -0.057277925 5.274559021
-0.057932604 0.019794879 0.998124301 2.486017942 0.003853352 0.999800384 -0.019604467 -0.204460621 -0.998312950 0.002710386 -0.057997324 5.273124218
-0.057066493 0.019641258 0.998177171 2.524051428 0.005419687 0.999797761 -0.019363301 -0.205931187 -0.998355687 0.004304812 -0.057161406 5.270660877
-0.057482392 0.018980369 0.998166144 2.557144880 0.005881015 0.999808371 -0.018672921 -0.207218468 -0.998329163 0.004796866 -0.057583001 5.268901825
-0.057767738 0.019348970 0.998142540 2.594514370 0.002151643 0.999812305 -0.019256808 -0.208449885 -0.998327732 0.001035225 -0.057798512 5.267235756
-0.057538155 0.019615592 0.998150587 2.626976967 -0.000240984 0.999806643 -0.019662030 -0.209841952 -0.998343289 -0.001371855 -0.057522286 5.265557289
-0.057327088 0.018108485 0.998191178 2.663955450 0.001972903 0.999835610 -0.018025009 -0.211264387 -0.998353481 0.000936013 -0.057353396 5.263778210
-0.058595866 0.017626783 0.998126209 2.696639538 0.001949675 0.999844253 -0.017542666 -0.212236866 -0.998279929 0.000918094 -0.058621109 5.262070656
-0.061739318 0.017431997 0.997940063 2.732649803 -0.001071601 0.999845743 -0.017531581 -0.213387057 -0.998091698 -0.002151781 -0.061711114 5.259969711
-0.067312002 0.016745564 0.997591496 2.764750481 -0.004573718 0.999843478 -0.017091973 -0.214889079 -0.997721493 -0.005713197 -0.067224883 5.258189201
-0.072824165 0.020304548 0.997138083 2.800724506 -0.001129070 0.999790430 -0.020441022 -0.216326371 -0.997344077 -0.002614439 -0.072785981 5.255486012
-0.078887597 0.024079410 0.996592700 2.831958771 0.001835284 0.999710083 -0.024009455 -0.216861710 -0.996881843 -0.000065018 -0.078908905 5.252738953
-0.086574398 0.024873445 0.995934784 2.868701220 0.000615307 0.999689460 -0.024913726 -0.218686208 -0.996245146 -0.001544085 -0.086562805 5.249726772
-0.093212448 0.024347873 0.995348513 2.901139736 -0.003228400 0.999688327 -0.024756365 -0.219659284 -0.995640993 -0.005520983 -0.093104780 5.247128963
-0.098285049 0.023075515 0.994890749 2.938118458 -0.003168491 0.999718845 -0.023500511 -0.221208528 -0.995153248 -0.005462050 -0.098184288 5.243491173
-0.103035197 0.024500025 0.994376004 2.970777035 -0.005086903 0.999670625 -0.025157571 -0.221792966 -0.994664729 -0.007650407 -0.102876619 5.240622997
-0.106890135 0.022921694 0.994006515 3.008533478 -0.007761295 0.999684513 -0.023887234 -0.223680392 -0.994240522 -0.010268087 -0.106678493 5.236672878
-0.109724246 0.020086614 0.993759096 3.042602539 -0.006989177 0.999755561 -0.020979514 -0.224700153 -0.993937373 -0.009247519 -0.109557040 5.233254910
-0.111045025 0.016784711 0.993673623 3.080540419 -0.004911874 0.999835908 -0.017437719 -0.226237088 -0.993803144 -0.006817171 -0.110944353 5.228760719
-0.112985887 0.013891440 0.993499458 3.115323782 -0.005468978 0.999878466 -0.014602596 -0.227410063 -0.993581533 -0.007083312 -0.112896137 5.225214958
-0.114360549 0.014032815 0.993340194 3.154392242 -0.006016090 0.999872088 -0.014817707 -0.228361100 -0.993421018 -0.007670584 -0.114261508 5.221246719
-0.114109091 0.017681325 0.993310928 3.188636780 -0.003938669 0.999825716 -0.018249756 -0.229505673 -0.993460357 -0.005994786 -0.114019558 5.216958523
-0.114492975 0.021553738 0.993190229 3.228462934 0.001993838 0.999767601 -0.021466631 -0.230858684 -0.993422091 -0.000477518 -0.114509322 5.212292194
-0.114866897 0.026499672 0.993027389 3.263998032 0.008939009 0.999631286 -0.025641894 -0.232169747 -0.993340790 0.005931277 -0.115061402 5.207776070
-0.115374081 0.027207699 0.992949426 3.299201727 0.009477436 0.999609530 -0.026288979 -0.233579934 -0.993276954 0.006377548 -0.115586899 5.203494072
-0.116041824 0.025598263 0.992914379 3.342256784 0.007880199 0.999660194 -0.024851212 -0.235000074 -0.993212998 0.004940583 -0.116204098 5.198780060
-0.116106555 0.021200454 0.993010402 3.378508091 0.008799003 0.999754906 -0.020315627 -0.236131474 -0.993197739 0.006378724 -0.116264634 5.194946289
-0.115979530 0.018936427 0.993071020 3.414687634 0.010210222 0.999788105 -0.017872073 -0.237684399 -0.993199110 0.008066679 -0.116148308 5.190349579
-0.117228262 0.018232267 0.992937565 3.457405806 0.010355190 0.999799490 -0.017135710 -0.239297256 -0.993050992 0.008273267 -0.117393576 5.185995102
-0.119077466 0.018757407 0.992707670 3.492729187 0.008401686 0.999804795 -0.017883703 -0.240471676 -0.992849469 0.006210872 -0.119211800 5.182600021
-0.121305399 0.019990377 0.992413819 3.533047199 0.008237308 0.999782979 -0.019131947 -0.241806358 -0.992581010 0.005854010 -0.121443741 5.177650452
-0.123663016 0.019770522 0.992127240 3.568117619 0.009384781 0.999779999 -0.018753266 -0.243311942 -0.992279828 0.006991811 -0.123821348 5.173536777
-0.125369489 0.020140270 0.991905689 3.608315229 0.009358178 0.999773443 -0.019117216 -0.244409829 -0.992065966 0.006885713 -0.125529543 5.168404102
-0.126357764 0.020177165 0.991779566 3.642743111 0.010237860 0.999766350 -0.019035297 -0.245604903 -0.991931915 0.007748442 -0.126534820 5.163227081
-0.129021540 0.019965267 0.991440773 3.684249640 0.006851171 0.999791384 -0.019241849 -0.247445166 -0.991618156 0.004309917 -0.129131407 5.158905029
-0.129777595 0.021624822 0.991307318 3.719635725 0.007974036 0.999752581 -0.020765128 -0.249012679 -0.991511047 0.005209871 -0.129917935 5.154110432
-0.131140992 0.021757040 0.991124928 3.759864330 0.005209072 0.999760389 -0.021257361 -0.249977916 -0.991350055 0.002375129 -0.131222904 5.149514198
-0.132002234 0.022399100 0.990996301 3.796298027 0.005698412 0.999745309 -0.021837808 -0.250977755 -0.991233051 0.002764465 -0.132096231 5.144738674
-0.133119538 0.020926939 0.990879059 3.834008217 0.005582248 0.999777019 -0.020364914 -0.252178311 -0.991084278 0.002820363 -0.133206695 5.139567852
-0.134505823 0.018348422 0.990742922 3.875664234 0.003288994 0.999831259 -0.018070215 -0.253683269 -0.990907311 0.000827998 -0.134543464 5.134953499
-0.136765733 0.016468659 0.990466595 3.913693428 0.000647765 0.999863088 -0.016535450 -0.254933536 -0.990603149 -0.001619894 -0.136757687 5.130856037
-0.138419285 0.016354861 0.990238726 3.951045513 0.003515288 0.999865472 -0.016022477 -0.255751729 -0.990367413 0.001263154 -0.138458163 5.125488281
-0.140059352 0.016176160 0.990010977 3.993418217 0.003067302 0.999868870 -0.015903294 -0.257699549 -0.990138292 0.000809258 -0.140090585 5.118763447
-0.142217323 0.017584516 0.989679337 4.030620098 0.002440388 0.999845386 -0.017414464 -0.258800089 -0.989832342 -0.000061437 -0.142238259 5.113484859
-0.144374862 0.020696925 0.989306569 4.069963932 0.003427648 0.999785781 -0.020415938 -0.260455877 -0.989517093 0.000443448 -0.144414872 5.108636379
-0.144480512 0.024023132 0.989216030 4.107566357 0.005524322 0.999709308 -0.023471108 -0.262079656 -0.989492178 0.002073631 -0.144571230 5.102887630
-0.145394474 0.028897004 0.988951743 4.153648853 0.006742149 0.999579132 -0.028216314 -0.263258815 -0.989350796 0.002565164 -0.145528093 5.095870495
-0.144740507 0.029922970 0.989017129 4.192719936 0.008568224 0.999543071 -0.028987497 -0.264615178 -0.989432573 0.004278454 -0.144930765 5.089708328
-0.144453317 0.029275488 0.989078462 4.235705853 0.012500502 0.999536574 -0.027759353 -0.266684413 -0.989432633 0.008354045 -0.144752309 5.083669186
-0.144848704 0.027691718 0.989066184 4.275624275 0.012858882 0.999576569 -0.026102798 -0.268055767 -0.989370227 0.008937328 -0.145143420 5.078098297
-0.143661126 0.025810368 0.989290357 4.316006184 0.011903076 0.999632537 -0.024351679 -0.269780010 -0.989555299 0.008277207 -0.143915549 5.072062016
-0.141845107 0.023018174 0.989621222 4.361478806 0.011198259 0.999702990 -0.021647595 -0.271798074 -0.989825428 0.008011429 -0.142060727 5.066206932
-0.140167907 0.019946162 0.989926875 4.402202606 0.011072616 0.999766231 -0.018576596 -0.273090929 -0.990065813 0.008357235 -0.140355974 5.060296535
-0.138470724 0.016478820 0.990229368 4.446082115 0.012111711 0.999814987 -0.014944671 -0.274614841 -0.990292430 0.009923971 -0.138644680 5.054664612
-0.136958882 0.016862957 0.990433097 4.487390995 0.011032669 0.999819100 -0.015497142 -0.275785089 -0.990515292 0.008804650 -0.137120143 5.049448967
-0.135558933 0.020432023 0.990558624 4.528167725 0.011840628 0.999749362 -0.019001199 -0.277810752 -0.990698516 0.009153053 -0.135766909 5.044015408
-0.133772001 0.027042430 0.990643084 4.572919369 0.012631009 0.999592900 -0.025581107 -0.279153705 -0.990931511 0.009090786 -0.134059101 5.038229465
-0.132765025 0.030320797 0.990683675 4.615463734 0.009252897 0.999526322 -0.029351423 -0.280614108 -0.991104245 0.005269852 -0.132982701 5.033354759
-0.131200314 0.027831512 0.990965188 4.656249523 0.008556968 0.999600351 -0.026941122 -0.282219589 -0.991318882 0.004944972 -0.131386027 5.028520107
-0.129564464 0.025574833 0.991241097 4.701279640 0.009024882 0.999656320 -0.024612311 -0.283880353 -0.991529882 0.005756953 -0.129750744 5.022046566
-0.128870353 0.023180051 0.991390407 4.740943432 0.009080673 0.999712408 -0.022194235 -0.286540329 -0.991619825 0.006142315 -0.129043773 5.016585827
-0.127766177 0.023333520 0.991529822 4.782879353 0.009714343 0.999704719 -0.022274129 -0.287818342 -0.991756618 0.006786181 -0.127955139 5.010804176
-0.127952889 0.023390980 0.991504431 4.830402851 0.008686122 0.999709845 -0.022463625 -0.289218694 -0.991742074 0.005738043 -0.128118962 5.006370544
-0.127217159 0.021894976 0.991633296 4.873196125 0.011843259 0.999718606 -0.020554120 -0.290812194 -0.991804123 0.009129331 -0.127440676 5.000652790
