0.999990225 -0.002441817 -0.003699090 0.000331929 0.002434005 0.999994755 -0.002114922 -0.001131259 0.003704231 0.002105897 0.999990940 0.046750750
0.999979615 -0.002844639 -0.005719200 0.000160431 0.002823920 0.999989390 -0.003627631 -0.001579846 0.005729456 0.003611407 0.999977052 0.069569476
0.999955356 -0.005027744 -0.008001748 0.000079747 0.004985815 0.999973714 -0.005251232 -0.002093273 0.008027937 0.005211103 0.999954164 0.092408858
0.999927223 -0.007312505 -0.009591299 -0.000164582 0.007243501 0.999947727 -0.007209572 -0.002505847 0.009643521 0.007139575 0.999927998 0.115541026
0.999902189 -0.008604895 -0.011027079 -0.000729543 0.008517569 0.999932230 -0.007941780 -0.003075738 0.011094662 0.007847079 0.999907613 0.138999417
0.999884844 -0.008629533 -0.012486535 -0.000896215 0.008533987 0.999934137 -0.007684935 -0.003399440 0.012552022 0.007577490 0.999892473 0.162577510
0.999861896 -0.009333584 -0.013748052 -0.001535556 0.009229504 0.999928355 -0.007614675 -0.004217631 0.013818137 0.007486735 0.999876380 0.186342925
0.999849200 -0.008741476 -0.015005065 -0.001929399 0.008587586 0.999910176 -0.010289819 -0.004925766 0.015093662 0.010159411 0.999834359 0.210848480
0.999845564 -0.006895531 -0.016158905 -0.003044114 0.006667919 0.999878407 -0.014097534 -0.005675184 0.016254144 0.013987615 0.999769986 0.235089436
0.999829412 -0.005495372 -0.017626649 -0.003623862 0.005184177 0.999830782 -0.017652055 -0.006333522 0.017720664 0.017557668 0.999688804 0.260295063
0.999818325 -0.003938942 -0.018653484 -0.005003328 0.003606196 0.999834299 -0.017838482 -0.006814475 0.018720658 0.017767971 0.999666810 0.285432935
0.999805033 -0.001737005 -0.019668361 -0.005924311 0.001526464 0.999941349 -0.010714497 -0.007441304 0.019685816 0.010682384 0.999749064 0.312241584
0.999788642 -0.000816296 -0.020542186 -0.006855659 0.000801635 0.999999344 -0.000721950 -0.007628892 0.020542759 0.000705330 0.999788702 0.338743746
0.999776542 0.000486248 -0.021137299 -0.007835817 -0.000359561 0.999981880 0.005996932 -0.008325404 0.021139827 -0.005987991 0.999758542 0.366502076
0.999750376 0.002329490 -0.022218337 -0.009577272 -0.002217770 0.999984741 0.005051595 -0.008978792 0.022229766 -0.005001059 0.999740303 0.394120783
0.999737859 0.004093808 -0.022525907 -0.010973382 -0.004139126 0.999989510 -0.001965567 -0.009367101 0.022517622 0.002058289 0.999744296 0.422453403
0.999732435 0.004045480 -0.022772357 -0.013105171 -0.004221784 0.999961555 -0.007699301 -0.009683347 0.022740334 0.007793383 0.999710977 0.451276004
0.999700010 0.001629806 -0.024436671 -0.013656386 -0.001785893 0.999978185 -0.006366987 -0.009665126 0.024425758 0.006408717 0.999681115 0.481497079
0.999691844 0.000734527 -0.024811862 -0.014588175 -0.000667282 0.999996066 0.002718366 -0.009913387 0.024813764 -0.002700971 0.999688447 0.512632549
0.999699950 0.000743037 -0.024485076 -0.017257841 -0.000478010 0.999941230 0.010828066 -0.010836676 0.024491673 -0.010813111 0.999641478 0.543559253
0.999697983 0.000052295 -0.024574235 -0.018609090 0.000280241 0.999908388 0.013528254 -0.011037517 0.024572691 -0.013531053 0.999606431 0.575861394
0.999718130 -0.002642832 -0.023595678 -0.020673545 0.002951667 0.999910235 0.013063403 -0.011355491 0.023559028 -0.013129365 0.999636114 0.609431148
0.999704003 -0.003218784 -0.024119701 -0.021403445 0.003477192 0.999936879 0.010679252 -0.011897461 0.024083804 -0.010759959 0.999652028 0.642289281
0.999718904 -0.000637831 -0.023701161 -0.022422887 0.000807156 0.999974191 0.007135231 -0.011874317 0.023695992 -0.007152355 0.999693632 0.676634490
0.999734044 -0.003572392 -0.022783875 -0.023499398 0.003605521 0.999992371 0.001413128 -0.011983596 0.022778651 -0.001494899 0.999739408 0.712677419
0.999760687 -0.006486250 -0.020891026 -0.026414359 0.006402440 0.999971151 -0.004076136 -0.013257978 0.020916868 0.003941407 0.999773443 0.748741686
0.999794781 -0.005912315 -0.019376310 -0.028061217 0.005738270 0.999942720 -0.009025672 -0.013921299 0.019428570 0.008912634 0.999771476 0.785555720
0.999799788 -0.004472759 -0.019501213 -0.028398570 0.004248127 0.999924302 -0.011545061 -0.013541886 0.019551385 0.011459906 0.999743223 0.822484970
0.999815345 -0.004684217 -0.018636821 -0.031648442 0.004499273 0.999940336 -0.009953096 -0.014808290 0.018682333 0.009867407 0.999776721 0.861025035
0.999808371 -0.003353941 -0.019287238 -0.032352503 0.003130016 0.999927461 -0.011628462 -0.015487718 0.019324837 0.011565865 0.999746323 0.899630964
0.999818325 0.000437057 -0.019051513 -0.032157943 -0.000693592 0.999909103 -0.013460733 -0.016743895 0.019043906 0.013471502 0.999727905 0.938086927
0.999813378 0.003395637 -0.019015962 -0.033236001 -0.003664855 0.999893248 -0.014140613 -0.017834550 0.018965909 0.014207667 0.999719143 0.981786907
0.999817193 0.002759335 -0.018922139 -0.036490340 -0.002984733 0.999924779 -0.011893988 -0.020746525 0.018887889 0.011948289 0.999750197 1.013088584
0.999794900 0.005567530 -0.019471746 -0.035709135 -0.005850467 0.999877572 -0.014503992 -0.019830320 0.019388605 0.014614936 0.999705195 1.062245250
0.999781191 0.005982739 -0.020046609 -0.036456227 -0.006254514 0.999888957 -0.013521964 -0.021347629 0.019963490 0.013644385 0.999707520 1.095539689
0.999758720 0.007955304 -0.020473013 -0.037352122 -0.008217908 0.999884605 -0.012774866 -0.022067931 0.020369023 0.012940030 0.999708712 1.136499643
0.999742150 0.008642203 -0.021003248 -0.038436659 -0.008887199 0.999893188 -0.011599386 -0.022403676 0.020900762 0.011783054 0.999711990 1.178216934
0.999752581 0.008550268 -0.020534355 -0.040202953 -0.008742281 0.999918699 -0.009279429 -0.024450272 0.020453349 0.009456651 0.999745965 1.214662313
0.999753714 0.008272591 -0.020593906 -0.041405506 -0.008499403 0.999903858 -0.010950518 -0.025183801 0.020501336 0.011122855 0.999727905 1.256666899
0.999725699 0.009836613 -0.021254210 -0.042274512 -0.010083932 0.999882281 -0.011560647 -0.026370356 0.021137990 0.011771799 0.999707282 1.298251390
0.999737978 0.009730579 -0.020718256 -0.044942819 -0.009950057 0.999895155 -0.010516733 -0.027346058 0.020613754 0.010720124 0.999730051 1.341299772
0.999739468 0.008911987 -0.021010537 -0.046327613 -0.009083255 0.999926150 -0.008070175 -0.028180398 0.020937065 0.008258916 0.999746680 1.383504987
0.999720991 0.008893583 -0.021884274 -0.047330558 -0.008999796 0.999948204 -0.004759594 -0.028926589 0.021840811 0.004955219 0.999749243 1.427595377
0.999703825 0.009042301 -0.022592977 -0.048613042 -0.009085966 0.999957025 -0.001830812 -0.030494537 0.022575449 0.002035551 0.999743104 1.480294943
0.999688983 0.009499257 -0.023058450 -0.050085615 -0.009536158 0.999953330 -0.001490892 -0.031244365 0.023043208 0.001710318 0.999733090 1.524073124
0.999683261 0.008640080 -0.023638997 -0.051345464 -0.008710486 0.999957860 -0.002877005 -0.031971339 0.023613140 0.003082002 0.999716401 1.572915912
0.999672472 0.009504073 -0.023764046 -0.053142924 -0.009590354 0.999947727 -0.003519394 -0.032551251 0.023729354 0.003746148 0.999711335 1.616318107
0.999637604 0.008934163 -0.025393892 -0.054294866 -0.009008921 0.999955356 -0.002831027 -0.033181820 0.025367465 0.003058773 0.999673486 1.660688639
0.999622285 0.009053769 -0.025947753 -0.055644277 -0.009062582 0.999958992 -0.000222034 -0.034763828 0.025944684 0.000457104 0.999663234 1.718559742
0.999606431 0.009287475 -0.026470207 -0.057190441 -0.009225563 0.999954402 0.002460082 -0.035636440 0.026491849 -0.002214911 0.999646485 1.762397766
0.999556541 0.010935451 -0.027697202 -0.058408152 -0.010886606 0.999938846 0.001913705 -0.036208779 0.027716443 -0.001611327 0.999614477 1.806626201
0.999565661 0.011186365 -0.027266301 -0.060395349 -0.011225175 0.999936104 -0.001270686 -0.037825432 0.027250350 0.001576204 0.999627352 1.866170526
0.999533415 0.012328190 -0.027944664 -0.061682627 -0.012465839 0.999910951 -0.004756953 -0.038987402 0.027883532 0.005103088 0.999598145 1.910413980
0.999561965 0.012861561 -0.026657626 -0.064334139 -0.013020783 0.999898255 -0.005807880 -0.039649010 0.026580226 0.006152438 0.999627709 1.954282999
0.999517381 0.013269385 -0.028089870 -0.064609945 -0.013351955 0.999907017 -0.002753991 -0.040946916 0.028050717 0.003127717 0.999601662 2.016471386
0.999502897 0.014786151 -0.027845569 -0.066302560 -0.014832472 0.999888897 -0.001457681 -0.041456368 0.027820926 0.001869975 0.999611139 2.061369419
0.999537349 0.014000956 -0.027002189 -0.068696953 -0.014012487 0.999901712 -0.000237821 -0.042491127 0.026996212 0.000616079 0.999635339 2.105472565
0.999542832 0.013481512 -0.027063238 -0.070727326 -0.013500074 0.999908686 -0.000503313 -0.043979675 0.027053978 0.000868438 0.999633551 2.170778990
0.999549687 0.012708625 -0.027185693 -0.072296180 -0.012779833 0.999915302 -0.002447193 -0.044743072 0.027152292 0.002793519 0.999627411 2.215885162
0.999555588 0.012936124 -0.026856445 -0.073722571 -0.013070202 0.999902964 -0.004822907 -0.045448571 0.026791450 0.005171784 0.999627650 2.259500265
0.999571860 0.011715409 -0.026812218 -0.075382128 -0.011906506 0.999904692 -0.006978709 -0.047012866 0.026727904 0.007294963 0.999616086 2.324801683
0.999591887 0.009947615 -0.026778111 -0.076650344 -0.010231053 0.999892771 -0.010468610 -0.047953155 0.026671102 0.010738307 0.999586582 2.369372368
0.999623716 0.007694616 -0.026329383 -0.078109972 -0.008001202 0.999901116 -0.011558756 -0.049415365 0.026237840 0.011765076 0.999586463 2.412015200
0.999625981 0.006483068 -0.026569864 -0.080123365 -0.006744674 0.999929428 -0.009768218 -0.051216099 0.026504664 0.009943769 0.999599218 2.481990099
0.999625325 0.005337356 -0.026847698 -0.081208833 -0.005445618 0.999977231 -0.003960988 -0.052317988 0.026825951 0.004105706 0.999631703 2.524777651
0.999658763 0.004193880 -0.025784252 -0.082073152 -0.004130962 0.999988258 0.002492933 -0.052800115 0.025794405 -0.002385568 0.999664307 2.543329477
0.999653935 0.002654238 -0.026171409 -0.084254645 -0.002592106 0.999993622 0.002407652 -0.054173492 0.026177637 -0.002338979 0.999654651 2.640747547
0.999660373 -0.000061696 -0.026062928 -0.085268795 0.000049049 0.999999821 -0.000485901 -0.054566871 0.026062962 0.000484458 0.999660194 2.684095383
0.999663115 -0.001856879 -0.025885634 -0.086555317 0.001768193 0.999992490 -0.003448543 -0.055634867 0.025891846 0.003401610 0.999658883 2.725730896
0.999655962 0.000037546 -0.026229087 -0.089009970 -0.000242527 0.999969423 -0.007811884 -0.056917787 0.026227985 0.007815557 0.999625385 2.798939466
0.999672055 0.000806069 -0.025596412 -0.090690315 -0.001095883 0.999935389 -0.011310438 -0.058480062 0.025585638 0.011334778 0.999608338 2.841982126
0.999676704 0.003171465 -0.025228826 -0.092032671 -0.003509676 0.999904394 -0.013372801 -0.058702961 0.025184000 0.013457024 0.999592245 2.885193586
0.999692559 0.007382514 -0.023674713 -0.094320908 -0.007606858 0.999926805 -0.009400136 -0.059978940 0.023603583 0.009577334 0.999675572 2.929102898
0.999648452 0.008981322 -0.024952909 -0.096127413 -0.009171548 0.999929547 -0.007519448 -0.061921619 0.024883611 0.007745658 0.999660313 3.013647318
0.999636829 0.008956046 -0.025419647 -0.097045802 -0.009132054 0.999934971 -0.006816500 -0.062964067 0.025356939 0.007046156 0.999653578 3.057624102
0.999654174 0.006849549 -0.025390394 -0.098600708 -0.007006384 0.999956787 -0.006093129 -0.064138532 0.025347563 0.006268917 0.999659002 3.121104717
0.999654233 0.006020252 -0.025592692 -0.100047514 -0.006142042 0.999970138 -0.004682864 -0.065339923 0.025563734 0.004838437 0.999661446 3.164656162
0.999633789 0.004287808 -0.026717817 -0.100673378 -0.004348565 0.999988019 -0.002216303 -0.066276491 0.026707996 0.002331675 0.999640644 3.207597733
0.999628127 0.003692594 -0.027015066 -0.102970593 -0.003718074 0.999992788 -0.000892973 -0.067601688 0.027011573 0.000993085 0.999634743 3.282636166
0.999607027 0.002402780 -0.027924716 -0.103995331 -0.002468311 0.999994278 -0.002312483 -0.068436354 0.027919006 0.002380502 0.999607384 3.325624704
0.999581456 0.002926120 -0.028782230 -0.105604902 -0.003107806 0.999975502 -0.006269724 -0.069795161 0.028763190 0.006356548 0.999566019 3.389546633
0.999560952 0.003050414 -0.029472584 -0.106928930 -0.003307945 0.999956727 -0.008693150 -0.070713140 0.029444803 0.008786827 0.999527752 3.432440042
0.999537766 0.005565031 -0.029889647 -0.109067172 -0.005769803 0.999960482 -0.006769052 -0.071981624 0.029850807 0.006938382 0.999530256 3.474894285
0.999511719 0.006526995 -0.030556310 -0.111783952 -0.006617595 0.999973953 -0.002864820 -0.073265798 0.030536812 0.003065631 0.999528944 3.549743891
0.999482989 0.007943486 -0.031153090 -0.113317169 -0.007897059 0.999967456 0.001613052 -0.074604101 0.031164886 -0.001366199 0.999513268 3.591805935
0.999459386 0.008540136 -0.031749796 -0.115867488 -0.008487962 0.999962330 0.001777668 -0.075387642 0.031763785 -0.001507215 0.999494255 3.655837059
0.999437511 0.009290166 -0.032223057 -0.117539853 -0.009302011 0.999956727 -0.000217705 -0.076145969 0.032219637 0.000517323 0.999480665 3.698478460
0.999414265 0.008017637 -0.033269115 -0.119755790 -0.008055028 0.999967039 -0.000990039 -0.077603571 0.033260077 0.001257444 0.999445915 3.760463476
0.999405622 0.007786036 -0.033584286 -0.121652417 -0.007813536 0.999969244 -0.000687590 -0.078755215 0.033577900 0.000949594 0.999435663 3.802322865
0.999368131 0.006765811 -0.034894116 -0.123560488 -0.006798373 0.999976456 -0.000814565 -0.080010355 0.034887783 0.001051273 0.999390662 3.863706112
0.999347270 0.005179082 -0.035752714 -0.124951974 -0.005159816 0.999986410 0.000631145 -0.080739282 0.035755496 -0.000446256 0.999360502 3.905073404
0.999316812 0.005157585 -0.036598943 -0.127254814 -0.005045078 0.999982178 0.003165736 -0.081882432 0.036614619 -0.002978928 0.999325037 3.964250565
0.999288559 0.004505870 -0.037442297 -0.129084170 -0.004353823 0.999981821 0.004141364 -0.082918838 0.037460275 -0.003975401 0.999290228 4.003767014
0.999206722 0.003630603 -0.039657474 -0.131464824 -0.003466054 0.999985099 0.004217220 -0.083809495 0.039672185 -0.004076419 0.999204457 4.060266495
0.999085903 0.002985077 -0.042644031 -0.133756250 -0.002851153 0.999990821 0.003200963 -0.084736362 0.042653181 -0.003076453 0.999085188 4.098053932
0.998905599 0.002691241 -0.046694774 -0.135924518 -0.002578004 0.999993563 0.002485113 -0.085818075 0.046701163 -0.002362014 0.998906076 4.152268410
0.998760223 0.003466800 -0.049657304 -0.138172090 -0.003379398 0.999992549 0.001843937 -0.086062230 0.049663324 -0.001673839 0.998764515 4.188298225
0.998583257 0.003731736 -0.053082220 -0.141009808 -0.003533394 0.999986351 0.003829838 -0.087663069 0.053095795 -0.003636851 0.998582780 4.239626408
0.998425305 0.004615992 -0.055909086 -0.143422946 -0.004356457 0.999979138 0.004763062 -0.088267855 0.055929907 -0.004511995 0.998424530 4.273220062
0.998223603 0.005493379 -0.059328783 -0.146192580 -0.005126663 0.999966800 0.006331519 -0.089248814 0.059361603 -0.006016111 0.998218417 4.321371078
0.998067975 0.007223337 -0.061711200 -0.148948565 -0.006787997 0.999950647 0.007261187 -0.089863494 0.061760601 -0.006828261 0.998067617 4.353113174
0.997886896 0.009604614 -0.064263947 -0.151156843 -0.009131581 0.999928951 0.007650477 -0.090443276 0.064332873 -0.007047477 0.997903585 4.383167744
0.997680783 0.011583434 -0.067072064 -0.154905245 -0.011203881 0.999918997 0.006032315 -0.091320239 0.067136481 -0.005266858 0.997729897 4.434009552
0.997436821 0.012626098 -0.070429586 -0.156674504 -0.012503378 0.999919415 0.002183079 -0.091907561 0.070451468 -0.001296875 0.997514367 4.462346554
0.997289956 0.015472342 -0.071925923 -0.160068855 -0.015622261 0.999876738 -0.001522179 -0.092502259 0.071893506 0.002641700 0.997408867 4.489120483
0.997087836 0.016970353 -0.074349739 -0.163425058 -0.017311133 0.999842405 -0.003941447 -0.093617298 0.074271135 0.005217048 0.997224391 4.533349514
0.996959567 0.019086123 -0.075548194 -0.165468052 -0.019476434 0.999800622 -0.004433012 -0.094581105 0.075448520 0.005890943 0.997132242 4.557951450
0.996940196 0.021086086 -0.075270481 -0.166966930 -0.021448154 0.999761999 -0.004005080 -0.095324844 0.075168110 0.005607238 0.997155130 4.581440926
0.997133851 0.024714822 -0.071506754 -0.169787377 -0.024970878 0.999684572 -0.002689074 -0.095785446 0.071417727 0.004466953 0.997436523 4.604136467
0.997394204 0.027443266 -0.066722378 -0.172278389 -0.027604016 0.999617755 -0.001488325 -0.096860483 0.066656031 0.003326252 0.997770488 4.646790504
0.997866392 0.028761264 -0.058613703 -0.174038962 -0.028793510 0.999585211 0.000294518 -0.097131945 0.058597874 0.001393805 0.998280704 4.667551041
0.998366237 0.028609060 -0.049461145 -0.174475566 -0.028524838 0.999590158 0.002407914 -0.097433552 0.049509764 -0.000993109 0.998773158 4.687417984
0.998865962 0.028120767 -0.038420577 -0.175071433 -0.027982948 0.999599874 0.004120251 -0.098677032 0.038521066 -0.003040458 0.999253035 4.720171452
0.999332726 0.027170692 -0.024414545 -0.175685793 -0.027083252 0.999625564 0.003904919 -0.099012002 0.024511492 -0.003241087 0.999694169 4.738347054
0.999586284 0.027035255 -0.009824567 -0.175122112 -0.027000550 0.999628782 0.003648609 -0.099763379 0.009919550 -0.003381831 0.999945045 4.755896091
0.999637783 0.025848379 0.007494721 -0.173761427 -0.025848681 0.999665856 -0.000056719 -0.100177035 -0.007493678 -0.000137029 0.999971926 4.784654617
0.999265373 0.025107598 0.028950177 -0.172833845 -0.024993308 0.999678314 -0.004302936 -0.100867599 -0.029048899 0.003576215 0.999571621 4.801509380
0.998321235 0.022971226 0.053167678 -0.171202689 -0.022531385 0.999706924 -0.008857379 -0.101432852 -0.053355552 0.007644570 0.998546362 4.817471027
0.996624887 0.020652223 0.079450421 -0.167428970 -0.019752782 0.999731719 -0.012090222 -0.101964474 -0.079678804 0.010480046 0.996765435 4.844244957
0.993859291 0.017679116 0.109230310 -0.164687812 -0.016368639 0.999782979 -0.012882495 -0.102741539 -0.109434359 0.011015433 0.993932903 4.859634399
0.989724100 0.015950002 0.142097965 -0.161488056 -0.013879532 0.999782681 -0.015550065 -0.102850050 -0.142315105 0.013418021 0.989730358 4.875114441
0.983958900 0.013222292 0.177904695 -0.157933056 -0.010379557 0.999803245 -0.016900254 -0.103576690 -0.178093165 0.014782581 0.983902514 4.889972687
0.976481199 0.009650855 0.215386391 -0.150346994 -0.006137645 0.999837160 -0.016974086 -0.104811274 -0.215515107 0.015252911 0.976381361 4.916147232
0.966813564 0.007621280 0.255369067 -0.145696282 -0.003144781 0.999834299 -0.017933253 -0.105367601 -0.255463392 0.016535034 0.966677308 4.929806709
0.954687953 0.008502800 0.297487319 -0.140618324 -0.003082595 0.999820650 -0.018684350 -0.106094889 -0.297592878 0.016920689 0.954542935 4.943317413
0.939777374 0.010531209 0.341625005 -0.131291151 -0.004241210 0.999807477 -0.019153727 -0.107250154 -0.341761023 0.016551329 0.939641118 4.965514183
0.922245622 0.011031955 0.386447102 -0.124952912 -0.004374489 0.999826550 -0.018102575 -0.107715853 -0.386579812 0.015004508 0.922133923 4.977958202
0.902165174 0.010132628 0.431271881 -0.117715597 -0.003159567 0.999852419 -0.016881887 -0.108247414 -0.431379288 0.013867617 0.902064085 4.990808487
0.879951835 0.008355684 0.474989384 -0.104846954 -0.000518653 0.999861479 -0.016628031 -0.109528229 -0.475062609 0.014385511 0.879834354 5.010181427
0.855317354 0.008668606 0.518031895 -0.096583843 0.001170086 0.999825120 -0.018662723 -0.110184893 -0.518103123 0.016568691 0.855157673 5.020991325
0.827843666 0.011161439 0.560847759 -0.087666988 0.001553100 0.999752522 -0.022188552 -0.110785544 -0.560956597 0.019239707 0.827621520 5.032158375
0.797093332 0.015450704 0.603658378 -0.078361034 0.000557031 0.999653339 -0.026321763 -0.111426793 -0.603855729 0.021317162 0.796808541 5.043269157
0.765240967 0.021936644 0.643370032 -0.060025930 -0.003345880 0.999541223 -0.030101147 -0.112552591 -0.643735290 0.020881996 0.764963150 5.061174870
0.728475809 0.026690772 0.684551477 -0.049084187 -0.004960093 0.999419928 -0.033689197 -0.112660259 -0.685053647 0.021146325 0.728185594 5.071320534
0.690216482 0.027237250 0.723090172 -0.037129164 -0.003812712 0.999414265 -0.034006417 -0.113537177 -0.723592877 0.020714855 0.689916015 5.080215454
0.650670111 0.024335232 0.758970559 -0.016784191 0.001093781 0.999455273 -0.032983709 -0.114344619 -0.759359777 0.022291660 0.650288939 5.093900681
0.606934845 0.022598030 0.794430256 -0.003611088 0.002075561 0.999547184 -0.030018393 -0.114902936 -0.794748843 0.019868100 0.606612980 5.102240562
0.561511040 0.020791592 0.827207804 0.016233683 0.003609479 0.999613166 -0.027575070 -0.115663514 -0.827461302 0.018469496 0.561218977 5.113215446
0.514058948 0.018069306 0.857564509 0.030660868 0.005411031 0.999689817 -0.024307556 -0.116293065 -0.857737780 0.017135823 0.513801932 5.120120049
0.463144749 0.014642830 0.886161745 0.053557634 0.008431704 0.999745369 -0.020926433 -0.116824187 -0.886242509 0.017163819 0.462903440 5.130591393
0.411192566 0.014458207 0.911433876 0.068647623 0.005215304 0.999820530 -0.018213177 -0.117923118 -0.911533594 0.012242530 0.411043316 5.136380196
0.360680670 0.020087630 0.932473063 0.093969345 0.002709835 0.999741197 -0.022584904 -0.118287019 -0.932685435 0.010672787 0.360532850 5.144937992
0.310901105 0.025947742 0.950087965 0.110795617 0.001407150 0.999613523 -0.027760793 -0.118678302 -0.950441182 0.009967780 0.310744435 5.148962021
0.264317513 0.027306320 0.964048982 0.135700107 0.004100744 0.999558151 -0.029436423 -0.119631633 -0.964426994 0.011733881 0.264088780 5.154430389
0.223335028 0.026734743 0.974375010 0.154352903 0.010487768 0.999499917 -0.029828003 -0.120565802 -0.974685311 0.016880658 0.222943023 5.157134056
0.188236400 0.026554035 0.981764734 0.180677354 0.018774508 0.999354482 -0.030629480 -0.121368490 -0.981944263 0.024197733 0.187616378 5.160463810
0.157612488 0.028030019 0.987103224 0.200980961 0.023597280 0.999204755 -0.032141477 -0.121791713 -0.987219095 0.028358843 0.156825721 5.162990093
0.130347967 0.026607595 0.991111219 0.229035556 0.021329911 0.999333203 -0.029633574 -0.122779533 -0.991238832 0.025002992 0.129693508 5.165509701
0.105107516 0.022878923 0.994197726 0.250864029 0.015079300 0.999583721 -0.024597069 -0.123720326 -0.994346559 0.017577145 0.104718760 5.167950630
0.080779172 0.019177711 0.996547520 0.281418204 0.009907434 0.999750137 -0.020042425 -0.124716282 -0.996682823 0.011492240 0.080568969 5.170554638
0.058167361 0.016529975 0.998169959 0.305399716 0.014222122 0.999747753 -0.017384883 -0.125574291 -0.998205543 0.015207330 0.057917580 5.171565533
0.039041534 0.016894108 0.999094784 0.338272095 0.022813011 0.999581337 -0.017793799 -0.126947105 -0.998977125 0.023487058 0.038639776 5.171065807
0.021621881 0.019355526 0.999578834 0.363675714 0.027584510 0.999420285 -0.019949142 -0.127666891 -0.999385595 0.028004231 0.021075431 5.171185493
0.006760538 0.024869502 0.999667883 0.399736345 0.027460299 0.999309003 -0.025046280 -0.128578261 -0.999599993 0.027620507 0.006072938 5.172175884
-0.003806459 0.029516477 0.999557078 0.426353216 0.025266074 0.999247968 -0.029411132 -0.129124403 -0.999673545 0.025142930 -0.004549366 5.172065735
-0.010890879 0.029402513 0.999508321 0.466368884 0.027364409 0.999202013 -0.029095333 -0.130253538 -0.999566138 0.027034082 -0.011686772 5.173135281
-0.013949886 0.026367757 0.999554932 0.495253563 0.033506520 0.999103129 -0.025888216 -0.131245911 -0.999341071 0.033130471 -0.014820869 5.172814846
-0.013538486 0.024485391 0.999608517 0.524134696 0.035116680 0.999095142 -0.023997204 -0.132229075 -0.999291420 0.034778047 -0.014386076 5.172397137
-0.012298504 0.024223331 0.999630868 0.575992584 0.033159498 0.999166489 -0.023804113 -0.134124771 -0.999374330 0.032854520 -0.013091489 5.175130844
-0.011365898 0.024459682 0.999636173 0.607191682 0.028619217 0.999299049 -0.024126032 -0.135433465 -0.999525726 0.028334590 -0.012057947 5.175737858
-0.009940286 0.025910914 0.999614835 0.651261032 0.028000262 0.999279320 -0.025623783 -0.136691317 -0.999558449 0.027734771 -0.010658634 5.176411629
-0.008748889 0.026565537 0.999608815 0.683323562 0.028045332 0.999260247 -0.026310816 -0.138003990 -0.999568343 0.027804177 -0.009487453 5.176145077
-0.008229355 0.026207533 0.999622643 0.716493130 0.027147006 0.999293804 -0.025975432 -0.139070064 -0.999597609 0.026923005 -0.008934998 5.176112652
-0.007893208 0.025010601 0.999656022 0.768808603 0.025837183 0.999358475 -0.024799148 -0.141100004 -0.999634981 0.025632555 -0.008534349 5.177049637
-0.007748192 0.023348205 0.999697328 0.804422498 0.026944656 0.999369144 -0.023131708 -0.142531246 -0.999606848 0.026757270 -0.008372414 5.177422523
-0.007657361 0.021409133 0.999741554 0.837731481 0.028324375 0.999374270 -0.021184331 -0.143475294 -0.999569416 0.028154835 -0.008258972 5.176030636
-0.009844670 0.019909710 0.999753356 0.892759919 0.024691107 0.999501705 -0.019661561 -0.145482212 -0.999646664 0.024491457 -0.010331359 5.178262711
-0.010605006 0.018204905 0.999778032 0.928420961 0.024374152 0.999541819 -0.017942058 -0.147335410 -0.999646604 0.024178464 -0.011043875 5.177836418
-0.012644880 0.016532740 0.999783397 0.965067208 0.026429128 0.999519527 -0.016194105 -0.147610024 -0.999570787 0.026218625 -0.013075747 5.178055286
-0.012972044 0.014635184 0.999808729 1.020070791 0.027579352 0.999517620 -0.014273092 -0.149652183 -0.999535441 0.027388925 -0.013369423 5.177337170
-0.015016600 0.013680780 0.999793589 1.057556987 0.024717864 0.999605894 -0.013306954 -0.151025206 -0.999581754 0.024512939 -0.015348848 5.177381039
-0.015704757 0.018521681 0.999705136 1.095032215 0.021981591 0.999593079 -0.018174291 -0.152142301 -0.999634981 0.021689687 -0.016105508 5.177100658
-0.016761262 0.022742275 0.999600708 1.149498463 0.023418423 0.999475956 -0.022346755 -0.154160410 -0.999585211 0.023034513 -0.017285071 5.177232742
-0.018152678 0.024141528 0.999543607 1.188091516 0.023750100 0.999436796 -0.023707617 -0.155667722 -0.999553144 0.023308903 -0.018715821 5.177172184
-0.019927928 0.022299487 0.999552667 1.226610899 0.019806430 0.999563873 -0.021904860 -0.156963289 -0.999605179 0.019361051 -0.020360915 5.176962852
-0.021373112 0.018511496 0.999600232 1.283157587 0.017158080 0.999688089 -0.018146256 -0.158873543 -0.999624252 0.016763374 -0.021684069 5.177589893
-0.021470744 0.013603067 0.999677002 1.322836399 0.015526126 0.999791384 -0.013271159 -0.159854800 -0.999648809 0.015236166 -0.021677470 5.176954269
-0.022153597 0.007662230 0.999725282 1.361230373 0.012137162 0.999898970 -0.007394609 -0.161223873 -0.999680817 0.011970012 -0.022244360 5.176819324
-0.022405127 0.006421036 0.999728382 1.416629195 0.008909085 0.999940932 -0.006222738 -0.162948549 -0.999709189 0.008767243 -0.022461016 5.176982403
-0.021195441 0.013755774 0.999680698 1.454920292 0.012256651 0.999833703 -0.013498010 -0.164101988 -0.999700129 0.011966640 -0.021360520 5.175992489
-0.020302124 0.024390062 0.999496341 1.493045092 0.014087738 0.999610126 -0.024106681 -0.165665925 -0.999694526 0.013591227 -0.020637814 5.175602436
-0.019160038 0.029698597 0.999375224 1.516296029 0.016234292 0.999436200 -0.029389162 -0.166190192 -0.999684453 0.015661051 -0.019631375 5.174741745
-0.018651323 0.023916872 0.999539971 1.589498997 0.017577404 0.999567151 -0.023589527 -0.169154361 -0.999671519 0.017129341 -0.019063652 5.174977779
-0.017945750 0.016038774 0.999710321 1.628064394 0.021002678 0.999656677 -0.015660897 -0.170846090 -0.999618351 0.020715546 -0.018276447 5.174364567
-0.017325027 0.014306093 0.999747574 1.666790962 0.022318637 0.999653995 -0.013917986 -0.171524271 -0.999600828 0.022071876 -0.017638329 5.174064636
-0.017790290 0.013534456 0.999750137 1.717639685 0.020268599 0.999707699 -0.013173208 -0.174029827 -0.999636292 0.020029182 -0.018059421 5.173994541
-0.019084770 0.014422248 0.999713838 1.755270004 0.016073337 0.999771118 -0.014116230 -0.175261632 -0.999688745 0.015799334 -0.019312220 5.173791409
-0.020392178 0.014843569 0.999681830 1.792888522 0.014920585 0.999782860 -0.014540710 -0.176587731 -0.999680698 0.014619319 -0.020609230 5.173112392
-0.022663109 0.014545679 0.999637365 1.843039393 0.015392559 0.999780715 -0.014198796 -0.178580523 -0.999624670 0.015065184 -0.022882033 5.172398090
-0.024864631 0.014545185 0.999585032 1.880898237 0.013633895 0.999806046 -0.014209259 -0.180106655 -0.999597788 0.013274929 -0.025058117 5.171759129
-0.026731094 0.015098128 0.999528766 1.918385267 0.012504359 0.999812722 -0.014768008 -0.181274816 -0.999564528 0.012103700 -0.026914885 5.171005249
-0.029609129 0.014637237 0.999454379 1.966131926 0.010816691 0.999838889 -0.014322420 -0.182550684 -0.999503076 0.010386714 -0.029762685 5.170982361
-0.032755617 0.013421981 0.999373317 2.002800226 0.010814646 0.999856055 -0.013074000 -0.183564842 -0.999404907 0.010379620 -0.032896049 5.170957088
-0.033814281 0.013300315 0.999339581 2.045875788 0.011469564 0.999850750 -0.012919027 -0.185694277 -0.999362230 0.011025144 -0.033961784 5.169244289
-0.035553001 0.014313516 0.999265254 2.082212210 0.011781811 0.999833941 -0.013902474 -0.186866373 -0.999298215 0.011278879 -0.035715744 5.168157578
-0.036100805 0.014271081 0.999246240 2.117277622 0.010686478 0.999846280 -0.013893570 -0.188475400 -0.999290884 0.010176855 -0.036247768 5.166649342
-0.037915114 0.012942926 0.999197125 2.163591862 0.013789945 0.999827564 -0.012427825 -0.189964697 -0.999185860 0.013307672 -0.038087059 5.165714741
-0.039472047 0.012570658 0.999141634 2.199205160 0.013782931 0.999832451 -0.012034845 -0.190971270 -0.999125659 0.013296060 -0.039638698 5.164608002
-0.040686242 0.012579024 0.999092817 2.234457016 0.012337236 0.999850810 -0.012086157 -0.191908985 -0.999095798 0.011834302 -0.040835358 5.163316727
-0.041877821 0.011158091 0.999060392 2.278774261 0.011000842 0.999882281 -0.010706142 -0.193614185 -0.999062121 0.010542157 -0.041995630 5.161938190
-0.042653330 0.009877557 0.999041080 2.312468529 0.010133392 0.999903977 -0.009453449 -0.194573820 -0.999038458 0.009720455 -0.042749323 5.160746574
-0.042807572 0.009792111 0.999035299 2.345693588 0.010446543 0.999901652 -0.009352978 -0.195699573 -0.999028683 0.010036089 -0.042905655 5.159313202
-0.043296762 0.011962432 0.998990655 2.386944532 0.010317759 0.999880254 -0.011525907 -0.197430283 -0.999008954 0.009808311 -0.043415006 5.157773018
-0.042866688 0.015101539 0.998966634 2.419099092 0.010982567 0.999832451 -0.014643352 -0.198201612 -0.999020457 0.010343509 -0.043025360 5.156011105
-0.043014187 0.016251147 0.998942256 2.457037449 0.008233612 0.999839425 -0.015911207 -0.199782491 -0.999040604 0.007540495 -0.043141097 5.155230045
-0.043858714 0.016246913 0.998905599 2.489642620 0.008653526 0.999836385 -0.015882103 -0.201309025 -0.999000251 0.007947488 -0.043992143 5.154472828
-0.043585196 0.017031394 0.998904467 2.526806593 0.010385416 0.999808311 -0.016593656 -0.202138647 -0.998995721 0.009650800 -0.043753725 5.152857780
-0.044619840 0.016942983 0.998860359 2.558827400 0.011080156 0.999803007 -0.016464012 -0.203170776 -0.998942554 0.010332906 -0.044798788 5.152280807
-0.044358291 0.016795579 0.998874605 2.595763445 0.007086229 0.999838710 -0.016497111 -0.204433158 -0.998990536 0.006346471 -0.044470154 5.150844574
-0.044825222 0.016328003 0.998861432 2.627287865 0.003488391 0.999862790 -0.016187832 -0.206021816 -0.998988688 0.002758797 -0.044876035 5.150039196
-0.043836381 0.015479863 0.998918831 2.663774014 0.006768386 0.999861538 -0.015197450 -0.207182109 -0.999015927 0.006094866 -0.043935083 5.148301125
-0.044854611 0.014434719 0.998889267 2.694557190 0.006701137 0.999877334 -0.014148089 -0.208380669 -0.998971045 0.006059087 -0.044945840 5.146902084
-0.048019700 0.014254157 0.998744667 2.731076717 0.003417928 0.999894500 -0.014106233 -0.209519938 -0.998840690 0.002736260 -0.048063353 5.145414829
-0.053334273 0.013845137 0.998480737 2.761650324 -0.000045821 0.999903738 -0.013867317 -0.210449934 -0.998576701 -0.000785355 -0.053328518 5.144257545
-0.059646085 0.017810132 0.998060703 2.797519445 0.003169966 0.999839127 -0.017652420 -0.211586982 -0.998214543 0.002110921 -0.059692949 5.142537117
-0.066879272 0.020722628 0.997545958 2.828578711 0.005837455 0.999775290 -0.020377574 -0.212645933 -0.997744024 0.004460291 -0.066985220 5.140803814
-0.073721342 0.022080828 0.997034431 2.864787340 0.004782682 0.999751091 -0.021787360 -0.214048296 -0.997267306 0.003162305 -0.073808610 5.138251781
-0.079639025 0.021651631 0.996588647 2.895598888 0.000941544 0.999765217 -0.021645403 -0.214995071 -0.996823251 -0.000785486 -0.079640724 5.135806084
-0.085442312 0.019832063 0.996145725 2.932830572 0.000483079 0.999802589 -0.019863432 -0.216724992 -0.996343017 -0.001215960 -0.085435010 5.133200645
-0.090003349 0.020969030 0.995720685 2.964282274 -0.001453984 0.999774456 -0.021185825 -0.217486337 -0.995940387 -0.003354558 -0.089952573 5.130637646
-0.093653910 0.020053694 0.995402873 2.996701956 -0.003692407 0.999783278 -0.020489346 -0.218760207 -0.995598018 -0.005594340 -0.093559578 5.127695084
-0.097445935 0.017232267 0.995091617 3.038588285 -0.003025870 0.999840319 -0.017610814 -0.219844550 -0.995236337 -0.004727119 -0.097378232 5.124871731
-0.099660799 0.014794950 0.994911492 3.072106838 -0.000585815 0.999888301 -0.014927641 -0.220573694 -0.995021284 -0.002070534 -0.099641018 5.122097969
-0.101421773 0.010815240 0.994784713 3.105520725 -0.001625413 0.999937713 -0.011036980 -0.222168744 -0.994842172 -0.002736325 -0.101397879 5.119149685
-0.102992691 0.010672776 0.994624794 3.147307158 -0.002781790 0.999935448 -0.011017811 -0.223338678 -0.994678199 -0.003901591 -0.102956355 5.115346909
-0.103566796 0.014988218 0.994509459 3.181169987 -0.000352261 0.999885857 -0.015105926 -0.224055260 -0.994622469 -0.001914799 -0.103549697 5.112294674
-0.103233084 0.018637745 0.994482577 3.220560074 0.005740772 0.999819040 -0.018141825 -0.225296587 -0.994640589 0.003836261 -0.103321359 5.107691288
-0.104445994 0.022186533 0.994283140 3.255094767 0.011833044 0.999708116 -0.021064565 -0.227078497 -0.994460106 0.009565285 -0.104678035 5.104412556
-0.104898185 0.024453519 0.994182229 3.295339108 0.013526293 0.999640226 -0.023160581 -0.227930948 -0.994390905 0.011018096 -0.105191194 5.100049019
-0.105145544 0.021881403 0.994216025 3.330340624 0.011205307 0.999720573 -0.020817500 -0.229273468 -0.994393587 0.008951630 -0.105361320 5.096771717
-0.105710216 0.017372070 0.994245172 3.371110916 0.012083141 0.999795973 -0.016184349 -0.230659619 -0.994323552 0.010302755 -0.105898552 5.092977524
-0.105945453 0.015248571 0.994255006 3.406199932 0.013469346 0.999812782 -0.013898541 -0.231809720 -0.994280756 0.011919477 -0.106131017 5.089491367
-0.106940076 0.015211875 0.994149089 3.446116924 0.014790803 0.999796629 -0.013707251 -0.233236343 -0.994155407 0.013238410 -0.107143320 5.085251331
-0.108877204 0.015461709 0.993934989 3.480781317 0.013286943 0.999812305 -0.014097665 -0.234684363 -0.993966401 0.011671443 -0.109062217 5.082039356
-0.111106470 0.016940404 0.993664145 3.520466328 0.012996669 0.999794066 -0.015591685 -0.235744923 -0.993723512 0.011181986 -0.111303747 5.077888489
-0.113384470 0.016837180 0.993408501 3.554816723 0.014139690 0.999782562 -0.015331351 -0.237217486 -0.993450522 0.012308153 -0.113597877 5.074375629
-0.115295105 0.016852394 0.993188322 3.593967199 0.014852529 0.999773622 -0.015239961 -0.238819420 -0.993220270 0.012994267 -0.115519300 5.069788456
-0.117591910 0.016627954 0.992922783 3.628890276 0.014501702 0.999781907 -0.015025381 -0.239726380 -0.992956042 0.012632208 -0.117807411 5.066138744
-0.118584126 0.016388105 0.992808759 3.667435646 0.012442748 0.999809742 -0.015017467 -0.241627440 -0.992865980 0.010572437 -0.118765481 5.061060429
-0.119467929 0.018694669 0.992662013 3.702330112 0.014021693 0.999754786 -0.017140718 -0.242231056 -0.992738962 0.011871038 -0.119700745 5.057236671
-0.120291755 0.019321997 0.992550552 3.737265587 0.012205603 0.999763787 -0.017983165 -0.243197203 -0.992663562 0.009951452 -0.120499194 5.053070068
-0.121783733 0.019092424 0.992373049 3.779159069 0.012129152 0.999768913 -0.017746229 -0.244950891 -0.992482543 0.009875441 -0.121987179 5.047873020
-0.122567184 0.017298447 0.992309451 3.814375401 0.011734698 0.999803424 -0.015979646 -0.245929971 -0.992390871 0.009685873 -0.122746088 5.043736458
-0.123583570 0.014845306 0.992223144 3.854190111 0.010275440 0.999853611 -0.013679644 -0.247452825 -0.992280960 0.008504950 -0.123718023 5.038922310
-0.125444338 0.013218196 0.992012620 3.890338421 0.008301848 0.999890149 -0.012273358 -0.248120233 -0.992065907 0.006695915 -0.125540301 5.035078526
-0.127496123 0.012190307 0.991764069 3.930798054 0.008682007 0.999899805 -0.011174194 -0.249426603 -0.991801023 0.007185837 -0.127589196 5.029867649
-0.129325345 0.013647292 0.991508186 3.967160702 0.010014221 0.999872208 -0.012456227 -0.249938205 -0.991551638 0.008318279 -0.129445493 5.025430202
-0.131670699 0.014544401 0.991186798 4.003787041 0.009544126 0.999864519 -0.013403878 -0.251102626 -0.991247535 0.007695114 -0.131791711 5.020737171
-0.132963344 0.017925365 0.990958810 4.047941208 0.011124453 0.999800384 -0.016592655 -0.252611965 -0.991058469 0.008817661 -0.133136213 5.015017033
-0.132842496 0.021560717 0.990902662 4.084962845 0.012896473 0.999716222 -0.020023560 -0.254071802 -0.991053224 0.010119171 -0.133082867 5.009669781
-0.134484097 0.025088543 0.990598023 4.123548508 0.013812094 0.999629736 -0.023442147 -0.255536616 -0.990819454 0.010529639 -0.134780854 5.005147934
-0.134565964 0.026562158 0.990548491 4.167947769 0.015792057 0.999571085 -0.024658753 -0.256890476 -0.990778744 0.012324573 -0.134927735 4.999708176
-0.134319410 0.026878290 0.990573525 4.206820965 0.019411523 0.999511600 -0.024488658 -0.257850826 -0.990747869 0.015939241 -0.134775579 4.994939804
-0.133748338 0.023950087 0.990725935 4.249179363 0.020052999 0.999568582 -0.021456691 -0.260056823 -0.990812361 0.016997226 -0.134170920 4.988648415
-0.133009613 0.022844290 0.990851462 4.288434982 0.019515589 0.999600768 -0.020426281 -0.261182725 -0.990922511 0.016620157 -0.133402318 4.983768463
-0.131175011 0.019966107 0.991158128 4.332102776 0.018824838 0.999667048 -0.017646128 -0.263090760 -0.991180480 0.016343661 -0.131507173 4.978334427
-0.129760087 0.016937541 0.991400778 4.371331215 0.018534070 0.999720871 -0.014653840 -0.264160335 -0.991372168 0.016473209 -0.130037770 4.973514080
-0.128418133 0.013429439 0.991629243 4.411342621 0.019602377 0.999747396 -0.011000825 -0.265491068 -0.991526425 0.018025585 -0.128648922 4.968698025
-0.126245424 0.013287202 0.991910040 4.456813812 0.017756656 0.999780357 -0.011132648 -0.266968876 -0.991840124 0.016207559 -0.126453638 4.962949753
-0.124704197 0.017714180 0.992035806 4.496215343 0.018502666 0.999708354 -0.015525294 -0.268145859 -0.992021441 0.016419241 -0.124995582 4.958455086
-0.123012319 0.023936242 0.992116451 4.539515495 0.020015592 0.999565542 -0.021634234 -0.269531965 -0.992203236 0.017196523 -0.123437956 4.953193188
-0.121596642 0.027311692 0.992203832 4.579842567 0.017857423 0.999519706 -0.025324613 -0.270830601 -0.992419004 0.014638813 -0.122025944 4.948821545
-0.120331950 0.025163880 0.992414832 4.623409271 0.016109435 0.999596417 -0.023392685 -0.272221029 -0.992603004 0.013172353 -0.120688774 4.944120407
-0.118809454 0.022394925 0.992664516 4.661334038 0.016909353 0.999646127 -0.020528596 -0.274038315 -0.992773056 0.014346324 -0.119146101 4.939265728
-0.119031064 0.020353768 0.992681980 4.704011917 0.015056243 0.999711871 -0.018692538 -0.275761873 -0.992776334 0.012721066 -0.119303219 4.935175896
-0.117683798 0.020367352 0.992842197 4.748051643 0.016366273 0.999693513 -0.018567979 -0.277307749 -0.992916226 0.014063977 -0.117981076 4.929589272
-0.117274463 0.020688605 0.992884040 4.789107800 0.015901474 0.999693811 -0.018952303 -0.278448284 -0.992972255 0.013565698 -0.117567547 4.925438404
-0.116522923 0.018717585 0.993011594 4.831485748 0.018611116 0.999687970 -0.016659541 -0.280172676 -0.993013501 0.016539838 -0.116834916 4.920092583
