0.999992549 -0.002422093 -0.003010778 -0.000120709 0.002415185 0.999994457 -0.002295838 -0.001189810 0.003016321 0.002288549 0.999992847 0.053360790
0.999987066 -0.002732102 -0.004272779 -0.000761459 0.002716128 0.999989331 -0.003739961 -0.001505892 0.004282951 0.003728308 0.999983907 0.070320882
0.999961972 -0.004932760 -0.007194847 -0.000359261 0.004893059 0.999972761 -0.005525202 -0.002214045 0.007221904 0.005489786 0.999958873 0.105897583
0.999942958 -0.007032886 -0.008028816 -0.000844690 0.006973797 0.999948561 -0.007363978 -0.002433090 0.008080193 0.007307568 0.999940634 0.116504602
0.999910533 -0.008567767 -0.010264601 -0.001048976 0.008485931 0.999932110 -0.007989770 -0.003486992 0.010332361 0.007901953 0.999915361 0.159273475
0.999900520 -0.008275183 -0.011414777 -0.001667671 0.008192358 0.999939919 -0.007283579 -0.004092799 0.011474368 0.007189342 0.999908388 0.183048472
0.999880791 -0.008917606 -0.012603967 -0.002215962 0.008818423 0.999929845 -0.007902870 -0.004751280 0.012673557 0.007790781 0.999889374 0.213882491
0.999876559 -0.008068191 -0.013476759 -0.002868803 0.007920952 0.999908626 -0.010943392 -0.005225512 0.013563822 0.010835292 0.999849319 0.238750532
0.999865353 -0.006401011 -0.015107468 -0.003502562 0.006186625 0.999880075 -0.014195039 -0.006593243 0.015196520 0.014099665 0.999785125 0.270179391
0.999849498 -0.005234827 -0.016542597 -0.004137376 0.004940549 0.999829710 -0.017780118 -0.007240743 0.016632857 0.017695712 0.999705136 0.295663863
0.999837458 -0.003365660 -0.017706348 -0.005220466 0.003045978 0.999832332 -0.018050745 -0.007730168 0.017764132 0.017993879 0.999680340 0.328543454
0.999818206 -0.001206191 -0.019021433 -0.005889126 0.000998892 0.999939978 -0.010903928 -0.008330673 0.019033451 0.010882948 0.999759674 0.355294317
0.999808252 -0.000193211 -0.019577425 -0.007079937 0.000178355 0.999999583 -0.000760585 -0.008785812 0.019577565 0.000756947 0.999808192 0.390139848
0.999795496 0.001082644 -0.020189136 -0.008141776 -0.000966873 0.999982953 0.005743172 -0.009362616 0.020195009 -0.005722480 0.999779701 0.418232113
0.999758005 0.002849452 -0.021812910 -0.009036164 -0.002740302 0.999983549 0.005032161 -0.010236867 0.021826893 -0.004971169 0.999749362 0.454147547
0.999752998 0.004734444 -0.021714464 -0.010777958 -0.004778745 0.999986589 -0.001988763 -0.010567929 0.021704759 0.002092039 0.999762237 0.482521325
0.999718666 0.005204927 -0.023138838 -0.011724995 -0.005394646 0.999952257 -0.008144244 -0.010880547 0.023095334 0.008266779 0.999699175 0.520088673
0.999673903 0.003020872 -0.025354788 -0.011681801 -0.003194465 0.999971807 -0.006808840 -0.010892806 0.025333494 0.006887615 0.999655306 0.550385892
0.999684513 0.001328761 -0.025081346 -0.013333214 -0.001266687 0.999996066 0.002490631 -0.011120882 0.025084555 -0.002458075 0.999682307 0.590452313
0.999679148 0.001145507 -0.025307614 -0.014320611 -0.000899922 0.999952376 0.009713245 -0.011391077 0.025317537 -0.009687351 0.999632597 0.622396231
0.999669015 0.000631383 -0.025717247 -0.015841864 -0.000305273 0.999919415 0.012682524 -0.011953048 0.025723180 -0.012670475 0.999588788 0.664236605
0.999646962 -0.001622305 -0.026519507 -0.016670432 0.001931358 0.999930382 0.011632314 -0.011833500 0.026498787 -0.011679424 0.999580562 0.697838843
0.999673009 -0.002023879 -0.025490429 -0.018336309 0.002255204 0.999956489 0.009049495 -0.011951903 0.025471007 -0.009104021 0.999634087 0.741562605
0.999673426 0.000388564 -0.025552943 -0.019212859 -0.000250908 0.999985456 0.005390065 -0.011812013 0.025554664 -0.005381893 0.999659002 0.776003480
0.999699354 -0.003037811 -0.024327006 -0.020131415 0.003034616 0.999995351 -0.000168225 -0.011986567 0.024327405 0.000094352 0.999704063 0.811110735
0.999715149 -0.005529203 -0.023215665 -0.021637132 0.005383774 0.999965489 -0.006322129 -0.012567788 0.023249822 0.006195341 0.999710500 0.861717165
0.999733627 -0.005176146 -0.022494016 -0.022297421 0.004916445 0.999920726 -0.011585304 -0.013048898 0.022552202 0.011471626 0.999679923 0.897964656
0.999757946 -0.003144196 -0.021775562 -0.024179189 0.002852342 0.999905825 -0.013420936 -0.013472986 0.021815710 0.013355577 0.999672830 0.936476111
0.999739528 -0.002835027 -0.022646008 -0.024684431 0.002568418 0.999927163 -0.011793281 -0.015150085 0.022677792 0.011732047 0.999674022 0.989599228
0.999735117 -0.001035266 -0.022995127 -0.025610348 0.000721457 0.999906480 -0.013650857 -0.015778517 0.023007113 0.013630653 0.999642432 1.028174281
0.999745667 0.002298014 -0.022436358 -0.026906719 -0.002635071 0.999883950 -0.015004790 -0.017287176 0.022399273 0.015060097 0.999635696 1.067211866
0.999720991 0.005478750 -0.022977188 -0.028477091 -0.005849400 0.999853373 -0.016095074 -0.018364482 0.022885637 0.016224988 0.999606371 1.123817086
0.999728918 0.007199137 -0.022142112 -0.030563958 -0.007551330 0.999845684 -0.015863692 -0.019632654 0.022024484 0.016026594 0.999629021 1.163927913
0.999710977 0.008048978 -0.022657638 -0.031687237 -0.008431681 0.999822557 -0.016846141 -0.020273592 0.022518020 0.017032312 0.999601305 1.205029368
0.999689221 0.008380963 -0.023477670 -0.032471705 -0.008752145 0.999837637 -0.015752140 -0.022835547 0.023341842 0.015952727 0.999600410 1.261931777
0.999659359 0.009674929 -0.024241939 -0.033404049 -0.010032995 0.999841750 -0.014692615 -0.024059720 0.024095964 0.014930828 0.999598205 1.302925110
0.999641716 0.009941524 -0.024850637 -0.034600176 -0.010267887 0.999862254 -0.013040043 -0.024828859 0.024717582 0.013290535 0.999606192 1.343695283
0.999641597 0.010418146 -0.024661051 -0.036599956 -0.010703521 0.999876976 -0.011468265 -0.026928034 0.024538537 0.011728115 0.999630153 1.403150558
0.999637902 0.010206084 -0.024896402 -0.038104169 -0.010537371 0.999857187 -0.013211862 -0.027563073 0.024758002 0.013469422 0.999602795 1.445080996
0.999609530 0.011387490 -0.025519671 -0.039162647 -0.011745545 0.999834001 -0.013924774 -0.028845442 0.025356868 0.014219079 0.999577403 1.487045050
0.999606013 0.011916921 -0.025418280 -0.041124068 -0.012250783 0.999840200 -0.013019556 -0.030418254 0.025259061 0.013325818 0.999592066 1.546859980
0.999601662 0.011359878 -0.025838392 -0.042697348 -0.011635883 0.999876618 -0.010556821 -0.031297546 0.025715273 0.010853266 0.999610424 1.589670539
0.999579012 0.010922062 -0.026880296 -0.043950804 -0.011117985 0.999912679 -0.007150135 -0.032235250 0.026799854 0.007445979 0.999613047 1.633993745
0.999555349 0.011210284 -0.027629916 -0.045382474 -0.011329647 0.999927104 -0.004167266 -0.034035824 0.027581187 0.004478450 0.999609590 1.693623185
0.999535441 0.011574462 -0.028195564 -0.047224127 -0.011683919 0.999924779 -0.003720327 -0.034797221 0.028150382 0.004048032 0.999595582 1.737699509
0.999534965 0.010676379 -0.028566083 -0.048792254 -0.010826726 0.999928236 -0.005113721 -0.036002047 0.028509444 0.005420620 0.999578834 1.792612910
0.999519110 0.011544984 -0.028780391 -0.050876491 -0.011735613 0.999910116 -0.006463508 -0.036306012 0.028703192 0.006798156 0.999564886 1.836374402
0.999468446 0.011089067 -0.030654442 -0.051931854 -0.011266298 0.999920666 -0.005614928 -0.037203714 0.030589750 0.005957306 0.999514282 1.881831050
0.999467611 0.011021559 -0.030708218 -0.054393899 -0.011127852 0.999932647 -0.003292663 -0.038604725 0.030669862 0.003632628 0.999523044 1.942644358
0.999448597 0.011714513 -0.031066135 -0.056546248 -0.011754782 0.999930263 -0.001113867 -0.039184578 0.031050920 0.001478429 0.999516785 1.986355066
0.999405146 0.012398996 -0.032179274 -0.058160130 -0.012442569 0.999921918 -0.001154119 -0.040299963 0.032162454 0.001553825 0.999481499 2.031117678
0.999395251 0.012844438 -0.032311864 -0.060181018 -0.012989671 0.999906421 -0.004288836 -0.042107716 0.032253757 0.004705964 0.999468684 2.092121124
0.999365270 0.013760368 -0.032855120 -0.061871476 -0.014030523 0.999869466 -0.008006236 -0.043237876 0.032740675 0.008462129 0.999428153 2.136898279
0.999367714 0.015003136 -0.032234617 -0.064100951 -0.015317968 0.999837101 -0.009542235 -0.043391503 0.032086205 0.010029970 0.999434829 2.164605618
0.999366522 0.014692099 -0.032412853 -0.066013582 -0.014883838 0.999873042 -0.005682207 -0.045868151 0.032325257 0.006161036 0.999458492 2.242772341
0.999336302 0.016303295 -0.032572765 -0.067792892 -0.016445935 0.999856234 -0.004116019 -0.046566382 0.032500979 0.004648977 0.999460936 2.287801743
0.999386072 0.015437724 -0.031448919 -0.070534624 -0.015542210 0.999874473 -0.003080646 -0.047570691 0.031397417 0.003567541 0.999500751 2.332737446
0.999406338 0.013971229 -0.031491328 -0.072135501 -0.014082821 0.999895215 -0.003324578 -0.049065620 0.031441573 0.003766090 0.999498546 2.394047976
0.999419630 0.013540331 -0.031259589 -0.074082561 -0.013703954 0.999893367 -0.005026154 -0.050243929 0.031188205 0.005451617 0.999498725 2.439149380
0.999426961 0.013047791 -0.031235758 -0.075508192 -0.013297373 0.999881089 -0.007795961 -0.050839826 0.031130329 0.008206846 0.999481678 2.483685732
0.999443710 0.011216648 -0.031406332 -0.077053249 -0.011540613 0.999881744 -0.010153121 -0.052167915 0.031288739 0.010509924 0.999455154 2.544781208
0.999455750 0.010233831 -0.031360991 -0.078700036 -0.010659918 0.999852657 -0.013449641 -0.053480372 0.031218736 0.013776627 0.999417663 2.589790821
0.999491811 0.007533934 -0.030972039 -0.080118552 -0.007995646 0.999858260 -0.014810716 -0.054847792 0.030856067 0.015050831 0.999410510 2.633469582
0.999506950 0.006216814 -0.030775638 -0.082538605 -0.006620339 0.999893248 -0.013027385 -0.056701489 0.030691363 0.013224710 0.999441385 2.695513964
0.999512255 0.005107366 -0.030810229 -0.084361203 -0.005337505 0.999958515 -0.007391982 -0.057842240 0.030771196 0.007552829 0.999497890 2.739042521
0.999525309 0.003900245 -0.030560128 -0.084938586 -0.003934871 0.999991536 -0.001073020 -0.058266010 0.030555693 0.001192760 0.999532402 2.767741203
0.999531209 0.002533742 -0.030509625 -0.087001771 -0.002555166 0.999996543 -0.000663234 -0.060034785 0.030507846 0.000740880 0.999534249 2.846003771
0.999559224 0.000018231 -0.029686354 -0.088924825 -0.000113204 0.999994993 -0.003197546 -0.060912505 0.029686147 0.003199497 0.999554157 2.889940262
0.999525964 -0.002036578 -0.030716136 -0.089190021 0.001828602 0.999975264 -0.006797549 -0.061735652 0.030729219 0.006738161 0.999505103 2.932657719
0.999537885 0.000245517 -0.030400025 -0.092207558 -0.000571954 0.999942303 -0.010729823 -0.063294426 0.030395642 0.010742254 0.999480247 2.994943619
0.999551117 0.000768582 -0.029949114 -0.093983926 -0.001206088 0.999892831 -0.014592996 -0.064748317 0.029934689 0.014622567 0.999444962 3.038641691
0.999561906 0.003025989 -0.029443435 -0.095391102 -0.003504528 0.999862373 -0.016214820 -0.065429270 0.029390320 0.016310900 0.999434948 3.081717968
0.999569774 0.007304269 -0.028405499 -0.098366886 -0.007648888 0.999898195 -0.012042481 -0.067566663 0.028314643 0.012254569 0.999523938 3.145884037
0.999547482 0.008557759 -0.028835915 -0.099532835 -0.008855728 0.999908566 -0.010221425 -0.068640880 0.028745804 0.010472160 0.999531925 3.189979792
0.999544740 0.009262008 -0.028713530 -0.101468757 -0.009543507 0.999907553 -0.009682290 -0.069806956 0.028621202 0.009951912 0.999540806 3.234419823
0.999559045 0.006478344 -0.028978333 -0.103005767 -0.006738196 0.999937892 -0.008878449 -0.071336225 0.028919026 0.009069796 0.999540627 3.296740770
0.999555588 0.005307855 -0.029331390 -0.104225352 -0.005499548 0.999964058 -0.006458640 -0.073193625 0.029296059 0.006617079 0.999548972 3.339344740
0.999547064 0.004186715 -0.029802520 -0.105796680 -0.004316498 0.999981463 -0.004291802 -0.074325971 0.029784009 0.004418501 0.999546587 3.383942127
0.999531329 0.003249253 -0.030443279 -0.107788377 -0.003360991 0.999987781 -0.003619904 -0.075159572 0.030431144 0.003720527 0.999529958 3.447327852
0.999496043 0.002226210 -0.031666115 -0.108490810 -0.002396708 0.999982834 -0.005347294 -0.075843021 0.031653669 0.005420494 0.999484181 3.490887403
0.999480784 0.003021033 -0.032077212 -0.110327035 -0.003302652 0.999956369 -0.008730068 -0.077140339 0.032049440 0.008831475 0.999447286 3.533837080
0.999456525 0.003602864 -0.032766104 -0.112662204 -0.003968603 0.999930441 -0.011103962 -0.078756034 0.032723818 0.011227963 0.999401391 3.595334530
0.999436498 0.005102542 -0.033176031 -0.114741512 -0.005430025 0.999937296 -0.009788463 -0.079714671 0.033124004 0.009963092 0.999401629 3.638144732
0.999413192 0.006093064 -0.033704683 -0.117014669 -0.006272390 0.999966681 -0.005217412 -0.081420481 0.033671774 0.005425760 0.999418199 3.694172144
0.999393582 0.007723561 -0.033949718 -0.119051576 -0.007764072 0.999969244 -0.001061578 -0.082691133 0.033940479 0.001324523 0.999422908 3.737364531
0.999368489 0.008462423 -0.034509011 -0.121764123 -0.008490833 0.999963760 -0.000676779 -0.083558746 0.034502037 0.000969362 0.999404073 3.792108774
0.999357283 0.009041086 -0.034684274 -0.123888120 -0.009143911 0.999954343 -0.002807211 -0.084421299 0.034657318 0.003122557 0.999394298 3.835570574
0.999324739 0.008355749 -0.035779975 -0.125848234 -0.008484149 0.999958038 -0.003438283 -0.085863009 0.035749748 0.003739524 0.999353766 3.889186859
0.999327242 0.007805139 -0.035833951 -0.128044993 -0.007936791 0.999962211 -0.003533121 -0.087097883 0.035805024 0.003815151 0.999351501 3.931266069
0.999276996 0.007052097 -0.037357453 -0.129642561 -0.007178271 0.999968886 -0.003244416 -0.088446766 0.037333418 0.003510232 0.999296665 3.984852076
0.999251842 0.005144767 -0.038331397 -0.131113619 -0.005233002 0.999983847 -0.002201911 -0.089069709 0.038319454 0.002400851 0.999262691 4.026620388
0.999226868 0.005478720 -0.038929354 -0.133454442 -0.005457553 0.999984860 0.000649955 -0.090365022 0.038932316 -0.000436994 0.999241829 4.077834606
0.999194920 0.004669018 -0.039844718 -0.135311767 -0.004597181 0.999987662 0.001894329 -0.091546938 0.039853059 -0.001709631 0.999204159 4.117751122
0.999108911 0.003307453 -0.042075612 -0.137595862 -0.003237284 0.999993205 0.001735732 -0.092295721 0.042081080 -0.001597975 0.999112904 4.166510105
0.998986661 0.002809013 -0.044917196 -0.140115708 -0.002773745 0.999995708 0.000847490 -0.093358479 0.044919398 -0.000722042 0.998990297 4.205052853
0.998813808 0.002823333 -0.048610091 -0.142277330 -0.002827344 0.999996006 -0.000013780 -0.094418056 0.048609860 0.000151201 0.998817861 4.251283169
0.998655498 0.003125344 -0.051743172 -0.144518986 -0.003128999 0.999995112 0.000010358 -0.095081523 0.051742956 0.000151560 0.998660445 4.287736893
0.998494327 0.003536362 -0.054740369 -0.147464454 -0.003457569 0.999992788 0.001534015 -0.096383624 0.054745395 -0.001342437 0.998499453 4.331823826
0.998321652 0.004242569 -0.057757411 -0.149876505 -0.004116258 0.999988735 0.002305724 -0.097093225 0.057766549 -0.002064110 0.998327971 4.366441727
0.998141348 0.005265045 -0.060713749 -0.152837917 -0.005041219 0.999979973 0.003839169 -0.097918116 0.060732760 -0.003525961 0.998147845 4.407889366
0.997974694 0.007154460 -0.063209042 -0.155646041 -0.006883386 0.999966204 0.004505276 -0.098514766 0.063239142 -0.004061059 0.997990131 4.440265179
0.997797668 0.009551729 -0.065639086 -0.158000648 -0.009239911 0.999944687 0.005052449 -0.099252820 0.065683700 -0.004434822 0.997830689 4.470526695
0.997586846 0.011003016 -0.068551905 -0.161199421 -0.010776945 0.999935091 0.003666794 -0.100185037 0.068587840 -0.002919166 0.997640908 4.512406349
0.997368097 0.012018481 -0.071500249 -0.163409993 -0.012047362 0.999927342 0.000027332 -0.101012245 0.071495406 0.000834129 0.997440696 4.541028023
0.997189581 0.014847050 -0.073432893 -0.166427657 -0.015174095 0.999877214 -0.003897720 -0.101509064 0.073366024 0.005001045 0.997292638 4.568504810
0.997040153 0.016459836 -0.075099215 -0.169269815 -0.017030574 0.999830604 -0.006965698 -0.101675645 0.074971877 0.008224064 0.997151911 4.593714714
0.996895730 0.018366992 -0.076560766 -0.172099963 -0.018955126 0.999796093 -0.006962304 -0.103488520 0.076417282 0.008391911 0.997040629 4.631388187
0.996867120 0.020402577 -0.076418184 -0.173547685 -0.020867553 0.999768257 -0.005290992 -0.105256781 0.076292537 0.006869075 0.997061789 4.655190945
0.997013569 0.024426611 -0.073261902 -0.175903067 -0.024879940 0.999676466 -0.005281484 -0.104756728 0.073109195 0.007088463 0.997298717 4.678133011
0.997368038 0.027001712 -0.067288332 -0.178834081 -0.027320711 0.999619305 -0.003824885 -0.105733588 0.067159444 0.005653183 0.997726262 4.708866596
0.997807920 0.028311869 -0.059812389 -0.180182919 -0.028480656 0.999592364 -0.001971191 -0.106083304 0.059732202 0.003670366 0.998207688 4.729626656
0.998353601 0.028116986 -0.049994744 -0.181137711 -0.028133309 0.999603987 0.000377337 -0.106628969 0.049985565 0.001029801 0.998749495 4.750227928
0.998858750 0.027594509 -0.038984332 -0.181625590 -0.027542986 0.999618888 0.001858310 -0.107588001 0.039020747 -0.000782444 0.999238133 4.777290344
0.999331415 0.026705613 -0.024972308 -0.182208925 -0.026665011 0.999642491 0.001957694 -0.108173132 0.025015663 -0.001290498 0.999686241 4.795873642
0.999597967 0.026508430 -0.010067690 -0.181801587 -0.026497370 0.999648154 0.001230608 -0.108814135 0.010096766 -0.000963346 0.999948561 4.813679218
0.999654233 0.025235292 0.007386479 -0.180957496 -0.025219552 0.999679506 -0.002216976 -0.109219208 -0.007440055 0.002029926 0.999970257 4.837434769
0.999302924 0.024423916 0.028234158 -0.179618925 -0.024242841 0.999683440 -0.006738080 -0.109733313 -0.028389789 0.006048907 0.999578655 4.854502678
0.998334646 0.022551730 0.053098567 -0.178402811 -0.021972124 0.999692798 -0.011474310 -0.110093184 -0.053341024 0.010288513 0.998523355 4.863925457
0.996607244 0.020171944 0.079793110 -0.175434023 -0.019097034 0.999716580 -0.014211633 -0.110958077 -0.080057174 0.012639605 0.996710122 4.893286228
0.993818045 0.017101346 0.109695211 -0.172738731 -0.015568683 0.999768972 -0.014813386 -0.111872382 -0.109923206 0.013014000 0.993854880 4.908874512
0.989686668 0.015162678 0.142443493 -0.169412792 -0.012791539 0.999764144 -0.017547209 -0.111978255 -0.142675996 0.015544170 0.989647388 4.924684048
0.983956754 0.012755541 0.177950263 -0.165535331 -0.009532062 0.999774873 -0.018957719 -0.112639315 -0.178152025 0.016957343 0.983856797 4.939841747
0.976390481 0.008919498 0.215828463 -0.159455776 -0.004944375 0.999808311 -0.018950913 -0.113827303 -0.215956107 0.017436350 0.976247370 4.960996628
0.966726363 0.006758436 0.255723655 -0.154743671 -0.001819953 0.999807417 -0.019543508 -0.114570200 -0.255806506 0.018427819 0.966552377 4.974627495
0.954492033 0.007999934 0.298129350 -0.149714470 -0.001893650 0.999782622 -0.020765224 -0.115046628 -0.298230648 0.019255685 0.954299569 4.988497734
0.939500153 0.010346726 0.342392236 -0.141871452 -0.003242544 0.999767542 -0.021314597 -0.115891784 -0.342533201 0.018914841 0.939315379 5.007026196
0.921992004 0.010587411 0.387064278 -0.135290265 -0.003025167 0.999792576 -0.020141447 -0.116432369 -0.387197256 0.017399319 0.921832740 5.019691944
0.901907742 0.009826151 0.431816965 -0.127852321 -0.001746318 0.999816000 -0.019103752 -0.116885193 -0.431925178 0.016475733 0.901758969 5.032733917
0.879291654 0.008057510 0.476215482 -0.117213488 0.001113150 0.999819279 -0.018972160 -0.117960811 -0.476282299 0.017212164 0.879123867 5.049181938
0.854551852 0.008545114 0.519295692 -0.108735323 0.002815984 0.999773681 -0.021085445 -0.118569426 -0.519358456 0.019480936 0.854334414 5.060257912
0.827165604 0.011055776 0.561849356 -0.099603891 0.003218988 0.999696791 -0.024410557 -0.119257160 -0.561949074 0.022000160 0.826879203 5.071432590
0.796231151 0.015186993 0.604801714 -0.090199709 0.002387302 0.999598145 -0.028243527 -0.120027810 -0.604987741 0.023932224 0.795875072 5.082800865
0.763277352 0.021359686 0.645717740 -0.075275660 -0.000775929 0.999483049 -0.032144681 -0.120949693 -0.646070421 0.024034282 0.762899280 5.098348618
0.726302743 0.026247218 0.686873734 -0.064076900 -0.002285454 0.999357462 -0.035771381 -0.120989382 -0.687371254 0.024411036 0.725896001 5.108740330
0.687683344 0.026873961 0.725513101 -0.051922083 -0.001328097 0.999359608 -0.035758749 -0.122014165 -0.726009429 0.023627147 0.687278748 5.117928028
0.647537053 0.023771564 0.761662960 -0.034925938 0.003353059 0.999414682 -0.034042463 -0.122969508 -0.762026429 0.024597665 0.647078574 5.129449844
0.603845119 0.021928392 0.796799958 -0.021472216 0.004664714 0.999507070 -0.031042106 -0.123459190 -0.797088087 0.022461468 0.603445292 5.137721062
0.557559252 0.020337533 0.829887986 -0.004202604 0.005927966 0.999576807 -0.028478686 -0.124129258 -0.830116034 0.020798102 0.557202756 5.147706985
0.509906709 0.017812736 0.860045254 0.010476351 0.007361795 0.999658585 -0.025069011 -0.124864161 -0.860198259 0.019114334 0.509601533 5.154615879
0.459285229 0.013824598 0.888181269 0.029415607 0.010103574 0.999732852 -0.020785542 -0.125703737 -0.888231397 0.018520296 0.459022880 5.162735462
0.407137185 0.013864554 0.913261712 0.045370340 0.007352514 0.999802649 -0.018456154 -0.126525909 -0.913337469 0.014228958 0.406954914 5.168952942
0.356817275 0.019173410 0.933977425 0.065690756 0.004017385 0.999748588 -0.022058416 -0.127120629 -0.934165537 0.011622972 0.356650621 5.175108910
0.307063878 0.025034584 0.951359630 0.082610488 0.002332421 0.999631107 -0.027057648 -0.127610460 -0.951686025 0.010527398 0.306892276 5.178909302
0.259698272 0.026251785 0.965332866 0.104760528 0.005235580 0.999577403 -0.028591547 -0.128426000 -0.965675652 0.012479256 0.259451151 5.184164047
0.218571737 0.025944110 0.975475967 0.123634338 0.011863947 0.999501884 -0.029241437 -0.129169136 -0.975748777 0.017964348 0.218155190 5.186812878
0.184018269 0.025502725 0.982591927 0.147699356 0.019805437 0.999364197 -0.029647173 -0.130078569 -0.982723296 0.024916286 0.183396146 5.189286232
0.153413907 0.026917266 0.987795413 0.168375850 0.024453502 0.999219477 -0.031026429 -0.130548492 -0.987859428 0.028914941 0.152635932 5.191695213
0.125958443 0.025566993 0.991706014 0.194299698 0.022434957 0.999338686 -0.028613281 -0.131355643 -0.991781831 0.025852971 0.125301570 5.193931103
0.101217531 0.021459784 0.994632840 0.216735363 0.016189743 0.999599338 -0.023214471 -0.132401690 -0.994732559 0.018452566 0.100829579 5.195980549
0.076284073 0.018278504 0.996918619 0.244912773 0.010897217 0.999756932 -0.019164398 -0.133038938 -0.997026742 0.012325577 0.076066323 5.198670387
0.053435512 0.015850730 0.998445451 0.269164324 0.014935353 0.999749482 -0.016670749 -0.133841887 -0.998459637 0.015802948 0.053185370 5.199689865
0.033895798 0.016021058 0.999296963 0.299393535 0.023273813 0.999587595 -0.016815159 -0.135163099 -0.999154329 0.023827413 0.033508953 5.199112892
0.016775040 0.018498799 0.999688208 0.325427890 0.028068177 0.999426007 -0.018964941 -0.135904968 -0.999465227 0.028377561 0.016246190 5.199010849
0.001913790 0.024019999 0.999709606 0.357729167 0.028051144 0.999316692 -0.024064261 -0.136636019 -0.999604642 0.028089046 0.001238693 5.199219704
-0.009185816 0.028596833 0.999548733 0.385489196 0.024293488 0.999302268 -0.028366525 -0.137663156 -0.999662638 0.024021955 -0.009874124 5.199684143
-0.015717860 0.027916890 0.999486625 0.413342088 0.027161771 0.999253154 -0.027483221 -0.138376206 -0.999507487 0.026715849 -0.016464397 5.199104786
-0.018148061 0.025154769 0.999518871 0.453767508 0.033628799 0.999133229 -0.024534477 -0.139362738 -0.999269664 0.033167366 -0.018978255 5.198097706
-0.017374134 0.023370324 0.999575913 0.484310418 0.036518913 0.999074578 -0.022723848 -0.140217870 -0.999181986 0.036108617 -0.018211514 5.197454453
-0.015621557 0.022889722 0.999615908 0.513975143 0.034862205 0.999142468 -0.022334073 -0.141377300 -0.999270082 0.034499928 -0.016406147 5.196934223
-0.014014388 0.023378950 0.999628425 0.557786763 0.030290388 0.999277651 -0.022946088 -0.142912373 -0.999442935 0.029957557 -0.014712425 5.196928978
-0.013271730 0.024649544 0.999607980 0.590729296 0.029737387 0.999263585 -0.024246227 -0.143934995 -0.999469697 0.029403944 -0.013994968 5.197458744
-0.011826373 0.025484804 0.999605179 0.631667316 0.029187800 0.999257922 -0.025130630 -0.145287126 -0.999504030 0.028879073 -0.012561439 5.196587086
-0.011264890 0.025119472 0.999620914 0.665596962 0.028505256 0.999286175 -0.024789834 -0.146271870 -0.999530256 0.028215198 -0.011972886 5.196763515
-0.010448066 0.023886971 0.999659956 0.709030509 0.027388131 0.999346375 -0.023593225 -0.147843450 -0.999570310 0.027132316 -0.011095454 5.196392536
-0.010113640 0.022500662 0.999695659 0.745077908 0.028596280 0.999344289 -0.022203457 -0.148973644 -0.999539912 0.028363019 -0.010750441 5.196380138
-0.010674380 0.020520372 0.999732375 0.781456769 0.029568151 0.999358594 -0.020196995 -0.150009766 -0.999505758 0.029344648 -0.011274284 5.196209431
-0.011735917 0.018482683 0.999760270 0.831390798 0.026755646 0.999476910 -0.018163374 -0.152250797 -0.999573052 0.026536070 -0.012224296 5.195793629
-0.012953329 0.017551877 0.999761999 0.868193448 0.025561271 0.999524951 -0.017216539 -0.153489783 -0.999589324 0.025332177 -0.013395825 5.195824623
-0.015324023 0.015470112 0.999762833 0.905589938 0.027667457 0.999503970 -0.015042032 -0.154170066 -0.999499738 0.027430393 -0.015744440 5.196341991
-0.015007759 0.013297999 0.999798834 0.956271052 0.029560817 0.999480426 -0.012850031 -0.155916676 -0.999450266 0.029362025 -0.015393059 5.194498539
-0.016731057 0.012537329 0.999781311 0.994721830 0.026733024 0.999569535 -0.012087300 -0.157052830 -0.999502540 0.026524952 -0.017059015 5.194183350
-0.017529754 0.017297311 0.999696672 1.033374190 0.023931852 0.999571145 -0.016875491 -0.158141047 -0.999559879 0.023628773 -0.017936191 5.193735600
-0.018524572 0.021697085 0.999592900 1.083995700 0.025455318 0.999450684 -0.021222252 -0.159768045 -0.999504328 0.025051828 -0.019066699 5.193392754
-0.019515928 0.023613747 0.999530613 1.123140454 0.025989782 0.999395311 -0.023103092 -0.160958290 -0.999471664 0.025526704 -0.020117840 5.192817688
-0.021124361 0.021513326 0.999545336 1.162956119 0.021612238 0.999544680 -0.021056561 -0.162603930 -0.999543250 0.021157607 -0.021579694 5.192496300
-0.022417614 0.017272161 0.999599397 1.203216910 0.018845798 0.999680340 -0.016850913 -0.163928241 -0.999571025 0.018460490 -0.022735957 5.192299366
-0.023128014 0.012512523 0.999654293 1.259571314 0.017953090 0.999765635 -0.012098555 -0.165573850 -0.999571443 0.017667068 -0.023347234 5.192250252
-0.023699902 0.007150081 0.999693513 1.299910069 0.013808210 0.999881327 -0.006824072 -0.166707352 -0.999623775 0.013642245 -0.023795824 5.192104340
-0.023775052 0.005126745 0.999704182 1.339307308 0.011339834 0.999923825 -0.004858186 -0.168152437 -0.999653101 0.011220975 -0.023831384 5.191903114
-0.021927739 0.012375628 0.999682903 1.389260054 0.014757873 0.999818385 -0.012053597 -0.169499964 -0.999650657 0.014488884 -0.022106398 5.190027714
-0.020988842 0.023497842 0.999503493 1.428501248 0.016613748 0.999593854 -0.023151096 -0.170733795 -0.999641716 0.016119583 -0.021370701 5.189440250
-0.019952096 0.028876893 0.999383807 1.467687130 0.018501075 0.999422252 -0.028508648 -0.171757579 -0.999629736 0.017920868 -0.020474827 5.188550949
-0.019039515 0.023498118 0.999542534 1.518056870 0.020255247 0.999527633 -0.023111941 -0.173571020 -0.999613583 0.019805942 -0.019506484 5.188070774
-0.018818801 0.016696170 0.999683499 1.558328986 0.023368077 0.999594688 -0.016254794 -0.174851686 -0.999549806 0.023054786 -0.019201333 5.187986851
-0.017697606 0.013923095 0.999746323 1.597020984 0.024784433 0.999601841 -0.013482348 -0.175947636 -0.999536157 0.024539543 -0.018035637 5.187363625
-0.017721532 0.013295979 0.999754488 1.645697236 0.022505058 0.999663532 -0.012895848 -0.178160667 -0.999589682 0.022271000 -0.018014796 5.186416149
-0.018699644 0.014367076 0.999721944 1.683702111 0.018517712 0.999730170 -0.014020826 -0.179311499 -0.999653697 0.018250378 -0.018960645 5.186141014
-0.020051813 0.014701102 0.999690771 1.722541690 0.017694796 0.999740422 -0.014346911 -0.180568814 -0.999642372 0.017401647 -0.020306742 5.185455799
-0.022771239 0.014621763 0.999633670 1.770533562 0.017886302 0.999738932 -0.014215858 -0.182280898 -0.999580681 0.017556034 -0.023026828 5.185096741
-0.024572520 0.014970019 0.999585986 1.808281898 0.016013706 0.999765515 -0.014579047 -0.183557153 -0.999569774 0.015648833 -0.024806486 5.184100628
-0.027242446 0.015445135 0.999509573 1.846905351 0.014690499 0.999778807 -0.015048893 -0.184905797 -0.999520898 0.014273326 -0.027463317 5.184057236
-0.029076388 0.014591415 0.999470830 1.892672896 0.012972437 0.999814689 -0.014219049 -0.186341330 -0.999493062 0.012552132 -0.029260298 5.183066368
-0.032649577 0.013505708 0.999375582 1.930628657 0.013410212 0.999824584 -0.013073665 -0.187377304 -0.999376953 0.012974991 -0.032824963 5.183343887
-0.033416465 0.012862621 0.999358773 1.966151595 0.012957175 0.999838710 -0.012435537 -0.189075172 -0.999357581 0.012533316 -0.033577740 5.181670666
-0.035055336 0.014660861 0.999277830 2.012158155 0.012601542 0.999819279 -0.014226737 -0.190187559 -0.999305964 0.012093717 -0.035233747 5.180119038
-0.035940401 0.014638211 0.999246716 2.048368216 0.012126166 0.999825358 -0.014210543 -0.191629827 -0.999280393 0.011606299 -0.036111638 5.178748608
-0.037287086 0.013921957 0.999207675 2.090630054 0.015290721 0.999793768 -0.013359526 -0.192698300 -0.999187589 0.014780467 -0.037492283 5.177622318
-0.038656868 0.012829781 0.999170303 2.126811028 0.015436998 0.999805927 -0.012240703 -0.194139183 -0.999133289 0.014951002 -0.038847428 5.176180840
-0.040129840 0.012809935 0.999112427 2.162442684 0.014625764 0.999818265 -0.012231532 -0.195303231 -0.999087512 0.014121931 -0.040309902 5.175349712
-0.041793983 0.011595302 0.999058962 2.206029892 0.012293708 0.999862909 -0.011090348 -0.196794555 -0.999050617 0.011818630 -0.041930810 5.174366951
-0.041953400 0.009849574 0.999071062 2.240118742 0.010658612 0.999898851 -0.009410159 -0.198123142 -0.999062777 0.010253921 -0.042054143 5.172700882
-0.043140490 0.010079368 0.999018192 2.278888702 0.011367930 0.999889255 -0.009597259 -0.199290752 -0.999004364 0.010942738 -0.043250293 5.171774387
-0.043581806 0.012236394 0.998974919 2.312010288 0.011275131 0.999867320 -0.011755432 -0.200593561 -0.998986304 0.010751250 -0.043713991 5.170633793
-0.043566134 0.015274631 0.998933733 2.349499226 0.011565158 0.999823809 -0.014783852 -0.201679736 -0.998983622 0.010908752 -0.043735113 5.169317722
-0.043250579 0.017589729 0.998909354 2.382011414 0.009738928 0.999804795 -0.017183825 -0.202684760 -0.999016762 0.008985095 -0.043413449 5.168117523
-0.043935020 0.017863458 0.998874664 2.419550180 0.010310620 0.999794960 -0.017426409 -0.204087377 -0.998981178 0.009533386 -0.044110205 5.167118549
-0.043521453 0.017201474 0.998904407 2.451902628 0.010973662 0.999799669 -0.016738780 -0.205406860 -0.998992264 0.010233143 -0.043701500 5.165375233
-0.043686744 0.017566331 0.998890877 2.488283396 0.012194020 0.999780238 -0.017048663 -0.206292361 -0.998970866 0.011435696 -0.043891344 5.164061069
-0.042928237 0.017325701 0.998928010 2.519371510 0.008843819 0.999817014 -0.016961062 -0.207630962 -0.999039054 0.008106228 -0.043073613 5.162672997
-0.044037811 0.017474081 0.998877048 2.556762695 0.005737074 0.999834836 -0.017237907 -0.209143966 -0.999013424 0.004971511 -0.044130791 5.162134647
-0.043901727 0.016309345 0.998902798 2.588223934 0.007178106 0.999845982 -0.016009269 -0.210083500 -0.999010146 0.006467395 -0.044012040 5.161146164
-0.045005377 0.015520222 0.998866141 2.624597549 0.007669427 0.999855161 -0.015190034 -0.211364761 -0.998957336 0.006977096 -0.045117900 5.159583569
-0.048812311 0.015573646 0.998686492 2.656021833 0.004409580 0.999872029 -0.015376608 -0.211914405 -0.998798311 0.003653219 -0.048874732 5.158800125
-0.053981170 0.014824474 0.998431921 2.687662125 0.001102217 0.999890029 -0.014786531 -0.213521034 -0.998541415 0.000302294 -0.053991579 5.157372952
-0.059453562 0.018231837 0.998064518 2.724348307 0.003658304 0.999830425 -0.018046172 -0.214956567 -0.998224378 0.002578314 -0.059510164 5.154839516
-0.066787876 0.021678753 0.997531593 2.756441116 0.006806247 0.999750555 -0.021271273 -0.215655416 -0.997744024 0.005368785 -0.066918768 5.153206348
-0.073841788 0.023490490 0.996993244 2.787404537 0.005506725 0.999716938 -0.023146808 -0.216610700 -0.997254729 0.003780966 -0.073950231 5.150941372
-0.079341166 0.021527573 0.996615052 2.824838638 0.001264619 0.999768257 -0.021495001 -0.218705088 -0.996846735 -0.000445101 -0.079349995 5.147696018
-0.084280938 0.020448007 0.996232271 2.856560469 0.000924047 0.999790609 -0.020442866 -0.219747320 -0.996441662 -0.000802379 -0.084282175 5.145085335
-0.089237675 0.021222796 0.995784223 2.893254280 -0.001294081 0.999769688 -0.021423707 -0.220966265 -0.996009469 -0.003200427 -0.089189671 5.142295837
-0.093525708 0.021677848 0.995380878 2.926158190 -0.002915345 0.999752700 -0.022046987 -0.221517414 -0.995612621 -0.004963839 -0.093439385 5.139794350
-0.095793635 0.017800385 0.995242000 2.963173389 -0.002757154 0.999831438 -0.018147854 -0.222996458 -0.995397389 -0.004482486 -0.095728450 5.136196136
-0.096743882 0.015988506 0.995180845 2.996428013 0.000368879 0.999871373 -0.016028009 -0.223466516 -0.995309234 -0.001183512 -0.096737362 5.132699013
-0.098875374 0.012289671 0.995023906 3.034540653 -0.000275549 0.999923348 -0.012377566 -0.225110561 -0.995099783 -0.001498015 -0.098864399 5.129433632
-0.101122871 0.011409102 0.994808495 3.068569660 -0.001996692 0.999929905 -0.011670804 -0.226330161 -0.994871914 -0.003166511 -0.101093002 5.126805305
-0.101048969 0.015565723 0.994759679 3.107458591 0.000197868 0.999877870 -0.015625712 -0.227186963 -0.994881451 -0.001382131 -0.101039700 5.122990131
-0.100686900 0.019387811 0.994729161 3.141567469 0.006325455 0.999802411 -0.018846419 -0.228292555 -0.994898081 0.004394527 -0.100789659 5.119112015
-0.101676658 0.024130298 0.994524837 3.176074028 0.013662244 0.999645352 -0.022857761 -0.229671553 -0.994723678 0.011263340 -0.101970270 5.115543365
-0.102212772 0.025212821 0.994442940 3.217911482 0.014084514 0.999615192 -0.023896294 -0.231205106 -0.994662821 0.011563738 -0.102528580 5.111413479
-0.102814108 0.023721041 0.994417727 3.252792358 0.013160756 0.999660492 -0.022485400 -0.232309520 -0.994613528 0.010775471 -0.103091404 5.108176708
-0.102627560 0.018108279 0.994554996 3.292896271 0.012375478 0.999780178 -0.016926399 -0.233965129 -0.994642854 0.010570980 -0.102829099 5.104372501
-0.102252059 0.016148649 0.994627357 3.327499628 0.014439170 0.999787033 -0.014748007 -0.235184580 -0.994653702 0.012853582 -0.102463461 5.100596428
-0.103630513 0.015664263 0.994492531 3.367053032 0.014610336 0.999792039 -0.014225275 -0.236594498 -0.994508564 0.013055697 -0.103837818 5.096933842
-0.105651036 0.015564262 0.994281471 3.401731491 0.012711881 0.999816895 -0.014300165 -0.238065973 -0.994322002 0.011128360 -0.105829544 5.093845367
-0.107957050 0.017396430 0.994003296 3.441227674 0.012894386 0.999787152 -0.016097220 -0.239079222 -0.994071901 0.011079252 -0.108158402 5.090177536
-0.111340992 0.017181274 0.993633747 3.476848841 0.013992234 0.999778390 -0.015719634 -0.240538999 -0.993683696 0.012152915 -0.111556739 5.087327957
-0.112101927 0.017808110 0.993537128 3.515280485 0.014783367 0.999758601 -0.016251599 -0.241574213 -0.993586719 0.012865987 -0.112338170 5.082486153
-0.114144549 0.017787829 0.993304849 3.550241947 0.015046846 0.999755979 -0.016174261 -0.242487609 -0.993350208 0.013099902 -0.114384368 5.078955650
-0.115733184 0.017424045 0.993127465 3.589044571 0.012084898 0.999796808 -0.016132755 -0.244365007 -0.993206859 0.010134750 -0.115920216 5.074448586
-0.116460815 0.019280635 0.993008137 3.624193192 0.013051267 0.999754906 -0.017880976 -0.245286852 -0.993109584 0.010877581 -0.116683893 5.070784092
-0.117582954 0.020054910 0.992860496 3.659576893 0.011728145 0.999754369 -0.018805217 -0.246221453 -0.992993832 0.009433240 -0.117789291 5.066699028
-0.118979253 0.020016911 0.992695034 3.700868607 0.011124421 0.999760866 -0.018826077 -0.247696877 -0.992834389 0.008803246 -0.119173490 5.062112331
-0.119752385 0.018179623 0.992637277 3.736560345 0.011199441 0.999793351 -0.016959578 -0.248897895 -0.992740571 0.009086033 -0.119931258 5.058100700
-0.120906755 0.015761085 0.992538691 3.776654243 0.009031646 0.999850035 -0.014776992 -0.250315964 -0.992622793 0.007177620 -0.121030942 5.053552628
-0.123251818 0.014163981 0.992274344 3.813523054 0.006326480 0.999889016 -0.013486858 -0.251006365 -0.992355287 0.004615323 -0.123327725 5.049887180
-0.124983482 0.013182663 0.992071211 3.853314161 0.007243035 0.999897182 -0.012374159 -0.252331764 -0.992132366 0.005639041 -0.125066161 5.044876099
-0.127189934 0.014457868 0.991773009 3.890063524 0.008067077 0.999875784 -0.013541427 -0.252930015 -0.991845548 0.006278376 -0.127290785 5.040806770
-0.129143149 0.015487457 0.991505027 3.927460194 0.007942892 0.999861956 -0.014583439 -0.254276156 -0.991594195 0.005992065 -0.129248366 5.035806656
-0.130288437 0.018669389 0.991300344 3.970494270 0.009597070 0.999799728 -0.017568091 -0.255932361 -0.991429687 0.007224660 -0.130441502 5.030257225
-0.130162537 0.022197334 0.991244197 4.007873058 0.011564009 0.999715328 -0.020868536 -0.257445276 -0.991425157 0.008746454 -0.130382195 5.024844646
-0.131740019 0.025965888 0.990944207 4.046192169 0.012670738 0.999619305 -0.024508704 -0.258857578 -0.991203368 0.009327218 -0.132018879 5.020441055
-0.131690457 0.027584104 0.990907192 4.090555191 0.014481294 0.999559641 -0.025900424 -0.260148227 -0.991185129 0.010938779 -0.132031918 5.015088081
-0.130868793 0.027436668 0.991020024 4.129548550 0.018108001 0.999516308 -0.025280647 -0.261427909 -0.991234362 0.014636942 -0.131302342 5.009989262
-0.130794674 0.024831764 0.991098404 4.172061920 0.018462006 0.999573946 -0.022607692 -0.263494760 -0.991237640 0.015340700 -0.131197348 5.004196167
-0.129855782 0.023444358 0.991255701 4.211311817 0.018109823 0.999609768 -0.021269530 -0.264772356 -0.991367579 0.015189492 -0.130229652 4.999460697
-0.128228933 0.020719770 0.991528094 4.254911423 0.017072059 0.999679685 -0.018682275 -0.266606629 -0.991597712 0.014531820 -0.128541604 4.994157791
-0.126947641 0.017884176 0.991748214 4.294178963 0.016860308 0.999731898 -0.015869964 -0.267700821 -0.991766214 0.014706526 -0.127215162 4.989600658
-0.124878690 0.014262482 0.992069483 4.337738514 0.017748334 0.999768674 -0.012139065 -0.269257635 -0.992013276 0.016091669 -0.125102922 4.984026432
-0.123521902 0.014434952 0.992236853 4.377630234 0.016143296 0.999791026 -0.012535200 -0.270407408 -0.992210507 0.014469602 -0.123729102 4.979746342
-0.121598542 0.018360782 0.992409468 4.421266556 0.017105579 0.999719203 -0.016400097 -0.272124529 -0.992431998 0.014981511 -0.121878460 4.974221230
-0.119537771 0.024712725 0.992522061 4.460638046 0.017798794 0.999582887 -0.022744874 -0.273413181 -0.992670119 0.014946825 -0.119927764 4.969611645
-0.118006267 0.028205523 0.992612183 4.495959282 0.016142877 0.999518812 -0.026482644 -0.274819940 -0.992881596 0.012898501 -0.118404835 4.966020107
-0.116774015 0.025792576 0.992823482 4.545724392 0.014960916 0.999594927 -0.024208818 -0.276457429 -0.993045866 0.012026587 -0.117112584 4.960768700
-0.115805618 0.023280241 0.992998958 4.584965706 0.015353231 0.999647737 -0.021645591 -0.277852654 -0.993153214 0.012739063 -0.116122253 4.956374645
-0.115613647 0.021565828 0.993060112 4.620349884 0.014243675 0.999697506 -0.020051695 -0.279094815 -0.993192136 0.011826576 -0.115885846 4.952552319
-0.114199050 0.021287341 0.993229747 4.671296120 0.015690932 0.999684334 -0.019621566 -0.281151205 -0.993333995 0.013343936 -0.114497036 4.946842194
-0.113635778 0.021718962 0.993285000 4.712442398 0.015282745 0.999680877 -0.020110404 -0.282373995 -0.993404925 0.012894861 -0.113931462 4.942502975
-0.113372907 0.019923836 0.993352652 4.752025604 0.016973788 0.999691784 -0.018113734 -0.283590406 -0.993407488 0.014807350 -0.113676146 4.938630104
