0.999983609 -0.002845309 -0.004974594 -0.000302610 0.002827500 0.999989510 -0.003583454 -0.001787270 0.004984738 0.003569329 0.999981165 0.075530827
0.999962986 -0.004868070 -0.007094231 -0.000393777 0.004829376 0.999973357 -0.005461198 -0.002104864 0.007120624 0.005426736 0.999959946 0.100672610
0.999938488 -0.007167984 -0.008463675 -0.000937089 0.007106309 0.999948144 -0.007294713 -0.002800583 0.008515521 0.007234117 0.999937475 0.125758201
0.999917328 -0.008350900 -0.009781461 -0.001424500 0.008271602 0.999932766 -0.008119646 -0.003239577 0.009848608 0.008038065 0.999919236 0.151603237
0.999903440 -0.008260839 -0.011178432 -0.001896583 0.008175309 0.999937177 -0.007675691 -0.003740876 0.011241141 0.007583562 0.999908030 0.177101240
0.999881387 -0.008924594 -0.012553531 -0.002207445 0.008828343 0.999931395 -0.007701713 -0.004598915 0.012621402 0.007589972 0.999891520 0.203216687
0.999874592 -0.008207754 -0.013546249 -0.002946999 0.008064598 0.999911427 -0.010589102 -0.005343767 0.013631959 0.010478527 0.999852121 0.229902923
0.999867916 -0.006528271 -0.014886027 -0.003458136 0.006316845 0.999879181 -0.014206042 -0.006047349 0.014976967 0.014110131 0.999788284 0.253485084
0.999857605 -0.005189995 -0.016057493 -0.004375671 0.004904700 0.999830306 -0.017755754 -0.006873646 0.016146921 0.017674467 0.999713361 0.284144074
0.999840200 -0.003303661 -0.017568523 -0.004999869 0.002981235 0.999827206 -0.018347116 -0.007036223 0.017626103 0.018291809 0.999677241 0.309083402
0.999826431 -0.001258630 -0.018589709 -0.006070879 0.001052342 0.999937952 -0.011102535 -0.007855998 0.018602522 0.011081044 0.999765515 0.341130853
0.999816239 -0.000318162 -0.019169161 -0.006764925 0.000310715 0.999999881 -0.000391437 -0.008447662 0.019169278 0.000385406 0.999816179 0.367513239
0.999795914 0.000591712 -0.020198073 -0.007906229 -0.000470475 0.999981940 0.006006635 -0.009025471 0.020201258 -0.005995906 0.999777973 0.401268184
0.999781609 0.002324856 -0.020775924 -0.009272316 -0.002228664 0.999986708 0.004651887 -0.009237377 0.020786460 -0.004604569 0.999773324 0.428332865
0.999744952 0.004876192 -0.022054469 -0.010246133 -0.004924231 0.999985576 -0.002124402 -0.010050531 0.022043798 0.002232461 0.999754548 0.462647229
0.999725997 0.004468446 -0.022982664 -0.011191287 -0.004661627 0.999954224 -0.008358837 -0.010029661 0.022944264 0.008463682 0.999700963 0.490587741
0.999709606 0.002193378 -0.024004625 -0.012401456 -0.002352201 0.999975562 -0.006590105 -0.010243803 0.023989582 0.006644654 0.999690175 0.527569175
0.999678910 0.001573249 -0.025292676 -0.012673849 -0.001496943 0.999994397 0.003035560 -0.010746414 0.025297306 -0.002996722 0.999675512 0.557377160
0.999686360 0.000990251 -0.025025351 -0.014393901 -0.000733400 0.999947011 0.010270732 -0.011049168 0.025034197 -0.010249160 0.999634027 0.596424878
0.999681473 0.000516785 -0.025236452 -0.015540003 -0.000185193 0.999913692 0.013139995 -0.011503316 0.025241060 -0.013131138 0.999595165 0.627386987
0.999673486 -0.001887733 -0.025483629 -0.016568746 0.002184164 0.999930263 0.011609427 -0.011130407 0.025459932 -0.011661300 0.999607801 0.659728765
0.999681294 -0.001691689 -0.025187571 -0.017695285 0.001923347 0.999956071 0.009175925 -0.011362979 0.025170935 -0.009221444 0.999640644 0.704818547
0.999694943 0.000535186 -0.024693087 -0.018828977 -0.000385752 0.999981582 0.006056023 -0.011391060 0.024695873 -0.006044650 0.999676704 0.737903416
0.999713838 -0.002893185 -0.023749201 -0.020050639 0.002904480 0.999995649 0.000441159 -0.011560498 0.023747817 -0.000510011 0.999717891 0.771681547
0.999723196 -0.004855408 -0.023024719 -0.020939006 0.004721884 0.999971747 -0.005849953 -0.012316217 0.023052471 0.005739612 0.999717772 0.819822848
0.999761283 -0.003947800 -0.021494189 -0.022494877 0.003710782 0.999931991 -0.011055779 -0.012826897 0.021536367 0.010973377 0.999707818 0.854733884
0.999747753 -0.002627693 -0.022307882 -0.022869902 0.002356187 0.999922991 -0.012188413 -0.013214923 0.022338184 0.012132775 0.999676883 0.890690506
0.999745607 -0.002390160 -0.022428075 -0.023753941 0.002125262 0.999927759 -0.011827384 -0.014153995 0.022454722 0.011776711 0.999678493 0.941561282
0.999748051 -0.000719897 -0.022435449 -0.025046876 0.000423741 0.999912739 -0.013202296 -0.015163332 0.022442993 0.013189461 0.999661088 0.978722095
0.999768138 0.002316799 -0.021410571 -0.026957219 -0.002649238 0.999876201 -0.015511563 -0.015810786 0.021371977 0.015564688 0.999650419 1.001469851
0.999723971 0.005962566 -0.022722671 -0.027262112 -0.006320295 0.999856651 -0.015704149 -0.017613878 0.022625776 0.015843423 0.999618411 1.069612741
0.999772608 0.006830735 -0.020198077 -0.032824665 -0.007107258 0.999881566 -0.013650689 -0.020077672 0.020102441 0.013791138 0.999702752 1.100422859
0.999705136 0.007947343 -0.022943692 -0.030266069 -0.008312571 0.999839544 -0.015867256 -0.019799391 0.022813909 0.016053297 0.999610841 1.146607995
0.999690890 0.008810023 -0.023250382 -0.031010941 -0.009171916 0.999837697 -0.015504522 -0.021703685 0.023110017 0.015712976 0.999609411 1.200422049
0.999661982 0.010128838 -0.023949621 -0.031751290 -0.010471103 0.999844253 -0.014209028 -0.022967126 0.023801973 0.014455005 0.999612153 1.240022302
0.999647379 0.010654028 -0.024326369 -0.033315592 -0.010972243 0.999855459 -0.012985199 -0.023321133 0.024184510 0.013247536 0.999619722 1.278882146
0.999637425 0.011295999 -0.024439186 -0.034897245 -0.011572319 0.999870300 -0.011194794 -0.025510669 0.024309561 0.011473552 0.999638617 1.334225535
0.999639511 0.011193232 -0.024404923 -0.036384735 -0.011509584 0.999850988 -0.012861038 -0.026298270 0.024257330 0.013137291 0.999619365 1.374519825
0.999613345 0.012317331 -0.024926614 -0.037247244 -0.012661148 0.999826193 -0.013682676 -0.027395496 0.024753744 0.013992983 0.999595702 1.415012360
0.999596715 0.012321333 -0.025584402 -0.038767785 -0.012645557 0.999841213 -0.012549791 -0.028928630 0.025425704 0.012868259 0.999593854 1.470436096
0.999604940 0.011563712 -0.025615621 -0.040561747 -0.011829286 0.999877572 -0.010240525 -0.029661834 0.025494060 0.010539495 0.999619365 1.510956764
0.999592304 0.011548650 -0.026111040 -0.042017143 -0.011718445 0.999911070 -0.006359004 -0.030701064 0.026035279 0.006662393 0.999638796 1.552774310
0.999550581 0.011488547 -0.027689904 -0.042998921 -0.011599337 0.999925256 -0.003843818 -0.032237560 0.027643675 0.004163274 0.999609113 1.609375119
0.999541044 0.011297509 -0.028110556 -0.044712618 -0.011400456 0.999928832 -0.003504562 -0.032983631 0.028068960 0.003823426 0.999598622 1.651218414
0.999534309 0.010953587 -0.028483199 -0.046500526 -0.011099854 0.999925971 -0.004982277 -0.033932287 0.028426509 0.005296116 0.999581873 1.702639461
0.999521971 0.011762371 -0.028594634 -0.048444394 -0.011932345 0.999912083 -0.005780931 -0.034531873 0.028524118 0.006119368 0.999574482 1.744212747
0.999488533 0.011576070 -0.029810624 -0.050007664 -0.011741154 0.999916553 -0.005368747 -0.035055440 0.029745989 0.005716012 0.999541163 1.786884069
0.999462783 0.011518357 -0.030687040 -0.051688857 -0.011614731 0.999928057 -0.002964010 -0.036435168 0.030650694 0.003318839 0.999524593 1.844593287
0.999427795 0.011662073 -0.031752139 -0.053099729 -0.011690556 0.999931276 -0.000711516 -0.037170317 0.031741660 0.001082308 0.999495506 1.886764169
0.999428272 0.012334049 -0.031479508 -0.055436898 -0.012342785 0.999923766 -0.000083206 -0.038690235 0.031476088 0.000471703 0.999504387 1.938994408
0.999410212 0.012905393 -0.031821977 -0.057238583 -0.013034551 0.999907553 -0.003854686 -0.039627977 0.031769287 0.004267198 0.999486148 1.980927467
0.999355972 0.015159296 -0.032525696 -0.058584772 -0.015429086 0.999848425 -0.008059747 -0.040355764 0.032398596 0.008556398 0.999438405 2.022416592
0.999377549 0.015212464 -0.031828541 -0.061205260 -0.015477103 0.999847472 -0.008084691 -0.041825868 0.031700704 0.008572273 0.999460578 2.080206871
0.999403059 0.016032945 -0.030601701 -0.063874103 -0.016226029 0.999849916 -0.006071614 -0.042470016 0.030499760 0.006564533 0.999513268 2.122182369
0.999353528 0.016435010 -0.031977683 -0.064790078 -0.016552657 0.999857128 -0.003417718 -0.043994613 0.031916939 0.003944823 0.999482751 2.175577641
0.999400079 0.014618697 -0.031399321 -0.066919580 -0.014679771 0.999890804 -0.001715465 -0.044951785 0.031370811 0.002175370 0.999505460 2.217241526
0.999387324 0.014950813 -0.031644076 -0.068350516 -0.015049261 0.999882638 -0.002875252 -0.046229448 0.031597365 0.003349710 0.999495089 2.269904137
0.999432743 0.014283332 -0.030497601 -0.070188731 -0.014431775 0.999885082 -0.004652723 -0.047096021 0.030427629 0.005090218 0.999524057 2.311456680
0.999413252 0.014390945 -0.031081378 -0.072077893 -0.014615033 0.999868631 -0.006994596 -0.048190150 0.030976633 0.007444747 0.999492407 2.364734411
0.999428034 0.012983531 -0.031227322 -0.073374473 -0.013296157 0.999863267 -0.009824472 -0.049040824 0.031095492 0.010234054 0.999464154 2.406282425
0.999462366 0.011456843 -0.030721644 -0.075475216 -0.011859572 0.999845684 -0.012958871 -0.050699130 0.030568436 0.013316247 0.999444008 2.459014416
0.999483168 0.009628582 -0.030673247 -0.076793365 -0.010079080 0.999843061 -0.014566492 -0.051980324 0.030528182 0.014868120 0.999423325 2.500926733
0.999502122 0.008046483 -0.030508300 -0.078640401 -0.008424615 0.999889076 -0.012286253 -0.053526495 0.030406058 0.012537157 0.999459088 2.554549932
0.999517322 0.006832819 -0.030306956 -0.080149263 -0.007032435 0.999954343 -0.006484858 -0.054443669 0.030261260 0.006694860 0.999519646 2.596743107
0.999537468 0.005428303 -0.029923338 -0.081983268 -0.005442420 0.999985099 -0.000390357 -0.055891328 0.029920772 0.000553031 0.999552131 2.649531841
0.999539793 0.004044423 -0.030065691 -0.083144389 -0.004047103 0.999991775 -0.000028223 -0.056519642 0.030065328 0.000149887 0.999547899 2.691633463
0.999558330 0.000731546 -0.029709456 -0.084949799 -0.000800152 0.999997020 -0.002297422 -0.057826255 0.029707685 0.002320179 0.999555945 2.744120359
0.999548614 -0.001256118 -0.030018520 -0.086105302 0.001088080 0.999983609 -0.005613486 -0.058643345 0.030025074 0.005578290 0.999533594 2.786131859
0.999553859 0.001043619 -0.029849552 -0.087940633 -0.001324280 0.999955177 -0.009384304 -0.059960917 0.029838417 0.009419647 0.999510288 2.829106569
0.999552608 0.000484734 -0.029903999 -0.089510955 -0.000911276 0.999898076 -0.014251733 -0.060891908 0.029894046 0.014272608 0.999451160 2.886681795
0.999571085 0.003844745 -0.029031504 -0.091147654 -0.004289766 0.999873996 -0.015282160 -0.061861005 0.028969090 0.015400142 0.999461651 2.929268599
0.999592960 0.008196506 -0.027324969 -0.093678936 -0.008520414 0.999894500 -0.011758657 -0.062972017 0.027225714 0.011986690 0.999557436 2.973004818
0.999543369 0.010233382 -0.028431745 -0.094935171 -0.010502555 0.999901235 -0.009334140 -0.065143652 0.028333420 0.009628485 0.999552190 3.030390739
0.999543011 0.010032170 -0.028517358 -0.096021712 -0.010280588 0.999910295 -0.008577887 -0.066024467 0.028428750 0.008867141 0.999556541 3.072715759
0.999544322 0.008830455 -0.028868463 -0.097042263 -0.009062420 0.999927580 -0.007914234 -0.067040354 0.028796487 0.008172245 0.999551952 3.116311312
0.999545217 0.007220553 -0.029278431 -0.098819740 -0.007414835 0.999951184 -0.006532521 -0.068755344 0.029229827 0.006746643 0.999550104 3.173096180
0.999548733 0.005884219 -0.029457830 -0.100442648 -0.006018672 0.999971926 -0.004477637 -0.069748633 0.029430650 0.004652912 0.999556124 3.215498924
0.999527216 0.004141303 -0.030467493 -0.101701975 -0.004229933 0.999987066 -0.002845124 -0.070596650 0.030455312 0.002972652 0.999531806 3.257608414
0.999511600 0.003287612 -0.031075716 -0.103472359 -0.003420408 0.999985218 -0.004221071 -0.071915418 0.031061385 0.004325300 0.999508142 3.316243649
0.999496996 0.004521775 -0.031388119 -0.105240606 -0.004772001 0.999957323 -0.007901686 -0.073048778 0.031351056 0.008047495 0.999476016 3.358235598
0.999465406 0.004409551 -0.032394592 -0.106476374 -0.004734789 0.999939024 -0.009970019 -0.074091971 0.032348659 0.010118069 0.999425352 3.400672674
0.999433577 0.005954949 -0.033122722 -0.109106749 -0.006231586 0.999946535 -0.008254957 -0.075811610 0.033071790 0.008456687 0.999417186 3.456209183
0.999409378 0.007436115 -0.033548757 -0.110672601 -0.007585954 0.999961853 -0.004341205 -0.076480426 0.033515193 0.004593140 0.999427557 3.498403311
0.999370396 0.008290912 -0.034498122 -0.112070575 -0.008294526 0.999965549 0.000038317 -0.078017749 0.034497257 0.000247853 0.999404788 3.540359020
0.999346912 0.009305785 -0.034915980 -0.114589430 -0.009294516 0.999956667 0.000485035 -0.078924283 0.034918986 -0.000160191 0.999390066 3.595710754
0.999310911 0.009335756 -0.035925526 -0.115968928 -0.009412633 0.999953747 -0.001971363 -0.079646297 0.035905458 0.002308158 0.999352515 3.637086153
0.999303162 0.009119730 -0.036193818 -0.118431933 -0.009210634 0.999954760 -0.002345677 -0.080887601 0.036170781 0.002677410 0.999342144 3.687425375
0.999285281 0.008597255 -0.036810145 -0.119947009 -0.008699054 0.999958754 -0.002606214 -0.081819035 0.036786210 0.002924565 0.999318898 3.728608370
0.999248087 0.007559712 -0.038031228 -0.121892385 -0.007648892 0.999968290 -0.002199973 -0.083002567 0.038013391 0.002489215 0.999274135 3.777505159
0.999236882 0.006068794 -0.038587101 -0.123596966 -0.006119134 0.999980509 -0.001186609 -0.083667047 0.038579147 0.001421823 0.999254525 3.817191362
0.999217629 0.005999156 -0.039091229 -0.125749901 -0.005934075 0.999980807 0.001780639 -0.084700443 0.039101154 -0.001547276 0.999234021 3.864951372
0.999184608 0.005435053 -0.040006671 -0.127521217 -0.005318121 0.999981344 0.003028645 -0.085826620 0.040022369 -0.002813416 0.999194741 3.902842760
0.999105871 0.003751757 -0.042114981 -0.129677296 -0.003638311 0.999989510 0.002770084 -0.086400881 0.042124946 -0.002614380 0.999108851 3.948481321
0.998972178 0.003234895 -0.045212828 -0.131861269 -0.003164094 0.999993622 0.001637440 -0.087234966 0.045217834 -0.001492699 0.998975992 3.984925747
0.998799622 0.003353423 -0.048865985 -0.133899033 -0.003279116 0.999993265 0.001600725 -0.088662967 0.048871018 -0.001438567 0.998803973 4.028863907
0.998644233 0.003722924 -0.051922116 -0.135961056 -0.003654448 0.999992311 0.001413705 -0.089070819 0.051926978 -0.001222042 0.998650074 4.063081264
0.998475492 0.004440564 -0.055017628 -0.138749376 -0.004291152 0.999986768 0.002833557 -0.090198465 0.055029482 -0.002593149 0.998481393 4.104811668
0.998302162 0.005244123 -0.058011983 -0.140946403 -0.005038027 0.999980450 0.003698319 -0.090820819 0.058030240 -0.003399774 0.998309016 4.137439251
0.998102009 0.005901391 -0.061300080 -0.142970279 -0.005594392 0.999970973 0.005178554 -0.091454551 0.061328869 -0.004825789 0.998106003 4.168952465
0.997935057 0.008098852 -0.063719817 -0.146211624 -0.007740021 0.999952793 0.005876201 -0.092126742 0.063764393 -0.005370874 0.997950435 4.210619926
0.997760475 0.010498744 -0.066060603 -0.148589700 -0.010095537 0.999928296 0.006434460 -0.092795588 0.066123419 -0.005753132 0.997794807 4.239721298
0.997563124 0.011880497 -0.068751335 -0.151781961 -0.011542786 0.999919236 0.005307260 -0.093810961 0.068808831 -0.004500745 0.997619748 4.275063038
0.997356653 0.013077845 -0.071476251 -0.153963804 -0.013005421 0.999914229 0.001478566 -0.094423644 0.071489461 -0.000545078 0.997441173 4.302577019
0.997132659 0.015733251 -0.074019693 -0.156306237 -0.015947487 0.999870062 -0.002304139 -0.095061883 0.073973827 0.003477961 0.997254133 4.328314781
0.996976674 0.017164906 -0.075782552 -0.159544736 -0.017580930 0.999833763 -0.004825971 -0.095719032 0.075687118 0.006143708 0.997112632 4.361463070
0.996852696 0.019251358 -0.076903336 -0.161575049 -0.019721767 0.999791145 -0.005362053 -0.096545272 0.076784045 0.006861846 0.997024059 4.385013580
0.996820390 0.021060795 -0.076848432 -0.162933290 -0.021513864 0.999755681 -0.005072409 -0.097254552 0.076722816 0.006709586 0.997029901 4.407637596
0.997008502 0.025175350 -0.073076524 -0.166334987 -0.025510797 0.999667823 -0.003660449 -0.098035619 0.072960086 0.005513739 0.997319520 4.438111782
0.997317016 0.027933015 -0.067665614 -0.167870730 -0.028124696 0.999602675 -0.001881589 -0.098841734 0.067586161 0.003779615 0.997706234 4.458681107
0.997799337 0.028963795 -0.059645638 -0.169645309 -0.029039953 0.999578118 -0.000410127 -0.099122763 0.059608590 0.002141331 0.998219430 4.478528500
0.998333454 0.028491827 -0.050185628 -0.170234635 -0.028408196 0.999593556 0.002379132 -0.099829547 0.050233006 -0.000949485 0.998737037 4.497742176
0.998833120 0.028002655 -0.039344791 -0.170836017 -0.027895059 0.999605477 0.003281165 -0.100377701 0.039421149 -0.002179812 0.999220312 4.525899887
0.999321342 0.026929656 -0.025129877 -0.171480924 -0.026854778 0.999633908 0.003312416 -0.100698009 0.025209870 -0.002635312 0.999678612 4.543209076
0.999576092 0.027072702 -0.010714089 -0.170988917 -0.027049402 0.999631286 0.002313904 -0.101230115 0.010772783 -0.002023114 0.999939859 4.564198017
0.999633014 0.026052583 0.007427757 -0.170462534 -0.026047902 0.999660432 -0.000725894 -0.101673566 -0.007444144 0.000532149 0.999972105 4.580654144
0.999269545 0.025397917 0.028557274 -0.169380903 -0.025261603 0.999667645 -0.005124312 -0.102266468 -0.028677927 0.004399166 0.999578953 4.596842766
0.998326004 0.022990195 0.053073235 -0.167990044 -0.022496561 0.999697983 -0.009879879 -0.102800116 -0.053284347 0.008669373 0.998541713 4.612227917
0.996644258 0.020739995 0.079183705 -0.164815515 -0.019791229 0.999722779 -0.012748064 -0.103389129 -0.079426169 0.011138142 0.996778548 4.634869576
0.993836701 0.017759724 0.109421954 -0.162469923 -0.016362755 0.999772847 -0.013651609 -0.104103714 -0.109639555 0.011777027 0.993901610 4.649877071
0.989732087 0.015811536 0.142058045 -0.159396410 -0.013656572 0.999776602 -0.016131831 -0.104296409 -0.142281353 0.014026164 0.989726841 4.664520264
0.984126270 0.013225172 0.176975846 -0.154340148 -0.010294228 0.999794364 -0.017469229 -0.105156243 -0.177170470 0.015370098 0.984060109 4.683872700
0.976521969 0.009851814 0.215192288 -0.150076270 -0.006200401 0.999825180 -0.017636625 -0.105816036 -0.215328425 0.015888272 0.976412416 4.697556019
0.966884911 0.007723000 0.255095482 -0.145823598 -0.003184656 0.999829352 -0.018199010 -0.106624395 -0.255192488 0.016783958 0.966744542 4.710065842
0.954647005 0.008180542 0.297627538 -0.139438987 -0.002443002 0.999803960 -0.019644476 -0.107244596 -0.297729969 0.018026434 0.954479992 4.728150845
0.939614952 0.010522121 0.342071891 -0.133917928 -0.004025609 0.999797821 -0.019696075 -0.108023629 -0.342209995 0.017129676 0.939467371 4.740768433
0.922254622 0.009976886 0.386454105 -0.127779841 -0.003163272 0.999828160 -0.018263051 -0.108653620 -0.386569977 0.015620725 0.922127843 4.752545357
0.902113140 0.010266104 0.431377321 -0.118687510 -0.002851486 0.999836862 -0.017831415 -0.108972132 -0.431490093 0.014855887 0.901995301 4.769223213
0.879243612 0.008856356 0.476290047 -0.111318231 -0.000442066 0.999841809 -0.017775461 -0.109723121 -0.476372153 0.015418409 0.879108548 4.780343533
0.854347110 0.009596408 0.519614100 -0.103565216 0.001077560 0.999794722 -0.020236259 -0.110141270 -0.519701600 0.017848711 0.854161322 4.790699959
0.827371299 0.011440982 0.561538875 -0.091679096 0.001984165 0.999726713 -0.023292243 -0.111214004 -0.561651886 0.020385519 0.827122450 4.805299282
0.796786070 0.015787739 0.604055405 -0.082765818 0.001164612 0.999616742 -0.027662417 -0.111768566 -0.604260504 0.022744514 0.796462059 4.815581322
0.763494372 0.022282191 0.645430088 -0.073001146 -0.002683916 0.999505460 -0.031331073 -0.112389274 -0.645808995 0.022188814 0.763176560 4.825210571
0.726353526 0.027032122 0.686789513 -0.059135199 -0.004400242 0.999388695 -0.034682348 -0.112844445 -0.687307119 0.022169607 0.726028562 4.838747501
0.687723994 0.027259203 0.725460351 -0.047671318 -0.002789128 0.999386609 -0.034907959 -0.113663509 -0.725966871 0.021983638 0.687378287 4.847427845
0.647254050 0.024471032 0.761881471 -0.035299540 0.001980527 0.999427199 -0.033783361 -0.114125304 -0.762271762 0.023375344 0.646834850 4.855579376
0.603530407 0.022968128 0.797009051 -0.018984079 0.002948687 0.999513924 -0.031036764 -0.114796713 -0.797334492 0.021081764 0.603169382 4.865919590
0.558090687 0.021117918 0.829511166 -0.005609274 0.004622062 0.999581456 -0.028557308 -0.115205385 -0.829767048 0.019771619 0.557759523 4.873113632
0.509765804 0.019118557 0.860100627 0.011247158 0.004819778 0.999673843 -0.025077622 -0.116088837 -0.860299587 0.016929211 0.509507537 4.881600857
0.459292114 0.014940985 0.888159513 0.025662541 0.007578769 0.999756098 -0.020737505 -0.116883494 -0.888252914 0.016255729 0.459066987 4.887377739
0.407574534 0.015581281 0.913039029 0.043714762 0.005124481 0.999799669 -0.019349406 -0.117449790 -0.913157523 0.012565176 0.407412976 4.894248009
0.356039017 0.021022130 0.934234619 0.059185028 0.001499671 0.999732792 -0.023067493 -0.117808878 -0.934469879 0.009613973 0.355912298 4.899317265
0.306450427 0.025407797 0.951547444 0.078703642 0.001393107 0.999630690 -0.027140349 -0.118647575 -0.951885641 0.009642778 0.306301832 4.904147148
0.259459883 0.027532354 0.965361416 0.095820904 0.002872275 0.999567151 -0.029279893 -0.119287193 -0.965749681 0.010369738 0.259268492 4.907941341
0.218949646 0.027105238 0.975359678 0.117170930 0.010092203 0.999497712 -0.030041544 -0.120131016 -0.975684106 0.016421109 0.218566075 4.910616875
0.182388648 0.027261775 0.982848644 0.135394871 0.018319311 0.999347806 -0.031118969 -0.120515540 -0.983055890 0.023680855 0.181770280 4.913588524
0.153503194 0.029147234 0.987718165 0.154959321 0.022547243 0.999201298 -0.032990210 -0.120826676 -0.987890899 0.027334424 0.152723402 4.914834976
0.125820249 0.026753729 0.991692245 0.181254208 0.020776916 0.999345958 -0.029596260 -0.122086734 -0.991835415 0.024328116 0.125182107 4.917436123
0.099739417 0.023991831 0.994724333 0.202393562 0.013817426 0.999579430 -0.025494378 -0.122549981 -0.994917691 0.016287323 0.099365950 4.920002937
0.076305822 0.019437641 0.996895015 0.228776515 0.009333589 0.999752223 -0.020207778 -0.123739459 -0.997040808 0.010846579 0.076105490 4.921829224
0.053476583 0.016718522 0.998429239 0.251435071 0.013813406 0.999751806 -0.017480524 -0.124550186 -0.998473585 0.014726505 0.053232364 4.922682285
0.033903904 0.017410226 0.999273419 0.279653758 0.021597054 0.999602079 -0.018148705 -0.125727400 -0.999191761 0.022196673 0.033514403 4.922338486
0.015301174 0.019856699 0.999685764 0.303499043 0.025902435 0.999459445 -0.020248666 -0.126645207 -0.999547362 0.026204122 0.014778567 4.922914505
0.002305584 0.025177557 0.999680340 0.333734661 0.026801044 0.999322236 -0.025230354 -0.127195537 -0.999638140 0.026850644 0.001629233 4.921940804
-0.008668900 0.029718632 0.999520659 0.359824210 0.024043117 0.999275386 -0.029502813 -0.127984852 -0.999673367 0.023775833 -0.009377152 4.922242165
-0.014752551 0.029599737 0.999452949 0.391931415 0.026715841 0.999216676 -0.029198386 -0.128639907 -0.999534130 0.026270479 -0.015531776 4.921092033
-0.017628111 0.026179712 0.999501884 0.418860525 0.032334175 0.999149263 -0.025600201 -0.129900351 -0.999321580 0.031866774 -0.018459614 4.920518398
-0.017469281 0.024403429 0.999549627 0.447832048 0.033873711 0.999142647 -0.023801479 -0.130824640 -0.999273360 0.033442654 -0.018280938 4.920467854
-0.015032425 0.024262574 0.999592602 0.486627519 0.032720555 0.999181986 -0.023760542 -0.132152244 -0.999351442 0.032350037 -0.015814014 4.919595718
-0.013987368 0.024377892 0.999604881 0.516917586 0.027831854 0.999324918 -0.023981612 -0.133644342 -0.999514699 0.027485428 -0.014656406 4.920109749
-0.012690540 0.025243672 0.999600828 0.546123266 0.027594626 0.999309361 -0.024885982 -0.134704694 -0.999538600 0.027267799 -0.013378363 4.919732571
-0.011459405 0.026734190 0.999576867 0.588186204 0.028194657 0.999253690 -0.026402319 -0.135762110 -0.999536812 0.027880171 -0.012204614 4.919267178
-0.010987296 0.026259053 0.999594808 0.620034635 0.027375510 0.999288321 -0.025950097 -0.137016192 -0.999564826 0.027079297 -0.011698332 4.919296741
-0.010522211 0.024453714 0.999645591 0.652422071 0.026075229 0.999367654 -0.024172449 -0.138548300 -0.999604642 0.025811639 -0.011153192 4.919173241
-0.009582380 0.023484426 0.999678314 0.697397351 0.027429830 0.999354184 -0.023213880 -0.139748290 -0.999577820 0.027198553 -0.010220367 4.918874264
-0.010242513 0.021654360 0.999713123 0.731378913 0.028471278 0.999366522 -0.021355148 -0.140819713 -0.999542177 0.028244376 -0.010852554 4.918847084
-0.011100767 0.019324893 0.999751747 0.765107751 0.025934724 0.999482512 -0.019031722 -0.142378181 -0.999602020 0.025717011 -0.011596210 4.918275833
-0.012250493 0.018595140 0.999752045 0.811227262 0.024508411 0.999532223 -0.018290732 -0.143770754 -0.999624431 0.024278263 -0.012700508 4.918211460
-0.013567837 0.016075794 0.999778748 0.845844388 0.027119497 0.999508858 -0.015703412 -0.144670352 -0.999539971 0.026900435 -0.013997144 4.917928219
-0.014256801 0.014478728 0.999793589 0.881538808 0.029071389 0.999478400 -0.014059613 -0.145771116 -0.999475539 0.028864941 -0.014670286 4.916991711
-0.016275754 0.013497743 0.999776423 0.928791046 0.025753448 0.999582767 -0.013075875 -0.147310585 -0.999535739 0.025534870 -0.016616583 4.916973591
-0.017156430 0.018227305 0.999686718 0.963980913 0.022681328 0.999583602 -0.017836170 -0.148623154 -0.999595463 0.022368221 -0.017562715 4.916701317
-0.017743528 0.022817003 0.999582171 1.000957012 0.024205111 0.999456167 -0.022384467 -0.149708867 -0.999549508 0.023797819 -0.018286172 4.916095257
-0.018816199 0.024617232 0.999519825 1.038253069 0.024680857 0.999403596 -0.024149744 -0.150794476 -0.999518275 0.024214603 -0.019412555 4.915497303
-0.020222872 0.022571094 0.999540627 1.089572191 0.020587351 0.999542594 -0.022154611 -0.152621582 -0.999583542 0.020129872 -0.020678300 4.915164471
-0.021190662 0.018299069 0.999607921 1.126510620 0.017485952 0.999686301 -0.017929822 -0.154102176 -0.999622583 0.017099153 -0.021503992 4.914772034
-0.021702297 0.013450307 0.999673903 1.164989114 0.015783196 0.999789476 -0.013109220 -0.155255556 -0.999639869 0.015493554 -0.021910017 4.914536476
-0.022609377 0.008002842 0.999712348 1.211969018 0.012539524 0.999891520 -0.007720682 -0.156283885 -0.999665678 0.012361359 -0.022707272 4.914521694
-0.022262050 0.006399057 0.999731660 1.248956561 0.010636225 0.999924362 -0.006163442 -0.157650933 -0.999695539 0.010496164 -0.022328427 4.914178371
-0.020855926 0.013664399 0.999689102 1.285367966 0.013029505 0.999825299 -0.013394432 -0.158745468 -0.999697626 0.012746103 -0.021030325 4.913171291
-0.020163137 0.024487577 0.999496818 1.332088232 0.015755024 0.999583662 -0.024171872 -0.160574168 -0.999672592 0.015259715 -0.020540547 4.912497997
-0.020167204 0.029388554 0.999364674 1.368515491 0.017149135 0.999431074 -0.029044436 -0.161927700 -0.999649525 0.016552497 -0.020659717 4.912531376
-0.018770823 0.024125095 0.999532700 1.405322313 0.018357288 0.999548733 -0.023780735 -0.163165092 -0.999655247 0.017902324 -0.019205224 4.911943913
-0.017617922 0.016183166 0.999713898 1.452303290 0.021476433 0.999644399 -0.015803566 -0.165204525 -0.999614060 0.021191861 -0.017959215 4.911069870
-0.017239397 0.013730328 0.999757171 1.488505721 0.023039620 0.999645650 -0.013331515 -0.166270226 -0.999585807 0.022804197 -0.017549628 4.910818577
-0.017323043 0.014410142 0.999746263 1.524362803 0.021801252 0.999663830 -0.014031200 -0.167477041 -0.999612212 0.021552656 -0.017631385 4.910439968
-0.018585220 0.014946559 0.999715507 1.570189834 0.018149117 0.999728560 -0.014609354 -0.169153109 -0.999662578 0.017872434 -0.018851440 4.910151958
-0.020839674 0.015810285 0.999657750 1.606409907 0.015961459 0.999752879 -0.015479040 -0.169867426 -0.999655485 0.015633415 -0.021086877 4.910155296
-0.022515930 0.014973352 0.999634385 1.648218274 0.016064761 0.999764144 -0.014613451 -0.171915501 -0.999617338 0.015729852 -0.022751171 4.909031868
-0.024266245 0.015144110 0.999590814 1.683225036 0.014609666 0.999783874 -0.014792367 -0.173118889 -0.999598742 0.014244732 -0.024482252 4.908209801
-0.026391687 0.015785141 0.999527037 1.718616605 0.012893910 0.999797583 -0.015448959 -0.174299851 -0.999568522 0.012480086 -0.026589878 4.907941341
-0.028745526 0.015071637 0.999473155 1.763326168 0.011322109 0.999827087 -0.014751343 -0.175583184 -0.999522626 0.010892111 -0.028911199 4.907147884
-0.030365679 0.013829192 0.999443233 1.797789216 0.011228784 0.999845922 -0.013493607 -0.176936433 -0.999475718 0.010812792 -0.030516287 4.905413628
-0.032977335 0.014086640 0.999356866 1.837756157 0.011592563 0.999838769 -0.013710896 -0.178269267 -0.999388874 0.011132958 -0.033135325 4.905544758
-0.035181791 0.015355088 0.999262989 1.872048974 0.010965029 0.999827623 -0.014977713 -0.179248437 -0.999320805 0.010430004 -0.035344101 4.904582977
-0.035580337 0.015077312 0.999253094 1.911507726 0.011591125 0.999825060 -0.014673220 -0.180817083 -0.999299586 0.011060388 -0.035748880 4.903217316
-0.036688868 0.014795514 0.999217212 1.945736885 0.013964385 0.999800265 -0.014291409 -0.181476712 -0.999229133 0.013429118 -0.036888152 4.902179718
-0.039018705 0.013716107 0.999144316 1.979959249 0.013937415 0.999816060 -0.013181040 -0.182856321 -0.999141216 0.013411181 -0.039202698 4.901712418
-0.040467810 0.012873132 0.999097943 2.021764040 0.012415502 0.999846220 -0.012379893 -0.184586346 -0.999103725 0.011903313 -0.040621419 4.900325775
-0.041848838 0.012263389 0.999048769 2.055051804 0.010827631 0.999871492 -0.011819935 -0.185474783 -0.999065280 0.010322678 -0.041976251 4.899469376
-0.042430576 0.010520171 0.999044061 2.087427855 0.010071195 0.999898136 -0.010101432 -0.186650693 -0.999048650 0.009632956 -0.042532209 4.898345947
-0.042661142 0.010267164 0.999036849 2.125834227 0.009915616 0.999902248 -0.009852637 -0.188169509 -0.999040425 0.009485741 -0.042758789 4.896638870
-0.043540012 0.012625804 0.998971879 2.157032490 0.010088555 0.999874651 -0.012197507 -0.189228311 -0.999000788 0.009547100 -0.043661937 4.895841599
-0.043312546 0.015549900 0.998940527 2.192310333 0.010268318 0.999832988 -0.015118567 -0.190505058 -0.999008834 0.009602614 -0.043464977 4.894632339
-0.042877860 0.017929036 0.998919427 2.222360373 0.008514023 0.999809325 -0.017579544 -0.191313893 -0.999044120 0.007751050 -0.043022327 4.893533707
-0.043317299 0.018052619 0.998898208 2.258089066 0.008941025 0.999803841 -0.017681254 -0.192819744 -0.999021351 0.008165272 -0.043470200 4.892287731
-0.042428989 0.017615110 0.998944163 2.287525654 0.010037513 0.999801695 -0.017203895 -0.193765640 -0.999049067 0.009296970 -0.042597387 4.890554428
-0.042885277 0.017110432 0.998933494 2.322561026 0.010219879 0.999808550 -0.016686674 -0.195453405 -0.999027789 0.009493365 -0.043051932 4.889253139
-0.043091394 0.017299529 0.998921394 2.352154732 0.006230387 0.999835372 -0.017046589 -0.196350232 -0.999051690 0.005489106 -0.043192081 4.888473034
-0.043157883 0.017371070 0.998917401 2.387343407 0.003792969 0.999844372 -0.017223319 -0.197932184 -0.999061048 0.003045540 -0.043217070 4.887513638
-0.043152280 0.016738543 0.998928368 2.417045116 0.006059345 0.999845624 -0.016492160 -0.198638916 -0.999050081 0.005341177 -0.043247048 4.886670589
-0.044292979 0.015337669 0.998900831 2.451988220 0.005716291 0.999869645 -0.015099073 -0.200041592 -0.999002278 0.005041224 -0.044374872 4.885134220
-0.047674917 0.015718048 0.998739183 2.481149197 0.003023172 0.999873817 -0.015591593 -0.200501069 -0.998858333 0.002276032 -0.047716416 4.884174347
-0.053144470 0.014729592 0.998478174 2.510579586 -0.000747807 0.999890327 -0.014790226 -0.201932475 -0.998586595 -0.001532688 -0.053127620 4.883124828
-0.058891881 0.018323498 0.998096228 2.546445608 0.002328285 0.999831319 -0.018217979 -0.203406200 -0.998261631 0.001250960 -0.058924604 4.881112576
-0.066319302 0.020810621 0.997581422 2.575953960 0.004879745 0.999777317 -0.020532027 -0.204595476 -0.997786522 0.003506272 -0.066406079 4.879514217
-0.072729334 0.022875655 0.997089326 2.609962940 0.004045694 0.999735475 -0.022641262 -0.205407843 -0.997343481 0.002387235 -0.072802648 4.876721382
-0.079365365 0.021963626 0.996603608 2.639531612 0.000044702 0.999757349 -0.022029566 -0.206611499 -0.996845603 -0.001703834 -0.079347096 4.874884605
-0.083790280 0.020690639 0.996268630 2.674110651 0.000060036 0.999784529 -0.020758610 -0.208006769 -0.996483326 -0.001679558 -0.083773479 4.871675491
-0.088666052 0.021416267 0.995831192 2.704376221 -0.002109454 0.999762535 -0.021688638 -0.208971143 -0.996059179 -0.004023705 -0.088599823 4.869445324
-0.092899255 0.021120442 0.995451510 2.739760637 -0.004325703 0.999756992 -0.021615481 -0.209981203 -0.995666146 -0.006314088 -0.092785306 4.866757393
-0.094939500 0.018382560 0.995313346 2.770621300 -0.003665271 0.999816298 -0.018815340 -0.210733339 -0.995476305 -0.005434413 -0.094854668 4.863752842
-0.097198643 0.014734083 0.995155931 2.807158470 -0.001626106 0.999886751 -0.014962954 -0.212244496 -0.995263696 -0.003072607 -0.097163685 4.860612869
-0.098700799 0.011908250 0.995045900 2.838607311 -0.001926951 0.999924242 -0.012157772 -0.213253394 -0.995115221 -0.003117386 -0.098670371 4.857759953
-0.099896200 0.011690316 0.994929194 2.875217199 -0.002714859 0.999924004 -0.012021591 -0.214259297 -0.994994164 -0.003902002 -0.099856846 4.854340553
-0.100834101 0.016110716 0.994772792 2.907209396 -0.000537267 0.999867797 -0.016247688 -0.214892134 -0.994903147 -0.002172779 -0.100812122 4.851511002
-0.100532517 0.019446876 0.994743705 2.944535494 0.004941359 0.999806345 -0.019046459 -0.216307446 -0.994921386 0.003000597 -0.100609146 4.847432613
-0.101605214 0.023925141 0.994537175 2.977489710 0.012169677 0.999665797 -0.022805227 -0.217744321 -0.994750202 0.009786065 -0.101862431 4.844201088
-0.101640642 0.025149278 0.994503260 3.014907360 0.012931919 0.999629378 -0.023957232 -0.218836561 -0.994737148 0.010425806 -0.101928212 4.840173244
-0.102447204 0.022635434 0.994480848 3.047840118 0.010745711 0.999707997 -0.021647427 -0.220207870 -0.994680464 0.008468686 -0.102660500 4.837459087
-0.102058269 0.018187093 0.994612157 3.086066246 0.011478331 0.999787927 -0.017103931 -0.221379697 -0.994712114 0.009670890 -0.102245353 4.833549976
-0.102179870 0.016191032 0.994634211 3.119021416 0.013268211 0.999800801 -0.014912077 -0.222593620 -0.994677424 0.011673302 -0.102374323 4.830410480
-0.103252135 0.015848810 0.994528890 3.156568766 0.013812456 0.999799609 -0.014498788 -0.223923907 -0.994559348 0.012239858 -0.103450328 4.826570988
-0.104461156 0.016809702 0.994386852 3.188676357 0.012754223 0.999797642 -0.015561325 -0.225094453 -0.994447291 0.011057078 -0.104654379 4.823235989
-0.107066542 0.017900961 0.994090736 3.226516724 0.012345827 0.999784708 -0.016673815 -0.226204559 -0.994175196 0.010487664 -0.107264496 4.819782734
-0.109087147 0.018321736 0.993863285 3.258637905 0.013950477 0.999759853 -0.016899223 -0.227567747 -0.993934393 0.012021380 -0.109316535 4.816431522
-0.111143030 0.017872909 0.993643701 3.296247482 0.014127024 0.999765635 -0.016402861 -0.229085937 -0.993704081 0.012214162 -0.111369468 4.812451839
-0.113166690 0.017526828 0.993421435 3.328931808 0.014040724 0.999772727 -0.016039420 -0.230045021 -0.993476927 0.012133227 -0.113387056 4.809044361
-0.114788540 0.017771676 0.993230939 3.365805626 0.011662689 0.999795198 -0.016541261 -0.231443316 -0.993321419 0.009684997 -0.114972301 4.804986954
-0.115480825 0.020255208 0.993103147 3.399182320 0.012645784 0.999741137 -0.018920105 -0.231554240 -0.993229151 0.010373659 -0.115707062 4.801274300
-0.116575196 0.020555213 0.992969155 3.430967331 0.011033844 0.999750912 -0.019400224 -0.233053386 -0.993120611 0.008694682 -0.116772979 4.797824860
-0.117702700 0.020435175 0.992838740 3.471653700 0.010811513 0.999755383 -0.019295823 -0.234653041 -0.992990017 0.008462919 -0.117894828 4.793074131
-0.119288705 0.018604405 0.992685318 3.504226208 0.010680769 0.999790668 -0.017454090 -0.235623002 -0.992802143 0.008520568 -0.119462438 4.790036201
-0.119711339 0.016152753 0.992677331 3.543235540 0.008713881 0.999846220 -0.015218562 -0.237207443 -0.992770553 0.006828236 -0.119833671 4.785153389
-0.121995904 0.014860743 0.992419302 3.577130318 0.006758573 0.999877155 -0.014141602 -0.237621367 -0.992507637 0.004982120 -0.122081347 4.782034874
-0.123726033 0.013726973 0.992221534 3.615453720 0.007083646 0.999891043 -0.012949776 -0.239019707 -0.992291152 0.005426321 -0.123809800 4.777050018
-0.125305906 0.014918982 0.992006004 3.650209427 0.008670949 0.999865174 -0.013941900 -0.239868745 -0.992080271 0.006854629 -0.125418380 4.772576809
-0.128339529 0.015817882 0.991604209 3.683616161 0.007664394 0.999858737 -0.014957585 -0.240915284 -0.991700709 0.005680395 -0.128442630 4.769308090
-0.129172474 0.018929474 0.991441488 3.725613594 0.009028631 0.999798894 -0.017912719 -0.242500260 -0.991581202 0.006637529 -0.129317343 4.763515472
-0.128881618 0.022507133 0.991404593 3.759912491 0.010812723 0.999714911 -0.021290151 -0.243870348 -0.991601110 0.007975874 -0.129088223 4.758512497
-0.130720317 0.026686605 0.991060078 3.795671940 0.011977113 0.999607146 -0.025336979 -0.244907439 -0.991347015 0.008557980 -0.130988583 4.754745960
-0.130479693 0.027931871 0.991057456 3.838504314 0.013734787 0.999558032 -0.026363173 -0.246400028 -0.991355777 0.010172104 -0.130805686 4.749313354
-0.129582182 0.028077763 0.991171122 3.874332905 0.017362239 0.999509931 -0.026044108 -0.247493327 -0.991416693 0.013834097 -0.130006194 4.744480610
-0.129609615 0.025311340 0.991241932 3.915030479 0.017706033 0.999573767 -0.023208948 -0.249499291 -0.991407037 0.014542859 -0.130002528 4.739208698
-0.128866658 0.023752615 0.991377413 3.951407909 0.016914358 0.999620199 -0.021751458 -0.250862479 -0.991517723 0.013965476 -0.129219502 4.734858036
-0.127034694 0.021218883 0.991671324 3.993224382 0.016418885 0.999679148 -0.019286938 -0.252630711 -0.991762400 0.013832026 -0.127342343 4.729807377
-0.125595063 0.018365730 0.991911590 4.029773712 0.016359443 0.999730945 -0.016439091 -0.253620654 -0.991946697 0.014162453 -0.125861704 4.725604534
-0.124005973 0.014755454 0.992171764 4.066307068 0.017507631 0.999766290 -0.012680218 -0.254987597 -0.992127061 0.015798153 -0.124235302 4.721112728
-0.121722788 0.014700755 0.992455184 4.110707283 0.016089311 0.999788105 -0.012836052 -0.256550312 -0.992433786 0.014405482 -0.121933520 4.715513229
-0.119841211 0.018901307 0.992613137 4.146570206 0.017349521 0.999705911 -0.016941708 -0.257799804 -0.992641509 0.015191050 -0.120133922 4.711102962
-0.118307270 0.025559571 0.992647946 4.184001923 0.017993104 0.999559700 -0.023593055 -0.258954018 -0.992814004 0.015069590 -0.118715078 4.707620144
-0.116796464 0.028619800 0.992743373 4.228415489 0.015703302 0.999512851 -0.026967457 -0.260778844 -0.993031681 0.012439646 -0.117188975 4.702227592
-0.115272261 0.026987489 0.992967248 4.266196251 0.014903693 0.999565303 -0.025436658 -0.261596471 -0.993222058 0.011866739 -0.115624353 4.698401928
-0.114386275 0.023757702 0.993152261 4.307486534 0.014744228 0.999644518 -0.022214841 -0.263607323 -0.993326962 0.012102188 -0.114695907 4.693955898
-0.113712728 0.022657039 0.993255377 4.347609520 0.015880460 0.999653637 -0.020984920 -0.264435291 -0.993386745 0.013387097 -0.114033163 4.689829350
-0.113037840 0.021812754 0.993351221 4.386834621 0.015261729 0.999679148 -0.020215007 -0.266691297 -0.993473470 0.012875195 -0.113334492 4.685450077
-0.112454563 0.021811629 0.993417442 4.423543930 0.014595048 0.999687493 -0.020297138 -0.268138498 -0.993549645 0.012216470 -0.112737775 4.681725025
-0.111798368 0.019833319 0.993532956 4.464729309 0.016676821 0.999697447 -0.018079793 -0.269657284 -0.993590891 0.014547681 -0.112095304 4.677170753
-0.110207342 0.019054847 0.993725955 4.501632690 0.019967211 0.999656796 -0.016954144 -0.271178067 -0.993708074 0.017973462 -0.110549994 4.672958374
