0.999993265 -0.002569284 -0.002594751 -0.000365910 0.002563141 0.999994099 -0.002367991 -0.000988235 0.002600817 0.002361325 0.999993801 0.051963698
0.999983668 -0.002904010 -0.004918626 -0.000196557 0.002887418 0.999990225 -0.003377053 -0.001713307 0.004928383 0.003362797 0.999982178 0.076220036
0.999963999 -0.005039506 -0.006831088 -0.000525560 0.005002226 0.999972463 -0.005463601 -0.002064705 0.006858434 0.005429232 0.999961734 0.104109362
0.999924123 -0.007824636 -0.009517832 0.000180220 0.007753097 0.999941647 -0.007530263 -0.002395066 0.009576196 0.007455898 0.999926329 0.124412902
0.999917209 -0.008379671 -0.009757831 -0.001153629 0.008300193 0.999932349 -0.008157435 -0.003175761 0.009825527 0.008075769 0.999919057 0.156706735
0.999904454 -0.008304503 -0.011046408 -0.001822805 0.008219432 0.999936402 -0.007724439 -0.003703371 0.011109851 0.007632906 0.999909043 0.183587834
0.999884427 -0.008939734 -0.012295153 -0.002144890 0.008841294 0.999928653 -0.008037575 -0.004244299 0.012366126 0.007927940 0.999892056 0.208579287
0.999870420 -0.008295937 -0.013797310 -0.002523327 0.008148682 0.999909580 -0.010694954 -0.005040680 0.013884783 0.010581137 0.999847531 0.234131187
0.999867976 -0.006714946 -0.014797476 -0.003295987 0.006502431 0.999875665 -0.014363176 -0.006017683 0.014892084 0.014265058 0.999787331 0.266120732
0.999852538 -0.005338592 -0.016323375 -0.003815434 0.005044454 0.999825120 -0.018007768 -0.006647801 0.016416658 0.017922765 0.999704599 0.291907221
0.999842703 -0.003834523 -0.017314831 -0.004860080 0.003533894 0.999843061 -0.017359804 -0.007614503 0.017378682 0.017295890 0.999699354 0.318207830
0.999825299 -0.001404175 -0.018637756 -0.005457088 0.001192459 0.999934673 -0.011365837 -0.007560252 0.018652499 0.011341628 0.999761641 0.353326708
0.999808669 -0.000935310 -0.019538747 -0.006170683 0.000937910 0.999999523 0.000123927 -0.008694300 0.019538624 -0.000142231 0.999809027 0.380857438
0.999781013 -0.000012208 -0.020924263 -0.006275429 0.000141302 0.999980927 0.006168088 -0.008795427 0.020923790 -0.006169690 0.999761999 0.409962982
0.999765277 0.002564544 -0.021507647 -0.007993653 -0.002459526 0.999984920 0.004907859 -0.009297729 0.021519911 -0.004853808 0.999756634 0.446837664
0.999755144 0.004416726 -0.021673277 -0.009387336 -0.004474224 0.999986649 -0.002605187 -0.009256816 0.021661477 0.002701522 0.999761641 0.475228518
0.999717772 0.004041196 -0.023403039 -0.009732904 -0.004245847 0.999953091 -0.008701503 -0.009167435 0.023366777 0.008798417 0.999688208 0.504904211
0.999666512 0.001242098 -0.025787057 -0.009404084 -0.001422406 0.999974608 -0.006975030 -0.009364940 0.025777740 0.007009387 0.999643087 0.535681486
0.999685526 0.000608563 -0.025067510 -0.011798656 -0.000551304 0.999997199 0.002291054 -0.009934482 0.025068836 -0.002276514 0.999683142 0.581024826
0.999664366 0.000243821 -0.025905708 -0.012242668 -0.000002527 0.999956608 0.009313915 -0.010147586 0.025906852 -0.009310725 0.999621034 0.613090813
0.999638140 -0.001163613 -0.026871594 -0.012882949 0.001498370 0.999921560 0.012440880 -0.010527351 0.026855003 -0.012476643 0.999561489 0.646501303
0.999644876 -0.003014448 -0.026472805 -0.014215181 0.003318934 0.999928832 0.011465419 -0.010368753 0.026436353 -0.011549210 0.999583781 0.679795504
0.999678552 -0.003592440 -0.025102083 -0.016503008 0.003818161 0.999952555 0.008949962 -0.010511359 0.025068739 -0.009042929 0.999644697 0.729041100
0.999696612 -0.000405244 -0.024629841 -0.017778220 0.000532821 0.999986410 0.005173462 -0.010377715 0.024627408 -0.005185015 0.999683142 0.764349341
0.999722242 -0.002918997 -0.023384817 -0.019039648 0.002911185 0.999995649 -0.000368084 -0.010812193 0.023385786 0.000299904 0.999726415 0.800859690
0.999714434 -0.006604955 -0.022967687 -0.019261286 0.006463036 0.999959648 -0.006247766 -0.011534235 0.023008017 0.006097541 0.999716699 0.846938312
0.999748945 -0.005431628 -0.021740459 -0.020561323 0.005171517 0.999914646 -0.012002814 -0.011854235 0.021803793 0.011887367 0.999691606 0.884489357
0.999746561 -0.003784447 -0.022193326 -0.021537174 0.003509528 0.999916792 -0.012413373 -0.012899233 0.022238450 0.012332339 0.999676645 0.922761559
0.999725759 -0.004074008 -0.023066800 -0.022155082 0.003795161 0.999919355 -0.012119660 -0.013418954 0.023114312 0.012028793 0.999660432 0.961597800
0.999701917 -0.004226023 -0.024050288 -0.022599576 0.003878864 0.999887884 -0.014463168 -0.013689436 0.024108710 0.014365569 0.999606133 1.001016498
0.999756455 0.000609999 -0.022058951 -0.025115279 -0.000945562 0.999883950 -0.015204896 -0.016124329 0.022047112 0.015222048 0.999641001 1.060825825
0.999754906 0.004006498 -0.021773741 -0.026955480 -0.004358378 0.999860287 -0.016137393 -0.016857095 0.021706041 0.016228335 0.999632716 1.101745129
0.999738336 0.005141142 -0.022286957 -0.028119460 -0.005505169 0.999851942 -0.016303135 -0.017883681 0.022199837 0.016421564 0.999618590 1.143205285
0.999717832 0.007081632 -0.022675140 -0.028605709 -0.007443009 0.999846041 -0.015892621 -0.020017058 0.022559101 0.016056905 0.999616504 1.194959879
0.999713838 0.006754906 -0.022952449 -0.029931702 -0.007122895 0.999846816 -0.015988881 -0.021140527 0.022840925 0.016147792 0.999608696 1.236938715
0.999687314 0.008060180 -0.023671744 -0.031069458 -0.008414599 0.999853432 -0.014910984 -0.022136750 0.023548085 0.015105507 0.999608636 1.278537393
0.999680042 0.008519958 -0.023816543 -0.032139253 -0.008821581 0.999881923 -0.012588123 -0.023961220 0.023706479 0.012794194 0.999637067 1.333563209
0.999677002 0.009195267 -0.023693101 -0.033706740 -0.009483279 0.999882281 -0.012072317 -0.024770211 0.023579299 0.012293107 0.999646366 1.375893354
0.999664903 0.009274584 -0.024166683 -0.034902245 -0.009579349 0.999875665 -0.012525901 -0.026502434 0.024047507 0.012753204 0.999629438 1.427928448
0.999640942 0.010536682 -0.024637984 -0.036092885 -0.010878389 0.999845862 -0.013776395 -0.027231822 0.024489034 0.014039466 0.999601483 1.470802665
0.999639809 0.010226909 -0.024815418 -0.037190091 -0.010544870 0.999863565 -0.012716178 -0.028514665 0.024681991 0.012973270 0.999611139 1.513870239
0.999639571 0.009967882 -0.024925658 -0.039448995 -0.010232848 0.999892294 -0.010525389 -0.029603677 0.024818057 0.010776656 0.999633849 1.571520686
0.999630034 0.009591999 -0.025452891 -0.040499814 -0.009750034 0.999933958 -0.006092090 -0.030947667 0.025392776 0.006338004 0.999657393 1.615237236
0.999609947 0.010237072 -0.025985591 -0.042238157 -0.010350556 0.999937415 -0.004236463 -0.032134272 0.025940593 0.004503776 0.999653280 1.670065880
0.999596894 0.009294810 -0.026830172 -0.043320429 -0.009399142 0.999948740 -0.003765102 -0.032970097 0.026793800 0.004015763 0.999632835 1.713957548
0.999603152 0.009271499 -0.026604131 -0.045491368 -0.009415487 0.999941707 -0.005292155 -0.033765778 0.026553508 0.005540546 0.999631941 1.758761525
0.999574244 0.010014235 -0.027402971 -0.047165573 -0.010168032 0.999933362 -0.005478822 -0.035206843 0.027346279 0.005755125 0.999609411 1.819266200
0.999531150 0.010035071 -0.028925167 -0.048144221 -0.010186121 0.999935210 -0.005079484 -0.035743672 0.028872324 0.005371739 0.999568641 1.864189744
0.999482095 0.010308715 -0.030485600 -0.048754498 -0.010426722 0.999938786 -0.003714562 -0.035729889 0.030445442 0.004030503 0.999528289 1.893695831
0.999499917 0.009995800 -0.030000363 -0.051610801 -0.010000887 0.999950051 -0.000019512 -0.037848525 0.029998671 0.000319534 0.999549806 1.953873038
0.999487579 0.010882987 -0.030099904 -0.053748570 -0.010899141 0.999940515 -0.000372702 -0.038726009 0.030094061 0.000700574 0.999546766 2.018861532
0.999429464 0.012441074 -0.031397365 -0.054811176 -0.012570644 0.999913216 -0.003932811 -0.039928634 0.031345721 0.004325252 0.999499261 2.063377142
0.999419570 0.014028392 -0.031039793 -0.056763243 -0.014277373 0.999867499 -0.007814379 -0.040716462 0.030926060 0.008253012 0.999487579 2.108681679
0.999403179 0.014454030 -0.031372651 -0.058364801 -0.014736878 0.999852538 -0.008803292 -0.041431040 0.031240787 0.009260373 0.999469042 2.154071569
0.999419928 0.014038076 -0.031024488 -0.060396623 -0.014211190 0.999884605 -0.005366419 -0.043439396 0.030945573 0.005804202 0.999504209 2.218772650
0.999443650 0.013664418 -0.030421175 -0.062585987 -0.013775814 0.999899089 -0.003455169 -0.044250846 0.030370887 0.003872323 0.999531209 2.263974428
0.999473572 0.012179621 -0.030066689 -0.064504243 -0.012253244 0.999922335 -0.002265573 -0.045191877 0.030036759 0.002632797 0.999545395 2.310368538
0.999454260 0.012125803 -0.030725384 -0.063981012 -0.012225087 0.999920547 -0.003045549 -0.045551967 0.030686023 0.003419508 0.999523222 2.333688974
0.999473095 0.012483956 -0.029962018 -0.067509487 -0.012638891 0.999907672 -0.004987152 -0.047535792 0.029896989 0.005363210 0.999538600 2.419459820
0.999460697 0.012211474 -0.030482441 -0.068042554 -0.012447560 0.999893904 -0.007567267 -0.048138388 0.030386802 0.007942618 0.999506652 2.463594198
0.999485135 0.010469800 -0.030329924 -0.069652200 -0.010769990 0.999894500 -0.009751091 -0.049283549 0.030224631 0.010072723 0.999492347 2.508774519
0.999509037 0.009793350 -0.029759822 -0.071907565 -0.010180264 0.999865234 -0.012877643 -0.051449165 0.029629696 0.013174283 0.999474168 2.568713427
0.999528408 0.007861190 -0.029681671 -0.073076814 -0.008290793 0.999862313 -0.014378455 -0.052914910 0.029564550 0.014617762 0.999456048 2.613974094
0.999565303 0.006111001 -0.028840171 -0.074966200 -0.006470137 0.999902487 -0.012375735 -0.053886436 0.028761735 0.012556955 0.999507487 2.659254789
0.999561369 0.004802422 -0.029225508 -0.075863183 -0.004991288 0.999967217 -0.006392858 -0.055242144 0.029193847 0.006535927 0.999552488 2.705004930
0.999569893 0.002813366 -0.029189531 -0.077338800 -0.002838019 0.999995589 -0.000803205 -0.056318231 0.029187139 0.000885700 0.999573529 2.769328356
0.999582767 0.001388838 -0.028847968 -0.078409553 -0.001411281 0.999998748 -0.000757663 -0.056782994 0.028846879 0.000798060 0.999583423 2.813308239
0.999559879 -0.002080476 -0.029591026 -0.079123430 0.001981319 0.999992311 -0.003379848 -0.057916127 0.029597832 0.003319731 0.999556363 2.860267162
0.999578238 -0.003469302 -0.028831676 -0.081944652 0.003294853 0.999975920 -0.006095918 -0.059655949 0.028852133 0.005998351 0.999565661 2.920000553
0.999578834 -0.000406947 -0.029016247 -0.083559126 0.000109956 0.999947608 -0.010236222 -0.060679290 0.029018898 0.010228721 0.999526441 2.965260267
0.999577582 -0.000987317 -0.029044406 -0.084586896 0.000563055 0.999893010 -0.014611930 -0.061769124 0.029055728 0.014589404 0.999471307 3.009958744
0.999601126 0.001494114 -0.028202562 -0.086691447 -0.001922365 0.999883175 -0.015163813 -0.063459963 0.028176615 0.015211980 0.999487162 3.071214914
0.999614298 0.005748949 -0.027172200 -0.088943474 -0.006063034 0.999915600 -0.011490821 -0.064980254 0.027103856 0.011651134 0.999564707 3.117117405
0.999605894 0.008085501 -0.026883623 -0.090291485 -0.008340648 0.999921143 -0.009392248 -0.066315621 0.026805570 0.009612774 0.999594390 3.162090778
0.999597907 0.006579345 -0.027581107 -0.091369376 -0.006823700 0.999938250 -0.008774797 -0.067564785 0.027521675 0.008959473 0.999580979 3.222311258
0.999611557 0.004536386 -0.027498487 -0.092958003 -0.004750868 0.999958754 -0.007739438 -0.068720937 0.027462250 0.007867073 0.999591887 3.267962933
0.999598026 0.004028605 -0.028063845 -0.094231024 -0.004214166 0.999969542 -0.006556037 -0.070073895 0.028036581 0.006671667 0.999584615 3.323279858
0.999604881 0.002505417 -0.027998030 -0.096146107 -0.002634928 0.999985933 -0.004589765 -0.071099356 0.027986139 0.004661724 0.999597430 3.369408607
0.999579728 0.001521289 -0.028946901 -0.097588211 -0.001604689 0.999994636 -0.002858090 -0.072524644 0.028942391 0.002903341 0.999576747 3.425036430
0.999587476 0.000546723 -0.028715486 -0.099796630 -0.000664005 0.999991536 -0.004074890 -0.073669061 0.028713014 0.004092277 0.999579191 3.470940351
0.999546468 0.000879213 -0.030100742 -0.100512534 -0.001119771 0.999967575 -0.007975833 -0.074968912 0.030092752 0.008005922 0.999514997 3.515659809
0.999532878 0.001490991 -0.030521696 -0.102779254 -0.001795120 0.999948978 -0.009939406 -0.076228231 0.030505313 0.009989555 0.999484658 3.574996233
0.999513507 0.003580417 -0.030981231 -0.104414456 -0.003836253 0.999958992 -0.008202271 -0.077380374 0.030950585 0.008317132 0.999486268 3.620064497
0.999486208 0.004650115 -0.031709954 -0.106214680 -0.004779471 0.999980509 -0.004004763 -0.078589194 0.031690702 0.004154262 0.999489069 3.674926758
0.999467731 0.005966668 -0.032070048 -0.108209938 -0.005957674 0.999982178 0.000376000 -0.079958200 0.032071717 -0.000184737 0.999485552 3.718656063
0.999460995 0.007458572 -0.031966906 -0.110519461 -0.007441085 0.999972105 0.000665990 -0.080671638 0.031970970 -0.000427763 0.999488652 3.763574362
0.999425113 0.006848641 -0.033202641 -0.112133518 -0.006898053 0.999975264 -0.001373847 -0.081742749 0.033192407 0.001602091 0.999447703 3.822430849
0.999417424 0.006539940 -0.033495560 -0.113849342 -0.006616050 0.999975801 -0.002161895 -0.082661875 0.033480600 0.002382244 0.999436557 3.866014719
0.999393284 0.006230159 -0.034268361 -0.115330413 -0.006306028 0.999977946 -0.002106345 -0.083841503 0.034254484 0.002321164 0.999410450 3.909474611
0.999364555 0.004211684 -0.035393469 -0.117350020 -0.004289815 0.999988496 -0.002131819 -0.084905148 0.035384078 0.002282297 0.999371111 3.967118502
0.999327421 0.004328473 -0.036412731 -0.118766651 -0.004359266 0.999990165 -0.000766317 -0.085947990 0.036409050 0.000924536 0.999336541 4.010618687
0.999327779 0.003491142 -0.036492966 -0.121172667 -0.003414244 0.999991775 0.002169299 -0.087153248 0.036500238 -0.002043245 0.999331534 4.061051846
0.999295890 0.002172725 -0.037455603 -0.122513317 -0.002038021 0.999991357 0.003634164 -0.088469476 0.037463173 -0.003555270 0.999291718 4.102235317
0.999212921 0.001260166 -0.039647505 -0.124808937 -0.001140505 0.999994695 0.003040589 -0.088819772 0.039651126 -0.002992978 0.999209106 4.150699139
0.999091506 0.001396466 -0.042593420 -0.126755789 -0.001304720 0.999996722 0.002181711 -0.089766443 0.042596329 -0.002124157 0.999090135 4.189677238
0.998922110 0.000607267 -0.046412516 -0.129005373 -0.000548150 0.999999046 0.001286462 -0.090700924 0.046413254 -0.001259634 0.998921514 4.236039162
0.998806298 0.001295382 -0.048826043 -0.131564677 -0.001229270 0.999998391 0.001384034 -0.091277964 0.048827741 -0.001322362 0.998806357 4.273305416
0.998616815 0.001963470 -0.052539427 -0.133877471 -0.001805166 0.999993622 0.003060335 -0.092674047 0.052545104 -0.002961259 0.998614132 4.317728996
0.998464823 0.002995747 -0.055307996 -0.136118397 -0.002782084 0.999988317 0.003939752 -0.093305394 0.055319156 -0.003779831 0.998461604 4.353035450
0.998306990 0.003752567 -0.058042489 -0.139052570 -0.003440935 0.999979138 0.005468058 -0.094096139 0.058061801 -0.005259081 0.998299122 4.387816429
0.998133123 0.005400392 -0.060835578 -0.141776353 -0.005037473 0.999968529 0.006117370 -0.094830438 0.060866699 -0.005799492 0.998128951 4.431448460
0.997964859 0.007001033 -0.063379787 -0.144395441 -0.006606076 0.999957502 0.006438998 -0.095307902 0.063422166 -0.006007204 0.997968614 4.463221550
0.997746468 0.009932691 -0.066356897 -0.146254838 -0.009579492 0.999938190 0.005638796 -0.096277557 0.066408798 -0.004990424 0.997779906 4.493834496
0.997581005 0.010507241 -0.068713985 -0.149686307 -0.010415455 0.999944329 0.001693887 -0.096956700 0.068727940 -0.000974101 0.997634888 4.532845974
0.997395992 0.013099644 -0.070921212 -0.152509853 -0.013278718 0.999909699 -0.002054065 -0.097560905 0.070887893 0.002990459 0.997479677 4.560779572
0.997216642 0.014975926 -0.073038466 -0.154822081 -0.015376274 0.999869704 -0.004922128 -0.098228186 0.072955228 0.006031488 0.997316897 4.587979794
0.997063220 0.016755108 -0.074727774 -0.156134084 -0.017229257 0.999835193 -0.005704817 -0.098880529 0.074619874 0.006975567 0.997187555 4.612933159
0.997117460 0.019219873 -0.073398344 -0.159791484 -0.019633604 0.999795139 -0.004919345 -0.100161277 0.073288754 0.006346238 0.997290552 4.649304390
0.997269392 0.022934830 -0.070197381 -0.161888674 -0.023203643 0.999726295 -0.003016255 -0.101086244 0.070108972 0.004636853 0.997528553 4.672722340
0.997569799 0.025577640 -0.064808175 -0.163903981 -0.025764141 0.999665916 -0.002043445 -0.101526096 0.064734258 0.003708207 0.997895539 4.700445175
0.998002946 0.026556809 -0.057312522 -0.165226787 -0.026597960 0.999646187 0.000044863 -0.102018848 0.057293430 0.001479623 0.998356223 4.722123146
0.998533726 0.026570145 -0.047161207 -0.166229874 -0.026488142 0.999646366 0.002362986 -0.102593124 0.047207318 -0.001110308 0.998884439 4.742986202
0.999017656 0.025893437 -0.035958759 -0.166753888 -0.025782671 0.999661267 0.003540774 -0.103197053 0.036038257 -0.002610184 0.999346912 4.770156860
0.999442339 0.024694035 -0.022468809 -0.166882038 -0.024614323 0.999689758 0.003817220 -0.103707328 0.022556091 -0.003262037 0.999740183 4.789151669
0.999668956 0.024663704 -0.007314561 -0.166453838 -0.024642866 0.999692082 0.002925281 -0.104206704 0.007384451 -0.002744062 0.999968827 4.807352066
0.999673188 0.023372194 0.010349574 -0.165528223 -0.023372417 0.999726772 -0.000099555 -0.104857527 -0.010349074 -0.000142372 0.999946415 4.831107140
0.999227941 0.023044815 0.031817149 -0.164524704 -0.022906607 0.999726474 -0.004701685 -0.105382606 -0.031916797 0.003969233 0.999482632 4.848672390
0.998204947 0.020762231 0.056177016 -0.162805974 -0.020253727 0.999748707 -0.009606189 -0.105796531 -0.056362353 0.008451153 0.998374522 4.865117550
0.996379852 0.018285066 0.083023563 -0.160143465 -0.017332504 0.999775589 -0.012179792 -0.106377557 -0.083227634 0.010696694 0.996473014 4.882115841
0.993481934 0.015713600 0.112900771 -0.157106578 -0.014287665 0.999807656 -0.013428099 -0.106836550 -0.113090068 0.011727487 0.993515432 4.898808479
0.989236355 0.013517717 0.145700917 -0.152761877 -0.011432091 0.999819994 -0.015142290 -0.107683048 -0.145879403 0.013313638 0.989212751 4.923009396
0.983239949 0.011050906 0.181981057 -0.149162829 -0.008137870 0.999826550 -0.016746331 -0.108136967 -0.182134554 0.014984721 0.983159423 4.938478947
0.975302041 0.008277108 0.220720291 -0.144388676 -0.004574250 0.999840140 -0.017282104 -0.108698532 -0.220828086 0.015845640 0.975183964 4.953628063
0.965370953 0.005934809 0.260813504 -0.138929486 -0.001289524 0.999837458 -0.017978281 -0.109423988 -0.260877818 0.017019385 0.965221763 4.968718529
0.953142703 0.006596117 0.302448988 -0.131686330 -0.001056964 0.999828815 -0.018474357 -0.110567033 -0.302519023 0.017289024 0.952986479 4.988356590
0.938093364 0.008297459 0.346282989 -0.125731587 -0.001808685 0.999816835 -0.019057313 -0.111040540 -0.346377671 0.017251223 0.937936425 5.001293182
0.920350254 0.008745845 0.390997261 -0.118495464 -0.001923411 0.999839008 -0.017837023 -0.111479089 -0.391090333 0.015664259 0.920219004 5.015104294
0.899992406 0.008372386 0.435825080 -0.108540773 -0.001287246 0.999862194 -0.016549580 -0.112251922 -0.435903639 0.014333483 0.899879158 5.032599449
0.876899242 0.007552937 0.480614662 -0.100200176 0.000642228 0.999857187 -0.016884690 -0.112834461 -0.480673552 0.015114837 0.876769245 5.044809341
0.851916254 0.007750946 0.523620605 -0.091202736 0.002326584 0.999824584 -0.018585287 -0.113699496 -0.523672819 0.017051358 0.851748765 5.056421280
0.824223161 0.009794895 0.566180408 -0.079076052 0.003273179 0.999751270 -0.022060614 -0.114484206 -0.566255689 0.020036077 0.823986113 5.071617126
0.793208718 0.014582972 0.608775139 -0.069084644 0.002023512 0.999644578 -0.026582645 -0.115072645 -0.608946562 0.022317450 0.792897284 5.083131313
0.759315789 0.020299761 0.650405467 -0.058264256 -0.001224919 0.999555945 -0.029767036 -0.115763620 -0.650721192 0.021805886 0.759003639 5.094107628
0.722370684 0.025244860 0.691044986 -0.043711424 -0.003077847 0.999440789 -0.033293635 -0.116067886 -0.691499114 0.021923414 0.722044468 5.107257366
0.683120668 0.025687482 0.729853570 -0.030951738 -0.001729682 0.999435246 -0.033556588 -0.117010765 -0.730303407 0.021660782 0.682779193 5.117026329
0.642410040 0.022647331 0.766026258 -0.017316580 0.003174397 0.999476016 -0.032211326 -0.117430709 -0.766354561 0.023124553 0.642001510 5.125800133
0.598538220 0.021107342 0.800816178 -0.000114441 0.004143279 0.999557734 -0.029442366 -0.118137702 -0.801083565 0.020940384 0.598186135 5.136490822
0.553266883 0.019442705 0.832777202 0.014786482 0.005245394 0.999626279 -0.026822960 -0.118633427 -0.832987547 0.019208495 0.552958131 5.143949509
0.503899753 0.017372675 0.863587260 0.032685757 0.006311357 0.999696910 -0.023793427 -0.119084567 -0.863739073 0.017439911 0.503637552 5.153244019
0.453430891 0.013230912 0.891193151 0.048670292 0.010180810 0.999747694 -0.020022444 -0.119531348 -0.891233325 0.018151866 0.453181833 5.159576893
0.401327848 0.013650655 0.915832698 0.067960620 0.006077976 0.999827266 -0.017566042 -0.120673478 -0.915914237 0.012616155 0.401175469 5.166520119
0.350650609 0.018367780 0.936326206 0.084914088 0.002380369 0.999786973 -0.020504119 -0.121477529 -0.936503291 0.009418586 0.350532055 5.171154499
0.299790323 0.023603698 0.953713000 0.105268955 0.002080988 0.999675333 -0.025395373 -0.121926770 -0.954002738 0.009597952 0.299643844 5.176472187
0.252901644 0.025130242 0.967165470 0.123436332 0.003685986 0.999630332 -0.026937623 -0.122683778 -0.967484891 0.010377528 0.252715528 5.179816723
0.212118730 0.025257373 0.976917446 0.146601081 0.010787164 0.999544561 -0.028184602 -0.123317994 -0.977184355 0.016516648 0.211749658 5.182884693
0.176374212 0.025575479 0.983990848 0.166584730 0.018882573 0.999390543 -0.029360324 -0.123635247 -0.984142005 0.023758678 0.175783798 5.185135841
0.146471038 0.026508143 0.988859594 0.190851688 0.022343354 0.999297142 -0.030097468 -0.124604046 -0.988962471 0.026502850 0.145775855 5.187106609
0.118435889 0.024642803 0.992655814 0.212372780 0.020677464 0.999414027 -0.027277650 -0.125514686 -0.992746294 0.023756260 0.117856972 5.189077854
0.093162440 0.021444930 0.995419919 0.239327222 0.014364487 0.999634981 -0.022880131 -0.126145825 -0.995547235 0.016430266 0.092820376 5.191400528
0.068607546 0.017557982 0.997489154 0.262669384 0.008749176 0.999796093 -0.018200362 -0.126975328 -0.997605324 0.009975894 0.068439931 5.193010330
0.044756051 0.014811841 0.998888135 0.286150277 0.013060548 0.999795973 -0.015410492 -0.127727076 -0.998912513 0.013735740 0.044553474 5.194019794
0.026513573 0.015382691 0.999530137 0.319043636 0.021189865 0.999648273 -0.015946595 -0.129102826 -0.999423742 0.021602707 0.026178291 5.192948341
0.007729875 0.017449681 0.999817848 0.344933093 0.024943126 0.999533296 -0.017637556 -0.130206108 -0.999659002 0.025074920 0.007291015 5.193113804
-0.005528529 0.023252307 0.999714375 0.376975626 0.025773481 0.999400735 -0.023102487 -0.130659759 -0.999652445 0.025638392 -0.006124509 5.192266941
-0.016357947 0.027666472 0.999483407 0.405180424 0.024248101 0.999334097 -0.027265482 -0.131150484 -0.999572039 0.023789564 -0.017017912 5.192086220
-0.022640163 0.027601309 0.999362707 0.439032435 0.025603568 0.999306917 -0.027019735 -0.132269323 -0.999415755 0.024975512 -0.023331167 5.190876961
-0.025413308 0.024420790 0.999378741 0.467991143 0.031945284 0.999210894 -0.023604352 -0.133168370 -0.999166429 0.031325575 -0.026173385 5.189630508
-0.024585688 0.022838505 0.999436796 0.504912913 0.033442605 0.999198318 -0.022010380 -0.134244904 -0.999138176 0.032882623 -0.025329757 5.188486576
-0.022879660 0.022315670 0.999489129 0.536564231 0.032580379 0.999236405 -0.021564221 -0.135172352 -0.999207139 0.032070346 -0.023589248 5.188255787
-0.021717755 0.022475053 0.999511421 0.568983674 0.028519915 0.999354303 -0.021851825 -0.136406168 -0.999357164 0.028031407 -0.022344720 5.188381672
-0.020236962 0.024129646 0.999504149 0.610796630 0.027692711 0.999338686 -0.023564966 -0.137408629 -0.999411643 0.027202094 -0.020891799 5.187487125
-0.019507261 0.025219468 0.999491692 0.643281221 0.027427072 0.999319136 -0.024679815 -0.138268739 -0.999433458 0.026931692 -0.020185681 5.186985970
-0.018877976 0.024478033 0.999522209 0.677912772 0.027074097 0.999346256 -0.023962379 -0.139803633 -0.999455273 0.026608797 -0.019528357 5.186448097
-0.017748319 0.023182424 0.999573708 0.724562526 0.025818828 0.999408424 -0.022720151 -0.141093001 -0.999509037 0.025404578 -0.018336358 5.185879230
-0.017293837 0.021834010 0.999612093 0.760420978 0.026386749 0.999423325 -0.021373382 -0.142429054 -0.999502242 0.026006881 -0.017859992 5.185237885
-0.017814808 0.019519374 0.999650776 0.796512783 0.027244464 0.999447644 -0.019029882 -0.143674165 -0.999469995 0.026895931 -0.018336764 5.184989929
-0.018840495 0.017957488 0.999661148 0.844073653 0.024633426 0.999543667 -0.017491108 -0.145027146 -0.999518931 0.024295546 -0.019274250 5.183960438
-0.019662667 0.016798258 0.999665439 0.881035507 0.024064699 0.999577224 -0.016323436 -0.146154657 -0.999516904 0.023735689 -0.020058600 5.182799339
-0.020888561 0.014227950 0.999680459 0.919600844 0.026342386 0.999559462 -0.013675795 -0.147303313 -0.999434710 0.026048306 -0.021254154 5.182054520
-0.022384368 0.013084765 0.999663770 0.967571855 0.027055891 0.999556005 -0.012477522 -0.148224428 -0.999383390 0.026767490 -0.022728452 5.181581497
-0.024276631 0.011929157 0.999634027 1.006202936 0.023854906 0.999650955 -0.011350030 -0.149715692 -0.999420583 0.023570634 -0.024552731 5.180784702
-0.025311192 0.016930576 0.999536216 1.044332743 0.021058934 0.999643624 -0.016399123 -0.150616616 -0.999457777 0.020634085 -0.025658717 5.180206299
-0.026261702 0.021217162 0.999429941 1.093496084 0.022713119 0.999529362 -0.020622447 -0.152164742 -0.999396980 0.022158589 -0.026731249 5.179639816
-0.027050065 0.022682976 0.999376714 1.132615924 0.022944495 0.999493182 -0.022064585 -0.153589338 -0.999370635 0.022333344 -0.027556807 5.178311825
-0.028959122 0.021105422 0.999357760 1.173024654 0.019365370 0.999601305 -0.020549400 -0.154363140 -0.999392927 0.018757841 -0.029356288 5.177746773
-0.030114288 0.017077655 0.999400496 1.222095966 0.016583506 0.999724984 -0.016583497 -0.155808419 -0.999408722 0.016074168 -0.030389216 5.177255630
-0.029961517 0.011517109 0.999484658 1.262835026 0.015636794 0.999816716 -0.011052189 -0.157193661 -0.999428630 0.015297594 -0.030136118 5.175803661
-0.031026158 0.006034027 0.999500334 1.303273678 0.011159993 0.999921620 -0.005690143 -0.158306777 -0.999456167 0.010977875 -0.031091068 5.175544739
-0.031044070 0.004701876 0.999506891 1.351694107 0.008588027 0.999953270 -0.004437238 -0.159706146 -0.999481082 0.008446043 -0.031083003 5.174831867
-0.030089792 0.011446418 0.999481559 1.391010761 0.011477957 0.999872446 -0.011105346 -0.161189839 -0.999481320 0.011137851 -0.030217338 5.173492908
-0.028645964 0.022771560 0.999330044 1.430577278 0.014000251 0.999651611 -0.022377562 -0.162199408 -0.999491632 0.013349846 -0.028954796 5.172274590
-0.028601617 0.028369093 0.999188244 1.478368163 0.015444742 0.999490440 -0.027935570 -0.163233936 -0.999471664 0.014633198 -0.029025190 5.171466351
-0.027770372 0.022834787 0.999353468 1.518673897 0.017074343 0.999604106 -0.022366047 -0.164749205 -0.999468505 0.016442193 -0.028149258 5.170623779
-0.026657593 0.015221642 0.999528766 1.557989597 0.020153282 0.999689043 -0.014686597 -0.166269392 -0.999441445 0.019752273 -0.026956068 5.169635773
-0.025673212 0.012047647 0.999597728 1.605530381 0.021457834 0.999703705 -0.011497809 -0.168140739 -0.999440014 0.021154018 -0.025924122 5.167797089
-0.026066380 0.012968910 0.999576092 1.644145846 0.020176131 0.999719024 -0.012444624 -0.169271857 -0.999456525 0.019843195 -0.026320720 5.167373657
-0.026793307 0.014193551 0.999540150 1.684024215 0.016608438 0.999767542 -0.013751579 -0.170173392 -0.999502957 0.016232351 -0.027022811 5.166809082
-0.029322278 0.013940316 0.999472797 1.729230165 0.014672105 0.999800980 -0.013514448 -0.171962425 -0.999462366 0.014268095 -0.029520975 5.165894508
-0.031010343 0.013728302 0.999424756 1.767532587 0.014677123 0.999804139 -0.013278108 -0.173311740 -0.999411225 0.014256923 -0.031205762 5.164482594
-0.033611596 0.014256914 0.999333262 1.805854082 0.013549613 0.999812841 -0.013808030 -0.174322754 -0.999343097 0.013076468 -0.033798486 5.163567066
-0.035607498 0.014432590 0.999261618 1.851774096 0.011175141 0.999839008 -0.014042718 -0.175913855 -0.999303281 0.010666863 -0.035763044 5.162595272
-0.037906911 0.014015744 0.999182940 1.889393091 0.009568272 0.999860942 -0.013662255 -0.176940322 -0.999235332 0.009042560 -0.038035739 5.161686420
-0.039224297 0.011663175 0.999162316 1.927032709 0.008788940 0.999897301 -0.011326726 -0.178669482 -0.999191701 0.008337296 -0.039322771 5.159751415
-0.041895252 0.012237188 0.999047041 1.971667290 0.008629557 0.999892294 -0.011885654 -0.180038899 -0.999084651 0.008123383 -0.041996334 5.158706188
-0.043554235 0.014096662 0.998951614 2.009683132 0.009536744 0.999860823 -0.013693691 -0.180498153 -0.999005437 0.008930326 -0.043682605 5.157452583
-0.044114478 0.014029387 0.998928010 2.045063019 0.009549064 0.999861658 -0.013620798 -0.181848377 -0.998980701 0.008937954 -0.044242341 5.155269146
-0.045983933 0.012602718 0.998862565 2.088322401 0.011050274 0.999865651 -0.012106659 -0.183184236 -0.998881042 0.010480994 -0.046117011 5.154098034
-0.047153022 0.011868485 0.998817146 2.124975920 0.011166072 0.999873161 -0.011353895 -0.184337050 -0.998825192 0.010617495 -0.047279559 5.152331352
-0.048574667 0.011077305 0.998758078 2.159574270 0.009784682 0.999895811 -0.010614044 -0.185817868 -0.998771667 0.009256958 -0.048677988 5.150838375
-0.050364077 0.010836739 0.998672009 2.202733994 0.008296643 0.999911070 -0.010431776 -0.186665148 -0.998696387 0.007760241 -0.050449509 5.149493694
-0.051050715 0.010059447 0.998645306 2.237190962 0.007895311 0.999922037 -0.009668699 -0.187566355 -0.998664796 0.007391023 -0.051126171 5.147958755
-0.051616598 0.009530891 0.998621345 2.270326853 0.007848116 0.999927461 -0.009137701 -0.188930199 -0.998636127 0.007365640 -0.051687647 5.146127224
-0.051800542 0.011771073 0.998587966 2.310240507 0.007552363 0.999906540 -0.011394844 -0.190185040 -0.998629034 0.006951438 -0.051884588 5.144534111
-0.052116085 0.015330262 0.998523295 2.343458176 0.008317219 0.999854147 -0.014916591 -0.190909907 -0.998606384 0.007527542 -0.052235987 5.143019199
-0.052557237 0.016556993 0.998480797 2.380743027 0.005767419 0.999851048 -0.016276136 -0.192254335 -0.998601198 0.004903227 -0.052644905 5.141843796
-0.053147089 0.016943745 0.998443007 2.413336515 0.005665243 0.999845147 -0.016665982 -0.193497598 -0.998570621 0.004770672 -0.053234853 5.140665054
-0.052449260 0.017111896 0.998476982 2.450057030 0.007728097 0.999830246 -0.016729135 -0.194671944 -0.998593807 0.006838895 -0.052572582 5.138295174
-0.052568477 0.016737826 0.998477161 2.482779741 0.008435535 0.999831378 -0.016316408 -0.195755273 -0.998581707 0.007564960 -0.052700806 5.136587620
-0.053215697 0.016788542 0.998441935 2.518909931 0.004105203 0.999853909 -0.016593480 -0.197038084 -0.998574615 0.003215773 -0.053276844 5.135385990
-0.053117886 0.017387116 0.998436928 2.551372051 0.002141834 0.999848127 -0.017297743 -0.198135912 -0.998585999 0.001219667 -0.053147051 5.134024143
-0.053161897 0.015578964 0.998464286 2.587165594 0.003431738 0.999875247 -0.015418259 -0.199591979 -0.998579979 0.002606804 -0.053208727 5.132462025
-0.054430801 0.015350226 0.998399496 2.619533539 0.004108134 0.999876797 -0.015148971 -0.200359166 -0.998508990 0.003276988 -0.054487161 5.130814552
-0.057343364 0.014871060 0.998243749 2.653600216 0.000803691 0.999889374 -0.014849412 -0.201367915 -0.998354316 -0.000049234 -0.057348978 5.128886700
-0.062757142 0.014049989 0.997929871 2.685478926 -0.002891275 0.999894083 -0.014259471 -0.202825755 -0.998024702 -0.003780173 -0.062709875 5.127239704
-0.068406440 0.017914457 0.997496665 2.719910145 0.000555602 0.999839246 -0.017918428 -0.203967512 -0.997657359 -0.000671524 -0.068405382 5.124639988
-0.075347424 0.021397570 0.996927738 2.751256704 0.003662277 0.999768913 -0.021181760 -0.204593569 -0.997150540 0.002055035 -0.075408384 5.122646809
-0.082763270 0.021573981 0.996335804 2.783401012 0.001342091 0.999767184 -0.021536801 -0.206574678 -0.996568322 -0.000445282 -0.082772970 5.119668007
-0.088584557 0.021628367 0.995833755 2.819638968 -0.001718734 0.999759436 -0.021866517 -0.207294255 -0.996067107 -0.003648608 -0.088526085 5.116801739
-0.093752265 0.020182868 0.995390892 2.852125406 -0.002104527 0.999788225 -0.020470249 -0.208649218 -0.995593250 -0.004013958 -0.093689948 5.113462925
-0.098427877 0.020872980 0.994925201 2.887642860 -0.004402020 0.999761224 -0.021409923 -0.209759206 -0.995134354 -0.006487015 -0.098312467 5.110506535
-0.102244012 0.020362593 0.994550943 2.920203447 -0.006273413 0.999757469 -0.021114126 -0.210700706 -0.994739532 -0.008398019 -0.102091461 5.107228756
-0.105288580 0.017300297 0.994291186 2.957229137 -0.006180759 0.999817967 -0.018050959 -0.211870074 -0.994422436 -0.008046035 -0.105162494 5.103777409
-0.106673993 0.014687041 0.994185507 2.990283966 -0.003905254 0.999876976 -0.015190145 -0.212739259 -0.994286358 -0.005502940 -0.106603526 5.099934578
-0.109284915 0.011886764 0.993939400 3.025506020 -0.004280071 0.999913573 -0.012428811 -0.213990331 -0.994001329 -0.005612413 -0.109224595 5.097290993
-0.110000417 0.011204019 0.993868291 3.064705849 -0.005307783 0.999915600 -0.011859650 -0.215069398 -0.993917346 -0.006579804 -0.109931648 5.092734337
-0.110440806 0.014675856 0.993774354 3.099542856 -0.003414577 0.999879479 -0.015145487 -0.215940475 -0.993876755 -0.005065999 -0.110377379 5.089094162
-0.110578991 0.019568665 0.993674576 3.133777618 0.003032330 0.999808192 -0.019352006 -0.216804281 -0.993862748 0.000873225 -0.110617109 5.084990025
-0.110635914 0.023694243 0.993578494 3.174020290 0.009824484 0.999693036 -0.022746094 -0.218656912 -0.993812442 0.007244861 -0.110834748 5.079549789
-0.111041971 0.025088819 0.993498921 3.209217072 0.010454894 0.999655604 -0.024075763 -0.219689608 -0.993760705 0.007713506 -0.111266010 5.075471401
-0.111822791 0.022471376 0.993473947 3.248567820 0.008466948 0.999729574 -0.021659855 -0.221210286 -0.993692100 0.005989627 -0.111982815 5.071660042
-0.112602666 0.016566701 0.993501961 3.284462452 0.008478347 0.999840617 -0.015711471 -0.222853631 -0.993603945 0.006654100 -0.112725176 5.068258286
-0.112108260 0.015318840 0.993577898 3.322733879 0.010919697 0.999839842 -0.014183284 -0.224125326 -0.993636012 0.009259505 -0.112257600 5.063529491
-0.112772830 0.015837302 0.993494511 3.358062267 0.011507000 0.999826729 -0.014632070 -0.224984556 -0.993554115 0.009782040 -0.112935528 5.059542179
-0.114745833 0.016087085 0.993264556 3.396377802 0.009824184 0.999838352 -0.015058628 -0.226632997 -0.993346334 0.008030098 -0.114885338 5.055752754
-0.117108047 0.017089050 0.992972076 3.431932449 0.009342584 0.999826729 -0.016105182 -0.227489993 -0.993075252 0.007390879 -0.117247403 5.052049160
-0.118511498 0.017108481 0.992805302 3.465947151 0.010545732 0.999816835 -0.015970463 -0.228846520 -0.992896676 0.008577175 -0.118670225 5.047687531
-0.120673344 0.017029705 0.992546082 3.506304741 0.010705442 0.999817014 -0.015852891 -0.230095744 -0.992634475 0.008712625 -0.120833568 5.042857170
-0.122542687 0.017224658 0.992313683 3.541597128 0.011312708 0.999808609 -0.015957730 -0.231095672 -0.992398739 0.009270253 -0.122714080 5.038494110
-0.124121085 0.017525282 0.992112279 3.576323509 0.009171166 0.999821544 -0.016514080 -0.231990278 -0.992224693 0.007049079 -0.124259666 5.033959866
-0.125656739 0.018701836 0.991897464 3.617031574 0.008385300 0.999806643 -0.017788680 -0.233568102 -0.992038190 0.006082091 -0.125789270 5.029986858
-0.126247674 0.019003229 0.991816700 3.651610613 0.006671135 0.999810219 -0.018307218 -0.234516233 -0.991976202 0.004305301 -0.126350477 5.025683880
-0.127555877 0.019574288 0.991638243 3.687807322 0.007333198 0.999796450 -0.018792048 -0.235697299 -0.991804183 0.004874843 -0.127673447 5.021289349
-0.128972962 0.017845368 0.991487503 3.724447966 0.008606700 0.999820590 -0.016875785 -0.237344429 -0.991610587 0.006356917 -0.129103407 5.017579556
-0.129925072 0.015442805 0.991403520 3.766133547 0.005002066 0.999876201 -0.014919252 -0.238162845 -0.991511166 0.003020682 -0.129986241 5.011643410
-0.131767228 0.013713641 0.991185784 3.804033041 0.001637957 0.999905884 -0.013616544 -0.238907307 -0.991279304 -0.000170693 -0.131777316 5.006778717
-0.133725226 0.013166070 0.990930915 3.840404987 0.004250629 0.999910176 -0.012711755 -0.240176320 -0.991009295 0.002512197 -0.133769199 5.002192497
-0.135521695 0.013643318 0.990680516 3.878846169 0.006642136 0.999895215 -0.012861604 -0.241569459 -0.990752041 0.004837207 -0.135598123 4.997450829
-0.138276756 0.014412869 0.990288794 3.916194439 0.004354545 0.999893308 -0.013944621 -0.243005276 -0.990383983 0.002384040 -0.138324782 4.992697239
-0.139318854 0.017876636 0.990086198 3.957637310 0.004679287 0.999837697 -0.017394271 -0.244147614 -0.990236521 0.002209548 -0.139379933 4.985930920
-0.139622539 0.021807149 0.989964604 3.995835304 0.006972989 0.999754250 -0.021039344 -0.245308548 -0.990180194 0.003965446 -0.139740318 4.980657578
-0.141384184 0.025268041 0.989632308 4.034802914 0.007283437 0.999673724 -0.024483876 -0.246781260 -0.989928007 0.003746292 -0.141522095 4.975476265
-0.140955538 0.026822157 0.989652514 4.073879242 0.009822219 0.999621570 -0.025693376 -0.248159677 -0.989967167 0.006098960 -0.141165674 4.970014572
-0.139418155 0.026024176 0.989891529 4.115413189 0.014253374 0.999603808 -0.024272041 -0.250157118 -0.990130961 0.010725332 -0.139733836 4.962656498
-0.139796615 0.023987250 0.989889562 4.155056953 0.014867343 0.999644637 -0.022124011 -0.251872391 -0.990068555 0.011624166 -0.140103593 4.957750320
-0.138747320 0.022747196 0.990066469 4.196285725 0.013962064 0.999681771 -0.021011475 -0.252871811 -0.990229368 0.010908089 -0.139020726 4.951845169
-0.137335062 0.020108221 0.990320444 4.236175537 0.012689617 0.999747634 -0.018539872 -0.254411012 -0.990443289 0.010020616 -0.137555555 4.947002411
-0.136073455 0.017207855 0.990549266 4.277039051 0.013693663 0.999786317 -0.015487200 -0.255546778 -0.990604103 0.011456852 -0.136280015 4.941765308
-0.133753851 0.013558627 0.990921855 4.319862366 0.013694880 0.999836206 -0.011832077 -0.257045269 -0.990920126 0.011987970 -0.133917585 4.935663223
-0.132100821 0.013756944 0.991140842 4.360568047 0.012445586 0.999847889 -0.012219028 -0.258073449 -0.991158128 0.010721185 -0.132251963 4.930527210
-0.130681291 0.017695399 0.991266608 4.401462078 0.012932388 0.999786139 -0.016142575 -0.259671807 -0.991340041 0.010709911 -0.130882189 4.925286293
-0.128482208 0.024221543 0.991415977 4.442041397 0.014352209 0.999642432 -0.022562556 -0.261042595 -0.991607904 0.011330123 -0.128783926 4.919848919
-0.127106532 0.027385090 0.991510928 4.483226299 0.011609768 0.999591470 -0.026119955 -0.262421310 -0.991821051 0.008191196 -0.127372533 4.914922714
-0.125982836 0.024925649 0.991719246 4.523572445 0.009950253 0.999665678 -0.023861350 -0.263827235 -0.991982520 0.006861734 -0.126188755 4.910393715
-0.124463111 0.022775631 0.991962910 4.566069603 0.010939696 0.999707282 -0.021580826 -0.265269995 -0.992163837 0.008165756 -0.124675855 4.904645443
-0.123779327 0.021132605 0.992084682 4.606634617 0.011907455 0.999732852 -0.019809868 -0.266831219 -0.992238283 0.009361153 -0.123997889 4.899797440
-0.123355858 0.020671237 0.992147207 4.649024010 0.011270055 0.999747813 -0.019428365 -0.268501550 -0.992298424 0.008784952 -0.123557717 4.895029545
-0.123173900 0.021123111 0.992160320 4.690762520 0.010149003 0.999747992 -0.020024685 -0.269653857 -0.992333174 0.007602918 -0.123357244 4.890131474
-0.122479863 0.019136690 0.992286503 4.732171535 0.012640779 0.999763072 -0.017720602 -0.271384656 -0.992390454 0.010372858 -0.122692756 4.885381699
