0.999992430 -0.003030104 -0.002422199 -0.000339301 0.003025962 0.999993920 -0.001711980 -0.000738758 0.002427371 0.001704637 0.999995589 0.052179385
0.999983609 -0.003317368 -0.004666766 -0.000218468 0.003303494 0.999990106 -0.002977322 -0.001334494 0.004676601 0.002961856 0.999984741 0.078513421
0.999964416 -0.005273134 -0.006575697 -0.000418083 0.005240014 0.999973536 -0.005043557 -0.001586246 0.006602115 0.005008922 0.999965549 0.104251832
0.999936998 -0.007723213 -0.008131780 -0.000606240 0.007665261 0.999945223 -0.007133703 -0.002083855 0.008186435 0.007070921 0.999941468 0.130047038
0.999913990 -0.008896486 -0.009629824 -0.000799422 0.008824065 0.999932587 -0.007536953 -0.002588245 0.009696230 0.007451331 0.999925256 0.145191282
0.999901652 -0.008812906 -0.010910479 -0.001596470 0.008733347 0.999935091 -0.007318172 -0.003023950 0.010974267 0.007222166 0.999913633 0.183359712
0.999879956 -0.009538004 -0.012210477 -0.001904955 0.009448304 0.999928117 -0.007382769 -0.004085734 0.012280009 0.007266515 0.999898136 0.210507303
0.999867022 -0.008937319 -0.013642264 -0.002269361 0.008799740 0.999910116 -0.010111586 -0.004759950 0.013731402 0.009990193 0.999855816 0.235790417
0.999861956 -0.007395073 -0.014877836 -0.002861761 0.007191002 0.999879956 -0.013723543 -0.005660883 0.014977540 0.013614662 0.999795139 0.265708894
0.999850988 -0.006139323 -0.016134743 -0.003414869 0.005860846 0.999834001 -0.017250465 -0.006319900 0.016237972 0.017153330 0.999721050 0.291343302
0.999843240 -0.004235832 -0.017191490 -0.004497985 0.003936437 0.999840617 -0.017411850 -0.006821809 0.017262507 0.017341444 0.999700606 0.322921127
0.999818087 -0.001663436 -0.018997941 -0.004524536 0.001457282 0.999939919 -0.010860080 -0.007061567 0.019014869 0.010830421 0.999760509 0.349973500
0.999816656 -0.001257861 -0.019112904 -0.006159832 0.001255627 0.999999225 -0.000128871 -0.007763346 0.019113054 0.000104848 0.999817371 0.383122236
0.999813080 -0.000387793 -0.019332336 -0.007338883 0.000501350 0.999982655 0.005869455 -0.007806952 0.019329730 -0.005878049 0.999795914 0.411848903
0.999773264 0.001876223 -0.021211548 -0.008037316 -0.001759753 0.999983251 0.005508217 -0.008976488 0.021221533 -0.005469642 0.999759853 0.446219534
0.999751866 0.004176764 -0.021880195 -0.008880164 -0.004210417 0.999989986 -0.001492210 -0.009344921 0.021873752 0.001583965 0.999759555 0.474887669
0.999733031 0.003896306 -0.022773882 -0.010164808 -0.004068795 0.999963343 -0.007532605 -0.009403048 0.022743704 0.007623256 0.999712288 0.510353923
0.999714255 0.001283190 -0.023867367 -0.010929603 -0.001426654 0.999981046 -0.005994856 -0.009461769 0.023859231 0.006027194 0.999697149 0.541107357
0.999697626 0.000587915 -0.024582693 -0.011869929 -0.000508953 0.999994636 0.003218225 -0.009797503 0.024584450 -0.003204741 0.999692619 0.579700410
0.999682665 0.000268468 -0.025190601 -0.012585226 0.000004294 0.999941349 0.010827251 -0.010097368 0.025192030 -0.010823924 0.999624014 0.611944199
0.999669850 -0.000944016 -0.025678147 -0.013368400 0.001278110 0.999914706 0.012997555 -0.010067202 0.025663689 -0.013026085 0.999585688 0.644431949
0.999660075 -0.002878396 -0.025912197 -0.014689113 0.003193873 0.999921262 0.012141724 -0.010182421 0.025875203 -0.012220357 0.999590516 0.689395726
0.999681830 -0.003248678 -0.025017167 -0.015927436 0.003488070 0.999948561 0.009531435 -0.010054938 0.024984911 -0.009615663 0.999641657 0.723669052
0.999693155 -0.000872350 -0.024756161 -0.016934071 0.001023675 0.999980867 0.006100602 -0.009967279 0.024750367 -0.006124073 0.999674916 0.766264915
0.999710858 -0.004185234 -0.023679232 -0.017842434 0.004191065 0.999991298 0.000196637 -0.010021926 0.023678202 -0.000295822 0.999719620 0.801921785
0.999707282 -0.006209714 -0.023386700 -0.018323295 0.006082572 0.999966383 -0.005503786 -0.010886902 0.023420095 0.005359923 0.999711335 0.838119388
0.999745369 -0.005518332 -0.021881716 -0.020009231 0.005270183 0.999921322 -0.011381955 -0.011078660 0.021942807 0.011263737 0.999695718 0.887580752
0.999736130 -0.004017284 -0.022618491 -0.020375594 0.003740223 0.999917626 -0.012278377 -0.011661111 0.022665959 0.012190539 0.999668717 0.925559461
0.999731958 -0.004117022 -0.022784103 -0.021551648 0.003858713 0.999927878 -0.011369610 -0.012660122 0.022829274 0.011278645 0.999675751 0.964203179
0.999750793 -0.002893830 -0.022136187 -0.023523849 0.002607025 0.999912441 -0.012974281 -0.013729710 0.022171795 0.012913338 0.999670804 1.016226411
0.999750197 0.000294339 -0.022348737 -0.024582760 -0.000631493 0.999886096 -0.015080512 -0.014746889 0.022341751 0.015090859 0.999636531 1.056014061
0.999737144 0.003722803 -0.022620609 -0.025659442 -0.004084648 0.999864101 -0.015971156 -0.015497703 0.022558074 0.016059356 0.999616623 1.095962644
0.999737203 0.005629992 -0.022219697 -0.027279768 -0.005978932 0.999859393 -0.015669035 -0.017310619 0.022128353 0.015797773 0.999630332 1.149186254
0.999723315 0.006400604 -0.022632040 -0.028177712 -0.006736643 0.999867737 -0.014802965 -0.019082583 0.022534296 0.014951338 0.999634326 1.189721227
0.999708235 0.006313976 -0.023313101 -0.028886016 -0.006674415 0.999858975 -0.015415425 -0.019818891 0.023212478 0.015566532 0.999609351 1.230993509
0.999702334 0.007262231 -0.023289712 -0.030775463 -0.007601750 0.999865651 -0.014522840 -0.021283358 0.023181118 0.014695557 0.999623239 1.286229849
0.999693453 0.007766892 -0.023507221 -0.031813607 -0.008062808 0.999889135 -0.012519745 -0.022421261 0.023407377 0.012705438 0.999645233 1.328384757
0.999696195 0.008028042 -0.023300428 -0.033228766 -0.008296378 0.999900103 -0.011442678 -0.023529455 0.023206238 0.011632511 0.999662995 1.370528579
0.999672711 0.008955645 -0.023963517 -0.034538463 -0.009254181 0.999880552 -0.012376113 -0.024988521 0.023849824 0.012593824 0.999636173 1.425551176
0.999653757 0.010226078 -0.024244284 -0.035802510 -0.010565012 0.999847651 -0.013893346 -0.025714187 0.024098519 0.014144679 0.999609470 1.467953801
0.999665022 0.009919278 -0.023904292 -0.037672482 -0.010226647 0.999866068 -0.012770543 -0.026975434 0.023774417 0.013010724 0.999632716 1.510728955
0.999651074 0.009365748 -0.024704184 -0.039090876 -0.009618445 0.999902427 -0.010129955 -0.028363297 0.024606906 0.010364036 0.999643505 1.568287015
0.999632001 0.009785321 -0.025301667 -0.040314060 -0.009949529 0.999930203 -0.006372175 -0.029304631 0.025237551 0.006621570 0.999659538 1.611956000
0.999603570 0.009725945 -0.026422760 -0.041234225 -0.009838008 0.999943078 -0.004114440 -0.030248508 0.026381243 0.004372756 0.999642432 1.656164289
0.999603212 0.009182188 -0.026628276 -0.043321662 -0.009283758 0.999950111 -0.003693275 -0.031359751 0.026593041 0.003939020 0.999638617 1.714571238
0.999596000 0.009147692 -0.026908942 -0.044676252 -0.009293614 0.999942780 -0.005302822 -0.032169476 0.026858896 0.005550762 0.999623895 1.759542704
0.999567807 0.009540509 -0.027806178 -0.046533741 -0.009692936 0.999938726 -0.005352196 -0.033245508 0.027753416 0.005619406 0.999599040 1.803834677
0.999557734 0.009681027 -0.028116165 -0.048358873 -0.009806484 0.999942601 -0.004327751 -0.034483232 0.028072653 0.004601557 0.999595404 1.862339020
0.999552369 0.010005255 -0.028192624 -0.050600320 -0.010103766 0.999943376 -0.003353836 -0.034620795 0.028157471 0.003637186 0.999596953 1.907276869
0.999533117 0.008758029 -0.029272202 -0.051695205 -0.008747631 0.999961674 0.000483195 -0.036323920 0.029275311 -0.000226909 0.999571443 1.951097012
0.999500334 0.010859773 -0.029681653 -0.053556688 -0.010866010 0.999940932 -0.000048787 -0.037442964 0.029679382 0.000371283 0.999559343 2.010864496
0.999468565 0.011755088 -0.030402813 -0.055127375 -0.011878522 0.999921918 -0.003882463 -0.038365599 0.030354807 0.004241541 0.999530137 2.055309534
0.999464273 0.013354631 -0.029878464 -0.057142477 -0.013601034 0.999875069 -0.008058899 -0.038968068 0.029767113 0.008460960 0.999521017 2.099594355
0.999460638 0.013146145 -0.030098530 -0.058928624 -0.013392396 0.999878287 -0.007994466 -0.040659439 0.029989775 0.008393240 0.999514937 2.158426285
0.999434948 0.013942081 -0.030584166 -0.060299616 -0.014106404 0.999887109 -0.005163634 -0.041759230 0.030508718 0.005592146 0.999518812 2.203689337
0.999443710 0.014636916 -0.029970422 -0.062236179 -0.014742166 0.999885917 -0.003293784 -0.042806178 0.029918795 0.003733779 0.999545395 2.257783413
0.999446332 0.012900368 -0.030671759 -0.063352250 -0.012956715 0.999914765 -0.001639067 -0.043813977 0.030648001 0.002035565 0.999528229 2.302596569
0.999468684 0.013485109 -0.029674925 -0.065402590 -0.013576096 0.999903738 -0.002866724 -0.044804391 0.029633414 0.003268069 0.999555528 2.347229242
0.999495327 0.012087261 -0.029373389 -0.067204744 -0.012234617 0.999913394 -0.004842121 -0.045731742 0.029312318 0.005199048 0.999556959 2.406342030
0.999508858 0.012737026 -0.028630208 -0.068991587 -0.012949466 0.999889791 -0.007246904 -0.046598118 0.028534755 0.007614090 0.999563932 2.450779200
0.999515533 0.011102256 -0.029078012 -0.070420124 -0.011376563 0.999892116 -0.009285061 -0.048230611 0.028971793 0.009611369 0.999534070 2.504879236
0.999540091 0.008897658 -0.028990140 -0.071479246 -0.009263746 0.999878645 -0.012518296 -0.049557827 0.028875243 0.012781096 0.999501348 2.548913956
0.999568522 0.007757070 -0.028330721 -0.073432527 -0.008160309 0.999866605 -0.014145480 -0.051163848 0.028217219 0.014370564 0.999498546 2.594172478
0.999574006 0.006030002 -0.028555272 -0.074540809 -0.006373557 0.999908149 -0.011955475 -0.052619219 0.028480561 0.012132381 0.999520719 2.652163982
0.999584854 0.004121486 -0.028514370 -0.075832993 -0.004287382 0.999974251 -0.005759288 -0.053742401 0.028489899 0.005879149 0.999576807 2.697512150
0.999595642 0.003081311 -0.028268807 -0.077501513 -0.003090520 0.999995112 -0.000282082 -0.054630879 0.028267799 0.000369333 0.999600291 2.750668049
0.999611199 0.001352729 -0.027849786 -0.078830473 -0.001345320 0.999999046 0.000284779 -0.055414561 0.027850147 -0.000247202 0.999612033 2.795600176
0.999607027 -0.001412451 -0.027999124 -0.080201507 0.001338061 0.999995470 -0.002675435 -0.056429625 0.028002774 0.002636918 0.999604344 2.848938465
0.999602258 -0.002891127 -0.028054750 -0.081645943 0.002735105 0.999980628 -0.005598163 -0.057435669 0.028070394 0.005519204 0.999590695 2.893631935
0.999605119 -0.000425067 -0.028095199 -0.083327115 0.000153589 0.999953270 -0.009664237 -0.058660846 0.028098002 0.009656104 0.999558568 2.946987629
0.999615192 -0.000669901 -0.027729435 -0.084963165 0.000284944 0.999903619 -0.013884246 -0.059925258 0.027736068 0.013871003 0.999519110 2.992188931
0.999626875 0.002108941 -0.027231801 -0.086680986 -0.002503941 0.999891996 -0.014479123 -0.061410792 0.027198326 0.014541909 0.999524295 3.045715809
0.999641895 0.005924340 -0.026094334 -0.088670567 -0.006217964 0.999918044 -0.011185670 -0.062425300 0.026025932 0.011343919 0.999596894 3.090913773
0.999625981 0.007420176 -0.026320377 -0.090239547 -0.007656564 0.999931157 -0.008891826 -0.064075790 0.026252585 0.009090024 0.999614000 3.144978762
0.999631763 0.006877112 -0.026250530 -0.091444634 -0.007095080 0.999941051 -0.008219297 -0.065045476 0.026192458 0.008402520 0.999621570 3.189818859
0.999635518 0.005171955 -0.026496381 -0.093205892 -0.005364866 0.999959588 -0.007214692 -0.066620916 0.026457999 0.007354210 0.999622881 3.244090319
0.999626994 0.004427397 -0.026948472 -0.094386175 -0.004578625 0.999974132 -0.005552652 -0.067999154 0.026923185 0.005673968 0.999621451 3.288204908
0.999644876 0.002863856 -0.026494121 -0.096849874 -0.002963313 0.999988675 -0.003715475 -0.069073603 0.026483180 0.003792666 0.999642015 3.343322277
0.999611616 0.001923360 -0.027801229 -0.097653367 -0.001984624 0.999995649 -0.002176264 -0.070085607 0.027796920 0.002230593 0.999611139 3.388624668
0.999604344 0.000381533 -0.028123889 -0.099120162 -0.000467156 0.999995232 -0.003038014 -0.071375750 0.028122595 0.003049950 0.999599874 3.433368683
0.999583244 0.001271438 -0.028841037 -0.100972377 -0.001472048 0.999974906 -0.006935521 -0.072758555 0.028831495 0.006975085 0.999559939 3.490072489
0.999569058 0.001929038 -0.029293027 -0.102696501 -0.002191111 0.999957860 -0.008917113 -0.074012771 0.029274592 0.008977454 0.999531031 3.535281181
0.999543190 0.003963817 -0.029961815 -0.104469158 -0.004186264 0.999964178 -0.007365284 -0.075171456 0.029931551 0.007487348 0.999523818 3.587920666
0.999518871 0.004954180 -0.030621110 -0.105900072 -0.005049231 0.999982774 -0.003027579 -0.076208346 0.030605583 0.003180736 0.999526441 3.632715464
0.999469578 0.005142290 -0.032157507 -0.106787831 -0.005113920 0.999986589 0.000964395 -0.077118874 0.032162033 -0.000799431 0.999482274 3.676410913
0.999477148 0.007138966 -0.031534281 -0.110037826 -0.007094697 0.999973714 0.001515490 -0.078047842 0.031544264 -0.001290971 0.999501526 3.734269857
0.999461591 0.006792139 -0.032098405 -0.111724563 -0.006804270 0.999976873 -0.000268742 -0.079310775 0.032095831 0.000487003 0.999484718 3.777866125
0.999431431 0.006986631 -0.032985181 -0.113441437 -0.007049098 0.999973595 -0.001777906 -0.079615660 0.032971889 0.002009412 0.999454200 3.830302954
0.999424160 0.006268303 -0.033348288 -0.115160480 -0.006326293 0.999978662 -0.001633691 -0.080750011 0.033337336 0.001843721 0.999442458 3.873804331
0.999394596 0.004794725 -0.034458712 -0.116743505 -0.004850577 0.999987006 -0.001537424 -0.081660353 0.034450900 0.001703637 0.999404967 3.924122572
0.999342799 0.003964860 -0.036031194 -0.117662221 -0.003980381 0.999992013 -0.000359050 -0.082462639 0.036029484 0.000502231 0.999350667 3.967251062
0.999362707 0.003986145 -0.035471521 -0.120321400 -0.003887264 0.999988377 0.002856155 -0.083848074 0.035482489 -0.002716449 0.999366581 4.015401363
0.999342561 0.003758651 -0.036058366 -0.122097284 -0.003619844 0.999985754 0.003914038 -0.084812641 0.036072563 -0.003780941 0.999342024 4.055722713
0.999255061 0.001921202 -0.038542993 -0.124060974 -0.001773466 0.999990940 0.003866840 -0.085585020 0.038550071 -0.003795604 0.999249458 4.102949619
0.999131382 0.001844788 -0.041629229 -0.125983134 -0.001719951 0.999993920 0.003034386 -0.086510792 0.041634575 -0.002960149 0.999128520 4.141753674
0.998980165 0.001245406 -0.045133077 -0.128214225 -0.001149788 0.999997079 0.002144462 -0.087437131 0.045135599 -0.002090381 0.998978615 4.186756134
0.998830974 0.000816175 -0.048332039 -0.130212456 -0.000685092 0.999996066 0.002728641 -0.088248916 0.048334058 -0.002692339 0.998827577 4.223708153
0.998665810 0.002280048 -0.051586788 -0.132608011 -0.002088974 0.999990761 0.003757558 -0.089186504 0.051594883 -0.003644782 0.998661458 4.266499043
0.998542428 0.003270135 -0.053872541 -0.135115758 -0.003025362 0.999984741 0.004624483 -0.089786708 0.053886842 -0.004454760 0.998537183 4.301561832
0.998387158 0.004378437 -0.056602143 -0.137983814 -0.004051883 0.999974430 0.005882765 -0.090323023 0.056626454 -0.005643932 0.998379529 4.334988594
0.998192906 0.006000258 -0.059789758 -0.140142366 -0.005608300 0.999961674 0.006721266 -0.091029353 0.059827790 -0.006373803 0.998188376 4.376286507
0.998042226 0.008357708 -0.061981227 -0.142949462 -0.007953096 0.999945402 0.006771818 -0.091437057 0.062034439 -0.006265619 0.998054385 4.408103943
0.997820556 0.010335783 -0.065171726 -0.144656971 -0.009985044 0.999933898 0.005705210 -0.092048720 0.065226376 -0.005042034 0.997857690 4.438060284
0.997659624 0.010748185 -0.067527980 -0.147778854 -0.010628650 0.999941230 0.002129209 -0.092930779 0.067546897 -0.001406495 0.997715175 4.474860668
0.997488797 0.013467601 -0.069532044 -0.150666848 -0.013606561 0.999906301 -0.001525282 -0.093463942 0.069504991 0.002467544 0.997578621 4.501749992
0.997252047 0.014903353 -0.072569564 -0.151941314 -0.015240894 0.999875367 -0.004099698 -0.094230250 0.072499439 0.005194458 0.997354984 4.528878212
0.997155011 0.017022436 -0.073432110 -0.154174998 -0.017485842 0.999830961 -0.005672369 -0.094407007 0.073323160 0.006940254 0.997284174 4.553742409
0.997210562 0.019467121 -0.072056182 -0.157548279 -0.019847067 0.999792635 -0.004560564 -0.095811300 0.071952462 0.005977945 0.997390151 4.587928295
0.997382104 0.023137717 -0.068509549 -0.159976080 -0.023400804 0.999721587 -0.003039987 -0.096471652 0.068420149 0.004635208 0.997645795 4.611020088
0.997639298 0.025767628 -0.063654594 -0.160762891 -0.025926670 0.999662459 -0.001673602 -0.097159334 0.063589983 0.003320002 0.997970581 4.633310318
0.998060584 0.026819343 -0.056176886 -0.162801757 -0.026836488 0.999639690 0.000449305 -0.097808823 0.056168705 0.001059157 0.998420656 4.661287308
0.998573184 0.026587220 -0.046311855 -0.163482904 -0.026450396 0.999643743 0.003564761 -0.098712578 0.046390139 -0.002334706 0.998920619 4.681974888
0.999032199 0.026441038 -0.035150163 -0.163359508 -0.026306037 0.999644637 0.004297715 -0.098950267 0.035251312 -0.003368893 0.999372780 4.702108383
0.999447644 0.025401196 -0.021426011 -0.164122477 -0.025311815 0.999669790 0.004432732 -0.099535882 0.021531532 -0.003887953 0.999760628 4.726084709
0.999665976 0.025124783 -0.006038398 -0.163937271 -0.025103942 0.999678612 0.003502833 -0.099858291 0.006124467 -0.003350076 0.999975622 4.743872643
0.999642253 0.023947410 0.011913620 -0.163057625 -0.023954362 0.999713004 0.000441258 -0.100352742 -0.011899630 -0.000726484 0.999928892 4.761620998
0.999156117 0.023792233 0.033482581 -0.162004232 -0.023667727 0.999711335 -0.004110094 -0.100829609 -0.033570714 0.003314169 0.999430895 4.778629303
0.998141706 0.021450978 0.057034504 -0.159459680 -0.020974642 0.999740124 -0.008937325 -0.101501063 -0.057211388 0.007724441 0.998332202 4.801883698
0.996252954 0.019318502 0.084301293 -0.157228321 -0.018395316 0.999762237 -0.011714153 -0.101913676 -0.084507540 0.010119514 0.996371448 4.818418026
0.993306339 0.016539996 0.114318877 -0.154349625 -0.015137676 0.999799311 -0.013124023 -0.102302596 -0.114512995 0.011305653 0.993357420 4.834251881
0.988955975 0.013996432 0.147547215 -0.151133358 -0.011959199 0.999820650 -0.014685471 -0.103050575 -0.147726297 0.012758739 0.988945961 4.850427151
0.983186483 0.011570129 0.182237089 -0.145774603 -0.008788330 0.999832332 -0.016064916 -0.103899650 -0.182392448 0.014193245 0.983123362 4.870717049
0.975261211 0.008467090 0.220893130 -0.141136408 -0.004755202 0.999838471 -0.017330371 -0.104093306 -0.221004218 0.015851248 0.975144029 4.885918617
0.965171218 0.006574887 0.261536241 -0.136413336 -0.002021321 0.999841690 -0.017676044 -0.104869485 -0.261611104 0.016531758 0.965031803 4.899715424
0.952793658 0.007294329 0.303530991 -0.129463553 -0.001832969 0.999831319 -0.018273775 -0.105919205 -0.303613126 0.016854772 0.952646255 4.918195724
0.937311232 0.009183945 0.348372430 -0.123840451 -0.002991099 0.999827921 -0.018310210 -0.106586210 -0.348480552 0.016120354 0.937177360 4.931286335
0.919579268 0.009560660 0.392788231 -0.116553664 -0.002977997 0.999844730 -0.017364757 -0.106984191 -0.392893255 0.014798550 0.919464946 4.944872856
0.899225295 0.008915394 0.437395036 -0.109080791 -0.002004979 0.999865711 -0.016258229 -0.107371479 -0.437481344 0.013742846 0.899122536 4.957478046
0.876356661 0.007703152 0.481601208 -0.098158598 0.000466977 0.999858081 -0.016842354 -0.108143725 -0.481662631 0.014984806 0.876228631 4.974114418
0.851525247 0.008413669 0.524246097 -0.089045286 0.001576720 0.999825656 -0.018607328 -0.108931616 -0.524311244 0.016671199 0.851363480 4.985425949
0.823442042 0.010635737 0.567300797 -0.080078840 0.002066198 0.999761522 -0.021742608 -0.109646261 -0.567396641 0.019075930 0.823223650 4.996820450
0.792264819 0.015169784 0.609988809 -0.070165157 0.000797148 0.999664366 -0.025895961 -0.110386953 -0.610176861 0.021002712 0.791986823 5.008490562
0.758849204 0.021204578 0.650921106 -0.056297541 -0.002136828 0.999545634 -0.030070323 -0.111005031 -0.651262820 0.021427937 0.758549631 5.022423744
0.721113563 0.025992781 0.692329049 -0.045014620 -0.003800084 0.999429286 -0.033564467 -0.111136369 -0.692806363 0.021572884 0.720800877 5.033021450
0.682044029 0.026442934 0.730832875 -0.032501221 -0.002674532 0.999429524 -0.033665299 -0.112177499 -0.731306136 0.021006577 0.681725860 5.042450905
0.641440928 0.023743063 0.766804874 -0.016210794 0.001009130 0.999493957 -0.031792108 -0.113136500 -0.767171741 0.021166561 0.641092479 5.053183556
0.597189426 0.022163451 0.801793873 -0.002664804 0.001919381 0.999575853 -0.029060187 -0.113542557 -0.802097976 0.018893385 0.596893668 5.061447144
0.551045001 0.020209661 0.834230721 0.014253855 0.003687781 0.999637961 -0.026652675 -0.114066482 -0.834467351 0.017763281 0.550771058 5.070595264
0.503080308 0.017138608 0.864069641 0.029386282 0.005904472 0.999711931 -0.023266751 -0.114595309 -0.864219487 0.016806921 0.502834260 5.077571869
0.452294290 0.013982633 0.891759157 0.047164679 0.007049016 0.999789834 -0.019251747 -0.115528464 -0.891840935 0.014993482 0.452100605 5.084731102
0.400173843 0.014099729 0.916330814 0.063338637 0.003844456 0.999847114 -0.017063728 -0.116357818 -0.916431248 0.010351252 0.400058359 5.090564251
0.349066973 0.018975740 0.936905622 0.082677126 0.000885832 0.999787807 -0.020579368 -0.116948195 -0.937097311 0.008013519 0.348976076 5.096559048
0.298536032 0.024575010 0.954081893 0.100266814 0.000612850 0.999663293 -0.025940843 -0.117138460 -0.954398096 0.008328985 0.298420459 5.100724697
0.252185017 0.026161881 0.967325330 0.121065497 0.002016426 0.999618053 -0.027560953 -0.117997371 -0.967676878 0.008901000 0.252036005 5.104349136
0.211047664 0.026480615 0.977117002 0.139490008 0.008556729 0.999544680 -0.028936587 -0.118577749 -0.977438211 0.014467925 0.210725024 5.106597900
0.175838664 0.025655000 0.984084547 0.162779927 0.017438650 0.999422312 -0.029170832 -0.119433358 -0.984264493 0.022290468 0.175289705 5.109188080
0.144751444 0.027145252 0.989095569 0.183039427 0.020991316 0.999314368 -0.030497722 -0.119989648 -0.989245355 0.025177004 0.144082367 5.111430168
0.117408156 0.025289269 0.992761731 0.207563877 0.019362468 0.999427319 -0.027748963 -0.121080562 -0.992894948 0.022480268 0.116851270 5.113223076
0.091353528 0.021569064 0.995584846 0.229812115 0.013157657 0.999651849 -0.022864504 -0.121821478 -0.995731533 0.015188317 0.091037944 5.115626335
0.067240752 0.018099597 0.997572601 0.252885550 0.006866677 0.999803364 -0.018602917 -0.122532561 -0.997713149 0.008100888 0.067103237 5.116981983
0.045243241 0.015433614 0.998856783 0.282560110 0.012072429 0.999799192 -0.015994998 -0.123355575 -0.998903096 0.012782295 0.045047842 5.117312908
0.024817033 0.016535178 0.999555230 0.306956112 0.020186767 0.999651015 -0.017037963 -0.124010429 -0.999488175 0.020600621 0.024474587 5.117141724
0.007583328 0.018298415 0.999803782 0.336712837 0.024399377 0.999531448 -0.018478494 -0.125359565 -0.999673486 0.024534723 0.007133307 5.116376400
-0.006533924 0.023728978 0.999697030 0.363701552 0.024915783 0.999411881 -0.023559364 -0.125835314 -0.999668241 0.024754301 -0.007121305 5.115822792
-0.017888717 0.028505918 0.999433637 0.395774305 0.022108801 0.999360383 -0.028108107 -0.126429886 -0.999595523 0.021593455 -0.018507509 5.116006851
-0.024197428 0.027950047 0.999316335 0.423896253 0.023766940 0.999342680 -0.027375285 -0.127447307 -0.999424636 0.023088284 -0.024845805 5.114901066
-0.026828261 0.025187502 0.999322653 0.458191872 0.030434158 0.999239683 -0.024368364 -0.128278866 -0.999176621 0.029759783 -0.027574424 5.113708496
-0.025927017 0.023267455 0.999393046 0.488473117 0.031817000 0.999241829 -0.022438517 -0.129505634 -0.999157369 0.031215923 -0.026647659 5.112448692
-0.024207707 0.022966070 0.999443114 0.524285316 0.030592212 0.999284923 -0.022221457 -0.130561799 -0.999238729 0.030037250 -0.024892980 5.111909866
-0.022994494 0.023065088 0.999469519 0.555929244 0.026762471 0.999389708 -0.022447536 -0.131846428 -0.999377251 0.026232103 -0.023597740 5.111689568
-0.021305153 0.024475263 0.999473393 0.593731046 0.026558599 0.999361277 -0.023906393 -0.132710114 -0.999420166 0.026035279 -0.021941576 5.110653400
-0.020776089 0.025338179 0.999463022 0.626174033 0.025863525 0.999357879 -0.024797879 -0.133687794 -0.999449611 0.025334431 -0.021418082 5.110455036
-0.019757131 0.024850262 0.999495924 0.667112827 0.025500134 0.999378324 -0.024343278 -0.135141850 -0.999479532 0.025006326 -0.020378536 5.109886169
-0.019150244 0.024017742 0.999528110 0.701840818 0.024067322 0.999432802 -0.023554334 -0.135774896 -0.999526918 0.023604894 -0.019717423 5.109168053
-0.018871257 0.022355566 0.999571919 0.742751241 0.024865486 0.999451280 -0.021883419 -0.137631133 -0.999512732 0.024441870 -0.019416785 5.108809948
-0.019383883 0.019870412 0.999614596 0.778699398 0.025204312 0.999494493 -0.019379275 -0.139042452 -0.999494493 0.024818953 -0.019874901 5.107969761
-0.020270403 0.018191237 0.999628961 0.815021276 0.023149498 0.999574840 -0.017720830 -0.140079141 -0.999526560 0.022781702 -0.020682905 5.107264519
-0.021577733 0.017354477 0.999616563 0.859921455 0.022550171 0.999603391 -0.016867483 -0.141236767 -0.999512792 0.022177566 -0.021960525 5.106823444
-0.022855848 0.014527021 0.999633253 0.897259355 0.025443872 0.999579012 -0.013944479 -0.142572373 -0.999414980 0.025115833 -0.023215851 5.105931282
-0.024168566 0.013357954 0.999618649 0.934198678 0.026491087 0.999568105 -0.012716785 -0.143340036 -0.999356866 0.026173640 -0.024511997 5.105159760
-0.025560414 0.012027617 0.999600887 0.980870843 0.023422401 0.999660313 -0.011429406 -0.145143569 -0.999398887 0.023120912 -0.025833445 5.103902340
-0.027060155 0.016983006 0.999489546 1.018770576 0.020367388 0.999657393 -0.016434435 -0.146064252 -0.999426365 0.019912271 -0.027396783 5.103748798
-0.028150573 0.021444004 0.999373615 1.058063507 0.022358494 0.999533236 -0.020817630 -0.147204235 -0.999353647 0.021758463 -0.028616888 5.103309631
-0.028814929 0.023861164 0.999299884 1.104710579 0.022309152 0.999481380 -0.023222212 -0.148091048 -0.999335885 0.021624388 -0.029332304 5.101695538
-0.030544415 0.022165531 0.999287605 1.144384623 0.019045494 0.999585509 -0.021589989 -0.149074942 -0.999351919 0.018372474 -0.030953908 5.101246357
-0.032386988 0.017197054 0.999327362 1.183258772 0.015658602 0.999737918 -0.016696645 -0.150950640 -0.999352753 0.015107314 -0.032647785 5.101138592
-0.031890534 0.011325784 0.999427199 1.216066003 0.014222747 0.999839604 -0.010876628 -0.152379811 -0.999390244 0.013867732 -0.032046504 5.099331379
-0.032278173 0.006381585 0.999458492 1.273413181 0.010648173 0.999925077 -0.006040674 -0.153478682 -0.999422312 0.010447424 -0.032343701 5.098683834
-0.031632997 0.005113392 0.999486387 1.314773798 0.008536933 0.999951839 -0.004845587 -0.154524505 -0.999463141 0.008379267 -0.031675126 5.097352505
-0.030311987 0.011916995 0.999469340 1.351752162 0.010770727 0.999874830 -0.011595173 -0.156044960 -0.999482453 0.010413539 -0.030436542 5.095331192
-0.029659338 0.023296688 0.999288559 1.397987008 0.013877188 0.999641597 -0.022893038 -0.157223433 -0.999463737 0.013188320 -0.029972000 5.094904423
-0.029591843 0.028370107 0.999159455 1.436768889 0.015213294 0.999494135 -0.027929043 -0.158426911 -0.999446332 0.014374031 -0.030008478 5.094177723
-0.028171781 0.022368431 0.999352813 1.475947022 0.016450811 0.999624550 -0.021910764 -0.160148725 -0.999467731 0.015822899 -0.028529180 5.092961788
-0.026755992 0.015220576 0.999526083 1.522183895 0.020030539 0.999691427 -0.014686902 -0.161572665 -0.999441326 0.019628080 -0.027052613 5.091207504
-0.027323339 0.012899100 0.999543369 1.560625196 0.020642534 0.999710858 -0.012336976 -0.162617519 -0.999413490 0.020296022 -0.027581707 5.091003895
-0.027043723 0.013857092 0.999538124 1.598239183 0.020100048 0.999709368 -0.013315630 -0.163507402 -0.999432266 0.019730659 -0.027314384 5.089689732
-0.027707731 0.014008980 0.999517858 1.644187212 0.017316416 0.999758542 -0.013532321 -0.165416375 -0.999466062 0.016933117 -0.027943624 5.089207172
-0.029156869 0.013675845 0.999481261 1.681833386 0.015137517 0.999797881 -0.013238584 -0.167025402 -0.999460280 0.014743672 -0.029357992 5.088259697
-0.031114878 0.013614478 0.999423027 1.719423652 0.015242431 0.999797463 -0.013145037 -0.168243930 -0.999399662 0.014824629 -0.031316090 5.087424755
-0.034301024 0.014616188 0.999304652 1.763947964 0.013533664 0.999808192 -0.014159014 -0.168989420 -0.999319851 0.013038587 -0.034492258 5.086504936
-0.036915220 0.014967154 0.999206305 1.801469564 0.011498041 0.999828160 -0.014551678 -0.170158297 -0.999252200 0.010951740 -0.037080962 5.085853100
-0.039614029 0.014437380 0.999110699 1.839494824 0.009420841 0.999856651 -0.014074629 -0.171122789 -0.999170542 0.008854914 -0.039744359 5.085288048
-0.040745098 0.013136982 0.999083221 1.881062627 0.010031662 0.999868572 -0.012738193 -0.172590286 -0.999119282 0.009503446 -0.040871527 5.082765102
-0.042546440 0.011995863 0.999022543 1.917622566 0.009699653 0.999885738 -0.011593143 -0.174599305 -0.999047518 0.009196924 -0.042657934 5.081258297
-0.044586062 0.014438195 0.998901248 1.953931808 0.010321412 0.999848902 -0.013991197 -0.174959823 -0.998952270 0.009686257 -0.044728339 5.080284119
-0.046010956 0.014480230 0.998836100 1.995928884 0.009852728 0.999852777 -0.014041111 -0.176131770 -0.998892367 0.009195214 -0.046146858 5.078579903
-0.046603832 0.013007176 0.998828769 2.031010866 0.012186403 0.999848127 -0.012451852 -0.177525029 -0.998839140 0.011591825 -0.046755258 5.076609612
-0.048383109 0.012069750 0.998755932 2.067382574 0.011537557 0.999866903 -0.011524258 -0.178853840 -0.998762250 0.010965624 -0.048515923 5.074945450
-0.049872231 0.011981262 0.998683631 2.107533693 0.010677595 0.999877274 -0.011462362 -0.179912448 -0.998698533 0.010091885 -0.049994037 5.073517799
-0.050698865 0.011510096 0.998647630 2.142311096 0.008719943 0.999900579 -0.011081849 -0.180667594 -0.998675942 0.008146314 -0.050794184 5.071824074
-0.051919542 0.010278287 0.998598278 2.177232265 0.008479523 0.999915421 -0.009850973 -0.181797534 -0.998615265 0.007956181 -0.052002311 5.070503712
-0.052931041 0.009624237 0.998551786 2.214284420 0.008286532 0.999923289 -0.009198206 -0.183178321 -0.998563707 0.007787662 -0.053006735 5.068717003
-0.053064413 0.011817236 0.998521149 2.247168541 0.007785575 0.999904454 -0.011419858 -0.184416488 -0.998560786 0.007168073 -0.053151350 5.066975117
-0.053178899 0.015242619 0.998468578 2.282262087 0.008675659 0.999852836 -0.014801682 -0.185163081 -0.998547316 0.007875236 -0.053303316 5.065571308
-0.053082574 0.017039001 0.998444796 2.314718246 0.006539005 0.999838948 -0.016715147 -0.186233789 -0.998568714 0.005641551 -0.053185444 5.064012051
-0.053242259 0.017570779 0.998426914 2.349477768 0.006880825 0.999828041 -0.017228501 -0.187496871 -0.998557925 0.005952717 -0.053354003 5.062402725
-0.053258058 0.016933458 0.998437107 2.381217718 0.007959818 0.999831617 -0.016532518 -0.188805073 -0.998549044 0.007066887 -0.053383887 5.060762405
-0.053547498 0.016511552 0.998428762 2.415974379 0.007870554 0.999839187 -0.016112771 -0.190101162 -0.998534262 0.006995388 -0.053668845 5.058933735
-0.053684235 0.016833618 0.998416066 2.447807312 0.004522108 0.999851644 -0.016614676 -0.191047236 -0.998547673 0.003622998 -0.053752393 5.057590008
-0.053697992 0.016797340 0.998415887 2.482049942 0.002167965 0.999858141 -0.016705008 -0.192506567 -0.998554885 0.001267505 -0.053726796 5.056162357
-0.053477675 0.015536040 0.998448193 2.513682365 0.004595198 0.999872327 -0.015312074 -0.193590671 -0.998558462 0.003769212 -0.053542241 5.054505348
-0.054708946 0.014891782 0.998391211 2.547509432 0.003994170 0.999884069 -0.014695179 -0.194667011 -0.998494387 0.003183787 -0.054762077 5.052982807
-0.057466570 0.014485431 0.998242259 2.577867031 0.000392285 0.999894977 -0.014486833 -0.195482075 -0.998347402 -0.000440913 -0.057466213 5.050886631
-0.063454553 0.014046407 0.997885823 2.612066507 -0.003058105 0.999893546 -0.014269128 -0.196633250 -0.997980058 -0.003957083 -0.063404836 5.049679756
-0.069138236 0.018238407 0.997440457 2.642544031 0.000773207 0.999833524 -0.018228572 -0.197480917 -0.997606814 -0.000489065 -0.069140844 5.047378540
-0.075743400 0.020512247 0.996916354 2.675704241 0.003232444 0.999788165 -0.020325745 -0.198807240 -0.997122288 0.001682935 -0.075793646 5.044545650
-0.083050221 0.021334432 0.996316969 2.706480265 0.001644852 0.999772489 -0.021271314 -0.200322017 -0.996544063 -0.000127794 -0.083066411 5.041996956
-0.089126453 0.021276489 0.995792925 2.740701675 -0.001442691 0.999768019 -0.021490538 -0.201239184 -0.996019304 -0.003351999 -0.089075059 5.039175987
-0.094676912 0.020510186 0.995296657 2.772127628 -0.001033210 0.999785185 -0.020700961 -0.202082887 -0.995507538 -0.002988254 -0.094635397 5.036291599
-0.098883323 0.020746291 0.994882882 2.806682348 -0.003924866 0.999766767 -0.021238245 -0.203467071 -0.995091259 -0.006004890 -0.098778844 5.032783508
-0.102469817 0.019949894 0.994536102 2.838273287 -0.005918356 0.999769032 -0.020664651 -0.204632849 -0.994718492 -0.008003523 -0.102328077 5.029488087
-0.105488539 0.016975986 0.994275570 2.873919010 -0.005774501 0.999826968 -0.017683422 -0.205521166 -0.994403720 -0.007606844 -0.105372258 5.026202202
-0.107067682 0.014301310 0.994148850 2.906804085 -0.003668800 0.999884069 -0.014778939 -0.206495225 -0.994244933 -0.005229680 -0.107002795 5.022484779
-0.108873844 0.010861848 0.993996143 2.942908287 -0.004300000 0.999925733 -0.011397629 -0.207851961 -0.994046330 -0.005515089 -0.108819053 5.018991947
-0.110226631 0.010567224 0.993850231 2.976773977 -0.005420912 0.999922156 -0.011233010 -0.208757505 -0.993891835 -0.006625752 -0.110160761 5.015501022
-0.110672459 0.014203707 0.993755400 3.012771606 -0.003845344 0.999884307 -0.014719553 -0.209756583 -0.993849516 -0.005450380 -0.110605046 5.011643410
-0.110566072 0.018901106 0.993689001 3.046656370 0.002720586 0.999821246 -0.018715028 -0.210450619 -0.993865073 0.000634169 -0.110597730 5.007367611
-0.110744290 0.022475889 0.993594766 3.080844641 0.008632028 0.999728382 -0.021652523 -0.212262049 -0.993811488 0.006178843 -0.110908218 5.002995014
-0.111892596 0.024400728 0.993420660 3.120016813 0.010318213 0.999673128 -0.023392124 -0.213203654 -0.993666768 0.007632921 -0.112107791 4.998738766
-0.112137243 0.022267651 0.993443191 3.154893875 0.008259808 0.999735236 -0.021476341 -0.214476526 -0.993658483 0.005797351 -0.112291470 4.994928360
-0.112350829 0.017659904 0.993511617 3.189956665 0.009325173 0.999816775 -0.016717443 -0.215542600 -0.993624866 0.007386450 -0.112494938 4.991291046
-0.112674847 0.014835405 0.993521154 3.228159428 0.010957207 0.999846280 -0.013687202 -0.217308670 -0.993571579 0.009344012 -0.112820081 4.987115383
-0.113493882 0.015029911 0.993425012 3.262755394 0.011517442 0.999838233 -0.013811132 -0.218097165 -0.993472040 0.009874237 -0.113648638 4.983353138
-0.115271427 0.015495948 0.993213117 3.300093412 0.009468348 0.999849975 -0.014500607 -0.219482780 -0.993288815 0.007732581 -0.115400866 4.979339600
-0.117229737 0.016439760 0.992968678 3.334729910 0.008558431 0.999842525 -0.015543159 -0.220386714 -0.993067861 0.006676134 -0.117351986 4.975429058
-0.119736522 0.016431062 0.992669702 3.372003317 0.010049983 0.999831915 -0.015337376 -0.221762776 -0.992754817 0.008139869 -0.119881548 4.971090794
-0.121058360 0.016358513 0.992510557 3.405944586 0.010244332 0.999831617 -0.015229657 -0.222840041 -0.992592514 0.008323932 -0.121205568 4.966738701
-0.123524420 0.016243203 0.992208600 3.443616390 0.009790129 0.999837339 -0.015149276 -0.223913878 -0.992293239 0.007842544 -0.123663351 4.962280750
-0.125589192 0.016639514 0.991942763 3.479228973 0.008278344 0.999842167 -0.015723906 -0.225130603 -0.992047787 0.006236889 -0.125707105 4.958607674
-0.126198724 0.018324476 0.991835713 3.515652180 0.007329831 0.999819338 -0.017539347 -0.225677043 -0.991977870 0.005056546 -0.126310244 4.953639030
-0.126402155 0.018026248 0.991815329 3.550279856 0.006051681 0.999830306 -0.017400665 -0.227249861 -0.991960585 0.003802668 -0.126489803 4.948613644
-0.128585562 0.019033864 0.991515756 3.587227821 0.005770048 0.999813199 -0.018444857 -0.227598727 -0.991681635 0.003349350 -0.128671378 4.945069790
-0.130197138 0.017726952 0.991329670 3.623257399 0.005390900 0.999837995 -0.017171079 -0.228179350 -0.991473496 0.003108532 -0.130271628 4.941359520
-0.131138489 0.015284360 0.991246223 3.659207344 0.002563124 0.999882936 -0.015078446 -0.229118362 -0.991360784 0.000563321 -0.131162331 4.936997414
-0.132637486 0.012727156 0.991082907 3.697359085 0.000447050 0.999918163 -0.012780786 -0.231048346 -0.991164505 -0.001252148 -0.132632345 4.931507111
-0.134907171 0.011941940 0.990786254 3.733345270 0.001480392 0.999928653 -0.011850557 -0.232232183 -0.990857124 -0.000131973 -0.134915248 4.927111626
-0.136186332 0.012954839 0.990598500 3.768740177 0.004280871 0.999912798 -0.012488118 -0.232968315 -0.990674078 0.002539914 -0.136229947 4.922219753
-0.138532698 0.014255613 0.990255237 3.809993744 0.002553314 0.999898195 -0.014037237 -0.234217316 -0.990354538 0.000583817 -0.138554975 4.916072369
-0.140539318 0.018113356 0.989909351 3.846816540 0.004225146 0.999834478 -0.017695114 -0.235052168 -0.990066051 0.001695652 -0.140592590 4.911603928
-0.140492260 0.021465005 0.989849091 3.883022785 0.006377362 0.999763787 -0.020774852 -0.236658186 -0.990061283 0.003393920 -0.140595987 4.906238556
-0.141505778 0.025383273 0.989611983 3.924019575 0.007169091 0.999671400 -0.024616171 -0.238146126 -0.989911556 0.003611288 -0.141641214 4.900019169
-0.140698269 0.026628416 0.989694417 3.961481094 0.009133101 0.999630630 -0.025597364 -0.239376485 -0.990010381 0.005437472 -0.140889511 4.894329071
-0.140285447 0.025920942 0.989771783 4.000086784 0.012462593 0.999624312 -0.024412580 -0.240660280 -0.990032673 0.008910390 -0.140555769 4.888704777
-0.140570089 0.023939222 0.989781141 4.041081905 0.013061343 0.999665439 -0.022323295 -0.242455110 -0.989984691 0.009789883 -0.140835702 4.883298397
-0.140206009 0.022524420 0.989866078 4.080207348 0.012396076 0.999702692 -0.020992462 -0.243674755 -0.990044832 0.009327185 -0.140443534 4.878477573
-0.138706446 0.019584516 0.990139902 4.119858742 0.011443654 0.999769330 -0.018171869 -0.245645896 -0.990267456 0.008810263 -0.138898537 4.873446941
-0.136356011 0.017025413 0.990513563 4.160512447 0.012100816 0.999806345 -0.015519321 -0.246312574 -0.990585983 0.009869871 -0.136535600 4.867243767
-0.133885518 0.013621310 0.990903199 4.200830936 0.013398946 0.999838948 -0.011933752 -0.247488871 -0.990906239 0.011679302 -0.134046480 4.861640453
-0.133147880 0.013445551 0.991004944 4.240708828 0.011325452 0.999863386 -0.012044090 -0.249023512 -0.991031468 0.009619934 -0.133281976 4.857026577
-0.131247953 0.017686104 0.991191804 4.280470848 0.012343489 0.999792457 -0.016205113 -0.250130326 -0.991272688 0.010107877 -0.131439030 4.851509094
-0.129910856 0.023837475 0.991239130 4.320808887 0.012258915 0.999673128 -0.022433655 -0.251371920 -0.991449893 0.009237141 -0.130160645 4.846848965
-0.128362685 0.027521547 0.991345346 4.360143661 0.009736662 0.999601603 -0.026490021 -0.252407938 -0.991679430 0.006252065 -0.128579542 4.842043400
-0.126605108 0.025067689 0.991636395 4.399831295 0.009143390 0.999667645 -0.024103351 -0.253794134 -0.991911173 0.006015310 -0.126792222 4.837159157
-0.125337496 0.022824343 0.991851568 4.439071178 0.009130981 0.999719560 -0.021851541 -0.255134046 -0.992072105 0.006317759 -0.125510752 4.832216740
-0.124804914 0.020795468 0.991963387 4.479482174 0.009355740 0.999760568 -0.019781824 -0.256892622 -0.992137194 0.006811682 -0.124969594 4.827490807
-0.124215975 0.020785550 0.992037475 4.520739555 0.010244606 0.999754131 -0.019664476 -0.258236468 -0.992202461 0.007720391 -0.124398358 4.822523117
-0.124110691 0.020801384 0.992050350 4.560797691 0.008896529 0.999763310 -0.019850112 -0.259724796 -0.992228508 0.006362193 -0.124266393 4.818240643
-0.123842098 0.019096989 0.992118180 4.600804329 0.010484368 0.999784172 -0.017935835 -0.260865092 -0.992246628 0.008180521 -0.124015585 4.813705444
