0.999994814 -0.002230939 -0.002355905 -0.000855018 0.002225605 0.999994993 -0.002264312 -0.001213442 0.002360946 0.002259057 0.999994695 0.054684456
0.999987662 -0.002796569 -0.004099137 -0.000863329 0.002780665 0.999988616 -0.003880521 -0.001427880 0.004109943 0.003869075 0.999984086 0.070291027
0.999969244 -0.004734933 -0.006249571 -0.001372471 0.004700147 0.999973476 -0.005569319 -0.002266129 0.006275775 0.005539775 0.999964952 0.108635500
0.999944329 -0.006919461 -0.007975634 -0.001460689 0.006859932 0.999948621 -0.007467337 -0.002838811 0.008026895 0.007412209 0.999940217 0.135603994
0.999925017 -0.008038636 -0.009240051 -0.002156403 0.007962725 0.999934494 -0.008223199 -0.003383049 0.009305551 0.008149004 0.999923468 0.163652807
0.999910355 -0.008201232 -0.010578693 -0.002657394 0.008119492 0.999936998 -0.007746982 -0.004000884 0.010641561 0.007660394 0.999913990 0.191237196
0.999893844 -0.008968218 -0.011479401 -0.003210961 0.008880700 0.999931216 -0.007652548 -0.004839429 0.011547243 0.007549790 0.999904811 0.215194806
0.999880612 -0.008012609 -0.013209654 -0.003488781 0.007872086 0.999912262 -0.010655844 -0.005679675 0.013293873 0.010550584 0.999855936 0.248056874
0.999883235 -0.006017262 -0.014041588 -0.004413724 0.005819165 0.999883652 -0.014106315 -0.006621093 0.014124828 0.014022958 0.999801993 0.272820890
0.999871373 -0.004827946 -0.015299516 -0.005473139 0.004553697 0.999829233 -0.017909748 -0.007363941 0.015383366 0.017837770 0.999722540 0.306578279
0.999857843 -0.003003024 -0.016595555 -0.006248463 0.002705700 0.999835908 -0.017909396 -0.007935524 0.016646609 0.017861947 0.999701858 0.332576275
0.999839485 -0.001087166 -0.017881939 -0.007273668 0.000884800 0.999935567 -0.011320852 -0.008333094 0.017893093 0.011303213 0.999776006 0.368252426
0.999836445 -0.000055927 -0.018082520 -0.008166904 0.000039209 0.999999762 -0.000924870 -0.008764013 0.018082563 0.000924010 0.999836087 0.395482004
0.999809265 0.000692093 -0.019519934 -0.009055368 -0.000576498 0.999982238 0.005926927 -0.009699455 0.019523693 -0.005914543 0.999791920 0.432818502
0.999793291 0.002654587 -0.020160403 -0.010540832 -0.002556155 0.999984682 0.004906643 -0.010216557 0.020173121 -0.004854095 0.999784768 0.461139351
0.999761760 0.005072873 -0.021227237 -0.011572652 -0.005121783 0.999984324 -0.002250443 -0.010860364 0.021215485 0.002358628 0.999772131 0.499025106
0.999739826 0.004589133 -0.022342794 -0.012402359 -0.004779725 0.999952555 -0.008484430 -0.010797011 0.022302801 0.008589013 0.999714315 0.528126895
0.999709725 0.002686518 -0.023938905 -0.012959532 -0.002869464 0.999966860 -0.007611102 -0.010618009 0.023917668 0.007677586 0.999684393 0.558744967
0.999707818 0.001956555 -0.024089823 -0.014536752 -0.001898435 0.999995232 0.002435269 -0.011468688 0.024094474 -0.002388825 0.999706805 0.605736196
0.999727428 0.001587522 -0.023293903 -0.016167425 -0.001352939 0.999948323 0.010082866 -0.011890460 0.023308706 -0.010048601 0.999677837 0.637006402
0.999705851 0.001035737 -0.024229039 -0.016819058 -0.000732720 0.999921501 0.012511895 -0.012120239 0.024240101 -0.012490461 0.999628067 0.669542670
0.999691188 -0.001097114 -0.024827858 -0.018579049 0.001384787 0.999932051 0.011572503 -0.012393837 0.024813473 -0.011603313 0.999624729 0.720887780
0.999685407 -0.001968223 -0.025007900 -0.019244673 0.002184747 0.999960363 0.008633845 -0.012114608 0.024989912 -0.008685763 0.999650002 0.754872978
0.999716461 0.001512391 -0.023766473 -0.020838169 -0.001384356 0.999984503 0.005402710 -0.012380281 0.023774272 -0.005368277 0.999702930 0.788950861
0.999738932 -0.001712443 -0.022785226 -0.022335762 0.001719329 0.999998569 0.000282596 -0.012799047 0.022784704 -0.000321698 0.999740362 0.843504250
0.999742568 -0.004901968 -0.022154210 -0.023379322 0.004769985 0.999970675 -0.006006413 -0.013315848 0.022182997 0.005899190 0.999736547 0.879395425
0.999789596 -0.003307403 -0.020243011 -0.025120895 0.003068710 0.999925613 -0.011811079 -0.013435422 0.020280566 0.011746473 0.999725282 0.916240871
0.999781013 -0.001975882 -0.020832637 -0.026225455 0.001725278 0.999926031 -0.012040479 -0.014881289 0.020854887 0.012001899 0.999710500 0.973498940
0.999767244 -0.002272113 -0.021454869 -0.027001686 0.002027478 0.999932766 -0.011417170 -0.015673386 0.021479368 0.011371015 0.999704659 1.011470079
0.999783695 0.000817194 -0.020779282 -0.028561343 -0.001090051 0.999913454 -0.013123233 -0.016591482 0.020766754 0.013143046 0.999697983 1.050218582
0.999782026 0.002902753 -0.020675667 -0.030590482 -0.003217385 0.999879360 -0.015200557 -0.017868614 0.020629046 0.015263766 0.999670625 1.109872699
0.999753058 0.006365099 -0.021291358 -0.031524915 -0.006714274 0.999843597 -0.016368793 -0.018704938 0.021183837 0.016507709 0.999639213 1.149232745
0.999739528 0.009022121 -0.020964131 -0.032989353 -0.009363621 0.999824166 -0.016249062 -0.019560199 0.020813843 0.016441131 0.999648094 1.189317346
0.999730587 0.009401201 -0.021220429 -0.034505393 -0.009741927 0.999824345 -0.016010705 -0.021651471 0.021066176 0.016213115 0.999646664 1.249218702
0.999732018 0.009335230 -0.021181855 -0.035919353 -0.009675357 0.999825001 -0.016012283 -0.022738352 0.021028662 0.016212927 0.999647439 1.289520502
0.999720633 0.010933683 -0.020958396 -0.038040020 -0.011242812 0.999828935 -0.014688976 -0.023813723 0.020794202 0.014920501 0.999672413 1.329639673
0.999686956 0.011440190 -0.022249175 -0.038522746 -0.011738674 0.999842286 -0.013331552 -0.025196126 0.022093149 0.013588555 0.999663651 1.391479731
0.999693811 0.012014421 -0.021629898 -0.040505111 -0.012271731 0.999855101 -0.011802863 -0.026550045 0.021484960 0.012064687 0.999696434 1.433168054
0.999688983 0.011906335 -0.021911837 -0.041720472 -0.012186415 0.999845207 -0.012693211 -0.027945869 0.021757318 0.012956289 0.999679387 1.474524021
0.999656379 0.013206834 -0.022639552 -0.043181747 -0.013524323 0.999811530 -0.013928336 -0.029479252 0.022451336 0.014229734 0.999646664 1.537362814
0.999648154 0.013555292 -0.022800140 -0.044824272 -0.013864565 0.999813318 -0.013461515 -0.030397048 0.022613406 0.013772893 0.999649405 1.579787970
0.999653161 0.012738601 -0.023044609 -0.046590026 -0.012996576 0.999854207 -0.011079696 -0.031248031 0.022900110 0.011375355 0.999673069 1.622809052
0.999628663 0.012785872 -0.024066109 -0.047861248 -0.012955086 0.999892294 -0.006888484 -0.032957599 0.023975445 0.007197702 0.999686718 1.687422752
0.999605775 0.012962171 -0.024907514 -0.049265247 -0.013072006 0.999905407 -0.004251923 -0.034237549 0.024850050 0.004575837 0.999680758 1.730794787
0.999598861 0.012443379 -0.025442440 -0.050523117 -0.012568063 0.999909818 -0.004746581 -0.034659881 0.025381083 0.005064439 0.999665082 1.774370074
0.999590039 0.012303649 -0.025853047 -0.052521653 -0.012449573 0.999907434 -0.005491029 -0.036339968 0.025783097 0.005810637 0.999650717 1.840918779
0.999566853 0.013433989 -0.026184563 -0.054305039 -0.013596845 0.999889314 -0.006051431 -0.037044939 0.026100371 0.006404837 0.999638915 1.884989619
0.999536693 0.012278448 -0.027850110 -0.055201255 -0.012412379 0.999912262 -0.004641297 -0.038292542 0.027790677 0.004984832 0.999601424 1.931134582
0.999523997 0.012878698 -0.028034246 -0.057854477 -0.012967910 0.999911368 -0.003002743 -0.039476510 0.027993085 0.003364859 0.999602497 1.996767879
0.999521792 0.012511598 -0.028278943 -0.059396442 -0.012525821 0.999921560 -0.000325854 -0.040697169 0.028272642 0.000679914 0.999600112 2.041676760
0.999485970 0.013666384 -0.028999537 -0.061550088 -0.013692634 0.999906003 -0.000706758 -0.041407119 0.028987145 0.001103474 0.999579191 2.085830927
0.999458730 0.014692795 -0.029435443 -0.063445307 -0.014829764 0.999880195 -0.004440245 -0.042791165 0.029366678 0.004874362 0.999556839 2.152368784
0.999437332 0.017202731 -0.028793961 -0.065428965 -0.017453287 0.999811828 -0.008473106 -0.043749966 0.028642779 0.008970887 0.999549508 2.197209835
0.999443948 0.016887244 -0.028751926 -0.067577966 -0.017154811 0.999811649 -0.009085024 -0.044690482 0.028593082 0.009573204 0.999545336 2.240769148
0.999414980 0.017002743 -0.029676439 -0.068914697 -0.017179208 0.999836206 -0.005701263 -0.046819832 0.029574638 0.006207744 0.999543250 2.307931662
0.999385118 0.018279150 -0.029924080 -0.070449926 -0.018400753 0.999823570 -0.003793273 -0.047720857 0.029849464 0.004341565 0.999544919 2.353137255
0.999428689 0.016878631 -0.029282428 -0.072427824 -0.016956583 0.999853432 -0.002415698 -0.048992533 0.029237358 0.002910846 0.999568284 2.397431374
0.999463379 0.015828395 -0.028677329 -0.075372271 -0.015942087 0.999865890 -0.003740022 -0.049849067 0.028614284 0.004195190 0.999581873 2.464262724
0.999469936 0.015214133 -0.028781762 -0.076750033 -0.015369807 0.999868393 -0.005195139 -0.050955288 0.028698932 0.005634754 0.999572277 2.509618521
0.999484897 0.014557240 -0.028605120 -0.078516215 -0.014781046 0.999861598 -0.007628141 -0.052143410 0.028490121 0.008047024 0.999561667 2.567164421
0.999523938 0.013657020 -0.027664635 -0.080421783 -0.013950455 0.999848127 -0.010441767 -0.053066734 0.027517827 0.010822730 0.999562740 2.611218214
0.999517381 0.012603803 -0.028391959 -0.081349716 -0.012991307 0.999824405 -0.013505578 -0.054621182 0.028216748 0.013867906 0.999505639 2.655670404
0.999557078 0.010163574 -0.027971977 -0.083666071 -0.010587429 0.999830663 -0.015046660 -0.056713548 0.027814312 0.015336145 0.999495447 2.720464230
0.999578357 0.008616974 -0.027727000 -0.085293405 -0.008976587 0.999876857 -0.012871619 -0.058176979 0.027612671 0.013115086 0.999532640 2.765280485
0.999589741 0.007345922 -0.027684294 -0.086974286 -0.007537810 0.999948263 -0.006833216 -0.059711069 0.027632669 0.007039092 0.999593318 2.823319197
0.999595940 0.006096190 -0.027764171 -0.088156454 -0.006121033 0.999980927 -0.000809821 -0.060677305 0.027758710 0.000979440 0.999614120 2.868173122
0.999621630 0.004292755 -0.027172735 -0.090111837 -0.004299347 0.999990702 -0.000184142 -0.061994478 0.027171696 0.000300897 0.999630749 2.925582886
0.999652803 0.001285191 -0.026320959 -0.092139363 -0.001366656 0.999994218 -0.003077252 -0.062876239 0.026316857 0.003112156 0.999648809 2.970265388
0.999641955 -0.000166129 -0.026759014 -0.093352161 -0.000011787 0.999977946 -0.006648523 -0.063581690 0.026759520 0.006646458 0.999619842 3.027189970
0.999639153 0.002289486 -0.026766110 -0.094874136 -0.002578791 0.999938548 -0.010779124 -0.064634264 0.026739784 0.010844257 0.999583662 3.071520329
0.999642134 0.002263464 -0.026657838 -0.096299216 -0.002647773 0.999892950 -0.014389929 -0.066307090 0.026622407 0.014455359 0.999541104 3.115220070
0.999640346 0.005480686 -0.026253650 -0.098088697 -0.005891570 0.999861002 -0.015598838 -0.067748882 0.026164513 0.015747901 0.999533594 3.180728674
0.999623597 0.009793499 -0.025630491 -0.099351555 -0.010088157 0.999884248 -0.011392405 -0.069592468 0.025515961 0.011646680 0.999606550 3.225347757
0.999605894 0.010871949 -0.025882795 -0.100464538 -0.011130986 0.999889255 -0.009885101 -0.070323430 0.025772460 0.010169305 0.999616146 3.269419432
0.999606550 0.010290280 -0.026093291 -0.102447443 -0.010536033 0.999901295 -0.009298265 -0.071821354 0.025995027 0.009569526 0.999616265 3.335423231
0.999615669 0.008785684 -0.026292775 -0.103571013 -0.009022794 0.999919593 -0.008913027 -0.072728366 0.026212351 0.009146837 0.999614596 3.379995108
0.999619484 0.007581472 -0.026522918 -0.105386160 -0.007772138 0.999944568 -0.007092916 -0.074655339 0.026467675 0.007296359 0.999623060 3.438674927
0.999618232 0.005697434 -0.027037825 -0.106087975 -0.005856356 0.999965966 -0.005802164 -0.075043768 0.027003853 0.005958294 0.999617577 3.482264519
0.999614298 0.004538275 -0.027398139 -0.108782530 -0.004631368 0.999983728 -0.003335316 -0.077160411 0.027382553 0.003460920 0.999619007 3.541349411
0.999597311 0.003968666 -0.028098898 -0.110126674 -0.004095459 0.999981701 -0.004456251 -0.078200608 0.028080698 0.004569533 0.999595225 3.585814714
0.999575078 0.004444642 -0.028806858 -0.111876279 -0.004691413 0.999952793 -0.008504422 -0.079497553 0.028767703 0.008635954 0.999548793 3.642969608
0.999549627 0.004928056 -0.029602017 -0.113205932 -0.005237105 0.999932528 -0.010371676 -0.080686286 0.029548910 0.010522033 0.999507964 3.686322451
0.999517143 0.006955312 -0.030281518 -0.115646057 -0.007222260 0.999935865 -0.008715118 -0.082484305 0.030218957 0.008929610 0.999503374 3.743729353
0.999498367 0.007942023 -0.030658277 -0.117514238 -0.008091923 0.999955833 -0.004768436 -0.083246738 0.030619049 0.005014129 0.999518573 3.787316799
0.999470890 0.009294780 -0.031173157 -0.119591005 -0.009320797 0.999956369 -0.000689361 -0.084701560 0.031165380 0.000979555 0.999513745 3.844980717
0.999449074 0.010824834 -0.031373285 -0.121463358 -0.010844894 0.999941170 -0.000469326 -0.085148998 0.031366345 0.000809308 0.999507606 3.888300896
0.999429226 0.009961444 -0.032282092 -0.123574071 -0.010033827 0.999947488 -0.002081001 -0.086926408 0.032259665 0.002403726 0.999476671 3.945041180
0.999388814 0.009657362 -0.033600394 -0.124843970 -0.009746312 0.999949396 -0.002484494 -0.088036098 0.033574693 0.002810455 0.999432325 3.987526655
0.999402821 0.009071539 -0.033341732 -0.127708048 -0.009168824 0.999954224 -0.002766100 -0.089502849 0.033315115 0.003070153 0.999440193 4.044421673
0.999379694 0.008119352 -0.034268480 -0.129408136 -0.008200865 0.999963939 -0.002238760 -0.090744540 0.034249064 0.002518402 0.999410152 4.086475849
0.999368370 0.007213159 -0.034796871 -0.131577179 -0.007257693 0.999973059 -0.001153665 -0.091551259 0.034787621 0.001405481 0.999393761 4.140895367
0.999324799 0.007160852 -0.036036424 -0.132838815 -0.007109041 0.999973536 0.001565693 -0.092442654 0.036046688 -0.001308452 0.999349236 4.181743145
0.999318421 0.006191450 -0.036392648 -0.135505602 -0.006103060 0.999978244 0.002539355 -0.093735069 0.036407579 -0.002315518 0.999334335 4.233992577
0.999229074 0.004991251 -0.038942549 -0.137126818 -0.004874750 0.999983430 0.003085952 -0.094773121 0.038957305 -0.002893737 0.999236703 4.273689747
0.999123931 0.004528992 -0.041605014 -0.139901951 -0.004460843 0.999988556 0.001730709 -0.095700443 0.041612387 -0.001543598 0.999132633 4.323639393
0.998976648 0.004693020 -0.044986568 -0.141747460 -0.004667809 0.999988854 0.000665462 -0.096371837 0.044989195 -0.000454792 0.998987317 4.360893250
0.998832107 0.004568144 -0.048099287 -0.144609541 -0.004520162 0.999989152 0.001106286 -0.097482599 0.048103809 -0.000887577 0.998842001 4.408600807
0.998692811 0.006327142 -0.050720513 -0.146969005 -0.006228209 0.999978364 0.002108370 -0.098288514 0.050732743 -0.001789716 0.998710752 4.443792343
0.998523116 0.006465132 -0.053943209 -0.149799168 -0.006289105 0.999974370 0.003432312 -0.099383436 0.053964019 -0.003087988 0.998538136 4.488760471
0.998347342 0.007299447 -0.057004698 -0.152051896 -0.007036534 0.999963701 0.004811465 -0.099873632 0.057037748 -0.004402397 0.998362303 4.521161079
0.998194814 0.009017605 -0.059378203 -0.154587612 -0.008719478 0.999948084 0.005278017 -0.100424938 0.059422716 -0.004750743 0.998221636 4.553147793
0.998014927 0.010913200 -0.062024646 -0.157881960 -0.010560729 0.999926209 0.006007729 -0.101503372 0.062085629 -0.005340778 0.998056531 4.600202560
0.997822821 0.013482237 -0.064558074 -0.160376027 -0.013188079 0.999900699 0.004980445 -0.102329895 0.064618804 -0.004118206 0.997901499 4.629786968
0.997617841 0.014037695 -0.067538895 -0.162343264 -0.013999744 0.999901533 0.001035179 -0.102744021 0.067546777 -0.000087185 0.997716129 4.657848358
0.997423708 0.016660245 -0.069774114 -0.166222528 -0.016878970 0.999854386 -0.002546322 -0.103900053 0.069721512 0.003717477 0.997559726 4.699040890
0.997252047 0.018712405 -0.071681418 -0.168660909 -0.019140385 0.999802887 -0.005288288 -0.104387462 0.071568325 0.006645765 0.997413635 4.724610329
0.997156560 0.020641407 -0.072476953 -0.170964763 -0.021111088 0.999760866 -0.005720329 -0.105458021 0.072341539 0.007234131 0.997353673 4.749057293
0.997178793 0.022683654 -0.071553133 -0.172971591 -0.023156272 0.999715209 -0.005782464 -0.105868757 0.071401566 0.007423053 0.997420013 4.772412300
0.997295320 0.026507419 -0.068553016 -0.176469073 -0.026857290 0.999630451 -0.004186868 -0.107074201 0.068416692 0.006016691 0.997638702 4.811856270
0.997599721 0.028990461 -0.062884070 -0.178177014 -0.029217262 0.999569535 -0.002689889 -0.107687525 0.062779017 0.004520732 0.998017192 4.833468914
0.998020232 0.030036667 -0.055258371 -0.179709002 -0.030119378 0.999546170 -0.000664360 -0.108357131 0.055213336 0.002327393 0.998471797 4.854320049
0.998525798 0.030016253 -0.045224406 -0.180738807 -0.029949468 0.999549031 0.002153774 -0.109160662 0.045268666 -0.000796153 0.998974562 4.874655724
0.998964846 0.029438160 -0.034685023 -0.180885062 -0.029357994 0.999565005 0.002818622 -0.109709509 0.034752913 -0.001797421 0.999394238 4.907485485
0.999391317 0.028548464 -0.020053705 -0.181834027 -0.028497756 0.999589980 0.002809984 -0.110011593 0.020125706 -0.002236787 0.999794900 4.925505161
0.999578655 0.028435268 -0.005833087 -0.181000412 -0.028426614 0.999594688 0.001561779 -0.110441186 0.005875142 -0.001395305 0.999981701 4.943145275
0.999543726 0.027637783 0.012183696 -0.180244356 -0.027622202 0.999617338 -0.001444906 -0.110840410 -0.012218963 0.001107707 0.999924779 4.960275173
0.999116421 0.026645916 0.032499962 -0.178395584 -0.026471810 0.999632895 -0.005775727 -0.111941382 -0.032641929 0.004910291 0.999455035 4.988164425
0.998103797 0.024586320 0.056428634 -0.176727623 -0.024047950 0.999658823 -0.010200117 -0.112658620 -0.056660160 0.008823782 0.998354554 5.004145622
0.996134281 0.022426946 0.084933862 -0.175388604 -0.021355560 0.999680817 -0.013502056 -0.112515442 -0.085209548 0.011636049 0.996295094 5.008872986
0.993313909 0.019426551 0.113798946 -0.171759427 -0.017915992 0.999737620 -0.014281774 -0.113661379 -0.114046514 0.012147462 0.993401229 5.035833359
0.989089787 0.017590659 0.146260321 -0.168430507 -0.015329365 0.999745250 -0.016573567 -0.113986507 -0.146514595 0.014150666 0.989107311 5.051093102
0.983234346 0.014642419 0.181757942 -0.162281752 -0.011578152 0.999772549 -0.017908720 -0.115298897 -0.181978866 0.015504045 0.983180165 5.079149723
0.975448251 0.011504740 0.219928086 -0.157874227 -0.007676310 0.999803901 -0.018254323 -0.115984179 -0.220094979 0.016117910 0.975345254 5.093085766
0.965617359 0.009424150 0.259796560 -0.153255343 -0.004649308 0.999808848 -0.018987535 -0.116671190 -0.259925872 0.017126815 0.965476751 5.106332779
0.953203201 0.009772361 0.302172542 -0.145629287 -0.003833688 0.999787807 -0.020240098 -0.117664523 -0.302306294 0.018134492 0.953038335 5.127451420
0.937940776 0.011883211 0.346592039 -0.140054226 -0.005025751 0.999773562 -0.020677513 -0.118312746 -0.346759319 0.017652392 0.937788010 5.140233994
0.920161247 0.011804177 0.391361773 -0.133653641 -0.004631268 0.999803662 -0.019266943 -0.118960992 -0.391512454 0.015916193 0.920035183 5.152907848
0.899900675 0.011427663 0.435945332 -0.126206875 -0.003724551 0.999821603 -0.018520443 -0.119300209 -0.436079144 0.015042854 0.899782598 5.165638924
0.877049029 0.010110681 0.480294406 -0.113630772 -0.001273137 0.999823987 -0.018722460 -0.120482937 -0.480399191 0.015809037 0.876907527 5.185757637
0.852052033 0.010767578 0.523346484 -0.105320215 0.000348829 0.999776602 -0.021137796 -0.120991543 -0.523457110 0.018193061 0.851857901 5.196615696
0.824292004 0.012972558 0.566016197 -0.096300125 0.000886768 0.999706745 -0.024203733 -0.121752754 -0.566164136 0.020452872 0.824038863 5.207801342
0.793944716 0.017395277 0.607741058 -0.082410097 -0.000029442 0.999591708 -0.028572692 -0.122790560 -0.607989967 0.022667244 0.793621063 5.223745823
0.759891272 0.023709726 0.649617672 -0.072341681 -0.003579411 0.999472022 -0.032291681 -0.123494349 -0.650040388 0.022212917 0.759574890 5.234204292
0.722762883 0.028399749 0.690512300 -0.057830334 -0.005294460 0.999353468 -0.035560194 -0.123943746 -0.691075802 0.022045698 0.722446024 5.247853279
0.683552861 0.028586769 0.729341030 -0.045806646 -0.003031819 0.999335289 -0.036327820 -0.124618143 -0.729894817 0.022620752 0.683185160 5.257283211
0.643044233 0.026108561 0.765383899 -0.029308081 0.000408692 0.999406874 -0.034434859 -0.125722885 -0.765828967 0.022455938 0.642652154 5.268132210
0.599218845 0.023957213 0.800226748 -0.015735865 0.001880504 0.999507248 -0.031331427 -0.126311988 -0.800583124 0.020279206 0.598878562 5.276432991
0.552928865 0.022772199 0.832917273 0.002021790 0.002925880 0.999567270 -0.029270792 -0.126915812 -0.833223403 0.018621683 0.552622974 5.286294937
0.505224228 0.020129053 0.862753391 0.016741276 0.004842557 0.999646068 -0.026158703 -0.127583176 -0.862974465 0.017393945 0.504948080 5.293124676
0.454266727 0.016358672 0.890715420 0.036770582 0.007095961 0.999733210 -0.021979824 -0.128524810 -0.890837491 0.016305184 0.454029500 5.301781178
0.402216136 0.015968328 0.915405393 0.052083731 0.004223625 0.999804914 -0.019296393 -0.129707456 -0.915535033 0.011627650 0.402070284 5.307438374
0.351556152 0.021442479 0.935921192 0.073888421 0.001284522 0.999725699 -0.023386773 -0.130230412 -0.936165929 0.009423976 0.351432204 5.314154625
0.302688062 0.027635697 0.952688992 0.091423869 0.000540706 0.999574423 -0.029167548 -0.130163312 -0.953089476 0.009343794 0.302544296 5.317485332
0.254448503 0.028578000 0.966663957 0.113694549 0.002377475 0.999541819 -0.030175798 -0.131662562 -0.967083335 0.009976406 0.254264086 5.322987080
0.212949514 0.027675843 0.976671100 0.132694364 0.009321153 0.999495685 -0.030354975 -0.132808819 -0.977018654 0.015567778 0.212584212 5.325813770
0.178353697 0.027994243 0.983568251 0.157405198 0.017107900 0.999355912 -0.031545825 -0.133375436 -0.983817697 0.022453094 0.177759901 5.328163147
0.147611767 0.029395437 0.988608599 0.177893162 0.021985358 0.999213815 -0.032993466 -0.133809835 -0.988800943 0.026605131 0.146849468 5.330551624
0.120124936 0.028006187 0.992363632 0.204842150 0.019531891 0.999341786 -0.030567445 -0.134879872 -0.992566645 0.023054648 0.119498871 5.332775593
0.094658747 0.024233218 0.995214880 0.226731539 0.013657066 0.999577880 -0.025638439 -0.135783434 -0.995416105 0.016018618 0.094287865 5.335008144
0.070499510 0.020428566 0.997302532 0.256508172 0.008115312 0.999745488 -0.021052280 -0.136813983 -0.997478843 0.009577595 0.070315778 5.337203503
0.047849663 0.018040178 0.998691559 0.280598938 0.012264892 0.999750972 -0.018646957 -0.137631431 -0.998779297 0.013141093 0.047616489 5.337924480
0.028094443 0.018250901 0.999438703 0.312025428 0.020559669 0.999611378 -0.018831987 -0.139118969 -0.999393821 0.021077204 0.027708290 5.337423325
0.010355143 0.020841207 0.999729276 0.337355226 0.025126081 0.999461710 -0.021095883 -0.139931202 -0.999630749 0.025337728 0.009825913 5.337382793
-0.003808057 0.026329312 0.999646068 0.371743083 0.025631795 0.999327600 -0.026223280 -0.140587494 -0.999664187 0.025522867 -0.004480363 5.337111950
-0.014928220 0.030472426 0.999424100 0.398974538 0.021754080 0.999308765 -0.030143976 -0.141986206 -0.999651849 0.021291558 -0.015580799 5.337277889
-0.021250136 0.030359741 0.999313116 0.426802367 0.025384467 0.999233007 -0.029817510 -0.142162368 -0.999451876 0.024733406 -0.022004500 5.336601734
-0.023738364 0.027408421 0.999342442 0.468566179 0.030925851 0.999165833 -0.026668975 -0.143798143 -0.999239743 0.030272437 -0.024566190 5.335112095
-0.023289785 0.025803182 0.999395728 0.498785943 0.033852581 0.999113917 -0.025007017 -0.144593626 -0.999155462 0.033249721 -0.024142651 5.334647655
-0.021333691 0.025218487 0.999454379 0.528284192 0.032006167 0.999186695 -0.024528554 -0.145957395 -0.999260008 0.031465419 -0.022123488 5.333765030
-0.019608842 0.025736272 0.999476433 0.575351000 0.027525170 0.999303639 -0.025191804 -0.147605121 -0.999428749 0.027016774 -0.020303583 5.333484173
-0.018855277 0.026904643 0.999460220 0.607387364 0.026789423 0.999292672 -0.026394734 -0.148753375 -0.999463260 0.026277283 -0.019562699 5.333800316
-0.017690739 0.027553612 0.999463737 0.641080678 0.026262794 0.999288082 -0.027083915 -0.150048658 -0.999498487 0.025769575 -0.018401781 5.333148003
-0.016931264 0.027380163 0.999481678 0.690415263 0.025677886 0.999307275 -0.026940396 -0.151772499 -0.999526918 0.025208442 -0.017622599 5.332899570
-0.016461052 0.026253887 0.999519706 0.724774539 0.024354320 0.999369264 -0.025848838 -0.152828857 -0.999567866 0.023917127 -0.017090065 5.332665443
-0.016292300 0.024766391 0.999560475 0.759237945 0.025267500 0.999384224 -0.024350168 -0.154260248 -0.999547899 0.024859678 -0.016908053 5.332585812
-0.016310809 0.022437908 0.999615252 0.813076615 0.026273161 0.999412596 -0.022004656 -0.156287760 -0.999521732 0.025904141 -0.016890742 5.331447124
-0.017608797 0.020385221 0.999637187 0.850030720 0.023787815 0.999517739 -0.019963762 -0.158076122 -0.999561965 0.023427648 -0.018085225 5.331189632
-0.019150566 0.019769469 0.999621272 0.886363566 0.021841500 0.999574125 -0.019350108 -0.158888668 -0.999577999 0.021462657 -0.019574210 5.331235409
-0.020271784 0.017030088 0.999649405 0.938861549 0.024921641 0.999552846 -0.016523063 -0.160681620 -0.999483764 0.024577951 -0.020687137 5.330453873
-0.021076469 0.015158622 0.999662876 0.976359248 0.026947683 0.999530494 -0.014588458 -0.161961049 -0.999414623 0.026631126 -0.021475058 5.329419136
-0.023807799 0.014878986 0.999605715 1.014273643 0.023456430 0.999622345 -0.014320568 -0.162942290 -0.999441326 0.023106236 -0.024147812 5.330092430
-0.023843102 0.019365394 0.999528110 1.068228722 0.020821253 0.999605119 -0.018870207 -0.164839327 -0.999498904 0.020361502 -0.024236901 5.328156948
-0.024992811 0.024819400 0.999379516 1.106754541 0.021598339 0.999471843 -0.024281550 -0.165586710 -0.999454319 0.020978073 -0.025515666 5.327986717
-0.025694972 0.026365109 0.999322057 1.145626307 0.021984648 0.999425292 -0.025802551 -0.167110711 -0.999428093 0.021306751 -0.026259828 5.326504230
-0.027159994 0.023294412 0.999359667 1.201105118 0.018588576 0.999567330 -0.022794070 -0.169563010 -0.999458313 0.017957585 -0.027581252 5.325673103
-0.028445534 0.019209428 0.999410748 1.240101099 0.015731849 0.999700069 -0.018767226 -0.171112299 -0.999471605 0.015188739 -0.028739199 5.324862957
-0.028397959 0.013948416 0.999499321 1.280012131 0.014512655 0.999802947 -0.013540319 -0.172610208 -0.999491394 0.014120874 -0.028594786 5.324009418
-0.028893756 0.008322707 0.999547839 1.335629463 0.010518760 0.999912500 -0.008021681 -0.174078539 -0.999527097 0.010282227 -0.028978771 5.323302269
-0.028789563 0.007236845 0.999559343 1.375136018 0.007727941 0.999945462 -0.007017058 -0.174965769 -0.999555588 0.007522517 -0.028843917 5.322542667
-0.027388129 0.014178727 0.999524415 1.413399339 0.010985925 0.999843299 -0.013882225 -0.176444262 -0.999564409 0.010600489 -0.027539603 5.321134090
-0.026578413 0.025408858 0.999323785 1.468444109 0.013191466 0.999598801 -0.025065005 -0.178311422 -0.999559700 0.012516355 -0.026902923 5.320327759
-0.026453678 0.030864004 0.999173522 1.507027626 0.015040183 0.999422491 -0.030473493 -0.179521739 -0.999536872 0.014221614 -0.026902596 5.319875717
-0.025308628 0.025121251 0.999364078 1.545342088 0.016443411 0.999559462 -0.024709735 -0.181105390 -0.999544501 0.015807584 -0.025710555 5.319314003
-0.024034310 0.017194103 0.999563396 1.601287723 0.019267825 0.999674439 -0.016732724 -0.183551520 -0.999525487 0.018857252 -0.024357779 5.317968369
-0.023500904 0.015003304 0.999611259 1.639182210 0.020881997 0.999676764 -0.014513345 -0.184561253 -0.999505758 0.020532805 -0.023806602 5.317321777
-0.023247976 0.014294636 0.999627531 1.676676631 0.019780723 0.999708772 -0.013835761 -0.186593652 -0.999534130 0.019451706 -0.023523958 5.316749573
-0.025180947 0.015940197 0.999555826 1.731898308 0.015814161 0.999754071 -0.015544968 -0.187852100 -0.999557793 0.015415695 -0.025426831 5.316320896
-0.026662862 0.015496587 0.999524415 1.769890666 0.013906890 0.999788821 -0.015129714 -0.189474210 -0.999547720 0.013496871 -0.026872739 5.315279484
-0.028711479 0.015547008 0.999466836 1.807898760 0.014206892 0.999784470 -0.015143829 -0.190783873 -0.999486685 0.013764515 -0.028926168 5.314761162
-0.031183878 0.016279655 0.999381125 1.860402942 0.012196161 0.999799132 -0.015905907 -0.192564592 -0.999439240 0.011692604 -0.031376161 5.313625336
-0.033403825 0.016832257 0.999300182 1.897217751 0.010541601 0.999808490 -0.016488444 -0.193825528 -0.999386251 0.009983446 -0.033574868 5.312999725
-0.035207450 0.015804226 0.999255121 1.944466352 0.008452250 0.999843895 -0.015515734 -0.195271015 -0.999344349 0.007899680 -0.035335533 5.311696053
-0.037528917 0.014833617 0.999185503 1.981054664 0.008701504 0.999856710 -0.014516761 -0.196518525 -0.999257684 0.008149617 -0.037652615 5.310599804
-0.039259996 0.014355068 0.999125957 2.027252674 0.008575049 0.999864876 -0.014028731 -0.198729590 -0.999192238 0.008016785 -0.039377775 5.309176445
-0.041667476 0.015874142 0.999005497 2.064226151 0.008426007 0.999843776 -0.015536022 -0.199477211 -0.999096036 0.007770279 -0.041794725 5.308252811
-0.042084359 0.015312887 0.998996735 2.108821392 0.008586429 0.999851048 -0.014964269 -0.201617926 -0.999077201 0.007948051 -0.042209581 5.306414127
-0.043159485 0.014409197 0.998964369 2.145040989 0.010906147 0.999843121 -0.013950687 -0.202647895 -0.999008715 0.010292744 -0.043309867 5.304906845
-0.044724558 0.013676620 0.998905659 2.189879179 0.010853571 0.999853969 -0.013203647 -0.204230428 -0.998940408 0.010251168 -0.044866472 5.303222656
-0.046410386 0.013229346 0.998834729 2.225611448 0.009100707 0.999876440 -0.012820277 -0.205503911 -0.998881042 0.008495111 -0.046525043 5.302057743
-0.047643736 0.012498776 0.998786211 2.269667387 0.007816677 0.999895811 -0.012139793 -0.206864759 -0.998833716 0.007228806 -0.047736462 5.300551414
-0.047928233 0.011227076 0.998787761 2.303423882 0.007362448 0.999913692 -0.010886436 -0.207946196 -0.998823583 0.006831755 -0.048006747 5.298895359
-0.049021002 0.010766443 0.998739719 2.345463753 0.006858806 0.999921978 -0.010442538 -0.209600985 -0.998774171 0.006338256 -0.049091026 5.297451496
-0.049641199 0.013158608 0.998680353 2.378222227 0.006971021 0.999893486 -0.012828083 -0.210772842 -0.998742819 0.006325020 -0.049727637 5.296348095
-0.049422082 0.016356273 0.998644054 2.419217587 0.007476768 0.999844074 -0.016005905 -0.211889744 -0.998749971 0.006675586 -0.049536664 5.294495106
-0.049522728 0.018012492 0.998610497 2.451078892 0.005218925 0.999828458 -0.017775642 -0.213074952 -0.998759449 0.004331375 -0.049608238 5.293342113
-0.049802266 0.018895974 0.998580396 2.492581367 0.005815705 0.999809504 -0.018629190 -0.214491576 -0.998742044 0.004879673 -0.049902670 5.291770458
-0.049048506 0.018146215 0.998631597 2.523984671 0.006989851 0.999816716 -0.017824437 -0.215987757 -0.998771906 0.006106024 -0.049166348 5.289670467
-0.049482055 0.018334765 0.998606682 2.564265490 0.007515147 0.999810040 -0.017984476 -0.217132479 -0.998746693 0.006614766 -0.049610440 5.288133621
-0.049358234 0.017496061 0.998627901 2.595132351 0.003492037 0.999843478 -0.017344765 -0.218727082 -0.998774946 0.002631139 -0.049411613 5.286767006
-0.049522996 0.018551631 0.998600721 2.635967970 0.001320975 0.999827981 -0.018508915 -0.219924077 -0.998772144 0.000402510 -0.049538974 5.285465240
-0.049620900 0.016960168 0.998624086 2.667177677 0.002516869 0.999854863 -0.016856007 -0.221129507 -0.998764992 0.001676996 -0.049656376 5.284371853
-0.051010109 0.016444562 0.998562753 2.707498074 0.003316185 0.999861717 -0.016296551 -0.222447902 -0.998692632 0.002480130 -0.051057581 5.282718658
-0.054510575 0.016573822 0.998375654 2.739300013 0.000852823 0.999862611 -0.016551940 -0.223275930 -0.998512805 -0.000050818 -0.054517221 5.281539440
-0.059870590 0.015785135 0.998081386 2.769285202 -0.003097937 0.999867201 -0.015999211 -0.224664286 -0.998201430 -0.004049874 -0.059813730 5.280180931
-0.065281190 0.019294860 0.997680366 2.811966419 -0.000407121 0.999812484 -0.019362738 -0.226285279 -0.997866869 -0.001670199 -0.065261073 5.277231216
-0.072935969 0.022381797 0.997085452 2.843932629 0.002707826 0.999748886 -0.022243511 -0.227267250 -0.997332990 0.001077582 -0.072978266 5.275684357
-0.080323227 0.023925312 0.996481776 2.874645472 0.001708401 0.999713778 -0.023865208 -0.228378862 -0.996767461 -0.000214539 -0.080341093 5.273604870
-0.085302874 0.022477314 0.996101558 2.917315483 -0.002835652 0.999736011 -0.022802165 -0.230389506 -0.996350944 -0.004769688 -0.085216634 5.269244671
-0.090409428 0.021285832 0.995677173 2.948501348 -0.003168635 0.999760449 -0.021660838 -0.231593341 -0.995899618 -0.005113281 -0.090320304 5.266555786
-0.095647119 0.021523561 0.995182633 2.980551720 -0.005647483 0.999738395 -0.022164872 -0.232846946 -0.995399237 -0.007740282 -0.095500536 5.264189243
-0.099733263 0.022228379 0.994765878 3.026217222 -0.006620259 0.999713540 -0.023002671 -0.233719498 -0.994992197 -0.008879739 -0.099557526 5.260364532
-0.102824368 0.019119961 0.994515836 3.058819771 -0.005964514 0.999785483 -0.019837953 -0.234823033 -0.994681656 -0.007971627 -0.102688268 5.257657528
-0.103924647 0.016241260 0.994452536 3.100080490 -0.003694260 0.999853432 -0.016715532 -0.236122057 -0.994578362 -0.005410922 -0.103849404 5.253098965
-0.105344728 0.013008243 0.994350672 3.132777452 -0.004806579 0.999896109 -0.013590015 -0.237422332 -0.994424105 -0.006211061 -0.105271265 5.249816895
-0.106897123 0.012159124 0.994195759 3.166614294 -0.005668881 0.999901533 -0.012838431 -0.238701493 -0.994253933 -0.007008370 -0.106817670 5.246684074
-0.107212573 0.016863409 0.994093060 3.213409901 -0.003417545 0.999843955 -0.017329542 -0.239625543 -0.994230211 -0.005255304 -0.107138239 5.241919518
-0.106778480 0.020882128 0.994063497 3.247055292 0.002102931 0.999781966 -0.020776363 -0.240778148 -0.994280577 -0.000128022 -0.106799081 5.237833500
-0.107887685 0.025477124 0.993836522 3.290309191 0.009965077 0.999648988 -0.024544347 -0.242550284 -0.994113147 0.007255625 -0.108103700 5.233200073
-0.109105512 0.026048059 0.993688762 3.325318336 0.009694942 0.999636889 -0.025139485 -0.243887126 -0.993982911 0.006890900 -0.109318428 5.229805470
-0.108941317 0.024706399 0.993741095 3.368885040 0.008872462 0.999675453 -0.023881277 -0.245322049 -0.994008660 0.006215272 -0.109125182 5.225198269
-0.108990386 0.019362824 0.993854225 3.403493881 0.009184312 0.999787331 -0.018471221 -0.246857464 -0.994000435 0.007114683 -0.109145038 5.221789837
-0.109160751 0.017530523 0.993869424 3.447597504 0.010939509 0.999805093 -0.016433688 -0.248359337 -0.993963957 0.009078528 -0.109331265 5.217020035
-0.110390902 0.017785653 0.993729055 3.481642246 0.011150471 0.999799132 -0.016655613 -0.249289572 -0.993825674 0.009241919 -0.110567041 5.213766098
-0.111759931 0.018400226 0.993564844 3.524390936 0.009890671 0.999799550 -0.017403152 -0.251235396 -0.993685961 0.007882048 -0.111919537 5.209018707
-0.114657760 0.018856134 0.993226051 3.559136391 0.009315713 0.999796271 -0.017905468 -0.252336860 -0.993361294 0.007199610 -0.114810064 5.205672741
-0.115910791 0.019081477 0.993076324 3.601171970 0.010663577 0.999781728 -0.017965676 -0.253955215 -0.993202329 0.008507332 -0.116088964 5.200626373
-0.117019989 0.018512808 0.992956936 3.634931803 0.011483118 0.999784648 -0.017286817 -0.255539894 -0.993063092 0.009379340 -0.117207378 5.196317196
-0.119847603 0.018959137 0.992611229 3.678077936 0.010864871 0.999782860 -0.017784294 -0.256315649 -0.992732882 0.008653187 -0.120027557 5.192246914
-0.121572845 0.018451555 0.992411017 3.712054253 0.007872067 0.999813735 -0.017624844 -0.257880092 -0.992551386 0.005669624 -0.121695466 5.188633919
-0.123298585 0.020391168 0.992160082 3.747702122 0.008235842 0.999775529 -0.019524192 -0.258650303 -0.992335439 0.005763968 -0.123438835 5.184934139
-0.123682193 0.021142781 0.992096603 3.793555260 0.007357548 0.999765038 -0.020388957 -0.260380208 -0.992294669 0.004777648 -0.123808689 5.179131508
-0.125438720 0.021137655 0.991876125 3.828311443 0.007651363 0.999763906 -0.020338112 -0.261526108 -0.992071927 0.005038019 -0.125570834 5.176032066
-0.125797719 0.019648248 0.991861403 3.871627808 0.007514807 0.999794066 -0.018852286 -0.262999356 -0.992027402 0.005082072 -0.125919476 5.169804096
-0.127240404 0.017321641 0.991720736 3.907217979 0.004683613 0.999846816 -0.016862651 -0.264011681 -0.991860926 0.002499225 -0.127302021 5.166107178
-0.129006609 0.015511398 0.991522372 3.951783180 0.001778950 0.999879658 -0.015410687 -0.265322387 -0.991642118 -0.000224211 -0.129018679 5.160568714
-0.130403951 0.014361247 0.991356850 3.987097502 0.003141323 0.999896049 -0.014071738 -0.266767293 -0.991456032 0.001279162 -0.130435497 5.155674458
-0.132669717 0.015188489 0.991043866 4.024728775 0.004505128 0.999881506 -0.014720836 -0.268175960 -0.991150081 0.002511770 -0.132722437 5.150909901
-0.134863690 0.016659722 0.990724087 4.073277473 0.003612787 0.999860346 -0.016321555 -0.269404382 -0.990857542 0.001378089 -0.134905040 5.144792557
-0.136349469 0.019900657 0.990460932 4.110407352 0.005726081 0.999797463 -0.019299977 -0.270922720 -0.990644336 0.003039918 -0.136435777 5.140025616
-0.136505976 0.023883328 0.990351379 4.146791935 0.007658513 0.999705017 -0.023053277 -0.272051096 -0.990609586 0.004437707 -0.136648610 5.134808064
-0.137661129 0.028106865 0.990080476 4.197195053 0.008085323 0.999595881 -0.027252803 -0.273663163 -0.990446448 0.004253469 -0.137832701 5.128016472
-0.136819959 0.029085580 0.990168869 4.234546185 0.009140302 0.999563456 -0.028098544 -0.275005519 -0.990553856 0.005206001 -0.137026027 5.122419357
-0.136649415 0.028511846 0.990209103 4.281705856 0.013446928 0.999547005 -0.026925040 -0.277098298 -0.990528226 0.009635979 -0.136970907 5.116142273
-0.136366487 0.026150951 0.990313292 4.319959641 0.014432471 0.999597907 -0.024408773 -0.279004216 -0.990553319 0.010964127 -0.136689097 5.111115456
-0.135994121 0.024956897 0.990395308 4.368132591 0.013477848 0.999636769 -0.023339095 -0.280580640 -0.990617990 0.010174420 -0.136281058 5.105187893
-0.133862391 0.022113917 0.990753233 4.406217098 0.012307970 0.999710977 -0.020650912 -0.282285899 -0.990923464 0.009429782 -0.134095892 5.099956512
-0.132754430 0.019330755 0.990960538 4.454861641 0.012814676 0.999759734 -0.017785685 -0.283768564 -0.991066098 0.010337709 -0.132970244 5.094187737
-0.130631059 0.016159931 0.991299450 4.493692875 0.013432581 0.999804258 -0.014528465 -0.285068095 -0.991339982 0.011417840 -0.130822554 5.089112759
-0.129209161 0.015783153 0.991491735 4.541671276 0.011553878 0.999829412 -0.014410201 -0.286723077 -0.991550028 0.009593643 -0.129369527 5.083206654
-0.127542451 0.020499866 0.991621256 4.580388069 0.012935563 0.999735773 -0.019003846 -0.287893862 -0.991748691 0.010403384 -0.127773926 5.078447819
-0.125834703 0.026163023 0.991706192 4.628283024 0.013647852 0.999603212 -0.024639625 -0.289946079 -0.991957307 0.010434140 -0.126141846 5.072826385
-0.124475278 0.029435774 0.991786003 4.667473793 0.011309793 0.999536991 -0.028246373 -0.291551888 -0.992158175 0.007700919 -0.124750569 5.068503380
-0.123109713 0.027623130 0.992008626 4.715756893 0.010501376 0.999592841 -0.026531080 -0.292869687 -0.992337525 0.007151223 -0.123349652 5.063180923
-0.122336082 0.024609093 0.992183745 4.755308151 0.010177557 0.999671102 -0.023539912 -0.295058548 -0.992436528 0.007218224 -0.122546323 5.059042454
-0.121351987 0.023470510 0.992331982 4.805444717 0.011705259 0.999684751 -0.022212986 -0.296302438 -0.992540538 0.008919914 -0.121588454 5.052525520
-0.120595552 0.023202900 0.992430449 4.844096661 0.011384623 0.999693453 -0.021989303 -0.297842383 -0.992636442 0.008646634 -0.120822728 5.048147202
-0.120014653 0.022934079 0.992507160 4.893677711 0.010136959 0.999709308 -0.021874733 -0.300156891 -0.992720366 0.007435715 -0.120212249 5.042487621
-0.119416393 0.020904569 0.992624164 4.933400154 0.012929785 0.999726295 -0.019498641 -0.301910907 -0.992760062 0.010505959 -0.119654007 5.037837982
