0.999991477 -0.002406085 -0.003362499 0.000082591 0.002398512 0.999994516 -0.002254409 -0.001135122 0.003367901 0.002246325 0.999991715 0.048864383
0.999982059 -0.002786214 -0.005299463 -0.000147032 0.002766918 0.999989510 -0.003644905 -0.001678437 0.005309560 0.003630177 0.999979258 0.072829925
0.999958873 -0.005013661 -0.007558499 -0.000158719 0.004974005 0.999973774 -0.005256332 -0.002239911 0.007584653 0.005218519 0.999957621 0.096823052
0.999931633 -0.007306405 -0.009147964 -0.000447319 0.007240518 0.999947667 -0.007215064 -0.002759477 0.009200201 0.007148334 0.999932051 0.120965421
0.999909699 -0.008429887 -0.010476033 -0.000885970 0.008344683 0.999932051 -0.008150497 -0.003128563 0.010544025 0.008062342 0.999911785 0.145652086
0.999891043 -0.008731779 -0.011902477 -0.001294830 0.008643578 0.999934971 -0.007441528 -0.003751855 0.011966676 0.007337837 0.999901354 0.170402780
0.999873042 -0.009165412 -0.013029348 -0.001875153 0.009065007 0.999928951 -0.007744227 -0.004442365 0.013099396 0.007625133 0.999885023 0.194524929
0.999854386 -0.008579211 -0.014752187 -0.001849417 0.008428849 0.999912143 -0.010224710 -0.005376175 0.014838606 0.010098876 0.999838829 0.221067145
0.999857366 -0.006609558 -0.015544436 -0.002787855 0.006393887 0.999883175 -0.013883393 -0.006101058 0.015634378 0.013782025 0.999782681 0.245529413
0.999841154 -0.005298134 -0.017017849 -0.003398041 0.004998786 0.999832869 -0.017584899 -0.006771266 0.017108168 0.017497038 0.999700487 0.272979051
0.999821544 -0.003698269 -0.018527269 -0.004076855 0.003367095 0.999834538 -0.017874373 -0.007158209 0.018590305 0.017808797 0.999668479 0.298978269
0.999802411 -0.001419454 -0.019822367 -0.004816138 0.001206908 0.999941707 -0.010730417 -0.007833081 0.019836441 0.010704376 0.999745846 0.327968568
0.999800324 -0.000453607 -0.019973211 -0.005994196 0.000451793 0.999999940 -0.000095328 -0.008446096 0.019973245 0.000086289 0.999800444 0.355485111
0.999766529 0.000528734 -0.021600034 -0.006428146 -0.000393035 0.999980152 0.006286138 -0.008901656 0.021602929 -0.006276180 0.999746859 0.385571837
0.999748051 0.002279751 -0.022329876 -0.007710931 -0.002159648 0.999983072 0.005401205 -0.009375345 0.022341810 -0.005351619 0.999736011 0.413574606
0.999712467 0.004775744 -0.023495110 -0.008650168 -0.004822306 0.999986529 -0.001925490 -0.009860238 0.023485595 0.002038237 0.999722004 0.444492519
0.999690771 0.004539309 -0.024446463 -0.009634691 -0.004748820 0.999952555 -0.008518980 -0.009576490 0.024406629 0.008632438 0.999664783 0.473809719
0.999662399 0.002224863 -0.025887385 -0.010404616 -0.002396967 0.999975264 -0.006619066 -0.009934433 0.025872007 0.006678882 0.999643028 0.506660044
0.999642491 0.001102611 -0.026716737 -0.011022849 -0.001014772 0.999994040 0.003301120 -0.010525761 0.026720213 -0.003272829 0.999637544 0.537844598
0.999646485 0.000694261 -0.026581125 -0.012692414 -0.000431051 0.999950886 0.009906573 -0.010472103 0.026586687 -0.009891612 0.999597549 0.569786847
0.999628365 0.000164576 -0.027260505 -0.013271073 0.000189165 0.999915779 0.012973216 -0.010962403 0.027260341 -0.012973550 0.999544144 0.606668949
0.999618769 -0.001713749 -0.027557872 -0.014352452 0.002031407 0.999931753 0.011503064 -0.010735000 0.027536277 -0.011554658 0.999553978 0.640193522
0.999620318 -0.002684897 -0.027424043 -0.015268198 0.002942288 0.999951899 0.009349596 -0.010793719 0.027397621 -0.009426732 0.999580145 0.673512459
0.999625504 0.000315115 -0.027363466 -0.015567474 -0.000149813 0.999981761 0.006042785 -0.011015863 0.027364871 -0.006036422 0.999607265 0.712367356
0.999658525 -0.002950282 -0.025964204 -0.016959231 0.002962219 0.999995530 0.000421303 -0.011099521 0.025962850 -0.000498071 0.999662757 0.747954965
0.999653637 -0.005882541 -0.025651013 -0.017463300 0.005743301 0.999968469 -0.005498565 -0.011819646 0.025682550 0.005349339 0.999655724 0.782837808
0.999665558 -0.004821580 -0.025405874 -0.017923752 0.004537039 0.999926448 -0.011245565 -0.012133288 0.025458217 0.011126535 0.999613941 0.824276805
0.999695718 -0.003273288 -0.024451360 -0.019777266 0.002978304 0.999922454 -0.012090842 -0.012748563 0.024489034 0.012014339 0.999627829 0.861640155
0.999667168 -0.002723716 -0.025654640 -0.020433623 0.002436797 0.999934196 -0.011208527 -0.013820455 0.025683474 0.011142281 0.999607980 0.900157094
0.999663532 -0.000942601 -0.025921680 -0.021078736 0.000609592 0.999917209 -0.012851608 -0.014509782 0.025931645 0.012831483 0.999581277 0.942382753
0.999671757 0.001889577 -0.025549138 -0.022815656 -0.002257374 0.999894083 -0.014374507 -0.015793426 0.025519269 0.014427462 0.999570191 0.981697381
0.999643981 0.004518080 -0.026299840 -0.023504661 -0.004937920 0.999861002 -0.015920596 -0.016464941 0.026224254 0.016044794 0.999527156 1.020679593
0.999628305 0.006967708 -0.026353423 -0.025223486 -0.007347735 0.999870002 -0.014351220 -0.019024733 0.026249999 0.014539525 0.999549627 1.060556769
0.999618471 0.007288372 -0.026638752 -0.026613444 -0.007686147 0.999860048 -0.014860443 -0.020069569 0.026526712 0.015059523 0.999534607 1.101389050
0.999627113 0.008074007 -0.026081894 -0.028307203 -0.008461912 0.999854743 -0.014796618 -0.020973003 0.025958633 0.015011807 0.999550343 1.141247511
0.999594331 0.009121576 -0.026977582 -0.029830104 -0.009493182 0.999861300 -0.013678817 -0.022048885 0.026849069 0.013929372 0.999542415 1.182000279
0.999602675 0.010879059 -0.026001519 -0.032167405 -0.011203598 0.999860764 -0.012368650 -0.022947095 0.025863335 0.012655047 0.999585330 1.236747026
0.999583781 0.010621408 -0.026825432 -0.033024225 -0.010913062 0.999882698 -0.010749391 -0.024345273 0.026708107 0.011037664 0.999582291 1.279048324
0.999573112 0.011202914 -0.026985167 -0.034090418 -0.011533965 0.999859750 -0.012143619 -0.025358107 0.026845334 0.012449682 0.999562025 1.321056247
0.999554694 0.012875373 -0.026918422 -0.036402471 -0.013228694 0.999828100 -0.012989090 -0.026872000 0.026746552 0.013339401 0.999553204 1.372675061
0.999550998 0.013617715 -0.026688719 -0.038348209 -0.013952061 0.999825954 -0.012381738 -0.027581435 0.026515462 0.012748543 0.999567032 1.414847255
0.999566197 0.011928762 -0.026928999 -0.040134408 -0.012187539 0.999880850 -0.009465971 -0.028960608 0.026812868 0.009790063 0.999592483 1.457967639
0.999506295 0.012142697 -0.028979225 -0.040843137 -0.012321336 0.999906123 -0.005993698 -0.029955737 0.028903721 0.006347800 0.999562025 1.513666630
0.999502182 0.012355031 -0.029032830 -0.043118663 -0.012445825 0.999918222 -0.002948633 -0.031305946 0.028994020 0.003308502 0.999574125 1.556393266
0.999484658 0.011553503 -0.029948495 -0.044094343 -0.011654051 0.999926984 -0.003184962 -0.031853490 0.029909510 0.003532341 0.999546349 1.600784063
0.999472260 0.011697751 -0.030301772 -0.046682470 -0.011836706 0.999920189 -0.004410470 -0.033095110 0.030247768 0.004766816 0.999531031 1.660135388
0.999443769 0.012485074 -0.030923257 -0.048549421 -0.012648286 0.999907017 -0.005087973 -0.033779651 0.030856868 0.005476270 0.999508798 1.704726219
0.999413550 0.011663440 -0.032194067 -0.049921710 -0.011803431 0.999921679 -0.004161646 -0.034571931 0.032143012 0.004539206 0.999472916 1.750656724
0.999398053 0.012013581 -0.032545846 -0.052336607 -0.012097131 0.999924004 -0.002371368 -0.035769626 0.032514889 0.002763652 0.999467373 1.810924888
0.999375284 0.011944094 -0.033261709 -0.053896658 -0.011934173 0.999928653 0.000496808 -0.037008770 0.033265270 -0.000099546 0.999446511 1.856119275
0.999353349 0.013100404 -0.033488218 -0.056454550 -0.013097462 0.999914169 0.000307287 -0.038017370 0.033489384 0.000131523 0.999438941 1.911803007
0.999337554 0.013627493 -0.033745725 -0.058402259 -0.013732619 0.999901474 -0.002885411 -0.039285932 0.033703092 0.003346916 0.999426186 1.956480742
0.999303579 0.016034676 -0.033692513 -0.060346283 -0.016294993 0.999839306 -0.007465934 -0.039891206 0.033567391 0.008009754 0.999404252 2.000867367
0.999299169 0.015901200 -0.033886798 -0.062977545 -0.016159676 0.999842286 -0.007367426 -0.041539855 0.033764295 0.007909861 0.999398470 2.062446594
0.999314368 0.016821884 -0.032981869 -0.065500796 -0.017007066 0.999841094 -0.005342091 -0.042295247 0.032886762 0.005899353 0.999441564 2.107377529
0.999283016 0.017365234 -0.033642478 -0.067209743 -0.017471222 0.999843299 -0.002858956 -0.043669727 0.033587553 0.003444681 0.999429822 2.164230347
0.999326348 0.015293769 -0.033359542 -0.069306046 -0.015332927 0.999881983 -0.000918299 -0.044866867 0.033341561 0.001429180 0.999443054 2.209128380
0.999319553 0.016045360 -0.033209275 -0.071399800 -0.016130526 0.999867260 -0.002298231 -0.046153370 0.033167992 0.002832350 0.999445736 2.265639305
0.999352694 0.015440997 -0.032491583 -0.073132604 -0.015586137 0.999869525 -0.004218544 -0.046807766 0.032422211 0.004722231 0.999463081 2.310100794
0.999336362 0.014844305 -0.033260643 -0.074956328 -0.015065683 0.999865949 -0.006415112 -0.048039585 0.033160947 0.006911950 0.999426067 2.367611885
0.999366343 0.013746119 -0.032829024 -0.076584063 -0.014049243 0.999860644 -0.009020593 -0.049043708 0.032700446 0.009476100 0.999420166 2.411676645
0.999384940 0.012013308 -0.032946110 -0.079013452 -0.012422007 0.999848008 -0.012228551 -0.050834134 0.032794192 0.012630286 0.999382317 2.469496012
0.999413013 0.010424650 -0.032633673 -0.080575943 -0.010867217 0.999850988 -0.013413783 -0.052327953 0.032488968 0.013760546 0.999377310 2.513799191
0.999437034 0.008574801 -0.032435656 -0.082946315 -0.008956553 0.999891937 -0.011642629 -0.053795580 0.032332327 0.011926585 0.999405921 2.572903633
0.999448419 0.007790617 -0.032281842 -0.084442131 -0.007982658 0.999951124 -0.005824346 -0.054855552 0.032234892 0.006078827 0.999461770 2.617055416
0.999470711 0.006098098 -0.031954471 -0.086517066 -0.006091796 0.999981463 0.000294551 -0.056277957 0.031955671 -0.000099735 0.999489188 2.676191807
0.999470890 0.004589964 -0.032197699 -0.087677486 -0.004574588 0.999989390 0.000551195 -0.056867663 0.032199882 -0.000403612 0.999481261 2.720351934
0.999491513 0.001571122 -0.031846300 -0.089954138 -0.001636923 0.999996543 -0.002040248 -0.058232583 0.031842992 0.002091340 0.999490559 2.779320717
0.999485672 -0.000198571 -0.032067377 -0.091328993 0.000027713 0.999985814 -0.005328462 -0.059087854 0.032067988 0.005324833 0.999471366 2.823952913
0.999486387 0.002416152 -0.031951707 -0.093667388 -0.002712428 0.999953747 -0.009232523 -0.060646649 0.031927921 0.009314447 0.999446750 2.882844448
0.999488652 0.002807037 -0.031849407 -0.095478028 -0.003234189 0.999905467 -0.013368014 -0.061850548 0.031808872 0.013464184 0.999403238 2.927715302
0.999494374 0.005534628 -0.031312123 -0.097489960 -0.005994066 0.999875486 -0.014598068 -0.062915415 0.031227430 0.014778375 0.999403000 2.986839056
0.999495625 0.009335754 -0.030353826 -0.099449188 -0.009666226 0.999895453 -0.010758881 -0.064289778 0.030250201 0.011046861 0.999481320 3.032098055
0.999459803 0.011062447 -0.030949047 -0.100458033 -0.011352772 0.999893069 -0.009220827 -0.065378539 0.030843725 0.009567203 0.999478400 3.077068806
0.999449551 0.010952699 -0.031314276 -0.102472357 -0.011220993 0.999901652 -0.008404938 -0.066921666 0.031219145 0.008751689 0.999474168 3.143357277
0.999449313 0.008777221 -0.031997386 -0.103393227 -0.009032805 0.999928415 -0.007851921 -0.067726389 0.031926177 0.008136627 0.999457002 3.188555241
0.999465346 0.008701050 -0.031511948 -0.106256805 -0.008895842 0.999942183 -0.006046686 -0.069749594 0.031457506 0.006323778 0.999485075 3.247241020
0.999449968 0.006566931 -0.032500692 -0.106970213 -0.006712677 0.999967992 -0.004377378 -0.070312835 0.032470897 0.004593138 0.999462068 3.291279316
0.999446571 0.005474023 -0.032812942 -0.109886147 -0.005547214 0.999982297 -0.002139882 -0.072297506 0.032800648 0.002320718 0.999459207 3.351411819
0.999436736 0.004591145 -0.033244848 -0.111563869 -0.004699287 0.999983907 -0.003175427 -0.073370486 0.033229738 0.003329866 0.999442160 3.395729303
0.999410987 0.005192651 -0.033923935 -0.113205574 -0.005440503 0.999959111 -0.007217851 -0.074269250 0.033885069 0.007398164 0.999398232 3.439352989
0.999360204 0.005249506 -0.035375275 -0.115021475 -0.005594071 0.999937773 -0.009648351 -0.075874925 0.035322424 0.009840068 0.999327421 3.506524086
0.999311268 0.007222130 -0.036397856 -0.116660543 -0.007516982 0.999939978 -0.007970440 -0.077118561 0.036338113 0.008238551 0.999305487 3.550068140
0.999283493 0.008480014 -0.036886085 -0.118560292 -0.008636257 0.999954343 -0.004078549 -0.078036711 0.036849823 0.004394183 0.999311090 3.595660686
0.999259710 0.009784349 -0.037205033 -0.121911466 -0.009778888 0.999952078 0.000328721 -0.079947703 0.037206467 0.000035346 0.999307573 3.662508249
0.999240458 0.010139973 -0.037624493 -0.124089673 -0.010111474 0.999948382 0.000947690 -0.080826364 0.037632160 -0.000566531 0.999291480 3.706142426
0.999202430 0.010467813 -0.038532753 -0.126570180 -0.010520204 0.999943972 -0.001157137 -0.082051411 0.038518477 0.001561587 0.999256670 3.765049696
0.999162853 0.010140850 -0.039632179 -0.128244773 -0.010214959 0.999946356 -0.001667796 -0.083162628 0.039613135 0.002071240 0.999212980 3.808068275
0.999165297 0.009350840 -0.039765462 -0.131279945 -0.009432849 0.999953747 -0.001875253 -0.084505446 0.039746076 0.002248789 0.999207258 3.866608381
0.999139547 0.008727121 -0.040546708 -0.133270174 -0.008784407 0.999960661 -0.001234893 -0.085720390 0.040534325 0.001590010 0.999176919 3.908900738
0.999110460 0.007724699 -0.041455068 -0.135585248 -0.007746448 0.999969900 -0.000364053 -0.086499862 0.041451011 0.000684859 0.999140263 3.965432405
0.999047220 0.007658841 -0.042963296 -0.136988819 -0.007562509 0.999968469 0.002404225 -0.087483019 0.042980351 -0.002077025 0.999073744 4.007287025
0.999050021 0.006767134 -0.043049660 -0.140227064 -0.006635110 0.999972880 0.003208899 -0.088576205 0.043070197 -0.002920212 0.999067843 4.060668468
0.998952389 0.005158717 -0.045470018 -0.142129749 -0.004989594 0.999980211 0.003832179 -0.089663684 0.045488890 -0.003601288 0.998958349 4.100279331
0.998812973 0.005163874 -0.048436277 -0.145166874 -0.005055731 0.999984503 0.002354900 -0.090459704 0.048447672 -0.002107224 0.998823464 4.152065277
0.998655319 0.004811486 -0.051618461 -0.147380948 -0.004724192 0.999987304 0.001813012 -0.091363698 0.051626515 -0.001566718 0.998665154 4.189482212
0.998463809 0.004980455 -0.055185702 -0.150217369 -0.004908232 0.999987006 0.001444199 -0.092109144 0.055192184 -0.001171116 0.998474956 4.239064217
0.998304725 0.006371512 -0.057854462 -0.152883485 -0.006193883 0.999975562 0.003249072 -0.093226597 0.057873756 -0.002885220 0.998319626 4.274590492
0.998104990 0.006823446 -0.061153591 -0.156099901 -0.006602237 0.999970973 0.003818595 -0.094069138 0.061177865 -0.003407608 0.998121083 4.320661068
0.997889459 0.007743724 -0.064471044 -0.158362940 -0.007440849 0.999960184 0.004936628 -0.094409570 0.064506702 -0.004446489 0.997907400 4.353852749
0.997713983 0.009570835 -0.066896752 -0.161933139 -0.009194936 0.999940097 0.005924721 -0.095414445 0.066949435 -0.005296064 0.997742355 4.398040295
0.997518659 0.011323798 -0.069486767 -0.164480418 -0.010895826 0.999919236 0.006534987 -0.096192218 0.069555148 -0.005761655 0.997561395 4.428898811
0.997326672 0.013199351 -0.071870565 -0.167329535 -0.012842526 0.999902785 0.005424690 -0.097070642 0.071935169 -0.004487189 0.997399151 4.458998203
0.997146189 0.014989065 -0.073992699 -0.170331210 -0.014866378 0.999887049 0.002208588 -0.098056696 0.074017435 -0.001102282 0.997256279 4.486848354
0.996883392 0.016835816 -0.077072047 -0.174062416 -0.017032398 0.999853134 -0.001893994 -0.098790735 0.077028833 0.003200813 0.997023761 4.534907818
0.996688008 0.018700633 -0.079140469 -0.176337227 -0.019110329 0.999807715 -0.004422604 -0.099457666 0.079042532 0.005920356 0.996853650 4.560709953
0.996611834 0.020469004 -0.079661258 -0.179393068 -0.020968888 0.999765396 -0.005443592 -0.100145005 0.079531126 0.007095555 0.996807218 4.585514069
0.996584415 0.023010885 -0.079309665 -0.182286471 -0.023494486 0.999710619 -0.005169794 -0.101028591 0.079167761 0.007015476 0.996836543 4.622993469
0.996695101 0.026886048 -0.076655775 -0.184206828 -0.027249837 0.999621749 -0.003703581 -0.101701327 0.076527223 0.005780198 0.997050703 4.645812988
0.997078121 0.029802589 -0.070336565 -0.186443999 -0.030036429 0.999546289 -0.002269101 -0.102269866 0.070237033 0.004375131 0.997520685 4.667499065
0.997492492 0.030516179 -0.063853487 -0.188272625 -0.030616263 0.999531031 -0.000589192 -0.102999307 0.063805558 0.002542669 0.997959077 4.700670242
0.998080552 0.030287620 -0.054016404 -0.189365685 -0.030228211 0.999541283 0.001916765 -0.103544541 0.054049686 -0.000280267 0.998538196 4.721092224
0.998661160 0.029981768 -0.042153403 -0.189968824 -0.029872492 0.999548614 0.003219937 -0.104188673 0.042230915 -0.001956399 0.999105930 4.740646362
0.999145269 0.029220385 -0.029239213 -0.190347478 -0.029142654 0.999570489 0.003081357 -0.104702599 0.029316699 -0.002226614 0.999567688 4.769340992
0.999480665 0.028945124 -0.014164763 -0.190280080 -0.028919952 0.999579728 0.001979164 -0.105188884 0.014216109 -0.001568491 0.999897659 4.787006378
0.999595463 0.028189028 0.003770571 -0.189747483 -0.028183486 0.999601603 -0.001515793 -0.105382271 -0.003811790 0.001408912 0.999991715 4.804167747
0.999314427 0.027334059 0.024971429 -0.188634425 -0.027199730 0.999613702 -0.005703405 -0.106096126 -0.025117673 0.005020277 0.999671876 4.821104527
0.998511612 0.025181299 0.048379291 -0.185908064 -0.024708722 0.999641180 -0.010341669 -0.107062191 -0.048622340 0.009130886 0.998775482 4.849835396
0.996859193 0.022713682 0.075868137 -0.184014440 -0.021744553 0.999671340 -0.013575685 -0.107394949 -0.076151550 0.011883327 0.997025430 4.866002560
0.994209230 0.020061597 0.105572879 -0.181283355 -0.018641112 0.999722123 -0.014424728 -0.108130500 -0.105832934 0.012373201 0.994306862 4.881628990
0.990266860 0.017798303 0.138039231 -0.177951097 -0.015645763 0.999738693 -0.016663192 -0.108567856 -0.138299718 0.014341276 0.990286589 4.897243500
0.984843612 0.014920426 0.172801405 -0.171845555 -0.011916270 0.999759495 -0.018409410 -0.109472319 -0.173034564 0.016071249 0.984784544 4.922751427
0.977317989 0.011779323 0.211449593 -0.167746902 -0.007971470 0.999790549 -0.018851755 -0.110074684 -0.211627379 0.016738597 0.977207005 4.937079906
0.967906296 0.009647526 0.251126170 -0.162775159 -0.004933223 0.999799669 -0.019395411 -0.110944912 -0.251262993 0.017534079 0.967759967 4.950885296
0.955840588 0.010601499 0.293694168 -0.157860518 -0.004680868 0.999771476 -0.020854730 -0.111419305 -0.293848157 0.018559057 0.955671847 4.964789867
0.941253960 0.012524111 0.337467104 -0.148589015 -0.005727059 0.999760330 -0.021129439 -0.112704583 -0.337650806 0.017955478 0.941100121 4.987368584
0.923840225 0.012709701 0.382567197 -0.142285466 -0.005474173 0.999785125 -0.019995723 -0.113331750 -0.382739067 0.016378615 0.923711240 5.000188828
0.904295206 0.011891481 0.426742166 -0.134914517 -0.004129868 0.999808848 -0.019108927 -0.113671899 -0.426887870 0.015517725 0.904171407 5.012549400
0.881623328 0.010249143 0.471842408 -0.123300076 -0.001342714 0.999814689 -0.019208690 -0.114813916 -0.471951813 0.016301280 0.881473601 5.031272888
0.857118368 0.011260273 0.514996409 -0.114988089 -0.000007277 0.999761343 -0.021847431 -0.115207210 -0.515119493 0.018722085 0.856913865 5.042222977
0.829681993 0.012962653 0.558085859 -0.106114388 0.000887508 0.999698520 -0.024539405 -0.116229229 -0.558235705 0.020855201 0.829420209 5.053669453
0.799597383 0.017471965 0.600282133 -0.091982365 -0.000114322 0.999581099 -0.028941777 -0.117237516 -0.600536466 0.023073148 0.799264491 5.070272446
0.766182661 0.023840098 0.642180502 -0.081897974 -0.003465405 0.999450326 -0.032968715 -0.117803372 -0.642613530 0.023034640 0.765844226 5.080630302
0.729922056 0.028355153 0.682942033 -0.070359468 -0.005305804 0.999344110 -0.035821095 -0.118268982 -0.683509827 0.022523046 0.729593694 5.091033459
0.691015422 0.028827203 0.722264886 -0.053198099 -0.003457478 0.999324858 -0.036577396 -0.119288951 -0.722831726 0.022778336 0.690648437 5.105296135
0.650606930 0.026156079 0.758964121 -0.040217161 0.001054164 0.999374688 -0.035344973 -0.119844481 -0.759413958 0.023795757 0.650172293 5.113884926
0.606844485 0.024357108 0.794447303 -0.022715807 0.002601150 0.999464214 -0.032629661 -0.120489486 -0.794816256 0.021867609 0.606455863 5.125217438
0.561153650 0.023010632 0.827391744 -0.008244753 0.003975759 0.999526918 -0.030494334 -0.120958358 -0.827702105 0.020401513 0.560796618 5.133376122
0.513482511 0.020459970 0.857856095 0.010570765 0.004580356 0.999636114 -0.026583083 -0.122166499 -0.858087778 0.017579235 0.513202012 5.142425537
0.463702917 0.016264200 0.885841429 0.026544094 0.007421661 0.999725163 -0.022240067 -0.123047143 -0.885959506 0.016887203 0.463454843 5.148549557
0.411501437 0.016590970 0.911258042 0.046256542 0.005096457 0.999776900 -0.020504029 -0.123984307 -0.911394715 0.013081626 0.411325037 5.156253338
0.360464275 0.021429019 0.932526827 0.062645078 0.001300387 0.999723613 -0.023475826 -0.124786809 -0.932771981 0.009674842 0.360336691 5.161593914
0.310725719 0.027074507 0.950113952 0.085161567 0.000730341 0.999587119 -0.028723150 -0.125190005 -0.950499237 0.009618928 0.310577631 5.167116642
0.264018923 0.029472355 0.964067101 0.103565693 0.002006509 0.999513984 -0.031105503 -0.125795215 -0.964515328 0.010146850 0.263831466 5.171143532
0.223249272 0.028525125 0.974343956 0.127952218 0.010058179 0.999451041 -0.031564780 -0.126905948 -0.974709451 0.016846938 0.222839817 5.174434662
0.187143087 0.028476467 0.981919885 0.147491693 0.018258316 0.999306142 -0.032460522 -0.127542391 -0.982163012 0.024002966 0.186493322 5.177371025
0.158328995 0.029615536 0.986942112 0.174594760 0.022455355 0.999183476 -0.033585239 -0.128313243 -0.987131000 0.027479652 0.157534704 5.179327965
0.128582105 0.028115621 0.991300166 0.195480764 0.019875178 0.999324083 -0.030921219 -0.129345104 -0.991499662 0.023678178 0.127936408 5.182593346
0.104755849 0.024764404 0.994189560 0.225238979 0.013984730 0.999554396 -0.026371574 -0.130154401 -0.994399667 0.016666051 0.104362853 5.184828758
0.079621673 0.020411070 0.996616125 0.248229593 0.009354531 0.999731004 -0.021222211 -0.131112799 -0.996781290 0.011012627 0.079409324 5.187219620
0.058196232 0.018358828 0.998136282 0.279909164 0.013210625 0.999729097 -0.019158367 -0.132176980 -0.998217702 0.014300949 0.057937935 5.187839985
0.037046120 0.019100562 0.999130964 0.304708302 0.021018932 0.999581218 -0.019888522 -0.133186594 -0.999092460 0.021737458 0.036629125 5.188327312
0.020057656 0.021271244 0.999572515 0.330174208 0.025288470 0.999442995 -0.021775933 -0.134148926 -0.999478877 0.025714433 0.019508570 5.188112736
0.006741554 0.026519625 0.999625504 0.369462639 0.026687752 0.999287426 -0.026690640 -0.135248363 -0.999621093 0.026857693 0.006028994 5.187291145
-0.003951599 0.031083314 0.999508917 0.397319585 0.024952762 0.999208689 -0.030975319 -0.135822669 -0.999680877 0.024818106 -0.004724093 5.187521458
-0.009873422 0.030344363 0.999490738 0.424362153 0.025879221 0.999212503 -0.030080270 -0.137136698 -0.999616385 0.025569046 -0.010650940 5.186114311
-0.012683646 0.027636845 0.999537587 0.467338204 0.032202620 0.999110699 -0.027216403 -0.138394490 -0.999400795 0.031842526 -0.013562346 5.184969902
-0.011957779 0.025524637 0.999602735 0.497105479 0.034022171 0.999105692 -0.025104951 -0.139702901 -0.999349475 0.033708453 -0.012815489 5.184218407
-0.009998770 0.025652431 0.999621034 0.538090169 0.032694545 0.999144733 -0.025313189 -0.140871242 -0.999415338 0.032429054 -0.010828921 5.183924675
-0.008833453 0.025517313 0.999635398 0.569968998 0.028152915 0.999284387 -0.025259575 -0.142649338 -0.999564588 0.027919516 -0.009545526 5.184444904
-0.007652292 0.027233887 0.999599814 0.612809479 0.027848486 0.999247253 -0.027011083 -0.143608630 -0.999582827 0.027630644 -0.008404952 5.184587479
-0.006449509 0.027967144 0.999588072 0.645729661 0.027552016 0.999234378 -0.027779473 -0.144857645 -0.999599576 0.027361499 -0.007215121 5.184299469
-0.005865352 0.027728256 0.999598205 0.691143274 0.027088366 0.999253035 -0.027559729 -0.146412343 -0.999615729 0.026915837 -0.006612092 5.184455395
-0.005373055 0.026211189 0.999641955 0.725520551 0.025100728 0.999344885 -0.026068488 -0.147901341 -0.999670446 0.024951670 -0.006027461 5.184554577
-0.004765395 0.024718663 0.999683142 0.761613905 0.026106833 0.999356687 -0.024586141 -0.149371728 -0.999647796 0.025981396 -0.005407660 5.184526920
-0.004961239 0.022901550 0.999725401 0.814808249 0.027596841 0.999360085 -0.022756230 -0.150887698 -0.999606848 0.027476365 -0.005590072 5.184041977
-0.006378538 0.021107297 0.999756813 0.851449013 0.025269227 0.999461412 -0.020939840 -0.152267113 -0.999660373 0.025129516 -0.006908464 5.184364796
-0.007071721 0.019552462 0.999783814 0.887810826 0.024149124 0.999520481 -0.019376503 -0.153974786 -0.999683440 0.024006872 -0.007540501 5.184234142
-0.008550866 0.017598774 0.999808550 0.940764368 0.026416477 0.999500036 -0.017367421 -0.155281201 -0.999614358 0.026262909 -0.009011492 5.183762074
-0.009942767 0.015884973 0.999824345 0.978764892 0.028044924 0.999484837 -0.015600684 -0.156455055 -0.999557078 0.027884889 -0.010383143 5.183752060
-0.012000393 0.015036933 0.999814928 1.016389608 0.024930691 0.999580503 -0.014734175 -0.157704845 -0.999616981 0.024749262 -0.012370242 5.184164524
-0.012067804 0.019952264 0.999728084 1.070020199 0.022106707 0.999561846 -0.019682096 -0.159544349 -0.999682784 0.021863174 -0.012503603 5.182694912
-0.012895633 0.024711542 0.999611437 1.109781027 0.023098094 0.999435186 -0.024409203 -0.160857677 -0.999650002 0.022774344 -0.013459144 5.182463169
-0.013808550 0.026194779 0.999561489 1.147799253 0.023684613 0.999384880 -0.025862958 -0.162228495 -0.999624074 0.023317097 -0.014420474 5.181777000
-0.015326967 0.023939952 0.999595881 1.203179002 0.019767508 0.999525189 -0.023635160 -0.164324462 -0.999687135 0.019397264 -0.015792925 5.181357384
-0.016399762 0.019591913 0.999673545 1.242592216 0.017002044 0.999668956 -0.019312900 -0.165968090 -0.999720991 0.016679769 -0.016727433 5.180991650
-0.017169653 0.014197802 0.999751747 1.283277273 0.015426849 0.999783993 -0.013933318 -0.167423725 -0.999733627 0.015183791 -0.017384969 5.181305885
-0.017216185 0.009438761 0.999807239 1.337461591 0.011941845 0.999886096 -0.009233871 -0.168545902 -0.999780416 0.011780570 -0.017326938 5.180369854
-0.017114637 0.008084245 0.999820888 1.377268553 0.009558205 0.999922931 -0.007921457 -0.169788763 -0.999807835 0.009420918 -0.017190592 5.180150032
-0.015913993 0.014837519 0.999763250 1.416391730 0.012462277 0.999815226 -0.014639918 -0.171500102 -0.999795675 0.012226346 -0.016095961 5.179185867
-0.015176697 0.025968870 0.999547601 1.469609737 0.014604178 0.999561787 -0.025747500 -0.173211426 -0.999778152 0.014206808 -0.015549300 5.178778172
-0.014888055 0.031432182 0.999395013 1.508606076 0.016895581 0.999370933 -0.031179734 -0.174275115 -0.999746442 0.016421150 -0.015409757 5.178581238
-0.013417653 0.025834361 0.999576211 1.548080921 0.018255005 0.999505877 -0.025587501 -0.175950408 -0.999743342 0.017903937 -0.013882630 5.178264618
-0.012851810 0.017777832 0.999759376 1.601114869 0.020831710 0.999629855 -0.017507734 -0.178398222 -0.999700308 0.020601692 -0.013217391 5.177641392
-0.012678336 0.014982943 0.999807358 1.639951468 0.022240994 0.999644637 -0.014698469 -0.179733142 -0.999672174 0.022050360 -0.013007066 5.177634716
-0.013107968 0.015553113 0.999793172 1.678471088 0.021383073 0.999654830 -0.015270613 -0.181330219 -0.999685287 0.021178484 -0.013436016 5.177927971
-0.014311425 0.016460402 0.999762118 1.729667306 0.017798679 0.999710143 -0.016204761 -0.183033571 -0.999739110 0.017562522 -0.014600253 5.177328587
-0.015016597 0.016429981 0.999752283 1.767934918 0.016706817 0.999729455 -0.016178666 -0.184692681 -0.999747634 0.016459728 -0.015287027 5.176029205
-0.018354468 0.016611133 0.999693513 1.806340218 0.016128927 0.999736667 -0.016315723 -0.185716897 -0.999701321 0.015824517 -0.018617555 5.176744938
-0.020460149 0.016719500 0.999650836 1.855999351 0.013897981 0.999768317 -0.016437003 -0.187772155 -0.999694049 0.013556826 -0.020687768 5.175395966
-0.022862805 0.016974613 0.999594450 1.892922759 0.011745973 0.999791384 -0.016709302 -0.189152658 -0.999669552 0.011359187 -0.023057412 5.175190449
-0.024177749 0.016638413 0.999569178 1.930438519 0.010833315 0.999807119 -0.016380332 -0.190174475 -0.999648929 0.010432607 -0.024353337 5.174070358
-0.026509631 0.014704972 0.999540329 1.978863716 0.010832253 0.999837279 -0.014422051 -0.192572951 -0.999589860 0.010444950 -0.026664600 5.173005104
-0.028589956 0.014615373 0.999484301 2.015524626 0.011637053 0.999830127 -0.014287557 -0.193996742 -0.999523461 0.011222572 -0.028755181 5.172347546
-0.030637939 0.015724968 0.999406815 2.053155899 0.010285989 0.999828279 -0.015416274 -0.195171878 -0.999477625 0.009807564 -0.030794425 5.171903133
-0.031350005 0.015568378 0.999387205 2.099755049 0.010411659 0.999829531 -0.015248663 -0.197003409 -0.999454200 0.009927236 -0.031506751 5.169999599
-0.032782570 0.014841755 0.999352336 2.136747360 0.012494994 0.999817729 -0.014438785 -0.197887585 -0.999384403 0.012013561 -0.032962039 5.169046402
-0.034594424 0.014709796 0.999293089 2.173890591 0.013154678 0.999811828 -0.014262027 -0.198960468 -0.999314785 0.012651995 -0.034781408 5.168119431
-0.036196295 0.013794123 0.999249458 2.218967438 0.010747174 0.999852180 -0.013413142 -0.200727731 -0.999286890 0.010253599 -0.036339197 5.166960716
-0.038196698 0.013846410 0.999174356 2.255189657 0.009642122 0.999862432 -0.013487346 -0.201519325 -0.999223709 0.009118988 -0.038324960 5.166310310
-0.038414001 0.012057274 0.999189079 2.290068388 0.008744761 0.999893010 -0.011729571 -0.202872172 -0.999223650 0.008287093 -0.038515329 5.165122509
-0.038647939 0.011577862 0.999185860 2.331466675 0.008687312 0.999898970 -0.011250103 -0.204540998 -0.999215007 0.008245445 -0.038744610 5.163338661
-0.039612353 0.014103437 0.999115646 2.365177870 0.008710506 0.999867260 -0.013768697 -0.205735236 -0.999176979 0.008157393 -0.039729945 5.162776947
-0.039234370 0.016946711 0.999086261 2.403464079 0.008970669 0.999821901 -0.016606903 -0.207047179 -0.999189734 0.008310912 -0.039379392 5.161233902
-0.039507095 0.019052763 0.999037564 2.436436892 0.007372768 0.999796629 -0.018775674 -0.208138153 -0.999192059 0.006623902 -0.039639521 5.160288811
-0.039244939 0.019574365 0.999037921 2.474182129 0.007903411 0.999782801 -0.019278497 -0.209572911 -0.999198318 0.007139224 -0.039391123 5.158892155
-0.038252532 0.018677590 0.999093533 2.506001472 0.008729446 0.999793351 -0.018356446 -0.210931689 -0.999229968 0.008019353 -0.038407668 5.157153606
-0.039158564 0.018682722 0.999058306 2.543859243 0.008877199 0.999792159 -0.018348500 -0.212370649 -0.999193549 0.008150339 -0.039316274 5.156062603
-0.039148197 0.018418903 0.999063611 2.575740099 0.005289647 0.999819875 -0.018225569 -0.213655680 -0.999219298 0.004571198 -0.039238572 5.155066013
-0.039233148 0.018811278 0.999052942 2.613714457 0.002405558 0.999821663 -0.018731283 -0.215293109 -0.999227107 0.001668393 -0.039271411 5.154216766
-0.039199304 0.017714467 0.999074399 2.645269871 0.004195077 0.999836981 -0.017563393 -0.216322735 -0.999222577 0.003502721 -0.039267235 5.153380871
-0.040515915 0.016732033 0.999038637 2.683295012 0.004545524 0.999852479 -0.016561316 -0.217670962 -0.999168515 0.003870157 -0.040586002 5.152021885
-0.044176467 0.017163185 0.998876214 2.714759588 0.001713327 0.999852180 -0.017104182 -0.218203858 -0.999022245 0.000955799 -0.044199355 5.151199818
-0.049637266 0.016279029 0.998634577 2.746590853 -0.001950678 0.999863684 -0.016396020 -0.219747320 -0.998765409 -0.002761869 -0.049598750 5.150252342
-0.055294331 0.019660015 0.998276532 2.784969807 0.001038359 0.999806702 -0.019632634 -0.221487671 -0.998469412 -0.000049004 -0.055304065 5.148087978
-0.062763050 0.022534497 0.997774065 2.817234516 0.003885481 0.999742925 -0.022334557 -0.222652599 -0.998020768 0.002475047 -0.062834486 5.146546841
-0.069241114 0.024207171 0.997306168 2.853619337 0.002820113 0.999706268 -0.024069637 -0.223778471 -0.997595966 0.001145908 -0.069289044 5.143690586
-0.075404167 0.023103433 0.996885419 2.885557413 -0.001307810 0.999728322 -0.023268245 -0.225156054 -0.997152209 -0.003058260 -0.075353466 5.141403675
-0.080495372 0.022077380 0.996510446 2.922310352 -0.001283162 0.999751508 -0.022252837 -0.226630881 -0.996754110 -0.003069934 -0.080447070 5.138548851
-0.085596822 0.022466570 0.996076524 2.955236435 -0.003356804 0.999733567 -0.022837516 -0.227869436 -0.996324122 -0.005298452 -0.085498609 5.136356354
-0.089533895 0.022383569 0.995732188 2.992855072 -0.005502904 0.999721050 -0.022968039 -0.228931472 -0.995968580 -0.007535837 -0.089385770 5.133449078
-0.091717720 0.019536568 0.995593250 3.026219845 -0.004809191 0.999787092 -0.020061901 -0.229785651 -0.995773435 -0.006628030 -0.091604248 5.130382538
-0.094480515 0.015978821 0.995398462 3.065637350 -0.002938242 0.999862313 -0.016329367 -0.231518462 -0.995522380 -0.004467528 -0.094420560 5.127464294
-0.096240915 0.012836152 0.995275259 3.099838495 -0.003340807 0.999907076 -0.013218935 -0.232789055 -0.995352447 -0.004597225 -0.096189074 5.124634743
-0.097643942 0.012823008 0.995138764 3.139056444 -0.004183576 0.999902785 -0.013294892 -0.233804777 -0.995212615 -0.005461404 -0.097580805 5.121199131
-0.098136954 0.017187163 0.995024383 3.173313141 -0.002076501 0.999845088 -0.017475231 -0.234552801 -0.995170712 -0.003781134 -0.098086052 5.118006706
-0.098346174 0.020520072 0.994940639 3.213633537 0.003675443 0.999788046 -0.020256747 -0.236069083 -0.995145559 0.001664674 -0.098400757 5.113887310
-0.099110961 0.025113750 0.994759440 3.249232531 0.010931754 0.999648690 -0.024148019 -0.237607256 -0.995016277 0.008481130 -0.099350676 5.110409737
-0.100063249 0.026312303 0.994633138 3.289324522 0.011712161 0.999612153 -0.025265744 -0.238962293 -0.994912028 0.009121130 -0.100332640 5.106468678
-0.100688353 0.024086937 0.994626403 3.325049162 0.009782057 0.999682486 -0.023219120 -0.240302920 -0.994869888 0.007391595 -0.100892015 5.103547573
-0.101258695 0.019397136 0.994671047 3.366136551 0.010193892 0.999777615 -0.018458974 -0.241691247 -0.994807899 0.008270435 -0.101433903 5.099677086
-0.101109192 0.016754681 0.994734228 3.401418447 0.011788727 0.999808133 -0.015641883 -0.243206263 -0.994805455 0.010145107 -0.101287313 5.096267223
-0.102456361 0.017079908 0.994590759 3.442021847 0.012472818 0.999796033 -0.015884427 -0.244479090 -0.994659305 0.010777890 -0.102648474 5.091959000
-0.104246065 0.018012421 0.994388342 3.477030754 0.011551456 0.999790430 -0.016899284 -0.245794311 -0.994484484 0.009724949 -0.104432277 5.088640690
-0.106482774 0.018952323 0.994134009 3.516366243 0.010912213 0.999780357 -0.017891148 -0.247066885 -0.994254589 0.008943105 -0.106666215 5.084433556
-0.108660072 0.019644110 0.993884861 3.550819397 0.012650162 0.999751031 -0.018377030 -0.248299524 -0.993998408 0.010575956 -0.108881526 5.081269741
-0.111476652 0.019135725 0.993582726 3.589593410 0.013057899 0.999756396 -0.017789567 -0.250148535 -0.993681252 0.010990981 -0.111699365 5.076586246
-0.113338895 0.018945932 0.993375719 3.624176264 0.013189715 0.999758661 -0.017562792 -0.251279116 -0.993468881 0.011111793 -0.113561429 5.072847366
-0.115091249 0.018520977 0.993182242 3.662394285 0.010415735 0.999793649 -0.017437277 -0.253316879 -0.993300259 0.008337844 -0.115260422 5.067647457
-0.116020136 0.020935822 0.993026137 3.698378563 0.010997073 0.999743700 -0.019792598 -0.253443450 -0.993185937 0.008624041 -0.116220631 5.063875675
-0.117078148 0.021194972 0.992896557 3.733204603 0.009414233 0.999751031 -0.020231206 -0.255056202 -0.993077993 0.006978729 -0.117248550 5.059896469
-0.117964752 0.021324227 0.992788851 3.773746967 0.009839508 0.999745488 -0.020304509 -0.256713003 -0.992968976 0.007373337 -0.118144527 5.053952694
-0.118817501 0.019424483 0.992726088 3.809336185 0.009744661 0.999783278 -0.018396255 -0.257894099 -0.992868185 0.007487982 -0.118981041 5.050050259
-0.119895563 0.016967269 0.992641568 3.848895788 0.007675721 0.999839902 -0.016163200 -0.259430319 -0.992756784 0.005681344 -0.120006599 5.045201778
-0.122267403 0.015614939 0.992374361 3.885787964 0.005319701 0.999872208 -0.015077489 -0.260036796 -0.992482901 0.003435649 -0.122334823 5.041728973
-0.124303885 0.014488139 0.992138445 3.925345421 0.006020991 0.999885917 -0.013846914 -0.261552334 -0.992225826 0.004252431 -0.124376953 5.036643028
-0.125788838 0.015446624 0.991936803 3.961861134 0.006962420 0.999867797 -0.014687216 -0.262513220 -0.992032468 0.005058793 -0.125879750 5.031873226
-0.128155932 0.016693980 0.991613567 3.998045206 0.007054904 0.999848366 -0.015920842 -0.263649106 -0.991728902 0.004955388 -0.128254265 5.027565956
-0.129888132 0.020001380 0.991326869 4.042471886 0.008137666 0.999784350 -0.019105790 -0.265211821 -0.991495311 0.005585471 -0.130022854 5.022462368
-0.130092442 0.024220830 0.991205990 4.079456329 0.010229068 0.999681115 -0.023085397 -0.266327798 -0.991449118 0.007135876 -0.130298719 5.017509937
-0.131301925 0.027549118 0.990959525 4.118048191 0.011070034 0.999592245 -0.026322328 -0.268095911 -0.991280735 0.007513783 -0.131553367 5.012767792
-0.131385714 0.028841138 0.990911663 4.161889553 0.012957034 0.999541283 -0.027374325 -0.269646406 -0.991246521 0.009242683 -0.131699115 5.007319450
-0.130778641 0.029016176 0.990986884 4.200802803 0.016380476 0.999498308 -0.027103698 -0.270729363 -0.991276205 0.012688253 -0.131188303 5.002386093
-0.130653411 0.026253942 0.991080463 4.243136883 0.016918914 0.999562681 -0.024248239 -0.273019105 -0.991283655 0.013599891 -0.131040484 4.996602535
-0.129746899 0.024910608 0.991234124 4.282242775 0.016283438 0.999602914 -0.022989523 -0.274385244 -0.991413295 0.013157885 -0.130101010 4.991702080
-0.128346860 0.022109285 0.991482854 4.325570583 0.015223951 0.999677598 -0.020321293 -0.276296616 -0.991612434 0.012486110 -0.128642112 4.986735821
-0.127486348 0.019141089 0.991655648 4.364823818 0.015051316 0.999735951 -0.017362077 -0.277449369 -0.991726100 0.012712291 -0.127740815 4.982357502
-0.125248894 0.015611121 0.992002487 4.408434391 0.015593251 0.999783635 -0.013764792 -0.279103458 -0.992002785 0.013744520 -0.125465214 4.976718426
-0.123601042 0.015694445 0.992207825 4.447939873 0.013985436 0.999803126 -0.014072395 -0.280357867 -0.992233396 0.012137100 -0.123796232 4.972360611
-0.122106686 0.019607162 0.992323339 4.491303921 0.015214350 0.999724329 -0.017881252 -0.282058418 -0.992400348 0.012914135 -0.122371316 4.967034817
-0.120066576 0.025740653 0.992432117 4.530592918 0.016361998 0.999579310 -0.023946520 -0.283566535 -0.992630959 0.013362993 -0.120437227 4.962227345
-0.118238367 0.029238902 0.992554724 4.569458485 0.014328398 0.999512494 -0.027736994 -0.285111308 -0.992881835 0.010942140 -0.118599698 4.957924843
-0.117180996 0.027015610 0.992742956 4.616259098 0.013085388 0.999585152 -0.025657238 -0.286747485 -0.993024349 0.009983886 -0.117485903 4.953202248
-0.116295256 0.024828685 0.992904246 4.655394554 0.013155406 0.999638319 -0.023456231 -0.288043499 -0.993127525 0.010334211 -0.116579831 4.948831558
-0.115578145 0.023131983 0.993028998 4.696276665 0.013497395 0.999673128 -0.021715796 -0.289785028 -0.993206680 0.010893431 -0.115852602 4.943961620
-0.114774331 0.022667121 0.993132889 4.742708683 0.013825045 0.999679208 -0.021218797 -0.291580975 -0.993295312 0.011294733 -0.115050882 4.938913345
-0.114146255 0.022891037 0.993200123 4.783646107 0.012611494 0.999687314 -0.021591134 -0.293079048 -0.993383765 0.010061190 -0.114399247 4.934414387
-0.113942981 0.021228701 0.993260443 4.823595047 0.014724487 0.999698043 -0.019677149 -0.294101536 -0.993378103 0.012383178 -0.114221148 4.930582047
