0.999994397 -0.002340484 -0.002380778 -0.000662162 0.002334612 0.999994218 -0.002466093 -0.000955743 0.002386536 0.002460521 0.999994159 0.052738018
0.999983549 -0.002923523 -0.004935129 -0.000298553 0.002906637 0.999989927 -0.003425449 -0.001697007 0.004945093 0.003411048 0.999981999 0.077128604
0.999967396 -0.004876044 -0.006442355 -0.000929313 0.004841013 0.999973476 -0.005441900 -0.002087454 0.006468720 0.005410535 0.999964356 0.105598614
0.999927402 -0.007675352 -0.009284677 -0.000123112 0.007605311 0.999942601 -0.007555529 -0.002395567 0.009342136 0.007484368 0.999928415 0.124527588
0.999922752 -0.008264324 -0.009280108 -0.001622221 0.008189250 0.999933600 -0.008098806 -0.003308417 0.009346426 0.008022183 0.999924064 0.158869192
0.999910831 -0.008163930 -0.010564400 -0.002266434 0.008082651 0.999937594 -0.007713720 -0.003706671 0.010626715 0.007627644 0.999914348 0.186103061
0.999893069 -0.008635013 -0.011795193 -0.002645736 0.008541135 0.999931633 -0.007986277 -0.004529350 0.011863347 0.007884680 0.999898553 0.213784546
0.999886394 -0.008058226 -0.012732839 -0.003337868 0.007924194 0.999912977 -0.010541994 -0.005408802 0.012816678 0.010439898 0.999863267 0.241702378
0.999875903 -0.006530108 -0.014333565 -0.003614919 0.006323606 0.999876142 -0.014405300 -0.005980493 0.014425855 0.014312871 0.999793530 0.266744763
0.999871433 -0.005212343 -0.015161397 -0.004784578 0.004938076 0.999824464 -0.018071253 -0.006768948 0.015252934 0.017994063 0.999721766 0.298338711
0.999855101 -0.003363835 -0.016685519 -0.005308483 0.003062045 0.999831736 -0.018079646 -0.007273736 0.016743530 0.018025933 0.999697387 0.324599057
0.999848902 -0.000851184 -0.017364744 -0.006570283 0.000652621 0.999934256 -0.011437302 -0.007767669 0.017373338 0.011424240 0.999783874 0.358298272
0.999838829 -0.000328407 -0.017957883 -0.007363670 0.000318950 0.999999702 -0.000529505 -0.008502216 0.017958054 0.000523689 0.999838650 0.385738194
0.999819160 0.000607206 -0.019005038 -0.008320422 -0.000501717 0.999984384 0.005554847 -0.008730743 0.019008113 -0.005544308 0.999803901 0.421766639
0.999803066 0.003298771 -0.019565320 -0.009581353 -0.003211078 0.999984682 0.004511770 -0.009316951 0.019579900 -0.004448057 0.999798417 0.449590564
0.999777496 0.005116755 -0.020467985 -0.010688310 -0.005167728 0.999983668 -0.002438293 -0.009830569 0.020455176 0.002543523 0.999787509 0.486087322
0.999748230 0.005261055 -0.021812716 -0.011424451 -0.005438689 0.999952376 -0.008092315 -0.010152778 0.021769105 0.008208909 0.999729335 0.515535176
0.999734759 0.002337755 -0.022913007 -0.012339336 -0.002493560 0.999973953 -0.006773626 -0.010120235 0.022896567 0.006828961 0.999714553 0.553883910
0.999735117 0.001681440 -0.022954218 -0.013392976 -0.001627959 0.999995947 0.002348395 -0.010406530 0.022958068 -0.002310404 0.999733746 0.585657001
0.999718189 0.001160830 -0.023708813 -0.014317180 -0.000931623 0.999952674 0.009676320 -0.010709034 0.023718927 -0.009651507 0.999672055 0.626031339
0.999705076 0.000138478 -0.024284109 -0.015218151 0.000157177 0.999925852 0.012172498 -0.010769160 0.024284000 -0.012172728 0.999630988 0.658714831
0.999702632 -0.000626221 -0.024376292 -0.015554338 0.000886348 0.999942720 0.010661953 -0.010747286 0.024368223 -0.010680391 0.999646008 0.691513002
0.999718130 -0.002178544 -0.023642307 -0.017561873 0.002382536 0.999960244 0.008603497 -0.010864986 0.023622625 -0.008657403 0.999683440 0.739112914
0.999741495 0.000997584 -0.022715341 -0.018819707 -0.000883203 0.999986887 0.005044900 -0.010839161 0.022720078 -0.005023534 0.999729335 0.774071455
0.999764562 -0.001901252 -0.021610837 -0.020058336 0.001889115 0.999998033 -0.000581985 -0.011213096 0.021611899 0.000541022 0.999766350 0.810100734
0.999760509 -0.005358796 -0.021219086 -0.020583158 0.005220218 0.999964654 -0.006580827 -0.011690081 0.021253599 0.006468482 0.999753237 0.859196961
0.999795735 -0.004293959 -0.019753350 -0.021776466 0.004042886 0.999910653 -0.012732901 -0.011814510 0.019806255 0.012650440 0.999723792 0.896019459
0.999785721 -0.002573158 -0.020540940 -0.022460595 0.002310912 0.999915600 -0.012780527 -0.013014931 0.020572089 0.012730321 0.999707401 0.933713496
0.999788046 -0.002785705 -0.020398237 -0.023899015 0.002533557 0.999920189 -0.012376648 -0.013902175 0.020431086 0.012322347 0.999715328 0.987021148
0.999802709 -0.000852415 -0.019844782 -0.025387367 0.000586435 0.999909937 -0.013404950 -0.015016618 0.019854419 0.013390666 0.999713242 1.025993466
0.999797344 0.002388324 -0.019989744 -0.026698779 -0.002689081 0.999883354 -0.015032273 -0.016300224 0.019951517 0.015082980 0.999687135 1.065588951
0.999787211 0.005326562 -0.019931497 -0.027884029 -0.005655425 0.999848187 -0.016479895 -0.017345589 0.019840695 0.016589105 0.999665499 1.120158911
0.999784589 0.007296984 -0.019431883 -0.029516062 -0.007616123 0.999836504 -0.016400438 -0.018537372 0.019309038 0.016544899 0.999676645 1.160381675
0.999772131 0.008346188 -0.019648343 -0.030516513 -0.008663028 0.999832928 -0.016096158 -0.020044668 0.019510720 0.016262699 0.999677420 1.201289535
0.999760747 0.007830385 -0.020420659 -0.031272646 -0.008163686 0.999833882 -0.016289800 -0.021575985 0.020289710 0.016452614 0.999658763 1.258302331
0.999743760 0.008449977 -0.020995572 -0.032448821 -0.008771143 0.999845088 -0.015252115 -0.022652937 0.020863442 0.015432364 0.999663234 1.299612999
0.999721527 0.009335440 -0.021669263 -0.033120800 -0.009619837 0.999868393 -0.013057568 -0.023796791 0.021544518 0.013262389 0.999679923 1.340925694
0.999723315 0.009838298 -0.021365605 -0.035031199 -0.010097564 0.999876261 -0.012061061 -0.025581788 0.021244299 0.012273463 0.999698997 1.400239229
0.999709249 0.010442737 -0.021735488 -0.035922125 -0.010725079 0.999859035 -0.012914175 -0.026878079 0.021597562 0.013143536 0.999680400 1.442407489
0.999692619 0.011169851 -0.022135967 -0.036766466 -0.011486758 0.999832571 -0.014241420 -0.027733561 0.021973182 0.014491312 0.999653518 1.485328317
0.999695659 0.010668168 -0.022243606 -0.038688760 -0.010958421 0.999855757 -0.012968152 -0.029674515 0.022102064 0.013207960 0.999668479 1.545924187
0.999677837 0.010290317 -0.023202818 -0.039565738 -0.010544414 0.999885380 -0.010855584 -0.030543035 0.023088461 0.011096748 0.999671876 1.589325309
0.999676108 0.010498598 -0.023183029 -0.040850423 -0.010670687 0.999916255 -0.007311920 -0.031428404 0.023104329 0.007556931 0.999704540 1.633015037
0.999663055 0.010174935 -0.023883047 -0.042621732 -0.010287134 0.999936461 -0.004579753 -0.032863609 0.023834933 0.004823897 0.999704301 1.694109917
0.999655187 0.008855806 -0.024722818 -0.043288451 -0.008949367 0.999953091 -0.003676337 -0.034179352 0.024689103 0.003896323 0.999687612 1.738234878
0.999649763 0.008511627 -0.025061816 -0.044629313 -0.008658580 0.999945760 -0.005760868 -0.034527030 0.025011424 0.005975850 0.999669313 1.783335090
0.999627471 0.010178554 -0.025325388 -0.047462970 -0.010338831 0.999927282 -0.006205759 -0.035767101 0.025260381 0.006465281 0.999660015 1.844942927
0.999604642 0.010250283 -0.026184238 -0.048551820 -0.010386695 0.999933064 -0.005078963 -0.036556114 0.026130430 0.005348923 0.999644220 1.890015006
0.999604285 0.010470558 -0.026112923 -0.051026113 -0.010574272 0.999936700 -0.003836729 -0.037054695 0.026071100 0.004111336 0.999651670 1.934224606
0.999579310 0.010225778 -0.027141239 -0.052436881 -0.010248385 0.999947131 -0.000694014 -0.038735308 0.027132712 0.000971876 0.999631345 1.997100115
0.999554992 0.011922506 -0.027345102 -0.054113928 -0.011959280 0.999927700 -0.001181645 -0.039353505 0.027329041 0.001508147 0.999625325 2.041786671
0.999511302 0.013232572 -0.028320502 -0.055379916 -0.013365495 0.999900460 -0.004509319 -0.040645968 0.028258024 0.004885633 0.999588668 2.085927725
0.999507129 0.014037087 -0.028082924 -0.057492796 -0.014285103 0.999860525 -0.008650579 -0.041726850 0.027957574 0.009047481 0.999568164 2.148831367
0.999514699 0.013967874 -0.027844086 -0.059179988 -0.014209355 0.999862909 -0.008493760 -0.043174792 0.027721630 0.008885283 0.999576151 2.193547487
0.999509275 0.015020109 -0.027488764 -0.060999308 -0.015193925 0.999865770 -0.006125205 -0.043976024 0.027393071 0.006539860 0.999603391 2.238715649
0.999512732 0.014888175 -0.027433749 -0.063186094 -0.014998518 0.999880135 -0.003820828 -0.045785025 0.027373586 0.004230432 0.999616265 2.302383423
0.999554276 0.013206354 -0.026773291 -0.065265112 -0.013282103 0.999908209 -0.002653487 -0.046681065 0.026735803 0.003007910 0.999637961 2.347446203
0.999536932 0.013184326 -0.027425116 -0.065729074 -0.013282410 0.999905944 -0.003397363 -0.047673844 0.027377758 0.003760061 0.999618113 2.391232729
0.999558151 0.012139811 -0.027131788 -0.067565940 -0.012291271 0.999909759 -0.005422635 -0.048628941 0.027063504 0.005753724 0.999617279 2.454833031
0.999575198 0.012309310 -0.026416751 -0.069021195 -0.012513684 0.999892890 -0.007585234 -0.049805187 0.026320543 0.007912583 0.999622285 2.498882055
0.999582291 0.011169893 -0.026661102 -0.070667803 -0.011436129 0.999885976 -0.009854476 -0.051333651 0.026547996 0.010155257 0.999596000 2.555917978
0.999606609 0.009085263 -0.026540605 -0.071985818 -0.009441750 0.999866426 -0.013337434 -0.052470058 0.026415890 0.013582775 0.999558866 2.600480556
0.999620736 0.007369722 -0.026536774 -0.072839558 -0.007774021 0.999854743 -0.015164683 -0.053873390 0.026421161 0.015365229 0.999532878 2.644600153
0.999641955 0.006290455 -0.026007000 -0.075124629 -0.006615146 0.999900937 -0.012417638 -0.056051265 0.025926312 0.012585233 0.999584615 2.709242821
0.999651551 0.003736563 -0.026133239 -0.076380499 -0.003910318 0.999970496 -0.006600864 -0.056927525 0.026107807 0.006700750 0.999636710 2.754612684
0.999664307 0.003718721 -0.025640834 -0.078033164 -0.003740520 0.999992669 -0.000802251 -0.058357213 0.025637658 0.000897891 0.999670923 2.811346531
0.999674499 0.001796572 -0.025452370 -0.079285994 -0.001807662 0.999998271 -0.000412721 -0.059056915 0.025451584 0.000458596 0.999675989 2.856545210
0.999671578 -0.001138782 -0.025603978 -0.080277927 0.001052415 0.999993801 -0.003386435 -0.059911076 0.025607672 0.003358377 0.999666452 2.901500940
0.999679685 -0.002677715 -0.025166081 -0.082700275 0.002526704 0.999978602 -0.006030449 -0.061728954 0.025181687 0.005964929 0.999665082 2.964719296
0.999685407 0.000038160 -0.025083374 -0.084011048 -0.000292968 0.999948442 -0.010154823 -0.062989041 0.025081689 0.010158977 0.999633729 3.009192705
0.999697924 0.000075327 -0.024579572 -0.085778482 -0.000427526 0.999897301 -0.014324018 -0.064290315 0.024575969 0.014330199 0.999595165 3.053867340
0.999699891 0.002643694 -0.024357812 -0.087465338 -0.003009907 0.999882758 -0.015010344 -0.065676913 0.024315275 0.015079152 0.999590576 3.117242098
0.999705315 0.006808481 -0.023302376 -0.089146100 -0.007081048 0.999907196 -0.011634570 -0.066764593 0.023220997 0.011796145 0.999660790 3.162588596
0.999686956 0.008192258 -0.023642348 -0.089885503 -0.008423630 0.999917328 -0.009703456 -0.067893460 0.023560900 0.009899573 0.999673367 3.206601381
0.999693990 0.008103748 -0.023374282 -0.092235148 -0.008307707 0.999928117 -0.008641950 -0.069808707 0.023302574 0.008833492 0.999689400 3.269694567
0.999714971 0.005825929 -0.023153504 -0.093466192 -0.005990068 0.999957323 -0.007026123 -0.071203180 0.023111584 0.007162809 0.999707282 3.314379692
0.999689221 0.006754212 -0.024000796 -0.094123557 -0.006907637 0.999956191 -0.006315298 -0.072187155 0.023957092 0.006479124 0.999692082 3.358222723
0.999711275 0.003629554 -0.023755416 -0.096984088 -0.003732130 0.999983847 -0.004275110 -0.073756367 0.023739517 0.004362533 0.999708652 3.423271656
0.999700546 0.002083924 -0.024385504 -0.098350346 -0.002141003 0.999994993 -0.002314817 -0.074894138 0.024380561 0.002366332 0.999699891 3.467551947
0.999703586 0.001159349 -0.024322303 -0.100086302 -0.001240423 0.999993682 -0.003318517 -0.076384343 0.024318302 0.003347702 0.999698639 3.513150692
0.999680996 0.001899253 -0.025186708 -0.101636939 -0.002088234 0.999969840 -0.007479002 -0.077532366 0.025171744 0.007529210 0.999654830 3.574757814
0.999653399 0.002910533 -0.026166668 -0.103075132 -0.003168442 0.999946773 -0.009820347 -0.078533560 0.026136696 0.009899851 0.999609411 3.619697094
0.999633193 0.004263800 -0.026751028 -0.104475483 -0.004476398 0.999958754 -0.007892416 -0.079944760 0.026716277 0.008009267 0.999610960 3.674769163
0.999611616 0.005665526 -0.027286284 -0.105917513 -0.005763400 0.999977171 -0.003509614 -0.081154972 0.027265778 0.003665512 0.999621511 3.719826460
0.999586284 0.006530674 -0.028010165 -0.107804008 -0.006520682 0.999978602 0.000448038 -0.082396679 0.028012490 -0.000265208 0.999607503 3.774631500
0.999571085 0.008432966 -0.028042680 -0.109922446 -0.008400816 0.999963820 0.001264085 -0.083391875 0.028052323 -0.001027962 0.999605894 3.819581509
0.999552965 0.007272415 -0.028999705 -0.111268900 -0.007305131 0.999972761 -0.001022328 -0.084349602 0.028991479 0.001233718 0.999578893 3.873651266
0.999539435 0.007551596 -0.029390927 -0.113081217 -0.007607138 0.999969423 -0.001778347 -0.085142560 0.029376594 0.002001109 0.999566436 3.918492556
0.999531150 0.006774657 -0.029860372 -0.114772797 -0.006836303 0.999974608 -0.001962862 -0.086318105 0.029846312 0.002166075 0.999552131 3.971346855
0.999527693 0.005281742 -0.030272475 -0.116598792 -0.005320102 0.999984980 -0.001186725 -0.087551892 0.030265747 0.001347216 0.999540985 4.013255119
0.999499261 0.004716333 -0.031287100 -0.117888384 -0.004728896 0.999988735 -0.000327541 -0.088430829 0.031285200 0.000475330 0.999510348 4.067139626
0.999480784 0.004343821 -0.031923983 -0.119298816 -0.004263041 0.999987543 0.002597992 -0.089487106 0.031934869 -0.002460550 0.999486923 4.108091831
0.999463022 0.003794190 -0.032547008 -0.121822588 -0.003683820 0.999987245 0.003450411 -0.090516128 0.032559685 -0.003328662 0.999464273 4.159142971
0.999391377 0.002763425 -0.034774482 -0.123234123 -0.002634894 0.999989450 0.003741431 -0.091336124 0.034784455 -0.003647528 0.999388218 4.198853016
0.999276996 0.001919975 -0.037970144 -0.125385284 -0.001817031 0.999994516 0.002745505 -0.092432432 0.037975214 -0.002674527 0.999275088 4.247136593
0.999146402 0.001156637 -0.041292720 -0.127380177 -0.001065050 0.999996841 0.002239923 -0.093340419 0.041295186 -0.002194032 0.999144554 4.284656525
0.999015510 0.002080040 -0.044313062 -0.129627973 -0.001987269 0.999995828 0.002137474 -0.094138063 0.044317324 -0.002047307 0.999015391 4.331282139
0.998880863 0.002674779 -0.047220144 -0.131968111 -0.002502077 0.999989986 0.003716101 -0.095279187 0.047229610 -0.003593793 0.998877645 4.366965294
0.998719752 0.003830194 -0.050437812 -0.134301513 -0.003615627 0.999984026 0.004344658 -0.095871843 0.050453637 -0.004156732 0.998717725 4.410833836
0.998551190 0.004881747 -0.053584930 -0.136290848 -0.004576238 0.999972582 0.005822627 -0.096541449 0.053611882 -0.005568974 0.998546302 4.444114685
0.998406649 0.006583458 -0.056042220 -0.138903618 -0.006225576 0.999959052 0.006558127 -0.097242117 0.056083102 -0.006198785 0.998406827 4.485793591
0.998231351 0.008307477 -0.058864661 -0.140886471 -0.007885098 0.999941409 0.007404062 -0.098108016 0.058922715 -0.006926816 0.998238504 4.516913891
0.998072028 0.010814120 -0.061117399 -0.143540069 -0.010489418 0.999929070 0.005631092 -0.098430105 0.061173968 -0.004979150 0.998114705 4.547069550
0.997898519 0.011771973 -0.063717656 -0.146477804 -0.011670240 0.999929905 0.001968566 -0.099295296 0.063736394 -0.001220829 0.997965991 4.587671280
0.997699916 0.014569826 -0.066200875 -0.148618236 -0.014681238 0.999891520 -0.001196754 -0.100291237 0.066176265 0.002165911 0.997805595 4.614625454
0.997530937 0.015993306 -0.068382636 -0.150831312 -0.016306370 0.999858916 -0.004022374 -0.100823969 0.068308651 0.005127514 0.997651100 4.641231060
0.997434497 0.017900992 -0.069311105 -0.153645694 -0.018286405 0.999820650 -0.004930073 -0.101780720 0.069210432 0.006184876 0.997582853 4.676708221
0.997484505 0.019999469 -0.068004377 -0.156048566 -0.020347137 0.999783278 -0.004423542 -0.102516241 0.067901149 0.005796110 0.997675180 4.700601101
0.997607529 0.024311975 -0.064716212 -0.158258617 -0.024542060 0.999695063 -0.002762544 -0.103190884 0.064629316 0.004344204 0.997899890 4.723854065
0.997869670 0.026771946 -0.059493918 -0.159250915 -0.026894739 0.999637425 -0.001263975 -0.103942119 0.059438508 0.002861355 0.998227894 4.745729446
0.998249173 0.027624471 -0.052301444 -0.161331773 -0.027636450 0.999617815 0.000494316 -0.104571655 0.052295115 0.000951976 0.998631239 4.779457569
0.998694897 0.027753836 -0.042877629 -0.161739171 -0.027642753 0.999612749 0.003181657 -0.105192944 0.042949338 -0.001992248 0.999075294 4.799878120
0.999194086 0.027114745 -0.029594384 -0.162183538 -0.027000964 0.999626458 0.004237507 -0.105346069 0.029698215 -0.003435014 0.999553025 4.807563305
0.999502420 0.026159193 -0.017621705 -0.162391201 -0.026086861 0.999650300 0.004322116 -0.106201716 0.017728608 -0.003860271 0.999835312 4.845777512
0.999657035 0.026114846 -0.001929862 -0.162370116 -0.026108610 0.999653995 0.003189862 -0.106486581 0.002012497 -0.003138382 0.999992967 4.863559246
0.999565005 0.024819989 0.015930688 -0.161314026 -0.024830790 0.999691546 0.000480519 -0.107154407 -0.015913848 -0.000875882 0.999872983 4.881149292
0.998994410 0.024562199 0.037505694 -0.160320729 -0.024417117 0.999692559 -0.004321448 -0.107493922 -0.037600301 0.003401321 0.999286950 4.898257732
0.997903466 0.022334043 0.060743637 -0.157241553 -0.021824082 0.999720871 -0.009045877 -0.108259350 -0.060928721 0.007701237 0.998112381 4.923718452
0.995925963 0.020062467 0.087914079 -0.154784590 -0.019123435 0.999750793 -0.011510610 -0.108879432 -0.088123120 0.009782498 0.996061563 4.940037251
0.992835701 0.017521663 0.118195847 -0.152250826 -0.016073827 0.999783754 -0.013191691 -0.109142870 -0.118401431 0.011197322 0.992902637 4.955620766
0.988510132 0.015148692 0.150393039 -0.148308039 -0.013094679 0.999807119 -0.014638581 -0.109919146 -0.150585830 0.012501039 0.988517940 4.971813679
0.982380569 0.012927437 0.186443672 -0.143340230 -0.010040129 0.999814808 -0.016422177 -0.110555328 -0.186621428 0.014260912 0.982328355 4.994355202
0.974353254 0.009884514 0.224806696 -0.138556600 -0.006190361 0.999834061 -0.017131492 -0.110993288 -0.224938720 0.015300490 0.974252820 5.009300709
0.964154840 0.007718397 0.265227854 -0.133715153 -0.003176440 0.999840915 -0.017549401 -0.111796029 -0.265321106 0.016077859 0.964026093 5.023311615
0.951522052 0.008749616 0.307456195 -0.126298428 -0.003061135 0.999815226 -0.018979160 -0.112526402 -0.307565421 0.017117925 0.951372921 5.043048382
0.935908437 0.010742945 0.352079779 -0.120536804 -0.004363183 0.999811709 -0.018908730 -0.113335036 -0.352216601 0.016160652 0.935778916 5.056027889
0.917949319 0.011281128 0.396537364 -0.113581896 -0.004635708 0.999832392 -0.017713066 -0.113775589 -0.396670699 0.014421464 0.917847753 5.069182396
0.897287250 0.010311915 0.441326886 -0.105893135 -0.003053482 0.999848247 -0.017153952 -0.114006788 -0.441436768 0.014044437 0.897182465 5.082279205
0.874140024 0.009101721 0.485588998 -0.094052792 -0.000697255 0.999846816 -0.017485630 -0.114988990 -0.485673755 0.014946305 0.874012291 5.100433826
0.848963678 0.010083160 0.528355181 -0.085051775 0.000405872 0.999805093 -0.019732498 -0.115606271 -0.528451085 0.016966617 0.848794043 5.111784935
0.821024597 0.012538729 0.570755243 -0.075823545 0.000674197 0.999736786 -0.022932708 -0.116357684 -0.570892453 0.019213116 0.820800066 5.122808933
0.789573848 0.016618468 0.613430619 -0.066148281 -0.000238504 0.999641418 -0.026774332 -0.117199294 -0.613655508 0.020994008 0.789294660 5.134244442
0.756220818 0.022396013 0.653933167 -0.050618410 -0.002673692 0.999511421 -0.031139536 -0.117896423 -0.654311001 0.021799948 0.755911410 5.149780273
0.718333483 0.027078424 0.695171714 -0.039232254 -0.004280552 0.999395192 -0.034505408 -0.118130989 -0.695685744 0.021810671 0.718015134 5.160403252
0.679101050 0.027702713 0.733521819 -0.026783943 -0.003190438 0.999389529 -0.034789927 -0.119084015 -0.734037817 0.021285625 0.678774953 5.169644833
0.638311863 0.025027975 0.769370973 -0.009198904 0.000683946 0.999452412 -0.033080067 -0.120074719 -0.769777596 0.021641606 0.637945175 5.181321144
0.594289660 0.023350623 0.803912163 0.004486084 0.002196037 0.999527574 -0.030655930 -0.120327607 -0.804248214 0.019983919 0.593957484 5.189300060
0.547534108 0.021581603 0.836504936 0.022022486 0.002908124 0.999612153 -0.027693234 -0.121238030 -0.836778283 0.017595654 0.547259033 5.198994160
0.499685317 0.018681562 0.866005540 0.037121534 0.004942447 0.999689579 -0.024417203 -0.121785663 -0.866192877 0.016481109 0.499437988 5.205754757
0.448478162 0.015252795 0.893663645 0.056142092 0.006757522 0.999768019 -0.020454962 -0.122700751 -0.893768311 0.015212560 0.448271006 5.213652611
0.396334767 0.015503068 0.917975187 0.071955800 0.003891456 0.999820113 -0.018565420 -0.123380646 -0.918097913 0.010930384 0.396203101 5.219151497
0.345315158 0.020242851 0.938268542 0.092605114 0.000808409 0.999760449 -0.021867048 -0.124198094 -0.938486457 0.008309527 0.345216155 5.225351810
0.294697732 0.025938489 0.955238461 0.109966159 0.000628378 0.999625981 -0.027337648 -0.124342188 -0.955590427 0.008656594 0.294571280 5.229424477
0.248043612 0.027427610 0.968360543 0.132078648 0.002008624 0.999582410 -0.028826438 -0.125351548 -0.968746841 0.009095286 0.247884884 5.233390808
0.207095131 0.027928231 0.977922142 0.150417805 0.008544147 0.999502718 -0.030353947 -0.125859067 -0.978283584 0.014641665 0.206753492 5.235436440
0.171897367 0.027055435 0.984743178 0.175281048 0.017416984 0.999383032 -0.030497976 -0.126891702 -0.984960794 0.022393784 0.171320125 5.238038063
0.140926063 0.028326370 0.989614725 0.195310950 0.021374024 0.999270558 -0.031646516 -0.127515122 -0.989789367 0.025611877 0.140217811 5.240114689
0.113279045 0.026746407 0.993203163 0.221677780 0.019429781 0.999386787 -0.029128980 -0.128608420 -0.993373215 0.022597427 0.112689920 5.242124557
0.087512851 0.022826917 0.995901823 0.243834436 0.013284377 0.999621809 -0.024079513 -0.129448995 -0.996074796 0.015337205 0.087176502 5.244200706
0.063873410 0.019261396 0.997772038 0.272294968 0.008000467 0.999771714 -0.019812154 -0.130172402 -0.997925937 0.009248113 0.063704729 5.245622158
0.041414537 0.016096352 0.999012411 0.296229124 0.013050917 0.999776244 -0.016649690 -0.131224871 -0.999056756 0.013727567 0.041195199 5.245878696
0.021266073 0.017429579 0.999621868 0.326568067 0.020596374 0.999628067 -0.017867858 -0.132068038 -0.999561667 0.020968568 0.020899178 5.245244026
0.002892263 0.019765232 0.999800503 0.351838231 0.025150189 0.999486864 -0.019831790 -0.133117437 -0.999679387 0.025202533 0.002393676 5.245190620
-0.010856829 0.025436714 0.999617457 0.384461462 0.025499348 0.999358237 -0.025153175 -0.133553758 -0.999615908 0.025216507 -0.011498482 5.244212627
-0.021822017 0.029876474 0.999315262 0.413100958 0.022950312 0.999304891 -0.029374994 -0.134375736 -0.999498367 0.022293577 -0.022492521 5.244292259
-0.028133277 0.029504085 0.999168634 0.446386695 0.024998540 0.999272466 -0.028803270 -0.135532901 -0.999291480 0.024167428 -0.028850367 5.242485523
-0.030719142 0.026737900 0.999170363 0.476452887 0.030926885 0.999188900 -0.025787560 -0.136401787 -0.999049366 0.030109057 -0.031521149 5.241370201
-0.030095749 0.024685878 0.999242187 0.512548745 0.032278471 0.999197543 -0.023712592 -0.137850314 -0.999025643 0.031540364 -0.030868422 5.239905834
-0.028187249 0.024674309 0.999298096 0.544310093 0.031798452 0.999211431 -0.023775226 -0.138419077 -0.999096692 0.031105977 -0.028949631 5.239469528
-0.027005458 0.024586037 0.999332905 0.575448692 0.027975919 0.999324501 -0.023829823 -0.139791816 -0.999243796 0.027313722 -0.027675031 5.239291191
-0.025451168 0.026247999 0.999331355 0.619316161 0.026740702 0.999315441 -0.025566539 -0.140865177 -0.999318361 0.026072130 -0.026135633 5.238121033
-0.024738003 0.027268663 0.999321938 0.651371539 0.026430126 0.999296427 -0.026613688 -0.141853720 -0.999344528 0.025753837 -0.025441308 5.237258911
-0.023757732 0.026312966 0.999371350 0.685547829 0.025881398 0.999334753 -0.025696725 -0.143635556 -0.999382675 0.025254635 -0.024422940 5.236427784
-0.023210775 0.025419150 0.999407351 0.733662307 0.024721811 0.999385536 -0.024844438 -0.144728914 -0.999424875 0.024130503 -0.023824917 5.236073017
-0.022805972 0.024111725 0.999449134 0.768448234 0.025035489 0.999409318 -0.023539489 -0.146069795 -0.999426425 0.024484854 -0.023396149 5.234991550
-0.023117727 0.021779267 0.999495447 0.804497719 0.025685476 0.999445498 -0.021184087 -0.147275165 -0.999402702 0.025182787 -0.023664314 5.234307766
-0.024322543 0.019731745 0.999509454 0.852426410 0.023708573 0.999535322 -0.019155325 -0.149369493 -0.999422967 0.023231037 -0.024779059 5.233582497
-0.025371902 0.018866654 0.999499917 0.888869405 0.022749111 0.999573767 -0.018290572 -0.150109828 -0.999419212 0.022273673 -0.025790291 5.232477665
-0.026669992 0.015979940 0.999516547 0.926588178 0.025186604 0.999565482 -0.015308675 -0.151682585 -0.999326825 0.024766145 -0.027060889 5.231497765
-0.027891079 0.015268034 0.999494255 0.976351619 0.026067529 0.999554276 -0.014541532 -0.152315453 -0.999270976 0.025648767 -0.028276652 5.230630398
-0.029778371 0.014076598 0.999457359 1.014051676 0.022947313 0.999646783 -0.013395563 -0.153772458 -0.999293149 0.022535963 -0.030090878 5.229889393
-0.030824896 0.018799929 0.999347866 1.051006436 0.020579945 0.999623001 -0.018170316 -0.154983744 -0.999312878 0.020006429 -0.031200176 5.229116917
-0.031630971 0.023665022 0.999219477 1.102504849 0.022062114 0.999492645 -0.022973098 -0.156283006 -0.999256015 0.021318235 -0.032137025 5.227933407
-0.032768525 0.025696341 0.999132633 1.140958667 0.022010177 0.999445617 -0.024982523 -0.157446712 -0.999220550 0.021172447 -0.033315942 5.226779938
-0.034269933 0.023143623 0.999144673 1.179242015 0.018296393 0.999578834 -0.022526126 -0.158871189 -0.999245048 0.017508779 -0.034678943 5.225517273
-0.035651740 0.019268800 0.999178529 1.231659055 0.015901428 0.999698400 -0.018711450 -0.160401225 -0.999237657 0.015221270 -0.035947394 5.224841118
-0.035931412 0.013766259 0.999259412 1.271132827 0.014684217 0.999804437 -0.013245752 -0.161833853 -0.999246240 0.014197404 -0.036126532 5.223373413
-0.036986139 0.007976745 0.999283969 1.310621858 0.010140586 0.999919653 -0.007606494 -0.163219854 -0.999264240 0.009851990 -0.037064049 5.222971439
-0.036051013 0.006759190 0.999327004 1.361870885 0.007845971 0.999948263 -0.006480345 -0.164578035 -0.999319136 0.007607068 -0.036102176 5.221251011
-0.035280190 0.014253831 0.999275744 1.400355458 0.010821218 0.999845147 -0.013879900 -0.165680438 -0.999318898 0.010323697 -0.035428979 5.219722271
-0.034045424 0.025742058 0.999088645 1.438601017 0.013570318 0.999587953 -0.025292495 -0.166604757 -0.999328136 0.012696858 -0.034380727 5.218506813
-0.033838395 0.030656097 0.998957098 1.488748908 0.015170207 0.999429941 -0.030156737 -0.168245912 -0.999312103 0.014133929 -0.034284171 5.217504978
-0.033048201 0.025473092 0.999129117 1.527804375 0.016403785 0.999554157 -0.024941340 -0.169529676 -0.999319077 0.015565233 -0.033451322 5.216367722
-0.031825494 0.017543148 0.999339640 1.565891266 0.019943601 0.999657929 -0.016913604 -0.171287894 -0.999294400 0.019392142 -0.032164488 5.215206146
-0.031294197 0.014041035 0.999411643 1.605844855 0.021311922 0.999683261 -0.013377525 -0.173295796 -0.999282956 0.020880740 -0.031583533 5.213947773
-0.032218777 0.014833898 0.999370754 1.657697916 0.019369967 0.999711275 -0.014214484 -0.174759686 -0.999293149 0.018899810 -0.032496806 5.213285446
-0.033653401 0.016342731 0.999299884 1.696177125 0.015665011 0.999751985 -0.015822574 -0.175558031 -0.999310732 0.015121562 -0.033901066 5.212746143
-0.035462346 0.016354192 0.999237120 1.734733701 0.013293472 0.999785304 -0.015891382 -0.176928133 -0.999282658 0.012719789 -0.035672132 5.211419582
-0.036775019 0.015849695 0.999197841 1.773487687 0.013206845 0.999794543 -0.015373088 -0.178749561 -0.999236345 0.012630906 -0.036976788 5.209430695
-0.039010275 0.016603606 0.999100864 1.822111607 0.012869515 0.999787331 -0.016112518 -0.180201232 -0.999155939 0.012229385 -0.039215650 5.208421707
-0.041171785 0.016755393 0.999011517 1.859438300 0.011597335 0.999799967 -0.016290657 -0.181629598 -0.999084830 0.010915155 -0.041357856 5.207223415
-0.043599669 0.016609307 0.998911023 1.897493124 0.008404633 0.999832392 -0.016257789 -0.182181463 -0.999013662 0.007686646 -0.043731961 5.206236839
-0.045577180 0.015031309 0.998847783 1.942572594 0.009529545 0.999847770 -0.014611525 -0.184169993 -0.998915315 0.008852613 -0.045713492 5.204179764
-0.047834519 0.014888892 0.998744369 1.979396939 0.008633989 0.999857664 -0.014491968 -0.185613453 -0.998817921 0.007929931 -0.047956262 5.202959538
-0.049366359 0.016642278 0.998642087 2.015659332 0.008055826 0.999835193 -0.016263934 -0.186301559 -0.998748243 0.007241995 -0.049492292 5.200936317
-0.051112637 0.016243607 0.998560786 2.060116768 0.009156731 0.999833286 -0.015795609 -0.188098133 -0.998650849 0.008336196 -0.051252857 5.199734688
-0.051284980 0.015030809 0.998570919 2.095291615 0.011873916 0.999825299 -0.014439863 -0.189401299 -0.998613417 0.011116400 -0.051454492 5.197273731
-0.052516013 0.014452783 0.998515487 2.131277561 0.011348777 0.999839306 -0.013875068 -0.190334052 -0.998555601 0.010603265 -0.052671604 5.195057392
-0.054609593 0.014035889 0.998409092 2.173815250 0.010285314 0.999855995 -0.013493656 -0.192025930 -0.998454809 0.009532069 -0.054746088 5.193791389
-0.055344798 0.013534292 0.998375595 2.208114862 0.008373067 0.999879181 -0.013090516 -0.192902401 -0.998432100 0.007634975 -0.055451445 5.192015648
-0.056869492 0.012364866 0.998305023 2.243193865 0.007956254 0.999897122 -0.011931349 -0.194097668 -0.998349965 0.007264238 -0.056962021 5.190624714
-0.057992283 0.011619060 0.998249412 2.282791853 0.007723968 0.999907434 -0.011189643 -0.195637822 -0.998287201 0.007061534 -0.058076669 5.188755989
-0.058423642 0.013932932 0.998194695 2.315624714 0.007356589 0.999881387 -0.013525899 -0.196832478 -0.998264790 0.006553075 -0.058519226 5.187064648
-0.058260649 0.017286854 0.998151720 2.352313280 0.008516154 0.999822259 -0.016818706 -0.197834343 -0.998265207 0.007520544 -0.058397513 5.185086250
-0.058462527 0.018660575 0.998115182 2.384515047 0.006238074 0.999812603 -0.018326925 -0.199073017 -0.998270154 0.005154878 -0.058567975 5.183516502
-0.058385383 0.019573877 0.998102129 2.420865059 0.006530287 0.999793828 -0.019225053 -0.200398669 -0.998272836 0.005395431 -0.058501173 5.181594849
-0.057852328 0.019295270 0.998138607 2.452159882 0.007945772 0.999790430 -0.018866662 -0.201690257 -0.998293698 0.006839502 -0.057993520 5.179623604
-0.058831200 0.018374294 0.998098731 2.488939285 0.007084781 0.999813080 -0.017988250 -0.203252584 -0.998242795 0.006013041 -0.058950376 5.177917004
-0.058477867 0.019073900 0.998106480 2.520164490 0.004198108 0.999813199 -0.018860552 -0.204025760 -0.998279929 0.003087233 -0.058547027 5.176100254
-0.058978867 0.018734924 0.998083532 2.556160688 0.001728095 0.999824226 -0.018665491 -0.205756769 -0.998257756 0.000623913 -0.059000880 5.174730778
-0.058380369 0.017087046 0.998148143 2.586705208 0.003937556 0.999849617 -0.016885871 -0.207001656 -0.998286664 0.002944461 -0.058438867 5.172722816
-0.060078420 0.017040381 0.998048127 2.622859716 0.003864022 0.999850690 -0.016838560 -0.207972199 -0.998186350 0.002844845 -0.060135297 5.171183109
-0.063480139 0.017073493 0.997837007 2.653532505 0.000618310 0.999854028 -0.017068675 -0.208577275 -0.997983038 -0.000466550 -0.063481435 5.169466019
-0.068687811 0.016466023 0.997502327 2.688864231 -0.003162158 0.999855101 -0.016722608 -0.209984228 -0.997633219 -0.004302900 -0.068625793 5.167428493
-0.074417472 0.020553121 0.997015417 2.719061852 0.000817623 0.999788404 -0.020549262 -0.210978910 -0.997226894 -0.000714042 -0.074418530 5.164997101
-0.080923088 0.022920204 0.996456802 2.753898859 0.003111555 0.999736488 -0.022742949 -0.212326944 -0.996715426 0.001260100 -0.080973074 5.161856651
-0.088321432 0.024295067 0.995795727 2.784306765 0.002103088 0.999704838 -0.024203904 -0.213604808 -0.996089816 -0.000043478 -0.088346452 5.159274101
-0.094833270 0.023448648 0.995216966 2.820290565 -0.001606066 0.999717593 -0.023707729 -0.215102285 -0.995491803 -0.003846666 -0.094768837 5.156355858
-0.100247502 0.023279315 0.994690180 2.851533890 -0.001135779 0.999722898 -0.023511566 -0.215722680 -0.994961798 -0.003486724 -0.100193292 5.153367519
-0.104207084 0.023049889 0.994288504 2.887392044 -0.004003191 0.999713600 -0.023595210 -0.217472762 -0.994547486 -0.006439115 -0.104084954 5.149231434
-0.108320519 0.022621047 0.993858755 2.919075727 -0.005906307 0.999708831 -0.023397926 -0.218479693 -0.994098485 -0.008404510 -0.108155370 5.146134377
-0.111155704 0.019897707 0.993603766 2.951344490 -0.005345743 0.999773145 -0.020619281 -0.219354719 -0.993788660 -0.007603502 -0.111024104 5.142763138
-0.112414382 0.016462915 0.993525088 2.990429401 -0.003406757 0.999850452 -0.016953195 -0.220857874 -0.993655562 -0.005290482 -0.112341486 5.138113499
-0.114161864 0.013568219 0.993369579 3.023537636 -0.003598998 0.999894559 -0.014070954 -0.222032487 -0.993455589 -0.005181501 -0.114100985 5.134740829
-0.116096005 0.013049091 0.993152320 3.057923317 -0.005034154 0.999893010 -0.013726138 -0.223165333 -0.993225276 -0.006593232 -0.116017893 5.131443501
-0.115976058 0.016948253 0.993107438 3.097247362 -0.003251045 0.999842584 -0.017442856 -0.224198565 -0.993246853 -0.005251591 -0.115902677 5.126464367
-0.115851812 0.021322154 0.993037701 3.131074667 0.003474389 0.999772191 -0.021061420 -0.225083530 -0.993260562 0.001010195 -0.115899488 5.122251034
-0.116443768 0.025744967 0.992863595 3.169504404 0.009792150 0.999645114 -0.024772381 -0.226885110 -0.993148983 0.006837680 -0.116654553 5.117142200
-0.116641171 0.027729634 0.992786944 3.203613520 0.011606974 0.999579966 -0.026555678 -0.227750212 -0.993106246 0.008425768 -0.116914034 5.112782001
-0.117401943 0.025116447 0.992766798 3.243471861 0.009216042 0.999664605 -0.024201095 -0.229308352 -0.993041694 0.006308126 -0.117594041 5.108583450
-0.117948733 0.020249708 0.992813170 3.278399944 0.010431855 0.999762177 -0.019152109 -0.230725080 -0.992964864 0.008097917 -0.118131913 5.104717255
-0.117708728 0.018041348 0.992884278 3.317078114 0.011217981 0.999795258 -0.016837010 -0.232125670 -0.992984772 0.009156293 -0.117887020 5.099999905
-0.118271887 0.018008433 0.992817879 3.351536751 0.011762832 0.999790728 -0.016733635 -0.233243674 -0.992911577 0.009699231 -0.118458971 5.095912457
-0.120480746 0.018578593 0.992541850 3.390821218 0.010105975 0.999795973 -0.017487653 -0.234831691 -0.992664218 0.007923678 -0.120643891 5.091793060
-0.122604124 0.019822417 0.992257774 3.425332069 0.009452172 0.999778450 -0.018804742 -0.235697180 -0.992410541 0.007073451 -0.122764327 5.087896347
-0.124825068 0.019542221 0.991986275 3.464032888 0.010543215 0.999775589 -0.018368984 -0.237430081 -0.992122650 0.008165816 -0.125003114 5.082917690
-0.126657784 0.019282131 0.991759002 3.497871399 0.010352341 0.999782205 -0.018116018 -0.238540709 -0.991892397 0.007972492 -0.126829833 5.078509331
-0.128183827 0.019364268 0.991561353 3.536559105 0.010989483 0.999775589 -0.018104021 -0.239906907 -0.991689503 0.008576104 -0.128367886 5.073448181
-0.130563587 0.019669818 0.991244793 3.571930885 0.008633967 0.999787748 -0.018702105 -0.241156876 -0.991402388 0.006116561 -0.130705714 5.069774151
-0.131344885 0.021170847 0.991110623 3.610543251 0.009012612 0.999756277 -0.020161146 -0.242752463 -0.991295755 0.006284433 -0.131503642 5.064531326
-0.131680176 0.021327572 0.991062760 3.644649029 0.008168443 0.999758005 -0.020429367 -0.244075671 -0.991258621 0.005405299 -0.131822497 5.059490204
-0.133100048 0.022083228 0.990856469 3.679105282 0.007849046 0.999743998 -0.021226952 -0.244367421 -0.991071463 0.004951972 -0.133239254 5.055952549
-0.134350687 0.020231446 0.990727305 3.721159220 0.007894103 0.999781668 -0.019345835 -0.246066183 -0.990902364 0.005221779 -0.134481043 5.050151348
-0.135851055 0.017968368 0.990566254 3.756432056 0.004791508 0.999835730 -0.017479377 -0.246922791 -0.990717649 0.002371715 -0.135914817 5.046113014
-0.137835562 0.015530388 0.990333378 3.796261549 0.001733945 0.999879301 -0.015438754 -0.248474747 -0.990453660 -0.000410825 -0.137845844 5.041158199
-0.139874443 0.014561365 0.990062118 3.830626488 0.003396768 0.999892950 -0.014226063 -0.249727800 -0.990163505 0.001373149 -0.139908910 5.036393166
-0.142121837 0.015318997 0.989730716 3.867457628 0.004247755 0.999880493 -0.014866136 -0.250851095 -0.989840090 0.002091332 -0.142169937 5.031880856
-0.143386811 0.016828129 0.989523709 3.903191090 0.004268494 0.999856651 -0.016385328 -0.252091378 -0.989657581 0.001874337 -0.143438071 5.025784492
-0.145094544 0.020306461 0.989209414 3.950956106 0.005134631 0.999791384 -0.019770555 -0.253469735 -0.989404500 0.002210626 -0.145168528 5.019007206
-0.145257130 0.024258930 0.989096582 3.987285614 0.007052514 0.999699414 -0.023483258 -0.254706591 -0.989368796 0.003564506 -0.145384565 5.013444901
-0.146412507 0.028025143 0.988826573 4.024706841 0.008302920 0.999598265 -0.027101045 -0.256477475 -0.989188850 0.004242216 -0.146586359 5.007783890
-0.146058217 0.029601198 0.988833010 4.068428040 0.010800849 0.999540329 -0.028326351 -0.257604241 -0.989217043 0.006542939 -0.146310732 5.001449108
-0.145586774 0.029245866 0.988913119 4.106415272 0.014241955 0.999521315 -0.027462900 -0.258933902 -0.989242971 0.010085822 -0.145933568 4.995637894
-0.145288736 0.027354144 0.989011109 4.144219875 0.014618251 0.999567986 -0.025498658 -0.260371059 -0.989281297 0.010752946 -0.145625785 4.989619255
-0.144628942 0.025299294 0.989162445 4.188958168 0.013844733 0.999626935 -0.023542650 -0.262666017 -0.989389062 0.010289744 -0.144925252 4.983722210
-0.143357143 0.022530396 0.989414513 4.228257179 0.012237354 0.999704719 -0.020991638 -0.264296174 -0.989595354 0.009098514 -0.143590540 4.978971004
-0.142876774 0.019761177 0.989543200 4.267564297 0.013091639 0.999750912 -0.018074766 -0.265514016 -0.989653945 0.010372277 -0.143099889 4.974107265
-0.139770001 0.016212530 0.990051270 4.312732697 0.013321785 0.999806225 -0.014491576 -0.266922921 -0.990094364 0.011163764 -0.139958888 4.966998100
-0.138018608 0.016063187 0.990299284 4.352426052 0.012001514 0.999822140 -0.014544992 -0.268175244 -0.990356863 0.009877613 -0.138186812 4.961718082
-0.136811033 0.020523824 0.990384519 4.391711235 0.013030607 0.999736011 -0.018917579 -0.269597530 -0.990511477 0.010317178 -0.137042344 4.956742764
-0.134633780 0.026853891 0.990531504 4.435605526 0.014333657 0.999580860 -0.025150979 -0.271197021 -0.990791738 0.010811769 -0.134962246 4.950472832
-0.133717254 0.030064896 0.990563393 4.475008965 0.011113078 0.999522328 -0.028836643 -0.272609055 -0.990957201 0.007152252 -0.133987531 4.945850849
-0.131834909 0.027378002 0.990893602 4.513049126 0.009813007 0.999605596 -0.026313122 -0.274296522 -0.991223156 0.006254657 -0.132051587 4.941037178
-0.130410284 0.025232470 0.991138935 4.558524132 0.010054613 0.999658287 -0.024126409 -0.275825977 -0.991409123 0.006819186 -0.130619407 4.934373379
-0.130003765 0.023401350 0.991237283 4.599172592 0.010811338 0.999695480 -0.022183096 -0.277680337 -0.991454542 0.007832717 -0.130217165 4.929496765
-0.129208654 0.022932401 0.991352260 4.638131618 0.010401212 0.999708891 -0.021770058 -0.279196382 -0.991562843 0.007498385 -0.129409537 4.924347401
-0.128826708 0.023132216 0.991397321 4.682845592 0.009426525 0.999711275 -0.022101281 -0.281004429 -0.991622329 0.006498197 -0.129007578 4.919061184
-0.128014833 0.021453626 0.991540134 4.723198414 0.013728614 0.999708533 -0.019857898 -0.282472670 -0.991677225 0.011070368 -0.128272057 4.913537979
