0.999965787 -0.005016956 -0.006578390 -0.000968895 0.004981008 0.999972582 -0.005469663 -0.001996921 0.006605651 0.005436709 0.999963343 0.096970268
0.999943137 -0.007231633 -0.007836225 -0.001260263 0.007179611 0.999952137 -0.006646530 -0.002841111 0.007883911 0.006589890 0.999947190 0.106951147
0.999918401 -0.008458590 -0.009570413 -0.001706483 0.008381303 0.999932170 -0.008087061 -0.003139792 0.009638169 0.008006190 0.999921441 0.145751104
0.999894857 -0.008503467 -0.011744194 -0.001564796 0.008423482 0.999941111 -0.006843297 -0.003678596 0.011801691 0.006743651 0.999907613 0.150191277
0.999884486 -0.008989592 -0.012259388 -0.002524652 0.008895077 0.999930441 -0.007742412 -0.004478184 0.012328135 0.007632468 0.999894917 0.195796952
0.999880135 -0.008097200 -0.013198964 -0.003089468 0.007959925 0.999914050 -0.010419968 -0.005154967 0.013282199 0.010313654 0.999858677 0.218093142
0.999871790 -0.006629803 -0.014574078 -0.003842601 0.006424278 0.999879897 -0.014103979 -0.006070576 0.014665829 0.014008543 0.999794245 0.247090891
0.999863327 -0.005348437 -0.015643612 -0.004577083 0.005078534 0.999838471 -0.017242342 -0.006983470 0.015733294 0.017160539 0.999728918 0.269943744
0.999845684 -0.003497276 -0.017215153 -0.005413172 0.003190014 0.999835670 -0.017843580 -0.007150243 0.017274728 0.017785912 0.999692559 0.300548822
0.999829590 -0.001334533 -0.018413173 -0.006124781 0.001130315 0.999937773 -0.011096811 -0.007471555 0.018426830 0.011074112 0.999768853 0.324849874
0.999817491 -0.000194976 -0.019106859 -0.006970933 0.000180659 0.999999762 -0.000751037 -0.008051670 0.019106999 0.000747448 0.999817133 0.356560618
0.999795496 0.000943421 -0.020202933 -0.007650003 -0.000831395 0.999984205 0.005552708 -0.008458314 0.020207848 -0.005534775 0.999780476 0.382048935
0.999778807 0.002937407 -0.020826761 -0.009200815 -0.002833008 0.999983251 0.005040452 -0.009401194 0.020841215 -0.004980336 0.999770284 0.415103346
0.999760687 0.004435049 -0.021423634 -0.010373226 -0.004474760 0.999988317 -0.001806019 -0.009746444 0.021415364 0.001901451 0.999768794 0.441011459
0.999734581 0.004732310 -0.022544714 -0.011304186 -0.004915741 0.999955237 -0.008087866 -0.009910459 0.022505431 0.008196543 0.999713063 0.475191563
0.999709129 0.002433469 -0.023993809 -0.011915589 -0.002588243 0.999976099 -0.006421641 -0.010097192 0.023977613 0.006481876 0.999691427 0.502708852
0.999697328 0.001389775 -0.024562381 -0.012840668 -0.001326037 0.999995649 0.002611047 -0.010293145 0.024565898 -0.002577686 0.999694884 0.539560258
0.999695659 0.001188890 -0.024641069 -0.013835201 -0.000940112 0.999948502 0.010105195 -0.010584259 0.024651809 -0.010078955 0.999645293 0.568498611
0.999683917 0.000334693 -0.025141364 -0.015056831 -0.000013867 0.999918520 0.012760003 -0.010869732 0.025143584 -0.012755617 0.999602556 0.606615543
0.999669969 -0.001848351 -0.025626143 -0.015960811 0.002147670 0.999929726 0.011657638 -0.010864951 0.025602793 -0.011708824 0.999603629 0.637039959
0.999694645 -0.002169963 -0.024614269 -0.017172279 0.002402201 0.999952853 0.009409440 -0.011023777 0.024592692 -0.009465696 0.999652624 0.676642001
0.999698162 0.000510222 -0.024564059 -0.017979890 -0.000363366 0.999981940 0.005982583 -0.010929845 0.024566671 -0.005971852 0.999680281 0.707813084
0.999724030 -0.003087945 -0.023292238 -0.019356251 0.003090382 0.999995232 0.000068638 -0.010923394 0.023291912 -0.000140601 0.999728680 0.750055134
0.999723315 -0.005733118 -0.022815429 -0.019940663 0.005589530 0.999964237 -0.006352291 -0.011309175 0.022851029 0.006223004 0.999719560 0.782387495
0.999762535 -0.004988158 -0.021209978 -0.021546768 0.004736146 0.999917746 -0.011915451 -0.011711407 0.021267662 0.011812164 0.999704003 0.825951219
0.999764800 -0.003916614 -0.021327898 -0.022348180 0.003637913 0.999907672 -0.013090614 -0.012220054 0.021377197 0.013009946 0.999686778 0.859881341
0.999766052 -0.003045794 -0.021411339 -0.023508204 0.002792736 0.999925971 -0.011838860 -0.013620764 0.021445807 0.011776295 0.999700606 0.905145109
0.999770820 -0.001324540 -0.021364447 -0.024795718 0.001047293 0.999915183 -0.012982987 -0.014572687 0.021379828 0.012957636 0.999687493 0.940449893
0.999770522 0.001516776 -0.021366684 -0.026003901 -0.001838321 0.999885201 -0.015037309 -0.015526426 0.021341421 0.015073138 0.999658644 0.976233244
0.999739528 0.004807026 -0.022311065 -0.026303591 -0.005166648 0.999857187 -0.016088972 -0.016670011 0.022230530 0.016200054 0.999621570 1.027054906
0.999738991 0.006964927 -0.021763770 -0.027918693 -0.007307472 0.999850094 -0.015699478 -0.017737985 0.021651154 0.015854415 0.999639869 1.063197374
0.999710679 0.007910028 -0.022718394 -0.028705718 -0.008288445 0.999827683 -0.016611254 -0.018608453 0.022583077 0.016794747 0.999603808 1.101196408
0.999707878 0.008233025 -0.022722293 -0.030060975 -0.008589685 0.999840736 -0.015643733 -0.020797510 0.022589874 0.015834339 0.999619424 1.150887609
0.999679148 0.009063371 -0.023652429 -0.030660138 -0.009415849 0.999845684 -0.014833755 -0.021768034 0.023514330 0.015051700 0.999610245 1.188120604
0.999659896 0.009555619 -0.024262920 -0.031546302 -0.009871134 0.999867916 -0.012917716 -0.022744825 0.024136269 0.013152827 0.999622226 1.225546122
0.999667585 0.010288687 -0.023640972 -0.033631824 -0.010566980 0.999875963 -0.011676997 -0.024271462 0.023517895 0.011922927 0.999652267 1.278719544
0.999665737 0.010408710 -0.023664583 -0.034945022 -0.010727283 0.999853015 -0.013375199 -0.024924867 0.023521878 0.013624584 0.999630511 1.316537142
0.999635041 0.011630513 -0.024383651 -0.035949040 -0.011976309 0.999829054 -0.014083724 -0.026098669 0.024215680 0.014370608 0.999603450 1.354230881
0.999626756 0.011781309 -0.024648245 -0.037283186 -0.012105453 0.999841630 -0.013043121 -0.027610354 0.024490684 0.013336631 0.999611080 1.408741117
0.999620199 0.011061373 -0.025240282 -0.038552176 -0.011334520 0.999878407 -0.010704570 -0.028278746 0.025118809 0.010986590 0.999624133 1.446919799
0.999611437 0.010819429 -0.025691466 -0.039969970 -0.010991365 0.999918044 -0.006560520 -0.029423513 0.025618386 0.006840355 0.999648392 1.487063289
0.999582887 0.011456069 -0.026510533 -0.041348066 -0.011568653 0.999924660 -0.004097305 -0.030972416 0.026461588 0.004402287 0.999640226 1.540726781
0.999584854 0.011546209 -0.026397796 -0.043132704 -0.011655075 0.999924183 -0.003973891 -0.031567801 0.026349910 0.004279910 0.999643624 1.580156922
0.999535084 0.011658718 -0.028171360 -0.043602966 -0.011818287 0.999915004 -0.005504324 -0.032257617 0.028104791 0.005834701 0.999587953 1.619825244
0.999540150 0.011484725 -0.028068289 -0.045758694 -0.011656157 0.999914289 -0.005951680 -0.033340886 0.027997527 0.006276110 0.999588192 1.675102592
0.999519348 0.011420964 -0.028820978 -0.047126703 -0.011557076 0.999922752 -0.004560559 -0.034514073 0.028766667 0.004891451 0.999574184 1.714859724
0.999441564 0.012439575 -0.031015020 -0.047901426 -0.012536615 0.999917090 -0.002936328 -0.034931134 0.030975921 0.003323511 0.999514580 1.754852533
0.999486804 0.011189871 -0.030016486 -0.050677616 -0.011199690 0.999937296 -0.000158952 -0.036418140 0.030012822 0.000495046 0.999549389 1.810265779
0.999444306 0.011852978 -0.031153889 -0.051997341 -0.011851626 0.999929726 0.000228075 -0.037483118 0.031154398 0.000141277 0.999514520 1.850006580
0.999436140 0.012806122 -0.031037988 -0.054180730 -0.012927065 0.999909699 -0.003699047 -0.038299441 0.030987805 0.004098192 0.999511361 1.889714241
0.999401987 0.014916998 -0.031194430 -0.055929251 -0.015176291 0.999852121 -0.008091984 -0.039137211 0.031069109 0.008560561 0.999480546 1.944213033
0.999396682 0.015493452 -0.031084895 -0.057732984 -0.015756849 0.999841869 -0.008246483 -0.040073048 0.030952213 0.008731307 0.999482691 1.984304786
0.999398887 0.016531181 -0.030473618 -0.059689343 -0.016750887 0.999835432 -0.006968502 -0.040483609 0.030353403 0.007474772 0.999511242 2.024463415
0.999394715 0.016828656 -0.030448360 -0.061388671 -0.016947681 0.999849617 -0.003655064 -0.042538211 0.030382272 0.004168881 0.999529660 2.079250813
0.999416411 0.015141222 -0.030623011 -0.062789902 -0.015231752 0.999880254 -0.002725125 -0.043225318 0.030578082 0.003189977 0.999527335 2.119647980
0.999419332 0.015650393 -0.030268027 -0.063846730 -0.015739599 0.999872327 -0.002711168 -0.044592164 0.030221730 0.003186001 0.999538183 2.158135653
0.999449492 0.013993079 -0.030081201 -0.065917000 -0.014151696 0.999886990 -0.005066473 -0.045212731 0.030006906 0.005489382 0.999534667 2.213526964
0.999441445 0.014210226 -0.030245708 -0.066977613 -0.014421358 0.999873042 -0.006773897 -0.046411302 0.030145612 0.007206298 0.999519587 2.253322124
0.999462485 0.012864119 -0.030152159 -0.068428487 -0.013161806 0.999866307 -0.009695234 -0.047178231 0.030023407 0.010086879 0.999498308 2.293123960
0.999484360 0.011449526 -0.029998971 -0.070255980 -0.011845168 0.999844790 -0.013044198 -0.048814207 0.029844958 0.013392814 0.999464810 2.347962856
0.999516368 0.009645910 -0.029565418 -0.071884632 -0.010081314 0.999842405 -0.014613372 -0.049967170 0.029419795 0.014904361 0.999456048 2.387995720
0.999537885 0.008003145 -0.029326530 -0.073472872 -0.008370863 0.999887645 -0.012437397 -0.051554680 0.029223695 0.012677134 0.999492526 2.438132286
0.999557614 0.006796043 -0.028954847 -0.074743815 -0.007002320 0.999950826 -0.007028615 -0.052293502 0.028905651 0.007228253 0.999556005 2.477605581
0.999570072 0.005510675 -0.028796973 -0.076468982 -0.005533071 0.999984562 -0.000698162 -0.053806897 0.028792676 0.000857197 0.999585032 2.528465986
0.999578238 0.003357311 -0.028846536 -0.077621475 -0.003372849 0.999994218 -0.000489997 -0.054355644 0.028844722 0.000587085 0.999583721 2.568051100
0.999589860 0.001026547 -0.028617196 -0.079179041 -0.001109052 0.999995291 -0.002867357 -0.055170119 0.028614117 0.002897918 0.999586225 2.608205557
0.999582708 -0.000853994 -0.028871687 -0.080259882 0.000673294 0.999980211 -0.006267865 -0.056354046 0.028876463 0.006245812 0.999563456 2.661825895
0.999579489 0.000950152 -0.028982595 -0.081722699 -0.001264287 0.999940634 -0.010822345 -0.057126738 0.028970586 0.010854436 0.999521375 2.702009439
0.999582529 0.001415574 -0.028858921 -0.083495721 -0.001833463 0.999893725 -0.014459085 -0.058745421 0.028835384 0.014505960 0.999478936 2.751144409
0.999590933 0.004348690 -0.028269749 -0.084911205 -0.004778912 0.999873400 -0.015168812 -0.059856728 0.028200207 0.015297703 0.999485314 2.791364193
0.999598444 0.008705892 -0.026964830 -0.087132365 -0.009014578 0.999895036 -0.011347356 -0.061525725 0.026863212 0.011585879 0.999571919 2.840979099
0.999601901 0.010120634 -0.026335759 -0.089350224 -0.010372862 0.999901593 -0.009458442 -0.062567770 0.026237438 0.009727857 0.999608278 2.881754637
0.999571800 0.009855866 -0.027550397 -0.089653373 -0.010105370 0.999908984 -0.008931725 -0.063647427 0.027459860 0.009206309 0.999580503 2.930781603
0.999590456 0.007603713 -0.027585994 -0.090697549 -0.007838083 0.999933958 -0.008397842 -0.064509302 0.027520312 0.008610623 0.999584198 2.970922709
0.999580979 0.007120111 -0.028057527 -0.091909364 -0.007311775 0.999950588 -0.006734377 -0.065791845 0.028008189 0.006936706 0.999583602 3.010572195
0.999579787 0.005909502 -0.028375685 -0.093615182 -0.006040322 0.999971688 -0.004526861 -0.067025334 0.028348122 0.004696357 0.999587119 3.065798283
0.999570251 0.004681204 -0.028939225 -0.095022671 -0.004756757 0.999985576 -0.002542429 -0.068125188 0.028926900 0.002678993 0.999577880 3.105132103
0.999547482 0.004120840 -0.029799184 -0.096411861 -0.004246842 0.999982238 -0.004166299 -0.069020227 0.029781491 0.004290965 0.999547184 3.155685663
0.999529302 0.004409439 -0.030361155 -0.097886704 -0.004653960 0.999957263 -0.007987835 -0.070078313 0.030324634 0.008125373 0.999507070 3.194758177
0.999500215 0.004848771 -0.031240933 -0.099374786 -0.005167667 0.999935210 -0.010134974 -0.070926368 0.031189764 0.010291349 0.999460518 3.234690905
0.999474227 0.007335726 -0.031583402 -0.101770669 -0.007609106 0.999934554 -0.008544379 -0.072281793 0.031518642 0.008780206 0.999464571 3.287892342
0.999458075 0.007843288 -0.031969942 -0.103409246 -0.007973585 0.999960423 -0.003950193 -0.073391333 0.031937681 0.004202967 0.999480963 3.327061176
0.999420583 0.009250589 -0.032755911 -0.105191104 -0.009267759 0.999956906 -0.000372381 -0.074345842 0.032751054 0.000675740 0.999463260 3.375995159
0.999389172 0.009953843 -0.033500750 -0.106685981 -0.009955985 0.999950409 0.000102924 -0.074960172 0.033500105 0.000230672 0.999438643 3.415457487
0.999362528 0.010160918 -0.034225952 -0.108525835 -0.010226663 0.999946177 -0.001746432 -0.076284952 0.034206368 0.002095336 0.999412656 3.463722467
0.999332190 0.009711579 -0.035227574 -0.109846786 -0.009799705 0.999949336 -0.002329835 -0.077167213 0.035203163 0.002673498 0.999376595 3.502182245
0.999338210 0.009195419 -0.035198655 -0.112413511 -0.009286044 0.999954104 -0.002412052 -0.078436777 0.035174850 0.002737311 0.999377429 3.550079584
0.999306679 0.007867086 -0.036390610 -0.113857955 -0.007918606 0.999967873 -0.001271860 -0.079848140 0.036379427 0.001559141 0.999336898 3.588152647
0.999311984 0.007375818 -0.036353819 -0.116112113 -0.007413023 0.999972105 -0.000888742 -0.080196537 0.036346257 0.001157621 0.999338567 3.634179831
0.999266863 0.007670749 -0.037511941 -0.117560007 -0.007603968 0.999969244 0.001922591 -0.081023224 0.037525535 -0.001635943 0.999294341 3.671534538
0.999254286 0.006563203 -0.038050424 -0.119531915 -0.006470755 0.999975801 0.002552235 -0.081905380 0.038066246 -0.002304117 0.999272466 3.715279102
0.999169827 0.005142846 -0.040412631 -0.121209204 -0.005035582 0.999983490 0.002755546 -0.082665548 0.040426135 -0.002549757 0.999179184 3.751203537
0.999045491 0.004677666 -0.043429743 -0.123342037 -0.004603367 0.999987781 0.001810621 -0.083568960 0.043437697 -0.001608970 0.999054849 3.793146133
0.998882294 0.004747067 -0.047027897 -0.125043005 -0.004724401 0.999988675 0.000593120 -0.084108107 0.047030192 -0.000370279 0.998893380 3.826935291
0.998727620 0.004844151 -0.050199162 -0.127360106 -0.004800903 0.999987960 0.000982087 -0.085125118 0.050203320 -0.000739835 0.998738766 3.867086887
0.998567164 0.006388086 -0.053129710 -0.129513562 -0.006280791 0.999977887 0.002186207 -0.085895546 0.053142507 -0.001849378 0.998585224 3.899076700
0.998405278 0.006412135 -0.056088485 -0.132141829 -0.006222588 0.999974310 0.003553442 -0.086893916 0.056109820 -0.003198760 0.998419404 3.936509848
0.998211503 0.007166752 -0.059351604 -0.134057194 -0.006875482 0.999963284 0.005110297 -0.087384000 0.059386041 -0.004693085 0.998224080 3.966283321
0.998044610 0.009050896 -0.061848629 -0.136316061 -0.008753541 0.999948740 0.005077051 -0.087568007 0.061891403 -0.004525728 0.998072565 3.994926929
0.997856081 0.011277375 -0.064467482 -0.139169574 -0.010901414 0.999921501 0.006180539 -0.088765688 0.064532116 -0.005464500 0.997900665 4.033515453
0.997669518 0.013377662 -0.066907570 -0.141501620 -0.013035813 0.999899685 0.005543229 -0.089767516 0.066975020 -0.004658116 0.997743726 4.060146809
0.997441709 0.014418996 -0.070015870 -0.143364340 -0.014383123 0.999895990 0.001016462 -0.089747012 0.070023231 -0.000006814 0.997545362 4.085722923
0.997250915 0.016704679 -0.072190516 -0.146645620 -0.016912244 0.999854445 -0.002264970 -0.090830922 0.072142176 0.003479648 0.997388244 4.119108677
0.997095227 0.018553492 -0.073869877 -0.149126992 -0.019001046 0.999805152 -0.005360542 -0.091061637 0.073756032 0.006748576 0.997253478 4.142374992
0.996976972 0.020379486 -0.074976735 -0.151058421 -0.020829754 0.999769390 -0.005228328 -0.092440397 0.074852876 0.006774270 0.997171581 4.164608479
0.996996999 0.022636771 -0.074058339 -0.153070420 -0.023077805 0.999720633 -0.005104848 -0.092805922 0.073922083 0.006798622 0.997240841 4.185722351
0.997120619 0.026338333 -0.071110845 -0.155825526 -0.026707692 0.999634206 -0.004248175 -0.093409158 0.070972934 0.006135150 0.997459292 4.217220783
0.997436404 0.028889101 -0.065468617 -0.157364488 -0.029120358 0.999572515 -0.002580618 -0.094095364 0.065366082 0.004480472 0.997851253 4.236828327
0.997871339 0.030014027 -0.057894990 -0.158724934 -0.030105369 0.999546468 -0.000705981 -0.094591588 0.057847530 0.002447429 0.998322368 4.255677223
0.998389781 0.029907342 -0.048202146 -0.159550890 -0.029841742 0.999552488 0.002080126 -0.095292456 0.048242770 -0.000638341 0.998835385 4.274143219
0.998869061 0.029522935 -0.037270226 -0.159982547 -0.029444622 0.999562860 0.002648402 -0.095607929 0.037332125 -0.001547999 0.999301672 4.300278664
0.999314129 0.028808588 -0.023268169 -0.160537958 -0.028752618 0.999582767 0.002736540 -0.095987208 0.023337293 -0.002065642 0.999725461 4.316546917
0.999566674 0.028185200 -0.008495554 -0.160132140 -0.028168267 0.999601007 0.002106023 -0.096636966 0.008551521 -0.001865805 0.999961674 4.332664490
0.999581754 0.027387913 0.009288431 -0.159507275 -0.027378470 0.999624491 -0.001142199 -0.097123787 -0.009316227 0.000887418 0.999956131 4.353872299
0.999178469 0.026494617 0.030669400 -0.158605084 -0.026335800 0.999637663 -0.005570824 -0.097762443 -0.030805878 0.004758543 0.999514043 4.369135857
0.998223543 0.024422077 0.054344483 -0.156790361 -0.023879824 0.999658585 -0.010605292 -0.098078012 -0.054584932 0.009288714 0.998465955 4.383850098
0.996421158 0.022360647 0.081516363 -0.154303700 -0.021338677 0.999682605 -0.013386800 -0.098634958 -0.081789814 0.011599441 0.996582091 4.403869629
0.993604600 0.019324290 0.111249410 -0.151722491 -0.017868370 0.999741316 -0.014069282 -0.099395871 -0.111492492 0.011991458 0.993692994 4.418092251
0.989410162 0.017433764 0.144095868 -0.148856699 -0.015163785 0.999743223 -0.016836628 -0.099480733 -0.144352406 0.014473294 0.989420474 4.431941509
0.983607590 0.015072406 0.179691315 -0.145325840 -0.011978759 0.999760926 -0.018289179 -0.100109473 -0.179924026 0.015836898 0.983552992 4.445655823
0.975981116 0.011043647 0.217575058 -0.139883578 -0.007138136 0.999799132 -0.018727990 -0.100988261 -0.217738166 0.016725084 0.975863874 4.464451790
0.966140389 0.009046351 0.257858574 -0.135710835 -0.004175626 0.999802530 -0.019430505 -0.101681963 -0.257983416 0.017695874 0.965987146 4.476977825
0.954069316 0.009923858 0.299421877 -0.130911231 -0.003986065 0.999783278 -0.020435128 -0.102258161 -0.299559712 0.018303012 0.953902006 4.489140511
0.938900054 0.012242410 0.343972176 -0.124054670 -0.005335673 0.999764860 -0.021018744 -0.103018850 -0.344148636 0.017899184 0.938744485 4.505590439
0.921221554 0.012762967 0.388829172 -0.118255019 -0.005389596 0.999784529 -0.020047884 -0.103470601 -0.389001280 0.016372908 0.921091735 4.516939163
0.901127577 0.012039172 0.433386952 -0.111463785 -0.004022489 0.999803603 -0.019409977 -0.103770562 -0.433535397 0.015747573 0.900998890 4.528729916
0.878342867 0.010238675 0.477921456 -0.102074981 -0.001279815 0.999817491 -0.019067332 -0.104846150 -0.478029370 0.016136007 0.878195643 4.543097019
0.853469431 0.010713182 0.521032870 -0.094466090 0.000339378 0.999777079 -0.021112755 -0.105473563 -0.521142960 0.018195918 0.853275478 4.553053856
0.826136351 0.013236938 0.563314795 -0.086303473 0.000720242 0.999698460 -0.024547484 -0.106081814 -0.563469827 0.020685293 0.825877666 4.562907696
0.795235932 0.017743435 0.606040418 -0.077846050 -0.000292362 0.999582767 -0.028881790 -0.106662929 -0.606300056 0.022790655 0.794909358 4.572881699
0.762104630 0.023692692 0.647020280 -0.064608097 -0.003383842 0.999462426 -0.032612752 -0.107589535 -0.647445023 0.022664914 0.761775076 4.586685658
0.725325346 0.028489519 0.687816381 -0.054477930 -0.004787125 0.999327838 -0.036344215 -0.107634448 -0.688389480 0.023068720 0.724974215 4.595866680
0.685965061 0.028805446 0.727064192 -0.043799639 -0.003830234 0.999345183 -0.035979189 -0.108791910 -0.727624476 0.021895641 0.685626328 4.604506969
0.645964444 0.026008628 0.762924314 -0.028535366 0.001095073 0.999386907 -0.034997001 -0.109359756 -0.763366759 0.023442276 0.645539880 4.614543438
0.602386534 0.024305582 0.797834396 -0.016430616 0.002455789 0.999475062 -0.032302644 -0.109755754 -0.798200905 0.021417985 0.602010548 4.621878147
0.555817842 0.022610489 0.830996513 -0.001161337 0.003475805 0.999558091 -0.029521676 -0.110539414 -0.831296861 0.019297054 0.555493653 4.630784988
0.508232594 0.020034820 0.860986650 0.012135983 0.005294082 0.999637842 -0.026386218 -0.111161210 -0.861203551 0.017968472 0.507942498 4.636978626
0.457492828 0.016274719 0.889064431 0.029006362 0.007774700 0.999721110 -0.022301029 -0.111926839 -0.889179289 0.017114770 0.457238734 4.644203186
0.405103326 0.015889905 0.914132833 0.042904496 0.004950474 0.999796271 -0.019572780 -0.112958476 -0.914257586 0.012454389 0.404942065 4.649659634
0.354694217 0.021489039 0.934735417 0.061380506 0.001731610 0.999718964 -0.023640053 -0.113300875 -0.934980750 0.010003589 0.354557425 4.655246735
0.304509342 0.027439158 0.952114046 0.076641321 -0.000054697 0.999585390 -0.028789755 -0.113788292 -0.952509344 0.008714671 0.304384589 4.658946514
0.257673979 0.028565941 0.965809524 0.096233964 0.003346144 0.999530494 -0.030456048 -0.114526540 -0.966226101 0.011079468 0.257457376 4.663254261
0.216529191 0.028036974 0.975873470 0.113071203 0.009729941 0.999475896 -0.030873979 -0.115419060 -0.976227641 0.016180309 0.216142893 4.665534973
0.181619793 0.027857320 0.982974172 0.134323001 0.017924253 0.999338806 -0.031632878 -0.116092429 -0.983205497 0.023364237 0.181000397 4.667929649
0.151352659 0.029395211 0.988042712 0.152868092 0.022696579 0.999190927 -0.033203639 -0.116517596 -0.988219202 0.027450647 0.150563017 4.669903755
0.123638131 0.027939795 0.991933882 0.175952733 0.020471472 0.999319136 -0.030699445 -0.117388606 -0.992116094 0.024101976 0.122981951 4.671989918
0.098629788 0.024189968 0.994830132 0.196037889 0.014367505 0.999565661 -0.025729539 -0.118195124 -0.995020449 0.016830929 0.098239392 4.673925877
0.073998943 0.020354414 0.997050524 0.220962584 0.009129381 0.999735951 -0.021086797 -0.119083606 -0.997216523 0.010662855 0.073793560 4.676040649
0.051375873 0.017786484 0.998520970 0.242906943 0.013390431 0.999739170 -0.018497150 -0.119863778 -0.998589635 0.014320933 0.051124308 4.676794529
0.031688064 0.018285140 0.999330580 0.269665360 0.021551801 0.999587655 -0.018973241 -0.120966271 -0.999265432 0.022138596 0.031280920 4.676245689
0.014611442 0.020671315 0.999679506 0.293117464 0.026615890 0.999423921 -0.021055052 -0.121755593 -0.999539018 0.026914999 0.014052832 4.676110268
-0.000266539 0.026284520 0.999654472 0.321804374 0.026499908 0.999303639 -0.026268229 -0.122376315 -0.999648750 0.026483741 -0.000962893 4.676221371
-0.011457948 0.030698219 0.999462962 0.347048014 0.022779768 0.999277294 -0.030431362 -0.123443432 -0.999674857 0.022418855 -0.012148964 4.676617146
-0.017797617 0.030239616 0.999384165 0.371774673 0.025900297 0.999221087 -0.029773429 -0.124030903 -0.999506056 0.025354451 -0.018566970 4.675808907
-0.020158924 0.027387196 0.999421597 0.407576382 0.032009695 0.999129951 -0.026733544 -0.125080481 -0.999284148 0.031452265 -0.021018039 4.674888611
-0.019593991 0.025775906 0.999475718 0.434937626 0.034886263 0.999076426 -0.025081689 -0.125807524 -0.999199152 0.034376521 -0.020475117 4.674340248
-0.017371355 0.025308853 0.999528706 0.462407231 0.032622170 0.999161661 -0.024732603 -0.127009302 -0.999316692 0.032177154 -0.018182423 4.673560619
-0.016086077 0.025525551 0.999544680 0.500487626 0.028491089 0.999279857 -0.025060270 -0.128561586 -0.999464571 0.028074993 -0.016801743 4.673602581
-0.015534691 0.026861159 0.999518394 0.530358732 0.027532188 0.999271572 -0.026426617 -0.129636943 -0.999500096 0.027108399 -0.016262924 4.674367905
-0.013995519 0.027291551 0.999529481 0.560053468 0.027347904 0.999264002 -0.026901370 -0.130988628 -0.999527931 0.026958540 -0.014731586 4.673364639
-0.013307166 0.027316758 0.999538243 0.601340771 0.026789084 0.999277711 -0.026952986 -0.132028908 -0.999552548 0.026418045 -0.014029345 4.673326015
-0.012861296 0.026368974 0.999569535 0.632849753 0.025505845 0.999335647 -0.026034623 -0.132920980 -0.999591947 0.025160026 -0.013525316 4.673232079
-0.012543238 0.024450962 0.999622285 0.665018201 0.026147839 0.999367177 -0.024116620 -0.134603739 -0.999579430 0.025835462 -0.013174639 4.673254967
-0.012573428 0.022278542 0.999672771 0.708495200 0.027607102 0.999378324 -0.021924758 -0.136100486 -0.999539793 0.027322393 -0.013180664 4.672304630
-0.013887593 0.020183584 0.999699891 0.741998672 0.025020059 0.999490201 -0.019831782 -0.137686849 -0.999590456 0.024737136 -0.014385508 4.672327518
-0.015193256 0.019572381 0.999693036 0.775312066 0.023543108 0.999538124 -0.019211546 -0.138496906 -0.999607325 0.023243994 -0.015647039 4.672269344
-0.016498623 0.016900970 0.999721110 0.818428874 0.026338648 0.999517620 -0.016462849 -0.139832631 -0.999516904 0.026059687 -0.016935812 4.671802044
-0.017183071 0.014863655 0.999742031 0.853248656 0.028153427 0.999500215 -0.014376173 -0.141149685 -0.999455869 0.027899129 -0.017592946 4.670781612
-0.019595522 0.014697867 0.999699950 0.887556434 0.024901994 0.999588907 -0.014208117 -0.141828910 -0.999497771 0.024616107 -0.019953476 4.671155930
-0.019747844 0.019134749 0.999621868 0.931634068 0.022351228 0.999575436 -0.018692300 -0.143527567 -0.999555111 0.021973643 -0.020167144 4.669953346
-0.020864649 0.024433706 0.999483764 0.967326224 0.023391029 0.999439597 -0.023944329 -0.144296467 -0.999508560 0.022879358 -0.021424489 4.669777393
-0.022073878 0.025867090 0.999421656 1.002671957 0.023175551 0.999409854 -0.025354911 -0.145904779 -0.999487698 0.022602465 -0.022660334 4.669031620
-0.023115331 0.023289042 0.999461651 1.047947049 0.019849746 0.999542236 -0.022831842 -0.147491544 -0.999535680 0.019311287 -0.023567034 4.668248653
-0.024390817 0.019175056 0.999518692 1.083312988 0.016578972 0.999686241 -0.018773705 -0.148870558 -0.999565005 0.016113086 -0.024701068 4.667774677
-0.024565009 0.013627571 0.999605417 1.119908929 0.015583692 0.999790847 -0.013247134 -0.150315493 -0.999576747 0.015252126 -0.024772234 4.667346954
-0.024906537 0.008740942 0.999651611 1.165324092 0.012049957 0.999891758 -0.008442814 -0.151148707 -0.999617159 0.011835475 -0.025009166 4.666768074
-0.024655761 0.007421462 0.999668539 1.200890779 0.009498850 0.999929011 -0.007189120 -0.152163163 -0.999650955 0.009318445 -0.024724508 4.666262627
-0.023071267 0.013979867 0.999636173 1.236506104 0.012444403 0.999828696 -0.013695350 -0.153703988 -0.999656379 0.012123907 -0.023241291 4.664914608
-0.022143189 0.025698191 0.999424398 1.281142235 0.014716221 0.999569595 -0.025375873 -0.154836416 -0.999646485 0.014145852 -0.022511847 4.664197445
-0.022654928 0.030802675 0.999268711 1.316019058 0.016558928 0.999399662 -0.030431297 -0.156194627 -0.999606252 0.015857402 -0.023151392 4.664366245
-0.021097003 0.025844084 0.999443293 1.351649642 0.017811680 0.999516785 -0.025470005 -0.157235891 -0.999618769 0.017264426 -0.021547141 4.663557529
-0.019772641 0.017410200 0.999652982 1.397039890 0.020617418 0.999642909 -0.017002217 -0.159431130 -0.999591827 0.020274084 -0.020124538 4.662734032
-0.019969746 0.015532691 0.999679983 1.432196736 0.022422489 0.999634862 -0.015084073 -0.160221949 -0.999549091 0.022114087 -0.020310741 4.662658215
-0.019519232 0.014998055 0.999697089 1.466146588 0.021258498 0.999667704 -0.014582539 -0.161864415 -0.999583423 0.020967416 -0.019831587 4.662149429
-0.020910500 0.016183812 0.999650300 1.510923624 0.017837362 0.999715865 -0.015811747 -0.163439333 -0.999622166 0.017500490 -0.021193234 4.661834240
-0.022760013 0.015742067 0.999616981 1.545877695 0.015973281 0.999754131 -0.015380532 -0.164950415 -0.999613404 0.015617102 -0.023005869 4.661359787
-0.024394758 0.015404670 0.999583721 1.579888225 0.015673824 0.999764144 -0.015024934 -0.166388735 -0.999579489 0.015300762 -0.024630455 4.660651207
-0.026766131 0.016310757 0.999508560 1.622741699 0.014044695 0.999774337 -0.015938986 -0.167711094 -0.999543130 0.013611166 -0.026989168 4.659744740
-0.028776413 0.016723061 0.999445975 1.656506419 0.012121925 0.999792457 -0.016379831 -0.168885380 -0.999512315 0.011643854 -0.028973157 4.659183502
-0.030828133 0.015761582 0.999400377 1.696189523 0.010263591 0.999828041 -0.015451726 -0.170138776 -0.999471903 0.009781090 -0.030984607 4.658281326
-0.033130918 0.014489946 0.999345958 1.729832530 0.010504631 0.999844730 -0.014148922 -0.171415389 -0.999395669 0.010028992 -0.033277985 4.657484055
-0.035085890 0.014380199 0.999280691 1.768371344 0.010326711 0.999848247 -0.014025780 -0.173131779 -0.999330819 0.009827177 -0.035229068 4.656532764
-0.037860975 0.015735652 0.999159098 1.802716494 0.009946519 0.999832332 -0.015369354 -0.173949987 -0.999233425 0.009356257 -0.038011141 4.656020164
-0.037822437 0.015063596 0.999170899 1.834991217 0.009994308 0.999841988 -0.014695391 -0.175653279 -0.999234438 0.009430206 -0.037967004 4.654350281
-0.039239809 0.014589746 0.999123275 1.875200033 0.012147475 0.999826491 -0.014122933 -0.176589549 -0.999155939 0.011582644 -0.039410222 4.653182983
-0.040619694 0.014401793 0.999070823 1.908719301 0.013236241 0.999816179 -0.013874386 -0.177587554 -0.999086916 0.012660369 -0.040802844 4.652021408
-0.041975759 0.014026352 0.999020219 1.940893292 0.011170335 0.999845564 -0.013568597 -0.178692624 -0.999056160 0.010589836 -0.042125959 4.651046753
-0.043682728 0.012755420 0.998964071 1.979918361 0.009582302 0.999877870 -0.012348074 -0.180067480 -0.998999476 0.009032979 -0.043799628 4.650038719
-0.044626746 0.011281600 0.998940051 2.011266232 0.008923296 0.999900937 -0.010893811 -0.180949375 -0.998963892 0.008427683 -0.044722989 4.649039268
-0.044823583 0.011103478 0.998933136 2.045977592 0.008695106 0.999904692 -0.010724116 -0.182374284 -0.998957038 0.008205140 -0.044915862 4.647447109
-0.045292471 0.013579969 0.998881459 2.075996876 0.008477589 0.999876797 -0.013209103 -0.183512062 -0.998937786 0.007869834 -0.045402013 4.646374702
-0.045453876 0.016655877 0.998827636 2.109969854 0.008867353 0.999828339 -0.016269039 -0.184426203 -0.998927116 0.008117466 -0.045593765 4.645326614
-0.045254480 0.018731829 0.998799980 2.139430046 0.007025211 0.999805450 -0.018432388 -0.185458988 -0.998950779 0.006182631 -0.045377277 4.644303799
-0.045525860 0.019138210 0.998779833 2.173553705 0.007671662 0.999793708 -0.018807949 -0.186713293 -0.998933673 0.006806052 -0.045663286 4.642952442
-0.044722602 0.018230107 0.998833179 2.202944756 0.008544051 0.999804020 -0.017865265 -0.188053057 -0.998962879 0.007735101 -0.044869594 4.641298294
-0.045796707 0.018638777 0.998776853 2.236233473 0.008946992 0.999793589 -0.018247498 -0.188942298 -0.998910725 0.008100375 -0.045954004 4.640492916
-0.045376755 0.017864037 0.998810232 2.264801979 0.004914699 0.999831975 -0.017659033 -0.190407455 -0.998957872 0.004107542 -0.045456924 4.639211178
-0.045853306 0.018654205 0.998773932 2.298277378 0.002758730 0.999824226 -0.018547164 -0.191537097 -0.998944342 0.001904899 -0.045896709 4.638476849
-0.045877311 0.017318083 0.998796940 2.327005863 0.004382397 0.999843597 -0.017134937 -0.192513764 -0.998937428 0.003591020 -0.045946036 4.637561798
-0.046783570 0.016623994 0.998766720 2.360256672 0.004766858 0.999853790 -0.016418803 -0.193642050 -0.998893678 0.003992848 -0.046855967 4.635865211
-0.050441276 0.016349539 0.998593152 2.388985157 0.001894901 0.999865711 -0.016274659 -0.194533423 -0.998725235 0.001071320 -0.050465487 4.634855747
-0.055968009 0.016017167 0.998304069 2.417576790 -0.001696276 0.999868393 -0.016137360 -0.195663497 -0.998431146 -0.002596576 -0.055933475 4.633951187
-0.061219454 0.019643553 0.997931004 2.451014757 0.001331373 0.999807119 -0.019598804 -0.196927562 -0.998123407 0.000128791 -0.061233796 4.631596088
-0.068860285 0.022230253 0.997378588 2.480170250 0.003973393 0.999749899 -0.022008775 -0.198112771 -0.997618437 0.002447447 -0.068931386 4.630156040
-0.075153008 0.024169447 0.996879160 2.512189865 0.003138727 0.999706984 -0.024001390 -0.198956162 -0.997167110 0.001325154 -0.075206824 4.627329350
-0.081527248 0.023151331 0.996402144 2.541063786 -0.000829643 0.999728203 -0.023296494 -0.200145245 -0.996670783 -0.002725958 -0.081485868 4.625308037
-0.086486384 0.022263408 0.996004283 2.573805809 -0.000817275 0.999748409 -0.022418069 -0.201402277 -0.996252716 -0.002752867 -0.086446419 4.622480869
-0.091298744 0.022679934 0.995565295 2.603140116 -0.003062992 0.999729574 -0.023055693 -0.202548161 -0.995818853 -0.005154364 -0.091204561 4.620185852
-0.095490374 0.022371551 0.995178878 2.636632442 -0.005414567 0.999720871 -0.022993200 -0.203565106 -0.995415568 -0.007584095 -0.095342584 4.617493153
-0.097510599 0.019290488 0.995047569 2.666745186 -0.004705914 0.999791980 -0.019843627 -0.204481065 -0.995223343 -0.006617572 -0.097399518 4.614457130
-0.099445686 0.016292544 0.994909585 2.701062918 -0.002215760 0.999859750 -0.016595084 -0.205673069 -0.995040476 -0.003854791 -0.099395648 4.611286640
-0.101126373 0.013318026 0.994784415 2.731945992 -0.002690551 0.999902964 -0.013660066 -0.206751555 -0.994869888 -0.004057911 -0.101080738 4.608511448
-0.102384500 0.013061912 0.994659185 2.766572714 -0.003626601 0.999902129 -0.013504067 -0.207823753 -0.994738281 -0.004989841 -0.102327131 4.605232716
-0.103374161 0.017604670 0.994486809 2.797668457 -0.001199298 0.999840319 -0.017824106 -0.208476454 -0.994641840 -0.003035237 -0.103336535 4.602405548
-0.102682538 0.020965865 0.994493186 2.833009481 0.004275977 0.999777973 -0.020635780 -0.209806800 -0.994705021 0.002133496 -0.102749392 4.598232269
-0.103346013 0.025709344 0.994313180 2.865048409 0.011950344 0.999625862 -0.024604628 -0.211195707 -0.994573772 0.009339591 -0.103614576 4.594819546
-0.104064986 0.026621832 0.994214177 2.900717735 0.012251258 0.999600172 -0.025483703 -0.212390721 -0.994495034 0.009528412 -0.104349516 4.591255665
-0.105174825 0.023951920 0.994165361 2.933078289 0.009957741 0.999685168 -0.023031462 -0.213809341 -0.994403839 0.007477310 -0.105380230 4.588627338
-0.104183324 0.019772677 0.994361639 2.968928337 0.011056658 0.999763727 -0.018721638 -0.214882478 -0.994496584 0.009043834 -0.104377307 4.584592819
-0.104407296 0.017801678 0.994375348 3.001110315 0.012629533 0.999782979 -0.016572410 -0.216140479 -0.994454384 0.010828216 -0.104609437 4.581477642
-0.105371766 0.017604984 0.994277060 3.036577463 0.013461939 0.999776900 -0.016275696 -0.217397317 -0.994341850 0.011669900 -0.105585240 4.577752113
-0.106598593 0.018411124 0.994131684 3.068138361 0.012327418 0.999776185 -0.017193818 -0.218697026 -0.994225740 0.010422241 -0.106801696 4.574434280
-0.109273486 0.019395234 0.993822455 3.103758097 0.011981749 0.999762654 -0.018193733 -0.219820410 -0.993939400 0.009919639 -0.109479949 4.571086407
-0.111770935 0.019169480 0.993549109 3.135182619 0.012614101 0.999760747 -0.017870283 -0.221312568 -0.993653834 0.010535351 -0.111985996 4.568010807
-0.113165975 0.019255849 0.993389428 3.170406818 0.013501326 0.999749839 -0.017841073 -0.222836435 -0.993484378 0.011393072 -0.113397613 4.563885689
-0.115432955 0.019205468 0.993129492 3.202870846 0.013713983 0.999748647 -0.017739471 -0.223714724 -0.993220568 0.011572042 -0.115667298 4.560741901
-0.117003433 0.018978946 0.992950141 3.238561392 0.010650139 0.999783874 -0.017854616 -0.225331947 -0.993074417 0.008486005 -0.117180265 4.556595325
-0.117911465 0.020786960 0.992806494 3.270647049 0.011641526 0.999741137 -0.019549539 -0.226130038 -0.992955804 0.009252668 -0.118122928 4.553180695
-0.118411824 0.021943934 0.992722154 3.302320957 0.010677084 0.999726057 -0.020825194 -0.226890519 -0.992907226 0.008133426 -0.118613683 4.549228191
-0.120016254 0.021835160 0.992531776 3.340586901 0.010229478 0.999732196 -0.020756623 -0.228449762 -0.992719233 0.007661950 -0.120207466 4.544899464
-0.120272473 0.019606292 0.992547333 3.372410297 0.010114785 0.999777317 -0.018523443 -0.229739115 -0.992689371 0.007811544 -0.120444000 4.540867329
-0.121909097 0.017400227 0.992388725 3.406789541 0.006644916 0.999838293 -0.016714549 -0.230637461 -0.992519021 0.004556685 -0.122004993 4.537356377
-0.123989761 0.015597600 0.992161095 3.443126202 0.005684952 0.999871194 -0.015008369 -0.231863931 -0.992267132 0.003779504 -0.124062486 4.533304691
-0.126355365 0.014648577 0.991876900 3.475540400 0.007012423 0.999879181 -0.013873449 -0.233218595 -0.991960168 0.005202476 -0.126442820 4.529603958
-0.127734646 0.015614628 0.991685450 3.512700558 0.008264532 0.999858081 -0.014678796 -0.234190524 -0.991774023 0.006320825 -0.127845570 4.524724960
-0.129721716 0.017061511 0.991403639 3.545676470 0.007587092 0.999839723 -0.016213952 -0.235013485 -0.991521299 0.005418570 -0.129830360 4.520455837
-0.131323293 0.020018531 0.991137445 3.578357220 0.009650994 0.999774575 -0.018914247 -0.236603051 -0.991292536 0.007081580 -0.131486878 4.516525269
-0.131974831 0.023601940 0.990972102 3.610868454 0.011031399 0.999689639 -0.022340437 -0.237832040 -0.991191626 0.007983433 -0.132194236 4.512300014
-0.132576510 0.028393770 0.990766048 3.654444456 0.012123861 0.999561429 -0.027023504 -0.238939315 -0.991098702 0.008429228 -0.132862568 4.506234646
-0.131980434 0.028806854 0.990833819 3.688182354 0.013053539 0.999541581 -0.027321268 -0.240431249 -0.991166294 0.009328013 -0.132295951 4.501439571
-0.131503657 0.028594064 0.990903318 3.726956606 0.017766409 0.999491334 -0.026484096 -0.241989508 -0.991156459 0.014122037 -0.131944761 4.496335983
-0.131568894 0.026406031 0.990955293 3.761948824 0.018251587 0.999540269 -0.024211537 -0.243519187 -0.991138935 0.014901022 -0.131990343 4.492005825
-0.130760923 0.025314305 0.991090655 3.797272444 0.017488729 0.999577343 -0.023223668 -0.244675383 -0.991259634 0.014296167 -0.131148353 4.487734318
-0.129008710 0.022769975 0.991381943 3.838696480 0.016813204 0.999642968 -0.020771800 -0.246331230 -0.991500914 0.013988567 -0.129345521 4.482705593
-0.127874330 0.019672040 0.991595268 3.874486685 0.016752673 0.999703407 -0.017672505 -0.247467190 -0.991648912 0.014352012 -0.128165990 4.478745461
-0.125779748 0.016529147 0.991920650 3.913666964 0.017691588 0.999739587 -0.014416073 -0.248693094 -0.991900384 0.015735399 -0.126039430 4.473634720
-0.123907320 0.016294884 0.992160022 3.948914051 0.016225142 0.999764860 -0.014393478 -0.249946177 -0.992161095 0.014314483 -0.124142580 4.469394207
-0.122584447 0.020436166 0.992247641 3.988465786 0.017021853 0.999684155 -0.018486412 -0.251527131 -0.992312074 0.014623749 -0.122893609 4.464878559
-0.120557584 0.026983213 0.992339611 4.024398804 0.017646205 0.999530733 -0.025034951 -0.252792925 -0.992549479 0.014492874 -0.120977186 4.460657120
-0.119142346 0.030358415 0.992412984 4.062980652 0.015706951 0.999464929 -0.028688474 -0.254106939 -0.992752850 0.012169770 -0.119555436 4.456492424
-0.118270829 0.028101472 0.992583692 4.100036144 0.014531050 0.999541402 -0.026567018 -0.255467415 -0.992875040 0.011281177 -0.118624933 4.452993870
-0.116530590 0.025276894 0.992865443 4.137832165 0.014803134 0.999609232 -0.023711177 -0.257218540 -0.993076742 0.011934441 -0.116859220 4.448085785
-0.115963325 0.023464842 0.992976248 4.173605919 0.015263488 0.999644995 -0.021839906 -0.258684754 -0.993136168 0.012623653 -0.116280280 4.444071293
-0.115134224 0.023408843 0.993074119 4.213543415 0.014992488 0.999649405 -0.021825649 -0.260110736 -0.993236780 0.012375775 -0.115444802 4.439710617
-0.114686601 0.023482950 0.993124127 4.249681473 0.014651657 0.999651849 -0.021945316 -0.261548489 -0.993293643 0.012034082 -0.114990711 4.436095238
-0.113902733 0.021444373 0.993260384 4.287815094 0.016959483 0.999663413 -0.019637769 -0.263103098 -0.993347108 0.014608389 -0.114228055 4.431681156
-0.112514384 0.020842656 0.993431449 4.323671341 0.019697666 0.999630332 -0.018741785 -0.264349341 -0.993454814 0.017459556 -0.112883337 4.427550316
-0.112434775 0.022144184 0.993412316 4.362944126 0.021535886 0.999571085 -0.019844033 -0.265939146 -0.993425608 0.019162852 -0.112863474 4.423619747
