0.999998391 0.001277120 0.001281332 -0.001112149 -0.001274242 0.999996603 -0.002244179 -0.000467515 -0.001284194 0.002242542 0.999996603 0.044829398
0.999996305 0.000676314 -0.002634295 -0.000939417 -0.000684661 0.999994755 -0.003168907 -0.001596463 0.002632138 0.003170698 0.999991536 0.103254385
0.999991894 -0.002085407 0.003449388 -0.003067615 0.002094390 0.999994338 -0.002602376 -0.001709762 -0.003443942 0.002609579 0.999990582 0.132191643
0.999980688 -0.003716656 0.004978316 -0.003716518 0.003722732 0.999992311 -0.001211759 -0.002366697 -0.004973774 0.001230269 0.999986887 0.175761044
0.999978662 -0.003860167 0.005262196 -0.003959510 0.003863835 0.999992251 -0.000687282 -0.003124644 -0.005259502 0.000707600 0.999985933 0.229221508
0.999956489 -0.005428798 0.007582037 -0.005205732 0.005436452 0.999984741 -0.000989248 -0.003525823 -0.007576551 0.001030425 0.999970734 0.265218228
0.999957383 -0.004723321 0.007943518 -0.005853518 0.004714526 0.999988258 0.001125621 -0.004742258 -0.007948742 -0.001088123 0.999967813 0.312265277
0.999946058 -0.004921776 0.009142750 -0.005980814 0.004904491 0.999986172 0.001912066 -0.004953919 -0.009152033 -0.001867122 0.999956369 0.338770390
0.999962032 -0.005856263 0.006466590 -0.003812476 0.005859411 0.999982774 -0.000468127 -0.005248087 -0.006463737 0.000505999 0.999979019 0.375018418
0.999992847 -0.003609093 0.001088342 -0.003676484 0.003610127 0.999993026 -0.000949745 -0.005850080 -0.001084906 0.000953668 0.999998927 0.389287949
0.999971092 -0.004195586 -0.006347139 -0.001074107 0.004187330 0.999990404 -0.001313406 -0.006263833 0.006352590 0.001286791 0.999978960 0.408136368
0.999967337 -0.002019908 -0.007826481 -0.002320932 0.002024793 0.999997735 0.000616312 -0.006533349 0.007825220 -0.000632139 0.999969125 0.427987158
0.999890387 -0.000668163 -0.014793139 0.000063663 0.000674334 0.999999702 0.000412215 -0.006786495 0.014792860 -0.000422146 0.999890447 0.443299502
0.999897957 0.000481151 -0.014276619 -0.001205799 -0.000463249 0.999999106 0.001257223 -0.006916421 0.014277210 -0.001250481 0.999897301 0.459438086
0.999871194 0.000675067 -0.016031306 -0.001612023 -0.000659182 0.999999344 0.000996143 -0.007360429 0.016031966 -0.000985448 0.999870956 0.475100219
0.999900401 0.000121384 -0.014119266 -0.002254204 -0.000120299 1.000000000 0.000077674 -0.007273935 0.014119271 -0.000075967 0.999900460 0.486579001
0.999874830 -0.000108564 -0.015824391 -0.001527407 0.000127874 0.999999285 0.001219224 -0.007023698 0.015824245 -0.001221095 0.999874115 0.502977610
0.999822795 0.001685706 -0.018747695 -0.000804642 -0.001632263 0.999994516 0.002865612 -0.007449939 0.018752422 -0.002834503 0.999820232 0.517738700
0.999845803 0.003733399 -0.017159576 -0.002219388 -0.003696192 0.999990761 0.002199533 -0.007418815 0.017167626 -0.002135768 0.999850452 0.526906967
0.999858677 0.003515566 -0.016444912 -0.002507833 -0.003477920 0.999991357 0.002317275 -0.007689174 0.016452910 -0.002259753 0.999862134 0.534932017
0.999884546 0.004147205 -0.014618545 -0.003308064 -0.004118473 0.999989510 0.001995010 -0.008083500 0.014626661 -0.001934573 0.999891162 0.538837790
0.999946296 0.003605872 -0.009718242 -0.004119017 -0.003594344 0.999992788 0.001203475 -0.007877608 0.009722514 -0.001168480 0.999952078 0.539390266
0.999994338 0.000930138 -0.003245290 -0.004875860 -0.000919367 0.999994099 0.003318751 -0.008331163 0.003248358 -0.003315749 0.999989271 0.534660876
0.999993622 0.001346176 0.003292007 -0.005077880 -0.001357584 0.999993026 0.003465681 -0.008144952 -0.003287319 -0.003470129 0.999988616 0.532421529
0.999955595 0.002081040 0.009182512 -0.006409031 -0.002101559 0.999995232 0.002225520 -0.008229885 -0.009177838 -0.002244719 0.999955356 0.531608939
0.999932408 0.001970473 0.011454613 -0.006541456 -0.002004282 0.999993622 0.002940819 -0.008286241 -0.011448747 -0.002963578 0.999930024 0.533671319
0.999958932 0.001334572 0.008954979 -0.005819580 -0.001360909 0.999994695 0.002935663 -0.008057762 -0.008951015 -0.002947729 0.999955595 0.541254640
0.999959707 0.000875414 0.008937026 -0.005716041 -0.000922678 0.999985695 0.005285744 -0.008283800 -0.008932270 -0.005293777 0.999946058 0.546591401
0.999952078 -0.001355183 0.009690954 -0.005694626 0.001317519 0.999991596 0.003891784 -0.008287178 -0.009696148 -0.003878830 0.999945462 0.548668563
0.999909818 -0.003848568 0.012871154 -0.005659769 0.003800053 0.999985576 0.003791575 -0.008264203 -0.012885559 -0.003742322 0.999909937 0.551483750
0.999927998 -0.002599562 0.011714090 -0.005668014 0.002554952 0.999989450 0.003821591 -0.008260971 -0.011723900 -0.003791387 0.999924064 0.554222286
0.999945998 -0.003101551 0.009916618 -0.005529988 0.003058448 0.999985814 0.004358648 -0.008252303 -0.009929997 -0.004328083 0.999941349 0.556175351
0.999947667 0.001082556 0.010178887 -0.005747404 -0.001126557 0.999989986 0.004317984 -0.008222390 -0.010174111 -0.004329224 0.999938846 0.557854950
0.999962389 -0.000589487 0.008656062 -0.005862191 0.000558181 0.999993324 0.003618654 -0.008405462 -0.008658139 -0.003613686 0.999955952 0.559670985
0.999957860 -0.001309884 0.009081831 -0.005508798 0.001263756 0.999986291 0.005083010 -0.008341873 -0.009088365 -0.005071319 0.999945760 0.563037455
0.999954164 -0.001046690 0.009510091 -0.005339700 0.000982325 0.999976516 0.006770235 -0.008334733 -0.009516955 -0.006760582 0.999931872 0.566034555
0.999952614 0.000310305 0.009725377 -0.005001040 -0.000392098 0.999964535 0.008409428 -0.008484280 -0.009722423 -0.008412845 0.999917269 0.568472207
0.999935210 0.000802383 0.011354267 -0.005158235 -0.000865708 0.999984086 0.005573333 -0.008357517 -0.011349614 -0.005582802 0.999920011 0.570275545
0.999938488 0.000790164 0.011058650 -0.005257836 -0.000815511 0.999997020 0.002287761 -0.008357269 -0.011056811 -0.002296638 0.999936223 0.572634041
0.999922216 -0.000428263 0.012467133 -0.005366625 0.000404151 0.999998033 0.001936520 -0.008415909 -0.012467939 -0.001931331 0.999920428 0.574478745
0.999908328 0.000165350 0.013543637 -0.005393636 -0.000231125 0.999988139 0.004855076 -0.008425850 -0.013542676 -0.004857761 0.999896526 0.576251686
0.999877632 -0.001123130 0.015604037 -0.005648879 0.001011422 0.999973774 0.007164992 -0.008458659 -0.015611675 -0.007148334 0.999852598 0.578105986
0.999870956 -0.001571895 0.015986688 -0.005570157 0.001460575 0.999974608 0.006972621 -0.008524144 -0.015997244 -0.006948371 0.999847949 0.580528736
0.999890029 -0.001661918 0.014737290 -0.005459756 0.001584626 0.999984920 0.005254768 -0.008479903 -0.014745802 -0.005230838 0.999877512 0.583192348
0.999915481 -0.002588953 0.012740273 -0.005127918 0.002531264 0.999986410 0.004542133 -0.008494606 -0.012751859 -0.004509499 0.999908447 0.585471213
0.999926448 -0.004286116 0.011343632 -0.004939346 0.004225731 0.999976814 0.005341850 -0.008523441 -0.011366265 -0.005293522 0.999921322 0.587914467
0.999933720 -0.003781773 0.010869946 -0.004781361 0.003725827 0.999979854 0.005162537 -0.008419264 -0.010889247 -0.005121694 0.999927580 0.590128779
0.999937296 -0.004255835 0.010354497 -0.004741188 0.004191024 0.999971509 0.006272924 -0.008456029 -0.010380896 -0.006229134 0.999926686 0.592211545
0.999940813 -0.003723317 0.010217431 -0.004417495 0.003653878 0.999970138 0.006806477 -0.008625309 -0.010242467 -0.006768740 0.999924600 0.594146490
0.999952734 -0.004964018 0.008361232 -0.003916433 0.004904517 0.999962628 0.007121757 -0.008609043 -0.008396273 -0.007080412 0.999939620 0.596091092
0.999951065 -0.006483485 0.007471337 -0.003372685 0.006422690 0.999946356 0.008132711 -0.008449795 -0.007523664 -0.008084328 0.999938965 0.597522676
0.999962330 -0.004429097 0.007460007 -0.003191119 0.004365311 0.999953866 0.008545079 -0.008396670 -0.007497511 -0.008512192 0.999935627 0.599610507
0.999971628 -0.001828788 0.007306877 -0.003480385 0.001758166 0.999951780 0.009659987 -0.008583017 -0.007324189 -0.009646866 0.999926627 0.602216601
0.999968946 -0.001301907 0.007766252 -0.003659926 0.001234299 0.999961376 0.008703887 -0.008665929 -0.007777283 -0.008694032 0.999931931 0.604470372
0.999968290 -0.004850672 0.006315539 -0.003195561 0.004803651 0.999960780 0.007439037 -0.008403661 -0.006351376 -0.007408463 0.999952376 0.606320083
0.999983013 -0.004935346 0.003099306 -0.002454078 0.004914199 0.999964893 0.006794153 -0.008466761 -0.003132729 -0.006778806 0.999972045 0.608195722
0.999987662 -0.004179973 0.002688854 -0.002737513 0.004159315 0.999962151 0.007642676 -0.008531945 -0.002720699 -0.007631397 0.999967158 0.610734344
0.999982774 -0.005527133 0.001953788 -0.002743638 0.005508604 0.999940932 0.009364994 -0.008560369 -0.002005434 -0.009354070 0.999954224 0.613049805
0.999973655 -0.007235867 0.000535169 -0.002338773 0.007231876 0.999948561 0.007114661 -0.008126635 -0.000586622 -0.007110604 0.999974549 0.614771366
0.999975324 -0.006980625 -0.000782304 -0.001871846 0.006985292 0.999956787 0.006131792 -0.007924298 0.000739466 -0.006137105 0.999980807 0.616612554
0.999980450 -0.006146946 -0.001194969 -0.001630570 0.006153761 0.999964356 0.005787134 -0.007991974 0.001159353 -0.005794375 0.999982476 0.618601143
0.999984920 -0.005305701 -0.001424993 -0.001677044 0.005316546 0.999956071 0.007717981 -0.008225942 0.001383981 -0.007725441 0.999969125 0.620667100
0.999974251 -0.005313098 -0.004822393 -0.000636315 0.005347085 0.999960721 0.007062434 -0.008046551 0.004784680 -0.007088038 0.999963343 0.622467339
0.999992609 -0.003107817 -0.002253385 -0.001781720 0.003124304 0.999968052 0.007350542 -0.008286870 0.002230469 -0.007357528 0.999970376 0.625442505
0.999994993 -0.002576723 -0.001847120 -0.002442443 0.002592153 0.999961317 0.008400048 -0.008479715 0.001825404 -0.008404795 0.999962986 0.628244102
0.999993503 -0.002612528 -0.002487656 -0.001846415 0.002623742 0.999986351 0.004515369 -0.007805360 0.002475826 -0.004521867 0.999986708 0.629875481
0.999989808 -0.003289752 -0.003095181 -0.001739457 0.003304438 0.999983251 0.004751757 -0.007723995 0.003079497 -0.004761936 0.999983907 0.632097423
0.999982536 -0.005345340 -0.002562471 -0.001720162 0.005361685 0.999965072 0.006414639 -0.007588673 0.002528093 -0.006428266 0.999976158 0.634403467
0.999976635 -0.005459343 -0.004126696 -0.001376005 0.005487195 0.999962032 0.006768238 -0.007266880 0.004089589 -0.006790723 0.999968529 0.636723816
0.999988794 -0.004139644 -0.002291389 -0.001404171 0.004153956 0.999971688 0.006277175 -0.007433687 0.002265339 -0.006286623 0.999977648 0.638334692
0.999995530 -0.001218831 -0.002741888 -0.001003993 0.001237080 0.999977052 0.006663601 -0.008635672 0.002733704 -0.006666963 0.999974012 0.640176952
0.999994218 -0.002986976 -0.001628164 -0.001695505 0.002994440 0.999984980 0.004600781 -0.008167203 0.001614397 -0.004605630 0.999988079 0.643052816
0.999996424 -0.002613821 -0.000489531 -0.002419874 0.002615824 0.999988079 0.004137691 -0.008207284 0.000478710 -0.004138956 0.999991298 0.645185947
0.999997973 -0.001959373 -0.000306642 -0.002600704 0.001961306 0.999977410 0.006436491 -0.008541748 0.000294023 -0.006437080 0.999979258 0.648106992
0.999989212 -0.004629791 -0.000414232 -0.002121782 0.004632546 0.999965310 0.006919397 -0.008229680 0.000382182 -0.006921239 0.999975979 0.650008142
0.999985516 -0.005084156 -0.001788126 -0.001525790 0.005093152 0.999974191 0.005063326 -0.007534580 0.001762337 -0.005072358 0.999985576 0.651615024
0.999986529 -0.004853002 -0.001850769 -0.001487375 0.004860452 0.999980032 0.004042108 -0.007422008 0.001831116 -0.004051047 0.999990165 0.653403282
0.999989450 -0.003343988 -0.003180382 -0.001410895 0.003356928 0.999986053 0.004072296 -0.007489494 0.003166720 -0.004082928 0.999986649 0.655075073
0.999982595 -0.004221146 -0.004116635 -0.001087778 0.004241166 0.999979138 0.004866734 -0.007919172 0.004096006 -0.004884109 0.999979734 0.658092737
0.999988616 -0.004765182 -0.000312334 -0.002291757 0.004767395 0.999960363 0.007515633 -0.008351086 0.000276508 -0.007517034 0.999971688 0.660767615
0.999992609 -0.003845674 -0.000230204 -0.002301913 0.003847212 0.999967396 0.007106876 -0.008149615 0.000202866 -0.007107709 0.999974728 0.662818193
0.999994218 -0.001942943 -0.002799731 -0.001882109 0.001961712 0.999975562 0.006717181 -0.008159278 0.002786611 -0.006722634 0.999973536 0.665382326
0.999990284 -0.003221591 -0.003012134 -0.002010516 0.003241184 0.999973476 0.006522627 -0.008294747 0.002991041 -0.006532325 0.999974191 0.667339861
0.999996901 -0.002383942 0.000744952 -0.002516649 0.002379555 0.999980152 0.005834443 -0.008273515 -0.000758846 -0.005832652 0.999982715 0.669220328
0.999993443 -0.003406779 -0.001235590 -0.002325552 0.003415756 0.999967277 0.007337930 -0.008395493 0.001210551 -0.007342102 0.999972343 0.671874344
0.999997199 -0.002116747 -0.001059548 -0.002456568 0.002124912 0.999967515 0.007764454 -0.008383246 0.001043078 -0.007766684 0.999969244 0.673717201
0.999994576 -0.003003702 -0.001351400 -0.002490759 0.003012754 0.999972641 0.006746998 -0.008426227 0.001331097 -0.006751032 0.999976277 0.675817311
0.999993205 -0.003014032 -0.002098655 -0.002458786 0.003024361 0.999983191 0.004936046 -0.008409404 0.002083742 -0.004942359 0.999985635 0.677988946
0.999993682 -0.002844405 -0.002103985 -0.002446732 0.002853764 0.999985933 0.004458462 -0.008364511 0.002091274 -0.004464438 0.999987841 0.680142641
0.999985754 -0.003843814 -0.003705269 -0.002272002 0.003862642 0.999979615 0.005087873 -0.008258592 0.003685636 -0.005102112 0.999980211 0.682702124
0.999965191 -0.004758342 -0.006857907 -0.001569233 0.004803658 0.999966621 0.006606761 -0.008325187 0.006826241 -0.006639473 0.999954700 0.685278773
0.999974847 -0.002989247 -0.006434512 -0.001981914 0.003038548 0.999966145 0.007665904 -0.008558116 0.006411378 -0.007685264 0.999949932 0.687453032
0.999965250 -0.004314474 -0.007125321 -0.001852169 0.004377253 0.999951601 0.008818890 -0.008563492 0.007086926 -0.008849774 0.999935746 0.689597607
0.999977291 -0.003760169 -0.005604833 -0.002229153 0.003802241 0.999964595 0.007514893 -0.008515134 0.005576377 -0.007536033 0.999956071 0.691386521
0.999989748 -0.003791979 -0.002481753 -0.002864784 0.003808789 0.999969661 0.006804462 -0.008529708 0.002455876 -0.006813845 0.999973834 0.692871749
0.999991775 -0.002956070 -0.002791818 -0.002840181 0.002970648 0.999981880 0.005232234 -0.008502055 0.002776301 -0.005240485 0.999982417 0.695214868
0.999990284 -0.001885483 -0.003995202 -0.002634489 0.001904178 0.999987185 0.004680656 -0.008494578 0.003986325 -0.004688218 0.999981046 0.697434425
0.999984384 -0.004027637 -0.003874188 -0.002307822 0.004050876 0.999973714 0.006009291 -0.008484170 0.003849883 -0.006024891 0.999974430 0.699146926
0.999989390 -0.003209226 -0.003299784 -0.002574632 0.003235149 0.999963641 0.007880839 -0.008830435 0.003274373 -0.007891430 0.999963462 0.701779485
0.999985754 -0.004434164 -0.002977729 -0.002468471 0.004458951 0.999955058 0.008370064 -0.008757990 0.002940481 -0.008383222 0.999960542 0.703808069
0.999994814 -0.002773965 -0.001637941 -0.002531946 0.002784926 0.999973416 0.006728284 -0.008595718 0.001619235 -0.006732810 0.999975979 0.705722809
0.999997377 -0.002292656 0.000077945 -0.002605325 0.002292174 0.999981105 0.005697967 -0.008627553 -0.000091007 -0.005697773 0.999983788 0.707757235
0.999995828 -0.002208784 0.001904979 -0.002775621 0.002197675 0.999980628 0.005814292 -0.008529142 -0.001917786 -0.005810080 0.999981284 0.709588468
0.999991357 -0.003485639 0.002242622 -0.002632369 0.003471570 0.999974430 0.006247418 -0.008516954 -0.002264341 -0.006239578 0.999977887 0.711951494
0.999992549 -0.003852571 0.000058241 -0.002285125 0.003852131 0.999972999 0.006264552 -0.008404881 -0.000082374 -0.006264281 0.999980271 0.714151025
0.999988079 -0.002903684 0.003925379 -0.002662960 0.002875470 0.999970078 0.007174185 -0.008546729 -0.003946093 -0.007162811 0.999966562 0.716196477
0.999987066 -0.002736794 0.004278056 -0.002604880 0.002707243 0.999972522 0.006898164 -0.008574206 -0.004296817 -0.006886492 0.999967039 0.718340516
0.999979794 -0.003263783 0.005447207 -0.002768802 0.003233552 0.999979377 0.005549473 -0.008547478 -0.005465206 -0.005531747 0.999969721 0.720257044
0.999981225 -0.002946650 0.005364541 -0.002686293 0.002921979 0.999985158 0.004600930 -0.008571958 -0.005378019 -0.004585168 0.999974966 0.722525239
0.999949098 -0.004986633 0.008770721 -0.003135890 0.004938897 0.999972939 0.005455933 -0.008644188 -0.008797690 -0.005412337 0.999946654 0.724187195
0.999935091 -0.006535259 0.009336492 -0.003671363 0.006477416 0.999959767 0.006212242 -0.008578742 -0.009376715 -0.006151362 0.999937177 0.726552188
0.999952435 -0.006177453 0.007545791 -0.003359645 0.006133388 0.999964118 0.005849062 -0.008669828 -0.007581652 -0.005802503 0.999954402 0.729424715
0.999959528 -0.005966649 0.006732656 -0.002921209 0.005930921 0.999968290 0.005314366 -0.008682959 -0.006764153 -0.005274220 0.999963224 0.731173873
0.999968827 -0.004370579 0.006586420 -0.002646157 0.004337369 0.999977887 0.005048227 -0.008684211 -0.006608339 -0.005019502 0.999965608 0.732938707
0.999965787 -0.005537760 0.006152792 -0.002138796 0.005509089 0.999974012 0.004667180 -0.008630116 -0.006178479 -0.004633124 0.999970138 0.734495342
0.999975562 -0.003820130 0.005847360 -0.002198351 0.003789958 0.999979496 0.005162359 -0.008739382 -0.005866962 -0.005140072 0.999969542 0.736593544
0.999989033 -0.004477598 0.001375268 -0.001267392 0.004469413 0.999972582 0.005898464 -0.008645386 -0.001401642 -0.005892253 0.999981642 0.738963902
0.999988496 -0.004578634 0.001459617 -0.001322177 0.004568192 0.999964476 0.007078691 -0.008642081 -0.001491976 -0.007071941 0.999973834 0.741055906
0.999991536 -0.004106679 0.000015066 -0.001019157 0.004106471 0.999966919 0.007024993 -0.008583838 -0.000043916 -0.007024873 0.999975324 0.743111670
0.999985337 -0.005344059 -0.000744421 -0.000695442 0.005348291 0.999968767 0.005803821 -0.008491788 0.000713382 -0.005807718 0.999982893 0.745091200
0.999993563 -0.003401852 0.001152548 -0.001532844 0.003394588 0.999974728 0.006247435 -0.008532120 -0.001173773 -0.006243483 0.999979854 0.746975601
0.999981463 -0.005205373 0.003141428 -0.001634738 0.005187642 0.999970734 0.005626083 -0.008629506 -0.003170622 -0.005609683 0.999979198 0.748831272
0.999983490 -0.004933752 0.002933871 -0.001644860 0.004923001 0.999981165 0.003659993 -0.008493409 -0.002951873 -0.003645489 0.999989033 0.750917673
0.999981225 -0.005577848 0.002552957 -0.001575664 0.005569711 0.999979436 0.003183185 -0.008514962 -0.002570660 -0.003168906 0.999991655 0.752744973
0.999988973 -0.004629714 0.000737148 -0.001427152 0.004627794 0.999985993 0.002586874 -0.008414478 -0.000749114 -0.002583435 0.999996364 0.754656911
0.999992967 -0.003348356 0.001668498 -0.001914838 0.003341355 0.999985695 0.004181286 -0.008600712 -0.001682474 -0.004175683 0.999989867 0.755951703
0.999997914 -0.001486363 0.001350663 -0.001854093 0.001480649 0.999989986 0.004221203 -0.008624214 -0.001356924 -0.004219196 0.999990165 0.757942617
0.999998987 -0.001153601 0.000875291 -0.001568430 0.001151127 0.999995351 0.002822229 -0.008485029 -0.000878543 -0.002821218 0.999995649 0.760181189
0.999994636 -0.002265148 -0.002360775 -0.001527492 0.002272702 0.999992311 0.003202065 -0.008563658 0.002353504 -0.003207413 0.999992013 0.760824203
0.999990046 -0.004000316 -0.001967065 -0.001551711 0.004004702 0.999989510 0.002231211 -0.008602744 0.001958119 -0.002239067 0.999995589 0.763005853
0.999986827 -0.004920654 -0.001432174 -0.001726088 0.004924948 0.999983430 0.003011137 -0.008721545 0.001417334 -0.003018151 0.999994397 0.764634609
0.999990523 -0.004057685 -0.001596437 -0.001497399 0.004065223 0.999980509 0.004746503 -0.008680117 0.001577146 -0.004752947 0.999987423 0.766410291
0.999994218 -0.001468592 -0.003062853 -0.001219193 0.001489099 0.999976456 0.006703776 -0.008707386 0.003052936 -0.006708298 0.999972820 0.767962337
0.999975681 -0.000070102 -0.006978679 -0.001303599 0.000106585 0.999986410 0.005227451 -0.008770343 0.006978217 -0.005228068 0.999961972 0.769106388
0.999934852 0.000948774 -0.011378572 -0.000631426 -0.000901441 0.999990940 0.004164251 -0.008789763 0.011382420 -0.004153722 0.999926507 0.771537066
0.999981523 0.000376642 -0.006071841 -0.001204849 -0.000346795 0.999987841 0.004916011 -0.008810045 0.006073619 -0.004913814 0.999969482 0.773104191
0.999993622 -0.002010085 -0.002945347 -0.001400152 0.002027238 0.999980986 0.005832472 -0.008755039 0.002933567 -0.005838406 0.999978662 0.774845898
0.999982715 -0.004358750 -0.003953214 -0.001371918 0.004386516 0.999965549 0.007042437 -0.008808599 0.003922382 -0.007059656 0.999967337 0.776295900
0.999983609 -0.004696394 -0.003287820 -0.001643969 0.004716908 0.999969304 0.006259748 -0.008866371 0.003258322 -0.006275154 0.999975026 0.777817369
0.999977052 -0.003927884 -0.005521515 -0.001451779 0.003953272 0.999981642 0.004594570 -0.008880494 0.005503367 -0.004616292 0.999974251 0.779701233
0.999966025 -0.004481914 -0.006930167 -0.001298586 0.004497370 0.999987364 0.002216207 -0.008818556 0.006920147 -0.002247300 0.999973476 0.781440556
0.999920607 -0.005786721 -0.011200843 -0.001043569 0.005803994 0.999981999 0.001510250 -0.008844970 0.011191903 -0.001575141 0.999936044 0.783265531
0.999918342 -0.005121421 -0.011707347 -0.001136193 0.005159820 0.999981523 0.003252163 -0.008844448 0.011690477 -0.003312306 0.999926090 0.785170555
0.999915719 -0.004466891 -0.012185968 -0.001165950 0.004516101 0.999981761 0.004013726 -0.008832335 0.012167819 -0.004068420 0.999917567 0.787464440
0.999884725 -0.002772241 -0.014923545 -0.001242273 0.002838582 0.999986112 0.004426109 -0.008969122 0.014911067 -0.004467960 0.999878824 0.788302183
0.999835432 -0.001133346 -0.018107349 -0.000818784 0.001227595 0.999985814 0.005194703 -0.009008028 0.018101206 -0.005216077 0.999822497 0.789772570
0.999811232 -0.001464369 -0.019372318 -0.000500364 0.001518183 0.999995053 0.002763447 -0.008600598 0.019368177 -0.002792336 0.999808431 0.791959584
0.999741256 -0.003325243 -0.022499003 -0.000179693 0.003377138 0.999991775 0.002268939 -0.008685555 0.022491273 -0.002344334 0.999744236 0.793639421
0.999749124 -0.002078773 -0.022299597 -0.000645867 0.002129137 0.999995232 0.002235042 -0.008860491 0.022294845 -0.002281961 0.999748766 0.795077026
0.999878109 -0.001063124 -0.015575141 -0.001631454 0.001087133 0.999998212 0.001533161 -0.008863927 0.015573482 -0.001549906 0.999877453 0.796375930
0.999971271 -0.002593890 -0.007110664 -0.002582484 0.002610068 0.999994040 0.002266881 -0.008904243 0.007104740 -0.002285375 0.999972105 0.799046099
0.999977648 -0.001904014 -0.006408713 -0.002147387 0.001929718 0.999990106 0.004007086 -0.008998777 0.006401019 -0.004019364 0.999971449 0.801040888
0.999962509 -0.002328068 -0.008336438 -0.001635795 0.002368012 0.999985695 0.004784759 -0.008988520 0.008325179 -0.004804321 0.999953747 0.802707732
0.999964893 0.000108898 -0.008373721 -0.001377767 -0.000069076 0.999988616 0.004755707 -0.009038599 0.008374142 -0.004754961 0.999953568 0.804678738
0.999990940 0.001379727 -0.004028313 -0.002291135 -0.001366932 0.999994099 0.003177188 -0.009032436 0.004032673 -0.003171654 0.999986768 0.805882752
0.999980927 0.002333439 -0.005724146 -0.002331030 -0.002318793 0.999993980 0.002564070 -0.008986040 0.005730097 -0.002550749 0.999980271 0.806873143
0.999916852 0.001759390 -0.012767766 -0.001858225 -0.001715541 0.999992609 0.003444480 -0.009039311 0.012773732 -0.003422290 0.999912500 0.807627439
0.999920666 0.002310139 -0.012367138 -0.002126969 -0.002276839 0.999993742 0.002706023 -0.008985667 0.012373312 -0.002677650 0.999919891 0.808914661
0.999913573 0.002739337 -0.012853023 -0.002450301 -0.002692789 0.999989748 0.003637462 -0.009092376 0.012862856 -0.003602537 0.999910772 0.809974670
0.999887288 0.003102484 -0.014687577 -0.002259045 -0.003035345 0.999984801 0.004591258 -0.009045164 0.014701598 -0.004546158 0.999881566 0.811578929
0.999884129 0.004940155 -0.014400961 -0.002378691 -0.004871372 0.999976575 0.004807540 -0.009033959 0.014424375 -0.004736830 0.999884665 0.812860191
0.999902368 0.006067807 -0.012574511 -0.002698420 -0.006044470 0.999979973 0.001892977 -0.008986294 0.012585745 -0.001816786 0.999919116 0.814313054
0.999881804 0.009627480 -0.011975528 -0.003106846 -0.009631978 0.999953568 -0.000317989 -0.008964208 0.011971910 0.000433299 0.999928236 0.815492630
0.999861538 0.010939797 -0.012530455 -0.003421145 -0.010985170 0.999933243 -0.003557977 -0.008890963 0.012490697 0.003695134 0.999915123 0.816432893
0.999858975 0.008286631 -0.014607281 -0.003466986 -0.008315377 0.999963582 -0.001908266 -0.008873193 0.014590933 0.002029462 0.999891460 0.817497253
0.999801874 0.010205274 -0.017091058 -0.003545169 -0.010228962 0.999946833 -0.001299048 -0.008880978 0.017076887 0.001473615 0.999853015 0.818536103
0.999827981 0.010738694 -0.015124451 -0.004096857 -0.010754844 0.999941647 -0.000986932 -0.008802579 0.015112969 0.001149423 0.999885142 0.819977403
0.999817371 0.009631533 -0.016511625 -0.004441062 -0.009652441 0.999952674 -0.001186944 -0.008744051 0.016499411 0.001346105 0.999862909 0.821120858
0.999804020 0.009191577 -0.017537117 -0.004798384 -0.009217139 0.999956548 -0.001377210 -0.008698465 0.017523695 0.001538582 0.999845207 0.822182477
0.999794841 0.007079255 -0.018984498 -0.004747238 -0.007111688 0.999973357 -0.001641335 -0.008720151 0.018972371 0.001776010 0.999818385 0.823439658
0.999741077 0.005768582 -0.022013471 -0.004528590 -0.005775817 0.999983251 -0.000265072 -0.008754940 0.022011572 0.000392149 0.999757648 0.824864030
0.999642432 0.006095221 -0.026032999 -0.004263448 -0.006092067 0.999981344 0.000200439 -0.008924982 0.026033739 -0.000041772 0.999661088 0.826231062
0.999628007 0.000363605 -0.027269490 -0.004405515 -0.000328337 0.999999046 0.001297791 -0.008870972 0.027269941 -0.001288355 0.999627233 0.828409791
0.999503672 0.005341154 -0.031045668 -0.004103484 -0.005267168 0.999983013 0.002464390 -0.008988407 0.031058308 -0.002299644 0.999514937 0.829304993
0.999377966 0.007698979 -0.034412701 -0.003989983 -0.007574182 0.999964178 0.003755379 -0.009033268 0.034440376 -0.003492396 0.999400616 0.830036104
0.999503314 0.007958275 -0.030491283 -0.004998837 -0.007925106 0.999967813 0.001208473 -0.008890196 0.030499922 -0.000966226 0.999534369 0.831858635
0.999536753 0.008291950 -0.029281892 -0.005428061 -0.008253994 0.999964893 0.001416897 -0.008835808 0.029292613 -0.001174548 0.999570191 0.833033800
0.999489188 0.006204513 -0.031351633 -0.005891254 -0.006160250 0.999979854 0.001508234 -0.008870210 0.031360362 -0.001314330 0.999507308 0.834378362
0.999629557 0.007870652 -0.026051136 -0.006894120 -0.007863658 0.999969006 0.000370931 -0.008637156 0.026053252 -0.000165936 0.999660492 0.836609840
0.999815226 0.007856604 -0.017537165 -0.007965656 -0.007887181 0.999967456 -0.001675094 -0.008430395 0.017523438 0.001813103 0.999844790 0.839159787
0.999860883 0.008530308 -0.014327512 -0.008410430 -0.008512375 0.999962986 0.001312156 -0.008555372 0.014338170 -0.001190013 0.999896526 0.841048300
0.999827743 0.011708009 -0.014395115 -0.008741841 -0.011690851 0.999930799 0.001275487 -0.008486933 0.014409055 -0.001106976 0.999895513 0.842040241
0.999885440 0.010642763 -0.010759936 -0.009417607 -0.010613108 0.999939740 0.002809468 -0.008982422 0.010789189 -0.002694950 0.999938130 0.843881428
0.999879241 0.013321699 -0.008001493 -0.010101368 -0.013313299 0.999910772 0.001102018 -0.008767091 0.008015461 -0.000995359 0.999967337 0.845093608
0.999901950 0.011977764 -0.007257561 -0.011028819 -0.011965665 0.999926925 0.001708477 -0.008869121 0.007277497 -0.001621468 0.999972224 0.846575320
0.999885142 0.011880890 -0.009417267 -0.010938102 -0.011849410 0.999924004 0.003391518 -0.008986516 0.009456845 -0.003279539 0.999949932 0.847705543
0.999832451 0.013499939 -0.012368994 -0.010975166 -0.013482613 0.999907970 0.001483245 -0.008830760 0.012387880 -0.001316230 0.999922454 0.848706722
0.999822199 0.010636333 -0.015572061 -0.011010620 -0.010640061 0.999943316 -0.000156475 -0.008989894 0.015569516 0.000322135 0.999878764 0.849690795
0.999816179 0.010042487 -0.016342644 -0.011247802 -0.010015985 0.999948323 0.001702851 -0.009074596 0.016358903 -0.001538850 0.999864995 0.850803316
0.999772429 0.007208912 -0.020079840 -0.010820059 -0.007134200 0.999967337 0.003790097 -0.009258915 0.020106506 -0.003645981 0.999791205 0.852311432
0.999770522 0.007703929 -0.019989504 -0.010897845 -0.007594984 0.999956012 0.005520303 -0.009142816 0.020031147 -0.005367216 0.999784946 0.854079664
0.999849260 0.007082591 -0.015860954 -0.012413808 -0.006994251 0.999959767 0.005618188 -0.009193402 0.015900107 -0.005506405 0.999858439 0.854961276
0.999823093 0.008066679 -0.016990356 -0.012543342 -0.007951451 0.999945045 0.006838618 -0.009231769 0.017044587 -0.006702310 0.999832332 0.856394053
0.999802768 0.007899508 -0.018228579 -0.012575673 -0.007792886 0.999952137 0.005912904 -0.009242719 0.018274419 -0.005769683 0.999816358 0.858017862
0.999724507 0.005246915 -0.022874892 -0.012082094 -0.005138461 0.999975264 0.004797352 -0.009228518 0.022899495 -0.004678490 0.999726832 0.859517336
0.999770999 0.004006891 -0.021021767 -0.012905426 -0.003906581 0.999980748 0.004810588 -0.009148875 0.021040637 -0.004727362 0.999767423 0.861061096
0.999734521 0.002602617 -0.022894081 -0.013323123 -0.002463040 0.999978185 0.006122756 -0.009374714 0.022909516 -0.006064741 0.999719143 0.862508535
0.999659419 0.002690340 -0.025957841 -0.013454875 -0.002483995 0.999965072 0.007978240 -0.009494646 0.025978398 -0.007911043 0.999631226 0.863663495
0.999639988 0.001711387 -0.026778221 -0.013749872 -0.001488991 0.999964297 0.008322842 -0.009506656 0.026791509 -0.008279974 0.999606788 0.864838064
0.999646068 0.002142601 -0.026519956 -0.014259333 -0.001896714 0.999955058 0.009293428 -0.009541397 0.026538678 -0.009239838 0.999605060 0.865982533
0.999619424 0.002394476 -0.027481467 -0.014440742 -0.002101487 0.999940634 0.010685258 -0.009613318 0.027505424 -0.010623440 0.999565184 0.866922617
0.999589980 0.003856154 -0.028370753 -0.014695979 -0.003580039 0.999945819 0.009776758 -0.009743509 0.028406920 -0.009671181 0.999549627 0.868882835
0.999612987 0.005617274 -0.027244644 -0.015160505 -0.005345957 0.999935508 0.010021237 -0.009676092 0.027299179 -0.009871708 0.999578536 0.870641053
0.999561250 0.003463257 -0.029414460 -0.015187375 -0.003133730 0.999931931 0.011241626 -0.009695529 0.029451389 -0.011144517 0.999503970 0.871035218
0.999554455 0.003630541 -0.029625304 -0.015465733 -0.003312529 0.999936461 0.010776487 -0.009729031 0.029662546 -0.010673551 0.999502897 0.871639907
0.999544859 0.003148889 -0.030001938 -0.015828807 -0.002821712 0.999936223 0.010941355 -0.009766549 0.030034477 -0.010851718 0.999489844 0.872396648
0.999551535 0.005510791 -0.029430870 -0.016148388 -0.005204566 0.999931633 0.010471370 -0.009778244 0.029486565 -0.010313498 0.999511957 0.872835755
0.999563754 0.005623919 -0.028994678 -0.016404700 -0.005301070 0.999923170 0.011199633 -0.009794297 0.029055433 -0.011041043 0.999516845 0.873276055
0.999532580 0.007597064 -0.029610112 -0.016313508 -0.007254268 0.999905586 0.011667280 -0.009792134 0.029695956 -0.011447029 0.999493420 0.872674823
0.999546170 0.006236112 -0.029471200 -0.016723998 -0.005869250 0.999904454 0.012518275 -0.009830198 0.029546451 -0.012339621 0.999487221 0.873347938
0.999549985 0.007580384 -0.029023983 -0.017033849 -0.007258853 0.999911249 0.011167511 -0.009843585 0.029106066 -0.010951807 0.999516308 0.873721659
0.999506831 0.008644298 -0.030187031 -0.016883649 -0.008297564 0.999898434 0.011592660 -0.009845344 0.030284174 -0.011336465 0.999477029 0.873697758
0.999469817 0.009730427 -0.031067839 -0.016875964 -0.009399856 0.999897897 0.010768715 -0.009839576 0.031169446 -0.010470974 0.999459267 0.873703897
0.999585748 0.008131887 -0.027604006 -0.016741581 -0.007826190 0.999907017 0.011164386 -0.009836381 0.027692229 -0.010943728 0.999556541 0.873365700
0.999629378 0.006922918 -0.026325002 -0.016779132 -0.006669551 0.999930680 0.009700222 -0.009824655 0.026390338 -0.009521053 0.999606371 0.873322606
0.999657750 0.004771737 -0.025720555 -0.016740721 -0.004484134 0.999926865 0.011227930 -0.009817461 0.025772253 -0.011108752 0.999606073 0.873282671
0.999673843 0.003335214 -0.025317645 -0.016658094 -0.002964603 0.999888062 0.014661891 -0.009809673 0.025363714 -0.014582053 0.999571979 0.873161733
0.999642074 0.006328449 -0.025994116 -0.016723331 -0.005962185 0.999882102 0.014143735 -0.009823386 0.026080564 -0.013983690 0.999562085 0.873285711
0.999662876 0.009757125 -0.024056476 -0.016663030 -0.009599440 0.999931753 0.006661560 -0.009811688 0.024119832 -0.006428386 0.999688447 0.873254418
0.999634504 0.010446639 -0.024931334 -0.016385198 -0.010395617 0.999943614 0.002175189 -0.009808077 0.024952652 -0.001915217 0.999686778 0.873045504
0.999605536 0.012670578 -0.025066432 -0.016084800 -0.012519508 0.999902546 0.006174612 -0.009775436 0.025142225 -0.005858356 0.999666631 0.872652829
0.999659359 0.009761370 -0.024202714 -0.015976926 -0.009454198 0.999873757 0.012773708 -0.009752544 0.024324344 -0.012540539 0.999625385 0.872662008
0.999698043 0.008880583 -0.022912174 -0.015930824 -0.008522718 0.999840975 0.015669584 -0.009770004 0.023047686 -0.015469578 0.999614596 0.872551739
0.999694109 0.009214584 -0.022950985 -0.015922675 -0.008883002 0.999855280 0.014507565 -0.009757422 0.023081342 -0.014299253 0.999631286 0.872590303
0.999658525 0.011138174 -0.023640973 -0.015880849 -0.010814769 0.999846816 0.013763925 -0.009780596 0.023790654 -0.013503551 0.999625742 0.872510374
0.999738812 0.009011500 -0.021002611 -0.015904825 -0.008678740 0.999836206 0.015881415 -0.009757872 0.021142282 -0.015694991 0.999653280 0.872461677
0.999720395 0.010623463 -0.021122074 -0.015816838 -0.010256833 0.999796152 0.017390840 -0.009751380 0.021302519 -0.017169332 0.999625683 0.872080147
0.999751866 0.008947667 -0.020400187 -0.015716063 -0.008577303 0.999798179 0.018170699 -0.009733677 0.020558652 -0.017991211 0.999626756 0.871799886
0.999678254 0.010228218 -0.023207981 -0.015601235 -0.009845137 0.999814391 0.016561097 -0.009740267 0.023373058 -0.016327286 0.999593377 0.871664166
0.999677181 0.009042933 -0.023745829 -0.015835423 -0.008662459 0.999833226 0.016077090 -0.009758545 0.023887256 -0.015866201 0.999588668 0.872436583
0.999626875 0.009455996 -0.025626481 -0.015977502 -0.009055673 0.999835849 0.015692720 -0.009776112 0.025770660 -0.015454799 0.999548435 0.873099923
0.999599278 0.008732276 -0.026925823 -0.016165316 -0.008292892 0.999831319 0.016387040 -0.009794486 0.027064376 -0.016157178 0.999503076 0.873754025
0.999669731 0.008017084 -0.024416294 -0.016913543 -0.007643227 0.999852657 0.015366831 -0.009867365 0.024535894 -0.015175134 0.999583781 0.875559866
0.999673307 0.010120057 -0.023468740 -0.017620213 -0.009750729 0.999827623 0.015798410 -0.009992287 0.023624577 -0.015564412 0.999599695 0.877137423
0.999697566 0.009201888 -0.022806996 -0.017968668 -0.008809969 0.999812901 0.017225426 -0.009982496 0.022961231 -0.017019289 0.999591529 0.878031015
0.999657333 0.009405999 -0.024427962 -0.017357539 -0.008958676 0.999791324 0.018357264 -0.010032127 0.024595529 -0.018132132 0.999533057 0.876330495
0.999564230 0.015108701 -0.025357250 -0.017051289 -0.014668602 0.999740064 0.017453112 -0.009849931 0.025614355 -0.017073555 0.999526024 0.874477923
0.999623120 0.012883480 -0.024240578 -0.016041242 -0.012316286 0.999650180 0.023404103 -0.009754974 0.024533626 -0.023096731 0.999432147 0.871603489
0.999598384 0.011282215 -0.025995169 -0.015100380 -0.010564463 0.999563694 0.027584787 -0.009633100 0.026295045 -0.027299091 0.999281347 0.869536042
0.999590516 0.010170980 -0.026744783 -0.014150213 -0.009408997 0.999550462 0.028463960 -0.009523405 0.027022269 -0.028200664 0.999236882 0.867459893
0.999646246 0.006948145 -0.025672643 -0.013451111 -0.006259124 0.999620616 0.026822247 -0.009440506 0.025849272 -0.026652072 0.999310434 0.866032600
0.999743700 0.000269681 -0.022638962 -0.013405007 0.000357280 0.999616683 0.027685262 -0.009455342 0.022637749 -0.027686257 0.999360263 0.865972638
0.999720097 -0.001916206 -0.023581181 -0.013687285 0.002583998 0.999595523 0.028321097 -0.009600060 0.023517370 -0.028374102 0.999320686 0.867313147
0.999694884 0.000490232 -0.024700470 -0.013459535 0.000197620 0.999612451 0.027837614 -0.009532716 0.024704548 -0.027834000 0.999307215 0.867598236
0.999632299 0.004233267 -0.026782492 -0.013317134 -0.003492750 0.999611855 0.027635880 -0.009536467 0.026889089 -0.027532173 0.999259233 0.867778361
0.999706447 0.004812818 -0.023745848 -0.013419425 -0.004184701 0.999641836 0.026430771 -0.009536345 0.023864551 -0.026323639 0.999368548 0.868235111
0.999796271 0.004182209 -0.019748775 -0.013583980 -0.003673787 0.999662578 0.025711002 -0.009501506 0.019849645 -0.025633208 0.999474287 0.868508995
0.999838233 0.000441047 -0.017980212 -0.013742933 0.000052409 0.999623597 0.027434714 -0.009564679 0.017985541 -0.027431214 0.999461830 0.868783712
0.999841869 0.000578393 -0.017774107 -0.013861252 -0.000103456 0.999643147 0.026710000 -0.009589879 0.017783215 -0.026703933 0.999485195 0.868884921
0.999825478 -0.001185216 -0.018643675 -0.013798834 0.001681120 0.999644518 0.026605941 -0.009580759 0.018605512 -0.026632637 0.999472141 0.868885934
0.999842465 0.001233577 -0.017702267 -0.013849177 -0.000800313 0.999700487 0.024461340 -0.009587394 0.017727137 -0.024443315 0.999544024 0.868908465
0.999794126 0.000129673 -0.020288343 -0.013903707 0.000412903 0.999642372 0.026736734 -0.009601885 0.020284556 -0.026739605 0.999436557 0.869040430
0.999791205 -0.000553746 -0.020423949 -0.013935016 0.001111095 0.999626994 0.027287759 -0.009598348 0.020401217 -0.027304748 0.999418974 0.868968725
0.999812901 -0.001537569 -0.019279806 -0.013873556 0.002053791 0.999639153 0.026784133 -0.009634282 0.019231664 -0.026818719 0.999455273 0.868641198
0.999867022 -0.000558628 -0.016301639 -0.013830321 0.000989351 0.999650300 0.026425980 -0.009620281 0.016281176 -0.026438588 0.999517739 0.868517339
0.999901950 0.001809407 -0.013881115 -0.013972016 -0.001456285 0.999676108 0.025407096 -0.009599771 0.013922588 -0.025384389 0.999580801 0.868503928
0.999904335 0.002071257 -0.013674321 -0.013902673 -0.001699300 0.999629736 0.027156927 -0.009543622 0.013725503 -0.027131092 0.999537706 0.868166804
0.999959707 0.004332114 -0.007862274 -0.014180606 -0.004098027 0.999554932 0.029549165 -0.009576904 0.007986785 -0.029515754 0.999532402 0.868543327
0.999942124 0.005055402 -0.009493676 -0.013950663 -0.004763724 0.999523461 0.030498594 -0.009570822 0.009643335 -0.030451607 0.999489725 0.868437171
0.999962449 0.006977737 -0.005133681 -0.014378770 -0.006831249 0.999584019 0.028019361 -0.009550951 0.005327055 -0.027983237 0.999594212 0.869306862
0.999971688 0.007385610 -0.001402043 -0.014500513 -0.007347562 0.999649286 0.025438946 -0.009604815 0.001589430 -0.025427926 0.999675393 0.870322704
0.999962330 0.006926746 0.005233415 -0.015024999 -0.007064941 0.999614060 0.026866307 -0.009723775 -0.005045299 -0.026902271 0.999625266 0.872380018
0.999934494 0.003079180 0.011024551 -0.015758187 -0.003397273 0.999575019 0.028951598 -0.009782812 -0.010930717 -0.028987154 0.999520004 0.875355780
0.999878109 0.001063775 0.015575843 -0.015559862 -0.001510660 0.999586701 0.028707333 -0.009865137 -0.015538868 -0.028727364 0.999466419 0.876175582
0.999885380 -0.002349139 0.014956508 -0.015498227 0.001884781 0.999518037 0.030986015 -0.009923905 -0.015022089 -0.030954279 0.999407828 0.877289355
0.999864519 -0.002163177 0.016318725 -0.015583496 0.001678410 0.999558628 0.029661626 -0.009916076 -0.016375687 -0.029630220 0.999426723 0.877593875
0.999831855 -0.001598172 0.018268483 -0.015656101 0.001082001 0.999600887 0.028229827 -0.009872761 -0.018306307 -0.028205317 0.999434471 0.877739787
0.999873221 -0.001041471 0.015888330 -0.015665065 0.000608086 0.999628186 0.027257461 -0.009864543 -0.015910810 -0.027244342 0.999502122 0.877732575
