0.999991894 0.000784646 0.003948546 -0.001635353 -0.000801120 0.999991000 0.004172188 -0.000534307 -0.003945237 -0.004175317 0.999983490 0.041809130
0.999999702 -0.000499089 0.000591086 -0.000846203 0.000496129 0.999987423 0.004997545 -0.000547370 -0.000593573 -0.004997252 0.999987304 0.064574055
0.999999464 -0.000249685 0.001027850 -0.000961124 0.000246023 0.999993622 0.003561486 -0.001068504 -0.001028732 -0.003561232 0.999993086 0.088475250
0.999999225 -0.000674566 -0.000980446 0.000064177 0.000674963 0.999999702 0.000403439 -0.001114299 0.000980173 -0.000404101 0.999999464 0.110034794
0.999997675 0.000632194 -0.002079319 -0.001357330 -0.000631113 0.999999702 0.000520538 -0.001982307 0.002079647 -0.000519225 0.999997735 0.139830500
0.999999166 -0.000059029 -0.001268051 -0.001766804 0.000059967 0.999999702 0.000739524 -0.001729854 0.001268007 -0.000739600 0.999998927 0.162898630
0.999993443 -0.000225436 -0.003604285 -0.001884769 0.000230055 0.999999106 0.001281010 -0.001823497 0.003603996 -0.001281830 0.999992728 0.189967394
0.999987543 -0.000429849 -0.004968274 -0.001779060 0.000441846 0.999997020 0.002413917 -0.002188507 0.004967220 -0.002416082 0.999984801 0.215931162
0.999992251 0.000289023 -0.003922734 -0.002347599 -0.000274106 0.999992728 0.003802625 -0.002485457 0.003923803 -0.003801520 0.999985099 0.237547055
0.999977469 0.000324992 -0.006703135 -0.001307930 -0.000303036 0.999994576 0.003276283 -0.002652417 0.006704162 -0.003274177 0.999972224 0.261628449
0.999977589 0.000489870 -0.006678532 -0.002225955 -0.000476356 0.999997795 0.002025004 -0.002915671 0.006679510 -0.002021777 0.999975681 0.290539771
0.999978840 0.000853365 -0.006452199 -0.003239406 -0.000846503 0.999998987 0.001066122 -0.003135885 0.006453102 -0.001060638 0.999978602 0.311261147
0.999964118 0.002521643 -0.008084923 -0.003328762 -0.002501111 0.999993563 0.002548632 -0.003343577 0.008091299 -0.002528319 0.999964118 0.337199301
0.999943852 0.001512874 -0.010483595 -0.003443544 -0.001488360 0.999996185 0.002345801 -0.003856017 0.010487104 -0.002330066 0.999942303 0.369121403
0.999954343 0.001414506 -0.009449917 -0.004503087 -0.001411659 0.999998927 0.000307882 -0.003838807 0.009450343 -0.000294528 0.999955297 0.383517057
0.999962866 0.002934633 -0.008097647 -0.007605094 -0.002952277 0.999993265 -0.002167889 -0.002561757 0.008091231 0.002191715 0.999964833 0.411318690
0.999933124 0.003358239 -0.011067268 -0.005668092 -0.003369128 0.999993861 -0.000965428 -0.004793446 0.011063959 0.001002650 0.999938250 0.436457247
0.999915838 0.002612928 -0.012705475 -0.004788341 -0.002646880 0.999992967 -0.002656212 -0.004814758 0.012698445 0.002689618 0.999915719 0.460795820
0.999914646 0.001713869 -0.012949308 -0.006266946 -0.001750851 0.999994338 -0.002845089 -0.005434383 0.012944359 0.002867519 0.999912083 0.482925296
0.999910355 0.001179646 -0.013335765 -0.006926298 -0.001219526 0.999994755 -0.002982765 -0.005740507 0.013332178 0.002998761 0.999906540 0.508855164
0.999890506 0.001076197 -0.014763251 -0.007041094 -0.001106608 0.999997258 -0.002051891 -0.006256099 0.014761003 0.002068003 0.999888897 0.533056378
0.999889255 0.002090277 -0.014731391 -0.008058940 -0.002118481 0.999995887 -0.001899180 -0.006604130 0.014727360 0.001930178 0.999889672 0.557163656
0.999891460 0.003677842 -0.014267676 -0.009326059 -0.003702688 0.999991655 -0.001715396 -0.006576270 0.014261249 0.001768038 0.999896705 0.584285259
0.999890625 0.004563958 -0.014063273 -0.010158268 -0.004591545 0.999987602 -0.001929946 -0.006939407 0.014054287 0.001994306 0.999899268 0.607755721
0.999876618 0.005720301 -0.014630576 -0.009642251 -0.005751757 0.999981165 -0.002108832 -0.007543320 0.014618239 0.002192724 0.999890745 0.631229103
0.999885499 0.005436115 -0.014120857 -0.010065340 -0.005454597 0.999984324 -0.001270665 -0.007953381 0.014113728 0.001347543 0.999899507 0.656774223
0.999892414 0.005252573 -0.013700360 -0.010425604 -0.005262452 0.999985874 -0.000685102 -0.008693573 0.013696569 0.000757126 0.999905944 0.681696355
0.999911606 0.004590041 -0.012479110 -0.011377246 -0.004615796 0.999987245 -0.002035847 -0.008666203 0.012469606 0.002093268 0.999920070 0.707240164
0.999907613 0.003930420 -0.013010723 -0.011643346 -0.003938511 0.999992073 -0.000596352 -0.009120410 0.013008273 0.000647540 0.999915183 0.729799271
0.999918103 0.002787721 -0.012490737 -0.011849484 -0.002800402 0.999995530 -0.000997893 -0.009474828 0.012487899 0.001032791 0.999921441 0.755248666
0.999923885 0.001953379 -0.012186677 -0.012210635 -0.001994559 0.999992251 -0.003367870 -0.009848725 0.012180006 0.003391921 0.999920011 0.779652357
0.999926031 0.002015513 -0.011991043 -0.013857314 -0.002044398 0.999994993 -0.002397098 -0.010255134 0.011986153 0.002421436 0.999925196 0.803817630
0.999934018 0.001918371 -0.011327244 -0.013608289 -0.001921655 0.999998093 -0.000279063 -0.010648814 0.011326690 0.000300812 0.999935806 0.828707278
0.999931574 0.002411224 -0.011438264 -0.014313247 -0.002419948 0.999996841 -0.000748969 -0.010913131 0.011436420 0.000776598 0.999934256 0.853937685
0.999936402 0.003018417 -0.010864299 -0.014005572 -0.003044605 0.999992490 -0.002394687 -0.010871613 0.010856988 0.002427612 0.999938130 0.878972232
0.999933422 0.000962253 -0.011505315 -0.013088276 -0.001016527 0.999988377 -0.004712387 -0.011775270 0.011500648 0.004723768 0.999922693 0.907303870
0.999912441 0.000042254 -0.013233240 -0.013439164 -0.000105344 0.999988556 -0.004766881 -0.011926237 0.013232888 0.004767857 0.999901056 0.928559005
0.999919593 -0.000406684 -0.012678356 -0.015201954 0.000379380 0.999997556 -0.002155990 -0.012748619 0.012679202 0.002151006 0.999917269 0.953231692
0.999932587 0.000617848 -0.011603154 -0.015507158 -0.000612065 0.999999583 0.000501964 -0.012461200 0.011603462 -0.000494829 0.999932528 0.977891803
0.999927044 -0.000237545 -0.012080100 -0.013852577 0.000284046 0.999992549 0.003847777 -0.013714917 0.012079095 -0.003850928 0.999919653 1.004133463
0.999909341 0.001556154 -0.013370330 -0.015262771 -0.001525012 0.999996126 0.002339055 -0.013281604 0.013373918 -0.002318453 0.999907851 1.026507020
0.999921978 0.003127326 -0.012090592 -0.015843259 -0.003121053 0.999995053 0.000537630 -0.013238710 0.012092212 -0.000499853 0.999926746 1.052160621
0.999913037 0.003873591 -0.012601931 -0.015662888 -0.003869999 0.999992549 0.000309386 -0.014163655 0.012603034 -0.000260590 0.999920547 1.078004122
0.999889195 0.003010895 -0.014579531 -0.015304497 -0.002995400 0.999994934 0.001084469 -0.014409142 0.014582722 -0.001040678 0.999893069 1.101781011
0.999892235 0.002297269 -0.014498341 -0.017551726 -0.002300921 0.999997318 -0.000235170 -0.014221376 0.014497763 0.000268504 0.999894857 1.122295618
0.999872744 -0.000003132 -0.015952714 -0.018484803 -0.000003412 0.999999940 -0.000410199 -0.014803411 0.015952716 0.000410201 0.999872684 1.144722819
0.999883771 0.000320469 -0.015238256 -0.021101069 -0.000345313 0.999998629 -0.001627774 -0.015543627 0.015237715 0.001632847 0.999882638 1.164920211
0.999867439 0.000472067 -0.016268928 -0.019817526 -0.000499235 0.999998510 -0.001665882 -0.015527220 0.016268117 0.001673783 0.999866247 1.189129233
0.999861002 0.001726168 -0.016585594 -0.014582578 -0.001755722 0.999996841 -0.001767502 -0.014426674 0.016582491 0.001796376 0.999860883 1.209592223
0.999861658 0.001165025 -0.016591392 -0.015272170 -0.001188921 0.999998271 -0.001430478 -0.015346556 0.016589697 0.001450006 0.999861360 1.216260672
0.999855757 -0.000676578 -0.016970573 -0.017439090 0.000679530 0.999999762 0.000168150 -0.016461069 0.016970454 -0.000179658 0.999855995 1.229882002
0.999880314 0.000890726 -0.015444568 -0.024145836 -0.000876205 0.999999106 0.000946922 -0.016518049 0.015445400 -0.000933276 0.999880254 1.235647798
0.999887884 0.002304920 -0.014795583 -0.029903233 -0.002296267 0.999997199 0.000601809 -0.015623339 0.014796930 -0.000567767 0.999890387 1.247322679
0.999876380 0.001287249 -0.015669275 -0.035561703 -0.001266510 0.999998271 0.001333379 -0.017550457 0.015670966 -0.001313370 0.999876380 1.255261302
0.999874294 -0.001179634 -0.015812159 -0.034235790 0.001196800 0.999998689 0.001076207 -0.019254610 0.015810871 -0.001094996 0.999874353 1.280463099
0.999859214 -0.001345907 -0.016720660 -0.034975808 0.001340949 0.999999046 -0.000307718 -0.019568658 0.016721060 0.000285253 0.999860168 1.295321584
0.999840796 -0.001297193 -0.017795490 -0.036477648 0.001263043 0.999997318 -0.001930090 -0.020062575 0.017797947 0.001907307 0.999839783 1.312194824
0.999841392 -0.001543023 -0.017740412 -0.038337030 0.001485542 0.999993622 -0.003252851 -0.020511931 0.017745318 0.003225981 0.999837339 1.319524169
0.999844491 -0.002176706 -0.017497852 -0.042776890 0.002115962 0.999991596 -0.003489246 -0.020665661 0.017505305 0.003451679 0.999840796 1.322105527
0.999868810 -0.001058200 -0.016164618 -0.047107924 0.001021772 0.999996841 -0.002261634 -0.021519560 0.016166961 0.002244821 0.999866784 1.321503162
0.999856055 0.000348901 -0.016961545 -0.046213787 -0.000372635 0.999998927 -0.001396138 -0.022205127 0.016961038 0.001402257 0.999855161 1.328285694
0.999776840 0.001794671 -0.021050470 -0.045772851 -0.001845997 0.999995351 -0.002419027 -0.021657959 0.021046031 0.002457346 0.999775469 1.324377060
0.999851763 -0.000907102 -0.017193133 -0.050594725 0.000860199 0.999995887 -0.002735208 -0.023303103 0.017195541 0.002720014 0.999848425 1.337813854
0.999850690 0.000487218 -0.017272485 -0.051971883 -0.000567932 0.999988914 -0.004668379 -0.022556763 0.017270017 0.004677492 0.999839962 1.344474077
0.999899626 -0.002423948 -0.013957119 -0.058395483 0.002366212 0.999988556 -0.004151688 -0.025443291 0.013967022 0.004118246 0.999893963 1.355333686
0.999883413 -0.001339518 -0.015205834 -0.054107912 0.001271840 0.999989271 -0.004459590 -0.024624333 0.015211643 0.004439731 0.999874413 1.365165949
0.999888837 -0.001755564 -0.014806284 -0.054275084 0.001693996 0.999989927 -0.004169721 -0.024609176 0.014813455 0.004144175 0.999881685 1.365490556
0.999892592 0.000141652 -0.014650018 -0.054384723 -0.000202753 0.999991357 -0.004169306 -0.024641139 0.014649300 0.004171828 0.999883950 1.366080642
0.999894679 0.000457646 -0.014503106 -0.054643515 -0.000504412 0.999994695 -0.003221082 -0.024633510 0.014501555 0.003228058 0.999889553 1.366544604
0.999909401 0.000436684 -0.013449099 -0.054811746 -0.000456523 0.999998868 -0.001472058 -0.024699491 0.013448438 0.001478066 0.999908447 1.367469430
0.999913216 -0.001115745 -0.013130049 -0.055123713 0.001123886 0.999999166 0.000612633 -0.024784451 0.013129354 -0.000627337 0.999913573 1.367504597
0.999928713 -0.001956212 -0.011779984 -0.055423778 0.001990587 0.999993801 0.002907076 -0.024778534 0.011774224 -0.002930318 0.999926329 1.367988586
0.999903798 -0.007321641 -0.011779666 -0.055642385 0.007372333 0.999963701 0.004265605 -0.024879327 0.011748007 -0.004352039 0.999921501 1.368786573
0.999898136 -0.008693690 -0.011319691 -0.054901868 0.008728944 0.999957204 0.003068672 -0.024761595 0.011292529 -0.003167168 0.999931216 1.367183685
0.999900222 -0.010082914 -0.009888248 -0.055768497 0.010066300 0.999947846 -0.001728465 -0.024827167 0.009905159 0.001628754 0.999949634 1.368584394
0.999926269 -0.008839341 -0.008321794 -0.056837514 0.008771026 0.999927819 -0.008210164 -0.025079044 0.008393765 0.008136569 0.999931633 1.370587707
0.999931216 -0.009507913 -0.006869170 -0.057807632 0.009444211 0.999912620 -0.009247474 -0.025238825 0.006956494 0.009181964 0.999933660 1.372265697
0.999936581 -0.009458628 -0.006102791 -0.058264751 0.009417198 0.999932647 -0.006781847 -0.025327954 0.006166526 0.006723945 0.999958336 1.372773409
0.999951601 -0.008703290 -0.004582901 -0.059407074 0.008675229 0.999943733 -0.006107815 -0.025440861 0.004635801 0.006067762 0.999970853 1.374574900
0.999958158 -0.008728397 -0.002741913 -0.058640741 0.008722472 0.999959648 -0.002165037 -0.025334124 0.002760699 0.002141030 0.999993920 1.373332858
0.999957800 -0.008947041 -0.002061076 -0.057857100 0.008948157 0.999959767 0.000532087 -0.025240170 0.002056232 -0.000550508 0.999997735 1.372287512
0.999974906 -0.007075867 -0.000227993 -0.059483081 0.007076163 0.999974012 0.001330090 -0.025075335 0.000218576 -0.001331670 0.999999046 1.372434139
0.999931276 -0.011666706 -0.001041545 -0.058852322 0.011669413 0.999928415 0.002632883 -0.025783187 0.001010752 -0.002644856 0.999996006 1.375440240
0.999943852 -0.010574689 -0.000691614 -0.059146687 0.010575237 0.999943733 0.000793317 -0.025604745 0.000683184 -0.000800586 0.999999464 1.377313495
0.999922931 -0.012408854 0.000065880 -0.059271213 0.012408761 0.999922156 0.001260238 -0.025588809 -0.000081513 -0.001259323 0.999999225 1.377235889
0.999929667 -0.011513061 0.002840260 -0.059814282 0.011515265 0.999933362 -0.000761131 -0.025765523 -0.002831308 0.000793784 0.999995708 1.377710223
0.999867976 -0.016051825 0.002503072 -0.059779495 0.016049696 0.999870837 0.000868665 -0.025586011 -0.002516693 -0.000828377 0.999996543 1.378193974
0.999885082 -0.014194989 0.005305526 -0.060614776 0.014189296 0.999898672 0.001109041 -0.025793167 -0.005320732 -0.001033632 0.999985337 1.378896236
0.999888062 -0.013908326 0.005503353 -0.060682226 0.013898984 0.999901891 0.001732533 -0.025689639 -0.005526910 -0.001655848 0.999983370 1.376691818
0.999858677 -0.013861321 0.009511407 -0.058485225 0.013847977 0.999903023 0.001467273 -0.024677940 -0.009530822 -0.001335351 0.999953747 1.373437762
0.999848843 -0.015005869 0.008772951 -0.058019374 0.014992313 0.999886274 0.001608809 -0.024521353 -0.008796095 -0.001477039 0.999960184 1.366993666
0.999856949 -0.015804622 0.006013576 -0.057938524 0.015794463 0.999873757 0.001732868 -0.024963137 -0.006040204 -0.001637640 0.999980390 1.366051912
0.999877453 -0.013903816 0.007192280 -0.057735726 0.013910739 0.999902785 -0.000913106 -0.023240697 -0.007178886 0.001013044 0.999973714 1.359745145
0.999859989 -0.014752583 0.007882585 -0.058878094 0.014764339 0.999889851 -0.001434962 -0.023670683 -0.007860549 0.001551143 0.999967873 1.348457456
0.999879599 -0.013628662 0.007414479 -0.058046147 0.013642539 0.999905229 -0.001824782 -0.023306109 -0.007388907 0.001925714 0.999970853 1.338979602
0.999871910 -0.013578138 0.008476524 -0.058457676 0.013588984 0.999906898 -0.001223508 -0.023692407 -0.008459125 0.001338539 0.999963284 1.337913632
0.999838412 -0.014725517 0.010313299 -0.057121377 0.014712182 0.999890804 0.001367596 -0.023357566 -0.010332312 -0.001215643 0.999945879 1.331744909
0.999796271 -0.016953334 0.010961853 -0.055864953 0.016935611 0.999855042 0.001707620 -0.022958204 -0.010989214 -0.001521626 0.999938488 1.326441765
0.999799550 -0.016535310 0.011294437 -0.056264743 0.016534016 0.999863148 0.000207982 -0.022962490 -0.011296333 -0.000021198 0.999936223 1.327996373
0.999753177 -0.017311167 0.013927381 -0.057944886 0.017299222 0.999849856 0.000977627 -0.023816941 -0.013942216 -0.000736453 0.999902487 1.330224872
0.999760032 -0.016596390 0.014303479 -0.059321664 0.016582575 0.999861896 0.001083913 -0.023516303 -0.014319493 -0.000846464 0.999897122 1.334257364
0.999841988 -0.015249080 0.009137837 -0.058885504 0.015239785 0.999883175 0.001086012 -0.023792040 -0.009153332 -0.000946582 0.999957621 1.335711598
0.999877870 -0.013044855 0.008606960 -0.058790527 0.013050131 0.999914706 -0.000557421 -0.024279911 -0.008598955 0.000669675 0.999962747 1.338099480
0.999870479 -0.013455740 0.008832676 -0.058796529 0.013476750 0.999906421 -0.002323512 -0.024223344 -0.008800585 0.002442247 0.999958277 1.341940403
0.999836445 -0.014606049 0.010659970 -0.060250875 0.014625827 0.999891460 -0.001779841 -0.024331409 -0.010632817 0.001935461 0.999941587 1.342832923
0.999845088 -0.014269053 0.010303670 -0.061855666 0.014269711 0.999898195 0.000009832 -0.024308441 -0.010302763 0.000137200 0.999946892 1.345345974
0.999859393 -0.013646001 0.009744621 -0.062549509 0.013625765 0.999904871 0.002140042 -0.025002170 -0.009772897 -0.002006963 0.999950230 1.349918723
0.999881029 -0.013304846 0.007795257 -0.063227497 0.013289987 0.999909818 0.001954641 -0.025245709 -0.007820558 -0.001850809 0.999967694 1.354509950
0.999850810 -0.014686311 0.009090002 -0.065963045 0.014683605 0.999892175 0.000364263 -0.025506482 -0.009094372 -0.000230735 0.999958575 1.358425140
0.999852479 -0.013905088 0.010075329 -0.065818258 0.013916884 0.999902546 -0.001101637 -0.025457902 -0.010059028 0.001241692 0.999948621 1.359737515
0.999836683 -0.015103849 0.009925533 -0.064813040 0.015125906 0.999883354 -0.002151057 -0.025444794 -0.009891885 0.002300838 0.999948442 1.358809829
0.999875247 -0.014609643 0.005992872 -0.062870689 0.014622532 0.999890804 -0.002112303 -0.025167339 -0.005961358 0.002199671 0.999979734 1.357895851
0.999869108 -0.015530447 0.004542376 -0.062374678 0.015546244 0.999873161 -0.003463042 -0.025299001 -0.004488017 0.003533206 0.999983668 1.357499719
0.999891877 -0.014668351 0.001017139 -0.061580386 0.014670138 0.999890804 -0.001773576 -0.024999749 -0.000991011 0.001788306 0.999997854 1.353625894
0.999837279 -0.016160056 0.008018257 -0.061609190 0.016169105 0.999868691 -0.001064879 -0.024674956 -0.007999994 0.001194354 0.999967277 1.351069331
0.999746621 -0.016731115 0.015063014 -0.061556451 0.016726531 0.999859989 0.000430301 -0.024688903 -0.015068103 -0.000178240 0.999886453 1.349556088
0.999740303 -0.016585158 0.015632533 -0.061440103 0.016583331 0.999862432 0.000246625 -0.024672780 -0.015634473 0.000012678 0.999877751 1.349480748
0.999759436 -0.015758203 0.015256548 -0.061080389 0.015758054 0.999875784 0.000130203 -0.024640195 -0.015256705 0.000110242 0.999883652 1.349097133
0.999766946 -0.015791206 0.014720994 -0.060482357 0.015798783 0.999875128 -0.000398455 -0.024414225 -0.014712864 0.000630936 0.999891520 1.349334717
0.999710917 -0.018251568 0.015655305 -0.061714180 0.018262692 0.999832988 -0.000567485 -0.024652349 -0.015642332 0.000853229 0.999877274 1.351246715
0.999699652 -0.017032940 0.017617894 -0.062703177 0.017052524 0.999854088 -0.000961964 -0.024792448 -0.017598938 0.001262105 0.999844313 1.352637291
0.999583185 -0.018618770 0.022065049 -0.063196823 0.018656537 0.999824762 -0.001507020 -0.024839560 -0.022033125 0.001918049 0.999755323 1.353128552
0.999556184 -0.018572284 0.023296516 -0.063289598 0.018623395 0.999824584 -0.001978791 -0.024896940 -0.023255685 0.002411772 0.999726653 1.352798223
0.999606252 -0.017776342 0.021709809 -0.063617229 0.017859312 0.999833882 -0.003633864 -0.025010165 -0.021641605 0.004020155 0.999757707 1.354308963
0.999563873 -0.018035209 0.023384903 -0.064024001 0.018167857 0.999819934 -0.005472301 -0.024972454 -0.023281999 0.005894767 0.999711514 1.354966164
0.999561012 -0.016502392 0.024606548 -0.064092651 0.016686650 0.999834120 -0.007301704 -0.024935933 -0.024481971 0.007709100 0.999670565 1.355056286
0.999532878 -0.015245105 0.026486574 -0.064095400 0.015441843 0.999854565 -0.007239229 -0.024992077 -0.026372362 0.007644849 0.999623060 1.354989886
0.999588847 -0.013615942 0.025231639 -0.063788556 0.013802760 0.999878407 -0.007244783 -0.025031444 -0.025129927 0.007590070 0.999655426 1.354835868
0.999622345 -0.011863047 0.024790173 -0.063902050 0.012025388 0.999907136 -0.006409711 -0.025049020 -0.024711832 0.006705401 0.999672174 1.355567575
0.999540865 -0.012393665 0.027647883 -0.064213410 0.012584844 0.999897957 -0.006751474 -0.024990849 -0.027561389 0.007096318 0.999594867 1.355604053
0.999439180 -0.012183406 0.031190809 -0.064815812 0.012331096 0.999913633 -0.004547101 -0.025290214 -0.031132715 0.004929169 0.999503076 1.356357813
0.999492466 -0.012739142 0.029199572 -0.064819559 0.012876145 0.999906957 -0.004508744 -0.025253013 -0.029139414 0.004882433 0.999563456 1.357141256
0.999413788 -0.014566382 0.030983735 -0.065568119 0.014715343 0.999881208 -0.004585104 -0.025404049 -0.030913271 0.005038352 0.999509275 1.358557701
0.999343812 -0.015309591 0.032826308 -0.066228457 0.015425654 0.999875605 -0.003285314 -0.025603130 -0.032771930 0.003789526 0.999455690 1.360161662
0.999287069 -0.017435091 0.033489000 -0.066293351 0.017488582 0.999846160 -0.001304985 -0.025812712 -0.033461101 0.001889730 0.999438226 1.360271454
0.999398232 -0.018982017 0.029032988 -0.066012032 0.019076640 0.999813676 -0.002985712 -0.025654072 -0.028970903 0.003537768 0.999573946 1.361510277
0.999489844 -0.021598648 0.023527566 -0.065453783 0.021743363 0.999746144 -0.005912587 -0.025361437 -0.023393888 0.006421139 0.999705672 1.362385154
0.999334693 -0.023146402 0.028185343 -0.065917797 0.023342013 0.999705553 -0.006630998 -0.025523353 -0.028023563 0.007284490 0.999580681 1.363397121
0.999406099 -0.021633206 0.026823767 -0.065859586 0.021896606 0.999714494 -0.009565058 -0.025449261 -0.026609180 0.010146727 0.999594390 1.363681674
0.999247432 -0.021877503 0.032032974 -0.066781908 0.022104181 0.999732912 -0.006739417 -0.025881657 -0.031876978 0.007442406 0.999464095 1.364639997
0.998997152 -0.020558445 0.039776474 -0.068062626 0.020833284 0.999761701 -0.006507367 -0.025979716 -0.039633218 0.007329515 0.999187350 1.365634441
0.998684168 -0.018791609 0.047716036 -0.069290332 0.019058179 0.999805093 -0.005137741 -0.026130112 -0.047610186 0.006040361 0.998847723 1.366721034
0.998054981 -0.018459318 0.059544671 -0.071127139 0.018791355 0.999810755 -0.005021080 -0.026217397 -0.059440728 0.006130239 0.998212934 1.368148446
0.997743607 -0.017986694 0.064684518 -0.071889184 0.018461136 0.999806821 -0.006744372 -0.026244871 -0.064550713 0.007923303 0.997882962 1.368776441
0.997807145 -0.016508019 0.064097092 -0.072069809 0.017058592 0.999822080 -0.008051838 -0.026230078 -0.063952774 0.009127587 0.997911096 1.369151592
0.997752309 -0.016395271 0.064973563 -0.072466515 0.016909277 0.999829829 -0.007368928 -0.026372440 -0.064841688 0.008451020 0.997859716 1.369416952
0.997762382 -0.019582275 0.063927934 -0.072079264 0.020118721 0.999767482 -0.007758442 -0.026388867 -0.063761160 0.009027231 0.997924387 1.369551539
0.997756958 -0.016679814 0.064828657 -0.072384268 0.017193988 0.999824941 -0.007381457 -0.026350185 -0.064694196 0.008479564 0.997869194 1.370314240
0.997686982 -0.015206943 0.066253543 -0.072492614 0.015725821 0.999849558 -0.007317162 -0.026367106 -0.066132307 0.008342128 0.997776031 1.370756984
0.997517586 -0.014769193 0.068851188 -0.072753012 0.015384192 0.999846220 -0.008410574 -0.026343243 -0.068716377 0.009448917 0.997591496 1.372247338
0.997419000 -0.013965209 0.070429593 -0.072944470 0.014582234 0.999859571 -0.008254327 -0.026330911 -0.070304453 0.009260044 0.997482657 1.373945713
0.997677207 -0.016245577 0.066152386 -0.072419055 0.016801516 0.999827921 -0.007856246 -0.026512632 -0.066013373 0.008949459 0.997778594 1.374043941
0.997768641 -0.016291717 0.064748228 -0.072195940 0.016904751 0.999817193 -0.008931370 -0.026346730 -0.064590894 0.010005994 0.997861624 1.374784589
0.997728467 -0.015495210 0.065557495 -0.072317235 0.016038511 0.999841154 -0.007769233 -0.026487004 -0.065426707 0.008803030 0.997818589 1.375899553
0.997504413 -0.013654426 0.069271728 -0.072991900 0.014254559 0.999864995 -0.008176519 -0.026331540 -0.069150746 0.009143551 0.997564375 1.376437068
0.997317255 -0.013998682 0.071848281 -0.073360175 0.014508777 0.999873102 -0.006582637 -0.026396744 -0.071747020 0.007607409 0.997393847 1.377349377
0.997708738 -0.017569873 0.065333888 -0.072528616 0.017884117 0.999831140 -0.004228039 -0.026755570 -0.065248571 0.005386790 0.997854471 1.377605677
0.997595429 -0.016722294 0.067258559 -0.072971694 0.017009590 0.999848545 -0.003701109 -0.026739644 -0.067186460 0.004836251 0.997728825 1.378150702
0.997724593 -0.018412588 0.064857446 -0.072675847 0.018871265 0.999800980 -0.006466539 -0.026470723 -0.064725488 0.007675766 0.997873664 1.378670335
0.997921884 -0.016122073 0.062385585 -0.072386608 0.016565084 0.999841034 -0.006590436 -0.026538342 -0.062269419 0.007610162 0.998030365 1.379234433
0.998210311 -0.014042441 0.058128648 -0.071937747 0.014455580 0.999873102 -0.006692909 -0.026447717 -0.058027294 0.007521213 0.998286664 1.379597545
0.998528361 -0.012379689 0.052798845 -0.071545891 0.012765573 0.999894202 -0.006977589 -0.026350807 -0.052706875 0.007641329 0.998580813 1.379474401
0.998771906 -0.012144545 0.048031803 -0.070938848 0.012596257 0.999879122 -0.009112911 -0.026197080 -0.047915317 0.009706741 0.998804271 1.379844666
0.998864830 -0.015765253 0.044948682 -0.070267856 0.016146300 0.999836624 -0.008126926 -0.026421504 -0.044813223 0.008843455 0.998956263 1.380971193
0.998789489 -0.013957338 0.047167279 -0.070118509 0.014350941 0.999864876 -0.008016491 -0.026271574 -0.047049012 0.008683681 0.998854816 1.382481813
0.998993456 -0.014615002 0.042408966 -0.069192514 0.015040805 0.999839425 -0.009738732 -0.026174238 -0.042259831 0.010366795 0.999052763 1.383311033
0.999088645 -0.013852744 0.040373243 -0.068797722 0.014213861 0.999861360 -0.008671208 -0.026178502 -0.040247519 0.009237166 0.999147058 1.384052038
0.998906434 -0.015932165 0.043956432 -0.069067769 0.016311429 0.999832630 -0.008283059 -0.026210885 -0.043817110 0.008990993 0.998999119 1.385368586
0.998913705 -0.016279649 0.043662094 -0.069123566 0.016441481 0.999859154 -0.003349909 -0.026718780 -0.043601409 0.004064139 0.999040842 1.385696530
0.998776495 -0.014583468 0.047252800 -0.069516703 0.014762687 0.999885082 -0.003445966 -0.026697401 -0.047197115 0.004139328 0.998877048 1.386071801
0.998875618 -0.016911939 0.044289164 -0.069275931 0.017204635 0.999832511 -0.006235851 -0.026643725 -0.044176284 0.006990817 0.998999357 1.386690378
0.999127209 -0.014603716 0.039135396 -0.068528354 0.014823322 0.999875844 -0.005327116 -0.026671005 -0.039052736 0.005902582 0.999219656 1.387041330
0.999132693 -0.014465974 0.039044667 -0.068275429 0.014573988 0.999890625 -0.002483181 -0.026819328 -0.039004475 0.003050065 0.999234319 1.388211727
0.999108016 -0.014233294 0.039756380 -0.068550304 0.014311944 0.999896049 -0.001694318 -0.026944418 -0.039728135 0.002261797 0.999207914 1.388782740
0.999056280 -0.015608774 0.040531144 -0.068659097 0.015632570 0.999877751 -0.000270162 -0.027398398 -0.040521968 0.000903513 0.999178231 1.389276743
0.999048591 -0.015671505 0.040697921 -0.068597585 0.015816446 0.999869585 -0.003241894 -0.026915470 -0.040641807 0.003882505 0.999166191 1.390172720
0.999036968 -0.017071243 0.040420733 -0.068905786 0.017128339 0.999852657 -0.001066615 -0.027072063 -0.040396571 0.001757929 0.999182165 1.390245914
0.999002993 -0.019017436 0.040388800 -0.068655506 0.019261857 0.999798417 -0.005671257 -0.026426185 -0.040272798 0.006443567 0.999167919 1.391317606
0.999176145 -0.019219348 0.035743888 -0.068310983 0.019496460 0.999782443 -0.007420327 -0.026326261 -0.035593495 0.008111094 0.999333382 1.391542673
0.999297202 -0.018802075 0.032428399 -0.068134651 0.019034773 0.999795079 -0.006881928 -0.026546309 -0.032292359 0.007494359 0.999450326 1.391970515
0.999432206 -0.016413895 0.029424965 -0.067689277 0.016628468 0.999836743 -0.007062321 -0.026475307 -0.029304244 0.007547603 0.999542058 1.392473102
0.999051809 -0.017402980 0.039907862 -0.068754628 0.017453942 0.999847114 -0.000928881 -0.027133407 -0.039885599 0.001624548 0.999202907 1.393965125
0.998915732 -0.016549235 0.043513287 -0.069095790 0.016505219 0.999862731 0.001370694 -0.027151728 -0.043529999 -0.000651012 0.999051929 1.394859552
0.998920619 -0.014659279 0.044075832 -0.069091126 0.014646165 0.999892533 0.000620430 -0.026981246 -0.044080187 0.000025781 0.999027967 1.395650148
0.999111652 -0.014834318 0.039444607 -0.068870634 0.014703318 0.999885321 0.003609177 -0.027189331 -0.039493624 -0.003026005 0.999215186 1.395704150
0.999307871 -0.014089241 0.034426682 -0.068244562 0.014063493 0.999900579 0.000989964 -0.026972562 -0.034437202 -0.000505119 0.999406695 1.396137714
0.999286413 -0.014427787 0.034907464 -0.068333685 0.014477644 0.999894500 -0.001175833 -0.026985116 -0.034886815 0.001680372 0.999389887 1.396732330
0.998998702 -0.016129116 0.041731071 -0.069078133 0.016284810 0.999861538 -0.003393522 -0.027089970 -0.041670557 0.004069706 0.999123096 1.397785902
0.999086142 -0.014973130 0.040033214 -0.069224790 0.015054744 0.999885082 -0.001738007 -0.027113803 -0.040002592 0.002339109 0.999196768 1.398198009
0.999061882 -0.015378453 0.040483981 -0.069527835 0.015344154 0.999881566 0.001157866 -0.027185425 -0.040496994 -0.000535588 0.999179482 1.399078846
0.998929799 -0.014586850 0.043892805 -0.069968209 0.014381688 0.999884188 0.004986347 -0.027183410 -0.043960452 -0.004349757 0.999023795 1.399855852
0.999023318 -0.016016932 0.041180670 -0.070420504 0.015713692 0.999846995 0.007676811 -0.027598944 -0.041297328 -0.007022213 0.999122143 1.399049401
0.998969018 -0.014206217 0.043116570 -0.071609780 0.014001282 0.999889195 0.005051329 -0.027344033 -0.043183550 -0.004442434 0.999057233 1.398776412
0.998650908 -0.015915588 0.049427122 -0.073489167 0.015623926 0.999858201 0.006281642 -0.027631190 -0.049520086 -0.005500921 0.998757958 1.398175836
0.998550832 -0.016410267 0.051251523 -0.073857203 0.016128680 0.999852538 0.005902936 -0.027810726 -0.051340822 -0.005067764 0.998668432 1.398851991
0.998431623 -0.018628668 0.052793458 -0.073685586 0.018257640 0.999805212 0.007501521 -0.027888792 -0.052922919 -0.006525871 0.998577237 1.400268912
0.998565316 -0.015173975 0.051353179 -0.072589390 0.014777980 0.999858141 0.008082179 -0.027814008 -0.051468536 -0.007311686 0.998647869 1.402150989
0.998412728 -0.014410982 0.054445501 -0.072585553 0.013907124 0.999857008 0.009621942 -0.027925812 -0.054576389 -0.008849490 0.998470306 1.403267384
0.998228431 -0.013959451 0.057836719 -0.072820053 0.013369673 0.999854684 0.010571748 -0.027825929 -0.057975896 -0.009779760 0.998270094 1.403698206
0.998168051 -0.013674892 0.058935784 -0.072743021 0.012995346 0.999844730 0.011898186 -0.027773889 -0.059089337 -0.011110500 0.998190880 1.404356241
0.998125494 -0.014025498 0.059571043 -0.072802983 0.013340708 0.999840438 0.011877587 -0.027792428 -0.059728127 -0.011060603 0.998153448 1.404750824
0.997877479 -0.014271489 0.063535482 -0.073116042 0.013452239 0.999821007 0.013303571 -0.028033247 -0.063713960 -0.012420642 0.997890949 1.405468464
0.997879446 -0.012721503 0.063834034 -0.073165230 0.011924093 0.999846220 0.012857413 -0.028102852 -0.063987784 -0.012068985 0.997877717 1.406018972
0.997915089 -0.011400660 0.063524626 -0.073105551 0.010590959 0.999858499 0.013068434 -0.028088575 -0.063664623 -0.012368401 0.997894824 1.406360626
0.997670174 -0.012302632 0.067103393 -0.073323213 0.011405828 0.999840617 0.013731310 -0.028185472 -0.067261636 -0.012933949 0.997651517 1.407154322
0.997343302 -0.013515771 0.071578577 -0.073770612 0.012404558 0.999795914 0.015946217 -0.028245069 -0.071779512 -0.015015954 0.997307479 1.407848358
0.997094333 -0.013280584 0.075010538 -0.074036963 0.012059899 0.999787748 0.016703106 -0.028322060 -0.075216457 -0.015749950 0.997042835 1.408499360
0.996958733 -0.013673269 0.076721586 -0.074088223 0.012507206 0.999799192 0.015658630 -0.028336732 -0.076920286 -0.014651436 0.996929705 1.408894897
0.996623695 -0.014370224 0.080836773 -0.074458398 0.013156418 0.999792933 0.015528202 -0.028333083 -0.081043184 -0.014412254 0.996606410 1.409614921
0.995847285 -0.013981222 0.089958847 -0.075246245 0.012550331 0.999785900 0.016452136 -0.028408770 -0.090169616 -0.015254801 0.995809615 1.410381317
0.995475650 -0.014830129 0.093852282 -0.075367644 0.013259347 0.999761820 0.017338291 -0.028477432 -0.094087049 -0.016015429 0.995435178 1.410680890
0.995198905 -0.014782966 0.096750349 -0.075336143 0.013297051 0.999783814 0.015985047 -0.028309494 -0.096965753 -0.014621806 0.995180309 1.411883593
0.994745076 -0.014755166 0.101313412 -0.075505868 0.012988218 0.999752164 0.018077983 -0.028388629 -0.101555057 -0.016667105 0.994690299 1.412481427
0.994358599 -0.013524471 0.105205178 -0.075550571 0.011633943 0.999760032 0.018562920 -0.028319186 -0.105430976 -0.017234245 0.994277358 1.413171291
0.994678140 -0.012905283 0.102219388 -0.075034976 0.011112808 0.999774694 0.018085670 -0.028216753 -0.102429748 -0.016853474 0.994597495 1.413456798
0.994581461 -0.013825678 0.103036568 -0.074867904 0.012009655 0.999761820 0.018224625 -0.028244201 -0.103263989 -0.016888440 0.994510651 1.413727641
0.994195044 -0.011567592 0.106969371 -0.074947640 0.009659639 0.999785244 0.018337408 -0.028222816 -0.107158519 -0.017197676 0.994093180 1.414249063
0.993790448 -0.010917945 0.110731713 -0.074952558 0.009303107 0.999842942 0.015089544 -0.027909542 -0.110879071 -0.013965692 0.993735790 1.414915442
0.993979096 -0.009750255 0.109135091 -0.074515656 0.008211451 0.999860585 0.014540571 -0.027894691 -0.109261647 -0.013556866 0.993920505 1.415189147
0.993303597 -0.006691805 0.115339689 -0.074698463 0.005384916 0.999917746 0.011638647 -0.027545314 -0.115408078 -0.010939616 0.993257940 1.416083574
0.992290914 -0.010505244 0.123484351 -0.074937597 0.009140279 0.999890745 0.011615077 -0.027658045 -0.123592876 -0.010396856 0.992278516 1.417191386
0.991314530 -0.011836428 0.130979046 -0.075314879 0.009909979 0.999833047 0.015350144 -0.027841046 -0.131138876 -0.013918823 0.991266251 1.418011904
0.991699457 -0.011911226 0.128023893 -0.074919149 0.010288903 0.999858201 0.013325934 -0.027557366 -0.128164455 -0.011898099 0.991681576 1.418098927
0.991757035 -0.013636048 0.127405316 -0.074568391 0.012093642 0.999843955 0.012872053 -0.027566126 -0.127560943 -0.011225156 0.991767228 1.418583035
0.991496444 -0.010648600 0.129697472 -0.074570313 0.008951362 0.999866605 0.013662061 -0.027581399 -0.129825637 -0.012384918 0.991459429 1.418990612
0.991036892 -0.011325638 0.133107632 -0.074566409 0.009535036 0.999855340 0.014082052 -0.027662780 -0.133247867 -0.012686647 0.991001546 1.419804811
0.990298033 -0.010982264 0.138525084 -0.074868202 0.009296537 0.999874651 0.012810280 -0.027424309 -0.138648421 -0.011398191 0.990276039 1.420447350
0.990280092 -0.014046054 0.138376415 -0.074588582 0.012213367 0.999826133 0.014084481 -0.027654834 -0.138550222 -0.012257538 0.990279555 1.421094775
0.990705013 -0.016096726 0.135071978 -0.074157789 0.013187960 0.999662042 0.022402178 -0.028309364 -0.135386959 -0.020412629 0.990582526 1.421498060
0.990334272 -0.017849362 0.137548506 -0.074253216 0.014763403 0.999616563 0.023423120 -0.028484084 -0.137913853 -0.021166034 0.990217984 1.422109008
0.990057230 -0.017425215 0.139582068 -0.074356064 0.015177778 0.999737680 0.017149623 -0.028127661 -0.139844298 -0.014860559 0.990062058 1.422687173
0.990214109 -0.015461322 0.138697252 -0.074123889 0.013451883 0.999790668 0.015413723 -0.028046949 -0.138906524 -0.013397146 0.990214884 1.423180461
0.990521491 -0.014054186 0.136636868 -0.073959365 0.012388200 0.999838233 0.013035551 -0.027826268 -0.136797965 -0.011219307 0.990535438 1.423333883
0.990656197 -0.014007778 0.135661125 -0.073800221 0.012713355 0.999865055 0.010403299 -0.027659833 -0.135788515 -0.008581384 0.990700781 1.423680782
0.990449548 -0.014884216 0.137069136 -0.073876858 0.013306379 0.999834299 0.012420377 -0.027895939 -0.137231290 -0.010477862 0.990483582 1.424203515
0.989953041 -0.015074267 0.140590712 -0.074029073 0.013406649 0.999828160 0.012801177 -0.027862633 -0.140759483 -0.010787713 0.989985108 1.424981475
0.989971876 -0.015224204 0.140441611 -0.073847055 0.013132805 0.999788880 0.015806444 -0.028043112 -0.140652597 -0.013803544 0.989962757 1.425702691
0.989949346 -0.016042205 0.140509188 -0.073764578 0.013974961 0.999779284 0.015686935 -0.028138814 -0.140729815 -0.013565660 0.989955127 1.426290274
0.989646733 -0.015065229 0.142731711 -0.073964402 0.012729817 0.999769986 0.017261339 -0.028180700 -0.142958924 -0.015265680 0.989610910 1.427078962
0.989948928 -0.015202825 0.140605748 -0.073824823 0.012713272 0.999746442 0.018587289 -0.028213482 -0.140852660 -0.016612912 0.989891231 1.427533984
0.990247905 -0.016158810 0.138376743 -0.073662728 0.013461792 0.999701202 0.020404244 -0.028167233 -0.138665080 -0.018342461 0.990169525 1.428070903
0.990545869 -0.017990297 0.135997415 -0.073590577 0.014641485 0.999565423 0.025584435 -0.028263044 -0.136398584 -0.023351353 0.990378857 1.428595781
0.990857303 -0.018587017 0.133627236 -0.073512256 0.014975876 0.999496400 0.027978569 -0.028242316 -0.134079963 -0.025721587 0.990636706 1.429091454
0.991347373 -0.017859261 0.130044103 -0.073281139 0.014335210 0.999505579 0.027984804 -0.028212395 -0.130479619 -0.025878452 0.991113186 1.429623604
0.991931379 -0.016741786 0.125666127 -0.073047355 0.014105149 0.999661982 0.021841917 -0.028114049 -0.125989318 -0.019893147 0.991832137 1.430088401
0.991942406 -0.017550325 0.125468448 -0.073221847 0.015359627 0.999712646 0.018406358 -0.028322045 -0.125755399 -0.016330898 0.991926908 1.430609941
0.992211282 -0.019227508 0.123073712 -0.073280469 0.017252497 0.999705076 0.017093113 -0.028372113 -0.123366080 -0.014836650 0.992250264 1.431121111
0.991874933 -0.023855118 0.124960452 -0.073665276 0.021494858 0.999564886 0.020202592 -0.028357822 -0.125387982 -0.017352439 0.991956055 1.431753278
0.992156446 -0.023501316 0.122772679 -0.073701024 0.020911152 0.999531686 0.022343487 -0.028360840 -0.123240247 -0.019600913 0.992183328 1.432288408
0.992801309 -0.021634152 0.117802836 -0.073425040 0.018889036 0.999524534 0.024369625 -0.028305609 -0.118274048 -0.021969009 0.992738068 1.432883978
0.993000627 -0.020398814 0.116333500 -0.073454872 0.017499682 0.999511659 0.025888136 -0.028250508 -0.116804786 -0.023671137 0.992872775 1.433401227
0.993268490 -0.021437047 0.113834143 -0.073362246 0.018719738 0.999514937 0.024886422 -0.028252743 -0.114312440 -0.022587949 0.993188083 1.433946371
0.993908226 -0.022334563 0.107924342 -0.072997510 0.019550489 0.999449968 0.026786258 -0.028373949 -0.108463258 -0.024513105 0.993798196 1.434356332
0.995068669 -0.022609198 0.096576408 -0.072199702 0.019853529 0.999370515 0.029399978 -0.028423116 -0.097180344 -0.027337614 0.994891286 1.434664726
0.994578898 -0.021570118 0.101723388 -0.072685376 0.018591654 0.999372780 0.030137850 -0.028434560 -0.102309689 -0.028083261 0.994356036 1.435310364
0.994690239 -0.019419383 0.101065427 -0.072661936 0.016438669 0.999407351 0.030242749 -0.028409883 -0.101592846 -0.028420782 0.994419932 1.435826063
0.994390845 -0.016698470 0.104442202 -0.072920471 0.013650223 0.999461710 0.029833019 -0.028436534 -0.104884155 -0.028240016 0.994083405 1.436375022
0.994479060 -0.015585050 0.103771344 -0.072858214 0.012314222 0.999409199 0.032085977 -0.028599992 -0.104210094 -0.030630972 0.994083524 1.436960340
0.994547427 -0.015317040 0.103153870 -0.072847515 0.012062087 0.999411643 0.032104593 -0.028544880 -0.103584945 -0.030685291 0.994147122 1.437471509
0.994158030 -0.016196657 0.106712870 -0.073091015 0.013284245 0.999521136 0.027946593 -0.028236981 -0.107114419 -0.026365727 0.993897021 1.438095570
0.994611919 -0.016977863 0.102268934 -0.072752059 0.014038107 0.999469221 0.029396834 -0.028313331 -0.102713749 -0.027802780 0.994322300 1.438514113
0.995504737 -0.015579497 0.093421407 -0.072078675 0.012879390 0.999483705 0.029436043 -0.028320417 -0.093831763 -0.028100507 0.995191395 1.438867331
0.995820582 -0.015741631 0.089964479 -0.071690679 0.013152624 0.999484181 0.029298851 -0.028325681 -0.090379268 -0.027993130 0.995513916 1.439512491
0.996259093 -0.014978246 0.085109331 -0.071279407 0.012694098 0.999546289 0.027315898 -0.028259750 -0.085479870 -0.026133319 0.995997012 1.439973712
0.996228039 -0.016784856 0.085135870 -0.071315795 0.014524571 0.999527216 0.027099472 -0.028223727 -0.085550487 -0.025760692 0.996000707 1.440448046
0.996371984 -0.017248120 0.083339855 -0.071188755 0.014819521 0.999449849 0.029672181 -0.028286476 -0.083805799 -0.028329467 0.996079326 1.440954685
0.996483028 -0.019139986 0.081580661 -0.071091413 0.016801173 0.999430656 0.029259490 -0.028189566 -0.082094237 -0.027785929 0.996237099 1.441489100
0.996657550 -0.018980462 0.079457827 -0.070940375 0.016654469 0.999416053 0.029834455 -0.028213624 -0.079977714 -0.028411409 0.996391594 1.442003846
