0.999617815 0.001544322 -0.027600879 -0.002091220 -0.001598007 0.999996901 -0.001923101 -0.000486618 0.027597822 0.001966472 0.999617159 0.035736859
0.999375045 0.003893440 -0.035133984 -0.002743929 -0.003949516 0.999991059 -0.001526790 -0.000577360 0.035127737 0.001664598 0.999381363 0.041703139
0.999090850 0.005049709 -0.042331755 -0.003687015 -0.005054809 0.999987245 -0.000013436 -0.001014014 0.042331152 0.000227404 0.999103546 0.046856277
0.998776972 0.006526698 -0.049008135 -0.004557658 -0.006490512 0.999978542 0.000897467 -0.001393333 0.049012937 -0.000578281 0.998797953 0.051361896
0.998529077 0.007268877 -0.053729486 -0.005069673 -0.007236689 0.999973595 0.000793594 -0.001152909 0.053733837 -0.000403603 0.998555183 0.055018686
0.998278081 0.007011796 -0.058237173 -0.005132013 -0.007033760 0.999975204 -0.000172186 -0.000931372 0.058234517 0.000581515 0.998302698 0.057578292
0.998066127 0.007239062 -0.061737828 -0.005113601 -0.007284710 0.999973357 -0.000514311 -0.000807480 0.061732456 0.000963058 0.998092175 0.059538022
0.997931063 0.006875353 -0.063923918 -0.005420581 -0.006936577 0.999975681 -0.000735862 -0.000639961 0.063917309 0.001177753 0.997954488 0.060957260
0.997775257 0.007474700 -0.066246107 -0.005195170 -0.007540064 0.999971330 -0.000736722 -0.000974888 0.066238709 0.001234583 0.997803032 0.061833136
0.997753382 0.007704852 -0.066549480 -0.005516347 -0.007752434 0.999969840 -0.000456759 -0.001090267 0.066543959 0.000971653 0.997783005 0.062590271
0.997742891 0.007642102 -0.066714078 -0.005372551 -0.007712834 0.999969959 -0.000802723 -0.000841254 0.066705942 0.001315466 0.997771800 0.062490016
0.997781456 0.006853268 -0.066221260 -0.005978309 -0.006993243 0.999973774 -0.001882167 -0.000517712 0.066206619 0.002341092 0.997803211 0.062138520
0.997781038 0.006476067 -0.066265158 -0.006184545 -0.006680270 0.999973595 -0.002860487 -0.000875843 0.066244870 0.003296808 0.997797906 0.061963685
0.997788966 0.006788450 -0.066114306 -0.005900349 -0.006987485 0.999971747 -0.002779689 -0.001379390 0.066093557 0.003235516 0.997808278 0.061830632
0.997773767 0.007095713 -0.066311643 -0.005869742 -0.007267924 0.999970853 -0.002356120 -0.001341834 0.066292979 0.002832823 0.997796118 0.061827112
0.997739911 0.006827543 -0.066848643 -0.005470979 -0.007019892 0.999971867 -0.002642895 -0.001422560 0.066828743 0.003106192 0.997759640 0.061843906
0.997744083 0.006867022 -0.066780552 -0.005301530 -0.007056564 0.999971747 -0.002602827 -0.001464746 0.066760793 0.003068197 0.997764230 0.061900157
0.997742593 0.006934661 -0.066794090 -0.005336368 -0.007118401 0.999971449 -0.002513208 -0.001246055 0.066774748 0.002983001 0.997763634 0.062166043
0.997751176 0.006991987 -0.066660002 -0.005457998 -0.007194299 0.999970257 -0.002795419 -0.001317430 0.066638462 0.003268705 0.997771859 0.062038921
0.997759104 0.006937193 -0.066548407 -0.005784197 -0.007142484 0.999970436 -0.002847400 -0.001165387 0.066526696 0.003316340 0.997779071 0.062127702
0.997747838 0.006695358 -0.066741794 -0.005612905 -0.006891213 0.999972582 -0.002704727 -0.001199368 0.066721842 0.003158567 0.997766614 0.061934963
0.997743666 0.006841573 -0.066789359 -0.005593169 -0.007059088 0.999970555 -0.003021254 -0.000970148 0.066766724 0.003485908 0.997762501 0.062014695
0.997735322 0.006805733 -0.066917405 -0.005617214 -0.007036430 0.999970078 -0.003212400 -0.000816688 0.066893525 0.003675985 0.997753382 0.062035959
0.997741699 0.006624426 -0.066840000 -0.005982075 -0.006842393 0.999971926 -0.003032614 -0.001057731 0.066818029 0.003483112 0.997759044 0.061973196
0.997720003 0.006650340 -0.067160353 -0.005751822 -0.006848905 0.999972761 -0.002726770 -0.001259814 0.067140386 0.003180528 0.997738481 0.062023900
0.997714341 0.006500179 -0.067259952 -0.005721635 -0.006684870 0.999974489 -0.002521230 -0.001391817 0.067241833 0.002965091 0.997732282 0.062048674
0.997704744 0.006479737 -0.067402191 -0.005710249 -0.006672084 0.999974191 -0.002629014 -0.001324553 0.067383416 0.003072693 0.997722447 0.062104546
0.997699916 0.006398574 -0.067483231 -0.005757899 -0.006578812 0.999975383 -0.002448952 -0.001455449 0.067465894 0.002887279 0.997717381 0.061894882
0.997679949 0.006352501 -0.067780659 -0.005720996 -0.006521289 0.999976158 -0.002269238 -0.001591820 0.067764625 0.002705990 0.997697711 0.061905559
0.997657716 0.006200740 -0.068122648 -0.005721716 -0.006385422 0.999976516 -0.002493615 -0.001469773 0.068105571 0.002922767 0.997673810 0.062021539
0.997640371 0.006191732 -0.068377592 -0.005823648 -0.006387900 0.999976099 -0.002650616 -0.001333436 0.068359524 0.003081150 0.997655928 0.061967276
0.997607231 0.006095907 -0.068866290 -0.005681362 -0.006301754 0.999976218 -0.002772229 -0.001243779 0.068847753 0.003199574 0.997622073 0.061960705
0.997562885 0.005829683 -0.069529295 -0.005517285 -0.006030682 0.999978185 -0.002681287 -0.001340971 0.069512151 0.003094061 0.997576296 0.062024567
0.997547686 0.005655010 -0.069761388 -0.005504038 -0.005827555 0.999980390 -0.002270077 -0.001635541 0.069747180 0.002671048 0.997561216 0.061816331
0.997540474 0.005669942 -0.069863215 -0.005393412 -0.005859990 0.999979675 -0.002515635 -0.001456503 0.069847524 0.002918846 0.997553408 0.061938923
0.997561574 0.005463265 -0.069578275 -0.005737692 -0.005654548 0.999980748 -0.002552507 -0.001413364 0.069562994 0.002939717 0.997573256 0.061893482
0.997551858 0.005418877 -0.069720060 -0.005941251 -0.005600928 0.999981403 -0.002415947 -0.001453083 0.069705687 0.002800530 0.997563660 0.061746068
0.997550726 0.005423213 -0.069735043 -0.006043247 -0.005614447 0.999980986 -0.002546581 -0.001380772 0.069719903 0.002931867 0.997562289 0.061821476
0.997546971 0.005273269 -0.069801047 -0.006134890 -0.005468658 0.999981642 -0.002608432 -0.001259255 0.069786035 0.002983752 0.997557461 0.061776295
0.997529685 0.005389119 -0.070038907 -0.006054177 -0.005583432 0.999981105 -0.002578884 -0.001236623 0.070023693 0.002963571 0.997540891 0.061843865
0.997521818 0.005238108 -0.070164181 -0.006035913 -0.005434086 0.999981821 -0.002602537 -0.001234327 0.070149265 0.002977365 0.997532070 0.061806455
0.997509181 0.005191301 -0.070344359 -0.006036251 -0.005381540 0.999982297 -0.002515157 -0.001325511 0.070330054 0.002887453 0.997519493 0.061737575
0.997495234 0.005076282 -0.070551641 -0.005925154 -0.005270034 0.999982834 -0.002560384 -0.001339353 0.070537433 0.002925780 0.997504830 0.061840136
0.997496068 0.005134844 -0.070535071 -0.005991484 -0.005319325 0.999982953 -0.002427863 -0.001376504 0.070521392 0.002796984 0.997506320 0.061836589
0.997489035 0.005068457 -0.070639312 -0.006013667 -0.005263620 0.999982834 -0.002576923 -0.001302928 0.070625037 0.002942272 0.997498572 0.061782461
0.997477591 0.005022240 -0.070802994 -0.005942085 -0.005212483 0.999983251 -0.002502417 -0.001333438 0.070789233 0.002865164 0.997487187 0.061602540
0.997467399 0.004949320 -0.070953138 -0.006048197 -0.005140629 0.999983549 -0.002513922 -0.001282300 0.070939541 0.002872299 0.997476399 0.061576650
0.997459471 0.004858480 -0.071070492 -0.006080429 -0.005051657 0.999984026 -0.002538625 -0.001243569 0.071057022 0.002891199 0.997468054 0.061666083
0.997463882 0.004901167 -0.071005665 -0.006202000 -0.005092515 0.999983847 -0.002514061 -0.001241189 0.070992202 0.002869282 0.997472703 0.061696421
0.997431517 0.004809599 -0.071465343 -0.005896015 -0.004994769 0.999984622 -0.002412564 -0.001314266 0.071452618 0.002763320 0.997440100 0.061770886
0.997440577 0.004916450 -0.071331151 -0.006026228 -0.005121314 0.999983311 -0.002689394 -0.001111752 0.071316741 0.003047820 0.997449040 0.061882500
0.997424364 0.004941614 -0.071556062 -0.005807595 -0.005146286 0.999983132 -0.002676226 -0.001113703 0.071541645 0.003037581 0.997432947 0.061832257
0.997457802 0.004781637 -0.071098961 -0.006347936 -0.004984675 0.999983907 -0.002678544 -0.001114785 0.071085028 0.003026140 0.997465670 0.061917353
0.997455001 0.004801700 -0.071136862 -0.006280206 -0.005006149 0.999983788 -0.002696010 -0.001127081 0.071122758 0.003045270 0.997462928 0.061841246
0.997464478 0.004816754 -0.071003109 -0.006450764 -0.005013416 0.999984086 -0.002591826 -0.001159733 0.070989497 0.002941223 0.997472763 0.061846428
0.997450233 0.004809259 -0.071203202 -0.006196625 -0.005008112 0.999984026 -0.002614490 -0.001186921 0.071189493 0.002964417 0.997458398 0.061774373
0.997453928 0.004894173 -0.071145535 -0.006302547 -0.005092270 0.999983609 -0.002603272 -0.001155618 0.071131624 0.002958936 0.997462571 0.061827093
0.997456729 0.004840098 -0.071110070 -0.006296085 -0.005041580 0.999983728 -0.002654167 -0.001137169 0.071096070 0.003005923 0.997464955 0.061875977
0.997455716 0.004842176 -0.071123533 -0.006322209 -0.005043243 0.999983728 -0.002647715 -0.001158027 0.071109563 0.002999672 0.997464001 0.061850529
0.997454405 0.004864269 -0.071141250 -0.006288927 -0.005059917 0.999983847 -0.002570165 -0.001226894 0.071127608 0.002923591 0.997462928 0.061849046
0.997458339 0.004833738 -0.071088091 -0.006312071 -0.005035192 0.999983788 -0.002654942 -0.001141946 0.071074121 0.003006135 0.997466505 0.061827183
0.997467816 0.004816953 -0.070954770 -0.006273300 -0.005019974 0.999983788 -0.002683228 -0.001160553 0.070940688 0.003032625 0.997475922 0.061489202
0.997411788 0.004861130 -0.071736984 -0.006185005 -0.005056201 0.999983966 -0.002537934 -0.001362993 0.071723506 0.002894082 0.997420371 0.061333802
0.997223794 0.005165748 -0.074283749 -0.006211078 -0.005410351 0.999980509 -0.003091969 -0.001222280 0.074266322 0.003485287 0.997232378 0.061763231
0.997093916 0.005699300 -0.075968832 -0.006523388 -0.005972919 0.999976397 -0.003374994 -0.001210405 0.075947814 0.003818942 0.997104466 0.062188022
0.996911585 0.006187617 -0.078287162 -0.007140628 -0.006465385 0.999973655 -0.003295079 -0.001381197 0.078264698 0.003791059 0.996925414 0.062690571
0.996527016 0.005906283 -0.083060779 -0.007705069 -0.006197539 0.999975502 -0.003249140 -0.001296282 0.083039552 0.003752628 0.996539235 0.063523129
0.995908618 0.006181436 -0.090153493 -0.007000459 -0.006467422 0.999974966 -0.002880425 -0.001588053 0.090133436 0.003451702 0.995923698 0.064821973
0.995276868 0.006960181 -0.096827723 -0.007221730 -0.007242321 0.999970496 -0.002562671 -0.001735273 0.096807025 0.003251824 0.995297909 0.066268362
0.994638741 0.007116745 -0.103165343 -0.008493807 -0.007450595 0.999968171 -0.002851080 -0.001372239 0.103141770 0.003604438 0.994660139 0.067649119
0.993695855 0.007406265 -0.111863978 -0.009641340 -0.007808766 0.999964535 -0.003160430 -0.001105834 0.111836597 0.004014026 0.993718505 0.069454901
0.992545784 0.007705304 -0.121628620 -0.010120336 -0.008062261 0.999964535 -0.002442951 -0.001412084 0.121605486 0.003405343 0.992572665 0.071169481
0.990985990 0.008180811 -0.133714736 -0.010126342 -0.008559106 0.999960780 -0.002254524 -0.001274946 0.133691072 0.003378681 0.991017163 0.073876701
0.989271581 0.008372851 -0.145847470 -0.011007669 -0.008761178 0.999959588 -0.002020406 -0.001264786 0.145824686 0.003276526 0.989304841 0.076190270
0.987502217 0.008838758 -0.157356918 -0.012938938 -0.009241153 0.999955595 -0.001825743 -0.001443925 0.157333836 0.003257084 0.987540126 0.078267656
0.985131681 0.009159075 -0.171556175 -0.014388919 -0.009723512 0.999949753 -0.002450076 -0.001417286 0.171525151 0.004081776 0.985171258 0.081441313
0.981898487 0.009929040 -0.189147383 -0.014695918 -0.010856546 0.999933481 -0.003868116 -0.001531731 0.189096406 0.005851584 0.981941044 0.084930688
0.978419304 0.010881987 -0.206342220 -0.016461704 -0.012206268 0.999912202 -0.005145899 -0.001800450 0.206268087 0.007553516 0.978466392 0.089132458
0.974511981 0.012290459 -0.223998904 -0.018733539 -0.013899018 0.999887586 -0.005605727 -0.001668779 0.223904878 0.008576212 0.974573314 0.093824618
0.970377564 0.013290424 -0.241227537 -0.021999035 -0.014683277 0.999884248 -0.003977305 -0.002029952 0.241146728 0.007401498 0.970460415 0.099636808
0.965537608 0.012454119 -0.259965152 -0.024810320 -0.013688605 0.999902010 -0.002938722 -0.001343406 0.259903044 0.006396008 0.965613544 0.106553987
0.959975123 0.011799553 -0.279836535 -0.027989909 -0.012472179 0.999922037 -0.000623046 -0.001904638 0.279807359 0.004088280 0.960047483 0.113353044
0.952944040 0.012971661 -0.302868456 -0.031294826 -0.013015596 0.999913573 0.001873426 -0.002259791 0.302866518 0.002156744 0.953030527 0.121908166
0.945564568 0.015825571 -0.325049460 -0.036309909 -0.014994824 0.999874771 0.005060816 -0.001886808 0.325088859 0.000088732 0.945683420 0.130338848
0.936983526 0.016481625 -0.348984599 -0.040987685 -0.014553653 0.999860942 0.008145921 -0.002104044 0.349070340 -0.002553594 0.937092960 0.139666483
0.927611649 0.015651444 -0.373217940 -0.046202261 -0.013023969 0.999869466 0.009560677 -0.001986803 0.373318851 -0.004007818 0.927694440 0.148818552
0.916506827 0.015657723 -0.399712205 -0.051914927 -0.011665143 0.999854803 0.012419600 -0.001658118 0.399848580 -0.006719950 0.916556656 0.159503996
0.903617024 0.016126240 -0.428037643 -0.057921711 -0.010146312 0.999816477 0.016248340 -0.001827068 0.428221107 -0.010339271 0.903614819 0.169427171
0.888246715 0.016640926 -0.459065437 -0.064620383 -0.009479296 0.999794841 0.017900633 -0.001278318 0.459269106 -0.011548559 0.888222098 0.180345327
0.870518982 0.016781943 -0.491848677 -0.072979070 -0.008678338 0.999786496 0.018753126 -0.001697918 0.492058367 -0.012056522 0.870478749 0.190587953
0.849083066 0.017791437 -0.527959645 -0.082162604 -0.009768856 0.999790609 0.017980808 -0.001451444 0.528168917 -0.010109639 0.849079132 0.202245831
0.824853003 0.020654727 -0.564969957 -0.093525827 -0.012868054 0.999759436 0.017762903 -0.001826223 0.565200925 -0.007381719 0.824920297 0.213948548
0.795681059 0.021277813 -0.605342031 -0.105548002 -0.013385826 0.999756455 0.017546751 -0.001487768 0.605567932 -0.005858611 0.795772076 0.227457657
0.762878835 0.018070659 -0.646288991 -0.119255409 -0.009333596 0.999812901 0.016938055 -0.001775185 0.646474242 -0.006889482 0.762904763 0.240782872
0.727509022 0.014720646 -0.685940266 -0.135683447 -0.006152415 0.999869585 0.014932476 -0.001354231 0.686070621 -0.006643323 0.727504551 0.255025744
0.689276814 0.013032028 -0.724380851 -0.153438210 -0.005439108 0.999903083 0.012813309 -0.000721606 0.724477708 -0.004891930 0.689280927 0.271070421
0.650495648 0.013740971 -0.759385705 -0.174418598 -0.005124566 0.999892950 0.013703173 -0.000389313 0.759492755 -0.005022332 0.650496423 0.285558194
0.609427571 0.013851477 -0.792720735 -0.198128268 -0.003073009 0.999881148 0.015108797 -0.000069877 0.792835832 -0.006771678 0.609397650 0.301255435
0.565964162 0.015021022 -0.824292958 -0.222742766 -0.000690904 0.999842286 0.017745662 0.000507152 0.824429572 -0.009473904 0.565885305 0.315926433
0.520954013 0.019304963 -0.853366435 -0.250773013 0.000666433 0.999734700 0.023022961 0.000087020 0.853584528 -0.012562614 0.520802975 0.330878973
0.474465787 0.023014843 -0.879972994 -0.281630516 0.002559119 0.999617875 0.027523872 0.002049019 0.880270243 -0.015311090 0.474225551 0.344876260
0.425197512 0.026686898 -0.904707015 -0.312953591 0.008456426 0.999404490 0.033454649 0.002481974 0.905061066 -0.021875421 0.424718589 0.358109355
0.374489129 0.030246384 -0.926737845 -0.347560257 0.013249307 0.999191284 0.037965044 0.003559122 0.927136660 -0.026496127 0.373785526 0.370602131
0.323927343 0.035295077 -0.945423365 -0.384390175 0.016319308 0.998946905 0.042884670 0.004010430 0.945941210 -0.029320175 0.323010206 0.381437749
0.273494959 0.038714807 -0.961094022 -0.422650903 0.020525886 0.998727262 0.046071723 0.005669545 0.961654365 -0.032327697 0.272352278 0.390972704
0.224323556 0.041017797 -0.973651111 -0.463396728 0.023908449 0.998581350 0.047576435 0.007400919 0.974221408 -0.033950999 0.223024696 0.399454564
0.178150982 0.040333237 -0.983176231 -0.504590034 0.030445803 0.998455286 0.046476800 0.008745020 0.983532071 -0.038213473 0.176647842 0.406295002
0.138774619 0.039687354 -0.989528418 -0.551051140 0.030130731 0.998564899 0.044275422 0.011079112 0.989865482 -0.035959523 0.137379661 0.411103129
0.104412839 0.039033845 -0.993767738 -0.597889006 0.029337367 0.998673737 0.042308956 0.012987711 0.994101286 -0.033572126 0.103129216 0.415366650
0.077004537 0.037013963 -0.996343434 -0.645048440 0.029241607 0.998796940 0.039365109 0.014611398 0.996601820 -0.032165974 0.075829536 0.417643040
0.056005906 0.035532165 -0.997797966 -0.696633995 0.030414870 0.998842001 0.037276514 0.016007358 0.997967064 -0.032435600 0.054860353 0.418826729
0.038618833 0.035020314 -0.998640239 -0.748648822 0.031695809 0.998839855 0.036253039 0.017847756 0.998751223 -0.033052757 0.037464038 0.420630664
0.023578301 0.033926733 -0.999146163 -0.803380013 0.033936363 0.998820782 0.034716535 0.019267980 0.999145925 -0.034725934 0.022399150 0.421722949
0.008791997 0.030967208 -0.999481738 -0.858081579 0.036617238 0.998840034 0.031269427 0.021336699 0.999290705 -0.036873177 0.007647865 0.422488511
-0.005118728 0.028286112 -0.999586701 -0.915078104 0.038397621 0.998868346 0.028069150 0.021814013 0.999249578 -0.038238067 -0.006199054 0.420602232
-0.018080823 0.026244747 -0.999491990 -0.972270727 0.037487239 0.998970389 0.025552902 0.022816399 0.999133587 -0.037006177 -0.019046050 0.417854190
-0.031648234 0.024830624 -0.999190509 -1.034508228 0.035478670 0.999089241 0.023704359 0.024255952 0.998869181 -0.034699749 -0.032500364 0.416226327
-0.041459695 0.024163064 -0.998847902 -1.095367670 0.031530090 0.999241233 0.022863843 0.025966238 0.998642564 -0.030545829 -0.042190105 0.413544208
-0.046304636 0.025551891 -0.998600423 -1.158484936 0.028110877 0.999310136 0.024266563 0.025004972 0.998531699 -0.026947875 -0.046990987 0.409124255
-0.048916157 0.024455229 -0.998503447 -1.223867536 0.025091724 0.999414742 0.023248320 0.026882138 0.998487771 -0.023916952 -0.049501147 0.404657602
-0.049891319 0.025702693 -0.998423815 -1.288721442 0.023610787 0.999419868 0.024548495 0.027902424 0.998475432 -0.022348817 -0.050469235 0.401016802
-0.050205439 0.027231237 -0.998367608 -1.358944416 0.025575012 0.999335468 0.025971537 0.028516274 0.998411357 -0.024229353 -0.050868519 0.395987511
-0.053150754 0.027339876 -0.998212159 -1.426911354 0.026218770 0.999318719 0.025974143 0.030577254 0.998242199 -0.024791347 -0.053831365 0.391895533
-0.057426915 0.027917312 -0.997959316 -1.497673631 0.027978146 0.999261320 0.026343752 0.031056926 0.997957587 -0.026408210 -0.058165576 0.387644589
-0.062660150 0.027331112 -0.997660577 -1.571207166 0.026593680 0.999315679 0.025706181 0.032653768 0.997680545 -0.024920711 -0.063344121 0.383771867
-0.067629933 0.026167702 -0.997367322 -1.645821929 0.026674867 0.999346018 0.024410836 0.035234984 0.997353733 -0.024953736 -0.068283737 0.379107684
-0.071903720 0.027141640 -0.997042239 -1.718068957 0.026541531 0.999327898 0.025289761 0.035926461 0.997058511 -0.024644598 -0.072575770 0.372381598
-0.077271983 0.029924095 -0.996560931 -1.793565512 0.027174072 0.999241412 0.027897540 0.036748454 0.996639729 -0.024924921 -0.078026518 0.366867155
-0.081687398 0.034031171 -0.996076822 -1.869071007 0.028951831 0.999076128 0.031759329 0.038317118 0.996237397 -0.026243914 -0.082597196 0.359454632
-0.085798949 0.036169466 -0.995655775 -1.946418166 0.029066814 0.999006331 0.033786401 0.039980117 0.995888472 -0.026041701 -0.086765029 0.352236271
-0.087725028 0.035596307 -0.995508671 -2.024093866 0.029823275 0.999007225 0.033093367 0.042082049 0.995698214 -0.026786214 -0.088699542 0.345533997
-0.088834345 0.033534419 -0.995481789 -2.102704525 0.028827498 0.999100983 0.031083848 0.043858666 0.995629251 -0.025935935 -0.089721203 0.339336038
-0.086926661 0.032908063 -0.995671034 -2.182968378 0.028044868 0.999139071 0.030574234 0.045927908 0.995819807 -0.025265750 -0.087774709 0.331610084
-0.084930263 0.035683509 -0.995747685 -2.263637304 0.028672758 0.999032140 0.033355623 0.047243375 0.995974243 -0.025717929 -0.085871190 0.323087215
-0.085055813 0.037550431 -0.995668292 -2.344420671 0.030337265 0.998923898 0.035081618 0.048970729 0.995914161 -0.027221955 -0.086103462 0.316804975
-0.084172741 0.039732505 -0.995658696 -2.425306320 0.032428101 0.998784661 0.037115786 0.049969308 0.995923281 -0.029163184 -0.085358895 0.309691250
-0.083701380 0.040073834 -0.995684743 -2.504105806 0.031406078 0.998800755 0.037559126 0.051408283 0.995995879 -0.028126806 -0.084859580 0.302769363
-0.083447926 0.040186752 -0.995701492 -2.583876848 0.032532427 0.998763800 0.037583869 0.052857831 0.995980978 -0.029256297 -0.084652141 0.295865774
-0.082397781 0.039264705 -0.995825648 -2.662776232 0.031028293 0.998840213 0.036816183 0.053510502 0.996116400 -0.027865199 -0.083520532 0.288167357
-0.082634062 0.036106139 -0.995925605 -2.742316246 0.030755781 0.998959899 0.033664268 0.055976745 0.996105254 -0.027848657 -0.083658583 0.282626003
-0.083582424 0.036664482 -0.995826125 -2.820003510 0.030499393 0.998948812 0.034219552 0.056659292 0.996034086 -0.027511939 -0.084612817 0.277462244
-0.080541804 0.038938358 -0.995990396 -2.902221918 0.030385187 0.998868167 0.036593735 0.057973433 0.996287942 -0.027316034 -0.081633806 0.267338187
-0.081707209 0.042475875 -0.995750844 -2.980595827 0.030741839 0.998723388 0.040080126 0.056904670 0.996182144 -0.027336378 -0.082908675 0.263204336
-0.080515318 0.041316908 -0.995896757 -3.059717178 0.030116277 0.998785138 0.039001927 0.058534127 0.996298313 -0.026852449 -0.081661843 0.254551947
-0.078498214 0.037071552 -0.996224761 -3.140808105 0.030312296 0.998935163 0.034783933 0.062601462 0.996453226 -0.027467385 -0.079538345 0.245997071
-0.078713484 0.035852008 -0.996252418 -3.219369650 0.030595034 0.998969316 0.033532478 0.063342080 0.996427596 -0.027840920 -0.079729237 0.239838630
-0.078394458 0.038099460 -0.996194124 -3.297768116 0.029724503 0.998914540 0.035864361 0.064725958 0.996479154 -0.026799807 -0.079441860 0.233796418
-0.077855222 0.040764049 -0.996130884 -3.376776695 0.029134404 0.998830080 0.038597431 0.066661097 0.996538937 -0.026016669 -0.078951769 0.226963341
-0.077358596 0.043659471 -0.996046960 -3.456278324 0.027473789 0.998754621 0.041644394 0.067923427 0.996624708 -0.024143633 -0.078461766 0.220617533
-0.077340886 0.042074393 -0.996116579 -3.534262180 0.024480682 0.998888016 0.040290721 0.069787018 0.996704102 -0.021269493 -0.078284897 0.214224190
-0.076953575 0.041109260 -0.996186733 -3.610938787 0.023996059 0.998936594 0.039369080 0.070619300 0.996745884 -0.020874962 -0.077858195 0.207094282
-0.077111356 0.040278755 -0.996208549 -3.689944029 0.023136720 0.998986840 0.038600195 0.072729535 0.996753991 -0.020072486 -0.077965155 0.200509399
-0.075703986 0.041185036 -0.996279418 -3.766839743 0.022455007 0.998963594 0.039589722 0.074129336 0.996877432 -0.019374361 -0.076550350 0.192779124
-0.075377651 0.042699587 -0.996240437 -3.844316959 0.023356369 0.998884261 0.041045718 0.075690955 0.996881545 -0.020174628 -0.076290853 0.186148912
-0.075164072 0.042466253 -0.996266663 -3.921285629 0.024142383 0.998877406 0.040756110 0.076901026 0.996878982 -0.020988846 -0.076104932 0.179750502
-0.074509025 0.040164668 -0.996411204 -3.997292280 0.026636718 0.998912215 0.038273666 0.078759357 0.996864498 -0.023689393 -0.075497828 0.173621088
-0.077882469 0.039820902 -0.996167004 -4.073407650 0.029469186 0.998857260 0.037624493 0.079166427 0.996526897 -0.026425941 -0.078966953 0.170772940
-0.077457055 0.039506439 -0.996212542 -4.151636600 0.031490818 0.998812914 0.037161101 0.081804298 0.996498227 -0.028493162 -0.078609183 0.162662268
-0.080483124 0.040403899 -0.995936751 -4.226979733 0.031801306 0.998773515 0.037949074 0.083728150 0.996248543 -0.028617823 -0.081669308 0.156308502
-0.083466105 0.042708613 -0.995594978 -4.304089546 0.033247277 0.998644292 0.040052123 0.083686776 0.995955765 -0.029757829 -0.084772900 0.149919391
-0.086254053 0.042861447 -0.995350778 -4.378304958 0.031972244 0.998678565 0.040234137 0.085577831 0.995759964 -0.028353237 -0.087510467 0.141833544
-0.089342952 0.041678529 -0.995128512 -4.454871655 0.029160131 0.998805165 0.039214525 0.087257430 0.995573878 -0.025514534 -0.090451583 0.135410219
-0.092417531 0.040308811 -0.994904101 -4.529600620 0.026842188 0.998917997 0.037978038 0.088302180 0.995358467 -0.023195563 -0.093399525 0.127988487
-0.095295034 0.041020900 -0.994603395 -4.606129646 0.027921893 0.998867512 0.038521513 0.089901827 0.995057285 -0.024100302 -0.096332513 0.120727360
-0.096992269 0.041585095 -0.994415939 -4.678374767 0.027227083 0.998863697 0.039115436 0.091494143 0.994912624 -0.023281151 -0.098014303 0.113168180
-0.098921016 0.042528637 -0.994186044 -4.753514767 0.027719047 0.998816431 0.039968684 0.093032598 0.994709134 -0.023604151 -0.099982791 0.105906069
-0.099725634 0.043543633 -0.994061708 -4.826026440 0.026962863 0.998793364 0.041045949 0.094315067 0.994649589 -0.022709422 -0.100779362 0.096643716
-0.101182744 0.043934356 -0.993897259 -4.900766373 0.026398396 0.998791277 0.041463219 0.096223578 0.994517565 -0.022041932 -0.102220245 0.088506520
-0.102047205 0.044448290 -0.993786037 -4.973549366 0.024413709 0.998812199 0.042166177 0.097872816 0.994480073 -0.019959062 -0.103011131 0.080516279
-0.101564087 0.044800024 -0.993819773 -5.045160770 0.023911785 0.998806775 0.042581152 0.099479824 0.994541645 -0.019439286 -0.102514148 0.072605073
-0.101687938 0.043924436 -0.993846178 -5.117969513 0.022809831 0.998865008 0.041812412 0.101086453 0.994554818 -0.018417643 -0.102574423 0.065790653
-0.100275837 0.043200277 -0.994021356 -5.190198421 0.023797695 0.998875201 0.041010540 0.103145912 0.994675040 -0.019543050 -0.101191118 0.058399200
-0.098576859 0.043534845 -0.994176686 -5.261678696 0.023084847 0.998873770 0.041451577 0.105182700 0.994861603 -0.018864250 -0.099470861 0.050530791
-0.096563846 0.042894740 -0.994401991 -5.333715916 0.026112288 0.998836160 0.040550318 0.106917277 0.994984269 -0.022050418 -0.097571544 0.043835759
-0.094048873 0.042203177 -0.994672656 -5.405296803 0.029057719 0.998791814 0.039630469 0.108327806 0.995143533 -0.025175719 -0.095161550 0.036571264
-0.091871865 0.041674219 -0.994898319 -5.476610184 0.032148454 0.998727143 0.038865916 0.109440356 0.995251715 -0.028413767 -0.093094684 0.029929101
-0.089049831 0.042470261 -0.995121241 -5.548322201 0.033270594 0.998659790 0.039644018 0.110727683 0.995471358 -0.029577984 -0.090343513 0.023095459
-0.086394362 0.044817206 -0.995252490 -5.619126320 0.033232272 0.998561382 0.042081434 0.111640960 0.995706618 -0.029438904 -0.087759458 0.015861660
-0.085136607 0.045833852 -0.995314538 -5.690511227 0.032041207 0.998550594 0.043242153 0.113749668 0.995854020 -0.028209589 -0.086481802 0.010076016
-0.082332499 0.045519337 -0.995564818 -5.762763023 0.030801775 0.998595297 0.043110617 0.115766555 0.996128738 -0.027115755 -0.083618939 0.003770262
-0.079811417 0.044324439 -0.995823920 -5.833380222 0.028787225 0.998696625 0.042145114 0.116934776 0.996394157 -0.025303349 -0.080983385 -0.003572762
-0.078428350 0.041249011 -0.996066034 -5.904324055 0.028048242 0.998839378 0.039155398 0.119052231 0.996525109 -0.024867008 -0.079494290 -0.008561522
-0.076742887 0.038334239 -0.996313691 -5.975428581 0.026995825 0.998974085 0.036357213 0.120528266 0.996685386 -0.024106152 -0.077699028 -0.014889240
-0.075091377 0.036210798 -0.996518850 -6.045292377 0.028176013 0.999018431 0.034178454 0.121926911 0.996778488 -0.025511427 -0.076037958 -0.020322800
-0.073682718 0.036185626 -0.996625006 -6.115994453 0.028169168 0.999018252 0.034189913 0.122374229 0.996883750 -0.025554890 -0.074629717 -0.026756048
-0.073702149 0.037562843 -0.996572614 -6.186920166 0.029125035 0.998945177 0.035498306 0.124549888 0.996854901 -0.026408909 -0.074718431 -0.031195849
-0.073207177 0.040243492 -0.996504486 -6.257485390 0.028263718 0.998867869 0.038262568 0.125777170 0.996916175 -0.025363825 -0.074261725 -0.037628531
-0.074430496 0.041863151 -0.996347070 -6.327758312 0.026426831 0.998850346 0.039994162 0.127128750 0.996875942 -0.023353511 -0.075451240 -0.042303443
-0.074678726 0.042524964 -0.996300519 -6.396999836 0.022229837 0.998913050 0.040970210 0.128849119 0.996959805 -0.019087994 -0.075542890 -0.048725784
-0.075814344 0.042053614 -0.996234775 -6.467241287 0.017412368 0.999013662 0.040845830 0.130366474 0.996969879 -0.014250108 -0.076471791 -0.054183781
-0.076753534 0.041487876 -0.996186614 -6.536783695 0.014239393 0.999077618 0.040511176 0.131947607 0.996948421 -0.011075716 -0.077273488 -0.060238332
-0.076268427 0.040801447 -0.996252179 -6.607542515 0.010459316 0.999140143 0.040119011 0.132945105 0.997032404 -0.007360304 -0.076629609 -0.067262083
-0.077813052 0.038995583 -0.996205032 -6.676022530 0.009566036 0.999217927 0.038366321 0.134781897 0.996922016 -0.006544334 -0.078125253 -0.071525186
-0.079151288 0.036585052 -0.996191084 -6.745668888 0.008183803 0.999316514 0.036049593 0.136779189 0.996829033 -0.005299261 -0.079396591 -0.076384276
-0.079442725 0.036596250 -0.996167421 -6.814730644 0.009537365 0.999308050 0.035951037 0.137228400 0.996793807 -0.006644765 -0.079736769 -0.082781643
-0.080075227 0.041045453 -0.995943367 -6.883914948 0.012901985 0.999110758 0.040138662 0.139371336 0.996705294 -0.009635534 -0.080533586 -0.088026851
-0.080894627 0.046952490 -0.995616257 -6.954158783 0.015054997 0.998833418 0.045880992 0.140559614 0.996608973 -0.011277474 -0.081507154 -0.093627363
-0.081759371 0.047873180 -0.995501697 -7.023743153 0.017551750 0.998759925 0.046588361 0.142418191 0.996497631 -0.013663763 -0.082498252 -0.099662095
-0.082830489 0.043468632 -0.995615184 -7.092299461 0.019637307 0.998925388 0.041979436 0.144254550 0.996370137 -0.016074022 -0.083595082 -0.105328947
-0.083489746 0.039977588 -0.995706379 -7.160758495 0.021186600 0.999040306 0.038334951 0.145888701 0.996283352 -0.017895056 -0.084256597 -0.111102134
-0.083626188 0.038502689 -0.995753109 -7.230303764 0.019430198 0.999126315 0.037001319 0.147370100 0.996307731 -0.016253408 -0.084301241 -0.117792964
-0.084312484 0.038131166 -0.995709538 -7.299131870 0.020162102 0.999128222 0.036554847 0.148492396 0.996235371 -0.016993571 -0.085007779 -0.123681843
-0.084898174 0.038467709 -0.995646775 -7.368260860 0.021153003 0.999098837 0.036797382 0.148950875 0.996165097 -0.017936889 -0.085635386 -0.129129410
-0.084291063 0.036256373 -0.995781302 -7.435678482 0.022689790 0.999148428 0.034458328 0.149891898 0.996182859 -0.019689541 -0.085041933 -0.135862917
-0.084269896 0.033589087 -0.995876670 -7.505685329 0.025517888 0.999176681 0.031541094 0.151044935 0.996116161 -0.022754705 -0.085057646 -0.141535968
-0.084283233 0.032236140 -0.995920241 -7.573296070 0.027251480 0.999177277 0.030035311 0.152706936 0.996069074 -0.024608828 -0.085092388 -0.145929188
-0.082954250 0.034970470 -0.995939553 -7.642120838 0.029158801 0.999041378 0.032650672 0.153265014 0.996126652 -0.026331890 -0.083894439 -0.153034419
-0.082101695 0.039601061 -0.995836914 -7.709333420 0.030700559 0.998836458 0.037189245 0.153606310 0.996150911 -0.027519444 -0.083221965 -0.158764303
-0.080980346 0.040655922 -0.995886207 -7.777995110 0.031230832 0.998780608 0.038234554 0.154997230 0.996226311 -0.028006110 -0.082151316 -0.164820701
-0.079928726 0.038949624 -0.996039331 -7.845036030 0.029399469 0.998893678 0.036702037 0.156589523 0.996366978 -0.026349479 -0.080985405 -0.170634747
-0.078950152 0.037384484 -0.996177316 -7.912585258 0.027502248 0.998997867 0.035310697 0.157683223 0.996499121 -0.024609327 -0.079899192 -0.176544338
-0.077560604 0.038111739 -0.996258855 -7.978701591 0.026797479 0.998987675 0.036129903 0.158712357 0.996627510 -0.023894968 -0.078503385 -0.182798147
-0.075791053 0.039867964 -0.996326447 -8.045274734 0.027105611 0.998913467 0.037909552 0.159875035 0.996755242 -0.024132829 -0.076789349 -0.189098597
-0.075405389 0.041349486 -0.996295214 -8.112791061 0.026228799 0.998876393 0.039471459 0.161065474 0.996807933 -0.023155270 -0.076405205 -0.193498433
-0.074327797 0.040800713 -0.996398807 -8.178374290 0.027046245 0.998877585 0.038884658 0.162880719 0.996867001 -0.024058638 -0.075347878 -0.198603421
-0.073492683 0.041011497 -0.996452093 -8.244839668 0.027602173 0.998854935 0.039074611 0.163748860 0.996913671 -0.024632549 -0.074540548 -0.203483820
-0.073088899 0.040766221 -0.996491849 -8.310710907 0.027279554 0.998872101 0.038862731 0.165234923 0.996952295 -0.024343420 -0.074118555 -0.208659530
-0.072749175 0.042023905 -0.996464491 -8.375476837 0.026145829 0.998848915 0.040215619 0.166830212 0.997007549 -0.023127738 -0.073764175 -0.213296741
-0.071578518 0.041904803 -0.996554315 -8.439526558 0.024662428 0.998885930 0.040231444 0.168090999 0.997129977 -0.021697741 -0.072532251 -0.218475759
-0.070991352 0.043189842 -0.996541440 -8.502535820 0.024288690 0.998840868 0.041559212 0.168602869 0.997181177 -0.021254344 -0.071958080 -0.223025948
-0.070812307 0.044968311 -0.996475518 -8.564403534 0.022957347 0.998792231 0.043441437 0.169344351 0.997225463 -0.019800248 -0.071759135 -0.227857769
-0.070874453 0.046100859 -0.996419370 -8.623714447 0.022072840 0.998759210 0.044639096 0.170821458 0.997241020 -0.018830035 -0.071804106 -0.232338876
-0.071263388 0.046124443 -0.996390522 -8.683984756 0.022391997 0.998752475 0.044632275 0.172310308 0.997206092 -0.019130528 -0.072207309 -0.237085432
-0.073449254 0.044794500 -0.996292472 -8.741220474 0.021784462 0.998824477 0.043302335 0.173719421 0.997060955 -0.018523172 -0.074338727 -0.241902322
-0.077028714 0.043248881 -0.996090353 -8.795486450 0.022257777 0.998884320 0.041648973 0.175969988 0.996780515 -0.018962596 -0.077905402 -0.245757490
-0.081793003 0.043030098 -0.995720029 -8.848855972 0.019965664 0.998937845 0.041529078 0.177304447 0.996449351 -0.016483421 -0.082565248 -0.249441952
-0.087173864 0.042156424 -0.995300651 -8.900729179 0.017754743 0.999011278 0.040758524 0.178512305 0.996034861 -0.014118231 -0.087836146 -0.253478646
-0.091589600 0.040121272 -0.994988203 -8.952392578 0.017845986 0.999093711 0.038644079 0.180323303 0.995636880 -0.014217152 -0.092222601 -0.259669900
-0.097581215 0.040328592 -0.994410157 -9.003811836 0.019553553 0.999063432 0.038598526 0.178723484 0.995035470 -0.015677754 -0.098278396 -0.266767800
-0.106281705 0.039104633 -0.993566871 -9.051496506 0.022086047 0.999072731 0.036958788 0.179087579 0.994090736 -0.018015916 -0.107046813 -0.272976995
-0.117821164 0.038183115 -0.992300510 -9.097889900 0.023958730 0.999078929 0.035599191 0.178936824 0.992745817 -0.019579917 -0.118627474 -0.278541148
-0.128491834 0.036966462 -0.991021395 -9.142630577 0.023637917 0.999135315 0.034204330 0.179980457 0.991428852 -0.019030701 -0.129254550 -0.287775040
-0.141412526 0.036451012 -0.989279449 -9.188714027 0.024109736 0.999152303 0.033368420 0.180893332 0.989657104 -0.019132551 -0.142171502 -0.293408275
-0.155556381 0.037795637 -0.987103701 -9.231255531 0.024975568 0.999098897 0.034319058 0.181072861 0.987511277 -0.019314930 -0.156360179 -0.300783634
-0.170411423 0.038648445 -0.984614789 -9.271055222 0.026174175 0.999055505 0.034685202 0.183109209 0.985025287 -0.019860726 -0.171262056 -0.309925795
-0.187476411 0.039662223 -0.981467962 -9.310176849 0.025749302 0.999039471 0.035453763 0.182440311 0.981931508 -0.018625369 -0.188317657 -0.316577554
-0.206535935 0.038065836 -0.977698207 -9.348056793 0.023290787 0.999151051 0.033980973 0.182903200 0.978161812 -0.015753070 -0.207247168 -0.325279951
-0.226299763 0.036956880 -0.973356307 -9.384328842 0.020615458 0.999237835 0.033146586 0.183270887 0.973839521 -0.012565121 -0.226889148 -0.336086869
-0.247239605 0.037139315 -0.968242347 -9.420201302 0.021975858 0.999223053 0.032716144 0.184407637 0.968705118 -0.013189231 -0.247863680 -0.345728636
-0.269531637 0.038093340 -0.962237775 -9.455219269 0.021640416 0.999204576 0.033495110 0.184596226 0.962748289 -0.011795238 -0.270141631 -0.356637239
-0.293023616 0.038016435 -0.955349088 -9.488833427 0.020887781 0.999225199 0.033355732 0.185015619 0.955877006 -0.010181108 -0.293590695 -0.368822336
-0.318640679 0.037643958 -0.947127759 -9.521842957 0.020818669 0.999247909 0.032711506 0.184985027 0.947646856 -0.009294723 -0.319184780 -0.381802559
-0.346785069 0.035088666 -0.937288046 -9.551839828 0.020100595 0.999348521 0.029975012 0.185780242 0.937729180 -0.008445164 -0.347264498 -0.394750595
-0.379198581 0.032381382 -0.924748600 -9.582857132 0.021974858 0.999420762 0.025985222 0.186580911 0.925054431 -0.010467660 -0.379690468 -0.409212589
-0.414920479 0.030931726 -0.909331679 -9.611207008 0.023882706 0.999447882 0.023099624 0.186791509 0.909544110 -0.012132797 -0.415430158 -0.423150063
-0.453533560 0.033405706 -0.890612900 -9.639315605 0.028644718 0.999327362 0.022896474 0.187246442 0.890778720 -0.015127035 -0.454185456 -0.439583063
-0.497211307 0.038095556 -0.866792798 -9.666630745 0.033025883 0.999142528 0.024967967 0.187221199 0.867000759 -0.016212244 -0.498043090 -0.456466913
-0.541996062 0.038753085 -0.839487076 -9.692848206 0.032402813 0.999156952 0.025203757 0.187684476 0.839756131 -0.013541404 -0.542794883 -0.475692749
-0.584196627 0.036362126 -0.810797095 -9.716338158 0.028406899 0.999299884 0.024348198 0.187398344 0.811114907 -0.008808100 -0.584820688 -0.496020317
-0.625819564 0.033865292 -0.779232264 -9.738091469 0.027081711 0.999397933 0.021683699 0.187273681 0.779497504 -0.007532860 -0.626360059 -0.516744614
-0.667247355 0.033895910 -0.744064391 -9.760946274 0.030042036 0.999375880 0.018586123 0.186919093 0.744230092 -0.009951671 -0.667849243 -0.537532806
-0.704794943 0.036049966 -0.708494604 -9.782345772 0.035240747 0.999254167 0.015787808 0.187225357 0.708535373 -0.013840714 -0.705539584 -0.561440468
-0.740886748 0.034008160 -0.670768380 -9.801877975 0.031324882 0.999380052 0.016069463 0.187700689 0.670899093 -0.009106087 -0.741492689 -0.585672379
-0.774352849 0.028974865 -0.632090271 -9.819223404 0.022637185 0.999580085 0.018088453 0.187408775 0.632349014 -0.000301901 -0.774683595 -0.612193584
-0.806382596 0.026041396 -0.590820551 -9.835395813 0.017661912 0.999644876 0.019955110 0.188083544 0.591130435 0.005656429 -0.806556165 -0.638914585
-0.836529434 0.029369533 -0.547134280 -9.852495193 0.018397721 0.999504924 0.025523450 0.188347593 0.547612965 0.011285093 -0.836655617 -0.666681290
-0.863579035 0.035020005 -0.502995908 -9.867275238 0.022606166 0.999271095 0.030760229 0.188921034 0.503706455 0.015193079 -0.863741219 -0.695020199
-0.887851238 0.034899004 -0.458805203 -9.879258156 0.020217448 0.999115407 0.036874112 0.188997030 0.459686249 0.023462854 -0.887771308 -0.724598646
-0.910299301 0.026263596 -0.413116783 -9.889738083 0.009714668 0.999065816 0.042108677 0.189671814 0.413836777 0.034318209 -0.909703970 -0.755685091
-0.929736316 0.023515865 -0.367474377 -9.898672104 0.008302133 0.999043643 0.042927019 0.190488875 0.368132472 0.036859982 -0.929042459 -0.787126303
-0.946508467 0.022575071 -0.321888238 -9.906313896 0.009812671 0.999102056 0.041216243 0.190556705 0.322529644 0.035852943 -0.945880115 -0.817427397
-0.959891319 0.022912338 -0.279434681 -9.913705826 0.012520232 0.999163985 0.038918294 0.191382676 0.280092776 0.033858750 -0.959375620 -0.849495411
-0.970451534 0.022413364 -0.240252674 -9.920357704 0.013757115 0.999196410 0.037646763 0.192112237 0.240903422 0.033229169 -0.969980061 -0.882277489
-0.978749752 0.016416058 -0.204400122 -9.924913406 0.009170108 0.999297202 0.036346741 0.193320662 0.204853117 0.033699997 -0.978212416 -0.915681005
-0.985314846 0.010595619 -0.170418441 -9.928686142 0.004691241 0.999375820 0.035011806 0.194061309 0.170683056 0.033698171 -0.984749556 -0.949905992
-0.989763737 0.009087661 -0.142425746 -9.932602882 0.004291180 0.999414384 0.033948116 0.195224702 0.142650843 0.032989446 -0.989223123 -0.984933019
-0.992688417 0.007993091 -0.120439634 -9.935464859 0.003778070 0.999373674 0.035184737 0.195512041 0.120645456 0.034472443 -0.992096961 -1.020952225
-0.994985282 0.007951080 -0.099704660 -9.938412666 0.004359023 0.999335229 0.036193203 0.196029514 0.099926166 0.035577089 -0.994358659 -1.057497740
