0.999390960 0.003690631 -0.034700155 -0.003351301 -0.003745432 0.999991775 -0.001514366 -0.000629466 0.034694288 0.001643411 0.999396563 0.042834383
0.999123931 0.004859336 -0.041566286 -0.004511303 -0.004887184 0.999987841 -0.000568351 -0.000492603 0.041563030 0.000770995 0.999135613 0.048234019
0.998837888 0.006503580 -0.047754403 -0.005012651 -0.006479096 0.999978781 0.000667500 -0.001172226 0.047757730 -0.000357319 0.998858809 0.052393500
0.998480797 0.006919725 -0.054665085 -0.004902452 -0.006881660 0.999975920 0.000884557 -0.001254016 0.054669891 -0.000507026 0.998504341 0.056561705
0.998241901 0.006796784 -0.058880784 -0.005324441 -0.006787414 0.999976933 0.000359121 -0.001386830 0.058881864 0.000041159 0.998264909 0.059397519
0.998039126 0.007005390 -0.062200122 -0.005296338 -0.007024754 0.999975324 -0.000092618 -0.001179877 0.062197953 0.000529376 0.998063684 0.061353479
0.997833431 0.006821202 -0.065436706 -0.004810723 -0.006837365 0.999976635 -0.000023062 -0.001229123 0.065435015 0.000470427 0.997856736 0.063133709
0.997743249 0.007188779 -0.066758759 -0.005391746 -0.007226926 0.999973834 -0.000329936 -0.001366855 0.066754662 0.000811652 0.997769117 0.063722834
0.997693598 0.007478007 -0.067465641 -0.005569073 -0.007537941 0.999971390 -0.000633848 -0.000900389 0.067458972 0.001140938 0.997721374 0.064525068
0.997749150 0.007481283 -0.066637911 -0.005824399 -0.007528589 0.999971569 -0.000458813 -0.001115973 0.066632584 0.000959469 0.997777104 0.064032130
0.997744083 0.006659844 -0.066799723 -0.005756574 -0.006754198 0.999976456 -0.001186735 -0.001133063 0.066790238 0.001635237 0.997765720 0.063824713
0.997708261 0.006205934 -0.067377776 -0.005481414 -0.006379938 0.999976873 -0.002367635 -0.001235630 0.067361519 0.002792076 0.997724712 0.063790865
0.997725666 0.006528968 -0.067088649 -0.005405567 -0.006731646 0.999973416 -0.002795428 -0.001328853 0.067068636 0.003240688 0.997743130 0.063773267
0.997713864 0.006916026 -0.067224927 -0.005420319 -0.007083420 0.999972343 -0.002252022 -0.001340501 0.067207485 0.002723055 0.997735381 0.064038061
0.997732103 0.006680172 -0.066977814 -0.005684125 -0.006901505 0.999971449 -0.003073719 -0.001082793 0.066955395 0.003528995 0.997749686 0.063641496
0.997747958 0.006630098 -0.066746853 -0.005676142 -0.006845500 0.999972045 -0.002998953 -0.001093460 0.066725112 0.003449115 0.997765481 0.063627981
0.997720063 0.006737823 -0.067150876 -0.005431581 -0.006918913 0.999972999 -0.002464565 -0.001211819 0.067132451 0.002923556 0.997739732 0.063857242
0.997733235 0.006725017 -0.066955186 -0.005593840 -0.006944834 0.999971271 -0.003050816 -0.001034189 0.066932753 0.003508894 0.997751296 0.063765265
0.997732759 0.006724865 -0.066963308 -0.005685633 -0.006944270 0.999971211 -0.003044249 -0.000929372 0.066940911 0.003502358 0.997750819 0.063703284
0.997721016 0.006589102 -0.067150936 -0.005603064 -0.006809568 0.999972105 -0.003054766 -0.000890220 0.067128934 0.003505073 0.997738183 0.063732497
0.997728169 0.006524053 -0.067050450 -0.005771540 -0.006733731 0.999973118 -0.002901645 -0.001074581 0.067029715 0.003346553 0.997745395 0.063547753
0.997721136 0.006662745 -0.067141823 -0.005764423 -0.006868591 0.999972403 -0.002835470 -0.001070391 0.067121081 0.003290178 0.997739434 0.063561939
0.997709632 0.006493601 -0.067330323 -0.005787642 -0.006704101 0.999973297 -0.002900915 -0.001074919 0.067309678 0.003345661 0.997726500 0.063591123
0.997700334 0.006465031 -0.067470871 -0.005776791 -0.006671991 0.999973714 -0.002842517 -0.001094462 0.067450717 0.003286145 0.997717202 0.063609496
0.997702539 0.006434243 -0.067440569 -0.005912889 -0.006641770 0.999973893 -0.002853416 -0.001081255 0.067420468 0.003294786 0.997719169 0.063641176
0.997695386 0.006457845 -0.067543916 -0.005911144 -0.006665104 0.999973714 -0.002843600 -0.001081805 0.067523785 0.003287233 0.997712195 0.063634038
0.997672796 0.006208525 -0.067900494 -0.005730873 -0.006407722 0.999975801 -0.002716260 -0.001149160 0.067881972 0.003145026 0.997688353 0.063659102
0.997657657 0.006103463 -0.068131045 -0.005720175 -0.006299670 0.999976635 -0.002665367 -0.001161543 0.068113163 0.003088328 0.997672796 0.063650750
0.997641444 0.006027182 -0.068375565 -0.005749894 -0.006235330 0.999976575 -0.002831176 -0.001100475 0.068356901 0.003250843 0.997655630 0.063608564
0.997617006 0.006065154 -0.068728253 -0.005737543 -0.006277371 0.999976158 -0.002872203 -0.001095191 0.068709202 0.003296792 0.997631311 0.063608594
0.997585714 0.005945885 -0.069191128 -0.005723858 -0.006161137 0.999976814 -0.002897979 -0.001090435 0.069172293 0.003317278 0.997599185 0.063685633
0.997553706 0.005779073 -0.069665208 -0.005751047 -0.006004987 0.999977350 -0.003033872 -0.001075299 0.069646098 0.003444789 0.997565806 0.063626468
0.997536719 0.005580757 -0.069923557 -0.005744484 -0.005794821 0.999979138 -0.002858932 -0.001098098 0.069906138 0.003257084 0.997548282 0.063663468
0.997536659 0.005593248 -0.069922805 -0.005714715 -0.005805513 0.999979138 -0.002832853 -0.001101436 0.069905490 0.003231813 0.997548401 0.063566700
0.997537911 0.005395670 -0.069921821 -0.005751212 -0.005608121 0.999980271 -0.002842451 -0.001101644 0.069905095 0.003227582 0.997548461 0.063611619
0.997523665 0.005343256 -0.070128381 -0.005836748 -0.005550251 0.999980807 -0.002757122 -0.001150310 0.070112288 0.003139525 0.997534156 0.063546792
0.997519851 0.005278114 -0.070187941 -0.005879892 -0.005483763 0.999981165 -0.002737608 -0.001151309 0.070172168 0.003115712 0.997530043 0.063639268
0.997495770 0.005222675 -0.070533179 -0.005722093 -0.005436333 0.999981225 -0.002837561 -0.001081378 0.070517033 0.003213897 0.997505367 0.063642815
0.997480452 0.005131993 -0.070756495 -0.005636223 -0.005341600 0.999981880 -0.002773468 -0.001092604 0.070740975 0.003144433 0.997489750 0.063396931
0.997478127 0.005162505 -0.070786506 -0.005817752 -0.005379556 0.999981403 -0.002875966 -0.000979808 0.070770323 0.003249513 0.997487366 0.063454673
0.997462332 0.005120855 -0.071012139 -0.005812963 -0.005338123 0.999981642 -0.002870160 -0.000973769 0.070996135 0.003241949 0.997471333 0.063494809
0.997467995 0.004929961 -0.070947133 -0.005948478 -0.005185376 0.999980748 -0.003416355 -0.000568719 0.070928931 0.003775592 0.997474253 0.063544162
0.997464955 0.005032943 -0.070980690 -0.006026723 -0.005282069 0.999980569 -0.003322521 -0.000596441 0.070962586 0.003689023 0.997472167 0.063773349
0.997450292 0.004883162 -0.071196243 -0.005907329 -0.005114569 0.999982238 -0.003068341 -0.000848533 0.071180001 0.003424656 0.997457623 0.063667387
0.997441649 0.004857635 -0.071320020 -0.005851800 -0.005090787 0.999982297 -0.003087690 -0.000784767 0.071303755 0.003442865 0.997448742 0.063507766
0.997425079 0.004890205 -0.071549073 -0.005997975 -0.005143096 0.999981165 -0.003350697 -0.000566451 0.071531340 0.003710052 0.997431457 0.063558117
0.997430921 0.004746360 -0.071477190 -0.006101594 -0.004974844 0.999983072 -0.003018930 -0.000834092 0.071461670 0.003366762 0.997437656 0.063582629
0.997428656 0.004657896 -0.071514763 -0.006062282 -0.004885968 0.999983490 -0.003014567 -0.000830116 0.071499556 0.003356233 0.997435093 0.063525222
0.997407973 0.004625556 -0.071805015 -0.005988372 -0.004854669 0.999983668 -0.003016580 -0.000847631 0.071789891 0.003357350 0.997414112 0.063593656
0.997418940 0.004758693 -0.071643226 -0.006063919 -0.004977831 0.999983430 -0.002880510 -0.000975865 0.071628354 0.003229703 0.997426093 0.063655399
0.997416854 0.004791989 -0.071669824 -0.006068260 -0.005009550 0.999983370 -0.002856168 -0.000979815 0.071654961 0.003207824 0.997424245 0.063533396
0.997410595 0.004706348 -0.071762934 -0.005950356 -0.004919720 0.999983966 -0.002796816 -0.001052081 0.071748622 0.003142627 0.997417808 0.063727438
0.997422278 0.004733284 -0.071598954 -0.006148745 -0.004952728 0.999983490 -0.002887691 -0.000922595 0.071584113 0.003234857 0.997429311 0.063666970
0.997422516 0.004615233 -0.071603641 -0.006156403 -0.004828654 0.999984384 -0.002807797 -0.000931873 0.071589574 0.003146309 0.997429192 0.063632265
0.997424662 0.004668293 -0.071569562 -0.006140097 -0.004886459 0.999983907 -0.002873528 -0.000927688 0.071555004 0.003215850 0.997431457 0.063599631
0.997436106 0.004664000 -0.071409337 -0.006265237 -0.004879008 0.999984086 -0.002836809 -0.000931786 0.071394965 0.003177942 0.997443199 0.063525140
0.997435868 0.004699829 -0.071410596 -0.006265676 -0.004915974 0.999983847 -0.002851343 -0.000930456 0.071396030 0.003195084 0.997442961 0.063518412
0.997419238 0.004667127 -0.071645178 -0.006132334 -0.004886128 0.999983907 -0.002881786 -0.000924848 0.071630575 0.003224416 0.997426033 0.063549519
0.997419953 0.004657422 -0.071635887 -0.006152694 -0.004875734 0.999983966 -0.002872958 -0.000928966 0.071621358 0.003214823 0.997426689 0.063623711
0.997417450 0.004714919 -0.071667671 -0.006129775 -0.004933903 0.999983668 -0.002878831 -0.000921805 0.071652927 0.003224998 0.997424424 0.063526496
0.997417688 0.004749361 -0.071661405 -0.006113193 -0.004968992 0.999983490 -0.002886878 -0.000927287 0.071646512 0.003235508 0.997424841 0.063502207
0.997378409 0.004754149 -0.072205991 -0.006130725 -0.004978647 0.999983311 -0.002929470 -0.000996753 0.072190844 0.003281278 0.997385442 0.063390039
0.997193694 0.004957641 -0.074699871 -0.006147154 -0.005222890 0.999980748 -0.003355933 -0.001020610 0.074681796 0.003736665 0.997200489 0.063510798
0.997079313 0.005637829 -0.076164760 -0.006479553 -0.005933784 0.999975622 -0.003659982 -0.000993575 0.076142259 0.004101238 0.997088552 0.064074956
0.996812105 0.006067785 -0.079553559 -0.006654565 -0.006386311 0.999972522 -0.003750093 -0.001004246 0.079528607 0.004246192 0.996823549 0.064837746
0.996416152 0.005820941 -0.084385842 -0.007146895 -0.006132199 0.999975324 -0.003429786 -0.001126902 0.084363781 0.003934965 0.996427238 0.065680645
0.996037662 0.006129913 -0.088720478 -0.007920528 -0.006432868 0.999974549 -0.003129182 -0.001393509 0.088699020 0.003687511 0.996051669 0.066537477
0.995256603 0.006808119 -0.097046323 -0.007670966 -0.007164001 0.999968827 -0.003319154 -0.001080119 0.097020701 0.003998650 0.995274305 0.068456456
0.994671941 0.007187840 -0.102840029 -0.009037403 -0.007529274 0.999967337 -0.002932245 -0.001245703 0.102815576 0.003690932 0.994693696 0.069547325
0.993667305 0.007564235 -0.112108231 -0.009440875 -0.007944512 0.999964118 -0.002945700 -0.001263772 0.112081930 0.003817691 0.993691683 0.071347043
0.992389381 0.007533740 -0.122908652 -0.009884375 -0.007898761 0.999965727 -0.002482860 -0.001358135 0.122885734 0.003434790 0.992414892 0.073149540
0.990990698 0.008255051 -0.133676380 -0.010424386 -0.008595400 0.999961197 -0.001969163 -0.001569052 0.133654922 0.003100424 0.991023123 0.075329907
0.989276469 0.008185895 -0.145825595 -0.011614875 -0.008570813 0.999961257 -0.002011481 -0.001288284 0.145803437 0.003239754 0.989308298 0.078074515
0.987214744 0.008602577 -0.159163922 -0.012455274 -0.009020632 0.999957502 -0.001904259 -0.001301045 0.159140751 0.003315672 0.987250328 0.080546029
0.984938323 0.009096744 -0.172666505 -0.014587302 -0.009608231 0.999951601 -0.002126711 -0.001627393 0.172638804 0.003753699 0.984977961 0.083523326
0.981784284 0.009845002 -0.189743713 -0.015104585 -0.010792814 0.999933958 -0.003962530 -0.001382232 0.189692155 0.005938218 0.981825531 0.087303728
0.978728652 0.010724754 -0.204878390 -0.017956167 -0.012037738 0.999914229 -0.005163278 -0.001829814 0.204805434 0.007519722 0.978773832 0.090893798
0.974813819 0.012405983 -0.222675011 -0.020208864 -0.014069407 0.999883711 -0.005885307 -0.001577464 0.222576126 0.008869983 0.974874973 0.096312478
0.970451236 0.013094278 -0.240941256 -0.022562912 -0.014621296 0.999882638 -0.004550963 -0.001626793 0.240853354 0.007939360 0.970529079 0.102495939
0.965701342 0.012465766 -0.259355932 -0.025450109 -0.013520309 0.999905944 -0.002282514 -0.001951488 0.259303153 0.005710798 0.965779126 0.108973421
0.960019350 0.011736536 -0.279687375 -0.028948354 -0.012391116 0.999922991 -0.000572342 -0.001919973 0.279659182 0.004015097 0.960091054 0.116398446
0.953223228 0.013254243 -0.301976502 -0.032758776 -0.013422421 0.999908745 0.001518238 -0.001954989 0.301969081 0.002606035 0.953314185 0.125119835
0.945520937 0.015851479 -0.325174987 -0.037195757 -0.015081104 0.999874353 0.004889635 -0.001814320 0.325211585 0.000280745 0.945641220 0.134292796
0.937117159 0.016366456 -0.348631054 -0.042218648 -0.014599382 0.999863803 0.007695517 -0.001837046 0.348709464 -0.002121802 0.937228441 0.143252000
0.927233517 0.015519259 -0.374162257 -0.046693657 -0.013120400 0.999873757 0.008957690 -0.001536201 0.374254078 -0.003396711 0.927320063 0.153467655
0.916365921 0.015401877 -0.400045455 -0.052906334 -0.011286394 0.999856412 0.012641566 -0.001932702 0.400182664 -0.007069229 0.916408062 0.163834915
0.903706193 0.015983155 -0.427854776 -0.059545327 -0.009927671 0.999816537 0.016380614 -0.001888801 0.428038061 -0.010555660 0.903699040 0.174188808
0.888267338 0.016393829 -0.459034115 -0.066728756 -0.009250149 0.999798596 0.017806778 -0.001177528 0.459233642 -0.011571048 0.888240039 0.186076373
0.870528162 0.016693924 -0.491835296 -0.075262509 -0.008825481 0.999793351 0.018314343 -0.001372123 0.492039382 -0.011602471 0.870495617 0.196422040
0.849470854 0.017583814 -0.527342558 -0.085128121 -0.009954941 0.999800801 0.017301610 -0.000813802 0.527541757 -0.009447549 0.849476576 0.207950354
0.824494660 0.020739831 -0.565489471 -0.095981799 -0.013019391 0.999758840 0.017684521 -0.001820249 0.565719783 -0.007218467 0.824565887 0.220668748
0.795995176 0.021089181 -0.604935348 -0.108738929 -0.013165656 0.999759614 0.017529659 -0.001523064 0.605159581 -0.005989152 0.796081603 0.233578727
0.763182461 0.017917516 -0.645934701 -0.123402625 -0.009429744 0.999817908 0.016592449 -0.001453680 0.646114230 -0.006572068 0.763212383 0.248322755
0.726791263 0.014290112 -0.686709762 -0.139197350 -0.006033420 0.999877751 0.014421421 -0.001175527 0.686831892 -0.006338154 0.726788640 0.263522893
0.689323902 0.013541897 -0.724326730 -0.157938257 -0.005582555 0.999894917 0.013381096 -0.001277652 0.724431694 -0.005180316 0.689327121 0.278730571
0.650276721 0.014040889 -0.759567738 -0.179095387 -0.004887895 0.999885857 0.014298662 -0.001086370 0.759681821 -0.005585399 0.650271058 0.293869883
0.609018624 0.013348971 -0.793043554 -0.203196764 -0.002849758 0.999888659 0.014642235 0.000132690 0.793150783 -0.006657413 0.608988941 0.309974939
0.566000223 0.015125635 -0.824266255 -0.229433209 -0.000579139 0.999838710 0.017949786 0.000319815 0.824404895 -0.009682218 0.565917790 0.325154930
0.521809757 0.018911961 -0.852852166 -0.258510888 -0.000357568 0.999758899 0.021950839 0.001146491 0.853061795 -0.011149209 0.521690786 0.339699924
0.474467665 0.022912718 -0.879974604 -0.290203333 0.002281867 0.999625802 0.027258528 0.002226565 0.880270004 -0.014941277 0.474237919 0.355210036
0.425310463 0.026814757 -0.904650211 -0.322581351 0.008757748 0.999392271 0.033740360 0.002275011 0.905005157 -0.022272825 0.424817145 0.368914217
0.374416113 0.030486867 -0.926759422 -0.358003646 0.013711343 0.999167979 0.038408294 0.003152272 0.927159369 -0.027087802 0.373686612 0.381519794
0.323519260 0.035133801 -0.945569038 -0.395518094 0.018192517 0.998894691 0.043339610 0.003522061 0.946046650 -0.031223478 0.322522461 0.393278748
0.273487538 0.038415909 -0.961108088 -0.434909940 0.021356976 0.998713255 0.045996230 0.005654609 0.961638391 -0.033105761 0.272315234 0.402495086
0.224383533 0.041112561 -0.973633349 -0.476955593 0.024293762 0.998563170 0.047763988 0.007162808 0.974198043 -0.034370672 0.223062322 0.410808325
0.178627238 0.041011844 -0.983061671 -0.519271970 0.028890669 0.998481452 0.046904713 0.008797430 0.983492553 -0.036779769 0.177171141 0.417623550
0.138050914 0.039669864 -0.989630342 -0.565234065 0.030817710 0.998541653 0.044326071 0.010817543 0.989945531 -0.036617402 0.136627063 0.423402041
0.103231162 0.039314784 -0.993880093 -0.612246811 0.029969813 0.998641908 0.042616013 0.012751253 0.994205713 -0.034185700 0.101912700 0.427610219
0.077224001 0.037125863 -0.996322215 -0.661926329 0.029548347 0.998782277 0.039507788 0.014850280 0.996575832 -0.032490619 0.076032966 0.428647518
0.055213384 0.035260286 -0.997851670 -0.713324726 0.030854328 0.998838723 0.037002400 0.016481752 0.997997820 -0.032831065 0.054061346 0.430830926
0.038519118 0.035544194 -0.998625517 -0.765082300 0.032582223 0.998791099 0.036806855 0.017404735 0.998726547 -0.033955209 0.037314452 0.432446659
0.024212031 0.034124333 -0.999124229 -0.822114289 0.034015283 0.998810410 0.034937911 0.019592505 0.999127984 -0.034831408 0.023022478 0.432193875
0.010370580 0.032655422 -0.999412835 -0.880635321 0.035594139 0.998821199 0.033005428 0.020628422 0.999312520 -0.035915524 0.009196012 0.432902962
-0.004643135 0.028825974 -0.999573648 -0.936373889 0.038344886 0.998854399 0.028627116 0.022312561 0.999253750 -0.038195625 -0.005743145 0.431548715
-0.019349821 0.025434405 -0.999489248 -0.995943546 0.038242869 0.998963594 0.024680659 0.023958907 0.999081016 -0.037745770 -0.020302452 0.430348396
-0.031350441 0.025559612 -0.999181509 -1.056876540 0.035545554 0.999069035 0.024441456 0.024455244 0.998876214 -0.034750219 -0.032229785 0.427034289
-0.040816188 0.025540793 -0.998840153 -1.119521379 0.031586848 0.999206543 0.024259413 0.025870554 0.998667300 -0.030560037 -0.041590557 0.423822850
-0.046155829 0.025419656 -0.998610795 -1.183253288 0.027345559 0.999333680 0.024174146 0.026413448 0.998559892 -0.026191788 -0.046820197 0.419730753
-0.048174147 0.025164589 -0.998521924 -1.248109818 0.024481587 0.999412060 0.024005899 0.027465802 0.998538852 -0.023288941 -0.048761893 0.415373921
-0.049210574 0.025771178 -0.998455882 -1.315030694 0.023836764 0.999412656 0.024621038 0.029113062 0.998503864 -0.022588342 -0.049795970 0.412019551
-0.049997594 0.027416274 -0.998373032 -1.382699966 0.025112895 0.999341607 0.026185244 0.030113854 0.998433530 -0.023762833 -0.050653182 0.408684492
-0.053522497 0.027813960 -0.998179197 -1.452717185 0.025547503 0.999322951 0.026475972 0.031485464 0.998239696 -0.024083927 -0.054196842 0.404697895
-0.058174133 0.028609032 -0.997896373 -1.522678137 0.026505070 0.999281168 0.027103573 0.032334540 0.997954488 -0.024872590 -0.058890596 0.401109129
-0.062434614 0.027517848 -0.997669637 -1.595961332 0.026113691 0.999322593 0.025929237 0.034083050 0.997707367 -0.024433956 -0.063110918 0.395272225
-0.066310897 0.026798028 -0.997439027 -1.669203281 0.026834022 0.999325633 0.025064759 0.035654984 0.997438073 -0.025103236 -0.066985279 0.389662623
-0.071987830 0.027361332 -0.997030079 -1.744519711 0.025692059 0.999342799 0.025569772 0.037272044 0.997074544 -0.023775043 -0.072643489 0.384375036
-0.077987425 0.029590851 -0.996515036 -1.819469452 0.025796680 0.999284565 0.027654236 0.038614981 0.996620536 -0.023550099 -0.078694984 0.380031615
-0.081747986 0.034190636 -0.996066511 -1.895938277 0.028127162 0.999092460 0.031986091 0.039359532 0.996256053 -0.025401723 -0.082635492 0.371178687
-0.085777558 0.035969421 -0.995664835 -1.973313332 0.028853942 0.999018550 0.033604786 0.041539468 0.995896459 -0.025846314 -0.086731225 0.363912582
-0.086980760 0.035022225 -0.995594263 -2.051141500 0.029179888 0.999042630 0.032594211 0.043992054 0.995782554 -0.026216259 -0.087919421 0.356042862
-0.087610863 0.034017406 -0.995573878 -2.131028891 0.027275357 0.999123991 0.031738475 0.044522896 0.995781302 -0.024373991 -0.088461943 0.349546552
-0.085789330 0.033189796 -0.995760322 -2.211671591 0.027216623 0.999150097 0.030957939 0.046500914 0.995941460 -0.024445370 -0.086619720 0.341595411
-0.085063532 0.035289709 -0.995750427 -2.292020082 0.028589167 0.999047518 0.032964285 0.048906598 0.995965242 -0.025663612 -0.085991420 0.335007399
-0.084466428 0.038689215 -0.995674908 -2.373833656 0.029467948 0.998905838 0.036314894 0.049061045 0.995990515 -0.026273111 -0.085514106 0.327239335
-0.083675593 0.039662465 -0.995703399 -2.455534935 0.031701434 0.998807728 0.037122045 0.051484823 0.995988727 -0.028459018 -0.084833190 0.320656925
-0.081432901 0.041333575 -0.995821357 -2.535621881 0.030481342 0.998775601 0.038963605 0.052290682 0.996212661 -0.027181055 -0.082593106 0.311231852
-0.083465084 0.040977247 -0.995667815 -2.613604784 0.031611975 0.998760223 0.038454540 0.054022923 0.996009171 -0.028265417 -0.084656961 0.308090329
-0.082157440 0.040200673 -0.995808244 -2.693907499 0.030478925 0.998820186 0.037807655 0.054167818 0.996153176 -0.027244991 -0.083285794 0.299708664
-0.081905209 0.037206352 -0.995945454 -2.774001837 0.030818695 0.998919547 0.034782972 0.056981765 0.996163547 -0.027844829 -0.082963370 0.293519914
-0.081912935 0.037529942 -0.995932579 -2.853157520 0.030074347 0.998928726 0.035169300 0.057241686 0.996185601 -0.027071204 -0.082953870 0.287868738
-0.080982685 0.039199695 -0.995944381 -2.932885647 0.029563827 0.998881280 0.036911376 0.060049981 0.996276975 -0.026454745 -0.082050972 0.280086935
-0.077835448 0.042405475 -0.996063948 -3.011970282 0.030086493 0.998739898 0.040168352 0.059557077 0.996512175 -0.026841544 -0.079013184 0.269082010
-0.079284750 0.040384829 -0.996033609 -3.093838215 0.029495673 0.998836637 0.038150616 0.061863545 0.996415555 -0.026353916 -0.080383696 0.265763223
-0.080154538 0.038512174 -0.996038198 -3.173019171 0.030823166 0.998871326 0.036141273 0.062857114 0.996305823 -0.027804162 -0.081251130 0.260412425
-0.078318082 0.035889868 -0.996282279 -3.251546383 0.030146968 0.998979926 0.033617187 0.066071078 0.996472597 -0.027402055 -0.079320170 0.252058834
-0.080912180 0.039117865 -0.995953321 -3.329812288 0.029412460 0.998888135 0.036843631 0.066905484 0.996287167 -0.026312334 -0.081972770 0.249344170
-0.077718981 0.041664697 -0.996104300 -3.410227299 0.027482694 0.998836339 0.039634675 0.068827286 0.996596456 -0.024295263 -0.078773580 0.238825321
-0.077245526 0.043619543 -0.996057451 -3.489786863 0.025734959 0.998796821 0.041743726 0.070887975 0.996679962 -0.022408981 -0.078275137 0.232055575
-0.076818034 0.042304564 -0.996147215 -3.568064451 0.023483478 0.998899043 0.040610500 0.072327062 0.996768534 -0.020273384 -0.077726901 0.225549132
-0.076332092 0.040538542 -0.996258020 -3.647254705 0.022414245 0.998990476 0.038932372 0.074426666 0.996830523 -0.019358587 -0.077163666 0.218891531
-0.076446310 0.040489577 -0.996251225 -3.723619938 0.022684174 0.998987138 0.038860124 0.075297244 0.996815622 -0.019628428 -0.077287354 0.212644160
-0.076470807 0.041414946 -0.996211290 -3.802914381 0.022662343 0.998951018 0.039789252 0.076737575 0.996814191 -0.019533765 -0.077329174 0.206379652
-0.075847857 0.043002635 -0.996191680 -3.879662752 0.023000309 0.998879194 0.041367449 0.078349635 0.996854186 -0.019775080 -0.076751933 0.199396580
-0.076909319 0.042909674 -0.996114314 -3.956362724 0.023624033 0.998871326 0.041204445 0.080190904 0.996758223 -0.020363230 -0.077836215 0.194589287
-0.074620470 0.039353240 -0.996435225 -4.035931110 0.025358912 0.998972774 0.037554391 0.083418921 0.996889472 -0.022466179 -0.075541772 0.186132997
-0.076760501 0.039710645 -0.996258438 -4.112474918 0.028735198 0.998879731 0.037601110 0.082672305 0.996635377 -0.025741413 -0.077815577 0.182527125
-0.076750480 0.040320214 -0.996234655 -4.189461708 0.030444169 0.998810887 0.038079042 0.084200904 0.996585429 -0.027406957 -0.077886723 0.174434334
-0.080796912 0.041776054 -0.995854735 -4.266982555 0.032949794 0.998687148 0.039221555 0.085194260 0.996185720 -0.029644232 -0.082067348 0.169608653
-0.084000379 0.043454606 -0.995517790 -4.344032288 0.033803724 0.998597860 0.040736742 0.086128123 0.995892167 -0.030230308 -0.085351527 0.163468838
-0.087130122 0.043582182 -0.995243192 -4.419819355 0.032522611 0.998634398 0.040883444 0.088224232 0.995665848 -0.028805729 -0.088428542 0.156168401
-0.089729354 0.042582054 -0.995055497 -4.496744633 0.029722083 0.998755038 0.040060185 0.089663491 0.995522618 -0.025980541 -0.090883277 0.148789138
-0.093146563 0.041144591 -0.994801939 -4.573802471 0.027876675 0.998861849 0.038702320 0.091002017 0.995262146 -0.024126783 -0.094187520 0.141755998
-0.095366210 0.041000426 -0.994597554 -4.648410797 0.028363187 0.998857796 0.038456462 0.092524126 0.995038092 -0.024542509 -0.096420161 0.133707404
-0.097749323 0.041865502 -0.994330168 -4.725147724 0.028774189 0.998816013 0.039225686 0.094123848 0.994794965 -0.024776753 -0.098838225 0.126464427
-0.098979004 0.043193102 -0.994151652 -4.800224781 0.028445581 0.998771966 0.040561769 0.095660865 0.994682789 -0.024264457 -0.100086123 0.117701709
-0.100188419 0.044415243 -0.993976653 -4.875635624 0.029088393 0.998706818 0.041694622 0.096849225 0.994543195 -0.024735864 -0.101350836 0.109359920
-0.101752877 0.044470087 -0.993815243 -4.951175690 0.028139705 0.998729289 0.041808859 0.099132910 0.994411647 -0.023711491 -0.102874950 0.101949811
-0.102848366 0.044864599 -0.993684709 -5.023809433 0.025728058 0.998768091 0.042431198 0.100564629 0.994364321 -0.021201594 -0.103875943 0.093305528
-0.102072828 0.045921229 -0.993716359 -5.099158287 0.025246261 0.998731732 0.043559745 0.101638556 0.994456530 -0.020641360 -0.103102706 0.085141420
-0.100798182 0.044590063 -0.993907094 -5.174223900 0.023345551 0.998825967 0.042443134 0.104025960 0.994632959 -0.018925121 -0.101720825 0.075620055
-0.100305893 0.044629019 -0.993955314 -5.249680519 0.023880558 0.998813689 0.042437240 0.105231181 0.994670033 -0.019479500 -0.101252683 0.069107890
-0.098275900 0.044512950 -0.994163156 -5.323826790 0.024382446 0.998806894 0.042310592 0.107432291 0.994860470 -0.020082017 -0.099243991 0.060687006
-0.095979266 0.044426769 -0.994391382 -5.398260117 0.027924320 0.998730421 0.041925345 0.108968176 0.994991541 -0.023743741 -0.097098015 0.053543448
-0.094354212 0.042922553 -0.994612932 -5.472999096 0.030232418 0.998732865 0.040232331 0.111176021 0.995079577 -0.026273467 -0.095532298 0.047534168
-0.091172844 0.042386148 -0.994932652 -5.546331882 0.033088818 0.998671055 0.039513253 0.112342268 0.995285213 -0.029318606 -0.092454173 0.039816320
-0.088004820 0.043055434 -0.995189071 -5.620380402 0.034366753 0.998601913 0.040164024 0.113876231 0.995526969 -0.030666783 -0.089361444 0.032308966
-0.086531654 0.044891581 -0.995237231 -5.693197727 0.034192577 0.998529553 0.042067185 0.115480803 0.995662153 -0.030389586 -0.087939359 0.026432991
-0.084139384 0.046398308 -0.995373189 -5.768382549 0.033154573 0.998492539 0.043741141 0.117120385 0.995902300 -0.029320825 -0.085550860 0.019577265
-0.082731754 0.046667892 -0.995478570 -5.842007160 0.032993682 0.998483539 0.044066735 0.118757531 0.996025562 -0.029198781 -0.084146038 0.014023274
-0.079840221 0.044411279 -0.995817780 -5.915640354 0.030861178 0.998638213 0.042062756 0.121245921 0.996329844 -0.027373809 -0.081102058 0.006404459
-0.078185052 0.042020243 -0.996052861 -5.988830566 0.030202108 0.998752594 0.039763425 0.122640491 0.996481299 -0.026973991 -0.079356611 -0.000208735
-0.076020971 0.039106544 -0.996339023 -6.062077045 0.029064720 0.998892903 0.036989141 0.124201447 0.996682465 -0.026146363 -0.077073425 -0.006235659
-0.074826084 0.037111323 -0.996505797 -6.134715080 0.029871825 0.998942137 0.034959026 0.125820622 0.996749043 -0.027151598 -0.075855516 -0.011677384
-0.073653318 0.036790438 -0.996605039 -6.208669662 0.030022526 0.998948157 0.034658153 0.126994222 0.996831834 -0.027367912 -0.074680395 -0.017756671
-0.072503954 0.039720546 -0.996576786 -6.281530857 0.030468555 0.998828471 0.037593614 0.127136752 0.996902585 -0.027638568 -0.073629260 -0.024120063
-0.073494002 0.041259281 -0.996441841 -6.355498314 0.030452365 0.998770714 0.039109658 0.129664525 0.996830642 -0.027469685 -0.074660085 -0.028557301
-0.074328125 0.043012083 -0.996305883 -6.428464890 0.028527221 0.998752236 0.040989462 0.131169990 0.996825755 -0.025375161 -0.075462393 -0.034206420
-0.074241474 0.043653227 -0.996284425 -6.500423908 0.024167648 0.998826742 0.041963689 0.133064419 0.996947408 -0.020962406 -0.075209364 -0.041259080
-0.075351536 0.042519361 -0.996250153 -6.573301315 0.019149767 0.998967826 0.041186962 0.135069832 0.996973157 -0.015974460 -0.076087996 -0.046471298
-0.075107425 0.041952033 -0.996292651 -6.644808769 0.015691264 0.999040663 0.040884838 0.136940360 0.997052014 -0.012562335 -0.075693637 -0.053229362
-0.076019369 0.041593093 -0.996238351 -6.717566013 0.012265238 0.999093115 0.040776365 0.137966275 0.997030914 -0.009119309 -0.076460563 -0.059924066
-0.076542422 0.040291667 -0.996251941 -6.789486885 0.012105937 0.999147058 0.039478660 0.139351055 0.996992886 -0.009038772 -0.076964907 -0.065557212
-0.077889875 0.038368434 -0.996223390 -6.861935139 0.009696390 0.999240994 0.037726540 0.140997022 0.996914804 -0.006721254 -0.078202784 -0.071108550
-0.078228891 0.038013391 -0.996210456 -6.933850288 0.011395278 0.999241590 0.037234228 0.141840249 0.996870220 -0.008439304 -0.078602724 -0.076816440
-0.079043292 0.042675778 -0.995957255 -7.006615639 0.014632590 0.999025285 0.041645940 0.144149840 0.996763706 -0.011281602 -0.079590701 -0.082521528
-0.079454929 0.047452375 -0.995708406 -7.078810692 0.015891563 0.998799682 0.046331596 0.146587610 0.996711731 -0.012142088 -0.080113642 -0.088676363
-0.080802098 0.048785098 -0.995535672 -7.151258945 0.019459873 0.998688281 0.047360159 0.148097470 0.996540189 -0.015546191 -0.081645474 -0.094453603
-0.082067423 0.044562522 -0.995630026 -7.223581314 0.021249959 0.998851001 0.042955108 0.150224268 0.996400237 -0.017631879 -0.082920082 -0.099784046
-0.082572624 0.040821146 -0.995748580 -7.294397831 0.022265274 0.998986900 0.039107550 0.151815608 0.996336281 -0.018941399 -0.083397858 -0.106441975
-0.083068162 0.039136034 -0.995775163 -7.365760803 0.021161281 0.999072552 0.037500344 0.153367311 0.996319175 -0.017956791 -0.083819307 -0.112385690
-0.083678544 0.039092999 -0.995725632 -7.437134743 0.022144768 0.999056339 0.037362766 0.155018136 0.996246696 -0.018923655 -0.084465280 -0.118902087
-0.083823770 0.039068680 -0.995714426 -7.508425713 0.022554528 0.999049544 0.037300795 0.155719131 0.996225357 -0.019331176 -0.084625274 -0.125543475
-0.084250361 0.036512833 -0.995775402 -7.579280853 0.024957584 0.999092221 0.034522843 0.157495424 0.996131897 -0.021943586 -0.085085168 -0.130717635
-0.083441563 0.034207843 -0.995925367 -7.651255131 0.027455721 0.999110162 0.032016896 0.158130124 0.996134341 -0.024672315 -0.084306523 -0.138006866
-0.082951978 0.033939205 -0.995975375 -7.720942497 0.028811241 0.999083817 0.031645514 0.158645377 0.996137023 -0.026070232 -0.083853818 -0.142679632
-0.081220992 0.035977591 -0.996046603 -7.792161942 0.031488370 0.998942018 0.033514507 0.160295367 0.996198654 -0.028641807 -0.082267925 -0.151233852
-0.081156038 0.039815038 -0.995905876 -7.863235950 0.032547362 0.998774767 0.037277468 0.161256969 0.996169806 -0.029388817 -0.082352489 -0.155713588
-0.079568863 0.040972650 -0.995986998 -7.933737755 0.032654703 0.998725832 0.038476553 0.162818387 0.996294439 -0.029462120 -0.080805443 -0.162847370
-0.079087920 0.040125921 -0.996059775 -8.004426956 0.031857666 0.998780906 0.037706025 0.163221404 0.996358573 -0.028750041 -0.080269828 -0.168123513
-0.077900119 0.038416080 -0.996220767 -8.072442055 0.029628929 0.998905122 0.036202744 0.164834946 0.996520758 -0.026696758 -0.078953050 -0.173705161
-0.076906733 0.038876787 -0.996280134 -8.141857147 0.029046385 0.998902678 0.036736928 0.166417271 0.996615112 -0.026113013 -0.077951580 -0.179212689
-0.075527430 0.040971722 -0.996301532 -8.212228775 0.028966358 0.998823941 0.038879577 0.167326629 0.996722877 -0.025922755 -0.076625399 -0.185971618
-0.074532151 0.042373773 -0.996317863 -8.278623581 0.028168289 0.998787522 0.040371615 0.168623149 0.996820688 -0.025055585 -0.075635381 -0.191039801
-0.073815882 0.042610154 -0.996361077 -8.348105431 0.029419079 0.998744965 0.040532574 0.170051128 0.996837854 -0.026320081 -0.074976787 -0.195427299
-0.073167324 0.041754395 -0.996445179 -8.416130066 0.029640676 0.998772860 0.039675463 0.172166258 0.996879101 -0.026632365 -0.074315168 -0.201053113
-0.072248049 0.041916367 -0.996505618 -8.483638763 0.029176844 0.998777688 0.039896589 0.172819972 0.996959865 -0.026192434 -0.073382735 -0.206634939
-0.071310207 0.043009959 -0.996526480 -8.551109314 0.026897909 0.998789549 0.041182853 0.174315989 0.997091353 -0.023867723 -0.072380766 -0.212280750
-0.070572622 0.042955991 -0.996581376 -8.617505074 0.025174974 0.998830795 0.041270196 0.175431013 0.997188866 -0.022176363 -0.071571521 -0.217258900
-0.069806568 0.044097908 -0.996585369 -8.680804253 0.026125075 0.998760581 0.042364202 0.176728770 0.997218311 -0.023078570 -0.070872106 -0.221593440
-0.069267862 0.045666877 -0.996552229 -8.744705200 0.024672652 0.998724520 0.044051483 0.177493185 0.997292936 -0.021536235 -0.070306227 -0.227022171
-0.069562212 0.047274403 -0.996456802 -8.806708336 0.023455760 0.998677731 0.045742340 0.178862184 0.997301757 -0.020190714 -0.070579089 -0.231589794
-0.070149116 0.047273040 -0.996415734 -8.867132187 0.024008699 0.998667121 0.045689605 0.180390999 0.997247577 -0.020717563 -0.071190581 -0.235628963
-0.072243109 0.045543533 -0.996346653 -8.925399780 0.023901762 0.998749018 0.043920286 0.182564005 0.997100592 -0.020641504 -0.073241316 -0.240761101
-0.075922169 0.044085331 -0.996138692 -8.982707024 0.023671096 0.998820245 0.042399883 0.184888899 0.996832788 -0.020360604 -0.076876149 -0.243577838
-0.080474205 0.044626996 -0.995757163 -9.040001869 0.021692984 0.998839021 0.043011960 0.184870750 0.996520579 -0.018139591 -0.081348874 -0.248220026
-0.085569441 0.043619048 -0.995376945 -9.094909668 0.019630909 0.998921156 0.042086750 0.186146364 0.996138811 -0.015938818 -0.086333409 -0.252449214
-0.090961114 0.042185884 -0.994960487 -9.148325920 0.019701118 0.998983085 0.040555324 0.187028080 0.995659471 -0.015912877 -0.091699712 -0.256728113
-0.097958550 0.041364811 -0.994330466 -9.199913025 0.021291368 0.998994231 0.039461263 0.187332600 0.994962692 -0.017305087 -0.098740749 -0.262041628
-0.105936602 0.039951283 -0.993570089 -9.251039505 0.023345357 0.999017119 0.037681181 0.187804252 0.994098723 -0.019203432 -0.106765158 -0.270009995
-0.116641246 0.037936721 -0.992449403 -9.298282623 0.025482476 0.999055564 0.035194330 0.189307839 0.992847145 -0.021184959 -0.117497824 -0.276454568
-0.128528520 0.037824858 -0.990984201 -9.345514297 0.024948541 0.999079466 0.034898072 0.189813569 0.991392016 -0.020238215 -0.129353881 -0.283856392
-0.140792131 0.036869399 -0.989352405 -9.390551567 0.025402894 0.999111831 0.033618078 0.191236570 0.989713252 -0.020399254 -0.141603708 -0.291293740
-0.154637933 0.038388774 -0.987225056 -9.434917450 0.026834125 0.999039352 0.034644902 0.190911829 0.987606704 -0.021133902 -0.155519560 -0.299045801
-0.170588046 0.040185001 -0.984522641 -9.477189064 0.028312633 0.998955309 0.035868369 0.191615030 0.984935522 -0.021755710 -0.171547592 -0.306419849
-0.185935780 0.040703733 -0.981718481 -9.516983032 0.027354976 0.998968661 0.036237970 0.191466272 0.982181013 -0.020116949 -0.186857492 -0.317304969
-0.205611229 0.039029691 -0.977855206 -9.556529045 0.025082823 0.999086380 0.034602992 0.191819936 0.978312194 -0.017412601 -0.206402332 -0.325434685
-0.225330949 0.038017429 -0.973540246 -9.594026566 0.022648631 0.999172688 0.033776257 0.192795098 0.974019110 -0.014438516 -0.226005584 -0.335228562
-0.245808706 0.037622366 -0.968587995 -9.631279945 0.023671139 0.999181390 0.032803416 0.194544077 0.969029307 -0.014864214 -0.246498078 -0.346973419
-0.268143296 0.038858104 -0.962594986 -9.667582512 0.023481600 0.999152958 0.033792768 0.194515988 0.963092864 -0.013541966 -0.268828601 -0.358390570
-0.291910440 0.039024811 -0.955649137 -9.702081680 0.022655742 0.999168992 0.033881612 0.194666341 0.956177235 -0.011760543 -0.292551935 -0.368927717
-0.317631453 0.038752675 -0.947422087 -9.735730171 0.022985848 0.999185562 0.033163767 0.194614246 0.947935641 -0.011243443 -0.318263501 -0.382272482
-0.347135603 0.036288526 -0.937112570 -9.769277573 0.022556433 0.999285102 0.030340478 0.195476353 0.937543690 -0.010605656 -0.347705960 -0.395600080
-0.378984928 0.033656143 -0.924790621 -9.799361229 0.024179008 0.999357283 0.026461167 0.196064949 0.925086915 -0.012332136 -0.379555166 -0.409908056
-0.414314955 0.032278925 -0.909560978 -9.830001831 0.026095388 0.999381304 0.023579774 0.196272582 0.909759402 -0.013965893 -0.414900959 -0.425726414
-0.453570604 0.035635497 -0.890507698 -9.859340668 0.031480450 0.999217331 0.023951508 0.196105793 0.890664220 -0.017169887 -0.454337418 -0.442217588
-0.497309029 0.039153282 -0.866689503 -9.887313843 0.034648407 0.999080420 0.025252774 0.196470693 0.866881311 -0.017470974 -0.498208404 -0.459064484
-0.541968822 0.040338751 -0.839429915 -9.913799286 0.033668883 0.999087632 0.026273143 0.196444556 0.839723885 -0.014023444 -0.542832553 -0.478288651
-0.586058855 0.037807703 -0.809386015 -9.940126419 0.030544925 0.999231577 0.024558779 0.196731761 0.809692681 -0.010329743 -0.586763382 -0.498121262
-0.626919508 0.035168923 -0.778289855 -9.963503838 0.028501566 0.999347210 0.022199670 0.195905194 0.778562486 -0.008265072 -0.627512634 -0.521445274
-0.667847872 0.035052110 -0.743471980 -9.986958504 0.032028567 0.999318659 0.018343681 0.196200356 0.743608236 -0.011561549 -0.668515563 -0.543979645
-0.706134558 0.037148450 -0.707102418 -10.008947372 0.036645643 0.999201894 0.015898751 0.196335614 0.707128763 -0.014685566 -0.706932306 -0.567094803
-0.741562784 0.035978410 -0.669918060 -10.029473305 0.033213753 0.999305308 0.016902573 0.196169049 0.670060813 -0.009716168 -0.742242634 -0.593781471
-0.775587022 0.030259475 -0.630515099 -10.048280716 0.024575284 0.999540627 0.017739944 0.196666420 0.630762160 -0.001736218 -0.775974333 -0.620847702
-0.807498991 0.027979491 -0.589205086 -10.065313339 0.019787081 0.999597132 0.020349737 0.196487755 0.589536965 0.004773739 -0.807727277 -0.648941040
-0.837013662 0.033013124 -0.546185136 -10.081378937 0.022161398 0.999404490 0.026445379 0.196101502 0.546733022 0.010030913 -0.837246776 -0.677382946
-0.863676667 0.038705233 -0.502558053 -10.096323013 0.025886264 0.999137640 0.032462917 0.196263656 0.503381073 0.015028113 -0.863933802 -0.707297325
-0.888223171 0.037841033 -0.457851112 -10.109195709 0.023592757 0.999044001 0.036800690 0.197268009 0.458806008 0.021885257 -0.888266921 -0.737877607
-0.910347998 0.028327934 -0.412872821 -10.119239807 0.012256668 0.999062359 0.041522566 0.198269486 0.413662016 0.032739542 -0.909841716 -0.770031214
-0.930157542 0.027382530 -0.366137922 -10.130041122 0.012158113 0.998965263 0.043822948 0.197741508 0.366959035 0.036310699 -0.929528236 -0.803229809
-0.946956396 0.026068253 -0.320302963 -10.138034821 0.013658816 0.999068797 0.040928967 0.198828995 0.321071684 0.034382984 -0.946430564 -0.835050821
-0.960332632 0.026428735 -0.277601838 -10.145995140 0.016233215 0.999108911 0.038961895 0.199219555 0.278384179 0.032910012 -0.959905803 -0.868374586
-0.970745564 0.025895571 -0.238709688 -10.152713776 0.017560869 0.999161839 0.036976833 0.200315028 0.239467159 0.031703141 -0.970386744 -0.903058767
-0.979052246 0.019925993 -0.202631623 -10.157359123 0.013001567 0.999287069 0.035446450 0.201703578 0.203193456 0.032069396 -0.978613317 -0.937718034
-0.985514462 0.014085231 -0.169005230 -10.161211967 0.008409706 0.999377906 0.034250896 0.202203616 0.169382513 0.032333471 -0.985019863 -0.974017382
-0.989883602 0.012357809 -0.141342580 -10.164929390 0.007734005 0.999418318 0.033216134 0.203270108 0.141670838 0.031786960 -0.989403367 -1.010416031
-0.992798150 0.011779954 -0.119218938 -10.168663025 0.007801705 0.999398768 0.033781171 0.203972667 0.119545214 0.032607771 -0.992293179 -1.048195839
-0.995086610 0.011469421 -0.098341487 -10.170895576 0.008056200 0.999353588 0.035034966 0.204276562 0.098679751 0.034070566 -0.994535804 -1.087230206
-0.996711671 0.014728966 -0.079680279 -10.173987389 0.012053744 0.999350786 0.033951927 0.205096900 0.080128625 0.032879833 -0.996242106 -1.125336170
