0.999619365 0.001386053 -0.027552400 -0.002176192 -0.001440419 0.999997079 -0.001953441 -0.000436702 0.027549608 0.001992385 0.999618411 0.035277594
0.999378622 0.003791705 -0.035041939 -0.002897745 -0.003840536 0.999991715 -0.001326292 -0.000688854 0.035036623 0.001460048 0.999384880 0.041276950
0.999071717 0.005044838 -0.042784028 -0.003034245 -0.005050140 0.999987304 -0.000015836 -0.000961820 0.042783402 0.000231887 0.999084353 0.046237670
0.998801947 0.006437356 -0.048510030 -0.005150009 -0.006393805 0.999979019 0.001052909 -0.001538962 0.048515793 -0.000741484 0.998822093 0.050506938
0.998526990 0.007229376 -0.053772651 -0.004989850 -0.007196014 0.999973774 0.000814004 -0.001135052 0.053777128 -0.000425856 0.998552859 0.054025736
0.998254955 0.007019843 -0.058633141 -0.004608095 -0.007044556 0.999975145 -0.000214786 -0.000869247 0.058630180 0.000627456 0.998279512 0.056826156
0.998078763 0.007184662 -0.061541498 -0.005437347 -0.007226211 0.999973774 -0.000452592 -0.000881859 0.061536644 0.000896434 0.998104334 0.058646731
0.997919381 0.006986887 -0.064094149 -0.005110232 -0.006999263 0.999975502 0.000031449 -0.001239561 0.064092800 0.000417228 0.997943878 0.060151022
0.997780442 0.007438336 -0.066173092 -0.005317306 -0.007481609 0.999971867 -0.000406135 -0.001317282 0.066168234 0.000900314 0.997808099 0.060886912
0.997733533 0.007630176 -0.066855311 -0.005330069 -0.007677779 0.999970436 -0.000455112 -0.001109943 0.066849865 0.000967381 0.997762620 0.061511993
0.997750580 0.007604841 -0.066603184 -0.005501859 -0.007634905 0.999970853 -0.000196863 -0.001309634 0.066599734 0.000704929 0.997779489 0.061382707
0.997763336 0.006774836 -0.066503055 -0.005700915 -0.006862320 0.999975860 -0.001087138 -0.001201219 0.066494077 0.001541072 0.997785628 0.061039362
0.997742474 0.006407244 -0.066849455 -0.005553550 -0.006576572 0.999975622 -0.002313220 -0.001339069 0.066833019 0.002747638 0.997760355 0.060966630
0.997769952 0.006655789 -0.066414200 -0.005800561 -0.006862876 0.999972224 -0.002890439 -0.001273840 0.066393137 0.003339786 0.997787952 0.060979918
0.997744203 0.007007208 -0.066763610 -0.005298790 -0.007174740 0.999971688 -0.002269882 -0.001397830 0.066745795 0.002743774 0.997766256 0.061004620
0.997762561 0.006877826 -0.066502281 -0.005700622 -0.007089868 0.999970496 -0.002953004 -0.001157586 0.066480018 0.003417889 0.997781932 0.060695544
0.997771084 0.006849553 -0.066377372 -0.005660603 -0.007081164 0.999969661 -0.003254647 -0.000860145 0.066353045 0.003717422 0.997789264 0.060969830
0.997747362 0.006980032 -0.066718169 -0.005410012 -0.007200031 0.999969423 -0.003057561 -0.000728962 0.066694781 0.003531047 0.997767150 0.061081644
0.997765541 0.006846095 -0.066460021 -0.005727509 -0.007090402 0.999968946 -0.003440808 -0.000748234 0.066434398 0.003904348 0.997783184 0.061116360
0.997735918 0.006888818 -0.066900149 -0.005294388 -0.007108198 0.999970138 -0.003041710 -0.001012653 0.066877201 0.003510363 0.997755051 0.061255150
0.997729778 0.006633547 -0.067016318 -0.005281090 -0.006852043 0.999971867 -0.003031036 -0.000906824 0.066994339 0.003483353 0.997747302 0.061004601
0.997734964 0.006596815 -0.066943467 -0.005428382 -0.006839071 0.999970794 -0.003390283 -0.000660872 0.066919155 0.003840434 0.997751057 0.060993902
0.997742236 0.006584253 -0.066836618 -0.005638774 -0.006814287 0.999971628 -0.003214342 -0.000847248 0.066813558 0.003662528 0.997758746 0.060974285
0.997719705 0.006551567 -0.067174599 -0.005639490 -0.006768038 0.999972582 -0.002995445 -0.001051290 0.067153133 0.003443255 0.997736752 0.061038949
0.997713685 0.006539590 -0.067264907 -0.005682733 -0.006720853 0.999974310 -0.002468813 -0.001419748 0.067247041 0.002915246 0.997732103 0.060953252
0.997716069 0.006536337 -0.067229137 -0.005654709 -0.006732544 0.999973714 -0.002692313 -0.001178947 0.067209743 0.003138787 0.997734070 0.061029732
0.997707009 0.006567711 -0.067361347 -0.005652894 -0.006773661 0.999972999 -0.002829434 -0.001074934 0.067340940 0.003279229 0.997724652 0.061063256
0.997704089 0.006393439 -0.067421302 -0.005729516 -0.006599877 0.999974191 -0.002839613 -0.001113654 0.067401417 0.003278066 0.997720540 0.060958080
0.997696757 0.006354270 -0.067532539 -0.005920785 -0.006540524 0.999975443 -0.002537256 -0.001363175 0.067514747 0.002973111 0.997713864 0.060847435
0.997661829 0.006203762 -0.068061121 -0.005669749 -0.006408088 0.999975622 -0.002784185 -0.001176964 0.068042196 0.003213817 0.997677267 0.061020605
0.997651041 0.006213493 -0.068218827 -0.005903751 -0.006418821 0.999975562 -0.002791068 -0.001201722 0.068199813 0.003222396 0.997666478 0.060924113
0.997615755 0.006097048 -0.068743087 -0.005745924 -0.006312087 0.999975860 -0.002911363 -0.001107445 0.068723686 0.003338335 0.997630119 0.060997292
0.997581422 0.005837370 -0.069261573 -0.005712199 -0.006064373 0.999976873 -0.003067658 -0.001004435 0.069242060 0.003480267 0.997593820 0.061102167
0.997558236 0.005618958 -0.069613546 -0.005683265 -0.005859377 0.999977529 -0.003249909 -0.000818358 0.069593720 0.003649866 0.997568727 0.061260823
0.997554541 0.005625756 -0.069665171 -0.005649306 -0.005852940 0.999978185 -0.003057391 -0.000971907 0.069646455 0.003457660 0.997565746 0.061098445
0.997565806 0.005399541 -0.069521651 -0.005823932 -0.005622586 0.999979675 -0.003012991 -0.000998473 0.069503970 0.003396549 0.997575879 0.060999900
0.997674167 0.005384118 -0.067950562 -0.006649917 -0.005589781 0.999980450 -0.002836896 -0.001096206 0.067933939 0.003210127 0.997684658 0.060828816
0.997668564 0.005280445 -0.068040170 -0.006689621 -0.005481891 0.999981105 -0.002774317 -0.001180798 0.068024233 0.003140838 0.997678757 0.060983464
0.997632325 0.005324625 -0.068566330 -0.006295576 -0.005554593 0.999979436 -0.003163724 -0.000865537 0.068548091 0.003537091 0.997641623 0.060937818
0.997581899 0.005204333 -0.069305710 -0.006255538 -0.005437143 0.999980271 -0.003170935 -0.000742639 0.069287814 0.003540092 0.997590423 0.061088916
0.997579098 0.005129272 -0.069352359 -0.006280192 -0.005364543 0.999980569 -0.003206558 -0.000711946 0.069334552 0.003570839 0.997587144 0.061059378
0.997570455 0.005073900 -0.069480218 -0.006439274 -0.005308696 0.999980927 -0.003195075 -0.000774838 0.069462657 0.003556163 0.997578263 0.061075326
0.997515678 0.005028212 -0.070265308 -0.006064204 -0.005253484 0.999981582 -0.003021602 -0.000968968 0.070248827 0.003383233 0.997523785 0.060914915
0.997501493 0.005118208 -0.070459887 -0.005899942 -0.005335540 0.999981523 -0.002896613 -0.001011730 0.070443772 0.003265317 0.997510374 0.060953885
0.997485876 0.004951121 -0.070692487 -0.005767193 -0.005160249 0.999982834 -0.002775963 -0.001139043 0.070677541 0.003133775 0.997494280 0.060986727
0.997477651 0.004979657 -0.070805334 -0.005813503 -0.005183780 0.999982953 -0.002699424 -0.001151612 0.070790678 0.003059654 0.997486472 0.060894683
0.997464001 0.004895477 -0.071003921 -0.005903514 -0.005105210 0.999983072 -0.002772637 -0.001146306 0.070989139 0.003128096 0.997472107 0.060829833
0.997454166 0.004849765 -0.071145684 -0.005910160 -0.005074629 0.999982715 -0.002980199 -0.000954848 0.071130008 0.003333650 0.997461438 0.060937028
0.997454047 0.004799070 -0.071150765 -0.005846776 -0.005002860 0.999983907 -0.002686285 -0.001157735 0.071136735 0.003035404 0.997461915 0.060900658
0.997442663 0.004793386 -0.071310870 -0.005807665 -0.005006216 0.999983609 -0.002806111 -0.001037395 0.071296237 0.003155932 0.997450233 0.060811404
0.997460186 0.004764171 -0.071066536 -0.006093365 -0.004953120 0.999984562 -0.002482768 -0.001336524 0.071053632 0.002828464 0.997468472 0.060901359
0.997444451 0.004836544 -0.071281500 -0.005913612 -0.005013570 0.999984741 -0.002304779 -0.001492419 0.071269251 0.002656265 0.997453511 0.060828872
0.997438490 0.004760897 -0.071370617 -0.005785961 -0.004930530 0.999985456 -0.002200807 -0.001570304 0.071359098 0.002547065 0.997447431 0.060834929
0.997442007 0.004769637 -0.071320176 -0.005841421 -0.004948117 0.999984980 -0.002326050 -0.001476756 0.071308009 0.002673001 0.997450709 0.060850132
0.997449636 0.004746121 -0.071215145 -0.005975990 -0.004905018 0.999985874 -0.002056519 -0.001647226 0.071204372 0.002400585 0.997458875 0.060817577
0.997442842 0.004704610 -0.071313627 -0.005825645 -0.004878293 0.999985516 -0.002261497 -0.001498269 0.071301974 0.002603603 0.997451425 0.060799595
0.997450173 0.004766721 -0.071207285 -0.005980294 -0.004929467 0.999985576 -0.002109958 -0.001586297 0.071196206 0.002455592 0.997459352 0.060759589
0.997450650 0.004725300 -0.071203187 -0.005963645 -0.004891897 0.999985695 -0.002165561 -0.001523827 0.071191944 0.002508360 0.997459471 0.060807213
0.997449040 0.004753254 -0.071222693 -0.006013152 -0.004927972 0.999985278 -0.002277614 -0.001491258 0.071210824 0.002622788 0.997457862 0.060782250
0.997442067 0.004794351 -0.071318433 -0.005831210 -0.004980863 0.999984622 -0.002437580 -0.001354626 0.071305647 0.002786573 0.997450590 0.060870446
0.997447491 0.004805707 -0.071241491 -0.005974346 -0.005004970 0.999984026 -0.002618765 -0.001231770 0.071227767 0.002968642 0.997455657 0.060893893
0.997441173 0.004798072 -0.071331225 -0.005891104 -0.004994764 0.999984205 -0.002579325 -0.001262660 0.071317725 0.002929008 0.997449338 0.060902424
0.997395575 0.004815644 -0.071964085 -0.005863671 -0.005000216 0.999984682 -0.002384849 -0.001489999 0.071951494 0.002738474 0.997404397 0.060537208
0.997209609 0.004955139 -0.074487239 -0.005901136 -0.005184946 0.999982357 -0.002892120 -0.001424987 0.074471578 0.003270263 0.997217774 0.060721036
0.997123778 0.005684342 -0.075576767 -0.006533256 -0.005951001 0.999976814 -0.003303586 -0.001330817 0.075556226 0.003743841 0.997134507 0.061113670
0.996870816 0.006140331 -0.078808673 -0.006842637 -0.006405544 0.999974668 -0.003112914 -0.001572724 0.078787565 0.003607985 0.996884882 0.061511610
0.996474802 0.005897859 -0.083684586 -0.007429062 -0.006216276 0.999974370 -0.003544917 -0.001106114 0.083661541 0.004052627 0.996486008 0.062705539
0.995956957 0.006085355 -0.089624509 -0.007501417 -0.006441882 0.999972403 -0.003689290 -0.000929345 0.089599594 0.004251725 0.995968819 0.063952178
0.995401144 0.006824403 -0.095551200 -0.008188611 -0.007147128 0.999969840 -0.003035672 -0.001357902 0.095527597 0.003704628 0.995419800 0.065073378
0.994637966 0.006948217 -0.103184618 -0.009109589 -0.007247174 0.999970496 -0.002522671 -0.001621154 0.103164047 0.003256941 0.994658947 0.066687800
0.993687034 0.007313594 -0.111948818 -0.009577045 -0.007670342 0.999966800 -0.002756329 -0.001365946 0.111924931 0.003597615 0.993710101 0.068837300
0.992520034 0.007668487 -0.121840410 -0.010071337 -0.007975079 0.999966085 -0.002028879 -0.001799146 0.121820733 0.002985390 0.992547572 0.070712551
0.991143107 0.008263637 -0.132540777 -0.010806962 -0.008628221 0.999960423 -0.002176632 -0.001382751 0.132517546 0.003300946 0.991175175 0.072977684
0.989523292 0.008441100 -0.144126192 -0.012160802 -0.008854088 0.999958277 -0.002224304 -0.001162050 0.144101411 0.003477108 0.989556730 0.075048678
0.987529397 0.008950045 -0.157180533 -0.013324266 -0.009351318 0.999954700 -0.001813587 -0.001460917 0.157157123 0.003260815 0.987568259 0.077581808
0.985142231 0.009247586 -0.171491414 -0.014609621 -0.009845487 0.999948144 -0.002636275 -0.001238598 0.171458066 0.004285522 0.985182166 0.080529846
0.981936634 0.009856920 -0.188952684 -0.014735714 -0.010704144 0.999936819 -0.003463806 -0.001865290 0.188906595 0.005423815 0.981980145 0.083590291
0.978463471 0.010871547 -0.206133395 -0.016665071 -0.012140719 0.999914408 -0.004893117 -0.002053464 0.206062526 0.007290342 0.978511691 0.087821819
0.974924147 0.012352569 -0.222194195 -0.019698396 -0.013960657 0.999886453 -0.005668073 -0.001649027 0.222098991 0.008627918 0.974985957 0.091632202
0.970591307 0.013077077 -0.240377635 -0.022213154 -0.014546517 0.999884725 -0.004339640 -0.001728203 0.240293190 0.007708673 0.970669746 0.097625367
0.965737641 0.012215477 -0.259232163 -0.024662895 -0.013255259 0.999909580 -0.002263343 -0.001968079 0.259181052 0.005621986 0.965812385 0.104451679
0.959988892 0.011387471 -0.279805869 -0.027611887 -0.012065323 0.999927044 -0.000700273 -0.001810530 0.279777467 0.004048203 0.960056365 0.111568160
0.953233361 0.013067304 -0.301952392 -0.031483382 -0.013314100 0.999910593 0.001240893 -0.001741162 0.301941663 0.002837364 0.953322172 0.120006926
0.945448339 0.015419674 -0.325406611 -0.035404481 -0.014770706 0.999880970 0.004464863 -0.001449218 0.325436771 0.000585189 0.945563614 0.128603101
0.937070727 0.016155513 -0.348765612 -0.040314753 -0.014346831 0.999866843 0.007768450 -0.001872575 0.348844707 -0.002275905 0.937177777 0.137274995
0.927406609 0.015310206 -0.373741359 -0.044981629 -0.012905402 0.999876678 0.008936037 -0.001479693 0.373832196 -0.003464056 0.927489877 0.146857396
0.916664481 0.015397524 -0.399360955 -0.050868630 -0.011273679 0.999856055 0.012673068 -0.002025935 0.399498582 -0.007114684 0.916706204 0.156185687
0.903548658 0.016130835 -0.428181946 -0.056824479 -0.010101677 0.999815226 0.016349366 -0.001925060 0.428366601 -0.010447091 0.903544605 0.166911453
0.888305962 0.016363433 -0.458960503 -0.063981533 -0.009192098 0.999798298 0.017854998 -0.001224481 0.459160089 -0.011641892 0.888277233 0.177985713
0.870526075 0.016736111 -0.491837680 -0.071770377 -0.008691492 0.999788463 0.018637046 -0.001745594 0.492045522 -0.011949230 0.870487452 0.187542707
0.849550962 0.018181939 -0.527193189 -0.081599861 -0.010138080 0.999783993 0.018143626 -0.001728600 0.527409136 -0.010069207 0.849551737 0.198657706
0.824620068 0.020278800 -0.565323353 -0.091505319 -0.012348378 0.999764383 0.017850494 -0.002012039 0.565552115 -0.007739048 0.824676216 0.210662961
0.795711219 0.020954164 -0.605313659 -0.103851385 -0.013244339 0.999764383 0.017198615 -0.001394513 0.605531394 -0.005668150 0.795801222 0.223967835
0.762859404 0.017798832 -0.646319389 -0.117679782 -0.009251230 0.999819219 0.016614426 -0.001500752 0.646498203 -0.006695222 0.762886167 0.237776875
0.727194428 0.013997755 -0.686288834 -0.133697376 -0.005587748 0.999879658 0.014473047 -0.001177539 0.686408758 -0.006689910 0.727185130 0.251941681
0.689136267 0.012641617 -0.724521399 -0.150815785 -0.005286257 0.999908924 0.012418560 -0.000602229 0.724612474 -0.004728073 0.689140260 0.266810715
0.649838865 0.013161562 -0.759957969 -0.170737743 -0.004713755 0.999900639 0.013286358 -0.000265836 0.760057390 -0.005051736 0.649836302 0.281353474
0.608918369 0.013869754 -0.793111503 -0.194605768 -0.002764690 0.999878109 0.015363025 -0.000535629 0.793227971 -0.007162121 0.608882546 0.297047406
0.565882266 0.014913062 -0.824351192 -0.219419122 -0.000681973 0.999844551 0.017619707 0.000424603 0.824485779 -0.009408494 0.565804422 0.311378181
0.521245360 0.019104581 -0.853192985 -0.246564120 0.000194146 0.999746799 0.022504803 0.000363656 0.853406906 -0.011896167 0.521109581 0.325299561
0.474674910 0.023059972 -0.879859030 -0.276883811 0.002433363 0.999618590 0.027511491 0.001758196 0.880157769 -0.015200034 0.474437773 0.339134216
0.424627185 0.026413409 -0.904982924 -0.308088869 0.008717704 0.999408662 0.033259820 0.002412789 0.905326307 -0.022012398 0.424145907 0.353322327
0.373975724 0.030098327 -0.926949978 -0.341478795 0.013583968 0.999188244 0.037924349 0.003291348 0.927339017 -0.026774446 0.373263389 0.365358710
0.324050099 0.035237487 -0.945383370 -0.376138896 0.017004287 0.998927712 0.043061838 0.003445897 0.945887089 -0.030029763 0.323103428 0.374371052
0.273219973 0.038376007 -0.961185813 -0.416853964 0.020422149 0.998747408 0.045680735 0.005724303 0.961734772 -0.032110363 0.272093922 0.385628819
0.224410743 0.041755490 -0.973599732 -0.456814408 0.021921610 0.998612404 0.047881082 0.007080579 0.974248052 -0.032087900 0.223184019 0.393183917
0.178124130 0.040849146 -0.983159781 -0.499255061 0.025535768 0.998609602 0.046117518 0.009806588 0.983676612 -0.033320386 0.176833361 0.400577724
0.138984501 0.039800882 -0.989494383 -0.542678535 0.029263722 0.998590589 0.044277150 0.010692468 0.989862084 -0.035110127 0.137623876 0.404558212
0.105037212 0.039517805 -0.993682921 -0.589497209 0.028780187 0.998670876 0.042758383 0.012327170 0.994051754 -0.033089604 0.103760287 0.408457160
0.077569358 0.037449885 -0.996283233 -0.636054754 0.028622421 0.998798728 0.039772943 0.014187166 0.996575952 -0.031601205 0.076404288 0.410544157
0.056058832 0.035555173 -0.997794211 -0.685083449 0.029521380 0.998869777 0.037252091 0.016058654 0.997990906 -0.031544574 0.054945841 0.412552357
0.039286066 0.035508871 -0.998596966 -0.735583723 0.031076174 0.998841584 0.036740150 0.016998392 0.998744667 -0.032475941 0.038137078 0.413516164
0.023740746 0.033941574 -0.999141812 -0.790800214 0.032742344 0.998860955 0.034710031 0.019048642 0.999181807 -0.033538286 0.022602381 0.415056586
0.009508020 0.032622762 -0.999422431 -0.843568921 0.034955330 0.998846054 0.032936491 0.019801302 0.999343634 -0.035248309 0.008356708 0.415173084
-0.004508208 0.028433684 -0.999585509 -0.901051521 0.036605202 0.998930454 0.028249959 0.021665532 0.999319553 -0.036462676 -0.005544208 0.413946688
-0.018180847 0.025819778 -0.999501348 -0.957455635 0.037133388 0.998994291 0.025131229 0.022691103 0.999144852 -0.036657959 -0.019121338 0.411929160
-0.030057272 0.025376573 -0.999225974 -1.015175581 0.033898350 0.999128461 0.024354419 0.023827985 0.998973131 -0.033140082 -0.030891299 0.408548266
-0.040832009 0.024981529 -0.998853683 -1.077851295 0.029759552 0.999274313 0.023775510 0.025179457 0.998722672 -0.028754639 -0.041545812 0.407017946
-0.045140170 0.026332838 -0.998633504 -1.141300082 0.025176650 0.999365032 0.025214091 0.024247158 0.998663306 -0.024004079 -0.045774471 0.401143998
-0.048402239 0.024222178 -0.998534143 -1.203211069 0.022756642 0.999473155 0.023141867 0.027363174 0.998568654 -0.021603161 -0.048927948 0.399490386
-0.048716839 0.024744023 -0.998506069 -1.265890598 0.021381466 0.999489844 0.023725206 0.029235069 0.998583674 -0.020193705 -0.049221050 0.395196289
-0.050530843 0.026233403 -0.998377979 -1.333429337 0.023167940 0.999416769 0.025088102 0.030128710 0.998453736 -0.021862634 -0.051109146 0.392729878
-0.053209141 0.027645361 -0.998200655 -1.401229262 0.024411157 0.999354005 0.026376065 0.030261725 0.998284936 -0.022963786 -0.053849626 0.388049781
-0.057341930 0.028155653 -0.997957468 -1.470019102 0.024602504 0.999338567 0.026780974 0.031473577 0.998051405 -0.023016579 -0.057996698 0.384285778
-0.062060483 0.027036160 -0.997706115 -1.540332317 0.024983438 0.999361813 0.025526982 0.033094566 0.997759640 -0.023341907 -0.062696338 0.379062980
-0.066622987 0.027172636 -0.997408092 -1.611826658 0.024960710 0.999361694 0.025558578 0.034483530 0.997465968 -0.023193223 -0.067258716 0.374608278
-0.071591675 0.027044790 -0.997067332 -1.682847381 0.024352053 0.999381721 0.025359036 0.035932098 0.997136652 -0.022465140 -0.072206013 0.368532419
-0.077789210 0.029597813 -0.996530414 -1.756038785 0.025105949 0.999300361 0.027720312 0.037197359 0.996653616 -0.022862501 -0.078477867 0.364864945
-0.081456371 0.034041971 -0.996095359 -1.830127001 0.026733812 0.999131560 0.031959560 0.037881814 0.996318281 -0.024026118 -0.082295701 0.356289387
-0.085634254 0.036578607 -0.995655000 -1.905233860 0.028135313 0.999016106 0.034282230 0.039403073 0.995929301 -0.025077330 -0.086579144 0.349453956
-0.087299705 0.035590444 -0.995546103 -1.981136441 0.027258862 0.999072731 0.033326175 0.041691314 0.995809078 -0.024228089 -0.088188924 0.342570662
-0.088092059 0.033121191 -0.995561481 -2.057987213 0.026270527 0.999176681 0.030916924 0.043964311 0.995765805 -0.023430396 -0.088889644 0.336202562
-0.085869208 0.032753222 -0.995767832 -2.136933088 0.026260342 0.999186635 0.030601135 0.045449950 0.995960295 -0.023521509 -0.086659469 0.328244716
-0.085197769 0.035823334 -0.995719850 -2.214084148 0.026142433 0.999089777 0.033707723 0.046569526 0.996021032 -0.023158714 -0.086056717 0.321539879
-0.084547557 0.037879366 -0.995699167 -2.292021513 0.027143480 0.998993933 0.035699882 0.048366424 0.996049702 -0.024008404 -0.085490674 0.314474493
-0.083657019 0.039389495 -0.995715797 -2.370982409 0.029565055 0.998876691 0.037030570 0.049521588 0.996055901 -0.026340522 -0.084727600 0.307996273
-0.083028026 0.039953012 -0.995746017 -2.448443651 0.028985532 0.998870075 0.037661470 0.051536985 0.996125579 -0.025735268 -0.084092267 0.301118463
-0.081975795 0.040374801 -0.995816171 -2.526633024 0.029566532 0.998837829 0.038063388 0.052278325 0.996195674 -0.026322553 -0.083074287 0.293671906
-0.081087545 0.039658032 -0.995917678 -2.602834463 0.028552670 0.998890460 0.037451647 0.052753210 0.996297956 -0.025399249 -0.082129903 0.286108434
-0.080726147 0.036453452 -0.996069491 -2.681612253 0.028798323 0.998999238 0.034226719 0.055298056 0.996320128 -0.025922146 -0.081695139 0.280217230
-0.080861524 0.036222301 -0.996066988 -2.759407043 0.028806534 0.999006927 0.033990677 0.056266055 0.996308923 -0.025944700 -0.081824653 0.274652719
-0.079200596 0.039477374 -0.996076703 -2.836365461 0.028336599 0.998900890 0.037336197 0.056648176 0.996455848 -0.025268378 -0.080232188 0.266771972
-0.079391889 0.040667344 -0.996013701 -2.915153503 0.028263723 0.998857558 0.038530573 0.058863658 0.996442735 -0.025092039 -0.080450609 0.261214972
-0.079097576 0.037420865 -0.996164262 -2.991954803 0.027149968 0.999005318 0.035371829 0.062515885 0.996497095 -0.024247998 -0.080034882 0.255405217
-0.077280670 0.036591582 -0.996337652 -3.070279837 0.028603874 0.998996317 0.034470573 0.062279128 0.996598959 -0.025835210 -0.078249753 0.246403798
-0.077684440 0.035009731 -0.996363223 -3.146995068 0.028374163 0.999056041 0.032892082 0.063714981 0.996574283 -0.025715765 -0.078604482 0.240592510
-0.078334197 0.037661552 -0.996215463 -3.224017620 0.027163656 0.998995841 0.035630733 0.064637631 0.996556997 -0.024269756 -0.079278566 0.234772801
-0.077378273 0.041046869 -0.996156454 -3.301290035 0.026235316 0.998889923 0.039121617 0.066063106 0.996656537 -0.023107314 -0.078369267 0.228058100
-0.076062195 0.043304779 -0.996162236 -3.378666878 0.023823760 0.998850226 0.041602552 0.067462087 0.996818304 -0.020567955 -0.077006422 0.220713258
-0.076361001 0.040920429 -0.996240199 -3.454693556 0.021618223 0.998990536 0.039376386 0.070052028 0.996845841 -0.018530121 -0.077168554 0.214893311
-0.075907573 0.039517399 -0.996331513 -3.530635118 0.021024233 0.999055624 0.038023669 0.071502276 0.996893167 -0.018060816 -0.076666728 0.208261102
-0.075574294 0.039524298 -0.996356547 -3.605825663 0.020662868 0.999061644 0.038064316 0.072216667 0.996926010 -0.017710902 -0.076320074 0.202062011
-0.075081266 0.040404510 -0.996358454 -3.681460381 0.019462431 0.999047875 0.039046958 0.073975578 0.996987462 -0.016459864 -0.075796142 0.194898069
-0.074824102 0.041769423 -0.996321559 -3.756670475 0.020989936 0.998966992 0.040303975 0.075310208 0.996975839 -0.017897017 -0.075623542 0.189202249
-0.073951006 0.041435611 -0.996400714 -3.831869841 0.022070972 0.998959720 0.039903965 0.076604523 0.997017622 -0.019040594 -0.074788608 0.181530625
-0.073479921 0.039276652 -0.996522963 -3.907245636 0.024119548 0.999001920 0.037595876 0.078308105 0.997004986 -0.021273142 -0.074353911 0.176516742
-0.075080797 0.039011039 -0.996414006 -3.981509924 0.027219282 0.998942256 0.037059017 0.078670807 0.996805906 -0.024339257 -0.076063216 0.172108650
-0.076255500 0.038792260 -0.996333420 -4.055538177 0.029047219 0.998905241 0.036669232 0.080861926 0.996665061 -0.026144478 -0.077298813 0.165460497
-0.077962786 0.039981827 -0.996154249 -4.133073330 0.030171195 0.998832405 0.037728008 0.082253769 0.996499598 -0.027113780 -0.079078056 0.158893973
-0.082312435 0.041309420 -0.995750189 -4.207037926 0.031979199 0.998735607 0.038789753 0.083342202 0.996093392 -0.028650414 -0.083529405 0.153703541
-0.085068375 0.042184118 -0.995481670 -4.282101154 0.030430796 0.998747230 0.039722051 0.084273748 0.995910287 -0.026914209 -0.086245477 0.147023439
-0.087524891 0.040743127 -0.995328724 -4.355340481 0.027770875 0.998874724 0.038446225 0.086086929 0.995775163 -0.024276147 -0.088557862 0.139376312
-0.090352930 0.039021153 -0.995145023 -4.429554462 0.026046474 0.998982906 0.036806781 0.087545283 0.995569170 -0.022594415 -0.091277398 0.132396758
-0.092489511 0.038992267 -0.994949818 -4.503900051 0.025586201 0.998996139 0.036772370 0.088969633 0.995384872 -0.022055931 -0.093394317 0.124664336
-0.095019102 0.040513583 -0.994650722 -4.576873302 0.025678875 0.998938799 0.038235139 0.090070419 0.995144188 -0.021908443 -0.095958605 0.117944300
-0.097138092 0.041844502 -0.994390845 -4.650608063 0.027039379 0.998857975 0.039391115 0.091248721 0.994903564 -0.023061339 -0.098158605 0.110951245
-0.099064767 0.042215958 -0.994185090 -4.723340034 0.026078112 0.998866796 0.039816223 0.092928573 0.994739175 -0.021982091 -0.100053415 0.103540838
-0.100673527 0.042909496 -0.993993819 -4.797222137 0.025904356 0.998843968 0.040495239 0.094897516 0.994582176 -0.021671973 -0.101668678 0.096039385
-0.101057313 0.044222571 -0.993897259 -4.868068695 0.024462543 0.998820007 0.041954309 0.096003525 0.994579792 -0.020073466 -0.102019861 0.087885439
-0.100320861 0.043652359 -0.993997097 -4.942390442 0.023453306 0.998863220 0.041499004 0.097821184 0.994678676 -0.019149302 -0.101230629 0.079163671
-0.099125661 0.043150894 -0.994138896 -5.014247417 0.020433161 0.998936892 0.041321766 0.098404385 0.994865119 -0.016217351 -0.099902011 0.071502835
-0.097786158 0.042166412 -0.994313896 -5.088440418 0.021807231 0.998952925 0.040218510 0.101446234 0.994968474 -0.017750416 -0.098603316 0.062952936
-0.096606486 0.041932970 -0.994438946 -5.162051201 0.022530278 0.998948216 0.039934371 0.103154659 0.995067537 -0.018547064 -0.097449638 0.056081712
-0.095063187 0.040565353 -0.994644403 -5.234753609 0.025926655 0.998931289 0.038262248 0.106640503 0.995133460 -0.022150470 -0.096013322 0.050284237
-0.092258230 0.041100904 -0.994886458 -5.306836605 0.028329602 0.998851597 0.038637638 0.105953589 0.995332003 -0.024620097 -0.093316667 0.043064147
-0.089663491 0.040358521 -0.995154083 -5.376708508 0.032070961 0.998777449 0.037615877 0.107402503 0.995455623 -0.028542778 -0.090848207 0.035909086
-0.087163597 0.041355040 -0.995335281 -5.452528477 0.032721616 0.998717666 0.038630076 0.108386800 0.995656490 -0.029201843 -0.088405028 0.029613584
-0.084717430 0.043249048 -0.995465934 -5.525136471 0.032502130 0.998645842 0.040621165 0.110062249 0.995874763 -0.028913442 -0.086008400 0.022670597
-0.082869947 0.044402223 -0.995570719 -5.598169327 0.031414255 0.998626769 0.041923642 0.111575052 0.996065140 -0.027800901 -0.084151030 0.016758680
-0.080900982 0.044784129 -0.995715559 -5.670176506 0.030310662 0.998638570 0.042452879 0.112948850 0.996261239 -0.026746314 -0.082148269 0.010801345
-0.078294367 0.042624764 -0.996018589 -5.743003845 0.028664827 0.998768747 0.040489178 0.115032531 0.996518075 -0.025380626 -0.079419792 0.004145473
-0.076311424 0.039651059 -0.996295393 -5.814712524 0.027795011 0.998905301 0.037625976 0.116838917 0.996696532 -0.024820745 -0.077329993 -0.002360076
-0.074655995 0.037111811 -0.996518493 -5.886375427 0.026864901 0.999019384 0.035192311 0.117852047 0.996847391 -0.024144053 -0.075579807 -0.007656038
-0.073689707 0.034592010 -0.996681035 -5.957649708 0.027529754 0.999087930 0.032640129 0.119770765 0.996901155 -0.025033142 -0.074574828 -0.013076723
-0.072291404 0.034787361 -0.996776700 -6.030268192 0.028214026 0.999063075 0.032820918 0.120324314 0.996984422 -0.025750417 -0.073205158 -0.018624306
-0.071704142 0.037212603 -0.996731579 -6.102020264 0.029019743 0.998958588 0.035208091 0.120944828 0.997003734 -0.026400322 -0.072709374 -0.024066985
-0.071808137 0.039423954 -0.996639013 -6.174674034 0.028473774 0.998892248 0.037461545 0.122402407 0.997011960 -0.025688032 -0.072851174 -0.029412210
-0.073292963 0.040541142 -0.996486008 -6.246943951 0.026748879 0.998893797 0.038671680 0.124271959 0.996951699 -0.023820519 -0.074296311 -0.034185588
-0.073010929 0.041778769 -0.996455669 -6.318485737 0.022656048 0.998933852 0.040222645 0.125643775 0.997073889 -0.019639054 -0.073879622 -0.040843219
-0.074265607 0.040691055 -0.996407926 -6.390160084 0.017733688 0.999063134 0.039477728 0.127529263 0.997080803 -0.014738153 -0.074917629 -0.045611143
-0.073348574 0.039977457 -0.996504724 -6.461747169 0.014105898 0.999137938 0.039044812 0.129381001 0.997206569 -0.011192717 -0.073849253 -0.053957164
-0.075041495 0.039515071 -0.996397138 -6.535541534 0.010356124 0.999191523 0.038845927 0.130478173 0.997126639 -0.007403756 -0.075390056 -0.058851361
-0.075205497 0.038494099 -0.996424794 -6.605987072 0.010505284 0.999229729 0.037809566 0.131424069 0.997112751 -0.007624239 -0.075551972 -0.065381408
-0.076500989 0.036323000 -0.996407688 -6.678611279 0.007839386 0.999327183 0.035827544 0.133116782 0.997038662 -0.005070381 -0.076734275 -0.070159733
-0.077462256 0.036235396 -0.996336579 -6.750545502 0.009628768 0.999319851 0.035595290 0.133627921 0.996948779 -0.006836204 -0.077758476 -0.075281113
-0.078095049 0.041020513 -0.996101737 -6.822913647 0.012697045 0.999113023 0.040149070 0.135544389 0.996865094 -0.009512103 -0.078546628 -0.080747992
-0.078669854 0.045962520 -0.995840609 -6.893951416 0.014981559 0.998878300 0.044919204 0.137598559 0.996788085 -0.011385458 -0.079270221 -0.086790830
-0.079914249 0.046337370 -0.995724142 -6.965926647 0.017635407 0.998828351 0.045066465 0.139667988 0.996645689 -0.013958546 -0.080637798 -0.092502892
-0.080985151 0.042542260 -0.995806992 -7.037114620 0.019834619 0.998959661 0.041063864 0.141168118 0.996517956 -0.016425893 -0.081744708 -0.098242998
-0.081854925 0.038380746 -0.995904982 -7.108858585 0.020869268 0.999105155 0.036788803 0.143594444 0.996425748 -0.017772462 -0.082582660 -0.103650212
-0.082098432 0.037583668 -0.995915234 -7.179517269 0.019645454 0.999155581 0.036086466 0.144184187 0.996430576 -0.016602566 -0.082767464 -0.110535115
-0.082231201 0.037206877 -0.995918393 -7.250252247 0.019779641 0.999167025 0.035695069 0.145450205 0.996416986 -0.016763661 -0.082898639 -0.116796851
-0.082988098 0.036969312 -0.995864570 -7.322061539 0.021022217 0.999154329 0.035339590 0.146540821 0.996328771 -0.018002512 -0.083695106 -0.122610629
-0.082794636 0.035168462 -0.995945871 -7.391788483 0.023156937 0.999175191 0.033357415 0.147288546 0.996297538 -0.020301241 -0.083540775 -0.129195750
-0.081827037 0.032618791 -0.996112525 -7.462421894 0.025822183 0.999198139 0.030598629 0.148296818 0.996312022 -0.023218002 -0.082603715 -0.135435104
-0.082209297 0.031910345 -0.996104062 -7.532264709 0.027849365 0.999170542 0.029710146 0.149450198 0.996225834 -0.025298418 -0.083029814 -0.140549988
-0.081331201 0.033929314 -0.996109366 -7.601914406 0.030034602 0.999049962 0.031577185 0.150618404 0.996234417 -0.027349541 -0.082272992 -0.146419734
-0.080204785 0.037428647 -0.996075451 -7.670898914 0.031084139 0.998902678 0.035031967 0.152075171 0.996293604 -0.028152416 -0.081280209 -0.153074086
-0.079331622 0.039441574 -0.996067703 -7.742834091 0.031388655 0.998820305 0.037050635 0.152341798 0.996353984 -0.028325938 -0.080476053 -0.158488333
-0.078166254 0.038395919 -0.996200621 -7.811125755 0.029220941 0.998916984 0.036207803 0.153418809 0.996511996 -0.026279688 -0.079203553 -0.164129853
-0.077954747 0.036339998 -0.996294320 -7.880694866 0.027361890 0.999036968 0.034299113 0.154831797 0.996581435 -0.024586709 -0.078874007 -0.169474155
-0.076108016 0.037354197 -0.996399581 -7.949414253 0.026904548 0.999011099 0.035397045 0.155671194 0.996736526 -0.024113683 -0.077037744 -0.176084876
-0.074964419 0.038954388 -0.996425033 -8.018645287 0.026367484 0.998964787 0.037069958 0.157099843 0.996837497 -0.023494296 -0.075913943 -0.181575537
-0.073884942 0.040580031 -0.996440768 -8.086976051 0.026575815 0.998896956 0.038709499 0.157835424 0.996912599 -0.023621179 -0.074881904 -0.186956674
-0.073155425 0.040484253 -0.996498525 -8.154973984 0.027743280 0.998871624 0.038543969 0.158837005 0.996934593 -0.024826435 -0.074196056 -0.192310393
-0.072107591 0.040374391 -0.996579349 -8.222847939 0.028753303 0.998849154 0.038385898 0.160084382 0.996982396 -0.025887031 -0.073185518 -0.198151857
-0.071795978 0.040399369 -0.996600866 -8.288901329 0.028253412 0.998860836 0.038455576 0.160979703 0.997019172 -0.025396418 -0.072855607 -0.202654958
-0.070615679 0.041336354 -0.996646762 -8.355768204 0.025402019 0.998891413 0.039629642 0.163276598 0.997180104 -0.022518367 -0.071587443 -0.207684845
-0.069315910 0.041760426 -0.996720374 -8.420639038 0.024136234 0.998901188 0.040173266 0.163862124 0.997302771 -0.021272428 -0.070247680 -0.213578910
-0.068633899 0.041519996 -0.996777475 -8.485287666 0.023765724 0.998918056 0.039972752 0.165625602 0.997358739 -0.020945655 -0.069546416 -0.218485445
-0.068498559 0.043685090 -0.996694326 -8.546928406 0.022877168 0.998847067 0.042207185 0.166710317 0.997388840 -0.019910414 -0.069418974 -0.221930087
-0.068302281 0.045348827 -0.996633470 -8.607679367 0.020823963 0.998813570 0.044020899 0.167641819 0.997447431 -0.017747132 -0.069165587 -0.227218330
-0.069526158 0.045291316 -0.996551454 -8.668148041 0.022526458 0.998785496 0.043821242 0.169022441 0.997325778 -0.019402053 -0.070461959 -0.230425268
-0.071863979 0.043839317 -0.996450484 -8.725675583 0.022333769 0.998853862 0.042334337 0.170734674 0.997164369 -0.019212177 -0.072760716 -0.234956354
-0.074441157 0.042288709 -0.996328294 -8.782123566 0.022221224 0.998922765 0.040738557 0.173035458 0.996977746 -0.019107010 -0.075300679 -0.240694195
-0.079261169 0.042255685 -0.995957851 -8.836786270 0.020808982 0.998953521 0.040726747 0.174115211 0.996636629 -0.017496817 -0.080057517 -0.244956315
-0.084675394 0.041777782 -0.995532393 -8.891804695 0.018403895 0.999015749 0.040358610 0.174658120 0.996238589 -0.014904291 -0.085360944 -0.247384787
-0.089673333 0.039869804 -0.995172977 -8.942631721 0.018177701 0.999097586 0.038389072 0.176547542 0.995805323 -0.014647481 -0.090317160 -0.252959728
-0.097447097 0.039304927 -0.994464278 -8.993594170 0.019899473 0.999097109 0.037538081 0.176122665 0.995041668 -0.016131338 -0.098141268 -0.256294250
-0.106484361 0.038199861 -0.993580461 -9.044960022 0.021913728 0.999109209 0.036063876 0.175944895 0.994072914 -0.017932812 -0.107226595 -0.262146771
-0.116082862 0.036341913 -0.992574394 -9.091841698 0.023991570 0.999141395 0.033776507 0.176902175 0.992949724 -0.019892545 -0.116855092 -0.270385921
-0.128159821 0.035812538 -0.991106689 -9.137303352 0.023568392 0.999175489 0.033056479 0.177621230 0.991473496 -0.019122282 -0.128898218 -0.277322710
-0.139667958 0.035237938 -0.989571154 -9.182267189 0.024170220 0.999190092 0.032169081 0.178014129 0.989903271 -0.019425161 -0.140406564 -0.286121190
-0.154187500 0.036692459 -0.987360060 -9.225702286 0.025161991 0.999131858 0.033200599 0.178242192 0.987721145 -0.019724825 -0.154976949 -0.292015433
-0.169575706 0.038781185 -0.984753788 -9.266944885 0.026715230 0.999039114 0.034743369 0.178738952 0.985154986 -0.020416291 -0.170448825 -0.299951196
-0.185246140 0.039316967 -0.981905341 -9.305686951 0.025791658 0.999049544 0.035137605 0.178442240 0.982353687 -0.018815855 -0.186084166 -0.310161233
-0.204826117 0.036934812 -0.978101254 -9.345980644 0.023498859 0.999185383 0.032810040 0.179330543 0.978516221 -0.016263910 -0.205527157 -0.318521857
-0.223832518 0.035780016 -0.973970592 -9.381874084 0.020898325 0.999272346 0.031906765 0.180275097 0.974403560 -0.013212583 -0.224417374 -0.329208136
-0.245023206 0.036726512 -0.968821287 -9.419039726 0.021778040 0.999238551 0.032371733 0.180167049 0.969272614 -0.013167203 -0.245636493 -0.340053320
-0.266303033 0.037579536 -0.963156521 -9.454115868 0.021625817 0.999221087 0.033007346 0.180673137 0.963646710 -0.012039088 -0.266908318 -0.352538109
-0.289205998 0.036905594 -0.956555188 -9.488677979 0.020453937 0.999266684 0.032369420 0.181646496 0.957048357 -0.010203888 -0.289748818 -0.365731955
-0.316128016 0.037255593 -0.947984695 -9.521492958 0.020768542 0.999260902 0.032344982 0.181129962 0.948489130 -0.009463105 -0.316668063 -0.375485659
-0.346025258 0.035083592 -0.937569082 -9.554358482 0.020309638 0.999346554 0.029899694 0.181474984 0.938005388 -0.008695638 -0.346511632 -0.388437033
-0.377588391 0.032564893 -0.925400734 -9.585565567 0.022169389 0.999412894 0.026123684 0.181716084 0.925708115 -0.010651568 -0.378088653 -0.404512405
-0.413711488 0.030644597 -0.909892142 -9.613178253 0.022815235 0.999468327 0.023287801 0.181848750 0.910122097 -0.011124972 -0.414190680 -0.416925430
-0.452297866 0.033203989 -0.891248643 -9.641639709 0.028852014 0.999328434 0.022588514 0.183061510 0.891400158 -0.015497583 -0.452952117 -0.433159351
-0.495847315 0.036980301 -0.867621958 -9.669588089 0.033083916 0.999172032 0.023679793 0.183930933 0.867779315 -0.016962774 -0.496660233 -0.450739145
-0.539715111 0.037147786 -0.841027737 -9.695811272 0.031433012 0.999218643 0.023963401 0.184384078 0.841260791 -0.013502626 -0.540461004 -0.471328735
-0.584536314 0.036337584 -0.810553432 -9.720863342 0.027903277 0.999305904 0.024676822 0.182490781 0.810887575 -0.008192595 -0.585144579 -0.488632202
-0.626114547 0.033524379 -0.779010057 -9.742801666 0.026517648 0.999412835 0.021696260 0.182795331 0.779280007 -0.007073171 -0.626635909 -0.509704113
-0.668086827 0.033369917 -0.743334770 -9.766153336 0.029717559 0.999393344 0.018155709 0.182945147 0.743489563 -0.009960502 -0.668673277 -0.529844761
-0.705606878 0.035589259 -0.707709253 -9.788909912 0.034865469 0.999271989 0.015489463 0.182903379 0.707745254 -0.013745143 -0.706333995 -0.555571079
-0.741640508 0.035114557 -0.669877768 -9.808700562 0.031878475 0.999345660 0.017091492 0.182226270 0.670039535 -0.008678937 -0.742274702 -0.580478668
-0.775727272 0.028902367 -0.630406022 -9.828184128 0.023370910 0.999581099 0.017069647 0.183384418 0.630635321 -0.001491766 -0.776077867 -0.607622623
-0.807223439 0.025568064 -0.589691818 -9.843893051 0.017368007 0.999657571 0.019568602 0.183763310 0.589990199 0.005554460 -0.807391226 -0.634942055
-0.837187588 0.028676694 -0.546163559 -9.860685349 0.018087156 0.999529839 0.024756081 0.184450239 0.546616673 0.010846936 -0.837312698 -0.663127899
-0.863924146 0.034663752 -0.502427638 -9.875568390 0.022196252 0.999279737 0.030776393 0.184604451 0.503132582 0.015436458 -0.864071250 -0.692224979
-0.888254166 0.034303103 -0.458069682 -9.887475967 0.019981261 0.999149263 0.036076356 0.185024485 0.458917528 0.022892162 -0.888183892 -0.722155809
-0.910175443 0.024879633 -0.413475215 -9.896811485 0.008762954 0.999127686 0.040829785 0.186216488 0.414130360 0.033539001 -0.909599423 -0.753508568
-0.929839194 0.022969544 -0.367248476 -9.906497002 0.007721746 0.999048054 0.042934693 0.185794353 0.367884994 0.037086554 -0.929131567 -0.785390615
-0.946808457 0.021900857 -0.321051747 -9.915190697 0.009435143 0.999141753 0.040332403 0.186653882 0.321659476 0.035157889 -0.946202517 -0.817029238
-0.960322440 0.021382885 -0.278071076 -9.922811508 0.011351661 0.999227047 0.037634633 0.187654346 0.278660923 0.032984816 -0.959822893 -0.849009275
-0.970762134 0.021001933 -0.239122957 -9.929504395 0.012604239 0.999250710 0.036594078 0.188271612 0.239712298 0.032510176 -0.970299482 -0.883285522
-0.979018569 0.014820993 -0.203231320 -9.933496475 0.007750068 0.999338031 0.035544325 0.189353257 0.203623593 0.033223506 -0.978485405 -0.916635036
-0.985431492 0.009443183 -0.169810459 -9.937263489 0.003662068 0.999404013 0.034325548 0.190010130 0.170033395 0.033203624 -0.984878778 -0.951563597
-0.989860475 0.007549216 -0.141842231 -9.941013336 0.002801648 0.999430060 0.033640705 0.190978423 0.142015353 0.032902211 -0.989317477 -0.987278581
-0.992728949 0.006264886 -0.120207876 -9.943828583 0.002158892 0.999410629 0.034257323 0.191613823 0.120351657 0.033748716 -0.992157459 -1.023490429
-0.995068252 0.006474765 -0.098981045 -9.946866989 0.003002032 0.999375999 0.035193589 0.192265540 0.099147148 0.034722872 -0.994466782 -1.061207294
