0.999619305 0.001523576 -0.027548097 -0.002022129 -0.001571161 0.999997318 -0.001705782 -0.000675599 0.027545424 0.001748415 0.999619007 0.035659280
0.999378502 0.003908620 -0.035033386 -0.002765773 -0.003966324 0.999990880 -0.001577792 -0.000467281 0.035026900 0.001715765 0.999384820 0.041562613
0.999092817 0.005012781 -0.042291686 -0.003594570 -0.005008383 0.999987483 0.000209944 -0.001216723 0.042292207 0.000002060 0.999105275 0.046788301
0.998780608 0.006523725 -0.048936535 -0.004614684 -0.006485334 0.999978542 0.000943248 -0.001431694 0.048941631 -0.000624728 0.998801470 0.051373366
0.998531699 0.007270199 -0.053680647 -0.005082306 -0.007233172 0.999973416 0.000884004 -0.001229557 0.053685654 -0.000494425 0.998557687 0.055005133
0.998285294 0.007039851 -0.058110822 -0.005200921 -0.007056789 0.999975085 -0.000086288 -0.001007609 0.058108781 0.000496216 0.998310089 0.057663877
0.998100996 0.007249438 -0.061170191 -0.005719766 -0.007297181 0.999973118 -0.000557135 -0.000799331 0.061164521 0.001002447 0.998127162 0.059630644
0.997939110 0.006916391 -0.063793659 -0.005553612 -0.006953625 0.999975741 -0.000361670 -0.001004612 0.063789599 0.000804522 0.997963190 0.061064221
0.997774780 0.007452417 -0.066257104 -0.005192725 -0.007507869 0.999971688 -0.000587954 -0.001188668 0.066250838 0.001084095 0.997802436 0.061993860
0.997761488 0.007708665 -0.066427194 -0.005608182 -0.007752970 0.999969840 -0.000409194 -0.001172450 0.066422038 0.000923286 0.997791171 0.062737770
0.997760534 0.007632398 -0.066450067 -0.005632962 -0.007692466 0.999970198 -0.000648152 -0.000975242 0.066443130 0.001157866 0.997789502 0.062572911
0.997795224 0.006857180 -0.066011183 -0.006159505 -0.006972884 0.999974489 -0.001522563 -0.000863186 0.065999061 0.001979494 0.997817755 0.062128432
0.997759700 0.006527265 -0.066579834 -0.005807186 -0.006718910 0.999973893 -0.002654916 -0.001084050 0.066560760 0.003096312 0.997777581 0.062212046
0.997749269 0.006709465 -0.066719055 -0.005396113 -0.006930259 0.999971211 -0.003078393 -0.001127412 0.066696480 0.003533844 0.997767031 0.062229134
0.997740149 0.007079820 -0.066816278 -0.005255688 -0.007250024 0.999971032 -0.002305207 -0.001427794 0.066798031 0.002784417 0.997762561 0.062277466
0.997740269 0.007009693 -0.066822417 -0.005393356 -0.007210652 0.999970198 -0.002766660 -0.001359113 0.066801034 0.003242241 0.997761011 0.061983075
0.997767031 0.006848454 -0.066437662 -0.005706065 -0.007067225 0.999970317 -0.003058413 -0.001063351 0.066414751 0.003521113 0.997785866 0.062128119
0.997738481 0.006923043 -0.066857398 -0.005343225 -0.007121637 0.999970973 -0.002732528 -0.001084614 0.066836528 0.003202483 0.997758746 0.062386937
0.997750998 0.006833486 -0.066680208 -0.005579830 -0.007066617 0.999969721 -0.003260995 -0.000908999 0.066655904 0.003724864 0.997768998 0.062256571
0.997742116 0.006944259 -0.066800676 -0.005470674 -0.007166829 0.999969542 -0.003092810 -0.000973525 0.066777170 0.003564576 0.997761548 0.062292822
0.997732043 0.006764828 -0.066970415 -0.005375990 -0.006977761 0.999971330 -0.002946101 -0.000995343 0.066948585 0.003406723 0.997750640 0.062219176
0.997731149 0.006800462 -0.066979900 -0.005426512 -0.007040341 0.999969602 -0.003345953 -0.000690844 0.066955119 0.003809924 0.997748733 0.062187877
0.997737169 0.006705718 -0.066899128 -0.005693894 -0.006935137 0.999970913 -0.003197691 -0.000881625 0.066875733 0.003654410 0.997754693 0.062082473
0.997744739 0.006563684 -0.066800416 -0.006020463 -0.006775167 0.999972701 -0.002939841 -0.001106211 0.066779293 0.003385796 0.997762024 0.061972432
0.997726738 0.006621737 -0.067063831 -0.005837105 -0.006811087 0.999973476 -0.002595172 -0.001351889 0.067044869 0.003046050 0.997745335 0.062019277
0.997721732 0.006509634 -0.067147955 -0.005838591 -0.006699613 0.999974191 -0.002604497 -0.001312001 0.067129254 0.003048430 0.997739732 0.062118113
0.997708380 0.006497879 -0.067347296 -0.005737726 -0.006699641 0.999973714 -0.002770449 -0.001217883 0.067327522 0.003215303 0.997725785 0.062227912
0.997705340 0.006414608 -0.067400910 -0.005811338 -0.006604634 0.999974847 -0.002596874 -0.001344117 0.067382567 0.003036073 0.997722507 0.062031865
0.997704208 0.006370513 -0.067422204 -0.006105699 -0.006547947 0.999975681 -0.002411028 -0.001473864 0.067405194 0.002846971 0.997721553 0.061956670
0.997672677 0.006269210 -0.067896895 -0.005929450 -0.006463586 0.999975681 -0.002643499 -0.001318660 0.067878664 0.003076204 0.997688830 0.062100906
0.997661948 0.006260341 -0.068054475 -0.006163546 -0.006455325 0.999975741 -0.002645581 -0.001321524 0.068036258 0.003078710 0.997678101 0.061905548
0.997620821 0.005967928 -0.068681106 -0.005878449 -0.006185167 0.999976456 -0.002950768 -0.001066851 0.068661883 0.003368552 0.997634292 0.062029939
0.997578859 0.005617124 -0.069317974 -0.005730613 -0.005837345 0.999978542 -0.002974812 -0.001009075 0.069299765 0.003372243 0.997590184 0.062116738
0.997561157 0.005573686 -0.069575086 -0.005714403 -0.005767690 0.999980092 -0.002587842 -0.001339849 0.069559269 0.002982818 0.997573376 0.062029943
0.997576654 0.005511136 -0.069356866 -0.005964993 -0.005713793 0.999979913 -0.002723914 -0.001254437 0.069340467 0.003113604 0.997588158 0.062086660
0.997577310 0.005365206 -0.069359362 -0.005975752 -0.005574896 0.999980509 -0.002830021 -0.001151294 0.069342829 0.003209836 0.997587681 0.062054012
0.997558892 0.005372699 -0.069622509 -0.006003273 -0.005583044 0.999980390 -0.002826988 -0.001117445 0.069605969 0.003208792 0.997569382 0.061947972
0.997545898 0.005279295 -0.069814980 -0.005923458 -0.005509545 0.999980032 -0.003105856 -0.000949168 0.069797195 0.003482884 0.997555017 0.062094145
0.997551799 0.005209245 -0.069736362 -0.006191780 -0.005432051 0.999980748 -0.003005729 -0.000956492 0.069719352 0.003377182 0.997560918 0.061935678
0.997522712 0.005273816 -0.070146449 -0.005885646 -0.005494662 0.999980509 -0.002955788 -0.000953607 0.070129476 0.003333897 0.997532308 0.061989110
0.997537553 0.005176087 -0.069942966 -0.006214582 -0.005401494 0.999980807 -0.003033971 -0.000872561 0.069925927 0.003404297 0.997546315 0.061857313
0.997520387 0.005094017 -0.070192903 -0.006142398 -0.005319674 0.999981225 -0.003028251 -0.000900474 0.070176147 0.003394146 0.997528791 0.061783381
0.997500837 0.005041959 -0.070473835 -0.006029541 -0.005250482 0.999982357 -0.002773942 -0.001142831 0.070458613 0.003137032 0.997509778 0.061994668
0.997502983 0.005097986 -0.070438534 -0.006106455 -0.005299788 0.999982357 -0.002678346 -0.001172797 0.070423640 0.003044968 0.997512519 0.062066630
0.997488737 0.005057803 -0.070644788 -0.006044189 -0.005266405 0.999982297 -0.002766875 -0.001119678 0.070629545 0.003131971 0.997497678 0.061998751
0.997470319 0.005120953 -0.070899643 -0.005916871 -0.005318106 0.999982476 -0.002592265 -0.001269536 0.070885122 0.002962759 0.997480094 0.061883576
0.997469425 0.004926704 -0.070925698 -0.006167654 -0.005153603 0.999982178 -0.003016457 -0.000912242 0.070909575 0.003374347 0.997477055 0.061859563
0.997457087 0.004809790 -0.071106113 -0.006108362 -0.005032547 0.999983013 -0.002953922 -0.000930451 0.071090698 0.003304256 0.997464418 0.061893083
0.997489929 0.004815850 -0.070644826 -0.006558974 -0.005030799 0.999983370 -0.002865064 -0.000951501 0.070629843 0.003213272 0.997497439 0.061659094
0.997473955 0.004627606 -0.070882604 -0.006409556 -0.004852441 0.999983668 -0.003000055 -0.000794585 0.070867576 0.003336431 0.997480154 0.061607741
0.997466385 0.004853827 -0.070973299 -0.006404650 -0.005065646 0.999983251 -0.002804788 -0.001028312 0.070958510 0.003157208 0.997474253 0.061904289
0.997460723 0.004896034 -0.071050189 -0.006400609 -0.005105489 0.999983191 -0.002766666 -0.001053047 0.071035467 0.003122387 0.997468829 0.061873492
0.997464895 0.004842995 -0.070995316 -0.006427308 -0.005043717 0.999983728 -0.002648252 -0.001168870 0.070981331 0.002999619 0.997473121 0.061909262
0.997462630 0.004774817 -0.071031749 -0.006384925 -0.004984704 0.999983728 -0.002777865 -0.001049325 0.071017317 0.003124889 0.997470200 0.061883807
0.997469723 0.004771548 -0.070931196 -0.006540240 -0.004981863 0.999983728 -0.002788445 -0.000977267 0.070916712 0.003134759 0.997477353 0.061750565
0.997460067 0.004798885 -0.071066588 -0.006317010 -0.005002436 0.999983847 -0.002686521 -0.001105804 0.071052559 0.003035204 0.997467935 0.061791554
0.997463346 0.004772102 -0.071021944 -0.006423388 -0.004972477 0.999984086 -0.002644755 -0.001112574 0.071008198 0.002991202 0.997471213 0.061729755
0.997473419 0.004769096 -0.070880540 -0.006551541 -0.004965711 0.999984264 -0.002597932 -0.001135289 0.070867032 0.002943340 0.997481406 0.061702456
0.997462213 0.004771854 -0.071038283 -0.006435782 -0.004975128 0.999983966 -0.002684793 -0.001117116 0.071024336 0.003031404 0.997469962 0.061779827
0.997461855 0.004785877 -0.071041301 -0.006381899 -0.004980977 0.999984324 -0.002569394 -0.001204837 0.071027897 0.002916729 0.997470021 0.061738994
0.997465968 0.004762598 -0.070985183 -0.006529904 -0.004969313 0.999983907 -0.002735777 -0.001098733 0.070971005 0.003081592 0.997473657 0.061765790
0.997457325 0.004832421 -0.071101926 -0.006289534 -0.005045247 0.999983311 -0.002813978 -0.001016694 0.071087137 0.003165550 0.997465074 0.061695535
0.997405946 0.004844002 -0.071818404 -0.006247643 -0.005050204 0.999983609 -0.002689842 -0.001238666 0.071804211 0.003045562 0.997414052 0.061557602
0.997250021 0.004922410 -0.073946789 -0.006592011 -0.005169991 0.999981642 -0.003157063 -0.001151505 0.073929898 0.003530686 0.997257113 0.061718404
0.997114420 0.005648841 -0.075702786 -0.006846974 -0.005930093 0.999976337 -0.003490936 -0.001132750 0.075681284 0.003929788 0.997124255 0.062210664
0.996869922 0.006036355 -0.078827940 -0.006790027 -0.006323239 0.999974370 -0.003390291 -0.001302113 0.078805439 0.003878128 0.996882498 0.062628910
0.996484578 0.005837412 -0.083573401 -0.007436102 -0.006164866 0.999974310 -0.003660636 -0.000992312 0.083549872 0.004162986 0.996494949 0.063725218
0.995965481 0.006063704 -0.089531898 -0.007489457 -0.006397125 0.999973655 -0.003437563 -0.001119961 0.089508705 0.003996441 0.995977998 0.064777575
0.995375335 0.006868735 -0.095816061 -0.008082303 -0.007220024 0.999968469 -0.003320064 -0.001078167 0.095790230 0.003996504 0.995393515 0.066053145
0.994669378 0.007084428 -0.102871753 -0.008649313 -0.007428056 0.999968052 -0.002957646 -0.001265503 0.102847502 0.003706016 0.994690359 0.067340530
0.993688583 0.007428415 -0.111927509 -0.009429124 -0.007796787 0.999965549 -0.002853811 -0.001349885 0.111902460 0.003708475 0.993712366 0.069182031
0.992392242 0.007611566 -0.122880876 -0.009395861 -0.007942983 0.999966025 -0.002207393 -0.001602305 0.122859895 0.003166641 0.992418885 0.071265914
0.990938365 0.008206836 -0.134066179 -0.009662175 -0.008459729 0.999963284 -0.001316760 -0.002074561 0.134050444 0.002438991 0.990971506 0.073557407
0.989402056 0.008368770 -0.144960284 -0.011417995 -0.008676180 0.999961257 -0.001488580 -0.001814996 0.144942224 0.002730506 0.989436448 0.075936668
0.987353683 0.008781942 -0.158289433 -0.012250440 -0.009099350 0.999957740 -0.001280596 -0.001870458 0.158271521 0.002704732 0.987391949 0.078402437
0.985039949 0.009014361 -0.172090247 -0.014121355 -0.009526161 0.999952316 -0.002148397 -0.001636649 0.172062695 0.003755616 0.985078871 0.081259415
0.982201099 0.009770145 -0.187578067 -0.015753640 -0.010680502 0.999935567 -0.003843128 -0.001550472 0.187528431 0.005778152 0.982242167 0.084292799
0.978769898 0.010820266 -0.204676554 -0.017708110 -0.012139192 0.999912918 -0.005189422 -0.001700422 0.204602569 0.007563856 0.978815913 0.088435881
0.974909306 0.012315753 -0.222261235 -0.019946702 -0.013922495 0.999887049 -0.005663648 -0.001678533 0.222166374 0.008615975 0.974970639 0.092820205
0.970569968 0.013166642 -0.240459174 -0.022415873 -0.014654811 0.999882936 -0.004401649 -0.001696694 0.240373075 0.007795991 0.970649242 0.098968886
0.965622544 0.012280725 -0.259657860 -0.024871927 -0.013432562 0.999906301 -0.002662004 -0.001627160 0.259600848 0.006058362 0.965696990 0.105852567
0.960009575 0.011613382 -0.279726267 -0.028073343 -0.012371479 0.999922991 -0.000944678 -0.001700113 0.279693782 0.004367527 0.960079312 0.113332763
0.953087807 0.013012206 -0.302413821 -0.031535707 -0.013203858 0.999911785 0.001410710 -0.001870007 0.302405506 0.002648499 0.953175664 0.121585704
0.945494115 0.015463345 -0.325271875 -0.036268786 -0.014697391 0.999880433 0.004811966 -0.001712974 0.325307429 0.000230962 0.945608318 0.130266726
0.937109888 0.016409468 -0.348648489 -0.041138593 -0.014730121 0.999863625 0.007467376 -0.001632120 0.348723441 -0.001862117 0.937223792 0.139190704
0.927543223 0.015424983 -0.373397261 -0.046257704 -0.013127374 0.999875963 0.008695466 -0.001306096 0.373485118 -0.003163697 0.927630723 0.148839131
0.916335106 0.015635673 -0.400106966 -0.051593632 -0.011928502 0.999859750 0.011754297 -0.001264736 0.400234640 -0.005998196 0.916393042 0.159533873
0.903790116 0.016025636 -0.427675694 -0.058344170 -0.010157883 0.999820411 0.015998485 -0.001653463 0.427855283 -0.010114991 0.903790653 0.169329822
0.888362825 0.016384583 -0.458849639 -0.064959593 -0.009285639 0.999799848 0.017723206 -0.001154477 0.459048122 -0.011483930 0.888337195 0.180231839
0.870507479 0.016612237 -0.491874814 -0.073369980 -0.008859440 0.999797165 0.018087246 -0.001197902 0.492075503 -0.011387347 0.870478034 0.191126600
0.849505365 0.018521762 -0.527254641 -0.082578659 -0.010614545 0.999781430 0.018018987 -0.001641440 0.527473032 -0.009710659 0.849516213 0.201483846
0.824759901 0.021288173 -0.565082431 -0.093325540 -0.013419399 0.999746561 0.018077003 -0.002221243 0.565324008 -0.007326119 0.824836314 0.213845342
0.796078324 0.021887174 -0.604797482 -0.105241925 -0.013733878 0.999741793 0.018102389 -0.002170178 0.605037451 -0.006104707 0.796173453 0.226293862
0.763715386 0.018779762 -0.645279765 -0.120432861 -0.010448511 0.999805510 0.016731370 -0.001553913 0.645468473 -0.006035792 0.763762951 0.240682065
0.727520406 0.014195148 -0.685939193 -0.135785654 -0.006216914 0.999881268 0.014098234 -0.000853693 0.686057866 -0.005992327 0.727522314 0.255293459
0.690438986 0.012696495 -0.723279238 -0.154083878 -0.005580615 0.999909639 0.012225257 -0.000346874 0.723369062 -0.004404451 0.690447569 0.269690067
0.651332855 0.013388920 -0.758674085 -0.174576432 -0.005020029 0.999898493 0.013336230 -0.000426939 0.758775473 -0.004877759 0.651333988 0.284461319
0.609735250 0.013418091 -0.792491555 -0.197976798 -0.003332941 0.999891281 0.014365352 0.000479667 0.792598128 -0.006117734 0.609713674 0.300697148
0.566220164 0.014649056 -0.824123800 -0.222895771 -0.001492709 0.999858677 0.016747219 0.001418756 0.824252665 -0.008252438 0.566162050 0.315752596
0.522140205 0.018919244 -0.852649808 -0.251494050 -0.001071495 0.999767721 0.021527454 0.001623550 0.852858901 -0.010326739 0.522039175 0.329869270
0.475682437 0.023241965 -0.879309893 -0.281812787 0.000952570 0.999636710 0.026937759 0.002749811 0.879616618 -0.013651421 0.475487471 0.343702495
0.425665408 0.026561216 -0.904490709 -0.313925147 0.007910213 0.999421656 0.033071604 0.002903441 0.904846013 -0.021232150 0.425209105 0.358610123
0.374709696 0.030130373 -0.926652491 -0.347927660 0.012713936 0.999210775 0.037630752 0.003761317 0.927055061 -0.025882009 0.374030918 0.371022850
0.323942840 0.035231594 -0.945420384 -0.385457814 0.016995467 0.998928487 0.043048989 0.003881551 0.945924044 -0.030013273 0.322996914 0.382806122
0.273758769 0.038621008 -0.961022615 -0.422859579 0.021987252 0.998680949 0.046397731 0.005050972 0.961547017 -0.033832032 0.272548497 0.391604424
0.224503279 0.040644355 -0.973625362 -0.466179192 0.023090610 0.998627365 0.047012426 0.008006768 0.974199712 -0.033036046 0.223256648 0.400719881
0.178043723 0.040153734 -0.983203053 -0.507638216 0.028736288 0.998528838 0.045983355 0.009444134 0.983602881 -0.036440648 0.176627919 0.407854468
0.139063984 0.039652623 -0.989489138 -0.553316772 0.029472712 0.998589635 0.044159438 0.011362032 0.989844739 -0.035303921 0.137699172 0.412164599
0.104900807 0.039500017 -0.993697941 -0.599754572 0.028552227 0.998679280 0.042712171 0.013030082 0.994072735 -0.032852832 0.103634477 0.416108072
0.078162469 0.037322685 -0.996241808 -0.647084355 0.028487740 0.998807251 0.039653864 0.014817993 0.996533632 -0.031480122 0.077006027 0.417814285
0.056349799 0.035159416 -0.997791827 -0.698110223 0.030056691 0.998867035 0.036894735 0.016549515 0.997958541 -0.032069333 0.055229183 0.419988453
0.039388675 0.034182288 -0.998639166 -0.750177383 0.031139985 0.998887241 0.035419013 0.018798988 0.998738587 -0.032492712 0.038280413 0.421701670
0.024947710 0.033531640 -0.999126256 -0.804693162 0.032905001 0.998868287 0.034344606 0.019970004 0.999147058 -0.033733070 0.023816124 0.422415137
0.010556865 0.031646471 -0.999443293 -0.858351469 0.035445552 0.998859107 0.032002367 0.021014787 0.999315858 -0.035763662 0.009423093 0.421738058
-0.004042379 0.027930826 -0.999601662 -0.914258659 0.038483646 0.998873711 0.027754854 0.021825876 0.999251068 -0.038356125 -0.005112708 0.421169966
-0.017803175 0.025195302 -0.999523938 -0.972798526 0.037429564 0.998998523 0.024515372 0.023415312 0.999140680 -0.036975298 -0.018728392 0.418879181
-0.030435201 0.023867976 -0.999251664 -1.032545686 0.034194365 0.999154568 0.022824161 0.025250290 0.998951733 -0.033474118 -0.031225614 0.416623592
-0.040314924 0.024125883 -0.998895645 -1.093298793 0.030259332 0.999279499 0.022913894 0.026450984 0.998728693 -0.029302146 -0.041015897 0.413814038
-0.045203660 0.024837116 -0.998668969 -1.155893445 0.025876788 0.999384463 0.023683628 0.026421623 0.998642564 -0.024771757 -0.045818541 0.409386516
-0.048161633 0.023683151 -0.998558700 -1.219904304 0.023160247 0.999476671 0.022587867 0.028101387 0.998570979 -0.022039002 -0.048684940 0.406466186
-0.049680870 0.024316164 -0.998469114 -1.285645247 0.022250826 0.999482453 0.023233706 0.029666506 0.998517275 -0.021062493 -0.050196212 0.403706193
-0.049590018 0.025789658 -0.998436630 -1.353335381 0.023312993 0.999424100 0.024657259 0.030558567 0.998497546 -0.022053789 -0.050162699 0.398468554
-0.052858114 0.026166622 -0.998259127 -1.421435475 0.024377938 0.999392509 0.024905510 0.031771418 0.998304486 -0.023019047 -0.053463891 0.395276546
-0.057373937 0.026292153 -0.998006463 -1.491562009 0.025410503 0.999367774 0.024867203 0.033069469 0.998029351 -0.023933116 -0.058005761 0.391235858
-0.061337832 0.026019925 -0.997777820 -1.563282728 0.024962885 0.999387443 0.024527321 0.034079343 0.997804821 -0.023402965 -0.061949797 0.385431111
-0.066292025 0.025486520 -0.997474670 -1.637538552 0.024667654 0.999410093 0.023896558 0.036128126 0.997495294 -0.023021210 -0.066881604 0.381136745
-0.070615456 0.025674995 -0.997173131 -1.709676862 0.024134317 0.999420047 0.024023760 0.037191123 0.997211635 -0.022369640 -0.071194150 0.374431431
-0.075889796 0.029661939 -0.996674955 -1.783602357 0.025174294 0.999295831 0.027823100 0.036768794 0.996798396 -0.022979094 -0.076583080 0.369303226
-0.080317527 0.032546509 -0.996237814 -1.859350085 0.026305638 0.999187887 0.030522112 0.039288975 0.996422172 -0.023755211 -0.081108436 0.361882091
-0.084404543 0.034545194 -0.995832622 -1.936142921 0.027083337 0.999109209 0.032363340 0.041106988 0.996063530 -0.024238855 -0.085264944 0.354763687
-0.086170383 0.033582307 -0.995714188 -2.013116121 0.026892373 0.999146044 0.031370752 0.043500412 0.995917380 -0.024073889 -0.086999886 0.347864628
-0.086377077 0.032648288 -0.995727360 -2.089151859 0.025100378 0.999216974 0.030585308 0.043482807 0.995946229 -0.022351267 -0.087128937 0.341019988
-0.084742434 0.032400075 -0.995875955 -2.168871403 0.025558658 0.999213040 0.030333778 0.044773813 0.996074975 -0.022882696 -0.085503854 0.333777905
-0.083895177 0.034801006 -0.995866656 -2.248522520 0.027439980 0.999091685 0.032602064 0.046611618 0.996096611 -0.024591407 -0.084773898 0.326398671
-0.083442360 0.037027769 -0.995824397 -2.327650309 0.027574621 0.999012589 0.034835771 0.048129484 0.996130943 -0.024552705 -0.084380992 0.320218205
-0.082627967 0.037943151 -0.995857835 -2.411363602 0.028553896 0.998954952 0.035691988 0.050210096 0.996171296 -0.025486466 -0.083625041 0.313281238
-0.082924604 0.038994167 -0.995792568 -2.486248255 0.029527357 0.998891652 0.036656629 0.051517282 0.996118248 -0.026363390 -0.083984084 0.307667673
-0.082392424 0.039347120 -0.995822847 -2.564655066 0.029357852 0.998882413 0.037038997 0.052620560 0.996167421 -0.026183490 -0.083455496 0.301405907
-0.081801198 0.038057689 -0.995921731 -2.642376661 0.029135922 0.998934805 0.035779718 0.053159818 0.996222734 -0.026090275 -0.082822911 0.294389158
-0.080420077 0.036098581 -0.996107161 -2.723906517 0.028313579 0.999023438 0.033918392 0.054754436 0.996358931 -0.025475640 -0.081363633 0.286931753
-0.080174319 0.036075838 -0.996127784 -2.802801132 0.025892096 0.999082923 0.034098916 0.055660583 0.996444643 -0.023057980 -0.081034884 0.281178832
-0.080164984 0.037899539 -0.996060848 -2.878549814 0.027542176 0.998979568 0.035793945 0.057246394 0.996401012 -0.024564262 -0.081127003 0.274525821
-0.078877509 0.040938146 -0.996043384 -2.957721472 0.027886175 0.998856008 0.038845412 0.057152130 0.996494174 -0.024711812 -0.079928890 0.266926169
-0.079042479 0.039721601 -0.996079564 -3.036707163 0.027106790 0.998921871 0.037683934 0.058358945 0.996502638 -0.024021890 -0.080033988 0.261145830
-0.079130016 0.036824100 -0.996183872 -3.113859653 0.028132627 0.999002039 0.034693599 0.060355533 0.996467233 -0.025279969 -0.080086999 0.255106688
-0.077891447 0.035025392 -0.996346414 -3.193021536 0.028455900 0.999053538 0.032895964 0.062114310 0.996555626 -0.025789624 -0.078814402 0.247776031
-0.079413645 0.037415821 -0.996139288 -3.270787954 0.027779503 0.998990238 0.035308283 0.063465938 0.996454537 -0.024868295 -0.080372863 0.243739456
-0.077184841 0.041044820 -0.996171594 -3.349685907 0.026212038 0.998890400 0.039125893 0.064214408 0.996672213 -0.023091761 -0.078175075 0.234768867
-0.076958440 0.042966515 -0.996108055 -3.428023577 0.023976076 0.998861849 0.041232929 0.066494346 0.996746123 -0.020709543 -0.077901013 0.228647232
-0.076043680 0.041454773 -0.996242404 -3.506352901 0.021052275 0.998979449 0.039961744 0.068238512 0.996882200 -0.017934334 -0.076838791 0.220937908
-0.075767241 0.039247353 -0.996352732 -3.580786705 0.021085037 0.999064684 0.037750773 0.070482790 0.996902585 -0.018147865 -0.076523907 0.214365363
-0.075643718 0.039463464 -0.996353805 -3.655597687 0.019874422 0.999077618 0.038062487 0.071455136 0.996936798 -0.016922768 -0.076358259 0.208456755
-0.075453848 0.040188596 -0.996339142 -3.731224775 0.018782513 0.999067485 0.038876228 0.073064268 0.996972322 -0.015780395 -0.076138325 0.201858401
-0.075346723 0.041672084 -0.996286273 -3.806843281 0.019746743 0.998992860 0.040291891 0.074272349 0.996961832 -0.016637551 -0.076093718 0.195086390
-0.075400889 0.041170087 -0.996303022 -3.883325100 0.021753563 0.998977423 0.039634276 0.076210231 0.996915996 -0.018684678 -0.076219395 0.190387011
-0.074402928 0.038819145 -0.996472359 -3.958282709 0.023677226 0.999029219 0.037150856 0.078216061 0.996947110 -0.020829575 -0.075249821 0.183707684
-0.078100286 0.038338333 -0.996208131 -4.033522606 0.027504154 0.998962879 0.036288086 0.078634404 0.996565998 -0.024565753 -0.079073749 0.181793153
-0.076803707 0.037714969 -0.996332705 -4.109303951 0.028784616 0.998951674 0.035595208 0.082203887 0.996630669 -0.025945209 -0.077808812 0.171864122
-0.079929583 0.039950781 -0.995999515 -4.186653137 0.029261086 0.998859942 0.037717283 0.081659064 0.996370852 -0.026129304 -0.081007496 0.167487353
-0.084521815 0.041345965 -0.995563388 -4.260480881 0.030373529 0.998781264 0.038900949 0.082467847 0.995958567 -0.026950795 -0.085674629 0.162283957
-0.086816125 0.041405097 -0.995363474 -4.335445404 0.028951047 0.998818874 0.039023697 0.084484182 0.995803535 -0.025428930 -0.087912291 0.154791862
-0.088837646 0.040993258 -0.995202184 -4.411234856 0.027008787 0.998884499 0.038733978 0.085258432 0.995679855 -0.023438172 -0.089845724 0.146949083
-0.091882788 0.040046379 -0.994964242 -4.484373093 0.026041286 0.998945892 0.037801784 0.085737072 0.995429277 -0.022436813 -0.092828773 0.139649659
-0.094381124 0.039360385 -0.994757712 -4.559945583 0.025401849 0.998987973 0.037117675 0.087908842 0.995211959 -0.021765480 -0.095285445 0.132344455
-0.096441090 0.041053008 -0.994491696 -4.633985996 0.026004793 0.998911858 0.038713656 0.089234486 0.994998872 -0.022127965 -0.097403735 0.124962181
-0.098161645 0.041183244 -0.994317889 -4.709318161 0.025533216 0.998918653 0.038853094 0.091152504 0.994842827 -0.021574255 -0.099107035 0.116906703
-0.099709652 0.041879579 -0.994134724 -4.783349991 0.025687398 0.998889208 0.039503466 0.092569113 0.994684935 -0.021597862 -0.100674659 0.108979911
-0.101072192 0.042819940 -0.993957162 -4.857718468 0.025394034 0.998858869 0.040448863 0.094027206 0.994555056 -0.021152319 -0.102044225 0.101827562
-0.102724418 0.043173082 -0.993772447 -4.930373192 0.023397347 0.998886168 0.040976692 0.095802598 0.994434655 -0.019042337 -0.103620134 0.093904436
-0.101405710 0.044161305 -0.993864477 -5.002727032 0.022766873 0.998855650 0.042060141 0.096142672 0.994584620 -0.018362049 -0.102295063 0.085289598
-0.100428097 0.042700853 -0.994027615 -5.076338768 0.020787388 0.998950601 0.040812157 0.098483041 0.994727135 -0.016564550 -0.101210333 0.076342463
-0.099445008 0.042844974 -0.994120240 -5.150563717 0.020947821 0.998941302 0.040957268 0.099472053 0.994822562 -0.016751656 -0.100237265 0.069230676
-0.097881369 0.042722329 -0.994280696 -5.223318100 0.021865644 0.998929322 0.040769517 0.101440541 0.994957864 -0.017750015 -0.098710723 0.061483920
-0.095094964 0.042551558 -0.994558334 -5.297022343 0.025107229 0.998870730 0.040335424 0.103026673 0.995151520 -0.021134909 -0.096055910 0.053962171
-0.093711190 0.040966257 -0.994756222 -5.369896889 0.027827716 0.998870611 0.038514182 0.105469443 0.995210350 -0.024072586 -0.094745331 0.048367798
-0.091218650 0.040592343 -0.995003223 -5.444245338 0.030860092 0.998804212 0.037918258 0.106091172 0.995352626 -0.027247040 -0.092362255 0.041580975
-0.088830180 0.041152649 -0.995196342 -5.516417980 0.032509133 0.998733580 0.038397193 0.107434258 0.995516121 -0.028942134 -0.090055518 0.034716010
-0.086555891 0.042947285 -0.995320797 -5.588967323 0.031712908 0.998682797 0.040334500 0.109242819 0.995742142 -0.028073331 -0.087803856 0.028588384
-0.084024206 0.044039972 -0.995490015 -5.664196014 0.031149331 0.998650730 0.041550651 0.110858142 0.995976746 -0.027517589 -0.085282661 0.020978987
-0.081663862 0.044623066 -0.995660424 -5.736551762 0.030133229 0.998651087 0.042285576 0.112292781 0.996204317 -0.026549263 -0.082898326 0.014159739
-0.079641663 0.042814996 -0.995903790 -5.810158253 0.028469991 0.998767316 0.040661387 0.114052325 0.996416867 -0.025115034 -0.080762431 0.007881075
-0.077138394 0.041062556 -0.996174455 -5.881418705 0.027438564 0.998860478 0.039048582 0.115044430 0.996642709 -0.024321446 -0.078177191 0.000237882
-0.075970359 0.037130367 -0.996418476 -5.955118656 0.026554918 0.999027252 0.035202947 0.117071725 0.996756434 -0.023785429 -0.076882452 -0.004563630
-0.075283147 0.035527218 -0.996529162 -6.026984215 0.027476709 0.999059558 0.033541698 0.118290022 0.996783614 -0.024856215 -0.076188520 -0.009565055
-0.073388360 0.034678806 -0.996700287 -6.100106716 0.027392704 0.999088228 0.032744929 0.119721510 0.996927202 -0.024899218 -0.074271388 -0.015928596
-0.072323851 0.037085261 -0.996691525 -6.172165871 0.028001279 0.998990059 0.035138912 0.120212004 0.996988118 -0.025367251 -0.073289245 -0.021885216
-0.073115192 0.039454613 -0.996542752 -6.244667530 0.027719816 0.998911560 0.037514616 0.121785417 0.996938229 -0.024881091 -0.074129269 -0.026665300
-0.074030444 0.041084014 -0.996409357 -6.317203045 0.025699791 0.998897851 0.039277196 0.123320974 0.996924818 -0.022699805 -0.075004689 -0.031990796
-0.074007377 0.041686084 -0.996386051 -6.388073921 0.021792524 0.998955011 0.040174905 0.124958724 0.997019649 -0.018740527 -0.074838474 -0.039083362
-0.075056404 0.040822614 -0.996343255 -6.459674835 0.016943455 0.999069691 0.039657936 0.126552552 0.997035384 -0.013904921 -0.075678244 -0.044186920
-0.074059322 0.040765066 -0.996420324 -6.530067444 0.012653883 0.999122262 0.039935093 0.127363041 0.997173488 -0.009651021 -0.074510127 -0.051822245
-0.076115921 0.039969888 -0.996297538 -6.603364468 0.009722303 0.999178469 0.039342687 0.129150718 0.997051597 -0.006691701 -0.076441988 -0.057240129
-0.075781450 0.038707115 -0.996372938 -6.673850536 0.010235771 0.999223769 0.038039368 0.130189091 0.997071981 -0.007315966 -0.076118827 -0.064413339
-0.078121990 0.036734588 -0.996266782 -6.746323109 0.007326358 0.999315023 0.036272496 0.131814241 0.996916890 -0.004465328 -0.078337595 -0.068453759
-0.078719802 0.036540557 -0.996226966 -6.817592621 0.008921395 0.999313891 0.035948832 0.132587239 0.996856868 -0.006057850 -0.078991778 -0.073869795
-0.078947611 0.041050296 -0.996033192 -6.889459610 0.012419662 0.999114871 0.040192895 0.134809479 0.996801376 -0.009197265 -0.079387538 -0.080289572
-0.079573117 0.046120282 -0.995761514 -6.960933208 0.014374151 0.998878360 0.045115978 0.136767566 0.996725500 -0.010723208 -0.080146790 -0.086285383
-0.081219949 0.047134217 -0.995581090 -7.033274174 0.017365601 0.998796463 0.045869742 0.138493657 0.996545017 -0.013563324 -0.081940725 -0.091652691
-0.082650304 0.042675916 -0.995664537 -7.104612350 0.019279957 0.998964131 0.041216914 0.140455008 0.996392071 -0.015789775 -0.083387502 -0.097027451
-0.082991593 0.039438453 -0.995769501 -7.175195694 0.020263914 0.999076724 0.037880551 0.141735315 0.996344209 -0.017034423 -0.083714142 -0.103605419
-0.083258994 0.038016379 -0.995802522 -7.246675491 0.019128261 0.999148905 0.036544811 0.142935157 0.996344328 -0.016005287 -0.083915308 -0.109970719
-0.084039047 0.037454009 -0.995758235 -7.316683769 0.020137614 0.999153137 0.035882138 0.144987509 0.996258974 -0.017036695 -0.084722117 -0.116056263
-0.084609732 0.037618432 -0.995703757 -7.386845589 0.020438496 0.999142349 0.036011584 0.145415425 0.996204555 -0.017303756 -0.085306019 -0.122096539
-0.084735364 0.035565507 -0.995768487 -7.456472874 0.022741424 0.999171495 0.033751849 0.146429241 0.996143937 -0.019785222 -0.085473962 -0.127494037
-0.083825946 0.032674495 -0.995944560 -7.529459476 0.025279053 0.999210358 0.030653967 0.147549361 0.996159732 -0.022606937 -0.084585734 -0.135264337
-0.083399966 0.032242887 -0.995994389 -7.598351479 0.027020477 0.999182105 0.030083511 0.148233563 0.996149838 -0.024403278 -0.084202968 -0.140079945
-0.081851169 0.034315389 -0.996053576 -7.668565750 0.028990414 0.999066174 0.032036874 0.149607629 0.996222913 -0.026253756 -0.082769543 -0.148107916
-0.081416003 0.037995655 -0.995955706 -7.740465641 0.030394016 0.998902977 0.035623495 0.150767148 0.996216774 -0.027370775 -0.082481533 -0.153136432
-0.079785079 0.039197844 -0.996041119 -7.810185909 0.030230343 0.998862207 0.036887348 0.152276054 0.996353567 -0.027167605 -0.080879249 -0.160338163
-0.079920210 0.038175408 -0.996069968 -7.880170345 0.028611522 0.998942494 0.035989840 0.152708530 0.996390581 -0.025622766 -0.080927938 -0.164824605
-0.078402199 0.036639418 -0.996248305 -7.948478699 0.027007714 0.999035597 0.034616496 0.153910860 0.996555924 -0.024192378 -0.079316139 -0.170981228
-0.077378049 0.037379287 -0.996300936 -8.016836166 0.026127651 0.999029756 0.035452452 0.155326620 0.996659398 -0.023287760 -0.078279607 -0.176551849
-0.075781189 0.039679077 -0.996334791 -8.085412979 0.026355814 0.998938441 0.037778158 0.155699223 0.996776104 -0.023396339 -0.076746516 -0.183280468
-0.074765310 0.040879086 -0.996362865 -8.153590202 0.025824547 0.998903692 0.039045498 0.157122716 0.996866703 -0.022811376 -0.075739019 -0.188370943
-0.074124664 0.040957965 -0.996407568 -8.223174095 0.027009027 0.998872161 0.039050028 0.158336416 0.996883154 -0.024017427 -0.075147286 -0.192967176
-0.073491365 0.041036341 -0.996451139 -8.291568756 0.027443549 0.998858035 0.039111402 0.159182236 0.996918261 -0.024471810 -0.074533604 -0.197589159
-0.072548397 0.040574312 -0.996539354 -8.357911110 0.026613533 0.998895109 0.038732760 0.160674214 0.997009754 -0.023711428 -0.073548071 -0.203815401
-0.071976475 0.041384175 -0.996547461 -8.424700737 0.024678161 0.998906851 0.039699767 0.162522137 0.997100949 -0.021735508 -0.072919093 -0.208949894
-0.070203111 0.042505339 -0.996626675 -8.489867210 0.022728270 0.998900533 0.041001324 0.162418947 0.997273862 -0.019773183 -0.071091995 -0.214917898
-0.070296556 0.042810824 -0.996607065 -8.554300308 0.023351219 0.998875499 0.041261163 0.164228886 0.997252762 -0.020371474 -0.071217209 -0.218616486
-0.069601737 0.044382565 -0.996587098 -8.617471695 0.022054620 0.998834014 0.042942345 0.165115461 0.997331023 -0.018990485 -0.070499443 -0.223840892
-0.069991231 0.045862764 -0.996492803 -8.678864479 0.020924998 0.998790145 0.044498794 0.166370302 0.997328103 -0.017737085 -0.070866250 -0.228404611
-0.070454605 0.046035226 -0.996452153 -8.740398407 0.021510009 0.998772383 0.044621550 0.167664424 0.997282982 -0.018289899 -0.071358323 -0.233217567
-0.072665222 0.044300515 -0.996372044 -8.799106598 0.021439895 0.998851657 0.042847153 0.169768780 0.997125924 -0.018248614 -0.073531553 -0.238127649
-0.076442108 0.043469451 -0.996125996 -8.853852272 0.021504147 0.998888731 0.041939799 0.170960233 0.996842086 -0.018214876 -0.077291936 -0.241051316
-0.080846936 0.043357223 -0.995783091 -8.911365509 0.019097963 0.998937428 0.041944016 0.172243029 0.996543527 -0.015626380 -0.081589065 -0.245596409
-0.086016588 0.042308111 -0.995394945 -8.965780258 0.016701406 0.999018848 0.041018888 0.173652828 0.996153653 -0.013096190 -0.086638778 -0.250112057
-0.090733424 0.039917950 -0.995074928 -9.018176079 0.016490847 0.999119580 0.038576528 0.176431671 0.995738685 -0.012909444 -0.091311820 -0.255957961
-0.098326162 0.040275000 -0.994338930 -9.069510460 0.018834712 0.999077022 0.038604431 0.174397752 0.994975924 -0.014932266 -0.098993979 -0.259902954
-0.106228523 0.038633179 -0.993590951 -9.119051933 0.020794356 0.999112725 0.036624677 0.175312683 0.994124234 -0.016770499 -0.106937625 -0.267487466
-0.117236510 0.036897704 -0.992418349 -9.167262077 0.022657096 0.999148846 0.034471411 0.175801516 0.992845476 -0.018444011 -0.117972724 -0.273264229
-0.129886582 0.036596186 -0.990853190 -9.214275360 0.022149961 0.999176323 0.034000050 0.176461756 0.991281450 -0.017531214 -0.130590200 -0.278813362
-0.142220199 0.035436653 -0.989200592 -9.259288788 0.023039158 0.999206722 0.032482706 0.178107560 0.989566803 -0.018170653 -0.142923817 -0.286429763
-0.155264184 0.037443172 -0.987163067 -9.302438736 0.024006817 0.999129415 0.034121186 0.177211508 0.987581253 -0.018400846 -0.156027883 -0.296102405
-0.170819581 0.039561220 -0.984507740 -9.344032288 0.025471840 0.999036968 0.035725500 0.177720234 0.984973013 -0.018974613 -0.171662793 -0.302788138
-0.187101886 0.039699782 -0.981537998 -9.383769035 0.024567265 0.999059677 0.035725430 0.178009555 0.982033312 -0.017429410 -0.187901273 -0.312128186
-0.206482619 0.037974771 -0.977713108 -9.423027992 0.022157270 0.999171853 0.034128856 0.178575456 0.978199303 -0.014616440 -0.207153052 -0.321061850
-0.226215750 0.036613587 -0.973388791 -9.460455894 0.019704772 0.999260843 0.033007354 0.179355413 0.973877907 -0.011713621 -0.226770014 -0.330709696
-0.247481406 0.037031725 -0.968184650 -9.497417450 0.020635793 0.999244094 0.032944914 0.179945827 0.968672872 -0.011826007 -0.248058513 -0.341284275
-0.269608170 0.037827376 -0.962226808 -9.533890724 0.020334188 0.999229014 0.033584543 0.180349514 0.962755382 -0.010511437 -0.270169497 -0.352942467
-0.293005645 0.037745681 -0.955365360 -9.567863464 0.019901767 0.999244690 0.033375546 0.181148499 0.955903471 -0.009234236 -0.293535590 -0.363919020
-0.318545520 0.037497479 -0.947165549 -9.601151466 0.019870527 0.999261796 0.032877173 0.180914000 0.947699189 -0.008347804 -0.319055498 -0.377261877
-0.347590983 0.034887850 -0.936996996 -9.634243011 0.019202327 0.999362826 0.030086610 0.181714997 0.937449574 -0.007534687 -0.348039418 -0.390991926
-0.379683703 0.032078460 -0.924560010 -9.663782120 0.021072883 0.999439240 0.026022581 0.182645693 0.924876332 -0.009602794 -0.380146831 -0.404877424
-0.415577322 0.031044558 -0.909027934 -9.694736481 0.022766877 0.999459267 0.023724657 0.182414338 0.909272969 -0.010836298 -0.416059434 -0.420437098
-0.453961074 0.034166642 -0.890366256 -9.723772049 0.027675845 0.999323070 0.024236949 0.182109624 0.890591621 -0.013639006 -0.454599380 -0.437537193
-0.497575104 0.038586471 -0.866562188 -9.751750946 0.031655114 0.999152422 0.026314277 0.182079941 0.866843104 -0.014337793 -0.498374820 -0.455021858
-0.542012095 0.038880304 -0.839470804 -9.777412415 0.030732635 0.999177992 0.026434373 0.183002874 0.839808583 -0.011471396 -0.542761445 -0.473505974
-0.585452139 0.037045311 -0.809860170 -9.802916527 0.027698120 0.999286294 0.025687087 0.182467058 0.810233653 -0.007393042 -0.586060405 -0.493731022
-0.627458990 0.034208331 -0.777897835 -9.826132774 0.026185809 0.999396384 0.022827113 0.182555079 0.778209269 -0.006046806 -0.627976060 -0.515319347
-0.668385863 0.033679601 -0.743051827 -9.850030899 0.028979912 0.999395013 0.019230772 0.182700127 0.743250072 -0.008680001 -0.668957531 -0.537718296
-0.705540419 0.036510255 -0.707728565 -9.871229172 0.033498980 0.999273956 0.018155063 0.181964949 0.707877457 -0.010899055 -0.706251204 -0.562271595
-0.741428256 0.034631424 -0.670137942 -9.891497612 0.030227542 0.999377310 0.018202674 0.182622552 0.670351088 -0.006760651 -0.742013335 -0.588164330
-0.775257528 0.028964309 -0.630980790 -9.910283089 0.022257881 0.999580383 0.018537108 0.183486044 0.631252944 0.000326738 -0.775576890 -0.615530491
-0.807154298 0.027236497 -0.589711964 -9.926173210 0.018141763 0.999607682 0.021336878 0.183381513 0.590061843 0.006523738 -0.807331800 -0.642587185
-0.837002516 0.032670800 -0.546222746 -9.944047928 0.020007938 0.999375761 0.029115789 0.181763008 0.546833038 0.013441199 -0.837133706 -0.672086716
-0.863831639 0.035594676 -0.502521574 -9.958348274 0.021882819 0.999210477 0.033159778 0.183993235 0.503305137 0.017647875 -0.863928556 -0.700844288
-0.888512015 0.035657588 -0.457465917 -9.972105980 0.020327628 0.999055982 0.038391024 0.184299439 0.458403021 0.024811685 -0.888398051 -0.732342482
-0.910270631 0.028201036 -0.413052469 -9.980711937 0.010673591 0.998944223 0.044680543 0.184248984 0.413876504 0.036262624 -0.909610510 -0.763355255
-0.929732859 0.025042683 -0.367382348 -9.990613937 0.008725930 0.998902917 0.046007749 0.185090691 0.368131429 0.039569154 -0.928931415 -0.796186686
-0.946858585 0.024218446 -0.320737243 -9.999163628 0.010678493 0.998978555 0.043907240 0.185469344 0.321472973 0.038148951 -0.946149945 -0.827087641
-0.960179865 0.023841145 -0.278363496 -10.006649971 0.013099105 0.999098241 0.040386606 0.187026396 0.279075354 0.035132088 -0.959626317 -0.860588551
-0.970478475 0.023330694 -0.240056783 -10.012988091 0.014236576 0.999116302 0.039548088 0.187577605 0.240767360 0.034962974 -0.969952881 -0.895053148
-0.979006708 0.017565846 -0.203069806 -10.017988205 0.010020410 0.999222696 0.038125526 0.188982517 0.203581691 0.035290305 -0.978421688 -0.930034518
-0.985280216 0.011526678 -0.170557648 -10.021492004 0.005253418 0.999294519 0.037186608 0.189643607 0.170865983 0.035743218 -0.984645784 -0.966230631
-0.989858985 0.010170481 -0.141688988 -10.025783539 0.005126107 0.999341488 0.035921361 0.190849334 0.141961038 0.034830760 -0.989259243 -1.002232909
-0.992642105 0.008901653 -0.120757759 -10.028175354 0.004569119 0.999337435 0.036107462 0.191864043 0.120999172 0.035290021 -0.992025077 -1.038671017
-0.995053113 0.008880540 -0.098946273 -10.031643867 0.005184667 0.999281347 0.037547048 0.192223936 0.099208586 0.036848303 -0.994384170 -1.078016281
