0.999622941 0.001544582 -0.027415942 -0.002091903 -0.001595157 0.999997079 -0.001822917 -0.000626972 0.027413052 0.001865963 0.999622464 0.035578921
0.999379814 0.003913378 -0.034998666 -0.002785263 -0.003968923 0.999991000 -0.001517723 -0.000612935 0.034992415 0.001655689 0.999386191 0.041592665
0.999098659 0.005076826 -0.042143498 -0.004202392 -0.005093275 0.999987006 -0.000282943 -0.000835753 0.042141516 0.000497337 0.999111533 0.047537725
0.998809099 0.006525805 -0.048350859 -0.004835964 -0.006505198 0.999978662 0.000583556 -0.001191784 0.048353635 -0.000268329 0.998830259 0.051339421
0.998548150 0.007185938 -0.053385384 -0.005006561 -0.007161723 0.999974251 0.000644831 -0.001052197 0.053388633 -0.000261563 0.998573720 0.054974016
0.998333097 0.007188028 -0.057267319 -0.005649691 -0.007160234 0.999974132 0.000690503 -0.001752643 0.057270795 -0.000279305 0.998358607 0.057430521
0.998138905 0.007368391 -0.060534313 -0.005903715 -0.007438330 0.999971926 -0.000930089 -0.000536085 0.060525753 0.001378632 0.998165786 0.059662938
0.998006880 0.007072358 -0.062707886 -0.006097048 -0.007110569 0.999974668 -0.000386193 -0.001031612 0.062703572 0.000831312 0.998031795 0.061014310
0.997887194 0.007565879 -0.064529270 -0.006426445 -0.007644672 0.999970317 -0.000974218 -0.000941153 0.064519987 0.001465465 0.997915328 0.061916966
0.997842968 0.007748348 -0.065187283 -0.006443442 -0.007804848 0.999969304 -0.000612105 -0.001002484 0.065180540 0.001119561 0.997872889 0.062271744
0.997876763 0.007875515 -0.064652137 -0.006762911 -0.007947946 0.999967992 -0.000863174 -0.000794319 0.064643256 0.001375193 0.997907519 0.062089421
0.997846782 0.007033897 -0.065212049 -0.006387155 -0.007150615 0.999973238 -0.001556581 -0.000875022 0.065199353 0.002019535 0.997870147 0.062063292
0.997841716 0.006491411 -0.065344743 -0.006428747 -0.006696058 0.999973476 -0.002913295 -0.000954969 0.065324098 0.003344559 0.997858405 0.062023006
0.997860134 0.006688470 -0.065041944 -0.006360547 -0.006918713 0.999970555 -0.003315305 -0.000995686 0.065017864 0.003758218 0.997876942 0.061892048
0.997841775 0.007200893 -0.065269276 -0.006275564 -0.007377379 0.999969721 -0.002463347 -0.001261557 0.065249562 0.002939547 0.997864544 0.061897673
0.997853935 0.007023144 -0.065101556 -0.006582638 -0.007209288 0.999970555 -0.002624808 -0.001495973 0.065081224 0.003088512 0.997875214 0.061566938
0.997868955 0.006834712 -0.064890929 -0.006623764 -0.007023014 0.999971688 -0.002674146 -0.001496293 0.064870812 0.003124178 0.997888803 0.061614405
0.997862935 0.007001803 -0.064966090 -0.006776753 -0.007181677 0.999970973 -0.002535617 -0.001251147 0.064946458 0.002996763 0.997884214 0.061866295
0.997859716 0.006988974 -0.065016292 -0.006726678 -0.007210076 0.999968946 -0.003166705 -0.001031743 0.064992152 0.003628701 0.997879148 0.061824150
0.997843385 0.006981996 -0.065267436 -0.006558981 -0.007187714 0.999969840 -0.002917632 -0.001166874 0.065245092 0.003380463 0.997863591 0.061941516
0.997837901 0.006943936 -0.065354899 -0.006483085 -0.007148599 0.999970198 -0.002898223 -0.001043310 0.065332845 0.003359154 0.997857869 0.062080458
0.997840106 0.007172901 -0.065296590 -0.006551231 -0.007394522 0.999967635 -0.003153021 -0.000892324 0.065271854 0.003629048 0.997860849 0.062024426
0.997826993 0.006946227 -0.065520026 -0.006586428 -0.007164662 0.999969542 -0.003099497 -0.000930607 0.065496489 0.003562192 0.997846425 0.061987523
0.997810483 0.006886427 -0.065777197 -0.006559682 -0.007105832 0.999969959 -0.003102211 -0.000978811 0.065753847 0.003562821 0.997829497 0.061795820
0.997835457 0.006723033 -0.065414928 -0.007079349 -0.006919954 0.999972224 -0.002784220 -0.001240259 0.065394387 0.003230862 0.997854233 0.061752453
0.997778058 0.006701547 -0.066287197 -0.006076429 -0.006929270 0.999970794 -0.003206084 -0.000862269 0.066263787 0.003658282 0.997795403 0.061883770
0.997780025 0.006770859 -0.066251136 -0.006242231 -0.007001862 0.999970138 -0.003255200 -0.000902271 0.066227123 0.003711854 0.997797728 0.061851081
0.997779250 0.006601973 -0.066281125 -0.006445433 -0.006809429 0.999972582 -0.002904497 -0.001148648 0.066260152 0.003349383 0.997796774 0.061837811
0.997759581 0.006515132 -0.066583596 -0.006268506 -0.006740682 0.999972403 -0.003163379 -0.000866659 0.066561148 0.003605110 0.997775912 0.061908059
0.997744143 0.006244172 -0.066839516 -0.006405677 -0.006476289 0.999973714 -0.003256632 -0.000919781 0.066817418 0.003682158 0.997758448 0.061754875
0.997718930 0.006143401 -0.067223638 -0.006430973 -0.006390766 0.999973536 -0.003465294 -0.000759708 0.067200571 0.003887000 0.997731924 0.061895926
0.997681081 0.005937796 -0.067802876 -0.006284078 -0.006188837 0.999974787 -0.003493060 -0.000801300 0.067780435 0.003904580 0.997692585 0.061805401
0.997666359 0.005898929 -0.068022504 -0.006505577 -0.006147136 0.999975204 -0.003440140 -0.000832832 0.068000525 0.003850255 0.997677863 0.061877169
0.997645915 0.005617129 -0.068345837 -0.006440242 -0.005851793 0.999977648 -0.003233759 -0.000936713 0.068326153 0.003626091 0.997656465 0.061705675
0.997635484 0.005663021 -0.068493687 -0.006265678 -0.005888298 0.999977827 -0.003087564 -0.001073857 0.068474688 0.003483574 0.997646749 0.061741658
0.997632504 0.005657731 -0.068537675 -0.006213084 -0.005860704 0.999979019 -0.002760758 -0.001315122 0.068520613 0.003155900 0.997644663 0.061712444
0.997609794 0.005647319 -0.068867281 -0.006192296 -0.005855127 0.999978900 -0.002816040 -0.001235209 0.068849914 0.003212536 0.997621834 0.061754450
0.997609556 0.005612187 -0.068874307 -0.006381271 -0.005838733 0.999978185 -0.003088414 -0.000958068 0.068855472 0.003483170 0.997620583 0.061739162
0.997622788 0.005338918 -0.068704575 -0.006830030 -0.005562823 0.999979854 -0.003068053 -0.001008089 0.068686821 0.003442951 0.997632384 0.061572425
0.997569084 0.005246261 -0.069486782 -0.006160943 -0.005456686 0.999981046 -0.002838791 -0.001225895 0.069470584 0.003211057 0.997578919 0.061843019
0.997590959 0.005265562 -0.069170870 -0.006564043 -0.005444270 0.999982238 -0.002395306 -0.001573255 0.069157042 0.002766121 0.997601867 0.061704356
0.997564077 0.005350885 -0.069551319 -0.006337448 -0.005542812 0.999981344 -0.002566815 -0.001444904 0.069536276 0.002946072 0.997575045 0.061787318
0.997557998 0.005263231 -0.069644555 -0.006307718 -0.005456694 0.999981761 -0.002587901 -0.001418278 0.069629647 0.002961610 0.997568488 0.061692506
0.997552574 0.005233824 -0.069724858 -0.006298927 -0.005436090 0.999981582 -0.002711475 -0.001286221 0.069709368 0.003083869 0.997562587 0.061860468
0.997537851 0.005317932 -0.069928296 -0.006266832 -0.005528036 0.999980748 -0.002811394 -0.001186355 0.069912016 0.003191038 0.997548044 0.061838411
0.997512341 0.005223274 -0.070297919 -0.006014977 -0.005423539 0.999981701 -0.002658242 -0.001305037 0.070282750 0.003032892 0.997522533 0.061729930
0.997524738 0.005037725 -0.070135288 -0.006472373 -0.005254077 0.999981999 -0.002900664 -0.001014943 0.070119418 0.003261979 0.997533262 0.061886676
0.997510076 0.005006357 -0.070345297 -0.006431629 -0.005235355 0.999981642 -0.003071366 -0.000895075 0.070328631 0.003432002 0.997518003 0.061935984
0.997522652 0.004875541 -0.070176788 -0.006570264 -0.005091887 0.999982774 -0.002904330 -0.000996774 0.070161439 0.003254468 0.997530341 0.061856836
0.997498751 0.004771379 -0.070523530 -0.006392955 -0.004988530 0.999983311 -0.002903328 -0.001015689 0.070508502 0.003247874 0.997505903 0.061863892
0.997507811 0.004923905 -0.070384473 -0.006454989 -0.005126879 0.999983251 -0.002703431 -0.001199508 0.070369989 0.003057546 0.997516274 0.061819285
0.997518718 0.004925771 -0.070229538 -0.006744877 -0.005135707 0.999982893 -0.002809057 -0.001058212 0.070214488 0.003162766 0.997526824 0.061848231
0.997507930 0.004916448 -0.070383035 -0.006529354 -0.005122517 0.999983132 -0.002747627 -0.001185317 0.070368342 0.003101318 0.997516274 0.061808545
0.997478247 0.004987853 -0.070798136 -0.005916994 -0.005180897 0.999983311 -0.002543291 -0.001292048 0.070784271 0.002903675 0.997487366 0.061954893
0.997487009 0.004916174 -0.070678793 -0.006357153 -0.005121051 0.999983191 -0.002717796 -0.001175482 0.070664249 0.003072916 0.997495413 0.061838750
0.997500122 0.004958155 -0.070490785 -0.006374292 -0.005168995 0.999982715 -0.002808941 -0.001075635 0.070475653 0.003166285 0.997508466 0.061800424
0.997497380 0.004908923 -0.070533358 -0.006377371 -0.005110693 0.999983370 -0.002680463 -0.001174711 0.070519030 0.003034229 0.997505844 0.061782479
0.997502685 0.004894868 -0.070458688 -0.006377656 -0.005098663 0.999983311 -0.002712876 -0.001169131 0.070444234 0.003065346 0.997511029 0.061835982
0.997503579 0.004824384 -0.070451036 -0.006478689 -0.005023513 0.999983847 -0.002649578 -0.001223616 0.070437126 0.002996875 0.997511744 0.061766863
0.997503042 0.004832163 -0.070457920 -0.006459816 -0.005031216 0.999983847 -0.002647951 -0.001216835 0.070443988 0.002995828 0.997511268 0.061793402
0.997499824 0.004849162 -0.070502266 -0.006389520 -0.005066162 0.999982953 -0.002899417 -0.001038151 0.070487007 0.003249343 0.997507393 0.061803926
0.997501969 0.004876811 -0.070470713 -0.006472347 -0.005077603 0.999983549 -0.002670435 -0.001211873 0.070456535 0.003021586 0.997510314 0.061780915
0.997443318 0.004864457 -0.071297869 -0.006423165 -0.005078247 0.999983132 -0.002817583 -0.001158328 0.071282975 0.003172447 0.997451007 0.061789528
0.997271955 0.005152196 -0.073634967 -0.006640151 -0.005408913 0.999979973 -0.003287357 -0.001108833 0.073616557 0.003676674 0.997279823 0.061953265
0.997134864 0.005637297 -0.075434789 -0.006910269 -0.005925629 0.999976039 -0.003599002 -0.001135182 0.075412683 0.004035688 0.997144222 0.062470932
0.996903956 0.006214680 -0.078383110 -0.007339470 -0.006486929 0.999973714 -0.003219152 -0.001558019 0.078361049 0.003717651 0.996918142 0.063047253
0.996468067 0.005874418 -0.083767563 -0.007322750 -0.006175354 0.999975383 -0.003333861 -0.001340073 0.083745927 0.003839380 0.996479809 0.064093396
0.996061146 0.006247435 -0.088447116 -0.008095603 -0.006582550 0.999972224 -0.003497703 -0.001189044 0.088422805 0.004066133 0.996074855 0.064641550
0.995479643 0.006996567 -0.094716184 -0.008749123 -0.007349531 0.999967277 -0.003378209 -0.001179782 0.094689436 0.004059058 0.995498538 0.066173680
0.994710326 0.007356632 -0.102456264 -0.008857866 -0.007684479 0.999966562 -0.002805531 -0.001518537 0.102432199 0.003578013 0.994733572 0.067348644
0.993733466 0.007575178 -0.111519389 -0.009565352 -0.007923532 0.999964952 -0.002680847 -0.001689101 0.111495182 0.003547674 0.993758619 0.069054045
0.992603898 0.007854585 -0.121143468 -0.010743354 -0.008210853 0.999963284 -0.002441976 -0.001546057 0.121119820 0.003418607 0.992632031 0.071231224
0.991131067 0.008364721 -0.132624090 -0.010552081 -0.008691102 0.999960482 -0.001882245 -0.001646894 0.132603124 0.003018202 0.991164625 0.073829927
0.989551008 0.008787868 -0.143915296 -0.012190928 -0.009117915 0.999957025 -0.001633961 -0.001735086 0.143894777 0.002929095 0.989588797 0.076092482
0.987601340 0.008818628 -0.156735301 -0.013602286 -0.009103051 0.999957919 -0.001096920 -0.002075638 0.156719059 0.002510089 0.987640142 0.078250833
0.985182643 0.009455791 -0.171247631 -0.014381120 -0.009964791 0.999948084 -0.002112951 -0.001751648 0.171218753 0.003788088 0.985225856 0.081359655
0.982169271 0.009782529 -0.187743977 -0.015426214 -0.010587506 0.999938548 -0.003285295 -0.002138007 0.187700287 0.005214456 0.982212543 0.084996387
0.978900611 0.010942512 -0.204043716 -0.017829422 -0.012280652 0.999910593 -0.005293005 -0.001753046 0.203967556 0.007687116 0.978947461 0.088170677
0.975068867 0.012773318 -0.221534446 -0.020115087 -0.014366010 0.999881148 -0.005579480 -0.001902621 0.221436873 0.008622942 0.975136638 0.093218781
0.970765531 0.013388040 -0.239656270 -0.022644930 -0.014854238 0.999880373 -0.004312609 -0.001865019 0.239569873 0.007746443 0.970848262 0.099235758
0.965954721 0.012584659 -0.258404911 -0.025082631 -0.013791741 0.999900758 -0.002859025 -0.001630585 0.258343250 0.006325541 0.966032624 0.106126018
0.960332334 0.011979650 -0.278600544 -0.028593473 -0.012600878 0.999920487 -0.000439099 -0.002104834 0.278573096 0.003932293 0.960407019 0.113557592
0.953574121 0.013505318 -0.300855726 -0.032378059 -0.013748063 0.999904633 0.001310390 -0.001848015 0.300844699 0.002886629 0.953668773 0.121675156
0.946148217 0.016202683 -0.323327899 -0.037372068 -0.015413430 0.999868691 0.005001623 -0.001963584 0.323366463 0.000251315 0.946273744 0.130592465
0.937558830 0.016458957 -0.347437054 -0.041562349 -0.014807979 0.999862909 0.007406664 -0.001736505 0.347511292 -0.001799344 0.937674046 0.139684007
0.927974820 0.015805218 -0.372307539 -0.046616871 -0.013414504 0.999869406 0.009010923 -0.001656950 0.372401327 -0.003367588 0.928065717 0.149643660
0.917295098 0.015739340 -0.397896945 -0.052445322 -0.011787118 0.999853849 0.012377019 -0.001809647 0.398033649 -0.006663321 0.917346597 0.159326956
0.904291153 0.016250446 -0.426606745 -0.058310054 -0.010548970 0.999820709 0.015724532 -0.001482714 0.426785827 -0.009719294 0.904300511 0.169825181
0.889365852 0.016655333 -0.456892818 -0.065596290 -0.009454990 0.999792516 0.018041287 -0.001481674 0.457098573 -0.011725387 0.889338732 0.180387914
0.871623814 0.016847320 -0.489885718 -0.074088424 -0.008952353 0.999789596 0.018454693 -0.001581991 0.490093529 -0.011699920 0.871591330 0.191281065
0.850524843 0.018299924 -0.525616407 -0.083643205 -0.010536640 0.999786735 0.017758861 -0.001365863 0.525829434 -0.009566120 0.850536346 0.203040004
0.825925171 0.020729473 -0.563398480 -0.094092727 -0.013390688 0.999763191 0.017154571 -0.001367830 0.563620687 -0.006624099 0.826007187 0.215016603
0.797433197 0.020885544 -0.603045642 -0.106621608 -0.013457905 0.999767780 0.016829422 -0.001112392 0.603257120 -0.005304608 0.797529101 0.228134185
0.765297174 0.017778460 -0.643431604 -0.121730730 -0.009988377 0.999826193 0.015745720 -0.000835313 0.643599689 -0.005623315 0.765341699 0.242378384
0.729189038 0.014554199 -0.684157491 -0.136589408 -0.006899844 0.999879360 0.013916611 -0.000802199 0.684277475 -0.005427262 0.729201496 0.256647438
0.692063689 0.013229184 -0.721715033 -0.155022338 -0.006317984 0.999904692 0.012270045 -0.000366641 0.721808612 -0.003931869 0.692081511 0.271607190
0.652887642 0.014089292 -0.757323563 -0.175654322 -0.006162976 0.999892712 0.013288967 -0.000123424 0.757429600 -0.004008837 0.652904451 0.287203312
0.612282813 0.013810976 -0.790518224 -0.199178100 -0.004298409 0.999890745 0.014139620 0.000603657 0.790627182 -0.005259474 0.612275302 0.302233368
0.569552243 0.015093484 -0.821816564 -0.224765226 -0.002105813 0.999854863 0.016903924 0.001228746 0.821952522 -0.007897077 0.569501400 0.317117304
0.524990082 0.018870812 -0.850899160 -0.252928704 -0.001786947 0.999776363 0.021070022 0.001670943 0.851106524 -0.009541041 0.524906397 0.331586659
0.478408605 0.023357239 -0.877826691 -0.283815533 0.000231571 0.999642789 0.026724732 0.002859164 0.878137350 -0.012988621 0.478232265 0.346604764
0.429321647 0.026531516 -0.902761877 -0.316890448 0.006929948 0.999442220 0.032668520 0.003311854 0.903124988 -0.020281397 0.428898364 0.361169279
0.378885478 0.030022714 -0.924956441 -0.350810468 0.011820587 0.999235094 0.037275705 0.004226157 0.925368071 -0.025056750 0.378240794 0.373300195
0.328048140 0.034323737 -0.944037318 -0.388406545 0.013737151 0.999060631 0.041097902 0.005945244 0.944561124 -0.026450466 0.327268481 0.385279745
0.278715461 0.038807496 -0.959589362 -0.428146124 0.017373074 0.998816013 0.045439951 0.006212234 0.960216582 -0.029335830 0.277711242 0.394802123
0.229906499 0.040740799 -0.972359598 -0.471483886 0.021486981 0.998667359 0.046923485 0.008367924 0.972975492 -0.031681083 0.228724688 0.404008448
0.184680983 0.040213428 -0.981975555 -0.515102625 0.025624495 0.998625875 0.045714512 0.010247407 0.982464373 -0.033605225 0.183396757 0.410528541
0.144882068 0.039563026 -0.988657653 -0.559619129 0.027490940 0.998653531 0.043991670 0.011769106 0.989066899 -0.033552732 0.143599391 0.415410966
0.110207759 0.038944058 -0.993145347 -0.606522977 0.027022043 0.998745382 0.042162243 0.013780764 0.993541121 -0.031483423 0.109017119 0.420082688
0.082044795 0.036701452 -0.995952666 -0.655437410 0.026698906 0.998882055 0.039008822 0.015569043 0.996270955 -0.029791318 0.080973193 0.423903406
0.062026609 0.035717372 -0.997435212 -0.706231177 0.028093897 0.998901010 0.037516896 0.016158558 0.997679114 -0.030348884 0.060954992 0.424305916
0.045141820 0.034133665 -0.998397291 -0.759129345 0.029146593 0.998945653 0.035470251 0.019008942 0.998555303 -0.030701069 0.044099338 0.425607085
0.030011911 0.032642107 -0.999016404 -0.812621295 0.030865546 0.998959780 0.033567496 0.020814771 0.999072790 -0.031842615 0.028973173 0.427680999
0.016419234 0.032250516 -0.999344945 -0.867995143 0.033753868 0.998892069 0.032790482 0.020119876 0.999295235 -0.034270152 0.015312460 0.427426636
0.001638125 0.027973525 -0.999607325 -0.925197780 0.035479393 0.998977661 0.028014045 0.022283832 0.999369025 -0.035511348 0.000643966 0.427054346
-0.012617712 0.025816483 -0.999587059 -0.980586588 0.036109950 0.999026358 0.025346184 0.022951491 0.999268174 -0.035775218 -0.013537660 0.425467253
-0.024932470 0.024846746 -0.999380350 -1.039282799 0.032548409 0.999181271 0.024029780 0.024563819 0.999159098 -0.031929109 -0.025720781 0.422999382
-0.034698866 0.025505750 -0.999072254 -1.099885821 0.029001031 0.999278903 0.024503790 0.025093876 0.998976946 -0.028123870 -0.035413537 0.420323014
-0.040885068 0.025220152 -0.998845518 -1.161756992 0.024921212 0.999396026 0.024213972 0.026194841 0.998853028 -0.023902448 -0.041488897 0.417800128
-0.042389911 0.024926230 -0.998790145 -1.225038052 0.022544695 0.999458015 0.023986075 0.026792834 0.998846710 -0.021500653 -0.042928897 0.413228840
-0.042867739 0.025482586 -0.998755753 -1.290074110 0.021526380 0.999466121 0.024576774 0.028472504 0.998848796 -0.020446045 -0.043393400 0.409201324
-0.045427911 0.026786411 -0.998608470 -1.356168151 0.022058425 0.999423683 0.025804812 0.029298190 0.998724103 -0.020855470 -0.045992598 0.408226609
-0.047183495 0.027036795 -0.998520195 -1.423134446 0.023459194 0.999387920 0.025951754 0.031056991 0.998610735 -0.022199985 -0.047788870 0.402436286
-0.051504418 0.027182627 -0.998302758 -1.492121816 0.025218707 0.999346077 0.025909955 0.031813581 0.998354197 -0.023841428 -0.052156255 0.399063289
-0.056143578 0.026485469 -0.998071313 -1.561427593 0.023997840 0.999395013 0.025170669 0.033886407 0.998134255 -0.022538386 -0.056745205 0.394157439
-0.061344039 0.026146682 -0.997774124 -1.633646727 0.023491859 0.999417722 0.024745449 0.034772273 0.997840226 -0.021921583 -0.061922554 0.391038537
-0.065467536 0.027344640 -0.997479916 -1.704165459 0.023625443 0.999386847 0.025846299 0.035122905 0.997574925 -0.021873817 -0.066073403 0.383751512
-0.070859186 0.028711749 -0.997072995 -1.776811600 0.024668271 0.999330342 0.027023647 0.037399206 0.997181237 -0.022681192 -0.071520008 0.378829837
-0.074963488 0.033411991 -0.996626377 -1.850814342 0.026340857 0.999156058 0.031515509 0.038240653 0.996838331 -0.023889478 -0.075780325 0.372049630
-0.079347320 0.035912968 -0.996199965 -1.926203847 0.027529664 0.999048591 0.033822924 0.039556704 0.996466875 -0.024741292 -0.080260493 0.365742445
-0.080704302 0.035437658 -0.996108055 -2.001883745 0.027301747 0.999071419 0.033331115 0.041250058 0.996364117 -0.024505530 -0.081596881 0.358552635
-0.080198504 0.032430019 -0.996251225 -2.078194857 0.025363700 0.999213398 0.030484663 0.043876626 0.996456206 -0.022823798 -0.080957964 0.351115495
-0.079538777 0.033089638 -0.996282399 -2.156102896 0.025299722 0.999193966 0.031166522 0.044764176 0.996510684 -0.022726718 -0.080311812 0.344921827
-0.078406088 0.035172127 -0.996300876 -2.233834505 0.026188076 0.999105275 0.033210203 0.046343390 0.996577442 -0.023487322 -0.079257041 0.338252068
-0.077566832 0.036766995 -0.996308982 -2.313224554 0.027550219 0.999017179 0.034722034 0.048378401 0.996606410 -0.024755249 -0.078503534 0.331511140
-0.077133261 0.038464058 -0.996278584 -2.391231537 0.028853312 0.998923123 0.036332294 0.049975462 0.996603191 -0.025943507 -0.078160018 0.325646132
-0.076253094 0.039006937 -0.996325135 -2.468757629 0.028629191 0.998908103 0.036916945 0.050884377 0.996677399 -0.025708957 -0.077286571 0.318613797
-0.075670578 0.039264899 -0.996359408 -2.546008825 0.029401314 0.998877764 0.037131194 0.051978346 0.996699393 -0.026484538 -0.076740108 0.312105775
-0.074844874 0.037557699 -0.996487677 -2.622974634 0.028703004 0.998957455 0.035494957 0.053401195 0.996782005 -0.025945570 -0.075844869 0.305550545
-0.074590527 0.035266586 -0.996590436 -2.700382233 0.028261051 0.999047816 0.033238325 0.054743588 0.996813655 -0.025685430 -0.075516157 0.299167693
-0.073746376 0.034798332 -0.996669710 -2.778126478 0.027823851 0.999073744 0.032823510 0.056270029 0.996888816 -0.025310576 -0.074646316 0.293233246
-0.073997535 0.037124176 -0.996567190 -2.854020834 0.027181435 0.999010682 0.035196912 0.057801470 0.996887922 -0.024483645 -0.074933417 0.287952483
-0.073567159 0.039937325 -0.996490359 -2.931594133 0.026813705 0.998915732 0.038054988 0.058053829 0.996929765 -0.023919998 -0.074558266 0.282042563
-0.072626166 0.037034046 -0.996671438 -3.009129047 0.026861969 0.999020457 0.035163935 0.060761597 0.996997356 -0.024218740 -0.073549859 0.275374234
-0.072385788 0.035464618 -0.996746004 -3.085193872 0.028246447 0.999039650 0.033494908 0.061294112 0.996976614 -0.025729977 -0.073318034 0.269781262
-0.072019301 0.034178678 -0.996817470 -3.160576105 0.027862318 0.999091625 0.032243628 0.062225014 0.997013927 -0.025451483 -0.072906174 0.263233334
-0.073717594 0.035338137 -0.996652842 -3.236183405 0.025743218 0.999106407 0.033521026 0.064518332 0.996946812 -0.023185961 -0.074561439 0.259077132
-0.071223117 0.039917633 -0.996661365 -3.313781500 0.025016055 0.998956084 0.038221851 0.064681008 0.997146666 -0.022210255 -0.072147347 0.250643164
-0.072154440 0.041246731 -0.996540248 -3.389535189 0.023313979 0.998941362 0.039658058 0.066972993 0.997120976 -0.020371817 -0.073039673 0.245728776
-0.070466019 0.039987475 -0.996712387 -3.465698719 0.020640155 0.999040723 0.038621668 0.068563640 0.997300625 -0.017850783 -0.071223773 0.238808230
-0.071961865 0.038343582 -0.996670127 -3.537376165 0.019971581 0.999115884 0.036995687 0.070199922 0.997207344 -0.017242802 -0.072664015 0.232903391
-0.070708416 0.039083950 -0.996731043 -3.614877939 0.020481303 0.999078333 0.037723035 0.069797188 0.997286856 -0.017747013 -0.071443729 0.227664769
-0.070237607 0.041548960 -0.996664643 -3.690083504 0.020337371 0.998984098 0.040212430 0.069359273 0.997322977 -0.017445115 -0.071011268 0.221023321
-0.069780946 0.041031722 -0.996718109 -3.765909433 0.020512689 0.999001622 0.039689612 0.072752528 0.997351408 -0.017675791 -0.070552960 0.215394884
-0.068664491 0.040334836 -0.996824086 -3.840864420 0.021020934 0.999019027 0.038975660 0.074544065 0.997418225 -0.018277928 -0.069445021 0.208415210
-0.068847075 0.039519452 -0.996844113 -3.915603876 0.023657380 0.998998761 0.037970971 0.074388854 0.997346640 -0.020968532 -0.069713086 0.202927023
-0.070555910 0.038228873 -0.996775150 -3.987804890 0.027012806 0.998972118 0.036401059 0.076023251 0.997142017 -0.024357377 -0.071516067 0.199695915
-0.070243493 0.037848886 -0.996811569 -4.061302185 0.029751824 0.998914897 0.035832189 0.078202069 0.997086048 -0.027139980 -0.071293332 0.192405492
-0.074145094 0.039947316 -0.996446967 -4.135066032 0.029756723 0.998841107 0.037829105 0.078813687 0.996803463 -0.026846154 -0.075247861 0.187561244
-0.078146167 0.041633490 -0.996072114 -4.208336353 0.031958148 0.998718739 0.039236844 0.079100460 0.996429563 -0.028766414 -0.079376578 0.182392240
-0.081687272 0.040098514 -0.995850980 -4.281425476 0.028936850 0.998864532 0.037846234 0.082492545 0.996237874 -0.025725240 -0.082754835 0.176064789
-0.084252544 0.041414548 -0.995583415 -4.354479790 0.028497687 0.998827398 0.039137844 0.081069447 0.996036828 -0.025074357 -0.085333966 0.169095337
-0.086536005 0.039598666 -0.995461404 -4.426980019 0.026772691 0.998941302 0.037409734 0.082842052 0.995888948 -0.023413889 -0.087504566 0.161119938
-0.089041129 0.039851669 -0.995230377 -4.499047279 0.027178610 0.998924434 0.037567977 0.083577126 0.995657086 -0.023703882 -0.090028480 0.153955758
-0.090873331 0.041099384 -0.995014012 -4.571848392 0.027059512 0.998881102 0.038787805 0.084808894 0.995494783 -0.023399815 -0.091883779 0.146023810
-0.092855230 0.041008092 -0.994834721 -4.642684460 0.027030526 0.998887062 0.038652170 0.087250158 0.995312631 -0.023301847 -0.093860351 0.140348494
-0.094324537 0.042151328 -0.994648695 -4.713624001 0.025900513 0.998868942 0.039873980 0.087971099 0.995204508 -0.022000818 -0.095309608 0.133013874
-0.095820889 0.043174747 -0.994461775 -4.787141800 0.027716974 0.998787224 0.040691879 0.089810140 0.995012641 -0.023664339 -0.096901365 0.125346541
-0.097305939 0.043346390 -0.994310141 -4.857998848 0.026637239 0.998806536 0.040935624 0.091535106 0.994897962 -0.022502396 -0.098344460 0.118542433
-0.097011007 0.043384079 -0.994337380 -4.929114342 0.025352925 0.998833120 0.041106716 0.093254082 0.994960308 -0.021221554 -0.097997725 0.110336214
-0.095273510 0.042875253 -0.994527459 -5.003076077 0.023427080 0.998891830 0.040819157 0.094238259 0.995175421 -0.019409886 -0.096172392 0.101684451
-0.093206972 0.042349376 -0.994745672 -5.074478149 0.023209838 0.998915851 0.040352166 0.095964283 0.995376170 -0.019326780 -0.094088860 0.093820214
-0.092285223 0.043499421 -0.994782031 -5.143984318 0.024152040 0.998849154 0.041436702 0.096470982 0.995439768 -0.020202016 -0.093229614 0.087601304
-0.090631023 0.042199589 -0.994990051 -5.214696407 0.027897881 0.998817265 0.039820768 0.098666362 0.995493770 -0.024149114 -0.091701113 0.081741691
-0.087368540 0.042084463 -0.995286644 -5.282032490 0.031351365 0.998728454 0.039477900 0.098873988 0.995682597 -0.027754469 -0.088576861 0.074122399
-0.085184194 0.040829875 -0.995528281 -5.355205059 0.033533566 0.998711467 0.038091067 0.100679167 0.995800674 -0.030138852 -0.086443581 0.068432182
-0.083559491 0.041605528 -0.995633781 -5.424580574 0.035958946 0.998603165 0.038711727 0.102486432 0.995853722 -0.032567203 -0.084938861 0.062989831
-0.080652155 0.043897230 -0.995775223 -5.495377541 0.035823077 0.998511970 0.041116405 0.103206620 0.996098340 -0.032355607 -0.082104690 0.056425273
-0.078115538 0.043780033 -0.995982528 -5.565358639 0.033971868 0.998572052 0.041229419 0.105944045 0.996365309 -0.030614741 -0.079491280 0.049899310
-0.076746479 0.044181991 -0.996071219 -5.634788036 0.032639463 0.998593569 0.041779030 0.107470736 0.996516228 -0.029304836 -0.078080609 0.045203060
-0.073504485 0.043256957 -0.996356308 -5.703789711 0.031399284 0.998663902 0.041040711 0.108505666 0.996800423 -0.028268201 -0.074764527 0.037529767
-0.071624056 0.040478077 -0.996609986 -5.773978233 0.031197358 0.998778224 0.038324062 0.110158056 0.996943653 -0.028346675 -0.072799355 0.031828463
-0.070745297 0.037649482 -0.996783555 -5.843509674 0.029481838 0.998929799 0.035638109 0.111652113 0.997058630 -0.026865784 -0.071779557 0.027726233
-0.070132993 0.035537664 -0.996904373 -5.912920475 0.030746801 0.998967350 0.033448141 0.113457084 0.997063696 -0.028305802 -0.071153238 0.023465633
-0.068355247 0.034740418 -0.997056007 -5.981757641 0.030590652 0.998996615 0.032710824 0.114443675 0.997191966 -0.028264636 -0.069349408 0.016924530
-0.067727670 0.037466142 -0.997000039 -6.051098824 0.031856515 0.998866260 0.035372205 0.114457995 0.997195125 -0.029365273 -0.068844423 0.011863887
-0.068022989 0.040414438 -0.996864796 -6.120542049 0.031793766 0.998759508 0.038321737 0.115323074 0.997177064 -0.029087333 -0.069223538 0.007259011
-0.068125218 0.041813828 -0.996800184 -6.189524651 0.028283209 0.998800635 0.039964758 0.116371781 0.997275770 -0.025470100 -0.069226161 0.000422984
-0.068474673 0.042676389 -0.996739626 -6.257861614 0.024097022 0.998863816 0.041111898 0.117803618 0.997361779 -0.021203334 -0.069425248 -0.005691230
-0.068720154 0.042544756 -0.996728480 -6.326550007 0.019826757 0.998951197 0.041272663 0.118681490 0.997438967 -0.016925629 -0.069491617 -0.012135923
-0.069779590 0.041445278 -0.996701121 -6.396384716 0.016866015 0.999042690 0.040361855 0.120720223 0.997419834 -0.013993940 -0.070411809 -0.016709059
-0.070861973 0.041088518 -0.996639490 -6.465196133 0.013215879 0.999102116 0.040250387 0.121983632 0.997398615 -0.010319243 -0.071341373 -0.021654129
-0.069924332 0.038650628 -0.996803284 -6.532917976 0.011761752 0.999211550 0.037918940 0.124012835 0.997483015 -0.009072696 -0.070323795 -0.028928161
-0.071915716 0.037236333 -0.996715426 -6.601082325 0.010668667 0.999274433 0.036562163 0.125125647 0.997353673 -0.008004232 -0.072260797 -0.033007503
-0.073376574 0.036164276 -0.996648371 -6.668864250 0.012233204 0.999299705 0.035359833 0.126937687 0.997229338 -0.009597619 -0.073767595 -0.037012190
-0.073091239 0.041315589 -0.996469140 -6.736995220 0.015529691 0.999067545 0.040284228 0.128323704 0.997204363 -0.012530432 -0.073664702 -0.043732196
-0.074104093 0.046412569 -0.996169865 -6.804280758 0.017248208 0.998826623 0.045253266 0.129869387 0.997101367 -0.013828694 -0.074817672 -0.048620462
-0.074828587 0.047433082 -0.996067643 -6.873291492 0.019726017 0.998743057 0.046078585 0.131376088 0.997001290 -0.016200453 -0.075670190 -0.054642260
-0.075491443 0.043550950 -0.996194959 -6.940412521 0.022235261 0.998870909 0.041982945 0.132449880 0.996898532 -0.018981302 -0.076374568 -0.060059458
-0.076737493 0.039910533 -0.996252358 -7.009323120 0.023423560 0.998994887 0.038216181 0.134243399 0.996776164 -0.020403162 -0.077595219 -0.065778881
-0.076785080 0.038589440 -0.996300638 -7.076608658 0.022195539 0.999069273 0.036986057 0.135419905 0.996800601 -0.019273451 -0.077570133 -0.071791410
-0.076589487 0.038353149 -0.996324897 -7.143888950 0.022081112 0.999080122 0.036761794 0.136043951 0.996818125 -0.019184396 -0.077365898 -0.078175247
-0.077961452 0.037789091 -0.996239901 -7.212260723 0.023973469 0.999063492 0.036020134 0.137887254 0.996668100 -0.021075146 -0.078794390 -0.082570732
-0.077143468 0.035374451 -0.996392190 -7.278653145 0.025607912 0.999110997 0.033488337 0.138901010 0.996691167 -0.022932120 -0.077980742 -0.089504361
-0.078313507 0.032941900 -0.996384263 -7.344979286 0.028390078 0.999122322 0.030801019 0.139534578 0.996524453 -0.025875298 -0.079179987 -0.092503220
-0.077141508 0.032841809 -0.996479094 -7.411894798 0.030025626 0.999080658 0.030603139 0.140057832 0.996567965 -0.027559139 -0.078056678 -0.098891914
-0.076124251 0.034974024 -0.996484756 -7.478919983 0.032440238 0.998942554 0.032582082 0.140947387 0.996570528 -0.029845914 -0.077178322 -0.104646891
-0.074959911 0.038697213 -0.996435404 -7.544732571 0.033633344 0.998776317 0.036257952 0.142478675 0.996619225 -0.030795557 -0.076169699 -0.110001564
-0.074258193 0.040207550 -0.996428132 -7.610240459 0.033302616 0.998729527 0.037818559 0.142886534 0.996682823 -0.030375328 -0.075502880 -0.115305543
-0.073461384 0.039104123 -0.996531069 -7.675894737 0.032323793 0.998799324 0.036810320 0.143774346 0.996774077 -0.029507529 -0.074637160 -0.120436519
-0.071969360 0.036674488 -0.996732354 -7.742724419 0.029514192 0.998964489 0.034625545 0.145907953 0.996970117 -0.026925774 -0.072977252 -0.126288712
-0.070948280 0.038070627 -0.996753216 -7.806179047 0.028942686 0.998929203 0.036093615 0.146260604 0.997060001 -0.026287928 -0.071974188 -0.131856859
-0.069896214 0.040126987 -0.996746838 -7.871816635 0.028803818 0.998855233 0.038192011 0.147260904 0.997138262 -0.026040642 -0.070972010 -0.137164265
-0.069035262 0.041107990 -0.996766865 -7.936145306 0.028439691 0.998825669 0.039223183 0.148927391 0.997208714 -0.025639959 -0.070123278 -0.141656727
-0.067834191 0.040767871 -0.996863306 -8.001251221 0.029958358 0.998797417 0.038808387 0.149934575 0.997246742 -0.027231853 -0.068973936 -0.146757156
-0.067561448 0.040492591 -0.996893048 -8.065399170 0.030088862 0.998804271 0.038531039 0.151402339 0.997261345 -0.027392171 -0.068699032 -0.150545120
-0.067214116 0.040651903 -0.996910036 -8.130032539 0.029996473 0.998800337 0.038706549 0.152522996 0.997287571 -0.027302161 -0.068352886 -0.155290723
-0.065790460 0.042073760 -0.996946037 -8.191563606 0.027172096 0.998815715 0.040359516 0.153828263 0.997463405 -0.024433842 -0.066855758 -0.160271138
-0.064774387 0.042282838 -0.997003734 -8.253341675 0.025694434 0.998841345 0.040691432 0.155099124 0.997569084 -0.022981685 -0.065785766 -0.165362239
-0.064306259 0.042881310 -0.997008502 -8.315027237 0.026779057 0.998790741 0.041230742 0.156365305 0.997570813 -0.024047550 -0.065376833 -0.169015974
-0.064062096 0.043928891 -0.996978581 -8.374227524 0.024579817 0.998797059 0.042429619 0.157799840 0.997643173 -0.021787422 -0.065064795 -0.172357947
-0.064252362 0.045470223 -0.996897221 -8.432983398 0.024118539 0.998740375 0.043999799 0.158716217 0.997642159 -0.021216618 -0.065268092 -0.175853997
-0.065160505 0.045543037 -0.996834993 -8.489005089 0.024270639 0.998734772 0.044043329 0.160472676 0.997579515 -0.021323938 -0.066183403 -0.180011541
-0.067900389 0.043931324 -0.996724427 -8.544229507 0.024857042 0.998794436 0.042329215 0.162011504 0.997382343 -0.021901451 -0.068910532 -0.183772117
-0.070559651 0.043278806 -0.996568203 -8.595396996 0.023727370 0.998848557 0.041697867 0.162218377 0.997225285 -0.020703759 -0.071505293 -0.188449651
-0.074739121 0.044034563 -0.996230364 -8.649974823 0.021810841 0.998857737 0.042514395 0.161981970 0.996964514 -0.018551134 -0.075614192 -0.192854762
-0.079281025 0.043182239 -0.995916605 -8.698681831 0.020295713 0.998924136 0.041696981 0.163406134 0.996645689 -0.016907055 -0.080072142 -0.196916133
-0.084297217 0.041847102 -0.995561540 -8.750218391 0.019928478 0.998988688 0.040303752 0.163686261 0.996241391 -0.016442530 -0.085045919 -0.202589989
-0.091085553 0.041375242 -0.994983315 -8.799321175 0.020626403 0.999000549 0.039654065 0.163108200 0.995629489 -0.016911011 -0.091847941 -0.207694292
-0.099160440 0.039670963 -0.994280398 -8.844596863 0.023215767 0.999025106 0.037544966 0.164396986 0.994800568 -0.019360002 -0.099984773 -0.214876056
-0.111448102 0.037945144 -0.993045568 -8.892614365 0.025519425 0.999050498 0.035310593 0.165135458 0.993442535 -0.021406654 -0.112310603 -0.217721045
-0.123044945 0.036895454 -0.991715014 -8.936830521 0.025306435 0.999100327 0.034030378 0.166486159 0.992078364 -0.020909507 -0.123867944 -0.224479854
-0.135445341 0.036722362 -0.990104020 -8.979037285 0.025582545 0.999109328 0.033556700 0.166898221 0.990454435 -0.020784287 -0.136264160 -0.231920600
-0.148013130 0.037682813 -0.988267303 -9.020626068 0.027364314 0.999047339 0.033995505 0.167187512 0.988606691 -0.022011474 -0.148903280 -0.241678238
-0.164860129 0.039630167 -0.985520482 -9.060338974 0.027978780 0.998978198 0.035490990 0.167882800 0.985920012 -0.021722611 -0.165800527 -0.245150089
-0.181526959 0.040217593 -0.982563257 -9.097791672 0.027653145 0.998977065 0.035780556 0.167770758 0.982997060 -0.020675829 -0.182453409 -0.253588915
-0.200539261 0.038915571 -0.978912473 -9.134658813 0.025022140 0.999088168 0.034591619 0.167928234 0.979366064 -0.017557507 -0.201330170 -0.262048364
-0.220229223 0.037390001 -0.974731207 -9.170064926 0.022198958 0.999198377 0.033312943 0.168763012 0.975195467 -0.014301534 -0.220882669 -0.271126747
-0.241117954 0.037498984 -0.969771087 -9.204719543 0.023402540 0.999187291 0.032817785 0.169750482 0.970213532 -0.014782151 -0.241799593 -0.281376600
-0.263230950 0.038958423 -0.963945806 -9.238511086 0.023363549 0.999148607 0.034001123 0.169495136 0.964449942 -0.013571050 -0.263917059 -0.292014837
-0.285874844 0.038743284 -0.957483411 -9.270429611 0.022630837 0.999176621 0.033673469 0.170031279 0.957999706 -0.012042253 -0.286516309 -0.303591251
-0.312057227 0.038418472 -0.949286163 -9.302712440 0.022317909 0.999202728 0.033102110 0.170000181 0.949801147 -0.010856328 -0.312665820 -0.315279722
-0.340853006 0.035982743 -0.939427733 -9.334017754 0.022353303 0.999294937 0.030165369 0.170403436 0.939850867 -0.010717358 -0.341417015 -0.328759670
-0.373311996 0.033270590 -0.927109063 -9.361846924 0.023742571 0.999371946 0.026303608 0.171275824 0.927401960 -0.012192499 -0.373867542 -0.341061592
-0.408719599 0.032088745 -0.912095845 -9.390376091 0.025504962 0.999392927 0.023730945 0.171320945 0.912303507 -0.013563663 -0.409289986 -0.355483532
-0.447179139 0.034462888 -0.893780231 -9.417097092 0.029564833 0.999280930 0.023738867 0.171196401 0.893955708 -0.015808936 -0.447876483 -0.370979548
-0.490957528 0.038848985 -0.870316863 -9.443801880 0.034272663 0.999093175 0.025263596 0.171534136 0.870509028 -0.017424727 -0.491843730 -0.387192488
-0.534576416 0.040045921 -0.844170868 -9.468225479 0.033463273 0.999096394 0.026204472 0.171471268 0.844457388 -0.014240424 -0.535433471 -0.406165361
-0.578106880 0.036233410 -0.815156043 -9.492937088 0.029161716 0.999292791 0.023736799 0.172394127 0.815439820 -0.010048940 -0.578754723 -0.425804138
-0.620790601 0.034034774 -0.783237338 -9.515925407 0.028139502 0.999380708 0.021123821 0.171990901 0.783471227 -0.008926436 -0.621363878 -0.445634842
-0.662009478 0.034326360 -0.748708963 -9.537555695 0.031489104 0.999342442 0.017974546 0.171753123 0.748833656 -0.011676854 -0.662655115 -0.465750217
-0.700476885 0.036702450 -0.712730646 -9.558645248 0.036544353 0.999211192 0.015538864 0.171688706 0.712738693 -0.015161664 -0.701265752 -0.487858295
-0.736215472 0.035240129 -0.675829113 -9.577850342 0.031958126 0.999339521 0.017295483 0.171217561 0.675992250 -0.008865030 -0.736855447 -0.512312889
-0.770052791 0.029764924 -0.637285411 -9.595086098 0.023563223 0.999556422 0.018212875 0.171366468 0.637544751 -0.000991625 -0.770412624 -0.537584305
-0.802385449 0.027073517 -0.596191764 -9.611478806 0.018991204 0.999622881 0.019834293 0.171907723 0.596503913 0.004592349 -0.802596986 -0.563827991
-0.832979143 0.031707928 -0.552395284 -9.628183365 0.020511396 0.999439955 0.026438691 0.171232477 0.552924156 0.010692480 -0.833162963 -0.590603352
-0.859528363 0.036117412 -0.509810269 -9.642160416 0.023377230 0.999234200 0.031377073 0.172297463 0.510553122 0.015051539 -0.859714508 -0.618970871
-0.884406447 0.035152089 -0.465391785 -9.655217171 0.021087108 0.999150872 0.035395265 0.173531100 0.466240883 0.021490039 -0.884396851 -0.648693323
-0.907273889 0.031769369 -0.419338524 -9.665349007 0.014706165 0.998929381 0.043861534 0.171303794 0.420283079 0.033627562 -0.906769693 -0.678157806
-0.926591277 0.025586423 -0.375198573 -9.673591614 0.010132521 0.999019206 0.043104157 0.173588917 0.375933468 0.036138225 -0.925941706 -0.708542585
-0.943844497 0.023546962 -0.329549849 -9.681635857 0.010913732 0.999134839 0.040132694 0.174691856 0.330209702 0.034282405 -0.943284869 -0.738960505
-0.957481742 0.023929765 -0.287499785 -9.688976288 0.013553785 0.999184847 0.038027015 0.175075457 0.288175344 0.032513462 -0.957025528 -0.770229816
-0.968252480 0.021789495 -0.249022722 -9.695243835 0.013135124 0.999252319 0.036362499 0.176095754 0.249628827 0.031937137 -0.967814803 -0.801875114
-0.976798534 0.016284950 -0.213540226 -9.699558258 0.008789788 0.999312997 0.036002167 0.176899314 0.213979766 0.033289891 -0.976270676 -0.834576130
-0.983708382 0.010150126 -0.179484650 -9.703997612 0.004127331 0.999416769 0.033897683 0.177940592 0.179724112 0.032604646 -0.983176529 -0.867921829
-0.988393784 0.009145406 -0.151637718 -9.707790375 0.004102103 0.999429047 0.033538416 0.178356573 0.151857868 0.032527130 -0.987866998 -0.901717663
-0.991518974 0.007701512 -0.129733816 -9.711383820 0.003283571 0.999408424 0.034233429 0.179044083 0.129920736 0.033517104 -0.990957677 -0.936714888
-0.993997037 0.007386548 -0.109158158 -9.714240074 0.003636961 0.999397755 0.034509279 0.179988474 0.109347358 0.033905108 -0.993425250 -0.971840382
