0.999390066 0.003762753 -0.034717407 -0.003304317 -0.003819797 0.999991417 -0.001576891 -0.000560145 0.034711182 0.001708543 0.999395847 0.042839520
0.999119997 0.005083547 -0.041634370 -0.004122811 -0.005096299 0.999987006 -0.000200153 -0.000855165 0.041632809 0.000412158 0.999132872 0.048131559
0.998713136 0.006519612 -0.050293174 -0.003954506 -0.006479381 0.999978483 0.000962928 -0.001460106 0.050298370 -0.000635820 0.998734057 0.052923907
0.998468459 0.007051525 -0.054872867 -0.004669854 -0.007024703 0.999975085 0.000681666 -0.001087558 0.054876309 -0.000295156 0.998493075 0.056582324
0.998237610 0.006917594 -0.058939483 -0.005203625 -0.006928282 0.999975979 0.000023003 -0.001149124 0.058938220 0.000385386 0.998261571 0.059331052
0.998022258 0.007024848 -0.062467746 -0.005048327 -0.007065967 0.999974906 -0.000437327 -0.000893418 0.062463101 0.000877857 0.998046815 0.061415512
0.997835338 0.006939654 -0.065394819 -0.004655378 -0.006962167 0.999975741 -0.000116366 -0.001153369 0.065392427 0.000571404 0.997859478 0.062924795
0.997743011 0.007323171 -0.066747144 -0.005411400 -0.007362649 0.999972820 -0.000345491 -0.001402410 0.066742808 0.000836147 0.997769892 0.063760869
0.997680783 0.007687745 -0.067631297 -0.005244486 -0.007713045 0.999970257 -0.000112964 -0.001377399 0.067628413 0.000634345 0.997710347 0.064402334
0.997722745 0.007591767 -0.067020237 -0.005396634 -0.007629776 0.999970853 -0.000311191 -0.001320310 0.067015924 0.000821832 0.997751594 0.064142644
0.997717917 0.006776479 -0.067178398 -0.005485132 -0.006887791 0.999975264 -0.001425500 -0.000931340 0.067167073 0.001884958 0.997739911 0.064091712
0.997705877 0.006280144 -0.067405544 -0.005606181 -0.006437997 0.999976993 -0.002124871 -0.001527595 0.067390651 0.002553953 0.997723401 0.063822255
0.997754812 0.006481103 -0.066657722 -0.005871026 -0.006706430 0.999972522 -0.003157145 -0.001062663 0.066635422 0.003597092 0.997770905 0.063753761
0.997714639 0.006841577 -0.067221016 -0.005599451 -0.007038883 0.999971569 -0.002698780 -0.000983148 0.067200638 0.003165774 0.997734487 0.064057983
0.997717142 0.006694189 -0.067198001 -0.005375939 -0.006923870 0.999971092 -0.003185647 -0.001032768 0.067174725 0.003643645 0.997734547 0.063654095
0.997738957 0.006688920 -0.066873878 -0.005435141 -0.006914285 0.999971151 -0.003139124 -0.001033280 0.066850945 0.003594412 0.997756481 0.063668743
0.997691393 0.006824881 -0.067567267 -0.005050438 -0.007026894 0.999971509 -0.002752579 -0.001039012 0.067546554 0.003221012 0.997710943 0.064047880
0.997711718 0.006653736 -0.067282952 -0.005289550 -0.006892530 0.999970734 -0.003317598 -0.000886906 0.067258902 0.003773756 0.997728407 0.063859634
0.997724354 0.006726004 -0.067088261 -0.005597981 -0.006947217 0.999971151 -0.003064586 -0.000997102 0.067065716 0.003523689 0.997742355 0.063843109
0.997711718 0.006483399 -0.067300282 -0.005514316 -0.006699469 0.999973118 -0.002985330 -0.000991358 0.067279123 0.003429375 0.997728288 0.063881509
0.997721910 0.006547940 -0.067143291 -0.005653581 -0.006780827 0.999971747 -0.003241194 -0.000853961 0.067120172 0.003689098 0.997738063 0.063867353
0.997743845 0.006638263 -0.066806674 -0.006148327 -0.006873487 0.999970973 -0.003291723 -0.000721460 0.066782877 0.003743491 0.997760534 0.063733943
0.997722685 0.006544318 -0.067131482 -0.005976539 -0.006776946 0.999971807 -0.003238109 -0.000863329 0.067108385 0.003685680 0.997738898 0.063642703
0.997699797 0.006520985 -0.067473032 -0.005801425 -0.006747236 0.999972284 -0.003125852 -0.000910126 0.067450777 0.003573918 0.997716129 0.063766353
0.997691989 0.006418194 -0.067598350 -0.005702039 -0.006647446 0.999972820 -0.003166991 -0.000846562 0.067576185 0.003609038 0.997707605 0.063841611
0.997705281 0.006405944 -0.067402929 -0.006061058 -0.006630123 0.999973118 -0.003102764 -0.000907366 0.067381240 0.003542534 0.997720957 0.063894868
0.997684717 0.006202458 -0.067725897 -0.005903598 -0.006423313 0.999974728 -0.003043736 -0.000947886 0.067705318 0.003471713 0.997699320 0.063680686
0.997675896 0.006041293 -0.067870095 -0.005992844 -0.006255162 0.999976218 -0.002939095 -0.000987543 0.067850716 0.003356803 0.997689843 0.063739061
0.997664094 0.006035565 -0.068043754 -0.006151222 -0.006258345 0.999975741 -0.003061363 -0.000963628 0.068023622 0.003480053 0.997677624 0.063774645
0.997665048 0.005999490 -0.068034127 -0.006536263 -0.006235892 0.999975204 -0.003262918 -0.000786696 0.068012878 0.003679552 0.997677684 0.063746788
0.997612536 0.005969945 -0.068801217 -0.006111555 -0.006203235 0.999975681 -0.003177617 -0.000881784 0.068780564 0.003596820 0.997625351 0.063851975
0.997559488 0.005720010 -0.069586582 -0.005868457 -0.005938720 0.999978065 -0.002936532 -0.001145459 0.069568239 0.003342620 0.997571588 0.063786283
0.997531652 0.005515472 -0.070000634 -0.005649319 -0.005732193 0.999979436 -0.002895489 -0.001138207 0.069983214 0.003289599 0.997542679 0.063756302
0.997550905 0.005489819 -0.069729842 -0.005862420 -0.005703321 0.999979615 -0.002863112 -0.001164869 0.069712713 0.003253791 0.997561812 0.063734449
0.997559130 0.005359434 -0.069620520 -0.006085596 -0.005571128 0.999980450 -0.002846869 -0.001169931 0.069603913 0.003227785 0.997569501 0.063644662
0.997525632 0.005382901 -0.070097081 -0.005880852 -0.005594605 0.999980390 -0.002824175 -0.001168612 0.070080511 0.003209353 0.997536123 0.063748911
0.997534513 0.005286258 -0.069977820 -0.006120544 -0.005502013 0.999980748 -0.002890800 -0.001097618 0.069961198 0.003268692 0.997544289 0.063852012
0.997516096 0.005105750 -0.070252798 -0.005979182 -0.005322129 0.999981642 -0.002893194 -0.001097538 0.070236735 0.003259902 0.997525036 0.063674234
0.997520387 0.005128661 -0.070190847 -0.006335907 -0.005351753 0.999981165 -0.002990684 -0.000972493 0.070174195 0.003358913 0.997529030 0.063723601
0.997505903 0.005072908 -0.070400849 -0.006149088 -0.005299477 0.999981344 -0.003031872 -0.000888796 0.070384167 0.003397398 0.997514129 0.063666441
0.997489750 0.005032153 -0.070631959 -0.006179312 -0.005271277 0.999980986 -0.003199501 -0.000746374 0.070614524 0.003563790 0.997497320 0.063778110
0.997504830 0.004939346 -0.070425451 -0.006088723 -0.005173249 0.999981701 -0.003139292 -0.000818663 0.070408665 0.003495787 0.997512043 0.063495636
0.997489870 0.004998245 -0.070633702 -0.005925193 -0.005235208 0.999981284 -0.003170101 -0.000761572 0.070616528 0.003531925 0.997497261 0.063543648
0.997458875 0.004929669 -0.071073875 -0.005847123 -0.005148432 0.999982476 -0.002895112 -0.001052402 0.071058370 0.003253674 0.997466803 0.063693747
0.997450709 0.005018500 -0.071182452 -0.005871551 -0.005224940 0.999982655 -0.002714278 -0.001152121 0.071167596 0.003079283 0.997459590 0.063575238
0.997421324 0.004840650 -0.071605273 -0.005772986 -0.005048450 0.999983549 -0.002721333 -0.001200968 0.071590930 0.003075811 0.997429252 0.063640431
0.997415841 0.004706438 -0.071690306 -0.005781354 -0.004911000 0.999984384 -0.002677419 -0.001183241 0.071676590 0.003022571 0.997423351 0.063658781
0.997414410 0.004842086 -0.071701348 -0.005822673 -0.005054374 0.999983311 -0.002779585 -0.001108156 0.071686707 0.003134804 0.997422218 0.063793123
0.997422278 0.004640850 -0.071605265 -0.006061531 -0.004863280 0.999983847 -0.002932304 -0.000900153 0.071590498 0.003272982 0.997428715 0.063733794
0.997437537 0.004784825 -0.071381941 -0.006262687 -0.005015776 0.999982774 -0.003056509 -0.000809817 0.071366087 0.003406713 0.997444332 0.063876346
0.997413099 0.004847248 -0.071719028 -0.005980426 -0.005045879 0.999983907 -0.002588647 -0.001204589 0.071705334 0.002943836 0.997421503 0.063787587
0.997430801 0.004731230 -0.071479835 -0.006191212 -0.004946752 0.999983728 -0.002838410 -0.000991154 0.071465246 0.003184711 0.997438014 0.063879967
0.997432709 0.004729912 -0.071453139 -0.006228226 -0.004962783 0.999982893 -0.003081887 -0.000785248 0.071437337 0.003428581 0.997439206 0.063888371
0.997431517 0.004693970 -0.071471497 -0.006240977 -0.004913826 0.999983668 -0.002900630 -0.000901258 0.071456715 0.003244378 0.997438550 0.063879192
0.997427762 0.004720711 -0.071522199 -0.006163890 -0.004942023 0.999983549 -0.002917670 -0.000915915 0.071507245 0.003263630 0.997434735 0.063943550
0.997424603 0.004771429 -0.071565434 -0.006083488 -0.004999200 0.999982953 -0.003003891 -0.000833781 0.071549907 0.003353925 0.997431397 0.063864917
0.997443557 0.004714265 -0.071303979 -0.006337487 -0.004941629 0.999983311 -0.003012595 -0.000780573 0.071288593 0.003357251 0.997450113 0.063836984
0.997439802 0.004734742 -0.071354464 -0.006297488 -0.004956104 0.999983430 -0.002925571 -0.000904356 0.071339414 0.003271721 0.997446716 0.063796431
0.997446954 0.004714909 -0.071254894 -0.006410308 -0.004941616 0.999983251 -0.003005688 -0.000815486 0.071239524 0.003350129 0.997453630 0.063849956
0.997457087 0.004774076 -0.071107805 -0.006575789 -0.005000575 0.999982953 -0.003007640 -0.000834860 0.071092226 0.003355572 0.997464120 0.063768111
0.997445345 0.004762542 -0.071273692 -0.006447005 -0.004998433 0.999982595 -0.003131669 -0.000723303 0.071257539 0.003479926 0.997451901 0.063735172
0.997377276 0.004771543 -0.072220512 -0.006095538 -0.005007064 0.999982715 -0.003080437 -0.000858784 0.072204560 0.003433971 0.997383952 0.063575320
0.997195005 0.005054451 -0.074677467 -0.006218392 -0.005314256 0.999980509 -0.003280741 -0.001074440 0.074659415 0.003668394 0.997202396 0.063814260
0.997077584 0.005601736 -0.076190047 -0.006474759 -0.005914022 0.999975026 -0.003873768 -0.000838218 0.076166436 0.004313036 0.997085750 0.064068072
0.996803582 0.006071550 -0.079660021 -0.006763537 -0.006403475 0.999971807 -0.003911975 -0.000872033 0.079634011 0.004409571 0.996814430 0.065065034
0.996430635 0.005844973 -0.084213279 -0.007632534 -0.006170375 0.999974489 -0.003604257 -0.001002438 0.084190063 0.004111020 0.996441245 0.065823026
0.996059179 0.006240667 -0.088471510 -0.008102938 -0.006549176 0.999973416 -0.003197242 -0.001423212 0.088449202 0.003764058 0.996073723 0.066739917
0.995287061 0.006787435 -0.096734732 -0.008007974 -0.007167605 0.999967873 -0.003583065 -0.000829680 0.096707307 0.004259535 0.995303750 0.068798162
0.994680762 0.007164004 -0.102757633 -0.009141013 -0.007516578 0.999967098 -0.003044310 -0.001228542 0.102732457 0.003800502 0.994701743 0.069668658
0.993667662 0.007540073 -0.112106323 -0.009561505 -0.007930621 0.999963880 -0.003038173 -0.001270820 0.112079367 0.003908006 0.993691564 0.071494162
0.992475927 0.007627238 -0.122202337 -0.010365980 -0.007991557 0.999964952 -0.002491402 -0.001385732 0.122179046 0.003449243 0.992502093 0.073212042
0.991259396 0.008190494 -0.131673217 -0.012469003 -0.008513575 0.999961972 -0.001890872 -0.001612434 0.131652713 0.002995354 0.991291404 0.074969977
0.989196539 0.008261587 -0.146362022 -0.011226278 -0.008678638 0.999959826 -0.002211115 -0.001145045 0.146337911 0.003457451 0.989228606 0.078413963
0.987178802 0.008713000 -0.159380108 -0.012475178 -0.009181524 0.999955416 -0.002203511 -0.001065396 0.159353822 0.003638612 0.987214804 0.080960751
0.985017955 0.009249824 -0.172203705 -0.014496802 -0.009803285 0.999949157 -0.002363806 -0.001450555 0.172173038 0.004016554 0.985058546 0.084086522
0.981873095 0.009984548 -0.189276695 -0.015054869 -0.010965101 0.999931335 -0.004134025 -0.001254067 0.189222366 0.006134525 0.981915116 0.087860502
0.978666365 0.010799658 -0.205172122 -0.017715072 -0.012101127 0.999913692 -0.005089575 -0.001909091 0.205099493 0.007463811 0.978712618 0.091029279
0.974739611 0.012400734 -0.223000214 -0.019931810 -0.014028890 0.999885142 -0.005718398 -0.001723754 0.222903699 0.008702395 0.974801660 0.096379697
0.970357895 0.013322725 -0.241305098 -0.022178648 -0.014809921 0.999880731 -0.004350448 -0.001812347 0.241218373 0.007795201 0.970439434 0.102588110
0.965799749 0.012370270 -0.258993745 -0.025820741 -0.013522023 0.999904990 -0.002665977 -0.001743977 0.258936137 0.006076918 0.965875328 0.109025687
0.960069180 0.011748716 -0.279516101 -0.029058164 -0.012508231 0.999921322 -0.000933668 -0.001668575 0.279483140 0.004392637 0.960140586 0.116534017
0.953288257 0.013237268 -0.301771790 -0.032913767 -0.013444938 0.999908626 0.001388991 -0.001898080 0.301762640 0.002733194 0.953379154 0.124980688
0.945541203 0.015730642 -0.325122058 -0.037266403 -0.015050545 0.999876142 0.004606835 -0.001589048 0.325154215 0.000537312 0.945660830 0.134305090
0.937092185 0.016270220 -0.348702520 -0.042176142 -0.014544295 0.999865592 0.007567156 -0.001756156 0.348778844 -0.002019489 0.937202871 0.143424824
0.927351356 0.015292496 -0.373879105 -0.046893805 -0.012861785 0.999876797 0.008995473 -0.001574985 0.373970568 -0.003533212 0.927433848 0.153614923
0.916705668 0.015490855 -0.399262547 -0.053307358 -0.011368104 0.999854743 0.012691895 -0.002062939 0.399401158 -0.007095872 0.916748762 0.163443029
0.904060006 0.016170591 -0.427099496 -0.060103625 -0.010162479 0.999814689 0.016343042 -0.001958494 0.427284598 -0.010434698 0.904057026 0.173677981
0.888491452 0.016683709 -0.458589733 -0.067149132 -0.009618565 0.999796331 0.017737638 -0.001121071 0.458792269 -0.011348763 0.888471067 0.186223328
0.870552361 0.016668741 -0.491793305 -0.075275727 -0.008543086 0.999787450 0.018763963 -0.001738089 0.492001593 -0.012133583 0.870509684 0.196434051
0.849500775 0.017644187 -0.527292252 -0.085022762 -0.009798286 0.999795914 0.017669391 -0.001165967 0.527496397 -0.009843606 0.849500239 0.207712859
0.824677050 0.020401631 -0.565235794 -0.096134484 -0.012591708 0.999763787 0.017714230 -0.001798115 0.565463722 -0.007491238 0.824739277 0.220628232
0.795746863 0.021281712 -0.605255187 -0.108670443 -0.013460631 0.999757051 0.017455911 -0.001546925 0.605479538 -0.005743371 0.795840085 0.234174669
0.762869239 0.018187923 -0.646296978 -0.122928575 -0.009664780 0.999813437 0.016728474 -0.001551006 0.646480560 -0.006515321 0.762902617 0.248540938
0.727091730 0.014099982 -0.686395407 -0.139878616 -0.005961631 0.999880970 0.014224524 -0.000876366 0.686514258 -0.006250498 0.727089345 0.263844073
0.689052582 0.012846213 -0.724597514 -0.157861829 -0.005374437 0.999906063 0.012616296 -0.000534940 0.724691451 -0.004798987 0.689056814 0.279594779
0.649665415 0.013764876 -0.760095477 -0.179221034 -0.005066558 0.999892294 0.013776986 -0.000452693 0.760203362 -0.005099364 0.649665177 0.295403421
0.608872116 0.014146216 -0.793142259 -0.203774035 -0.003013101 0.999875009 0.015520362 -0.000507028 0.793262661 -0.007060098 0.608838618 0.311304599
0.565575898 0.014842493 -0.824562609 -0.229641944 -0.001089857 0.999850631 0.017250212 0.000945810 0.824695408 -0.008857651 0.565507650 0.326417714
0.521073043 0.018717667 -0.853306830 -0.258409232 -0.000551760 0.999766767 0.021593399 0.001459546 0.853511870 -0.010780919 0.520961821 0.340984762
0.474374771 0.022631304 -0.880032063 -0.289972395 0.001990671 0.999639452 0.026780240 0.002640469 0.880320728 -0.014455724 0.474158645 0.355534494
0.424348056 0.026083495 -0.905123353 -0.322115481 0.008567732 0.999424696 0.032817833 0.002931187 0.905458570 -0.021681041 0.423880488 0.369988084
0.373897612 0.029844554 -0.926989675 -0.358657628 0.013235957 0.999208629 0.037508324 0.004018964 0.927375555 -0.026293868 0.373206705 0.383195877
0.323766142 0.034723915 -0.945499599 -0.395808458 0.017426725 0.998937845 0.042653866 0.004202733 0.945976734 -0.030286839 0.322817206 0.393596351
0.273752213 0.038491119 -0.961029708 -0.435626596 0.021448106 0.998706043 0.046109688 0.005653184 0.961561084 -0.033234894 0.272572488 0.402998149
0.224026248 0.041475061 -0.973700166 -0.478042901 0.023765201 0.998564482 0.048001997 0.007070512 0.974293292 -0.033893887 0.222718969 0.412114054
0.178151131 0.040681113 -0.983161807 -0.521848917 0.028382551 0.998516917 0.046459455 0.009144468 0.983593702 -0.036181446 0.176732272 0.419254869
0.138408229 0.040149316 -0.989561141 -0.567948699 0.030163674 0.998543501 0.044732701 0.010750011 0.989915788 -0.036040179 0.136995584 0.423849463
0.105089769 0.040226296 -0.993648827 -0.615919173 0.029355839 0.998620689 0.043532297 0.012298657 0.994029284 -0.033744190 0.103763908 0.427182525
0.077344626 0.037915252 -0.996283174 -0.665200472 0.029560706 0.998750031 0.040304016 0.014268321 0.996566117 -0.032568131 0.076127164 0.429557145
0.055730283 0.035860386 -0.997801721 -0.716392994 0.030456716 0.998828650 0.037598398 0.016092243 0.997981310 -0.032485131 0.054572821 0.431400418
0.039484721 0.035459913 -0.998590767 -0.769272089 0.031567764 0.998826921 0.036716502 0.017695114 0.998721421 -0.032973014 0.038319010 0.432094991
0.023799052 0.034350250 -0.999126375 -0.826922059 0.033275560 0.998828650 0.035132620 0.019490106 0.999162793 -0.034082625 0.022628151 0.434134990
0.008906149 0.032300182 -0.999438524 -0.882734179 0.035459671 0.998839378 0.032596804 0.020808514 0.999331474 -0.035730071 0.007750458 0.434818834
-0.004705561 0.028522922 -0.999582052 -0.941765189 0.036858909 0.998918772 0.028330484 0.022381214 0.999309421 -0.036710188 -0.005751797 0.432939887
-0.018084439 0.025431231 -0.999512911 -1.001452684 0.037061710 0.999006510 0.024747776 0.024072431 0.999149382 -0.036596108 -0.019008996 0.430805653
-0.030506654 0.026037281 -0.999195278 -1.062743664 0.034185637 0.999102950 0.024991147 0.024395872 0.998949826 -0.033395726 -0.031369384 0.427953511
-0.041064490 0.025460947 -0.998831987 -1.126215577 0.031252090 0.999218881 0.024185954 0.025445864 0.998667598 -0.030222405 -0.041828118 0.425778002
-0.045968618 0.025939764 -0.998606026 -1.192829132 0.026538068 0.999341726 0.024737254 0.025836691 0.998590291 -0.025363935 -0.046626747 0.420765847
-0.049225271 0.024093833 -0.998497128 -1.256122351 0.023154238 0.999467909 0.022975771 0.029034069 0.998519242 -0.021988455 -0.049756959 0.419267982
-0.048943006 0.025969019 -0.998463929 -1.324198365 0.023347944 0.999418497 0.024849370 0.029192060 0.998528600 -0.022095876 -0.049520865 0.413451761
-0.050112892 0.026411863 -0.998394370 -1.393871307 0.023140721 0.999412596 0.025277290 0.031443886 0.998475492 -0.021836847 -0.050694644 0.409714997
-0.052371375 0.027817162 -0.998240173 -1.459484696 0.025182139 0.999330878 0.026526405 0.031486187 0.998310089 -0.023748601 -0.053036828 0.404559553
-0.057733163 0.028282296 -0.997931361 -1.534882903 0.025465660 0.999315083 0.026848253 0.032493640 0.998007178 -0.023862941 -0.058413852 0.401871353
-0.062899299 0.027390668 -0.997644007 -1.607445478 0.024841735 0.999356627 0.025871471 0.034634627 0.997710526 -0.023155909 -0.063539267 0.397569746
-0.066357136 0.027087893 -0.997428179 -1.683931351 0.024530562 0.999373555 0.025508752 0.035819333 0.997494340 -0.022774782 -0.066980049 0.391011685
-0.071916074 0.027651010 -0.997027457 -1.758940697 0.025191048 0.999347150 0.025898304 0.036919229 0.997092605 -0.023253657 -0.072565682 0.386397839
-0.077170543 0.030342124 -0.996556103 -1.836245775 0.024830267 0.999285281 0.028502436 0.037957393 0.996708691 -0.022545205 -0.077868812 0.380227625
-0.082274467 0.033929560 -0.996032000 -1.914327145 0.027447034 0.999118328 0.031767510 0.040445201 0.996231675 -0.024724465 -0.083133198 0.374116838
-0.086253762 0.036799572 -0.995593309 -1.993072391 0.027546972 0.999023736 0.034539815 0.041180819 0.995892286 -0.024446396 -0.087183245 0.366346240
-0.088935822 0.035950910 -0.995388329 -2.072696209 0.027841309 0.999047697 0.033595510 0.043621659 0.995648146 -0.024725068 -0.089852028 0.359857053
-0.088931434 0.034111775 -0.995453477 -2.154650211 0.026207030 0.999147594 0.031897090 0.045283977 0.995692849 -0.023251224 -0.089749597 0.353037000
-0.087213434 0.034597866 -0.995588660 -2.235159159 0.025963401 0.999136209 0.032446753 0.045982953 0.995851278 -0.023019075 -0.088036373 0.344790101
-0.086009204 0.036866240 -0.995612085 -2.315996170 0.027344545 0.999026000 0.034630407 0.048095625 0.995919049 -0.024246026 -0.086933516 0.337151825
-0.085382022 0.039111689 -0.995580256 -2.398376226 0.028182445 0.998924196 0.036826093 0.049683731 0.995949686 -0.024913602 -0.086392432 0.330208838
-0.084682852 0.040627934 -0.995579302 -2.481173277 0.029822139 0.998824060 0.038223714 0.051178802 0.995961487 -0.026453411 -0.085794888 0.322326481
-0.082154199 0.041527208 -0.995754063 -2.561751366 0.028975358 0.998808682 0.039263994 0.052574039 0.996198297 -0.025626626 -0.083259590 0.312298536
-0.082965285 0.041509710 -0.995687544 -2.645544052 0.029730601 0.998790503 0.039161779 0.054401569 0.996108830 -0.026353318 -0.084099047 0.307088941
-0.082752317 0.041111428 -0.995721757 -2.725412369 0.028949855 0.998826325 0.038833641 0.054364048 0.996149540 -0.025612429 -0.083845347 0.299546659
-0.081891812 0.037749853 -0.995925963 -2.806715727 0.028768875 0.998955548 0.035499111 0.057521760 0.996225834 -0.025744585 -0.082892299 0.292698592
-0.081614375 0.037703648 -0.995950520 -2.889418125 0.028973605 0.998951614 0.035442986 0.058658883 0.996242642 -0.025963621 -0.082621217 0.285809487
-0.080988877 0.040274985 -0.995900929 -2.968757153 0.028100047 0.998878360 0.038110245 0.060254861 0.996318758 -0.024898356 -0.082029752 0.278315365
-0.080065161 0.041727655 -0.995915830 -3.052809477 0.027964415 0.998824298 0.039601348 0.061877057 0.996397257 -0.024679521 -0.081137910 0.271606565
-0.080262534 0.039891638 -0.995975196 -3.133464336 0.026886977 0.998921990 0.037842926 0.064190924 0.996411026 -0.023741394 -0.081248567 0.265395880
-0.079216972 0.037443507 -0.996153891 -3.215637207 0.028449906 0.998972178 0.035287023 0.066104591 0.996451437 -0.025545152 -0.080200814 0.257088453
-0.078382365 0.036610059 -0.996250868 -3.296617270 0.028217509 0.999006569 0.034491241 0.066530854 0.996523857 -0.025408212 -0.079337545 0.249984294
-0.079134598 0.038360313 -0.996125638 -3.377725363 0.026868967 0.998978376 0.036335632 0.068730414 0.996501684 -0.023889462 -0.080084473 0.243728101
-0.077780552 0.042465989 -0.996065676 -3.459153652 0.026031379 0.998838305 0.040551469 0.069497265 0.996630609 -0.022774843 -0.078795634 0.236333698
-0.076929718 0.045033857 -0.996018946 -3.540324450 0.024304096 0.998767257 0.043280929 0.070733659 0.996740222 -0.020877747 -0.077929400 0.229219973
-0.077042706 0.042877302 -0.996105373 -3.620605469 0.020975159 0.998923421 0.041376304 0.073312022 0.996807277 -0.017705726 -0.077859119 0.222719669
-0.076657690 0.041098010 -0.996210158 -3.700204372 0.019990753 0.999012589 0.039675359 0.075400092 0.996857047 -0.016873568 -0.077403583 0.215723068
-0.076495349 0.040921614 -0.996229827 -3.781735897 0.020009283 0.999019146 0.039499786 0.076542802 0.996869147 -0.016912296 -0.077239126 0.209407181
-0.076298423 0.041655626 -0.996214509 -3.861525774 0.019942973 0.998990834 0.040244315 0.077999577 0.996885598 -0.016796902 -0.077052176 0.201829076
-0.075696059 0.043407027 -0.996185720 -3.941949129 0.020634465 0.998906314 0.041957643 0.079561584 0.996917546 -0.017379729 -0.076508924 0.195615411
-0.076931968 0.043064054 -0.996105909 -4.020599842 0.021675354 0.998902917 0.041510932 0.081386156 0.996800721 -0.018397428 -0.077780999 0.191023916
-0.074501552 0.041338783 -0.996363699 -4.102412224 0.023520770 0.998935282 0.039686739 0.082551643 0.996943414 -0.020478519 -0.075394556 0.182199329
-0.076020606 0.040693872 -0.996275544 -4.181539536 0.026070494 0.998906374 0.038812026 0.083707191 0.996765375 -0.023022881 -0.076998383 0.177415758
-0.077409722 0.041170560 -0.996148884 -4.260341644 0.028962620 0.998818159 0.039030217 0.085062705 0.996578693 -0.025829758 -0.078510650 0.170616418
-0.079185493 0.041516211 -0.995994985 -4.340386391 0.029133230 0.998802006 0.039317004 0.087960251 0.996434093 -0.025903219 -0.080300130 0.163262367
-0.083023489 0.043373052 -0.995603263 -4.420028210 0.030955099 0.998682559 0.040925853 0.088602096 0.996066689 -0.027421193 -0.084256724 0.157358855
-0.085708506 0.043544073 -0.995368242 -4.497904778 0.029068649 0.998728454 0.041188054 0.090621136 0.995896101 -0.025403844 -0.086865298 0.149608880
-0.089147352 0.042410005 -0.995115161 -4.576135635 0.026054548 0.998850465 0.040235102 0.092397705 0.995677590 -0.022340424 -0.090149865 0.142595947
-0.090836398 0.040526666 -0.995041013 -4.654072762 0.024788775 0.998953998 0.038423106 0.094047993 0.995557249 -0.021175625 -0.091746002 0.133527100
-0.093337633 0.040526394 -0.994809389 -4.732943058 0.024150426 0.998969495 0.038429961 0.095693953 0.995341539 -0.020438109 -0.094220176 0.125472754
-0.095539793 0.041891973 -0.994543672 -4.811244488 0.024523363 0.998909891 0.039720070 0.097207718 0.995123506 -0.020594712 -0.096462972 0.118044138
-0.096920282 0.043133613 -0.994357049 -4.888787746 0.025148967 0.998847604 0.040877137 0.098590016 0.994974375 -0.021045230 -0.097893372 0.109473199
-0.099476263 0.043901417 -0.994071007 -4.966553688 0.025533138 0.998809874 0.041555606 0.100181460 0.994712293 -0.021247949 -0.100478828 0.102531344
-0.101784192 0.044515066 -0.993810117 -5.045312881 0.024815520 0.998801112 0.042197071 0.102392308 0.994496942 -0.020366918 -0.102766834 0.095407069
-0.100932829 0.045841511 -0.993836582 -5.119736195 0.022679228 0.998784363 0.043766458 0.103243962 0.994634628 -0.018121975 -0.101849794 0.085383236
-0.101072907 0.045499254 -0.993838072 -5.197013855 0.022750469 0.998798132 0.043412622 0.105792433 0.994618893 -0.018222442 -0.101986557 0.076952875
-0.100376986 0.044133093 -0.993970275 -5.272269726 0.020478586 0.998895764 0.042283747 0.107750043 0.994738758 -0.016110789 -0.101169936 0.069394112
-0.098877676 0.043970365 -0.994127631 -5.349278927 0.021126080 0.998890817 0.042079806 0.109668992 0.994875252 -0.016841268 -0.099696927 0.060808897
-0.097459994 0.044202521 -0.994257331 -5.425182343 0.020593973 0.998888910 0.042389739 0.111371994 0.995026290 -0.016344406 -0.098262012 0.053605795
-0.095671982 0.043353293 -0.994468451 -5.500976086 0.025167830 0.998837173 0.041122492 0.114212275 0.995094717 -0.021094345 -0.096651830 0.047100902
-0.092934042 0.043072414 -0.994740129 -5.575457096 0.028134298 0.998778522 0.040618818 0.114328817 0.995274723 -0.024211446 -0.094032332 0.039402425
-0.091132224 0.041198719 -0.994986176 -5.649579525 0.031268671 0.998769581 0.038491428 0.116993889 0.995347857 -0.027604092 -0.092308320 0.033636987
-0.088438921 0.043346398 -0.995138109 -5.725695133 0.032424893 0.998648524 0.040617671 0.116905972 0.995553672 -0.028675072 -0.089724913 0.026175082
-0.085806236 0.044747245 -0.995306492 -5.801318169 0.032216113 0.998593152 0.042117629 0.119269401 0.995790899 -0.028450955 -0.087127104 0.018751442
-0.084131092 0.046915516 -0.995349586 -5.876257896 0.031132534 0.998527050 0.044433832 0.120130524 0.995968342 -0.027249489 -0.085467786 0.012881815
-0.081167392 0.046313483 -0.995623827 -5.950212955 0.029980762 0.998581290 0.044006899 0.122390315 0.996249497 -0.026277641 -0.082440749 0.005365700
-0.079225533 0.044960767 -0.995842278 -6.024049759 0.028080050 0.998686671 0.042855237 0.124216959 0.996461213 -0.024568073 -0.080383986 -0.001713246
-0.077234238 0.042539388 -0.996105075 -6.098382950 0.027414555 0.998802125 0.040528953 0.125635475 0.996635914 -0.024177553 -0.078307942 -0.007493168
-0.075557925 0.039596673 -0.996354878 -6.172630310 0.026392043 0.998940527 0.037698012 0.127163649 0.996792078 -0.023447454 -0.076522902 -0.013586074
-0.074197166 0.037572671 -0.996535480 -6.245563030 0.027494906 0.998987198 0.035617966 0.128803402 0.996864498 -0.024756899 -0.075155050 -0.019297242
-0.072416551 0.036939353 -0.996690094 -6.319809437 0.028091570 0.998993039 0.034983639 0.129887044 0.996978819 -0.025465196 -0.073381297 -0.025733709
-0.072724231 0.038889743 -0.996593595 -6.393327236 0.028624637 0.998909175 0.036891297 0.131752163 0.996941149 -0.025844242 -0.073758103 -0.030453712
-0.072114751 0.042299200 -0.996499002 -6.467080593 0.027717516 0.998799503 0.040390987 0.132419884 0.997011065 -0.024707694 -0.073200606 -0.036888421
-0.073299997 0.042842299 -0.996389329 -6.540734291 0.025662592 0.998827100 0.041059233 0.135052830 0.996979713 -0.022560289 -0.074313469 -0.042082518
-0.073365889 0.043722693 -0.996346235 -6.613303185 0.021868128 0.998868883 0.042223137 0.136614472 0.997065306 -0.018690489 -0.074239038 -0.049065202
-0.074971892 0.043405842 -0.996240497 -6.686305523 0.017298233 0.998958468 0.042222496 0.138081297 0.997035623 -0.014067699 -0.075644650 -0.053585470
-0.075478494 0.042387545 -0.996246159 -6.758484840 0.013859525 0.999044120 0.041456565 0.140218660 0.997051060 -0.010678419 -0.075993821 -0.060533136
-0.076293238 0.041764140 -0.996210337 -6.832035542 0.010331699 0.999101877 0.041094124 0.141468212 0.997031868 -0.007157342 -0.076656200 -0.066049546
-0.076829247 0.040445235 -0.996223569 -6.903638363 0.009445922 0.999161601 0.039836045 0.142765671 0.996999443 -0.006349678 -0.077146888 -0.071590602
-0.077101894 0.038420085 -0.996282697 -6.975273609 0.007837852 0.999249697 0.037927937 0.144358933 0.996992409 -0.004884400 -0.077345178 -0.078447491
-0.078775764 0.037987649 -0.996168315 -7.048313141 0.009302778 0.999258220 0.037369829 0.145681292 0.996848941 -0.006323296 -0.079070732 -0.082892299
-0.079616494 0.042837501 -0.995904744 -7.120523930 0.013043159 0.999035418 0.041929457 0.147782743 0.996740162 -0.009651467 -0.080098435 -0.088204801
-0.080206491 0.048263974 -0.995609045 -7.194136143 0.014897240 0.998773575 0.047217250 0.149435341 0.996666908 -0.011044697 -0.080827124 -0.094256520
-0.080534771 0.049545888 -0.995519519 -7.266373158 0.016827773 0.998689115 0.048342299 0.151015341 0.996609807 -0.012859143 -0.081262931 -0.100962043
-0.082199693 0.044953790 -0.995601535 -7.338008881 0.019452848 0.998864233 0.043495037 0.153284788 0.996425986 -0.015792007 -0.082980797 -0.106293559
-0.082906984 0.041436221 -0.995695531 -7.409375191 0.021025054 0.998985469 0.039822482 0.155021831 0.996335447 -0.017632991 -0.083694078 -0.112156093
-0.082944416 0.039883014 -0.995755732 -7.481016159 0.019094937 0.999078989 0.038425546 0.156686708 0.996371150 -0.015826706 -0.083629586 -0.118988216
-0.083295733 0.039056666 -0.995759189 -7.552579880 0.019386318 0.999106109 0.037566263 0.158408344 0.996336162 -0.016174998 -0.083978437 -0.125367641
-0.084280811 0.039722003 -0.995649993 -7.624560833 0.020626763 0.999060571 0.038112033 0.158747703 0.996228516 -0.017324924 -0.085020967 -0.130784035
-0.083811656 0.037425928 -0.995778501 -7.695067883 0.022226516 0.999116123 0.035680626 0.160006911 0.996233702 -0.019142235 -0.084569402 -0.137561560
-0.083863631 0.035030916 -0.995861411 -7.766983509 0.024882294 0.999143898 0.033050992 0.160871089 0.996166527 -0.022007534 -0.084663488 -0.143308580
-0.083561927 0.033381030 -0.995943308 -7.837619781 0.026825592 0.999151945 0.031237850 0.163253412 0.996141553 -0.024106473 -0.084386528 -0.148324966
-0.082153827 0.036591567 -0.995947838 -7.908184528 0.028699204 0.998998165 0.034336302 0.163382486 0.996206284 -0.025762049 -0.083121695 -0.155659616
-0.080944180 0.041015182 -0.995874465 -7.978509903 0.030170549 0.998795927 0.038683254 0.164098501 0.996261835 -0.026914893 -0.082084179 -0.161826611
-0.079923816 0.042317949 -0.995902359 -8.048647881 0.030365435 0.998738110 0.040001545 0.165288970 0.996338308 -0.027043933 -0.081107974 -0.168184996
-0.079250239 0.040456694 -0.996033490 -8.118429184 0.029445816 0.998835146 0.038227610 0.167078868 0.996419787 -0.026299467 -0.080349207 -0.173547238
-0.078167602 0.038726207 -0.996187806 -8.187436104 0.027308563 0.998953462 0.036690906 0.168252960 0.996566176 -0.024336411 -0.079143345 -0.179684997
-0.076952130 0.039233264 -0.996262550 -8.257831573 0.026144784 0.998961329 0.037320096 0.170052588 0.996691883 -0.023175208 -0.077897951 -0.185971111
-0.075693145 0.041827250 -0.996253610 -8.326241493 0.026110768 0.998860359 0.039952856 0.170612827 0.996789217 -0.022988785 -0.076699026 -0.191565156
-0.074240066 0.042924341 -0.996316195 -8.395694733 0.025800342 0.998821497 0.041109771 0.172139362 0.996906519 -0.022653306 -0.075260021 -0.197850227
-0.073951975 0.041983731 -0.996377647 -8.464774132 0.027419541 0.998821378 0.040051594 0.174356788 0.996884823 -0.024358323 -0.075015984 -0.201901585
-0.072955087 0.042320717 -0.996436834 -8.532381058 0.027507292 0.998804569 0.040407307 0.175534338 0.996955812 -0.024461359 -0.074031986 -0.207132578
-0.072076350 0.042430330 -0.996496201 -8.598658562 0.026911987 0.998813689 0.040582467 0.176876292 0.997036040 -0.023892654 -0.073132746 -0.212190688
-0.070627652 0.042999811 -0.996575475 -8.666577339 0.024523677 0.998843312 0.041359663 0.179361090 0.997201264 -0.021518564 -0.071600482 -0.218098521
-0.070696600 0.044330962 -0.996512294 -8.733321190 0.023683973 0.998804927 0.042752709 0.179338217 0.997216642 -0.020578898 -0.071662046 -0.222247124
-0.070159793 0.044716921 -0.996533036 -8.796225548 0.023692962 0.998787642 0.043150023 0.181071043 0.997254372 -0.020583421 -0.071134225 -0.226334184
-0.069986060 0.045953140 -0.996488988 -8.862424850 0.022192713 0.998762846 0.044499345 0.182547987 0.997301102 -0.019000456 -0.070919298 -0.230509102
-0.069664657 0.047496825 -0.996439099 -8.921603203 0.020963751 0.998715103 0.046139646 0.183587402 0.997350156 -0.017674800 -0.070570849 -0.236051559
-0.070773631 0.047784552 -0.996347129 -8.983091354 0.022643657 0.998671472 0.046287574 0.185111314 0.997235358 -0.019285003 -0.071761623 -0.239608139
-0.073499307 0.046676632 -0.996202350 -9.040865898 0.021990601 0.998737037 0.045172945 0.187025577 0.997052729 -0.018586909 -0.074432924 -0.243276775
-0.076062918 0.045441195 -0.996067047 -9.097464561 0.021163678 0.998809516 0.043950189 0.187923029 0.996878386 -0.017737461 -0.076934069 -0.249578804
-0.080426730 0.045482237 -0.995722413 -9.152250290 0.019782417 0.998834550 0.044026524 0.188988805 0.996564269 -0.016156888 -0.081232749 -0.253969371
-0.085476138 0.044246737 -0.995357275 -9.207771301 0.017693965 0.998923302 0.042885792 0.190395862 0.996183157 -0.013946102 -0.086166993 -0.257962406
-0.090722613 0.043008208 -0.994947076 -9.261858940 0.017570939 0.998980701 0.041580383 0.191222772 0.995721161 -0.013709873 -0.091385826 -0.263703823
-0.096816711 0.042179286 -0.994408071 -9.310370445 0.018448364 0.999006033 0.040578160 0.191846758 0.995131254 -0.014416559 -0.097498633 -0.270179629
-0.105618067 0.040717579 -0.993572831 -9.360309601 0.021033697 0.999029279 0.038705289 0.192607880 0.994184315 -0.016810535 -0.106371984 -0.276442766
-0.116314679 0.039214045 -0.992437899 -9.407800674 0.022785248 0.999062657 0.036805347 0.193128541 0.992951035 -0.018331945 -0.117099151 -0.282776952
-0.128779337 0.038560517 -0.990923285 -9.454636574 0.022755172 0.999095619 0.035921294 0.194043174 0.991412163 -0.017922712 -0.129540309 -0.288685203
-0.141540453 0.038477764 -0.989184380 -9.499044418 0.023464104 0.999094009 0.035505794 0.194480404 0.989654303 -0.018184822 -0.142315075 -0.295830607
-0.155615002 0.039722603 -0.987018824 -9.542909622 0.024558783 0.999037862 0.036334328 0.194945008 0.987512410 -0.018585812 -0.156440824 -0.303156018
-0.171244800 0.041210502 -0.984366179 -9.584596634 0.026072385 0.998964489 0.037285980 0.196200401 0.984883487 -0.019279748 -0.172141910 -0.310797215
-0.187136248 0.041944254 -0.981438100 -9.623710632 0.024829596 0.998970747 0.037959162 0.195743069 0.982020140 -0.017265180 -0.187985137 -0.319787860
-0.205934420 0.040479135 -0.977728248 -9.662588120 0.022602849 0.999074280 0.036602158 0.196272224 0.978304684 -0.014561800 -0.206658721 -0.329234123
-0.226738006 0.039068941 -0.973171949 -9.700963020 0.020539524 0.999164701 0.035326980 0.197192460 0.973739266 -0.011978521 -0.227351084 -0.338591337
-0.246472180 0.040087264 -0.968320549 -9.736314774 0.021777008 0.999120951 0.035819337 0.197194606 0.968905210 -0.012258658 -0.247128531 -0.351296425
-0.268706143 0.040188055 -0.962383449 -9.772233963 0.020990096 0.999136269 0.035862189 0.198550403 0.962993443 -0.010564131 -0.269317657 -0.361457825
-0.292325854 0.039707817 -0.955494165 -9.806648254 0.019846417 0.999174356 0.035451204 0.199433729 0.956112802 -0.008599831 -0.292872608 -0.373415709
-0.318105698 0.040035892 -0.947209597 -9.840823174 0.020226164 0.999167085 0.035439353 0.198526874 0.947839499 -0.007884955 -0.318650544 -0.386758804
-0.346446484 0.037625831 -0.937314987 -9.872252464 0.019675691 0.999266922 0.032840267 0.199602827 0.937863290 -0.007064921 -0.346932888 -0.400573492
-0.379345894 0.034444168 -0.924613595 -9.904100418 0.021522066 0.999364913 0.028398870 0.200824961 0.925004482 -0.009126598 -0.379846275 -0.414669991
-0.413741410 0.032997318 -0.909796298 -9.933816910 0.023083149 0.999401867 0.025749857 0.200990096 0.910101652 -0.010347181 -0.414255589 -0.431132078
-0.453595400 0.037188634 -0.890431523 -9.962676048 0.028105969 0.999228895 0.027415045 0.199721366 0.890764415 -0.012591099 -0.454290867 -0.446436167
-0.496299028 0.040531624 -0.867205024 -9.986827850 0.030468818 0.999107301 0.029259281 0.199606165 0.867616832 -0.011901355 -0.497090906 -0.462116480
-0.540163577 0.040568821 -0.840581536 -10.014328957 0.031637877 0.999110341 0.027889127 0.202260435 0.840965152 -0.011529523 -0.540966630 -0.483261585
-0.583689332 0.038769383 -0.811050951 -10.039178848 0.029515605 0.999212384 0.026522258 0.202497393 0.811440468 -0.008457900 -0.584373951 -0.502843380
-0.625903308 0.036118399 -0.779063821 -10.062746048 0.027384799 0.999328852 0.024329092 0.202041015 0.779419780 -0.006106847 -0.626472414 -0.523798466
-0.667206168 0.034613170 -0.744068384 -10.086603165 0.031115130 0.999342978 0.018587299 0.204322472 0.744222939 -0.010750221 -0.667844951 -0.546062946
-0.704401970 0.038211972 -0.708771884 -10.107856750 0.035761662 0.999192238 0.018328203 0.201970547 0.708899677 -0.012436441 -0.705199599 -0.570845604
-0.740374029 0.036696553 -0.671192646 -10.127839088 0.032362722 0.999296725 0.018936779 0.202407107 0.671415508 -0.007701321 -0.741041005 -0.595884323
-0.774685204 0.032272033 -0.631523132 -10.146903992 0.024480602 0.999478757 0.021045081 0.201679066 0.631873012 0.000843246 -0.775071502 -0.622544289
-0.806642592 0.027611498 -0.590394258 -10.163925171 0.018548170 0.999598682 0.021407174 0.203788221 0.590748429 0.006317206 -0.806831121 -0.650657177
-0.836024880 0.031735688 -0.547773004 -10.180116653 0.019683531 0.999418020 0.027860621 0.203343973 0.548338354 0.012510066 -0.836162984 -0.679474831
-0.863095880 0.036883991 -0.503691316 -10.195751190 0.023062794 0.999167621 0.033647358 0.203718051 0.504513025 0.017424367 -0.863228202 -0.709239483
-0.887420416 0.037179787 -0.459458947 -10.207328796 0.021677712 0.999005139 0.038970955 0.204230115 0.460450828 0.024623604 -0.887343645 -0.738744259
-0.909909964 0.026987692 -0.413927019 -10.217886925 0.009833919 0.999004304 0.043516953 0.205634758 0.414689302 0.035525981 -0.909269273 -0.770439625
-0.929328859 0.026401281 -0.368308157 -10.226998329 0.010258157 0.998901606 0.045720086 0.205216080 0.369110674 0.038710833 -0.928578913 -0.802438259
-0.946284890 0.024554005 -0.322400212 -10.235610962 0.011253209 0.999009311 0.043054987 0.206104666 0.323138028 0.037114248 -0.945623815 -0.834702492
-0.959897339 0.025090344 -0.279226780 -10.243661880 0.014358400 0.999079823 0.040413987 0.207045719 0.279983878 0.034784026 -0.959374249 -0.866741419
-0.970204532 0.024383761 -0.241057396 -10.249643326 0.015397247 0.999116898 0.039093390 0.207875550 0.241797760 0.034216966 -0.969723165 -0.900681257
-0.978717506 0.018481182 -0.204378396 -10.254598618 0.010937657 0.999218702 0.037977908 0.208951116 0.204920590 0.034934215 -0.978154957 -0.935249805
-0.985230982 0.013248092 -0.170717448 -10.258764267 0.007113190 0.999308407 0.036497701 0.209873706 0.171082884 0.034744315 -0.984643817 -0.970197678
-0.989666581 0.011175451 -0.142951563 -10.262440681 0.006098022 0.999336541 0.035907444 0.210730731 0.143258005 0.034664683 -0.989078104 -1.006612539
-0.992563605 0.010161353 -0.121301673 -10.265311241 0.005751035 0.999311566 0.036653142 0.211397469 0.121590599 0.035682973 -0.991938770 -1.043342233
-0.994922519 0.009944052 -0.100150794 -10.268425941 0.006248616 0.999290347 0.037145052 0.212237552 0.100449085 0.036330648 -0.994278669 -1.081507683
-0.996572912 0.012418225 -0.081781581 -10.271015167 0.009503824 0.999309123 0.035929773 0.213299453 0.082171254 0.035029404 -0.996002376 -1.119372606
