0.999390841 0.003800651 -0.034691200 -0.003292562 -0.003854282 0.999991477 -0.001479189 -0.000683874 0.034685276 0.001611998 0.999396980 0.041680988
0.999128938 0.005175375 -0.041409876 -0.004172334 -0.005197932 0.999986410 -0.000437066 -0.000781176 0.041407049 0.000651931 0.999142170 0.046712056
0.998753428 0.006624804 -0.049473893 -0.004123461 -0.006598607 0.999978006 0.000692796 -0.001229100 0.049477387 -0.000365473 0.998775303 0.050593562
0.998501122 0.007417517 -0.054225322 -0.004593198 -0.007395105 0.999972463 0.000613971 -0.000996974 0.054228380 -0.000212049 0.998528659 0.054103579
0.998286366 0.007148283 -0.058078583 -0.005248873 -0.007149219 0.999974430 0.000191672 -0.001294132 0.058078475 0.000223872 0.998311937 0.056434546
0.998088896 0.007336721 -0.061356038 -0.005526932 -0.007388601 0.999972522 -0.000618720 -0.000822802 0.061349813 0.001070873 0.998115718 0.058496609
0.997953057 0.007195823 -0.063544810 -0.005808133 -0.007240623 0.999973655 -0.000474757 -0.000960421 0.063539721 0.000933889 0.997978866 0.059937708
0.997819901 0.007637102 -0.065552443 -0.005774965 -0.007688282 0.999970317 -0.000528508 -0.001227931 0.065546453 0.001031341 0.997849107 0.060646951
0.997775853 0.007701598 -0.066211969 -0.006052965 -0.007754306 0.999969780 -0.000539088 -0.001007046 0.066205814 0.001051317 0.997805417 0.061213449
0.997792304 0.007877074 -0.065942541 -0.005998099 -0.007911190 0.999968648 -0.000256252 -0.001369679 0.065938458 0.000777370 0.997823417 0.061074261
0.997766912 0.007076367 -0.066416666 -0.005591473 -0.007158272 0.999973893 -0.000995292 -0.001399861 0.066407882 0.001468498 0.997791469 0.060941692
0.997771978 0.006573196 -0.066391364 -0.005868373 -0.006758181 0.999973893 -0.002562082 -0.001252468 0.066372804 0.003005058 0.997790396 0.060833409
0.997772276 0.006773131 -0.066366836 -0.005540013 -0.006989835 0.999970973 -0.003033614 -0.001218970 0.066344358 0.003490750 0.997790694 0.060940396
0.997774005 0.007161177 -0.066300578 -0.005796157 -0.007316837 0.999971032 -0.002105259 -0.001611325 0.066283576 0.002585683 0.997797489 0.060784213
0.997770250 0.007270073 -0.066344850 -0.005855536 -0.007429390 0.999970019 -0.002154922 -0.001942715 0.066327184 0.002643018 0.997794449 0.060794476
0.997789681 0.006917955 -0.066089980 -0.005935510 -0.007118712 0.999970734 -0.002802617 -0.001336743 0.066068657 0.003266898 0.997809708 0.060785618
0.997781157 0.007055919 -0.066202849 -0.005951371 -0.007210557 0.999971807 -0.002097158 -0.001622732 0.066186182 0.002569865 0.997803926 0.060717292
0.997774422 0.006765725 -0.066333696 -0.005772733 -0.006944847 0.999972880 -0.002470117 -0.001618713 0.066315174 0.002925297 0.997794449 0.060790993
0.997765601 0.006917869 -0.066452175 -0.005827121 -0.007113821 0.999971032 -0.002712585 -0.001335548 0.066431485 0.003179252 0.997785926 0.060969278
0.997756958 0.006937092 -0.066580407 -0.005734439 -0.007062550 0.999973655 -0.001649119 -0.002163634 0.066567205 0.002115646 0.997779727 0.060822397
0.997763097 0.007130909 -0.066468030 -0.005853072 -0.007259205 0.999972224 -0.001688858 -0.002130453 0.066454142 0.002167585 0.997787178 0.060862970
0.997749865 0.006950927 -0.066684701 -0.005924103 -0.007090355 0.999973118 -0.001854371 -0.002022825 0.066670023 0.002323017 0.997772396 0.060866538
0.997730553 0.006902564 -0.066977799 -0.005820673 -0.007043545 0.999973357 -0.001868966 -0.002050773 0.066963136 0.002336486 0.997752726 0.060795113
0.997729540 0.006838114 -0.066999651 -0.005858765 -0.006985461 0.999973655 -0.001965191 -0.001974812 0.066984452 0.002428753 0.997751057 0.060800377
0.997722864 0.006798127 -0.067103527 -0.005759146 -0.006928987 0.999974549 -0.001717568 -0.002177793 0.067090161 0.002178617 0.997744501 0.060690772
0.997718394 0.006699602 -0.067179337 -0.005768775 -0.006865045 0.999973953 -0.002232153 -0.001759959 0.067162640 0.002688249 0.997738361 0.060679749
0.997706592 0.006643725 -0.067358851 -0.005866239 -0.006811520 0.999974251 -0.002261707 -0.001724385 0.067342080 0.002715337 0.997726202 0.060853705
0.997703969 0.006571036 -0.067406043 -0.005942064 -0.006752721 0.999974072 -0.002467899 -0.001507131 0.067388073 0.002917407 0.997722566 0.060611416
0.997680604 0.006419390 -0.067765959 -0.005920066 -0.006609661 0.999974728 -0.002583926 -0.001490664 0.067747667 0.003025843 0.997697890 0.060555063
0.997652769 0.006244909 -0.068192288 -0.005701189 -0.006405917 0.999977171 -0.002142675 -0.001909088 0.068177335 0.002574480 0.997669876 0.060679052
0.997619867 0.006005337 -0.068691269 -0.005672274 -0.006176109 0.999978304 -0.002273982 -0.001819913 0.068676122 0.002692815 0.997635365 0.060678173
0.997593462 0.005980422 -0.069078162 -0.005813751 -0.006176767 0.999977469 -0.002629112 -0.001486046 0.069060892 0.003049464 0.997607768 0.060772419
0.997573972 0.005817460 -0.069371350 -0.005812761 -0.006014996 0.999978364 -0.002638953 -0.001462212 0.069354512 0.003049819 0.997587442 0.060703389
0.997577488 0.005802564 -0.069321513 -0.005791915 -0.005964305 0.999979973 -0.002126466 -0.001904984 0.069307789 0.002534769 0.997592032 0.060671676
0.997571349 0.005726787 -0.069416724 -0.005686524 -0.005887071 0.999980450 -0.002104649 -0.001895932 0.069403306 0.002508198 0.997585475 0.060723376
0.997556090 0.005671625 -0.069639817 -0.005792721 -0.005820436 0.999981165 -0.001934127 -0.001987389 0.069627531 0.002334735 0.997570276 0.060514573
0.997545779 0.005646039 -0.069789693 -0.005755497 -0.005780357 0.999981761 -0.001722805 -0.002222056 0.069778703 0.002121986 0.997560203 0.060548447
0.997534037 0.005544696 -0.069964610 -0.005762590 -0.005690487 0.999981999 -0.001884615 -0.002056118 0.069952890 0.002278100 0.997547686 0.060589712
0.997515738 0.005399316 -0.070236005 -0.005688830 -0.005542749 0.999982953 -0.001847419 -0.002115181 0.070224829 0.002232130 0.997528732 0.060698681
0.997511983 0.005367424 -0.070291802 -0.005778757 -0.005499145 0.999983490 -0.001680544 -0.002189457 0.070281632 0.002062908 0.997525036 0.060702164
0.997486949 0.005497854 -0.070635602 -0.005523717 -0.005638635 0.999982476 -0.001793814 -0.002131170 0.070624515 0.002187594 0.997500539 0.060579296
0.997496068 0.005290127 -0.070523009 -0.005758071 -0.005434481 0.999983490 -0.001855180 -0.002084159 0.070512019 0.002233791 0.997508407 0.060601790
0.997492492 0.005358557 -0.070569098 -0.005712994 -0.005500616 0.999983191 -0.001818863 -0.002052209 0.070558168 0.002202475 0.997505248 0.060638268
0.997481883 0.005311474 -0.070721753 -0.005757362 -0.005463064 0.999983191 -0.001950225 -0.001903274 0.070710205 0.002331672 0.997494102 0.060691323
0.997458816 0.005300933 -0.071047410 -0.005626554 -0.005463458 0.999982893 -0.002093442 -0.001789908 0.071035095 0.002476287 0.997470677 0.060749970
0.997438312 0.005194325 -0.071343184 -0.005448871 -0.005339988 0.999983966 -0.001851144 -0.001963004 0.071332425 0.002227373 0.997450113 0.060664330
0.997454464 0.005095423 -0.071124204 -0.005850722 -0.005245664 0.999984384 -0.001925748 -0.001908356 0.071113281 0.002293939 0.997465611 0.060747243
0.997456074 0.005035073 -0.071106173 -0.005883674 -0.005201715 0.999984145 -0.002158584 -0.001697148 0.071094178 0.002522966 0.997466445 0.060806740
0.997431397 0.004974683 -0.071455278 -0.005665573 -0.005148003 0.999984264 -0.002241606 -0.001699334 0.071442999 0.002603700 0.997441292 0.060850505
0.997433484 0.005046796 -0.071420394 -0.005653397 -0.005201186 0.999984503 -0.001975887 -0.001870001 0.071409322 0.002342287 0.997444272 0.060769934
0.997443378 0.005082721 -0.071279846 -0.005892875 -0.005237252 0.999984264 -0.001981211 -0.001843743 0.071268663 0.002349457 0.997454345 0.060713593
0.997420907 0.004941337 -0.071602866 -0.005442845 -0.005077828 0.999985635 -0.001724315 -0.002085952 0.071593292 0.002083456 0.997431755 0.060732923
0.997424006 0.005078108 -0.071551181 -0.005444149 -0.005212218 0.999985039 -0.001687742 -0.002091425 0.071541533 0.002056335 0.997435510 0.060737755
0.997417688 0.005104295 -0.071636155 -0.005569242 -0.005234230 0.999984980 -0.001626199 -0.002116302 0.071626782 0.001996960 0.997429490 0.060737070
0.997438312 0.005081861 -0.071351051 -0.005666107 -0.005220432 0.999984860 -0.001755745 -0.001996539 0.071341068 0.002123730 0.997449696 0.060631841
0.997428834 0.005112802 -0.071481146 -0.005583821 -0.005245131 0.999984860 -0.001663665 -0.002089287 0.071471572 0.002034316 0.997440517 0.060621638
0.997435927 0.005046811 -0.071387030 -0.005651759 -0.005176657 0.999985278 -0.001634017 -0.002085764 0.071377739 0.001999373 0.997447371 0.060676496
0.997431099 0.005107697 -0.071450070 -0.005603022 -0.005241754 0.999984860 -0.001688856 -0.002062841 0.071440376 0.002059042 0.997442722 0.060638290
0.997433305 0.005010463 -0.071426123 -0.005608056 -0.005136961 0.999985516 -0.001587434 -0.002070770 0.071417153 0.001950273 0.997444630 0.060592234
0.997446716 0.004993868 -0.071239106 -0.005857454 -0.005141103 0.999985039 -0.001883561 -0.001861868 0.071228608 0.002245000 0.997457504 0.060705859
0.997443914 0.005095317 -0.071270496 -0.005900805 -0.005243869 0.999984503 -0.001897389 -0.001865915 0.071259700 0.002266272 0.997455239 0.060703948
0.997392595 0.004965028 -0.071995623 -0.005887032 -0.005126997 0.999984741 -0.002065093 -0.001890628 0.071984254 0.002428830 0.997402787 0.060812417
0.997214794 0.005331392 -0.074392244 -0.006045736 -0.005533692 0.999981642 -0.002513532 -0.001852609 0.074377462 0.002918195 0.997225821 0.060854673
0.997047782 0.005887785 -0.076557778 -0.005860720 -0.006134284 0.999976754 -0.002985025 -0.001718728 0.076538421 0.003445840 0.997060657 0.061414994
0.996831954 0.006361017 -0.079282105 -0.006673599 -0.006603199 0.999974310 -0.002792878 -0.001963056 0.079262301 0.003307545 0.996848285 0.061922070
0.996554732 0.005991980 -0.082720704 -0.007686804 -0.006241937 0.999976635 -0.002763413 -0.001828275 0.082702227 0.003270230 0.996568859 0.063032404
0.995987773 0.006144734 -0.089277253 -0.007050572 -0.006452691 0.999974191 -0.003161241 -0.001468909 0.089255527 0.003724637 0.996001720 0.064273462
0.995345712 0.006903308 -0.096121088 -0.007984823 -0.007188981 0.999970734 -0.002626021 -0.001839784 0.096100159 0.003304812 0.995366156 0.065283075
0.994525313 0.007320299 -0.104239248 -0.008297380 -0.007580389 0.999969065 -0.002099173 -0.002075078 0.104220659 0.002877855 0.994550049 0.066746809
0.993536174 0.007551294 -0.113264263 -0.008936961 -0.007856714 0.999966562 -0.002250375 -0.001910678 0.113243505 0.003125715 0.993562341 0.068616465
0.992296576 0.007759011 -0.123641647 -0.008927668 -0.008090246 0.999964952 -0.002177137 -0.001823192 0.123620421 0.003160658 0.992324531 0.070869714
0.991282523 0.008384313 -0.131485984 -0.011416328 -0.008750291 0.999959290 -0.002205849 -0.001410134 0.131462142 0.003337160 0.991315484 0.073304385
0.989669144 0.008650762 -0.143108845 -0.012698180 -0.009014403 0.999957621 -0.001892815 -0.001545056 0.143086419 0.003163301 0.989705086 0.075604998
0.987441123 0.009056412 -0.157728121 -0.012974537 -0.009457191 0.999953747 -0.001790597 -0.001530232 0.157704636 0.003259774 0.987480879 0.078346014
0.984973729 0.009372762 -0.172449231 -0.013803921 -0.009969343 0.999947011 -0.002593687 -0.001313436 0.172415793 0.004273919 0.985014975 0.081327893
0.982386827 0.009865171 -0.186597899 -0.016319081 -0.010814413 0.999933243 -0.004069846 -0.001524017 0.186545283 0.006016111 0.982427895 0.084372699
0.978909135 0.010894820 -0.204005793 -0.017930871 -0.012286893 0.999909043 -0.005558275 -0.001594488 0.203926668 0.007947642 0.978953958 0.088471472
0.974948347 0.012714670 -0.222067177 -0.019823715 -0.014396103 0.999878645 -0.005954654 -0.001688081 0.221964523 0.009002383 0.975013196 0.093769982
0.970779061 0.013423057 -0.239599228 -0.022634594 -0.014990676 0.999876499 -0.004721364 -0.001516949 0.239506304 0.008175158 0.970860362 0.098962635
0.965890467 0.012607688 -0.258643717 -0.025011057 -0.013671306 0.999903858 -0.002314028 -0.002087179 0.258589685 0.005771095 0.965970039 0.105509900
0.960448205 0.011895642 -0.278204352 -0.028878635 -0.012581232 0.999920547 -0.000679084 -0.001937238 0.278174222 0.004152379 0.960521638 0.113526471
0.953540623 0.013346910 -0.300968736 -0.032321483 -0.013587570 0.999906838 0.001293717 -0.001848951 0.300958037 0.002855822 0.953633130 0.121578813
0.945919335 0.015706984 -0.324021339 -0.036866877 -0.014927514 0.999876559 0.004891108 -0.001904978 0.324058175 0.000210240 0.946037173 0.130593911
0.937647641 0.016514022 -0.347194761 -0.041695751 -0.014843284 0.999861896 0.007471223 -0.001818843 0.347270131 -0.001851865 0.937763274 0.139474705
0.928130925 0.015800828 -0.371918499 -0.046912096 -0.013418149 0.999869466 0.008993817 -0.001670221 0.372012049 -0.003356982 0.928221822 0.149486542
0.917409301 0.015839430 -0.397629619 -0.052503526 -0.011861173 0.999852002 0.012462688 -0.001899291 0.397768170 -0.006717031 0.917461276 0.158884615
0.904154956 0.016133793 -0.426900119 -0.057917111 -0.010414980 0.999822080 0.015727727 -0.001432972 0.427077889 -0.009774144 0.904161990 0.169632882
0.889496922 0.017066592 -0.456622332 -0.065743499 -0.010006182 0.999790251 0.017875912 -0.001339289 0.456831604 -0.011331523 0.889480889 0.179973379
0.871728241 0.017170312 -0.489688694 -0.074024163 -0.009234576 0.999783993 0.018617056 -0.001690528 0.489902616 -0.011706944 0.871698558 0.190937698
0.850574255 0.018318500 -0.525535762 -0.083425783 -0.010744056 0.999789894 0.017460341 -0.001193661 0.525745094 -0.009204931 0.850592315 0.202685788
0.826059282 0.021010775 -0.563191473 -0.093852013 -0.013672161 0.999757826 0.017243996 -0.001395798 0.563417435 -0.006544518 0.826146483 0.214337632
0.797563553 0.021349994 -0.602857053 -0.106606074 -0.013912885 0.999758661 0.016999774 -0.001269505 0.603074491 -0.005170918 0.797668099 0.227727771
0.765668571 0.018355086 -0.642973542 -0.121297695 -0.010361709 0.999814987 0.016202940 -0.001217195 0.643151879 -0.005743774 0.765717089 0.240890026
0.729128122 0.014750710 -0.684218287 -0.136156127 -0.007167361 0.999877453 0.013918043 -0.000824730 0.684339643 -0.005243995 0.729144454 0.256377995
0.692115009 0.013559234 -0.721659720 -0.155316204 -0.006433230 0.999899685 0.012617217 -0.000606750 0.721758425 -0.004089964 0.692132831 0.271851808
0.653277397 0.014179924 -0.756985784 -0.176221848 -0.005948184 0.999889910 0.013596751 -0.000467962 0.757095277 -0.004379760 0.653289735 0.286809146
0.612675190 0.014492279 -0.790201902 -0.199541748 -0.003899556 0.999875069 0.015314200 -0.000442835 0.790325165 -0.006301193 0.612655222 0.301761210
0.569561541 0.015706444 -0.821798742 -0.225171611 -0.002361427 0.999844491 0.017472679 0.000833592 0.821945310 -0.008011148 0.569510162 0.317417890
0.525280595 0.019363306 -0.850708842 -0.253835320 -0.002037623 0.999766767 0.021497924 0.001512190 0.850926697 -0.009559019 0.525197566 0.332200021
0.479178607 0.023865186 -0.877392948 -0.284375429 0.000757276 0.999618649 0.027603317 0.002230923 0.877717078 -0.013891350 0.478977889 0.346250176
0.429704517 0.027210483 -0.902559519 -0.316405773 0.006117155 0.999435186 0.033043452 0.003187448 0.902948856 -0.019720018 0.429295301 0.360313594
0.379366189 0.030926056 -0.924729705 -0.351638973 0.011248997 0.999213159 0.038031895 0.003949543 0.925178230 -0.024830293 0.378719836 0.373412311
0.327977836 0.035266273 -0.944026947 -0.388614655 0.014156121 0.999007225 0.042238366 0.005092580 0.944579363 -0.027217006 0.327152967 0.385322183
0.278408289 0.039472885 -0.959651351 -0.427409351 0.017662149 0.998775780 0.046206214 0.006206779 0.960300446 -0.029813694 0.277370214 0.395013750
0.229707867 0.041436519 -0.972377121 -0.469577521 0.021713786 0.998626411 0.047684610 0.007808803 0.973017395 -0.032067519 0.228492603 0.403510958
0.184122622 0.040532116 -0.982067168 -0.512623727 0.025519297 0.998615444 0.045999575 0.010299072 0.982571959 -0.033531230 0.182833344 0.410603464
0.144997910 0.040072363 -0.988620102 -0.557233989 0.027627591 0.998625934 0.044529986 0.011358732 0.989046097 -0.033769943 0.143691555 0.414507270
0.110606611 0.039403986 -0.993082821 -0.603669941 0.027432719 0.998711944 0.042682715 0.013239568 0.993485570 -0.031963956 0.109383196 0.418887854
0.082987443 0.037346531 -0.995850503 -0.651795566 0.026948739 0.998847961 0.039704669 0.014890095 0.996186197 -0.030131906 0.081885383 0.422054887
0.062642820 0.035772465 -0.997394621 -0.703666806 0.027710743 0.998909831 0.037567224 0.016523546 0.997651219 -0.029991865 0.061583247 0.422933728
0.046276081 0.034727253 -0.998324811 -0.756307244 0.028593896 0.998939931 0.036074091 0.018783750 0.998519301 -0.030215360 0.045234039 0.423746228
0.031069715 0.033294141 -0.998962522 -0.809286594 0.030675311 0.998942494 0.034247540 0.020424053 0.999046385 -0.031707548 0.030015547 0.425926417
0.016837891 0.031675540 -0.999356329 -0.863729119 0.032877397 0.998939991 0.032216277 0.021111652 0.999317467 -0.033398688 0.015778631 0.426005304
0.002221555 0.027776707 -0.999611676 -0.921148539 0.034114320 0.999030232 0.027836360 0.023146957 0.999415457 -0.034162909 0.001271818 0.425648749
-0.012390019 0.025221143 -0.999605119 -0.975669026 0.035199367 0.999073267 0.024771428 0.023926847 0.999303520 -0.034878548 -0.013266304 0.424491167
-0.024580099 0.024857637 -0.999388754 -1.032874346 0.031975068 0.999198854 0.024066484 0.024802856 0.999186397 -0.031363964 -0.025355231 0.421823621
-0.034387249 0.024354573 -0.999111831 -1.093431950 0.028106565 0.999331176 0.023392553 0.026398992 0.999013245 -0.027277194 -0.035048775 0.419495940
-0.039457723 0.025104605 -0.998905838 -1.155509591 0.023565566 0.999429643 0.024186904 0.026141679 0.998943329 -0.022585422 -0.040026832 0.415254295
-0.041446634 0.024276389 -0.998845756 -1.219058514 0.020867400 0.999507666 0.023426594 0.027859615 0.998922825 -0.019872362 -0.041932810 0.411628544
-0.041920114 0.025198851 -0.998803139 -1.282232881 0.020878779 0.999485672 0.024339780 0.029109379 0.998902798 -0.019833466 -0.042424675 0.407627076
-0.043167647 0.025997132 -0.998729527 -1.347676277 0.021212881 0.999459803 0.025099268 0.030454732 0.998842657 -0.020102456 -0.043695796 0.404234111
-0.045464560 0.026099307 -0.998624921 -1.414477229 0.021874923 0.999444902 0.025124835 0.032014959 0.998726428 -0.020702554 -0.046010245 0.399932861
-0.050042596 0.026867604 -0.998385608 -1.482157826 0.023246581 0.999398530 0.025729662 0.033087142 0.998476505 -0.021921474 -0.050637070 0.396498024
-0.055113293 0.026708581 -0.998122871 -1.551476717 0.022757621 0.999415994 0.025486581 0.033731356 0.998220801 -0.021310251 -0.055688933 0.392811894
-0.059002679 0.026607370 -0.997903109 -1.622250676 0.023309542 0.999408901 0.025269300 0.034860179 0.997985661 -0.021769708 -0.059588004 0.386927724
-0.061916742 0.026875740 -0.997719407 -1.693935752 0.022545515 0.999419987 0.025522411 0.035872154 0.997826695 -0.020913832 -0.062486764 0.379840732
-0.068534724 0.030036390 -0.997196496 -1.766343355 0.023849184 0.999310374 0.028460965 0.036493495 0.997363627 -0.021831756 -0.069203801 0.375724345
-0.073332436 0.032040752 -0.996792734 -1.839701772 0.026363926 0.999196827 0.030178471 0.040010247 0.996959090 -0.024066312 -0.074118242 0.370675951
-0.078064099 0.035715349 -0.996308327 -1.914828420 0.025738269 0.999097168 0.033798635 0.040192097 0.996616006 -0.023004794 -0.078912884 0.364163756
-0.079667509 0.035401557 -0.996192634 -1.990701675 0.025572088 0.999112844 0.033460278 0.041708138 0.996493459 -0.022809027 -0.080502115 0.357450515
-0.080772281 0.033151142 -0.996181011 -2.067032099 0.023206139 0.999238372 0.031371273 0.043985888 0.996462345 -0.020583590 -0.081480049 0.352854371
-0.078280158 0.033389550 -0.996372104 -2.143977880 0.024005819 0.999212325 0.031598710 0.044847406 0.996642351 -0.021445176 -0.079020046 0.344038010
-0.077375934 0.035991054 -0.996352136 -2.220493793 0.025866948 0.999084234 0.034080945 0.046183333 0.996666372 -0.023135547 -0.078236066 0.337305307
-0.076356024 0.037176266 -0.996387303 -2.298030138 0.025925787 0.999040842 0.035288502 0.048339508 0.996743441 -0.023137635 -0.077246629 0.330762416
-0.076460883 0.038429771 -0.996331692 -2.375476599 0.026914185 0.998972476 0.036466163 0.050206438 0.996709287 -0.024027223 -0.077416629 0.325808525
-0.075261906 0.039792851 -0.996369481 -2.450953245 0.026629802 0.998927295 0.037883483 0.050662171 0.996808112 -0.023681937 -0.076240838 0.318237841
-0.074767537 0.039533809 -0.996416986 -2.526413441 0.028075762 0.998901188 0.037525669 0.052204095 0.996805727 -0.025169464 -0.075795308 0.311852843
-0.074016340 0.038201660 -0.996525168 -2.602297068 0.026773531 0.998981953 0.036307260 0.053627033 0.996897578 -0.023993166 -0.074963786 0.305937827
-0.073909216 0.035160162 -0.996644855 -2.677952528 0.026995098 0.999082685 0.033244252 0.055934448 0.996899486 -0.024447475 -0.074790567 0.299746633
-0.072957583 0.035674971 -0.996696770 -2.754422426 0.026177341 0.999084234 0.033844259 0.056265824 0.996991456 -0.023621680 -0.073824666 0.293518603
-0.073419385 0.038244020 -0.996567607 -2.828745365 0.025590150 0.999007583 0.036452379 0.057646487 0.996972859 -0.022825999 -0.074325204 0.288424700
-0.071616694 0.040347002 -0.996615887 -2.906034946 0.025507350 0.998928845 0.038607687 0.058379844 0.997106016 -0.022656076 -0.072569124 0.280897141
-0.069985084 0.038747329 -0.996795237 -2.982588053 0.025637560 0.998985231 0.037032437 0.059690151 0.997218549 -0.022963684 -0.070907444 0.272676826
-0.071189769 0.036660742 -0.996788979 -3.057081699 0.026292270 0.999046028 0.034865990 0.061075289 0.997116208 -0.023725742 -0.072085768 0.269473970
-0.071474761 0.035383180 -0.996814668 -3.131536961 0.026484255 0.999085605 0.033564784 0.061868969 0.997090757 -0.024000861 -0.072346509 0.264108837
-0.070031345 0.037885934 -0.996825099 -3.208064318 0.024327781 0.999046206 0.036261216 0.063262321 0.997248232 -0.021711119 -0.070886225 0.257066369
-0.071078740 0.039812725 -0.996675849 -3.283515453 0.023282457 0.998997152 0.038245041 0.066132985 0.997198880 -0.020486651 -0.071934402 0.253118873
-0.069523148 0.043033194 -0.996651709 -3.357904434 0.022585846 0.998880923 0.041553937 0.066467941 0.997324586 -0.019621264 -0.070417300 0.245500043
-0.069717519 0.041924097 -0.996685386 -3.432540894 0.020499926 0.998965681 0.040586066 0.067725889 0.997356057 -0.017602418 -0.070504852 0.239862189
-0.069139689 0.040103462 -0.996800601 -3.505689621 0.019750649 0.999050856 0.038824059 0.069436058 0.997411430 -0.017003175 -0.069866121 0.233641341
-0.069580555 0.039033458 -0.996812522 -3.579657078 0.018758325 0.999108791 0.037813991 0.071586058 0.997399926 -0.016067410 -0.070250764 0.228385299
-0.069126964 0.040528744 -0.996784389 -3.653229952 0.018505331 0.999054611 0.039337713 0.072668150 0.997436225 -0.015726523 -0.069811627 0.222856492
-0.068582669 0.041897438 -0.996765375 -3.725875616 0.019553332 0.998982370 0.040645260 0.074057922 0.997453809 -0.016702522 -0.069332108 0.216014266
-0.068157971 0.041202039 -0.996823370 -3.800627470 0.020179061 0.998999417 0.039912239 0.075875670 0.997470438 -0.017394628 -0.068921193 0.210680455
-0.067839801 0.039174430 -0.996926844 -3.874055624 0.022342049 0.999037862 0.037737031 0.077241726 0.997446001 -0.019713318 -0.068649769 0.205343693
-0.069029242 0.038207125 -0.996882677 -3.945000410 0.025047993 0.999017715 0.036554500 0.078435436 0.997300088 -0.022446584 -0.069918439 0.200772136
-0.070394799 0.039314166 -0.996744156 -4.018316746 0.027955644 0.998908281 0.037425160 0.078813151 0.997127414 -0.025230089 -0.071417019 0.195607215
-0.072576404 0.040280838 -0.996549010 -4.091539383 0.028620251 0.998856843 0.038289767 0.080351949 0.996952116 -0.025742553 -0.073646292 0.189455092
-0.076365933 0.042476721 -0.996174693 -4.162276268 0.029944999 0.998739183 0.040290516 0.080685906 0.996630192 -0.026753623 -0.077541620 0.184123307
-0.079517938 0.042666763 -0.995919824 -4.234004974 0.028254107 0.998778641 0.040533323 0.082357973 0.996432900 -0.024915703 -0.080626324 0.177864939
-0.082337677 0.041305367 -0.995748162 -4.306570530 0.025450515 0.998902023 0.039331712 0.083978631 0.996279478 -0.022103820 -0.083298519 0.171451420
-0.085180163 0.040117856 -0.995557606 -4.378141403 0.024282591 0.998975873 0.038177982 0.085285038 0.996069610 -0.020922709 -0.086067088 0.164737791
-0.087491393 0.039518088 -0.995381057 -4.448896408 0.023910753 0.999008358 0.037560407 0.086631283 0.995878279 -0.020514106 -0.088349529 0.157513261
-0.090187587 0.040603716 -0.995096684 -4.519593716 0.023740042 0.998972237 0.038610250 0.088044994 0.995641828 -0.020141471 -0.091058835 0.151652902
-0.092226990 0.040840175 -0.994900048 -4.590937614 0.024216885 0.998954952 0.038761716 0.090509810 0.995443404 -0.020518508 -0.093119636 0.144729048
-0.093902923 0.041061837 -0.994734168 -4.660462379 0.023356823 0.998964906 0.039031591 0.091846883 0.995307267 -0.019568650 -0.094764799 0.137893915
-0.094372340 0.040781323 -0.994701266 -4.731096745 0.023464251 0.998974144 0.038730334 0.094676562 0.995260358 -0.019684847 -0.095232427 0.129612356
-0.095323257 0.042337645 -0.994545639 -4.802721024 0.022560460 0.998930395 0.040361971 0.095215313 0.995190680 -0.018589977 -0.096176460 0.120887816
-0.094297424 0.042871427 -0.994620502 -4.871383667 0.022624012 0.998906612 0.040911239 0.096723929 0.995286942 -0.018644484 -0.095164239 0.112593681
-0.093493089 0.041663833 -0.994747758 -4.944014072 0.020845039 0.998986900 0.039882228 0.097805694 0.995401621 -0.017006842 -0.094266862 0.104831696
-0.094227605 0.041294236 -0.994693816 -5.010473251 0.021352304 0.998993397 0.039450012 0.099178746 0.995321691 -0.017521726 -0.095014475 0.100992113
-0.091658816 0.042196479 -0.994895935 -5.077707291 0.024465697 0.998895586 0.040112108 0.099732846 0.995489955 -0.020664196 -0.092589952 0.092569828
-0.089375347 0.041568507 -0.995130122 -5.149296284 0.026752725 0.998868406 0.039321925 0.100804172 0.995638669 -0.023108032 -0.090386286 0.085461229
-0.087780923 0.040452842 -0.995318055 -5.216228962 0.029672867 0.998837888 0.037978932 0.102741688 0.995697677 -0.026200108 -0.088879272 0.080324501
-0.086170077 0.039895482 -0.995481372 -5.283788681 0.033245366 0.998756588 0.037148982 0.103288293 0.995725513 -0.029894011 -0.087389283 0.075046182
-0.083937839 0.040313534 -0.995655239 -5.352077961 0.033685558 0.998725057 0.037598003 0.105402768 0.995901406 -0.030383306 -0.085188828 0.068528831
-0.081352443 0.041966289 -0.995801508 -5.422163010 0.034275819 0.998640120 0.039285731 0.106668927 0.996095836 -0.030935926 -0.082680233 0.062746078
-0.079692818 0.042391535 -0.995917797 -5.490386963 0.032213464 0.998683035 0.039931547 0.108730122 0.996298790 -0.028899703 -0.080953449 0.057590812
-0.077806890 0.041941162 -0.996085882 -5.559069633 0.031537142 0.998718262 0.039588559 0.110787041 0.996469498 -0.028333440 -0.079029866 0.051800251
-0.074925564 0.041462135 -0.996326804 -5.627067089 0.031127747 0.998745501 0.039221928 0.110927358 0.996703148 -0.028074685 -0.076122180 0.044445097
-0.072099239 0.039074879 -0.996631801 -5.695337296 0.029970596 0.998865902 0.036994323 0.112162404 0.996947050 -0.027202385 -0.073188573 0.037163198
-0.071565911 0.035966758 -0.996787310 -5.763758659 0.029322550 0.998993516 0.033941112 0.113404527 0.997004688 -0.026799319 -0.072548524 0.033584148
-0.069449514 0.033787481 -0.997013152 -5.832605839 0.030468151 0.999031961 0.031733561 0.114659257 0.997120082 -0.028173264 -0.070411712 0.026873410
-0.068978131 0.033618074 -0.997051537 -5.899532795 0.030456694 0.999037087 0.031577963 0.115308873 0.997153163 -0.028188704 -0.069935605 0.022953510
-0.068874240 0.034865126 -0.997015953 -5.967850685 0.030543048 0.998994350 0.032824382 0.116959572 0.997157693 -0.028191153 -0.069869846 0.018397301
-0.069029614 0.037971318 -0.996891677 -6.035723686 0.031177590 0.998869359 0.035887755 0.117644481 0.997127295 -0.028603366 -0.070135415 0.013173550
-0.069338493 0.040450059 -0.996772766 -6.103166580 0.028612304 0.998847187 0.038543887 0.117600337 0.997182786 -0.025847394 -0.070415914 0.007831424
-0.071267411 0.041236583 -0.996604443 -6.169086456 0.025324352 0.998897791 0.039520528 0.119347699 0.997135758 -0.022421839 -0.072233148 0.003394753
-0.070921287 0.039926969 -0.996682525 -6.238519669 0.020395314 0.999047637 0.038570438 0.121378683 0.997273386 -0.017592188 -0.071668088 -0.003642917
-0.072551817 0.039422121 -0.996585190 -6.305976868 0.017467076 0.999115467 0.038250599 0.122510590 0.997211635 -0.014632273 -0.073176220 -0.007944107
-0.071826115 0.038339686 -0.996680021 -6.370997906 0.012469800 0.999217391 0.037538640 0.124478765 0.997339249 -0.009732144 -0.072247997 -0.015232682
-0.072589345 0.037192684 -0.996668160 -6.440885544 0.012871085 0.999256134 0.036351826 0.124715336 0.997278810 -0.010189444 -0.073014073 -0.020523816
-0.073546506 0.035631143 -0.996655107 -6.508590698 0.011020770 0.999329627 0.034913495 0.125541180 0.997230828 -0.008416141 -0.073889889 -0.025701284
-0.073992096 0.034710497 -0.996654570 -6.574252605 0.012112339 0.999351680 0.033905201 0.127151817 0.997185290 -0.009563103 -0.074364550 -0.031934679
-0.075346038 0.039667234 -0.996368170 -6.642124653 0.016924398 0.999115348 0.038496770 0.128628358 0.997013867 -0.013962353 -0.075950734 -0.036392003
-0.075706080 0.045371316 -0.996097386 -6.709324360 0.018556450 0.998855412 0.044086602 0.129459113 0.996957541 -0.015146406 -0.076461345 -0.042405695
-0.076684140 0.045534454 -0.996015131 -6.775137901 0.020354858 0.998819947 0.044095542 0.131568864 0.996847630 -0.016892318 -0.077520490 -0.047590613
-0.077222914 0.041654445 -0.996143401 -6.842562199 0.022474527 0.998945713 0.040029369 0.132690310 0.996760547 -0.019296667 -0.078077674 -0.053593218
-0.077621415 0.038631838 -0.996234179 -6.906853676 0.023923205 0.999033511 0.036876418 0.132915631 0.996695757 -0.020970715 -0.078470588 -0.058974057
-0.079011723 0.036683973 -0.996198475 -6.972431660 0.022635078 0.999131083 0.034996707 0.134836048 0.996616662 -0.019783881 -0.079773411 -0.063668638
-0.078959949 0.036628552 -0.996204555 -7.040523052 0.023066992 0.999124289 0.034907598 0.135586023 0.996610820 -0.020223143 -0.079735704 -0.070204526
-0.079197407 0.036259733 -0.996199250 -7.103617668 0.024058810 0.999116719 0.034453254 0.136963606 0.996568561 -0.021238761 -0.079999827 -0.075364262
-0.079881467 0.034278706 -0.996214807 -7.169369221 0.025993278 0.999140322 0.032295093 0.137511283 0.996465325 -0.023315106 -0.080703817 -0.080081791
-0.080009922 0.031775210 -0.996287525 -7.234344006 0.028295580 0.999161363 0.029594503 0.137844026 0.996392310 -0.025822675 -0.080841929 -0.085010111
-0.079652011 0.031094905 -0.996337593 -7.298577309 0.030618487 0.999118030 0.028733891 0.138812661 0.996352375 -0.028217638 -0.080533840 -0.089914918
-0.078451611 0.033278834 -0.996362329 -7.364083290 0.033055816 0.998979926 0.030763512 0.139590919 0.996369720 -0.030522123 -0.079471648 -0.095996797
-0.078102894 0.036883231 -0.996262729 -7.429232121 0.034556445 0.998815000 0.034268640 0.140917718 0.996346176 -0.031750824 -0.079284914 -0.100951970
-0.076903068 0.038346615 -0.996300876 -7.492801189 0.034523938 0.998763323 0.035776529 0.141635701 0.996440589 -0.031644907 -0.078131840 -0.106611133
-0.074967563 0.037705872 -0.996472836 -7.555523396 0.032909706 0.998834074 0.035319336 0.141901121 0.996642709 -0.030145826 -0.076121055 -0.113321066
-0.074131265 0.036257181 -0.996589124 -7.619543552 0.031298220 0.998931170 0.034014281 0.142678648 0.996757209 -0.028669944 -0.075186811 -0.118928730
-0.073098131 0.036782563 -0.996646225 -7.681569099 0.029723566 0.998956144 0.034687772 0.143745869 0.996881664 -0.027088271 -0.074115135 -0.123886615
-0.071986668 0.038228530 -0.996672809 -7.746004105 0.029879192 0.998899341 0.036155853 0.145346820 0.996957898 -0.027177034 -0.073049702 -0.128289729
-0.071062520 0.040410805 -0.996652901 -7.808726788 0.030053845 0.998812199 0.038355477 0.145427585 0.997018993 -0.027227616 -0.072192609 -0.133338869
-0.070855372 0.039095830 -0.996720135 -7.872122288 0.031116989 0.998831928 0.036966596 0.147460133 0.997001112 -0.028395645 -0.071989149 -0.137238920
-0.069843896 0.038676992 -0.996807814 -7.935424328 0.031320915 0.998840392 0.036561280 0.149297863 0.997066140 -0.028667349 -0.070974298 -0.142051697
-0.068940438 0.038696770 -0.996869981 -7.997322559 0.029935077 0.998877764 0.036704484 0.150172025 0.997171581 -0.027310958 -0.070021451 -0.146375269
-0.068544067 0.039939970 -0.996848285 -8.058743477 0.028333902 0.998873115 0.038072843 0.151566759 0.997245610 -0.025634935 -0.069598474 -0.150790155
-0.068171270 0.041056544 -0.996828437 -8.118018150 0.026953412 0.998863935 0.039297089 0.151482239 0.997309506 -0.024188993 -0.069200441 -0.153836131
-0.067403600 0.041060589 -0.996880531 -8.176958084 0.026685819 0.998869538 0.039338164 0.152459323 0.997368872 -0.023951039 -0.068423137 -0.158624262
-0.067496255 0.041911159 -0.996838868 -8.235625267 0.026976367 0.998828709 0.040168244 0.154327378 0.997354805 -0.024179883 -0.068547800 -0.162236720
-0.068189777 0.043053951 -0.996743023 -8.292584419 0.025961952 0.998806655 0.041366965 0.155844182 0.997334540 -0.023056589 -0.069226176 -0.164368421
-0.067959666 0.043901879 -0.996721625 -8.346673965 0.024875322 0.998795331 0.042297132 0.155487388 0.997377932 -0.021919278 -0.068969868 -0.170452654
-0.070641346 0.042577062 -0.996592700 -8.399978638 0.024952892 0.998851478 0.040904827 0.156532615 0.997189641 -0.021978302 -0.071622625 -0.174107760
-0.074669838 0.041729555 -0.996334791 -8.452149391 0.025006859 0.998888195 0.039962366 0.157586262 0.996894777 -0.021931220 -0.075630352 -0.177325726
-0.078831047 0.041216344 -0.996035576 -8.502974510 0.023025200 0.998953640 0.039514758 0.159096316 0.996622086 -0.019818926 -0.079697564 -0.181705892
-0.082989901 0.040858883 -0.995712459 -8.551416397 0.021249590 0.999004483 0.039222885 0.159107134 0.996323824 -0.017903376 -0.083775528 -0.187491119
-0.087194890 0.040151998 -0.995381773 -8.601357460 0.020802734 0.999042928 0.038477372 0.159048498 0.995974064 -0.017351633 -0.087946691 -0.193089843
-0.094166137 0.039306164 -0.994780183 -8.647463799 0.022086905 0.999056935 0.037384380 0.158972099 0.995311499 -0.018451279 -0.094945475 -0.198071659
-0.103980072 0.037278205 -0.993880570 -8.692987442 0.024628242 0.999087393 0.034896880 0.160387635 0.994274437 -0.020848954 -0.104803264 -0.202682614
-0.115278140 0.035984475 -0.992681205 -8.739315987 0.026889777 0.999090493 0.033094145 0.160630956 0.992969334 -0.022877939 -0.116140902 -0.207877398
-0.125842646 0.035795204 -0.991404235 -8.782070160 0.026486872 0.999113858 0.032711480 0.160474032 0.991696596 -0.022142697 -0.126679242 -0.217031717
-0.138265774 0.034637056 -0.989789307 -8.823076248 0.026442526 0.999161124 0.031271204 0.162081793 0.990042031 -0.021848794 -0.139065683 -0.221997797
-0.150973201 0.035515871 -0.987899661 -8.862664223 0.027522549 0.999117970 0.031713121 0.162373453 0.988154590 -0.022401683 -0.151817530 -0.231527805
-0.166524470 0.038693685 -0.985277891 -8.902019501 0.029133165 0.998986542 0.034308180 0.161193669 0.985606849 -0.022991113 -0.167483002 -0.239034653
-0.183779106 0.037926454 -0.982235610 -8.938003540 0.027988745 0.999052107 0.033338998 0.162975729 0.982569039 -0.021364531 -0.184666425 -0.244632006
-0.202486247 0.037064690 -0.978583395 -8.974067688 0.025094148 0.999151647 0.032651313 0.162495747 0.978963554 -0.017945271 -0.203244597 -0.253332973
-0.222237229 0.035198789 -0.974357009 -9.008162498 0.022715069 0.999263763 0.030917568 0.163498402 0.974727988 -0.015261550 -0.222873166 -0.262489080
-0.243611604 0.035477269 -0.969223738 -9.041945457 0.024031149 0.999244750 0.030535996 0.164188832 0.969575167 -0.015852641 -0.244280130 -0.271976709
-0.265511721 0.036574293 -0.963413656 -9.074697495 0.023776794 0.999224603 0.031381033 0.164283335 0.963814318 -0.014574854 -0.266175449 -0.282115221
-0.288571209 0.036336552 -0.956768632 -9.106468201 0.023061329 0.999253452 0.030994527 0.164634302 0.957180619 -0.013120227 -0.289193749 -0.293607473
-0.315171719 0.035658505 -0.948364556 -9.137887955 0.022857638 0.999289155 0.029976960 0.165123954 0.948759377 -0.012229485 -0.315762728 -0.304502964
-0.343558192 0.034430988 -0.938500047 -9.167415619 0.022653639 0.999340773 0.028370213 0.164317220 0.938858032 -0.011513626 -0.344111681 -0.318105936
-0.375391811 0.031108521 -0.926344037 -9.194706917 0.023747366 0.999431252 0.023939556 0.165396452 0.926561892 -0.013011513 -0.375917107 -0.330622673
-0.410188109 0.029463470 -0.911524892 -9.222495079 0.025061334 0.999464750 0.021028318 0.165559322 0.911656559 -0.014218463 -0.410706937 -0.345516920
-0.449392498 0.031752665 -0.892769992 -9.248601913 0.029317707 0.999354005 0.020785864 0.165671095 0.892853141 -0.016832951 -0.450033158 -0.359542370
-0.493455142 0.035782035 -0.869034946 -9.273929596 0.033798099 0.999187648 0.021949772 0.166451499 0.869114339 -0.018540498 -0.494263649 -0.374468088
-0.538129389 0.036982276 -0.842050433 -9.299035072 0.032513119 0.999204278 0.023106189 0.166048735 0.842234910 -0.014943567 -0.538903475 -0.392562866
-0.581391573 0.034667827 -0.812884927 -9.321615219 0.028298233 0.999348938 0.022380663 0.165333450 0.813131571 -0.009991284 -0.581994057 -0.410498142
-0.623199940 0.031763699 -0.781417310 -9.343717575 0.027593378 0.999445796 0.018619899 0.165959388 0.781575620 -0.009958022 -0.623730958 -0.430961132
-0.663581848 0.031733174 -0.747430325 -9.365720749 0.031080499 0.999406755 0.014837358 0.166255444 0.747457802 -0.013384700 -0.664174378 -0.453155518
-0.702282965 0.033886302 -0.711090922 -9.386301041 0.035743445 0.999285042 0.012319174 0.166075304 0.710999906 -0.016765300 -0.702992141 -0.474145412
-0.738052964 0.031857986 -0.673990190 -9.404623985 0.030845994 0.999433458 0.013463045 0.165812522 0.674037278 -0.010853457 -0.738617539 -0.497535706
-0.772284985 0.027510436 -0.634680331 -9.421995163 0.022677913 0.999619067 0.015734140 0.164872795 0.634871423 -0.002241982 -0.772614539 -0.521842480
-0.804688632 0.024054965 -0.593209565 -9.438260078 0.017972721 0.999707818 0.016158702 0.166382656 0.593424916 0.002341134 -0.804885924 -0.547632694
-0.833988488 0.027272021 -0.551107466 -9.452268600 0.018400332 0.999596894 0.021620763 0.166703671 0.551474988 0.007890906 -0.834154129 -0.573890686
-0.861572981 0.033625968 -0.506518900 -9.467911720 0.022322284 0.999347985 0.028373618 0.166034237 0.507142782 0.013139280 -0.861761808 -0.601536274
-0.886107862 0.032773882 -0.462319076 -9.479646683 0.019860771 0.999265552 0.032771807 0.167193592 0.463053524 0.019857343 -0.886107862 -0.629427671
-0.908017993 0.018823404 -0.418508053 -9.489637375 0.004235055 0.999351442 0.035759624 0.169659302 0.418909699 0.030697972 -0.907508850 -0.660305023
-0.927469254 0.014250793 -0.373627931 -9.497793198 0.000681834 0.999336123 0.036423817 0.170901209 0.373898923 0.033527214 -0.926863313 -0.689564943
-0.944441676 0.011556099 -0.328476131 -9.504827499 0.000547194 0.999435604 0.033587780 0.172096014 0.328678906 0.031541951 -0.943914950 -0.718430281
-0.958503842 0.013671498 -0.284751952 -9.513629913 0.004645616 0.999465823 0.032348700 0.171643823 0.285042077 0.029683506 -0.958055258 -0.749488354
-0.969172299 0.013855414 -0.245994195 -9.519459724 0.006260811 0.999480128 0.031628400 0.172003210 0.246304512 0.029113250 -0.968755066 -0.780323982
-0.977658391 0.007309419 -0.210072711 -9.524094582 0.000855148 0.999525249 0.030798418 0.172912642 0.210198075 0.029930687 -0.977200568 -0.812043548
-0.984299004 0.001452966 -0.176503092 -9.527826309 -0.003838010 0.999553561 0.029631598 0.173357159 0.176467299 0.029843770 -0.983854055 -0.843983054
-0.988869309 -0.000185163 -0.148786440 -9.531384468 -0.004601607 0.999559045 0.029339403 0.174046278 0.148715377 0.029697500 -0.988434017 -0.877082944
-0.991921484 -0.001350010 -0.126845747 -9.534328461 -0.005261128 0.999520838 0.030503687 0.174554944 0.126743793 0.030924618 -0.991453350 -0.911134005
-0.994347453 -0.001386275 -0.106165968 -9.537282944 -0.004730314 0.999500334 0.031252876 0.175052643 0.106069602 0.031578422 -0.993857086 -0.945195436
-0.996081471 0.000768263 -0.088436261 -9.538640022 -0.001932442 0.999534428 0.030448778 0.175632656 0.088418484 0.030500360 -0.995616257 -0.979744792
