0.999625087 0.001534183 -0.027337471 -0.002309818 -0.001587049 0.999996901 -0.001912215 -0.000481401 0.027334448 0.001954884 0.999624431 0.035469573
0.999394119 0.003883356 -0.034587350 -0.003313353 -0.003937892 0.999991238 -0.001508784 -0.000517803 0.034581188 0.001644072 0.999400496 0.041520052
0.999056458 0.004993788 -0.043142188 -0.003629246 -0.004987034 0.999987543 0.000264156 -0.001248007 0.043142971 -0.000048756 0.999068916 0.047356755
0.998767614 0.006503341 -0.049203407 -0.004475009 -0.006463547 0.999978662 0.000967842 -0.001404722 0.049208649 -0.000648621 0.998788297 0.051219743
0.998512149 0.007162982 -0.054055639 -0.004839784 -0.007127192 0.999974251 0.000854856 -0.001176768 0.054060362 -0.000468320 0.998537481 0.054897651
0.998268783 0.006986525 -0.058398969 -0.005084557 -0.007002840 0.999975502 -0.000074735 -0.000954667 0.058397014 0.000483564 0.998293340 0.057486948
0.998082757 0.007170823 -0.061476771 -0.005610259 -0.007218054 0.999973774 -0.000546215 -0.000775069 0.061471246 0.000988910 0.998108327 0.059476685
0.997931123 0.006839966 -0.063927434 -0.005530462 -0.006882432 0.999976218 -0.000444081 -0.000904342 0.063922882 0.000883139 0.997954369 0.060844410
0.997766793 0.007436901 -0.066379175 -0.005157061 -0.007484854 0.999971926 -0.000473736 -0.001220151 0.066373795 0.000969516 0.997794390 0.061803844
0.997741938 0.007635372 -0.066728368 -0.005500595 -0.007676884 0.999970436 -0.000365707 -0.001147662 0.066723600 0.000877147 0.997771084 0.062545285
0.997752249 0.007605647 -0.066576660 -0.005624614 -0.007666400 0.999970376 -0.000657097 -0.000940242 0.066569693 0.001166023 0.997781098 0.062342558
0.997780681 0.006829394 -0.066235162 -0.005960157 -0.006928126 0.999975204 -0.001261035 -0.001050593 0.066224910 0.001717121 0.997803271 0.061936662
0.997781754 0.006535738 -0.066248722 -0.005946942 -0.006712765 0.999974489 -0.002449905 -0.001196647 0.066231027 0.002889182 0.997800052 0.061758053
0.997790933 0.006773611 -0.066086568 -0.005858740 -0.006987609 0.999971092 -0.003007538 -0.001165845 0.066064283 0.003462680 0.997809350 0.061657999
0.997784197 0.007104872 -0.066154391 -0.005688187 -0.007254140 0.999971628 -0.002016408 -0.001617674 0.066138178 0.002491833 0.997807384 0.061700691
0.997793615 0.006966235 -0.066025496 -0.005992149 -0.007151614 0.999971032 -0.002571757 -0.001468279 0.066005670 0.003038271 0.997814715 0.061347943
0.997804999 0.006916241 -0.065858908 -0.006048406 -0.007118918 0.999970615 -0.002843253 -0.001205271 0.065837309 0.003305856 0.997824907 0.061551597
0.997797608 0.006961190 -0.065966174 -0.006046374 -0.007155880 0.999970734 -0.002715522 -0.001044876 0.065945342 0.003181588 0.997818172 0.061871655
0.997827053 0.006870451 -0.065529041 -0.006569632 -0.007076928 0.999970675 -0.002919317 -0.001117878 0.065507062 0.003376718 0.997846425 0.061474066
0.997781038 0.006964932 -0.066214815 -0.005875452 -0.007178351 0.999969721 -0.002985754 -0.001004776 0.066192009 0.003454442 0.997800946 0.061748538
0.997767031 0.006831839 -0.066440411 -0.005671655 -0.007023600 0.999971926 -0.002653058 -0.001213881 0.066420414 0.003113785 0.997786999 0.061745893
0.997794747 0.006894780 -0.066015869 -0.006199460 -0.007077989 0.999971688 -0.002541743 -0.001307260 0.065996468 0.003003397 0.997815311 0.061506573
0.997785389 0.006771960 -0.066169880 -0.006185198 -0.006959341 0.999972403 -0.002601728 -0.001304207 0.066150449 0.003056465 0.997804880 0.061526164
0.997862339 0.006668726 -0.065010287 -0.006655728 -0.006859998 0.999972761 -0.002719411 -0.001209282 0.064990357 0.003159567 0.997880995 0.061123107
0.997850180 0.006732952 -0.065190621 -0.006573745 -0.006922399 0.999972463 -0.002680603 -0.001218511 0.065170780 0.003126116 0.997869194 0.061186235
0.997749686 0.006608712 -0.066721782 -0.006079437 -0.006788809 0.999973834 -0.002472841 -0.001354181 0.066703685 0.002920238 0.997768581 0.061697155
0.997735977 0.006570767 -0.066930830 -0.005966250 -0.006759444 0.999973774 -0.002592916 -0.001277892 0.066912040 0.003039461 0.997754216 0.061759446
0.997733474 0.006482274 -0.066976979 -0.006078091 -0.006665684 0.999974608 -0.002515318 -0.001346322 0.066958949 0.002956064 0.997751415 0.061594676
0.997725606 0.006392823 -0.067101710 -0.006238724 -0.006567543 0.999975622 -0.002383552 -0.001429302 0.067084827 0.002818824 0.997743249 0.061558254
0.997705400 0.006287792 -0.067412093 -0.006256104 -0.006476202 0.999975681 -0.002576715 -0.001298121 0.067394242 0.003007376 0.997721910 0.061635021
0.997694433 0.006286419 -0.067574471 -0.006470654 -0.006475189 0.999975741 -0.002574857 -0.001323650 0.067556635 0.003006477 0.997710943 0.061491635
0.997640550 0.005996393 -0.068391234 -0.006044135 -0.006190218 0.999977410 -0.002622491 -0.001358891 0.068373956 0.003039660 0.997655153 0.061665758
0.997616589 0.005769057 -0.068758480 -0.006122771 -0.005959122 0.999978960 -0.002559438 -0.001401287 0.068742268 0.002963078 0.997630060 0.061717708
0.997588694 0.005608204 -0.069175437 -0.005939310 -0.005771267 0.999981046 -0.002157619 -0.001696696 0.069162019 0.002551646 0.997602224 0.061565090
0.997601330 0.005558298 -0.068997458 -0.006136437 -0.005733954 0.999980807 -0.002348053 -0.001587960 0.068983063 0.002738049 0.997614145 0.061623730
0.997606874 0.005376687 -0.068933152 -0.006241633 -0.005558674 0.999981582 -0.002448502 -0.001469808 0.068918705 0.002825819 0.997618318 0.061668042
0.997576416 0.005363865 -0.069372609 -0.006097092 -0.005552603 0.999981523 -0.002528105 -0.001352601 0.069357745 0.002907177 0.997587740 0.061546404
0.997565985 0.005383581 -0.069520965 -0.006059594 -0.005584495 0.999980748 -0.002695957 -0.001244728 0.069505110 0.003077633 0.997576892 0.061665446
0.997558236 0.005282713 -0.069640651 -0.006115926 -0.005476224 0.999981642 -0.002588079 -0.001332883 0.069625698 0.002963127 0.997568786 0.061609659
0.997555733 0.005257276 -0.069678850 -0.006242963 -0.005445840 0.999981940 -0.002516505 -0.001327531 0.069664367 0.002889813 0.997566283 0.061602000
0.997556746 0.005179202 -0.069668822 -0.006428587 -0.005386816 0.999981523 -0.002792471 -0.001053666 0.069653057 0.003160941 0.997566283 0.061634637
0.997523963 0.005141612 -0.070138223 -0.006132099 -0.005343648 0.999982059 -0.002693208 -0.001128048 0.070123106 0.003061333 0.997533619 0.061532777
0.997528613 0.005053729 -0.070079558 -0.006210066 -0.005259688 0.999982476 -0.002754717 -0.001139675 0.070064403 0.003116506 0.997537613 0.061601099
0.997516990 0.005114936 -0.070240632 -0.006110471 -0.005320135 0.999982119 -0.002734590 -0.001125742 0.070225388 0.003101489 0.997526288 0.061719559
0.997507274 0.005072591 -0.070379891 -0.006202252 -0.005277472 0.999982297 -0.002725421 -0.001135515 0.070364825 0.003090056 0.997516513 0.061732039
0.997493029 0.004972062 -0.070589155 -0.006053469 -0.005168333 0.999983311 -0.002598105 -0.001196700 0.070575051 0.002956420 0.997502029 0.061494116
0.997470140 0.004882214 -0.070920177 -0.006044219 -0.005087312 0.999983370 -0.002711610 -0.001152760 0.070905767 0.003065543 0.997478306 0.061560888
0.997461855 0.004783240 -0.071041770 -0.006035353 -0.004984729 0.999984026 -0.002659203 -0.001154171 0.071027920 0.003006577 0.997469783 0.061582856
0.997460902 0.004901269 -0.071046129 -0.006099651 -0.005095863 0.999983728 -0.002557996 -0.001258370 0.071032420 0.002913543 0.997469723 0.061565880
0.997454464 0.004756281 -0.071146004 -0.006140763 -0.004957651 0.999984205 -0.002654077 -0.001094088 0.071132258 0.003000038 0.997462392 0.061499201
0.997484088 0.004831061 -0.070725322 -0.006542995 -0.005010167 0.999984682 -0.002355238 -0.001412750 0.070712872 0.002703659 0.997493029 0.061602123
0.997467518 0.004867730 -0.070957087 -0.006369751 -0.005025818 0.999985278 -0.002049583 -0.001652868 0.070946068 0.002401010 0.997477233 0.061527282
0.997471035 0.004793467 -0.070912734 -0.006414203 -0.004964510 0.999985218 -0.002235986 -0.001505015 0.070900977 0.002582378 0.997480035 0.061641403
0.997473001 0.004753196 -0.070887960 -0.006403342 -0.004929361 0.999985218 -0.002310392 -0.001453376 0.070875943 0.002653986 0.997481585 0.061559524
0.997469127 0.004757761 -0.070942469 -0.006385039 -0.004923395 0.999985576 -0.002160082 -0.001515092 0.070931174 0.002503893 0.997478068 0.061552811
0.997466266 0.004783695 -0.070980266 -0.006293023 -0.004946873 0.999985456 -0.002123320 -0.001574267 0.070969082 0.002469070 0.997475505 0.061486300
0.997471631 0.004753948 -0.070906810 -0.006404778 -0.004923828 0.999985397 -0.002221228 -0.001486663 0.070895225 0.002564745 0.997480452 0.061449487
0.997483909 0.004777635 -0.070732966 -0.006547665 -0.004941190 0.999985576 -0.002137505 -0.001546741 0.070721738 0.002481631 0.997493029 0.061454877
0.997481525 0.004741658 -0.070768110 -0.006574613 -0.004910834 0.999985456 -0.002216789 -0.001483131 0.070756570 0.002558737 0.997490346 0.061502527
0.997500718 0.004850972 -0.070489302 -0.006583966 -0.005047258 0.999983847 -0.002606748 -0.001153171 0.070475534 0.002956010 0.997509122 0.061335079
0.997519910 0.004819277 -0.070220247 -0.006881057 -0.005025829 0.999983549 -0.002765093 -0.001050754 0.070205770 0.003111151 0.997527659 0.061276693
0.997498095 0.004804611 -0.070528440 -0.006547268 -0.005022084 0.999983191 -0.002906500 -0.000927823 0.070513271 0.003253428 0.997505486 0.061248068
0.997449458 0.004746159 -0.071219221 -0.006472662 -0.004955590 0.999983907 -0.002764252 -0.001153382 0.071204953 0.003110135 0.997456849 0.060985848
0.997275770 0.005055175 -0.073588878 -0.006725219 -0.005294073 0.999981344 -0.003051696 -0.001251584 0.073572069 0.003432968 0.997283995 0.061501626
0.997110963 0.005798446 -0.075736262 -0.006517697 -0.006073382 0.999975741 -0.003400364 -0.001228350 0.075714715 0.003850516 0.997122049 0.061881334
0.996881604 0.006130070 -0.078674868 -0.007181899 -0.006443246 0.999972224 -0.003727386 -0.001034730 0.078649849 0.004222683 0.996893346 0.062419187
0.996491671 0.005877854 -0.083486460 -0.007741956 -0.006197100 0.999974370 -0.003565293 -0.001028129 0.083463371 0.004070158 0.996502578 0.063458301
0.995968103 0.006157416 -0.089496531 -0.007518819 -0.006477543 0.999973714 -0.003286980 -0.001219497 0.089473940 0.003853445 0.995981693 0.064573258
0.995368302 0.006933046 -0.095884785 -0.008021192 -0.007275332 0.999968350 -0.003220604 -0.001125067 0.095859416 0.003903281 0.995387197 0.065910138
0.994696856 0.007149376 -0.102600582 -0.009052983 -0.007497236 0.999967396 -0.003005192 -0.001162061 0.102575734 0.003758476 0.994718015 0.067442037
0.993697941 0.007443608 -0.111843139 -0.009560848 -0.007837952 0.999964535 -0.003086574 -0.001105488 0.111816190 0.003943744 0.993721008 0.069266424
0.992481112 0.007702727 -0.122155391 -0.010323825 -0.008047533 0.999964893 -0.002329565 -0.001432302 0.122133173 0.003295099 0.992508233 0.070886597
0.991085887 0.008273752 -0.132967472 -0.010993721 -0.008550742 0.999962270 -0.001512249 -0.001909729 0.132949963 0.002635740 0.991119206 0.073167957
0.989440203 0.008403811 -0.144698396 -0.011972190 -0.008774466 0.999959528 -0.001923548 -0.001387216 0.144676432 0.003172886 0.989473999 0.075855434
0.987431109 0.008790268 -0.157805771 -0.012991720 -0.009191538 0.999956071 -0.001813166 -0.001412436 0.157782912 0.003240854 0.987468600 0.078346983
0.985052109 0.009143104 -0.172013968 -0.014330401 -0.009721286 0.999949574 -0.002519139 -0.001355294 0.171982273 0.004153680 0.985091269 0.081329010
0.981994569 0.009843832 -0.188652590 -0.015252262 -0.010784931 0.999934018 -0.003962638 -0.001490358 0.188601136 0.005925895 0.982035935 0.084886163
0.978544414 0.010874567 -0.205749154 -0.017226186 -0.012241966 0.999910593 -0.005374062 -0.001614592 0.205672309 0.007777533 0.978590071 0.088969059
0.974952579 0.012367399 -0.222068816 -0.020230932 -0.014023273 0.999884367 -0.005881308 -0.001469916 0.221970379 0.008848129 0.975013256 0.093115881
0.970602632 0.013103850 -0.240330309 -0.022613956 -0.014620663 0.999882877 -0.004529350 -0.001544512 0.240242824 0.007909989 0.970680535 0.099235021
0.965785980 0.012294137 -0.259048611 -0.025239130 -0.013466549 0.999905527 -0.002751719 -0.001538983 0.258990318 0.006146060 0.965860367 0.106155321
0.959954202 0.011557828 -0.279918194 -0.028165022 -0.012358050 0.999922991 -0.001093976 -0.001442599 0.279884040 0.004509408 0.960023224 0.113487005
0.953296423 0.013164884 -0.301749021 -0.032258473 -0.013464847 0.999908864 0.001085968 -0.001592910 0.301735818 0.003027756 0.953386784 0.121684648
0.945640683 0.015819611 -0.324828446 -0.036715306 -0.015264786 0.999874413 0.004256475 -0.001244646 0.324854970 0.000933341 0.945763409 0.130607396
0.937136412 0.016226511 -0.348585814 -0.041209932 -0.014518497 0.999866366 0.007511871 -0.001620217 0.348661095 -0.001978706 0.937246799 0.139295533
0.927438140 0.015164562 -0.373668939 -0.045943744 -0.012753276 0.999878883 0.008924608 -0.001432350 0.373758972 -0.003511520 0.927519262 0.149219543
0.916785419 0.015638774 -0.399073720 -0.052212872 -0.011651138 0.999854982 0.012416037 -0.001748253 0.399210006 -0.006733179 0.916834831 0.158883616
0.903645277 0.015739733 -0.427992433 -0.058022697 -0.009803266 0.999822736 0.016071010 -0.001635783 0.428169549 -0.010326766 0.903639436 0.169533432
0.888503253 0.016312744 -0.458580434 -0.065402202 -0.009265531 0.999801934 0.017613180 -0.001007836 0.458776921 -0.011400375 0.888478398 0.180695042
0.870585382 0.016144749 -0.491752535 -0.073527843 -0.008685715 0.999810040 0.017447859 -0.000683238 0.491940796 -0.010918626 0.870560229 0.191257268
0.849365175 0.017961690 -0.527500093 -0.082590774 -0.010207841 0.999792874 0.017607179 -0.001215646 0.527706981 -0.009570288 0.849372447 0.201988578
0.824655414 0.020556184 -0.565261841 -0.093354613 -0.013076004 0.999765277 0.017280767 -0.001494188 0.565484226 -0.006859314 0.824730515 0.214068949
0.795961499 0.021281922 -0.604973078 -0.105386414 -0.013348039 0.999755919 0.017607732 -0.001705677 0.605200052 -0.005939873 0.796051264 0.226826027
0.762664974 0.017641708 -0.646553099 -0.119544506 -0.009526054 0.999825895 0.016044235 -0.001160451 0.646723568 -0.006077276 0.762700260 0.241794363
0.727465749 0.013789454 -0.686005473 -0.136294186 -0.006011273 0.999887705 0.013724254 -0.000604665 0.686117709 -0.005860156 0.727466881 0.255972713
0.690086365 0.012499768 -0.723619044 -0.154379532 -0.005458866 0.999912262 0.012066546 -0.000196846 0.723706365 -0.004376818 0.690094233 0.270604789
0.650356054 0.013219627 -0.759514511 -0.174738005 -0.005352220 0.999903500 0.012820693 0.000224492 0.759610653 -0.004272926 0.650364041 0.286214292
0.609636843 0.012833601 -0.792576909 -0.198380917 -0.003384603 0.999901950 0.013587279 0.001029406 0.792673588 -0.005600748 0.609620631 0.301237404
0.566858470 0.014012786 -0.823696017 -0.223735422 -0.001148900 0.999867797 0.016219174 0.001626952 0.823814273 -0.008247633 0.566799700 0.315691590
0.521616220 0.018277720 -0.852984428 -0.252465934 -0.000650126 0.999778688 0.021025654 0.001959698 0.853180051 -0.010412773 0.521512747 0.331626177
0.474248052 0.022960503 -0.880091786 -0.281792164 0.002007164 0.999629080 0.027160665 0.002260053 0.880388975 -0.014647380 0.474026054 0.345437676
0.425051093 0.026207119 -0.904789925 -0.313876927 0.007362735 0.999447525 0.032407720 0.003368758 0.905139387 -0.020436667 0.424623311 0.359334797
0.374253154 0.029825607 -0.926846743 -0.348484218 0.012707867 0.999223888 0.037286006 0.004011991 0.927239418 -0.025732651 0.373583674 0.371738255
0.323117107 0.034312770 -0.945736706 -0.383797795 0.016890960 0.998974144 0.042015217 0.004723413 0.946208239 -0.029550234 0.322206080 0.382482171
0.273980618 0.037717696 -0.960995257 -0.423844516 0.020277215 0.998781919 0.044981822 0.006171376 0.961521447 -0.031810451 0.272882104 0.391437709
0.224557459 0.040909592 -0.973601639 -0.465458542 0.022660740 0.998628855 0.047187820 0.007527368 0.974197388 -0.032658912 0.223322555 0.400125682
0.179227456 0.040575106 -0.982970595 -0.506087661 0.028271938 0.998524070 0.046372015 0.008651676 0.983401358 -0.036101613 0.177815765 0.405926049
0.138501555 0.039091624 -0.989590406 -0.550240874 0.030381076 0.998582602 0.043698937 0.010966692 0.989896059 -0.036117189 0.137117594 0.411473811
0.104003266 0.039240900 -0.993802547 -0.596424699 0.029881787 0.998646915 0.042559370 0.012252225 0.994127929 -0.034122914 0.102689974 0.415335774
0.077309757 0.037134085 -0.996315360 -0.645144224 0.028747095 0.998807669 0.039457627 0.014240039 0.996592581 -0.031691629 0.076150075 0.417164654
0.054778766 0.035405569 -0.997870624 -0.694282234 0.029745337 0.998869777 0.037073910 0.015907250 0.998055339 -0.031712860 0.053663693 0.419426739
0.039218642 0.034659598 -0.998629391 -0.746738315 0.031219706 0.998867810 0.035893951 0.017466910 0.998742819 -0.032584626 0.038092177 0.419955045
0.023607213 0.033610828 -0.999156117 -0.799326777 0.032675512 0.998874784 0.034373388 0.019061331 0.999187231 -0.033459395 0.022482399 0.421510160
0.009947222 0.031738665 -0.999446750 -0.854301095 0.035561409 0.998852611 0.032073740 0.019902654 0.999317944 -0.035860781 0.008807128 0.421103030
-0.004732586 0.028010475 -0.999596417 -0.910401583 0.036758576 0.998936892 0.027817965 0.021475058 0.999313116 -0.036612093 -0.005757181 0.420249492
-0.019303966 0.024293706 -0.999518514 -0.968510628 0.037542302 0.999017239 0.023556462 0.023186948 0.999108613 -0.037069488 -0.020197038 0.418937981
-0.031496178 0.024559192 -0.999202013 -1.026386738 0.034565751 0.999126852 0.023467787 0.023805734 0.998906136 -0.033799026 -0.032317586 0.415785909
-0.041061882 0.024933184 -0.998845458 -1.086679339 0.030752543 0.999246478 0.023678979 0.024408156 0.998683214 -0.029744733 -0.041797701 0.412837952
-0.046174522 0.024660520 -0.998628974 -1.148614883 0.025924295 0.999388039 0.023480585 0.025354644 0.998596966 -0.024804547 -0.046785582 0.408526957
-0.049190529 0.023920393 -0.998502910 -1.211302161 0.023471851 0.999464750 0.022787109 0.026803602 0.998513579 -0.022315802 -0.049725659 0.405555159
-0.049245350 0.025373278 -0.998464346 -1.276191473 0.022752825 0.999446452 0.024276033 0.027529482 0.998527467 -0.021522403 -0.049795404 0.401100427
-0.051302709 0.025880942 -0.998347759 -1.341736555 0.024037711 0.999406576 0.024673145 0.029405542 0.998393774 -0.022732195 -0.051894385 0.398484319
-0.053218931 0.027212424 -0.998212039 -1.410178900 0.024490358 0.999363542 0.025938125 0.029931325 0.998282492 -0.023066174 -0.053851493 0.393719912
-0.058174372 0.027953595 -0.997915030 -1.477409005 0.025412774 0.999325395 0.026511645 0.030635711 0.997982979 -0.023817487 -0.058845505 0.390409112
-0.062221065 0.027135644 -0.997693419 -1.549546599 0.025192494 0.999354541 0.025609694 0.032289200 0.997744381 -0.023540923 -0.062864527 0.384968162
-0.065095127 0.027370460 -0.997503579 -1.620518923 0.025767935 0.999336541 0.025739187 0.033347450 0.997546315 -0.024028113 -0.065757215 0.378731489
-0.071393147 0.027305814 -0.997074306 -1.693694234 0.024798855 0.999364913 0.025592871 0.034992628 0.997139871 -0.022899149 -0.072024949 0.373991907
-0.077827677 0.029276706 -0.996536791 -1.766604543 0.024883935 0.999314368 0.027414916 0.036609091 0.996656299 -0.022664120 -0.078502834 0.370638698
-0.081316426 0.034233272 -0.996100247 -1.841502428 0.027247459 0.999112904 0.032112461 0.036693890 0.996315837 -0.024529934 -0.082177065 0.361971140
-0.085670903 0.035597242 -0.995687425 -1.916633606 0.027850211 0.999056518 0.033321410 0.039280336 0.995934248 -0.024875427 -0.086581476 0.355376363
-0.087160751 0.035372246 -0.995566010 -1.991084337 0.027648736 0.999070346 0.033076130 0.040890604 0.995810449 -0.024643201 -0.088057719 0.348941386
-0.087353885 0.034217145 -0.995589495 -2.069757700 0.025712701 0.999154389 0.032083608 0.041583646 0.995845377 -0.022796668 -0.088159844 0.340741634
-0.085945301 0.033466708 -0.995737612 -2.148177147 0.025324181 0.999186039 0.031396806 0.043781046 0.995977938 -0.022517826 -0.086722873 0.333846331
-0.084834322 0.035785053 -0.995752215 -2.226573706 0.027272021 0.999063909 0.033580586 0.045627229 0.996021807 -0.024307394 -0.085730843 0.326387405
-0.084754571 0.038094860 -0.995673358 -2.309158087 0.028866405 0.998943448 0.035762783 0.047295272 0.995983660 -0.025710454 -0.085764691 0.319661975
-0.083970629 0.039587177 -0.995681584 -2.387955904 0.031133525 0.998826981 0.037086606 0.049151085 0.995981753 -0.027884889 -0.085104614 0.312957913
-0.083633468 0.040369727 -0.995678484 -2.468107939 0.030465698 0.998815596 0.037937902 0.050220486 0.996030748 -0.027161166 -0.084764294 0.306102753
-0.083414122 0.040311348 -0.995699346 -2.545819044 0.030017218 0.998829722 0.037923411 0.051894829 0.996062815 -0.026724774 -0.084526531 0.299622953
-0.082147412 0.039117903 -0.995852172 -2.624244690 0.029949058 0.998874962 0.036766160 0.052908640 0.996170104 -0.026804592 -0.083226539 0.291805387
-0.081547059 0.036122322 -0.996014655 -2.701784611 0.029881528 0.998982370 0.033783451 0.054920062 0.996221423 -0.027007500 -0.082543448 0.285581976
-0.082483239 0.037276823 -0.995895028 -2.780317783 0.029712474 0.998947918 0.034930214 0.054878794 0.996149480 -0.026709348 -0.083504051 0.280703187
-0.080454759 0.038345374 -0.996020436 -2.860301018 0.029032927 0.998925924 0.036112055 0.058036789 0.996335268 -0.026012002 -0.081481636 0.271750808
-0.078660518 0.041402396 -0.996041358 -2.939568043 0.028451974 0.998823345 0.039271098 0.058103427 0.996495306 -0.025250254 -0.079745956 0.263247848
-0.079759613 0.041064590 -0.995967865 -3.015482426 0.028437974 0.998838127 0.038905546 0.058371246 0.996408403 -0.025220217 -0.080834754 0.258766174
-0.078392141 0.037082922 -0.996232688 -3.094959021 0.028810188 0.998974741 0.034917958 0.061788447 0.996506333 -0.025964355 -0.079380147 0.250835121
-0.078270286 0.034488350 -0.996335387 -3.172434568 0.029768163 0.999036551 0.032243323 0.063975498 0.996487677 -0.027135376 -0.079221524 0.244847313
-0.078157082 0.038048316 -0.996214867 -3.249764681 0.028425401 0.998950243 0.035922702 0.064106509 0.996535718 -0.025510190 -0.079156578 0.238622755
-0.077209845 0.041094642 -0.996167600 -3.327967405 0.027474895 0.998858452 0.039076161 0.065682858 0.996636212 -0.024352536 -0.078250766 0.231449753
-0.077428006 0.043945815 -0.996028900 -3.405522585 0.025982410 0.998777747 0.042047303 0.066826172 0.996659338 -0.022623597 -0.078475177 0.225934565
-0.076621898 0.042291161 -0.996162891 -3.482699871 0.023394316 0.998901308 0.040607993 0.068899497 0.996785700 -0.020193094 -0.077527061 0.218352199
-0.077105947 0.040668275 -0.996193111 -3.557649136 0.022172712 0.998990595 0.039066296 0.070477985 0.996776283 -0.019076062 -0.077929847 0.213027477
-0.076165736 0.040026769 -0.996291399 -3.635415077 0.021981224 0.999018431 0.038455885 0.071973585 0.996852756 -0.018970679 -0.076970823 0.205199629
-0.075961240 0.040986948 -0.996267974 -3.710645914 0.021202549 0.998995245 0.039482534 0.073437519 0.996885300 -0.018124280 -0.076753937 0.199499756
-0.075961106 0.042319946 -0.996212363 -3.786706686 0.021978552 0.998927295 0.040759414 0.075067535 0.996868491 -0.018799173 -0.076809742 0.193202943
-0.075433515 0.042006463 -0.996265769 -3.862674952 0.022850158 0.998922765 0.040388372 0.076605387 0.996888936 -0.019718193 -0.076312125 0.187194943
-0.074700579 0.040333908 -0.996389985 -3.937152863 0.025790265 0.998925686 0.038503017 0.077566348 0.996872425 -0.022820963 -0.075660542 0.180504620
-0.078306198 0.039861765 -0.996132076 -4.013239384 0.028500831 0.998881340 0.037731323 0.078243569 0.996521890 -0.025435995 -0.079354703 0.178675652
-0.077947520 0.039608818 -0.996170342 -4.088612556 0.030420329 0.998839676 0.037334651 0.080552198 0.996493220 -0.027393686 -0.079061992 0.170850098
-0.081093863 0.040603083 -0.995879054 -4.162999630 0.030883681 0.998792470 0.038207024 0.082354896 0.996227801 -0.027658055 -0.082249925 0.164682060
-0.084180519 0.041369498 -0.995591342 -4.237983227 0.031460389 0.998750031 0.038840674 0.083816551 0.995953739 -0.028052069 -0.085376807 0.158301711
-0.087178133 0.042491045 -0.995286107 -4.311057568 0.029949181 0.998750031 0.040015657 0.084745288 0.995742440 -0.026319513 -0.088341743 0.152051717
-0.089798242 0.040536415 -0.995134652 -4.385510921 0.027113982 0.998900592 0.038243119 0.087383769 0.995590866 -0.023547901 -0.090798624 0.144478410
-0.092625529 0.039898597 -0.994901299 -4.457832336 0.026128031 0.998950183 0.037628438 0.087444648 0.995358169 -0.022509458 -0.093570746 0.137188464
-0.095364138 0.039811257 -0.994646013 -4.533397198 0.025743961 0.998964369 0.037515838 0.089203872 0.995109439 -0.022028461 -0.096290290 0.130147159
-0.097624950 0.041185457 -0.994370699 -4.605169773 0.025576569 0.998917162 0.038862720 0.090329640 0.994894683 -0.021638617 -0.098572634 0.122689694
-0.099540927 0.042725246 -0.994115710 -4.678820133 0.026244305 0.998842895 0.040300567 0.091695130 0.994687378 -0.022078320 -0.100547053 0.115421891
-0.100782223 0.042791389 -0.993987858 -4.750694752 0.025796043 0.998851120 0.040385250 0.093349814 0.994574010 -0.021570837 -0.101770304 0.106988490
-0.102364138 0.043233410 -0.993807077 -4.824363232 0.025055852 0.998850107 0.040872000 0.095430166 0.994431436 -0.020716855 -0.103329688 0.099279612
-0.102594852 0.044339329 -0.993734479 -4.896241188 0.023255210 0.998839915 0.042166214 0.096382469 0.994451344 -0.018783472 -0.103506960 0.090542316
-0.102341644 0.044313785 -0.993761837 -4.967552185 0.022458730 0.998855531 0.042228039 0.098243192 0.994495749 -0.017996943 -0.103219740 0.082521141
-0.102117188 0.043085042 -0.993838906 -5.039328575 0.021368228 0.998926103 0.041109994 0.100008592 0.994542837 -0.017038535 -0.102928177 0.075629413
-0.100674249 0.042783808 -0.993999124 -5.110830307 0.022536639 0.998916686 0.040712919 0.101934202 0.994664133 -0.018302655 -0.101529390 0.068285227
-0.098853029 0.043323785 -0.994158626 -5.180804253 0.021836683 0.998905599 0.041359361 0.103314847 0.994862378 -0.017620627 -0.099690922 0.060121536
-0.096788436 0.042073339 -0.994415343 -5.251738071 0.025186168 0.998889625 0.039811231 0.105418012 0.994986296 -0.021192245 -0.097740635 0.053424239
-0.094316095 0.041608360 -0.994672418 -5.323416233 0.027792251 0.998846889 0.039147679 0.106591858 0.995154321 -0.023951933 -0.095363721 0.046542466
-0.092237994 0.040564559 -0.994910419 -5.393488407 0.030961027 0.998803616 0.037852906 0.108096421 0.995255530 -0.027311975 -0.093383558 0.040163755
-0.089507028 0.041868173 -0.995105803 -5.465317726 0.031880174 0.998724520 0.039152890 0.109077595 0.995475829 -0.028219685 -0.090727627 0.033288419
-0.087297410 0.043576404 -0.995228767 -5.535948753 0.031938389 0.998651624 0.040924765 0.110576198 0.995670140 -0.028213374 -0.088571467 0.026512057
-0.085218988 0.044952258 -0.995347798 -5.607548237 0.030850533 0.998621821 0.042458788 0.112085834 0.995884538 -0.027088709 -0.086488329 0.020484746
-0.083111793 0.045237105 -0.995513022 -5.677723408 0.029443691 0.998644531 0.042921253 0.113638178 0.996105134 -0.025744312 -0.084331073 0.014401227
-0.080662794 0.043223675 -0.995803833 -5.748995304 0.027912322 0.998765409 0.041091260 0.115463197 0.996350646 -0.024480656 -0.081769682 0.007843196
-0.078955635 0.040965419 -0.996036053 -5.818976879 0.027323836 0.998868823 0.038915973 0.116656035 0.996503532 -0.024142893 -0.079985663 0.001800954
-0.077056549 0.037757210 -0.996311545 -5.889015675 0.026362568 0.999010384 0.035820559 0.118317336 0.996678114 -0.023505120 -0.077975675 -0.004039288
-0.076475844 0.035758853 -0.996430099 -5.959231853 0.027205624 0.999059439 0.033765193 0.119656518 0.996700227 -0.024526278 -0.077376768 -0.008746475
-0.074549563 0.035375867 -0.996589661 -6.029491901 0.027490180 0.999063671 0.033407293 0.120806538 0.996838450 -0.024905926 -0.075452246 -0.015236050
-0.074657649 0.037368782 -0.996508896 -6.099805355 0.028085170 0.998980045 0.035357337 0.121666685 0.996813655 -0.025347427 -0.075631015 -0.020217389
-0.074007720 0.040156696 -0.996448755 -6.169909000 0.027468052 0.998891890 0.038215060 0.122837678 0.996879339 -0.024542296 -0.075028732 -0.026069731
-0.075335048 0.041793291 -0.996282041 -6.240252972 0.025514485 0.998874903 0.039972752 0.124281168 0.996831894 -0.022408271 -0.076316625 -0.030967593
-0.075279266 0.042694870 -0.996247947 -6.309011936 0.021789258 0.998914838 0.041162696 0.125789180 0.996924460 -0.018608809 -0.076127864 -0.037552387
-0.076191582 0.041691944 -0.996221185 -6.380265236 0.016265761 0.999044478 0.040566090 0.127581850 0.996960521 -0.013113501 -0.076796927 -0.043146253
-0.076404013 0.040556904 -0.996251762 -6.448984623 0.013430458 0.999123573 0.039643820 0.129980534 0.996986449 -0.010351169 -0.076881744 -0.050064206
-0.078001335 0.040591355 -0.996126473 -6.517339706 0.009416426 0.999156237 0.039977457 0.130526125 0.996908784 -0.006261657 -0.078317739 -0.054329723
-0.078174256 0.038561285 -0.996193588 -6.589324474 0.008904442 0.999238908 0.037980393 0.132110611 0.996899962 -0.005901460 -0.078458123 -0.060362905
-0.079550445 0.036428735 -0.996164918 -6.659442425 0.007218760 0.999326885 0.035967894 0.133536279 0.996804714 -0.004329816 -0.079759859 -0.065257311
-0.079729609 0.036081433 -0.996163309 -6.727462292 0.008555264 0.999332666 0.035511494 0.134751752 0.996779799 -0.005691122 -0.079985105 -0.071619123
-0.080578834 0.040570945 -0.995922267 -6.797286510 0.011802247 0.999140084 0.039747126 0.137027368 0.996678352 -0.008551345 -0.080988370 -0.076488644
-0.081023023 0.046417851 -0.995630801 -6.867015839 0.014268724 0.998866558 0.045407545 0.137983009 0.996610105 -0.010527326 -0.081593506 -0.082738757
-0.081696928 0.047562294 -0.995521784 -6.936976433 0.016606795 0.998786867 0.046355467 0.139443874 0.996518850 -0.012745327 -0.082387686 -0.089156896
-0.083122842 0.043044668 -0.995609224 -7.005371094 0.018674269 0.998958528 0.041630369 0.141590685 0.996364236 -0.015131842 -0.083840124 -0.094508916
-0.083986811 0.039444629 -0.995685816 -7.074561119 0.020317001 0.999076247 0.037865188 0.143232077 0.996259689 -0.017049173 -0.084710628 -0.100107074
-0.083818465 0.038169559 -0.995749772 -7.142840862 0.018681483 0.999150634 0.036727391 0.144375056 0.996305883 -0.015523649 -0.084460348 -0.107071549
-0.084515177 0.037583001 -0.995713234 -7.211342335 0.019026939 0.999167144 0.036098376 0.145654351 0.996240497 -0.015894515 -0.085159868 -0.112592399
-0.084664389 0.037686747 -0.995696604 -7.280832767 0.019492241 0.999155879 0.036160242 0.146264851 0.996218801 -0.016346870 -0.085327551 -0.118933856
-0.085089795 0.035484053 -0.995741248 -7.347916126 0.022428857 0.999180615 0.033689998 0.147660315 0.996120811 -0.019466665 -0.085815944 -0.124262869
-0.084868871 0.032731064 -0.995854378 -7.415259361 0.024920404 0.999217331 0.030717831 0.148863316 0.996080399 -0.022210108 -0.085618138 -0.129853964
-0.084462285 0.032024801 -0.995912015 -7.482171059 0.027017610 0.999189556 0.029838867 0.149928868 0.996060312 -0.024386901 -0.085259065 -0.134800136
-0.082889341 0.034682471 -0.995954990 -7.551017284 0.028696418 0.999062777 0.032402407 0.150438294 0.996145487 -0.025894526 -0.083806917 -0.142366111
-0.080899484 0.038711507 -0.995970190 -7.618025303 0.029579818 0.998898566 0.036422655 0.151328892 0.996283293 -0.026514044 -0.081955455 -0.149652690
-0.080139793 0.040314473 -0.995967925 -7.686452866 0.030264722 0.998819530 0.037994664 0.151787743 0.996324062 -0.027097816 -0.081265293 -0.155143291
-0.079448886 0.038844194 -0.996081829 -7.753888130 0.028911162 0.998909950 0.036648482 0.153303295 0.996419489 -0.025886202 -0.080485314 -0.160454333
-0.078592703 0.036825597 -0.996226430 -7.820536137 0.026361244 0.999044836 0.034850132 0.154979825 0.996558189 -0.023522802 -0.079488419 -0.165944725
-0.077547170 0.037445426 -0.996285200 -7.886951923 0.025886875 0.999033093 0.035533767 0.156531006 0.996652544 -0.023035169 -0.078441538 -0.171904743
-0.076039650 0.039883830 -0.996306896 -7.953360558 0.025550889 0.998949468 0.038039546 0.156833932 0.996777296 -0.022564011 -0.076978840 -0.177785128
-0.075206049 0.041003142 -0.996324658 -8.019115448 0.025289848 0.998911202 0.039200630 0.158254564 0.996847212 -0.022248778 -0.076161139 -0.182957083
-0.074043013 0.040900227 -0.996415913 -8.084903717 0.026181832 0.998893857 0.039056383 0.159587920 0.996911287 -0.023196144 -0.075031944 -0.188238412
-0.073126689 0.039866813 -0.996525466 -8.150796890 0.025879083 0.998940051 0.038064353 0.161744341 0.996986866 -0.023005649 -0.074080884 -0.193418562
-0.072867602 0.040339142 -0.996525526 -8.215456963 0.026054371 0.998917580 0.038530845 0.162115678 0.997001231 -0.023156196 -0.073839754 -0.198428839
-0.072133221 0.041510954 -0.996530831 -8.279746056 0.023816615 0.998920321 0.039886545 0.163560063 0.997110605 -0.020856844 -0.073044010 -0.203747362
-0.071320690 0.042272069 -0.996557355 -8.342989922 0.022055332 0.998924017 0.040794034 0.163818300 0.997209609 -0.019069938 -0.072176278 -0.208669037
-0.070702605 0.042633545 -0.996585906 -8.403473854 0.022906750 0.998892069 0.041107085 0.165346757 0.997234404 -0.019922165 -0.071600869 -0.212505758
-0.070223734 0.044206657 -0.996551156 -8.464260101 0.021774419 0.998847485 0.042774141 0.166439101 0.997293591 -0.018695565 -0.071105368 -0.217448026
-0.070532843 0.045599151 -0.996466577 -8.522615433 0.020791594 0.998804748 0.044234451 0.167805552 0.997292697 -0.017598150 -0.071396619 -0.221664935
-0.071016394 0.045738705 -0.996425927 -8.580554008 0.021141721 0.998792887 0.044340547 0.168814570 0.997251093 -0.017917253 -0.071897656 -0.226105541
-0.072997913 0.044133879 -0.996355176 -8.636174202 0.021021109 0.998866618 0.042705007 0.170799494 0.997110546 -0.017827116 -0.073842920 -0.231224447
-0.076068945 0.042492606 -0.996196687 -8.692276001 0.020690417 0.998943686 0.041029867 0.173058584 0.996887922 -0.017490627 -0.076867774 -0.235388637
-0.081342250 0.042971358 -0.995759487 -8.745050430 0.018542200 0.998962462 0.041594893 0.173120797 0.996513724 -0.015080146 -0.082054645 -0.238381714
-0.086611561 0.041814834 -0.995364249 -8.797842979 0.015851896 0.999050140 0.040590324 0.174612701 0.996116042 -0.012262822 -0.087192126 -0.242162108
-0.091241688 0.041071471 -0.994981408 -8.847833633 0.016267719 0.999077141 0.039748754 0.174608365 0.995695889 -0.012559336 -0.091825634 -0.247855783
-0.098855957 0.039929621 -0.994300365 -8.897800446 0.018206919 0.999099970 0.038312178 0.174915090 0.994935155 -0.014315761 -0.099493995 -0.252085268
-0.106663756 0.037864331 -0.993573844 -8.944172859 0.020179050 0.999151230 0.035910580 0.176355928 0.994090378 -0.016219020 -0.107337289 -0.259683788
-0.117954552 0.036648788 -0.992342472 -8.991519928 0.022117641 0.999167740 0.034271851 0.176830947 0.992772698 -0.017905755 -0.118666977 -0.265326679
-0.129878208 0.035964724 -0.990877450 -9.036291122 0.021775600 0.999204338 0.033412743 0.177682608 0.991290748 -0.017237362 -0.130558044 -0.271994472
-0.141900152 0.035305884 -0.989251137 -9.078449249 0.022731258 0.999216378 0.032400925 0.178161591 0.989619911 -0.017889224 -0.142591536 -0.280453801
-0.155520007 0.036893383 -0.987143517 -9.119639397 0.023638083 0.999155164 0.033618219 0.177999228 0.987549841 -0.018105870 -0.156260714 -0.287528396
-0.170884863 0.039088476 -0.984515369 -9.159641266 0.024932969 0.999064386 0.035338443 0.178341523 0.984975457 -0.018508086 -0.171699554 -0.295311332
-0.187259480 0.039350923 -0.981522024 -9.198433876 0.024086194 0.999080837 0.035459608 0.178424865 0.982015133 -0.017000979 -0.188035145 -0.304263473
-0.206562176 0.037458658 -0.977716088 -9.234458923 0.021632526 0.999197423 0.033711351 0.179423779 0.978194237 -0.014186985 -0.207206696 -0.311697841
-0.225840956 0.036233250 -0.973490000 -9.270421028 0.019232303 0.999279141 0.032731391 0.179739147 0.973974228 -0.011330368 -0.226375014 -0.322874665
-0.247162372 0.036893189 -0.968271494 -9.306532860 0.020649463 0.999248445 0.032802470 0.180005729 0.968753994 -0.011886752 -0.247738421 -0.332863569
-0.269794405 0.037782427 -0.962176442 -9.339291573 0.020148147 0.999232650 0.033587996 0.180721223 0.962707043 -0.010324220 -0.270348638 -0.341769457
-0.293436557 0.038054645 -0.955220878 -9.372664452 0.019291196 0.999239564 0.033882190 0.180844888 0.955783963 -0.008485081 -0.293947488 -0.353074312
-0.318852633 0.038203485 -0.947034061 -9.404446602 0.019365862 0.999241292 0.033789340 0.180326641 0.947606325 -0.007566311 -0.319350570 -0.366071701
-0.347835779 0.034739040 -0.936911762 -9.435678482 0.018677074 0.999371767 0.030120937 0.181942880 0.937369406 -0.007021629 -0.348266095 -0.379286051
-0.379920810 0.031763997 -0.924473464 -9.464032173 0.020440206 0.999454498 0.025940180 0.182963490 0.924793124 -0.009041213 -0.380362839 -0.392269373
-0.415249586 0.030609328 -0.909192383 -9.492704391 0.021921178 0.999480247 0.023637084 0.182709187 0.909443319 -0.010115278 -0.415704727 -0.406888485
-0.453834534 0.033123981 -0.890470088 -9.519783020 0.026521510 0.999368250 0.023657925 0.182766944 0.890691161 -0.012879829 -0.454426378 -0.422980547
-0.497203439 0.037589703 -0.866819382 -9.546181679 0.030937998 0.999193847 0.025584249 0.183128938 0.867082238 -0.014097080 -0.497965485 -0.439532757
-0.541575611 0.038273390 -0.839780450 -9.571262360 0.030437557 0.999200821 0.025909830 0.183854207 0.840100944 -0.011528733 -0.542307556 -0.458118439
-0.584698975 0.035648577 -0.810466766 -9.595608711 0.026452741 0.999340653 0.024872310 0.183640584 0.810818970 -0.006896256 -0.585256338 -0.478084564
-0.627082348 0.032523297 -0.778273642 -9.618000031 0.024637049 0.999456227 0.021915363 0.183862224 0.778563201 -0.005431628 -0.627542615 -0.498247147
-0.667778611 0.033264510 -0.743616343 -9.640886307 0.028337657 0.999412954 0.019259531 0.183173925 0.743820369 -0.008211246 -0.668329120 -0.520105839
-0.706044137 0.035413962 -0.707281709 -9.662017822 0.033112835 0.999307394 0.016980939 0.183300793 0.707393169 -0.011430810 -0.706727684 -0.542375565
-0.741414666 0.034420926 -0.670163751 -9.680544853 0.029324591 0.999391496 0.018888358 0.182626814 0.670406163 -0.005648175 -0.741972864 -0.567035198
-0.775973380 0.029115960 -0.630093336 -9.699542999 0.021486074 0.999574423 0.019728746 0.183255643 0.630399585 0.001770748 -0.776268661 -0.592718601
-0.807363212 0.025217606 -0.589515567 -9.714786530 0.015824640 0.999652326 0.021089533 0.184450582 0.589842498 0.007698041 -0.807481527 -0.619332314
-0.837369084 0.029672859 -0.545831978 -9.731241226 0.017534634 0.999469817 0.027433662 0.184089497 0.546356738 0.013401133 -0.837445378 -0.646745682
-0.864053071 0.032422982 -0.502355516 -9.745444298 0.019209640 0.999320447 0.031457406 0.186050087 0.503034115 0.017530795 -0.864088595 -0.675244331
-0.888363540 0.033594552 -0.457910031 -9.756772041 0.018395659 0.999123037 0.037612319 0.185936987 0.458772063 0.024989866 -0.888202488 -0.703668356
-0.910522640 0.025215376 -0.412689686 -9.766233444 0.008071207 0.999032378 0.043233357 0.186405927 0.413380504 0.036034051 -0.909845173 -0.733694077
-0.930010736 0.022795061 -0.366824806 -9.775512695 0.006785322 0.998969555 0.044874690 0.186799824 0.367469788 0.039244916 -0.929207087 -0.764787674
-0.946945190 0.021381652 -0.320683032 -9.783643723 0.008138034 0.999059737 0.042581849 0.187521100 0.321292013 0.037712950 -0.946228981 -0.795531511
-0.960266411 0.021091035 -0.278286725 -9.790912628 0.010372502 0.999148548 0.039932583 0.188439593 0.278891951 0.035459395 -0.959667623 -0.826781273
-0.970691562 0.021442825 -0.239370316 -9.797370911 0.012355565 0.999147177 0.039399609 0.188841894 0.240010992 0.035287306 -0.970128655 -0.858749151
-0.979044855 0.014673459 -0.203115523 -9.801640511 0.007091471 0.999252260 0.038006052 0.190122664 0.203521341 0.035769247 -0.978416860 -0.892398953
-0.985497296 0.008904320 -0.169457406 -9.805613518 0.002698439 0.999318302 0.036817197 0.190896511 0.169669747 0.035825979 -0.984849572 -0.926227331
-0.989896297 0.007501277 -0.141594797 -9.809009552 0.002418426 0.999347568 0.036035173 0.191903532 0.141772747 0.035328642 -0.989268541 -0.960766554
-0.992733896 0.006350049 -0.120163791 -9.811525345 0.001929232 0.999318182 0.036870554 0.192567468 0.120315999 0.036370821 -0.992069125 -0.995761275
-0.995099604 0.006126194 -0.098687500 -9.814757347 0.002420489 0.999288976 0.037625946 0.193288043 0.098847829 0.037202690 -0.994406879 -1.032368898
