0.999625027 0.001476875 -0.027341658 -0.002245033 -0.001531019 0.999996841 -0.001959436 -0.000488820 0.027338682 0.002000562 0.999624193 0.035635587
0.999378920 0.003906299 -0.035022501 -0.002831783 -0.003967966 0.999990642 -0.001691444 -0.000431174 0.035015557 0.001829362 0.999385118 0.041875660
0.999124944 0.005145523 -0.041507665 -0.004013679 -0.005167139 0.999986589 -0.000413505 -0.000713450 0.041504979 0.000627619 0.999138117 0.046769314
0.998829603 0.006590930 -0.047914784 -0.005138085 -0.006581437 0.999978304 0.000355869 -0.000974886 0.047916077 -0.000040104 0.998851478 0.051432867
0.998582244 0.007300203 -0.052727766 -0.005479355 -0.007273317 0.999973357 0.000701765 -0.001086409 0.052731484 -0.000317264 0.998608649 0.054916486
0.998370230 0.007150130 -0.056621850 -0.006201809 -0.007168428 0.999974310 -0.000120037 -0.001005839 0.056619551 0.000525731 0.998395681 0.057603762
0.998192012 0.007337722 -0.059656218 -0.006651842 -0.007361080 0.999972880 -0.000171792 -0.001220688 0.059653342 0.000610615 0.998218954 0.059734829
0.998009026 0.007048442 -0.062676236 -0.006200061 -0.007100184 0.999974608 -0.000602842 -0.000854030 0.062670402 0.001046655 0.998033702 0.061213549
0.997885108 0.007579875 -0.064559214 -0.006457868 -0.007656581 0.999970198 -0.000940819 -0.000942194 0.064550176 0.001433133 0.997913480 0.062028311
0.997816026 0.007802773 -0.065592103 -0.006437433 -0.007841655 0.999969184 -0.000335384 -0.001236762 0.065587468 0.000849002 0.997846484 0.062547021
0.997850180 0.007823393 -0.065066658 -0.006772546 -0.007861348 0.999969006 -0.000327339 -0.001245855 0.065062076 0.000838147 0.997880876 0.062347420
0.997835457 0.007059933 -0.065380454 -0.006428348 -0.007183060 0.999972820 -0.001648363 -0.000785348 0.065367050 0.002114427 0.997859061 0.062378693
0.997825801 0.006586186 -0.065577678 -0.006433635 -0.006790769 0.999972641 -0.002897300 -0.000960145 0.065556794 0.003336323 0.997843325 0.062176645
0.997840881 0.006733597 -0.065331519 -0.006364560 -0.006961026 0.999970496 -0.003254141 -0.001003850 0.065307699 0.003701890 0.997858286 0.062183123
0.997822404 0.007201318 -0.065561831 -0.006280127 -0.007391429 0.999969125 -0.002657616 -0.001078597 0.065540679 0.003136424 0.997844934 0.062211689
0.997793257 0.007016598 -0.066024907 -0.006148388 -0.007219873 0.999969900 -0.002840667 -0.001319619 0.066002995 0.003311090 0.997813940 0.062003620
0.997804523 0.006889226 -0.065869018 -0.006215621 -0.007092833 0.999970734 -0.002857730 -0.001304410 0.065847427 0.003318654 0.997824132 0.062110178
0.997807324 0.007005810 -0.065813974 -0.006146501 -0.007180193 0.999971330 -0.002413446 -0.001349736 0.065795176 0.002880712 0.997829020 0.062128015
0.997810602 0.006807385 -0.065785564 -0.006220640 -0.007011247 0.999971390 -0.002868490 -0.001277684 0.065764152 0.003323449 0.997829676 0.062096685
0.997804582 0.006885915 -0.065868072 -0.006240816 -0.007085653 0.999971032 -0.002799264 -0.001264034 0.065846890 0.003259837 0.997824371 0.062155429
0.997809649 0.006793558 -0.065800674 -0.006412702 -0.006966596 0.999972820 -0.002400623 -0.001503204 0.065782592 0.002853772 0.997829854 0.062263161
0.997812450 0.006929483 -0.065744370 -0.006505603 -0.007104580 0.999971867 -0.002429884 -0.001499300 0.065725692 0.002891655 0.997833490 0.062204272
0.997793794 0.006777545 -0.066041857 -0.006404955 -0.006957889 0.999972701 -0.002501116 -0.001434189 0.066023104 0.002955110 0.997813761 0.062155113
0.997763216 0.006742222 -0.066507779 -0.006117910 -0.006941700 0.999972045 -0.002768682 -0.001234543 0.066487268 0.003224166 0.997782052 0.062112473
0.997764409 0.006675444 -0.066494077 -0.006207510 -0.006876062 0.999972463 -0.002788682 -0.001219456 0.066473648 0.003239667 0.997782826 0.062200587
0.997760177 0.006594218 -0.066567145 -0.006085293 -0.006803144 0.999972582 -0.002912377 -0.001064981 0.066546127 0.003358720 0.997777641 0.062083311
0.997753680 0.006602235 -0.066663645 -0.006096900 -0.006813355 0.999972463 -0.002940079 -0.001086201 0.066642404 0.003387677 0.997771204 0.062030859
0.997747958 0.006536025 -0.066755913 -0.006276109 -0.006740216 0.999973297 -0.002833994 -0.001139442 0.066735603 0.003277561 0.997765362 0.062135428
0.997735918 0.006400224 -0.066948503 -0.006295446 -0.006592157 0.999974787 -0.002646336 -0.001257209 0.066929884 0.003081680 0.997752845 0.062088873
0.997716904 0.006243331 -0.067245811 -0.006277175 -0.006437786 0.999975741 -0.002675399 -0.001321999 0.067227483 0.003102205 0.997732818 0.061825778
0.997687936 0.006026495 -0.067693777 -0.006228990 -0.006228946 0.999976754 -0.002780015 -0.001220312 0.067675449 0.003195248 0.997702241 0.062042188
0.997647345 0.005907863 -0.068300776 -0.006061210 -0.006120438 0.999977052 -0.002903499 -0.001153942 0.068282053 0.003314699 0.997660458 0.061922368
0.997626305 0.005876640 -0.068609171 -0.006237241 -0.006080022 0.999977708 -0.002755918 -0.001249609 0.068591461 0.003166522 0.997639835 0.062158074
0.997606754 0.005532284 -0.068921119 -0.006212372 -0.005733646 0.999979794 -0.002724152 -0.001226008 0.068904683 0.003112802 0.997618437 0.062017690
0.997607470 0.005610158 -0.068903908 -0.006230928 -0.005816330 0.999979138 -0.002791912 -0.001211436 0.068886802 0.003186000 0.997619390 0.061995551
0.997605145 0.005537798 -0.068943493 -0.006166739 -0.005737777 0.999979854 -0.002702934 -0.001247552 0.068927132 0.003092043 0.997616947 0.062011510
0.997577727 0.005502861 -0.069342308 -0.006152715 -0.005697781 0.999980330 -0.002613512 -0.001364039 0.069326565 0.003002279 0.997589529 0.061967745
0.997571707 0.005412029 -0.069436416 -0.006147928 -0.005604017 0.999980986 -0.002570454 -0.001408517 0.069421180 0.002953335 0.997583091 0.062000386
0.997565567 0.005266629 -0.069535203 -0.006304846 -0.005453954 0.999981999 -0.002504388 -0.001449406 0.069520757 0.002877533 0.997576475 0.061931685
0.997552156 0.005197640 -0.069732755 -0.006296680 -0.005387267 0.999982238 -0.002531546 -0.001435547 0.069718376 0.002901019 0.997562528 0.062085815
0.997548878 0.005182490 -0.069781162 -0.006292320 -0.005361991 0.999982715 -0.002385259 -0.001521356 0.069767594 0.002753578 0.997559488 0.062085565
0.997541249 0.005221836 -0.069887273 -0.006345634 -0.005407135 0.999982357 -0.002462483 -0.001460778 0.069873169 0.002834318 0.997551858 0.062074434
0.997527361 0.005158997 -0.070089713 -0.006317571 -0.005351061 0.999982417 -0.002552801 -0.001367806 0.070075318 0.002921543 0.997537553 0.061954290
0.997526586 0.005094204 -0.070104375 -0.006324882 -0.005290478 0.999982536 -0.002614371 -0.001326968 0.070089832 0.002978791 0.997536242 0.062020764
0.997495472 0.005147650 -0.070542559 -0.006020016 -0.005350096 0.999982119 -0.002681208 -0.001223797 0.070527509 0.003051902 0.997505188 0.062110122
0.997473419 0.005121286 -0.070855774 -0.005876644 -0.005326599 0.999982178 -0.002708984 -0.001221250 0.070840634 0.003079560 0.997482896 0.061994005
0.997468531 0.004936357 -0.070938118 -0.006101846 -0.005141746 0.999983072 -0.002713020 -0.001148062 0.070923530 0.003070898 0.997477055 0.062137306
0.997455060 0.004940171 -0.071126431 -0.006048144 -0.005157228 0.999982595 -0.002868419 -0.001067609 0.071111016 0.003227934 0.997463226 0.062201738
0.997473955 0.004835970 -0.070868701 -0.006319037 -0.005036909 0.999983788 -0.002656927 -0.001217113 0.070854709 0.003007175 0.997482240 0.062187076
0.997450888 0.004821337 -0.071193218 -0.006156027 -0.005027238 0.999983668 -0.002713234 -0.001222321 0.071178973 0.003064223 0.997458935 0.062227461
0.997461021 0.004928607 -0.071043983 -0.006226591 -0.005130216 0.999983311 -0.002655614 -0.001268560 0.071029723 0.003013342 0.997469664 0.062078256
0.997454047 0.004923541 -0.071141422 -0.006201935 -0.005119281 0.999983549 -0.002569363 -0.001292945 0.071127601 0.002927015 0.997462928 0.062115490
0.997451007 0.004863108 -0.071188137 -0.006123855 -0.005060001 0.999983847 -0.002585739 -0.001302548 0.071174406 0.002939360 0.997459531 0.062070623
0.997454703 0.004933140 -0.071131729 -0.006076932 -0.005125853 0.999983668 -0.002526954 -0.001300456 0.071118101 0.002885133 0.997463703 0.062182534
0.997440100 0.004918432 -0.071337529 -0.006026403 -0.005108677 0.999983847 -0.002484622 -0.001329362 0.071324147 0.002842702 0.997449100 0.062116627
0.997452140 0.004918605 -0.071168624 -0.006021742 -0.005114323 0.999983609 -0.002568103 -0.001277211 0.071154818 0.002925538 0.997461021 0.062036261
0.997453034 0.004995377 -0.071150124 -0.006064716 -0.005187039 0.999983370 -0.002509275 -0.001328577 0.071136400 0.002871943 0.997462511 0.061973810
0.997455060 0.004898294 -0.071129508 -0.006081976 -0.005089415 0.999983907 -0.002505964 -0.001329232 0.071116082 0.002861594 0.997463942 0.062009949
0.997455120 0.004899406 -0.071128182 -0.006119734 -0.005088046 0.999984026 -0.002471178 -0.001371375 0.071114935 0.002826792 0.997464120 0.062043097
0.997455776 0.004825733 -0.071123533 -0.006121459 -0.005009619 0.999984503 -0.002407292 -0.001371414 0.071110822 0.002757469 0.997464657 0.062056843
0.997455239 0.004841999 -0.071131185 -0.006161602 -0.005041888 0.999983847 -0.002630872 -0.001255598 0.071117282 0.002982813 0.997463524 0.062047441
0.997466564 0.004912483 -0.070967622 -0.006326587 -0.005107947 0.999983668 -0.002573054 -0.001322142 0.070953816 0.002929033 0.997475326 0.062043648
0.997410297 0.004766739 -0.071763337 -0.006344339 -0.004986810 0.999983370 -0.002887778 -0.001110186 0.071748361 0.003238170 0.997417510 0.062086903
0.997224033 0.005032212 -0.074288748 -0.006337476 -0.005298379 0.999980211 -0.003386234 -0.001059567 0.074270219 0.003770445 0.997231007 0.062229592
0.997075438 0.005719967 -0.076209202 -0.006430121 -0.005998610 0.999976158 -0.003427888 -0.001331890 0.076187775 0.003875013 0.997085929 0.062826104
0.996821105 0.006259903 -0.079424575 -0.006727602 -0.006548702 0.999972939 -0.003376201 -0.001454788 0.079401277 0.003885597 0.996835113 0.063497603
0.996447682 0.005954310 -0.084003091 -0.007185523 -0.006231772 0.999975979 -0.003041169 -0.001611481 0.083982959 0.003553853 0.996460974 0.064299107
0.995958269 0.006260558 -0.089599229 -0.007594659 -0.006551204 0.999974191 -0.002950121 -0.001642890 0.089578450 0.003525180 0.995973587 0.065298803
0.995517731 0.006997492 -0.094315074 -0.008725252 -0.007317674 0.999968529 -0.003049391 -0.001441511 0.094290763 0.003725890 0.995537758 0.066031247
0.994723380 0.007284706 -0.102333486 -0.009148400 -0.007606394 0.999967217 -0.002753647 -0.001498658 0.102310076 0.003517505 0.994746387 0.067769647
0.993621945 0.007534857 -0.112510920 -0.009696157 -0.007872533 0.999965727 -0.002557298 -0.001666368 0.112487793 0.003426733 0.993647218 0.070092723
0.992471993 0.007765448 -0.122225545 -0.010356370 -0.008101331 0.999964714 -0.002251340 -0.001698314 0.122203737 0.003224581 0.992499769 0.072217599
0.991080761 0.008355971 -0.132999912 -0.011084344 -0.008676824 0.999960601 -0.001833016 -0.001710341 0.132979348 0.002970684 0.991114378 0.074219249
0.989373267 0.008582592 -0.145143613 -0.011951132 -0.008926448 0.999958634 -0.001717959 -0.001703793 0.145122871 0.002995320 0.989409089 0.076906435
0.987409830 0.009003754 -0.157926142 -0.012857202 -0.009420450 0.999953806 -0.001890174 -0.001452154 0.157901824 0.003354112 0.987449050 0.079359271
0.984944165 0.009333896 -0.172620654 -0.013710707 -0.009901407 0.999947965 -0.002426823 -0.001463396 0.172589019 0.004099472 0.984985352 0.082079828
0.982309222 0.009659721 -0.187016785 -0.015854677 -0.010584573 0.999936163 -0.003947334 -0.001639075 0.186966717 0.005856995 0.982348800 0.084469438
0.978762925 0.010894628 -0.204705924 -0.017222749 -0.012247970 0.999910653 -0.005345241 -0.001725945 0.204629391 0.007738955 0.978808880 0.088748574
0.974382818 0.012690519 -0.224537417 -0.018387668 -0.014401172 0.999878407 -0.005982442 -0.001580126 0.224434167 0.009062791 0.974447072 0.095657825
0.970312715 0.013355119 -0.241484672 -0.022163656 -0.015031470 0.999874055 -0.005100907 -0.001196804 0.241386116 0.008579345 0.970391154 0.101448469
0.965901494 0.012524796 -0.258606791 -0.024853365 -0.013660107 0.999903262 -0.002593636 -0.001834016 0.258549243 0.006037792 0.965979218 0.106322356
0.960135043 0.011808154 -0.279287010 -0.028064171 -0.012538579 0.999921024 -0.000828933 -0.001822509 0.279255211 0.004297751 0.960207283 0.114294700
0.953500628 0.013462634 -0.301090181 -0.032116488 -0.013599294 0.999906123 0.001642153 -0.002135584 0.301083982 0.002528819 0.953594327 0.122055776
0.945902765 0.015918788 -0.324059367 -0.036748242 -0.015113641 0.999873281 0.005001356 -0.001978832 0.324097812 0.000166918 0.946023583 0.130988851
0.937429070 0.016501453 -0.347785115 -0.041174237 -0.014699856 0.999861360 0.007818324 -0.002117475 0.347865850 -0.002216733 0.937541664 0.140139356
0.927745640 0.015731016 -0.372881711 -0.045955364 -0.013094744 0.999868155 0.009601844 -0.002173995 0.372983575 -0.004025277 0.927829146 0.150112242
0.916921496 0.015916983 -0.398750126 -0.051912598 -0.011800241 0.999848664 0.012776621 -0.002123775 0.398893148 -0.007009809 0.916970551 0.160500154
0.904362321 0.016276550 -0.426455200 -0.058300413 -0.010206157 0.999811649 0.016516196 -0.002177028 0.426643699 -0.010584157 0.904357851 0.169867709
0.889510036 0.016802166 -0.456606627 -0.065834135 -0.009501941 0.999787807 0.018279474 -0.001695140 0.456816792 -0.011921126 0.889480889 0.180646569
0.871643245 0.016785761 -0.489853382 -0.074145660 -0.009127786 0.999796033 0.018017972 -0.001276546 0.490055919 -0.011233965 0.871618629 0.191671088
0.850166917 0.018630793 -0.526183605 -0.083086699 -0.010872306 0.999781847 0.017833047 -0.001602834 0.526400983 -0.009440239 0.850184143 0.203750700
0.825677812 0.021129284 -0.563746214 -0.093976051 -0.013881607 0.999756694 0.017139655 -0.001410889 0.563971102 -0.006326128 0.825770319 0.215913624
0.796998799 0.021606090 -0.603594303 -0.107180260 -0.014597476 0.999757051 0.016512204 -0.000791659 0.603804290 -0.004349255 0.797120690 0.230357707
0.764357448 0.018273795 -0.644533753 -0.120480359 -0.010172276 0.999815643 0.016283354 -0.001287860 0.644712508 -0.005889927 0.764402449 0.243114412
0.728694499 0.014176866 -0.684692144 -0.136840254 -0.006558868 0.999884307 0.013722690 -0.000559867 0.684807539 -0.005508843 0.728703201 0.258370250
0.691965103 0.013514386 -0.721804380 -0.155412585 -0.006404744 0.999900281 0.012581222 -0.000540286 0.721902430 -0.004082793 0.691982746 0.272403121
0.652803302 0.014153589 -0.757395267 -0.176629975 -0.006535284 0.999893486 0.013052400 0.000184531 0.757499278 -0.003570857 0.652826190 0.288436025
0.611483872 0.013782437 -0.791136920 -0.199363530 -0.004583111 0.999893248 0.013876826 0.000990595 0.791243553 -0.004859587 0.611481726 0.303674489
0.569132507 0.015388416 -0.822101772 -0.226599246 -0.002688826 0.999854326 0.016854210 0.001475722 0.822241426 -0.007381789 0.569090962 0.319335490
0.524570882 0.019517202 -0.851143062 -0.254377633 -0.001667330 0.999758959 0.021897446 0.001308576 0.851365268 -0.010067626 0.524476886 0.333778620
0.477816880 0.024225755 -0.878125370 -0.284971952 0.000884533 0.999605834 0.028058469 0.001842150 0.878458977 -0.014183542 0.477607191 0.348636150
0.428608358 0.026820693 -0.903092206 -0.317642897 0.006415490 0.999443710 0.032727011 0.003668755 0.903467536 -0.019820852 0.428197920 0.362665564
0.378279209 0.030888051 -0.925176084 -0.352510989 0.010875202 0.999225974 0.037806857 0.004422807 0.925627708 -0.024363026 0.377650470 0.375074029
0.329429030 0.035207372 -0.943523705 -0.390653491 0.013956239 0.999013722 0.042150762 0.004949667 0.944077313 -0.027053727 0.328612775 0.384872794
0.278545469 0.038666464 -0.959644437 -0.429940969 0.018892528 0.998775303 0.045726877 0.006228423 0.960237265 -0.030867126 0.277473867 0.395966291
0.231007665 0.041540354 -0.972064793 -0.474799782 0.020941576 0.998644412 0.047652904 0.007965818 0.972726464 -0.031364754 0.229824632 0.403902113
0.185319826 0.041109920 -0.981817961 -0.516052783 0.025713021 0.998579621 0.046665125 0.009735014 0.982341707 -0.033893473 0.183999524 0.410289526
0.144290566 0.040055960 -0.988724291 -0.559395432 0.028422868 0.998600364 0.044603992 0.011221049 0.989126980 -0.034538314 0.142950118 0.415842980
0.109984100 0.038265977 -0.993196487 -0.608943045 0.029420594 0.998695433 0.041735806 0.013513336 0.993497789 -0.033810701 0.108714804 0.420803636
0.083952650 0.038359642 -0.995731056 -0.657702386 0.026184838 0.998828709 0.040686693 0.014771500 0.996125638 -0.029488817 0.082849890 0.422046214
0.062088486 0.036944121 -0.997386575 -0.708451688 0.026799360 0.998892605 0.038668189 0.016386665 0.997710824 -0.029130172 0.061029665 0.424845159
0.045053180 0.035495043 -0.998353660 -0.760322869 0.028381431 0.998919666 0.036795948 0.018432096 0.998581290 -0.029992491 0.043997116 0.426180303
0.029762734 0.033916198 -0.998981297 -0.814121068 0.030379962 0.998931766 0.034819622 0.020532027 0.999095201 -0.031385340 0.028700566 0.427792370
0.016126720 0.032984626 -0.999325693 -0.869694531 0.032563005 0.998908222 0.033496328 0.020624368 0.999339521 -0.033081241 0.015035034 0.427907676
0.002081223 0.029901974 -0.999550581 -0.925228119 0.034963939 0.998939455 0.029956490 0.021456692 0.999386370 -0.035010580 0.001033523 0.426463485
-0.012365745 0.026397960 -0.999575019 -0.984272003 0.034676526 0.999061406 0.025955409 0.023880994 0.999322116 -0.034340836 -0.013269530 0.426099628
-0.024854852 0.025522243 -0.999365211 -1.043463945 0.032141216 0.999177635 0.024718078 0.025078773 0.999174237 -0.031506449 -0.025654729 0.422716171
-0.033981390 0.025135895 -0.999106348 -1.104715586 0.027655033 0.999324560 0.024200790 0.026380129 0.999039829 -0.026807941 -0.034653582 0.419819057
-0.039945479 0.026070578 -0.998861730 -1.166434407 0.024171812 0.999392211 0.025117779 0.026031066 0.998909473 -0.023140954 -0.040551379 0.417044818
-0.042364839 0.025265696 -0.998782694 -1.232472539 0.022321314 0.999454618 0.024335904 0.027463965 0.998852789 -0.021263158 -0.042905696 0.413072348
-0.042342272 0.028154515 -0.998706341 -1.297021270 0.024118099 0.999340415 0.027149847 0.026149739 0.998812020 -0.022937316 -0.042993374 0.408606887
-0.044272829 0.026928039 -0.998656511 -1.366260052 0.021976808 0.999421000 0.025974369 0.030447001 0.998777688 -0.020797325 -0.044838998 0.406191349
-0.046721503 0.027887324 -0.998518527 -1.435067296 0.023057152 0.999373972 0.026832350 0.031118330 0.998641908 -0.021769345 -0.047335260 0.401885152
-0.051028591 0.027376482 -0.998321831 -1.505116343 0.023552319 0.999379218 0.026201613 0.033425502 0.998419404 -0.022175767 -0.051641699 0.397873700
-0.056570727 0.025819346 -0.998064697 -1.577625990 0.021571932 0.999463797 0.024632838 0.036573708 0.998165548 -0.020136688 -0.057097364 0.395377576
-0.059571348 0.026514253 -0.997871876 -1.649916649 0.023501974 0.999407470 0.025152022 0.035823017 0.997947335 -0.021953620 -0.060159188 0.388011992
-0.063657291 0.027050311 -0.997605026 -1.721926332 0.023814486 0.999389172 0.025579080 0.036836877 0.997687638 -0.022129159 -0.064262576 0.381671339
-0.069700330 0.030145008 -0.997112334 -1.798640132 0.024313649 0.999297738 0.028511496 0.037731152 0.997271657 -0.022256188 -0.070384309 0.377703339
-0.074998654 0.034005012 -0.996603668 -1.874054551 0.025779055 0.999150455 0.032151926 0.039471354 0.996850431 -0.023280153 -0.075811572 0.371955454
-0.079160690 0.036203168 -0.996204138 -1.950963497 0.025986254 0.999075651 0.034242585 0.041205719 0.996523023 -0.023176951 -0.080028288 0.366155744
-0.081456825 0.035712425 -0.996036768 -2.028950214 0.025519058 0.999104977 0.033735450 0.043423098 0.996350050 -0.022669939 -0.082295254 0.360173225
-0.080785587 0.033580706 -0.996165693 -2.106518269 0.023723017 0.999213994 0.031759605 0.045037061 0.996449113 -0.021066342 -0.081518725 0.352790356
-0.078775764 0.033652492 -0.996324182 -2.184093952 0.024548512 0.999192595 0.031808406 0.046210714 0.996590078 -0.021952547 -0.079538278 0.344169140
-0.079237193 0.035356555 -0.996228516 -2.263409138 0.026916321 0.999082267 0.033316988 0.048323419 0.996492445 -0.024174862 -0.080116138 0.338735789
-0.076821066 0.037298061 -0.996347129 -2.342334509 0.026356945 0.999026716 0.035366192 0.050036374 0.996696472 -0.023543796 -0.077729389 0.330471724
-0.076577902 0.039270021 -0.996290028 -2.421682835 0.027536754 0.998926103 0.037257377 0.051198743 0.996683300 -0.024581499 -0.077577047 0.324810058
-0.075521715 0.039674841 -0.996354520 -2.499871254 0.027230181 0.998917520 0.037712906 0.052563876 0.996772289 -0.024282768 -0.076520316 0.317442834
-0.074845389 0.039956469 -0.996394277 -2.577683926 0.028419683 0.998876512 0.037921228 0.053614702 0.996790111 -0.025478981 -0.075896859 0.310494363
-0.074159592 0.038340051 -0.996509075 -2.655223846 0.027402343 0.998961687 0.036395147 0.055210542 0.996869862 -0.024607638 -0.075133212 0.304231882
-0.073534727 0.035430294 -0.996663094 -2.732756853 0.026395602 0.999087691 0.033568997 0.057337064 0.996943355 -0.023839036 -0.074402854 0.297591031
-0.073591687 0.035249725 -0.996665418 -2.811502695 0.026698841 0.999086618 0.033363976 0.058755226 0.996931016 -0.024154497 -0.074465603 0.292240620
-0.073844552 0.037873141 -0.996550381 -2.888332844 0.025972614 0.999012709 0.036042150 0.060000062 0.996931493 -0.023221500 -0.074755311 0.286941737
-0.071926765 0.039971355 -0.996608675 -2.967029572 0.025947938 0.998933434 0.038191896 0.060856927 0.997072279 -0.023112923 -0.072887249 0.278916568
-0.071393527 0.038684923 -0.996697783 -3.045114517 0.025914731 0.998982251 0.036917306 0.061789285 0.997111499 -0.023193499 -0.072323374 0.272317201
-0.071531288 0.036759377 -0.996760786 -3.121654034 0.027145408 0.999022245 0.034894720 0.063157775 0.997068882 -0.024561409 -0.072459206 0.266936183
-0.072162487 0.036006488 -0.996742785 -3.197975397 0.026977554 0.999053001 0.034136813 0.063508004 0.997027934 -0.024426281 -0.073065512 0.261846125
-0.070651636 0.037099428 -0.996810913 -3.277326107 0.024943691 0.999061346 0.035415225 0.066472061 0.997189105 -0.022362003 -0.071510710 0.254724860
-0.069339573 0.039628670 -0.996805727 -3.353628397 0.024636313 0.998973966 0.038001120 0.068364590 0.997288883 -0.021922641 -0.070244722 0.246756569
-0.069782622 0.042657670 -0.996649742 -3.431015253 0.023405369 0.998880208 0.041114360 0.069075473 0.997287631 -0.020457886 -0.070702918 0.242113948
-0.069738440 0.042140692 -0.996674836 -3.507576942 0.021884948 0.998931408 0.040704798 0.069473036 0.997325301 -0.018973488 -0.070586167 0.235939503
-0.069251612 0.040023062 -0.996796072 -3.584378719 0.020430585 0.999042153 0.038693856 0.071563192 0.997389972 -0.017685508 -0.070002981 0.229883432
-0.069392346 0.039209455 -0.996818662 -3.659696817 0.019481132 0.999089956 0.037942644 0.073687434 0.997399151 -0.016786223 -0.070093036 0.224082917
-0.069144741 0.040108521 -0.996800065 -3.736757517 0.018821787 0.999066174 0.038894087 0.075142741 0.997429073 -0.016072240 -0.069835059 0.218533486
-0.069000788 0.042144135 -0.996726096 -3.812906742 0.020330636 0.998959243 0.040831130 0.075503133 0.997409463 -0.017446693 -0.069785789 0.212930858
-0.068204276 0.040798858 -0.996836841 -3.888988256 0.020677598 0.999006689 0.039472885 0.078310452 0.997457087 -0.017919971 -0.068980165 0.206367880
-0.066557348 0.039102212 -0.997016132 -3.963730097 0.023632310 0.999013305 0.037602928 0.079283759 0.997502744 -0.021059044 -0.067415737 0.198544681
-0.068477772 0.037904609 -0.996932328 -4.038304806 0.025811821 0.999010742 0.036210660 0.080648750 0.997318745 -0.023253012 -0.069388427 0.195282280
-0.069874808 0.038658597 -0.996806324 -4.113063335 0.027871583 0.998934388 0.036787368 0.081678718 0.997166336 -0.025212063 -0.070877805 0.190221816
-0.072917171 0.039577141 -0.996552408 -4.188824177 0.027907595 0.998902082 0.037628476 0.083486214 0.996947467 -0.025067618 -0.073941618 0.185138851
-0.075982220 0.041572012 -0.996242166 -4.261177063 0.029998738 0.998773515 0.039389674 0.083632797 0.996657789 -0.026893094 -0.077136137 0.178669512
-0.079504624 0.041484699 -0.995970905 -4.334799767 0.027910436 0.998834670 0.039375994 0.085715830 0.996443748 -0.024667405 -0.080569819 0.172386736
-0.081645094 0.040365662 -0.995843709 -4.409611225 0.025359577 0.998940170 0.038412046 0.086848363 0.996338725 -0.022118019 -0.082582213 0.165230334
-0.083645925 0.039428774 -0.995715141 -4.482413769 0.024470059 0.998996913 0.037503090 0.087585442 0.996195018 -0.021228231 -0.084526837 0.157068551
-0.086392567 0.038119201 -0.995531678 -4.554874420 0.024066491 0.999056041 0.036165651 0.090115890 0.995970368 -0.020834515 -0.087228402 0.150326997
-0.089149207 0.040421337 -0.995197713 -4.630520344 0.024977099 0.998952687 0.038336415 0.090588875 0.995705068 -0.021439493 -0.090065427 0.143904179
-0.090403751 0.041958850 -0.995020866 -4.702462673 0.023927260 0.998915255 0.039949130 0.091199301 0.995617688 -0.020196578 -0.091309637 0.136742234
-0.092201777 0.041891560 -0.994858742 -4.775277138 0.025226943 0.998892128 0.039723415 0.093524992 0.995420754 -0.021434678 -0.093156435 0.129459798
-0.093231559 0.042719901 -0.994727552 -4.847652435 0.025337420 0.998857200 0.040522497 0.095129564 0.995321989 -0.021425856 -0.094207443 0.122142673
-0.093673162 0.043458804 -0.994654059 -4.920498371 0.022656931 0.998881161 0.041509751 0.095859841 0.995345175 -0.018647458 -0.094552986 0.113283753
-0.092817239 0.043367222 -0.994738162 -4.992020607 0.021002416 0.998914003 0.041589573 0.097662173 0.995461583 -0.017031679 -0.093627252 0.104817539
-0.093547553 0.042902786 -0.994690001 -5.064634323 0.020576192 0.998941064 0.041151024 0.098867610 0.995402157 -0.016617356 -0.094331272 0.099099755
-0.091745444 0.042571653 -0.994872034 -5.134180546 0.019927446 0.998964190 0.040909089 0.100177124 0.995583057 -0.016072037 -0.092498757 0.091174722
-0.089122102 0.043661337 -0.995063305 -5.205684662 0.022557765 0.998870969 0.041808046 0.100247420 0.995765269 -0.018720381 -0.090006381 0.083387405
-0.088231876 0.043196816 -0.995162904 -5.278738022 0.026016910 0.998818338 0.041048810 0.102312639 0.995760143 -0.022269251 -0.089251451 0.077245921
-0.086127192 0.041941412 -0.995400906 -5.351006508 0.028980669 0.998796165 0.039576918 0.104170442 0.995862544 -0.025438739 -0.087238990 0.071185857
-0.083673880 0.040078290 -0.995687008 -5.420653343 0.031028362 0.998811185 0.037596542 0.106684007 0.996010005 -0.027748685 -0.084817961 0.064521134
-0.082006142 0.041225817 -0.995778799 -5.490528107 0.032791499 0.998714745 0.038646866 0.107778452 0.996092260 -0.029483799 -0.083252586 0.058703870
-0.080357321 0.042562939 -0.995856941 -5.562716484 0.033114463 0.998650372 0.040010266 0.110021487 0.996215940 -0.029762153 -0.081658319 0.053503156
-0.077028759 0.043922096 -0.996061087 -5.634892941 0.031967029 0.998624384 0.041563012 0.110862769 0.996516287 -0.028639564 -0.078326844 0.046809793
-0.074457422 0.043907985 -0.996257067 -5.706164837 0.030097120 0.998674095 0.041765131 0.112593576 0.996769845 -0.026874747 -0.075680196 0.040593684
-0.072382763 0.042537048 -0.996469498 -5.776553154 0.030213751 0.998725176 0.040438637 0.113454230 0.996919274 -0.027180020 -0.073575683 0.034327358
-0.070994072 0.039990526 -0.996674776 -5.846479893 0.028189059 0.998877287 0.038070966 0.115273334 0.997078478 -0.025392514 -0.072041661 0.029531538
-0.069932513 0.036982860 -0.996865928 -5.917244911 0.027461199 0.999005198 0.035135753 0.116661489 0.997173727 -0.024918007 -0.070878543 0.024812102
-0.068724900 0.035222802 -0.997013628 -5.988113403 0.028238088 0.999044776 0.033348087 0.118045509 0.997235894 -0.025861917 -0.069653861 0.020351440
-0.067160115 0.034277502 -0.997153223 -6.056508064 0.028344296 0.999071896 0.032434415 0.119646437 0.997339547 -0.026085308 -0.068069339 0.014499396
-0.066529728 0.035254780 -0.997161448 -6.127941608 0.028148394 0.999044180 0.033443302 0.122003995 0.997387409 -0.025843518 -0.067458503 0.009627551
-0.067214318 0.039000932 -0.996975958 -6.196646214 0.029247979 0.998883307 0.037103694 0.121339560 0.997309744 -0.026665637 -0.068279959 0.005207151
-0.067824550 0.040653016 -0.996868789 -6.266385078 0.026533114 0.998889506 0.038930185 0.122408092 0.997344315 -0.023809604 -0.068827875 -0.000023127
-0.068345636 0.041765582 -0.996787131 -6.334149837 0.022853443 0.998926640 0.040288258 0.123994812 0.997399986 -0.020026485 -0.069226779 -0.006332755
-0.071170822 0.040171545 -0.996654928 -6.406552315 0.018826146 0.999064744 0.038924307 0.126458824 0.997286439 -0.015992893 -0.071860537 -0.008947879
-0.069706917 0.040402733 -0.996748984 -6.474176884 0.015338766 0.999104798 0.039425511 0.126287609 0.997449517 -0.012540667 -0.070264250 -0.017072558
-0.070998579 0.040181704 -0.996666789 -6.543960094 0.012924836 0.999141514 0.039360762 0.126620814 0.997392654 -0.010087196 -0.071456969 -0.021328956
-0.071242556 0.037908323 -0.996738434 -6.611002922 0.011130095 0.999245644 0.037208144 0.129390314 0.997396946 -0.008442991 -0.071610741 -0.028390497
-0.072328247 0.036752347 -0.996703506 -6.681763172 0.009286379 0.999302328 0.036174279 0.129894167 0.997337639 -0.006639343 -0.072619103 -0.032685786
-0.072822064 0.034373086 -0.996752381 -6.750992775 0.009860571 0.999381781 0.033743352 0.133559868 0.997296154 -0.007371289 -0.073116004 -0.038504690
-0.073512390 0.040283252 -0.996480346 -6.819191456 0.013825720 0.999128997 0.039370373 0.134109184 0.997198403 -0.010882848 -0.074005291 -0.043951631
-0.074313991 0.045802824 -0.996182442 -6.888439178 0.016799325 0.998860419 0.044672735 0.134818614 0.997093320 -0.013415384 -0.074998759 -0.048690557
-0.075613178 0.046818547 -0.996037543 -6.957274914 0.018862450 0.998785615 0.045515794 0.136788696 0.996958792 -0.015346110 -0.076404475 -0.054060102
-0.076321349 0.042562298 -0.996174395 -7.025975704 0.021117704 0.998933315 0.041062258 0.137889609 0.996859610 -0.017902989 -0.077138767 -0.060126871
-0.076990038 0.039042834 -0.996267080 -7.093395710 0.021547949 0.999064744 0.037487283 0.139439732 0.996798933 -0.018581366 -0.077759326 -0.065631539
-0.078174092 0.037469402 -0.996235311 -7.161615372 0.021837570 0.999117970 0.035864241 0.140917808 0.996700525 -0.018951701 -0.078923374 -0.070454627
-0.077671647 0.037232429 -0.996283472 -7.230143070 0.021516247 0.999132276 0.035661455 0.141795889 0.996746778 -0.018666398 -0.078405358 -0.078277767
-0.077984139 0.037452441 -0.996250808 -7.298120499 0.022711594 0.999101460 0.035781804 0.142139643 0.996695876 -0.019836027 -0.078764677 -0.084501117
-0.078127272 0.035337090 -0.996316850 -7.365954399 0.025209393 0.999122024 0.033459760 0.143384188 0.996624589 -0.022502422 -0.078949504 -0.089788705
-0.078142181 0.032327749 -0.996417880 -7.432504654 0.027126912 0.999172986 0.030289756 0.144305289 0.996573091 -0.024662834 -0.078954503 -0.094458044
-0.077617131 0.031845808 -0.996474504 -7.501089573 0.028939862 0.999140561 0.029676836 0.145010531 0.996563077 -0.026534403 -0.078472033 -0.099873513
-0.076299496 0.033967633 -0.996506155 -7.567564964 0.031368539 0.999006569 0.031651068 0.145960853 0.996591389 -0.028843982 -0.077289224 -0.106381029
-0.075818717 0.037789743 -0.996405184 -7.633588791 0.032473847 0.998845041 0.035411261 0.147212967 0.996592641 -0.029672284 -0.076958343 -0.110664517
-0.074585192 0.038884912 -0.996456146 -7.700050354 0.032707050 0.998797238 0.036528125 0.148510009 0.996678114 -0.029866686 -0.075767294 -0.116442502
-0.073409036 0.038309395 -0.996565878 -7.768228531 0.031622853 0.998848855 0.036067761 0.148999840 0.996800423 -0.028866550 -0.074535988 -0.123083323
-0.072303884 0.036128681 -0.996728003 -7.832239151 0.029043624 0.998996198 0.034104023 0.150582880 0.996959686 -0.026482742 -0.073280595 -0.127700806
-0.072035968 0.036282934 -0.996741831 -7.898465633 0.028507959 0.999004722 0.034304999 0.151993826 0.996994495 -0.025943879 -0.072998635 -0.131684452
-0.070374154 0.038699914 -0.996769667 -7.963667393 0.028177032 0.998925507 0.036794260 0.152320430 0.997122705 -0.025496641 -0.071388982 -0.138177305
-0.069220044 0.039944731 -0.996801376 -8.028954506 0.027499394 0.998894751 0.038118999 0.153716937 0.997222245 -0.024772841 -0.070241988 -0.142668784
-0.068392657 0.039298605 -0.996884108 -8.094903946 0.029110713 0.998877048 0.037379976 0.155257747 0.997233570 -0.026463492 -0.069459863 -0.147709846
-0.067844287 0.038975500 -0.996934354 -8.158526421 0.028764198 0.998897552 0.037094768 0.156681985 0.997281194 -0.026159344 -0.068890616 -0.151698470
-0.066802330 0.038982663 -0.997004390 -8.222297668 0.027748698 0.998922527 0.037198413 0.157562315 0.997380376 -0.025180634 -0.067812070 -0.156478405
-0.066614002 0.040364474 -0.996962011 -8.286900520 0.026383674 0.998903215 0.038680192 0.159085765 0.997429907 -0.023726877 -0.067605905 -0.161109656
-0.065627933 0.040722869 -0.997012913 -8.348930359 0.025730038 0.998903632 0.039106432 0.160219461 0.997512400 -0.023086702 -0.066603787 -0.165608615
-0.065130226 0.041530609 -0.997012198 -8.411753654 0.025569430 0.998874903 0.039937876 0.160570353 0.997549117 -0.022891868 -0.066118874 -0.170285761
-0.064485729 0.042670529 -0.997005939 -8.471124649 0.023922024 0.998864532 0.041202802 0.161973476 0.997631848 -0.021193413 -0.065433264 -0.174195886
-0.064626001 0.043794878 -0.996948063 -8.530782700 0.023123547 0.998834014 0.042378761 0.163231760 0.997641563 -0.020314211 -0.065563351 -0.178187639
-0.065201230 0.044530861 -0.996878028 -8.587575912 0.023869824 0.998787522 0.043054949 0.163825557 0.997586608 -0.020988066 -0.066185102 -0.183333039
-0.067869030 0.042670649 -0.996781290 -8.643585205 0.024584902 0.998853087 0.041085392 0.165961757 0.997391224 -0.021717347 -0.068840250 -0.186977774
-0.070781551 0.042108171 -0.996602654 -8.696928978 0.023151802 0.998908818 0.040561311 0.166147470 0.997223139 -0.020202151 -0.071679205 -0.191277236
-0.075267985 0.042649072 -0.996250868 -8.751266479 0.021098370 0.998929381 0.041169733 0.166020811 0.996940136 -0.017920505 -0.076087222 -0.195374608
-0.079514220 0.041425291 -0.995972514 -8.801006317 0.018982057 0.999017954 0.040036511 0.167992666 0.996652961 -0.015722133 -0.080222473 -0.200395823
-0.085609317 0.039599504 -0.995541453 -8.853013039 0.019501291 0.999085069 0.038063489 0.169108480 0.996137917 -0.016155755 -0.086303219 -0.204265475
-0.091876812 0.039112281 -0.995001972 -8.901229858 0.020653453 0.999088228 0.037365809 0.168578416 0.995556176 -0.017117174 -0.092600845 -0.210052609
-0.100706711 0.037541837 -0.994207621 -8.948247910 0.022537379 0.999117494 0.035444349 0.169422045 0.994660795 -0.018837353 -0.101463929 -0.215898395
-0.111924723 0.036614284 -0.993041992 -8.994652748 0.024710011 0.999114513 0.034053147 0.169158071 0.993409455 -0.020726686 -0.112730347 -0.221456110
-0.123847872 0.035711564 -0.991658449 -9.039413452 0.024670349 0.999154150 0.032900430 0.170103326 0.991994500 -0.020389911 -0.124624118 -0.228223681
-0.137225822 0.034776449 -0.989929199 -9.084021568 0.025414199 0.999178171 0.031578407 0.171236694 0.990213752 -0.020824885 -0.137996867 -0.233831406
-0.149592534 0.036213592 -0.988084257 -9.122570992 0.026144177 0.999124527 0.032660075 0.171154112 0.988402009 -0.020946948 -0.150408328 -0.241839170
-0.165169954 0.038095515 -0.985529065 -9.163440704 0.027273512 0.999047995 0.034047168 0.171447247 0.985887945 -0.021255268 -0.166051686 -0.249072075
-0.180205643 0.038777463 -0.982864261 -9.200397491 0.026675096 0.999047697 0.034525145 0.171074331 0.983267188 -0.019996373 -0.181068420 -0.260220766
-0.199412107 0.035878412 -0.979258597 -9.238064766 0.024312068 0.999203086 0.031658333 0.173529416 0.979614019 -0.017494753 -0.200125411 -0.268365979
-0.219521269 0.035416719 -0.974964619 -9.272978783 0.021276340 0.999276996 0.031509347 0.172809035 0.975375652 -0.013826704 -0.220116138 -0.276526213
-0.240256533 0.036576074 -0.970020056 -9.307751656 0.022675674 0.999228656 0.032061066 0.172718734 0.970444500 -0.014292978 -0.240900591 -0.287018657
-0.262128890 0.037764739 -0.964293540 -9.341697693 0.022352155 0.999203682 0.033055805 0.172298983 0.964773953 -0.012889160 -0.262764215 -0.298494577
-0.285817623 0.037009571 -0.957569122 -9.374385834 0.021735152 0.999247193 0.032132853 0.173873976 0.958037496 -0.011628774 -0.286406845 -0.308309793
-0.311785549 0.035964314 -0.949471712 -9.406337738 0.021069864 0.999299347 0.030932833 0.174540326 0.949918866 -0.010360827 -0.312324822 -0.320366621
-0.341233492 0.034007333 -0.939363241 -9.438034058 0.021161634 0.999369979 0.028492544 0.174589843 0.939740300 -0.010155854 -0.341738224 -0.333299875
-0.373684078 0.031925365 -0.927006483 -9.466032028 0.022999613 0.999419153 0.025147865 0.174672961 0.927270830 -0.011923434 -0.374201328 -0.345296621
-0.409097880 0.030874420 -0.911968052 -9.495306969 0.024944479 0.999432325 0.022645710 0.174784586 0.912149489 -0.013484257 -0.409635752 -0.359936714
-0.447991848 0.032678302 -0.893440306 -9.521649361 0.028880998 0.999339223 0.022070039 0.175081223 0.893571019 -0.015916249 -0.448639482 -0.375133753
-0.491658121 0.037760932 -0.869969189 -9.549087524 0.034060657 0.999128640 0.024117909 0.175075039 0.870121956 -0.017773954 -0.492515892 -0.391637087
-0.535932481 0.038500577 -0.843382478 -9.574388504 0.033014316 0.999151289 0.024632303 0.175352946 0.843615055 -0.014642442 -0.536748707 -0.410328388
-0.578405738 0.035668794 -0.814969003 -9.597688675 0.028756516 0.999314189 0.023327755 0.175118163 0.815242112 -0.009942763 -0.579034865 -0.430607319
-0.621494174 0.032921243 -0.782726765 -9.620995522 0.027784355 0.999414265 0.019973956 0.175455242 0.782926083 -0.009333860 -0.622044861 -0.449869633
-0.662712216 0.032942496 -0.748149216 -9.643136978 0.031287685 0.999377668 0.016289884 0.175649434 0.748220265 -0.012612352 -0.663330495 -0.470560074
-0.701487541 0.035136361 -0.711815059 -9.664407730 0.035704382 0.999262393 0.014138872 0.175477341 0.711786687 -0.015496677 -0.702224672 -0.492166996
-0.737404227 0.034755014 -0.674556851 -9.683769226 0.031444512 0.999358952 0.017115558 0.173716903 0.674719393 -0.008590029 -0.738024473 -0.516710758
-0.770862281 0.028485650 -0.636364639 -9.701447487 0.023241760 0.999592185 0.016590871 0.175115854 0.636577725 -0.002000957 -0.771209955 -0.543123245
-0.803616822 0.026311023 -0.594565094 -9.718536377 0.018865846 0.999646366 0.018737743 0.175258934 0.594847918 0.003840993 -0.803829074 -0.569107533
-0.833747149 0.030426437 -0.551307499 -9.734375000 0.020286079 0.999494314 0.024482884 0.175155133 0.551773787 0.009228664 -0.833942890 -0.596185684
-0.860146344 0.033989359 -0.508913517 -9.748545647 0.022220690 0.999326944 0.029186564 0.176518649 0.509563029 0.013796305 -0.860322714 -0.624907017
-0.884893835 0.033888604 -0.464558423 -9.760903358 0.020476116 0.999215782 0.033887766 0.177210048 0.465342581 0.020474721 -0.884893894 -0.654038668
-0.907782674 0.029177658 -0.418424845 -9.771894455 0.012842879 0.999043405 0.041802492 0.175348505 0.419244260 0.032573793 -0.907288849 -0.684637785
-0.927229583 0.023996169 -0.373723775 -9.780552864 0.009126829 0.999096513 0.041506108 0.177256286 0.374382168 0.035074778 -0.926610887 -0.714805841
-0.944553137 0.022287492 -0.327601582 -9.789066315 0.010162717 0.999200046 0.038676366 0.178227723 0.328201503 0.033202551 -0.944024026 -0.745287657
-0.958095789 0.023222972 -0.285504818 -9.796426773 0.013321146 0.999242127 0.036575343 0.178416610 0.286137819 0.031239429 -0.957679033 -0.776612520
-0.968756616 0.020825325 -0.247137845 -9.802577019 0.012579424 0.999311686 0.034897901 0.179543257 0.247694492 0.030698713 -0.968351722 -0.808945894
-0.977257073 0.014453268 -0.211564660 -9.806799889 0.007340384 0.999382198 0.034367248 0.180332392 0.211930692 0.032032672 -0.976759613 -0.841787100
-0.984036267 0.009040265 -0.177738234 -9.810962677 0.003322961 0.999468207 0.032438390 0.181467041 0.177937001 0.031329934 -0.983543038 -0.874897957
-0.988719046 0.008330819 -0.149550289 -9.815014839 0.003553167 0.999475658 0.032185588 0.181731567 0.149739996 0.031291127 -0.988230109 -0.908432722
-0.991758883 0.006542115 -0.127950981 -9.818287849 0.002332603 0.999451935 0.033021614 0.182311937 0.128096893 0.032451022 -0.991230607 -0.943582773
-0.994219303 0.005956514 -0.107203037 -9.821385384 0.002410592 0.999446690 0.033175930 0.183356851 0.107341327 0.032725733 -0.993683517 -0.979025483
