0.999630392 0.001543326 -0.027143249 -0.002354094 -0.001592890 0.999997020 -0.001804486 -0.000623827 0.027140388 0.001847055 0.999629915 0.035739310
0.999388635 0.003855228 -0.034748763 -0.003073370 -0.003905043 0.999991417 -0.001365830 -0.000738784 0.034743197 0.001500690 0.999395132 0.041759435
0.999091506 0.005124473 -0.042307254 -0.004031017 -0.005154232 0.999986529 -0.000594349 -0.000589201 0.042303640 0.000811870 0.999104500 0.047802731
0.998799205 0.006507262 -0.048556507 -0.004809385 -0.006491844 0.999978781 0.000475211 -0.001112572 0.048558574 -0.000159419 0.998820305 0.051734567
0.998537481 0.007230440 -0.053576980 -0.004986250 -0.007210625 0.999973834 0.000563118 -0.001029708 0.053579655 -0.000175971 0.998563588 0.055384871
0.998327255 0.007106565 -0.057377517 -0.005763048 -0.007084945 0.999974668 0.000580236 -0.001695809 0.057380188 -0.000172749 0.998352349 0.057904419
0.998144150 0.007358917 -0.060448539 -0.006198019 -0.007431087 0.999971926 -0.000969191 -0.000531054 0.060439713 0.001416590 0.998170853 0.060100939
0.998000383 0.007090240 -0.062809184 -0.006180501 -0.007149689 0.999974191 -0.000721801 -0.000754842 0.062802441 0.001169424 0.998025239 0.061528508
0.997871220 0.007603985 -0.064770557 -0.006326652 -0.007703585 0.999969542 -0.001288121 -0.000683674 0.064758770 0.001784345 0.997899294 0.062398221
0.997825503 0.007745613 -0.065456174 -0.006381460 -0.007833581 0.999968708 -0.001087374 -0.000617349 0.065445706 0.001597766 0.997854948 0.062824331
0.997859836 0.007907996 -0.064910062 -0.006734176 -0.008009082 0.999967098 -0.001297251 -0.000461654 0.064897679 0.001814345 0.997890234 0.062717400
0.997825801 0.007041565 -0.065528579 -0.006234705 -0.007171704 0.999972761 -0.001750969 -0.000748291 0.065514468 0.002217114 0.997849166 0.062482841
0.997829199 0.006533931 -0.065531202 -0.006455126 -0.006740379 0.999972999 -0.002929770 -0.000942136 0.065510280 0.003365116 0.997846186 0.062332015
0.997830987 0.006682154 -0.065487549 -0.006344770 -0.006939072 0.999969006 -0.003696478 -0.000716442 0.065460823 0.004142884 0.997846544 0.062445231
0.997792423 0.007229494 -0.066015542 -0.005930766 -0.007425557 0.999968708 -0.002725076 -0.001123544 0.065993778 0.003209262 0.997814953 0.062420804
0.997923732 0.007161715 -0.064006917 -0.006935327 -0.007376649 0.999967933 -0.003122287 -0.001112693 0.063982502 0.003587962 0.997944593 0.061387964
0.997931302 0.006996771 -0.063906923 -0.006880453 -0.007215173 0.999968946 -0.003187329 -0.001065251 0.063882634 0.003641835 0.997950792 0.061509401
0.997826457 0.006992910 -0.065524325 -0.006457043 -0.007233500 0.999967933 -0.003435253 -0.000484846 0.065498181 0.003901757 0.997844994 0.062452048
0.997823954 0.006877118 -0.065574519 -0.006419964 -0.007154075 0.999966443 -0.003989652 -0.000362784 0.065544881 0.004450095 0.997839689 0.062428765
0.997826040 0.006947018 -0.065535985 -0.006575492 -0.007195637 0.999967694 -0.003558344 -0.000633058 0.065509155 0.004022181 0.997843862 0.062456466
0.997823119 0.006853808 -0.065589748 -0.006517197 -0.007082772 0.999969602 -0.003258970 -0.000751018 0.065565415 0.003716433 0.997841358 0.062511422
0.997802794 0.007019195 -0.065881170 -0.006328623 -0.007255765 0.999968052 -0.003352260 -0.000766049 0.065855533 0.003822913 0.997821867 0.062452931
0.997785270 0.006855621 -0.066163123 -0.006256665 -0.007093153 0.999969244 -0.003355855 -0.000744899 0.066138074 0.003817729 0.997803152 0.062521614
0.997773230 0.006826436 -0.066346526 -0.006359966 -0.007104431 0.999966860 -0.003955007 -0.000267399 0.066317327 0.004417554 0.997788787 0.062416997
0.997762263 0.006734258 -0.066521786 -0.006287143 -0.007013672 0.999967456 -0.003967692 -0.000280598 0.066492908 0.004425376 0.997777104 0.062552966
0.997757196 0.006669677 -0.066604353 -0.006168532 -0.006943098 0.999968410 -0.003874511 -0.000300527 0.066576406 0.004328262 0.997771919 0.062403515
0.997746706 0.006722941 -0.066756405 -0.006117704 -0.007000177 0.999967813 -0.003919902 -0.000336536 0.066727899 0.004378376 0.997761607 0.062430356
0.997736216 0.006589056 -0.066925295 -0.006196406 -0.006861969 0.999969065 -0.003848817 -0.000344118 0.066897862 0.004299343 0.997750580 0.062411431
0.997725785 0.006458923 -0.067093074 -0.006178396 -0.006730822 0.999970019 -0.003827310 -0.000317585 0.067066334 0.004270197 0.997739375 0.062442992
0.997720122 0.006277109 -0.067194775 -0.006481765 -0.006558439 0.999970615 -0.003966992 -0.000273729 0.067167908 0.004398641 0.997731924 0.062265355
0.997696757 0.006152483 -0.067551903 -0.006514561 -0.006441247 0.999970973 -0.004057730 -0.000196740 0.067524977 0.004483502 0.997707486 0.062385511
0.997645020 0.005993831 -0.068326183 -0.006189402 -0.006249817 0.999974132 -0.003533390 -0.000705573 0.068303242 0.003952095 0.997656703 0.062256910
0.997613728 0.005898171 -0.068789594 -0.006137658 -0.006152062 0.999974966 -0.003479552 -0.000737504 0.068767361 0.003894446 0.997625113 0.062363096
0.997595787 0.005632931 -0.069071971 -0.006152214 -0.005890216 0.999976456 -0.003521781 -0.000645242 0.069050491 0.003920163 0.997605443 0.062206876
0.997596741 0.005584775 -0.069063857 -0.006150814 -0.005846536 0.999976456 -0.003588593 -0.000641187 0.069042183 0.003983751 0.997605801 0.062256139
0.997595072 0.005534459 -0.069090411 -0.006124273 -0.005791057 0.999976993 -0.003514203 -0.000635481 0.069069371 0.003905858 0.997604251 0.062270131
0.997588873 0.005596921 -0.069175065 -0.006349798 -0.005814106 0.999978781 -0.002938707 -0.001094677 0.069157153 0.003333811 0.997600257 0.062146556
0.997570813 0.005525222 -0.069439523 -0.006196699 -0.005770281 0.999977827 -0.003329012 -0.000769975 0.069419585 0.003721612 0.997580588 0.062169865
0.997573495 0.005342368 -0.069416568 -0.006501601 -0.005639866 0.999975741 -0.004090396 -0.000115573 0.069393039 0.004471971 0.997579396 0.062145386
0.997555912 0.005216585 -0.069677219 -0.006430239 -0.005518773 0.999976158 -0.004145174 -0.000101322 0.069653921 0.004519576 0.997560978 0.062286120
0.997555137 0.005193241 -0.069690645 -0.006465463 -0.005493327 0.999976456 -0.004115001 -0.000104970 0.069667645 0.004487773 0.997560084 0.062251888
0.997520685 0.005224168 -0.070179343 -0.006080478 -0.005482974 0.999978840 -0.003495640 -0.000699792 0.070159614 0.003871764 0.997528195 0.062259778
0.997515619 0.005146676 -0.070257604 -0.006083176 -0.005402333 0.999979436 -0.003449326 -0.000692690 0.070238411 0.003820312 0.997522891 0.062147558
0.997505426 0.005167766 -0.070399985 -0.006002837 -0.005420798 0.999979496 -0.003403625 -0.000692391 0.070380963 0.003776758 0.997512937 0.062260646
0.997486949 0.005166031 -0.070661612 -0.005882602 -0.005418810 0.999979675 -0.003386073 -0.000675173 0.070642680 0.003760465 0.997494578 0.062265225
0.997470617 0.005098902 -0.070896894 -0.005786616 -0.005343165 0.999980390 -0.003256109 -0.000778606 0.070878901 0.003626687 0.997478366 0.062135220
0.997479379 0.005021893 -0.070779040 -0.006162999 -0.005245890 0.999981761 -0.002979196 -0.000950991 0.070762776 0.003342986 0.997487545 0.062142607
0.997463942 0.005020573 -0.070996650 -0.006126840 -0.005252542 0.999981403 -0.003080992 -0.000883956 0.070979863 0.003446091 0.997471750 0.062226053
0.997472346 0.004810419 -0.070893101 -0.006184170 -0.005025282 0.999983251 -0.002852759 -0.001033817 0.070878193 0.003201806 0.997479856 0.062219955
0.997451544 0.004739192 -0.071190245 -0.006018887 -0.004951434 0.999983788 -0.002805162 -0.001100027 0.071175799 0.003150507 0.997458816 0.062239151
0.997462690 0.004919098 -0.071021676 -0.006129781 -0.005123186 0.999983311 -0.002691732 -0.001217061 0.071007244 0.003048759 0.997471154 0.062157221
0.997475326 0.004937768 -0.070841312 -0.006441004 -0.005151450 0.999982715 -0.002833981 -0.001046638 0.070826083 0.003191761 0.997483552 0.062176283
0.997468710 0.004910466 -0.070936464 -0.006293785 -0.005129016 0.999982655 -0.002899113 -0.001063501 0.070920989 0.003255610 0.997476637 0.062170640
0.997441232 0.004930535 -0.071320295 -0.005748527 -0.005136081 0.999983072 -0.002698910 -0.001139272 0.071305789 0.003058311 0.997449815 0.062262487
0.997445524 0.004852972 -0.071266256 -0.006085473 -0.005057384 0.999983549 -0.002688119 -0.001194383 0.071252048 0.003041673 0.997453630 0.062102661
0.997458458 0.004921982 -0.071080178 -0.006061252 -0.005126237 0.999983251 -0.002691471 -0.001163457 0.071065731 0.003049004 0.997466981 0.062036403
0.997456312 0.004904210 -0.071109883 -0.006103138 -0.005106876 0.999983430 -0.002668504 -0.001193901 0.071095631 0.003024866 0.997464836 0.062032770
0.997462213 0.004863938 -0.071031108 -0.006128283 -0.005067543 0.999983549 -0.002686484 -0.001191095 0.071016878 0.003039619 0.997470498 0.062057022
0.997460485 0.004825483 -0.071058296 -0.006189699 -0.005026379 0.999983907 -0.002648653 -0.001237569 0.071044363 0.002999093 0.997468591 0.062053479
0.997463226 0.004791965 -0.071022615 -0.006199264 -0.004991098 0.999984145 -0.002626590 -0.001240108 0.071008906 0.002974408 0.997471213 0.062032368
0.997461379 0.004818480 -0.071045898 -0.006151919 -0.005036533 0.999983132 -0.002890357 -0.001059837 0.071030781 0.003240845 0.997468829 0.062045414
0.997462392 0.004906121 -0.071026437 -0.006221677 -0.005109632 0.999983370 -0.002683876 -0.001232961 0.071012095 0.003039985 0.997470796 0.062008705
0.997403860 0.004783846 -0.071850978 -0.006157330 -0.004997631 0.999983609 -0.002795903 -0.001181910 0.071836419 0.003147729 0.997411430 0.062035624
0.997236550 0.005136156 -0.074113160 -0.006480882 -0.005409715 0.999979377 -0.003490857 -0.000955593 0.074093707 0.003882142 0.997243702 0.062223330
0.997099340 0.005603758 -0.075903520 -0.006718689 -0.005915774 0.999974966 -0.003886473 -0.000916522 0.075879857 0.004324228 0.997107565 0.062662862
0.996862292 0.006205981 -0.078911476 -0.007053751 -0.006487717 0.999973476 -0.003314417 -0.001511739 0.078888811 0.003815972 0.996876121 0.063276410
0.996429563 0.005845748 -0.084226266 -0.007096309 -0.006149835 0.999975502 -0.003351346 -0.001315774 0.084204599 0.003857358 0.996441066 0.064367972
0.995947063 0.006216653 -0.089726262 -0.007476321 -0.006552316 0.999972522 -0.003446905 -0.001249038 0.089702368 0.004020851 0.995960474 0.065310985
0.995351553 0.006982220 -0.096054502 -0.008055053 -0.007336793 0.999967515 -0.003338697 -0.001242572 0.096028045 0.004027910 0.995370448 0.066811562
0.994586885 0.007259375 -0.103654511 -0.008794695 -0.007591136 0.999967277 -0.002806518 -0.001480917 0.103630744 0.003578181 0.994609416 0.068206288
0.993570626 0.007470333 -0.112968110 -0.009252220 -0.007815517 0.999966145 -0.002613026 -0.001709503 0.112944767 0.003479130 0.993595243 0.070032477
0.992412269 0.007763070 -0.122709490 -0.009814755 -0.008142095 0.999963462 -0.002587635 -0.001430165 0.122684918 0.003567113 0.992439210 0.071863651
0.991008401 0.008285788 -0.133543223 -0.010356099 -0.008630329 0.999960721 -0.002001340 -0.001534380 0.133521408 0.003135867 0.991041005 0.074401833
0.989444971 0.008759440 -0.144644096 -0.011731262 -0.009131953 0.999956548 -0.001911626 -0.001458105 0.144621044 0.003212331 0.989481866 0.076774873
0.987437367 0.008770587 -0.157767087 -0.012858322 -0.009162919 0.999956548 -0.001759570 -0.001494245 0.157744795 0.003183072 0.987474740 0.079211563
0.985143960 0.009387156 -0.171473473 -0.014345454 -0.009919369 0.999948204 -0.002247201 -0.001627484 0.171443507 0.003914725 0.985186100 0.081869043
0.982134223 0.009673327 -0.187932640 -0.015389789 -0.010483660 0.999939561 -0.003318318 -0.002053168 0.187889129 0.005229256 0.982176244 0.085551694
0.978954375 0.010911816 -0.203787312 -0.017861968 -0.012243975 0.999911129 -0.005277310 -0.001793102 0.203711614 0.007661412 0.979000986 0.088329166
0.975060821 0.012837747 -0.221566424 -0.019986615 -0.014421768 0.999880672 -0.005532806 -0.001951432 0.221468940 0.008590202 0.975129604 0.093552224
0.970798135 0.013319556 -0.239527494 -0.022690691 -0.014825372 0.999880075 -0.004485863 -0.001677596 0.239439011 0.007905953 0.970879316 0.099603988
0.966042936 0.012505792 -0.258078754 -0.025122898 -0.013658800 0.999903083 -0.002675175 -0.001757676 0.258020282 0.006109380 0.966120183 0.106034569
0.960389376 0.011735878 -0.278414249 -0.028510388 -0.012414861 0.999922693 -0.000675722 -0.001962117 0.278384835 0.004105431 0.960460842 0.113695957
0.953727782 0.013407805 -0.300372630 -0.032432355 -0.013600790 0.999906480 0.001448536 -0.001953592 0.300363988 0.002703796 0.953820825 0.121506058
0.946303189 0.016196549 -0.322874546 -0.037407633 -0.015348463 0.999868751 0.005172675 -0.002116035 0.322915941 0.000060709 0.946427643 0.130457938
0.937666953 0.016337743 -0.347150832 -0.041406706 -0.014656694 0.999864697 0.007467748 -0.001833152 0.347225904 -0.001914176 0.937779546 0.139744774
0.928099334 0.015800755 -0.371997446 -0.046542570 -0.013520172 0.999870360 0.008738356 -0.001491369 0.372087300 -0.003080593 0.928192616 0.149656206
0.917274714 0.015915338 -0.397937059 -0.052330129 -0.011910860 0.999850512 0.012533208 -0.001857691 0.398077071 -0.006756621 0.917327106 0.160025001
0.904702723 0.016165387 -0.425736696 -0.058735762 -0.010284729 0.999817371 0.016108112 -0.001818005 0.425919265 -0.010194467 0.904703736 0.169621915
0.889774561 0.016831696 -0.456089854 -0.065820865 -0.009390204 0.999783337 0.018577229 -0.001914734 0.456303656 -0.012246769 0.889739811 0.180019587
0.872040749 0.016965564 -0.489139378 -0.073935114 -0.009210996 0.999790967 0.018255858 -0.001386022 0.489346772 -0.011414389 0.872014582 0.190495268
0.850686312 0.018557517 -0.525345981 -0.083788306 -0.010842493 0.999783516 0.017759608 -0.001534515 0.525561869 -0.009411795 0.850703359 0.203506589
0.825979829 0.021608286 -0.563285232 -0.093936600 -0.014329922 0.999747097 0.017338622 -0.001600320 0.563517392 -0.006249517 0.826080620 0.215568513
0.797687292 0.021413773 -0.602691114 -0.107624881 -0.014406603 0.999760866 0.016454015 -0.000766286 0.602899313 -0.004442423 0.797804892 0.229702041
0.765143752 0.018089864 -0.643605232 -0.121143609 -0.010079033 0.999819279 0.016119640 -0.001208134 0.643780589 -0.005846923 0.765187860 0.242503375
0.729462385 0.014013415 -0.683877289 -0.137416914 -0.006643321 0.999888122 0.013402686 -0.000333457 0.683988512 -0.005233540 0.729473948 0.257912189
0.692882419 0.013595599 -0.720922470 -0.156392783 -0.006274194 0.999897957 0.012826533 -0.000738144 0.721023262 -0.004364073 0.692897022 0.272407860
0.653457880 0.013959995 -0.756833971 -0.177024066 -0.006229877 0.999895275 0.013064384 0.000132660 0.756937206 -0.003822043 0.653476357 0.288187325
0.611956418 0.013582094 -0.790774822 -0.199832410 -0.004477373 0.999896049 0.013708990 0.001109031 0.790878832 -0.004848712 0.611953676 0.303833783
0.569691420 0.015810847 -0.821706414 -0.226624772 -0.002123226 0.999839902 0.017766356 0.000553580 0.821855903 -0.008376672 0.569633782 0.318950295
0.525060773 0.019025110 -0.850852013 -0.254994392 -0.002775248 0.999783099 0.020642616 0.002530621 0.851060271 -0.008477302 0.524999738 0.333837569
0.479000568 0.023353390 -0.877503812 -0.286249042 0.000732879 0.999635041 0.027003773 0.002667082 0.877814293 -0.013577929 0.478808671 0.348419309
0.429811984 0.026290609 -0.902535617 -0.318684578 0.006335240 0.999463499 0.032131106 0.004139166 0.902896166 -0.019528113 0.429414898 0.362372875
0.379399836 0.029921293 -0.924748838 -0.353308678 0.010751815 0.999266744 0.036743592 0.004955353 0.925170362 -0.023883240 0.378799915 0.374939531
0.328937352 0.034892835 -0.943706930 -0.391312480 0.013774651 0.999033511 0.041739769 0.005479213 0.944251418 -0.026728999 0.328138769 0.386680663
0.279419720 0.038575020 -0.959393859 -0.432702422 0.017004780 0.998837113 0.045113519 0.007116083 0.960018396 -0.028919892 0.278438866 0.397213578
0.231431752 0.041236173 -0.971976817 -0.478035003 0.019077431 0.998716712 0.046913031 0.009410357 0.972664058 -0.029399987 0.230348095 0.406116426
0.184801042 0.040168028 -0.981954753 -0.522951186 0.024088092 0.998679042 0.045385465 0.011997029 0.982480705 -0.032040697 0.183589384 0.414752960
0.145488068 0.039265975 -0.988580525 -0.563772917 0.026512105 0.998698533 0.043569613 0.012923564 0.989004672 -0.032548204 0.144257724 0.417327702
0.110823393 0.039352495 -0.993060648 -0.610047698 0.026212608 0.998752356 0.042503316 0.014082468 0.993494332 -0.030741073 0.109653607 0.421744764
0.081842698 0.037308972 -0.995946646 -0.657777667 0.028326070 0.998808324 0.039743885 0.014567252 0.996242702 -0.031463996 0.080688350 0.425456226
0.062913038 0.034894757 -0.997408748 -0.710836828 0.027992031 0.998933733 0.036713742 0.017321080 0.997626364 -0.030229265 0.061869178 0.425759673
0.045344383 0.034122851 -0.998388469 -0.762914181 0.028701633 0.998959482 0.035445914 0.019264638 0.998559058 -0.030262657 0.044317812 0.427708119
0.030450616 0.030592985 -0.999067962 -0.818438709 0.031825744 0.998995066 0.031560771 0.022406243 0.999029458 -0.032757130 0.029446367 0.429603904
0.017875243 0.030963691 -0.999360681 -0.874396622 0.033116698 0.998953581 0.031543426 0.022254009 0.999291658 -0.033659372 0.016831124 0.428709984
0.002864362 0.028383039 -0.999593019 -0.931105256 0.034437887 0.999001384 0.028464921 0.022709988 0.999402702 -0.034505401 0.001884054 0.428157657
-0.011183180 0.024813570 -0.999629676 -0.987986147 0.035355888 0.999076724 0.024404315 0.024681833 0.999312222 -0.035069868 -0.012050161 0.426825017
-0.023620212 0.023869324 -0.999436021 -1.045359015 0.031886853 0.999224246 0.023110667 0.025975160 0.999212384 -0.031322978 -0.024363006 0.424055159
-0.033394966 0.024077438 -0.999152124 -1.107579827 0.027820593 0.999344766 0.023152217 0.027120369 0.999054968 -0.027023835 -0.034042925 0.421958774
-0.039631099 0.023660040 -0.998934209 -1.169760108 0.023992298 0.999453902 0.022720492 0.028369050 0.998926222 -0.023066286 -0.040177118 0.419685066
-0.040898327 0.023717551 -0.998881757 -1.233541489 0.021225972 0.999513268 0.022863464 0.028703557 0.998937845 -0.020267164 -0.041381847 0.414567322
-0.043989945 0.025104219 -0.998716533 -1.298220754 0.020780398 0.999490917 0.024208378 0.029519791 0.998815835 -0.019688804 -0.044489231 0.414152861
-0.042494915 0.025264574 -0.998777151 -1.365367174 0.021013364 0.999481797 0.024388334 0.031380873 0.998875678 -0.019951288 -0.043003783 0.407365084
-0.044903640 0.026421184 -0.998641968 -1.432076097 0.021859506 0.999436855 0.025459312 0.031694792 0.998752117 -0.020686602 -0.045455914 0.402751446
-0.048822273 0.026364166 -0.998459458 -1.501619577 0.023331769 0.999409020 0.025248365 0.032817859 0.998534977 -0.022063142 -0.049408533 0.398795426
-0.053814467 0.024885908 -0.998240709 -1.571684122 0.021926660 0.999477804 0.023734692 0.035745520 0.998310149 -0.020610817 -0.054332025 0.394655198
-0.058370769 0.025176194 -0.997977436 -1.645593762 0.022616249 0.999458730 0.023890758 0.035942379 0.998038769 -0.021175981 -0.058908567 0.390273184
-0.062703013 0.025726227 -0.997700572 -1.717722774 0.022528825 0.999449551 0.024355439 0.036800757 0.997777879 -0.020949865 -0.063248076 0.383755863
-0.067763060 0.028834486 -0.997284830 -1.792724490 0.023160568 0.999358356 0.027320743 0.037264779 0.997432590 -0.021246342 -0.068387426 0.378927052
-0.072921313 0.032962352 -0.996792853 -1.867343426 0.025196115 0.999195576 0.031198565 0.038756028 0.997019470 -0.022840267 -0.073693164 0.373156428
-0.076800041 0.034631092 -0.996444881 -1.944654226 0.024831632 0.999153018 0.032811340 0.040945034 0.996737242 -0.022223441 -0.077594921 0.366890311
-0.080553234 0.032417651 -0.996223092 -2.021782398 0.025409957 0.999212921 0.030460332 0.044688556 0.996426463 -0.022860305 -0.081313565 0.362495720
-0.078812979 0.031151891 -0.996402562 -2.099900007 0.022324720 0.999316096 0.029477153 0.045534417 0.996639371 -0.019921226 -0.079454519 0.354748130
-0.077059530 0.032123465 -0.996508837 -2.177952051 0.023238035 0.999267161 0.030415395 0.045722026 0.996755660 -0.020813115 -0.077749543 0.346516430
-0.076800615 0.034303062 -0.996456206 -2.256522655 0.024693115 0.999166846 0.032493189 0.047600664 0.996740639 -0.022110106 -0.077583663 0.340528816
-0.075220704 0.036273066 -0.996506929 -2.336271763 0.024897542 0.999094963 0.034487896 0.048710018 0.996856034 -0.022216372 -0.076055750 0.333163053
-0.075475380 0.037503786 -0.996442139 -2.415464401 0.025893945 0.999029219 0.035639819 0.050685961 0.996811450 -0.023111887 -0.076373234 0.328574300
-0.074105345 0.038436428 -0.996509552 -2.493109703 0.025715025 0.998998344 0.036620136 0.051448584 0.996918797 -0.022911517 -0.075019509 0.320686251
-0.073544383 0.038229365 -0.996559024 -2.570624113 0.026925940 0.998976886 0.036335029 0.053125300 0.996928453 -0.024161048 -0.074498512 0.314201266
-0.072910130 0.037092529 -0.996648490 -2.648056030 0.025742097 0.999045193 0.035298556 0.054033499 0.997006178 -0.023082202 -0.073795341 0.308227301
-0.072591141 0.034585737 -0.996761918 -2.724753141 0.025318842 0.999140382 0.032824375 0.055784486 0.997040331 -0.022854103 -0.073404409 0.302009583
-0.072303943 0.034399651 -0.996789277 -2.803627491 0.025026137 0.999152958 0.032665897 0.056919429 0.997068644 -0.022583911 -0.073103577 0.296543479
-0.072013997 0.037133105 -0.996712148 -2.879942417 0.023927948 0.999083519 0.035492614 0.058063347 0.997116625 -0.021293310 -0.072836503 0.290881813
-0.070935540 0.038997110 -0.996718287 -2.959206581 0.024539659 0.999001265 0.037339959 0.058980912 0.997178972 -0.021810401 -0.071821652 0.283937812
-0.069422826 0.037477255 -0.996883094 -3.037286282 0.024395490 0.999059021 0.035860155 0.060031191 0.997289002 -0.021829942 -0.070271768 0.276123077
-0.070787176 0.035388976 -0.996863484 -3.113029480 0.025321379 0.999112189 0.033670738 0.061517697 0.997169971 -0.022858499 -0.071620427 0.272553086
-0.070786871 0.034565937 -0.996892393 -3.188996792 0.025181128 0.999143004 0.032855924 0.061828386 0.997173548 -0.022777107 -0.071596608 0.266552448
-0.070299290 0.035956893 -0.996877670 -3.267515182 0.023658767 0.999129057 0.034369700 0.064065099 0.997245371 -0.021168729 -0.071088769 0.261091053
-0.071679302 0.037850775 -0.996709287 -3.344917297 0.022825127 0.999080300 0.036299322 0.066891328 0.997166574 -0.020148108 -0.072477326 0.257136911
-0.071600758 0.040369000 -0.996616066 -3.419811726 0.021127990 0.999017775 0.038948365 0.067820333 0.997209549 -0.018267758 -0.072383352 0.250681698
-0.068748295 0.038778059 -0.996880114 -3.495523930 0.018288039 0.999125242 0.037604198 0.069784760 0.997466385 -0.015645755 -0.069397345 0.241851136
-0.069275044 0.038463000 -0.996855915 -3.571908712 0.018812349 0.999129117 0.037243381 0.069648378 0.997420251 -0.016173162 -0.069938287 0.236577630
-0.068432771 0.037481844 -0.996951401 -3.646621943 0.017200720 0.999189794 0.036385309 0.071613364 0.997507453 -0.014658328 -0.069022037 0.230351895
-0.069556966 0.038581818 -0.996831656 -3.721429825 0.016202476 0.999163687 0.037541509 0.073052295 0.997446358 -0.013539866 -0.070123918 0.225686163
-0.068692267 0.040277421 -0.996824503 -3.796340466 0.017240141 0.999083400 0.039180659 0.073662654 0.997488976 -0.014493983 -0.069323689 0.219272643
-0.067937218 0.039568212 -0.996904671 -3.872303009 0.018480329 0.999091625 0.038395625 0.075131431 0.997518420 -0.015814636 -0.068606727 0.213240921
-0.065945208 0.037492704 -0.997118652 -3.946397543 0.020116700 0.999140620 0.036238302 0.076667853 0.997620463 -0.017668996 -0.066642761 0.204587221
-0.071781278 0.036438033 -0.996754706 -4.019230366 0.023999481 0.999106228 0.034795683 0.078082971 0.997131705 -0.021423914 -0.072591625 0.206700563
-0.070542879 0.037288815 -0.996811569 -4.095874310 0.025932234 0.999031842 0.035536680 0.078396074 0.997171581 -0.023342689 -0.071441583 0.198185354
-0.072948538 0.038745649 -0.996582747 -4.169637680 0.026740966 0.998961747 0.036880735 0.079280198 0.996977150 -0.023959193 -0.073908888 0.191568732
-0.076646656 0.040068168 -0.996252835 -4.243968487 0.027936606 0.998886168 0.038024768 0.080347329 0.996666849 -0.024917450 -0.077680647 0.186359853
-0.081045613 0.039953034 -0.995909393 -4.317982197 0.026256019 0.998935044 0.037937753 0.082203798 0.996364474 -0.023073923 -0.082008325 0.180664778
-0.082462154 0.037850264 -0.995875180 -4.392012119 0.023764376 0.999069035 0.036003873 0.083964318 0.996310771 -0.020697393 -0.083284870 0.172195196
-0.085553236 0.037721507 -0.995619297 -4.464597225 0.022226080 0.999106646 0.035943754 0.083942443 0.996085584 -0.019053612 -0.086315200 0.165573239
-0.087916322 0.038002387 -0.995402694 -4.536953926 0.022837382 0.999086320 0.036125969 0.085063562 0.995866001 -0.019556329 -0.088703848 0.157623976
-0.089922465 0.039155565 -0.995178759 -4.608125687 0.022062497 0.999059975 0.037314747 0.086286776 0.995704353 -0.018600699 -0.090701811 0.151446670
-0.089985572 0.040393811 -0.995123506 -4.678591728 0.021858310 0.999016464 0.038575262 0.087673552 0.995703101 -0.018280502 -0.090780027 0.143035620
-0.093326576 0.040191401 -0.994823992 -4.751218319 0.022272317 0.999019086 0.038271476 0.089373067 0.995386362 -0.018585289 -0.094130181 0.137285650
-0.094804026 0.040794265 -0.994659781 -4.823464394 0.022530820 0.998992026 0.038824465 0.091184415 0.995240927 -0.018729787 -0.095627591 0.129953742
-0.095463984 0.041488320 -0.994567871 -4.894769192 0.020670101 0.998998284 0.039689098 0.091803208 0.995218277 -0.016768938 -0.096225932 0.121863902
-0.094846539 0.042396337 -0.994588673 -4.964755535 0.020435054 0.998965204 0.040634144 0.092860281 0.995282173 -0.016470466 -0.095614761 0.114036530
-0.095126525 0.040622428 -0.994635940 -5.035760880 0.018916864 0.999060392 0.038993925 0.094821706 0.995285451 -0.015106036 -0.095805585 0.107433081
-0.093444481 0.040677745 -0.994793177 -5.105928898 0.018295804 0.999066532 0.039133895 0.096092023 0.995456338 -0.014543694 -0.094101481 0.100153506
-0.092128910 0.041349273 -0.994888186 -5.175337791 0.019894568 0.999014378 0.039678488 0.096610151 0.995548248 -0.016137335 -0.092860743 0.093060017
-0.089099623 0.040897429 -0.995182753 -5.244506359 0.024119604 0.998952210 0.038892891 0.097823389 0.995730579 -0.020538073 -0.089992709 0.085859835
-0.087336726 0.040082533 -0.995372117 -5.314310551 0.026116822 0.998938799 0.037934601 0.098956816 0.995836556 -0.022682875 -0.088290870 0.079491347
-0.086327292 0.038307354 -0.995530069 -5.383101940 0.029251901 0.998927116 0.035901494 0.101085603 0.995837271 -0.026021872 -0.087355241 0.075282127
-0.083001412 0.039453618 -0.995768130 -5.452815056 0.031159209 0.998830318 0.036977705 0.101930581 0.996062160 -0.027958145 -0.084133662 0.067426801
-0.080665559 0.041792437 -0.995864570 -5.521706104 0.031550139 0.998727083 0.039356980 0.102771901 0.996241689 -0.028244913 -0.081881441 0.061339051
-0.078154430 0.043483619 -0.995992482 -5.591377258 0.029923668 0.998700500 0.041253775 0.103473976 0.996492088 -0.026579581 -0.079354055 0.054708719
-0.076298356 0.043253560 -0.996146441 -5.660793304 0.028983949 0.998732626 0.041145872 0.105089724 0.996663690 -0.025732892 -0.077455319 0.049107283
-0.073972501 0.040970862 -0.996418238 -5.729569435 0.027356617 0.998863101 0.039040465 0.107398592 0.996885002 -0.024370717 -0.075009234 0.042898059
-0.072344579 0.037737027 -0.996665537 -5.798594952 0.026096154 0.999013424 0.035931695 0.109613612 0.997038245 -0.023409672 -0.073257998 0.037326455
-0.070623800 0.036186416 -0.996846557 -5.867193699 0.025788546 0.999073982 0.034440234 0.109146632 0.997169554 -0.023274925 -0.071491614 0.031884491
-0.069237277 0.034719341 -0.996995807 -5.935831070 0.026723769 0.999100029 0.032936763 0.110102631 0.997242153 -0.024363035 -0.070102803 0.026747614
-0.067641199 0.033539403 -0.997145832 -6.004236698 0.026277620 0.999148011 0.031824216 0.111363523 0.997363627 -0.024049992 -0.068464905 0.020876288
-0.066764690 0.035306659 -0.997143805 -6.074145317 0.026977537 0.999072313 0.033568632 0.112586521 0.997403979 -0.024659289 -0.067655236 0.015560567
-0.067451499 0.038194787 -0.996991158 -6.142868996 0.026570547 0.998981297 0.036473397 0.113195822 0.997368693 -0.024030419 -0.068397641 0.010973811
-0.067959890 0.040253017 -0.996875703 -6.211122990 0.024208844 0.998958051 0.038686719 0.113645986 0.997394264 -0.021504065 -0.068863571 0.005499303
-0.069622941 0.041804582 -0.996696949 -6.277651787 0.021690655 0.998948753 0.040383860 0.114829794 0.997337639 -0.018807368 -0.070456512 0.000992239
-0.069891185 0.040403876 -0.996736050 -6.350574493 0.016039392 0.999095917 0.039374828 0.116693422 0.997425675 -0.013235088 -0.070476040 -0.004676551
-0.069904402 0.039271064 -0.996780396 -6.417332649 0.012756470 0.999178350 0.038470924 0.118440658 0.997472167 -0.010026114 -0.070347920 -0.010667920
-0.071319059 0.038279597 -0.996718764 -6.486104488 0.009277200 0.999245584 0.037712816 0.120065615 0.997410357 -0.006557117 -0.071620390 -0.015557021
-0.071397841 0.037379570 -0.996747375 -6.554896832 0.008328358 0.999285042 0.036878180 0.120672815 0.997413158 -0.005668246 -0.071658112 -0.021548480
-0.073114887 0.035097778 -0.996705711 -6.623304844 0.006280730 0.999376953 0.034731109 0.122086309 0.997303784 -0.003720680 -0.073289782 -0.026138186
-0.073179476 0.033577617 -0.996753395 -6.690456390 0.006718018 0.999426961 0.033174463 0.124632284 0.997296095 -0.004268518 -0.073363118 -0.032439083
-0.073096447 0.039512228 -0.996541858 -6.757777214 0.011192014 0.999184489 0.038796067 0.124841258 0.997262001 -0.008317458 -0.073479079 -0.038034678
-0.074509032 0.044502508 -0.996226907 -6.825789452 0.013474117 0.998957455 0.043616742 0.126456186 0.997129202 -0.010173438 -0.075030997 -0.042795926
-0.075348720 0.045328893 -0.996126473 -6.894369125 0.016548755 0.998885572 0.044202670 0.128437743 0.997019887 -0.013154038 -0.076014891 -0.047957838
-0.076211125 0.041563712 -0.996225059 -6.961595058 0.018073436 0.999024212 0.040297881 0.128800213 0.996928036 -0.014934061 -0.076887958 -0.053818256
-0.077201746 0.038325194 -0.996278644 -7.028886795 0.019065816 0.999134898 0.036957666 0.130135268 0.996833324 -0.016141670 -0.077865668 -0.058735490
-0.077969737 0.036602151 -0.996283591 -7.096765041 0.018329149 0.999209464 0.035275199 0.131565332 0.996787310 -0.015510633 -0.078578994 -0.064391464
-0.077778883 0.035995100 -0.996320605 -7.163157940 0.018634319 0.999225914 0.034645353 0.133113235 0.996796429 -0.015871082 -0.078389429 -0.070775241
-0.078570403 0.035883423 -0.996262431 -7.230546951 0.020042064 0.999206901 0.034408849 0.133970961 0.996707082 -0.017263643 -0.079227246 -0.075936079
-0.078533374 0.033673972 -0.996342540 -7.297895432 0.022088071 0.999242783 0.032030970 0.134655699 0.996666729 -0.019491786 -0.079217695 -0.082059026
-0.078467026 0.031296309 -0.996425331 -7.363613605 0.024527550 0.999265075 0.029453997 0.135114029 0.996614933 -0.022128703 -0.079176985 -0.086665720
-0.077560842 0.030893913 -0.996508896 -7.431722164 0.026511468 0.999230206 0.028914826 0.135587990 0.996635020 -0.024176255 -0.078320183 -0.092523605
-0.076741926 0.033007517 -0.996504486 -7.497726917 0.028123830 0.999125779 0.030928500 0.136393696 0.996654212 -0.025652012 -0.077603139 -0.097467244
-0.076257467 0.036700375 -0.996412456 -7.562633991 0.030098598 0.998951674 0.034490392 0.137948751 0.996633768 -0.027360473 -0.077282153 -0.102606028
-0.075741872 0.038570423 -0.996381104 -7.628905773 0.030346300 0.998877823 0.036360241 0.138275266 0.996665597 -0.027482489 -0.076827355 -0.107542574
-0.074229725 0.037253734 -0.996545076 -7.694511414 0.028708152 0.998967588 0.035205916 0.139408022 0.996827841 -0.025995644 -0.075222589 -0.114054799
-0.072261453 0.035260212 -0.996762276 -7.760590553 0.026329843 0.999093890 0.033433884 0.141306266 0.997038186 -0.023828613 -0.073124386 -0.121084511
-0.071820512 0.035821158 -0.996774137 -7.823280334 0.025461894 0.999095023 0.034069948 0.141834229 0.997092545 -0.022932829 -0.072667591 -0.124546796
-0.070667937 0.037521999 -0.996793985 -7.888199329 0.025141224 0.999041796 0.035824217 0.142701417 0.997183025 -0.022528997 -0.071543582 -0.129948348
-0.069862112 0.039264422 -0.996783674 -7.953366280 0.025510397 0.998968542 0.037562530 0.143248141 0.997230411 -0.022804148 -0.070791706 -0.135213137
-0.068207644 0.038715519 -0.996919692 -8.017344475 0.026067935 0.998974741 0.037011813 0.144718572 0.997330546 -0.023463152 -0.069146946 -0.140375823
-0.068327524 0.038732052 -0.996910810 -8.082159042 0.027353089 0.998943210 0.036936261 0.145878553 0.997287929 -0.024744829 -0.069314741 -0.144163877
-0.067660727 0.038260795 -0.996974528 -8.147160530 0.025927078 0.998994350 0.036578756 0.147328958 0.997371435 -0.023373693 -0.068584673 -0.149446368
-0.066303447 0.039700005 -0.997009337 -8.208053589 0.023291258 0.998997509 0.038230240 0.148421168 0.997527540 -0.020686809 -0.067161642 -0.154106915
-0.065564536 0.040077932 -0.997043133 -8.270892143 0.022092437 0.999006450 0.038704079 0.149418935 0.997603714 -0.019489501 -0.066384815 -0.159013629
-0.064910747 0.040639702 -0.997063100 -8.330888748 0.022164196 0.998982608 0.039275002 0.150197312 0.997644842 -0.019549729 -0.065745465 -0.162945002
-0.064043306 0.041957416 -0.997064710 -8.389575005 0.020636285 0.998957932 0.040711578 0.151088208 0.997733712 -0.017968409 -0.064842425 -0.167078048
-0.064320393 0.043019027 -0.997001648 -8.447984695 0.019365521 0.998936057 0.041853152 0.152419671 0.997741282 -0.016615443 -0.065085061 -0.170660347
-0.065279804 0.043534804 -0.996916890 -8.504324913 0.020238375 0.998900175 0.042296171 0.153647006 0.997661769 -0.017414892 -0.066089079 -0.174571306
-0.067614168 0.041855734 -0.996833205 -8.560199738 0.020540901 0.998966217 0.040552035 0.155328646 0.997500122 -0.017733958 -0.068404019 -0.178982168
-0.071745850 0.041405085 -0.996563137 -8.612875938 0.020127991 0.998994648 0.040057030 0.155119956 0.997219801 -0.017184889 -0.072507121 -0.182110369
-0.075105138 0.042003617 -0.996290505 -8.663798332 0.017708465 0.999011099 0.040783361 0.155075550 0.997018397 -0.014579737 -0.075774677 -0.186724931
-0.080030665 0.041072983 -0.995945811 -8.713905334 0.016172215 0.999072731 0.039902397 0.156569406 0.996661305 -0.012913239 -0.080620684 -0.190192521
-0.085113935 0.039676711 -0.995580852 -8.763440132 0.015811987 0.999134779 0.038466547 0.157014787 0.996245861 -0.012468074 -0.085667647 -0.195619762
-0.091933474 0.039015517 -0.995000541 -8.813511848 0.016767325 0.999151111 0.037629046 0.156562433 0.995624006 -0.013224123 -0.092509612 -0.201204777
-0.100573592 0.037428133 -0.994225383 -8.859092712 0.019441506 0.999175310 0.035647817 0.157447189 0.994739652 -0.015744008 -0.101218320 -0.206460238
-0.111653864 0.036001109 -0.993094802 -8.904940605 0.021746788 0.999192834 0.033777177 0.157910272 0.993509293 -0.017825270 -0.112346627 -0.212066591
-0.123022184 0.035344053 -0.991774321 -8.949005127 0.021396257 0.999227762 0.032955632 0.158622891 0.992173195 -0.017165981 -0.123683423 -0.219323456
-0.135445625 0.035426695 -0.990151167 -8.990728378 0.021986855 0.999221921 0.032743596 0.158442855 0.990540862 -0.017335331 -0.136119172 -0.226872504
-0.149085462 0.035870980 -0.988173425 -9.031067848 0.022754284 0.999201536 0.032838374 0.159638971 0.988562465 -0.017589457 -0.149782613 -0.232759118
-0.164463341 0.038494803 -0.985631764 -9.070075989 0.023549208 0.999106526 0.035091635 0.159089983 0.986102045 -0.017439561 -0.165222943 -0.240135074
-0.180302545 0.038326416 -0.982864141 -9.109020233 0.023937246 0.999115586 0.034568943 0.159653097 0.983319879 -0.017294191 -0.181060523 -0.251510143
-0.198735759 0.037245970 -0.979345143 -9.143691063 0.020895908 0.999211431 0.033761173 0.159833744 0.979830265 -0.013754752 -0.199357316 -0.258815289
-0.219099566 0.036085144 -0.975035012 -9.179602623 0.018352037 0.999291420 0.032858990 0.160337448 0.975529850 -0.010694490 -0.219606578 -0.266858101
-0.239480555 0.036890030 -0.970200062 -9.213893890 0.019435741 0.999259830 0.033197526 0.160493314 0.970706522 -0.010906398 -0.240020260 -0.277584434
-0.261878133 0.037256349 -0.964381516 -9.247619629 0.019506184 0.999254763 0.033306681 0.161390722 0.964903831 -0.010089111 -0.262409747 -0.287671089
-0.285321057 0.037558857 -0.957695782 -9.279945374 0.018721806 0.999259591 0.033611219 0.161503330 0.958249092 -0.008339806 -0.285813063 -0.298239470
-0.311385274 0.036798585 -0.949571013 -9.311786652 0.018138710 0.999297976 0.032777566 0.162006751 0.950110614 -0.007017541 -0.311834246 -0.309747934
-0.341301888 0.034713384 -0.939312518 -9.342774391 0.018018600 0.999375761 0.030385977 0.162168980 0.939780951 -0.006554303 -0.341714412 -0.321612597
-0.372361422 0.032287821 -0.927525938 -9.370772362 0.019867601 0.999442935 0.026815314 0.162543982 0.927875102 -0.008442720 -0.372795463 -0.335950613
-0.408014685 0.031302724 -0.912438571 -9.398749352 0.021655500 0.999462724 0.024604550 0.162581265 0.912718415 -0.009720292 -0.408473372 -0.349577665
-0.446306884 0.033790164 -0.894241631 -9.425921440 0.026245050 0.999351203 0.024663229 0.162388921 0.894494951 -0.012462047 -0.446904212 -0.365960360
-0.490525782 0.038374990 -0.870581329 -9.453109741 0.031173622 0.999163210 0.026478192 0.162804887 0.870868921 -0.014150939 -0.491311610 -0.381655455
-0.534752309 0.038706362 -0.844121873 -9.478116989 0.030044859 0.999189675 0.026783375 0.163514689 0.844474554 -0.011039048 -0.535481930 -0.400190353
-0.577461660 0.035513829 -0.815645099 -9.501644135 0.025950151 0.999347031 0.025140133 0.163759172 0.816005349 -0.006648645 -0.578006208 -0.420116425
-0.620249748 0.032412712 -0.783734381 -9.525544167 0.024831105 0.999456406 0.021682870 0.164255306 0.784011245 -0.006012193 -0.620717525 -0.440291882
-0.661251664 0.033484053 -0.749416471 -9.546250343 0.028706780 0.999401093 0.019323830 0.163665652 0.749614656 -0.008735420 -0.661816835 -0.460268021
-0.699827909 0.035690732 -0.713419259 -9.567220688 0.033588607 0.999290407 0.017043503 0.163728833 0.713521302 -0.012035242 -0.700530112 -0.482045174
-0.736114621 0.033753958 -0.676014662 -9.586492538 0.028644562 0.999414563 0.018710414 0.163407654 0.676250398 -0.005591135 -0.736650586 -0.505599022
-0.769451082 0.028947504 -0.638049364 -9.603499413 0.021063302 0.999579132 0.019948514 0.163527936 0.638358235 0.001909979 -0.769737005 -0.531586170
-0.801961243 0.026876844 -0.596771240 -9.619982719 0.017006027 0.999609649 0.022166247 0.163729191 0.597134054 0.007627760 -0.802105188 -0.557394028
-0.832632899 0.030827619 -0.552966774 -9.636512756 0.018330673 0.999436498 0.028116580 0.163697079 0.553521931 0.013274537 -0.832728863 -0.583983898
-0.859078646 0.034702078 -0.510666132 -9.650474548 0.020808322 0.999242187 0.032897800 0.165035769 0.511420786 0.017635690 -0.859149516 -0.612596512
-0.883981347 0.032228924 -0.466410160 -9.663427353 0.017341552 0.999194920 0.036177106 0.167185932 0.467200577 0.023891613 -0.883828521 -0.641744852
-0.906785250 0.029320059 -0.420571983 -9.672918320 0.011375366 0.998917103 0.045113079 0.164642766 0.421439350 0.036123712 -0.906136870 -0.670720339
-0.926508665 0.024566922 -0.375470519 -9.682606697 0.008147682 0.998942256 0.045255318 0.166299582 0.376185149 0.038870230 -0.925728798 -0.701772451
-0.943790019 0.022254676 -0.329795688 -9.690709114 0.008799760 0.999069035 0.042234719 0.167566091 0.330428600 0.036958579 -0.943107069 -0.732155085
-0.957539022 0.023526749 -0.287342101 -9.698749542 0.012452204 0.999109685 0.040308513 0.167807773 0.288034618 0.035018936 -0.956979513 -0.763538122
-0.968312263 0.021711024 -0.248797029 -9.704748154 0.012382019 0.999162495 0.039000381 0.168661773 0.249435395 0.034683939 -0.967770100 -0.794615746
-0.976824224 0.015398812 -0.213488191 -9.708777428 0.007424937 0.999246299 0.038102087 0.170004517 0.213914022 0.035633903 -0.976202309 -0.827040553
-0.983725011 0.009879724 -0.179408863 -9.713391304 0.003360115 0.999324083 0.036606979 0.170606107 0.179649264 0.035408366 -0.983093262 -0.859670520
-0.988400698 0.008708541 -0.151618615 -9.717031479 0.003225097 0.999333024 0.036374465 0.171167791 0.151834249 0.035463557 -0.987769604 -0.892820716
-0.991447926 0.007605858 -0.130281091 -9.720404625 0.002758831 0.999298632 0.037344534 0.171698332 0.130473733 0.036665745 -0.990773559 -0.927889228
-0.994002640 0.006807595 -0.109143890 -9.723411560 0.002723336 0.999291956 0.037526358 0.172799081 0.109322071 0.037004065 -0.993317366 -0.962218881
