0.999627173 0.001444933 -0.027264925 -0.002210760 -0.001496884 0.999997020 -0.001885100 -0.000560484 0.027262123 0.001925209 0.999626398 0.035645638
0.999360621 0.003716956 -0.035559863 -0.002864365 -0.003755097 0.999992430 -0.001005856 -0.001096086 0.035555854 0.001138744 0.999367058 0.042341478
0.999132395 0.005157935 -0.041324135 -0.004064027 -0.005171411 0.999986529 -0.000219187 -0.000881050 0.041322447 0.000432701 0.999145746 0.046617430
0.998780191 0.006591002 -0.048935086 -0.004271084 -0.006573732 0.999978364 0.000513825 -0.001141508 0.048937418 -0.000191512 0.998801827 0.052180514
0.998531044 0.007081256 -0.053717509 -0.004727445 -0.007052280 0.999974787 0.000728932 -0.001171741 0.053721324 -0.000349031 0.998555958 0.055638060
0.998337090 0.007050225 -0.057213262 -0.005890487 -0.007048716 0.999975145 0.000228173 -0.001319994 0.057213444 0.000175486 0.998361945 0.057910971
0.998129427 0.007180357 -0.060712971 -0.005831506 -0.007211788 0.999973953 -0.000298587 -0.001081300 0.060709249 0.000735878 0.998155177 0.060038943
0.997993231 0.006906312 -0.062943086 -0.005974456 -0.006953054 0.999975622 -0.000523584 -0.000943366 0.062937945 0.000960180 0.998016953 0.061432619
0.997878075 0.007499243 -0.064677097 -0.006450989 -0.007553040 0.999971330 -0.000587309 -0.001279950 0.064670824 0.001074571 0.997906089 0.062190033
0.997835398 0.007618579 -0.065320008 -0.006615574 -0.007648067 0.999970734 -0.000201376 -0.001354612 0.065316550 0.000700511 0.997864425 0.062709451
0.997853875 0.007740827 -0.065020449 -0.006669506 -0.007775520 0.999969721 -0.000280542 -0.001344953 0.065016299 0.000785508 0.997883916 0.062651061
0.997828484 0.006904145 -0.065503061 -0.006264963 -0.006981243 0.999975204 -0.000948203 -0.001448349 0.065494880 0.001403437 0.997851908 0.062555462
0.997820675 0.006572224 -0.065655783 -0.006326301 -0.006742734 0.999974430 -0.002375785 -0.001435523 0.065638512 0.002813307 0.997839510 0.062307820
0.997833371 0.006714920 -0.065448277 -0.006204179 -0.006919905 0.999971807 -0.002905822 -0.001363934 0.065426931 0.003352422 0.997851789 0.062444996
0.997813046 0.007085004 -0.065718077 -0.006142546 -0.007200560 0.999972939 -0.001521653 -0.002085166 0.065705523 0.001991532 0.997837067 0.062146928
0.997815490 0.007039336 -0.065686099 -0.006361045 -0.007196120 0.999971867 -0.002150583 -0.001911392 0.065669104 0.002618569 0.997838020 0.062198341
0.997826219 0.006743184 -0.065553159 -0.006262430 -0.006886408 0.999974310 -0.001959128 -0.002077636 0.065538265 0.002406295 0.997847080 0.062141482
0.997802973 0.006940142 -0.065885954 -0.006004690 -0.007054332 0.999974012 -0.001500653 -0.002179300 0.065873832 0.001962137 0.997825980 0.062209871
0.997822404 0.006726588 -0.065613277 -0.006315347 -0.006867049 0.999974549 -0.001915444 -0.002134319 0.065598719 0.002361842 0.997843266 0.062096521
0.997816861 0.006931348 -0.065676555 -0.006351843 -0.007108038 0.999971747 -0.002456997 -0.001550294 0.065657668 0.002918465 0.997837961 0.062309615
0.997804284 0.006863119 -0.065874346 -0.006261971 -0.006980192 0.999974430 -0.001547238 -0.002218614 0.065862045 0.002003656 0.997826695 0.062256563
0.997810602 0.006975324 -0.065768577 -0.006424693 -0.007078927 0.999973953 -0.001342333 -0.002387431 0.065757520 0.001804964 0.997833967 0.062202550
0.997787833 0.006848947 -0.066125758 -0.006213485 -0.006980202 0.999974072 -0.001754094 -0.002089570 0.066112056 0.002211784 0.997809768 0.062226012
0.997759521 0.006645637 -0.066573791 -0.005956024 -0.006790227 0.999975026 -0.001945842 -0.001937008 0.066559203 0.002393533 0.997779548 0.062124111
0.997751594 0.006553655 -0.066700287 -0.005933328 -0.006705113 0.999975383 -0.002047113 -0.001850518 0.066685237 0.002489743 0.997770905 0.062232912
0.997766435 0.006489725 -0.066483423 -0.006043471 -0.006626029 0.999976397 -0.001829903 -0.002025614 0.066469982 0.002266337 0.997785985 0.062047791
0.997757912 0.006489228 -0.066611148 -0.006049444 -0.006630984 0.999976218 -0.001907228 -0.002033637 0.066597186 0.002344649 0.997777224 0.062017743
0.997763395 0.006442232 -0.066532478 -0.006386032 -0.006585556 0.999976456 -0.001935105 -0.001959206 0.066518426 0.002368931 0.997782409 0.062066998
0.997740448 0.006317093 -0.066888444 -0.006165903 -0.006455166 0.999977469 -0.001848305 -0.002031465 0.066875249 0.002275905 0.997758806 0.062130854
0.997716904 0.006192508 -0.067250602 -0.006175592 -0.006336255 0.999978006 -0.001924385 -0.002032445 0.067237213 0.002346108 0.997734308 0.062060844
0.997693062 0.006035289 -0.067617930 -0.006191654 -0.006173284 0.999979317 -0.001832041 -0.002133296 0.067605451 0.002245239 0.997709692 0.061983164
0.997654021 0.005855772 -0.068207361 -0.006042689 -0.006003995 0.999979973 -0.001968315 -0.002047700 0.068194471 0.002373214 0.997669220 0.062027987
0.997631192 0.005785384 -0.068545736 -0.006112183 -0.005925999 0.999980688 -0.001848235 -0.002128916 0.068533711 0.002250059 0.997646272 0.062085785
0.997603595 0.005614461 -0.068960823 -0.006005645 -0.005752035 0.999981940 -0.001796558 -0.002118268 0.068949476 0.002188918 0.997617722 0.061912149
0.997608602 0.005579146 -0.068891071 -0.006092898 -0.005724156 0.999981821 -0.001907683 -0.002040647 0.068879180 0.002297464 0.997622371 0.061892282
0.997617424 0.005497552 -0.068769686 -0.006130894 -0.005638794 0.999982297 -0.001859881 -0.002076272 0.068758249 0.002243227 0.997630835 0.061967090
0.997604072 0.005489185 -0.068964474 -0.006278369 -0.005633318 0.999982357 -0.001895664 -0.002047392 0.068952851 0.002279621 0.997617364 0.061885569
0.997592092 0.005531621 -0.069133490 -0.006171159 -0.005670365 0.999982238 -0.001810812 -0.002091680 0.069122240 0.002198463 0.997605801 0.061880924
0.997581959 0.005359280 -0.069293082 -0.006256756 -0.005493861 0.999983370 -0.001751746 -0.002138847 0.069282532 0.002128198 0.997594833 0.061879721
0.997564018 0.005302616 -0.069556363 -0.006147498 -0.005430312 0.999983907 -0.001646888 -0.002223839 0.069546506 0.002020588 0.997576714 0.061974671
0.997555852 0.005255961 -0.069675930 -0.006092102 -0.005373670 0.999984443 -0.001502049 -0.002313056 0.069666959 0.001872794 0.997568607 0.061983164
0.997536957 0.005451160 -0.069930546 -0.005932351 -0.005585598 0.999982834 -0.001727050 -0.002128485 0.069919921 0.002113400 0.997550368 0.062017255
0.997540653 0.005374469 -0.069883227 -0.006059071 -0.005507760 0.999983311 -0.001714794 -0.002136846 0.069872841 0.002095477 0.997553706 0.061942216
0.997533560 0.005252934 -0.069994628 -0.006054021 -0.005392454 0.999983847 -0.001804496 -0.002039238 0.069984019 0.002177488 0.997545719 0.062094308
0.997516155 0.005209217 -0.070245326 -0.005948909 -0.005351168 0.999984026 -0.001832761 -0.001996262 0.070234649 0.002204103 0.997528076 0.062173489
0.997510910 0.005094497 -0.070328660 -0.006028364 -0.005245963 0.999984324 -0.001969159 -0.001900891 0.070317514 0.002333199 0.997521937 0.062044811
0.997486830 0.005070720 -0.070670716 -0.006023051 -0.005202673 0.999984980 -0.001683200 -0.002096494 0.070661120 0.002046647 0.997498214 0.062183764
0.997481883 0.004983329 -0.070746146 -0.006155555 -0.005131613 0.999984860 -0.001914420 -0.001944351 0.070735544 0.002272641 0.997492492 0.062374111
0.997476101 0.004986203 -0.070826635 -0.006072179 -0.005126626 0.999985218 -0.001800975 -0.001965701 0.070816606 0.002159531 0.997487009 0.062254973
0.997453868 0.004881885 -0.071146846 -0.005899782 -0.005023960 0.999985695 -0.001818107 -0.001988721 0.071136959 0.002170916 0.997464180 0.062201358
0.997463167 0.005018309 -0.071007803 -0.006016343 -0.005155582 0.999985218 -0.001750054 -0.002044778 0.070997976 0.002111701 0.997474253 0.062182464
0.997466266 0.005000179 -0.070967056 -0.006156869 -0.005134602 0.999985278 -0.001711866 -0.002020718 0.070957452 0.002071916 0.997477293 0.062206827
0.997472167 0.004848273 -0.070893511 -0.006187854 -0.004994148 0.999985695 -0.001880559 -0.001914420 0.070883386 0.002229857 0.997482061 0.062190339
0.997471094 0.004888663 -0.070905767 -0.006059341 -0.005020857 0.999985993 -0.001686265 -0.002025247 0.070896544 0.002038009 0.997481585 0.062225763
0.997451842 0.005000974 -0.071167469 -0.006047435 -0.005134169 0.999985397 -0.001688775 -0.002060856 0.071157970 0.002049857 0.997462928 0.062246643
0.997466326 0.004962760 -0.070965759 -0.006047848 -0.005105450 0.999985218 -0.001829446 -0.001941655 0.070955634 0.002187123 0.997476995 0.062188748
0.997458577 0.004953522 -0.071076766 -0.005966424 -0.005085082 0.999985695 -0.001670132 -0.002043926 0.071067482 0.002027318 0.997469544 0.062160868
0.997466028 0.004884215 -0.070977457 -0.005977024 -0.005015974 0.999986053 -0.001678239 -0.002050082 0.070968270 0.002030007 0.997476459 0.062123921
0.997457206 0.004929286 -0.071097262 -0.005938891 -0.005065593 0.999985695 -0.001737022 -0.002033256 0.071087681 0.002092755 0.997467875 0.062135946
0.997462809 0.004907278 -0.071019679 -0.005961138 -0.005039678 0.999985933 -0.001685226 -0.002029594 0.071010396 0.002038867 0.997473478 0.062140662
0.997465312 0.004765614 -0.070995003 -0.006016525 -0.004906222 0.999986351 -0.001806265 -0.001994241 0.070985414 0.002150004 0.997475028 0.062149368
0.997461379 0.004820881 -0.071046472 -0.006018856 -0.004963076 0.999985993 -0.001825041 -0.001981261 0.071036682 0.002173017 0.997471333 0.062116552
0.997406960 0.004747197 -0.071812160 -0.005975933 -0.004907758 0.999985874 -0.002059571 -0.001851466 0.071801372 0.002406668 0.997416019 0.062199511
0.997242510 0.005087200 -0.074036986 -0.006417807 -0.005282071 0.999983072 -0.002436530 -0.001899067 0.074023336 0.002820879 0.997252524 0.062321384
0.997106493 0.005541753 -0.075814508 -0.006608387 -0.005760700 0.999979854 -0.002669560 -0.001981284 0.075798191 0.003098581 0.997118354 0.062646024
0.996874869 0.006183931 -0.078753434 -0.006959819 -0.006441804 0.999974668 -0.003020808 -0.001833850 0.078732759 0.003518683 0.996889472 0.063266456
0.996496081 0.005822164 -0.083435997 -0.007709476 -0.006077101 0.999977648 -0.002801850 -0.001859752 0.083417810 0.003299081 0.996509254 0.064260252
0.996091306 0.006066606 -0.088120624 -0.007930434 -0.006377061 0.999974549 -0.003241979 -0.001388799 0.088098690 0.003791258 0.996104479 0.064558938
0.995415390 0.006920641 -0.095395982 -0.007526770 -0.007263626 0.999968410 -0.003248594 -0.001304646 0.095370486 0.003926621 0.995434046 0.066362932
0.994592905 0.007048043 -0.103611134 -0.008534714 -0.007302052 0.999971211 -0.002072452 -0.002101721 0.103593543 0.002817821 0.994615734 0.068082199
0.993532002 0.007397472 -0.113311589 -0.008513005 -0.007634286 0.999969423 -0.001656145 -0.002465792 0.113295898 0.002510486 0.993558109 0.069709502
0.992614448 0.007682590 -0.121068470 -0.010271347 -0.008007830 0.999965608 -0.002200095 -0.001748593 0.121047378 0.003153342 0.992641747 0.071154021
0.991322815 0.008362992 -0.131183743 -0.011653591 -0.008683854 0.999960601 -0.001874021 -0.001644075 0.131162912 0.002996941 0.991356254 0.073316894
0.989565492 0.008586406 -0.143827617 -0.012401569 -0.008927001 0.999958694 -0.001722910 -0.001661809 0.143806875 0.002988882 0.989601195 0.076197863
0.987615943 0.008648262 -0.156652480 -0.013764491 -0.008982418 0.999958694 -0.001425291 -0.001848389 0.156633705 0.002814758 0.987652719 0.078438424
0.985176861 0.009104910 -0.171299830 -0.014750269 -0.009588500 0.999952018 -0.001995883 -0.001844144 0.171273440 0.003608806 0.985216975 0.081776746
0.982363939 0.009622697 -0.186730996 -0.016071102 -0.010545499 0.999936521 -0.003949167 -0.001622524 0.186681151 0.005848690 0.982403159 0.084532492
0.978848577 0.010826468 -0.204299301 -0.017518975 -0.012127021 0.999913335 -0.005114979 -0.001916057 0.204226241 0.007484332 0.978895128 0.088656515
0.975015283 0.012719869 -0.221772730 -0.019974072 -0.014308600 0.999882162 -0.005558562 -0.001905075 0.221675888 0.008592942 0.975082636 0.093829431
0.970494926 0.013338131 -0.240752429 -0.022113102 -0.014826586 0.999880433 -0.004372076 -0.001797724 0.240665361 0.007812614 0.970576644 0.100572817
0.965610087 0.012341164 -0.259701818 -0.024582427 -0.013423542 0.999907017 -0.002394628 -0.001952179 0.259648085 0.005798394 0.965685904 0.107547566
0.960371435 0.011665284 -0.278479129 -0.028600221 -0.012341172 0.999923587 -0.000674083 -0.001967259 0.278449953 0.004084129 0.960442066 0.114016004
0.953503013 0.013310874 -0.301089406 -0.032210626 -0.013483751 0.999907911 0.001504045 -0.001969760 0.301081687 0.002625702 0.953594744 0.122320838
0.945949793 0.015798932 -0.323927879 -0.036858078 -0.015004364 0.999875128 0.004950432 -0.002015648 0.323965669 0.000177473 0.946068823 0.131076410
0.937506139 0.016298082 -0.347586870 -0.041301914 -0.014501357 0.999864578 0.007770048 -0.002070511 0.347666472 -0.002243988 0.937615573 0.140131518
0.927922308 0.015645636 -0.372445166 -0.046486497 -0.013009607 0.999869287 0.009589841 -0.002163600 0.372546613 -0.004053262 0.928004563 0.150308475
0.917259395 0.015831118 -0.397975653 -0.052600037 -0.011789422 0.999850988 0.012600783 -0.002038992 0.398115844 -0.006866286 0.917309403 0.160307080
0.904583395 0.016096361 -0.425992727 -0.058754645 -0.010088295 0.999815345 0.016356347 -0.002090985 0.426177293 -0.010498140 0.904578745 0.169922233
0.889762759 0.016885178 -0.456110895 -0.066292793 -0.009388374 0.999781072 0.018697333 -0.002102759 0.456326723 -0.012354050 0.889726579 0.180477947
0.872079670 0.016901024 -0.489072055 -0.074675515 -0.008835241 0.999784350 0.018795479 -0.002035752 0.489284247 -0.012070087 0.872040808 0.191235587
0.850352466 0.018240511 -0.525897205 -0.083646372 -0.010528818 0.999788761 0.017652601 -0.001454572 0.526108146 -0.009473857 0.850364745 0.204181254
0.825786948 0.021160513 -0.563585043 -0.094810694 -0.013954497 0.999756634 0.017090444 -0.001337812 0.563809454 -0.006248521 0.825881243 0.216832221
0.797489166 0.021620506 -0.602945745 -0.107240409 -0.013924104 0.999751091 0.017432420 -0.001639737 0.603172600 -0.005506687 0.797591686 0.229454532
0.764726937 0.017969538 -0.644103885 -0.121439531 -0.009982034 0.999821484 0.016042134 -0.001194464 0.644277155 -0.005838386 0.764769793 0.243769795
0.729254901 0.014270022 -0.684093356 -0.137363911 -0.006482008 0.999881625 0.013947364 -0.000846058 0.684211433 -0.005736884 0.729261041 0.258028120
0.692501247 0.013257464 -0.721294880 -0.155941561 -0.006696345 0.999906123 0.011949334 -0.000004199 0.721385539 -0.003444889 0.692525089 0.272218674
0.653267980 0.013900553 -0.756999195 -0.177699775 -0.006397512 0.999897122 0.012839952 0.000246584 0.757099748 -0.003545017 0.653289676 0.289089739
0.612324476 0.013524460 -0.790490925 -0.200848550 -0.004559304 0.999897480 0.013575489 0.001122593 0.790593386 -0.004708516 0.612323403 0.304086685
0.568913162 0.015288305 -0.822255492 -0.226903141 -0.002882710 0.999858081 0.016595967 0.001695475 0.822392523 -0.007071340 0.568876505 0.320601255
0.525239944 0.019175049 -0.850737989 -0.255598485 -0.001933239 0.999770403 0.021340564 0.001669356 0.850951970 -0.009564237 0.525156379 0.334363580
0.478581876 0.023616213 -0.877725303 -0.286066681 0.001081719 0.999621630 0.027485782 0.002172395 0.878042281 -0.014103647 0.478375137 0.349025339
0.429940760 0.026735425 -0.902461112 -0.318090498 0.006097630 0.999452651 0.032513767 0.003695859 0.902836502 -0.019481871 0.429542422 0.362119913
0.379112184 0.030137207 -0.924859822 -0.353145599 0.011793655 0.999230981 0.037395015 0.004260680 0.925275564 -0.025084384 0.378465295 0.375494361
0.329392225 0.034852743 -0.943549693 -0.392253608 0.014255072 0.999021053 0.041878168 0.005122015 0.944085717 -0.027244709 0.328572959 0.387039185
0.278895199 0.038640231 -0.959543824 -0.430585802 0.019291420 0.998763144 0.045826692 0.005833443 0.960127831 -0.031291809 0.277804852 0.397172153
0.231231868 0.041398108 -0.972017527 -0.475400448 0.021417292 0.998635650 0.047626697 0.007845502 0.972662926 -0.031830791 0.230029777 0.405317068
0.185935214 0.040763501 -0.981715977 -0.519959152 0.025842857 0.998590529 0.046358768 0.010094443 0.982222080 -0.033990074 0.184619680 0.412163377
0.145368338 0.039335717 -0.988595307 -0.565375507 0.028005840 0.998645365 0.043853734 0.012260981 0.988981128 -0.034061387 0.144069776 0.417933255
0.111847550 0.039072532 -0.992956936 -0.613955736 0.026964579 0.998739302 0.042337380 0.013971164 0.993359387 -0.031510003 0.110652991 0.421721697
0.083994225 0.037077520 -0.995776176 -0.663071692 0.026035719 0.998884678 0.039389383 0.015994439 0.996125996 -0.029234227 0.082935214 0.424719423
0.061933309 0.035961621 -0.997432292 -0.713771105 0.027305251 0.998915553 0.037710562 0.016984360 0.997706711 -0.029570678 0.060884219 0.427326083
0.045474455 0.034102101 -0.998383224 -0.769382536 0.027623940 0.998992145 0.035381116 0.020422272 0.998583436 -0.029188214 0.044486590 0.429591507
0.029551171 0.031754445 -0.999058723 -0.824010372 0.029785022 0.999023438 0.032634333 0.022925854 0.999119341 -0.030721365 0.028576504 0.431893766
0.017532980 0.031429723 -0.999352157 -0.879966557 0.031843629 0.998981237 0.031976730 0.022473782 0.999339044 -0.032383651 0.016514285 0.430429965
0.002341926 0.027926626 -0.999607205 -0.935703993 0.034491241 0.999012947 0.027990833 0.023786426 0.999402225 -0.034543242 0.001376392 0.429850340
-0.011835784 0.024035340 -0.999641001 -0.992614686 0.035219807 0.999100804 0.023605349 0.025308089 0.999309540 -0.034927774 -0.012671661 0.427849144
-0.024443798 0.024639435 -0.999397457 -1.053836584 0.031891085 0.999206662 0.023854718 0.025976688 0.999192417 -0.031288769 -0.025210183 0.425673336
-0.033269092 0.024656907 -0.999142230 -1.115885139 0.027679104 0.999334991 0.023740010 0.026991338 0.999063134 -0.026865549 -0.033929456 0.421926022
-0.039184377 0.025117470 -0.998916268 -1.178685188 0.022781938 0.999446630 0.024237141 0.027209174 0.998972237 -0.021807527 -0.039734911 0.418807417
-0.040777422 0.024160465 -0.998876095 -1.243967533 0.020356216 0.999520183 0.023345036 0.028552441 0.998960853 -0.019381383 -0.041249674 0.414645880
-0.041032691 0.025560470 -0.998830736 -1.309230924 0.019640911 0.999500215 0.024770739 0.029720396 0.998964727 -0.018601539 -0.041514207 0.409823865
-0.042441484 0.026642419 -0.998743534 -1.377174139 0.020741807 0.999452412 0.025779907 0.030892571 0.998883545 -0.019621613 -0.042970847 0.406877458
-0.045526810 0.026603870 -0.998608768 -1.446986794 0.021219533 0.999445498 0.025658764 0.032809690 0.998737752 -0.020021848 -0.046066083 0.403439730
-0.048776150 0.026787156 -0.998450398 -1.516926289 0.022611551 0.999413669 0.025708387 0.034016080 0.998553753 -0.021322558 -0.049353242 0.398269147
-0.054215819 0.025727196 -0.998197734 -1.588805914 0.022515589 0.999445319 0.024536444 0.036032595 0.998275340 -0.021144744 -0.054765008 0.394590259
-0.059299897 0.026550304 -0.997886956 -1.663657427 0.022574890 0.999426305 0.025249729 0.036111251 0.997984886 -0.021029884 -0.059865240 0.391048729
-0.063647427 0.025615579 -0.997643650 -1.737708569 0.022260692 0.999458194 0.024241988 0.038351133 0.997724116 -0.020665295 -0.064183146 0.384673059
-0.069144934 0.029193105 -0.997179508 -1.811777353 0.023041498 0.999351799 0.027659003 0.038750909 0.997340500 -0.021064028 -0.069772758 0.380203247
-0.075467125 0.034023657 -0.996567726 -1.886013031 0.024437150 0.999180615 0.032262314 0.039527275 0.996848881 -0.021918530 -0.076236725 0.376732945
-0.079132415 0.035144649 -0.996244431 -1.965912700 0.025303215 0.999127150 0.033236492 0.042404477 0.996542871 -0.022578103 -0.079952627 0.368831456
-0.080653504 0.035089076 -0.996124446 -2.043886900 0.025509166 0.999125421 0.033129387 0.043518327 0.996415675 -0.022738300 -0.081478059 0.361426383
-0.081075653 0.032520939 -0.996177256 -2.123686075 0.023413457 0.999253929 0.030715831 0.046052136 0.996432960 -0.020833649 -0.081776612 0.355477154
-0.078459606 0.032591615 -0.996384382 -2.203144789 0.023088310 0.999256730 0.030867495 0.047262572 0.996649921 -0.020582978 -0.079153784 0.346263111
-0.078504726 0.034455352 -0.996318161 -2.283052206 0.024803642 0.999160588 0.032599263 0.049193062 0.996605098 -0.022153122 -0.079293467 0.340735793
-0.076633126 0.036075283 -0.996406436 -2.364356995 0.025141813 0.999097407 0.034239065 0.051161464 0.996742308 -0.022427619 -0.077470958 0.332617521
-0.076435633 0.037548836 -0.996367216 -2.444364071 0.026914172 0.999004245 0.035583515 0.052556463 0.996711195 -0.024096550 -0.077370122 0.326967269
-0.075394720 0.038565319 -0.996407688 -2.524580002 0.025968798 0.998988867 0.036700245 0.053503823 0.996815562 -0.023108505 -0.076319970 0.319623470
-0.074981473 0.038447399 -0.996443450 -2.603632450 0.026785940 0.998973608 0.036529399 0.055043738 0.996825099 -0.023951648 -0.075934373 0.313289523
-0.074334942 0.036991674 -0.996546984 -2.682085037 0.025943397 0.999045253 0.035149224 0.056278538 0.996895790 -0.023240998 -0.075223684 0.306678712
-0.074379988 0.033957120 -0.996651649 -2.760785580 0.025477380 0.999158442 0.032141164 0.058666341 0.996904492 -0.023001410 -0.075182542 0.300856769
-0.073183365 0.034556013 -0.996719599 -2.840693235 0.025451519 0.999138772 0.032771122 0.058842815 0.996993601 -0.022969730 -0.073999837 0.293954968
-0.073488064 0.037045106 -0.996607840 -2.917939186 0.024472671 0.999075890 0.035332274 0.060267355 0.996995687 -0.021793159 -0.074326761 0.288695782
-0.071914181 0.039315261 -0.996635675 -2.999189377 0.024823856 0.998983860 0.037616681 0.060704395 0.997101784 -0.022035168 -0.072817072 0.280905128
-0.072411850 0.036704421 -0.996699274 -3.078088760 0.024652028 0.999083221 0.035001211 0.063414983 0.997070014 -0.022036154 -0.073250309 0.275773674
-0.071464874 0.036132626 -0.996788383 -3.156253576 0.025992764 0.999071717 0.034351844 0.062799424 0.997104406 -0.023454338 -0.072337717 0.268828869
-0.071205318 0.034660190 -0.996859312 -3.233755350 0.025989627 0.999121308 0.032882404 0.063756078 0.997123122 -0.023566604 -0.072043553 0.262589574
-0.072072349 0.036645010 -0.996725976 -3.312818289 0.024400495 0.999090493 0.034967564 0.065477163 0.997100949 -0.021800414 -0.072900958 0.257901281
-0.070600383 0.040077653 -0.996699154 -3.391885281 0.023745809 0.998976886 0.038487222 0.066700861 0.997221947 -0.020950219 -0.071479827 0.250458091
-0.069661811 0.041547906 -0.996705055 -3.471011162 0.020662146 0.998978019 0.040198535 0.069504596 0.997356653 -0.017793765 -0.070449099 0.243916199
-0.069583282 0.040146895 -0.996767998 -3.546714783 0.018758217 0.999065816 0.038929950 0.070800386 0.997399747 -0.015988717 -0.070271365 0.237704232
-0.070534892 0.039359719 -0.996732473 -3.624198675 0.018788731 0.999096453 0.038123455 0.071355544 0.997332394 -0.016038304 -0.071210667 0.233152837
-0.069956191 0.038324881 -0.996813536 -3.701260805 0.017871225 0.999149501 0.037160479 0.073569000 0.997389972 -0.015214673 -0.070581615 0.226611942
-0.070207998 0.039662480 -0.996743560 -3.778162479 0.017359253 0.999106586 0.038533762 0.074463472 0.997381389 -0.014597341 -0.070833780 0.220974803
-0.069154873 0.040479351 -0.996784329 -3.856809616 0.018211212 0.999061167 0.039308358 0.076141298 0.997439623 -0.015434288 -0.069827132 0.214350790
-0.068416946 0.040233567 -0.996845186 -3.933972359 0.019175624 0.999055028 0.039006658 0.077560715 0.997472465 -0.016446415 -0.069123790 0.208153009
-0.068049356 0.038621452 -0.996934056 -4.010141373 0.021258436 0.999079704 0.037253499 0.078562334 0.997455359 -0.018658184 -0.068807766 0.201494634
-0.069662809 0.037239749 -0.996875286 -4.085967541 0.024800895 0.999058783 0.035588201 0.079870939 0.997262180 -0.022244226 -0.070520826 0.197727740
-0.070597522 0.038196947 -0.996773303 -4.162110329 0.027510790 0.998961031 0.036332306 0.080796331 0.997125387 -0.024857052 -0.071575001 0.191843748
-0.073974691 0.039654896 -0.996471465 -4.237645149 0.027972708 0.998898506 0.037674885 0.081832714 0.996867716 -0.025087014 -0.075002469 0.186112255
-0.077289462 0.041008290 -0.996164978 -4.313468933 0.029226722 0.998817563 0.038849875 0.082718141 0.996580243 -0.026111951 -0.078396611 0.180101395
-0.080363587 0.040342782 -0.995948851 -4.387820721 0.027620254 0.998887062 0.038233105 0.085406840 0.996382892 -0.024435809 -0.081388421 0.173196167
-0.083652079 0.040225945 -0.995682895 -4.464664936 0.025400925 0.998946309 0.038223751 0.085482448 0.996171176 -0.022093767 -0.084585719 0.166916877
-0.085927486 0.038683578 -0.995550215 -4.539650440 0.024010483 0.999036074 0.036746655 0.087196812 0.996011972 -0.020746090 -0.086773485 0.158558041
-0.088242486 0.039108388 -0.995330989 -4.613007069 0.024550240 0.999010742 0.037076451 0.087628290 0.995796442 -0.021163894 -0.089115322 0.151446342
-0.091174804 0.040285371 -0.995019734 -4.687906742 0.024667913 0.998966157 0.038184807 0.089135453 0.995529294 -0.021063566 -0.092074312 0.145096391
-0.092400327 0.040213645 -0.994909704 -4.762740612 0.024016030 0.998983443 0.038147870 0.091370963 0.995432198 -0.020368900 -0.093272187 0.136808693
-0.094278805 0.041246444 -0.994691133 -4.836709023 0.023289079 0.998959363 0.039216056 0.092436120 0.995273411 -0.019468192 -0.095141284 0.129636973
-0.095634691 0.042226698 -0.994520485 -4.912881374 0.024273515 0.998901665 0.040078543 0.094342180 0.995120466 -0.020307606 -0.096554652 0.120987475
-0.095213421 0.042752918 -0.994538367 -4.982352734 0.021538587 0.998931885 0.040879752 0.094700620 0.995223820 -0.017528651 -0.096032560 0.112031162
-0.094917454 0.042628191 -0.994571924 -5.057074070 0.021815211 0.998931944 0.040733110 0.096964993 0.995246053 -0.017830515 -0.095746003 0.104397476
-0.094905786 0.042048678 -0.994597793 -5.128610611 0.019832036 0.998989046 0.040341936 0.097589172 0.995288670 -0.015896218 -0.095643751 0.097356796
-0.093049705 0.041993830 -0.994775414 -5.201877594 0.018446038 0.999011457 0.040447231 0.098957054 0.995490551 -0.014586067 -0.093732320 0.089166671
-0.090697877 0.043001931 -0.994949579 -5.274402618 0.019641310 0.998950183 0.041384369 0.099558860 0.995684743 -0.015788639 -0.091447264 0.081424266
-0.089523837 0.042402979 -0.995081663 -5.347153664 0.024553742 0.998883545 0.040355977 0.101169117 0.995682001 -0.020820154 -0.090465046 0.075401336
-0.087498777 0.040606067 -0.995336711 -5.420008183 0.027221909 0.998893201 0.038358111 0.103530601 0.995792687 -0.023738675 -0.088507302 0.068741590
-0.085423857 0.039614115 -0.995556891 -5.491167545 0.030339375 0.998849273 0.037141856 0.104850128 0.995882690 -0.027031768 -0.086527415 0.063392758
-0.083259404 0.040489834 -0.995704949 -5.563627243 0.031924505 0.998769820 0.037944973 0.106192365 0.996016383 -0.028628113 -0.084449589 0.057068706
-0.081966616 0.041878793 -0.995754838 -5.636225700 0.032067213 0.998710334 0.039363440 0.108406827 0.996119082 -0.028704597 -0.083203837 0.051879793
-0.078898981 0.043580398 -0.995929539 -5.705354691 0.031223353 0.998661876 0.041226398 0.109157294 0.996393621 -0.027843537 -0.080154136 0.045116127
-0.077486083 0.043769654 -0.996032119 -5.777531147 0.029748393 0.998692572 0.041572291 0.110624388 0.996549487 -0.026409084 -0.078686848 0.040217161
-0.074355140 0.041983269 -0.996347785 -5.846638203 0.028564718 0.998793125 0.039954599 0.111924559 0.996822655 -0.025489561 -0.075464651 0.032624334
-0.071757481 0.038602956 -0.996674895 -5.918243408 0.027065702 0.998958111 0.036742754 0.114386231 0.997054815 -0.024339138 -0.072727531 0.025710136
-0.071117647 0.036632244 -0.996795058 -5.987511158 0.026650405 0.999038458 0.034813281 0.114790820 0.997111797 -0.024089152 -0.072025523 0.021803111
-0.070355743 0.035072006 -0.996905327 -6.058692455 0.028002892 0.999057353 0.033171438 0.115936205 0.997128785 -0.025582433 -0.071271539 0.017601460
-0.068395220 0.033951227 -0.997080386 -6.127272606 0.027757235 0.999098599 0.032115933 0.117382020 0.997272015 -0.025479620 -0.069275968 0.010792911
-0.067774303 0.035006806 -0.997086227 -6.198645115 0.027922424 0.999059319 0.033178121 0.119261362 0.997309804 -0.025592448 -0.068688013 0.005299449
-0.068036005 0.038481086 -0.996940494 -6.267518044 0.028071133 0.998934209 0.036642328 0.119585648 0.997287869 -0.025492255 -0.069043696 0.000627726
-0.069642842 0.040599670 -0.996745467 -6.338109493 0.025817893 0.998910129 0.038883932 0.119721502 0.997237921 -0.023025880 -0.070615143 -0.003854543
-0.069276273 0.041385580 -0.996738672 -6.406126499 0.022105532 0.998957455 0.039941307 0.121600598 0.997352540 -0.019266458 -0.070118912 -0.010614961
-0.070465714 0.040872589 -0.996676505 -6.476652622 0.017575510 0.999055982 0.039727580 0.122771859 0.997359335 -0.014717666 -0.071117558 -0.016007483
-0.070288241 0.040285461 -0.996712923 -6.544324398 0.014163330 0.999123752 0.039384097 0.124220878 0.997426152 -0.011348538 -0.070797227 -0.022422940
-0.071631417 0.039901856 -0.996632695 -6.613565922 0.009969441 0.999178171 0.039287228 0.125075340 0.997381330 -0.007121671 -0.071970344 -0.027365983
-0.072088346 0.037626192 -0.996688247 -6.681594372 0.009806888 0.999266624 0.037014212 0.127133399 0.997349977 -0.007106117 -0.072404467 -0.033599198
-0.072718613 0.036353078 -0.996689677 -6.751067162 0.007764067 0.999325871 0.035882752 0.127984643 0.997322261 -0.005129020 -0.072951838 -0.038482726
-0.073856279 0.033874333 -0.996693313 -6.819981098 0.008622899 0.999407291 0.033327594 0.131555021 0.997231603 -0.006132934 -0.074104592 -0.043108582
-0.074275933 0.040006474 -0.996434867 -6.887984276 0.012852753 0.999150395 0.039157424 0.131726250 0.997154832 -0.009898478 -0.074727014 -0.049411982
-0.075018130 0.045136664 -0.996160090 -6.957040787 0.014633130 0.998917341 0.044159614 0.132967204 0.997074783 -0.011264168 -0.075597383 -0.053702027
-0.075960428 0.045979723 -0.996050060 -7.024782658 0.015936328 0.998864710 0.044894308 0.134867683 0.996983469 -0.012463193 -0.076606929 -0.059147060
-0.076925121 0.042289078 -0.996139646 -7.093214512 0.019132968 0.998978734 0.040932100 0.135136634 0.996853232 -0.015910398 -0.077655673 -0.064826190
-0.077585697 0.038595699 -0.996238351 -7.160495758 0.019804912 0.999112904 0.037164692 0.136973709 0.996788979 -0.016846968 -0.078281254 -0.070921034
-0.077250667 0.037325237 -0.996312857 -7.229912758 0.019403774 0.999166071 0.035927627 0.138127178 0.996822894 -0.016556798 -0.077910505 -0.078134775
-0.078612514 0.036873210 -0.996223092 -7.297427177 0.020597825 0.999162555 0.035356622 0.139776602 0.996692419 -0.017740561 -0.079306178 -0.081859380
-0.078801103 0.036470633 -0.996223032 -7.363360405 0.020830080 0.999172628 0.034930959 0.140541047 0.996672690 -0.017998809 -0.079495601 -0.088263184
-0.078915916 0.034143355 -0.996296346 -7.429738998 0.022788214 0.999213934 0.032438301 0.141442135 0.996620655 -0.020143921 -0.079631932 -0.093916327
-0.078617103 0.031486545 -0.996407568 -7.497252941 0.024602175 0.999257982 0.029635495 0.142216235 0.996601105 -0.022183936 -0.079333395 -0.099468410
-0.078201883 0.031899858 -0.996427119 -7.563162804 0.026146710 0.999209702 0.029936897 0.142142177 0.996594608 -0.023712166 -0.078974150 -0.104397655
-0.076797627 0.033416785 -0.996486664 -7.632792950 0.028803958 0.999095380 0.031284399 0.143647552 0.996630549 -0.026300190 -0.077690713 -0.111233473
-0.076016538 0.036931127 -0.996422350 -7.698991776 0.030325862 0.998937190 0.034710791 0.144987345 0.996645272 -0.027578779 -0.077055722 -0.116812944
-0.074696697 0.038981687 -0.996444106 -7.763915539 0.030948354 0.998844922 0.036755625 0.144585952 0.996725917 -0.028092779 -0.075816847 -0.122641981
-0.073418789 0.037595153 -0.996592343 -7.831124783 0.028850829 0.998951077 0.035558689 0.146368146 0.996883929 -0.026141835 -0.074426420 -0.128852427
-0.072922938 0.035792664 -0.996695161 -7.897227764 0.027197953 0.999055624 0.033887491 0.147753105 0.996966660 -0.024636889 -0.073827572 -0.133786023
-0.071611308 0.036641877 -0.996759415 -7.962091923 0.025930414 0.999055743 0.034863345 0.148530081 0.997095585 -0.023349771 -0.072493829 -0.139153540
-0.070516288 0.038472246 -0.996768415 -8.026955605 0.025717279 0.998993933 0.036738779 0.149107948 0.997178972 -0.023043491 -0.071434751 -0.145067662
-0.069355011 0.039863925 -0.996795237 -8.091871262 0.024849964 0.998960257 0.038221490 0.150589064 0.997282505 -0.022119474 -0.070273519 -0.149120182
-0.068602674 0.039248802 -0.996871710 -8.156828880 0.026532628 0.998944163 0.037504472 0.152276471 0.997291207 -0.023876714 -0.069571622 -0.153538853
-0.068231709 0.039294235 -0.996895432 -8.220008850 0.027291521 0.998923600 0.037506230 0.153825477 0.997296154 -0.024647675 -0.069230676 -0.158229411
-0.066781260 0.038910899 -0.997008741 -8.283816338 0.025550591 0.998978257 0.037276357 0.154524416 0.997440457 -0.022984793 -0.067707218 -0.164698929
-0.067093991 0.040446207 -0.996926486 -8.350419044 0.024033258 0.998953640 0.038910992 0.155875027 0.997457087 -0.021348694 -0.067995854 -0.166349202
-0.066640712 0.041020278 -0.996933520 -8.413053513 0.023642324 0.998938978 0.039522417 0.156976521 0.997496903 -0.020936022 -0.067539833 -0.170193404
-0.066486880 0.041171331 -0.996937573 -8.475214005 0.023259504 0.998940766 0.039702863 0.158426583 0.997516155 -0.020548554 -0.067374080 -0.173810512
-0.064726710 0.043050911 -0.996973872 -8.535838127 0.020291176 0.998919249 0.041817542 0.157787323 0.997696638 -0.017523063 -0.065530308 -0.180016637
-0.065210477 0.043947432 -0.996903241 -8.595400810 0.019981649 0.998887062 0.042727809 0.159872368 0.997671366 -0.017133471 -0.066016033 -0.183264256
-0.066545427 0.044344585 -0.996797383 -8.651470184 0.020365171 0.998864233 0.043076962 0.160873741 0.997575462 -0.017433379 -0.067372918 -0.186835885
-0.068903558 0.043323956 -0.996682107 -8.707702637 0.020824146 0.998901427 0.041980784 0.161592782 0.997405887 -0.017862430 -0.069730043 -0.191336274
-0.072518319 0.042375959 -0.996466398 -8.761717796 0.021477858 0.998931646 0.040917732 0.162973821 0.997135758 -0.018434679 -0.073350981 -0.194601923
-0.076899417 0.042090483 -0.996150017 -8.813934326 0.019548301 0.998980165 0.040700994 0.164348662 0.996847153 -0.016343156 -0.077643782 -0.199438304
-0.080097601 0.042004701 -0.995901704 -8.864456177 0.017379100 0.999018729 0.040738426 0.163395897 0.996635377 -0.014044823 -0.080749005 -0.206111133
-0.085054122 0.040534955 -0.995551467 -8.917367935 0.016147481 0.999096930 0.039299771 0.164287761 0.996245503 -0.012733039 -0.085631855 -0.210835874
-0.091325417 0.039710052 -0.995029092 -8.964897156 0.017199593 0.999118447 0.038294651 0.163875759 0.995672524 -0.013616819 -0.091927923 -0.217225194
-0.101381004 0.037906092 -0.994125247 -9.012833595 0.019839572 0.999152124 0.036074523 0.164947912 0.994649768 -0.016065747 -0.102047101 -0.220950246
-0.111155428 0.036191959 -0.993143797 -9.058567047 0.022302480 0.999175787 0.033915628 0.165933669 0.993552744 -0.018379664 -0.111870997 -0.228998959
-0.123909593 0.036255673 -0.991630971 -9.102938652 0.022103587 0.999185205 0.033769906 0.165484279 0.992047310 -0.017734183 -0.124610014 -0.234308302
-0.137496874 0.035373949 -0.989870310 -9.148381233 0.022273824 0.999219775 0.032614138 0.167377338 0.990251720 -0.017563855 -0.138177544 -0.238418102
-0.150212377 0.035767209 -0.988006532 -9.189486504 0.023194414 0.999197900 0.032645959 0.168431550 0.988381684 -0.018012406 -0.150921494 -0.247660875
-0.165328205 0.038367223 -0.985491991 -9.229574203 0.024661075 0.999091387 0.034759484 0.167961568 0.985930204 -0.018556574 -0.166124195 -0.255876541
-0.182829767 0.038143829 -0.982404351 -9.268109322 0.024205832 0.999118745 0.034287989 0.168915004 0.982846498 -0.017511049 -0.183591962 -0.263159275
-0.201605454 0.036499925 -0.978786409 -9.305259705 0.021146420 0.999234676 0.032906823 0.169531822 0.979238510 -0.014063633 -0.202222988 -0.270810962
-0.221625015 0.036390085 -0.974452674 -9.341589928 0.018956907 0.999275327 0.033005599 0.168418139 0.974947691 -0.011157743 -0.222154275 -0.280733824
-0.242720038 0.036580723 -0.969406426 -9.376424789 0.020273710 0.999261856 0.032631192 0.169391021 0.969884574 -0.011733220 -0.243282497 -0.291078448
-0.264940709 0.037181802 -0.963547528 -9.410660744 0.019827308 0.999255061 0.033107903 0.169992447 0.964060843 -0.010332921 -0.265480548 -0.301616669
-0.287991047 0.037034802 -0.956916690 -9.443162918 0.019034619 0.999275982 0.032945592 0.170740306 0.957443893 -0.008726511 -0.288487524 -0.312416553
-0.314593434 0.035511982 -0.948562026 -9.476247787 0.018710956 0.999337852 0.031207368 0.171814561 0.949042141 -0.007930868 -0.315049618 -0.324158430
-0.342250466 0.034313966 -0.938981950 -9.506535530 0.018462578 0.999385536 0.029791901 0.170978606 0.939427376 -0.007139734 -0.342673808 -0.339024782
-0.375132322 0.031580411 -0.926433146 -9.535546303 0.020108962 0.999461532 0.025927272 0.171971828 0.926753104 -0.008903451 -0.375565439 -0.350801945
-0.410125732 0.031111199 -0.911498129 -9.563115120 0.022189541 0.999462485 0.024129480 0.171406686 0.911759019 -0.010329609 -0.410595626 -0.364764929
-0.449506372 0.032847192 -0.892673016 -9.591936111 0.026937095 0.999367654 0.023208980 0.172551572 0.892870903 -0.013613434 -0.450106949 -0.380601168
-0.492762029 0.037290432 -0.869364738 -9.618791580 0.031380646 0.999192953 0.025072496 0.172685757 0.869598150 -0.014926451 -0.493534565 -0.398102283
-0.537504673 0.038173236 -0.842396319 -9.644067764 0.030129900 0.999206364 0.026054213 0.172750384 0.842722297 -0.011377051 -0.538228273 -0.415808201
-0.580039740 0.034514371 -0.813856602 -9.667849541 0.026093038 0.999376476 0.023785332 0.173689857 0.814170122 -0.007439548 -0.580578744 -0.436219215
-0.621533513 0.031990636 -0.782734215 -9.690248489 0.024475187 0.999471009 0.021414131 0.172989011 0.783005238 -0.005847968 -0.621987700 -0.457256794
-0.663105905 0.032541621 -0.747817993 -9.712598801 0.028142657 0.999431968 0.018536039 0.172720462 0.747996330 -0.008754227 -0.663644969 -0.477797985
-0.701404691 0.035239395 -0.711891651 -9.733641624 0.032976579 0.999311984 0.016976215 0.172192156 0.712000072 -0.011568554 -0.702084064 -0.500071526
-0.737051785 0.032857928 -0.675037086 -9.753259659 0.028210694 0.999442637 0.017846238 0.172453403 0.675247133 -0.005889663 -0.737567961 -0.524980068
-0.770980358 0.027956506 -0.636244953 -9.770153046 0.020424109 0.999607563 0.019173350 0.172624126 0.636531234 0.001787539 -0.771248817 -0.549830437
-0.803184032 0.025216503 -0.595197141 -9.786733627 0.015834922 0.999654472 0.020983690 0.173308402 0.595520616 0.007428863 -0.803305686 -0.576381683
-0.834604323 0.029526837 -0.550058007 -9.805128098 0.017472342 0.999478877 0.027140690 0.173078880 0.550572753 0.013040935 -0.834685326 -0.603028297
-0.860153019 0.034911197 -0.508839846 -9.816872597 0.020931562 0.999230385 0.033173472 0.173412964 0.509606361 0.017883455 -0.860221803 -0.631463528
-0.885147512 0.034420356 -0.464035690 -9.830073357 0.018973639 0.999100685 0.037917197 0.174354702 0.464923501 0.024757873 -0.885004640 -0.660525560
-0.907891333 0.031085307 -0.418051541 -9.840832710 0.012856741 0.998842418 0.046350274 0.171947032 0.419008493 0.036706232 -0.907240033 -0.691494703
-0.927081943 0.023513915 -0.374120533 -9.848915100 0.007169744 0.998960376 0.045018990 0.175013840 0.374790162 0.039053947 -0.926286876 -0.722294331
-0.944274068 0.021760240 -0.328440249 -9.857325554 0.008411262 0.999081731 0.042009845 0.176250368 0.329052836 0.036906205 -0.943590045 -0.753427267
-0.958048105 0.023744654 -0.285622358 -9.865743637 0.012684940 0.999098599 0.040509690 0.176066339 0.286326826 0.035187121 -0.957485676 -0.785103321
-0.968689620 0.021029152 -0.247382626 -9.871030807 0.011801773 0.999180257 0.038724050 0.177559376 0.247994170 0.034592032 -0.968143702 -0.815767527
-0.977187991 0.014459068 -0.211883157 -9.875157356 0.006522065 0.999252319 0.038110491 0.178813398 0.212275758 0.035859201 -0.976551652 -0.849332809
-0.983998299 0.009675475 -0.177914843 -9.879938126 0.003227662 0.999328554 0.036494792 0.179559618 0.178148538 0.035336558 -0.983368933 -0.882891655
-0.988674641 0.008505004 -0.149833515 -9.884080887 0.003127255 0.999343574 0.036090624 0.180168942 0.150042132 0.035213310 -0.988052368 -0.917330265
-0.991643369 0.007665806 -0.128781512 -9.886891365 0.002865274 0.999295413 0.037420560 0.180281907 0.128977671 0.036738846 -0.990966737 -0.952759624
-0.994184196 0.006597752 -0.107490808 -9.890392303 0.002564122 0.999288797 0.037620414 0.181514204 0.107662581 0.037126008 -0.993494034 -0.988505125
