0.999623775 0.001412292 -0.027390845 -0.002163758 -0.001472299 0.999996543 -0.002170742 -0.000357760 0.027387684 0.002210253 0.999622464 0.035599194
0.999320149 0.003992023 -0.036650974 -0.001405365 -0.004025307 0.999991536 -0.000834372 -0.001283025 0.036647335 0.000981337 0.999327779 0.042491652
0.999121666 0.005147915 -0.041585494 -0.003874143 -0.005179592 0.999986291 -0.000653999 -0.000530600 0.041581560 0.000868820 0.999134719 0.046677623
0.998779774 0.006564569 -0.048947282 -0.004383745 -0.006559373 0.999978423 0.000266789 -0.000936684 0.048947982 0.000054600 0.998801291 0.051598590
0.998508632 0.007216140 -0.054114789 -0.004365304 -0.007203631 0.999973953 0.000426202 -0.000909595 0.054116458 -0.000035744 0.998534620 0.055119801
0.998299301 0.006992123 -0.057875633 -0.005233268 -0.007003690 0.999975443 0.000002973 -0.001150096 0.057874240 0.000402375 0.998323739 0.057612952
0.998116195 0.007281718 -0.060919795 -0.005729728 -0.007339261 0.999972761 -0.000720850 -0.000699853 0.060912900 0.001166598 0.998142362 0.059706826
0.997990072 0.007021757 -0.062980086 -0.006024809 -0.007054340 0.999975085 -0.000295010 -0.001095342 0.062976450 0.000738700 0.998014748 0.060963057
0.997857928 0.007557607 -0.064982235 -0.006174151 -0.007628679 0.999970555 -0.000845656 -0.000986757 0.064973928 0.001339573 0.997886181 0.061884850
0.997796357 0.007623189 -0.065912589 -0.006097578 -0.007666593 0.999970496 -0.000405599 -0.001146919 0.065907553 0.000910030 0.997825384 0.062430274
0.997833669 0.007723451 -0.065331511 -0.006446594 -0.007761885 0.999969840 -0.000334527 -0.001195222 0.065326951 0.000840898 0.997863591 0.062150065
0.997818887 0.006947021 -0.065646283 -0.006168514 -0.007059839 0.999973953 -0.001486754 -0.000927297 0.065634258 0.001946963 0.997841835 0.062238991
0.997809589 0.006532741 -0.065827593 -0.006166865 -0.006729799 0.999973476 -0.002772260 -0.001073810 0.065807730 0.003209194 0.997827172 0.062002465
0.997824669 0.006691202 -0.065582901 -0.006204728 -0.006905554 0.999971509 -0.003042277 -0.001222305 0.065560676 0.003488546 0.997842491 0.062085688
0.997806430 0.007111424 -0.065815710 -0.006135656 -0.007276812 0.999970913 -0.002273490 -0.001466078 0.065797627 0.002747432 0.997829199 0.062052693
0.997807384 0.007084205 -0.065804437 -0.006183302 -0.007268752 0.999970317 -0.002565462 -0.001548069 0.065784305 0.003038154 0.997829258 0.061637823
0.997822702 0.006963909 -0.065583646 -0.006251605 -0.007147507 0.999971211 -0.002565230 -0.001553191 0.065563872 0.003028405 0.997843802 0.061698351
0.997810602 0.007010838 -0.065762922 -0.006185556 -0.007163584 0.999972224 -0.002087160 -0.001613126 0.065746464 0.002553687 0.997833133 0.061529785
0.997810423 0.006787267 -0.065790072 -0.006134839 -0.007003827 0.999970734 -0.003061597 -0.001123872 0.065767370 0.003515677 0.997828782 0.062028542
0.997799397 0.006874572 -0.065947399 -0.006082144 -0.007079935 0.999970794 -0.002880832 -0.001253774 0.065925658 0.003341396 0.997818947 0.062046289
0.997792482 0.006844043 -0.066054657 -0.006134667 -0.007028302 0.999971986 -0.002557520 -0.001397192 0.066035300 0.003016127 0.997812748 0.062105477
0.997804582 0.006977440 -0.065859012 -0.006339933 -0.007155510 0.999971330 -0.002468302 -0.001474555 0.065839879 0.002934138 0.997825921 0.062066831
0.997785211 0.006754965 -0.066174351 -0.006226505 -0.006937789 0.999972701 -0.002533333 -0.001463218 0.066155441 0.002986826 0.997804880 0.062063277
0.997760594 0.006753219 -0.066545099 -0.006070104 -0.006960920 0.999971688 -0.002889837 -0.001144336 0.066523679 0.003346580 0.997779250 0.062083215
0.997759044 0.006563595 -0.066587657 -0.006144592 -0.006777138 0.999972582 -0.002981558 -0.001107479 0.066566251 0.003426150 0.997776091 0.062195871
0.997739196 0.006568124 -0.066882797 -0.005763072 -0.006784216 0.999972463 -0.003004290 -0.001031688 0.066861220 0.003451245 0.997756302 0.062119823
0.997735858 0.006564891 -0.066932656 -0.005856011 -0.006785600 0.999972284 -0.003070680 -0.001028831 0.066910632 0.003517906 0.997752786 0.062054597
0.997725606 0.006536698 -0.067087673 -0.005910598 -0.006747177 0.999972999 -0.002911263 -0.001138249 0.067066833 0.003357294 0.997742832 0.062083963
0.997711957 0.006420058 -0.067301661 -0.005863726 -0.006633070 0.999973595 -0.002942047 -0.001076767 0.067281000 0.003381733 0.997728288 0.062033571
0.997703314 0.006246939 -0.067448959 -0.006073236 -0.006457054 0.999974966 -0.002897595 -0.001185205 0.067429177 0.003326460 0.997718513 0.061862852
0.997677743 0.006018755 -0.067845166 -0.006100398 -0.006232076 0.999976158 -0.002933020 -0.001138899 0.067825899 0.003349025 0.997691572 0.061978348
0.997633874 0.005840924 -0.068503775 -0.005908156 -0.006063569 0.999976993 -0.003042632 -0.001099095 0.068484426 0.003450809 0.997646213 0.061959937
0.997621179 0.005823362 -0.068688661 -0.006119183 -0.006040254 0.999977410 -0.002950346 -0.001149332 0.068669923 0.003358224 0.997633815 0.061989624
0.997595966 0.005615474 -0.069071613 -0.006040520 -0.005826043 0.999978960 -0.002847476 -0.001180433 0.069054179 0.003243045 0.997607648 0.061834700
0.997598231 0.005601661 -0.069039367 -0.005999016 -0.005794372 0.999979854 -0.002591364 -0.001415060 0.069023460 0.002985180 0.997610569 0.061819874
0.997594476 0.005501556 -0.069101870 -0.005936868 -0.005696282 0.999980390 -0.002621216 -0.001350207 0.069086075 0.003008535 0.997606158 0.061861634
0.997571230 0.005523509 -0.069434792 -0.005934295 -0.005713365 0.999980450 -0.002536006 -0.001438229 0.069419436 0.002926553 0.997583210 0.061822653
0.997571588 0.005453347 -0.069434389 -0.006038098 -0.005648214 0.999980569 -0.002610466 -0.001331069 0.069418818 0.002996307 0.997583091 0.061799217
0.997560740 0.005259686 -0.069604985 -0.006091107 -0.005449789 0.999981940 -0.002541551 -0.001401224 0.069590360 0.002914684 0.997571409 0.061747812
0.997539520 0.005180737 -0.069914907 -0.005946342 -0.005375991 0.999982178 -0.002604874 -0.001390714 0.069900155 0.002974326 0.997549534 0.061909616
0.997544765 0.005056445 -0.069847651 -0.006061356 -0.005240575 0.999983251 -0.002453169 -0.001440404 0.069834076 0.002813188 0.997554600 0.061910212
0.997527838 0.005175036 -0.070080988 -0.006010737 -0.005364441 0.999982417 -0.002514707 -0.001469400 0.070066735 0.002884435 0.997538090 0.061813690
0.997519672 0.005146210 -0.070199892 -0.005980699 -0.005359736 0.999981582 -0.002853674 -0.001199751 0.070183910 0.003222849 0.997528851 0.061826855
0.997512281 0.005150154 -0.070304014 -0.005953758 -0.005363894 0.999981582 -0.002851791 -0.001169648 0.070288025 0.003221800 0.997521520 0.061886303
0.997499049 0.005160308 -0.070490301 -0.005908478 -0.005377041 0.999981403 -0.002885242 -0.001129271 0.070474088 0.003257055 0.997508287 0.061916698
0.997480035 0.005137747 -0.070760705 -0.005797001 -0.005349274 0.999981821 -0.002800180 -0.001176871 0.070745014 0.003171642 0.997489452 0.061765429
0.997476578 0.004951244 -0.070821397 -0.006010081 -0.005153088 0.999983132 -0.002667614 -0.001180339 0.070806988 0.003025831 0.997485459 0.061980639
0.997465730 0.005029235 -0.070970289 -0.005964553 -0.005228656 0.999982893 -0.002624444 -0.001249519 0.070955880 0.002988872 0.997475028 0.061924212
0.997472703 0.004859093 -0.070883736 -0.006107875 -0.005048113 0.999984086 -0.002487715 -0.001341080 0.070870526 0.002839256 0.997481406 0.061907113
0.997459292 0.004781374 -0.071077816 -0.006019542 -0.004971995 0.999984384 -0.002505173 -0.001385421 0.071064733 0.002852207 0.997467577 0.061827701
0.997462153 0.004984731 -0.071023300 -0.006049619 -0.005177694 0.999983370 -0.002533050 -0.001339551 0.071009487 0.002894359 0.997471452 0.061815925
0.997465372 0.005024474 -0.070975333 -0.006197735 -0.005221405 0.999983013 -0.002589391 -0.001267529 0.070961095 0.002953419 0.997474730 0.061871905
0.997468352 0.004862988 -0.070945062 -0.006195701 -0.005062190 0.999983668 -0.002628307 -0.001293650 0.070931107 0.002980791 0.997476757 0.061827961
0.997465551 0.005020177 -0.070974536 -0.006019246 -0.005213052 0.999983191 -0.002532550 -0.001305861 0.070960619 0.002896125 0.997474909 0.061866581
0.997445524 0.004940465 -0.071260571 -0.005969035 -0.005140919 0.999983251 -0.002629845 -0.001225890 0.071246408 0.002989472 0.997454286 0.061936613
0.997456610 0.004886072 -0.071108036 -0.005942672 -0.005089310 0.999983430 -0.002677297 -0.001142755 0.071093790 0.003032378 0.997465074 0.061853793
0.997455835 0.004954691 -0.071114257 -0.005979931 -0.005153569 0.999983311 -0.002613395 -0.001219290 0.071100108 0.002973238 0.997464776 0.061837498
0.997461319 0.004873751 -0.071043454 -0.006011211 -0.005072289 0.999983728 -0.002614477 -0.001219939 0.071029551 0.002968192 0.997469783 0.061847206
0.997458279 0.004943816 -0.071081795 -0.006060120 -0.005140055 0.999983430 -0.002578082 -0.001261126 0.071067877 0.002936893 0.997467220 0.061871108
0.997455537 0.004830206 -0.071127094 -0.006024942 -0.005023577 0.999984086 -0.002540044 -0.001279362 0.071113698 0.002890894 0.997464001 0.061781436
0.997447610 0.004825193 -0.071238868 -0.005910942 -0.005028485 0.999983728 -0.002674591 -0.001208092 0.071224801 0.003025988 0.997455657 0.061773490
0.997450590 0.004950540 -0.071188077 -0.005960699 -0.005150605 0.999983251 -0.002627101 -0.001251986 0.071173877 0.002987065 0.997459412 0.061713692
0.997398853 0.004851292 -0.071916297 -0.006055110 -0.005062320 0.999983430 -0.002752391 -0.001248794 0.071901761 0.003109295 0.997406900 0.061832145
0.997227669 0.005015064 -0.074241631 -0.006306158 -0.005272987 0.999980748 -0.003278505 -0.001145432 0.074223764 0.003660891 0.997234881 0.061907884
0.997087121 0.005494356 -0.076073371 -0.006539531 -0.005793215 0.999976397 -0.003708449 -0.001081627 0.076051190 0.004138357 0.997095227 0.062470529
0.996837318 0.006240294 -0.079223730 -0.006697899 -0.006515872 0.999973595 -0.003220435 -0.001544418 0.079201557 0.003726463 0.996851683 0.063018098
0.996408463 0.005893271 -0.084471159 -0.006889289 -0.006179937 0.999975979 -0.003132558 -0.001534402 0.084450684 0.003643334 0.996421039 0.064099848
0.995992243 0.006024864 -0.089236774 -0.007759558 -0.006348317 0.999974251 -0.003341280 -0.001274481 0.089214347 0.003894392 0.996004820 0.064810075
0.995395780 0.006834040 -0.095606007 -0.008268150 -0.007173191 0.999969065 -0.003204143 -0.001298351 0.095581152 0.003875189 0.995414078 0.066348799
0.994688988 0.007242521 -0.102670774 -0.008669511 -0.007575914 0.999967158 -0.002857630 -0.001465787 0.102646716 0.003620278 0.994711220 0.067588829
0.993704379 0.007544281 -0.111779727 -0.009302756 -0.007905706 0.999964833 -0.002790471 -0.001532591 0.111754760 0.003656601 0.993729055 0.069205225
0.992389023 0.007703485 -0.122900933 -0.009836504 -0.008080781 0.999963999 -0.002571756 -0.001444088 0.122876704 0.003545318 0.992415607 0.071772046
0.991004050 0.008329985 -0.133571804 -0.010538189 -0.008697410 0.999959767 -0.002167522 -0.001476884 0.133548394 0.003309752 0.991036832 0.074120075
0.989374638 0.008685242 -0.145128474 -0.011480487 -0.009089160 0.999956489 -0.002120333 -0.001397957 0.145103738 0.003416899 0.989410579 0.076524593
0.987324297 0.008851610 -0.158468887 -0.012297854 -0.009283896 0.999954998 -0.001987795 -0.001404611 0.158444166 0.003433807 0.987362027 0.079042979
0.985258698 0.009325556 -0.170816824 -0.014489097 -0.009912766 0.999947488 -0.002585051 -0.001415850 0.170783743 0.004240209 0.985299408 0.080967307
0.982253909 0.009784623 -0.187300950 -0.015691416 -0.010773432 0.999932885 -0.004262005 -0.001413684 0.187246680 0.006204246 0.982293367 0.084698126
0.978689313 0.010991127 -0.205052406 -0.017009767 -0.012383315 0.999908209 -0.005507379 -0.001511654 0.204973012 0.007929240 0.978735447 0.088891499
0.974953771 0.012575876 -0.222051620 -0.019548595 -0.014246819 0.999880970 -0.005924806 -0.001674627 0.221950665 0.008939940 0.975017011 0.093430169
0.970499039 0.013179903 -0.240744337 -0.021515904 -0.014711929 0.999881387 -0.004567393 -0.001767539 0.240655586 0.007974466 0.970577836 0.099592902
0.965860188 0.012573621 -0.258758515 -0.024652623 -0.013743871 0.999901891 -0.002713988 -0.001794885 0.258699030 0.006177676 0.965938210 0.106141165
0.960364640 0.011827732 -0.278495759 -0.028715631 -0.012718315 0.999918163 -0.001391241 -0.001437706 0.278456509 0.004878095 0.960436463 0.113633700
0.953440785 0.013212769 -0.301290631 -0.032300681 -0.013581364 0.999907434 0.000871316 -0.001585136 0.301274210 0.003261190 0.953531981 0.122308098
0.945952773 0.015943142 -0.323912203 -0.036626685 -0.015224561 0.999872804 0.004752516 -0.001862633 0.323946804 0.000435765 0.946075141 0.130474776
0.937244773 0.016437251 -0.348284543 -0.040793367 -0.014871976 0.999863684 0.007167503 -0.001661492 0.348354936 -0.001538026 0.937361479 0.140253261
0.927553356 0.015385622 -0.373373985 -0.045622442 -0.013136052 0.999877036 0.008568738 -0.001388306 0.373459935 -0.003043301 0.927641273 0.150191709
0.916986406 0.015843702 -0.398603678 -0.051817507 -0.011943228 0.999853373 0.012266829 -0.001810389 0.398739725 -0.006487900 0.917041242 0.159772158
0.904009819 0.015960917 -0.427213639 -0.057964489 -0.010249259 0.999824643 0.015665907 -0.001522718 0.427388847 -0.009783511 0.904015064 0.170501694
0.888950467 0.016572930 -0.457703531 -0.065369152 -0.009798798 0.999804497 0.017170604 -0.000919058 0.457898647 -0.010778872 0.888939083 0.181840718
0.871512055 0.017138580 -0.490074366 -0.073855363 -0.009354556 0.999788284 0.018328527 -0.001558455 0.490284681 -0.011389105 0.871487916 0.191523761
0.850451946 0.018682595 -0.525720835 -0.083649687 -0.010741227 0.999777555 0.018153245 -0.001891179 0.525942981 -0.009791575 0.850463390 0.203416705
0.825873137 0.021262212 -0.563454986 -0.094096586 -0.014019058 0.999754131 0.017177986 -0.001393693 0.563681662 -0.006287729 0.825968206 0.215295345
0.797554910 0.021667667 -0.602857113 -0.106616214 -0.013790848 0.999748468 0.017687865 -0.001882448 0.603088677 -0.005793135 0.797653019 0.227929473
0.764645875 0.018537957 -0.644183934 -0.120741934 -0.010421604 0.999811172 0.016401555 -0.001465291 0.644366384 -0.005827954 0.764694571 0.242648751
0.729167581 0.014804358 -0.684175014 -0.136535749 -0.006808812 0.999873340 0.014378954 -0.001219744 0.684301257 -0.005826248 0.729176164 0.256653368
0.692264497 0.013795006 -0.721512020 -0.155267030 -0.006291897 0.999894619 0.013080718 -0.001045781 0.721616447 -0.004515639 0.692278385 0.271529436
0.652979314 0.014532769 -0.757236242 -0.176325291 -0.006634128 0.999887228 0.013468958 -0.000226276 0.757346570 -0.003771350 0.653002203 0.287606418
0.612016499 0.014266647 -0.790716350 -0.199680090 -0.004323987 0.999882698 0.014693794 0.000140131 0.790833116 -0.005573796 0.612006426 0.303066999
0.569363177 0.015937293 -0.821931660 -0.225672275 -0.002759926 0.999843478 0.017475177 0.000917403 0.822081447 -0.007681250 0.569318056 0.318339676
0.524945498 0.020041022 -0.850899875 -0.253932238 -0.001783983 0.999746442 0.022446180 0.000920342 0.851134002 -0.010265027 0.524848163 0.332792580
0.478383958 0.024557279 -0.877807379 -0.283857048 0.000891336 0.999594867 0.028450131 0.001607056 0.878150403 -0.014392507 0.478168309 0.346760392
0.429673612 0.027826112 -0.902555525 -0.316583544 0.006125039 0.999412239 0.033728153 0.003006808 0.902963579 -0.020020286 0.429250687 0.360465229
0.379038692 0.031504419 -0.924844384 -0.350190282 0.010771786 0.999202311 0.038452107 0.003840207 0.925318122 -0.024537068 0.378397048 0.372990966
0.329628110 0.035797689 -0.943431914 -0.388853669 0.013631478 0.998996258 0.042668767 0.004707986 0.944012344 -0.026925199 0.328809321 0.383824795
0.278669685 0.039304890 -0.959582388 -0.428142667 0.019465031 0.998725772 0.046561010 0.005478879 0.960189641 -0.031653441 0.277549565 0.395024627
0.230366513 0.043009460 -0.972153068 -0.470937848 0.021040691 0.998569012 0.049164061 0.006752260 0.972876430 -0.031780522 0.229131982 0.403211743
0.185290217 0.041766636 -0.981795847 -0.515075862 0.024662051 0.998584032 0.047135189 0.010164106 0.982374310 -0.032946788 0.183997795 0.409867823
0.144438684 0.040713992 -0.988675833 -0.558999062 0.026381828 0.998639584 0.044978511 0.011862999 0.989161968 -0.032579713 0.143168062 0.415389180
0.109543547 0.039989285 -0.993177235 -0.607279480 0.025566358 0.998746455 0.043033391 0.014236483 0.993653119 -0.030105948 0.108383849 0.420420080
0.084225215 0.039396774 -0.995667577 -0.656752288 0.024745176 0.998827219 0.041615020 0.014861313 0.996139407 -0.028143007 0.083151557 0.421216637
0.061343879 0.036188804 -0.997460485 -0.707727075 0.026173612 0.998940468 0.037852183 0.017678479 0.997773468 -0.028429138 0.060331680 0.424668729
0.043971404 0.034415502 -0.998439789 -0.759256840 0.027294969 0.998992026 0.035636604 0.020508362 0.998659790 -0.028819378 0.042987715 0.426642478
0.030699857 0.035106357 -0.998911798 -0.814324319 0.028620506 0.998942196 0.035987020 0.020876810 0.999118805 -0.029694157 0.029662624 0.426320821
0.013541527 0.032894265 -0.999367058 -0.867807388 0.030745681 0.998972416 0.033297878 0.022380603 0.999435484 -0.031177133 0.012516260 0.429892421
0.001907928 0.029954584 -0.999549389 -0.926601768 0.032942723 0.999006867 0.030001203 0.023256231 0.999455512 -0.032985117 0.000919247 0.426342815
-0.012795335 0.026698496 -0.999561667 -0.984664202 0.032468885 0.999127388 0.026271261 0.025384769 0.999390841 -0.032118503 -0.013651042 0.425374895
-0.026296562 0.025332710 -0.999333084 -1.043149352 0.030113801 0.999245346 0.024538061 0.027331501 0.999200463 -0.029448457 -0.027039580 0.423220754
-0.034409985 0.026951250 -0.999044359 -1.107077479 0.026458824 0.999310493 0.026047111 0.026565243 0.999057472 -0.025537258 -0.035099361 0.419745088
-0.040673982 0.026437061 -0.998822629 -1.169796228 0.022435822 0.999422014 0.025539294 0.028005745 0.998920500 -0.021370623 -0.041243613 0.416640878
-0.041679353 0.026015464 -0.998792231 -1.235120177 0.019265510 0.999496043 0.025229847 0.029152585 0.998945296 -0.018190676 -0.042159546 0.411692381
-0.042129595 0.027255982 -0.998740375 -1.301128983 0.018855192 0.999471486 0.026480570 0.030214727 0.998934269 -0.017715825 -0.042621255 0.407395005
-0.045185935 0.028403742 -0.998574674 -1.370029569 0.020697081 0.999407828 0.027490882 0.031389222 0.998764217 -0.019425379 -0.045747045 0.406180561
-0.046600841 0.029086590 -0.998490036 -1.438921094 0.020199334 0.999399006 0.028170342 0.032534186 0.998709321 -0.018856071 -0.047160357 0.400642157
-0.049902614 0.029411033 -0.998320937 -1.509442329 0.021844039 0.999359429 0.028349720 0.033725459 0.998515129 -0.020392634 -0.050513104 0.395076424
-0.055610292 0.027504947 -0.998073637 -1.581686497 0.019886205 0.999452651 0.026434941 0.037493445 0.998254478 -0.018377837 -0.056126818 0.392025977
-0.059442777 0.028708775 -0.997818828 -1.655147910 0.021478711 0.999391735 0.027474485 0.036364853 0.998000622 -0.019798702 -0.060023241 0.386585832
-0.063323043 0.029077899 -0.997569323 -1.728351355 0.021664981 0.999379992 0.027755439 0.037627392 0.997757912 -0.019854760 -0.063913748 0.379344434
-0.069295108 0.031813297 -0.997088790 -1.805013418 0.021823637 0.999300659 0.030367177 0.039232612 0.997357428 -0.019655803 -0.069940925 0.375691324
-0.075337641 0.036924705 -0.996474206 -1.879870892 0.023354607 0.999105394 0.035256501 0.039587989 0.996884584 -0.020616123 -0.076132596 0.371296078
-0.078632012 0.038159288 -0.996173143 -1.958587885 0.023422135 0.999061942 0.036421150 0.042755555 0.996628463 -0.020468632 -0.079452023 0.363983780
-0.080571756 0.036941182 -0.996064007 -2.037275791 0.023501541 0.999105632 0.035152942 0.045695495 0.996471643 -0.020576702 -0.081367865 0.357214361
-0.080348894 0.035893813 -0.996120334 -2.114402294 0.021716986 0.999177217 0.034252230 0.046433389 0.996530294 -0.018880598 -0.081062295 0.350199461
-0.078749478 0.035628058 -0.996257544 -2.194823265 0.021696657 0.999185681 0.034017760 0.048423972 0.996658444 -0.018936580 -0.079458348 0.342833340
-0.078752212 0.036812667 -0.996214271 -2.275225401 0.023210762 0.999114752 0.035085004 0.051629864 0.996623993 -0.020359876 -0.079536967 0.336828470
-0.076968178 0.039345808 -0.996256888 -2.354113340 0.023191985 0.999021351 0.037663233 0.052865814 0.996763766 -0.020206308 -0.077805370 0.329327315
-0.077391773 0.041435115 -0.996139348 -2.433868170 0.024128357 0.998921275 0.039676249 0.054278247 0.996708751 -0.020964589 -0.078308061 0.324935734
-0.075754642 0.041716222 -0.996253490 -2.512036085 0.023845579 0.998914540 0.040014438 0.055821136 0.996841311 -0.020724962 -0.076667167 0.316125512
-0.075342290 0.042077582 -0.996269524 -2.590196848 0.025316561 0.998867929 0.040272776 0.056938201 0.996836305 -0.022187872 -0.076322265 0.309535325
-0.074385837 0.040452898 -0.996408701 -2.668809891 0.023638992 0.998967648 0.038792044 0.058794171 0.996949315 -0.020668520 -0.075265311 0.302847385
-0.074136004 0.037651345 -0.996537089 -2.747106791 0.023546916 0.999074519 0.035995468 0.060830627 0.996970177 -0.020796813 -0.074953958 0.296381801
-0.073457517 0.037824519 -0.996580780 -2.826546431 0.023066036 0.999077559 0.036219094 0.062157750 0.997031569 -0.020326601 -0.074262224 0.290252298
-0.073197648 0.040381189 -0.996499538 -2.903440714 0.022540541 0.998991609 0.038826466 0.063567214 0.997062683 -0.019619633 -0.074034058 0.284052730
-0.072185181 0.042326514 -0.996492684 -2.983714342 0.022198785 0.998919785 0.040821541 0.065041304 0.997144163 -0.019174220 -0.073046796 0.277132690
-0.072710223 0.039819881 -0.996557832 -3.062261343 0.022245519 0.999018788 0.038295146 0.067805357 0.997104943 -0.019384500 -0.073524691 0.272072613
-0.072560541 0.038612597 -0.996616244 -3.140218735 0.023275033 0.999043703 0.037012067 0.068195313 0.997092307 -0.020510660 -0.073389851 0.266258657
-0.073550403 0.038330059 -0.996554613 -3.216996908 0.023841916 0.999043107 0.036666133 0.068223692 0.997006476 -0.021062965 -0.074393876 0.261459559
-0.071228750 0.039312333 -0.996685028 -3.296368361 0.021395488 0.999053359 0.037876699 0.071387321 0.997230649 -0.018626651 -0.072002403 0.252939433
-0.072647043 0.041864470 -0.996478617 -3.374076605 0.020473221 0.998970807 0.040476590 0.073637761 0.997147560 -0.017460622 -0.073429368 0.248619422
-0.070299730 0.044455960 -0.996534765 -3.452029943 0.019353041 0.998879194 0.043195296 0.075145945 0.997338176 -0.016249366 -0.071081296 0.240123108
-0.070819244 0.042865161 -0.996567667 -3.528764009 0.016860887 0.998984933 0.041770950 0.077206753 0.997346699 -0.013844830 -0.071470082 0.234706908
-0.069690056 0.041771062 -0.996693730 -3.606041908 0.016520916 0.999034226 0.040713985 0.078264646 0.997431815 -0.013628935 -0.070312850 0.227466941
-0.070014469 0.041140452 -0.996697307 -3.681872845 0.015700143 0.999070883 0.040135548 0.080229141 0.997422397 -0.012838222 -0.070595339 0.221804500
-0.069327042 0.041991834 -0.996709824 -3.759409428 0.015248584 0.999041498 0.041029438 0.081920154 0.997477412 -0.012353966 -0.069900915 0.215441376
-0.068991564 0.043455034 -0.996670425 -3.834998608 0.016729880 0.998960733 0.042396821 0.083290830 0.997476935 -0.013749151 -0.069646880 0.208663851
-0.068636447 0.042687237 -0.996728003 -3.912826061 0.016636319 0.998994172 0.041638695 0.085522339 0.997503042 -0.013723955 -0.069277570 0.203249753
-0.067982785 0.041311026 -0.996830821 -3.988978863 0.019603541 0.999004781 0.040064186 0.086298496 0.997493923 -0.016817739 -0.068724975 0.196992755
-0.069102705 0.040337496 -0.996793687 -4.064002514 0.021698497 0.999006569 0.038922809 0.087887518 0.997373581 -0.018939253 -0.069909334 0.192446977
-0.070786111 0.041549332 -0.996625781 -4.139808178 0.024938686 0.998893499 0.039872576 0.088311434 0.997179747 -0.022032117 -0.071743973 0.187065333
-0.073064342 0.043483399 -0.996378839 -4.216511726 0.025812363 0.998796940 0.041696105 0.089008279 0.996993124 -0.022672398 -0.074098848 0.181166053
-0.076794893 0.044515830 -0.996052563 -4.289889812 0.026782887 0.998734355 0.042570744 0.090713888 0.996687114 -0.023407947 -0.077889971 0.175020993
-0.079963990 0.044311278 -0.995812356 -4.364725113 0.025230236 0.998781323 0.042417400 0.092916705 0.996478319 -0.021732716 -0.080984540 0.168695569
-0.082613133 0.043682694 -0.995623887 -4.440399170 0.022503894 0.998865902 0.041957658 0.094126962 0.996327698 -0.018939164 -0.083502464 0.161479503
-0.085272528 0.041760717 -0.995482087 -4.514365196 0.021046974 0.998973787 0.040104326 0.096386068 0.996135294 -0.017532090 -0.086063959 0.153687924
-0.087864101 0.041878834 -0.995251775 -4.589194775 0.021329561 0.998965919 0.040152077 0.097384311 0.995904088 -0.017700357 -0.088666514 0.146804094
-0.090247095 0.043123648 -0.994985342 -4.663212299 0.021181682 0.998919308 0.041372929 0.098687544 0.995694101 -0.017341679 -0.091063008 0.140102178
-0.091973215 0.043139197 -0.994826615 -4.737588406 0.021178799 0.998919904 0.041358687 0.101616681 0.995536208 -0.017265344 -0.092787512 0.132623941
-0.093889736 0.044098731 -0.994605482 -4.810637474 0.020345340 0.998894930 0.042368338 0.102775924 0.995374620 -0.016257636 -0.094683170 0.125678211
-0.095214792 0.044954568 -0.994441152 -4.883446217 0.021153135 0.998845577 0.043128327 0.104473069 0.995231986 -0.016929094 -0.096055798 0.117939830
-0.095694147 0.044706590 -0.994406283 -4.955187798 0.019229177 0.998887599 0.043057583 0.106876194 0.995225012 -0.015001256 -0.096447356 0.109758228
-0.095887676 0.045587096 -0.994347632 -5.028482437 0.019080997 0.998851359 0.043953542 0.108149216 0.995209277 -0.014758543 -0.096647374 0.102665812
-0.094916075 0.045826524 -0.994429886 -5.101446629 0.019174116 0.998838663 0.044199571 0.108808324 0.995300591 -0.014872066 -0.095684528 0.094604671
-0.093814820 0.044937942 -0.994574964 -5.171998501 0.017849345 0.998896182 0.043449517 0.110867091 0.995429635 -0.013676303 -0.094513372 0.087132335
-0.091790751 0.044962373 -0.994762719 -5.245052814 0.018682573 0.998881996 0.043424644 0.112911157 0.995603085 -0.014598747 -0.092528135 0.079647928
-0.089767747 0.045281082 -0.994932830 -5.316769600 0.022774970 0.998798192 0.043402135 0.113437727 0.995702207 -0.018763455 -0.090691134 0.073176563
-0.088026136 0.043352544 -0.995174348 -5.390014172 0.023992289 0.998854995 0.041390698 0.116063751 0.995829165 -0.020233044 -0.088965468 0.067006022
-0.085643478 0.042386804 -0.995423913 -5.462171555 0.028846961 0.998781264 0.040047847 0.117552511 0.995908082 -0.025285115 -0.086761832 0.060986131
-0.083876513 0.043663297 -0.995519102 -5.534080982 0.030617436 0.998680770 0.041222319 0.118604898 0.996005595 -0.027022652 -0.085102715 0.055064410
-0.081231147 0.044874448 -0.995684564 -5.605740070 0.030512717 0.998629689 0.042517856 0.121161275 0.996228099 -0.026927266 -0.082489088 0.048902720
-0.078616656 0.045802295 -0.995852113 -5.679481030 0.029250352 0.998619795 0.043620445 0.122955821 0.996475697 -0.025699733 -0.079847887 0.042096436
-0.076749407 0.046513550 -0.995964885 -5.748399734 0.028478226 0.998605967 0.044442352 0.124018043 0.996643722 -0.024952386 -0.077967033 0.036737084
-0.075690217 0.044749681 -0.996126711 -5.821304798 0.027109237 0.998715520 0.042806096 0.125940427 0.996762872 -0.023764232 -0.076806121 0.031013250
-0.073376380 0.041919842 -0.996422946 -5.893125057 0.026572706 0.998843670 0.040064871 0.128102288 0.996950209 -0.023537839 -0.074405462 0.024221241
-0.071545459 0.039307285 -0.996662438 -5.960578918 0.025394628 0.998971045 0.037575364 0.128815025 0.997114003 -0.022621535 -0.072470047 0.019508064
-0.070403598 0.037787490 -0.996802568 -6.033077240 0.027183538 0.998983741 0.035950217 0.130174190 0.997148156 -0.024565598 -0.071359247 0.014025718
-0.069923848 0.036813401 -0.996872723 -6.103931427 0.027084002 0.999020398 0.034992952 0.131492496 0.997184634 -0.024552468 -0.070852406 0.008239686
-0.068465784 0.038975343 -0.996891856 -6.172641277 0.027372979 0.998933792 0.037175216 0.132759064 0.997277856 -0.024742668 -0.069459654 0.003531396
-0.069018759 0.041193929 -0.996764600 -6.245193005 0.027177226 0.998853981 0.039398450 0.134472489 0.997245073 -0.024370065 -0.070059210 -0.001006484
-0.069324806 0.043638129 -0.996639252 -6.315219402 0.024176653 0.998822927 0.042052045 0.134823024 0.997301102 -0.021180155 -0.070298225 -0.007491618
-0.070149988 0.043943256 -0.996568024 -6.380710602 0.020950828 0.998873770 0.042570170 0.137164727 0.997316420 -0.017892633 -0.070991628 -0.012285024
-0.071114935 0.042912550 -0.996544540 -6.452194691 0.016268384 0.998991132 0.041856963 0.139047995 0.997335553 -0.013235515 -0.071741298 -0.017746806
-0.070734672 0.042320270 -0.996596932 -6.518266678 0.014501935 0.999037564 0.041394621 0.140424564 0.997389734 -0.011524550 -0.071280338 -0.025904834
-0.071864240 0.042109717 -0.996525049 -6.586737633 0.009609792 0.999091268 0.041525144 0.141452089 0.997368157 -0.006592225 -0.072203606 -0.029843062
-0.072031662 0.040661663 -0.996573150 -6.656072140 0.008609159 0.999156833 0.040144812 0.143135563 0.997365177 -0.005687959 -0.072320998 -0.036229283
-0.073354088 0.038299847 -0.996570230 -6.723944187 0.006835028 0.999258161 0.037900042 0.145391569 0.997282505 -0.004031464 -0.073561452 -0.041846067
-0.073967144 0.037584044 -0.996552229 -6.792503834 0.008350682 0.999277890 0.037067018 0.146641895 0.997225702 -0.005580148 -0.074227586 -0.046023965
-0.074701130 0.042889509 -0.996283233 -6.861648083 0.012729627 0.999034286 0.042053465 0.147450984 0.997124672 -0.009540874 -0.075174958 -0.051568896
-0.074952766 0.047219809 -0.996068478 -6.931313515 0.014891938 0.998819828 0.046229646 0.149953708 0.997075856 -0.011368348 -0.075567499 -0.058364600
-0.076551199 0.048767019 -0.995872319 -6.999094009 0.015933661 0.998735428 0.047682427 0.151361093 0.996938348 -0.012217743 -0.077231452 -0.062130392
-0.076868169 0.045065358 -0.996022344 -7.067447186 0.017985003 0.998878062 0.043806583 0.152697191 0.996879041 -0.014546128 -0.077592425 -0.069153160
-0.077844605 0.041548327 -0.996099353 -7.136837482 0.018587193 0.999018013 0.040217489 0.153977245 0.996792257 -0.015383978 -0.078540415 -0.073893994
-0.078492716 0.040048249 -0.996109962 -7.205011368 0.017929086 0.999087870 0.038755178 0.154978991 0.996753454 -0.014817342 -0.079139151 -0.079666108
-0.079086974 0.039168973 -0.996097982 -7.273739815 0.019018941 0.999105275 0.037777185 0.157253563 0.996686339 -0.015957044 -0.079761170 -0.085899919
-0.078864172 0.039631989 -0.996097326 -7.341763973 0.019928668 0.999072373 0.038172550 0.157400429 0.996686161 -0.016840443 -0.079580821 -0.091782361
-0.079397582 0.037229363 -0.996147573 -7.410759449 0.022223158 0.999120057 0.035569169 0.158882827 0.996595323 -0.019313434 -0.080155060 -0.097356290
-0.078860737 0.034752119 -0.996279716 -7.477676868 0.023970217 0.999169409 0.032955546 0.159497768 0.996597469 -0.021282140 -0.079628237 -0.103025198
-0.078052923 0.033862922 -0.996373892 -7.543737888 0.025646199 0.999160528 0.031948578 0.161273152 0.996619284 -0.023059526 -0.078855857 -0.108909726
-0.077139229 0.036532886 -0.996350706 -7.611520767 0.028501863 0.999000788 0.034423396 0.161466122 0.996612847 -0.025742464 -0.078103416 -0.114414692
-0.077350676 0.040053654 -0.996199012 -7.680058956 0.030492231 0.998820305 0.037791450 0.163200527 0.996537566 -0.027453141 -0.078480750 -0.117892951
-0.075667009 0.041389503 -0.996273696 -7.745305538 0.029216241 0.998801231 0.039275520 0.164273694 0.996705055 -0.026135514 -0.076785535 -0.124343872
-0.074447870 0.040256217 -0.996411920 -7.810331345 0.027735380 0.998881936 0.038283732 0.165503502 0.996839166 -0.024785720 -0.075481139 -0.130696207
-0.073578544 0.038310762 -0.996553183 -7.876266956 0.025539408 0.999006569 0.036519423 0.166966036 0.996962368 -0.022764336 -0.074483871 -0.135648370
-0.072824083 0.038779236 -0.996590614 -7.943807125 0.024164557 0.999019027 0.037107948 0.168343604 0.997052133 -0.021379819 -0.073689729 -0.140310258
-0.071396217 0.041141775 -0.996599197 -8.009979248 0.024668587 0.998916209 0.039470170 0.168873891 0.997142911 -0.021766674 -0.072333746 -0.146220863
-0.069899395 0.042544279 -0.996646404 -8.075090408 0.024614964 0.998859525 0.040912386 0.170007512 0.997250259 -0.021672662 -0.070866913 -0.151588649
-0.069129542 0.041780949 -0.996732354 -8.140184402 0.025660150 0.998866558 0.040090710 0.171732128 0.997277558 -0.022804853 -0.070123285 -0.156486154
-0.068675093 0.041649759 -0.996769249 -8.205636978 0.025085304 0.998884261 0.040009826 0.173025712 0.997323632 -0.022256585 -0.069643259 -0.160904974
-0.068226904 0.041233841 -0.996817470 -8.269834518 0.025165010 0.998898745 0.039597534 0.175240234 0.997352421 -0.022383310 -0.069189429 -0.165410489
-0.067766994 0.043007351 -0.996773779 -8.331624031 0.023292992 0.998866379 0.041514028 0.176198378 0.997429192 -0.020404560 -0.068691924 -0.170023054
-0.067155443 0.043563571 -0.996791005 -8.397276878 0.021979680 0.998868525 0.042173557 0.176884234 0.997500420 -0.019076968 -0.068036966 -0.174130440
-0.066422045 0.043996640 -0.996821225 -8.457324982 0.021826103 0.998852432 0.042631935 0.178020835 0.997552872 -0.018925022 -0.067306101 -0.178217351
-0.066326976 0.044870891 -0.996788442 -8.518700600 0.020429699 0.998840094 0.043603826 0.179599404 0.997588813 -0.017471978 -0.067166731 -0.181438416
-0.065872341 0.046622559 -0.996738255 -8.577983856 0.018357085 0.998795331 0.045505606 0.180354163 0.997659206 -0.015299647 -0.066648848 -0.187077343
-0.066999838 0.046956196 -0.996647358 -8.634484291 0.019285105 0.998766243 0.045759585 0.181561127 0.997566581 -0.016154569 -0.067822725 -0.190776646
-0.069529846 0.045550104 -0.996539414 -8.691248894 0.019441165 0.998829126 0.044298332 0.183366746 0.997390389 -0.016293827 -0.070333987 -0.194199622
-0.072241038 0.044903208 -0.996375918 -8.745409012 0.019310545 0.998861790 0.043615151 0.183720604 0.997200191 -0.016089760 -0.073025905 -0.200092375
-0.077283002 0.044781663 -0.996003032 -8.798254967 0.017560784 0.998897016 0.043549191 0.185144335 0.996854544 -0.014124980 -0.077984154 -0.203476816
-0.081892475 0.043777790 -0.995679319 -8.850397110 0.015709935 0.998967350 0.042630255 0.186439335 0.996517360 -0.012150957 -0.082495660 -0.207613587
-0.086217605 0.042681422 -0.995361686 -8.900159836 0.015664456 0.999016404 0.041481301 0.186812028 0.996153295 -0.012015378 -0.086801387 -0.214667380
-0.093271218 0.041630305 -0.994770110 -8.949800491 0.016635273 0.999051154 0.040249720 0.187302232 0.995501816 -0.012794130 -0.093875237 -0.219897628
-0.101650730 0.039914951 -0.994019091 -8.999474525 0.019193973 0.999087393 0.038155649 0.188298181 0.994634986 -0.015200625 -0.102324098 -0.225926042
-0.112827465 0.038753364 -0.992858648 -9.045142174 0.020811029 0.999112129 0.036632515 0.188587114 0.993396640 -0.016529258 -0.113533802 -0.231708348
-0.124944061 0.038339317 -0.991422713 -9.090670586 0.020810684 0.999134541 0.036014874 0.189074069 0.991945565 -0.016132340 -0.125633761 -0.237511992
-0.137172058 0.038031429 -0.989816844 -9.134459496 0.021223534 0.999146163 0.035448663 0.189808801 0.990319908 -0.016144844 -0.137862101 -0.245096445
-0.151010200 0.039042663 -0.987760901 -9.176473618 0.022629619 0.999094427 0.036030989 0.190070137 0.988273144 -0.016911605 -0.151756957 -0.252125263
-0.166417539 0.040330179 -0.985230207 -9.216574669 0.023617037 0.999039650 0.036906250 0.191313878 0.985772491 -0.017126370 -0.167210162 -0.259670138
-0.182572201 0.040799372 -0.982345581 -9.254874229 0.023471188 0.999034822 0.037130315 0.191327676 0.982912183 -0.016277853 -0.183353573 -0.268913746
-0.201500177 0.039311375 -0.978699267 -9.293070793 0.020878870 0.999139607 0.035833739 0.191895276 0.979265869 -0.013213632 -0.202147573 -0.277568817
-0.220779270 0.038828276 -0.974550545 -9.328562737 0.018453361 0.999194682 0.035629638 0.191556558 0.975149214 -0.010117444 -0.221317962 -0.288012385
-0.241281316 0.039779730 -0.969639480 -9.363895416 0.019605957 0.999155402 0.036111951 0.191839814 0.970257223 -0.010297570 -0.241857439 -0.298814654
-0.263166457 0.040388595 -0.963904560 -9.398220062 0.019658323 0.999140441 0.036497869 0.192547426 0.964550138 -0.009343732 -0.263734221 -0.310258865
-0.287013888 0.040096518 -0.957086802 -9.431440353 0.018846642 0.999166548 0.036207620 0.193344072 0.957741022 -0.007645783 -0.287530392 -0.320687056
-0.313207448 0.039776120 -0.948851347 -9.463953972 0.018620387 0.999187589 0.035739798 0.193501338 0.949502230 -0.006474010 -0.313693702 -0.332656145
-0.342133254 0.036694229 -0.938934684 -9.495423317 0.018385252 0.999307334 0.032354329 0.194565073 0.939471602 -0.006193059 -0.342570961 -0.345937252
-0.374902070 0.035854910 -0.926370740 -9.525141716 0.020729087 0.999326169 0.030289564 0.193810821 0.926832616 -0.007847203 -0.375392675 -0.359075785
-0.409470201 0.033492550 -0.911708534 -9.552623749 0.022404211 0.999393821 0.026651481 0.195186794 0.912048340 -0.009513123 -0.409972310 -0.373306751
-0.448143691 0.036221519 -0.893227458 -9.580074310 0.027179966 0.999269009 0.026885102 0.195125327 0.893548250 -0.012229506 -0.448800534 -0.389163494
-0.491981834 0.040550657 -0.869660616 -9.607435226 0.031544425 0.999089003 0.028740447 0.195358366 0.870033741 -0.013293166 -0.492812842 -0.406385660
-0.536030352 0.041076660 -0.843198776 -9.632671356 0.030698419 0.999103367 0.029156288 0.196130812 0.843640387 -0.010256212 -0.536810696 -0.424628258
-0.579427361 0.039290391 -0.814076304 -9.656297684 0.026825018 0.999215543 0.029132921 0.194994047 0.814582288 -0.004957200 -0.580026805 -0.443601608
-0.621812761 0.035266034 -0.782371581 -9.678747177 0.025456496 0.999367833 0.024815029 0.196361616 0.782752216 -0.004486133 -0.622317433 -0.463369846
-0.662197709 0.035096981 -0.748506784 -9.702602386 0.029193692 0.999352455 0.021031562 0.196760699 0.748760343 -0.007924622 -0.662793517 -0.486970425
-0.700657785 0.037739418 -0.712498665 -9.723992348 0.034538560 0.999223471 0.018962003 0.196735755 0.712661028 -0.011322799 -0.701417208 -0.509251118
-0.736578822 0.035952307 -0.675395370 -9.743871689 0.030237839 0.999338210 0.020219214 0.196626633 0.675675452 -0.005529451 -0.737178564 -0.533956528
-0.770426512 0.031259708 -0.636761904 -9.761272430 0.022524383 0.999508202 0.021814989 0.196447819 0.637130678 0.002464178 -0.770751834 -0.559946537
-0.802241445 0.028531119 -0.596317530 -9.776925087 0.018088648 0.999560416 0.023489358 0.197203159 0.596725523 0.008057560 -0.802405000 -0.586489201
-0.832651258 0.032263570 -0.552856863 -9.794096947 0.019254129 0.999384522 0.029323548 0.197376892 0.553462625 0.013771511 -0.832760036 -0.614329338
-0.859922826 0.037385859 -0.509052992 -9.808912277 0.022559799 0.999123156 0.035268217 0.197742507 0.509925067 0.018843809 -0.860012352 -0.642389297
-0.884819388 0.037881691 -0.464391500 -9.822863579 0.021614611 0.998953581 0.040304396 0.198288903 0.465432256 0.025624475 -0.884712398 -0.672684193
-0.906965733 0.029623337 -0.420161456 -9.831502914 0.011453802 0.998889446 0.045702040 0.198780864 0.421048701 0.036637738 -0.906297803 -0.702612400
-0.926695645 0.025166648 -0.374969214 -9.841134071 0.008697732 0.998924255 0.045548879 0.200579375 0.375712097 0.038948569 -0.925917685 -0.734064102
-0.944121778 0.024838803 -0.328659534 -9.849456787 0.010965563 0.998971403 0.043998208 0.200486004 0.329414308 0.037935726 -0.943422973 -0.764341593
-0.957536519 0.024823332 -0.287241369 -9.856070518 0.013348150 0.999035180 0.041839514 0.201277167 0.288002789 0.036228724 -0.956943929 -0.795701742
-0.968464851 0.024112228 -0.247980744 -9.862995148 0.014576459 0.999084592 0.040218312 0.202218860 0.248723492 0.035335347 -0.967929780 -0.827860355
-0.977054954 0.019051800 -0.212133706 -9.867610931 0.010952417 0.999167800 0.039290458 0.203194022 0.212705716 0.036065564 -0.976450503 -0.860701084
-0.983838201 0.012334910 -0.178634301 -9.871597290 0.005697884 0.999275863 0.037619777 0.204264402 0.178968981 0.035993937 -0.983196080 -0.894212723
-0.988489449 0.011125721 -0.150880128 -9.875215530 0.005586046 0.999296367 0.037089992 0.205087811 0.151186630 0.035820238 -0.987856030 -0.927747488
-0.991595507 0.009931167 -0.128995150 -9.878860474 0.005069089 0.999266207 0.037965719 0.205517948 0.129277527 0.036992744 -0.990918100 -0.963864088
-0.994047463 0.009621984 -0.108521506 -9.881495476 0.005482380 0.999248266 0.038379520 0.206651539 0.108809195 0.037556112 -0.993352890 -0.999528289
