0.999387503 0.003770850 -0.034790587 -0.003208399 -0.003833917 0.999991059 -0.001746242 -0.000401476 0.034783687 0.001878557 0.999393106 0.042180851
0.999118805 0.004979676 -0.041675154 -0.004077420 -0.004998739 0.999987423 -0.000353225 -0.000704826 0.041672882 0.000561237 0.999131083 0.047375876
0.998733759 0.006470621 -0.049889721 -0.003942084 -0.006431054 0.999978840 0.000953600 -0.001467260 0.049894832 -0.000631550 0.998754203 0.052101556
0.998487413 0.007092344 -0.054520793 -0.004467024 -0.007064241 0.999974728 0.000708150 -0.001085330 0.054524437 -0.000321931 0.998512387 0.055643700
0.998237014 0.006988763 -0.058940560 -0.004752592 -0.007004125 0.999975443 -0.000054040 -0.001060562 0.058938723 0.000466772 0.998261631 0.058344662
0.998037100 0.007108057 -0.062220939 -0.005064668 -0.007127743 0.999974608 -0.000094427 -0.001106331 0.062218685 0.000537737 0.998062372 0.060499553
0.997894824 0.006772485 -0.064498387 -0.005280791 -0.006819365 0.999976575 -0.000506731 -0.000904824 0.064493455 0.000945502 0.997917652 0.061918654
0.997734845 0.007317646 -0.066870920 -0.005000021 -0.007374451 0.999972641 -0.000602657 -0.001211246 0.066864684 0.001094428 0.997761488 0.062821232
0.997702181 0.007575999 -0.067327626 -0.004964962 -0.007621734 0.999970853 -0.000422448 -0.001100194 0.067322463 0.000934631 0.997730851 0.063035831
0.997701585 0.007577772 -0.067336127 -0.005244209 -0.007611363 0.999971032 -0.000242308 -0.001335219 0.067332335 0.000754271 0.997730315 0.063230149
0.997702539 0.006778833 -0.067407981 -0.005253060 -0.006872789 0.999975681 -0.001162018 -0.001252069 0.067398459 0.001622629 0.997724831 0.063009478
0.997690856 0.006300348 -0.067625336 -0.005148572 -0.006479830 0.999976039 -0.002435054 -0.001191351 0.067608356 0.002867633 0.997707844 0.062762827
0.997709632 0.006676746 -0.067312106 -0.005153895 -0.006892100 0.999971747 -0.002967603 -0.001237279 0.067290418 0.003424727 0.997727573 0.062788025
0.997703075 0.006861934 -0.067389525 -0.005178817 -0.007053341 0.999971688 -0.002602797 -0.001087684 0.067369752 0.003072140 0.997723341 0.062942460
0.997690141 0.006686251 -0.067598946 -0.005137820 -0.006916353 0.999971032 -0.003170453 -0.001048588 0.067575775 0.003630668 0.997707546 0.062634289
0.997727513 0.006670701 -0.067046650 -0.005427340 -0.006889671 0.999971628 -0.003035204 -0.001041135 0.067024507 0.003490236 0.997745216 0.062757887
0.997722030 0.006760011 -0.067119345 -0.005505695 -0.006958152 0.999972045 -0.002718731 -0.001018183 0.067099102 0.003179565 0.997741222 0.062804364
0.997689605 0.006700648 -0.067605443 -0.005015946 -0.006922673 0.999971330 -0.003050379 -0.001106696 0.067583069 0.003511341 0.997707486 0.062839560
0.997681916 0.006733951 -0.067715645 -0.004998992 -0.006948645 0.999971569 -0.002935473 -0.001102795 0.067693964 0.003399200 0.997700334 0.062882707
0.997689366 0.006491276 -0.067629538 -0.005266353 -0.006687401 0.999974072 -0.002674005 -0.001203356 0.067610420 0.003120092 0.997706831 0.062972471
0.997690201 0.006553151 -0.067610972 -0.005267885 -0.006760896 0.999973118 -0.002844290 -0.001163801 0.067590505 0.003294831 0.997707605 0.062855646
0.997684538 0.006554021 -0.067695245 -0.005376544 -0.006777259 0.999972343 -0.003068541 -0.000897618 0.067673258 0.003520224 0.997701347 0.062847577
0.997667730 0.006540732 -0.067944013 -0.005315260 -0.006771338 0.999972105 -0.003164323 -0.000869555 0.067921422 0.003617015 0.997684121 0.062680066
0.997661114 0.006531498 -0.068041064 -0.005372050 -0.006753319 0.999972582 -0.003030620 -0.000945209 0.068019390 0.003483035 0.997677922 0.062988244
0.997660577 0.006411343 -0.068059608 -0.005358578 -0.006626123 0.999973714 -0.002930484 -0.000985547 0.068039022 0.003374601 0.997676969 0.062977761
0.997661591 0.006425069 -0.068043999 -0.005500899 -0.006640374 0.999973655 -0.002938500 -0.001004048 0.068023317 0.003383466 0.997677982 0.063041337
0.997651637 0.006221070 -0.068210334 -0.005464154 -0.006437103 0.999974906 -0.002947817 -0.000969960 0.068190292 0.003379971 0.997666538 0.062902704
0.997638702 0.006116569 -0.068407990 -0.005527614 -0.006317555 0.999976456 -0.002722118 -0.001154375 0.068389736 0.003147862 0.997653723 0.062978886
0.997616410 0.006063015 -0.068737134 -0.005573283 -0.006269398 0.999976456 -0.002787152 -0.001167270 0.068718620 0.003211449 0.997630835 0.063097730
0.997613549 0.005985626 -0.068786509 -0.005726718 -0.006195426 0.999976754 -0.002837070 -0.001103829 0.068767942 0.003256461 0.997627378 0.062920034
0.997586012 0.005916601 -0.069189779 -0.005724968 -0.006128529 0.999977052 -0.002851133 -0.001139673 0.069171332 0.003268282 0.997599483 0.063133799
0.997533262 0.005706990 -0.069962740 -0.005554623 -0.005918209 0.999978542 -0.002812098 -0.001228205 0.069945194 0.003219216 0.997545660 0.062951289
0.997516513 0.005535368 -0.070214711 -0.005493151 -0.005742751 0.999979675 -0.002752039 -0.001218355 0.070198067 0.003148430 0.997528136 0.062826909
0.997520328 0.005492607 -0.070163213 -0.005494749 -0.005714958 0.999979258 -0.002968708 -0.001031172 0.070145443 0.003362327 0.997531116 0.062958062
0.997518003 0.005301269 -0.070210598 -0.005510645 -0.005523005 0.999980330 -0.002964406 -0.001033431 0.070193499 0.003344822 0.997527778 0.062953487
0.997498691 0.005344403 -0.070482850 -0.005578903 -0.005551845 0.999980807 -0.002747578 -0.001183559 0.070466831 0.003132015 0.997509181 0.062961213
0.997495651 0.005267788 -0.070530735 -0.005639232 -0.005471042 0.999981463 -0.002688918 -0.001200759 0.070515260 0.003068061 0.997505963 0.063119166
0.997477829 0.005133120 -0.070793070 -0.005462521 -0.005353327 0.999981403 -0.002921203 -0.001018536 0.070776761 0.003292813 0.997486770 0.062910028
0.997462928 0.005125566 -0.071003422 -0.005476101 -0.005345023 0.999981523 -0.002901128 -0.001023405 0.070987239 0.003273283 0.997471929 0.062943593
0.997467995 0.005134187 -0.070932865 -0.005602097 -0.005343594 0.999981880 -0.002762743 -0.001122467 0.070917398 0.003134784 0.997477233 0.062714346
0.997449875 0.005108198 -0.071186721 -0.005611628 -0.005317419 0.999982059 -0.002749864 -0.001128244 0.071171395 0.003121381 0.997459233 0.062805951
0.997454524 0.004951716 -0.071132950 -0.005677467 -0.005163433 0.999982774 -0.002792777 -0.001136547 0.071117893 0.003152959 0.997462928 0.062896930
0.997447848 0.004995572 -0.071223125 -0.005647672 -0.005206723 0.999982595 -0.002779289 -0.001127090 0.071208015 0.003143036 0.997456491 0.062827900
0.997441828 0.004960598 -0.071309738 -0.005624460 -0.005166054 0.999983013 -0.002697035 -0.001218332 0.071295165 0.003058526 0.997450590 0.062967107
0.997434556 0.004997686 -0.071409322 -0.005669544 -0.005203149 0.999982834 -0.002691524 -0.001211051 0.071394637 0.003056173 0.997443497 0.062889807
0.997408450 0.004822860 -0.071785629 -0.005578165 -0.005039458 0.999983251 -0.002836474 -0.001037944 0.071770757 0.003190884 0.997416019 0.062860645
0.997402251 0.004695523 -0.071880169 -0.005587883 -0.004908149 0.999984026 -0.002781741 -0.001043852 0.071865946 0.003127313 0.997409403 0.062888585
0.997406542 0.004741680 -0.071817473 -0.005696500 -0.004940833 0.999984443 -0.002595638 -0.001219341 0.071804047 0.002943744 0.997414410 0.062922701
0.997396827 0.004626294 -0.071960025 -0.005724284 -0.004818019 0.999985337 -0.002490970 -0.001258458 0.071947448 0.002831191 0.997404337 0.062929645
0.997410655 0.004750790 -0.071758956 -0.005893739 -0.004949070 0.999984324 -0.002585582 -0.001201225 0.071745552 0.002934027 0.997418582 0.062901504
0.997403681 0.004774462 -0.071853995 -0.005859065 -0.004969884 0.999984384 -0.002541163 -0.001210962 0.071840741 0.002891672 0.997411847 0.062911771
0.997408688 0.004663781 -0.071792312 -0.005896832 -0.004859824 0.999984920 -0.002556256 -0.001199238 0.071779318 0.002898530 0.997416317 0.063058965
0.997406244 0.004707392 -0.071823426 -0.005866731 -0.004905068 0.999984622 -0.002576120 -0.001183488 0.071810186 0.002921737 0.997414052 0.063021131
0.997405946 0.004626931 -0.071833275 -0.005903293 -0.004815409 0.999985397 -0.002450871 -0.001243682 0.071820870 0.002790419 0.997413635 0.063020416
0.997408807 0.004725492 -0.071787596 -0.005907965 -0.004918126 0.999984801 -0.002506855 -0.001243889 0.071774639 0.002853419 0.997416794 0.063045412
0.997406244 0.004619653 -0.071829244 -0.005930191 -0.004816625 0.999985218 -0.002569250 -0.001183475 0.071816303 0.002908560 0.997413635 0.063024484
0.997410953 0.004590987 -0.071765408 -0.005936884 -0.004787226 0.999985218 -0.002562683 -0.001176569 0.071752571 0.002899606 0.997418225 0.063005850
0.997406065 0.004666617 -0.071828626 -0.005935512 -0.004862219 0.999984920 -0.002548565 -0.001183989 0.071815655 0.002891201 0.997413695 0.063012213
0.997407436 0.004657053 -0.071810439 -0.005928981 -0.004850731 0.999985039 -0.002522905 -0.001227954 0.071797617 0.002864697 0.997415125 0.063040994
0.997405231 0.004704401 -0.071837999 -0.005918657 -0.004896673 0.999984860 -0.002500592 -0.001231699 0.071825154 0.002845870 0.997413158 0.062993169
0.997402012 0.004776767 -0.071876928 -0.005828787 -0.004984951 0.999983847 -0.002717288 -0.001065609 0.071862772 0.003068531 0.997409761 0.062844709
0.997354984 0.004836972 -0.072522610 -0.005896904 -0.005057731 0.999983072 -0.002860663 -0.001069347 0.072507538 0.003219896 0.997362614 0.062884852
0.997195661 0.004833801 -0.074682236 -0.006158696 -0.005095191 0.999981523 -0.003309920 -0.000980579 0.074664861 0.003681158 0.997201800 0.062906966
0.997055292 0.005487331 -0.076489925 -0.006322411 -0.005792254 0.999976158 -0.003765172 -0.000847766 0.076467432 0.004197134 0.997063220 0.063360788
0.996800959 0.006051679 -0.079693452 -0.006578704 -0.006379716 0.999972165 -0.003862276 -0.000891647 0.079667866 0.004358343 0.996811926 0.063954867
0.996366799 0.005769038 -0.084970146 -0.006874212 -0.006074694 0.999975979 -0.003339099 -0.001248584 0.084948838 0.003843135 0.996377885 0.065227643
0.995953083 0.006026287 -0.089672722 -0.007525436 -0.006363104 0.999973714 -0.003470662 -0.001107728 0.089649461 0.004027213 0.995965183 0.065789506
0.995210767 0.006782256 -0.097516693 -0.007226002 -0.007138551 0.999969065 -0.003305250 -0.001124389 0.097491257 0.003985548 0.995228410 0.067897789
0.994666636 0.007164108 -0.102893159 -0.008929244 -0.007517515 0.999967098 -0.003047324 -0.001142833 0.102867931 0.003804572 0.994687736 0.068676792
0.993743658 0.007460790 -0.111435898 -0.010200642 -0.007836375 0.999965012 -0.002932797 -0.001268993 0.111410111 0.003787703 0.993767262 0.070278831
0.992581010 0.007647324 -0.121344596 -0.010602180 -0.008047853 0.999963641 -0.002810997 -0.001079725 0.121318705 0.003766706 0.992606461 0.072178766
0.991373360 0.008222978 -0.130810082 -0.012676173 -0.008579101 0.999960840 -0.002159133 -0.001360018 0.130787224 0.003262740 0.991405129 0.073757321
0.989248216 0.008246108 -0.146013424 -0.011333806 -0.008665554 0.999959946 -0.002236808 -0.001130973 0.145989090 0.003478046 0.989280105 0.077316195
0.987242460 0.008667373 -0.158987805 -0.012566622 -0.009096731 0.999956667 -0.001972984 -0.001247421 0.158963814 0.003394082 0.987278640 0.079739071
0.985153258 0.009139399 -0.171433538 -0.014866059 -0.009634239 0.999951422 -0.002054719 -0.001709720 0.171406433 0.003675846 0.985193431 0.082572483
0.982014298 0.009808956 -0.188551530 -0.015391893 -0.010755760 0.999934077 -0.003998917 -0.001398204 0.188499898 0.005955008 0.982055068 0.086408868
0.978673995 0.010778607 -0.205136612 -0.017701020 -0.012091068 0.999913633 -0.005145538 -0.001838663 0.205063403 0.007516126 0.978719950 0.089925729
0.974731565 0.012401938 -0.223034978 -0.019784858 -0.013992948 0.999886632 -0.005554451 -0.001799208 0.222940803 0.008535014 0.974794626 0.095200866
0.970322728 0.013314061 -0.241446495 -0.021957189 -0.014777672 0.999881685 -0.004251978 -0.001821244 0.241361335 0.007693807 0.970404863 0.101307988
0.965727091 0.012531658 -0.259257019 -0.025313120 -0.013699410 0.999902546 -0.002697923 -0.001612546 0.259197921 0.006157125 0.965804577 0.107346229
0.960006058 0.011725107 -0.279733866 -0.028589480 -0.012507927 0.999921203 -0.001013459 -0.001566453 0.279699951 0.004471817 0.960076988 0.114930198
0.953229964 0.013226797 -0.301956177 -0.032522008 -0.013466751 0.999908626 0.001287186 -0.001820280 0.301945597 0.002839384 0.953321040 0.123475693
0.945524096 0.015960410 -0.325160563 -0.036876395 -0.015332710 0.999872386 0.004492944 -0.001500058 0.325190842 0.000737407 0.945648134 0.132571086
0.937084377 0.016338741 -0.348720402 -0.041706294 -0.014612877 0.999864519 0.007579219 -0.001757248 0.348796993 -0.002006559 0.937196136 0.141294509
0.927440822 0.015568420 -0.373645931 -0.046607699 -0.013132195 0.999872744 0.009065015 -0.001637255 0.373739511 -0.003500473 0.927527130 0.151259363
0.916477859 0.015548781 -0.399783254 -0.052249711 -0.011369159 0.999853134 0.012824237 -0.002103339 0.399923950 -0.007207928 0.916519940 0.161301062
0.903764427 0.015899511 -0.427734673 -0.058919221 -0.009890719 0.999818742 0.016266506 -0.001842664 0.427915752 -0.010470488 0.903757989 0.171642452
0.888438702 0.016444059 -0.458700687 -0.066116482 -0.009346611 0.999798894 0.017738936 -0.001101148 0.458900124 -0.011472666 0.888413787 0.183164164
0.870785177 0.016550936 -0.491385102 -0.074731439 -0.008608691 0.999793231 0.018419761 -0.001501872 0.491588324 -0.011809474 0.870747685 0.193507284
0.849515080 0.018164054 -0.527251542 -0.083860472 -0.010350949 0.999788582 0.017765580 -0.001381322 0.527462780 -0.009634571 0.849523544 0.204558939
0.824758828 0.020800434 -0.565101981 -0.094413772 -0.013184732 0.999758899 0.017556472 -0.001714140 0.565330923 -0.007029139 0.824834347 0.216610625
0.796088398 0.021719003 -0.604790509 -0.107291698 -0.013990184 0.999749184 0.017487263 -0.001573662 0.605018735 -0.005460277 0.796192586 0.230061322
0.763039351 0.017848780 -0.646105528 -0.121744394 -0.009590712 0.999821365 0.016293777 -0.001345534 0.646280885 -0.006236181 0.763074100 0.245035574
0.727575839 0.013787066 -0.685888708 -0.138335988 -0.005898784 0.999886811 0.013841448 -0.000727367 0.686002016 -0.006024792 0.727574706 0.259407073
0.690663517 0.012904925 -0.723061025 -0.157050699 -0.005756909 0.999907255 0.012347007 -0.000448217 0.723153353 -0.004365032 0.690673649 0.274045110
0.650802135 0.013202999 -0.759132564 -0.177577168 -0.005335470 0.999903560 0.012816460 0.000259203 0.759228647 -0.004290650 0.650809884 0.289946944
0.609767795 0.013177734 -0.792470634 -0.201371491 -0.003139065 0.999894083 0.014211553 0.000668502 0.792573929 -0.006178130 0.609744489 0.305621505
0.567418218 0.014262073 -0.823306203 -0.227336586 -0.001012674 0.999861240 0.016622594 0.001446182 0.823429167 -0.008598221 0.567353964 0.319854498
0.522692680 0.018486327 -0.852320850 -0.256169379 -0.000614283 0.999772727 0.021307759 0.001710623 0.852521002 -0.010613842 0.522585273 0.334977508
0.474617302 0.022863606 -0.879895210 -0.286669433 0.002236246 0.999628007 0.027181035 0.002297001 0.880189419 -0.014868251 0.474389642 0.350599438
0.425615877 0.025643099 -0.904540539 -0.318804026 0.007474051 0.999464750 0.031850919 0.003934114 0.904873013 -0.020316839 0.425196409 0.364187479
0.374661386 0.029369615 -0.926696420 -0.354399443 0.012805087 0.999238908 0.036845759 0.004425798 0.927073359 -0.025671113 0.374000192 0.377267540
0.323524922 0.034406640 -0.945593894 -0.391703010 0.016233649 0.998989761 0.041903682 0.004892655 0.946080446 -0.028907325 0.322639465 0.388909966
0.273874730 0.037367292 -0.961039186 -0.432509422 0.021083176 0.998771667 0.044842642 0.006669993 0.961534202 -0.032543030 0.272750437 0.398657233
0.224368721 0.040388733 -0.973666906 -0.474249780 0.023245571 0.998634636 0.046781048 0.008001810 0.974226952 -0.033129651 0.223123506 0.407489836
0.177834034 0.039641269 -0.983261704 -0.517567396 0.028454274 0.998563349 0.045404453 0.010105517 0.983649075 -0.036052447 0.176450551 0.415141404
0.139150590 0.038944419 -0.989505172 -0.562319219 0.030540152 0.998582304 0.043596428 0.011591054 0.989800215 -0.036286112 0.137763917 0.418858647
0.105122238 0.039111067 -0.993689954 -0.610401750 0.028976595 0.998681605 0.042372968 0.013436261 0.994037151 -0.033248089 0.103850320 0.422719121
0.076639861 0.035959184 -0.996410251 -0.658346593 0.029482763 0.998830676 0.038314234 0.015676375 0.996622860 -0.032313317 0.075490072 0.426288754
0.056320205 0.034343991 -0.997821867 -0.710844219 0.030796669 0.998872876 0.036118418 0.017123539 0.997937679 -0.032763787 0.055199038 0.426833570
0.039439440 0.034149960 -0.998638153 -0.763257682 0.032577638 0.998840570 0.035443470 0.018325778 0.998690724 -0.033931144 0.038281195 0.428558618
0.023992222 0.032346182 -0.999188721 -0.819401979 0.034150638 0.998866558 0.033155769 0.020688169 0.999128699 -0.034918413 0.022860389 0.429612994
0.010290488 0.030543931 -0.999480367 -0.875621200 0.036191598 0.998867095 0.030897813 0.021641281 0.999291897 -0.036490742 0.009173396 0.429590762
-0.004424664 0.026834447 -0.999630094 -0.933062315 0.038009308 0.998922169 0.026647197 0.023158494 0.999267519 -0.037877344 -0.005439852 0.428558975
-0.017720904 0.024885729 -0.999533236 -0.992518544 0.037500564 0.999003470 0.024207681 0.023964612 0.999139428 -0.037054077 -0.018636473 0.426103681
-0.030297060 0.024152219 -0.999249101 -1.053184867 0.034737322 0.999129593 0.023096099 0.024868164 0.998937070 -0.034011498 -0.031109670 0.423726797
-0.040508233 0.023585167 -0.998900771 -1.114684224 0.030848755 0.999274254 0.022342980 0.026249025 0.998702884 -0.029909780 -0.041206416 0.421149522
-0.045350377 0.025084849 -0.998656154 -1.180431843 0.026199112 0.999370635 0.023913061 0.025126461 0.998627543 -0.025079438 -0.045979042 0.415366173
-0.047863491 0.022997228 -0.998589218 -1.244553566 0.023936762 0.999474227 0.021870298 0.028297082 0.998567164 -0.022856196 -0.048388805 0.413155019
-0.048207011 0.023024291 -0.998571932 -1.309858441 0.021937348 0.999517620 0.021987045 0.030388754 0.998596489 -0.020846093 -0.048688848 0.408918411
-0.049488906 0.024461435 -0.998475015 -1.378464580 0.023618679 0.999449134 0.023314649 0.031589553 0.998495400 -0.022428846 -0.050039392 0.405392796
-0.053264137 0.024175558 -0.998287737 -1.447682858 0.025624935 0.999410868 0.022835523 0.032595713 0.998251557 -0.024364743 -0.053852253 0.402459025
-0.057434075 0.025919933 -0.998012781 -1.519845605 0.025014935 0.999386430 0.024516039 0.033114918 0.998035848 -0.023557169 -0.058047228 0.398208678
-0.062648185 0.024365526 -0.997738183 -1.592795372 0.024380703 0.999440968 0.022876238 0.035759524 0.997737825 -0.022892406 -0.063207209 0.394379705
-0.065796949 0.024720298 -0.997526705 -1.665432453 0.024672126 0.999427736 0.023140030 0.036149293 0.997528076 -0.023088556 -0.066369213 0.387779593
-0.071397312 0.024825757 -0.997138977 -1.739254594 0.024889601 0.999423206 0.023100482 0.037429906 0.997137368 -0.023169076 -0.071974032 0.383174896
-0.077041164 0.027791824 -0.996640503 -1.815105557 0.024768807 0.999356270 0.025952905 0.038286615 0.996720195 -0.022686154 -0.077679940 0.378046870
-0.081929237 0.031273242 -0.996147335 -1.891665697 0.027113317 0.999207556 0.029139347 0.040198453 0.996269286 -0.024621492 -0.082712233 0.372367203
-0.086500145 0.034069229 -0.995669127 -1.971087337 0.026858157 0.999131501 0.031854365 0.041115720 0.995889723 -0.023986435 -0.087340064 0.364703059
-0.088218369 0.033480201 -0.995538294 -2.048079252 0.027432987 0.999137402 0.031170307 0.042660531 0.995723307 -0.024560792 -0.089060739 0.357937813
-0.088599220 0.031727791 -0.995561898 -2.127497435 0.025894471 0.999228060 0.029540174 0.044240244 0.995730758 -0.023162309 -0.089352407 0.351233006
-0.086991437 0.031109992 -0.995723188 -2.207811594 0.026149357 0.999239147 0.028935306 0.045726448 0.995865941 -0.023520391 -0.087738752 0.343393207
-0.085580319 0.033611119 -0.995764196 -2.288948774 0.026541106 0.999153018 0.031444453 0.047282629 0.995977700 -0.023737658 -0.086399913 0.335639954
-0.085252076 0.036278926 -0.995698690 -2.371443748 0.027761459 0.999035358 0.034023549 0.048443474 0.995972574 -0.024741469 -0.086176984 0.329229921
-0.084250897 0.037203442 -0.995749831 -2.448547602 0.030482791 0.998931289 0.034743138 0.049734540 0.995978117 -0.027426092 -0.085294910 0.321643651
-0.081761248 0.038216755 -0.995918930 -2.528976202 0.029557861 0.998917997 0.035905249 0.050772108 0.996213496 -0.026501575 -0.082802378 0.312590539
-0.083054744 0.037976708 -0.995821059 -2.607723951 0.030902050 0.998891234 0.035516456 0.052546922 0.996065736 -0.027823104 -0.084136218 0.307733238
-0.081831403 0.037426755 -0.995943189 -2.686302185 0.030089609 0.998931885 0.035066769 0.052626193 0.996191859 -0.027097978 -0.082870148 0.299759477
-0.081515267 0.033982847 -0.996092498 -2.764780998 0.030321430 0.999040484 0.031602059 0.055412009 0.996210694 -0.027626900 -0.082467452 0.292949557
-0.081867605 0.034180492 -0.996057034 -2.845100880 0.029334556 0.999061346 0.031872533 0.055841718 0.996211410 -0.026609562 -0.082793437 0.287566960
-0.081001900 0.036690064 -0.996038437 -2.925225496 0.028717944 0.998993278 0.034463447 0.057050705 0.996300101 -0.025812572 -0.081974022 0.280621767
-0.080304809 0.038496219 -0.996026635 -3.004259825 0.029035430 0.998920381 0.036267072 0.058111377 0.996347368 -0.026007645 -0.081335858 0.273235708
-0.079543397 0.037478168 -0.996126533 -3.082906485 0.029189382 0.998952091 0.035253622 0.058675155 0.996403992 -0.026272129 -0.080554001 0.266367316
-0.079454958 0.034507453 -0.996241033 -3.161834717 0.028913964 0.999059856 0.032299064 0.061272480 0.996419013 -0.026238954 -0.080378026 0.259829104
-0.079754099 0.033072989 -0.996265769 -3.239776611 0.029044788 0.999102056 0.030842021 0.062454097 0.996391356 -0.026476547 -0.080643095 0.253802091
-0.078849927 0.035736315 -0.996245742 -3.319149733 0.027654571 0.999051034 0.033648167 0.062889062 0.996502817 -0.024897594 -0.079763383 0.246467650
-0.077989966 0.038740244 -0.996201158 -3.397631884 0.026929799 0.998961926 0.036739346 0.064454094 0.996590316 -0.023962202 -0.078952290 0.239451349
-0.078176789 0.041478395 -0.996076226 -3.476812601 0.025546679 0.998889387 0.039590511 0.065310128 0.996612132 -0.022351382 -0.079149581 0.233634144
-0.076344118 0.039207269 -0.996310353 -3.555339813 0.021973124 0.999050081 0.037631352 0.067897663 0.996839345 -0.019019118 -0.077133112 0.224955767
-0.077804372 0.038087960 -0.996240854 -3.631886721 0.021731548 0.999097288 0.036499977 0.068745643 0.996731699 -0.018809998 -0.078561857 0.220509768
-0.076824762 0.037470188 -0.996340275 -3.709237099 0.021979162 0.999114335 0.035879768 0.069840536 0.996802330 -0.019142270 -0.077580281 0.212705165
-0.076638065 0.038251467 -0.996324956 -3.787496805 0.020851195 0.999106705 0.036754381 0.071595952 0.996840954 -0.017957781 -0.077367209 0.206553578
-0.076320827 0.039822470 -0.996287704 -3.864107847 0.021895774 0.999028087 0.038254678 0.072827004 0.996842921 -0.018894864 -0.077118590 0.199749619
-0.076120093 0.039441708 -0.996318281 -3.941823721 0.022958184 0.999021709 0.037794691 0.073920652 0.996834338 -0.019996719 -0.076951139 0.193707913
-0.075541928 0.037725668 -0.996428728 -4.018205166 0.025541343 0.999029338 0.035887770 0.074875869 0.996815443 -0.022739097 -0.076432161 0.187269092
-0.079094365 0.036577366 -0.996195793 -4.094128132 0.028816996 0.998992860 0.034392089 0.075841360 0.996450484 -0.025987146 -0.080068767 0.185230345
-0.077834368 0.037710115 -0.996252894 -4.169466496 0.030445289 0.998908222 0.035432022 0.076544404 0.996501386 -0.027573379 -0.078897513 0.175714910
-0.081627406 0.038427934 -0.995921731 -4.249163151 0.031494513 0.998856843 0.035959836 0.078626633 0.996165156 -0.028430762 -0.082744338 0.171482921
-0.084704958 0.038567044 -0.995659292 -4.324202061 0.031936273 0.998842359 0.035973378 0.080767781 0.995894074 -0.028750524 -0.085838571 0.164256692
-0.087719984 0.040385112 -0.995326221 -4.399114609 0.030969338 0.998805404 0.037796900 0.080643952 0.995663643 -0.027509052 -0.088865884 0.157533139
-0.090381719 0.038495325 -0.995162904 -4.474290848 0.028197106 0.998950958 0.036080971 0.082882591 0.995508015 -0.024799654 -0.091372371 0.149748445
-0.093270198 0.037500694 -0.994934380 -4.548738003 0.026983159 0.999018610 0.035125088 0.083213769 0.995275140 -0.023570348 -0.094190530 0.142270356
-0.095399797 0.037411749 -0.994735777 -4.624124527 0.026299218 0.999039471 0.035051387 0.084700920 0.995091498 -0.022816880 -0.096292064 0.134048134
-0.097636700 0.038215090 -0.994488120 -4.698042870 0.026272252 0.999013245 0.035809610 0.086328417 0.994875312 -0.022631111 -0.098544344 0.126916677
-0.099038489 0.039501879 -0.994299293 -4.773123741 0.026639281 0.998958886 0.037033558 0.087326467 0.994727015 -0.022819672 -0.099987678 0.118476599
-0.100993589 0.039599240 -0.994098723 -4.846691608 0.025954545 0.998972356 0.037156578 0.088862501 0.994548380 -0.022048801 -0.101917587 0.111265063
-0.102427088 0.040676352 -0.993908465 -4.921199322 0.025544113 0.998941660 0.038249888 0.090192944 0.994412482 -0.021470686 -0.103357717 0.102931023
-0.102736026 0.041523848 -0.993841588 -4.995592117 0.023134958 0.998957753 0.039346084 0.091830708 0.994439542 -0.018950224 -0.103589587 0.094199717
-0.102858208 0.041360345 -0.993835688 -5.067197323 0.022635661 0.998973727 0.039231461 0.092959233 0.994438469 -0.018460851 -0.103688858 0.086595297
-0.102111228 0.040352713 -0.993954182 -5.141152382 0.020422313 0.999051392 0.038461622 0.094447166 0.994563401 -0.016371481 -0.102838457 0.078448236
-0.101073794 0.039430119 -0.994097233 -5.215429306 0.019128416 0.999106586 0.037683949 0.096682809 0.994695127 -0.015206642 -0.101737730 0.070722163
-0.099001087 0.040165201 -0.994276404 -5.286139011 0.021155816 0.999044120 0.038251299 0.097345248 0.994862437 -0.017247802 -0.099756204 0.062779307
-0.096726395 0.038927473 -0.994549453 -5.358680248 0.024552494 0.999024153 0.036714721 0.100121975 0.995008171 -0.020867389 -0.097587779 0.055369854
-0.094655655 0.038534719 -0.994763970 -5.432674885 0.026896993 0.998984754 0.036138874 0.100186124 0.995146632 -0.023335412 -0.095596038 0.048845708
-0.091693908 0.037711237 -0.995072961 -5.505370140 0.029605648 0.998944104 0.035129853 0.101225339 0.995347083 -0.026238585 -0.092713550 0.040977359
-0.089306563 0.038612958 -0.995255411 -5.577599049 0.030931372 0.998873770 0.035977792 0.102489710 0.995523810 -0.027571563 -0.090400323 0.034200490
-0.087873414 0.039972056 -0.995329320 -5.651347637 0.031723030 0.998800099 0.037310742 0.103807025 0.995626390 -0.028296245 -0.089035995 0.028382063
-0.085208870 0.041714527 -0.995489478 -5.722824574 0.030128906 0.998774111 0.039273288 0.105124280 0.995907485 -0.026646575 -0.086361215 0.021957368
-0.082146086 0.041338325 -0.995762527 -5.795344830 0.028632931 0.998824835 0.039103359 0.106680267 0.996208787 -0.025299411 -0.083233193 0.014060915
-0.079848446 0.039874334 -0.996009171 -5.866659164 0.027203441 0.998914719 0.037809789 0.108545817 0.996435761 -0.024075827 -0.080846496 0.007759839
-0.078258611 0.036567215 -0.996262252 -5.938579082 0.026744669 0.999044418 0.034568481 0.110449865 0.996574342 -0.023939421 -0.079161808 0.001261622
-0.075344868 0.034172535 -0.996571839 -6.010810852 0.025607569 0.999149203 0.032324880 0.111055978 0.996828675 -0.023084262 -0.076155841 -0.005523562
-0.075145505 0.032335501 -0.996648192 -6.080469131 0.027086329 0.999171495 0.030375106 0.112355888 0.996804655 -0.024712987 -0.075959094 -0.009504914
-0.074552260 0.031245092 -0.996727526 -6.152679443 0.027332542 0.999197543 0.029278135 0.113891594 0.996842504 -0.025060346 -0.075346433 -0.014521092
-0.074279562 0.033349905 -0.996679664 -6.224150181 0.027900737 0.999118984 0.031352170 0.114316739 0.996847034 -0.025479266 -0.075144596 -0.019613534
-0.074269362 0.036920104 -0.996554554 -6.294689178 0.027013121 0.999022365 0.034998327 0.114847444 0.996872306 -0.024320751 -0.075194083 -0.025178790
-0.074203856 0.038658664 -0.996493459 -6.365408897 0.024481803 0.999017835 0.036933552 0.116150230 0.996942580 -0.021655345 -0.075077400 -0.032367408
-0.075669065 0.039064538 -0.996367574 -6.436329365 0.020997345 0.999073148 0.037575971 0.117582344 0.996911883 -0.018077731 -0.076419190 -0.036402524
-0.076908052 0.038190104 -0.996306539 -6.508290291 0.016846126 0.999173284 0.036999580 0.119000271 0.996895790 -0.013938342 -0.077487819 -0.041823864
-0.077180140 0.037095472 -0.996326864 -6.579358101 0.013586687 0.999253929 0.036151964 0.120753683 0.996924520 -0.010746569 -0.077626556 -0.048196584
-0.077512383 0.037189029 -0.996297538 -6.649372101 0.009021039 0.999289334 0.036598865 0.121139899 0.996950507 -0.006150775 -0.077792786 -0.055166513
-0.077961974 0.036044441 -0.996304512 -6.720575809 0.009494689 0.999327719 0.035410844 0.121720560 0.996911168 -0.006698904 -0.078251794 -0.061239779
-0.079598121 0.032704279 -0.996290445 -6.791193485 0.006457534 0.999457598 0.032292329 0.124943681 0.996806085 -0.003863171 -0.079766132 -0.065725207
-0.079777449 0.032921243 -0.996268928 -6.860605240 0.008403294 0.999441147 0.032353155 0.125028670 0.996777236 -0.005790888 -0.080009528 -0.072363704
-0.080807656 0.038810235 -0.995973825 -6.931751251 0.011777012 0.999208987 0.037980780 0.125625849 0.996660113 -0.008660457 -0.081200808 -0.077496022
-0.080796137 0.043671697 -0.995773435 -7.003606796 0.013539778 0.998995662 0.042714395 0.127662748 0.996638715 -0.010031395 -0.081306294 -0.083936453
-0.082264364 0.044289332 -0.995625973 -7.074528694 0.016655710 0.998933613 0.043060280 0.129151002 0.996471286 -0.013040530 -0.082914315 -0.089488864
-0.083274089 0.040230691 -0.995714366 -7.144288540 0.018932506 0.999068260 0.038782835 0.130427912 0.996346891 -0.015621759 -0.083958179 -0.095418692
-0.084134437 0.036376216 -0.995790303 -7.215171337 0.020496489 0.999185264 0.034768488 0.132596403 0.996243596 -0.017484974 -0.084811471 -0.101392150
-0.084198795 0.034834113 -0.995840013 -7.285100460 0.018100755 0.999277353 0.033423927 0.133687541 0.996284544 -0.015211200 -0.084768496 -0.108181596
-0.084839083 0.034344789 -0.995802581 -7.354993820 0.018708035 0.999284446 0.032871019 0.135146022 0.996219039 -0.015840760 -0.085420907 -0.114189625
-0.084832191 0.034531493 -0.995796680 -7.424833298 0.018916726 0.999274909 0.033040591 0.135246366 0.996215761 -0.016034305 -0.085423894 -0.120510399
-0.085910670 0.032366075 -0.995776951 -7.493912697 0.021572696 0.999298275 0.030619344 0.136228681 0.996069252 -0.018851066 -0.086548589 -0.125510812
-0.084312119 0.029734401 -0.995995641 -7.564404488 0.023443380 0.999337196 0.027849648 0.136692792 0.996163607 -0.021001443 -0.084953308 -0.132977664
-0.083838366 0.029426591 -0.996044815 -7.632586002 0.025364563 0.999303043 0.027387884 0.137103349 0.996156514 -0.022968087 -0.084526315 -0.138312340
-0.082733542 0.031392965 -0.996077120 -7.702434540 0.027230525 0.999201715 0.029229693 0.138239115 0.996199608 -0.024705427 -0.083522342 -0.144680858
-0.082120202 0.035734706 -0.995981634 -7.771334171 0.028597482 0.999029934 0.033486176 0.138726264 0.996212125 -0.025732676 -0.083062463 -0.150112599
-0.081047818 0.036754429 -0.996032298 -7.839708805 0.029171366 0.998979211 0.034489471 0.139739886 0.996283233 -0.026260326 -0.082037248 -0.156098753
-0.080035962 0.035273135 -0.996167660 -7.909320831 0.027778704 0.999064505 0.033143863 0.140826911 0.996404827 -0.025019551 -0.080940947 -0.162234962
-0.078977801 0.033496421 -0.996313453 -7.976855278 0.026006674 0.999164462 0.031530719 0.141961977 0.996537089 -0.023420576 -0.079782940 -0.168061614
-0.078107215 0.034450635 -0.996349514 -8.045470238 0.025093509 0.999154150 0.032580443 0.142649367 0.996629119 -0.022457141 -0.078905642 -0.173709482
-0.076370470 0.036507223 -0.996410847 -8.112758636 0.024258988 0.999101698 0.034746468 0.143383920 0.996784270 -0.021518320 -0.077187493 -0.180424392
-0.074913688 0.037624583 -0.996479928 -8.182323456 0.024176685 0.999062717 0.035904538 0.144533038 0.996896863 -0.021401839 -0.075753123 -0.186624587
-0.074416310 0.037697628 -0.996514499 -8.248601913 0.025433457 0.999031901 0.035893571 0.145193115 0.996902883 -0.022673743 -0.075303055 -0.191228181
-0.073701717 0.037577592 -0.996572137 -8.316305161 0.026014386 0.999022245 0.035746083 0.146425545 0.996940970 -0.023290662 -0.074607231 -0.196184874
-0.072726920 0.037395224 -0.996650577 -8.383112907 0.025008103 0.999051034 0.035660416 0.147484407 0.997038424 -0.022330867 -0.073593095 -0.201745987
-0.071806900 0.038454033 -0.996677041 -8.449164391 0.022625731 0.999062240 0.036915965 0.149229303 0.997161865 -0.019899722 -0.072609626 -0.207456052
-0.071280688 0.039279532 -0.996682584 -8.515294075 0.022250434 0.999038219 0.037781063 0.149401248 0.997208118 -0.019483563 -0.072086103 -0.211984426
-0.070157886 0.038947623 -0.996775329 -8.578933716 0.021456033 0.999065280 0.037526917 0.151165441 0.997305155 -0.018754035 -0.070927970 -0.217429399
-0.069860302 0.041148074 -0.996707797 -8.641765594 0.020399284 0.998998821 0.039812855 0.151330531 0.997348189 -0.017550791 -0.070629738 -0.222128242
-0.069859579 0.042547289 -0.996649027 -8.702778816 0.018975429 0.998965919 0.041316122 0.152627841 0.997376323 -0.016025513 -0.070594683 -0.226233810
-0.070774965 0.042956468 -0.996567011 -8.761917114 0.020145047 0.998930097 0.041627649 0.153531298 0.997288823 -0.017129693 -0.071564615 -0.230499148
-0.073294625 0.041266937 -0.996456325 -8.819534302 0.019982325 0.999003768 0.039902639 0.155399278 0.997110128 -0.016986866 -0.074046224 -0.234916449
-0.076295353 0.039765410 -0.996292055 -8.876257896 0.019823372 0.999067426 0.038358130 0.157339171 0.996888101 -0.016823320 -0.077012472 -0.239678711
-0.080914266 0.039846614 -0.995924354 -8.930742264 0.018004809 0.999095917 0.038510706 0.158099130 0.996558487 -0.014815359 -0.081558540 -0.244199753
-0.085286938 0.039095763 -0.995589077 -8.984923363 0.016016420 0.999154568 0.037863731 0.158948988 0.996227682 -0.012716493 -0.085841008 -0.249203384
-0.090829313 0.037752174 -0.995150566 -9.036012650 0.015561315 0.999213040 0.036485970 0.159741268 0.995744884 -0.012171859 -0.091345295 -0.253812551
-0.098244205 0.037113495 -0.994469941 -9.086119652 0.017603161 0.999212801 0.035551466 0.159310371 0.995006621 -0.014013091 -0.098820180 -0.258363664
-0.107066020 0.036152512 -0.993594348 -9.135103226 0.019998016 0.999214828 0.034202099 0.158682838 0.994050801 -0.016208034 -0.107704945 -0.264377058
-0.117525913 0.033654962 -0.992499352 -9.184053421 0.021369437 0.999279857 0.031354439 0.160516500 0.992839992 -0.017524194 -0.118160456 -0.270937860
-0.129405111 0.033643074 -0.991020918 -9.230135918 0.021213841 0.999289453 0.031153718 0.160471126 0.991364896 -0.016991911 -0.130026862 -0.278069317
-0.142156616 0.032569133 -0.989308178 -9.274649620 0.021993745 0.999315739 0.029738236 0.161723763 0.989599824 -0.017531106 -0.142775670 -0.284626722
-0.155735210 0.033737935 -0.987222433 -9.317816734 0.022634387 0.999276042 0.030579261 0.162015080 0.987539411 -0.017582908 -0.156386122 -0.292435408
-0.171149671 0.036185227 -0.984580278 -9.358654022 0.024410132 0.999174237 0.032478373 0.162024572 0.984942555 -0.018475071 -0.171891674 -0.300233483
-0.187352911 0.036073606 -0.981629968 -9.397701263 0.023209922 0.999208987 0.032289792 0.162462473 0.982018352 -0.016733969 -0.188041985 -0.309478164
-0.206673458 0.034853265 -0.977788985 -9.436560631 0.020762872 0.999296546 0.031231290 0.161854103 0.978189707 -0.013847028 -0.207251713 -0.318003416
-0.225810647 0.033223622 -0.973604441 -9.473563194 0.018045653 0.999389470 0.029918136 0.163140684 0.974004030 -0.010813496 -0.226272330 -0.329306960
-0.246289149 0.033473149 -0.968618214 -9.510258675 0.018870264 0.999379635 0.029738070 0.163924605 0.969012678 -0.010953918 -0.246767998 -0.340826511
-0.268427014 0.034802455 -0.962671101 -9.545610428 0.018643225 0.999347627 0.030929990 0.163690031 0.963119626 -0.009644852 -0.268900752 -0.352240086
-0.292368621 0.034693297 -0.955676317 -9.579929352 0.018032677 0.999364018 0.030762555 0.164155245 0.956135690 -0.008239392 -0.292808324 -0.362807035
-0.317921817 0.033824515 -0.947513342 -9.613374710 0.017795660 0.999400258 0.029705752 0.164435565 0.947949946 -0.007417515 -0.318333030 -0.376191854
-0.347526103 0.031888261 -0.937128007 -9.646153450 0.017311521 0.999469399 0.027589766 0.164637521 0.937510490 -0.006634946 -0.347893715 -0.389456272
-0.379516870 0.029084591 -0.924727619 -9.677059174 0.019441497 0.999535620 0.023458492 0.165343821 0.924980581 -0.009075194 -0.379906118 -0.404595137
-0.415040106 0.026939798 -0.909404099 -9.705200195 0.020934256 0.999579668 0.020057000 0.166523784 0.909562230 -0.010713242 -0.415429562 -0.418143749
-0.453860343 0.029335437 -0.890589833 -9.733754158 0.025577897 0.999475002 0.019887093 0.167037755 0.890705645 -0.013753453 -0.454372406 -0.434443235
-0.498030841 0.033824872 -0.866499305 -9.762380600 0.030195832 0.999309480 0.021653863 0.167176723 0.866633356 -0.015380377 -0.498708248 -0.451419592
-0.541248024 0.034201860 -0.840167105 -9.786663055 0.028468164 0.999344945 0.022342129 0.167544723 0.840380967 -0.011825379 -0.541867197 -0.471131325
-0.585703313 0.033111025 -0.809848905 -9.812743187 0.024936121 0.999428332 0.022827622 0.165894747 0.810141861 -0.006824279 -0.586194217 -0.490177155
-0.626949370 0.030531587 -0.778461397 -9.834499359 0.023711968 0.999516666 0.020104559 0.165916681 0.778699040 -0.005854309 -0.627370358 -0.511617661
-0.667821646 0.029851370 -0.743722498 -9.856986046 0.026782120 0.999512136 0.016069336 0.166783988 0.743839324 -0.009187016 -0.668295264 -0.533522129
-0.704937339 0.031335048 -0.708577096 -9.879062653 0.030975392 0.999430597 0.013381025 0.167023197 0.708592892 -0.012515675 -0.705506563 -0.558777332
-0.740140498 0.029951505 -0.671784818 -9.898092270 0.026998291 0.999525666 0.014818382 0.166528374 0.671910048 -0.007169358 -0.740598083 -0.584174156
-0.774330139 0.024235237 -0.632317483 -9.916683197 0.018594198 0.999706268 0.015546089 0.167230368 0.632508576 0.000280368 -0.774553418 -0.610333920
-0.806711733 0.020716462 -0.590581834 -9.934215546 0.012583790 0.999760926 0.017880706 0.167886138 0.590811133 0.006992818 -0.806779504 -0.637715816
-0.836225986 0.024125375 -0.547854006 -9.950078964 0.013775283 0.999640703 0.022994189 0.168675095 0.548211873 0.011681494 -0.836257875 -0.666037083
-0.863831758 0.030924443 -0.502830386 -9.966151237 0.018021306 0.999372125 0.030502640 0.167847022 0.503457904 0.017287491 -0.863846719 -0.694778919
-0.887948930 0.029634016 -0.458986312 -9.978371620 0.015073488 0.999261081 0.035355367 0.168826133 0.459694982 0.024475239 -0.887739539 -0.725367785
-0.909911990 0.019596403 -0.414338291 -9.987479210 0.003361016 0.999198973 0.039876770 0.170399770 0.414787918 0.034891751 -0.909248888 -0.756371737
-0.929491222 0.017376993 -0.368434668 -9.997565269 0.002066294 0.999119222 0.041909967 0.170601547 0.368838489 0.038193658 -0.928708434 -0.788931131
-0.946669221 0.016889423 -0.321764439 -10.006339073 0.004143517 0.999180794 0.040256307 0.170534715 0.322180837 0.036776163 -0.945963562 -0.820311546
-0.960062027 0.017257458 -0.279254466 -10.013989449 0.006862081 0.999248028 0.038160387 0.171480671 0.279703051 0.034720067 -0.959458590 -0.852486849
-0.970624685 0.016847689 -0.240008563 -10.020800591 0.008176641 0.999278903 0.037078228 0.172133625 0.240460217 0.034026574 -0.970062435 -0.886678219
-0.978942931 0.010570110 -0.203860313 -10.025579453 0.003258473 0.999340415 0.036168300 0.173357248 0.204108179 0.034742426 -0.978331685 -0.920726299
-0.985414207 0.005146928 -0.170094922 -10.029837608 -0.000936001 0.999363482 0.035662446 0.173589349 0.170170203 0.035301488 -0.984782219 -0.955479264
-0.989795625 0.003358430 -0.142454818 -10.032824516 -0.001597681 0.999397814 0.034662113 0.174791992 0.142485470 0.034535997 -0.989194214 -0.991745830
-0.992738068 0.003021517 -0.120257944 -10.036318779 -0.001301230 0.999356329 0.035850871 0.175196260 0.120288849 0.035747010 -0.992095232 -1.028193235
-0.995018899 0.002139125 -0.099663250 -10.038857460 -0.001509915 0.999331772 0.036523882 0.175972670 0.099674754 0.036492437 -0.994350612 -1.066372395
-0.996691406 0.004459876 -0.081156127 -10.041666985 0.001580877 0.999368429 0.035504557 0.177077651 0.081263199 0.035258792 -0.996068835 -1.104691029
