0.999978483 0.002598954 -0.006023556 -0.001590062 -0.002545609 0.999957621 0.008846887 -0.000098570 0.006046295 -0.008831363 0.999942720 0.055839684
0.999956071 0.004250112 -0.008352285 -0.002760632 -0.004169200 0.999944448 0.009681126 -0.000245078 0.008392969 -0.009645877 0.999918282 0.062266231
0.999944568 0.005561603 -0.008940050 -0.007711227 -0.005476027 0.999939203 0.009568387 -0.000638780 0.008992722 -0.009518900 0.999914229 0.070642166
0.999870181 0.005261542 -0.015225143 -0.003498492 -0.005124499 0.999946117 0.009026096 0.000701098 0.015271814 -0.008946907 0.999843299 0.079319984
0.999804199 0.005957844 -0.018869255 -0.004040865 -0.005775803 0.999936402 0.009687325 0.000867249 0.018925767 -0.009576443 0.999775052 0.084620103
0.999740899 0.006572027 -0.021792060 -0.004826135 -0.006324548 0.999914944 0.011405909 0.000955758 0.021865170 -0.011265130 0.999697447 0.089382537
0.999684036 0.007017214 -0.024136545 -0.005331543 -0.006703119 0.999892116 0.013069630 0.000448928 0.024225647 -0.012903706 0.999623358 0.088417597
0.999641240 0.005545276 -0.026201544 -0.006523035 -0.005201996 0.999899983 0.013151547 0.000567313 0.026271854 -0.013010530 0.999570131 0.091942258
0.999510169 0.004256571 -0.031003781 -0.005358796 -0.003876688 0.999916732 0.012302601 0.000839833 0.031053567 -0.012176383 0.999443471 0.101359054
0.999429464 0.003814816 -0.033558469 -0.006439287 -0.003480109 0.999943674 0.010026594 0.002091736 0.033594824 -0.009904085 0.999386430 0.106352814
0.999313593 0.003448063 -0.036883567 -0.008100685 -0.003009830 0.999924421 0.011930444 0.000142384 0.036921911 -0.011811241 0.999248326 0.107382327
0.999105334 0.004184096 -0.042081892 -0.009409754 -0.003637331 0.999908149 0.013061066 0.000193228 0.042132676 -0.012896314 0.999028802 0.114239857
0.998810768 0.005193775 -0.048477508 -0.008944449 -0.004528586 0.999894202 0.013821345 0.000830934 0.048544161 -0.013585372 0.998728633 0.119323120
0.998517096 0.006846405 -0.054008517 -0.010445741 -0.006031494 0.999865711 0.015237184 0.000922507 0.054105595 -0.014888835 0.998424232 0.127033934
0.998127103 0.008993904 -0.060509857 -0.011605249 -0.008033083 0.999838054 0.016103324 0.001600489 0.060644887 -0.015587082 0.998037755 0.135974333
0.997848988 0.010474848 -0.064711452 -0.014666634 -0.009361816 0.999803543 0.017479286 0.001400603 0.064881831 -0.016835872 0.997750878 0.146088853
0.997430444 0.011934713 -0.070639715 -0.016279873 -0.010792170 0.999805093 0.016533894 0.002327853 0.070823275 -0.015729053 0.997364879 0.156374499
0.996917307 0.013288260 -0.077325642 -0.017231837 -0.012023271 0.999786556 0.016801869 0.001986561 0.077532418 -0.015820373 0.996864259 0.166102603
0.996494591 0.014664833 -0.082362361 -0.019805163 -0.013393513 0.999782801 0.015967060 0.002388806 0.082578637 -0.014807967 0.996474564 0.177485153
0.995955944 0.015484347 -0.088497356 -0.020936299 -0.014115822 0.999771118 0.016069036 0.002353091 0.088725910 -0.014754839 0.995946765 0.189674795
0.995567560 0.015405525 -0.092777744 -0.022994764 -0.014001482 0.999777615 0.015765360 0.002536577 0.092999980 -0.014396454 0.995562077 0.203161716
0.995165586 0.015396159 -0.096996278 -0.024760626 -0.013937995 0.999779701 0.015692944 0.002339533 0.097216532 -0.014265143 0.995160997 0.215887770
0.994761586 0.014789200 -0.101145908 -0.027409991 -0.013217709 0.999781609 0.016189486 0.002356710 0.101363242 -0.014767760 0.994739890 0.231678709
0.994269490 0.013076699 -0.106099844 -0.029669179 -0.011245904 0.999777675 0.017835384 0.002166201 0.106309474 -0.016539993 0.994195521 0.248993233
0.993742526 0.012651038 -0.110976681 -0.031759907 -0.010701039 0.999777973 0.018149354 0.002631886 0.111181654 -0.016848214 0.993657231 0.268204331
0.993299365 0.011811694 -0.114964306 -0.035919987 -0.009874012 0.999799609 0.017409557 0.002526324 0.115146913 -0.016157743 0.993216991 0.287288368
0.992768228 0.011603635 -0.119484261 -0.039204385 -0.009820389 0.999831557 0.015502566 0.002737368 0.119644023 -0.014217071 0.992715061 0.309096783
0.992163777 0.010949099 -0.124463283 -0.042633772 -0.009157594 0.999846220 0.014956889 0.003352628 0.124607921 -0.013699898 0.992111504 0.331563056
0.991380870 0.008842004 -0.130712941 -0.045175821 -0.007120450 0.999881744 0.013632013 0.004305823 0.130818039 -0.012583780 0.991326630 0.355779171
0.990652978 0.005827548 -0.136281163 -0.050487302 -0.004227483 0.999918759 0.012027372 0.004567300 0.136340186 -0.011338826 0.990597129 0.379873723
0.989696145 0.003865762 -0.143130749 -0.054262612 -0.002572681 0.999954283 0.009218230 0.004877908 0.143159822 -0.008755017 0.989660859 0.406413674
0.988862872 0.004552681 -0.148759529 -0.059700787 -0.003985347 0.999983609 0.004111633 0.005917402 0.148775801 -0.003472984 0.988864779 0.431912929
0.987914562 0.006970236 -0.154842272 -0.065829724 -0.006775946 0.999975502 0.001782513 0.006263629 0.154850870 -0.000711767 0.987937570 0.459395766
0.986766815 0.005500816 -0.162052557 -0.071171671 -0.005042054 0.999982059 0.003242071 0.006972687 0.162067488 -0.002382090 0.986776769 0.488938898
0.985715926 0.001777271 -0.168407768 -0.076298095 -0.000807429 0.999982774 0.005827197 0.007621116 0.168415174 -0.005607983 0.985700250 0.519748390
0.984720170 -0.000890960 -0.174141392 -0.082263015 0.002258474 0.999968171 0.007654890 0.007201517 0.174129009 -0.007931219 0.984690905 0.551231980
0.983880460 -0.003122206 -0.178800344 -0.088832304 0.004793147 0.999948800 0.008914059 0.007154044 0.178763404 -0.009627385 0.983844936 0.582752466
0.983064890 -0.004614659 -0.183199823 -0.094566047 0.006134314 0.999951303 0.007729233 0.007521897 0.183155224 -0.008722145 0.983045340 0.615031719
0.982815921 -0.005869915 -0.184495047 -0.101523206 0.007145857 0.999954939 0.006251731 0.007959832 0.184450001 -0.007462677 0.982813656 0.647195637
0.982564390 -0.005653268 -0.185836732 -0.108391553 0.006900363 0.999957800 0.006064569 0.007588889 0.185794622 -0.007241171 0.982561886 0.680316865
0.982869744 -0.003560777 -0.184267223 -0.116129175 0.004753422 0.999970436 0.006031037 0.007544841 0.184240296 -0.006803623 0.982857645 0.713263273
0.983479917 -0.002678847 -0.180997491 -0.122938275 0.003658469 0.999980390 0.005078726 0.007958609 0.180980355 -0.005656999 0.983470380 0.747684658
0.984370053 -0.002856783 -0.176090032 -0.128401950 0.003314086 0.999991834 0.002302954 0.008603920 0.176082000 -0.002850537 0.984371364 0.780442119
0.985368311 0.000437365 -0.170437872 -0.134041622 -0.000324349 0.999999702 0.000690936 0.009205366 0.170438081 -0.000625545 0.985368252 0.815236747
0.986513376 0.002284111 -0.163665205 -0.141214788 -0.002328655 0.999997318 -0.000080313 0.009057053 0.163664579 0.000460350 0.986515939 0.850005269
0.987497151 0.001579181 -0.157628894 -0.146338746 -0.001649344 0.999998510 -0.000314301 0.009019207 0.157628164 0.000570355 0.987498462 0.883497596
0.988495111 -0.003933866 -0.151201874 -0.150439784 0.004049024 0.999991655 0.000453744 0.008539676 0.151198834 -0.001060743 0.988502800 0.919642687
0.989367783 -0.008114413 -0.145208567 -0.153913036 0.008278619 0.999965549 0.000526596 0.009035182 0.145199314 -0.001723123 0.989400923 0.954732537
0.990407288 -0.008556633 -0.137913108 -0.159340680 0.008679867 0.999962270 0.000292170 0.009232160 0.137905404 -0.001486435 0.990444243 0.989278376
0.991412699 -0.005498801 -0.130653769 -0.165212780 0.005588728 0.999984324 0.000321630 0.008825221 0.130649954 -0.001049056 0.991428018 1.023974776
0.992119670 -0.002453132 -0.125269175 -0.169530541 0.002434837 0.999996960 -0.000299156 0.009443691 0.125269532 -0.000008211 0.992122710 1.060322881
0.992819905 -0.001330778 -0.119611479 -0.174163282 0.001342673 0.999999106 0.000018854 0.008771045 0.119611360 -0.000179318 0.992820799 1.095753789
0.993418455 -0.001502214 -0.114531375 -0.177790388 0.001601978 0.999998450 0.000779026 0.008583619 0.114530012 -0.000957376 0.993419409 1.131613016
0.993974090 -0.003645230 -0.109555118 -0.182612523 0.003825077 0.999991715 0.001431491 0.008319370 0.109548979 -0.001841922 0.993979692 1.167885423
0.994299531 -0.006958347 -0.106395788 -0.185303301 0.007156862 0.999973297 0.001484105 0.008490860 0.106382623 -0.002237105 0.994322777 1.202182412
0.994573116 -0.011229391 -0.103432469 -0.187992334 0.011407873 0.999934316 0.001134186 0.009114977 0.103412934 -0.002307975 0.994635880 1.239866495
0.994935989 -0.012831225 -0.099688292 -0.192199171 0.013104898 0.999911904 0.002090905 0.008597966 0.099652685 -0.003386721 0.995016575 1.274909377
0.995141685 -0.012534114 -0.097651727 -0.195528641 0.012768989 0.999916911 0.001780650 0.008389960 0.097621292 -0.003018912 0.995218992 1.309497833
0.995500267 -0.010613844 -0.094162896 -0.198660553 0.010751707 0.999941707 0.000956879 0.008530402 0.094147250 -0.001964985 0.995556295 1.343783498
0.995922029 -0.007256187 -0.089926265 -0.203139156 0.007262336 0.999973655 -0.000258816 0.008007403 0.089925781 -0.000395314 0.995948434 1.375900626
0.996223986 -0.006789968 -0.086554311 -0.205829740 0.006750821 0.999976933 -0.000744967 0.007579578 0.086557373 0.000157841 0.996246874 1.407134414
0.996642649 -0.007181960 -0.081558913 -0.207490683 0.007056389 0.999973357 -0.001827761 0.007528977 0.081569873 0.001246114 0.996666849 1.435206175
0.997070312 -0.009472368 -0.075902052 -0.209673941 0.009277788 0.999952734 -0.002915773 0.007345482 0.075926065 0.002203028 0.997111082 1.462933183
0.997349381 -0.011825403 -0.071794182 -0.210903406 0.011581230 0.999925673 -0.003816332 0.007387334 0.071833968 0.002974752 0.997412145 1.488954902
0.997619569 -0.014061930 -0.067509770 -0.212519616 0.013743910 0.999892116 -0.005172893 0.007155081 0.067575231 0.004232731 0.997705281 1.512776494
0.997873008 -0.014913852 -0.063459150 -0.213003963 0.014504229 0.999870896 -0.006910725 0.007213487 0.063554026 0.005975600 0.997960508 1.534545422
0.998131216 -0.012971194 -0.059714537 -0.214332283 0.012529570 0.999891400 -0.007764117 0.006931834 0.059808750 0.007001411 0.998185337 1.554877043
0.998266041 -0.011487856 -0.057732388 -0.214729548 0.011040517 0.999906540 -0.008061500 0.006446172 0.057819605 0.007410126 0.998299599 1.573263645
0.998485565 -0.012080859 -0.053671744 -0.216813534 0.011660902 0.999898851 -0.008130868 0.006117131 0.053764552 0.007492695 0.998525560 1.589423895
0.998628736 -0.012372924 -0.050868079 -0.217054710 0.011946600 0.999890983 -0.008676558 0.005927651 0.050969880 0.008056959 0.998667836 1.603421926
0.998769104 -0.011057630 -0.048352130 -0.218287975 0.010679891 0.999910414 -0.008063633 0.005501125 0.048436962 0.007537314 0.998797774 1.615106940
0.998852432 -0.008996889 -0.047041148 -0.218655556 0.008609692 0.999927402 -0.008427222 0.005468495 0.047113549 0.008012541 0.998857439 1.625067830
0.998902977 -0.008237035 -0.046097890 -0.218798071 0.007755137 0.999913454 -0.010622964 0.005118556 0.046181407 0.010253814 0.998880386 1.633968115
0.998974979 -0.008875056 -0.044386692 -0.219825953 0.008282587 0.999874353 -0.013514055 0.005299998 0.044501051 0.013132567 0.998923004 1.641260743
0.998986959 -0.010236830 -0.043820895 -0.219647259 0.009559852 0.999832094 -0.015630554 0.005026348 0.043973550 0.015195798 0.998917043 1.649730086
0.998971820 -0.011428487 -0.043870591 -0.219396189 0.010718407 0.999808311 -0.016387057 0.004554171 0.044049460 0.015899984 0.998902798 1.658149600
0.998972893 -0.011678469 -0.043781795 -0.220828712 0.010963398 0.999803126 -0.016537324 0.004547914 0.043966305 0.016040342 0.998904228 1.666855812
0.998915553 -0.011304247 -0.045166973 -0.221376956 0.010564437 0.999806702 -0.016584666 0.004425494 0.045345712 0.016089518 0.998841763 1.676028132
0.998823822 -0.010390325 -0.047360178 -0.222453326 0.009595356 0.999809802 -0.016982131 0.004428983 0.047527615 0.016507719 0.998733521 1.685101748
0.998629451 -0.011001285 -0.051168505 -0.223118186 0.010141678 0.999803543 -0.017028939 0.004234921 0.051345795 0.016486662 0.998544812 1.695057631
0.998362660 -0.011383847 -0.056057043 -0.223932281 0.010439454 0.999799073 -0.017111098 0.004036020 0.056240577 0.016497876 0.998280883 1.704794407
0.998100460 -0.011524488 -0.060518987 -0.225654721 0.010497482 0.999795973 -0.017260570 0.004056169 0.060705557 0.016592486 0.998017788 1.713976741
0.997773767 -0.011624972 -0.065669134 -0.226964146 0.010491371 0.999790370 -0.017580874 0.003928587 0.065859750 0.016852776 0.997686565 1.724227905
0.997407675 -0.010948905 -0.071120329 -0.228436232 0.009709761 0.999795377 -0.017745601 0.003986338 0.071300074 0.017009040 0.997309864 1.735240221
0.996991634 -0.010463069 -0.076800562 -0.230267227 0.009080444 0.999790788 -0.018329998 0.003854606 0.076976269 0.017577473 0.996878028 1.746399522
0.996481776 -0.010863212 -0.083104193 -0.232016832 0.009320873 0.999777436 -0.018924613 0.003543843 0.083291270 0.018083429 0.996361136 1.758076429
0.995949268 -0.010797810 -0.089266576 -0.234736323 0.009085824 0.999767363 -0.019562522 0.003228433 0.089457028 0.018672219 0.995815635 1.771133900
0.995277822 -0.011636976 -0.096366659 -0.236792207 0.009750262 0.999751866 -0.020026313 0.003006265 0.096575797 0.018992152 0.995144486 1.784677267
0.994540632 -0.011246310 -0.103742026 -0.239200681 0.009207338 0.999755263 -0.020112241 0.002578255 0.103942841 0.019047257 0.994400918 1.799137950
0.993643343 -0.010657222 -0.112068728 -0.241886064 0.008416874 0.999755561 -0.020444991 0.002369530 0.112259232 0.019371768 0.993490219 1.814575315
0.992684245 -0.010589382 -0.120274402 -0.245522529 0.008150580 0.999751329 -0.020750863 0.001759157 0.120464250 0.019618750 0.992523909 1.831205606
0.991621435 -0.011251237 -0.128686994 -0.248678714 0.008646777 0.999746680 -0.020779543 0.001605909 0.128888190 0.019492717 0.991467535 1.849412680
0.990529180 -0.010884680 -0.136870116 -0.252496868 0.008252559 0.999770164 -0.019783549 0.001257513 0.137054041 0.018466657 0.990391433 1.868384600
0.989395022 -0.010369344 -0.144879252 -0.256480068 0.007696297 0.999789894 -0.018998481 0.001209345 0.145045832 0.017681971 0.989266872 1.888550997
0.988301992 -0.009980096 -0.152183011 -0.261843920 0.007330963 0.999811828 -0.017958712 0.000939965 0.152333632 0.016632987 0.988189161 1.910142303
0.987215042 -0.010698863 -0.159034550 -0.265584767 0.008057682 0.999818861 -0.017243175 0.000573743 0.159190252 0.015741274 0.987122416 1.931820035
0.986117065 -0.010395480 -0.165725768 -0.269900918 0.007655934 0.999823451 -0.017160874 0.000461809 0.165874884 0.015653845 0.986022592 1.954978704
0.985109389 -0.009491903 -0.171666473 -0.275193691 0.006672090 0.999833286 -0.016995650 -0.000039916 0.171799168 0.015597197 0.985008538 1.978200197
0.984279096 -0.008499822 -0.176415622 -0.281326324 0.005594014 0.999840498 -0.016962193 -0.000077199 0.176531643 0.015708661 0.984169602 2.004930973
0.983806849 -0.008478262 -0.179031298 -0.286877513 0.005441216 0.999832988 -0.017448017 -0.000175983 0.179149330 0.016191332 0.983688653 2.031402111
0.983646929 -0.007204581 -0.179963082 -0.292992473 0.004030740 0.999829948 -0.017995529 -0.000013072 0.180062130 0.016975863 0.983508706 2.060337067
0.983849823 -0.006627907 -0.178873226 -0.299457699 0.003469049 0.999832571 -0.017966781 -0.000551678 0.178962335 0.017056094 0.983708024 2.089394093
0.984184623 -0.006789091 -0.177015871 -0.305460393 0.003519605 0.999817491 -0.018777482 -0.001278695 0.177111074 0.017857481 0.984028876 2.120451450
0.984267533 -0.008756805 -0.176467180 -0.309814274 0.005189184 0.999772906 -0.020668264 -0.000834215 0.176608071 0.019427383 0.984089434 2.152835131
0.984572887 -0.009717728 -0.174704671 -0.317029178 0.006247761 0.999772370 -0.020400940 -0.002426416 0.174863130 0.018994696 0.984409511 2.186104774
0.984698296 -0.009163913 -0.174026355 -0.323334068 0.005868449 0.999793828 -0.019441709 -0.002504099 0.174168557 0.018122954 0.984549046 2.221742153
0.984823644 -0.008598319 -0.173345134 -0.329114437 0.005811385 0.999845684 -0.016578499 -0.002226926 0.173460886 0.015319521 0.984721661 2.258358002
0.985140502 -0.006944750 -0.171609953 -0.337824970 0.004773012 0.999903202 -0.013064453 -0.002985664 0.171684086 0.012051224 0.985078335 2.296850920
0.985408783 -0.006371530 -0.170084968 -0.345511049 0.004919504 0.999947727 -0.008957141 -0.003646661 0.170133144 0.007989714 0.985388756 2.335292101
0.985524058 -0.006066361 -0.169427127 -0.352077067 0.005215031 0.999971390 -0.005469313 -0.003602073 0.169455469 0.004506572 0.985527456 2.374443769
0.985689759 -0.006715472 -0.168435842 -0.358871281 0.006321611 0.999975920 -0.002874462 -0.003908852 0.168451071 0.001768542 0.985708416 2.414237022
0.985827506 -0.006554874 -0.167634234 -0.365711689 0.006397984 0.999978483 -0.001475980 -0.004395478 0.167640284 0.000382540 0.985848069 2.454525471
0.986016929 -0.007145723 -0.166491821 -0.373053968 0.006881905 0.999973953 -0.002161446 -0.003935332 0.166502908 0.000985442 0.986040354 2.494287729
0.986207545 -0.006357323 -0.165391192 -0.380541623 0.005984965 0.999978304 -0.002749646 -0.004682385 0.165405080 0.001721862 0.986224174 2.531884670
0.986394823 -0.006752202 -0.164254621 -0.387414575 0.006339809 0.999975383 -0.003034806 -0.005516049 0.164271072 0.001952174 0.986413300 2.571423531
0.986633778 -0.007006116 -0.162802592 -0.394367725 0.006232077 0.999966741 -0.005264690 -0.004177620 0.162834048 0.004179724 0.986644626 2.611608267
0.986885846 -0.007097643 -0.161263078 -0.401259959 0.006329323 0.999966085 -0.005277602 -0.005520300 0.161295071 0.004187705 0.986897349 2.652174711
0.987038910 -0.008399787 -0.160260707 -0.408108473 0.007549284 0.999953985 -0.005915133 -0.004938597 0.160303026 0.004628613 0.987056911 2.693032980
0.987521946 -0.008276423 -0.157263786 -0.415048540 0.007472456 0.999955833 -0.005702795 -0.004997455 0.157304078 0.004456488 0.987540126 2.733451605
0.988066375 -0.008270969 -0.153806090 -0.422107697 0.007743311 0.999961913 -0.004029403 -0.005413072 0.153833583 0.002790349 0.988092840 2.775257826
0.988540351 -0.009055925 -0.150684789 -0.428910822 0.008552083 0.999955475 -0.003991382 -0.005401315 0.150714248 0.002656973 0.988573790 2.815883636
0.988938153 -0.008657434 -0.148075625 -0.434510618 0.008153296 0.999958634 -0.004011273 -0.005888130 0.148104236 0.002759596 0.988967896 2.856529474
0.989342451 -0.009037899 -0.145326778 -0.439444035 0.008446637 0.999953330 -0.004685034 -0.005583809 0.145362318 0.003407581 0.989372671 2.897231340
0.989872992 -0.008383098 -0.141708866 -0.446430475 0.007621686 0.999953508 -0.005914994 -0.005177614 0.141751856 0.004775032 0.989890695 2.938347340
0.990308285 -0.007855422 -0.138664424 -0.452842057 0.007190156 0.999960124 -0.005297954 -0.007065197 0.138700530 0.004249590 0.990325272 2.978520393
0.990819275 -0.007661368 -0.134976774 -0.459313542 0.006894540 0.999957323 -0.006147726 -0.006299702 0.135018125 0.005160681 0.990829706 3.018494844
0.991295934 -0.007506564 -0.131438375 -0.464697868 0.006642622 0.999953330 -0.007010208 -0.006314677 0.131484851 0.006076095 0.991299570 3.058623791
0.991782308 -0.007542826 -0.127714321 -0.470178068 0.006473968 0.999940455 -0.008782183 -0.007143792 0.127772957 0.007883195 0.991772115 3.099232674
0.992310047 -0.008371782 -0.123493396 -0.474948078 0.007174681 0.999922872 -0.010135177 -0.006993169 0.123568736 0.009171212 0.992293715 3.137799501
0.992891312 -0.008084754 -0.118749067 -0.480604410 0.006828737 0.999916315 -0.010980171 -0.007438520 0.118827917 0.010091212 0.992863595 3.176102638
0.993348956 -0.008422556 -0.114834934 -0.485145330 0.007132831 0.999906778 -0.011637419 -0.007623821 0.114922240 0.010740919 0.993316412 3.215353966
0.993816316 -0.008079930 -0.110741690 -0.489120245 0.006693684 0.999894440 -0.012883929 -0.007709067 0.110834107 0.012062988 0.993765771 3.253347874
0.994225800 -0.005909608 -0.107144915 -0.493012100 0.004508517 0.999901175 -0.013314114 -0.008804515 0.107213013 0.012754173 0.994154274 3.291077375
0.994525433 -0.005945529 -0.104325265 -0.498150647 0.004560808 0.999898374 -0.013506658 -0.008795764 0.104394972 0.012956908 0.994451523 3.329934120
0.994784176 -0.007341576 -0.101737149 -0.501989543 0.006088458 0.999901891 -0.012622260 -0.008879140 0.101819851 0.011937003 0.994731188 3.368312359
0.994993925 -0.008594770 -0.099564590 -0.505252898 0.007439892 0.999900758 -0.011964789 -0.009144612 0.099657543 0.011164142 0.994959235 3.407021761
0.995245636 -0.008676709 -0.097009465 -0.509984374 0.007487285 0.999892354 -0.012618217 -0.009237573 0.097108513 0.011831886 0.995203555 3.444440126
0.995412350 -0.008092552 -0.095334470 -0.514550328 0.006953698 0.999900520 -0.012272047 -0.010896266 0.095424294 0.011552818 0.995369673 3.483652830
0.995679975 -0.005635509 -0.092681445 -0.520410180 0.004463882 0.999907494 -0.012843902 -0.011039931 0.092745252 0.012374694 0.995612919 3.523120403
0.995866776 -0.001402227 -0.090815097 -0.524172366 0.000166274 0.999907255 -0.013615699 -0.012029111 0.090825781 0.013544322 0.995774686 3.561631441
0.996042788 0.001546008 -0.088862300 -0.529208124 -0.002997066 0.999864340 -0.016198188 -0.011601023 0.088825203 0.016400408 0.995912194 3.600995064
0.996162295 0.001475810 -0.087512977 -0.531685710 -0.003015060 0.999843001 -0.017459230 -0.013242759 0.087473497 0.017656086 0.996010303 3.638715029
0.996213675 0.002249195 -0.086908549 -0.535353065 -0.003955301 0.999802768 -0.019463832 -0.014265712 0.086847626 0.019733883 0.996026039 3.678306341
0.996273458 -0.001000780 -0.086244412 -0.538837016 -0.000715315 0.999802470 -0.019864839 -0.014334295 0.086247258 0.019852508 0.996075928 3.718225479
0.996307731 -0.002180869 -0.085827678 -0.542752922 0.000709978 0.999852300 -0.017164523 -0.014074896 0.085852459 0.017040210 0.996162057 3.757726669
0.996446371 -0.002463849 -0.084194012 -0.547544241 0.001534448 0.999937117 -0.011101734 -0.014492750 0.084216088 0.010933092 0.996387482 3.798277140
0.996495605 -0.001890631 -0.083624005 -0.551457345 0.001484770 0.999986827 -0.004915324 -0.014643829 0.083632194 0.004773935 0.996485293 3.839105606
0.996485353 0.000231831 -0.083767012 -0.555113554 -0.000276065 0.999999762 -0.000516472 -0.015082166 0.083766870 0.000537785 0.996485233 3.880406141
0.996512592 0.001463893 -0.083429612 -0.559016109 -0.001340426 0.999997854 0.001535893 -0.016167343 0.083431691 -0.001418705 0.996512473 3.918462515
0.996572256 0.003202036 -0.082664616 -0.562638879 -0.002851120 0.999986351 0.004362760 -0.016798232 0.082677454 -0.004112119 0.996567905 3.958567381
0.996660948 0.001892909 -0.081629768 -0.566098571 -0.001483602 0.999985993 0.005074552 -0.016195295 0.081638239 -0.004936501 0.996649802 3.999120951
0.996756077 -0.001513789 -0.080467485 -0.569295287 0.001940991 0.999984443 0.005231048 -0.016712653 0.080458313 -0.005370267 0.996743500 4.036771297
0.996841431 -0.005596463 -0.079219423 -0.572483301 0.005846507 0.999978662 0.002924753 -0.016227979 0.079201370 -0.003378673 0.996852934 4.075416088
0.996916175 -0.007559099 -0.078108892 -0.575427413 0.007626556 0.999970794 0.000565333 -0.015959429 0.078102328 -0.001159292 0.996944666 4.113845348
0.997162580 -0.009130140 -0.074722692 -0.578876972 0.009209942 0.999957263 0.000723447 -0.016381085 0.074712910 -0.001409585 0.997204065 4.152543545
0.997378647 -0.007011869 -0.072018236 -0.582541764 0.007184919 0.999971867 0.002144064 -0.016611997 0.072001174 -0.002655889 0.997400939 4.190734863
0.997537315 -0.005172051 -0.069947407 -0.584876299 0.005311803 0.999984205 0.001812105 -0.016511539 0.069936939 -0.002179190 0.997548997 4.230411053
0.997771084 -0.005569426 -0.066496626 -0.588548064 0.005631964 0.999983847 0.000753033 -0.016992299 0.066491358 -0.001125861 0.997786403 4.267653465
0.997916222 -0.008073596 -0.064014174 -0.589658737 0.008028877 0.999967337 -0.000955850 -0.016083607 0.064019807 0.000439897 0.997948468 4.305254459
0.998098731 -0.009312813 -0.060926944 -0.592116177 0.009187963 0.999955177 -0.002329053 -0.015083894 0.060945891 0.001764830 0.998139441 4.342299938
0.998244822 -0.008434891 -0.058618996 -0.593792081 0.008313649 0.999962866 -0.002311905 -0.015536003 0.058636311 0.001820509 0.998277783 4.380300999
0.998432755 -0.008041169 -0.055383533 -0.597189963 0.007889575 0.999964535 -0.002955284 -0.015658582 0.055405322 0.002513699 0.998460710 4.417324066
0.998623788 -0.008960727 -0.051674202 -0.599411428 0.008779128 0.999954462 -0.003740198 -0.015710028 0.051705368 0.003281396 0.998656929 4.454678535
0.998774529 -0.009175381 -0.048631575 -0.601582408 0.008988185 0.999951303 -0.004066527 -0.016470745 0.048666514 0.003624435 0.998808503 4.491420269
0.998869002 -0.009273189 -0.046635624 -0.602578998 0.009045801 0.999946177 -0.005084518 -0.017149376 0.046680260 0.004656911 0.998898983 4.528518677
0.998982787 -0.008442756 -0.044295575 -0.605411887 0.008148225 0.999943495 -0.006825586 -0.017103499 0.044350702 0.006457713 0.998995125 4.564545155
0.999073982 -0.008045685 -0.042266786 -0.607964575 0.007697881 0.999935150 -0.008385091 -0.017237069 0.042331509 0.008051962 0.999071121 4.599355698
0.999092102 -0.007575375 -0.041924473 -0.610038280 0.007179540 0.999928236 -0.009584123 -0.017881013 0.041994072 0.009274425 0.999074757 4.635405540
0.999089777 -0.007834828 -0.041932762 -0.611409426 0.007340791 0.999902010 -0.011922726 -0.017783590 0.042022064 0.011604054 0.999049306 4.671193600
0.999124169 -0.008808487 -0.040906370 -0.613712668 0.008289924 0.999883294 -0.012829230 -0.017979175 0.041014593 0.012478882 0.999080539 4.706323624
0.999154568 -0.009777470 -0.039933566 -0.615930498 0.009292127 0.999880910 -0.012321368 -0.018273767 0.040049285 0.011939880 0.999126375 4.741280556
0.999149501 -0.010837003 -0.039783254 -0.617733538 0.010379412 0.999877810 -0.011690688 -0.018749692 0.039905082 0.011267820 0.999139905 4.776376247
0.999164283 -0.010459871 -0.039513670 -0.619225383 0.010032955 0.999889255 -0.010987191 -0.019495539 0.039624222 0.010581566 0.999158621 4.810313702
0.999162853 -0.009630045 -0.039759122 -0.621343672 0.009218675 0.999902189 -0.010516968 -0.020287978 0.039856523 0.010141637 0.999153912 4.844061375
0.999131143 -0.008511840 -0.040798146 -0.622940779 0.008087478 0.999911606 -0.010555307 -0.020796271 0.040884383 0.010216182 0.999111652 4.876518250
0.999098897 -0.007893703 -0.041703098 -0.624920189 0.007443863 0.999912620 -0.010931015 -0.020902064 0.041785732 0.010610730 0.999070168 4.908579350
0.999064147 -0.008376852 -0.042434599 -0.626600742 0.007904510 0.999904990 -0.011286672 -0.021938264 0.042525120 0.010940685 0.999035478 4.939819813
0.999036968 -0.008799444 -0.042986959 -0.628886163 0.008296987 0.999895334 -0.011853084 -0.022544600 0.043086763 0.011485006 0.999005318 4.970903873
0.998960435 -0.009618693 -0.044558778 -0.630320549 0.008999792 0.999860466 -0.014069401 -0.022990417 0.044687893 0.013653753 0.998907685 5.002239704
0.998886287 -0.009973207 -0.046116393 -0.632426679 0.009238328 0.999827504 -0.016121084 -0.022884529 0.046269208 0.015677089 0.998806000 5.032605648
0.998786271 -0.010976444 -0.048015539 -0.634899199 0.010191074 0.999810815 -0.016570933 -0.024365906 0.048188340 0.016061487 0.998709202 5.062174797
0.998702526 -0.011721570 -0.049556911 -0.637837350 0.010923253 0.999806702 -0.016349349 -0.025213975 0.049738966 0.015786812 0.998637557 5.092310429
0.998567224 -0.009962637 -0.052575659 -0.637919188 0.009074617 0.999812543 -0.017102098 -0.024562553 0.052736197 0.016600491 0.998470485 5.122580051
0.998490155 -0.008681724 -0.054239228 -0.640183330 0.007748584 0.999818802 -0.017390799 -0.024874270 0.054380383 0.016944269 0.998376489 5.150371552
0.998448610 -0.008213494 -0.055071261 -0.643179119 0.007273376 0.999824762 -0.017249737 -0.025740482 0.055203293 0.016822422 0.998333454 5.178467274
0.998355329 -0.007895823 -0.056783341 -0.644527793 0.006928760 0.999827921 -0.017207501 -0.026287086 0.056909446 0.016785767 0.998238206 5.206945419
0.998254120 -0.007465966 -0.058592595 -0.646419704 0.006546450 0.999852657 -0.015869671 -0.027349368 0.058702447 0.015458392 0.998155773 5.234902382
0.998187661 -0.006815417 -0.059791297 -0.648718536 0.005938169 0.999872327 -0.014837261 -0.026924457 0.059884787 0.014455321 0.998100519 5.262181759
0.998108029 -0.008328511 -0.060918152 -0.650976062 0.007574969 0.999892056 -0.012590255 -0.027808256 0.061016433 0.012104979 0.998063385 5.289254189
0.997963130 -0.009523377 -0.063077554 -0.653446913 0.008851560 0.999901235 -0.010921524 -0.028056633 0.063175321 0.010340943 0.997948885 5.314965248
0.997729301 -0.010841553 -0.066473529 -0.655314326 0.010216731 0.999900460 -0.009732347 -0.028710827 0.066572435 0.009031106 0.997740805 5.342025757
0.997470379 -0.010750709 -0.070264935 -0.657770276 0.010129443 0.999906421 -0.009192067 -0.028998123 0.070357189 0.008457070 0.997485995 5.369509697
0.997168243 -0.009853181 -0.074554168 -0.660564780 0.009298072 0.999926507 -0.007789139 -0.029950397 0.074625418 0.007073870 0.997186542 5.395452499
0.996893525 -0.008135431 -0.078340113 -0.663984656 0.007600213 0.999945641 -0.007127727 -0.029828509 0.078393847 0.006510184 0.996901155 5.421267986
0.996494353 -0.007935285 -0.083282724 -0.666187346 0.007496924 0.999956310 -0.005574930 -0.030408869 0.083323330 0.004931022 0.996510386 5.448097229
0.996124387 -0.008105650 -0.087581560 -0.668941855 0.007755484 0.999960542 -0.004337682 -0.030531285 0.087613255 0.003641634 0.996147990 5.474184036
0.995750606 -0.008209299 -0.091724038 -0.672010303 0.007893445 0.999961615 -0.003805785 -0.030971259 0.091751762 0.003065594 0.995777190 5.500933647
0.995391726 -0.008284679 -0.095533669 -0.675014973 0.007939549 0.999960542 -0.003992226 -0.031147448 0.095562987 0.003215335 0.995418191 5.524568558
0.995068908 -0.008158096 -0.098850258 -0.679224432 0.007703190 0.999957919 -0.004982779 -0.030853817 0.098886766 0.004196746 0.995089829 5.549875736
0.994672716 -0.008301935 -0.102748588 -0.682081819 0.007831194 0.999956965 -0.004984039 -0.031522639 0.102785535 0.004152843 0.994694829 5.575040817
0.994337201 -0.007388335 -0.106014922 -0.685508549 0.006865392 0.999962330 -0.005296855 -0.031507686 0.106050067 0.004539025 0.994350553 5.600719929
0.994098186 -0.007384876 -0.108232312 -0.689433098 0.006850762 0.999962449 -0.005305890 -0.031330429 0.108267426 0.004533101 0.994111478 5.625501156
0.993816376 -0.007638581 -0.110772759 -0.691345334 0.007163765 0.999963343 -0.004683768 -0.032031760 0.110804483 0.003861255 0.993834734 5.651031017
0.993726015 -0.007734018 -0.111573584 -0.694682539 0.007308690 0.999964476 -0.004220586 -0.032225870 0.111602269 0.003378651 0.993747175 5.676090240
0.993643701 -0.008252606 -0.112267666 -0.697319746 0.007868751 0.999961615 -0.003861770 -0.032328703 0.112295233 0.002953817 0.993670464 5.700754642
0.993647575 -0.009010488 -0.112175494 -0.700537682 0.008600773 0.999954402 -0.004135838 -0.032122038 0.112207666 0.003144768 0.993679762 5.725136757
0.993601203 -0.010054089 -0.112497032 -0.703900754 0.009713486 0.999946356 -0.003575372 -0.032699257 0.112526938 0.002459754 0.993645608 5.750769615
0.993452132 -0.011250901 -0.113693886 -0.707203746 0.010991490 0.999935329 -0.002908293 -0.033152524 0.113719240 0.001639585 0.993511558 5.775736332
0.993172050 -0.011444786 -0.116095759 -0.709057987 0.011252100 0.999934018 -0.002314962 -0.033075556 0.116114579 0.000992835 0.993235350 5.799908638
0.992928982 -0.011358282 -0.118165098 -0.713981450 0.011168802 0.999935031 -0.002265616 -0.033312511 0.118183143 0.000929833 0.992991388 5.826093674
0.992641211 -0.010623060 -0.120624982 -0.717640221 0.010395051 0.999942780 -0.002519353 -0.033552863 0.120644830 0.001246911 0.992694974 5.850738049
0.992340684 -0.010140754 -0.123114251 -0.721111119 0.009893540 0.999947548 -0.002619214 -0.033775646 0.123134352 0.001381117 0.992389083 5.875291348
0.992066562 -0.010172910 -0.125301465 -0.724988043 0.009948280 0.999947608 -0.002418345 -0.034354065 0.125319481 0.001152625 0.992115915 5.899518013
0.991709232 -0.009421667 -0.128156617 -0.728540778 0.009093949 0.999953747 -0.003142097 -0.033651207 0.128180265 0.001950597 0.991748989 5.924320221
0.991392314 -0.009126676 -0.130606145 -0.732067168 0.008818654 0.999956846 -0.002936597 -0.033340968 0.130627304 0.001759549 0.991430044 5.949107647
0.991160631 -0.009273358 -0.132342905 -0.736245155 0.009022269 0.999956191 -0.002496796 -0.034350011 0.132360265 0.001280693 0.991200864 5.973672867
0.990839183 -0.010947287 -0.134603247 -0.738594353 0.010542504 0.999937534 -0.003719670 -0.033873145 0.134635568 0.002266540 0.990892589 5.998604774
0.990815163 -0.011387411 -0.134742215 -0.743489146 0.010935475 0.999931812 -0.004093734 -0.034398187 0.134779662 0.002582664 0.990872264 6.022189140
0.990649760 -0.012095129 -0.135892004 -0.746679842 0.011603802 0.999922991 -0.004407135 -0.034771606 0.135934830 0.002789063 0.990713835 6.046661854
0.990521312 -0.012241472 -0.136812612 -0.750291824 0.011726928 0.999920845 -0.004566329 -0.035120595 0.136857703 0.002918655 0.990586340 6.070517540
0.990581870 -0.011850660 -0.136407554 -0.754063845 0.011333345 0.999925435 -0.004568428 -0.035001557 0.136451513 0.002979449 0.990642309 6.094803333
0.990703642 -0.011744963 -0.135530055 -0.757449567 0.011293178 0.999927819 -0.004101840 -0.035023063 0.135568440 0.002533142 0.990764737 6.119335175
0.990782619 -0.012172259 -0.134913877 -0.760390282 0.011756371 0.999923408 -0.003878922 -0.035182010 0.134950772 0.002257071 0.990849793 6.144541740
0.991044521 -0.011631641 -0.133024648 -0.764004648 0.011292456 0.999930799 -0.003303987 -0.035121329 0.133053884 0.001772222 0.991107225 6.169168472
0.991336167 -0.010790054 -0.130905122 -0.767117441 0.010464362 0.999940217 -0.003175654 -0.035764880 0.130931571 0.001778302 0.991389811 6.193595886
0.991750002 -0.010395928 -0.127764761 -0.771019995 0.009886990 0.999940395 -0.004616985 -0.035887171 0.127805188 0.003315686 0.991793752 6.217027187
0.992164850 -0.010314466 -0.124508902 -0.773770571 0.009636668 0.999935329 -0.006044834 -0.035910975 0.124563187 0.004797621 0.992200136 6.241616726
0.992664993 -0.011257132 -0.120372064 -0.776652694 0.010481698 0.999920011 -0.007073213 -0.036069851 0.120442070 0.005759628 0.992703617 6.265600681
0.993212223 -0.010503056 -0.115841523 -0.779532075 0.009640573 0.999921501 -0.008003153 -0.036735810 0.115916491 0.006832049 0.993235409 6.290745735
0.993654609 -0.010186924 -0.112011805 -0.782122016 0.009172840 0.999912202 -0.009564999 -0.036759071 0.112099394 0.008476839 0.993660867 6.313364506
0.994112730 -0.009787110 -0.107907623 -0.785380840 0.008655055 0.999902606 -0.010954293 -0.037099302 0.108004317 0.009955855 0.994100630 6.337070465
0.994368374 -0.010891303 -0.105418250 -0.786920667 0.009671460 0.999880373 -0.012075771 -0.037416488 0.105537139 0.010988213 0.994354725 6.361693859
0.994636118 -0.011831851 -0.102757908 -0.789308131 0.010465283 0.999849617 -0.013827882 -0.037240129 0.102906056 0.012678318 0.994610369 6.386592388
0.994802117 -0.012605474 -0.101045139 -0.792386413 0.011093838 0.999818325 -0.015508007 -0.037429720 0.101222239 0.014306418 0.994761109 6.410501003
0.994888186 -0.012541167 -0.100200191 -0.795303643 0.010902716 0.999798119 -0.016882677 -0.038040102 0.100391664 0.015703922 0.994824052 6.434865475
0.994860351 -0.011690785 -0.100580171 -0.798321486 0.009923808 0.999787807 -0.018050296 -0.037785619 0.100769848 0.016959384 0.994765222 6.459088326
0.994691253 -0.011479792 -0.102261886 -0.800725341 0.009585276 0.999773622 -0.018998291 -0.038418695 0.102456808 0.017917227 0.994576156 6.484239578
0.994546413 -0.011408390 -0.103669211 -0.804162204 0.009482182 0.999773502 -0.019054215 -0.039594755 0.103863105 0.017967284 0.994429290 6.508726120
0.994302273 -0.011360627 -0.105990730 -0.807295203 0.009470171 0.999787331 -0.018322313 -0.039256588 0.106176347 0.017214166 0.994198203 6.533277988
0.993966222 -0.013627613 -0.108837053 -0.810739875 0.011876239 0.999789596 -0.016723769 -0.039359786 0.109042048 0.015330284 0.993918955 6.558642864
0.993419468 -0.015330037 -0.113501713 -0.814053714 0.013461840 0.999761343 -0.017207852 -0.039741002 0.113738425 0.015566677 0.993388772 6.583212376
0.992768407 -0.015484117 -0.119042009 -0.817568898 0.013507620 0.999757409 -0.017392363 -0.041272871 0.119282424 0.015658619 0.992736876 6.607223034
0.992127001 -0.012458775 -0.124613993 -0.821739733 0.010327893 0.999789417 -0.017731294 -0.041893125 0.124808654 0.016304698 0.992046833 6.631693363
0.991531193 -0.010229592 -0.129464731 -0.825565159 0.007912572 0.999799371 -0.018398654 -0.042543232 0.129626974 0.017218443 0.991413295 6.655427933
0.990940332 -0.008383405 -0.134040967 -0.829952538 0.005928210 0.999807477 -0.018705398 -0.042969182 0.134171963 0.017741309 0.990799308 6.680498123
0.990478277 -0.004725658 -0.137588054 -0.835362136 0.002058760 0.999807358 -0.019519070 -0.043635309 0.137653798 0.019049954 0.990297198 6.704941750
0.990137160 -0.000871583 -0.140098944 -0.840440571 -0.001908835 0.999803901 -0.019710502 -0.044204511 0.140088648 0.019783527 0.989941359 6.728550434
0.989893079 0.000252618 -0.141815141 -0.844592631 -0.002916309 0.999823153 -0.018575313 -0.044629037 0.141785368 0.018801149 0.989718914 6.752913475
0.989662945 -0.002469482 -0.143391788 -0.847100317 -0.000119142 0.999837279 -0.018041408 -0.045777678 0.143412977 0.017872000 0.989501536 6.777696609
0.989704311 -0.006212357 -0.142992452 -0.851147532 0.003503171 0.999809682 -0.019190323 -0.045238771 0.143084452 0.018491816 0.989537656 6.802844048
0.989713013 -0.008801005 -0.142796859 -0.854280472 0.006031302 0.999785423 -0.019817375 -0.044529341 0.142940670 0.018752260 0.989553511 6.827822685
0.989802003 -0.007817522 -0.142235413 -0.857768059 0.005259414 0.999817729 -0.018352091 -0.044945866 0.142352998 0.017416861 0.989662707 6.852076530
0.989941478 -0.004681791 -0.141400397 -0.862755954 0.002405614 0.999864817 -0.016264025 -0.045723304 0.141457468 0.015760280 0.989818871 6.878035069
0.990050912 -0.004353992 -0.140641794 -0.866573930 0.002076698 0.999864399 -0.016334858 -0.047157340 0.140693843 0.015880276 0.989925802 6.902739048
0.990124464 -0.005442508 -0.140085697 -0.870103180 0.003043879 0.999845147 -0.017331153 -0.047455519 0.140158340 0.016733596 0.989987671 6.927186966
0.990295708 -0.006727465 -0.138813704 -0.873547018 0.004418047 0.999846756 -0.016938252 -0.047535889 0.138906375 0.016160594 0.990173697 6.952890396
0.990377247 -0.003232657 -0.138356313 -0.877125084 0.001155849 0.999885440 -0.015088291 -0.048485279 0.138389260 0.014783179 0.990267634 6.977911472
0.990480661 -0.000405352 -0.137651443 -0.882169127 -0.001559744 0.999898434 -0.014167719 -0.048449419 0.137643203 0.014247553 0.990379393 7.003088474
0.990522027 0.000318341 -0.137354061 -0.886256397 -0.002110380 0.999914527 -0.012901436 -0.048578810 0.137338206 0.013069022 0.990438044 7.028470516
0.990633368 0.001722301 -0.136537775 -0.890541911 -0.003529046 0.999909401 -0.012991608 -0.048660208 0.136503041 0.013351770 0.990549624 7.054112434
0.990752339 0.003359321 -0.135640740 -0.894786537 -0.005256528 0.999893308 -0.013631269 -0.049851976 0.135580465 0.014218212 0.990664303 7.079613686
0.990711153 0.005501649 -0.135871813 -0.898475170 -0.007667284 0.999851644 -0.015420643 -0.050048176 0.135766804 0.016319171 0.990606368 7.104514122
0.990780294 0.005167917 -0.135379732 -0.902372956 -0.007758527 0.999796629 -0.018615250 -0.050653063 0.135255992 0.019493973 0.990618885 7.130457401
0.990936577 0.003017536 -0.134296656 -0.907396972 -0.005902477 0.999760211 -0.021088887 -0.050928414 0.134200811 0.021690436 0.990716696 7.155958176
0.990814805 -0.000444091 -0.135224819 -0.909653783 -0.002260697 0.999800444 -0.019847948 -0.051942222 0.135206640 0.019971343 0.990616083 7.182349682
0.990917325 -0.005171131 -0.134373397 -0.912825286 0.002313437 0.999768019 -0.021414246 -0.052077435 0.134452984 0.020908881 0.990699291 7.207678318
0.991026282 -0.009818207 -0.133306235 -0.916905284 0.006836263 0.999716520 -0.022808444 -0.053652011 0.133492380 0.021692455 0.990812480 7.233431339
0.990903556 -0.011973994 -0.134040982 -0.919193387 0.008930547 0.999689102 -0.023283627 -0.053012714 0.134278119 0.021874771 0.990702152 7.260671139
0.990797460 -0.012266532 -0.134795740 -0.921355128 0.009320434 0.999704182 -0.022465399 -0.053261109 0.135031447 0.021002306 0.990618646 7.287277699
