0.999976695 0.002378491 -0.006398227 -0.000996307 -0.002321043 0.999957085 0.008971415 -0.000093994 0.006419291 -0.008956354 0.999939263 0.057585839
0.999964058 0.004359924 -0.007273492 -0.004138317 -0.004288761 0.999943018 0.009770912 -0.000374019 0.007315679 -0.009739365 0.999925792 0.062471386
0.999941409 0.005155864 -0.009515348 -0.005724463 -0.005064928 0.999941528 0.009556440 -0.000185373 0.009564064 -0.009507686 0.999908984 0.072371460
0.999909759 0.005430993 -0.012289110 -0.006418306 -0.005313813 0.999940276 0.009547938 0.000088342 0.012340233 -0.009481774 0.999878883 0.078610189
0.999832273 0.005961293 -0.017315002 -0.005449942 -0.005787094 0.999932230 0.010093304 0.000533401 0.017373994 -0.009991406 0.999799252 0.085807480
0.999782741 0.006862879 -0.019688329 -0.006983348 -0.006636379 0.999911308 0.011546592 0.000943647 0.019765822 -0.011413423 0.999739468 0.090303339
0.999692738 0.007097957 -0.023747561 -0.005756597 -0.006788602 0.999891400 0.013082230 0.000571949 0.023837835 -0.012916997 0.999632478 0.094977751
0.999645293 0.005733876 -0.026007814 -0.006528797 -0.005391405 0.999898195 0.013219083 0.000750998 0.026080962 -0.013074176 0.999574244 0.099003717
0.999544561 0.003851783 -0.029930905 -0.006093957 -0.003460658 0.999908030 0.013108461 0.000155672 0.029978640 -0.012998910 0.999466002 0.102317467
0.999431133 0.002937655 -0.033596642 -0.006371196 -0.002542565 0.999927163 0.011796459 0.000336866 0.033628844 -0.011704327 0.999365866 0.102556251
0.999286413 0.003187560 -0.037635531 -0.007128347 -0.002738317 0.999924421 0.011982181 0.000289206 0.037670888 -0.011870573 0.999219716 0.108077943
0.999100804 0.003702026 -0.042235859 -0.008780597 -0.003157926 0.999911308 0.012941863 0.000466444 0.042280018 -0.012796848 0.999023855 0.116662510
0.998845994 0.004869405 -0.047781721 -0.009561487 -0.004206046 0.999893546 0.013973852 0.000832761 0.047844671 -0.013756752 0.998760104 0.123801373
0.998543024 0.006167232 -0.053607266 -0.010928854 -0.005304047 0.999854147 0.016229382 0.000235739 0.053699546 -0.015921397 0.998430192 0.132527202
0.998171747 0.008623530 -0.059823032 -0.012469068 -0.007615813 0.999825537 0.017052578 0.001051229 0.059959654 -0.016565796 0.998063326 0.141502768
0.997809052 0.010105156 -0.065384157 -0.014190249 -0.008970791 0.999804497 0.017619641 0.001430711 0.065549433 -0.016994489 0.997704446 0.150403991
0.997418702 0.011446269 -0.070887603 -0.015938517 -0.010286531 0.999807596 0.016703730 0.002316434 0.071065165 -0.015931422 0.997344375 0.160236463
0.996902943 0.013136763 -0.077535748 -0.017527975 -0.011868276 0.999788404 0.016798245 0.002136607 0.077740029 -0.015826005 0.996848047 0.170637116
0.996471107 0.014594250 -0.082657412 -0.019950625 -0.013295722 0.999779642 0.016238509 0.002344780 0.082876191 -0.015082215 0.996445775 0.181910530
0.995976090 0.015453236 -0.088276878 -0.021340739 -0.014085253 0.999771118 0.016098503 0.002355585 0.088505439 -0.014790322 0.995965898 0.191030920
0.995610118 0.015398950 -0.092322536 -0.023715686 -0.013962291 0.999771476 0.016187081 0.002240024 0.092550710 -0.014826989 0.995597601 0.204870790
0.995217502 0.015155083 -0.096501239 -0.025482325 -0.013673756 0.999778569 0.015993230 0.002121701 0.096722253 -0.014597207 0.995204389 0.219072238
0.994779825 0.014456356 -0.101016812 -0.027817490 -0.012882332 0.999785542 0.016216839 0.002518673 0.101229593 -0.014830849 0.994752586 0.235531032
0.994338453 0.013057929 -0.105453685 -0.030735709 -0.011236510 0.999777555 0.017847924 0.002245393 0.105663307 -0.016561951 0.994263947 0.253000885
0.993858099 0.012652514 -0.109936215 -0.033468839 -0.010723031 0.999778211 0.018124484 0.002652861 0.110141151 -0.016834317 0.993773341 0.272773534
0.993332684 0.011996500 -0.114656404 -0.036621317 -0.010078420 0.999799669 0.017294027 0.002729345 0.114840887 -0.016023168 0.993254781 0.292367816
0.992837191 0.011388650 -0.118930981 -0.040377460 -0.009578350 0.999829650 0.015781974 0.002597650 0.119090460 -0.014529772 0.992777109 0.314396590
0.992238641 0.011023252 -0.123858616 -0.043938711 -0.009230441 0.999844313 0.015039198 0.003363703 0.124005124 -0.013779206 0.992185891 0.337839931
0.991515219 0.008241273 -0.129728466 -0.047193490 -0.006392857 0.999872088 0.014658335 0.003572610 0.129832685 -0.013704628 0.991441250 0.362528712
0.990690887 0.005837207 -0.136005670 -0.051065218 -0.004242416 0.999918759 0.012012810 0.004623697 0.136064753 -0.011323987 0.990635216 0.386834085
0.989874601 0.003975644 -0.141888872 -0.056272738 -0.002778155 0.999958873 0.008636726 0.005667026 0.141917348 -0.008155086 0.989844918 0.413501203
0.988897562 0.004575477 -0.148529217 -0.060504250 -0.004038287 0.999984145 0.003918108 0.006359628 0.148544788 -0.003274803 0.988900185 0.440123796
0.987925649 0.007513374 -0.154746547 -0.066752732 -0.007334562 0.999971569 0.001726429 0.006510254 0.154755116 -0.000570585 0.987952590 0.468453676
0.986859202 0.005954958 -0.161472514 -0.072657399 -0.005515576 0.999979913 0.003169216 0.007043894 0.161488116 -0.002236957 0.986872077 0.498053432
0.985787868 0.001931897 -0.167983636 -0.077671744 -0.000904161 0.999980390 0.006194340 0.007411298 0.167992309 -0.005954421 0.985770345 0.530071020
0.984807491 -0.000541891 -0.173648670 -0.083873980 0.001861767 0.999970615 0.007438050 0.007461223 0.173639536 -0.007648341 0.984779596 0.561894059
0.983926177 -0.002442364 -0.178559124 -0.090315163 0.004034243 0.999955237 0.008552591 0.007519716 0.178530216 -0.009135470 0.983892024 0.594512463
0.983147681 -0.004307507 -0.182762489 -0.096326992 0.005777503 0.999955118 0.007511529 0.007848808 0.182721913 -0.008440853 0.983128428 0.627244890
0.982850790 -0.005897155 -0.184308931 -0.103218764 0.007162118 0.999955118 0.006198303 0.008116286 0.184264094 -0.007412049 0.982848883 0.660835981
0.982660234 -0.005406443 -0.185336605 -0.110561542 0.006624880 0.999960244 0.005955533 0.007941931 0.185297042 -0.007080098 0.982657015 0.694003940
0.982786715 -0.003269957 -0.184714690 -0.117609456 0.004434836 0.999972761 0.005893575 0.007958820 0.184690386 -0.006611307 0.982774556 0.729059756
0.983437359 -0.002390173 -0.181232423 -0.124784544 0.003350029 0.999981940 0.004990355 0.008398706 0.181217209 -0.005514835 0.983427703 0.763866007
0.984422684 -0.002592938 -0.175798550 -0.130664870 0.003034378 0.999992907 0.002242288 0.008916602 0.175791472 -0.002740799 0.984423637 0.796561718
0.985420644 0.001085283 -0.170132294 -0.136642799 -0.000998369 0.999999404 0.000596419 0.009543298 0.170132846 -0.000417869 0.985421121 0.832821310
0.986526191 0.002444738 -0.163585171 -0.143661976 -0.002513528 0.999996841 -0.000213539 0.009539416 0.163584143 0.000621838 0.986529171 0.868340254
0.987560868 0.002042833 -0.157223597 -0.149480596 -0.002133121 0.999997616 -0.000405529 0.009322185 0.157222345 0.000735862 0.987562954 0.902051508
0.988617122 -0.003382107 -0.150415286 -0.154263213 0.003495296 0.999993801 0.000488133 0.008832911 0.150412664 -0.001008322 0.988622844 0.938476682
0.989448369 -0.007584556 -0.144687384 -0.157491401 0.007694601 0.999970376 0.000200975 0.009871441 0.144681558 -0.001312166 0.989477456 0.975365102
0.990491688 -0.008075517 -0.137334943 -0.162970409 0.008157498 0.999966681 0.000034127 0.009688183 0.137330130 -0.001154113 0.990524590 1.010128975
0.991463065 -0.004439984 -0.130311623 -0.168687552 0.004458855 0.999989986 -0.000146953 0.009028280 0.130310982 -0.000435342 0.991473019 1.046310186
0.992175341 -0.001457486 -0.124843441 -0.173268229 0.001372793 0.999998748 -0.000764425 0.009650265 0.124844402 0.000587060 0.992176175 1.083535433
0.992924988 -0.000791323 -0.118740678 -0.178615272 0.000767099 0.999999642 -0.000249714 0.009172281 0.118740849 0.000156862 0.992925227 1.119205952
0.993530869 -0.000900300 -0.113559015 -0.182321548 0.000969835 0.999999344 0.000557076 0.008800440 0.113558441 -0.000663606 0.993531108 1.155813694
0.994068027 -0.002989487 -0.108718775 -0.187061459 0.003139883 0.999994278 0.001212178 0.008434138 0.108714543 -0.001546351 0.994071841 1.193103433
0.994382560 -0.006339706 -0.105657093 -0.189786732 0.006507668 0.999978065 0.001244987 0.008710888 0.105646901 -0.001925575 0.994401872 1.228730321
0.994664550 -0.010500258 -0.102626391 -0.192662463 0.010671996 0.999942422 0.001124490 0.009061133 0.102608673 -0.002213719 0.994719326 1.267100096
0.995003343 -0.012265031 -0.099085912 -0.196844369 0.012534717 0.999919236 0.002099641 0.008690102 0.099052161 -0.003331163 0.995076716 1.303544760
0.995219409 -0.012187609 -0.096901052 -0.200177968 0.012391540 0.999922037 0.001502988 0.008736817 0.096875191 -0.002696557 0.995292902 1.338725567
0.995561898 -0.010309755 -0.093542792 -0.203306928 0.010426098 0.999945343 0.000755111 0.008882319 0.093529902 -0.001727047 0.995614886 1.374070883
0.995946527 -0.007042304 -0.089671403 -0.207410201 0.007026490 0.999975145 -0.000492051 0.008299405 0.089672662 -0.000140019 0.995971262 1.407675624
0.996274054 -0.006268844 -0.086015835 -0.210288659 0.006222423 0.999980271 -0.000807786 0.007641750 0.086019211 0.000269549 0.996293426 1.438796878
0.996719837 -0.006766631 -0.080645852 -0.212747037 0.006620503 0.999975860 -0.002079227 0.007800166 0.080657981 0.001538491 0.996740639 1.467629790
0.997127771 -0.009094699 -0.075189710 -0.214817226 0.008875906 0.999955297 -0.003243543 0.007663314 0.075215846 0.002566850 0.997164011 1.496429324
0.997399032 -0.011210171 -0.071200408 -0.215944499 0.010930591 0.999930918 -0.004315060 0.007747631 0.071243867 0.003525574 0.997452676 1.523186088
0.997667313 -0.013249853 -0.066964760 -0.217604250 0.012884697 0.999899685 -0.005881906 0.007717787 0.067035973 0.005005365 0.997738004 1.547739148
0.997944117 -0.014312295 -0.062471662 -0.218434930 0.013894466 0.999878109 -0.007117636 0.007392772 0.062565930 0.006234992 0.998021483 1.570106030
0.998219430 -0.012189748 -0.058389772 -0.220190093 0.011740943 0.999898851 -0.008023255 0.007091190 0.058481675 0.007323419 0.998261631 1.590794563
0.998366416 -0.010773641 -0.056111719 -0.221003920 0.010296837 0.999908388 -0.008779617 0.007258722 0.056201179 0.008187502 0.998385906 1.609675288
0.998539209 -0.011594065 -0.052774895 -0.221937269 0.011142845 0.999898791 -0.008836159 0.006616957 0.052872036 0.008235189 0.998567343 1.626240492
0.998688698 -0.011869694 -0.049799979 -0.222658128 0.011426059 0.999892533 -0.009183568 0.006588130 0.049903639 0.008602511 0.998717010 1.640558362
0.998813450 -0.010773560 -0.047491893 -0.223684996 0.010381656 0.999910057 -0.008490967 0.005986399 0.047579087 0.007987846 0.998835564 1.652936578
0.998885989 -0.008861091 -0.046347342 -0.223902225 0.008471537 0.999927163 -0.008594765 0.005509136 0.046420120 0.008192558 0.998888433 1.663320422
0.998949289 -0.007927695 -0.045138124 -0.224417612 0.007445505 0.999913573 -0.010840669 0.005471624 0.045220159 0.010493204 0.998921931 1.672136307
0.999016166 -0.008627724 -0.043499302 -0.225123018 0.008029440 0.999870956 -0.013909881 0.005893361 0.043613702 0.013546921 0.998956621 1.679661274
0.999038279 -0.009733353 -0.042755630 -0.225473106 0.009052653 0.999829650 -0.016085604 0.005449800 0.042904910 0.015683081 0.998956084 1.688450336
0.999026299 -0.010684863 -0.042804822 -0.225349545 0.009967944 0.999807119 -0.016927088 0.005016318 0.042977422 0.016483931 0.998940110 1.697044015
0.999007165 -0.011087566 -0.043148644 -0.226004452 0.010363101 0.999802232 -0.016977575 0.004784843 0.043328345 0.016513564 0.998924494 1.706252098
0.998965800 -0.010565748 -0.044225004 -0.227235109 0.009815345 0.999804735 -0.017150756 0.004814850 0.044397578 0.016698936 0.998874426 1.715665102
0.998874784 -0.009797062 -0.046401970 -0.228277445 0.008998692 0.999808550 -0.017383261 0.004649911 0.046563379 0.016946148 0.998771548 1.725274682
0.998696268 -0.010381342 -0.049979758 -0.229179651 0.009531335 0.999806345 -0.017215407 0.004372694 0.050148793 0.016716588 0.998601854 1.734943390
0.998449624 -0.010880875 -0.054589488 -0.230391234 0.009947216 0.999800086 -0.017345918 0.004308213 0.054767311 0.016776009 0.998358190 1.744967580
0.998179436 -0.011198348 -0.059265878 -0.231736064 0.010184825 0.999797106 -0.017375866 0.004156180 0.059448436 0.016740618 0.998091042 1.754689217
0.997861981 -0.011319878 -0.064368300 -0.233196840 0.010196479 0.999790311 -0.017754504 0.004068211 0.064555779 0.017060211 0.997768223 1.764820099
0.997511148 -0.010472458 -0.069726691 -0.234915257 0.009232969 0.999794006 -0.018075040 0.004244462 0.069901615 0.017386273 0.997402370 1.776054144
0.997109711 -0.009777074 -0.075343549 -0.236823574 0.008395375 0.999791145 -0.018633608 0.004104666 0.075509995 0.017947214 0.996983528 1.787423015
0.996620476 -0.009938030 -0.081540659 -0.238872051 0.008384653 0.999777257 -0.019370669 0.003897477 0.081714995 0.018621514 0.996481776 1.799468637
0.996090233 -0.010112830 -0.087761477 -0.241508946 0.008397716 0.999767005 -0.019890185 0.003310405 0.087942161 0.019075423 0.995942891 1.812690735
0.995405734 -0.011014827 -0.095109873 -0.243092954 0.009105407 0.999748588 -0.020486634 0.003326364 0.095311627 0.019526504 0.995255888 1.826759577
0.994644880 -0.010605031 -0.102804378 -0.245258391 0.008527931 0.999750853 -0.020622889 0.003142994 0.102997474 0.019635746 0.994487762 1.841515899
0.993778765 -0.009923957 -0.110928334 -0.248345837 0.007642457 0.999750733 -0.020973636 0.002785299 0.111108840 0.019995393 0.993607044 1.857470274
0.992820680 -0.009898246 -0.119201012 -0.251816213 0.007399314 0.999743760 -0.021388389 0.002280038 0.119382173 0.020352831 0.992639720 1.874781251
0.991788328 -0.010664519 -0.127444208 -0.255265087 0.008027447 0.999743223 -0.021187725 0.002067953 0.127637431 0.019990688 0.991619349 1.892116904
0.990707755 -0.010539089 -0.135598943 -0.259332925 0.007837316 0.999760211 -0.020443186 0.001775730 0.135781914 0.019190492 0.990552843 1.913082004
0.989562213 -0.009638920 -0.143783659 -0.263119698 0.006882716 0.999783099 -0.019654211 0.001809999 0.143941954 0.018459445 0.989413917 1.933751345
0.988493919 -0.009181257 -0.150981680 -0.268068999 0.006430653 0.999804497 -0.018696314 0.001579463 0.151123837 0.017510282 0.988359690 1.955267668
0.987463951 -0.010160368 -0.157516807 -0.273091227 0.007443343 0.999813259 -0.017829457 0.000997610 0.157668546 0.016433494 0.987355351 1.977389216
0.986345410 -0.010109977 -0.164378300 -0.277088851 0.007351831 0.999821961 -0.017378999 0.000423308 0.164524734 0.015933217 0.986244202 2.002057552
0.985290945 -0.009065473 -0.170643941 -0.282287300 0.006149292 0.999826074 -0.017610077 0.000632368 0.170773908 0.016301712 0.985175371 2.027295589
0.984389365 -0.008351548 -0.175805643 -0.287402481 0.005328144 0.999829829 -0.017662438 0.000264388 0.175923213 0.016449997 0.984266460 2.053155899
0.983973622 -0.008294755 -0.178120986 -0.293828607 0.005177658 0.999825358 -0.017957613 -0.000242740 0.178238839 0.016747566 0.983844697 2.081065893
0.983800828 -0.006905142 -0.179131582 -0.299871147 0.003759474 0.999832869 -0.017894194 -0.000581596 0.179225177 0.016930884 0.983662426 2.109843969
0.984021127 -0.006498123 -0.177933171 -0.306620896 0.003399271 0.999837279 -0.017715139 -0.000970665 0.178019375 0.016827231 0.983883083 2.140526295
0.984350741 -0.006425534 -0.176103070 -0.312806338 0.003137329 0.999815643 -0.018944126 -0.001159880 0.176192328 0.018095169 0.984189510 2.172564030
0.984508157 -0.008285789 -0.175143003 -0.318228424 0.004896899 0.999792576 -0.019772602 -0.002325516 0.175270483 0.018608632 0.984344423 2.206378460
0.984759986 -0.009441822 -0.173662454 -0.324965388 0.005915323 0.999765992 -0.020813001 -0.002322759 0.173818320 0.019468540 0.984585285 2.241185427
0.984865665 -0.008971426 -0.173086986 -0.331457019 0.005655203 0.999791086 -0.019642932 -0.002453111 0.173227027 0.018366812 0.984710634 2.277296066
0.985056579 -0.008148004 -0.172037959 -0.338226795 0.005299421 0.999841392 -0.017010668 -0.002141364 0.172149241 0.015844774 0.984943390 2.315193892
0.985347927 -0.007203950 -0.170404121 -0.347036302 0.004929096 0.999893129 -0.013769070 -0.002286017 0.170485094 0.012727387 0.985278070 2.354878664
0.985502183 -0.006884596 -0.169523224 -0.353776664 0.005423655 0.999944031 -0.009079508 -0.003356043 0.169576243 0.008028439 0.985484362 2.393362761
0.985676646 -0.005885613 -0.168543547 -0.360719174 0.005123151 0.999974608 -0.004958326 -0.004111000 0.168568432 0.004023833 0.985681713 2.434036732
0.985821068 -0.006551237 -0.167672023 -0.367914259 0.006173157 0.999977112 -0.002776003 -0.004222588 0.167686373 0.001701576 0.985838950 2.474980354
0.985970616 -0.006998396 -0.166771978 -0.375411570 0.006889658 0.999975562 -0.001230573 -0.004911149 0.166776523 0.000064307 0.985994697 2.516220570
0.986192822 -0.006115087 -0.165487811 -0.383140385 0.005916073 0.999981105 -0.001695476 -0.005221938 0.165495038 0.000693028 0.986210406 2.556689024
0.986234903 -0.005901318 -0.165244669 -0.389388949 0.005478307 0.999980450 -0.003015551 -0.004817667 0.165259227 0.002068781 0.986248076 2.597005129
0.986491442 -0.007185197 -0.163655296 -0.397419602 0.006648252 0.999970555 -0.003828424 -0.005127313 0.163677961 0.002688687 0.986510158 2.637026787
0.986770630 -0.007540033 -0.161947176 -0.405019879 0.006660626 0.999960065 -0.005972449 -0.004020357 0.161985710 0.004814768 0.986781359 2.678956270
0.987064660 -0.007664913 -0.160139918 -0.412275553 0.006738164 0.999957263 -0.006329358 -0.004496366 0.160181597 0.005168435 0.987073958 2.719050884
0.987149954 -0.007505400 -0.159620523 -0.417955786 0.006611865 0.999959350 -0.006128239 -0.005349932 0.159660026 0.004994101 0.987159371 2.760795832
0.987711906 -0.007693485 -0.156096160 -0.425874829 0.006916583 0.999960780 -0.005519631 -0.005905524 0.156132519 0.004372154 0.987726450 2.801395655
0.988210678 -0.007837682 -0.152898997 -0.432349235 0.007329878 0.999965608 -0.003884575 -0.006337542 0.152924195 0.002718048 0.988234162 2.843706608
0.988592982 -0.008919002 -0.150347576 -0.438326567 0.008403880 0.999956369 -0.004061240 -0.005523928 0.150377259 0.002751411 0.988624871 2.886060476
0.989025235 -0.009611581 -0.147432998 -0.445052534 0.009023212 0.999948323 -0.004659074 -0.004866065 0.147470161 0.003277623 0.989061058 2.929748297
0.989590764 -0.008228850 -0.143673837 -0.450984508 0.007637443 0.999959946 -0.004667348 -0.006247698 0.143706501 0.003521464 0.989614069 2.968141794
0.990035653 -0.008242113 -0.140575424 -0.456873685 0.007525288 0.999955893 -0.005630032 -0.005697398 0.140615627 0.004516062 0.990054011 3.009130716
0.990542293 -0.007676335 -0.136992082 -0.464291453 0.006919847 0.999958038 -0.005997510 -0.006390336 0.137032360 0.004992823 0.990553975 3.051286221
0.990848899 -0.007869512 -0.134746000 -0.467321157 0.007183294 0.999958694 -0.005578108 -0.006758007 0.134784326 0.004559142 0.990864515 3.091697454
0.991465926 -0.006083574 -0.130223945 -0.475303233 0.005248001 0.999963403 -0.006758645 -0.007650017 0.130260289 0.006017550 0.991461575 3.133035660
0.991885841 -0.007535183 -0.126908794 -0.479854167 0.006506300 0.999942541 -0.008519848 -0.007762399 0.126965702 0.007625008 0.991877854 3.173751116
0.992490530 -0.006790641 -0.122132763 -0.486926377 0.005582420 0.999932051 -0.010232158 -0.008096853 0.122193955 0.009473523 0.992461085 3.215738773
0.993100405 -0.005910479 -0.117118359 -0.492503971 0.004671935 0.999930263 -0.010846874 -0.009157505 0.117174290 0.010224865 0.993058860 3.255301714
0.993542969 -0.005125182 -0.113340855 -0.496690154 0.003877111 0.999929368 -0.011229343 -0.009995244 0.113390423 0.010717399 0.993492723 3.294205427
0.994000375 -0.004131088 -0.109299004 -0.500116467 0.002804554 0.999920487 -0.012287702 -0.010689495 0.109341070 0.011907443 0.993932962 3.332411766
0.994406402 -0.002972752 -0.105580196 -0.505569458 0.001603230 0.999913454 -0.013053904 -0.011351213 0.105609864 0.012811614 0.994325161 3.372497320
0.994769752 -0.002008127 -0.102122910 -0.512132823 0.000685666 0.999915421 -0.012983161 -0.012375679 0.102140345 0.012845235 0.994687080 3.412976742
0.994975984 -0.004173283 -0.100027151 -0.515017152 0.002988400 0.999923587 -0.011992516 -0.011674961 0.100069553 0.011633342 0.994912386 3.451642752
0.995257139 -0.004828573 -0.097159207 -0.519177496 0.003762058 0.999930739 -0.011157179 -0.012492130 0.097206362 0.010738745 0.995206237 3.491247177
0.995337546 -0.005887775 -0.096272908 -0.521912932 0.004798729 0.999921858 -0.011539696 -0.012685949 0.096333340 0.011023906 0.995288074 3.530672073
0.995576322 -0.006129888 -0.093756907 -0.527631819 0.005043873 0.999917567 -0.011815897 -0.013164293 0.093821600 0.011290729 0.995525062 3.571492910
0.995851278 -0.002901286 -0.090951063 -0.532221317 0.001829675 0.999927938 -0.011863454 -0.014034558 0.090978920 0.011647825 0.995784700 3.609097719
0.996016800 0.001243748 -0.089157216 -0.536757946 -0.002394983 0.999915063 -0.012806604 -0.014951941 0.089133710 0.012969121 0.995935202 3.649605513
0.996141613 0.004505229 -0.087644063 -0.540760994 -0.005840180 0.999870718 -0.014981048 -0.015142411 0.087565236 0.015435101 0.996039271 3.689181328
0.996339917 0.003934089 -0.085388906 -0.544836402 -0.005387807 0.999844313 -0.016800905 -0.015467949 0.085309505 0.017199473 0.996205986 3.729178190
0.996400714 0.004757246 -0.084635071 -0.548701584 -0.006428146 0.999789655 -0.019480869 -0.015755031 0.084524572 0.019954802 0.996221542 3.769499779
0.996457338 0.001210017 -0.084091939 -0.551838815 -0.002886413 0.999799430 -0.019816579 -0.016013924 0.084051087 0.019989097 0.996260881 3.810625315
0.996468425 0.000453139 -0.083967358 -0.555917382 -0.001879635 0.999855161 -0.016910417 -0.015881605 0.083947532 0.017008526 0.996325016 3.852355480
0.996595323 -0.000408122 -0.082447745 -0.560377002 -0.000474855 0.999942780 -0.010689639 -0.016506897 0.082447380 0.010692397 0.996537983 3.892390966
0.996634722 0.000024718 -0.081970893 -0.564105213 -0.000392895 0.999989927 -0.004475435 -0.016802700 0.081969939 0.004492580 0.996624708 3.934631109
0.996610940 0.002027989 -0.082234040 -0.567889869 -0.002049143 0.999997854 -0.000172841 -0.017407363 0.082233503 0.000340766 0.996612966 3.975065947
0.996710122 0.003854313 -0.080957420 -0.572786927 -0.003683792 0.999990642 0.002255548 -0.018369041 0.080965318 -0.001949898 0.996715128 4.015711784
0.996766746 0.005438753 -0.080165364 -0.576903343 -0.005044339 0.999974072 0.005121698 -0.019189244 0.080191143 -0.004700757 0.996768415 4.056501865
0.996875048 0.003392955 -0.078921244 -0.580478430 -0.002898094 0.999975383 0.006384011 -0.019148044 0.078940950 -0.006135341 0.996860504 4.096596241
0.996951401 0.000253768 -0.078024395 -0.583281517 0.000226465 0.999981105 0.006145993 -0.019175811 0.078024462 -0.006144925 0.996932507 4.137166023
0.997063577 -0.003612499 -0.076493308 -0.587309241 0.003937495 0.999983907 0.004098299 -0.018721642 0.076477274 -0.004387455 0.997061729 4.176477909
0.997139633 -0.005670659 -0.075368926 -0.589943588 0.005817238 0.999981582 0.001725426 -0.018385194 0.075357750 -0.002158930 0.997154236 4.216141224
0.997353435 -0.007110333 -0.072356962 -0.592887878 0.007233129 0.999972820 0.001435197 -0.018353749 0.072344787 -0.001954766 0.997377753 4.255710125
0.997571766 -0.004306376 -0.069512494 -0.596627474 0.004534790 0.999984860 0.003128469 -0.018728651 0.069497950 -0.003436097 0.997576177 4.295253754
0.997714043 -0.002624528 -0.067526750 -0.599327028 0.002809066 0.999992549 0.002637993 -0.018493265 0.067519322 -0.002821649 0.997714043 4.335901260
0.997924030 -0.003015890 -0.064331204 -0.602758169 0.003070888 0.999994993 0.000756049 -0.018542089 0.064328596 -0.000952033 0.997928321 4.374120235
0.998127341 -0.005857566 -0.060891178 -0.604723096 0.005855482 0.999982834 -0.000212674 -0.017898777 0.060891379 -0.000144271 0.998144388 4.411851406
0.998287857 -0.006821035 -0.058094051 -0.606793582 0.006804131 0.999976754 -0.000488779 -0.018229676 0.058096025 0.000092662 0.998311043 4.450003624
0.998472810 -0.006329329 -0.054883484 -0.609759688 0.006318698 0.999979973 -0.000367225 -0.018687801 0.054884709 0.000019872 0.998492777 4.488630772
0.998621821 -0.006427477 -0.052089043 -0.612237573 0.006357859 0.999978602 -0.001502123 -0.018282384 0.052097593 0.001168878 0.998641372 4.526907921
0.998783290 -0.007136769 -0.048795477 -0.613831043 0.007019958 0.999972045 -0.002564844 -0.018071007 0.048812415 0.002219180 0.998805523 4.564726353
0.998929203 -0.007442027 -0.045661509 -0.615993798 0.007293886 0.999967635 -0.003410086 -0.018398032 0.045685403 0.003073385 0.998951197 4.601992607
0.999061644 -0.006638777 -0.042798240 -0.617810547 0.006468304 0.999970615 -0.004120450 -0.019327246 0.042824335 0.003839752 0.999075234 4.640133858
0.999104679 -0.006460167 -0.041810926 -0.618763268 0.006230360 0.999964774 -0.005624320 -0.019700501 0.041845791 0.005358788 0.999109805 4.677574158
0.999191999 -0.006202884 -0.039710481 -0.621799707 0.005922707 0.999956787 -0.007169232 -0.019531209 0.039753236 0.006928246 0.999185503 4.713733673
0.999205053 -0.005757957 -0.039449532 -0.623659670 0.005419867 0.999947727 -0.008671801 -0.020140473 0.039497409 0.008451094 0.999183893 4.750430584
0.999211848 -0.006590554 -0.039146420 -0.625597477 0.006183547 0.999925792 -0.010509000 -0.020431751 0.039212774 0.010258653 0.999178171 4.786726952
0.999247074 -0.006835645 -0.038190939 -0.627643585 0.006391983 0.999910772 -0.011726949 -0.020041890 0.038267702 0.011474005 0.999201655 4.823269844
0.999268115 -0.008208522 -0.037360117 -0.629642189 0.007777904 0.999901772 -0.011656912 -0.019964602 0.037452135 0.011357799 0.999233902 4.859343529
0.999278367 -0.008987828 -0.036904115 -0.631680846 0.008597604 0.999905586 -0.010719126 -0.020656649 0.036996968 0.010394104 0.999261320 4.894923210
0.999289334 -0.008337762 -0.036760297 -0.632830024 0.007973824 0.999917865 -0.010035830 -0.021442972 0.036840953 0.009735578 0.999273717 4.930346012
0.999286830 -0.007115103 -0.037083909 -0.634822130 0.006757435 0.999929547 -0.009761284 -0.022155704 0.037150744 0.009503731 0.999264538 4.964657307
0.999262750 -0.006297816 -0.037872415 -0.636537671 0.005943561 0.999937594 -0.009459233 -0.022860987 0.037929632 0.009227163 0.999237835 4.998684406
0.999244750 -0.005481311 -0.038470540 -0.638773203 0.005100517 0.999937057 -0.009989489 -0.022933630 0.038522881 0.009785723 0.999209821 5.031325817
0.999183476 -0.006164612 -0.039929759 -0.639363587 0.005763780 0.999931872 -0.010145760 -0.024076829 0.039989579 0.009907329 0.999150991 5.064136505
0.999162197 -0.006541993 -0.040399630 -0.641645849 0.006108170 0.999922454 -0.010852408 -0.024429640 0.040467501 0.010596548 0.999124706 5.095936298
0.999092579 -0.007267713 -0.041966725 -0.642797470 0.006737816 0.999895930 -0.012754269 -0.025061410 0.042055048 0.012459932 0.999037623 5.128494740
0.999009192 -0.007654110 -0.043841809 -0.644889414 0.007007609 0.999864638 -0.014880963 -0.025230832 0.043949790 0.014558992 0.998927653 5.158990383
0.998914540 -0.008338541 -0.045828871 -0.647158802 0.007638171 0.999851584 -0.015436220 -0.026635919 0.045950793 0.015069417 0.998830020 5.189840794
0.998802543 -0.008973562 -0.048092086 -0.649059176 0.008219901 0.999840617 -0.015846083 -0.026299097 0.048226606 0.015431795 0.998717189 5.221407890
0.998714030 -0.008049455 -0.050053157 -0.650862336 0.007237009 0.999839485 -0.016391760 -0.026246194 0.050177056 0.016008448 0.998611987 5.251619339
0.998672903 -0.006838514 -0.051046733 -0.653621197 0.006013370 0.999849081 -0.016300604 -0.026657309 0.051150504 0.015972009 0.998563230 5.279134274
0.998573065 -0.006243611 -0.053036489 -0.655405819 0.005398158 0.999856234 -0.016069295 -0.028006479 0.053129196 0.015760064 0.998463273 5.311029434
0.998493314 -0.005896087 -0.054554328 -0.656963289 0.005034894 0.999860704 -0.015909962 -0.028414663 0.054640532 0.015611318 0.998384058 5.339723587
0.998412192 -0.005506673 -0.056060739 -0.659243286 0.004689448 0.999880850 -0.014698636 -0.029317573 0.056135003 0.014412403 0.998319149 5.368504047
0.998355806 -0.005024201 -0.057100702 -0.661537349 0.004257233 0.999899209 -0.013545567 -0.028868075 0.057163000 0.013280205 0.998276472 5.397082329
0.998292983 -0.005831321 -0.058114111 -0.664165854 0.005159667 0.999918163 -0.011700879 -0.028979387 0.058177598 0.011381056 0.998241305 5.424760342
0.998133242 -0.007335116 -0.060631674 -0.665989041 0.006769721 0.999931693 -0.009525239 -0.030032249 0.060697399 0.009097001 0.998114705 5.452473164
0.997909844 -0.008244828 -0.064093620 -0.667962074 0.007697091 0.999931753 -0.008788128 -0.030426770 0.064161703 0.008276425 0.997905195 5.480115891
0.997646809 -0.008263138 -0.068062805 -0.670235276 0.007723961 0.999936700 -0.008181136 -0.030577103 0.068126097 0.007636169 0.997647524 5.507903099
0.997341454 -0.007431363 -0.072489761 -0.672814250 0.006947777 0.999951899 -0.006920953 -0.031160656 0.072537713 0.006398912 0.997345090 5.534470558
0.997043788 -0.006329274 -0.076574668 -0.676021099 0.005901051 0.999965668 -0.005817197 -0.031678397 0.076608852 0.005348128 0.997046888 5.561445713
0.996728063 -0.005836435 -0.080616884 -0.679269314 0.005518206 0.999976039 -0.004169641 -0.032380521 0.080639280 0.003711137 0.996736407 5.587927818
0.996383309 -0.005415679 -0.084799916 -0.682002425 0.005124654 0.999980211 -0.003649195 -0.031885151 0.084817998 0.003201426 0.996391296 5.614885330
0.996007144 -0.005902776 -0.089078091 -0.684766054 0.005717985 0.999980927 -0.002329512 -0.032927338 0.089090161 0.001810863 0.996021926 5.640838146
0.995615125 -0.006526575 -0.093316726 -0.687342107 0.006276786 0.999975801 -0.002970050 -0.032181494 0.093333855 0.002371297 0.995632112 5.667103767
0.995289326 -0.006080020 -0.096758626 -0.691554546 0.005762911 0.999977052 -0.003556446 -0.032422531 0.096778035 0.002982082 0.995301545 5.693040848
0.994919121 -0.005785714 -0.100511052 -0.694474339 0.005397234 0.999976873 -0.004136556 -0.032450661 0.100532651 0.003573057 0.994927287 5.719165325
0.994521022 -0.005220189 -0.104406968 -0.697220981 0.004867093 0.999981582 -0.003636414 -0.033765540 0.104424022 0.003108331 0.994527996 5.745464325
0.994229436 -0.005404813 -0.107137993 -0.700356066 0.005057400 0.999981105 -0.003514106 -0.033541780 0.107154936 0.002951988 0.994237959 5.771832466
0.994099736 -0.005779433 -0.108316012 -0.704018652 0.005443942 0.999979436 -0.003392786 -0.033222735 0.108333394 0.002783102 0.994110703 5.796755791
0.993973136 -0.005818769 -0.109469369 -0.706721425 0.005508385 0.999979973 -0.003137549 -0.033487216 0.109485447 0.002515640 0.993985236 5.823080063
0.993938982 -0.006041327 -0.109767415 -0.710141242 0.005756611 0.999979258 -0.002910535 -0.032997943 0.109782718 0.002261005 0.993952990 5.848001480
0.993927777 -0.006940057 -0.109815516 -0.713445723 0.006697617 0.999974251 -0.002576422 -0.033688270 0.109830551 0.001825276 0.993948638 5.874324799
0.993922651 -0.008438071 -0.109757230 -0.717865407 0.008229911 0.999963403 -0.002349439 -0.033937350 0.109773017 0.001431868 0.993955672 5.901018143
0.993783295 -0.009545726 -0.110921837 -0.721114933 0.009432706 0.999954283 -0.001543644 -0.034391955 0.110931508 0.000487754 0.993827939 5.926198006
0.993517458 -0.009530107 -0.113279723 -0.723368764 0.009480092 0.999954581 -0.000980215 -0.034229554 0.113283910 -0.000100042 0.993562579 5.951738358
0.993215621 -0.009303669 -0.115914151 -0.727142394 0.009239326 0.999956787 -0.001092400 -0.034484439 0.115919292 0.000014021 0.993258595 5.977728367
0.993007898 -0.008500726 -0.117741577 -0.731798768 0.008382891 0.999963760 -0.001495990 -0.034478374 0.117750011 0.000498514 0.993043125 6.003088474
0.992650926 -0.008582681 -0.120708309 -0.734527588 0.008472317 0.999963045 -0.001427502 -0.034694608 0.120716102 0.000394332 0.992686987 6.028494358
0.992380321 -0.008404486 -0.122925133 -0.738531649 0.008320631 0.999964595 -0.001195504 -0.035205428 0.122930840 0.000163580 0.992415130 6.053524971
0.992026329 -0.008014855 -0.125775680 -0.742165923 0.007876059 0.999967754 -0.001600780 -0.034740467 0.125784457 0.000597399 0.992057443 6.078457832
0.991741776 -0.007101395 -0.128053933 -0.746115685 0.007042608 0.999974787 -0.000911860 -0.035290610 0.128057152 0.000002496 0.991766751 6.104396343
0.991485834 -0.007548823 -0.129995659 -0.749669135 0.007449361 0.999971449 -0.001251356 -0.035137594 0.130001396 0.000272317 0.991513789 6.129567146
0.991205454 -0.009463932 -0.131992877 -0.752123177 0.009322727 0.999954998 -0.001687742 -0.035838258 0.132002920 0.000442366 0.991249204 6.154117584
0.991164982 -0.010073882 -0.132252127 -0.757382572 0.009805092 0.999948263 -0.002683495 -0.035279520 0.132272348 0.001363042 0.991212547 6.179552078
0.991036236 -0.010150949 -0.133207098 -0.761030555 0.009793648 0.999946475 -0.003337251 -0.035443597 0.133233830 0.002002753 0.991082728 6.204624653
0.990915775 -0.010882409 -0.134043247 -0.764936090 0.010525719 0.999938905 -0.003369394 -0.035872750 0.134071723 0.001927884 0.990969777 6.229910374
0.990931213 -0.009825068 -0.134010717 -0.768372059 0.009455080 0.999949574 -0.003397017 -0.035696946 0.134037301 0.002099128 0.990974069 6.255644321
0.991053045 -0.010440682 -0.133060455 -0.772254527 0.010160796 0.999944508 -0.002782315 -0.036157362 0.133082122 0.001405421 0.991104066 6.281126499
0.991215467 -0.010025143 -0.131876558 -0.775593281 0.009798918 0.999949217 -0.002364294 -0.036029320 0.131893545 0.001051277 0.991263270 6.305092812
0.991400540 -0.010251407 -0.130460575 -0.778808773 0.010157388 0.999947429 -0.001386090 -0.036348972 0.130467951 0.000049032 0.991452456 6.330141068
0.991725564 -0.009206803 -0.128045678 -0.782984376 0.009055272 0.999957442 -0.001765508 -0.036430620 0.128056467 0.000591411 0.991766632 6.355762482
0.992097497 -0.008211579 -0.125200808 -0.786135614 0.007813697 0.999962747 -0.003668703 -0.035847653 0.125226274 0.002661429 0.992124557 6.380591393
0.992529869 -0.008635282 -0.121695682 -0.789075732 0.008114464 0.999955654 -0.004774638 -0.036429584 0.121731520 0.003751477 0.992555976 6.405394554
0.993050754 -0.009227416 -0.117324494 -0.792116582 0.008572854 0.999944746 -0.006082512 -0.036216654 0.117374144 0.005034438 0.993074954 6.430301666
0.993542433 -0.008589195 -0.113135584 -0.795107007 0.007869863 0.999945879 -0.006803219 -0.037126534 0.113187909 0.005868925 0.993556261 6.456039429
0.993982315 -0.008488418 -0.109211102 -0.797675550 0.007643665 0.999937475 -0.008151363 -0.037439551 0.109273493 0.007267538 0.993985116 6.480341434
0.994365036 -0.008237292 -0.105689712 -0.800259233 0.007289916 0.999929726 -0.009346953 -0.037810914 0.105759270 0.008523813 0.994355202 6.505790710
0.994732082 -0.007991270 -0.102197088 -0.802925408 0.006953886 0.999920666 -0.010503052 -0.038387410 0.102272905 0.009737056 0.994708717 6.530896664
0.994898915 -0.009558533 -0.100423150 -0.804698765 0.008365674 0.999889374 -0.012292751 -0.037916787 0.100529552 0.011389939 0.994868875 6.556151867
0.995053351 -0.010617057 -0.098773621 -0.807456970 0.009257765 0.999856114 -0.014209882 -0.037917417 0.098910302 0.013225169 0.995008409 6.581386566
0.995165050 -0.011017376 -0.097597800 -0.810366154 0.009564926 0.999836624 -0.015337410 -0.038675457 0.097750850 0.014329740 0.995107770 6.606342316
0.995166719 -0.010100377 -0.097678967 -0.814156532 0.008541386 0.999829710 -0.016365370 -0.038725302 0.097827628 0.015451960 0.995083451 6.632018566
0.995023966 -0.009546517 -0.099177174 -0.816463709 0.007886305 0.999822438 -0.017118439 -0.039409310 0.099322975 0.016251113 0.994922578 6.657122612
0.994904220 -0.008854154 -0.100435749 -0.820307851 0.007085940 0.999813855 -0.017948547 -0.039398566 0.100575961 0.017145403 0.994781673 6.681760311
0.994619906 -0.009541997 -0.103151120 -0.822827697 0.007870268 0.999831200 -0.016601468 -0.040087081 0.103292137 0.015700325 0.994527161 6.708393574
0.994311333 -0.011674310 -0.105871424 -0.826472163 0.010215406 0.999845386 -0.014311814 -0.041525774 0.106022120 0.013148873 0.994276881 6.733265400
0.993766189 -0.013356069 -0.110681653 -0.829635620 0.011774661 0.999819338 -0.014929254 -0.041657455 0.110861056 0.013532949 0.993743777 6.759083271
0.993121028 -0.013449931 -0.116317809 -0.833249807 0.011655916 0.999802589 -0.016089899 -0.041406907 0.116511256 0.014623425 0.993081748 6.784926414
0.992499769 -0.010730582 -0.121774659 -0.837674618 0.008758012 0.999821842 -0.016722241 -0.041479990 0.121932395 0.015530314 0.992416918 6.811402321
0.991943955 -0.008476187 -0.126393616 -0.841924012 0.006357638 0.999832749 -0.017155508 -0.042494953 0.126517877 0.016213737 0.991831839 6.835397243
0.991285563 -0.006824031 -0.131553590 -0.845517039 0.004515019 0.999830723 -0.017842172 -0.042300113 0.131653041 0.017092723 0.991148472 6.861484528
0.990817189 -0.002795283 -0.135179549 -0.850558102 0.000338551 0.999834478 -0.018193407 -0.043653063 0.135208011 0.017980574 0.990654051 6.885584354
0.990522981 0.000652426 -0.137345672 -0.856485009 -0.003221442 0.999823987 -0.018483296 -0.043710053 0.137309432 0.018750582 0.990350664 6.911309242
0.990354061 0.001839427 -0.138548091 -0.861713052 -0.004275390 0.999841452 -0.017286520 -0.044214472 0.138494313 0.017712122 0.990204811 6.936262608
0.990173697 -0.000666479 -0.139842331 -0.864754140 -0.001723430 0.999854565 -0.016968224 -0.045171037 0.139833286 0.017042495 0.990028381 6.962009430
0.990168929 -0.004649051 -0.139799774 -0.868610620 0.002125872 0.999832213 -0.018192442 -0.044250607 0.139860854 0.017716393 0.990012646 6.987535477
0.990197182 -0.006997935 -0.139500812 -0.871810794 0.004534686 0.999828279 -0.017967649 -0.045162931 0.139602572 0.017158922 0.990059078 7.013470173
0.990276277 -0.005847647 -0.138991848 -0.875413775 0.003670946 0.999866605 -0.015911847 -0.046700940 0.139066368 0.015246894 0.990165710 7.038964272
0.990360677 -0.003544250 -0.138466790 -0.879706740 0.001646484 0.999903202 -0.013817711 -0.047440927 0.138502374 0.013456536 0.990270793 7.065503597
0.990428209 -0.002789755 -0.137999907 -0.883114755 0.000840315 0.999899089 -0.014182628 -0.048173085 0.138025537 0.013930913 0.990330696 7.091248035
0.990531981 -0.004015294 -0.137222916 -0.887377501 0.001901184 0.999877453 -0.015533988 -0.047632344 0.137268469 0.015126028 0.990418375 7.116549969
0.990768194 -0.005181338 -0.135467947 -0.891731799 0.003197057 0.999884427 -0.014861059 -0.048243385 0.135529250 0.014290768 0.990670264 7.141800880
0.990788460 -0.002109270 -0.135401741 -0.894445837 0.000314294 0.999911726 -0.013276673 -0.048550542 0.135417804 0.013111819 0.990701854 7.168515682
0.990821540 0.001416296 -0.135168433 -0.899234176 -0.003167609 0.999913812 -0.012742337 -0.048455227 0.135138690 0.013053544 0.990740716 7.195247173
0.990863025 0.002256393 -0.134853750 -0.903576612 -0.003828929 0.999927640 -0.011402834 -0.048353169 0.134818256 0.011814989 0.990800023 7.221706390
0.990938544 0.003450375 -0.134271845 -0.907729387 -0.004969161 0.999927521 -0.010977794 -0.049257629 0.134224221 0.011545541 0.990883708 7.248584270
0.991062701 0.005428156 -0.133286625 -0.912311435 -0.007036490 0.999907970 -0.011598662 -0.050475705 0.133211419 0.012432870 0.991009653 7.274779797
0.990964174 0.007324541 -0.133927047 -0.915513933 -0.009213016 0.999866724 -0.013486492 -0.050597318 0.133810386 0.014598505 0.990899384 7.301486015
0.991100430 0.007289735 -0.132917210 -0.919862449 -0.009638067 0.999808490 -0.017032798 -0.050576091 0.132767588 0.018162277 0.990980744 7.327681065
0.991192579 0.005143001 -0.132328883 -0.924337566 -0.007734039 0.999788225 -0.019073768 -0.051303111 0.132202789 0.019929213 0.991022348 7.354345798
0.991199970 0.001894366 -0.132360250 -0.927623510 -0.004338155 0.999825299 -0.018177230 -0.052155912 0.132302716 0.018591469 0.991034985 7.381531715
0.991228461 -0.003246552 -0.132119939 -0.930224836 0.000780642 0.999824643 -0.018711699 -0.053487815 0.132157534 0.018444432 0.991057098 7.408626080
0.991265118 -0.007568013 -0.131667465 -0.933318436 0.004780272 0.999757946 -0.021475803 -0.053848393 0.131798133 0.020658808 0.991061330 7.435294628
0.991213024 -0.009690502 -0.131919771 -0.936587751 0.006921929 0.999746382 -0.021429207 -0.053688072 0.132094011 0.020327769 0.991028786 7.462917328
0.991378188 -0.010313345 -0.130625159 -0.941359282 0.007646337 0.999752283 -0.020902388 -0.052788347 0.130808368 0.019723367 0.991211474 7.489623547
