0.999559045 -0.000771775 -0.029680844 -0.003843261 0.000830162 0.999997735 0.001954909 0.000193759 0.029679263 -0.001978687 0.999557495 0.047907356
0.999378860 -0.000076707 -0.035238113 -0.004689649 0.000182414 0.999995470 0.002996578 0.000178374 0.035237726 -0.003001144 0.999374449 0.055424947
0.999184489 0.001017454 -0.040365443 -0.006177314 -0.000857663 0.999991655 0.003975735 0.000310974 0.040369153 -0.003937872 0.999177098 0.062670618
0.998881936 0.002246453 -0.047220759 -0.006275289 -0.001982675 0.999982178 0.005632169 0.000416949 0.047232572 -0.005532248 0.998868585 0.072433293
0.998604834 0.004244660 -0.052632891 -0.008358421 -0.003920527 0.999972701 0.006260088 0.001319044 0.052658029 -0.006045007 0.998594284 0.082679704
0.998312831 0.006092118 -0.057744574 -0.010815915 -0.005673147 0.999956429 0.007416751 0.001027822 0.057787240 -0.007076643 0.998303831 0.090206221
0.997924924 0.007321643 -0.063971072 -0.012067279 -0.006845241 0.999947309 0.007663145 0.000978216 0.064023808 -0.007209345 0.997922480 0.102417916
0.997491896 0.008790401 -0.070234157 -0.013847338 -0.008322362 0.999941170 0.006953872 0.001305660 0.070291162 -0.006351916 0.997506320 0.112239689
0.997067809 0.010238225 -0.075834729 -0.016001109 -0.009783706 0.999931872 0.006362651 0.001534980 0.075894713 -0.005602051 0.997100115 0.124289006
0.996676624 0.011329894 -0.080668017 -0.018525897 -0.010882319 0.999922812 0.005985867 0.001711302 0.080729619 -0.005088118 0.996723056 0.137345880
0.996411502 0.011558762 -0.083847187 -0.022088300 -0.011173168 0.999924719 0.005066564 0.002182982 0.083899453 -0.004111545 0.996465683 0.151109189
0.996041238 0.011498381 -0.088145144 -0.023545563 -0.011052046 0.999923468 0.005550063 0.001459211 0.088202231 -0.004553908 0.996092200 0.167891085
0.995639026 0.010534074 -0.092692986 -0.025599729 -0.009942644 0.999927104 0.006840026 0.000632124 0.092758290 -0.005888582 0.995671272 0.185812846
0.995139480 0.009039162 -0.098059461 -0.027653223 -0.008336284 0.999936581 0.007575231 0.000945322 0.098121695 -0.006720961 0.995151699 0.203664228
0.994763255 0.008128363 -0.101882681 -0.031043410 -0.007310275 0.999938011 0.008400516 0.000523037 0.101944640 -0.007611733 0.994760990 0.224044681
0.994182467 0.007623920 -0.107438892 -0.033445567 -0.006884714 0.999949992 0.007249498 0.000738806 0.107488796 -0.006467638 0.994185269 0.246082932
0.993744433 0.007094288 -0.111452393 -0.037575699 -0.006538898 0.999964237 0.005347949 0.001041780 0.111486360 -0.004585718 0.993755400 0.269610733
0.993158996 0.006790816 -0.116572067 -0.041106828 -0.006270114 0.999968648 0.004832912 0.001086538 0.116601229 -0.004068930 0.993170440 0.292827845
0.992584050 0.004346598 -0.121483065 -0.045816235 -0.003791910 0.999981225 0.004796782 0.000744797 0.121501647 -0.004300555 0.992581844 0.319132447
0.991636515 0.001236063 -0.129056275 -0.047760963 -0.000993492 0.999997556 0.001943938 0.001725494 0.129058376 -0.001799464 0.991635323 0.345601141
0.990790367 -0.000239846 -0.135404676 -0.052017357 0.000080667 0.999999285 -0.001181063 0.001839877 0.135404870 0.001159263 0.990789711 0.373700023
0.989928007 0.000308116 -0.141570672 -0.056977876 -0.001231336 0.999978483 -0.006433711 0.003200545 0.141565651 0.006543234 0.989907205 0.401701838
0.989032209 0.002449927 -0.147680029 -0.062666103 -0.003843173 0.999950707 -0.009149614 0.003949133 0.147650361 0.009616822 0.988992810 0.430837959
0.987925529 0.001750526 -0.154919758 -0.068867974 -0.002851195 0.999972165 -0.006882864 0.002944240 0.154903412 0.007241462 0.987903059 0.462916762
0.987123370 -0.001959799 -0.159948811 -0.075173117 0.001301987 0.999990225 -0.004217331 0.002940142 0.159955502 0.003954775 0.987116277 0.495131552
0.985962987 -0.005422258 -0.166875511 -0.080639943 0.005013431 0.999983311 -0.002871060 0.003191470 0.166888282 0.001994140 0.985973775 0.530486047
0.985106170 -0.007105142 -0.171800032 -0.087087892 0.006897338 0.999974608 -0.001806466 0.002777698 0.171808496 0.000594598 0.985130131 0.565604448
0.984435022 -0.009138626 -0.175511271 -0.094129920 0.008798022 0.999957621 -0.002718675 0.002920909 0.175528690 0.001132207 0.984473586 0.599257767
0.984049797 -0.011082805 -0.177547857 -0.100762852 0.010622926 0.999937415 -0.003540584 0.002651142 0.177575961 0.001598033 0.984105825 0.635198891
0.983869135 -0.010540421 -0.178578749 -0.107803464 0.009858716 0.999940336 -0.004704397 0.002847544 0.178617716 0.002867953 0.983914375 0.670865357
0.984114826 -0.008205582 -0.177343354 -0.115616165 0.007509740 0.999961257 -0.004594582 0.002194282 0.177374214 0.003189793 0.984138250 0.707586944
0.984605968 -0.006978811 -0.174649492 -0.121542595 0.006153407 0.999967277 -0.005267127 0.001959434 0.174680531 0.004111355 0.984616518 0.744725287
0.985629022 -0.007144663 -0.168772817 -0.128644526 0.005809756 0.999947846 -0.008401975 0.002603163 0.168824017 0.007300701 0.985619128 0.780052245
0.986581266 -0.004396185 -0.163211569 -0.134515718 0.002784321 0.999945104 -0.010103359 0.003315282 0.163247004 0.009513352 0.986539364 0.818967938
0.987652659 -0.002473888 -0.156639844 -0.140969783 0.000800666 0.999942064 -0.010744167 0.002494904 0.156657323 0.010486091 0.987597346 0.856920838
0.988642514 -0.002291244 -0.150269777 -0.147360340 0.000678287 0.999941587 -0.010784118 0.001704745 0.150285736 0.010559711 0.988586187 0.892671466
0.989569783 -0.008426255 -0.143807873 -0.151685759 0.007031395 0.999923170 -0.010204937 0.001043018 0.143882841 0.009087328 0.989552915 0.930577517
0.990388870 -0.012137535 -0.137777820 -0.154613718 0.010839003 0.999889493 -0.010171205 0.001082942 0.137886077 0.008580073 0.990410864 0.969214559
0.991419911 -0.012617263 -0.130104974 -0.160661623 0.011348687 0.999880552 -0.010487247 0.001078627 0.130221754 0.008920746 0.991444707 1.005988836
0.992312014 -0.008991372 -0.123433799 -0.165161163 0.007729856 0.999912858 -0.010695291 0.000225412 0.123519212 0.009658940 0.992295146 1.044435740
0.993064404 -0.004951058 -0.117467359 -0.170722723 0.003721276 0.999935925 -0.010686152 -0.000603001 0.117512755 0.010174910 0.993019283 1.082901597
0.993695915 -0.005872371 -0.111955173 -0.175250649 0.004726211 0.999933720 -0.010500321 -0.000682201 0.112009414 0.009905000 0.993657768 1.121873498
0.994250178 -0.007097716 -0.106846295 -0.178864419 0.006077543 0.999932826 -0.009870626 -0.000558368 0.106909178 0.009164508 0.994226456 1.160786033
0.994707346 -0.008475068 -0.102398023 -0.181846902 0.007514877 0.999924123 -0.009759200 -0.000757611 0.102472983 0.008938038 0.994695604 1.200281262
0.995059371 -0.011325401 -0.098633423 -0.186177433 0.010446329 0.999900997 -0.009424433 -0.001754711 0.098730400 0.008347513 0.995079219 1.237668753
0.995296955 -0.015139611 -0.095680475 -0.188467026 0.014291055 0.999852300 -0.009547712 -0.001947358 0.095810883 0.008135436 0.995366275 1.276922226
0.995639801 -0.016579935 -0.091796219 -0.192787111 0.015854239 0.999837160 -0.008629181 -0.002714427 0.091924332 0.007136196 0.995740473 1.315626860
0.995847285 -0.016888794 -0.089458302 -0.196713731 0.016160924 0.999830186 -0.008854549 -0.003228256 0.089592658 0.007372050 0.995951176 1.352375031
0.996185422 -0.014838886 -0.085991256 -0.199470818 0.014092077 0.999857605 -0.009285268 -0.003919004 0.086116798 0.008038051 0.996252656 1.389845133
0.996519506 -0.011396238 -0.082576022 -0.202707082 0.010563116 0.999888957 -0.010519014 -0.005156431 0.082686715 0.009610143 0.996529341 1.425202966
0.996832907 -0.010445359 -0.078835607 -0.205627561 0.009558715 0.999886811 -0.011615773 -0.004943437 0.078948006 0.010825417 0.996819913 1.456960678
0.997204721 -0.011509550 -0.073825918 -0.207214713 0.010621967 0.999866605 -0.012404041 -0.005340805 0.073958829 0.011585191 0.997194052 1.488456130
0.997564316 -0.014375183 -0.068254374 -0.208712116 0.013455450 0.999812603 -0.013915760 -0.005241489 0.068441622 0.012963471 0.997570872 1.518386245
0.997873604 -0.015275633 -0.063364975 -0.210983306 0.014388509 0.999792278 -0.014433062 -0.005847020 0.063572295 0.013490641 0.997886062 1.546762705
0.998040736 -0.018116441 -0.059886750 -0.210987866 0.017178340 0.999722064 -0.016142529 -0.006128008 0.060162548 0.015082145 0.998074651 1.571996450
0.998268366 -0.018715778 -0.055767640 -0.211678654 0.017746584 0.999683559 -0.017824054 -0.006012717 0.056083590 0.016803503 0.998284698 1.595793486
0.998500526 -0.016539844 -0.052184545 -0.212419331 0.015585996 0.999704838 -0.018632703 -0.006650100 0.052477319 0.017791416 0.998463631 1.618345618
0.998712122 -0.014698533 -0.048557974 -0.215004116 0.013794406 0.999726117 -0.018902428 -0.007438989 0.048822507 0.018208258 0.998641431 1.638128996
0.998839140 -0.015859440 -0.045483466 -0.215597183 0.015005201 0.999705732 -0.019061625 -0.008386714 0.045772385 0.018357012 0.998783171 1.655170321
0.998947918 -0.015981432 -0.042983703 -0.215530962 0.015171706 0.999702513 -0.019098692 -0.008747924 0.043276135 0.018426465 0.998893201 1.670806646
0.999081373 -0.014712875 -0.040246826 -0.216868743 0.013964664 0.999725521 -0.018808931 -0.008936867 0.040512510 0.018229617 0.999012709 1.683266878
0.999162555 -0.012824440 -0.038855281 -0.217544660 0.012083177 0.999741614 -0.019252710 -0.009205200 0.039092146 0.018767092 0.999059319 1.694001913
0.999225020 -0.011850795 -0.037537977 -0.217923701 0.011049957 0.999708474 -0.021470200 -0.009608405 0.037781466 0.021038765 0.999064565 1.703076243
0.999263287 -0.012655670 -0.036232870 -0.218086869 0.011784752 0.999638855 -0.024150146 -0.009594221 0.036525425 0.023705356 0.999051511 1.711185098
0.999266207 -0.014103241 -0.035615351 -0.218248144 0.013173085 0.999569476 -0.026217671 -0.010273129 0.035969771 0.025729263 0.999021649 1.719968677
0.999273121 -0.014669148 -0.035188604 -0.218548030 0.013703323 0.999526978 -0.027532950 -0.010248188 0.035575841 0.027030732 0.999001384 1.729204535
0.999256730 -0.014692997 -0.035642851 -0.219216734 0.013710818 0.999523759 -0.027645744 -0.010295857 0.036032069 0.027136497 0.998982191 1.738769770
0.999212980 -0.014428539 -0.036949012 -0.219446659 0.013413347 0.999529660 -0.027577536 -0.010627259 0.037329532 0.027060222 0.998936534 1.748419046
0.999156892 -0.013708089 -0.038699124 -0.221258670 0.012622658 0.999523878 -0.028154312 -0.010358844 0.039066635 0.027642088 0.998854160 1.758032084
0.998993337 -0.013971369 -0.042628076 -0.221963853 0.012801480 0.999537230 -0.027594727 -0.011388015 0.042993892 0.027021246 0.998709798 1.768773317
0.998783290 -0.013842454 -0.047331899 -0.223058254 0.012534765 0.999534488 -0.027814170 -0.011595376 0.047694895 0.027187036 0.998491883 1.779137969
0.998509586 -0.014467916 -0.052625723 -0.223549023 0.012998066 0.999518871 -0.028166089 -0.011802197 0.053007908 0.027440075 0.998216987 1.790332675
0.998202443 -0.014968537 -0.058031563 -0.224516928 0.013342908 0.999510467 -0.028299842 -0.012126729 0.058426760 0.027474664 0.997913480 1.801902056
0.997871399 -0.014471334 -0.063586637 -0.226607978 0.012673290 0.999510884 -0.028589983 -0.012045793 0.063969269 0.027723271 0.997566760 1.813094854
0.997510970 -0.014026389 -0.069102317 -0.228640199 0.012050359 0.999508798 -0.028930092 -0.012209013 0.069474161 0.028025374 0.997189999 1.824877858
0.997108638 -0.013832409 -0.074717477 -0.231110215 0.011664880 0.999500632 -0.029368561 -0.013499543 0.075086400 0.028412079 0.996772170 1.837572455
0.996578634 -0.013997136 -0.081456125 -0.232522041 0.011520876 0.999459445 -0.030790940 -0.012968712 0.081843086 0.029747149 0.996201158 1.851091981
0.995994985 -0.014894015 -0.088159956 -0.235160604 0.012170153 0.999434292 -0.031354133 -0.013262700 0.088577077 0.030155636 0.995612741 1.865270853
0.995297730 -0.014633558 -0.095751330 -0.237603664 0.011661244 0.999434888 -0.031528313 -0.013726410 0.096158586 0.030263478 0.994905829 1.880872965
0.994485974 -0.013889869 -0.103945956 -0.240581468 0.010638795 0.999438763 -0.031765934 -0.014201790 0.104328826 0.030484915 0.994075537 1.897510886
0.993506968 -0.013942658 -0.112913534 -0.242828667 0.010379642 0.999431312 -0.032081928 -0.014788903 0.113296635 0.030701617 0.993086755 1.915988922
0.992542028 -0.014088186 -0.121085547 -0.246323302 0.010279994 0.999434531 -0.032017779 -0.015399680 0.121468134 0.030534238 0.992125571 1.935764551
0.991507351 -0.013923093 -0.129302949 -0.250395477 0.009960013 0.999462128 -0.031245822 -0.015869997 0.129668444 0.029692605 0.991112769 1.955792904
0.990406454 -0.013628708 -0.137511045 -0.254094064 0.009563324 0.999498725 -0.030181577 -0.016371664 0.137853459 0.028576966 0.990040302 1.978056669
0.989393651 -0.013148180 -0.144662619 -0.259291917 0.009030828 0.999536276 -0.029081739 -0.017180160 0.144977897 0.027466862 0.989053547 2.000050068
0.988323808 -0.013943362 -0.151729628 -0.263003051 0.009769063 0.999553859 -0.028222224 -0.017944988 0.152055472 0.026410438 0.988019049 2.023942232
0.987369597 -0.013200651 -0.157883361 -0.268113881 0.008848383 0.999562025 -0.028237585 -0.018053140 0.158186972 0.026483919 0.987053990 2.048655033
0.986423612 -0.012739968 -0.163726479 -0.273971677 0.008264078 0.999574006 -0.027989736 -0.018822327 0.164013311 0.026256684 0.986108601 2.074870586
0.985523760 -0.011270102 -0.169162691 -0.278728098 0.006564745 0.999576509 -0.028349146 -0.018790878 0.169410542 0.026828250 0.985180318 2.103338003
0.985070229 -0.012158810 -0.171723008 -0.284436703 0.007385774 0.999569118 -0.028406600 -0.019976415 0.171994403 0.026714185 0.984735608 2.130971193
0.984860122 -0.011176405 -0.172989920 -0.290258884 0.006378589 0.999580085 -0.028265759 -0.020880327 0.173233211 0.026734389 0.984517872 2.161246061
0.985077441 -0.009826839 -0.171831131 -0.296585143 0.005015493 0.999583662 -0.028412201 -0.021486614 0.172038794 0.027126402 0.984716535 2.192341805
0.985392153 -0.009957028 -0.170009151 -0.302606016 0.005079736 0.999563634 -0.029099319 -0.022950429 0.170224711 0.027810635 0.985012650 2.226073265
0.985606611 -0.011321193 -0.168675482 -0.308415592 0.006241416 0.999511778 -0.030615494 -0.023424234 0.168939739 0.029122060 0.985196054 2.261012316
0.985768914 -0.012953226 -0.167605981 -0.315187454 0.007874007 0.999490440 -0.030933695 -0.024573997 0.167921275 0.029173747 0.985368550 2.297482014
0.985896111 -0.012459543 -0.166894376 -0.321277291 0.007531919 0.999517798 -0.030125912 -0.024713811 0.167189270 0.028443983 0.985514343 2.335677147
0.986168265 -0.010891153 -0.165388763 -0.329051375 0.006482869 0.999609768 -0.027170546 -0.025426257 0.165620148 0.025722539 0.985854089 2.374988317
0.986262143 -0.010121446 -0.164877266 -0.335525960 0.006249269 0.999692738 -0.023987042 -0.026331499 0.165069416 0.022627153 0.986022353 2.417103529
0.986403584 -0.009660824 -0.164056867 -0.342320591 0.006483260 0.999781072 -0.019893089 -0.027218029 0.164213121 0.018558988 0.986250281 2.458042145
0.986633897 -0.009033634 -0.162701741 -0.349832654 0.006485458 0.999847949 -0.016185980 -0.027805593 0.162823215 0.014914443 0.986542583 2.500308990
0.986829460 -0.009662801 -0.161475062 -0.356853366 0.007646008 0.999884784 -0.013106558 -0.028925613 0.161583111 0.011699297 0.986789763 2.542363167
0.986938059 -0.009664758 -0.160809740 -0.363864303 0.007926889 0.999903083 -0.011445042 -0.030128378 0.160904750 0.010020827 0.986919045 2.585811853
0.987096250 -0.009577203 -0.159841537 -0.370604038 0.007799581 0.999900639 -0.011744851 -0.030720804 0.159938127 0.010346604 0.987072766 2.628029346
0.987249494 -0.008622169 -0.158946887 -0.377676308 0.006612348 0.999891460 -0.013169154 -0.030953569 0.159043193 0.011950228 0.987199306 2.671724558
0.987461448 -0.009390446 -0.157580346 -0.385539651 0.007241953 0.999872863 -0.014202932 -0.031192999 0.157693699 0.012883659 0.987403989 2.713909626
0.987650931 -0.010352486 -0.156328082 -0.392941266 0.008015083 0.999846518 -0.015574897 -0.031839088 0.156465366 0.014129579 0.987582386 2.757423639
0.987954915 -0.010259763 -0.154401943 -0.400574088 0.007820609 0.999834895 -0.016396577 -0.032088242 0.154544711 0.014991559 0.987872005 2.800435543
0.988105714 -0.010619800 -0.153409302 -0.407054394 0.008190241 0.999830902 -0.016460424 -0.033056766 0.153558195 0.015008178 0.988025665 2.844817162
0.988564551 -0.010274883 -0.150447711 -0.414236993 0.007892537 0.999833941 -0.016423605 -0.033613693 0.150591493 0.015048379 0.988481581 2.888737440
0.989109695 -0.010305283 -0.146818995 -0.421478659 0.008237758 0.999858260 -0.014683219 -0.034645502 0.146949515 0.013313857 0.989054322 2.931850910
0.989556074 -0.010459792 -0.143768474 -0.427627444 0.008440419 0.999857008 -0.014648750 -0.034997813 0.143901184 0.013282293 0.989502847 2.976445675
0.989942074 -0.010684464 -0.141069368 -0.433753401 0.008677406 0.999852240 -0.014834949 -0.035435654 0.141207024 0.013461623 0.989888489 3.021052122
0.990619421 -0.009597471 -0.136312395 -0.441595554 0.007487938 0.999844253 -0.015980074 -0.035722047 0.136444539 0.014809471 0.990536988 3.063771248
0.990961492 -0.009258607 -0.133826941 -0.447469831 0.007165696 0.999844491 -0.016112138 -0.037219893 0.133955315 0.015007544 0.990873754 3.107306242
0.991360545 -0.009649054 -0.130810007 -0.453467965 0.007596517 0.999840140 -0.016180914 -0.038369708 0.130945280 0.015047417 0.991275430 3.151033640
0.991755188 -0.009408632 -0.127801493 -0.458979160 0.007327159 0.999832869 -0.016747151 -0.038667653 0.127937734 0.015672648 0.991658390 3.194555521
0.992337584 -0.008574246 -0.123258278 -0.465569466 0.006418344 0.999819577 -0.017877376 -0.039027214 0.123389348 0.016949276 0.992213607 3.237263680
0.992767513 -0.009172065 -0.119701184 -0.470236182 0.006904269 0.999789000 -0.019346483 -0.040166918 0.119853362 0.018380113 0.992621422 3.279974461
0.993275166 -0.008514737 -0.115462981 -0.475744039 0.006132410 0.999761283 -0.020972379 -0.041019861 0.115613990 0.020123275 0.993090272 3.322762012
0.993777752 -0.008353301 -0.111066863 -0.480799407 0.005974747 0.999746025 -0.021731140 -0.041781694 0.111220159 0.020932328 0.993575335 3.365496397
0.994276285 -0.008422360 -0.106506474 -0.485903740 0.006148587 0.999746561 -0.021659072 -0.043010354 0.106661871 0.020880241 0.994076073 3.406704664
0.994659364 -0.008366202 -0.102872789 -0.489224792 0.006050112 0.999721587 -0.022805572 -0.043982629 0.103034951 0.022061385 0.994433045 3.447178841
0.995130479 -0.006597574 -0.098345384 -0.494648933 0.004263474 0.999704599 -0.023925001 -0.044705104 0.098474182 0.023389200 0.994864702 3.488128662
0.995371878 -0.005565440 -0.095938176 -0.498845667 0.003290389 0.999709964 -0.023855643 -0.045739207 0.096043132 0.023429561 0.995101392 3.529802799
0.995551288 -0.007556408 -0.093917720 -0.501676559 0.005413011 0.999719501 -0.023055917 -0.046155531 0.094065614 0.022444967 0.995312929 3.571587324
0.995863557 -0.007523636 -0.090549111 -0.506622910 0.005569624 0.999746561 -0.021812961 -0.047952279 0.090690240 0.021218408 0.995653093 3.611243486
0.995967269 -0.008526854 -0.089311749 -0.509866118 0.006572282 0.999732912 -0.022156117 -0.048451934 0.089476794 0.021479784 0.995757341 3.654211283
0.996094525 -0.008745603 -0.087859862 -0.512825012 0.006786171 0.999722123 -0.022575779 -0.049120396 0.088032879 0.021891380 0.995876968 3.695014477
0.996374071 -0.005343537 -0.084912442 -0.518650293 0.003467764 0.999747038 -0.022222837 -0.051115524 0.085009702 0.021847805 0.996140480 3.735878468
0.996568918 -0.001849311 -0.082747526 -0.523370326 -0.000096662 0.999723673 -0.023506822 -0.051941596 0.082768142 0.023434164 0.996293187 3.778218746
0.996684551 0.001376939 -0.081352174 -0.527236879 -0.003508233 0.999654233 -0.026061257 -0.052304104 0.081288174 0.026260249 0.996344566 3.820471287
0.996854365 0.000905828 -0.079248942 -0.530957520 -0.003111255 0.999611199 -0.027710060 -0.053475227 0.079193033 0.027869459 0.996469676 3.862606764
0.996930957 0.002104274 -0.078257181 -0.535021663 -0.004454968 0.999543667 -0.029875619 -0.054494686 0.078158587 0.030132564 0.996485472 3.903309822
0.996970475 -0.001077822 -0.077772640 -0.537916422 -0.001288010 0.999538124 -0.030363280 -0.055386730 0.077769421 0.030371467 0.996508718 3.946340084
0.996987641 -0.001957115 -0.077535175 -0.541646898 -0.000130650 0.999637783 -0.026912458 -0.056100525 0.077559769 0.026841521 0.996626258 3.990417719
0.997065127 -0.002493996 -0.076517724 -0.545634270 0.000886249 0.999778271 -0.021038195 -0.056557730 0.076553233 0.020908637 0.996846259 4.033010960
0.997083843 -0.002579117 -0.076270044 -0.548762321 0.001472324 0.999892771 -0.014564176 -0.057456147 0.076299429 0.014409413 0.996980846 4.076814175
0.997140288 0.000087457 -0.075572290 -0.553293824 -0.000888356 0.999943793 -0.010564233 -0.058144577 0.075567126 0.010601157 0.997084379 4.120545864
0.997173786 0.001268209 -0.075118840 -0.557526112 -0.001866167 0.999967098 -0.007890502 -0.059940375 0.075106360 0.008008385 0.997143388 4.162924290
0.997249722 0.002816596 -0.074061044 -0.562004924 -0.003183578 0.999983311 -0.004837546 -0.061465122 0.074046180 0.005060021 0.997241974 4.205193043
0.997250795 0.001332271 -0.074088201 -0.564067721 -0.001655217 0.999989390 -0.004297702 -0.061175369 0.074081682 0.004408519 0.997242391 4.248982906
0.997387052 -0.002523229 -0.072197981 -0.567553818 0.002211052 0.999987781 -0.004403497 -0.061463546 0.072208211 0.004232358 0.997380614 4.289865017
0.997475863 -0.005209439 -0.070814759 -0.570926428 0.004727926 0.999964476 -0.006965538 -0.060785353 0.070848532 0.006613148 0.997465193 4.332220554
0.997553408 -0.007833966 -0.069468834 -0.573625088 0.007190797 0.999928951 -0.009503622 -0.060786072 0.069538362 0.008980834 0.997538924 4.373929024
0.997767746 -0.009086987 -0.066157453 -0.576711655 0.008485730 0.999920070 -0.009363623 -0.061696071 0.066237241 0.008781325 0.997765183 4.415221214
0.997980416 -0.007237781 -0.063107722 -0.580533981 0.006781173 0.999949276 -0.007446567 -0.062849864 0.063158415 0.007003582 0.997978926 4.455957413
0.998142838 -0.005299586 -0.060684633 -0.583124340 0.004843201 0.999958992 -0.007665233 -0.063181296 0.060722757 0.007357092 0.998127580 4.498234749
0.998305678 -0.006006812 -0.057876874 -0.585909724 0.005456896 0.999938488 -0.009654865 -0.063342296 0.057931315 0.009322678 0.998277009 4.538898945
0.998451889 -0.008277896 -0.055002794 -0.587455034 0.007711152 0.999915063 -0.010508170 -0.063826710 0.055085100 0.010067767 0.998430908 4.580101490
0.998599470 -0.009514306 -0.052043397 -0.589492202 0.008933493 0.999895275 -0.011381407 -0.063726015 0.052146234 0.010900539 0.998579979 4.620825291
0.998770416 -0.009120210 -0.048727557 -0.592179835 0.008580456 0.999899626 -0.011274731 -0.064376235 0.048825491 0.010842762 0.998748541 4.660959721
0.998900771 -0.008881176 -0.046026319 -0.593900859 0.008333947 0.999892473 -0.012067807 -0.064892530 0.046128541 0.011670961 0.998867273 4.701544762
0.999039710 -0.009693368 -0.042728078 -0.595534027 0.009144628 0.999873459 -0.013019395 -0.065633729 0.042848870 0.012616158 0.999001920 4.741342068
0.999146402 -0.010282231 -0.040009275 -0.596960545 0.009738651 0.999857962 -0.013757617 -0.066397697 0.040145051 0.013356240 0.999104619 4.781476021
0.999269307 -0.009924945 -0.036910046 -0.599134088 0.009367749 0.999839962 -0.015238505 -0.066946760 0.037055384 0.014881607 0.999202430 4.820724487
0.999375403 -0.008867479 -0.034204215 -0.601412475 0.008326815 0.999838650 -0.015917115 -0.068356834 0.034339834 0.015622364 0.999288201 4.859790802
0.999406993 -0.008334299 -0.033408817 -0.602946103 0.007752870 0.999816895 -0.017495386 -0.068541780 0.033548512 0.017225998 0.999288619 4.898899555
0.999439001 -0.008340492 -0.032436218 -0.605363190 0.007716317 0.999783576 -0.019320996 -0.068913043 0.032590345 0.019059870 0.999287009 4.937646866
0.999431491 -0.008511038 -0.032621574 -0.606270790 0.007831771 0.999750972 -0.020894226 -0.069747642 0.032791276 0.020626863 0.999249279 4.976006031
0.999444067 -0.009513785 -0.031956427 -0.607957125 0.008820128 0.999723911 -0.021777609 -0.070665561 0.032154795 0.021483641 0.999251902 5.013571262
0.999438763 -0.011414463 -0.031494923 -0.609282017 0.010748681 0.999716878 -0.021228293 -0.071335599 0.031728324 0.020877842 0.999278486 5.051815033
0.999453962 -0.011370151 -0.031028818 -0.610607386 0.010730702 0.999728322 -0.020697583 -0.071946979 0.031255722 0.020353315 0.999304175 5.089579582
0.999458849 -0.011599981 -0.030784989 -0.612380862 0.010994150 0.999743938 -0.019776322 -0.073357671 0.031006513 0.019427164 0.999330342 5.126377583
0.999472201 -0.010311608 -0.030808840 -0.614637852 0.009709107 0.999759972 -0.019642109 -0.074176297 0.031003993 0.019332614 0.999332249 5.162392139
0.999444127 -0.008973507 -0.032108031 -0.615778148 0.008345945 0.999772668 -0.019626250 -0.074988216 0.032276843 0.019347370 0.999291658 5.198878288
0.999438882 -0.008192223 -0.032476600 -0.618108749 0.007534539 0.999765158 -0.020321950 -0.075536512 0.032635458 0.020065848 0.999265909 5.233113766
0.999405503 -0.008644029 -0.033375666 -0.619429946 0.007967872 0.999761522 -0.020339129 -0.076873146 0.033543508 0.020061102 0.999235928 5.266636848
0.999381542 -0.008548232 -0.034110107 -0.621670663 0.007803982 0.999729931 -0.021892870 -0.077154793 0.034288038 0.021613130 0.999178290 5.299910069
0.999341726 -0.009258687 -0.035077348 -0.623522997 0.008444903 0.999693453 -0.023277251 -0.078376949 0.035282105 0.022965703 0.999113560 5.332702160
0.999249160 -0.010508411 -0.037291430 -0.624612927 0.009563717 0.999631047 -0.025421366 -0.078158438 0.037544813 0.025045633 0.998980999 5.364583015
0.999168396 -0.011204345 -0.039202783 -0.626569092 0.010176295 0.999601603 -0.026325915 -0.079538122 0.039482132 0.025905088 0.998884439 5.396468163
0.999077678 -0.011329697 -0.041417181 -0.627826810 0.010240672 0.999598682 -0.026412303 -0.079950728 0.041699797 0.025963802 0.998792827 5.426825523
0.999011695 -0.010220269 -0.043256696 -0.629945993 0.009089663 0.999614000 -0.026253592 -0.081061013 0.043508325 0.025834458 0.998718977 5.459521770
0.998946130 -0.008963932 -0.045013852 -0.632136703 0.007761732 0.999610305 -0.026811458 -0.081364952 0.045236651 0.026433818 0.998626471 5.490763664
0.998881161 -0.008022764 -0.046603888 -0.633621693 0.006790898 0.999624908 -0.026531119 -0.082852110 0.046799261 0.026184956 0.998561025 5.520955563
0.998818457 -0.008298016 -0.047882974 -0.635997534 0.007028402 0.999620855 -0.026622657 -0.083279818 0.048085731 0.026254663 0.998498023 5.551923752
0.998760343 -0.007494430 -0.049209189 -0.637836397 0.006226082 0.999645770 -0.025877496 -0.084049530 0.049385685 0.025539039 0.998453140 5.581792831
0.998676181 -0.007424766 -0.050901156 -0.639275551 0.006211351 0.999693751 -0.023955543 -0.084904686 0.051063430 0.023607664 0.998416305 5.611655235
0.998592913 -0.008367539 -0.052366152 -0.641609669 0.007231884 0.999735355 -0.021838896 -0.085642703 0.052535031 0.021429464 0.998389125 5.640481949
0.998471320 -0.009153730 -0.054509975 -0.643530786 0.008050228 0.999758899 -0.020429285 -0.085862659 0.054683842 0.019959236 0.998304248 5.669762135
0.998269796 -0.010861181 -0.057786666 -0.645928860 0.009791356 0.999776006 -0.018764429 -0.087982923 0.057977516 0.018166155 0.998152614 5.698218346
0.998050690 -0.010997962 -0.061430469 -0.648341417 0.009892580 0.999784172 -0.018269282 -0.087955713 0.061618131 0.017625965 0.997944176 5.727127075
0.997771859 -0.010220111 -0.065930679 -0.650682211 0.009091359 0.999807358 -0.017397681 -0.088339299 0.066095784 0.016759520 0.997672498 5.755226612
0.997472823 -0.008899431 -0.070488580 -0.653256774 0.007786585 0.999840975 -0.016046669 -0.089273155 0.070620179 0.015457250 0.997383595 5.783682823
0.997165561 -0.008066099 -0.074804679 -0.655936956 0.006987978 0.999868095 -0.014663056 -0.089901283 0.074913085 0.014098762 0.997090399 5.811079979
0.996896327 -0.007552245 -0.078362584 -0.659560919 0.006519357 0.999888599 -0.013428370 -0.090641126 0.078455262 0.012875816 0.996834517 5.839229584
0.996585488 -0.008110760 -0.082168117 -0.662990928 0.007063753 0.999890268 -0.013024968 -0.090978816 0.082264736 0.012400077 0.996533334 5.867617130
0.996216536 -0.008668007 -0.086471461 -0.665491819 0.007579327 0.999887884 -0.012910447 -0.091713846 0.086573683 0.012206205 0.996170700 5.893428802
0.995830059 -0.008804250 -0.090800978 -0.668180704 0.007603208 0.999879003 -0.013564641 -0.092060275 0.090909407 0.012817697 0.995776713 5.921070099
0.995518148 -0.008618476 -0.094176985 -0.671534717 0.007322032 0.999873698 -0.014102953 -0.092350461 0.094286636 0.013350179 0.995455563 5.947828293
0.995194852 -0.008079774 -0.097580172 -0.674866438 0.006697236 0.999872565 -0.014487480 -0.092607662 0.097684793 0.013764349 0.995122194 5.974946022
0.994918644 -0.008395471 -0.100330733 -0.677966833 0.007008943 0.999875069 -0.014164093 -0.092831522 0.100437105 0.013388908 0.994853199 6.002038956
0.994743228 -0.008529004 -0.102044769 -0.681332707 0.007174146 0.999881268 -0.013636732 -0.093453765 0.102148950 0.012832962 0.994686365 6.029065609
0.994637847 -0.008426878 -0.103076644 -0.684106708 0.007113172 0.999888837 -0.013105901 -0.094199888 0.103175648 0.012302421 0.994587004 6.056056023
0.994614482 -0.008616943 -0.103285439 -0.687352240 0.007331438 0.999890924 -0.012819320 -0.094289392 0.103384651 0.011993049 0.994569123 6.082280159
0.994585156 -0.009615768 -0.103478730 -0.689602971 0.008312309 0.999880672 -0.013020248 -0.094407879 0.103591576 0.012089599 0.994546413 6.108714581
0.994527638 -0.010545630 -0.103940353 -0.693074942 0.009258423 0.999874413 -0.012858819 -0.094802462 0.104062892 0.011826124 0.994500518 6.136802197
0.994414985 -0.011142413 -0.104950622 -0.696774960 0.009940619 0.999879003 -0.011967205 -0.095834598 0.105071262 0.010857094 0.994405508 6.163750648
0.994174063 -0.011999023 -0.107116818 -0.699623466 0.010851601 0.999877393 -0.011288353 -0.096407264 0.107239112 0.010060197 0.994182467 6.190870285
0.993957341 -0.012036753 -0.109104820 -0.703610420 0.010860746 0.999876380 -0.011366554 -0.096255437 0.109228164 0.010112909 0.993965209 6.217521191
0.993703783 -0.011682414 -0.111428633 -0.707935929 0.010415276 0.999874353 -0.011947072 -0.096440315 0.111554228 0.010711291 0.993700624 6.244397163
0.993478477 -0.010441425 -0.113540359 -0.711471081 0.009137023 0.999886155 -0.012002796 -0.097433634 0.113652766 0.010887098 0.993460834 6.270363331
0.993133724 -0.010521133 -0.116510212 -0.715043902 0.009194951 0.999886692 -0.011914206 -0.098185889 0.116622373 0.010761096 0.993118107 6.297348022
0.992798030 -0.010235038 -0.119362101 -0.717975318 0.008861410 0.999888361 -0.012033168 -0.098169476 0.119471923 0.010888791 0.992777884 6.323412895
0.992474318 -0.009441264 -0.122088544 -0.720579684 0.008074366 0.999899149 -0.011685876 -0.098684877 0.122186564 0.010612145 0.992450476 6.349910259
0.992317617 -0.010025590 -0.123309389 -0.725928426 0.008613767 0.999891162 -0.011977248 -0.098631933 0.123416036 0.010823076 0.992296040 6.375162601
0.992136896 -0.011950770 -0.124585651 -0.729764283 0.010467360 0.999866426 -0.012554579 -0.099139266 0.124719054 0.011151779 0.992129445 6.401975632
0.991946995 -0.012373583 -0.126047909 -0.732736647 0.010781872 0.999853373 -0.013302295 -0.099480852 0.126194015 0.011836139 0.991934955 6.426941872
0.991842747 -0.012995113 -0.126803905 -0.736894608 0.011326360 0.999839664 -0.013872308 -0.099693745 0.126963839 0.012322920 0.991830826 6.453093052
0.991715133 -0.012645170 -0.127832249 -0.740245998 0.010890245 0.999836743 -0.014417992 -0.099735990 0.127993688 0.012906415 0.991690993 6.480347157
0.991733372 -0.012906119 -0.127664283 -0.743977904 0.011220460 0.999840319 -0.013914250 -0.100247011 0.127823427 0.012366774 0.991719902 6.506760120
0.991875648 -0.012533511 -0.126592115 -0.747875750 0.010923203 0.999850392 -0.013406668 -0.100781426 0.126741216 0.011914958 0.991864204 6.533211231
0.992048204 -0.012688568 -0.125216976 -0.750803947 0.011157623 0.999854267 -0.012920118 -0.101649910 0.125362650 0.011420256 0.992045224 6.557998657
0.992266476 -0.011211395 -0.123619162 -0.754015565 0.009771671 0.999877274 -0.012246634 -0.101510853 0.123741299 0.010943957 0.992254138 6.585134983
0.992551267 -0.010862750 -0.121342137 -0.757536769 0.009360873 0.999872446 -0.012940411 -0.101523370 0.121467218 0.011708152 0.992526412 6.610323906
0.992826819 -0.010603535 -0.119090579 -0.760313809 0.009000966 0.999861598 -0.013986570 -0.102489285 0.119222403 0.012814310 0.992784858 6.637019157
0.993259847 -0.011441466 -0.115342498 -0.763785183 0.009735124 0.999834955 -0.015346181 -0.103045650 0.115499027 0.014119877 0.993207216 6.662877083
0.993692935 -0.011826451 -0.111510530 -0.766089499 0.010097216 0.999820054 -0.016059386 -0.103897996 0.111680396 0.014832153 0.993633449 6.689086437
0.994190216 -0.011499157 -0.107021816 -0.769431829 0.009702523 0.999803483 -0.017293127 -0.104290515 0.107199632 0.016154278 0.994106233 6.714723587
0.994650543 -0.010818039 -0.102729358 -0.772168696 0.008941125 0.999784827 -0.018713411 -0.104938649 0.102909692 0.017694790 0.994533300 6.740094185
0.994988084 -0.010835719 -0.099405058 -0.774216533 0.008942327 0.999770403 -0.019473072 -0.106215566 0.099593244 0.018486561 0.994856536 6.765832424
0.995355368 -0.011125966 -0.095624089 -0.777398825 0.009183318 0.999742925 -0.020731598 -0.106436223 0.095830172 0.019757163 0.995201588 6.791135311
0.995562434 -0.011691638 -0.093373850 -0.779724061 0.009625476 0.999699414 -0.022547634 -0.106389090 0.093609408 0.021548811 0.995375752 6.816606522
0.995740652 -0.012773204 -0.091308974 -0.782412052 0.010569916 0.999642074 -0.024573004 -0.106892437 0.091590174 0.023503209 0.995519400 6.844360352
0.995837688 -0.012716626 -0.090253711 -0.785789847 0.010362501 0.999594986 -0.026504252 -0.106861681 0.090554193 0.025458673 0.995566070 6.869881630
0.995779932 -0.012329158 -0.090941034 -0.788095713 0.009984566 0.999606907 -0.026191501 -0.108774148 0.091228239 0.025172964 0.995511770 6.896714211
0.995692194 -0.011641772 -0.091985993 -0.791101336 0.009134661 0.999576390 -0.027629545 -0.109028347 0.092268698 0.026670262 0.995376885 6.922274590
0.995494604 -0.011278487 -0.094145007 -0.793736100 0.008663191 0.999566376 -0.028142067 -0.109952882 0.094421618 0.027199680 0.995160639 6.949987888
0.995301783 -0.010957444 -0.096198738 -0.797055364 0.008354915 0.999589324 -0.027414912 -0.110044718 0.096459620 0.026482383 0.994984508 6.975800991
0.994957507 -0.013472904 -0.099387787 -0.799508333 0.011013963 0.999620497 -0.025248231 -0.111252293 0.099690244 0.024026267 0.994728386 7.002155781
0.994438410 -0.015477412 -0.104176044 -0.803000271 0.012883811 0.999591231 -0.025523430 -0.111912422 0.104528502 0.024039295 0.994231343 7.028532505
0.993866801 -0.015158621 -0.109540112 -0.806929946 0.012314148 0.999570310 -0.026597433 -0.112580724 0.109896228 0.025085412 0.993626416 7.056111336
0.993317902 -0.012169816 -0.114767253 -0.810867369 0.009171952 0.999603808 -0.026613243 -0.114068545 0.115045652 0.025382772 0.993035793 7.081593513
0.992728472 -0.010570245 -0.119910151 -0.814697802 0.007357322 0.999602795 -0.027205544 -0.114825808 0.120150089 0.026125506 0.992411852 7.107979774
0.992208600 -0.008582706 -0.124291867 -0.819537044 0.005194151 0.999606609 -0.027561327 -0.115214907 0.124479540 0.026700996 0.991862833 7.133954525
0.991714597 -0.004457113 -0.128383294 -0.824043155 0.000766659 0.999585450 -0.028780684 -0.115688927 0.128458366 0.028443797 0.991306841 7.160100937
0.991366982 -0.000796453 -0.131113455 -0.828774691 -0.003009883 0.999579787 -0.028830126 -0.116464324 0.131081313 0.028975872 0.990948141 7.185820580
0.991123557 0.000065321 -0.132943898 -0.832908869 -0.003753451 0.999615073 -0.027491577 -0.117284998 0.132890925 0.027746551 0.990742207 7.212058067
0.990953445 -0.002552092 -0.134181723 -0.835291803 -0.001107414 0.999629676 -0.027191052 -0.118380345 0.134201407 0.027093666 0.990583658 7.238463879
0.990986288 -0.005986289 -0.133830547 -0.839815497 0.002191031 0.999591708 -0.028487997 -0.118209571 0.133946463 0.027937980 0.990594685 7.265258789
0.990923405 -0.008869824 -0.134134814 -0.841993570 0.005043859 0.999571443 -0.028836245 -0.118161544 0.134333104 0.027897954 0.990543425 7.292439938
0.990983248 -0.008295758 -0.133728817 -0.845748305 0.004717886 0.999622941 -0.027049400 -0.118960589 0.133902788 0.026174586 0.990648746 7.319200993
0.991161525 -0.004820060 -0.132573396 -0.850436509 0.001547815 0.999691963 -0.024774496 -0.120693505 0.132651985 0.024350328 0.990863502 7.345837116
0.991321266 -0.004261075 -0.131392509 -0.855085135 0.000936836 0.999678135 -0.025351506 -0.121262252 0.131458268 0.025008390 0.991006196 7.371714592
0.991423368 -0.005573406 -0.130570114 -0.859137774 0.002160616 0.999652684 -0.026264694 -0.121965617 0.130671158 0.025757320 0.991091073 7.397995949
0.991532266 -0.006782551 -0.129683942 -0.862094998 0.003495791 0.999667287 -0.025555238 -0.123062372 0.129814118 0.024885492 0.991226017 7.425494671
0.991692126 -0.003812392 -0.128578261 -0.866264880 0.000761950 0.999717355 -0.023765251 -0.123674273 0.128632486 0.023469839 0.991414607 7.452139854
0.991739511 -0.000210664 -0.128267556 -0.870486021 -0.002761351 0.999731839 -0.022992156 -0.124089621 0.128237993 0.023156427 0.991473019 7.478931427
0.991715550 0.000365614 -0.128452480 -0.873980641 -0.003150966 0.999764323 -0.021481363 -0.124607824 0.128414348 0.021708151 0.991483033 7.506829739
0.991728187 0.001790195 -0.128342882 -0.877323687 -0.004489778 0.999774694 -0.020747917 -0.125980049 0.128276810 0.021152526 0.991512775 7.534162521
0.991886675 0.003393125 -0.127079636 -0.882366896 -0.006304111 0.999726713 -0.022511590 -0.126049995 0.126968488 0.023130072 0.991636992 7.561426640
0.991874218 0.005311464 -0.127111107 -0.885982215 -0.008451222 0.999672055 -0.024174366 -0.126447648 0.126941010 0.025052177 0.991593838 7.588613510
0.991987526 0.005317870 -0.126223832 -0.889918506 -0.008847409 0.999584854 -0.027418412 -0.127610505 0.126025647 0.028315479 0.991622806 7.615558147
0.991960585 0.003189511 -0.126506805 -0.892861068 -0.006972664 0.999541223 -0.029473189 -0.128648400 0.126354769 0.030118331 0.991527736 7.643454552
0.991930366 0.000026167 -0.126783505 -0.895840645 -0.003699111 0.999580264 -0.028734844 -0.129361689 0.126729533 0.028971950 0.991514087 7.671343327
0.992055416 -0.004935905 -0.125704393 -0.899312735 0.001166264 0.999547899 -0.030044083 -0.130271763 0.125795871 0.029658794 0.991612732 7.699588776
0.992132008 -0.009516024 -0.124833569 -0.902775764 0.005485374 0.999453723 -0.032592278 -0.130788147 0.125075519 0.031651087 0.991642296 7.726774693
0.992081344 -0.012243089 -0.124998577 -0.905904412 0.008307153 0.999454618 -0.031960696 -0.131851792 0.125321701 0.030669225 0.991641998 7.755116940
0.992037475 -0.012215217 -0.125349432 -0.908196688 0.008355414 0.999475956 -0.031272035 -0.132005543 0.125665754 0.029975686 0.991619706 7.783359528
0.992320120 -0.007552618 -0.123465762 -0.914327919 0.003755333 0.999513507 -0.030959595 -0.132410556 0.123639531 0.030258179 0.991865754 7.813609123
0.992344856 -0.000935531 -0.123494320 -0.919323087 -0.002916703 0.999514818 -0.031009147 -0.132429779 0.123463415 0.031131962 0.991860628 7.842540264
0.992194355 0.004417497 -0.124623746 -0.923091233 -0.008284026 0.999499738 -0.030524496 -0.133290693 0.124426559 0.031318616 0.991734385 7.871764183
0.992299855 0.003295091 -0.123815529 -0.928103745 -0.006816185 0.999583900 -0.028025404 -0.134293571 0.123671666 0.028653547 0.991909444 7.901206017
0.992220104 -0.000999580 -0.124491960 -0.931801319 -0.001699383 0.999765873 -0.021571729 -0.135528862 0.124484390 0.021615468 0.991986096 7.934216022
0.992183626 -0.000458090 -0.124785170 -0.936303735 -0.001674375 0.999854445 -0.016983677 -0.136672497 0.124774784 0.017059866 0.992038369 7.964039803
0.992081463 0.002541915 -0.125570118 -0.940344334 -0.004058533 0.999921858 -0.011823502 -0.136779428 0.125530288 0.012239513 0.992014170 7.994576931
0.992069364 0.001594546 -0.125681549 -0.944716811 -0.002574119 0.999967575 -0.007632068 -0.137035742 0.125665262 0.007895061 0.992041290 8.026904106
0.992219627 -0.000502355 -0.124498472 -0.948934436 -0.000257415 0.999981463 -0.006086489 -0.137965530 0.124499217 0.006071182 0.992201149 8.057668686
