0.999564469 -0.000863618 -0.029498873 -0.003935087 0.000920428 0.999997675 0.001912306 0.000278067 0.029497156 -0.001938625 0.999562979 0.046713341
0.999389231 -0.000074841 -0.034943078 -0.004859244 0.000176426 0.999995768 0.002904092 0.000315960 0.034942716 -0.002908483 0.999385059 0.053675234
0.999132693 0.000758189 -0.041631423 -0.004925488 -0.000616141 0.999993920 0.003424757 0.001003494 0.041633755 -0.003396136 0.999127150 0.065056317
0.998933673 0.002264463 -0.046111368 -0.007338886 -0.002022859 0.999983907 0.005285551 0.000668887 0.046122596 -0.005186640 0.998922288 0.069440961
0.998608410 0.004284825 -0.052563090 -0.008487360 -0.003958427 0.999972224 0.006312174 0.001286063 0.052588675 -0.006095323 0.998597682 0.082661569
0.998360038 0.005970860 -0.056933928 -0.010991680 -0.005549763 0.999956191 0.007551489 0.001128492 0.056976520 -0.007223137 0.998349369 0.091004260
0.997937977 0.007074140 -0.063794382 -0.012032125 -0.006626285 0.999951899 0.007229144 0.001205855 0.063842438 -0.006791517 0.997936845 0.100272439
0.997543812 0.008995435 -0.069465943 -0.014368372 -0.008575292 0.999942958 0.006344037 0.001928422 0.069519058 -0.005732764 0.997564077 0.111337110
0.997169197 0.010881208 -0.074400872 -0.017297408 -0.010529046 0.999931335 0.005123896 0.002567775 0.074451536 -0.004326019 0.997215211 0.122998931
0.996661305 0.011205114 -0.080875538 -0.018297862 -0.010762691 0.999924660 0.005904322 0.001764681 0.080935635 -0.005014170 0.996706605 0.136779368
0.996276438 0.011017455 -0.085510217 -0.019893069 -0.010556136 0.999927163 0.005845188 0.001616132 0.085568421 -0.004920765 0.996320069 0.151168376
0.995994866 0.011024733 -0.088727824 -0.022352085 -0.010549029 0.999927342 0.005828533 0.001076543 0.088785648 -0.004869197 0.996038854 0.163374990
0.995589852 0.010516524 -0.093221560 -0.024210066 -0.009974796 0.999930561 0.006275242 0.001121482 0.093281090 -0.005317702 0.995625615 0.181006089
0.995151937 0.008814552 -0.097953476 -0.027035320 -0.008098683 0.999937534 0.007703482 0.000783283 0.098015256 -0.006872841 0.995161176 0.198841348
0.994743884 0.008299272 -0.102057196 -0.030001625 -0.007550339 0.999941707 0.007722467 0.001178427 0.102115333 -0.006911311 0.994748592 0.219114542
0.994207203 0.007612430 -0.107209854 -0.032808349 -0.006866641 0.999949574 0.007323789 0.000621025 0.107260212 -0.006545191 0.994209409 0.240296215
0.993669450 0.006717212 -0.112141855 -0.035743423 -0.006009018 0.999959826 0.006651985 -0.000041665 0.112182029 -0.005936014 0.993669927 0.264196694
0.993167043 0.006706070 -0.116509467 -0.039723888 -0.006189752 0.999969304 0.004792808 0.001068705 0.116538040 -0.004038894 0.993178010 0.286945045
0.992703497 0.004477308 -0.120498210 -0.045388538 -0.003994837 0.999982953 0.004245243 0.001323624 0.120515168 -0.003732897 0.992704451 0.312377095
0.991650283 0.001204343 -0.128950641 -0.046338104 -0.000946418 0.999997437 0.002061437 0.001546705 0.128952831 -0.001922183 0.991648853 0.338950455
0.990531862 -0.000654460 -0.137281641 -0.048026200 0.000536896 0.999999523 -0.000893400 0.001715817 0.137282193 0.000811236 0.990531683 0.368784130
0.989916205 0.000348244 -0.141653821 -0.054970622 -0.001238443 0.999980032 -0.006196209 0.002817579 0.141648874 0.006309158 0.989896834 0.393858522
0.989066064 0.002478948 -0.147452220 -0.062044814 -0.003828228 0.999953330 -0.008867538 0.003527502 0.147423387 0.009335062 0.989029467 0.423606724
0.987959981 0.001458056 -0.154702678 -0.067254417 -0.002578184 0.999971867 -0.007040134 0.003100148 0.154688075 0.007354223 0.987935960 0.453472912
0.986832261 -0.002337011 -0.161729932 -0.071348324 0.001632163 0.999988496 -0.004490904 0.003068343 0.161738575 0.004167799 0.986824751 0.487582207
0.985967517 -0.004897725 -0.166866273 -0.078267775 0.004498663 0.999986053 -0.002769413 0.002776394 0.166877523 0.001979876 0.985975623 0.519921362
0.985278249 -0.006850080 -0.170820996 -0.085698910 0.006706511 0.999976516 -0.001417507 0.002331175 0.170826688 0.000251026 0.985301077 0.553338110
0.984406173 -0.008635528 -0.175698206 -0.091276750 0.008323691 0.999962211 -0.002511746 0.002316898 0.175713226 0.001010121 0.984440863 0.587604225
0.984075367 -0.010336732 -0.177451417 -0.098211862 0.009909060 0.999945521 -0.003296149 0.002118565 0.177475810 0.001485283 0.984124005 0.622458279
0.983903050 -0.009920100 -0.178427443 -0.105033427 0.009282551 0.999947131 -0.004407645 0.002015046 0.178461730 0.002680434 0.983943164 0.657409012
0.984141350 -0.007869091 -0.177211061 -0.112518281 0.007212215 0.999964476 -0.004350585 0.001520393 0.177239016 0.003003507 0.984163344 0.693008542
0.984657824 -0.006553244 -0.174373060 -0.119044617 0.005710299 0.999969482 -0.005335418 0.001567062 0.174402684 0.004257837 0.984665215 0.728863835
0.985787928 -0.006313067 -0.167876035 -0.126403227 0.004994486 0.999953330 -0.008275560 0.001970381 0.167920411 0.007319491 0.985773325 0.764528811
0.986680627 -0.002979662 -0.162642136 -0.131925046 0.001470861 0.999954760 -0.009396438 0.001623545 0.162662789 0.009032059 0.986640394 0.801331043
0.987737775 -0.001659572 -0.156113267 -0.137977943 0.000043911 0.999946415 -0.010352168 0.001511821 0.156122088 0.010218373 0.987684965 0.838478684
0.988645256 -0.001820736 -0.150256574 -0.143347859 0.000262837 0.999945998 -0.010387467 0.000788265 0.150267377 0.010230028 0.988592446 0.875165105
0.989670575 -0.007367663 -0.143170685 -0.148228943 0.005973220 0.999930501 -0.010167086 0.000589336 0.143235624 0.009206878 0.989645779 0.912704289
0.990509093 -0.010955518 -0.137010098 -0.151985720 0.009644302 0.999901175 -0.010230399 0.000703567 0.137108669 0.008811936 0.990516782 0.950974226
0.991426706 -0.011829808 -0.130127594 -0.156279072 0.010584701 0.999891400 -0.010255850 0.000500907 0.130234748 0.008790564 0.991444230 0.986199379
0.992366135 -0.008218170 -0.123052530 -0.162114367 0.006978493 0.999920487 -0.010502001 -0.000138252 0.123129033 0.009563111 0.992344618 1.025024891
0.993078411 -0.004717388 -0.117358468 -0.166970119 0.003524306 0.999940038 -0.010371587 -0.001043024 0.117400311 0.009886193 0.993035555 1.063216805
0.993746400 -0.005108306 -0.111543462 -0.171222195 0.003984766 0.999939024 -0.010293281 -0.001046065 0.111589245 0.009784433 0.993706226 1.099340081
0.994301260 -0.005916175 -0.106442280 -0.174795061 0.004925534 0.999942005 -0.009567328 -0.001416201 0.106492713 0.008988519 0.994272828 1.137851477
0.994773626 -0.007830385 -0.101803735 -0.178333431 0.006891032 0.999930382 -0.009575526 -0.001245838 0.101871617 0.008823946 0.994758427 1.176099658
0.995098591 -0.010519662 -0.098326497 -0.182040244 0.009660185 0.999910831 -0.009213066 -0.002336456 0.098414660 0.008218056 0.995111585 1.213446736
0.995339215 -0.013858614 -0.095434241 -0.184240192 0.013030078 0.999871790 -0.009299483 -0.002508488 0.095550895 0.008012626 0.995392203 1.251414776
0.995669663 -0.015745528 -0.091618709 -0.188300624 0.015035013 0.999851346 -0.008440216 -0.002985092 0.091738001 0.007026179 0.995758414 1.288991570
0.995880008 -0.015992982 -0.089259647 -0.192138180 0.015270748 0.999844968 -0.008768480 -0.003558685 0.089386038 0.007369292 0.995969772 1.326165080
0.996219754 -0.013748478 -0.085774377 -0.194652945 0.012986949 0.999871254 -0.009430015 -0.003979282 0.085892968 0.008280421 0.996269941 1.362079263
0.996551573 -0.010346682 -0.082328357 -0.198023394 0.009501423 0.999898076 -0.010652114 -0.005072916 0.082430184 0.009833145 0.996548355 1.397216916
0.996860266 -0.009670193 -0.078588240 -0.200837538 0.008792256 0.999895096 -0.011509716 -0.005364993 0.078691304 0.010782611 0.996840656 1.428765416
0.997242391 -0.010245488 -0.073503651 -0.202463239 0.009346670 0.999877453 -0.012561781 -0.005547792 0.073623344 0.011840126 0.997215807 1.459226012
0.997615933 -0.012863843 -0.067799337 -0.204060048 0.011946098 0.999831736 -0.013924303 -0.005641335 0.067967057 0.013081169 0.997601688 1.488963604
0.997919798 -0.014151259 -0.062894553 -0.205919594 0.013264463 0.999806941 -0.014495011 -0.006197337 0.063087530 0.013630595 0.997914851 1.517127633
0.998066127 -0.017477412 -0.059653968 -0.205997139 0.016552392 0.999735475 -0.015965592 -0.006633280 0.059917226 0.014947300 0.998091459 1.541590929
0.998305380 -0.017751204 -0.055417806 -0.206775397 0.016808810 0.999706864 -0.017425328 -0.006680960 0.055710878 0.016464291 0.998311162 1.564862251
0.998521686 -0.015792472 -0.052010760 -0.207264692 0.014849141 0.999718964 -0.018474095 -0.007149886 0.052287903 0.017674467 0.998475671 1.587264657
0.998739302 -0.013811312 -0.048261553 -0.209884644 0.012928130 0.999744117 -0.018564451 -0.008053739 0.048505601 0.017917112 0.998662233 1.605713487
0.998847485 -0.015101344 -0.045562003 -0.210028857 0.014246365 0.999717295 -0.019031929 -0.008633953 0.045836538 0.018360898 0.998780191 1.622730851
0.998962164 -0.015284088 -0.042908076 -0.210157245 0.014468173 0.999709725 -0.019261988 -0.008936536 0.043190032 0.018621193 0.998893321 1.638142824
0.999100924 -0.013708797 -0.040117428 -0.211425900 0.012943707 0.999730527 -0.019269275 -0.008823711 0.040370781 0.018732686 0.999009013 1.650164604
0.999177992 -0.011883059 -0.038757887 -0.212025881 0.011137527 0.999749839 -0.019395141 -0.009309072 0.038978666 0.018947531 0.999060273 1.660919428
0.999235332 -0.011104872 -0.037489854 -0.212443978 0.010301457 0.999714613 -0.021555780 -0.009708714 0.037718527 0.021153102 0.999064445 1.669453740
0.999293447 -0.011652755 -0.035732031 -0.213115036 0.010784157 0.999643922 -0.024405763 -0.009521578 0.036003701 0.024003182 0.999063313 1.677987099
0.999280572 -0.013037127 -0.035614457 -0.212607116 0.012103873 0.999580920 -0.026295386 -0.010317843 0.035942353 0.025845394 0.999019563 1.686861873
0.999279141 -0.013827834 -0.035356086 -0.212807491 0.012858775 0.999539316 -0.027490564 -0.010448620 0.035719927 0.027016103 0.998996675 1.695953608
0.999267697 -0.014072642 -0.035581760 -0.213561907 0.013101896 0.999539435 -0.027369637 -0.010842271 0.035950538 0.026883401 0.998991966 1.705189943
0.999224722 -0.014046089 -0.036779430 -0.214301288 0.013043851 0.999540806 -0.027349539 -0.011181366 0.037146691 0.026848590 0.998949111 1.714378238
0.999146223 -0.013244562 -0.039134033 -0.215148389 0.012176855 0.999550402 -0.027396919 -0.011750016 0.039479304 0.026896998 0.998858333 1.724821687
0.998997748 -0.013173125 -0.042777274 -0.216253355 0.012002751 0.999549627 -0.027502296 -0.011867043 0.043120310 0.026961280 0.998706102 1.734792113
0.998773873 -0.013032775 -0.047760405 -0.216800153 0.011711975 0.999543965 -0.027831037 -0.011608571 0.048101347 0.027237536 0.998471141 1.744713664
0.998541236 -0.013480952 -0.052285377 -0.218646169 0.012050847 0.999547184 -0.027571414 -0.012810338 0.052633394 0.026901107 0.998251617 1.754845023
0.998254120 -0.014059518 -0.057367329 -0.219699115 0.012469153 0.999530554 -0.027986912 -0.012759116 0.057733878 0.027222734 0.997960746 1.766431570
0.997907639 -0.013848476 -0.063153714 -0.220936537 0.012074093 0.999523938 -0.028391872 -0.012526870 0.063516825 0.027569944 0.997600019 1.777217865
0.997549832 -0.013083005 -0.068724953 -0.222707659 0.011113062 0.999518633 -0.028968720 -0.012645356 0.069070861 0.028133998 0.997215033 1.788522243
0.997097135 -0.013166110 -0.074991822 -0.224539101 0.010957880 0.999496460 -0.029782007 -0.013088286 0.075346172 0.028873805 0.996739328 1.801138520
0.996597528 -0.013518247 -0.081305318 -0.227392584 0.011045919 0.999465168 -0.030781254 -0.013100181 0.081677951 0.029778430 0.996213913 1.814900041
0.995975316 -0.014069675 -0.088516496 -0.228946477 0.011378961 0.999459863 -0.030829413 -0.014005162 0.088902436 0.029698115 0.995597422 1.829577804
0.995292544 -0.014022573 -0.095896952 -0.231665820 0.011074762 0.999451756 -0.031202825 -0.014150012 0.096281908 0.029993905 0.994902015 1.845041156
0.994479060 -0.013157006 -0.104106665 -0.234453499 0.009943840 0.999459803 -0.031323250 -0.014841326 0.104462549 0.030115096 0.994072735 1.861191034
0.993575990 -0.013315736 -0.112381667 -0.237673104 0.009756771 0.999435127 -0.032159362 -0.014857631 0.112746418 0.030856282 0.993144572 1.878099203
0.992575824 -0.013731281 -0.120849632 -0.240798295 0.009920253 0.999436080 -0.032080643 -0.015384525 0.121221989 0.030643605 0.992152333 1.898168802
0.991549909 -0.013593894 -0.129010990 -0.244783804 0.009656395 0.999469697 -0.031097259 -0.016057823 0.129365310 0.029588703 0.991155505 1.917679787
0.990478456 -0.012786024 -0.137072563 -0.248714939 0.008755261 0.999512613 -0.029968737 -0.016739186 0.137388930 0.028483283 0.990107596 1.939050198
0.989418983 -0.012556252 -0.144541532 -0.253316760 0.008438720 0.999541998 -0.029064795 -0.017205440 0.144840255 0.027537514 0.989071846 1.961033702
0.988334715 -0.013242232 -0.151720271 -0.257011265 0.009049811 0.999558747 -0.028289858 -0.017881267 0.152027950 0.026586806 0.988018453 1.984991550
0.987330616 -0.013074941 -0.158136651 -0.261801451 0.008778986 0.999574006 -0.027834218 -0.018680371 0.158433214 0.026093291 0.987024784 2.009108782
0.986339450 -0.012720935 -0.164233670 -0.266941428 0.008270420 0.999580562 -0.027754107 -0.019297186 0.164517850 0.026016688 0.986030877 2.034821749
0.985474706 -0.011940965 -0.169402122 -0.272311598 0.007337882 0.999587297 -0.027772613 -0.019905698 0.169663861 0.026126154 0.985155582 2.061530113
0.985054791 -0.011718431 -0.171842024 -0.277978480 0.006958865 0.999575913 -0.028273646 -0.020455848 0.172100440 0.026655264 0.984718680 2.090391159
0.984792292 -0.010608268 -0.173411503 -0.283469498 0.005764861 0.999579728 -0.028409984 -0.021174487 0.173639953 0.026978245 0.984439552 2.120299578
0.985061824 -0.009282299 -0.171950951 -0.290317297 0.004384431 0.999574304 -0.028842021 -0.021607623 0.172145456 0.027657265 0.984683156 2.151494980
0.985301137 -0.009608765 -0.170556039 -0.295927405 0.004656934 0.999556541 -0.029409831 -0.023003403 0.170762986 0.028183270 0.984908938 2.184657574
0.985587656 -0.011105360 -0.168801218 -0.301616639 0.006006814 0.999511003 -0.030685155 -0.023499873 0.169059470 0.029228942 0.985172331 2.219250679
0.985683501 -0.012616715 -0.168133482 -0.307385415 0.007450755 0.999481618 -0.031320877 -0.024183698 0.168441489 0.029619746 0.985266566 2.255637407
0.985815346 -0.012302049 -0.167382151 -0.313514978 0.007367410 0.999520600 -0.030070381 -0.025018327 0.167671859 0.028410671 0.985433340 2.293268681
0.986023307 -0.011025412 -0.166242376 -0.320620447 0.006540604 0.999600291 -0.027500920 -0.025105778 0.166479141 0.026029222 0.985701323 2.332214117
0.986193419 -0.010349812 -0.165273517 -0.327857971 0.006514733 0.999697208 -0.023729689 -0.026469087 0.165469050 0.022325350 0.985962272 2.371873617
0.986346364 -0.009597466 -0.164404348 -0.334856957 0.006414326 0.999781907 -0.019881617 -0.027410062 0.164559275 0.018555623 0.986192644 2.413149118
0.986689329 -0.008315605 -0.162404090 -0.343061358 0.005807592 0.999856532 -0.015911691 -0.028207455 0.162513107 0.014756717 0.986595988 2.454024553
0.986806273 -0.009076361 -0.161651000 -0.349407911 0.007082854 0.999891698 -0.012904167 -0.029366639 0.161750600 0.011588963 0.986763716 2.495636940
0.986990392 -0.009499962 -0.160498217 -0.356529176 0.007766174 0.999904513 -0.011426398 -0.030170800 0.160591453 0.010031292 0.986970007 2.536214352
0.987099290 -0.009615403 -0.159820288 -0.363328785 0.007875451 0.999902606 -0.011516775 -0.031121584 0.159915507 0.010109542 0.987078965 2.579228401
0.987212479 -0.008586198 -0.159178644 -0.369707078 0.006572282 0.999891579 -0.013174058 -0.031085677 0.159274518 0.011959425 0.987161934 2.621510029
0.987385690 -0.009423222 -0.158052593 -0.376419306 0.007298426 0.999875069 -0.014018648 -0.031266063 0.158164963 0.012688279 0.987331212 2.662871122
0.987667263 -0.009902902 -0.156253532 -0.384024262 0.007547898 0.999848962 -0.015657848 -0.031495571 0.156385019 0.014285360 0.987592876 2.705241203
0.987961173 -0.009703099 -0.154397443 -0.392165899 0.007196357 0.999833226 -0.016786285 -0.031562828 0.154534549 0.015473098 0.987866223 2.748361349
0.988141358 -0.010504572 -0.153186768 -0.399030119 0.008101821 0.999834239 -0.016300926 -0.033291258 0.153332606 0.014866529 0.988062799 2.791737795
0.988627791 -0.009536568 -0.150080293 -0.406465322 0.007225148 0.999846876 -0.015938969 -0.034194771 0.150209278 0.014673357 0.988545299 2.834305763
0.989132106 -0.009264390 -0.146736801 -0.413127095 0.007217659 0.999869168 -0.014474621 -0.034924217 0.146851704 0.013258220 0.989069641 2.877947092
0.989577115 -0.009294307 -0.143703014 -0.419976354 0.007282309 0.999867976 -0.014520749 -0.035127424 0.143819019 0.013322915 0.989514351 2.922305107
0.989962459 -0.010597482 -0.140932873 -0.425893724 0.008656153 0.999859095 -0.014380747 -0.035846960 0.141065449 0.013016465 0.989914715 2.965172291
0.990498900 -0.010078511 -0.137150258 -0.432582140 0.008072954 0.999852240 -0.015171462 -0.036372386 0.137282923 0.013920112 0.990434051 3.008757353
0.990998864 -0.009133326 -0.133558750 -0.438876003 0.007108595 0.999852479 -0.015628846 -0.037298962 0.133681819 0.014538754 0.990917742 3.049941063
0.991467178 -0.008516209 -0.130078644 -0.445907056 0.006457577 0.999847174 -0.016239658 -0.038012158 0.130197093 0.015261097 0.991370738 3.092856646
0.991746545 -0.008879230 -0.127906024 -0.450052917 0.006820826 0.999840260 -0.016522136 -0.038472872 0.128032297 0.015513347 0.991648674 3.135864735
0.992266238 -0.009027217 -0.123798512 -0.456266463 0.006914026 0.999823213 -0.017488621 -0.038754400 0.123934485 0.016497422 0.992153287 3.178077459
0.992738366 -0.009611146 -0.119908959 -0.461041003 0.007358790 0.999788404 -0.019212546 -0.039906338 0.120068252 0.018190648 0.992598951 3.219815493
0.993205786 -0.008911670 -0.116029620 -0.466309011 0.006552760 0.999764442 -0.020695830 -0.040969327 0.116186738 0.019794906 0.993030071 3.262028456
0.993681967 -0.009142204 -0.111859299 -0.470524311 0.006799682 0.999749899 -0.021305297 -0.041538909 0.112026095 0.020410083 0.993495643 3.302873850
0.994157076 -0.008481495 -0.107609928 -0.475375682 0.006182594 0.999745905 -0.021678947 -0.042847395 0.107766457 0.020886971 0.993956864 3.343502998
0.994608939 -0.008293860 -0.103365026 -0.479776144 0.005981383 0.999725223 -0.022661859 -0.043791752 0.103524588 0.021921422 0.994385302 3.384156704
0.995018661 -0.006957233 -0.099446200 -0.484522521 0.004657497 0.999716818 -0.023338914 -0.044601019 0.099580407 0.022759486 0.994769216 3.424451828
0.995299160 -0.006819795 -0.096607096 -0.489104509 0.004545333 0.999707699 -0.023743961 -0.044756617 0.096740767 0.023193233 0.995039463 3.464455128
0.995476305 -0.007670445 -0.094699927 -0.491846383 0.005596688 0.999739110 -0.022144388 -0.046509739 0.094845079 0.021514211 0.995259523 3.504749537
0.995770693 -0.008970203 -0.091434769 -0.497207284 0.007047448 0.999747574 -0.021329921 -0.047319077 0.091603041 0.020595327 0.995582640 3.546829939
0.995970547 -0.009218741 -0.089205191 -0.501985371 0.007280276 0.999730766 -0.022031439 -0.048058771 0.089384265 0.021293228 0.995769620 3.588738441
0.996110380 -0.009216127 -0.087630123 -0.504340291 0.007220050 0.999707818 -0.023068162 -0.047692943 0.087817125 0.022345742 0.995885968 3.627804756
0.996311903 -0.005479918 -0.085630469 -0.508594871 0.003501484 0.999723852 -0.023237456 -0.049169980 0.085734144 0.022851916 0.996055961 3.669147730
0.996474683 -0.002408722 -0.083858468 -0.513002813 0.000396262 0.999711692 -0.024006676 -0.050234314 0.083892122 0.023888813 0.996188462 3.710574627
0.996658921 0.000781647 -0.081672326 -0.518440187 -0.002945394 0.999647856 -0.026375920 -0.050932422 0.081622936 0.026528355 0.996310234 3.755137682
0.996815205 0.000461772 -0.079744488 -0.521390438 -0.002671713 0.999615371 -0.027608305 -0.052442010 0.079701059 0.027733438 0.996432960 3.791449070
0.996933937 0.001529999 -0.078231961 -0.525897026 -0.003911497 0.999533236 -0.030297317 -0.053187087 0.078149103 0.030510433 0.996474624 3.833389997
0.996909082 -0.001353761 -0.078551151 -0.527939796 -0.001042825 0.999535382 -0.030460842 -0.054325029 0.078555897 0.030448608 0.996444583 3.875747919
0.996897817 -0.002951243 -0.078649849 -0.531319857 0.000745755 0.999606133 -0.028056493 -0.053807259 0.078701653 0.027910806 0.996507466 3.919292212
0.997043610 -0.003501396 -0.076757997 -0.536203980 0.001852308 0.999766111 -0.021544935 -0.055098511 0.076815501 0.021339059 0.996816933 3.959955692
0.997149467 -0.002972481 -0.075392947 -0.541273713 0.001868265 0.999890029 -0.014712439 -0.056496855 0.075428396 0.014529645 0.997045279 4.002702713
0.997107685 -0.001212842 -0.075991884 -0.543968916 0.000423472 0.999945819 -0.010402799 -0.057424102 0.076000370 0.010340530 0.997054100 4.044975281
0.997141302 0.000456613 -0.075557798 -0.547791719 -0.001111542 0.999962151 -0.008626087 -0.058320574 0.075551011 0.008685414 0.997104049 4.087353230
0.997205615 0.002333953 -0.074669316 -0.551988661 -0.002769702 0.999979734 -0.005732713 -0.059519500 0.074654438 0.005923505 0.997191787 4.128167629
0.997272134 0.000786522 -0.073807940 -0.554947376 -0.001127766 0.999988914 -0.004581836 -0.060056429 0.073803522 0.004652576 0.997261822 4.171272755
0.997349381 -0.002976809 -0.072699904 -0.557645380 0.002612937 0.999983609 -0.005099725 -0.059779458 0.072713889 0.004896249 0.997340798 4.213150024
0.997436643 -0.006232502 -0.071283661 -0.560956240 0.005729230 0.999957204 -0.007262413 -0.059613287 0.071325876 0.006835396 0.997429609 4.253936291
0.997500122 -0.009062559 -0.070080422 -0.563474357 0.008368373 0.999913037 -0.010192851 -0.059585813 0.070166677 0.009580909 0.997489274 4.295554638
0.997700810 -0.009810125 -0.067058250 -0.566330671 0.009178474 0.999910593 -0.009721093 -0.060408346 0.067147598 0.009083249 0.997701764 4.336464882
0.997918308 -0.007410252 -0.064064674 -0.570078254 0.006854203 0.999936998 -0.008894929 -0.060899805 0.064126536 0.008437299 0.997906208 4.376718998
0.998116434 -0.006227463 -0.061031114 -0.573213339 0.005706018 0.999945700 -0.008714508 -0.061422072 0.061082065 0.008349848 0.998097837 4.417732239
0.998268485 -0.007104177 -0.058392599 -0.575463891 0.006518358 0.999926567 -0.010216772 -0.061864436 0.058460888 0.009818455 0.998241425 4.458518505
0.998438478 -0.009424817 -0.055060655 -0.578052878 0.008814763 0.999897182 -0.011312068 -0.062458567 0.055161599 0.010809058 0.998418868 4.498199940
0.998575151 -0.010192932 -0.052380528 -0.579638302 0.009584705 0.999883890 -0.011849779 -0.062561952 0.052495226 0.011330843 0.998556852 4.538470268
0.998754144 -0.010395615 -0.048807371 -0.582655489 0.009838079 0.999883711 -0.011649542 -0.063436911 0.048922800 0.011154856 0.998740315 4.577554226
0.998884141 -0.009905038 -0.046177868 -0.584409177 0.009330529 0.999876559 -0.012640245 -0.063831843 0.046297371 0.012195276 0.998853266 4.617153168
0.999045372 -0.010560992 -0.042390134 -0.586342752 0.009997807 0.999859214 -0.013475889 -0.064681254 0.042526480 0.013039213 0.999010265 4.656276226
0.999152839 -0.010747982 -0.039723471 -0.587989986 0.010174347 0.999841392 -0.014614746 -0.065127119 0.039874259 0.014198205 0.999103785 4.695721626
0.999249578 -0.011301240 -0.037046183 -0.589688659 0.010726911 0.999819756 -0.015665365 -0.065898493 0.037216540 0.015256223 0.999190748 4.734903336
0.999360085 -0.010204939 -0.034280937 -0.592264414 0.009627464 0.999809682 -0.016968437 -0.066709548 0.034447577 0.016627545 0.999268174 4.772981167
0.999392748 -0.009371817 -0.033557639 -0.593801141 0.008744324 0.999785185 -0.018797167 -0.066818714 0.033726592 0.018492315 0.999260008 4.811260700
0.999415219 -0.009172422 -0.032940853 -0.595680714 0.008519319 0.999765575 -0.019912450 -0.068003036 0.033115771 0.019620171 0.999258935 4.849227428
0.999434292 -0.008986247 -0.032409888 -0.597495377 0.008279688 0.999726653 -0.021869443 -0.068484925 0.032597549 0.021588728 0.999235332 4.886804581
0.999439538 -0.010312712 -0.031846840 -0.598933995 0.009603434 0.999704182 -0.022344761 -0.069802120 0.032067854 0.022026405 0.999242902 4.923780441
0.999423742 -0.012252638 -0.031653572 -0.599507093 0.011548933 0.999684155 -0.022319423 -0.069853023 0.031917047 0.021941002 0.999249578 4.960875034
0.999425292 -0.012702192 -0.031427126 -0.601083815 0.012036345 0.999701023 -0.021286217 -0.070870012 0.031688105 0.020895720 0.999279320 4.997815609
0.999449909 -0.012287285 -0.030805163 -0.602682114 0.011639277 0.999709010 -0.021127412 -0.071623534 0.031055804 0.020757237 0.999302030 5.033453465
0.999438345 -0.011643213 -0.031423360 -0.604280710 0.010990448 0.999721885 -0.020866590 -0.072618142 0.031657577 0.020509513 0.999288261 5.068980217
0.999429464 -0.010162380 -0.032210607 -0.605797887 0.009501135 0.999742270 -0.020615766 -0.073627822 0.032411810 0.020297967 0.999268472 5.103394032
0.999408484 -0.009437954 -0.033072527 -0.607227683 0.008734733 0.999733984 -0.021343414 -0.074008092 0.033265170 0.021041906 0.999225020 5.137170315
0.999385178 -0.010149841 -0.033563200 -0.608986318 0.009431557 0.999724507 -0.021490516 -0.075314566 0.033772096 0.021160748 0.999205470 5.169886112
0.999376774 -0.009900165 -0.033884868 -0.611018717 0.009131214 0.999698877 -0.022773081 -0.075805560 0.034100126 0.022449475 0.999166250 5.202043056
0.999330640 -0.010747924 -0.034969278 -0.612854004 0.009900171 0.999654949 -0.024326283 -0.077021554 0.035218671 0.023963798 0.999092281 5.234784126
0.999221981 -0.011714078 -0.037656818 -0.613802791 0.010724076 0.999594271 -0.026385445 -0.077303052 0.037950620 0.025961086 0.998942316 5.266982079
0.999119580 -0.012212429 -0.040134039 -0.615217328 0.011109523 0.999557614 -0.027589591 -0.078117095 0.040453222 0.027119432 0.998813331 5.297854900
0.999014020 -0.012926124 -0.042470515 -0.616440475 0.011772319 0.999557853 -0.027305851 -0.079017170 0.042804692 0.026778953 0.998724520 5.329422951
0.998961091 -0.012021056 -0.043956827 -0.618433475 0.010829236 0.999569952 -0.027251760 -0.079815537 0.044265505 0.026747430 0.998661697 5.359299660
0.998897791 -0.010544271 -0.045738034 -0.620479465 0.009281521 0.999572277 -0.027733389 -0.080247760 0.046010897 0.027278306 0.998568416 5.389905453
0.998837471 -0.009624462 -0.047235232 -0.622507811 0.008304904 0.999571919 -0.028053075 -0.081062891 0.047485005 0.027628178 0.998489797 5.420534611
0.998761654 -0.010232550 -0.048686724 -0.624295831 0.008895257 0.999579310 -0.027605133 -0.082096674 0.048948713 0.027137866 0.998432517 5.450015545
0.998723149 -0.009031555 -0.049704716 -0.626718819 0.007706353 0.999611378 -0.026788849 -0.082905479 0.049927354 0.026371598 0.998404682 5.479198933
0.998625457 -0.009514447 -0.051541422 -0.627713859 0.008239815 0.999656260 -0.024886526 -0.083770156 0.051760480 0.024427628 0.998360693 5.509130478
0.998537958 -0.010156597 -0.053091545 -0.629793525 0.008956213 0.999699950 -0.022798952 -0.084564418 0.053307164 0.022290122 0.998329461 5.536715984
0.998428047 -0.010367096 -0.055081002 -0.632150233 0.009180290 0.999721169 -0.021756129 -0.084595591 0.055291194 0.021216271 0.998244822 5.565357208
0.998239398 -0.011954958 -0.058095697 -0.634758353 0.010781373 0.999732316 -0.020472556 -0.086106546 0.058324888 0.019810162 0.998101056 5.592803478
0.998001039 -0.012685004 -0.061911065 -0.637105644 0.011493552 0.999742508 -0.019562924 -0.086619735 0.062143281 0.018812241 0.997890055 5.621448994
0.997743487 -0.011876892 -0.066080779 -0.639746428 0.010682785 0.999773741 -0.018394511 -0.087376520 0.066284284 0.017647080 0.997644722 5.648588181
0.997411072 -0.010371246 -0.071158454 -0.641645908 0.009168846 0.999809980 -0.017203398 -0.088319466 0.071323358 0.016506420 0.997316658 5.676697731
0.997115552 -0.009589384 -0.075289451 -0.644381523 0.008407607 0.999836683 -0.015997760 -0.088607423 0.075430557 0.015318615 0.997033358 5.703111172
0.996836722 -0.009876431 -0.078860983 -0.647840202 0.008750356 0.999854922 -0.014612068 -0.089039966 0.078993857 0.013875784 0.996778548 5.730608940
0.996495068 -0.009760145 -0.083079502 -0.650319993 0.008609856 0.999862254 -0.014192652 -0.089897364 0.083206579 0.013427606 0.996441841 5.757498741
0.996121705 -0.010495386 -0.087357089 -0.653065979 0.009286609 0.999855518 -0.014232140 -0.090456508 0.087493822 0.013365692 0.996075392 5.783838272
0.995777547 -0.010488190 -0.091197781 -0.656477273 0.009197423 0.999851644 -0.014562285 -0.091057152 0.091336980 0.013662013 0.995726347 5.810855389
0.995437801 -0.010424948 -0.094840601 -0.659565449 0.008996936 0.999839783 -0.015472148 -0.091130495 0.094986692 0.014548289 0.995372236 5.837055683
0.995098710 -0.009763870 -0.098403707 -0.662788630 0.008226733 0.999837875 -0.016014418 -0.091128588 0.098544128 0.015126385 0.995017707 5.864093781
0.994845867 -0.009880206 -0.100917377 -0.665670514 0.008376353 0.999847651 -0.015314722 -0.092079319 0.101053327 0.014390465 0.994776905 5.890264988
0.994655192 -0.009936764 -0.102773175 -0.668923259 0.008426452 0.999850214 -0.015119330 -0.092160612 0.102908023 0.014172506 0.994589865 5.917143822
0.994584560 -0.010268597 -0.103422210 -0.671854794 0.008811964 0.999855638 -0.014531405 -0.093001477 0.103556499 0.013541359 0.994531333 5.943232536
0.994532228 -0.010468384 -0.103904106 -0.675002277 0.009031607 0.999857128 -0.014288780 -0.093097411 0.104038835 0.013272231 0.994484603 5.969264507
0.994501352 -0.011468103 -0.104094155 -0.677695811 0.009981259 0.999840736 -0.014793350 -0.092831634 0.104247227 0.013673014 0.994457304 5.996017456
0.994451463 -0.012190464 -0.104487628 -0.681101501 0.010744992 0.999838769 -0.014385691 -0.093266964 0.104646131 0.013183153 0.994422138 6.022700310
0.994289398 -0.013348463 -0.105879202 -0.683613420 0.012004513 0.999839187 -0.013320457 -0.094485164 0.106039986 0.011973360 0.994289875 6.048051357
0.994060516 -0.014211236 -0.107896864 -0.686374247 0.012892531 0.999833465 -0.012909708 -0.094430380 0.108062379 0.011441967 0.994078219 6.074262619
0.993867636 -0.013381199 -0.109763935 -0.690442622 0.012058735 0.999846458 -0.012703271 -0.095105708 0.109917089 0.011301755 0.993876517 6.100033760
0.993549526 -0.013414994 -0.112602904 -0.693810582 0.012005038 0.999840915 -0.013190269 -0.095603772 0.112761959 0.011753380 0.993552506 6.126242161
0.993259609 -0.012390685 -0.115246288 -0.696841300 0.010937347 0.999852598 -0.013234541 -0.096509740 0.115393281 0.011884846 0.993248701 6.152410984
0.992945790 -0.012321093 -0.117927954 -0.700443327 0.010843262 0.999854505 -0.013165078 -0.096854195 0.118073016 0.011793481 0.992934883 6.178206921
0.992666125 -0.011523174 -0.120337583 -0.704305589 0.009971417 0.999859214 -0.013489262 -0.096887343 0.120476089 0.012190397 0.992641389 6.202941418
0.992442191 -0.011329682 -0.122188888 -0.708752811 0.009766497 0.999862671 -0.013384539 -0.097215921 0.122323751 0.012090025 0.992416680 6.228595734
0.992151856 -0.011968108 -0.124464750 -0.711908937 0.010397408 0.999857962 -0.013261612 -0.097850278 0.124605790 0.011863422 0.992135465 6.254573822
0.992025256 -0.012561664 -0.125412226 -0.715988994 0.010897010 0.999843180 -0.013950696 -0.098173283 0.125567824 0.012472825 0.992006600 6.279362202
0.991804957 -0.014165577 -0.126973152 -0.718493938 0.012390746 0.999814451 -0.014756999 -0.098549858 0.127158597 0.013062773 0.991796374 6.303729534
0.991691828 -0.014517535 -0.127814561 -0.722158253 0.012644324 0.999800682 -0.015454965 -0.098850578 0.128013432 0.013710432 0.991677642 6.329507828
0.991614521 -0.014345344 -0.128432021 -0.726179123 0.012411966 0.999797463 -0.015841490 -0.098816335 0.128633231 0.014114556 0.991591752 6.354612350
0.991568983 -0.014183369 -0.128801346 -0.728614807 0.012305736 0.999806345 -0.015361924 -0.099426799 0.128994256 0.013647411 0.991551399 6.381421566
0.991775453 -0.013603785 -0.127264813 -0.732964814 0.011793415 0.999818444 -0.014967951 -0.099853255 0.127445295 0.013343960 0.991755843 6.405586720
0.991922617 -0.014177443 -0.126049593 -0.735965729 0.012403268 0.999812841 -0.014848978 -0.100301534 0.126236528 0.013165611 0.991912782 6.431009769
0.992135465 -0.013448601 -0.124444194 -0.739434123 0.011794505 0.999832213 -0.014019104 -0.100848623 0.124611840 0.012441093 0.992127597 6.456530094
0.992396951 -0.012668104 -0.122424893 -0.742667675 0.011008253 0.999838233 -0.014225015 -0.100872472 0.122585289 0.012769179 0.992375851 6.482083797
0.992701948 -0.012496027 -0.119944572 -0.745912969 0.010745320 0.999826312 -0.015231661 -0.101874217 0.120114066 0.013831660 0.992663801 6.507136822
0.993109286 -0.012685264 -0.116503276 -0.748103738 0.010788203 0.999799013 -0.016899506 -0.102038004 0.116694227 0.015526196 0.993046582 6.533246040
0.993609130 -0.013070077 -0.112116434 -0.751110494 0.011108276 0.999774516 -0.018104782 -0.102105588 0.112327777 0.016743660 0.993530095 6.557582378
0.994092405 -0.012629113 -0.107800387 -0.754003286 0.010657934 0.999765754 -0.018842084 -0.103201672 0.108013079 0.017581845 0.993993998 6.582659721
0.994531691 -0.012329787 -0.103704810 -0.756301582 0.010274642 0.999740601 -0.020328190 -0.103860080 0.103928559 0.019151498 0.994400382 6.607342243
0.994941175 -0.012279661 -0.099706627 -0.759479761 0.010180441 0.999716282 -0.021535581 -0.104376316 0.099942774 0.020411581 0.994783819 6.632641315
0.995229244 -0.012794390 -0.096721113 -0.761698365 0.010625655 0.999681175 -0.022904493 -0.104594596 0.096983351 0.021767497 0.995047927 6.656924725
0.995435774 -0.013383305 -0.094490305 -0.763426483 0.011125423 0.999640882 -0.024381900 -0.105180398 0.094782680 0.023219371 0.995227158 6.683116913
0.995585859 -0.015105579 -0.092631608 -0.765730858 0.012796981 0.999593735 -0.025465911 -0.106261954 0.092978671 0.024168096 0.995374739 6.708240986
0.995653450 -0.015352814 -0.091860577 -0.768548608 0.012878459 0.999539733 -0.027468402 -0.106527708 0.092240021 0.026165992 0.995392919 6.732923031
0.995605528 -0.014634089 -0.092496030 -0.771411300 0.012065616 0.999527574 -0.028266957 -0.107006378 0.092866011 0.027026717 0.995311737 6.759162426
0.995527387 -0.013702538 -0.093474746 -0.774267554 0.011012380 0.999511898 -0.029234905 -0.107782558 0.093829714 0.028074764 0.995192289 6.784680367
0.995323002 -0.013526458 -0.095650598 -0.776887655 0.010707701 0.999494910 -0.029921453 -0.108123638 0.096007027 0.028757319 0.994965136 6.811553955
0.995142579 -0.013392849 -0.097529441 -0.780306816 0.010641353 0.999532044 -0.028677706 -0.109362826 0.097867899 0.027500559 0.994819343 6.836541653
0.994733214 -0.015893789 -0.101258285 -0.782305241 0.013215929 0.999546349 -0.027062055 -0.109712958 0.101642460 0.025581302 0.994491994 6.863398075
0.994200408 -0.017972490 -0.106031254 -0.785209179 0.015155061 0.999511957 -0.027317870 -0.110729195 0.106470466 0.025552528 0.993987441 6.888466358
0.993627667 -0.017263519 -0.111382768 -0.789073408 0.014061742 0.999466836 -0.029467601 -0.109350152 0.111832082 0.027713588 0.993340611 6.913530827
0.993073463 -0.014579361 -0.116587520 -0.793173850 0.011255569 0.999512613 -0.029116772 -0.111558028 0.116955221 0.027602833 0.992753446 6.939124584
0.992502332 -0.013167761 -0.121514291 -0.797730207 0.009681113 0.999525487 -0.029239234 -0.113013037 0.121841669 0.027843613 0.992158949 6.964896202
0.992001593 -0.010953807 -0.125749141 -0.802741587 0.007328360 0.999545038 -0.029257275 -0.114621826 0.126012415 0.028101733 0.991630614 6.990695953
0.991530359 -0.006802986 -0.129697219 -0.807031274 0.002853161 0.999527097 -0.030615712 -0.114827693 0.129844159 0.029986359 0.991080940 7.015413761
0.991146445 -0.003856932 -0.132717326 -0.810926318 -0.000182210 0.999537528 -0.030408572 -0.115416959 0.132773221 0.030163536 0.990687370 7.039917469
0.990938604 -0.002304875 -0.134295717 -0.815720022 -0.001675615 0.999562800 -0.029519187 -0.115706041 0.134305045 0.029476732 0.990501523 7.066798210
0.990844190 -0.004968099 -0.134919420 -0.819157958 0.000940174 0.999552429 -0.029901622 -0.115863368 0.135007605 0.029500997 0.990405321 7.091877937
0.990812242 -0.008585286 -0.134971663 -0.822542548 0.004516073 0.999526739 -0.030425971 -0.116695814 0.135169014 0.029536884 0.990382254 7.117390156
0.990753829 -0.011812476 -0.135156333 -0.825044215 0.007777836 0.999509335 -0.030340878 -0.117178261 0.135448456 0.029009117 0.990359604 7.143466473
0.990939260 -0.010211337 -0.133922786 -0.830320120 0.006390516 0.999561071 -0.028928939 -0.117966458 0.134159416 0.027810980 0.990569413 7.170354843
0.990914106 -0.007170035 -0.134305075 -0.832502246 0.003608932 0.999635994 -0.026739737 -0.119380340 0.134447888 0.026012084 0.990579128 7.196790218
0.991191745 -0.006378967 -0.132280827 -0.838500440 0.002823423 0.999630213 -0.027048919 -0.120998710 0.132404462 0.026437184 0.990843058 7.221864700
0.991132796 -0.007660134 -0.132653832 -0.840730190 0.003919757 0.999588072 -0.028434731 -0.120925263 0.132817015 0.027662627 0.990754426 7.249300957
0.991365552 -0.009251334 -0.130800113 -0.844932377 0.005655594 0.999596536 -0.027835131 -0.121401384 0.131004870 0.026855038 0.991017938 7.274825573
0.991482913 -0.006257976 -0.130086973 -0.848496914 0.002896458 0.999657393 -0.026013702 -0.122211829 0.130205244 0.025415346 0.991161287 7.301082611
0.991630614 -0.002577850 -0.129081771 -0.853822470 -0.000683496 0.999681830 -0.025215063 -0.122642033 0.129105717 0.025092253 0.991313338 7.326408863
0.991641939 -0.002053495 -0.129004031 -0.857398868 -0.000920095 0.999735415 -0.022986539 -0.124281481 0.129017115 0.022913111 0.991377652 7.354252815
0.991648257 -0.000462038 -0.128970489 -0.860822082 -0.002552587 0.999727368 -0.023208255 -0.124543793 0.128946051 0.023343634 0.991376758 7.381163120
0.991626203 0.001277976 -0.129134879 -0.863479257 -0.004438273 0.999697506 -0.024188029 -0.125429600 0.129064947 0.024558615 0.991331935 7.407734871
0.991730928 0.003211108 -0.128294051 -0.869000137 -0.006572471 0.999645889 -0.025785703 -0.125961065 0.128165826 0.026415691 0.991400898 7.434768677
0.991777182 0.003143568 -0.127937675 -0.872271776 -0.006922426 0.999552429 -0.029102791 -0.127059892 0.127788931 0.029749125 0.991355121 7.461208820
0.991833985 0.000618215 -0.127534062 -0.875716507 -0.004662314 0.999495506 -0.031413872 -0.127766371 0.127450317 0.031751946 0.991336584 7.488087177
0.991800666 -0.002527395 -0.127769932 -0.878724039 -0.001401214 0.999529243 -0.030648289 -0.128602311 0.127787277 0.030576028 0.991330206 7.515384197
0.991696000 -0.007623096 -0.128378302 -0.879790246 0.003496698 0.999470830 -0.032337241 -0.128958717 0.128556907 0.031619813 0.991197944 7.542309284
0.991775870 -0.012035419 -0.127419382 -0.883514583 0.007712393 0.999379575 -0.034366712 -0.130072638 0.127753958 0.033101372 0.991253316 7.568895817
0.991895616 -0.014274110 -0.126251131 -0.888502777 0.010070086 0.999375343 -0.033874709 -0.131009713 0.126655817 0.032328814 0.991419733 7.597009659
0.991899133 -0.014300718 -0.126220793 -0.891575933 0.010227904 0.999407768 -0.032856703 -0.131932527 0.126615912 0.031299554 0.991457880 7.624587059
0.992154300 -0.009576659 -0.124652572 -0.896328807 0.005555126 0.999454021 -0.032569624 -0.131944984 0.124896437 0.031621635 0.991665721 7.652217865
0.992208242 -0.002982886 -0.124555267 -0.901802003 -0.001097596 0.999465346 -0.032678936 -0.131803900 0.124586143 0.032561023 0.991674304 7.681277752
0.992099166 0.001835481 -0.125442773 -0.906333387 -0.005915446 0.999465168 -0.032159783 -0.133079931 0.125316665 0.032647740 0.991579473 7.709752083
0.992142081 0.000750020 -0.125114247 -0.910365462 -0.004427331 0.999566197 -0.029116167 -0.134164572 0.125038102 0.029441297 0.991715014 7.739682198
0.992097378 -0.003377867 -0.125425726 -0.914215326 0.000508797 0.999737620 -0.022899635 -0.135498047 0.125470161 0.022654852 0.991838694 7.769455910
0.992025673 -0.003560724 -0.125986278 -0.918681026 0.001150995 0.999815047 -0.019194549 -0.135513097 0.126031324 0.018896472 0.991846263 7.800571442
0.991873801 -0.000283688 -0.127225861 -0.922189832 -0.001528151 0.999898911 -0.014143290 -0.135623202 0.127216995 0.014222777 0.991773009 7.829798222
0.991932392 -0.000809751 -0.126765653 -0.926544070 -0.000339411 0.999959052 -0.009043388 -0.136900574 0.126767769 0.009013456 0.991891384 7.860645294
0.992061079 -0.002665309 -0.125729397 -0.930543661 0.001747021 0.999971032 -0.007413389 -0.138032585 0.125745505 0.007134882 0.992036819 7.890857220
