0.999560177 -0.000996924 -0.029638113 -0.003566418 0.001059446 0.999997199 0.002093864 0.000206885 0.029635943 -0.002124343 0.999558508 0.045243137
0.999353647 -0.000162213 -0.035947274 -0.004169579 0.000259831 0.999996305 0.002710932 0.000613117 0.035946701 -0.002718520 0.999350011 0.057971131
0.999172568 0.000683978 -0.040664770 -0.005417589 -0.000518523 0.999991536 0.004079167 0.000347722 0.040667213 -0.004054706 0.999164522 0.059308264
0.998853147 0.002540724 -0.047811642 -0.005888508 -0.002319622 0.999986351 0.004679346 0.001615141 0.047822878 -0.004563075 0.998845398 0.074468456
0.998590767 0.004469713 -0.052881934 -0.008260121 -0.004150670 0.999972522 0.006141396 0.001477890 0.052907940 -0.005913246 0.998581886 0.082637034
0.998305142 0.006042815 -0.057880588 -0.010024389 -0.005619288 0.999956250 0.007477221 0.001032174 0.057923242 -0.007139300 0.998295486 0.085004866
0.997925818 0.007057248 -0.063985258 -0.011318714 -0.006602119 0.999951303 0.007321687 0.001146208 0.064033814 -0.006884063 0.997923970 0.095601402
0.997508645 0.008901658 -0.069981895 -0.013610698 -0.008469320 0.999943197 0.006472143 0.001887445 0.070035547 -0.005863319 0.997527182 0.109818116
0.997073948 0.010160301 -0.075764887 -0.015379688 -0.009695603 0.999931812 0.006498747 0.001627634 0.075825773 -0.005745145 0.997104585 0.122363396
0.996707737 0.011263157 -0.080291882 -0.018157035 -0.010840590 0.999924958 0.005696859 0.002022992 0.080350026 -0.004807692 0.996755123 0.134507820
0.996306002 0.011211292 -0.085138701 -0.019187169 -0.010759457 0.999925494 0.005764040 0.001474552 0.085196994 -0.004826701 0.996352434 0.142608374
0.995910943 0.010744647 -0.089700110 -0.020133950 -0.010273048 0.999930918 0.005717557 0.001429526 0.089755349 -0.004772683 0.995952427 0.159275472
0.995591938 0.010917046 -0.093153417 -0.023789158 -0.010398012 0.999927580 0.006055382 0.001387916 0.093212776 -0.005060079 0.995633364 0.173701882
0.995166719 0.009220405 -0.097766325 -0.026340503 -0.008567322 0.999938071 0.007097751 0.001596776 0.097825713 -0.006225850 0.995184124 0.192542344
0.994681895 0.008010102 -0.102682568 -0.028350569 -0.007226993 0.999941885 0.007996270 0.001069048 0.102740668 -0.007211660 0.994682014 0.210480407
0.994314551 0.007887936 -0.106189772 -0.032967780 -0.007264169 0.999954045 0.006259579 0.001615552 0.106234267 -0.005452611 0.994326234 0.231448755
0.993661165 0.007003059 -0.112198122 -0.034267586 -0.006427429 0.999964237 0.005491368 0.000961749 0.112232588 -0.004735414 0.993670702 0.252491415
0.993269145 0.006836880 -0.115627460 -0.039619867 -0.006465293 0.999972641 0.003588405 0.002300385 0.115648843 -0.002816686 0.993286192 0.276093066
0.992389917 0.004137749 -0.123065054 -0.040474359 -0.003664749 0.999984980 0.004069610 0.001385069 0.123080045 -0.003587638 0.992390275 0.300142616
0.991770029 0.000929775 -0.128028259 -0.046469439 -0.000741814 0.999998569 0.001515792 0.002420535 0.128029495 -0.001408344 0.991769433 0.325647324
0.990733624 -0.001028890 -0.135816500 -0.048900336 0.000838137 0.999998510 -0.001461662 0.002664539 0.135817826 0.001334284 0.990732908 0.350624502
0.990238369 0.000202392 -0.139384434 -0.056545466 -0.001149620 0.999976754 -0.006715318 0.003691852 0.139379844 0.006810004 0.990215600 0.377522260
0.989068687 0.002344958 -0.147436813 -0.060734175 -0.003708546 0.999952853 -0.008974419 0.003927102 0.147408813 0.009423091 0.989030778 0.404571146
0.987839997 0.000981382 -0.155470431 -0.064046368 -0.001938356 0.999980092 -0.006003856 0.002474017 0.155461460 0.006232204 0.987822354 0.435569853
0.986880183 -0.002800166 -0.161430001 -0.069786444 0.002153848 0.999988973 -0.004178559 0.003196420 0.161439955 0.003776041 0.986875296 0.465989530
0.986052394 -0.004971238 -0.166360736 -0.076531865 0.004485635 0.999984562 -0.003294586 0.003367069 0.166374549 0.002502401 0.986059427 0.498866349
0.985001504 -0.007546017 -0.172380432 -0.081318669 0.007314546 0.999971211 -0.001977961 0.003265567 0.172390372 0.000687410 0.985028446 0.529506326
0.984345675 -0.009300609 -0.176003069 -0.087627932 0.009009532 0.999956369 -0.002452850 0.002745523 0.176018238 0.000828747 0.984386504 0.562417626
0.984062552 -0.010909403 -0.177487820 -0.094579659 0.010413347 0.999938786 -0.003726179 0.002991150 0.177517623 0.001818551 0.984115958 0.595618546
0.983854115 -0.010550075 -0.178660706 -0.101078033 0.009868621 0.999940217 -0.004702551 0.002866735 0.178699598 0.002863490 0.983899534 0.628771663
0.984124899 -0.008405229 -0.177277878 -0.108455539 0.007669367 0.999958932 -0.004835738 0.002422013 0.177311212 0.003399362 0.984149039 0.662561655
0.984667778 -0.007516736 -0.174277797 -0.115014449 0.006647131 0.999962449 -0.005572922 0.002567898 0.174313113 0.004329029 0.984680831 0.698469162
0.985571086 -0.008093800 -0.169068471 -0.120153293 0.006720671 0.999939620 -0.008692410 0.003152889 0.169128641 0.007430733 0.985565901 0.730955660
0.986557722 -0.004069691 -0.163362637 -0.125651404 0.002502915 0.999948859 -0.009795460 0.002918988 0.163394168 0.009254904 0.986517429 0.766766250
0.987709820 -0.002642777 -0.156276852 -0.132491201 0.000904926 0.999936938 -0.011190436 0.002976312 0.156296596 0.010911483 0.987649918 0.801844597
0.988667667 -0.002640992 -0.150097653 -0.138230324 0.000996738 0.999938667 -0.011028741 0.001921975 0.150117576 0.010754151 0.988609672 0.835753024
0.989633501 -0.008776266 -0.143347844 -0.142582193 0.007334370 0.999916971 -0.010584047 0.001787547 0.143428847 0.009422960 0.989615798 0.871298015
0.990376830 -0.013264228 -0.137759745 -0.144977853 0.011912854 0.999872565 -0.010629529 0.002227643 0.137883186 0.008886126 0.990408659 0.908309221
0.991394699 -0.013025381 -0.130256400 -0.150263295 0.011747880 0.999875128 -0.010571207 0.001179743 0.130377844 0.008950004 0.991423965 0.941888511
0.992328525 -0.009965164 -0.123225667 -0.155112296 0.008672344 0.999901652 -0.011023418 0.000790849 0.123323396 0.009870199 0.992317438 0.978263319
0.993057907 -0.006261284 -0.117459193 -0.160565212 0.004974633 0.999924362 -0.011243999 0.000416121 0.117520712 0.010581626 0.993014038 1.014621258
0.993690133 -0.006189694 -0.111989126 -0.164037347 0.005029413 0.999930739 -0.010640197 -0.000431186 0.112047248 0.010009817 0.993652463 1.049747348
0.994232059 -0.007261244 -0.107004158 -0.167297363 0.006213762 0.999929428 -0.010119329 -0.000178400 0.107070103 0.009396062 0.994207025 1.086055398
0.994629264 -0.008566268 -0.103146724 -0.169451073 0.007567419 0.999920666 -0.010071220 -0.000308174 0.103224829 0.009236574 0.994615138 1.122880936
0.995071530 -0.011420635 -0.098500021 -0.174628362 0.010540463 0.999899805 -0.009451528 -0.001685921 0.098598100 0.008366711 0.995092094 1.157947540
0.995315075 -0.014938386 -0.095523983 -0.176421344 0.014082354 0.999854445 -0.009629371 -0.001822715 0.095653936 0.008239056 0.995380461 1.193856716
0.995645642 -0.016388053 -0.091766693 -0.180531263 0.015652262 0.999839306 -0.008732062 -0.002727800 0.091895059 0.007257684 0.995742202 1.230803847
0.995831192 -0.017036861 -0.089610249 -0.183978260 0.016300946 0.999827147 -0.008937872 -0.002853464 0.089747041 0.007439878 0.995936751 1.265320659
0.996166229 -0.014849321 -0.086210772 -0.186261937 0.014085509 0.999856055 -0.009461440 -0.003373876 0.086338848 0.008210844 0.996231914 1.299698710
0.996478856 -0.011569492 -0.083042905 -0.189163774 0.010726864 0.999886513 -0.010585934 -0.004544893 0.083155945 0.009657869 0.996489763 1.333131194
0.996831179 -0.010877449 -0.078799002 -0.192568213 0.009977895 0.999880552 -0.011800591 -0.004355636 0.078917958 0.010976946 0.996820688 1.363137960
0.997219086 -0.011725946 -0.073598132 -0.194276959 0.010827201 0.999862075 -0.012598657 -0.004800215 0.073735729 0.011766760 0.997208416 1.392118216
0.997572541 -0.014481936 -0.068111993 -0.195555657 0.013552884 0.999809027 -0.014082455 -0.004744625 0.068302937 0.013125158 0.997578263 1.420328021
0.997863293 -0.015685795 -0.063425466 -0.197280973 0.014769619 0.999780059 -0.014888083 -0.005069090 0.063645057 0.013919500 0.997875452 1.446297526
0.998049200 -0.018327614 -0.059679948 -0.197656482 0.017366339 0.999711633 -0.016586194 -0.005083831 0.059966724 0.015517416 0.998079658 1.470116138
0.998297513 -0.018822644 -0.055207826 -0.198643029 0.017828776 0.999670923 -0.018439976 -0.004716078 0.055536747 0.017424289 0.998304605 1.492807031
0.998525083 -0.016832868 -0.051616296 -0.199649036 0.015871486 0.999693871 -0.018979283 -0.005693750 0.051919959 0.018132063 0.998486638 1.513129711
0.998683572 -0.015116764 -0.049017295 -0.200258732 0.014185382 0.999713182 -0.019293712 -0.006516706 0.049294900 0.018572982 0.998611569 1.531909108
0.998822093 -0.016475981 -0.045638360 -0.201267689 0.015619043 0.999696136 -0.019070154 -0.007656535 0.045938689 0.018334862 0.998775959 1.548249245
0.998950481 -0.016252501 -0.042822771 -0.201813132 0.015418524 0.999686360 -0.019733967 -0.007390920 0.043130063 0.019052992 0.998887777 1.562594175
0.999069571 -0.015049897 -0.040416159 -0.202814877 0.014284358 0.999714315 -0.019163910 -0.007848175 0.040693026 0.018568760 0.998999119 1.574129581
0.999144197 -0.013105332 -0.039230399 -0.203094631 0.012361603 0.999740362 -0.019140894 -0.008564565 0.039471056 0.018639559 0.999046803 1.584434390
0.999203682 -0.012037680 -0.038038395 -0.203274027 0.011220405 0.999703228 -0.021626484 -0.008516667 0.038287435 0.021182461 0.999042153 1.592729926
0.999258041 -0.012924221 -0.036279194 -0.203824759 0.012038940 0.999626994 -0.024515199 -0.008615019 0.036582503 0.024060249 0.999040961 1.600360036
0.999261796 -0.014083065 -0.035742257 -0.203944743 0.013135923 0.999559879 -0.026597166 -0.008875467 0.036101088 0.026108023 0.999007046 1.608632684
0.999244511 -0.015312281 -0.035719320 -0.203915432 0.014324062 0.999512017 -0.027759999 -0.009053569 0.036126953 0.027227379 0.998976231 1.617286325
0.999235094 -0.015339757 -0.035970815 -0.204487965 0.014340526 0.999508560 -0.027874313 -0.009145357 0.036380716 0.027337151 0.998964012 1.626431346
0.999206424 -0.014737816 -0.037001811 -0.205404937 0.013706715 0.999514878 -0.027966909 -0.009479806 0.037396036 0.027437547 0.998923838 1.635459661
0.999116242 -0.014308238 -0.039521672 -0.206058025 0.013203463 0.999518692 -0.028074630 -0.009730831 0.039904337 0.027527997 0.998824239 1.645289421
0.998964548 -0.014627401 -0.043078613 -0.206991673 0.013443968 0.999527693 -0.027634196 -0.010522284 0.043462481 0.027026432 0.998689413 1.654453635
0.998766780 -0.014287196 -0.047548406 -0.208264649 0.012975472 0.999529779 -0.027782395 -0.010600507 0.047922976 0.027131168 0.998482466 1.663971543
0.998518586 -0.014820470 -0.052355725 -0.209564298 0.013362155 0.999516010 -0.028094998 -0.010854676 0.052746773 0.027353793 0.998233140 1.673542619
0.998235285 -0.015093775 -0.057433110 -0.211027086 0.013478281 0.999505341 -0.028412428 -0.010995515 0.057833560 0.027588187 0.997944891 1.684225202
0.997865319 -0.015051432 -0.063546576 -0.211844563 0.013249759 0.999500871 -0.028678862 -0.010722529 0.063946515 0.027775666 0.997566700 1.695515275
0.997505248 -0.014236749 -0.069141321 -0.213249296 0.012245302 0.999500275 -0.029141486 -0.011044968 0.069521666 0.028222125 0.997181177 1.706793427
0.997096956 -0.014456349 -0.074756004 -0.215924069 0.012280262 0.999489784 -0.029487360 -0.012149487 0.075144112 0.028483735 0.996765852 1.718381166
0.996526361 -0.014788572 -0.081953734 -0.217160195 0.012307102 0.999452829 -0.030701788 -0.012039412 0.082362935 0.029586527 0.996163189 1.731518865
0.995915115 -0.015217382 -0.089002192 -0.218898907 0.012492616 0.999438524 -0.031091925 -0.012392949 0.089425363 0.029853050 0.995545983 1.744858265
0.995243430 -0.015195545 -0.096227050 -0.221659243 0.012202423 0.999425590 -0.031617220 -0.012605298 0.096652225 0.030292634 0.994857073 1.759575367
0.994447470 -0.014011487 -0.104296915 -0.224461049 0.010746354 0.999436319 -0.031802520 -0.012882650 0.104683734 0.030505128 0.994037628 1.774936318
0.993507922 -0.014340875 -0.112854570 -0.227357328 0.010801431 0.999432385 -0.031912073 -0.013867054 0.113248155 0.030485906 0.993098974 1.791468978
0.992569685 -0.014560347 -0.120803148 -0.231109262 0.010780601 0.999433517 -0.031883277 -0.014470827 0.121198937 0.030344043 0.992164433 1.809424281
0.991493344 -0.014487698 -0.129348338 -0.234090120 0.010486219 0.999446750 -0.031563316 -0.014557369 0.129734069 0.029938443 0.991096675 1.828671217
0.990428686 -0.013693013 -0.137344658 -0.238236949 0.009546242 0.999479830 -0.030805841 -0.014627408 0.137695029 0.029199861 0.990044117 1.848882437
0.989322603 -0.013478693 -0.145117044 -0.242027402 0.009279565 0.999519527 -0.029574275 -0.015579548 0.145445928 0.027911875 0.988972366 1.870379329
0.988286078 -0.014407347 -0.151930407 -0.246164292 0.010087571 0.999523699 -0.029165179 -0.015798397 0.152278259 0.027290929 0.987960815 1.891906142
0.987295210 -0.013881399 -0.158289284 -0.250452906 0.009471959 0.999546707 -0.028577346 -0.016593758 0.158614233 0.026714968 0.986979127 1.915772080
0.986238956 -0.013511713 -0.164772525 -0.254837006 0.008934405 0.999554217 -0.028489152 -0.017252669 0.165084019 0.026624966 0.985920072 1.940740585
0.985426426 -0.012569027 -0.169636920 -0.260318100 0.007806837 0.999557257 -0.028710723 -0.017730493 0.169922695 0.026967982 0.985088289 1.966436744
0.984969676 -0.012355419 -0.172284678 -0.265926272 0.007437935 0.999547064 -0.029159201 -0.018020384 0.172566921 0.027439484 0.984615564 1.992930055
0.984837651 -0.011212687 -0.173115671 -0.271567017 0.006315069 0.999564707 -0.028815929 -0.018968187 0.173363447 0.027285779 0.984479785 2.021039486
0.985058486 -0.010271795 -0.171913445 -0.277595520 0.005324376 0.999558926 -0.029214950 -0.019441094 0.172137737 0.027863106 0.984678745 2.050982237
0.985346496 -0.010470754 -0.170242667 -0.283105433 0.005443695 0.999536037 -0.029968807 -0.020521354 0.170477420 0.028602913 0.984946251 2.082275152
0.985551715 -0.012150482 -0.168937624 -0.288533837 0.006954418 0.999485373 -0.031315036 -0.021040324 0.169231176 0.029687736 0.985129058 2.115123272
0.985737264 -0.013054977 -0.167784393 -0.294484019 0.007804174 0.999460042 -0.031916350 -0.021945398 0.168110445 0.030151716 0.985306919 2.149324894
0.985945165 -0.012633660 -0.166590393 -0.301309079 0.007578947 0.999492347 -0.030943081 -0.022496965 0.166896746 0.029245602 0.985540509 2.184867144
0.986113012 -0.011516191 -0.165676162 -0.307886571 0.006937377 0.999578536 -0.028189335 -0.022837374 0.165930957 0.026648508 0.985777199 2.223314285
0.986169577 -0.010859285 -0.165383205 -0.313869894 0.006846909 0.999668717 -0.024811927 -0.023801871 0.165597841 0.023336401 0.985917270 2.262223721
0.986365676 -0.010334508 -0.164244205 -0.320342630 0.007147102 0.999774694 -0.019985650 -0.025620498 0.164413750 0.018539283 0.986217201 2.298895121
0.986563861 -0.009234475 -0.163114637 -0.326963127 0.006632632 0.999842048 -0.016488409 -0.026062369 0.163241133 0.015184990 0.986469328 2.338024616
0.986733496 -0.009580427 -0.162065670 -0.334093690 0.007551249 0.999885201 -0.013132077 -0.027251933 0.162172839 0.011734057 0.986692607 2.378357649
0.986902118 -0.010239658 -0.160994768 -0.340406835 0.008428045 0.999893188 -0.011931513 -0.027910950 0.161099792 0.010418365 0.986883163 2.417795897
0.987104356 -0.009766971 -0.159779862 -0.347326070 0.007874492 0.999891222 -0.012473175 -0.028368203 0.159884319 0.011054141 0.987073779 2.457175255
0.987228453 -0.008580070 -0.159080371 -0.353389889 0.006499464 0.999886453 -0.013594639 -0.028950021 0.159178942 0.012387075 0.987172008 2.497058868
0.987329245 -0.009868453 -0.158377737 -0.359844953 0.007676356 0.999866188 -0.014446720 -0.029143177 0.158499107 0.013047905 0.987272859 2.537627697
0.987688780 -0.010007238 -0.156111717 -0.367688000 0.007577945 0.999840915 -0.016148660 -0.029363779 0.156248510 0.014766842 0.987607300 2.577830791
0.987949133 -0.010650127 -0.154412672 -0.374790192 0.008166200 0.999827027 -0.016711691 -0.029977672 0.154563949 0.015249333 0.987865031 2.617550135
0.988113463 -0.010966145 -0.153334245 -0.381034434 0.008516528 0.999825537 -0.016623395 -0.030908037 0.153489813 0.015119925 0.988034546 2.658556223
0.988688052 -0.010134170 -0.149643928 -0.388584226 0.007735101 0.999832213 -0.016605211 -0.031649575 0.149787113 0.015259860 0.988600492 2.698377609
0.989096463 -0.010109482 -0.146921724 -0.394431531 0.007941449 0.999850869 -0.015335479 -0.032110229 0.147054866 0.014001493 0.989029229 2.741820574
0.989525259 -0.010267474 -0.143994391 -0.400306553 0.008165615 0.999851346 -0.015180229 -0.032592364 0.144128859 0.013845417 0.989462078 2.782409668
0.989979506 -0.010848246 -0.140794039 -0.406363696 0.008756250 0.999841928 -0.015469570 -0.033017833 0.140939608 0.014081729 0.989917994 2.823663950
0.990634084 -0.009867590 -0.136186123 -0.413419425 0.007758140 0.999841690 -0.016011538 -0.033874817 0.136322573 0.014805025 0.990553916 2.863529682
0.990995646 -0.008726684 -0.133609682 -0.418377787 0.006530653 0.999836385 -0.016865607 -0.034545060 0.133735001 0.015841184 0.990890503 2.904848337
0.991353571 -0.009289304 -0.130888134 -0.424266398 0.007126514 0.999830365 -0.016982686 -0.035546813 0.131023660 0.015903072 0.991251588 2.945118427
0.991811097 -0.009093015 -0.127389684 -0.430261433 0.006975640 0.999830186 -0.017057534 -0.036127299 0.127523154 0.016029229 0.991706014 2.985878468
0.992303908 -0.008769891 -0.123515077 -0.435977250 0.006589337 0.999815345 -0.018051615 -0.036436692 0.123650581 0.017098805 0.992178440 3.026243925
0.992791116 -0.009007043 -0.119519308 -0.440706372 0.006680819 0.999780655 -0.019849591 -0.037391763 0.119671896 0.018908009 0.992633343 3.065741301
0.993247509 -0.008789183 -0.115681037 -0.444549382 0.006357464 0.999751329 -0.021373089 -0.038241927 0.115840144 0.020493325 0.993056417 3.103314877
0.993738532 -0.009250586 -0.111347318 -0.448993027 0.006799725 0.999726593 -0.022370623 -0.038530525 0.111523829 0.021473415 0.993529677 3.143153191
0.994271100 -0.008988603 -0.106509112 -0.454154462 0.006626865 0.999724627 -0.022507260 -0.039609745 0.106682107 0.021672493 0.994056940 3.181873083
0.994650602 -0.008387676 -0.102955237 -0.458122641 0.005984742 0.999702930 -0.023626372 -0.040810820 0.103122830 0.022883821 0.994405389 3.221932411
0.995062351 -0.006254109 -0.099054433 -0.462444782 0.003865805 0.999697626 -0.024284644 -0.041850433 0.099176362 0.023781812 0.994785607 3.257750988
0.995356083 -0.005403353 -0.096109115 -0.466998041 0.003085630 0.999701202 -0.024247833 -0.042666934 0.096211426 0.023838673 0.995075405 3.296316862
0.995596528 -0.007423396 -0.093446478 -0.471209645 0.005267947 0.999714911 -0.023291722 -0.043217234 0.093592726 0.022696888 0.995351791 3.335283995
0.995886803 -0.007319888 -0.090309806 -0.475360215 0.005293579 0.999729276 -0.022656467 -0.044176623 0.090451218 0.022085212 0.995655894 3.373456001
0.996026635 -0.007809437 -0.088712886 -0.477524877 0.005813284 0.999724507 -0.022737412 -0.045641311 0.088866003 0.022131352 0.995797694 3.410137892
0.996134758 -0.008329315 -0.087443121 -0.480591238 0.006302640 0.999705732 -0.023427624 -0.045997508 0.087612517 0.022785947 0.995894015 3.448768854
0.996313989 -0.005775936 -0.085587181 -0.484712422 0.003823726 0.999729156 -0.022956014 -0.047351062 0.085696593 0.022544134 0.996066153 3.488582134
0.996554613 -0.001628087 -0.082922608 -0.489376456 -0.000387945 0.999704897 -0.024290295 -0.048432987 0.082937665 0.024238778 0.996259868 3.526064873
0.996739149 0.002039136 -0.080667168 -0.494130433 -0.004160118 0.999649823 -0.026133670 -0.049539015 0.080585629 0.026384033 0.996398389 3.565396547
0.996870756 0.001139684 -0.079040892 -0.497580528 -0.003408485 0.999585867 -0.028575186 -0.050066546 0.078975581 0.028755173 0.996461749 3.604315281
0.996916592 0.001922590 -0.078445040 -0.500840724 -0.004355003 0.999514520 -0.030848574 -0.051217012 0.078347638 0.031095084 0.996441066 3.644125700
0.996951878 -0.000680001 -0.078015238 -0.503355384 -0.001723840 0.999525905 -0.030740988 -0.052053649 0.077999145 0.030781772 0.996478081 3.681838036
0.997018516 -0.001912263 -0.077139311 -0.507485688 -0.000201405 0.999624908 -0.027383590 -0.052748602 0.077162735 0.027317477 0.996644199 3.722716331
0.997094035 -0.003169994 -0.076113582 -0.511159718 0.001511244 0.999760270 -0.021840801 -0.053390279 0.076164573 0.021662308 0.996859848 3.763369799
0.997155190 -0.001411194 -0.075362511 -0.515637040 0.000288220 0.999888778 -0.014909754 -0.054266132 0.075375184 0.014845621 0.997044742 3.803398132
0.997139812 0.000046603 -0.075578101 -0.518526077 -0.000896017 0.999936938 -0.011205014 -0.054729667 0.075572811 0.011240691 0.997076869 3.845927954
0.997193933 0.001966710 -0.074834071 -0.522317767 -0.002642681 0.999956608 -0.008934977 -0.056085423 0.074813232 0.009107669 0.997155964 3.881795168
0.997260511 0.003780981 -0.073871769 -0.526168764 -0.004235310 0.999973118 -0.005994570 -0.057100873 0.073847122 0.006291019 0.997249722 3.922116280
0.997302771 0.001527954 -0.073380917 -0.528688490 -0.001871141 0.999987602 -0.004608283 -0.057519138 0.073372975 0.004733160 0.997293293 3.961693525
0.997411788 -0.001343282 -0.071888484 -0.531808972 0.000981623 0.999986708 -0.005065929 -0.057759076 0.071894318 0.004982248 0.997399807 3.998882055
0.997484505 -0.004325657 -0.070752420 -0.534590721 0.003811695 0.999965429 -0.007397638 -0.057389915 0.070781969 0.007109342 0.997466505 4.038208008
0.997565210 -0.007265759 -0.069360636 -0.537163019 0.006606696 0.999930859 -0.009726657 -0.057774078 0.069426514 0.009244728 0.997544229 4.076297283
0.997773886 -0.007987459 -0.066207603 -0.540090740 0.007359007 0.999925613 -0.009730604 -0.058328874 0.066280402 0.009221720 0.997758389 4.114600658
0.997982383 -0.005948027 -0.063211992 -0.543427527 0.005458661 0.999953806 -0.007911528 -0.059250668 0.063256137 0.007550512 0.997968733 4.152472496
0.998153448 -0.004289558 -0.060591187 -0.546028554 0.003776346 0.999956071 -0.008582045 -0.059192553 0.060625345 0.008337385 0.998125792 4.190910339
0.998305261 -0.004954500 -0.057983190 -0.548201501 0.004370743 0.999938548 -0.010190204 -0.059719056 0.058030110 0.009919506 0.998265624 4.229292393
0.998479247 -0.007297636 -0.054643281 -0.550368428 0.006693457 0.999914527 -0.011231623 -0.060012251 0.054720569 0.010848791 0.998442709 4.266208649
0.998609483 -0.008252883 -0.052066442 -0.551711142 0.007680991 0.999908030 -0.011174395 -0.060958751 0.052153863 0.010758935 0.998581171 4.304471016
0.998764038 -0.008071578 -0.049042013 -0.553855598 0.007528707 0.999908447 -0.011244142 -0.061254300 0.049128279 0.010861024 0.998733342 4.340501785
0.998933911 -0.007584465 -0.045535766 -0.556664169 0.007016234 0.999895692 -0.012625670 -0.061278675 0.045626782 0.012292720 0.998882890 4.377153873
0.999064445 -0.008385079 -0.042425819 -0.557884574 0.007809229 0.999875367 -0.013720676 -0.061907247 0.042535581 0.013376527 0.999005318 4.413884163
0.999175251 -0.008647046 -0.039674819 -0.559599340 0.008053568 0.999853611 -0.015094103 -0.062038604 0.039799534 0.014762131 0.999098599 4.450770378
0.999284208 -0.009082918 -0.036722440 -0.561022758 0.008505568 0.999838173 -0.015847811 -0.063124523 0.036860436 0.015524122 0.999199808 4.487090111
0.999364376 -0.008229637 -0.034687418 -0.562790751 0.007652832 0.999830782 -0.016728753 -0.064162314 0.034819212 0.016452663 0.999258161 4.522440434
0.999434829 -0.007252945 -0.032823663 -0.565275073 0.006636906 0.999800444 -0.018838368 -0.064144418 0.032953739 0.018609874 0.999283552 4.558368683
0.999440134 -0.007254730 -0.032660227 -0.566484869 0.006604194 0.999778509 -0.019982286 -0.065188885 0.032797955 0.019755404 0.999266744 4.593971729
0.999454379 -0.007052916 -0.032266919 -0.567959070 0.006349046 0.999740779 -0.021864649 -0.065794945 0.032412756 0.021647856 0.999240100 4.629061222
0.999463618 -0.008456023 -0.031641454 -0.569297016 0.007736748 0.999710381 -0.022785857 -0.066450194 0.031824972 0.022528831 0.999239564 4.663420200
0.999456346 -0.010420523 -0.031278510 -0.570157707 0.009726405 0.999704838 -0.022262219 -0.067120649 0.031501260 0.021945888 0.999262691 4.698447704
0.999464869 -0.010755409 -0.030892545 -0.571576893 0.010098238 0.999721050 -0.021350622 -0.068055861 0.031113563 0.021027237 0.999294639 4.732601643
0.999483883 -0.010267324 -0.030440552 -0.573371053 0.009633478 0.999735177 -0.020896425 -0.068824910 0.030647047 0.020592395 0.999318182 4.766447067
0.999483705 -0.009244854 -0.030769020 -0.575009882 0.008606367 0.999746203 -0.020819215 -0.069652595 0.030953689 0.020543655 0.999309659 4.799696922
0.999481738 -0.007897701 -0.031206507 -0.576927722 0.007252881 0.999758959 -0.020722486 -0.070487589 0.031362649 0.020485409 0.999298096 4.832223892
0.999450862 -0.007259720 -0.032331251 -0.577860713 0.006584967 0.999759257 -0.020927787 -0.071329713 0.032475390 0.020703396 0.999258101 4.864132881
0.999418437 -0.008068399 -0.033131868 -0.579282165 0.007363050 0.999744833 -0.021356238 -0.072249487 0.033295725 0.021099869 0.999222815 4.895050526
0.999383867 -0.008182741 -0.034130912 -0.580800831 0.007424869 0.999724388 -0.022272799 -0.073099241 0.034303758 0.022005659 0.999169171 4.926356316
0.999342918 -0.008596498 -0.035209816 -0.582531691 0.007745809 0.999676526 -0.024226114 -0.073604658 0.035406686 0.023937469 0.999086261 4.956266880
0.999259591 -0.010006414 -0.037150346 -0.583971620 0.009044381 0.999621689 -0.025974048 -0.074520737 0.037396181 0.025618820 0.998972058 4.987015724
0.999157250 -0.010854660 -0.039584622 -0.585213184 0.009792484 0.999589324 -0.026928922 -0.075867318 0.039860666 0.026518600 0.998853326 5.016817093
0.999078631 -0.010859840 -0.041519340 -0.587238371 0.009741889 0.999587059 -0.027034190 -0.076049529 0.041795775 0.026604801 0.998771906 5.046674728
0.999014854 -0.009842793 -0.043270580 -0.588750780 0.008669063 0.999591708 -0.027229823 -0.076857433 0.043520924 0.026827883 0.998692274 5.075793743
0.998941302 -0.008918040 -0.045129478 -0.590757906 0.007688566 0.999596536 -0.027343918 -0.077355571 0.045355123 0.026967991 0.998606801 5.104972363
0.998883903 -0.007967457 -0.046553753 -0.592736840 0.006690995 0.999599159 -0.027510887 -0.078196689 0.046754275 0.027168695 0.998536885 5.133573532
0.998821437 -0.008044929 -0.047864575 -0.594409168 0.006727010 0.999595523 -0.027631983 -0.078625552 0.048067514 0.027277432 0.998471498 5.161281109
0.998745143 -0.007342431 -0.049540855 -0.596077204 0.006024275 0.999625266 -0.026704503 -0.079393223 0.049718361 0.026372544 0.998414993 5.189097881
0.998698950 -0.007222967 -0.050480150 -0.598268867 0.005969325 0.999671102 -0.024941135 -0.080094710 0.050643694 0.024607357 0.998413563 5.216954708
0.998583853 -0.008220523 -0.052562766 -0.599402428 0.007016873 0.999709904 -0.023042923 -0.080724679 0.052736942 0.022641463 0.998351693 5.243797302
0.998452485 -0.009755963 -0.054749459 -0.601616621 0.008612169 0.999740481 -0.021088595 -0.081904165 0.054940995 0.020584449 0.998277307 5.271168709
0.998273015 -0.010218688 -0.057849959 -0.603632689 0.009056620 0.999752641 -0.020314313 -0.082368828 0.058043242 0.019755306 0.998118579 5.297187805
0.998076975 -0.010176414 -0.061146189 -0.606294870 0.008980658 0.999763727 -0.019798797 -0.082379788 0.061333220 0.019211592 0.997932434 5.323357582
0.997789085 -0.009687138 -0.065750413 -0.608910322 0.008485193 0.999792278 -0.018535109 -0.083317563 0.065916300 0.017936230 0.997663915 5.349656582
0.997505546 -0.008412949 -0.070085011 -0.611023962 0.007224258 0.999826133 -0.017196922 -0.084499143 0.070217513 0.016647713 0.997392774 5.375465870
0.997207940 -0.007793002 -0.074267246 -0.614071488 0.006628428 0.999851286 -0.015914461 -0.084889136 0.074380219 0.015377746 0.997111380 5.401597500
0.996922374 -0.007574293 -0.078027964 -0.617891729 0.006440721 0.999870181 -0.014769209 -0.085123308 0.078129709 0.014221199 0.996841788 5.427766800
0.996571243 -0.007674109 -0.082381681 -0.619212270 0.006532548 0.999879003 -0.014117570 -0.086015910 0.082480051 0.013531004 0.996500790 5.452856064
0.996238530 -0.007646766 -0.086314835 -0.622177243 0.006418562 0.999874294 -0.014497905 -0.086499341 0.086414844 0.013889357 0.996162355 5.477674007
0.995902777 -0.008054460 -0.090070628 -0.625387788 0.006752007 0.999868274 -0.014755699 -0.087092608 0.090177618 0.014087085 0.995826066 5.503287315
0.995522738 -0.007778243 -0.094202086 -0.627391458 0.006328194 0.999856949 -0.015681943 -0.087112375 0.094310574 0.015015599 0.995429575 5.528146744
0.995172560 -0.007903388 -0.097822390 -0.630252123 0.006399244 0.999856591 -0.015680492 -0.087461874 0.097932272 0.014978805 0.995080411 5.554043770
0.994921207 -0.007708939 -0.100361459 -0.633725226 0.006161867 0.999857485 -0.015715882 -0.087478697 0.100468308 0.015017650 0.994826913 5.579225540
0.994752169 -0.007756435 -0.102020569 -0.636202037 0.006249775 0.999866784 -0.015079563 -0.088330068 0.102123946 0.014362818 0.994667947 5.603935719
0.994661093 -0.007915002 -0.102891631 -0.638919652 0.006477174 0.999876738 -0.014300806 -0.089281484 0.102992140 0.013558007 0.994589746 5.629036427
0.994626701 -0.008383669 -0.103186823 -0.641983211 0.007003483 0.999881208 -0.013730643 -0.090007141 0.103289679 0.012934195 0.994567215 5.653635502
0.994597316 -0.008857182 -0.103429854 -0.644518256 0.007401172 0.999868095 -0.014452593 -0.089332670 0.103544228 0.013609009 0.994531751 5.679308891
0.994489849 -0.010226998 -0.104332685 -0.646921158 0.008806851 0.999862254 -0.014063344 -0.089552648 0.104462139 0.013067012 0.994442999 5.704087257
0.994378865 -0.011184261 -0.105287470 -0.650249779 0.009849014 0.999864399 -0.013193331 -0.090372108 0.105420768 0.012082192 0.994354248 5.729256153
0.994170845 -0.012266763 -0.107115962 -0.652873993 0.010930248 0.999855042 -0.013055489 -0.090212576 0.107260600 0.011808583 0.994160831 5.753961086
0.993923068 -0.011432770 -0.109481342 -0.656093061 0.010105431 0.999868631 -0.012671091 -0.091135621 0.109611832 0.011487735 0.993908107 5.778841496
0.993685722 -0.011192804 -0.111639246 -0.660148978 0.009778691 0.999864995 -0.013206356 -0.091159776 0.111771986 0.012031282 0.993661106 5.803216457
0.993387043 -0.010726786 -0.114312515 -0.663501918 0.009278921 0.999870062 -0.013190434 -0.091922499 0.114439160 0.012042508 0.993357241 5.828182220
0.993041992 -0.010620517 -0.117281005 -0.666000783 0.009117545 0.999869406 -0.013344251 -0.092121601 0.117407411 0.012182087 0.993009090 5.852670670
0.992755651 -0.010152973 -0.119721591 -0.670276284 0.008646701 0.999876857 -0.013094242 -0.092943892 0.119839787 0.011964183 0.992721200 5.877716541
0.992505610 -0.009360619 -0.121839821 -0.673349917 0.007829165 0.999884307 -0.013042090 -0.093220919 0.121947803 0.011990445 0.992464066 5.901999950
0.992292941 -0.009845390 -0.123522878 -0.677588344 0.008291939 0.999880016 -0.013084015 -0.093702078 0.123636864 0.011958930 0.992255449 5.926678181
0.992093980 -0.011054059 -0.125009164 -0.680434227 0.009423330 0.999862671 -0.013628701 -0.093893625 0.125142664 0.012342948 0.992061973 5.951364040
0.991942465 -0.011627159 -0.126154035 -0.683721542 0.009859669 0.999844372 -0.014625966 -0.094235383 0.126304477 0.013264281 0.991902828 5.974926472
0.991747856 -0.012507094 -0.127591863 -0.686234593 0.010674582 0.999829948 -0.015036014 -0.094822325 0.127758235 0.013549946 0.991712749 5.999361038
0.991634488 -0.012288287 -0.128491014 -0.689732969 0.010392223 0.999827087 -0.015416452 -0.095032565 0.128658250 0.013952179 0.991590798 6.023917675
0.991723359 -0.012270379 -0.127805606 -0.693884909 0.010415618 0.999830663 -0.015170626 -0.095428839 0.127970114 0.013713890 0.991683185 6.047723770
0.991856813 -0.011489179 -0.126839072 -0.697157919 0.009652743 0.999839604 -0.015083666 -0.095670506 0.126992017 0.013736492 0.991808593 6.072448254
0.992023349 -0.011327348 -0.125544280 -0.699880481 0.009527891 0.999843180 -0.014924479 -0.096080132 0.125693649 0.013609259 0.991975725 6.097020626
0.992232502 -0.011641253 -0.123850934 -0.703356504 0.010021136 0.999855936 -0.013696116 -0.096465029 0.123992547 0.012348604 0.992206335 6.120398998
0.992507577 -0.011160092 -0.121672109 -0.706446111 0.009557120 0.999859691 -0.013750176 -0.096820332 0.121808507 0.012484318 0.992475152 6.144508839
0.992818177 -0.010793173 -0.119146124 -0.709226489 0.009028433 0.999841452 -0.015341426 -0.097305313 0.119292833 0.014155543 0.992758155 6.168171406
0.993209600 -0.010967570 -0.115820274 -0.711826444 0.009101335 0.999820232 -0.016629770 -0.097568125 0.115981840 0.015462731 0.993131042 6.193237782
0.993711591 -0.010753416 -0.111452237 -0.714586556 0.008820262 0.999802232 -0.017823698 -0.098032832 0.111621872 0.016728582 0.993609965 6.216752529
0.994216800 -0.010596167 -0.106867239 -0.717767417 0.008605868 0.999781132 -0.019068044 -0.098373458 0.107045904 0.018038085 0.994090497 6.240343094
0.994624853 -0.010156739 -0.103045158 -0.719747424 0.008059796 0.999752283 -0.020745737 -0.098541908 0.103230342 0.019803703 0.994460344 6.264405251
0.995014906 -0.009262902 -0.099294998 -0.722341001 0.007121328 0.999734819 -0.021900577 -0.099164560 0.099471517 0.021084286 0.994817078 6.289058208
0.995322824 -0.010565133 -0.096024454 -0.724504948 0.008423904 0.999707222 -0.022676876 -0.100410633 0.096235931 0.021761911 0.995120645 6.312660694
0.995521009 -0.011916699 -0.093785651 -0.726508617 0.009704213 0.999664605 -0.024011683 -0.101256751 0.094040334 0.022994023 0.995302856 6.336565971
0.995655239 -0.013602567 -0.092116490 -0.728908539 0.011301922 0.999612153 -0.025451165 -0.102070712 0.092426963 0.024299493 0.995422900 6.360295296
0.995717824 -0.012767313 -0.091557950 -0.731169701 0.010250957 0.999558091 -0.027901558 -0.101482607 0.091873720 0.026843522 0.995408773 6.385046959
0.995718598 -0.012019881 -0.091651119 -0.733958900 0.009464938 0.999555767 -0.028260712 -0.102474444 0.091950096 0.027272243 0.995389998 6.409000874
0.995625138 -0.011133528 -0.092772089 -0.736668229 0.008399432 0.999520361 -0.029809639 -0.102413177 0.093059473 0.028899994 0.995240927 6.433718681
0.995463490 -0.010680147 -0.094542742 -0.739644706 0.007848728 0.999511003 -0.030269906 -0.103274152 0.094819792 0.029390547 0.995060384 6.458013058
0.995203197 -0.010898449 -0.097220190 -0.741668224 0.008144308 0.999555469 -0.028680885 -0.104289509 0.097489551 0.027751518 0.994849503 6.482266426
0.994917512 -0.013090485 -0.099838153 -0.745029032 0.010464542 0.999586701 -0.026780477 -0.105553284 0.100147456 0.025599608 0.994643152 6.507541180
0.994340360 -0.014894190 -0.105191961 -0.746714532 0.012093121 0.999556482 -0.027215991 -0.106124088 0.105550669 0.025789861 0.994079471 6.531073570
0.993782222 -0.014700457 -0.110366084 -0.750587225 0.011609118 0.999523520 -0.028600417 -0.105990797 0.110733926 0.027141334 0.993479371 6.555176258
0.993243396 -0.011549105 -0.115473978 -0.755320847 0.008284295 0.999553502 -0.028713185 -0.107243940 0.115754016 0.027562561 0.992895424 6.579728127
0.992676377 -0.010463595 -0.120350175 -0.759270728 0.007037513 0.999558747 -0.028857490 -0.108780921 0.120599039 0.027799185 0.992312014 6.604137421
0.992214024 -0.008411949 -0.124260880 -0.764690280 0.004768142 0.999550581 -0.029592196 -0.108899102 0.124453984 0.028769292 0.991808295 6.627878189
0.991765738 -0.004526936 -0.127985939 -0.769072235 0.000600856 0.999528468 -0.030697854 -0.109215915 0.128064588 0.030368175 0.991300821 6.651947975
0.991377115 -0.001246745 -0.131034210 -0.772721291 -0.002762178 0.999533713 -0.030408284 -0.110264607 0.131011024 0.030508012 0.990911484 6.675959587
0.991043806 0.000236490 -0.133536547 -0.775576711 -0.004177629 0.999563813 -0.029234134 -0.111161187 0.133471414 0.029530177 0.990612626 6.700991154
0.990921497 -0.002206384 -0.134424031 -0.778553128 -0.001741937 0.999570727 -0.029247446 -0.111763380 0.134430870 0.029216079 0.990492225 6.725089073
0.990904748 -0.005642793 -0.134446442 -0.781672597 0.001653850 0.999555588 -0.029762616 -0.112574793 0.134554625 0.029269565 0.990473807 6.749582767
0.990924835 -0.008765108 -0.134131581 -0.784707725 0.004773123 0.999536812 -0.030054368 -0.112509631 0.134332910 0.029141393 0.990507722 6.773924351
0.991014183 -0.007672160 -0.133536428 -0.788695276 0.003896212 0.999585748 -0.028514914 -0.113583252 0.133699864 0.027738400 0.990633726 6.799658298
0.991162181 -0.004656795 -0.132573768 -0.792827427 0.001150993 0.999647975 -0.026508518 -0.114550218 0.132650509 0.026121650 0.990818560 6.824182510
0.991295934 -0.004022357 -0.131590918 -0.796867669 0.000555052 0.999652028 -0.026375193 -0.116413206 0.131651193 0.026072584 0.990953207 6.848282337
0.991285205 -0.005184530 -0.131631032 -0.799522221 0.001540857 0.999613225 -0.027767733 -0.116328821 0.131724074 0.027322922 0.990909755 6.874224663
0.991436958 -0.006724375 -0.130412996 -0.802340567 0.003148714 0.999614000 -0.027604828 -0.116454989 0.130548254 0.026957812 0.991075456 6.898159981
0.991583347 -0.003814547 -0.129413828 -0.806150556 0.000563297 0.999683499 -0.025150197 -0.118074007 0.129468843 0.024865618 0.991271675 6.923131466
0.991674483 -0.000098920 -0.128770187 -0.810637236 -0.003108218 0.999689937 -0.024704713 -0.117950767 0.128732711 0.024899280 0.991366684 6.947731972
0.991729081 0.000506694 -0.128347456 -0.814536572 -0.003473374 0.999731839 -0.022891678 -0.119013980 0.128301457 0.023148142 0.991465032 6.973378658
0.991813421 0.002103907 -0.127678514 -0.818351030 -0.005011824 0.999735177 -0.022458311 -0.119981512 0.127597496 0.022914356 0.991561353 6.998041630
0.991830051 0.003851118 -0.127507702 -0.821894526 -0.006972601 0.999686718 -0.024043454 -0.120183244 0.127375141 0.024736084 0.991546214 7.024564266
0.991880953 0.005615506 -0.127044991 -0.826254487 -0.008938801 0.999632180 -0.025603417 -0.120827980 0.126854509 0.026531177 0.991566360 7.049812317
0.991893053 0.005657658 -0.126949042 -0.828662097 -0.009409779 0.999535859 -0.028975911 -0.121552117 0.126726136 0.029935567 0.991485953 7.074589729
0.991954625 0.003353324 -0.126549810 -0.831925988 -0.007304643 0.999499738 -0.030772299 -0.122827642 0.126383290 0.031449124 0.991482854 7.099986553
0.991907895 0.000012497 -0.126959413 -0.834999681 -0.003872467 0.999537706 -0.030156419 -0.123517156 0.126900315 0.030404029 0.991449416 7.126620770
0.992014885 -0.004812215 -0.126029268 -0.837929070 0.000854618 0.999505401 -0.031437472 -0.124360681 0.126118213 0.031078734 0.991528273 7.152198315
0.992086351 -0.009174900 -0.125222638 -0.841015995 0.005021877 0.999428034 -0.033440582 -0.125637382 0.125457838 0.032547090 0.991564929 7.177139282
0.992017329 -0.011682224 -0.125559062 -0.843084395 0.007553336 0.999416590 -0.033309966 -0.126105607 0.125874937 0.032095678 0.991526723 7.203068256
0.992085099 -0.011568910 -0.125032991 -0.847394764 0.007477333 0.999422610 -0.033143900 -0.125471741 0.125344217 0.031946659 0.991598845 7.230093002
0.992303848 -0.007593835 -0.123593666 -0.852016032 0.003575804 0.999458849 -0.032699428 -0.125639290 0.123775080 0.032005828 0.991794050 7.257047176
0.992312133 -0.000921195 -0.123757571 -0.856499493 -0.003111724 0.999470472 -0.032389998 -0.126125872 0.123721868 0.032526087 0.991783679 7.283895493
0.992150009 0.004083519 -0.124986984 -0.860295534 -0.008099698 0.999466419 -0.031641498 -0.127416432 0.124791078 0.032405470 0.991653681 7.311670780
0.992253006 0.003286521 -0.124189913 -0.864587367 -0.006908560 0.999562800 -0.028745934 -0.128592566 0.124041162 0.029381212 0.991841972 7.339069366
0.992213130 -0.000364814 -0.124551326 -0.868584037 -0.002528449 0.999730647 -0.023070611 -0.129269972 0.124526210 0.023205888 0.991944849 7.368917942
0.992281258 -0.000294797 -0.124007784 -0.873768210 -0.002064975 0.999819160 -0.018900249 -0.129959509 0.123990960 0.019010432 0.992101252 7.396090508
0.991979301 0.002829811 -0.126369610 -0.875871181 -0.004576761 0.999897897 -0.013535922 -0.130167648 0.126318440 0.014005716 0.991890788 7.426035404
0.991894782 0.001657920 -0.127050564 -0.878145278 -0.002829314 0.999955177 -0.009039994 -0.130433530 0.127029851 0.009326191 0.991855025 7.453947544
0.992092550 -0.000583688 -0.125507087 -0.882366300 -0.000392280 0.999969959 -0.007751336 -0.131341085 0.125507846 0.007739278 0.992062390 7.481491566
