0.999980330 0.002518093 -0.005766353 -0.001805431 -0.002467550 0.999958575 0.008755558 0.000092240 0.005788162 -0.008741155 0.999945045 0.056729462
0.999957442 0.004079955 -0.008272918 -0.002819352 -0.004001307 0.999946833 0.009501128 0.000015862 0.008311243 -0.009467622 0.999920666 0.063107356
0.999952734 0.005645891 -0.007917518 -0.008549770 -0.005570728 0.999939561 0.009483402 -0.000621275 0.007970581 -0.009438846 0.999923706 0.066790789
0.999887288 0.005325243 -0.014039167 -0.004276729 -0.005199025 0.999945879 0.009011664 0.000761917 0.014086397 -0.008937658 0.999860764 0.076177560
0.999820352 0.005917369 -0.018005697 -0.004644064 -0.005747205 0.999938488 0.009487712 0.001138116 0.018060733 -0.009382525 0.999792874 0.084102020
0.999765277 0.006597821 -0.020630764 -0.005864665 -0.006372442 0.999919534 0.010971141 0.001466455 0.020701492 -0.010837099 0.999726951 0.088764377
0.999705076 0.007232066 -0.023182599 -0.006021426 -0.006948688 0.999900460 0.012281087 0.001456664 0.023269111 -0.012116378 0.999655724 0.092787035
0.999659419 0.005842281 -0.025433319 -0.006972083 -0.005535974 0.999911547 0.012097345 0.001840886 0.025501747 -0.011952427 0.999603271 0.096130796
0.999542594 0.004320648 -0.029930472 -0.006180291 -0.003957015 0.999917746 0.012197889 0.001004719 0.029980715 -0.012073876 0.999477506 0.100489303
0.999433398 0.003021405 -0.033520661 -0.006102104 -0.002638957 0.999930978 0.011447680 0.000771713 0.033552933 -0.011352735 0.999372482 0.103342742
0.999296606 0.003337944 -0.037351958 -0.007406800 -0.002879707 0.999920070 0.012315159 0.000047207 0.037390076 -0.012198934 0.999226332 0.108499847
0.999057055 0.003771829 -0.043252181 -0.007775065 -0.003227021 0.999914646 0.012658997 0.000672069 0.043296240 -0.012507485 0.998983920 0.114681773
0.998812616 0.005277150 -0.048431635 -0.008962275 -0.004622649 0.999896646 0.013615965 0.001159346 0.048498482 -0.013375913 0.998733699 0.121759564
0.998585463 0.006733240 -0.052742723 -0.011636034 -0.005957868 0.999872029 0.014844460 0.001463447 0.052835930 -0.014509224 0.998497844 0.129589647
0.998228490 0.009156826 -0.058788687 -0.013330417 -0.008240589 0.999841034 0.015808819 0.002106702 0.058924094 -0.015296354 0.998145342 0.138355449
0.997884274 0.010497915 -0.064162955 -0.015105903 -0.009438655 0.999814451 0.016789773 0.002131130 0.064327307 -0.016148634 0.997798204 0.147233352
0.997451425 0.011619908 -0.070398040 -0.016162651 -0.010472952 0.999806702 0.016639693 0.002330069 0.070577800 -0.015860008 0.997380197 0.157284975
0.996893227 0.013256377 -0.077641331 -0.017201446 -0.012001219 0.999790132 0.016610429 0.002270875 0.077845223 -0.015627036 0.996842980 0.167585909
0.996421814 0.014481567 -0.083270408 -0.019050160 -0.013156423 0.999778330 0.016440520 0.002212173 0.083490044 -0.015286152 0.996391296 0.179107204
0.995944917 0.015080445 -0.088691399 -0.020902798 -0.013725610 0.999779880 0.015865929 0.002673946 0.088911161 -0.014584251 0.995932698 0.191176683
0.995550632 0.015147086 -0.093002453 -0.022782128 -0.013758791 0.999784470 0.015550626 0.002834370 0.093217961 -0.014201835 0.995544434 0.204966232
0.995183110 0.014872572 -0.096900225 -0.025084084 -0.013423134 0.999788344 0.015592844 0.002661989 0.097111620 -0.014217027 0.995171964 0.219226509
0.994806528 0.014624874 -0.100728028 -0.028267633 -0.013105517 0.999790490 0.015729027 0.003131171 0.100936934 -0.014327246 0.994789720 0.234654531
0.994311690 0.012761693 -0.105742037 -0.030415140 -0.010984729 0.999788761 0.017370135 0.002857171 0.105941378 -0.016109779 0.994241893 0.252780974
0.993819058 0.012298120 -0.110328615 -0.032950342 -0.010359352 0.999782026 0.018128725 0.002826186 0.110527523 -0.016873736 0.993729830 0.272081763
0.993277609 0.011686725 -0.115164645 -0.036082383 -0.009787818 0.999806881 0.017040346 0.003064974 0.115341559 -0.015798580 0.993200243 0.292229384
0.992773533 0.011182507 -0.119481020 -0.039546918 -0.009392860 0.999835253 0.015531163 0.003117023 0.119635031 -0.014296657 0.992714942 0.313722789
0.992161214 0.010827936 -0.124494128 -0.043081522 -0.009085747 0.999852777 0.014553432 0.003852259 0.124633387 -0.013308230 0.992113531 0.337342978
0.991512120 0.008017519 -0.129766062 -0.046979565 -0.006193654 0.999876380 0.014452511 0.003640039 0.129865885 -0.013526116 0.991439283 0.360895574
0.990599930 0.005388360 -0.136684954 -0.050410949 -0.003834410 0.999925017 0.011629578 0.005105158 0.136737391 -0.010996153 0.990546286 0.386374980
0.989684165 0.003586036 -0.143222108 -0.054676890 -0.002383719 0.999960482 0.008565478 0.005833055 0.143247187 -0.008135715 0.989653468 0.413459331
0.988843501 0.004495705 -0.148890227 -0.060265791 -0.004000966 0.999985456 0.003622207 0.006383031 0.148904324 -0.002986091 0.988847017 0.439204693
0.987833261 0.007204329 -0.155349940 -0.066007525 -0.007015390 0.999973834 0.001764436 0.006186053 0.155358598 -0.000653128 0.987857819 0.467167407
0.986726999 0.005524288 -0.162293792 -0.071945600 -0.005122618 0.999982715 0.002893318 0.007269468 0.162306949 -0.002023546 0.986738265 0.497376561
0.985605657 0.001438738 -0.169054568 -0.076337993 -0.000455631 0.999982834 0.005853967 0.007617549 0.169060081 -0.005692677 0.985589325 0.528560758
0.984678864 -0.001004911 -0.174374595 -0.083579622 0.002311171 0.999970794 0.007288217 0.007543223 0.174362212 -0.007579562 0.984652400 0.561227858
0.983778298 -0.002813102 -0.179366991 -0.089943923 0.004411411 0.999954045 0.008512588 0.007445975 0.179334819 -0.009165761 0.983745396 0.593473732
0.983013511 -0.004689614 -0.183473244 -0.096089087 0.006148291 0.999953866 0.007382305 0.007867292 0.183430150 -0.008384952 0.982997000 0.626287699
0.982753515 -0.005910382 -0.184825063 -0.102995493 0.007118850 0.999957383 0.005875536 0.008238893 0.184782475 -0.007089945 0.982753932 0.658674240
0.982534111 -0.005687284 -0.185995445 -0.110228837 0.006863327 0.999960423 0.005679688 0.007897623 0.185955763 -0.006857036 0.982534230 0.692999363
0.982684135 -0.003489088 -0.185255826 -0.117320910 0.004574416 0.999974787 0.005431436 0.008129455 0.185232177 -0.006184823 0.982675314 0.725934684
0.983370662 -0.002285099 -0.181595281 -0.124091566 0.003127874 0.999985635 0.004354700 0.008398310 0.181582734 -0.004850291 0.983363748 0.759796917
0.984463513 -0.002565245 -0.175570786 -0.130943149 0.002904423 0.999994397 0.001674923 0.009059976 0.175565511 -0.002158832 0.984465361 0.794086456
0.985370755 0.000677093 -0.170423225 -0.136611089 -0.000649429 0.999999762 0.000218075 0.009622131 0.170423329 -0.000104207 0.985370934 0.828803003
0.986508727 0.002653945 -0.163687602 -0.143309981 -0.002757519 0.999996126 -0.000405538 0.009344571 0.163685903 0.000851438 0.986512184 0.863781869
0.987474978 0.002155173 -0.157761350 -0.148558334 -0.002311155 0.999997079 -0.000805273 0.009192449 0.157759130 0.001159798 0.987476885 0.899321675
0.988425016 -0.004068423 -0.151655436 -0.152298331 0.004101649 0.999991596 -0.000093735 0.009109614 0.151654541 -0.000529387 0.988433361 0.934547544
0.989370465 -0.007317446 -0.145232543 -0.156661049 0.007365402 0.999972939 -0.000207495 0.009504137 0.145230114 -0.000864407 0.989397466 0.970824718
0.990336716 -0.008060169 -0.138449207 -0.160758153 0.008088821 0.999967217 -0.000355718 0.009566952 0.138447523 -0.000767610 0.990369380 1.005851030
0.991359651 -0.005111344 -0.131071851 -0.167410016 0.005084506 0.999986887 -0.000539412 0.009241712 0.131072938 -0.000131684 0.991372705 1.040791512
0.992058098 -0.001596353 -0.125770912 -0.171885461 0.001489695 0.999998391 -0.000942079 0.009169173 0.125772238 0.000747237 0.992058873 1.077551603
0.992797375 -0.001306302 -0.119797625 -0.176218510 0.001258246 0.999999046 -0.000476781 0.008909356 0.119798161 0.000322612 0.992798209 1.112712741
0.993399382 -0.001593567 -0.114695907 -0.180651665 0.001607187 0.999998689 0.000026270 0.008925035 0.114695713 -0.000210435 0.993400633 1.148902416
0.993948817 -0.002945266 -0.109804079 -0.184447378 0.002971296 0.999995530 0.000073439 0.009132910 0.109803349 -0.000399255 0.993953228 1.184369087
0.994318426 -0.006697969 -0.106235608 -0.187542528 0.006792911 0.999976814 0.000531860 0.008879000 0.106229581 -0.001250487 0.994340897 1.219430685
0.994618177 -0.010618554 -0.103062272 -0.191220403 0.010740345 0.999942243 0.000626850 0.008916274 0.103049643 -0.001730401 0.994674802 1.256648540
0.994903922 -0.012131638 -0.100095183 -0.194416165 0.012341548 0.999922752 0.001478124 0.008591415 0.100069515 -0.002705920 0.994976759 1.293043017
0.995185673 -0.011490272 -0.097331867 -0.198842764 0.011644646 0.999931753 0.001018122 0.008383786 0.097313523 -0.002146616 0.995251358 1.329173803
0.995514393 -0.010323509 -0.094045244 -0.202092469 0.010413120 0.999945700 0.000462149 0.008613914 0.094035350 -0.001439381 0.995567799 1.362964153
0.995892882 -0.007114286 -0.090259947 -0.205849111 0.007092538 0.999974787 -0.000561689 0.007733386 0.090261675 -0.000080790 0.995918095 1.394923687
0.996228278 -0.006311382 -0.086541548 -0.209002584 0.006211394 0.999979734 -0.001424597 0.007521453 0.086548790 0.000881680 0.996247172 1.426474452
0.996686578 -0.006626267 -0.081067339 -0.211116597 0.006438622 0.999975979 -0.002575880 0.007860635 0.081082441 0.002045383 0.996705294 1.455796957
0.997050703 -0.009155489 -0.076196536 -0.212666392 0.008885757 0.999952972 -0.003878203 0.007749912 0.076228462 0.003189702 0.997085214 1.484401703
0.997376502 -0.010667745 -0.071598366 -0.214060515 0.010355535 0.999935091 -0.004730362 0.007652580 0.071644194 0.003976512 0.997422397 1.510491252
0.997593641 -0.013159224 -0.068071477 -0.214806482 0.012779999 0.999900281 -0.006003477 0.007179656 0.068143718 0.005119077 0.997662365 1.534757376
0.997880816 -0.013889128 -0.063568123 -0.216192126 0.013453110 0.999882996 -0.007281969 0.006895154 0.063661829 0.006411349 0.997950852 1.556981564
0.998149097 -0.012120214 -0.059593640 -0.218066618 0.011630916 0.999895811 -0.008550632 0.007125952 0.059691060 0.007841678 0.998186052 1.577747822
0.998334825 -0.010560298 -0.056710590 -0.219367072 0.010063085 0.999908507 -0.009045985 0.006827350 0.056800924 0.008460238 0.998349667 1.596845150
0.998489022 -0.011722511 -0.053686999 -0.220126823 0.011236846 0.999893248 -0.009339190 0.006447129 0.053790748 0.008721807 0.998514175 1.613117337
0.998636782 -0.011761993 -0.050855473 -0.220218807 0.011289405 0.999890506 -0.009570094 0.006186519 0.050962478 0.008982919 0.998660207 1.627336502
0.998776734 -0.010599722 -0.048297592 -0.221658707 0.010167256 0.999906123 -0.009191067 0.006138762 0.048390478 0.008688770 0.998790801 1.638852000
0.998852193 -0.008038632 -0.047219347 -0.221827298 0.007590872 0.999924541 -0.009654226 0.006080577 0.047293391 0.009284710 0.998837888 1.648465514
0.998909473 -0.007550475 -0.046074297 -0.222414672 0.007025559 0.999908686 -0.011544157 0.005493863 0.046157245 0.011207868 0.998871326 1.657703876
0.998957872 -0.008669962 -0.044809327 -0.222752452 0.008033969 0.999864697 -0.014353941 0.005431978 0.044927705 0.013978988 0.998892426 1.665468574
0.998993397 -0.009451246 -0.043849912 -0.223289207 0.008722384 0.999821067 -0.016783370 0.005383123 0.044000685 0.016384004 0.998897135 1.673989892
0.998979211 -0.010278728 -0.043986723 -0.223079771 0.009518106 0.999802113 -0.017466737 0.005020063 0.044157550 0.017030237 0.998879373 1.682535410
0.998957038 -0.010881772 -0.044344019 -0.223729581 0.010117246 0.999796927 -0.017428897 0.004837764 0.044524673 0.016962079 0.998864233 1.691577911
0.998906255 -0.010395562 -0.045587298 -0.224253744 0.009595098 0.999796510 -0.017742760 0.004919069 0.045762472 0.017285941 0.998802900 1.700919867
0.998822868 -0.009697189 -0.047527481 -0.225679532 0.008844773 0.999796867 -0.018112782 0.004893569 0.047693472 0.017671091 0.998705685 1.709829569
0.998632193 -0.010036144 -0.051313777 -0.226912677 0.009133592 0.999800026 -0.017793257 0.004375882 0.051482093 0.017300241 0.998524070 1.719722629
0.998387337 -0.010590321 -0.055772513 -0.228113353 0.009593656 0.999790072 -0.018107692 0.004647773 0.055952571 0.017543428 0.998279274 1.729371667
0.998095393 -0.010967408 -0.060706317 -0.229062557 0.009878340 0.999785364 -0.018211080 0.004300069 0.060893022 0.017576721 0.997989476 1.739696503
0.997758090 -0.011290214 -0.065963969 -0.230421275 0.010094306 0.999779165 -0.018434960 0.004089512 0.066157527 0.017727774 0.997651696 1.750137091
0.997417688 -0.010641923 -0.071025997 -0.232719898 0.009363462 0.999788523 -0.018308636 0.003939092 0.071205825 0.017596308 0.997306466 1.760665417
0.996991575 -0.010255949 -0.076826617 -0.234771252 0.008825677 0.999781787 -0.018933330 0.003760446 0.077004030 0.018198332 0.996864617 1.772031903
0.996488571 -0.010399862 -0.083079062 -0.236084938 0.008793340 0.999767721 -0.019679790 0.003615811 0.083264418 0.018880153 0.996348679 1.784046531
0.995911241 -0.010470461 -0.089726210 -0.237859637 0.008665029 0.999752641 -0.020487489 0.003434729 0.089918509 0.019626250 0.995755792 1.796316504
0.995267630 -0.010821357 -0.096565552 -0.240337178 0.008838112 0.999741614 -0.020941922 0.003073946 0.096767217 0.019989368 0.995106459 1.810346365
0.994556010 -0.010681475 -0.103653550 -0.243418023 0.008533160 0.999739945 -0.021147253 0.003046863 0.103852481 0.020147644 0.994388700 1.825142860
0.993637979 -0.010025727 -0.112173997 -0.245869890 0.007643397 0.999736428 -0.021647749 0.002814602 0.112361483 0.020652633 0.993452728 1.841399908
0.992681384 -0.009849136 -0.120360717 -0.249566644 0.007212784 0.999724865 -0.022319822 0.002790924 0.120547436 0.021288335 0.992479265 1.857893467
0.991629779 -0.010372016 -0.128696084 -0.252679825 0.007588979 0.999726951 -0.022096451 0.002136920 0.128890157 0.020934828 0.991437793 1.876033425
0.990471244 -0.010457974 -0.137322024 -0.255997747 0.007582583 0.999741256 -0.021445500 0.002317961 0.137510747 0.020199895 0.990294218 1.895406604
0.989398777 -0.009858252 -0.144889086 -0.260919333 0.006996085 0.999770403 -0.020250460 0.001804844 0.145055428 0.019022118 0.989240646 1.916068912
0.988289893 -0.009579505 -0.152286842 -0.265359998 0.006713610 0.999790788 -0.019322127 0.001691435 0.152440056 0.018073469 0.988147438 1.937130928
0.987250328 -0.009916279 -0.158866480 -0.270233184 0.007077819 0.999805272 -0.018422825 0.001019645 0.159018204 0.017063510 0.987128139 1.959775209
0.986229479 -0.010020014 -0.165078908 -0.275343180 0.007127225 0.999810636 -0.018106714 0.000646550 0.165229082 0.016680820 0.986114144 1.983089685
0.985134244 -0.009050203 -0.171547607 -0.280075908 0.006018256 0.999816537 -0.018185927 0.000477564 0.171680704 0.016883163 0.985008061 2.007855415
0.984249949 -0.007771269 -0.176611453 -0.285532802 0.004567989 0.999817729 -0.018536797 0.000683859 0.176723331 0.017438082 0.984106123 2.034002066
0.983848989 -0.007826292 -0.178829372 -0.292005152 0.004567588 0.999816060 -0.018626895 0.000153195 0.178942248 0.017509233 0.983703792 2.061363220
0.983597279 -0.006991473 -0.180243134 -0.297614187 0.003716199 0.999821901 -0.018502705 -0.000528906 0.180340409 0.017529387 0.983448088 2.089962482
0.983847737 -0.006065228 -0.178904146 -0.303865492 0.002790740 0.999824047 -0.018549019 -0.000809126 0.178985193 0.017750137 0.983691633 2.119418859
0.984191120 -0.005973066 -0.177009076 -0.310156375 0.002523869 0.999802649 -0.019704748 -0.001207393 0.177091822 0.018946486 0.984012008 2.150562048
0.984342813 -0.008159474 -0.176075578 -0.315332085 0.004506048 0.999766409 -0.021139048 -0.001517374 0.176206961 0.020014666 0.984149575 2.184158325
0.984590471 -0.009309118 -0.174628094 -0.321851104 0.005577403 0.999745786 -0.021848107 -0.001734443 0.174787089 0.020537468 0.984392107 2.217694283
0.984712303 -0.008442745 -0.173983946 -0.328343868 0.004949728 0.999777555 -0.020500779 -0.002211168 0.174118340 0.019326201 0.984534979 2.253860950
0.984963655 -0.007817901 -0.172584549 -0.335483998 0.004856206 0.999833763 -0.017576387 -0.002128635 0.172693253 0.016473999 0.984837830 2.290694237
0.985188186 -0.006672554 -0.171346545 -0.343653202 0.004182597 0.999880373 -0.014888589 -0.001852952 0.171425372 0.013951391 0.985098243 2.330796719
0.985245705 -0.006293990 -0.171030134 -0.349371761 0.004705828 0.999941945 -0.009689683 -0.003640372 0.171081185 0.008741881 0.985218048 2.368741274
0.985405385 -0.005195344 -0.170144320 -0.356586009 0.004173790 0.999971032 -0.006361165 -0.003407175 0.170172423 0.005558182 0.985398531 2.408422709
0.985634387 -0.006013991 -0.168785810 -0.363764405 0.005501629 0.999978662 -0.003503074 -0.004134274 0.168803290 0.002524154 0.985646665 2.447472572
0.985779047 -0.006105868 -0.167935222 -0.370722115 0.005800187 0.999980450 -0.002310685 -0.004641989 0.167946041 0.001303770 0.985795319 2.486948967
0.986094832 -0.005821946 -0.166081294 -0.379811555 0.005430953 0.999981284 -0.002808279 -0.004898446 0.166094512 0.001867250 0.986108124 2.528648853
0.986074209 -0.006176412 -0.166190729 -0.385056853 0.005568613 0.999975979 -0.004122958 -0.004368708 0.166212171 0.003140091 0.986085057 2.567839861
0.986274779 -0.006289587 -0.164992332 -0.391637921 0.005516995 0.999971569 -0.005140451 -0.004346411 0.165020004 0.004159635 0.986281455 2.606425762
0.986546338 -0.006683468 -0.163344473 -0.398962080 0.005674848 0.999961853 -0.006640634 -0.004101220 0.163382649 0.005624339 0.986546814 2.646980524
0.986767948 -0.006729862 -0.161999106 -0.405251265 0.005687600 0.999960005 -0.006896648 -0.004737139 0.162039027 0.005884006 0.986766875 2.686515808
0.986979842 -0.006673475 -0.160704821 -0.411920190 0.005612793 0.999959409 -0.007053241 -0.005226248 0.160745367 0.006059404 0.986977339 2.727467775
0.987411976 -0.006494087 -0.158036411 -0.417954355 0.005508685 0.999962628 -0.006672530 -0.005509440 0.158073828 0.005717962 0.987410784 2.768801212
0.988024950 -0.006998649 -0.154136300 -0.426381767 0.006327092 0.999968171 -0.004847036 -0.006767136 0.154165342 0.003813757 0.988037705 2.808459044
0.988377869 -0.008278778 -0.151791900 -0.431713164 0.007551990 0.999957085 -0.005363940 -0.005112081 0.151829809 0.004155268 0.988397896 2.849756956
0.988918304 -0.007223638 -0.148285493 -0.438954055 0.006519105 0.999965012 -0.005236686 -0.006432565 0.148318172 0.004211966 0.988930702 2.891145468
0.989430904 -0.009523641 -0.144691929 -0.445739985 0.008782794 0.999944866 -0.005758086 -0.005306670 0.144738808 0.004426430 0.989459932 2.932527781
0.989934683 -0.006402913 -0.141379714 -0.452393472 0.005560917 0.999964356 -0.006349854 -0.007077676 0.141415343 0.005499740 0.989935100 2.972565413
0.990319967 -0.006274632 -0.138660818 -0.458000422 0.005426315 0.999964118 -0.006495125 -0.007720599 0.138696596 0.005679835 0.990318716 3.013597012
0.990723491 -0.006990644 -0.135713279 -0.463386357 0.006128303 0.999958277 -0.006770887 -0.007244225 0.135754958 0.005876384 0.990725100 3.054443359
0.991246045 -0.006899076 -0.131846890 -0.469045639 0.005941962 0.999953032 -0.007651337 -0.007298296 0.131893471 0.006800928 0.991240621 3.094213247
0.991822183 -0.006689728 -0.127451286 -0.475267738 0.005505956 0.999938488 -0.009638074 -0.008228583 0.127507895 0.008857516 0.991797984 3.134333611
0.992317557 -0.005489609 -0.123594649 -0.479893655 0.004128934 0.999927998 -0.011262621 -0.008737028 0.123647578 0.010665784 0.992268801 3.174145460
0.992815971 -0.007210219 -0.119433284 -0.484110564 0.005791751 0.999908566 -0.012219515 -0.007893864 0.119510464 0.011440004 0.992766976 3.212644100
0.993378818 -0.005800025 -0.114737652 -0.489840865 0.004389503 0.999911666 -0.012542292 -0.009363521 0.114800252 0.011955607 0.993316650 3.251676083
0.993845403 -0.006420126 -0.110589370 -0.495309353 0.004981496 0.999899387 -0.013280146 -0.009675555 0.110663511 0.012647512 0.993777454 3.291391611
0.994324684 -0.003400862 -0.106333472 -0.500106215 0.001918135 0.999899566 -0.014043286 -0.011163414 0.106370546 0.013759624 0.994231403 3.328952789
0.994650304 -0.002621177 -0.103266329 -0.504879117 0.001121142 0.999893069 -0.014581261 -0.011379458 0.103293508 0.014387480 0.994546890 3.367499352
0.994776249 -0.005751579 -0.101917379 -0.507425189 0.004356584 0.999893725 -0.013904807 -0.010105286 0.101986535 0.013388162 0.994695663 3.407238483
0.995113373 -0.006225130 -0.098542675 -0.512464762 0.005019296 0.999909461 -0.012479860 -0.011666734 0.098611452 0.011924262 0.995054543 3.445079327
0.995266438 -0.006771959 -0.096947812 -0.516043246 0.005523227 0.999898255 -0.013143032 -0.011685640 0.097026981 0.012545354 0.995202720 3.484046936
0.995410442 -0.006504971 -0.095475927 -0.520072579 0.005294304 0.999902368 -0.012928174 -0.013021298 0.095550723 0.012363360 0.995347679 3.523008585
0.995684683 -0.003670989 -0.092728630 -0.525138617 0.002427020 0.999905527 -0.013524368 -0.013308592 0.092769533 0.013240951 0.995599449 3.562088013
0.995949745 -0.000078467 -0.089911610 -0.530978024 -0.001194751 0.999899745 -0.014106858 -0.014188379 0.089903697 0.014157145 0.995849788 3.600119114
0.996068895 0.003200845 -0.088524334 -0.534947217 -0.004657214 0.999857068 -0.016249968 -0.014666788 0.088459685 0.016598364 0.995941460 3.639115095
0.996216476 0.003067911 -0.086852469 -0.538177729 -0.004700201 0.999816060 -0.018595573 -0.014610603 0.086779431 0.018933440 0.996047616 3.678365231
0.996330380 0.003372246 -0.085523859 -0.542860568 -0.005175331 0.999768734 -0.020869892 -0.015272267 0.085433699 0.021235924 0.996117532 3.717968225
0.996355653 0.000750447 -0.085293584 -0.545546770 -0.002552301 0.999775827 -0.021018235 -0.015779726 0.085258685 0.021159332 0.996134102 3.757877827
0.996377289 -0.000375951 -0.085041769 -0.549838781 -0.001110305 0.999847472 -0.017428804 -0.016664896 0.085035369 0.017460084 0.996224940 3.798181057
0.996529281 -0.000995415 -0.083237417 -0.554985404 0.000016457 0.999930918 -0.011760887 -0.016579183 0.083243378 0.011718697 0.996460319 3.838539124
0.996563733 -0.000934111 -0.082824804 -0.558201909 0.000481699 0.999984801 -0.005482082 -0.017131923 0.082828693 0.005423347 0.996549070 3.880513191
0.996590674 0.000542204 -0.082502201 -0.563099205 -0.000623322 0.999999344 -0.000957470 -0.018407404 0.082501628 0.001005629 0.996590436 3.920339346
0.996629477 0.003316513 -0.081967741 -0.567358255 -0.003273492 0.999994397 0.000659231 -0.017957922 0.081969477 -0.000388687 0.996634781 3.960560799
0.996670008 0.005239196 -0.081372589 -0.570698619 -0.004907690 0.999978781 0.004273390 -0.019452596 0.081393257 -0.003859808 0.996674597 3.998569489
0.996758819 0.003264450 -0.080382288 -0.574281335 -0.002807300 0.999979198 0.005799565 -0.019661384 0.080399558 -0.005555110 0.996747136 4.038600922
0.996856749 0.000019602 -0.079225138 -0.577487230 0.000411274 0.999985218 0.005422307 -0.019520665 0.079224080 -0.005437847 0.996842027 4.078199387
0.996981978 -0.003450398 -0.077556491 -0.581651330 0.003664117 0.999989808 0.002613523 -0.018573452 0.077546671 -0.002889811 0.996984541 4.115445614
0.997082353 -0.005978902 -0.076099008 -0.584642708 0.006036796 0.999981642 0.000530755 -0.018988861 0.076094434 -0.000988601 0.997100115 4.153882980
0.997352421 -0.006533992 -0.072425269 -0.588738918 0.006595934 0.999978065 0.000616100 -0.019412911 0.072419658 -0.001092181 0.997373641 4.192091942
0.997532189 -0.003873973 -0.070105202 -0.591685534 0.003980503 0.999991119 0.001379939 -0.018482659 0.070099227 -0.001655588 0.997538626 4.231324196
0.997664928 -0.003289522 -0.068219222 -0.594138145 0.003410917 0.999992788 0.001663083 -0.018973965 0.068213254 -0.001891890 0.997668922 4.270498276
0.997872889 -0.002448071 -0.065143883 -0.597513080 0.002440885 0.999997020 -0.000189900 -0.018739749 0.065144151 0.000030487 0.997875810 4.309292316
0.998063684 -0.005266386 -0.061977144 -0.599161863 0.005207252 0.999985814 -0.001115621 -0.018874899 0.061982147 0.000790730 0.998076856 4.345425129
0.998281598 -0.006125615 -0.058277227 -0.602210402 0.006042292 0.999980450 -0.001605862 -0.019628394 0.058285914 0.001250975 0.998299122 4.382840157
0.998439908 -0.005883228 -0.055525627 -0.604174137 0.005759968 0.999980569 -0.002379655 -0.018276649 0.055538557 0.002056118 0.998454452 4.419961929
0.998597324 -0.005584763 -0.052650716 -0.606717229 0.005406289 0.999979138 -0.003531598 -0.017560456 0.052669350 0.003242000 0.998606741 4.457001686
0.998743832 -0.006798258 -0.049644202 -0.608500779 0.006608293 0.999970317 -0.003989640 -0.018844780 0.049669843 0.003656565 0.998758972 4.493686676
0.998886287 -0.007366864 -0.046603132 -0.610377550 0.007154162 0.999963224 -0.004729271 -0.019526884 0.046636254 0.004390598 0.998902261 4.530283928
0.999011159 -0.006841029 -0.043930706 -0.612555325 0.006597028 0.999961972 -0.005696778 -0.020094801 0.043968007 0.005401333 0.999018312 4.567190170
0.999119818 -0.006046289 -0.041510306 -0.614945710 0.005741259 0.999955595 -0.007463569 -0.020116244 0.041553587 0.007218678 0.999110162 4.603980541
0.999172390 -0.005696026 -0.040277530 -0.616304934 0.005343418 0.999946475 -0.008856685 -0.020037511 0.040325832 0.008634135 0.999149203 4.638028622
0.999217093 -0.005346201 -0.039201129 -0.619236171 0.004945359 0.999934554 -0.010315119 -0.020446811 0.039253708 0.010113180 0.999178112 4.673238277
0.999206722 -0.005428937 -0.039452519 -0.620071650 0.004952863 0.999913871 -0.012154751 -0.020646181 0.039515108 0.011949707 0.999147534 4.708754063
0.999199033 -0.006556832 -0.039475661 -0.621236801 0.006042567 0.999895573 -0.013132630 -0.021046173 0.039557647 0.012883576 0.999134243 4.744099617
0.999225318 -0.008232752 -0.038481332 -0.623168588 0.007745048 0.999887943 -0.012805721 -0.021216050 0.038582448 0.012497760 0.999177396 4.778366089
0.999235034 -0.008713894 -0.038122185 -0.624500096 0.008250323 0.999890268 -0.012300578 -0.021547243 0.038225185 0.011976647 0.999197423 4.813432693
0.999261677 -0.008518844 -0.037463240 -0.627036095 0.008090192 0.999900222 -0.011578700 -0.022501115 0.037558146 0.011267068 0.999230921 4.846818924
0.999252856 -0.007208045 -0.037970252 -0.628709018 0.006781591 0.999912560 -0.011348100 -0.022993498 0.038048729 0.011082121 0.999214351 4.880044937
0.999212801 -0.005757604 -0.039250955 -0.630098820 0.005317296 0.999921799 -0.011312952 -0.023487136 0.039313029 0.011095337 0.999165297 4.913405895
0.999195158 -0.005917517 -0.039674159 -0.632379651 0.005472661 0.999921083 -0.011311982 -0.024161980 0.039737958 0.011085752 0.999148667 4.944866657
0.999154866 -0.005685987 -0.040708639 -0.633328140 0.005195235 0.999912620 -0.012150914 -0.024508126 0.040774178 0.011929155 0.999097109 4.975688457
0.999124229 -0.005860129 -0.041429311 -0.635169446 0.005322372 0.999900341 -0.013078530 -0.024978105 0.041501824 0.012846576 0.999055862 5.006860733
0.999055564 -0.007289159 -0.042835638 -0.636701941 0.006670252 0.999871552 -0.014573626 -0.025938027 0.042936362 0.014274140 0.998975873 5.037465096
0.998985112 -0.007148445 -0.044471212 -0.638841033 0.006412870 0.999840558 -0.016661199 -0.025828522 0.044583224 0.016359098 0.998871744 5.065773964
0.998844087 -0.008408342 -0.047327269 -0.639978290 0.007584368 0.999816895 -0.017562907 -0.026728831 0.047466274 0.017183654 0.998725057 5.095252514
0.998766899 -0.008246826 -0.048956797 -0.641858935 0.007395581 0.999818802 -0.017543444 -0.027171232 0.049092602 0.017159745 0.998646796 5.123798847
0.998688340 -0.007149232 -0.050699435 -0.644305170 0.006260385 0.999824286 -0.017668873 -0.027719833 0.050816853 0.017328300 0.998557627 5.153773785
0.998613834 -0.005838095 -0.052308396 -0.646212697 0.004913514 0.999829710 -0.017786775 -0.027832389 0.052403335 0.017505106 0.998472512 5.181512356
0.998535752 -0.005128714 -0.053850915 -0.647757649 0.004177668 0.999833643 -0.017758463 -0.028726704 0.053933028 0.017507492 0.998391032 5.210020065
0.998482168 -0.004879158 -0.054859404 -0.650762379 0.003912711 0.999835491 -0.017710419 -0.029383242 0.054936793 0.017468885 0.998337030 5.237583637
0.998379529 -0.004501870 -0.056728531 -0.652286410 0.003551092 0.999851763 -0.016849810 -0.029833034 0.056795973 0.016621055 0.998247504 5.265001297
0.998310626 -0.003741007 -0.057982404 -0.653959870 0.002842326 0.999874651 -0.015573934 -0.029837821 0.058033396 0.015382815 0.998196125 5.292339802
0.998240590 -0.005129144 -0.059071414 -0.656900287 0.004349702 0.999901891 -0.013315939 -0.030772332 0.059133917 0.013035567 0.998164952 5.318974018
0.998078585 -0.006367843 -0.061633028 -0.658426404 0.005672568 0.999918342 -0.011449284 -0.031128803 0.061700903 0.011077667 0.998033166 5.344645977
0.997874260 -0.007196017 -0.064770453 -0.660450280 0.006507392 0.999920070 -0.010836462 -0.031290110 0.064843245 0.010391940 0.997841358 5.371313095
0.997631729 -0.007609457 -0.068358406 -0.663475156 0.006955126 0.999927759 -0.009804972 -0.032012612 0.068428062 0.009306309 0.997612596 5.398174286
0.997429430 -0.006727346 -0.071338505 -0.668016315 0.006146971 0.999946237 -0.008351928 -0.033092380 0.071390852 0.007891941 0.997417212 5.423316956
0.997060061 -0.005335945 -0.076438434 -0.669394016 0.004795897 0.999962270 -0.007246975 -0.033421475 0.076474227 0.006859078 0.997047901 5.448728561
0.996700108 -0.004639885 -0.081039391 -0.671939075 0.004156099 0.999972522 -0.006137414 -0.033452671 0.081065662 0.005780353 0.996691942 5.475743294
0.996370256 -0.004700211 -0.084995091 -0.675209284 0.004319418 0.999979734 -0.004663517 -0.033789050 0.085015297 0.004279461 0.996370435 5.501147747
0.995978713 -0.004967117 -0.089452147 -0.677623093 0.004626553 0.999981225 -0.004014162 -0.034347158 0.089470416 0.003584165 0.995983005 5.527469158
0.995612979 -0.005031826 -0.093431361 -0.680193543 0.004604128 0.999977887 -0.004792653 -0.033814687 0.093453415 0.004341457 0.995614171 5.551610470
0.995263278 -0.005192447 -0.097077355 -0.683817863 0.004674922 0.999973595 -0.005557746 -0.033643845 0.097103655 0.005077592 0.995261371 5.576644421
0.994864821 -0.005185758 -0.101079524 -0.686360121 0.004646042 0.999973595 -0.005574201 -0.034346972 0.101105772 0.005075956 0.994862676 5.601972580
0.994561613 -0.004495909 -0.104052983 -0.690435946 0.003914529 0.999975562 -0.005790881 -0.034524199 0.104076467 0.005352071 0.994554818 5.627302647
0.994316041 -0.004665937 -0.106366001 -0.694040835 0.004068478 0.999974668 -0.005833309 -0.034276359 0.106390513 0.005367405 0.994309843 5.651766300
0.994066715 -0.004829256 -0.108665347 -0.696458161 0.004299515 0.999977648 -0.005108736 -0.035083245 0.108687595 0.004611216 0.994065225 5.676957607
0.993965447 -0.004899652 -0.109583795 -0.699466705 0.004404593 0.999978960 -0.004759243 -0.035232875 0.109604813 0.004247851 0.993966162 5.701330185
0.993911743 -0.005164194 -0.110058084 -0.702288926 0.004689614 0.999978542 -0.004570494 -0.034994900 0.110079326 0.004026538 0.993914664 5.725701809
0.993866503 -0.005792552 -0.110435203 -0.704626083 0.005297907 0.999974549 -0.004771961 -0.034994718 0.110460036 0.004157616 0.993871927 5.750351906
0.993845880 -0.007389039 -0.110524751 -0.708344281 0.006954369 0.999966443 -0.004317776 -0.035522077 0.110552952 0.003522574 0.993864000 5.776054382
0.993695080 -0.008404503 -0.111800589 -0.711375713 0.008051056 0.999961019 -0.003612500 -0.035901312 0.111826591 0.002689610 0.993724108 5.801152706
0.993437529 -0.008736966 -0.114041619 -0.713521063 0.008436404 0.999959528 -0.003117920 -0.035885591 0.114064246 0.002135357 0.993471026 5.825621128
0.993208647 -0.008215615 -0.116056599 -0.718249977 0.007921625 0.999964118 -0.002994177 -0.035962295 0.116077036 0.002054486 0.993238032 5.850536346
0.992894828 -0.007628410 -0.118750550 -0.721530974 0.007303246 0.999968290 -0.003173154 -0.036340065 0.118771017 0.002283344 0.992919028 5.875091553
0.992611706 -0.007342804 -0.121112458 -0.725408018 0.006994472 0.999970019 -0.003300978 -0.036536679 0.121133089 0.002429472 0.992633283 5.899291515
0.992352366 -0.007323470 -0.123220041 -0.729084373 0.006998389 0.999970794 -0.003070835 -0.037180193 0.123238914 0.002185009 0.992374539 5.922544956
0.991994858 -0.006501139 -0.126111686 -0.732382476 0.006064772 0.999974251 -0.003843810 -0.036514681 0.126133427 0.003048201 0.992008626 5.947161198
0.991652131 -0.006490627 -0.128778443 -0.735801697 0.006134710 0.999976158 -0.003160269 -0.036823034 0.128795892 0.002343870 0.991668344 5.972618580
0.991477728 -0.006278977 -0.130124465 -0.739965439 0.005910415 0.999977291 -0.003218378 -0.037098069 0.130141735 0.002421860 0.991492450 5.995501041
0.991183698 -0.008194773 -0.132241115 -0.742423236 0.007673535 0.999960601 -0.004450708 -0.036636204 0.132272393 0.003396712 0.991207540 6.020156860
0.991035581 -0.008790061 -0.133308604 -0.745839298 0.008219585 0.999954462 -0.004829098 -0.037071064 0.133345008 0.003690066 0.991062820 6.043920040
0.990983665 -0.009284578 -0.133660585 -0.750359058 0.008664248 0.999948800 -0.005221989 -0.037560023 0.133702233 0.004016837 0.991013408 6.067831516
0.990859270 -0.009610437 -0.134556860 -0.753928185 0.008956390 0.999944925 -0.005465238 -0.037780032 0.134601995 0.004210138 0.990890741 6.091602802
0.990901172 -0.008813399 -0.134302884 -0.757667899 0.008158918 0.999952078 -0.005422777 -0.037713055 0.134344235 0.004277669 0.990925491 6.115862846
0.991066575 -0.008550052 -0.133093312 -0.761419713 0.007955035 0.999955952 -0.005001777 -0.037802882 0.133130193 0.003898332 0.991090894 6.139939785
0.991188169 -0.008986481 -0.132156372 -0.764401913 0.008482425 0.999954402 -0.004376562 -0.038202554 0.132189691 0.003216991 0.991219223 6.164113045
0.991415322 -0.008943643 -0.130444109 -0.767873526 0.008557059 0.999957204 -0.003523814 -0.038397111 0.130470023 0.002377345 0.991449416 6.188428879
0.991709173 -0.007427769 -0.128287539 -0.770926535 0.006999318 0.999968350 -0.003790265 -0.038567919 0.128311634 0.002860916 0.991729736 6.212496281
0.992042720 -0.007100543 -0.125701070 -0.774462342 0.006469081 0.999964297 -0.005431017 -0.038354035 0.125735149 0.004574631 0.992053270 6.236674309
0.992518067 -0.007248865 -0.121882506 -0.777494252 0.006465116 0.999955833 -0.006824607 -0.038596600 0.121926561 0.005985561 0.992521048 6.259895802
0.993014336 -0.008062186 -0.117718555 -0.780158162 0.007177173 0.999942720 -0.007940025 -0.038793210 0.117775828 0.007039672 0.993015230 6.283924580
0.993516326 -0.007358729 -0.113451622 -0.783138573 0.006385238 0.999939620 -0.008941673 -0.039294232 0.113510579 0.008159281 0.993503273 6.308613777
0.993921697 -0.007518185 -0.109832093 -0.785381913 0.006425692 0.999926388 -0.010297500 -0.039755039 0.109901406 0.009529161 0.993896782 6.332281113
0.994349360 -0.007091565 -0.105920091 -0.788117826 0.005929432 0.999918759 -0.011282674 -0.040317316 0.105991490 0.010590873 0.994310558 6.355342388
0.994692266 -0.007126815 -0.102647372 -0.790611386 0.005889535 0.999906301 -0.012351730 -0.040756635 0.102725789 0.011681625 0.994641066 6.379890919
0.994900227 -0.009147347 -0.100448795 -0.792628586 0.007798564 0.999874175 -0.013812066 -0.041196588 0.100562483 0.012958271 0.994846344 6.403739929
0.995029092 -0.009695850 -0.099111661 -0.795019984 0.008163202 0.999840915 -0.015857711 -0.040860251 0.099249646 0.014969817 0.994949937 6.427322388
0.995172501 -0.009583118 -0.097672403 -0.797842145 0.007907336 0.999815047 -0.017529855 -0.040965304 0.097822323 0.016672898 0.995064139 6.450544834
0.995159626 -0.008637593 -0.097891264 -0.801063180 0.006855976 0.999804914 -0.018521747 -0.041066818 0.098032147 0.017760953 0.995024681 6.475286007
0.995027184 -0.008521345 -0.099238798 -0.803546369 0.006630761 0.999790430 -0.019365126 -0.041890047 0.099383004 0.018610798 0.994875193 6.498960018
0.994893730 -0.007660918 -0.100636646 -0.806902230 0.005669152 0.999782622 -0.020062756 -0.042022012 0.100768462 0.019389782 0.994720936 6.522404671
0.994636476 -0.007774164 -0.103139497 -0.809860051 0.005866083 0.999806225 -0.018790431 -0.042642817 0.103265569 0.018084627 0.994489372 6.547245979
0.994311273 -0.010096746 -0.106033422 -0.813115001 0.008379032 0.999826550 -0.016632764 -0.043909080 0.106182963 0.015649684 0.994223416 6.571646690
0.993800700 -0.011501043 -0.110579625 -0.816685259 0.009654385 0.999805033 -0.017220780 -0.044074379 0.110756122 0.016046448 0.993718028 6.595866680
0.993134975 -0.011863631 -0.116371401 -0.819751680 0.009788661 0.999783039 -0.018385911 -0.043780543 0.116564281 0.017120568 0.993035495 6.620207787
0.992496371 -0.008978377 -0.121943936 -0.823661685 0.006762145 0.999804556 -0.018575896 -0.044627592 0.122086883 0.017611908 0.992363095 6.645181179
0.991916239 -0.007177806 -0.126691446 -0.827808022 0.004784153 0.999804378 -0.019187752 -0.045189545 0.126804382 0.018426528 0.991756558 6.668601990
0.991287887 -0.005371977 -0.131603688 -0.831648469 0.002802856 0.999801993 -0.019699110 -0.045516245 0.131683439 0.019158622 0.991106629 6.692987442
0.990811527 -0.001164765 -0.135244936 -0.836207986 -0.001598434 0.999792218 -0.020320684 -0.046334140 0.135240495 0.020350149 0.990603805 6.716336250
0.990512490 0.002268597 -0.137404203 -0.841760278 -0.005095189 0.999782443 -0.020223135 -0.046965539 0.137328431 0.020731362 0.990308583 6.740638256
0.990256548 0.003286659 -0.139216080 -0.845816314 -0.005992543 0.999801040 -0.019021859 -0.047258563 0.139125898 0.019670781 0.990079224 6.764562130
0.990106165 0.000819871 -0.140318245 -0.848760903 -0.003527610 0.999812365 -0.019049488 -0.047735058 0.140276313 0.019356005 0.989923120 6.788802147
0.990024149 -0.003303749 -0.140859023 -0.851360321 0.000461034 0.999795675 -0.020209134 -0.046970002 0.140897006 0.019942593 0.989823341 6.812736511
0.990162671 -0.005383571 -0.139818206 -0.855806708 0.002622558 0.999798059 -0.019923914 -0.048228964 0.139897212 0.019361233 0.989976704 6.838144779
0.990228057 -0.004289248 -0.139391467 -0.859192908 0.001723055 0.999826908 -0.018525437 -0.048987873 0.139446825 0.018104229 0.990064025 6.862603188
0.990271568 -0.001893250 -0.139135405 -0.862629890 -0.000397942 0.999864876 -0.016437694 -0.049560510 0.139147699 0.016333148 0.990136981 6.888014317
0.990421653 -0.000981173 -0.138072982 -0.866991520 -0.001315321 0.999862432 -0.016540239 -0.050777331 0.138070196 0.016563419 0.990283966 6.911571980
0.990500212 -0.002382961 -0.137490407 -0.870676756 0.000030589 0.999853671 -0.017108928 -0.051266707 0.137511060 0.016942192 0.990355372 6.936179161
0.990721047 -0.003573168 -0.135864228 -0.874723136 0.001293102 0.999856889 -0.016866496 -0.051426001 0.135905027 0.016534306 0.990583897 6.960864067
0.990835249 -0.000668320 -0.135074914 -0.878484249 -0.001395454 0.999883771 -0.015183480 -0.051816050 0.135069355 0.015232814 0.990718961 6.985482693
0.990853965 0.002979638 -0.134905934 -0.882616341 -0.004968152 0.999883890 -0.014405753 -0.052111745 0.134847373 0.014944229 0.990753710 7.010758400
0.990939021 0.003958069 -0.134253725 -0.887375295 -0.005758175 0.999898553 -0.013022601 -0.052177560 0.134188592 0.013677659 0.990861416 7.035612583
0.990990281 0.005146757 -0.133834958 -0.890949547 -0.006954419 0.999890745 -0.013042684 -0.052441448 0.133753195 0.013855917 0.990917861 7.060775280
0.990996003 0.006713367 -0.133722723 -0.894149363 -0.008682258 0.999862254 -0.014146004 -0.052822523 0.133609325 0.015179648 0.990917742 7.086678505
0.990827739 0.008861118 -0.134840429 -0.896312833 -0.011084194 0.999814630 -0.015744919 -0.053164739 0.134675905 0.017095100 0.990742147 7.112476349
0.991014719 0.008361798 -0.133490741 -0.901021779 -0.010985360 0.999760449 -0.018929090 -0.053908020 0.133300468 0.020225454 0.990869284 7.137292385
0.991063535 0.006532562 -0.133230180 -0.904397309 -0.009460203 0.999727190 -0.021353133 -0.054055922 0.133054361 0.022422697 0.990855038 7.162278175
0.990990818 0.003554214 -0.133882359 -0.906961322 -0.006328185 0.999773920 -0.020299641 -0.055098563 0.133779913 0.020963989 0.990789294 7.188280582
0.991270959 -0.002141181 -0.131823152 -0.912016332 -0.000641888 0.999777853 -0.021066042 -0.056242995 0.131838948 0.020966770 0.991049409 7.213488102
0.991197824 -0.006530023 -0.132228464 -0.913871706 0.003536213 0.999732375 -0.022863373 -0.057445832 0.132342383 0.022194538 0.990955591 7.239420891
0.991190493 -0.008991115 -0.132138550 -0.917169154 0.006027753 0.999721646 -0.022809098 -0.057231680 0.132306829 0.021811664 0.990968823 7.264810562
0.991203725 -0.009475436 -0.132005945 -0.920908570 0.006591880 0.999730349 -0.022264052 -0.057129085 0.132181287 0.021198042 0.990998924 7.292092800
