0.999975324 0.002263306 -0.006646510 -0.000643230 -0.002202818 0.999956250 0.009093982 -0.000185872 0.006666803 -0.009079117 0.999936581 0.056003746
0.999962986 0.004323846 -0.007440893 -0.003820831 -0.004250534 0.999942541 0.009840203 -0.000424992 0.007483013 -0.009808212 0.999923885 0.060940728
0.999944627 0.005550669 -0.008941639 -0.007728497 -0.005465169 0.999939382 0.009558305 -0.000638325 0.008994153 -0.009508909 0.999914348 0.070630677
0.999871492 0.005198393 -0.015162824 -0.003467552 -0.005060595 0.999945700 0.009112057 0.000709716 0.015209370 -0.009034155 0.999843478 0.079566233
0.999802291 0.005842771 -0.019002046 -0.003846487 -0.005656511 0.999935567 0.009841169 0.000786770 0.019058319 -0.009731742 0.999770999 0.084801331
0.999743283 0.006255035 -0.021776302 -0.004679563 -0.005998936 0.999912322 0.011806011 0.000677805 0.021848235 -0.011672344 0.999693155 0.088834599
0.999662042 0.007119157 -0.025002977 -0.004409204 -0.006808355 0.999898732 0.012493860 0.001208456 0.025089391 -0.012319408 0.999609232 0.093794659
0.999621809 0.005350796 -0.026972171 -0.005218154 -0.004994617 0.999899685 0.013255506 0.000756640 0.027040394 -0.013115778 0.999548316 0.093836926
0.999521732 0.004415869 -0.030606464 -0.005449763 -0.004040477 0.999915957 0.012316110 0.000791894 0.030658275 -0.012186554 0.999455690 0.097969159
0.999454737 0.003312226 -0.032852724 -0.006822192 -0.002960529 0.999937832 0.010748122 0.001411986 0.032886285 -0.010644999 0.999402523 0.103284441
0.999281764 0.003208751 -0.037755892 -0.006646897 -0.002754954 0.999923348 0.012065131 0.000194651 0.037791703 -0.011952451 0.999214172 0.105123483
0.999078453 0.003545353 -0.042773817 -0.008306531 -0.002965679 0.999903023 0.013607939 -0.000157594 0.042817906 -0.013468544 0.998992145 0.111467697
0.998826742 0.004802207 -0.048187472 -0.008817064 -0.004142355 0.999896407 0.013783949 0.000992209 0.048248678 -0.013568164 0.998743176 0.120063730
0.998562336 0.006512716 -0.053205352 -0.010952385 -0.005712224 0.999868393 0.015183567 0.001261949 0.053297237 -0.014857817 0.998468161 0.128243059
0.998110294 0.008159575 -0.060903426 -0.010792687 -0.007138612 0.999830604 0.016962465 0.000853018 0.061031509 -0.016495643 0.997999549 0.134746119
0.997779429 0.009891442 -0.065866962 -0.013363854 -0.008757707 0.999808908 0.017479084 0.001395708 0.066027269 -0.016863428 0.997675300 0.143232852
0.997347593 0.011056892 -0.071939804 -0.014554128 -0.009818396 0.999797940 0.017546648 0.001368428 0.072119281 -0.016793776 0.997254610 0.153312743
0.996837318 0.012565693 -0.078467563 -0.015681753 -0.011226698 0.999784291 0.017482238 0.001520078 0.078670293 -0.016546018 0.996763468 0.164112642
0.996381164 0.014288898 -0.083787397 -0.018183157 -0.012945183 0.999779046 0.016558636 0.002096782 0.084005482 -0.015414073 0.996345997 0.175108492
0.995960355 0.015529681 -0.088441506 -0.020728918 -0.014224122 0.999780655 0.015373037 0.002950298 0.088660836 -0.014052931 0.995962739 0.187089115
0.995526910 0.015044586 -0.093273081 -0.021971444 -0.013568072 0.999772727 0.016444026 0.001910229 0.093499281 -0.015104934 0.995504737 0.198891163
0.995154858 0.015232092 -0.097133465 -0.023828961 -0.013742077 0.999777734 0.015990485 0.002185758 0.097355448 -0.014578191 0.995142937 0.213415384
0.994750082 0.014309213 -0.101328403 -0.026768025 -0.012669287 0.999778569 0.016809359 0.002026734 0.101546474 -0.015437353 0.994711041 0.228599995
0.994320035 0.012969373 -0.105638266 -0.029456148 -0.011194113 0.999786377 0.017380731 0.002807435 0.105841108 -0.016099481 0.994252801 0.245852217
0.993801057 0.012253382 -0.110495992 -0.031687334 -0.010286690 0.999778807 0.018351303 0.002558101 0.110696420 -0.017100908 0.993707120 0.264241904
0.993220925 0.011272901 -0.115693703 -0.034136150 -0.009305884 0.999803185 0.017528016 0.002785651 0.115868509 -0.016332559 0.993130267 0.284775972
0.992746294 0.011200817 -0.119705342 -0.038275357 -0.009359449 0.999829233 0.015933659 0.002633946 0.119863383 -0.014697707 0.992681623 0.304905862
0.992161036 0.010940638 -0.124486394 -0.041774139 -0.009104819 0.999841332 0.015306560 0.003284266 0.124634117 -0.014053146 0.992103279 0.327674299
0.991477907 0.008291442 -0.130010650 -0.045345325 -0.006468486 0.999874830 0.014437620 0.003794091 0.130114034 -0.013473609 0.991407454 0.350683928
0.990635395 0.005280186 -0.136431754 -0.049069516 -0.003616177 0.999916017 0.012441600 0.004059214 0.136485994 -0.011831729 0.990571260 0.375782788
0.989681065 0.003348017 -0.143248603 -0.052943651 -0.002058969 0.999956071 0.009145969 0.005159017 0.143272907 -0.008756649 0.989644408 0.400761753
0.988832593 0.004746119 -0.148954973 -0.057744723 -0.004236874 0.999984086 0.003735920 0.006288240 0.148970306 -0.003063097 0.988836884 0.426814198
0.987809598 0.006782487 -0.155519202 -0.064023413 -0.006619167 0.999976873 0.001567993 0.006792076 0.155526251 -0.000519471 0.987831652 0.454000324
0.986681044 0.005180282 -0.162584320 -0.069484018 -0.004635825 0.999982357 0.003727963 0.006643796 0.162600726 -0.002924598 0.986687660 0.483835399
0.985658050 0.001535442 -0.168747649 -0.074453756 -0.000499584 0.999980688 0.006180789 0.007194715 0.168753937 -0.006007841 0.985639870 0.513210118
0.984783828 -0.001760640 -0.173775047 -0.081361532 0.003210119 0.999962330 0.008060419 0.007077263 0.173754334 -0.008495608 0.984752476 0.544447422
0.983757079 -0.003108146 -0.179477707 -0.086428203 0.004746688 0.999950886 0.008700770 0.007441179 0.179441810 -0.009411369 0.983723581 0.574864984
0.983249426 -0.005043774 -0.182195067 -0.093852192 0.006587567 0.999947369 0.007869112 0.007682073 0.182145759 -0.008937522 0.983230889 0.606497288
0.982684195 -0.006436600 -0.185176373 -0.099213272 0.007780749 0.999948382 0.006532970 0.008031756 0.185124755 -0.007860657 0.982683599 0.638687611
0.982556999 -0.005347898 -0.185884163 -0.106490634 0.006560136 0.999961019 0.005907005 0.007716609 0.185845286 -0.007023395 0.982553899 0.671677113
0.982736230 -0.003957689 -0.184969857 -0.113425113 0.005156307 0.999968708 0.005999488 0.008066701 0.184940323 -0.006849675 0.982725859 0.704856098
0.983247817 -0.003100736 -0.182247370 -0.119146749 0.004075062 0.999979258 0.004971943 0.008375736 0.182228208 -0.005631322 0.983240068 0.737046957
0.984355867 -0.002792424 -0.176169604 -0.125836134 0.003175963 0.999993145 0.001895179 0.009081237 0.176163107 -0.002425038 0.984358013 0.770507634
0.985285699 0.000696538 -0.170914263 -0.131156906 -0.000561963 0.999999404 0.000835764 0.009262055 0.170914784 -0.000727417 0.985285580 0.805704892
0.986447752 0.001794588 -0.164066032 -0.137838483 -0.001832884 0.999998331 -0.000082038 0.009417593 0.164065644 0.000381640 0.986449361 0.837849915
0.987395108 0.001354227 -0.158269018 -0.142555758 -0.001501258 0.999998510 -0.000809438 0.009746816 0.158267692 0.001036838 0.987395704 0.872671127
0.988469601 -0.003949828 -0.151367888 -0.147430599 0.004024326 0.999991894 0.000185828 0.009095879 0.151365951 -0.000792839 0.988477468 0.907739699
0.989403665 -0.007856496 -0.144978300 -0.152220055 0.008010156 0.999967813 0.000476168 0.009201056 0.144969940 -0.001632421 0.989434659 0.942298234
0.990403533 -0.008353367 -0.137953639 -0.156730831 0.008457091 0.999964237 0.000165729 0.009477419 0.137947351 -0.001330825 0.990438521 0.977119565
0.991331637 -0.005548010 -0.131267160 -0.161861762 0.005601414 0.999984264 0.000037591 0.009238950 0.131264895 -0.000772547 0.991347015 1.012220502
0.992078722 -0.002132500 -0.125599369 -0.167079508 0.002110897 0.999997675 -0.000305090 0.009139009 0.125599757 0.000037547 0.992080927 1.047363758
0.992827177 -0.000958098 -0.119554840 -0.171701074 0.000946078 0.999999464 -0.000157304 0.009289097 0.119554937 0.000043067 0.992827594 1.083039045
0.993430972 -0.001364182 -0.114424013 -0.175614133 0.001410738 0.999998927 0.000325902 0.009299594 0.114423446 -0.000485184 0.993431866 1.119214296
0.993937075 -0.003469454 -0.109895088 -0.179260358 0.003618661 0.999992728 0.001158305 0.008796312 0.109890282 -0.001548955 0.993942618 1.152983904
0.994267523 -0.006981610 -0.106691740 -0.182258561 0.007171468 0.999973297 0.001395936 0.008715773 0.106679134 -0.002153071 0.994291186 1.188270330
0.994686186 -0.010335762 -0.102433242 -0.186229661 0.010580452 0.999942362 0.001845744 0.007936517 0.102408253 -0.002919726 0.994738162 1.222905874
0.994907796 -0.012717394 -0.099983759 -0.189134717 0.012958587 0.999914467 0.001763211 0.009276360 0.099952787 -0.003049880 0.994987488 1.258870602
0.995131850 -0.012764661 -0.097721972 -0.192624137 0.012940476 0.999915600 0.001165516 0.009630534 0.097698852 -0.002424411 0.995213032 1.293941379
0.995513439 -0.010522917 -0.094033152 -0.195977703 0.010668371 0.999942541 0.001044244 0.008681044 0.094016753 -0.002042739 0.995568573 1.327441692
0.995864511 -0.007293195 -0.090557747 -0.199576616 0.007281666 0.999973357 -0.000457703 0.008429397 0.090558663 -0.000203601 0.995891094 1.358825445
0.996191144 -0.006330239 -0.086966239 -0.202212632 0.006253826 0.999979734 -0.001151098 0.007949983 0.086971752 0.000602842 0.996210575 1.389290333
0.996632576 -0.006582630 -0.081733271 -0.204524085 0.006437309 0.999977112 -0.002041383 0.007867444 0.081744835 0.001508367 0.996652186 1.418401003
0.997028947 -0.009000547 -0.076500401 -0.205861807 0.008797527 0.999956787 -0.002990432 0.007533174 0.076524019 0.002308533 0.997065127 1.445641637
0.997363448 -0.011271745 -0.071686827 -0.207959265 0.011000467 0.999930859 -0.004177923 0.007951722 0.071728945 0.003378320 0.997418463 1.470577002
0.997630298 -0.013615284 -0.067441493 -0.209470898 0.013258613 0.999895692 -0.005733388 0.007931964 0.067512512 0.004825622 0.997706711 1.494520783
0.997885585 -0.014332875 -0.063395560 -0.210402817 0.013903752 0.999877393 -0.007204981 0.007780619 0.063491061 0.006308311 0.997962534 1.515941024
0.998175263 -0.011931024 -0.059192069 -0.212145418 0.011465093 0.999900579 -0.008204903 0.007633627 0.059284076 0.007511289 0.998212874 1.536115050
0.998331487 -0.010510273 -0.056777317 -0.213073790 0.010032572 0.999911904 -0.008692077 0.007204959 0.056863673 0.008107950 0.998349011 1.554707289
0.998493493 -0.011632258 -0.053624395 -0.213834494 0.011166994 0.999897480 -0.008967780 0.006746097 0.053723216 0.008355443 0.998520911 1.570868373
0.998641372 -0.011816865 -0.050753545 -0.214395985 0.011360896 0.999892592 -0.009263092 0.006677072 0.050857559 0.008673900 0.998668253 1.584755659
0.998776019 -0.010877982 -0.048249524 -0.215393573 0.010463193 0.999906182 -0.008840935 0.006531382 0.048341170 0.008325269 0.998796165 1.596493840
0.998864532 -0.008446437 -0.046886425 -0.216025218 0.008030996 0.999926865 -0.009041945 0.006119499 0.046959359 0.008655132 0.998859286 1.605817676
0.998912632 -0.007817542 -0.045961339 -0.216146007 0.007308200 0.999910116 -0.011239590 0.006107850 0.046045065 0.010891474 0.998880029 1.614203572
0.998991847 -0.008267255 -0.044126011 -0.216846943 0.007641485 0.999868095 -0.014331307 0.006362528 0.044238668 0.013979668 0.998923182 1.621970773
0.999011874 -0.009632009 -0.043386705 -0.217419907 0.008929715 0.999826372 -0.016351681 0.005944718 0.043536671 0.015948091 0.998924553 1.630156994
0.999001801 -0.010379862 -0.043444462 -0.217124984 0.009644441 0.999807239 -0.017103307 0.005538007 0.043613605 0.016667238 0.998909414 1.638491631
0.998971581 -0.010944418 -0.043998644 -0.217398539 0.010203025 0.999802768 -0.017039726 0.005222375 0.044176448 0.016573282 0.998886228 1.647249818
0.998928666 -0.010299822 -0.045115277 -0.218462586 0.009519547 0.999802053 -0.017475940 0.005484439 0.045286331 0.017027739 0.998828888 1.656367660
0.998851955 -0.009540807 -0.046943329 -0.219981357 0.008721950 0.999806762 -0.017617488 0.005258510 0.047102347 0.017187824 0.998742104 1.665257335
0.998671174 -0.009723649 -0.050607961 -0.220872432 0.008847068 0.999807537 -0.017516270 0.004982159 0.050768539 0.017045261 0.998564839 1.675061345
0.998399019 -0.009847055 -0.055699244 -0.221417591 0.008870792 0.999803245 -0.017747600 0.004969733 0.055863049 0.017225087 0.998289704 1.684635997
0.998099267 -0.010415216 -0.060740732 -0.222281516 0.009324958 0.999790967 -0.018205313 0.005046358 0.060917638 0.017604299 0.997987509 1.694462538
0.997789145 -0.011053824 -0.065533742 -0.224338010 0.009890591 0.999788344 -0.018048061 0.004421355 0.065719366 0.017359989 0.997687042 1.704319954
0.997436881 -0.010221682 -0.070817947 -0.226134121 0.008944825 0.999792218 -0.018323863 0.004743580 0.070990533 0.017643441 0.997320771 1.714552760
0.996989846 -0.010052320 -0.076878257 -0.227197811 0.008649470 0.999790490 -0.018558932 0.004316449 0.077048704 0.017838107 0.996867657 1.725553036
0.996502459 -0.010370644 -0.082917377 -0.229331225 0.008779763 0.999770761 -0.019527996 0.004399978 0.083100900 0.018731702 0.996365070 1.737563729
0.995938063 -0.010889285 -0.089380421 -0.231693596 0.009132312 0.999757409 -0.020042732 0.003633909 0.089576989 0.019145072 0.995795906 1.749917984
0.995278060 -0.011024085 -0.096435763 -0.233609796 0.009067462 0.999744534 -0.020704167 0.003843755 0.096639365 0.019731980 0.995123923 1.763437629
0.994544923 -0.010875752 -0.103740416 -0.236189395 0.008776898 0.999747872 -0.020666879 0.003359865 0.103939027 0.019643623 0.994389653 1.777984262
0.993684709 -0.009998642 -0.111761756 -0.239313051 0.007668886 0.999744594 -0.021256246 0.003256571 0.111945733 0.020264916 0.993507683 1.793074369
0.992726982 -0.009982226 -0.119972758 -0.242978394 0.007465555 0.999742866 -0.021408219 0.002730835 0.120155603 0.020356849 0.992546380 1.809738636
0.991671324 -0.010305999 -0.128381610 -0.246033370 0.007664934 0.999749005 -0.021049103 0.002022307 0.128566310 0.019889753 0.991501391 1.826951981
0.990551770 -0.010359779 -0.136747524 -0.249509528 0.007639215 0.999762654 -0.020404622 0.002012141 0.136926442 0.019167187 0.990395844 1.845741510
0.989419699 -0.009991455 -0.144736663 -0.253448844 0.007199840 0.999778092 -0.019798523 0.002236243 0.144902378 0.018546969 0.989272058 1.865927339
0.988297403 -0.009472022 -0.152244687 -0.257656157 0.006676510 0.999799848 -0.018862715 0.001988053 0.152392894 0.017625507 0.988162816 1.886352777
0.987243712 -0.010114343 -0.158895046 -0.262221396 0.007360005 0.999812484 -0.017913258 0.001343653 0.159046426 0.016515277 0.987132907 1.908421636
0.986194789 -0.009820261 -0.165297568 -0.266910523 0.007003577 0.999820411 -0.017614314 0.001033526 0.165440857 0.016213469 0.986086369 1.931004524
0.985166848 -0.009198172 -0.171352118 -0.271995127 0.006269576 0.999825001 -0.017624421 0.000684224 0.171484292 0.016288692 0.985052168 1.955439568
0.984334230 -0.007872039 -0.176136777 -0.277631432 0.004765859 0.999825716 -0.018051144 0.000955813 0.176248178 0.016928919 0.984200180 1.980662346
0.983797848 -0.008052936 -0.179100350 -0.282718331 0.004803467 0.999816000 -0.018569557 0.000769775 0.179216936 0.017408388 0.983655572 2.007069111
0.983661771 -0.006833606 -0.179896846 -0.289080650 0.003617423 0.999827743 -0.018199923 0.000154730 0.179990262 0.017251801 0.983517110 2.035330534
0.983824551 -0.005984989 -0.179034963 -0.294477016 0.002833781 0.999836624 -0.017851643 -0.000601724 0.179112554 0.017055539 0.983680725 2.063784838
0.984160781 -0.006605973 -0.177155182 -0.300892889 0.003306899 0.999815822 -0.018911297 -0.001165412 0.177247465 0.018025922 0.984001338 2.094580173
0.984371185 -0.008199223 -0.175915241 -0.306520164 0.004759762 0.999789357 -0.019964866 -0.001964912 0.176041901 0.018815521 0.984202802 2.127261400
0.984648108 -0.009406224 -0.174297765 -0.313259214 0.005795912 0.999758244 -0.021210924 -0.001526918 0.174455151 0.019875083 0.984464526 2.160174847
0.984650135 -0.009102185 -0.174302220 -0.318035662 0.005779070 0.999791980 -0.019563312 -0.002406757 0.174444005 0.018255714 0.984497845 2.196182966
0.984967113 -0.008117696 -0.172551051 -0.325519562 0.005256277 0.999841094 -0.017033491 -0.001848325 0.172661915 0.015870456 0.984853268 2.231665850
0.985067785 -0.007250381 -0.172014311 -0.332939386 0.004985251 0.999895096 -0.013596608 -0.002450630 0.172094867 0.012536044 0.985000551 2.269762278
0.985226750 -0.006428661 -0.171134546 -0.339498848 0.004902156 0.999944389 -0.009341009 -0.003081042 0.171185091 0.008364085 0.985203266 2.307012320
0.985502481 -0.005789728 -0.169562683 -0.347105831 0.004908246 0.999972105 -0.005617274 -0.003142427 0.169590473 0.004703582 0.985503376 2.346273661
0.985657036 -0.005983559 -0.168654725 -0.353401005 0.005596167 0.999980509 -0.002772180 -0.003766627 0.168668017 0.001788600 0.985671222 2.385369539
0.985852122 -0.006142701 -0.167505205 -0.361312032 0.006044325 0.999981105 -0.001097136 -0.004602309 0.167508811 0.000069157 0.985870540 2.425075769
0.986080945 -0.005688630 -0.166168720 -0.368633986 0.005454126 0.999983370 -0.001867527 -0.004480549 0.166176572 0.000935228 0.986095548 2.463745117
0.986266196 -0.005197027 -0.165081665 -0.376039326 0.004725167 0.999983490 -0.003250932 -0.004313895 0.165095866 0.002426246 0.986274481 2.502982378
0.986416161 -0.006783233 -0.164125592 -0.383765042 0.006117480 0.999970853 -0.004561465 -0.003628033 0.164151743 0.003495468 0.986428857 2.543205976
0.986653149 -0.006393082 -0.162710547 -0.389774561 0.005682501 0.999972165 -0.004832177 -0.005190021 0.162736923 0.003843080 0.986661971 2.581363678
0.986890972 -0.006840036 -0.161243245 -0.396071553 0.005911978 0.999963224 -0.006234707 -0.003939942 0.161279932 0.005199710 0.986895025 2.619719267
0.987062931 -0.006764106 -0.160189912 -0.402580082 0.005835293 0.999963343 -0.006267905 -0.004595743 0.160226420 0.005252062 0.987066329 2.660954237
0.987547815 -0.005833535 -0.157211035 -0.409002483 0.004902682 0.999968112 -0.006308186 -0.004772275 0.157242820 0.005458879 0.987544894 2.701495409
0.988090515 -0.006416866 -0.153739199 -0.415644705 0.005798187 0.999973238 -0.004472239 -0.005312839 0.153763756 0.003527569 0.988101423 2.741893053
0.988501132 -0.007441245 -0.151030242 -0.421852946 0.006805239 0.999965608 -0.004727543 -0.004652292 0.151060224 0.003645385 0.988517880 2.781333447
0.988989472 -0.007998161 -0.147769749 -0.429171443 0.007377756 0.999961436 -0.004746108 -0.004954081 0.147802040 0.003603641 0.989010334 2.822144508
0.989387274 -0.007757361 -0.145095348 -0.433165550 0.007068205 0.999961078 -0.005264584 -0.004857904 0.145130545 0.004183149 0.989403665 2.860836744
0.989936888 -0.006835389 -0.141344249 -0.441815495 0.005985100 0.999961317 -0.006439976 -0.004794599 0.141382828 0.005529210 0.989939451 2.902498007
0.990281641 -0.006535397 -0.138922721 -0.445686400 0.005641716 0.999960661 -0.006825763 -0.005414247 0.138961881 0.005975666 0.990279734 2.941561222
0.990894258 -0.006038059 -0.134507105 -0.453246504 0.005155805 0.999962866 -0.006906523 -0.005663986 0.134543747 0.006150142 0.990888536 2.980344772
0.991402805 -0.006701598 -0.130674005 -0.458927810 0.005689132 0.999950886 -0.008119799 -0.005381288 0.130722001 0.007306570 0.991392136 3.019741535
0.991901696 -0.006189498 -0.126858011 -0.464589506 0.004978217 0.999938965 -0.009863136 -0.006454989 0.126911297 0.009151734 0.991871893 3.059394836
0.992463470 -0.005879229 -0.122399099 -0.469912261 0.004534161 0.999926269 -0.011264826 -0.006909616 0.122456267 0.010624951 0.992416978 3.097409725
0.993063748 -0.005185266 -0.117463909 -0.476198286 0.003843897 0.999924839 -0.011643089 -0.007716089 0.117515430 0.011110808 0.993008912 3.136477709
0.993389428 -0.006526185 -0.114607200 -0.478204787 0.005229482 0.999918878 -0.011611347 -0.008105585 0.114673696 0.010935253 0.993342936 3.173487902
0.993870258 -0.006752092 -0.110346265 -0.482563615 0.005337976 0.999899864 -0.013105642 -0.007817294 0.110423714 0.012436284 0.993806720 3.210861444
0.994290650 -0.004682539 -0.106603473 -0.486959636 0.003250402 0.999902189 -0.013604030 -0.008890659 0.106656753 0.013179854 0.994208515 3.247980118
0.994619370 -0.003263847 -0.103545755 -0.492085397 0.001856263 0.999904573 -0.013687286 -0.010072958 0.103580549 0.013421432 0.994530439 3.285943747
0.994825423 -0.005335406 -0.101460151 -0.495468974 0.004101123 0.999915063 -0.012369908 -0.010013606 0.101517551 0.011889797 0.994762719 3.323992252
0.995007098 -0.006970854 -0.099560380 -0.498686641 0.005788093 0.999909282 -0.012163755 -0.009732816 0.099636152 0.011526755 0.994957149 3.363056898
0.995288134 -0.006934093 -0.096714064 -0.503587842 0.005750602 0.999905169 -0.012510388 -0.010490797 0.096791647 0.011895275 0.995233536 3.399703979
0.995445788 -0.007086866 -0.095065936 -0.507535577 0.005935576 0.999905646 -0.012387757 -0.011442717 0.095144756 0.011767068 0.995393932 3.438900232
0.995713115 -0.004050549 -0.092406616 -0.512758434 0.002905625 0.999917388 -0.012521230 -0.012251861 0.092449702 0.012199054 0.995642602 3.475959063
0.995869756 -0.000221900 -0.090793900 -0.516637206 -0.000990393 0.999910951 -0.013306851 -0.013293862 0.090788782 0.013341812 0.995780766 3.514740705
0.996048510 0.003217560 -0.088752173 -0.521644354 -0.004586508 0.999873579 -0.015224753 -0.013667900 0.088691965 0.015571657 0.995937347 3.553626537
0.996273041 0.002690419 -0.086213388 -0.526014328 -0.004228346 0.999835074 -0.017660957 -0.013608936 0.086151674 0.017959679 0.996120036 3.591967821
0.996317267 0.003810338 -0.085658655 -0.529846430 -0.005502197 0.999794245 -0.019523781 -0.014779985 0.085566618 0.019923190 0.996133208 3.629787207
0.996328652 0.000162235 -0.085610300 -0.532694340 -0.001882612 0.999797881 -0.020015091 -0.014867973 0.085589737 0.020102778 0.996127605 3.669389725
0.996364713 -0.000540096 -0.085188352 -0.536504149 -0.000893804 0.999858618 -0.016793068 -0.014777880 0.085185364 0.016808163 0.996223330 3.709973574
0.996490598 -0.001722646 -0.083687626 -0.541559935 0.000864174 0.999946594 -0.010293185 -0.016159255 0.083700903 0.010184739 0.996438861 3.749936104
0.996518075 -0.001194761 -0.083367854 -0.544537306 0.000829131 0.999989867 -0.004420228 -0.016038662 0.083372280 0.004335715 0.996509135 3.789354086
0.996521890 0.000162776 -0.083331533 -0.548499823 -0.000197670 0.999999821 -0.000410479 -0.016597982 0.083331458 0.000425523 0.996521711 3.828747511
0.996559978 0.002262000 -0.082844086 -0.552653909 -0.002116655 0.999996006 0.001842219 -0.017453721 0.082847930 -0.001660529 0.996560812 3.868059635
0.996629417 0.004125533 -0.081931464 -0.556563199 -0.003745905 0.999981523 0.004786654 -0.017997574 0.081949703 -0.004463613 0.996626496 3.907999754
0.996730745 0.002687387 -0.080749989 -0.560207844 -0.002187287 0.999977827 0.006281004 -0.018215690 0.080765083 -0.006083846 0.996714592 3.947091818
0.996813059 -0.000451907 -0.079771586 -0.563496947 0.000907102 0.999983490 0.005670093 -0.017736327 0.079767697 -0.005724384 0.996797025 3.986220360
0.996911824 -0.005215846 -0.078355953 -0.566630602 0.005515470 0.999978304 0.003607954 -0.017383019 0.078335427 -0.004028982 0.996918857 4.023820400
0.997029781 -0.007085080 -0.076691642 -0.569726706 0.007213269 0.999973059 0.001394600 -0.017211430 0.076679707 -0.001943655 0.997053862 4.061476707
0.997241616 -0.008637741 -0.073720321 -0.573108792 0.008736769 0.999961317 0.001020900 -0.017306242 0.073708653 -0.001662161 0.997278452 4.100020409
0.997463346 -0.005707441 -0.070952371 -0.576442540 0.005889385 0.999979854 0.002355384 -0.017310277 0.070937522 -0.002767274 0.997476876 4.137534618
0.997635782 -0.004114484 -0.068599783 -0.579425216 0.004292557 0.999987841 0.002448622 -0.017599389 0.068588883 -0.002737301 0.997641265 4.175693035
0.997820735 -0.004292362 -0.065843806 -0.582074404 0.004330927 0.999990523 0.000442968 -0.017194076 0.065841287 -0.000727167 0.997829854 4.213004112
0.998041809 -0.007176501 -0.062136985 -0.584952712 0.007135590 0.999974072 -0.000880298 -0.016968520 0.062141705 0.000435190 0.998067200 4.249947548
0.998183429 -0.008283793 -0.059674125 -0.586471617 0.008201993 0.999965072 -0.001615578 -0.016490404 0.059685420 0.001123196 0.998216569 4.287293434
0.998365283 -0.007956871 -0.056599110 -0.588986099 0.007864544 0.999967337 -0.001853789 -0.016450226 0.056612015 0.001405632 0.998395383 4.325039864
0.998538673 -0.007538118 -0.053513166 -0.592221558 0.007431808 0.999969959 -0.002185312 -0.017118407 0.053528029 0.001784419 0.998564720 4.360278606
0.998733342 -0.008489455 -0.049594883 -0.595076323 0.008330413 0.999959469 -0.003412638 -0.017087802 0.049621843 0.002995169 0.998763561 4.396306992
0.998854876 -0.009331490 -0.046923161 -0.596232653 0.009151661 0.999949992 -0.004045801 -0.017832609 0.046958569 0.003611744 0.998890400 4.434151173
0.998985648 -0.008700246 -0.044184141 -0.598277211 0.008461939 0.999948621 -0.005577707 -0.017582122 0.044230398 0.005198165 0.999007761 4.468482971
0.999069393 -0.008370185 -0.042312074 -0.600214422 0.008096844 0.999945223 -0.006627416 -0.018288489 0.042365238 0.006278654 0.999082446 4.503595352
0.999139607 -0.007905420 -0.040715739 -0.602344871 0.007590689 0.999940276 -0.007878804 -0.018763339 0.040775590 0.007562964 0.999139726 4.539067745
0.999150217 -0.007379620 -0.040551946 -0.604063511 0.007004151 0.999931395 -0.009393272 -0.019037114 0.040618483 0.009101258 0.999133289 4.574246407
0.999183595 -0.008184550 -0.039561618 -0.606994331 0.007749505 0.999907911 -0.011137538 -0.019469053 0.039649133 0.010821862 0.999155045 4.608757019
0.999179184 -0.008690083 -0.039564960 -0.607394874 0.008208984 0.999890566 -0.012305997 -0.019365009 0.039667569 0.011971109 0.999141216 4.644342899
0.999179959 -0.009836122 -0.039276466 -0.608906627 0.009372601 0.999884427 -0.011968274 -0.019541118 0.039389648 0.011590339 0.999156654 4.679076195
0.999205887 -0.010450308 -0.038447652 -0.610547423 0.010026294 0.999886930 -0.011204669 -0.019823518 0.038560387 0.010810289 0.999197781 4.713070393
0.999233127 -0.009958527 -0.037869379 -0.612854540 0.009572006 0.999900341 -0.010374319 -0.020827699 0.037968919 0.010003878 0.999228835 4.746496201
0.999221861 -0.008749058 -0.038459431 -0.614489138 0.008349441 0.999909580 -0.010538973 -0.021080447 0.038548157 0.010209658 0.999204516 4.779818535
0.999193609 -0.007521309 -0.039440103 -0.616267562 0.007116548 0.999920607 -0.010393029 -0.021664610 0.039515149 0.010103973 0.999167919 4.812113762
0.999171734 -0.007131724 -0.040061936 -0.618224680 0.006707386 0.999920070 -0.010716518 -0.021984635 0.040135164 0.010438932 0.999139726 4.843986034
0.999124527 -0.007906799 -0.041084576 -0.619411826 0.007456361 0.999910474 -0.011105380 -0.022757757 0.041168712 0.010789313 0.999093950 4.874590874
0.999081075 -0.008484199 -0.042013615 -0.621059716 0.007995340 0.999898434 -0.011790120 -0.023417044 0.042109385 0.011443369 0.999047518 4.905104637
0.999030292 -0.008793788 -0.043142065 -0.622666836 0.008200797 0.999869704 -0.013902850 -0.023646012 0.043258701 0.013535568 0.998972237 4.935669899
0.998948514 -0.009884165 -0.044767197 -0.625035405 0.009187408 0.999833763 -0.015743114 -0.023945954 0.044915378 0.015315267 0.998873413 4.964603901
0.998850763 -0.009650050 -0.046946820 -0.626737356 0.008875538 0.999821544 -0.016678218 -0.024666753 0.047099389 0.016242374 0.998758197 4.993745327
0.998745084 -0.010240629 -0.049023330 -0.628563225 0.009429015 0.999815106 -0.016758386 -0.025114611 0.049185876 0.016275113 0.998657048 5.023214817
0.998636901 -0.009756241 -0.051273659 -0.630487144 0.008909703 0.999820650 -0.016712876 -0.025804397 0.051427513 0.016233264 0.998544812 5.052555084
0.998587012 -0.008394501 -0.052472815 -0.632963002 0.007525678 0.999831676 -0.016733270 -0.025997031 0.052604452 0.016314734 0.998482168 5.079681873
0.998496711 -0.007246758 -0.054328833 -0.634444475 0.006335054 0.999836564 -0.016934654 -0.026457448 0.054442681 0.016565025 0.998379529 5.107898235
0.998438835 -0.007408198 -0.055364694 -0.637015164 0.006492406 0.999839425 -0.016702700 -0.027488478 0.055479549 0.016317172 0.998326480 5.135415554
0.998362660 -0.006556653 -0.056824449 -0.639170408 0.005663163 0.999858081 -0.015870484 -0.027691554 0.056920439 0.015522692 0.998257995 5.162599087
0.998280942 -0.006351868 -0.058265299 -0.640596330 0.005514427 0.999879360 -0.014522442 -0.027952794 0.058350503 0.014176176 0.998195529 5.189516544
0.998200059 -0.007672447 -0.059479162 -0.643227518 0.006965002 0.999902606 -0.012092187 -0.028998625 0.059566151 0.011656148 0.998156250 5.215967655
0.998052537 -0.008887595 -0.061741542 -0.645480931 0.008266639 0.999912679 -0.010305510 -0.029367719 0.061827742 0.009775045 0.998038948 5.241584778
0.997830570 -0.009856160 -0.065092318 -0.647054195 0.009257028 0.999912083 -0.009499550 -0.029622398 0.065180220 0.008876380 0.997834027 5.267633438
0.997574389 -0.010270567 -0.068846673 -0.649616241 0.009700258 0.999915838 -0.008612929 -0.030109754 0.068929344 0.007924203 0.997590065 5.294668198
0.997302234 -0.009347888 -0.072807372 -0.652675390 0.008843597 0.999934673 -0.007245642 -0.030984189 0.072870329 0.006582215 0.997319698 5.320183277
0.996984303 -0.007928601 -0.077197984 -0.655477226 0.007474142 0.999952972 -0.006174082 -0.031356562 0.077243306 0.005578471 0.996996760 5.345528126
0.996600866 -0.007646251 -0.082025290 -0.657626450 0.007272417 0.999961793 -0.004855336 -0.031594574 0.082059272 0.004242310 0.996618450 5.371486664
0.996229589 -0.007951406 -0.086390845 -0.660176039 0.007647683 0.999963403 -0.003846079 -0.031237228 0.086418264 0.003170888 0.996253908 5.397288799
0.995895267 -0.007867259 -0.090170696 -0.663877487 0.007628244 0.999966502 -0.002995006 -0.032096900 0.090191215 0.002294869 0.995921910 5.422942162
0.995508969 -0.008300105 -0.094302692 -0.666020989 0.008000993 0.999961674 -0.003549483 -0.031935286 0.094328545 0.002779027 0.995537162 5.446755409
0.995180964 -0.008194770 -0.097711697 -0.670064151 0.007789087 0.999959350 -0.004532553 -0.031660382 0.097744882 0.003749626 0.995204389 5.471484661
0.994821370 -0.008394225 -0.101291455 -0.673149168 0.007988151 0.999958396 -0.004413894 -0.032452296 0.101324290 0.003581905 0.994847000 5.496512890
0.994470000 -0.007416333 -0.104758024 -0.676421404 0.006940311 0.999963820 -0.004907808 -0.032177236 0.104790628 0.004153615 0.994485557 5.521923065
0.994168997 -0.007536668 -0.107569568 -0.679248035 0.007080889 0.999964178 -0.004618396 -0.032264195 0.107600547 0.003829778 0.994186819 5.545928955
0.993960142 -0.007635518 -0.109476283 -0.682221889 0.007208487 0.999964774 -0.004295916 -0.032636113 0.109505236 0.003480811 0.993980110 5.571068764
0.993826687 -0.008066334 -0.110650197 -0.684952259 0.007725693 0.999963939 -0.003506935 -0.033241026 0.110674508 0.002630437 0.993853211 5.595367908
0.993793964 -0.008249257 -0.110930279 -0.687930226 0.007900001 0.999962330 -0.003587599 -0.032658406 0.110955708 0.002688984 0.993821681 5.620039940
0.993778586 -0.009083596 -0.111003526 -0.690775633 0.008731750 0.999955177 -0.003655406 -0.032653205 0.111031741 0.002663408 0.993813336 5.643950939
0.993760467 -0.009841818 -0.111099824 -0.694052815 0.009513306 0.999948680 -0.003486620 -0.032733470 0.111128435 0.002407939 0.993803144 5.668808460
0.993575931 -0.011374048 -0.112594262 -0.697122574 0.011159581 0.999934435 -0.002534894 -0.033265386 0.112615705 0.001262105 0.993637800 5.693987370
0.993327618 -0.011570781 -0.114743896 -0.699369967 0.011424810 0.999932826 -0.001929733 -0.033279795 0.114758521 0.000605930 0.993393242 5.718261242
0.993027449 -0.011101297 -0.117359377 -0.703047037 0.010940239 0.999938011 -0.002016483 -0.033538483 0.117374502 0.000718484 0.993087411 5.743427277
0.992726505 -0.010693917 -0.119914986 -0.706822574 0.010516243 0.999942482 -0.002114399 -0.034127332 0.119930692 0.000837966 0.992781997 5.767742634
0.992499769 -0.010003149 -0.121836782 -0.711021900 0.009743380 0.999948800 -0.002727703 -0.033543050 0.121857829 0.001520142 0.992546380 5.791006565
0.992266774 -0.009599503 -0.123751804 -0.714791894 0.009345851 0.999952853 -0.002630056 -0.033746429 0.123771220 0.001453151 0.992309630 5.814395905
0.991950274 -0.009284695 -0.126286522 -0.718640745 0.008967272 0.999955058 -0.003081791 -0.033719990 0.126309440 0.001924538 0.991988957 5.838714600
0.991590142 -0.008905964 -0.129111394 -0.722084343 0.008711219 0.999959886 -0.002073008 -0.034450289 0.129124701 0.000930857 0.991627812 5.864034176
0.991340518 -0.009009168 -0.131007031 -0.725476682 0.008799281 0.999958932 -0.002180919 -0.034434892 0.131021291 0.001009266 0.991379142 5.886933327
0.991100371 -0.010906517 -0.132669136 -0.728722215 0.010629613 0.999939620 -0.002795270 -0.034749813 0.132691622 0.001360171 0.991156399 5.910863876
0.991032302 -0.011423007 -0.133133829 -0.732669950 0.011063223 0.999933004 -0.003441883 -0.034967922 0.133164197 0.001938128 0.991092026 5.933912277
0.990864992 -0.011655668 -0.134352803 -0.735985756 0.011200393 0.999928713 -0.004144016 -0.035308953 0.134391531 0.002601357 0.990924895 5.958601475
0.990768254 -0.012232115 -0.135013178 -0.739861012 0.011740533 0.999921262 -0.004436630 -0.035223782 0.135056809 0.002810545 0.990833879 5.981183529
0.990779281 -0.011657564 -0.134983882 -0.743409872 0.011185940 0.999928415 -0.004251854 -0.035182305 0.135023803 0.002702726 0.990838706 6.005394936
0.990917027 -0.011331400 -0.133995861 -0.746540308 0.010907048 0.999932885 -0.003900561 -0.035085753 0.134031072 0.002403633 0.990974188 6.029293060
0.991035819 -0.011902156 -0.133064583 -0.749650717 0.011519303 0.999927044 -0.003646685 -0.035262447 0.133098274 0.002081184 0.991100609 6.053427696
0.991264582 -0.011834450 -0.131356329 -0.752885222 0.011608304 0.999929547 -0.002487232 -0.036093868 0.131376505 0.000940680 0.991332114 6.076551914
0.991592705 -0.009876824 -0.129020944 -0.756278753 0.009608732 0.999950230 -0.002700218 -0.036461048 0.129041210 0.001437788 0.991638243 6.100132942
0.991940260 -0.009770773 -0.126329437 -0.759510756 0.009324611 0.999948084 -0.004122616 -0.036381148 0.126363158 0.002911415 0.991979778 6.123815536
0.992378592 -0.010030842 -0.122817688 -0.762124002 0.009442857 0.999941051 -0.005368622 -0.036576308 0.122864291 0.004167955 0.992414773 6.147734165
0.992854774 -0.011279739 -0.118794717 -0.765115976 0.010586845 0.999923050 -0.006462169 -0.036942665 0.118858464 0.005158335 0.992897809 6.171244621
0.993344724 -0.010865310 -0.114665985 -0.768204629 0.010102752 0.999922752 -0.007229315 -0.037516963 0.114735670 0.006022759 0.993377864 6.194968700
0.993822038 -0.010284793 -0.110508479 -0.770760298 0.009358712 0.999916553 -0.008895610 -0.037310824 0.110590756 0.007806435 0.993835330 6.217819691
0.994227290 -0.010371531 -0.106792890 -0.773464561 0.009344420 0.999905169 -0.010113702 -0.038003404 0.106887668 0.009057400 0.994229853 6.242533684
0.994607091 -0.010217276 -0.103209406 -0.775994182 0.009090901 0.999893904 -0.011378022 -0.038232688 0.103314698 0.010378397 0.994594574 6.265371323
0.994822860 -0.011603100 -0.100958511 -0.777864277 0.010356084 0.999863565 -0.012867140 -0.038396452 0.101094022 0.011754992 0.994807363 6.287592888
0.995010555 -0.012512893 -0.098981321 -0.781061411 0.011108132 0.999829769 -0.014730617 -0.038136248 0.099148780 0.013557624 0.994980216 6.311838150
0.995055616 -0.012815454 -0.098488688 -0.783230305 0.011290767 0.999807835 -0.016022671 -0.038903534 0.098675102 0.014831438 0.995009184 6.335506916
0.995003223 -0.012250958 -0.099088192 -0.786010146 0.010603688 0.999797106 -0.017133886 -0.038795181 0.099277966 0.015997574 0.994931161 6.361228943
0.994875431 -0.011668704 -0.100431956 -0.788503647 0.009892092 0.999785960 -0.018169601 -0.039208837 0.100622468 0.017083008 0.994778037 6.385223866
0.994651854 -0.011330915 -0.102661222 -0.790819466 0.009480263 0.999784052 -0.018496808 -0.039918862 0.102848634 0.017424634 0.994544446 6.409201145
0.994471788 -0.011353677 -0.104388848 -0.794834018 0.009632358 0.999809504 -0.016978884 -0.040756382 0.104561739 0.015879510 0.994391680 6.433375359
0.994149089 -0.013296942 -0.107195072 -0.798204243 0.011649972 0.999804556 -0.015975857 -0.040284783 0.107386544 0.014633565 0.994109690 6.457209587
0.993613124 -0.015142943 -0.111819558 -0.801114380 0.013446740 0.999783039 -0.015907777 -0.041319706 0.112036191 0.014302568 0.993601203 6.481609344
0.992978811 -0.015372009 -0.117289804 -0.804686427 0.013544915 0.999774516 -0.016358884 -0.042269804 0.117514826 0.014655345 0.992962956 6.505319118
0.992429197 -0.012408886 -0.122189738 -0.809775233 0.010467549 0.999808788 -0.016517049 -0.043230876 0.122371338 0.015112977 0.992369294 6.529084682
0.991728544 -0.010700830 -0.127906129 -0.812092185 0.008504566 0.999807119 -0.017704751 -0.042808175 0.128070891 0.016470520 0.991628289 6.552524567
0.991248846 -0.008226841 -0.131750226 -0.817673624 0.005868710 0.999815762 -0.018276798 -0.043302447 0.131876320 0.017343652 0.991114378 6.575793743
0.990717173 -0.004198811 -0.135874227 -0.821568370 0.001600100 0.999813795 -0.019229416 -0.043582395 0.135929674 0.018833501 0.990539432 6.601148129
0.990413010 -0.000725170 -0.138136014 -0.826750278 -0.001962866 0.999811351 -0.019322123 -0.044020712 0.138123959 0.019408030 0.990224659 6.624322891
0.990116596 0.000109526 -0.140246913 -0.830253899 -0.002656806 0.999834895 -0.017975723 -0.044747479 0.140221789 0.018170668 0.989953399 6.648244858
0.990052104 -0.001950082 -0.140687183 -0.833770633 -0.000608002 0.999835312 -0.018137498 -0.045034528 0.140699387 0.018042611 0.989887953 6.671809196
0.990040720 -0.006148392 -0.140647322 -0.837621510 0.003585789 0.999823034 -0.018466240 -0.045501120 0.140735969 0.017777994 0.989887476 6.695940971
0.989975214 -0.008412371 -0.140990511 -0.839827538 0.005779296 0.999801278 -0.019074621 -0.045034550 0.141122967 0.018068573 0.989827156 6.721702576
0.990166664 -0.007182552 -0.139708668 -0.844457030 0.004779956 0.999835014 -0.017525133 -0.045568883 0.139811486 0.016685000 0.990037560 6.745007038
0.990269005 -0.004607563 -0.139089897 -0.848511159 0.002438361 0.999872804 -0.015762057 -0.045816444 0.139144808 0.015269525 0.990154266 6.769905090
0.990343511 -0.004245884 -0.138570324 -0.852037013 0.002062562 0.999871433 -0.015895857 -0.046864901 0.138620019 0.015456548 0.990225017 6.794170380
0.990380347 -0.005912297 -0.138245180 -0.855288506 0.003634088 0.999853492 -0.016726088 -0.047240108 0.138323799 0.016062794 0.990256846 6.817924023
0.990545094 -0.006796948 -0.137019157 -0.858693779 0.004592286 0.999854863 -0.016399875 -0.047669694 0.137110740 0.015615582 0.990432560 6.843359470
0.990723670 -0.003650082 -0.135842696 -0.863012671 0.001735270 0.999897480 -0.014211555 -0.048777115 0.135880619 0.013843998 0.990628481 6.867617607
0.990750909 -0.000056154 -0.135693192 -0.867304683 -0.001793002 0.999907136 -0.013505219 -0.048687782 0.135681346 0.013623606 0.990658879 6.892677784
0.990741611 0.000854527 -0.135758147 -0.870754004 -0.002519000 0.999923706 -0.012089271 -0.048920080 0.135737464 0.012319317 0.990668237 6.917670727
0.990841687 0.002068915 -0.135013565 -0.874956310 -0.003788468 0.999915004 -0.012480468 -0.048792370 0.134976268 0.012877664 0.990765154 6.943006992
0.990889668 0.003640408 -0.134626850 -0.878666043 -0.005465535 0.999898076 -0.013189823 -0.049799297 0.134565100 0.013805468 0.990808606 6.968807697
0.990851879 0.005642921 -0.134835288 -0.882088542 -0.007703189 0.999861360 -0.014763054 -0.050077599 0.134733275 0.015666664 0.990758061 6.993582726
0.990944028 0.005264295 -0.134171784 -0.885824203 -0.007768825 0.999805093 -0.018149879 -0.050714284 0.134050101 0.019027874 0.990791857 7.018327236
0.991068065 0.003088532 -0.133321270 -0.889967084 -0.005831306 0.999779224 -0.020187108 -0.051347256 0.133229479 0.020784236 0.990867257 7.043371201
0.990996599 0.000177503 -0.133887082 -0.892597020 -0.002703714 0.999821723 -0.018686650 -0.052521251 0.133859888 0.018880397 0.990820408 7.069090366
0.991030395 -0.004736134 -0.133552909 -0.895152688 0.002076475 0.999796867 -0.020046899 -0.053302683 0.133620709 0.019589765 0.990838885 7.094543934
0.991140127 -0.009038704 -0.132512450 -0.898516238 0.006108896 0.999728203 -0.022499589 -0.053340033 0.132679760 0.021490740 0.990926087 7.119719505
0.990901768 -0.011300986 -0.134112522 -0.899737418 0.008382665 0.999716103 -0.022305002 -0.053524718 0.134326518 0.020977842 0.990715146 7.146716595
0.991086364 -0.011401177 -0.132731721 -0.904875338 0.008483549 0.999710262 -0.022526223 -0.052502625 0.132950112 0.021199398 0.990896046 7.172263145
