0.999979854 0.002672762 -0.005744589 -0.001911585 -0.002621205 0.999956310 0.008963856 -0.000121839 0.005768297 -0.008948619 0.999943316 0.056514151
0.999958098 0.004157009 -0.008154015 -0.002984402 -0.004077451 0.999944270 0.009749210 -0.000246602 0.008194088 -0.009715553 0.999919236 0.062940367
0.999949276 0.005586208 -0.008379024 -0.008150747 -0.005505595 0.999938607 0.009613196 -0.000707946 0.008432210 -0.009566577 0.999918699 0.071165182
0.999882877 0.005195444 -0.014397221 -0.004148077 -0.005064768 0.999945760 0.009098153 0.000655197 0.014443707 -0.009024167 0.999854922 0.078533381
0.999822915 0.005977255 -0.017842656 -0.004610719 -0.005804925 0.999936163 0.009694523 0.000995038 0.017899467 -0.009589232 0.999793828 0.085217781
0.999772608 0.006759099 -0.020224493 -0.006170492 -0.006540495 0.999919653 0.010855540 0.001626687 0.020296246 -0.010720793 0.999736488 0.089569815
0.999715447 0.007981639 -0.022480510 -0.007065804 -0.007725273 0.999904394 0.011467758 0.002144120 0.022569891 -0.011290828 0.999681532 0.093968019
0.999642074 0.005785467 -0.026119409 -0.006344771 -0.005469421 0.999911129 0.012155328 0.001867067 0.026187412 -0.012008120 0.999584913 0.097898670
0.999538183 0.004635992 -0.030031009 -0.006110590 -0.004296440 0.999926269 0.011361397 0.001885713 0.030081468 -0.011227123 0.999484360 0.102775246
0.999444842 0.003320677 -0.033151720 -0.006731738 -0.002975901 0.999941051 0.010443884 0.001795018 0.033184446 -0.010339430 0.999395788 0.107326023
0.999277890 0.003579497 -0.037827514 -0.006987984 -0.003181415 0.999938965 0.010578582 0.001771401 0.037863072 -0.010450597 0.999228299 0.112877704
0.999065220 0.003827332 -0.043057669 -0.008068698 -0.003282610 0.999913752 0.012714610 0.000605271 0.043102626 -0.012561381 0.998991668 0.114386462
0.998820245 0.005369827 -0.048262332 -0.009221551 -0.004749977 0.999904811 0.012948876 0.001670193 0.048327271 -0.012704355 0.998750746 0.121572427
0.998516917 0.006703942 -0.054028273 -0.010546615 -0.005894960 0.999868214 0.015118804 0.001150397 0.054122522 -0.014777885 0.998424888 0.129458651
0.998130918 0.009019395 -0.060444258 -0.011932962 -0.008065324 0.999839187 0.016009774 0.001813429 0.060578946 -0.015492342 0.998043239 0.138388008
0.997786939 0.009954694 -0.065742597 -0.013600741 -0.008813654 0.999805987 0.017623445 0.001253513 0.065905251 -0.017005013 0.997680962 0.146921307
0.997328162 0.011111630 -0.072201490 -0.014631240 -0.009891656 0.999802649 0.017232442 0.001796765 0.072378725 -0.016472207 0.997241199 0.157538444
0.996906221 0.013193703 -0.077484250 -0.017468557 -0.011933685 0.999789238 0.016702218 0.002135903 0.077688292 -0.015725875 0.996853709 0.167542353
0.996461928 0.014492560 -0.082786612 -0.019670479 -0.013176123 0.999778330 0.016425885 0.002237505 0.083006330 -0.015276963 0.996432006 0.178990632
0.995951831 0.015342957 -0.088568315 -0.020976594 -0.013976207 0.999773920 0.016031183 0.002501991 0.088794239 -0.014728441 0.995941103 0.190946907
0.995559990 0.015286434 -0.092879757 -0.022907522 -0.013895595 0.999781668 0.015602971 0.002783033 0.093097977 -0.014243075 0.995555162 0.204763636
0.995182037 0.015145829 -0.096868552 -0.025051262 -0.013670874 0.999780595 0.015872035 0.002354655 0.097087689 -0.014471285 0.995170593 0.219028935
0.994766772 0.014674765 -0.101112679 -0.027754372 -0.013106220 0.999783576 0.016159749 0.002717707 0.101327918 -0.014749976 0.994743764 0.235103562
0.994314075 0.012994342 -0.105691031 -0.030371428 -0.011163883 0.999777615 0.017892186 0.002303369 0.105900027 -0.016610529 0.994238019 0.252403378
0.993804634 0.012355843 -0.110452041 -0.032737948 -0.010395297 0.999778330 0.018308476 0.002617901 0.110653780 -0.017046867 0.993712842 0.272330016
0.993313849 0.011798266 -0.114840657 -0.036340471 -0.009863857 0.999799967 0.017398020 0.002783334 0.115022950 -0.016148923 0.993231535 0.291782439
0.992761314 0.011236953 -0.119576328 -0.039454702 -0.009427004 0.999832392 0.015691239 0.003043048 0.119732611 -0.014450410 0.992700934 0.314160675
0.992190361 0.011080112 -0.124239944 -0.043210678 -0.009288963 0.999844491 0.014986900 0.003658046 0.124386698 -0.013715793 0.992139041 0.336725891
0.991487682 0.008463444 -0.129925683 -0.046811812 -0.006568720 0.999865890 0.015004772 0.003346473 0.130035236 -0.014023598 0.991410255 0.361048758
0.990665615 0.005609625 -0.136199117 -0.050916992 -0.004003301 0.999919116 0.012064985 0.004826711 0.136255771 -0.011407120 0.990607977 0.385808468
0.989680231 0.003311673 -0.143255755 -0.054647405 -0.002030307 0.999956548 0.009089866 0.005555573 0.143279627 -0.008705206 0.989643991 0.413411289
0.988881350 0.004595404 -0.148636460 -0.060370337 -0.004039305 0.999983668 0.004042992 0.006346893 0.148652598 -0.003397651 0.988883674 0.438554466
0.987910509 0.006842420 -0.154874176 -0.066720113 -0.006613025 0.999976158 0.001996338 0.006416171 0.154884160 -0.000948017 0.987932205 0.466794699
0.986813664 0.005494191 -0.161766678 -0.072204642 -0.005031022 0.999982119 0.003272676 0.007063475 0.161781728 -0.002415670 0.986823618 0.496223390
0.985666037 0.002045918 -0.168695390 -0.076357305 -0.001095394 0.999983013 0.005727424 0.007719317 0.168704242 -0.005460539 0.985651612 0.527945220
0.984747469 -0.001020373 -0.173986584 -0.083254941 0.002376327 0.999968410 0.007585306 0.007504917 0.173973352 -0.007883060 0.984718800 0.559902132
0.983869255 -0.003037308 -0.178863436 -0.089577906 0.004697048 0.999949694 0.008856618 0.007618393 0.178827554 -0.009553884 0.983833969 0.592049420
0.983138502 -0.004350506 -0.182810232 -0.095904052 0.005847701 0.999953628 0.007651631 0.007875974 0.182768479 -0.008591634 0.983118415 0.624446988
0.982869029 -0.005976910 -0.184207931 -0.102970824 0.007300281 0.999952197 0.006506762 0.008091483 0.184160233 -0.007740066 0.982865751 0.657562375
0.982588410 -0.005508963 -0.185713589 -0.109667033 0.006735973 0.999959469 0.005976678 0.007986508 0.185673118 -0.007123576 0.982585728 0.691240311
0.982796848 -0.003158532 -0.184662879 -0.117143564 0.004344549 0.999972522 0.006018345 0.007886998 0.184638798 -0.006717089 0.982783437 0.725575805
0.983364165 -0.002789058 -0.181623414 -0.123719007 0.003806989 0.999978960 0.005256245 0.008185040 0.181604922 -0.005860241 0.983354151 0.760423303
0.984399796 -0.002953702 -0.175921306 -0.130031049 0.003374645 0.999992132 0.002093667 0.009145574 0.175913706 -0.002654678 0.984402001 0.793275118
0.985381901 0.000427313 -0.170359433 -0.135603353 -0.000328553 0.999999762 0.000607909 0.009694587 0.170359641 -0.000543051 0.985381842 0.829010963
0.986585915 0.002485507 -0.163223237 -0.143463299 -0.002553247 0.999996781 -0.000205234 0.009654842 0.163222149 0.000619231 0.986589134 0.864459932
0.987469971 0.001571267 -0.157799289 -0.147971943 -0.001653720 0.999998569 -0.000391220 0.009512309 0.157798454 0.000647274 0.987471044 0.899197996
0.988448977 -0.004266708 -0.151494145 -0.152185678 0.004373729 0.999990404 0.000373227 0.009115328 0.151491091 -0.001031510 0.988458037 0.935780048
0.989352584 -0.007994466 -0.145318627 -0.156050995 0.008153504 0.999966621 0.000498836 0.009519950 0.145309791 -0.001678380 0.989384711 0.971968591
0.990431607 -0.008723665 -0.137727857 -0.161752716 0.008824131 0.999961078 0.000118894 0.009860103 0.137721464 -0.001333086 0.990470052 1.006833911
0.991417825 -0.005686815 -0.130606964 -0.167551607 0.005707358 0.999983728 -0.000217021 0.009576878 0.130606085 -0.000530262 0.991434216 1.042496204
0.992136478 -0.002318315 -0.125138715 -0.172308967 0.002241472 0.999997258 -0.000754858 0.010192783 0.125140145 0.000468428 0.992138982 1.079138517
0.992860973 -0.001345473 -0.119269498 -0.177132785 0.001315141 0.999999106 -0.000333024 0.009624522 0.119269818 0.000173790 0.992861867 1.115549922
0.993435979 -0.001578272 -0.114378929 -0.180448949 0.001630261 0.999998689 0.000360993 0.009416930 0.114378199 -0.000545091 0.993437111 1.152342796
0.994008899 -0.003194473 -0.109252498 -0.185497642 0.003320859 0.999994040 0.000974895 0.008885338 0.109248742 -0.001331866 0.994013548 1.189304709
0.994337976 -0.006888105 -0.106041580 -0.188426316 0.007061767 0.999974251 0.001262271 0.009029401 0.106030174 -0.002003965 0.994360924 1.224251509
0.994712234 -0.010736704 -0.102138661 -0.192539766 0.010935124 0.999939203 0.001382927 0.009024610 0.102117598 -0.002492514 0.994769275 1.261503696
0.994950294 -0.012838639 -0.099545047 -0.195364699 0.013119095 0.999911666 0.002163268 0.009064453 0.099508472 -0.003458285 0.995030820 1.298705816
0.995158315 -0.012541153 -0.097481556 -0.198449910 0.012731121 0.999918044 0.001326957 0.009366771 0.097456925 -0.002561582 0.995236456 1.333839655
0.995519400 -0.010434633 -0.093980864 -0.201817170 0.010546557 0.999944150 0.000694294 0.009368948 0.093968369 -0.001682358 0.995573759 1.368596315
0.995910585 -0.007414124 -0.090039574 -0.206006318 0.007366020 0.999972463 -0.000866534 0.009240028 0.090043522 0.000199757 0.995937824 1.401737452
0.996239960 -0.006318797 -0.086405613 -0.208921403 0.006214724 0.999979615 -0.001473419 0.008797411 0.086413160 0.000930892 0.996258914 1.432483196
0.996703982 -0.006621418 -0.080853395 -0.211212322 0.006457090 0.999976575 -0.002293708 0.008635699 0.080866680 0.001764070 0.996723354 1.462100625
0.997082114 -0.009507380 -0.075741090 -0.212565273 0.009275876 0.999951243 -0.003407725 0.008354273 0.075769790 0.002695217 0.997121632 1.490121126
0.997395933 -0.011123766 -0.071257643 -0.214415848 0.010843518 0.999931812 -0.004318551 0.008603454 0.071300834 0.003534622 0.997448742 1.516335130
0.997681677 -0.013549913 -0.066692017 -0.216350704 0.013190881 0.999896049 -0.005820867 0.008437787 0.066763952 0.004927646 0.997756600 1.540658355
0.997902751 -0.014459955 -0.063095503 -0.216518641 0.014029857 0.999875247 -0.007254379 0.008394504 0.063192539 0.006353944 0.997981191 1.563345075
0.998200297 -0.012104061 -0.058733586 -0.218589842 0.011623634 0.999896169 -0.008514539 0.008582412 0.058830544 0.007816519 0.998237491 1.584499717
0.998345971 -0.010928474 -0.056444034 -0.219593704 0.010452007 0.999907196 -0.008729767 0.007908430 0.056534201 0.008125371 0.998367608 1.603060484
0.998503387 -0.011634871 -0.053437844 -0.220018476 0.011169188 0.999897063 -0.009004877 0.007482779 0.053537112 0.008394543 0.998530567 1.619898915
0.998648226 -0.011803584 -0.050619561 -0.220388591 0.011348897 0.999892652 -0.009260516 0.007426934 0.050723437 0.008673521 0.998675048 1.633870006
0.998789549 -0.010617205 -0.048028078 -0.221644223 0.010202035 0.999908447 -0.008881195 0.007260312 0.048117969 0.008380460 0.998806536 1.645622253
0.998874664 -0.008682576 -0.046625413 -0.222749770 0.008273925 0.999925673 -0.008950364 0.006567020 0.046699651 0.008554514 0.998872459 1.655664563
0.998937964 -0.008021105 -0.045372229 -0.223273218 0.007526342 0.999910474 -0.011064871 0.006470507 0.045456916 0.010711632 0.998908877 1.664212584
0.998994112 -0.008895198 -0.043949660 -0.223602936 0.008283267 0.999866486 -0.014086016 0.006616183 0.044069085 0.013707800 0.998934448 1.672071815
0.999022484 -0.009531430 -0.043165728 -0.223911107 0.008832342 0.999827147 -0.016357297 0.006574623 0.043314181 0.015960051 0.998934031 1.680683017
0.999023020 -0.010511780 -0.042923212 -0.224075288 0.009788859 0.999807417 -0.017017724 0.005979119 0.043093827 0.016580936 0.998933434 1.689510584
0.999019742 -0.010741536 -0.042942472 -0.225205868 0.010019761 0.999805570 -0.016988007 0.005622162 0.043116599 0.016541081 0.998933136 1.698345304
0.998954952 -0.010473949 -0.044487182 -0.225676119 0.009708751 0.999801874 -0.017381761 0.005908683 0.044660416 0.016931681 0.998858750 1.707498550
0.998878896 -0.009488698 -0.046377987 -0.227081925 0.008680671 0.999807596 -0.017593069 0.005709680 0.046535991 0.017170757 0.998769045 1.716898203
0.998684108 -0.010263951 -0.050246924 -0.227838844 0.009402265 0.999805152 -0.017355528 0.005262109 0.050415263 0.016860260 0.998585999 1.726947546
0.998434544 -0.010384183 -0.054961037 -0.228878081 0.009435851 0.999802589 -0.017486116 0.005187787 0.055131771 0.016940137 0.998335302 1.736895680
0.998149395 -0.011127929 -0.059781566 -0.230214864 0.010086838 0.999792635 -0.017688582 0.005058153 0.059966005 0.017052842 0.998054743 1.746596694
0.997848094 -0.011171735 -0.064609654 -0.232016534 0.010049000 0.999793291 -0.017676143 0.004648747 0.064793773 0.016988849 0.997754037 1.756675601
0.997534573 -0.010514775 -0.069384806 -0.234771848 0.009300927 0.999798357 -0.017794421 0.004725143 0.069557935 0.017105212 0.997431159 1.767071366
0.997119844 -0.010400929 -0.075126506 -0.236510754 0.009034690 0.999787986 -0.018502904 0.004540406 0.075303018 0.017770872 0.997002244 1.779066920
0.996554554 -0.010190344 -0.082311735 -0.236699700 0.008612576 0.999772727 -0.019500580 0.004924037 0.082491763 0.018724475 0.996415854 1.791682363
0.995984197 -0.010341998 -0.088928856 -0.238838524 0.008562102 0.999755740 -0.020373046 0.004760694 0.089117847 0.019529816 0.995829582 1.804761291
0.995357156 -0.010453052 -0.095681265 -0.241429627 0.008470793 0.999741435 -0.021100089 0.004884873 0.095877096 0.020191630 0.995188355 1.819002390
0.994619310 -0.010744672 -0.103039645 -0.244023025 0.008622282 0.999741852 -0.021021135 0.004409388 0.103238918 0.020019589 0.994455099 1.833355427
0.993729413 -0.009991042 -0.111365043 -0.246936619 0.007634067 0.999738216 -0.021570753 0.004220005 0.111551404 0.020585325 0.993545532 1.849343538
0.992839813 -0.009903356 -0.119042009 -0.251243025 0.007381402 0.999739289 -0.021607695 0.003348723 0.119224966 0.020574285 0.992654085 1.866686821
0.991746843 -0.010108404 -0.127812490 -0.253564507 0.007437647 0.999744296 -0.021355947 0.002825219 0.127995640 0.020229070 0.991568387 1.884497762
0.990640044 -0.010423098 -0.136102095 -0.257438749 0.007705090 0.999760568 -0.020481931 0.002634518 0.136282966 0.019241540 0.990483046 1.904222012
0.989451945 -0.009541935 -0.144546837 -0.260959506 0.006761444 0.999782801 -0.019714994 0.002574302 0.144703537 0.018529693 0.989301503 1.925434470
0.988328993 -0.009315846 -0.152049243 -0.265510887 0.006554727 0.999804676 -0.018650513 0.002190020 0.152193248 0.017436204 0.988196909 1.947080374
0.987367153 -0.010351447 -0.158110291 -0.270834893 0.007629092 0.999812186 -0.017815338 0.001588587 0.158264995 0.016384039 0.987260640 1.968153596
0.986269653 -0.009834833 -0.164849505 -0.275157034 0.007052104 0.999822736 -0.017457224 0.001410134 0.164991945 0.016054995 0.986164212 1.992233276
0.985291302 -0.008910771 -0.170650542 -0.280565500 0.006021806 0.999829769 -0.017439282 0.001138888 0.170776874 0.016155150 0.985177279 2.016851664
0.984486461 -0.007679341 -0.175292060 -0.286646932 0.004680457 0.999835610 -0.017514963 0.001081288 0.175397724 0.016422795 0.984360635 2.042243719
0.984044790 -0.007929584 -0.177743837 -0.292783022 0.004883107 0.999833703 -0.017570617 0.000313487 0.177853614 0.016422335 0.983919919 2.069356203
0.983862817 -0.006771885 -0.178796500 -0.299032301 0.003676066 0.999837577 -0.017640403 0.000179037 0.178886905 0.016698467 0.983727872 2.098851442
0.983898997 -0.006605901 -0.178603604 -0.303771764 0.003488872 0.999836147 -0.017760681 0.000199739 0.178691670 0.016851589 0.983760834 2.129640102
0.984271526 -0.006395169 -0.176546559 -0.310723990 0.003108070 0.999816775 -0.018889135 -0.000463635 0.176635027 0.018043319 0.984111011 2.161078930
0.984468222 -0.008422027 -0.175361246 -0.316517889 0.004941484 0.999782324 -0.020275054 -0.000808112 0.175493792 0.019093601 0.984295309 2.195090532
0.984666944 -0.009596291 -0.174180582 -0.322499394 0.005983290 0.999756157 -0.021256113 -0.000935957 0.174342081 0.019888023 0.984484255 2.229124308
0.984851360 -0.008792085 -0.173177421 -0.329225123 0.005488411 0.999793887 -0.019546451 -0.001952864 0.173313573 0.018299885 0.984696627 2.265627623
0.985132694 -0.007826515 -0.171617121 -0.336478531 0.004975821 0.999842465 -0.017034659 -0.001264792 0.171723425 0.015927462 0.985016406 2.301321745
0.985262513 -0.006761945 -0.170915484 -0.344422311 0.004533435 0.999899626 -0.013425604 -0.001976911 0.170989096 0.012452912 0.985194206 2.341356993
0.985437691 -0.006607398 -0.169908687 -0.352229297 0.005033799 0.999940395 -0.009690548 -0.002020510 0.169962555 0.008694148 0.985412180 2.381886721
0.985628366 -0.005767597 -0.168829665 -0.359368682 0.004886402 0.999972224 -0.005634437 -0.002770344 0.168857485 0.004728492 0.985629141 2.422376871
0.985761464 -0.006443210 -0.168026656 -0.365957439 0.005985058 0.999976873 -0.003232956 -0.002757116 0.168043584 0.002181274 0.985777199 2.461942434
0.985944033 -0.006200735 -0.166961148 -0.373566806 0.006027043 0.999980748 -0.001546989 -0.003648677 0.166967511 0.000518965 0.985962272 2.502777100
0.986212432 -0.006896175 -0.165340468 -0.381115496 0.006593375 0.999975443 -0.002380162 -0.003431359 0.165352792 0.001257195 0.986233711 2.542618513
0.986335278 -0.005587099 -0.164655820 -0.388295501 0.005121708 0.999981582 -0.003250868 -0.003682530 0.164670974 0.002363128 0.986345649 2.582129955
0.986483693 -0.005938228 -0.163752317 -0.395151109 0.005258830 0.999975681 -0.004582133 -0.003264884 0.163775533 0.003659054 0.986490786 2.623455524
0.986698389 -0.006259715 -0.162441477 -0.401579797 0.005402874 0.999969065 -0.005715991 -0.003500384 0.162472218 0.004762308 0.986701608 2.664069414
0.987097025 -0.006687395 -0.159983620 -0.410953522 0.005840224 0.999966323 -0.005764981 -0.004049431 0.160016805 0.004756256 0.987102807 2.705739737
0.987194657 -0.007995093 -0.159319863 -0.416614711 0.007071601 0.999954760 -0.006362594 -0.003765841 0.159363523 0.005154472 0.987206519 2.746081591
0.987634599 -0.007134190 -0.156610906 -0.423519164 0.006348615 0.999964774 -0.005515752 -0.004652970 0.156644747 0.004453286 0.987645030 2.788393021
0.988229215 -0.006903731 -0.152825058 -0.431027472 0.006315177 0.999970675 -0.004336249 -0.004847045 0.152850524 0.003320089 0.988243759 2.830001593
0.988536716 -0.008624226 -0.150734171 -0.436668277 0.008027636 0.999957383 -0.004565965 -0.003945677 0.150767148 0.003303585 0.988563836 2.872615814
0.989068151 -0.011022524 -0.147046864 -0.445292115 0.010359359 0.999932468 -0.005274969 -0.002050986 0.147095054 0.003693992 0.989115536 2.917325020
0.989580095 -0.009014512 -0.143700674 -0.450089395 0.008363568 0.999951780 -0.005133303 -0.004414440 0.143740013 0.003877964 0.989607871 2.954190731
0.990083456 -0.008435432 -0.140226737 -0.457428217 0.007611513 0.999950409 -0.006410912 -0.003847566 0.140273869 0.005280000 0.990098655 2.996687174
0.990447223 -0.008101548 -0.137653679 -0.462714940 0.007321427 0.999954164 -0.006172659 -0.005249031 0.137697399 0.005105872 0.990461171 3.037841320
0.990929663 -0.007500556 -0.134172201 -0.468445867 0.006644770 0.999954581 -0.006824941 -0.004978176 0.134217307 0.005871492 0.990934432 3.078153133
0.991428077 -0.007345810 -0.130446315 -0.473857015 0.006457939 0.999952972 -0.007228128 -0.005677026 0.130493239 0.006323756 0.991429031 3.118070602
0.991982102 -0.008070600 -0.126119971 -0.480592102 0.006965865 0.999933422 -0.009197980 -0.005928714 0.126185775 0.008245699 0.991972446 3.159330845
0.992429912 -0.007588177 -0.122577608 -0.484175146 0.006368909 0.999926329 -0.010335672 -0.006517144 0.122646995 0.009476744 0.992405117 3.199158669
0.993006587 -0.007031455 -0.117848881 -0.490649879 0.005648254 0.999911249 -0.012066962 -0.006446771 0.117923245 0.011316933 0.992958248 3.240490913
0.993452132 -0.006756449 -0.114049338 -0.494404763 0.005461877 0.999917090 -0.011659651 -0.007873146 0.114118665 0.010960381 0.993406653 3.278832197
0.993976414 -0.006560970 -0.109397702 -0.499535799 0.005215030 0.999907196 -0.012584754 -0.008295003 0.109470122 0.011938436 0.993918419 3.317411900
0.994363189 -0.005237897 -0.105897978 -0.504476368 0.003845080 0.999903381 -0.013352338 -0.009023286 0.105957694 0.012869887 0.994287312 3.357746124
0.994654834 -0.005216658 -0.103123672 -0.508784056 0.003841336 0.999901056 -0.013530729 -0.008961581 0.103184052 0.013062273 0.994576514 3.395805836
0.994919240 -0.006165598 -0.100487120 -0.512803674 0.004921841 0.999908268 -0.012620497 -0.009003136 0.100555718 0.012061793 0.994858265 3.434789658
0.995196223 -0.006606883 -0.097676709 -0.517912507 0.005453835 0.999912262 -0.012067026 -0.009949293 0.097747877 0.011476345 0.995144963 3.475630760
0.995338917 -0.006963270 -0.096187063 -0.521908045 0.005740727 0.999899268 -0.012980944 -0.010026123 0.096267760 0.012368254 0.995278597 3.515525818
0.995509326 -0.007468533 -0.094368413 -0.524880528 0.006336481 0.999904335 -0.012290057 -0.010963723 0.094451182 0.011636900 0.995461583 3.553043604
0.995701671 -0.004941520 -0.092486031 -0.529181838 0.003843404 0.999920011 -0.012047658 -0.012170110 0.092538163 0.011640413 0.995641053 3.592277765
0.995920122 -0.000915248 -0.090232939 -0.534193814 -0.000282244 0.999912083 -0.013257465 -0.012602147 0.090237148 0.013228847 0.995832443 3.632148504
0.996073127 0.002287068 -0.088504329 -0.538839877 -0.003676218 0.999872565 -0.015536021 -0.012757543 0.088457510 0.015800375 0.995954633 3.672161341
0.996221483 0.002080480 -0.086824089 -0.542440414 -0.003603572 0.999842286 -0.017389227 -0.013279591 0.086774223 0.017636400 0.996071875 3.712188482
0.996332824 0.003054701 -0.085508011 -0.547015786 -0.004735355 0.999799430 -0.019459007 -0.014075093 0.085431412 0.019792559 0.996147454 3.751747847
0.996384144 -0.000209875 -0.084963478 -0.550415158 -0.001513955 0.999794304 -0.020224130 -0.014113843 0.084950253 0.020279629 0.996178806 3.792799950
0.996432304 -0.001053470 -0.084390149 -0.554943442 -0.000357865 0.999860406 -0.016707046 -0.014715351 0.084395975 0.016677639 0.996292710 3.833468199
0.996497631 -0.002086644 -0.083595052 -0.559010088 0.001180155 0.999939859 -0.010891748 -0.014823027 0.083612762 0.010754943 0.996440291 3.874595642
0.996558487 -0.001770638 -0.082873568 -0.562694490 0.001415406 0.999989510 -0.004344991 -0.015439807 0.082880385 0.004212739 0.996550560 3.916728020
0.996545851 -0.000347127 -0.083043680 -0.566395044 0.000322781 0.999999881 -0.000306589 -0.016019847 0.083043769 0.000278726 0.996545851 3.958692789
0.996598423 0.001755778 -0.082391381 -0.571177602 -0.001624953 0.999997258 0.001654872 -0.016798552 0.082394071 -0.001515361 0.996598721 3.999089479
0.996663868 0.004001969 -0.081517398 -0.575330138 -0.003634727 0.999982595 0.004652963 -0.017066320 0.081534594 -0.004341146 0.996661067 4.039065361
0.996777177 0.002674233 -0.080175005 -0.579244733 -0.002230544 0.999981701 0.005623057 -0.016688704 0.080188558 -0.005426101 0.996764958 4.079665661
0.996873617 -0.000856503 -0.079008646 -0.582391977 0.001293192 0.999984205 0.005476100 -0.016866099 0.079002708 -0.005561153 0.996858895 4.120289326
0.996924579 -0.004765925 -0.078221485 -0.585810959 0.005026800 0.999982536 0.003138516 -0.016067235 0.078205146 -0.003522067 0.996931076 4.158804417
0.997033298 -0.007622342 -0.076593012 -0.589045763 0.007720004 0.999969721 0.000979039 -0.016100375 0.076583229 -0.001567433 0.997061968 4.198162079
0.997269452 -0.008203628 -0.073392332 -0.592878878 0.008299061 0.999965072 0.000995428 -0.016277261 0.073381610 -0.001601797 0.997302651 4.237561226
0.997522175 -0.005754541 -0.070117094 -0.597186983 0.005941074 0.999979317 0.002452049 -0.016404370 0.070101529 -0.002862544 0.997535765 4.276677608
0.997655571 -0.003861568 -0.068326063 -0.598676085 0.004023027 0.999989450 0.002225619 -0.016262464 0.068316750 -0.002495279 0.997660518 4.318620205
0.997870445 -0.005101099 -0.065026984 -0.602568626 0.005157410 0.999986470 0.000698131 -0.016696021 0.065022536 -0.001032015 0.997883201 4.354497433
0.998118579 -0.006599709 -0.060956150 -0.606523037 0.006574599 0.999978304 -0.000612472 -0.016446538 0.060958859 0.000210557 0.998140216 4.394391060
0.998230040 -0.008890568 -0.058801185 -0.607387185 0.008841055 0.999960363 -0.001102166 -0.016281107 0.058808647 0.000580350 0.998269081 4.432994366
0.998361945 -0.008543503 -0.056571808 -0.609218597 0.008517844 0.999963462 -0.000694695 -0.017143818 0.056575682 0.000211687 0.998398244 4.470648289
0.998590171 -0.007589787 -0.052535333 -0.612954021 0.007502938 0.999970138 -0.001850161 -0.016754240 0.052547812 0.001453384 0.998617351 4.507847786
0.998761654 -0.008276092 -0.049058553 -0.615191400 0.008115551 0.999961078 -0.003470693 -0.016407294 0.049085367 0.003068257 0.998789847 4.546301365
0.998937249 -0.008251878 -0.045346927 -0.617912531 0.008067974 0.999958456 -0.004236952 -0.016598012 0.045380007 0.003866591 0.998962343 4.583930492
0.999014914 -0.009055895 -0.043440916 -0.619142294 0.008846718 0.999948323 -0.005005022 -0.017434966 0.043483995 0.004615781 0.999043405 4.620572090
0.999107122 -0.008214710 -0.041441791 -0.621333718 0.007972597 0.999950171 -0.006004125 -0.018058352 0.041489046 0.005668366 0.999122858 4.657341003
0.999165833 -0.008299448 -0.039985046 -0.623718023 0.007986246 0.999936163 -0.007986385 -0.017937467 0.040048782 0.007660393 0.999168336 4.693991184
0.999186873 -0.007801930 -0.039557397 -0.625716329 0.007446873 0.999930680 -0.009115148 -0.018752398 0.039625775 0.008813158 0.999175727 4.730776787
0.999198556 -0.007758610 -0.039267763 -0.627139747 0.007344791 0.999916017 -0.010671751 -0.019233570 0.039347254 0.010374782 0.999171734 4.766500950
0.999210954 -0.008672277 -0.038758717 -0.629377186 0.008228255 0.999898791 -0.011600951 -0.019425437 0.038855404 0.011272879 0.999181271 4.802133560
0.999221504 -0.010582545 -0.038005766 -0.630768657 0.010158983 0.999884307 -0.011320568 -0.019790869 0.038121171 0.010925654 0.999213398 4.837642670
0.999209225 -0.011810771 -0.037965976 -0.631792903 0.011431342 0.999882698 -0.010195529 -0.020611981 0.038081937 0.009753465 0.999226987 4.873496532
0.999248624 -0.010444602 -0.037324753 -0.634164929 0.010072454 0.999897778 -0.010144754 -0.020813320 0.037426904 0.009761179 0.999251664 4.908165932
0.999247909 -0.009140970 -0.037683994 -0.636345983 0.008800256 0.999918938 -0.009197329 -0.021829627 0.037765019 0.008858784 0.999247313 4.942527294
0.999215603 -0.008259060 -0.038728274 -0.637875080 0.007899750 0.999924421 -0.009421567 -0.022061363 0.038803160 0.009108235 0.999205351 4.975678444
0.999209046 -0.007501799 -0.039051969 -0.640200138 0.007115336 0.999924421 -0.010025693 -0.022252297 0.039124228 0.009739893 0.999186873 5.008608341
0.999163330 -0.007902957 -0.040126175 -0.641880155 0.007484771 0.999916196 -0.010561314 -0.022932304 0.040206272 0.010252143 0.999138772 5.041062832
0.999135137 -0.008759047 -0.040648580 -0.644337773 0.008320567 0.999905527 -0.010943751 -0.023839362 0.040740594 0.010596066 0.999113560 5.072847366
0.999053240 -0.009631400 -0.042427275 -0.644627690 0.009099352 0.999877691 -0.012715565 -0.024615601 0.042544559 0.012317465 0.999018550 5.104077339
0.998969018 -0.010304254 -0.044212699 -0.646799624 0.009653545 0.999842227 -0.014906102 -0.024612084 0.044359319 0.014463925 0.998910844 5.135250092
0.998830020 -0.011237216 -0.047035240 -0.647929132 0.010505046 0.999820232 -0.015784847 -0.025500134 0.047204163 0.015272271 0.998768449 5.166065693
0.998752534 -0.010955755 -0.048717074 -0.650208950 0.010174662 0.999816179 -0.016252432 -0.025269486 0.048886172 0.015736477 0.998680353 5.196438789
0.998650789 -0.010700865 -0.050815642 -0.652143240 0.009871186 0.999814332 -0.016550224 -0.025230125 0.050983310 0.016026283 0.998570859 5.226714611
0.998577774 -0.009008685 -0.052547719 -0.653943181 0.008132949 0.999824941 -0.016855597 -0.025114357 0.052690361 0.016404254 0.998476148 5.255481720
0.998513699 -0.008502616 -0.053834215 -0.656189919 0.007637077 0.999838591 -0.016263239 -0.027140848 0.053963814 0.015827926 0.998417437 5.284578800
0.998422086 -0.008408634 -0.055521138 -0.657737970 0.007558542 0.999851286 -0.015503461 -0.028291535 0.055643249 0.015059336 0.998337209 5.312862873
0.998319149 -0.007699885 -0.057440575 -0.659271121 0.006869199 0.999869168 -0.014645118 -0.028914597 0.057545826 0.014225931 0.998241484 5.341234207
0.998304009 -0.007281921 -0.057758607 -0.662670851 0.006508495 0.999886751 -0.013567513 -0.028241616 0.057850860 0.013168581 0.998238385 5.369281292
0.998243570 -0.008164268 -0.058677513 -0.665683627 0.007496799 0.999904752 -0.011586357 -0.028742358 0.058766518 0.011126113 0.998209774 5.396379948
0.998078048 -0.009627112 -0.061216623 -0.667789638 0.009058848 0.999913335 -0.009553623 -0.029647814 0.061303295 0.008980709 0.998078823 5.423991203
0.997837245 -0.010378528 -0.064908408 -0.668786526 0.009813041 0.999911129 -0.009024869 -0.029578889 0.064996324 0.008368398 0.997850358 5.451439857
0.997592211 -0.010540267 -0.068546370 -0.671502233 0.010011823 0.999917507 -0.008048294 -0.030174213 0.068625540 0.007342641 0.997615397 5.478609085
0.997276902 -0.009618709 -0.073117889 -0.673945904 0.009106683 0.999931693 -0.007332899 -0.030327216 0.073183425 0.006647069 0.997296393 5.505251408
0.996988952 -0.008778471 -0.077045329 -0.677561641 0.008353139 0.999947965 -0.005841085 -0.031196602 0.077092603 0.005179926 0.997010469 5.531232834
0.996671438 -0.007891945 -0.081139669 -0.680691421 0.007552942 0.999961376 -0.004484110 -0.031462971 0.081171915 0.003856340 0.996692598 5.557557583
0.996321321 -0.007878076 -0.085332401 -0.683281481 0.007615464 0.999965131 -0.003402602 -0.031588316 0.085356236 0.002740238 0.996346712 5.583816528
0.995944321 -0.008239318 -0.089592949 -0.686208010 0.008056258 0.999964654 -0.002404676 -0.032375764 0.089609571 0.001673139 0.995975554 5.609596729
0.995540619 -0.008745309 -0.093928136 -0.688561559 0.008511934 0.999959648 -0.002884971 -0.032072790 0.093949564 0.002072596 0.995574832 5.635113239
0.995198369 -0.008212666 -0.097532801 -0.692429066 0.007900316 0.999962389 -0.003588271 -0.032013915 0.097558573 0.002800501 0.995225847 5.660485268
0.994855762 -0.008134977 -0.100974232 -0.696108818 0.007771010 0.999961793 -0.003997378 -0.032370254 0.101002894 0.003192143 0.994881034 5.686763763
0.994517088 -0.007638212 -0.104294695 -0.699531078 0.007232677 0.999964774 -0.004266007 -0.032608867 0.104323603 0.003488287 0.994537294 5.712771893
0.994218409 -0.007851022 -0.107089221 -0.702390015 0.007479267 0.999964476 -0.003872642 -0.032708809 0.107115835 0.003049303 0.994241893 5.738188267
0.994032443 -0.008049884 -0.108787268 -0.705672503 0.007748178 0.999964893 -0.003195782 -0.033230465 0.108809181 0.002333808 0.994059861 5.763466835
0.993897319 -0.008280697 -0.109997846 -0.708481133 0.007998766 0.999963522 -0.003004086 -0.033351224 0.110018708 0.002105906 0.993927300 5.789614677
0.993869781 -0.008367131 -0.110240728 -0.711674929 0.008117057 0.999963462 -0.002717018 -0.033040442 0.110259421 0.001805532 0.993901253 5.814259529
0.993888736 -0.009319561 -0.109992541 -0.715119958 0.009073284 0.999955058 -0.002739335 -0.033084914 0.110013127 0.001724601 0.993928611 5.839185238
0.993844926 -0.010808633 -0.110251606 -0.719255149 0.010601139 0.999940753 -0.002468024 -0.033272486 0.110271744 0.001284041 0.993900657 5.865387917
0.993722737 -0.011875588 -0.111238919 -0.722487628 0.011734338 0.999929309 -0.001924405 -0.033538360 0.111253917 0.000607010 0.993791759 5.889951706
0.993453681 -0.011888374 -0.113615483 -0.724717379 0.011838987 0.999929309 -0.001109443 -0.033614248 0.113620639 -0.000242912 0.993524194 5.915434837
0.993164599 -0.011447416 -0.116159558 -0.728576958 0.011358743 0.999934494 -0.001425332 -0.033434615 0.116168253 0.000096163 0.993229508 5.941443443
0.992869616 -0.011035719 -0.118693151 -0.732018173 0.010894723 0.999939024 -0.001836698 -0.033544037 0.118706174 0.000530473 0.992929280 5.966192722
0.992534280 -0.010972367 -0.121471323 -0.735015094 0.010870896 0.999939799 -0.001498017 -0.034399152 0.121480450 0.000166331 0.992593765 5.991091728
0.992323935 -0.010602882 -0.123210274 -0.739632607 0.010529161 0.999943852 -0.001249455 -0.034749251 0.123216599 -0.000057437 0.992379785 6.015679359
0.991987348 -0.010069192 -0.125935197 -0.743148327 0.009920260 0.999949157 -0.001809724 -0.034242526 0.125947013 0.000545914 0.992036819 6.040330410
0.991622388 -0.009715739 -0.128804460 -0.746123254 0.009653290 0.999952793 -0.001109148 -0.034902267 0.128809154 -0.000143531 0.991669416 6.065179348
0.991298258 -0.010375891 -0.131224751 -0.749029875 0.010319046 0.999946117 -0.001113198 -0.035539728 0.131229222 -0.000250603 0.991352022 6.089915276
0.991095841 -0.011620054 -0.132641643 -0.752771616 0.011401600 0.999932110 -0.002406378 -0.034741864 0.132660583 0.000872624 0.991161227 6.115298748
0.991024971 -0.012133902 -0.133125126 -0.757056534 0.011867192 0.999925673 -0.002796725 -0.035033897 0.133149192 0.001191803 0.991095304 6.139039993
0.990875244 -0.012949986 -0.134158880 -0.760883927 0.012637355 0.999915123 -0.003181620 -0.035384081 0.134188697 0.001457175 0.990954697 6.163094997
0.990851820 -0.012729325 -0.134352729 -0.765418172 0.012371450 0.999917388 -0.003498261 -0.035822406 0.134386137 0.001804120 0.990927398 6.186944485
0.990860999 -0.012342920 -0.134320676 -0.769100249 0.012003049 0.999922395 -0.003339817 -0.035730053 0.134351462 0.001697036 0.990932286 6.212855339
0.990978301 -0.012445033 -0.133442760 -0.772401035 0.012169863 0.999921799 -0.002877553 -0.035640441 0.133468151 0.001227612 0.991052389 6.237110615
0.991092503 -0.012659377 -0.132572338 -0.775550187 0.012373282 0.999919057 -0.002981655 -0.035158962 0.132599324 0.001314740 0.991168857 6.262313366
0.991407514 -0.011385650 -0.130313024 -0.779511988 0.011226928 0.999935091 -0.001952608 -0.036087167 0.130326793 0.000472816 0.991470993 6.287408352
0.991638005 -0.011322375 -0.128552422 -0.782145739 0.011133798 0.999935627 -0.002185466 -0.035777453 0.128568888 0.000735914 0.991700232 6.310877323
0.991995275 -0.010419516 -0.125843480 -0.785332739 0.010058621 0.999943316 -0.003502907 -0.036126241 0.125872850 0.002209055 0.992043912 6.334902763
0.992377639 -0.010900317 -0.122751191 -0.787792861 0.010373363 0.999934077 -0.004931160 -0.035961390 0.122796856 0.003620230 0.992425203 6.360545635
0.992911637 -0.011285586 -0.118317336 -0.790637910 0.010660371 0.999925673 -0.005915788 -0.036301769 0.118375309 0.004612549 0.992958188 6.384557724
0.993400395 -0.011450040 -0.114125125 -0.794026256 0.010730248 0.999918461 -0.006919372 -0.036751255 0.114195049 0.005649116 0.993442237 6.408692360
0.993831635 -0.011466928 -0.110305421 -0.796530664 0.010608333 0.999908686 -0.008367531 -0.036619164 0.110391334 0.007145760 0.993862510 6.433545113
0.994295061 -0.010896949 -0.106106624 -0.800015926 0.009946829 0.999905646 -0.009479493 -0.037279718 0.106199920 0.008369988 0.994309545 6.457509041
0.994571745 -0.011223049 -0.103446051 -0.801263750 0.010159759 0.999890029 -0.010799890 -0.037492957 0.103555895 0.009690277 0.994576395 6.482369423
0.994867325 -0.012097255 -0.100461647 -0.804680049 0.010885607 0.999861360 -0.012600265 -0.037251357 0.100600138 0.011442007 0.994861126 6.506286621
0.994998634 -0.013014920 -0.099036910 -0.806956291 0.011631245 0.999826670 -0.014535913 -0.036806878 0.099208936 0.013311291 0.994977593 6.530817986
0.995080531 -0.013216206 -0.098183110 -0.809564352 0.011741644 0.999809623 -0.015581166 -0.037953354 0.098370343 0.014351685 0.995046377 6.555172920
0.995075762 -0.012509889 -0.098324925 -0.813225508 0.010912881 0.999799907 -0.016763212 -0.037719853 0.098514959 0.015607656 0.995013237 6.580139637
0.994921088 -0.012691163 -0.099854968 -0.815481603 0.011034075 0.999792516 -0.017129742 -0.039049491 0.100051619 0.015940938 0.994854569 6.604946136
0.994726062 -0.012563357 -0.101795182 -0.817875087 0.010826844 0.999786615 -0.017593494 -0.039488874 0.101994485 0.016398584 0.994649827 6.629286289
0.994504392 -0.012096670 -0.103994623 -0.821208715 0.010400419 0.999804199 -0.016837774 -0.039228290 0.104177937 0.015663655 0.994435370 6.654565811
0.994135737 -0.014570169 -0.107153669 -0.824189603 0.013018892 0.999800265 -0.015162474 -0.039445832 0.107353188 0.013678534 0.994126856 6.680115223
0.993613839 -0.016216086 -0.111662433 -0.827943921 0.014600650 0.999776900 -0.015269769 -0.040755399 0.111885123 0.013541912 0.993628800 6.705130100
0.993018031 -0.016239906 -0.116839051 -0.832055211 0.014494175 0.999770522 -0.015775582 -0.041926123 0.117068425 0.013971951 0.993025482 6.729132175
0.992371082 -0.013916347 -0.122498214 -0.835964441 0.012039603 0.999798834 -0.016047519 -0.042457506 0.122696891 0.014450266 0.992338896 6.754512787
0.991778076 -0.011774911 -0.127426639 -0.839787364 0.009655563 0.999804854 -0.017236896 -0.042197913 0.127604723 0.015864799 0.991698205 6.777603149
0.991223633 -0.009149428 -0.131878808 -0.844294667 0.006846758 0.999816298 -0.017903393 -0.042513646 0.132018387 0.016843323 0.991104186 6.803655624
0.990682006 -0.005333064 -0.136090577 -0.848106503 0.002862201 0.999827683 -0.018345237 -0.043294735 0.136164963 0.017784778 0.990526497 6.828288078
0.990457058 -0.001493741 -0.137812838 -0.854669154 -0.001084583 0.999825835 -0.018631890 -0.043563567 0.137816668 0.018603558 0.990283012 6.852396965
0.990145445 -0.000512468 -0.140042469 -0.857787311 -0.001949519 0.999845982 -0.017442549 -0.043907061 0.140029833 0.017543672 0.989991903 6.876776218
0.990005493 -0.003008510 -0.140996829 -0.861219585 0.000546944 0.999846756 -0.017493816 -0.044525355 0.141027868 0.017241854 0.989855468 6.901882172
0.989940822 -0.007013119 -0.141307980 -0.864198506 0.004512647 0.999827683 -0.018007873 -0.044814646 0.141409934 0.017189059 0.989801884 6.927048206
0.989950776 -0.009414968 -0.141098514 -0.867427766 0.006837089 0.999800861 -0.018743731 -0.044316433 0.141246930 0.017590666 0.989818096 6.952743053
0.990132749 -0.008254734 -0.139889270 -0.871921122 0.005951202 0.999839842 -0.016877148 -0.045218669 0.140006155 0.015878109 0.990023315 6.976887703
0.990232944 -0.005484026 -0.139315829 -0.876075745 0.003444262 0.999883354 -0.014878174 -0.045753755 0.139381200 0.014253016 0.990136206 7.001977444
0.990322173 -0.004918527 -0.138700798 -0.879724503 0.002845467 0.999881268 -0.015140612 -0.046734966 0.138758823 0.014599415 0.990218639 7.027073383
0.990419269 -0.006176464 -0.137955338 -0.883306146 0.003955995 0.999858260 -0.016363949 -0.046755075 0.138036892 0.015661417 0.990303218 7.051406860
0.990572453 -0.007506350 -0.136784002 -0.886612177 0.005416645 0.999862969 -0.015643220 -0.047313534 0.136882678 0.014754831 0.990477383 7.076663494
0.990705729 -0.004674584 -0.135942295 -0.890630543 0.002740470 0.999892354 -0.014411128 -0.047113262 0.135995016 0.013904640 0.990611970 7.102201939
0.990779400 -0.000822514 -0.135482684 -0.895762384 -0.000944066 0.999915361 -0.012974395 -0.048052989 0.135481879 0.012982668 0.990694761 7.127702713
0.990915954 0.000174310 -0.134482831 -0.900745511 -0.001790341 0.999927580 -0.011895790 -0.047724478 0.134471014 0.012028498 0.990844548 7.152928829
0.990907729 0.000960426 -0.134539261 -0.903877914 -0.002520104 0.999931574 -0.011422915 -0.048295915 0.134519070 0.011658110 0.990842462 7.178959370
0.991076648 0.003196539 -0.133255318 -0.908869088 -0.004936687 0.999906838 -0.012730410 -0.048997205 0.133202195 0.013274652 0.990999997 7.204909801
0.990982056 0.005397112 -0.133885816 -0.911802411 -0.007353661 0.999873161 -0.014123360 -0.049626455 0.133792609 0.014980547 0.990896046 7.230648994
0.991015971 0.004865968 -0.133655563 -0.914687395 -0.007244612 0.999823749 -0.017316267 -0.050235488 0.133547753 0.018128976 0.990876555 7.256990433
0.990986347 0.002865465 -0.133932292 -0.917810082 -0.005526533 0.999794543 -0.019501220 -0.050818577 0.133848891 0.020065622 0.990798593 7.282789707
0.990922093 -0.000505192 -0.134436473 -0.920600355 -0.001969817 0.999830961 -0.018276602 -0.051871888 0.134422988 0.018375505 0.990753531 7.309153557
0.991040051 -0.005223344 -0.133462802 -0.923831761 0.002663933 0.999809206 -0.019348340 -0.052541189 0.133538380 0.018819444 0.990864873 7.335030079
0.991206646 -0.009598055 -0.131974518 -0.928718567 0.006770163 0.999738097 -0.021859607 -0.052959420 0.132149741 0.020773903 0.991012037 7.360920429
0.991134226 -0.011907186 -0.132329762 -0.931435823 0.009108939 0.999722302 -0.021731304 -0.052813411 0.132551804 0.020333255 0.990967512 7.387930870
0.991198957 -0.012670673 -0.131773353 -0.935800374 0.009973742 0.999727488 -0.021106372 -0.052521728 0.132004902 0.019606339 0.991055131 7.414319515
