0.999989152 0.001462383 -0.004408672 -0.001533645 -0.001429137 0.999970615 0.007534685 -0.000264373 0.004419561 -0.007528299 0.999961913 0.051346842
0.999978840 0.002601355 -0.005966677 -0.001845996 -0.002551613 0.999962091 0.008329154 0.000360879 0.005988118 -0.008313753 0.999947488 0.059046861
0.999956727 0.003884420 -0.008452119 -0.002494883 -0.003799872 0.999942780 0.009996474 -0.000257816 0.008490467 -0.009963923 0.999914289 0.066318698
0.999915481 0.005335182 -0.011857077 -0.003294829 -0.005226925 0.999944568 0.009142487 0.000523015 0.011905196 -0.009079739 0.999887884 0.077530108
0.999879777 0.005364935 -0.014549240 -0.004142191 -0.005226253 0.999940634 0.009553259 0.000380539 0.014599631 -0.009476073 0.999848485 0.083272532
0.999815166 0.005676058 -0.018367305 -0.004367377 -0.005490282 0.999933362 0.010149218 0.000852889 0.018423690 -0.010046499 0.999779761 0.089311562
0.999752164 0.005830218 -0.021486394 -0.004675420 -0.005569219 0.999910235 0.012187025 0.000620228 0.021555511 -0.012064341 0.999694884 0.094197251
0.999692678 0.006625504 -0.023888268 -0.005603013 -0.006305637 0.999889791 0.013440714 0.000667083 0.023974685 -0.013285951 0.999624252 0.098499842
0.999637246 0.005484837 -0.026367214 -0.006063987 -0.005126342 0.999893785 0.013644665 0.000593980 0.026439248 -0.013504549 0.999559164 0.101037301
0.999530792 0.004037658 -0.030362263 -0.005954504 -0.003650080 0.999911249 0.012809736 0.000556794 0.030411296 -0.012692901 0.999456882 0.101462461
0.999416769 0.002738480 -0.034035496 -0.005761062 -0.002341775 0.999928951 0.011689989 0.000838864 0.034065094 -0.011603469 0.999352336 0.106840752
0.999277949 0.003135897 -0.037865501 -0.006862839 -0.002689668 0.999926329 0.011829777 0.000740638 0.037899818 -0.011719386 0.999212801 0.112500735
0.999058723 0.004200801 -0.043175410 -0.008103262 -0.003651056 0.999911368 0.012803798 0.001002657 0.043225367 -0.012634108 0.998985410 0.119139850
0.998799503 0.005110566 -0.048718456 -0.009154877 -0.004444955 0.999895394 0.013760945 0.001323080 0.048783693 -0.013527876 0.998717666 0.127382770
0.998472631 0.006962855 -0.054808743 -0.010187994 -0.006165569 0.999872863 0.014702385 0.002013538 0.054904155 -0.014342004 0.998388529 0.135533318
0.998127818 0.008606839 -0.060553443 -0.012122310 -0.007629844 0.999837279 0.016347148 0.002034587 0.060684290 -0.015854528 0.998031080 0.144603416
0.997777879 0.010227314 -0.065836661 -0.014142274 -0.009111625 0.999810219 0.017224291 0.002312743 0.066000320 -0.016586138 0.997681737 0.154464781
0.997329831 0.011331093 -0.072144449 -0.015286986 -0.010110877 0.999799967 0.017256286 0.002096235 0.072325557 -0.016480766 0.997244835 0.163486078
0.996847749 0.012698038 -0.078316323 -0.017309044 -0.011367729 0.999783814 0.017408857 0.002046527 0.078520469 -0.016463703 0.996776521 0.174406558
0.996359468 0.014432094 -0.084021024 -0.019210629 -0.013080085 0.999776483 0.016619619 0.002616958 0.084242091 -0.015460115 0.996325254 0.187860593
0.995956957 0.015442499 -0.088493779 -0.022024361 -0.014070866 0.999771416 0.016102714 0.002998481 0.088722192 -0.014792426 0.995946527 0.200744063
0.995522559 0.015573679 -0.093232758 -0.023891956 -0.014151418 0.999773502 0.015896739 0.002926441 0.093459211 -0.014506187 0.995517433 0.212617531
0.995049119 0.014954667 -0.098253824 -0.024408443 -0.013444963 0.999781430 0.016009564 0.003002146 0.098471768 -0.014609282 0.995032668 0.229007229
0.994705498 0.014979837 -0.101668142 -0.028349631 -0.013385144 0.999776721 0.016349409 0.003030725 0.101890348 -0.014902006 0.994684041 0.244833604
0.994357228 0.013307248 -0.105245598 -0.032444611 -0.011488160 0.999774277 0.017871628 0.002875710 0.105459675 -0.016561704 0.994285703 0.262295365
0.993815362 0.012599038 -0.110328354 -0.034556773 -0.010658458 0.999778271 0.018161288 0.003334132 0.110532716 -0.016873039 0.993729234 0.282667756
0.992947817 0.011616998 -0.117981590 -0.033954423 -0.009486161 0.999781907 0.018606303 0.002402171 0.118171997 -0.017355895 0.992841482 0.306261510
0.992709339 0.011525728 -0.119980350 -0.040781919 -0.009742722 0.999833405 0.015436832 0.003965933 0.120138265 -0.014155350 0.992656231 0.326654196
0.992125750 0.010650084 -0.124792032 -0.044241205 -0.008793258 0.999842346 0.015420762 0.003860900 0.124936610 -0.014202005 0.992062986 0.351176322
0.991362631 0.008585803 -0.130867898 -0.047486387 -0.006791197 0.999876738 0.014153248 0.004668264 0.130973294 -0.013142252 0.991298795 0.376024842
0.990568936 0.005384659 -0.136909276 -0.052129552 -0.003810090 0.999923587 0.011760270 0.005924656 0.136962116 -0.011127723 0.990513742 0.402179211
0.989552915 0.003809270 -0.144119665 -0.055756491 -0.002566355 0.999957919 0.008809113 0.006244207 0.144147158 -0.008347219 0.989521086 0.429417849
0.988809526 0.005084763 -0.149097130 -0.061468747 -0.004563589 0.999982238 0.003837456 0.007010190 0.149114013 -0.003114094 0.988815129 0.455931365
0.987664104 0.006984024 -0.156432465 -0.067603968 -0.006813646 0.999975443 0.001625376 0.007654221 0.156439960 -0.000539450 0.987687349 0.486458361
0.986960888 0.006327760 -0.160836130 -0.075881489 -0.005994795 0.999978662 0.002555384 0.008711578 0.160848871 -0.001557885 0.986977816 0.515858531
0.985662520 0.002175306 -0.168715462 -0.080014341 -0.001206297 0.999982178 0.005845731 0.008354229 0.168725193 -0.005558396 0.985647440 0.548290193
0.984527469 -0.000842366 -0.175228357 -0.085248262 0.002225329 0.999967873 0.007696007 0.008111000 0.175216258 -0.007966871 0.984497726 0.582859337
0.983622372 -0.002894165 -0.180218399 -0.091900855 0.004408801 0.999958217 0.008004455 0.009306666 0.180187702 -0.008667908 0.983594060 0.615003288
0.982960582 -0.004724105 -0.183755532 -0.099554494 0.006213037 0.999952376 0.007527889 0.009092508 0.183711216 -0.008541296 0.982943177 0.650204837
0.982625246 -0.005741986 -0.185511976 -0.106258370 0.007053298 0.999954581 0.006409424 0.009274522 0.185466722 -0.007606533 0.982621133 0.684987724
0.982405782 -0.005774813 -0.186669528 -0.113004357 0.006894052 0.999961913 0.005347227 0.009872431 0.186631531 -0.006540056 0.982408166 0.718530238
0.982651114 -0.003923378 -0.185422257 -0.120902151 0.005004677 0.999973118 0.005363862 0.009794826 0.185396239 -0.006198783 0.982644200 0.753478646
0.983201742 -0.002836618 -0.182499930 -0.127520859 0.003712740 0.999983132 0.004459198 0.010545541 0.182484195 -0.005061866 0.983195782 0.790921032
0.984214187 -0.003261537 -0.176951021 -0.134186074 0.003573990 0.999992490 0.001447067 0.011170505 0.176944971 -0.002056645 0.984218597 0.824641407
0.985125422 0.000214947 -0.171836689 -0.139662221 -0.000171779 1.000000000 0.000266085 0.011494438 0.171836734 -0.000232608 0.985125422 0.862815380
0.986379385 0.001667824 -0.164477646 -0.147279948 -0.001777377 0.999998212 -0.000518901 0.011262756 0.164476514 0.000804173 0.986380696 0.899361551
0.987385392 0.001499214 -0.158328131 -0.153166473 -0.001634125 0.999998391 -0.000721912 0.011104940 0.158326775 0.000971534 0.987386405 0.933337748
0.988481104 -0.004596390 -0.151274383 -0.158681110 0.004603823 0.999989331 -0.000301102 0.011300542 0.151274160 -0.000398807 0.988491714 0.970379591
0.989246130 -0.008921136 -0.145987764 -0.160810351 0.008932324 0.999959826 -0.000578894 0.012356797 0.145987093 -0.000731341 0.989286184 1.008488536
0.990361333 -0.008352372 -0.138255730 -0.167027757 0.008374294 0.999964774 -0.000423137 0.011421952 0.138254374 -0.000738735 0.990396500 1.043216467
0.991277218 -0.005532985 -0.131676838 -0.172107518 0.005437694 0.999984622 -0.001083234 0.011494940 0.131680816 0.000357767 0.991292119 1.081815362
0.992089450 -0.002004504 -0.125516981 -0.178164557 0.001868504 0.999997497 -0.001201236 0.011604825 0.125519067 0.000957205 0.992090702 1.119246960
0.992768586 -0.001580295 -0.120033257 -0.182324588 0.001546181 0.999998689 -0.000377339 0.010727416 0.120033704 0.000189017 0.992769778 1.155703425
0.993383944 -0.002169313 -0.114819810 -0.186423033 0.002169651 0.999997675 -0.000122024 0.011539506 0.114819817 -0.000127902 0.993386328 1.193627596
0.993877888 -0.003537768 -0.110427111 -0.189729393 0.003590568 0.999993503 0.000279292 0.011294041 0.110425413 -0.000674079 0.993884146 1.231792569
0.994298935 -0.006762363 -0.106413364 -0.194571629 0.006861629 0.999976277 0.000566737 0.010639792 0.106407002 -0.001293675 0.994321823 1.268332005
0.994628668 -0.010465016 -0.102977119 -0.197554454 0.010575215 0.999943912 0.000524231 0.010591734 0.102965869 -0.001610421 0.994683623 1.305387855
0.994984210 -0.012360020 -0.099264786 -0.201711893 0.012557917 0.999920189 0.001369039 0.010546630 0.099239945 -0.002608732 0.995060086 1.342793345
0.995190978 -0.012288420 -0.097180262 -0.205526963 0.012451036 0.999921858 0.001067074 0.010536948 0.097159564 -0.002271938 0.995266199 1.381405354
0.995525479 -0.010565483 -0.093901113 -0.208494648 0.010634094 0.999943435 0.000230299 0.010963255 0.093893357 -0.001227821 0.995581508 1.415096164
0.995870948 -0.007357995 -0.090481147 -0.212121367 0.007302205 0.999972939 -0.000947620 0.010130027 0.090485670 0.000282995 0.995897651 1.448542356
0.996191382 -0.006129484 -0.086977705 -0.214625806 0.005986719 0.999980330 -0.001902160 0.010414488 0.086987659 0.001374205 0.996208429 1.482679605
0.996651411 -0.006743458 -0.081489243 -0.216763049 0.006525203 0.999974430 -0.002944347 0.010335427 0.081507012 0.002402753 0.996669888 1.513504982
0.997061312 -0.009822712 -0.075975142 -0.218799531 0.009530873 0.999945700 -0.004202884 0.010242754 0.076012321 0.003466424 0.997100830 1.540493011
0.997378469 -0.011008493 -0.071520254 -0.219990373 0.010679547 0.999930561 -0.004980113 0.010324941 0.071570121 0.004203254 0.997426689 1.569096684
0.997623324 -0.013887460 -0.067489214 -0.221398205 0.013497882 0.999889493 -0.006225038 0.009815527 0.067568205 0.005299281 0.997700512 1.593500018
0.997886956 -0.013994619 -0.063447893 -0.222057939 0.013511695 0.999876499 -0.008034030 0.010310612 0.063552484 0.007159766 0.997952759 1.617181540
0.998156905 -0.012184910 -0.059451785 -0.223845854 0.011672660 0.999891698 -0.008955950 0.010041129 0.059554480 0.008245481 0.998190999 1.637861729
0.998292685 -0.011204238 -0.057326410 -0.223957688 0.010678716 0.999898136 -0.009465327 0.009450790 0.057426631 0.008836994 0.998310566 1.657703757
0.998499513 -0.011935993 -0.053444471 -0.225946903 0.011421680 0.999885559 -0.009918431 0.009361597 0.053556744 0.009293123 0.998521626 1.674438477
0.998647630 -0.011617226 -0.050673552 -0.226645112 0.011124019 0.999888062 -0.010004246 0.009087387 0.050784104 0.009427023 0.998665154 1.689255834
0.998777449 -0.010668585 -0.048268188 -0.227502972 0.010224895 0.999903202 -0.009429833 0.008558422 0.048364129 0.008924768 0.998789907 1.701348424
0.998849154 -0.008670880 -0.047169626 -0.227741286 0.008233065 0.999921322 -0.009468085 0.008183355 0.047248013 0.009068840 0.998842061 1.711895466
0.998905480 -0.007745161 -0.046127152 -0.227869123 0.007204517 0.999903560 -0.011875468 0.008215833 0.046214674 0.011530146 0.998865008 1.720800042
0.998988211 -0.008310653 -0.044197708 -0.228743643 0.007654455 0.999858201 -0.014995458 0.008447139 0.044316065 0.014641978 0.998910248 1.729053617
0.998995960 -0.009547390 -0.043771815 -0.228749886 0.008807438 0.999815583 -0.017066503 0.008044116 0.043926679 0.016663851 0.998895705 1.737695098
0.998988032 -0.010765072 -0.043670148 -0.228888512 0.009985360 0.999787509 -0.018033579 0.007653199 0.043855000 0.017579265 0.998883247 1.746717691
0.998975337 -0.010771234 -0.043957382 -0.229362547 0.009983882 0.999786556 -0.018092044 0.007681053 0.044142872 0.017634641 0.998869538 1.756298184
0.998928428 -0.010726710 -0.045021839 -0.230566382 0.009922886 0.999788105 -0.018039720 0.007324748 0.045205805 0.017573642 0.998823047 1.765580177
0.998821974 -0.010303963 -0.047417618 -0.231408834 0.009454307 0.999791443 -0.018108083 0.007200047 0.047594313 0.017638450 0.998710990 1.775665283
0.998638451 -0.010607230 -0.051075131 -0.232425749 0.009707292 0.999793828 -0.017835839 0.006703869 0.051253781 0.017315753 0.998535573 1.785782099
0.998384476 -0.010383031 -0.055861939 -0.233397841 0.009383832 0.999791920 -0.018119579 0.006619070 0.056038443 0.017566111 0.998274088 1.795391917
0.998080134 -0.011025140 -0.060945515 -0.234454364 0.009923296 0.999782383 -0.018352365 0.006389357 0.061134595 0.017712349 0.997972369 1.805621028
0.997749209 -0.011359164 -0.066086814 -0.235950261 0.010149108 0.999775231 -0.018617101 0.006363299 0.066283427 0.017904477 0.997640193 1.816233754
0.997399449 -0.010996025 -0.071228445 -0.238088101 0.009689917 0.999779105 -0.018656537 0.006384254 0.071417853 0.017917821 0.997285485 1.827072859
0.996989071 -0.010380025 -0.076845556 -0.240180284 0.008911402 0.999771595 -0.019429659 0.006695062 0.077029690 0.018686356 0.996853650 1.838910580
0.996479094 -0.010406252 -0.083193317 -0.241525680 0.008778519 0.999763429 -0.019907551 0.005783126 0.083380789 0.019107146 0.996334553 1.851379275
0.995905697 -0.010541406 -0.089781664 -0.243650198 0.008717225 0.999748111 -0.020685891 0.005715132 0.089977115 0.019818546 0.995746613 1.865335584
0.995213807 -0.011022869 -0.097098112 -0.245547429 0.009002720 0.999734342 -0.021218834 0.005451180 0.097306214 0.020243129 0.995048523 1.879329801
0.994455934 -0.010840899 -0.104594156 -0.248261347 0.008587426 0.999721766 -0.021971263 0.006017212 0.104803242 0.020951256 0.994272172 1.894803762
0.993587196 -0.009730835 -0.112648934 -0.251612812 0.007314787 0.999734759 -0.021841079 0.005102642 0.112831578 0.020877015 0.993394792 1.910618067
0.992620289 -0.010172648 -0.120836623 -0.254738837 0.007516914 0.999720514 -0.022413447 0.004968658 0.121030852 0.021339728 0.992419362 1.928065062
0.991579413 -0.009991096 -0.129114151 -0.258130103 0.007167961 0.999725401 -0.022311669 0.004643235 0.129301623 0.021198304 0.991378665 1.946467876
0.990497410 -0.010153093 -0.137156397 -0.262530655 0.007282584 0.999744117 -0.021414369 0.004207101 0.137338728 0.020212024 0.990317941 1.966105223
0.989336491 -0.009230198 -0.145355403 -0.266281486 0.006276948 0.999764800 -0.020763002 0.004643891 0.145512834 0.019629205 0.989161611 1.988533378
0.988244474 -0.009171059 -0.152606547 -0.271663219 0.006278790 0.999791622 -0.019423602 0.003866512 0.152752861 0.018237080 0.988096118 2.010230541
0.987041116 -0.010366889 -0.160132423 -0.274679095 0.007462055 0.999796689 -0.018730907 0.003330879 0.160294071 0.017293258 0.986917794 2.033375025
0.986015439 -0.009864180 -0.166361183 -0.279970318 0.006837574 0.999800742 -0.018755933 0.003388200 0.166513041 0.017356133 0.985886455 2.057645082
0.984996855 -0.009397626 -0.172316119 -0.285605133 0.006331471 0.999811828 -0.018334782 0.002780929 0.172456011 0.016968690 0.984871089 2.083733559
0.984082758 -0.008280946 -0.177517831 -0.290762663 0.005044035 0.999812901 -0.018677829 0.002629578 0.177639276 0.017485123 0.983940303 2.110166550
0.983566880 -0.008199420 -0.180357590 -0.296326607 0.004850958 0.999807656 -0.018998941 0.002579838 0.180478677 0.017811824 0.983417571 2.137766123
0.983385801 -0.007249082 -0.181383118 -0.302153915 0.003918631 0.999817193 -0.018713046 0.001673095 0.181485623 0.017691372 0.983234406 2.166400909
0.983612359 -0.006182375 -0.180190489 -0.308907390 0.002802610 0.999815464 -0.019005179 0.001423255 0.180274725 0.018188728 0.983448029 2.197366714
0.983956158 -0.006017477 -0.178308785 -0.315222681 0.002553458 0.999803662 -0.019650210 0.000554152 0.178392008 0.018879639 0.983778358 2.230724573
0.984174192 -0.007660739 -0.177037999 -0.321269751 0.003923441 0.999762177 -0.021450581 0.000483003 0.177160203 0.020416511 0.983970165 2.265365839
0.984433889 -0.008803093 -0.175534219 -0.328814596 0.005078743 0.999752581 -0.021655198 -0.000075772 0.175681397 0.020426622 0.984235108 2.300146103
0.984505713 -0.008629454 -0.175139815 -0.334077269 0.005068066 0.999771357 -0.020771636 -0.000156641 0.175279036 0.019562174 0.984324455 2.337135792
0.984696388 -0.007450404 -0.174119726 -0.341279954 0.004447361 0.999834657 -0.017630804 -0.000871561 0.174222335 0.016586615 0.984566689 2.377313137
0.984774470 -0.006706098 -0.173707575 -0.347963244 0.004238951 0.999884784 -0.014569982 -0.001002394 0.173785254 0.013611806 0.984689534 2.416544437
0.985004485 -0.006240143 -0.172416002 -0.355820566 0.004514944 0.999935746 -0.010396377 -0.001790732 0.172469795 0.009462027 0.984969378 2.457558155
0.985270917 -0.005059847 -0.170925751 -0.363558114 0.003959320 0.999969184 -0.006778894 -0.001762419 0.170954749 0.006002298 0.985260606 2.497663736
0.985475779 -0.005698991 -0.169720575 -0.370867968 0.005177215 0.999980390 -0.003516719 -0.002509711 0.169737265 0.002586961 0.985485971 2.539135218
0.985576451 -0.006461140 -0.169107437 -0.378308415 0.006101646 0.999977946 -0.002645402 -0.002467765 0.169120803 0.001575412 0.985594094 2.581580162
0.985743284 -0.005817372 -0.168155864 -0.385602981 0.005487527 0.999981999 -0.002426167 -0.003387606 0.168166935 0.001468819 0.985757470 2.622597456
0.985864818 -0.004584698 -0.167480037 -0.392339796 0.003962264 0.999984026 -0.004050442 -0.003229494 0.167495936 0.003329588 0.985867143 2.664587498
0.986138165 -0.005847163 -0.165823117 -0.400234431 0.005120668 0.999975264 -0.004808332 -0.003347149 0.165847152 0.003892554 0.986143768 2.704541445
0.986403584 -0.006632269 -0.164206922 -0.407676280 0.005658827 0.999963462 -0.006395228 -0.003023404 0.164243370 0.005379057 0.986405194 2.747181177
0.986709058 -0.006311536 -0.162374258 -0.415151298 0.005253593 0.999962091 -0.006944016 -0.003122974 0.162411943 0.005998676 0.986704826 2.789367914
0.986911535 -0.006704337 -0.161123380 -0.422511578 0.005575858 0.999956608 -0.007454963 -0.002972579 0.161166370 0.006458987 0.986906111 2.830891848
0.987354457 -0.006545001 -0.158392891 -0.429953218 0.005539541 0.999961555 -0.006788563 -0.004221710 0.158431262 0.005825294 0.987352848 2.873696804
0.987847209 -0.006388212 -0.155296564 -0.436967283 0.005664402 0.999970973 -0.005102894 -0.004687359 0.155324608 0.004161218 0.987854719 2.916815281
0.988248706 -0.007053993 -0.152691826 -0.443101496 0.006345918 0.999966741 -0.005124137 -0.004519128 0.152722895 0.004094952 0.988260567 2.961360455
0.988802314 -0.007319630 -0.149051636 -0.450448722 0.006626970 0.999964774 -0.005143237 -0.004767886 0.149084032 0.004097884 0.988816142 3.004119158
0.989403963 -0.006014830 -0.145064309 -0.458064348 0.005197215 0.999968350 -0.006014548 -0.004993957 0.145095900 0.005196887 0.989403963 3.046429157
0.989834070 -0.004686459 -0.142149091 -0.464154780 0.003722346 0.999968171 -0.007047568 -0.005298162 0.142177582 0.006446796 0.989820123 3.088582754
0.990270913 -0.005169018 -0.139056996 -0.470506787 0.004201298 0.999964893 -0.007251802 -0.005905459 0.139089599 0.006597029 0.990257859 3.131181479
0.990672946 -0.005337894 -0.136157051 -0.475535303 0.004338650 0.999961436 -0.007634606 -0.005547678 0.136192560 0.006972660 0.990657806 3.172895670
0.991262317 -0.004358996 -0.131832883 -0.482009649 0.003288727 0.999959886 -0.008335019 -0.006139798 0.131863922 0.007828628 0.991236866 3.214894295
0.991747558 -0.004821866 -0.128114790 -0.487296522 0.003538827 0.999941230 -0.010240502 -0.006644813 0.128156602 0.009702616 0.991706491 3.255882263
0.992283106 -0.003914579 -0.123931140 -0.492901027 0.002424929 0.999922991 -0.012168543 -0.006866381 0.123969220 0.011774113 0.992216229 3.297686100
0.992789805 -0.004472103 -0.119784363 -0.498052180 0.003033509 0.999921083 -0.012189507 -0.007718194 0.119829386 0.011738252 0.992725074 3.339429617
0.993263066 -0.004474067 -0.115794823 -0.503078341 0.003073107 0.999919891 -0.012274338 -0.008462094 0.115840465 0.011835798 0.993197322 3.381111383
0.993787944 -0.004030200 -0.111216679 -0.507229447 0.002524120 0.999903202 -0.013679328 -0.009069469 0.111261055 0.013313627 0.993702054 3.417945862
0.994223595 -0.002464404 -0.107300475 -0.512544036 0.000893438 0.999891758 -0.014686422 -0.009356614 0.107325047 0.014505722 0.994118214 3.457854509
0.994508862 -0.001599658 -0.104639679 -0.517342091 0.000094190 0.999896407 -0.014390522 -0.010268759 0.104651861 0.014301646 0.994406104 3.498522043
0.994776011 -0.003122342 -0.102033198 -0.521268606 0.001728360 0.999903977 -0.013747591 -0.010285601 0.102066316 0.013499424 0.994686067 3.539008141
0.995050728 -0.003241788 -0.099315263 -0.524760723 0.001963331 0.999913990 -0.012967753 -0.010956746 0.099348739 0.012708584 0.994971514 3.577419758
0.995223463 -0.004293396 -0.097528502 -0.528883040 0.003005007 0.999906242 -0.013353441 -0.011132363 0.097576685 0.012996584 0.995143175 3.618124723
0.995359719 -0.004405222 -0.096121833 -0.532136321 0.003044907 0.999893188 -0.014294079 -0.010834046 0.096174523 0.013935070 0.995266914 3.658195257
0.995624363 -0.000809652 -0.093442559 -0.538468003 -0.000472531 0.999906063 -0.013698678 -0.012983993 0.093444861 0.013682892 0.995530486 3.700824499
0.995812833 0.002251275 -0.091387622 -0.542758048 -0.003632752 0.999881566 -0.014953145 -0.013095986 0.091343150 0.015222521 0.995703101 3.739471912
0.995987594 0.006498642 -0.089254931 -0.548134387 -0.008012960 0.999829769 -0.016618375 -0.014305744 0.089131735 0.017266888 0.995870173 3.780650377
0.996093273 0.005215728 -0.088152930 -0.550925553 -0.006875590 0.999804616 -0.018536212 -0.014602046 0.088039018 0.019069903 0.995934427 3.821451664
0.996220231 0.006301264 -0.086633757 -0.555903852 -0.008149720 0.999746203 -0.020999335 -0.014944531 0.086479455 0.021626001 0.996018827 3.861198664
0.996270001 0.003291166 -0.086227871 -0.559355736 -0.005145743 0.999760032 -0.021294409 -0.015487134 0.086137109 0.021658687 0.996047795 3.902980566
0.996301532 0.002373661 -0.085893162 -0.563438237 -0.003940988 0.999828756 -0.018082429 -0.015678111 0.085835531 0.018354053 0.996140242 3.946051359
0.996395528 0.001497827 -0.084815346 -0.567611814 -0.002542320 0.999922216 -0.012208243 -0.015898004 0.084790438 0.012379865 0.996321917 3.987164259
0.996415973 0.001867153 -0.084568039 -0.571198940 -0.002374757 0.999979734 -0.005902115 -0.016176201 0.084555298 0.006081788 0.996400237 4.029670238
0.996476412 0.004451843 -0.083755426 -0.576436579 -0.004615540 0.999987721 -0.001760933 -0.016445775 0.083746567 0.002141304 0.996484816 4.071700573
0.996489704 0.005878292 -0.083508924 -0.580969512 -0.005825869 0.999982536 0.000871416 -0.017856447 0.083512597 -0.000381845 0.996506572 4.113476276
0.996560931 0.007450507 -0.082527727 -0.584485292 -0.007180095 0.999967813 0.003572926 -0.018544015 0.082551710 -0.002968081 0.996582389 4.154279232
0.996611297 0.006213133 -0.082019620 -0.587944269 -0.005829181 0.999970913 0.004919847 -0.018696535 0.082047798 -0.004425068 0.996618629 4.196235180
0.996743441 0.002842440 -0.080588140 -0.592038512 -0.002482190 0.999986470 0.004570078 -0.018482851 0.080600038 -0.004355161 0.996737003 4.236023903
0.996868908 -0.001824638 -0.079051070 -0.594451010 0.002012971 0.999995351 0.002302791 -0.017985215 0.079046503 -0.002454709 0.996867895 4.276591778
0.996949792 -0.003505091 -0.077966563 -0.597413540 0.003477806 0.999993920 -0.000485736 -0.017210376 0.077967785 0.000213102 0.996955872 4.317252636
0.997161210 -0.004745313 -0.075146995 -0.600339413 0.004740172 0.999988794 -0.000246788 -0.017736925 0.075147338 -0.000110123 0.997172475 4.357845306
0.997452557 -0.002286416 -0.071295999 -0.605618775 0.002354069 0.999996841 0.000864896 -0.018036485 0.071293794 -0.001030529 0.997454822 4.397334576
0.997551143 -0.001299572 -0.069928557 -0.606674910 0.001368468 0.999998629 0.000937336 -0.018419137 0.069927238 -0.001030735 0.997551560 4.437045574
0.997827411 -0.001865511 -0.065855220 -0.611562848 0.001818184 0.999998033 -0.000778568 -0.018265223 0.065856531 0.000657139 0.997828901 4.477348804
0.998033285 -0.003682923 -0.062576778 -0.614462852 0.003564543 0.999991655 -0.002003303 -0.018251484 0.062583625 0.001776305 0.998038113 4.516710281
0.998183489 -0.004573917 -0.060072843 -0.615585029 0.004439552 0.999987304 -0.002369985 -0.018280074 0.060082912 0.002098983 0.998191118 4.556100845
0.998383105 -0.004378166 -0.056674406 -0.618674994 0.004276406 0.999989033 -0.001916667 -0.018586323 0.056682169 0.001671205 0.998390853 4.595374107
0.998517156 -0.004664491 -0.054238357 -0.620799303 0.004477325 0.999983609 -0.003571814 -0.017983282 0.054254126 0.003323675 0.998521566 4.634728432
0.998711407 -0.004713789 -0.050530467 -0.623473346 0.004502118 0.999980628 -0.004301979 -0.018645436 0.050549775 0.004068942 0.998713255 4.671412468
0.998836756 -0.005714020 -0.047878478 -0.624924541 0.005507797 0.999975026 -0.004438052 -0.019725375 0.047902647 0.004169185 0.998843253 4.709952354
0.998991847 -0.005558063 -0.044547562 -0.628003597 0.005264604 0.999963641 -0.006702168 -0.019099548 0.044583198 0.006460886 0.998984694 4.748665333
0.999109924 -0.004397881 -0.041951101 -0.630514920 0.004066758 0.999959946 -0.007975155 -0.019587383 0.041984495 0.007797453 0.999087811 4.785448074
0.999133348 -0.004162129 -0.041414268 -0.631254613 0.003780634 0.999949753 -0.009285717 -0.019952822 0.041450839 0.009121098 0.999098897 4.823199272
0.999165118 -0.003915098 -0.040665373 -0.633985639 0.003482747 0.999936700 -0.010697322 -0.020280603 0.040704675 0.010546762 0.999115586 4.860706329
0.999185026 -0.003833571 -0.040182188 -0.635973096 0.003327975 0.999914587 -0.012641916 -0.020402249 0.040227219 0.012497887 0.999112368 4.897680283
0.999197006 -0.005724003 -0.039656520 -0.637674510 0.005186549 0.999893486 -0.013642363 -0.020853683 0.039730392 0.013425728 0.999120176 4.933750629
0.999191642 -0.006633331 -0.039651845 -0.638280928 0.006120990 0.999896407 -0.013028439 -0.021370064 0.039734162 0.012775198 0.999128640 4.971324444
0.999201596 -0.007016276 -0.039333720 -0.640263557 0.006550634 0.999907076 -0.011954626 -0.022008251 0.039413933 0.011687419 0.999154687 5.007649899
0.999221981 -0.006691428 -0.038867675 -0.642126679 0.006246006 0.999913573 -0.011570109 -0.022723321 0.038941737 0.011318341 0.999177396 5.042879105
0.999218464 -0.005445770 -0.039150961 -0.644162476 0.004994464 0.999920070 -0.011615921 -0.023089018 0.039211094 0.011411305 0.999165773 5.077922821
0.999176979 -0.004426091 -0.040322199 -0.645696759 0.003982486 0.999930739 -0.011075201 -0.024024263 0.040368430 0.010905502 0.999125302 5.112075806
0.999172032 -0.003503642 -0.040533390 -0.648189247 0.003031578 0.999926865 -0.011701901 -0.024210922 0.040571429 0.011569330 0.999109685 5.145520210
0.999131262 -0.004652237 -0.041415688 -0.649901807 0.004161643 0.999920189 -0.011923973 -0.025040373 0.041467872 0.011741254 0.999070883 5.178060055
0.999084175 -0.004593817 -0.042540237 -0.651499093 0.004040000 0.999906003 -0.013095492 -0.025461361 0.042596400 0.012911637 0.999008954 5.210702896
0.999038935 -0.004865910 -0.043561030 -0.653335154 0.004195465 0.999871433 -0.015469172 -0.025155842 0.043630701 0.015271548 0.998931050 5.243121147
0.998946488 -0.006390116 -0.045443457 -0.655428529 0.005645385 0.999847889 -0.016497593 -0.026623458 0.045541979 0.016223660 0.998830676 5.274283886
0.998831749 -0.007085559 -0.047802594 -0.657278776 0.006259357 0.999828875 -0.017411232 -0.027518176 0.047917783 0.017091675 0.998705029 5.305563927
0.998720825 -0.007219719 -0.050044149 -0.659195065 0.006342486 0.999823809 -0.017665869 -0.027528979 0.050162878 0.017325869 0.998590767 5.337245941
0.998636246 -0.006279720 -0.051828425 -0.661140084 0.005372789 0.999830365 -0.017619524 -0.028238207 0.051930279 0.017317031 0.998500586 5.367834568
0.998555541 -0.005091880 -0.053487875 -0.663485527 0.004137287 0.999830484 -0.017942466 -0.028347068 0.053570159 0.017695254 0.998407304 5.398580074
0.998474717 -0.004157726 -0.055055108 -0.665609300 0.003172670 0.999833584 -0.017967535 -0.028997906 0.055120647 0.017765457 0.998321652 5.428490162
0.998403907 -0.004414430 -0.056303393 -0.667630076 0.003392792 0.999828100 -0.018227920 -0.029120252 0.056374174 0.018007798 0.998247266 5.457480431
0.998322546 -0.003699402 -0.057777967 -0.669655323 0.002702310 0.999846280 -0.017325919 -0.029632851 0.057833176 0.017140724 0.998179078 5.486471653
0.998253763 -0.003593483 -0.058960520 -0.672014236 0.002684732 0.999876499 -0.015484836 -0.030204881 0.059008878 0.015299507 0.998140216 5.515920639
0.998183966 -0.004161028 -0.060094293 -0.674894929 0.003355761 0.999903321 -0.013494769 -0.030647643 0.060144633 0.013268601 0.998101473 5.542711258
0.997980416 -0.005822349 -0.063254185 -0.676112592 0.005090503 0.999918282 -0.011724939 -0.031275503 0.063317291 0.011379262 0.997928560 5.572248936
0.997775972 -0.006686676 -0.066319451 -0.678132594 0.005991622 0.999925077 -0.010673761 -0.032011352 0.066385843 0.010252662 0.997741342 5.600296497
0.997533858 -0.006686274 -0.069867365 -0.680937171 0.005978016 0.999928713 -0.010341353 -0.031652965 0.069931529 0.009898182 0.997502685 5.627442837
0.997206509 -0.006160228 -0.074438810 -0.683806896 0.005515603 0.999945521 -0.008862277 -0.032594211 0.074489355 0.008426948 0.997186184 5.654894829
0.996884704 -0.004734868 -0.078729704 -0.686344266 0.004143343 0.999961972 -0.007675019 -0.033282731 0.078763053 0.007324908 0.996866405 5.682085991
0.996547163 -0.003786800 -0.082942292 -0.689654112 0.003259327 0.999973714 -0.006493983 -0.033270545 0.082964696 0.006201224 0.996533215 5.708990097
0.996250272 -0.003807685 -0.086434722 -0.693855107 0.003396825 0.999982238 -0.004899993 -0.033412404 0.086451843 0.004588014 0.996245563 5.736069679
0.995851755 -0.003853858 -0.090910271 -0.695834339 0.003455060 0.999983728 -0.004543696 -0.034067508 0.090926297 0.004210746 0.995848715 5.763098717
0.995492041 -0.003965546 -0.094762154 -0.699543178 0.003524906 0.999982178 -0.004816892 -0.034378409 0.094779558 0.004461149 0.995488405 5.789306164
0.995085239 -0.004651090 -0.098912537 -0.702342629 0.004176749 0.999978900 -0.005002087 -0.034715086 0.098933719 0.004564369 0.995083511 5.815835476
0.994712234 -0.004219692 -0.102613889 -0.705466986 0.003631861 0.999975920 -0.005914724 -0.034549985 0.102636382 0.005510769 0.994703650 5.842257977
0.994369686 -0.004281107 -0.105880305 -0.709136605 0.003658407 0.999974787 -0.006074696 -0.034394726 0.105903655 0.005653141 0.994360268 5.868428707
0.994017184 -0.004182382 -0.109143540 -0.711749971 0.003609248 0.999978662 -0.005448217 -0.035059404 0.109164000 0.005021697 0.994011045 5.895788670
0.993854225 -0.004405770 -0.110610053 -0.715088189 0.003835337 0.999978185 -0.005369401 -0.034974724 0.110631317 0.004912175 0.993849397 5.921537876
0.993739307 -0.004183678 -0.111645229 -0.717964947 0.003745835 0.999984443 -0.004131207 -0.036433522 0.111660764 0.003687139 0.993739545 5.947876453
0.993714929 -0.004578423 -0.111846834 -0.721546233 0.004146877 0.999983132 -0.004090699 -0.036147892 0.111863665 0.003601174 0.993717015 5.973441124
0.993706226 -0.005451175 -0.111884676 -0.724612594 0.004965767 0.999976993 -0.004616683 -0.035522785 0.111907274 0.004032035 0.993710458 6.000429630
0.993573666 -0.006339118 -0.113009185 -0.727088630 0.005899861 0.999973714 -0.004220934 -0.035512492 0.113032974 0.003527071 0.993585050 6.026510715
0.993471384 -0.007466085 -0.113836743 -0.730932772 0.007131120 0.999968886 -0.003349446 -0.036015563 0.113858216 0.002515796 0.993493795 6.052770615
0.993272722 -0.008267691 -0.115502298 -0.734591007 0.007953500 0.999963224 -0.003180839 -0.035912707 0.115524366 0.002240793 0.993302107 6.079784393
0.993022025 -0.007742560 -0.117673874 -0.738369823 0.007421871 0.999967396 -0.003163206 -0.035952404 0.117694534 0.002267773 0.993047237 6.105775356
0.992727041 -0.007563654 -0.120149024 -0.742286682 0.007176789 0.999967515 -0.003652275 -0.035890628 0.120172754 0.002763427 0.992749095 6.130973339
0.992427468 -0.007089960 -0.122627147 -0.746685088 0.006699885 0.999971032 -0.003593053 -0.036463119 0.122649081 0.002744256 0.992446303 6.157767773
0.992077649 -0.007314470 -0.125412717 -0.750002742 0.006941464 0.999970078 -0.003410973 -0.036942858 0.125433922 0.002513402 0.992098808 6.182966709
0.991760790 -0.006297135 -0.127948925 -0.754298687 0.005908628 0.999976754 -0.003415765 -0.037005510 0.127967477 0.002631619 0.991774917 6.209517479
0.991463304 -0.005721156 -0.130260676 -0.757644117 0.005338390 0.999980330 -0.003287457 -0.037129596 0.130276948 0.002564011 0.991474330 6.235354900
0.991238058 -0.006159497 -0.131942794 -0.762202680 0.005759825 0.999977589 -0.003410583 -0.037308447 0.131960869 0.002620732 0.991251469 6.260434151
0.991048753 -0.007621132 -0.133282349 -0.765897393 0.007136486 0.999966025 -0.004113581 -0.037483711 0.133309171 0.003125592 0.991069555 6.286138058
0.990925133 -0.008135428 -0.134167954 -0.769669056 0.007528865 0.999958992 -0.005027673 -0.037569232 0.134203345 0.003971915 0.990945876 6.311412811
0.990751266 -0.008658244 -0.135413960 -0.773018897 0.007976419 0.999952555 -0.005576868 -0.037565175 0.135455832 0.004445171 0.990773439 6.336948395
0.990628481 -0.008114927 -0.136342764 -0.776992083 0.007401398 0.999956071 -0.005739463 -0.037747152 0.136383370 0.004676549 0.990645170 6.362824440
0.990677357 -0.008364386 -0.135971740 -0.781153798 0.007702395 0.999955714 -0.005393976 -0.037801653 0.136010855 0.004296382 0.990698040 6.388527393
0.990826190 -0.008417744 -0.134880215 -0.784856379 0.007817225 0.999956965 -0.004981244 -0.038039356 0.134916380 0.003881158 0.990849435 6.414257526
0.990956187 -0.008830301 -0.133894816 -0.787940025 0.008260061 0.999954283 -0.004813784 -0.038371470 0.133931205 0.003664271 0.990983844 6.439189434
0.991198957 -0.007448342 -0.132170469 -0.791454136 0.007005048 0.999968171 -0.003818612 -0.038477316 0.132194713 0.002859145 0.991219580 6.464895725
0.991480529 -0.007020643 -0.130064920 -0.794881225 0.006535055 0.999969959 -0.004159858 -0.038655549 0.130090207 0.003274436 0.991496742 6.490744591
0.991780996 -0.007195164 -0.127744824 -0.798243880 0.006518185 0.999962389 -0.005716716 -0.038906902 0.127781183 0.004837065 0.991790593 6.515666962
0.992235780 -0.007682326 -0.124133311 -0.801403761 0.006855777 0.999951363 -0.007084358 -0.039015602 0.124181710 0.006178323 0.992240250 6.541041851
0.992734909 -0.007892178 -0.120062470 -0.803990960 0.006997302 0.999944448 -0.007873188 -0.039478544 0.120117925 0.006975876 0.992735088 6.566412449
0.993267775 -0.007056527 -0.115625635 -0.807570815 0.006062571 0.999941587 -0.008945759 -0.039874643 0.115682021 0.008184547 0.993252695 6.591922283
0.993724167 -0.007332810 -0.111617059 -0.810029626 0.006178257 0.999923825 -0.010686253 -0.039888211 0.111686915 0.009929591 0.993693769 6.616396904
0.994125485 -0.007351255 -0.107983045 -0.812741280 0.006117229 0.999912143 -0.011754774 -0.040781487 0.108059980 0.011025163 0.994083226 6.641812801
0.994460046 -0.007790725 -0.104825892 -0.815051794 0.006413353 0.999888718 -0.013470289 -0.040322803 0.104919173 0.012723379 0.994399369 6.668638229
0.994712055 -0.008764170 -0.102328122 -0.818027854 0.007265450 0.999861002 -0.015009766 -0.040100627 0.102445446 0.014186936 0.994637489 6.693381786
0.994895875 -0.009659972 -0.100443646 -0.820450723 0.008075524 0.999836624 -0.016169162 -0.041644670 0.100583449 0.015275493 0.994811356 6.717268944
0.994940817 -0.009632867 -0.100000866 -0.822756350 0.007840899 0.999801874 -0.018297127 -0.041138098 0.100157306 0.017420460 0.994819045 6.742885113
0.994941592 -0.009074240 -0.100045092 -0.826773167 0.007250428 0.999801159 -0.018578455 -0.042063519 0.100193799 0.017759103 0.994809449 6.768688679
0.994880736 -0.007841873 -0.100751556 -0.830384851 0.005857994 0.999783456 -0.019971574 -0.042013429 0.100886360 0.019279134 0.994711101 6.792700768
0.994648814 -0.007684131 -0.103027493 -0.832701266 0.005671610 0.999787748 -0.019812560 -0.043591447 0.103157841 0.019122209 0.994481146 6.819404602
0.994419992 -0.007624435 -0.105217941 -0.836049616 0.005701778 0.999811530 -0.018561810 -0.044217117 0.105339639 0.017858308 0.994275928 6.844964027
0.994040012 -0.010338407 -0.108524993 -0.839059353 0.008579087 0.999824345 -0.016665604 -0.044750892 0.108678229 0.015635228 0.993954062 6.872390270
0.993478537 -0.012009029 -0.113385729 -0.842600703 0.010136086 0.999802768 -0.017080434 -0.045002766 0.113568492 0.015819758 0.993404150 6.897122383
0.992853343 -0.012021671 -0.118733637 -0.845913112 0.009889930 0.999779463 -0.018526919 -0.044713609 0.118930161 0.017220246 0.992753267 6.923440456
0.992234230 -0.009127707 -0.124047957 -0.850048840 0.006897043 0.999806941 -0.018399836 -0.046075381 0.124191970 0.017401380 0.992105603 6.948539734
0.991598129 -0.007461059 -0.129141390 -0.854867935 0.005032326 0.999804497 -0.019122878 -0.046535023 0.129258826 0.018312328 0.991441786 6.975214958
0.991084874 -0.004723174 -0.133148149 -0.859760284 0.002086743 0.999799192 -0.019933315 -0.046221875 0.133215547 0.019477764 0.990895629 7.000211239
0.990509868 -0.001291272 -0.137435496 -0.863661706 -0.001563292 0.999785304 -0.020660244 -0.046956934 0.137432680 0.020679023 0.990295231 7.024409294
0.990142703 0.002079178 -0.140046626 -0.868826449 -0.004997922 0.999777436 -0.020492753 -0.047687426 0.139972866 0.020990692 0.989932835 7.049380302
0.989873827 0.003600255 -0.141904399 -0.872774303 -0.006397640 0.999793947 -0.019261867 -0.048250154 0.141805843 0.019974668 0.989692926 7.074829578
0.989789009 0.000808650 -0.142538130 -0.876684546 -0.003626057 0.999803126 -0.019507343 -0.048547402 0.142494321 0.019825004 0.989597082 7.100804329
0.989722371 -0.002766851 -0.142974898 -0.879690588 -0.000175900 0.999788463 -0.020565551 -0.048416220 0.143001556 0.020379335 0.989512563 7.126305580
0.989725351 -0.005423399 -0.142879382 -0.882867634 0.002478594 0.999781013 -0.020780349 -0.048297733 0.142960802 0.020212699 0.989521921 7.152389050
0.989777684 -0.004872925 -0.142535120 -0.886748970 0.002117840 0.999808073 -0.019474484 -0.048514053 0.142602682 0.018973546 0.989598095 7.179296494
0.989760637 -0.001626202 -0.142727345 -0.889222383 -0.000831118 0.999852419 -0.017155578 -0.049726509 0.142734170 0.017098539 0.989613354 7.205145359
0.990050972 -0.000875181 -0.140706301 -0.895183742 -0.001618890 0.999843597 -0.017609926 -0.050278842 0.140699714 0.017662514 0.989894748 7.229697704
0.990173876 -0.001903635 -0.139827996 -0.899297416 -0.000681821 0.999829710 -0.018440034 -0.050829746 0.139839321 0.018354179 0.990004122 7.255363941
0.990343392 -0.003671200 -0.138587207 -0.902926087 0.001261387 0.999846518 -0.017472247 -0.051898055 0.138630107 0.017128712 0.990196049 7.281644344
0.990478337 -0.000337636 -0.137668401 -0.907010972 -0.001855679 0.999873400 -0.015803210 -0.052234538 0.137656316 0.015908204 0.990352333 7.308709621
0.990471542 0.003375488 -0.137676910 -0.911247492 -0.005502245 0.999871314 -0.015069797 -0.052241396 0.137608334 0.015683737 0.990362525 7.334094048
0.990492582 0.003837629 -0.137513116 -0.915348172 -0.005788116 0.999888182 -0.013786949 -0.052434169 0.137444839 0.014451812 0.990403950 7.360775471
0.990558267 0.005236378 -0.136992767 -0.919531226 -0.007133556 0.999885261 -0.013361474 -0.053125739 0.136907086 0.014212563 0.990481913 7.387518406
0.990731716 0.006869208 -0.135658950 -0.924671471 -0.008958823 0.999850333 -0.014798960 -0.053393599 0.135536984 0.015877146 0.990644991 7.414112091
0.990633070 0.008738089 -0.136271015 -0.927875698 -0.011061066 0.999805927 -0.016298860 -0.053796969 0.136102155 0.017653491 0.990537524 7.440649033
0.990733743 0.008921886 -0.135524884 -0.931680799 -0.011682068 0.999740005 -0.019584989 -0.054556996 0.135314882 0.020986727 0.990580320 7.466623306
0.990735710 0.006554568 -0.135645017 -0.935142696 -0.009540400 0.999726117 -0.021373767 -0.055583715 0.135467723 0.022469863 0.990526974 7.493905544
0.990769506 0.003485537 -0.135512739 -0.938550532 -0.006325064 0.999769270 -0.020529069 -0.056207605 0.135409877 0.021196701 0.990562856 7.520227432
0.990849435 -0.001615790 -0.134961963 -0.941846788 -0.001409310 0.999749959 -0.022315916 -0.056405574 0.134964302 0.022301912 0.990599453 7.548563480
0.991025090 -0.005880001 -0.133546263 -0.946313560 0.002668046 0.999703109 -0.024217492 -0.057514042 0.133649021 0.023643833 0.990746617 7.574727535
0.990997612 -0.008518320 -0.133608237 -0.949308634 0.005427197 0.999709427 -0.023482881 -0.058363222 0.133769467 0.022546362 0.990755916 7.602376938
