0.999560237 -0.001032646 -0.029636206 -0.003559349 0.001093400 0.999997258 0.002033850 0.000183065 0.029634027 -0.002065360 0.999558687 0.045453869
0.999358237 -0.000114002 -0.035820436 -0.004336310 0.000210600 0.999996364 0.002692963 0.000649846 0.035819996 -0.002698778 0.999354601 0.057946801
0.999182999 0.000760359 -0.040405598 -0.005723514 -0.000593368 0.999991179 0.004144697 0.000236185 0.040408392 -0.004117335 0.999174774 0.059735581
0.998852611 0.002526641 -0.047823802 -0.005940882 -0.002303965 0.999986231 0.004710720 0.001581103 0.047835048 -0.004595130 0.998844683 0.074643731
0.998567760 0.004579720 -0.053305689 -0.007994775 -0.004284734 0.999974906 0.005646826 0.001926757 0.053330213 -0.005410338 0.998562217 0.083036803
0.998284817 0.006329482 -0.058199551 -0.010243717 -0.005953593 0.999960303 0.006629769 0.001918074 0.058239207 -0.006271901 0.998282969 0.091065519
0.997892976 0.007184328 -0.064481691 -0.011052212 -0.006754165 0.999953508 0.006886597 0.001668374 0.064528175 -0.006436566 0.997895300 0.099268131
0.997501075 0.008713640 -0.070112303 -0.013234958 -0.008253223 0.999942422 0.006853879 0.001376215 0.070167989 -0.006258098 0.997515500 0.106233284
0.997100294 0.010229065 -0.075408280 -0.015800655 -0.009808633 0.999934256 0.005943652 0.001781828 0.075464129 -0.005186765 0.997135043 0.118173450
0.996657848 0.011212803 -0.080915511 -0.017514721 -0.010790799 0.999925733 0.005650812 0.001974870 0.080972858 -0.004758783 0.996704936 0.132729858
0.996319473 0.011128600 -0.084992111 -0.019475959 -0.010655739 0.999925137 0.006015220 0.001234462 0.085052676 -0.005087427 0.996363461 0.143487930
0.995887458 0.010790883 -0.089953974 -0.020006415 -0.010283587 0.999928594 0.006101077 0.000982021 0.090013362 -0.005150937 0.995927274 0.160229072
0.995575666 0.010936724 -0.093324289 -0.023600403 -0.010431314 0.999928117 0.005901749 0.001535725 0.093382142 -0.004902143 0.995618284 0.175030649
0.995146632 0.008828077 -0.098006472 -0.026344404 -0.008082117 0.999935329 0.008005738 0.000622396 0.098070800 -0.007174783 0.995153606 0.193658248
0.994669020 0.008233953 -0.102789678 -0.028266879 -0.007457211 0.999940693 0.007938619 0.001087754 0.102848947 -0.007129774 0.994671404 0.212169871
0.994253516 0.008068930 -0.106746718 -0.032498401 -0.007439816 0.999952555 0.006290435 0.001570234 0.106792405 -0.005460113 0.994266272 0.233761564
0.993698359 0.007226143 -0.111854248 -0.034884322 -0.006668868 0.999963403 0.005355485 0.001110054 0.111888848 -0.004575795 0.993710160 0.254140049
0.993295610 0.006768578 -0.115404084 -0.039782315 -0.006299304 0.999970317 0.004430570 0.001335266 0.115430661 -0.003673900 0.993308723 0.277078986
0.992416859 0.004347270 -0.122840233 -0.041058965 -0.003873436 0.999984026 0.004095866 0.001250738 0.122856110 -0.003588993 0.992418051 0.302773803
0.991768181 0.001432560 -0.128038868 -0.046742786 -0.001300971 0.999998510 0.001111359 0.002620215 0.128040299 -0.000935636 0.991768539 0.328234941
0.990732849 -0.000826226 -0.135822624 -0.048981138 0.000643771 0.999998808 -0.001387247 0.002244187 0.135823652 0.001286952 0.990732193 0.352880359
0.990148365 0.000655171 -0.140021399 -0.056334324 -0.001583930 0.999977529 -0.006521642 0.003242568 0.140013978 0.006679175 0.990126967 0.380783021
0.989070356 0.002336097 -0.147425637 -0.061141312 -0.003686009 0.999953747 -0.008884027 0.003544446 0.147398084 0.009330339 0.989033163 0.407888323
0.988043845 0.001557483 -0.154164895 -0.067081884 -0.002643703 0.999973118 -0.006841068 0.002840714 0.154150099 0.007166842 0.988021493 0.439512640
0.986910880 -0.002905977 -0.161240503 -0.070609160 0.002274813 0.999989033 -0.004098894 0.002921289 0.161250651 0.003678450 0.986906588 0.469682723
0.985972941 -0.004941740 -0.166831821 -0.076971002 0.004457310 0.999984682 -0.003278012 0.003364609 0.166845441 0.002488410 0.985979974 0.503288507
0.985058486 -0.007276872 -0.172067076 -0.082296886 0.007069792 0.999973357 -0.001816280 0.002776468 0.172075689 0.000572664 0.985083580 0.533421099
0.984464645 -0.009400589 -0.175331816 -0.089188874 0.009143652 0.999955654 -0.002273239 0.002408004 0.175345421 0.000634750 0.984506786 0.566922724
0.984033346 -0.010845304 -0.177653611 -0.095207974 0.010310436 0.999939084 -0.003933672 0.002702177 0.177685484 0.002039179 0.984085202 0.599146545
0.983912766 -0.010188407 -0.178358689 -0.102543741 0.009446910 0.999942839 -0.005006138 0.002518872 0.178399473 0.003240665 0.983952761 0.634161770
0.983999550 -0.008595547 -0.177963287 -0.108704090 0.007881249 0.999957800 -0.004720281 0.001998680 0.177996367 0.003242182 0.984025776 0.667048275
0.984631360 -0.007606538 -0.174479738 -0.115506120 0.006758151 0.999962270 -0.005456011 0.001958122 0.174514666 0.004192999 0.984645605 0.702271163
0.985609412 -0.007737454 -0.168861672 -0.121268257 0.006434248 0.999945104 -0.008263411 0.002214519 0.168916330 0.007057997 0.985605121 0.735093236
0.986580670 -0.004137902 -0.163222820 -0.127019465 0.002525273 0.999945939 -0.010086164 0.002788622 0.163255736 0.009538630 0.986537695 0.771584213
0.987726927 -0.002860716 -0.156164512 -0.133997694 0.001176249 0.999940157 -0.010877836 0.002457126 0.156186283 0.010560645 0.987671137 0.807383776
0.988645792 -0.003330830 -0.150227785 -0.139187902 0.001727555 0.999940157 -0.010801527 0.001608239 0.150254801 0.010419359 0.988592386 0.841404080
0.989627182 -0.008932317 -0.143381432 -0.143764958 0.007568895 0.999920785 -0.010051697 0.000958010 0.143459857 0.008862196 0.989616513 0.877484024
0.990378320 -0.013425298 -0.137733430 -0.146264225 0.012209950 0.999878764 -0.009665047 0.000868112 0.137846470 0.007890336 0.990422189 0.914951384
0.991434872 -0.012927352 -0.129960611 -0.151814878 0.011696851 0.999879301 -0.010227155 0.000675557 0.130077153 0.008619430 0.991466343 0.947556078
0.992363930 -0.009673500 -0.122963622 -0.157023042 0.008433757 0.999908268 -0.010598693 0.000003072 0.123054884 0.009480717 0.992354572 0.984292746
0.993105292 -0.006349077 -0.117052689 -0.162918776 0.005119780 0.999928534 -0.010799749 -0.000119715 0.117112912 0.010126005 0.993066967 1.022148371
0.993743777 -0.006313163 -0.111505181 -0.166196257 0.005173743 0.999931455 -0.010504942 -0.000614468 0.111563846 0.009862322 0.993708253 1.055828571
0.994313657 -0.006701271 -0.106278986 -0.169890091 0.005668532 0.999933839 -0.010016342 -0.000754834 0.106339060 0.009356940 0.994285822 1.092598677
0.994751930 -0.008312721 -0.101977870 -0.173124254 0.007375083 0.999927044 -0.009568106 -0.001417599 0.102049962 0.008765796 0.994740605 1.130143285
0.995114744 -0.011611222 -0.098040029 -0.176633209 0.010754535 0.999899209 -0.009262072 -0.001947843 0.098137692 0.008162449 0.995139301 1.163831472
0.995372176 -0.014921304 -0.094930366 -0.178895444 0.014106190 0.999857724 -0.009251731 -0.002559959 0.095054895 0.007869808 0.995440900 1.201011777
0.995716035 -0.016731052 -0.090938605 -0.183537364 0.016024474 0.999835432 -0.008494477 -0.002933954 0.091065764 0.007000843 0.995820165 1.237715960
0.995864570 -0.017202286 -0.089206465 -0.185975045 0.016488194 0.999825835 -0.008735728 -0.003221165 0.089341208 0.007228748 0.995974839 1.271874666
0.996233702 -0.014894625 -0.085419610 -0.188916475 0.014168100 0.999858081 -0.009105344 -0.003977920 0.085543126 0.007860819 0.996303380 1.306495547
0.996557772 -0.011438545 -0.082108133 -0.192013755 0.010617148 0.999889135 -0.010433545 -0.004896317 0.082218379 0.009525878 0.996568799 1.339915991
0.996856630 -0.010720697 -0.078498103 -0.194180757 0.009850122 0.999885738 -0.011469233 -0.004954703 0.078612089 0.010659961 0.996848285 1.369659662
0.997238159 -0.011406369 -0.073389828 -0.195872217 0.010520413 0.999867260 -0.012447211 -0.005202860 0.073522054 0.011640742 0.997225642 1.399310350
0.997591257 -0.014379512 -0.067860387 -0.197166294 0.013476487 0.999814749 -0.013746205 -0.005194375 0.068045489 0.012798574 0.997600079 1.427405834
0.997904301 -0.015209252 -0.062893510 -0.199360132 0.014329183 0.999793291 -0.014420511 -0.005735627 0.063099839 0.013489079 0.997916102 1.454495907
0.998061121 -0.018287638 -0.059493124 -0.199226707 0.017367188 0.999721944 -0.015951999 -0.005987242 0.059768308 0.014887841 0.998101234 1.477784872
0.998290539 -0.019001924 -0.055268817 -0.199855596 0.018074507 0.999688208 -0.017231856 -0.006362783 0.055579014 0.016203443 0.998322845 1.500313401
0.998523533 -0.016789144 -0.051660113 -0.200637266 0.015863737 0.999707222 -0.018271513 -0.006630868 0.051951751 0.017425012 0.998497546 1.521481633
0.998681426 -0.015018047 -0.049090002 -0.201296151 0.014121207 0.999727905 -0.018565316 -0.007356802 0.049355458 0.017847627 0.998621821 1.541161776
0.998847306 -0.016194575 -0.045186389 -0.203440294 0.015359421 0.999705970 -0.018768761 -0.008201282 0.045477051 0.018053090 0.998802185 1.555147648
0.998973489 -0.016152581 -0.042320870 -0.203862399 0.015356842 0.999700427 -0.019060615 -0.008285489 0.042616069 0.018391134 0.998922229 1.569738388
0.999091148 -0.014959817 -0.039913740 -0.204710200 0.014219993 0.999722958 -0.018755574 -0.008523099 0.040183265 0.018170951 0.999027014 1.581407070
0.999161243 -0.013208970 -0.038758531 -0.204962119 0.012485282 0.999744177 -0.018854752 -0.009027082 0.038997658 0.018355023 0.999070704 1.591665149
0.999229312 -0.012048815 -0.037356399 -0.205460727 0.011266163 0.999714017 -0.021091171 -0.009304127 0.037599839 0.020654052 0.999079406 1.599824905
0.999288857 -0.012558697 -0.035553686 -0.206090420 0.011715233 0.999647319 -0.023833387 -0.009442803 0.035840467 0.023399921 0.999083519 1.607575178
0.999276996 -0.014352971 -0.035205659 -0.205845118 0.013447490 0.999576032 -0.025823142 -0.010015320 0.035561372 0.025331046 0.999046445 1.616276145
0.999274015 -0.015160506 -0.034953885 -0.206026360 0.014219331 0.999533713 -0.027019382 -0.010149378 0.035347212 0.026502740 0.999023616 1.625029206
0.999266624 -0.015048340 -0.035214037 -0.206719488 0.014093251 0.999530256 -0.027215211 -0.010136560 0.035607047 0.026698964 0.999009073 1.633923531
0.999230027 -0.014751260 -0.036354739 -0.207573175 0.013759529 0.999530435 -0.027380101 -0.010292035 0.036741562 0.026858794 0.998963714 1.643113613
0.999159575 -0.014200137 -0.038450401 -0.208718568 0.013137896 0.999528885 -0.027739400 -0.010524455 0.038826190 0.027210928 0.998875320 1.652349114
0.999000251 -0.014551181 -0.042270910 -0.209311962 0.013396298 0.999532700 -0.027476985 -0.010949809 0.042650986 0.026883237 0.998728216 1.662173867
0.998779833 -0.014789529 -0.047119427 -0.210280731 0.013504190 0.999531150 -0.027480828 -0.011106681 0.047503754 0.026810979 0.998511195 1.672079444
0.998511195 -0.014764263 -0.052510709 -0.210553259 0.013310099 0.999521136 -0.027935443 -0.011293691 0.052898005 0.027194928 0.998229504 1.682080388
0.998206496 -0.015258604 -0.057887688 -0.211672008 0.013652078 0.999513388 -0.028047150 -0.011488535 0.058287479 0.027206557 0.997929037 1.692646861
0.997884095 -0.014698160 -0.063333854 -0.213233083 0.012921529 0.999513924 -0.028370712 -0.011453345 0.063720062 0.027492316 0.997588992 1.703184605
0.997528076 -0.014218786 -0.068813950 -0.215082824 0.012282441 0.999518871 -0.028480619 -0.012089387 0.069185793 0.027565015 0.997222900 1.714199901
0.997070670 -0.014375633 -0.075122580 -0.216546863 0.012181683 0.999488115 -0.029581986 -0.012254544 0.075509407 0.028580215 0.996735394 1.726208091
0.996597588 -0.014501952 -0.081135750 -0.219384938 0.012024080 0.999448657 -0.030945525 -0.012095097 0.081539802 0.029864650 0.996222496 1.739321828
0.996005297 -0.015147560 -0.087998964 -0.221895576 0.012422659 0.999428749 -0.031430725 -0.012379956 0.088424794 0.030211991 0.995624542 1.752869487
0.995327890 -0.014708958 -0.095424861 -0.224242657 0.011757476 0.999437153 -0.031418785 -0.012990270 0.095833279 0.030150041 0.994940639 1.767763615
0.994474113 -0.014075472 -0.104034357 -0.226135239 0.010849165 0.999444485 -0.031513043 -0.013647426 0.104420125 0.030210221 0.994074285 1.783311486
0.993529797 -0.014301743 -0.112668052 -0.228672892 0.010771503 0.999433637 -0.031879805 -0.014163632 0.113060176 0.030459924 0.993121147 1.799868941
0.992592931 -0.014561300 -0.120612390 -0.232619524 0.010788450 0.999433577 -0.031874970 -0.014769346 0.121008217 0.030337641 0.992187858 1.818263531
0.991508901 -0.014751816 -0.129199460 -0.235878825 0.010840153 0.999462903 -0.030927258 -0.015324567 0.129586294 0.029264107 0.991136193 1.836822867
0.990462124 -0.013945767 -0.137077793 -0.239717424 0.009935067 0.999503553 -0.029899340 -0.015784733 0.137426734 0.028252287 0.990108848 1.857802153
0.989381373 -0.013530724 -0.144711986 -0.243726566 0.009432503 0.999535859 -0.028968597 -0.016303897 0.145036787 0.027295990 0.989049613 1.879333496
0.988355100 -0.014186569 -0.151502088 -0.248034820 0.009971892 0.999542832 -0.028542927 -0.016516205 0.151837766 0.026699783 0.988044679 1.901824355
0.987452745 -0.013317562 -0.157352686 -0.253343970 0.008973649 0.999559700 -0.028284507 -0.016842410 0.157660067 0.026517587 0.987137318 1.924892783
0.986373961 -0.013345309 -0.163976237 -0.257410765 0.008896921 0.999572933 -0.027832802 -0.018089831 0.164277628 0.025994668 0.986071527 1.949444532
0.985518694 -0.012019053 -0.169140399 -0.262498021 0.007345377 0.999574423 -0.028230587 -0.018160962 0.169407710 0.026579371 0.985187590 1.975855589
0.985066772 -0.012356332 -0.171728820 -0.267901361 0.007631774 0.999574721 -0.028144782 -0.019221473 0.172003552 0.026413895 0.984742165 2.002799749
0.984959781 -0.011354225 -0.172410220 -0.274451375 0.006582461 0.999580026 -0.028223360 -0.019600503 0.172658250 0.026663991 0.984620869 2.031276464
0.985092223 -0.010112825 -0.171729207 -0.279354483 0.005365870 0.999591172 -0.028083824 -0.020790074 0.171942979 0.026743678 0.984743774 2.060458660
0.985409617 -0.010130455 -0.169897377 -0.285174012 0.005291550 0.999568045 -0.028910005 -0.021803126 0.170116842 0.027589174 0.985037625 2.091967583
0.985624135 -0.012010197 -0.168525547 -0.290807724 0.006932259 0.999504924 -0.030687645 -0.022121225 0.168810695 0.029078215 0.985219479 2.125642776
0.985768199 -0.013404605 -0.167574853 -0.296500832 0.008286883 0.999478757 -0.031202000 -0.022757418 0.167905733 0.029369263 0.985365510 2.159469128
0.985924363 -0.013299313 -0.166662291 -0.302576661 0.008370752 0.999507606 -0.030239815 -0.022928279 0.166982457 0.028419081 0.985550225 2.195703983
0.986190021 -0.011760357 -0.165199503 -0.309538335 0.007300720 0.999592960 -0.027576806 -0.023483321 0.165456608 0.025989898 0.985874534 2.233199120
0.986252844 -0.010815984 -0.164889514 -0.315706968 0.006842650 0.999672771 -0.024645993 -0.024000000 0.165102139 0.023178900 0.986004114 2.272290945
0.986348033 -0.010845065 -0.164316833 -0.321745694 0.007751890 0.999780715 -0.019454027 -0.025817096 0.164491817 0.017914679 0.986215711 2.311407328
0.986627698 -0.009771444 -0.162696570 -0.329806685 0.007287111 0.999847591 -0.015859520 -0.026285712 0.162826777 0.014461854 0.986548662 2.351275682
0.986831427 -0.010501857 -0.161410168 -0.336076081 0.008504429 0.999878526 -0.013060784 -0.026928786 0.161527738 0.011516093 0.986800969 2.390914440
0.986957192 -0.010480918 -0.160641208 -0.343238801 0.008793742 0.999898434 -0.011210116 -0.028545272 0.160742402 0.009651266 0.986949205 2.432054758
0.987178922 -0.010078210 -0.159298733 -0.350262433 0.008267446 0.999893486 -0.012025760 -0.028674891 0.159402966 0.010554585 0.987157226 2.471115351
0.987269938 -0.009438805 -0.158773214 -0.356787980 0.007439481 0.999885440 -0.013181984 -0.029220026 0.158879444 0.011832989 0.987227082 2.512076378
0.987356603 -0.010938782 -0.158136874 -0.363128453 0.008764976 0.999857366 -0.014437280 -0.029205332 0.158272237 0.012868676 0.987311661 2.552435875
0.987604260 -0.011116629 -0.156570166 -0.369521797 0.008741537 0.999836206 -0.015849944 -0.029659145 0.156720713 0.014284808 0.987539649 2.593438387
0.987773895 -0.011292213 -0.155483603 -0.375642151 0.008817391 0.999823332 -0.016597446 -0.030002903 0.155643553 0.015023562 0.987699032 2.633209944
0.988154173 -0.011513051 -0.153032035 -0.384223878 0.009120417 0.999825060 -0.016327692 -0.031310230 0.153193280 0.014738558 0.988086343 2.675010204
0.988589883 -0.010488098 -0.150265977 -0.390750378 0.008145577 0.999835610 -0.016196199 -0.031799924 0.150411144 0.014787395 0.988512933 2.716485262
0.989162445 -0.010192549 -0.146471247 -0.397747904 0.008108014 0.999857306 -0.014821691 -0.032451611 0.146601424 0.013473467 0.989103973 2.757995129
0.989546061 -0.011081284 -0.143790767 -0.403978437 0.009073975 0.999852121 -0.014608232 -0.032926515 0.143931374 0.013150761 0.989500284 2.799388170
0.989991724 -0.011300866 -0.140672252 -0.410097837 0.009336374 0.999849558 -0.014617182 -0.033648741 0.140816271 0.013157520 0.989948273 2.841490507
0.990516782 -0.010944430 -0.136954665 -0.416769236 0.008935758 0.999843419 -0.015272911 -0.034260634 0.137100369 0.013904281 0.990459561 2.883681297
0.990929723 -0.010393362 -0.133978799 -0.421963871 0.008339869 0.999839067 -0.015879132 -0.034997411 0.134122297 0.014617739 0.990856946 2.923509359
0.991353393 -0.010093819 -0.130830690 -0.428056687 0.008021814 0.999834001 -0.016354676 -0.035696391 0.130974084 0.015163762 0.991269827 2.964805841
0.991844893 -0.009227892 -0.127115980 -0.433874816 0.007185916 0.999837816 -0.016513115 -0.036510505 0.127247736 0.015465005 0.991750419 3.004699707
0.992356837 -0.009363835 -0.123045601 -0.439834505 0.007308256 0.999826312 -0.017146571 -0.037097044 0.123184808 0.016116269 0.992252886 3.045212746
0.992851079 -0.009471099 -0.118983373 -0.444813728 0.007202839 0.999784350 -0.019479264 -0.037852038 0.119142205 0.018482989 0.992705166 3.085578203
0.993335366 -0.008712878 -0.114930272 -0.449690759 0.006361949 0.999763250 -0.020806240 -0.039017335 0.115084320 0.019936392 0.993155658 3.125677109
0.993779242 -0.009266861 -0.110981904 -0.453710645 0.006939823 0.999748230 -0.021335693 -0.039477091 0.111151680 0.020432774 0.993593395 3.164546967
0.994289935 -0.008529982 -0.106371060 -0.458593875 0.006276812 0.999749124 -0.021499008 -0.040965769 0.106527753 0.020708578 0.994094074 3.203292370
0.994684279 -0.008000013 -0.102661207 -0.462402642 0.005733782 0.999733746 -0.022350987 -0.042154919 0.102812678 0.021643538 0.994465232 3.242660761
0.995075107 -0.006707029 -0.098896630 -0.466383815 0.004384954 0.999709964 -0.023678515 -0.042435259 0.099026747 0.023128239 0.994815946 3.280921936
0.995368063 -0.006380119 -0.095925316 -0.471095830 0.004149006 0.999716640 -0.023440348 -0.043248814 0.096047685 0.022933779 0.995112479 3.318464518
0.995547354 -0.007917930 -0.093928643 -0.474116564 0.005827032 0.999729574 -0.022513933 -0.043974198 0.094081491 0.021866361 0.995324373 3.357354403
0.995843589 -0.008357436 -0.090695612 -0.478028297 0.006411497 0.999743342 -0.021725912 -0.045038898 0.090853915 0.021054115 0.995641589 3.396085024
0.996012151 -0.009430245 -0.088716082 -0.482299149 0.007438756 0.999713421 -0.022751810 -0.045077104 0.088905208 0.022001142 0.995797038 3.435999870
0.996155739 -0.009635504 -0.087067902 -0.485194474 0.007684845 0.999712527 -0.022711392 -0.045880567 0.087261699 0.021954982 0.995943487 3.473288059
0.996378899 -0.005815241 -0.084825441 -0.489210784 0.003906390 0.999735773 -0.022651929 -0.047587659 0.084934756 0.022238545 0.996138334 3.512105942
0.996588051 -0.002362185 -0.082502417 -0.493964702 0.000427970 0.999724865 -0.023454165 -0.048706170 0.082535118 0.023338834 0.996314883 3.551479816
0.996782303 0.000939519 -0.080150016 -0.498588979 -0.002987516 0.999672055 -0.025435952 -0.049618814 0.080099821 0.025593562 0.996458232 3.591501951
0.996855021 -0.000133424 -0.079247028 -0.501003385 -0.002030654 0.999627233 -0.027226804 -0.050406959 0.079221092 0.027302094 0.996483266 3.628711939
0.996932983 0.000898420 -0.078255102 -0.504617810 -0.003217276 0.999559343 -0.029510982 -0.051412784 0.078194104 0.029672237 0.996496499 3.668523550
0.996946096 -0.001789566 -0.078071766 -0.507132292 -0.000590686 0.999535918 -0.030454269 -0.051777609 0.078090027 0.030407373 0.996482551 3.708742857
0.996905923 -0.003636441 -0.078519501 -0.509662390 0.001484624 0.999622226 -0.027445888 -0.052067317 0.078589641 0.027244391 0.996534765 3.750239849
0.997074962 -0.004020779 -0.076323785 -0.515119672 0.002409418 0.999772489 -0.021192521 -0.052748621 0.076391645 0.020946639 0.996857762 3.788764000
0.997184634 -0.003401238 -0.074908033 -0.519983411 0.002299223 0.999887943 -0.014792906 -0.053637959 0.074949957 0.014579030 0.997080684 3.828383923
0.997135878 -0.001152977 -0.075622328 -0.522336125 0.000398253 0.999949932 -0.009994499 -0.054920115 0.075630061 0.009935758 0.997086346 3.869070053
0.997165680 0.001256528 -0.075225942 -0.526440501 -0.001906516 0.999961436 -0.008569293 -0.055090021 0.075212263 0.008688422 0.997129679 3.908568621
0.997224212 0.001267338 -0.074446291 -0.529311955 -0.001669279 0.999984384 -0.005337102 -0.056967963 0.074438378 0.005446559 0.997210741 3.949598551
0.997308552 0.000211807 -0.073318250 -0.532589793 -0.000560981 0.999988616 -0.004741890 -0.056860346 0.073316395 0.004770258 0.997297347 3.989848137
0.997392416 -0.003464458 -0.072085686 -0.535877943 0.003120603 0.999983311 -0.004882175 -0.056960385 0.072101384 0.004644494 0.997386515 4.028264523
0.997465611 -0.006503558 -0.070853919 -0.538377523 0.006041056 0.999958992 -0.006739893 -0.057212863 0.070894860 0.006294776 0.997463942 4.067250729
0.997509420 -0.009493528 -0.069891050 -0.540659308 0.008849473 0.999915540 -0.009519002 -0.057038289 0.069975525 0.008876797 0.997509181 4.106540680
0.997668684 -0.010501358 -0.067432053 -0.543622017 0.009888964 0.999906778 -0.009409038 -0.057767559 0.067524582 0.008720269 0.997679472 4.145534992
0.997970760 -0.007672058 -0.063209593 -0.547712207 0.007178977 0.999942064 -0.008024178 -0.058375910 0.063267484 0.007554113 0.997967958 4.182681084
0.998175442 -0.006386579 -0.060041532 -0.551174045 0.005940930 0.999953568 -0.007597933 -0.059235599 0.060087256 0.007227367 0.998166919 4.221466541
0.998305738 -0.007103326 -0.057749636 -0.552703679 0.006555987 0.999931812 -0.009661725 -0.059083387 0.057814322 0.009266749 0.998284280 4.259055138
0.998456001 -0.009203638 -0.054780319 -0.554611802 0.008620169 0.999903679 -0.010877854 -0.059614219 0.054875158 0.010388842 0.998439133 4.297232628
0.998552263 -0.010403463 -0.052772090 -0.554621756 0.009822386 0.999888361 -0.011258494 -0.060136888 0.052883320 0.010723850 0.998543143 4.334764004
0.998782456 -0.010374033 -0.048226643 -0.559239030 0.009839348 0.999887645 -0.011311125 -0.060604505 0.048338562 0.010822835 0.998772383 4.372030735
0.998889267 -0.010375419 -0.045961417 -0.560383618 0.009851854 0.999884129 -0.011603320 -0.061669350 0.046076484 0.011137625 0.998875797 4.410025597
0.999077380 -0.011013536 -0.041509062 -0.563616514 0.010428567 0.999843717 -0.014282797 -0.060270887 0.041659869 0.013836739 0.999036074 4.447849274
0.999164343 -0.011519879 -0.039214257 -0.564345598 0.010969949 0.999838710 -0.014210189 -0.061936576 0.039371639 0.013768135 0.999129891 4.483366966
0.999273062 -0.011365674 -0.036389127 -0.566111684 0.010799177 0.999818027 -0.015726594 -0.062524617 0.036561243 0.015322192 0.999213934 4.520224571
0.999367237 -0.010338233 -0.034031928 -0.567902386 0.009774050 0.999812782 -0.016702862 -0.063536495 0.034198228 0.016359664 0.999281108 4.556706905
0.999417782 -0.009669703 -0.032724075 -0.569617331 0.009083617 0.999796510 -0.018011525 -0.064075299 0.032891579 0.017703786 0.999302089 4.591674328
0.999430716 -0.009681101 -0.032320455 -0.571469784 0.009057251 0.999770939 -0.019392993 -0.064922214 0.032500792 0.019089218 0.999289393 4.627692223
0.999451220 -0.010038342 -0.031567123 -0.573391855 0.009373234 0.999732375 -0.021147577 -0.065364905 0.031770963 0.020840086 0.999277830 4.663343906
0.999452353 -0.010798260 -0.031277977 -0.574360549 0.010098365 0.999696910 -0.022448776 -0.065753073 0.031510908 0.022120627 0.999258518 4.698575497
0.999448180 -0.012254214 -0.030872183 -0.575496316 0.011584610 0.999695778 -0.021775838 -0.066706412 0.031129641 0.021406179 0.999286056 4.733496666
0.999459386 -0.012534250 -0.030393684 -0.576728225 0.011890305 0.999703050 -0.021275735 -0.066970013 0.030651329 0.020902848 0.999311507 4.768569946
0.999473393 -0.012479031 -0.029954750 -0.578604221 0.011862930 0.999716282 -0.020658065 -0.068233259 0.030204043 0.020291837 0.999337733 4.803072929
0.999471009 -0.011491540 -0.030424310 -0.580042601 0.010866208 0.999727845 -0.020639814 -0.068841517 0.030653216 0.020298297 0.999323964 4.836230755
0.999447286 -0.010391233 -0.031578869 -0.581348240 0.009766128 0.999754488 -0.019885210 -0.070013106 0.031777751 0.019565815 0.999303401 4.869406700
0.999443531 -0.009721943 -0.031907719 -0.583159924 0.009066964 0.999746501 -0.020608192 -0.070654511 0.032099973 0.020307422 0.999278367 4.901220798
0.999410570 -0.010347462 -0.032733042 -0.584515810 0.009650730 0.999724984 -0.021372108 -0.071274072 0.032945193 0.021043610 0.999235690 4.932559013
0.999365687 -0.010712770 -0.033961836 -0.585656404 0.009966865 0.999707162 -0.022056753 -0.072356880 0.034188159 0.021704268 0.999179721 4.963942528
0.999329627 -0.011443138 -0.034773547 -0.587508202 0.010618919 0.999660552 -0.023795469 -0.073000982 0.035034027 0.023410261 0.999111891 4.994524479
0.999248087 -0.012137881 -0.036823709 -0.588957191 0.011195981 0.999607563 -0.025677914 -0.073902123 0.037120923 0.025246328 0.998991847 5.024930954
0.999146163 -0.012443973 -0.039397653 -0.590226591 0.011393394 0.999576390 -0.026779210 -0.075077549 0.039714195 0.026307469 0.998864770 5.055170059
0.999062240 -0.013342739 -0.041189250 -0.591917992 0.012242641 0.999564469 -0.026846090 -0.075277150 0.041529510 0.026316650 0.998790622 5.084410191
0.998995006 -0.012082826 -0.043162420 -0.593582332 0.010943639 0.999587953 -0.026532572 -0.076264113 0.043465223 0.026033551 0.998715699 5.113748074
0.998938024 -0.010995698 -0.044741441 -0.595478296 0.009776659 0.999577463 -0.027374467 -0.076500207 0.045023531 0.026907980 0.998623431 5.143440723
0.998879194 -0.010391885 -0.046177261 -0.597587883 0.009135383 0.999584436 -0.027338658 -0.077277720 0.046442173 0.026886167 0.998559117 5.171455383
0.998814046 -0.010457703 -0.047551945 -0.598819852 0.009162378 0.999583185 -0.027377071 -0.077777430 0.047818430 0.026908914 0.998493552 5.198422909
0.998759031 -0.009246577 -0.048937127 -0.600711584 0.007956952 0.999617636 -0.026482224 -0.078716293 0.049163289 0.026059968 0.998450756 5.227092743
0.998671532 -0.010007931 -0.050547473 -0.602456570 0.008780693 0.999662638 -0.024442911 -0.079690680 0.050775044 0.023966594 0.998422503 5.255309105
0.998594820 -0.010475594 -0.051949594 -0.604703903 0.009336856 0.999711812 -0.022114513 -0.080900699 0.052166287 0.021598388 0.998404741 5.281962872
0.998444796 -0.011621762 -0.054524828 -0.606175065 0.010510230 0.999731958 -0.020628456 -0.081332766 0.054749951 0.020023305 0.998299301 5.309724331
0.998257399 -0.012811093 -0.057602476 -0.608010709 0.011690666 0.999736667 -0.019746147 -0.082031891 0.057840277 0.019038327 0.998144329 5.336748600
0.998033524 -0.013007334 -0.061318155 -0.610438108 0.011865758 0.999750078 -0.018944809 -0.082585663 0.061549250 0.018179968 0.997938514 5.362967014
0.997741282 -0.012314687 -0.066035487 -0.612171650 0.011138762 0.999773204 -0.018146193 -0.083142079 0.066243976 0.017369652 0.997652352 5.389074326
0.997472167 -0.010880187 -0.070220605 -0.614973545 0.009722555 0.999811471 -0.016806435 -0.084045708 0.070390239 0.016081227 0.997389913 5.415182590
0.997160017 -0.010062286 -0.074636564 -0.617794394 0.008941531 0.999842405 -0.015335127 -0.084616974 0.074779101 0.014624210 0.997092783 5.441584587
0.996876955 -0.009883192 -0.078349128 -0.620687246 0.008800844 0.999861181 -0.014147714 -0.085025273 0.078478076 0.013413994 0.996825576 5.466975212
0.996534288 -0.010087213 -0.082568891 -0.622955799 0.008968849 0.999863029 -0.013904347 -0.085321717 0.082697831 0.013115610 0.996488333 5.492459774
0.996212780 -0.010335599 -0.086331911 -0.626013160 0.009149095 0.999858320 -0.014127910 -0.085880831 0.086465694 0.013284547 0.996166229 5.517356396
0.995868802 -0.010499768 -0.090194210 -0.629092395 0.009223944 0.999851525 -0.014550479 -0.086296469 0.090333596 0.013658423 0.995817900 5.543284893
0.995529950 -0.010427994 -0.093868516 -0.631647110 0.009013129 0.999839485 -0.015484201 -0.086372182 0.094014920 0.014568936 0.995464087 5.568214893
0.995172560 -0.010426021 -0.097584754 -0.634546161 0.008963422 0.999840975 -0.015414393 -0.086696297 0.097729951 0.014465285 0.995107830 5.593951225
0.994868517 -0.010254862 -0.100654468 -0.636951804 0.008771071 0.999846339 -0.015172927 -0.086915962 0.100794591 0.014212219 0.994805753 5.619376183
0.994705141 -0.011036632 -0.102175526 -0.640298188 0.009468620 0.999830008 -0.015818564 -0.085779719 0.102332756 0.014767345 0.994640589 5.644212246
0.994599223 -0.010505272 -0.103257351 -0.642915130 0.009111525 0.999861062 -0.013960232 -0.088501550 0.103389665 0.012944003 0.994556665 5.669491291
0.994551718 -0.010949753 -0.103667989 -0.645687938 0.009586283 0.999861002 -0.013641438 -0.088622838 0.103802957 0.012573322 0.994518459 5.694236755
0.994491577 -0.012141560 -0.104111344 -0.647754550 0.010763434 0.999847054 -0.013788689 -0.088551432 0.104262829 0.012592138 0.994470060 5.718857765
0.994476438 -0.012831043 -0.104172185 -0.651391208 0.011453489 0.999839008 -0.013811296 -0.088893376 0.104332626 0.012541874 0.994463384 5.744335651
0.994376719 -0.013765856 -0.105000928 -0.654748201 0.012477398 0.999838650 -0.012917985 -0.089734629 0.105161808 0.011535209 0.994388282 5.769416809
0.994128525 -0.014306759 -0.107255585 -0.657044232 0.013063559 0.999839127 -0.012284710 -0.090480968 0.107414082 0.010811440 0.994155645 5.794439316
0.993849635 -0.014370955 -0.109801739 -0.660317123 0.013087695 0.999837399 -0.012398879 -0.090145975 0.109962098 0.010885570 0.993876159 5.819424152
0.993621111 -0.013870349 -0.111913085 -0.664299667 0.012495779 0.999837697 -0.012974617 -0.090456404 0.112074897 0.011493414 0.993633330 5.844098091
0.993374467 -0.012819867 -0.114204645 -0.667692363 0.011394431 0.999848843 -0.013125494 -0.091142349 0.114355661 0.011737233 0.993370533 5.868781567
0.993048131 -0.013063062 -0.116982050 -0.670897424 0.011630587 0.999848843 -0.012919555 -0.091881685 0.117133148 0.011469169 0.993049979 5.892749310
0.992708385 -0.012630149 -0.119877934 -0.674351037 0.011165216 0.999854624 -0.012884031 -0.091915533 0.120023258 0.011451622 0.992704988 5.918544292
0.992482007 -0.012084258 -0.121792935 -0.678183317 0.010611527 0.999862611 -0.012733504 -0.092152484 0.121930078 0.011345362 0.992473841 5.942818642
0.992237031 -0.012229360 -0.123757705 -0.681467414 0.010731133 0.999860942 -0.012765516 -0.092822999 0.123896621 0.011338358 0.992230356 5.965632915
0.992030501 -0.013749788 -0.125245333 -0.684815288 0.012146365 0.999834239 -0.013556948 -0.093312606 0.125410989 0.011927629 0.992033184 5.990476608
0.991863787 -0.014116632 -0.126518890 -0.688004732 0.012410383 0.999821186 -0.014264277 -0.093658254 0.126697645 0.012578070 0.991861701 6.014929771
0.991797328 -0.014681758 -0.126974344 -0.691768944 0.012878509 0.999804378 -0.015011024 -0.093730092 0.127169892 0.013252654 0.991792381 6.038464069
0.991669714 -0.014067406 -0.128036335 -0.695143759 0.012237362 0.999811590 -0.015068646 -0.094213918 0.128224164 0.013376293 0.991654992 6.063413620
0.991753280 -0.014313530 -0.127360091 -0.699200273 0.012542023 0.999813199 -0.014700581 -0.094648160 0.127546728 0.012981994 0.991747618 6.087449551
0.991881371 -0.014116989 -0.126381204 -0.702704012 0.012393230 0.999819279 -0.014415317 -0.094925225 0.126561880 0.012732011 0.991876960 6.111953259
0.991972744 -0.014798614 -0.125583082 -0.704878271 0.013133181 0.999814630 -0.014079228 -0.095554501 0.125768155 0.012316907 0.991983175 6.135585308
0.992173254 -0.013830989 -0.124100156 -0.707724452 0.012271447 0.999835908 -0.013322442 -0.095867492 0.124264061 0.011695283 0.992180228 6.160634041
0.992488146 -0.013186613 -0.121628433 -0.711391270 0.011648916 0.999843121 -0.013345020 -0.096560799 0.121785343 0.011827935 0.992485940 6.184310913
0.992759109 -0.012993401 -0.119418263 -0.714083910 0.011267094 0.999822319 -0.015119802 -0.096554071 0.119593501 0.013664827 0.992728889 6.208397388
0.993179381 -0.013552982 -0.115806133 -0.716900706 0.011718456 0.999795079 -0.016507555 -0.097148694 0.116006121 0.015037894 0.993134618 6.232489109
0.993616104 -0.013479319 -0.112006158 -0.718990505 0.011607331 0.999782205 -0.017348612 -0.097623795 0.112215593 0.015937770 0.993556142 6.256830692
0.994132698 -0.013261978 -0.107351154 -0.722325206 0.011350233 0.999766231 -0.018399796 -0.098402463 0.107570082 0.017073378 0.994050860 6.280353069
0.994559586 -0.013181291 -0.103332154 -0.724360526 0.011188373 0.999740481 -0.019842492 -0.098632596 0.103566892 0.018578423 0.994448960 6.304099083
0.994930208 -0.012870769 -0.099741265 -0.726651788 0.010836213 0.999722540 -0.020913335 -0.099475101 0.099982768 0.019726494 0.994793594 6.328167439
0.995314300 -0.013005154 -0.095813408 -0.729870141 0.010906353 0.999689639 -0.022396334 -0.099686623 0.096074939 0.021246418 0.995147288 6.353428841
0.995473862 -0.014355287 -0.093945026 -0.731240094 0.012133266 0.999633968 -0.024181008 -0.099266574 0.094257765 0.022931702 0.995283663 6.377418995
0.995644689 -0.015181461 -0.091984361 -0.733501196 0.012890670 0.999593198 -0.025447307 -0.100858822 0.092333257 0.024150740 0.995435238 6.399993896
0.995696843 -0.015137480 -0.091425203 -0.735805869 0.012665437 0.999539971 -0.027558930 -0.100680992 0.091800317 0.026282400 0.995430529 6.424233437
0.995669007 -0.014545489 -0.091824763 -0.738526225 0.012031441 0.999539077 -0.027873246 -0.101799533 0.092187867 0.026647743 0.995385051 6.448586941
0.995661616 -0.013719073 -0.092030346 -0.742623627 0.011074986 0.999512792 -0.029180039 -0.102235302 0.092385828 0.028034210 0.995328546 6.471937180
0.995414436 -0.013376459 -0.094715402 -0.744160056 0.010653517 0.999516904 -0.029196242 -0.103574425 0.095060162 0.028053312 0.995076180 6.497529507
0.995203435 -0.013515984 -0.096888527 -0.747051716 0.010835297 0.999545276 -0.028140722 -0.104122952 0.097224809 0.026955932 0.994897366 6.521131516
0.994790912 -0.016047884 -0.100666016 -0.748948872 0.013456662 0.999561727 -0.026367256 -0.104749233 0.101045027 0.024875274 0.994570851 6.547332764
0.994269967 -0.017796934 -0.105404995 -0.752190828 0.015041552 0.999525487 -0.026878469 -0.105077937 0.105833322 0.025139004 0.994066060 6.570567608
0.993739545 -0.017463503 -0.110348061 -0.756033778 0.014461724 0.999504864 -0.027944941 -0.105725199 0.110781439 0.026174175 0.993500054 6.595442295
0.993174613 -0.014614172 -0.115717873 -0.759700596 0.011449818 0.999543428 -0.027963098 -0.107090175 0.116073698 0.026447296 0.992888391 6.619341850
0.992563188 -0.012796668 -0.121055536 -0.763323247 0.009431798 0.999554217 -0.028328367 -0.108409770 0.121364079 0.026975928 0.992241442 6.644049644
0.992077470 -0.010632049 -0.125175774 -0.767865062 0.007065051 0.999557197 -0.028905444 -0.108373232 0.125427678 0.027792064 0.991713405 6.668118000
0.991616070 -0.006757407 -0.129042208 -0.771987975 0.002889303 0.999541521 -0.030139208 -0.108805649 0.129186690 0.029513679 0.991181076 6.691056728
0.991229415 -0.003221821 -0.132113472 -0.776029408 -0.000773098 0.999544263 -0.030176120 -0.109311402 0.132150486 0.030013587 0.990775168 6.715663910
0.991010308 -0.001762264 -0.133774042 -0.779916823 -0.002103571 0.999584317 -0.028751409 -0.110415891 0.133769095 0.028774343 0.990594745 6.739434719
0.990884185 -0.004758922 -0.134632304 -0.782465875 0.000930066 0.999593675 -0.028487969 -0.111434840 0.134713173 0.028103057 0.990486085 6.763107300
0.990856290 -0.008217147 -0.134670451 -0.786451578 0.004241739 0.999547601 -0.029779909 -0.111474782 0.134854227 0.028936375 0.990442812 6.788511753
0.990860343 -0.010845840 -0.134454697 -0.789450347 0.006879085 0.999528348 -0.029932100 -0.111599423 0.134715915 0.028733607 0.990467548 6.813680172
0.990869284 -0.010345643 -0.134428054 -0.792155564 0.006555938 0.999569356 -0.028603489 -0.111882113 0.134666070 0.027461017 0.990510404 6.838181019
0.991017997 -0.006920087 -0.133549049 -0.796061635 0.003459779 0.999652743 -0.026125081 -0.113663942 0.133683458 0.025428381 0.990697742 6.862984657
0.991196215 -0.006335110 -0.132249549 -0.800565541 0.002778820 0.999629974 -0.027058017 -0.113829724 0.132372022 0.026452305 0.990846992 6.886492252
0.991287470 -0.007729113 -0.131488994 -0.804224551 0.004105506 0.999604881 -0.027807061 -0.114702627 0.131651938 0.027024966 0.990927517 6.910716057
0.991417229 -0.009129485 -0.130416393 -0.807009518 0.005652946 0.999619246 -0.027002603 -0.115778953 0.130613267 0.026033606 0.991091490 6.935253143
0.991557240 -0.005936308 -0.129533634 -0.810790420 0.002680204 0.999676406 -0.025296984 -0.116416886 0.129641876 0.024736237 0.991252244 6.960792542
0.991584301 -0.002373193 -0.129441082 -0.814509332 -0.000796400 0.999701262 -0.024429504 -0.116911054 0.129460379 0.024326999 0.991286159 6.985414505
0.991691709 -0.001733815 -0.128625855 -0.819011390 -0.001243818 0.999733269 -0.023065640 -0.117336035 0.128631502 0.023033990 0.991424918 7.010739326
0.991760433 -0.000181138 -0.128105789 -0.822811663 -0.002726200 0.999742687 -0.022519112 -0.118390873 0.128076896 0.022682808 0.991504848 7.036037922
0.991850197 0.001491115 -0.127400443 -0.826581001 -0.004591596 0.999700308 -0.024046293 -0.118768543 0.127326399 0.024435293 0.991559803 7.061136723
0.991798818 0.003184733 -0.127770036 -0.829691648 -0.006508612 0.999650955 -0.025605472 -0.119245201 0.127643883 0.026227076 0.991473258 7.086472988
0.991852403 0.003256784 -0.127350777 -0.832743883 -0.006978158 0.999561191 -0.028786214 -0.120392688 0.127201155 0.029440347 0.991439939 7.111400127
0.991916537 0.001219733 -0.126886353 -0.836432099 -0.005174099 0.999511003 -0.030839708 -0.121322535 0.126786679 0.031246942 0.991437793 7.137017727
0.991870522 -0.002171709 -0.127232447 -0.839176059 -0.001675007 0.999544919 -0.030118976 -0.122067280 0.127239972 0.030087238 0.991415501 7.162661076
0.991986573 -0.006990512 -0.126149461 -0.842352033 0.003040985 0.999499917 -0.031473786 -0.122866243 0.126306385 0.030837953 0.991511822 7.188838959
0.991974115 -0.011511165 -0.125915647 -0.844740987 0.007305768 0.999401629 -0.033809487 -0.123612925 0.126229480 0.032618232 0.991464555 7.214312077
0.991978467 -0.014116520 -0.125616223 -0.848066330 0.010031221 0.999401867 -0.033095427 -0.124708310 0.126008287 0.031569865 0.991526723 7.240272522
0.991924226 -0.014024978 -0.126054272 -0.849980175 0.009965952 0.999413192 -0.032773800 -0.124618635 0.126439959 0.031252872 0.991481841 7.266141415
0.992239177 -0.009607998 -0.123973005 -0.856545389 0.005616976 0.999455869 -0.032502126 -0.124847800 0.124217845 0.031553525 0.991753161 7.294017792
0.992340624 -0.002818793 -0.123499386 -0.861819923 -0.001193114 0.999474287 -0.032399245 -0.124920107 0.123525791 0.032298435 0.991815627 7.320662975
0.992242932 0.002394671 -0.124291502 -0.865811706 -0.006385791 0.999476314 -0.031722508 -0.126111031 0.124150462 0.032270133 0.991738558 7.347709179
0.992280722 0.001129947 -0.124007300 -0.869612277 -0.004809228 0.999556839 -0.029374570 -0.126712799 0.123919159 0.029744191 0.991846383 7.374114037
0.992153525 -0.002568115 -0.124999329 -0.872416854 -0.000305117 0.999736309 -0.022961408 -0.128226250 0.125025332 0.022819385 0.991891086 7.404048443
0.992102444 -0.002523586 -0.125404507 -0.876356959 0.000147154 0.999820232 -0.018955775 -0.128656611 0.125429809 0.018787619 0.991924584 7.431927204
0.992074788 0.000686788 -0.125647128 -0.880640686 -0.002353847 0.999911129 -0.013119803 -0.129549563 0.125626951 0.013311582 0.991988301 7.459383488
0.991992712 -0.000373132 -0.126294762 -0.884121180 -0.000787387 0.999957860 -0.009138923 -0.129573479 0.126292855 0.009165186 0.991950631 7.489563942
0.992047548 -0.002882195 -0.125831813 -0.887429237 0.001919744 0.999967992 -0.007769314 -0.130343050 0.125850156 0.007465962 0.992021143 7.518544197
