0.999976039 0.002388586 -0.006496592 -0.000855619 -0.002330796 0.999957800 0.008888389 0.000028577 0.006517550 -0.008873034 0.999939382 0.055837035
0.999963820 0.004538962 -0.007197120 -0.004132455 -0.004469394 0.999943435 0.009652739 -0.000299959 0.007240526 -0.009620225 0.999927521 0.060693327
0.999944627 0.005550669 -0.008941639 -0.007728497 -0.005465169 0.999939382 0.009558305 -0.000638325 0.008994153 -0.009508909 0.999914348 0.070630677
0.999871373 0.005324386 -0.015128911 -0.003622089 -0.005189988 0.999946833 0.008908864 0.000823871 0.015175541 -0.008829202 0.999845862 0.079501286
0.999796987 0.005910366 -0.019259194 -0.003719707 -0.005723589 0.999936223 0.009738792 0.000857667 0.019315530 -0.009626582 0.999767005 0.085017659
0.999733865 0.006506700 -0.022131236 -0.004563154 -0.006254082 0.999914765 0.011464706 0.000950354 0.022203943 -0.011323242 0.999689341 0.089834064
0.999653995 0.007022236 -0.025347881 -0.004276731 -0.006700702 0.999896288 0.012747617 0.000925116 0.025434764 -0.012573359 0.999597430 0.094312280
0.999606848 0.005600078 -0.027476197 -0.005414909 -0.005250736 0.999904692 0.012770106 0.001108167 0.027545094 -0.012620813 0.999540925 0.097858168
0.999523640 0.004165808 -0.030579509 -0.005473798 -0.003788457 0.999916077 0.012387577 0.000658462 0.030628549 -0.012265827 0.999455571 0.095363609
0.999423504 0.003143805 -0.033805933 -0.005853488 -0.002760101 0.999931335 0.011390860 0.000706492 0.033839427 -0.011290986 0.999363422 0.100290492
0.999277830 0.003469319 -0.037837323 -0.006827751 -0.003028116 0.999926805 0.011711606 0.000371651 0.037875190 -0.011588573 0.999215305 0.105876587
0.999061525 0.003948301 -0.043130394 -0.007905182 -0.003418332 0.999917805 0.012354447 0.000983202 0.043175627 -0.012195420 0.998993039 0.113987498
0.998803496 0.005507741 -0.048590910 -0.008759798 -0.004903495 0.999909222 0.012545836 0.002150804 0.048655599 -0.012292558 0.998739958 0.121335253
0.998519659 0.006861447 -0.053955615 -0.010548795 -0.006084152 0.999875426 0.014557272 0.001656365 0.054048769 -0.014207447 0.998437226 0.128885850
0.998141825 0.008991160 -0.060265005 -0.012024002 -0.008065484 0.999845862 0.015585818 0.002236600 0.060395855 -0.015070792 0.998060703 0.137684673
0.997774482 0.010470109 -0.065850593 -0.013768501 -0.009389527 0.999816537 0.016697744 0.002292192 0.066013314 -0.016042283 0.997689784 0.147993520
0.997354567 0.011981904 -0.071695767 -0.015401363 -0.010892534 0.999819577 0.015566082 0.003243167 0.071869336 -0.014743958 0.997305095 0.157884046
0.996901214 0.013168663 -0.077552840 -0.016970623 -0.011908028 0.999789715 0.016695254 0.002140159 0.077756383 -0.015720019 0.996848404 0.165006429
0.996480942 0.014705208 -0.082518347 -0.019892205 -0.013470850 0.999789238 0.015495470 0.002979163 0.082728803 -0.014329350 0.996469140 0.176626176
0.995970130 0.015358273 -0.088359766 -0.020734552 -0.014008781 0.999775887 0.015872657 0.002510820 0.088583745 -0.014570881 0.995962143 0.185417846
0.995569110 0.015346237 -0.092772111 -0.022710731 -0.013946194 0.999779165 0.015720764 0.002575587 0.092992879 -0.014357290 0.995563269 0.199325174
0.995193422 0.015242230 -0.096735261 -0.024547916 -0.013793509 0.999782681 0.015627293 0.002519279 0.096952423 -0.014217860 0.995187461 0.213029742
0.994783580 0.015142483 -0.100878306 -0.027606422 -0.013655064 0.999787867 0.015418951 0.003308833 0.101090379 -0.013961019 0.994779289 0.229103178
0.994313121 0.013004132 -0.105699167 -0.029564176 -0.011193461 0.999780595 0.017705651 0.002371994 0.105906226 -0.016421821 0.994240522 0.245654717
0.993813515 0.012588966 -0.110345803 -0.032261468 -0.010624202 0.999774754 0.018375438 0.002612406 0.110552281 -0.017089423 0.993723333 0.265257657
0.993322372 0.011809057 -0.114765354 -0.035418283 -0.009902504 0.999803662 0.017168542 0.002927648 0.114945546 -0.015917437 0.993244231 0.283623427
0.992785811 0.011187913 -0.119377680 -0.038811218 -0.009406892 0.999835968 0.015472300 0.003125728 0.119531207 -0.014237709 0.992728293 0.305554688
0.992229581 0.010960520 -0.123936675 -0.042488120 -0.009173456 0.999845624 0.014980669 0.003481252 0.124081746 -0.013727338 0.992177010 0.327468246
0.991506875 0.008845882 -0.129752949 -0.045707893 -0.007072789 0.999875247 0.014119584 0.003951474 0.129861653 -0.013081953 0.991445720 0.351591676
0.990651250 0.005530960 -0.136306748 -0.049451344 -0.003922154 0.999919474 0.012068583 0.004628009 0.136362508 -0.011421138 0.990593314 0.375416398
0.989741743 0.003792383 -0.142818123 -0.053877678 -0.002562149 0.999958038 0.008796914 0.005519624 0.142845526 -0.008340752 0.989709914 0.401811123
0.988875985 0.004398430 -0.148677170 -0.058733761 -0.003852574 0.999984741 0.003959215 0.006201802 0.148692325 -0.003342383 0.988877833 0.426700354
0.987921834 0.006739129 -0.154806376 -0.064984992 -0.006529868 0.999976933 0.001860228 0.006335465 0.154815361 -0.000826894 0.987943053 0.453824133
0.986812711 0.005582009 -0.161769584 -0.070347369 -0.005158894 0.999981999 0.003035476 0.007113943 0.161783621 -0.002160894 0.986823916 0.483033329
0.985648215 0.001423311 -0.168806165 -0.074107505 -0.000356758 0.999979734 0.006348372 0.007159514 0.168811798 -0.006197039 0.985628903 0.513255537
0.984748900 -0.001062562 -0.173979208 -0.081164293 0.002414831 0.999968410 0.007561095 0.007275710 0.173965678 -0.007865908 0.984720290 0.544778883
0.983886957 -0.002837026 -0.178769410 -0.087578952 0.004441846 0.999953330 0.008577423 0.007425644 0.178736746 -0.009233280 0.983853579 0.575861812
0.983114004 -0.004475506 -0.182938680 -0.093542814 0.005966939 0.999953210 0.007603010 0.007639634 0.182896107 -0.008566210 0.983094871 0.607855260
0.982804477 -0.005830166 -0.184557557 -0.100280747 0.007141889 0.999953568 0.006443427 0.007905344 0.184511453 -0.007650716 0.982800663 0.639993310
0.982593775 -0.005474802 -0.185686275 -0.106999829 0.006699126 0.999959707 0.005966716 0.007785438 0.185646132 -0.007106794 0.982590914 0.672616601
0.982890785 -0.003431449 -0.184157088 -0.114560843 0.004632083 0.999970615 0.006089821 0.007617437 0.184130803 -0.006838659 0.982877910 0.705516994
0.983493626 -0.002705214 -0.180922270 -0.121275172 0.003706794 0.999979675 0.005198094 0.008071676 0.180904508 -0.005782933 0.983483613 0.739597797
0.984377146 -0.002827592 -0.176049903 -0.126694202 0.003247805 0.999992549 0.002098801 0.008737469 0.176042631 -0.002637787 0.984378994 0.771864533
0.985423207 0.000861916 -0.170118541 -0.132518783 -0.000772350 0.999999523 0.000592670 0.009153193 0.170118943 -0.000452640 0.985423386 0.805972099
0.986563385 0.002285766 -0.163362801 -0.139639020 -0.002341348 0.999997318 -0.000147692 0.009144094 0.163362026 0.000528196 0.986566007 0.840693414
0.987491548 0.001423521 -0.157665655 -0.144399136 -0.001530671 0.999998689 -0.000558177 0.009300949 0.157664597 0.000792529 0.987492502 0.874386013
0.988494992 -0.004222698 -0.151194841 -0.148494691 0.004302596 0.999990761 0.000201302 0.008890424 0.151192591 -0.000849516 0.988503993 0.909469545
0.989368677 -0.008029928 -0.145207033 -0.152366340 0.008137564 0.999966860 0.000147310 0.009521223 0.145201027 -0.001327375 0.989401281 0.945520580
0.990415215 -0.008849085 -0.137838200 -0.157398760 0.008903041 0.999960363 -0.000225087 0.009857675 0.137834758 -0.001004250 0.990454733 0.978535771
0.991385281 -0.005434349 -0.130865186 -0.162965685 0.005440920 0.999985158 -0.000307336 0.009322621 0.130864918 -0.000407338 0.991400123 1.013661861
0.992125452 -0.001968859 -0.125231951 -0.167379916 0.001898119 0.999998033 -0.000684169 0.009550201 0.125233054 0.000441076 0.992127299 1.049342990
0.992823958 -0.001494964 -0.119575359 -0.172178015 0.001443125 0.999998927 -0.000520116 0.009467117 0.119575985 0.000343821 0.992824972 1.084029913
0.993428171 -0.001901821 -0.114441559 -0.175702721 0.001949176 0.999998033 0.000301896 0.009063200 0.114440762 -0.000522979 0.993429899 1.119130254
0.993980050 -0.003619220 -0.109501570 -0.180401504 0.003717245 0.999992847 0.000691071 0.008927454 0.109498300 -0.001093955 0.993986309 1.155731916
0.994306445 -0.007090027 -0.106321514 -0.183184937 0.007234309 0.999973297 0.000971417 0.008885476 0.106311798 -0.001735049 0.994331300 1.189013124
0.994600296 -0.011185586 -0.103174001 -0.186122090 0.011346423 0.999935210 0.000972106 0.009115181 0.103156447 -0.002137513 0.994662821 1.225911498
0.994969964 -0.012727970 -0.099361666 -0.190608770 0.012980703 0.999913931 0.001897460 0.008629232 0.099328950 -0.003177700 0.995049596 1.260581851
0.995134652 -0.012759437 -0.097694345 -0.193043768 0.012937129 0.999915600 0.001185596 0.008999074 0.097670980 -0.002443712 0.995215774 1.294977188
0.995489419 -0.010574154 -0.094282150 -0.196070686 0.010674983 0.999942839 0.000565137 0.008798187 0.094270810 -0.001569048 0.995545328 1.328781009
0.995882750 -0.007404456 -0.090346947 -0.200190634 0.007376409 0.999972582 -0.000644340 0.008250209 0.090349264 -0.000024749 0.995910108 1.361299753
0.996215880 -0.006658315 -0.086657964 -0.203023076 0.006550123 0.999977350 -0.001532785 0.008307640 0.086666219 0.000959364 0.996236861 1.390674949
0.996667564 -0.006981093 -0.081271678 -0.205064237 0.006798696 0.999973655 -0.002520814 0.008492756 0.081287138 0.001959872 0.996688724 1.419315577
0.997053564 -0.010051833 -0.076047659 -0.206768751 0.009805357 0.999945402 -0.003613767 0.008194452 0.076079845 0.002857444 0.997097552 1.447015524
0.997376680 -0.011451634 -0.071474582 -0.208265021 0.011170344 0.999928236 -0.004333997 0.008045094 0.071519099 0.003524231 0.997433007 1.472871184
0.997602582 -0.014496727 -0.067667559 -0.209544390 0.014127209 0.999882519 -0.005936155 0.007782102 0.067745663 0.004965970 0.997690260 1.495659947
0.997883141 -0.015015688 -0.063275091 -0.210683376 0.014576157 0.999866307 -0.007402290 0.007944231 0.063377775 0.006464313 0.997968614 1.517845750
0.998155236 -0.012708003 -0.059368201 -0.212231934 0.012226648 0.999889374 -0.008464199 0.007875872 0.059469193 0.007722711 0.998200238 1.537880182
0.998334348 -0.010972099 -0.056641389 -0.213513643 0.010482551 0.999905050 -0.008932908 0.007496539 0.056734040 0.008324282 0.998354614 1.555880070
0.998486936 -0.011838666 -0.053699180 -0.213944227 0.011368229 0.999894321 -0.009057592 0.006921845 0.053800736 0.008433422 0.998516083 1.571649790
0.998640895 -0.012410146 -0.050619822 -0.214828223 0.011953874 0.999885261 -0.009306517 0.006584626 0.050729509 0.008688768 0.998674631 1.585100651
0.998786867 -0.011125467 -0.047969259 -0.216064513 0.010716003 0.999903977 -0.008784683 0.006132227 0.048062392 0.008259988 0.998810172 1.596197486
0.998859107 -0.009039916 -0.046891849 -0.216269627 0.008623458 0.999921620 -0.009075993 0.005876014 0.046970222 0.008661268 0.998858809 1.606577396
0.998916805 -0.008321168 -0.045779649 -0.216563627 0.007812547 0.999905884 -0.011277894 0.005843289 0.045869183 0.010908022 0.998887837 1.615170240
0.998985410 -0.008896275 -0.044148345 -0.217083365 0.008284815 0.999867499 -0.014013844 0.005909821 0.044267163 0.013633866 0.998926699 1.622943878
0.998993278 -0.010336920 -0.043653339 -0.217313826 0.009636700 0.999821961 -0.016220629 0.005646328 0.043813247 0.015783619 0.998915076 1.630786061
0.998978317 -0.011530184 -0.043695491 -0.217108712 0.010794905 0.999796867 -0.017026111 0.005242588 0.043882936 0.016537027 0.998899877 1.639046073
0.998959899 -0.012091094 -0.043963142 -0.217921168 0.011360165 0.999793708 -0.016837979 0.004849060 0.044157654 0.016321037 0.998891294 1.647859812
0.998915434 -0.011490531 -0.045121279 -0.218877807 0.010726218 0.999795556 -0.017144835 0.005040945 0.045309056 0.016642258 0.998834431 1.657004356
0.998834074 -0.010491030 -0.047119681 -0.220107853 0.009671724 0.999798656 -0.017582193 0.005033478 0.047294647 0.017105967 0.998734474 1.665339112
0.998647630 -0.010923035 -0.050828338 -0.221095517 0.010049203 0.999797881 -0.017415714 0.004624333 0.051008292 0.016881380 0.998555481 1.675150871
0.998391509 -0.011212652 -0.055575211 -0.222131401 0.010262229 0.999796689 -0.017357502 0.004394155 0.055758536 0.016759258 0.998303592 1.684634924
0.998116910 -0.011736115 -0.060206700 -0.223552883 0.010691096 0.999787152 -0.017650066 0.004326651 0.060401030 0.016973155 0.998029888 1.693809628
0.997792780 -0.011693421 -0.065365978 -0.224722117 0.010527636 0.999779880 -0.018150840 0.004545262 0.065563828 0.017422626 0.997696340 1.704226136
0.997452676 -0.011159027 -0.070450611 -0.226818457 0.009907942 0.999787390 -0.018082879 0.004367821 0.070637405 0.017338797 0.997351348 1.714698911
0.997024953 -0.010835203 -0.076312795 -0.228561223 0.009430510 0.999779880 -0.018743435 0.004286487 0.076499097 0.017968003 0.996907711 1.725385666
0.996568978 -0.010729404 -0.082066894 -0.231093496 0.009181263 0.999773145 -0.019218568 0.003896452 0.082254492 0.018399147 0.996441424 1.736668944
0.995946527 -0.011231232 -0.089242563 -0.231914371 0.009442305 0.999746442 -0.020442609 0.004119378 0.089449525 0.019517090 0.995800138 1.749796510
0.995314479 -0.011624541 -0.095989972 -0.234558240 0.009634187 0.999729395 -0.021172529 0.004178576 0.096210122 0.020148536 0.995157123 1.763034821
0.994568110 -0.011508360 -0.103449710 -0.236939549 0.009364537 0.999731719 -0.021185210 0.003887843 0.103665784 0.020101376 0.994409084 1.777402997
0.993677139 -0.010510159 -0.111782290 -0.239647731 0.008137473 0.999732256 -0.021661054 0.003594659 0.111980043 0.020614468 0.993496597 1.792738914
0.992714942 -0.010356438 -0.120040983 -0.243112087 0.007797002 0.999732494 -0.021771472 0.002995703 0.120234355 0.020676907 0.992530167 1.809675813
0.991733313 -0.010769100 -0.127863601 -0.247124583 0.008066010 0.999733329 -0.021639455 0.002577625 0.128062516 0.020429222 0.991555691 1.827034831
0.990638554 -0.010808924 -0.136082798 -0.250837624 0.008069696 0.999753892 -0.020664724 0.002299298 0.136272684 0.019373124 0.990481913 1.845486045
0.989471197 -0.010283543 -0.144364268 -0.254383087 0.007515621 0.999777555 -0.019705471 0.002042901 0.144534796 0.018413009 0.989328325 1.865990400
0.988320768 -0.009788007 -0.152072683 -0.258366227 0.006980795 0.999795437 -0.018982617 0.002118729 0.152227402 0.017699327 0.988187015 1.886592150
0.987258136 -0.010757501 -0.158762619 -0.262824059 0.007977702 0.999803722 -0.018136114 0.001586739 0.158926547 0.016638469 0.987150192 1.908517957
0.986200511 -0.010225673 -0.165238798 -0.267458797 0.007358544 0.999811769 -0.017954305 0.001210857 0.165391281 0.016490629 0.986090243 1.931390643
0.985196769 -0.009956127 -0.171138287 -0.272855997 0.007037214 0.999819517 -0.017654076 0.000496581 0.171283156 0.016188400 0.985088885 1.955149770
0.984335959 -0.008813065 -0.176082179 -0.278074205 0.005757127 0.999823868 -0.017858513 0.000660922 0.176208586 0.016565047 0.984213471 1.980468512
0.983880460 -0.008678004 -0.178616434 -0.283962965 0.005594275 0.999826491 -0.017760975 -0.000158519 0.178739607 0.016475445 0.983758450 2.007198572
0.983694553 -0.007668087 -0.179683834 -0.289673954 0.004514267 0.999828577 -0.017954385 -0.000375785 0.179790750 0.016850488 0.983560622 2.034698963
0.983958840 -0.006527813 -0.178275526 -0.296319008 0.003424597 0.999837279 -0.017709039 -0.000953555 0.178362131 0.016814444 0.983821273 2.063728571
0.984183311 -0.006873139 -0.177019507 -0.301523715 0.003599025 0.999816656 -0.018810228 -0.001658838 0.177116334 0.017875617 0.984027565 2.094286203
0.984386027 -0.008891664 -0.175798357 -0.307051003 0.005343607 0.999772549 -0.020645641 -0.001259420 0.175941944 0.019383883 0.984209657 2.126690626
0.984589636 -0.010243783 -0.174580112 -0.313588947 0.006581219 0.999746203 -0.021545308 -0.001248062 0.174756497 0.020064339 0.984407127 2.159756422
0.984735250 -0.009645049 -0.173791513 -0.320291162 0.006221440 0.999775827 -0.020233545 -0.001809929 0.173947707 0.018843452 0.984574616 2.195836544
0.984957337 -0.008899705 -0.172567919 -0.326418608 0.005985106 0.999830723 -0.017402548 -0.001648769 0.172693565 0.016107930 0.984843850 2.231303692
0.985107541 -0.007538060 -0.171773955 -0.333793133 0.005208704 0.999888301 -0.014007274 -0.002187317 0.171860367 0.012903950 0.985036731 2.269446135
0.985346973 -0.006842737 -0.170424595 -0.341277063 0.005245589 0.999937952 -0.009820113 -0.002919875 0.170481220 0.008782241 0.985321701 2.307320595
0.985509336 -0.005871782 -0.169519603 -0.348168492 0.004962295 0.999970913 -0.005788256 -0.003431848 0.169548661 0.004863174 0.985509813 2.345988989
0.985685289 -0.006578713 -0.168467820 -0.355182767 0.006077914 0.999975383 -0.003488156 -0.003553985 0.168486640 0.002414290 0.985700905 2.385450602
0.985947847 -0.006811939 -0.166914478 -0.362692177 0.006625304 0.999976635 -0.001674964 -0.004070291 0.166921958 0.000545568 0.985969961 2.422982216
0.986180127 -0.006785440 -0.165537775 -0.369955719 0.006553011 0.999976575 -0.001950205 -0.004249382 0.165547132 0.000838483 0.986201584 2.462080002
0.986265719 -0.006975804 -0.165018722 -0.376954377 0.006487418 0.999972761 -0.003498366 -0.003727293 0.165038615 0.002379773 0.986284256 2.501710653
0.986521780 -0.007056613 -0.163477659 -0.384800225 0.006351524 0.999968052 -0.004835339 -0.003367764 0.163506597 0.003731834 0.986535251 2.540729284
0.986636341 -0.007472917 -0.162766069 -0.390211970 0.006588791 0.999960482 -0.005971025 -0.003690713 0.162804231 0.004818798 0.986646593 2.578821421
0.986862481 -0.007546975 -0.161385685 -0.396748245 0.006618455 0.999958336 -0.006290248 -0.004107053 0.161426410 0.005139486 0.986871362 2.619136810
0.987072527 -0.007524252 -0.160097793 -0.403446734 0.006529045 0.999956012 -0.006741388 -0.004077088 0.160141453 0.005608953 0.987078130 2.659834146
0.987605453 -0.006558856 -0.156819522 -0.409610361 0.005646004 0.999964356 -0.006265793 -0.005020414 0.156855047 0.005302728 0.987607360 2.698780298
0.988152325 -0.007217599 -0.153306514 -0.417495877 0.006561842 0.999967039 -0.004782975 -0.005284847 0.153335989 0.003720334 0.988167107 2.737989664
0.988610148 -0.007896336 -0.150292099 -0.423789471 0.007244174 0.999961853 -0.004886291 -0.004767843 0.150324970 0.003741893 0.988629639 2.778031349
0.989052296 -0.008731348 -0.147307470 -0.430003732 0.007989319 0.999952257 -0.005628206 -0.003850324 0.147349566 0.004389703 0.989074826 2.818699360
0.989502490 -0.009734210 -0.144187331 -0.435455203 0.008974032 0.999942183 -0.005921599 -0.003620445 0.144236639 0.004565495 0.989532709 2.858675241
0.989992321 -0.007151386 -0.140940025 -0.441906810 0.006328994 0.999960363 -0.006282426 -0.005380733 0.140979320 0.005327546 0.989998221 2.896683931
0.990367472 -0.007662059 -0.138251960 -0.447112799 0.006827263 0.999955475 -0.006511461 -0.005888725 0.138295680 0.005504855 0.990375757 2.936051130
0.990877688 -0.007201826 -0.134571478 -0.452657074 0.006371979 0.999958038 -0.006596281 -0.006199179 0.134613320 0.005678621 0.990881979 2.974860430
0.991215289 -0.008702822 -0.131971374 -0.457047939 0.007543274 0.999928415 -0.009283761 -0.003510734 0.132042721 0.008206708 0.991210043 3.016709805
0.991830945 -0.007873526 -0.127315655 -0.463240027 0.006702613 0.999931216 -0.009622746 -0.006372374 0.127382651 0.008690790 0.991815567 3.052795649
0.992379725 -0.007455102 -0.122991137 -0.468531549 0.006102957 0.999916732 -0.011366920 -0.006234540 0.123065636 0.010529690 0.992342710 3.091210127
0.992829561 -0.009256538 -0.119179696 -0.472374558 0.007875883 0.999896407 -0.012050455 -0.005610213 0.119278871 0.011025403 0.992799640 3.129281282
0.993347287 -0.008916826 -0.114811160 -0.478197157 0.007549597 0.999895334 -0.012337834 -0.006620996 0.114909172 0.011388976 0.993310690 3.168643951
0.993861854 -0.006754220 -0.110421374 -0.482695997 0.005322242 0.999897957 -0.013257913 -0.008135419 0.110499658 0.012588847 0.993796408 3.205436230
0.994333267 -0.004127491 -0.106226869 -0.487405360 0.002635020 0.999895871 -0.014186362 -0.009047426 0.106274366 0.013826062 0.994240642 3.242162704
0.994625807 -0.004396444 -0.103441224 -0.491905510 0.002907987 0.999890089 -0.014535815 -0.009059183 0.103493758 0.014156891 0.994529307 3.280069590
0.994822204 -0.006121945 -0.101446033 -0.494905502 0.004708119 0.999888539 -0.014170306 -0.008199573 0.101521477 0.013619314 0.994740069 3.317369938
0.995137811 -0.006558590 -0.098273888 -0.499748379 0.005374802 0.999909818 -0.012305701 -0.010222338 0.098345734 0.011717667 0.995083332 3.355226755
0.995275080 -0.007005482 -0.096841678 -0.503045440 0.005825704 0.999905348 -0.012459935 -0.010754611 0.096919782 0.011836895 0.995221794 3.392814398
0.995442510 -0.006933162 -0.095111445 -0.507281959 0.005772396 0.999905527 -0.012473993 -0.011756793 0.095188946 0.011868121 0.995388448 3.431223154
0.995710075 -0.004410038 -0.092423938 -0.512652040 0.003242535 0.999913037 -0.012778400 -0.012341183 0.092472270 0.012423893 0.995637774 3.468270540
0.995884180 -0.000678713 -0.090633929 -0.516877055 -0.000554337 0.999907672 -0.013578854 -0.013206888 0.090634793 0.013573206 0.995791733 3.507010698
0.996045530 0.003061295 -0.088791631 -0.521276355 -0.004458767 0.999869227 -0.015544707 -0.013836909 0.088732444 0.015879136 0.995928943 3.544861317
0.996125638 0.002133171 -0.087915078 -0.523657143 -0.003685205 0.999840081 -0.017495260 -0.014175802 0.087863699 0.017751463 0.995974302 3.583173275
0.996307313 0.003202515 -0.085798331 -0.529183567 -0.004907716 0.999794483 -0.019670967 -0.014800634 0.085717693 0.020019408 0.996118307 3.620593309
0.996340990 -0.000017545 -0.085466661 -0.532219946 -0.001739134 0.999788761 -0.020479459 -0.014766071 0.085448973 0.020553166 0.996130466 3.659909010
0.996320188 -0.001194762 -0.085701242 -0.535617054 -0.000251356 0.999857783 -0.016861161 -0.015145801 0.085709214 0.016820662 0.996178210 3.699071407
0.996489584 -0.001517902 -0.083703034 -0.540721595 0.000612677 0.999941170 -0.010839359 -0.015534172 0.083714552 0.010750028 0.996431708 3.739591837
0.996530354 -0.000965805 -0.083224803 -0.543661296 0.000550483 0.999987245 -0.005013168 -0.015456768 0.083228581 0.004949960 0.996518314 3.778681755
0.996540487 0.000409720 -0.083108202 -0.547369599 -0.000515554 0.999999106 -0.001251996 -0.015798829 0.083107613 0.001290511 0.996539712 3.818088293
0.996580899 0.002136282 -0.082594521 -0.551918149 -0.002066336 0.999997437 0.000932327 -0.016852025 0.082596295 -0.000758471 0.996582866 3.856662273
0.996630430 0.004050765 -0.081923574 -0.555534184 -0.003742468 0.999985337 0.003916448 -0.017347295 0.081938230 -0.003596653 0.996630907 3.895724297
0.996742725 0.002710265 -0.080600873 -0.559180915 -0.002288516 0.999983191 0.005324481 -0.017410951 0.080613971 -0.005122681 0.996732235 3.934115410
0.996839821 0.000137414 -0.079436958 -0.562230766 0.000241876 0.999988616 0.004765093 -0.017095385 0.079436712 -0.004769249 0.996828496 3.972923517
0.996961534 -0.003863505 -0.077799425 -0.566197872 0.004064702 0.999988735 0.002427919 -0.016563300 0.077789173 -0.002736772 0.996966004 4.010169506
0.997031689 -0.006346420 -0.076730356 -0.568823874 0.006397081 0.999979436 0.000414462 -0.016478829 0.076726153 -0.000904082 0.997051775 4.048026562
0.997254312 -0.007813669 -0.073640279 -0.572477520 0.007869921 0.999968946 0.000473716 -0.016795505 0.073634312 -0.001051958 0.997284710 4.085885525
0.997480869 -0.005780874 -0.070700623 -0.576363802 0.005942719 0.999980152 0.002079030 -0.017327938 0.070687205 -0.002493946 0.997495413 4.122828484
0.997673035 -0.004011757 -0.068062238 -0.578579545 0.004153467 0.999989510 0.001940698 -0.017228328 0.068053730 -0.002218876 0.997679293 4.162142277
0.997895122 -0.004419554 -0.064697564 -0.582418799 0.004422153 0.999990225 -0.000103031 -0.016816480 0.064697377 -0.000183289 0.997904897 4.198582172
0.998059571 -0.006598991 -0.061916564 -0.584092736 0.006561139 0.999978244 -0.000814633 -0.017291119 0.061920576 0.000406808 0.998081028 4.237246037
0.998227179 -0.008156287 -0.058958128 -0.586186647 0.008103151 0.999966562 -0.001140287 -0.017432574 0.058965445 0.000660519 0.998259783 4.274756432
0.998407602 -0.007220708 -0.055946134 -0.588067651 0.007146844 0.999973297 -0.001520259 -0.017359249 0.055955619 0.001118000 0.998432577 4.310577869
0.998591840 -0.006435108 -0.052656334 -0.590930820 0.006329526 0.999977648 -0.002171621 -0.017242856 0.052669127 0.001835274 0.998610318 4.347232342
0.998732328 -0.007693738 -0.049745176 -0.592871964 0.007536925 0.999966025 -0.003339198 -0.017416326 0.049769185 0.002960039 0.998756349 4.383389950
0.998880863 -0.007887939 -0.046633918 -0.594932497 0.007675737 0.999959409 -0.004727697 -0.017347429 0.046669316 0.004364457 0.998900831 4.419412136
0.998998940 -0.007627473 -0.044077318 -0.596559405 0.007407499 0.999959290 -0.005151817 -0.018452270 0.044114817 0.004820157 0.999014854 4.455002308
0.999106407 -0.007326746 -0.041625232 -0.599052787 0.007062952 0.999954045 -0.006480881 -0.018738892 0.041670796 0.006181093 0.999112248 4.491313934
0.999162734 -0.006816987 -0.040340278 -0.600904703 0.006490850 0.999945223 -0.008210124 -0.018621221 0.040394031 0.007941407 0.999152243 4.526219845
0.999160647 -0.006401415 -0.040460926 -0.602112174 0.006028222 0.999938190 -0.009338797 -0.019306116 0.040518206 0.009087050 0.999137521 4.562932491
0.999192536 -0.006846908 -0.039590303 -0.604844034 0.006419530 0.999919772 -0.010912119 -0.020113565 0.039661855 0.010649153 0.999156356 4.597195625
0.999205351 -0.007710465 -0.039103717 -0.606695116 0.007228578 0.999896348 -0.012449741 -0.019783907 0.039195661 0.012157184 0.999157548 4.631670952
0.999190271 -0.009642843 -0.039062530 -0.607738256 0.009212408 0.999894977 -0.011184180 -0.020790514 0.039166275 0.010815264 0.999174118 4.666002274
0.999230742 -0.009735810 -0.037988923 -0.609660387 0.009316609 0.999893904 -0.011196270 -0.020447500 0.038093891 0.010833729 0.999215424 4.700147152
0.999234855 -0.009530610 -0.037932228 -0.611353040 0.009126178 0.999899805 -0.010820868 -0.021177420 0.038031556 0.010466412 0.999221742 4.734264851
0.999241054 -0.008070776 -0.038106333 -0.613399565 0.007666674 0.999912977 -0.010738841 -0.021465141 0.038189691 0.010438542 0.999216020 4.767352104
0.999217391 -0.007126458 -0.038908452 -0.614889264 0.006724097 0.999922574 -0.010462252 -0.022010453 0.038980003 0.010192441 0.999188006 4.799370289
0.999197781 -0.006244836 -0.039558187 -0.616665483 0.005825951 0.999925852 -0.010695522 -0.022401582 0.039622046 0.010456477 0.999160051 4.830445766
0.999155521 -0.006871436 -0.040508293 -0.618317604 0.006430043 0.999918640 -0.011016556 -0.023313612 0.040580694 0.010746784 0.999118507 4.861343384
0.999114394 -0.007077716 -0.041480303 -0.619694233 0.006598162 0.999909937 -0.011686509 -0.024182286 0.041559283 0.011402464 0.999071002 4.892212868
0.999049723 -0.007833992 -0.042876132 -0.620863438 0.007251706 0.999879539 -0.013719412 -0.024158809 0.042978458 0.013395449 0.998986185 4.922555923
0.998988092 -0.008157500 -0.044229843 -0.623596549 0.007446679 0.999840915 -0.016212067 -0.024060585 0.044355057 0.015866295 0.998889863 4.952819347
0.998845339 -0.009506543 -0.047090154 -0.624825358 0.008728747 0.999822497 -0.016695324 -0.025172707 0.047240507 0.016265014 0.998751104 4.981148243
0.998759031 -0.009381605 -0.048912570 -0.627210140 0.008563446 0.999820352 -0.016909786 -0.025927145 0.049062423 0.016469944 0.998659909 5.010715008
0.998666465 -0.009058133 -0.050826706 -0.629310489 0.008213001 0.999824941 -0.016812013 -0.026227623 0.050970092 0.016372150 0.998565972 5.038127422
0.998581946 -0.008209432 -0.052599695 -0.631201327 0.007347416 0.999835849 -0.016560683 -0.026987620 0.052727014 0.016150728 0.998478353 5.067331314
0.998513579 -0.007052825 -0.054044355 -0.632812440 0.006151181 0.999839425 -0.016831622 -0.027285438 0.054154381 0.016474167 0.998396695 5.095103741
0.998427331 -0.006517431 -0.055680651 -0.634129524 0.005609315 0.999848962 -0.016450129 -0.028136205 0.055779453 0.016111923 0.998313129 5.122893333
0.998363853 -0.006121186 -0.056853898 -0.637094736 0.005243719 0.999864995 -0.015570116 -0.028558783 0.056941532 0.015246512 0.998261094 5.148684502
0.998299658 -0.005830633 -0.057998002 -0.638858914 0.005015310 0.999886692 -0.014193422 -0.028341603 0.058074187 0.013878411 0.998215795 5.175981998
0.998229086 -0.006845553 -0.059090670 -0.641296268 0.006134496 0.999906659 -0.012206373 -0.028886102 0.059168715 0.011822267 0.998178005 5.202771664
0.998052120 -0.008158742 -0.061849680 -0.642579138 0.007534386 0.999918342 -0.010321237 -0.029453823 0.061928835 0.009835135 0.998032093 5.228940964
0.997847080 -0.008900366 -0.064976893 -0.644940972 0.008290154 0.999918997 -0.009654777 -0.029612582 0.065057546 0.009095322 0.997840047 5.255171299
0.997592688 -0.008864505 -0.068775862 -0.647422612 0.008286204 0.999927938 -0.008689214 -0.030264970 0.068847924 0.008098406 0.997594237 5.281228542
0.997300804 -0.008116353 -0.072974473 -0.650193036 0.007557912 0.999940038 -0.007925432 -0.030375071 0.073034406 0.007352506 0.997302234 5.306205750
0.996992230 -0.006838985 -0.077199183 -0.653112173 0.006349443 0.999958158 -0.006584948 -0.030760910 0.077240974 0.006074968 0.996993959 5.332004547
0.996663630 -0.006538258 -0.081356175 -0.656523943 0.006146372 0.999968290 -0.005066423 -0.031113153 0.081386715 0.004549474 0.996672213 5.357408047
0.996304929 -0.006601296 -0.085632473 -0.659039736 0.006310584 0.999973416 -0.003665131 -0.031842366 0.085654400 0.003111197 0.996320009 5.382559776
0.995948017 -0.006497715 -0.089694992 -0.661530256 0.006237027 0.999975502 -0.003186347 -0.032085441 0.089713499 0.002614006 0.995964170 5.407571793
0.995541513 -0.007013549 -0.094063908 -0.663681805 0.006728016 0.999971807 -0.003352309 -0.032006010 0.094084755 0.002704500 0.995560527 5.432371140
0.995205164 -0.006518350 -0.097591087 -0.667481303 0.006122455 0.999971747 -0.004355583 -0.031773973 0.097616740 0.003737202 0.995217025 5.456328392
0.994845927 -0.006254097 -0.101205662 -0.670745969 0.005817609 0.999972522 -0.004607452 -0.032239009 0.101231687 0.003994930 0.994854867 5.482250214
0.994522631 -0.005796094 -0.104360141 -0.674466968 0.005349518 0.999975324 -0.004558577 -0.033076115 0.104383983 0.003975331 0.994529068 5.507678986
0.994221032 -0.005852069 -0.107192397 -0.677006066 0.005406067 0.999975502 -0.004450859 -0.032758102 0.107215814 0.003845648 0.994228303 5.531705856
0.993997633 -0.005975654 -0.109238498 -0.680142760 0.005583836 0.999976814 -0.003892358 -0.033049703 0.109259225 0.003259024 0.994007945 5.556030273
0.993916631 -0.006347394 -0.109952211 -0.683231592 0.005992907 0.999975741 -0.003554186 -0.033329967 0.109972127 0.002873631 0.993930519 5.581291676
0.993878543 -0.006844340 -0.110266626 -0.686507106 0.006556917 0.999974132 -0.002969026 -0.033627976 0.110284097 0.002227842 0.993897676 5.604888439
0.993915677 -0.007333031 -0.109899350 -0.689599395 0.006995123 0.999969542 -0.003459932 -0.033162184 0.109921366 0.002670121 0.993936718 5.629302502
0.993811011 -0.008438672 -0.110762917 -0.692329168 0.008149799 0.999962091 -0.003060523 -0.033562243 0.110784538 0.002138886 0.993842065 5.655096054
0.993682742 -0.009957183 -0.111782931 -0.695579469 0.009725761 0.999949217 -0.002615396 -0.033450421 0.111803301 0.001511700 0.993729174 5.678726196
0.993431032 -0.009931721 -0.114000991 -0.698111713 0.009809878 0.999950528 -0.001629756 -0.034241155 0.114011534 0.000500714 0.993479311 5.703604698
0.993144631 -0.010278327 -0.116439447 -0.702134132 0.010149261 0.999947071 -0.001701325 -0.034054324 0.116450787 0.000507887 0.993196309 5.729554653
0.992826045 -0.009528320 -0.119186781 -0.705449939 0.009350242 0.999954224 -0.002053245 -0.034157164 0.119200900 0.000924090 0.992869616 5.753714561
0.992555499 -0.009018441 -0.121459231 -0.709249556 0.008805767 0.999958694 -0.002287663 -0.034250602 0.121474840 0.001201090 0.992593765 5.777756214
0.992259741 -0.008919281 -0.123859897 -0.712467849 0.008758366 0.999959946 -0.001843628 -0.035193160 0.123871394 0.000744547 0.992298007 5.801421165
0.991944015 -0.008417403 -0.126396760 -0.716008008 0.008166252 0.999963522 -0.002505057 -0.034440916 0.126413226 0.001452688 0.991976619 5.825329304
0.991611004 -0.008203547 -0.128997654 -0.719638765 0.008020609 0.999965966 -0.001937584 -0.034883846 0.129009172 0.000886690 0.991643012 5.850006104
0.991393268 -0.008181452 -0.130661577 -0.723563731 0.007994514 0.999966085 -0.001955201 -0.035101701 0.130673170 0.000893798 0.991425037 5.874221802
0.991149843 -0.009703463 -0.132392704 -0.726624250 0.009420142 0.999951720 -0.002766193 -0.035091795 0.132413194 0.001494554 0.991193414 5.898198605
0.991076708 -0.010640498 -0.132868096 -0.731023669 0.010272469 0.999941230 -0.003455078 -0.035173155 0.132897079 0.002059363 0.991127729 5.921979904
0.990888536 -0.011041732 -0.134230718 -0.733667135 0.010600841 0.999935806 -0.003998845 -0.035410415 0.134266242 0.002539450 0.990942061 5.945653439
0.990768969 -0.010830591 -0.135128081 -0.737184525 0.010351690 0.999937415 -0.004246177 -0.035466868 0.135165602 0.002808177 0.990819037 5.969936371
0.990845919 -0.010389127 -0.134597048 -0.741116285 0.009896249 0.999941647 -0.004330418 -0.035408713 0.134634182 0.002958771 0.990890920 5.993402958
0.990917325 -0.010406129 -0.134069234 -0.743986726 0.010002123 0.999943137 -0.003686597 -0.035495061 0.134099945 0.002312136 0.990965128 6.017121792
0.991039097 -0.010985916 -0.133119345 -0.747069955 0.010629036 0.999937713 -0.003391249 -0.035642147 0.133148298 0.001945930 0.991094232 6.041598320
0.991313875 -0.010449968 -0.131101638 -0.750818610 0.010174631 0.999944389 -0.002769870 -0.035736881 0.131123275 0.001411899 0.991365075 6.065744400
0.991627276 -0.008998037 -0.128819183 -0.754071057 0.008672366 0.999957621 -0.003088847 -0.035651192 0.128841490 0.001945818 0.991663337 6.089763165
0.991965592 -0.008670095 -0.126210228 -0.757364690 0.008200231 0.999957383 -0.004241948 -0.036180563 0.126241609 0.003172914 0.991994441 6.113062382
0.992390513 -0.009025485 -0.122799136 -0.760160863 0.008362913 0.999947548 -0.005909956 -0.036187556 0.122846067 0.004838026 0.992413938 6.137329578
0.992895424 -0.009610631 -0.118601508 -0.762845516 0.008864475 0.999937475 -0.006817207 -0.036421899 0.118659630 0.005717434 0.992918491 6.160324097
0.993418157 -0.009018482 -0.114188805 -0.765863657 0.008196271 0.999936938 -0.007667913 -0.037041705 0.114250757 0.006681521 0.993429542 6.185149193
0.993877470 -0.008506627 -0.110159613 -0.768601060 0.007519786 0.999927819 -0.009370660 -0.036561526 0.110231362 0.008484912 0.993869722 6.207453251
0.994307220 -0.008156935 -0.106238320 -0.771670222 0.007086492 0.999920309 -0.010449484 -0.037253752 0.106315091 0.009637141 0.994285822 6.231038094
0.994601607 -0.009025421 -0.103373677 -0.773499966 0.007856247 0.999900579 -0.011711781 -0.037498221 0.103469096 0.010836426 0.994573653 6.254889488
0.994884193 -0.009799667 -0.100546755 -0.775942922 0.008464519 0.999870241 -0.013696942 -0.037043411 0.100667953 0.012775789 0.994837999 6.279421329
0.994997144 -0.010921190 -0.099304706 -0.778200388 0.009450512 0.999838769 -0.015268123 -0.037543997 0.099455424 0.014253259 0.994939923 6.302733421
0.995101273 -0.010856251 -0.098263763 -0.781211972 0.009254077 0.999816954 -0.016745957 -0.037933536 0.098427564 0.015754580 0.995019495 6.326961517
0.995062232 -0.010029170 -0.098745607 -0.784074545 0.008325396 0.999809563 -0.017651131 -0.038096145 0.098903827 0.016741879 0.994956076 6.350518703
0.994915843 -0.009734226 -0.100238763 -0.786547422 0.007930989 0.999799848 -0.018372230 -0.038793802 0.100397535 0.017483829 0.994793713 6.375372887
0.994783282 -0.009494986 -0.101568103 -0.790158033 0.007621747 0.999793947 -0.018815393 -0.039443165 0.101725824 0.017943116 0.994650662 6.399016380
0.994501710 -0.009758295 -0.104264073 -0.792766094 0.007926792 0.999807239 -0.017965959 -0.039343610 0.104419276 0.017040702 0.994387388 6.423912525
0.994163334 -0.012174922 -0.107196935 -0.795797884 0.010472148 0.999810219 -0.016433168 -0.039446168 0.107376657 0.015214670 0.994102001 6.448856354
0.993589342 -0.013762121 -0.112209000 -0.798548102 0.011955881 0.999788225 -0.016754154 -0.039981648 0.112415805 0.015305194 0.993543386 6.473077774
0.992980778 -0.013812060 -0.117466383 -0.802444458 0.011839354 0.999777317 -0.017475039 -0.040478803 0.117681563 0.015961651 0.992923081 6.496191978
0.992366731 -0.010779876 -0.122849628 -0.806666315 0.008713374 0.999811590 -0.017346263 -0.041543685 0.123013467 0.016143421 0.992273688 6.519859791
0.991780043 -0.008705300 -0.127658278 -0.810493708 0.006470828 0.999818742 -0.017907834 -0.042400599 0.127791047 0.016934577 0.991656482 6.543228149
0.991269112 -0.006463713 -0.131695777 -0.815793693 0.004036068 0.999817133 -0.018692326 -0.042332135 0.131792530 0.017997595 0.991113842 6.567734241
0.990724683 -0.002936326 -0.135852933 -0.819886565 0.000308632 0.999812543 -0.019359209 -0.043193951 0.135884330 0.019137720 0.990539789 6.592021942
0.990417123 0.000801040 -0.138106465 -0.825209498 -0.003533193 0.999802887 -0.019538920 -0.043666184 0.138063625 0.019839643 0.990224600 6.614905834
0.990127802 0.001988862 -0.140153393 -0.828838587 -0.004598360 0.999821961 -0.018297497 -0.044233359 0.140092075 0.018761335 0.989960790 6.639321804
0.989942551 -0.000647930 -0.141469210 -0.831391931 -0.001905184 0.999837756 -0.017910937 -0.045177422 0.141457886 0.018000325 0.989780545 6.663451195
0.990009487 -0.004122203 -0.140940204 -0.835953951 0.001470045 0.999819934 -0.018916545 -0.045006447 0.140992805 0.018520372 0.989837348 6.688183784
0.990043104 -0.007190939 -0.140580609 -0.838987112 0.004541550 0.999806285 -0.019157793 -0.044738516 0.140691116 0.018328587 0.989883840 6.712451458
0.990205467 -0.005901926 -0.139493152 -0.843640089 0.003432377 0.999833226 -0.017937671 -0.044906326 0.139575750 0.017283190 0.990060508 6.736671448
0.990280211 -0.003017572 -0.139053717 -0.847076297 0.000817254 0.999873638 -0.015877893 -0.045417085 0.139084056 0.015609918 0.990157485 6.761304855
0.990408361 -0.002592219 -0.138147205 -0.851249337 0.000440001 0.999878168 -0.015607423 -0.047270630 0.138170779 0.015396936 0.990288734 6.785352707
0.990397811 -0.004129094 -0.138185203 -0.853990316 0.001814223 0.999855995 -0.016873699 -0.046899348 0.138235003 0.016460976 0.990262628 6.810284615
0.990525424 -0.005325213 -0.137226522 -0.856810570 0.003090930 0.999859333 -0.016489653 -0.047244638 0.137295008 0.015909264 0.990402400 6.834756851
0.990655363 -0.002165615 -0.136371806 -0.860603511 0.000178123 0.999893665 -0.014584575 -0.047888260 0.136388883 0.014423998 0.990550339 6.859449387
0.990682244 0.001130932 -0.136189029 -0.865315735 -0.002995222 0.999904573 -0.013484850 -0.048195377 0.136160791 0.013767117 0.990591109 6.884969711
0.990706086 0.002340866 -0.136000335 -0.868887901 -0.004077533 0.999913692 -0.012492411 -0.048067614 0.135959327 0.012930851 0.990630090 6.909792423
0.990840554 0.003496253 -0.134991899 -0.873592436 -0.005200767 0.999911129 -0.012276213 -0.048622474 0.134936959 0.012865828 0.990770638 6.934978962
0.991041243 0.004961167 -0.133463189 -0.878694475 -0.006829704 0.999884903 -0.013546221 -0.048937887 0.133380622 0.014336379 0.990961134 6.959492683
0.990999699 0.007095896 -0.133676246 -0.882122159 -0.009128366 0.999851763 -0.014597680 -0.050070122 0.133552864 0.015686540 0.990917563 6.984553814
0.991044998 0.006920705 -0.133349508 -0.885111153 -0.009477000 0.999783158 -0.018544715 -0.049711347 0.133192241 0.019642398 0.990895510 7.009858608
0.991098225 0.004928987 -0.133041441 -0.888949037 -0.007725956 0.999759734 -0.020515248 -0.050750807 0.132908344 0.021360502 0.990898132 7.035024643
0.991050661 0.001787033 -0.133474320 -0.891822577 -0.004389046 0.999805987 -0.019202808 -0.051630698 0.133414105 0.019616777 0.990866244 7.060564995
0.991133511 -0.003157734 -0.132831797 -0.894435883 0.000491493 0.999797821 -0.020100318 -0.052543081 0.132868409 0.019856814 0.990934789 7.085750580
0.991237104 -0.007487833 -0.131881863 -0.898096442 0.004491707 0.999725342 -0.023001125 -0.052628554 0.132017866 0.022207197 0.990998566 7.111503601
0.991063416 -0.009462216 -0.133056000 -0.899079263 0.006474776 0.999717474 -0.022867277 -0.052700646 0.133234799 0.021801414 0.990844727 7.137165546
0.991105437 -0.010177182 -0.132689372 -0.903668106 0.007325352 0.999731958 -0.021963011 -0.052448340 0.132877335 0.020795660 0.990914404 7.163876057
