0.999102533 0.001754430 -0.042320140 -0.004333287 -0.001889977 0.999993145 -0.003163105 -0.000585707 0.042314295 0.003240251 0.999099076 0.045068286
0.998483121 0.001783829 -0.055029653 -0.006312054 -0.002048715 0.999986589 -0.004757483 -0.000076892 0.055020429 0.004863007 0.998473406 0.052148324
0.997391105 0.001478275 -0.072171442 -0.008502999 -0.001788305 0.999989390 -0.004231330 -0.000481274 0.072164424 0.004349356 0.997383237 0.068872645
0.995872915 0.000141580 -0.090758659 -0.011082123 -0.000513210 0.999991536 -0.004071379 -0.000838308 0.090757318 0.004101155 0.995864570 0.081968173
0.993844748 -0.001052327 -0.110776588 -0.014115484 0.000580886 0.999990642 -0.004287977 -0.000960695 0.110780053 0.004197235 0.993836045 0.096048117
0.991241872 -0.001456150 -0.132050246 -0.016809924 0.000807025 0.999987245 -0.004969125 -0.001082609 0.132055834 0.004819037 0.991230547 0.101876616
0.987784326 0.002254053 -0.155810624 -0.021434290 -0.003204353 0.999977767 -0.005848167 -0.001893727 0.155793935 0.006275999 0.987769783 0.114949510
0.983226955 0.006450505 -0.182272479 -0.025514031 -0.007855725 0.999944746 -0.006988503 -0.002637004 0.182217374 0.008303166 0.983223259 0.129500851
0.977817416 0.009154280 -0.209258914 -0.033308733 -0.011133886 0.999903619 -0.008284041 -0.002748020 0.209162921 0.010430143 0.977825165 0.148366436
0.971231937 0.009711628 -0.237937465 -0.040017486 -0.012068328 0.999891460 -0.008449999 -0.002906930 0.237829581 0.011078415 0.971243680 0.163573682
0.963018596 0.011840051 -0.269174576 -0.046812966 -0.014508341 0.999863327 -0.007925607 -0.003404178 0.269043952 0.011537786 0.963058770 0.179571137
0.953338921 0.013726718 -0.301589876 -0.054018997 -0.016487084 0.999842167 -0.006609071 -0.003866974 0.301451534 0.011273023 0.953414857 0.195622459
0.942140520 0.015654583 -0.334852546 -0.066143125 -0.018751379 0.999806046 -0.006017236 -0.003874652 0.334693402 0.011948030 0.942251325 0.223595783
0.929748297 0.018375579 -0.367736995 -0.075809702 -0.021688234 0.999752820 -0.004877283 -0.004622120 0.367556512 0.012510213 0.929916918 0.239372879
0.915762663 0.020947846 -0.401173592 -0.085831314 -0.024870843 0.999680221 -0.004573180 -0.004365140 0.400949389 0.014165473 0.915990651 0.254941672
0.899604917 0.021850230 -0.436158061 -0.096634224 -0.026175112 0.999649823 -0.003908409 -0.004475182 0.435919851 0.014932511 0.899861574 0.271177202
0.881076396 0.016857937 -0.472673416 -0.109931275 -0.021744648 0.999751687 -0.004876405 -0.004124940 0.472473800 0.014574602 0.881224096 0.290571898
0.859956324 0.011756255 -0.510232091 -0.121939674 -0.016867317 0.999843240 -0.005391166 -0.004429382 0.510088682 0.013242414 0.860019803 0.305946231
0.834982812 0.013672915 -0.550106168 -0.137691140 -0.017716531 0.999840975 -0.002040074 -0.004881531 0.549990773 0.011449398 0.835092247 0.323530585
0.805755556 0.019104246 -0.591940105 -0.152892113 -0.022126703 0.999752998 0.002146856 -0.005514305 0.591834784 0.011367841 0.805979133 0.337918937
0.773308933 0.022248240 -0.633638978 -0.172919467 -0.025810031 0.999660373 0.003600721 -0.005563491 0.633503914 0.013569773 0.773620486 0.354944944
0.737270534 0.021794379 -0.675246060 -0.190741956 -0.025229918 0.999670565 0.004718168 -0.005964331 0.675126374 0.013557838 0.737577438 0.369163096
0.697425485 0.017616108 -0.716440797 -0.212494820 -0.019193906 0.999798357 0.005898933 -0.006174950 0.716400206 0.009637230 0.697622955 0.385647953
0.654422700 0.014365550 -0.755992413 -0.233182237 -0.014060452 0.999877810 0.006828531 -0.006242847 0.755998075 0.006160849 0.654544830 0.400122166
0.609461784 0.013404589 -0.792702079 -0.255498618 -0.011191226 0.999902844 0.008304085 -0.005877058 0.792736530 0.003810283 0.609552503 0.413185179
0.562106609 0.014331898 -0.826940477 -0.284514606 -0.008657168 0.999897003 0.011444801 -0.006184644 0.827019453 0.000725765 0.562172771 0.426975131
0.511235476 0.014395572 -0.859320164 -0.311441809 -0.007150994 0.999896228 0.012496203 -0.005281024 0.859410882 -0.000243511 0.511285484 0.438466728
0.459145844 0.015696177 -0.888222218 -0.338146567 -0.006910237 0.999876738 0.014097188 -0.004436477 0.888334036 -0.000334841 0.459197700 0.447052389
0.404177278 0.018494653 -0.914493620 -0.372776985 -0.004987733 0.999825180 0.018015970 -0.005006508 0.914667070 -0.002720397 0.404198915 0.457690775
0.348774582 0.020491157 -0.936982572 -0.404844701 -0.005148232 0.999787688 0.019948330 -0.004253989 0.937192500 -0.002133666 0.348805994 0.465716600
0.293320596 0.023579013 -0.955723286 -0.440400869 -0.001512790 0.999705970 0.024199836 -0.004505144 0.956012964 -0.005652502 0.293270022 0.472664177
0.239254192 0.025312589 -0.970627010 -0.477427274 0.002886401 0.999637067 0.026780618 -0.004084418 0.970952690 -0.009208994 0.239094347 0.478893161
0.188278019 0.025923286 -0.981773615 -0.514389753 0.005374249 0.999609411 0.027424868 -0.004061384 0.982101083 -0.010439794 0.188065156 0.482495219
0.140284881 0.027987190 -0.989715636 -0.554335177 0.003382405 0.999581039 0.028745595 -0.004344251 0.990105391 -0.007380192 0.140131444 0.484931618
0.098209396 0.027195308 -0.994794071 -0.595399141 0.001527682 0.999621212 0.027478088 -0.002489582 0.995164573 -0.004218336 0.098130643 0.484877586
0.060590606 0.025662590 -0.997832656 -0.638480067 0.000362188 0.999668777 0.025731804 -0.001368253 0.998162568 -0.001920509 0.060561251 0.484337389
0.025759326 0.022750644 -0.999409199 -0.682976604 0.001085566 0.999739766 0.022786148 -0.000445632 0.999667585 -0.001671880 0.025727924 0.483173788
-0.006068163 0.019656181 -0.999788404 -0.728604317 0.001534919 0.999805748 0.019647209 0.000364524 0.999980450 -0.001415371 -0.006097155 0.481192470
-0.032189645 0.018030411 -0.999319136 -0.776451766 0.000865254 0.999837399 0.018011888 0.000827221 0.999481499 -0.000284868 -0.032200009 0.477077752
-0.052537072 0.015422253 -0.998499870 -0.826100051 0.000078945 0.999880791 0.015439426 0.002336021 0.998619020 0.000732316 -0.052532025 0.472385585
-0.069098324 0.014632640 -0.997502625 -0.875876307 0.000558288 0.999892771 0.014629034 0.002914332 0.997609615 0.000453948 -0.069099106 0.467508107
-0.082514480 0.015390630 -0.996471047 -0.927704334 0.002306731 0.999881029 0.015252286 0.003074224 0.996587217 -0.001040056 -0.082540169 0.462936759
-0.091770634 0.016074205 -0.995650411 -0.981040657 0.000749605 0.999870479 0.016073244 0.004129580 0.995779872 0.000728707 -0.091770820 0.456466764
-0.097854890 0.017599536 -0.995045066 -1.036720276 -0.001529174 0.999839723 0.017834725 0.003826806 0.995199502 0.003266812 -0.097812302 0.449118137
-0.103010386 0.018820364 -0.994502187 -1.091161847 -0.000746969 0.999819219 0.018998357 0.004038582 0.994680107 0.002699891 -0.102977693 0.443905443
-0.103809059 0.020162493 -0.994392931 -1.149012327 0.000924822 0.999796033 0.020175500 0.004356613 0.994596779 0.001174764 -0.103806548 0.436916173
-0.103138112 0.021567123 -0.994433224 -1.208188176 0.003404547 0.999766707 0.021329690 0.005749239 0.994661152 -0.001185691 -0.103187487 0.431475192
-0.101224482 0.023940979 -0.994575441 -1.270030379 0.002663249 0.999713302 0.023793600 0.006192997 0.994859993 -0.000240308 -0.101259232 0.424689829
-0.099891812 0.023984546 -0.994709194 -1.331706643 0.000342206 0.999710202 0.024070766 0.006939745 0.994998157 0.002064077 -0.099871062 0.418034166
-0.098373547 0.021433325 -0.994918644 -1.396069407 -0.001542096 0.999763548 0.021690173 0.007693533 0.995148301 0.003668000 -0.098317228 0.411954522
-0.097122245 0.021157980 -0.995047569 -1.460248828 -0.001622246 0.999769330 0.021416720 0.009069597 0.995271146 0.003694251 -0.097065516 0.404967666
-0.095105082 0.024121474 -0.995175004 -1.528821111 -0.001410090 0.999702096 0.024365965 0.010111682 0.995466292 0.003720612 -0.095042728 0.398163855
-0.093528301 0.027233016 -0.995244205 -1.594355702 -0.001981859 0.999618769 0.027538970 0.011571309 0.995614648 0.004548106 -0.093438670 0.392057538
-0.091482975 0.029713456 -0.995363235 -1.667468548 -0.002847570 0.999542892 0.030099941 0.011955470 0.995802581 0.005587999 -0.091356546 0.383991003
-0.089803956 0.028695473 -0.995545983 -1.733380318 -0.004816517 0.999560654 0.029245667 0.013177820 0.995947838 0.007421440 -0.089626290 0.378289342
-0.088135444 0.025676623 -0.995777428 -1.808028340 -0.006917960 0.999627829 0.026388204 0.014796067 0.996084511 0.009214485 -0.087925009 0.371145248
-0.086502045 0.024947034 -0.995939255 -1.877449870 -0.008029424 0.999636471 0.025737038 0.016097650 0.996219337 0.010223126 -0.086270310 0.364725947
-0.085741743 0.027150355 -0.995947301 -1.954350948 -0.005527647 0.999600232 0.027725812 0.017390054 0.996302128 0.007882506 -0.085557409 0.359081358
-0.084039979 0.029119175 -0.996036828 -2.032243967 -0.002797548 0.999561965 0.029458281 0.018698219 0.996458471 0.005262133 -0.083921716 0.351747811
-0.082746111 0.030956089 -0.996089756 -2.098639250 -0.002418962 0.999508381 0.031263273 0.019948494 0.996567726 0.004996418 -0.082630552 0.345859647
-0.082152575 0.026325177 -0.996272087 -2.176910400 -0.002331770 0.999643326 0.026606534 0.021032240 0.996616960 0.004508873 -0.082061872 0.339117527
-0.081906803 0.019244008 -0.996454239 -2.255846500 -0.000495956 0.999812722 0.019349635 0.022028688 0.996639788 0.002079064 -0.081881911 0.332245409
-0.082245961 0.014853311 -0.996501386 -2.324855328 0.002714763 0.999888539 0.014679738 0.022617240 0.996608317 -0.001497917 -0.082277127 0.327759802
-0.082484834 0.015512270 -0.996471643 -2.405415297 0.003660360 0.999876797 0.015262286 0.023403812 0.996585608 -0.002388537 -0.082531460 0.320417404
-0.081834294 0.023613878 -0.996366143 -2.488453865 0.002764106 0.999720752 0.023466360 0.022743315 0.996642172 -0.000833709 -0.081876725 0.312193215
-0.083152808 0.030274522 -0.996076822 -2.558083296 0.002124593 0.999541461 0.030202463 0.024545357 0.996534526 0.000395161 -0.083178997 0.307814121
-0.083607487 0.035409085 -0.995869517 -2.640896082 -0.000053498 0.999368310 0.035537984 0.025751762 0.996498764 0.003024518 -0.083552785 0.299981803
-0.083713487 0.035616305 -0.995853245 -2.722488642 -0.002011783 0.999352872 0.035910595 0.027061492 0.996487856 0.005009640 -0.083587676 0.292008340
-0.083912209 0.032438919 -0.995944977 -2.790312052 -0.001779670 0.999463439 0.032703478 0.027545504 0.996471524 0.004516673 -0.083809480 0.286496669
-0.084260702 0.029557915 -0.996005177 -2.872392654 -0.002275450 0.999551654 0.029855657 0.028842892 0.996441126 0.004782019 -0.084155664 0.278841794
-0.084383413 0.030823009 -0.995956481 -2.956048250 -0.003064157 0.999508679 0.031192558 0.030577667 0.996428609 0.005683901 -0.084247507 0.270595640
-0.084425561 0.033359203 -0.995871246 -3.023219347 -0.004795835 0.999414206 0.033884458 0.030839965 0.996418178 0.007636750 -0.084216148 0.265125245
-0.083965823 0.031534798 -0.995969594 -3.105104446 -0.005257766 0.999471307 0.032088924 0.032492474 0.996454716 0.007930949 -0.083755635 0.257067412
-0.083458051 0.026444953 -0.996160448 -3.187034369 -0.005856175 0.999617577 0.027027357 0.033888333 0.996494055 0.008089340 -0.083271258 0.249294758
-0.083677240 0.022577254 -0.996237099 -3.252150536 -0.007327920 0.999702334 0.023271283 0.033846706 0.996465921 0.009247623 -0.083486892 0.244403422
-0.083662540 0.023421116 -0.996218801 -3.331855059 -0.007478316 0.999680877 0.024130536 0.034243416 0.996466041 0.009468861 -0.083460689 0.238509029
-0.083228804 0.026096437 -0.996188641 -3.413538933 -0.006502192 0.999621570 0.026729606 0.034530003 0.996509254 0.008702084 -0.083027609 0.231365949
-0.082607053 0.030975401 -0.996100724 -3.493541718 -0.005486448 0.999487519 0.031535715 0.035880968 0.996567130 0.008070128 -0.082394779 0.224138021
-0.081864178 0.036444660 -0.995976925 -3.559250593 -0.004828715 0.999304950 0.036963336 0.037039928 0.996631801 0.007835262 -0.081631318 0.218985647
-0.081865177 0.039192557 -0.995872498 -3.639282942 -0.005469913 0.999193788 0.039772920 0.038728416 0.996628463 0.008703353 -0.081584796 0.210963875
-0.081513762 0.039064854 -0.995906293 -3.718449593 -0.005182771 0.999201417 0.039618306 0.040117107 0.996658802 0.008390992 -0.081246205 0.203774542
-0.081516206 0.034937974 -0.996059477 -3.787004232 -0.004462731 0.999362588 0.035419062 0.041646004 0.996662021 0.007332373 -0.081308328 0.198637336
-0.081404999 0.030497529 -0.996214390 -3.866766930 -0.005688723 0.999501228 0.031063003 0.043237366 0.996664882 0.008195871 -0.081190884 0.191783398
-0.081169873 0.027965467 -0.996307790 -3.958552122 -0.009065766 0.999544263 0.028794900 0.043943942 0.996659160 0.011369573 -0.080879353 0.181423932
-0.081560075 0.026365926 -0.996319652 -4.025937080 -0.012441047 0.999545276 0.027469728 0.044801109 0.996590793 0.014635691 -0.081194967 0.176279038
-0.082086906 0.024417890 -0.996326029 -4.087677479 -0.010170964 0.999627233 0.025336780 0.045087185 0.996573269 0.012213415 -0.081807941 0.171507746
-0.083897725 0.020753141 -0.996258318 -4.165999413 -0.006777345 0.999748051 0.021396581 0.045897104 0.996451259 0.008547110 -0.083735950 0.165686101
-0.083974667 0.019160422 -0.996283710 -4.245698452 -0.002745938 0.999806881 0.019459629 0.046500493 0.996464133 0.004369849 -0.083905846 0.157035768
-0.085433736 0.022126682 -0.996098220 -4.342196465 -0.001977789 0.999747634 0.022377385 0.047692280 0.996341884 0.003881854 -0.085368417 0.147891164
-0.087590270 0.028985726 -0.995734811 -4.387694836 -0.000091639 0.999576330 0.029105609 0.047094829 0.996156514 0.002640617 -0.087550499 0.145460486
-0.090305731 0.033117197 -0.995363295 -4.467442989 0.002117067 0.999451101 0.033061132 0.047341600 0.995911837 0.000878358 -0.090326250 0.139372379
-0.091521889 0.032303736 -0.995279074 -4.544729233 0.002125850 0.999477684 0.032244530 0.048290886 0.995800734 0.000835267 -0.091542765 0.131049573
-0.091923364 0.027984608 -0.995372713 -4.608047485 -0.001459343 0.999600172 0.028238233 0.049207695 0.995765030 0.004048344 -0.091845781 0.123702735
-0.093454674 0.024316596 -0.995326459 -4.685182571 -0.006045905 0.999669433 0.024990363 0.050054871 0.995605171 0.008353117 -0.093276769 0.114977151
-0.094415769 0.022902289 -0.995269299 -4.761448383 -0.010339336 0.999658823 0.023984130 0.050569870 0.995479107 0.012554904 -0.094146781 0.106056511
-0.095410019 0.024095885 -0.995146453 -4.839630127 -0.011606704 0.999611974 0.025316816 0.050966084 0.995370388 0.013965846 -0.095093332 0.097305059
-0.096435525 0.025688307 -0.995007634 -4.898323536 -0.012402744 0.999558270 0.027007859 0.051304244 0.995261967 0.014945341 -0.096074328 0.091989428
-0.097489819 0.024884783 -0.994925320 -4.974190712 -0.013946238 0.999555051 0.026367132 0.052479915 0.995138824 0.016445991 -0.097099394 0.083501041
-0.098207176 0.024848750 -0.994855702 -5.047359467 -0.014297089 0.999549806 0.026377335 0.053018764 0.995063245 0.016813984 -0.097807705 0.075431913
-0.098633230 0.026734596 -0.994764745 -5.124465466 -0.012540527 0.999526203 0.028105995 0.053552575 0.995044827 0.015247057 -0.098251238 0.067643166
-0.098779231 0.029313195 -0.994677663 -5.182116508 -0.011780347 0.999461532 0.030624064 0.054966629 0.995039582 0.014742669 -0.098380730 0.062995076
-0.098553330 0.033720270 -0.994560301 -5.252996922 -0.012589604 0.999303579 0.035128620 0.055673003 0.995052159 0.015983162 -0.098060146 0.055173337
-0.099204279 0.036219135 -0.994407773 -5.328204632 -0.012824286 0.999207735 0.037673350 0.055092722 0.994984388 0.016489927 -0.098661222 0.047929883
-0.100415163 0.035878457 -0.994298518 -5.388515949 -0.011473335 0.999241412 0.037215516 0.056890368 0.994879603 0.015144923 -0.099927343 0.041565120
-0.100696295 0.033316962 -0.994359195 -5.462245464 -0.010776331 0.999343991 0.034575272 0.058816239 0.994858861 0.014197146 -0.100271203 0.034051120
-0.101255961 0.030172840 -0.994402766 -5.534080982 -0.010333166 0.999454200 0.031378299 0.059131213 0.994806767 0.013452568 -0.100888923 0.026274562
-0.100881234 0.027236883 -0.994525552 -5.584796906 -0.010626616 0.999538600 0.028452100 0.059785068 0.994841635 0.013438723 -0.100545265 0.021330476
-0.099997602 0.025297107 -0.994666040 -5.653418541 -0.010952677 0.999588132 0.026523408 0.059746802 0.994927406 0.013546532 -0.099679343 0.014522433
-0.097274512 0.024530632 -0.994955122 -5.722461224 -0.013504980 0.999571621 0.025964800 0.060132384 0.995165884 0.015962563 -0.096901536 0.006831646
-0.093142077 0.025723124 -0.995320380 -5.786715031 -0.013955977 0.999534249 0.027138023 0.060005128 0.995554924 0.016418360 -0.092739686 0.000167489
-0.087600812 0.026732793 -0.995796919 -5.830677032 -0.013129591 0.999522030 0.027987814 0.061307274 0.996069074 0.015526162 -0.087207958 -0.003112495
-0.080862813 0.028228665 -0.996325433 -5.893240929 -0.012475755 0.999491990 0.029330924 0.061621383 0.996647179 0.014801695 -0.080469541 -0.007133365
-0.071873359 0.029536929 -0.996976376 -5.953891754 -0.013274236 0.999444604 0.030567013 0.062055625 0.997325361 0.015431052 -0.071441375 -0.012371361
-0.060027055 0.031220511 -0.997708380 -6.013923645 -0.015242791 0.999365509 0.032189444 0.062242016 0.998080432 0.017140098 -0.059513070 -0.016038030
-0.045511391 0.033009976 -0.998418272 -6.053809166 -0.018500714 0.999254584 0.033880956 0.062611401 0.998792589 0.020013420 -0.044866744 -0.016682327
-0.027348498 0.034153588 -0.999042332 -6.110118866 -0.020214865 0.999192953 0.034712117 0.063680544 0.999421477 0.021144833 -0.026636001 -0.017376661
-0.004804309 0.035034139 -0.999374509 -6.163977623 -0.021008873 0.999161959 0.035127673 0.064246669 0.999767721 0.021164497 -0.004064251 -0.017603025
0.020315729 0.035436187 -0.999165475 -6.215591908 -0.020109536 0.999184012 0.035027958 0.064524919 0.999591351 0.019381138 0.021011770 -0.014037102
0.049716190 0.034545086 -0.998165727 -6.249376774 -0.018924257 0.999254763 0.033640210 0.065728575 0.998584032 0.017217079 0.050332885 -0.010462493
0.083974376 0.033769108 -0.995895565 -6.297307968 -0.017640330 0.999319375 0.032397769 0.067466840 0.996311724 0.014847341 0.084512919 -0.004635453
0.121809065 0.034872826 -0.991940737 -6.341817379 -0.017315593 0.999305129 0.033005401 0.066822842 0.992402494 0.013155684 0.122328267 0.003000259
0.162694618 0.034304410 -0.986079931 -6.385457516 -0.016701207 0.999347925 0.032010444 0.067478091 0.986535132 0.011260796 0.163161457 0.012416720
0.207425311 0.035863761 -0.977593184 -6.412714005 -0.016312037 0.999315560 0.033199582 0.067121312 0.978114843 0.009060104 0.207868353 0.020877481
0.256257206 0.034320939 -0.965999067 -6.453667641 -0.012761796 0.999402404 0.032122321 0.067372546 0.966524422 0.004096307 0.256542087 0.034067512
0.305988759 0.029706087 -0.951571584 -6.492053509 -0.005278086 0.999550581 0.029506668 0.067208253 0.952020526 -0.004006231 0.306008041 0.050981522
0.357547104 0.024464071 -0.933574617 -6.529607296 0.000133995 0.999655485 0.026247021 0.067118384 0.933895111 -0.009509642 0.357420683 0.069159269
0.409432918 0.019635979 -0.912128866 -6.555355072 0.004783602 0.999708533 0.023668598 0.067930482 0.912327707 -0.014053968 0.409219593 0.084614277
0.460071921 0.019277429 -0.887672305 -6.591332436 0.004603258 0.999699116 0.024096118 0.068279840 0.887869775 -0.015172133 0.459844768 0.107760906
0.508485794 0.018182579 -0.860878348 -6.620984554 0.005810572 0.999681830 0.024546314 0.069039389 0.861050785 -0.017483646 0.508218348 0.128268480
0.554462910 0.014465842 -0.832082629 -6.655161858 0.013133006 0.999572456 0.026128922 0.069076195 0.832104862 -0.025415266 0.554035842 0.154410839
0.597412050 0.007249899 -0.801901758 -6.680209160 0.024047306 0.999347508 0.026950087 0.069766074 0.801573813 -0.035383880 0.596847773 0.179926872
0.640013099 0.001574212 -0.768362343 -6.710299015 0.025903489 0.999385297 0.023624036 0.070702925 0.767927229 -0.035022959 0.639578938 0.209634066
0.680958509 -0.002620535 -0.732317269 -6.733850479 0.022443457 0.999598503 0.017292479 0.070461765 0.731977999 -0.028211191 0.680743992 0.235759497
0.721630633 -0.009684339 -0.692210495 -6.761527061 0.018718686 0.999809504 0.005526478 0.071319401 0.692025125 -0.016945345 0.721674562 0.268470049
0.760912895 -0.011188954 -0.648757577 -6.783387184 0.013590210 0.999906778 -0.001305491 0.070365503 0.648711681 -0.007823384 0.760994017 0.298602581
0.797924578 -0.011893075 -0.602640092 -6.808087826 0.011894428 0.999921262 -0.003984609 0.070076436 0.602640033 -0.003988640 0.798003197 0.336716890
0.832375646 -0.013434401 -0.554048955 -6.829730034 0.012342877 0.999907553 -0.005702113 0.070017740 0.554074347 -0.002092259 0.832464516 0.373267174
0.863159657 -0.012065655 -0.504786909 -6.852629185 0.009533591 0.999925673 -0.007598750 0.069690615 0.504841208 0.001746502 0.863210380 0.418145180
0.889506757 -0.010523008 -0.456800818 -6.871235847 0.008622235 0.999943316 -0.006245336 0.068635926 0.456840634 0.001616625 0.889546990 0.458058596
0.910814762 -0.004291035 -0.412793070 -6.892212391 0.002387520 0.999984026 -0.005126974 0.068027750 0.412808537 0.003684171 0.910810351 0.509314537
0.928700447 0.000469250 -0.370830536 -6.908559799 -0.003134542 0.999973416 -0.006584715 0.067338958 0.370817602 0.007277613 0.928677201 0.552246809
0.942296684 0.005336237 -0.334736645 -6.927012444 -0.007457733 0.999959409 -0.005052856 0.066701852 0.334696114 0.007257665 0.942298174 0.607501507
0.952704728 0.006084904 -0.303836524 -6.942475796 -0.007339098 0.999968588 -0.002986084 0.065820336 0.303808868 0.005074743 0.952719510 0.656020403
0.960027695 0.005918183 -0.279842317 -6.958123684 -0.006784353 0.999974728 -0.002126677 0.065835342 0.279822648 0.003940219 0.960043669 0.715922117
0.966024041 0.006281202 -0.258375883 -6.971899033 -0.006389275 0.999979496 0.000421406 0.064564578 0.258373231 0.001243746 0.966044366 0.768646717
0.970838010 0.008346276 -0.239591390 -6.988663673 -0.007876154 0.999964714 0.002919611 0.064351074 0.239607319 -0.000947410 0.970869422 0.833011389
0.974287033 0.013971394 -0.224876881 -7.003469944 -0.013186473 0.999900639 0.004992041 0.063196346 0.224924251 -0.001898348 0.974374354 0.898657560
0.977263927 0.017039852 -0.211340383 -7.014283657 -0.016150011 0.999851942 0.005935946 0.062948130 0.211410254 -0.002387835 0.977394521 0.950095057
0.979934037 0.015465570 -0.198720813 -7.026284218 -0.014546162 0.999875605 0.006085762 0.062335461 0.198790237 -0.003073020 0.980037272 1.018101811
0.982661068 0.016050622 -0.184714422 -7.038582802 -0.015287895 0.999867678 0.005552800 0.062067941 0.184779152 -0.002632626 0.982776463 1.078777313
0.985306740 0.016855814 -0.169960320 -7.050995827 -0.016106596 0.999853611 0.005786123 0.062231950 0.170032978 -0.002963623 0.985433877 1.151325226
0.987561405 0.017978752 -0.156202316 -7.060254574 -0.017197521 0.999831915 0.006351496 0.061974522 0.156290233 -0.003586200 0.987704635 1.214000344
0.989467382 0.017934417 -0.143641338 -7.070961475 -0.017567128 0.999838352 0.003824942 0.060987242 0.143686697 -0.001261289 0.989622355 1.289685130
0.991005361 0.019139536 -0.132447109 -7.079738617 -0.019523155 0.999808133 -0.001598242 0.059952486 0.132391080 0.004169651 0.991188765 1.352942824
0.992331982 0.017601924 -0.122341581 -7.090233326 -0.018703125 0.999794185 -0.007858367 0.058887154 0.122178070 0.010086277 0.992456973 1.432044625
0.993214726 0.016678730 -0.115092866 -7.096449375 -0.017711883 0.999811411 -0.007959801 0.058479100 0.114938408 0.009944302 0.993322849 1.498318076
0.994012177 0.019274028 -0.107557036 -7.106860638 -0.019615037 0.999805331 -0.002113337 0.057576090 0.107495368 0.004210417 0.994196713 1.580328226
0.994390488 0.023212664 -0.103192806 -7.115248203 -0.022724861 0.999724388 0.005900408 0.056411620 0.103301316 -0.003522266 0.994643867 1.661865234
0.994805217 0.024509098 -0.098802432 -7.121581554 -0.023653677 0.999671996 0.009820183 0.055481024 0.099010713 -0.007432126 0.995058537 1.722517490
0.995192409 0.023413807 -0.095100299 -7.130801678 -0.022664342 0.999703109 0.008953433 0.054548383 0.095281690 -0.006755000 0.995427430 1.805491686
0.995509624 0.023182670 -0.091777705 -7.138329506 -0.022539072 0.999713719 0.008042974 0.053351332 0.091937877 -0.005938273 0.995747030 1.884307027
0.995758951 0.021649277 -0.089416906 -7.142944813 -0.020814244 0.999730647 0.010260641 0.053167313 0.089614958 -0.008355981 0.995941460 1.944523573
0.996018589 0.020111643 -0.086847186 -7.149803162 -0.019144800 0.999745250 0.011951395 0.053242542 0.087065421 -0.010241141 0.996150017 2.025454521
0.996319175 0.017462777 -0.083923146 -7.157738209 -0.016311685 0.999763489 0.014382214 0.052033272 0.084154457 -0.012960349 0.996368468 2.107227325
0.996521235 0.016899146 -0.081607871 -7.161542416 -0.016095672 0.999815404 0.010493482 0.051501527 0.081770122 -0.009143444 0.996609271 2.167592525
0.996612370 0.019771399 -0.079829596 -7.169414043 -0.019558616 0.999802768 0.003446625 0.050670009 0.079881981 -0.001873592 0.996802628 2.247354984
0.996793091 0.019743402 -0.077547476 -7.178604126 -0.020159923 0.999786317 -0.004591857 0.050033629 0.077440239 0.006140484 0.996978104 2.327476740
0.996851087 0.020269280 -0.076661989 -7.181623936 -0.020975046 0.999744534 -0.008412139 0.048507426 0.076471902 0.009993641 0.997021675 2.386596918
0.996963143 0.021964619 -0.074711844 -7.187558651 -0.022519257 0.999724627 -0.006589345 0.046516977 0.074546531 0.008251791 0.997183442 2.465101242
0.997061014 0.025035897 -0.072405614 -7.194369793 -0.025292024 0.999676585 -0.002622533 0.044859588 0.072316550 0.004446110 0.997371793 2.547654152
0.997167289 0.028133998 -0.069755852 -7.199586391 -0.028033556 0.999603987 0.002418660 0.044101886 0.069796272 -0.000456304 0.997561097 2.604985952
0.997427225 0.025660476 -0.066935733 -7.205629826 -0.025425946 0.999667287 0.004353490 0.042463064 0.067025177 -0.002640385 0.997747779 2.682105541
0.997574866 0.022864683 -0.065738454 -7.211284637 -0.022649229 0.999735355 0.004020988 0.041512500 0.065812998 -0.002522311 0.997828722 2.765499353
0.997668147 0.020601753 -0.065068029 -7.213628292 -0.020387262 0.999784291 0.003958735 0.040774614 0.065135576 -0.002622946 0.997872889 2.818953991
0.997735143 0.021388922 -0.063773826 -7.219201565 -0.021274691 0.999770641 0.002469766 0.039043885 0.063812025 -0.001107404 0.997961283 2.898488283
0.997789204 0.017972488 -0.063981846 -7.222413540 -0.017965239 0.999838352 0.000688666 0.038951796 0.063983902 0.000462305 0.997950673 2.975511074
0.997861087 0.017286671 -0.063043445 -7.226436138 -0.017261524 0.999850512 0.000943535 0.038245868 0.063050345 0.000146709 0.998010278 3.031745911
0.997811377 0.020503094 -0.062865384 -7.231691360 -0.020401385 0.999789357 0.002259440 0.036847811 0.062898472 -0.000971954 0.998019457 3.111607075
0.997818649 0.020646432 -0.062702402 -7.235836983 -0.020597622 0.999786854 0.001424822 0.035529669 0.062718451 -0.000130194 0.998031259 3.192431211
0.997785628 0.019588146 -0.063561551 -7.241667747 -0.019556480 0.999808252 0.001120336 0.035235412 0.063571297 0.000125185 0.997977316 3.249448776
0.997654915 0.016860321 -0.066336192 -7.246304989 -0.016776923 0.999857605 0.001814153 0.033907864 0.066357344 -0.000696982 0.997795701 3.330484152
0.997473300 0.018858820 -0.068493247 -7.254581928 -0.018808303 0.999822199 0.001382445 0.033362288 0.068507142 -0.000090710 0.997650564 3.415333986
0.997161806 0.022947537 -0.071706191 -7.258172989 -0.022895176 0.999736607 0.001552182 0.031576872 0.071722917 0.000093950 0.997424603 3.472216606
0.996995449 0.023559116 -0.073791377 -7.266011238 -0.023855884 0.999710441 -0.003142749 0.030437153 0.073695987 0.004893665 0.997268736 3.554489851
0.996763825 0.024119601 -0.076683305 -7.273063660 -0.024728162 0.999669731 -0.006996258 0.029534237 0.076489247 0.008869854 0.997030973 3.639324188
0.996625185 0.023053212 -0.078783266 -7.277402401 -0.023806190 0.999679327 -0.008631634 0.028936408 0.078559004 0.010478033 0.996854424 3.696123123
0.996460974 0.024254220 -0.080481894 -7.285960197 -0.024924250 0.999662459 -0.007330952 0.027271084 0.080276906 0.009310959 0.996729136 3.782502413
0.996314943 0.022392336 -0.082795732 -7.293547630 -0.023029594 0.999711990 -0.006749659 0.025780711 0.082620747 0.008631540 0.996543765 3.867666245
0.996176422 0.022005830 -0.084547624 -7.298319817 -0.022492010 0.999735415 -0.004802005 0.024839422 0.084419578 0.006685289 0.996407986 3.927365065
0.996069431 0.021219980 -0.085995637 -7.305561066 -0.021377655 0.999771059 -0.000912886 0.023136001 0.085956573 0.002747681 0.996295154 4.015392303
0.995974004 0.020222982 -0.087331951 -7.313502789 -0.019977974 0.999793649 0.003678765 0.021958429 0.087388322 -0.001919241 0.996172488 4.105006695
0.996108234 0.020360732 -0.085754767 -7.319930553 -0.019922301 0.999783754 0.005965398 0.021356679 0.085857682 -0.004233751 0.996298432 4.164942741
0.996203542 0.023898618 -0.083711743 -7.328086853 -0.023426181 0.999703646 0.006621489 0.020107631 0.083845191 -0.004635304 0.996468008 4.254271507
0.996284842 0.023494255 -0.082852431 -7.333776951 -0.023122175 0.999717891 0.005447674 0.018140163 0.082957022 -0.003511708 0.996546984 4.345763206
0.996510327 0.021079838 -0.080764636 -7.341344357 -0.020937679 0.999777436 0.002606781 0.018313143 0.080801629 -0.000906660 0.996729791 4.437266350
0.996736407 0.017460391 -0.078813940 -7.346349716 -0.017455067 0.999847472 0.000756509 0.017860759 0.078815117 0.000621663 0.996889055 4.482642651
0.996900320 0.015200624 -0.077192754 -7.353262901 -0.015195195 0.999884307 0.000657787 0.016678803 0.077193834 0.000517210 0.997015953 4.575242996
0.997019112 0.014149296 -0.075847529 -7.359968185 -0.013987300 0.999898612 0.002666667 0.017304730 0.075877577 -0.001597816 0.997115850 4.663896561
0.997069776 0.011933710 -0.075560778 -7.364094257 -0.011549938 0.999918103 0.005513982 0.014789775 0.075620405 -0.004625103 0.997125924 4.724796295
0.997140408 0.010358072 -0.074857965 -7.371026039 -0.009947530 0.999933422 0.005855053 0.013082664 0.074913621 -0.005093659 0.997177064 4.816336155
0.997239292 0.012476614 -0.073198795 -7.380566597 -0.012260188 0.999918997 0.003405276 0.010400765 0.073235348 -0.002498444 0.997311532 4.910363674
0.997232795 0.016087664 -0.072580971 -7.388207912 -0.016412228 0.999857724 -0.003877559 0.011372462 0.072508268 0.005058045 0.997354925 5.002731323
0.997235239 0.016821830 -0.072380401 -7.388559341 -0.017506005 0.999807775 -0.008828499 0.009931117 0.072217979 0.010071184 0.997337997 5.040095806
0.997227788 0.021512395 -0.071232401 -7.396139145 -0.022626607 0.999633372 -0.014872044 0.008588322 0.070886359 0.016442563 0.997348845 5.130677700
0.997278750 0.020056419 -0.070942104 -7.402636528 -0.021216430 0.999652565 -0.015635882 0.005425163 0.070603855 0.017098472 0.997357905 5.222067356
0.997361958 0.018788349 -0.070114940 -7.410142422 -0.019510405 0.999763310 -0.009627584 0.003009286 0.069917470 0.010970159 0.997492373 5.314097881
0.997303486 0.017054651 -0.071378820 -7.411790848 -0.017128587 0.999853313 -0.000423841 0.001956649 0.071361110 0.001645318 0.997449160 5.352905273
0.997229874 0.016731670 -0.072475314 -7.419234753 -0.016220750 0.999839306 0.007632432 -0.000601698 0.072591379 -0.006435685 0.997340918 5.443657875
0.997088969 0.014195093 -0.074914172 -7.424878597 -0.013891553 0.999893069 0.004571334 -0.000452939 0.074971035 -0.003517352 0.997179449 5.531181335
0.996954322 0.009696108 -0.077384040 -7.428390503 -0.009620877 0.999952734 0.001344943 -0.001621886 0.077393450 -0.000596345 0.997000456 5.581014633
0.996780157 0.007842249 -0.079798117 -7.435097694 -0.007872093 0.999968946 -0.000059399 -0.003343745 0.079795182 0.000687386 0.996811092 5.668589592
0.996495366 0.009679000 -0.083086230 -7.442130089 -0.009917059 0.999947727 -0.002452983 -0.005032659 0.083058149 0.003268358 0.996539354 5.755033493
0.996180952 0.012569739 -0.086402424 -7.449051380 -0.013104836 0.999898195 -0.005628658 -0.007511124 0.086322881 0.006739452 0.996244431 5.841403961
0.995863020 0.012487829 -0.090004623 -7.455685616 -0.013364185 0.999868929 -0.009140719 -0.007914182 0.089878671 0.010305743 0.995899379 5.876567841
0.995522022 0.014351217 -0.093434051 -7.463630199 -0.015616615 0.999795914 -0.012826159 -0.010683641 0.093230911 0.014227846 0.995542824 5.961591721
0.995119631 0.019053584 -0.096818373 -7.472826004 -0.020440964 0.999701798 -0.013358062 -0.012740098 0.096534990 0.015271934 0.995212376 6.047129154
0.994729996 0.021798151 -0.100185469 -7.479042530 -0.023017516 0.999674201 -0.011031235 -0.014176808 0.099912368 0.013279121 0.994907618 6.093133926
0.994240522 0.025305413 -0.104141809 -7.488468170 -0.025987299 0.999648750 -0.005195832 -0.016492356 0.103973731 0.007872270 0.994548798 6.178614140
0.993787885 0.024519434 -0.108555421 -7.494764805 -0.024603559 0.999697149 0.000564570 -0.017982278 0.108536392 0.002109787 0.994090259 6.236369610
0.993203104 0.023889540 -0.113916405 -7.504396915 -0.023575995 0.999713719 0.004099023 -0.019339262 0.113981724 -0.001385469 0.993481874 6.319597721
0.992473722 0.024012005 -0.120080456 -7.511956692 -0.023596361 0.999709666 0.004882282 -0.019783765 0.120162807 -0.002012076 0.992752135 6.374914646
0.991822720 0.020683542 -0.125935763 -7.522772789 -0.019659521 0.999762893 0.009368878 -0.021618500 0.126099661 -0.006816430 0.991994143 6.455562115
0.990955532 0.022104725 -0.132357374 -7.531168938 -0.021169629 0.999740064 0.008468087 -0.021735683 0.132510170 -0.005589541 0.991165817 6.511511803
0.990037024 0.027074559 -0.138180807 -7.544145107 -0.026263680 0.999625504 0.007688532 -0.022528250 0.138337240 -0.003982794 0.990377188 6.592199802
0.989170134 0.028875694 -0.143904567 -7.553068161 -0.028593045 0.999583125 0.004032260 -0.023369161 0.143961012 0.000126079 0.989583373 6.646468639
0.988252103 0.027290408 -0.150376543 -7.565227032 -0.027448319 0.999622643 0.001025799 -0.024422040 0.150347784 0.003113835 0.988628387 6.727364540
0.987416506 0.028767588 -0.155502453 -7.574331760 -0.029133897 0.999575496 -0.000076674 -0.025169104 0.155434281 0.004606104 0.987835526 6.778660297
0.986668468 0.031570159 -0.159651756 -7.589321136 -0.031190293 0.999501467 0.004885266 -0.026054345 0.159726396 0.000159447 0.987161338 6.858034611
0.985618353 0.031785846 -0.165969700 -7.597819328 -0.030707601 0.999487460 0.009059308 -0.026430167 0.166172564 -0.003832491 0.986089170 6.910477638
0.984555185 0.031053083 -0.172297940 -7.612250328 -0.029523402 0.999498606 0.011434200 -0.028253056 0.172566622 -0.006170779 0.984978437 6.989003658
0.983371675 0.028893752 -0.179290697 -7.621698380 -0.027945587 0.999578834 0.007812352 -0.028588787 0.179440930 -0.002672062 0.983765066 7.039423943
0.981865048 0.026111588 -0.187774122 -7.637083530 -0.026457610 0.999649704 0.000663761 -0.029030159 0.187725678 0.004316332 0.982212007 7.115355492
0.980140209 0.023627700 -0.196892723 -7.647432804 -0.024349689 0.999702692 -0.001246541 -0.029846795 0.196804732 0.006016061 0.980424225 7.165587425
0.977975011 0.023293350 -0.207418144 -7.664104462 -0.023392184 0.999724448 0.001976484 -0.031390097 0.207407027 0.002919011 0.978250384 7.241257668
0.975503147 0.022967333 -0.218783826 -7.675722122 -0.021768900 0.999731898 0.007887011 -0.031505264 0.218906313 -0.002931122 0.975741506 7.291932583
0.972806215 0.025154628 -0.230251029 -7.694640636 -0.022146093 0.999632299 0.015641756 -0.032031372 0.230559841 -0.010117237 0.973005652 7.366118431
0.970021009 0.025403468 -0.241689712 -7.707626820 -0.021361146 0.999584913 0.019331239 -0.032706037 0.242080450 -0.013588936 0.970160961 7.416617393
0.967155278 0.028876727 -0.252541333 -7.728546619 -0.025943153 0.999551773 0.014939058 -0.033341140 0.252859533 -0.007896666 0.967470765 7.488373756
0.963848472 0.028250206 -0.264948934 -7.749353886 -0.027755741 0.999598980 0.005610688 -0.033241525 0.265001208 0.001946003 0.964246094 7.560915470
0.960468054 0.025422910 -0.277226895 -7.771434307 -0.026225397 0.999655724 0.000813415 -0.033863824 0.277152121 0.006489128 0.960804164 7.632219315
0.956893802 0.024535203 -0.289399743 -7.779367447 -0.023910556 0.999697864 0.005694303 -0.033992421 0.289452106 0.001470865 0.957191288 7.658256531
0.953086436 0.025135687 -0.301652879 -7.802337170 -0.022250721 0.999667943 0.012996648 -0.034882352 0.301879346 -0.005674934 0.953329206 7.733226776
0.949465692 0.026075887 -0.312785715 -7.819644451 -0.021402095 0.999602199 0.018367063 -0.034886405 0.313140213 -0.010744628 0.949646115 7.780946732
0.945298314 0.023743507 -0.325342089 -7.845470428 -0.019391585 0.999673903 0.016613089 -0.035290003 0.325630426 -0.009395426 0.945450425 7.853465557
0.941354275 0.021333832 -0.336744726 -7.871963501 -0.018283047 0.999758065 0.012228388 -0.035226025 0.336924136 -0.005354527 0.941516519 7.926398754
0.938069224 0.017176719 -0.346021771 -7.897744179 -0.016406555 0.999852121 0.005154855 -0.036084034 0.346059114 0.000841414 0.938212335 7.998418808
0.935291886 0.013344920 -0.353625447 -7.907370567 -0.014485862 0.999894917 -0.000579682 -0.036367696 0.353580624 0.005664741 0.935386896 8.019556046
0.932449818 0.013350834 -0.361052543 -7.935626984 -0.015310419 0.999879479 -0.002567420 -0.037306100 0.360974848 0.007921857 0.932541847 8.092294693
0.929212451 0.018067103 -0.369103879 -7.966257572 -0.020451054 0.999787688 -0.002547009 -0.038915925 0.368979484 0.009915275 0.929384649 8.165238380
0.926265299 0.018235957 -0.376430929 -7.980890274 -0.019828139 0.999803305 -0.000355296 -0.039263781 0.376350492 0.007793024 0.926444590 8.197814941
0.923003316 0.019066270 -0.384319454 -8.012037277 -0.017972406 0.999817789 0.006437891 -0.040040880 0.384372205 0.000964950 0.923177719 8.270974159
0.920372665 0.021374105 -0.390457630 -8.044853210 -0.016932216 0.999746919 0.014815292 -0.040747926 0.390675426 -0.007024276 0.920501590 8.345083237
0.917473614 0.030956939 -0.396590292 -8.059093475 -0.024518158 0.999472499 0.021296149 -0.040608451 0.397040367 -0.009814989 0.917748690 8.375847816
0.914513350 0.036851536 -0.402874023 -8.092006683 -0.032288246 0.999314368 0.018115455 -0.040363684 0.403265387 -0.003558727 0.915076137 8.448303223
0.912292182 0.033547338 -0.408163637 -8.125328064 -0.031898491 0.999432147 0.010847494 -0.040700279 0.408295751 0.003123722 0.912844419 8.519938469
0.910337031 0.026626876 -0.413010001 -8.139462471 -0.027884606 0.999606669 0.002983005 -0.040247463 0.412926942 0.008801082 0.910721600 8.550633430
0.908739090 0.026885515 -0.416497707 -8.174546242 -0.028647058 0.999587536 0.002020964 -0.040076807 0.416380346 0.010094905 0.909134448 8.623803139
0.906507969 0.033562459 -0.420852393 -8.196969032 -0.033407182 0.999411821 0.007743405 -0.041522086 0.420864671 0.007040037 0.907096088 8.668721199
0.903845251 0.036077071 -0.426335603 -8.231500626 -0.033998653 0.999343812 0.012487514 -0.042476520 0.426506430 0.003208056 0.904478729 8.741157532
0.901600599 0.032462250 -0.431349397 -8.266753197 -0.031017123 0.999464869 0.010385596 -0.043553099 0.431455731 0.004015558 0.902125180 8.814049721
0.899529278 0.030993834 -0.435759842 -8.304942131 -0.032504868 0.999463618 0.003988745 -0.044424877 0.435649753 0.010576322 0.900054097 8.887473106
0.896861255 0.027573325 -0.441451699 -8.311005592 -0.032220468 0.999476194 -0.003031827 -0.043711852 0.441136926 0.016942907 0.897279859 8.904047012
0.894553661 0.029143173 -0.446009666 -8.348275185 -0.034510359 0.999396622 -0.003914203 -0.045375343 0.445626527 0.018893417 0.895019591 8.976196289
0.892678618 0.031313110 -0.449604571 -8.386931419 -0.035197664 0.999380350 -0.000281347 -0.045872316 0.449317127 0.016076179 0.893227696 9.049437523
0.890417457 0.033255152 -0.453928202 -8.402051926 -0.036157537 0.999343514 0.002286755 -0.047023255 0.453706235 0.014376756 0.891035318 9.078824997
0.887868464 0.033576239 -0.458870560 -8.439376831 -0.036411159 0.999333322 0.002670775 -0.047853000 0.458654344 0.014336708 0.888499081 9.151492119
0.885726094 0.032083474 -0.463098109 -8.477678299 -0.035267755 0.999376297 0.001783395 -0.048831575 0.462866426 0.014752834 0.886305273 9.222872734
0.883675873 0.030517897 -0.467103422 -8.516117096 -0.033574782 0.999434710 0.001779959 -0.051034637 0.466893673 0.014109988 0.884200931 9.293888092
0.881550193 0.029983690 -0.471137196 -8.524032593 -0.032862455 0.999457657 0.002117268 -0.050866984 0.470945150 0.013616249 0.882057369 9.307180405
