0.999095738 0.001945905 -0.042472962 -0.004270685 -0.002080473 0.999992967 -0.003124342 -0.000565484 0.042466577 0.003209880 0.999092758 0.044847913
0.998423636 0.001724932 -0.056099262 -0.006138729 -0.001951994 0.999990046 -0.003992962 -0.000561755 0.056091819 0.004096173 0.998417258 0.056109078
0.997464001 0.001722795 -0.071151979 -0.008423366 -0.002083187 0.999985397 -0.004991213 0.000136099 0.071142353 0.005126778 0.997453034 0.063111708
0.995939910 0.000319747 -0.090020746 -0.011275827 -0.000641290 0.999993563 -0.003542977 -0.001268491 0.090019025 0.003586322 0.995933592 0.077916615
0.993779361 -0.000966710 -0.111362256 -0.013506031 0.000513413 0.999991417 -0.004099076 -0.001093344 0.111365259 0.004016401 0.993771434 0.095845349
0.991221488 -0.001237200 -0.132206589 -0.016396809 0.000560829 0.999986589 -0.005153121 -0.000857747 0.132211179 0.005033738 0.991208792 0.099614322
0.987748563 0.002305750 -0.156036660 -0.021128532 -0.003295298 0.999975979 -0.006083383 -0.001670794 0.156018898 0.006523040 0.987732530 0.113933980
0.983152866 0.006421061 -0.182672352 -0.024871206 -0.007934762 0.999939919 -0.007556741 -0.002214700 0.182612821 0.008878894 0.983144760 0.128320545
0.977664411 0.009333559 -0.209963992 -0.034059204 -0.011305552 0.999902427 -0.008193729 -0.003054989 0.209867060 0.010384480 0.977674782 0.156086385
0.970965505 0.010054744 -0.239008129 -0.040366437 -0.012336476 0.999891400 -0.008052615 -0.003457271 0.238901243 0.010767330 0.970984161 0.171146169
0.962869644 0.011887447 -0.269704640 -0.047825757 -0.014586952 0.999861658 -0.008007044 -0.003436259 0.269572079 0.011643908 0.962909877 0.187481478
0.953189373 0.013810577 -0.302058071 -0.055034783 -0.016674602 0.999837101 -0.006905059 -0.003793376 0.301913530 0.011618529 0.953264475 0.203252748
0.941830397 0.015697403 -0.335721850 -0.064846896 -0.018686939 0.999809265 -0.005675870 -0.004139215 0.335568696 0.011619319 0.941944003 0.222397447
0.929378688 0.018281307 -0.368674785 -0.074519545 -0.021404944 0.999761224 -0.004384227 -0.004938873 0.368506670 0.011966071 0.929548085 0.238094106
0.915403962 0.020794040 -0.401999086 -0.084189065 -0.024600150 0.999688148 -0.004307282 -0.004649751 0.401784092 0.013832140 0.915629983 0.253196955
0.899280965 0.021433625 -0.436845988 -0.094644137 -0.025727358 0.999661326 -0.003913868 -0.004563584 0.436614066 0.014758558 0.899527788 0.268753737
0.880451620 0.017029652 -0.473830163 -0.108014718 -0.021808259 0.999751627 -0.004591705 -0.004393605 0.473634273 0.014376185 0.880604267 0.288709313
0.859429002 0.011687486 -0.511121571 -0.120090917 -0.016681584 0.999847412 -0.005186501 -0.004455785 0.510982931 0.012983748 0.859492838 0.303641468
0.834425628 0.013996378 -0.550942838 -0.135636851 -0.017725283 0.999841869 -0.001445282 -0.005461781 0.550835431 0.010971596 0.834541738 0.321183771
0.805176437 0.019459702 -0.592716038 -0.151111871 -0.022167146 0.999750674 0.002710211 -0.006110922 0.592620909 0.010956622 0.805406988 0.335732907
0.772644162 0.022302464 -0.634447515 -0.168546498 -0.025548067 0.999665439 0.004027832 -0.005935019 0.634325087 0.013096821 0.772955418 0.350625634
0.736799061 0.021807298 -0.675759971 -0.186369941 -0.024890341 0.999677062 0.005121757 -0.006302617 0.675653517 0.013046187 0.737103879 0.364445627
0.696574807 0.017864710 -0.717261732 -0.210630149 -0.019044949 0.999798179 0.006406129 -0.006724123 0.717231393 0.009197867 0.696774423 0.383697659
0.653235197 0.014450382 -0.757017195 -0.230848297 -0.013818230 0.999878764 0.007162428 -0.006706061 0.757028937 0.005781888 0.653355718 0.398117095
0.609194756 0.013360076 -0.792908072 -0.257360518 -0.010913603 0.999904633 0.008462886 -0.006144374 0.792945564 0.003497940 0.609282434 0.412368536
0.560729623 0.013756862 -0.827884734 -0.281410217 -0.008083905 0.999905229 0.011140045 -0.005977813 0.827959597 0.000445990 0.560787618 0.424880683
0.509947658 0.014410843 -0.860084832 -0.310671151 -0.006983758 0.999895990 0.012612708 -0.005240451 0.860177040 -0.000425196 0.509995401 0.436874211
0.458297640 0.015565938 -0.888662577 -0.338774055 -0.006140254 0.999878168 0.014347383 -0.004727509 0.888777494 -0.001118758 0.458337516 0.445791304
0.403108865 0.018115688 -0.914972723 -0.370929450 -0.004504906 0.999831259 0.017811093 -0.004830836 0.915140927 -0.003057943 0.403122425 0.455456853
0.347620547 0.020074995 -0.937420368 -0.403387785 -0.003954971 0.999793351 0.019944113 -0.004429995 0.937626958 -0.003225514 0.347628087 0.463612348
0.292264640 0.023233207 -0.956055284 -0.438748300 -0.001243855 0.999713242 0.023913907 -0.004299159 0.956336677 -0.005799995 0.292209774 0.470399797
0.238308012 0.026282877 -0.970833898 -0.474961191 0.003328353 0.999605775 0.027878804 -0.005170582 0.971184015 -0.009875020 0.238126591 0.476414204
0.187098607 0.025542067 -0.982008994 -0.512530923 0.005477734 0.999619186 0.027043764 -0.003870316 0.982325852 -0.010439035 0.186887458 0.480313122
0.139892772 0.026867969 -0.989802063 -0.552834928 0.003443911 0.999612570 0.027621012 -0.003581682 0.990160704 -0.007272770 0.139746040 0.482085466
0.097231321 0.026882634 -0.994898677 -0.593641996 0.001463935 0.999630213 0.027153548 -0.002381364 0.995260715 -0.004096643 0.097156011 0.482300311
0.058814086 0.025654174 -0.997939289 -0.636651576 0.000522870 0.999668777 0.025729449 -0.001678629 0.998268783 -0.002035046 0.058781207 0.482589841
0.024545293 0.022627179 -0.999442697 -0.680970132 0.001373643 0.999742150 0.022667695 -0.000665685 0.999697804 -0.001929263 0.024507878 0.480688006
-0.006804816 0.019543480 -0.999785960 -0.726569474 0.002256249 0.999806821 0.019528531 0.000009721 0.999974251 -0.002122877 -0.006847590 0.478543699
-0.033357617 0.017805004 -0.999284923 -0.774979532 0.000891964 0.999841452 0.017785149 0.000741192 0.999443054 -0.000298056 -0.033368211 0.474582583
-0.053880271 0.014918449 -0.998435974 -0.823217750 -0.000130522 0.999888301 0.014947191 0.002369855 0.998547375 0.000935677 -0.053872302 0.470134050
-0.070366062 0.014314666 -0.997418523 -0.874691129 0.001208245 0.999897420 0.014265005 0.002885016 0.997520506 -0.000201354 -0.070376150 0.464775562
-0.083562277 0.015090329 -0.996388257 -0.926395297 0.002166311 0.999885678 0.014961619 0.003286402 0.996500194 -0.000908260 -0.083585419 0.459951788
-0.092907891 0.015797246 -0.995549381 -0.980871081 0.001024174 0.999875069 0.015770309 0.004094374 0.995674193 0.000445570 -0.092912458 0.453259259
-0.099630222 0.017487856 -0.994870842 -1.034617901 -0.001067926 0.999843001 0.017682206 0.003706151 0.995024025 0.002824131 -0.099595904 0.447136164
-0.104170069 0.018467899 -0.994387984 -1.090759158 -0.000647615 0.999826133 0.018636739 0.003767288 0.994559228 0.002585371 -0.104139984 0.440641761
-0.104898565 0.019293897 -0.994295716 -1.149134278 0.000581165 0.999812841 0.019339642 0.005032443 0.994482696 0.001450851 -0.104890138 0.433484286
-0.104319982 0.021329626 -0.994315028 -1.208016872 0.003598470 0.999771535 0.021069139 0.005259132 0.994537294 -0.001380081 -0.104372904 0.427939177
-0.102659419 0.023808196 -0.994431555 -1.269530416 0.003122921 0.999716341 0.023612328 0.005524488 0.994711637 -0.000681504 -0.102704667 0.421466410
-0.101028115 0.023633992 -0.994602799 -1.331912279 0.000515605 0.999718845 0.023703191 0.006616030 0.994883358 0.001881866 -0.101011910 0.414234400
-0.098795548 0.021250747 -0.994880736 -1.396468759 -0.001467442 0.999767780 0.021500858 0.007272925 0.995106578 0.003584119 -0.098741420 0.406834543
-0.098188400 0.020872284 -0.994948983 -1.460749269 -0.001518219 0.999775767 0.021123372 0.008582557 0.995166659 0.003584621 -0.098134689 0.400841713
-0.095708162 0.023766112 -0.995125771 -1.528300405 -0.001416976 0.999710739 0.024011895 0.009687852 0.995408356 0.003708204 -0.095646799 0.393724859
-0.094614521 0.026899140 -0.995150506 -1.595073104 -0.001822475 0.999628425 0.027193455 0.011073885 0.995512307 0.004386533 -0.094530374 0.387909383
-0.092355609 0.029190358 -0.995298088 -1.667765617 -0.001591641 0.999564528 0.029463179 0.012095619 0.995724797 0.004305248 -0.092268959 0.379307389
-0.091015831 0.028368276 -0.995445311 -1.734661818 -0.004761241 0.999570310 0.028921161 0.012487840 0.995838106 0.007371839 -0.090841666 0.374199927
-0.089110926 0.025136383 -0.995704472 -1.808064938 -0.006863118 0.999642253 0.025850009 0.014275905 0.995998085 0.009137155 -0.088906556 0.367030352
-0.087300099 0.024678482 -0.995876312 -1.883028984 -0.008184748 0.999641538 0.025489274 0.015258044 0.996148467 0.010376213 -0.087066829 0.359991789
-0.086446092 0.026968092 -0.995891452 -1.950161219 -0.005192767 0.999607742 0.027519476 0.016552951 0.996243000 0.007550383 -0.086272150 0.354501277
-0.084963597 0.029170342 -0.995957017 -2.025951147 -0.002556554 0.999561667 0.029494012 0.017593611 0.996380746 0.005052134 -0.084851772 0.347887099
-0.083543822 0.030764733 -0.996029139 -2.102748871 -0.001477282 0.999518394 0.030996416 0.019189063 0.996503055 0.004060974 -0.083458140 0.340873212
-0.083268307 0.026145404 -0.996184111 -2.172883511 -0.002154385 0.999648690 0.026416417 0.019938938 0.996524811 0.004345815 -0.083182722 0.334947199
-0.082638964 0.019157615 -0.996395350 -2.250283241 -0.000886480 0.999813378 0.019296853 0.020480458 0.996579170 0.002477957 -0.082606569 0.327612728
-0.082830973 0.014578752 -0.996456921 -2.329143524 0.002067639 0.999893427 0.014457154 0.021612599 0.996561587 -0.000862813 -0.082852289 0.321108431
-0.084044918 0.015222713 -0.996345699 -2.400730133 0.004486281 0.999878943 0.014898262 0.022866342 0.996451914 -0.003217765 -0.084103033 0.316238999
-0.083962828 0.023096390 -0.996201217 -2.481026411 0.004027581 0.999730945 0.022838771 0.022737473 0.996460795 -0.002094673 -0.084033243 0.308559120
-0.084458083 0.030036580 -0.995974243 -2.561982870 0.003311237 0.999548435 0.029863577 0.024150375 0.996421635 -0.000775686 -0.084519401 0.301912010
-0.084438175 0.035269622 -0.995804310 -2.646700144 0.000388638 0.999374330 0.035363115 0.024881810 0.996428788 0.002598990 -0.084399045 0.293111861
-0.084735282 0.035909627 -0.995756209 -2.709276915 -0.001195302 0.999345958 0.036140803 0.025244355 0.996402800 0.004252631 -0.084636949 0.287515938
-0.085071690 0.032234274 -0.995853245 -2.791182756 -0.000982579 0.999473274 0.032435387 0.026865490 0.996374369 0.003737838 -0.084995225 0.279818296
-0.085659042 0.029211141 -0.995896220 -2.871238470 -0.001591525 0.999564886 0.029455641 0.028361619 0.996323287 0.004108136 -0.085575283 0.272982478
-0.085762337 0.030868674 -0.995837271 -2.938757181 -0.002759198 0.999508739 0.031220106 0.028749533 0.996311724 0.005425223 -0.085635036 0.266717076
-0.085653968 0.033363137 -0.995766222 -3.019882202 -0.004408611 0.999416709 0.033864673 0.029832721 0.996315062 0.007290589 -0.085456923 0.259170562
-0.084586650 0.031193413 -0.995927751 -3.103475809 -0.004485397 0.999487817 0.031685878 0.031503931 0.996405959 0.007147334 -0.084403411 0.248834908
-0.085397929 0.026175432 -0.996003032 -3.164894581 -0.005730871 0.999625325 0.026761999 0.032393664 0.996330500 0.007993383 -0.085215926 0.246535271
-0.085011482 0.022140261 -0.996133924 -3.244965792 -0.007087996 0.999714315 0.022824736 0.032582000 0.996354759 0.009000958 -0.084830269 0.238524675
-0.084324755 0.022927748 -0.996174455 -3.324094534 -0.007472824 0.999692559 0.023641281 0.033432066 0.996410370 0.009437784 -0.084127501 0.230577767
-0.084024310 0.025792930 -0.996129692 -3.390978098 -0.005988350 0.999633789 0.026388781 0.033457167 0.996445835 0.008182473 -0.083839066 0.226206839
-0.083264597 0.030334771 -0.996065557 -3.470067739 -0.005760227 0.999505162 0.030921038 0.034636155 0.996510863 0.008312193 -0.083048649 0.218519300
-0.082580976 0.036299232 -0.995923042 -3.548532486 -0.005064265 0.999308169 0.036842540 0.035322219 0.996571541 0.008086110 -0.082340002 0.211584449
-0.083123468 0.039345112 -0.995762229 -3.615001202 -0.004770471 0.999193132 0.039878905 0.036984339 0.996527791 0.008065128 -0.082868703 0.206808984
-0.083232135 0.039290350 -0.995755434 -3.691587925 -0.004885605 0.999194324 0.039834429 0.038232051 0.996518195 0.008180371 -0.082973137 0.201327920
-0.082862101 0.034277339 -0.995971322 -3.772522449 -0.004748810 0.999383390 0.034789853 0.040851980 0.996549666 0.007612441 -0.082648225 0.192491174
-0.082947895 0.030254358 -0.996094525 -3.852605343 -0.004925234 0.999514520 0.030768372 0.042059086 0.996541679 0.007458169 -0.082758613 0.186546326
-0.081789345 0.027729062 -0.996263802 -3.913066387 -0.009812999 0.999542058 0.028625907 0.042307369 0.996601284 0.012117632 -0.081479795 0.179377139
-0.081921086 0.026208512 -0.996294141 -3.993261337 -0.013179400 0.999538302 0.027377535 0.042698249 0.996551633 0.015373359 -0.081537858 0.170540541
-0.082903251 0.023811767 -0.996273100 -4.069747925 -0.010805006 0.999634206 0.024791220 0.043903060 0.996499002 0.012820009 -0.082615644 0.164839864
-0.084285550 0.020366302 -0.996233463 -4.148383141 -0.007283038 0.999751866 0.021054402 0.044358518 0.996415138 0.009030188 -0.084116302 0.158924252
-0.084950194 0.018820845 -0.996207476 -4.210187912 -0.002829041 0.999813139 0.019130206 0.045127407 0.996381223 0.004443427 -0.084881067 0.153254986
-0.087365583 0.022473089 -0.995922863 -4.289293289 -0.002692265 0.999736607 0.022795318 0.045246370 0.996172667 0.004672813 -0.087282062 0.147123903
-0.088686429 0.028314520 -0.995657146 -4.368757725 0.000092662 0.999596179 0.028418286 0.046000168 0.996059597 0.002428057 -0.088653252 0.138443023
-0.090682730 0.032597844 -0.995346308 -4.446327209 0.001776177 0.999467850 0.032571003 0.046211474 0.995878339 0.001185716 -0.090692379 0.131188035
-0.092128910 0.031389933 -0.995252192 -4.502971649 0.001960191 0.999506891 0.031342667 0.047370620 0.995745182 0.000936682 -0.092145003 0.126725644
-0.092845641 0.027361399 -0.995304525 -4.579997540 -0.001434106 0.999617696 0.027613750 0.048225552 0.995679498 0.003991188 -0.092770912 0.117944092
-0.093965754 0.023752101 -0.995292008 -4.656331062 -0.006581226 0.999678731 0.024478123 0.048433125 0.995553732 0.008850348 -0.093779251 0.109337389
-0.095234483 0.022539254 -0.995199680 -4.716427326 -0.010712222 0.999662519 0.023665423 0.049067415 0.995397210 0.012914565 -0.094960913 0.102722555
-0.096277051 0.023346374 -0.995080769 -4.793175220 -0.012142456 0.999623001 0.024627760 0.049728930 0.995280445 0.014453814 -0.095957279 0.093794405
-0.097097881 0.025071895 -0.994959056 -4.869803429 -0.012173370 0.999577999 0.026376285 0.049976259 0.995200336 0.014673085 -0.096751712 0.085099131
-0.098241828 0.024152046 -0.994869530 -4.944480896 -0.013989474 0.999573112 0.025647672 0.051721007 0.995064259 0.016437372 -0.097862035 0.078210205
-0.098708004 0.024381647 -0.994817674 -4.993212223 -0.015020355 0.999549389 0.025987966 0.051039085 0.995003045 0.017507736 -0.098297313 0.072778553
-0.099057935 0.025907654 -0.994744301 -5.068646908 -0.012822885 0.999544799 0.027309597 0.052603319 0.994999051 0.015460722 -0.098680623 0.065278500
-0.099988140 0.028491519 -0.994580626 -5.137267590 -0.011555896 0.999489248 0.029793885 0.054351404 0.994921565 0.014472303 -0.099607833 0.058609366
-0.100683384 0.032990839 -0.994371355 -5.195669651 -0.012348820 0.999331594 0.034405768 0.054105043 0.994841874 0.015743401 -0.100208700 0.053779721
-0.100062862 0.035988338 -0.994330049 -5.267100811 -0.013357696 0.999206960 0.037509080 0.052974209 0.994891405 0.017035227 -0.099502817 0.043900430
-0.101410732 0.035280854 -0.994218707 -5.342147827 -0.012011967 0.999254704 0.036684785 0.055253416 0.994772077 0.015662754 -0.100911357 0.036922872
-0.101788729 0.033032119 -0.994257510 -5.416624546 -0.011653913 0.999340355 0.034394074 0.055791870 0.994737744 0.015087917 -0.101336643 0.029898584
-0.102753937 0.030240199 -0.994246960 -5.483863354 -0.011281552 0.999438047 0.031564012 0.055412225 0.994642735 0.014459976 -0.102355041 0.023300469
-0.101321377 0.026300438 -0.994506001 -5.552842140 -0.011609125 0.999551237 0.027616607 0.059235096 0.994785964 0.014343499 -0.100970581 0.012732685
-0.100477099 0.023963645 -0.994650722 -5.618137836 -0.012175447 0.999605417 0.025312943 0.059976324 0.994864881 0.014653688 -0.100145705 0.005714834
-0.097825766 0.023998659 -0.994914114 -5.641562462 -0.015025499 0.999559641 0.025588110 0.058149450 0.995090187 0.017452262 -0.097422071 0.004954934
-0.093325846 0.024508849 -0.995333910 -5.706909657 -0.014890781 0.999550819 0.026008895 0.059630953 0.995524287 0.017248601 -0.092918955 -0.001993179
-0.087574691 0.025704715 -0.995826304 -5.771388054 -0.014248755 0.999532402 0.027053442 0.060636714 0.996056020 0.016558481 -0.087167472 -0.008136302
-0.080299288 0.027102420 -0.996402204 -5.832481861 -0.012916742 0.999518037 0.028228123 0.061226204 0.996687114 0.015136968 -0.079910517 -0.013605922
-0.072611496 0.029309666 -0.996929526 -5.869692802 -0.014539294 0.999430716 0.030442173 0.059514470 0.997254252 0.016705105 -0.072144032 -0.012704223
-0.060972314 0.030566473 -0.997671306 -5.928059578 -0.016173376 0.999369442 0.031606928 0.060265377 0.998008430 0.018062858 -0.060439512 -0.016754895
-0.046123877 0.032305226 -0.998413265 -5.985536575 -0.019571200 0.999255776 0.033236627 0.060503528 0.998743951 0.021073150 -0.045457304 -0.019198418
-0.026987419 0.033454906 -0.999075770 -6.041294098 -0.021566367 0.999187529 0.034041215 0.061596811 0.999403059 0.022465117 -0.026244003 -0.021902323
-0.005078577 0.034355566 -0.999396741 -6.095634460 -0.022069525 0.999162257 0.034459662 0.061843440 0.999743462 0.022231217 -0.004316121 -0.021011816
0.020808466 0.035334982 -0.999158859 -6.148410320 -0.022439497 0.999139905 0.034866992 0.062415898 0.999531627 0.021695094 0.021583468 -0.018307135
0.050715283 0.034160689 -0.998128653 -6.197085381 -0.020747604 0.999235094 0.033144362 0.063973159 0.998497546 0.019027852 0.051385254 -0.015267044
0.084524296 0.033482950 -0.995858729 -6.206817150 -0.019042267 0.999307036 0.031982657 0.064697921 0.996239424 0.016260095 0.085103318 -0.008702278
0.122099623 0.034554671 -0.991916239 -6.251731396 -0.018587573 0.999298096 0.032523803 0.063209102 0.992343783 0.014466171 0.122656219 -0.000604868
0.163678855 0.034391988 -0.985914111 -6.294749260 -0.018216977 0.999327064 0.031835549 0.064363629 0.986345530 0.012749564 0.164195240 0.006930947
0.209048271 0.035856854 -0.977247775 -6.335137367 -0.016862696 0.999311209 0.033059210 0.063615546 0.977759957 0.009568061 0.209508866 0.017506957
0.256743342 0.033999607 -0.965881526 -6.377242565 -0.014212200 0.999405861 0.031401914 0.064948246 0.966375113 0.005665069 0.257073998 0.033602238
0.307680517 0.029222941 -0.951040864 -6.394300938 -0.006762408 0.999570131 0.028526345 0.064766280 0.951465666 -0.002345674 0.307745844 0.041545510
0.359401405 0.023382492 -0.932890058 -6.433511734 -0.000618058 0.999691784 0.024818741 0.065378785 0.933182895 -0.008343310 0.359305114 0.060071707
0.410982549 0.018715978 -0.911451101 -6.470702171 0.004017606 0.999742329 0.022340558 0.066053025 0.911634207 -0.012843431 0.410801560 0.082287073
0.461645275 0.018086005 -0.886880279 -6.493158340 0.004086656 0.999738157 0.022514721 0.066415980 0.887055218 -0.014018189 0.461450547 0.097610950
0.509693205 0.016956683 -0.860189140 -6.529142857 0.005742582 0.999716461 0.023109838 0.066848867 0.860337079 -0.016718635 0.509451270 0.122698545
0.554631352 0.012203955 -0.832006812 -6.562697887 0.013929009 0.999616146 0.023947809 0.067691430 0.831979752 -0.024871234 0.554248452 0.150755405
0.598602831 0.006605033 -0.801018655 -6.581406593 0.023577759 0.999387622 0.025860453 0.067010343 0.800698757 -0.034366377 0.598080575 0.169727325
0.640654445 0.002183377 -0.767826200 -6.611183167 0.024687877 0.999420404 0.023440871 0.066630259 0.767432153 -0.033973504 0.640229344 0.200384855
0.682379544 -0.003130626 -0.730991185 -6.640914917 0.022027083 0.999624848 0.016281148 0.067428581 0.730666101 -0.027211530 0.682192504 0.231205225
0.722717166 -0.009248456 -0.691081941 -6.656713963 0.017877460 0.999826074 0.005315579 0.067533180 0.690912545 -0.016196448 0.722756922 0.252195597
0.761857390 -0.010896312 -0.647653043 -6.680212975 0.012886242 0.999915600 -0.001664332 0.066552415 0.647616506 -0.007077831 0.761933625 0.284562826
0.799181342 -0.013045723 -0.600948334 -6.702439785 0.012278384 0.999910176 -0.005377993 0.067512803 0.600964487 -0.003080682 0.799269736 0.317611456
0.833082020 -0.014340242 -0.552963614 -6.726234913 0.012784528 0.999896109 -0.006669860 0.067128211 0.553001821 -0.001512839 0.833178639 0.360087872
0.864290893 -0.012887990 -0.502827168 -6.744917870 0.009533581 0.999911845 -0.009241875 0.067112073 0.502901912 0.003193925 0.864337623 0.394482374
0.890290678 -0.010163889 -0.455279171 -6.766721725 0.007699700 0.999943972 -0.007266632 0.065019086 0.455327451 0.002963902 0.890319109 0.442336082
0.911716342 -0.004946787 -0.410790533 -6.781397820 0.002566208 0.999976575 -0.006346344 0.065049209 0.410812289 0.004731892 0.911707699 0.479664087
0.929354727 -0.000616282 -0.369187504 -6.801169872 -0.002404691 0.999967337 -0.007722559 0.064329743 0.369180232 0.008064780 0.929322839 0.532084942
0.943071067 0.004809759 -0.332556635 -6.815112591 -0.007265755 0.999954760 -0.006142057 0.063646838 0.332512021 0.008208673 0.943063259 0.573341370
0.953297496 0.005640209 -0.301980376 -6.833235741 -0.007288541 0.999964058 -0.004331876 0.062804900 0.301945090 0.006330564 0.953304231 0.629973054
0.960565805 0.004769478 -0.278011739 -6.844156742 -0.005734520 0.999979973 -0.002658167 0.061927974 0.277993470 0.004147608 0.960574031 0.675640225
0.966494918 0.005105893 -0.256635070 -6.860684395 -0.005634603 0.999983191 -0.001324868 0.062282693 0.256624013 0.002726515 0.966507435 0.737227321
0.971056998 0.007386172 -0.238733664 -6.870850563 -0.007235185 0.999972820 0.001508757 0.061598662 0.238738284 0.000262193 0.971083939 0.785496831
0.974707901 0.012485767 -0.223133653 -6.887010098 -0.012158997 0.999922097 0.002838303 0.061429497 0.223151684 -0.000053435 0.974783778 0.849869132
0.977580965 0.016340854 -0.209924921 -6.897195816 -0.015769895 0.999865949 0.004393532 0.060759921 0.209968597 -0.000984538 0.977707624 0.900815248
0.980305254 0.014910973 -0.196924716 -6.910478115 -0.014250549 0.999887109 0.004770349 0.059590485 0.196973637 -0.001870112 0.980407000 0.968717813
0.982923448 0.014936701 -0.183407620 -6.920050621 -0.014487538 0.999887884 0.003788739 0.060054608 0.183443636 -0.001066916 0.983029604 1.022772670
0.985506654 0.015933638 -0.168887168 -6.932392597 -0.015444010 0.999871850 0.004212422 0.059822120 0.168932632 -0.001543074 0.985626400 1.095013976
0.987835646 0.017066784 -0.154562354 -6.940951347 -0.016526720 0.999852002 0.004778502 0.059370853 0.154621035 -0.002165965 0.987971485 1.150738001
0.989661813 0.016775411 -0.142435834 -6.951144218 -0.016638601 0.999859273 0.002151567 0.058458742 0.142451853 0.000240610 0.989801764 1.225850463
0.991221666 0.017819900 -0.131004110 -6.959035397 -0.018378587 0.999826312 -0.003056726 0.057387680 0.130926952 0.005437563 0.991377056 1.283043146
0.992478490 0.016288640 -0.121330872 -6.968816280 -0.017590374 0.999798536 -0.009665351 0.056875981 0.121149011 0.011726910 0.992565036 1.361120224
0.993428409 0.015851041 -0.113352075 -6.975526333 -0.017051905 0.999808192 -0.009632359 0.055868603 0.113177650 0.011501930 0.993508160 1.421199918
0.994194269 0.018004414 -0.106083646 -6.985673904 -0.018491240 0.999822497 -0.003607221 0.054941483 0.105999872 0.005547898 0.994350672 1.502369761
0.994634688 0.021951992 -0.101094089 -6.994642735 -0.021633709 0.999756992 0.004243767 0.053774837 0.101162694 -0.002033956 0.994867802 1.582131863
0.994998634 0.023480050 -0.097090349 -6.999098778 -0.022791442 0.999706626 0.008195586 0.052730709 0.097254284 -0.005941765 0.995241821 1.633407831
0.995365441 0.021907751 -0.093637802 -7.008121014 -0.021352315 0.999748111 0.006929649 0.052581526 0.093766011 -0.004898149 0.995582223 1.716001987
0.995645463 0.022323670 -0.090508722 -7.015537262 -0.021883134 0.999743521 0.005856872 0.051016103 0.090616226 -0.003850752 0.995878398 1.794334412
0.995913386 0.020978494 -0.087843083 -7.018853188 -0.020280348 0.999755502 0.008832650 0.049730197 0.088006891 -0.007015068 0.996095181 1.843186855
0.996199071 0.019325476 -0.084935009 -7.025992393 -0.018415749 0.999764621 0.011481408 0.048806809 0.085136905 -0.009873626 0.996320426 1.921819687
0.996504843 0.016651560 -0.081857555 -7.033710480 -0.015611093 0.999789357 0.013334356 0.048347142 0.082062349 -0.012009867 0.996554852 2.004009247
0.996695518 0.015902275 -0.079656363 -7.036618710 -0.015247879 0.999844849 0.008816844 0.048378810 0.079784207 -0.007573119 0.996783376 2.053381920
0.996763289 0.019299218 -0.078042388 -7.043690681 -0.019237557 0.999813676 0.001541950 0.047424171 0.078057602 -0.000035615 0.996948838 2.131703854
0.996952355 0.019746229 -0.075472973 -7.052490711 -0.020275185 0.999774814 -0.006248637 0.046211831 0.075332597 0.007759823 0.997128248 2.210974216
0.996983767 0.020211142 -0.074932948 -7.054306030 -0.021027649 0.999727786 -0.010123539 0.045229353 0.074707940 0.011668669 0.997137129 2.258519888
0.997103453 0.021248436 -0.073028341 -7.060144901 -0.021916537 0.999724925 -0.008359291 0.043318857 0.072830632 0.009935607 0.997294724 2.336965799
0.997221470 0.024778903 -0.070251204 -7.067347050 -0.025145844 0.999674380 -0.004343659 0.041249048 0.070120700 0.006098116 0.997519851 2.419924498
0.997277319 0.028122986 -0.068169117 -7.070044994 -0.028146166 0.999603629 0.000620557 0.040956482 0.068159536 0.001299832 0.997673750 2.462208748
0.997524798 0.026082782 -0.065298624 -7.076493263 -0.025969161 0.999659479 0.002588304 0.039135229 0.065343894 -0.000886147 0.997862458 2.540753841
0.997633517 0.022795068 -0.064867876 -7.079455853 -0.022669032 0.999739408 0.002678417 0.037357859 0.064912029 -0.001201586 0.997890294 2.618715048
0.997791529 0.020559805 -0.063160397 -7.084006786 -0.020446496 0.999787986 0.002439914 0.037109248 0.063197151 -0.001143117 0.998000383 2.666108370
0.997861207 0.021562526 -0.061708786 -7.089012146 -0.021524180 0.999767601 0.001286198 0.035010539 0.061722167 0.000044783 0.998093307 2.744691372
0.997917116 0.018088212 -0.061920281 -7.093461037 -0.018176913 0.999834418 -0.000869425 0.035101611 0.061894294 0.001993134 0.998080730 2.825485468
0.997970939 0.017519372 -0.061214361 -7.095546722 -0.017600242 0.999844730 -0.000782053 0.034557085 0.061191157 0.001857853 0.998124361 2.865956306
0.997964799 0.020742759 -0.060299266 -7.101310730 -0.020750836 0.999784470 0.000492355 0.033135258 0.060296483 0.000759907 0.998180270 2.947497129
0.997956872 0.021194400 -0.060274526 -7.105095863 -0.021226441 0.999774575 0.000108736 0.031455155 0.060263250 0.001170900 0.998181880 3.027662992
0.997866333 0.020079736 -0.062124982 -7.109121799 -0.020157952 0.999796569 -0.000632448 0.031491771 0.062099643 0.001883411 0.998068213 3.070567131
0.997781038 0.017369986 -0.064276144 -7.114946842 -0.017424121 0.999848068 -0.000281667 0.030162485 0.064261504 0.001400997 0.997932136 3.153699875
0.997573733 0.019829119 -0.066734686 -7.122715473 -0.019920425 0.999801338 -0.000702934 0.029622473 0.066707492 0.002030611 0.997770548 3.234733343
0.997267783 0.023668803 -0.069975391 -7.124899387 -0.023748243 0.999717951 -0.000303411 0.027972335 0.069948480 0.001964375 0.997548819 3.281164408
0.997089386 0.024018589 -0.072358243 -7.132193089 -0.024448626 0.999688268 -0.005063243 0.026536219 0.072214089 0.006817567 0.997365952 3.364824533
0.996888578 0.024356076 -0.074966431 -7.143727779 -0.025102964 0.999644041 -0.009036736 0.024866842 0.074719645 0.010890499 0.997145176 3.490552425
0.996754587 0.023809759 -0.076898359 -7.142822266 -0.024684321 0.999640703 -0.010442378 0.025040638 0.076622099 0.012306672 0.996984363 3.492496967
0.996606529 0.024865905 -0.078467697 -7.151548862 -0.025641518 0.999631524 -0.008892274 0.022874504 0.078217685 0.010874128 0.996877015 3.578922987
0.996439099 0.022751119 -0.081188023 -7.158030510 -0.023505112 0.999688923 -0.008343283 0.021032088 0.080972955 0.010221910 0.996663988 3.665383101
0.996284366 0.023070907 -0.082977615 -7.165581226 -0.023750007 0.999691963 -0.007206246 0.020660363 0.082785800 0.009150191 0.996525347 3.754816532
0.996215284 0.022230873 -0.084029034 -7.167830467 -0.022568177 0.999740601 -0.003066243 0.019244002 0.083939068 0.004951021 0.996458590 3.783340454
0.996178329 0.021976395 -0.084532306 -7.176010609 -0.021891752 0.999758482 0.001928229 0.017298922 0.084554255 -0.000070299 0.996418834 3.871091843
0.996258259 0.022002375 -0.083578758 -7.184153080 -0.021782946 0.999756455 0.003536509 0.016855231 0.083636209 -0.001702684 0.996494830 3.961135864
0.996294141 0.024346007 -0.082494728 -7.187625885 -0.024069039 0.999700785 0.004350477 0.015859121 0.082575969 -0.002348786 0.996581972 4.006097794
0.996447682 0.024148099 -0.080677196 -7.195056915 -0.024003522 0.999708056 0.002761577 0.015218451 0.080720328 -0.000815230 0.996736467 4.096960068
0.996652961 0.022045111 -0.078720532 -7.202803612 -0.022095477 0.999755800 0.000231318 0.014609467 0.078706436 0.001508825 0.996896684 4.187239647
0.996848762 0.017990887 -0.077258341 -7.206270695 -0.018110927 0.999835551 -0.000853312 0.013140423 0.077230297 0.002249843 0.997010767 4.230332375
0.997033477 0.017342664 -0.074989617 -7.214151382 -0.017482271 0.999846458 -0.001205622 0.012483113 0.074957207 0.002513034 0.997183621 4.321950912
0.997138917 0.014599347 -0.074167192 -7.221623421 -0.014539702 0.999893367 0.001344062 0.011264578 0.074178927 -0.000261848 0.997244954 4.413637161
0.997183025 0.012492395 -0.073958352 -7.222748756 -0.012257596 0.999918222 0.003627819 0.010494772 0.073997624 -0.002711048 0.997254729 4.455694199
0.997275293 0.010366891 -0.073037617 -7.230187893 -0.010125035 0.999941885 0.003680865 0.009207854 0.073071554 -0.002931327 0.997322321 4.546597958
0.997376680 0.013039842 -0.071201310 -7.239563465 -0.012969068 0.999914825 0.001456222 0.005949493 0.071214244 -0.000528987 0.997460842 4.636703014
0.997316718 0.015788596 -0.071485296 -7.240376949 -0.016176717 0.999857366 -0.004853733 0.006256094 0.071398467 0.005997107 0.997429848 4.677986145
0.997420669 0.016928537 -0.069752075 -7.248783112 -0.017674588 0.999792814 -0.010092484 0.004068915 0.069566771 0.011299292 0.997513354 4.765573502
0.997397244 0.021200599 -0.068914980 -7.256589413 -0.022349820 0.999622941 -0.015947856 0.001726352 0.068550885 0.017446585 0.997495055 4.855422020
0.997337699 0.021989994 -0.069528386 -7.260489941 -0.023218038 0.999587595 -0.016903818 -0.001575954 0.069127992 0.018473126 0.997436762 4.946662426
0.997490287 0.019393098 -0.068098478 -7.263529778 -0.020184278 0.999736488 -0.010949373 -0.001511764 0.067868173 0.012296410 0.997618675 4.968850136
0.997441471 0.018299332 -0.069107696 -7.269683838 -0.018473143 0.999827623 -0.001876741 -0.003125067 0.069061451 0.003148575 0.997607470 5.059133530
0.997366905 0.018148249 -0.070213899 -7.276709080 -0.017764859 0.999823749 0.006081011 -0.006236490 0.070311889 -0.004817659 0.997513533 5.152064323
0.997253716 0.015272784 -0.072468929 -7.278927326 -0.015076496 0.999880970 0.003254830 -0.005879093 0.072510026 -0.002153313 0.997365296 5.184692860
0.997192264 0.010420856 -0.074155621 -7.285452843 -0.010432780 0.999945521 0.000226567 -0.008034219 0.074153937 0.000547719 0.997246623 5.271322727
0.996962130 0.008904596 -0.077376217 -7.291076660 -0.009035174 0.999958217 -0.001337678 -0.009732941 0.077361070 0.002032722 0.997001052 5.357670784
0.996732235 0.011389060 -0.079969853 -7.298126698 -0.011719730 0.999924600 -0.003666794 -0.011783142 0.079922058 0.004592037 0.996790469 5.443041325
0.996439874 0.013501730 -0.083218150 -7.302242756 -0.014173466 0.999871492 -0.007486464 -0.011092804 0.083106399 0.008639300 0.996503174 5.462848186
0.996080637 0.014385835 -0.087272622 -7.309706211 -0.015351426 0.999828041 -0.010402982 -0.013672475 0.087107949 0.011701968 0.996130109 5.548207760
0.995810151 0.016302222 -0.089980282 -7.319174290 -0.017689178 0.999736369 -0.014638072 -0.015756138 0.089717917 0.016168416 0.995835960 5.631290913
0.995416045 0.020636925 -0.093387082 -7.323154449 -0.022082662 0.999651432 -0.014474217 -0.017124474 0.093055807 0.016470103 0.995524704 5.666499615
0.994995177 0.024012277 -0.096995316 -7.332937241 -0.025378432 0.999595046 -0.012875523 -0.018693365 0.096646860 0.015272671 0.995201647 5.750895977
0.994528711 0.026338702 -0.101088725 -7.338233948 -0.027147414 0.999609411 -0.006632471 -0.020980023 0.100874558 0.009340481 0.994855344 5.800827980
0.994109511 0.027648697 -0.104794040 -7.348513603 -0.027938880 0.999608755 -0.001301874 -0.022156924 0.104717046 0.004222034 0.994493186 5.883485317
0.993574202 0.025570083 -0.110256307 -7.353508949 -0.025424346 0.999673128 0.002727722 -0.024095977 0.110290028 0.000093000 0.993899405 5.934184551
0.992842793 0.024789749 -0.116827220 -7.363863468 -0.024476245 0.999691963 0.004117622 -0.025735458 0.116893321 -0.001228659 0.993143737 6.015793800
0.992245257 0.023009753 -0.122147240 -7.370449066 -0.022260003 0.999724030 0.007499358 -0.026148923 0.122286096 -0.004722205 0.992483675 6.064877033
0.991362751 0.024551351 -0.128830016 -7.381254196 -0.023883155 0.999692082 0.006729192 -0.026800372 0.128955573 -0.003594202 0.991643846 6.144985676
0.990447640 0.028479788 -0.134915978 -7.388636112 -0.027896518 0.999591470 0.006212112 -0.027445853 0.135037825 -0.002389085 0.990837514 6.192498207
0.989624143 0.030135283 -0.140484110 -7.401399612 -0.030064715 0.999544442 0.002625113 -0.028546626 0.140499219 0.001625739 0.990079403 6.270779610
0.988719821 0.029242670 -0.146894515 -7.408157825 -0.029610600 0.999561489 -0.000318214 -0.029203655 0.146820784 0.004664259 0.989152133 6.317289829
0.987856984 0.029310228 -0.152575925 -7.420161724 -0.029820783 0.999554753 -0.001058477 -0.030703779 0.152476951 0.005595558 0.988291264 6.395206928
0.987123907 0.032775212 -0.156563684 -7.429477215 -0.032633077 0.999461293 0.003478874 -0.030860048 0.156593367 0.001675075 0.987661719 6.442885399
0.986060917 0.034269784 -0.162817344 -7.442667484 -0.033533707 0.999411106 0.007267826 -0.031786721 0.162970543 -0.001706650 0.986629546 6.521444798
0.985103726 0.032547191 -0.168852821 -7.451478958 -0.031301327 0.999459565 0.010035717 -0.032737017 0.169088185 -0.004600905 0.985590219 6.566799164
0.983866453 0.030273955 -0.176324725 -7.465112686 -0.029661080 0.999541342 0.006111098 -0.033436332 0.176428869 -0.000782522 0.984313130 6.644011021
0.982425690 0.027838936 -0.184566334 -7.474367142 -0.028544238 0.999591827 -0.001165009 -0.033550322 0.184458569 0.006412841 0.982819378 6.687952518
0.980758905 0.026252495 -0.193449408 -7.490333557 -0.027255118 0.999625325 -0.002522854 -0.035377391 0.193310678 0.007746798 0.981106937 6.763753414
0.978557110 0.024870200 -0.204468623 -7.499384880 -0.025378704 0.999677777 0.000135370 -0.035933048 0.204406142 0.005056681 0.978873134 6.808009148
0.976286888 0.024564020 -0.215082318 -7.517904758 -0.023818085 0.999697804 0.006059607 -0.036397010 0.215166211 -0.000793067 0.976577163 6.884289265
0.973476768 0.026803073 -0.227210358 -7.528130531 -0.024257112 0.999607801 0.013990676 -0.036798909 0.227496237 -0.008108135 0.973745167 6.927919388
0.970850527 0.026862454 -0.238175586 -7.548116684 -0.023402963 0.999575734 0.017341299 -0.037213176 0.238540351 -0.011261797 0.971067250 7.002764225
0.967831552 0.030731121 -0.249715030 -7.559562683 -0.028338190 0.999511480 0.013173074 -0.038292065 0.249997914 -0.005672845 0.968229771 7.045023441
0.964721859 0.030634157 -0.261482805 -7.581237793 -0.030676953 0.999521613 0.003919090 -0.038545620 0.261477798 0.004240663 0.965200186 7.117080688
0.961317420 0.027559444 -0.274060845 -7.593259335 -0.028869091 0.999582887 -0.000745864 -0.038953025 0.273925990 0.008628900 0.961712062 7.159834862
0.957675397 0.026044866 -0.286669642 -7.615242958 -0.025918169 0.999655008 0.004237251 -0.039690576 0.286681145 0.003372041 0.958020031 7.234229088
0.954163969 0.027720630 -0.297997922 -7.638695717 -0.025423199 0.999609709 0.011583664 -0.040399939 0.298202723 -0.003476653 0.954496264 7.308461189
0.950524211 0.026906500 -0.309483111 -7.649080276 -0.022848137 0.999598920 0.016731128 -0.040044427 0.309809178 -0.008832234 0.950757742 7.334592819
0.946305692 0.024820192 -0.322318852 -7.674436092 -0.021078313 0.999663830 0.015094751 -0.040596828 0.322585195 -0.007490312 0.946510851 7.409164429
0.942391872 0.022962406 -0.333722144 -7.701793671 -0.020624630 0.999731660 0.010546979 -0.040793717 0.333874822 -0.003056492 0.942612469 7.482628822
0.939337313 0.018797254 -0.342479557 -7.711043358 -0.018607056 0.999819577 0.003841288 -0.041619025 0.342490017 0.002764270 0.939517438 7.505684853
0.936587870 0.014826135 -0.350118905 -7.738367081 -0.016637346 0.999859273 -0.002165805 -0.042065099 0.350037545 0.007853516 0.936702847 7.578338146
0.933857322 0.015185368 -0.357323378 -7.766727448 -0.017822867 0.999832749 -0.004089247 -0.043369010 0.357201546 0.010187300 0.933971763 7.651200294
0.930707991 0.020245634 -0.365202457 -7.778184891 -0.023261132 0.999722004 -0.003858999 -0.044369832 0.365022838 0.012086621 0.930920064 7.675421715
0.927584350 0.020702135 -0.373040020 -7.809168816 -0.022875294 0.999737442 -0.001399492 -0.046216357 0.372913092 0.009831546 0.927814126 7.749951839
0.924361289 0.020441061 -0.380970508 -7.839370728 -0.019881424 0.999787807 0.005404889 -0.046787210 0.381000131 0.002578170 0.924571395 7.822710514
0.921468437 0.022835303 -0.387781411 -7.849847317 -0.019227531 0.999728382 0.013181470 -0.046043664 0.387977004 -0.004690229 0.921657145 7.847431183
0.918823719 0.032309119 -0.393343568 -7.883094788 -0.026630793 0.999447525 0.019886596 -0.046699360 0.393768847 -0.007797222 0.919176519 7.920288086
0.915995777 0.039025515 -0.399285406 -7.916462898 -0.035166625 0.999237120 0.016988499 -0.047413364 0.399643779 -0.001519873 0.916669309 7.992869377
0.913806319 0.035686817 -0.404579341 -7.928184509 -0.034835130 0.999348223 0.009469097 -0.046879716 0.404653549 0.005440651 0.914453864 8.016417503
0.911635280 0.027924962 -0.410050482 -7.959587574 -0.029914729 0.999551177 0.001563509 -0.046449654 0.409910113 0.010841196 0.912061393 8.088619232
0.909906983 0.028140876 -0.413856596 -7.992403984 -0.030486904 0.999534726 0.000936395 -0.047179688 0.413690358 0.011765175 0.910341620 8.159879684
0.907809079 0.034848504 -0.417933226 -8.006465912 -0.035296541 0.999354720 0.006660142 -0.048428491 0.417895526 0.008705459 0.908453345 8.186048508
0.905175745 0.037599389 -0.423371077 -8.041113853 -0.036395073 0.999277711 0.010931997 -0.049327984 0.423476219 0.005513242 0.905890405 8.258743286
0.902846694 0.034145396 -0.428604692 -8.075845718 -0.033516470 0.999397457 0.009016671 -0.050199166 0.428654313 0.006224646 0.903447151 8.331459045
0.900790215 0.032294508 -0.433051854 -8.112700462 -0.034459326 0.999402106 0.002850853 -0.051240720 0.432884902 0.012354655 0.901364505 8.404256821
0.898337603 0.029130638 -0.438338965 -8.115472794 -0.034373634 0.999400914 -0.004028705 -0.050846621 0.437958986 0.018686438 0.898800731 8.411295891
0.896089792 0.030210352 -0.442843616 -8.152999878 -0.036256801 0.999328971 -0.005192064 -0.052446153 0.442389548 0.020708648 0.896583855 8.483086586
0.894300640 0.033135545 -0.446238279 -8.191610336 -0.037476026 0.999297142 -0.000902151 -0.053488143 0.445894688 0.017530030 0.894913733 8.555576324
0.891951680 0.034831945 -0.450787306 -8.227391243 -0.038288195 0.999265671 0.001453345 -0.055649839 0.450506806 0.015963519 0.892630219 8.627647400
0.889566958 0.035789661 -0.455400884 -8.230489731 -0.039177213 0.999230266 0.002001215 -0.055192627 0.455122113 0.016061123 0.890284240 8.633572578
0.887278259 0.034155361 -0.459968239 -8.267663002 -0.037740503 0.999286532 0.001401535 -0.056867398 0.459687948 0.016115880 0.887934327 8.704513550
0.885298491 0.032076523 -0.463915646 -8.306049347 -0.035706859 0.999361753 0.000958846 -0.057914231 0.463650346 0.015716104 0.885878921 8.775525093
0.883020222 0.031999655 -0.468242943 -8.343434334 -0.035220571 0.999377787 0.001877800 -0.059484556 0.468011707 0.014833651 0.883597851 8.845293999
