0.999100685 0.001970919 -0.042357404 -0.004579904 -0.002112899 0.999992430 -0.003307450 -0.000528322 0.042350568 0.003393973 0.999096990 0.048054654
0.998391628 0.001668101 -0.056669801 -0.005702944 -0.001928247 0.999987900 -0.004536201 -0.000293493 0.056661546 0.004638178 0.998382688 0.059887797
0.997467518 0.001809946 -0.071100473 -0.010006487 -0.002118886 0.999988556 -0.004269942 -0.000613190 0.071091942 0.004409782 0.997460008 0.071235649
0.995875120 0.000265338 -0.090733841 -0.011841154 -0.000628892 0.999991834 -0.003978256 -0.001063741 0.090732045 0.004018908 0.995867133 0.087653160
0.993822992 -0.001011637 -0.110971414 -0.014620681 0.000520284 0.999989927 -0.004456610 -0.000907557 0.110974811 0.004371345 0.993813634 0.102972865
0.991140783 -0.001447669 -0.132807463 -0.018000299 0.000751527 0.999985695 -0.005291716 -0.000870776 0.132813245 0.005145026 0.991127670 0.114027016
0.987463176 0.001942276 -0.157838017 -0.022417666 -0.003063916 0.999971688 -0.006863256 -0.001090105 0.157820210 0.007260815 0.987441063 0.131340921
0.983278275 0.006456946 -0.181995034 -0.029080616 -0.008034429 0.999936163 -0.007931779 -0.002117269 0.181932241 0.009261372 0.983267546 0.146284208
0.977806151 0.009661635 -0.209289283 -0.035028845 -0.011620020 0.999899328 -0.008129717 -0.003279923 0.209189713 0.010381233 0.977819979 0.162558258
0.971122026 0.010662346 -0.238344908 -0.044907745 -0.013106410 0.999876499 -0.008671867 -0.003515902 0.238223001 0.011545287 0.971141756 0.186148494
0.962780893 0.012302772 -0.270002931 -0.051380441 -0.015005660 0.999855757 -0.007948671 -0.004037438 0.269866228 0.011704399 0.962826610 0.203665182
0.953627229 0.013978599 -0.300665528 -0.061184268 -0.017093275 0.999823928 -0.007731088 -0.003398548 0.300504625 0.012511933 0.953698337 0.220873058
0.942067266 0.015592473 -0.335061461 -0.069681317 -0.018938487 0.999797940 -0.006721168 -0.003421607 0.334888995 0.012677347 0.942172408 0.238791600
0.930046797 0.018969201 -0.366951585 -0.080702335 -0.022508828 0.999732256 -0.005368939 -0.004834238 0.366751492 0.013253013 0.930224538 0.254607201
0.916304648 0.021878492 -0.399884015 -0.092371255 -0.025855856 0.999655306 -0.004553557 -0.005064667 0.399646550 0.014511789 0.916554511 0.271906108
0.899937689 0.022944620 -0.435414165 -0.103954531 -0.027192492 0.999623895 -0.003526656 -0.005642465 0.435169488 0.015013766 0.900223374 0.291308731
0.881464541 0.017667839 -0.471919388 -0.115726583 -0.022634452 0.999731958 -0.004849056 -0.004836446 0.471707225 0.014955910 0.881628335 0.308420956
0.860770762 0.013324915 -0.508818805 -0.128675267 -0.018344803 0.999819994 -0.004850752 -0.005361598 0.508662462 0.013509569 0.860859871 0.323271155
0.835828483 0.014455182 -0.548800588 -0.143259391 -0.018621834 0.999824584 -0.002026260 -0.005419155 0.548674762 0.011913282 0.835950792 0.339367092
0.806479335 0.020688776 -0.590900004 -0.163670659 -0.023807505 0.999713361 0.002509019 -0.007009170 0.590782523 0.012044386 0.806740880 0.361548960
0.774023354 0.023781788 -0.632710218 -0.182577595 -0.027048236 0.999624074 0.004483695 -0.007198499 0.632579029 0.013643212 0.774375618 0.377867550
0.738159478 0.023320979 -0.674223006 -0.204229712 -0.026342602 0.999636471 0.005736173 -0.007771499 0.674111724 0.013526578 0.738505542 0.394887865
0.698461175 0.019255513 -0.715388775 -0.225227386 -0.020568684 0.999765038 0.006827841 -0.007607028 0.715352178 0.009945625 0.698693275 0.410854518
0.655898511 0.015426029 -0.754691482 -0.250379562 -0.015071380 0.999859512 0.007338852 -0.007292151 0.754698753 0.006560701 0.656038761 0.428511500
0.610602319 0.014672014 -0.791801393 -0.274839610 -0.012084040 0.999884546 0.009209098 -0.007392691 0.791845202 0.003945064 0.610709190 0.443286121
0.563641608 0.015578223 -0.825872540 -0.304900527 -0.009822621 0.999877810 0.012156699 -0.007032618 0.825960994 0.001260210 0.563725770 0.457746357
0.511792898 0.015382810 -0.858971179 -0.333282948 -0.007217470 0.999881387 0.013605969 -0.006768426 0.859078526 -0.000763840 0.511843085 0.471794307
0.459952056 0.017623898 -0.887768865 -0.367488921 -0.006762464 0.999843538 0.016345168 -0.006523358 0.887918055 -0.001514488 0.459999204 0.483090699
0.405888349 0.019821448 -0.913707674 -0.400439322 -0.006045710 0.999801099 0.019003475 -0.005905882 0.913902700 -0.002189277 0.405927479 0.492687404
0.350673169 0.021579791 -0.936249197 -0.438003391 -0.004299007 0.999761164 0.021433486 -0.005817192 0.936488032 -0.003491209 0.350682229 0.501851916
0.296027690 0.024443936 -0.954866529 -0.476484299 -0.001924045 0.999685705 0.024994787 -0.005190294 0.955177426 -0.005561945 0.295981705 0.509433150
0.242270038 0.026629616 -0.969843328 -0.516854584 0.003161921 0.999596238 0.028236425 -0.005679971 0.970203757 -0.009907409 0.242088035 0.515747666
0.191175312 0.027665868 -0.981165946 -0.559176743 0.006055735 0.999550343 0.029364185 -0.005860554 0.981537342 -0.011555390 0.190921843 0.521028876
0.144124985 0.028114920 -0.989160001 -0.602798402 0.004084922 0.999570787 0.029006021 -0.004521517 0.989551067 -0.008221134 0.143948272 0.522404611
0.101187102 0.028703377 -0.994453311 -0.649333179 0.003231571 0.999568939 0.029179849 -0.003933048 0.994862199 -0.006166271 0.101050705 0.524193227
0.064028800 0.026645387 -0.997592270 -0.697236896 0.000964957 0.999641299 0.026762057 -0.002195155 0.997947574 -0.002676176 0.063980125 0.522783637
0.028119143 0.023911133 -0.999318540 -0.746206820 0.002877860 0.999707758 0.024001429 -0.001500593 0.999600351 -0.003550798 0.028042112 0.523846447
-0.002017500 0.021564685 -0.999765396 -0.797591209 0.003254780 0.999762297 0.021558044 -0.001296446 0.999992669 -0.003210523 -0.002087208 0.519617975
-0.028368404 0.019942308 -0.999398589 -0.850121200 0.002034412 0.999800026 0.019892570 -0.001652155 0.999595463 -0.001468868 -0.028403301 0.515686810
-0.049199633 0.017029731 -0.998643696 -0.906580508 0.002487246 0.999853611 0.016927822 0.001024462 0.998785853 -0.001651030 -0.049234785 0.510885179
-0.064873569 0.016268909 -0.997760832 -0.961579800 0.002822673 0.999866068 0.016119709 0.002054174 0.997889459 -0.001770610 -0.064910814 0.504514575
-0.078254774 0.016580787 -0.996795475 -1.020734549 0.004204822 0.999858201 0.016301626 0.003341480 0.996924520 -0.002915668 -0.078313418 0.499821067
-0.086894549 0.017470310 -0.996064365 -1.083964348 0.002062968 0.999847293 0.017356690 0.004325813 0.996215403 -0.000546647 -0.086917333 0.491133898
-0.094556279 0.019079933 -0.995336652 -1.141685605 0.000871301 0.999817550 0.019083055 0.003701368 0.995519042 0.000937185 -0.094555654 0.486323237
-0.098576225 0.019810738 -0.994932353 -1.204208016 0.000947364 0.999803245 0.019813865 0.004922120 0.995128989 0.001010613 -0.098575585 0.478701085
-0.100315250 0.020855172 -0.994737089 -1.268720627 0.003036920 0.999782026 0.020654686 0.005063439 0.994951189 -0.000948957 -0.100356705 0.472409487
-0.098524407 0.023387294 -0.994859755 -1.336043239 0.004508717 0.999724030 0.023055134 0.005643582 0.995124400 -0.002214049 -0.098602653 0.464211226
-0.097752042 0.025411425 -0.994886279 -1.402519822 0.004749970 0.999674439 0.025067020 0.006935056 0.995199442 -0.002275328 -0.097840905 0.458818197
-0.096336208 0.024531510 -0.995046496 -1.473343134 0.002592585 0.999698997 0.024395209 0.008642443 0.995345414 -0.000229601 -0.096370809 0.451911926
-0.094361149 0.022909645 -0.995274305 -1.545186996 0.000708069 0.999736547 0.022945220 0.008021504 0.995537698 0.001460414 -0.094352484 0.444397122
-0.093293197 0.022608491 -0.995381892 -1.613911390 0.000602135 0.999743223 0.022651110 0.010341642 0.995638490 0.001513841 -0.093282856 0.437314928
-0.091440260 0.025163712 -0.995492518 -1.691555023 0.000288239 0.999681354 0.025243111 0.011528144 0.995810509 0.002021298 -0.091418371 0.429565251
-0.089518227 0.028668333 -0.995572507 -1.763781071 -0.000413339 0.999584496 0.028821031 0.012654569 0.995985031 0.002991517 -0.089469187 0.422666639
-0.087635942 0.030938452 -0.995671988 -1.843981624 -0.000112123 0.999517262 0.031067807 0.013753742 0.996152520 0.002834294 -0.087590173 0.415426373
-0.085887216 0.030399492 -0.995841146 -1.919188023 -0.002336966 0.999525487 0.030713527 0.014822330 0.996302128 0.004965145 -0.085775442 0.407741874
-0.084580638 0.027505703 -0.996036947 -2.000867367 -0.005504286 0.999590755 0.028071249 0.015828580 0.996401429 0.007856756 -0.084394641 0.401525438
-0.082892254 0.026444543 -0.996207714 -2.086028099 -0.006015585 0.999616325 0.027035577 0.018310122 0.996540308 0.008233812 -0.082701392 0.392470360
-0.081215732 0.028719280 -0.996282756 -2.162105560 -0.002842237 0.999574006 0.029045856 0.019756582 0.996692479 0.005190652 -0.081099495 0.386075854
-0.080212951 0.030517226 -0.996310592 -2.248842716 -0.001139223 0.999527812 0.030707492 0.021955986 0.996777117 0.003598159 -0.080140308 0.379821539
-0.078360587 0.032142531 -0.996406853 -2.333902359 -0.000065370 0.999479949 0.032246806 0.023987550 0.996924996 0.002592015 -0.078317747 0.371163249
-0.078198776 0.028020862 -0.996543884 -2.413039207 0.000422476 0.999605715 0.028073808 0.023746070 0.996937811 0.001774321 -0.078179784 0.365040421
-0.077513136 0.021615583 -0.996756852 -2.501431465 0.001916918 0.999766290 0.021531774 0.023771381 0.996989429 -0.000241706 -0.077536449 0.356672049
-0.077785976 0.016764225 -0.996829093 -2.591442823 0.005265937 0.999851584 0.016404135 0.025431946 0.996956170 -0.003973227 -0.077862710 0.349621713
-0.078681096 0.017244536 -0.996750712 -2.670107365 0.005881806 0.999841034 0.016833702 0.026599044 0.996882439 -0.004538200 -0.078770027 0.344708681
-0.079053916 0.024852013 -0.996560574 -2.763535738 0.005655213 0.999684334 0.024481306 0.027290903 0.996854305 -0.003700419 -0.079169504 0.337652385
-0.079028219 0.031774886 -0.996365845 -2.855537415 0.004374115 0.999493361 0.031527683 0.028644346 0.996862710 -0.001866642 -0.079127163 0.328637213
-0.079385258 0.036956955 -0.996158659 -2.934184074 0.002017541 0.999316454 0.036913320 0.029478565 0.996841967 0.000920583 -0.079405569 0.321294159
-0.079744279 0.037275106 -0.996118069 -3.025935411 0.000837014 0.999302745 0.037327275 0.030564055 0.996815026 0.002142871 -0.079719879 0.313223183
-0.080214225 0.034003984 -0.996197343 -3.118188143 0.000154481 0.999418378 0.034101490 0.031625368 0.996777654 0.002581531 -0.080172822 0.304909885
-0.080588788 0.031422988 -0.996252000 -3.206692696 -0.000348049 0.999502003 0.031553656 0.032690145 0.996747375 0.002889614 -0.080537722 0.297761261
-0.081248716 0.033079065 -0.996144772 -3.278761387 -0.002115723 0.999441147 0.033361088 0.032943323 0.996691644 0.004818112 -0.081133306 0.293687791
-0.080417834 0.035351962 -0.996134102 -3.372989655 -0.003114252 0.999357104 0.035717752 0.034898914 0.996756434 0.005974557 -0.080256037 0.282624722
-0.080309242 0.032659296 -0.996234834 -3.465150833 -0.003162008 0.999449790 0.033019584 0.038565010 0.996764958 0.005801880 -0.080161773 0.274987638
-0.080600977 0.028039524 -0.996352077 -3.553785563 -0.004450863 0.999584138 0.028490540 0.038595520 0.996736526 0.006730991 -0.080442652 0.268203825
-0.080510765 0.023856983 -0.996468186 -3.625868559 -0.004803040 0.999692619 0.024322247 0.039892327 0.996742129 0.006744280 -0.080371432 0.262438744
-0.079507180 0.024845768 -0.996524572 -3.718453646 -0.004331400 0.999671280 0.025269799 0.039941330 0.996824861 0.006325477 -0.079373427 0.252293974
-0.079256259 0.027362548 -0.996478677 -3.808038950 -0.003668247 0.999608457 0.027740248 0.040408738 0.996847510 0.005853920 -0.079124838 0.246620834
-0.078908592 0.032203674 -0.996361613 -3.896124840 -0.003367263 0.999463797 0.032570615 0.041651852 0.996876121 0.005925115 -0.078757837 0.239576608
-0.078475900 0.038022958 -0.996190608 -3.970200062 -0.001830089 0.999265194 0.038284481 0.042775393 0.996914327 0.004827528 -0.078348659 0.232650101
-0.078587025 0.041072074 -0.996060789 -4.062116623 -0.002513221 0.999139607 0.041397322 0.044397280 0.996904016 0.005756613 -0.078416198 0.224306226
-0.078077711 0.041084543 -0.996100366 -4.151948929 -0.002386865 0.999139965 0.041397013 0.046321198 0.996944427 0.005609741 -0.077912509 0.216565013
-0.078249998 0.036369957 -0.996270120 -4.225768089 -0.001845125 0.999327302 0.036626481 0.048414290 0.996932030 0.004704265 -0.078130268 0.211332530
-0.077819936 0.031916820 -0.996456444 -4.316341400 -0.002182464 0.999479592 0.032184102 0.050074279 0.996964991 0.004679295 -0.077709809 0.202533573
-0.078007653 0.029479628 -0.996516824 -4.405926228 -0.006553968 0.999525905 0.030081693 0.050669365 0.996931136 0.008877740 -0.077777483 0.194471985
-0.078269541 0.027535191 -0.996551812 -4.480877876 -0.009873779 0.999548018 0.028393460 0.052230351 0.996883333 0.012062076 -0.077962302 0.187846869
-0.078485429 0.025487654 -0.996589303 -4.571929932 -0.007605934 0.999628723 0.026164381 0.053289950 0.996886253 0.009633518 -0.078262433 0.178739667
-0.080260038 0.021844989 -0.996534467 -4.660137177 -0.003998592 0.999744654 0.022237400 0.053570755 0.996765912 0.005769510 -0.080152199 0.172915220
-0.080569386 0.019987796 -0.996548474 -4.751487255 -0.000313570 0.999798417 0.020078328 0.055157244 0.996748924 0.001930186 -0.080546871 0.164539933
-0.083022065 0.024050228 -0.996257424 -4.816684723 0.000292906 0.999709368 0.024109151 0.054506164 0.996547639 0.001709781 -0.083004974 0.160279453
-0.084705576 0.029580098 -0.995966792 -4.906868458 0.003055686 0.999562263 0.029426999 0.055921279 0.996401310 -0.000550731 -0.084758885 0.151749581
-0.086815163 0.033632569 -0.995656490 -4.995981693 0.004556570 0.999432862 0.033362832 0.056399643 0.996214032 -0.001640379 -0.086919181 0.143368214
-0.087709114 0.032778352 -0.995606720 -5.084269047 0.003678645 0.999462247 0.032581221 0.056923196 0.996139288 -0.000804814 -0.087782539 0.134104073
-0.089645587 0.028938960 -0.995553255 -5.147986889 0.002448884 0.999581158 0.028835537 0.058327220 0.995970726 0.000146984 -0.089678906 0.130151808
-0.090659030 0.025264084 -0.995561481 -5.235475063 -0.002818931 0.999667704 0.025624989 0.059218533 0.995878041 0.005129556 -0.090557672 0.119834632
-0.092225835 0.023550920 -0.995459557 -5.321354866 -0.006732227 0.999682724 0.024274549 0.060678989 0.995715380 0.008940399 -0.092038006 0.110978663
-0.093645453 0.025028434 -0.995290995 -5.408437729 -0.007914270 0.999633729 0.025882287 0.060826771 0.995574176 0.010300758 -0.093413047 0.102063298
-0.094224147 0.026438063 -0.995199859 -5.473125458 -0.008098838 0.999593854 0.027321579 0.060848773 0.995518029 0.010634315 -0.093971767 0.096699357
-0.095469624 0.025834350 -0.995096982 -5.559360027 -0.009915543 0.999588907 0.026902260 0.061925977 0.995382965 0.012435277 -0.095174216 0.087882280
-0.095414296 0.025721202 -0.995105207 -5.642110825 -0.010892574 0.999579251 0.026881266 0.062205464 0.995378017 0.013404114 -0.095093988 0.076450467
-0.096140340 0.027759930 -0.994980633 -5.730826378 -0.008787610 0.999548376 0.028736478 0.062988445 0.995328963 0.011506234 -0.095852979 0.068526149
-0.096284755 0.030734675 -0.994879127 -5.811872482 -0.008167120 0.999465048 0.031666763 0.063672639 0.995320320 0.011174324 -0.095982246 0.058973074
-0.097550735 0.034719728 -0.994624734 -5.864772797 -0.007867370 0.999333143 0.035655696 0.063917518 0.995199382 0.011303321 -0.097212538 0.058184206
-0.098797262 0.036336850 -0.994444013 -5.949449062 -0.007381939 0.999278843 0.037246905 0.065600961 0.995080173 0.011020816 -0.098457776 0.050653338
-0.098957226 0.036449090 -0.994423985 -6.028444290 -0.007074504 0.999277890 0.037331011 0.067269474 0.995066524 0.010729229 -0.098627925 0.039655805
-0.098931685 0.034790277 -0.994485915 -6.111533642 -0.006301818 0.999346554 0.035587236 0.068115965 0.995074213 0.009787772 -0.098647803 0.030692399
-0.099356487 0.030345256 -0.994589210 -6.189874649 -0.006035735 0.999498069 0.031097982 0.071263112 0.995033562 0.009092862 -0.099123441 0.021477520
-0.100127548 0.028646398 -0.994562089 -6.241802692 -0.006775964 0.999542594 0.029472027 0.068213798 0.994951487 0.009690079 -0.099887639 0.021583557
-0.098845951 0.025867673 -0.994766474 -6.319290161 -0.007132826 0.999617934 0.026702588 0.069840401 0.995077193 0.009734940 -0.098623671 0.012589931
-0.096295848 0.025344092 -0.995030046 -6.395283222 -0.009224732 0.999610066 0.026353493 0.069784120 0.995309949 0.011716617 -0.096024506 0.004619002
-0.091894247 0.026523624 -0.995415449 -6.469614029 -0.010176551 0.999567866 0.027573748 0.070020631 0.995716751 0.012663764 -0.091584615 -0.004337728
-0.086591698 0.027680498 -0.995859325 -6.539193153 -0.009631889 0.999543965 0.028620422 0.071094327 0.996197283 0.012070298 -0.086285606 -0.009918153
-0.079409786 0.028614560 -0.996431291 -6.610617638 -0.008067689 0.999536753 0.029346688 0.072279304 0.996809423 0.010369313 -0.079142138 -0.016030490
-0.070411488 0.030716140 -0.997045040 -6.679154396 -0.008714544 0.999468684 0.031406231 0.071389914 0.997479916 0.010900150 -0.070106395 -0.021985054
-0.060441911 0.032443099 -0.997644365 -6.707672119 -0.011307072 0.999385297 0.033184737 0.071606487 0.998107672 0.013286185 -0.060037918 -0.015960306
-0.046489570 0.034476824 -0.998323679 -6.772388935 -0.015156319 0.999264896 0.035215121 0.071950719 0.998803735 0.016768046 -0.045932848 -0.017023623
-0.027440671 0.034950677 -0.999012232 -6.836102962 -0.015854696 0.999247670 0.035394400 0.073983118 0.999497712 0.016810283 -0.026865896 -0.020433575
-0.005339555 0.036502767 -0.999319255 -6.880239964 -0.017101381 0.999184012 0.036589198 0.072961807 0.999839485 0.017285103 -0.004710949 -0.019584153
0.020265149 0.036682632 -0.999121487 -6.938567638 -0.016517708 0.999202549 0.036350582 0.073986262 0.999658167 0.015766544 0.020854898 -0.017396674
0.049210381 0.036519360 -0.998120546 -6.993069172 -0.015274589 0.999241889 0.035807304 0.074154824 0.998671591 0.013483793 0.049730893 -0.012372941
0.083563000 0.036185972 -0.995845258 -7.047576427 -0.014259793 0.999281466 0.035114273 0.075452834 0.996400416 0.011266293 0.084018975 -0.005817592
0.121367261 0.035973329 -0.991955578 -7.099235058 -0.013819152 0.999307394 0.034549151 0.077032954 0.992511451 0.009514850 0.121780336 0.002666771
0.160993561 0.036294166 -0.986287892 -7.122270584 -0.013400303 0.999311864 0.034586076 0.076257199 0.986864507 0.007648424 0.161369130 0.010708570
0.206002489 0.037317384 -0.977839649 -7.168049812 -0.012915988 0.999289095 0.035414938 0.076713577 0.978466213 0.005334198 0.206338063 0.022767186
0.255090177 0.035492133 -0.966265619 -7.218049526 -0.009626603 0.999369800 0.034166705 0.077848330 0.966869354 0.000586263 0.255271077 0.038548589
0.304205656 0.030958356 -0.952103317 -7.248349190 -0.001549809 0.999486566 0.032003887 0.077422649 0.952605009 -0.008260182 0.304097503 0.053095341
0.355405033 0.025181454 -0.934373200 -7.291703701 0.003673024 0.999591708 0.028336199 0.078318134 0.934705019 -0.013502802 0.355167419 0.074014902
0.407332540 0.020806966 -0.913042843 -7.324563026 0.008688854 0.999606907 0.026655963 0.078471228 0.913238525 -0.018791143 0.406991720 0.093050957
0.458071530 0.020223787 -0.888685286 -7.364662170 0.009013248 0.999584019 0.027393373 0.079362825 0.888869643 -0.020558069 0.457698762 0.118383884
0.506152391 0.019689072 -0.862219274 -7.397485733 0.009293334 0.999556839 0.028280720 0.079368703 0.862394154 -0.022327242 0.505744934 0.141016006
0.551267982 0.015592556 -0.834182560 -7.435232162 0.016695732 0.999418914 0.029714499 0.079899661 0.834161282 -0.030307936 0.550687373 0.171322107
0.594776511 0.009071388 -0.803839982 -7.462421417 0.027184809 0.999137402 0.031389896 0.080118276 0.803431332 -0.040522207 0.594016850 0.198101759
0.637677550 0.003806284 -0.770293951 -7.498668671 0.028661698 0.999177992 0.028664479 0.080884784 0.769770026 -0.040356632 0.637044311 0.231565952
0.678449154 -0.000303021 -0.734647334 -7.522096634 0.025036952 0.999428511 0.022709468 0.080311455 0.734220624 -0.033800550 0.678068995 0.259536028
0.718608618 -0.007663515 -0.695372522 -7.552195549 0.021791596 0.999696374 0.011502385 0.081527576 0.695073247 -0.023418993 0.718557477 0.296889782
0.758367479 -0.009819088 -0.651753306 -7.578022003 0.016135974 0.999862909 0.003711919 0.081770353 0.651627481 -0.013331673 0.758422017 0.329875231
0.795754790 -0.010766997 -0.605523288 -7.606321335 0.014558380 0.999893010 0.001352635 0.081640728 0.605444014 -0.009891802 0.795826495 0.372112751
0.830493927 -0.011358614 -0.556911826 -7.631947517 0.013744675 0.999905527 0.000102938 0.080900535 0.556858003 -0.007740061 0.830571651 0.411681652
0.861323655 -0.010176620 -0.507954657 -7.658365726 0.010605548 0.999941647 -0.002049823 0.080937125 0.507945955 -0.003621578 0.861381292 0.462735653
0.887899816 -0.008432782 -0.459959656 -7.679144859 0.009267037 0.999956965 -0.000443992 0.080440462 0.459943593 -0.003868243 0.887939751 0.506194115
0.909145534 -0.002468318 -0.416471481 -7.701816559 0.003103176 0.999994814 0.000847438 0.079644233 0.416467190 -0.002062829 0.909148455 0.562409163
0.927092433 0.003411102 -0.374817282 -7.724190235 -0.003880061 0.999992371 -0.000496503 0.078350872 0.374812692 0.001914617 0.927098632 0.620787621
0.941137791 0.007527659 -0.337939292 -7.741877556 -0.007759343 0.999969661 0.000665262 0.078900218 0.337933987 0.001996083 0.941167712 0.668028831
0.951286316 0.008066989 -0.308203340 -7.761561394 -0.007471016 0.999967277 0.003113688 0.077633142 0.308218300 -0.000659417 0.951315403 0.734106541
0.958906293 0.007871078 -0.283614099 -7.777088642 -0.006943391 0.999966681 0.004276077 0.077449068 0.283638388 -0.002131112 0.958928943 0.789652109
0.964884877 0.008202956 -0.262544930 -7.795647621 -0.006789360 0.999957144 0.006290931 0.077286400 0.262585282 -0.004287512 0.964899242 0.859893918
0.969588041 0.010433734 -0.244520679 -7.810612679 -0.008546683 0.999925017 0.008777133 0.077016093 0.244593918 -0.006420362 0.969604373 0.920911312
0.973345876 0.015691727 -0.228804603 -7.830086708 -0.013754147 0.999854803 0.010060590 0.077397592 0.228929237 -0.006645421 0.973420441 0.995658040
0.976187587 0.019254046 -0.216071859 -7.842640400 -0.017123599 0.999784529 0.011727837 0.076400384 0.216251090 -0.007748641 0.976307154 1.058850646
0.979036748 0.017872909 -0.202898070 -7.859641075 -0.015866019 0.999807775 0.011513466 0.076526292 0.203064859 -0.008052922 0.979132175 1.137658238
0.981705129 0.017484594 -0.189603105 -7.871283531 -0.015678767 0.999816358 0.011020154 0.076537423 0.189760983 -0.007845798 0.981799006 1.204424977
0.984522462 0.018255286 -0.174305096 -7.887699127 -0.016492108 0.999797225 0.011558614 0.076820850 0.174480751 -0.008505056 0.984623909 1.287280917
0.986782730 0.019252064 -0.160901457 -7.900956631 -0.017519724 0.999772370 0.012178388 0.076761186 0.161099300 -0.009198473 0.986895382 1.374034643
0.988734484 0.019387316 -0.148419023 -7.909043789 -0.018176185 0.999789476 0.009512349 0.075805828 0.148572177 -0.006707496 0.988878727 1.434669375
0.990223587 0.019519832 -0.138117000 -7.920485020 -0.019143786 0.999808490 0.004050693 0.075560130 0.138169616 -0.001367011 0.990407586 1.524076462
0.991611838 0.017820399 -0.128017828 -7.934079170 -0.018299785 0.999829292 -0.002569341 0.076263845 0.127950191 0.004890486 0.991768479 1.614522696
0.992660999 0.018683670 -0.119478583 -7.942803860 -0.019138554 0.999813318 -0.002660852 0.074824981 0.119406573 0.004927971 0.992833197 1.679634094
0.993408322 0.020855267 -0.112716764 -7.954700470 -0.020647734 0.999782324 0.003008385 0.074452862 0.112754978 -0.000661209 0.993622541 1.773332715
0.993857086 0.024912026 -0.107831374 -7.965770721 -0.023765860 0.999646664 0.011901508 0.072284438 0.108089782 -0.009265691 0.994097888 1.867598176
0.994305074 0.025904905 -0.103374712 -7.973400593 -0.024445450 0.999583125 0.015360354 0.072526783 0.103729524 -0.012745837 0.994523823 1.933415532
0.994706988 0.024640329 -0.099753983 -7.984178543 -0.023371330 0.999630630 0.013870155 0.073046610 0.100058906 -0.011465357 0.994915485 2.026469231
0.994933128 0.024414293 -0.097529568 -7.992761612 -0.023237575 0.999643087 0.013183119 0.071575135 0.097816616 -0.010849972 0.995145321 2.120622635
0.995326459 0.023048533 -0.093777493 -7.999464035 -0.021708306 0.999647498 0.015286856 0.072039083 0.094096772 -0.013179661 0.995475769 2.183026314
0.995581090 0.021265823 -0.091466017 -8.007615089 -0.019717082 0.999647081 0.017802909 0.071683064 0.091812313 -0.015920797 0.995648980 2.276310444
0.995879710 0.019299004 -0.088606931 -8.014663696 -0.017627712 0.999652386 0.019605801 0.071202517 0.088954508 -0.017963082 0.995873630 2.350831747
0.996130347 0.018898195 -0.085831307 -8.023978233 -0.017571131 0.999714434 0.016190598 0.070208371 0.086112775 -0.014619794 0.996178091 2.443782330
0.996210992 0.020969756 -0.084403366 -8.029646873 -0.020341203 0.999758661 0.008300159 0.071330905 0.084557056 -0.006551843 0.996397078 2.515151978
0.996342719 0.021453122 -0.082709923 -8.038550377 -0.021439323 0.999769628 0.001055089 0.070162542 0.082713500 0.000722015 0.996573150 2.606848717
0.996418417 0.022736205 -0.081445672 -8.047368050 -0.023069086 0.999728799 -0.003148336 0.068384692 0.081352033 0.005015939 0.996672750 2.699451923
0.996568561 0.023669932 -0.079314657 -8.051872253 -0.023839368 0.999715209 -0.001189922 0.067126945 0.079263903 0.003076650 0.996848881 2.761094332
0.996682107 0.026992748 -0.076785348 -8.060987473 -0.026905086 0.999635696 0.002176090 0.066131569 0.076816119 -0.000102953 0.997045219 2.854431152
0.996784449 0.030779546 -0.073980957 -8.069948196 -0.030324100 0.999513626 0.007271869 0.065308094 0.074168794 -0.005005082 0.997233152 2.946496725
0.997004211 0.028851850 -0.071764544 -8.074072838 -0.028305002 0.999562144 0.008625644 0.065979123 0.071981981 -0.006568509 0.997384310 3.009802818
0.997158825 0.026958345 -0.070338480 -8.081543922 -0.026431821 0.999615312 0.008405782 0.065469325 0.070538014 -0.006522726 0.997487783 3.100545168
0.997282863 0.024589358 -0.069442719 -8.087289810 -0.024076652 0.999676406 0.008210677 0.064762659 0.069622144 -0.006516419 0.997552216 3.190495729
0.997371376 0.023330240 -0.068600506 -8.091606140 -0.022875056 0.999710858 0.007413515 0.061617345 0.068753645 -0.005824788 0.997616649 3.251873732
0.997457206 0.021410555 -0.067974657 -8.097930908 -0.021015730 0.999757886 0.006518274 0.060697809 0.068097748 -0.005073162 0.997665823 3.344769955
0.997502446 0.020191154 -0.067684680 -8.103995323 -0.019822851 0.999784827 0.006108705 0.060479783 0.067793459 -0.004751745 0.997687995 3.436196089
0.997483790 0.024070213 -0.066682905 -8.108286858 -0.023658950 0.999695897 0.006950430 0.059802383 0.066829920 -0.005355293 0.997749984 3.500221252
0.997473836 0.024263661 -0.066762149 -8.115214348 -0.023900455 0.999695003 0.006233702 0.058842070 0.066893026 -0.004622309 0.997749448 3.593816757
0.997405529 0.023255298 -0.068128191 -8.123523712 -0.022882188 0.999718606 0.006251940 0.057329405 0.068254419 -0.004676797 0.997656941 3.688525438
0.997287333 0.021444658 -0.070415750 -8.126387596 -0.021064322 0.999759257 0.006139448 0.058278602 0.070530459 -0.004639533 0.997498810 3.751901865
0.997012734 0.022855442 -0.073779933 -8.134278297 -0.022486560 0.999730110 0.005826661 0.057355855 0.073893197 -0.004150198 0.997257471 3.849905014
0.996684849 0.026596168 -0.076889500 -8.142693520 -0.026195481 0.999637544 0.006215234 0.055464029 0.077026926 -0.004180472 0.997020185 3.945088863
0.996553957 0.026257923 -0.078680381 -8.154425621 -0.026270244 0.999654472 0.000878644 0.054935940 0.078676261 0.001191336 0.996899486 4.036023140
0.996282101 0.027776895 -0.081549518 -8.157084465 -0.028074099 0.999602795 -0.002499870 0.054833539 0.081447676 0.004780006 0.996666133 4.091431618
0.996134937 0.027622022 -0.083378717 -8.166942596 -0.028045995 0.999598920 -0.003917697 0.053452127 0.083237052 0.006240995 0.996510208 4.190369129
0.995975375 0.027734332 -0.085226469 -8.177103043 -0.028007809 0.999605656 -0.002014564 0.051351916 0.085136980 0.004393463 0.996359587 4.289387703
0.995859504 0.025363971 -0.087295234 -8.182802200 -0.025595378 0.999671161 -0.001532371 0.050632887 0.087227695 0.003760380 0.996181250 4.352879524
0.995743871 0.025080130 -0.088684522 -8.193699837 -0.025161857 0.999683380 0.000196440 0.049793936 0.088661373 0.002035863 0.996059716 4.453673840
0.995599627 0.024258019 -0.090513945 -8.201442719 -0.024012111 0.999704421 0.003804934 0.048767112 0.090579510 -0.001614760 0.995887876 4.552516937
0.995560825 0.023598965 -0.091113232 -8.207800865 -0.022924457 0.999701560 0.008442571 0.048252523 0.091285259 -0.006316373 0.995804727 4.620965004
0.995578289 0.024078216 -0.090796925 -8.216863632 -0.023204308 0.999673903 0.010668357 0.047083456 0.091024175 -0.008514307 0.995812297 4.724931240
0.995588839 0.026923798 -0.089876220 -8.223900795 -0.026026266 0.999599159 0.011143594 0.045461483 0.090140194 -0.008755296 0.995890617 4.828088284
0.995775580 0.026471389 -0.087922625 -8.233244896 -0.025714034 0.999621928 0.009735554 0.044988867 0.088147081 -0.007433580 0.996079743 4.932429314
0.995977283 0.025281357 -0.085964866 -8.239958763 -0.024775464 0.999668837 0.006946841 0.046232965 0.086112030 -0.004789078 0.996273875 4.984737873
0.996227384 0.021131765 -0.084169202 -8.249073029 -0.020764865 0.999770701 0.005232242 0.045141160 0.084260471 -0.003464742 0.996437728 5.090917587
0.996378005 0.019889865 -0.082675375 -8.256402969 -0.019545587 0.999796510 0.004971570 0.043925971 0.082757436 -0.003337624 0.996564090 5.195746899
0.996509552 0.018149095 -0.081481218 -8.266276360 -0.017647101 0.999820650 0.006876864 0.044385560 0.081591427 -0.005414954 0.996651173 5.299062729
0.996606231 0.014922068 -0.080953278 -8.270314217 -0.014146047 0.999848366 0.010151129 0.042556480 0.081092477 -0.008971510 0.996666133 5.348443031
0.996632516 0.014873897 -0.080637671 -8.276922226 -0.014052469 0.999843478 0.010744639 0.040189758 0.080784880 -0.009575297 0.996685505 5.451962948
0.996751189 0.015986359 -0.078940161 -8.287508011 -0.015472358 0.999854982 0.007118690 0.040349577 0.079042524 -0.005874171 0.996853888 5.554162025
0.996707797 0.019263649 -0.078756362 -8.296365738 -0.019233447 0.999814391 0.001142086 0.039014943 0.078763738 0.000376432 0.996893167 5.661006927
0.996808708 0.019720752 -0.077352561 -8.302453995 -0.020124979 0.999787569 -0.004449592 0.038878113 0.077248394 0.005992111 0.996993899 5.704559803
0.996737003 0.024577944 -0.076884225 -8.311398506 -0.025425093 0.999626160 -0.010058950 0.036540523 0.076608256 0.011980916 0.996989310 5.805717945
0.996792495 0.024759861 -0.076102197 -8.319461823 -0.025657486 0.999612033 -0.010839794 0.033517905 0.075804271 0.012757618 0.997041166 5.910126209
0.996910810 0.021776017 -0.075463079 -8.324327469 -0.022228800 0.999739528 -0.005165249 0.032762948 0.075330943 0.006826746 0.997135222 5.968523502
0.996841848 0.021358130 -0.076487057 -8.331974030 -0.021142218 0.999769807 0.003631576 0.030280774 0.076547019 -0.002003002 0.997063994 6.071803570
0.996780276 0.020925831 -0.077401616 -8.343827248 -0.020047419 0.999725699 0.012108500 0.026117630 0.077633768 -0.010517811 0.996926546 6.218888283
0.996636629 0.018188894 -0.079902947 -8.345530510 -0.017491849 0.999802828 0.009414959 0.028452449 0.080058418 -0.007985644 0.996758223 6.228769302
0.996536374 0.013212373 -0.082102165 -8.353052139 -0.012764629 0.999900758 0.005976017 0.026913863 0.082172960 -0.004907314 0.996605992 6.330416203
0.996353686 0.011896203 -0.084486589 -8.363138199 -0.011582009 0.999924064 0.004208058 0.026621323 0.084530242 -0.003214190 0.996415675 6.429568768
0.996052504 0.013521839 -0.087730177 -8.367486954 -0.013387948 0.999908149 0.002114390 0.025043529 0.087750718 -0.000931516 0.996142030 6.482251644
0.995749950 0.015053045 -0.090860583 -8.377887726 -0.015242182 0.999882817 -0.001388035 0.023669578 0.090829052 0.002767049 0.995862722 6.581073284
0.995356143 0.015146977 -0.095062114 -8.387983322 -0.015697669 0.999863982 -0.005047782 0.022035159 0.094972722 0.006516594 0.995458543 6.677432060
0.994989634 0.017612537 -0.098414719 -8.393366814 -0.018547663 0.999790967 -0.008595033 0.020492122 0.098242782 0.010377331 0.995108366 6.729293823
0.994636774 0.022447666 -0.100964755 -8.406066895 -0.023441438 0.999687672 -0.008667009 0.018073492 0.100738682 0.010987286 0.994852304 6.825738430
0.994112730 0.025797220 -0.105234750 -8.412493706 -0.026690159 0.999618590 -0.007085524 0.017247517 0.105011813 0.009852543 0.994422197 6.892855167
0.993667424 0.029205235 -0.108499467 -8.425555229 -0.029512899 0.999563575 -0.001230540 0.014785896 0.108416185 0.004424881 0.994095802 6.988580704
0.993129969 0.029646317 -0.113198511 -8.432168007 -0.029360337 0.999560058 0.004193139 0.014302544 0.113273017 -0.000840787 0.993563533 7.052827358
0.992524803 0.028765554 -0.118604511 -8.443350792 -0.028096832 0.999578536 0.007306906 0.014150534 0.118764699 -0.003919876 0.992914677 7.147003174
0.991804659 0.028185589 -0.124615468 -8.452611923 -0.027317427 0.999589324 0.008670282 0.012674592 0.124808647 -0.005195052 0.992167234 7.209763527
0.991050005 0.025358340 -0.131060645 -8.464433670 -0.023879165 0.999632299 0.012845695 0.011165649 0.131338194 -0.009601107 0.991291165 7.304022789
0.990195990 0.026742004 -0.137100458 -8.474344254 -0.025329068 0.999606609 0.012040410 0.011692911 0.137368500 -0.008449742 0.990483940 7.365298271
0.989208937 0.032001022 -0.142973617 -8.489574432 -0.030680796 0.999463856 0.011429748 0.010109797 0.143262729 -0.006919866 0.989660501 7.456991673
0.988291681 0.033699222 -0.148808524 -8.500082970 -0.032934643 0.999428749 0.007599956 0.010172315 0.148979634 -0.002610018 0.988836825 7.516308784
0.987420022 0.032607716 -0.154720277 -8.515692711 -0.032238733 0.999468207 0.004894045 0.009061005 0.154797569 0.000155506 0.987946153 7.607312202
0.986502588 0.034344710 -0.160103574 -8.525706291 -0.034276180 0.999407291 0.003190499 0.009314815 0.160118252 0.002340305 0.987095058 7.666676521
0.985670328 0.035776988 -0.164845854 -8.541930199 -0.034827542 0.999355912 0.008647320 0.008371778 0.165049061 -0.002782231 0.986281455 7.756829739
0.984556913 0.036695436 -0.171176627 -8.552257538 -0.035071302 0.999306560 0.012503508 0.008143105 0.171516791 -0.006307025 0.985160947 7.817139149
0.983502448 0.035217777 -0.177434132 -8.569423676 -0.033057690 0.999339163 0.015116537 0.006118372 0.177849278 -0.009001588 0.984016538 7.907087803
0.982295096 0.033402044 -0.184338376 -8.586942673 -0.031862512 0.999428272 0.011308288 0.005716242 0.184610710 -0.005234590 0.982797742 7.993889809
0.980666518 0.031228935 -0.193178609 -8.594984055 -0.031061089 0.999509931 0.003898285 0.006357722 0.193205684 0.002177421 0.981155813 8.036816597
0.978969812 0.028956482 -0.201939881 -8.613917351 -0.029122237 0.999573529 0.002150881 0.005653856 0.201916054 0.003775293 0.979395509 8.121225357
0.976747036 0.028536957 -0.212487862 -8.634298325 -0.028051386 0.999592483 0.005300161 0.004163183 0.212552518 0.000783664 0.977149367 8.209883690
0.974133790 0.028006928 -0.224229231 -8.643586159 -0.026137684 0.999594569 0.011300786 0.004205823 0.224454761 -0.005147645 0.974470913 8.253360748
0.971188307 0.030808119 -0.236313432 -8.664730072 -0.027137762 0.999455512 0.018769443 0.004582629 0.236763000 -0.011815645 0.971495569 8.339208603
0.968570054 0.030812019 -0.246824786 -8.689231873 -0.026052482 0.999406695 0.022526458 0.003959611 0.247372434 -0.015388057 0.968798339 8.422459602
0.965339780 0.033900306 -0.258785427 -8.699512482 -0.030225920 0.999378026 0.018165363 0.003388241 0.259240270 -0.009713719 0.965763986 8.464479446
0.962037265 0.032058250 -0.271028906 -8.724501610 -0.030761650 0.999485970 0.009031934 0.003309973 0.271179140 -0.000351762 0.962528825 8.547329903
0.958591163 0.030666450 -0.283130050 -8.750004768 -0.030790335 0.999517858 0.004013428 0.003555998 0.283116609 0.004870431 0.959073126 8.630223274
0.955089509 0.029273082 -0.294867665 -8.763118744 -0.027950142 0.999571443 0.008701002 0.004090823 0.294995964 -0.000068642 0.955498457 8.669439316
0.951440811 0.030066662 -0.306359798 -8.791457176 -0.026337676 0.999520302 0.016299430 0.003578633 0.306702852 -0.007439137 0.951776266 8.755455017
0.947477937 0.030499116 -0.318363369 -8.809656143 -0.024924288 0.999456584 0.021570737 0.003261924 0.318848252 -0.012502817 0.947723269 8.808252335
0.943202674 0.028049987 -0.331031591 -8.839093208 -0.022738716 0.999543250 0.019907348 0.002894551 0.331438720 -0.011249429 0.943409622 8.891648293
0.939235449 0.025928127 -0.342293084 -8.871306419 -0.021995362 0.999639988 0.015366855 0.003705919 0.342568278 -0.006904234 0.939467549 8.974672318
0.935966313 0.021940313 -0.351405144 -8.902159691 -0.020191547 0.999758840 0.008640768 0.002558060 0.351509988 -0.000992058 0.936183512 9.056961060
0.933164060 0.018193269 -0.358989894 -8.911956787 -0.018440915 0.999826133 0.002734635 0.002356835 0.358977348 0.004068240 0.933337450 9.079052925
0.930450737 0.018427644 -0.365953356 -8.945722580 -0.019337533 0.999812245 0.001179284 0.001036038 0.365906507 0.005979371 0.930632472 9.161048889
0.927249134 0.023914624 -0.373680830 -8.981233597 -0.025439249 0.999675989 0.000851946 0.000245731 0.373580158 0.008716195 0.927556992 9.243581772
0.923986197 0.023386510 -0.381709903 -8.995763779 -0.023983400 0.999707222 0.003194395 -0.000332028 0.381672949 0.006203124 0.924276650 9.278256416
0.920572937 0.023458291 -0.389865190 -9.030508995 -0.021223713 0.999724329 0.010038977 -0.001055017 0.389993250 -0.000967226 0.920817196 9.361982346
0.917886198 0.025777563 -0.396005601 -9.067183495 -0.020416874 0.999634027 0.017746629 -0.000464380 0.396318167 -0.008204190 0.918076575 9.443223953
0.915011883 0.036534566 -0.401769191 -9.085562706 -0.028944897 0.999269664 0.024947070 -0.001590669 0.402387172 -0.011197700 0.915401101 9.478983879
0.912204683 0.043570593 -0.407411426 -9.124414444 -0.037824053 0.999038935 0.022153120 -0.001575351 0.407985002 -0.004798234 0.912975967 9.559792519
0.909811139 0.039453764 -0.413142860 -9.162363052 -0.036681902 0.999219656 0.014642323 -0.001164451 0.413398176 0.001833117 0.910548449 9.639189720
0.907912791 0.031237600 -0.417993903 -9.178180695 -0.031316467 0.999487281 0.006672259 -0.000656366 0.417988032 0.007032264 0.908425331 9.675155640
0.906015158 0.031369157 -0.422081381 -9.216710091 -0.031772010 0.999476671 0.006081341 -0.001148477 0.422051251 0.007900584 0.906537592 9.756354332
0.903818727 0.037941456 -0.426230252 -9.257720947 -0.036479879 0.999267161 0.011595726 -0.002026960 0.426357865 0.005068396 0.904540360 9.837800980
0.901243746 0.040947791 -0.431373179 -9.275545120 -0.037806354 0.999159217 0.015857758 -0.002233595 0.431659847 0.002016944 0.902034223 9.873101234
0.898775697 0.037534311 -0.436798841 -9.315427780 -0.035025988 0.999291003 0.013798546 -0.002432883 0.437007159 0.002897515 0.899453402 9.955122948
0.896696806 0.035514016 -0.441218436 -9.357742310 -0.035792097 0.999329567 0.007695847 -0.003537074 0.441195905 0.008891296 0.897366822 10.035085678
0.894558430 0.032492481 -0.445768327 -9.400094986 -0.035715688 0.999361277 0.001170921 -0.004213984 0.445521653 0.014873469 0.895147622 10.114677429
0.891954064 0.033319324 -0.450896770 -9.408326149 -0.037437849 0.999298930 -0.000214870 -0.004267627 0.450573355 0.017072257 0.892576098 10.134060860
0.890012383 0.036218293 -0.454495758 -9.452533722 -0.038822550 0.999239624 0.003604444 -0.004804872 0.454280704 0.014436681 0.890741587 10.215213776
0.887841761 0.038368516 -0.458546638 -9.495308876 -0.039935034 0.999182463 0.006283224 -0.006456152 0.458412886 0.012733566 0.888648212 10.295139313
0.885434628 0.038958889 -0.463128388 -9.539279938 -0.040594820 0.999154925 0.006438637 -0.006713748 0.462987840 0.013099617 0.886267841 10.375839233
0.883278131 0.037629146 -0.467336684 -9.547219276 -0.039313067 0.999207973 0.006151808 -0.007767968 0.467197984 0.012938679 0.884057999 10.391840935
0.881338656 0.036061648 -0.471106827 -9.591403961 -0.037752759 0.999269903 0.005863535 -0.009150326 0.470974296 0.012617825 0.882056653 10.470170021
0.878849089 0.034865994 -0.475824177 -9.634354591 -0.036221731 0.999323666 0.006323724 -0.009732693 0.475722939 0.011677575 0.879517674 10.550275803
