0.999124408 0.002166165 -0.041784510 -0.005159237 -0.002315274 0.999991238 -0.003520453 -0.000400670 0.041776523 0.003614113 0.999120355 0.046150208
0.998435318 0.001914041 -0.055885579 -0.006027802 -0.002158402 0.999988377 -0.004312504 -0.000521905 0.055876683 0.004426380 0.998427868 0.057575338
0.997431219 0.001613252 -0.071612746 -0.008622756 -0.001942244 0.999987841 -0.004524644 -0.000344527 0.071604595 0.004652111 0.997422218 0.068946838
0.995906234 0.000218082 -0.090391308 -0.011411499 -0.000642631 0.999988914 -0.004667716 -0.000347609 0.090389274 0.004706695 0.995895386 0.083843023
0.993702114 -0.001251982 -0.112047315 -0.012632228 0.000747498 0.999989390 -0.004544316 -0.000851137 0.112051800 0.004431942 0.993692458 0.097911380
0.991194129 -0.001063272 -0.132412598 -0.017869471 0.000410410 0.999987781 -0.004957706 -0.001271619 0.132416204 0.004859706 0.991182208 0.111269504
0.987663746 0.002447897 -0.156570464 -0.022701442 -0.003497090 0.999973416 -0.006425971 -0.001660012 0.156550571 0.006894240 0.987645864 0.126297325
0.983213067 0.006564845 -0.182343304 -0.028330395 -0.008202436 0.999932587 -0.008228103 -0.002014075 0.182277009 0.009585636 0.983200490 0.142831400
0.977977633 0.009860545 -0.208476663 -0.036334094 -0.011946218 0.999890327 -0.008747592 -0.002742385 0.208367616 0.011045458 0.977988183 0.159896076
0.971268535 0.010718671 -0.237744763 -0.043229889 -0.013121015 0.999877512 -0.008524556 -0.003492795 0.237624332 0.011399087 0.971290171 0.176833212
0.963120341 0.012297789 -0.268789828 -0.050489649 -0.015109743 0.999850512 -0.008395216 -0.003410476 0.268646419 0.012146949 0.963162243 0.196110353
0.953670859 0.013807293 -0.300534874 -0.058629192 -0.016807456 0.999831319 -0.007399532 -0.003943598 0.300382018 0.012107946 0.953742087 0.212607235
0.942356527 0.016105091 -0.334222615 -0.068397954 -0.019337948 0.999792874 -0.006347524 -0.003999300 0.334051192 0.012444810 0.942472696 0.231056377
0.929547846 0.018412223 -0.368241549 -0.077428788 -0.021993423 0.999742806 -0.005530204 -0.004356866 0.368045062 0.013239480 0.929713607 0.248208761
0.916164994 0.021417761 -0.400228769 -0.089262679 -0.025574928 0.999660194 -0.005048031 -0.004547372 0.399984717 0.014860650 0.916401267 0.264342129
0.900262952 0.022620585 -0.434758604 -0.100822195 -0.026891358 0.999631584 -0.003673390 -0.005333527 0.434515357 0.014998265 0.900539458 0.281101465
0.881606817 0.017476151 -0.471660852 -0.113122195 -0.022392394 0.999737680 -0.004812191 -0.004775460 0.471453011 0.014804080 0.881766915 0.299549878
0.860543549 0.012606491 -0.509220839 -0.125888377 -0.017616278 0.999832213 -0.005017858 -0.005184228 0.509072185 0.013288660 0.860621333 0.316514939
0.835605979 0.014248541 -0.549144387 -0.140023351 -0.018258996 0.999831557 -0.001841387 -0.005662792 0.549025655 0.011565500 0.835725427 0.331790924
0.806774914 0.020055586 -0.590518236 -0.157242030 -0.023346622 0.999725282 0.002056852 -0.006362572 0.590397358 0.012127189 0.807021499 0.347490579
0.774169266 0.022714717 -0.632570922 -0.177604631 -0.026271192 0.999647856 0.003744038 -0.006239349 0.632433176 0.013719873 0.774493396 0.366006583
0.737833560 0.022233088 -0.674616396 -0.196976542 -0.025938140 0.999653041 0.004576446 -0.006502916 0.674484015 0.014121638 0.738154292 0.382240951
0.698820710 0.017641528 -0.715079308 -0.219271511 -0.019678341 0.999791563 0.005434667 -0.006159905 0.715026140 0.010273717 0.699022233 0.398124069
0.656339884 0.014483912 -0.754326344 -0.242155790 -0.014609384 0.999872208 0.006487033 -0.006382436 0.754323959 0.006762546 0.656467557 0.413890719
0.611975908 0.013512276 -0.790760994 -0.268185049 -0.011473695 0.999900460 0.008206410 -0.006375349 0.790793180 0.004050826 0.612070024 0.428887486
0.563808739 0.013963196 -0.825787306 -0.294671059 -0.009044434 0.999901533 0.010732170 -0.006055726 0.825855851 0.001417887 0.563879490 0.443077505
0.513122082 0.014912542 -0.858186066 -0.324220955 -0.007431995 0.999888778 0.012931184 -0.006262677 0.858283460 -0.000257241 0.513175845 0.455324322
0.462342799 0.015375277 -0.886567950 -0.354496777 -0.007224866 0.999881804 0.013572670 -0.004623908 0.886671782 0.000130108 0.462399304 0.463601232
0.406685799 0.018404247 -0.913382709 -0.388055116 -0.005130103 0.999827325 0.017861877 -0.005473692 0.913553715 -0.002578424 0.406709939 0.475680053
0.351291567 0.019706639 -0.936058700 -0.422390103 -0.004117744 0.999801219 0.019503260 -0.004847575 0.936257064 -0.002996882 0.351302922 0.484295070
0.296697468 0.023469104 -0.954683065 -0.460301727 -0.001562689 0.999708533 0.024090320 -0.005210990 0.954970181 -0.005655665 0.296647698 0.491602480
0.242816806 0.025669932 -0.969732404 -0.499637455 0.003376599 0.999621391 0.027306614 -0.005689457 0.970066309 -0.009904902 0.242638186 0.498122245
0.192219719 0.025774587 -0.981013358 -0.540548027 0.005443142 0.999611676 0.027329760 -0.004844062 0.981336832 -0.010593113 0.192004800 0.502588511
0.144333303 0.025470711 -0.989201307 -0.582672238 0.004193941 0.999643981 0.026351539 -0.003315968 0.989520311 -0.007952058 0.144175112 0.505667090
0.102364600 0.027276559 -0.994372904 -0.628220260 0.002091637 0.999615788 0.027635705 -0.003399022 0.994744778 -0.004908785 0.102268226 0.505760372
0.064434320 0.025132315 -0.997605443 -0.674811542 0.000734090 0.999681294 0.025232028 -0.001774382 0.997921765 -0.002358139 0.064395353 0.505680859
0.030124806 0.022948937 -0.999282658 -0.722602546 0.001393696 0.999734402 0.023001330 -0.001562605 0.999545157 -0.002085607 0.030084830 0.504535198
-0.002812162 0.020265328 -0.999790668 -0.773766756 0.003251211 0.999789596 0.020256158 -0.001259441 0.999990821 -0.003193567 -0.002877466 0.504271686
-0.027657649 0.018306717 -0.999449730 -0.823815644 0.001717600 0.999831676 0.018266184 -0.000665369 0.999615967 -0.001211455 -0.027684435 0.497979134
-0.048494406 0.015789555 -0.998698652 -0.879598796 0.001718356 0.999874771 0.015724717 0.000371575 0.998821974 -0.000953559 -0.048515469 0.493675917
-0.064681403 0.015290730 -0.997788906 -0.933221161 0.001977425 0.999882579 0.015194633 0.001058743 0.997904003 -0.000990243 -0.064704053 0.488588214
-0.077278100 0.014964917 -0.996897280 -0.990801454 0.003160266 0.999885976 0.014764803 0.003451874 0.997004569 -0.002009464 -0.077316582 0.481648862
-0.086942472 0.016789509 -0.996071815 -1.048079252 0.001684704 0.999859035 0.016706299 0.002233935 0.996211827 -0.000225600 -0.086958490 0.475709081
-0.093504168 0.018240694 -0.995451808 -1.107846856 -0.000074758 0.999832094 0.018327983 0.001802815 0.995618761 0.001788161 -0.093487106 0.468779325
-0.098177955 0.019047275 -0.994986594 -1.168339133 -0.000285366 0.999816239 0.019167887 0.003173033 0.995168746 0.002165799 -0.098154485 0.462307423
-0.099451572 0.019210052 -0.994856954 -1.233358622 0.002448631 0.999815285 0.019061014 0.004803887 0.995039284 -0.000540390 -0.099480242 0.455628455
-0.098737054 0.022006538 -0.994870186 -1.295225501 0.004269928 0.999755621 0.021690827 0.004866004 0.995104313 -0.002106336 -0.098806910 0.449566752
-0.096346363 0.024063332 -0.995056927 -1.364774704 0.003517481 0.999709785 0.023835272 0.006078711 0.995341599 -0.001203653 -0.096403040 0.441078544
-0.095457949 0.024154389 -0.995140374 -1.429097414 0.001499068 0.999707937 0.024121461 0.006424157 0.995432258 0.000810802 -0.095466278 0.435263753
-0.093874827 0.021583630 -0.995349944 -1.500483394 -0.000312191 0.999764323 0.021708794 0.007443227 0.995583892 0.002348648 -0.093845949 0.428479940
-0.092643835 0.021589084 -0.995465159 -1.567897558 -0.000980790 0.999762475 0.021773556 0.007962152 0.995698810 0.002993528 -0.092600644 0.421855867
-0.090231910 0.024498785 -0.995619476 -1.643161178 -0.001240522 0.999693871 0.024711471 0.009147776 0.995920002 0.003464852 -0.090173900 0.414345741
-0.089072138 0.027596233 -0.995642781 -1.721400738 -0.002193833 0.999608338 0.027902406 0.010137405 0.996022701 0.004669602 -0.088976689 0.408682168
-0.087078698 0.029921602 -0.995751977 -1.790049195 -0.002079256 0.999541163 0.030217297 0.010867603 0.996199191 0.004701705 -0.086976536 0.400244564
-0.084614731 0.029145462 -0.995987356 -1.869498849 -0.003439119 0.999557555 0.029542109 0.012670729 0.996407807 0.005925016 -0.084477052 0.392159969
-0.083427966 0.025790853 -0.996179998 -1.950746298 -0.006122036 0.999632835 0.026392955 0.014372315 0.996494949 0.008300561 -0.083239436 0.385434985
-0.082031786 0.025655754 -0.996299565 -2.023325920 -0.007607217 0.999623358 0.026367707 0.015098765 0.996600688 0.009742055 -0.081805713 0.378324479
-0.080627434 0.027960669 -0.996352077 -2.109305382 -0.004659588 0.999584973 0.028428461 0.016971108 0.996733427 0.006934704 -0.080463678 0.372214437
-0.079398870 0.029691501 -0.996400714 -2.193128586 -0.002870496 0.999545336 0.030013949 0.018918496 0.996838808 0.005243239 -0.079277538 0.365369707
-0.078203350 0.031694017 -0.996433616 -2.266651154 -0.001894696 0.999487996 0.031939879 0.019352216 0.996935546 0.004385745 -0.078103274 0.358420044
-0.078186542 0.026920564 -0.996575236 -2.352069378 -0.001021469 0.999632716 0.027083298 0.021009263 0.996938169 0.003135520 -0.078130320 0.352120876
-0.077913329 0.020622918 -0.996746838 -2.440187454 -0.000395428 0.999785423 0.020716699 0.020604864 0.996959925 0.002008250 -0.077888459 0.345815241
-0.077625930 0.015730368 -0.996858478 -2.514803648 0.003504545 0.999873638 0.015505048 0.022525553 0.996976316 -0.002289941 -0.077671252 0.338820338
-0.077947512 0.016003484 -0.996828973 -2.605258942 0.003874470 0.999868453 0.015749315 0.023936473 0.996949911 -0.002634564 -0.077999242 0.330826461
-0.078524254 0.023656547 -0.996631563 -2.707759857 0.004114300 0.999717653 0.023405630 0.024269868 0.996903658 -0.002262532 -0.078599416 0.323831111
-0.078569427 0.031093558 -0.996423602 -2.770878315 0.002709185 0.999516428 0.030976446 0.024246827 0.996904969 -0.000265694 -0.078615658 0.317315400
-0.079202659 0.036011826 -0.996207833 -2.862312794 0.001343487 0.999350190 0.036018603 0.025990129 0.996857703 0.001514377 -0.079199560 0.309644192
-0.079256535 0.036676042 -0.996179402 -2.953733921 -0.000175589 0.999322355 0.036805734 0.026691176 0.996854246 0.003092014 -0.079196401 0.301209599
-0.079593047 0.033328816 -0.996270120 -3.028147697 -0.001158874 0.999437153 0.033527356 0.027486876 0.996826708 0.003823096 -0.079509631 0.293777078
-0.080340140 0.030818257 -0.996291041 -3.117569685 -0.001165791 0.999518335 0.031012101 0.028934106 0.996766865 0.003652983 -0.080265522 0.286901534
-0.080405727 0.032282006 -0.996239305 -3.206699371 -0.003396070 0.999460757 0.032660488 0.029492795 0.996756434 0.006009388 -0.080252744 0.279594928
-0.079956703 0.034138072 -0.996213615 -3.285143614 -0.003180618 0.999399543 0.034502521 0.031830676 0.996793270 0.005927282 -0.079800114 0.270722300
-0.079936966 0.032367274 -0.996274352 -3.373676777 -0.004557076 0.999450386 0.032836106 0.032597966 0.996789515 0.007164916 -0.079745531 0.263698071
-0.079431735 0.027070513 -0.996472716 -3.464768887 -0.005735582 0.999602199 0.027612735 0.034386821 0.996823728 0.007908678 -0.079244860 0.255484521
-0.079503410 0.023258938 -0.996563137 -3.537575006 -0.006697887 0.999692738 0.023866313 0.034474283 0.996812105 0.008572320 -0.079323187 0.249275386
-0.078945845 0.023548493 -0.996600688 -3.626976252 -0.006004515 0.999691606 0.024097178 0.036687028 0.996860862 0.007886476 -0.078780092 0.241502464
-0.078332789 0.026323514 -0.996579647 -3.716993093 -0.005632949 0.999623716 0.026846677 0.036338359 0.996911347 0.007716656 -0.078155018 0.234079927
-0.078286380 0.031011023 -0.996448517 -3.807406664 -0.004886117 0.999492168 0.031489626 0.037654907 0.996918976 0.007333972 -0.078095093 0.227045447
-0.077205807 0.037213907 -0.996320546 -3.875689745 -0.003762260 0.999285102 0.037616193 0.037702337 0.997008085 0.006652605 -0.077010617 0.220103711
-0.077573322 0.040515181 -0.996163130 -3.967093468 -0.004063812 0.999152720 0.040953238 0.039065778 0.996978402 0.007225098 -0.077342950 0.212516934
-0.076832622 0.040412456 -0.996224642 -4.057179451 -0.004170191 0.999156475 0.040853009 0.040835515 0.997035265 0.007293291 -0.076599278 0.204063356
-0.077036619 0.035845455 -0.996383667 -4.124874592 -0.004520116 0.999330699 0.036300946 0.042331167 0.997018039 0.007300273 -0.076823011 0.199953049
-0.076869607 0.031625401 -0.996539474 -4.214890480 -0.005533907 0.999467969 0.032145202 0.043513238 0.997025847 0.007985746 -0.076653689 0.192025363
-0.077016339 0.028619822 -0.996618927 -4.304646492 -0.008769066 0.999529839 0.029381061 0.045203336 0.996991277 0.011002239 -0.076729149 0.183954626
-0.077140875 0.027044937 -0.996653318 -4.394227505 -0.012588695 0.999525964 0.028097250 0.046112940 0.996940732 0.014714012 -0.076763846 0.174494982
-0.078006014 0.024943925 -0.996640921 -4.457727432 -0.010464237 0.999611378 0.025837302 0.046516120 0.996897995 0.012444552 -0.077714674 0.170763910
-0.079376489 0.021066519 -0.996622086 -4.546452999 -0.006536053 0.999744117 0.021653086 0.047604993 0.996823192 0.008232721 -0.079218492 0.164019287
-0.079899438 0.019473448 -0.996612728 -4.636271477 -0.002205234 0.999803245 0.019712584 0.048738651 0.996800482 0.003772789 -0.079840772 0.155773252
-0.081921175 0.023320058 -0.996366024 -4.723981380 -0.002173199 0.999719620 0.023577234 0.047952369 0.996636450 0.004096777 -0.081847548 0.148116499
-0.083917074 0.029283678 -0.996042311 -4.786559582 0.000845509 0.999569774 0.029316146 0.049023695 0.996472359 0.001617962 -0.083905727 0.143752217
-0.086120896 0.033517163 -0.995720744 -4.874455929 0.002133776 0.999437869 0.033457726 0.048936576 0.996282339 0.000756765 -0.086143993 0.135977745
-0.087473698 0.032698635 -0.995629966 -4.961996555 0.002629853 0.999465227 0.032593533 0.050299957 0.996163309 0.000232716 -0.087512895 0.127290338
-0.087994568 0.028836591 -0.995703578 -5.048273563 0.000117633 0.999581218 0.028938500 0.050920218 0.996120989 0.002429303 -0.087961122 0.116851836
-0.089276507 0.024599787 -0.995703042 -5.109292984 -0.005153991 0.999670088 0.025159912 0.051829703 0.995993555 0.007378033 -0.089120276 0.110900551
-0.090556018 0.023083000 -0.995623827 -5.195742130 -0.009621285 0.999664426 0.024051772 0.052586094 0.995844901 0.011757212 -0.090303548 0.101063430
-0.091686875 0.024105197 -0.995496094 -5.279407978 -0.011209639 0.999618590 0.025237449 0.053127550 0.995724857 0.013473094 -0.091381684 0.091816634
-0.091760159 0.026060140 -0.995440006 -5.366664886 -0.011457201 0.999563694 0.027224224 0.052963562 0.995715201 0.013903055 -0.091421567 0.080434114
-0.093752041 0.025248341 -0.995275497 -5.425309181 -0.011997408 0.999577284 0.026487587 0.054801673 0.995523274 0.014423993 -0.093409486 0.078239322
-0.094098255 0.024580624 -0.995259464 -5.508126736 -0.013382927 0.999573648 0.025952479 0.056103304 0.995472968 0.015761567 -0.093729168 0.068664730
-0.094432794 0.026643338 -0.995174646 -5.594770432 -0.011378883 0.999547660 0.027840164 0.056212433 0.995466232 0.013952999 -0.094086885 0.058367014
-0.095329747 0.029775720 -0.995000422 -5.655474186 -0.010260532 0.999470055 0.030892530 0.056632638 0.995392859 0.013154209 -0.094973728 0.055214584
-0.095254838 0.033508163 -0.994888783 -5.738692284 -0.010369284 0.999345660 0.034651071 0.058753505 0.995398939 0.013616967 -0.094845057 0.046081066
-0.096368872 0.035899214 -0.994698167 -5.818877220 -0.010048979 0.999263406 0.037037551 0.059735179 0.995294988 0.013564966 -0.095937125 0.038012326
-0.096888721 0.034756906 -0.994688094 -5.903053284 -0.009409701 0.999313474 0.035835087 0.063306481 0.995250702 0.012831734 -0.096495152 0.029926419
-0.097300932 0.033762515 -0.994682193 -5.955931187 -0.009304191 0.999349892 0.034831099 0.061272636 0.995211542 0.012643810 -0.096923545 0.024954855
-0.098064817 0.030335566 -0.994717598 -6.034710407 -0.009035332 0.999466896 0.031371165 0.061986417 0.995139062 0.012064010 -0.097738452 0.017586291
-0.097494639 0.027592126 -0.994853556 -6.112955570 -0.009558505 0.999543488 0.028658932 0.062155835 0.995190203 0.012303403 -0.097186401 0.008780479
-0.096439876 0.024966445 -0.995025694 -6.189569473 -0.009848646 0.999612510 0.026036089 0.063643053 0.995290160 0.012310572 -0.096156605 0.000494957
-0.093963258 0.023837570 -0.995290339 -6.264901638 -0.011952154 0.999614298 0.025069516 0.064503819 0.995503962 0.014251476 -0.093642101 -0.006954789
-0.089310646 0.025895750 -0.995667160 -6.337364197 -0.012207985 0.999558389 0.027092012 0.061938174 0.995929062 0.014574693 -0.088955060 -0.016181111
-0.084483415 0.026968224 -0.996059895 -6.369858742 -0.012124483 0.999531865 0.028090596 0.063816078 0.996351123 0.014449903 -0.084116891 -0.015176654
-0.076521710 0.028246028 -0.996667802 -6.438233852 -0.011269406 0.999510229 0.029191831 0.065307997 0.997004271 0.013465663 -0.076165929 -0.022927105
-0.068141788 0.029546950 -0.997238040 -6.506381035 -0.012087496 0.999463499 0.030438833 0.065161690 0.997602403 0.014128266 -0.067748077 -0.027056038
-0.057320941 0.031190822 -0.997868478 -6.555621624 -0.014267364 0.999384165 0.032057762 0.065583840 0.998253942 0.016074531 -0.056840628 -0.026616096
-0.042624675 0.032766592 -0.998553753 -6.619706631 -0.017252918 0.999288857 0.033527181 0.065895110 0.998942077 0.018657053 -0.042029046 -0.029244229
-0.024738919 0.033918042 -0.999118388 -6.681682110 -0.018918876 0.999229372 0.034390260 0.067033544 0.999514878 0.019752976 -0.024078172 -0.029040396
-0.001934577 0.034947403 -0.999387264 -6.741556168 -0.019911475 0.999189734 0.034979038 0.067401037 0.999799788 0.019966951 -0.001237165 -0.029596457
0.023605421 0.035229981 -0.999100447 -6.800545216 -0.019442970 0.999206066 0.034774330 0.067799434 0.999532223 0.018604616 0.024271648 -0.027338505
0.052326147 0.034673337 -0.998027921 -6.826227665 -0.017614128 0.999273598 0.033793107 0.068263635 0.998474717 0.015811129 0.052898884 -0.022852391
0.086810321 0.034768935 -0.995617986 -6.879190922 -0.016292892 0.999306679 0.033477135 0.068851173 0.996091604 0.013315335 0.087316617 -0.017272711
0.124138132 0.035529293 -0.991628587 -6.928948402 -0.016276620 0.999297142 0.033766448 0.068997130 0.992131412 0.011948659 0.124629162 -0.007940769
0.164338782 0.034763973 -0.985791147 -6.961953163 -0.015249241 0.999348879 0.032699917 0.069319159 0.986286104 0.009658703 0.164761871 0.000200629
0.209642902 0.035657544 -0.977127671 -7.008284092 -0.014484430 0.999338448 0.033360437 0.070238665 0.977670848 0.007159358 0.210020706 0.012498260
0.258663535 0.034287333 -0.965358794 -7.053967476 -0.011222345 0.999409020 0.032489743 0.070217699 0.965902269 0.002429675 0.258895576 0.026277661
0.307520479 0.029999463 -0.951068342 -7.084091663 -0.003665187 0.999532938 0.030343059 0.069653466 0.951534390 -0.005845269 0.307486743 0.041657209
0.358982474 0.024498649 -0.933022738 -7.126576900 0.001727314 0.999636352 0.026912328 0.069967538 0.933342755 -0.011272678 0.358809590 0.061963320
0.410514146 0.019913238 -0.911636770 -7.158442497 0.006607646 0.999670327 0.024811640 0.070412546 0.911830187 -0.016209302 0.410247266 0.080776930
0.461526275 0.019643441 -0.886909008 -7.197381973 0.006011290 0.999662519 0.025268858 0.071310505 0.887106121 -0.016993709 0.461252540 0.104934454
0.509345829 0.018451920 -0.860364079 -7.229935646 0.007530673 0.999636233 0.025897088 0.071711048 0.860529006 -0.019669695 0.509021580 0.128006697
0.554307342 0.013922210 -0.832195640 -7.266862869 0.015720000 0.999506593 0.027191985 0.072164014 0.832163632 -0.028154837 0.553814948 0.157802105
0.597876549 0.008073553 -0.801547647 -7.293540955 0.025498984 0.999251604 0.029084682 0.071886629 0.801182508 -0.037827697 0.597223341 0.184003353
0.640773177 0.002943750 -0.767724574 -7.328623772 0.027129812 0.999281228 0.026475240 0.072209515 0.767250717 -0.037792847 0.640232921 0.216853380
0.681742370 -0.001772583 -0.731590271 -7.353646278 0.023853598 0.999519169 0.019806547 0.072569229 0.731203258 -0.030954024 0.681456804 0.244310141
0.721475363 -0.008946883 -0.692382395 -7.382565498 0.020923469 0.999741614 0.008884102 0.073248804 0.692123950 -0.020896696 0.721476138 0.281275511
0.760839343 -0.010392198 -0.648857057 -7.406012058 0.014769395 0.999890089 0.001303955 0.072765492 0.648772180 -0.010575326 0.760909200 0.312908173
0.798050761 -0.011618127 -0.602478087 -7.434357643 0.013434166 0.999908686 -0.001487054 0.072894111 0.602440476 -0.006907046 0.798133969 0.355598211
0.832428694 -0.012852533 -0.553983092 -7.458734035 0.013512150 0.999904633 -0.002894316 0.072350547 0.553967416 -0.005076191 0.832522869 0.394452095
0.863166451 -0.011611236 -0.504786015 -7.485104561 0.010499055 0.999932110 -0.005047714 0.072219126 0.504810333 -0.000942759 0.863229752 0.444551229
0.889515221 -0.009243769 -0.456812054 -7.504338741 0.008712995 0.999956727 -0.003268358 0.071063563 0.456822485 -0.001072947 0.889557242 0.487272263
0.910600603 -0.003895783 -0.413269162 -7.526305199 0.003309749 0.999992311 -0.002133946 0.070558339 0.413274288 0.000575355 0.910606444 0.542255402
0.928618550 0.001391772 -0.371033162 -7.545886993 -0.003014793 0.999988258 -0.003794370 0.069978133 0.371023536 0.004642112 0.928611875 0.590312958
0.942290545 0.005469874 -0.334751278 -7.566038609 -0.006731274 0.999973893 -0.002608163 0.070390150 0.334728271 0.004710950 0.942302942 0.650184870
0.952438533 0.007292618 -0.304643422 -7.582695484 -0.007777824 0.999969602 -0.000379139 0.068828017 0.304631442 0.002730569 0.952466369 0.704468250
0.959841788 0.006479564 -0.280467182 -7.599445343 -0.006336885 0.999978840 0.001415574 0.067251690 0.280470431 0.000418561 0.959862530 0.770108104
0.965820312 0.006671207 -0.259126544 -7.615807056 -0.006037803 0.999976516 0.003240183 0.067524284 0.259142101 -0.001564879 0.965837896 0.828373432
0.970516562 0.009135599 -0.240861386 -7.633517265 -0.007922003 0.999950588 0.006006418 0.066594459 0.240904361 -0.003921223 0.970540881 0.899359465
0.974082887 0.014097372 -0.225751698 -7.647531509 -0.012753322 0.999891162 0.007411007 0.066893652 0.225831613 -0.004339850 0.974156797 0.960454226
0.977127075 0.017756980 -0.211913615 -7.665373802 -0.016308611 0.999830246 0.008580750 0.066446878 0.212029964 -0.004928467 0.977250814 1.035816431
0.979760349 0.016240191 -0.199514762 -7.676940441 -0.014847161 0.999853849 0.008476376 0.066058598 0.199623302 -0.005342586 0.979858100 1.099723816
0.982378602 0.016013307 -0.186214954 -7.690518379 -0.014763720 0.999858201 0.008095377 0.066050604 0.186318189 -0.005203498 0.982475638 1.177895546
0.985031664 0.016755352 -0.171557188 -7.706009388 -0.015487271 0.999841988 0.008727428 0.066017382 0.171676323 -0.005939838 0.985135496 1.261322856
0.987388730 0.018275762 -0.157256156 -7.715519905 -0.017052531 0.999812901 0.009124412 0.065589093 0.157393500 -0.006327727 0.987515688 1.321476817
0.989395380 0.018678224 -0.144041359 -7.729589462 -0.017970238 0.999819219 0.006214738 0.065173015 0.144131407 -0.003560377 0.989552140 1.408081412
0.990853429 0.018897571 -0.133612946 -7.740833759 -0.018945327 0.999820054 0.000914074 0.064111091 0.133606166 0.001625627 0.991033137 1.493227839
0.992110431 0.017302612 -0.124167047 -7.748222828 -0.018128950 0.999820352 -0.005528165 0.064210035 0.124049090 0.007735568 0.992246032 1.556110620
0.993115604 0.017487530 -0.115825355 -7.760353565 -0.018280260 0.999816060 -0.005785394 0.063213319 0.115702882 0.007862882 0.993252814 1.647295594
0.993808270 0.019316692 -0.109416366 -7.767693996 -0.019368250 0.999812245 0.000591630 0.062201198 0.109407254 0.001531237 0.993995786 1.719977617
0.994282782 0.023405815 -0.104182385 -7.779219151 -0.022604721 0.999705255 0.008863566 0.060953368 0.104359120 -0.006457875 0.994518697 1.812168241
0.994710088 0.023926362 -0.099896729 -7.789873600 -0.022819569 0.999665141 0.012207535 0.060482543 0.100155339 -0.009863358 0.994922817 1.905225754
0.995102227 0.023073107 -0.096120186 -7.796241760 -0.022089988 0.999692321 0.011279731 0.059585102 0.096350878 -0.009101192 0.995305836 1.966120243
0.995331109 0.023073468 -0.093720697 -7.804062366 -0.022173436 0.999697626 0.010633466 0.058536030 0.093937710 -0.008505709 0.995541751 2.056196451
0.995655060 0.022212878 -0.090430021 -7.813139439 -0.021128243 0.999693096 0.012933958 0.057059478 0.090689585 -0.010967134 0.995818853 2.150183916
0.995925486 0.020277398 -0.087870710 -7.819406033 -0.019042343 0.999708056 0.014870971 0.057957660 0.088146590 -0.013137115 0.996020854 2.211517811
0.996203125 0.017964378 -0.085185610 -7.827037334 -0.016572842 0.999717891 0.017014483 0.056586601 0.085467227 -0.015538116 0.996219754 2.303616285
0.996446133 0.017318204 -0.082432859 -7.835702896 -0.016316483 0.999784768 0.012810206 0.056709778 0.082636982 -0.011419665 0.996514320 2.395170450
0.996551514 0.019490361 -0.080654308 -7.840338707 -0.019118272 0.999802709 0.005383152 0.057266913 0.080743335 -0.003822618 0.996727526 2.452895880
0.996629298 0.019975899 -0.079566568 -7.847671032 -0.020161007 0.999795675 -0.001523717 0.055115428 0.079519868 0.003122722 0.996828318 2.541450024
0.996668458 0.021054124 -0.078794904 -7.853334904 -0.021559220 0.999752045 -0.005564958 0.053941570 0.078658216 0.007245176 0.996875346 2.631473064
0.996868074 0.022237748 -0.075891659 -7.859984398 -0.022640321 0.999733806 -0.004448273 0.053332295 0.075772516 0.006152552 0.997106135 2.692817211
0.996989131 0.025951279 -0.073070474 -7.869043827 -0.026053134 0.999660492 -0.000441039 0.051054552 0.073034212 0.002343426 0.997326612 2.783856869
0.997089148 0.028772876 -0.070608497 -7.877001286 -0.028519085 0.999582708 0.004600024 0.049000867 0.070711382 -0.002572944 0.997493505 2.874386549
0.997294486 0.027395835 -0.068214402 -7.880645275 -0.027037222 0.999615371 0.006175026 0.049824066 0.068357334 -0.004313991 0.997651577 2.932487726
0.997426569 0.023918135 -0.067586936 -7.886022568 -0.023598427 0.999706268 0.005524785 0.049343988 0.067699231 -0.003915623 0.997698009 3.021940470
0.997576177 0.023377890 -0.065537229 -7.893785954 -0.023003444 0.999714553 0.006462394 0.047279749 0.065669596 -0.004939150 0.997829258 3.108405590
0.997610271 0.022982711 -0.065157123 -7.896158695 -0.022749789 0.999731898 0.004314599 0.046983618 0.065238819 -0.002821977 0.997865617 3.168588161
0.997694850 0.020402037 -0.064721465 -7.902451992 -0.020261679 0.999790728 0.002824361 0.046004981 0.064765543 -0.001506486 0.997899294 3.259571075
0.997755349 0.019065833 -0.064193688 -7.907952309 -0.018902333 0.999816418 0.003153445 0.044587526 0.064242028 -0.001932956 0.997932434 3.349182606
0.997748196 0.023212636 -0.062928557 -7.912377357 -0.023017246 0.999727726 0.003828225 0.044388089 0.063000306 -0.002371162 0.998010635 3.408632040
0.997762263 0.022686347 -0.062896304 -7.918740273 -0.022531914 0.999741197 0.003163608 0.042506993 0.062951803 -0.001739355 0.998015046 3.500669241
0.997691154 0.022064511 -0.064231813 -7.926591396 -0.021893848 0.999754608 0.003359722 0.041653860 0.064290196 -0.001945682 0.997929335 3.593043089
0.997567236 0.020124987 -0.066742286 -7.929452896 -0.019953957 0.999795616 0.003228231 0.041662611 0.066793598 -0.001888604 0.997765005 3.653167725
0.997310698 0.022385070 -0.069786914 -7.937244415 -0.022215059 0.999748111 0.003211394 0.040140547 0.069841221 -0.001652437 0.997556686 3.749043941
0.997015059 0.025964111 -0.072711319 -7.945595264 -0.025823601 0.999662399 0.002871946 0.039135829 0.072761349 -0.000985705 0.997348905 3.845628738
0.996826530 0.026383147 -0.075105026 -7.951567650 -0.026603743 0.999644160 -0.001938075 0.038496643 0.075027175 0.003929999 0.997173727 3.899184227
0.996601939 0.027128760 -0.077773087 -7.959868908 -0.027628215 0.999603927 -0.005352946 0.037606128 0.077597089 0.007483487 0.996956646 3.993653536
0.996462584 0.026759677 -0.079663567 -7.969292164 -0.027403114 0.999600053 -0.006994511 0.036126923 0.079444535 0.009152799 0.996797323 4.092077255
0.996329665 0.026231922 -0.081480421 -7.974658012 -0.026760569 0.999627292 -0.005402636 0.034465283 0.081308313 0.007563268 0.996660292 4.151428223
0.996215403 0.024895718 -0.083276749 -7.984297276 -0.025376210 0.999666929 -0.004716231 0.032809585 0.083131589 0.006811631 0.996515274 4.248435974
0.996080577 0.024016945 -0.085127346 -7.994074821 -0.024337007 0.999700129 -0.002723932 0.030688338 0.085036382 0.004785000 0.996366382 4.349265575
0.995955527 0.023792125 -0.086640418 -7.998104572 -0.023813579 0.999716103 0.000786099 0.030269977 0.086634532 0.001280299 0.996239305 4.409902573
0.995910764 0.023127841 -0.087331980 -8.008946419 -0.022734916 0.999726415 0.005491319 0.029275289 0.087435089 -0.003483379 0.996164143 4.512292862
0.995912790 0.023146814 -0.087303206 -8.016004562 -0.022542069 0.999714613 0.007906585 0.027695440 0.087461308 -0.005906273 0.996150374 4.609924793
0.996025920 0.027263463 -0.084788352 -8.023265839 -0.026709007 0.999613762 0.007667009 0.027446870 0.084964633 -0.005371926 0.996369421 4.676733017
0.996226788 0.026550008 -0.082627729 -8.032863617 -0.026141018 0.999640048 0.006027895 0.027573276 0.082758039 -0.003845177 0.996562183 4.778276443
0.996390760 0.024719782 -0.081206024 -8.041493416 -0.024446933 0.999691606 0.004352631 0.026011674 0.081288576 -0.002351683 0.996687829 4.881665707
0.996549070 0.021270355 -0.080234163 -8.044944763 -0.021180715 0.999773681 0.001968248 0.026044924 0.080257870 -0.000262038 0.996774077 4.943220615
0.996740401 0.019757448 -0.078218833 -8.054103851 -0.019686546 0.999804735 0.001677529 0.024324475 0.078236707 -0.000132202 0.996934772 5.048556328
0.996848047 0.017889792 -0.077290960 -8.062846184 -0.017594913 0.999835134 0.004494551 0.022585219 0.077358618 -0.003120456 0.996998370 5.152473927
0.996875107 0.015601518 -0.077436976 -8.068212509 -0.015110386 0.999861896 0.006924281 0.021046929 0.077534296 -0.005732541 0.996973276 5.259036541
0.996959865 0.014274719 -0.076598242 -8.071061134 -0.013783256 0.999880910 0.006940985 0.021045577 0.076688200 -0.005864110 0.997037888 5.299089909
0.997035921 0.016272878 -0.075196229 -8.080769539 -0.016029604 0.999864161 0.003837670 0.019210001 0.075248457 -0.002620927 0.997161388 5.400908470
0.997042239 0.018853510 -0.074508160 -8.089260101 -0.019090567 0.999814689 -0.002470653 0.018640324 0.074447781 0.003885748 0.997217357 5.505141258
0.997065306 0.020318607 -0.073810145 -8.097393036 -0.020936457 0.999751806 -0.007606693 0.016025696 0.073637269 0.009129694 0.997243285 5.605222702
0.997028232 0.024373204 -0.073079787 -8.101350784 -0.025402920 0.999590218 -0.013193967 0.014229961 0.072728261 0.015011196 0.997238815 5.646442890
0.997044623 0.024326259 -0.072871305 -8.107554436 -0.025422705 0.999576509 -0.014156614 0.011315033 0.072496071 0.015967360 0.997240901 5.748456478
0.997170866 0.021348223 -0.072072290 -8.116544724 -0.021998512 0.999724030 -0.008240999 0.009149220 0.071876466 0.009803167 0.997365355 5.851248264
0.997149169 0.020349940 -0.072659187 -8.121052742 -0.020334257 0.999792874 0.000955625 0.007487134 0.072663598 0.000524570 0.997356355 5.905689240
0.997055590 0.018849291 -0.074329123 -8.128506660 -0.018252807 0.999795616 0.008696034 0.006146710 0.074477859 -0.007313714 0.997195840 6.008316517
0.996872604 0.018133480 -0.076917224 -8.135950089 -0.017634712 0.999818921 0.007158799 0.003061861 0.077033117 -0.005779997 0.997011781 6.108325481
0.996811628 0.012038361 -0.078877322 -8.140480042 -0.011863377 0.999926031 0.002686714 0.003763651 0.078903824 -0.001742396 0.996880710 6.160644531
0.996575058 0.010178127 -0.082063548 -8.148341179 -0.010139391 0.999948204 0.000888785 0.002956979 0.082068354 -0.000053667 0.996626735 6.261140823
0.996343911 0.012658429 -0.084489815 -8.154760361 -0.012804836 0.999917328 -0.001191116 0.000528169 0.084467754 0.002268639 0.996423542 6.326740265
0.996028006 0.015016445 -0.087764740 -8.164710045 -0.015438762 0.999872267 -0.004135042 -0.002199139 0.087691441 0.005473597 0.996132612 6.425131798
0.995655835 0.014641572 -0.091950439 -8.174809456 -0.015446234 0.999848306 -0.008045455 -0.003439415 0.091818705 0.009430792 0.995731056 6.523068905
0.995287895 0.016759975 -0.095504537 -8.179072380 -0.017954214 0.999770820 -0.011658882 -0.005260289 0.095287241 0.013318653 0.995360672 6.570264816
0.994923711 0.021737684 -0.098255955 -8.191748619 -0.023021378 0.999663532 -0.011949849 -0.007453300 0.097963132 0.014151176 0.995089352 6.667287350
0.994534135 0.024882972 -0.101403877 -8.204202652 -0.026063498 0.999606848 -0.010333410 -0.009652242 0.101106882 0.012919868 0.994791627 6.764934540
0.993960142 0.028548500 -0.105963476 -8.207198143 -0.029207524 0.999562562 -0.004672466 -0.009792317 0.105783723 0.007739177 0.994359016 6.809148312
0.993537128 0.030069651 -0.109452963 -8.220791817 -0.030212164 0.999543428 0.000356503 -0.010903310 0.109413706 0.002952612 0.993991911 6.906480312
0.992931247 0.027853083 -0.115376309 -8.229120255 -0.027547559 0.999611497 0.004242003 -0.012737613 0.115449645 -0.001033680 0.993312716 6.998803139
0.992210805 0.028142398 -0.121349514 -8.235535622 -0.027692653 0.999601901 0.005391435 -0.014079466 0.121452935 -0.001988950 0.992595196 7.040759087
0.991500497 0.024099562 -0.127851203 -8.247321129 -0.023038242 0.999686718 0.009773761 -0.016380399 0.128046706 -0.006745222 0.991745174 7.133556366
0.990734220 0.025138924 -0.133467898 -8.263225555 -0.024142519 0.999667346 0.009078898 -0.015928552 0.133651718 -0.005772524 0.991011560 7.226675034
0.989647329 0.031212542 -0.140085340 -8.267902374 -0.030355040 0.999505103 0.008254320 -0.017113984 0.140273675 -0.003916569 0.990104973 7.265231133
0.988743663 0.033887509 -0.145731673 -8.282972336 -0.033641528 0.999425352 0.004152810 -0.015900195 0.145788670 0.000796572 0.989315450 7.355779171
0.987907052 0.031621248 -0.151788652 -8.292361259 -0.031728949 0.999495029 0.001713118 -0.018504748 0.151766181 0.003123693 0.988411486 7.410830498
0.987063169 0.033225998 -0.156851128 -8.307905197 -0.033566006 0.999436319 0.000481368 -0.019659098 0.156778738 0.004789725 0.987622201 7.499258041
0.986185849 0.035233624 -0.161852002 -8.317741394 -0.034819465 0.999379039 0.005395600 -0.020020396 0.161941633 0.000314535 0.986800313 7.557497025
0.985116184 0.035335734 -0.168218702 -8.333032608 -0.034173280 0.999367774 0.009801263 -0.021286547 0.168458700 -0.003906799 0.985701025 7.645821095
0.984092593 0.035113975 -0.174151674 -8.344009399 -0.033500962 0.999364257 0.012194022 -0.023040310 0.174469173 -0.006165797 0.984643340 7.702027321
0.982810676 0.032565203 -0.181722134 -8.360038757 -0.031558350 0.999466360 0.008430180 -0.023410499 0.181899652 -0.002550419 0.983313799 7.788487434
0.981293142 0.030741310 -0.190049410 -8.370924950 -0.031094413 0.999515831 0.001124401 -0.023715457 0.189991951 0.004806108 0.981773853 7.842803478
0.979547322 0.029020784 -0.199110046 -8.388610840 -0.029776858 0.999556243 -0.000803261 -0.024133775 0.198998347 0.006715704 0.979976773 7.931062698
0.977369845 0.027482782 -0.209744886 -8.401823997 -0.027629117 0.999615848 0.002232984 -0.025573960 0.209725663 0.003612615 0.977753580 7.983486652
0.975045860 0.027618185 -0.220279083 -8.423374176 -0.026402242 0.999615550 0.008462777 -0.026475094 0.220428109 -0.002435735 0.975400150 8.069508553
0.972138345 0.030019267 -0.232477769 -8.435758591 -0.027051527 0.999506831 0.015944049 -0.026432663 0.232841730 -0.009210942 0.972470999 8.122304916
0.969406426 0.030479793 -0.243561611 -8.458045959 -0.026645238 0.999463916 0.019023484 -0.026115373 0.244010836 -0.011951728 0.969698846 8.207105637
0.966231108 0.034805033 -0.255315304 -8.481513023 -0.031958845 0.999372244 0.015289145 -0.028189346 0.255687147 -0.006613266 0.966737032 8.292253494
0.963018298 0.032519441 -0.267466307 -8.492636681 -0.031984057 0.999468148 0.006359360 -0.028639644 0.267530859 0.002430476 0.963546216 8.325464249
0.959546864 0.030209959 -0.279923379 -8.517616272 -0.031180387 0.999513268 0.000986754 -0.027565438 0.279816955 0.007781282 0.960021794 8.409358025
0.956133068 0.029325215 -0.291461140 -8.545735359 -0.028877839 0.999565840 0.005837607 -0.027415499 0.291505843 0.002835241 0.956564844 8.493356705
0.952402174 0.029689597 -0.303395152 -8.555881500 -0.026682962 0.999545097 0.014051597 -0.029864326 0.303674340 -0.005287290 0.952761233 8.526968956
0.948606730 0.030174665 -0.315015495 -8.585647583 -0.025442038 0.999493361 0.019125693 -0.029609188 0.315432936 -0.010128124 0.948893905 8.611777306
0.944359362 0.028326621 -0.327693403 -8.614805222 -0.023849579 0.999559343 0.017673742 -0.030644134 0.328049660 -0.008875015 0.944618762 8.695219040
0.940470159 0.026047062 -0.338876635 -8.627111435 -0.023056785 0.999651611 0.012847661 -0.029751882 0.339093208 -0.004269438 0.940743089 8.724931717
0.937223017 0.021456217 -0.348069847 -8.658013344 -0.020643156 0.999768734 0.006044798 -0.030601338 0.348118961 0.001519935 0.937449098 8.807637215
0.934359133 0.018453691 -0.355854660 -8.689987183 -0.019706737 0.999805868 0.000103809 -0.031672727 0.355787486 0.006915740 0.934541225 8.889782906
0.931611836 0.017764123 -0.363020211 -8.702803612 -0.019704314 0.999804616 -0.001642133 -0.031658225 0.362920046 0.008682896 0.931779802 8.919439316
0.928571343 0.023919154 -0.370382369 -8.737936020 -0.026342420 0.999651909 -0.001484916 -0.033027012 0.370217919 0.011135619 0.928878129 9.001720428
0.925473809 0.023090476 -0.378107160 -8.774679184 -0.024751853 0.999693513 0.000466025 -0.033678386 0.378002048 0.008927559 0.925761700 9.085445404
0.922047317 0.024042325 -0.386329770 -8.784520149 -0.022895915 0.999709129 0.007569238 -0.034959249 0.386399388 0.001866175 0.922329664 9.112594604
0.919081569 0.026341215 -0.393186092 -8.820724487 -0.022087485 0.999638319 0.015340044 -0.034707546 0.393447995 -0.005414261 0.919330955 9.196686745
0.916200995 0.035368703 -0.399155289 -8.858325958 -0.028834285 0.999333978 0.022365106 -0.036599189 0.399680376 -0.008981574 0.916610539 9.278479576
0.913665771 0.042357344 -0.404253304 -8.873578072 -0.037543382 0.999098122 0.019831713 -0.036256239 0.404728800 -0.002942522 0.914432049 9.306894302
0.911342025 0.039834902 -0.409717947 -8.912238121 -0.038089938 0.999197006 0.012423079 -0.036651537 0.409883797 0.004284455 0.912127674 9.388876915
0.909219980 0.031160071 -0.415148258 -8.949913025 -0.032086942 0.999473810 0.004744292 -0.036410656 0.415077597 0.009007234 0.909741402 9.472373962
0.907507300 0.032134812 -0.418805242 -8.964234352 -0.033591110 0.999428034 0.003897399 -0.036424696 0.418690950 0.010531217 0.908067703 9.501082420
0.905294120 0.038627055 -0.423025429 -9.005257607 -0.038210269 0.999224842 0.009468874 -0.037657835 0.423063248 0.007591803 0.906068385 9.583964348
0.902778804 0.040426128 -0.428200811 -9.046843529 -0.038563576 0.999171197 0.013027123 -0.037696972 0.428372502 0.004752346 0.903589725 9.667648315
0.900225282 0.036975961 -0.433851600 -9.058313370 -0.035582840 0.999302387 0.011334744 -0.038096428 0.433968127 0.005233850 0.900912941 9.695270538
0.897816360 0.034886204 -0.438986063 -9.099575043 -0.036357261 0.999325991 0.005058360 -0.038822211 0.438866675 0.011418851 0.898479640 9.777484894
0.895905495 0.032390174 -0.443062276 -9.123030663 -0.036813989 0.999321103 -0.001385060 -0.039571881 0.442716628 0.017551772 0.896489680 9.821632385
0.893474162 0.033376981 -0.447872728 -9.165306091 -0.038678426 0.999248028 -0.002693380 -0.040632736 0.447446048 0.019729476 0.894093215 9.903975487
0.891302168 0.035607565 -0.452009499 -9.207511902 -0.039148513 0.999232233 0.001520019 -0.041974250 0.451716632 0.016340708 0.892011762 9.985046387
0.889196038 0.037402794 -0.455994993 -9.222971916 -0.040040858 0.999190509 0.003877989 -0.042651627 0.455770940 0.014810141 0.889973819 10.013464928
0.886749983 0.038499143 -0.460643530 -9.265860558 -0.040940590 0.999150515 0.004694245 -0.044433739 0.460432976 0.014696397 0.887572765 10.094237328
0.884551167 0.036799263 -0.464989394 -9.310272217 -0.039452948 0.999213338 0.004026261 -0.045636356 0.464771748 0.014783768 0.885307074 10.176410675
0.882444859 0.034467541 -0.469151407 -9.323836327 -0.037267882 0.999299824 0.003317827 -0.045838814 0.468937278 0.014556479 0.883111537 10.201669693
0.880374372 0.033977535 -0.473060668 -9.368480682 -0.036573522 0.999324083 0.003712367 -0.046774734 0.472867072 0.014033222 0.881022036 10.281399727
