0.999226332 0.003030628 -0.039211109 -0.004965952 -0.003209811 0.999984682 -0.004507562 0.000157043 0.039196849 0.004629935 0.999220729 0.026047066
0.998596668 0.002915195 -0.052879114 -0.005775489 -0.003191862 0.999981642 -0.005148362 -0.000065523 0.052863143 0.005309921 0.998587549 0.032781191
0.996352971 0.001462499 -0.085314900 0.005922295 -0.001684572 0.999995291 -0.002531041 -0.002959924 0.085310802 0.002665529 0.996350884 0.069470122
0.996137619 0.001048103 -0.087799102 -0.008144291 -0.001509269 0.999985397 -0.005186289 -0.000116310 0.087792397 0.005298770 0.996124685 0.047812581
0.994440615 0.000263277 -0.105297543 -0.014310824 -0.000980291 0.999976635 -0.006757712 0.000814003 0.105293259 0.006823367 0.994417846 0.061617285
0.989019692 -0.000693577 -0.147782147 0.003975410 0.000078197 0.999991298 -0.004169874 -0.003087073 0.147783712 0.004112531 0.989011049 0.089211330
0.984605968 0.002514093 -0.174771026 0.004022725 -0.003372239 0.999983668 -0.004613319 -0.004491337 0.174756512 0.005131670 0.984598219 0.101733118
0.983785510 0.007555068 -0.179190099 -0.019448107 -0.009240915 0.999920547 -0.008575298 -0.001139142 0.179111078 0.010092134 0.983777046 0.085773163
0.977907121 0.010748464 -0.208763510 -0.020341313 -0.012853266 0.999879360 -0.008728212 -0.002501792 0.208644494 0.011218674 0.977927208 0.098216064
0.971215606 0.011386030 -0.237929717 -0.022557002 -0.013727472 0.999872267 -0.008186286 -0.003406017 0.237806097 0.011216821 0.971247852 0.104733750
0.962203622 0.011959366 -0.272068352 -0.022895951 -0.014321200 0.999875069 -0.006696992 -0.004617900 0.271954238 0.010340213 0.962254584 0.117452942
0.954455078 0.015135027 -0.297970533 -0.036515396 -0.018331945 0.999800324 -0.007937065 -0.002194950 0.297790915 0.013037947 0.954542041 0.126228213
0.943272948 0.016575778 -0.331604481 -0.042067621 -0.019620471 0.999790430 -0.005835729 -0.003224308 0.331438214 0.012010916 0.943400443 0.138020903
0.931043208 0.019675545 -0.364378124 -0.046198536 -0.023299487 0.999713182 -0.005551726 -0.003260124 0.364164263 0.013658720 0.931234539 0.143483475
0.918330669 0.021470618 -0.395231545 -0.059525128 -0.026457265 0.999624133 -0.007170381 -0.000833703 0.394929111 0.017041523 0.918553472 0.159498230
0.901650012 0.022789113 -0.431865662 -0.060818844 -0.027484041 0.999611616 -0.004632736 -0.002950526 0.431592226 0.016046517 0.901926160 0.164994791
0.883567870 0.017549422 -0.467974216 -0.070861220 -0.023327798 0.999706566 -0.006554690 -0.001807166 0.467721701 0.016708318 0.883717954 0.179401875
0.862528920 0.013563517 -0.505825818 -0.075847462 -0.018856192 0.999807835 -0.005343938 -0.003398924 0.505656302 0.014147249 0.862619042 0.185632542
0.838594019 0.014571957 -0.544561923 -0.089036942 -0.018873200 0.999819160 -0.002309435 -0.003668499 0.544429839 0.012214304 0.838717341 0.198872447
0.809270203 0.020579364 -0.587076008 -0.096291542 -0.024207549 0.999705434 0.001674161 -0.003853974 0.586937606 0.012856822 0.809530079 0.206246048
0.778002799 0.023641912 -0.627815843 -0.111949131 -0.027741646 0.999609649 0.003264660 -0.003784432 0.627647936 0.014876732 0.778355181 0.218512356
0.741505206 0.022548601 -0.670568049 -0.119681127 -0.026370604 0.999642432 0.004453828 -0.004114348 0.670428753 0.014380749 0.741834700 0.225435168
0.702347398 0.018309377 -0.711598754 -0.133476764 -0.020284506 0.999777973 0.005703415 -0.004191841 0.711545169 0.010428649 0.702562928 0.235815972
0.660275280 0.014599963 -0.750881732 -0.147275865 -0.015171406 0.999866307 0.006100440 -0.003957426 0.750870407 0.007363960 0.660408556 0.245106846
0.615772665 0.014353585 -0.787793040 -0.162550390 -0.012539473 0.999885917 0.008416532 -0.004103585 0.787824154 0.004695838 0.615882516 0.253936529
0.569329858 0.014430474 -0.821982563 -0.179525077 -0.010033797 0.999893427 0.010604115 -0.003744197 0.822047949 0.002210368 0.569413960 0.261727571
0.517764986 0.014405698 -0.855401635 -0.196981221 -0.007719008 0.999896109 0.012166884 -0.003498697 0.855488002 0.000303267 0.517822444 0.270423681
0.467064410 0.016426893 -0.884070694 -0.216383606 -0.007647471 0.999864995 0.014538223 -0.003254115 0.884190202 -0.000029382 0.467127025 0.275816083
0.412199110 0.018507246 -0.910905838 -0.236492321 -0.006471962 0.999827862 0.017385248 -0.003097713 0.911070824 -0.001270836 0.412248015 0.282665968
0.358174294 0.020302005 -0.933434010 -0.257747173 -0.005790942 0.999792576 0.019523216 -0.002732288 0.933636785 -0.001587251 0.358217597 0.287016720
0.302628815 0.024000309 -0.952806294 -0.280508488 -0.003316317 0.999703407 0.024128279 -0.003019746 0.953102708 -0.004142106 0.302618623 0.292265475
0.250409931 0.025306260 -0.967809081 -0.304852247 0.001556833 0.999646544 0.026541557 -0.002778550 0.968138635 -0.008152987 0.250282019 0.295310855
0.198787600 0.026100025 -0.979694963 -0.329765230 0.004051110 0.999614775 0.027452707 -0.002817432 0.980034232 -0.009426111 0.198605329 0.299115747
0.152635857 0.026690843 -0.987922072 -0.356411934 0.001767537 0.999626279 0.027280141 -0.001998895 0.988280892 -0.005910118 0.152531624 0.299407780
0.109727934 0.026322309 -0.993613064 -0.384192228 0.000599821 0.999647439 0.026548402 -0.001183280 0.993961453 -0.003509090 0.109673426 0.300731719
0.072722584 0.025448693 -0.997027576 -0.413014233 -0.001239375 0.999675930 0.025425894 -0.000839881 0.997351587 -0.000613345 0.072730564 0.299838603
0.037155107 0.022839531 -0.999048471 -0.442926228 0.000441796 0.999738276 0.022871729 -0.000295367 0.999309421 -0.001291178 0.037135288 0.300460488
0.006921790 0.020216538 -0.999771774 -0.473597854 0.000578321 0.999795318 0.020221023 -0.000154977 0.999975860 -0.000718155 0.006908683 0.298233896
-0.019120332 0.018288134 -0.999649882 -0.506132722 -0.000968532 0.999831915 0.018309988 0.000142358 0.999816716 0.001318286 -0.019099405 0.295610607
-0.040119976 0.015844505 -0.999069214 -0.539427519 -0.000101607 0.999874175 0.015861357 0.001029219 0.999194860 0.000737870 -0.040113322 0.293249577
-0.056110293 0.015419748 -0.998305500 -0.572683513 0.000194201 0.999880850 0.015433168 0.001258819 0.998424709 0.000672088 -0.056106597 0.290205777
-0.069020085 0.015336343 -0.997497380 -0.608161926 0.000875001 0.999882221 0.015312470 0.002349692 0.997614861 0.000184057 -0.069025397 0.286713660
-0.078457221 0.016611399 -0.996779084 -0.644069612 -0.000370044 0.999860585 0.016691880 0.002217896 0.996917367 0.001678451 -0.078440145 0.283256441
-0.085334584 0.017556196 -0.996197581 -0.681417525 -0.002202284 0.999838948 0.017809015 0.002911155 0.996349931 0.003713635 -0.085282199 0.279151440
-0.089408487 0.018798104 -0.995817602 -0.719280005 -0.001991959 0.999816537 0.019052435 0.003081139 0.995993078 0.003687078 -0.089354634 0.275017023
-0.090907730 0.019377777 -0.995670855 -0.758682549 0.000042642 0.999810815 0.019454453 0.003641305 0.995859325 0.001726103 -0.090891354 0.271105438
-0.089905262 0.022101136 -0.995705128 -0.798441648 0.001273113 0.999755442 0.022076089 0.003697284 0.995949507 0.000717111 -0.089911416 0.267553806
-0.088200137 0.023954984 -0.995814621 -0.839759707 0.001553327 0.999712884 0.023911178 0.004587594 0.996101558 0.000562143 -0.088212013 0.263408989
-0.086615101 0.023175804 -0.995972276 -0.882510900 -0.000820118 0.999727428 0.023334509 0.005455455 0.996241510 0.002837936 -0.086572483 0.259581149
-0.084779255 0.021719866 -0.996162891 -0.923588872 -0.002628984 0.999754012 0.022021905 0.005014491 0.996396303 0.004485896 -0.084701285 0.255192399
-0.083888695 0.021346219 -0.996246457 -0.968376338 -0.002635779 0.999762297 0.021643499 0.006205394 0.996471643 0.004441530 -0.083812490 0.252047628
-0.081958398 0.023889601 -0.996349394 -1.014594078 -0.002763842 0.999703407 0.024197372 0.006926818 0.996631980 0.004736929 -0.081868045 0.248085409
-0.079793051 0.027477188 -0.996432662 -1.058201909 -0.004103527 0.999602437 0.027893201 0.007453766 0.996802926 0.006314573 -0.079648554 0.243395522
-0.078550249 0.029712448 -0.996467233 -1.106257081 -0.003873483 0.999539018 0.030109381 0.007995177 0.996902585 0.006224899 -0.078398943 0.240159377
-0.076082535 0.029094065 -0.996676981 -1.152697206 -0.005947770 0.999543309 0.029631758 0.008589115 0.997083783 0.008182467 -0.075874753 0.234819666
-0.074465454 0.026185120 -0.996879816 -1.201589465 -0.009131607 0.999595404 0.026938569 0.009301893 0.997181773 0.011109106 -0.074196227 0.231171086
-0.072983637 0.025081191 -0.997017801 -1.252248526 -0.009334660 0.999622762 0.025830042 0.010664409 0.997289479 0.011191993 -0.072721995 0.226838186
-0.071118854 0.027561564 -0.997086942 -1.299207449 -0.006766893 0.999581814 0.028113184 0.011443412 0.997444868 0.008746560 -0.070902616 0.222907931
-0.070374005 0.029514087 -0.997083962 -1.351216793 -0.004370304 0.999543548 0.029895341 0.012552148 0.997511148 0.006461416 -0.070212878 0.220041484
-0.068587050 0.031259529 -0.997155190 -1.402554154 -0.003612361 0.999494612 0.031581331 0.013430730 0.997638524 0.005768155 -0.068439469 0.215666682
-0.068279117 0.026817515 -0.997305810 -1.450730681 -0.003790459 0.999624431 0.027139371 0.013531925 0.997659087 0.005633299 -0.068151824 0.212167025
-0.068108425 0.020457095 -0.997468233 -1.502940416 -0.001768344 0.999785721 0.020625370 0.013525978 0.997676373 0.003168628 -0.068057641 0.208650172
-0.067998827 0.015713178 -0.997561753 -1.556057572 0.000997675 0.999876499 0.015681632 0.014405369 0.997684896 0.000071089 -0.068006098 0.205042452
-0.068439052 0.016185530 -0.997523963 -1.607081175 0.002019454 0.999868572 0.016085017 0.014972806 0.997653186 -0.000913610 -0.068462759 0.200767726
-0.068868905 0.023767386 -0.997342527 -1.662188530 0.001524972 0.999717474 0.023718674 0.015276603 0.997624576 0.000112560 -0.068885691 0.197147027
-0.069350116 0.030453824 -0.997127414 -1.717813730 0.000966649 0.999535561 0.030460138 0.016514882 0.997591853 0.001148542 -0.069347352 0.193311259
-0.068955705 0.036016762 -0.996969402 -1.767942429 -0.002154974 0.999340415 0.036251463 0.016457383 0.997617304 0.004648189 -0.068832606 0.187882960
-0.069231339 0.036561266 -0.996930540 -1.823248982 -0.003609855 0.999312520 0.036899310 0.016923234 0.997594059 0.006153362 -0.069051750 0.183547974
-0.069886945 0.033334121 -0.996997833 -1.877054334 -0.004139211 0.999423325 0.033705357 0.017424203 0.997546315 0.006482348 -0.069708653 0.179814637
-0.070054494 0.030256724 -0.997084081 -1.927475452 -0.003374631 0.999526918 0.030567948 0.018912278 0.997537434 0.005506214 -0.069919258 0.175013468
-0.070117712 0.031498704 -0.997041285 -1.981900811 -0.004980758 0.999477744 0.031925958 0.019640934 0.997526288 0.007204597 -0.069924213 0.170896634
-0.069462731 0.033819064 -0.997011065 -2.037638426 -0.005800724 0.999394536 0.034304053 0.020305384 0.997567713 0.008166240 -0.069224507 0.165674403
-0.069789089 0.032453664 -0.997033715 -2.086276531 -0.006921959 0.999430776 0.033016209 0.020652082 0.997537732 0.009205598 -0.069524735 0.162314355
-0.069499590 0.027293062 -0.997208476 -2.139946222 -0.008480654 0.999573350 0.027948838 0.021664020 0.997545838 0.010399415 -0.069238484 0.158167318
-0.069154613 0.023325734 -0.997333169 -2.194085598 -0.009621237 0.999664366 0.024047390 0.021971116 0.997559607 0.011258568 -0.068906985 0.153580576
-0.068394974 0.023831826 -0.997373700 -2.243885756 -0.009078451 0.999658346 0.024508979 0.022549491 0.997617006 0.010730898 -0.068155259 0.149404511
-0.067867577 0.026153073 -0.997351527 -2.297666073 -0.007719977 0.999612749 0.026737694 0.023057166 0.997664452 0.009514153 -0.067639410 0.145815432
-0.067825712 0.031140370 -0.997211099 -2.350643635 -0.007375102 0.999469757 0.031712528 0.023629922 0.997669935 0.009505458 -0.067560099 0.142741218
-0.067125417 0.036475308 -0.997077644 -2.407287121 -0.005959334 0.999299049 0.036957771 0.025059849 0.997726679 0.008422724 -0.066861011 0.137922809
-0.066586189 0.040078890 -0.996975422 -2.454666615 -0.006921255 0.999150336 0.040628579 0.025387742 0.997756660 0.009605624 -0.066252232 0.133399338
-0.066241316 0.039985601 -0.997002125 -2.506992817 -0.006845134 0.999154985 0.040526733 0.025904968 0.997780144 0.009509159 -0.065911643 0.129853129
-0.066302724 0.035600264 -0.997164309 -2.561008215 -0.006102930 0.999330044 0.036083378 0.027105063 0.997780859 0.008478050 -0.066041060 0.126159579
-0.066230580 0.031268779 -0.997314334 -2.613541365 -0.007106184 0.999468803 0.031808231 0.028257448 0.997779071 0.009193779 -0.065973185 0.121915475
-0.065641396 0.028282505 -0.997442245 -2.662463903 -0.011552258 0.999509633 0.029101374 0.029359881 0.997776449 0.013432968 -0.065282501 0.118050411
-0.066383243 0.026292603 -0.997447670 -2.715443611 -0.014491921 0.999521852 0.027311761 0.030152176 0.997689009 0.016267978 -0.065970495 0.113794744
-0.066801623 0.024645004 -0.997461796 -2.769194603 -0.012987712 0.999588728 0.025567364 0.029950820 0.997681737 0.014662690 -0.066454083 0.109478101
-0.068476290 0.020446759 -0.997443140 -2.822213650 -0.009622585 0.999729812 0.021154243 0.030742694 0.997606337 0.011046546 -0.068261042 0.106827766
-0.068607360 0.019298136 -0.997457147 -2.869754553 -0.005411517 0.999790967 0.019715510 0.031037992 0.997629046 0.006750384 -0.068488576 0.103186414
-0.070491679 0.023081431 -0.997245252 -2.922178745 -0.005084145 0.999710977 0.023497880 0.031079289 0.997499406 0.006726544 -0.070353940 0.099204764
-0.072130837 0.028473817 -0.996988654 -2.975954771 -0.002191135 0.999585509 0.028706506 0.032147877 0.997392774 0.004255161 -0.072038531 0.094851017
-0.074407965 0.032820269 -0.996687591 -3.028180361 -0.000623551 0.999456525 0.032958001 0.032221019 0.997227669 0.003073824 -0.074347049 0.091407150
-0.075760372 0.031985611 -0.996612847 -3.073959351 -0.000497068 0.999484003 0.032115549 0.032483794 0.997125924 0.002928470 -0.075705379 0.087937146
-0.076666072 0.028078077 -0.996661305 -3.125654459 -0.003622248 0.999588907 0.028439192 0.033091620 0.997050285 0.005790475 -0.076532841 0.083124295
-0.078349128 0.024218284 -0.996631742 -3.175398827 -0.007480248 0.999662399 0.024879990 0.034120869 0.996897876 0.009404377 -0.078141503 0.079344660
-0.079249851 0.022908119 -0.996591449 -3.225173950 -0.010450190 0.999661803 0.023809709 0.034786027 0.996800125 0.012301488 -0.078983650 0.073458225
-0.080666676 0.024613902 -0.996437192 -3.267503500 -0.014241499 0.999564588 0.025844075 0.033505317 0.996639371 0.016275516 -0.080281012 0.070484906
-0.081274696 0.025949482 -0.996353865 -3.318105936 -0.014034898 0.999532104 0.027177114 0.033831734 0.996592939 0.016192537 -0.080872469 0.065504074
-0.082483582 0.024979960 -0.996279240 -3.367932796 -0.015589700 0.999531150 0.026352191 0.035021398 0.996470511 0.017705319 -0.082055479 0.061192811
-0.083213985 0.025142342 -0.996214390 -3.418323040 -0.015650248 0.999525428 0.026533168 0.034733467 0.996408761 0.017798938 -0.082781009 0.056800514
-0.083686583 0.027308255 -0.996117890 -3.456980467 -0.014215478 0.999490023 0.028594982 0.034929343 0.996390760 0.016553307 -0.083255701 0.052941412
-0.083855562 0.030426329 -0.996013343 -3.507063150 -0.013600306 0.999405682 0.031674989 0.034589283 0.996385157 0.016202210 -0.083391920 0.049031854
-0.084305339 0.034515254 -0.995842040 -3.555795431 -0.014121107 0.999258220 0.035829112 0.035698049 0.996339917 0.017082976 -0.083755396 0.045272380
-0.085205868 0.036466252 -0.995695889 -3.606064320 -0.013652570 0.999193430 0.037762657 0.036808036 0.996269882 0.016811406 -0.084639288 0.040107906
-0.085790709 0.036368374 -0.995649099 -3.643615723 -0.012060512 0.999222457 0.037538093 0.037401177 0.996240199 0.015228458 -0.085285373 0.036492527
-0.086273462 0.034043852 -0.995689690 -3.693002939 -0.010636644 0.999327660 0.035089873 0.037821241 0.996214747 0.013618120 -0.085853346 0.032215923
-0.086543508 0.030299604 -0.995787084 -3.739852905 -0.010374495 0.999455810 0.031312872 0.038842291 0.996194065 0.013040715 -0.086182058 0.027996778
-0.087078556 0.027706157 -0.995816112 -3.785156012 -0.011838421 0.999513805 0.028844245 0.039408088 0.996131122 0.014300605 -0.086708240 0.024753690
-0.085036181 0.025403788 -0.996053874 -3.832305670 -0.012145258 0.999574304 0.026530450 0.039821263 0.996303916 0.014353378 -0.084691435 0.018835306
-0.082083561 0.025086699 -0.996309638 -3.875913620 -0.014648830 0.999544859 0.026375042 0.039290294 0.996517837 0.016759727 -0.081678718 0.013315797
-0.077322997 0.025707554 -0.996674597 -3.922415733 -0.014484002 0.999533117 0.026904967 0.039925471 0.996900916 0.016516211 -0.076914564 0.008533716
-0.072997525 0.027488714 -0.996953189 -3.946752548 -0.013456965 0.999502003 0.028544314 0.039711446 0.997241318 0.015499631 -0.072591245 0.009328723
-0.065511763 0.028927522 -0.997432411 -3.989590883 -0.012433380 0.999478519 0.029803490 0.040130667 0.997774363 0.014353936 -0.065117925 0.006225973
-0.056857549 0.030555544 -0.997914612 -4.029752254 -0.013801813 0.999412000 0.031387769 0.040000916 0.998286903 0.015557663 -0.056402408 0.003580615
-0.045685414 0.031795144 -0.998449683 -4.062250137 -0.015784200 0.999345601 0.032545894 0.040729582 0.998831153 0.017246604 -0.045153663 0.003453583
-0.031249411 0.033262145 -0.998957932 -4.100956440 -0.018755108 0.999250591 0.033858582 0.041116804 0.999335647 0.019793624 -0.030602161 0.002427578
-0.012864925 0.034751855 -0.999313116 -4.138694763 -0.020444561 0.999177814 0.035010345 0.041581452 0.999708176 0.020880925 -0.012143869 0.002581745
0.009674739 0.035358775 -0.999327898 -4.174448967 -0.021345265 0.999154210 0.035145979 0.042249255 0.999725342 0.020990891 0.010421295 0.002885517
0.034686722 0.035775274 -0.998757601 -4.209929466 -0.021001257 0.999164581 0.035060469 0.042388521 0.999177575 0.019759037 0.035409078 0.005950719
0.064560860 0.035486806 -0.997282565 -4.229711533 -0.018858591 0.999232471 0.034335341 0.042292409 0.997735560 0.016590625 0.065180540 0.006722569
0.099018008 0.035220154 -0.994462132 -4.262080669 -0.017458316 0.999281049 0.033652507 0.042987823 0.994932532 0.014029428 0.099561721 0.010541409
0.136679813 0.035610061 -0.989974916 -4.291547775 -0.017302364 0.999287128 0.033556193 0.043523721 0.990464211 0.012542455 0.137198508 0.015915096
0.176639810 0.035127345 -0.983648479 -4.314463615 -0.016434476 0.999328792 0.032736067 0.043232903 0.984138370 0.010383254 0.177098542 0.022098958
0.221579075 0.035550300 -0.974494159 -4.342061996 -0.015831606 0.999334574 0.032856729 0.044306323 0.975013912 0.008147446 0.221994430 0.030123413
0.269678921 0.034809522 -0.962320924 -4.370045185 -0.012911567 0.999387205 0.032531984 0.043740086 0.962863684 0.003651880 0.269963145 0.039877892
0.319419444 0.030479278 -0.947123110 -4.389644623 -0.004857654 0.999522150 0.030527266 0.043156587 0.947600961 -0.005150205 0.319414824 0.048411131
0.370356590 0.024589747 -0.928564131 -4.415312767 0.000307151 0.999646187 0.026594609 0.043823309 0.928889513 -0.010134699 0.370218039 0.061258793
0.421860397 0.020168023 -0.906436443 -4.435696125 0.005850933 0.999671280 0.024965530 0.043622714 0.906641901 -0.015835470 0.421603680 0.073472500
0.472699553 0.019922886 -0.880998433 -4.459338188 0.005423157 0.999659717 0.025516083 0.044107683 0.881206989 -0.016839232 0.472430587 0.088373423
0.519948959 0.018320620 -0.854000866 -4.480062485 0.007200122 0.999640405 0.025828697 0.044511147 0.854166985 -0.019578516 0.519630134 0.103584647
0.564961791 0.014364613 -0.824992001 -4.502733707 0.014398313 0.999524534 0.027263634 0.044601664 0.824991405 -0.027281409 0.564486384 0.121711969
0.607579648 0.007393246 -0.794224262 -4.519219398 0.025498021 0.999259710 0.028807806 0.044795316 0.793849170 -0.037754182 0.606941402 0.139168501
0.650208235 0.002244056 -0.759752691 -4.540860176 0.027035657 0.999294043 0.026089132 0.045185849 0.759274781 -0.037503779 0.649688601 0.159166098
0.690305948 -0.002638087 -0.723512650 -4.555718422 0.024126666 0.999521136 0.019374857 0.045292061 0.723115206 -0.030830530 0.690038979 0.177352667
0.730425417 -0.009579315 -0.682925165 -4.574286938 0.020971462 0.999744654 0.008406804 0.045786135 0.682670474 -0.020462487 0.730439842 0.199448347
0.768600523 -0.011768267 -0.639620781 -4.588252068 0.015849171 0.999874115 0.000648655 0.045609675 0.639532626 -0.010636015 0.768690348 0.220358372
0.805120409 -0.012102408 -0.592987955 -4.604682922 0.013879527 0.999902427 -0.001562491 0.045091592 0.592948973 -0.006972399 0.805209875 0.246273041
0.838971794 -0.013759488 -0.544000924 -4.619879723 0.014364269 0.999891937 -0.003137470 0.045068942 0.543985248 -0.005181926 0.839078784 0.271203041
0.869067550 -0.012278844 -0.494541049 -4.635143280 0.011299829 0.999923885 -0.004969443 0.044697702 0.494564354 -0.001269449 0.869140089 0.301586032
0.894976497 -0.010260641 -0.445995301 -4.648054600 0.009772094 0.999946475 -0.003395317 0.044182204 0.446006209 -0.001319580 0.895028889 0.329497933
0.915671408 -0.004781357 -0.401899397 -4.661816597 0.004238732 0.999988437 -0.002239407 0.043925010 0.401905477 0.000347017 0.915681124 0.363720775
0.933062434 0.000345911 -0.359714150 -4.673380852 -0.001793906 0.999991536 -0.003691596 0.043422114 0.359709769 0.004089782 0.933055341 0.394221067
0.946178615 0.004615386 -0.323611945 -4.684994698 -0.005715289 0.999980688 -0.002448571 0.043512795 0.323594302 0.004166321 0.946186781 0.431634307
0.955985427 0.006164490 -0.293349266 -4.695288181 -0.006549243 0.999978483 -0.000329377 0.042776886 0.293340921 0.002236097 0.956005275 0.466493607
0.963148892 0.005194890 -0.268918425 -4.705380440 -0.004951283 0.999986410 0.001584115 0.041934237 0.268922985 -0.000194247 0.963161707 0.506120682
0.968826711 0.005463080 -0.247678965 -4.715145588 -0.004797428 0.999983013 0.003290995 0.041956026 0.247692749 -0.002000182 0.968836486 0.544602513
0.973112106 0.007611833 -0.230205789 -4.724100590 -0.006401646 0.999961495 0.006003408 0.041716825 0.230242610 -0.004368294 0.973123372 0.587480187
0.976691127 0.012544237 -0.214282706 -4.734058380 -0.011189937 0.999909043 0.007532031 0.041551802 0.214357659 -0.004958658 0.976742625 0.628304541
0.979518056 0.016282242 -0.200697064 -4.744048595 -0.014791428 0.999850810 0.008925602 0.041300729 0.200812429 -0.005774192 0.979612708 0.673990667
0.982015789 0.014999040 -0.188201845 -4.751321316 -0.013610041 0.999869823 0.008670541 0.040980078 0.188307419 -0.005953174 0.982092142 0.716149151
0.984478533 0.015097442 -0.174854577 -4.759275913 -0.013894481 0.999870658 0.008101990 0.040906459 0.174954310 -0.005546721 0.984561026 0.764132202
0.987021267 0.015803086 -0.159810141 -4.766983509 -0.014578557 0.999854743 0.008832017 0.040909491 0.159926504 -0.006387588 0.987108231 0.807680845
0.989133775 0.016443452 -0.146096423 -4.774435997 -0.015228723 0.999839544 0.009429187 0.040908620 0.146228030 -0.007101864 0.989225447 0.858958304
0.990908206 0.016936718 -0.133469492 -4.780312538 -0.016173040 0.999846041 0.006803893 0.040282372 0.133564189 -0.004583426 0.991029561 0.903836668
0.992281854 0.017513948 -0.122761205 -4.786631107 -0.017472163 0.999846339 0.001416971 0.039858893 0.122767150 0.000738870 0.992435217 0.956527114
0.993398726 0.015835550 -0.113614798 -4.792292118 -0.016476192 0.999853075 -0.004701833 0.039455373 0.113523670 0.006542733 0.993513763 1.009903073
0.994374871 0.016233386 -0.104665980 -4.798671722 -0.016842272 0.999846101 -0.004936173 0.038846519 0.104569748 0.006671222 0.994495213 1.055265427
0.995033920 0.017160177 -0.098046049 -4.804706573 -0.017132794 0.999852598 0.001121271 0.038584433 0.098050863 0.000564101 0.995181322 1.111036181
0.995501220 0.021348523 -0.092312150 -4.811701775 -0.020599654 0.999746859 0.009057711 0.038175594 0.092482157 -0.007115363 0.995688915 1.167379975
0.995832920 0.022168605 -0.088460431 -4.815350533 -0.021120749 0.999695420 0.012764060 0.037585482 0.088716470 -0.010842523 0.995997846 1.211736917
0.996148229 0.021187123 -0.085086636 -4.820437431 -0.020298114 0.999730051 0.011300010 0.037421353 0.085303098 -0.009529386 0.996309400 1.267060757
0.996377230 0.021857725 -0.082186215 -4.825542450 -0.021023143 0.999718308 0.011006561 0.036020905 0.082403652 -0.009238872 0.996556163 1.323035121
0.996693134 0.019428700 -0.078900807 -4.829263687 -0.018459486 0.999745131 0.012994852 0.036611959 0.079133168 -0.011495411 0.996797800 1.365415931
0.996871293 0.017435122 -0.077094987 -4.832876205 -0.016282903 0.999746501 0.015548904 0.036422648 0.077346548 -0.014244929 0.996902525 1.420969248
0.997096360 0.015213232 -0.074613966 -4.836737156 -0.013927403 0.999745905 0.017723236 0.035839628 0.074864648 -0.016632598 0.997054994 1.476457953
0.997354031 0.015095484 -0.071113631 -4.841212749 -0.014127110 0.999800801 0.014100600 0.035042815 0.071312331 -0.013058660 0.997368574 1.519093871
0.997404039 0.016555838 -0.070080377 -4.844795704 -0.016180856 0.999851584 0.005915075 0.035821412 0.070167914 -0.004765758 0.997523904 1.573242188
0.997497201 0.017797194 -0.068430223 -4.849106312 -0.017906401 0.999839127 -0.000982730 0.034650788 0.068401739 0.002205608 0.997655392 1.627795696
0.997579098 0.018969823 -0.066903822 -4.852404118 -0.019339940 0.999800920 -0.004888684 0.033278361 0.066797771 0.006170765 0.997747362 1.668822765
0.997710526 0.020096935 -0.064574741 -4.856711864 -0.020367509 0.999786198 -0.003534477 0.032947063 0.064489901 0.004841612 0.997906506 1.724112511
0.997841418 0.022509886 -0.061692435 -4.861979008 -0.022545286 0.999745786 0.000122251 0.031878706 0.061679486 0.001268887 0.998095214 1.779083610
0.997842491 0.027001599 -0.059844729 -4.863928318 -0.026696378 0.999626219 0.005894059 0.030474976 0.059981517 -0.004283704 0.998190284 1.819756508
0.998040438 0.024892101 -0.057407033 -4.867665768 -0.024475055 0.999668777 0.007956514 0.029802155 0.057586063 -0.006535883 0.998319149 1.875034809
0.998184204 0.021882478 -0.056122482 -4.870677471 -0.021499861 0.999741375 0.007412470 0.029587986 0.056270178 -0.006192384 0.998396337 1.928911567
0.998270512 0.019830892 -0.055341408 -4.872350693 -0.019427465 0.999780715 0.007818329 0.028462261 0.055484328 -0.006729664 0.998436868 1.969207525
0.998360336 0.019376904 -0.053862724 -4.876172543 -0.019069850 0.999798894 0.006208829 0.027449571 0.053972203 -0.005171495 0.998529017 2.023148775
0.998410642 0.017038120 -0.053720444 -4.878508091 -0.016782632 0.999845564 0.005203490 0.026851958 0.053800810 -0.004293649 0.998542488 2.078295708
0.998468399 0.015136945 -0.053213067 -4.880612850 -0.014897969 0.999877036 0.004884769 0.026744949 0.053280469 -0.004084521 0.998571157 2.117864847
0.998455882 0.019329932 -0.052078046 -4.884532928 -0.019075533 0.999803603 0.005377603 0.027460242 0.052171767 -0.004375883 0.998628497 2.173269749
0.998465240 0.018538242 -0.052186888 -4.887652397 -0.018321151 0.999821424 0.004635217 0.026011566 0.052263498 -0.003671980 0.998626530 2.229659557
0.998393357 0.018165680 -0.053672183 -4.890983105 -0.017929452 0.999827325 0.004879555 0.025425510 0.053751547 -0.003909403 0.998546660 2.268123865
0.998334289 0.015916180 -0.055454593 -4.894865990 -0.015645942 0.999863505 0.005303921 0.024723910 0.055531427 -0.004427447 0.998447061 2.324509382
0.998111784 0.018747516 -0.058491588 -4.898958683 -0.018494606 0.999817193 0.004862246 0.025238197 0.058572035 -0.003771286 0.998276055 2.382152319
0.997862875 0.021858824 -0.061578557 -4.901843071 -0.021578062 0.999753714 0.005220872 0.023600064 0.061677486 -0.003880969 0.998088479 2.423176050
0.997709811 0.022410482 -0.063819058 -4.906752110 -0.022471927 0.999747515 -0.000245075 0.023785910 0.063797444 0.001678650 0.997961342 2.481084347
0.997538269 0.022778787 -0.066322200 -4.911835670 -0.023066793 0.999727547 -0.003579865 0.022568997 0.066222586 0.005100890 0.997791827 2.540348530
0.997372746 0.022400348 -0.068890288 -4.913641453 -0.022780346 0.999729276 -0.004735160 0.021827865 0.068765588 0.006292067 0.997612953 2.579984188
0.997241974 0.022010760 -0.070880421 -4.919553757 -0.022267815 0.999747992 -0.002838326 0.020492930 0.070800096 0.004408850 0.997480810 2.639737129
0.997142076 0.020226911 -0.072791114 -4.924720287 -0.020450335 0.999788105 -0.002325304 0.019189712 0.072728656 0.003807261 0.997344494 2.699841499
0.996995091 0.020192977 -0.074786730 -4.927117825 -0.020293947 0.999793828 -0.000590332 0.019098511 0.074759394 0.002106276 0.997199357 2.740170240
0.996916652 0.018708808 -0.076205283 -4.931395054 -0.018538741 0.999823809 0.002938582 0.018276673 0.076246858 -0.001516771 0.997087777 2.799820900
0.996891260 0.018040994 -0.076695874 -4.937459469 -0.017496591 0.999816775 0.007764294 0.017999735 0.076821893 -0.006398240 0.997024238 2.861964464
0.996898592 0.019470569 -0.076250479 -4.942448139 -0.018771023 0.999774933 0.009880373 0.017054714 0.076425694 -0.008418432 0.997039735 2.921464205
0.997018635 0.020922342 -0.074269563 -4.945207596 -0.020200567 0.999741197 0.010456263 0.016636662 0.074469112 -0.008924800 0.997183383 2.958221436
0.997146964 0.021829046 -0.072259158 -4.950980186 -0.021219853 0.999732614 0.009187719 0.016295319 0.072440401 -0.007628177 0.997343600 3.020568371
0.997306645 0.019083638 -0.070817858 -4.955015659 -0.018610721 0.999799967 0.007331783 0.015516028 0.070943616 -0.005994066 0.997462332 3.081892252
0.997481167 0.014929765 -0.069342047 -4.957574844 -0.014609318 0.999880135 0.005126100 0.015758980 0.069410287 -0.004100148 0.997579753 3.122653961
0.997621596 0.013356529 -0.067620881 -4.962298870 -0.013038067 0.999901712 0.005148699 0.014769791 0.067683019 -0.004254807 0.997697771 3.185760021
0.997675598 0.011031734 -0.067242295 -4.965374470 -0.010554074 0.999916553 0.007454675 0.014273703 0.067318916 -0.006727668 0.997708797 3.248709679
0.997784495 0.008283037 -0.066011697 -4.968861580 -0.007601540 0.999915302 0.010568338 0.013318408 0.066093631 -0.010043132 0.997762978 3.289079189
0.997838199 0.007390203 -0.065301359 -4.973278999 -0.006708802 0.999920845 0.010647815 0.013107758 0.065374881 -0.010186704 0.997808814 3.352289200
0.997915268 0.008630014 -0.063957371 -4.977947235 -0.008161670 0.999938071 0.007580380 0.012489418 0.064018816 -0.007042580 0.997923911 3.413993359
0.997926772 0.011641896 -0.063299268 -4.982170582 -0.011591386 0.999932170 0.001165150 0.012074105 0.063308530 -0.000429008 0.997993886 3.476059914
0.997945130 0.013779507 -0.062575005 -4.984485626 -0.014052564 0.999893546 -0.003925645 0.011097023 0.062514223 0.004796918 0.998032629 3.505244732
0.997905672 0.018649111 -0.061937820 -4.988821507 -0.019300830 0.999764323 -0.009940555 0.010394759 0.061737821 0.011115192 0.998030543 3.565303802
0.997980893 0.018117959 -0.060875326 -4.993296146 -0.018775338 0.999771178 -0.010244111 0.008039471 0.060675781 0.011366382 0.998092890 3.626941681
0.997994781 0.015258974 -0.061429773 -4.995945454 -0.015552897 0.999869764 -0.004309331 0.006807188 0.061356019 0.005256101 0.998102009 3.690355301
0.998017371 0.014214487 -0.061312862 -4.999150276 -0.013942521 0.999890983 0.004861273 0.005866904 0.061375279 -0.003996780 0.998106718 3.717027664
0.997946382 0.013802749 -0.062549733 -5.003582954 -0.013015005 0.999831021 0.012983854 0.004692711 0.062718369 -0.012143105 0.997957289 3.779171944
0.997806728 0.013128800 -0.064879380 -5.007317066 -0.012450494 0.999863625 0.010848210 0.004110500 0.065012947 -0.010016637 0.997834206 3.836215258
0.997711599 0.006277755 -0.067320116 -5.009377480 -0.005830711 0.999959648 0.006835001 0.003964219 0.067360297 -0.006426836 0.997708023 3.872223377
0.997509360 0.004653798 -0.070380010 -5.013092995 -0.004316868 0.999978542 0.004938636 0.003645753 0.070401475 -0.004622515 0.997508049 3.932066441
0.997298837 0.006924921 -0.073124059 -5.018335819 -0.006755098 0.999973893 0.002569462 0.002375813 0.073139936 -0.002068560 0.997319579 3.991367579
0.997061372 0.008990574 -0.076078027 -5.021961212 -0.009022138 0.999959290 -0.000071214 0.001451988 0.076074272 0.000757390 0.997101903 4.022726059
0.996726811 0.009046556 -0.080336183 -5.026958942 -0.009375078 0.999949098 -0.003713075 0.000528511 0.080298506 0.004454079 0.996760964 4.080802441
0.996484339 0.010518881 -0.083116800 -5.032699585 -0.011161926 0.999911189 -0.007275741 -0.000994567 0.083032884 0.008177905 0.996513247 4.138860703
0.996119559 0.016543057 -0.086442709 -5.036143780 -0.017264666 0.999821961 -0.007606829 -0.001672007 0.086301491 0.009069712 0.996227741 4.169612408
0.995763481 0.019369891 -0.089889362 -5.042596817 -0.019993123 0.999781847 -0.006038020 -0.002781054 0.089752816 0.007809607 0.995933354 4.227971077
0.995364845 0.021465996 -0.093744829 -5.049250126 -0.021543460 0.999767780 0.000185726 -0.004476855 0.093727052 0.001834723 0.995596230 4.284290314
0.994936883 0.025467562 -0.097221814 -5.052472591 -0.025098057 0.999672413 0.005021784 -0.003391398 0.097317860 -0.002556279 0.995250046 4.312513351
0.994498432 0.024868952 -0.101756983 -5.059715271 -0.024090838 0.999670446 0.008868730 -0.004451450 0.101944000 -0.006368526 0.994769752 4.367239952
0.993792951 0.024903273 -0.108422086 -5.063678741 -0.024029523 0.999667466 0.009358013 -0.004202262 0.108619072 -0.006694597 0.994060934 4.406855583
0.993177891 0.021006728 -0.114701532 -5.070253849 -0.019580768 0.999716520 0.013544595 -0.005149350 0.114953555 -0.011206248 0.993307650 4.462574005
0.992396116 0.021099575 -0.121263355 -5.077601910 -0.019675601 0.999722898 0.012928304 -0.005056381 0.121502511 -0.010444069 0.992536187 4.517648697
0.991530955 0.027487772 -0.126928717 -5.082238197 -0.026131675 0.999582350 0.012337126 -0.005979016 0.127214834 -0.008915781 0.991835117 4.546513081
0.990751207 0.029518487 -0.132441983 -5.091302872 -0.028670019 0.999554396 0.008309159 -0.005412512 0.132628247 -0.004435195 0.991155863 4.600023270
0.989908218 0.028457902 -0.138823226 -5.096106529 -0.027936175 0.999593437 0.005705680 -0.006363910 0.138929129 -0.001769911 0.990300775 4.636316299
0.989095271 0.029719850 -0.144247368 -5.104403973 -0.029412458 0.999558210 0.004263491 -0.006856861 0.144310325 0.000025670 0.989532590 4.689527512
0.988392532 0.031955771 -0.148522899 -5.113727093 -0.030878535 0.999477506 0.009553820 -0.007086020 0.148750603 -0.004856755 0.988862813 4.742538929
0.987446070 0.033063576 -0.154457226 -5.118657589 -0.031329799 0.999415874 0.013646290 -0.007543392 0.154818192 -0.008635857 0.987905145 4.770999432
0.986544013 0.031969447 -0.160339743 -5.127956390 -0.029798007 0.999428928 0.015929615 -0.008108303 0.160757452 -0.010937463 0.986933231 4.823461056
0.985342503 0.030115673 -0.167908072 -5.133878231 -0.028545134 0.999523461 0.011759842 -0.007733092 0.168182209 -0.006794514 0.985732496 4.860176086
0.983981848 0.028029991 -0.176051036 -5.144075871 -0.027605928 0.999607086 0.004857946 -0.008249210 0.176118016 0.000079921 0.984369159 4.911061764
0.982366204 0.026782991 -0.185038626 -5.150959969 -0.026710624 0.999639034 0.002884312 -0.008407818 0.185049072 0.002109047 0.982727051 4.946820259
0.980295539 0.025815178 -0.195842072 -5.161545753 -0.025182562 0.999666393 0.005719987 -0.008880973 0.195924431 -0.000675472 0.980618834 4.997611523
0.978034675 0.026051922 -0.206807822 -5.173193932 -0.024066513 0.999636948 0.012110709 -0.009339020 0.207048237 -0.006867551 0.978306770 5.048482418
0.975394964 0.028265452 -0.218645096 -5.185388088 -0.024562767 0.999505460 0.019634929 -0.009121947 0.219091937 -0.013781285 0.975606978 5.100283623
0.972790658 0.028736724 -0.229896843 -5.190575600 -0.023940565 0.999434173 0.023624953 -0.009988442 0.230445668 -0.017478274 0.972928166 5.118892670
0.969813168 0.031463660 -0.241810963 -5.203765869 -0.027594270 0.999431431 0.019372510 -0.010301456 0.242283031 -0.012115117 0.970129907 5.170375347
0.966893852 0.030760741 -0.253317833 -5.218729496 -0.029074138 0.999523163 0.010399842 -0.010704204 0.253516972 -0.002690549 0.967327178 5.219723225
0.963632107 0.029224982 -0.265629709 -5.232691765 -0.028814282 0.999570012 0.005443841 -0.010304809 0.265674591 0.002408067 0.964059711 5.268579483
0.960276425 0.027516784 -0.277690589 -5.238439560 -0.025865337 0.999619186 0.009609383 -0.009486452 0.277849227 -0.002045104 0.960622549 5.285108089
0.956840575 0.029347692 -0.289127797 -5.254249573 -0.025444614 0.999527335 0.017249744 -0.010121346 0.289497375 -0.009148510 0.957135141 5.335203171
0.953114688 0.028780026 -0.301237583 -5.265382767 -0.023048883 0.999479711 0.022563014 -0.010136813 0.301730305 -0.014561948 0.953282118 5.369680405
0.949025512 0.026204897 -0.314108104 -5.282099724 -0.020795986 0.999572337 0.020559078 -0.009867519 0.314512581 -0.012978902 0.949164569 5.420380592
0.945320308 0.024040122 -0.325256318 -5.301249504 -0.019909129 0.999673426 0.016023565 -0.009317957 0.325535357 -0.008671829 0.945490122 5.472004414
0.942134798 0.019767044 -0.334650964 -5.317679405 -0.017688759 0.999800742 0.009257131 -0.010111496 0.334767282 -0.002801904 0.942296743 5.520062447
0.939640999 0.016850263 -0.341746777 -5.325256824 -0.016599566 0.999855518 0.003658245 -0.010536766 0.341759086 0.002235412 0.939784884 5.534384727
0.936993062 0.017033210 -0.348932505 -5.344536781 -0.017528443 0.999844909 0.001738250 -0.010930937 0.348907948 0.004487515 0.937146187 5.584957123
0.934078991 0.022562986 -0.356352895 -5.358113289 -0.023492567 0.999722481 0.001719684 -0.011434647 0.356292844 0.006765324 0.934349835 5.615741730
0.931037664 0.022495026 -0.364229113 -5.378066063 -0.022489645 0.999737978 0.004256727 -0.012394529 0.364229441 0.004228211 0.931299686 5.665413380
0.927806973 0.023333728 -0.372330368 -5.390863419 -0.020815179 0.999725163 0.010783029 -0.012272239 0.372479618 -0.002254447 0.928037643 5.696961880
0.925115824 0.025536122 -0.378825277 -5.412429810 -0.019896254 0.999625444 0.018795498 -0.012328103 0.379163265 -0.009850807 0.925277352 5.747344494
0.922386944 0.035622466 -0.384621024 -5.426629543 -0.027922140 0.999282539 0.025588557 -0.012324080 0.385256588 -0.012863112 0.922719836 5.778687954
0.919808626 0.041981626 -0.390114963 -5.448938370 -0.036087729 0.999096870 0.022429049 -0.012057722 0.390704274 -0.006552069 0.920492947 5.827304840
0.917447329 0.039118513 -0.395929247 -5.463003635 -0.036145866 0.999234378 0.014968932 -0.012090124 0.396211714 0.000577997 0.918158948 5.858653069
0.915664434 0.030777624 -0.400763512 -5.484871864 -0.030228203 0.999513507 0.007694703 -0.012396023 0.400805295 0.005068594 0.916149199 5.907629967
0.913746178 0.031928342 -0.405028850 -5.499675751 -0.031890769 0.999467909 0.006842188 -0.011952788 0.405031860 0.006664657 0.914278269 5.940485001
0.911595345 0.039060462 -0.409228832 -5.523204327 -0.037182532 0.999229670 0.012547879 -0.012684546 0.409403712 0.003777573 0.912345529 5.990082264
0.909114182 0.040532354 -0.414570451 -5.546728134 -0.036865413 0.999178231 0.016846772 -0.013029784 0.414912611 -0.000032328 0.909861207 6.039688110
0.906887650 0.037117343 -0.419734508 -5.557249069 -0.034160540 0.999310315 0.014561529 -0.012699775 0.419985473 0.001132686 0.907530069 6.062339783
0.904735744 0.035076447 -0.424526513 -5.581558228 -0.034780413 0.999359310 0.008449143 -0.013256304 0.424550861 0.007120965 0.905376077 6.111289024
0.902665734 0.032722149 -0.429096639 -5.596481323 -0.035354689 0.999373078 0.001836823 -0.013285892 0.428887725 0.013512533 0.903256774 6.141876221
0.900290847 0.033811674 -0.433973759 -5.621085167 -0.037284721 0.999304533 0.000509400 -0.013808965 0.433689177 0.015721982 0.900925398 6.191407204
0.898218274 0.036681790 -0.438016504 -5.645973206 -0.038328238 0.999252200 0.005084842 -0.014892802 0.437875569 0.012221104 0.898952603 6.241150856
0.896303713 0.038268041 -0.441786438 -5.657666206 -0.039203770 0.999206603 0.007015134 -0.014732949 0.441704422 0.011032003 0.897092760 6.262442589
0.893862367 0.039090931 -0.446634114 -5.682391167 -0.039856426 0.999175906 0.007685367 -0.015382953 0.446566433 0.010931584 0.894683599 6.311323643
0.891786516 0.037286200 -0.450917453 -5.708003998 -0.038164649 0.999245942 0.007148428 -0.016129691 0.450843930 0.010834235 0.892537057 6.360219002
0.889889419 0.035521667 -0.454791248 -5.719344616 -0.036628552 0.999308586 0.006380394 -0.016087942 0.454703420 0.010980498 0.890575171 6.381047726
0.887855470 0.035005149 -0.458789110 -5.745156765 -0.035958603 0.999331057 0.006660350 -0.016253345 0.458715349 0.010583985 0.888520300 6.429043293
