0.999091268 0.001924545 -0.042579088 -0.003977662 -0.002053835 0.999993384 -0.002992958 -0.000775206 0.042573053 0.003077689 0.999088585 0.043059319
0.998544633 0.002073354 -0.053892132 -0.007427661 -0.002360847 0.999983311 -0.005271487 0.000404344 0.053880300 0.005391046 0.998532832 0.052242789
0.997371137 0.001599106 -0.072444879 -0.007986056 -0.001900300 0.999989808 -0.004088826 -0.000616900 0.072437607 0.004215745 0.997364044 0.065972418
0.995828569 0.000205251 -0.091243319 -0.010258444 -0.000557419 0.999992430 -0.003834198 -0.001002180 0.091241859 0.003869066 0.995821238 0.078523509
0.993955553 -0.000956647 -0.109778605 -0.012979044 0.000459057 0.999989510 -0.004557847 -0.000707661 0.109781809 0.004479903 0.993945539 0.086236686
0.991188586 -0.001365346 -0.132451966 -0.016709190 0.000755182 0.999988854 -0.004656808 -0.001308524 0.132456839 0.004515749 0.991178513 0.102673970
0.987699986 0.002265019 -0.156344578 -0.021100732 -0.003195182 0.999978662 -0.005698379 -0.001981549 0.156328306 0.006127839 0.987686157 0.115387022
0.983049870 0.006389962 -0.183227301 -0.024924096 -0.007876299 0.999941707 -0.007385387 -0.002303372 0.183169410 0.008703356 0.983042836 0.130313635
0.977689445 0.009478046 -0.209841281 -0.033452123 -0.011456535 0.999900639 -0.008214930 -0.002988794 0.209742576 0.010435706 0.977700889 0.150824994
0.971087575 0.010160503 -0.238506943 -0.040308703 -0.012414792 0.999891281 -0.007951348 -0.003482681 0.238400236 0.010682469 0.971108258 0.166251644
0.962886572 0.012078035 -0.269636244 -0.046596482 -0.014709404 0.999861896 -0.007740507 -0.003740625 0.269505441 0.011419417 0.962931156 0.181295753
0.953243613 0.014013378 -0.301877707 -0.054211572 -0.016810903 0.999836504 -0.006670921 -0.003983838 0.301734805 0.011433850 0.953323305 0.197303638
0.941935956 0.015929820 -0.335414469 -0.063258901 -0.018887011 0.999806166 -0.005556185 -0.004232923 0.335260987 0.011568551 0.942054212 0.214479074
0.929450274 0.017946292 -0.368510723 -0.072962061 -0.021428073 0.999756038 -0.005357828 -0.004037581 0.368324697 0.012876309 0.929608047 0.230664834
0.915419519 0.021029452 -0.401951313 -0.082852088 -0.024825854 0.999682784 -0.004237537 -0.004654486 0.401734680 0.013857909 0.915651202 0.245991170
0.899472177 0.022050899 -0.436421037 -0.093940973 -0.026153268 0.999652147 -0.003393303 -0.004938711 0.436194390 0.014466018 0.899736106 0.261852264
0.880877972 0.017118376 -0.473033905 -0.104585178 -0.021831805 0.999751568 -0.004475432 -0.004415947 0.472839743 0.014269493 0.881032825 0.277374566
0.859762847 0.012106258 -0.510549903 -0.116556510 -0.016904442 0.999845684 -0.004758438 -0.004945895 0.510413468 0.012721689 0.859834909 0.292676836
0.834620774 0.013842628 -0.550651073 -0.131360441 -0.017713750 0.999841571 -0.001714016 -0.005117327 0.550540149 0.011184649 0.834733784 0.309461355
0.805428386 0.019520082 -0.592371702 -0.146754622 -0.022364832 0.999746680 0.002535350 -0.005804637 0.592271090 0.011206253 0.805660784 0.323953569
0.772967637 0.022487748 -0.634046733 -0.165087223 -0.025678603 0.999661744 0.004150178 -0.005961908 0.633925498 0.013073483 0.773283601 0.339479238
0.736854315 0.021608697 -0.675706089 -0.182871431 -0.024939718 0.999677539 0.004772478 -0.005906708 0.675591409 0.013335301 0.737155557 0.353782713
0.697087586 0.017813163 -0.716764688 -0.203144506 -0.019112820 0.999797761 0.006259032 -0.006350164 0.716731191 0.009336302 0.697287023 0.368958622
0.654077291 0.014534796 -0.756288111 -0.223853499 -0.014008518 0.999876678 0.007100934 -0.006306360 0.756297886 0.005949915 0.654200256 0.383495003
0.609502256 0.013388236 -0.792671204 -0.247846678 -0.010956096 0.999904156 0.008464021 -0.005882395 0.792708516 0.003525740 0.609590590 0.397142678
0.560884356 0.013868736 -0.827777982 -0.271900535 -0.007711849 0.999903917 0.011527183 -0.006225259 0.827858269 -0.000081719 0.560937405 0.409968257
0.510798633 0.014830588 -0.859572470 -0.299540341 -0.006610515 0.999889314 0.013323260 -0.005762696 0.859674990 -0.001123285 0.510840178 0.420547247
0.459323704 0.015902089 -0.888126612 -0.327606916 -0.005768266 0.999872029 0.014919667 -0.005164427 0.888250232 -0.001730006 0.459356666 0.429338276
0.403768092 0.018397328 -0.914676428 -0.358231783 -0.004305213 0.999824882 0.018209502 -0.005194228 0.914851308 -0.003414539 0.403776526 0.439109683
0.348425567 0.020241784 -0.937117875 -0.389972866 -0.003963567 0.999789655 0.020121824 -0.004639238 0.937328100 -0.003296627 0.348432541 0.446929723
0.292987436 0.023369767 -0.955830634 -0.425139487 -0.001329841 0.999710262 0.024034979 -0.004526821 0.956115365 -0.005770844 0.292933613 0.453970432
0.238014340 0.024829729 -0.970944226 -0.461705208 0.003076877 0.999648929 0.026318045 -0.003680567 0.971256793 -0.009251547 0.237854347 0.461002290
0.187876746 0.025682529 -0.981856704 -0.498769730 0.005697551 0.999612749 0.027237190 -0.004019767 0.982176125 -0.010711414 0.187657654 0.463970393
0.140773907 0.027552878 -0.989658237 -0.539834499 0.003753421 0.999590635 0.028363306 -0.004174430 0.990034759 -0.007707418 0.140612885 0.465709180
0.098021016 0.027131513 -0.994814396 -0.580170035 0.001811298 0.999621809 0.027441094 -0.002555275 0.995182693 -0.004491710 0.097934805 0.466154546
0.060471464 0.025031488 -0.997856081 -0.623665631 0.000051400 0.999685407 0.025080498 -0.001205061 0.998169899 -0.001567944 0.060451154 0.465545416
0.025357896 0.022702310 -0.999420643 -0.668108106 0.001630027 0.999739826 0.022750914 -0.000620820 0.999677122 -0.002205999 0.025314303 0.464746565
-0.005900374 0.019645618 -0.999789596 -0.714528024 0.002210626 0.999804854 0.019632868 0.000088939 0.999980211 -0.002094320 -0.005942648 0.462516427
-0.032635797 0.017962934 -0.999305904 -0.762291968 0.001206990 0.999838471 0.017933091 0.000577830 0.999466598 -0.000620892 -0.032652207 0.458831757
-0.052977763 0.015380735 -0.998477280 -0.812167048 0.000754840 0.999881625 0.015362321 0.001953614 0.998595476 0.000060171 -0.052983113 0.454076201
-0.069660753 0.014512865 -0.997465134 -0.862804830 0.001488072 0.999894559 0.014444289 0.002744516 0.997569621 -0.000478100 -0.069675006 0.449184895
-0.082801200 0.015104016 -0.996451676 -0.915230155 0.002479305 0.999885201 0.014950042 0.003220012 0.996563077 -0.001232627 -0.082829148 0.444245964
-0.092317224 0.015923165 -0.995602310 -0.969349027 0.001354540 0.999873161 0.015865874 0.003872083 0.995728850 0.000116110 -0.092327081 0.438035548
-0.098745927 0.017397685 -0.994960606 -1.025688767 -0.000533118 0.999846041 0.017536022 0.003668244 0.995112538 0.002262043 -0.098721460 0.431164086
-0.103580840 0.018572763 -0.994447589 -1.081396103 -0.000087171 0.999825478 0.018682284 0.003834642 0.994621038 0.002021813 -0.103561141 0.425242335
-0.104668513 0.019551551 -0.994314969 -1.140316010 0.001445691 0.999808729 0.019507388 0.004630223 0.994506121 0.000604337 -0.104676753 0.418408573
-0.103871018 0.021377932 -0.994360983 -1.199582815 0.004212280 0.999769390 0.021054192 0.005543375 0.994581819 -0.002001606 -0.103937127 0.412634671
-0.102050044 0.023828108 -0.994493842 -1.262451172 0.003909495 0.999714911 0.023552030 0.005802475 0.994771540 -0.001484482 -0.102114104 0.405945420
-0.100512460 0.023894778 -0.994648755 -1.324277997 0.001385266 0.999713898 0.023876471 0.006556626 0.994934976 0.001022030 -0.100516781 0.398751110
-0.098837249 0.021232488 -0.994877040 -1.389889240 -0.000767211 0.999770343 0.021413144 0.007390978 0.995103359 0.002879697 -0.098798275 0.392107308
-0.097207390 0.020768974 -0.995047390 -1.459259629 -0.001228002 0.999778986 0.020987699 0.008945597 0.995263457 0.003262080 -0.097160392 0.383837283
-0.096151866 0.023755884 -0.995083153 -1.520692825 -0.000474330 0.999713898 0.023912266 0.009753572 0.995366573 0.002771206 -0.096113093 0.379624277
-0.093837954 0.027020412 -0.995220780 -1.592923164 -0.001438741 0.999626935 0.027275695 0.011283899 0.995586455 0.003991361 -0.093764067 0.371434808
-0.092649870 0.029787280 -0.995253026 -1.664858341 -0.001833076 0.999545634 0.030086394 0.011154000 0.995697081 0.004611875 -0.092553161 0.365961283
-0.090447351 0.028776959 -0.995485365 -1.730838418 -0.003720019 0.999565721 0.029232899 0.012612272 0.995894253 0.006347262 -0.090301022 0.358728349
-0.088334575 0.025670569 -0.995760024 -1.805157185 -0.006167646 0.999634683 0.026317593 0.014047284 0.996071696 0.008466249 -0.088143967 0.352002233
-0.086574517 0.025106845 -0.995928943 -1.883415580 -0.006906475 0.999643266 0.025800847 0.015463192 0.996221423 0.009112054 -0.086370230 0.343915880
-0.085977621 0.027304927 -0.995922804 -1.949362874 -0.004512487 0.999603450 0.027795399 0.016812474 0.996286988 0.006883870 -0.085820325 0.339010596
-0.084627889 0.029131865 -0.995986700 -2.026668072 -0.002347891 0.999563932 0.029435994 0.018255442 0.996409893 0.004829574 -0.084522590 0.332217664
-0.082942002 0.031201566 -0.996065855 -2.105877399 -0.001449724 0.999504864 0.031430013 0.019128807 0.996553302 0.004050889 -0.082855709 0.324702442
-0.082803369 0.026581805 -0.996211290 -2.172966719 -0.001452436 0.999639869 0.026794018 0.020024102 0.996564865 0.003665567 -0.082734950 0.319593132
-0.082393907 0.019445317 -0.996410131 -2.252397776 -0.000171388 0.999809265 0.019525826 0.020875115 0.996599853 0.001779582 -0.082374871 0.312662393
-0.082330272 0.014831478 -0.996494770 -2.333359718 0.002782342 0.999888778 0.014652118 0.021999137 0.996601224 -0.001566277 -0.082362406 0.305344373
-0.083399072 0.015679978 -0.996392846 -2.402577639 0.004569459 0.999871731 0.015352256 0.022724282 0.996505737 -0.003272613 -0.083460025 0.300438613
-0.083379693 0.023513291 -0.996240437 -2.486050129 0.004018168 0.999721467 0.023259150 0.022694070 0.996509731 -0.002063721 -0.083450958 0.292768657
-0.083624721 0.029978003 -0.996046305 -2.583622217 0.002638216 0.999550521 0.029861972 0.024668135 0.996493876 -0.000130588 -0.083666213 0.283832192
-0.084220476 0.035800036 -0.995803833 -2.637532949 0.000896007 0.999356687 0.035851978 0.024809554 0.996446729 0.002127224 -0.084198393 0.279752672
-0.084307313 0.036074292 -0.995786548 -2.719734192 -0.001183186 0.999340057 0.036303196 0.025630943 0.996439099 0.004238827 -0.084209010 0.271684468
-0.084905013 0.032179095 -0.995869279 -2.804057837 0.000050368 0.999478519 0.032291424 0.028095223 0.996389031 0.002691543 -0.084862359 0.263981998
-0.085160062 0.030004289 -0.995915413 -2.873134613 -0.000822289 0.999543965 0.030183922 0.027920321 0.996366918 0.003389395 -0.085096575 0.257433772
-0.085482344 0.031447917 -0.995843232 -2.956406832 -0.001839934 0.999495029 0.031721175 0.029080212 0.996337950 0.004543887 -0.085381299 0.249828786
-0.084776253 0.033620607 -0.995832682 -3.039724350 -0.003336355 0.999415398 0.034025595 0.030520186 0.996394455 0.006207013 -0.084614515 0.240501136
-0.085140064 0.032169003 -0.995849490 -3.106031895 -0.004057547 0.999459207 0.032632504 0.031044982 0.996360660 0.006819041 -0.084963493 0.236528516
-0.084862553 0.027176052 -0.996021986 -3.186764717 -0.004546500 0.999607027 0.027661240 0.031929035 0.996382236 0.006875818 -0.084705643 0.228923589
-0.084569141 0.022483803 -0.996163964 -3.270366430 -0.005028205 0.999723077 0.022991003 0.033920735 0.996404946 0.006953246 -0.084432676 0.220432281
-0.083769023 0.023399767 -0.996210396 -3.337923050 -0.005929376 0.999694824 0.023980200 0.034058399 0.996467650 0.007915703 -0.083604693 0.214901745
-0.083518475 0.026085990 -0.996164739 -3.419343710 -0.005367683 0.999631047 0.026626788 0.034090988 0.996491730 0.007570926 -0.083347648 0.208056867
-0.083424985 0.030720174 -0.996040463 -3.500575781 -0.005007527 0.999499142 0.031246262 0.035907760 0.996501446 0.007594419 -0.083229356 0.201884776
-0.082333811 0.036370866 -0.995940864 -3.571407080 -0.004126726 0.999312818 0.036835168 0.036716551 0.996596277 0.007142754 -0.082127146 0.195471466
-0.082325451 0.039443791 -0.995824575 -3.653052330 -0.004693192 0.999189973 0.039965093 0.038025685 0.996594429 0.007963740 -0.082073659 0.187189788
-0.082294226 0.039142828 -0.995839000 -3.734706402 -0.004621387 0.999202669 0.039656948 0.040092878 0.996597350 0.007865695 -0.082047716 0.180483967
-0.082148902 0.034928739 -0.996007740 -3.814927340 -0.004076391 0.999365568 0.035382707 0.040948890 0.996611774 0.006966768 -0.081954405 0.173695564
-0.082019210 0.030318154 -0.996169508 -3.879627228 -0.004341370 0.999516785 0.030777480 0.043191627 0.996621311 0.006849084 -0.081847973 0.169204652
-0.081663400 0.027953308 -0.996267855 -3.960918188 -0.008306618 0.999552906 0.028726365 0.043554381 0.996625364 0.010621510 -0.081394687 0.160590619
-0.081905656 0.026472352 -0.996288419 -4.041541100 -0.011890218 0.999550104 0.027536519 0.044052176 0.996569276 0.014101483 -0.081554048 0.152117252
-0.082363643 0.024316210 -0.996305645 -4.121191025 -0.009712961 0.999635220 0.025200430 0.045211818 0.996555090 0.011752674 -0.082097404 0.144597262
-0.084211029 0.020248752 -0.996242106 -4.185227394 -0.006031417 0.999764800 0.020830180 0.046053648 0.996429622 0.007762882 -0.084069081 0.141559482
-0.084371351 0.019064959 -0.996252000 -4.266258717 -0.001882487 0.999812126 0.019292515 0.046256371 0.996432543 0.003503167 -0.084319606 0.133012116
-0.086446591 0.022605099 -0.995999932 -4.346635342 -0.001273400 0.999739230 0.022800488 0.046616908 0.996255636 0.003239329 -0.086395249 0.125519305
-0.088425040 0.028658310 -0.995670557 -4.428881645 0.001243316 0.999588490 0.028660666 0.047593415 0.996082127 0.001296385 -0.088424273 0.118698806
-0.090751447 0.032646067 -0.995338261 -4.488308430 0.003438713 0.999466836 0.032467946 0.047949910 0.995867610 -0.000476170 -0.090815313 0.115052581
-0.092417128 0.031448040 -0.995223582 -4.568795204 0.002767935 0.999505401 0.031326301 0.048833296 0.995716512 0.000140371 -0.092458464 0.106990248
-0.093024559 0.028224159 -0.995263636 -4.646446705 -0.000568708 0.999596477 0.028400186 0.048600301 0.995663643 0.003207928 -0.092970975 0.098435253
-0.094382405 0.024305267 -0.995239258 -4.726691723 -0.004757953 0.999679446 0.024864923 0.049977012 0.995524645 0.007082112 -0.094236493 0.089789391
-0.095731780 0.022680039 -0.995148778 -4.784494877 -0.009350223 0.999675810 0.023682689 0.050727688 0.995363235 0.011572048 -0.095488675 0.084005237
-0.096520483 0.023430608 -0.995055139 -4.862645626 -0.011325896 0.999632299 0.024636999 0.050749466 0.995266616 0.013647866 -0.096219607 0.074343175
-0.097572275 0.025055407 -0.994912922 -4.942466736 -0.010985766 0.999594986 0.026250703 0.051782027 0.995167851 0.013491220 -0.097257487 0.065760076
-0.098860301 0.024569634 -0.994797945 -5.003854275 -0.012483843 0.999585867 0.025928497 0.052512512 0.995023012 0.014982201 -0.098512664 0.060842603
-0.099680185 0.024569305 -0.994716108 -5.080260277 -0.012575551 0.999584138 0.025949735 0.053111292 0.994940102 0.015095777 -0.099329762 0.052626371
-0.099781141 0.026532292 -0.994655609 -5.157830715 -0.010847808 0.999556005 0.027751233 0.053625412 0.994950294 0.013558881 -0.099449024 0.043704927
-0.101261638 0.028069781 -0.994463801 -5.232215881 -0.008680633 0.999539018 0.029096942 0.057166018 0.994821966 0.011578976 -0.100971289 0.039261639
-0.101161115 0.032817855 -0.994328618 -5.288067341 -0.010542776 0.999364316 0.034056656 0.056889139 0.994814157 0.013928191 -0.100750804 0.033445656
-0.100891963 0.036039636 -0.994244456 -5.362776756 -0.011113908 0.999240577 0.037348524 0.054832220 0.994835317 0.014818104 -0.100414790 0.023753166
-0.102053329 0.035600998 -0.994141638 -5.440928936 -0.010750418 0.999261618 0.036887929 0.056298792 0.994720817 0.014451972 -0.101595238 0.015942454
-0.102342516 0.032586109 -0.994215369 -5.516489983 -0.009687122 0.999383330 0.033752672 0.060012162 0.994702041 0.013085417 -0.101963736 0.007715285
-0.102482714 0.030126153 -0.994278491 -5.561293125 -0.009118983 0.999470830 0.031223388 0.058098115 0.994692981 0.012266664 -0.102153756 0.003014326
-0.103004262 0.026877655 -0.994317830 -5.629426003 -0.009386151 0.999564111 0.027991807 0.059819371 0.994636655 0.012216092 -0.102707081 -0.001928329
-0.101533316 0.024626823 -0.994527280 -5.700161934 -0.010119237 0.999616265 0.025785929 0.060173810 0.994780660 0.012681988 -0.101245150 -0.011307955
-0.099605717 0.023554064 -0.994748175 -5.767294884 -0.012475022 0.999611676 0.024918366 0.061205089 0.994948745 0.014891518 -0.099273197 -0.018321276
-0.095552601 0.024602983 -0.995120347 -5.833336353 -0.012824547 0.999581099 0.025944699 0.061369389 0.995341718 0.015241051 -0.095197037 -0.024365604
-0.089651272 0.026012972 -0.995633543 -5.900430202 -0.012016837 0.999557853 0.027197557 0.062393971 0.995900750 0.014402661 -0.089299053 -0.030243427
-0.083239272 0.027118850 -0.996160626 -5.931929588 -0.011136799 0.999541938 0.028141497 0.062982731 0.996467352 0.013436519 -0.082899116 -0.029424727
-0.074630462 0.028350214 -0.996808171 -5.993570805 -0.011768683 0.999501109 0.029307920 0.062868729 0.997141778 0.013918386 -0.074259594 -0.034440041
-0.062867261 0.030083578 -0.997568369 -6.054461002 -0.014436189 0.999413669 0.031049002 0.063591085 0.997917473 0.016353054 -0.062396109 -0.039040029
-0.047850896 0.031794209 -0.998348296 -6.112341404 -0.017147185 0.999319911 0.032647017 0.063067228 0.998707235 0.018681055 -0.047273166 -0.041753054
-0.030185986 0.032554168 -0.999014020 -6.168570995 -0.018466430 0.999280691 0.033120841 0.065117598 0.999373674 0.019448008 -0.029563125 -0.042287126
-0.007823661 0.033049863 -0.999423146 -6.223260880 -0.018917540 0.999269962 0.033192895 0.065878183 0.999790430 0.019166315 -0.007192738 -0.042886727
0.017651871 0.033495381 -0.999282897 -6.251479149 -0.019726472 0.999255955 0.033146016 0.067172781 0.999649584 0.019127239 0.018299483 -0.036564983
0.047329932 0.033078264 -0.998331428 -6.301360607 -0.018326698 0.999312103 0.032241918 0.067491353 0.998711228 0.016770111 0.047903590 -0.032793313
0.081093714 0.033144373 -0.996155202 -6.348736763 -0.017083619 0.999346375 0.031859834 0.067781329 0.996560097 0.014434303 0.081606932 -0.027236342
0.118439637 0.032956526 -0.992414176 -6.396352768 -0.016507063 0.999376237 0.031217698 0.069215924 0.992824018 0.012684427 0.118909776 -0.017439783
0.160481527 0.033329964 -0.986475885 -6.437966824 -0.015717648 0.999389291 0.031209297 0.068426490 0.986913741 0.010496562 0.160907403 -0.012430668
0.205536097 0.033707608 -0.978068769 -6.481960773 -0.014830163 0.999399245 0.031326249 0.069722325 0.978537142 0.008066244 0.205912501 0.000094771
0.253321737 0.032690205 -0.966829598 -6.499945164 -0.011504479 0.999459982 0.030779164 0.069152065 0.967313707 0.003325839 0.253561020 0.010667562
0.303452939 0.028111128 -0.952431798 -6.539205074 -0.003288947 0.999589503 0.028455116 0.068704091 0.952840865 -0.005502289 0.303420842 0.027623296
0.354623795 0.022148173 -0.934746683 -6.579131603 0.002121055 0.999697864 0.024491820 0.069755271 0.935006797 -0.010668035 0.354469657 0.047205210
0.406310618 0.017534770 -0.913566768 -6.615860939 0.007204824 0.999723315 0.022392794 0.070130393 0.913706601 -0.015680520 0.406071901 0.069075823
0.457466155 0.016642503 -0.889071286 -6.638666153 0.006990011 0.999726593 0.022310527 0.071081072 0.889199615 -0.016420925 0.457224786 0.083464622
0.505863190 0.015536682 -0.862473726 -6.674686432 0.008154518 0.999706864 0.022791648 0.071859062 0.862575233 -0.018562512 0.505588293 0.108197927
0.551850021 0.010751353 -0.833874047 -6.711310387 0.016066287 0.999594212 0.023520537 0.072798282 0.833788633 -0.026377069 0.551453352 0.135844707
0.594537377 0.005801742 -0.804047048 -6.730721951 0.025911147 0.999316394 0.026370248 0.071279399 0.803650379 -0.036511879 0.593980610 0.158138514
0.637007058 0.000498416 -0.770857871 -6.762016296 0.027674343 0.999340355 0.023515150 0.071642004 0.770361066 -0.036312297 0.636573076 0.189135790
0.678565741 -0.003584087 -0.734530866 -6.785288811 0.023993585 0.999562621 0.017288184 0.071476623 0.734147727 -0.029355206 0.678354859 0.213920355
0.719872296 -0.010597239 -0.694025636 -6.814592361 0.020008994 0.999784648 0.005488209 0.072670624 0.693818212 -0.017837569 0.719929218 0.247204542
0.758800209 -0.012403700 -0.651205361 -6.835284710 0.015285495 0.999882400 -0.001234027 0.071466893 0.651144087 -0.009017616 0.758900583 0.277089596
0.796142697 -0.013441890 -0.604959607 -6.861605644 0.013815186 0.999896407 -0.004036035 0.071702957 0.604951143 -0.005144370 0.796245933 0.316904545
0.830542088 -0.014511739 -0.556766808 -6.882589817 0.013915230 0.999889016 -0.005303745 0.071168415 0.556782067 -0.003342556 0.830651760 0.352676868
0.861858010 -0.013364334 -0.506973565 -6.907879353 0.011207202 0.999910474 -0.007306340 0.070986383 0.507025778 0.000615273 0.861930549 0.399509668
0.887864947 -0.011626914 -0.459957153 -6.924198151 0.010158030 0.999932289 -0.005668283 0.069839917 0.459991962 0.000360411 0.887922883 0.438071012
0.909402072 -0.005468532 -0.415881991 -6.946309090 0.004038744 0.999982536 -0.004317555 0.069097318 0.415898412 0.002246753 0.909408212 0.491398811
0.927345037 -0.000890288 -0.374206364 -6.961867332 -0.001430562 0.999981403 -0.005924261 0.068754308 0.374204606 0.006029161 0.927326500 0.532873392
0.941140652 0.003893388 -0.337992668 -6.981390953 -0.005698984 0.999974310 -0.004349971 0.068040133 0.337966949 0.006020150 0.941138625 0.589879751
0.951464236 0.004676260 -0.307723850 -6.995469093 -0.005641719 0.999981582 -0.002247859 0.067436472 0.307707608 0.003874849 0.951473057 0.637064219
0.958837152 0.004658169 -0.283918440 -7.011442661 -0.005122090 0.999986470 -0.000891607 0.066675939 0.283910453 0.002309162 0.958848059 0.698758960
0.964991689 0.004720531 -0.262237668 -7.025569439 -0.004547818 0.999988854 0.001265536 0.066343963 0.262240767 -0.000028622 0.965002418 0.750154972
0.969861925 0.006759293 -0.243561432 -7.042758942 -0.005963815 0.999974132 0.004003266 0.065997586 0.243582219 -0.002430059 0.969877243 0.816242099
0.973282933 0.012078002 -0.229291245 -7.057403564 -0.011064873 0.999922514 0.005703731 0.065326244 0.229342401 -0.003014266 0.973341167 0.883318305
0.976441681 0.015864318 -0.215197101 -7.069219589 -0.014761213 0.999868333 0.006732279 0.065170437 0.215275556 -0.003397107 0.976547420 0.932919383
0.979200184 0.013885212 -0.202420637 -7.082221508 -0.012713088 0.999894023 0.007089614 0.064144552 0.202497616 -0.004368760 0.979273021 1.002512932
0.981985986 0.014651478 -0.188384861 -7.094681263 -0.013710909 0.999886215 0.006295040 0.064491704 0.188455641 -0.003598714 0.982075036 1.063256979
0.984649718 0.015855812 -0.173820212 -7.107615948 -0.014935444 0.999866664 0.006601741 0.064439379 0.173901707 -0.003904320 0.984755278 1.137968302
0.986990511 0.017042181 -0.159872666 -7.117274284 -0.016123451 0.999845207 0.007042160 0.064402923 0.159967929 -0.004372845 0.987112522 1.199747086
0.989003539 0.017250925 -0.146882102 -7.129005909 -0.016780011 0.999849379 0.004444622 0.063564740 0.146936670 -0.001931063 0.989143968 1.276204705
0.990522921 0.017769132 -0.136193469 -7.139096260 -0.018023586 0.999837279 -0.000635374 0.061999239 0.136160016 0.003084047 0.990681946 1.355766654
0.991833925 0.015587523 -0.126579940 -7.146874428 -0.016587893 0.999838948 -0.006852790 0.061729506 0.126452729 0.008896527 0.991932750 1.413027644
0.992786229 0.016072338 -0.118815616 -7.156988621 -0.017020116 0.999830902 -0.006966427 0.060435519 0.118683569 0.008938429 0.992891908 1.496348381
0.993591905 0.017808547 -0.111615114 -7.164820194 -0.018032094 0.999836862 -0.000993579 0.060162913 0.111579232 0.002999867 0.993750989 1.562031031
0.994045854 0.021913989 -0.106736578 -7.174390793 -0.021284334 0.999748707 0.007034868 0.058886662 0.106863931 -0.004721165 0.994262457 1.645743847
0.994464099 0.022933196 -0.102542743 -7.181738853 -0.021924334 0.999699533 0.010954868 0.057991989 0.102763169 -0.008646043 0.994668245 1.712420702
0.994867623 0.021883041 -0.098790243 -7.190824032 -0.020945720 0.999725282 0.010515292 0.056526825 0.098993205 -0.008392092 0.995052695 1.796412706
0.995175838 0.021845203 -0.095643774 -7.197159290 -0.021089761 0.999737978 0.008902386 0.056747675 0.095813170 -0.006842335 0.995375752 1.860723734
0.995419741 0.020562408 -0.093364440 -7.204678535 -0.019616203 0.999746680 0.011041114 0.056259997 0.093567811 -0.009159085 0.995570779 1.945402503
0.995720148 0.018420018 -0.090565421 -7.212535858 -0.017306024 0.999764800 0.013070406 0.056256175 0.090784878 -0.011447137 0.995804727 2.028600693
0.996006489 0.016445173 -0.087752633 -7.217048168 -0.015169169 0.999769568 0.015188055 0.055498868 0.087982170 -0.013796269 0.996026516 2.085286379
0.996255994 0.015703458 -0.085013762 -7.224783897 -0.014775744 0.999824286 0.011530820 0.054574098 0.085179895 -0.010231507 0.996313095 2.167994499
0.996338725 0.017745079 -0.083632521 -7.232204914 -0.017464258 0.999839127 0.004088243 0.054408237 0.083691597 -0.002612695 0.996488273 2.251074314
0.996476233 0.018899258 -0.081717826 -7.237398624 -0.019239513 0.999809325 -0.003378321 0.053182703 0.081638396 0.004938628 0.996649802 2.305466890
0.996560097 0.019916261 -0.080444030 -7.243910789 -0.020569764 0.999761701 -0.007303121 0.051802032 0.080279410 0.008932713 0.996732295 2.386786699
0.996706605 0.020888736 -0.078354940 -7.250814915 -0.021381624 0.999756515 -0.005456658 0.049630068 0.078221872 0.007114042 0.996910572 2.468986750
0.996828258 0.024026303 -0.075868741 -7.256220341 -0.024220267 0.999705315 -0.001637354 0.049126942 0.075807020 0.003469720 0.997116446 2.523977280
0.996910989 0.027574465 -0.073539302 -7.263471127 -0.027400851 0.999618888 0.003368826 0.047770597 0.073604159 -0.001343380 0.997286618 2.606774330
0.997132540 0.025544589 -0.071235195 -7.269816875 -0.025210096 0.999666631 0.005590865 0.045608729 0.071354255 -0.003778986 0.997443855 2.688819885
0.997308552 0.021966245 -0.069951229 -7.273108482 -0.021681532 0.999753296 0.004826863 0.046101317 0.070039995 -0.003297222 0.997538745 2.742064238
0.997430801 0.020477250 -0.068648510 -7.278874397 -0.020168709 0.999783158 0.005184705 0.044253834 0.068739794 -0.003786833 0.997627497 2.823181629
0.997486830 0.019617967 -0.068081021 -7.284570217 -0.019463141 0.999806285 0.002936763 0.043724738 0.068125449 -0.001604312 0.997675419 2.905316830
0.997578502 0.017728128 -0.067251794 -7.287938595 -0.017650632 0.999842644 0.001746433 0.043428775 0.067272164 -0.000555167 0.997734427 2.958687782
0.997630537 0.016885191 -0.066693425 -7.293577194 -0.016806232 0.999857247 0.001744870 0.042576551 0.066713363 -0.000619871 0.997771919 3.040541410
0.997658610 0.019992175 -0.065402351 -7.300949097 -0.019868881 0.999799430 0.002535159 0.041687705 0.065439910 -0.001229752 0.997855723 3.125493765
0.997623086 0.020765318 -0.065703414 -7.303102016 -0.020675650 0.999784112 0.002044535 0.040738244 0.065731682 -0.000681214 0.997837126 3.178019285
0.997523487 0.019715706 -0.067514315 -7.308863640 -0.019633010 0.999805510 0.001888313 0.039738219 0.067538396 -0.000558127 0.997716606 3.262468815
0.997445881 0.017286260 -0.069304176 -7.315989494 -0.017151954 0.999849617 0.002532578 0.038647085 0.069337532 -0.001337408 0.997592390 3.349694014
0.997195780 0.020312216 -0.072027713 -7.320914745 -0.020206977 0.999793410 0.002189524 0.038271099 0.072057314 -0.000727922 0.997400165 3.401713133
0.996885061 0.023189710 -0.075382359 -7.327792645 -0.023084693 0.999731004 0.002264350 0.036441788 0.075414583 -0.000517118 0.997152090 3.487176895
0.996723831 0.024602903 -0.077047110 -7.337503910 -0.024892168 0.999686241 -0.002796079 0.036115967 0.076954156 0.004704788 0.997023523 3.573336363
0.996477544 0.024388378 -0.080234826 -7.340383530 -0.024979131 0.999667645 -0.006367177 0.035123877 0.080052860 0.008348945 0.996755660 3.627568245
0.996362090 0.023345931 -0.081960894 -7.348582268 -0.024114206 0.999673963 -0.008396203 0.034343794 0.081738174 0.010342080 0.996600151 3.714929104
0.996190131 0.023624778 -0.083945483 -7.357590199 -0.024262127 0.999683917 -0.006580240 0.032181725 0.083763480 0.008591865 0.996448576 3.802725315
0.996007264 0.022662343 -0.086347975 -7.361746788 -0.023235029 0.999714136 -0.005632908 0.030748656 0.086195618 0.007616714 0.996249139 3.858834505
0.995859325 0.022111699 -0.088178255 -7.370184898 -0.022543881 0.999738097 -0.003908240 0.029154941 0.088068746 0.005879936 0.996097088 3.949200869
0.995753586 0.021212691 -0.089580752 -7.378538132 -0.021341149 0.999772072 -0.000476256 0.027883144 0.089550234 0.002385990 0.995979428 4.040389538
0.995698869 0.020394817 -0.090376005 -7.383383274 -0.020076035 0.999788582 0.004435033 0.027501414 0.090447351 -0.002601565 0.995897830 4.096738815
0.995759606 0.019749224 -0.089849584 -7.392038345 -0.019261379 0.999794662 0.006293491 0.026886268 0.089955434 -0.004536176 0.995935440 4.192090988
0.995909274 0.024279559 -0.087036230 -7.403260231 -0.023773380 0.999693930 0.006847666 0.025808364 0.087175839 -0.004750507 0.996181607 4.286234379
0.996012449 0.023500251 -0.086063623 -7.405676365 -0.023128500 0.999718368 0.005314189 0.025341887 0.086164273 -0.003302476 0.996275485 4.338169098
0.996255279 0.020995088 -0.083873414 -7.414937973 -0.020821393 0.999778867 0.002945234 0.024921946 0.083916709 -0.001187845 0.996472061 4.433097839
0.996429622 0.017887574 -0.082510009 -7.422137737 -0.017826997 0.999840021 0.001470899 0.023020282 0.082523108 0.000005259 0.996589184 4.530562878
0.996595979 0.016093681 -0.080854706 -7.425928593 -0.016067766 0.999870360 0.000971216 0.022730067 0.080859847 0.000331245 0.996725440 4.582244873
0.996732473 0.013832655 -0.079579316 -7.435038090 -0.013597764 0.999901414 0.003492857 0.021935025 0.079619788 -0.002399343 0.996822417 4.678298950
0.996866465 0.011446488 -0.078270100 -7.443433762 -0.010942440 0.999916434 0.006865752 0.018684298 0.078342147 -0.005987773 0.996908605 4.770284176
0.996857882 0.009858220 -0.078594692 -7.444646358 -0.009393526 0.999936163 0.006280026 0.019978411 0.078651570 -0.005522012 0.996886849 4.824574471
0.996948540 0.011845165 -0.077157192 -7.453327179 -0.011607353 0.999926448 0.003529911 0.017592547 0.077193320 -0.002623549 0.997012675 4.917618752
0.996938825 0.014462147 -0.076835997 -7.461844444 -0.014723375 0.999887586 -0.002834400 0.017000929 0.076786362 0.003957007 0.997039676 5.013040066
0.997102320 0.015838755 -0.074404903 -7.471714973 -0.016491102 0.999830663 -0.008161314 0.015057568 0.074263036 0.009364684 0.997194648 5.105847359
0.996946096 0.019889805 -0.075516559 -7.470768452 -0.020979729 0.999686599 -0.013667045 0.013496794 0.075221032 0.015209628 0.997050822 5.138792515
0.997006476 0.020768629 -0.074476235 -7.478413105 -0.021912415 0.999653697 -0.014573557 0.011246167 0.074147768 0.016161889 0.997116268 5.229338646
0.997071981 0.017627282 -0.074409351 -7.485114098 -0.018306362 0.999796689 -0.008454017 0.009156942 0.074245192 0.009791430 0.997191966 5.323405266
0.997051597 0.015594061 -0.075131983 -7.488591194 -0.015620175 0.999877930 0.000240090 0.007977860 0.075126551 0.000934193 0.997173548 5.373059273
0.997033000 0.016221514 -0.075246565 -7.497394562 -0.015669379 0.999845803 0.007922324 0.005582705 0.075363480 -0.006719752 0.997133434 5.467078209
0.996851861 0.013536338 -0.078122988 -7.508067608 -0.013145725 0.999898374 0.005512122 0.003530305 0.078189678 -0.004467787 0.996928453 5.605971336
0.996696293 0.008279384 -0.080795847 -7.506581306 -0.008141464 0.999964774 0.002036297 0.004580430 0.080809847 -0.001371773 0.996728599 5.601332664
0.996478915 0.006587070 -0.083584726 -7.513742924 -0.006573115 0.999978244 0.000442150 0.003177683 0.083585821 0.000108819 0.996500552 5.691606998
0.996210933 0.008261366 -0.086576797 -7.521375656 -0.008437231 0.999963045 -0.001665581 0.001235848 0.086559832 0.002389739 0.996243775 5.779835224
0.995902419 0.010557584 -0.089815274 -7.526879311 -0.011034925 0.999927461 -0.004819774 -0.000207156 0.089757875 0.005791131 0.995946765 5.824815750
0.995527685 0.011389188 -0.093781047 -7.535550594 -0.012236468 0.999889314 -0.008464557 -0.001761481 0.093674265 0.009574251 0.995556831 5.911171436
0.995189250 0.012716980 -0.097141482 -7.541718006 -0.013984066 0.999825656 -0.012374029 -0.003568895 0.096967183 0.013672935 0.995193660 5.970994949
0.994808853 0.017546149 -0.100236773 -7.551827431 -0.018910004 0.999740899 -0.012672374 -0.005520239 0.099988453 0.014502069 0.994882882 6.058086872
0.994351268 0.020979745 -0.104045294 -7.558386803 -0.022196401 0.999698102 -0.010549357 -0.007457584 0.103792548 0.012799198 0.994516611 6.115955353
0.993879020 0.023875015 -0.107863635 -7.569054604 -0.024505809 0.999689519 -0.004526169 -0.009804603 0.107722066 0.007141748 0.994155347 6.203321934
0.993398726 0.023672273 -0.112244345 -7.575206757 -0.023706747 0.999718368 0.001027768 -0.011199608 0.112237059 0.001639964 0.993680060 6.260222435
0.992861986 0.024042947 -0.116819762 -7.586483955 -0.023640323 0.999708891 0.004831073 -0.012578160 0.116901889 -0.002034932 0.993141353 6.345864296
0.992029667 0.024411665 -0.123617224 -7.593173504 -0.023959441 0.999699652 0.005143779 -0.012375679 0.123705670 -0.002140983 0.992316663 6.401864529
0.991364241 0.020810153 -0.129475534 -7.605004787 -0.019756496 0.999760449 0.009417086 -0.014297374 0.129640460 -0.006777779 0.991537988 6.487029552
0.990468860 0.022570960 -0.135874212 -7.612923622 -0.021589095 0.999729097 0.008695656 -0.014361031 0.136033684 -0.005679375 0.990687907 6.539250374
0.989549577 0.026511943 -0.141734436 -7.626471043 -0.025632929 0.999639153 0.008024320 -0.015663050 0.141896039 -0.004307394 0.989872217 6.623299599
0.988654673 0.029151671 -0.147350207 -7.635387421 -0.028845359 0.999575019 0.004215687 -0.015874147 0.147410482 0.000082511 0.989075363 6.675234795
0.987740338 0.027553890 -0.153654888 -7.648116112 -0.027690370 0.999615848 0.001252211 -0.017004706 0.153630361 0.003017902 0.988123775 6.758159637
0.986815035 0.029176965 -0.159200430 -7.656911850 -0.029544346 0.999563396 0.000059181 -0.017777445 0.159132674 0.004645072 0.987246275 6.808518887
0.986047208 0.031673528 -0.163424760 -7.672515392 -0.031283580 0.999498188 0.004959763 -0.018633090 0.163499847 0.000221951 0.986543357 6.891513348
0.984931767 0.031977572 -0.169962004 -7.680692673 -0.030836109 0.999480724 0.009352164 -0.019329354 0.170172766 -0.003970277 0.985406160 6.941771984
0.983874083 0.031902995 -0.175994754 -7.696320534 -0.030332863 0.999472558 0.011605184 -0.020931758 0.176272109 -0.006079613 0.984322667 7.023222923
0.982618332 0.029321482 -0.183306634 -7.705137730 -0.028362967 0.999566793 0.007849188 -0.021144681 0.183457404 -0.002513634 0.983024418 7.072263718
0.981087804 0.026237996 -0.191776350 -7.721364498 -0.026613384 0.999645591 0.000618572 -0.021458568 0.191724598 0.004496946 0.981438398 7.151198387
0.979337513 0.024371060 -0.200758561 -7.738464832 -0.025115049 0.999683857 -0.001159386 -0.022832379 0.200666845 0.006177492 0.979640126 7.231017113
0.977015615 0.023731181 -0.211842477 -7.745251179 -0.023879157 0.999713123 0.001860171 -0.023609083 0.211825833 0.003241204 0.977301955 7.264795303
0.974549651 0.023380585 -0.222948849 -7.763572216 -0.022138309 0.999722362 0.008070062 -0.024303742 0.223075643 -0.002928965 0.974796712 7.343338966
0.971882522 0.025461655 -0.234085381 -7.785267830 -0.022357384 0.999623537 0.015905809 -0.025170788 0.234402239 -0.010225039 0.972085953 7.422681808
0.968913019 0.027578065 -0.245859519 -7.792349815 -0.023812324 0.999549389 0.018276956 -0.022885352 0.246252745 -0.011854295 0.969133139 7.453590870
0.965994835 0.031184504 -0.256674170 -7.815477371 -0.028494403 0.999493122 0.014194096 -0.024495810 0.256986707 -0.006397645 0.966393769 7.528655529
0.962751091 0.031035511 -0.268602103 -7.838176727 -0.030907923 0.999511182 0.004704740 -0.023413640 0.268616766 0.003772438 0.963239729 7.603377342
0.959132373 0.027412292 -0.281626761 -7.859951973 -0.028411005 0.999596179 0.000537258 -0.025492657 0.281527787 0.007485994 0.959523916 7.681035519
0.955569565 0.025358593 -0.293672681 -7.865276337 -0.024981776 0.999675214 0.005034617 -0.024735700 0.293705016 0.002525539 0.955892682 7.695266724
0.951783597 0.026903205 -0.305588216 -7.888655663 -0.024472190 0.999631047 0.011783972 -0.024742760 0.305792511 -0.003737377 0.952090859 7.773077965
0.947920918 0.027627666 -0.317305118 -7.916477680 -0.023251109 0.999575138 0.017572094 -0.025737345 0.317655772 -0.009279259 0.948160708 7.852540493
0.943782806 0.024790494 -0.329635292 -7.927552223 -0.020672403 0.999658406 0.015992716 -0.026121497 0.329919159 -0.008279298 0.943972886 7.879275322
0.939848781 0.022753540 -0.340831965 -7.955823898 -0.020056222 0.999733508 0.011435706 -0.025968306 0.341001362 -0.003912035 0.940054655 7.954337120
0.936583221 0.019153148 -0.349921554 -7.984413147 -0.018609894 0.999814808 0.004915052 -0.027216300 0.349950880 0.001908646 0.936766088 8.028059006
0.933751702 0.014889538 -0.357611507 -8.013761520 -0.016305249 0.999866664 -0.000943776 -0.027922552 0.357549757 0.006712196 0.933870018 8.104049683
0.930820465 0.014865847 -0.365174115 -8.019775391 -0.017277533 0.999845147 -0.003337412 -0.027875811 0.365067989 0.009415839 0.930933237 8.119089127
0.927531719 0.019503688 -0.373235136 -8.051934242 -0.022399308 0.999743223 -0.003422486 -0.028834637 0.373072594 0.011534674 0.927730560 8.195264816
0.924390614 0.019801464 -0.380933046 -8.084229469 -0.021939784 0.999758422 -0.001271216 -0.030149097 0.380815834 0.009532687 0.924601793 8.270375252
0.921149194 0.020667948 -0.388660461 -8.095058441 -0.020009583 0.999783218 0.005741925 -0.030737296 0.388694972 0.002487764 0.921363115 8.298063278
0.918160915 0.022807039 -0.395550579 -8.127764702 -0.018741108 0.999724329 0.014140794 -0.031580061 0.395764083 -0.005570470 0.918335319 8.373229980
0.915544271 0.032685142 -0.400887042 -8.165168762 -0.026510937 0.999429107 0.020939935 -0.032559782 0.401342571 -0.008543545 0.915888131 8.451063156
0.912829697 0.038829014 -0.406490386 -8.201975822 -0.034540199 0.999243259 0.017885579 -0.032589778 0.406877279 -0.002286228 0.913479924 8.527898788
0.910077929 0.034855373 -0.412968814 -8.202448845 -0.033639818 0.999381781 0.010216196 -0.032302514 0.413069606 0.004594661 0.910687864 8.534684181
0.907964408 0.026755350 -0.418192267 -8.236473083 -0.028278627 0.999596775 0.002555222 -0.031866781 0.418092012 0.009505855 0.908354938 8.610616684
0.906135917 0.027639482 -0.422082633 -8.272796631 -0.029676259 0.999557972 0.001745015 -0.032255288 0.421944290 0.010944614 0.906555712 8.685029030
0.904092073 0.034595694 -0.425935060 -8.286744118 -0.034740325 0.999368727 0.007431637 -0.033502176 0.425923228 0.008078240 0.904723167 8.711051941
0.901468396 0.037083957 -0.431253493 -8.323499680 -0.035512362 0.999300778 0.011697896 -0.034305081 0.431385756 0.004769547 0.902154803 8.786182404
0.899089575 0.033879787 -0.436451823 -8.359813690 -0.032786258 0.999412000 0.010040233 -0.035509557 0.436535329 0.005282552 0.899671614 8.861258507
0.896841526 0.031477615 -0.441230446 -8.398797989 -0.033342347 0.999437749 0.003529023 -0.036195721 0.441093475 0.011546686 0.897386789 8.936637878
0.894518554 0.028566517 -0.446116924 -8.402431488 -0.033509709 0.999433219 -0.003193627 -0.036158159 0.445772856 0.017806007 0.894968927 8.943743706
0.892242312 0.029733429 -0.450576782 -8.442162514 -0.035508268 0.999359787 -0.004366810 -0.037595473 0.450158477 0.019895451 0.892726958 9.018093109
0.890373230 0.032788277 -0.454048723 -8.482372284 -0.036899582 0.999318957 -0.000194805 -0.038744710 0.453733087 0.016927654 0.890976727 9.092164993
0.888026893 0.034366652 -0.458505332 -8.493791580 -0.037568357 0.999291778 0.002138697 -0.039477639 0.458254129 0.015326072 0.888689041 9.117089272
0.885474980 0.034842953 -0.463378906 -8.532963753 -0.037979282 0.999275208 0.002563768 -0.040024959 0.463132352 0.015328645 0.886156499 9.191430092
0.883302510 0.033204846 -0.467625976 -8.572672844 -0.036563400 0.999329567 0.001894780 -0.041548915 0.467375368 0.015424327 0.883924425 9.264686584
0.881178260 0.031080572 -0.471761405 -8.613369942 -0.034466591 0.999404788 0.001464441 -0.042796552 0.471526176 0.014969571 0.881725073 9.338385582
0.879011452 0.030990912 -0.475792378 -8.616892815 -0.034200452 0.999413192 0.001912891 -0.043100785 0.475572377 0.014590862 0.879555523 9.344923019
