0.999107063 0.002365655 -0.042183165 -0.004035442 -0.002499486 0.999991953 -0.003120162 -0.000727839 0.042175453 0.003222811 0.999105036 0.040009174
0.998137057 0.000844541 -0.061006185 -0.000390423 -0.001025079 0.999995172 -0.002928098 -0.001861207 0.061003421 0.002985180 0.998133063 0.059619062
0.997384727 0.002182507 -0.072242171 -0.007121004 -0.002484036 0.999988556 -0.004084287 -0.000759226 0.072232433 0.004253058 0.997378767 0.060846347
0.994807661 -0.000021848 -0.101772942 0.001492714 -0.000196894 0.999997675 -0.002139261 -0.003097250 0.101772748 0.002148191 0.994805336 0.086570844
0.993867457 -0.000116144 -0.110577434 -0.014682576 -0.000367744 0.999990463 -0.004355610 -0.001163259 0.110576883 0.004369564 0.993857980 0.091256604
0.991104364 -0.000766591 -0.133084387 -0.014649285 0.000178527 0.999990165 -0.004430603 -0.001594334 0.133086488 0.004367431 0.991094708 0.096084833
0.987655222 0.002944674 -0.156615511 -0.020346150 -0.003971261 0.999972820 -0.006242311 -0.001458092 0.156592846 0.006787213 0.987639964 0.109717280
0.983287215 0.006996667 -0.181926280 -0.025936212 -0.008607400 0.999930501 -0.008065712 -0.001758566 0.181857213 0.009496824 0.983279109 0.124991812
0.977862358 0.009957753 -0.209011987 -0.030955153 -0.011968165 0.999893486 -0.008356096 -0.002645063 0.208906576 0.010672602 0.977877378 0.140010819
0.971086442 0.010587061 -0.238492966 -0.037473697 -0.013002784 0.999878883 -0.008558105 -0.002943554 0.238373503 0.011411732 0.971106529 0.156696439
0.963135540 0.012608020 -0.268720806 -0.042725578 -0.015374948 0.999848247 -0.008194581 -0.003016619 0.268576711 0.012024058 0.963183284 0.167732120
0.953768611 0.014286913 -0.300202191 -0.050893791 -0.017418915 0.999818206 -0.007759100 -0.002887737 0.300036818 0.012629580 0.953844070 0.183841050
0.942454696 0.016374137 -0.333932698 -0.059163000 -0.019464836 0.999793053 -0.005911301 -0.003705333 0.333766818 0.012071079 0.942578375 0.199500650
0.930128574 0.019334387 -0.366724730 -0.068296328 -0.022741800 0.999728918 -0.004972805 -0.004394825 0.366529226 0.012965329 0.930316210 0.214309394
0.916313171 0.021776998 -0.399870157 -0.076681010 -0.025767922 0.999657393 -0.004606347 -0.004144713 0.399632871 0.014524674 0.916560233 0.227382138
0.900512159 0.023381028 -0.434201747 -0.086303830 -0.027375229 0.999620855 -0.002946927 -0.005013619 0.433968157 0.014540115 0.900810838 0.240982354
0.881657779 0.017657330 -0.471558869 -0.097584665 -0.022518285 0.999735534 -0.004666999 -0.004060947 0.471351743 0.014733394 0.881822228 0.258794457
0.860681057 0.012901917 -0.508980989 -0.108780898 -0.017979350 0.999825537 -0.005058778 -0.004174103 0.508826852 0.013505141 0.860763013 0.273246646
0.835429132 0.014185361 -0.549414933 -0.121915758 -0.018145610 0.999833763 -0.001777104 -0.004666287 0.549298346 0.011454112 0.835547745 0.288539618
0.806842327 0.020172106 -0.590422213 -0.136627212 -0.023176933 0.999728322 0.002483801 -0.005343403 0.590311885 0.011680141 0.807090700 0.301667839
0.774138868 0.022958161 -0.632599294 -0.153556496 -0.026202653 0.999647796 0.004213698 -0.005581938 0.632473290 0.013313792 0.774467647 0.316626489
0.737962186 0.022360109 -0.674471498 -0.169429064 -0.025628995 0.999658465 0.005099169 -0.005952654 0.674355209 0.013523033 0.738283277 0.329585284
0.698518455 0.018005267 -0.715365469 -0.189120203 -0.019725155 0.999787986 0.005903367 -0.005533625 0.715320170 0.009987084 0.698725462 0.344537973
0.655696571 0.014589841 -0.754883468 -0.207676440 -0.014596860 0.999871373 0.006645859 -0.005517181 0.754883349 0.006661261 0.655825257 0.357721984
0.611567795 0.013689869 -0.791073561 -0.231443137 -0.011533182 0.999898314 0.008387532 -0.005490979 0.791107953 0.003994051 0.611663520 0.371136367
0.563329041 0.013938257 -0.826115072 -0.253237724 -0.009097651 0.999901652 0.010666693 -0.004993725 0.826182544 0.001506849 0.563400447 0.382682383
0.512684345 0.015125579 -0.858443916 -0.279775918 -0.007140486 0.999885321 0.013353269 -0.005480498 0.858547449 -0.000716305 0.512733579 0.393959165
0.460275441 0.015982863 -0.887632251 -0.304641783 -0.005791068 0.999870718 0.015000932 -0.004882433 0.887757242 -0.001764222 0.460308522 0.402370512
0.406014711 0.018602796 -0.913677096 -0.334180444 -0.004921222 0.999822795 0.018169880 -0.004757947 0.913853288 -0.002880832 0.406034350 0.411464036
0.350714564 0.019825589 -0.936272562 -0.363311142 -0.003994421 0.999798477 0.019674495 -0.004059532 0.936473846 -0.003160265 0.350723058 0.418687761
0.295944184 0.023562413 -0.954914570 -0.396206975 -0.001147968 0.999703765 0.024311807 -0.004489290 0.955204546 -0.006098726 0.295883566 0.425035715
0.242353842 0.025044240 -0.969864607 -0.427900344 0.003564006 0.999637008 0.026703622 -0.004453120 0.970181525 -0.009928330 0.242176592 0.429869473
0.191605672 0.025770476 -0.981133580 -0.463709652 0.005661717 0.999609530 0.027361447 -0.003975827 0.981455684 -0.010797510 0.191384956 0.434053808
0.143837661 0.026081838 -0.989257574 -0.499280095 0.004371667 0.999626160 0.026990846 -0.003075840 0.989591718 -0.008207005 0.143669873 0.436381787
0.101906747 0.027230682 -0.994421303 -0.537510991 0.002335047 0.999615967 0.027612220 -0.002632903 0.994791150 -0.005135892 0.101804033 0.436497927
0.064407557 0.025179993 -0.997605979 -0.576492012 0.001142994 0.999679029 0.025306117 -0.001355400 0.997923017 -0.002770161 0.064358115 0.436139494
0.029666040 0.023060270 -0.999293745 -0.616773665 0.001602340 0.999731481 0.023117937 -0.001404668 0.999558508 -0.002287026 0.029621130 0.435249656
-0.002421154 0.020301126 -0.999790907 -0.658826411 0.002375491 0.999791205 0.020295380 -0.000855139 0.999994218 -0.002325856 -0.002468873 0.434383154
-0.028194483 0.018656775 -0.999428332 -0.700790882 0.002323293 0.999824464 0.018598624 -0.000926776 0.999599755 -0.001797587 -0.028232872 0.429891378
-0.048797674 0.015986033 -0.998680770 -0.748017192 0.001559433 0.999871969 0.015928905 0.000307152 0.998807549 -0.000780082 -0.048816349 0.425834447
-0.065358937 0.015441751 -0.997742474 -0.792545378 0.002467470 0.999879837 0.015313194 0.000727544 0.997858703 -0.001461046 -0.065389186 0.422202408
-0.078857876 0.015735786 -0.996761739 -0.841698110 0.003672844 0.999873281 0.015494333 0.001702040 0.996879101 -0.002439100 -0.078905664 0.417991906
-0.087536305 0.016942915 -0.996017158 -0.888973653 0.002016105 0.999856412 0.016831024 0.001660956 0.996159256 -0.000534749 -0.087557875 0.411200285
-0.093762845 0.017926469 -0.995433092 -0.940456808 0.000326468 0.999838352 0.017975051 0.001921226 0.995594442 0.001360415 -0.093753539 0.404538989
-0.098773532 0.019197496 -0.994924843 -0.990225434 0.000373743 0.999814510 0.019254742 0.002451755 0.995109797 0.001530012 -0.098762393 0.399806619
-0.099958725 0.019352756 -0.994803369 -1.045120955 0.002989684 0.999812186 0.019149790 0.003748225 0.994987130 -0.001059958 -0.099997818 0.394131809
-0.099107414 0.022070775 -0.994831920 -1.096706390 0.004874929 0.999752760 0.021694291 0.004011581 0.995064795 -0.002699670 -0.099190488 0.388619065
-0.096992970 0.024101112 -0.994993150 -1.153160572 0.004307801 0.999707580 0.023795376 0.004993457 0.995275736 -0.001978248 -0.097068429 0.382302761
-0.096027076 0.024370991 -0.995080352 -1.208449602 0.001845336 0.999702871 0.024306126 0.005015884 0.995377004 0.000497789 -0.096043520 0.377272218
-0.094403476 0.021786321 -0.995295584 -1.266800404 0.000322841 0.999761164 0.021853447 0.006061263 0.995533943 0.001741719 -0.094387971 0.371455729
-0.093288668 0.021646813 -0.995403767 -1.326817036 -0.000665597 0.999762058 0.021803968 0.006527254 0.995638907 0.002696601 -0.093252070 0.366363168
-0.090993278 0.024492962 -0.995550275 -1.386513352 -0.000072189 0.999697328 0.024601592 0.007890297 0.995851457 0.002310446 -0.090963975 0.358836114
-0.088998310 0.028117202 -0.995634854 -1.449281335 -0.001315865 0.999597251 0.028346729 0.008292478 0.996030927 0.003832932 -0.088925473 0.353293777
-0.087624617 0.029863259 -0.995705843 -1.513614535 -0.000905704 0.999547780 0.030058190 0.009536646 0.996153176 0.003535652 -0.087557934 0.348458350
-0.085833877 0.029369364 -0.995876491 -1.573850751 -0.003234656 0.999551892 0.029756548 0.010522511 0.996304214 0.005775437 -0.085700415 0.341827244
-0.084092908 0.026268678 -0.996111631 -1.641851664 -0.006347209 0.999618053 0.026896987 0.011265073 0.996437609 0.008584375 -0.083894052 0.335507929
-0.082541086 0.025821175 -0.996253073 -1.705364347 -0.006989573 0.999624729 0.026487663 0.012677174 0.996563137 0.009149703 -0.082329616 0.329474419
-0.080953613 0.028270304 -0.996316850 -1.775056601 -0.004393858 0.999577940 0.028719850 0.013851814 0.996708155 0.006702651 -0.080795228 0.324115038
-0.079676062 0.029629089 -0.996380389 -1.845404148 -0.002832573 0.999547362 0.029949775 0.016032659 0.996816754 0.005208599 -0.079556063 0.318260223
-0.078586958 0.031964254 -0.996394694 -1.908962965 -0.000903725 0.999483109 0.032134619 0.016190972 0.996906877 0.003425829 -0.078517437 0.312275946
-0.078598723 0.027077839 -0.996538639 -1.980424047 -0.000071452 0.999630928 0.027167503 0.017454714 0.996906400 0.002206536 -0.078567773 0.307689875
-0.078881279 0.020465644 -0.996673942 -2.052984476 0.001524658 0.999790609 0.020408969 0.017873960 0.996882856 0.000090299 -0.078895941 0.302848816
-0.078101143 0.015899161 -0.996818662 -2.115945816 0.004300377 0.999868989 0.015610875 0.019010846 0.996936262 -0.003067468 -0.078159273 0.295909822
-0.078528568 0.016438644 -0.996776283 -2.189457417 0.004820309 0.999858618 0.016109720 0.019919109 0.996900201 -0.003539696 -0.078596696 0.289958954
-0.079128563 0.024236752 -0.996569812 -2.264310122 0.004897479 0.999701858 0.023924060 0.020167623 0.996852398 -0.002987603 -0.079223670 0.284285367
-0.078873634 0.031198777 -0.996396422 -2.329876900 0.003403082 0.999512732 0.031026978 0.020521145 0.996878743 -0.000943607 -0.078941375 0.277439296
-0.079032712 0.036501843 -0.996203542 -2.406035423 0.001368151 0.999332368 0.036507953 0.021599509 0.996871054 0.001522365 -0.079029880 0.270441324
-0.079062097 0.037111983 -0.996178687 -2.480719090 -0.000668406 0.999304533 0.037281483 0.021883003 0.996869504 0.003613404 -0.078982316 0.262956262
-0.079962946 0.033459816 -0.996236086 -2.543947220 -0.000510461 0.999434948 0.033608224 0.023094870 0.996797681 0.003195953 -0.079900697 0.258209407
-0.080618069 0.030772367 -0.996269882 -2.618572235 -0.000208810 0.999522746 0.030889736 0.024505008 0.996745050 0.002698302 -0.080573171 0.251955628
-0.080759667 0.032146297 -0.996214986 -2.692703009 -0.001878787 0.999473095 0.032403737 0.025426768 0.996731818 0.004488592 -0.080656715 0.245794415
-0.080150500 0.034331489 -0.996191382 -2.758418322 -0.003142576 0.999392986 0.034694660 0.026380882 0.996777833 0.005911401 -0.079993963 0.238376483
-0.080100268 0.032386202 -0.996260643 -2.833704710 -0.003878329 0.999454319 0.032801844 0.027577177 0.996779263 0.006491262 -0.079930961 0.231807113
-0.079567716 0.027552102 -0.996448576 -2.908855677 -0.005946695 0.999586999 0.028113730 0.027732994 0.996811688 0.008162521 -0.079371013 0.225376129
-0.079653524 0.023454150 -0.996546745 -2.969223499 -0.006439871 0.999690175 0.024042875 0.028777394 0.996801794 0.008332732 -0.079477832 0.220021144
-0.079019196 0.024139818 -0.996580780 -3.043519497 -0.005767667 0.999678969 0.024672186 0.030056156 0.996856391 0.007697524 -0.078854591 0.213608563
-0.078467757 0.026467713 -0.996565282 -3.118538618 -0.004849695 0.999625504 0.026930846 0.030595139 0.996904910 0.006946241 -0.078310020 0.207655132
-0.078436121 0.031689238 -0.996415377 -3.179640293 -0.004586720 0.999472558 0.032147527 0.030675113 0.996908605 0.007091806 -0.078249395 0.202683300
-0.077576324 0.037302714 -0.996288359 -3.254454374 -0.003884840 0.999280870 0.037717246 0.032095194 0.996978819 0.006796386 -0.077375628 0.195726842
-0.077932090 0.041129664 -0.996110022 -3.329160690 -0.004357949 0.999125004 0.041595101 0.032535881 0.996949136 0.007582591 -0.077684663 0.189941913
-0.077466533 0.040689722 -0.996164262 -3.405042171 -0.003329938 0.999150693 0.041070651 0.034170009 0.996989429 0.006498766 -0.077265248 0.182439953
-0.077471390 0.036051545 -0.996342540 -3.460310936 -0.003801656 0.999328077 0.036455166 0.035666421 0.996987343 0.006611986 -0.077282280 0.179173768
-0.077133633 0.031280011 -0.996529937 -3.537188768 -0.004140967 0.999489069 0.031693414 0.037393220 0.997012258 0.006571226 -0.076964684 0.171548277
-0.076831356 0.028926395 -0.996624351 -3.612022400 -0.008482800 0.999523878 0.029664498 0.037769765 0.997008085 0.010733330 -0.076549403 0.164801091
-0.077647112 0.027478846 -0.996602058 -3.669918776 -0.012042488 0.999521434 0.028497586 0.038457088 0.996908188 0.014214327 -0.077279039 0.160423547
-0.078619160 0.025456682 -0.996579528 -3.744845867 -0.009941094 0.999604166 0.026318185 0.039029799 0.996855140 0.011976205 -0.078334972 0.154952794
-0.079232730 0.021744795 -0.996618867 -3.818114996 -0.007022729 0.999725044 0.022370888 0.039364677 0.996831417 0.008771489 -0.079058252 0.147598714
-0.080281168 0.020068508 -0.996570170 -3.893156767 -0.001920194 0.999792397 0.020288080 0.040398959 0.996770442 0.003542360 -0.080225959 0.142071396
-0.082010373 0.023774274 -0.996347785 -3.946671009 -0.001502989 0.999711275 0.023978245 0.040647421 0.996630371 0.003463964 -0.081950963 0.137111813
-0.083661407 0.029542943 -0.996056199 -4.021560192 0.001121962 0.999562562 0.029552707 0.042045146 0.996493638 0.001354883 -0.083657958 0.130323023
-0.085590534 0.033550363 -0.995765328 -4.094715118 0.002587868 0.999436915 0.033451635 0.042340666 0.996327102 0.000286235 -0.085629165 0.123427242
-0.087418906 0.032729954 -0.995633781 -4.166276455 0.002607537 0.999464154 0.032626931 0.042355172 0.996168196 0.000256057 -0.087457418 0.116856575
-0.088431954 0.028827572 -0.995664954 -4.219509125 -0.000166982 0.999580681 0.028955778 0.043304026 0.996082127 0.002726874 -0.088390067 0.111760169
-0.089385681 0.025233889 -0.995677412 -4.291281700 -0.005650960 0.999650121 0.025841882 0.043709874 0.995981038 0.007936427 -0.089211822 0.103408784
-0.090889648 0.023358878 -0.995586932 -4.361663818 -0.009219416 0.999662220 0.024296161 0.045243531 0.995818257 0.011387000 -0.090643607 0.096033782
-0.091530465 0.025050102 -0.995487094 -4.433200836 -0.010545824 0.999603093 0.026123317 0.044521824 0.995746434 0.012889312 -0.091229960 0.086791545
-0.092921667 0.025952209 -0.995335281 -4.486275673 -0.010489853 0.999579251 0.027042178 0.046585761 0.995618165 0.012953723 -0.092610337 0.083229214
-0.094330847 0.025307404 -0.995219171 -4.557618618 -0.011730525 0.999579191 0.026530141 0.048084669 0.995471835 0.014177053 -0.093994267 0.076318741
-0.094799072 0.025347710 -0.995173693 -4.626529694 -0.011946432 0.999574900 0.026597816 0.047411636 0.995424747 0.014410221 -0.094455950 0.068275094
-0.094915114 0.027352652 -0.995109439 -4.681423187 -0.011248503 0.999529183 0.028547032 0.047834456 0.995421827 0.013903039 -0.094562739 0.062520891
-0.095701717 0.030436223 -0.994944513 -4.747924805 -0.010578632 0.999444902 0.031591427 0.048468225 0.995353878 0.013548507 -0.095326617 0.056974649
-0.095342182 0.034029219 -0.994862735 -4.820049286 -0.010705458 0.999322712 0.035207722 0.050153255 0.995387018 0.014007243 -0.094913296 0.048651636
-0.096181400 0.036296271 -0.994701803 -4.874804497 -0.010512639 0.999242127 0.037478451 0.050730467 0.995308220 0.014061673 -0.095726952 0.042940199
-0.096863590 0.036008667 -0.994646072 -4.941056252 -0.009761562 0.999262810 0.037126441 0.051854327 0.995249748 0.013305500 -0.096440710 0.035927117
-0.096886538 0.034122322 -0.994710326 -5.007919312 -0.009668211 0.999332666 0.035222590 0.053007171 0.995248437 0.013029666 -0.096491985 0.028503656
-0.097400859 0.031241085 -0.994754732 -5.072463989 -0.009544034 0.999431968 0.032322466 0.052455142 0.995199502 0.012642208 -0.097047351 0.022321016
-0.097475044 0.027919058 -0.994846225 -5.120831966 -0.009692273 0.999532402 0.029000215 0.054013073 0.995190740 0.012469123 -0.097158872 0.017932117
-0.096329369 0.025658455 -0.995018721 -5.183040619 -0.009500233 0.999598384 0.026696287 0.054644868 0.995304167 0.012024548 -0.096046925 0.010947466
-0.093829207 0.024618166 -0.995283902 -5.244893074 -0.011745939 0.999597311 0.025832191 0.055488274 0.995519042 0.014114358 -0.093502261 0.004207551
-0.089496642 0.025960101 -0.995648682 -5.305927753 -0.012298547 0.999555230 0.027167443 0.055241227 0.995911241 0.014676429 -0.089137584 -0.002776802
-0.084479146 0.027061388 -0.996057630 -5.348359585 -0.011656448 0.999535918 0.028144503 0.055839643 0.996357203 0.013988119 -0.084124483 -0.003649026
-0.077951282 0.028434599 -0.996551454 -5.405839920 -0.010801314 0.999510407 0.029363912 0.056016058 0.996898711 0.013053022 -0.077605993 -0.006934434
-0.068477958 0.029893246 -0.997204661 -5.463376045 -0.012044242 0.999453425 0.030787731 0.056325294 0.997579992 0.014118855 -0.068080477 -0.012354255
-0.056934331 0.030978946 -0.997897208 -5.518028736 -0.013451183 0.999403954 0.031793177 0.057617128 0.998287201 0.015233023 -0.056483716 -0.015277505
-0.042396966 0.032627840 -0.998567939 -5.570543289 -0.016977802 0.999298811 0.033372559 0.058033347 0.998956621 0.018368388 -0.041813310 -0.017329648
-0.024471389 0.033982988 -0.999122739 -5.602360249 -0.018355440 0.999238312 0.034436494 0.058348700 0.999531925 0.019182052 -0.023828981 -0.016253918
-0.002142198 0.034614071 -0.999398410 -5.651752949 -0.019555144 0.999208212 0.034649398 0.059037060 0.999806464 0.019617602 -0.001463620 -0.016188752
0.023465192 0.035137616 -0.999106944 -5.699296474 -0.018914018 0.999218881 0.034697331 0.059195206 0.999545693 0.018082950 0.024111459 -0.014387026
0.053015698 0.034228623 -0.998006821 -5.745214462 -0.017801557 0.999285996 0.033326842 0.060892209 0.998435020 0.015999230 0.053587161 -0.010671824
0.086655319 0.034314625 -0.995647132 -5.774406433 -0.016244501 0.999322414 0.033027470 0.060805500 0.996105909 0.013311785 0.087154023 -0.005738914
0.124205932 0.034668364 -0.991650581 -5.814888000 -0.015395172 0.999336541 0.033008792 0.061162353 0.992137074 0.011166743 0.124657229 0.001052260
0.165522724 0.034312416 -0.985608935 -5.856329441 -0.015089972 0.999365687 0.032257136 0.061502710 0.986090481 0.009533522 0.165935487 0.009208083
0.211715609 0.035237782 -0.976695836 -5.895545006 -0.014507420 0.999352872 0.032910492 0.061930731 0.977223635 0.007201669 0.212089881 0.017991304
0.258425653 0.033818688 -0.965439022 -5.919917107 -0.011283882 0.999424517 0.031988747 0.062012702 0.965965271 0.002627187 0.258658528 0.029646277
0.308322191 0.029521227 -0.950823784 -5.954816818 -0.003619110 0.999547482 0.029860444 0.061733171 0.951275110 -0.005765500 0.308289528 0.044339418
0.358693600 0.023862677 -0.933150291 -5.984333992 0.002054677 0.999650598 0.026353033 0.061962865 0.933453083 -0.011369987 0.358519256 0.059905410
0.409778595 0.018554021 -0.911996305 -6.016735077 0.007135397 0.999697328 0.023544326 0.063122079 0.912157059 -0.016155416 0.409522146 0.079862595
0.461479962 0.018177241 -0.886964381 -6.046318054 0.007067622 0.999682963 0.024164496 0.063394442 0.887122452 -0.017420160 0.461205214 0.096388578
0.509617567 0.017423429 -0.860224605 -6.079162598 0.008168943 0.999651909 0.025086939 0.063552804 0.860362172 -0.019811872 0.509297848 0.118790150
0.554382801 0.013236808 -0.832156539 -6.104653358 0.015865000 0.999523878 0.026468322 0.063873172 0.832110584 -0.027875753 0.553908765 0.140026808
0.598203301 0.007326726 -0.801310897 -6.132936478 0.025903057 0.999258876 0.028474076 0.063558497 0.800925672 -0.037789691 0.597570181 0.166611433
0.640528381 0.001513088 -0.767933011 -6.156255722 0.027860643 0.999293804 0.025207356 0.064320780 0.767428994 -0.037541136 0.640033960 0.189667702
0.681833267 -0.003270024 -0.731500328 -6.183375359 0.024777833 0.999519289 0.018627331 0.064758316 0.731087983 -0.030825723 0.681586623 0.217906475
0.721547067 -0.009793384 -0.692296088 -6.202751637 0.021305446 0.999740601 0.008063083 0.064640738 0.692037463 -0.020567572 0.721568525 0.244097948
0.760613501 -0.011544922 -0.649102330 -6.227045059 0.015816867 0.999874592 0.000750339 0.064224683 0.649012208 -0.010837480 0.760700703 0.276503325
0.798247516 -0.012849529 -0.602192461 -6.247946739 0.014449909 0.999893129 -0.002181282 0.064650849 0.602156162 -0.006960424 0.798347950 0.306685448
0.832310319 -0.014053984 -0.554131746 -6.269609451 0.014387287 0.999889433 -0.003749546 0.064359710 0.554123104 -0.004851667 0.832420468 0.344439983
0.863388956 -0.012552172 -0.504382610 -6.289560795 0.011298293 0.999920726 -0.005544116 0.063787043 0.504412234 -0.000911936 0.863462389 0.380398750
0.889538944 -0.010099950 -0.456747711 -6.310739517 0.009609938 0.999948084 -0.003395776 0.062323187 0.456758291 -0.001368642 0.889589787 0.425406694
0.910974741 -0.004546158 -0.412437052 -6.326190948 0.003904955 0.999989450 -0.002397446 0.062076937 0.412443668 0.000573465 0.910982907 0.463098049
0.928513229 -0.000577913 -0.371298760 -6.344640255 -0.001052515 0.999990702 -0.004188492 0.062202193 0.371297657 0.004279868 0.928503990 0.512219429
0.942420006 0.004952410 -0.334395021 -6.360304832 -0.006217959 0.999976993 -0.002714254 0.061888903 0.334373951 0.004637221 0.942429066 0.555422306
0.952433348 0.005680455 -0.304694176 -6.376330853 -0.006120900 0.999981165 -0.000490330 0.060428750 0.304685652 0.002332009 0.952450097 0.609870911
0.959956288 0.004989016 -0.280105263 -6.389243126 -0.004916643 0.999987543 0.000961031 0.060343806 0.280106515 0.000454630 0.959968805 0.656833053
0.965834975 0.005015016 -0.259109497 -6.403961658 -0.004489507 0.999986470 0.002619841 0.060496159 0.259119153 -0.001367060 0.965844393 0.714902520
0.970494032 0.007726969 -0.241001189 -6.416548252 -0.006558213 0.999962509 0.005651312 0.059612036 0.241035804 -0.003904028 0.970508337 0.766373634
0.974108100 0.012898501 -0.225714669 -6.431186199 -0.011624199 0.999908090 0.006973796 0.059591703 0.225783914 -0.004169478 0.974168420 0.827516913
0.977018237 0.016623069 -0.212506607 -6.443305492 -0.015142374 0.999848425 0.008593481 0.058824800 0.212617218 -0.005178132 0.977121830 0.881788850
0.979835272 0.015115811 -0.199234426 -6.457196236 -0.013747435 0.999871492 0.008249802 0.058990404 0.199333519 -0.005344483 0.979917109 0.946702123
0.982515514 0.014770251 -0.185593888 -6.467439651 -0.013554593 0.999877572 0.007817312 0.058720648 0.185686633 -0.005164981 0.982595444 1.003425956
0.985237062 0.015291105 -0.170511097 -6.480497837 -0.014052173 0.999865353 0.008470555 0.058857255 0.170617700 -0.005949453 0.985319316 1.071142435
0.987475991 0.016920663 -0.156858847 -6.489128113 -0.015711540 0.999836564 0.008945156 0.058447428 0.156984553 -0.006368633 0.987580538 1.131303310
0.989398897 0.017208189 -0.144199580 -6.499372959 -0.016486544 0.999844909 0.006197991 0.058037244 0.144283861 -0.003754933 0.989529252 1.201265693
0.990895748 0.017526206 -0.133485541 -6.507627964 -0.017559294 0.999845326 0.000929453 0.057142675 0.133481175 0.001422921 0.991050422 1.262994289
0.992152333 0.015496476 -0.124070585 -6.516802788 -0.016263498 0.999854267 -0.005171643 0.056595322 0.123972386 0.007148880 0.992259979 1.335922241
0.993119240 0.015804414 -0.116035819 -6.527038574 -0.016534373 0.999849021 -0.005330886 0.055926219 0.115934059 0.007212785 0.993230700 1.413006544
0.993831456 0.016981112 -0.109593213 -6.532200336 -0.017013991 0.999854982 0.000635189 0.055399742 0.109588124 0.001233347 0.993976235 1.470869541
0.994327128 0.021490825 -0.104171813 -6.542005539 -0.020687237 0.999747396 0.008788512 0.054375134 0.104334369 -0.006583629 0.994520485 1.545659423
0.994667232 0.022300124 -0.100696824 -6.549888611 -0.021119621 0.999695361 0.012774340 0.053243324 0.100951031 -0.010579539 0.994835019 1.625063539
0.995119870 0.021566642 -0.096286774 -6.556580544 -0.020573650 0.999724567 0.011293870 0.053130910 0.096503831 -0.009257783 0.995289564 1.681220531
0.995345891 0.021737982 -0.093882121 -6.563264370 -0.020862656 0.999729395 0.010295239 0.052361466 0.094080508 -0.008288694 0.995530128 1.756289840
0.995668173 0.020317914 -0.090730056 -6.569946289 -0.019242723 0.999734044 0.012709639 0.051607147 0.090964161 -0.010908689 0.995794415 1.831712961
0.995920539 0.018134240 -0.088392407 -6.575586319 -0.016844859 0.999740839 0.015311250 0.051417522 0.088647150 -0.013759832 0.995968163 1.890441656
0.996185958 0.015776865 -0.085816637 -6.582102776 -0.014323305 0.999743700 0.017527454 0.050398480 0.086071178 -0.016231425 0.996156752 1.968287587
0.996420383 0.015438745 -0.083115317 -6.589254856 -0.014363431 0.999805510 0.013520090 0.050242681 0.083307885 -0.012277871 0.996448159 2.042670012
0.996560276 0.017599130 -0.080980815 -6.594027042 -0.017185422 0.999835432 0.005802920 0.051004313 0.081069611 -0.004391269 0.996698916 2.096972942
0.996670663 0.018092578 -0.079500757 -6.601212978 -0.018243041 0.999832809 -0.001166563 0.049170457 0.079466380 0.002613015 0.996834099 2.171271801
0.996730804 0.019342810 -0.078445360 -6.606535912 -0.019834125 0.999788284 -0.005488762 0.048309337 0.078322589 0.007026712 0.996903419 2.245865345
0.996886551 0.020356795 -0.076176055 -6.611205578 -0.020715805 0.999777675 -0.003925638 0.047078758 0.076079190 0.005491464 0.997086644 2.302636147
0.997010231 0.024032487 -0.073436156 -6.618216991 -0.024085160 0.999709904 0.000168293 0.045627777 0.073418900 0.001600933 0.997299850 2.377781630
0.997109056 0.027077818 -0.070995606 -6.625613689 -0.026782969 0.999628305 0.005101897 0.044345852 0.071107365 -0.003185675 0.997463584 2.453093767
0.997329891 0.024960678 -0.068629980 -6.628895760 -0.024566084 0.999676526 0.006587701 0.044397306 0.068772227 -0.004884141 0.997620344 2.508659363
0.997480154 0.022145739 -0.067401432 -6.634638309 -0.021770248 0.999743164 0.006300522 0.043561928 0.067523643 -0.004817300 0.997706056 2.582634926
0.997550666 0.020972308 -0.066728756 -6.638732433 -0.020551475 0.999764442 0.006986943 0.042180650 0.066859588 -0.005598454 0.997746646 2.655405760
0.997642636 0.020271255 -0.065561265 -6.642604351 -0.019995732 0.999788284 0.004856039 0.041728150 0.065645821 -0.003533646 0.997836709 2.712066650
0.997728050 0.017459776 -0.065068834 -6.647591591 -0.017269788 0.999844790 0.003481163 0.040697124 0.065119505 -0.002349528 0.997874737 2.788188457
0.997776687 0.015861046 -0.064732470 -6.652146339 -0.015632110 0.999869585 0.004041639 0.039120793 0.064788125 -0.003020747 0.997894406 2.863015175
0.997797489 0.020611061 -0.063050210 -6.657528877 -0.020379568 0.999783039 0.004312549 0.039894823 0.063125417 -0.003018114 0.998001039 2.918145418
0.997812331 0.020436479 -0.062872753 -6.662990570 -0.020247899 0.999788404 0.003635156 0.038672067 0.062933743 -0.002354162 0.998014987 2.994550943
0.997723103 0.019078022 -0.064688317 -6.668755054 -0.018893469 0.999815583 0.003463488 0.037725218 0.064742461 -0.002233415 0.997899473 3.072026968
0.997586429 0.018275015 -0.066987909 -6.672087669 -0.018067997 0.999829948 0.003695004 0.037569307 0.067044050 -0.002475748 0.997746944 3.130236387
0.997317731 0.019656070 -0.070505470 -6.678026676 -0.019467806 0.999804914 0.003356438 0.036689341 0.070557691 -0.001974848 0.997505724 3.208551645
0.997052670 0.022940628 -0.073210895 -6.684952259 -0.022722013 0.999734581 0.003817631 0.034704775 0.073279038 -0.002142879 0.997309208 3.289599180
0.996855617 0.023872530 -0.075557895 -6.690593243 -0.024054088 0.999709487 -0.001493645 0.034710728 0.075500280 0.003306425 0.997140288 3.343867064
0.996650994 0.024780340 -0.077928312 -6.698011875 -0.025238965 0.999669373 -0.004905635 0.033848807 0.077781007 0.006856035 0.996946871 3.423016548
0.996520638 0.024460526 -0.079674505 -6.705949306 -0.025084564 0.999661863 -0.006840763 0.033253044 0.079480231 0.008815562 0.996797502 3.503906012
0.996343911 0.024048086 -0.081977732 -6.710810184 -0.024544043 0.999685943 -0.005047416 0.031509019 0.081830613 0.007041029 0.996621370 3.562020063
0.996177197 0.023348445 -0.084176511 -6.718158722 -0.023808941 0.999706507 -0.004470778 0.030377274 0.084047414 0.006457842 0.996440828 3.642715216
0.996041656 0.022387311 -0.086022221 -6.726202488 -0.022679757 0.999739766 -0.002423756 0.028578596 0.085945576 0.004365126 0.996290267 3.725139380
0.995962381 0.021345461 -0.087196767 -6.730934620 -0.021327890 0.999771893 0.001133187 0.028177572 0.087201074 0.000731112 0.996190608 3.785963058
0.995913565 0.020392144 -0.087979615 -6.739420891 -0.019945506 0.999783397 0.005952846 0.027188092 0.088081963 -0.004173722 0.996104538 3.869852066
0.995902658 0.020881319 -0.087987892 -6.745739460 -0.020247310 0.999762237 0.008092056 0.025951542 0.088135958 -0.006277381 0.996088743 3.951418638
0.996043801 0.024271436 -0.085483745 -6.752578735 -0.023652792 0.999686241 0.008242546 0.025250599 0.085656986 -0.006188007 0.996305585 4.017630577
0.996228337 0.023476895 -0.083534010 -6.760216713 -0.023004914 0.999713540 0.006608366 0.025177209 0.083665222 -0.004661748 0.996483028 4.102419853
0.996400595 0.021316227 -0.082044780 -6.767150879 -0.020978924 0.999767542 0.004971152 0.023734096 0.082131676 -0.003232048 0.996616304 4.186430931
0.996576846 0.017846299 -0.080723502 -6.772125721 -0.017674230 0.999839723 0.002845669 0.023442730 0.080761351 -0.001409201 0.996732414 4.248243332
0.996749461 0.016561778 -0.078842193 -6.779206276 -0.016412431 0.999862015 0.002541941 0.022398327 0.078873411 -0.001239687 0.996883810 4.334662437
0.996870697 0.014382999 -0.077731051 -6.786876202 -0.014009618 0.999887586 0.005346756 0.020731190 0.077799208 -0.004241042 0.996959984 4.420989037
0.996915579 0.012072193 -0.077546611 -6.792530537 -0.011483422 0.999901772 0.008033974 0.019407392 0.077635989 -0.007118695 0.996956348 4.508351326
0.996959329 0.010671099 -0.077188969 -6.794978619 -0.010078239 0.999916613 0.008066102 0.018921133 0.077268608 -0.007263648 0.996983826 4.558177471
0.997019053 0.012781213 -0.076089837 -6.802318573 -0.012451774 0.999910951 0.004802464 0.018192010 0.076144435 -0.003840694 0.997089386 4.642832279
0.997002006 0.015113628 -0.075885005 -6.808955193 -0.015287209 0.999881685 -0.001707030 0.017717808 0.075850219 0.002861982 0.997115076 4.729192734
0.997097433 0.016323322 -0.074364439 -6.817049980 -0.016914461 0.999830067 -0.007326324 0.016294580 0.074232213 0.008562895 0.997204185 4.813896656
0.997086227 0.020946110 -0.073349692 -6.821699142 -0.021918915 0.999681830 -0.012482811 0.013900504 0.073064893 0.014054184 0.997228146 4.859970093
0.997133136 0.021311847 -0.072603203 -6.827851295 -0.022333838 0.999662220 -0.013293677 0.011610113 0.072295375 0.014877073 0.997272313 4.943810463
0.997234523 0.017846905 -0.072142594 -6.835693836 -0.018418068 0.999803960 -0.007259666 0.009549905 0.071998894 0.008568318 0.997367859 5.029579639
0.997173071 0.017269457 -0.073127069 -6.838456154 -0.017200846 0.999850750 0.001567913 0.008458553 0.073143229 -0.000305633 0.997321427 5.085800648
0.997102022 0.015352247 -0.074510239 -6.845736027 -0.014712285 0.999849975 0.009130245 0.007682852 0.074639224 -0.008007570 0.997178435 5.171414375
0.996926546 0.014245877 -0.077035211 -6.849915504 -0.013759021 0.999881864 0.006847031 0.006375793 0.077123664 -0.005766058 0.997004867 5.233691216
0.996836007 0.009172915 -0.078954816 -6.856341362 -0.008900260 0.999953151 0.003804524 0.004463555 0.078986026 -0.003089767 0.996870875 5.317084312
0.996629298 0.007511232 -0.081692725 -6.863944054 -0.007360063 0.999970615 0.002151413 0.003675990 0.081706479 -0.001542897 0.996655226 5.400071144
0.996355653 0.009214438 -0.084795818 -6.868105412 -0.009282085 0.999956846 -0.000403519 0.002641735 0.084788434 0.001189130 0.996398211 5.450725079
0.996089876 0.011136550 -0.087641209 -6.877064228 -0.011491125 0.999927819 -0.003542269 0.001135958 0.087595418 0.004535513 0.996145844 5.533057213
0.995664716 0.011558236 -0.092293657 -6.882337570 -0.012297126 0.999896705 -0.007441193 0.000035550 0.092198111 0.008543879 0.995704055 5.592058659
0.995292544 0.013869253 -0.095918648 -6.890552998 -0.015001075 0.999826014 -0.011088734 -0.002338544 0.095748149 0.012475418 0.995327413 5.672224522
0.994957924 0.018320484 -0.098605514 -6.897944450 -0.019528652 0.999745429 -0.011301250 -0.003891341 0.098373353 0.013169901 0.995062411 5.731063366
0.994527221 0.021407414 -0.102261037 -6.907360554 -0.022548750 0.999695539 -0.010017986 -0.005120508 0.102015436 0.012269018 0.994707227 5.811350822
0.994027078 0.025303530 -0.106159776 -6.914173603 -0.025844734 0.999658942 -0.003725155 -0.007076299 0.106029332 0.006446577 0.994342089 5.869012356
0.993596792 0.025057083 -0.110169820 -6.924635887 -0.025030017 0.999685347 0.001628873 -0.008713863 0.110175967 0.001139110 0.993911386 5.947298527
0.993049204 0.024030248 -0.115220584 -6.933359623 -0.023547329 0.999707222 0.005550742 -0.010111820 0.115320235 -0.002799022 0.993324399 6.023856640
0.992305636 0.023687243 -0.121524818 -6.939753056 -0.023071516 0.999712825 0.006471483 -0.010887478 0.121643223 -0.003617927 0.992567301 6.071171284
0.991618931 0.021811858 -0.127342492 -6.950398922 -0.020616239 0.999730170 0.010699628 -0.012293734 0.127541497 -0.007984631 0.991801083 6.146969795
0.990736604 0.021684606 -0.134055078 -6.961609840 -0.020540928 0.999740005 0.009908725 -0.012277462 0.134235084 -0.007063320 0.990924358 6.224471092
0.989729702 0.027091989 -0.140360862 -6.967915058 -0.026057245 0.999618173 0.009204936 -0.013405070 0.140556604 -0.005452981 0.990057647 6.269418240
0.988920629 0.028209133 -0.145740718 -6.981410980 -0.027701575 0.999601007 0.005511311 -0.013409410 0.145838022 -0.001413000 0.989307582 6.341356277
0.987966657 0.028223684 -0.152070194 -6.989116192 -0.028203163 0.999599516 0.002292315 -0.013923146 0.152074024 0.002024131 0.988366961 6.396729946
0.987097323 0.029190922 -0.157438725 -7.001605511 -0.029338339 0.999568522 0.001388035 -0.015546399 0.157411337 0.003248866 0.987527728 6.470292091
0.986302793 0.032075629 -0.161796227 -7.015741825 -0.031480886 0.999484837 0.006238812 -0.016087804 0.161913022 -0.001059868 0.986804426 6.544075966
0.985218644 0.031984415 -0.168289036 -7.022738457 -0.030699275 0.999476254 0.010233367 -0.015998513 0.168528184 -0.004915753 0.985684574 6.587059975
0.984199405 0.030500095 -0.174417183 -7.035487652 -0.028747793 0.999507725 0.012564803 -0.017247066 0.174714580 -0.007352162 0.984591663 6.658809662
0.982935905 0.029805012 -0.181517601 -7.046205044 -0.028798429 0.999551713 0.008179060 -0.016855456 0.181679979 -0.002812071 0.983353674 6.712960720
0.981425226 0.027356105 -0.189884782 -7.060966492 -0.027651530 0.999616981 0.001093937 -0.017482290 0.189841956 0.004176986 0.981805742 6.782950401
0.979668558 0.025698472 -0.198970243 -7.071681499 -0.026358485 0.999652267 -0.000668632 -0.018208604 0.198883846 0.005899590 0.980005443 6.836171150
0.977472365 0.024846809 -0.209595859 -7.087340355 -0.024901254 0.999687076 0.002379573 -0.019219773 0.209589377 0.002893231 0.977785230 6.906131268
0.975082397 0.025142930 -0.220413655 -7.105212212 -0.023877617 0.999679565 0.008403418 -0.020085126 0.220554292 -0.002931071 0.975370347 6.978605270
0.972149789 0.026651395 -0.232839867 -7.114533424 -0.023594283 0.999595106 0.015905438 -0.019733503 0.233169481 -0.009968777 0.972384989 7.019820690
0.969403148 0.028118677 -0.243858472 -7.132761002 -0.024160316 0.999523580 0.019208655 -0.020046383 0.244282410 -0.012729232 0.969620526 7.090035439
0.966282547 0.030510290 -0.255670100 -7.152743340 -0.027496954 0.999503911 0.015353087 -0.021354452 0.256011724 -0.007805269 0.966642022 7.159608841
0.963087797 0.029579574 -0.267557412 -7.164556026 -0.029076029 0.999560118 0.005844696 -0.021091867 0.267612636 0.002150551 0.963524103 7.198247433
0.959606290 0.027640002 -0.279985368 -7.185642242 -0.028619586 0.999590158 0.000589816 -0.020744370 0.279886931 0.007447073 0.960004032 7.267831802
0.956155717 0.025680870 -0.291730553 -7.207835674 -0.025156189 0.999668121 0.005550017 -0.021161247 0.291776270 0.002032149 0.956484377 7.336144924
0.952540517 0.027135426 -0.303199857 -7.220477104 -0.024261167 0.999617875 0.013243129 -0.021998703 0.303443342 -0.005258635 0.952834964 7.375089645
0.948671818 0.026877040 -0.315117925 -7.245012283 -0.022168320 0.999582648 0.018518055 -0.022483706 0.315484166 -0.010581926 0.948871791 7.445039749
0.944515407 0.024866695 -0.327524483 -7.261649132 -0.020481599 0.999648511 0.016831622 -0.022627860 0.327827901 -0.009189501 0.944692791 7.491664886
0.940460026 0.022752548 -0.339142114 -7.286629677 -0.019719092 0.999728799 0.012388203 -0.022585601 0.339331985 -0.004963036 0.940653622 7.560614109
0.937269449 0.019197589 -0.348076820 -7.312838078 -0.018497122 0.999814570 0.005335728 -0.023224257 0.348114729 0.001437403 0.937450886 7.628921986
0.934534311 0.014552820 -0.355575085 -7.327553272 -0.015690964 0.999876976 -0.000317002 -0.023823665 0.355526686 0.005875566 0.934647560 7.664725304
0.931751311 0.015110552 -0.362782508 -7.354995728 -0.017085377 0.999851584 -0.002235528 -0.024452511 0.362694860 0.008281232 0.931871116 7.734534264
0.928615689 0.020087406 -0.370498538 -7.384293556 -0.022524258 0.999743819 -0.002251345 -0.025692387 0.370358407 0.010435838 0.928830266 7.803588867
0.925401986 0.020264905 -0.378444880 -7.398533821 -0.021924499 0.999759555 -0.000076479 -0.026568012 0.378352374 0.008367989 0.925623834 7.836755753
0.922201276 0.020337738 -0.386175126 -7.428470612 -0.019183913 0.999792516 0.006841692 -0.027068861 0.386234164 0.001098932 0.922400117 7.906069756
0.919202149 0.021741571 -0.393185347 -7.456567764 -0.017268836 0.999739707 0.014909915 -0.027650654 0.393407136 -0.006915373 0.919338346 7.973598957
0.916658878 0.033501316 -0.398263991 -7.475965977 -0.027188390 0.999399304 0.021490067 -0.027974859 0.398744702 -0.008870906 0.917019069 8.009488106
0.913872957 0.040462993 -0.403978825 -7.506989479 -0.036016852 0.999178052 0.018602226 -0.028287381 0.404399455 -0.002450026 0.914579093 8.075587273
0.911474288 0.036195762 -0.409761518 -7.538453579 -0.034832537 0.999334872 0.010793434 -0.027752422 0.409879684 0.004435096 0.912128747 8.141805649
0.909417212 0.028363345 -0.414916635 -7.554287910 -0.029680835 0.999554157 0.003274000 -0.027888767 0.414824486 0.009337639 0.909853518 8.179785728
0.907747626 0.029348483 -0.418488771 -7.586971283 -0.030929511 0.999516964 0.003006330 -0.029002629 0.418374926 0.010214666 0.908217013 8.246502876
0.905422151 0.035204679 -0.423049808 -7.620469093 -0.035150163 0.999350607 0.007933030 -0.029338077 0.423054367 0.007687529 0.906071723 8.315322876
0.902762353 0.038223520 -0.428437829 -7.637128830 -0.036430340 0.999259353 0.012387483 -0.029707804 0.428593993 0.004425184 0.903486371 8.350438118
0.900479794 0.035142776 -0.433475643 -7.670659542 -0.033954144 0.999368429 0.010486305 -0.030236281 0.433570355 0.005275588 0.901104331 8.418464661
0.898237884 0.032873854 -0.438278556 -7.704771996 -0.034641016 0.999391913 0.003965507 -0.031006560 0.438142419 0.011620447 0.898830414 8.485095978
0.895973265 0.029848937 -0.443103552 -7.739324093 -0.034327481 0.999408424 -0.002088068 -0.032269362 0.442779154 0.017081484 0.896467984 8.551240921
0.893551171 0.030721104 -0.447908849 -7.750773430 -0.036291003 0.999333680 -0.003856211 -0.032240033 0.447492003 0.019700782 0.894070864 8.575568199
0.891767740 0.033330481 -0.451264054 -7.787485123 -0.037354842 0.999302030 -0.000010247 -0.032986276 0.450948775 0.016866032 0.892390490 8.642757416
0.889526367 0.035626166 -0.455492437 -7.822569847 -0.038639452 0.999249518 0.002697340 -0.034698993 0.455246717 0.015200618 0.890235603 8.708940506
0.886969149 0.036131833 -0.460413039 -7.839773178 -0.039060853 0.999231815 0.003167398 -0.035052750 0.460173815 0.015174741 0.887699127 8.743979454
0.884936869 0.034512136 -0.464430392 -7.876073837 -0.037593525 0.999289751 0.002626282 -0.036433049 0.464191109 0.015135482 0.885605752 8.809321404
0.882635713 0.032173712 -0.468955100 -7.911547184 -0.035335261 0.999373317 0.002058583 -0.037445322 0.468727499 0.014753672 0.883219600 8.876167297
0.880396962 0.031954516 -0.473159611 -7.929056644 -0.034825638 0.999389768 0.002693867 -0.038383696 0.472957015 0.014106411 0.880972564 8.908670425
