0.999097764 0.001998988 -0.042422604 -0.004109432 -0.002141672 0.999992132 -0.003318233 -0.000408808 0.042415630 0.003406095 0.999094248 0.041864600
0.998451591 0.001812805 -0.055598304 -0.006358392 -0.002044772 0.999989569 -0.004115626 -0.000486427 0.055590250 0.004222939 0.998444796 0.052904230
0.997424543 0.001665901 -0.071706273 -0.008182004 -0.001992434 0.999987960 -0.004482473 -0.000317749 0.071697958 0.004613798 0.997415721 0.063787989
0.995847642 0.000381851 -0.091034561 -0.010186225 -0.000749962 0.999991596 -0.004009461 -0.000788625 0.091032267 0.004061085 0.995839655 0.076497093
0.993930042 -0.000860619 -0.110010840 -0.014498993 0.000400002 0.999991059 -0.004209019 -0.001174742 0.110013463 0.004139466 0.993921578 0.095257036
0.991084158 -0.001079643 -0.133233398 -0.016912200 0.000471673 0.999989331 -0.004594665 -0.001237809 0.133236930 0.004490857 0.991074026 0.103627771
0.987631142 0.002653203 -0.156772882 -0.022070764 -0.003555925 0.999978721 -0.005477960 -0.001979234 0.156755000 0.005967677 0.987619460 0.117488287
0.983073354 0.006721622 -0.183088943 -0.026120920 -0.008163039 0.999941289 -0.007120255 -0.002473472 0.183030352 0.008494298 0.983070612 0.131773040
0.977798700 0.009866807 -0.209313706 -0.032978144 -0.011844186 0.999896228 -0.008195590 -0.002861013 0.209211081 0.010492789 0.977814317 0.146799192
0.970929086 0.010076848 -0.239155546 -0.038469605 -0.012478076 0.999885738 -0.008528461 -0.002908438 0.239042327 0.011264732 0.970943809 0.161875263
0.962599933 0.011789182 -0.270670444 -0.044607557 -0.014578564 0.999859273 -0.008297174 -0.003133234 0.270534545 0.011932846 0.962636292 0.177632034
0.953349888 0.013907024 -0.301547229 -0.053611640 -0.016795928 0.999834538 -0.006989516 -0.003590819 0.301400095 0.011728220 0.953425586 0.193644956
0.941710949 0.016090671 -0.336037874 -0.060848899 -0.019206319 0.999797761 -0.005949879 -0.003646210 0.335874170 0.012057117 0.941829681 0.209141403
0.929295182 0.017957486 -0.368901044 -0.070235044 -0.021474475 0.999754667 -0.005429756 -0.003897077 0.368712962 0.012967799 0.929452837 0.224397853
0.915386915 0.020806698 -0.402037323 -0.080845036 -0.024712387 0.999684334 -0.004530084 -0.004145058 0.401816219 0.014082080 0.915612161 0.240407601
0.899339616 0.021964582 -0.436698765 -0.091500968 -0.026236555 0.999648511 -0.003752487 -0.004295815 0.436462998 0.014832227 0.899599910 0.255903035
0.880928516 0.016597603 -0.472958297 -0.102709211 -0.021429414 0.999758542 -0.004829568 -0.003845904 0.472763985 0.014389720 0.881071568 0.271803886
0.859389126 0.012181595 -0.511176944 -0.113729075 -0.017074598 0.999842286 -0.004879025 -0.004427560 0.511036992 0.012921121 0.859461546 0.286515415
0.834426463 0.013805832 -0.550946236 -0.127673075 -0.017334238 0.999849021 -0.001198659 -0.005268993 0.550846577 0.010550425 0.834539831 0.301887006
0.805398345 0.019569203 -0.592410862 -0.143303379 -0.022547336 0.999742925 0.002370965 -0.005451843 0.592304945 0.011447714 0.805632532 0.315656990
0.773167968 0.022885531 -0.633788288 -0.161394089 -0.026137814 0.999649465 0.004210538 -0.005612438 0.633662462 0.013310385 0.773495078 0.330658764
0.736863375 0.022149334 -0.675678790 -0.178413749 -0.025366152 0.999665141 0.005106760 -0.006038949 0.675565660 0.013376384 0.737178504 0.344359368
0.696656644 0.017053338 -0.717202067 -0.197246253 -0.018617256 0.999810517 0.005689152 -0.005841553 0.717163146 0.009388949 0.696842015 0.359548301
0.653975129 0.014060047 -0.756385446 -0.218237847 -0.013882299 0.999881983 0.006583558 -0.005978872 0.756388783 0.006194886 0.654093146 0.373109192
0.609590769 0.013874991 -0.792594850 -0.240480274 -0.011217698 0.999897778 0.008876371 -0.006029874 0.792636991 0.003480135 0.609683990 0.385536313
0.561511040 0.014226735 -0.827346921 -0.265108526 -0.008528698 0.999898612 0.011405536 -0.005822248 0.827425420 0.000651859 0.561575353 0.397848070
0.510793924 0.014398962 -0.859582603 -0.291439414 -0.006735919 0.999896049 0.012746653 -0.005198589 0.859676838 -0.000720834 0.510837793 0.408695996
0.458168715 0.016516829 -0.888711810 -0.319012403 -0.005743917 0.999861419 0.015621332 -0.005481959 0.888846695 -0.002052519 0.458200127 0.418265760
0.403071433 0.018754421 -0.914976418 -0.348192275 -0.003285281 0.999813139 0.019046087 -0.005914313 0.915162623 -0.004670979 0.403057784 0.427270472
0.347882181 0.020241214 -0.937319756 -0.381735504 -0.003738788 0.999788880 0.020202590 -0.004586394 0.937530756 -0.003523682 0.347884417 0.434924781
0.293091059 0.023986256 -0.955783546 -0.413437277 -0.001483502 0.999695599 0.024633344 -0.004930296 0.956083357 -0.005801906 0.293037444 0.441025734
0.239010662 0.026597235 -0.970652580 -0.449444979 0.002911684 0.999600649 0.028107414 -0.005274480 0.971012592 -0.009544205 0.238837793 0.447055370
0.189680740 0.025863150 -0.981505096 -0.488510132 0.006063725 0.999603093 0.027511885 -0.004253755 0.981827140 -0.011170050 0.189448655 0.449345291
0.140602738 0.027109185 -0.989694893 -0.526851892 0.003612183 0.999604344 0.027893789 -0.003621552 0.990059435 -0.007496903 0.140449196 0.452977568
0.098135039 0.027745860 -0.994786322 -0.568376720 0.002882291 0.999599099 0.028164431 -0.003141485 0.995168924 -0.005631180 0.098015733 0.453649104
0.060102224 0.025830759 -0.997857928 -0.610783398 0.000976039 0.999663055 0.025936276 -0.001494814 0.998191714 -0.002532776 0.060056761 0.453219235
0.025261845 0.023101129 -0.999413908 -0.656004548 0.001651256 0.999730647 0.023150187 -0.000822864 0.999679506 -0.002235105 0.025216896 0.452439100
-0.005777923 0.020417258 -0.999774873 -0.701800048 0.002996627 0.999787390 0.020400193 -0.000221591 0.999978840 -0.002878082 -0.005837878 0.449440092
-0.032156222 0.018612605 -0.999309599 -0.750538111 0.002098027 0.999825656 0.018554706 0.000363193 0.999480665 -0.001499929 -0.032189671 0.445725769
-0.053125054 0.016096579 -0.998458087 -0.799113512 0.001358403 0.999870241 0.016047068 0.001494263 0.998586953 -0.000503807 -0.053140033 0.441518515
-0.069452904 0.015024696 -0.997472048 -0.851495802 0.001647109 0.999886870 0.014946385 0.002678697 0.997583926 -0.000604875 -0.069469795 0.436969340
-0.082491599 0.015616633 -0.996469378 -0.903418899 0.003035926 0.999876499 0.015418702 0.003291509 0.996587038 -0.001753294 -0.082528792 0.431436449
-0.092313856 0.016679985 -0.995590270 -0.959207773 0.002642231 0.999860227 0.016506530 0.003761017 0.995726407 -0.001106798 -0.092344999 0.425547004
-0.098758720 0.018004065 -0.994948566 -1.013575554 0.000348768 0.999836922 0.018057905 0.003537878 0.995111346 0.001436369 -0.098748893 0.418984354
-0.102872528 0.018783810 -0.994517207 -1.072864652 0.000463453 0.999822497 0.018836072 0.004448560 0.994694412 0.001476803 -0.102862976 0.412129581
-0.104375444 0.019821297 -0.994340360 -1.130471826 0.002075184 0.999803483 0.019712362 0.004810568 0.994535804 -0.000005953 -0.104396082 0.405553639
-0.103471249 0.022064656 -0.994387627 -1.192673564 0.004133859 0.999754786 0.021753600 0.005567893 0.994623899 -0.001859787 -0.103537090 0.399073660
-0.102082305 0.024274202 -0.994479775 -1.254141569 0.003674710 0.999704599 0.024024529 0.006454132 0.994769156 -0.001201945 -0.102141351 0.393071026
-0.100201286 0.024181675 -0.994673312 -1.319603801 0.001028587 0.999706566 0.024200423 0.007039143 0.994966626 0.001401805 -0.100196756 0.386180609
-0.098608904 0.021625288 -0.994891405 -1.381949425 -0.000267658 0.999763191 0.021757714 0.007905211 0.995126128 0.002411795 -0.098579787 0.378956437
-0.097459979 0.021446232 -0.995008349 -1.451008201 -0.000897690 0.999765456 0.021636691 0.008916223 0.995239019 0.003001920 -0.097417884 0.372638047
-0.095666148 0.023893151 -0.995126665 -1.518180251 0.000208030 0.999712288 0.023983257 0.011050588 0.995413482 0.002087370 -0.095643580 0.365404010
-0.094019867 0.027078254 -0.995202005 -1.590541482 -0.000679223 0.999628067 0.027262853 0.012084292 0.995570123 0.003239213 -0.093966499 0.358535320
-0.092076413 0.029695138 -0.995309114 -1.658715487 -0.001754367 0.999548852 0.029983930 0.012285985 0.995750368 0.004506950 -0.091982789 0.351924300
-0.090261854 0.029093923 -0.995492995 -1.732604861 -0.004138440 0.999553561 0.029587831 0.013324875 0.995909452 0.006790441 -0.090101153 0.345059603
-0.088424027 0.025981832 -0.995743930 -1.804454207 -0.006181630 0.999626160 0.026632069 0.014949556 0.996063769 0.008510237 -0.088230357 0.337398231
-0.086669073 0.025114028 -0.995920479 -1.882436872 -0.007042191 0.999641716 0.025820706 0.016569236 0.996212304 0.009251320 -0.086461164 0.329701662
-0.085245006 0.027793547 -0.995972276 -1.961382031 -0.004125076 0.999592423 0.028247634 0.017709497 0.996351540 0.006516433 -0.085095644 0.323791504
-0.084218107 0.029692201 -0.996004820 -2.030448914 -0.001807155 0.999549806 0.029950676 0.019142214 0.996445715 0.004322325 -0.084126532 0.317220300
-0.082919285 0.031434674 -0.996060312 -2.111688375 -0.001241804 0.999498367 0.031646550 0.020547826 0.996555567 0.003861022 -0.082838655 0.309987009
-0.082161166 0.026668819 -0.996262133 -2.192956448 -0.001205199 0.999638557 0.026858591 0.021663010 0.996618330 0.003407427 -0.082099326 0.303518951
-0.081994608 0.019829024 -0.996435404 -2.261988401 0.000449338 0.999802589 0.019859057 0.022220992 0.996632636 0.001180599 -0.081987344 0.297422409
-0.082073048 0.015367895 -0.996507883 -2.343517065 0.003379953 0.999879599 0.015141519 0.022901643 0.996620595 -0.002125439 -0.082115114 0.291051626
-0.082556643 0.016177228 -0.996455014 -2.428128958 0.004174730 0.999865055 0.015886711 0.023271639 0.996577561 -0.002848378 -0.082613043 0.282861054
-0.082614578 0.023669295 -0.996300459 -2.500548124 0.004406066 0.999716759 0.023385108 0.023842730 0.996571779 -0.002457815 -0.082695469 0.276457191
-0.083157942 0.030450100 -0.996071041 -2.585061312 0.002786276 0.999536276 0.030323416 0.025340874 0.996532500 -0.000253696 -0.083204217 0.269273490
-0.083610229 0.035827100 -0.995854259 -2.668314695 0.001298979 0.999356508 0.035844035 0.026596941 0.996497691 0.001703334 -0.083602965 0.261424839
-0.083729036 0.036571175 -0.995817244 -2.742811441 -0.000457566 0.999324918 0.036738474 0.027018078 0.996488452 0.003531728 -0.083655782 0.254457533
-0.084219418 0.033019021 -0.995899975 -2.826214314 -0.000013050 0.999450743 0.033137865 0.028251484 0.996447206 0.002803848 -0.084172748 0.247494325
-0.084515631 0.030182838 -0.995964885 -2.909696341 -0.000363116 0.999540150 0.030322008 0.029822607 0.996422052 0.002924334 -0.084465802 0.239918366
-0.084328525 0.031654894 -0.995935023 -2.983387709 -0.002343589 0.999486148 0.031966202 0.030495152 0.996435285 0.005029725 -0.084211022 0.231924489
-0.084250495 0.034199111 -0.995857596 -3.067679167 -0.003351949 0.999395370 0.034604184 0.031800866 0.996438980 0.006253484 -0.084084943 0.223953336
-0.083911322 0.032470636 -0.995944023 -3.150105715 -0.003627960 0.999452293 0.032890689 0.032591917 0.996466696 0.006373146 -0.083747558 0.215715885
-0.083833501 0.027243916 -0.996107280 -3.222374678 -0.004962811 0.999602377 0.027757186 0.033901107 0.996467412 0.007270474 -0.083664946 0.210757434
-0.083467640 0.022942666 -0.996246397 -3.305719376 -0.006644970 0.999699950 0.023578927 0.035100717 0.996488333 0.008588105 -0.083290137 0.202094674
-0.082531065 0.023749646 -0.996305406 -3.386996746 -0.006755585 0.999679744 0.024389690 0.036118023 0.996565521 0.008743534 -0.082344174 0.193695903
-0.082824282 0.026677717 -0.996207178 -3.459703445 -0.005411988 0.999614835 0.027218925 0.035294805 0.996549428 0.007645848 -0.082648017 0.190032005
-0.082533240 0.030883428 -0.996109724 -3.542995214 -0.004065454 0.999500990 0.031325407 0.037332870 0.996580064 0.006635026 -0.082366496 0.182358742
-0.081849582 0.036637031 -0.995971143 -3.622963428 -0.003184135 0.999309361 0.037021495 0.038991235 0.996639609 0.006201500 -0.081676409 0.175846487
-0.082040191 0.040006850 -0.995825827 -3.706923246 -0.003495632 0.999176323 0.040429443 0.039517447 0.996622801 0.006797880 -0.081832767 0.167769790
-0.081614546 0.039802399 -0.995868862 -3.778210402 -0.004197871 0.999179661 0.040278748 0.041902587 0.996655107 0.007467861 -0.081380516 0.163194120
-0.081789963 0.035279367 -0.996024966 -3.862828732 -0.003436876 0.999357343 0.035679631 0.043818086 0.996643543 0.006341450 -0.081616156 0.156576544
-0.081333540 0.030873321 -0.996208668 -3.944364309 -0.004920809 0.999495506 0.031376939 0.045574464 0.996674836 0.007454150 -0.081140608 0.149603337
-0.081292696 0.028538547 -0.996281505 -4.023438454 -0.009007921 0.999528170 0.029366560 0.045373954 0.996649623 0.011361713 -0.080997273 0.142611027
-0.080930598 0.026849125 -0.996358037 -4.110571861 -0.012028126 0.999538004 0.027911823 0.046356380 0.996647179 0.014243241 -0.080570281 0.130619377
-0.082047097 0.024642607 -0.996323884 -4.170742989 -0.010335534 0.999619424 0.025575252 0.047379807 0.996574879 0.012395916 -0.081761181 0.128119707
-0.083384082 0.021100814 -0.996294141 -4.253633499 -0.007360322 0.999735475 0.021789718 0.047658619 0.996490240 0.009149963 -0.083206706 0.121278346
-0.083847754 0.019787993 -0.996282101 -4.336760521 -0.002602627 0.999794960 0.020076808 0.048114717 0.996475220 0.004276347 -0.083779059 0.113154799
-0.085923910 0.023310566 -0.996029019 -4.404320240 -0.002413391 0.999718487 0.023605106 0.048712064 0.996298790 0.004432051 -0.085843474 0.108358949
-0.088087320 0.029150376 -0.995686173 -4.487059593 0.000482285 0.999572992 0.029221499 0.050152734 0.996112585 0.002093839 -0.088063747 0.101416737
-0.090202920 0.033218339 -0.995369315 -4.569231033 0.002445177 0.999448061 0.033132859 0.050601482 0.995920479 0.000554827 -0.090234339 0.094259351
-0.092088364 0.032964259 -0.995205104 -4.649345875 0.002327977 0.999456227 0.032889664 0.050613388 0.995748162 0.000711940 -0.092115022 0.087866694
-0.092088453 0.028403325 -0.995345652 -4.712023735 -0.001302591 0.999588788 0.028644927 0.051761866 0.995749950 0.003934395 -0.092013575 0.079640597
-0.093305260 0.024735086 -0.995330215 -4.791949749 -0.005857452 0.999660432 0.025391793 0.052285202 0.995620251 0.008199288 -0.093128689 0.070664763
-0.094329551 0.023563841 -0.995262146 -4.871701241 -0.010652492 0.999638736 0.024677090 0.053013563 0.995483994 0.012929798 -0.094044439 0.061370164
-0.095412612 0.024409050 -0.995138586 -4.951876640 -0.011801689 0.999601305 0.025650049 0.053809218 0.995367825 0.014191654 -0.095086522 0.052316904
-0.096677326 0.025994688 -0.994976282 -5.013664246 -0.011848401 0.999558032 0.027265644 0.054159977 0.995245218 0.014424848 -0.096326604 0.047682643
-0.097777627 0.025358601 -0.994885206 -5.091952801 -0.013681068 0.999546647 0.026821993 0.055213690 0.995114207 0.016233683 -0.097386360 0.039421409
-0.099335410 0.025431374 -0.994728923 -5.165090084 -0.014064938 0.999537528 0.026958859 0.055733338 0.994954586 0.016668769 -0.098931782 0.034098327
-0.099337988 0.026469363 -0.994701624 -5.233120441 -0.012666490 0.999531627 0.027862849 0.058037445 0.994973123 0.015367220 -0.098956175 0.026320040
-0.100833327 0.028610142 -0.994491875 -5.313509464 -0.010402356 0.999501467 0.029808976 0.060427994 0.994848967 0.013350800 -0.100485452 0.021032810
-0.100964092 0.032477833 -0.994359910 -5.387403965 -0.010727365 0.999373436 0.033730812 0.062681228 0.994832218 0.014072462 -0.100552447 0.014033496
-0.100492463 0.036086947 -0.994283140 -5.448425293 -0.011792385 0.999228597 0.037458293 0.059769630 0.994868040 0.015489243 -0.099989377 0.004537344
-0.100581847 0.035496596 -0.994295299 -5.527320385 -0.011326095 0.999257803 0.036819488 0.061807334 0.994864285 0.014964856 -0.100105144 -0.006369710
-0.101497583 0.033596881 -0.994268298 -5.596931934 -0.011472617 0.999323547 0.034938853 0.061831325 0.994769573 0.014953068 -0.101043500 -0.010983884
-0.101892076 0.030487875 -0.994328141 -5.672622204 -0.010687842 0.999439001 0.031739794 0.062383763 0.994737983 0.013861254 -0.101509057 -0.019557178
-0.101445757 0.027248796 -0.994467854 -5.743626118 -0.011062775 0.999532223 0.028516065 0.064164348 0.994779527 0.013894407 -0.101096846 -0.028241336
-0.100129969 0.025203731 -0.994655073 -5.789270401 -0.011504417 0.999583006 0.026486726 0.063878573 0.994907916 0.014095040 -0.099798247 -0.032321334
-0.097811870 0.024213072 -0.994910300 -5.857696533 -0.013521588 0.999579430 0.025656041 0.064928949 0.995113134 0.015962232 -0.097443327 -0.039986134
-0.093542352 0.025107749 -0.995298624 -5.926910877 -0.013550154 0.999557376 0.026488679 0.065438114 0.995523155 0.015964262 -0.093160741 -0.046886444
-0.087916248 0.026540406 -0.995774269 -5.992619991 -0.013077437 0.999528170 0.027795056 0.065915152 0.996042073 0.015465811 -0.087527685 -0.052550733
-0.081474297 0.028226074 -0.996275604 -6.036774158 -0.012329974 0.999493837 0.029325584 0.065527901 0.996599138 0.014673334 -0.081085026 -0.053511947
-0.072741866 0.029771624 -0.996906281 -6.099355221 -0.013262688 0.999437034 0.030814948 0.065725461 0.997262597 0.015463193 -0.072306074 -0.058131278
-0.060569175 0.031297009 -0.997673273 -6.162874222 -0.015087918 0.999365330 0.032266092 0.066764548 0.998049915 0.017007142 -0.060058538 -0.063221663
-0.046272494 0.033274997 -0.998374581 -6.222020626 -0.018079231 0.999253452 0.034142226 0.065705702 0.998765171 0.019629689 -0.045636371 -0.064407632
-0.027551912 0.033572406 -0.999056518 -6.280409813 -0.019218959 0.999233305 0.034108371 0.068406880 0.999435544 0.020140577 -0.026885577 -0.066991925
-0.005619340 0.035120472 -0.999367297 -6.336088657 -0.020641180 0.999166012 0.035229467 0.068164498 0.999771059 0.020826086 -0.004889742 -0.065967612
0.019988207 0.035200674 -0.999180317 -6.364365578 -0.020277385 0.999188721 0.034795318 0.068999827 0.999594569 0.019565267 0.020685766 -0.061120436
0.049073592 0.034132171 -0.998211741 -6.415357113 -0.019146502 0.999264419 0.033226892 0.070534319 0.998611689 0.017481698 0.049691007 -0.056193352
0.083210200 0.034407537 -0.995937824 -6.464190483 -0.017579459 0.999298871 0.033054899 0.070546404 0.996376991 0.014757543 0.083756730 -0.050706863
0.120321140 0.034756012 -0.992126405 -6.508718491 -0.016764320 0.999315500 0.032974750 0.070549935 0.992593467 0.012664767 0.120821461 -0.042298973
0.162549347 0.034859531 -0.986084461 -6.553076267 -0.016299535 0.999334216 0.032641061 0.070730463 0.986565769 0.010766933 0.163009316 -0.035951495
0.207001179 0.035302281 -0.977703512 -6.579388618 -0.015842704 0.999338627 0.032729223 0.071823925 0.978212357 0.008714478 0.207423538 -0.025145769
0.255651951 0.034088057 -0.966167748 -6.621843815 -0.012634058 0.999410629 0.031917900 0.072194487 0.966686308 0.004046744 0.255931944 -0.011060119
0.306134045 0.029014573 -0.951546192 -6.662561417 -0.004931747 0.999570310 0.028892275 0.072380491 0.951975703 -0.004152127 0.306145608 0.005940199
0.356726378 0.024151204 -0.933896661 -6.690834045 0.000315139 0.999662757 0.025972325 0.071731187 0.934208810 -0.009559323 0.356598347 0.020944118
0.408603221 0.019796131 -0.912497401 -6.728622437 0.004917233 0.999702573 0.023889860 0.072050437 0.912698865 -0.014248436 0.408384234 0.043110609
0.459400296 0.019380203 -0.888017893 -6.764853477 0.005032540 0.999689102 0.024420824 0.072810948 0.888215065 -0.015687920 0.459159970 0.066146135
0.507781625 0.017803432 -0.861301899 -6.793052673 0.006384053 0.999681234 0.024427509 0.073604554 0.861462116 -0.017902436 0.507506013 0.085541010
0.552887678 0.013220211 -0.833150804 -6.827480316 0.014435207 0.999572098 0.025440291 0.074410453 0.833130658 -0.026092332 0.552460313 0.113631487
0.596502185 0.007095800 -0.802580118 -6.859419823 0.024533417 0.999332547 0.027069326 0.074204259 0.802236378 -0.035836950 0.595929980 0.144383430
0.638813913 0.002105589 -0.769358397 -6.881520271 0.026152125 0.999358892 0.024449695 0.074188352 0.768916667 -0.035739154 0.638349354 0.167403460
0.680322647 -0.002102030 -0.732909739 -6.912165642 0.022576667 0.999581397 0.018089905 0.074088305 0.732564867 -0.028853631 0.680085421 0.199385405
0.720665812 -0.009769677 -0.693213880 -6.934219360 0.019686973 0.999785900 0.006376299 0.075270191 0.693003178 -0.018242462 0.720703721 0.227458000
0.760375440 -0.011703299 -0.649378359 -6.961827278 0.014257764 0.999897540 -0.001325650 0.075444788 0.649327278 -0.008250693 0.760464311 0.263029575
0.797345221 -0.012703042 -0.603389680 -6.983019829 0.013053645 0.999907553 -0.003801202 0.074988648 0.603382170 -0.004845564 0.797437429 0.296983957
0.831554413 -0.013950499 -0.555268049 -7.009295464 0.013251031 0.999898255 -0.005276960 0.074783474 0.555285156 -0.002969794 0.831654727 0.341029167
0.862772584 -0.012655682 -0.505433857 -7.029192448 0.010238276 0.999919057 -0.007560542 0.074655458 0.505488634 0.001348256 0.862832189 0.379431725
0.889033020 -0.010903548 -0.457713395 -7.051709175 0.009193513 0.999940038 -0.005963463 0.073399909 0.457750857 0.001093723 0.889079809 0.428615808
0.910572052 -0.004565548 -0.413325131 -7.069308758 0.002902732 0.999984980 -0.004650900 0.072645791 0.413340211 0.003035208 0.910571635 0.471538544
0.928339481 0.000110001 -0.371733516 -7.089406013 -0.002462160 0.999979854 -0.005852905 0.071547091 0.371725380 0.006348750 0.928321064 0.524586439
0.942187905 0.005096273 -0.335046202 -7.106272697 -0.006992633 0.999965608 -0.004453941 0.071331516 0.335012019 0.006539304 0.942191184 0.572420359
0.952224851 0.005772778 -0.305343300 -7.123390198 -0.006831893 0.999973834 -0.002400157 0.070117056 0.305321455 0.004371561 0.952239335 0.631456614
0.959746122 0.004880455 -0.280826509 -7.136986732 -0.005424308 0.999984622 -0.001159360 0.070222922 0.280816525 0.002635981 0.959757864 0.682652235
0.965678215 0.005000702 -0.259693325 -7.153944492 -0.005011959 0.999987245 0.000618804 0.070106454 0.259693116 0.000704007 0.965690970 0.746101499
0.970343471 0.007478878 -0.241614491 -7.166324139 -0.006946939 0.999971211 0.003053402 0.069865741 0.241630360 -0.001284367 0.970367551 0.801408291
0.974045992 0.012346994 -0.226013079 -7.183179855 -0.011618074 0.999922156 0.004555016 0.069674939 0.226051688 -0.001810959 0.974113703 0.868455887
0.976959229 0.016512325 -0.212786555 -7.195133686 -0.015548072 0.999859869 0.006204253 0.068800926 0.212859198 -0.002752881 0.977078974 0.925405622
0.979771018 0.014865958 -0.199568957 -7.209148407 -0.013806282 0.999882221 0.006700518 0.067685358 0.199645042 -0.003809668 0.979860842 0.996568084
0.982385576 0.014945496 -0.186266676 -7.220032692 -0.014138157 0.999883831 0.005662011 0.067965955 0.186329708 -0.002928810 0.982482910 1.056721449
0.984984696 0.015082697 -0.171981737 -7.232631207 -0.014256114 0.999880016 0.006040378 0.068321347 0.172052220 -0.003497889 0.985081613 1.132034302
0.987370431 0.017171703 -0.157495171 -7.242724419 -0.016329875 0.999844551 0.006637692 0.067721181 0.157584712 -0.003981985 0.987497449 1.194051027
0.989296138 0.016952120 -0.144933358 -7.254282475 -0.016533906 0.999854863 0.004089692 0.066696391 0.144981697 -0.001649602 0.989433050 1.271561146
0.990815163 0.017954469 -0.134026170 -7.262520313 -0.018267358 0.999832511 -0.001105103 0.065721288 0.133983880 0.003543257 0.990977168 1.336237907
0.992101848 0.016483810 -0.124347016 -7.272695541 -0.017554900 0.999817550 -0.007522869 0.064986452 0.124200322 0.009646351 0.992210269 1.416789293
0.993085265 0.015880173 -0.116316184 -7.280928612 -0.016913129 0.999825716 -0.007898923 0.064779118 0.116170488 0.009811576 0.993180752 1.484895229
0.993867576 0.017587243 -0.109169126 -7.291215420 -0.017888309 0.999838412 -0.001778990 0.063818663 0.109120205 0.003720932 0.994021475 1.568417549
0.994329572 0.022075467 -0.104025848 -7.301246166 -0.021572953 0.999749541 0.005953439 0.063094862 0.104131214 -0.003675533 0.994556785 1.651438236
0.994716167 0.023231516 -0.100000903 -7.307065010 -0.022345617 0.999700546 0.009970048 0.061799757 0.100202583 -0.007682783 0.994937360 1.713594675
0.995090425 0.021805437 -0.096538678 -7.316696644 -0.021042030 0.999738872 0.008918922 0.061443638 0.096707962 -0.006843762 0.995289266 1.798958778
0.995409369 0.021558098 -0.093250848 -7.324909210 -0.020931672 0.999751329 0.007690642 0.060620528 0.093393460 -0.005703439 0.995612860 1.879800797
0.995660245 0.020632200 -0.090747118 -7.329117775 -0.019744407 0.999748111 0.010670061 0.058923960 0.090944417 -0.008832008 0.995816767 1.939675093
0.995936930 0.018373908 -0.088159315 -7.336464882 -0.017307084 0.999767601 0.012850300 0.058791120 0.088374950 -0.011272306 0.996023476 2.021149874
0.996272504 0.015870869 -0.084789500 -7.344965935 -0.014686651 0.999785900 0.014572162 0.058391482 0.085002623 -0.013272570 0.996292293 2.105674744
0.996457398 0.015361114 -0.082683481 -7.349008560 -0.014529138 0.999837697 0.010654515 0.058035146 0.082833722 -0.009415451 0.996518850 2.166426897
0.996537268 0.018313237 -0.081104480 -7.356428146 -0.018091545 0.999830365 0.003467511 0.057247594 0.081154227 -0.001988200 0.996699572 2.247772217
0.996678233 0.018428657 -0.079327524 -7.364636421 -0.018834719 0.999813080 -0.004373563 0.056346573 0.079232082 0.005853145 0.996838987 2.330596924
0.996761501 0.019569874 -0.077997066 -7.368985176 -0.020269424 0.999760926 -0.008187252 0.054999832 0.077818222 0.009741693 0.996919990 2.386781693
0.996872127 0.020947445 -0.076204889 -7.374769688 -0.021495489 0.999748588 -0.006378529 0.053091355 0.076052129 0.007996639 0.997071803 2.466101408
0.997028410 0.024545930 -0.073018946 -7.383890629 -0.024816776 0.999688029 -0.002804138 0.051867038 0.072927341 0.004607901 0.997326612 2.551918983
0.997103989 0.027051454 -0.071077608 -7.386759281 -0.026944151 0.999633849 0.002468117 0.050800201 0.071118362 -0.000545843 0.997467697 2.606962681
0.997333109 0.024949370 -0.068586826 -7.392616749 -0.024700256 0.999684870 0.004477800 0.048876517 0.068676926 -0.002771746 0.997635126 2.687454224
0.997500002 0.021610182 -0.067280337 -7.398783684 -0.021366684 0.999762237 0.004336682 0.047990222 0.067358054 -0.002888283 0.997724652 2.770612955
0.997599721 0.019731250 -0.066373564 -7.401636600 -0.019489441 0.999800801 0.004288678 0.047090653 0.066444971 -0.002984800 0.997785628 2.824887514
0.997704566 0.020020550 -0.064690158 -7.408035755 -0.019898500 0.999798715 0.002530472 0.045994833 0.064727813 -0.001237426 0.997902215 2.906520367
0.997738481 0.017193176 -0.064980306 -7.412325382 -0.017159298 0.999852061 0.001079445 0.045333229 0.064989269 0.000038013 0.997885942 2.988543034
0.997784734 0.016582195 -0.064426281 -7.414912701 -0.016543664 0.999862492 0.001131550 0.044807948 0.064436190 -0.000063197 0.997921824 3.040924072
0.997759759 0.019747099 -0.063918062 -7.420785904 -0.019627260 0.999804258 0.002502333 0.043446735 0.063954957 -0.001242191 0.997952044 3.123186111
0.997801960 0.019792747 -0.063241698 -7.426502228 -0.019728789 0.999804020 0.001635726 0.042625070 0.063261688 -0.000384449 0.997996926 3.206309080
0.997692108 0.019538235 -0.065028362 -7.430651188 -0.019500740 0.999809086 0.001211327 0.041976068 0.065039605 0.000059570 0.997882724 3.261564732
0.997607350 0.016277688 -0.067191213 -7.436278820 -0.016215192 0.999867380 0.001475478 0.040833332 0.067206323 -0.000382429 0.997739077 3.345349073
0.997408748 0.018866425 -0.069423921 -7.444934368 -0.018838119 0.999821961 0.001062484 0.040253118 0.069431610 0.000248085 0.997586668 3.428395271
0.997066677 0.022833515 -0.073054612 -7.447854042 -0.022783160 0.999739289 0.001522687 0.038558129 0.073070340 0.000146195 0.997326791 3.487534523
0.996905923 0.022771599 -0.075233810 -7.456045151 -0.023078246 0.999728501 -0.003208928 0.037340116 0.075140297 0.004935263 0.997160792 3.573627472
0.996741831 0.024015971 -0.077000335 -7.465692043 -0.024634629 0.999671340 -0.007094529 0.036705378 0.076804660 0.008968287 0.997005880 3.658591747
0.996532202 0.022924988 -0.079989217 -7.467689037 -0.023691159 0.999682009 -0.008642414 0.035786670 0.079765640 0.010507479 0.996758282 3.714731216
0.996382475 0.024038961 -0.081512488 -7.477238178 -0.024666930 0.999673307 -0.006705555 0.033413459 0.081324659 0.008691960 0.996649861 3.803657532
0.996215761 0.022170587 -0.084040508 -7.484409332 -0.022746859 0.999723852 -0.005905661 0.031446166 0.083886363 0.007794970 0.996444821 3.892896652
0.996058226 0.021696834 -0.086007535 -7.488789558 -0.022177372 0.999743283 -0.004635477 0.031462148 0.085884869 0.006524626 0.996283710 3.949150324
0.995921493 0.021471124 -0.087632962 -7.496377468 -0.021632558 0.999765515 -0.000892741 0.030048713 0.087593250 0.002784823 0.996152461 4.040587425
0.995872319 0.020795003 -0.088351369 -7.505344391 -0.020513766 0.999781132 0.004090058 0.028454136 0.088417076 -0.002260756 0.996081054 4.133934021
0.995960653 0.020672420 -0.087378629 -7.510809422 -0.020230258 0.999777675 0.005942919 0.028069545 0.087482072 -0.004151220 0.996157408 4.191035748
0.996048152 0.023692701 -0.085596181 -7.519593239 -0.023234662 0.999709904 0.006343586 0.026994348 0.085721679 -0.004329719 0.996309698 4.285184860
0.996149182 0.022616500 -0.084707521 -7.525743008 -0.022252569 0.999738574 0.005238158 0.024926618 0.084803864 -0.003333027 0.996392012 4.380253315
0.996390104 0.020586479 -0.082358316 -7.531431675 -0.020445742 0.999787688 0.002551910 0.025491666 0.082393363 -0.000858821 0.996599555 4.432662964
0.996609449 0.017373441 -0.080423079 -7.538887024 -0.017357679 0.999848902 0.000895159 0.024051275 0.080426484 0.000503834 0.996760428 4.527226925
0.996775270 0.016199816 -0.078591965 -7.546034336 -0.016197391 0.999868512 0.000668398 0.023273762 0.078592472 0.000606742 0.996906757 4.621869564
0.996853352 0.013612843 -0.078089856 -7.550707817 -0.013414800 0.999905288 0.003060112 0.022842906 0.078124106 -0.002002923 0.996941566 4.678941727
0.996971428 0.010906690 -0.076999627 -7.558302879 -0.010539808 0.999931037 0.005169475 0.022292189 0.077050701 -0.004342258 0.997017741 4.772448540
0.997078955 0.010146064 -0.075700089 -7.566609859 -0.009800567 0.999939740 0.004934108 0.022062439 0.075745583 -0.004177792 0.997118473 4.866936684
0.997115970 0.012269001 -0.074894503 -7.574488640 -0.012163347 0.999924302 0.001866666 0.020702027 0.074911729 -0.000950315 0.997189641 4.962876797
0.997080207 0.013996670 -0.075067088 -7.576534271 -0.014298426 0.999891639 -0.003483851 0.019084385 0.075010188 0.004547019 0.997172415 5.000860214
0.997135758 0.015930600 -0.073934175 -7.583940506 -0.016661799 0.999818027 -0.009283600 0.017480779 0.073772825 0.010488888 0.997219920 5.094514847
0.997099638 0.020558178 -0.073276445 -7.592247009 -0.021710755 0.999652267 -0.014967367 0.015181005 0.072943263 0.016514845 0.997199357 5.187584400
0.997163117 0.020441292 -0.072443858 -7.595707893 -0.021609150 0.999648333 -0.015373834 0.012894906 0.072104126 0.016895667 0.997254133 5.239019394
0.997259140 0.017627764 -0.071857639 -7.602735519 -0.018364850 0.999785185 -0.009609735 0.011202753 0.071672782 0.010903051 0.997368693 5.331854820
0.997224987 0.016628014 -0.072567858 -7.607820511 -0.016730029 0.999859631 -0.000798113 0.009532720 0.072544411 0.002009960 0.997363091 5.397823811
0.997153103 0.015732532 -0.073745131 -7.614871979 -0.015237544 0.999857426 0.007270021 0.006938912 0.073849000 -0.006125628 0.997250557 5.489683628
0.996974826 0.014298780 -0.076398931 -7.623085022 -0.013989320 0.999891758 0.004584233 0.005277338 0.076456189 -0.003501596 0.997066915 5.606944084
0.996872306 0.009105140 -0.078503035 -7.625085354 -0.009040370 0.999958396 0.001180424 0.005747254 0.078510515 -0.000467035 0.996913195 5.629888535
0.996675789 0.007375035 -0.081135415 -7.632230759 -0.007431200 0.999972284 -0.000390304 0.004321481 0.081130296 0.000991940 0.996703029 5.720190048
0.996434391 0.009455164 -0.083840236 -7.638152599 -0.009683711 0.999950469 -0.002319724 0.002245246 0.083814152 0.003123338 0.996476471 5.781660080
0.996123612 0.011329881 -0.087232403 -7.646073818 -0.011885018 0.999912381 -0.005847112 0.000407122 0.087158501 0.006861205 0.996170878 5.869972229
0.995762527 0.012027521 -0.091172710 -7.652958870 -0.012929328 0.999873042 -0.009307006 -0.000827190 0.091049224 0.010446369 0.995791554 5.931573868
0.995400965 0.013674906 -0.094815351 -7.661051273 -0.015000691 0.999799132 -0.013284183 -0.003182478 0.094614655 0.014645383 0.995406210 6.018837452
0.995050192 0.018880259 -0.097564027 -7.668767452 -0.020262383 0.999707639 -0.013194942 -0.005109556 0.097286381 0.015106509 0.995141745 6.080283165
0.994611084 0.022203151 -0.101270862 -7.678549767 -0.023475768 0.999659538 -0.011391940 -0.007248551 0.100983441 0.013707962 0.994793713 6.167700291
0.994125783 0.024909999 -0.105324872 -7.685671329 -0.025623798 0.999656975 -0.005429133 -0.009047814 0.105153486 0.008096064 0.994423091 6.227880478
0.993670106 0.024872817 -0.109548703 -7.695155621 -0.025021499 0.999686956 0.000017453 -0.010987950 0.109514832 0.002723731 0.993981481 6.315605164
0.993102968 0.023721207 -0.114820212 -7.702381134 -0.023414895 0.999717772 0.004015917 -0.012382524 0.114883058 -0.001299716 0.993378222 6.374285221
0.992343664 0.023484493 -0.121253885 -7.713080406 -0.023072040 0.999722302 0.004804609 -0.013333291 0.121333048 -0.001970249 0.992609978 6.459967613
0.991722286 0.021489350 -0.126590610 -7.721703529 -0.020549892 0.999750793 0.008722678 -0.014317535 0.126746535 -0.006049053 0.991916656 6.516953468
0.990821779 0.023187123 -0.133171782 -7.733319283 -0.022331316 0.999719262 0.007916560 -0.014717367 0.133317992 -0.004869998 0.991061389 6.600314617
0.989897072 0.026900057 -0.139212891 -7.742444992 -0.026091371 0.999630332 0.007631080 -0.016194250 0.139366701 -0.003921729 0.990233064 6.655750275
0.989020169 0.028255176 -0.145054817 -7.755094528 -0.027927823 0.999600649 0.004292955 -0.017715309 0.145118162 -0.000194754 0.989414334 6.737698555
0.988124073 0.027112804 -0.151247323 -7.764160156 -0.027266577 0.999627709 0.001057526 -0.017825190 0.151219681 0.003079030 0.988495409 6.792292118
0.987225056 0.027810516 -0.156886205 -7.777314663 -0.028125606 0.999604523 0.000211663 -0.019288814 0.156830013 0.004203561 0.987616718 6.872696400
0.986449599 0.030576522 -0.161190480 -7.787818909 -0.030188737 0.999532402 0.004854864 -0.019345518 0.161263600 0.000077058 0.986911297 6.929068089
0.985409915 0.031109208 -0.167330816 -7.802332401 -0.030020006 0.999508500 0.009035438 -0.020759538 0.167529643 -0.003880339 0.985859334 7.010604858
0.984355092 0.029785303 -0.173660442 -7.817226410 -0.028200321 0.999535084 0.011587696 -0.022063427 0.173924863 -0.006509127 0.984737456 7.090925217
0.983092070 0.027763909 -0.180994809 -7.824059486 -0.026866799 0.999611616 0.007406762 -0.021992564 0.181130126 -0.002418778 0.983456135 7.130559921
0.981556475 0.024789264 -0.189558610 -7.839246273 -0.025161538 0.999683380 0.000442815 -0.022828814 0.189509526 0.004334938 0.981869280 7.208991528
0.979792893 0.023228910 -0.198661178 -7.856042862 -0.023955489 0.999712169 -0.001254372 -0.024368819 0.198574856 0.005988050 0.980067372 7.288843632
0.977517784 0.023031706 -0.209591001 -7.864480019 -0.023260383 0.999728501 0.001374181 -0.024627145 0.209565744 0.003531879 0.977788150 7.327860355
0.975025833 0.022264563 -0.220972732 -7.881841660 -0.021110784 0.999748468 0.007581938 -0.025302976 0.221085936 -0.002727676 0.975250542 7.406152725
0.972320378 0.024016045 -0.232414186 -7.902752876 -0.021024695 0.999661267 0.015339741 -0.026005164 0.232703879 -0.010028705 0.972495914 7.485276699
0.969462156 0.025308304 -0.243931279 -7.911949158 -0.021457763 0.999599874 0.018430142 -0.025272116 0.244300112 -0.012633108 0.969617307 7.521689415
0.966461062 0.028177004 -0.255262434 -7.934313774 -0.025542429 0.999580801 0.013630785 -0.025420189 0.255539536 -0.006653601 0.966775656 7.598417282
0.963267684 0.027863536 -0.267093539 -7.956781864 -0.027731117 0.999606311 0.004268454 -0.025764029 0.267107338 0.003295136 0.963661194 7.673382282
0.959711850 0.025242362 -0.279849917 -7.978999138 -0.026328417 0.999653280 -0.000121787 -0.026867673 0.279749840 0.007484887 0.960043788 7.748647690
0.956270993 0.024532991 -0.291451275 -7.986710548 -0.024151260 0.999696255 0.004907818 -0.027171325 0.291483164 0.002345711 0.956573069 7.769502640
0.952574611 0.025400817 -0.303243071 -8.011176109 -0.022740137 0.999665678 0.012302513 -0.028197244 0.303454190 -0.004823273 0.952833831 7.847357750
0.948831320 0.025636112 -0.314740807 -8.038387299 -0.021236816 0.999623060 0.017399376 -0.028353631 0.315068156 -0.009824982 0.949018121 7.926113605
0.944629610 0.023412889 -0.327301979 -8.050577164 -0.019316327 0.999689102 0.015761688 -0.028489485 0.327569246 -0.008566687 0.944788277 7.957459450
0.940632463 0.021487523 -0.338745773 -8.078790665 -0.018831618 0.999760687 0.011125606 -0.028231300 0.338903815 -0.004085976 0.940812171 8.033473969
0.937393904 0.017691527 -0.347821683 -8.095853806 -0.017239090 0.999841809 0.004395672 -0.029327761 0.347844452 0.001875654 0.937550366 8.078933716
0.934628189 0.013441209 -0.355372310 -8.125204086 -0.014903674 0.999888122 -0.001377978 -0.030147694 0.355314016 0.006584250 0.934723854 8.153807640
0.932137966 0.013579387 -0.361848921 -8.156764030 -0.015967380 0.999866068 -0.003609895 -0.030779846 0.361751378 0.009142699 0.932229817 8.229086876
0.928570449 0.018358968 -0.370701820 -8.168526649 -0.021160344 0.999769986 -0.003491017 -0.031599823 0.370552450 0.011085832 0.928745389 8.260701180
0.925417542 0.018702080 -0.378487349 -8.200603485 -0.020670904 0.999785602 -0.001139127 -0.033203617 0.378384978 0.008877844 0.925605714 8.336397171
0.922393501 0.019915979 -0.385737628 -8.233760834 -0.019142354 0.999799609 0.005846470 -0.034263454 0.385776877 0.001991182 0.922589898 8.410798073
0.919258475 0.021141760 -0.393086344 -8.245822906 -0.017203523 0.999760330 0.013539541 -0.033433422 0.393278390 -0.005683868 0.919401884 8.443103790
0.916541755 0.030098999 -0.398804933 -8.281538010 -0.024168355 0.999509931 0.019891795 -0.033681691 0.399208188 -0.008593201 0.916820109 8.519468307
0.913835227 0.037489533 -0.404350966 -8.302288055 -0.033321552 0.999294221 0.017343024 -0.034173936 0.404715806 -0.002375059 0.914439440 8.563483238
0.911391854 0.034272000 -0.410110027 -8.337062836 -0.033029806 0.999403119 0.010115437 -0.034754843 0.410211891 0.004326730 0.911979973 8.638328552
0.909428537 0.026306598 -0.415027320 -8.356895447 -0.027885435 0.999608457 0.002256447 -0.034513794 0.414924204 0.009521140 0.909806132 8.682723045
0.907654464 0.026156386 -0.418902397 -8.392959595 -0.028411049 0.999595821 0.000855564 -0.033959206 0.418755531 0.011124901 0.908030808 8.758726120
0.905473828 0.033418521 -0.423084259 -8.414908409 -0.033677593 0.999409199 0.006865272 -0.035688505 0.423063725 0.008032138 0.906064391 8.802947998
0.902857065 0.035743404 -0.428452462 -8.451129913 -0.034217577 0.999350965 0.011265228 -0.036666468 0.428577065 0.004489718 0.903494179 8.877924919
0.900611818 0.032437719 -0.433412075 -8.487757683 -0.031552743 0.999459386 0.009236928 -0.037657313 0.433477372 0.005356454 0.901148558 8.952762604
0.898208201 0.030220976 -0.438530236 -8.502582550 -0.032146461 0.999478579 0.003035153 -0.037858486 0.438393265 0.011370993 0.898711264 8.982719421
0.896142244 0.027285434 -0.442927241 -8.540675163 -0.032222651 0.999474168 -0.003623604 -0.038822513 0.442595392 0.017519556 0.896550238 9.057003021
0.893743575 0.027966332 -0.447705656 -8.579210281 -0.033769045 0.999417245 -0.004982838 -0.040056489 0.447305292 0.019571973 0.894167185 9.131643295
0.891513228 0.031061931 -0.451928347 -8.594375610 -0.035262287 0.999377728 -0.000872251 -0.040516041 0.451620102 0.016713653 0.892053664 9.161100388
0.889314413 0.032722000 -0.456123918 -8.633773804 -0.036103956 0.999347150 0.001299800 -0.042066958 0.455868721 0.015311950 0.889915287 9.236156464
0.886875510 0.033580437 -0.460786462 -8.671854019 -0.036795255 0.999320865 0.002007047 -0.043187149 0.460540980 0.015174757 0.887508690 9.309646606
0.884580195 0.031760368 -0.465305418 -8.687714577 -0.035365917 0.999373972 0.000981063 -0.043235328 0.465045333 0.015588127 0.885149658 9.338327408
0.882453144 0.029873805 -0.469450742 -8.726749420 -0.033520050 0.999437809 0.000590339 -0.044564895 0.469204426 0.015215066 0.882958472 9.411055565
0.880421281 0.029957801 -0.473245203 -8.767487526 -0.033467077 0.999439418 0.001005564 -0.045551900 0.473009944 0.014952813 0.880930305 9.484907150
