0.999098539 0.002116844 -0.042396925 -0.004496184 -0.002254016 0.999992311 -0.003187884 -0.000771620 0.042389855 0.003280574 0.999095678 0.045783293
0.998413265 0.001848911 -0.056280866 -0.005544028 -0.002059991 0.999991179 -0.003692689 -0.001128851 0.056273542 0.003802768 0.998408139 0.056697126
0.997174978 0.001359500 -0.075101107 -0.006049067 -0.001681688 0.999989569 -0.004226981 -0.000580257 0.075094581 0.004341336 0.997166991 0.070418291
0.995845735 0.000155043 -0.091055386 -0.010727558 -0.000518058 0.999992013 -0.003963130 -0.001060705 0.091054052 0.003993839 0.995837927 0.082852162
0.993800223 -0.001062072 -0.111175396 -0.013491705 0.000587489 0.999990523 -0.004301456 -0.001142740 0.111178905 0.004209473 0.993791401 0.097335123
0.991140962 -0.001380798 -0.132806852 -0.017120939 0.000766201 0.999988675 -0.004678748 -0.001518394 0.132811815 0.004535541 0.991130888 0.109896824
0.987204969 0.001989194 -0.159444079 -0.020457992 -0.002939425 0.999979436 -0.005724026 -0.002223079 0.159429356 0.006119463 0.987190306 0.127285525
0.983085811 0.006373336 -0.183034748 -0.026834106 -0.007776935 0.999945581 -0.006951721 -0.003174453 0.182980493 0.008257587 0.983081877 0.140824676
0.977551162 0.009666661 -0.210476577 -0.032637663 -0.011464376 0.999907434 -0.007322663 -0.004137571 0.210386336 0.009571259 0.977571487 0.156943917
0.971121907 0.010663143 -0.238345399 -0.042267799 -0.013102596 0.999876678 -0.008652944 -0.003393249 0.238223761 0.011526007 0.971141934 0.175893232
0.962825596 0.012218676 -0.269847453 -0.048958521 -0.014990766 0.999853790 -0.008214278 -0.003499797 0.269707680 0.011954135 0.962868094 0.193148747
0.953649580 0.014385479 -0.300575346 -0.058108453 -0.017233003 0.999828100 -0.006824366 -0.004362005 0.300425559 0.011687868 0.953733623 0.209327787
0.942126215 0.016143719 -0.334869444 -0.066724636 -0.019143175 0.999800682 -0.005658275 -0.004605541 0.334711373 0.011741273 0.942247510 0.226997375
0.929862142 0.018798403 -0.367427379 -0.076792598 -0.022277232 0.999738216 -0.005228991 -0.004758880 0.367232829 0.013047508 0.930037439 0.243122712
0.916326284 0.021730619 -0.399842441 -0.088802323 -0.025664337 0.999660552 -0.004485916 -0.004962713 0.399609178 0.014372250 0.916572809 0.260169804
0.899964929 0.023065019 -0.435351789 -0.098273546 -0.027269792 0.999622405 -0.003412290 -0.005560982 0.435108602 0.014942894 0.900254011 0.275343359
0.881570220 0.017926849 -0.471712470 -0.109943584 -0.022917831 0.999725640 -0.004837154 -0.004840146 0.471496373 0.015074918 0.881739259 0.292163759
0.860221863 0.013201226 -0.509749115 -0.122702986 -0.018162847 0.999823630 -0.004757585 -0.005395489 0.509596407 0.013351072 0.860309958 0.309644401
0.835183740 0.014128122 -0.549789548 -0.137028068 -0.018056108 0.999835432 -0.001735881 -0.005565018 0.549674571 0.011376840 0.835301399 0.325862885
0.806457102 0.020825690 -0.590925753 -0.154829293 -0.023942126 0.999710023 0.002557606 -0.006663799 0.590807676 0.012085417 0.806721926 0.342023492
0.774081886 0.024161315 -0.632624328 -0.173398942 -0.027577151 0.999609888 0.004433774 -0.006610572 0.632484615 0.014013873 0.774446189 0.357936800
0.738112330 0.023356868 -0.674273431 -0.192925215 -0.026436944 0.999634326 0.005687448 -0.007363351 0.674159765 0.013627754 0.738459826 0.373334318
0.698477209 0.018865330 -0.715383649 -0.213816911 -0.020163735 0.999774396 0.006677764 -0.007098109 0.715348184 0.009760544 0.698699951 0.389363796
0.655714035 0.015492858 -0.754850388 -0.236647934 -0.015110028 0.999858439 0.007395917 -0.007119796 0.754858136 0.006556204 0.655855358 0.405571252
0.610968053 0.015018182 -0.791512728 -0.260892361 -0.012329944 0.999879181 0.009454262 -0.007280168 0.791559219 0.003983054 0.611079514 0.419184744
0.563334405 0.015787529 -0.826077998 -0.288433462 -0.009848003 0.999874651 0.012393296 -0.007046787 0.826170266 0.001153650 0.563419282 0.433563799
0.511939526 0.015810471 -0.858875930 -0.317316562 -0.007267257 0.999874473 0.014074314 -0.006919487 0.858990729 -0.000963523 0.511990130 0.447132796
0.459692329 0.018114707 -0.887893438 -0.348203421 -0.006716748 0.999834299 0.016921027 -0.006908538 0.888052821 -0.001814712 0.459737897 0.457647383
0.405607551 0.020455670 -0.913818359 -0.381105781 -0.006057846 0.999787748 0.019691246 -0.006358552 0.914027274 -0.002451148 0.405645430 0.467272758
0.350254506 0.022119436 -0.936393321 -0.415628463 -0.004363908 0.999748945 0.021983715 -0.006224306 0.936644375 -0.003613561 0.350263059 0.475852758
0.294819236 0.024878323 -0.955229044 -0.452832282 -0.001467369 0.999671698 0.025582917 -0.005697733 0.955551922 -0.006140662 0.294758946 0.484101772
0.242037684 0.027167600 -0.969886422 -0.491426289 0.003225333 0.999579906 0.028804237 -0.005942712 0.970261514 -0.010099918 0.241848364 0.488971919
0.191102743 0.027996182 -0.981170654 -0.532527566 0.006158125 0.999539375 0.029719722 -0.006088788 0.981550753 -0.011721691 0.190842301 0.493903279
0.143786877 0.028606612 -0.989194989 -0.574563920 0.004484044 0.999553025 0.029557940 -0.004757730 0.989598513 -0.008685640 0.143594295 0.495709538
0.101542011 0.029218402 -0.994402111 -0.619779944 0.003153133 0.999554098 0.029691763 -0.004289331 0.994826257 -0.006150445 0.101404607 0.496675879
0.063891232 0.027335068 -0.997582376 -0.665415347 0.001267958 0.999621809 0.027472159 -0.002621893 0.997956038 -0.003020122 0.063832395 0.495528817
0.028112456 0.024476480 -0.999305069 -0.714208901 0.002851855 0.999694169 0.024566237 -0.001744187 0.999600708 -0.003540491 0.028034050 0.496400625
-0.002192739 0.022137502 -0.999752581 -0.762585878 0.003444206 0.999749184 0.022129875 -0.001595920 0.999991596 -0.003394829 -0.002268435 0.492489964
-0.028434027 0.020407485 -0.999387264 -0.814438045 0.002611963 0.999789655 0.020341385 -0.001549767 0.999592185 -0.002031975 -0.028481349 0.488594741
-0.049466901 0.017963070 -0.998614252 -0.867950559 0.002631906 0.999837101 0.017854694 -0.000007030 0.998772264 -0.001745042 -0.049506120 0.484296322
-0.064872712 0.017063050 -0.997747719 -0.922267139 0.002637453 0.999853194 0.016927576 0.001101584 0.997890055 -0.001533375 -0.064908192 0.477748781
-0.078551993 0.017425837 -0.996757865 -0.980044544 0.004253651 0.999844015 0.017144576 0.002391249 0.996900856 -0.002893119 -0.078613870 0.473083675
-0.087568045 0.018959861 -0.995978177 -1.040108442 0.002499571 0.999819994 0.018813228 0.001832949 0.996155262 -0.000842081 -0.087599665 0.465696931
-0.094953619 0.019869704 -0.995283365 -1.098132730 0.001299571 0.999802411 0.019835938 0.002931831 0.995480835 0.000590053 -0.094960660 0.460096955
-0.099103123 0.020569725 -0.994864583 -1.160132289 0.001486811 0.999788284 0.020523418 0.004221464 0.995076001 0.000554759 -0.099112719 0.452656388
-0.100588433 0.021714455 -0.994691133 -1.222639799 0.003508410 0.999763370 0.021470394 0.004294408 0.994921923 -0.001330111 -0.100640811 0.446189225
-0.099459976 0.024224047 -0.994746625 -1.289547920 0.004942918 0.999703348 0.023850532 0.005034482 0.995029211 -0.002544778 -0.099550210 0.439677775
-0.098078690 0.026278649 -0.994831681 -1.353883624 0.004897373 0.999651909 0.025923152 0.006113596 0.995166600 -0.002329552 -0.098173261 0.432876945
-0.096775495 0.025284292 -0.994985104 -1.424244881 0.002712796 0.999680281 0.025139747 0.007971648 0.995302498 -0.000266280 -0.096813127 0.426335037
-0.094809175 0.023776503 -0.995211482 -1.489714622 0.000862871 0.999716341 0.023801928 0.007509531 0.995495021 0.001397902 -0.094802804 0.418711692
-0.094245285 0.023755172 -0.995265543 -1.562839508 0.001141850 0.999717236 0.023753302 0.009144917 0.995548308 0.001102193 -0.094245777 0.413281262
-0.092042468 0.025869301 -0.995418966 -1.638597488 0.001304053 0.999664783 0.025859063 0.011118419 0.995754242 0.001082053 -0.092045344 0.405155569
-0.089981861 0.029527266 -0.995505631 -1.708727121 -0.000185726 0.999559879 0.029664304 0.011761919 0.995943308 0.002854141 -0.089936763 0.397268355
-0.088929236 0.031530850 -0.995538831 -1.786370039 -0.000358121 0.999497771 0.031688225 0.013053983 0.996037781 0.003174533 -0.088873275 0.391743451
-0.087163545 0.031216199 -0.995704770 -1.865264177 -0.002059266 0.999501050 0.031515483 0.014047995 0.996191800 0.004797422 -0.087055787 0.384771228
-0.084640875 0.027979432 -0.996018529 -1.940153718 -0.005298676 0.999578834 0.028529726 0.015472263 0.996397376 0.007692363 -0.084456988 0.374876231
-0.083151929 0.027163880 -0.996166587 -2.023423672 -0.006310059 0.999593973 0.027784055 0.017394748 0.996516883 0.008596169 -0.082946777 0.367609859
-0.081675187 0.029388752 -0.996225476 -2.108042479 -0.003776704 0.999548852 0.029796420 0.019186426 0.996651709 0.006196078 -0.081527345 0.360849321
-0.080768377 0.031847924 -0.996223986 -2.183512688 -0.000952181 0.999486446 0.032029420 0.020063914 0.996732414 0.003535550 -0.080696575 0.354655325
-0.079322048 0.033190671 -0.996296346 -2.270541430 -0.000390896 0.999444425 0.033326674 0.021840759 0.996848881 0.003032988 -0.079265006 0.347261876
-0.079015367 0.028782437 -0.996457815 -2.357268810 0.000112222 0.999583304 0.028863817 0.022840001 0.996873379 0.002168861 -0.078985684 0.340529263
-0.078743361 0.021949211 -0.996653199 -2.432070255 0.001956119 0.999759078 0.021863056 0.023987759 0.996892929 -0.000228001 -0.078767344 0.334409654
-0.078906290 0.017396687 -0.996730208 -2.521209002 0.005175092 0.999841452 0.017041296 0.025445234 0.996868610 -0.003813505 -0.078983814 0.327382356
-0.079596952 0.017923871 -0.996665955 -2.610998392 0.006115010 0.999828339 0.017492376 0.026545677 0.996808350 -0.004702282 -0.079692893 0.320663154
-0.079375885 0.025699975 -0.996513367 -2.688830137 0.005155098 0.999664843 0.025370628 0.026527975 0.996831417 -0.003123308 -0.079481766 0.313070506
-0.079345979 0.032925952 -0.996303201 -2.780657530 0.003942845 0.999456942 0.032716166 0.027538292 0.996839345 -0.001332374 -0.079432704 0.304437935
-0.079377107 0.037934646 -0.996122599 -2.872134686 0.001488723 0.999279082 0.037936222 0.029125541 0.996843517 0.001528318 -0.079376355 0.295281947
-0.080285415 0.038472284 -0.996029198 -2.949725628 -0.000327857 0.999253869 0.038623251 0.029602692 0.996771812 0.003427441 -0.080212884 0.289814234
-0.080695897 0.034971055 -0.996125102 -3.039675474 -0.000453480 0.999382794 0.035122164 0.031123929 0.996738672 0.003285938 -0.080630250 0.282192528
-0.080972791 0.032092620 -0.996199548 -3.133350611 -0.000805120 0.999478996 0.032263711 0.032992855 0.996715963 0.003414543 -0.080904759 0.273214728
-0.081199758 0.033793233 -0.996124804 -3.209553480 -0.002479898 0.999415100 0.034107015 0.033380017 0.996694803 0.005239770 -0.081068479 0.266669273
-0.080965869 0.035960689 -0.996067941 -3.304749966 -0.002605809 0.999337792 0.036290552 0.035500363 0.996713519 0.005533861 -0.080818564 0.256971657
-0.081341542 0.034292873 -0.996096075 -3.393499136 -0.003356992 0.999392748 0.034680504 0.036917284 0.996680677 0.006164852 -0.081177026 0.251338720
-0.080825515 0.029113414 -0.996303022 -3.468511105 -0.004695311 0.999551058 0.029589241 0.037784047 0.996717155 0.007069518 -0.080652528 0.243735284
-0.080670491 0.025209466 -0.996421933 -3.559102774 -0.006148604 0.999648511 0.025788890 0.038707402 0.996721864 0.008207005 -0.080487132 0.235533148
-0.080126166 0.025839224 -0.996449769 -3.649263144 -0.006160036 0.999632001 0.026417086 0.039673336 0.996765733 0.008254864 -0.079937518 0.228175938
-0.079579540 0.028070148 -0.996433198 -3.739837646 -0.004578718 0.999582648 0.028524544 0.041097090 0.996818006 0.006832355 -0.079417787 0.220472455
-0.079329863 0.033107497 -0.996298492 -3.810367107 -0.003494822 0.999432921 0.033489928 0.041926563 0.996842265 0.006138636 -0.079169184 0.214454144
-0.078588240 0.038722850 -0.996154785 -3.901903868 -0.003529469 0.999228239 0.039120756 0.042706646 0.996900916 0.006590330 -0.078390911 0.206591606
-0.078695670 0.042182386 -0.996005893 -3.992449284 -0.003943553 0.999083400 0.042624302 0.044209316 0.996890903 0.007282150 -0.078457192 0.199506611
-0.078107320 0.042312443 -0.996046543 -4.085968494 -0.002490334 0.999087393 0.042636905 0.046852186 0.996941924 0.005810742 -0.077930674 0.189503670
-0.078786977 0.037581146 -0.996182799 -4.152616501 -0.002907665 0.999276340 0.037927803 0.047996908 0.996887207 0.005884784 -0.078620687 0.185527742
-0.078709111 0.033310901 -0.996340990 -4.242542267 -0.004039429 0.999422729 0.033733044 0.049183987 0.996889472 0.006679745 -0.078529119 0.178265423
-0.077971935 0.030305507 -0.996494770 -4.334673405 -0.007291059 0.999493718 0.030967208 0.051624164 0.996928930 0.009680077 -0.077711500 0.168157130
-0.078647316 0.027902884 -0.996511817 -4.424882412 -0.009936702 0.999536574 0.028771805 0.054516777 0.996852994 0.012164869 -0.078333616 0.159632862
-0.079680361 0.026453050 -0.996469378 -4.493388653 -0.008154266 0.999597013 0.027188115 0.053967252 0.996787071 0.010291836 -0.079432562 0.155143648
-0.080492660 0.022180570 -0.996508420 -4.583199501 -0.005033932 0.999730587 0.022658899 0.055285670 0.996742487 0.006840231 -0.080359310 0.146770477
-0.081344001 0.020810883 -0.996468723 -4.672525406 -0.000678639 0.999780595 0.020935446 0.055564985 0.996685863 0.002379217 -0.081312045 0.139635146
-0.083107859 0.024752649 -0.996233165 -4.763185978 -0.000330829 0.999690711 0.024866154 0.055646032 0.996540487 0.002396156 -0.083073974 0.130844474
-0.085393704 0.031173252 -0.995859444 -4.829673767 0.002808917 0.999513984 0.031046787 0.056030877 0.996343315 -0.000146086 -0.085439757 0.126478046
-0.087349214 0.035131603 -0.995558083 -4.918013096 0.004245603 0.999382079 0.034894042 0.057097234 0.996168733 -0.001178778 -0.087444380 0.118609220
-0.088455833 0.034401499 -0.995485961 -5.006510735 0.004020786 0.999407649 0.034179755 0.057730585 0.996071994 -0.000979238 -0.088541761 0.109744817
-0.089727134 0.030553041 -0.995497584 -5.091139317 0.001480593 0.999532342 0.030543422 0.058505975 0.995965302 0.001266647 -0.089730397 0.099888653
-0.090762645 0.026381234 -0.995523036 -5.158354282 -0.004517650 0.999627888 0.026901891 0.059450164 0.995862305 0.006939112 -0.090609692 0.093130529
-0.092328310 0.024731038 -0.995421469 -5.244291782 -0.008639970 0.999634027 0.025637083 0.060536683 0.995691121 0.010967441 -0.092080854 0.083591819
-0.093591698 0.025820857 -0.995275736 -5.329526901 -0.009657278 0.999593139 0.026840994 0.061337650 0.995563865 0.012123749 -0.093304262 0.074557662
-0.093909316 0.027378047 -0.995204270 -5.416465759 -0.009542475 0.999551237 0.028398080 0.061701298 0.995534956 0.012163556 -0.093605921 0.063364387
-0.096109957 0.026654923 -0.995013773 -5.479975700 -0.010635854 0.999556839 0.027803963 0.063951552 0.995313823 0.013255056 -0.095783867 0.062153816
-0.096180141 0.026758472 -0.995004177 -5.561933517 -0.012234205 0.999531269 0.028062815 0.063329473 0.995288670 0.014872166 -0.095807694 0.051465094
-0.096873485 0.028863437 -0.994878113 -5.647467136 -0.009347939 0.999509037 0.029908020 0.063695088 0.995252788 0.012197353 -0.096556097 0.042607307
-0.097374350 0.031261805 -0.994756639 -5.716507912 -0.008858963 0.999439657 0.032276154 0.066319659 0.995208383 0.011955380 -0.097042829 0.037568152
-0.097339623 0.034669470 -0.994647145 -5.799265385 -0.008656383 0.999325752 0.035679683 0.069392517 0.995213509 0.012083093 -0.096973889 0.028604865
-0.097676635 0.036633767 -0.994543731 -5.882007122 -0.008233544 0.999258280 0.037616059 0.071512952 0.995184064 0.011862830 -0.097302563 0.017773092
-0.099166699 0.036309022 -0.994408071 -5.963690758 -0.007443176 0.999279022 0.037229139 0.072752088 0.995043039 0.011093445 -0.098824933 0.011964798
-0.099725574 0.035225820 -0.994391263 -6.022985458 -0.007609489 0.999316931 0.036163449 0.071617737 0.994985819 0.011173230 -0.099389412 0.007314801
-0.100669481 0.031351350 -0.994425893 -6.100724220 -0.007160319 0.999454677 0.032234758 0.073361948 0.994894147 0.010365462 -0.100390114 0.000435829
-0.099820659 0.029209759 -0.994576633 -6.179641724 -0.007969364 0.999513507 0.030154590 0.072618246 0.994973481 0.010936195 -0.099539310 -0.009441316
-0.098798215 0.026500054 -0.994754612 -6.255466461 -0.008146732 0.999590278 0.027438002 0.074024126 0.995074153 0.010814823 -0.098541856 -0.017957807
-0.096227974 0.025734730 -0.995026588 -6.332018375 -0.010341994 0.999585867 0.026852813 0.074200287 0.995305598 0.012874552 -0.095921978 -0.026212990
-0.092868604 0.026946299 -0.995313704 -6.379572392 -0.010928864 0.999545932 0.028080607 0.074438564 0.995618403 0.013485453 -0.092531949 -0.028281868
-0.087962195 0.028469207 -0.995716870 -6.449251652 -0.011075546 0.999501824 0.029555844 0.074975602 0.996062219 0.013627907 -0.087603070 -0.032245219
-0.080463678 0.029931216 -0.996308088 -6.519822121 -0.009347276 0.999482393 0.030781489 0.075233124 0.996713698 0.011789558 -0.080142274 -0.038982511
-0.071487039 0.030990520 -0.996960044 -6.588936806 -0.010557572 0.999437690 0.031824574 0.076355875 0.997385621 0.012800524 -0.071119674 -0.044468522
-0.060656626 0.032290604 -0.997636378 -6.636090279 -0.012635120 0.999371588 0.033114996 0.077512726 0.998078704 0.014613900 -0.060210526 -0.045163244
-0.045692232 0.034183443 -0.998370588 -6.701042652 -0.015477976 0.999270141 0.034922622 0.077935532 0.998835683 0.017048450 -0.045129791 -0.048545688
-0.027242001 0.035058297 -0.999013960 -6.764086723 -0.017252687 0.999219477 0.035535980 0.078935996 0.999479949 0.018203745 -0.026615880 -0.049556464
-0.005551368 0.036084060 -0.999333382 -6.823559761 -0.018199598 0.999179602 0.036179610 0.079346851 0.999818981 0.018388312 -0.004890092 -0.048104491
0.019548122 0.036595918 -0.999138951 -6.863348007 -0.017581688 0.999187946 0.036253724 0.079610839 0.999654353 0.016857864 0.020175660 -0.045843020
0.049271062 0.035548329 -0.998152554 -6.918847561 -0.016183946 0.999263585 0.034789018 0.081415772 0.998654425 0.014439957 0.049810085 -0.041809857
0.083616793 0.035977211 -0.995848358 -6.972023487 -0.015288866 0.999276698 0.034817331 0.081538454 0.996380687 0.012314077 0.084106378 -0.035462499
0.120788082 0.036174878 -0.992018938 -7.008391380 -0.014724141 0.999291241 0.034647252 0.081736162 0.992569089 0.010421650 0.121235110 -0.028628647
0.161735907 0.036314752 -0.986165702 -7.056488037 -0.014323859 0.999303818 0.034449372 0.081174463 0.986730099 0.008553998 0.162143469 -0.018453121
0.206832111 0.036959201 -0.977678120 -7.104092121 -0.013909943 0.999296248 0.034833718 0.082627147 0.978277445 0.006394713 0.207200646 -0.006228566
0.255602807 0.036186781 -0.966104448 -7.150396824 -0.010506099 0.999344170 0.034652218 0.081717342 0.966724813 0.001292783 0.255815327 0.007995963
0.304824412 0.030829433 -0.951909482 -7.178261280 -0.002300767 0.999496818 0.031633887 0.082740068 0.952405751 -0.007452658 0.304741949 0.022497654
0.355493397 0.025593219 -0.934328377 -7.219972134 0.002945329 0.999589324 0.028501501 0.082830429 0.934674144 -0.012883999 0.355272025 0.043684483
0.408216596 0.020741107 -0.912649453 -7.254790783 0.007972219 0.999622762 0.026283557 0.083762534 0.912850320 -0.018005226 0.407897234 0.062119722
0.459538102 0.021119064 -0.887906969 -7.293291569 0.007702567 0.999584854 0.027761828 0.083306491 0.888124704 -0.019596780 0.459184706 0.085538864
0.507051766 0.019245587 -0.861700714 -7.328271866 0.008678617 0.999586046 0.027431956 0.085106790 0.861871779 -0.021387791 0.506674886 0.110425949
0.552361786 0.015497017 -0.833460450 -7.365593910 0.015947459 0.999447763 0.029152228 0.085072428 0.833451927 -0.029394150 0.551809609 0.139867306
0.595855713 0.009129591 -0.803039670 -7.394119263 0.026267460 0.999178767 0.030849917 0.085306853 0.802662015 -0.039475907 0.595126569 0.167805433
0.639245689 0.003313537 -0.768995464 -7.430922508 0.028032258 0.999225676 0.027608067 0.086705394 0.768491507 -0.039205015 0.638657928 0.200337648
0.680073559 -0.000822208 -0.733143449 -7.456330299 0.024565566 0.999463439 0.021666467 0.086111940 0.732732177 -0.032744881 0.679728687 0.229315042
0.720508456 -0.007889369 -0.693401277 -7.486995697 0.021153869 0.999720037 0.010606245 0.087053768 0.693123341 -0.022310009 0.720473588 0.266141891
0.759092867 -0.010075247 -0.650904536 -7.508947372 0.015789403 0.999871016 0.002936948 0.087083347 0.650790870 -0.012506809 0.759153903 0.298974752
0.796193361 -0.010492128 -0.604951262 -7.535612583 0.013761198 0.999905050 0.000769387 0.086443186 0.604885757 -0.008937437 0.796262026 0.341176510
0.831063151 -0.012265246 -0.556042910 -7.563289642 0.014052343 0.999900758 -0.001053241 0.086625986 0.556000590 -0.006938394 0.831152976 0.381802559
0.861736476 -0.011231326 -0.507232010 -7.589242935 0.011107272 0.999933004 -0.003270760 0.086723343 0.507234693 -0.002815428 0.861803472 0.432249069
0.888321519 -0.008974181 -0.459134251 -7.610136986 0.009376932 0.999955058 -0.001402744 0.085523143 0.459126204 -0.003059183 0.888365746 0.476268530
0.909746706 -0.003042652 -0.415152520 -7.633966446 0.003308192 0.999994576 -0.000079530 0.084882990 0.415150493 -0.001301052 0.909751832 0.532269239
0.927644908 0.001965982 -0.373458356 -7.652484417 -0.002814920 0.999994516 -0.001727837 0.084544927 0.373452872 0.002654074 0.927645385 0.581342936
0.941299319 0.006508610 -0.337510407 -7.673110485 -0.007125077 0.999974430 -0.000587796 0.085133709 0.337497950 0.002958080 0.941321671 0.642583370
0.951572597 0.007768708 -0.307325631 -7.690139294 -0.007637418 0.999969423 0.001629906 0.083591901 0.307328939 0.000796201 0.951602995 0.698405027
0.959171295 0.006956825 -0.282740176 -7.709160805 -0.006215136 0.999974430 0.003520074 0.082135320 0.282757431 -0.001619086 0.959190011 0.765489578
0.965074539 0.007339037 -0.261872619 -7.724170208 -0.006182960 0.999967158 0.005238345 0.082409129 0.261902452 -0.003436245 0.965088248 0.824547768
0.969781101 0.009489930 -0.243792325 -7.741849422 -0.007923187 0.999941230 0.007406372 0.082594492 0.243848234 -0.005250947 0.969799221 0.896474361
0.973454893 0.014569752 -0.228414625 -7.757184505 -0.012797820 0.999875426 0.009236870 0.082189560 0.228520766 -0.006068469 0.973520041 0.959256172
0.976385534 0.018061241 -0.215279356 -7.774557114 -0.016142469 0.999812841 0.010667961 0.081743255 0.215431750 -0.006940901 0.976494133 1.035031676
0.979160070 0.017034762 -0.202373713 -7.787413597 -0.015254431 0.999830008 0.010353778 0.081648342 0.202515662 -0.007050911 0.979253590 1.101502180
0.981840849 0.017290942 -0.188916326 -7.802121162 -0.015704801 0.999827683 0.009889822 0.081648983 0.189054787 -0.006743337 0.981943369 1.181101680
0.984575450 0.017740680 -0.174058437 -7.815206528 -0.016168924 0.999814749 0.010443998 0.081914395 0.174211472 -0.007468567 0.984679937 1.249821186
0.986890018 0.018682869 -0.160308436 -7.828423977 -0.017134693 0.999792337 0.011034527 0.081927530 0.160481304 -0.008143031 0.987005293 1.334028959
0.988909960 0.019018102 -0.147293851 -7.839651108 -0.017984100 0.999803424 0.008348664 0.081129014 0.147423655 -0.005607130 0.989057541 1.404758453
0.990408719 0.019672960 -0.136761397 -7.850717068 -0.019442894 0.999806404 0.003017975 0.080492958 0.136794284 -0.000329991 0.990599453 1.490959764
0.991759241 0.018041588 -0.126839116 -7.861735344 -0.018622672 0.999820948 -0.003396870 0.080328450 0.126755103 0.005730962 0.991917491 1.565190554
0.992831051 0.018001128 -0.118163422 -7.874643326 -0.018583542 0.999820054 -0.003828829 0.079984292 0.118073225 0.005997275 0.992986798 1.657080650
0.993475914 0.019931071 -0.112286918 -7.884252548 -0.019796683 0.999801397 0.002311761 0.078944705 0.112310708 -0.000073769 0.993673205 1.748460531
0.993994474 0.024594862 -0.106630646 -7.893956184 -0.023600316 0.999665499 0.010579087 0.077827193 0.106855191 -0.007999036 0.994242430 1.817714214
0.994460225 0.025218630 -0.102043651 -7.905441761 -0.023947079 0.999619782 0.013666987 0.078065380 0.102349520 -0.011147629 0.994686007 1.911063910
0.994883239 0.023545889 -0.098250091 -7.916448116 -0.022369321 0.999664426 0.013059868 0.077057332 0.098524660 -0.010795254 0.995076060 2.001909971
0.995056808 0.023927473 -0.096381389 -7.920359612 -0.022816250 0.999660015 0.012615255 0.075726718 0.096650437 -0.010353831 0.995264649 2.068421364
0.995421112 0.022245251 -0.092962779 -7.930611134 -0.021037672 0.999681354 0.013949880 0.076882333 0.093243465 -0.011930280 0.995571911 2.160251617
0.995640457 0.019967631 -0.091112405 -7.937711239 -0.018536661 0.999691606 0.016524930 0.076688476 0.091414250 -0.014763964 0.995703578 2.250643730
0.995985448 0.017988823 -0.087688252 -7.944678307 -0.016423192 0.999693155 0.018543450 0.075669065 0.087994918 -0.017028887 0.995975494 2.318540096
0.996246278 0.017196473 -0.084837317 -7.953760147 -0.015972525 0.999758720 0.015084730 0.075093880 0.085076243 -0.013673041 0.996280670 2.409277916
0.996338785 0.018735209 -0.083414599 -7.961683750 -0.018185206 0.999807715 0.007348558 0.075417340 0.083536230 -0.005804741 0.996487856 2.499753237
0.996450663 0.020030750 -0.081760935 -7.967306137 -0.020098053 0.999798000 -0.000000122 0.074236989 0.081744418 0.001643356 0.996651888 2.562331915
0.996476054 0.021220386 -0.081148282 -7.974651814 -0.021618003 0.999758244 -0.004024337 0.072505973 0.081043258 0.005764419 0.996693850 2.652156830
0.996671200 0.021727787 -0.078576252 -7.983163357 -0.021988902 0.999755263 -0.002459259 0.071604885 0.078503571 0.004178877 0.996904969 2.742747068
0.996801078 0.025190881 -0.075848930 -7.989340782 -0.025159972 0.999682546 0.001363182 0.070286982 0.075859189 0.000549535 0.997118413 2.807222605
0.996834219 0.029083105 -0.073997654 -7.996696949 -0.028673848 0.999567151 0.006587226 0.067843355 0.074157186 -0.004444574 0.997236669 2.899646044
0.997119248 0.026046949 -0.071238562 -8.004689217 -0.025509318 0.999638915 0.008446466 0.067110404 0.071432844 -0.006604887 0.997423589 2.990698099
0.997240186 0.023973517 -0.070266090 -8.006834984 -0.023454079 0.999691248 0.008208349 0.067153327 0.070441157 -0.006537670 0.997494519 3.050438643
0.997368872 0.022313086 -0.068974443 -8.013736725 -0.021742729 0.999723017 0.009008939 0.064895391 0.069156341 -0.007485545 0.997577727 3.139560699
0.997437656 0.022171753 -0.068018369 -8.020421028 -0.021757089 0.999740005 0.006831182 0.064889580 0.068152122 -0.005333797 0.997660637 3.229225636
0.997498810 0.019991068 -0.067798056 -8.023141861 -0.019709397 0.999794126 0.004820966 0.065438487 0.067880474 -0.003472648 0.997687399 3.292874813
0.997573078 0.019107299 -0.066955522 -8.029847145 -0.018806444 0.999809980 0.005120826 0.064092971 0.067040637 -0.003849202 0.997742832 3.384227514
0.997593284 0.022227172 -0.065678462 -8.037610054 -0.021899294 0.999743938 0.005707942 0.063734420 0.065788515 -0.004255893 0.997824430 3.475543022
0.997561216 0.022783263 -0.065974303 -8.041069031 -0.022514084 0.999734879 0.004820679 0.063715205 0.066066638 -0.003323571 0.997809649 3.539886475
0.997497380 0.022656469 -0.066975802 -8.052744865 -0.022377973 0.999737620 0.004905510 0.062223263 0.067069359 -0.003394451 0.997742534 3.659454823
0.997372687 0.020136453 -0.069586538 -8.055244446 -0.019831261 0.999790490 0.005073961 0.062502041 0.069674119 -0.003680641 0.997562945 3.725847721
0.997099459 0.021977950 -0.072867125 -8.060639381 -0.021691270 0.999753594 0.004723422 0.061837189 0.072952986 -0.003129141 0.997330368 3.788697720
0.996785223 0.025521304 -0.075947739 -8.068608284 -0.025222661 0.999669969 0.004889033 0.060091257 0.076047458 -0.002957712 0.997099698 3.885073662
0.996604681 0.026610984 -0.077916466 -8.078736305 -0.026733888 0.999642491 -0.000534520 0.059817787 0.077874385 0.002615714 0.996959686 3.977936029
0.996347725 0.026484268 -0.081177212 -8.083809853 -0.026865985 0.999632478 -0.003613441 0.058208011 0.081051677 0.005781150 0.996693134 4.044662952
0.996238708 0.025770146 -0.082730360 -8.093480110 -0.026274933 0.999642134 -0.005018441 0.056753390 0.082571425 0.007173299 0.996559322 4.140837669
0.996019840 0.025303274 -0.085464612 -8.102315903 -0.025647821 0.999666750 -0.002935665 0.054530598 0.085361823 0.005115961 0.996336997 4.240478516
0.995907724 0.024439482 -0.087007910 -8.113538742 -0.024793882 0.999688148 -0.002994705 0.053080514 0.086907573 0.005139713 0.996203125 4.339423180
0.995747566 0.023545720 -0.089063883 -8.116498947 -0.023738222 0.999717534 -0.001102593 0.052950859 0.089012787 0.003212122 0.996025264 4.392693520
0.995699823 0.022774646 -0.089794971 -8.126895905 -0.022664871 0.999740601 0.002242113 0.051886618 0.089822747 -0.000197280 0.995957732 4.494815350
0.995669067 0.022748303 -0.090141326 -8.138823509 -0.022167783 0.999726534 0.007436169 0.050232369 0.090285845 -0.005405731 0.995901167 4.597442150
0.995657623 0.022223609 -0.090399899 -8.141927719 -0.021460705 0.999725521 0.009402588 0.049788646 0.090584062 -0.007421709 0.995861173 4.661966324
0.995777011 0.024664044 -0.088430844 -8.152071953 -0.023914713 0.999668777 0.009523296 0.048775990 0.088636443 -0.007368279 0.996036708 4.766072273
0.995928645 0.025347695 -0.086509109 -8.161212921 -0.024729904 0.999660552 0.008205751 0.048588004 0.086687751 -0.006032978 0.996217251 4.870113373
0.996125400 0.022845060 -0.084926195 -8.171996117 -0.022400467 0.999729931 0.006184454 0.047084063 0.085044570 -0.004258104 0.996367991 4.974597454
0.996324360 0.019373639 -0.083440833 -8.174921036 -0.019084636 0.999808967 0.004259843 0.046947785 0.083507411 -0.002651748 0.996503592 5.022538185
0.996462524 0.018347526 -0.082011536 -8.182513237 -0.018077416 0.999828577 0.004034914 0.045505907 0.082071520 -0.002538084 0.996623158 5.126368999
0.996564031 0.016460624 -0.081173718 -8.190895081 -0.016043507 0.999854565 0.005788141 0.046541817 0.081257209 -0.004465942 0.996683121 5.230441093
0.996662319 0.013413558 -0.080524139 -8.199152946 -0.012782352 0.999883473 0.008349107 0.044479996 0.080626763 -0.007291952 0.996717691 5.337816715
0.996693552 0.012624767 -0.080264524 -8.201899529 -0.011944097 0.999888539 0.008954817 0.043675523 0.080368631 -0.007966523 0.996733427 5.389370918
0.996776998 0.014540282 -0.078893207 -8.211623192 -0.014123659 0.999883235 0.005836312 0.042098414 0.078968868 -0.004703240 0.996865988 5.490926743
0.996770263 0.016926784 -0.078502379 -8.220197678 -0.016961329 0.999856174 0.000226794 0.040237270 0.078494921 0.001105444 0.996913970 5.597108841
0.996803164 0.018271690 -0.077777959 -8.229233742 -0.018752972 0.999809146 -0.005461917 0.038730588 0.077663332 0.006903025 0.996955812 5.699528694
0.996772468 0.022175295 -0.077155158 -8.232031822 -0.023147147 0.999663353 -0.011724500 0.038244464 0.076869197 0.013472582 0.996950090 5.742414474
0.996809125 0.022233484 -0.076663882 -8.239313126 -0.023262681 0.999650538 -0.012557920 0.035817355 0.076357886 0.014301257 0.996977866 5.843448639
0.996927440 0.019700218 -0.075813577 -8.249866486 -0.020252502 0.999773562 -0.006522758 0.033300918 0.075667918 0.008038130 0.997100592 5.948033810
0.996812403 0.018362485 -0.077639803 -8.255723000 -0.018268989 0.999831378 0.001914386 0.032231472 0.077661857 -0.000489883 0.996979654 6.052930832
0.996740222 0.017164655 -0.078831106 -8.257752419 -0.016392846 0.999811292 0.010427393 0.029588178 0.078995205 -0.009101135 0.996833444 6.093964577
0.996539950 0.015618877 -0.081634961 -8.265062332 -0.015041802 0.999857306 0.007679220 0.028734665 0.081743255 -0.006424712 0.996632695 6.195633888
0.996396780 0.010706807 -0.084135503 -8.272491455 -0.010322154 0.999934256 0.005005494 0.026280578 0.084183559 -0.004118996 0.996441841 6.295454979
0.996152461 0.008779543 -0.087195687 -8.276683807 -0.008568140 0.999959290 0.002798447 0.026892772 0.087216727 -0.002040575 0.996187210 6.350438118
0.995914936 0.011483222 -0.089562364 -8.286958694 -0.011464474 0.999933958 0.000723766 0.024467066 0.089564763 0.000305977 0.995980978 6.450595379
0.995564878 0.013251538 -0.093139544 -8.297090530 -0.013561719 0.999904335 -0.002698079 0.022454865 0.093094870 0.003949245 0.995649397 6.547487736
0.995214403 0.013399574 -0.096792571 -8.308046341 -0.014109308 0.999878287 -0.006651785 0.021788154 0.096691668 0.007985628 0.995282352 6.645536423
0.994794488 0.014826400 -0.100816995 -8.310330391 -0.015962962 0.999817789 -0.010476123 0.020845711 0.100643277 0.012030928 0.994849920 6.678573608
0.994381428 0.019977346 -0.103954159 -8.321748734 -0.021169005 0.999722064 -0.010372579 0.018129334 0.103718042 0.012514906 0.994528055 6.774537563
0.993983984 0.023543455 -0.106965169 -8.335601807 -0.024689186 0.999650896 -0.009399494 0.017593443 0.106706537 0.011983829 0.994218409 6.870358944
0.993389487 0.026356820 -0.111725979 -8.339488983 -0.026873183 0.999633968 -0.003118011 0.015752252 0.111602902 0.006099830 0.993734181 6.918054581
0.992847264 0.029553451 -0.115676485 -8.351883888 -0.029648276 0.999560058 0.000901121 0.017793795 0.115652226 0.002534933 0.993286550 7.012700081
0.992368519 0.025363157 -0.120671816 -8.359142303 -0.024863377 0.999674916 0.005645776 0.014365107 0.120775789 -0.002602381 0.992676377 7.068280697
0.991594493 0.026281608 -0.126687109 -8.372678757 -0.025654862 0.999649286 0.006576590 0.012256477 0.126815528 -0.003271170 0.991920829 7.162284851
0.990866721 0.024251739 -0.132646203 -8.384516716 -0.023103574 0.999681115 0.010188363 0.011995897 0.132851005 -0.007030708 0.991111040 7.249295712
0.989950538 0.024270540 -0.139315322 -8.391294479 -0.023098372 0.999682903 0.010024698 0.011537947 0.139514416 -0.006705998 0.990197301 7.293235302
0.988965929 0.030544095 -0.144959778 -8.406520844 -0.029560087 0.999523044 0.008937690 0.011079974 0.145163625 -0.004554048 0.989397168 7.383463383
0.988011122 0.030827243 -0.151273817 -8.416090965 -0.030344544 0.999524295 0.005498883 0.010072090 0.151371300 -0.000842623 0.988476574 7.439443588
0.987111092 0.029172117 -0.157355532 -8.430418968 -0.029066859 0.999573112 0.002970615 0.008550435 0.157374978 0.001641503 0.987537503 7.527124405
0.986220658 0.031389616 -0.162430093 -8.441122055 -0.031612508 0.999499381 0.001212786 0.008597009 0.162386820 0.003938749 0.986719310 7.583703518
0.985316515 0.032855317 -0.167547196 -8.456863403 -0.032232765 0.999459624 0.006434527 0.007847130 0.167668059 -0.000939535 0.985843062 7.672483921
0.984282315 0.033711616 -0.173354998 -8.467692375 -0.032361530 0.999419928 0.010609323 0.007140502 0.173612103 -0.004832537 0.984802186 7.728102207
0.983212769 0.032988127 -0.179455861 -8.484755516 -0.031162700 0.999430001 0.012982331 0.005403079 0.179781839 -0.007172064 0.983680367 7.815928936
0.981941164 0.030156491 -0.186768264 -8.494915009 -0.029030323 0.999540150 0.008762550 0.005926512 0.186946630 -0.003182369 0.982364893 7.870685101
0.980419755 0.027689748 -0.194962218 -8.513358116 -0.027848078 0.999610305 0.001929361 0.004880572 0.194939673 0.003537738 0.980808854 7.955343246
0.978534698 0.026527785 -0.204367578 -8.524004936 -0.027131822 0.999631882 -0.000153695 0.004341941 0.204288274 0.005695261 0.978894174 8.009649277
0.976272106 0.026359368 -0.214937106 -8.543341637 -0.026373534 0.999648273 0.002802468 0.003179898 0.214935362 0.002932680 0.976623893 8.095641136
0.973734319 0.025699412 -0.226232111 -8.556693077 -0.024317810 0.999664724 0.008892241 0.002878100 0.226384804 -0.003157209 0.974032760 8.148241997
0.970922828 0.027489258 -0.237808973 -8.578847885 -0.024124760 0.999563634 0.017047200 0.001627252 0.238173828 -0.010814430 0.971162319 8.232634544
0.968084574 0.028896514 -0.248952180 -8.592496872 -0.024644254 0.999492526 0.020181097 0.001790866 0.249408990 -0.013401767 0.968305528 8.284408569
0.964908242 0.031905651 -0.260641932 -8.616310120 -0.028761335 0.999460280 0.015869992 0.000882775 0.261007607 -0.007816676 0.965305150 8.368131638
0.961711109 0.030565262 -0.272355318 -8.642628670 -0.029781807 0.999531806 0.007010915 0.000249177 0.272442132 0.001368759 0.962171197 8.451541901
0.958115995 0.028738884 -0.284934878 -8.651906967 -0.029597217 0.999561071 0.001293991 0.001616566 0.284847021 0.007193488 0.958545923 8.483411789
0.954606533 0.027447833 -0.296602666 -8.679301262 -0.026693743 0.999621928 0.006592778 0.000952423 0.296671510 0.001623927 0.954978228 8.565015793
0.950870395 0.028671121 -0.308258593 -8.706906319 -0.025533285 0.999572992 0.014208963 -0.000176653 0.308534384 -0.005640028 0.951196432 8.650197029
0.946942687 0.028507030 -0.320135713 -8.719119072 -0.023738712 0.999541759 0.018788159 0.000513330 0.320524573 -0.010191703 0.947185397 8.684669495
0.942921877 0.026808301 -0.331933200 -8.750776291 -0.022284139 0.999599755 0.017429320 -0.000579685 0.332267642 -0.009037643 0.943141937 8.765728951
0.938734174 0.024268312 -0.343786329 -8.780905724 -0.021148600 0.999694109 0.012821843 0.000411958 0.343992352 -0.004765704 0.938960433 8.849076271
0.935386658 0.020314528 -0.353042752 -8.792304993 -0.019453648 0.999792874 0.005986923 -0.000621997 0.353091270 0.001267881 0.935587943 8.880641937
0.932501376 0.016553078 -0.360787094 -8.824752808 -0.017825821 0.999841154 -0.000199989 -0.000439798 0.360726476 0.006617816 0.932648063 8.963563919
0.929624379 0.016434053 -0.368141890 -8.857344627 -0.018311385 0.999831080 -0.001606549 -0.002183300 0.368053257 0.008234675 0.929768264 9.043377876
0.926597774 0.021943310 -0.375413269 -8.872425079 -0.024386417 0.999701083 -0.001757115 -0.003178656 0.375262499 0.010783122 0.926855862 9.074662209
0.923476338 0.021198981 -0.383069366 -8.908123970 -0.022834668 0.999739230 0.000277180 -0.003775112 0.382975370 0.008491293 0.923719585 9.156100273
0.919969499 0.021993792 -0.391372383 -8.941452026 -0.020705340 0.999757409 0.007512472 -0.005483575 0.391442686 0.001192253 0.920201659 9.238059044
0.917053580 0.024002643 -0.398041040 -8.955249786 -0.019664438 0.999694586 0.014978269 -0.004285440 0.398278922 -0.005908623 0.917245269 9.268670082
0.914356947 0.034058910 -0.403474212 -8.995222092 -0.027478470 0.999378324 0.022089656 -0.006377876 0.403975695 -0.009110974 0.914724290 9.351255417
0.911509454 0.040742807 -0.409256101 -9.032659531 -0.036003992 0.999165714 0.019280916 -0.006255329 0.409700185 -0.002839884 0.912215829 9.430642128
0.909116387 0.037921607 -0.414812267 -9.046813011 -0.036641181 0.999267399 0.011047721 -0.004646406 0.414927304 0.005155547 0.909839928 9.460810661
0.907082617 0.030440068 -0.419850737 -9.084739685 -0.031930503 0.999484122 0.003479231 -0.004050434 0.419740021 0.010250093 0.907586455 9.543203354
0.905263960 0.030557448 -0.423749298 -9.123191833 -0.032255743 0.999474585 0.003165635 -0.005696967 0.423623413 0.010802613 0.905773938 9.623679161
0.902985394 0.037500504 -0.428031653 -9.139577866 -0.037415266 0.999262631 0.008614808 -0.006305709 0.428039044 0.008235872 0.903722644 9.653672218
0.900582194 0.039930027 -0.432847828 -9.181018829 -0.038166039 0.999189913 0.012766652 -0.006803617 0.433006912 0.005022669 0.901376545 9.734975815
0.897873461 0.036127195 -0.438768893 -9.202215195 -0.034981318 0.999330699 0.010698609 -0.007488325 0.438861728 0.005742717 0.898536265 9.782054901
0.895764470 0.034045521 -0.443223387 -9.243977547 -0.035824049 0.999348521 0.004362192 -0.008317940 0.443083167 0.011970561 0.896400630 9.862009048
0.893343687 0.030752793 -0.448320657 -9.284721375 -0.035552617 0.999365151 -0.002291750 -0.008945292 0.447965562 0.017986298 0.893869936 9.942760468
0.890948951 0.032469291 -0.452941149 -9.300458908 -0.037944671 0.999275327 -0.003004812 -0.010152221 0.452515334 0.019863836 0.891535342 9.971549034
0.888870120 0.035076912 -0.456814647 -9.343348503 -0.038953546 0.999240696 0.000931744 -0.011282654 0.456500411 0.016966347 0.889561415 10.052680016
0.886799753 0.036796160 -0.460686713 -9.387613297 -0.039785709 0.999203086 0.003223178 -0.012730811 0.460438132 0.015470434 0.887556911 10.133681297
0.884255826 0.037940089 -0.465458900 -9.402164459 -0.040877782 0.999156892 0.003784832 -0.012693800 0.465210110 0.015680168 0.885061383 10.161763191
0.882116556 0.036323700 -0.469628602 -9.445849419 -0.039549474 0.999212980 0.002997844 -0.014268640 0.469367981 0.015929116 0.882858992 10.241241455
0.879964650 0.034474935 -0.473786503 -9.489646912 -0.037884574 0.999279320 0.002349167 -0.015094500 0.473526031 0.015882017 0.880636632 10.320899010
0.877598882 0.033955541 -0.478191644 -9.503810883 -0.036893062 0.999313831 0.003251704 -0.016063824 0.477973998 0.014788262 0.878249466 10.347396851
