0.999098957 0.002011039 -0.042392988 -0.004129963 -0.002159504 0.999991715 -0.003456597 -0.000265081 0.042385679 0.003545031 0.999095023 0.043270115
0.998441398 0.001903092 -0.055777967 -0.006038730 -0.002183155 0.999985337 -0.004960531 0.000153351 0.055767708 0.005074571 0.998430789 0.053460110
0.997359395 0.001461987 -0.072608292 -0.007645682 -0.001777507 0.999989271 -0.004281086 -0.000466268 0.072601259 0.004398843 0.997351348 0.066405043
0.995850503 0.000173959 -0.091004483 -0.010052792 -0.000567590 0.999990582 -0.004299549 -0.000571119 0.091002874 0.004333361 0.995841146 0.078028865
0.993809640 -0.000891135 -0.111093752 -0.013159521 0.000391034 0.999989688 -0.004523313 -0.000722928 0.111096650 0.004451871 0.993799627 0.092588522
0.991270304 -0.001045245 -0.131841004 -0.018224692 0.000397163 0.999987841 -0.004941829 -0.001115512 0.131844565 0.004846326 0.991258502 0.103559315
0.987699449 0.002162805 -0.156349421 -0.021576203 -0.003062110 0.999980152 -0.005511261 -0.002195709 0.156334370 0.005922228 0.987686396 0.116934225
0.983282268 0.006463106 -0.181972891 -0.026556417 -0.007944729 0.999940932 -0.007414231 -0.002329150 0.181914255 0.008736007 0.983275533 0.132193610
0.977704465 0.009315344 -0.209778935 -0.033214491 -0.011368020 0.999898493 -0.008581253 -0.002597450 0.209677726 0.010774702 0.977711201 0.151418060
0.970959902 0.010103787 -0.239029080 -0.039489772 -0.012377489 0.999891222 -0.008013074 -0.003524076 0.238922164 0.010738952 0.970979393 0.166880265
0.962927043 0.011917677 -0.269498438 -0.046719458 -0.014707137 0.999857128 -0.008333734 -0.003142516 0.269360662 0.011988332 0.962964714 0.182255670
0.953162491 0.013800137 -0.302143782 -0.053823367 -0.016769156 0.999833167 -0.007234621 -0.003528763 0.301993579 0.011962468 0.953234911 0.198340818
0.941879153 0.015724476 -0.335583568 -0.062841691 -0.018794738 0.999805927 -0.005902993 -0.003910750 0.335425556 0.011867112 0.941991925 0.215626836
0.929522574 0.018113298 -0.368320018 -0.072850175 -0.021630596 0.999751329 -0.005422819 -0.004062264 0.368130147 0.013007614 0.929683268 0.231601939
0.915421546 0.021089079 -0.401943386 -0.082148202 -0.024992947 0.999677598 -0.004470285 -0.004453161 0.401719481 0.014137948 0.915653527 0.246384799
0.899537563 0.021745814 -0.436301708 -0.093388371 -0.026051039 0.999653041 -0.003886344 -0.004545090 0.436065882 0.014862027 0.899791956 0.262258559
0.880796075 0.017061424 -0.473188281 -0.105401635 -0.021886867 0.999749422 -0.004693104 -0.004242122 0.472989649 0.014490278 0.880948782 0.280067921
0.859652817 0.011895505 -0.510740161 -0.117711082 -0.016882841 0.999844313 -0.005129280 -0.004480459 0.510599673 0.013032145 0.859719813 0.295633703
0.834546328 0.013853999 -0.550763488 -0.131773785 -0.017872879 0.999838412 -0.001931841 -0.004873743 0.550647736 0.011455937 0.834659100 0.311657995
0.805266976 0.019507999 -0.592591345 -0.147083953 -0.022442987 0.999745250 0.002413860 -0.005705552 0.592487514 0.011355720 0.805499613 0.326119095
0.772636473 0.022536214 -0.634448647 -0.165518671 -0.025926519 0.999656022 0.003935220 -0.005743907 0.634319127 0.013408551 0.772955000 0.341890097
0.736673772 0.021803349 -0.675896823 -0.183562651 -0.025187779 0.999671161 0.004795122 -0.005856886 0.675779164 0.013491901 0.736980617 0.356168270
0.696708441 0.018107731 -0.717125952 -0.202358902 -0.019742254 0.999786615 0.006064872 -0.005985962 0.717082739 0.009932231 0.696917355 0.370522141
0.654372752 0.014278018 -0.756037354 -0.225359738 -0.014367603 0.999875963 0.006447409 -0.005889625 0.756035626 0.006643436 0.654496729 0.385556728
0.609630287 0.013687019 -0.792567849 -0.247639358 -0.011072028 0.999900401 0.008751070 -0.006387607 0.792608619 0.003440415 0.609721065 0.397962809
0.561588049 0.014186673 -0.827295363 -0.272107720 -0.008632731 0.999899089 0.011286418 -0.006197625 0.827371955 0.000803503 0.561653733 0.410295933
0.510947764 0.014757835 -0.859484971 -0.300848722 -0.007391002 0.999891102 0.012774873 -0.005239293 0.859580040 -0.000174837 0.511001348 0.422315478
0.459673822 0.016543785 -0.887933731 -0.328598320 -0.007279515 0.999863088 0.014860703 -0.004759184 0.888058007 -0.000367351 0.459731370 0.430626988
0.403693497 0.018557450 -0.914706051 -0.359483421 -0.004533056 0.999822557 0.018283684 -0.005119913 0.914883077 -0.003234590 0.403706014 0.441215217
0.348691940 0.020238005 -0.937018871 -0.391030014 -0.003902649 0.999789536 0.020141456 -0.004493450 0.937229276 -0.003366308 0.348697543 0.448295534
0.292879760 0.023631832 -0.955857217 -0.426656544 -0.001469337 0.999704421 0.024265669 -0.004487137 0.956148148 -0.005702446 0.292827994 0.456100106
0.239760429 0.025818689 -0.970488787 -0.462684870 0.002989728 0.999621987 0.027332360 -0.004682280 0.970827579 -0.009454713 0.239592642 0.461132467
0.187870234 0.025947966 -0.981851041 -0.499474674 0.005309770 0.999609470 0.027433269 -0.004088266 0.982179523 -0.010367298 0.187659070 0.465837896
0.139361501 0.026409045 -0.989889324 -0.539342821 0.003509787 0.999624848 0.027162904 -0.003156545 0.990235329 -0.007259764 0.139216527 0.468755484
0.097975187 0.027330033 -0.994813502 -0.580377996 0.001300618 0.999618471 0.027590126 -0.002568332 0.995187938 -0.003997021 0.097902253 0.467906356
0.059973784 0.025038861 -0.997885942 -0.623093903 0.000066746 0.999685287 0.025088023 -0.001042522 0.998199880 -0.001571229 0.059953239 0.467658043
0.025344012 0.022885734 -0.999416709 -0.666851342 0.000990246 0.999736845 0.022918168 -0.000663483 0.999678314 -0.001570506 0.025314679 0.466347307
-0.005427791 0.019919911 -0.999786854 -0.713029683 0.001939497 0.999799848 0.019909641 0.000000187 0.999983490 -0.001831018 -0.005465344 0.463616699
-0.032627650 0.018144388 -0.999302864 -0.760253310 0.000874975 0.999835312 0.018125491 0.000628049 0.999467134 -0.000282973 -0.032638159 0.460528314
-0.052654512 0.015503307 -0.998492479 -0.810064852 0.000263745 0.999879718 0.015510938 0.002042466 0.998612702 0.000553374 -0.052652277 0.455776125
-0.069604583 0.014776256 -0.997465193 -0.859849155 0.001425746 0.999890745 0.014712698 0.002757881 0.997573733 -0.000398061 -0.069618039 0.450954914
-0.082133263 0.015342380 -0.996503174 -0.911927402 0.002153796 0.999881864 0.015216881 0.003365747 0.996618986 -0.000896453 -0.082156606 0.445420682
-0.092161879 0.016250692 -0.995611429 -0.965741932 0.001058691 0.999867797 0.016222164 0.003941339 0.995743454 0.000441021 -0.092166901 0.439702064
-0.098534375 0.017636826 -0.994977415 -1.020057321 -0.000849772 0.999841034 0.017807193 0.003981149 0.995133221 0.002600125 -0.098503724 0.433199078
-0.103415228 0.018995071 -0.994456887 -1.075758576 -0.000413536 0.999816716 0.019140452 0.003729526 0.994638205 0.002390658 -0.103388406 0.427105010
-0.104127750 0.020197019 -0.994358838 -1.135244489 0.000956363 0.999795318 0.020207297 0.004524758 0.994563460 0.001153172 -0.104125760 0.420233756
-0.103792541 0.021861495 -0.994358659 -1.193593502 0.003944706 0.999759555 0.021568481 0.005346246 0.994591117 -0.001683805 -0.103853814 0.414939553
-0.102026030 0.024237653 -0.994486451 -1.255517483 0.003396479 0.999705732 0.024016410 0.005759461 0.994775891 -0.000927453 -0.102078356 0.408301830
-0.100399114 0.024148447 -0.994654119 -1.317301869 0.000635782 0.999706745 0.024206936 0.006710183 0.994947016 0.001797972 -0.100385010 0.401271343
-0.098523743 0.021626890 -0.994899690 -1.382270455 -0.001161641 0.999760628 0.021847589 0.007472614 0.995133877 0.003308223 -0.098475046 0.394514561
-0.097554907 0.021410042 -0.994999826 -1.447251678 -0.001448023 0.999764442 0.021654533 0.008703873 0.995229065 0.003553288 -0.097500928 0.387754023
-0.096037224 0.024280732 -0.995081484 -1.515729189 -0.001334087 0.999698400 0.024522141 0.009899039 0.995376885 0.003682563 -0.095975876 0.381971538
-0.093997642 0.027505992 -0.995192289 -1.582780361 -0.002011050 0.999610960 0.027818063 0.011192363 0.995570362 0.004616215 -0.093905769 0.374651700
-0.091947891 0.029697040 -0.995320857 -1.656365752 -0.002005351 0.999547601 0.030008407 0.012221929 0.995761812 0.004755177 -0.091846734 0.366308093
-0.090134785 0.029174440 -0.995502174 -1.728593349 -0.005074468 0.999544442 0.029752357 0.012520403 0.995916665 0.007733367 -0.089945681 0.359524548
-0.088643797 0.026094828 -0.995721519 -1.795965552 -0.006632958 0.999619126 0.026787469 0.014286928 0.996041417 0.008979119 -0.088436939 0.353862792
-0.086570486 0.025648478 -0.995915532 -1.872165322 -0.007100140 0.999627233 0.026361251 0.015645683 0.996220410 0.009353245 -0.086356096 0.346344173
-0.085521430 0.027905617 -0.995945454 -1.948540807 -0.005119998 0.999582171 0.028447166 0.017155312 0.996323168 0.007532080 -0.085342817 0.340619117
-0.084554926 0.029926967 -0.995969296 -2.018176079 -0.002474763 0.999539495 0.030244343 0.018042769 0.996415734 0.005022096 -0.084441923 0.334591985
-0.082887933 0.031722233 -0.996053874 -2.097143412 -0.001938857 0.999486208 0.031992890 0.019351028 0.996556938 0.004583030 -0.082783848 0.326838136
-0.082472250 0.026663559 -0.996236682 -2.179246426 -0.001202971 0.999638617 0.026854198 0.021090735 0.996592581 0.003413169 -0.082410380 0.319887221
-0.082393087 0.020027602 -0.996398628 -2.248025894 -0.000270306 0.999797583 0.020118272 0.021169145 0.996599853 0.001926939 -0.082371011 0.314879864
-0.082459770 0.015507538 -0.996473730 -2.328736782 0.003161533 0.999877989 0.015298894 0.022029912 0.996589363 -0.001888841 -0.082498729 0.307897985
-0.082901359 0.016311847 -0.996424317 -2.409757853 0.003560618 0.999864459 0.016071927 0.022925995 0.996551275 -0.002215502 -0.082948223 0.300878286
-0.083097540 0.023674220 -0.996260166 -2.483526468 0.004001189 0.999717534 0.023422647 0.023373734 0.996533394 -0.002039860 -0.083168805 0.294485927
-0.083692335 0.030477311 -0.996025503 -2.566909790 0.002405649 0.999535322 0.030382574 0.024556134 0.996488750 0.000146702 -0.083726764 0.287455678
-0.084595390 0.035841826 -0.995770574 -2.650593042 0.000554459 0.999354362 0.035923719 0.025656007 0.996415257 0.002486867 -0.084560640 0.280841589
-0.083961815 0.036433775 -0.995802641 -2.722136021 -0.000880302 0.999328256 0.036636993 0.026397891 0.996468604 0.003952716 -0.083873332 0.272201717
-0.084474780 0.032850698 -0.995883882 -2.804606438 -0.000254184 0.999455690 0.032990072 0.027810097 0.996425569 0.003039968 -0.084420435 0.265597552
-0.084907264 0.029885009 -0.995940626 -2.888532162 -0.000367287 0.999549091 0.030024599 0.029455014 0.996388793 0.002915103 -0.084858015 0.257877767
-0.084734365 0.031563804 -0.995903492 -2.959384918 -0.002742955 0.999486983 0.031910751 0.029958583 0.996399820 0.005435656 -0.084604323 0.250055730
-0.084740348 0.033956885 -0.995824218 -3.042802334 -0.003939179 0.999399960 0.034414016 0.031279795 0.996395290 0.006838985 -0.084555715 0.242154479
-0.084307030 0.032263227 -0.995917380 -3.125874281 -0.004359246 0.999454200 0.032746818 0.032172270 0.996430278 0.007102236 -0.084120363 0.233843088
-0.084581994 0.026899077 -0.996053398 -3.192659855 -0.005389614 0.999608576 0.027452758 0.033872724 0.996401966 0.007690352 -0.084403910 0.229884505
-0.083977923 0.022855420 -0.996205509 -3.275048494 -0.006797225 0.999700487 0.023508595 0.034699537 0.996444464 0.008745636 -0.083797425 0.220843405
-0.082855031 0.023573255 -0.996282756 -3.356625319 -0.007133042 0.999680519 0.024246864 0.035686255 0.996536136 0.009115501 -0.082660407 0.211938828
-0.083172128 0.026472677 -0.996183574 -3.437997580 -0.005713384 0.999617994 0.027040962 0.035182346 0.996518850 0.007940632 -0.082989112 0.206579268
-0.082901679 0.031101653 -0.996072292 -3.505458117 -0.005385282 0.999484241 0.031656396 0.036812715 0.996543169 0.007988499 -0.082691424 0.202619702
-0.082528017 0.036731765 -0.995911539 -3.588587761 -0.004296127 0.999298155 0.037212674 0.038154900 0.996579468 0.007349651 -0.082312286 0.195512146
-0.082526937 0.039919224 -0.995788991 -3.668630838 -0.005440932 0.999164462 0.040505461 0.039239399 0.996573985 0.008760814 -0.082240783 0.188099176
-0.082308777 0.039654184 -0.995817602 -3.740032196 -0.004269451 0.999184906 0.040141154 0.041465029 0.996597707 0.007555564 -0.082072377 0.182613194
-0.081335478 0.035311442 -0.996061087 -3.823982954 -0.004184891 0.999351323 0.035769813 0.042851821 0.996677995 0.007077762 -0.081134938 0.173206151
-0.081787184 0.030695211 -0.996177077 -3.917297125 -0.004541471 0.999503732 0.031170579 0.044977941 0.996639490 0.007073463 -0.081607193 0.166545093
-0.081518710 0.028272631 -0.996270716 -3.972973347 -0.009178662 0.999533892 0.029116267 0.045305952 0.996629536 0.011517953 -0.081221223 0.161429852
-0.081814304 0.026415464 -0.996297479 -4.055161953 -0.012617751 0.999541104 0.027537614 0.046350755 0.996567726 0.014824004 -0.081443466 0.153108954
-0.082111098 0.024412889 -0.996324122 -4.137228012 -0.010725141 0.999620438 0.025377560 0.047346402 0.996565461 0.012769497 -0.081818081 0.145971030
-0.083758071 0.020602772 -0.996273041 -4.220956802 -0.007531840 0.999744594 0.021307766 0.048216078 0.996457636 0.009288467 -0.083581492 0.139176577
-0.084339894 0.019213803 -0.996251762 -4.281108856 -0.003035613 0.999804497 0.019539302 0.048417073 0.996432424 0.004672178 -0.084265076 0.134206712
-0.087069489 0.023070410 -0.995935082 -4.363263607 -0.002528681 0.999723494 0.023379236 0.048259865 0.996199071 0.004554020 -0.086987078 0.128209710
-0.088703811 0.028501470 -0.995650172 -4.445730209 -0.000002872 0.999590516 0.028614521 0.049888894 0.996058047 0.002541077 -0.088667415 0.120356321
-0.090468362 0.033010270 -0.995352149 -4.526696682 0.002009443 0.999454498 0.032963682 0.050000854 0.995897293 0.000982067 -0.090485334 0.113343924
-0.091660500 0.032080658 -0.995273352 -4.585371017 0.001348177 0.999484003 0.032092206 0.050324626 0.995789409 0.001599784 -0.091656446 0.106837571
-0.092361279 0.028140733 -0.995327890 -4.665573597 -0.001936936 0.999593616 0.028441073 0.051231325 0.995723605 0.004554741 -0.092269242 0.097663194
-0.093647525 0.024354454 -0.995307505 -4.743519306 -0.006793727 0.999661922 0.025100216 0.051972002 0.995582223 0.009112421 -0.093450412 0.089756012
-0.094862267 0.023036323 -0.995223761 -4.823593140 -0.010888359 0.999648333 0.024176588 0.052954212 0.995430887 0.013129800 -0.094578087 0.080121815
-0.095912106 0.023743460 -0.995106518 -4.880670547 -0.012753353 0.999604046 0.025079988 0.053372331 0.995308101 0.015096422 -0.095571324 0.073910236
-0.096525639 0.025766348 -0.994996846 -4.959273338 -0.012831849 0.999549568 0.027129073 0.053255677 0.995247781 0.015386300 -0.096151523 0.064978957
-0.097071365 0.025348060 -0.994954586 -5.037981987 -0.014974041 0.999525249 0.026925433 0.053731233 0.995164752 0.017512180 -0.096645728 0.056550652
-0.098356664 0.024449941 -0.994850874 -5.114899635 -0.015711948 0.999535382 0.026118444 0.056104034 0.995027244 0.018199969 -0.097926818 0.049097896
-0.099189699 0.026743786 -0.994709015 -5.171777725 -0.013837730 0.999505043 0.028252592 0.055195853 0.994972289 0.016566880 -0.098770507 0.044759095
-0.099932544 0.029452249 -0.994558156 -5.243997574 -0.012225235 0.999450028 0.030825496 0.056256786 0.994919002 0.015239179 -0.099517517 0.037655473
-0.100211158 0.033481080 -0.994402766 -5.320158958 -0.012712289 0.999309063 0.034927361 0.058074221 0.994884968 0.016141243 -0.099716291 0.030589104
-0.100288093 0.036280699 -0.994296730 -5.384032726 -0.013232910 0.999197841 0.037794247 0.057193682 0.994870424 0.016947750 -0.099727534 0.022715628
-0.100809067 0.036024261 -0.994253397 -5.458478928 -0.012852973 0.999213636 0.037507173 0.058645904 0.994822681 0.016560173 -0.100266784 0.013940752
-0.101138934 0.033485018 -0.994308591 -5.545876980 -0.013255549 0.999299407 0.035001412 0.060843319 0.994783938 0.016720114 -0.100624211 0.004760921
-0.101500899 0.030773457 -0.994359374 -5.588479996 -0.012032676 0.999410391 0.032158032 0.060016029 0.994762659 0.015228874 -0.101070762 0.001206100
-0.101244576 0.028093722 -0.994464755 -5.658094883 -0.012543997 0.999485672 0.029512642 0.060095362 0.994782448 0.015462560 -0.100840099 -0.006575584
-0.100301310 0.025312006 -0.994635105 -5.728319645 -0.013330592 0.999552429 0.026781436 0.061740823 0.994867682 0.015945289 -0.099918991 -0.013638496
-0.098123565 0.024435133 -0.994874179 -5.795982838 -0.015389363 0.999541700 0.026067615 0.062220328 0.995055258 0.017868327 -0.097702555 -0.020544410
-0.093583263 0.025577426 -0.995282829 -5.862728596 -0.016012222 0.999502063 0.027191425 0.062268212 0.995482683 0.018481351 -0.093127102 -0.028090894
-0.087852202 0.027119940 -0.995764196 -5.904117107 -0.014761215 0.999484122 0.028523574 0.062509663 0.996024072 0.017204545 -0.087406553 -0.030713528
-0.080892429 0.028856590 -0.996304989 -5.966289043 -0.013342492 0.999459863 0.030031275 0.062700287 0.996633530 0.015722493 -0.080463715 -0.034957707
-0.071870953 0.029719250 -0.996971011 -6.028443813 -0.014687121 0.999416113 0.030850917 0.063832991 0.997305810 0.016859921 -0.071392484 -0.040755689
-0.059942298 0.031447783 -0.997706354 -6.089517117 -0.016378488 0.999337971 0.032483239 0.064426675 0.998067439 0.018288041 -0.059387546 -0.045215547
-0.045429435 0.033538867 -0.998404324 -6.130765915 -0.019892659 0.999207616 0.034471009 0.063535511 0.998769462 0.021426914 -0.044726267 -0.045080975
-0.027274486 0.034345441 -0.999037683 -6.186497211 -0.021418730 0.999160051 0.034934383 0.065371051 0.999398530 0.022350937 -0.026515944 -0.045924447
-0.005183529 0.035491496 -0.999356568 -6.242301464 -0.022544287 0.999111772 0.035599742 0.065394580 0.999732375 0.022714311 -0.004378792 -0.045303479
0.019915566 0.035439577 -0.999173284 -6.295418262 -0.021247691 0.999160886 0.035015628 0.066393897 0.999575853 0.020532764 0.020651873 -0.041785851
0.049613625 0.034655675 -0.998167038 -6.346507549 -0.020556305 0.999221504 0.033670541 0.067797780 0.998556852 0.018848104 0.050287403 -0.038391978
0.083568573 0.034503080 -0.995904505 -6.375555038 -0.019036587 0.999273300 0.033022396 0.067934200 0.996320188 0.016198989 0.084164664 -0.032620311
0.121359512 0.035083961 -0.991988420 -6.421105862 -0.018820852 0.999276876 0.033039201 0.068196669 0.992430210 0.014660445 0.121932060 -0.025102258
0.162512749 0.034908868 -0.986088693 -6.465904236 -0.018210381 0.999309778 0.032375749 0.068293765 0.986538470 0.012695578 0.163036317 -0.015633464
0.207943827 0.036220379 -0.977469862 -6.507766724 -0.016987134 0.999297082 0.033415411 0.067860499 0.977993250 0.009655883 0.208412990 -0.005162954
0.256979704 0.034542371 -0.965799153 -6.550790787 -0.014331090 0.999387383 0.031930454 0.069163024 0.966310561 0.005635477 0.257317275 0.008515954
0.305841833 0.029881047 -0.951613307 -6.571264744 -0.006246033 0.999548972 0.029378813 0.068549678 0.952061892 -0.003041462 0.305890441 0.021266460
0.356610149 0.024770834 -0.933924854 -6.609712601 -0.001045617 0.999658406 0.026115054 0.068582624 0.934252739 -0.008336366 0.356514275 0.040771246
0.409315050 0.020228446 -0.912168860 -6.648267269 0.003694668 0.999709249 0.023827661 0.069316998 0.912385583 -0.013123181 0.409121335 0.061976194
0.459874421 0.019201964 -0.887776315 -6.675329208 0.004211104 0.999707699 0.023804344 0.069942541 0.887973964 -0.014685526 0.459659159 0.079904556
0.508133233 0.017595720 -0.861098766 -6.711999893 0.005552167 0.999703646 0.023704303 0.071261376 0.861260653 -0.016825909 0.507884920 0.105214834
0.553576767 0.013673817 -0.832685888 -6.746739388 0.013058597 0.999599695 0.025096234 0.071416065 0.832695782 -0.024766402 0.553176582 0.133165121
0.596879005 0.007680247 -0.802294493 -6.768232346 0.023398273 0.999362230 0.026974250 0.070875905 0.801989973 -0.034872670 0.596318722 0.155768394
0.639181972 0.002818157 -0.769050419 -6.799035549 0.024829542 0.999396384 0.024298863 0.070904456 0.768654764 -0.034626566 0.638726175 0.186595201
0.680941343 -0.001505101 -0.732336402 -6.823389053 0.021358907 0.999613225 0.017805530 0.070985578 0.732026398 -0.027766425 0.680710196 0.212120056
0.721449614 -0.009041307 -0.692407966 -6.851902962 0.018053660 0.999820411 0.005755451 0.072178923 0.692231596 -0.016652759 0.721483231 0.246271372
0.760718107 -0.010259909 -0.649001479 -6.873082161 0.012566064 0.999920428 -0.001078371 0.071083933 0.648960948 -0.007335057 0.760786414 0.275733709
0.797747135 -0.011500690 -0.602882504 -6.898845673 0.011137399 0.999928534 -0.004337562 0.071527138 0.602889359 -0.003254267 0.797818124 0.315671206
0.832200408 -0.012501495 -0.554334164 -6.920326710 0.011308514 0.999920487 -0.005573450 0.070827171 0.554359794 -0.001630469 0.832275510 0.351768970
0.863232315 -0.011266137 -0.504680991 -6.944890976 0.008540467 0.999933720 -0.007713747 0.070632368 0.504734337 0.002348544 0.863271356 0.398179770
0.889318466 -0.009751326 -0.457184345 -6.962094307 0.007737041 0.999950290 -0.006277883 0.069472790 0.457222879 0.002045783 0.889349699 0.437824488
0.910730720 -0.003828683 -0.412982970 -6.983736038 0.001793401 0.999984264 -0.005315757 0.069024935 0.412996769 0.004100579 0.910723209 0.489993811
0.928488791 0.001201095 -0.371358454 -6.999696732 -0.003963163 0.999969900 -0.006674665 0.068145402 0.371339202 0.007669106 0.928465545 0.533161879
0.942187965 0.005872964 -0.335033536 -7.019229889 -0.008090680 0.999953628 -0.005224101 0.067394361 0.334987342 0.007632733 0.942191720 0.590339422
0.952472746 0.006876324 -0.304546148 -7.033503532 -0.008277512 0.999960244 -0.003310019 0.066732705 0.304511309 0.005673588 0.952491760 0.638194203
0.960011005 0.006777172 -0.279879987 -7.051129341 -0.007791623 0.999966562 -0.002512153 0.066708788 0.279853582 0.004592415 0.960031688 0.699417353
0.965830743 0.006643640 -0.259088129 -7.063536167 -0.006875977 0.999976337 0.000009465 0.065748073 0.259082079 0.001772343 0.965853631 0.752081394
0.970594764 0.008679712 -0.240562528 -7.080112457 -0.008274787 0.999962151 0.002693351 0.065473072 0.240576789 -0.000623549 0.970629871 0.818450570
0.974143207 0.014235754 -0.225482464 -7.092426777 -0.013681916 0.999898314 0.004018759 0.064991117 0.225516796 -0.000829815 0.974238873 0.872979283
0.977069497 0.018350244 -0.212128669 -7.107633114 -0.017582463 0.999830186 0.005505349 0.064184375 0.212193683 -0.001649363 0.977226198 0.941336989
0.979802787 0.016362002 -0.199295536 -7.118480682 -0.015663508 0.999864399 0.005081068 0.063903891 0.199351653 -0.001856777 0.979926229 0.999529839
0.982415020 0.015934031 -0.186028928 -7.130943775 -0.015292519 0.999871075 0.004883002 0.063313700 0.186082780 -0.001952285 0.982532084 1.071991920
0.985121667 0.016785236 -0.171036601 -7.142036915 -0.016126163 0.999856174 0.005242089 0.063378006 0.171100006 -0.002405931 0.985250711 1.132223487
0.987508655 0.017906705 -0.156543419 -7.154953957 -0.017279111 0.999836266 0.005369123 0.063747093 0.156613916 -0.002597125 0.987656534 1.208340883
0.989411712 0.018914061 -0.143898159 -7.164142132 -0.018706281 0.999821067 0.002796881 0.062387690 0.143925279 -0.000075469 0.989588559 1.271576405
0.990950763 0.019624885 -0.132783458 -7.174654484 -0.020136738 0.999794066 -0.002512905 0.061423015 0.132706776 0.005163990 0.991141856 1.349916101
0.992190182 0.017572766 -0.123490341 -7.182631493 -0.018781872 0.999786317 -0.008633719 0.060794733 0.123312250 0.010885671 0.992308199 1.415277004
0.993081033 0.017252453 -0.116157465 -7.190877438 -0.018439787 0.999788046 -0.009154862 0.060245603 0.115974911 0.011233437 0.993188620 1.496723771
0.993880033 0.019388482 -0.108750209 -7.199998379 -0.019814232 0.999799669 -0.002835638 0.058980666 0.108673424 0.004973087 0.994064987 1.564162970
0.994364560 0.024069823 -0.103246741 -7.210053921 -0.023672577 0.999706864 0.005071334 0.057290256 0.103338547 -0.002598637 0.994642794 1.646974325
0.994697750 0.024897614 -0.099782735 -7.217644691 -0.024148325 0.999670446 0.008710137 0.056711212 0.099966720 -0.006254365 0.994971097 1.730821252
0.995159805 0.023407321 -0.095440537 -7.225057602 -0.022730963 0.999708176 0.008167936 0.055647612 0.095603883 -0.005958946 0.995401561 1.789424658
0.995444953 0.022949776 -0.092533700 -7.232383251 -0.022326780 0.999720573 0.007762351 0.054092824 0.092685983 -0.005661013 0.995679259 1.871522188
0.995666087 0.022130664 -0.090327747 -7.239022732 -0.021340717 0.999725103 0.009701911 0.054020595 0.090517655 -0.007732206 0.995864749 1.953804731
0.995959580 0.020687560 -0.087386906 -7.244838238 -0.019734282 0.999736130 0.011758629 0.053236295 0.087607108 -0.009986603 0.996104956 2.012014389
0.996263921 0.018138489 -0.084434569 -7.252011776 -0.017040646 0.999760866 0.013704913 0.052387092 0.084662952 -0.012214892 0.996334672 2.096681833
0.996486068 0.018223250 -0.081751935 -7.257594585 -0.017479412 0.999799252 0.009805218 0.051862229 0.081914201 -0.008341789 0.996604443 2.159801722
0.996580124 0.020975292 -0.079925239 -7.265008450 -0.020850349 0.999779761 0.002397650 0.051440235 0.079957925 -0.000722982 0.996797979 2.241119862
0.996677637 0.021488950 -0.078561716 -7.272935390 -0.021975862 0.999744177 -0.005338491 0.050169576 0.078426912 0.007047218 0.996894956 2.323694944
0.996781290 0.021492658 -0.077233270 -7.276412964 -0.022287952 0.999706924 -0.009450047 0.049496323 0.077007525 0.011141003 0.996968269 2.377948046
0.996907830 0.023463942 -0.074993849 -7.282989979 -0.024092147 0.999681711 -0.007483013 0.046764180 0.074794419 0.009266640 0.997155964 2.458432913
0.996995211 0.026540890 -0.072774626 -7.290335655 -0.026876848 0.999632120 -0.003640864 0.045041997 0.072651222 0.005585876 0.997341752 2.542173862
0.997093081 0.029526366 -0.070239671 -7.294396400 -0.029489445 0.999563873 0.001562799 0.044364233 0.070255183 0.000513073 0.997528911 2.595949411
0.997339904 0.027070269 -0.067676812 -7.300480843 -0.026958738 0.999633193 0.002560908 0.043998431 0.067721322 -0.000729614 0.997704029 2.676604509
0.997517884 0.024647892 -0.065958507 -7.306980610 -0.024493203 0.999695063 0.003152991 0.041973189 0.066016123 -0.001529631 0.997817278 2.759346008
0.997635424 0.022143371 -0.065063216 -7.309710026 -0.021980152 0.999753356 0.003223428 0.040867470 0.065118536 -0.001785707 0.997875929 2.813653469
0.997707248 0.022888303 -0.063690685 -7.315408707 -0.022822231 0.999738038 0.001764795 0.039065734 0.063714407 -0.000307186 0.997968078 2.894025803
0.997766018 0.020361833 -0.063626103 -7.320371628 -0.020415129 0.999791622 -0.000187567 0.038843118 0.063609034 0.001486082 0.997973740 2.976173401
0.997824788 0.018809304 -0.063180856 -7.322218418 -0.018833296 0.999822617 0.000215833 0.037778113 0.063173689 0.000974540 0.998002172 3.028110743
0.997802436 0.021698052 -0.062606111 -7.328089237 -0.021667913 0.999764621 0.001160389 0.036919270 0.062616542 0.000198705 0.998037636 3.111343622
0.997801840 0.022325948 -0.062394463 -7.333506584 -0.022369526 0.999749780 0.000000049 0.036089629 0.062378835 0.001395686 0.998051524 3.193837643
0.997721374 0.021412756 -0.063982897 -7.337272644 -0.021447659 0.999769986 0.000141463 0.035030730 0.063971229 0.001231142 0.997950912 3.248221159
0.997635007 0.018622415 -0.066164009 -7.343532562 -0.018616023 0.999826550 0.000713218 0.033432569 0.066165812 0.000520179 0.997808456 3.333871841
0.997417927 0.021018622 -0.068671092 -7.351802826 -0.021048622 0.999778390 0.000286756 0.032692578 0.068661913 0.001159416 0.997639298 3.418497086
0.997114956 0.024456443 -0.071858555 -7.354480267 -0.024472930 0.999700248 0.000651201 0.031051543 0.071852960 0.001109267 0.997414589 3.472102642
0.996925473 0.025113001 -0.074222051 -7.362647057 -0.025497310 0.999665976 -0.004234661 0.030198995 0.074090913 0.006114104 0.997232735 3.556800842
0.996736348 0.025889648 -0.076461896 -7.370642185 -0.026573597 0.999615371 -0.007940966 0.029415403 0.076226898 0.009946916 0.997040868 3.643992424
0.996560276 0.024447922 -0.079183057 -7.373550892 -0.025278300 0.999635279 -0.009501333 0.028043509 0.078921877 0.011470264 0.996814787 3.697989225
0.996390343 0.025284428 -0.081037693 -7.382144451 -0.026016099 0.999629617 -0.007985512 0.026110332 0.080805779 0.010064972 0.996679008 3.786638021
0.996261299 0.023094637 -0.083247565 -7.390178680 -0.023799902 0.999688685 -0.007489382 0.024327252 0.083048686 0.009442666 0.996500790 3.874598026
0.996126652 0.023466473 -0.084740773 -7.394974709 -0.024024544 0.999695837 -0.005571694 0.023669029 0.084584236 0.007585973 0.996387422 3.929627657
0.996009290 0.022380052 -0.086397685 -7.402071953 -0.022609022 0.999742985 -0.001672465 0.021789243 0.086338043 0.003619159 0.996259391 4.019898415
0.995927811 0.021509139 -0.087551884 -7.410208225 -0.021325253 0.999768078 0.003035204 0.020423420 0.087596849 -0.001155777 0.996155262 4.111222744
0.996018231 0.022313792 -0.086311609 -7.415892124 -0.021966385 0.999746263 0.004972800 0.019955194 0.086400665 -0.003057045 0.996255755 4.168136597
0.996105969 0.025935179 -0.084263265 -7.424791813 -0.025579182 0.999658644 0.005301825 0.019031458 0.084371999 -0.003125794 0.996429384 4.259891510
0.996233284 0.024655746 -0.083133779 -7.430393696 -0.024411162 0.999694049 0.003957364 0.016942358 0.083205916 -0.001913066 0.996530473 4.352211475
0.996460855 0.022344869 -0.081033409 -7.436869621 -0.022310778 0.999750137 0.001326244 0.017957246 0.081042811 0.000486368 0.996710598 4.408749580
0.996682882 0.018496824 -0.079252526 -7.444012165 -0.018580915 0.999827266 -0.000323669 0.016622318 0.079232857 0.001795180 0.996854484 4.502185345
0.996849477 0.016877519 -0.077499829 -7.450638294 -0.016967630 0.999855876 -0.000504360 0.015580326 0.077480175 0.001817759 0.996992230 4.595162868
0.996951878 0.014950063 -0.076573193 -7.455830574 -0.014846305 0.999887943 0.001924082 0.014807022 0.076593377 -0.000781388 0.997062087 4.651779175
0.997061610 0.012309301 -0.075608730 -7.463042736 -0.012018505 0.999918520 0.004299873 0.013852799 0.075655490 -0.003378534 0.997128308 4.744056702
0.997092605 0.011346266 -0.075349867 -7.469403267 -0.011024199 0.999928176 0.004688856 0.012536334 0.075397663 -0.003844552 0.997146130 4.838808060
0.997149229 0.013678084 -0.074203782 -7.473484039 -0.013638882 0.999906421 0.001035059 0.011872830 0.074211016 -0.000020052 0.997242510 4.890760422
0.997144520 0.016489718 -0.073694669 -7.481696606 -0.016886571 0.999846041 -0.004765179 0.010125877 0.073604755 0.005996022 0.997269452 4.983859062
0.997148573 0.018711317 -0.073105827 -7.488113403 -0.019528434 0.999754369 -0.010478346 0.008148573 0.072891809 0.011876111 0.997269094 5.075347424
0.997124135 0.023084138 -0.072184026 -7.496068001 -0.024306834 0.999574780 -0.016106166 0.005311601 0.071781538 0.017814413 0.997261286 5.167174816
0.997236013 0.022079669 -0.070942312 -7.498810768 -0.023326373 0.999586761 -0.016793167 0.004256628 0.070542216 0.018401578 0.997339070 5.202390194
0.997350931 0.019019868 -0.070209309 -7.505734921 -0.019852918 0.999740303 -0.011186470 0.002868511 0.069978304 0.012550697 0.997469604 5.293816090
0.997318983 0.018435307 -0.070816934 -7.513198853 -0.018631060 0.999824107 -0.002104606 -0.000069318 0.070765674 0.003418360 0.997487128 5.387229443
0.997203231 0.017385224 -0.072685860 -7.515794754 -0.016995778 0.999837637 0.005973023 -0.001705207 0.072777897 -0.004720966 0.997336984 5.435491562
0.997040212 0.015652386 -0.075270735 -7.522995472 -0.015447443 0.999875069 0.003304219 -0.002576817 0.075313054 -0.002131698 0.997157633 5.525179386
0.996938646 0.010753876 -0.077444352 -7.529069424 -0.010784025 0.999941826 0.000028910 -0.004212012 0.077440150 0.000806341 0.996996641 5.614227772
0.996712863 0.008919174 -0.080522738 -7.532292843 -0.009042582 0.999958396 -0.001168026 -0.005519755 0.080508962 0.001892320 0.996752024 5.661791801
0.996483505 0.010357934 -0.083146624 -7.540461540 -0.010683825 0.999936879 -0.003475488 -0.007454976 0.083105370 0.004351591 0.996531248 5.749156475
0.996179879 0.012529992 -0.086420074 -7.548947334 -0.013184100 0.999888539 -0.007002301 -0.009447061 0.086322710 0.008114923 0.996234238 5.838038921
0.995823085 0.013294736 -0.090329662 -7.553384781 -0.014307582 0.999841690 -0.010574486 -0.010207277 0.090174779 0.011822717 0.995855689 5.883872986
0.995485663 0.015378906 -0.093657553 -7.561662674 -0.016798446 0.999755442 -0.014387195 -0.013099588 0.093413390 0.015895549 0.995500505 5.970541954
0.995093465 0.020175593 -0.096859910 -7.572021484 -0.021662392 0.999662817 -0.014322943 -0.015701033 0.096538253 0.016350884 0.995195031 6.058388710
0.994663715 0.022450015 -0.100698210 -7.576484680 -0.023826411 0.999638140 -0.012486542 -0.016805992 0.100381464 0.014819189 0.994838655 6.101292610
0.994211197 0.025322190 -0.104416467 -7.586431980 -0.026156507 0.999635875 -0.006628500 -0.019496944 0.104210593 0.009321300 0.994511604 6.187547684
0.993725419 0.025788790 -0.108833082 -7.592362404 -0.026053322 0.999660015 -0.001009195 -0.020553019 0.108770065 0.003838327 0.994059503 6.244826317
0.993108332 0.025000140 -0.114502251 -7.601703644 -0.024830934 0.999687433 0.002904006 -0.022433352 0.114539064 -0.000040794 0.993418694 6.330921650
0.992387116 0.025570728 -0.120473571 -7.609381676 -0.025352782 0.999672949 0.003341738 -0.022412816 0.120519608 -0.000261959 0.992710888 6.383983135
0.991762161 0.022681000 -0.126068577 -7.620915890 -0.021886207 0.999730885 0.007686149 -0.024251256 0.126208961 -0.004863669 0.991991758 6.465882301
0.990857005 0.024162052 -0.132735163 -7.628436089 -0.023479104 0.999701798 0.006708181 -0.024458304 0.132857680 -0.003530344 0.991128862 6.520370960
0.989929259 0.028297480 -0.138706088 -7.641655922 -0.027709642 0.999597013 0.006167631 -0.025789466 0.138824746 -0.002262021 0.990314484 6.603649139
0.989041626 0.030911082 -0.144364357 -7.650178909 -0.030905033 0.999519706 0.002285015 -0.026338682 0.144365624 0.002201610 0.989521921 6.654642105
0.988186121 0.029186070 -0.150453821 -7.663221359 -0.029606240 0.999561489 -0.000552996 -0.027647959 0.150371686 0.005000834 0.988616943 6.737622261
0.987309217 0.030695790 -0.155814543 -7.671654224 -0.031343699 0.999507189 -0.001702443 -0.028451014 0.155685484 0.006564642 0.987784863 6.787239075
0.986561120 0.032895878 -0.160046503 -7.686420441 -0.032779004 0.999456882 0.003370998 -0.029516991 0.160070464 0.001920470 0.987103760 6.868100166
0.985478282 0.033529833 -0.166458085 -7.694926739 -0.032733019 0.999435782 0.007528831 -0.030079745 0.166616604 -0.001970822 0.986019909 6.919741631
0.984441280 0.033378396 -0.172514692 -7.710350037 -0.032167908 0.999434292 0.009808423 -0.031923085 0.172744513 -0.004106377 0.984958172 7.000962734
0.983213902 0.030825254 -0.179833740 -7.719061852 -0.030204827 0.999524593 0.006187896 -0.032368105 0.179938972 -0.000652178 0.983677506 7.049924850
0.981704891 0.028082654 -0.188326016 -7.735054016 -0.028772656 0.999585569 -0.000930527 -0.032952465 0.188221842 0.006332143 0.982106090 7.128429413
0.979961097 0.025779976 -0.197513565 -7.744720459 -0.026889043 0.999634027 -0.002934856 -0.033686154 0.197365627 0.008186994 0.980295777 7.176713467
0.977777183 0.025311861 -0.208113164 -7.761837006 -0.025828421 0.999666274 0.000235329 -0.035391264 0.208049700 0.005145135 0.978104770 7.254999638
0.975274503 0.025002953 -0.219577849 -7.772908211 -0.024200782 0.999687016 0.006342719 -0.035629004 0.219667703 -0.000871937 0.975574374 7.303786278
0.972599626 0.027377440 -0.230868816 -7.792860031 -0.024848567 0.999595165 0.013854855 -0.036125422 0.231154665 -0.007738468 0.972886264 7.380640030
0.969770670 0.027351622 -0.242480248 -7.804936409 -0.023757840 0.999560475 0.017733159 -0.036847576 0.242858708 -0.011436293 0.969994187 7.429558754
0.966818392 0.030860886 -0.253593862 -7.826217651 -0.028415043 0.999507666 0.013302796 -0.037658244 0.253879517 -0.005655504 0.967219293 7.503396034
0.963601410 0.029871738 -0.265668869 -7.848095894 -0.029939454 0.999544501 0.003795805 -0.037332270 0.265661210 0.004296336 0.964056909 7.578637123
0.960102022 0.027943155 -0.278250337 -7.858066559 -0.029368710 0.999568105 -0.000955522 -0.037560623 0.278103471 0.009089253 0.960508227 7.611258507
0.956707120 0.026751120 -0.289820552 -7.882091522 -0.026778750 0.999633789 0.003871023 -0.038279708 0.289818019 0.004057598 0.957073212 7.686742306
0.953105450 0.027763115 -0.301362425 -7.906757355 -0.025650319 0.999610782 0.010966380 -0.038385920 0.301549643 -0.002722073 0.953446627 7.761962891
0.949205101 0.027927466 -0.313416153 -7.918124676 -0.023937039 0.999576092 0.016573703 -0.039127827 0.313746125 -0.008229587 0.949471354 7.794250011
0.945110738 0.025795303 -0.325730264 -7.945343018 -0.022308618 0.999646962 0.014435497 -0.038796321 0.325987607 -0.006376551 0.945352554 7.869256496
0.941126049 0.023588235 -0.337231725 -7.972721577 -0.021434512 0.999719143 0.010108862 -0.039243646 0.337375462 -0.002285314 0.941367388 7.943156719
0.937919497 0.019780790 -0.346288413 -7.983797073 -0.019740893 0.999798417 0.003642737 -0.040414687 0.346290678 0.003419449 0.938121021 7.972733498
0.935106695 0.015894942 -0.354009598 -8.012514114 -0.017819604 0.999838829 -0.002177487 -0.041354895 0.353917956 0.008344496 0.935239196 8.046251297
0.932468712 0.016145354 -0.360889673 -8.042938232 -0.019005399 0.999809802 -0.004377113 -0.042370077 0.360750347 0.010940375 0.932598233 8.121084213
0.929159105 0.020823544 -0.369093120 -8.054432869 -0.024019642 0.999703348 -0.004065935 -0.043246035 0.368898958 0.012643388 0.929383516 8.149930000
0.926124930 0.021461910 -0.376606077 -8.087011337 -0.023777874 0.999716163 -0.001501461 -0.044991300 0.376466930 0.010345431 0.926372290 8.224987984
0.922968984 0.022426948 -0.384220302 -8.118820190 -0.022070823 0.999742210 0.005336744 -0.045652669 0.384240896 0.003554407 0.923225939 8.298627853
0.919867516 0.023604957 -0.391518235 -8.130187035 -0.020168846 0.999713540 0.012887094 -0.044834197 0.391710281 -0.003957953 0.920080066 8.329441071
0.917316258 0.033564072 -0.396742195 -8.165369987 -0.028071806 0.999412894 0.019644119 -0.045660719 0.397168517 -0.006882602 0.917719901 8.402923584
0.914290369 0.039840717 -0.403095394 -8.198501587 -0.036007427 0.999205470 0.017087324 -0.046646535 0.403455913 -0.001108348 0.914998412 8.476573944
0.911974788 0.036571421 -0.408612818 -8.212342262 -0.035952590 0.999311149 0.009197889 -0.045769840 0.408667803 0.006302447 0.912661433 8.505944252
0.909799874 0.028517034 -0.414066106 -8.244357109 -0.030687103 0.999528050 0.001411486 -0.045596138 0.413910985 0.011422321 0.910245657 8.579442978
0.908266306 0.029515050 -0.417349964 -8.280212402 -0.032031156 0.999486387 0.000975357 -0.046578135 0.417164385 0.012482317 0.908745229 8.652323723
0.906011403 0.036014803 -0.421718150 -8.295396805 -0.036633942 0.999306619 0.006637297 -0.047721371 0.421664804 0.009435732 0.906702697 8.682837486
0.903409302 0.039012428 -0.427000672 -8.330739021 -0.037988763 0.999218404 0.010919285 -0.048573807 0.427092940 0.006356640 0.904185414 8.756099701
0.901175141 0.035543259 -0.431995273 -8.367017746 -0.035031117 0.999344349 0.009145414 -0.049786590 0.432037085 0.006891656 0.901829481 8.829997063
0.898835719 0.033068731 -0.437036395 -8.381351471 -0.035437394 0.999368131 0.002735341 -0.049578439 0.436850637 0.013028808 0.899439692 8.859477997
0.896662235 0.030439125 -0.441667616 -8.418546677 -0.035855372 0.999349296 -0.003918868 -0.050165687 0.441260934 0.019350057 0.897170186 8.931373596
0.894477606 0.030917706 -0.446042478 -8.457300186 -0.037280012 0.999289751 -0.005493617 -0.051316738 0.445555866 0.021542383 0.894994974 9.005454063
0.892220020 0.034031231 -0.450316906 -8.471277237 -0.038746733 0.999248207 -0.001254581 -0.052086420 0.449935645 0.018567668 0.892867923 9.034879684
0.890091717 0.035805054 -0.454372734 -8.509612083 -0.039696142 0.999211311 0.000976294 -0.053805545 0.454049379 0.017167853 0.890811145 9.108048439
0.887640774 0.036848538 -0.459059983 -8.547920227 -0.040685628 0.999170780 0.001533050 -0.054679312 0.458735853 0.017316345 0.888403952 9.181019783
0.885304034 0.035043590 -0.463690370 -8.562393188 -0.039135173 0.999233544 0.000798402 -0.055079140 0.463362932 0.017439773 0.885996938 9.208983421
0.883295596 0.033162672 -0.467642069 -8.602019310 -0.037204266 0.999307513 0.000593063 -0.056703810 0.467337966 0.016874431 0.883917689 9.281615257
0.881057203 0.032867376 -0.471866429 -8.640316010 -0.036796007 0.999322474 0.000902204 -0.057589754 0.471576482 0.016567910 0.881669462 9.353600502
