0.999095201 0.001915181 -0.042486914 -0.003973949 -0.002050142 0.999992907 -0.003133199 -0.000545360 0.042480610 0.003217469 0.999092102 0.042024802
0.998494864 0.001816623 -0.054815605 -0.006488624 -0.002083932 0.999986231 -0.004819737 -0.000042422 0.054806095 0.004926715 0.998484850 0.052068938
0.997360647 0.001644263 -0.072587036 -0.007670566 -0.001958282 0.999989033 -0.004255153 -0.000471780 0.072579235 0.004386067 0.997353017 0.064186826
0.995885253 0.000242218 -0.090622574 -0.010312630 -0.000630257 0.999990761 -0.004253339 -0.000639401 0.090620704 0.004292953 0.995876253 0.076425575
0.993812501 -0.000797585 -0.111067779 -0.013101681 0.000334206 0.999991298 -0.004190591 -0.000950534 0.111070141 0.004127542 0.993803978 0.089810446
0.991096437 -0.001129478 -0.133141354 -0.017099254 0.000536231 0.999989748 -0.004491543 -0.001309952 0.133145064 0.004380159 0.991086900 0.103601865
0.987703502 0.002210224 -0.156323120 -0.021305308 -0.003165781 0.999977708 -0.005863994 -0.001884951 0.156306684 0.006286772 0.987688541 0.116155945
0.983146787 0.006436598 -0.182704315 -0.025959339 -0.007840955 0.999944925 -0.006965164 -0.002659367 0.182649463 0.008280355 0.983143210 0.131057873
0.977782667 0.009169817 -0.209420621 -0.031361144 -0.011155254 0.999903262 -0.008301407 -0.002772499 0.209324241 0.010453113 0.977790415 0.144071236
0.970962644 0.009998308 -0.239022106 -0.037138376 -0.012167835 0.999897003 -0.007602789 -0.003807201 0.238921449 0.010290405 0.970984399 0.159430966
0.962915361 0.012116592 -0.269531667 -0.045115039 -0.014803326 0.999858916 -0.007937716 -0.003451429 0.269397467 0.011633316 0.962958813 0.175786525
0.953190684 0.014036026 -0.302044153 -0.052253205 -0.016759278 0.999838889 -0.006426280 -0.004166604 0.301905334 0.011187511 0.953272223 0.191821799
0.942018569 0.016010921 -0.335178941 -0.060933426 -0.019016011 0.999802947 -0.005685512 -0.003968961 0.335021883 0.011729624 0.942137361 0.207233518
0.929415584 0.018391836 -0.368576646 -0.070301451 -0.021793988 0.999749601 -0.005069339 -0.004207556 0.368391097 0.012744277 0.929583609 0.223393932
0.915518403 0.021270923 -0.401713371 -0.080376782 -0.025153358 0.999673963 -0.004392117 -0.004300337 0.401488960 0.014125503 0.915754914 0.238738447
0.899478257 0.022355989 -0.436393440 -0.091180973 -0.026493873 0.999643207 -0.003397504 -0.004760759 0.436161757 0.014617734 0.899749577 0.254582554
0.880916655 0.017347116 -0.472953379 -0.102044567 -0.022111095 0.999745429 -0.004514906 -0.004088975 0.472754508 0.014434778 0.881075919 0.270230651
0.859759510 0.012320878 -0.510550499 -0.113982946 -0.017301066 0.999837875 -0.005006123 -0.004337242 0.510406017 0.013137129 0.859833241 0.285238743
0.834602833 0.014213379 -0.550668955 -0.127740398 -0.018225554 0.999832213 -0.001816158 -0.004627443 0.550550818 0.011552015 0.834721744 0.301234126
0.805363297 0.019772377 -0.592451811 -0.143063605 -0.022760697 0.999738038 0.002424783 -0.005340265 0.592344522 0.011531784 0.805602312 0.315707624
0.772935152 0.022767667 -0.634076476 -0.160743251 -0.026256902 0.999647677 0.003887179 -0.005262403 0.633941710 0.013644345 0.773260474 0.330667317
0.736882746 0.022202302 -0.675655961 -0.178717896 -0.025776194 0.999656558 0.004737095 -0.005453758 0.675529122 0.013925154 0.737201869 0.344863951
0.697010517 0.018249789 -0.716828704 -0.197850525 -0.019601490 0.999787450 0.006394089 -0.005929050 0.716792941 0.009594164 0.697219968 0.359639525
0.653892219 0.014528553 -0.756448269 -0.218433052 -0.014083834 0.999876142 0.007029489 -0.005956545 0.756456673 0.006057165 0.654015779 0.374212801
0.609623909 0.013812002 -0.792570472 -0.241299242 -0.011670505 0.999896169 0.008448397 -0.005300011 0.792604864 0.004099351 0.609721839 0.386698186
0.561271548 0.014842535 -0.827498555 -0.265576988 -0.008810023 0.999889672 0.011959032 -0.005954146 0.827584803 0.000578016 0.561340451 0.399203956
0.510694861 0.015147690 -0.859628558 -0.291599154 -0.007640964 0.999885201 0.013079776 -0.004978023 0.859727979 -0.000111385 0.510752022 0.409829885
0.458437234 0.015875665 -0.888585031 -0.319841743 -0.007002102 0.999873877 0.014251469 -0.003856712 0.888699114 -0.000311441 0.458490580 0.419585109
0.403696358 0.018772472 -0.914700329 -0.349692106 -0.004817799 0.999819219 0.018393070 -0.004662184 0.914880335 -0.003018374 0.403713793 0.428297818
0.348466545 0.020383378 -0.937099457 -0.381507874 -0.004731526 0.999789000 0.019987524 -0.003751720 0.937309265 -0.002531073 0.348489463 0.435877979
0.292961925 0.023823537 -0.955827236 -0.415617108 -0.001838926 0.999701738 0.024353448 -0.004062445 0.956122339 -0.005376938 0.292918354 0.442900717
0.239005759 0.025581446 -0.970681071 -0.452228367 0.002669990 0.999631882 0.027001828 -0.003592990 0.971014559 -0.009045302 0.238849431 0.448949546
0.187966779 0.026141224 -0.981827438 -0.488218755 0.004990160 0.999607444 0.027569963 -0.003552834 0.982162714 -0.010081713 0.187762514 0.452521890
0.140497461 0.027767750 -0.989691615 -0.528892338 0.003770907 0.999584436 0.028580634 -0.003677532 0.990073919 -0.007747540 0.140334398 0.454688787
0.097948410 0.027498957 -0.994811416 -0.568467081 0.001451443 0.999613166 0.027774597 -0.002055755 0.995190382 -0.004164390 0.097870626 0.454881340
0.059989031 0.025599347 -0.997870684 -0.612064064 -0.000191842 0.999671340 0.025634013 -0.000713361 0.998198986 -0.001346327 0.059974246 0.454609156
0.025288401 0.023100870 -0.999413252 -0.655397236 0.001270551 0.999731362 0.023140371 -0.000030147 0.999679387 -0.001854988 0.025252258 0.453491032
-0.005751006 0.020444103 -0.999774456 -0.701712012 0.001879584 0.999789476 0.020433597 0.000506622 0.999981701 -0.001761647 -0.005788224 0.450949162
-0.032666702 0.018461367 -0.999295771 -0.748733222 0.000929376 0.999829471 0.018440854 0.001182180 0.999465883 -0.000326319 -0.032678291 0.447650194
-0.053285029 0.015987037 -0.998451352 -0.798321784 0.000515557 0.999872208 0.015982274 0.002624543 0.998579144 0.000336858 -0.053286456 0.443587959
-0.069831140 0.015017210 -0.997445762 -0.847597420 0.001154517 0.999887228 0.014973141 0.003202308 0.997558177 -0.000105976 -0.069840603 0.438538462
-0.083141506 0.015966007 -0.996409774 -0.900085211 0.002674127 0.999871612 0.015798347 0.003295407 0.996534228 -0.001351028 -0.083173528 0.433997273
-0.092367798 0.016517863 -0.995587945 -0.954125822 0.001196293 0.999863505 0.016477810 0.004413087 0.995724261 0.000331004 -0.092374951 0.426919103
-0.098970339 0.018164685 -0.994924545 -1.008852959 -0.001058614 0.999830961 0.018359566 0.004113752 0.995089829 0.002870294 -0.098934360 0.420559853
-0.103658512 0.019094966 -0.994429648 -1.064380765 -0.000485821 0.999814630 0.019249013 0.004476637 0.994612813 0.002478438 -0.103630029 0.414294243
-0.104633786 0.020470405 -0.994300127 -1.123409748 0.001188122 0.999790072 0.020458397 0.004879862 0.994510055 0.000959290 -0.104636133 0.407402039
-0.103720464 0.022028765 -0.994362473 -1.181646109 0.003676096 0.999756336 0.021764813 0.006016068 0.994599700 -0.001397916 -0.103776172 0.401593089
-0.101988353 0.024512406 -0.994483531 -1.244972944 0.003315893 0.999699175 0.024300907 0.006201290 0.994780064 -0.000819192 -0.102038935 0.394863904
-0.100435659 0.024474246 -0.994642496 -1.305795193 0.000893836 0.999699235 0.024508413 0.007305495 0.994943142 0.001572472 -0.100427322 0.388007075
-0.098640084 0.021615792 -0.994888365 -1.371766090 -0.001397653 0.999760032 0.021860214 0.008379886 0.995122194 0.003546801 -0.098586202 0.381033242
-0.097638018 0.021619245 -0.994987130 -1.435108423 -0.001330112 0.999760270 0.021853480 0.009555355 0.995221019 0.003457174 -0.097585842 0.374734581
-0.095663637 0.024726847 -0.995106518 -1.504972219 -0.000988168 0.999688566 0.024935698 0.010559939 0.995413125 0.003368771 -0.095609397 0.368024170
-0.094191670 0.027750542 -0.995167255 -1.570245624 -0.001944631 0.999604404 0.028058331 0.011882072 0.995552182 0.004578094 -0.094100423 0.361885905
-0.091981284 0.030120343 -0.995305121 -1.644725919 -0.002345552 0.999532998 0.030465055 0.012471598 0.995757937 0.005136755 -0.091867678 0.353229403
-0.090515748 0.029202493 -0.995466769 -1.710985422 -0.004849824 0.999545217 0.029763116 0.013587996 0.995883226 0.007521868 -0.090332948 0.347941101
-0.088470228 0.026406841 -0.995728731 -1.787064314 -0.006920265 0.999608099 0.027124587 0.015026633 0.996054769 0.009290423 -0.088252805 0.340340495
-0.086943224 0.025819305 -0.995878518 -1.863651276 -0.008154402 0.999612153 0.026628003 0.016243175 0.996179879 0.010435920 -0.086698949 0.333307028
-0.086030088 0.027779380 -0.995905101 -1.930156946 -0.005131104 0.999585569 0.028325278 0.017971821 0.996279240 0.007546920 -0.085851878 0.328266382
-0.084678218 0.030226726 -0.995949745 -2.007879496 -0.002703024 0.999529064 0.030565174 0.018771030 0.996404588 0.005280281 -0.084556632 0.321362615
-0.082924761 0.032019131 -0.996041298 -2.087773561 -0.001825331 0.999477029 0.032281548 0.020088416 0.996554196 0.004495044 -0.082822949 0.313834578
-0.082904063 0.026970198 -0.996192515 -2.156984091 -0.002101864 0.999626696 0.027238095 0.021456763 0.996555328 0.004352009 -0.082816429 0.308428556
-0.082299039 0.020352844 -0.996399820 -2.236184835 -0.000584883 0.999790192 0.020470414 0.021758968 0.996607542 0.002267471 -0.082269877 0.300874293
-0.082353294 0.015620092 -0.996480763 -2.316254139 0.002050475 0.999877751 0.015503879 0.023038872 0.996601105 -0.000766463 -0.082375243 0.293961197
-0.083401203 0.016132278 -0.996385574 -2.389034510 0.004288138 0.999865532 0.015829688 0.024480537 0.996506751 -0.002952423 -0.083459176 0.289098680
-0.083512329 0.023902690 -0.996219993 -2.472610235 0.004162851 0.999711931 0.023637503 0.024781112 0.996498048 -0.002173092 -0.083587758 0.281649113
-0.084080204 0.030750223 -0.995984435 -2.557101727 0.003196883 0.999526978 0.030589715 0.026161838 0.996453881 -0.000612057 -0.084138721 0.274604976
-0.084318466 0.036144011 -0.995783210 -2.627146959 0.000395966 0.999342978 0.036239706 0.026731044 0.996438801 0.002661380 -0.084277369 0.268083990
-0.084630445 0.036684137 -0.995736897 -2.709387302 -0.001242949 0.999317348 0.036921691 0.027295277 0.996411562 0.004362349 -0.084527075 0.260125637
-0.085308135 0.032629300 -0.995820224 -2.793382406 -0.000020956 0.999463558 0.032750480 0.030045189 0.996354580 0.002814750 -0.085261673 0.253323019
-0.085223705 0.030294042 -0.995901108 -2.865024328 -0.001080044 0.999534190 0.030496979 0.030234747 0.996361256 0.003674682 -0.085151285 0.245729342
-0.085345596 0.031823747 -0.995842993 -2.948696852 -0.002390192 0.999480367 0.032144826 0.031483345 0.996348560 0.005123675 -0.085225172 0.238015026
-0.085133649 0.034048155 -0.995787561 -3.033326387 -0.003519232 0.999399424 0.034472518 0.032834694 0.996363282 0.006439179 -0.084962696 0.228808910
-0.085193433 0.032390285 -0.995837808 -3.100275040 -0.004574911 0.999448180 0.032899097 0.033544540 0.996353924 0.007358656 -0.084998250 0.224628121
-0.084762417 0.027398508 -0.996024430 -3.183079004 -0.005283185 0.999595463 0.027946344 0.034514748 0.996387184 0.007630980 -0.084583364 0.216482759
-0.084241323 0.022660190 -0.996187627 -3.264298677 -0.005989107 0.999711692 0.023246814 0.036658127 0.996427298 0.007924618 -0.084081337 0.207821935
-0.083982781 0.023811607 -0.996182680 -3.333896160 -0.006894089 0.999676645 0.024476325 0.036278479 0.996443331 0.008923363 -0.083791479 0.203333706
-0.083893448 0.026608231 -0.996119380 -3.416406631 -0.006720770 0.999605596 0.027267374 0.036157236 0.996452034 0.008982245 -0.083681531 0.197107136
-0.083400689 0.031007674 -0.996033549 -3.497752190 -0.005655856 0.999484837 0.031588700 0.038367964 0.996500015 0.008267942 -0.083182342 0.189387053
-0.082663737 0.036800150 -0.995897770 -3.569880009 -0.005010888 0.999289989 0.037341420 0.039064869 0.996564925 0.008077113 -0.082420632 0.183904260
-0.082860924 0.039669566 -0.995771289 -3.652501106 -0.005421600 0.999174595 0.040256310 0.040779814 0.996546388 0.008734347 -0.082577467 0.175987989
-0.082567185 0.039638061 -0.995796919 -3.733575344 -0.005528616 0.999175072 0.040230945 0.042244911 0.996570170 0.008827131 -0.082279935 0.168701977
-0.082442895 0.035223760 -0.995973229 -3.817019463 -0.004420363 0.999352396 0.035709176 0.044267796 0.996586025 0.007346530 -0.082233787 0.161510736
-0.081990518 0.030921636 -0.996153295 -3.881711483 -0.005542518 0.999488950 0.031481363 0.045519538 0.996617675 0.008102372 -0.081777230 0.156444103
-0.081900612 0.028347418 -0.996237278 -3.963155985 -0.009320807 0.999529898 0.029207369 0.046271883 0.996596873 0.011677837 -0.081597887 0.148461312
-0.082055494 0.026618047 -0.996272147 -4.045399666 -0.012389065 0.999538720 0.027725717 0.047563486 0.996550620 0.014617930 -0.081687868 0.139400065
-0.082200110 0.024650987 -0.996310949 -4.125909328 -0.010763029 0.999613762 0.025620708 0.048242088 0.996557713 0.012829348 -0.081903040 0.131316423
-0.084073514 0.020516301 -0.996248305 -4.190313339 -0.007059475 0.999750674 0.021184176 0.049380362 0.996434510 0.008814019 -0.083907709 0.128581762
-0.084459662 0.019327387 -0.996239424 -4.272239685 -0.003187916 0.999801576 0.019666761 0.049375273 0.996421754 0.004836976 -0.084381275 0.120394379
-0.086533435 0.022411808 -0.995996773 -4.352334976 -0.002150917 0.999740362 0.022682920 0.050889798 0.996246636 0.004105138 -0.086462751 0.112642407
-0.088595927 0.028988071 -0.995645761 -4.454733849 0.000303751 0.999577165 0.029075507 0.051000603 0.996067584 0.002273543 -0.088567257 0.103183001
-0.090413369 0.032787077 -0.995364487 -4.496948242 0.001804891 0.999461591 0.032758091 0.051201679 0.995902658 0.001165246 -0.090423889 0.101630270
-0.091788091 0.031615503 -0.995276570 -4.577789307 0.001746816 0.999499381 0.031588554 0.052074246 0.995777071 0.001160888 -0.091797374 0.093141973
-0.092680782 0.028269859 -0.995294511 -4.656283855 -0.001646747 0.999591053 0.028545249 0.052080527 0.995694518 0.004284594 -0.092596337 0.084417671
-0.094259635 0.024365669 -0.995249391 -4.721343994 -0.006723503 0.999662042 0.025110478 0.053314336 0.995524943 0.009058466 -0.094063960 0.078413516
-0.095193684 0.023150412 -0.995189488 -4.801186562 -0.011020114 0.999643803 0.024308141 0.053831879 0.995397747 0.013281084 -0.094904661 0.068595320
-0.096090436 0.023681153 -0.995090783 -4.880979061 -0.012270551 0.999612749 0.024973663 0.054742858 0.995296896 0.014610045 -0.095762633 0.059238642
-0.097062640 0.025781473 -0.994944274 -4.958051682 -0.012617640 0.999552190 0.027131800 0.054394059 0.995198369 0.015187333 -0.096693873 0.052128017
-0.098764896 0.025177255 -0.994792342 -5.015607357 -0.013818820 0.999548793 0.026669603 0.055092528 0.995014846 0.016380874 -0.098372407 0.048620731
-0.099316664 0.025143212 -0.994738102 -5.092289448 -0.014635484 0.999535620 0.026725709 0.055898264 0.994948208 0.017212784 -0.098902568 0.040648162
-0.100777477 0.026995640 -0.994542658 -5.171236038 -0.011136195 0.999538600 0.028259682 0.056462340 0.994846642 0.013923361 -0.100430340 0.034999549
-0.101766467 0.028594494 -0.994397283 -5.244367123 -0.009470766 0.999513626 0.029710853 0.059639119 0.994763255 0.012441273 -0.101446159 0.028626502
-0.101026870 0.033550061 -0.994317830 -5.299488544 -0.011272286 0.999328434 0.034864452 0.059135281 0.994819820 0.014730478 -0.100580856 0.020203233
-0.100924373 0.036188971 -0.994235575 -5.373880863 -0.012584957 0.999211907 0.037647586 0.058617860 0.994814456 0.016311971 -0.100389391 0.011143684
-0.102451317 0.035996869 -0.994086444 -5.449648380 -0.011634681 0.999233246 0.037382320 0.059749126 0.994669914 0.015395747 -0.101953954 0.004578590
-0.102049574 0.033447113 -0.994216800 -5.525537491 -0.011246602 0.999331892 0.034773577 0.062017694 0.994715691 0.014730188 -0.101605222 -0.005411208
-0.102295972 0.029737633 -0.994309425 -5.575319290 -0.010229590 0.999468863 0.030944366 0.063482277 0.994701326 0.013336865 -0.101937428 -0.010298729
-0.102761090 0.026962608 -0.994340599 -5.643176079 -0.010528185 0.999547124 0.028191833 0.064039752 0.994650304 0.013365626 -0.102430671 -0.015507519
-0.101353370 0.024032218 -0.994560242 -5.713361740 -0.010598897 0.999625325 0.025234725 0.065983891 0.994794011 0.013098864 -0.101060674 -0.024555802
-0.098946780 0.023553342 -0.994813919 -5.782013893 -0.013800860 0.999591231 0.025039114 0.065732531 0.994997025 0.016206831 -0.098581262 -0.032516956
-0.094125167 0.024928492 -0.995248139 -5.849610806 -0.014023196 0.999554038 0.026362583 0.065508753 0.995461643 0.016437944 -0.093733601 -0.039718449
-0.088781752 0.026292639 -0.995703995 -5.915751934 -0.012911446 0.999537110 0.027545106 0.065642439 0.995967507 0.015301480 -0.088401183 -0.045504808
-0.082846388 0.028214872 -0.996162832 -5.948842525 -0.012249569 0.999494791 0.029327987 0.065404303 0.996487021 0.014632284 -0.082458906 -0.043203652
-0.074438006 0.029170653 -0.996798873 -6.010044098 -0.012817147 0.999461532 0.030205717 0.066282704 0.997143209 0.015024574 -0.074024022 -0.047302485
-0.062448815 0.031287085 -0.997557700 -6.071776867 -0.015573381 0.999356270 0.032318421 0.066003352 0.997926593 0.017553590 -0.061921384 -0.052597582
-0.047734238 0.032855798 -0.998319566 -6.130580425 -0.018241681 0.999263525 0.033759080 0.065621316 0.998693526 0.019822491 -0.047099732 -0.054712921
-0.029324353 0.033365235 -0.999012887 -6.187977314 -0.019900704 0.999225080 0.033956476 0.068426698 0.999371767 0.020876810 -0.028637636 -0.056337170
-0.007520892 0.034793202 -0.999366224 -6.241794586 -0.020509711 0.999178827 0.034941033 0.067401052 0.999761343 0.020759502 -0.006801106 -0.056368537
0.017963581 0.035090022 -0.999222696 -6.269861698 -0.019673627 0.999202847 0.034735642 0.068297803 0.999645054 0.019034360 0.018639609 -0.050290726
0.047696706 0.034368448 -0.998270452 -6.320448399 -0.018209305 0.999271750 0.033532895 0.069227099 0.998695850 0.016578406 0.048287794 -0.046554208
0.081465170 0.034212030 -0.996088803 -6.368460655 -0.017068051 0.999311984 0.032926824 0.070007056 0.996530056 0.014318905 0.081993058 -0.040583134
0.118411124 0.033536829 -0.992398202 -6.413330555 -0.016561959 0.999357164 0.031795852 0.072240472 0.992826462 0.012671077 0.118890427 -0.031412601
0.160417825 0.034280390 -0.986453772 -6.456253529 -0.015909404 0.999356687 0.032141574 0.071059793 0.986920953 0.010537811 0.160859987 -0.025460601
0.205389842 0.035766609 -0.978026450 -6.499885559 -0.014980773 0.999329746 0.033399645 0.070406750 0.978565633 0.007791648 0.205788001 -0.013251305
0.253839582 0.034664523 -0.966624975 -6.541246414 -0.012061073 0.999393344 0.032672357 0.070684016 0.967171133 0.003364997 0.254103690 0.000569105
0.302997291 0.029753722 -0.952526808 -6.554048061 -0.004709775 0.999547005 0.029724305 0.070543244 0.952979684 -0.004520197 0.303000212 0.012884378
0.354617447 0.024005163 -0.934703290 -6.594085693 0.000610214 0.999664187 0.025905011 0.071753323 0.935011327 -0.009756738 0.354483694 0.031860590
0.406773448 0.019778587 -0.913314879 -6.632084370 0.005688584 0.999691367 0.024182728 0.071546070 0.913511455 -0.015032360 0.406535387 0.053698778
0.457249343 0.019146914 -0.889132380 -6.668195248 0.005843895 0.999682009 0.024532836 0.072375976 0.889319301 -0.016413620 0.456992030 0.077437878
0.504343867 0.017647229 -0.863322556 -6.689167500 0.007266840 0.999668956 0.024679510 0.072884127 0.863472342 -0.018720588 0.504048645 0.094350576
0.549674988 0.012806443 -0.835280478 -6.724311829 0.015810598 0.999543905 0.025729433 0.073487654 0.835229039 -0.027349111 0.549221694 0.122679234
0.594203353 0.007506017 -0.804279864 -6.756833076 0.025275860 0.999288321 0.027999802 0.073046178 0.803917527 -0.036966447 0.593590677 0.152106524
0.636684895 0.001856305 -0.771121860 -6.787257195 0.027319336 0.999315143 0.024962120 0.073591135 0.770640016 -0.036959544 0.636197984 0.182591438
0.677608669 -0.003002170 -0.735416532 -6.804516315 0.024124082 0.999544263 0.018147387 0.073699526 0.735026896 -0.030038077 0.677372277 0.203205109
0.718824983 -0.010725318 -0.695108414 -6.833210945 0.021141957 0.999755800 0.006437368 0.074743673 0.694869637 -0.019323291 0.718876064 0.236133814
0.757625341 -0.012568128 -0.652568817 -6.854762077 0.015868731 0.999873757 -0.000833614 0.074477315 0.652496934 -0.009723871 0.757729053 0.267280579
0.794945061 -0.013063204 -0.606540740 -6.880547047 0.013665122 0.999900103 -0.003625274 0.074445903 0.606527448 -0.005406560 0.795044124 0.306538105
0.829558372 -0.014035741 -0.558243632 -6.902025223 0.013811729 0.999893904 -0.004615582 0.073762082 0.558249235 -0.003881415 0.829664230 0.342653513
0.860570848 -0.013615468 -0.509148777 -6.926283836 0.011783200 0.999907196 -0.006823015 0.074045084 0.509194434 -0.000127714 0.860651553 0.389602900
0.887274265 -0.011101027 -0.461108685 -6.944466591 0.009929944 0.999938309 -0.004965775 0.072431691 0.461135328 -0.000172778 0.887329817 0.428457737
0.908883572 -0.005034903 -0.417019486 -6.966704369 0.003723610 0.999985158 -0.003957851 0.071967721 0.417033225 0.002044407 0.908888996 0.480336189
0.926827431 -0.000309206 -0.375487417 -6.982382774 -0.001727680 0.999985576 -0.005087955 0.071086392 0.375483513 0.005364378 0.926813543 0.523198128
0.940663218 0.004534854 -0.339311272 -7.001823425 -0.006152582 0.999974310 -0.003692095 0.070796959 0.339285851 0.005560659 0.940666914 0.579662323
0.951155066 0.005244150 -0.308668822 -7.016746521 -0.006033555 0.999980509 -0.001603007 0.070073932 0.308654457 0.003387079 0.951168180 0.627626896
0.958745778 0.004714277 -0.284225971 -7.034276962 -0.005082718 0.999986887 -0.000558775 0.069821380 0.284219623 0.001980364 0.958757162 0.688469410
0.964671671 0.005213479 -0.263403505 -7.046681404 -0.004885915 0.999986231 0.001898624 0.069026433 0.263409793 -0.000544581 0.964683890 0.740783691
0.969574213 0.007546560 -0.244681180 -7.064124107 -0.006664933 0.999967933 0.004430957 0.068726845 0.244706839 -0.002665358 0.969593465 0.806994200
0.973161817 0.012651018 -0.229773834 -7.075903893 -0.011592087 0.999915063 0.005957882 0.068558194 0.229829714 -0.003134425 0.973225772 0.860579848
0.976285398 0.016811984 -0.215833709 -7.092803001 -0.015564417 0.999850929 0.007478734 0.067920849 0.215927258 -0.003942052 0.976401448 0.929630280
0.979069710 0.015116703 -0.202962801 -7.106256485 -0.013949245 0.999876916 0.007181395 0.067305535 0.203046381 -0.004199908 0.979160130 1.000333309
0.981717229 0.014650703 -0.189780518 -7.115034103 -0.013580514 0.999883711 0.006938408 0.067089163 0.189860061 -0.004234239 0.981802046 1.051525474
0.984478533 0.015793655 -0.174793065 -7.129425526 -0.014731244 0.999864280 0.007373968 0.067465357 0.174885780 -0.004684594 0.984577596 1.127442956
0.986743867 0.016803900 -0.161413044 -7.137644291 -0.015761944 0.999845803 0.007733633 0.067161739 0.161518127 -0.005086931 0.986856759 1.187237740
0.988732636 0.016891321 -0.148736462 -7.149240971 -0.016283894 0.999853313 0.005300818 0.066180274 0.148804188 -0.002819082 0.988862753 1.265084624
0.990343988 0.017997392 -0.137459517 -7.158115387 -0.018194703 0.999834418 -0.000178952 0.065455437 0.137433529 0.002678259 0.990507483 1.326789618
0.991671324 0.016237382 -0.127766967 -7.168944836 -0.017164916 0.999833703 -0.006161790 0.064258449 0.127645671 0.008303581 0.991785049 1.408246279
0.992651701 0.015710665 -0.119981989 -7.176088333 -0.016630564 0.999839485 -0.006669478 0.064294450 0.119857915 0.008615837 0.992753804 1.472874641
0.993435621 0.018294146 -0.112919472 -7.186925411 -0.018510813 0.999828279 -0.000870522 0.063736439 0.112884171 0.002955039 0.993603766 1.557533979
0.993875384 0.022028586 -0.108289331 -7.196009636 -0.021364493 0.999745250 0.007289082 0.062219024 0.108422309 -0.004930892 0.994092703 1.640447259
0.994327009 0.023423962 -0.103755139 -7.202767372 -0.022381281 0.999686658 0.011202468 0.061614610 0.103985041 -0.008816742 0.994539797 1.697385550
0.994784236 0.022472298 -0.099495485 -7.213806152 -0.021563608 0.999715388 0.010199120 0.060842022 0.099696361 -0.008000443 0.994985759 1.783155799
0.995041609 0.022257585 -0.096937217 -7.218716145 -0.021465845 0.999727249 0.009202886 0.060510870 0.097115599 -0.007076414 0.995247960 1.845482469
0.995336235 0.021236485 -0.094100632 -7.227076530 -0.020220526 0.999726653 0.011737015 0.059569549 0.094324149 -0.009779512 0.995493531 1.929057717
0.995621681 0.018913954 -0.091540553 -7.232774734 -0.017723389 0.999747694 0.013801424 0.059494872 0.091778480 -0.012118590 0.995705724 1.993824005
0.995904446 0.016570665 -0.088879690 -7.240296364 -0.015247352 0.999762893 0.015547158 0.059148811 0.089116238 -0.014128306 0.995921016 2.077625990
0.996164918 0.015386464 -0.086133145 -7.250694752 -0.014427162 0.999826849 0.011748841 0.058793243 0.086298995 -0.010461126 0.996214390 2.178924322
0.996216774 0.018253559 -0.084964089 -7.251666546 -0.017932266 0.999828815 0.004543275 0.058147654 0.085032478 -0.003002489 0.996373653 2.214486599
0.996350527 0.019454300 -0.083109036 -7.260050774 -0.019761397 0.999800503 -0.002874010 0.056722812 0.083036542 0.004505872 0.996536374 2.296532393
0.996437192 0.019815495 -0.081976205 -7.266761780 -0.020452604 0.999766707 -0.006939406 0.055944107 0.081819572 0.008591308 0.996610105 2.377917051
0.996605814 0.021028753 -0.079590596 -7.271469116 -0.021551371 0.999751449 -0.005712967 0.055017401 0.079450659 0.007408863 0.996811211 2.433734894
0.996719778 0.023994515 -0.077291019 -7.278890610 -0.024190338 0.999706089 -0.001598180 0.053209662 0.077229947 0.003462634 0.997007310 2.515746355
0.996780157 0.027835293 -0.075196892 -7.286023617 -0.027633004 0.999611199 0.003729408 0.051163461 0.075271457 -0.001639483 0.997161686 2.595878839
0.997037768 0.025533084 -0.072551876 -7.289187431 -0.025229732 0.999668717 0.005094684 0.050928548 0.072657913 -0.003249129 0.997351646 2.651407719
0.997233152 0.022229087 -0.070936173 -7.295140266 -0.021915179 0.999746323 0.005200516 0.049380459 0.071033791 -0.003631548 0.997467339 2.731572151
0.997342408 0.020750396 -0.069840014 -7.303865910 -0.020424606 0.999776959 0.005375808 0.046882723 0.069935970 -0.003935067 0.997543752 2.845108747
0.997405469 0.019681262 -0.069245376 -7.304582596 -0.019494357 0.999804258 0.003373971 0.047500182 0.069298238 -0.002015323 0.997593939 2.866930008
0.997463524 0.018309712 -0.068782948 -7.309613705 -0.018185208 0.999831676 0.002435896 0.046625324 0.068815976 -0.001178885 0.997628689 2.949832916
0.997492909 0.018095970 -0.068413399 -7.313868046 -0.017975500 0.999835610 0.002376184 0.045798846 0.068445161 -0.001140461 0.997654200 3.029850006
0.997550368 0.020215001 -0.066966906 -7.320060730 -0.020053858 0.999794185 0.003077661 0.045232698 0.067015342 -0.001727177 0.997750401 3.084933043
0.997566342 0.020082867 -0.066769116 -7.326715469 -0.019993076 0.999798179 0.002012771 0.044573996 0.066796057 -0.000672952 0.997766435 3.168971062
0.997461200 0.020075563 -0.068322331 -7.332731247 -0.019981589 0.999798238 0.002058637 0.043025237 0.068349861 -0.000688222 0.997661114 3.253362656
0.997360408 0.017880391 -0.070373707 -7.336248875 -0.017770184 0.999839664 0.002191920 0.043431178 0.070401616 -0.000935580 0.997518301 3.305165529
0.997117400 0.019312693 -0.073375136 -7.343811989 -0.019213835 0.999813259 0.002053040 0.042354021 0.073401093 -0.000637305 0.997302294 3.391542435
0.996816635 0.023228357 -0.076269284 -7.351686001 -0.023117635 0.999730051 0.002334380 0.040340681 0.076302916 -0.000563784 0.997084498 3.477165222
0.996606648 0.023121385 -0.078997329 -7.355592728 -0.023441125 0.999720335 -0.003122441 0.040351599 0.078903034 0.004963633 0.996869922 3.528962612
0.996437132 0.024834206 -0.080599912 -7.365744591 -0.025476553 0.999651194 -0.006950815 0.039887093 0.080399185 0.008979456 0.996722221 3.616603374
0.996264517 0.024112536 -0.082919389 -7.373435020 -0.024879733 0.999656498 -0.008231392 0.037993640 0.082692422 0.010263656 0.996522248 3.705639124
0.996055424 0.023415940 -0.085587807 -7.376349926 -0.024063369 0.999689043 -0.006540540 0.036457404 0.085408039 0.008574272 0.996309161 3.755762100
0.995913506 0.021380851 -0.087744445 -7.384286404 -0.021977758 0.999741435 -0.005842215 0.034248769 0.087596834 0.007746769 0.996125817 3.843764067
0.995765626 0.020502124 -0.089612395 -7.393106461 -0.020964105 0.999771357 -0.004217067 0.032592904 0.089505434 0.006077853 0.995967805 3.933020592
0.995684683 0.021371013 -0.090306960 -7.398011684 -0.021524791 0.999768078 -0.000729181 0.033194479 0.090270437 0.002669873 0.995913684 3.986478567
0.995596766 0.021523908 -0.091235057 -7.406761646 -0.021232113 0.999765933 0.004167741 0.032029349 0.091303393 -0.002212276 0.995820761 4.076709270
0.995669425 0.020821005 -0.090603165 -7.414988995 -0.020359633 0.999774635 0.006013592 0.030742308 0.090707965 -0.004142902 0.995868981 4.170205593
0.995767474 0.023315251 -0.088901326 -7.420335770 -0.022807410 0.999717236 0.006724059 0.030083675 0.089032948 -0.004667991 0.996017754 4.222992897
0.995933056 0.023345530 -0.087018877 -7.428596497 -0.022974465 0.999722123 0.005263355 0.029667830 0.087117568 -0.003242737 0.996192753 4.316257000
0.996158540 0.021166991 -0.084971339 -7.437808514 -0.021004640 0.999775350 0.002804330 0.029262114 0.085011609 -0.001008765 0.996379495 4.407906532
0.996322751 0.017398652 -0.083894119 -7.440956593 -0.017350623 0.999848604 0.001301599 0.028094221 0.083904065 0.000158803 0.996473849 4.460336685
0.996524274 0.016235173 -0.081704967 -7.449640751 -0.016234566 0.999867916 0.000671810 0.027324164 0.081705071 0.000656970 0.996656358 4.554263592
0.996644437 0.013651032 -0.080706276 -7.456984043 -0.013426878 0.999904275 0.003319475 0.026261432 0.080743864 -0.002224702 0.996732414 4.647659302
0.996694982 0.011576789 -0.080405876 -7.459900856 -0.011132263 0.999920189 0.005974642 0.025330760 0.080468617 -0.005059795 0.996744215 4.697341442
0.996778309 0.010571769 -0.079506412 -7.468387127 -0.010145560 0.999931931 0.005762722 0.024677780 0.079561912 -0.004937519 0.996817708 4.789523125
0.996905982 0.013131991 -0.077498518 -7.478579521 -0.012962923 0.999912381 0.002684241 0.022937147 0.077526964 -0.001671328 0.996988893 4.882819176
0.996828198 0.015007876 -0.078155652 -7.479303837 -0.015282887 0.999878943 -0.002921761 0.022083536 0.078102343 0.004106937 0.996936858 4.931090355
0.996896088 0.016123481 -0.077060468 -7.487411499 -0.016819794 0.999823272 -0.008395381 0.020120375 0.076911494 0.009665463 0.996991098 5.021872520
0.996868849 0.020492986 -0.076370664 -7.495510578 -0.021659521 0.999660611 -0.014477731 0.018492438 0.076048054 0.016086549 0.996974349 5.115116119
0.996915400 0.021098256 -0.075596288 -7.498641968 -0.022282390 0.999641299 -0.014854780 0.016204566 0.075255752 0.016493421 0.997027874 5.160374165
0.996995449 0.018192399 -0.075293660 -7.505625725 -0.018921681 0.999780476 -0.008983739 0.014468051 0.075113699 0.010381427 0.997120976 5.252646923
0.996954739 0.017797872 -0.075924367 -7.512872696 -0.017853433 0.999840617 -0.000053067 0.012467558 0.075911321 0.001408414 0.997113585 5.344727039
0.996871948 0.016152531 -0.077364407 -7.516535282 -0.015596646 0.999848068 0.007784144 0.011105757 0.077478379 -0.006553172 0.996972501 5.389931202
0.996745765 0.013594017 -0.079454169 -7.524250984 -0.013233864 0.999899685 0.005057681 0.010259507 0.079514951 -0.003989738 0.996825695 5.480567455
0.996629655 0.009064601 -0.081529453 -7.531102657 -0.008913853 0.999957740 0.002212788 0.008496607 0.081546061 -0.001478589 0.996668518 5.569820404
0.996327221 0.007627548 -0.085287228 -7.533697128 -0.007616004 0.999970853 0.000460709 0.007707381 0.085288256 0.000190532 0.996356249 5.613005161
0.996078670 0.009650236 -0.087944619 -7.541713238 -0.009813652 0.999950886 -0.001425990 0.005371239 0.087926544 0.002283457 0.996124327 5.700693607
0.995798826 0.011116855 -0.090890653 -7.551667213 -0.011661815 0.999917030 -0.005466865 0.004134983 0.090822339 0.006503848 0.995845854 5.789882660
0.995384693 0.011710312 -0.095247410 -7.555345535 -0.012613010 0.999880970 -0.008880870 0.003425207 0.095132083 0.010041242 0.995413959 5.830740929
0.995058358 0.013748703 -0.098336168 -7.564139366 -0.015079128 0.999804258 -0.012798922 0.000726357 0.098140977 0.014218494 0.995070934 5.917267323
0.994649172 0.018581683 -0.101626322 -7.574758053 -0.020024668 0.999712408 -0.013197172 -0.001339480 0.101351872 0.015161589 0.994735122 6.005192757
0.994201183 0.020521503 -0.105559051 -7.578932285 -0.021787265 0.999703705 -0.010851782 -0.002691381 0.105305083 0.013088698 0.994353831 6.044350147
0.993735671 0.023592565 -0.109236777 -7.589364052 -0.024261177 0.999694049 -0.004795475 -0.005340949 0.109090216 0.007415647 0.994004190 6.130710602
0.993222952 0.023666563 -0.113790721 -7.594963074 -0.023714902 0.999718428 0.000929029 -0.006449206 0.113780662 0.001775803 0.993504286 6.185874462
0.992595792 0.022636129 -0.119337261 -7.604710579 -0.022279350 0.999742448 0.004323182 -0.007905617 0.119404376 -0.001632416 0.992844403 6.271966457
0.991814375 0.023567377 -0.125494391 -7.612298965 -0.023108885 0.999719858 0.005108206 -0.007911429 0.125579625 -0.002166356 0.992081165 6.322853088
0.991120100 0.019451134 -0.131539255 -7.623353958 -0.018343035 0.999785304 0.009630663 -0.010237351 0.131698340 -0.007132315 0.991264224 6.406047821
0.990182698 0.021769045 -0.138073727 -7.631284237 -0.020803994 0.999748051 0.008428861 -0.009713404 0.138222441 -0.005473629 0.990386069 6.457133770
0.989198685 0.026791042 -0.144111678 -7.644479752 -0.025953731 0.999633610 0.007687298 -0.010433644 0.144264847 -0.003864029 0.989531577 6.540452957
0.988330483 0.028149849 -0.149701193 -7.653495789 -0.027875328 0.999603570 0.003932207 -0.011153566 0.149752557 0.000286650 0.988723457 6.589900494
0.987385452 0.026656177 -0.156075045 -7.666391373 -0.026819110 0.999639690 0.001062157 -0.012331381 0.156047136 0.003137034 0.987744629 6.672525883
0.986529112 0.027997663 -0.161171556 -7.675391674 -0.028372409 0.999597430 -0.000023671 -0.013177229 0.161105990 0.004596177 0.986926377 6.720734596
0.985732436 0.030205300 -0.165587306 -7.690479755 -0.029809803 0.999543786 0.004873706 -0.013677862 0.165658951 0.000131956 0.986183107 6.802201748
0.984614670 0.030715525 -0.172018990 -7.698619366 -0.029551489 0.999519765 0.009324215 -0.014749043 0.172222823 -0.004097342 0.985049427 6.850470543
0.983521342 0.030835781 -0.178143308 -7.714523315 -0.029255137 0.999505877 0.011493536 -0.016301110 0.178409711 -0.006092531 0.983937442 6.931632519
0.982288122 0.027839696 -0.185296878 -7.722931862 -0.026839297 0.999608517 0.007905554 -0.016660035 0.185444459 -0.002792291 0.982650757 6.978036880
0.980726421 0.024888221 -0.193794534 -7.739088535 -0.025223071 0.999681592 0.000739801 -0.017225165 0.193751261 0.004162551 0.981041849 7.055560112
0.978912652 0.022703772 -0.203013703 -7.748715401 -0.023432577 0.999724686 -0.001186709 -0.017905954 0.202930853 0.005918818 0.979175091 7.102765083
0.976648629 0.022691607 -0.213640943 -7.766195774 -0.022792051 0.999738216 0.001993252 -0.019598668 0.213630259 0.002922610 0.976910114 7.180424213
0.974105537 0.022228466 -0.224998087 -7.777466774 -0.021001555 0.999748588 0.007845181 -0.019460008 0.225115910 -0.002916725 0.974327624 7.228170395
0.971397638 0.024729881 -0.236167103 -7.798216820 -0.021715442 0.999646187 0.015356933 -0.019943789 0.236463353 -0.009789216 0.971591115 7.305249214
0.968507826 0.024715848 -0.247753382 -7.809968472 -0.020602362 0.999603629 0.019182414 -0.020439789 0.248129278 -0.013474013 0.968633235 7.351726055
0.965511084 0.028022097 -0.258849561 -7.831577301 -0.025109190 0.999578714 0.014553210 -0.021006450 0.259148300 -0.007551783 0.965808034 7.425329208
0.962212861 0.027349558 -0.270921528 -7.853738308 -0.026947102 0.999623299 0.005205963 -0.020784762 0.270961881 0.002291308 0.962587416 7.500204563
0.958614171 0.024902521 -0.283617198 -7.863052368 -0.025859157 0.999665499 0.000371035 -0.020979527 0.283531457 0.006978422 0.958937526 7.531208038
0.955158174 0.023905570 -0.295129508 -7.887516975 -0.023395916 0.999712348 0.005258348 -0.021558713 0.295170277 0.001882272 0.955442786 7.606577396
0.951369822 0.024978628 -0.307036579 -7.911733150 -0.022218112 0.999675155 0.012483435 -0.021997884 0.307248622 -0.005054591 0.951615870 7.681763172
0.947465181 0.025325159 -0.318854868 -7.922944546 -0.020737208 0.999627054 0.017775878 -0.022047430 0.319186032 -0.010229864 0.947636843 7.711205006
0.943283081 0.022770951 -0.331207931 -7.950203896 -0.018620616 0.999703407 0.015699171 -0.021764040 0.331467181 -0.008641465 0.943427086 7.786067963
0.939239442 0.020674646 -0.342639208 -7.978131294 -0.017965155 0.999777257 0.011080027 -0.021666132 0.342791975 -0.004251233 0.939401746 7.859792233
0.935970843 0.017197987 -0.351657659 -7.988699436 -0.016627038 0.999850988 0.004643734 -0.023080375 0.351685077 0.001500626 0.936117172 7.886831760
0.933160067 0.013249540 -0.359216869 -8.018130302 -0.014659770 0.999891937 -0.001202083 -0.023637692 0.359162033 0.006387773 0.933253288 7.960598946
0.930327713 0.012706423 -0.366508901 -8.048094749 -0.014955061 0.999882758 -0.003296445 -0.024813961 0.366424024 0.008547936 0.930408716 8.035545349
0.927013040 0.017649932 -0.374613553 -8.059171677 -0.020221766 0.999791145 -0.002935273 -0.025949489 0.374483526 0.010296383 0.927176416 8.061970711
0.923980594 0.018710274 -0.381981432 -8.092108727 -0.020387575 0.999792099 -0.000343837 -0.027835865 0.381895632 0.008105374 0.924169958 8.135977745
0.920617640 0.018973643 -0.390004069 -8.123677254 -0.017993283 0.999819040 0.006167307 -0.027878083 0.390050471 0.001339721 0.920792460 8.211404800
0.917639017 0.020851916 -0.396867514 -8.135060310 -0.016653493 0.999763012 0.014022506 -0.027585879 0.397065789 -0.006258368 0.917768776 8.238060951
0.914954066 0.030455053 -0.402407169 -8.169849396 -0.024130084 0.999492884 0.020779170 -0.028261617 0.402835965 -0.009301867 0.915224850 8.311425209
0.912050843 0.037101764 -0.408395171 -8.204553604 -0.032601345 0.999306738 0.017977569 -0.028785691 0.408779025 -0.003082225 0.912628174 8.385352135
0.909696698 0.033483215 -0.413921267 -8.216896057 -0.032132439 0.999431312 0.010227548 -0.028159685 0.414028317 0.003996333 0.910255253 8.411507607
0.907497644 0.025943896 -0.419255078 -8.250243187 -0.027394382 0.999621391 0.002561054 -0.028057903 0.419162810 0.009161085 0.907864928 8.484841347
0.905862689 0.026197929 -0.422760487 -8.285465240 -0.028016193 0.999605656 0.001913076 -0.028780576 0.422643960 0.010111157 0.906239450 8.557164192
0.903639615 0.033053685 -0.427016288 -8.299516678 -0.033044759 0.999426246 0.007433370 -0.029875211 0.427017033 0.007393559 0.904213488 8.584972382
0.901003957 0.035930514 -0.432320327 -8.336435318 -0.034241471 0.999345124 0.011693381 -0.030516088 0.432457417 0.004267500 0.901644289 8.659346581
0.898679316 0.032484151 -0.437401712 -8.372255325 -0.031306140 0.999460816 0.009904979 -0.031601623 0.437487602 0.004791962 0.899211705 8.732620239
0.896418631 0.030075924 -0.442186654 -8.385582924 -0.031723633 0.999489903 0.003670211 -0.031773385 0.442071497 0.010737724 0.896915555 8.758431435
0.894324124 0.027245883 -0.446589202 -8.423899651 -0.032060958 0.999480665 -0.003227046 -0.032033127 0.446269363 0.017204104 0.894733310 8.830877304
0.891966999 0.028209316 -0.451219827 -8.462303162 -0.033865523 0.999416471 -0.004463630 -0.033589963 0.450830579 0.019262210 0.892401636 8.905159950
0.889778733 0.031088242 -0.455332160 -8.475223541 -0.035076056 0.999384463 -0.000309262 -0.034222361 0.455042332 0.016246431 0.890321612 8.930180550
0.887561738 0.033079240 -0.459499896 -8.513729095 -0.036201317 0.999342501 0.002016525 -0.035991110 0.459264487 0.014844707 0.888175547 9.003387451
0.885025203 0.034108732 -0.464292049 -8.552051544 -0.037212584 0.999304295 0.002478902 -0.036614995 0.464053661 0.015083616 0.885678709 9.075731277
0.882713914 0.032171249 -0.468808264 -8.565244675 -0.035524823 0.999367356 0.001690762 -0.037184246 0.468566090 0.015161870 0.883298337 9.100363731
0.880584896 0.030077931 -0.472933054 -8.604887009 -0.033206180 0.999446929 0.001734802 -0.039016657 0.472723693 0.014176659 0.881096601 9.173357964
0.878359914 0.030189689 -0.477045625 -8.645357132 -0.033209417 0.999446213 0.002102856 -0.039848611 0.476844996 0.013995343 0.878875911 9.245605469
