0.999085307 0.001878448 -0.042720474 -0.003020815 -0.002027069 0.999992013 -0.003435878 -0.000385247 0.042713676 0.003519332 0.999081194 0.037016265
0.998391807 0.001611588 -0.056667250 -0.003987435 -0.001836098 0.999990642 -0.003910061 -0.000628001 0.056660429 0.004007819 0.998385429 0.046129797
0.997142315 0.001248853 -0.075535491 -0.002323376 -0.001492511 0.999993861 -0.003169376 -0.001546297 0.075531058 0.003273057 0.997138023 0.058353242
0.995312810 -0.000606044 -0.096705139 -0.005594305 0.000179061 0.999990225 -0.004423926 -0.000598648 0.096706867 0.004385874 0.995303214 0.082592458
0.993738294 -0.001545301 -0.111721650 -0.010146413 0.001069535 0.999990106 -0.004318306 -0.000780019 0.111727215 0.004171776 0.993730307 0.079037920
0.990584731 -0.001948538 -0.136887059 -0.011595757 0.001269800 0.999986351 -0.005045528 -0.000953399 0.136895046 0.004824203 0.990573823 0.098216169
0.986730158 0.001402874 -0.162362650 -0.015876925 -0.002535621 0.999973774 -0.006769638 -0.001001937 0.162348911 0.007091497 0.986707985 0.114367396
0.982864439 0.005953123 -0.184233770 -0.020558346 -0.007422504 0.999945879 -0.007287013 -0.002175312 0.184180439 0.008529625 0.982855380 0.115525670
0.977152646 0.008741706 -0.212358847 -0.026657511 -0.011031982 0.999893010 -0.009602424 -0.001293875 0.212252215 0.011725773 0.977144539 0.132983178
0.970673800 0.009826781 -0.240199924 -0.031597313 -0.012220312 0.999889374 -0.008477278 -0.002864211 0.240090057 0.011163992 0.970686376 0.142959908
0.962351859 0.011268343 -0.271572918 -0.038442820 -0.014152566 0.999862254 -0.008664189 -0.002476731 0.271437913 0.012181454 0.962378860 0.160287157
0.953542411 0.013633210 -0.300950199 -0.046391726 -0.016540926 0.999837816 -0.007115717 -0.003466961 0.300804496 0.011763133 0.953613281 0.172581509
0.942272484 0.015463903 -0.334489882 -0.055038124 -0.018564137 0.999809206 -0.006073492 -0.003600935 0.334332138 0.011932400 0.942379832 0.188911885
0.929695189 0.018158384 -0.367881775 -0.062166337 -0.021695470 0.999749839 -0.005480966 -0.003857688 0.367690235 0.013077001 0.929856420 0.201288119
0.915963590 0.020216523 -0.400751799 -0.072245061 -0.024485774 0.999684989 -0.005534423 -0.003261803 0.400513679 0.014882051 0.916170001 0.216321275
0.899591327 0.022285510 -0.436163723 -0.078842305 -0.026565826 0.999640167 -0.003716258 -0.004282874 0.435923964 0.014930164 0.899859607 0.224425852
0.881399214 0.016966522 -0.472067297 -0.089488246 -0.021957377 0.999746084 -0.005064969 -0.003728667 0.471861422 0.014829623 0.881547987 0.238997668
0.860199511 0.012662330 -0.509800434 -0.100052997 -0.017661648 0.999831557 -0.004967319 -0.004344983 0.509651661 0.013276801 0.860278308 0.253041536
0.835319757 0.013780986 -0.549591660 -0.112701289 -0.017867956 0.999838054 -0.002086457 -0.004396484 0.549473882 0.011562936 0.835430741 0.266985595
0.806484699 0.019685810 -0.590927243 -0.125776872 -0.022785908 0.999737918 0.002206985 -0.005241257 0.590815783 0.011684914 0.806721866 0.278631300
0.774176419 0.022754569 -0.632560849 -0.141484097 -0.026348772 0.999645948 0.003711766 -0.005008777 0.632421196 0.013793638 0.774501920 0.292061299
0.738006294 0.022256324 -0.674426556 -0.157025516 -0.025418449 0.999663472 0.005174551 -0.005830802 0.674314797 0.013324027 0.738323748 0.304632604
0.698409259 0.017989114 -0.715472460 -0.174458414 -0.019280812 0.999794126 0.006316820 -0.005960502 0.715438843 0.009383167 0.698612273 0.317835271
0.655727565 0.014230901 -0.754863441 -0.192852408 -0.013959813 0.999879956 0.006723547 -0.005671276 0.754868567 0.006128939 0.655847490 0.330727577
0.610743105 0.014125855 -0.791702807 -0.213623822 -0.011524486 0.999893546 0.008950138 -0.005819080 0.791744947 0.003657732 0.610840917 0.342803121
0.563574314 0.014258610 -0.825942159 -0.235461414 -0.008929589 0.999897778 0.011168657 -0.005408522 0.826017082 0.001080955 0.563643932 0.353493989
0.512224734 0.014499348 -0.858729005 -0.260173053 -0.006529354 0.999894321 0.012988172 -0.005423009 0.858826637 -0.001045916 0.512265265 0.364998430
0.459936887 0.016432540 -0.887799561 -0.284868658 -0.006092440 0.999863625 0.015350497 -0.005142867 0.887930691 -0.001651394 0.459974319 0.373575002
0.405197859 0.019170115 -0.914028049 -0.312425673 -0.004974361 0.999811530 0.018764090 -0.005051750 0.914215505 -0.003056464 0.405216873 0.382244527
0.350365788 0.020480601 -0.936388969 -0.340668201 -0.003754941 0.999783576 0.020462189 -0.004751743 0.936605394 -0.003653166 0.350366831 0.388723731
0.295037508 0.023466149 -0.955197394 -0.372150540 -0.001109983 0.999706089 0.024216739 -0.004579939 0.955484986 -0.006084595 0.294976890 0.395536661
0.242019042 0.025470829 -0.969937086 -0.403276742 0.003666557 0.999624252 0.027165303 -0.004706571 0.970264494 -0.010130850 0.241834730 0.399771661
0.191387057 0.026364142 -0.981160462 -0.438850075 0.006552853 0.999582589 0.028137367 -0.004711723 0.981492758 -0.011814528 0.191134393 0.403661609
0.143899143 0.026965644 -0.989224792 -0.472628921 0.004600989 0.999599636 0.027917743 -0.003818805 0.989581645 -0.008568753 0.143717453 0.405191213
0.101241782 0.027533023 -0.994480729 -0.511182964 0.002915611 0.999604464 0.027971698 -0.003254729 0.994857550 -0.005731422 0.101121441 0.406247020
0.063867062 0.025577160 -0.997630715 -0.548614621 0.001366547 0.999668360 0.025716892 -0.001953883 0.997957468 -0.003005771 0.063810930 0.405230939
0.028005339 0.023172546 -0.999339223 -0.589656413 0.003246320 0.999723852 0.023272444 -0.001454000 0.999602556 -0.003895928 0.027922384 0.405877203
-0.002226903 0.020530807 -0.999786735 -0.629590213 0.003629637 0.999782801 0.020522639 -0.001446668 0.999990940 -0.003583161 -0.002300938 0.402814209
-0.028536599 0.018972777 -0.999412715 -0.673343599 0.002944674 0.999817193 0.018896371 -0.001470170 0.999588430 -0.002403707 -0.028587244 0.399635762
-0.049504157 0.016145766 -0.998643398 -0.717416823 0.002770534 0.999867678 0.016028224 -0.000140333 0.998770058 -0.001973311 -0.049542338 0.396075100
-0.064849526 0.015460590 -0.997775316 -0.763341725 0.002629383 0.999879122 0.015322294 0.000604850 0.997891545 -0.001629890 -0.064882338 0.390516132
-0.078430146 0.015495686 -0.996799111 -0.810894608 0.003762430 0.999876618 0.015247490 0.002118906 0.996912420 -0.002554524 -0.078478776 0.386526614
-0.087619804 0.016063396 -0.996024370 -0.863577068 0.002481025 0.999870360 0.015907167 0.003319887 0.996150792 -0.001077379 -0.087648317 0.380200893
-0.094840236 0.017872132 -0.995332062 -0.910433412 0.000827389 0.999839902 0.017874239 0.002558754 0.995492160 0.000871670 -0.094839849 0.375602752
-0.098908350 0.019094199 -0.994913399 -0.962066829 0.001115317 0.999817431 0.019077433 0.002772896 0.995095968 0.000777274 -0.098911591 0.369537234
-0.100539207 0.019711886 -0.994737864 -1.014655113 0.003113138 0.999805093 0.019497652 0.003513218 0.994928241 -0.001136478 -0.100580961 0.364228487
-0.099241965 0.022496929 -0.994809031 -1.069333553 0.004523879 0.999744356 0.022157235 0.003517656 0.995053113 -0.002301468 -0.099318355 0.358220547
-0.098012082 0.024481256 -0.994884014 -1.124226928 0.004427786 0.999698222 0.024163509 0.004505008 0.995175362 -0.002036817 -0.098090902 0.353272438
-0.096284531 0.023854166 -0.995068014 -1.182829618 0.002194561 0.999715507 0.023753228 0.005642580 0.995351493 0.000103330 -0.096309483 0.347379267
-0.094574280 0.022158209 -0.995271206 -1.238046885 -0.000071370 0.999752104 0.022264756 0.005122770 0.995517969 0.002176705 -0.094549254 0.341130942
-0.093964353 0.021861333 -0.995335579 -1.299447179 0.000182618 0.999759197 0.021941260 0.006639887 0.995575666 0.001879930 -0.093945734 0.336422145
-0.091642581 0.024400059 -0.995493054 -1.364115000 0.000133599 0.999699950 0.024490878 0.007839018 0.995791972 0.002111410 -0.091618352 0.329304934
-0.089999281 0.027839826 -0.995552599 -1.421647429 -0.000957429 0.999606371 0.028039739 0.008689094 0.995941281 0.003476727 -0.089937188 0.323746771
-0.088996813 0.029859073 -0.995584190 -1.486118078 -0.001342002 0.999546051 0.030097857 0.009344283 0.996030927 0.004014689 -0.088916346 0.320067406
-0.086125307 0.029266575 -0.995854318 -1.549906850 -0.003360345 0.999554217 0.029665921 0.010606185 0.996278644 0.005901401 -0.085988574 0.310575694
-0.084497832 0.026635930 -0.996067584 -1.617020965 -0.006361165 0.999607861 0.027270224 0.010988660 0.996403396 0.008640424 -0.084295273 0.304699242
-0.083143912 0.025521126 -0.996210754 -1.686274052 -0.006449171 0.999637246 0.026147157 0.013212498 0.996516645 0.008598710 -0.082949176 0.298704803
-0.081352398 0.027896049 -0.996295035 -1.749240637 -0.003680115 0.999593019 0.028288893 0.014188997 0.996678591 0.005967849 -0.081216618 0.292720020
-0.080775283 0.029801017 -0.996286750 -1.820489168 -0.001656394 0.999547541 0.030032849 0.015636355 0.996730864 0.004076155 -0.080689371 0.288140267
-0.078817755 0.031558480 -0.996389389 -1.891864657 -0.000186528 0.999498308 0.031671699 0.016984884 0.996888995 0.002682147 -0.078772329 0.280748188
-0.078698732 0.027082605 -0.996530533 -1.955838203 -0.000643829 0.999629319 0.027217660 0.017319608 0.996898174 0.002783591 -0.078652143 0.276274979
-0.078115366 0.020517789 -0.996733129 -2.027900457 0.001188124 0.999789357 0.020487584 0.017444439 0.996943593 0.000416154 -0.078123309 0.270157933
-0.078449219 0.016065627 -0.996788740 -2.101355314 0.004220481 0.999866545 0.015783070 0.018296031 0.996909201 -0.002968758 -0.078506552 0.264769614
-0.078758538 0.016503124 -0.996757150 -2.168633223 0.004962415 0.999857008 0.016162347 0.019366570 0.996881425 -0.003673401 -0.078829162 0.258853614
-0.079431452 0.024272671 -0.996544838 -2.244202614 0.004591376 0.999701738 0.023983601 0.019761518 0.996829867 -0.002670459 -0.079519212 0.253614277
-0.079736874 0.030792160 -0.996340334 -2.321042776 0.003803903 0.999524891 0.030586157 0.021434419 0.996808708 -0.001351137 -0.079816118 0.247085184
-0.079496309 0.036054321 -0.996182919 -2.399137497 0.001317412 0.999348640 0.036063761 0.022145316 0.996834278 0.001554553 -0.079492018 0.238434687
-0.080398761 0.036594812 -0.996090770 -2.459951162 -0.000497336 0.999324322 0.036753748 0.022278078 0.996762693 0.003450349 -0.080326229 0.234290630
-0.081233375 0.033218648 -0.996141315 -2.535837889 0.000398073 0.999445379 0.033296369 0.023437027 0.996695042 0.002308239 -0.081201561 0.227939054
-0.081194639 0.030684028 -0.996225774 -2.613170862 0.000482105 0.999527037 0.030746412 0.024900753 0.996698201 0.002016159 -0.081171028 0.220357731
-0.081273161 0.031870928 -0.996182084 -2.675448179 -0.002832555 0.999477148 0.032207444 0.025389228 0.996687829 0.005439342 -0.081140399 0.215657368
-0.081371307 0.034154434 -0.996098459 -2.752210379 -0.003111325 0.999399066 0.034521766 0.026529357 0.996678948 0.005908269 -0.081216164 0.208672613
-0.081384286 0.032332141 -0.996158183 -2.827902794 -0.004071279 0.999454558 0.032771748 0.027760558 0.996674478 0.006722744 -0.081208266 0.203086928
-0.080563337 0.027286578 -0.996375918 -2.903811455 -0.005294221 0.999599397 0.027802926 0.028854646 0.996735513 0.007514931 -0.080386579 0.195026129
-0.080742344 0.022975611 -0.996470273 -2.962219715 -0.006740086 0.999698877 0.023596192 0.030008066 0.996712208 0.008621506 -0.080563165 0.190277278
-0.080523007 0.023691326 -0.996471167 -3.038261414 -0.005697262 0.999690175 0.024228249 0.030777127 0.996736526 0.007628090 -0.080363087 0.184602737
-0.079465114 0.026335558 -0.996489644 -3.113561392 -0.004485222 0.999631345 0.026776260 0.031127274 0.996827483 0.006597255 -0.079317696 0.177280754
-0.079078980 0.031426825 -0.996372879 -3.187423944 -0.004600938 0.999480844 0.031890012 0.030846901 0.996857703 0.007106080 -0.078893326 0.170160592
-0.078674749 0.037054088 -0.996211350 -3.248523235 -0.003310075 0.999293685 0.037430145 0.032408059 0.996894836 0.006242341 -0.078496523 0.165836662
-0.078607306 0.040074602 -0.996099770 -3.325537682 -0.004249065 0.999169111 0.040533397 0.034011692 0.996896684 0.007418714 -0.078371719 0.158461183
-0.077873103 0.040081527 -0.996157169 -3.401438951 -0.004198276 0.999169409 0.040530924 0.035499863 0.996954441 0.007338410 -0.077640146 0.151420742
-0.078516901 0.035715051 -0.996272743 -3.461610079 -0.003464388 0.999342203 0.036098119 0.036527753 0.996906757 0.006285787 -0.078341514 0.148007125
-0.077931210 0.031392686 -0.996464312 -3.537090778 -0.004861861 0.999480307 0.031867929 0.037584171 0.996946812 0.007328177 -0.077738069 0.140417874
-0.078373767 0.028674882 -0.996511519 -3.611115932 -0.008304105 0.999532700 0.029414916 0.038393214 0.996889412 0.010580494 -0.078099035 0.134517312
-0.078345157 0.026978200 -0.996561170 -3.685094595 -0.012042564 0.999535203 0.028005444 0.039371930 0.996853530 0.014195246 -0.077983856 0.126425534
-0.079313695 0.024759121 -0.996542215 -3.744689226 -0.009444020 0.999627888 0.025587430 0.039964866 0.996804953 0.011440799 -0.079050347 0.122457862
-0.081037208 0.020980729 -0.996490300 -3.817883730 -0.005441028 0.999754190 0.021491930 0.040654793 0.996696293 0.007163578 -0.080903143 0.117563456
-0.081053458 0.019274026 -0.996523380 -3.891871691 -0.001018307 0.999810755 0.019420436 0.041895468 0.996709287 0.002588859 -0.081018485 0.109829158
-0.083502978 0.023318956 -0.996234775 -3.966784716 -0.000744101 0.999724388 0.023463007 0.041251622 0.996507287 0.002700531 -0.083462618 0.103936344
-0.084978312 0.029297622 -0.995951951 -4.025188446 0.002061745 0.999570608 0.029228155 0.042014129 0.996380627 0.000430360 -0.085002221 0.098562419
-0.087031908 0.033727448 -0.995634377 -4.098499775 0.003096034 0.999431014 0.033585429 0.041641533 0.996200621 -0.000159514 -0.087086804 0.092058957
-0.088496186 0.032751601 -0.995537937 -4.172115803 0.003096241 0.999463499 0.032605514 0.042721719 0.996071696 -0.000196962 -0.088550128 0.084983587
-0.089153543 0.028976224 -0.995596290 -4.244369030 0.001147321 0.999579012 0.028989397 0.043499447 0.996017337 0.001442239 -0.089149266 0.076017171
-0.090354420 0.024624521 -0.995605230 -4.300624847 -0.004182491 0.999676049 0.025104782 0.044131853 0.995900869 0.006432440 -0.090222150 0.070538014
-0.091946729 0.023014741 -0.995497942 -4.372954845 -0.008234984 0.999681056 0.023872055 0.044938438 0.995729864 0.010392866 -0.091727883 0.062466502
-0.093385726 0.024328107 -0.995332718 -4.442389488 -0.009719493 0.999631405 0.025345098 0.045232676 0.995582581 0.012041001 -0.093114845 0.055419981
-0.093661271 0.025756005 -0.995270908 -4.513668537 -0.009780504 0.999593198 0.026788270 0.045630470 0.995556116 0.012243274 -0.093371257 0.047158539
-0.095252097 0.024736963 -0.995145798 -4.569791794 -0.011440081 0.999597967 0.025942640 0.047675066 0.995387435 0.013855637 -0.094930805 0.043576539
-0.095506743 0.024247933 -0.995133460 -4.638024330 -0.013482749 0.999580145 0.025650270 0.048637740 0.995337486 0.015866909 -0.095139720 0.035195947
-0.097322471 0.026581630 -0.994897842 -4.703724861 -0.010859608 0.999555409 0.027768372 0.048723407 0.995193601 0.013506688 -0.096990548 0.032047719
-0.096654005 0.029524095 -0.994880080 -4.767428875 -0.009743740 0.999484003 0.030607348 0.048552558 0.995270312 0.012652176 -0.096316457 0.023485184
-0.096632771 0.033200637 -0.994766235 -4.836685181 -0.009544676 0.999366641 0.034281358 0.050329998 0.995274246 0.012807424 -0.096254669 0.016195834
-0.097035460 0.035556585 -0.994645536 -4.904120445 -0.009821915 0.999278724 0.036680423 0.051215082 0.995232403 0.013328626 -0.096616261 0.007670045
-0.098050207 0.034904741 -0.994569182 -4.971583843 -0.008837989 0.999314785 0.035942588 0.053522944 0.995142221 0.012314170 -0.097674541 0.000963777
-0.098700717 0.033529378 -0.994552016 -5.022852898 -0.008609058 0.999365985 0.034546040 0.052347019 0.995079875 0.011971878 -0.098349489 -0.002156734
-0.100139022 0.029949663 -0.994522512 -5.087644100 -0.008139691 0.999488711 0.030918799 0.053032160 0.994940042 0.011191287 -0.099844046 -0.006691515
-0.099035494 0.027315831 -0.994708896 -5.153216839 -0.008760308 0.999560416 0.028321257 0.053190924 0.995045304 0.011518765 -0.098752685 -0.015152812
-0.097900800 0.024715308 -0.994889200 -5.216243744 -0.008960586 0.999629140 0.025714815 0.054395020 0.995155811 0.011432292 -0.097643040 -0.022501677
-0.094887629 0.024031617 -0.995197892 -5.281858444 -0.011146731 0.999620199 0.025201201 0.053851180 0.995425582 0.013484485 -0.094583720 -0.030690134
-0.092046678 0.025323275 -0.995432675 -5.319542885 -0.012025443 0.999575377 0.026540644 0.054040834 0.995682061 0.014413495 -0.091703072 -0.031259954
-0.087443866 0.026603376 -0.995814204 -5.378056526 -0.011731034 0.999546528 0.027733205 0.054734930 0.996100366 0.014107028 -0.087092146 -0.033987761
-0.079907358 0.027779583 -0.996415138 -5.436498642 -0.010594817 0.999531448 0.028716112 0.055448391 0.996745944 0.012851465 -0.079575583 -0.039421231
-0.071251810 0.028863844 -0.997040689 -5.494387150 -0.011429016 0.999491930 0.029751560 0.056186713 0.997392833 0.013515046 -0.070885718 -0.043445110
-0.060035534 0.030839847 -0.997719646 -5.533002377 -0.013486918 0.999406397 0.031703517 0.056026950 0.998105109 0.015359503 -0.059583966 -0.044825643
-0.045267899 0.032612097 -0.998442411 -5.587420464 -0.016409812 0.999307811 0.033384360 0.056389615 0.998840094 0.017895492 -0.044701420 -0.046960160
-0.026594400 0.033929791 -0.999070287 -5.639054298 -0.018243486 0.999240816 0.034421209 0.056669325 0.999479771 0.019141935 -0.025955226 -0.048845038
-0.004684057 0.034381419 -0.999397755 -5.689050198 -0.018834287 0.999228418 0.034463864 0.057799876 0.999811530 0.018984376 -0.004032899 -0.047769662
0.020051105 0.035095610 -0.999182761 -5.722356796 -0.018462757 0.999226272 0.034726646 0.057718426 0.999628425 0.017751362 0.020683544 -0.044929475
0.049528070 0.034518152 -0.998176038 -5.768501282 -0.017085703 0.999285698 0.033708755 0.058613628 0.998626530 0.015385011 0.050082453 -0.041457772
0.083854124 0.034632940 -0.995875955 -5.812315464 -0.016162617 0.999311566 0.033391505 0.058902144 0.996346951 0.013295947 0.084356166 -0.035958022
0.121057421 0.034608066 -0.992042005 -5.843617916 -0.015187666 0.999339640 0.033009320 0.059373021 0.992529213 0.011070783 0.121503137 -0.030322611
0.162173912 0.034758467 -0.986149788 -5.883663177 -0.014997077 0.999350786 0.032757469 0.058846623 0.986648202 0.009476961 0.162589923 -0.022159755
0.207533449 0.035534300 -0.977582276 -5.923384190 -0.014216302 0.999344051 0.033307303 0.059762701 0.978124559 0.006985227 0.207902491 -0.012199283
0.255433261 0.034280099 -0.966218770 -5.951914787 -0.010590099 0.999410331 0.032658055 0.059686854 0.966768682 0.001890398 0.255645722 -0.001666546
0.305914044 0.029261289 -0.951609254 -5.988566875 -0.002780031 0.999550700 0.029841755 0.060118720 0.952055156 -0.006483508 0.305857956 0.012919903
0.357388198 0.024130607 -0.933644176 -6.023319244 0.002601511 0.999636531 0.026832055 0.059898272 0.933952272 -0.012018344 0.357195556 0.029427290
0.407996297 0.019134257 -0.912783027 -6.048258781 0.008171160 0.999663830 0.024607848 0.060575053 0.912946999 -0.017498408 0.407702774 0.045798063
0.459103346 0.018755706 -0.888184786 -6.080619335 0.008186810 0.999645412 0.025341174 0.061084092 0.888345063 -0.018905617 0.458786994 0.065661907
0.507034719 0.017014204 -0.861757636 -6.114107132 0.009925375 0.999623656 0.025575997 0.062162116 0.861868441 -0.021521188 0.506675005 0.088754654
0.551326275 0.013160319 -0.834185839 -6.137450218 0.017112663 0.999486983 0.027078170 0.061953112 0.834114194 -0.029204048 0.550818205 0.109236240
0.595384359 0.006496281 -0.803414643 -6.166105270 0.027239969 0.999229252 0.028266257 0.062494673 0.802979112 -0.038714282 0.594748557 0.135754824
0.637682259 0.002019229 -0.770296812 -6.189300537 0.028652526 0.999242306 0.026339071 0.062194191 0.769766510 -0.038866907 0.637141168 0.159096003
0.679189682 -0.002656188 -0.733957946 -6.216716766 0.025608517 0.999470234 0.020080514 0.062345549 0.733515978 -0.032434050 0.678897917 0.187360287
0.719311357 -0.009702372 -0.694620013 -6.237340450 0.022109471 0.999715686 0.008931475 0.063066669 0.694335878 -0.021782193 0.719321311 0.213436127
0.758327246 -0.011951715 -0.651764393 -6.261330605 0.017143993 0.999851704 0.001612258 0.063072048 0.651648462 -0.012396462 0.758419812 0.246517420
0.796264589 -0.012735485 -0.604814351 -6.283537865 0.015036018 0.999886155 -0.001258875 0.063209191 0.604761541 -0.008091602 0.796365499 0.277082205
0.830729485 -0.014198998 -0.556495070 -6.306136131 0.014989145 0.999882698 -0.003136431 0.063491873 0.556474328 -0.005735860 0.830844939 0.315209150
0.861696422 -0.012619657 -0.507267356 -6.325442314 0.011926837 0.999918163 -0.004615541 0.062716201 0.507284105 -0.002072900 0.861776412 0.351128101
0.888065696 -0.011029757 -0.459584296 -6.347165108 0.011057421 0.999935389 -0.002631351 0.061566748 0.459583580 -0.002745004 0.888130307 0.395703316
0.909648061 -0.004838015 -0.415351659 -6.362733841 0.004573932 0.999988198 -0.001630641 0.061416730 0.415354669 -0.000416482 0.909659445 0.434404612
0.927127779 -0.000648490 -0.374744803 -6.380714893 -0.000514630 0.999995410 -0.003003684 0.061180435 0.374745071 0.002977654 0.927123070 0.484262943
0.941301703 0.004582326 -0.337535679 -6.396538258 -0.005518179 0.999983132 -0.001813210 0.061280839 0.337521642 0.003569360 0.941311002 0.526552200
0.951363921 0.005546845 -0.308019549 -6.412916660 -0.005839938 0.999983013 -0.000029730 0.060814992 0.308014095 0.001827100 0.951379955 0.581591845
0.959015131 0.004649722 -0.283316582 -6.425612450 -0.004289565 0.999988973 0.001891570 0.059764393 0.283322275 -0.000598739 0.959024549 0.627651334
0.964991570 0.005041994 -0.262232363 -6.441044807 -0.004255138 0.999984562 0.003568374 0.059888959 0.262246341 -0.002327616 0.964998126 0.685390711
0.969659984 0.007330863 -0.244347334 -6.452959538 -0.005929071 0.999961495 0.006471923 0.059275169 0.244385362 -0.004826813 0.969666183 0.736288905
0.973321259 0.012710438 -0.229094237 -6.467865944 -0.011153184 0.999905050 0.008090993 0.058897220 0.229175359 -0.005320006 0.973370612 0.797313929
0.976302087 0.016381949 -0.215791583 -6.479938507 -0.014647854 0.999846339 0.009632937 0.058346521 0.215916231 -0.006243772 0.976391971 0.850702167
0.979154408 0.014842208 -0.202574790 -6.493857861 -0.013264578 0.999870241 0.009143343 0.058720008 0.202684224 -0.006265675 0.979224086 0.915242314
0.981824100 0.014545450 -0.189234957 -6.503631115 -0.013099547 0.999874711 0.008889350 0.058258548 0.189340517 -0.006248886 0.981891572 0.971029758
0.984627366 0.014953758 -0.174026310 -6.516638756 -0.013550081 0.999865472 0.009251249 0.058683533 0.174141243 -0.006750962 0.984697461 1.038139224
0.986919761 0.016776646 -0.160337880 -6.525854111 -0.015347596 0.999830723 0.010147121 0.058087535 0.160480976 -0.007553591 0.987010002 1.097856641
0.988833189 0.016458651 -0.148115218 -6.535772324 -0.015560338 0.999852896 0.007221763 0.058143966 0.148212314 -0.004836396 0.988943756 1.167379856
0.990417957 0.017107259 -0.137039006 -6.544670105 -0.017010042 0.999853492 0.001880532 0.057150126 0.137051105 0.000468527 0.990563869 1.228950024
0.991727233 0.015591364 -0.127413616 -6.554471016 -0.016213674 0.999861181 -0.003848409 0.056190923 0.127335921 0.005882414 0.991842210 1.301898837
0.992725492 0.015684476 -0.119374059 -6.562621593 -0.016345177 0.999856055 -0.004557603 0.056306995 0.119285382 0.006475639 0.992838860 1.366135001
0.993461251 0.017255159 -0.112858698 -6.571017265 -0.017196653 0.999850988 0.001491982 0.055346631 0.112867624 0.000458566 0.993609965 1.441650629
0.993922889 0.022085264 -0.107839942 -6.580896378 -0.021162625 0.999729037 0.009692695 0.054184165 0.108024783 -0.007351615 0.994121075 1.518472910
0.994386375 0.022614539 -0.103365228 -6.587786198 -0.021336503 0.999681830 0.013453379 0.054083090 0.103636585 -0.011172405 0.994552493 1.576371670
0.994793475 0.021187523 -0.099684507 -6.596777916 -0.020074232 0.999724627 0.012158064 0.054042950 0.099914663 -0.010093672 0.994944870 1.652415752
0.995004594 0.021069985 -0.097580835 -6.603023529 -0.020049091 0.999733627 0.011430887 0.053117320 0.097795695 -0.009417378 0.995162010 1.727945089
0.995402753 0.019565318 -0.093757786 -6.610136509 -0.018365147 0.999738157 0.013646646 0.053106666 0.094000265 -0.011862032 0.995501459 1.786122799
0.995623410 0.017503573 -0.091802061 -6.616065025 -0.016100321 0.999742270 0.016004043 0.053016212 0.092058539 -0.014455957 0.995648623 1.862367511
0.995885074 0.015121276 -0.089354575 -6.622907639 -0.013548224 0.999742866 0.018184993 0.052459717 0.089606568 -0.016899567 0.995833933 1.939701200
0.996197283 0.015208642 -0.085788466 -6.629559517 -0.014033292 0.999799490 0.014287034 0.051896315 0.085988566 -0.013028811 0.996210933 1.994895697
0.996291757 0.016946269 -0.084353559 -6.636304379 -0.016424956 0.999841511 0.006870268 0.052055657 0.084456623 -0.005459289 0.996412218 2.069627285
0.996471763 0.017025745 -0.082184412 -6.644899368 -0.017105546 0.999853671 -0.000266933 0.050597049 0.082167864 0.001671799 0.996617138 2.144338369
0.996512890 0.019014502 -0.081243187 -6.648555279 -0.019454932 0.999800026 -0.004632888 0.049390156 0.081138842 0.006197314 0.996683538 2.199835777
0.996656418 0.020641917 -0.079055712 -6.654994965 -0.020901361 0.999778569 -0.002455626 0.047556624 0.078987509 0.004099788 0.996867239 2.274674416
0.996801615 0.023697199 -0.076320067 -6.663367271 -0.023715550 0.999718547 0.000665975 0.046850655 0.076314338 0.001146127 0.997083127 2.352121592
0.996882975 0.027497746 -0.073946588 -6.668039322 -0.027119646 0.999613523 0.006112551 0.045403786 0.074086100 -0.004088093 0.997243404 2.405879498
0.997123897 0.025166618 -0.071486846 -6.673876286 -0.024645083 0.999662936 0.008168243 0.044678919 0.071668319 -0.006382951 0.997408092 2.481255770
0.997265160 0.021581521 -0.070684068 -6.678505898 -0.021065447 0.999745786 0.008038504 0.043351099 0.070839591 -0.006527529 0.997466266 2.558186531
0.997355044 0.020918941 -0.069607772 -6.681579113 -0.020439524 0.999762237 0.007592576 0.043516576 0.069750071 -0.006149744 0.997545540 2.611567497
0.997471154 0.020827767 -0.067952491 -6.688388348 -0.020507313 0.999775112 0.005410040 0.043245979 0.068049885 -0.004002835 0.997673869 2.686708689
0.997512341 0.018646350 -0.067981437 -6.692347527 -0.018372420 0.999820471 0.004652518 0.041665010 0.068055987 -0.003391960 0.997675717 2.763870716
0.997580528 0.017016599 -0.067406029 -6.695295334 -0.016764889 0.999850154 0.004298207 0.041869964 0.067469075 -0.003157753 0.997716367 2.815467834
0.997574747 0.021243175 -0.066280454 -6.703203678 -0.020954028 0.999767721 0.005054709 0.041608669 0.066372432 -0.003653608 0.997788250 2.917690992
0.997566819 0.020014152 -0.066784054 -6.706758976 -0.019779779 0.999795616 0.004168856 0.040189169 0.066853851 -0.002837738 0.997758746 2.971670151
0.997469485 0.020646075 -0.068032332 -6.711614132 -0.020407116 0.999782920 0.004205595 0.040040139 0.068104394 -0.002806609 0.997674227 3.022114992
0.997355282 0.017998604 -0.070417449 -6.716550350 -0.017708646 0.999831915 0.004739844 0.038711637 0.070490919 -0.003480310 0.997506320 3.102199793
0.997122526 0.021253565 -0.072766043 -6.725965500 -0.020999836 0.999770403 0.004250270 0.039831430 0.072839677 -0.002709965 0.997339904 3.177785635
0.996819317 0.023908181 -0.076023966 -6.729049683 -0.023649147 0.999710977 0.004305864 0.037622921 0.076104939 -0.002494266 0.997096717 3.234611988
0.996627212 0.024780089 -0.078231737 -6.737351418 -0.024955941 0.999687672 -0.001270784 0.038069043 0.078175843 0.003218845 0.996934414 3.314111710
0.996398926 0.025614826 -0.080827303 -6.744871140 -0.026093744 0.999647617 -0.004874329 0.036874734 0.080673970 0.006965864 0.996716261 3.395315886
0.996236861 0.024244966 -0.083212890 -6.748304844 -0.024801508 0.999676347 -0.005660781 0.035090946 0.083048694 0.007703283 0.996515751 3.449017525
0.996092737 0.023599602 -0.085102223 -6.757768631 -0.023990897 0.999705732 -0.003578013 0.033005126 0.084992759 0.005605713 0.996365786 3.530457020
0.995983899 0.021912841 -0.086810298 -6.766294003 -0.022282045 0.999746382 -0.003286163 0.031109281 0.086716264 0.005207277 0.996219456 3.613718033
0.995761216 0.021750025 -0.089366794 -6.769289970 -0.021998057 0.999756336 -0.001791379 0.031465694 0.089306079 0.003749683 0.995997190 3.667982101
0.995712399 0.020941030 -0.090101108 -6.777833939 -0.020865388 0.999780655 0.001781427 0.030205935 0.090118676 0.000106206 0.995931029 3.751207829
0.995639145 0.019761246 -0.091170818 -6.786379337 -0.019258253 0.999794066 0.006393562 0.030117489 0.091278397 -0.004609891 0.995814800 3.836002350
0.995687366 0.020982649 -0.090368241 -6.794939518 -0.020288134 0.999757171 0.008597213 0.028768845 0.090526707 -0.006726733 0.995871365 3.918777943
0.995797932 0.022524666 -0.088764571 -6.797869205 -0.021795310 0.999720335 0.009177613 0.027944233 0.088946454 -0.007204396 0.996010303 3.965389013
0.995937705 0.023377143 -0.086957425 -6.806797028 -0.022787310 0.999710143 0.007769651 0.027518325 0.087113842 -0.005756562 0.996181667 4.051645756
0.996095002 0.020308124 -0.085919291 -6.812471867 -0.019860439 0.999784350 0.006062219 0.025743216 0.086023867 -0.004332150 0.996283650 4.137360573
0.996318340 0.016693534 -0.084091246 -6.816864967 -0.016436921 0.999858022 0.003743027 0.026527928 0.084141776 -0.002347045 0.996451020 4.189995766
0.996511996 0.015743839 -0.081949934 -6.825209618 -0.015511986 0.999873698 0.003465146 0.025279136 0.081994131 -0.002181853 0.996630371 4.277900696
0.996562064 0.013163072 -0.081798352 -6.830734730 -0.012700420 0.999900341 0.006173784 0.023891646 0.081871450 -0.005113686 0.996629775 4.364806175
0.996654272 0.011015864 -0.080986947 -6.834305286 -0.010375069 0.999911427 0.008328906 0.024076108 0.081071533 -0.007460794 0.996680319 4.416979790
0.996735811 0.009914170 -0.080122232 -6.842042446 -0.009291626 0.999923646 0.008139049 0.023971491 0.080196813 -0.007368013 0.996751785 4.504937172
0.996860981 0.011330675 -0.078356825 -6.850968838 -0.010923903 0.999924541 0.005617992 0.022103891 0.078414552 -0.004744393 0.996909499 4.589703560
0.996824384 0.014027434 -0.078386895 -6.857081890 -0.014152634 0.999899268 -0.001041871 0.021701217 0.078364372 0.002147944 0.996922553 4.675769806
0.996839106 0.015940309 -0.077831790 -6.859138489 -0.016468031 0.999845564 -0.006143066 0.020229552 0.077721842 0.007405383 0.996947587 4.711796284
0.996770740 0.021334914 -0.077415749 -6.866562366 -0.022317160 0.999680758 -0.011844872 0.018057808 0.077138327 0.013534321 0.996928573 4.796650887
0.996858835 0.020244041 -0.076568991 -6.873640060 -0.021242632 0.999699414 -0.012249706 0.015311979 0.076297984 0.013837754 0.996989071 4.881654263
0.996960163 0.017942023 -0.075819977 -6.885223866 -0.018498488 0.999806702 -0.006643315 0.013459925 0.075686142 0.008025678 0.997099459 5.016817570
0.996884704 0.016214538 -0.077188477 -6.881649971 -0.016073801 0.999867857 0.002444232 0.012727457 0.077217907 -0.001195905 0.997013569 5.000167847
0.996851742 0.015526300 -0.077753618 -6.890276432 -0.014787662 0.999840021 0.010066525 0.011374772 0.077897467 -0.008885038 0.996921837 5.086006641
0.996632516 0.014908537 -0.080631524 -6.895879745 -0.014311875 0.999865770 0.007972789 0.009924624 0.080739565 -0.006791953 0.996712148 5.168060780
0.996470928 0.008063740 -0.083550304 -6.898093224 -0.007735371 0.999960959 0.004253166 0.009749414 0.083581343 -0.003591864 0.996494412 5.213524818
0.996265829 0.006490806 -0.086094864 -6.905355930 -0.006319196 0.999977350 0.002265649 0.009191924 0.086107619 -0.001713138 0.996284306 5.296219349
0.996040404 0.008949104 -0.088450246 -6.915077209 -0.008996156 0.999959469 -0.000133350 0.007142859 0.088445485 0.000928534 0.996080518 5.379113197
0.995642841 0.010436321 -0.092662521 -6.917309284 -0.010750744 0.999938011 -0.002894658 0.006028704 0.092626579 0.003878237 0.995693326 5.420708179
0.995222807 0.010579214 -0.097054981 -6.925609589 -0.011249478 0.999916494 -0.006361392 0.004195280 0.096979573 0.007422821 0.995258689 5.500971794
0.994900942 0.012121076 -0.100125648 -6.933952332 -0.013205778 0.999861002 -0.010177717 0.002297178 0.099988371 0.011448057 0.994922698 5.581972122
0.994478703 0.017819248 -0.103416190 -6.938920021 -0.019008255 0.999763906 -0.010523063 0.001295157 0.103204288 0.012430724 0.994582474 5.622531891
0.994038641 0.020529242 -0.107079387 -6.949080944 -0.021603402 0.999727249 -0.008880990 -0.000391718 0.106867865 0.011141324 0.994210839 5.702275753
0.993553936 0.024059379 -0.110778183 -6.955575943 -0.024546111 0.999694109 -0.003031870 -0.001603559 0.110671356 0.005731501 0.993840456 5.754286289
0.993108869 0.024874842 -0.114526190 -6.965762138 -0.024723889 0.999690592 0.002738544 -0.003267739 0.114558883 0.000111862 0.993416369 5.830986977
0.992476165 0.023325352 -0.120195433 -6.971693039 -0.022732347 0.999721706 0.006302691 -0.004304122 0.120308995 -0.003522947 0.992730200 5.883938789
0.991707087 0.022805270 -0.126478747 -6.982288361 -0.022098225 0.999731302 0.006990713 -0.004792195 0.126604199 -0.004137784 0.991944611 5.960739136
0.990918219 0.020380992 -0.132912293 -6.988500595 -0.019057745 0.999755383 0.011220495 -0.006214119 0.133108467 -0.008585582 0.991064310 6.012190342
0.989984810 0.022241240 -0.139410868 -6.999637604 -0.020959392 0.999723613 0.010656341 -0.006188199 0.139609337 -0.007627648 0.990177274 6.090156555
0.989034474 0.025204647 -0.145519197 -7.007876396 -0.023955338 0.999659657 0.010331447 -0.008187547 0.145730048 -0.006732197 0.989301503 6.136863232
0.988148391 0.025624877 -0.151347920 -7.020836353 -0.024899948 0.999667704 0.006683375 -0.008578781 0.151468858 -0.002835612 0.988457918 6.210156441
0.987186134 0.026221581 -0.157403409 -7.028798580 -0.025992500 0.999655962 0.003514025 -0.009026868 0.157441407 0.000622311 0.987528145 6.260839462
0.986333013 0.027561976 -0.162442029 -7.042297363 -0.027580407 0.999617279 0.002142074 -0.009815430 0.162438884 0.002367418 0.986715794 6.335621834
0.985409379 0.029826174 -0.167566940 -7.050618172 -0.029068425 0.999553084 0.006973578 -0.010095198 0.167700008 -0.002000922 0.985836148 6.384821892
0.984321535 0.029807752 -0.173845887 -7.064014435 -0.028293334 0.999537051 0.011183523 -0.010828413 0.174098760 -0.006089503 0.984709382 6.458780766
0.983216822 0.029201828 -0.180087999 -7.073258877 -0.027139448 0.999534845 0.013905874 -0.012650907 0.180410311 -0.008785001 0.983552158 6.506872654
0.981905997 0.027028823 -0.187429696 -7.087297916 -0.025663596 0.999623358 0.009707135 -0.012369908 0.187621489 -0.004721373 0.982230008 6.579770088
0.980293870 0.024591144 -0.196007818 -7.096440315 -0.024570920 0.999695003 0.002535170 -0.012715099 0.196010351 0.002330880 0.980598986 6.626036644
0.978423357 0.022524450 -0.205378085 -7.111156464 -0.022912778 0.999737263 0.000487561 -0.012811764 0.205335110 0.004228740 0.978682518 6.699333191
0.976180017 0.021950755 -0.215848967 -7.127937317 -0.021660866 0.999758542 0.003708839 -0.014516843 0.215878233 0.001054981 0.976419747 6.770207405
0.973639369 0.021638839 -0.227064043 -7.136489868 -0.020009363 0.999754906 0.009475872 -0.014652967 0.227213427 -0.004682675 0.973833680 6.802707672
0.970748842 0.024301564 -0.238864273 -7.154700279 -0.020850530 0.999638617 0.016964264 -0.014842272 0.239190251 -0.011487592 0.970904708 6.874429226
0.967924595 0.024267446 -0.250066757 -7.173064232 -0.019747622 0.999593377 0.020568017 -0.015322521 0.250464231 -0.014970062 0.968010128 6.942539215
0.964686573 0.027393933 -0.261972159 -7.181817055 -0.023999166 0.999581516 0.016149784 -0.015824571 0.262304932 -0.009292368 0.964940250 6.974243641
0.961330652 0.026000319 -0.274166673 -7.202522278 -0.025040273 0.999661863 0.007001384 -0.016164411 0.274255991 0.000134562 0.961656690 7.042475700
0.957884789 0.024258494 -0.286126256 -7.224157810 -0.024668956 0.999693334 0.002170510 -0.016555034 0.286091179 0.004979337 0.958189368 7.111222267
0.954340816 0.022568671 -0.297866404 -7.233863354 -0.021537919 0.999745309 0.006742669 -0.015759610 0.297942638 -0.000019382 0.954583883 7.140351295
0.950770140 0.024251543 -0.308946848 -7.257953167 -0.020898603 0.999681294 0.014157934 -0.016684249 0.309191763 -0.007004383 0.950973988 7.211634159
0.946829140 0.024750877 -0.320783436 -7.282528877 -0.019564103 0.999620795 0.019382633 -0.016924962 0.321141481 -0.012076202 0.946954250 7.280899048
0.942284524 0.021519415 -0.334120899 -7.292035103 -0.016628100 0.999708652 0.017492913 -0.016675353 0.334400058 -0.010927505 0.942367852 7.309040070
0.938204765 0.019604567 -0.345524997 -7.317931175 -0.016134180 0.999786377 0.012917196 -0.016673200 0.345704466 -0.006544214 0.938320637 7.377608299
0.934700966 0.015466179 -0.355098277 -7.342524529 -0.014162021 0.999879956 0.006271698 -0.017653387 0.355152756 -0.000833256 0.934807897 7.445681095
0.932093859 0.011199182 -0.362043411 -7.355122566 -0.011887796 0.999929249 0.000325501 -0.018041294 0.362021416 0.004000500 0.932161212 7.471780777
0.929249346 0.011592011 -0.369271219 -7.382774353 -0.013094054 0.999912977 -0.001561558 -0.018890459 0.369220972 0.006286332 0.929320455 7.540378094
0.926065087 0.016600871 -0.376998335 -7.411867142 -0.018631062 0.999824882 -0.001739028 -0.019712321 0.376903474 0.008634332 0.926212311 7.608056545
0.922832608 0.017259840 -0.384814501 -7.423276901 -0.018486876 0.999828994 0.000510892 -0.020686217 0.384757459 0.006642549 0.922993839 7.633282661
0.919499576 0.017213162 -0.392714113 -7.453295708 -0.015537155 0.999851644 0.007446137 -0.021702908 0.392783999 -0.000745060 0.919630468 7.702013969
0.916546047 0.019358225 -0.399460554 -7.482028008 -0.014354919 0.999776602 0.015513319 -0.022220448 0.399671644 -0.008484446 0.916619062 7.769435883
0.913796902 0.029718556 -0.405082792 -7.496296883 -0.022725681 0.999498188 0.022062143 -0.022040248 0.405535221 -0.010954537 0.914013803 7.795792103
0.911160171 0.037279125 -0.410362750 -7.528863907 -0.032170054 0.999294996 0.019350642 -0.022524536 0.410794824 -0.004430145 0.911717057 7.862237930
0.908732414 0.033418421 -0.416039258 -7.561030865 -0.031548359 0.999437571 0.011370565 -0.021903232 0.416185230 0.002792557 0.909275591 7.927954197
0.906692028 0.025092814 -0.421046168 -7.572318077 -0.026098188 0.999653697 0.003375161 -0.021105230 0.420985073 0.007928312 0.907032907 7.955005169
0.905011356 0.025748376 -0.424607247 -7.606082916 -0.027043346 0.999629855 0.002977585 -0.021847995 0.424526781 0.008788051 0.905372739 8.022874832
0.902599752 0.032007240 -0.429289162 -7.638959885 -0.031506162 0.999469280 0.008276001 -0.022808440 0.429326326 0.006055341 0.903129101 8.089922905
0.900005341 0.034589421 -0.434504271 -7.651079178 -0.032155905 0.999398887 0.012953035 -0.023629382 0.434691101 0.002314075 0.900576651 8.114513397
0.897609830 0.031469412 -0.439666152 -7.684916973 -0.029748965 0.999498963 0.010805209 -0.023852669 0.439785898 0.003380750 0.898096263 8.181894302
0.895338416 0.029494770 -0.444408745 -7.719256401 -0.030621184 0.999520183 0.004645055 -0.025012720 0.444332540 0.009449424 0.895812035 8.247765541
0.892895401 0.025819466 -0.449523270 -7.753267765 -0.030090421 0.999544322 -0.002357803 -0.024841418 0.449257582 0.015631616 0.893265486 8.313810349
0.890661180 0.027278710 -0.453848481 -7.759760857 -0.032449909 0.999466777 -0.003608481 -0.025488447 0.453508109 0.017941277 0.891071498 8.325870514
0.888742507 0.029986853 -0.457424879 -7.796247959 -0.033500325 0.999438524 0.000430356 -0.026557706 0.457181007 0.014941406 0.889248192 8.392104149
0.886436641 0.032142110 -0.461732507 -7.831553459 -0.034871154 0.999388337 0.002623550 -0.027885208 0.461534381 0.013775535 0.887015343 8.458005905
0.884201109 0.033034749 -0.465936780 -7.868566990 -0.035696387 0.999357760 0.003113606 -0.028668780 0.465740412 0.013879208 0.884812534 8.523638725
0.881931365 0.031201661 -0.470343977 -7.872961521 -0.033898517 0.999421477 0.002737228 -0.029100975 0.470157295 0.013529920 0.882478893 8.533958435
0.879886627 0.029483488 -0.474268079 -7.909051895 -0.032218538 0.999478042 0.002360352 -0.030114463 0.474090159 0.013203383 0.880377293 8.597902298
0.877545059 0.028590696 -0.478640974 -7.945621490 -0.031134209 0.999511838 0.002622133 -0.030902928 0.478482217 0.012601069 0.878006816 8.663953781
