0.999932766 0.000636997 0.011579703 0.000587541 -0.000662488 0.999997318 0.002197662 -0.000352157 -0.011578271 -0.002205186 0.999930501 0.042656891
0.999747813 0.001379605 0.022414612 0.001860769 -0.001474154 0.999990046 0.004202234 -0.000400553 -0.022408584 -0.004234217 0.999739945 0.087044060
0.999460161 0.001756038 0.032805804 0.003546250 -0.001965484 0.999977827 0.006353248 -0.000739158 -0.032793924 -0.006414298 0.999441504 0.132513016
0.999056637 0.002306674 0.043364912 0.005731009 -0.002666003 0.999962568 0.008230170 -0.000655758 -0.043344304 -0.008338019 0.999025404 0.179525584
0.998540103 0.001419810 0.053996086 0.008522353 -0.001940612 0.999952078 0.009593989 -0.000568998 -0.053979874 -0.009684769 0.998495042 0.227717936
0.997912526 0.000936269 0.064572930 0.011830462 -0.001647047 0.999938548 0.010955016 -0.000807509 -0.064558692 -0.011038503 0.997852981 0.277277976
0.997214019 0.001539761 0.074578382 0.016601959 -0.002559740 0.999904454 0.013582950 -0.000254446 -0.074550353 -0.013736010 0.997122645 0.326557547
0.996194065 0.002133526 0.087136880 0.019851852 -0.003680104 0.999838471 0.017592052 -0.000314028 -0.087085277 -0.017845768 0.996040940 0.377551794
0.995099127 0.002001367 0.098862201 0.025604077 -0.004092773 0.999772072 0.020956490 0.000224298 -0.098797724 -0.021258408 0.994880497 0.427823246
0.993637860 0.001598370 0.112610765 0.030759459 -0.004278532 0.999713182 0.023562584 0.000175167 -0.112540811 -0.023894481 0.993359745 0.478862524
0.991949558 0.000300731 0.126633674 0.037628852 -0.003352290 0.999709070 0.023885110 0.000564849 -0.126589641 -0.024117334 0.991661966 0.530065477
0.989904165 0.001885928 0.141725585 0.044253007 -0.005141616 0.999731123 0.022609081 0.000884141 -0.141644880 -0.023109522 0.989647746 0.581893981
0.987483919 0.000588116 0.157717884 0.053134408 -0.004077847 0.999753952 0.021803726 0.000740959 -0.157666236 -0.022173980 0.987243474 0.633031070
0.983908296 0.003003532 0.178649068 0.062127646 -0.006680279 0.999778032 0.019982848 0.001192641 -0.178549364 -0.020854715 0.983709931 0.684484601
0.978988230 0.006202417 0.203822821 0.072756670 -0.010246772 0.999770939 0.018793155 0.001277954 -0.203659564 -0.020486802 0.978827417 0.734858811
0.972299874 0.007479540 0.233617246 0.085361324 -0.012036275 0.999763966 0.018085536 0.001245825 -0.233426839 -0.020396445 0.972160399 0.786985874
0.963920772 0.008685119 0.266047418 0.099547304 -0.013733279 0.999759078 0.017120136 0.001628037 -0.265834630 -0.020156162 0.963807881 0.837806344
0.954172611 0.008630073 0.299132258 0.115780368 -0.014182933 0.999764979 0.016397173 0.001170719 -0.298920453 -0.019888302 0.954070747 0.888960063
0.943438292 0.008808963 0.331431180 0.134122014 -0.014317827 0.999796927 0.014183374 0.001573673 -0.331238896 -0.018126512 0.943372786 0.940647662
0.932092726 0.009513864 0.362094641 0.153148577 -0.014974616 0.999812484 0.012277597 0.000674202 -0.361909926 -0.016866088 0.932060480 0.988433480
0.919816434 0.011438079 0.392182350 0.174447611 -0.016129548 0.999832332 0.008669596 0.000282513 -0.392017424 -0.014300162 0.919846654 1.037912011
0.906634569 0.008990033 0.421820968 0.198054701 -0.011941824 0.999919176 0.004356265 -0.000489975 -0.421747804 -0.008986852 0.906668663 1.087484002
0.893083215 0.005259395 0.449860781 0.223215044 -0.005175566 0.999985516 -0.001416233 -0.001080919 -0.449861735 -0.001063470 0.893097579 1.135644913
0.878760934 0.000972624 0.477261275 0.249433368 0.002352831 0.999976933 -0.006370049 -0.002378902 -0.477256417 0.006720665 0.878738344 1.181163788
0.864512324 -0.003436024 0.502599955 0.277191490 0.010016770 0.999895811 -0.010393864 -0.003854355 -0.502511859 0.014020052 0.864456534 1.226138949
0.849756718 -0.008858793 0.527100623 0.306746542 0.019149849 0.999717534 -0.014070217 -0.005488942 -0.526827097 0.022050159 0.849686384 1.272077322
0.835061014 -0.009283149 0.550079048 0.336518556 0.025805924 0.999417961 -0.022309113 -0.007596526 -0.549551904 0.032824770 0.834814548 1.316237569
0.820302427 -0.005449689 0.571903944 0.368742615 0.031990141 0.998826385 -0.036366757 -0.010603178 -0.571034610 0.048127033 0.819513977 1.360296965
0.805350661 0.003426934 0.592788875 0.400681913 0.034783926 0.997987151 -0.053026117 -0.014010351 -0.591777325 0.063324146 0.803610384 1.402439356
0.788882196 0.014525461 0.614372671 0.432999432 0.034866080 0.997052431 -0.068342686 -0.017430075 -0.613554418 0.075335100 0.786050558 1.443866253
0.772500813 0.018835615 0.634734273 0.468298614 0.039267994 0.996230185 -0.077353902 -0.022224426 -0.633798301 0.084680691 0.768849015 1.486368179
0.756071627 0.019828709 0.654188335 0.501065254 0.043350510 0.995828807 -0.080285884 -0.026763469 -0.653051496 0.089061283 0.752058387 1.524063230
0.739409328 0.018145233 0.673011661 0.538092136 0.046334505 0.995895088 -0.077756330 -0.031149484 -0.671660006 0.088677391 0.735533357 1.563368320
0.724549532 0.012084501 0.689116776 0.577105522 0.050481338 0.996230245 -0.070547082 -0.036374614 -0.687371552 0.085902385 0.721208215 1.600434065
0.710128129 0.002854659 0.704066634 0.617218316 0.060028240 0.996105194 -0.064583771 -0.041643970 -0.701508820 0.088126637 0.707190990 1.642506838
0.698975801 0.001985500 0.715142548 0.653207839 0.062044911 0.996057153 -0.063407719 -0.045681696 -0.712448716 0.088691436 0.696096599 1.677826643
0.689745069 0.001406812 0.724050939 0.691889048 0.066381857 0.995663702 -0.065171219 -0.050275281 -0.721002877 0.093015365 0.686660707 1.713155270
0.681715727 0.002502651 0.731612861 0.733628213 0.068072870 0.995439172 -0.066835344 -0.055660859 -0.728443384 0.095365711 0.678436160 1.750153780
0.673115015 0.010117259 0.739468575 0.772319794 0.061166599 0.995718837 -0.069301248 -0.059925683 -0.737003922 0.091878504 0.669614434 1.784570098
0.663748145 0.010689611 0.747879744 0.813333333 0.060497969 0.995854497 -0.067926317 -0.063804701 -0.745505452 0.090331174 0.660349846 1.820121288
0.655812800 0.008986006 0.754870057 0.850818336 0.063689865 0.995705724 -0.067185149 -0.068764642 -0.752232134 0.092138469 0.652424157 1.852501035
0.649251580 0.008205178 0.760529399 0.890783548 0.067530200 0.995370626 -0.068388261 -0.073297977 -0.757569730 0.095759884 0.645691931 1.886700392
0.646038353 0.009318459 0.763247967 0.932011604 0.069224276 0.995089591 -0.070742719 -0.077642240 -0.760159433 0.098537810 0.642221093 1.921339631
0.646320939 0.011937309 0.762972236 0.972370744 0.068789326 0.994894922 -0.073838003 -0.081474021 -0.759958684 0.100207381 0.642200232 1.955375433
0.649155319 0.009879027 0.760591626 1.014434576 0.070392042 0.994844615 -0.073000357 -0.085954994 -0.757391751 0.100928195 0.645113230 1.991378784
0.654576898 0.009715175 0.755932927 1.056353092 0.069130115 0.994958937 -0.072648212 -0.091280580 -0.752828062 0.099811576 0.650605500 2.028251171
0.660552204 0.011615796 0.750690222 1.098736286 0.065701589 0.995149970 -0.073211014 -0.095397487 -0.747899711 0.097681239 0.656585395 2.066283226
0.667095304 0.011077125 0.744890034 1.140982389 0.065411732 0.995156705 -0.073379070 -0.100879610 -0.742095113 0.097675353 0.663139760 2.103677750
0.672669053 0.013019078 0.739828885 1.184824228 0.062047523 0.995331347 -0.073930249 -0.105413482 -0.737337470 0.095635146 0.668720663 2.143856049
0.676323652 0.015743971 0.736436367 1.227458477 0.057146620 0.995636821 -0.073767260 -0.110688299 -0.734384358 0.091975398 0.672472954 2.183998585
0.677418470 0.018892450 0.735355139 1.270066500 0.052064270 0.995931685 -0.073549323 -0.115118526 -0.733752966 0.088109411 0.673678875 2.225313902
0.676995099 0.019652463 0.735725045 1.315868139 0.049688090 0.996142268 -0.072330326 -0.120754242 -0.734308243 0.085524060 0.673406899 2.267955780
0.676498353 0.018732544 0.736205876 1.364875078 0.049540561 0.996254385 -0.070872158 -0.126716584 -0.734775841 0.084416933 0.673036575 2.311511040
0.675972700 0.019150130 0.736677825 1.412222624 0.048678022 0.996318579 -0.070566319 -0.131659418 -0.735317230 0.083560914 0.672552049 2.354580879
0.675419927 0.018959736 0.737189651 1.457699060 0.048150025 0.996402323 -0.069741912 -0.137208194 -0.735859752 0.082600765 0.672077060 2.397904873
0.675834179 0.017879549 0.736836851 1.510047317 0.048629820 0.996445715 -0.068782791 -0.142510146 -0.735447705 0.082318000 0.672562599 2.444241762
0.675692201 0.017402712 0.736978471 1.557765722 0.048565533 0.996498644 -0.068057798 -0.148296952 -0.735582471 0.081777878 0.672481179 2.488419533
0.675786734 0.018055843 0.736876070 1.607550859 0.047023632 0.996607423 -0.067545325 -0.153815836 -0.735595763 0.080296822 0.672645032 2.534036160
0.675426424 0.018637689 0.737191916 1.655918121 0.045988545 0.996670067 -0.067333236 -0.159318924 -0.735991955 0.079381041 0.672320247 2.579247475
0.676112831 0.019301683 0.736545205 1.705210805 0.044633184 0.996747971 -0.067091569 -0.164845169 -0.735445023 0.078235827 0.673052549 2.624282122
0.677614152 0.017517751 0.735208988 1.753589392 0.045049086 0.996850014 -0.065271884 -0.170535862 -0.734036684 0.077349633 0.674690545 2.668130875
0.678801954 0.015960325 0.734147847 1.802150726 0.044553474 0.997026742 -0.062869996 -0.176275134 -0.732968450 0.075385109 0.676072717 2.714493036
0.680851638 0.015168806 0.732264340 1.850612044 0.044071339 0.997125387 -0.061632454 -0.181087911 -0.731094241 0.074234426 0.678225935 2.759833097
0.682782054 0.014432167 0.730479538 1.898974299 0.044396833 0.997137725 -0.061198454 -0.186224774 -0.729271948 0.074216187 0.680186987 2.805818081
0.684525728 0.014314321 0.728848100 1.946946621 0.044406749 0.997131586 -0.061289620 -0.191937670 -0.727634907 0.074320108 0.681926608 2.851256371
0.685550511 0.014054997 0.727889359 1.995196104 0.045348752 0.997047663 -0.061963215 -0.196693867 -0.726611257 0.075487792 0.682889163 2.895913124
0.684571803 0.017247183 0.728741407 2.043191671 0.043526407 0.996969104 -0.064483583 -0.201979727 -0.727644742 0.075863153 0.681746185 2.941930294
0.682382941 0.019354910 0.730738521 2.090177059 0.042958412 0.996860087 -0.066519305 -0.207903802 -0.729731500 0.076783009 0.679408729 2.985029221
0.678514898 0.020450629 0.734301925 2.137180090 0.042477872 0.996847451 -0.067013353 -0.213704735 -0.733357430 0.076661132 0.675507188 3.029289722
0.673777044 0.019079471 0.738688350 2.187171698 0.043577809 0.996900737 -0.065497264 -0.218825936 -0.737648606 0.076320969 0.670857370 3.074505568
0.669297874 0.016147489 0.742818773 2.236040115 0.044436954 0.997104228 -0.061713964 -0.224725962 -0.741664112 0.074313618 0.666642129 3.118441105
0.664637744 0.017139226 0.746969163 2.284231901 0.042159367 0.997283816 -0.060395237 -0.229700387 -0.745975375 0.071632698 0.662109852 3.161277294
0.660314023 0.017569009 0.750784039 2.332431078 0.044351459 0.997069061 -0.062339362 -0.235546246 -0.749678850 0.074461915 0.657599330 3.203091621
0.655884683 0.019418847 0.754611194 2.381230116 0.044585165 0.996927202 -0.064406551 -0.240088433 -0.753543258 0.075887732 0.653003633 3.246007919
0.651418924 0.021869861 0.758403003 2.428757668 0.043482367 0.996865451 -0.066094860 -0.245388255 -0.757471204 0.076032609 0.648426116 3.287423134
0.648352623 0.023000089 0.760992825 2.477648735 0.043185379 0.996823251 -0.066920996 -0.250388563 -0.760114431 0.076252148 0.645299733 3.328908682
0.645339489 0.021546461 0.763591945 2.525841713 0.044052158 0.996888936 -0.065359555 -0.255884349 -0.762624621 0.075816967 0.642382622 3.368906975
0.643391907 0.014450965 0.765400529 2.575440884 0.045321118 0.997349143 -0.056926925 -0.260571033 -0.764194250 0.071315140 0.641031444 3.410602093
0.641168892 0.006849456 0.767369270 2.624297619 0.044815831 0.997919321 -0.046352815 -0.265588939 -0.766090095 0.064110264 0.639527917 3.451552868
0.639214456 0.005397871 0.769009471 2.671468258 0.045298334 0.997974753 -0.044657838 -0.269507706 -0.767693162 0.063380793 0.637675524 3.491170406
0.638550699 0.009238600 0.769524336 2.719650269 0.045680024 0.997709870 -0.049883340 -0.273627579 -0.768222868 0.067004919 0.636666298 3.531882286
0.637212634 0.013336092 0.770572662 2.766726494 0.047344826 0.997284472 -0.056410778 -0.277569532 -0.769232452 0.072428279 0.634850919 3.570762634
0.637124896 0.010580642 0.770687878 2.815466404 0.052808311 0.996956825 -0.057343487 -0.282125026 -0.768949389 0.077233687 0.634627223 3.610089302
0.637400925 0.007703609 0.770493865 2.863229752 0.056511119 0.996789753 -0.056715727 -0.286471486 -0.768457294 0.079692125 0.634919286 3.648753881
0.637871087 0.006433126 0.770116329 2.910489321 0.054659404 0.997065246 -0.053602174 -0.291198701 -0.768201053 0.076285377 0.635647416 3.687901020
0.637836933 0.003430962 0.770163834 2.958367586 0.053471275 0.997379780 -0.048727192 -0.295295209 -0.768312991 0.072261639 0.635982215 3.728539467
0.638424933 0.002541930 0.769680023 3.005512238 0.048833445 0.997846067 -0.043801248 -0.298277140 -0.768133402 0.065549918 0.636925697 3.768385887
0.639203727 0.005656144 0.769016564 3.052486181 0.041046754 0.998296618 -0.041460413 -0.303263783 -0.767941296 0.058067296 0.637882710 3.808232546
0.640594184 0.009662591 0.767818809 3.098731041 0.033546403 0.998613954 -0.040554926 -0.306266129 -0.767146528 0.051736806 0.639382184 3.848011494
0.642075121 0.006534333 0.766613901 3.145278215 0.036678143 0.998556793 -0.039230995 -0.310129285 -0.765763819 0.053307217 0.640908778 3.887571335
0.644752741 0.004858784 0.764375687 3.191944361 0.040934026 0.998325467 -0.040873837 -0.313655645 -0.763294280 0.057642493 0.643474162 3.926629782
0.649919391 0.004504482 0.759989738 3.238493919 0.043615084 0.998113275 -0.043214094 -0.317164779 -0.758750618 0.061232697 0.648496687 3.965822697
0.656867564 0.001152764 0.754005134 3.284924984 0.047737740 0.997928977 -0.043113433 -0.320858359 -0.752493262 0.064314313 0.655452132 4.005007744
0.663570106 -0.004582899 0.748100042 3.330225468 0.054894142 0.997583985 -0.042580247 -0.325048476 -0.746097445 0.069321305 0.662218332 4.045642376
0.671757162 -0.002140175 0.740768313 3.374498606 0.051439814 0.997716665 -0.043765061 -0.328199416 -0.738983333 0.067504480 0.670333385 4.086807251
0.681055665 -0.002758713 0.732226431 3.417985439 0.050076671 0.997827053 -0.042817742 -0.331763148 -0.730517209 0.065828733 0.679714024 4.127975464
0.690715730 -0.005110372 0.723108351 3.462010384 0.048651315 0.998037636 -0.039418545 -0.335460663 -0.721487999 0.062407188 0.689608991 4.169873714
0.699576557 -0.005612397 0.714535654 3.504444361 0.048221461 0.998060346 -0.039372545 -0.338893682 -0.712928712 0.062000066 0.698490262 4.212541103
0.708386898 -0.006829773 0.705791354 3.545907497 0.048136264 0.998092413 -0.038654979 -0.342199564 -0.704180956 0.061356835 0.707364440 4.255834579
0.718344569 -0.007426207 0.695647836 3.588078499 0.048876699 0.998010755 -0.039817385 -0.345635176 -0.693968356 0.062603571 0.717278659 4.298491001
0.728193641 -0.004588201 0.685356081 3.629321575 0.048505619 0.997815013 -0.044857420 -0.349673957 -0.683652878 0.065908514 0.726825237 4.341889381
0.736162961 -0.000038741 0.676804364 3.668168306 0.050120346 0.997257292 -0.054459028 -0.353174716 -0.674945951 0.074012376 0.734145880 4.385402203
0.745436072 0.002991632 0.666570425 3.707549572 0.049751200 0.996951044 -0.060111947 -0.357179642 -0.664717913 0.077972300 0.743014395 4.429597855
0.754171133 0.002070805 0.656674683 3.747396469 0.047116496 0.997247040 -0.057256676 -0.361773729 -0.654985487 0.074121542 0.751997352 4.475126266
0.762645602 0.000275566 0.646816611 3.786244869 0.045896415 0.997456193 -0.054540269 -0.366462290 -0.645186424 0.071281455 0.760692775 4.521141052
0.769381821 0.004860576 0.638770700 3.823918819 0.040819831 0.997553170 -0.056757022 -0.370650738 -0.637483656 0.069742329 0.767300844 4.567164898
0.773393929 0.010460224 0.633839488 3.858934879 0.037943862 0.997307301 -0.062756605 -0.376215428 -0.632789314 0.072585881 0.770914376 4.613352776
0.777534425 0.022234263 0.628447115 3.897431135 0.029434809 0.996992409 -0.071690939 -0.379871041 -0.628151119 0.074240401 0.774541438 4.659965038
0.779242814 0.027335593 0.626125753 3.932598114 0.025889475 0.996791482 -0.075738877 -0.384508938 -0.626187265 0.075229056 0.776034892 4.706013680
0.782158971 0.026796214 0.622502446 3.969145060 0.025894197 0.996813774 -0.075444229 -0.390021920 -0.622540593 0.075128585 0.778972983 4.751943111
0.785360396 0.028401248 0.618386984 4.005054951 0.023786884 0.996824622 -0.075991802 -0.395398498 -0.618581593 0.074390449 0.782190979 4.798910618
0.789059401 0.028652027 0.613648355 4.041529179 0.020240977 0.997156799 -0.072585382 -0.400245070 -0.613983333 0.069695018 0.786235988 4.845669746
0.792335749 0.025334390 0.609559000 4.077042580 0.021040544 0.997408271 -0.068803713 -0.405502379 -0.609722316 0.067341089 0.789749265 4.893287182
0.795991182 0.025964405 0.604751110 4.112583160 0.017727790 0.997651041 -0.066167027 -0.410998404 -0.605048597 0.063389271 0.793661177 4.939948082
0.799682736 0.033473279 0.599489093 4.147496223 0.009012373 0.997663081 -0.067727834 -0.415643215 -0.600355268 0.059563600 0.797512412 4.988384247
0.803158760 0.040753875 0.594369531 4.181408882 0.001343274 0.997531116 -0.070212424 -0.420881450 -0.595763564 0.057190116 0.801121116 5.036463737
0.807900071 0.040889591 0.587899268 4.215942860 0.003227364 0.997267962 -0.073797122 -0.425987989 -0.589310706 0.061518066 0.805560946 5.083918095
0.812187135 0.040977024 0.581956029 4.251758575 0.004704823 0.997037649 -0.076770119 -0.431204438 -0.583377838 0.065089703 0.809588492 5.133496761
0.815669894 0.041463170 0.577029765 4.284563065 0.002422026 0.997174680 -0.075076886 -0.436648548 -0.578512430 0.062635534 0.813265145 5.181481838
0.819815576 0.038089421 0.571359515 4.319206238 0.002899108 0.997496426 -0.070657432 -0.441494465 -0.572620332 0.059582498 0.817652702 5.231539726
0.824445069 0.037438702 0.564702272 4.353018761 0.000853769 0.997726083 -0.067393832 -0.447560519 -0.565941334 0.056044631 0.822538376 5.280807018
0.829019368 0.040500659 0.557751358 4.386723518 -0.000516029 0.997428954 -0.071660489 -0.451985568 -0.559219539 0.059120111 0.826908827 5.327805519
0.831902623 0.041520409 0.553366184 4.419363022 -0.000422604 0.997244000 -0.074190348 -0.457565665 -0.554921508 0.061485283 0.829627454 5.381057262
0.835612059 0.043590598 0.547587752 4.452198029 -0.002852600 0.997177362 -0.075027049 -0.463161498 -0.549312651 0.061131462 0.833377838 5.432617664
0.839234352 0.045036625 0.541901588 4.484616280 -0.005044470 0.997166097 -0.075060673 -0.467886418 -0.543746531 0.060259890 0.837083399 5.484069347
0.844205260 0.039402049 0.534569860 4.514876842 0.000002243 0.997294307 -0.073512055 -0.473230273 -0.536019981 0.062060464 0.841921031 5.531866074
0.847828746 0.039525185 0.528795063 4.544741154 -0.000483551 0.997275412 -0.073766813 -0.479376733 -0.530269861 0.062285934 0.845537901 5.581826687
0.851737738 0.038113993 0.522580326 4.577420235 0.001093933 0.997219384 -0.074514426 -0.484301805 -0.523967147 0.064038396 0.849327683 5.636840820
0.855683506 0.041358449 0.515844285 4.605849266 -0.003867488 0.997284532 -0.073543109 -0.490312040 -0.517485082 0.060934607 0.853519976 5.679444790
0.858877897 0.043210775 0.510354221 4.636157990 -0.006898995 0.997320414 -0.072830953 -0.495069474 -0.512133777 0.059031960 0.856874645 5.729628086
0.861599922 0.039835066 0.506022513 4.666107178 -0.003834697 0.997398138 -0.071987808 -0.500620902 -0.507573426 0.060084246 0.859510958 5.779932976
0.863246500 0.038989190 0.503274798 4.693627357 -0.002988127 0.997389793 -0.072143339 -0.505424380 -0.504773915 0.060773622 0.861109734 5.830299854
0.866055489 0.039794739 0.498361588 4.724613190 -0.003316514 0.997262418 -0.073869102 -0.509823680 -0.499936879 0.062321901 0.863816559 5.884281158
0.869269133 0.033074189 0.493231326 4.752899170 0.002457257 0.997457862 -0.071216330 -0.515171468 -0.494332910 0.063118152 0.866978109 5.933600903
0.872277617 0.024926143 0.488375187 4.783255577 0.009528497 0.997644067 -0.067937344 -0.520826697 -0.488918006 0.063913703 0.869985163 5.984358788
0.875083447 0.022420766 0.483452439 4.812136173 0.012241790 0.997581303 -0.068422705 -0.524438620 -0.483817160 0.065793902 0.872692466 6.035502911
0.876438200 0.026214808 0.480800271 4.840062141 0.008227449 0.997555792 -0.069387600 -0.530460238 -0.481444120 0.064769693 0.874080360 6.088976383
0.878112257 0.028507600 0.477604598 4.867466450 0.006537892 0.997415245 -0.071554840 -0.535190105 -0.478409946 0.065955698 0.875656188 6.140244961
0.879514635 0.031724878 0.474813223 4.896327972 0.002638519 0.997434914 -0.071531504 -0.539872944 -0.475864589 0.064165808 0.877174795 6.190970421
0.879262865 0.031169230 0.475315928 4.922475338 0.002709458 0.997513294 -0.070424840 -0.545196414 -0.476329148 0.063209794 0.876991987 6.244507790
0.879669964 0.027792007 0.474771768 4.950278759 0.004088505 0.997812271 -0.065984838 -0.549766779 -0.475566983 0.059985988 0.877631843 6.296116829
0.880100965 0.027780049 0.473973185 4.978278160 0.001465204 0.998123169 -0.061221700 -0.554162979 -0.474784344 0.054575730 0.878408432 6.348902702
0.880762339 0.024575530 0.472920448 5.006037235 0.003645146 0.998271108 -0.058664311 -0.559821427 -0.473544538 0.053393170 0.879150033 6.400222778
0.881314576 0.027436133 0.471732944 5.033395767 0.003064209 0.997960150 -0.063766383 -0.564466774 -0.472520202 0.057643723 0.879432738 6.451702118
0.881538510 0.028070254 0.471276909 5.061097622 0.004330808 0.997708023 -0.067526527 -0.569006622 -0.472092301 0.061568242 0.879396498 6.502779961
0.881396711 0.030787116 0.471372485 5.086565971 0.001235919 0.997720122 -0.067475840 -0.573461413 -0.472375214 0.060055565 0.879349172 6.551956177
0.881350458 0.033767838 0.471254975 5.113248825 -0.002751956 0.997792602 -0.066350199 -0.578671217 -0.472455204 0.057180900 0.879497766 6.602733612
0.882059813 0.027108340 0.470356822 5.139797211 0.004821446 0.997771680 -0.066546783 -0.583784461 -0.471112728 0.060966052 0.879963636 6.652650356
0.882530153 0.029885378 0.469305187 5.166529179 0.003124736 0.997583926 -0.069402263 -0.588467777 -0.470245332 0.062716052 0.880304515 6.702994823
0.882263362 0.038607817 0.469170243 5.192366600 -0.005302330 0.997383058 -0.072103314 -0.593318582 -0.470726162 0.061126422 0.880159318 6.753224373
0.882372975 0.044478305 0.468443781 5.217604637 -0.011083684 0.997210979 -0.073806748 -0.598618448 -0.470420033 0.059933003 0.880405009 6.802718163
0.882515192 0.043332670 0.468283057 5.243658066 -0.007670878 0.996939838 -0.077795692 -0.603467345 -0.470220983 0.065063745 0.880147040 6.852123260
0.882605374 0.042627770 0.468178004 5.269541740 -0.006697593 0.996919632 -0.078143634 -0.608910918 -0.470066935 0.065834329 0.880172074 6.901031494
0.883289516 0.046438880 0.466522247 5.294237614 -0.010319316 0.996766865 -0.079682797 -0.613826990 -0.468714267 0.065568797 0.880913019 6.949502468
0.884487808 0.036552150 0.465129524 5.319786072 -0.000409916 0.996986926 -0.077568613 -0.618802249 -0.466563404 0.068417817 0.881837666 6.997341633
0.886698604 0.028520618 0.461467475 5.345763206 0.006193963 0.997273266 -0.073537201 -0.624302626 -0.462306499 0.068063647 0.884104133 7.044195175
0.887132585 0.024098370 0.460884899 5.370616436 0.007864343 0.997701406 -0.067304648 -0.629334807 -0.461447507 0.063332699 0.884904027 7.093869686
0.888820708 0.021721769 0.457739979 5.395328045 0.009928028 0.997728705 -0.066624440 -0.634161770 -0.458147526 0.063761637 0.886586428 7.142090321
0.891281843 0.022823837 0.452874750 5.419484615 0.010862337 0.997371197 -0.071642853 -0.639024198 -0.453319401 0.068773262 0.888691008 7.190179348
0.894429147 0.022307383 0.446653187 5.443115711 0.012359184 0.997140706 -0.074550025 -0.643614113 -0.447039217 0.072199978 0.891595840 7.235905170
0.898025751 0.022282232 0.439378142 5.465437889 0.011824280 0.997133374 -0.074734859 -0.648488700 -0.439783841 0.072309166 0.895187914 7.283235550
0.902214766 0.019143224 0.430861950 5.488500595 0.012578125 0.997421563 -0.070653811 -0.652890563 -0.431103528 0.069164343 0.899647713 7.330857754
0.907661557 0.013552210 0.419483870 5.511552334 0.016853195 0.997495532 -0.068692192 -0.657940924 -0.419364274 0.069418907 0.905159950 7.379817486
0.913173318 0.010980585 0.407423526 5.532213211 0.019848170 0.997252822 -0.071363673 -0.662045121 -0.407087952 0.073254004 0.910446763 7.426342010
0.919583499 0.010407327 0.392756820 5.554121017 0.019921001 0.997128248 -0.073064201 -0.666773856 -0.392389327 0.075012736 0.916735411 7.475149155
0.924339056 0.008345574 0.381480902 5.571846962 0.021149473 0.997103333 -0.073059171 -0.671036243 -0.380985677 0.075599566 0.921485007 7.521719456
0.929533422 0.007078484 0.368669957 5.591009617 0.021891573 0.996992767 -0.074337877 -0.676296115 -0.368087530 0.077170312 0.926583052 7.570227146
0.934433222 0.011699935 0.355946124 5.608306885 0.018581906 0.996497214 -0.081536219 -0.681479454 -0.355653346 0.082804315 0.930942595 7.617635250
0.938781202 0.023917263 0.343682796 5.624370575 0.007999537 0.995804965 -0.091150172 -0.685966969 -0.344421118 0.088319361 0.934651673 7.664212227
0.943376243 0.030168228 0.330350101 5.640561104 0.003165303 0.994992077 -0.099903733 -0.690715849 -0.331709653 0.095292471 0.938556254 7.712465763
0.947666109 0.030984946 0.317756265 5.656254768 0.001399657 0.994866610 -0.101185411 -0.695237219 -0.319260359 0.096334718 0.942757905 7.759178638
0.951431215 0.030109555 0.306385547 5.670182228 -0.000581846 0.995380044 -0.096012577 -0.702493668 -0.307860881 0.091171086 0.947053075 7.805663586
0.954439521 0.033581767 0.296508610 5.684448242 -0.005931127 0.995586038 -0.093665540 -0.708128691 -0.298345238 0.087639481 0.950425923 7.854754925
0.956979513 0.038650237 0.287569791 5.697619438 -0.010032139 0.994903326 -0.100332864 -0.713971496 -0.289982021 0.093131557 0.952489853 7.901912689
0.958885133 0.042948518 0.280525744 5.710398674 -0.013096459 0.994125843 -0.107434809 -0.719969034 -0.283492029 0.099343754 0.953814983 7.948558331
0.959732890 0.046834305 0.276982367 5.723605156 -0.016950238 0.993862271 -0.109317943 -0.726024866 -0.280402184 0.100221112 0.954636216 7.994276047
0.959518254 0.048096418 0.277509421 5.735871315 -0.019066688 0.994143307 -0.106374428 -0.730103970 -0.281000286 0.096777014 0.954815686 8.038823128
0.959033668 0.049648371 0.278907508 5.750632286 -0.021667471 0.994494319 -0.102525719 -0.735785544 -0.282462150 0.092282385 0.954829335 8.086849213
0.958215654 0.047210380 0.282124043 5.763349533 -0.019727116 0.994844556 -0.099474542 -0.741721332 -0.285365790 0.089752570 0.954206944 8.132054329
0.957423270 0.046122611 0.284979820 5.776906490 -0.018266557 0.994855523 -0.099643916 -0.746728539 -0.288109571 0.090195805 0.953340292 8.177284241
0.956673145 0.044907190 0.287680209 5.792954922 -0.016711272 0.994874418 -0.099728025 -0.752808809 -0.290684164 0.090599626 0.952520013 8.225172043
0.955101252 0.045179147 0.292814702 5.804962635 -0.016809184 0.994976282 -0.098689429 -0.758005798 -0.295802355 0.089336425 0.951062560 8.268266678
0.953682542 0.045876279 0.297296017 5.819107056 -0.017048635 0.994956911 -0.098844029 -0.763423800 -0.300331324 0.089197330 0.949655175 8.313733101
0.951725006 0.047416653 0.303267360 5.833128929 -0.018727541 0.995125771 -0.096819058 -0.768942177 -0.306379974 0.086465687 0.947974145 8.358279228
0.949864328 0.046163268 0.309235662 5.847553253 -0.017886119 0.995443344 -0.093661703 -0.774536967 -0.312150359 0.083434887 0.946361899 8.403284073
0.948049307 0.046841685 0.314656019 5.861618042 -0.018008400 0.995416403 -0.093925193 -0.779942989 -0.317613423 0.083379269 0.944547355 8.448045731
0.946438074 0.048679896 0.319194704 5.876610279 -0.018898064 0.995226502 -0.095746160 -0.784521580 -0.322331846 0.084585659 0.942840099 8.491149902
0.944913983 0.049351063 0.323576868 5.889789104 -0.018353278 0.995001495 -0.098159410 -0.789804518 -0.326803714 0.086813495 0.941096544 8.534667969
0.944286644 0.050893284 0.325165570 5.906228542 -0.018924868 0.994733632 -0.100732543 -0.795045972 -0.328579694 0.088966668 0.940276742 8.578628540
0.943996131 0.048504062 0.326372057 5.921645164 -0.015997464 0.994701028 -0.101557404 -0.800781548 -0.329568595 0.090648666 0.939769864 8.622092247
0.944225669 0.045359354 0.326160192 5.936596394 -0.013070866 0.994849741 -0.100514702 -0.805656910 -0.329039633 0.090645358 0.939955592 8.665187836
0.945873976 0.041401889 0.321882367 5.951985359 -0.010731735 0.995276988 -0.096480824 -0.811121166 -0.324356675 0.087804325 0.941850960 8.708370209
0.948099077 0.039765861 0.315478802 5.965645790 -0.009707578 0.995306611 -0.096283719 -0.816434085 -0.317826927 0.088223979 0.944035292 8.750807762
0.951604068 0.036093872 0.305200011 5.978804588 -0.006913584 0.995342374 -0.096155874 -0.821849942 -0.307249039 0.089392282 0.947421253 8.793148041
0.956100345 0.033002377 0.291175216 5.991647720 -0.004937452 0.995311260 -0.096597970 -0.826627374 -0.292997867 0.090919688 0.951780379 8.834788322
0.960435152 0.032310043 0.276623398 6.003388405 -0.006133685 0.995460689 -0.094975211 -0.830955684 -0.278436422 0.089520805 0.956273615 8.877633095
0.964706421 0.035223275 0.260961443 6.014089584 -0.012271734 0.995950341 -0.089063033 -0.836235404 -0.263041705 0.082717232 0.961231887 8.920073509
0.968896687 0.033474937 0.245191216 6.024317265 -0.013562362 0.996502459 -0.082455344 -0.840584099 -0.247093841 0.076565340 0.965961814 8.962953568
0.972891212 0.031555627 0.229100272 6.033623695 -0.014696298 0.997080743 -0.074926220 -0.844999254 -0.230795786 0.069528125 0.970514894 9.005546570
0.976691186 0.030112354 0.212526560 6.041893959 -0.016016066 0.997574508 -0.067740075 -0.848627627 -0.214050844 0.062757283 0.974804461 9.047631264
0.980186999 0.029876057 0.195808351 6.049663544 -0.018186171 0.997958183 -0.061229251 -0.852653861 -0.197237775 0.056455113 0.978728831 9.090055466
0.983588040 0.030153910 0.177891314 6.056713104 -0.020016629 0.998086333 -0.058508113 -0.856378913 -0.179315120 0.053987108 0.982309282 9.132009506
0.986789286 0.028009281 0.159569100 6.063299656 -0.019166529 0.998207927 -0.056688659 -0.859517336 -0.160870984 0.052881386 0.985557735 9.172636032
0.989454091 0.027691191 0.142174676 6.068524837 -0.019898467 0.998235703 -0.055943247 -0.861931622 -0.143472984 0.052524224 0.988259435 9.214195251
0.991475463 0.032737199 0.126113936 6.072866917 -0.026128612 0.998215079 -0.053704482 -0.865023494 -0.127646908 0.049951494 0.990561128 9.254570961
0.993173242 0.034832790 0.111326620 6.076692104 -0.029555570 0.998375714 -0.048707265 -0.868455410 -0.112842396 0.045084435 0.992589653 9.295098305
0.994515538 0.030858058 0.099932805 6.080300808 -0.026381604 0.998601735 -0.045810718 -0.870841503 -0.101206690 0.042923097 0.993939161 9.335586548
0.995690465 0.028127516 0.088371292 6.084304333 -0.024193352 0.998681307 -0.045278776 -0.873271465 -0.089528352 0.042945638 0.995058060 9.375697136
0.996293128 0.033574611 0.079199985 6.085639477 -0.029864818 0.998421311 -0.047569424 -0.876323223 -0.080672085 0.045027792 0.995723128 9.415771484
0.996885419 0.038090698 0.069054887 6.088135242 -0.034431472 0.997977912 -0.053427704 -0.879155874 -0.070950352 0.050883636 0.996181190 9.454947472
0.997468412 0.038083035 0.060053859 6.089282990 -0.034276295 0.997412562 -0.063192874 -0.881910563 -0.062305056 0.060974479 0.996192873 9.494066238
0.998134196 0.032448187 0.051723078 6.091358185 -0.028787818 0.997130990 -0.070007280 -0.884790421 -0.053846296 0.068387665 0.996204734 9.533598900
0.998514712 0.031644881 0.044348262 6.093601227 -0.028557861 0.997235954 -0.068592608 -0.887531459 -0.046396282 0.067224234 0.996658564 9.573048592
0.998610139 0.034957066 0.039442085 6.093029499 -0.032547120 0.997657299 -0.060171302 -0.890146613 -0.041453093 0.058803957 0.997408509 9.615162849
0.998628676 0.038641941 0.035318613 6.093972683 -0.036934566 0.998174727 -0.047779072 -0.893219709 -0.037100423 0.046409082 0.998233318 9.656847954
0.998652995 0.039148539 0.034056630 6.094290257 -0.037791193 0.998499691 -0.039625868 -0.896124244 -0.035556834 0.038285438 0.998634040 9.696453094
0.998809576 0.036121365 0.032783199 6.095752716 -0.034799337 0.998592019 -0.040038422 -0.898538470 -0.034183282 0.038849920 0.998660207 9.737040520
0.998962820 0.032215767 0.032177597 6.096290112 -0.030831207 0.998614848 -0.042635947 -0.900994718 -0.033506587 0.041599654 0.998572350 9.777503967
0.999061763 0.029883089 0.031345069 6.096628666 -0.028503383 0.998643458 -0.043576725 -0.902511120 -0.032604754 0.042642407 0.998558164 9.817606926
0.999095261 0.031375453 0.028707435 6.098415375 -0.030198194 0.998720586 -0.040562123 -0.904780746 -0.029943362 0.039658513 0.998764515 9.859211922
0.999159217 0.032383051 0.025143659 6.099655628 -0.031432595 0.998808980 -0.037318245 -0.906488299 -0.026322190 0.036496535 0.998987079 9.900342941
0.999231875 0.031681523 0.023064410 6.099760532 -0.030943749 0.999019265 -0.031670641 -0.908945680 -0.024045167 0.030932613 0.999232233 9.942292213
0.999364793 0.030395750 0.018607724 6.100321770 -0.029848818 0.999133766 -0.028996842 -0.911064386 -0.019472992 0.028423004 0.999406278 9.983370781
0.999507129 0.028772164 0.012562233 6.100121021 -0.028424097 0.999229670 -0.027059052 -0.912526250 -0.013331107 0.026688643 0.999554932 10.025253296
0.999610484 0.027477715 0.004883937 6.099606514 -0.027353153 0.999338508 -0.023964508 -0.914364100 -0.005539196 0.023821581 0.999700844 10.067235947
0.999668956 0.025154453 -0.005404078 6.099466801 -0.025269840 0.999428153 -0.022464629 -0.916339278 0.004835903 0.022593752 0.999733031 10.108905792
0.999497473 0.026759868 -0.016993385 6.097947121 -0.027154582 0.999356508 -0.023438053 -0.918350697 0.016355252 0.023887724 0.999580860 10.150853157
0.999184549 0.027800389 -0.029281013 6.095671177 -0.028589012 0.999230087 -0.026867565 -0.920076609 0.028511541 0.027682772 0.999210060 10.193822861
0.998699725 0.029825332 -0.041344382 6.092646599 -0.031091498 0.999056339 -0.030327791 -0.921187878 0.040400833 0.031573817 0.998684525 10.237355232
0.998166084 0.027938385 -0.053701140 6.090030670 -0.029585317 0.999108315 -0.030122096 -0.923160195 0.052811697 0.031655621 0.998102665 10.278822899
0.997450709 0.027369162 -0.065901205 6.087454319 -0.029153980 0.999229550 -0.026275465 -0.925224781 0.065131292 0.028129756 0.997480154 10.321728706
0.996570945 0.029451650 -0.077323660 6.082952023 -0.031400528 0.999216080 -0.024110232 -0.926950812 0.076552957 0.026455557 0.996714473 10.363952637
0.995495081 0.031180855 -0.089539111 6.078964233 -0.033285059 0.999201477 -0.022103902 -0.928573966 0.088778377 0.024984641 0.995738029 10.406905174
0.994401813 0.035207700 -0.099626519 6.073203087 -0.037305314 0.999118090 -0.019270197 -0.929772854 0.098860182 0.022878919 0.994838417 10.452383041
0.993476689 0.038873918 -0.107204989 6.067791939 -0.041104946 0.998980284 -0.018679453 -0.931076765 0.106369525 0.022964261 0.994061530 10.495834351
0.992963910 0.039392989 -0.111673266 6.062152386 -0.041343078 0.999029338 -0.015199943 -0.932663798 0.110966101 0.019709909 0.993628740 10.540263176
0.992820382 0.036819335 -0.113806814 6.056874752 -0.038498152 0.999179423 -0.012588246 -0.933956742 0.113249928 0.016879216 0.993423223 10.585661888
0.992946863 0.032549500 -0.114004865 6.051645279 -0.034490217 0.999291062 -0.015091686 -0.935182869 0.113432840 0.018917294 0.993365586 10.630199432
0.993143857 0.031564783 -0.112555653 6.046142578 -0.033612378 0.999301314 -0.016340367 -0.936624169 0.111961231 0.020011600 0.993511081 10.676572800
0.993354201 0.027300997 -0.111811958 6.040946007 -0.029581985 0.999385715 -0.018791951 -0.938292503 0.111230224 0.021974685 0.993551672 10.721533775
0.993476570 0.023997471 -0.111482553 6.035803795 -0.026224282 0.999483943 -0.018551107 -0.939130306 0.110979833 0.021353642 0.993593216 10.768713951
0.993650138 0.021134596 -0.110511109 6.030849457 -0.022761643 0.999650002 -0.013481959 -0.940685093 0.110187493 0.015911764 0.993783414 10.816013336
0.993760526 0.021239860 -0.109493516 6.026323318 -0.022462741 0.999698222 -0.009947039 -0.942372561 0.109249189 0.012344500 0.993937731 10.862122536
0.994014561 0.020898042 -0.107229717 6.020183563 -0.021873089 0.999729276 -0.007924853 -0.943758786 0.107035100 0.010222866 0.994202673 10.912078857
0.994118094 0.022209570 -0.106000088 6.015367031 -0.023138471 0.999703825 -0.007541305 -0.944995224 0.105801210 0.009949628 0.994337559 10.958275795
0.994373441 0.023080697 -0.103385858 6.009339333 -0.023851192 0.999696076 -0.006222395 -0.946181655 0.103210814 0.008653260 0.994621813 11.009178162
0.994584680 0.023534650 -0.101229258 6.004207611 -0.024363257 0.999678910 -0.006956756 -0.947739184 0.101033010 0.009385359 0.994838774 11.056276321
0.994690537 0.022386296 -0.100447178 5.999089241 -0.023667490 0.999652803 -0.011581301 -0.948666215 0.100153044 0.013897145 0.994875014 11.107061386
0.994783521 0.023361582 -0.099298067 5.993888855 -0.025320314 0.999507964 -0.018511388 -0.949657917 0.098816752 0.020929081 0.994885564 11.154004097
0.994813621 0.023557417 -0.098948829 5.989161491 -0.025697500 0.999461412 -0.020409519 -0.950901270 0.098414741 0.022846406 0.994883180 11.204019547
0.995026886 0.025950098 -0.096167818 5.983652115 -0.027748976 0.999463260 -0.017415473 -0.952231884 0.095664263 0.019997420 0.995212734 11.252532005
0.995106637 0.028097963 -0.094726913 5.977942467 -0.029442063 0.999484181 -0.012821301 -0.954684138 0.094317779 0.015547519 0.995420873 11.302691460
0.995213091 0.032744609 -0.092078730 5.973307610 -0.033993360 0.999349654 -0.012025881 -0.956516981 0.091625057 0.015098382 0.995679140 11.351379395
0.995593667 0.034518417 -0.087187774 5.968604565 -0.035625547 0.999302745 -0.011173735 -0.957853198 0.086741298 0.014230615 0.996129215 11.400712967
0.996135294 0.037106398 -0.079608664 5.966444016 -0.038006801 0.999229252 -0.009824602 -0.960298598 0.079182759 0.012812305 0.996777773 11.445693970
0.997047424 0.036607705 -0.067499690 5.958541870 -0.037355803 0.999253452 -0.009853899 -0.961895049 0.067088574 0.012346309 0.997670650 11.499232292
0.997704387 0.032019753 -0.059671517 5.958155155 -0.032809295 0.999385953 -0.012298680 -0.963235199 0.059241075 0.014228228 0.998142302 11.547790527
0.998329282 0.031683810 -0.048319045 5.956475735 -0.032481175 0.999347329 -0.015806876 -0.964455783 0.047786690 0.017349925 0.998706877 11.594811440
0.998709619 0.036076535 -0.035743136 5.953629017 -0.036643486 0.999210656 -0.015335742 -0.965920210 0.035161667 0.016625704 0.999243259 11.644524574
0.999263287 0.029611949 -0.024409793 5.953324318 -0.029839640 0.999514043 -0.009017193 -0.967274070 0.024130918 0.009738931 0.999661326 11.691823006
0.999545097 0.025842376 -0.015547378 5.953264236 -0.025874896 0.999663413 -0.001894102 -0.968850911 0.015493198 0.002295527 0.999877334 11.741762161
0.999629259 0.026295563 -0.007056011 5.952622890 -0.026273962 0.999649823 0.003136715 -0.969368935 0.007136022 -0.002950163 0.999970198 11.789893150
0.999512732 0.031047244 -0.003221114 5.952234745 -0.031028323 0.999501884 0.005765310 -0.970222294 0.003398506 -0.005662555 0.999978185 11.838404655
0.999563813 0.029511048 -0.001115649 5.952679634 -0.029502828 0.999541700 0.006778984 -0.970818222 0.001315193 -0.006743113 0.999976397 11.886515617
0.999581873 0.028882312 0.001354475 5.952012539 -0.028892301 0.999550104 0.008049343 -0.971617520 -0.001121383 -0.008085109 0.999966681 11.935646057
0.999565303 0.029412398 0.002036683 5.952199936 -0.029424984 0.999546170 0.006452159 -0.972207904 -0.001845985 -0.006509283 0.999977112 11.982954025
0.999455214 0.032879129 0.002880582 5.951145172 -0.032892637 0.999447405 0.004773650 -0.972248375 -0.002722038 -0.004865798 0.999984443 12.033087730
0.999412358 0.034176420 0.002631661 5.950501442 -0.034192141 0.999396086 0.006179468 -0.972932875 -0.002418880 -0.006265818 0.999977410 12.081037521
0.999399900 0.034631610 0.000678139 5.950710773 -0.034635633 0.999373436 0.007289064 -0.973489046 -0.000425282 -0.007308177 0.999973178 12.130748749
0.999470055 0.032538075 -0.000846663 5.950752735 -0.032528926 0.999428511 0.009196468 -0.974388897 0.001145415 -0.009164054 0.999957323 12.179075241
