0.999931216 0.000679106 0.011706971 0.000440515 -0.000705272 0.999997199 0.002231150 -0.000408477 -0.011705425 -0.002239253 0.999929011 0.043103449
0.999749899 0.001439180 0.022316447 0.001967819 -0.001535475 0.999989569 0.004298441 -0.000447463 -0.022310032 -0.004331633 0.999741733 0.088040829
0.999464393 0.001827221 0.032678004 0.003740286 -0.002033463 0.999978244 0.006279220 -0.000680681 -0.032665823 -0.006342305 0.999446213 0.134071201
0.999066710 0.002243039 0.043135066 0.006111177 -0.002604765 0.999962032 0.008331527 -0.000768866 -0.043114737 -0.008436109 0.999034524 0.181687355
0.998542190 0.001509889 0.053956002 0.008685296 -0.002033002 0.999951482 0.009641602 -0.000583016 -0.053938825 -0.009737237 0.998496771 0.230481163
0.997915804 0.001084502 0.064519532 0.012083136 -0.001803008 0.999936998 0.011079070 -0.000894404 -0.064503446 -0.011172310 0.997854948 0.280294716
0.997183144 0.001490643 0.074990220 0.016519932 -0.002515505 0.999904633 0.013574011 -0.000268516 -0.074962839 -0.013724411 0.997091889 0.330154270
0.996216357 0.002388448 0.086874962 0.020399269 -0.003929524 0.999837816 0.017572321 -0.000243809 -0.086818911 -0.017847212 0.996064186 0.381539047
0.995145857 0.001774773 0.098394930 0.026371635 -0.003863881 0.999770999 0.021045372 0.000220720 -0.098335043 -0.021323401 0.994924903 0.432415694
0.993637681 0.001987488 0.112607360 0.031146001 -0.004697905 0.999705493 0.023809394 -0.000028349 -0.112526871 -0.024186924 0.993354261 0.483845353
0.991940081 0.001202900 0.126702130 0.038058534 -0.004307027 0.999697208 0.024228301 0.000112857 -0.126634613 -0.024578732 0.991644800 0.535089612
0.989910007 0.002164680 0.141680881 0.044803470 -0.005461791 0.999723077 0.022886645 0.000707122 -0.141592130 -0.023429552 0.989647925 0.587458611
0.987533271 0.001088521 0.157406598 0.053925682 -0.004558446 0.999754429 0.021685006 0.000921700 -0.157344311 -0.022132196 0.987295806 0.638976276
0.983954728 0.003408707 0.178385735 0.063189015 -0.007096093 0.999774039 0.020036900 0.001235868 -0.178277135 -0.020981245 0.983756602 0.691096544
0.979002833 0.006389226 0.203746527 0.074154764 -0.010403884 0.999772131 0.018639140 0.001473377 -0.203581050 -0.020367527 0.978846192 0.742761910
0.972293556 0.007871508 0.233630300 0.086388633 -0.012485412 0.999755025 0.018276349 0.001152541 -0.233429179 -0.020686945 0.972153723 0.794921279
0.963987887 0.008868026 0.265798151 0.101058744 -0.013992932 0.999750793 0.017393650 0.001506928 -0.265577674 -0.020486563 0.963871777 0.846588135
0.954236329 0.008928197 0.298920065 0.117327303 -0.014511312 0.999759138 0.016463183 0.001280898 -0.298701108 -0.020047486 0.954136133 0.897806644
0.943416476 0.009312457 0.331479341 0.135611713 -0.014892903 0.999786913 0.014298748 0.001586320 -0.331275523 -0.018426364 0.943354130 0.949902952
0.932064474 0.009741164 0.362161398 0.154581457 -0.015305327 0.999804735 0.012497991 0.000483691 -0.361968994 -0.017191933 0.932031512 0.997718692
0.919727266 0.012169146 0.392369330 0.176140279 -0.017038058 0.999814928 0.008929010 0.000296225 -0.392188072 -0.014897466 0.919764400 1.048051596
0.906801581 0.009612640 0.421448141 0.199729651 -0.012592853 0.999911427 0.004288612 -0.000349979 -0.421369582 -0.009196151 0.906842411 1.096446991
0.893032074 0.006464879 0.449946582 0.224758357 -0.006755250 0.999976635 -0.000960281 -0.001393541 -0.449942350 -0.002181937 0.893054962 1.145163059
0.878797472 0.002494186 0.477188408 0.251802415 0.000454840 0.999981523 -0.006064384 -0.002648176 -0.477194637 0.005546409 0.878780127 1.191984892
0.864778638 -0.001532825 0.502150953 0.280034274 0.007545566 0.999922156 -0.009942305 -0.004566842 -0.502096593 0.012386905 0.864722908 1.237847567
0.849868417 -0.007951371 0.526935160 0.309722990 0.017711911 0.999752164 -0.013480585 -0.006164661 -0.526697338 0.020789750 0.849798620 1.283500552
0.835266173 -0.007884240 0.549789250 0.340566069 0.023980876 0.999468029 -0.022100043 -0.008119456 -0.549322605 0.031643845 0.835011005 1.329819918
0.820115507 -0.003581057 0.572186708 0.371299952 0.029642336 0.998903513 -0.036234681 -0.010485493 -0.571429729 0.046677575 0.819322467 1.373303652
0.805083930 0.005947849 0.593131065 0.403291672 0.031547859 0.998105049 -0.052830230 -0.014408324 -0.592321336 0.061244790 0.803370774 1.415272593
0.788840532 0.017915402 0.614336729 0.437601775 0.030495999 0.997202933 -0.068239085 -0.017993294 -0.613840818 0.072564557 0.786087632 1.459386945
0.772231102 0.021176364 0.634988844 0.470695883 0.036020756 0.996377587 -0.077034421 -0.022620104 -0.634319842 0.082361139 0.768670797 1.499922633
0.756237268 0.022634186 0.653905809 0.509492815 0.039475482 0.996002555 -0.080128573 -0.027951702 -0.653105557 0.086409464 0.752320826 1.541183114
0.739490390 0.020447833 0.672856450 0.545483112 0.043426152 0.996007502 -0.077994950 -0.032567106 -0.671764970 0.086896107 0.735649943 1.581652999
0.723974526 0.015719781 0.689647675 0.581854522 0.046298109 0.996378899 -0.071313962 -0.036992505 -0.688271284 0.083558872 0.720625103 1.619311333
0.710057020 0.005985606 0.704118669 0.623171449 0.056094382 0.996304929 -0.065036900 -0.042396665 -0.701906264 0.085677013 0.707097650 1.658876896
0.698708892 0.004856490 0.715389609 0.660542548 0.058478411 0.996242881 -0.063877970 -0.046817724 -0.713012040 0.086466946 0.695799828 1.695847034
0.689961076 0.003852426 0.723836124 0.703132153 0.063222691 0.995843470 -0.065564021 -0.052096110 -0.721080184 0.090999484 0.686849773 1.733429670
0.681030929 0.005681089 0.732232571 0.736176789 0.064259388 0.995648324 -0.067490816 -0.055999309 -0.729429662 0.093016155 0.677702188 1.765789628
0.672218084 0.011210470 0.740268350 0.776994705 0.059458055 0.995838106 -0.069073051 -0.062578842 -0.737961829 0.090447068 0.668753862 1.804478168
0.663196266 0.012626839 0.748338997 0.821814477 0.057998303 0.995984077 -0.068204902 -0.065312415 -0.746194959 0.088635631 0.659800589 1.840722322
0.655271769 0.011426948 0.755306780 0.861454070 0.060933478 0.995827675 -0.067929037 -0.070417717 -0.752931476 0.090535447 0.651841462 1.875003457
0.648892105 0.010889728 0.760802448 0.901802599 0.064402863 0.995523274 -0.069178917 -0.074705347 -0.758149922 0.093887530 0.645285904 1.908620119
0.645878255 0.013108199 0.763328016 0.944116831 0.064977221 0.995280743 -0.072070904 -0.078402571 -0.760670245 0.096147962 0.641978502 1.943583012
0.646383584 0.016302591 0.762838483 0.987240016 0.064090393 0.995078504 -0.075572141 -0.081934057 -0.760316193 0.097739220 0.642157614 1.979440212
0.649177909 0.013158055 0.760522842 1.029316664 0.066362932 0.995057940 -0.073862843 -0.087457106 -0.757736027 0.098420657 0.645096362 2.016140938
0.654401720 0.014373715 0.756010532 1.073651314 0.064057358 0.995171309 -0.074368760 -0.092137791 -0.753428876 0.097095080 0.650321007 2.054381847
0.660308242 0.014550447 0.750853658 1.114691973 0.062266760 0.995309055 -0.074045636 -0.097176492 -0.748408914 0.095646173 0.656304657 2.091948748
0.666969895 0.015872875 0.744915605 1.161036730 0.059856553 0.995400250 -0.074803613 -0.102406859 -0.742676497 0.094479829 0.662951827 2.132199287
0.672492206 0.017120263 0.739906192 1.205677986 0.057138488 0.995547712 -0.074967898 -0.107863113 -0.737895489 0.092692435 0.668519676 2.173537970
0.676295936 0.019416964 0.736374080 1.249850631 0.053027693 0.995775759 -0.074958302 -0.112757914 -0.734718919 0.089742206 0.672409415 2.215356827
0.677520037 0.022288345 0.735166550 1.297908306 0.048170969 0.996050119 -0.074591406 -0.118185475 -0.733925104 0.085950859 0.673770249 2.260432959
0.676964581 0.022761190 0.735663533 1.343311071 0.045576829 0.996307135 -0.072765648 -0.123981357 -0.734603107 0.082788974 0.673427165 2.303895712
0.676649988 0.021836450 0.735980988 1.390872598 0.046104420 0.996342123 -0.071949050 -0.129487291 -0.734860003 0.082616292 0.673168123 2.346350193
0.675615549 0.021471480 0.736941516 1.436675787 0.045868978 0.996415138 -0.071083397 -0.134883091 -0.735825896 0.081827797 0.672208548 2.389753819
0.675969064 0.021383289 0.736619711 1.488413811 0.045557790 0.996454358 -0.070732735 -0.140250772 -0.735520482 0.081371896 0.672598124 2.436439037
0.676048160 0.020641150 0.736568332 1.539425611 0.045610584 0.996518552 -0.069788806 -0.145832568 -0.735444546 0.080775917 0.672752976 2.482620001
0.675805569 0.021217590 0.736774564 1.589531898 0.044737671 0.996561944 -0.069734491 -0.151552200 -0.735721111 0.080088541 0.672532797 2.528482437
0.675597727 0.021022364 0.736970663 1.636027813 0.043933440 0.996669173 -0.068705127 -0.157131165 -0.735960305 0.078794695 0.672423840 2.572708368
0.675541997 0.021245304 0.737015307 1.688403845 0.043330349 0.996713281 -0.068447620 -0.162835360 -0.736047149 0.078174382 0.672401071 2.620453358
0.675701499 0.022212991 0.736840546 1.735759616 0.041717794 0.996791959 -0.068305805 -0.168271199 -0.735993981 0.076893710 0.672607005 2.665083408
0.677070558 0.020705925 0.735626698 1.788328409 0.042141426 0.996872962 -0.066846259 -0.173620284 -0.734710515 0.076260008 0.674080789 2.714031935
0.678653836 0.018522292 0.734224677 1.835524321 0.041907590 0.997076571 -0.063889019 -0.180378601 -0.733261704 0.074128114 0.675893664 2.757604837
0.680492043 0.016377401 0.732572496 1.883803129 0.042615436 0.997173488 -0.061878629 -0.186006278 -0.731515229 0.073326811 0.677870691 2.802963734
0.682588279 0.016772890 0.730610490 1.935128927 0.041936718 0.997190177 -0.062073119 -0.191078722 -0.729598820 0.073009796 0.679967046 2.851817608
0.684086800 0.016774822 0.729207635 1.984103203 0.041680995 0.997202814 -0.062041756 -0.197264776 -0.728208721 0.072836049 0.681474149 2.898614883
0.685156643 0.017177248 0.728193164 2.033754587 0.042086035 0.997118175 -0.063119613 -0.201964557 -0.727178872 0.073893584 0.682459235 2.944651127
0.684500277 0.018921219 0.728767037 2.083130121 0.041477960 0.997032881 -0.064844802 -0.207811162 -0.727831662 0.074614055 0.681684554 2.991667271
0.681803584 0.022296675 0.731195331 2.130462646 0.039940886 0.996909797 -0.067642123 -0.213489845 -0.730444133 0.075323232 0.678806126 3.035988331
0.677966714 0.023566118 0.734714687 2.179190159 0.039347541 0.996889651 -0.068283841 -0.219579011 -0.734038711 0.075203404 0.674930811 3.081612587
0.673542678 0.021858083 0.738825142 2.229954243 0.040478077 0.996971905 -0.066396780 -0.225076675 -0.738039136 0.074627265 0.670618415 3.126914501
0.668987751 0.018913684 0.743032753 2.280007124 0.041441865 0.997171938 -0.062694810 -0.231136203 -0.742117167 0.072734728 0.666312099 3.172032833
0.664276123 0.019989919 0.747219920 2.329010010 0.039066128 0.997347713 -0.061411090 -0.236243740 -0.746465683 0.069984913 0.661733389 3.215523481
0.659815431 0.020932682 0.751136124 2.378244400 0.040993724 0.997120559 -0.063797623 -0.241939083 -0.750308692 0.072886527 0.657057405 3.258385658
0.655509353 0.022215953 0.754860044 2.428085089 0.041467339 0.997000217 -0.065351874 -0.247126549 -0.754047632 0.074140824 0.652621746 3.301939726
0.650919199 0.024747461 0.758743525 2.476374626 0.040111851 0.996951044 -0.066928506 -0.252677441 -0.758086562 0.073999666 0.647941828 3.344143391
0.648052156 0.025930224 0.761154294 2.526305914 0.039930165 0.996888757 -0.067957796 -0.257745862 -0.760548472 0.074433222 0.645000637 3.386166573
0.645322680 0.024245583 0.763525188 2.575603485 0.041268732 0.996930122 -0.066537164 -0.263228118 -0.762794554 0.074447662 0.642341018 3.426607847
0.642912745 0.017286746 0.765744328 2.625294685 0.042051781 0.997440696 -0.057823643 -0.268355012 -0.764784157 0.069376469 0.640540481 3.469335079
0.640969574 0.009651307 0.767505586 2.675304174 0.041759130 0.998001516 -0.047424234 -0.273542583 -0.766429365 0.062447842 0.639285743 3.510882378
0.639242887 0.008067937 0.768962562 2.724266052 0.042249244 0.998066247 -0.045593716 -0.277494609 -0.767843425 0.061633546 0.637665868 3.552277565
0.638228714 0.012216222 0.769749820 2.772246838 0.042209666 0.997814834 -0.050833326 -0.281483829 -0.768688798 0.064934187 0.636318386 3.592616558
0.636734486 0.016533934 0.770905852 2.820386410 0.043702357 0.997389257 -0.057487655 -0.285924584 -0.769843698 0.070294768 0.634349585 3.632716656
0.635856032 0.013253790 0.771694005 2.868284225 0.049626976 0.997081399 -0.058016155 -0.291000515 -0.770210624 0.075186752 0.633342445 3.672145605
0.636617124 0.010967677 0.771101952 2.918593407 0.052946839 0.996917963 -0.057892136 -0.294965744 -0.769360185 0.077682540 0.634074330 3.712018490
0.636571169 0.010768438 0.771142721 2.966108561 0.050558433 0.997168839 -0.055660248 -0.298430115 -0.769558907 0.074419469 0.634224594 3.752185822
0.637425900 0.007689873 0.770473301 3.015367031 0.049117457 0.997510850 -0.050591592 -0.303063750 -0.768944681 0.070092067 0.635461509 3.792522907
0.638110816 0.004402800 0.769931972 3.063235998 0.046577618 0.997931421 -0.044309605 -0.307712555 -0.768534362 0.064136036 0.636585712 3.832628012
0.638766050 0.009216549 0.769345880 3.111731052 0.037459239 0.998369873 -0.043061540 -0.311754495 -0.768488765 0.056325357 0.637379527 3.873869181
0.640460849 0.013621525 0.767870069 3.159317970 0.029696565 0.998655736 -0.042484671 -0.314725369 -0.767416477 0.050012868 0.639195383 3.914217710
0.641938925 0.009533691 0.766696513 3.206567287 0.033624139 0.998610795 -0.040570278 -0.319312572 -0.766018152 0.051823150 0.640726566 3.954403400
0.645037055 0.007858015 0.764110923 3.254181385 0.037733190 0.998399794 -0.042120524 -0.322849393 -0.763219059 0.056001637 0.643708408 3.993870974
0.649996758 0.007679317 0.759898186 3.302240849 0.040405530 0.998185277 -0.044649187 -0.326659858 -0.758862019 0.059725914 0.648506939 4.034268379
0.657490849 0.004165717 0.753451109 3.349891424 0.044463810 0.998027444 -0.044318791 -0.330640614 -0.752149463 0.062640488 0.656008780 4.074018478
0.663929224 -0.001911875 0.747792959 3.395278454 0.052178539 0.997677743 -0.043776058 -0.334954679 -0.745972753 0.068082944 0.662487268 4.114907265
0.672239959 0.001457753 0.740332007 3.440692902 0.048179582 0.997791886 -0.045712970 -0.337825179 -0.738763988 0.066398963 0.670685410 4.156911373
0.681292295 -0.000005713 0.732011437 3.484488964 0.047171436 0.997921824 -0.043895271 -0.341990143 -0.730490029 0.064435534 0.679876745 4.198813915
0.690731764 -0.002506157 0.723106623 3.529141665 0.046206031 0.998103321 -0.040678054 -0.345702559 -0.721633315 0.061509512 0.689537525 4.241537094
0.700016499 -0.002834547 0.714121044 3.572696686 0.045315392 0.998153090 -0.040458430 -0.349437237 -0.712687492 0.060682237 0.698852062 4.284698009
0.709167540 -0.004301328 0.705026805 3.615569353 0.045613587 0.998166382 -0.039791729 -0.352791160 -0.703562975 0.060377806 0.708063304 4.328758240
0.718756676 -0.005000026 0.695243776 3.657317638 0.046441495 0.998086035 -0.040834147 -0.356367588 -0.693708897 0.061637968 0.717613220 4.371904373
0.728551149 -0.002673508 0.684986293 3.699274302 0.046420183 0.997886181 -0.045477744 -0.360764742 -0.683416724 0.064930052 0.727135241 4.416073322
0.736624897 0.002525041 0.676296830 3.739250660 0.047530003 0.997327089 -0.055493500 -0.364050567 -0.674629271 0.073022284 0.734535933 4.460574150
0.745794773 0.005133617 0.666156113 3.778999090 0.047382172 0.997028887 -0.060730118 -0.368415356 -0.664488614 0.076856121 0.743335605 4.505399227
0.754541695 0.002313888 0.656248033 3.819558620 0.047137197 0.997219682 -0.057713594 -0.373544335 -0.654556990 0.074481003 0.752334833 4.551738262
0.763021469 0.002436384 0.646368623 3.859120846 0.043852936 0.997493625 -0.055527154 -0.377778620 -0.644883871 0.070713580 0.761002243 4.598255157
0.769777596 0.005781867 0.638286054 3.897833824 0.040219888 0.997532606 -0.057541549 -0.382426977 -0.637043834 0.069965988 0.767645717 4.645910263
0.774014890 0.011287290 0.633066893 3.933324099 0.037206795 0.997302473 -0.063272074 -0.388244808 -0.632073343 0.072527908 0.771507084 4.692509174
0.778068781 0.024012262 0.627719998 3.973047733 0.027503118 0.997008741 -0.072229266 -0.392098963 -0.627576709 0.073463604 0.775080979 4.740742207
0.780263543 0.028243165 0.624812722 4.009919643 0.025100626 0.996761084 -0.076401755 -0.396685213 -0.624946833 0.075296722 0.777027547 4.788059235
0.782759130 0.028808881 0.621657610 4.046357155 0.023753989 0.996816874 -0.076104313 -0.402388483 -0.621871293 0.074338205 0.779583216 4.834600449
0.785786331 0.031298447 0.617705762 4.082768440 0.020547355 0.996846557 -0.076647446 -0.407947183 -0.618156731 0.072920747 0.782665253 4.882086277
0.789548457 0.029533541 0.612977087 4.120553970 0.019211138 0.997162342 -0.072788797 -0.413474441 -0.613387465 0.069246270 0.786740482 4.931076050
0.792683840 0.026796760 0.609043717 4.156564236 0.019875193 0.997366488 -0.069750212 -0.418466240 -0.609308898 0.067394733 0.790063679 4.979490280
0.796505988 0.027093014 0.604023337 4.193559647 0.016595740 0.997639477 -0.066632643 -0.424328327 -0.604402840 0.063097507 0.794176221 5.028195858
0.800245106 0.033832610 0.598717928 4.228931427 0.008546378 0.997662425 -0.067799412 -0.429441065 -0.599612176 0.059373010 0.798085213 5.077097416
0.803777099 0.041748680 0.593463898 4.264269829 0.000177922 0.997517824 -0.070413828 -0.434679091 -0.594930410 0.056702625 0.801774740 5.127361298
0.808016479 0.042225454 0.587644696 4.298753738 0.001811710 0.997245550 -0.074148595 -0.439773381 -0.589157045 0.060977928 0.805714250 5.175156593
0.812705338 0.042414673 0.581129074 4.335296631 0.003193951 0.997007728 -0.077234983 -0.445077121 -0.582666159 0.064625353 0.810138106 5.225667477
0.816381156 0.042343285 0.575959027 4.368042946 0.001615427 0.997137189 -0.075597145 -0.450360090 -0.577511251 0.062646501 0.813975453 5.272722721
0.820553780 0.039552398 0.570199132 4.403236866 0.001036700 0.997498155 -0.070684277 -0.455914408 -0.571568310 0.058591381 0.818459988 5.323599815
0.824935913 0.038904279 0.563885808 4.438218117 -0.000754644 0.997703314 -0.067730732 -0.461863756 -0.565225780 0.055447981 0.823070705 5.375398636
0.829189718 0.042156890 0.557375312 4.470862389 -0.002437646 0.997415066 -0.071812741 -0.466657102 -0.558961987 0.058187697 0.827149153 5.422286510
0.832393706 0.042709544 0.552536368 4.503793240 -0.001816743 0.997230828 -0.074346282 -0.471956164 -0.554181695 0.060881563 0.830166399 5.474727154
0.836085796 0.044930343 0.546755672 4.537083149 -0.004201696 0.997135699 -0.075515777 -0.477408499 -0.548582554 0.060840368 0.833879828 5.527103424
0.839687705 0.045979276 0.541119754 4.568259239 -0.006164120 0.997152209 -0.075163409 -0.482418954 -0.543034732 0.059778254 0.837579787 5.577672005
0.844687045 0.041576177 0.533643365 4.600448608 -0.002546301 0.997279584 -0.073667653 -0.487827927 -0.535254478 0.060867280 0.842495024 5.626439095
0.848950863 0.039343804 0.527005255 4.631885529 -0.000237197 0.997253180 -0.074068248 -0.493039250 -0.528471828 0.062755287 0.846628249 5.676014900
0.852915645 0.036981534 0.520737052 4.662554264 0.001642624 0.997292638 -0.073515862 -0.499824315 -0.522045910 0.063558221 0.850545883 5.725656033
0.856851101 0.041159820 0.513918221 4.693115234 -0.004066572 0.997316718 -0.073095150 -0.505862713 -0.515547752 0.060541786 0.854719281 5.774381161
0.858959496 0.046462204 0.509931207 4.722283363 -0.010685796 0.997284412 -0.072867401 -0.510246515 -0.511932015 0.057141118 0.857123375 5.828785896
0.861557186 0.043386795 0.505802989 4.752496243 -0.008056839 0.997384369 -0.071830101 -0.516083360 -0.507596374 0.057810578 0.859653234 5.880080700
0.864047408 0.041642342 0.501684844 4.782033920 -0.006275284 0.997386336 -0.071980149 -0.520961761 -0.503371060 0.059046056 0.862050593 5.931384087
0.866239429 0.042813435 0.497791409 4.810968399 -0.006881303 0.997249663 -0.073795617 -0.525443017 -0.499581754 0.060499221 0.864151537 5.982806206
0.869486392 0.035074748 0.492709935 4.841229439 0.000004238 0.997475266 -0.071015149 -0.531176805 -0.493956923 0.061748788 0.867291033 6.035280228
0.871985674 0.026773974 0.488798559 4.869767666 0.007721826 0.997626722 -0.068420328 -0.536169291 -0.489470333 0.063435957 0.869709611 6.086420536
0.874762416 0.025378903 0.483886838 4.899992943 0.008115157 0.997720063 -0.066998906 -0.541406095 -0.484483927 0.062534936 0.872562110 6.139094353
0.876657784 0.027224613 0.480343431 4.927846432 0.006606731 0.997622371 -0.068600342 -0.546614885 -0.481069028 0.063312523 0.874393582 6.190936565
0.878560245 0.029785635 0.476701885 4.956322670 0.004716119 0.997464120 -0.071016051 -0.551579773 -0.477608234 0.064640068 0.876191795 6.243488312
0.879424453 0.031635527 0.474986136 4.983778954 0.002732022 0.997437596 -0.071490660 -0.556164622 -0.476030678 0.064168304 0.877084613 6.294880867
0.879940867 0.031721100 0.474022985 5.011548042 0.001629141 0.997561097 -0.069779895 -0.561646044 -0.475080401 0.062174439 0.877743065 6.347469807
0.880239844 0.028634310 0.473664343 5.039399147 0.002595760 0.997872233 -0.065147966 -0.566429734 -0.474521965 0.058575358 0.878292561 6.399769306
0.880811930 0.026973953 0.472697318 5.067220688 0.001577258 0.998203099 -0.059900396 -0.571386456 -0.473463684 0.053506549 0.879186690 6.452235222
0.881038964 0.025508555 0.472355425 5.094696999 0.002179857 0.998315454 -0.057977788 -0.576155484 -0.473038644 0.052110367 0.879499257 6.504119873
0.881948173 0.027963981 0.470516026 5.122641563 0.001816573 0.998029470 -0.062720507 -0.580703259 -0.471342772 0.056170966 0.880159557 6.555543900
0.881841302 0.030210584 0.470577419 5.151032448 0.001297482 0.997786343 -0.066488259 -0.585659146 -0.471544445 0.059242669 0.879850090 6.607653141
0.881553352 0.034170631 0.470846087 5.175432682 -0.003106468 0.997775257 -0.066595234 -0.589176655 -0.472074181 0.057244569 0.879698277 6.657362461
0.881527245 0.036162179 0.470746279 5.201816559 -0.006036257 0.997844219 -0.065349638 -0.594396889 -0.472094655 0.054765929 0.879845142 6.709001541
0.882060766 0.031005990 0.470114052 5.227622986 0.000065282 0.997824013 -0.065933160 -0.599040329 -0.471135378 0.058187749 0.880139530 6.757910252
0.882797360 0.034289908 0.468500942 5.254653454 -0.002225192 0.997626305 -0.068824008 -0.603484869 -0.469748884 0.059715152 0.880778134 6.807872772
0.882226765 0.042028531 0.468945116 5.281098843 -0.009633313 0.997410655 -0.071268335 -0.608654320 -0.470726162 0.058357339 0.880347252 6.860068321
0.881992579 0.049597055 0.468646079 5.305721283 -0.016765283 0.997119308 -0.073973365 -0.613195419 -0.470964879 0.057386976 0.880283356 6.909591198
0.882345319 0.046682864 0.468281299 5.332999229 -0.012072450 0.996985495 -0.076642111 -0.619064093 -0.470447630 0.061971515 0.880249143 6.961045265
0.881803632 0.046301469 0.469338298 5.358284950 -0.011377206 0.996967852 -0.076977752 -0.624539554 -0.471479386 0.062539518 0.879656792 7.011281967
0.883369803 0.048402730 0.466170520 5.385612965 -0.012898709 0.996786833 -0.079054505 -0.629371524 -0.468499094 0.063821360 0.881155849 7.061590672
0.884726405 0.037697595 0.464583784 5.410719872 -0.002554272 0.997101188 -0.076043315 -0.635298848 -0.466103762 0.066090845 0.882258177 7.108624935
0.886341035 0.033008140 0.461854964 5.438795567 0.000647079 0.997366607 -0.072522223 -0.639923573 -0.463032514 0.064578280 0.883985579 7.160588741
0.887288570 0.026930941 0.460427791 5.463706970 0.004352409 0.997760415 -0.066747658 -0.645100713 -0.461194128 0.061228402 0.885184228 7.209284782
0.888854682 0.025555404 0.457475871 5.489546299 0.005333282 0.997798681 -0.066101089 -0.649948239 -0.458158076 0.061194114 0.886761785 7.258822441
0.890816808 0.027129564 0.453552037 5.513228893 0.005881139 0.997443736 -0.071213931 -0.654811323 -0.454324663 0.066105977 0.888380110 7.307989597
0.894217014 0.026890626 0.446825445 5.537626743 0.007112257 0.997214496 -0.074247390 -0.659395933 -0.447577447 0.069571212 0.891534805 7.354819298
0.897578657 0.026197618 0.440075189 5.559835434 0.007263239 0.997218549 -0.074178413 -0.664686263 -0.440794408 0.069777340 0.894891798 7.402750492
0.902002752 0.022724181 0.431131870 5.583728313 0.008440619 0.997494757 -0.070235379 -0.668704689 -0.431647837 0.066991523 0.899551153 7.451889515
0.907406211 0.020125112 0.419772536 5.606863499 0.009693665 0.997584641 -0.068781510 -0.673258841 -0.420142949 0.066481888 0.905019403 7.501266479
0.913100898 0.014982865 0.407458156 5.628371239 0.015127808 0.997391641 -0.070576556 -0.678308070 -0.407452822 0.070607468 0.910492599 7.549125671
0.919131637 0.015707871 0.393637210 5.651370049 0.013915845 0.997286618 -0.072289251 -0.682810426 -0.393704593 0.071921147 0.916419089 7.600661278
0.924186707 0.012686236 0.381730258 5.669295311 0.016156876 0.997254968 -0.072258845 -0.687308729 -0.381599069 0.072948225 0.921444893 7.647474289
0.929244280 0.013216113 0.369229525 5.688138008 0.015366368 0.997112811 -0.074363142 -0.692211509 -0.369146317 0.074775226 0.926358342 7.697112083
0.934193909 0.017462624 0.356338084 5.706914902 0.012047626 0.996687591 -0.080428116 -0.697785079 -0.356562287 0.079428464 0.930889070 7.746650696
0.938598096 0.027389862 0.343923569 5.723752975 0.004022657 0.995907187 -0.090291634 -0.702672124 -0.344989121 0.086131029 0.934646428 7.795751095
0.942999005 0.034276173 0.331025690 5.739299774 -0.001509756 0.995112240 -0.098738387 -0.707628667 -0.332792163 0.092610426 0.938441575 7.844627380
0.947479188 0.034107376 0.317993551 5.756375313 -0.002532733 0.995066047 -0.099182472 -0.713374794 -0.319807380 0.093167938 0.942890763 7.892975807
0.951115012 0.035164893 0.306828290 5.771373749 -0.006115919 0.995446324 -0.095127515 -0.719161987 -0.308776289 0.088600680 0.946998954 7.942739487
0.954104900 0.038996082 0.296922863 5.785897255 -0.011729660 0.995591044 -0.093063973 -0.724889815 -0.299242884 0.085309997 0.950355649 7.992675304
0.956722498 0.043239165 0.287771493 5.799728394 -0.015182157 0.994969130 -0.099024802 -0.731207132 -0.290605545 0.090370275 0.952565849 8.041297913
0.958497345 0.048720695 0.280907571 5.813088417 -0.019177966 0.994076669 -0.106974959 -0.736602068 -0.284455568 0.097148001 0.953754306 8.089066505
0.959218323 0.051966406 0.277848244 5.825784683 -0.022232266 0.993780315 -0.109115690 -0.742560983 -0.281790555 0.098488577 0.954407692 8.137350082
0.959359586 0.051783860 0.277394444 5.840924263 -0.023309924 0.994201064 -0.104980409 -0.748569727 -0.281222075 0.094247907 0.955003381 8.186964035
0.959040165 0.051510755 0.278547376 5.854476929 -0.024115553 0.994604409 -0.100898609 -0.754736245 -0.282241821 0.090048499 0.955107749 8.233229637
0.958054543 0.050028298 0.282185405 5.868683815 -0.023196924 0.994951606 -0.097637303 -0.760742009 -0.285645485 0.086996026 0.954378486 8.281957626
0.957165420 0.049498126 0.285279274 5.882629395 -0.022264134 0.994944274 -0.097930036 -0.766227007 -0.288684309 0.087383777 0.953428268 8.330197334
0.955963552 0.049480107 0.289284140 5.896089554 -0.021922277 0.994970560 -0.097739004 -0.771668315 -0.292665362 0.087093174 0.952240288 8.376571655
0.954989135 0.048313834 0.292679906 5.911623955 -0.020623006 0.995073617 -0.096969664 -0.777167559 -0.295923084 0.086569026 0.951280892 8.423662186
0.953433216 0.050369903 0.297368795 5.925526142 -0.022208946 0.995004117 -0.097332068 -0.782236874 -0.300785780 0.086195357 0.949788570 8.469677925
0.951562226 0.050131395 0.303341448 5.940960407 -0.022020223 0.995195925 -0.095393971 -0.788167238 -0.306666404 0.084093668 0.948094904 8.517215729
0.949737728 0.048423767 0.309278727 5.956477642 -0.020507645 0.995465577 -0.092884883 -0.793749690 -0.312374204 0.081873693 0.946424425 8.564782143
0.948134005 0.048157543 0.314201802 5.970917702 -0.019838866 0.995495200 -0.092713334 -0.799084425 -0.317251235 0.081671253 0.944818199 8.609153748
0.946312547 0.050626859 0.319264144 5.986347675 -0.021328975 0.995286345 -0.094606139 -0.804161668 -0.322548836 0.082717396 0.942931592 8.656655312
0.945097983 0.051910546 0.322637647 6.001923084 -0.021631984 0.995074987 -0.096735604 -0.809708118 -0.326070249 0.084445320 0.941566348 8.701225281
0.944155991 0.053001121 0.325208277 6.016881466 -0.021621678 0.994816780 -0.099358380 -0.814983606 -0.328788787 0.086778261 0.940408170 8.745887756
0.944033146 0.049763374 0.326075166 6.033697128 -0.017791690 0.994797111 -0.100309782 -0.820805252 -0.329370379 0.088894315 0.940006793 8.791524887
0.944324136 0.046379685 0.325731277 6.049038410 -0.014860226 0.995016694 -0.098595627 -0.826159418 -0.328680933 0.088265792 0.940307379 8.836359978
0.945963919 0.041618086 0.321590066 6.064984322 -0.011536152 0.995421171 -0.094887063 -0.831516743 -0.324066609 0.086049840 0.942112684 8.880491257
0.948378086 0.040600993 0.314532489 6.079470634 -0.011361641 0.995484412 -0.094243094 -0.837137222 -0.316938579 0.085804470 0.944556832 8.924474716
0.951814175 0.036960278 0.304439574 6.093078613 -0.008325636 0.995459318 -0.094823375 -0.842353821 -0.306561947 0.087719582 0.947800040 8.967549324
0.956308961 0.033686068 0.290410727 6.105909348 -0.006134608 0.995433271 -0.095263854 -0.847063303 -0.292293549 0.089320123 0.952148259 9.010958672
0.960753798 0.032687299 0.275469929 6.118502617 -0.007340234 0.995681226 -0.092547208 -0.852550149 -0.277305335 0.086893074 0.956844449 9.055311203
0.964968443 0.035364188 0.259971678 6.129497528 -0.013061479 0.996120811 -0.087021366 -0.857457817 -0.262040645 0.080577254 0.961687088 9.098355293
0.969277620 0.032715037 0.243783697 6.140386581 -0.013588680 0.996723890 -0.079729117 -0.862215579 -0.245593444 0.073966965 0.966546774 9.142202377
0.973089278 0.031164171 0.228311330 6.149293900 -0.014881381 0.997243106 -0.072696105 -0.866354227 -0.229947403 0.067342207 0.970870316 9.186355591
0.976967454 0.030515693 0.211195275 6.158133030 -0.016968517 0.997697532 -0.065663159 -0.869944096 -0.212712735 0.060567077 0.975235879 9.229785919
0.980337441 0.029121740 0.195167616 6.165674210 -0.017904766 0.998097777 -0.058993541 -0.873794377 -0.196514338 0.054339163 0.978994071 9.273060799
0.983704925 0.029744340 0.177313045 6.172859192 -0.020099478 0.998231530 -0.055945009 -0.877775013 -0.178663522 0.051469486 0.982563078 9.316397667
0.986863196 0.027070973 0.159273833 6.179634094 -0.018543243 0.998325884 -0.054786202 -0.880467534 -0.160490304 0.051113028 0.985713065 9.358213425
0.989516556 0.026858630 0.141899616 6.185069561 -0.019386942 0.998364687 -0.053777497 -0.883038521 -0.143111989 0.050462719 0.988419175 9.400433540
0.991544545 0.031632517 0.125851691 6.189278126 -0.025267458 0.998334944 -0.051854949 -0.886105359 -0.127282426 0.048236538 0.990692914 9.443313599
0.993192077 0.033958618 0.111428544 6.192789555 -0.028815677 0.998458087 -0.047445312 -0.889221787 -0.112867892 0.043911420 0.992639244 9.485551834
0.994580925 0.029898332 0.099573322 6.197026730 -0.025621362 0.998704791 -0.043958452 -0.891997814 -0.100758635 0.041169032 0.994058728 9.527160645
0.995730877 0.026772978 0.088335432 6.200702667 -0.023034746 0.998806596 -0.043070089 -0.894564331 -0.089383118 0.040851433 0.995159209 9.568881035
0.996364772 0.033074137 0.078506656 6.202733040 -0.029558152 0.998525381 -0.045533303 -0.897703528 -0.079896867 0.043047264 0.995873213 9.609747887
0.996950269 0.037297077 0.068550058 6.204905033 -0.033786081 0.998091936 -0.051682781 -0.900408149 -0.070346892 0.049209129 0.996308088 9.650272369
0.997544348 0.037218474 0.059330102 6.206459999 -0.033578545 0.997559905 -0.061209630 -0.903423190 -0.061463457 0.059067089 0.996360064 9.690761566
0.998204589 0.032233730 0.050485518 6.208797932 -0.028751964 0.997254908 -0.068235464 -0.906167448 -0.052546408 0.066661388 0.996391118 9.730537415
0.998576045 0.030585280 0.043707822 6.210623264 -0.027630441 0.997391820 -0.066679329 -0.908965349 -0.045633234 0.065376692 0.996816695 9.772001266
0.998681724 0.033763986 0.038663175 6.210599422 -0.031490572 0.997821450 -0.057971980 -0.911863804 -0.040536311 0.056678031 0.997569263 9.815855026
0.998702466 0.037549954 0.034398325 6.211696148 -0.035961557 0.998308301 -0.045686401 -0.914822757 -0.036055654 0.044390112 0.998363376 9.858378410
0.998736680 0.037914321 0.032978073 6.212134361 -0.036681022 0.998633206 -0.037231401 -0.918040633 -0.034344595 0.035974689 0.998762369 9.900683403
0.998903751 0.034542710 0.031592611 6.213687420 -0.033346273 0.998734713 -0.037644293 -0.920499146 -0.032852970 0.036549531 0.998791635 9.942236900
0.999028385 0.031250380 0.031073734 6.214317799 -0.029982960 0.998731554 -0.040449452 -0.922895789 -0.032298386 0.039478473 0.998698294 9.983966827
0.999150276 0.028223759 0.030035203 6.214834213 -0.026984381 0.998798847 -0.040898971 -0.924894571 -0.031153450 0.040053736 0.998711824 10.025097847
0.999172211 0.029888924 0.027594367 6.216466427 -0.028827464 0.998858213 -0.038094480 -0.926742554 -0.028701466 0.037267473 0.998893023 10.068122864
0.999226689 0.030811958 0.024428144 6.217430115 -0.029953137 0.998946130 -0.034776188 -0.928475618 -0.025473926 0.034017596 0.999096513 10.110487938
0.999291778 0.030344822 0.022248043 6.217446804 -0.029692991 0.999136388 -0.029065505 -0.931155205 -0.023110816 0.028384313 0.999329805 10.153324127
0.999388576 0.029944118 0.018049799 6.217821598 -0.029450104 0.999200463 -0.027040735 -0.932713687 -0.018845078 0.026492627 0.999471366 10.195488930
0.999557912 0.027445214 0.011431340 6.217960835 -0.027155980 0.999325216 -0.024731759 -0.934298396 -0.012102395 0.024410397 0.999628663 10.238451958
0.999650478 0.026116943 0.004107122 6.217199326 -0.026022851 0.999430120 -0.021499943 -0.936149836 -0.004666294 0.021385549 0.999760389 10.282123566
0.999705076 0.023437532 -0.006349122 6.216929913 -0.023561407 0.999518335 -0.020194676 -0.937935531 0.005872751 0.020338310 0.999775887 10.325481415
0.999531388 0.024646077 -0.018157240 6.215953827 -0.025018282 0.999475479 -0.020565271 -0.940404654 0.017640863 0.021009894 0.999623656 10.367433548
0.999211133 0.026356671 -0.029706810 6.212760925 -0.027078992 0.999340773 -0.024180761 -0.941888452 0.029049899 0.024966121 0.999266088 10.412401199
0.998714030 0.028108522 -0.042194124 6.210290909 -0.029275231 0.999198616 -0.027292425 -0.943057775 0.041393168 0.028492568 0.998736560 10.457300186
0.998193026 0.026392099 -0.053981319 6.206695557 -0.027901590 0.999234974 -0.027403332 -0.944801211 0.053216789 0.028859982 0.998165905 10.499497414
0.997439563 0.026162704 -0.066555984 6.204358101 -0.027790487 0.999333978 -0.023650087 -0.947047830 0.065892905 0.025439152 0.997502327 10.545387268
0.996561170 0.028194604 -0.077915236 6.199487686 -0.029976929 0.999312818 -0.021800794 -0.948335290 0.077247031 0.024061482 0.996721625 10.589302063
0.995516002 0.029735131 -0.089798450 6.194731236 -0.031577539 0.999317646 -0.019166322 -0.950522184 0.089167267 0.021915995 0.995775521 10.632848740
0.994390428 0.033816550 -0.100220203 6.189484596 -0.035653003 0.999226511 -0.016589668 -0.951500714 0.099581666 0.020069757 0.994826972 10.681023598
0.993448019 0.037818115 -0.107846387 6.183976173 -0.039770722 0.999080479 -0.016011698 -0.952901185 0.107141674 0.020195918 0.994038641 10.725405693
0.992975771 0.037937261 -0.112070970 6.177392006 -0.039599594 0.999135613 -0.012643459 -0.954070330 0.111494437 0.016992617 0.993619740 10.772982597
0.992841005 0.035518251 -0.114040174 6.171837807 -0.036902148 0.999268353 -0.010046439 -0.955300093 0.113599904 0.014182841 0.993425369 10.819443703
0.992967129 0.031286333 -0.114181690 6.166201115 -0.032922193 0.999380112 -0.012468853 -0.956453979 0.113720804 0.016140273 0.993381619 10.866715431
0.993197858 0.029995196 -0.112509459 6.160223961 -0.031717148 0.999405026 -0.013546007 -0.957932293 0.112036206 0.017022345 0.993558228 10.914381027
0.993350148 0.026121749 -0.112129845 6.155092239 -0.028144050 0.999467850 -0.016490221 -0.959182262 0.111639425 0.019536350 0.993556857 10.961699486
0.993502557 0.023390189 -0.111379243 6.149285316 -0.025318721 0.999552488 -0.015932014 -0.960041702 0.110956758 0.018648477 0.993650258 11.010509491
0.993678153 0.020782558 -0.110327028 6.144049644 -0.022099776 0.999698162 -0.010729720 -0.961752772 0.110070743 0.013100090 0.993837357 11.059705734
0.993752301 0.020829299 -0.109647632 6.139271736 -0.021721903 0.999739945 -0.006952360 -0.963494837 0.109474279 0.009290679 0.993946195 11.108184814
0.993979573 0.020169010 -0.107692547 6.133537769 -0.020873783 0.999767423 -0.005420938 -0.964436591 0.107558161 0.007636251 0.994169474 11.159622192
0.994004369 0.021340737 -0.107237950 6.129346848 -0.021986539 0.999746561 -0.004843316 -0.965810478 0.107107416 0.007172068 0.994221568 11.207576752
0.994292736 0.021792542 -0.104436882 6.122565269 -0.022303393 0.999744236 -0.003725972 -0.966682732 0.104328983 0.006034003 0.994524539 11.259881020
0.994523942 0.022317063 -0.102098748 6.117040157 -0.022898475 0.999727488 -0.004525920 -0.968148887 0.101969928 0.006839041 0.994763911 11.308598518
0.994599104 0.020503853 -0.101745948 6.112339020 -0.021537488 0.999726832 -0.009070742 -0.968929946 0.101532184 0.011213104 0.994768977 11.360441208
0.994719744 0.021983707 -0.100246549 6.106678963 -0.023709998 0.999589860 -0.016061492 -0.969984889 0.099852353 0.018353529 0.994832933 11.408793449
0.994806588 0.021947516 -0.099388458 6.101918221 -0.023847310 0.999554098 -0.017967183 -0.970924437 0.098949805 0.020244023 0.994886458 11.457646370
0.994871914 0.023380643 -0.098403506 6.096771717 -0.024868635 0.999593794 -0.013921871 -0.973367155 0.098038033 0.016297638 0.995049238 11.511196136
0.995037079 0.026797624 -0.095828593 6.090517521 -0.027840890 0.999566615 -0.009566113 -0.975738347 0.095530711 0.012186591 0.995351911 11.561979294
0.995133579 0.029626608 -0.093975537 6.085549831 -0.030630076 0.999487936 -0.009253347 -0.976679027 0.093653269 0.012086795 0.995531499 11.613741875
0.995589375 0.032328654 -0.088071972 6.080542564 -0.033180650 0.999415517 -0.008226743 -0.978038669 0.087754533 0.011112743 0.996080041 11.662526131
0.996151328 0.032776982 -0.081290349 6.076227665 -0.033480506 0.999412656 -0.007306330 -0.979354978 0.081003137 0.009999854 0.996663690 11.715120316
0.996901512 0.034071628 -0.070897922 6.071839333 -0.034598239 0.999382019 -0.006212718 -0.982248664 0.070642434 0.008646412 0.997464180 11.765373230
0.997702360 0.029183690 -0.061141700 6.069227219 -0.029860297 0.999502361 -0.010181767 -0.982513487 0.060814131 0.011984087 0.998077154 11.816439629
0.998331726 0.029953105 -0.049362324 6.067064762 -0.030643448 0.999442101 -0.013288195 -0.984149218 0.048936762 0.014778660 0.998692513 11.865017891
0.998737872 0.033339079 -0.037564505 6.064634323 -0.033843990 0.999344051 -0.012886307 -0.985267043 0.037110243 0.014141376 0.999211133 11.915830612
0.999305665 0.026767451 -0.025913872 6.063906193 -0.026947845 0.999614716 -0.006636992 -0.986538470 0.025726227 0.007330705 0.999642193 11.965716362
0.999580085 0.023429355 -0.017049056 6.063344955 -0.023427511 0.999725401 0.000307726 -0.987752914 0.017051587 0.000091820 0.999854565 12.016756058
0.999692440 0.023380104 -0.008268696 6.062561035 -0.023332838 0.999711096 0.005766716 -0.988629639 0.008401133 -0.005572010 0.999949157 12.066917419
0.999571979 0.028913755 -0.004438880 6.061517715 -0.028876815 0.999549568 0.008172331 -0.989293754 0.004673173 -0.008040654 0.999956727 12.117227554
0.999604046 0.028032834 -0.002433176 6.061877728 -0.028008560 0.999562562 0.009496339 -0.989803314 0.002698321 -0.009424429 0.999951899 12.167450905
0.999638796 0.026873833 -0.000225422 6.061303616 -0.026870038 0.999584734 0.010405358 -0.990347385 0.000504961 -0.010395543 0.999945760 12.218001366
0.999609053 0.027949708 0.000704722 6.061207294 -0.027954871 0.999569714 0.008886117 -0.990969419 -0.000456054 -0.008902343 0.999960244 12.267532349
0.999527514 0.030698681 0.001602499 6.060231686 -0.030709391 0.999502778 0.007149418 -0.990830421 -0.001382224 -0.007195251 0.999973118 12.318943024
0.999454081 0.033006322 0.001506013 6.059345245 -0.033017825 0.999419510 0.008388976 -0.991192579 -0.001228250 -0.008434121 0.999963641 12.369720459
0.999469578 0.032561846 -0.000358592 6.059239388 -0.032556769 0.999421954 0.009791096 -0.991949737 0.000677201 -0.009774229 0.999952018 12.422111511
0.999542952 0.030193364 -0.001483632 6.058658123 -0.030172808 0.999468625 0.012334067 -0.993223250 0.001855251 -0.012283665 0.999922812 12.472648621
