0.999924779 0.000100642 0.012267019 0.000768889 -0.000149592 0.999992013 0.003989492 -0.000977870 -0.012266519 -0.003991027 0.999916792 0.055509858
0.999677658 -0.000047608 0.025389178 0.002262617 -0.000114843 0.999979556 0.006396941 -0.001812063 -0.025388965 -0.006397795 0.999657094 0.111224636
0.999208510 -0.000717132 0.039772913 0.004245768 0.000450010 0.999977291 0.006724725 -0.002524858 -0.039776832 -0.006701504 0.999186099 0.167005241
0.998509169 -0.000307978 0.054583225 0.006895637 0.000002866 0.999984324 0.005589842 -0.002867344 -0.054584093 -0.005581351 0.998493552 0.223184749
0.997483313 -0.000846071 0.070896156 0.011188025 0.000547809 0.999990880 0.004226360 -0.003407705 -0.070899077 -0.004176885 0.997474730 0.279222369
0.995793223 0.000429258 0.091627806 0.016123526 -0.000696401 0.999995589 0.002883575 -0.004379330 -0.091626160 -0.002935254 0.995789170 0.335292727
0.993098438 0.003910846 0.117218576 0.022581838 -0.004150316 0.999989748 0.001798917 -0.005252060 -0.117210343 -0.002272996 0.993104517 0.391730219
0.989075422 0.006170898 0.147281408 0.031182509 -0.006441867 0.999978304 0.001362876 -0.006355925 -0.147269815 -0.002296754 0.989093661 0.448656857
0.983546555 0.006975451 0.180519998 0.040983289 -0.007282055 0.999972939 0.001035779 -0.007300155 -0.180507883 -0.002333293 0.983570755 0.504153013
0.976702631 0.006735404 0.214491591 0.053119853 -0.006917159 0.999976039 0.000096810 -0.008425119 -0.214485765 -0.001578227 0.976725936 0.560381413
0.969055235 0.005939059 0.246772438 0.068309963 -0.005835827 0.999982238 -0.001149705 -0.009751255 -0.246774897 -0.000325994 0.969072759 0.616962314
0.960376978 0.006417439 0.278630495 0.084379166 -0.005711087 0.999978065 -0.003346737 -0.011070282 -0.278645903 0.001622845 0.960392535 0.672503233
0.950796425 0.008328776 0.309704334 0.102324665 -0.006537089 0.999955297 -0.006822521 -0.012013954 -0.309747368 0.004462264 0.950808346 0.728056371
0.940412998 0.005952122 0.339982182 0.122275636 -0.002373286 0.999937236 -0.010941396 -0.013661880 -0.340026021 0.009482556 0.940368176 0.782281637
0.929095149 0.001054682 0.369839251 0.144548401 0.005156502 0.999861717 -0.015805291 -0.015720621 -0.369804829 0.016591696 0.928961217 0.836040258
0.917379200 -0.002628330 0.398005635 0.168740585 0.011726382 0.999722540 -0.020426692 -0.017870704 -0.397841513 0.023406191 0.917155564 0.889666319
0.905403435 -0.008064412 0.424475610 0.193774194 0.020347288 0.999494910 -0.024411695 -0.020201273 -0.424064338 0.030739365 0.905110240 0.940213680
0.892962635 -0.015294475 0.449870884 0.221657604 0.031113146 0.999129474 -0.027789559 -0.022440072 -0.449054271 0.038811937 0.892661154 0.993306398
0.880574465 -0.016728662 0.473612458 0.250145435 0.038118958 0.998638868 -0.035600185 -0.026112441 -0.472372204 0.049402226 0.880013585 1.043362617
0.867732763 -0.013152373 0.496856928 0.278664410 0.043412820 0.997834921 -0.049404219 -0.029855441 -0.495131433 0.064439610 0.866425037 1.092540383
0.854359150 -0.004431133 0.519663930 0.309651852 0.045154925 0.996814668 -0.065737680 -0.034081984 -0.517717481 0.079628989 0.851837993 1.142794609
0.840386510 0.003394949 0.541976929 0.342220068 0.048054680 0.995575309 -0.080749616 -0.038716324 -0.539853036 0.093905419 0.836504877 1.191802859
0.825725913 0.007969202 0.564015269 0.374449730 0.051563717 0.994647205 -0.089543767 -0.043979377 -0.561709821 0.103021324 0.820895016 1.239073992
0.810843885 0.008531555 0.585200429 0.407959670 0.055649020 0.994239628 -0.091601215 -0.050272919 -0.582610965 0.106840104 0.805698216 1.285651088
0.796145976 0.005995389 0.605075002 0.444674343 0.059788100 0.994278491 -0.088519841 -0.056827646 -0.602143705 0.106651001 0.791232228 1.332764149
0.782347620 0.000831575 0.622841477 0.481711954 0.063791797 0.994633257 -0.081456482 -0.062588438 -0.619566619 0.103459455 0.778095961 1.377984047
0.769758403 -0.007225151 0.638294458 0.519589186 0.071729727 0.994581819 -0.075245135 -0.067703202 -0.634292305 0.103705280 0.766105890 1.422237277
0.759596109 -0.010387716 0.650312126 0.557577848 0.076066054 0.994429588 -0.072964415 -0.074503206 -0.645931661 0.104890168 0.756155014 1.465812445
0.751352489 -0.011044405 0.659808636 0.598657668 0.080600120 0.993909955 -0.075145982 -0.079880983 -0.654960334 0.109641775 0.747666836 1.510181189
0.744033933 -0.009377386 0.668076038 0.638372242 0.081560716 0.993698418 -0.076885916 -0.085325569 -0.663145065 0.111694477 0.740110159 1.552782059
0.735922813 -0.002995407 0.677058816 0.672513783 0.076602682 0.993937790 -0.078865267 -0.090774126 -0.672718108 0.109903283 0.731690943 1.591470718
0.726983428 -0.003324101 0.686646879 0.711155891 0.076718554 0.994120300 -0.076412737 -0.096974082 -0.682355702 0.108229332 0.722964168 1.633226752
0.719733357 -0.004401415 0.694236636 0.750400782 0.079385579 0.993942678 -0.075999580 -0.102162316 -0.689696848 0.109811813 0.715723097 1.673751950
0.713830471 -0.004568494 0.700303614 0.791203916 0.082496427 0.993564963 -0.077608280 -0.107102633 -0.695442498 0.113171712 0.709613860 1.714873910
0.710889399 -0.003497314 0.703295112 0.831735313 0.083922796 0.993264616 -0.079889745 -0.112225875 -0.698278666 0.115815267 0.706394851 1.756290793
0.711214125 -0.001395951 0.702974081 0.873114228 0.083625391 0.993065357 -0.082633615 -0.117366157 -0.697983742 0.117556676 0.706398726 1.797264814
0.713537157 -0.002987862 0.700610995 0.914690971 0.084969707 0.992978573 -0.082302682 -0.123173475 -0.695445716 0.118256740 0.708781004 1.842003822
0.718452573 -0.002564307 0.695571244 0.956460953 0.083135895 0.993141472 -0.082209349 -0.129113913 -0.690589964 0.116890453 0.713738203 1.885063171
0.723936379 -0.002396449 0.689862669 0.996901751 0.081309728 0.993320286 -0.081875183 -0.135198265 -0.685058355 0.115364946 0.719295502 1.929294348
0.729670405 -0.001181046 0.683797956 1.040464640 0.079192661 0.993415475 -0.082789451 -0.141153663 -0.679197848 0.114560783 0.724959433 1.976429105
0.735534549 0.001676514 0.677485168 1.089862823 0.075107314 0.993631005 -0.084001638 -0.147275209 -0.673311114 0.112670198 0.730724037 2.027518749
0.739336193 0.002947076 0.673330069 1.136222959 0.072025172 0.993906796 -0.083435945 -0.154597491 -0.669473290 0.110183932 0.734619081 2.077876329
0.740156412 0.006039334 0.672407806 1.180570960 0.067235932 0.994283676 -0.082940616 -0.160977319 -0.669064999 0.106598988 0.735519409 2.129018545
0.739908099 0.008302485 0.672656834 1.224642277 0.063397162 0.994612932 -0.082011834 -0.166701689 -0.669714093 0.103325740 0.735395730 2.178830862
0.739337385 0.007916978 0.673288524 1.272003651 0.063045219 0.994724214 -0.080926523 -0.173862174 -0.670377135 0.102279633 0.734937608 2.231188297
0.738744497 0.008070461 0.673937261 1.315735340 0.062345948 0.994822681 -0.080254361 -0.179915652 -0.671095729 0.101304725 0.734416664 2.279025555
0.738513052 0.007593653 0.674196362 1.364901066 0.062440477 0.994869232 -0.079602629 -0.186563194 -0.671341598 0.100884743 0.734249711 2.334098339
0.738045931 0.005775399 0.674725771 1.411024451 0.063727655 0.994896889 -0.078224175 -0.192923471 -0.671734333 0.100731723 0.733911514 2.388355017
0.737994373 0.007112026 0.674769402 1.460334659 0.062162250 0.994976163 -0.078473747 -0.200325340 -0.671937704 0.099858373 0.733844578 2.440596104
0.738007665 0.007692209 0.674748480 1.510579824 0.060740657 0.995118558 -0.077779695 -0.206531048 -0.672053039 0.098386697 0.733937860 2.496896267
0.737806261 0.008571398 0.674958229 1.556985497 0.059291329 0.995231628 -0.077450790 -0.213131726 -0.672403634 0.097162835 0.733779848 2.549772263
0.738930285 0.007830353 0.673736334 1.608697057 0.059686612 0.995240569 -0.077029109 -0.220440805 -0.671133041 0.097132191 0.734946072 2.603615522
0.739286065 0.008527637 0.673337460 1.654846668 0.057816703 0.995423615 -0.076086208 -0.226301163 -0.670904756 0.095179640 0.735409856 2.656137466
0.741189599 0.005185406 0.671275735 1.705284595 0.059144754 0.995577037 -0.072995290 -0.234338641 -0.668685198 0.093805775 0.737604618 2.712375641
0.742893755 0.003024014 0.669402540 1.751002431 0.059820935 0.995689034 -0.070886470 -0.241128504 -0.666731119 0.092705406 0.739510179 2.764829159
0.744743943 0.003140505 0.667342842 1.801660776 0.059481587 0.995696485 -0.071066201 -0.247267976 -0.664694190 0.092620760 0.741352081 2.820606232
0.746789098 0.002853033 0.665054739 1.850520015 0.059614200 0.995678127 -0.071212091 -0.254300147 -0.662383676 0.092827119 0.743391514 2.873925686
0.747058690 0.002961404 0.664751470 1.896330476 0.059783671 0.995638609 -0.071621358 -0.260598898 -0.662064373 0.093246639 0.743623435 2.927011251
0.746343791 0.005021881 0.665541708 1.944301367 0.059090994 0.995522618 -0.073776886 -0.267245620 -0.662932277 0.094390444 0.742705345 2.982698202
0.744214118 0.010098013 0.667864799 1.993574977 0.055913188 0.995434582 -0.077355914 -0.273963451 -0.665596724 0.094911806 0.740251780 3.038330078
0.740758598 0.010417641 0.671690524 2.040658712 0.056519922 0.995368004 -0.077769451 -0.280940950 -0.669389427 0.095572285 0.736738622 3.090456247
0.736516237 0.007710296 0.676375926 2.089041233 0.058417864 0.995473921 -0.074959926 -0.287923694 -0.673892736 0.094721645 0.732732296 3.143278360
0.732309937 0.004690355 0.680955231 2.138162136 0.059879459 0.995659292 -0.071253292 -0.295017630 -0.678333700 0.092954740 0.728850424 3.195692778
0.727698803 0.006444591 0.685866654 2.186198711 0.057251636 0.995895624 -0.070101202 -0.301315516 -0.683503389 0.090279542 0.724343002 3.247970104
0.724222124 0.006801026 0.689533174 2.235587358 0.059526250 0.995602012 -0.072340742 -0.307763755 -0.686992526 0.093436077 0.720632255 3.298872948
0.719712973 0.008338881 0.694221616 2.283582926 0.059618134 0.995492041 -0.073764972 -0.314351946 -0.691707134 0.094477803 0.715971351 3.349251986
0.716350913 0.010444523 0.697661936 2.332307339 0.058849264 0.995420754 -0.075327903 -0.320770353 -0.695253909 0.095018126 0.712455988 3.399084568
0.713198900 0.012186509 0.700855672 2.380485535 0.058180194 0.995369732 -0.076512352 -0.326723009 -0.698543012 0.095344454 0.709187627 3.449204445
0.710334837 0.010674139 0.703782916 2.428943396 0.058901820 0.995476305 -0.074548379 -0.333921462 -0.701394916 0.094408415 0.706492841 3.498363256
0.708048165 0.004046896 0.706152499 2.477900743 0.059498668 0.996085942 -0.065366887 -0.340325028 -0.703653038 0.088298038 0.705036044 3.547594070
0.706549168 -0.002053175 0.707660973 2.527442455 0.058691643 0.996720612 -0.055707596 -0.345610470 -0.705225885 0.080893934 0.704352617 3.597123623
0.705001891 -0.004792199 0.709189177 2.576995850 0.060335051 0.996757150 -0.053243425 -0.351286024 -0.706634223 0.080325678 0.703004718 3.646788120
0.704033673 -0.001254038 0.710165501 2.624367714 0.060839057 0.996428609 -0.058554221 -0.356508851 -0.707555771 0.084429942 0.701595604 3.694570065
0.702925742 0.001549895 0.711261511 2.672300816 0.063206419 0.995905221 -0.064635828 -0.362063408 -0.708449244 0.090390489 0.699949503 3.742622375
0.702527106 -0.001848345 0.711654544 2.721148014 0.068932988 0.995471120 -0.065463379 -0.367846966 -0.708310604 0.095046289 0.699472904 3.789707184
0.702637851 -0.004255184 0.711534977 2.770346403 0.072358340 0.995225489 -0.065501839 -0.372941554 -0.707859039 0.097509570 0.699590981 3.837383509
0.702753365 -0.006109321 0.711407423 2.817735672 0.071053699 0.995566130 -0.061639767 -0.379017502 -0.707876444 0.093865678 0.700071454 3.885085344
0.703063548 -0.009107369 0.711068749 2.866231918 0.069968581 0.995952129 -0.056424737 -0.384501189 -0.707676470 0.089422636 0.700854897 3.933556318
0.704556644 -0.010764008 0.709566116 2.914554119 0.066345081 0.996504784 -0.050759878 -0.389335811 -0.706539631 0.082839429 0.702808201 3.980477333
0.705334842 -0.005441626 0.708853424 2.962489367 0.057704002 0.997092783 -0.049763232 -0.394077390 -0.706521749 0.076003425 0.703598201 4.029105186
0.706315935 -0.001356550 0.707895398 3.008037090 0.050658464 0.997531176 -0.048633847 -0.398701727 -0.706081808 0.070211753 0.704640865 4.077444553
0.708069682 -0.004923510 0.706125438 3.055868149 0.054396253 0.997384548 -0.047591694 -0.403177708 -0.704044282 0.072108798 0.706485689 4.125291348
0.710314274 -0.005466600 0.703863502 3.102306604 0.056982186 0.997134387 -0.049760126 -0.407173485 -0.701574266 0.075452998 0.708590209 4.172357082
0.714740336 -0.006488812 0.699359834 3.148540974 0.059932441 0.996846974 -0.052001540 -0.411917150 -0.696817219 0.079081938 0.712875664 4.220308781
0.721033335 -0.010318819 0.692823529 3.194804430 0.064371973 0.996562362 -0.052150361 -0.416572601 -0.689903736 0.082200564 0.719218969 4.267474651
0.727050841 -0.017335650 0.686364770 3.240435362 0.072326295 0.996052742 -0.051456124 -0.422195017 -0.682763517 0.087053433 0.725434840 4.315688610
0.735248268 -0.014362498 0.677645743 3.284803152 0.068554685 0.996224225 -0.053267419 -0.425824583 -0.674322069 0.085620560 0.733456790 4.364095211
0.743457317 -0.014162456 0.668633461 3.329106331 0.066294067 0.996412277 -0.052607562 -0.430523217 -0.665489435 0.083437905 0.741728961 4.414624691
0.752330482 -0.017044064 0.658565402 3.372037649 0.065988094 0.996587336 -0.049591061 -0.434954524 -0.655472696 0.080766335 0.750887692 4.464116573
0.760459900 -0.017015832 0.649161875 3.414079428 0.064539358 0.996687770 -0.049479380 -0.439718246 -0.646169782 0.079523571 0.759039223 4.514339924
0.768808126 -0.017386453 0.639243126 3.455915689 0.063633241 0.996748865 -0.049420662 -0.444010079 -0.636305630 0.078672111 0.767415047 4.565689087
0.776817024 -0.017770818 0.629475594 3.495434046 0.063945249 0.996660769 -0.050776027 -0.448476195 -0.626471281 0.079695635 0.775359392 4.616265774
0.785880625 -0.015168263 0.618192255 3.536868095 0.063225716 0.996430933 -0.055927143 -0.453581959 -0.615137696 0.083037689 0.784034669 4.667449474
0.793565452 -0.012202533 0.608362436 3.575949430 0.065899968 0.995641708 -0.065991230 -0.458250344 -0.604905725 0.092459425 0.790910959 4.718908310
0.801953912 -0.008882929 0.597319841 3.614495277 0.064395659 0.995348573 -0.071654662 -0.463441253 -0.593904972 0.095928527 0.798795700 4.770800114
0.809254706 -0.009182928 0.587386012 3.651690960 0.061965104 0.995634198 -0.069805413 -0.468888879 -0.584180713 0.092887811 0.806290746 4.823659420
0.816925645 -0.011781140 0.576622665 3.688683510 0.060884614 0.995966315 -0.065908924 -0.475103319 -0.573520362 0.088950127 0.814347744 4.875940800
0.822356582 -0.005512477 0.568945706 3.723335266 0.054548133 0.996110797 -0.069192849 -0.480104983 -0.566351593 0.087936126 0.819458961 4.928754330
0.827102125 0.001305924 0.562050164 3.758895636 0.049992099 0.995862842 -0.075881310 -0.486130446 -0.559823990 0.090859644 0.823615015 4.981840611
0.830281913 0.009219520 0.557267427 3.793143034 0.044876266 0.995510876 -0.083331794 -0.492377400 -0.555534065 0.094196938 0.826141000 5.034955502
0.832285523 0.014696585 0.554152548 3.827832699 0.040792286 0.995314658 -0.087662786 -0.497904569 -0.552844524 0.095565602 0.827786326 5.087977886
0.834387779 0.016802361 0.550921798 3.862499237 0.037614707 0.995469153 -0.087329082 -0.505128562 -0.549892962 0.093589067 0.829975188 5.142202377
0.837200224 0.016469983 0.546648324 3.895409822 0.037932165 0.995390594 -0.088083841 -0.511444807 -0.545579433 0.094479375 0.832716584 5.193443298
0.840693951 0.016524116 0.541258454 3.929443598 0.035502292 0.995701909 -0.085540764 -0.517527878 -0.540345550 0.091129534 0.836494029 5.247301102
0.843715549 0.014058239 0.536606431 3.962876558 0.035006627 0.996087968 -0.081137449 -0.524303734 -0.535647869 0.087241709 0.839922786 5.300577641
0.847053945 0.014651511 0.531304896 3.996469021 0.032184690 0.996371686 -0.078788139 -0.530832112 -0.530531526 0.083837688 0.843509078 5.355293274
0.849923790 0.022721646 0.526415467 4.028671741 0.023236286 0.996481538 -0.080527209 -0.536775768 -0.526393056 0.080673918 0.846405327 5.409471989
0.853476286 0.029295506 0.520307541 4.060661793 0.016435444 0.996408880 -0.083061583 -0.542993963 -0.520872414 0.079442568 0.849929810 5.464110851
0.857183814 0.029357541 0.514173150 4.093080997 0.017783189 0.996091366 -0.086519994 -0.549872994 -0.514703453 0.083307177 0.853311360 5.518611908
0.860478938 0.030099921 0.508596241 4.124472141 0.018409742 0.995764434 -0.090078615 -0.556070030 -0.509153366 0.086873867 0.856280267 5.576003075
0.864111781 0.029283106 0.502447307 4.155767441 0.017319676 0.995984614 -0.087833419 -0.562998056 -0.503001869 0.084600113 0.860134900 5.628600121
0.868092537 0.026448702 0.495697141 4.187421799 0.017335894 0.996355116 -0.083521679 -0.568950653 -0.496099412 0.081097916 0.864470065 5.682661533
0.871831000 0.026357787 0.489097089 4.218173504 0.015416720 0.996579587 -0.081187129 -0.575519383 -0.489564151 0.078321740 0.868442595 5.737928867
0.874602914 0.029747205 0.483926743 4.247489929 0.013368393 0.996257007 -0.085401133 -0.581893206 -0.484655768 0.081161395 0.870931447 5.794391632
0.878149629 0.030547967 0.477409661 4.277421951 0.013139103 0.996042490 -0.087901801 -0.588385284 -0.478205651 0.083463669 0.874273002 5.848719120
0.881420612 0.033456460 0.471145719 4.305226326 0.009780834 0.995981514 -0.089023493 -0.595004261 -0.472230852 0.083075352 0.877551436 5.901693344
0.884817660 0.031649292 0.464861244 4.334746838 0.011085961 0.995977879 -0.088910505 -0.600886583 -0.465805531 0.083823018 0.880908012 5.958658218
0.888479650 0.022299079 0.458374023 4.348749638 0.019228972 0.996132612 -0.085732162 -0.607904732 -0.458513081 0.084985338 0.884614766 5.994628906
0.892368495 0.026424574 0.450533479 4.390436172 0.014697006 0.996053338 -0.087530524 -0.615094423 -0.451068491 0.084730946 0.888458073 6.066846848
0.895395756 0.024514060 0.444595814 4.417614937 0.016561894 0.995958865 -0.088269949 -0.620766997 -0.444963008 0.086399876 0.891371369 6.123288155
0.898604214 0.030402778 0.437705547 4.444622993 0.009174614 0.996076286 -0.088022247 -0.628068924 -0.438664287 0.083112940 0.894799352 6.178151131
0.901229024 0.032378539 0.432131797 4.470811844 0.005905596 0.996194422 -0.086958684 -0.634720981 -0.433302969 0.080921687 0.897608101 6.232706070
0.903651237 0.030060334 0.427212864 4.497281075 0.007934768 0.996187270 -0.086879365 -0.640768349 -0.428195655 0.081898481 0.899967313 6.287013054
0.905151665 0.029211646 0.424083829 4.522420883 0.008433966 0.996205509 -0.086621605 -0.647180080 -0.425005078 0.081982397 0.901470721 6.345536232
0.907592952 0.028397219 0.418889552 4.549456596 0.009852365 0.995994687 -0.088866897 -0.652610362 -0.419735402 0.084782027 0.903678179 6.400959492
0.909944475 0.022061067 0.414142907 4.573177814 0.015037864 0.996172428 -0.086106129 -0.659120262 -0.414457440 0.084579624 0.906129837 6.454416275
0.912123621 0.014806103 0.409647733 4.599398136 0.021197459 0.996306837 -0.083208390 -0.665794373 -0.409366786 0.084579818 0.908441007 6.513241768
0.914076269 0.012856025 0.405338317 4.623658657 0.022440854 0.996362567 -0.082207657 -0.671796501 -0.404920757 0.084240220 0.910462916 6.567031860
0.915803015 0.014300780 0.401373029 4.648266792 0.021120489 0.996268272 -0.083686776 -0.678822637 -0.401071995 0.085117795 0.912083447 6.626070976
0.917184114 0.017102234 0.398096710 4.671503544 0.019076146 0.996048331 -0.086740203 -0.683819175 -0.398007035 0.087150872 0.913233340 6.680852890
0.917922974 0.019287201 0.396289378 4.695261955 0.016285552 0.996144414 -0.086204000 -0.690426469 -0.396424055 0.085582428 0.914069772 6.737007618
0.918386638 0.019606680 0.395197958 4.718780518 0.015340720 0.996256351 -0.085076325 -0.696678519 -0.395386547 0.084195592 0.914647758 6.792603970
0.918693781 0.015350721 0.394672036 4.742481232 0.017860634 0.996607661 -0.080337822 -0.702788353 -0.394566447 0.080854967 0.915303111 6.849116802
0.919145048 0.015238485 0.393624455 4.766269684 0.015818343 0.997017682 -0.075534925 -0.708547056 -0.393601596 0.075654037 0.916162789 6.904886723
0.919492006 0.013316991 0.392883092 4.789515972 0.016834175 0.997175336 -0.073198020 -0.714722753 -0.392748117 0.073918842 0.916670561 6.960451603
0.919912755 0.015860736 0.391802192 4.812192440 0.016110655 0.996809304 -0.078178525 -0.720013440 -0.391791999 0.078229621 0.916721940 7.014965057
0.919755876 0.017632058 0.392094493 4.834646702 0.015659057 0.996546566 -0.081545852 -0.725897133 -0.392178267 0.081142098 0.916303515 7.069422722
0.919425189 0.022769211 0.392605036 4.856606960 0.010247340 0.996596396 -0.081795625 -0.730892062 -0.393131196 0.079228126 0.916062593 7.123343468
0.919956028 0.021832777 0.391413361 4.879445076 0.010687023 0.996680081 -0.080712311 -0.737598836 -0.391876191 0.078434810 0.916668415 7.178272247
0.920252025 0.018361075 0.390895456 4.902920246 0.014436948 0.996625662 -0.080801025 -0.743433833 -0.391060054 0.080000624 0.916881621 7.233452320
0.920393586 0.021495724 0.390401721 4.924695492 0.012280801 0.996405602 -0.083815314 -0.748830736 -0.390800178 0.081937507 0.916821420 7.286708355
0.920315444 0.030379582 0.389995694 4.946473122 0.003992767 0.996198297 -0.087023258 -0.754722059 -0.391156763 0.081646003 0.916695416 7.340721130
0.920297623 0.036831334 0.389481366 4.968727589 -0.002222996 0.996034741 -0.088937446 -0.761227965 -0.391212702 0.080983080 0.916730225 7.395972252
0.920555353 0.035601262 0.388986290 4.991227150 0.000480386 0.995733976 -0.092269540 -0.767490327 -0.390611827 0.085126095 0.916611135 7.449708462
0.920778275 0.035610899 0.388457358 5.013803005 0.000861459 0.995636404 -0.093314506 -0.773759961 -0.390085310 0.086256623 0.916729629 7.503139019
0.921379089 0.035147835 0.387072414 5.035867691 0.001493844 0.995575011 -0.093958393 -0.780576169 -0.388662010 0.087149531 0.917249560 7.557471752
0.922262371 0.027124118 0.385611683 5.058318615 0.009205739 0.995711267 -0.092056103 -0.786646903 -0.386454791 0.088449724 0.918057382 7.610754967
0.923390985 0.021151613 0.383277386 5.079442978 0.013650707 0.996039808 -0.087854877 -0.792983353 -0.383617818 0.086356409 0.919445455 7.663051128
0.924621582 0.014302308 0.380618423 5.103021622 0.018386869 0.996453643 -0.082109749 -0.799138486 -0.380442977 0.082918815 0.921079576 7.716013432
0.925521314 0.015701283 0.378369838 5.122699738 0.016363567 0.996548712 -0.081380501 -0.805269182 -0.378341794 0.081510857 0.922070205 7.768692017
0.928126335 0.012970158 0.372039318 5.145501137 0.020729471 0.996041477 -0.086438112 -0.811046779 -0.371687770 0.087937668 0.924183547 7.819835186
0.930678427 0.012748622 0.365616053 5.165480614 0.021426842 0.995777428 -0.089263812 -0.816773772 -0.365210235 0.090909913 0.926475525 7.871421337
0.933812439 0.010752013 0.357601345 5.186158657 0.023124775 0.995644093 -0.090322278 -0.822864413 -0.357014805 0.092613533 0.929496169 7.924423695
0.937001407 0.006025005 0.349273622 5.204550266 0.025319669 0.996050000 -0.085107394 -0.829266250 -0.348406792 0.088589244 0.933147669 7.976338863
0.941194654 0.002513231 0.337855756 5.223983288 0.027411267 0.996107876 -0.083771810 -0.834974170 -0.336751342 0.088106588 0.937462389 8.029756546
0.945688725 -0.001139462 0.325071573 5.242008209 0.030857584 0.995792985 -0.086279497 -0.840444088 -0.323605627 0.091624461 0.941745341 8.081701279
0.950372100 -0.000459210 0.311115175 5.258940697 0.029350424 0.995671332 -0.088187940 -0.845763028 -0.309727967 0.092942707 0.946271777 8.134290695
0.954324424 0.000353521 0.298771948 5.274665833 0.027670886 0.995596647 -0.089563206 -0.850921273 -0.297487974 0.093739651 0.950112462 8.187829018
0.958501637 -0.003342771 0.285067439 5.289589882 0.030304974 0.995460391 -0.090223491 -0.857647717 -0.283471674 0.095118314 0.954251707 8.237582207
0.962337136 0.002002534 0.271851182 5.303003311 0.025463194 0.994912922 -0.097467028 -0.863833308 -0.270663470 0.100718349 0.957390785 8.289011002
0.965874910 0.009537031 0.258833408 5.316323280 0.018841865 0.994086981 -0.106939539 -0.869925380 -0.258322805 0.108167104 0.959983945 8.339320183
0.969404280 0.015338356 0.244989961 5.328847408 0.013400085 0.993251026 -0.115208536 -0.876450896 -0.245103642 0.114966542 0.962656140 8.391101837
0.972335696 0.014817157 0.233117312 5.339059830 0.012656986 0.993177950 -0.115919806 -0.882675886 -0.233244568 0.115663528 0.965514839 8.439812660
0.974998236 0.016975567 0.221562907 5.349797249 0.008212127 0.993643939 -0.112268239 -0.889615297 -0.222060457 0.111280859 0.968661845 8.490636826
0.977385759 0.018949552 0.210613430 5.359513283 0.004409282 0.993934095 -0.109889358 -0.896483779 -0.211418197 0.108332954 0.971373498 8.540678978
0.979095936 0.024401125 0.201929837 5.369137287 -0.000722593 0.993188858 -0.116512962 -0.903599381 -0.203397498 0.113931455 0.972444892 8.591880798
0.980512381 0.027286457 0.194553122 5.378665924 -0.002905231 0.992213070 -0.124518014 -0.910088778 -0.196435809 0.121526212 0.972956538 8.641004562
0.980899572 0.032291692 0.191815734 5.388471603 -0.007735583 0.991819680 -0.127412334 -0.916826904 -0.194361001 0.123494923 0.973125279 8.693611145
0.980957210 0.033200018 0.191365361 5.397844791 -0.009786299 0.992479384 -0.122019961 -0.924367607 -0.193977267 0.117823571 0.973904788 8.742932320
0.980471075 0.034212399 0.193665132 5.407108784 -0.011315699 0.992934704 -0.118121244 -0.931316793 -0.196338058 0.113623008 0.973930717 8.793752670
0.979693830 0.033433177 0.197692230 5.416390896 -0.010499796 0.993201435 -0.115934215 -0.937600374 -0.200224251 0.111504316 0.973384321 8.844388962
0.979390979 0.030057713 0.199724600 5.426769257 -0.006619287 0.993109882 -0.116999820 -0.943693817 -0.201865226 0.113266528 0.972841799 8.894387245
0.978623450 0.030486543 0.203387991 5.436924458 -0.006935618 0.993281662 -0.115514927 -0.951548696 -0.205543190 0.111635029 0.972260058 8.943188667
0.977755547 0.032205410 0.207261071 5.447251797 -0.008653893 0.993494689 -0.113550037 -0.958837748 -0.209569678 0.109230570 0.971673489 8.992074966
0.976527870 0.032483026 0.212927654 5.457698345 -0.008045200 0.993373752 -0.114646584 -0.964587569 -0.215240851 0.110242538 0.970318496 9.041499138
0.975123465 0.033328488 0.219142675 5.467838764 -0.008655054 0.993602693 -0.112600289 -0.971079588 -0.221493542 0.107902490 0.969173789 9.090666771
0.974095583 0.030365543 0.224088669 5.480238914 -0.005645238 0.993899882 -0.110140838 -0.977845311 -0.226066172 0.106022663 0.968324959 9.139665604
0.972880960 0.031087911 0.229207456 5.491032600 -0.005775031 0.993882656 -0.110290118 -0.983963013 -0.231234029 0.105975486 0.967109025 9.187612534
0.971554041 0.034509011 0.234290153 5.502676964 -0.008330592 0.993693769 -0.111817628 -0.989943206 -0.236671403 0.106685087 0.965714693 9.235740662
0.970705807 0.035462055 0.237639815 5.514858246 -0.008327491 0.993419707 -0.114228144 -0.996808469 -0.240126804 0.108902976 0.964613557 9.284412384
0.970075905 0.035996389 0.240118697 5.525784492 -0.008047876 0.993172824 -0.116374031 -1.003157616 -0.242668435 0.110959195 0.963742733 9.330552101
0.969510853 0.033570208 0.242738307 5.536229134 -0.004910054 0.993034244 -0.117723554 -1.009166598 -0.244999483 0.112942383 0.962922275 9.376834869
0.970130980 0.029911585 0.240730479 5.549958706 -0.001811413 0.993234396 -0.116112866 -1.015797377 -0.242574871 0.112208627 0.963621616 9.425050735
0.971209705 0.026528729 0.236744285 5.562144279 0.000271220 0.993656456 -0.112458274 -1.022150755 -0.238225847 0.109284788 0.965041578 9.472809792
0.972693861 0.025815777 0.230651721 5.571741104 0.000196999 0.993702412 -0.112051286 -1.028801680 -0.232091829 0.109037027 0.966563165 9.518560410
0.975260854 0.023236590 0.219832808 5.581669807 0.001717480 0.993633449 -0.112647623 -1.034929872 -0.221050814 0.110238373 0.969011962 9.564807892
0.978451550 0.019806061 0.205524430 5.591469765 0.003652967 0.993572354 -0.113139860 -1.041016936 -0.206444249 0.111452661 0.972090065 9.611008644
0.981496871 0.019737015 0.190458462 5.599703789 0.001504877 0.993847489 -0.110746555 -1.046882510 -0.191472486 0.108984016 0.975428522 9.657059669
0.984312534 0.023446040 0.174868464 5.606833458 -0.004875663 0.994367063 -0.105878428 -1.053113580 -0.176365808 0.103364863 0.978882432 9.703272820
0.987037122 0.022826722 0.158860251 5.613193512 -0.007054887 0.995047927 -0.099145301 -1.059006691 -0.160336733 0.096739359 0.982310355 9.749730110
0.989600897 0.020699579 0.142343014 5.619012833 -0.007564508 0.995711148 -0.092206553 -1.063945889 -0.143641174 0.090170935 0.985513270 9.795580864
0.991767168 0.019933740 0.126492679 5.623098850 -0.009130661 0.996303439 -0.085416511 -1.068637848 -0.127727747 0.083558314 0.988283157 9.841233253
0.993940711 0.020654585 0.107959650 5.628124714 -0.012178610 0.996832788 -0.078588150 -1.073905468 -0.109240927 0.076797180 0.991044223 9.886227608
0.995802283 0.020744395 0.089149438 5.631503105 -0.013950878 0.996997774 -0.076162055 -1.078328133 -0.090461746 0.074598625 0.993102074 9.930168152
0.997225165 0.018576801 0.072088562 5.634367943 -0.013198286 0.997142494 -0.074381500 -1.082931519 -0.073264346 0.073223658 0.994620800 9.975957870
0.998266816 0.018734135 0.055788212 5.635029316 -0.014622619 0.997208953 -0.073215641 -1.086887479 -0.057004146 0.072272979 0.995754600 10.020128250
0.998944402 0.023550505 0.039439186 5.635869980 -0.020710444 0.997265995 -0.070932962 -1.091022611 -0.041001868 0.070041291 0.996701062 10.063671112
0.999348640 0.025998577 0.025024230 5.636002541 -0.024276841 0.997470438 -0.066806659 -1.095272779 -0.026697811 0.066155635 0.997452021 10.106697083
0.999698460 0.021114385 0.012536157 5.636285782 -0.020288456 0.997825563 -0.062709413 -1.098932385 -0.013832970 0.062436171 0.997953057 10.150871277
0.999845982 0.017507119 0.001264344 5.636448383 -0.017394258 0.997902811 -0.062347155 -1.102236271 -0.002353212 0.062315546 0.998053730 10.194380760
0.999673069 0.024018751 -0.008765666 5.634698868 -0.024537213 0.997595191 -0.064821012 -1.106338382 0.007187665 0.065014899 0.997858346 10.235924721
0.999416292 0.028561680 -0.018739510 5.632963181 -0.029815376 0.997070491 -0.070437551 -1.110180855 0.016672798 0.070955165 0.997340083 10.278428078
0.999238431 0.026792493 -0.028364733 5.631820202 -0.029003311 0.996321321 -0.080638476 -1.113986254 0.026099887 0.081399739 0.996339679 10.319128990
0.999105453 0.021338202 -0.036509208 5.630195618 -0.024453120 0.995897889 -0.087117128 -1.117895603 0.034500517 0.087931953 0.995528817 10.361763954
0.998867869 0.020344865 -0.043001249 5.627333164 -0.023992194 0.995999277 -0.086080335 -1.121217608 0.041077923 0.087014563 0.995359719 10.404139519
0.998543799 0.022798883 -0.048893042 5.624851704 -0.026550833 0.996637583 -0.077515051 -1.124959946 0.046961389 0.078700311 0.995791614 10.446469307
0.998233974 0.028439105 -0.052154791 5.620361328 -0.031837191 0.997342885 -0.065524876 -1.128929973 0.050152741 0.067069612 0.996487141 10.491507530
0.998113036 0.029797865 -0.053687330 5.617597103 -0.032859169 0.997829199 -0.057071019 -1.132905722 0.051870190 0.058727451 0.996925533 10.533797264
0.998180926 0.025560765 -0.054603003 5.614503860 -0.028664846 0.997971535 -0.056842621 -1.136863470 0.053039309 0.058304414 0.996888876 10.578088760
0.998221517 0.021548441 -0.055582762 5.611876488 -0.024851240 0.997922897 -0.059431318 -1.140288115 0.054186665 0.060706925 0.996683717 10.619886398
0.998158753 0.019195387 -0.057538673 5.609673500 -0.022690160 0.997897327 -0.060713187 -1.142747402 0.056252267 0.061906952 0.996495485 10.664153099
0.998021722 0.022296607 -0.058784254 5.606316090 -0.025757983 0.997937560 -0.058798164 -1.144554615 0.057352014 0.060196001 0.996537685 10.706891060
0.997807980 0.023001336 -0.062049337 5.603717327 -0.026417241 0.998147547 -0.054804925 -1.147853613 0.060673814 0.056323964 0.996567249 10.750946045
0.997621357 0.022382468 -0.065197170 5.600240231 -0.025632160 0.998447955 -0.049441636 -1.151481152 0.063989371 0.050995175 0.996646762 10.793292046
0.997339725 0.021197475 -0.069743559 5.597013474 -0.024456294 0.998632312 -0.046208460 -1.154678822 0.068668656 0.047791198 0.996494174 10.837712288
0.996947765 0.020014107 -0.075463310 5.592607498 -0.023464411 0.998706102 -0.045115698 -1.156593561 0.074462719 0.046748698 0.996127486 10.880844116
0.996266961 0.018743580 -0.084265433 5.589238167 -0.022321474 0.998879850 -0.041720089 -1.159608126 0.083389044 0.043445274 0.995569587 10.925321579
0.995459318 0.017072208 -0.093644090 5.583912373 -0.020985860 0.998939991 -0.040968481 -1.161968827 0.092845410 0.042747654 0.994762480 10.968758583
0.994242489 0.018359497 -0.105568990 5.578637600 -0.022842068 0.998881042 -0.041409872 -1.165550232 0.104690589 0.043582872 0.993549407 11.013280869
0.992888391 0.019401461 -0.117457598 5.571978569 -0.024806125 0.998691142 -0.044728022 -1.167859554 0.116436072 0.047323599 0.992070079 11.057333946
0.991377354 0.019953733 -0.129509866 5.565346241 -0.026277289 0.998535037 -0.047303043 -1.170640349 0.128376260 0.050298348 0.990449131 11.101604462
0.989667416 0.018674184 -0.142160818 5.558498383 -0.025697915 0.998529613 -0.047732316 -1.173123956 0.141060397 0.050892357 0.988692045 11.146536827
0.987866223 0.018698880 -0.154176638 5.552059650 -0.025778595 0.998696744 -0.044048805 -1.176504850 0.153152019 0.047488786 0.987060964 11.190092087
0.985994875 0.019890694 -0.165585220 5.542617798 -0.027220177 0.998741984 -0.042112958 -1.178694963 0.164539263 0.046030413 0.985295892 11.235767365
0.983899236 0.022735590 -0.177272350 5.533727169 -0.030382391 0.998715758 -0.040541109 -1.181229353 0.176122993 0.045274321 0.983326554 11.280709267
0.981994748 0.026263533 -0.187073633 5.523642063 -0.033839241 0.998726606 -0.037417691 -1.183412194 0.185852736 0.043074407 0.981633008 11.325882912
0.980447710 0.030158915 -0.194455191 5.514080524 -0.038071781 0.998586655 -0.037083600 -1.185489058 0.193061993 0.043761782 0.980210185 11.370313644
0.979566395 0.031205418 -0.198686168 5.502887726 -0.038584292 0.998697758 -0.033374660 -1.188393831 0.197385982 0.040358856 0.979494750 11.417785645
0.979124486 0.029121291 -0.201164693 5.492876053 -0.036024362 0.998878002 -0.030739538 -1.190688372 0.200043857 0.037344668 0.979075015 11.464562416
0.979278088 0.024239836 -0.201064125 5.483286858 -0.031570893 0.998945355 -0.033334676 -1.192753434 0.200044066 0.038991697 0.979010761 11.511435509
0.979555130 0.022590583 -0.199903384 5.473361492 -0.030036232 0.998960316 -0.034291819 -1.195327282 0.198920861 0.039595064 0.979215384 11.558290482
0.979885161 0.019259250 -0.198630646 5.463158607 -0.027163543 0.998940527 -0.037145846 -1.197514296 0.197704837 0.041794177 0.979370236 11.605814934
0.980122864 0.016301062 -0.197720706 5.452652454 -0.024018798 0.999037623 -0.036698189 -1.199953318 0.196932212 0.040717747 0.979571283 11.655791283
0.980120420 0.013729303 -0.197928473 5.443880558 -0.020416552 0.999286115 -0.031785071 -1.202056527 0.197350845 0.035194211 0.979700923 11.703560829
0.980385184 0.015117721 -0.196510375 5.433451176 -0.021338141 0.999334753 -0.029575717 -1.203915238 0.195932552 0.033188760 0.980055571 11.752334595
0.980765522 0.014085137 -0.194680452 5.423733711 -0.019616924 0.999455810 -0.026515914 -1.207124233 0.194201052 0.029824933 0.980508208 11.802335739
0.980978727 0.015312201 -0.193509802 5.413885593 -0.020619920 0.999463499 -0.025444303 -1.209227562 0.193016365 0.028950481 0.980768323 11.851253510
0.981511712 0.016784402 -0.190664455 5.402863503 -0.021996405 0.999439061 -0.025252454 -1.211219072 0.190133646 0.028979518 0.981330395 11.901766777
0.981665611 0.014541375 -0.190055355 5.393888474 -0.019721894 0.999482930 -0.025394963 -1.213651896 0.189587787 0.028677613 0.981444895 11.953809738
0.982052803 0.016106065 -0.187917411 5.383890152 -0.022116804 0.999307275 -0.029933196 -1.216543794 0.187305078 0.033552114 0.981728613 12.000717163
0.982235730 0.015885521 -0.186977819 5.374028206 -0.023113552 0.999064744 -0.036540657 -1.218879700 0.186222523 0.040213261 0.981684327 12.050684929
0.982368112 0.016947154 -0.186187342 5.364915371 -0.024616221 0.998937666 -0.038955584 -1.220612526 0.185329393 0.042851955 0.981741607 12.099545479
0.982750118 0.018606717 -0.184000164 5.355425358 -0.025481453 0.999059975 -0.035068829 -1.223429203 0.183174700 0.039152492 0.982300341 12.147360802
0.982768536 0.020783765 -0.183668271 5.345476627 -0.027010133 0.999139905 -0.031463340 -1.226189733 0.182856366 0.035882089 0.982484639 12.200783730
0.983522475 0.025252406 -0.179013789 5.334037781 -0.031095218 0.999068856 -0.029908052 -1.229673147 0.178091869 0.034981713 0.983391881 12.250255585
0.984028697 0.028464377 -0.175719470 5.325856686 -0.034136083 0.998986483 -0.029338526 -1.232165337 0.174706280 0.034868326 0.984002948 12.301717758
0.985467255 0.028513430 -0.167454883 5.315839767 -0.033780012 0.999017477 -0.028686410 -1.234192848 0.166472405 0.033926144 0.985462308 12.352500916
0.986926496 0.027604384 -0.158788919 5.308140278 -0.032593492 0.999050677 -0.028901286 -1.236779571 0.157840401 0.033698924 0.986889422 12.402977943
0.988584340 0.024224760 -0.148707718 5.301258564 -0.029087227 0.999108016 -0.030610561 -1.240323663 0.147833556 0.034586620 0.988407254 12.452621460
0.990265310 0.025449477 -0.136846453 5.293306828 -0.030468134 0.998933017 -0.034704659 -1.242405653 0.135817230 0.038536273 0.989984155 12.503527641
0.991820872 0.030610308 -0.123912700 5.285695076 -0.034968950 0.998838365 -0.033153921 -1.245363951 0.122753896 0.037215859 0.991739154 12.554840088
0.993284345 0.023060363 -0.113377206 5.281049252 -0.026383471 0.999262571 -0.027897421 -1.247203708 0.112650268 0.030701356 0.993160307 12.605058670
0.994411051 0.020485895 -0.103570327 5.275812149 -0.022711778 0.999534726 -0.020357978 -1.249686360 0.103105061 0.022596465 0.994413853 12.656058311
0.995163679 0.018752560 -0.096423894 5.270689964 -0.020347897 0.999671400 -0.015588360 -1.251534700 0.096099891 0.017474992 0.995218277 12.707004547
0.995473623 0.024073582 -0.091939054 5.264749527 -0.025453243 0.999579847 -0.013863166 -1.252801538 0.091566689 0.016140563 0.995668173 12.757942200
0.995723546 0.023541300 -0.089333467 5.260681629 -0.024664866 0.999629617 -0.011494045 -1.254953861 0.089029811 0.013648289 0.995935380 12.809022903
0.995922565 0.023355350 -0.087137707 5.255082130 -0.024427727 0.999638140 -0.011260619 -1.256152630 0.086843185 0.013343280 0.996132553 12.859844208
0.995962203 0.023258422 -0.086707823 5.250976562 -0.024468081 0.999617159 -0.012914255 -1.257842064 0.086374268 0.014983684 0.996150076 12.910447121
0.995937228 0.027123809 -0.085868493 5.245433807 -0.028377676 0.999507308 -0.013415158 -1.259348154 0.085462324 0.015797403 0.996216178 12.961072922
0.995883882 0.027243135 -0.086446188 5.240411758 -0.028499598 0.999504864 -0.013333674 -1.260510206 0.086040124 0.015742473 0.996167302 13.012481689
0.995697618 0.028348481 -0.088219084 5.235480309 -0.029521909 0.999491811 -0.012024913 -1.262045145 0.087833352 0.014577575 0.996028483 13.062970161
0.995623171 0.028042074 -0.089153387 5.229977131 -0.029049812 0.999527633 -0.010025735 -1.263922691 0.088830143 0.012571743 0.995967448 13.116194725
0.995569468 0.023092108 -0.091148764 5.225396156 -0.024197849 0.999646127 -0.011044638 -1.264667988 0.090861484 0.013201308 0.995776057 13.168128967
0.995256662 0.023749642 -0.094339728 5.219811440 -0.024663389 0.999659359 -0.008531420 -1.266766191 0.094104983 0.010817691 0.995503485 13.220817566
0.994834781 0.026194017 -0.098069139 5.213429451 -0.026987655 0.999612808 -0.006774659 -1.267905474 0.097853705 0.009386323 0.995156527 13.273336411
0.994250059 0.029902527 -0.102823362 5.206444740 -0.030175919 0.999543905 -0.001103993 -1.269363165 0.102743447 0.004200435 0.994699001 13.325853348
0.993651390 0.031768043 -0.107924305 5.200095654 -0.031561576 0.999495149 0.003621124 -1.270593524 0.107984863 -0.000191875 0.994152427 13.378852844
0.993076384 0.032117397 -0.112994611 5.194251537 -0.031907871 0.999484062 0.003662732 -1.271034598 0.113053970 -0.000031954 0.993588865 13.431343079
0.992408752 0.037191633 -0.117224827 5.186824799 -0.037378028 0.999300957 0.000608738 -1.272078156 0.117165543 0.003777516 0.993105173 13.484360695
0.991572320 0.042863727 -0.122258052 5.179801464 -0.043640122 0.999040544 -0.003678531 -1.272742033 0.121983103 0.008982887 0.992491484 13.536976814
