0.999932230 0.000648243 0.011619428 0.000538133 -0.000674774 0.999997318 0.002279595 -0.000446090 -0.011617917 -0.002287281 0.999929905 0.042237055
0.999771893 0.001314271 0.021316117 0.002355583 -0.001395396 0.999991834 0.003791405 -0.000150320 -0.021310959 -0.003820285 0.999765575 0.085483938
0.999456525 0.001839601 0.032912035 0.003328351 -0.002047691 0.999978125 0.006290037 -0.000803883 -0.032899745 -0.006354013 0.999438465 0.131007478
0.999119222 0.002042001 0.041912053 0.006140525 -0.002388801 0.999963284 0.008226078 -0.000616237 -0.041893717 -0.008318952 0.999087453 0.175888106
0.998564839 0.001270963 0.053540446 0.008892810 -0.001763028 0.999956548 0.009144286 -0.000191961 -0.053526491 -0.009225553 0.998523831 0.224862173
0.997984052 0.000657028 0.063461095 0.012461927 -0.001326137 0.999943912 0.010502053 -0.000290246 -0.063450634 -0.010565042 0.997929037 0.273311079
0.997192860 0.001499106 0.074860044 0.016023470 -0.002501120 0.999908447 0.013293204 -0.000117444 -0.074833274 -0.013443122 0.997105420 0.322874546
0.996219754 0.001751651 0.086852573 0.019981481 -0.003248258 0.999848604 0.017093243 0.000134903 -0.086809471 -0.017310746 0.996074438 0.373056978
0.995068431 0.001520488 0.099178962 0.025085941 -0.003604644 0.999776304 0.020838283 0.000331517 -0.099125102 -0.021093024 0.994851530 0.423083514
0.993690193 0.001495861 0.112149142 0.030966464 -0.004115747 0.999723911 0.023132855 0.000402951 -0.112083569 -0.023448475 0.993422091 0.473507255
0.992047846 0.000527484 0.125859499 0.037728414 -0.003541261 0.999712288 0.023723029 0.000454251 -0.125810772 -0.023980085 0.991764426 0.523249924
0.989964545 0.001863259 0.141303778 0.044261333 -0.005082052 0.999735653 0.022421796 0.000879183 -0.141224653 -0.022914896 0.989712358 0.574999392
0.987595677 0.001329159 0.157012939 0.052797053 -0.004807186 0.999751329 0.021773539 0.000694440 -0.156944960 -0.022258243 0.987356544 0.624501050
0.983948827 0.003349673 0.178419441 0.061361533 -0.006995052 0.999779344 0.019806353 0.001194879 -0.178313732 -0.020736491 0.983755171 0.675763965
0.979107141 0.006033062 0.203255534 0.071942322 -0.010020842 0.999776781 0.018596102 0.001216164 -0.203097999 -0.020244366 0.978949130 0.724321425
0.972349584 0.007702436 0.233402938 0.084398009 -0.012193444 0.999767244 0.017804613 0.001325398 -0.233211473 -0.020158296 0.972217083 0.777611554
0.963968098 0.008775469 0.265872926 0.098185174 -0.013930758 0.999749601 0.017510379 0.001013126 -0.265652716 -0.020583257 0.963849068 0.827515960
0.954257309 0.008629697 0.298861802 0.114472523 -0.014168638 0.999765575 0.016371625 0.000975845 -0.298650503 -0.019857205 0.954155922 0.878589571
0.943513572 0.008670675 0.331220269 0.131993622 -0.014280815 0.999792814 0.014507762 0.001169946 -0.331025898 -0.018418370 0.943441868 0.928474724
0.932222784 0.009110416 0.361770242 0.151691169 -0.014476615 0.999821782 0.012125484 0.000524621 -0.361595303 -0.016540859 0.932188332 0.977249682
0.919892430 0.011407642 0.392004818 0.172390386 -0.016105812 0.999832451 0.008698580 -0.000091411 -0.391839921 -0.014315313 0.919921994 1.025492191
0.906738043 0.009164055 0.421594620 0.195985228 -0.012090812 0.999917805 0.004269260 -0.000773555 -0.421520799 -0.008968522 0.906774342 1.075535893
0.893133044 0.005891208 0.449753970 0.220600188 -0.005949903 0.999981523 -0.001283019 -0.001486745 -0.449753165 -0.001530087 0.893151522 1.122899175
0.878754497 0.001290591 0.477272302 0.246932477 0.001962220 0.999978125 -0.006316881 -0.002848458 -0.477270007 0.006487502 0.878732741 1.168984294
0.864330709 -0.002758796 0.502916336 0.274093240 0.009278933 0.999902189 -0.010462053 -0.004336256 -0.502838254 0.013709202 0.864271700 1.213855267
0.849825859 -0.008578747 0.526993632 0.303772479 0.018728686 0.999727607 -0.013927520 -0.006094139 -0.526730537 0.021705866 0.849755108 1.258922338
0.835074961 -0.008825174 0.550065398 0.334278047 0.025371479 0.999425292 -0.022482757 -0.007990798 -0.549550831 0.032730758 0.834818900 1.303944111
0.820220470 -0.004505526 0.572029829 0.363958776 0.030750304 0.998870432 -0.036224663 -0.011035316 -0.571220458 0.047302298 0.819432557 1.345791221
0.804999709 0.004541385 0.593257844 0.395745963 0.033572979 0.998019576 -0.053195469 -0.014291342 -0.592324495 0.062739775 0.803252995 1.388041258
0.788875639 0.015528992 0.614356458 0.428362221 0.033664882 0.997087657 -0.068431228 -0.017654054 -0.613629937 0.074665979 0.786055446 1.430131316
0.772443950 0.019974548 0.634768605 0.460459381 0.037558679 0.996318936 -0.077056430 -0.022329561 -0.633971214 0.083362840 0.768850505 1.467271090
0.755905092 0.020928100 0.654346645 0.498287648 0.042116698 0.995863974 -0.080504380 -0.026732877 -0.653325140 0.088412583 0.751897275 1.510742188
0.738972783 0.019152787 0.673463166 0.532000482 0.045385797 0.995910048 -0.078123517 -0.030850120 -0.672205031 0.088296801 0.735081017 1.549172521
0.723483503 0.014879052 0.690181375 0.570301473 0.047470968 0.996328831 -0.071240537 -0.035775416 -0.688707590 0.084304921 0.720121145 1.587602973
0.709842980 0.004580901 0.704344988 0.609823048 0.058024690 0.996199667 -0.064956680 -0.041330487 -0.701965868 0.086978450 0.706879497 1.625471830
0.698661625 0.003179677 0.715445161 0.646566212 0.060401168 0.996157885 -0.063411482 -0.045833964 -0.712898076 0.087516896 0.695785344 1.661186695
0.689480305 0.004328384 0.724291503 0.687119901 0.063248754 0.995802462 -0.066159792 -0.049608838 -0.721537590 0.091426410 0.686312377 1.697928667
0.681009412 0.004305826 0.732262015 0.720586360 0.066088423 0.995540559 -0.067316696 -0.054906454 -0.729286313 0.094237357 0.677687824 1.729891777
0.672240317 0.011009813 0.740251064 0.758634746 0.060422320 0.995737851 -0.069680683 -0.059139576 -0.737863183 0.091569848 0.668709874 1.764282107
0.662762284 0.011230586 0.748745739 0.797041416 0.060101323 0.995863974 -0.068136647 -0.062861644 -0.746414185 0.090159006 0.659346163 1.797381163
0.655018032 0.010022892 0.755546749 0.836265922 0.062876165 0.995721221 -0.067719221 -0.067645073 -0.752992690 0.091863208 0.651585162 1.831670284
0.648332775 0.010337277 0.761286914 0.876250803 0.065543853 0.995437920 -0.069335684 -0.071669206 -0.758530617 0.094850279 0.644697428 1.865194559
0.645092189 0.011544659 0.764017463 0.915895760 0.067018636 0.995177567 -0.071624257 -0.076331243 -0.761160135 0.097407654 0.641207516 1.898855686
0.645342946 0.014078616 0.763763249 0.956766188 0.066468984 0.995002985 -0.074504167 -0.080363497 -0.760995626 0.098847307 0.641182363 1.933351755
0.648383796 0.011437962 0.761227727 0.998237252 0.068902992 0.994901955 -0.073637918 -0.085208111 -0.758189201 0.100196511 0.644290149 1.968196154
0.653782308 0.011093450 0.756601393 1.039218307 0.067760766 0.995016992 -0.073141478 -0.090172559 -0.753642619 0.099086486 0.649772763 2.003949642
0.659966707 0.013431751 0.751174808 1.084529638 0.063765474 0.995231032 -0.073818751 -0.094433568 -0.748583972 0.096616939 0.655962825 2.043566227
0.666407347 0.014398375 0.745448887 1.127626777 0.061817002 0.995304167 -0.074486755 -0.099271663 -0.743020833 0.095719926 0.662387788 2.082509756
0.671347618 0.016244473 0.740964413 1.166895270 0.058594044 0.995467126 -0.074912928 -0.103963412 -0.738822639 0.093708746 0.667352736 2.120408297
0.675766885 0.017785415 0.736900747 1.214157343 0.054932140 0.995713830 -0.074406907 -0.109819621 -0.735065699 0.090761274 0.671893418 2.161921024
0.676961184 0.020561676 0.735731483 1.258493781 0.050027657 0.996012509 -0.073867254 -0.114960104 -0.734316587 0.086812176 0.673233211 2.203506470
0.676832438 0.021355208 0.735827267 1.305229664 0.047437180 0.996236265 -0.072546721 -0.120423272 -0.734607100 0.084007546 0.673272014 2.246593952
0.676289082 0.021007590 0.736336708 1.353740454 0.047019437 0.996323884 -0.071610041 -0.126024053 -0.735134184 0.083051220 0.672815263 2.290790558
0.675833583 0.022094641 0.736723065 1.401771069 0.045382589 0.996406555 -0.071514435 -0.131082460 -0.735655785 0.081766240 0.672402442 2.334399700
0.675249696 0.021241205 0.737283289 1.446031094 0.045695577 0.996460378 -0.070558973 -0.136246994 -0.736172378 0.081335515 0.671888947 2.376547337
0.675472617 0.019802440 0.737119198 1.494561434 0.046648331 0.996489465 -0.069517367 -0.140955701 -0.735908210 0.081342451 0.672177494 2.419415474
0.675212801 0.020999620 0.737323940 1.543429852 0.045129139 0.996545970 -0.069710001 -0.147128463 -0.736241162 0.080343880 0.671932936 2.465247631
0.675306737 0.020446021 0.737253487 1.591181636 0.044281017 0.996688426 -0.068201207 -0.152812719 -0.736206472 0.078703083 0.672165036 2.508264542
0.675160408 0.021225922 0.737365484 1.640715718 0.043196660 0.996733069 -0.068244658 -0.158377886 -0.736405134 0.077927813 0.672037780 2.554341555
0.675600469 0.021553427 0.736952841 1.689549685 0.042618744 0.996759415 -0.068222567 -0.163016573 -0.736035109 0.077499218 0.672492564 2.598989487
0.676312089 0.020486891 0.736330390 1.736496568 0.042303476 0.996883094 -0.066591546 -0.168799669 -0.735399604 0.076186001 0.673337340 2.644182682
0.678588688 0.017410778 0.734312057 1.786471248 0.043125227 0.997050047 -0.063493028 -0.175047576 -0.733251393 0.074753031 0.675835967 2.688572645
0.680395663 0.016892083 0.732650280 1.833685637 0.042351533 0.997157156 -0.062321510 -0.179988742 -0.731620133 0.073432140 0.677745998 2.733101845
0.682448804 0.016188631 0.730754137 1.883183241 0.042786296 0.997155547 -0.062048297 -0.185002431 -0.729680061 0.073611036 0.679814994 2.780056000
0.683886588 0.015949819 0.729414046 1.930343390 0.043088544 0.997132957 -0.062203046 -0.190339193 -0.728314817 0.073969215 0.681238651 2.825263500
0.684337020 0.017400043 0.728958189 1.977796912 0.042244848 0.997089922 -0.063459225 -0.195164770 -0.727941096 0.074222222 0.681610405 2.870715618
0.684324563 0.018111404 0.728952587 2.026850700 0.042428810 0.997008622 -0.064602695 -0.201286167 -0.727942109 0.075137794 0.681509078 2.915654182
0.681489885 0.020920517 0.731528401 2.072185516 0.041200239 0.996909261 -0.066891998 -0.207541496 -0.730666935 0.075725362 0.678521633 2.959177971
0.678288579 0.023239193 0.734428048 2.122481108 0.039973732 0.996852577 -0.068461150 -0.213137329 -0.733707428 0.075794242 0.675224841 3.005241394
0.673437059 0.020927014 0.738948345 2.170711756 0.042113025 0.996889889 -0.066611446 -0.216996953 -0.738044083 0.075977944 0.670461357 3.048893452
0.668677509 0.018325260 0.743326724 2.218524456 0.042207342 0.997148871 -0.062551394 -0.223557219 -0.742353678 0.073200546 0.665997624 3.091016054
0.664342225 0.018874140 0.747190237 2.267245054 0.040830370 0.997271955 -0.061494365 -0.228200763 -0.746312499 0.071361348 0.661759198 3.135067940
0.659959555 0.019338530 0.751052141 2.314972401 0.043174453 0.997040510 -0.063610353 -0.233774483 -0.750059485 0.074406527 0.657171488 3.176978588
0.655466318 0.020809717 0.754937649 2.363836527 0.043851841 0.996885061 -0.065552831 -0.238476068 -0.753950179 0.076073080 0.652512074 3.219705343
0.650916219 0.023027278 0.758800268 2.410221815 0.042643826 0.996852458 -0.066832282 -0.244131938 -0.757950902 0.075860359 0.647885621 3.259977818
0.647997379 0.024743173 0.761240482 2.459467411 0.041732211 0.996817231 -0.067924358 -0.249158055 -0.760498405 0.075783052 0.644902349 3.301725388
0.644924223 0.022916583 0.763902783 2.507412672 0.043257222 0.996853352 -0.066424817 -0.254606903 -0.763021171 0.075883299 0.641903639 3.341882229
0.642607927 0.016166046 0.766024590 2.556469202 0.043881830 0.997359812 -0.057859987 -0.259505868 -0.764937520 0.070795842 0.640201867 3.383531809
0.640676200 0.008589040 0.767763078 2.605514765 0.043653682 0.997912526 -0.047591481 -0.264454842 -0.766569197 0.064006418 0.638963878 3.424291611
0.638962507 0.006423864 0.769211054 2.653228760 0.044226699 0.998004198 -0.045072477 -0.269010156 -0.767965436 0.062819280 0.637403190 3.464542389
0.637897134 0.010479722 0.770050347 2.700020790 0.044254664 0.997756243 -0.050238445 -0.273136109 -0.768849015 0.066125266 0.636002064 3.503924370
0.635826468 0.015587946 0.771674633 2.746891499 0.044910125 0.997354925 -0.057150714 -0.276872486 -0.770524383 0.070993938 0.633444607 3.543937445
0.636528075 0.012114245 0.771158397 2.797015905 0.051387165 0.996988654 -0.058077753 -0.281623185 -0.769539714 0.076595776 0.633988738 3.582302094
0.636773348 0.008476775 0.771004498 2.843756676 0.055625178 0.996829093 -0.056900486 -0.286604315 -0.769042015 0.079119973 0.634282589 3.620351553
0.637341022 0.008155229 0.770538867 2.892661810 0.053288374 0.997083724 -0.054629698 -0.290691912 -0.768737257 0.075878501 0.635047674 3.660596371
0.637140095 0.004834793 0.770732820 2.939498186 0.052125204 0.997420609 -0.049347032 -0.294946313 -0.768983364 0.071615577 0.635244668 3.700731516
0.637371421 0.003087332 0.770550430 2.986160040 0.048387542 0.997857988 -0.044022497 -0.298530519 -0.769035876 0.065343723 0.635856807 3.740518570
0.638388276 0.007305708 0.769679844 3.033057451 0.039741021 0.998308420 -0.042437848 -0.302619815 -0.768687904 0.057679679 0.637018025 3.779923439
0.639674842 0.012167812 0.768549263 3.078980923 0.031539842 0.998617113 -0.042061370 -0.305132180 -0.767998159 0.051145524 0.638406456 3.819746494
0.641920388 0.007837367 0.766731262 3.125929356 0.035750952 0.998554349 -0.040138323 -0.309708953 -0.765937388 0.053176973 0.640712202 3.858136415
0.644563794 0.005720848 0.764529109 3.172084570 0.040248640 0.998331547 -0.041403413 -0.313471228 -0.763490438 0.057458397 0.643258035 3.896903992
0.649666786 0.005812436 0.760196865 3.218229771 0.042548522 0.998125315 -0.043993734 -0.316810369 -0.759027481 0.060926534 0.648201525 3.935663223
0.656967402 0.002093702 0.753916085 3.264468908 0.047251966 0.997915745 -0.043946989 -0.320698917 -0.752436697 0.064495757 0.655499160 3.974123478
0.663799047 -0.003512455 0.747902691 3.309436798 0.054066408 0.997598052 -0.043301370 -0.324704111 -0.745954156 0.069179825 0.662394524 4.014304161
0.671717227 -0.000439380 0.740807474 3.352694750 0.050283354 0.997720659 -0.045001991 -0.327630401 -0.739099085 0.067478903 0.670208216 4.055071831
0.681432903 -0.001599177 0.731878817 3.396893978 0.049167838 0.997838497 -0.043598559 -0.331413805 -0.730227172 0.065694392 0.680038631 4.095974922
0.691196322 -0.003179317 0.722660005 3.440383673 0.047647268 0.998014927 -0.041182045 -0.334521115 -0.721094549 0.062897652 0.689975798 4.137166500
0.700027883 -0.004974004 0.714098155 3.482458830 0.047931328 0.998048007 -0.040035080 -0.338757038 -0.712505043 0.062253341 0.698899865 4.179512978
0.709821880 -0.006961002 0.704346895 3.524530172 0.048606500 0.998051643 -0.039120659 -0.342139482 -0.702702105 0.062004544 0.708777189 4.222025871
0.718720138 -0.006567549 0.695268452 3.565193892 0.048693486 0.997975588 -0.040909000 -0.345196694 -0.693592370 0.063257158 0.717584968 4.264743328
0.728844464 -0.004269024 0.684665978 3.606272459 0.048754428 0.997765660 -0.045679074 -0.349621385 -0.682941258 0.066673443 0.727424145 4.307497978
0.736863434 -0.000154971 0.676041603 3.644964457 0.050886113 0.997175753 -0.055235632 -0.353045642 -0.674123824 0.075102232 0.734790266 4.350741386
0.746327460 0.003667061 0.665568829 3.684174538 0.049501356 0.996909440 -0.061000358 -0.356929362 -0.663735747 0.078472793 0.743839324 4.394483089
0.754894555 0.000200274 0.655846119 3.722954035 0.049717125 0.997105002 -0.057530086 -0.362150609 -0.653959036 0.076035932 0.752699256 4.439144611
0.763383806 0.000502665 0.645944953 3.761103153 0.045735110 0.997447968 -0.054826383 -0.366438091 -0.644324124 0.071395934 0.761412680 4.484211922
0.769807994 0.004354376 0.638260663 3.798005819 0.041972514 0.997466862 -0.057428136 -0.370682657 -0.636893988 0.070998028 0.767675281 4.530066013
0.773896635 0.008991495 0.633248091 3.832456350 0.040092517 0.997197926 -0.063156553 -0.376303047 -0.632041574 0.074265145 0.771367729 4.575457096
0.778051138 0.022365559 0.627802730 3.870660305 0.029625764 0.996947885 -0.072232328 -0.379895926 -0.627502024 0.074799590 0.775013685 4.621746063
0.779865444 0.027763752 0.625331163 3.905527830 0.025743188 0.996748090 -0.076359034 -0.384474218 -0.625417650 0.075647794 0.776614606 4.667154789
0.782694697 0.027461927 0.621799707 3.941277742 0.025525052 0.996769428 -0.076152407 -0.389845520 -0.621882260 0.075475544 0.779465139 4.712390423
0.785850406 0.028265091 0.617770493 3.975096703 0.023877475 0.996823251 -0.075981967 -0.395481616 -0.617955744 0.074461251 0.782678902 4.756379128
0.789514601 0.028627245 0.613063693 4.012098312 0.020507667 0.997123182 -0.072971173 -0.400260359 -0.613389015 0.070184320 0.786656201 4.804146767
0.792656422 0.026269583 0.609102547 4.046895504 0.020393794 0.997369707 -0.069554389 -0.405217737 -0.609327495 0.067554645 0.790035665 4.850910664
0.796622753 0.025917601 0.603920937 4.081628323 0.018125491 0.997606993 -0.066721909 -0.410792738 -0.604205012 0.064098552 0.794246614 4.896233559
0.800240099 0.033840943 0.598724127 4.115810871 0.009135874 0.997602701 -0.068597063 -0.415173262 -0.599610150 0.060363986 0.798012495 4.943515778
0.803806186 0.040263139 0.593527138 4.148647308 0.002025385 0.997515976 -0.070411511 -0.420504510 -0.594887733 0.057799332 0.801728010 4.990139961
0.808331311 0.040626787 0.587324440 4.181933403 0.003618428 0.997254491 -0.073962756 -0.425577432 -0.588716686 0.061911594 0.805965126 5.036201000
0.812523484 0.041047271 0.581481636 4.216371536 0.004987259 0.996991754 -0.077347323 -0.430439889 -0.582907140 0.065746523 0.809874356 5.084736824
0.816222310 0.040956438 0.576284468 4.248590469 0.003309128 0.997136295 -0.075553194 -0.435781300 -0.577728450 0.063575201 0.813749254 5.131428242
0.820479453 0.038508937 0.570377588 4.281678200 0.002107707 0.997518003 -0.070379145 -0.441492707 -0.571672082 0.058946818 0.818361998 5.179092407
0.824730575 0.037366427 0.564290047 4.314796448 0.001396513 0.997677147 -0.068105727 -0.446071923 -0.565524161 0.056956910 0.822762668 5.228361607
0.828531563 0.040997915 0.558439493 4.347046375 -0.000802769 0.997401893 -0.072033390 -0.451002330 -0.559941828 0.059233624 0.826411843 5.276813030
0.832210600 0.041582644 0.552898288 4.377941132 -0.000433241 0.997232199 -0.074348226 -0.456290632 -0.554459631 0.061633833 0.829925179 5.324160576
0.835857451 0.044114307 0.547171116 4.409638882 -0.003257560 0.997146845 -0.075416222 -0.461510599 -0.548936784 0.061254777 0.833616495 5.373795509
0.839883506 0.043336801 0.541033924 4.437472820 -0.003184801 0.997183681 -0.074930407 -0.466129929 -0.542757452 0.061209738 0.837656200 5.418393135
0.844461203 0.039791185 0.534136415 4.472041130 -0.000535647 0.997298777 -0.073448196 -0.472623527 -0.535616219 0.061738051 0.842201650 5.471709728
0.848609865 0.037894055 0.527660251 4.503099442 0.001678242 0.997233331 -0.074315578 -0.477478653 -0.529016614 0.063950479 0.846198440 5.522011280
0.852697730 0.035735041 0.521180928 4.532138824 0.003456841 0.997249842 -0.074032642 -0.482895285 -0.522393167 0.064929105 0.850229144 5.567269802
0.856243730 0.039709166 0.515043616 4.559734344 -0.001805267 0.997265041 -0.073886588 -0.488355964 -0.516568959 0.062335145 0.853973567 5.614851952
0.859277904 0.043786768 0.509631455 4.591594696 -0.007281764 0.997275472 -0.073406801 -0.493255913 -0.511457145 0.059365824 0.857255578 5.667643547
0.862077773 0.039705910 0.505218148 4.619723320 -0.003046041 0.997313917 -0.073182918 -0.498301864 -0.506766796 0.061550464 0.859883130 5.715754509
0.863950193 0.039695736 0.502010226 4.646944523 -0.003702386 0.997362018 -0.072493225 -0.503436923 -0.503563643 0.060771901 0.861818135 5.764297009
0.866442800 0.039832138 0.497684777 4.675747395 -0.003635790 0.997289419 -0.073488221 -0.508554935 -0.499262959 0.061863866 0.864239275 5.814067841
0.869498789 0.032477830 0.492866009 4.703353882 0.003119784 0.997454882 -0.071231961 -0.513410687 -0.493925154 0.063473746 0.867184579 5.863092422
0.872232378 0.023894744 0.488507748 4.731537342 0.010971172 0.997598648 -0.068385370 -0.518674612 -0.488968700 0.065007441 0.869875729 5.912408829
0.874825776 0.023934448 0.483846039 4.759954453 0.010029915 0.997669756 -0.067486539 -0.522815645 -0.484333843 0.063891895 0.872547150 5.962813377
0.876664460 0.026413739 0.480376571 4.786866665 0.008112390 0.997538209 -0.069654837 -0.527485192 -0.481033832 0.064960912 0.874292016 6.012912273
0.878600061 0.027850877 0.476745397 4.813751221 0.007120001 0.997423053 -0.071389757 -0.532721102 -0.477505177 0.066117473 0.876137614 6.062644005
0.879267216 0.030564608 0.475347012 4.840287209 0.004244567 0.997396827 -0.071983509 -0.537005246 -0.476309776 0.065310396 0.876848698 6.112442493
0.879772723 0.029926892 0.474451482 4.866684914 0.003939640 0.997523367 -0.070225835 -0.542332947 -0.475378126 0.063651949 0.877475917 6.162940025
0.880423963 0.026908305 0.473423094 4.893825531 0.004562080 0.997861803 -0.065200314 -0.547119200 -0.474165201 0.059563715 0.878418684 6.212749481
0.880797148 0.025847400 0.472787708 4.920176506 0.003172009 0.998164356 -0.060479265 -0.551746726 -0.473483175 0.054769650 0.879098415 6.263205528
0.880773425 0.024128480 0.472922742 4.946296215 0.004122745 0.998272538 -0.058610000 -0.556337178 -0.473519862 0.053571872 0.879152477 6.313443184
0.881859601 0.026363419 0.470774472 4.973010063 0.003896413 0.997994125 -0.063186578 -0.560842872 -0.471495926 0.057556018 0.879988015 6.362404346
0.881814539 0.028366998 0.470742315 5.000082970 0.003803869 0.997729003 -0.067248836 -0.565480530 -0.471580952 0.061091658 0.879704058 6.412487984
0.881715119 0.031228669 0.470747471 5.024598598 0.000364839 0.997761428 -0.066873312 -0.569505155 -0.471782148 0.059134953 0.879729927 6.460727215
0.881937087 0.032882672 0.470218688 5.050085545 -0.002491850 0.997875154 -0.065108307 -0.574852049 -0.471360505 0.056249708 0.880145073 6.510056019
0.882333934 0.027565645 0.469815880 5.076282024 0.003834104 0.997829020 -0.065746523 -0.579576135 -0.470608264 0.059811719 0.880312622 6.558881283
0.883010685 0.030805532 0.468340755 5.101952076 0.001593151 0.997641385 -0.068624467 -0.583909571 -0.469350070 0.061342284 0.880878806 6.606851101
0.882395685 0.039078187 0.468882442 5.127349377 -0.006186302 0.997422397 -0.071486361 -0.588532627 -0.470467418 0.060178611 0.880362988 6.657288074
0.882517695 0.046024829 0.468021721 5.152215958 -0.012755319 0.997176051 -0.074009523 -0.593250811 -0.470106304 0.059344940 0.880612433 6.705855370
0.882472754 0.044168577 0.468285084 5.177137375 -0.009128155 0.997001946 -0.076835275 -0.598496735 -0.470274895 0.063530453 0.880230308 6.754646778
0.881979048 0.044504598 0.469182432 5.201747894 -0.008934362 0.996931314 -0.077769548 -0.603577614 -0.471203744 0.064399265 0.879670203 6.802737713
0.883239746 0.046998452 0.466560543 5.227477551 -0.011090100 0.996779978 -0.079414979 -0.608439803 -0.468790501 0.064968266 0.880916893 6.851859570
0.884314060 0.038065303 0.465338320 5.252520561 -0.002438090 0.997033894 -0.076925434 -0.613765061 -0.466886222 0.066891700 0.881783783 6.899903774
0.886079311 0.032327157 0.462405086 5.278686523 0.001551243 0.997352719 -0.072698399 -0.618863761 -0.463531107 0.065133840 0.883683503 6.947983742
0.887342811 0.025248731 0.460418582 5.302830696 0.006383832 0.997731328 -0.067017503 -0.623395860 -0.461066186 0.062406722 0.885168552 6.993598461
0.888834596 0.023461174 0.457627118 5.327498436 0.007651033 0.997789323 -0.066014037 -0.628799021 -0.458164304 0.062176879 0.886690199 7.041735172
0.891144991 0.023280587 0.453120708 5.350451469 0.009952780 0.997439504 -0.070820741 -0.633218169 -0.453609169 0.067621373 0.888631582 7.087723732
0.894021392 0.025529357 0.447296381 5.373594761 0.008458993 0.997235417 -0.073824197 -0.638083100 -0.447944432 0.069784090 0.891333818 7.133797169
0.897514641 0.025752576 0.440231889 5.395201206 0.007639462 0.997235596 -0.073910855 -0.642818928 -0.440918297 0.069699213 0.894836903 7.180125713
0.902242243 0.020165544 0.430757880 5.418918610 0.011090206 0.997490644 -0.069925576 -0.646826148 -0.431086987 0.067867011 0.899754524 7.228638172
0.907152772 0.016750183 0.420467913 5.440418720 0.013204267 0.997582257 -0.068228692 -0.651724696 -0.420594275 0.067445815 0.904738367 7.274680138
0.912794709 0.011758626 0.408249408 5.461777210 0.018752033 0.997324705 -0.070652723 -0.656428576 -0.407987952 0.072146937 0.910132229 7.322874069
0.918882251 0.013420273 0.394303530 5.482663155 0.016209705 0.997293234 -0.071718246 -0.660641491 -0.394198656 0.072292171 0.916177511 7.369687080
0.924209177 0.010852040 0.381732345 5.501680374 0.017995767 0.997248054 -0.071919575 -0.665031433 -0.381462306 0.073338300 0.921470582 7.416659355
0.929470181 0.011051993 0.368731469 5.520189285 0.017541526 0.997096300 -0.074103311 -0.669606924 -0.368479788 0.075344943 0.926577568 7.463924408
0.934509039 0.014272004 0.355652928 5.538233757 0.015321947 0.996656597 -0.080254607 -0.674964726 -0.355609208 0.080447949 0.931166053 7.510853291
0.938868701 0.024814524 0.343379974 5.553791046 0.006749930 0.995880544 -0.090423435 -0.679427505 -0.344209224 0.087213524 0.934833527 7.557335377
0.943414330 0.030670324 0.330194890 5.569579601 0.001953032 0.995182693 -0.098018140 -0.684856892 -0.331610590 0.093116596 0.938809693 7.604065418
0.947775662 0.030259533 0.317498833 5.585390091 0.001280979 0.995119929 -0.098664738 -0.690127075 -0.318934977 0.093918741 0.943111718 7.651471138
0.951442838 0.031091077 0.306251138 5.600350380 -0.002099043 0.995518446 -0.094545357 -0.695953906 -0.307818085 0.089311682 0.947244108 7.699094772
0.954439402 0.035223618 0.296318561 5.613904476 -0.008076952 0.995694458 -0.092343189 -0.701597095 -0.298295468 0.085742623 0.950614512 7.746829033
0.956750572 0.042153578 0.287839055 5.625988007 -0.014039913 0.994983733 -0.099046417 -0.706547260 -0.290570349 0.090721503 0.952543139 7.790987492
0.958823383 0.045564864 0.280323982 5.640633106 -0.016044857 0.994160354 -0.106714338 -0.712466717 -0.283549458 0.097822443 0.953955173 7.840317726
0.959561765 0.049464293 0.277118117 5.654238701 -0.019598709 0.993790925 -0.109523691 -0.718014359 -0.280815035 0.099663563 0.954573274 7.889242172
0.959860086 0.049021814 0.276162475 5.668735504 -0.020574728 0.994261444 -0.104980379 -0.723660350 -0.279724002 0.095084503 0.955360293 7.935009480
0.959504366 0.049197529 0.277364522 5.682475090 -0.021957465 0.994697213 -0.100475594 -0.729750931 -0.280836850 0.090316556 0.955496490 7.980351448
0.958570004 0.047710489 0.280833215 5.696232796 -0.020791335 0.994962692 -0.098066039 -0.735266447 -0.284097344 0.088164277 0.954733372 8.028524399
0.957748055 0.047368079 0.283681035 5.710553169 -0.020036064 0.994936764 -0.098486453 -0.740429521 -0.286909759 0.088641353 0.953847706 8.074563026
0.956833720 0.045977734 0.286976129 5.724768162 -0.018378140 0.995003164 -0.098137684 -0.746130109 -0.290054321 0.088627338 0.952897549 8.121407509
0.955421925 0.045814227 0.291667312 5.737627029 -0.018067444 0.995108366 -0.097124629 -0.751410067 -0.294690222 0.087525323 0.951575994 8.165768623
0.954115272 0.044704139 0.296083838 5.750826836 -0.016267953 0.995071471 -0.097817898 -0.756659627 -0.298997402 0.088512883 0.950139999 8.209797859
0.952069819 0.047589224 0.302155823 5.766231537 -0.019359639 0.995217621 -0.095744990 -0.761909068 -0.305267215 0.085306287 0.948437989 8.256853104
0.950384855 0.044794492 0.307834536 5.780595303 -0.016867530 0.995542884 -0.092790708 -0.767443478 -0.310618967 0.082994483 0.946904242 8.302064896
0.948473215 0.045755450 0.313536167 5.794244766 -0.017282505 0.995516300 -0.092998177 -0.772319317 -0.316385478 0.082787618 0.945011258 8.344716072
0.946601927 0.048338078 0.318760395 5.809076309 -0.018813970 0.995293796 -0.095059663 -0.777100921 -0.321855187 0.083986521 0.943056405 8.390569687
0.945528507 0.049588867 0.321740329 5.823829651 -0.019167364 0.995095670 -0.097042181 -0.782543540 -0.324974567 0.085589230 0.941841781 8.432375908
0.944662511 0.050711457 0.324100554 5.838520050 -0.019291110 0.994857013 -0.099435382 -0.787764192 -0.327476233 0.087680623 0.940782309 8.475445747
0.944395900 0.048024073 0.325284570 5.854159832 -0.015884727 0.994785011 -0.100749187 -0.793061733 -0.328426600 0.089980073 0.940233707 8.519169807
0.944542229 0.044600096 0.325347215 5.868571281 -0.012988046 0.995032787 -0.098697014 -0.798384726 -0.328133017 0.088997878 0.940429688 8.562310219
0.946278095 0.039868731 0.320886672 5.884281635 -0.009741562 0.995434284 -0.094950914 -0.803697050 -0.323207110 0.086724035 0.942346036 8.605020523
0.948562980 0.039365429 0.314131558 5.897631645 -0.009866562 0.995433271 -0.094949394 -0.808737040 -0.316434681 0.086966090 0.944619596 8.647244453
0.952068925 0.035639156 0.303800315 5.911122799 -0.006977395 0.995461166 -0.094912447 -0.814216435 -0.305804074 0.088243455 0.947996318 8.689018250
0.956613541 0.032173872 0.289578378 5.923904419 -0.004600285 0.995428383 -0.095401078 -0.818821311 -0.291323930 0.089929812 0.952388108 8.731612206
0.960914850 0.031861898 0.275004327 5.935779095 -0.006399081 0.995645940 -0.092995599 -0.823640466 -0.276769996 0.087601081 0.956934929 8.773301125
0.965252161 0.034905829 0.258978516 5.946727276 -0.012430163 0.996049881 -0.087921195 -0.828659654 -0.261024535 0.081646971 0.961873174 8.816152573
0.969442904 0.033207230 0.243059143 5.956668854 -0.013786978 0.996605039 -0.081168741 -0.832870007 -0.244929388 0.075337403 0.966609478 8.858047485
0.973368466 0.031290695 0.227100819 5.966022015 -0.014792937 0.997149467 -0.073987104 -0.836924255 -0.228768587 0.068657205 0.971056759 8.900978088
0.977185965 0.029405117 0.210340053 5.973941326 -0.015828034 0.997697830 -0.065943152 -0.840975821 -0.211794883 0.061109453 0.975401700 8.942935944
0.980496049 0.029661166 0.194287226 5.981441021 -0.018408328 0.998060346 -0.059470378 -0.844801903 -0.195674315 0.054733962 0.979140282 8.984288216
0.983923674 0.029533176 0.176130548 5.988331795 -0.019789446 0.998188198 -0.056823514 -0.848343968 -0.177489564 0.052424476 0.982725382 9.027104378
0.987059176 0.027811067 0.157926500 5.995047569 -0.019298306 0.998289704 -0.055183474 -0.851421654 -0.159191132 0.051421635 0.985907674 9.068473816
0.989510834 0.028595181 0.141599655 5.998972893 -0.021114551 0.998314798 -0.054053165 -0.854514718 -0.142906666 0.050496385 0.988447189 9.109866142
0.991517663 0.033251211 0.125646293 6.003192425 -0.026837653 0.998265624 -0.052397348 -0.857186973 -0.127170637 0.048580844 0.990690470 9.150782585
0.993187249 0.034668379 0.111252993 6.006538868 -0.029496845 0.998421371 -0.047798816 -0.860088587 -0.112734474 0.044191547 0.992641926 9.191059113
0.994610369 0.031139465 0.098896571 6.010365009 -0.026857130 0.998655379 -0.044341419 -0.862653494 -0.100144356 0.041446362 0.994109213 9.232952118
0.995671332 0.029663807 0.088082813 6.013524532 -0.025937062 0.998731554 -0.043156985 -0.865710735 -0.089251310 0.040685572 0.995177805 9.271009445
0.996331334 0.034932598 0.078125335 6.015890598 -0.031420462 0.998459041 -0.045741580 -0.868414044 -0.079602838 0.043119039 0.995893598 9.310999870
0.996935606 0.038633648 0.068019927 6.017832756 -0.035121672 0.998024523 -0.052091774 -0.871129274 -0.069898047 0.049543183 0.996323049 9.349246025
0.997500300 0.039354216 0.058688611 6.019160748 -0.035708971 0.997442365 -0.061917465 -0.873751044 -0.060975205 0.059666991 0.996354342 9.387733459
0.998162448 0.034186795 0.050030265 6.021159172 -0.030689020 0.997138619 -0.069085136 -0.876266420 -0.052248910 0.067422807 0.996355474 9.427318573
0.998538852 0.032627940 0.043078408 6.022917271 -0.029686904 0.997295737 -0.067230456 -0.879151046 -0.045155510 0.065853342 0.996807098 9.465867043
0.998621345 0.035975929 0.038224746 6.022931576 -0.033694278 0.997704148 -0.058745064 -0.881632566 -0.040250398 0.057376117 0.997540891 9.507371902
0.998622954 0.039719839 0.034272559 6.023495197 -0.038088050 0.998167574 -0.047018647 -0.884419560 -0.036077335 0.045648526 0.998305857 9.547512054
0.998670340 0.039861660 0.032686934 6.024137497 -0.038621623 0.998541355 -0.037729189 -0.887811780 -0.034143202 0.036416598 0.998753250 9.587966919
0.998778582 0.037472039 0.032203633 6.024469376 -0.036219027 0.998596251 -0.038648900 -0.889716089 -0.033606675 0.037435308 0.998733819 9.628809929
0.998967528 0.033071324 0.031146009 6.025309563 -0.031773988 0.998642802 -0.041265488 -0.892140508 -0.032468438 0.040233247 0.998662651 9.667980194
0.999093533 0.031119730 0.029052945 6.026471615 -0.029864559 0.998642325 -0.042680614 -0.893110991 -0.030341713 0.041774262 0.998666227 9.708359718
0.999084294 0.032330599 0.028022747 6.027011395 -0.031233206 0.998760581 -0.038751408 -0.896128416 -0.029240873 0.037840679 0.998855889 9.748395920
0.999144614 0.033139750 0.024733603 6.028364658 -0.032248784 0.998845935 -0.035591483 -0.897362292 -0.025884554 0.034763411 0.999060333 9.789870262
0.999179244 0.033452634 0.022840578 6.027899742 -0.032754820 0.999004900 -0.030271150 -0.899946094 -0.023830496 0.029498169 0.999280751 9.830284119
0.999370277 0.030477012 0.018169247 6.028642654 -0.029980384 0.999185503 -0.027006391 -0.902231574 -0.018977519 0.026444664 0.999470055 9.870308876
0.999500930 0.029137596 0.012202138 6.028518200 -0.028827365 0.999274790 -0.024872206 -0.903718114 -0.012918007 0.024508037 0.999616086 9.911360741
0.999621809 0.027192704 0.004105835 6.028131485 -0.027096067 0.999390841 -0.021996865 -0.905385435 -0.004701491 0.021877298 0.999749541 9.952138901
0.999648571 0.025887715 -0.005703317 6.027346134 -0.025999654 0.999451399 -0.020514881 -0.907392502 0.005169106 0.020655956 0.999773264 9.993258476
0.999458671 0.028397230 -0.016615883 6.025111675 -0.028755751 0.999349713 -0.021751054 -0.909309149 0.015987411 0.022217076 0.999625325 10.034482002
0.999163508 0.028833803 -0.028998241 6.023283005 -0.029554062 0.999257326 -0.024723915 -0.910910368 0.028263822 0.025560249 0.999273658 10.076512337
0.998683572 0.029786741 -0.041761965 6.021207809 -0.030937277 0.999151707 -0.027179578 -0.912483811 0.040916946 0.028435798 0.998757958 10.116996765
0.998130083 0.028693469 -0.053971149 6.018354416 -0.030218240 0.999160826 -0.027650906 -0.914119601 0.053132452 0.029230122 0.998159647 10.158473015
0.997436106 0.027897758 -0.065900937 6.014823437 -0.029529173 0.999277830 -0.023912368 -0.916031480 0.065186247 0.025797062 0.997539580 10.201482773
0.996542871 0.029815301 -0.077545024 6.010653973 -0.031587712 0.999264717 -0.021731107 -0.917655647 0.076840103 0.024105454 0.996751904 10.243240356
0.995512545 0.031197296 -0.089338653 6.005982876 -0.033101231 0.999253690 -0.019909358 -0.919052005 0.088650867 0.022777237 0.995802224 10.286450386
0.994432330 0.035521746 -0.099210486 6.000566006 -0.037398212 0.999153852 -0.017118143 -0.919924974 0.098518461 0.020733126 0.994919240 10.329065323
0.993521333 0.039907452 -0.106408462 5.994757652 -0.041862205 0.998992085 -0.016199507 -0.921457469 0.105654746 0.020549046 0.994190514 10.371286392
0.993080258 0.039914634 -0.110446356 5.988706112 -0.041521385 0.999062121 -0.012285316 -0.923377395 0.109852403 0.016786190 0.993806124 10.415500641
0.992832065 0.037976403 -0.113323912 5.984195709 -0.039310131 0.999181330 -0.009557079 -0.924314499 0.112868182 0.013943351 0.993512154 10.459370613
0.992953241 0.034326013 -0.113427565 5.978907585 -0.035951294 0.999277651 -0.012313794 -0.925346375 0.112922974 0.016304890 0.993469954 10.503948212
0.993178070 0.032113492 -0.112098046 5.973692894 -0.033859182 0.999332666 -0.013703536 -0.926506162 0.111583166 0.017405597 0.993602633 10.548810959
0.993414283 0.028955787 -0.110858999 5.967929363 -0.030963907 0.999385357 -0.016435254 -0.927798450 0.110314958 0.019759642 0.993700206 10.593898773
0.993500590 0.025281712 -0.110983253 5.963562965 -0.027227756 0.999500334 -0.016053915 -0.928518534 0.110521935 0.018971400 0.993692577 10.640677452
0.993612468 0.023019623 -0.110473722 5.958951473 -0.024373394 0.999643326 -0.010919293 -0.930041790 0.110182963 0.013542164 0.993818998 10.685881615
0.993808031 0.023464840 -0.108603999 5.953164577 -0.024493501 0.999666810 -0.008147227 -0.931156158 0.108376622 0.010756874 0.994051635 10.734186172
0.994025469 0.021700986 -0.106968939 5.948047161 -0.022381533 0.999736249 -0.005165568 -0.932793260 0.106828600 0.007528836 0.994248986 10.780016899
0.994155049 0.023455502 -0.105382890 5.943288803 -0.024200829 0.999690235 -0.005799189 -0.932863712 0.105214231 0.008315645 0.994414806 10.826781273
0.994438291 0.023524458 -0.102658942 5.938012123 -0.024053289 0.999703050 -0.003916268 -0.934457898 0.102536328 0.006363771 0.994708896 10.871958733
0.994641662 0.025728688 -0.100130431 5.932643890 -0.026357457 0.999640286 -0.004961385 -0.935819983 0.099966764 0.007573982 0.994961917 10.918580055
0.994649947 0.023966270 -0.100484230 5.928066730 -0.025057787 0.999639750 -0.009614361 -0.936816394 0.100217633 0.012080838 0.994892120 10.969729424
0.994723082 0.024034332 -0.099740908 5.924432755 -0.025724377 0.999545872 -0.015692847 -0.938063800 0.099318452 0.018175814 0.994889617 11.013380051
0.994765043 0.026535342 -0.098683037 5.918544769 -0.028459877 0.999430239 -0.018145684 -0.939351618 0.098145321 0.020859202 0.994953394 11.063387871
0.994998932 0.028246339 -0.095808603 5.913228512 -0.029846393 0.999437273 -0.015308468 -0.940076947 0.095322296 0.018091450 0.995282054 11.110480309
0.994990826 0.030537175 -0.095188014 5.908133984 -0.031669065 0.999444246 -0.010402781 -0.942818463 0.094817437 0.013365186 0.995404899 11.159770012
0.995150983 0.035141081 -0.091866218 5.903339386 -0.036211956 0.999293923 -0.010015664 -0.943947196 0.091449372 0.013293753 0.995720923 11.206020355
0.995528579 0.036544204 -0.087105118 5.898284912 -0.037495211 0.999253452 -0.009306324 -0.945184827 0.086700007 0.012530737 0.996155679 11.255382538
0.996123433 0.037475530 -0.079585209 5.894886017 -0.038267996 0.999231756 -0.008455166 -0.946638048 0.079207212 0.011467953 0.996792257 11.301542282
0.996839106 0.037513528 -0.070032343 5.890505791 -0.038147945 0.999242127 -0.007743055 -0.948713422 0.069688797 0.010390170 0.997514606 11.351560593
0.997714281 0.032770544 -0.059094876 5.888089180 -0.033488996 0.999376237 -0.011208156 -0.949408531 0.058690704 0.013161564 0.998189390 11.397771835
0.998194098 0.035735250 -0.048286304 5.885816097 -0.036441021 0.999240220 -0.013815690 -0.951655507 0.047755912 0.015550341 0.998737991 11.445715904
0.998622358 0.037651904 -0.036545709 5.884786606 -0.038158108 0.999183774 -0.013253708 -0.952676296 0.036016859 0.014629967 0.999244034 11.492149353
0.999145985 0.033225533 -0.024563955 5.883454323 -0.033408258 0.999416769 -0.007066143 -0.954158247 0.024314849 0.007880745 0.999673426 11.541007996
0.999497712 0.027652880 -0.015475409 5.883210659 -0.027661392 0.999617279 -0.000336008 -0.955254853 0.015460192 0.000763909 0.999880195 11.588029861
0.999561310 0.028695460 -0.007335566 5.882756710 -0.028655764 0.999574423 0.005460520 -0.956174970 0.007489136 -0.005247919 0.999958098 11.636096954
0.999419689 0.033986352 -0.002301177 5.881917953 -0.033967379 0.999392271 0.007835390 -0.956787169 0.002566074 -0.007752678 0.999966621 11.682347298
0.999445438 0.033294138 0.000497377 5.881437302 -0.033297360 0.999400318 0.009500121 -0.957160473 -0.000180781 -0.009511416 0.999954760 11.730569839
0.999458075 0.032836467 0.002320061 5.881405354 -0.032857180 0.999414563 0.009540859 -0.957097352 -0.002005415 -0.009611920 0.999951780 11.777288437
0.999467909 0.032513097 0.002579136 5.881608009 -0.032532986 0.999437869 0.008094855 -0.957988143 -0.002314496 -0.008174456 0.999963939 11.824309349
0.999323249 0.036633104 0.003328216 5.881217003 -0.036654864 0.999305308 0.006733344 -0.958089709 -0.003079240 -0.006850784 0.999971807 11.871276855
0.999299169 0.037322782 0.002860530 5.880824089 -0.037344385 0.999271095 0.007913362 -0.958537400 -0.002563096 -0.008014641 0.999964595 11.919002533
0.999270141 0.038174458 0.001411165 5.880609035 -0.038185276 0.999233186 0.008652609 -0.958506823 -0.001079775 -0.008700178 0.999961555 11.964922905
0.999289095 0.037699308 0.000166757 5.879999638 -0.037698824 0.999226928 0.011151451 -0.959553838 0.000253774 -0.011149808 0.999937832 12.014927864
