0.999923825 0.000179665 0.012341654 0.000663502 -0.000227820 0.999992371 0.003900514 -0.000873180 -0.012340859 -0.003903028 0.999916255 0.056173865
0.999676466 0.000028355 0.025436567 0.002169827 -0.000189865 0.999979854 0.006347138 -0.001733022 -0.025435872 -0.006349915 0.999656200 0.112506755
0.999209642 -0.000509700 0.039745051 0.004192169 0.000240604 0.999976993 0.006775041 -0.002527829 -0.039747588 -0.006760124 0.999186873 0.168962806
0.998519361 -0.000182539 0.054397676 0.007031908 -0.000124437 0.999984086 0.005639738 -0.002894810 -0.054397840 -0.005638157 0.998503447 0.225777820
0.997488558 -0.000956310 0.070820265 0.011263172 0.000664758 0.999991179 0.004140243 -0.003272492 -0.070823602 -0.004082767 0.997480512 0.282571733
0.995799959 0.000236727 0.091554619 0.016264217 -0.000477127 0.999996424 0.002603876 -0.004063160 -0.091553666 -0.002636623 0.995796800 0.339775205
0.993093014 0.003453633 0.117278174 0.022763018 -0.003693237 0.999991477 0.001825786 -0.005157259 -0.117270865 -0.002246312 0.993097544 0.396809936
0.989055932 0.005687705 0.147431463 0.031102318 -0.005878034 0.999982357 0.000855304 -0.005867628 -0.147424012 -0.001712551 0.989071846 0.453638643
0.983647287 0.006679728 0.179981291 0.041835848 -0.006927105 0.999975681 0.000745978 -0.007042464 -0.179971918 -0.001980528 0.983669758 0.510859787
0.976739347 0.006598385 0.214328378 0.053789005 -0.006741141 0.999977291 -0.000064841 -0.008175791 -0.214323938 -0.001381485 0.976761639 0.567369223
0.969030380 0.005503099 0.246880159 0.068546087 -0.005416215 0.999984741 -0.001031023 -0.009788737 -0.246882066 -0.000338063 0.969045401 0.623694658
0.960390985 0.006653087 0.278576493 0.084689781 -0.005832722 0.999975860 -0.003773586 -0.010584431 -0.278594941 0.001999259 0.960406601 0.679203212
0.950736642 0.007950596 0.309897691 0.102799065 -0.006104095 0.999957323 -0.006927671 -0.012042974 -0.309939623 0.004694745 0.950744629 0.735826969
0.940383136 0.005579354 0.340071172 0.123371616 -0.002021727 0.999939501 -0.010814848 -0.013994148 -0.340110898 0.009482571 0.940337479 0.790103972
0.929277003 0.001471515 0.369380713 0.145989940 0.004573095 0.999869585 -0.015488071 -0.016200818 -0.369355321 0.016081924 0.929149091 0.843885779
0.917524338 -0.003532957 0.397663862 0.170040935 0.012899589 0.999698699 -0.020881440 -0.017452627 -0.397470295 0.024288930 0.917293549 0.897621632
0.905447364 -0.007500836 0.424392313 0.196306005 0.019879349 0.999496043 -0.024747491 -0.019840812 -0.423992842 0.030844193 0.905140162 0.951975942
0.893017650 -0.014483764 0.449788809 0.223718673 0.030280789 0.999150693 -0.027946020 -0.022718448 -0.449002028 0.038576242 0.892697632 1.003294468
0.880477250 -0.017073162 0.473780990 0.251967132 0.038455088 0.998630285 -0.035478529 -0.026396081 -0.472526342 0.049457319 0.879927695 1.053718209
0.867626667 -0.013662522 0.497028470 0.282213956 0.043846935 0.997830391 -0.049111664 -0.030782066 -0.495279044 0.064403765 0.866343319 1.105129004
0.854149938 -0.003655193 0.520014048 0.311373949 0.044624183 0.996801972 -0.066290967 -0.034028854 -0.518108726 0.079827636 0.851581395 1.153490186
0.840066612 0.004078568 0.542467892 0.343968928 0.047188196 0.995632052 -0.080561399 -0.039347075 -0.540426970 0.093275018 0.836204767 1.203030586
0.825704396 0.007932988 0.564047158 0.377637595 0.051807083 0.994608939 -0.089828581 -0.044059046 -0.561718822 0.103393510 0.820841968 1.250515103
0.811144114 0.008716415 0.584781349 0.412275225 0.055406772 0.994246602 -0.091673799 -0.050761484 -0.582215846 0.106761523 0.805994153 1.297130108
0.796312809 0.005647699 0.604858696 0.447956264 0.060475998 0.994202793 -0.088901408 -0.056966294 -0.601854146 0.107372761 0.791355014 1.344257832
0.782529533 -0.000561648 0.622613251 0.484785229 0.065486535 0.994526982 -0.081409410 -0.063306391 -0.619159877 0.104478046 0.778283596 1.388620615
0.769583821 -0.008337229 0.638491392 0.522055328 0.073218144 0.994471788 -0.075265460 -0.068986140 -0.634334207 0.104672223 0.765939832 1.432957053
0.759329796 -0.009716421 0.650633514 0.560556412 0.075941280 0.994379044 -0.073778361 -0.074456185 -0.646259367 0.105432048 0.755799472 1.478093863
0.751128197 -0.010893116 0.660066545 0.600456119 0.080557808 0.993903935 -0.075268984 -0.080513120 -0.655222774 0.109710157 0.747426748 1.522090435
0.743638277 -0.010038903 0.668506861 0.638676286 0.082286477 0.993659556 -0.076612711 -0.086215734 -0.663499057 0.111981221 0.739749312 1.564620376
0.735550225 -0.002349439 0.677466035 0.676678658 0.075835705 0.993994534 -0.078890488 -0.092017420 -0.673212171 0.109404035 0.731311142 1.606132984
0.726369083 -0.002292420 0.687300920 0.714482427 0.075681970 0.994180202 -0.076667964 -0.097772062 -0.683125257 0.107705548 0.722315252 1.647779226
0.719668269 -0.004366407 0.694304347 0.756197095 0.079486266 0.993923962 -0.076139346 -0.103571795 -0.689753115 0.109982736 0.715642571 1.688524008
0.713859737 -0.004169603 0.700276196 0.797205329 0.082050003 0.993592799 -0.077725485 -0.108231835 -0.695465267 0.112942778 0.709627926 1.729483604
0.710813880 -0.002538016 0.703375578 0.839563012 0.083017789 0.993306637 -0.080311507 -0.113656119 -0.698463798 0.115479231 0.706266820 1.773126721
0.710853934 0.000712500 0.703339279 0.880614519 0.081938080 0.993106484 -0.083819553 -0.118321404 -0.698550463 0.117213741 0.705895305 1.815616965
0.713707566 -0.003075534 0.700437188 0.923869133 0.085088767 0.992965102 -0.082340837 -0.124924466 -0.695256412 0.118366607 0.708948433 1.858812332
0.718429863 -0.002413013 0.695595205 0.965645492 0.082769148 0.993186057 -0.082040906 -0.131357700 -0.690657496 0.116514459 0.713734269 1.903259635
0.723761618 -0.001934166 0.690047383 1.006755710 0.080895983 0.993338525 -0.082064100 -0.136861816 -0.685291886 0.115216911 0.719096661 1.948458910
0.729736030 -0.000476770 0.683728814 1.051162958 0.078624196 0.993424535 -0.083221994 -0.142701566 -0.679193318 0.114487723 0.724975288 1.995578170
0.735048234 0.002416124 0.678010345 1.097271919 0.074284628 0.993686795 -0.084074907 -0.149088487 -0.673933089 0.112164877 0.730228305 2.045915604
0.738970816 0.004910265 0.673719466 1.144136548 0.070261136 0.993959248 -0.084310375 -0.155034572 -0.670063794 0.109639212 0.734162033 2.096712351
0.739877164 0.008005358 0.672694266 1.189685822 0.065434948 0.994331658 -0.083803006 -0.162188053 -0.669552088 0.106021665 0.735159397 2.148854733
0.739408076 0.009069755 0.673196435 1.233144283 0.062472291 0.994670987 -0.082017563 -0.168751881 -0.670352817 0.102700599 0.734901130 2.198824644
0.738417327 0.009643720 0.674275100 1.279778481 0.061531886 0.994762838 -0.081612706 -0.175539643 -0.671531022 0.101753652 0.733956695 2.251566648
0.738252938 0.009027409 0.674463511 1.326413035 0.061525341 0.994840980 -0.080659822 -0.182210669 -0.671712220 0.101043940 0.733888865 2.301581383
0.738295019 0.008261725 0.674427330 1.378186107 0.061803792 0.994889557 -0.079843923 -0.188934177 -0.671640337 0.100630529 0.734011412 2.358145237
0.737625360 0.007345827 0.675170302 1.423439622 0.062305361 0.994934082 -0.078893594 -0.194821298 -0.672329426 0.100260645 0.733430862 2.411350250
0.738077044 0.007195838 0.674678087 1.477433681 0.061887950 0.995005786 -0.078315817 -0.203208342 -0.671872139 0.099557541 0.733945549 2.467314482
0.738067448 0.008449032 0.674674094 1.528092384 0.059515584 0.995208800 -0.077570885 -0.209841520 -0.672096968 0.097406164 0.734028339 2.523242235
0.737987757 0.008640233 0.674758792 1.576738000 0.059088457 0.995249987 -0.077369504 -0.216762692 -0.672222137 0.096968204 0.733971775 2.576981783
0.737957597 0.009703130 0.674777329 1.623509645 0.057529818 0.995352209 -0.077229343 -0.223756820 -0.672390401 0.095811799 0.733969510 2.629357338
0.739265621 0.008338230 0.673362315 1.674060702 0.057427283 0.995500207 -0.075375058 -0.231299520 -0.670960844 0.094391555 0.735460222 2.685575724
0.740937471 0.006191127 0.671545446 1.722726107 0.057840291 0.995653510 -0.072996184 -0.237629190 -0.669078588 0.092927985 0.737358987 2.740017414
0.742759466 0.005288465 0.669537425 1.772042036 0.057652242 0.995749831 -0.071822323 -0.243530691 -0.667071640 0.091947056 0.739297748 2.793655157
0.744581938 0.004745994 0.667514205 1.820270181 0.057743564 0.995768428 -0.071490198 -0.249946594 -0.665028930 0.091774955 0.741157174 2.846410513
0.745873928 0.006036070 0.666059792 1.868083596 0.056771509 0.995744169 -0.072598249 -0.256520033 -0.663663447 0.091962345 0.742356896 2.903457642
0.747080386 0.004635090 0.664717555 1.919115543 0.058185525 0.995681465 -0.072338000 -0.264155447 -0.662182271 0.092719235 0.743584454 2.958653450
0.746231675 0.007175217 0.665647745 1.966065764 0.056845520 0.995602548 -0.074459173 -0.270786196 -0.663254857 0.093402877 0.742542267 3.012728214
0.744247854 0.009755827 0.667832255 2.015525341 0.055869795 0.995479524 -0.076804787 -0.278092444 -0.665562689 0.094473451 0.740338504 3.067383051
0.740540147 0.011555336 0.671912789 2.063318729 0.055072173 0.995445430 -0.077816442 -0.284800023 -0.669751704 0.094629899 0.736530960 3.120687485
0.735978007 0.009251841 0.676942229 2.112513065 0.056837458 0.995532155 -0.075400271 -0.292187214 -0.674615383 0.093968600 0.732163906 3.176400661
0.731855929 0.006202425 0.681431174 2.162384272 0.058295399 0.995723128 -0.071672276 -0.298838854 -0.678961456 0.092178062 0.728364408 3.230227947
0.727598310 0.007931379 0.685957491 2.211310625 0.055453271 0.995980978 -0.070335567 -0.305809706 -0.683758497 0.089214638 0.724234223 3.282437801
0.723612666 0.007963521 0.690160394 2.261146784 0.058165997 0.995672762 -0.072474048 -0.312740237 -0.687751055 0.092587017 0.720018148 3.335684538
0.719700933 0.009248476 0.694222569 2.310184479 0.058467273 0.995552063 -0.073875844 -0.318956047 -0.691817999 0.093757831 0.715959013 3.385425091
0.716160893 0.012153851 0.697829306 2.360768795 0.056852993 0.995509624 -0.075684927 -0.325566173 -0.695615768 0.093876272 0.712254167 3.436543703
0.712721884 0.014049230 0.701306045 2.409013748 0.055664919 0.995513380 -0.076514103 -0.332120389 -0.699234545 0.093571387 0.708742142 3.487376213
0.710096419 0.011633857 0.704008281 2.459259748 0.057752959 0.995531976 -0.074703693 -0.339005023 -0.701732039 0.093705401 0.706251740 3.537508488
0.707998693 0.005674827 0.706190944 2.508805037 0.058109950 0.996108592 -0.066263251 -0.344854981 -0.703818917 0.087951005 0.704913855 3.587756634
0.706462979 -0.001013532 0.707749307 2.559067965 0.057987221 0.996719778 -0.056454472 -0.350412011 -0.705370545 0.080923408 0.704204381 3.637669802
0.704817533 -0.003336208 0.709380925 2.608433008 0.058720015 0.996831596 -0.053654194 -0.356399119 -0.706954181 0.079471268 0.702780128 3.687357903
0.703491151 0.000590949 0.710703850 2.657078505 0.058727153 0.996531427 -0.058959760 -0.361914068 -0.708273530 0.083215274 0.701016188 3.736346960
0.702833176 0.003710324 0.711345017 2.706239223 0.061055548 0.995981634 -0.065519944 -0.367142618 -0.708729625 0.089481153 0.699782372 3.784440041
0.702696443 0.000376133 0.711489618 2.755796671 0.066415966 0.995598853 -0.066121452 -0.372755170 -0.708383143 0.093717568 0.699578643 3.832416773
0.702427447 -0.002313695 0.711751580 2.804724216 0.069805063 0.995397747 -0.065654837 -0.378510565 -0.708324015 0.095801629 0.699356198 3.880547285
0.703035653 -0.003357402 0.711146772 2.853678703 0.067960158 0.995729446 -0.062484056 -0.383969545 -0.707900047 0.092258148 0.700261414 3.928769827
0.703753531 -0.004927406 0.710427105 2.903692484 0.065869838 0.996121109 -0.058342133 -0.388605952 -0.707383990 0.087854199 0.701348364 3.977933645
0.705095112 -0.006170598 0.709085822 2.952244282 0.062081628 0.996659636 -0.053059109 -0.393010497 -0.706389904 0.081432931 0.703122973 4.025800228
0.705119908 -0.001275534 0.709087014 3.000193596 0.053609233 0.997232258 -0.051515449 -0.398667812 -0.707058668 0.074338175 0.703236759 4.075870037
0.706473768 0.003077385 0.707732618 3.047160625 0.045594644 0.997715414 -0.049851831 -0.403578252 -0.706269026 0.067487836 0.704719424 4.124636650
0.707935572 -0.000317002 0.706276953 3.095602989 0.049439181 0.997569084 -0.049107537 -0.408129901 -0.704544544 0.069682717 0.706230342 4.173536301
0.710325539 -0.001946338 0.703870595 3.142621994 0.053063363 0.997298539 -0.050792258 -0.412934870 -0.701870263 0.073428780 0.708509922 4.221302986
0.715060472 -0.002976964 0.699056268 3.191106319 0.055983186 0.997022986 -0.053018998 -0.417898774 -0.696817338 0.077047192 0.713098407 4.269977570
0.721174538 -0.007006221 0.692718089 3.238116741 0.060470674 0.996768653 -0.052873347 -0.422740400 -0.690109253 0.080020040 0.719267726 4.318891048
0.727754533 -0.013197019 0.685710728 3.284739256 0.067803487 0.996301293 -0.052786235 -0.427868485 -0.682477832 0.084909000 0.725957572 4.366990089
0.735258341 -0.010547303 0.677704990 3.328878403 0.064164385 0.996471584 -0.054105133 -0.432052970 -0.674742997 0.083265781 0.733340800 4.416512966
0.744488537 -0.010683870 0.667549729 3.375230312 0.062191796 0.996634066 -0.053409036 -0.437203825 -0.664732158 0.081278518 0.742647231 4.467825413
0.752770245 -0.014260373 0.658128858 3.417548180 0.062603049 0.996784925 -0.050007205 -0.441793293 -0.655299783 0.078844815 0.751242757 4.517610550
0.761812329 -0.013751667 0.647651851 3.462854862 0.061017547 0.996852994 -0.050606724 -0.446456939 -0.644917667 0.078070953 0.760254025 4.569253445
0.769270241 -0.014908238 0.638749540 3.502414227 0.060613316 0.996921659 -0.049731035 -0.450862229 -0.636041880 0.076973334 0.767805755 4.620447159
0.777024567 -0.014585868 0.629301190 3.542092323 0.060707148 0.996807814 -0.051853791 -0.454821169 -0.626536012 0.078494750 0.775429726 4.672045708
0.786129296 -0.012990218 0.617925584 3.584178209 0.060482863 0.996597350 -0.055995952 -0.460767508 -0.615095556 0.081393965 0.784240067 4.723983288
0.793617308 -0.009596672 0.608341694 3.623247862 0.062964767 0.995802283 -0.066432312 -0.465189815 -0.605150402 0.091025919 0.790890217 4.775984287
0.801914632 -0.008246843 0.597381711 3.663060188 0.063157126 0.995472014 -0.071038537 -0.471422076 -0.594090998 0.094695747 0.798804462 4.829546928
0.809573948 -0.006549897 0.586981356 3.701491117 0.058754165 0.995820582 -0.069922686 -0.476344407 -0.584070265 0.091095179 0.806575298 4.883383751
0.816993475 -0.012380405 0.576513946 3.739595890 0.061177749 0.995988011 -0.065308198 -0.483549505 -0.573392332 0.088626206 0.814473152 4.937921047
0.822980165 -0.008158090 0.568011463 3.775868416 0.056506217 0.996113598 -0.067563973 -0.489339590 -0.565252721 0.087700002 0.820242703 4.991827011
0.827059507 -0.000286607 0.562114418 3.811633348 0.051453181 0.995840311 -0.075197197 -0.494923264 -0.559754550 0.091115125 0.823633850 5.046939850
0.829446137 0.009826744 0.558500230 3.846302986 0.044206634 0.995554388 -0.083169326 -0.500815153 -0.556834698 0.093673892 0.825324416 5.102469444
0.832515717 0.012175356 0.553867579 3.883085728 0.043008730 0.995320797 -0.086525798 -0.507276833 -0.552329421 0.095855236 0.828096628 5.155964851
0.834541142 0.013124794 0.550789237 3.917860746 0.041111175 0.995445609 -0.086011097 -0.514682174 -0.549409628 0.094423398 0.830200732 5.210625172
0.837356746 0.015060742 0.546449184 3.952244997 0.039104588 0.995409250 -0.087356880 -0.520746768 -0.545256197 0.094517551 0.832923830 5.264078617
0.840643406 0.015967928 0.541353524 3.986885071 0.036007173 0.995705903 -0.085283563 -0.526526749 -0.540390611 0.091185674 0.836458743 5.319222927
0.843943119 0.011825383 0.536302209 4.021568775 0.036883149 0.996111810 -0.080004677 -0.534046948 -0.535163224 0.087299936 0.840225697 5.373740673
0.847521842 0.013556627 0.530587375 4.058289051 0.032952476 0.996401250 -0.078094192 -0.540850163 -0.529736638 0.083670691 0.844025135 5.431353092
0.850390553 0.020326937 0.525759041 4.089085579 0.025089648 0.996550083 -0.079110026 -0.546964705 -0.525553226 0.080465533 0.846946895 5.484411716
0.854237080 0.027222870 0.519170344 4.123147964 0.017828969 0.996506691 -0.081587754 -0.553486586 -0.519577682 0.078951560 0.850767612 5.541513920
0.857429087 0.027225336 0.513881445 4.154402733 0.019602144 0.996146798 -0.085482515 -0.559846759 -0.514228642 0.083368376 0.853591621 5.595798969
0.861035526 0.027265526 0.507813334 4.187003136 0.020788031 0.995839953 -0.088716306 -0.566166937 -0.508119762 0.086944334 0.856886804 5.652930260
0.864242792 0.027470689 0.502324343 4.218554974 0.018751398 0.996055126 -0.086732954 -0.573465228 -0.502725422 0.084377639 0.860318303 5.709486008
0.868373156 0.024227381 0.495319068 4.251273632 0.019252704 0.996406019 -0.082489930 -0.579043448 -0.495537341 0.081168287 0.864785790 5.764571190
0.872545242 0.022308975 0.488023549 4.282866478 0.018880073 0.996670663 -0.079316705 -0.585458100 -0.488168210 0.078421339 0.869219124 5.820619106
0.875273407 0.027576655 0.482841611 4.313319206 0.014772116 0.996382773 -0.083684899 -0.592522860 -0.483402818 0.080379739 0.871699929 5.877749920
0.878792346 0.027772779 0.476395547 4.344431877 0.015390735 0.996136189 -0.086463287 -0.598981082 -0.476956129 0.083315343 0.874969304 5.935291290
0.882174373 0.028339351 0.470069408 4.374224663 0.014640615 0.996054590 -0.087525599 -0.606199026 -0.470695227 0.084094949 0.878279030 5.991970539
0.884963751 0.029763786 0.464707792 4.403209209 0.012571647 0.996064246 -0.087737046 -0.612726033 -0.465490311 0.083486237 0.881106615 6.052099705
0.889453590 0.023541400 0.456418782 4.432727814 0.017659863 0.996156394 -0.085795186 -0.619605660 -0.456684232 0.084371142 0.885619044 6.104916096
0.893054724 0.021455761 0.449436307 4.462706089 0.019473854 0.996083379 -0.086247906 -0.626592219 -0.449526608 0.085776359 0.889139175 6.163929939
0.896262467 0.020423882 0.443053573 4.490275383 0.020054378 0.996051371 -0.086484358 -0.633215845 -0.443070471 0.086397864 0.892313838 6.219451904
0.898744941 0.025904590 0.437705994 4.515742779 0.013649790 0.996116638 -0.086980015 -0.639255226 -0.438259363 0.084147446 0.894901156 6.277188301
0.901685297 0.028236460 0.431470037 4.543914795 0.010025770 0.996231914 -0.086147681 -0.646504641 -0.432276756 0.082003906 0.898004591 6.335845947
0.903557301 0.026049104 0.427674651 4.571406841 0.011782137 0.996262133 -0.085573390 -0.653176427 -0.428305179 0.082359388 0.899873078 6.394752979
0.905554354 0.024498610 0.423522204 4.598816395 0.012934974 0.996272504 -0.085286237 -0.659586072 -0.424032837 0.082709581 0.901862085 6.453547001
0.907589436 0.023512434 0.419199973 4.625388145 0.014517683 0.996076286 -0.087300278 -0.666019201 -0.419607729 0.085318625 0.903686941 6.512164593
0.910412788 0.017987726 0.413309604 4.652356148 0.018708866 0.996242166 -0.084568366 -0.672632098 -0.413277626 0.084724687 0.906655014 6.569636822
0.912850738 0.009227532 0.408188939 4.679636002 0.026290752 0.996341348 -0.081318468 -0.679276943 -0.407445908 0.084963225 0.909268379 6.628799438
0.914651632 0.007995969 0.404163897 4.705235481 0.026856504 0.996393502 -0.080490835 -0.686023235 -0.403349876 0.084475487 0.911138177 6.686853886
0.916607201 0.010301833 0.399656326 4.731089592 0.024796920 0.996278107 -0.082552239 -0.692424715 -0.399019271 0.085578211 0.912940323 6.745980263
0.917826831 0.012979198 0.396768779 4.754838467 0.022654600 0.996124089 -0.084991299 -0.698215306 -0.396334052 0.086995929 0.913975418 6.803540230
0.918286681 0.015385131 0.395617098 4.779495239 0.019854570 0.996197879 -0.084826536 -0.704810262 -0.395417988 0.085749887 0.914489806 6.862763405
0.918718040 0.015865857 0.394595265 4.803885460 0.018911142 0.996278942 -0.084088244 -0.710664392 -0.394461066 0.084715635 0.914999247 6.921582222
0.919141710 0.012165699 0.393739223 4.828908443 0.020704420 0.996649563 -0.079126567 -0.717133164 -0.393382639 0.080880664 0.915810287 6.980321407
0.919284523 0.011631110 0.393421829 4.852524281 0.019436339 0.997002304 -0.074891023 -0.722974122 -0.393113583 0.076492831 0.916302681 7.039105892
0.919836998 0.010225976 0.392167300 4.878039360 0.019553792 0.997222543 -0.071866959 -0.729545295 -0.391813010 0.073774248 0.917082310 7.097520828
0.920232534 0.012107942 0.391184419 4.901964188 0.019528935 0.996855617 -0.076795056 -0.735407352 -0.390884250 0.078308731 0.917102635 7.155065536
0.920205712 0.014374090 0.391171128 4.925765514 0.018568343 0.996597588 -0.080302157 -0.741273165 -0.390994489 0.081157885 0.916807890 7.212436199
0.920287073 0.017578963 0.390848786 4.950009346 0.014982020 0.996673942 -0.080103233 -0.747132957 -0.390957028 0.079573676 0.916962683 7.269900799
0.920417309 0.019270983 0.390461862 4.973260403 0.012821929 0.996758878 -0.079418898 -0.753359795 -0.390726805 0.078105003 0.917187035 7.327739716
0.920538366 0.017230103 0.390271753 4.995993137 0.015286278 0.996673048 -0.080058001 -0.758549154 -0.390352726 0.079662293 0.917212427 7.383547306
0.920700431 0.018928688 0.389810920 5.020195961 0.014659178 0.996440947 -0.083009556 -0.764686525 -0.389994800 0.082141250 0.917146087 7.442179680
0.920577288 0.027765373 0.389572233 5.042935371 0.006013336 0.996343970 -0.085220657 -0.771113992 -0.390514135 0.080794826 0.917044640 7.499286652
0.920095801 0.037157673 0.389927149 5.064717293 -0.002812155 0.996091247 -0.088285685 -0.776876032 -0.391683519 0.080134735 0.916603684 7.556329250
0.921051562 0.031958278 0.388127118 5.089509964 0.003765543 0.995849907 -0.090933874 -0.784115314 -0.389422476 0.085216284 0.917108715 7.612553120
0.921243727 0.031538215 0.387705147 5.112340927 0.004671560 0.995738804 -0.092099585 -0.790762067 -0.388957769 0.086657338 0.917170882 7.668279648
0.921751201 0.031822558 0.386473686 5.135838032 0.004640809 0.995650530 -0.093051143 -0.797450125 -0.387753814 0.087563559 0.917594433 7.725908756
0.922052145 0.025267366 0.386239946 5.156841755 0.010986900 0.995756507 -0.091369733 -0.803493142 -0.386909544 0.088491231 0.917861760 7.780785561
0.923837185 0.017476898 0.382386446 5.182261944 0.017023213 0.996093035 -0.086653933 -0.810558081 -0.382406920 0.086563580 0.919930398 7.837190628
0.924591899 0.011806200 0.380776346 5.204946995 0.020597482 0.996508539 -0.080911629 -0.816835999 -0.380402207 0.082653269 0.921120346 7.892010689
0.925880849 0.011278834 0.377647310 5.226225376 0.020875838 0.996500075 -0.080943003 -0.822457612 -0.377238452 0.082827277 0.922404945 7.945676327
0.928092837 0.009610455 0.372224808 5.248815536 0.023866661 0.996075749 -0.085225962 -0.829098701 -0.371583164 0.087981358 0.924221396 7.999658108
0.930446565 0.008984018 0.366317362 5.269580841 0.025115542 0.995784760 -0.088215329 -0.835129619 -0.365565836 0.091279909 0.926298857 8.054038048
0.933165252 0.009616171 0.359318882 5.289973259 0.024368145 0.995649815 -0.089930817 -0.840722620 -0.358620584 0.092676252 0.928871453 8.109251976
0.937165260 0.002651478 0.348875463 5.311782837 0.028485220 0.996051073 -0.084088363 -0.847740591 -0.347720712 0.088742495 0.933389008 8.164596558
0.940952480 -0.000145270 0.338538468 5.330584049 0.029934922 0.996118546 -0.082775362 -0.853571296 -0.337212354 0.088021800 0.937304676 8.219477654
0.945762634 -0.003513289 0.324839532 5.350496769 0.033055101 0.995792270 -0.085469171 -0.859519303 -0.323172450 0.091571160 0.941899300 8.274765968
0.950233400 -0.002528916 0.311528593 5.367173195 0.031205386 0.995710671 -0.087100603 -0.864972770 -0.309972107 0.092487276 0.946236372 8.327717781
0.954341829 -0.004637365 0.298680782 5.383550644 0.032137781 0.995670021 -0.087227419 -0.871352971 -0.296982884 0.092843704 0.950358450 8.382204056
0.958238661 -0.005407955 0.285918623 5.398979187 0.032283489 0.995475352 -0.089367382 -0.877102673 -0.284141570 0.094865724 0.954077601 8.436260223
0.962124050 0.000451012 0.272611618 5.413659096 0.026866969 0.994973481 -0.096467271 -0.883540869 -0.271284819 0.100137733 0.957275808 8.490534782
0.965419114 0.009306880 0.260536581 5.426494598 0.019150883 0.994130790 -0.106475964 -0.889890611 -0.259998411 0.107783444 0.959574640 8.544736862
0.969038546 0.013955427 0.246515200 5.439658165 0.014680715 0.993378699 -0.113945089 -0.897173464 -0.246473104 0.114036188 0.962417126 8.597075462
0.971902847 0.014591583 0.234929621 5.451017380 0.012749411 0.993348181 -0.114441559 -0.904112160 -0.235036775 0.114221297 0.965251803 8.652227402
0.974886775 0.015577524 0.222155735 5.463633537 0.009503142 0.993732035 -0.111383021 -0.910885453 -0.222498327 0.110697009 0.968628168 8.704391479
0.977198541 0.018954609 0.211479679 5.474291801 0.004307435 0.994032741 -0.108997323 -0.918264270 -0.212283731 0.107422963 0.971285701 8.758167267
0.978975296 0.023323797 0.202640995 5.484410286 0.000297213 0.993277013 -0.115761138 -0.925455511 -0.203978628 0.113387518 0.972386777 8.812661171
0.980333805 0.026165882 0.195604175 5.494599819 -0.001886458 0.992368340 -0.123294055 -0.933052063 -0.197337463 0.120500326 0.972901702 8.864574432
0.980812013 0.031314000 0.192424372 5.505062580 -0.006849994 0.991941988 -0.126507431 -0.939540803 -0.194835290 0.122761898 0.973123193 8.920852661
0.980807185 0.032026056 0.192331821 5.514761448 -0.008476558 0.992489398 -0.122037277 -0.947125435 -0.194795653 0.118064724 0.973712146 8.973909378
0.980420291 0.033695742 0.194011554 5.525514603 -0.010853389 0.992999732 -0.117616594 -0.954639673 -0.196616590 0.113208033 0.973922908 9.028089523
0.979659855 0.033268370 0.197887927 5.535109043 -0.010485956 0.993300915 -0.115079410 -0.961747169 -0.200390756 0.110663645 0.973446012 9.082066536
0.979387641 0.030821351 0.199624181 5.546908379 -0.007739862 0.993290365 -0.115387931 -0.968461812 -0.201841205 0.111464456 0.973054886 9.133082390
0.978450537 0.030642359 0.204194859 5.557063103 -0.007148896 0.993361473 -0.114812382 -0.976213872 -0.206357434 0.110878460 0.972174168 9.186481476
0.977707922 0.030569000 0.207732454 5.568526268 -0.006972726 0.993526638 -0.113385402 -0.982979655 -0.209853798 0.109409340 0.971591949 9.237335205
0.976711333 0.030253043 0.212413847 5.580029488 -0.005934457 0.993439794 -0.114203103 -0.989593625 -0.214475349 0.110282913 0.970483482 9.290467262
0.975365579 0.032268785 0.218221486 5.591296196 -0.007812791 0.993675649 -0.112016365 -0.996401608 -0.220455989 0.107551992 0.969449162 9.341133118
0.973630488 0.033121075 0.225713700 5.601873875 -0.008330317 0.993906438 -0.109911807 -1.002883196 -0.227978691 0.105133221 0.967973530 9.393824577
0.972979486 0.030524667 0.228864893 5.615530014 -0.005502223 0.994006455 -0.109183028 -1.010301471 -0.230825961 0.104973607 0.967315853 9.443325996
0.971520960 0.032615185 0.234698221 5.626503944 -0.006654575 0.993846655 -0.110565089 -1.016716480 -0.236860156 0.105854489 0.965759873 9.494343758
0.970762610 0.032907493 0.237775207 5.639053345 -0.006109891 0.993624985 -0.112570390 -1.024025917 -0.239963785 0.107826360 0.964775026 9.543473244
0.970278740 0.034338575 0.239541322 5.652015209 -0.006688383 0.993308187 -0.115300313 -1.030395150 -0.241897598 0.110271297 0.964015424 9.594365120
0.969978392 0.031318322 0.241165996 5.664422035 -0.003220323 0.993240178 -0.116032034 -1.037391901 -0.243169695 0.111771911 0.963522613 9.643166542
0.970347166 0.026111823 0.240300760 5.677256584 0.001683569 0.993393719 -0.114743583 -1.043967009 -0.241709411 0.111745670 0.963892996 9.693531036
0.971341014 0.023549562 0.236520648 5.689457893 0.002843368 0.993857324 -0.110632159 -1.050793886 -0.237673104 0.108134076 0.965307415 9.742055893
0.972985685 0.022434490 0.229772598 5.700187206 0.003113335 0.993901670 -0.110225976 -1.057617784 -0.230844215 0.107963659 0.966982245 9.790728569
0.975498140 0.020138355 0.219084665 5.710285187 0.004475529 0.993779361 -0.111276403 -1.063654900 -0.219962761 0.109530419 0.969339728 9.837823868
0.978757977 0.015256127 0.204451099 5.720523834 0.007754358 0.993759215 -0.111276284 -1.070349813 -0.204872847 0.110497914 0.972531438 9.887049675
0.981572270 0.017478690 0.190290317 5.728654861 0.003554665 0.993965566 -0.109634489 -1.075818777 -0.191058263 0.108290583 0.975587070 9.933729172
0.984485388 0.020396017 0.174277559 5.736069679 -0.001983695 0.994451582 -0.105176657 -1.081825018 -0.175455779 0.103199169 0.979063511 9.980887413
0.987188756 0.020218465 0.158270419 5.742917061 -0.004716255 0.995203257 -0.097716570 -1.088287950 -0.159486905 0.095718272 0.982548833 10.029559135
0.989728928 0.018014876 0.141816527 5.748722076 -0.005148096 0.995876193 -0.090577357 -1.093576312 -0.142863438 0.088916957 0.985740304 10.077963829
0.992128193 0.016191721 0.124175362 5.754423618 -0.005827435 0.996500909 -0.083378069 -1.098640203 -0.125090882 0.081998110 0.988751113 10.124381065
0.994058669 0.017877739 0.107367456 5.758113861 -0.009513875 0.996914864 -0.077912182 -1.103454113 -0.108429082 0.076427802 0.991161942 10.171509743
0.995831251 0.017882843 0.089444280 5.762061596 -0.011172307 0.997123182 -0.074970335 -1.108268380 -0.090527654 0.073658489 0.993166208 10.218355179
0.997361720 0.015548286 0.070907108 5.764911652 -0.010352588 0.997273684 -0.073062085 -1.113064528 -0.071849793 0.072135247 0.994803488 10.264571190
0.998399496 0.016172618 0.054193322 5.766388416 -0.012221457 0.997296214 -0.072462671 -1.116659880 -0.055218700 0.071684375 0.995897710 10.309877396
0.999070466 0.020631285 0.037850581 5.767267227 -0.017930271 0.997360408 -0.070361607 -1.121042252 -0.039202325 0.069617540 0.996803105 10.356204033
0.999442518 0.023225889 0.023980496 5.766496181 -0.021597138 0.997580647 -0.066078566 -1.125195146 -0.025457211 0.065523818 0.997526228 10.401171684
0.999735713 0.019854445 0.011585272 5.766544819 -0.019091757 0.997856379 -0.062594607 -1.128883243 -0.012803217 0.062356889 0.997971773 10.447271347
0.999861121 0.016665392 0.000035770 5.766800404 -0.016631441 0.997956812 -0.061689470 -1.132503629 -0.001063776 0.061680313 0.998095393 10.490733147
0.999740839 0.020268669 -0.010358546 5.765704632 -0.020899557 0.997670174 -0.064941011 -1.136154175 0.009018146 0.065140679 0.997835398 10.534611702
0.999459743 0.026668986 -0.019209363 5.763008595 -0.027960312 0.997124791 -0.070429102 -1.141011357 0.017275859 0.070928149 0.997331917 10.577758789
0.999302685 0.022955105 -0.029448926 5.762030125 -0.025263736 0.996427834 -0.080580555 -1.144457221 0.027493998 0.081268363 0.996313035 10.619503021
0.999118090 0.019853009 -0.036999103 5.759193420 -0.023037471 0.995877743 -0.087731540 -1.148330688 0.035104837 0.088506535 0.995456815 10.662828445
0.998878896 0.018002862 -0.043782454 5.757050514 -0.021706520 0.996089280 -0.085644402 -1.151731372 0.042069390 0.086498737 0.995363355 10.706492424
0.998518229 0.021263467 -0.050092313 5.754604816 -0.025077790 0.996731639 -0.076791368 -1.156188011 0.048295744 0.077933781 0.995788038 10.749825478
0.998238564 0.026401879 -0.053128459 5.749288559 -0.029846907 0.997430205 -0.065130912 -1.160190821 0.051272351 0.066601910 0.996461391 10.795698166
0.998111308 0.026789382 -0.055280909 5.746909618 -0.029930795 0.997936547 -0.056803793 -1.163984299 0.053645097 0.058351129 0.996853769 10.839895248
0.998181701 0.023455445 -0.055526085 5.743344784 -0.026610456 0.998032033 -0.056780260 -1.168020964 0.054085013 0.058154590 0.996841431 10.883394241
0.998161912 0.020091867 -0.057176504 5.741181850 -0.023502603 0.997944474 -0.059619553 -1.171310186 0.055861115 0.060853772 0.996582329 10.925951958
0.998159289 0.017766634 -0.057986185 5.737774849 -0.021265078 0.997954726 -0.060284078 -1.174241066 0.056796540 0.061406195 0.996495605 10.970463753
0.998015523 0.020547366 -0.059522294 5.734528065 -0.024031313 0.998002768 -0.058420040 -1.176112652 0.058203038 0.059734501 0.996516109 11.013119698
0.997824907 0.021484090 -0.062320970 5.731284142 -0.024890035 0.998208940 -0.054400422 -1.179307222 0.061040610 0.055833273 0.996572495 11.059305191
0.997605085 0.020466700 -0.066069476 5.728081703 -0.023728622 0.998518348 -0.048969951 -1.183120966 0.064969331 0.050420418 0.996612608 11.102167130
0.997353494 0.019226886 -0.070116490 5.724483013 -0.022470037 0.998699605 -0.045762222 -1.186405659 0.069145456 0.047216628 0.996488690 11.148521423
0.996952176 0.018415254 -0.075810574 5.719747543 -0.021865197 0.998750865 -0.044931803 -1.188174605 0.074888460 0.046452474 0.996109426 11.193009377
0.996262252 0.016923456 -0.084705785 5.716432571 -0.020470724 0.998941779 -0.041185692 -1.191528440 0.083919138 0.042765733 0.995554447 11.238376617
0.995452762 0.015135557 -0.094046511 5.710879803 -0.018974662 0.999017000 -0.040062055 -1.194074392 0.093347706 0.041664377 0.994761407 11.283325195
0.994215786 0.016628824 -0.106106877 5.705698967 -0.021099390 0.998930156 -0.041150071 -1.197369456 0.105309084 0.043150827 0.993502915 11.328465462
0.992837787 0.017539071 -0.118175313 5.698908329 -0.022981528 0.998729408 -0.044849854 -1.199520946 0.117238522 0.047244485 0.991979420 11.373768806
0.991318524 0.018252946 -0.130209029 5.692504883 -0.024512321 0.998611271 -0.046632085 -1.202857137 0.129177049 0.049418971 0.990389287 11.418321609
0.989591479 0.016717093 -0.142930895 5.685092449 -0.023665858 0.998611867 -0.047055200 -1.205324411 0.141945869 0.049948003 0.988613427 11.465410233
0.987876713 0.017053947 -0.154300302 5.677384853 -0.024122382 0.998737872 -0.044053808 -1.208111405 0.153354302 0.047241833 0.987041354 11.509865761
0.985989869 0.018512527 -0.165774867 5.668207645 -0.025734756 0.998805940 -0.041524902 -1.211033463 0.164808184 0.045209311 0.985288918 11.556219101
0.983782768 0.020584261 -0.178178862 5.659954071 -0.028145889 0.998802543 -0.040015008 -1.213630676 0.177141830 0.044381075 0.983184159 11.601775169
0.981866479 0.024570944 -0.187974334 5.649921894 -0.032056898 0.998805106 -0.036888089 -1.215813518 0.186843336 0.042245053 0.981480956 11.648449898
0.980313838 0.028771974 -0.195338115 5.639196396 -0.036558952 0.998669267 -0.036375694 -1.218363762 0.194031566 0.042800959 0.980061114 11.695318222
0.979499400 0.029473012 -0.199279472 5.628399849 -0.036795195 0.998773217 -0.033139478 -1.220901012 0.198058277 0.039792631 0.979382157 11.742877007
0.979093313 0.027385531 -0.201560199 5.618135929 -0.034184724 0.998955250 -0.030328957 -1.222985148 0.200519070 0.036585163 0.979006469 11.790464401
0.979206443 0.023078457 -0.201549754 5.607855797 -0.030167690 0.999026954 -0.032172654 -1.225961804 0.200611174 0.037583958 0.978949845 11.839200974
0.979516566 0.021959243 -0.200162306 5.597538948 -0.029383738 0.998983026 -0.034196984 -1.227847815 0.199207798 0.039378028 0.979165792 11.887291908
0.979848087 0.018768612 -0.198860332 5.586669922 -0.026853394 0.998915374 -0.038036693 -1.228931665 0.197930768 0.042610254 0.979289472 11.936290741
0.979773223 0.013956717 -0.199624211 5.577713966 -0.021691211 0.999094188 -0.036610734 -1.232177734 0.198932469 0.040200301 0.979188263 11.987109184
0.979822755 0.011722414 -0.199524477 5.568368912 -0.018392537 0.999331117 -0.031609420 -1.234856129 0.199020490 0.034641389 0.979382813 12.037395477
0.980173588 0.012517193 -0.197744831 5.557606220 -0.018535618 0.999418676 -0.028613668 -1.237567663 0.197271734 0.031711686 0.979835808 12.087407112
0.980444193 0.012424417 -0.196404397 5.547853470 -0.017887380 0.999500155 -0.026065463 -1.240130424 0.195982382 0.029068895 0.980176449 12.138593674
0.980865121 0.014157347 -0.194173083 5.536715508 -0.019562075 0.999471962 -0.025945336 -1.241928577 0.193703204 0.029247304 0.980624139 12.188368797
0.981397927 0.014749863 -0.191417292 5.525959492 -0.019850630 0.999496460 -0.024757059 -1.244264960 0.190955743 0.028096285 0.981196463 12.237814903
0.981625974 0.014794040 -0.190240920 5.515585899 -0.020164058 0.999450088 -0.026322726 -1.246091485 0.189746886 0.029675100 0.981384456 12.290738106
0.981808782 0.013834895 -0.189367622 5.506336212 -0.019909348 0.999345183 -0.030212868 -1.248903871 0.188825622 0.033433445 0.981441319 12.339947701
0.981996238 0.013060439 -0.188447997 5.495855331 -0.020275498 0.999131203 -0.036409896 -1.251409531 0.187808707 0.039575260 0.981408000 12.391407967
0.982078195 0.013775790 -0.187969565 5.486454964 -0.021374857 0.999031425 -0.038460102 -1.253907919 0.187257692 0.041788656 0.981421590 12.441493988
0.982417405 0.015418406 -0.186059996 5.476038456 -0.022439228 0.999111056 -0.035687350 -1.255930662 0.185344368 0.039234918 0.981890082 12.493730545
0.982680082 0.017174549 -0.184512690 5.466257095 -0.023523757 0.999202132 -0.032276828 -1.258204222 0.183811143 0.036058232 0.982299984 12.543811798
0.983115673 0.022631051 -0.181580380 5.455418587 -0.028665852 0.999118149 -0.030679278 -1.262005329 0.180725947 0.035366435 0.982897401 12.596202850
0.983951986 0.025535615 -0.176596925 5.445866585 -0.031163884 0.999088466 -0.029170539 -1.265154004 0.175691083 0.034205854 0.983850896 12.646014214
0.985250175 0.025356371 -0.169230655 5.436052322 -0.030665271 0.999113798 -0.028830882 -1.266859055 0.168349668 0.033595141 0.985154629 12.699347496
0.987004399 0.025399284 -0.158673257 5.426979065 -0.030346828 0.999123454 -0.028835585 -1.269847870 0.157801777 0.033276085 0.986909926 12.750249863
0.988597929 0.020885574 -0.149123371 5.419886112 -0.025883244 0.999163747 -0.031651773 -1.272515297 0.148337603 0.035150666 0.988312006 12.801055908
0.990266085 0.020010365 -0.137741417 5.412395000 -0.025136584 0.999050677 -0.035577811 -1.274592519 0.136898756 0.038693838 0.989829063 12.852481842
0.991732657 0.024016052 -0.126053646 5.405956268 -0.028586388 0.998993158 -0.034574009 -1.277450204 0.125096411 0.037891593 0.991420746 12.903482437
0.993197978 0.018451903 -0.114966273 5.400485516 -0.021925220 0.999338388 -0.029020630 -1.279562235 0.114354707 0.031343892 0.992945373 12.954061508
0.994329572 0.014985663 -0.105281189 5.395013332 -0.017321033 0.999623001 -0.021302955 -1.282317996 0.104922242 0.023005733 0.994214296 13.005966187
0.995145977 0.016801799 -0.096964449 5.389295578 -0.018359359 0.999716043 -0.015193367 -1.284568071 0.096681625 0.016899824 0.995171845 13.056693077
0.995402873 0.022269616 -0.093151703 5.384261608 -0.023514982 0.999647915 -0.012292921 -1.286751390 0.092845127 0.014426868 0.995576024 13.108209610
0.995693028 0.021075783 -0.090283759 5.379177570 -0.022138383 0.999696732 -0.010784247 -1.288260341 0.090029076 0.012736537 0.995857656 13.159843445
0.995805085 0.020949509 -0.089069195 5.374665737 -0.021940460 0.999707580 -0.010161088 -1.289952397 0.088830285 0.012072681 0.995973587 13.210630417
0.995905817 0.020748163 -0.087983847 5.369636536 -0.021931935 0.999681175 -0.012509022 -1.291295886 0.087696262 0.014387462 0.996043324 13.261096001
0.995917737 0.023901524 -0.087043338 5.363842010 -0.025178548 0.999590516 -0.013602753 -1.292672992 0.086682566 0.015738849 0.996111631 13.313675880
0.995938003 0.025536584 -0.086345300 5.357731342 -0.026860911 0.999538183 -0.014210472 -1.293159127 0.085942566 0.016472060 0.996163845 13.365013123
0.995651126 0.027012393 -0.089157864 5.353507996 -0.028067727 0.999549806 -0.010604023 -1.296163678 0.088831276 0.013060367 0.995961010 13.417308807
0.995509684 0.024882531 -0.091330655 5.349456310 -0.025799910 0.999627709 -0.008877523 -1.298013449 0.091075763 0.011193981 0.995781064 13.469521523
0.995499432 0.021531293 -0.092288978 5.343159199 -0.022549979 0.999695599 -0.010009347 -1.298420310 0.092045367 0.012045413 0.995681942 13.522386551
0.995242953 0.022085851 -0.094887652 5.337451935 -0.022912942 0.999708295 -0.007635708 -1.300344586 0.094691344 0.009773542 0.995458603 13.575262070
0.994731426 0.023352982 -0.099820033 5.331791878 -0.024081185 0.999691546 -0.006096315 -1.301415324 0.099646881 0.008467982 0.994986832 13.627111435
0.994136453 0.025603479 -0.105058357 5.325375557 -0.025898352 0.999663591 -0.001443308 -1.302515388 0.104986064 0.004155684 0.994464993 13.680425644
0.993566990 0.027157407 -0.109941408 5.318788528 -0.026986668 0.999631166 0.003041018 -1.303315520 0.109983444 -0.000054502 0.993933439 13.733273506
0.992863417 0.028697025 -0.115752503 5.313198566 -0.028515950 0.999588192 0.003220328 -1.303943634 0.115797237 0.000103447 0.993272960 13.785547256
0.992323399 0.034611229 -0.118727572 5.304651260 -0.034763236 0.999395192 0.000791033 -1.305661201 0.118683144 0.003342395 0.992926538 13.839612961
0.991524279 0.038247354 -0.124164581 5.297384262 -0.039001301 0.999232411 -0.003646225 -1.306199551 0.123929828 0.008457901 0.992254913 13.891885757
