0.999933064 0.000653688 0.011549983 0.000620660 -0.000678373 0.999997497 0.002133450 -0.000267790 -0.011548559 -0.002141142 0.999931037 0.042624291
0.999749720 0.001376483 0.022328371 0.001944464 -0.001472638 0.999989688 0.004290571 -0.000480392 -0.022322239 -0.004322378 0.999741495 0.086828873
0.999467313 0.001640022 0.032594200 0.003774928 -0.001845157 0.999978662 0.006264537 -0.000685030 -0.032583237 -0.006321342 0.999448955 0.132259861
0.999064922 0.002063867 0.043185953 0.005908831 -0.002420688 0.999963343 0.008211759 -0.000643976 -0.043167423 -0.008308620 0.999033332 0.179184020
0.998546898 0.001210447 0.053875826 0.008557200 -0.001711783 0.999955595 0.009260220 -0.000217921 -0.053862233 -0.009338988 0.998504639 0.227281824
0.997929454 0.000614155 0.064314798 0.012028499 -0.001295119 0.999943554 0.010546830 -0.000350371 -0.064304672 -0.010608290 0.997873902 0.276350737
0.997231305 0.000985130 0.074356735 0.016817713 -0.001974401 0.999910533 0.013232052 0.000102391 -0.074337043 -0.013342228 0.997143865 0.325689465
0.996199906 0.002105133 0.087071948 0.019880142 -0.003629172 0.999842942 0.017348608 -0.000121771 -0.087021746 -0.017598677 0.996051073 0.376512527
0.995094180 0.001500225 0.098921210 0.025531316 -0.003542047 0.999784231 0.020468492 0.000666147 -0.098869160 -0.020718463 0.994884729 0.426827252
0.993659198 0.001573596 0.112422936 0.030874334 -0.004228134 0.999717772 0.023377547 0.000347528 -0.112354435 -0.023704650 0.993385434 0.477851897
0.992003798 -0.000079967 0.126207381 0.037930906 -0.002947975 0.999712229 0.023804849 0.000612994 -0.126172975 -0.023986554 0.991718292 0.528533041
0.989925146 0.001912327 0.141578361 0.044387396 -0.005163600 0.999731183 0.022600664 0.000900569 -0.141497076 -0.023104023 0.989669025 0.580478787
0.987493098 0.000236827 0.157661721 0.053329829 -0.003709609 0.999756932 0.021732887 0.000878146 -0.157618254 -0.022045942 0.987253964 0.631562769
0.983962476 0.003020865 0.178350016 0.062248755 -0.006645531 0.999783278 0.019729424 0.001408504 -0.178251758 -0.020598240 0.983769298 0.682723820
0.979082644 0.006118776 0.203371182 0.073247634 -0.010108395 0.999776244 0.018584471 0.001527891 -0.203211963 -0.020251488 0.978925347 0.733178020
0.972360313 0.007709998 0.233357936 0.085332610 -0.012204915 0.999766588 0.017824020 0.001490956 -0.233166054 -0.020179482 0.972227514 0.785110533
0.964055955 0.008758483 0.265554845 0.100033201 -0.013775378 0.999759972 0.017035475 0.001804114 -0.265341908 -0.020081272 0.963945210 0.836547852
0.954206228 0.008769836 0.299020797 0.115447029 -0.014291404 0.999765277 0.016283730 0.001295756 -0.298807710 -0.019811461 0.954107642 0.886709511
0.943432331 0.009300873 0.331434608 0.133425146 -0.014680560 0.999797881 0.013731581 0.001831778 -0.331239939 -0.017820459 0.943378210 0.937899709
0.932201147 0.009545419 0.361814648 0.152708709 -0.014974567 0.999813497 0.012204231 0.000653690 -0.361630678 -0.016794818 0.932170153 0.985509038
0.919913411 0.011995445 0.391937912 0.173821121 -0.016528526 0.999829829 0.008193666 0.000470026 -0.391772956 -0.014015618 0.919955194 1.034446716
0.906650960 0.009460584 0.421775252 0.197142512 -0.012352227 0.999915183 0.004123944 -0.000475058 -0.421700507 -0.008948844 0.906691015 1.083922386
0.893182755 0.005954561 0.449654281 0.222513825 -0.005767774 0.999981761 -0.001785315 -0.000915518 -0.449656665 -0.000998891 0.893200934 1.132282138
0.878816247 0.001516039 0.477157772 0.247968465 0.001660671 0.999979198 -0.006235740 -0.002588702 -0.477157295 0.006272471 0.878795445 1.176540732
0.864459813 -0.002855758 0.502693772 0.275482029 0.009302459 0.999903560 -0.010316656 -0.004050575 -0.502615809 0.013594621 0.864402950 1.221662879
0.849836767 -0.008276354 0.526980937 0.304900020 0.018383011 0.999733746 -0.013944357 -0.005664962 -0.526725173 0.021537924 0.849762678 1.266527176
0.835102856 -0.008596739 0.550026536 0.335323751 0.025082704 0.999432981 -0.022462141 -0.007336883 -0.549521565 0.032554355 0.834845066 1.311357260
0.820457458 -0.004514816 0.571689665 0.367125213 0.031048454 0.998844981 -0.036670852 -0.010239296 -0.570863724 0.047836952 0.819649994 1.354767203
0.805395067 0.003973617 0.592725217 0.397884756 0.034083929 0.998012543 -0.053003900 -0.014186598 -0.591757655 0.062891476 0.803658664 1.395186305
0.788995624 0.015485353 0.614203632 0.431372613 0.033830278 0.997070730 -0.068596035 -0.017165735 -0.613466680 0.074900657 0.786160588 1.438140273
0.772688448 0.019842671 0.634475112 0.465864569 0.038259748 0.996238410 -0.077750742 -0.021394536 -0.633631229 0.084351979 0.769022822 1.479624271
0.756371379 0.020641634 0.653816700 0.501225710 0.042493433 0.995840430 -0.080598429 -0.026421286 -0.652760804 0.088745259 0.752348006 1.519287109
0.739470661 0.018692372 0.672929287 0.535464168 0.045859538 0.995893478 -0.078057833 -0.030945301 -0.671624959 0.088581696 0.735576808 1.557321429
0.724424005 0.012540226 0.689240634 0.576066971 0.050324485 0.996204674 -0.071018577 -0.036315873 -0.687515318 0.086133257 0.721043527 1.597337246
0.710235953 0.003567954 0.703954637 0.614327788 0.059300326 0.996129632 -0.064878285 -0.041112028 -0.701461434 0.087823652 0.707275629 1.634436846
0.699195027 0.001868079 0.714928508 0.652087033 0.061785791 0.996097326 -0.063028835 -0.046086714 -0.712256134 0.088241875 0.696350873 1.670484304
0.690016389 0.001821483 0.723791361 0.690884233 0.065905854 0.995684505 -0.065336138 -0.050686248 -0.720786929 0.092785105 0.686918497 1.706385970
0.681406677 0.003721862 0.731895447 0.727269113 0.066687740 0.995511711 -0.067149803 -0.055248037 -0.728860497 0.094564795 0.678100109 1.740357399
0.672453165 0.009911940 0.740073264 0.761970520 0.061524544 0.995701075 -0.069238700 -0.059409402 -0.737578094 0.092092447 0.668952465 1.773877621
0.663152099 0.010621086 0.748409331 0.805637181 0.060562208 0.995859385 -0.067795880 -0.063536711 -0.746030509 0.090284288 0.659762979 1.810718656
0.655696988 0.009270255 0.754967272 0.845187008 0.063594341 0.995693207 -0.067458495 -0.068061635 -0.752341151 0.092243969 0.652283549 1.844040155
0.649082959 0.009448932 0.760658920 0.883838892 0.066241495 0.995422661 -0.068890154 -0.072266802 -0.757827997 0.095102601 0.645486057 1.876603842
0.645850182 0.011260252 0.763381243 0.925830841 0.067319125 0.995156586 -0.071633644 -0.076272473 -0.760490417 0.097654738 0.641964138 1.911955595
0.646416664 0.012992514 0.762874007 0.967762887 0.067680426 0.994937181 -0.074293382 -0.080844253 -0.759976864 0.099656120 0.642264605 1.946788311
0.649171293 0.010607764 0.760568261 1.008654237 0.069479048 0.994895637 -0.073178753 -0.085657522 -0.757462382 0.100349106 0.645120800 1.982563496
0.654350638 0.011845735 0.756098509 1.050891161 0.067165732 0.995014906 -0.073716074 -0.090144873 -0.753202558 0.099020086 0.650292933 2.019538403
0.660449326 0.012884022 0.750760019 1.093441367 0.064535856 0.995178938 -0.073851265 -0.094485730 -0.748091996 0.097225972 0.656433821 2.057813168
0.667369545 0.014088924 0.744593441 1.140341043 0.062406547 0.995246410 -0.074765883 -0.099509649 -0.742107272 0.096363969 0.663317919 2.097689152
0.672989488 0.016498925 0.739468098 1.183817029 0.058539297 0.995427072 -0.075486422 -0.104196578 -0.737331867 0.094089508 0.668945968 2.137956619
0.676454782 0.017522784 0.736275673 1.225356102 0.055411421 0.995672405 -0.074605584 -0.110205546 -0.734396696 0.091265388 0.672556400 2.178429842
0.677808166 0.020154851 0.734962463 1.272139549 0.050869092 0.995943248 -0.074224979 -0.115344867 -0.733476877 0.087697178 0.674033225 2.222204208
0.677215397 0.021679254 0.735465407 1.315959692 0.047305614 0.996214867 -0.072924286 -0.120514452 -0.734262586 0.084177092 0.673626542 2.264200449
0.676527202 0.020486539 0.736132562 1.364338636 0.047789544 0.996284544 -0.071646556 -0.126649186 -0.734865248 0.083650284 0.673034608 2.308056355
0.675644875 0.020522792 0.736941576 1.410184264 0.047243796 0.996352553 -0.071061224 -0.131815225 -0.735711932 0.082828060 0.672210872 2.351013660
0.675725460 0.020261522 0.736874938 1.456512928 0.046917364 0.996413350 -0.070421867 -0.136929154 -0.735658884 0.082158066 0.672351182 2.393063545
0.675452650 0.019573167 0.737143517 1.504973650 0.047077425 0.996463835 -0.069596373 -0.141814291 -0.735899150 0.081711873 0.672142625 2.440389633
0.675500572 0.019238621 0.737108469 1.553807259 0.047167763 0.996484756 -0.069233835 -0.147717252 -0.735849321 0.081535250 0.672218561 2.482357979
0.675464869 0.020162322 0.737116516 1.601433277 0.045296025 0.996603847 -0.068767585 -0.152904227 -0.735999644 0.079838537 0.672257662 2.525872231
0.675572991 0.020367466 0.737011731 1.652687907 0.044331174 0.996687591 -0.068179302 -0.158775523 -0.735959113 0.078732677 0.672432363 2.572850704
0.675421357 0.021676756 0.737113357 1.701471329 0.042509649 0.996761143 -0.068264224 -0.164443493 -0.736205757 0.077441543 0.672312379 2.619669437
0.676729381 0.019773636 0.735966265 1.747953415 0.043112058 0.996859550 -0.066425249 -0.169676274 -0.734968483 0.076680928 0.673751712 2.662030697
0.679042637 0.017388431 0.733892798 1.799536705 0.043715034 0.996987462 -0.064069897 -0.175066054 -0.732796013 0.075588331 0.676236987 2.708533764
0.680526018 0.015698744 0.732555747 1.844526291 0.043483540 0.997143030 -0.061764013 -0.181248114 -0.731432498 0.073886141 0.677899182 2.751647711
0.682741106 0.014704148 0.730512381 1.892816305 0.043942027 0.997161508 -0.061139870 -0.186464444 -0.729337811 0.073842898 0.680156946 2.796720028
0.684537947 0.015102306 0.728820682 1.941161156 0.043669846 0.997140348 -0.061678790 -0.192098305 -0.727668047 0.074048959 0.681920946 2.842010498
0.685316384 0.015179662 0.728087187 1.989522696 0.044016622 0.997091472 -0.062218953 -0.197490543 -0.726913929 0.074687600 0.682654977 2.888338089
0.684508026 0.018016869 0.728782773 2.035873413 0.042564038 0.997001410 -0.064625949 -0.202351913 -0.727761745 0.075256906 0.681688547 2.931099892
0.682113826 0.020767571 0.730951190 2.084043264 0.041686065 0.996866643 -0.067223549 -0.208109915 -0.730056882 0.076324567 0.679110706 2.977053642
0.678316295 0.022305723 0.734431386 2.131702423 0.040745188 0.996859193 -0.067908019 -0.214383200 -0.733639479 0.075987652 0.675276935 3.021112442
0.673775673 0.020571535 0.738649547 2.181162357 0.042259239 0.996903658 -0.066311665 -0.218902946 -0.737726569 0.075893961 0.670820117 3.066130877
0.669079781 0.017577035 0.742982686 2.229713917 0.043332011 0.997096896 -0.062610589 -0.224732161 -0.741926253 0.074086405 0.666375756 3.109763384
0.664496303 0.018714614 0.747057259 2.277855873 0.040796649 0.997287035 -0.061271157 -0.229929388 -0.746177256 0.071191885 0.661930025 3.152832031
0.659998536 0.019437261 0.751015484 2.326088190 0.043353017 0.997013986 -0.063903019 -0.234883308 -0.750015020 0.074734688 0.657185137 3.195381880
0.655851781 0.020952379 0.754598856 2.374677181 0.043469232 0.996907830 -0.065461233 -0.240286112 -0.753637075 0.075734690 0.652913034 3.237057686
0.651273131 0.023449559 0.758480906 2.421739340 0.042439178 0.996832609 -0.067259140 -0.245476186 -0.757655680 0.075993381 0.648215175 3.278104782
0.648210585 0.024804600 0.761057138 2.470505714 0.041848943 0.996798158 -0.068131693 -0.250480473 -0.760310292 0.076013111 0.645097196 3.319762945
0.645189106 0.023181299 0.763671219 2.518389940 0.043023821 0.996851206 -0.066608258 -0.256035805 -0.762810588 0.075830959 0.642160177 3.359655857
0.642882347 0.016646020 0.765784144 2.567543507 0.043800529 0.997328937 -0.058450088 -0.260516971 -0.764711559 0.071118265 0.640436172 3.401526451
0.640614271 0.008830631 0.767812073 2.615978956 0.043603122 0.997902036 -0.047856625 -0.265683651 -0.766623735 0.064136639 0.638885438 3.442145348
0.639252901 0.006678202 0.768967569 2.664257050 0.044498213 0.997965515 -0.045658909 -0.270155162 -0.767708063 0.063405275 0.637655199 3.482510090
0.638184130 0.010617713 0.769810498 2.711280584 0.044594225 0.997716248 -0.050730415 -0.274306685 -0.768590987 0.066704452 0.636253297 3.522071362
0.636658490 0.015101093 0.770998001 2.758985519 0.045979563 0.997286081 -0.057501324 -0.278423458 -0.769773901 0.072058849 0.634236276 3.561664581
0.635695875 0.011766329 0.771849930 2.806039095 0.051688679 0.996991098 -0.057769261 -0.283622622 -0.770207167 0.076619580 0.633174837 3.600408554
0.636499286 0.009759053 0.771215677 2.855386257 0.054904547 0.996809840 -0.057927541 -0.287250966 -0.769320607 0.079214089 0.633932769 3.639416218
0.636559606 0.009448670 0.771169662 2.901681900 0.052662853 0.997058451 -0.055686727 -0.290724337 -0.769427419 0.076059915 0.634189487 3.678369999
0.637254775 0.006598380 0.770624936 2.950520992 0.050992880 0.997410893 -0.050707888 -0.295124710 -0.768964291 0.071610220 0.635268390 3.718654394
0.638306916 0.003331562 0.769774735 2.997736931 0.048419405 0.997836709 -0.044468597 -0.299610317 -0.768257678 0.065656647 0.636764765 3.757855177
0.638614714 0.008232984 0.769482613 3.045178652 0.039499301 0.998273849 -0.043462455 -0.303501308 -0.768512249 0.058149781 0.637187243 3.798495054
0.640106618 0.012841970 0.768178821 3.091730356 0.031397767 0.998587668 -0.042856876 -0.306421101 -0.767644346 0.051552068 0.638799369 3.838122368
0.641735017 0.008709243 0.766876996 3.138283730 0.035421122 0.998531878 -0.040981062 -0.310877383 -0.766108036 0.053462625 0.640484393 3.877545118
0.644918859 0.006481889 0.764223516 3.185465336 0.039559126 0.998340368 -0.041851051 -0.314897686 -0.763226628 0.057222541 0.643592119 3.916322231
0.649541259 0.006556147 0.760298014 3.231423378 0.042490404 0.998087049 -0.044907231 -0.318284452 -0.759137928 0.061474469 0.648020267 3.955895185
0.656825542 0.002983660 0.754036665 3.278065681 0.046671882 0.997913957 -0.044603568 -0.322261006 -0.752596736 0.064489067 0.655316174 3.994849920
0.663457036 -0.003100562 0.748207986 3.323113680 0.054393519 0.997545242 -0.044098448 -0.326371074 -0.746234715 0.069955088 0.661997080 4.035139084
0.671141088 -0.000296308 0.741329610 3.366494179 0.050622012 0.997684002 -0.045430392 -0.329550982 -0.739599288 0.068017796 0.669601858 4.076146126
0.680947542 -0.001511968 0.732330620 3.410910606 0.049720380 0.997786045 -0.044171777 -0.333422005 -0.730642438 0.066490427 0.679515004 4.117483139
0.690623879 -0.003522288 0.723205686 3.455359936 0.048276301 0.997982204 -0.041240793 -0.336963117 -0.721601188 0.063395575 0.689400315 4.159433842
0.699345648 -0.004142764 0.714771509 3.497415066 0.047491759 0.998042762 -0.040682230 -0.340829313 -0.713204145 0.062396709 0.698173761 4.202195168
0.708024323 -0.005424752 0.706167221 3.538620234 0.047621127 0.998061061 -0.040079292 -0.344124466 -0.704580545 0.062005594 0.706909895 4.245166779
0.718025386 -0.006187900 0.695989370 3.581115246 0.048381146 0.997985482 -0.041040089 -0.347807318 -0.694333315 0.063140593 0.716878295 4.288383961
0.727928579 -0.003813357 0.685642302 3.622484446 0.048164751 0.997798562 -0.045585770 -0.352212250 -0.683959186 0.066206977 0.726509809 4.331813335
0.736036658 0.000427581 0.676941454 3.662186861 0.050380841 0.997191787 -0.055408809 -0.355807364 -0.675064266 0.074887790 0.733948171 4.375922203
0.745217681 0.004046178 0.666808963 3.701508522 0.049392998 0.996899545 -0.061250176 -0.359691232 -0.664989471 0.078580409 0.742707312 4.420155525
0.753830075 0.000824966 0.657068849 3.741973162 0.049168408 0.997124732 -0.057660960 -0.365177929 -0.655227184 0.075773597 0.751622081 4.466465473
0.762025237 -0.000543325 0.647547007 3.780260801 0.047646303 0.997336030 -0.055232774 -0.369735897 -0.645792007 0.072941996 0.760021210 4.512351036
0.768956959 0.005211379 0.639279246 3.819590807 0.041201342 0.997483969 -0.057690486 -0.373860627 -0.637971401 0.070700668 0.766807556 4.559762478
0.773893774 0.012212075 0.633197725 3.857284546 0.036604453 0.997280180 -0.063971825 -0.379243106 -0.632256687 0.072685257 0.771341860 4.606747627
0.777241349 0.022858748 0.628787160 3.894736528 0.029134132 0.996960521 -0.072255805 -0.383578420 -0.628527701 0.074479371 0.774213016 4.654179573
0.778901577 0.027591616 0.626538873 3.930246830 0.025973361 0.996755362 -0.076184861 -0.388429821 -0.626608074 0.075613841 0.775657713 4.700741768
0.781768620 0.027166754 0.622976542 3.967617512 0.026042171 0.996756434 -0.076146677 -0.393930733 -0.623024583 0.075752743 0.778525472 4.747901917
0.785354257 0.027560042 0.618432879 4.003372192 0.024927625 0.996790290 -0.076077133 -0.399802268 -0.618544638 0.075163566 0.782146513 4.793084621
0.788741589 0.027951200 0.614089131 4.041559696 0.021486394 0.997101784 -0.072981901 -0.404824317 -0.614349306 0.070758417 0.785855055 4.843317509
0.791727841 0.024939580 0.610364616 4.076802731 0.022055937 0.997347713 -0.069361359 -0.410006404 -0.610475659 0.068377487 0.789077878 4.890836239
0.795900404 0.025080210 0.604907870 4.114517212 0.019122642 0.997601688 -0.066522166 -0.415949464 -0.605125487 0.064512461 0.793511987 4.939684391
0.799397767 0.033675633 0.599857688 4.149351597 0.009225676 0.997622192 -0.068300433 -0.420593381 -0.600731313 0.060133308 0.797186196 4.988079071
0.803261280 0.039002128 0.594348490 4.185006142 0.003442546 0.997533143 -0.070112377 -0.426218987 -0.595616877 0.058364633 0.801145494 5.037887573
0.807635248 0.040073365 0.588319242 4.219332218 0.004468837 0.997243583 -0.074062005 -0.431309164 -0.589665473 0.062444180 0.805229962 5.085728645
0.811983943 0.039934907 0.582312047 4.255557537 0.006230625 0.997006774 -0.077062711 -0.436511934 -0.583646536 0.066201851 0.809304655 5.136371613
0.815765738 0.039927550 0.577002645 4.289438248 0.004435731 0.997153163 -0.075272433 -0.442197502 -0.578365505 0.063964099 0.813266218 5.185064793
0.819830894 0.036927115 0.571413755 4.324175835 0.004098365 0.997514427 -0.070343591 -0.447581172 -0.572591066 0.060011711 0.817641675 5.236100674
0.824592233 0.035904218 0.564586997 4.358929157 0.003023687 0.997690082 -0.067863040 -0.452792674 -0.565719426 0.057666462 0.822578847 5.286040783
0.828241944 0.039121557 0.559003532 4.392667770 0.001324125 0.997420609 -0.071765803 -0.458146214 -0.560369313 0.060179643 0.826053679 5.336499691
0.831441402 0.040769819 0.554114640 4.425153732 0.000877538 0.997206509 -0.074687719 -0.463374197 -0.555611730 0.062584721 0.829083025 5.387132168
0.835343897 0.042872638 0.548053265 4.456650734 -0.001569688 0.997136176 -0.075610578 -0.468688607 -0.549725354 0.062300574 0.833018959 5.436407089
0.839924872 0.039917476 0.541232705 4.489295006 0.000924541 0.997184575 -0.074980006 -0.474062264 -0.542701960 0.063477963 0.837523162 5.486575603
0.844247758 0.037612822 0.534631670 4.521412849 0.002091024 0.997295558 -0.073464505 -0.480135560 -0.535948992 0.063140154 0.841886103 5.537003994
0.847713351 0.036922347 0.529168069 4.545312881 0.003137079 0.997208118 -0.074605063 -0.483062685 -0.530445337 0.064903744 0.845230937 5.581304550
0.852210522 0.034015711 0.522092044 4.583844185 0.005580716 0.997236550 -0.074082069 -0.490671068 -0.523169100 0.066047154 0.849665701 5.637138844
0.855978251 0.038785279 0.515555084 4.613475323 -0.000192626 0.997206092 -0.074700125 -0.495504171 -0.517011821 0.063842356 0.853594184 5.686594963
0.858841598 0.042142324 0.510504842 4.645582676 -0.005154338 0.997270525 -0.073653646 -0.501304328 -0.512215316 0.060625497 0.856714725 5.741325378
0.861484110 0.038567014 0.506317854 4.674237251 -0.001456442 0.997295022 -0.073487446 -0.506479979 -0.507782459 0.062570818 0.859210074 5.791446209
0.863528013 0.037773471 0.502884030 4.703333378 -0.001397919 0.997366250 -0.072515428 -0.512332141 -0.504298747 0.061916124 0.861306489 5.841621399
0.866020322 0.039014101 0.498484433 4.734435081 -0.002383637 0.997262120 -0.073910043 -0.517325580 -0.500003099 0.062819399 0.863742173 5.894412518
0.869133890 0.031157950 0.493594319 4.762408257 0.004793422 0.997436047 -0.071403138 -0.522470832 -0.494553566 0.064424910 0.866756141 5.944211960
0.871816695 0.022615949 0.489309937 4.791704178 0.012594624 0.997568369 -0.068547867 -0.527862549 -0.489670396 0.065923855 0.869411886 5.995500565
0.874488056 0.021332439 0.484577715 4.821203709 0.013114119 0.997627378 -0.067584537 -0.532646060 -0.484869778 0.065456688 0.872133374 6.047637463
0.876683056 0.023350058 0.480501354 4.849724770 0.011356156 0.997538507 -0.069195077 -0.537834287 -0.480934352 0.066118799 0.874259949 6.099237442
0.878585279 0.024758337 0.476943314 4.877989769 0.010317818 0.997438192 -0.070784099 -0.543363094 -0.477474004 0.067110881 0.876079142 6.150832653
0.879075229 0.028218329 0.475847006 4.905146599 0.006791973 0.997403502 -0.071694687 -0.547725201 -0.476634681 0.066256970 0.876600981 6.203699112
0.879468977 0.028421724 0.475106776 4.932150364 0.005924898 0.997484326 -0.070638828 -0.552714527 -0.475919306 0.064939618 0.877088070 6.254909515
0.879967391 0.024700925 0.474391401 4.961000919 0.007223403 0.997835875 -0.065354966 -0.557803810 -0.474979043 0.060936961 0.877884686 6.307756901
0.880373299 0.023372304 0.473705262 4.988808632 0.005989799 0.998157382 -0.060380355 -0.562808752 -0.474243730 0.055994663 0.878611088 6.360579014
0.881200790 0.021463715 0.472254723 5.016722679 0.006789262 0.998291135 -0.058040164 -0.567520976 -0.472693473 0.054351293 0.879549325 6.411244869
0.881964862 0.023127653 0.470747381 5.043931484 0.007367453 0.997996688 -0.062834464 -0.572134972 -0.471257567 0.058885995 0.880027771 6.461921692
0.881589532 0.026156632 0.471291512 5.071032524 0.006092874 0.997749627 -0.066772237 -0.576508522 -0.471977472 0.061737221 0.879446268 6.513674736
0.881564081 0.029327834 0.471152335 5.097422600 0.002178723 0.997804940 -0.066186957 -0.581165791 -0.472059220 0.059374560 0.879565060 6.563866138
0.881732762 0.030242205 0.470778823 5.124068260 0.000663270 0.997862577 -0.065343611 -0.586461306 -0.471748769 0.057927862 0.879828095 6.615117550
0.882278740 0.026422122 0.469985098 5.151741505 0.004904334 0.997853279 -0.065305017 -0.591442227 -0.470701665 0.059922211 0.880255222 6.665603638
0.882718146 0.029442249 0.468979478 5.177673817 0.003190526 0.997636676 -0.068636276 -0.595504165 -0.469891965 0.062082767 0.880538046 6.715322495
0.881849885 0.037973184 0.469998807 5.202916622 -0.004711016 0.997411788 -0.071745917 -0.600329518 -0.471506834 0.061054949 0.879746258 6.765885830
0.882327616 0.044454992 0.468531430 5.228582859 -0.011163231 0.997225642 -0.073595986 -0.605589986 -0.470503241 0.059705440 0.880375922 6.815769196
0.882552207 0.042838790 0.468259156 5.254328251 -0.007667625 0.997019947 -0.076761022 -0.610676348 -0.470152229 0.064155161 0.880250573 6.864586353
0.882776320 0.041898288 0.467921376 5.280220985 -0.006245282 0.996973634 -0.077488050 -0.615951538 -0.469751835 0.065482311 0.880366504 6.913690567
0.883499265 0.043549538 0.466403782 5.304883957 -0.007487699 0.996854782 -0.078895561 -0.621031582 -0.468372703 0.066211887 0.881046534 6.961832047
0.884529650 0.034483388 0.465207636 5.329767704 0.001518378 0.997045934 -0.076792747 -0.626055360 -0.466481477 0.068631828 0.881864369 7.009590149
0.886222482 0.029344950 0.462329775 5.354777813 0.004503736 0.997398794 -0.071939841 -0.631503522 -0.463238269 0.065836906 0.883784950 7.055368900
0.886999846 0.023702912 0.461160898 5.380428791 0.008137668 0.997724295 -0.066933431 -0.635759592 -0.461697936 0.063122727 0.884788454 7.104886055
0.888660192 0.021533707 0.458060294 5.404483795 0.009739459 0.997785151 -0.065801576 -0.640997112 -0.458462685 0.062936500 0.886482358 7.151916504
0.891131103 0.022892404 0.453167975 5.427488327 0.010530671 0.997414112 -0.071093760 -0.645594120 -0.453623563 0.068126030 0.888585687 7.198725224
0.893853962 0.022930430 0.447771460 5.451420784 0.011441862 0.997199476 -0.073907264 -0.650137067 -0.448212177 0.071185648 0.891088367 7.247303963
0.897366464 0.023467701 0.440661609 5.472798347 0.010106890 0.997229993 -0.073689841 -0.655392826 -0.441170275 0.070580520 0.894643605 7.292672157
0.901897550 0.018505635 0.431553394 5.497595787 0.013061580 0.997456610 -0.070069604 -0.659355640 -0.431752414 0.068832375 0.899361968 7.342836380
0.907196581 0.014950957 0.420441151 5.520309448 0.015251086 0.997542620 -0.068380445 -0.663983941 -0.420430332 0.068446696 0.904739380 7.391483784
0.912908733 0.010810011 0.408020496 5.542620182 0.019790702 0.997301042 -0.070702195 -0.668793201 -0.407683611 0.072619662 0.910230994 7.440405846
0.918799698 0.011113979 0.394567430 5.563436031 0.019160878 0.997169316 -0.072706275 -0.672720969 -0.394258618 0.074362770 0.915986001 7.489071846
0.924030423 0.007298086 0.382249296 5.583114624 0.021907190 0.997164309 -0.071995713 -0.678072035 -0.381690800 0.074900217 0.921250284 7.537501812
0.929107606 0.007900158 0.369724870 5.601591110 0.021047641 0.997021496 -0.074196115 -0.682832718 -0.369209856 0.076718017 0.926174104 7.585977554
0.934258759 0.012608436 0.356372833 5.621603966 0.017346295 0.996584713 -0.080733709 -0.688252807 -0.356173664 0.081607915 0.930849314 7.636033058
0.938774765 0.022594668 0.343789816 5.637825489 0.009288540 0.995824814 -0.090811796 -0.692909420 -0.344406307 0.088445127 0.934645236 7.683499813
0.943204641 0.029162344 0.330929846 5.654053211 0.003879956 0.995104849 -0.098749548 -0.698480844 -0.332189649 0.094425045 0.938474298 7.732866764
0.947755277 0.027548499 0.317806482 5.670312881 0.004588732 0.994983613 -0.099932805 -0.703405321 -0.318965286 0.096170180 0.942874670 7.780571461
0.951278150 0.029593527 0.306910574 5.685864925 -0.000257556 0.995459199 -0.095187813 -0.710113049 -0.308333963 0.090471037 0.946966231 7.830495358
0.954463661 0.033777177 0.296408802 5.700607300 -0.006248574 0.995615244 -0.093334049 -0.715484440 -0.298261702 0.087231815 0.950489581 7.880022526
0.956835449 0.038109116 0.288120747 5.713303566 -0.009513638 0.994941592 -0.100004435 -0.721463919 -0.290474415 0.092946723 0.952357888 7.927874565
0.958776653 0.042887826 0.280905604 5.726825714 -0.013012771 0.994134307 -0.107366741 -0.726979315 -0.283862621 0.099285364 0.953710854 7.974050999
0.959656000 0.046816822 0.277251631 5.740105629 -0.016837904 0.993839860 -0.109538853 -0.732523441 -0.280672014 0.100451276 0.954532743 8.020567894
0.959684908 0.047367517 0.277058035 5.754510880 -0.018415751 0.994176269 -0.106181145 -0.737251639 -0.280474037 0.096798226 0.954968274 8.069128036
0.959524453 0.048243370 0.277462333 5.775920391 -0.020095725 0.994435728 -0.103410795 -0.743325055 -0.280907303 0.093649387 0.955154896 8.128292084
0.958430827 0.045640994 0.281651020 5.783568859 -0.018274352 0.994915783 -0.099038348 -0.749889195 -0.284739256 0.089774415 0.954392016 8.166246414
0.957638383 0.045970391 0.284280747 5.799365044 -0.018189829 0.994861126 -0.099601813 -0.754950345 -0.287398607 0.090211496 0.953553319 8.215683937
0.956796825 0.043822002 0.287436157 5.813979626 -0.015872980 0.994975150 -0.098855294 -0.761538327 -0.290323883 0.090021960 0.952684641 8.263326645
0.955302000 0.043493420 0.292414814 5.825952530 -0.015346666 0.995080829 -0.097870447 -0.766908467 -0.295233101 0.089008242 0.951270163 8.306571960
0.953655064 0.044748567 0.297555953 5.839244843 -0.016005807 0.995024085 -0.098340787 -0.772113144 -0.300475955 0.089020573 0.949626029 8.353026390
0.951930583 0.045532312 0.302910775 5.855171204 -0.016981076 0.995214105 -0.096231587 -0.777973652 -0.305842787 0.086462043 0.948147953 8.399651527
0.950414956 0.043268383 0.307959646 5.871390343 -0.015062599 0.995516121 -0.093384489 -0.783649921 -0.310619414 0.084115334 0.946805298 8.446964264
0.948395133 0.044288561 0.313982666 5.885163307 -0.015621121 0.995521247 -0.093238272 -0.789239287 -0.316705853 0.083521970 0.944839418 8.492025375
0.946817398 0.046142038 0.318445563 5.899996281 -0.016540004 0.995335639 -0.095044367 -0.793786168 -0.321345657 0.084722579 0.943164349 8.535596848
0.945664108 0.046290349 0.321833104 5.914994240 -0.015695991 0.995158970 -0.097016536 -0.799572587 -0.324765980 0.086693555 0.941812754 8.580183029
0.944737077 0.047907110 0.324309677 5.930320740 -0.016242551 0.994889855 -0.099649735 -0.804741323 -0.327426404 0.088875175 0.940687597 8.624979973
0.944509983 0.045216765 0.325355530 5.946173668 -0.012726363 0.994773984 -0.101305433 -0.810055137 -0.328235954 0.091543406 0.940149426 8.669419289
0.944692016 0.042307287 0.325218648 5.961503029 -0.010294949 0.994981170 -0.099531181 -0.815350115 -0.327797264 0.090678215 0.940386295 8.713866234
0.946327388 0.038371786 0.320923716 5.977242470 -0.007988883 0.995401144 -0.095459506 -0.820900798 -0.323110819 0.087772131 0.942282021 8.757939339
0.948568702 0.036569141 0.314452052 5.991193771 -0.006761580 0.995419383 -0.095365234 -0.826238692 -0.316499174 0.088334300 0.944470942 8.801386833
0.951868951 0.033400331 0.304680109 6.003890514 -0.004367972 0.995422125 -0.095476136 -0.831696451 -0.306474268 0.089549951 0.947657228 8.843915939
0.956479669 0.030080663 0.290244341 6.017430782 -0.002252275 0.995403707 -0.095740549 -0.836523592 -0.291790307 0.090920173 0.952151239 8.886500359
0.960869431 0.028870458 0.275493026 6.029243469 -0.003021207 0.995586812 -0.093795702 -0.841247201 -0.276985168 0.089293107 0.956716239 8.929979324
0.965080917 0.033031207 0.259861082 6.040030003 -0.010248180 0.996019483 -0.088545009 -0.846032917 -0.261751443 0.082789995 0.961577892 8.972355843
0.969204009 0.030994639 0.244300783 6.050217152 -0.011208432 0.996571839 -0.081969157 -0.850392163 -0.246003881 0.076706618 0.966228843 9.016140938
0.973247826 0.029031673 0.227916270 6.059417725 -0.012312193 0.997149467 -0.074440069 -0.854846597 -0.229427710 0.069642492 0.970831037 9.057865143
0.977095842 0.027654294 0.210994929 6.068016052 -0.013808759 0.997669876 -0.066813797 -0.858682990 -0.212350965 0.062369920 0.975201070 9.100228310
0.980413854 0.027538169 0.195013404 6.074900627 -0.015988180 0.998036802 -0.060555182 -0.862548232 -0.196298122 0.056251232 0.978929579 9.142337799
0.983696699 0.028902959 0.177497610 6.081322193 -0.018837374 0.998131096 -0.058134165 -0.866174817 -0.178846106 0.053842790 0.982402742 9.183728218
0.986913681 0.025488677 0.159222379 6.088400841 -0.016754199 0.998292387 -0.055960763 -0.869524837 -0.160376817 0.052560791 0.985655427 9.225752831
0.989522994 0.026172031 0.141984195 6.093705177 -0.018499509 0.998309970 -0.055091441 -0.872321546 -0.143186048 0.051887605 0.988334775 9.266816139
0.991658628 0.030344682 0.125268623 6.098225594 -0.023822028 0.998297393 -0.053243157 -0.875104547 -0.126670972 0.049814880 0.990693152 9.307683945
0.993289351 0.032017160 0.111135684 6.101606369 -0.026749741 0.998461545 -0.048568305 -0.878482282 -0.112519734 0.045269519 0.992617726 9.349546432
0.994683325 0.028345605 0.099002905 6.105875015 -0.023944374 0.998683512 -0.045364540 -0.880917907 -0.100158460 0.042752787 0.994052470 9.389691353
0.995898783 0.025398683 0.086837038 6.110049248 -0.021568634 0.998764694 -0.044763573 -0.883329749 -0.087866731 0.042707030 0.995216250 9.429520607
0.996454239 0.031238463 0.078122489 6.111258507 -0.027630707 0.998520017 -0.046843100 -0.886764884 -0.079470180 0.044518426 0.995842636 9.470903397
0.997000039 0.035896368 0.068574093 6.113317013 -0.032317758 0.998092473 -0.052601382 -0.889581382 -0.070331484 0.050227422 0.996258259 9.510302544
0.997639716 0.035298970 0.058897574 6.114904881 -0.031600211 0.997538865 -0.062591173 -0.892449617 -0.060962021 0.060582265 0.996299863 9.549829483
0.998328030 0.029134694 0.049921241 6.117760181 -0.025619503 0.997241557 -0.069662757 -0.895267189 -0.051813133 0.068267323 0.996320784 9.588904381
0.998656869 0.028150372 0.043496795 6.118989468 -0.025141539 0.997352302 -0.068236522 -0.898025870 -0.045302510 0.067051291 0.996720552 9.629528046
0.998749375 0.032141350 0.038296286 6.118660927 -0.029826742 0.997779608 -0.059550054 -0.900734067 -0.040125273 0.058333330 0.997490466 9.672932625
0.998750448 0.036170755 0.034485426 6.119023800 -0.034521013 0.998284459 -0.047290452 -0.903927684 -0.036136791 0.046040885 0.998285711 9.714665413
0.998810828 0.036261588 0.032588739 6.120081902 -0.034985680 0.998630285 -0.038904596 -0.906765938 -0.033954844 0.037718195 0.998711348 9.755169868
0.998962879 0.032950807 0.031422637 6.121217728 -0.031709049 0.998727024 -0.039229669 -0.909308434 -0.032675281 0.038192607 0.998736084 9.796120644
0.999089539 0.029579334 0.030744215 6.121959209 -0.028268673 0.998708248 -0.042225298 -0.911495924 -0.031953495 0.041317761 0.998634934 9.837144852
0.999184966 0.027176999 0.029847324 6.122200489 -0.025885331 0.998746574 -0.042841267 -0.913350821 -0.030974206 0.042033743 0.998635888 9.877746582
0.999212503 0.028613715 0.027493063 6.123647213 -0.027498024 0.998815894 -0.040136166 -0.915224075 -0.028608950 0.039348554 0.998815894 9.919569016
0.999298453 0.028894423 0.023827596 6.125071049 -0.028007392 0.998931706 -0.036756255 -0.916981697 -0.024864193 0.036063123 0.999040127 9.960956573
0.999347448 0.028790763 0.021813350 6.124989510 -0.028103175 0.999118030 -0.031198196 -0.919526160 -0.022692332 0.030564813 0.999275148 10.003692627
0.999447644 0.028121248 0.017710824 6.125215054 -0.027604045 0.999203920 -0.028799696 -0.921393752 -0.018506609 0.028294897 0.999428272 10.045274734
0.999589384 0.026217345 0.011567048 6.124956608 -0.025900004 0.999305665 -0.026780684 -0.922948778 -0.012261134 0.026470099 0.999574423 10.086948395
0.999697566 0.024339670 0.003512183 6.124731541 -0.024250861 0.999431193 -0.023433227 -0.924963892 -0.004080542 0.023340970 0.999719203 10.130548477
0.999745905 0.021358902 -0.007206662 6.124914169 -0.021511253 0.999531627 -0.021770000 -0.927049160 0.006738304 0.021919498 0.999736965 10.172571182
0.999558985 0.023279209 -0.018430859 6.122885227 -0.023698874 0.999457181 -0.022888336 -0.929034293 0.017888034 0.023315040 0.999568105 10.214213371
0.999226689 0.024769392 -0.030536598 6.120428562 -0.025574740 0.999327660 -0.026270777 -0.930864334 0.029865354 0.027031427 0.999188364 10.258593559
0.998742640 0.025587110 -0.043110050 6.118093967 -0.026851965 0.999218047 -0.029020920 -0.932368517 0.042333782 0.030142019 0.998648763 10.301612854
0.998174906 0.024786061 -0.055069193 6.114761353 -0.026432786 0.999218762 -0.029378304 -0.934099078 0.054297999 0.030780315 0.998050213 10.344156265
0.997436941 0.024373958 -0.067271113 6.111958504 -0.026154317 0.999327183 -0.025712663 -0.936181068 0.066599153 0.027406190 0.997403324 10.388352394
0.996528029 0.026558762 -0.078908458 6.107622623 -0.028521042 0.999308765 -0.023845488 -0.937722445 0.078220598 0.026013248 0.996596694 10.431262970
0.995471537 0.028360417 -0.090730019 6.102588177 -0.030473923 0.999293566 -0.021994298 -0.939465523 0.090042144 0.024659596 0.995632589 10.475273132
0.994390309 0.032376435 -0.100695826 6.096980095 -0.034413125 0.999235451 -0.018554887 -0.941171765 0.100018091 0.021916058 0.994744241 10.521028519
0.993431568 0.035990678 -0.108620137 6.091750622 -0.038150001 0.999112368 -0.017866822 -0.942733169 0.107880667 0.021893322 0.993922889 10.565323830
0.992949724 0.036212273 -0.112869039 6.085731983 -0.038082443 0.999170005 -0.014456925 -0.943991423 0.112251826 0.018653331 0.993504643 10.610832214
0.992773592 0.033640619 -0.115191534 6.080254555 -0.035261191 0.999305308 -0.012059221 -0.945216537 0.114705838 0.016033864 0.993270099 10.656991005
0.992891788 0.029339159 -0.115348943 6.075136662 -0.031182710 0.999412656 -0.014210140 -0.946644008 0.114864297 0.017706022 0.993223369 10.702681541
0.993127704 0.027892169 -0.113663658 6.069282532 -0.029816145 0.999438941 -0.015261903 -0.948303044 0.113174185 0.018546036 0.993402004 10.749681473
0.993290126 0.023967251 -0.113138139 6.063845158 -0.026185758 0.999491990 -0.018163433 -0.949411154 0.112645343 0.021004165 0.993413210 10.795785904
0.993420720 0.021071495 -0.112567537 6.058319092 -0.023223246 0.999571145 -0.017838124 -0.950296879 0.112143397 0.020334940 0.993483901 10.843760490
0.993604660 0.018438943 -0.111398980 6.053018570 -0.019954741 0.999722660 -0.012507255 -0.952092886 0.111137465 0.014650205 0.993697047 10.890595436
0.993700445 0.019439025 -0.110369854 6.048223019 -0.020660205 0.999737203 -0.009931548 -0.952970386 0.110147804 0.012149246 0.993840992 10.938329697
0.993877053 0.018379495 -0.108951569 6.042935848 -0.019273473 0.999788642 -0.007157824 -0.954971313 0.108796969 0.009213872 0.994021297 10.988017082
0.993950009 0.020734236 -0.107858583 6.037732601 -0.021639571 0.999739647 -0.007229941 -0.955755353 0.107680604 0.009520213 0.994139910 11.036462784
0.994230926 0.020511372 -0.105280109 6.031774521 -0.021226717 0.999758542 -0.005678647 -0.957176805 0.105138198 0.007880638 0.994426370 11.085495949
0.994489014 0.020988101 -0.102717511 6.026219368 -0.021769954 0.999741912 -0.006496488 -0.958684981 0.102554657 0.008696842 0.994689345 11.132713318
0.994515955 0.018900290 -0.102862246 6.022041321 -0.020135488 0.999736905 -0.010983136 -0.959476352 0.102627598 0.012994085 0.994634986 11.183078766
0.994653106 0.019966204 -0.101323962 6.016435623 -0.021918071 0.999594271 -0.018186957 -0.960371554 0.100919731 0.020310538 0.994687259 11.230328560
0.994720936 0.020340109 -0.100580528 6.011575699 -0.022456091 0.999548733 -0.019950334 -0.961834431 0.100129344 0.022103660 0.994728923 11.278313637
0.994821250 0.020563668 -0.099537991 6.006716728 -0.022274135 0.999622166 -0.016103216 -0.963564038 0.099169247 0.018236943 0.994903445 11.330302238
0.994962037 0.024256689 -0.097274557 6.001457214 -0.025471238 0.999612153 -0.011263277 -0.966411412 0.096963622 0.013684236 0.995193839 11.377027512
0.995065153 0.026724614 -0.095556632 5.996500969 -0.027959360 0.999541700 -0.011605861 -0.966888309 0.095202684 0.014220293 0.995356321 11.428930283
0.995538235 0.028955596 -0.089808367 5.991625786 -0.030052412 0.999489069 -0.010884448 -0.968031406 0.089447334 0.013534840 0.995899558 11.476513863
0.996048331 0.030730207 -0.083326176 5.987908363 -0.031612795 0.999457002 -0.009293108 -0.970204592 0.082995355 0.011890559 0.996478975 11.527142525
0.996832609 0.031063704 -0.073210686 5.983784199 -0.031775296 0.999458313 -0.008574893 -0.972745836 0.072904661 0.010874024 0.997279704 11.575699806
0.997644603 0.026678590 -0.063194081 5.981040955 -0.027500905 0.999547541 -0.012178428 -0.973346233 0.062840588 0.013887638 0.997926950 11.625619888
0.998298943 0.026225440 -0.052071627 5.979401588 -0.027074164 0.999510705 -0.015661102 -0.974566996 0.051635429 0.017044256 0.998520553 11.672616005
0.998746932 0.030766645 -0.039469540 5.976178169 -0.031373199 0.999397516 -0.014841409 -0.976289868 0.038989138 0.016061099 0.999110520 11.723246574
0.999282122 0.025535617 -0.027986156 5.975489616 -0.025756733 0.999639571 -0.007569033 -0.978142440 0.027782790 0.008284432 0.999579608 11.771281242
0.999600589 0.021509709 -0.018329969 5.974085331 -0.021542553 0.999766588 -0.001596358 -0.978906631 0.018291354 0.001990595 0.999830723 11.822746277
0.999715626 0.021572543 -0.010159088 5.973652840 -0.021530824 0.999759316 0.004198356 -0.980030358 0.010247214 -0.003978428 0.999939561 11.870911598
0.999619544 0.026939152 -0.005914157 5.972505093 -0.026901297 0.999617636 0.006388707 -0.980528951 0.006084002 -0.006227178 0.999962091 11.921852112
0.999653101 0.025966816 -0.004396588 5.973296165 -0.025929900 0.999629736 0.008254542 -0.981462240 0.004609304 -0.008137676 0.999956310 11.970139503
0.999680519 0.025230028 -0.001524486 5.971807003 -0.025215527 0.999642551 0.008883871 -0.981996715 0.001748082 -0.008842590 0.999959350 12.021223068
0.999655426 0.026250942 0.000022430 5.971186161 -0.026250403 0.999628425 0.007345344 -0.982739329 0.000170401 -0.007343404 0.999972999 12.069848061
0.999570727 0.029295377 0.000347060 5.970327854 -0.029296804 0.999556780 0.005285879 -0.982393622 -0.000192054 -0.005293777 0.999985993 12.121167183
0.999514461 0.031155959 0.000194285 5.969778061 -0.031156560 0.999496460 0.006017022 -0.982610822 -0.000006721 -0.006020155 0.999981880 12.170259476
0.999507725 0.031321488 -0.001804897 5.969614983 -0.031305864 0.999476910 0.008113676 -0.983854592 0.002058085 -0.008053177 0.999965429 12.221776962
0.999560237 0.029555058 -0.002435476 5.968718052 -0.029527221 0.999505997 0.010767288 -0.985277057 0.002752501 -0.010690640 0.999939084 12.271551132
