0.999924421 -0.000002110 0.012292847 0.000660641 -0.000045324 0.999992549 0.003858381 -0.000800243 -0.012292763 -0.003858648 0.999916911 0.053178266
0.999673247 -0.000045098 0.025562244 0.001915539 -0.000116801 0.999979913 0.006332018 -0.001665230 -0.025562020 -0.006332935 0.999653161 0.106472984
0.999204755 -0.000689648 0.039867658 0.003847695 0.000420017 0.999976933 0.006771139 -0.002457935 -0.039871402 -0.006749008 0.999182045 0.160029590
0.998505592 -0.000140757 0.054649401 0.006454495 -0.000160128 0.999984801 0.005501319 -0.002692167 -0.054649346 -0.005501850 0.998490572 0.213910326
0.997469783 -0.000798829 0.071087569 0.010436755 0.000511080 0.999991596 0.004065908 -0.003135313 -0.071090221 -0.004019288 0.997461796 0.267472386
0.995789647 0.000489365 0.091666408 0.015423799 -0.000737459 0.999996185 0.002672632 -0.004104646 -0.091664739 -0.002728980 0.995786130 0.321368217
0.993069828 0.003935209 0.117459901 0.021404646 -0.004145680 0.999990225 0.001547581 -0.004850810 -0.117452659 -0.002023808 0.993076444 0.375490874
0.989101171 0.006382739 0.147099003 0.030091915 -0.006582194 0.999978065 0.000869185 -0.005736827 -0.147090212 -0.001827946 0.989121377 0.430164039
0.983579636 0.006925167 0.180341765 0.039346252 -0.007227879 0.999973357 0.001021460 -0.007085767 -0.180329919 -0.002308176 0.983603477 0.482810676
0.976760209 0.006733858 0.214229465 0.051196523 -0.006920661 0.999976039 0.000121969 -0.008130094 -0.214223504 -0.001601744 0.976783335 0.537029445
0.969019234 0.006004178 0.246911943 0.065267153 -0.005830820 0.999981940 -0.001433277 -0.009129443 -0.246916115 -0.000050826 0.969036877 0.590569317
0.960378110 0.006394569 0.278626800 0.080772027 -0.005688562 0.999978244 -0.003342319 -0.010625543 -0.278642148 0.001624904 0.960393667 0.643977284
0.950722814 0.008438201 0.309927315 0.097487934 -0.006599390 0.999953866 -0.006981055 -0.011431985 -0.309971929 0.004591716 0.950734615 0.696407795
0.940403461 0.006000767 0.340007871 0.116719976 -0.002366788 0.999935627 -0.011101641 -0.013042113 -0.340052634 0.009635295 0.940357029 0.748252273
0.929059565 0.001122852 0.369928420 0.137997195 0.005088520 0.999861956 -0.015814507 -0.015120303 -0.369895101 0.016575005 0.928925633 0.799962282
0.917275965 -0.002590888 0.398243785 0.161117464 0.011694820 0.999722898 -0.020432727 -0.017159082 -0.398080438 0.023399839 0.917052031 0.851203620
0.905278146 -0.007861300 0.424746633 0.185148016 0.020224934 0.999492586 -0.024607325 -0.019312970 -0.424337685 0.030866947 0.904977798 0.900205076
0.892864466 -0.014699785 0.450085312 0.211551547 0.030499149 0.999146104 -0.027871106 -0.021831982 -0.449291289 0.038612336 0.892550588 0.949671149
0.880276382 -0.016433086 0.474176764 0.238751575 0.037927382 0.998638868 -0.035800669 -0.024826368 -0.472943157 0.049498763 0.879701495 0.998783469
0.867474437 -0.012657069 0.497320801 0.266077369 0.042887665 0.997857153 -0.049412780 -0.028720230 -0.495629698 0.064193249 0.866158485 1.045372844
0.854308486 -0.004628201 0.519745708 0.296473861 0.045500129 0.996787488 -0.065912664 -0.032798223 -0.517770946 0.079958245 0.851774573 1.094047666
0.840322196 0.003443802 0.542076349 0.328156441 0.048176244 0.995548487 -0.081007116 -0.036972806 -0.539942324 0.094187267 0.836415648 1.141193867
0.825457692 0.007529722 0.564413905 0.357888162 0.052019179 0.994641125 -0.089347549 -0.042318553 -0.562062085 0.103112966 0.820642412 1.185243130
0.810696423 0.008237655 0.585408747 0.391555697 0.056026034 0.994220614 -0.091577299 -0.048544154 -0.582779825 0.107039526 0.805549622 1.231025815
0.795815170 0.005374725 0.605515659 0.423234046 0.060739025 0.994208872 -0.088652782 -0.053735882 -0.602485538 0.107329659 0.790880203 1.272974610
0.781766534 -0.000054842 0.623571157 0.457520276 0.065158546 0.994532824 -0.081601307 -0.059044540 -0.620157540 0.104424164 0.777496099 1.316300392
0.769579053 -0.007216482 0.638510764 0.497894555 0.071952984 0.994547725 -0.075482465 -0.065279394 -0.634484708 0.104032494 0.765902340 1.361310720
0.759123862 -0.010787366 0.650856853 0.532608092 0.076950952 0.994338930 -0.073271111 -0.071555048 -0.646381915 0.105705917 0.755656481 1.402570963
0.751188636 -0.011564255 0.659986317 0.572775662 0.081336364 0.993848622 -0.075161912 -0.077213652 -0.655057311 0.110141665 0.747508347 1.444977760
0.743791640 -0.008708394 0.668354809 0.607771158 0.081124581 0.993699312 -0.077333577 -0.080806233 -0.663470268 0.111740060 0.739811718 1.483980894
0.735926449 -0.003183743 0.677054048 0.644132853 0.076885231 0.993913472 -0.078896955 -0.087078735 -0.672681987 0.110117801 0.731691957 1.523721218
0.727025747 -0.003187379 0.686602831 0.682761550 0.076776631 0.994095147 -0.076681949 -0.092899725 -0.682304084 0.108464800 0.722977519 1.564210653
0.719643235 -0.003658372 0.694334328 0.719879687 0.079046942 0.993916392 -0.076691404 -0.097197399 -0.689829886 0.110075474 0.715554476 1.603501081
0.713849008 -0.003369758 0.700291514 0.758050680 0.081680328 0.993563771 -0.078480668 -0.101240948 -0.695519865 0.113223396 0.709529817 1.641136765
0.710802734 -0.002062684 0.703388393 0.795962870 0.082527846 0.993333399 -0.080484837 -0.106767446 -0.698533237 0.115257964 0.706234396 1.680492878
0.711156607 0.000363514 0.703033388 0.837261200 0.082116827 0.993111908 -0.083579160 -0.111622624 -0.698221326 0.117168754 0.706228435 1.721026182
0.713712096 -0.001149381 0.700438201 0.876607835 0.083501689 0.993006945 -0.083454654 -0.116436355 -0.695444047 0.118050374 0.708817124 1.762241960
0.718627930 -0.001230210 0.695393622 0.917167783 0.081986576 0.993173897 -0.082968891 -0.122637078 -0.690544724 0.116636708 0.713823378 1.804543376
0.724285185 -0.000553105 0.689500272 0.958447456 0.079885684 0.993332624 -0.083119042 -0.128275678 -0.684857070 0.115283109 0.719500244 1.848449230
0.730288446 -0.000112203 0.683138847 1.001126051 0.078551985 0.993380725 -0.083810419 -0.134404540 -0.678607583 0.114867695 0.725463331 1.893683672
0.735616028 0.003501171 0.677389503 1.042146683 0.073735021 0.993630946 -0.085208818 -0.139454246 -0.673373520 0.112628318 0.730672896 1.939406514
0.738940060 0.004910026 0.673753262 1.084947824 0.070472926 0.993925273 -0.084534600 -0.146600544 -0.670075476 0.109947369 0.734105170 1.987344742
0.739705503 0.009340025 0.672865808 1.126794577 0.064403169 0.994331241 -0.084602997 -0.152210489 -0.669841647 0.105916001 0.734910846 2.035603046
0.740065575 0.009512907 0.672467351 1.172250748 0.062401712 0.994615197 -0.082744598 -0.159157306 -0.669633329 0.103199556 0.735486925 2.085340500
0.739051640 0.008640964 0.673593283 1.216484785 0.062635235 0.994704723 -0.081482224 -0.166004837 -0.670730591 0.102410272 0.734596848 2.134070635
0.738865674 0.008943677 0.673793375 1.263153076 0.062079307 0.994756281 -0.081278689 -0.171810001 -0.670987248 0.101882659 0.734435976 2.185845137
0.738788784 0.008343335 0.673885405 1.308668494 0.062004104 0.994841039 -0.080292933 -0.178127870 -0.671078742 0.101103187 0.734460056 2.235514164
0.738678396 0.007777634 0.674013317 1.355418921 0.062077951 0.994899035 -0.079514146 -0.184506208 -0.671193421 0.100576736 0.734427392 2.286808968
0.738390803 0.008937622 0.674313962 1.402188659 0.060575057 0.994991124 -0.079519235 -0.191636354 -0.671647012 0.099562861 0.734150827 2.338969946
0.738231778 0.008702554 0.674490988 1.448714614 0.059955418 0.995112717 -0.078460656 -0.197879270 -0.671877384 0.098361544 0.734102070 2.390578508
0.738640487 0.009295034 0.674035430 1.498484373 0.058909889 0.995189369 -0.078280054 -0.204771191 -0.671520650 0.097528152 0.734539568 2.444194078
0.738812447 0.009484055 0.673844337 1.541831493 0.058223788 0.995263815 -0.077845261 -0.211244702 -0.671391308 0.096746825 0.734761000 2.493049860
0.740038455 0.009326577 0.672499955 1.589554310 0.057471577 0.995369613 -0.077047683 -0.217450052 -0.670104682 0.095667869 0.736075699 2.545638084
0.741195023 0.006426540 0.671259105 1.633821249 0.058229867 0.995569527 -0.073828071 -0.224489421 -0.668759465 0.093808308 0.737536848 2.596341610
0.742648125 0.004856340 0.669664323 1.678439379 0.058733471 0.995648086 -0.072354928 -0.230296522 -0.667101264 0.093065962 0.739130974 2.647985458
0.744691193 0.004558491 0.667393625 1.725609541 0.058443330 0.995689929 -0.072013095 -0.236945599 -0.664845407 0.092632227 0.741215169 2.699758530
0.746469140 0.005136545 0.665400147 1.771228552 0.057908960 0.995674908 -0.072650410 -0.242964208 -0.662895441 0.092763931 0.742943287 2.750661135
0.746474028 0.004997164 0.665395737 1.815136909 0.058277175 0.995638371 -0.072855532 -0.249971345 -0.662857652 0.093162164 0.742927074 2.802150488
0.746355295 0.006177051 0.665518999 1.861352682 0.058279075 0.995509267 -0.074597716 -0.256148756 -0.662991166 0.094462238 0.742643595 2.853883505
0.743931830 0.010602292 0.668171287 1.907078862 0.055343047 0.995461762 -0.077413730 -0.263643384 -0.665959775 0.094569176 0.739969075 2.906182766
0.740593493 0.011579617 0.671853542 1.952816725 0.055715103 0.995350361 -0.078570716 -0.269319087 -0.669639528 0.095621333 0.736504912 2.957034111
0.736108005 0.008709801 0.676808119 1.998665690 0.057658356 0.995475769 -0.075520925 -0.276330888 -0.674403846 0.094615199 0.732275426 3.007522821
0.732040703 0.005741579 0.681236684 2.045636654 0.059290130 0.995633364 -0.072103128 -0.282809347 -0.678675890 0.093173042 0.728503764 3.057310581
0.727757454 0.007271649 0.685796082 2.092529774 0.056798249 0.995869696 -0.070832968 -0.288967937 -0.683478653 0.090501234 0.724338651 3.107695341
0.724087715 0.007903195 0.689662635 2.138843536 0.058810614 0.995585084 -0.073155127 -0.295362532 -0.687195957 0.093530193 0.720426142 3.156255245
0.720057964 0.008500965 0.693861842 2.185283422 0.060202964 0.995389283 -0.074671060 -0.301156282 -0.691297412 0.095540017 0.716226220 3.203718424
0.716087699 0.011787092 0.697910786 2.230706215 0.058030006 0.995390713 -0.076352648 -0.307434171 -0.695593953 0.095174953 0.712103069 3.251418829
0.713036716 0.013879690 0.700989366 2.276875019 0.056764670 0.995378971 -0.077448867 -0.313448966 -0.698825181 0.095015310 0.708953857 3.299150944
0.710190356 0.011742289 0.703911841 2.323159218 0.058379896 0.995434880 -0.075505912 -0.320056051 -0.701585054 0.094717875 0.706262708 3.346159220
0.708099663 0.004946513 0.706095278 2.369770527 0.059136953 0.996046841 -0.066282593 -0.326262057 -0.703631818 0.088691011 0.705007970 3.392875195
0.706393540 -0.001010968 0.707818568 2.416985273 0.058515288 0.996659338 -0.056973953 -0.331071436 -0.705396414 0.081664234 0.704092920 3.440093994
0.705014646 -0.003765032 0.709182680 2.464356661 0.060216691 0.996692479 -0.054571372 -0.336663663 -0.706631601 0.081178255 0.702909529 3.487096310
0.703931093 0.000024332 0.710268259 2.509004116 0.060306117 0.996387005 -0.059802186 -0.341504693 -0.707703471 0.084930152 0.701386273 3.532650948
0.702773333 0.003003788 0.711407542 2.554331541 0.062508866 0.995862663 -0.065955073 -0.346834153 -0.708662331 0.090820737 0.699678004 3.578026772
0.702332973 -0.000132172 0.711848557 2.601181507 0.068025604 0.995435953 -0.066931464 -0.352118552 -0.708590806 0.095432088 0.699136496 3.623721600
0.702460587 -0.002238578 0.711719155 2.648046970 0.071173683 0.995203316 -0.067117557 -0.356895924 -0.708154976 0.097803108 0.699250400 3.668864250
0.702744067 -0.002966578 0.711436629 2.693198204 0.069054261 0.995554090 -0.064059228 -0.362232149 -0.708083630 0.094144963 0.699824572 3.714209795
0.703142762 -0.006190882 0.711021781 2.739666700 0.068128541 0.995948076 -0.058701862 -0.367489427 -0.707777381 0.089716651 0.700715423 3.761065722
0.703751981 -0.007245277 0.710408866 2.783996105 0.063990913 0.996529996 -0.053227942 -0.372195125 -0.707558095 0.082918979 0.701773465 3.805789471
0.704295218 -0.002111044 0.709903896 2.830210447 0.055270091 0.997123301 -0.051868279 -0.377047896 -0.707752287 0.075767040 0.702386022 3.853244781
0.705536127 0.002442792 0.708669722 2.875493765 0.047709689 0.997561574 -0.050937340 -0.381237209 -0.707066178 0.069748536 0.703699231 3.899967194
0.707213223 -0.000915951 0.706999719 2.920957088 0.051241226 0.997435629 -0.049964469 -0.385721564 -0.705140948 0.071563065 0.705446601 3.945715904
0.709559441 -0.002610609 0.704640567 2.964864969 0.054645620 0.997185349 -0.051332630 -0.390401959 -0.702523410 0.074929081 0.707705021 3.990687847
0.714251578 -0.003259083 0.699881434 3.011358738 0.057501797 0.996881723 -0.054040339 -0.394908428 -0.697522879 0.078842834 0.712211788 4.037120819
0.720493972 -0.007154741 0.693424225 3.055352449 0.061975081 0.996609867 -0.054111443 -0.399593443 -0.690686166 0.081961989 0.718494713 4.082893848
0.727241397 -0.013175270 0.686255276 3.100828886 0.068685494 0.996194124 -0.053661972 -0.404571652 -0.682936370 0.086160995 0.725378573 4.129196167
0.734579623 -0.011098585 0.678431690 3.142400742 0.065464802 0.996360958 -0.054583114 -0.408805847 -0.675356984 0.084509052 0.732632995 4.175933361
0.742932856 -0.010371381 0.669285715 3.185008049 0.062806554 0.996548831 -0.054274961 -0.413335085 -0.666412890 0.082358181 0.741020143 4.224419594
0.752203763 -0.013171547 0.658798993 3.227354527 0.062459163 0.996723711 -0.051386893 -0.417787075 -0.655963719 0.079801455 0.750562012 4.272706509
0.759816051 -0.012925025 0.650009632 3.268040180 0.060931250 0.996817410 -0.051403306 -0.422447562 -0.647276580 0.078662954 0.758185446 4.321478844
0.768365920 -0.014546137 0.639845490 3.308045864 0.060984652 0.996856630 -0.050571762 -0.426848978 -0.637098730 0.077878371 0.766837835 4.370773315
0.776959062 -0.015348000 0.629364014 3.347834349 0.061909977 0.996719837 -0.052122243 -0.431340158 -0.626499593 0.079460762 0.775360703 4.419544220
0.785485446 -0.013486607 0.618733287 3.386624813 0.061379157 0.996531129 -0.056199670 -0.437096417 -0.615828931 0.082121350 0.783588350 4.469147205
0.793223441 -0.009884594 0.608850479 3.424702406 0.063298792 0.995789886 -0.066300534 -0.441625118 -0.605631769 0.091130637 0.790509582 4.518865108
0.801749289 -0.006744403 0.597622454 3.462479830 0.062180988 0.995451093 -0.072185792 -0.446634412 -0.594416976 0.095035657 0.798521638 4.569391251
0.808753192 -0.006178850 0.588115692 3.498828411 0.058796022 0.995785117 -0.070392042 -0.451867133 -0.585201919 0.091508657 0.805707693 4.621477127
0.816768348 -0.009864958 0.576881349 3.534830809 0.058923639 0.996052146 -0.066393107 -0.458489388 -0.573948979 0.088219739 0.814125121 4.672251701
0.822441936 -0.004858049 0.568828344 3.569819450 0.053875584 0.996133983 -0.069388732 -0.463638753 -0.566292107 0.087714173 0.819523931 4.724605083
0.826380074 0.002609826 0.563106775 3.604079008 0.048989195 0.995864749 -0.076508969 -0.469458818 -0.560977817 0.090811640 0.822834790 4.777394295
0.829608202 0.012827813 0.558198571 3.638212919 0.041335773 0.995581567 -0.084313430 -0.475128174 -0.556813717 0.093020685 0.825412393 4.829062939
0.831977546 0.015303115 0.554598272 3.671419382 0.039652534 0.995423138 -0.086951382 -0.481754482 -0.553390503 0.094332837 0.827562809 4.879917622
0.833435297 0.018865580 0.552294850 3.703419924 0.035763048 0.995480776 -0.087972030 -0.487445265 -0.551458597 0.093070753 0.828994036 4.931385517
0.836359382 0.021387201 0.547764182 3.735468864 0.033546735 0.995368958 -0.090084888 -0.492232740 -0.547154069 0.093719043 0.831768572 4.982815742
0.839849830 0.020392720 0.542435646 3.769267559 0.031051939 0.995852768 -0.085516356 -0.499781936 -0.541929960 0.088664576 0.835733533 5.033882141
0.843161702 0.019515332 0.537305892 3.801056147 0.029283110 0.996190965 -0.082134597 -0.505700052 -0.536862135 0.084986717 0.839378536 5.084299088
0.845756412 0.018777667 0.533238590 3.833498001 0.028084230 0.996428609 -0.079632297 -0.512410104 -0.532829583 0.082325131 0.842208505 5.138439655
0.848910511 0.028639708 0.527760148 3.862333536 0.017188421 0.996506691 -0.081724808 -0.517647266 -0.528257132 0.078448400 0.845452785 5.189142704
0.852136850 0.033708069 0.522232234 3.896223068 0.011587788 0.996463358 -0.083225869 -0.524876893 -0.523190737 0.076971352 0.848732471 5.244669437
0.856045246 0.032715343 0.515864611 3.928042650 0.014058900 0.996152341 -0.086504303 -0.531589448 -0.516709864 0.081304096 0.852291346 5.297200680
0.859970391 0.032667883 0.509297311 3.959891081 0.015407460 0.995832324 -0.089891866 -0.537326872 -0.510111332 0.085151337 0.855883002 5.351405144
0.863440394 0.032743473 0.503387034 3.990816116 0.013538029 0.996027589 -0.088009171 -0.544106305 -0.504269302 0.082805537 0.859567225 5.405112743
0.866976678 0.030402796 0.497420460 4.020711899 0.013013579 0.996415794 -0.083583817 -0.550058126 -0.498178720 0.078938439 0.863473594 5.458462238
0.870534182 0.030593034 0.491156161 4.050376892 0.010828109 0.996633232 -0.081270032 -0.556085944 -0.491988897 0.076066621 0.867272079 5.512024403
0.873924315 0.033873167 0.484880269 4.080702305 0.008496880 0.996351659 -0.084918305 -0.562933803 -0.485987723 0.078332141 0.870448172 5.566962242
0.877655208 0.033269290 0.478136480 4.110685349 0.009918848 0.996113479 -0.087517515 -0.569266796 -0.479189873 0.081552774 0.873914361 5.621213913
0.880432367 0.036692936 0.472749919 4.138624668 0.006243719 0.996017873 -0.088934973 -0.575473905 -0.474130601 0.081252933 0.876697242 5.676289082
0.883806646 0.036313340 0.466441035 4.167233944 0.005881059 0.996042252 -0.088687159 -0.581715405 -0.467815429 0.081125461 0.880095005 5.732087612
0.887789249 0.031754378 0.459153444 4.195035934 0.009512744 0.996137977 -0.087284632 -0.588351667 -0.460151881 0.081858180 0.884058535 5.784717560
0.891066730 0.031264946 0.452794075 4.220060349 0.009726789 0.996079981 -0.087919906 -0.594164133 -0.453767896 0.082746744 0.887269855 5.837240219
0.894672394 0.028366486 0.445821375 4.250697136 0.012221565 0.996054113 -0.087902606 -0.601729989 -0.446555704 0.084092647 0.890795410 5.894786358
0.897389770 0.034237243 0.439908475 4.275840759 0.005405622 0.996057153 -0.088548437 -0.607514560 -0.441205680 0.081840426 0.893666446 5.950152874
0.899785280 0.037082933 0.434754252 4.301362991 0.001390265 0.996133208 -0.087843843 -0.614105880 -0.436330706 0.079645008 0.896254539 6.005818367
0.901948035 0.033911400 0.430511028 4.328353882 0.003985207 0.996215880 -0.086821273 -0.621120095 -0.431826234 0.080023959 0.898399830 6.061742783
0.903853178 0.031691518 0.426667362 4.354423523 0.005604320 0.996290267 -0.085873544 -0.628047526 -0.427806050 0.080008261 0.900322556 6.118225098
0.905785203 0.030957451 0.422604740 4.379817486 0.006747287 0.996147454 -0.087433435 -0.634356737 -0.423683345 0.082047343 0.902086735 6.174547672
0.908927977 0.025532052 0.416170716 4.405952454 0.011023294 0.996303022 -0.085198291 -0.640391052 -0.416807443 0.082026698 0.905286252 6.228675365
0.911143661 0.017747296 0.411706567 4.431538582 0.018198829 0.996364594 -0.083225600 -0.645953298 -0.411686897 0.083323054 0.907508373 6.284904003
0.913234234 0.015246146 0.407149523 4.456660271 0.019496309 0.996519685 -0.081045851 -0.653316140 -0.406968147 0.081951760 0.909758687 6.340943336
0.915400088 0.017637786 0.402158529 4.481790543 0.017464338 0.996358871 -0.083450720 -0.659191370 -0.402166069 0.083414234 0.911759019 6.397043705
0.916398525 0.020150507 0.399759471 4.504448891 0.015487583 0.996199012 -0.085718356 -0.664986193 -0.399967223 0.084743470 0.912603259 6.452518940
0.917035580 0.022560952 0.398166686 4.528708458 0.012756546 0.996228158 -0.085828558 -0.671224594 -0.398601294 0.083787061 0.913288891 6.509218693
0.917404294 0.022471722 0.397321463 4.552245140 0.012117653 0.996364057 -0.084331721 -0.677591085 -0.397771895 0.082180873 0.913796365 6.565737247
0.917686880 0.019134961 0.396843582 4.575748444 0.013599571 0.996741295 -0.079509288 -0.683727801 -0.397071809 0.078361526 0.914436042 6.621939659
0.918355703 0.017786704 0.395356417 4.600399017 0.012708648 0.997148871 -0.074381121 -0.689923227 -0.395552278 0.073332749 0.915511191 6.678155422
0.918739617 0.016378833 0.394524127 4.624378204 0.013112091 0.997322917 -0.071938761 -0.695908964 -0.394646168 0.071266033 0.916065276 6.734139442
0.919159770 0.018281875 0.393460453 4.647486687 0.013180246 0.996935308 -0.077112183 -0.701661110 -0.393664360 0.076064318 0.916101873 6.789579868
0.919212222 0.019567758 0.393276066 4.670950413 0.013379935 0.996635556 -0.080861576 -0.707496166 -0.393535137 0.079590954 0.915857732 6.844818592
0.919108808 0.022065945 0.393385381 4.693355560 0.010466612 0.996710718 -0.080362208 -0.713317037 -0.393864661 0.077979028 0.915854633 6.899378777
0.919290721 0.024196269 0.392834723 4.715612411 0.007914769 0.996770024 -0.079916790 -0.718860507 -0.393499583 0.076575965 0.916129947 6.953666210
0.919537663 0.021303670 0.392424077 4.739187241 0.011040258 0.996735215 -0.079979956 -0.724752307 -0.392846823 0.077877037 0.916300476 7.009169579
0.919608712 0.023300018 0.392144054 4.760457039 0.009961440 0.996535361 -0.082571514 -0.730454326 -0.392709345 0.079839788 0.916190505 7.061508656
0.919329584 0.033611353 0.392050236 4.783395767 0.000023848 0.996340275 -0.085474424 -0.736431539 -0.393488377 0.078588523 0.915964365 7.118041515
0.919282198 0.039930999 0.391568214 4.804423332 -0.005697637 0.996086240 -0.088201702 -0.742251933 -0.393557727 0.078851238 0.915911973 7.171667576
0.919737220 0.038480282 0.390643805 4.828223705 -0.002816544 0.995804846 -0.091460250 -0.748742998 -0.392524302 0.083019152 0.915987134 7.226554394
0.919580162 0.038805079 0.390981197 4.849603176 -0.002721860 0.995716095 -0.092423528 -0.755166352 -0.392892718 0.083926663 0.915746391 7.280355453
0.920427322 0.039189994 0.388944268 4.872911453 -0.002974969 0.995635450 -0.093279958 -0.761630833 -0.390902430 0.084700331 0.916526675 7.335113049
0.920938849 0.032592721 0.388341695 4.894008160 0.003302912 0.995807946 -0.091408879 -0.767612576 -0.389693081 0.085464641 0.916970611 7.388254642
0.922793448 0.022998044 0.384607852 4.917364120 0.011343885 0.996162534 -0.086784147 -0.774365485 -0.385127813 0.084446780 0.918991446 7.440502167
0.923068285 0.018725988 0.384179801 4.938258171 0.013474326 0.996626794 -0.080953076 -0.780529320 -0.384399831 0.079901792 0.919702351 7.493629456
0.925105929 0.015659509 0.379385978 4.960386276 0.016244028 0.996602356 -0.080745615 -0.785708666 -0.379361451 0.080860987 0.921708405 7.543436050
0.927527368 0.015347342 0.373439908 4.981030464 0.017671296 0.996238410 -0.084833533 -0.792041957 -0.373337150 0.085284583 0.923767269 7.591634750
0.929554224 0.014810713 0.368387848 5.001190186 0.019130548 0.995909154 -0.088311836 -0.797486603 -0.368188858 0.089138083 0.925468206 7.645575523
0.932256997 0.016107898 0.361438096 5.020032406 0.017488485 0.995834410 -0.089488499 -0.802944064 -0.361374021 0.089747280 0.928091645 7.696814537
0.936133921 0.010188103 0.351496100 5.040627480 0.020759339 0.996235669 -0.084163852 -0.809311330 -0.351030350 0.086085476 0.932398498 7.749856949
0.939972758 0.007656606 0.341163725 5.058452606 0.022020811 0.996303618 -0.083031282 -0.814994335 -0.340538383 0.085559852 0.936329603 7.802458763
0.944880068 0.003284058 0.327400118 5.077044964 0.025808031 0.996091425 -0.084473744 -0.821189284 -0.326397896 0.088267103 0.941102147 7.852426052
0.949659050 0.003898011 0.313261032 5.094291687 0.024293203 0.995995581 -0.086038984 -0.826559365 -0.312341958 0.089317821 0.945761502 7.904407024
0.953897119 -0.000277521 0.300133765 5.111622810 0.027297229 0.995935321 -0.085836247 -0.832861543 -0.298889995 0.090071768 0.950027347 7.958056927
0.957654417 -0.000273719 0.287919968 5.125015259 0.026745964 0.995760083 -0.088013440 -0.838345170 -0.286675215 0.091987148 0.953601420 8.007776260
0.961638331 0.004852716 0.274277568 5.138706684 0.022125117 0.995214105 -0.095180392 -0.844182253 -0.273426861 0.097597539 0.956928670 8.059022903
0.965138137 0.011782629 0.261475623 5.152814865 0.016141661 0.994405329 -0.104390800 -0.850841105 -0.261242718 0.104972191 0.959548295 8.111585617
0.968598545 0.018182781 0.247964442 5.165659904 0.010213324 0.993570566 -0.112752028 -0.857038319 -0.248420358 0.111743987 0.962185323 8.163803101
0.971717417 0.016780987 0.235549673 5.176807880 0.010371833 0.993476510 -0.113564223 -0.863591790 -0.235918790 0.112795405 0.965204418 8.214715004
0.974328876 0.019697556 0.224266008 5.187647343 0.005137365 0.993960261 -0.109620132 -0.870983839 -0.225070775 0.107958205 0.968343019 8.267565727
0.976606190 0.022538526 0.213850856 5.198345184 0.000581378 0.994211495 -0.107438631 -0.877761662 -0.215034515 0.105049565 0.970940113 8.319958687
0.978446603 0.026267227 0.204822436 5.207556248 -0.002844494 0.993497074 -0.113821656 -0.884739339 -0.206480265 0.110785805 0.972158551 8.369932175
0.979806244 0.030831330 0.197558060 5.217975140 -0.006603017 0.992490590 -0.122141980 -0.891201913 -0.199840352 0.118370987 0.972652137 8.422078133
0.980165482 0.035113532 0.195045203 5.226267815 -0.010795065 0.992177069 -0.124370627 -0.898019195 -0.197886467 0.119798288 0.972876787 8.472062111
0.980299532 0.034366671 0.194503859 5.236599922 -0.011086397 0.992768109 -0.119535603 -0.905618906 -0.197205290 0.115024365 0.973591030 8.522767067
0.979776740 0.036492966 0.196737364 5.246108055 -0.013895241 0.993263543 -0.115041174 -0.912660718 -0.199610233 0.109980963 0.973683774 8.573636055
0.979429066 0.033500202 0.198988602 5.256520271 -0.011109228 0.993579268 -0.112591386 -0.919428587 -0.201482788 0.108064666 0.973512590 8.623829842
0.978830636 0.032107644 0.202137843 5.266119003 -0.009413589 0.993636012 -0.112245180 -0.926296234 -0.204455376 0.107966185 0.972903550 8.673811913
0.978078365 0.031416699 0.205853581 5.276978970 -0.008160001 0.993576765 -0.112865567 -0.932462215 -0.208077237 0.108711593 0.972052336 8.724940300
0.977168500 0.031545844 0.210110813 5.287480354 -0.008178711 0.993768156 -0.111166432 -0.939690351 -0.212308288 0.106909893 0.971336901 8.773978233
0.975985229 0.032128267 0.215454772 5.297773838 -0.008095381 0.993730009 -0.111512281 -0.945954561 -0.217686594 0.107090130 0.970125914 8.824436188
0.974814534 0.033445511 0.220494837 5.310209751 -0.009279586 0.993917406 -0.109735906 -0.952601552 -0.222823858 0.104926057 0.969195485 8.874947548
0.973580122 0.029749775 0.226399466 5.321225166 -0.005514062 0.994250536 -0.106936410 -0.959604383 -0.228279158 0.102862768 0.968146563 8.923289299
0.972329378 0.031410847 0.231492683 5.332839012 -0.006767634 0.994290948 -0.106487818 -0.966041684 -0.233515948 0.101974569 0.966990948 8.972990036
0.970762551 0.034055397 0.237613976 5.343132973 -0.008311666 0.994060159 -0.108514085 -0.971631467 -0.239898071 0.103366435 0.965279400 9.020891190
0.969984770 0.034406725 0.240719095 5.355365753 -0.007881490 0.993867338 -0.110297821 -0.978788495 -0.243037865 0.105089985 0.964307368 9.069523811
0.969368815 0.036032755 0.242952108 5.366977692 -0.008634002 0.993567884 -0.112908877 -0.984749734 -0.245457843 0.107352719 0.963444769 9.117327690
0.969238281 0.032523200 0.243966028 5.380231380 -0.004713132 0.993501723 -0.113719538 -0.991517186 -0.246079221 0.109071486 0.963093162 9.165670395
0.969450533 0.028585074 0.243615419 5.391764164 -0.001176735 0.993716896 -0.111916922 -0.997718632 -0.245283857 0.108211249 0.963393092 9.213227272
0.970645070 0.024602562 0.239254877 5.404469490 0.001513655 0.994109929 -0.108365089 -1.004075170 -0.240511715 0.105546184 0.964890659 9.260548592
0.972184539 0.023630260 0.233021215 5.414110184 0.001815027 0.994107544 -0.108383104 -1.010400295 -0.234209225 0.105791308 0.966413021 9.306792259
0.974925458 0.020019600 0.221629873 5.425074577 0.004267449 0.994080067 -0.108566232 -1.016534448 -0.222491324 0.106789768 0.969068408 9.353143692
0.978235781 0.016352128 0.206851453 5.435120583 0.006373870 0.994051456 -0.108725362 -1.022745848 -0.207398877 0.107677467 0.972312331 9.400410652
0.981115162 0.017009346 0.192675099 5.443104744 0.003796494 0.994240642 -0.107103541 -1.027987123 -0.193387136 0.105812386 0.975399971 9.445658684
0.984054267 0.020403301 0.176694617 5.450293064 -0.002330254 0.994792640 -0.101893052 -1.034040928 -0.177853480 0.099856541 0.978977442 9.491704941
0.986790657 0.020120485 0.160746142 5.457049370 -0.004797567 0.995451510 -0.095148645 -1.039836049 -0.161929429 0.093120605 0.982398808 9.537483215
0.989371777 0.017288396 0.144375950 5.462705612 -0.004592766 0.996126771 -0.087808825 -1.044774890 -0.145334810 0.086212486 0.985619187 9.583662033
0.991872430 0.015429364 0.126297265 5.468647957 -0.005212212 0.996714234 -0.080831610 -1.049374104 -0.127129450 0.079516366 0.988693714 9.628749847
0.993833184 0.017300252 0.109527364 5.472232819 -0.009112666 0.997155488 -0.074817576 -1.054192901 -0.110510170 0.073358119 0.991164029 9.673398972
0.995633066 0.017058376 0.091780707 5.475978374 -0.010451345 0.997350574 -0.071991935 -1.058598399 -0.092765585 0.070718333 0.993173420 9.719274521
0.997210681 0.014352991 0.073244184 5.478442669 -0.009217724 0.997506201 -0.069973916 -1.063003540 -0.074065849 0.069103591 0.994856238 9.764284134
0.998265803 0.015990727 0.056652900 5.480260849 -0.012027683 0.997501493 -0.069615901 -1.066459298 -0.057624541 0.068813786 0.995963871 9.807378769
0.998975515 0.020026743 0.040581405 5.481059074 -0.017253023 0.997564435 -0.067583233 -1.070401073 -0.041836038 0.066813849 0.996887982 9.851621628
0.999383032 0.022823790 0.026695998 5.480458260 -0.021088686 0.997754931 -0.063562974 -1.074220896 -0.028086813 0.062960781 0.997620702 9.895119667
0.999704838 0.019324591 0.014731601 5.480366230 -0.018407945 0.998028219 -0.060005762 -1.077579737 -0.015862137 0.059716854 0.998089373 9.938887596
0.999851644 0.017020991 0.002647245 5.480790615 -0.016836053 0.998129189 -0.058776110 -1.081395864 -0.003642720 0.058722820 0.998267651 9.981985092
0.999725521 0.022299062 -0.007190157 5.479400158 -0.022701668 0.997826040 -0.061869301 -1.085118890 0.005794898 0.062015545 0.998058379 10.023603439
0.999510467 0.026405593 -0.016781133 5.477219105 -0.027484456 0.997327447 -0.067693844 -1.089190722 0.014948790 0.068121918 0.997565031 10.067291260
0.999385118 0.022988886 -0.026478846 5.475868225 -0.024982223 0.996672332 -0.077589244 -1.092303276 0.024607044 0.078203030 0.996633768 10.107701302
0.999202251 0.019882720 -0.034633890 5.473950386 -0.022762600 0.996133864 -0.084847294 -1.096160889 0.032812998 0.085567959 0.995791852 10.149594307
0.998984456 0.017056489 -0.041702826 5.472211361 -0.020467300 0.996357620 -0.082779758 -1.099208832 0.040139001 0.083549239 0.995694935 10.191739082
0.998660743 0.021721475 -0.046956833 5.468521118 -0.025169136 0.996931314 -0.074123517 -1.103507996 0.045202661 0.075206116 0.996142924 10.234754562
0.998334527 0.026738344 -0.051118433 5.465710163 -0.029912233 0.997604847 -0.062367253 -1.107155561 0.049328402 0.063792460 0.996743262 10.276847839
0.998249054 0.026676942 -0.052793235 5.462543011 -0.029504113 0.998130918 -0.053517632 -1.111292124 0.051266875 0.054981552 0.997170389 10.320477486
0.998264551 0.023162547 -0.054142024 5.460566044 -0.026085103 0.998204947 -0.053911190 -1.114521384 0.052796118 0.055229936 0.997076869 10.362337112
0.998300314 0.019710470 -0.054844216 5.457881927 -0.022829363 0.998122454 -0.056835502 -1.117510796 0.053620979 0.057990950 0.996876061 10.403917313
0.998245955 0.017599713 -0.056526586 5.455581665 -0.020851767 0.998129666 -0.057466745 -1.119765043 0.055409465 0.058544625 0.996745884 10.445670128
0.998127937 0.019557446 -0.057949539 5.452152252 -0.022756977 0.998222709 -0.055077087 -1.122260332 0.056769382 0.056292728 0.996799052 10.488467216
0.997945607 0.020016601 -0.060861211 5.449227333 -0.023108033 0.998455524 -0.050522693 -1.125920534 0.059755921 0.051825274 0.996866763 10.529985428
0.997782230 0.019547189 -0.063628055 5.445717335 -0.022498095 0.998688340 -0.045996360 -1.128127575 0.062645487 0.047325864 0.996913075 10.574924469
0.997510374 0.017792888 -0.068237424 5.442758560 -0.020738553 0.998872519 -0.042705327 -1.131490231 0.067400634 0.044014152 0.996754706 10.616005898
0.997102797 0.017001282 -0.074141495 5.438383579 -0.020095896 0.998948991 -0.041194987 -1.133631587 0.073363207 0.042565588 0.996396482 10.660775185
0.996439397 0.015070110 -0.082954615 5.435063839 -0.018297125 0.999099493 -0.038279165 -1.135777116 0.082303047 0.039660700 0.995817900 10.702555656
0.995629728 0.013678550 -0.092381634 5.429698944 -0.017120900 0.999184310 -0.036573116 -1.138958931 0.091806009 0.037994932 0.995051742 10.747560501
0.994394481 0.015684534 -0.104565233 5.424876213 -0.019744784 0.999086201 -0.037908394 -1.141508579 0.103875108 0.039760511 0.993795276 10.790321350
0.993125379 0.016372690 -0.115904070 5.418222427 -0.021289226 0.998919606 -0.041308921 -1.143923998 0.115102515 0.043492455 0.992401063 10.834454536
0.991650283 0.017260833 -0.127795577 5.411798954 -0.023068085 0.998760641 -0.044101924 -1.146268368 0.126875952 0.046681684 0.990819514 10.876163483
0.989992857 0.016242906 -0.140180528 5.404414177 -0.022645099 0.998766124 -0.044197436 -1.148986101 0.139289692 0.046929535 0.989139020 10.922361374
0.988292456 0.016103037 -0.151719719 5.397095680 -0.022609781 0.998892546 -0.041259427 -1.151465535 0.150887311 0.044206720 0.987562001 10.966476440
0.986353576 0.017281299 -0.163730949 5.389091015 -0.023906004 0.998969615 -0.038577195 -1.154327512 0.162895605 0.041964915 0.985750377 11.010256767
0.984250903 0.019928230 -0.175649881 5.380932808 -0.026721669 0.998980224 -0.036395844 -1.157174110 0.174745440 0.040516309 0.983779609 11.054086685
0.982470214 0.024094317 -0.184856594 5.370279312 -0.030910876 0.998940945 -0.034081634 -1.158444524 0.183839634 0.039198276 0.982174397 11.099087715
0.980981410 0.027678130 -0.192118064 5.360699654 -0.034791794 0.998824418 -0.033752769 -1.160477400 0.190957993 0.039794974 0.980791271 11.143278122
0.980048716 0.028934436 -0.196640044 5.350414276 -0.035485495 0.998923600 -0.029872935 -1.163230896 0.195564047 0.036254805 0.980020523 11.189229965
0.979695737 0.026564946 -0.198722258 5.340364933 -0.032747354 0.999074459 -0.027888581 -1.164751053 0.197797477 0.033829950 0.979658961 11.235080719
0.979757249 0.022005131 -0.198976189 5.331402779 -0.028475599 0.999152720 -0.029715555 -1.167085767 0.198153704 0.034779996 0.979553699 11.280949593
0.980020583 0.020624451 -0.197823718 5.321925640 -0.027322778 0.999139905 -0.031190250 -1.169130206 0.197010294 0.035972182 0.979741335 11.327007294
0.980354011 0.016890174 -0.196521580 5.311835289 -0.023939796 0.999150217 -0.033551782 -1.171489954 0.195787892 0.037597306 0.979925275 11.373926163
0.980520546 0.013806004 -0.195930749 5.301924706 -0.020646887 0.999244869 -0.032915283 -1.173527956 0.195328370 0.036319464 0.980065167 11.422408104
0.980518341 0.011052282 -0.196116298 5.293178558 -0.016888499 0.999462247 -0.028111616 -1.175549626 0.195700109 0.030876068 0.980177581 11.471096039
0.980987132 0.012290896 -0.193683356 5.282320976 -0.017457169 0.999535322 -0.024989599 -1.177807093 0.193286210 0.027895635 0.980745792 11.520079613
0.981167197 0.012371504 -0.192763358 5.273314953 -0.017140690 0.999586344 -0.023093082 -1.179848075 0.192397922 0.025962275 0.980973482 11.569355965
0.981769383 0.013518227 -0.189594597 5.262199879 -0.018047512 0.999590993 -0.022183096 -1.181699514 0.189217180 0.025200395 0.981611848 11.615243912
0.981915832 0.014836382 -0.188735276 5.253079891 -0.019251650 0.999581575 -0.021582190 -1.183667898 0.188336134 0.024825361 0.981790841 11.667626381
0.982212067 0.013739911 -0.187271357 5.243623734 -0.018302307 0.999575734 -0.022655156 -1.185683012 0.186880618 0.025679667 0.982046962 11.717051506
0.982366025 0.012988127 -0.186516061 5.234892845 -0.018279031 0.999477029 -0.026675276 -1.188088655 0.186072037 0.029614219 0.982089698 11.765827179
0.982381761 0.011917307 -0.186505139 5.226536274 -0.018447658 0.999274492 -0.033318013 -1.189807653 0.185972780 0.036171593 0.981888831 11.814351082
0.982718468 0.012895609 -0.184656873 5.216078281 -0.019776043 0.999175131 -0.035467457 -1.191943884 0.184047192 0.038506307 0.982162893 11.863224983
0.983216882 0.015097738 -0.181815550 5.206338406 -0.021293079 0.999255538 -0.032171153 -1.193921089 0.181194484 0.035502627 0.982806265 11.910573006
0.983168244 0.017138844 -0.181896567 5.196781158 -0.022576258 0.999356747 -0.027864425 -1.197167635 0.181302026 0.031501964 0.982922733 11.963563919
0.983653486 0.021214554 -0.178817600 5.187111378 -0.026559493 0.999267519 -0.027549431 -1.199521065 0.178102180 0.031848401 0.983496368 12.012266159
0.984328091 0.025360255 -0.174513891 5.178430557 -0.030247031 0.999219835 -0.025399372 -1.203052998 0.173733577 0.030279841 0.984327197 12.062355042
0.985637784 0.025271833 -0.166971847 5.169827938 -0.029752074 0.999259889 -0.024385175 -1.205158353 0.166232020 0.029002707 0.985660136 12.111727715
0.987244070 0.025216768 -0.157205224 5.160520554 -0.029416034 0.999268293 -0.024442475 -1.207625866 0.156473845 0.028755043 0.987263381 12.163123131
0.988945901 0.021093994 -0.146768838 5.153683186 -0.025298093 0.999319613 -0.026836773 -1.210305572 0.146102905 0.030253090 0.988806725 12.211899757
0.990507782 0.022490745 -0.135604233 5.146075249 -0.026904205 0.999163210 -0.030802079 -1.212205172 0.134798035 0.034158021 0.990284085 12.262930870
0.992049158 0.025240611 -0.123294070 5.139502048 -0.029254951 0.999095500 -0.030857628 -1.213973403 0.122403696 0.034219246 0.991890311 12.312906265
0.993471205 0.020430615 -0.112238631 5.134180546 -0.023227589 0.999449968 -0.023668854 -1.216626406 0.111693345 0.026121354 0.993399382 12.362826347
0.994490564 0.015909366 -0.103611544 5.130033016 -0.017752521 0.999699712 -0.016891221 -1.218440771 0.103311703 0.018637527 0.994474471 12.412873268
0.995329618 0.015813766 -0.095229939 5.123906136 -0.017010903 0.999785960 -0.011772266 -1.220128179 0.095023386 0.013337234 0.995385706 12.463397980
0.995616555 0.021712072 -0.090973020 5.118618011 -0.022632089 0.999702394 -0.009093563 -1.221593499 0.090748519 0.011112613 0.995811820 12.513280869
0.995907128 0.020773176 -0.087962143 5.113840103 -0.021533050 0.999738514 -0.007698470 -1.223063469 0.087779209 0.009561054 0.996094048 12.564509392
0.996156991 0.020097263 -0.085248701 5.107968330 -0.020809762 0.999755561 -0.007477383 -1.223937988 0.085077576 0.009222653 0.996331513 12.614782333
0.996180356 0.020872280 -0.084788449 5.103652954 -0.021746788 0.999719262 -0.009403436 -1.225079417 0.084568381 0.011211397 0.996354580 12.666205406
0.996198118 0.023671042 -0.083839118 5.098144531 -0.024587013 0.999648571 -0.009909634 -1.226853013 0.083575092 0.011933313 0.996430039 12.716516495
0.996084392 0.024927517 -0.084820710 5.093789101 -0.025815835 0.999622583 -0.009391952 -1.227941632 0.084554590 0.011544896 0.996351957 12.766665459
0.995886743 0.026977776 -0.086496934 5.088729858 -0.027772106 0.999582291 -0.007992931 -1.229159117 0.086245164 0.010362254 0.996220052 12.816870689
0.995772064 0.025942108 -0.088119581 5.084073067 -0.026523845 0.999633372 -0.005437010 -1.231601238 0.087946244 0.007751293 0.996095061 12.869456291
0.995689452 0.021225771 -0.090288669 5.079590797 -0.021912187 0.999737978 -0.006617934 -1.232049704 0.090124540 0.008567829 0.995893657 12.920253754
0.995403230 0.020885665 -0.093466900 5.074361801 -0.021360779 0.999763489 -0.004085585 -1.233828545 0.093359470 0.006063331 0.995613992 12.973029137
0.994992316 0.023913432 -0.097048186 5.068176270 -0.024280310 0.999701798 -0.002600965 -1.234628320 0.096957050 0.004944300 0.995276272 13.024794579
0.994416118 0.026491497 -0.102150738 5.061688900 -0.026325068 0.999648929 0.002977253 -1.235688925 0.102193773 -0.000271503 0.994764447 13.076920509
0.993887067 0.028727207 -0.106598251 5.055101395 -0.028088987 0.999577343 0.007484027 -1.236708403 0.106768198 -0.004444041 0.994274020 13.129275322
0.993270695 0.028989766 -0.112129033 5.049450397 -0.028308349 0.999569833 0.007664774 -1.237061024 0.112303019 -0.004439007 0.993664086 13.182270050
0.992588758 0.034306336 -0.116578862 5.042506218 -0.033976793 0.999411047 0.004813455 -1.238001108 0.116675347 -0.000816806 0.993169785 13.234308243
0.991847098 0.039638173 -0.121111952 5.034909248 -0.039941166 0.999202132 -0.000074243 -1.237768054 0.121012367 0.004910991 0.992638826 13.286849976
