0.999932826 0.000662510 0.011570675 0.000609989 -0.000688530 0.999997199 0.002244881 -0.000382830 -0.011569156 -0.002252696 0.999930561 0.042638090
0.999748290 0.001470500 0.022386497 0.001868208 -0.001568693 0.999989212 0.004369355 -0.000542450 -0.022379832 -0.004403373 0.999739766 0.086819477
0.999467492 0.001794416 0.032579836 0.003799268 -0.002005365 0.999977231 0.006443289 -0.000814022 -0.032567527 -0.006505194 0.999448359 0.132285595
0.999068737 0.002077635 0.043097258 0.006049829 -0.002431178 0.999963820 0.008152596 -0.000592256 -0.043078765 -0.008249781 0.999037743 0.179130390
0.998543978 0.001400147 0.053923916 0.008535169 -0.001920709 0.999952018 0.009603040 -0.000487201 -0.053907886 -0.009692630 0.998498857 0.227248430
0.997912765 0.000923483 0.064569965 0.011724208 -0.001640472 0.999937594 0.011051921 -0.000798678 -0.064555749 -0.011134780 0.997851968 0.276439756
0.997211933 0.001343692 0.074610204 0.016671449 -0.002393896 0.999899268 0.013988236 -0.000473658 -0.074583910 -0.014127843 0.997114658 0.326074123
0.996213377 0.002217912 0.086913750 0.020185806 -0.003753517 0.999839604 0.017508706 -0.000166068 -0.086860977 -0.017768644 0.996061921 0.376058221
0.995096803 0.001918677 0.098887749 0.025765944 -0.004028338 0.999768496 0.021138649 0.000179319 -0.098824292 -0.021433357 0.994874001 0.426858157
0.993677080 0.001384177 0.112267368 0.031151256 -0.004073313 0.999710143 0.023727130 0.000094919 -0.112201981 -0.024034403 0.993394732 0.477101147
0.992035270 -0.000220702 0.125960588 0.038361020 -0.002842287 0.999704599 0.024136804 0.000302546 -0.125928700 -0.024302574 0.991741598 0.527843773
0.989931166 0.002423476 0.141528904 0.044324361 -0.005708231 0.999723554 0.022807688 0.000758425 -0.141434550 -0.023385921 0.989671290 0.579951167
0.987542927 0.000720702 0.157347620 0.053389709 -0.004222277 0.999750853 0.021920616 0.000808598 -0.157292619 -0.022311917 0.987299919 0.630880654
0.983977437 0.003141698 0.178265244 0.062346786 -0.006861691 0.999771297 0.020255044 0.000929893 -0.178160831 -0.021153703 0.983773947 0.682318389
0.979104280 0.006228848 0.203262985 0.073221959 -0.010276061 0.999769270 0.018861897 0.001317386 -0.203098595 -0.020556509 0.978942454 0.732451081
0.972356379 0.008001991 0.233364508 0.085486867 -0.012563355 0.999757886 0.018066185 0.001316890 -0.233163431 -0.020498609 0.972221494 0.785058022
0.964050114 0.008726091 0.265577167 0.099864878 -0.013849787 0.999752223 0.017426042 0.001528142 -0.265359312 -0.020477766 0.963932097 0.835957348
0.954226315 0.009025330 0.298949271 0.115770757 -0.014663488 0.999754250 0.016622128 0.001015924 -0.298725814 -0.020244909 0.954124212 0.887052715
0.943464518 0.009387585 0.331340253 0.133970201 -0.014896956 0.999789655 0.014091671 0.001665630 -0.331138343 -0.018230958 0.943406045 0.938408375
0.932134032 0.009691283 0.361983955 0.152696252 -0.015306125 0.999802947 0.012646934 0.000211958 -0.361790061 -0.017329212 0.932098448 0.986059964
0.919761121 0.011729793 0.392303348 0.174153253 -0.016611002 0.999821067 0.009050302 -0.000070028 -0.392126977 -0.014840669 0.919791400 1.035929084
0.906779885 0.009359339 0.421500593 0.197255939 -0.012676910 0.999906719 0.005069268 -0.001274345 -0.421413839 -0.009940036 0.906813979 1.083803058
0.892967939 0.007184028 0.450062960 0.222923309 -0.007633292 0.999970496 -0.000816623 -0.001773450 -0.450055540 -0.002706246 0.892996430 1.133960247
0.878862858 0.001818193 0.477071047 0.248812884 0.001113623 0.999982178 -0.005862613 -0.003018231 -0.477073193 0.005683710 0.878845096 1.178068280
0.864500701 -0.002076393 0.502627313 0.276579469 0.008110355 0.999918878 -0.009818774 -0.004868768 -0.502566099 0.012564821 0.864447415 1.223818779
0.849937499 -0.008207203 0.526819587 0.307012111 0.018159401 0.999740899 -0.013722484 -0.005863467 -0.526570499 0.021229979 0.849866331 1.270744681
0.835079253 -0.007415900 0.550079644 0.337383211 0.023437446 0.999480963 -0.022106022 -0.007816995 -0.549630165 0.031352744 0.834819555 1.316791654
0.820134401 -0.003859136 0.572157860 0.366271138 0.029824169 0.998906195 -0.036012635 -0.010673080 -0.571393073 0.046599336 0.819352388 1.356392980
0.805218101 0.005573135 0.592952549 0.401090473 0.032161660 0.998073459 -0.053055756 -0.014223412 -0.592105925 0.061791785 0.803487659 1.402479410
0.788080394 0.019371111 0.615267336 0.432240069 0.029307796 0.997190535 -0.068935201 -0.016638689 -0.614874125 0.072358623 0.785298705 1.446432829
0.772783399 0.020067086 0.634352624 0.469506741 0.037764937 0.996275127 -0.077522278 -0.022347800 -0.633545280 0.083864212 0.769146919 1.485749245
0.756287575 0.020729341 0.653910875 0.504731476 0.042416044 0.995841622 -0.080625452 -0.026498869 -0.652862906 0.088712342 0.752263248 1.525494695
0.739481091 0.019064356 0.672907233 0.539849222 0.045294099 0.995924711 -0.077991121 -0.031652100 -0.671651781 0.088151686 0.735603929 1.564443946
0.724477112 0.012202689 0.689190865 0.579937935 0.050378099 0.996231973 -0.070596524 -0.037349813 -0.687455475 0.085865691 0.721132517 1.603945255
0.710438728 0.002617695 0.703754306 0.617234290 0.060081754 0.996116579 -0.064357601 -0.042257342 -0.701189816 0.088004909 0.707522571 1.639934897
0.699323356 0.002069811 0.714802444 0.656654358 0.061683428 0.996090889 -0.063231982 -0.046769161 -0.712139010 0.088311076 0.696461856 1.678050041
0.690614164 0.001455424 0.723221898 0.696068168 0.066264279 0.995664358 -0.065280341 -0.051052108 -0.720181227 0.093007289 0.687523484 1.713718414
0.681784749 0.003997076 0.731541932 0.733721554 0.066353031 0.995525360 -0.067279361 -0.055355057 -0.728537440 0.094410069 0.678468764 1.749094248
0.673092425 0.010299984 0.739486694 0.770511806 0.061039180 0.995717824 -0.069427736 -0.059785664 -0.737035096 0.091868944 0.669581354 1.783151269
0.663462043 0.010721796 0.748133123 0.811588943 0.060301401 0.995878398 -0.067749023 -0.064319983 -0.745775998 0.090062380 0.660080969 1.818488836
0.655857801 0.009997241 0.754818201 0.850463152 0.062580936 0.995750189 -0.067564555 -0.068733513 -0.752285779 0.091549985 0.652445078 1.851377964
0.649509132 0.010099175 0.760286748 0.890460610 0.065564916 0.995443523 -0.069234625 -0.072531477 -0.757521749 0.094816625 0.645887494 1.884670734
0.645956874 0.011628121 0.763285220 0.930883348 0.066768058 0.995191574 -0.071665876 -0.076960206 -0.760448396 0.097256161 0.642074525 1.919747114
0.646479368 0.014323813 0.762796998 0.972183764 0.066454440 0.994966447 -0.075004429 -0.080785818 -0.760031760 0.099180065 0.642273426 1.953804016
0.649115384 0.012319252 0.760590196 1.013980389 0.067821123 0.994949639 -0.073996179 -0.085346781 -0.757660568 0.099616125 0.645001590 1.990344048
0.654315233 0.012323922 0.756121516 1.056278229 0.066477165 0.995059073 -0.073744826 -0.090815723 -0.753294349 0.098517165 0.650263011 2.027605295
0.660851061 0.013459224 0.750396371 1.100368261 0.064012751 0.995185018 -0.074223876 -0.095004402 -0.747782111 0.097085848 0.656807542 2.066413879
0.667191327 0.014226845 0.744750500 1.143133640 0.062252298 0.995254874 -0.074781477 -0.099784896 -0.742280543 0.096255995 0.663139820 2.104592323
0.672705233 0.015901826 0.739739656 1.187688947 0.059024997 0.995429456 -0.075074479 -0.104903102 -0.737552524 0.094166130 0.668692052 2.145875216
0.676303267 0.019583629 0.736362934 1.230922103 0.053256169 0.995730758 -0.075393982 -0.109736688 -0.734695673 0.090205073 0.672372997 2.186468601
0.677653730 0.021000976 0.735081196 1.275335670 0.049829550 0.995983422 -0.074391492 -0.115208909 -0.733690977 0.087040432 0.673885286 2.227742910
0.677351952 0.021556441 0.735343277 1.320205212 0.047165446 0.996241629 -0.072650462 -0.120922059 -0.734145641 0.083892718 0.673789382 2.270139217
0.676945925 0.021963133 0.735705018 1.368992567 0.046416480 0.996291280 -0.072451733 -0.126168609 -0.734567761 0.083194733 0.673415720 2.314232111
0.676329613 0.021616723 0.736281872 1.416453838 0.046094686 0.996368170 -0.071594052 -0.131716073 -0.735155463 0.082359865 0.672876894 2.357386827
0.676012635 0.021951120 0.736563087 1.463796377 0.045311142 0.996426523 -0.071281858 -0.137047142 -0.735495746 0.081561945 0.672602296 2.401183128
0.676739931 0.019603524 0.735961080 1.515490055 0.046897631 0.996467292 -0.069666415 -0.142838687 -0.734727025 0.081660874 0.673429847 2.446484327
0.676021755 0.020223932 0.736604095 1.561776400 0.045830179 0.996534109 -0.069421329 -0.148366362 -0.735455096 0.080689020 0.672751904 2.490483999
0.675530910 0.021646496 0.737013817 1.609077930 0.043547377 0.996652842 -0.069186814 -0.153350502 -0.736044466 0.078832850 0.672327101 2.535153151
0.675792038 0.021425158 0.736780822 1.658380747 0.042838916 0.996746123 -0.068277635 -0.159480244 -0.735846341 0.077704377 0.672675371 2.579854488
0.676390052 0.021432528 0.736231744 1.707362175 0.041765992 0.996852100 -0.067390680 -0.165907383 -0.735358596 0.076331817 0.673365653 2.624393463
0.677036822 0.020939959 0.735651195 1.754305363 0.041415058 0.996927083 -0.066492274 -0.170807675 -0.734782934 0.075484760 0.674089074 2.669553757
0.679277003 0.018996280 0.733636081 1.806197166 0.041770108 0.997043669 -0.064491905 -0.175682217 -0.732692301 0.074451923 0.676475286 2.716512680
0.681000233 0.016953640 0.732086897 1.852830887 0.041977067 0.997184277 -0.062140562 -0.181704640 -0.731079042 0.073048599 0.678371072 2.760130405
0.682924449 0.016089151 0.730311751 1.899351358 0.042198256 0.997218907 -0.061429419 -0.187104747 -0.729269087 0.072769530 0.680346370 2.803536892
0.684590638 0.016653908 0.728737473 1.948560357 0.042111818 0.997165561 -0.062349010 -0.192034155 -0.727710307 0.073372006 0.681948900 2.851116896
0.685391068 0.016073333 0.727997720 1.996376514 0.042916089 0.997126818 -0.062419768 -0.197739691 -0.726909399 0.074024767 0.682732046 2.895213842
0.684511006 0.019859444 0.728731930 2.043292284 0.040682837 0.997030377 -0.065385245 -0.202333719 -0.727866530 0.074403800 0.681670368 2.940222979
0.682458520 0.021811910 0.730598807 2.091826916 0.040428817 0.996897995 -0.067527138 -0.208534524 -0.729805410 0.075621717 0.679459691 2.985861778
0.678400397 0.023772871 0.734307647 2.139194965 0.039277781 0.996873498 -0.068560652 -0.214304477 -0.733641624 0.075353548 0.675345659 3.030199289
0.673828840 0.021737680 0.738567710 2.188313484 0.040879872 0.996939361 -0.066638701 -0.219446748 -0.737755775 0.075095624 0.670877934 3.075114727
0.669413924 0.018455803 0.742660403 2.237086535 0.042157046 0.997136593 -0.062778987 -0.225337029 -0.741692603 0.073333494 0.666719139 3.118309498
0.664514661 0.019544870 0.747019529 2.284515142 0.039534818 0.997338355 -0.061262529 -0.230691999 -0.746228695 0.070243128 0.661973238 3.161488295
0.659874976 0.020350957 0.751099706 2.332229137 0.041846439 0.997086227 -0.063779905 -0.235881984 -0.750209272 0.073517606 0.657100618 3.203588247
0.655718088 0.021766827 0.754691899 2.380819321 0.042202175 0.996964872 -0.065422028 -0.240986988 -0.753825307 0.074748054 0.652809381 3.245639801
0.651323974 0.023967538 0.758421063 2.428038836 0.041267764 0.996902883 -0.066944331 -0.246290758 -0.757676661 0.074900798 0.648317754 3.286272526
0.647975683 0.025836002 0.761222661 2.476398230 0.040215515 0.996869922 -0.068066582 -0.251275510 -0.760598481 0.074718460 0.644908547 3.328373671
0.645440519 0.024008885 0.763433099 2.524794579 0.041702937 0.996907234 -0.066608861 -0.256786764 -0.762671053 0.074829459 0.642443120 3.367624521
0.642542362 0.017687978 0.766045988 2.572644711 0.041849028 0.997431338 -0.058132693 -0.261446238 -0.765106499 0.069411002 0.640151680 3.409704447
0.640842855 0.009973109 0.767607331 2.621356964 0.041686978 0.997988105 -0.047769018 -0.266391754 -0.766539335 0.062611669 0.639137864 3.449618578
0.639042974 0.007855558 0.769130886 2.669287205 0.042507932 0.998058975 -0.045512024 -0.270892233 -0.767995536 0.061778303 0.637468696 3.490373611
0.638108253 0.011283359 0.769863963 2.715320826 0.043071628 0.997803688 -0.050324395 -0.275248140 -0.768741012 0.065271698 0.636220813 3.528858185
0.636086762 0.016928162 0.771431863 2.763218164 0.043420848 0.997389793 -0.057689350 -0.278865069 -0.770394921 0.070191652 0.633691430 3.569365501
0.636528075 0.013401760 0.771137059 2.812799215 0.049691826 0.997058928 -0.058345772 -0.283663929 -0.769651055 0.075457931 0.633990049 3.608013630
0.636869311 0.009993738 0.770906925 2.860286951 0.053807832 0.996901631 -0.057375699 -0.288428247 -0.769091785 0.078021660 0.634358287 3.645937920
0.636936605 0.009440294 0.770858407 2.907583237 0.051657826 0.997154951 -0.054894898 -0.292478234 -0.769183457 0.074785441 0.634636819 3.686515093
0.637356281 0.006107977 0.770545185 2.956075907 0.050378080 0.997498930 -0.049577229 -0.297162652 -0.768920660 0.070416935 0.635454595 3.726465940
0.637778521 0.003873325 0.770210028 3.002984047 0.046774451 0.997946918 -0.043750554 -0.301132470 -0.768798113 0.063929312 0.636287928 3.766412258
0.638464212 0.008752149 0.769601703 3.049623966 0.037712131 0.998378515 -0.042639986 -0.304885417 -0.768726945 0.056247432 0.637098908 3.806010723
0.639920413 0.012681277 0.768336535 3.095702171 0.030218059 0.998675227 -0.041650530 -0.308119088 -0.767846823 0.049870662 0.638689458 3.845533609
0.641900718 0.009172680 0.766732872 3.143007755 0.033662871 0.998627245 -0.040129114 -0.312166959 -0.766048491 0.051569346 0.640710831 3.884702206
0.644560158 0.007226260 0.764519393 3.188842773 0.038120985 0.998407781 -0.041576475 -0.315825582 -0.763602674 0.055942774 0.643258452 3.923347950
0.649620593 0.007184629 0.760224521 3.235865593 0.040599871 0.998200595 -0.044126730 -0.319238722 -0.759173572 0.059530664 0.648160100 3.962858915
0.656841934 0.004097729 0.754017055 3.281983376 0.044260878 0.998051465 -0.043980628 -0.323009700 -0.752728105 0.062261783 0.655380785 4.001534462
0.663607597 -0.002091490 0.748077869 3.327806950 0.052159674 0.997691751 -0.043480635 -0.327206343 -0.746260107 0.067873582 0.662184954 4.042358875
0.671430409 0.000191359 0.741067708 3.370907784 0.048917472 0.997807503 -0.044578407 -0.330377966 -0.739451408 0.066182449 0.669948876 4.082985878
0.681133449 -0.000417947 0.732159197 3.415555239 0.047336128 0.997932732 -0.043467514 -0.334117472 -0.730627477 0.064264752 0.679745197 4.124467373
0.691159546 -0.003492079 0.722693682 3.459823132 0.046676036 0.998116195 -0.039816454 -0.338018388 -0.721193254 0.061252005 0.690020561 4.165964127
0.699881434 -0.003616317 0.714249909 3.502150536 0.045883916 0.998149276 -0.039907161 -0.341436386 -0.712783754 0.060702857 0.698752105 4.208724499
0.708492160 -0.004862481 0.705702007 3.543320417 0.045978423 0.998169720 -0.039282531 -0.344672501 -0.704219460 0.060278416 0.707418978 4.251986980
0.718539000 -0.005554228 0.695464551 3.585659027 0.046834785 0.998084545 -0.040417641 -0.348190159 -0.693907917 0.061613586 0.717422903 4.294691086
0.728406966 -0.002008156 0.685141742 3.626835823 0.045787565 0.997902751 -0.045754105 -0.352144003 -0.683612883 0.064698592 0.726971447 4.337925911
0.736588180 0.001591699 0.676339686 3.665989637 0.048235767 0.997327209 -0.054879740 -0.355850935 -0.674619257 0.073047526 0.734542608 4.381518364
0.745660245 0.004410433 0.666311681 3.705149651 0.048327912 0.996986508 -0.060682345 -0.359789640 -0.664571226 0.077449866 0.743200183 4.425724030
0.754620016 0.001605000 0.656160116 3.744992018 0.047663502 0.997221112 -0.057254881 -0.365035206 -0.654428601 0.074480563 0.752446532 4.470934868
0.763199866 -0.000233402 0.646162510 3.783210039 0.046231147 0.997456908 -0.054244548 -0.369756430 -0.644506574 0.071272254 0.761269808 4.516361237
0.769652128 0.005684028 0.638438165 3.821250200 0.039741587 0.997594774 -0.056791008 -0.373789072 -0.637225389 0.069081880 0.767575085 4.562945366
0.774437428 0.012893645 0.632519186 3.858056307 0.034892902 0.997399926 -0.063053414 -0.378861219 -0.631687582 0.070901349 0.771973908 4.609186172
0.777792871 0.024342125 0.628049254 3.894824505 0.026880810 0.997047126 -0.071933761 -0.382808805 -0.627945781 0.072832011 0.774841666 4.655839920
0.779877961 0.028183861 0.625296891 3.930413008 0.024529705 0.996842265 -0.075524189 -0.387847424 -0.625450909 0.074237980 0.776723862 4.701953888
0.782324791 0.028576041 0.622215033 3.966196537 0.023831913 0.996842325 -0.075745672 -0.392890900 -0.622414827 0.074086271 0.779173315 4.747721672
0.786074698 0.028594399 0.617469966 4.001368046 0.023651980 0.996806622 -0.076271407 -0.398045719 -0.617679000 0.074559391 0.782888055 4.792210579
0.789397240 0.028827269 0.613205492 4.038197041 0.019745523 0.997187614 -0.072297551 -0.403693259 -0.613565028 0.069179550 0.786607981 4.840662003
0.792809725 0.025321122 0.608942926 4.073853970 0.020965585 0.997412205 -0.068770520 -0.408869922 -0.609108388 0.067288786 0.790227234 4.887884140
0.796474874 0.026145155 0.604106247 4.108713150 0.017397346 0.997660279 -0.066115074 -0.414177626 -0.604421318 0.063168846 0.794156373 4.934238911
0.800117731 0.032869011 0.598941863 4.143016815 0.009518699 0.997676075 -0.067466818 -0.418997705 -0.599767506 0.059682548 0.797945380 4.982088089
0.803625345 0.040213812 0.593775332 4.175871849 0.001521805 0.997572362 -0.069620863 -0.424080729 -0.595133543 0.056852702 0.801613271 5.028885365
0.807941556 0.040949650 0.587838233 4.209498405 0.003080339 0.997275293 -0.073705316 -0.428909987 -0.589254737 0.061360326 0.805613935 5.075438499
0.812464118 0.040834937 0.581579387 4.243624687 0.004751208 0.997047186 -0.076643951 -0.433786571 -0.582991838 0.065033667 0.809871078 5.123013973
0.815676212 0.040860429 0.577063978 4.274877548 0.002845816 0.997207165 -0.074632235 -0.439299643 -0.578501701 0.062517948 0.813281775 5.169306755
0.820200264 0.038046326 0.570810020 4.309275627 0.002256058 0.997563124 -0.069732539 -0.444769830 -0.572072148 0.058482416 0.818115711 5.218173504
0.824598193 0.037061263 0.564503610 4.341972351 0.000980304 0.997756660 -0.066937521 -0.449908078 -0.565718055 0.055749957 0.822712004 5.266247749
0.828827322 0.040048294 0.558069408 4.374195099 -0.000435939 0.997480869 -0.070933998 -0.454652876 -0.559504449 0.058548752 0.826756835 5.312405109
0.832142949 0.041130543 0.553033829 4.406220436 -0.000582658 0.997310042 -0.073295787 -0.460171849 -0.554560900 0.060670331 0.829928517 5.363394260
0.835782230 0.042723451 0.547396421 4.437832355 -0.002161299 0.997216284 -0.074531280 -0.465087533 -0.549056768 0.061108835 0.833548009 5.413536072
0.839611411 0.042675752 0.541508436 4.469197750 -0.002885826 0.997245371 -0.074117422 -0.470472276 -0.543179810 0.060667142 0.837421775 5.463408470
0.844485998 0.038829878 0.534168184 4.499199867 -0.000173289 0.997388124 -0.072228409 -0.475878447 -0.535577655 0.060903322 0.842287004 5.509024620
0.848930001 0.037575673 0.527167737 4.528439999 0.001056014 0.997346699 -0.072789833 -0.480989367 -0.528504252 0.062350180 0.846637964 5.553394318
0.853197217 0.034698095 0.520433009 4.558588982 0.003910005 0.997331381 -0.072903715 -0.485916942 -0.521573842 0.064236164 0.850784659 5.599267483
0.855914950 0.040151946 0.515555441 4.586596966 -0.002965009 0.997345626 -0.072751775 -0.491567254 -0.517108083 0.060740709 0.853762150 5.653320312
0.859365463 0.040356643 0.509767056 4.615087509 -0.004175169 0.997401416 -0.071922623 -0.496062070 -0.511344910 0.059679452 0.857300818 5.701013088
0.861757636 0.037970856 0.505897224 4.644412041 -0.002165323 0.997461379 -0.071177445 -0.501587152 -0.507315516 0.060242288 0.859652162 5.750830173
0.863599539 0.039432149 0.502634227 4.671793461 -0.003890434 0.997428358 -0.071564890 -0.506087542 -0.504163682 0.059847932 0.861531913 5.800195217
0.865940273 0.040407550 0.498512536 4.699977398 -0.004721492 0.997346997 -0.072639734 -0.511080503 -0.500125289 0.060547929 0.863833725 5.849613190
0.869397819 0.032285146 0.493057013 4.728371620 0.002890786 0.997513652 -0.070413992 -0.515701592 -0.494104505 0.062643088 0.867142856 5.897995472
0.871948421 0.024165438 0.489000857 4.757026672 0.010028592 0.997690082 -0.067186050 -0.521161497 -0.489494890 0.063486770 0.869691968 5.948726177
0.874487698 0.022494297 0.484525770 4.784882069 0.011171478 0.997725070 -0.066482425 -0.525483966 -0.484918982 0.063550927 0.872247040 5.998415470
0.876433015 0.024960337 0.480876386 4.811187267 0.008972986 0.997635663 -0.068137147 -0.530539989 -0.481440127 0.064032547 0.874136746 6.045931339
0.878335714 0.026992057 0.477281749 4.838862896 0.007554621 0.997496188 -0.070314817 -0.535242319 -0.477984637 0.065365687 0.875932634 6.098573208
0.879271865 0.029250013 0.475421309 4.865289688 0.004975104 0.997494280 -0.070571497 -0.539794385 -0.476294249 0.064416796 0.876923203 6.147916317
0.879648268 0.028993636 0.474740237 4.892436504 0.004437028 0.997596622 -0.069147237 -0.544972003 -0.475604057 0.062931687 0.877405465 6.199172974
0.880249262 0.025765639 0.473811567 4.919282913 0.005314817 0.997926831 -0.064140640 -0.549603760 -0.474481791 0.058977980 0.878287256 6.248435497
0.880526185 0.024639620 0.473356634 4.945950985 0.004143047 0.998209774 -0.059666578 -0.554028571 -0.473979384 0.054499123 0.878847778 6.299887180
0.881071627 0.022428604 0.472450674 4.972537994 0.005131746 0.998362958 -0.056965362 -0.559004009 -0.472954959 0.052615065 0.879514277 6.349447727
0.881802917 0.024934776 0.470958441 4.999122620 0.005112857 0.998037279 -0.062413923 -0.562961876 -0.471590370 0.057444736 0.879944623 6.399038792
0.881724536 0.026984647 0.470992267 5.025226116 0.005007321 0.997771204 -0.066539481 -0.567220688 -0.471738100 0.061027907 0.879624188 6.447949886
0.881388903 0.030602196 0.471398920 5.050838470 0.000755894 0.997806847 -0.066188775 -0.571537197 -0.472390562 0.058694385 0.879432797 6.498128891
0.881458580 0.032447506 0.471145451 5.075860023 -0.001637750 0.997841001 -0.065656669 -0.575949252 -0.472258568 0.057102021 0.879608512 6.547034264
0.882017612 0.026676163 0.470460773 5.101911068 0.004602348 0.997860968 -0.065209396 -0.581331134 -0.471193999 0.059681054 0.880008161 6.595312595
0.882439315 0.030589631 0.469430506 5.127581120 0.001546389 0.997689545 -0.067919649 -0.585653782 -0.470423579 0.060660888 0.880353332 6.644010067
0.882218599 0.038460314 0.469266623 5.153258801 -0.005809106 0.997471511 -0.070830040 -0.590338945 -0.470804214 0.059761554 0.880211294 6.693421364
0.882178605 0.045417801 0.468719691 5.177350044 -0.012418137 0.997235775 -0.073257528 -0.594884098 -0.470751256 0.058805592 0.880303979 6.741232395
0.882549107 0.043323800 0.468220204 5.203434944 -0.008326482 0.997030258 -0.076559305 -0.600128591 -0.470146477 0.063668713 0.880288899 6.790012360
0.882644117 0.041723572 0.468186319 5.228670597 -0.006426898 0.997030675 -0.076736555 -0.605561197 -0.469997883 0.064722084 0.880291402 6.837870598
0.883367181 0.045583569 0.466459543 5.252906799 -0.010177750 0.996890008 -0.078144215 -0.610349059 -0.468570977 0.064282522 0.881083906 6.885334969
0.884434104 0.035599075 0.465305299 5.277668953 0.000099438 0.997071743 -0.076471880 -0.615007222 -0.466665089 0.067680605 0.881840706 6.931778431
0.886335969 0.028681759 0.462153554 5.302968025 0.005181863 0.997402847 -0.071837910 -0.620227039 -0.463013709 0.066067338 0.883885384 6.978209019
0.887605608 0.021624977 0.460096478 5.327713966 0.009892309 0.997771800 -0.065980203 -0.625121236 -0.460498214 0.063115805 0.885413945 7.024877548
0.889028311 0.019719724 0.457427382 5.351061344 0.011572802 0.997784972 -0.065506771 -0.629347742 -0.457705915 0.063531086 0.886830926 7.070138454
0.891418874 0.020884736 0.452698737 5.374055386 0.012364491 0.997444808 -0.070363134 -0.634030819 -0.453011572 0.068320416 0.888882935 7.115558147
0.894404888 0.020531995 0.446786642 5.397664547 0.013838521 0.997197092 -0.073528789 -0.638472199 -0.447044104 0.071947359 0.891613781 7.162941933
0.897869051 0.022184703 0.439703345 5.418102264 0.011409673 0.997221708 -0.073612027 -0.643305540 -0.440114796 0.071110837 0.895121336 7.206515789
0.902481675 0.016905159 0.430396378 5.442436218 0.014638015 0.997448564 -0.069871791 -0.647100985 -0.430479467 0.069358163 0.899931610 7.255834579
0.907624483 0.012244340 0.419604391 5.463424683 0.017681794 0.997572184 -0.067356393 -0.651869237 -0.419410437 0.068553686 0.905204475 7.301231861
0.913136482 0.009598759 0.407540947 5.484086990 0.020902010 0.997305214 -0.070322447 -0.656123996 -0.407117814 0.072732411 0.910475194 7.348732471
0.919371486 0.011244400 0.393229842 5.506507874 0.018894032 0.997175634 -0.072688498 -0.660219610 -0.392936528 0.074257419 0.916562498 7.398193359
0.924333513 0.007719141 0.381507367 5.523576736 0.021383796 0.997176409 -0.071985781 -0.664825976 -0.380985826 0.074696951 0.921558559 7.442940712
0.929420650 0.009649628 0.368895739 5.541772842 0.019084893 0.997063398 -0.074165091 -0.669192076 -0.368528098 0.075970910 0.926507115 7.490064144
0.934487939 0.012630863 0.355770558 5.559586525 0.017183129 0.996605098 -0.080516510 -0.674611330 -0.355579823 0.081354968 0.931098461 7.536520004
0.938834965 0.022209631 0.343650490 5.575258255 0.009478408 0.995873451 -0.090256348 -0.679294944 -0.344237000 0.087993070 0.934750259 7.582695484
0.943294942 0.029191289 0.330669731 5.589858532 0.003810257 0.995108247 -0.098716915 -0.683983028 -0.331933856 0.094379097 0.938569427 7.628746986
0.947783291 0.028515890 0.317637652 5.606469154 0.003334958 0.995053768 -0.099281892 -0.689409018 -0.318897575 0.095157027 0.943000257 7.675212383
0.951475382 0.029988434 0.306260109 5.620653152 -0.000656782 0.995435834 -0.095430754 -0.694743633 -0.307724178 0.090598881 0.947152436 7.721329212
0.954402626 0.033439279 0.296643555 5.633793354 -0.005849103 0.995610356 -0.093412101 -0.700198472 -0.298465073 0.087417655 0.950408816 7.768025398
0.957189441 0.038284138 0.286919296 5.647804260 -0.009892515 0.994962633 -0.099757262 -0.705790639 -0.289293081 0.092648230 0.952746451 7.814302444
0.959118485 0.042206042 0.279839784 5.660065651 -0.012467827 0.994158447 -0.107209042 -0.711452603 -0.282729954 0.099337183 0.954041839 7.859841824
0.959858894 0.046294041 0.276636273 5.673796654 -0.016258521 0.993809938 -0.109897360 -0.716913700 -0.280011445 0.100988254 0.954670072 7.906031132
0.959939003 0.047277220 0.276191741 5.686680317 -0.018765222 0.994297445 -0.104978338 -0.722760201 -0.279579788 0.095590010 0.955352068 7.949161530
0.959320724 0.046982139 0.278381735 5.700117111 -0.019404002 0.994696498 -0.101006329 -0.728783369 -0.281650871 0.091495745 0.955144584 7.997890949
0.958246291 0.045878574 0.282239497 5.712593079 -0.018761434 0.995005429 -0.098042093 -0.734152079 -0.285327882 0.088653274 0.954320967 8.043244362
0.957783997 0.044404309 0.284038782 5.727323532 -0.016758667 0.994943202 -0.099030800 -0.739050567 -0.286999881 0.090089984 0.953684866 8.088777542
0.956544697 0.043724891 0.288288772 5.740911484 -0.015758775 0.994999886 -0.098624378 -0.744881153 -0.291159689 0.089795537 0.952450931 8.135811806
0.955408037 0.043395832 0.292082548 5.754458904 -0.015344461 0.995102108 -0.097654089 -0.750094175 -0.294889808 0.088817656 0.951394498 8.178239822
0.953620791 0.044972699 0.297632366 5.767682076 -0.016357208 0.995057285 -0.097945802 -0.755111217 -0.300566196 0.088534713 0.949642837 8.223496437
0.951975286 0.046459056 0.302629232 5.782020092 -0.017898764 0.995174527 -0.096473448 -0.760010123 -0.305650949 0.086423658 0.948213220 8.266490936
0.950200677 0.044928852 0.308383018 5.796895981 -0.016769534 0.995490730 -0.093363896 -0.765721083 -0.311187238 0.083542988 0.946669519 8.311818123
0.948276281 0.044836707 0.314263821 5.809314728 -0.015998174 0.995467067 -0.093751751 -0.770315528 -0.317042798 0.083874904 0.944695115 8.352684975
0.946167350 0.047360960 0.320194125 5.823650360 -0.017633548 0.995310366 -0.095112808 -0.775705218 -0.323197156 0.084346481 0.942565143 8.398182869
0.945275843 0.048782259 0.322605252 5.838136196 -0.018030794 0.995059013 -0.097633734 -0.780615687 -0.325774103 0.086473957 0.941484749 8.438650131
0.944391489 0.049655411 0.325052589 5.852530479 -0.017789388 0.994799972 -0.100282416 -0.785556614 -0.328341842 0.088923372 0.940363944 8.481548309
0.943995774 0.046936013 0.326602191 5.867462158 -0.014401218 0.994748652 -0.101330720 -0.790922105 -0.329643101 0.090952307 0.939714372 8.523380280
0.944047511 0.043855302 0.326880783 5.881602287 -0.011659182 0.994938016 -0.099811614 -0.795979142 -0.329603344 0.090415731 0.939780056 8.566021919
0.945817590 0.039387953 0.322300643 5.896924019 -0.008821967 0.995365918 -0.095753625 -0.801335216 -0.324578613 0.087722123 0.941782117 8.607604980
0.948162258 0.038404047 0.315457642 5.910215378 -0.008586021 0.995404422 -0.095374510 -0.806458712 -0.317670673 0.087721966 0.944134653 8.649224281
0.951605678 0.035172809 0.305302322 5.923177719 -0.005966694 0.995356321 -0.096073747 -0.811428070 -0.307263792 0.089602672 0.947396636 8.689565659
0.956576288 0.031533133 0.289771616 5.937342644 -0.003596234 0.995332181 -0.096441016 -0.816341877 -0.291460127 0.091211103 0.952224553 8.732943535
0.960683525 0.031241674 0.275882483 5.948273659 -0.005459503 0.995582581 -0.093731269 -0.821199238 -0.277592093 0.088539906 0.956610322 8.773241043
0.964667141 0.035203375 0.261109173 5.958506584 -0.012119308 0.995913386 -0.089496702 -0.825632632 -0.263192743 0.083170064 0.961151540 8.815379143
0.969085634 0.032501791 0.244574428 5.968584061 -0.012811664 0.996576846 -0.081672214 -0.830458045 -0.246391714 0.076013975 0.966184676 8.856307030
0.973320305 0.030784216 0.227375939 5.978735447 -0.014029363 0.997089267 -0.074939989 -0.834272921 -0.229021102 0.069750682 0.970919132 8.898178101
0.976970851 0.028369365 0.211478516 5.986057281 -0.014547989 0.997671843 -0.066627845 -0.838287592 -0.212876320 0.062016878 0.975108981 8.939414024
0.980334461 0.028429184 0.195284382 5.993607998 -0.016836528 0.998009920 -0.060768690 -0.841723561 -0.196623310 0.056285746 0.978862166 8.980525970
0.983762205 0.028927965 0.177130774 6.000181675 -0.018955195 0.998151839 -0.057737578 -0.845458686 -0.178473622 0.053442493 0.982492268 9.021577835
0.986898184 0.027143057 0.159044728 6.006593227 -0.018389061 0.998246968 -0.056256790 -0.848557591 -0.160292864 0.052595038 0.985667348 9.062464714
0.989382982 0.027561963 0.142694473 6.010771751 -0.019869415 0.998285532 -0.055056453 -0.851539195 -0.143967256 0.051636666 0.988234341 9.102525711
0.991459191 0.032069869 0.126412526 6.015092850 -0.025489537 0.998251438 -0.053332977 -0.854205728 -0.127901852 0.049655270 0.990543008 9.142662048
0.993081391 0.034036566 0.112386525 6.018275261 -0.028697532 0.998396993 -0.048787117 -0.857192278 -0.113866888 0.045224361 0.992466152 9.183057785
0.994517863 0.030301511 0.100080244 6.021997929 -0.025863605 0.998636425 -0.045347366 -0.859788775 -0.101317860 0.042510331 0.993945420 9.224063873
0.995620728 0.027878389 0.089230679 6.025365829 -0.024006683 0.998735428 -0.044172954 -0.862612784 -0.090349317 0.041837368 0.995030999 9.262320518
0.996365190 0.032335971 0.078808039 6.028078079 -0.028702755 0.998491466 -0.046806917 -0.865197718 -0.080202699 0.044374771 0.995790422 9.301646233
0.996915221 0.037030693 0.069199897 6.029791832 -0.033386271 0.998030901 -0.053099677 -0.868084192 -0.071029931 0.050625551 0.996188641 9.339002609
0.997473240 0.038423937 0.059755273 6.031481266 -0.034656167 0.997420430 -0.062860101 -0.870902300 -0.062016457 0.060630374 0.996231914 9.377491951
0.998158157 0.032453965 0.051256519 6.033324242 -0.028815411 0.997116983 -0.070197046 -0.873288155 -0.053386912 0.068590775 0.996215403 9.415796280
0.998568058 0.030373977 0.044037081 6.035380840 -0.027321626 0.997288465 -0.068331435 -0.876065254 -0.045993172 0.067030422 0.996690333 9.454081535
0.998673916 0.034125585 0.038545791 6.035640717 -0.031791970 0.997715235 -0.059612282 -0.879067063 -0.040492024 0.058307778 0.997477174 9.494346619
0.998627961 0.038201671 0.035816394 6.034930229 -0.036486685 0.998210728 -0.047371764 -0.881948113 -0.037561998 0.045999952 0.998234987 9.533952713
0.998689473 0.038365174 0.033877112 6.035724163 -0.037028551 0.998543620 -0.039238039 -0.884661078 -0.035333157 0.037932195 0.998655438 9.572957039
0.998828053 0.035008058 0.033420861 6.036622524 -0.033695024 0.998668015 -0.039074257 -0.887404025 -0.034744270 0.037902344 0.998677194 9.612649918
0.998987317 0.031404655 0.032219034 6.037525177 -0.030038487 0.998664021 -0.042044651 -0.889745951 -0.033496391 0.041034259 0.998596132 9.651307106
0.999124765 0.028474504 0.030641351 6.038981915 -0.027163737 0.998732328 -0.042375714 -0.891716480 -0.031809136 0.041506290 0.998631775 9.690546036
0.999074519 0.031385280 0.029411487 6.039299965 -0.030194795 0.998739958 -0.040082656 -0.892901182 -0.030632431 0.039157491 0.998763382 9.731013298
0.999167919 0.030841429 0.026687920 6.039956093 -0.029875765 0.998910367 -0.035855729 -0.895201445 -0.027764674 0.035028577 0.999000609 9.769460678
0.999268949 0.030249441 0.023374382 6.041038990 -0.029519090 0.999083936 -0.030983282 -0.897253215 -0.024290193 0.030270647 0.999246478 9.810782433
0.999409795 0.028621031 0.018994059 6.041196823 -0.028076036 0.999203265 -0.028364504 -0.899112523 -0.019790744 0.027814487 0.999417126 9.848996162
0.999543190 0.027405212 0.012742654 6.041382313 -0.027060216 0.999282479 -0.026500734 -0.900410950 -0.013459771 0.026143812 0.999567628 9.891736984
0.999665141 0.025438828 0.004722537 6.041232586 -0.025322793 0.999410331 -0.023189064 -0.902412057 -0.005309654 0.023061711 0.999719858 9.931019783
0.999717712 0.023059506 -0.005716374 6.041193008 -0.023181288 0.999483883 -0.022241512 -0.903751016 0.005200545 0.022367748 0.999736190 9.972381592
0.999536991 0.024896082 -0.017488116 6.039422035 -0.025294257 0.999417126 -0.022928756 -0.906038463 0.016907085 0.023360495 0.999584079 10.013320923
0.999232173 0.025956582 -0.029346159 6.037359715 -0.026723690 0.999303222 -0.026057066 -0.908028126 0.028649360 0.026821302 0.999229610 10.053383827
0.998760283 0.027299238 -0.041623756 6.034780502 -0.028496401 0.999189079 -0.028444713 -0.909692764 0.040813491 0.029595580 0.998728395 10.094586372
0.998207569 0.026342973 -0.053738311 6.031887531 -0.027924260 0.999192476 -0.028890051 -0.911294103 0.052933864 0.030338868 0.998137057 10.135823250
0.997471273 0.025421370 -0.066368632 6.029734612 -0.027155472 0.999309540 -0.025358178 -0.913183331 0.065678172 0.027096329 0.997472882 10.176907539
0.996538997 0.027379466 -0.078488111 6.025909424 -0.029318627 0.999290049 -0.023661288 -0.914565086 0.077784553 0.025880560 0.996634185 10.218650818
0.995505989 0.028765587 -0.090223871 6.021496773 -0.030809710 0.999297321 -0.021345537 -0.916319251 0.089546472 0.024029380 0.995692670 10.259885788
0.994453788 0.033273175 -0.099772640 6.015579700 -0.035258051 0.999212563 -0.018196693 -0.917856932 0.099088617 0.021613557 0.994843960 10.303730011
0.993534088 0.037541803 -0.107147485 6.010084629 -0.039666798 0.999055028 -0.017769944 -0.919032931 0.106379136 0.021905245 0.994084239 10.345892906
0.993021846 0.037492029 -0.111811981 6.004726887 -0.039334703 0.999123633 -0.014319132 -0.920365095 0.111177109 0.018617304 0.993626356 10.389614105
0.992864668 0.034859214 -0.114038348 5.999586105 -0.036436908 0.999266565 -0.011779105 -0.921407938 0.113544099 0.015850259 0.993406594 10.433651924
0.992969573 0.030517487 -0.114367679 5.994609356 -0.032331839 0.999378562 -0.014042597 -0.922876239 0.113868058 0.017641593 0.993339360 10.477467537
0.993205726 0.029024368 -0.112693898 5.988965988 -0.030929690 0.999406040 -0.015195245 -0.924279094 0.112185933 0.018577592 0.993513584 10.522946358
0.993330657 0.025518909 -0.112441160 5.984172821 -0.027701180 0.999456167 -0.017888431 -0.925577998 0.111923523 0.020883884 0.993497312 10.567229271
0.993470132 0.022411235 -0.111870512 5.979036808 -0.024562648 0.999538183 -0.017890010 -0.926113784 0.111417919 0.020521026 0.993561685 10.612983704
0.993585706 0.019774880 -0.111337796 5.974356651 -0.021300463 0.999694586 -0.012529423 -0.927951276 0.111056030 0.014820606 0.993703604 10.660070419
0.993728280 0.021055395 -0.109820962 5.969473362 -0.022282528 0.999702096 -0.009958508 -0.928840280 0.109578587 0.012343140 0.993901432 10.705705643
0.993900239 0.019090304 -0.108618885 5.964470387 -0.019995714 0.999773741 -0.007252505 -0.930589139 0.108455867 0.009380179 0.994056940 10.753817558
0.994003832 0.019549465 -0.107583366 5.959822655 -0.020345755 0.999773026 -0.006308860 -0.932231009 0.107435629 0.008459896 0.994176030 10.798746109
0.994242072 0.021434369 -0.104991354 5.953949928 -0.022183701 0.999736071 -0.005974376 -0.932634413 0.104835577 0.008269073 0.994455218 10.847744942
0.994471073 0.022656273 -0.102537557 5.948579788 -0.023505386 0.999698639 -0.007080170 -0.934031129 0.102346241 0.009451209 0.994703948 10.893390656
0.994567275 0.020471860 -0.102062106 5.944042206 -0.021726731 0.999701202 -0.011198606 -0.935106695 0.101802371 0.013355246 0.994714916 10.941806793
0.994681716 0.020893853 -0.100853868 5.938904285 -0.022831559 0.999575436 -0.018097036 -0.936027646 0.100432932 0.020303445 0.994736671 10.987864494
0.994707942 0.021108959 -0.100551352 5.934229374 -0.023192992 0.999538779 -0.019602194 -0.937685668 0.100091197 0.021830542 0.994738758 11.036001205
0.994917929 0.023187920 -0.097983137 5.929389954 -0.024871284 0.999562681 -0.015993595 -0.939286649 0.097569428 0.018349279 0.995059550 11.081824303
0.994952261 0.025666567 -0.097011738 5.923852921 -0.026940946 0.999566734 -0.011849134 -0.941232264 0.096665569 0.014402909 0.995212793 11.131135941
0.995058179 0.029854015 -0.094699107 5.919641018 -0.031071743 0.999451995 -0.011410235 -0.942592680 0.094306566 0.014296317 0.995440543 11.177749634
0.995478094 0.031902533 -0.089473777 5.914750576 -0.032962263 0.999402523 -0.010391119 -0.944059432 0.089088805 0.013293390 0.995934963 11.224667549
0.996203363 0.031883128 -0.081008106 5.909645081 -0.032834895 0.999406219 -0.010443832 -0.944693327 0.080627032 0.013064073 0.996658742 11.272824287
0.996851325 0.032940429 -0.072127655 5.906362534 -0.033667337 0.999393523 -0.008885137 -0.947504461 0.071791247 0.011285508 0.997355759 11.320412636
0.997730255 0.027901402 -0.061285257 5.904022217 -0.028729971 0.999506831 -0.012680421 -0.948162556 0.060901232 0.014412363 0.998039782 11.366400719
0.998253405 0.030268464 -0.050734702 5.901959419 -0.031061346 0.999406219 -0.014912987 -0.950518489 0.050253183 0.016462825 0.998600841 11.413066864
0.998710513 0.033233158 -0.038375031 5.900326252 -0.033814024 0.999321640 -0.014587911 -0.951599360 0.037864193 0.015866715 0.999156952 11.459491730
0.999263465 0.027819963 -0.026430268 5.899077415 -0.028047364 0.999572337 -0.008272341 -0.952829838 0.026188826 0.009007547 0.999616444 11.507504463
0.999573410 0.023056280 -0.017923882 5.899272919 -0.023072019 0.999733508 -0.000671850 -0.954523683 0.017903617 0.001085103 0.999839127 11.554094315
0.999685049 0.023045527 -0.009935056 5.898680210 -0.023003776 0.999726176 0.004296124 -0.955033123 0.010031342 -0.004066227 0.999941409 11.601559639
0.999563694 0.029189376 -0.004516312 5.897205830 -0.029158400 0.999551892 0.006778710 -0.955601811 0.004712154 -0.006644064 0.999966800 11.647521019
0.999629736 0.027156934 -0.001702139 5.896686554 -0.027141733 0.999596357 0.008393355 -0.956051528 0.001929390 -0.008344047 0.999963343 11.694660187
0.999644041 0.026669823 -0.000689427 5.897268772 -0.026662450 0.999603093 0.009099096 -0.956611454 0.000931824 -0.009077477 0.999958336 11.742581367
0.999600828 0.028253682 -0.000158869 5.897349358 -0.028251845 0.999575853 0.007080114 -0.957157791 0.000358841 -0.007072800 0.999974847 11.786883354
0.999537110 0.030419106 0.000659089 5.896424294 -0.030422391 0.999520600 0.005744905 -0.957067192 -0.000484019 -0.005762296 0.999983251 11.837080956
0.999469221 0.032567244 0.000781009 5.895403385 -0.032571595 0.999448717 0.006427124 -0.957166016 -0.000571264 -0.006449152 0.999979019 11.883684158
0.999483585 0.032092147 -0.001576789 5.895965576 -0.032078613 0.999453604 0.007963747 -0.957951367 0.001831501 -0.007909053 0.999967039 11.930053711
0.999540031 0.030180186 -0.002988098 5.895753860 -0.030148130 0.999492884 0.010246484 -0.959001124 0.003295824 -0.010151685 0.999943078 11.977889061
