0.998812497 -0.004384576 0.048521742 0.003133795 0.004591425 0.999980867 -0.004152353 -0.000301848 -0.048502613 0.004370207 0.998813510 0.053157777
0.997942746 -0.006129210 0.063817456 0.005254084 0.006401381 0.999971271 -0.004061260 -0.000520975 -0.063790724 0.004461424 0.997953236 0.081588633
0.997121155 -0.007759726 0.075425573 0.007897084 0.008027052 0.999962509 -0.003241712 -0.000770990 -0.075397603 0.003837825 0.997146130 0.111464910
0.996184707 -0.007036019 0.086985774 0.010539521 0.007117152 0.999974489 -0.000622623 -0.001197026 -0.086979188 0.001239339 0.996209383 0.141948238
0.995180309 -0.006455258 0.097850367 0.013513135 0.006329354 0.999978721 0.001597068 -0.001473787 -0.097858600 -0.000970040 0.995199978 0.173586428
0.994091511 -0.006276829 0.108363219 0.016881967 0.005933350 0.999976218 0.003491846 -0.001654510 -0.108382568 -0.002828256 0.994105160 0.206166476
0.992917657 -0.005983182 0.118653968 0.020872323 0.005378432 0.999970853 0.005416315 -0.001686049 -0.118682936 -0.004739782 0.992920876 0.239782110
0.991618752 -0.006818578 0.129019052 0.025433408 0.005959301 0.999957442 0.007044953 -0.001934424 -0.129061610 -0.006217044 0.991617084 0.273753643
0.990173221 -0.007044880 0.139668927 0.030394025 0.005916510 0.999946415 0.008492464 -0.002123805 -0.139721274 -0.007582658 0.990161836 0.309012473
0.988632381 -0.007170154 0.150182039 0.035810575 0.005651844 0.999928534 0.010534188 -0.001329804 -0.150246799 -0.009565634 0.988602221 0.344759494
0.986798286 -0.006384818 0.161828354 0.041402288 0.003950770 0.999874175 0.015358260 -0.002010628 -0.161906093 -0.014516157 0.986699402 0.381085932
0.984823287 -0.007096911 0.173415035 0.048287224 0.003920389 0.999818265 0.018653110 -0.001552087 -0.173515916 -0.017690161 0.984672248 0.418019235
0.982338488 -0.007012273 0.186980993 0.054537386 0.002994080 0.999758601 0.021763604 -0.002036332 -0.187088460 -0.020819388 0.982122421 0.454297066
0.979550421 -0.007643700 0.201054007 0.061973359 0.003287627 0.999752700 0.021991177 -0.001914748 -0.201172397 -0.020880470 0.979333341 0.490938812
0.976438046 -0.006036729 0.215713412 0.069725163 0.001516681 0.999775946 0.021113342 -0.001805015 -0.215792522 -0.020288700 0.976228356 0.528212488
0.972816169 -0.006747290 0.231480286 0.078969032 0.002198716 0.999799550 0.019902308 -0.001603392 -0.231568143 -0.018852325 0.972635925 0.565604389
0.967693686 -0.005731517 0.252063662 0.088185638 0.001065677 0.999825656 0.018643176 -0.001783606 -0.252126575 -0.017772269 0.967531025 0.602581859
0.960874081 -0.002194115 0.276977092 0.098636948 -0.002897318 0.999834359 0.017971555 -0.002065393 -0.276970625 -0.018070891 0.960708499 0.639645278
0.951989651 -0.000216639 0.306130141 0.110219516 -0.005268215 0.999840081 0.017090416 -0.001806325 -0.306084901 -0.017882654 0.951836228 0.676008523
0.941153765 0.000642430 0.337977916 0.122887269 -0.006973558 0.999822259 0.017518530 -0.002295327 -0.337906599 -0.018844536 0.940990984 0.712331772
0.929079652 0.001186852 0.369877994 0.137750521 -0.007719983 0.999839246 0.016183218 -0.002132827 -0.369799346 -0.017890951 0.928939283 0.748686433
0.915943980 0.000749257 0.401305437 0.153792202 -0.007342396 0.999862134 0.014891578 -0.002438441 -0.401238918 -0.016586395 0.915823221 0.785256982
0.902202010 0.001614108 0.431310534 0.170875132 -0.007647034 0.999895692 0.012253881 -0.002466982 -0.431245863 -0.014353724 0.902120173 0.820878506
0.887799799 0.004368136 0.460209072 0.188325122 -0.009670055 0.999911129 0.009163932 -0.002977211 -0.460128248 -0.012585985 0.887763202 0.854541659
0.872563243 0.001939824 0.488497287 0.208701536 -0.004860959 0.999977112 0.004711828 -0.002971804 -0.488476962 -0.006485933 0.872552693 0.890172601
0.856662035 -0.001518004 0.515875816 0.229453579 0.001900163 0.999998212 -0.000212835 -0.003769079 -0.515874505 0.001162576 0.856663346 0.923796654
0.840455234 -0.003975368 0.541866302 0.250706553 0.007979993 0.999955416 -0.005041162 -0.004708753 -0.541822135 0.008560960 0.840449512 0.955941677
0.824336529 -0.008056806 0.566042721 0.273754209 0.015931439 0.999832988 -0.008970010 -0.005752523 -0.565875888 0.016412184 0.824327111 0.988037646
0.808246791 -0.012754877 0.588705838 0.297605515 0.024855116 0.999613404 -0.012466535 -0.007146937 -0.588319242 0.024708385 0.808251321 1.017952561
0.791705489 -0.013369195 0.610756636 0.320344239 0.032678094 0.999256015 -0.020486353 -0.008068470 -0.610028327 0.036177523 0.791553378 1.046967387
0.775196493 -0.007311685 0.631677866 0.347352803 0.037431862 0.998707712 -0.034376409 -0.010448745 -0.630610228 0.050293345 0.774468422 1.080627322
0.758513391 0.004244247 0.651643574 0.372190326 0.038904537 0.997900248 -0.051784366 -0.011418357 -0.650495112 0.064631030 0.756755590 1.108600736
0.740661323 0.014565601 0.671720624 0.398391336 0.040175557 0.997015893 -0.065918207 -0.015353229 -0.670676351 0.075809807 0.737865865 1.138559222
0.722838998 0.019525373 0.690740526 0.425376445 0.044853408 0.996167004 -0.075096689 -0.018009283 -0.689559221 0.085264876 0.719192624 1.166119337
0.704764247 0.020566801 0.709143460 0.452739984 0.048402201 0.995856643 -0.076985441 -0.022085555 -0.707788646 0.088580675 0.700848579 1.193230629
0.687284112 0.018493058 0.726153314 0.481847346 0.052151997 0.995839775 -0.074721619 -0.025489040 -0.724514127 0.089225329 0.683460176 1.220125318
0.670777619 0.012221182 0.741557717 0.511532426 0.056605011 0.996104240 -0.067618378 -0.029143099 -0.739495337 0.087332778 0.667472601 1.245727301
0.655770183 0.003491991 0.754952490 0.540004015 0.065217972 0.995989084 -0.061256818 -0.032416832 -0.752138317 0.089406863 0.652912140 1.269912601
0.643781722 0.001959160 0.765206695 0.571712792 0.067929290 0.995902300 -0.059699912 -0.036032028 -0.762188137 0.090413652 0.641010642 1.296564102
0.633979678 0.002769152 0.773344755 0.601063609 0.070882864 0.995576084 -0.061673921 -0.039146800 -0.770094454 0.093916900 0.630978823 1.320302963
0.625117242 0.004345786 0.780518711 0.632031918 0.072422422 0.995347679 -0.063545004 -0.042291570 -0.777163684 0.096250147 0.621894240 1.345009804
0.615656316 0.011428528 0.787931919 0.661434770 0.066465445 0.995578706 -0.066373594 -0.044934683 -0.785206735 0.093233585 0.612174749 1.368302345
0.605110526 0.011180855 0.796063006 0.691242695 0.065455481 0.995817602 -0.063741051 -0.049059030 -0.793446183 0.090677053 0.601847827 1.391553879
0.597303748 0.009337747 0.801960766 0.723498583 0.069686219 0.995546222 -0.063494384 -0.051961884 -0.798981905 0.093811050 0.593992770 1.414721727
0.590344012 0.009450242 0.807096481 0.753805697 0.072767183 0.995236516 -0.064878121 -0.054727882 -0.803865016 0.097030550 0.586844206 1.437050104
0.586808383 0.010855313 0.809653044 0.784588695 0.073885344 0.995020866 -0.066890158 -0.058170646 -0.806347728 0.099073209 0.583084524 1.460068703
0.587352335 0.013479359 0.809218943 0.818167090 0.073639914 0.994823754 -0.070020773 -0.061106324 -0.805974185 0.100717671 0.583319366 1.483204365
0.590094984 0.011351187 0.807254016 0.849789977 0.075665087 0.994722366 -0.069297723 -0.064337820 -0.803780258 0.101973191 0.586121857 1.507083416
0.595854878 0.011057247 0.803015947 0.882647634 0.074235253 0.994865894 -0.068783097 -0.068068609 -0.799653649 0.100596845 0.591974854 1.531543255
0.602500141 0.013189060 0.798009813 0.918635368 0.070583299 0.995065331 -0.069736496 -0.070757501 -0.794991553 0.098342411 0.598595977 1.558829188
0.609349966 0.013931383 0.792779088 0.952596784 0.069115125 0.995106697 -0.070610486 -0.074304551 -0.789883375 0.097819500 0.605405271 1.585385084
0.615614057 0.015871504 0.787888050 0.987719059 0.065477282 0.995309830 -0.071210369 -0.077828676 -0.785322905 0.095426857 0.611687481 1.612929583
0.619444132 0.017256057 0.784851193 1.022996902 0.061856575 0.995577276 -0.070709482 -0.081858858 -0.782599986 0.092348792 0.615636945 1.640653133
0.620203972 0.019153690 0.784206808 1.056641102 0.057475135 0.995905340 -0.069779508 -0.085828394 -0.782332182 0.088349916 0.616563618 1.669337034
0.620575786 0.020230232 0.783885360 1.094627380 0.054409351 0.996146917 -0.068782255 -0.089341313 -0.782256544 0.085335299 0.617084086 1.698159218
0.619193614 0.020203553 0.784978271 1.130202532 0.053553984 0.996254802 -0.067884885 -0.093232766 -0.783409953 0.084072612 0.615792632 1.727290869
0.619210303 0.019950038 0.784971654 1.168157816 0.053288918 0.996304810 -0.067357019 -0.096768685 -0.783414900 0.083538458 0.615859032 1.756894708
0.619244099 0.019728150 0.784950674 1.206452370 0.052899592 0.996364772 -0.066773884 -0.100619614 -0.783414602 0.082872905 0.615949512 1.786935091
0.618900716 0.018772194 0.785244942 1.244524479 0.053001266 0.996437788 -0.065594621 -0.104444519 -0.783679008 0.082215533 0.615701020 1.817053556
0.618633509 0.019091746 0.785447717 1.282529593 0.052481197 0.996467829 -0.065556169 -0.108447179 -0.783924937 0.081776477 0.615446448 1.847391725
0.618353546 0.019584630 0.785656095 1.320790410 0.050880395 0.996594608 -0.064888448 -0.112121768 -0.784251273 0.080098502 0.615251303 1.879068136
0.618582845 0.019787159 0.785470366 1.360478997 0.049975902 0.996667802 -0.064465143 -0.116204925 -0.784128606 0.079131618 0.615532696 1.909437776
0.618733704 0.020121638 0.785342932 1.396717191 0.049139861 0.996723056 -0.064252421 -0.120051891 -0.784062386 0.078346789 0.615717411 1.939000607
0.620057344 0.018615572 0.784335494 1.437207818 0.049510840 0.996797323 -0.062799022 -0.123855308 -0.782992721 0.077772103 0.617149770 1.971200228
0.621663809 0.016249061 0.783115625 1.473939896 0.049640846 0.996957660 -0.060092695 -0.127594963 -0.781709671 0.076231979 0.618965745 2.001215696
0.624672055 0.014028827 0.780761242 1.512310028 0.050520148 0.997017980 -0.058334753 -0.131196767 -0.779251337 0.075884253 0.622100472 2.029721975
0.626747727 0.014237094 0.779092014 1.553721547 0.049660530 0.997070670 -0.058170289 -0.135858864 -0.777638197 0.075148217 0.624204814 2.063866854
0.628590524 0.014293749 0.777605116 1.591437817 0.049350664 0.997083127 -0.058221590 -0.140052795 -0.776169121 0.074972868 0.626051486 2.093718767
0.629754782 0.014873154 0.776651680 1.630768299 0.048875906 0.997076929 -0.058725834 -0.144818678 -0.775254905 0.074942410 0.627187073 2.125779867
0.628611505 0.017066184 0.777532279 1.666990519 0.048588157 0.996944427 -0.061164159 -0.147456720 -0.776200294 0.076227352 0.625861406 2.156206846
0.626354575 0.019497605 0.779294431 1.704976439 0.047902688 0.996835232 -0.063441947 -0.151473105 -0.778065085 0.077067435 0.623438299 2.186035156
0.622576058 0.021586316 0.782261550 1.742861986 0.046919413 0.996791542 -0.064847820 -0.155100420 -0.781151414 0.077075943 0.619565725 2.215840816
0.617291570 0.018964579 0.786505818 1.781556487 0.048647843 0.996876240 -0.062218536 -0.159412757 -0.785228908 0.076668799 0.614440739 2.247216702
0.612270951 0.015940690 0.790487289 1.819850802 0.050132722 0.997002065 -0.058935430 -0.163056463 -0.789057076 0.075713731 0.609636366 2.276912212
0.607456684 0.016903684 0.794173062 1.858146667 0.047132127 0.997245014 -0.057276979 -0.167205423 -0.792953312 0.072224326 0.604986370 2.306752920
0.602741480 0.017639432 0.797741532 1.896005988 0.049597979 0.996994197 -0.059519492 -0.171042755 -0.796393573 0.075441226 0.600054801 2.335729361
0.598221362 0.019291827 0.801098645 1.934202790 0.049619850 0.996899903 -0.061060734 -0.174655393 -0.799793124 0.076278225 0.595409572 2.363967419
0.594114363 0.021655913 0.804089069 1.972321510 0.048774693 0.996828139 -0.062884785 -0.178323418 -0.802900493 0.076579951 0.591173649 2.391918182
0.590133607 0.023260688 0.806970358 2.010278225 0.047632277 0.996840179 -0.063566886 -0.182380676 -0.805899084 0.075950801 0.587161005 2.420706272
0.587327003 0.021267297 0.809070170 2.049182415 0.049629536 0.996827126 -0.062230177 -0.186039209 -0.807826638 0.076703250 0.584407985 2.448703289
0.584501863 0.014502505 0.811262727 2.086765289 0.049414184 0.997348130 -0.053431179 -0.189587951 -0.809886277 0.071318507 0.582235217 2.476374149
0.582821488 0.006897830 0.812570989 2.125274181 0.048851401 0.997857928 -0.043509685 -0.192709416 -0.811130464 0.065053590 0.581236124 2.503859043
0.580644369 0.004282359 0.814146042 2.162860870 0.050182283 0.997896552 -0.041038595 -0.195903495 -0.812609315 0.064684533 0.579208136 2.531567574
0.579012394 0.008923065 0.815269887 2.200027466 0.050322499 0.997642517 -0.046658635 -0.198880225 -0.813764215 0.068042345 0.577198386 2.558796167
0.577910542 0.013041796 0.815995932 2.237452745 0.052409977 0.997215211 -0.053056337 -0.201777965 -0.814415514 0.073428139 0.575617731 2.585165024
0.578366399 0.010386384 0.815710962 2.275491238 0.057806715 0.996883571 -0.053680137 -0.205121666 -0.813726425 0.078200363 0.575963557 2.611033201
0.578300834 0.008830788 0.815775812 2.312949181 0.060660366 0.996708035 -0.053791318 -0.207759231 -0.813565254 0.080592819 0.575861335 2.637186050
0.578726411 0.006560878 0.815495312 2.350250959 0.059383836 0.996973991 -0.050163396 -0.211330160 -0.813356817 0.077458136 0.576585591 2.664160967
0.579222858 0.003511105 0.815161526 2.387621641 0.057802528 0.997296631 -0.045367885 -0.214153200 -0.813117206 0.073396511 0.577454090 2.691217184
0.580169559 0.000107483 0.814495742 2.423925877 0.055186853 0.997696698 -0.039441548 -0.217314273 -0.812623978 0.067832232 0.578827381 2.717510223
0.580046654 0.004621734 0.814570129 2.461321115 0.045877121 0.998211324 -0.038332287 -0.219922438 -0.813290358 0.059604645 0.578797102 2.745670557
0.581684530 0.007519921 0.813379645 2.498071432 0.038639903 0.998572946 -0.036865223 -0.222562835 -0.812496126 0.052872840 0.580563903 2.772768974
0.583082557 0.004984201 0.812397718 2.535320282 0.041918021 0.998464644 -0.036211584 -0.224835560 -0.811330736 0.055168439 0.581978261 2.800199509
0.585804284 0.003757650 0.810443819 2.571704388 0.046101060 0.998215616 -0.037950985 -0.227460593 -0.809140205 0.059594173 0.584585786 2.826917648
0.591455758 0.003954307 0.806327641 2.608998775 0.048316665 0.998017311 -0.040335517 -0.229985178 -0.804888427 0.062815748 0.590092063 2.853596210
0.598865867 0.000623686 0.800849020 2.645366430 0.052791711 0.997793913 -0.040254109 -0.232667759 -0.799107373 0.066385008 0.597511888 2.880601406
0.606134474 -0.004514389 0.795349360 2.681668758 0.059744600 0.997417152 -0.039869938 -0.235494018 -0.793115079 0.071684375 0.604838669 2.907841921
0.614670396 -0.002454506 0.788780332 2.716132164 0.056466103 0.997566462 -0.040897951 -0.237768620 -0.786760330 0.069678105 0.613313138 2.935766935
0.624645054 -0.002484308 0.780904889 2.751524448 0.054264370 0.997715771 -0.040231977 -0.240431651 -0.779021144 0.067506030 0.623353004 2.964534283
0.635158539 -0.005624846 0.772361279 2.786581039 0.053876013 0.997860432 -0.037038360 -0.242946982 -0.770500541 0.065136984 0.634102523 2.993533611
0.644293547 -0.006154384 0.764753461 2.820584059 0.053009167 0.997922003 -0.036628645 -0.245814472 -0.762938797 0.064138539 0.643281043 3.022842169
0.654179871 -0.008592784 0.756290138 2.854051590 0.053821228 0.997929394 -0.035216346 -0.248448491 -0.754421651 0.063742287 0.653287888 3.052578449
0.664453208 -0.008110407 0.747285962 2.887457609 0.054410771 0.997812331 -0.037550211 -0.250630975 -0.745346487 0.065610759 0.663440764 3.082221746
0.674115479 -0.004623647 0.738611519 2.919787407 0.052796509 0.997724116 -0.041940615 -0.253752261 -0.736736536 0.067268923 0.672825336 3.112520218
0.683649957 -0.001067141 0.729809344 2.952327967 0.056795474 0.997043967 -0.051745359 -0.256454736 -0.727596700 0.076825574 0.681689739 3.143020153
0.694386303 0.000607231 0.719602287 2.984528542 0.058277801 0.996667385 -0.057076689 -0.259710193 -0.717238724 0.081570104 0.692036748 3.173712492
0.702453017 0.001868713 0.711727679 3.016736746 0.053454850 0.997033656 -0.055376083 -0.262630016 -0.709719896 0.076944388 0.700269401 3.206614971
0.711894274 -0.000938816 0.702286065 3.047601461 0.052644759 0.997256875 -0.052031875 -0.266242713 -0.700310647 0.074012876 0.709990859 3.238109350
0.718950212 0.001841164 0.695059121 3.078611851 0.049718302 0.997298658 -0.054069035 -0.269813716 -0.693281114 0.073430106 0.716916561 3.271028280
0.723862112 0.009451721 0.689880073 3.108914137 0.045460265 0.997079849 -0.061360065 -0.273195922 -0.688445508 0.075778350 0.721318603 3.304035664
0.727949798 0.019383252 0.685356319 3.139196634 0.037935633 0.996930420 -0.068488464 -0.276943296 -0.684580028 0.075855576 0.724979997 3.336531401
0.730891168 0.021852490 0.682144165 3.169064045 0.036973707 0.996751726 -0.071546853 -0.280820966 -0.681491852 0.077514336 0.727708995 3.369232655
0.732787073 0.024680126 0.680010200 3.198281765 0.033576358 0.996813238 -0.072360381 -0.284390241 -0.679628968 0.075857028 0.729623258 3.402225733
0.735723615 0.028779922 0.676670134 3.226824999 0.029030180 0.996838510 -0.073960878 -0.287439227 -0.676659465 0.074058615 0.732562125 3.435256481
0.740527153 0.025482541 0.671543062 3.256627560 0.028787483 0.997160673 -0.069583170 -0.292045116 -0.671409607 0.070860267 0.737690926 3.467044353
0.744826019 0.024219221 0.666818976 3.286227465 0.026629454 0.997465968 -0.065973170 -0.295758277 -0.666727185 0.066895559 0.742293715 3.500227690
0.747834325 0.023359999 0.663474381 3.314251184 0.025433578 0.997639120 -0.063792884 -0.299532592 -0.663398206 0.064581037 0.745474458 3.533558130
0.751587808 0.030571004 0.658924282 3.342483044 0.016080059 0.997779489 -0.064633682 -0.303420573 -0.659436941 0.059173424 0.749427259 3.567498684
0.755873263 0.037363742 0.653650820 3.370949745 0.008982495 0.997684419 -0.067416511 -0.307042181 -0.654656112 0.056829765 0.753787518 3.601420164
0.761072695 0.037085298 0.647605538 3.399753571 0.011598460 0.997426689 -0.070748523 -0.311100870 -0.648562789 0.061356008 0.758684099 3.634911060
0.765814722 0.037585873 0.641961873 3.428643465 0.013087653 0.997172654 -0.073995553 -0.314541191 -0.642927945 0.065068662 0.763157666 3.669708490
0.770341396 0.036684815 0.636575580 3.456714630 0.011824196 0.997350097 -0.071784519 -0.318780154 -0.637522042 0.062825575 0.767866194 3.704116821
0.774603248 0.034102276 0.631527424 3.484641314 0.011266176 0.997642696 -0.067690969 -0.322239459 -0.632347107 0.059548546 0.772393107 3.739308119
0.779350281 0.033884156 0.625671685 3.511819363 0.008830995 0.997843623 -0.065039754 -0.326004118 -0.626526237 0.056214057 0.777370512 3.773620605
0.783556342 0.037483037 0.620189071 3.539952993 0.006880124 0.997593939 -0.068985112 -0.330137461 -0.621282637 0.058320701 0.781413198 3.809195757
0.788141429 0.037132110 0.614373088 3.567358971 0.008473157 0.997429430 -0.071153350 -0.334178954 -0.615435779 0.061284587 0.785800874 3.844227314
0.792082310 0.040461045 0.609071791 3.594480276 0.005129559 0.997324347 -0.072923779 -0.337827355 -0.610392690 0.060885906 0.789755464 3.880506039
0.796253860 0.040933225 0.603576243 3.621786833 0.003815530 0.997348666 -0.072671555 -0.341644734 -0.604950666 0.060167961 0.793986499 3.917631149
0.801676691 0.035101764 0.596726358 3.647331715 0.009331537 0.997417748 -0.071208507 -0.345798016 -0.597685039 0.062654570 0.799279094 3.950952053
0.806150556 0.036868371 0.590560615 3.673578024 0.007330892 0.997358084 -0.072271600 -0.349353969 -0.591664970 0.062591150 0.803750634 3.986925125
0.810579181 0.032353230 0.584734678 3.699559689 0.011866283 0.997360408 -0.071633153 -0.354000688 -0.585508823 0.065002978 0.808055699 4.022477627
0.814039171 0.037273608 0.579612672 3.723701954 0.005749370 0.997372568 -0.072213545 -0.357557744 -0.580781460 0.062117074 0.811686099 4.058853626
0.817566514 0.039679743 0.574465394 3.749516964 0.001773337 0.997444749 -0.071419753 -0.361733228 -0.575831354 0.059409127 0.815407157 4.095983982
0.820267200 0.037133902 0.570773780 3.774037838 0.004067391 0.997486413 -0.070740640 -0.365521878 -0.571965873 0.060347795 0.818054438 4.131729603
0.822459698 0.035438690 0.567718327 3.798563004 0.005525977 0.997512460 -0.070273273 -0.369271398 -0.568796515 0.060934138 0.820217967 4.168654442
0.825364172 0.034786079 0.563528121 3.823532581 0.007038885 0.997388601 -0.071877308 -0.373243511 -0.564556837 0.063291565 0.822963953 4.205556393
0.829346836 0.029397227 0.557960153 3.848574400 0.011313522 0.997526646 -0.069372989 -0.377075553 -0.558619380 0.063846752 0.826963067 4.241521835
0.832605541 0.021292539 0.553456962 3.873764038 0.018684570 0.997612298 -0.066488594 -0.380719125 -0.553551137 0.065699868 0.830219686 4.278799534
0.835157573 0.019429229 0.549667478 3.897978067 0.019674709 0.997680843 -0.065158769 -0.384968013 -0.549658716 0.065232381 0.832838535 4.315426826
0.838190913 0.021647662 0.544947088 3.922708511 0.018024629 0.997566342 -0.067351617 -0.388632178 -0.545078874 0.066275977 0.835761011 4.352602482
0.839340508 0.024658056 0.543046415 3.944721222 0.015768392 0.997445881 -0.069662772 -0.391940981 -0.543377280 0.067033753 0.836807966 4.389231682
0.840379119 0.027100133 0.541321039 3.969078064 0.012748873 0.997484446 -0.069729164 -0.395748943 -0.541848898 0.065500163 0.837919772 4.426767826
0.840891659 0.026234539 0.540567100 3.991969824 0.012672011 0.997596145 -0.068127096 -0.399760097 -0.541055024 0.064137585 0.838537991 4.463820457
0.841150582 0.022491075 0.540333092 4.015663624 0.013951253 0.997899950 -0.063255325 -0.403478026 -0.540620983 0.060745589 0.839070261 4.501531601
0.842305720 0.019606872 0.538643360 4.039402962 0.013881311 0.998217583 -0.058042549 -0.407300085 -0.538821161 0.056366652 0.840532184 4.538027287
0.842708111 0.018135101 0.538065195 4.062893867 0.014171799 0.998338938 -0.055843927 -0.410777509 -0.538184106 0.054685473 0.841051340 4.575094223
0.843336284 0.020571698 0.536992252 4.085857868 0.014547641 0.998026788 -0.061080322 -0.414075881 -0.537189186 0.059323225 0.841373026 4.611983299
0.843469799 0.022693863 0.536696970 4.108734608 0.014129154 0.997824192 -0.064397611 -0.417785019 -0.536990643 0.061900515 0.841314197 4.648091316
0.843365967 0.024444828 0.536783278 4.131431580 0.011907349 0.997869194 -0.064150661 -0.421247303 -0.537207663 0.060494151 0.841277838 4.684916973
0.843481600 0.027314017 0.536463261 4.153501034 0.008360823 0.997917771 -0.063954696 -0.424474001 -0.537093103 0.058429871 0.841496825 4.721058846
0.844146729 0.022368593 0.535645366 4.177149773 0.013709884 0.997901678 -0.063278452 -0.428544700 -0.535936892 0.060759928 0.842068791 4.757556915
0.844117582 0.025093932 0.535570562 4.199005604 0.012653776 0.997693539 -0.066690236 -0.431658477 -0.536008775 0.063071385 0.841853023 4.793065071
0.844076693 0.034976978 0.535080492 4.221630573 0.002415215 0.997612238 -0.069021545 -0.435388237 -0.536217034 0.059551805 0.841976762 4.830086708
0.844113111 0.041267987 0.534574509 4.243176937 -0.003361817 0.997421265 -0.071690306 -0.438868761 -0.536154509 0.058717582 0.842075229 4.865962029
0.844509244 0.040966690 0.533971727 4.265613079 -0.001006595 0.997189701 -0.074913107 -0.442791760 -0.535540044 0.062727325 0.842176974 4.901650429
0.844661832 0.040494177 0.533766389 4.287525654 0.000118986 0.997120380 -0.075834818 -0.446787536 -0.535300195 0.064118303 0.842224717 4.937428951
0.845654130 0.040889416 0.532162726 4.310310364 0.000074549 0.997051954 -0.076728247 -0.450804293 -0.533731282 0.064925238 0.843158126 4.973750114
0.846221864 0.034346588 0.531722605 4.331103802 0.006550899 0.997174084 -0.074837990 -0.454390228 -0.532790363 0.066812798 0.843605638 5.008663654
0.848801494 0.024968063 0.528121710 4.352863312 0.014347812 0.997428656 -0.070215434 -0.458355993 -0.528516948 0.067176372 0.846260607 5.041098595
0.849549234 0.019078745 0.527164221 4.373699188 0.017576957 0.997767031 -0.064436533 -0.461843044 -0.527216494 0.064007945 0.847316802 5.074892044
0.851879478 0.016073296 0.523491144 4.396352768 0.020448314 0.997746050 -0.063910484 -0.465412915 -0.523338497 0.065148532 0.849630773 5.111300468
0.854560912 0.017865719 0.519043744 4.415762424 0.020557551 0.997461140 -0.068179317 -0.469106853 -0.518944025 0.068933636 0.852024198 5.143074989
0.858142138 0.017430305 0.513116419 4.437294483 0.022631841 0.997167766 -0.071723022 -0.472485334 -0.512913406 0.073161326 0.855317116 5.179138184
0.861913145 0.019329149 0.506687462 4.456739426 0.020670438 0.997103035 -0.073199525 -0.475680351 -0.506634474 0.073565081 0.859016836 5.213633537
0.867443085 0.011910010 0.497393787 4.477621078 0.025085108 0.997395158 -0.067630269 -0.479674280 -0.496903628 0.071142614 0.864884675 5.248839378
0.873225331 0.007531315 0.487258285 4.496706009 0.028308446 0.997408092 -0.066148579 -0.483244896 -0.486493558 0.071556151 0.870748878 5.283754349
0.879998684 0.004473405 0.474954933 4.515042305 0.031784944 0.997159541 -0.068283133 -0.486540884 -0.473911256 0.075185508 0.877356946 5.316831112
0.886894405 0.005469315 0.461939871 4.533441067 0.030189844 0.997106254 -0.069768161 -0.490066051 -0.460984737 0.075822890 0.884162843 5.352115154
0.893070698 0.002501937 0.449909449 4.550925255 0.032505516 0.997012436 -0.070067830 -0.493436158 -0.448740631 0.077200070 0.890321255 5.387092590
0.899128139 0.001159271 0.437683910 4.567722321 0.033748098 0.996835709 -0.071968503 -0.497063845 -0.436382473 0.079479896 0.896243989 5.422084332
0.905025184 0.006485830 0.425308734 4.583478928 0.029979650 0.996424437 -0.078989625 -0.500889659 -0.424300373 0.084238186 0.901594758 5.457458973
0.910519481 0.016276443 0.413145512 4.598517895 0.022559833 0.995780647 -0.088949151 -0.504557133 -0.412849963 0.090310439 0.906310558 5.491389751
0.916046500 0.022645792 0.400432229 4.612917900 0.017784448 0.995129168 -0.096962385 -0.508477509 -0.400677621 0.095943518 0.911181808 5.525821686
0.921343923 0.023141639 0.388058931 4.627470970 0.016180594 0.995078743 -0.097757451 -0.512522280 -0.388411433 0.096347257 0.916435421 5.560747623
0.925690234 0.024201274 0.377507418 4.640921593 0.012601089 0.995424747 -0.094714060 -0.516655862 -0.378072411 0.092432871 0.921150029 5.595841885
0.929775655 0.025849273 0.367217898 4.654613495 0.008775025 0.995691955 -0.092306830 -0.521201372 -0.368021965 0.089046992 0.925543308 5.631400585
0.932832778 0.031146679 0.358960867 4.666874409 0.004866691 0.995076656 -0.098988883 -0.525538564 -0.360276759 0.094087027 0.928088546 5.666524887
0.935447633 0.035735775 0.351654232 4.680447102 0.002104032 0.994295657 -0.106639236 -0.530014992 -0.353459090 0.100495316 0.930036306 5.701553345
0.936131418 0.041154645 0.349233806 4.692639351 -0.002714526 0.993944287 -0.109852619 -0.533807039 -0.351639867 0.101888493 0.930574000 5.736841202
0.936234891 0.041508716 0.348914444 4.705371857 -0.004862198 0.994433224 -0.105256386 -0.538467526 -0.351341128 0.096848220 0.931224883 5.771817207
0.935527205 0.041847367 0.350767255 4.718186855 -0.006706031 0.994883478 -0.100806385 -0.542897999 -0.353191018 0.091954857 0.931021154 5.806169033
0.934468806 0.039390031 0.353859305 4.731550217 -0.004737912 0.995149076 -0.098263696 -0.547260106 -0.356013387 0.090147823 0.930122435 5.842224121
0.933636487 0.038495634 0.356147468 4.743890762 -0.003435493 0.995125532 -0.098556079 -0.550968826 -0.358205438 0.090792008 0.929217756 5.873885155
0.932208598 0.037592299 0.359963775 4.756979942 -0.002395809 0.995210111 -0.097728878 -0.555609167 -0.361913443 0.090241291 0.927833617 5.908364296
0.930710435 0.038124509 0.363764554 4.769945145 -0.003045335 0.995325983 -0.096523948 -0.559530616 -0.365744233 0.088728055 0.926476359 5.940953732
0.929037511 0.037865449 0.368042946 4.783407211 -0.002077148 0.995267332 -0.097153053 -0.563375711 -0.369979829 0.089494333 0.924719214 5.974633217
0.926658452 0.039517727 0.373821139 4.796374321 -0.004086940 0.995459139 -0.095101885 -0.567373693 -0.375881851 0.086599186 0.922612190 6.007517338
0.923894763 0.038270876 0.380728126 4.809092522 -0.003041598 0.995688856 -0.092705980 -0.571343064 -0.382634699 0.084492542 0.920028150 6.040935516
0.922400832 0.037660133 0.384393603 4.823276520 -0.002252782 0.995742559 -0.092149898 -0.575485229 -0.386227489 0.084133185 0.918558538 6.072993279
0.919864416 0.040141679 0.390177131 4.836047649 -0.003592386 0.995569944 -0.093955636 -0.579130352 -0.392220140 0.085024767 0.915933490 6.105791092
0.918720543 0.040666439 0.392808765 4.849983692 -0.003130265 0.995402336 -0.095730133 -0.583473742 -0.394895852 0.086719640 0.914623976 6.137207508
0.917879105 0.042878814 0.394536823 4.863863945 -0.004121511 0.995122313 -0.098562688 -0.587150931 -0.396838605 0.088842534 0.913578808 6.169387341
0.917540252 0.039224308 0.395703405 4.878367424 0.000244526 0.995067239 -0.099203534 -0.591408730 -0.397642612 0.091120012 0.913004637 6.201407433
0.917904675 0.034368481 0.395309687 4.891960144 0.004835233 0.995199203 -0.097750627 -0.595211983 -0.396771401 0.091637164 0.913331926 6.233033180
0.919738412 0.031485885 0.391267061 4.906165123 0.005951590 0.995544672 -0.094103269 -0.599204779 -0.392486751 0.088879049 0.915453255 6.265028954
0.922320604 0.030619413 0.385210693 4.918957710 0.006267048 0.995539427 -0.094138257 -0.603179753 -0.386374891 0.089239784 0.918014646 6.297055721
0.926721990 0.027643986 0.374729455 4.930850983 0.008686819 0.995447159 -0.094917551 -0.606821537 -0.375647157 0.091217384 0.922262728 6.327237129
0.932392657 0.023483133 0.360683501 4.943094254 0.011650691 0.995416045 -0.094926745 -0.610804200 -0.361259282 0.092711195 0.927845001 6.358845711
0.937761903 0.024209829 0.346434087 4.954160690 0.008531533 0.995659947 -0.092673622 -0.614295185 -0.347174168 0.089861393 0.933485448 6.390231609
0.942950726 0.026404176 0.331883609 4.964002609 0.003162136 0.996094942 -0.088232137 -0.617782474 -0.332917392 0.084248029 0.939184844 6.419620514
0.948197424 0.024453884 0.316739231 4.974175453 0.001490334 0.996679664 -0.081410222 -0.621272385 -0.317678362 0.077665031 0.945012510 6.452051163
0.953532815 0.021491803 0.300521672 4.983222008 0.001153141 0.997184932 -0.074972525 -0.624160647 -0.301286995 0.071835294 0.950823784 6.482975483
0.958477020 0.020127311 0.284458578 4.991538048 -0.000788929 0.997689426 -0.067934811 -0.627043843 -0.285168678 0.064889535 0.956278324 6.514397621
0.963501871 0.018301729 0.267075390 5.000137329 -0.001916554 0.998106241 -0.061482538 -0.630116701 -0.267694801 0.058726672 0.961712360 6.544893265
0.968118310 0.018649831 0.249798477 5.007211685 -0.003885266 0.998222589 -0.059469093 -0.632679105 -0.250463545 0.056602575 0.966469944 6.575237274
0.972650707 0.015450642 0.231758207 5.014811993 -0.002080973 0.998324752 -0.057821896 -0.635279119 -0.232263342 0.055758227 0.971053421 6.606580734
0.976510167 0.016061544 0.214871630 5.020860195 -0.003910172 0.998374641 -0.056857750 -0.637615681 -0.215435565 0.054681987 0.974985838 6.636745930
0.979617715 0.019978093 0.199874550 5.025845051 -0.009147787 0.998446465 -0.054963067 -0.639939308 -0.200662121 0.052014388 0.978278697 6.667106152
0.982250631 0.019824853 0.186522558 5.030357361 -0.010357996 0.998614490 -0.051592898 -0.642085671 -0.187286958 0.048745152 0.981095135 6.698101997
0.984720647 0.016186368 0.173387334 5.036045074 -0.008096212 0.998849571 -0.047265485 -0.644454241 -0.173952937 0.045139529 0.983718872 6.727434158
0.986595154 0.012517114 0.162706167 5.040903091 -0.004936919 0.998886943 -0.046909358 -0.646424055 -0.163112238 0.045477286 0.985558867 6.757923603
0.988190293 0.018858727 0.152066380 5.044765949 -0.011431558 0.998705387 -0.049568828 -0.648677826 -0.152804300 0.047245085 0.987126470 6.786586761
0.989378750 0.025033964 0.143188894 5.048087120 -0.017271090 0.998325765 -0.055202641 -0.650979638 -0.144331083 0.052143291 0.988154531 6.816305161
0.990629077 0.025363060 0.134203538 5.051406384 -0.016675200 0.997715235 -0.065469027 -0.653251529 -0.135557398 0.062617652 0.988788784 6.845345497
0.991747618 0.021233888 0.126434773 5.054694176 -0.012089781 0.997283757 -0.072655663 -0.655204177 -0.127634138 0.070527516 0.989310622 6.874383450
0.992740035 0.019019453 0.118766710 5.058603287 -0.010628710 0.997427762 -0.070886724 -0.657520354 -0.119809419 0.069109753 0.990388572 6.904370308
0.993414640 0.020249926 0.112771451 5.061667919 -0.013259725 0.997963667 -0.062394209 -0.659754038 -0.113805257 0.060487997 0.991659999 6.933863163
0.993739605 0.023992069 0.109114990 5.064060211 -0.018576751 0.998557448 -0.050378110 -0.662177682 -0.110166237 0.048035719 0.992751658 6.965343475
0.993890345 0.023817759 0.107770853 5.066287041 -0.019339629 0.998913169 -0.042408522 -0.663944125 -0.108663797 0.040065169 0.993270755 6.994879723
0.993993938 0.020655755 0.107467450 5.068725109 -0.016112184 0.998946130 -0.042976495 -0.665613532 -0.108241908 0.040986840 0.993279219 7.025659561
0.994162977 0.016309686 0.106648214 5.071769714 -0.011522016 0.998904467 -0.045355231 -0.668263793 -0.107271105 0.043861691 0.993261814 7.054929256
0.994439065 0.014656205 0.104288541 5.075276375 -0.009852035 0.998872817 -0.046433058 -0.669298112 -0.104851522 0.045147393 0.993462563 7.084150791
0.994584560 0.016777009 0.102567442 5.078240395 -0.012270961 0.998938143 -0.044406738 -0.670347929 -0.103203535 0.042907655 0.993734300 7.114715576
0.994850218 0.016560817 0.099993527 5.080686092 -0.012591871 0.999112487 -0.040193543 -0.672409177 -0.100570433 0.038727447 0.994175911 7.143933773
0.995161414 0.015831960 0.096969597 5.083195210 -0.012423170 0.999286830 -0.035656661 -0.673898458 -0.097464964 0.034279462 0.994648397 7.174064159
0.995633662 0.014636703 0.092192866 5.086033344 -0.011610029 0.999378562 -0.033281047 -0.675551414 -0.092622705 0.032065365 0.995184839 7.204380512
0.996202230 0.012307666 0.086194478 5.088200092 -0.009686088 0.999479592 -0.030767139 -0.677009940 -0.086528286 0.029815411 0.995803058 7.235065937
0.996893764 0.010702353 0.078026481 5.090101719 -0.008592120 0.999589503 -0.027330821 -0.678730845 -0.078286961 0.026575515 0.996576548 7.264811039
0.997706473 0.007705017 0.067249037 5.092689514 -0.005966574 0.999643743 -0.026013508 -0.680198729 -0.067425542 0.025552599 0.997397065 7.296025276
0.998388648 0.010769662 0.055714920 5.093414307 -0.009229520 0.999570251 -0.027827043 -0.681793213 -0.055990659 0.027267985 0.998058856 7.327219486
0.998926759 0.012861042 0.044498414 5.093477249 -0.011461895 0.999436259 -0.031556197 -0.683028698 -0.044879172 0.031012291 0.998510897 7.357821941
0.999421358 0.013462090 0.031236522 5.094690800 -0.012406262 0.999353170 -0.033752173 -0.684855223 -0.031670693 0.033345122 0.998941958 7.389701366
0.999745905 0.012071813 0.019035136 5.094606400 -0.011412591 0.999343991 -0.034368321 -0.686024666 -0.019437538 0.034142345 0.999227941 7.419928074
0.999912024 0.011050094 0.007326188 5.094491959 -0.010817477 0.999458790 -0.031064974 -0.687541842 -0.007665495 0.030982990 0.999490499 7.451310158
0.999903321 0.012969507 -0.004999504 5.094070911 -0.013109333 0.999492526 -0.029031314 -0.689196169 0.004620445 0.029094052 0.999565959 7.482621670
0.999741375 0.015482465 -0.016650701 5.092860222 -0.015943674 0.999482632 -0.027932743 -0.690243006 0.016209617 0.028190996 0.999471128 7.514925480
0.999459565 0.019269595 -0.026631646 5.090852737 -0.019930357 0.999494433 -0.024772415 -0.691516638 0.026140828 0.025289806 0.999338329 7.546743393
0.999166310 0.022064231 -0.034348216 5.089495659 -0.022894816 0.999450386 -0.023978809 -0.693066835 0.033800263 0.024745215 0.999122262 7.578086853
0.998980224 0.023427851 -0.038598709 5.087118149 -0.024246784 0.999487758 -0.020886775 -0.694153547 0.038089614 0.021801369 0.999036431 7.611767769
0.998939395 0.020956267 -0.040998876 5.085496426 -0.021733297 0.999590755 -0.018599382 -0.695111454 0.040592328 0.019470694 0.998986006 7.644956589
0.999017835 0.015989920 -0.041324634 5.084440708 -0.016863072 0.999640048 -0.020867601 -0.696391463 0.040976077 0.021543965 0.998927832 7.677750587
0.999087512 0.014298086 -0.040246669 5.082939148 -0.015197827 0.999639392 -0.022139288 -0.697606087 0.039915603 0.022730747 0.998944402 7.710734844
0.999169946 0.011520910 -0.039072320 5.081405163 -0.012488877 0.999618828 -0.024620773 -0.698884368 0.038773779 0.025088301 0.998932958 7.744477749
0.999218583 0.007885321 -0.038731731 5.079972267 -0.008831210 0.999665380 -0.024311446 -0.699883223 0.038527079 0.024634494 0.998953819 7.779690742
0.999243081 0.004824553 -0.038597304 5.079259872 -0.005548188 0.999810457 -0.018663244 -0.701333046 0.038499955 0.018863266 0.999080479 7.813234329
0.999291778 0.006534728 -0.037058134 5.077569008 -0.007143749 0.999841213 -0.016325681 -0.702270329 0.036945570 0.016578849 0.999179721 7.847584248
0.999364197 0.004330019 -0.035390083 5.076577663 -0.004813776 0.999895990 -0.013595545 -0.703844011 0.035327535 0.013757262 0.999281108 7.883285999
0.999417126 0.005603883 -0.033674669 5.074888229 -0.006025211 0.999904633 -0.012423315 -0.705099463 0.033601843 0.012618972 0.999355674 7.917994022
0.999468744 0.007170779 -0.031797171 5.073824406 -0.007570105 0.999893725 -0.012455943 -0.705630898 0.031704482 0.012690032 0.999416649 7.953460693
0.999531269 0.005761362 -0.030069709 5.072548389 -0.006170702 0.999889314 -0.013538022 -0.706568122 0.029988388 0.013717227 0.999456048 7.988599300
0.999562621 0.006520017 -0.028845008 5.071495056 -0.007012261 0.999830902 -0.016996996 -0.708494127 0.028729316 0.017191829 0.999439359 8.023841858
0.999589503 0.006347004 -0.027938236 5.070510387 -0.006998843 0.999704123 -0.023295822 -0.709643483 0.027782110 0.023481792 0.999338150 8.058393478
0.999599099 0.009139642 -0.026797643 5.069117546 -0.009845993 0.999604523 -0.026346376 -0.710214138 0.026546242 0.026599662 0.999293625 8.093834877
0.999653220 0.009724609 -0.024471192 5.067819118 -0.010273850 0.999695897 -0.022419719 -0.711631000 0.024245724 0.022663359 0.999449074 8.127823830
0.999645472 0.011889795 -0.023823788 5.066792965 -0.012337513 0.999748349 -0.018734990 -0.713213861 0.023595037 0.019022275 0.999540627 8.164091110
0.999686182 0.014509654 -0.020419437 5.065686703 -0.014882770 0.999722838 -0.018240923 -0.714267075 0.020149106 0.018539101 0.999625146 8.198452950
0.999692380 0.018938920 -0.016009690 5.064873695 -0.019205924 0.999676168 -0.016691966 -0.716221273 0.015688378 0.016994316 0.999732494 8.233834267
0.999786854 0.018746659 -0.008646524 5.064576149 -0.018874595 0.999709964 -0.014960285 -0.717639089 0.008363562 0.015120299 0.999850750 8.268419266
0.999832928 0.018257365 0.000887005 5.064153671 -0.018241195 0.999710381 -0.015698481 -0.718672395 -0.001173361 0.015679680 0.999876380 8.304033279
0.999822497 0.014796969 0.011664881 5.064377785 -0.014582255 0.999726534 -0.018281868 -0.720160246 -0.011932208 0.018108523 0.999764860 8.339182854
0.999586880 0.016858371 0.023272498 5.064988613 -0.016359018 0.999635339 -0.021482857 -0.721405625 -0.023626173 0.021093270 0.999498308 8.373655319
0.999152958 0.019867260 0.036037590 5.065779209 -0.019115530 0.999594927 -0.021085586 -0.722409606 -0.036441904 0.020378845 0.999127984 8.408919334
0.998820722 0.013097288 0.046750836 5.067914486 -0.012444081 0.999821246 -0.014235888 -0.723783255 -0.046928931 0.013637329 0.998805165 8.442902565
0.998390794 0.008619077 0.056049041 5.070172787 -0.008248934 0.999942660 -0.006831918 -0.724940717 -0.056104716 0.006358581 0.998404682 8.477978706
0.997960031 0.006529462 0.063506842 5.072136402 -0.006421391 0.999977529 -0.001905681 -0.725677788 -0.063517846 0.001493991 0.997979581 8.512434006
0.997661829 0.011688266 0.067337327 5.074284077 -0.011781941 0.999930084 0.000994141 -0.726415753 -0.067320995 -0.001785181 0.997729778 8.547073364
0.997453928 0.010446267 0.070544697 5.076453209 -0.010633156 0.999940872 0.002274237 -0.727056205 -0.070516765 -0.003018559 0.997506022 8.581894875
0.997314155 0.009472177 0.072628997 5.078417778 -0.009670243 0.999950349 0.002375931 -0.727402389 -0.072602898 -0.003071889 0.997356176 8.616606712
0.997227728 0.010789163 0.073623702 5.080674171 -0.010829253 0.999941349 0.000145348 -0.727576315 -0.073617816 -0.000942235 0.997286081 8.652420044
0.997092068 0.014378368 0.074836366 5.082518578 -0.014384220 0.999896407 -0.000460814 -0.728410840 -0.074835248 -0.000616989 0.997195721 8.688581467
0.997177482 0.014989495 0.073569126 5.084890842 -0.015070676 0.999886274 0.000548441 -0.728944778 -0.073552527 -0.001655630 0.997289896 8.721908569
