0.999934137 0.000647540 0.011454777 0.000502257 -0.000671823 0.999997556 0.002116213 -0.000185811 -0.011453379 -0.002123769 0.999932170 0.042237777
0.999765575 0.001353304 0.021608312 0.002066384 -0.001438376 0.999991298 0.003921942 -0.000234975 -0.021602817 -0.003952104 0.999758780 0.086478285
0.999462724 0.001934993 0.032718040 0.003371576 -0.002143045 0.999977708 0.006325060 -0.000790253 -0.032705072 -0.006391779 0.999444604 0.130427063
0.999072731 0.002169522 0.042999111 0.005569490 -0.002558844 0.999956250 0.009001224 -0.001289180 -0.042977698 -0.009102906 0.999034584 0.177722529
0.998553157 0.001591295 0.053750377 0.008495501 -0.002081284 0.999956787 0.009061260 -0.000049949 -0.053733636 -0.009160018 0.998513281 0.224018455
0.997951746 0.000803312 0.063966729 0.012139784 -0.001498538 0.999940276 0.010821328 -0.000542335 -0.063954212 -0.010895019 0.997893333 0.272597075
0.997186720 0.001595774 0.074940547 0.015686585 -0.002610180 0.999906182 0.013440150 -0.000170672 -0.074912079 -0.013597950 0.997097433 0.321211517
0.996216834 0.001818573 0.086883321 0.019645210 -0.003329786 0.999845564 0.017251831 0.000088763 -0.086838536 -0.017475864 0.996069133 0.370581985
0.995062590 0.001482493 0.099238411 0.024693632 -0.003576329 0.999774635 0.020924486 0.000393780 -0.099185027 -0.021176079 0.994843662 0.420707494
0.993684292 0.001512076 0.112201117 0.030495768 -0.004145427 0.999721229 0.023240322 0.000447764 -0.112134732 -0.023558665 0.993413627 0.470785350
0.992006660 0.000886340 0.126182556 0.037218675 -0.003897675 0.999713302 0.023620004 0.000588172 -0.126125455 -0.023923017 0.991725802 0.520667136
0.989973605 0.001822738 0.141240641 0.043939229 -0.005036447 0.999736428 0.022399316 0.001026801 -0.141162559 -0.022886079 0.989721835 0.571402609
0.987605870 0.001159409 0.156949908 0.052640636 -0.004659943 0.999748468 0.021937387 0.000867171 -0.156884983 -0.022396870 0.987362921 0.620930493
0.983981073 0.003049471 0.178246737 0.061107494 -0.006676390 0.999782741 0.019751467 0.001398102 -0.178147733 -0.020625116 0.983787596 0.671886802
0.979112625 0.005777216 0.203236669 0.071314387 -0.009779025 0.999777496 0.018691689 0.001445160 -0.203083456 -0.020288723 0.978951216 0.720281839
0.972400367 0.007812620 0.233187705 0.083808132 -0.012315270 0.999764681 0.017859397 0.001483019 -0.232993320 -0.020238256 0.972267687 0.772785246
0.964160264 0.008848466 0.265172869 0.098021895 -0.013928268 0.999753594 0.017282292 0.001469207 -0.264954656 -0.020356301 0.964046001 0.822800279
0.954335809 0.008635553 0.298611492 0.113735929 -0.014102686 0.999769986 0.016158547 0.001297412 -0.298403323 -0.019631900 0.954238057 0.872805119
0.943524778 0.008931545 0.331181467 0.130891591 -0.014501625 0.999791861 0.014351519 0.001432948 -0.330984354 -0.018343680 0.943457961 0.922312856
0.932294369 0.009338260 0.361579925 0.150515497 -0.014716559 0.999818325 0.012123460 0.000719386 -0.361400962 -0.016623847 0.932262301 0.970875084
0.920021534 0.010902942 0.391716242 0.171086699 -0.015410899 0.999846220 0.008365986 0.000225369 -0.391564757 -0.013733584 0.920048118 1.018247247
0.906716049 0.009500386 0.421634823 0.194105312 -0.012513448 0.999912024 0.004379598 -0.000627036 -0.421556234 -0.009247157 0.906755090 1.067728877
0.892970681 0.006167785 0.450072497 0.218671262 -0.006263248 0.999979436 -0.001277046 -0.001212793 -0.450071245 -0.001678551 0.892991066 1.115473151
0.878977180 0.001243404 0.476862103 0.244935095 0.001934248 0.999979019 -0.006172725 -0.002536626 -0.476859778 0.006348053 0.878956437 1.160274744
0.864512563 -0.002786944 0.502603352 0.271859318 0.009077403 0.999908090 -0.010069253 -0.004202629 -0.502529144 0.013267330 0.864458442 1.205160141
0.849992335 -0.009000019 0.526718259 0.301243484 0.019001013 0.999727190 -0.013580600 -0.005774548 -0.526452422 0.021551589 0.849931419 1.249977112
0.835442603 -0.009563799 0.549494505 0.331769645 0.026071118 0.999412596 -0.022243610 -0.007915936 -0.548959017 0.032909192 0.835201204 1.294736981
0.820604980 -0.004739149 0.571476161 0.361242086 0.031016495 0.998861194 -0.036254421 -0.010257281 -0.570653558 0.047475748 0.819817424 1.335400820
0.805405080 0.005424249 0.592699945 0.393617690 0.032524716 0.998047054 -0.053330906 -0.013745293 -0.591831744 0.062230378 0.803655744 1.379576921
0.789213300 0.015610117 0.613920689 0.425797850 0.033470277 0.997097731 -0.068380162 -0.017657727 -0.613206327 0.074514620 0.786400378 1.420535445
0.772834420 0.019856729 0.634296834 0.460657626 0.038078967 0.996258378 -0.077583805 -0.021643855 -0.633464217 0.084112823 0.769186795 1.461905122
0.756573021 0.020398479 0.653590858 0.495580107 0.042703364 0.995838523 -0.080511861 -0.026387282 -0.652513266 0.088823631 0.752553701 1.500130653
0.739673018 0.018370090 0.672715724 0.530955315 0.045956973 0.995914936 -0.077727012 -0.031254023 -0.671395421 0.088408545 0.735807121 1.539935708
0.724506676 0.013221989 0.689140975 0.569812775 0.049184084 0.996275723 -0.070822880 -0.036556259 -0.687510729 0.085206427 0.721157968 1.578697324
0.710201442 0.004747872 0.703982532 0.606818616 0.057805434 0.996207356 -0.065034807 -0.040817875 -0.701621234 0.086881831 0.707233310 1.615103841
0.699617088 0.001872562 0.714515388 0.646022618 0.061692659 0.996103823 -0.063016847 -0.046262968 -0.711849570 0.088168018 0.696775734 1.651470184
0.689947844 0.002858318 0.723853409 0.683700323 0.064579211 0.995761573 -0.065486327 -0.050080549 -0.720972598 0.091928050 0.686838925 1.687504530
0.681257725 0.005195149 0.732025206 0.720079780 0.065062158 0.995587766 -0.067615598 -0.054511368 -0.729146659 0.093690798 0.677913845 1.721253633
0.672683358 0.011574640 0.739839911 0.757698059 0.059572555 0.995784581 -0.069743894 -0.059200600 -0.737528443 0.090989694 0.669158161 1.756085873
0.663080096 0.012024960 0.748451889 0.797996819 0.058768794 0.995948315 -0.068066701 -0.062982872 -0.746237934 0.089119285 0.659686804 1.791694641
0.655738354 0.010232369 0.754918933 0.838136673 0.062193181 0.995777607 -0.067519352 -0.067736879 -0.752422214 0.091225833 0.652333260 1.825106382
0.649387538 0.010306496 0.760387838 0.878823698 0.064965039 0.995500922 -0.068974815 -0.071684435 -0.757677674 0.094189987 0.645796299 1.858392000
0.645883977 0.012339243 0.763335884 0.918662548 0.066103436 0.995210230 -0.072019793 -0.075525984 -0.760568380 0.096975520 0.641974688 1.892742395
0.646515310 0.014704074 0.762759268 0.959634602 0.065831341 0.995009601 -0.074979953 -0.079845719 -0.760055423 0.098689139 0.642320931 1.926689506
0.649168372 0.012611398 0.760540187 1.001068234 0.067239419 0.994996905 -0.073892221 -0.084535584 -0.757667005 0.099106766 0.645072520 1.963047504
0.654271662 0.013389857 0.756140947 1.042987585 0.065322950 0.995105803 -0.074143946 -0.089457572 -0.753433108 0.097903661 0.650194883 2.000555754
0.660520852 0.013937835 0.750678301 1.085339069 0.063206844 0.995246172 -0.074094325 -0.093876526 -0.748142302 0.096388862 0.656499922 2.037575483
0.667164743 0.014251371 0.744773805 1.130361080 0.061823167 0.995308280 -0.074426286 -0.099277228 -0.742340147 0.095698886 0.663153589 2.077269077
0.672746897 0.016602891 0.739686430 1.175442219 0.058083177 0.995477676 -0.075171173 -0.104251482 -0.737589240 0.093534499 0.668740213 2.119172096
0.676421463 0.018161008 0.736290812 1.217425823 0.054671623 0.995699823 -0.074785635 -0.109306931 -0.734482825 0.090840839 0.672519803 2.158292770
0.677752852 0.020815987 0.734995127 1.263004541 0.050118212 0.995966613 -0.074421972 -0.114573471 -0.733579814 0.087276347 0.673975885 2.201103210
0.677001417 0.022180295 0.735647321 1.306319237 0.046667233 0.996240616 -0.072984278 -0.119767353 -0.734500647 0.083741091 0.673421264 2.243065357
0.676708937 0.021167679 0.735946298 1.354949951 0.047079902 0.996296763 -0.071946390 -0.125379041 -0.734743834 0.083335035 0.673206329 2.286438704
0.676283538 0.020351073 0.736360133 1.403163433 0.047406726 0.996343851 -0.071075350 -0.131052896 -0.735114276 0.082975514 0.672846198 2.330564260
0.676031113 0.022230970 0.736537635 1.451647878 0.045200814 0.996411502 -0.071562320 -0.135734320 -0.735485375 0.081670471 0.672600269 2.376365900
0.676001251 0.019831417 0.736633420 1.498664856 0.046845026 0.996459424 -0.069815598 -0.140881628 -0.735409975 0.081703044 0.672678947 2.418156147
0.675654411 0.019948306 0.736948550 1.546710849 0.046566058 0.996482909 -0.069666602 -0.146507382 -0.735746443 0.081387326 0.672349215 2.463174820
0.675924540 0.020478306 0.736686170 1.596698165 0.045008291 0.996600807 -0.068999425 -0.152078480 -0.735595047 0.079795398 0.672705412 2.508221149
0.676181257 0.020050427 0.736462355 1.645217299 0.044489413 0.996693909 -0.067983173 -0.158106059 -0.735390663 0.078733735 0.673053801 2.553014278
0.676069677 0.022057313 0.736507475 1.693711877 0.042130928 0.996759534 -0.068525150 -0.163174719 -0.735632241 0.077357516 0.672949553 2.598131657
0.677380323 0.019718608 0.735368729 1.741814256 0.043440908 0.996824026 -0.066744737 -0.169155657 -0.734349310 0.077156655 0.674372375 2.642149687
0.679241002 0.018065497 0.733692825 1.791660070 0.042646043 0.997036219 -0.064030729 -0.174906015 -0.732675195 0.074781395 0.676457465 2.688270092
0.681123853 0.016844813 0.731974244 1.839069128 0.042770434 0.997112572 -0.062745556 -0.179705709 -0.730917871 0.074044354 0.678436756 2.732711077
0.683056355 0.016883463 0.730170429 1.887943625 0.042386711 0.997131407 -0.062708043 -0.184775606 -0.729134560 0.073782645 0.680381417 2.779717922
0.684978962 0.015813908 0.728391171 1.936214924 0.043372300 0.997106194 -0.062435217 -0.190585822 -0.727270663 0.074358821 0.682310998 2.825090408
0.685597897 0.016911419 0.727783918 1.983133912 0.042963017 0.997047782 -0.063640922 -0.195178092 -0.726711571 0.074899890 0.682847142 2.869751930
0.684989572 0.019028306 0.728304327 2.030695438 0.041957896 0.996969461 -0.065510206 -0.200765133 -0.727343559 0.075431921 0.682115257 2.914995193
0.682147801 0.022221617 0.730876505 2.076539516 0.040711738 0.996833503 -0.068305194 -0.206234276 -0.730080068 0.076349504 0.679082990 2.957514286
0.678738713 0.023245350 0.734011889 2.124581575 0.040169716 0.996827543 -0.068713240 -0.212733090 -0.733280420 0.076123387 0.675651610 3.002488613
0.673779547 0.021566402 0.738617659 2.173358440 0.041363966 0.996905923 -0.066840895 -0.217804581 -0.737773776 0.075588174 0.670802712 3.047436714
0.669463038 0.017510537 0.742638946 2.220896721 0.043185338 0.997113883 -0.062440835 -0.223903984 -0.741589010 0.073872939 0.666774750 3.089334965
0.664690912 0.018296639 0.746894300 2.268912792 0.040700648 0.997328758 -0.060652655 -0.229646608 -0.746008873 0.070714355 0.662170768 3.132515669
0.660275519 0.020016102 0.750756621 2.316396713 0.042567868 0.997040331 -0.064019911 -0.233895928 -0.749816120 0.074228898 0.657469213 3.174489260
0.655822933 0.021196688 0.754617214 2.364173412 0.042969819 0.996936977 -0.065347500 -0.239407912 -0.753690898 0.075282156 0.652903199 3.215675354
0.651506424 0.024102826 0.758260071 2.411808729 0.041660700 0.996850312 -0.067482270 -0.244296104 -0.757498384 0.075554788 0.648450196 3.257497311
0.647996962 0.025957556 0.761200428 2.458926201 0.040663917 0.996814609 -0.068608664 -0.249168918 -0.760556698 0.075411603 0.644877136 3.297956944
0.645164847 0.023682401 0.763676286 2.507557392 0.042121321 0.996896982 -0.066499539 -0.255145609 -0.762881458 0.075070225 0.642165363 3.338774443
0.643631220 0.016128751 0.765165806 2.556752205 0.043656074 0.997376323 -0.057745468 -0.259781271 -0.764089525 0.070570931 0.641238511 3.378561974
0.641218066 0.009138281 0.767304182 2.604081631 0.042953286 0.997933924 -0.047780026 -0.264772296 -0.766155601 0.063595653 0.639500678 3.419568062
0.638715386 0.007611928 0.769405484 2.651052237 0.043420941 0.998001099 -0.045919016 -0.268667281 -0.768216908 0.062737480 0.637108088 3.460170269
0.637724102 0.011026911 0.770185888 2.696549892 0.044079438 0.997736394 -0.050783154 -0.272859305 -0.769002497 0.066335000 0.635794580 3.499106884
0.636761606 0.015263305 0.770909607 2.744355202 0.045632083 0.997305691 -0.057437267 -0.277187645 -0.769709170 0.071752064 0.634349525 3.537567377
0.636591673 0.011648746 0.771113157 2.790876627 0.051318426 0.997029841 -0.057427417 -0.282238990 -0.769491732 0.076130114 0.634103000 3.575212479
0.636330962 0.009698243 0.771355212 2.838068008 0.054424621 0.996864974 -0.057431273 -0.286284626 -0.769493937 0.078526028 0.633808136 3.613365173
0.636969268 0.007843365 0.770849288 2.885403395 0.053593811 0.997078240 -0.054430947 -0.290685266 -0.769023955 0.075983591 0.634687841 3.652573109
0.637811601 0.004519226 0.770179212 2.932705879 0.052814890 0.997372210 -0.049590141 -0.294538081 -0.768379390 0.072306089 0.635896921 3.691775560
0.637795091 0.003307138 0.770199001 2.977487564 0.048218567 0.997857749 -0.044214059 -0.298167586 -0.768695235 0.065337397 0.636269331 3.730695724
0.638199747 0.008362391 0.769825459 3.023973465 0.038808580 0.998320282 -0.043017518 -0.301926672 -0.768892050 0.057329599 0.636803329 3.770344496
0.639741361 0.011240019 0.768508017 3.069532871 0.032341991 0.998613715 -0.041528452 -0.305643380 -0.767909467 0.051422544 0.638490915 3.809434891
0.641320348 0.007986967 0.767231643 3.115392447 0.035859019 0.998541117 -0.040369086 -0.309236079 -0.766434848 0.053401683 0.640098333 3.848459482
0.644563317 0.006249760 0.764525414 3.162894487 0.039922494 0.998327255 -0.041819252 -0.313114583 -0.763507724 0.057476919 0.643235564 3.886860847
0.649723411 0.006148143 0.760145783 3.208427906 0.042261250 0.998128593 -0.044195157 -0.316841841 -0.758994937 0.060839336 0.648247719 3.925098658
0.656310856 0.002729664 0.754485607 3.253689766 0.046749905 0.997924805 -0.044277146 -0.320203722 -0.753040850 0.064331695 0.654821217 3.964704514
0.662110448 -0.002107674 0.749403298 3.296644926 0.053407907 0.997586131 -0.044381108 -0.323815405 -0.747500658 0.069409251 0.660624743 4.004656315
0.672122121 -0.000215910 0.740440190 3.343234777 0.050297707 0.997703493 -0.045365971 -0.327464163 -0.738730013 0.067733929 0.670589328 4.044309616
0.681131542 -0.000602414 0.732160866 3.385814667 0.048519529 0.997838616 -0.044316858 -0.331048489 -0.730551660 0.065709703 0.679688454 4.085288048
0.690502584 -0.003519165 0.723321378 3.429280758 0.047884069 0.998017132 -0.040855821 -0.334840417 -0.721743226 0.062846631 0.689301789 4.127183437
0.699378014 -0.003366415 0.714744151 3.471701860 0.046641938 0.998072445 -0.040938329 -0.338125318 -0.713228524 0.061968412 0.698186934 4.169725418
0.708727956 -0.004889457 0.705464959 3.513334036 0.047032155 0.998078823 -0.040332191 -0.341639340 -0.703912377 0.061764095 0.707596302 4.211955070
0.717704415 -0.005932295 0.696322560 3.554118872 0.048418120 0.997968674 -0.041402716 -0.345321476 -0.694662452 0.063429549 0.716533720 4.254672527
0.727858484 -0.003611294 0.685717881 3.595528841 0.048239332 0.997778356 -0.045949135 -0.349708050 -0.684028506 0.066523038 0.726415634 4.297420025
0.736424148 0.000024604 0.676520109 3.634409904 0.050685599 0.997187495 -0.055209950 -0.353512585 -0.674618661 0.074947774 0.734351695 4.340216637
0.746555388 0.003240781 0.665315390 3.675226688 0.050083857 0.996877074 -0.061055310 -0.357423007 -0.663435578 0.078902736 0.744061649 4.384588718
0.754011214 -0.000240469 0.656861782 3.711165428 0.050829124 0.997022808 -0.057981692 -0.362260491 -0.654892206 0.077106535 0.751778364 4.428421497
0.761240900 0.003975824 0.648457110 3.746866226 0.042997111 0.997471094 -0.056591138 -0.365560591 -0.647042215 0.070961267 0.759144783 4.472933769
0.769240916 0.004752415 0.638941169 3.785547733 0.041963331 0.997437835 -0.057939850 -0.370609313 -0.637579381 0.071381807 0.767070532 4.518073559
0.773953259 0.011759575 0.633133531 3.820030928 0.038042646 0.997158229 -0.065024815 -0.375413448 -0.632098973 0.074412256 0.771306515 4.562506676
0.777390480 0.022620937 0.628611386 3.856421471 0.029692950 0.996919394 -0.072595336 -0.379804462 -0.628317118 0.075100273 0.774323821 4.607480526
0.779198110 0.025660031 0.626252294 3.891044140 0.028579568 0.996667802 -0.076396808 -0.384539247 -0.626125872 0.077426270 0.775868297 4.652479649
0.781904638 0.027354660 0.622797549 3.926016569 0.026158663 0.996717215 -0.076619506 -0.389512599 -0.622848868 0.076200701 0.778622270 4.696811676
0.785124838 0.028827228 0.618666291 3.959798813 0.023180593 0.996848464 -0.075866476 -0.395494878 -0.618903577 0.073905699 0.781982243 4.741538048
0.788949192 0.028696166 0.613788128 3.996473074 0.020926384 0.997074723 -0.073514089 -0.399761438 -0.614102006 0.070843257 0.786040545 4.787769318
0.792129576 0.026976975 0.609756470 4.031316280 0.019986851 0.997340381 -0.070089303 -0.404696614 -0.610025644 0.067706920 0.789483666 4.834146023
0.795669854 0.026444521 0.605153024 4.064664841 0.018033784 0.997569501 -0.067303948 -0.410158992 -0.605462015 0.064464919 0.793259084 4.878630161
0.799610734 0.035849489 0.599447668 4.099214077 0.007244783 0.997567952 -0.069322668 -0.414423853 -0.600474894 0.059774019 0.797406316 4.926640034
0.803031981 0.040949322 0.594527364 4.131375790 0.001735270 0.997471392 -0.071046785 -0.420009732 -0.595933378 0.058084503 0.800930440 4.971693516
0.807387948 0.041195147 0.588581085 4.165039062 0.003494750 0.997208118 -0.074589156 -0.425059348 -0.590010583 0.062279325 0.804989874 5.017889977
0.811812937 0.041663632 0.582429290 4.198465824 0.004878055 0.996932507 -0.078114025 -0.429854095 -0.583897173 0.066255100 0.809119463 5.065025330
0.815281153 0.041403119 0.577583194 4.228277206 0.003038818 0.997120976 -0.075766414 -0.435058296 -0.579057276 0.063526101 0.812808096 5.108761311
0.819670081 0.038172528 0.571562648 4.263620377 0.002973978 0.997480154 -0.070882909 -0.440980583 -0.572828233 0.059800416 0.817491055 5.158977032
0.823972940 0.037755657 0.565369964 4.295556068 0.001221551 0.997656941 -0.068404302 -0.446000248 -0.566627681 0.057053909 0.821996152 5.206261158
0.828229427 0.041032195 0.558884919 4.326686382 -0.000599337 0.997379959 -0.072337463 -0.450649410 -0.560388744 0.059577044 0.826084197 5.250890732
0.831544936 0.041753039 0.553885937 4.358702183 -0.000282006 0.997202456 -0.074747741 -0.456151515 -0.555457413 0.061999913 0.829230368 5.301404953
0.835404456 0.043976389 0.547873616 4.390599251 -0.002494948 0.997087181 -0.076229259 -0.460786551 -0.549630105 0.062315356 0.833080828 5.351119518
0.839275539 0.043952104 0.541926920 4.421302319 -0.003706460 0.997166634 -0.075133428 -0.466285467 -0.543693662 0.061049018 0.837060511 5.400162220
0.843876421 0.039200764 0.535103619 4.450673103 0.000722006 0.997243464 -0.074194975 -0.471482575 -0.536537111 0.062997714 0.841521978 5.445851803
0.847903907 0.037627444 0.528812826 4.479914665 0.002366063 0.997199595 -0.074749060 -0.476656079 -0.530144572 0.064631231 0.845440447 5.493625641
0.851319373 0.038216397 0.523254216 4.511095524 0.001490827 0.997163296 -0.075254366 -0.482271373 -0.524645746 0.064845577 0.848847449 5.546609879
0.855476022 0.040603075 0.516248167 4.537556648 -0.002736903 0.997261941 -0.073899627 -0.488189459 -0.517835200 0.061806433 0.853244781 5.587003231
0.858549476 0.042601585 0.510957658 4.567320824 -0.005426573 0.997241437 -0.074027799 -0.492034316 -0.512701929 0.060783785 0.856412292 5.637647629
0.861255288 0.039433919 0.506640196 4.595266819 -0.003007084 0.997362673 -0.072517037 -0.498182744 -0.508163691 0.060932174 0.859102488 5.683639526
0.863379836 0.038873963 0.503054619 4.622808933 -0.002483143 0.997342825 -0.072808750 -0.502606571 -0.504548192 0.061612453 0.861182272 5.732846737
0.866332948 0.039929014 0.497868299 4.652464390 -0.003437322 0.997252405 -0.073998384 -0.507388473 -0.499454975 0.062395908 0.864089966 5.781398773
0.869519472 0.031066999 0.492920637 4.679834843 0.004864537 0.997432709 -0.071445681 -0.512492061 -0.493874729 0.064521231 0.867135942 5.830202579
0.871734262 0.023474148 0.489416212 4.707641125 0.011657040 0.997575402 -0.068610460 -0.517817259 -0.489840060 0.065515250 0.869347095 5.880642891
0.874626100 0.021055851 0.484340787 4.735371113 0.013472375 0.997614920 -0.067698009 -0.522242188 -0.484611064 0.065735675 0.872256219 5.929089069
0.876151741 0.024097802 0.481432706 4.761342049 0.010736160 0.997526348 -0.069469094 -0.527352512 -0.481915832 0.066034213 0.873725653 5.978470802
0.878310144 0.026137717 0.477376312 4.787551880 0.009626205 0.997335196 -0.072317913 -0.531456351 -0.477994412 0.068112873 0.875717938 6.026008606
0.879033625 0.027964314 0.475939065 4.813525200 0.007129669 0.997395575 -0.071771175 -0.536824703 -0.476706564 0.066482544 0.876544893 6.074746132
0.879147232 0.029737601 0.475621581 4.840571880 0.004557917 0.997480750 -0.070791088 -0.541268229 -0.476528466 0.064403631 0.876796901 6.126947403
0.879794598 0.026068065 0.474638790 4.867683411 0.006114030 0.997792006 -0.066133663 -0.545637369 -0.475314766 0.061085984 0.877692640 6.175795078
0.880170524 0.024833653 0.474007457 4.893616199 0.004800958 0.998113573 -0.061206765 -0.550526798 -0.474633336 0.056148089 0.878390908 6.225898743
0.880986631 0.022128612 0.472623199 4.920461655 0.006465186 0.998249471 -0.058790222 -0.555472553 -0.473096758 0.054849006 0.879301488 6.274217606
0.881388783 0.025664881 0.471693844 4.946295261 0.004996134 0.997960687 -0.063634656 -0.559649944 -0.472365171 0.058443528 0.879463196 6.323730469
0.881537914 0.027740598 0.471297532 4.973260880 0.004873217 0.997684300 -0.067838863 -0.564169705 -0.472088099 0.062099256 0.879361391 6.372490406
0.880998433 0.030972859 0.472104281 4.996859550 0.001130832 0.997714162 -0.067566261 -0.568046570 -0.473117858 0.060059637 0.878949583 6.420815945
0.881177843 0.031231588 0.471752226 5.021775723 -0.000114895 0.997829854 -0.065845080 -0.573812068 -0.472784936 0.057967026 0.879269123 6.469491005
0.881861091 0.025960071 0.470794171 5.048299313 0.006201496 0.997758150 -0.066633664 -0.578087687 -0.471468508 0.061681256 0.879723132 6.517535686
0.882239103 0.028922848 0.469912320 5.073062897 0.004305336 0.997573733 -0.069483206 -0.582517087 -0.470781893 0.063323930 0.879974067 6.564830780
0.881839812 0.037866574 0.470026284 5.098949909 -0.004359630 0.997382641 -0.072172493 -0.587109566 -0.471528977 0.061595440 0.879696786 6.614804268
0.881693125 0.044880122 0.469684213 5.123307228 -0.010961777 0.997145534 -0.074703582 -0.591745496 -0.471696198 0.060717057 0.879668236 6.662589550
0.882045329 0.042842843 0.469212532 5.148654938 -0.007074935 0.996949375 -0.077729650 -0.596965849 -0.471111357 0.065241434 0.879657626 6.711133003
0.881975651 0.041883994 0.469430208 5.173294544 -0.005772562 0.996928573 -0.078103386 -0.602267206 -0.471259713 0.066175461 0.879508436 6.758725166
0.882890165 0.045279626 0.467391610 5.198565006 -0.008762334 0.996755421 -0.080011122 -0.607002497 -0.469498128 0.066545583 0.880422235 6.806916237
0.883960783 0.036050335 0.466169238 5.223457813 0.000167392 0.996998668 -0.077418461 -0.612413645 -0.467561096 0.068512909 0.881301701 6.854343414
0.885917604 0.029504899 0.462903261 5.249695301 0.005282006 0.997268379 -0.073673554 -0.617083609 -0.463812530 0.067713752 0.883341849 6.901356220
0.887007058 0.023621282 0.461151183 5.273463249 0.008739377 0.997653067 -0.067912064 -0.621818781 -0.461673021 0.064268671 0.884718895 6.947107315
0.888667941 0.021245070 0.458058953 5.299144745 0.010827378 0.997675598 -0.067278728 -0.626853943 -0.458423465 0.064748041 0.886372149 6.995773315
0.891013205 0.022897484 0.453399539 5.322373867 0.011066286 0.997334957 -0.072114483 -0.631628692 -0.453842461 0.069272391 0.888385236 7.041375637
0.894033730 0.021315243 0.447492421 5.344598770 0.013572046 0.997120261 -0.074610710 -0.636437953 -0.447794169 0.072777882 0.891169906 7.086726189
0.897591174 0.022763185 0.440241039 5.367102623 0.011859369 0.997057557 -0.075733684 -0.640617192 -0.440669626 0.073198840 0.894679964 7.133103371
0.902183831 0.019512556 0.430910170 5.390155792 0.012527941 0.997369707 -0.071392462 -0.645035863 -0.431169719 0.069807529 0.899566293 7.180442333
0.907205582 0.013475697 0.420471609 5.411049843 0.017433872 0.997423887 -0.069581591 -0.649849474 -0.420326144 0.070455261 0.904633641 7.225213528
0.912831247 0.009728042 0.408221066 5.431569099 0.021315662 0.997217953 -0.071428403 -0.654556930 -0.407780260 0.073903590 0.910084367 7.271752834
0.918879747 0.010581090 0.394395828 5.452108383 0.019908138 0.997123480 -0.073134221 -0.658497393 -0.394035131 0.075053252 0.916025817 7.317775726
0.924046874 0.009032053 0.382172436 5.470139503 0.020585218 0.997094691 -0.073337369 -0.662787974 -0.381724477 0.075634271 0.921176314 7.363387108
0.929372728 0.006771205 0.369080365 5.488172054 0.022476921 0.996938527 -0.074888617 -0.667788267 -0.368457496 0.077895232 0.926375389 7.408684731
0.934517384 0.011658095 0.355726421 5.504758835 0.018714860 0.996471226 -0.081822209 -0.672432959 -0.355425000 0.083121635 0.931001484 7.453351974
0.938767076 0.021931391 0.343853831 5.520374298 0.010225115 0.995759428 -0.091426611 -0.677615047 -0.344400734 0.089344256 0.934561908 7.499055862
0.943235755 0.028534031 0.330895960 5.534733295 0.005031692 0.994960427 -0.100141138 -0.682141185 -0.332085848 0.096121684 0.938338697 7.544956207
0.947864473 0.027397944 0.317493796 5.551266193 0.004898426 0.994926929 -0.100480676 -0.687472701 -0.318636119 0.096797287 0.942921638 7.589692116
0.951437175 0.027814068 0.306584001 5.565171719 0.001827679 0.995381951 -0.095975451 -0.693615377 -0.307837665 0.091874950 0.946992695 7.636106014
0.954494417 0.032819446 0.296417326 5.578555107 -0.004953559 0.995533884 -0.094274923 -0.698659301 -0.298187584 0.088516571 0.950394154 7.682340145
0.957088590 0.037500460 0.287358612 5.592137337 -0.008465475 0.994786799 -0.101624750 -0.704119802 -0.289671510 0.094831266 0.952416658 7.729193687
0.958797932 0.042547110 0.280884504 5.603984833 -0.012312040 0.994015574 -0.108541846 -0.709650397 -0.283821702 0.100611456 0.953584075 7.772828579
0.959658027 0.045224648 0.277509063 5.616974831 -0.014686057 0.993694782 -0.111152798 -0.715391040 -0.280786157 0.102593161 0.954271317 7.818967342
0.959824979 0.045702595 0.276852548 5.630705357 -0.016512332 0.994136453 -0.106864356 -0.720562816 -0.280113190 0.097999595 0.954951644 7.864021778
0.959290862 0.046543304 0.278558642 5.643590450 -0.018552873 0.994581699 -0.102289096 -0.726635516 -0.281810254 0.092956915 0.954956532 7.908270359
0.958460510 0.044383086 0.281750619 5.656609535 -0.016741768 0.994870067 -0.099765837 -0.731946349 -0.284733176 0.090904601 0.954286754 7.953194141
0.957656860 0.043963555 0.284535646 5.670475960 -0.015863381 0.994828820 -0.100319706 -0.737040401 -0.287474662 0.091558151 0.953401983 7.997858524
0.956708312 0.042734541 0.287893713 5.684042931 -0.014360159 0.994887829 -0.099959075 -0.742595732 -0.290693700 0.091497481 0.952431262 8.042870522
0.955067754 0.043335486 0.293202221 5.694988251 -0.014897578 0.995021701 -0.098537982 -0.747924089 -0.296012729 0.089742459 0.950958848 8.083374023
0.953811944 0.043983545 0.297166646 5.708747387 -0.015077486 0.994985700 -0.098873533 -0.752865195 -0.300025344 0.089826241 0.949692607 8.126383781
0.951861382 0.044463437 0.303287238 5.722743034 -0.015593720 0.995166540 -0.096955784 -0.758378386 -0.306132406 0.087559074 0.947953820 8.170200348
0.950074911 0.042540640 0.309108526 5.736772537 -0.014070227 0.995495617 -0.093757503 -0.763916731 -0.311704725 0.084727429 0.946393967 8.213629723
0.948389590 0.042900335 0.314192206 5.750491142 -0.014154190 0.995545983 -0.093209080 -0.769394755 -0.316791505 0.083951376 0.944772661 8.255449295
0.946544945 0.045901340 0.319289416 5.764437675 -0.015838129 0.995243311 -0.096124388 -0.773119211 -0.322182894 0.085929111 0.942769527 8.297683716
0.945484281 0.045871951 0.322421014 5.778672695 -0.014816493 0.995064020 -0.098122515 -0.778766274 -0.325330675 0.087996162 0.941496968 8.340602875
0.944337130 0.046850614 0.325626105 5.792392254 -0.014772441 0.994847953 -0.100296244 -0.783638895 -0.328647375 0.089903183 0.940163910 8.380919456
0.944229007 0.044713415 0.326239586 5.807711601 -0.011916298 0.994728863 -0.101845413 -0.788552761 -0.329073817 0.092277832 0.939784586 8.422383308
0.944399059 0.042013310 0.326106459 5.821835518 -0.009524779 0.994882345 -0.100590199 -0.793286979 -0.328663707 0.091891177 0.939966023 8.463972092
0.946072459 0.036965590 0.321838945 5.836590767 -0.006083526 0.995320499 -0.096436918 -0.798632860 -0.323897749 0.089278400 0.941870272 8.504740715
0.948224664 0.036678094 0.315475374 5.849473953 -0.006595114 0.995368898 -0.095901601 -0.803978145 -0.317531943 0.088855661 0.944075346 8.545844078
0.951935112 0.033058912 0.304510355 5.862405777 -0.003624744 0.995304763 -0.096723035 -0.808587313 -0.306278139 0.090970285 0.947585404 8.584816933
0.956255734 0.029812921 0.291008919 5.874256611 -0.001532521 0.995290220 -0.096928395 -0.813369274 -0.292528003 0.092242345 0.951797664 8.625801086
0.960729480 0.028998971 0.275967121 5.885728836 -0.002891004 0.995516360 -0.094545603 -0.817764163 -0.277471453 0.090034924 0.956505775 8.665108681
0.964908838 0.032254007 0.260596603 5.895967007 -0.009016084 0.995911777 -0.089880094 -0.822354376 -0.262430191 0.084376529 0.961254895 8.706340790
0.969246328 0.029552912 0.244311735 5.905432701 -0.009548828 0.996532023 -0.082661822 -0.826592565 -0.245907336 0.077786766 0.966167092 8.745469093
0.972995758 0.028595872 0.229045451 5.913971901 -0.011485832 0.997065306 -0.075689286 -0.830473423 -0.230537668 0.071014553 0.970468581 8.785783768
0.976998210 0.025962204 0.211660802 5.921939850 -0.011872779 0.997644067 -0.067567311 -0.834468067 -0.212916330 0.063500151 0.975004733 8.825551987
0.980411768 0.025580371 0.195290565 5.929298401 -0.013821416 0.998021245 -0.061339751 -0.838029265 -0.196473211 0.057439029 0.978825271 8.866158485
0.983793497 0.026026051 0.177406445 5.935575962 -0.015842412 0.998157024 -0.058579754 -0.841484129 -0.178604081 0.054819837 0.982392669 8.904458046
0.987027884 0.024373541 0.158688173 5.942136765 -0.015474038 0.998249829 -0.057077829 -0.844411254 -0.159801632 0.053881869 0.985677540 8.943536758
0.989486277 0.024723018 0.142498121 5.946009636 -0.016846662 0.998276532 -0.056217290 -0.847358048 -0.143642440 0.053225614 0.988197267 8.982604980
0.991468489 0.029591495 0.126942784 5.949823856 -0.022804363 0.998248279 -0.054590356 -0.850029469 -0.128335878 0.051229771 0.990406692 9.021209717
0.993231595 0.030626075 0.112041473 5.953278542 -0.025147647 0.998433113 -0.049987379 -0.852841079 -0.113396846 0.046831459 0.992445469 9.059662819
0.994650960 0.027509032 0.099563435 5.956995964 -0.022985276 0.998663008 -0.046301417 -0.855655909 -0.100704052 0.043765247 0.993953407 9.099353790
0.995724857 0.025331398 0.088827468 5.959810257 -0.021357212 0.998740077 -0.045409158 -0.858335018 -0.089865848 0.043317910 0.995011389 9.135990143
0.996398807 0.030620381 0.079068176 5.961919785 -0.026874647 0.998485208 -0.048010919 -0.860998094 -0.080418535 0.045713097 0.995712340 9.173556328
0.996988356 0.035142828 0.069131576 5.963686466 -0.031434920 0.998045385 -0.054011308 -0.864023209 -0.070894562 0.051675510 0.996144354 9.210221291
0.997582793 0.034957133 0.060056407 5.964714050 -0.031092176 0.997457266 -0.064127073 -0.866516709 -0.062145405 0.062104777 0.996132910 9.246773720
0.998288155 0.029819228 0.050314162 5.967579365 -0.026179478 0.997096121 -0.071510293 -0.868649423 -0.052300446 0.070070691 0.996170104 9.282527924
0.998517632 0.029860752 0.045506280 5.967794418 -0.026665501 0.997241259 -0.069273822 -0.871758223 -0.047449309 0.067957692 0.996559262 9.321006775
0.998736441 0.031112235 0.039464567 5.968667984 -0.028675245 0.997732997 -0.060881961 -0.874391735 -0.041269280 0.059673384 0.997364521 9.359440804
0.998708308 0.035904005 0.035952762 5.968425274 -0.034133099 0.998229384 -0.048714064 -0.877345681 -0.037638143 0.047423966 0.998165488 9.398372650
0.998752534 0.036634501 0.033931445 5.969473839 -0.035258077 0.998564839 -0.040311724 -0.880273938 -0.035359554 0.039065074 0.998610854 9.436043739
0.998884499 0.033117373 0.033659030 5.970030308 -0.031745818 0.998675227 -0.040497053 -0.882691264 -0.034955591 0.039383348 0.998612583 9.474801064
0.998998106 0.030311983 0.032923803 5.970493793 -0.028863091 0.998630881 -0.043625392 -0.884645164 -0.034201108 0.042631395 0.998505294 9.511687279
0.999158740 0.026823040 0.031020628 5.972084045 -0.025450587 0.998715103 -0.043822352 -0.886827588 -0.032156210 0.042995993 0.998557627 9.550156593
0.999092221 0.029899703 0.030344568 5.971884251 -0.028626449 0.998725712 -0.041560791 -0.887847066 -0.031548556 0.040654406 0.998675048 9.589521408
0.999185562 0.029547023 0.027480513 5.972523689 -0.028505759 0.998888493 -0.037540626 -0.890338063 -0.028559180 0.036726702 0.998917162 9.626816750
0.999292672 0.028861566 0.024105662 5.973843098 -0.028078707 0.999086738 -0.032206628 -0.892754197 -0.025013182 0.031506993 0.999190509 9.666548729
0.999424338 0.027917814 0.019279217 5.974328041 -0.027337644 0.999184072 -0.029728048 -0.894772470 -0.020093428 0.029183878 0.999372065 9.707007408
0.999572873 0.025912421 0.013513887 5.974268913 -0.025536116 0.999300778 -0.027311880 -0.896123767 -0.014212154 0.026955128 0.999535620 9.744500160
0.999688685 0.024401344 0.005231027 5.974325657 -0.024267105 0.999408901 -0.024351010 -0.898122370 -0.005822133 0.024216484 0.999689758 9.784127235
0.999750912 0.021746542 -0.005024659 5.974195957 -0.021856133 0.999498904 -0.022895820 -0.899837136 0.004524235 0.022999935 0.999725163 9.823781013
0.999585629 0.023630818 -0.016438814 5.972477436 -0.024013577 0.999435604 -0.023489684 -0.902248442 0.015874455 0.023874708 0.999588847 9.862607956
0.999280691 0.024512639 -0.028935242 5.970798016 -0.025296800 0.999313891 -0.027052928 -0.903716922 0.028252251 0.027765436 0.999215126 9.902832985
0.998816490 0.026288899 -0.040922489 5.967886925 -0.027521932 0.999175012 -0.029864907 -0.905194700 0.040103614 0.030955827 0.998715878 9.943201065
0.998285472 0.025004024 -0.052922692 5.965064526 -0.026622495 0.999192297 -0.030101052 -0.906879902 0.052127298 0.031458378 0.998144865 9.983372688
0.997556329 0.024396017 -0.065469295 5.962564468 -0.026185673 0.999302626 -0.026618248 -0.908697367 0.064774260 0.028267562 0.997499466 10.023892403
0.996647596 0.026150962 -0.077522069 5.958922386 -0.028175198 0.999286950 -0.025133770 -0.909750104 0.076809533 0.027233711 0.996673763 10.064460754
0.995628536 0.027663134 -0.089210317 5.954646111 -0.029817121 0.999292910 -0.022903185 -0.911615491 0.088513665 0.025463061 0.995749414 10.104489326
0.994566500 0.032517832 -0.098894149 5.948842049 -0.034600124 0.999212623 -0.019413698 -0.913348496 0.098185010 0.022729963 0.994908571 10.147525787
0.993669510 0.036186196 -0.106355280 5.943499565 -0.038407944 0.999083102 -0.018915799 -0.914637446 0.105573282 0.022880938 0.994148254 10.189208984
0.993178487 0.036361489 -0.110789292 5.938301086 -0.038311947 0.999145210 -0.015526779 -0.915907800 0.110130019 0.019665418 0.993722618 10.230456352
0.993051887 0.033916019 -0.112684108 5.933013916 -0.035649516 0.999274433 -0.013403930 -0.916897416 0.112147748 0.017327933 0.993540406 10.273410797
0.993144095 0.029543182 -0.113101728 5.928368568 -0.031478174 0.999386370 -0.015360649 -0.918364465 0.112578526 0.018815573 0.993464649 10.315533638
0.993417978 0.028087869 -0.111048222 5.922705650 -0.030082304 0.999414146 -0.016325273 -0.919915676 0.110524617 0.019558406 0.993680835 10.359082222
0.993511021 0.024091166 -0.111155257 5.918284893 -0.026401702 0.999463856 -0.019361440 -0.921014369 0.110629223 0.022170493 0.993614376 10.402423859
0.993619263 0.021291258 -0.110757783 5.913320541 -0.023544099 0.999540806 -0.019072149 -0.921875894 0.110300854 0.021558149 0.993664384 10.446976662
0.993763983 0.018146552 -0.110018581 5.908986092 -0.019796992 0.999706924 -0.013927612 -0.923597991 0.109733641 0.016018797 0.993831933 10.491373062
0.993805349 0.018417519 -0.109598055 5.904453754 -0.019734874 0.999745250 -0.010947206 -0.924596906 0.109368525 0.013042297 0.993915677 10.536726952
0.994035304 0.017960815 -0.107569903 5.899569988 -0.019005274 0.999781728 -0.008692243 -0.926230550 0.107390277 0.010684791 0.994159639 10.581610680
0.994168580 0.019553417 -0.106049918 5.894889832 -0.020522567 0.999756932 -0.008054953 -0.927552700 0.105866648 0.010184398 0.994328141 10.625032425
0.994452715 0.020005301 -0.103264444 5.889009953 -0.020852335 0.999757111 -0.007129481 -0.928418159 0.103096724 0.009243236 0.994628370 10.671365738
0.994575024 0.019844409 -0.102111742 5.884961128 -0.020740241 0.999755025 -0.007718756 -0.929958761 0.101933554 0.009794704 0.994742990 10.716885567
0.994729936 0.018939894 -0.100764975 5.880007267 -0.020257303 0.999721944 -0.012066926 -0.931074083 0.100508407 0.014044560 0.994837046 10.762587547
0.994853854 0.019765176 -0.099373415 5.875085831 -0.021740515 0.999586225 -0.018834403 -0.932172477 0.098960027 0.020897908 0.994871974 10.806438446
0.994868696 0.019938346 -0.099191755 5.870791435 -0.022100365 0.999540508 -0.020745363 -0.933324516 0.098732568 0.022831080 0.994852006 10.852907181
0.995050848 0.022418702 -0.096805669 5.865970612 -0.024244966 0.999548793 -0.017730217 -0.934672117 0.096364498 0.019989513 0.995145380 10.897563934
0.995140433 0.024231514 -0.095437795 5.860505104 -0.025597630 0.999586284 -0.013115853 -0.936762929 0.095080480 0.015495094 0.995349109 10.944818497
0.995312393 0.028369838 -0.092458516 5.856146812 -0.029667092 0.999479294 -0.012686275 -0.938138664 0.092050463 0.015369780 0.995635748 10.989803314
0.995649695 0.030972071 -0.087876506 5.851922035 -0.032105785 0.999418139 -0.011516917 -0.939819574 0.087468646 0.014288157 0.996064782 11.034805298
0.996303201 0.032452080 -0.079541154 5.847772598 -0.033411339 0.999383867 -0.010758462 -0.941206694 0.079142988 0.013376267 0.996773481 11.080484390
0.997034669 0.030935802 -0.070461310 5.843959332 -0.031732786 0.999444246 -0.010219538 -0.942885339 0.070105977 0.012425168 0.997462153 11.127119064
0.997839987 0.026492728 -0.060112137 5.841933727 -0.027363574 0.999531507 -0.013710257 -0.943708777 0.059720758 0.015325525 0.998097479 11.171438217
0.998393893 0.028281366 -0.049090017 5.839637756 -0.029119592 0.999440610 -0.016444780 -0.945798635 0.048597489 0.017847849 0.998658895 11.217316628
0.998843670 0.030914892 -0.036816910 5.838242054 -0.031528667 0.999371409 -0.016208680 -0.946787596 0.036292676 0.017350728 0.999190569 11.261177063
0.999348164 0.025810018 -0.025244256 5.837592125 -0.026049910 0.999618113 -0.009220630 -0.948627651 0.024996638 0.009872228 0.999638736 11.306490898
0.999648571 0.021408226 -0.015635595 5.836256027 -0.021442659 0.999768019 -0.002037889 -0.949894130 0.015588339 0.002372442 0.999875605 11.354405403
0.999720633 0.022833979 -0.006102731 5.833994865 -0.022817435 0.999735832 0.002766852 -0.950100541 0.006164297 -0.002626830 0.999977529 11.398820877
0.999636948 0.026727317 -0.003403896 5.835269451 -0.026708145 0.999627769 0.005559106 -0.951112211 0.003551210 -0.005466177 0.999978721 11.443226814
0.999687076 0.024977246 -0.001378073 5.835613728 -0.024967358 0.999665320 0.006777832 -0.951709867 0.001546904 -0.006741305 0.999976099 11.487810135
0.999682844 0.025155980 0.001185025 5.834912777 -0.025164558 0.999652207 0.007886564 -0.952241123 -0.000986218 -0.007913883 0.999968171 11.533184052
0.999668300 0.025701690 0.001665300 5.835171700 -0.025711020 0.999652326 0.005845754 -0.952787697 -0.001514476 -0.005886631 0.999981463 11.576831818
0.999566555 0.029302925 0.002818841 5.834252357 -0.029315224 0.999560416 0.004426427 -0.952804446 -0.002687894 -0.004507143 0.999986231 11.622996330
0.999547958 0.029989799 0.002152180 5.833959579 -0.030002162 0.999532104 0.005963619 -0.953547835 -0.001972324 -0.006025494 0.999979854 11.667566299
0.999529004 0.030682899 0.000590451 5.833773613 -0.030686174 0.999506474 0.006715924 -0.953727186 -0.000384095 -0.006730880 0.999977291 11.714988708
0.999580204 0.028957376 -0.000922056 5.833404541 -0.028947549 0.999537528 0.009314419 -0.955078542 0.001191350 -0.009283817 0.999956191 11.759775162
