0.999923229 0.000081864 0.012391550 0.000600264 -0.000129829 0.999992490 0.003869976 -0.000806428 -0.012391140 -0.003871287 0.999915719 0.053436670
0.999673963 -0.000068314 0.025531491 0.001946509 -0.000092907 0.999980092 0.006313344 -0.001621313 -0.025531415 -0.006313659 0.999653995 0.106973089
0.999210656 -0.000542643 0.039721012 0.004037390 0.000278500 0.999977827 0.006655168 -0.002292466 -0.039723750 -0.006638852 0.999188662 0.160545498
0.998509169 -0.000112857 0.054581784 0.006504921 -0.000186745 0.999985039 0.005483916 -0.002708847 -0.054581586 -0.005485935 0.998494267 0.214607850
0.997508526 -0.000622044 0.070542492 0.011038209 0.000341518 0.999991953 0.003988693 -0.003212992 -0.070544407 -0.003954662 0.997500896 0.269159883
0.995812654 0.000485282 0.091415368 0.015799865 -0.000735285 0.999996066 0.002701146 -0.004136089 -0.091413692 -0.002757053 0.995809197 0.322818041
0.993081987 0.004074776 0.117351279 0.021740049 -0.004323223 0.999988854 0.001862649 -0.005197034 -0.117342383 -0.002357099 0.993088722 0.376891613
0.989041686 0.005865486 0.147519976 0.029619697 -0.006075694 0.999981046 0.000974375 -0.005750386 -0.147511467 -0.001859984 0.989058614 0.431039959
0.983680367 0.006845092 0.179794103 0.039863385 -0.007158225 0.999973774 0.001092882 -0.007191320 -0.179781899 -0.002362053 0.983703673 0.484484583
0.976713717 0.006627210 0.214445025 0.051028401 -0.006761226 0.999977112 -0.000108550 -0.007703563 -0.214440852 -0.001343888 0.976736009 0.538328290
0.968891203 0.005420476 0.247427717 0.064888433 -0.005207039 0.999985337 -0.001516973 -0.008819512 -0.247432306 0.000181417 0.968905210 0.592388868
0.960394561 0.006639138 0.278564632 0.080512896 -0.005816091 0.999975920 -0.003780938 -0.010037413 -0.278583050 0.002011035 0.960410058 0.644319654
0.950731277 0.008716034 0.309893906 0.097444788 -0.006923128 0.999952316 -0.006884888 -0.011319924 -0.309939176 0.004400243 0.950746179 0.697243631
0.940314949 0.005715325 0.340257287 0.116989374 -0.002071252 0.999936581 -0.011072010 -0.013061376 -0.340298951 0.009706420 0.940267205 0.749717414
0.929166496 0.001643344 0.369657636 0.138080418 0.004529524 0.999864399 -0.015830327 -0.015167941 -0.369633526 0.016383383 0.929033220 0.800391495
0.917590559 -0.003774233 0.397508889 0.162056088 0.013270384 0.999688447 -0.021140957 -0.016307618 -0.397305310 0.024673838 0.917354763 0.852285564
0.905576468 -0.008783084 0.424092144 0.186512813 0.021538585 0.999448061 -0.025293082 -0.018101441 -0.423635930 0.032039165 0.905265749 0.902310252
0.892993450 -0.014613929 0.449832380 0.212783828 0.030591421 0.999132097 -0.028269837 -0.021126276 -0.449028820 0.039005797 0.892665505 0.952955842
0.880296767 -0.017162666 0.474112988 0.239343122 0.038778048 0.998604476 -0.035851091 -0.024734475 -0.472836077 0.049944777 0.879733801 1.000428081
0.867601335 -0.013467159 0.497077942 0.268233806 0.043801866 0.997817218 -0.049418401 -0.028725684 -0.495327353 0.064648420 0.866297424 1.049576998
0.854067624 -0.004143614 0.520145476 0.296290964 0.045433559 0.996740699 -0.066660620 -0.031871162 -0.518173933 0.080564752 0.851472259 1.095502377
0.840077400 0.003703017 0.542453885 0.327260554 0.047793269 0.995582879 -0.080811828 -0.036997624 -0.540357053 0.093813851 0.836189687 1.142731190
0.825717688 0.007795781 0.564029813 0.358648777 0.052175399 0.994562328 -0.090129167 -0.041328833 -0.561665475 0.103849709 0.820820987 1.187233329
0.811000049 0.007782517 0.584994376 0.391774982 0.056320585 0.994228899 -0.091306165 -0.048432671 -0.582329035 0.106996529 0.805881321 1.231839895
0.796335340 0.004692134 0.604837298 0.425461203 0.061563320 0.994148076 -0.088767216 -0.053762484 -0.601714253 0.107924260 0.791386247 1.276173830
0.782496691 -0.000745468 0.622654319 0.459900230 0.065901317 0.994481742 -0.081628278 -0.059356190 -0.619157553 0.104907587 0.778227687 1.317719460
0.769616067 -0.009581989 0.638435006 0.495319486 0.074749030 0.994364142 -0.075183928 -0.064975165 -0.634116590 0.105585150 0.765994847 1.360027909
0.759336412 -0.010491902 0.650613546 0.531536579 0.076992176 0.994294822 -0.073824026 -0.070075355 -0.646127164 0.106149450 0.755812109 1.402478933
0.751026332 -0.010734411 0.660185158 0.569159985 0.080547325 0.993889511 -0.075470239 -0.075603083 -0.655341029 0.109856293 0.747301698 1.444054365
0.742980480 -0.008465487 0.669259608 0.603712678 0.080692112 0.993759573 -0.077010490 -0.080610424 -0.664431214 0.111221261 0.739027083 1.485020280
0.734823406 -0.001062618 0.678257525 0.637016058 0.074762359 0.994032145 -0.079440147 -0.085397467 -0.674125373 0.109082624 0.730517626 1.521683693
0.726419926 -0.001792599 0.687248766 0.677821517 0.075588644 0.994138062 -0.077303872 -0.091276437 -0.683081567 0.108103260 0.722297192 1.563044906
0.718857706 -0.004080425 0.695145249 0.708718956 0.079223625 0.993948579 -0.076091692 -0.097103059 -0.690628052 0.109771028 0.714830875 1.597407818
0.713226318 -0.002677004 0.700928807 0.751568735 0.080786668 0.993642569 -0.078409106 -0.101048775 -0.696262598 0.112549126 0.708908200 1.638904810
0.710664570 -0.003391668 0.703522921 0.795256019 0.083964288 0.993249893 -0.080028176 -0.107564166 -0.698502600 0.115943991 0.706152201 1.681678176
0.710669637 -0.000055659 0.703525782 0.833069801 0.082720667 0.993069947 -0.083482079 -0.111926869 -0.698645711 0.117524311 0.705749273 1.719862223
0.713574588 -0.003508103 0.700570464 0.873718619 0.085703008 0.992913902 -0.082321815 -0.117880002 -0.695317328 0.118783742 0.708818793 1.760739803
0.718172193 -0.003136971 0.695858300 0.912406564 0.083595902 0.993136704 -0.081799418 -0.124074399 -0.690825880 0.116916969 0.713505447 1.802682400
0.723683298 -0.000168423 0.690132201 0.955287874 0.079460263 0.993369818 -0.083080828 -0.128467932 -0.685542524 0.114962295 0.718898535 1.848235369
0.729599297 0.000894930 0.683874309 0.996971846 0.077613793 0.993429840 -0.084103182 -0.133852392 -0.679456353 0.114439696 0.724736214 1.893297315
0.734753013 0.003013791 0.678328097 1.038943052 0.074183747 0.993635237 -0.084769204 -0.139781848 -0.674266100 0.112605356 0.729852736 1.939764023
0.738450289 0.005117740 0.674288452 1.082432985 0.070344165 0.993930399 -0.084581539 -0.146151006 -0.670628667 0.109891511 0.733608246 1.986665726
0.739205837 0.009098080 0.673418164 1.122789860 0.064679191 0.994327903 -0.084431507 -0.152280495 -0.670366585 0.105968401 0.734424472 2.033676863
0.739266872 0.009253741 0.673348963 1.168370008 0.062416859 0.994659603 -0.082196645 -0.159318537 -0.670513749 0.102793582 0.734741390 2.083493233
0.738213241 0.009076809 0.674506307 1.211726189 0.062371843 0.994707644 -0.081648573 -0.164920375 -0.671677709 0.102344267 0.733740151 2.132235289
0.738052011 0.009438755 0.674677730 1.257905126 0.061784554 0.994756103 -0.081504792 -0.170279503 -0.671909034 0.101839453 0.733598590 2.183063507
0.737585723 0.009730668 0.675183475 1.303001523 0.061262559 0.994808316 -0.081261665 -0.176163569 -0.672468841 0.101300888 0.733160138 2.234190702
0.738063753 0.008115647 0.674682260 1.353321552 0.061985429 0.994883716 -0.079775803 -0.183640748 -0.671877861 0.100700088 0.733784497 2.286617279
0.737632811 0.008773233 0.675145030 1.398509502 0.060941081 0.994969487 -0.079510681 -0.191002518 -0.672446251 0.099793769 0.733387470 2.338545322
0.737390161 0.009268578 0.675403535 1.446775794 0.059808154 0.995082617 -0.078952730 -0.196968526 -0.672814012 0.098613590 0.733209789 2.391741276
0.737919867 0.009218219 0.674825430 1.496552944 0.059214290 0.995166123 -0.078344814 -0.203956485 -0.672285616 0.097771503 0.733807027 2.443588972
0.737561107 0.009701917 0.675210774 1.540882826 0.058216143 0.995260596 -0.077892572 -0.210903272 -0.672766387 0.096758686 0.733500719 2.494552612
0.739362478 0.008457000 0.673254550 1.589807749 0.058271743 0.995365620 -0.076496683 -0.217158481 -0.670781434 0.095790513 0.735443115 2.547275305
0.740391493 0.006744418 0.672142088 1.632588148 0.057876825 0.995596409 -0.073743664 -0.224100247 -0.669679582 0.093500637 0.736740708 2.597170830
0.742679894 0.005461656 0.669624329 1.681603193 0.058144905 0.995664120 -0.072609387 -0.229634061 -0.667117476 0.092860781 0.739142120 2.649796724
0.743980646 0.005017484 0.668182313 1.726415277 0.058327615 0.995667100 -0.072420903 -0.235673383 -0.665650487 0.092853241 0.740464449 2.699978352
0.745362461 0.006030601 0.666632175 1.771259189 0.057247180 0.995686352 -0.073015504 -0.242816657 -0.664196968 0.092585824 0.741801977 2.753706217
0.746899962 0.004607864 0.664920449 1.820649505 0.058833212 0.995596111 -0.072986312 -0.249502346 -0.662328541 0.093632892 0.743339598 2.806230068
0.746118486 0.007675737 0.665768981 1.866020203 0.057311226 0.995481789 -0.075704969 -0.255322993 -0.663342118 0.094640903 0.742307544 2.858615398
0.744044185 0.009217723 0.668066680 1.911576390 0.057036210 0.995378435 -0.077256627 -0.262797922 -0.665691435 0.095586374 0.740079939 2.908695698
0.740421772 0.011364181 0.672046423 1.957061410 0.055912506 0.995350242 -0.078432351 -0.269098103 -0.669812918 0.095648833 0.736343622 2.959113836
0.736105204 0.009203365 0.676804543 2.004357338 0.057502460 0.995442450 -0.076077029 -0.275929362 -0.674420178 0.094918616 0.732221186 3.012071133
0.731990278 0.006440267 0.681284666 2.050995350 0.058914721 0.995611370 -0.072711162 -0.282066345 -0.678763092 0.093361557 0.728398442 3.062510967
0.727896333 0.007663606 0.685644209 2.098052740 0.056498520 0.995867014 -0.071111210 -0.288690865 -0.683355570 0.090499483 0.724454999 3.112384796
0.723570645 0.008089763 0.690202892 2.144490719 0.058974583 0.995550334 -0.073494405 -0.294993877 -0.687726438 0.093882814 0.719873846 3.162630796
0.719785094 0.009496347 0.694132090 2.191435575 0.058918368 0.995462835 -0.074714631 -0.301444322 -0.691692173 0.094675578 0.715959847 3.210264444
0.716154397 0.012536830 0.697829366 2.238811731 0.057373829 0.995397210 -0.076763235 -0.307657629 -0.695579767 0.095011450 0.712138712 3.258493662
0.712830722 0.013713514 0.701202035 2.284889221 0.056796830 0.995396078 -0.077205867 -0.314143568 -0.699032545 0.094860785 0.708770037 3.306569576
0.710321486 0.011443205 0.703784406 2.332590103 0.059277039 0.995343447 -0.076011427 -0.320128024 -0.701377034 0.095710821 0.706335366 3.354676962
0.707974076 0.005986867 0.706212938 2.379104137 0.058574960 0.996021152 -0.067164712 -0.326018900 -0.703805089 0.088917285 0.704806328 3.401701450
0.706458747 -0.001053748 0.707753241 2.425584316 0.058503211 0.996663630 -0.056912307 -0.331649661 -0.705331981 0.081612043 0.704163432 3.448436975
0.704670012 -0.003315504 0.709527433 2.472989082 0.059411157 0.996753216 -0.054346770 -0.337153494 -0.707043469 0.080450393 0.702579021 3.496069908
0.703299701 0.000835244 0.710892975 2.519204140 0.059418254 0.996431112 -0.059954327 -0.342321038 -0.708405912 0.084405877 0.700740159 3.542806387
0.702340186 0.003877006 0.711830914 2.565048695 0.061692584 0.995891094 -0.066294208 -0.347447127 -0.709163010 0.090475783 0.699215114 3.588075161
0.702372789 0.000805166 0.711808801 2.611680031 0.066943049 0.995492458 -0.067181669 -0.352636814 -0.708654404 0.094837219 0.699152946 3.632838488
0.701864362 -0.001345737 0.712309241 2.655831575 0.070116788 0.995272100 -0.067208305 -0.357248694 -0.708851159 0.097115964 0.698640525 3.677666664
0.703017592 -0.002159331 0.711169183 2.704876661 0.067989446 0.995619059 -0.064187117 -0.362784266 -0.707915008 0.093476690 0.700084627 3.723775625
0.703078687 -0.005621061 0.711089790 2.750251532 0.067248516 0.996012807 -0.058617592 -0.368409187 -0.707925022 0.089032523 0.700653493 3.770494461
0.703882635 -0.007564882 0.710276067 2.795330763 0.064227603 0.996524990 -0.053035848 -0.373528183 -0.707406640 0.082950339 0.701922476 3.815857887
0.704077542 -0.001948876 0.710120440 2.840745687 0.054912094 0.997151554 -0.051708188 -0.378092825 -0.707996845 0.075400777 0.702178895 3.862935066
0.705269814 0.001661027 0.708937049 2.884964466 0.047536287 0.997635901 -0.049627826 -0.383227348 -0.707343519 0.068701237 0.703523457 3.908965349
0.706807554 -0.000576245 0.707405627 2.931322813 0.050512046 0.997488201 -0.049656793 -0.386821657 -0.705600202 0.070830300 0.705061316 3.955789089
0.708848894 -0.001939283 0.705357671 2.975140572 0.054260913 0.997182786 -0.051787853 -0.390959293 -0.703270316 0.074983113 0.706957221 4.001163006
0.713697970 -0.003114828 0.700446606 3.021668673 0.057279255 0.996900558 -0.053929765 -0.395663857 -0.698107660 0.078610621 0.711664319 4.047256947
0.719950259 -0.006761649 0.693992734 3.066065311 0.061617941 0.996626556 -0.054212399 -0.400084734 -0.691284955 0.081792638 0.717937946 4.093179703
0.726456583 -0.013168229 0.687086165 3.110562563 0.068705082 0.996198833 -0.053549439 -0.405345082 -0.683769286 0.086107656 0.724599898 4.139175415
0.734014213 -0.010803407 0.679048181 3.152420044 0.065203361 0.996375561 -0.054629300 -0.409444988 -0.675996840 0.084374890 0.732058167 4.186092377
0.742961764 -0.010589845 0.669250011 3.196070194 0.063009478 0.996541142 -0.054180674 -0.414164066 -0.666361332 0.082423270 0.741059363 4.234510422
0.751115263 -0.014225632 0.660017788 3.236814976 0.063407578 0.996700227 -0.050676990 -0.418799609 -0.657118976 0.079914391 0.749538720 4.282376289
0.760338426 -0.014140732 0.649373174 3.280346394 0.061977968 0.996780634 -0.050862938 -0.423541248 -0.646563351 0.078919873 0.758767009 4.331669331
0.767676950 -0.014907729 0.640663564 3.318631411 0.061310273 0.996852100 -0.050269261 -0.427659035 -0.637897432 0.077869810 0.766174376 4.380935669
0.775839448 -0.014411979 0.630765617 3.357480526 0.061123800 0.996753395 -0.052407861 -0.431476802 -0.627962530 0.079214878 0.774201632 4.430059433
0.784499586 -0.011807977 0.620017052 3.396861315 0.059972838 0.996576786 -0.056903459 -0.436816663 -0.617222548 0.081824906 0.782522142 4.479974747
0.792235196 -0.008635684 0.610154748 3.434442043 0.062306650 0.995818734 -0.066805884 -0.441438019 -0.607026577 0.090942681 0.789460659 4.529486656
0.800457358 -0.004788644 0.599370539 3.472788095 0.060267039 0.995543540 -0.072532564 -0.446481049 -0.596352160 0.094181515 0.797178745 4.580897808
0.808066964 -0.008830681 0.589024425 3.509212494 0.061205912 0.995734632 -0.069038674 -0.453152955 -0.585902393 0.091839649 0.805160761 4.631491184
0.815956771 -0.011430159 0.578000069 3.545047045 0.060765337 0.995961905 -0.066086315 -0.458846688 -0.574910700 0.089045927 0.813356340 4.682158470
0.821326196 -0.003231786 0.570449710 3.579994440 0.051954664 0.996251762 -0.069159582 -0.463772535 -0.568088055 0.086440094 0.818415582 4.735002041
0.825304091 0.004213179 0.564672768 3.612792492 0.046781681 0.996024609 -0.075805917 -0.469511509 -0.562747359 0.088979281 0.821826041 4.786052704
0.828839123 0.014244919 0.559305608 3.648158550 0.039341547 0.995717406 -0.083660409 -0.475389242 -0.558102071 0.091344967 0.824729145 4.838101387
0.830528796 0.017958697 0.556686103 3.680322647 0.036853123 0.995517910 -0.087097183 -0.481319338 -0.555755198 0.092852339 0.826144457 4.889216900
0.832589626 0.019550739 0.553545237 3.714129686 0.034712434 0.995570600 -0.087373815 -0.487605065 -0.552801549 0.091961436 0.828223109 4.941263676
0.835748672 0.025149394 0.548535943 3.747709513 0.028307952 0.995648980 -0.088778719 -0.492851228 -0.548381984 0.089724615 0.831400454 4.993444920
0.838961661 0.023393037 0.543687403 3.780585766 0.027522255 0.995973170 -0.085322864 -0.499512762 -0.543493927 0.086546108 0.834939539 5.044762611
0.842361331 0.019291900 0.538567722 3.813560009 0.029044254 0.996281564 -0.081115000 -0.505891323 -0.538129807 0.083970450 0.838668704 5.097328186
0.845040202 0.020775462 0.534298956 3.845273972 0.025525421 0.996538401 -0.079119638 -0.512129545 -0.534093142 0.080497496 0.841584623 5.149521828
0.847798169 0.030428302 0.529445410 3.875599623 0.014585087 0.996637106 -0.080633782 -0.517914951 -0.530118465 0.076083168 0.844503284 5.202403545
0.851402760 0.035934880 0.523280025 3.908630371 0.008909591 0.996515572 -0.082929440 -0.524461210 -0.524436772 0.075268567 0.848115981 5.256371021
0.855678082 0.034659348 0.516346693 3.941162586 0.011807131 0.996187627 -0.086434796 -0.531084776 -0.517373860 0.080056928 0.852006555 5.309571266
0.859231889 0.034782290 0.510402381 3.972878933 0.012727226 0.995923936 -0.089294530 -0.537112474 -0.511427939 0.083220728 0.855287075 5.363759041
0.862787783 0.034804169 0.504366815 4.004336834 0.010944576 0.996107817 -0.087459274 -0.543921649 -0.505447745 0.080978870 0.859048903 5.417842388
0.866297722 0.032329295 0.498480678 4.034380436 0.010614377 0.996486843 -0.083074294 -0.549668670 -0.499415159 0.077258140 0.862911105 5.471764565
0.870111883 0.032240160 0.491798639 4.064720631 0.008330605 0.996753454 -0.080081657 -0.556166530 -0.492783874 0.073776968 0.867018402 5.525527477
0.873078585 0.035897862 0.486256272 4.094763756 0.006025416 0.996415496 -0.084379070 -0.562552154 -0.487542272 0.076599441 0.869732738 5.581144810
0.876678526 0.035490926 0.479765654 4.124942780 0.007350002 0.996170402 -0.087122954 -0.568896770 -0.481020480 0.079905093 0.873060346 5.635697365
0.879860342 0.038881801 0.473638892 4.153443336 0.003709892 0.996055186 -0.088659532 -0.574894488 -0.475217700 0.079765171 0.876245201 5.691163063
0.883907080 0.035404500 0.466320455 4.183073521 0.006961628 0.996023774 -0.088816941 -0.579982221 -0.467610687 0.081752278 0.880145848 5.744013309
0.887202203 0.033287596 0.460178435 4.210568428 0.007752747 0.996177554 -0.087006688 -0.587931812 -0.461315662 0.080760188 0.883552849 5.801420689
0.890941024 0.031397551 0.453032404 4.238760948 0.009280702 0.996139824 -0.087289356 -0.594594896 -0.454024225 0.081974134 0.887210369 5.856888294
0.893969297 0.031297378 0.447033882 4.265014648 0.009170469 0.996071577 -0.088075086 -0.600440264 -0.448034227 0.082835943 0.890170515 5.911624908
0.896728456 0.035979711 0.441116244 4.292762280 0.003282030 0.996122062 -0.087920770 -0.607428968 -0.442568928 0.080288813 0.893132925 5.969477177
0.899077415 0.038594600 0.436085165 4.316385746 -0.000200561 0.996142745 -0.087747544 -0.613026917 -0.437789679 0.078804381 0.895617187 6.022753239
0.901564479 0.035731308 0.431166738 4.346069813 0.002203100 0.996191561 -0.087162271 -0.620253086 -0.432639182 0.079532303 0.898052335 6.082498074
0.903388798 0.035103764 0.427383184 4.371894360 0.002752502 0.996148527 -0.087638319 -0.625808895 -0.428813577 0.080347843 0.899812818 6.138361931
0.905550003 0.033258077 0.422933966 4.398221493 0.004334789 0.996144950 -0.087614730 -0.633336067 -0.424217463 0.081172831 0.901914895 6.194994926
0.908440411 0.027433572 0.417113334 4.425693512 0.009060046 0.996317565 -0.085259967 -0.639451921 -0.417916298 0.081232652 0.904846489 6.251876831
0.910368443 0.019706637 0.413329035 4.448622227 0.015723646 0.996496558 -0.082142539 -0.645562530 -0.413499743 0.081279047 0.906869113 6.305261135
0.912730217 0.016770199 0.408218503 4.476857185 0.017761545 0.996583998 -0.080653898 -0.653294086 -0.408176571 0.080865845 0.909314334 6.365818977
0.914334238 0.019747913 0.404478610 4.501050949 0.015087185 0.996455669 -0.082755059 -0.659196019 -0.404679239 0.081768230 0.910795689 6.422839642
0.915741503 0.021797754 0.401176155 4.525581837 0.013849025 0.996221125 -0.085741661 -0.664770484 -0.401529133 0.084073119 0.911979198 6.479564190
0.916769564 0.024088211 0.398689389 4.550365448 0.010924798 0.996294081 -0.085315682 -0.671316504 -0.399266988 0.082570434 0.913109004 6.535885811
0.917266250 0.024705773 0.397507340 4.574770451 0.009758042 0.996380448 -0.084443875 -0.677142024 -0.398154855 0.081336424 0.913705170 6.592596054
0.917336226 0.020320732 0.397594333 4.598645687 0.012506167 0.996732712 -0.079796679 -0.683490038 -0.397916764 0.078172766 0.914084911 6.650890827
0.917940795 0.019159615 0.396254241 4.623687744 0.011433566 0.997140527 -0.074699923 -0.689861894 -0.396552324 0.073100708 0.915096998 6.707864285
0.918058217 0.018124515 0.396031082 4.646958351 0.011796081 0.997263253 -0.072985180 -0.695186198 -0.396270037 0.071676269 0.915331841 6.764412880
0.918454289 0.019987868 0.395021915 4.670396805 0.011890138 0.996875644 -0.078086719 -0.700764239 -0.395348519 0.076415941 0.915346980 6.820580006
0.918358624 0.023097314 0.395074427 4.693718910 0.009943150 0.996633530 -0.081379451 -0.706618369 -0.395624012 0.078663804 0.915037513 6.876117706
0.918218851 0.027367489 0.395126581 4.716816902 0.005547003 0.996623516 -0.081919193 -0.711530507 -0.396034330 0.077411510 0.914966822 6.931381702
0.918602943 0.026180880 0.394313484 4.739795685 0.005944749 0.996774614 -0.080030978 -0.718728364 -0.395136982 0.075860791 0.915484548 6.986671448
0.918843150 0.024066135 0.393888742 4.762924671 0.008523200 0.996695518 -0.080779403 -0.723947585 -0.394531220 0.077580780 0.915601552 7.041110039
0.918894827 0.028776871 0.393451840 4.786005020 0.004622288 0.996482253 -0.083677419 -0.729398489 -0.394475728 0.078709394 0.915529191 7.096199989
0.918733478 0.036007408 0.393233091 4.808000565 -0.002121297 0.996269464 -0.086269908 -0.735748470 -0.394872487 0.078424893 0.915382564 7.151525497
0.918767214 0.042272419 0.392530024 4.830239296 -0.007919162 0.996024370 -0.088728227 -0.742009938 -0.394720227 0.078412086 0.915449381 7.206115246
0.919009745 0.040244456 0.392175078 4.852549553 -0.004221967 0.995723605 -0.092286140 -0.748073757 -0.394211978 0.083156116 0.915249586 7.259685993
0.918876052 0.040122643 0.392500907 4.874307632 -0.003701233 0.995648742 -0.093113363 -0.754770815 -0.394528955 0.084106907 0.915026128 7.313904762
0.919938505 0.039550088 0.390062779 4.898845673 -0.003071681 0.995595455 -0.093703173 -0.761634767 -0.392050743 0.085003018 0.916008055 7.369554996
0.920893133 0.031458762 0.388543367 4.920592308 0.004721201 0.995765090 -0.091812789 -0.767618179 -0.389786243 0.086384170 0.916844785 7.422315598
0.922458768 0.024164794 0.385338575 4.943684101 0.010440296 0.996113360 -0.087459743 -0.774192393 -0.385954291 0.084701069 0.918621242 7.474140644
0.923300624 0.017919838 0.383660138 4.966012001 0.014510646 0.996570289 -0.081468105 -0.780434787 -0.383804262 0.080786690 0.919873834 7.527070045
0.924676895 0.016852120 0.380379766 4.986964703 0.015301012 0.996568322 -0.081347063 -0.785923064 -0.380445361 0.081039943 0.921245813 7.578303337
0.926552713 0.018517736 0.375708699 5.008842945 0.014916356 0.996193290 -0.085885778 -0.792361856 -0.375868917 0.085181907 0.922749400 7.632153988
0.929111958 0.016850172 0.369414210 5.028503895 0.017154090 0.995922089 -0.088571392 -0.798291445 -0.369400203 0.088629708 0.925034106 7.685037613
0.932498097 0.015064719 0.360860586 5.051001549 0.018530400 0.995818317 -0.089456409 -0.804475844 -0.360699207 0.090104811 0.928319573 7.737929344
0.935808718 0.012815757 0.352275103 5.069379807 0.018262381 0.996234238 -0.084756441 -0.810446322 -0.352034777 0.085749209 0.932050705 7.790071487
0.940219343 0.004629012 0.340538114 5.089825153 0.024980135 0.996277034 -0.082512297 -0.816644669 -0.339652210 0.086086348 0.936603189 7.842696190
0.944753349 0.003466065 0.327764064 5.108411312 0.026112309 0.995970249 -0.085798860 -0.822053432 -0.326740682 0.089617416 0.940855622 7.896611691
0.949571550 0.001273056 0.313547581 5.125459671 0.027376276 0.995836318 -0.086951703 -0.827183247 -0.312352717 0.091150634 0.945583045 7.947532177
0.953590393 0.001871113 0.301100820 5.141173840 0.025731638 0.995816290 -0.087680690 -0.832457662 -0.300005168 0.091359288 0.949552715 8.000802994
0.957632899 -0.000877761 0.287990719 5.155979156 0.027617924 0.995666325 -0.088801004 -0.838893294 -0.286664844 0.092992447 0.953507066 8.050425529
0.961623430 0.003919723 0.274344623 5.170104027 0.023383426 0.995089233 -0.096180230 -0.845006764 -0.273374319 0.098904289 0.956809521 8.102644920
0.965009332 0.011950002 0.261943191 5.182641506 0.016180715 0.994343400 -0.104972944 -0.851387501 -0.261715919 0.105538294 0.959357321 8.151936531
0.968685269 0.016430985 0.247747853 5.194712639 0.012052533 0.993520021 -0.113016620 -0.857753277 -0.247999400 0.112463519 0.962210178 8.201019287
0.971743226 0.016042061 0.235494569 5.206763268 0.011235277 0.993413389 -0.114033192 -0.864121974 -0.235772818 0.113456845 0.965162516 8.254076958
0.974435508 0.017926384 0.223950729 5.217644691 0.007237349 0.993789613 -0.111039534 -0.871036291 -0.224550471 0.109821685 0.968254209 8.305667877
0.976763189 0.019770676 0.213407621 5.228535175 0.003526473 0.994118690 -0.108238503 -0.878223538 -0.214292482 0.106475957 0.970948815 8.358045578
0.978568137 0.023936963 0.204527378 5.237891197 -0.000316624 0.993394673 -0.114747539 -0.885077000 -0.205923110 0.112223521 0.972111940 8.408174515
0.979848206 0.028445607 0.197707683 5.247204304 -0.004197150 0.992521167 -0.121999808 -0.891945004 -0.199699417 0.118711479 0.972639561 8.458485603
0.980559945 0.030346550 0.193858683 5.257423401 -0.005978869 0.992130458 -0.125065833 -0.898856878 -0.196128398 0.121475503 0.973024845 8.509741783
0.980435193 0.032325786 0.194169730 5.265635490 -0.008956271 0.992727697 -0.120047852 -0.905567408 -0.196638301 0.115960099 0.973594666 8.558150291
0.980171382 0.033102460 0.195366979 5.277122021 -0.010400232 0.993182659 -0.116103463 -0.912815928 -0.197878391 0.111769415 0.973833501 8.611358643
0.979774177 0.030434189 0.197778687 5.287582397 -0.007777082 0.993411362 -0.114339337 -0.919204831 -0.199955434 0.110488579 0.973555326 8.661141396
0.979219735 0.028149685 0.200839236 5.298294067 -0.005150643 0.993452430 -0.114129886 -0.926052570 -0.202736959 0.110723794 0.972953200 8.712039948
0.978321970 0.029217422 0.205017835 5.307868481 -0.005869385 0.993511558 -0.113578901 -0.932940125 -0.207006082 0.109913401 0.972145855 8.762653351
0.977475762 0.029504443 0.208975002 5.319034576 -0.006044863 0.993687510 -0.112020545 -0.939809203 -0.210960940 0.108234145 0.971483886 8.812664032
0.976193964 0.031892881 0.214541763 5.329324245 -0.007668053 0.993586898 -0.112811759 -0.945561290 -0.216763765 0.108481042 0.970178008 8.862318993
0.974857986 0.032658763 0.220420241 5.340108871 -0.008225406 0.993800938 -0.110868730 -0.951916814 -0.222674683 0.106268212 0.969083607 8.911360741
0.973873317 0.028542209 0.225290835 5.352525234 -0.004132482 0.994133174 -0.108083621 -0.959088206 -0.227054030 0.104328744 0.968277812 8.960705757
0.972583652 0.029929725 0.230619058 5.363610268 -0.004981047 0.994137108 -0.108012602 -0.965288877 -0.232499748 0.103902571 0.967030585 9.009955406
0.971303046 0.032759551 0.235578552 5.375118256 -0.006902186 0.993934333 -0.109758407 -0.970966816 -0.237745255 0.104982652 0.965637505 9.056904793
0.970399797 0.034040175 0.239093184 5.387263298 -0.007227579 0.993666649 -0.112135947 -0.977754116 -0.241396055 0.107088633 0.964499831 9.105923653
0.969793558 0.035070438 0.241393074 5.399422646 -0.007313726 0.993346155 -0.114934042 -0.983979046 -0.243817672 0.109696798 0.963597238 9.154847145
0.969652236 0.029671606 0.242681637 5.410148621 -0.001677665 0.993392467 -0.114754438 -0.990617216 -0.244483069 0.110864744 0.963294864 9.197635651
0.970250428 0.024574287 0.240853161 5.422688007 0.002811769 0.993624270 -0.112706542 -0.997312009 -0.242087245 0.110030800 0.963995278 9.243643761
0.970999897 0.023396119 0.237932414 5.434468746 0.002893724 0.993977308 -0.109547988 -1.003176212 -0.239062384 0.107059613 0.965084136 9.292489052
0.972676396 0.023892611 0.230933011 5.445131779 0.001695023 0.993933201 -0.109972879 -1.009168506 -0.232159480 0.107359454 0.966734648 9.339332581
0.975281715 0.019524261 0.220100760 5.454868317 0.004969812 0.993898511 -0.110186361 -1.015444636 -0.220909119 0.108556598 0.969234049 9.383971214
0.978492916 0.015332051 0.205709875 5.464463234 0.007563236 0.993896902 -0.110053286 -1.021720886 -0.206141755 0.109242186 0.972405195 9.430660248
0.981351197 0.016907368 0.191478476 5.472295761 0.004083519 0.994065821 -0.108703613 -1.026843190 -0.192180067 0.107458323 0.975458622 9.475091934
0.984234631 0.020851340 0.175634712 5.479163647 -0.002556705 0.994599938 -0.103751421 -1.032848120 -0.176849619 0.101666681 0.978972912 9.520258904
0.986988485 0.020003159 0.159541547 5.485826492 -0.004507729 0.995283842 -0.096901037 -1.038502455 -0.160727456 0.094921038 0.982423902 9.565949440
0.989474952 0.017701166 0.143617168 5.490968704 -0.004788494 0.995951772 -0.089762323 -1.043329120 -0.144624665 0.088129863 0.985554099 9.611638069
0.991956055 0.015855195 0.125585511 5.496746063 -0.005468317 0.996565759 -0.082624279 -1.048209667 -0.126464218 0.081272900 0.988636196 9.655667305
0.993849456 0.017517088 0.109346151 5.499948025 -0.009111633 0.996996999 -0.076901600 -1.052814364 -0.110364892 0.075432278 0.991024494 9.700340271
0.995693505 0.017368093 0.091064923 5.503845215 -0.010636865 0.997209847 -0.073887683 -1.057334542 -0.092094138 0.072600834 0.993100226 9.744483948
0.997218609 0.015046267 0.072996885 5.505973816 -0.009778578 0.997357309 -0.071991093 -1.061822414 -0.073887177 0.071077071 0.994730473 9.789210320
0.998312235 0.016240489 0.055760209 5.508038998 -0.012240632 0.997376978 -0.071339734 -1.065334439 -0.056772545 0.070536785 0.995892286 9.831094742
0.999016762 0.020151950 0.039490085 5.508845329 -0.017382041 0.997446418 -0.069271572 -1.069356918 -0.040785197 0.068517044 0.996815860 9.874995232
0.999399066 0.023290785 0.025672389 5.508190632 -0.021574812 0.997638702 -0.065203853 -1.073102832 -0.027130414 0.064610779 0.997541666 9.917124748
0.999713957 0.020128937 0.012913765 5.508469582 -0.019294582 0.997903883 -0.061769739 -1.076438189 -0.014130053 0.061502904 0.998006940 9.960095406
0.999855101 0.016927123 0.001815846 5.508535385 -0.016785732 0.998014808 -0.060700953 -1.080081224 -0.002839734 0.060661677 0.998154342 10.001982689
0.999734640 0.021547174 -0.008149365 5.507176399 -0.022020182 0.997753799 -0.063263461 -1.083901167 0.006767911 0.063426122 0.997963607 10.042774200
0.999498069 0.026438763 -0.017452879 5.505028725 -0.027591320 0.997201443 -0.069484212 -1.087918043 0.015566960 0.069930866 0.997430384 10.085212708
0.999352098 0.024003621 -0.026818492 5.503285885 -0.026066937 0.996498942 -0.079440176 -1.091068029 0.024817746 0.080087766 0.996478856 10.125588417
0.999177098 0.020353980 -0.035082426 5.501306534 -0.023334065 0.995957375 -0.086743400 -1.094935656 0.033175021 0.087490655 0.995612800 10.166403770
0.998950005 0.018177206 -0.042053815 5.499871731 -0.021683598 0.996188819 -0.084484644 -1.098102808 0.040357839 0.085307814 0.995536923 10.206867218
0.998597443 0.021977207 -0.048169557 5.497145176 -0.025588360 0.996803701 -0.075680621 -1.102436185 0.046352349 0.076807052 0.995967984 10.249021530
0.998318493 0.027212339 -0.051183194 5.492716789 -0.030486759 0.997463465 -0.064321466 -1.105841398 0.049303021 0.065773718 0.996615767 10.291105270
0.998207390 0.026956243 -0.053434942 5.490711689 -0.029929392 0.998002052 -0.055644471 -1.109674692 0.051828202 0.057143997 0.997019768 10.333041191
0.998259842 0.024006572 -0.053860195 5.487652779 -0.027007252 0.998082459 -0.055694502 -1.113442421 0.052419886 0.057052206 0.996994078 10.374239922
0.998230040 0.020697601 -0.055753566 5.485985756 -0.023943834 0.998017728 -0.058200415 -1.116836309 0.054438442 0.059432358 0.996746778 10.414339066
0.998240352 0.018391967 -0.056371976 5.482402802 -0.021749074 0.997989595 -0.059529837 -1.119088173 0.055163767 0.060651135 0.996633470 10.458086014
0.998087406 0.020928610 -0.058167495 5.479634285 -0.024273805 0.998055518 -0.057411171 -1.121116877 0.056852851 0.058713309 0.996654630 10.498491287
0.997900307 0.022219177 -0.060837246 5.476351261 -0.025507737 0.998224616 -0.053823140 -1.123845816 0.059533335 0.055261951 0.996695518 10.543411255
0.997703731 0.020271821 -0.064623922 5.473494053 -0.023354011 0.998607635 -0.047301196 -1.128286839 0.063575059 0.048701808 0.996788085 10.584692001
0.997453332 0.019615592 -0.068570830 5.469954014 -0.022728549 0.998732150 -0.044916224 -1.130738616 0.067602836 0.046360359 0.996634543 10.628885269
0.997028291 0.019136529 -0.074621990 5.465853691 -0.022481307 0.998767793 -0.044243664 -1.132260323 0.073683359 0.045789782 0.996229947 10.671220779
0.996381342 0.017366948 -0.083202064 5.462465763 -0.020795396 0.998962343 -0.040518373 -1.135505915 0.082412034 0.042101979 0.995708644 10.715359688
0.995584011 0.015696006 -0.092553109 5.457329750 -0.019439910 0.999022901 -0.039689556 -1.137663364 0.091839708 0.041313503 0.994916439 10.757620811
0.994369149 0.017220695 -0.104563974 5.452255726 -0.021540372 0.998954415 -0.040323544 -1.141217709 0.103760265 0.042348836 0.993700325 10.802086830
0.993046582 0.018231163 -0.116301969 5.445541859 -0.023471294 0.998762488 -0.043846965 -1.143306255 0.115358658 0.046271838 0.992245555 10.845379829
0.991486609 0.018802587 -0.128843471 5.439850330 -0.024896571 0.998637974 -0.045851301 -1.146497965 0.127805874 0.048668716 0.990604341 10.888841629
0.989831746 0.017390309 -0.141175747 5.432708263 -0.024191895 0.998620510 -0.046605684 -1.148638844 0.140170455 0.049547095 0.988887012 10.932613373
0.988040268 0.017327210 -0.153219715 5.425983906 -0.024248712 0.998762548 -0.043420870 -1.151368380 0.152277723 0.046616942 0.987237751 10.975758553
0.986136556 0.018868722 -0.164859310 5.417453289 -0.026007691 0.998810172 -0.041252501 -1.154302359 0.163884759 0.044968214 0.985454023 11.020328522
0.984026909 0.020843390 -0.176795378 5.408498764 -0.028269906 0.998815894 -0.039591741 -1.156401277 0.175760821 0.043957315 0.983451009 11.065397263
0.982074857 0.025322367 -0.186782673 5.398893356 -0.032762911 0.998783350 -0.036856078 -1.158203483 0.185622141 0.042314969 0.981709659 11.109943390
0.980568051 0.028773967 -0.194057509 5.388878822 -0.036356140 0.998703778 -0.035623476 -1.161059260 0.192780927 0.041986424 0.980343103 11.154729843
0.979682803 0.029521775 -0.198368534 5.378601551 -0.036652111 0.998803735 -0.032368969 -1.163649559 0.197175607 0.038981944 0.979592800 11.201014519
0.979263425 0.027807817 -0.200673625 5.369331360 -0.034476750 0.998960674 -0.029814137 -1.165353656 0.199635968 0.036114458 0.979204476 11.246275902
0.979422152 0.023228539 -0.200481221 5.359471798 -0.030184995 0.999041200 -0.031711660 -1.168015599 0.199552372 0.037110623 0.979184270 11.292622566
0.979648829 0.021571606 -0.199556455 5.349705219 -0.028730238 0.999040782 -0.033046439 -1.170283198 0.198652178 0.038107201 0.979328930 11.339574814
0.979964793 0.018412344 -0.198317513 5.339625359 -0.026217623 0.998978496 -0.036803674 -1.171539664 0.197437271 0.041265722 0.979446590 11.385789871
0.979969501 0.014100621 -0.198647797 5.330793858 -0.021603908 0.999130607 -0.035655126 -1.174222112 0.197972327 0.039232507 0.979422092 11.434000969
0.980025947 0.012188248 -0.198495761 5.321868896 -0.018736729 0.999339283 -0.031145683 -1.176619887 0.197985023 0.034242745 0.979606688 11.482391357
0.980375409 0.012788932 -0.196724072 5.312131882 -0.018576948 0.999446273 -0.027604833 -1.179142594 0.196262151 0.030717630 0.980070174 11.528359413
0.980552137 0.010146237 -0.195996478 5.303531647 -0.015324592 0.999571919 -0.024922222 -1.181550026 0.195659712 0.027441105 0.980287850 11.576548576
0.981089473 0.014283778 -0.193026945 5.292541027 -0.019595629 0.999479234 -0.025637487 -1.182761431 0.192560211 0.028935153 0.980858445 11.623967171
0.981593311 0.014946030 -0.190397397 5.282539845 -0.019977920 0.999499381 -0.024536287 -1.184676409 0.189935371 0.027888400 0.981400311 11.671098709
0.981895804 0.015587438 -0.188779354 5.272563934 -0.020889826 0.999440372 -0.026130617 -1.186564803 0.188266367 0.029601114 0.981671810 11.719609261
0.981802404 0.014733723 -0.189333156 5.264137745 -0.020732911 0.999342501 -0.029744316 -1.189249277 0.188770413 0.033128466 0.981462240 11.768810272
0.982195973 0.013609855 -0.187366024 5.254234314 -0.020791059 0.999120414 -0.036415402 -1.191354990 0.186705634 0.039662596 0.981614947 11.815526962
0.982158124 0.013684708 -0.187558040 5.246081352 -0.021152655 0.999058604 -0.037873223 -1.194092989 0.186863199 0.041164845 0.981523097 11.862737656
0.982611537 0.016526716 -0.184936792 5.235478401 -0.023460878 0.999098837 -0.035369374 -1.196088314 0.184185594 0.039093126 0.982113719 11.912852287
0.982783794 0.018882297 -0.183791995 5.226989746 -0.025168562 0.999173105 -0.031930506 -1.198249459 0.183037132 0.036006562 0.982446373 11.959202766
0.983330429 0.024667164 -0.180146575 5.215717316 -0.030471664 0.999099612 -0.029524688 -1.202697277 0.179256067 0.034521896 0.983196557 12.010539055
0.984097004 0.026992302 -0.175569043 5.207265854 -0.032540433 0.999055505 -0.028798575 -1.205004811 0.174625844 0.034053691 0.984045804 12.058031082
0.985423148 0.027277064 -0.167920128 5.197931290 -0.032412689 0.999084532 -0.027918752 -1.207024932 0.167004868 0.032954529 0.985405207 12.107779503
0.987114608 0.025527818 -0.157965705 5.189481735 -0.030513849 0.999107122 -0.029219266 -1.208723426 0.157078728 0.033662904 0.987012267 12.157025337
0.988672078 0.024073359 -0.148149565 5.182734013 -0.028800992 0.999139428 -0.029848844 -1.212836146 0.147303477 0.033777565 0.988514543 12.204832077
0.990298271 0.023793699 -0.136905819 5.175786972 -0.028629838 0.999029756 -0.033464380 -1.215080261 0.135976732 0.037059311 0.990018725 12.253654480
0.991857708 0.026356529 -0.124593720 5.169170380 -0.030772217 0.998959839 -0.033649728 -1.216780663 0.123577237 0.037209772 0.991636992 12.302257538
0.993303061 0.020325923 -0.113735862 5.164166451 -0.023647035 0.999330223 -0.027927538 -1.218995571 0.113092028 0.030430028 0.993118346 12.350908279
0.994416773 0.017311821 -0.104095109 5.159073830 -0.019535409 0.999601424 -0.020379605 -1.221352100 0.103700824 0.022299359 0.994358540 12.400175095
0.995324254 0.017341102 -0.095020488 5.153273582 -0.018890601 0.999702454 -0.015431719 -1.223178148 0.094724610 0.017154559 0.995355725 12.448841095
0.995464146 0.024074795 -0.092040032 5.149142742 -0.025261968 0.999611855 -0.011755092 -1.225392818 0.091721296 0.014026886 0.995685875 12.497756004
0.995717883 0.022767777 -0.089595616 5.144770622 -0.023780931 0.999664545 -0.010256722 -1.226924539 0.089332052 0.012343471 0.995925367 12.547084808
0.995864749 0.022219993 -0.088089228 5.140206337 -0.023181152 0.999682248 -0.009903171 -1.228055239 0.087841183 0.011904228 0.996063352 12.595870972
0.995909154 0.021238213 -0.087829322 5.135965347 -0.022425767 0.999669671 -0.012556464 -1.229108810 0.087533638 0.014474737 0.996056378 12.644230843
0.995962024 0.025542377 -0.086065441 5.130074501 -0.026807064 0.999548495 -0.013570699 -1.230461121 0.085679971 0.015823063 0.996197045 12.694409370
0.996040046 0.026917629 -0.084732994 5.123682022 -0.028156869 0.999512851 -0.013464086 -1.231355786 0.084329307 0.015796585 0.996312737 12.741484642
0.995713472 0.029062750 -0.087806195 5.119888306 -0.030117208 0.999488950 -0.010707753 -1.233670592 0.087450132 0.013306332 0.996079981 12.793794632
0.995597243 0.026339637 -0.089957647 5.116176605 -0.027258333 0.999587834 -0.008999065 -1.235444427 0.089683540 0.011411538 0.995904982 12.843645096
0.995559752 0.024482546 -0.090891935 5.110210419 -0.025499228 0.999624431 -0.010041143 -1.235705495 0.090611979 0.012314233 0.995810151 12.894305229
0.995343149 0.024368502 -0.093262844 5.104548931 -0.025218518 0.999650419 -0.007946392 -1.237462521 0.093036592 0.010261336 0.995609879 12.945001602
0.994816005 0.026237302 -0.098248459 5.099578381 -0.026982510 0.999616206 -0.006263674 -1.238597274 0.098046429 0.008882192 0.995142221 12.995042801
0.994212627 0.028584315 -0.103558049 5.093389034 -0.028886311 0.999581754 -0.001417325 -1.239702106 0.103474215 0.004400532 0.994622469 13.045764923
0.993525922 0.030006876 -0.109571986 5.088070869 -0.029754186 0.999549448 0.003940876 -1.240984559 0.109640859 -0.000655138 0.993971050 13.096240997
0.993045807 0.032014456 -0.113292150 5.081313133 -0.031789053 0.999487400 0.003796013 -1.241413474 0.113355599 -0.000168165 0.993554473 13.147899628
0.992349505 0.038265038 -0.117380798 5.073071957 -0.038399220 0.999261856 0.001118907 -1.242480755 0.117336959 0.003396983 0.993086338 13.194888115
0.991594970 0.043291189 -0.121922769 5.066472054 -0.044063076 0.999022126 -0.003640560 -1.242750645 0.121645942 0.008982255 0.992532909 13.248115540
