0.999998569 0.000967796 0.001400651 -0.000844521 -0.000968225 0.999999404 0.000305532 -0.000490138 -0.001400354 -0.000306887 0.999998927 0.028505508
0.999970794 -0.002970790 -0.007044081 0.002246055 0.002940441 0.999986351 -0.004314783 0.000139998 0.007056803 0.004293944 0.999965847 0.037483312
0.999872148 -0.000637086 -0.015977629 0.005222113 0.000585928 0.999994695 -0.003206353 0.000218968 0.015979588 0.003196581 0.999867141 0.043900099
0.999661267 -0.002145709 -0.025939159 0.008367724 0.001991758 0.999980271 -0.005959481 0.001145556 0.025951434 0.005905797 0.999645829 0.049440399
0.999358356 0.000953637 -0.035804063 0.012219820 -0.001169156 0.999981344 -0.005998945 0.001073456 0.035797674 0.006036955 0.999340832 0.058304943
0.999012947 0.001697965 -0.044384286 0.014700128 -0.002074835 0.999962211 -0.008446358 0.001456753 0.044368263 0.008530113 0.998978794 0.065733477
0.998632371 0.004195877 -0.052113499 0.017300095 -0.004785682 0.999925852 -0.011198062 0.002299953 0.052062653 0.011432146 0.998578370 0.072849728
0.998611391 0.004234201 -0.052510250 0.017178483 -0.004589250 0.999967515 -0.006642779 0.001258136 0.052480415 0.006874538 0.998598278 0.076384120
0.998697579 -0.000236288 -0.051023040 0.016452823 0.000213503 0.999999821 -0.000451997 -0.000215528 0.051023148 0.000440515 0.998697400 0.079846717
0.998313546 0.000500953 -0.058051918 0.018477071 -0.000709295 0.999993324 -0.003568345 0.000423945 0.058049742 0.003603503 0.998307228 0.086361945
0.998112440 -0.000676086 -0.061408475 0.019343190 0.000515149 0.999996364 -0.002636562 0.000028506 0.061410043 0.002599951 0.998109281 0.091009267
0.997938454 -0.001133982 -0.064168222 0.019735072 0.000875867 0.999991417 -0.004050469 0.000574404 0.064172268 0.003985916 0.997930884 0.096741319
0.997772932 0.000661188 -0.066697694 0.020364810 -0.000989619 0.999987662 -0.004891263 0.000831212 0.066693634 0.004946376 0.997761190 0.101448454
0.997414768 -0.000868575 -0.071855307 0.021627858 0.000676590 0.999996126 -0.002696139 0.000310634 0.071857393 0.002640552 0.997411430 0.107661843
0.997367144 0.000893337 -0.072511286 0.021729346 -0.001245930 0.999987543 -0.004817510 0.000636182 0.072506085 0.004895171 0.997355998 0.111558467
0.997163117 0.002183551 -0.075237960 0.022236060 -0.002578537 0.999983370 -0.005153087 0.000948207 0.075225472 0.005332474 0.997152328 0.116605453
0.997347891 0.001674992 -0.072762430 0.021272399 -0.001818813 0.999996543 -0.001910375 0.000558859 0.072758988 0.002037650 0.997347414 0.120488510
0.997078478 0.002802424 -0.076333217 0.022171557 -0.003022875 0.999991655 -0.002772621 0.000834085 0.076324821 0.002995267 0.997078478 0.125546053
0.996859848 0.003513077 -0.079107538 0.022839926 -0.003933197 0.999978960 -0.005155550 0.000920986 0.079087771 0.005450507 0.996852696 0.130671918
0.996684492 0.003079659 -0.081304960 0.023225799 -0.003706960 0.999964535 -0.007565589 0.000866572 0.081278764 0.007841900 0.996660531 0.135111779
0.996540606 0.002097303 -0.083080068 0.023619564 -0.002814205 0.999959826 -0.008512893 0.000795474 0.083058871 0.008717248 0.996506453 0.139866710
0.996380925 0.002781534 -0.084954947 0.023708951 -0.003354512 0.999972701 -0.006602501 0.000910159 0.084934264 0.006863589 0.996362925 0.144996881
0.996175647 0.001324397 -0.087363884 0.024056755 -0.001751913 0.999986887 -0.004817026 0.000918949 0.087356366 0.004951658 0.996164799 0.149276510
0.996096730 0.001354656 -0.088258557 0.023961613 -0.001865016 0.999982059 -0.005700354 0.000968816 0.088249259 0.005842709 0.996081352 0.153095335
0.995613158 0.002257869 -0.093539320 0.025111482 -0.003000809 0.999965012 -0.007802648 0.001213449 0.093518421 0.008049111 0.995585024 0.158844888
0.995392501 0.002713705 -0.095845640 0.025464807 -0.003628474 0.999949455 -0.009371197 0.001341003 0.095815368 0.009675792 0.995352089 0.163137019
0.995197117 0.002389922 -0.097863242 0.025647920 -0.003357826 0.999947071 -0.009726871 0.001403246 0.097834818 0.010008762 0.995152354 0.167233527
0.995035768 0.002165861 -0.099494383 0.025813177 -0.003052608 0.999956965 -0.008761168 0.001417643 0.099471115 0.009021389 0.994999528 0.171599537
0.994673431 0.003116737 -0.103029974 0.026202949 -0.004024399 0.999954879 -0.008602999 0.001511233 0.102998503 0.008971807 0.994641066 0.175614566
0.994587779 0.002180096 -0.103877276 0.026263069 -0.003065450 0.999960303 -0.008364198 0.001422888 0.103854910 0.008637357 0.994554877 0.179598898
0.994467258 0.002235646 -0.105023563 0.026089642 -0.003133093 0.999959946 -0.008380996 0.001430969 0.105000615 0.008663672 0.994434416 0.182864159
0.994311333 0.002033238 -0.106494159 0.025871171 -0.002849010 0.999967694 -0.007508684 0.001365843 0.106475458 0.007769369 0.994284987 0.186198547
0.993953407 0.005359085 -0.109672077 0.026169809 -0.006214099 0.999952912 -0.007455791 0.001388462 0.109626941 0.008092220 0.993939877 0.190071851
0.993672132 0.006955099 -0.112104461 0.026215920 -0.007846680 0.999941051 -0.007513867 0.001389720 0.112045586 0.008345968 0.993668020 0.193622395
0.993024468 0.007803340 -0.117650166 0.026877789 -0.008828243 0.999927521 -0.008192838 0.001251015 0.117577687 0.009174331 0.993021309 0.198220938
0.992826104 0.005123226 -0.119457811 0.026677916 -0.006270863 0.999937773 -0.009233136 0.001365239 0.119403072 0.009916000 0.992796421 0.202073053
0.992838442 0.004239747 -0.119389303 0.026265094 -0.005437592 0.999938071 -0.009709137 0.001234113 0.119340762 0.010288795 0.992800057 0.204571381
0.992263675 0.003727044 -0.124091715 0.026719142 -0.004891478 0.999946773 -0.009080308 0.001267365 0.124051265 0.009617052 0.992229223 0.208683088
0.991977096 0.004238577 -0.126347110 0.026676500 -0.005356788 0.999949396 -0.008511868 0.001340044 0.126304656 0.009120392 0.991949618 0.211992264
0.991479635 0.004310397 -0.130190194 0.026987158 -0.005773868 0.999924183 -0.010865660 0.001548573 0.130133525 0.011524783 0.991429448 0.215781167
0.991270483 0.004154431 -0.131778449 0.026684681 -0.005522161 0.999934554 -0.010015264 0.001234900 0.131728217 0.010655536 0.991228580 0.219312534
0.991134405 0.004927969 -0.132771328 0.026453359 -0.006325303 0.999928951 -0.010104643 0.001189562 0.132712126 0.010854879 0.991095126 0.222418547
0.991220653 0.006050440 -0.132079273 0.025855225 -0.007387906 0.999926209 -0.009638545 0.001134042 0.132011190 0.010529713 0.991192281 0.225139126
0.990800202 0.005826807 -0.135207355 0.026075460 -0.007202561 0.999927163 -0.009688199 0.001149913 0.135141045 0.010572908 0.990769982 0.228697240
0.990105569 0.006160326 -0.140189067 0.026503671 -0.007686526 0.999917030 -0.010347876 0.001243044 0.140113682 0.011323059 0.990070641 0.232164219
0.989663661 0.007852463 -0.143192723 0.026603412 -0.009551100 0.999891937 -0.011179073 0.001296107 0.143089488 0.012431171 0.989631712 0.235683009
0.989846230 0.008401257 -0.141893640 0.026258621 -0.010228836 0.999873817 -0.012155432 0.001173093 0.141773596 0.013483418 0.989807308 0.238372043
0.989644289 0.007939781 -0.143321484 0.025999051 -0.009850514 0.999871731 -0.012627155 0.001274491 0.143202871 0.013908183 0.989595652 0.241017535
0.989615023 0.007596472 -0.143542498 0.025605328 -0.009138186 0.999907374 -0.010084242 0.001090395 0.143452585 0.011291237 0.989592850 0.243557632
0.989926577 0.008289577 -0.141338423 0.024776328 -0.009630986 0.999914825 -0.008809366 0.000947040 0.141253382 0.010081853 0.989922166 0.245585740
0.989969790 0.008527215 -0.141021743 0.024235025 -0.010164811 0.999888957 -0.010896108 0.000959247 0.140913174 0.012220277 0.989946544 0.247812629
0.990550101 0.008841675 -0.136866540 0.023279548 -0.010742914 0.999855697 -0.013158755 0.000889339 0.136730447 0.014504751 0.990502059 0.249835640
0.990244031 0.007389603 -0.139147401 0.023351222 -0.009359711 0.999864876 -0.013509372 0.000758497 0.139028788 0.014679956 0.990179479 0.253099114
0.990016639 0.008186221 -0.140712515 0.023123369 -0.010284136 0.999846458 -0.014188509 0.000790598 0.140574738 0.015493967 0.989948809 0.255644679
0.990343332 0.007589281 -0.138428345 0.022395525 -0.009366704 0.999881685 -0.012193104 0.000617419 0.138319448 0.013371975 0.990297318 0.258047938
0.990629375 0.007903485 -0.136348799 0.021625772 -0.009642151 0.999880314 -0.012095883 0.000635589 0.136236906 0.013297231 0.990586996 0.260221750
0.989954948 0.006481714 -0.141235083 0.022095639 -0.008206993 0.999898612 -0.011636595 0.000623791 0.141145363 0.012678820 0.989907682 0.264012635
0.989810646 0.007951330 -0.142167538 0.021758068 -0.009833420 0.999872983 -0.012540862 0.000591465 0.142049760 0.013811072 0.989763141 0.266719282
0.989858866 0.007430360 -0.141859785 0.021290623 -0.009415806 0.999866784 -0.013329713 0.000539482 0.141741857 0.014530258 0.989796996 0.269292116
0.990110815 0.009006742 -0.139998212 0.020670835 -0.010858241 0.999863327 -0.012466948 0.000417119 0.139866799 0.013863793 0.990073204 0.271549135
0.990592897 0.009659170 -0.136500865 0.019538574 -0.011547714 0.999848127 -0.013050306 0.000515686 0.136354074 0.014503811 0.990553975 0.273373395
0.991055965 0.010236269 -0.133053645 0.018561486 -0.012047301 0.999845386 -0.012813363 0.000375061 0.132901892 0.014301698 0.991025984 0.275867939
0.990894020 0.010177232 -0.134259716 0.018243007 -0.011616154 0.999883175 -0.009938444 0.000011383 0.134142891 0.011407526 0.990896285 0.278031379
0.990547180 0.010169085 -0.136795267 0.018220559 -0.012016146 0.999847412 -0.012683371 0.000134376 0.136645392 0.014207227 0.990518093 0.281274736
0.990770221 0.011282257 -0.135082692 0.017541435 -0.013153733 0.999829412 -0.012969776 0.000138908 0.134913296 0.014626906 0.990749419 0.283419997
0.990397036 0.010415027 -0.137859657 0.017741188 -0.012187016 0.999853671 -0.012015725 0.000048567 0.137714326 0.013580438 0.990378857 0.286495030
0.990353405 0.009216533 -0.138258010 0.017370470 -0.010969303 0.999868870 -0.011920935 0.000005110 0.138129994 0.013322533 0.990324438 0.289050341
0.990208864 0.009127954 -0.139295071 0.016916383 -0.011044283 0.999854684 -0.012990559 -0.000030526 0.139156252 0.014401780 0.990165651 0.291669428
0.990052104 0.008307933 -0.140455961 0.016686793 -0.010454393 0.999839485 -0.014551146 -0.000155547 0.140312523 0.015874771 0.989979923 0.294535071
0.989780724 0.007436458 -0.142403796 0.016549595 -0.009598687 0.999848783 -0.014502864 -0.000135079 0.142274410 0.015721543 0.989702344 0.297509462
0.989593685 0.007789861 -0.143679187 0.016256914 -0.009564920 0.999886215 -0.011667743 -0.000486602 0.143571943 0.012920603 0.989555538 0.299975514
0.989871144 0.009293221 -0.141664043 0.015502818 -0.011082975 0.999868393 -0.011850002 -0.000383747 0.141535252 0.013300036 0.989843786 0.302393585
0.989863515 0.008633055 -0.141759008 0.015230052 -0.010389900 0.999877989 -0.011657653 -0.000436553 0.141641110 0.013012348 0.989832520 0.305293441
0.989703536 0.009220296 -0.142834738 0.014829554 -0.010895093 0.999880672 -0.010947724 -0.000455758 0.142716736 0.012391199 0.989686012 0.307624131
0.989750624 0.008357975 -0.142561182 0.014350548 -0.009996246 0.999891937 -0.010779356 -0.000624931 0.142455682 0.012093951 0.989727259 0.310365140
0.989781022 0.009368042 -0.142287746 0.013824970 -0.011362509 0.999848247 -0.013211076 -0.000546228 0.142142355 0.014692817 0.989737153 0.313035369
0.989630520 0.008670639 -0.143374085 0.013454475 -0.010623633 0.999860883 -0.012861721 -0.000652257 0.143242598 0.014251507 0.989584923 0.315401584
0.989291847 0.009647432 -0.145631492 0.013245471 -0.011646083 0.999849260 -0.012877692 -0.000726474 0.145485312 0.014435833 0.989255071 0.318240553
0.989345431 0.009645832 -0.145266950 0.012843587 -0.011441941 0.999867976 -0.011533740 -0.000886927 0.145136535 0.013072991 0.989325166 0.320693940
0.989520073 0.009781295 -0.144063562 0.012651239 -0.011652988 0.999858201 -0.012154056 -0.000804028 0.143924281 0.013705454 0.989493787 0.322923422
0.989323258 0.011842542 -0.145255193 0.012265176 -0.013734229 0.999833405 -0.012027272 -0.000925900 0.145088568 0.013893830 0.989321113 0.325780660
0.989499986 0.012006615 -0.144033238 0.012049913 -0.013826232 0.999836564 -0.011638999 -0.001033035 0.143869966 0.013508227 0.989504337 0.327129990
0.989910126 0.010945510 -0.141273156 0.011882979 -0.012699935 0.999852955 -0.011523013 -0.001141696 0.141126260 0.013200909 0.989903510 0.328552157
0.990232289 0.011601874 -0.138943985 0.011672176 -0.013507552 0.999827087 -0.012780284 -0.001006656 0.138771713 0.014532241 0.990217745 0.330745280
0.990409732 0.010725140 -0.137744352 0.011725631 -0.012468086 0.999852598 -0.011796885 -0.001041163 0.137597531 0.013401156 0.990397573 0.333149284
0.990556896 0.009877886 -0.136746153 0.011243407 -0.011500857 0.999872327 -0.011083497 -0.001077915 0.136619240 0.012551531 0.990544081 0.334767014
0.990220308 0.009533393 -0.139186919 0.011424165 -0.011028725 0.999889433 -0.009975989 -0.001213839 0.139076412 0.011413483 0.990215898 0.337193608
0.990426004 0.009350396 -0.137728468 0.011416119 -0.011036006 0.999873221 -0.011480086 -0.001182753 0.137603670 0.012890146 0.990403533 0.339532644
0.990318835 0.009117974 -0.138512149 0.011313796 -0.010996917 0.999857485 -0.012805938 -0.001285116 0.138375670 0.014205168 0.990277886 0.341647804
0.990541637 0.009964776 -0.136850014 0.010663010 -0.011752662 0.999855697 -0.012262786 -0.001387659 0.136708036 0.013755152 0.990515888 0.344486594
0.990541220 0.007453616 -0.137012839 0.009759672 -0.009338439 0.999870300 -0.013118901 -0.001415083 0.136897281 0.014274298 0.990482390 0.348092169
0.989995718 0.008003736 -0.140869483 0.009808946 -0.010106999 0.999847770 -0.014221470 -0.001268135 0.140734181 0.015502963 0.989926040 0.351717681
0.990321279 0.007748714 -0.138577208 0.009117506 -0.009560592 0.999877274 -0.012413976 -0.001639929 0.138464004 0.013618705 0.990273833 0.353449136
0.989622295 0.008284106 -0.143454075 0.010426205 -0.010248946 0.999863505 -0.012963103 -0.001695029 0.143327072 0.014298830 0.989572048 0.354202509
0.989267766 0.008238697 -0.145881236 0.011256926 -0.010369706 0.999850273 -0.013853405 -0.001418480 0.145745233 0.015217473 0.989205062 0.355472982
0.989447057 0.012102310 -0.144387856 0.010765035 -0.014214723 0.999806345 -0.013607463 -0.002013613 0.144195199 0.015516299 0.989427567 0.357295930
0.988965094 0.010880467 -0.147748321 0.011334285 -0.013075371 0.999818027 -0.013892533 -0.001814151 0.147570297 0.015671095 0.988927364 0.358832628
0.989585757 0.010064533 -0.143592298 0.009395104 -0.012029469 0.999845445 -0.012822489 -0.001554974 0.143441081 0.014416292 0.989553809 0.361562699
0.989841163 0.009918622 -0.141831443 0.007768735 -0.011735143 0.999859393 -0.011976887 -0.001643075 0.141692683 0.013519626 0.989818394 0.365244448
0.989384890 0.009189571 -0.145027503 0.007992420 -0.011050431 0.999866605 -0.012030704 -0.001683902 0.144897580 0.013505614 0.989354491 0.367008746
0.989189088 0.009139215 -0.146360949 0.008722987 -0.011003868 0.999868214 -0.011935513 -0.001691217 0.146232575 0.013417015 0.989159226 0.367872298
0.989030063 0.007433531 -0.147527412 0.008838348 -0.009566526 0.999859631 -0.013754004 -0.001561429 0.147404462 0.015014448 0.988962293 0.369303912
0.988629043 0.007149097 -0.150205225 0.009222187 -0.009553590 0.999837458 -0.015292548 -0.001524501 0.150071472 0.016553655 0.988536537 0.371510506
0.988428235 0.008660734 -0.151441753 0.009088598 -0.010766879 0.999856353 -0.013092798 -0.002146999 0.151306570 0.014571845 0.988379538 0.373191059
0.988250256 0.006717095 -0.152696744 0.008859251 -0.009206153 0.999835849 -0.015599468 -0.001859498 0.152566910 0.016821930 0.988149941 0.375163198
0.988192499 0.007170814 -0.153049558 0.008578066 -0.009615503 0.999837518 -0.015238968 -0.002065836 0.152915418 0.016530685 0.988101006 0.377007872
0.987882555 0.008521297 -0.154969275 0.008809470 -0.010908916 0.999834299 -0.014563138 -0.002054438 0.154819518 0.016077217 0.987811983 0.378902137
0.987596810 0.010610812 -0.156652331 0.008743946 -0.013019550 0.999812007 -0.014358207 -0.002142240 0.156470567 0.016219661 0.987549424 0.380965233
0.987388194 0.011460997 -0.157902747 0.008599050 -0.014036140 0.999785781 -0.015202869 -0.002191952 0.157694712 0.017227482 0.987337649 0.383298278
0.987190187 0.009201405 -0.159282565 0.008477382 -0.011871782 0.999804318 -0.015821574 -0.002301164 0.159105808 0.017509868 0.987106204 0.385097206
0.986970723 0.006835779 -0.160754770 0.008410096 -0.009753214 0.999801636 -0.017366286 -0.002203519 0.160604164 0.018707896 0.986841559 0.386927575
0.986667693 0.006520819 -0.162616938 0.008544337 -0.009530341 0.999797344 -0.017733589 -0.002246721 0.162468329 0.019046957 0.986529827 0.388871729
0.986638367 0.007410971 -0.162756920 0.008384369 -0.010041730 0.999831736 -0.015346995 -0.002343812 0.162615806 0.016776294 0.986546814 0.390939116
0.986724675 0.009075463 -0.162148669 0.008303113 -0.011523795 0.999833226 -0.014165163 -0.002375824 0.161993071 0.015845682 0.986664653 0.392933488
0.986692011 0.010967147 -0.162230909 0.008154787 -0.013652919 0.999787450 -0.015449639 -0.002457934 0.162026986 0.017458962 0.986631811 0.394770145
0.986353278 0.011467921 -0.164243132 0.008510306 -0.014541252 0.999740720 -0.017521974 -0.002484408 0.163999602 0.019671157 0.986264229 0.396921217
0.986299872 0.009517505 -0.164687634 0.008224577 -0.012487443 0.999777496 -0.017007815 -0.002529569 0.164489061 0.018831333 0.986199081 0.398652196
0.985931337 0.007032800 -0.167002782 0.008250438 -0.009705910 0.999837458 -0.015195569 -0.002549580 0.166868806 0.016602702 0.985839248 0.400892824
0.985576630 0.004021102 -0.169182226 0.008401729 -0.006519825 0.999877691 -0.014216483 -0.002605614 0.169104367 0.015114474 0.985482275 0.402722329
0.985101938 0.002737558 -0.171949282 0.008570299 -0.005603211 0.999853313 -0.016182551 -0.002634363 0.171879768 0.016904930 0.984972894 0.404977530
0.985192657 0.003771164 -0.171409324 0.008382469 -0.006880804 0.999822319 -0.017551117 -0.002693108 0.171312690 0.018470664 0.985043526 0.406368703
0.985145092 0.002194267 -0.171709999 0.008109421 -0.005670130 0.999788821 -0.019754803 -0.002731575 0.171630368 0.020434964 0.984949470 0.408229947
0.984982073 0.000369449 -0.172655806 0.007879175 -0.003952572 0.999783933 -0.020409647 -0.002831539 0.172610939 0.020785570 0.984770715 0.409988731
0.984484971 0.000266884 -0.175468251 0.007709965 -0.003732400 0.999804437 -0.019420372 -0.002967957 0.175428778 0.019773986 0.984293461 0.411065549
0.984261334 0.001711409 -0.176710784 0.007443890 -0.004946577 0.999828100 -0.017868798 -0.002917388 0.176649809 0.018461686 0.984100580 0.412932038
0.984228909 0.001878079 -0.176889613 0.006842688 -0.005135155 0.999825537 -0.017957050 -0.003018148 0.176825017 0.018582206 0.984066844 0.413701534
0.984079301 0.002834562 -0.177706927 0.006633788 -0.006275048 0.999803483 -0.018801410 -0.002893446 0.177618727 0.019617198 0.983903766 0.414040446
0.984054923 0.002849701 -0.177842170 0.006446935 -0.006284155 0.999804437 -0.018751511 -0.002870111 0.177753940 0.019570109 0.983880341 0.414290100
0.983859360 0.003395324 -0.178911448 0.006540820 -0.006961796 0.999789238 -0.019310212 -0.002937651 0.178808182 0.020244082 0.983675599 0.416175961
0.983412564 0.003281921 -0.181352824 0.006698653 -0.006874717 0.999792218 -0.019186048 -0.003098352 0.181252182 0.020114554 0.983230889 0.418041468
0.983434677 0.003077143 -0.181236789 0.006248221 -0.006816756 0.999776423 -0.020014582 -0.003189726 0.181134656 0.020918485 0.983235776 0.419093281
0.983558059 0.003858633 -0.180551112 0.005119815 -0.007489029 0.999783158 -0.019429941 -0.003121053 0.180436999 0.020462627 0.983373642 0.419834912
0.983753085 0.004366447 -0.179473326 0.004450142 -0.007771585 0.999802887 -0.018274220 -0.003202102 0.179358155 0.019372111 0.983593047 0.420493245
0.983754694 0.005214526 -0.179441944 0.004138201 -0.008573755 0.999802172 -0.017949970 -0.003255477 0.179312855 0.019196859 0.983604729 0.421416551
0.984076142 0.006691081 -0.177621529 0.003678329 -0.010019646 0.999790490 -0.017849278 -0.003427529 0.177464873 0.019344756 0.983936965 0.422058493
0.984223664 0.008206261 -0.176738158 0.003354892 -0.011776764 0.999746978 -0.019162726 -0.003374804 0.176536188 0.020941813 0.984071314 0.423220158
0.984242201 0.007728760 -0.176656678 0.003340147 -0.011382371 0.999741554 -0.019677971 -0.003421872 0.176458925 0.021378659 0.984075785 0.424915254
0.984395087 0.007208770 -0.175824776 0.003003664 -0.010804303 0.999751449 -0.019500803 -0.003430301 0.175640494 0.021096159 0.984228313 0.425703853
0.984614670 0.005054879 -0.174666673 0.002672665 -0.008555912 0.999777138 -0.019296898 -0.003547240 0.174530223 0.020494444 0.984438479 0.426739722
0.984893918 0.005329933 -0.173076853 0.002007104 -0.008700698 0.999786854 -0.018722691 -0.003643531 0.172940165 0.019945754 0.984730303 0.427615017
0.985081553 0.005153954 -0.172011182 0.001673043 -0.008365325 0.999803901 -0.017949902 -0.003643368 0.171884939 0.019121047 0.984931350 0.428044856
0.985321522 0.005898274 -0.170607135 0.001247391 -0.009077389 0.999799311 -0.017860061 -0.003733873 0.170467570 0.019146571 0.985177279 0.428618312
0.985397458 0.006099478 -0.170161188 0.001064271 -0.009544982 0.999765456 -0.019437749 -0.003722847 0.170002729 0.020778092 0.985224485 0.428843766
0.985469341 0.006436446 -0.169731662 0.000759862 -0.010250131 0.999714077 -0.021602219 -0.003895284 0.169544116 0.023028098 0.985253513 0.429250449
0.985316396 0.007782455 -0.170561105 0.000658177 -0.011902619 0.999661207 -0.023147283 -0.003909564 0.170323193 0.024837516 0.985075116 0.430316538
0.985418916 0.007660745 -0.169973269 0.000092439 -0.011645745 0.999679923 -0.022460267 -0.004099967 0.169746786 0.024112236 0.985192657 0.432006240
0.985150814 0.009478302 -0.171429515 -0.000196882 -0.013468326 0.999664426 -0.022126934 -0.004073154 0.171162277 0.024107235 0.984947860 0.433657616
0.985100746 0.006526495 -0.171854287 -0.000396132 -0.010344807 0.999718904 -0.021332124 -0.004182138 0.171666756 0.022792088 0.984891415 0.434962958
0.985070765 0.005460898 -0.172063306 -0.000632621 -0.009058488 0.999756277 -0.020130290 -0.004239805 0.171911448 0.021388393 0.984880209 0.435232699
0.984983504 0.004591993 -0.172587231 -0.001193449 -0.008268867 0.999753714 -0.020591533 -0.004228666 0.172450185 0.021709420 0.984779000 0.435868919
0.984999835 0.003468798 -0.172520205 -0.001897417 -0.007033358 0.999774158 -0.020054705 -0.004217568 0.172411680 0.020967280 0.984801829 0.436427504
0.984932482 0.003160439 -0.172910288 -0.002425946 -0.006654589 0.999785125 -0.019631920 -0.004289883 0.172811076 0.020486765 0.984741926 0.437035978
0.984812379 0.002049438 -0.173609883 -0.002793573 -0.005414143 0.999806583 -0.018909475 -0.004317085 0.173537582 0.019562237 0.984632969 0.437313527
0.984827399 0.003138762 -0.173507720 -0.003472723 -0.006486702 0.999803424 -0.018731946 -0.004397847 0.173414841 0.019573227 0.984654367 0.438109189
0.984740436 0.003834317 -0.173987120 -0.004210450 -0.007034070 0.999817312 -0.017777851 -0.004386350 0.173887163 0.018730404 0.984587431 0.439121902
0.984850466 0.003578841 -0.173368290 -0.004793048 -0.006598757 0.999836266 -0.016845830 -0.004453691 0.173279613 0.017734641 0.984712958 0.439793110
0.984586179 0.004444639 -0.174843565 -0.005104184 -0.007539241 0.999826431 -0.017039023 -0.004508859 0.174737483 0.018094577 0.984448731 0.440444171
0.984506607 0.003971672 -0.175302327 -0.005551212 -0.007034153 0.999833226 -0.016851805 -0.004611836 0.175206214 0.017823819 0.984370410 0.440825045
0.984489322 0.002839262 -0.175421536 -0.006067082 -0.005928092 0.999836445 -0.017086525 -0.004593927 0.175344333 0.017861417 0.984345078 0.441452533
0.984629989 0.003496651 -0.174617559 -0.006613709 -0.006473598 0.999843240 -0.016481714 -0.004554312 0.174532548 0.017358799 0.984498322 0.442252278
0.984596908 0.003342309 -0.174807578 -0.006820492 -0.006159983 0.999859750 -0.015578607 -0.004672333 0.174731001 0.016415464 0.984479308 0.443404615
0.984854996 0.004957655 -0.173308954 -0.007333718 -0.007396555 0.999882460 -0.013429544 -0.004770643 0.173222020 0.014508043 0.984775960 0.444273651
0.984971762 0.007080710 -0.172569960 -0.007845096 -0.009415122 0.999874830 -0.012712562 -0.004861185 0.172458366 0.014146282 0.984915197 0.445625544
0.985189080 0.008674893 -0.171252176 -0.008419573 -0.011117417 0.999849617 -0.013308852 -0.004932158 0.171110958 0.015015617 0.985137284 0.446191549
0.985443771 0.008413625 -0.169793367 -0.009027071 -0.011066241 0.999831080 -0.014682297 -0.004960461 0.169641107 0.016347550 0.985370278 0.446781516
0.985456586 0.009070234 -0.169685528 -0.009547181 -0.011651685 0.999830902 -0.014223529 -0.004969921 0.169527814 0.015993791 0.985395610 0.447565079
0.985482514 0.010217271 -0.169469655 -0.010031670 -0.012598134 0.999836504 -0.012979555 -0.005025839 0.169309333 0.014926126 0.985449910 0.448345661
0.985486448 0.009929180 -0.169463411 -0.010390766 -0.012495604 0.999822736 -0.014084623 -0.005087509 0.169293523 0.015997753 0.985435784 0.449300200
0.985659778 0.008924812 -0.168509111 -0.011046156 -0.011644951 0.999817312 -0.015161064 -0.005180264 0.168343022 0.016905934 0.985583425 0.450148940
0.985781908 0.007620258 -0.167857572 -0.011534177 -0.010110384 0.999851108 -0.013985122 -0.005270114 0.167726010 0.015483385 0.985712051 0.451051861
0.985915661 0.007183338 -0.167089000 -0.012070440 -0.009297055 0.999886274 -0.011871468 -0.005251249 0.166984722 0.013257702 0.985870302 0.451600999
0.986185074 0.007375029 -0.165482715 -0.012708317 -0.009147361 0.999908686 -0.009950506 -0.005255713 0.165394202 0.011326768 0.986162543 0.452267140
0.986401975 0.006956625 -0.164203882 -0.013435975 -0.008499744 0.999926150 -0.008696826 -0.005324578 0.164131254 0.009974258 0.986388028 0.453031927
0.986484528 0.007390314 -0.163687617 -0.014108893 -0.008788209 0.999930859 -0.007817516 -0.005379270 0.163618520 0.009150381 0.986481190 0.453756779
0.986532271 0.007433959 -0.163398191 -0.014669932 -0.008986078 0.999921322 -0.008761924 -0.005460460 0.163320169 0.010112228 0.986521304 0.454466045
0.986229360 0.005972576 -0.165276244 -0.015202459 -0.007592359 0.999929070 -0.009170422 -0.005493424 0.165209711 0.010298972 0.986204684 0.455386817
0.986171961 0.003007741 -0.165697992 -0.015802331 -0.004565801 0.999948859 -0.009022915 -0.005540995 0.165662393 0.009654690 0.986135185 0.456028968
0.986158073 0.002234296 -0.165792987 -0.016471822 -0.003679903 0.999957800 -0.008412678 -0.005594674 0.165767193 0.008906332 0.986124694 0.456678599
0.986023784 0.002420623 -0.166587293 -0.017070476 -0.003603872 0.999970376 -0.006800953 -0.005632924 0.166565880 0.007306258 0.986003280 0.457243174
0.986152053 0.001877818 -0.165833160 -0.017822098 -0.002843149 0.999980330 -0.005583893 -0.005693868 0.165819392 0.005978057 0.986138046 0.457990319
0.985936880 0.002611683 -0.167097703 -0.018183485 -0.003349947 0.999985814 -0.004136448 -0.005765556 0.167084485 0.004638044 0.985931635 0.458531797
0.985993683 0.003615291 -0.166743651 -0.018922541 -0.004317709 0.999983251 -0.003850241 -0.005800799 0.166726932 0.004516263 0.985992789 0.459200263
0.986049891 0.004239436 -0.166395947 -0.019819789 -0.005027765 0.999978006 -0.004316715 -0.005861172 0.166373998 0.005093097 0.986049533 0.459868699
0.986218691 0.005254892 -0.165363178 -0.020786826 -0.005983630 0.999974430 -0.003909033 -0.005929335 0.165338442 0.004844634 0.986225009 0.460470498
0.986107707 0.004112676 -0.166056111 -0.021440517 -0.004804802 0.999981344 -0.003766515 -0.005950393 0.166037500 0.004512055 0.986109138 0.460903883
0.986131489 0.003763857 -0.165923402 -0.022229191 -0.004432777 0.999983430 -0.003661367 -0.006009707 0.165906847 0.004346089 0.986131907 0.461226523
0.986279607 0.003436409 -0.165047914 -0.023023918 -0.004107245 0.999984682 -0.003723375 -0.006047601 0.165032580 0.004350180 0.986278534 0.461936682
0.986143172 0.002316072 -0.165880144 -0.023497991 -0.002748858 0.999993443 -0.002379498 -0.006122494 0.165873513 0.002802507 0.986143112 0.462970227
0.986086428 0.002075696 -0.166220501 -0.023952659 -0.002317038 0.999996543 -0.001258034 -0.006158567 0.166217312 0.001625670 0.986087799 0.463595301
0.986153305 0.002991378 -0.165809274 -0.024556264 -0.003102672 0.999995053 -0.000412201 -0.006216414 0.165807247 0.000920945 0.986157715 0.464804649
0.986016810 0.003095435 -0.166616634 -0.025024116 -0.003155340 0.999994993 -0.000094820 -0.006297889 0.166615501 0.000619226 0.986021817 0.465627491
0.986137450 0.003199590 -0.165899768 -0.025815412 -0.003369705 0.999994040 -0.000743952 -0.006396401 0.165896401 0.001292672 0.986142337 0.466711044
0.986106634 0.003672447 -0.166073024 -0.026252318 -0.003900430 0.999991894 -0.001046663 -0.006458436 0.166067809 0.001679878 0.986112952 0.467488348
0.986097157 0.003770972 -0.166126743 -0.026608288 -0.003997728 0.999991536 -0.001030587 -0.006483280 0.166121453 0.001680388 0.986103892 0.468104184
0.986312151 0.003233364 -0.164857194 -0.027406365 -0.003534368 0.999992609 -0.001532543 -0.006567826 0.164851025 0.002094232 0.986316204 0.469076753
0.986708045 0.001470058 -0.162496746 -0.028388269 -0.001989246 0.999993384 -0.003032412 -0.006648573 0.162491217 0.003315351 0.986704469 0.470289350
0.986653090 0.000258154 -0.162836611 -0.028916493 -0.000505393 0.999998808 -0.001476903 -0.006698383 0.162836030 0.001539487 0.986651957 0.471016765
0.986878574 0.000182235 -0.161464438 -0.029742975 0.000121665 0.999998271 0.001872261 -0.006773832 0.161464512 -0.001867338 0.986876726 0.472041547
0.987061560 0.001868528 -0.160331473 -0.030392941 -0.001562570 0.999996722 0.002034342 -0.006827685 0.160334751 -0.001757491 0.987061083 0.472865611
0.987346292 0.003008367 -0.158550724 -0.031232886 -0.003830691 0.999980748 -0.004881148 -0.006902952 0.158532977 0.005426741 0.987338781 0.473949164
0.987248242 0.003935997 -0.159139544 -0.031256441 -0.005535976 0.999938548 -0.009611863 -0.006844302 0.159091920 0.010370287 0.987209320 0.474017411
0.987026095 0.005174392 -0.160476640 -0.031226702 -0.005956808 0.999972582 -0.004394866 -0.006898508 0.160449520 0.005293775 0.987029791 0.474550873
0.987142026 0.005961374 -0.159734428 -0.031836752 -0.005982001 0.999982059 0.000351725 -0.006669142 0.159733668 0.000608329 0.987159908 0.475866646
0.987212360 0.007111645 -0.159252301 -0.032321535 -0.006774638 0.999973536 0.002658990 -0.006685565 0.159267008 -0.001546111 0.987234294 0.476766020
0.987260342 0.005153236 -0.159029812 -0.032873161 -0.004802517 0.999985158 0.002589604 -0.006733231 0.159040779 -0.001792870 0.987270355 0.477973729
0.987159252 0.003199340 -0.159707338 -0.033233672 -0.002814793 0.999992609 0.002633989 -0.006857003 0.159714565 -0.002150624 0.987160861 0.478980839
0.987245142 0.004092017 -0.159155428 -0.033864073 -0.003443475 0.999984562 0.004350466 -0.006935780 0.159170792 -0.003746928 0.987243950 0.480253458
0.987253129 0.005197546 -0.159073204 -0.034316611 -0.004416465 0.999976397 0.005263325 -0.006965980 0.159096837 -0.004493692 0.987252772 0.481298417
0.987265408 0.005066497 -0.159001425 -0.034810994 -0.004103550 0.999971211 0.006383958 -0.007086236 0.159029186 -0.005650192 0.987257719 0.482391387
0.987170637 0.004579446 -0.159603253 -0.035478767 -0.003872838 0.999981225 0.004738050 -0.007111551 0.159621969 -0.004059146 0.987169862 0.483821392
0.986942947 0.003862438 -0.161024362 -0.035796177 -0.003173067 0.999984622 0.004538087 -0.007153189 0.161039442 -0.003967891 0.986939967 0.484805882
0.986896157 0.002431902 -0.161338329 -0.036307376 -0.001620981 0.999985397 0.005157647 -0.007248959 0.161348552 -0.004828536 0.986885667 0.486199766
0.986736536 0.002159370 -0.162315428 -0.036605731 -0.001318054 0.999985158 0.005290721 -0.007263169 0.162324429 -0.005006607 0.986724675 0.487638265
0.986420274 0.000345862 -0.164240733 -0.036790930 0.000349261 0.999991059 0.004203449 -0.007298039 0.164240733 -0.004203728 0.986411393 0.489053935
0.985979795 0.001272615 -0.166860282 -0.036671251 -0.000510121 0.999989212 0.004612432 -0.007368583 0.166864336 -0.004462645 0.985969782 0.489788413
0.985570133 0.001427088 -0.169261992 -0.036329426 -0.000450434 0.999983072 0.005808328 -0.007268712 0.169267416 -0.005648274 0.985553980 0.490702838
0.984955549 0.001431782 -0.172801793 -0.036055110 -0.000230279 0.999975681 0.006972920 -0.007343741 0.172807574 -0.006828224 0.984931886 0.490905434
0.984977901 0.002340116 -0.172664493 -0.036869004 -0.000775927 0.999957979 0.009126060 -0.007504545 0.172678605 -0.008854993 0.984938383 0.491974264
0.985727906 0.001681106 -0.168337479 -0.038613103 0.000731218 0.999897897 0.014267264 -0.007628748 0.168344304 -0.014186734 0.985626221 0.494084626
0.986236691 0.003519385 -0.165301919 -0.040008459 -0.000625069 0.999845624 0.017558033 -0.007744449 0.165338188 -0.017213052 0.986086667 0.495403588
0.986408114 0.004980764 -0.164237812 -0.040849414 -0.002165572 0.999847770 0.017315550 -0.007809969 0.164299041 -0.016724531 0.986268759 0.496175021
0.986515105 0.002619758 -0.163649276 -0.041457694 -0.000202976 0.999890685 0.014783031 -0.007821584 0.163670108 -0.014550467 0.986407757 0.496923119
0.986475289 0.000218797 -0.163909793 -0.041904505 0.002194474 0.999891818 0.014541943 -0.007887064 0.163895249 -0.014704961 0.986368120 0.497611016
0.986766160 -0.002288507 -0.162133098 -0.042826783 0.004587618 0.999894083 0.013807429 -0.007980872 0.162084341 -0.014368510 0.986672342 0.498991400
0.986954749 -0.001022640 -0.160994470 -0.043568097 0.003515240 0.999878287 0.015198461 -0.008072324 0.160959318 -0.015566126 0.986838341 0.499825090
0.987316787 0.001448033 -0.158755973 -0.044457454 0.001019518 0.999879837 0.015460502 -0.008157462 0.158759266 -0.015426267 0.987196803 0.500751078
0.987269163 0.003314044 -0.159024313 -0.044666044 -0.001073750 0.999898911 0.014171606 -0.008143052 0.159055203 -0.013820435 0.987172961 0.501759052
0.987280488 0.000970450 -0.158984661 -0.045192830 0.001193241 0.999907911 0.013513407 -0.008232316 0.158983111 -0.013531232 0.987188637 0.502862632
0.987555802 -0.002594057 -0.157247797 -0.046090852 0.004959567 0.999880314 0.014652696 -0.008304831 0.157190949 -0.015250236 0.987450480 0.504242003
0.987699330 -0.004550505 -0.156298801 -0.046696123 0.007009364 0.999860108 0.015184216 -0.008403189 0.156207845 -0.016092997 0.987593114 0.505319059
0.987678945 -0.005795714 -0.156386226 -0.047289114 0.008132921 0.999864519 0.014309362 -0.008462999 0.156282097 -0.015404931 0.987592280 0.506407738
0.987866044 -0.006131629 -0.155187562 -0.047967941 0.008508003 0.999856353 0.014653355 -0.008537743 0.155075446 -0.015795888 0.987776220 0.507624507
0.987981796 -0.006894388 -0.154416546 -0.048673287 0.009412684 0.999834299 0.015583280 -0.008608384 0.154283509 -0.016849471 0.987882912 0.508872330
0.987802029 -0.006442375 -0.155581951 -0.049109735 0.009054190 0.999829650 0.016084578 -0.008659725 0.155451819 -0.017297050 0.987692058 0.509699583
0.987732351 -0.006030247 -0.156039700 -0.049597055 0.008338872 0.999865115 0.014144744 -0.008700481 0.155933365 -0.015272419 0.987649441 0.510560453
0.987678111 -0.006196017 -0.156375840 -0.050217442 0.008680891 0.999846518 0.015212459 -0.008741671 0.156257614 -0.016382489 0.987580478 0.511994302
0.987635076 -0.007770550 -0.156577021 -0.050752059 0.010391411 0.999819160 0.015926842 -0.008794189 0.156424955 -0.017356964 0.987537324 0.512945175
0.987703145 -0.006942043 -0.156186149 -0.051376373 0.009954491 0.999779046 0.018513629 -0.008865098 0.156023115 -0.019840723 0.987554133 0.514061570
0.987724364 -0.005524450 -0.156109005 -0.051889777 0.008851820 0.999747992 0.020627245 -0.008877136 0.155955717 -0.021755882 0.987524390 0.515662074
0.987762928 -0.003640786 -0.155920208 -0.052378051 0.007225758 0.999722242 0.022431741 -0.009121759 0.155795261 -0.023283884 0.987514913 0.517181873
0.987754881 -0.003186180 -0.155981034 -0.052961424 0.006443583 0.999771476 0.020382147 -0.009096751 0.155880451 -0.021137642 0.987549782 0.518531501
0.987963736 -0.003213451 -0.154651731 -0.054013059 0.006188205 0.999804854 0.018757621 -0.009140240 0.154561266 -0.019488867 0.987791061 0.519509077
0.988061547 -0.004446132 -0.153995648 -0.054751657 0.007392593 0.999800324 0.018566061 -0.009185909 0.153882325 -0.019482842 0.987897098 0.520200312
0.988083363 -0.005327208 -0.153827623 -0.055480838 0.008445775 0.999771774 0.019626768 -0.009216962 0.153687969 -0.020692077 0.987902820 0.520903528
0.988122225 -0.007767031 -0.153473914 -0.056041177 0.010858133 0.999754488 0.019312963 -0.009262272 0.153286248 -0.020750003 0.987964034 0.522538960
0.988292217 -0.009655720 -0.152267069 -0.056616101 0.012718655 0.999735653 0.019154385 -0.009340760 0.152041838 -0.020866763 0.988153756 0.524258792
0.988116622 -0.011669111 -0.153262347 -0.056975313 0.014961518 0.999681056 0.020346384 -0.009416892 0.152976051 -0.022397636 0.987976074 0.525109529
0.988292217 -0.013141660 -0.152005911 -0.057825740 0.016540388 0.999640167 0.021116290 -0.009521494 0.151673704 -0.023383303 0.988153994 0.525853634
0.988539815 -0.014483295 -0.150263816 -0.059234846 0.017870897 0.999615252 0.021218486 -0.009593233 0.149898663 -0.023660677 0.988418221 0.526912570
0.988747835 -0.013544776 -0.148977369 -0.060154472 0.017171809 0.999585986 0.023086853 -0.009728740 0.148602977 -0.025385289 0.988571048 0.527996063
0.988706648 -0.009780600 -0.149544314 -0.060651690 0.013271156 0.999661922 0.022361167 -0.009701639 0.149275035 -0.024093261 0.988502145 0.529173970
0.988964200 -0.004400703 -0.148089409 -0.061663300 0.008065687 0.999675632 0.024157021 -0.009848307 0.147935048 -0.025084872 0.988678932 0.530414224
0.989267170 -0.002151655 -0.146102235 -0.062740430 0.005662001 0.999705076 0.023615031 -0.010023548 0.146008343 -0.024188807 0.988987625 0.531611562
0.989213526 -0.001744098 -0.146470457 -0.063555501 0.004837584 0.999772727 0.020766644 -0.009991339 0.146400914 -0.021251209 0.988997042 0.532728851
0.989016831 -0.002759324 -0.147777051 -0.064049169 0.005810742 0.999778748 0.020221064 -0.009999966 0.147688508 -0.020857668 0.988813937 0.533546269
0.989154220 -0.006065453 -0.146755010 -0.065282859 0.009519516 0.999693692 0.022845391 -0.010158514 0.146571472 -0.023994654 0.988909066 0.534669578
0.989043653 -0.005887393 -0.147505537 -0.065943673 0.009698474 0.999637127 0.025130967 -0.010265396 0.147304043 -0.026286203 0.988741875 0.535476744
0.988636076 -0.006157062 -0.150202408 -0.065926507 0.010197084 0.999606133 0.026141835 -0.010216899 0.149982318 -0.027376385 0.988309562 0.537490368
0.988738418 -0.005947416 -0.149535805 -0.066723570 0.009990025 0.999604225 0.026297770 -0.010625142 0.149320215 -0.027495481 0.988406479 0.539588094
0.988720536 -0.006702137 -0.149621993 -0.067626514 0.010219295 0.999688864 0.022750495 -0.010486417 0.149422973 -0.024022909 0.988481462 0.540579796
0.988973856 -0.006923378 -0.147928104 -0.068639919 0.010566011 0.999659657 0.023852715 -0.010687011 0.147712633 -0.025152724 0.988710344 0.542424500
0.988655806 -0.007633311 -0.150004476 -0.069020435 0.011890065 0.999551117 0.027501170 -0.010779765 0.149727225 -0.028972754 0.988302708 0.543505669
0.988214612 -0.008410845 -0.152843624 -0.069180228 0.013404598 0.999408484 0.031671271 -0.010840584 0.152486816 -0.033346821 0.987742662 0.544586957
0.987967610 -0.006056566 -0.154542193 -0.069745712 0.011451990 0.999354661 0.034045979 -0.010897195 0.154236257 -0.035406135 0.987399340 0.545563459
0.987671018 -0.000799250 -0.156542048 -0.070065305 0.006398370 0.999357462 0.035266861 -0.010970812 0.156413287 -0.035833668 0.987041414 0.546605647
0.987664759 0.004364175 -0.156522334 -0.070566811 0.001248182 0.999360323 0.035740402 -0.011053445 0.156578198 -0.035494898 0.987027526 0.547517180
0.988094807 0.006209576 -0.153720394 -0.071721323 -0.000711968 0.999359012 0.035792932 -0.011062171 0.153844088 -0.035257366 0.987465858 0.549494088
0.988212883 0.002908136 -0.153058350 -0.072619602 0.002336859 0.999416471 0.034076881 -0.011157358 0.153068170 -0.034032889 0.987629414 0.551356435
0.988560736 0.001662042 -0.150814384 -0.073739700 0.003342819 0.999452293 0.032925971 -0.011252098 0.150786504 -0.033053473 0.988013566 0.553280473
