0.999998152 0.001248350 0.001429918 -0.000940521 -0.001249811 0.999998689 0.001021369 -0.000603891 -0.001428641 -0.001023155 0.999998450 0.039658289
0.999960542 0.001637893 -0.008721230 0.000952269 -0.001645171 0.999998331 -0.000827456 -0.000316043 0.008719859 0.000841772 0.999961615 0.044532731
0.999823332 0.001637970 -0.018724879 0.002546204 -0.001707684 0.999991715 -0.003707743 0.000091988 0.018718651 0.003739064 0.999817789 0.048869163
0.999604881 0.002160478 -0.028024396 0.004403123 -0.002285965 0.999987423 -0.004446506 0.000156693 0.028014438 0.004508810 0.999597371 0.053405900
0.999332607 0.001623134 -0.036492258 0.005998458 -0.001832566 0.999981999 -0.005706372 0.000281492 0.036482338 0.005769439 0.999317646 0.057888716
0.999581635 0.002111915 -0.028841825 0.004242345 -0.002194378 0.999993563 -0.002827783 -0.000116401 0.028835669 0.002889889 0.999579966 0.058789477
0.999827445 0.001881053 -0.018478245 0.001957399 -0.001940221 0.999993086 -0.003184622 -0.000398479 0.018472124 0.003219925 0.999824166 0.059333149
0.999899209 0.001439383 -0.014124711 0.001243574 -0.001508366 0.999987006 -0.004874423 -0.000279226 0.014117507 0.004895237 0.999888480 0.060290094
0.999888003 0.000391638 -0.014960793 0.001403606 -0.000440083 0.999994695 -0.003234990 -0.000440862 0.014959446 0.003241212 0.999882877 0.062148388
0.999945223 -0.000964452 -0.010426993 0.000361996 0.000949813 0.999998569 -0.001408852 -0.000632159 0.010428337 0.001398871 0.999944627 0.063042812
0.999959528 -0.000738519 -0.008966349 0.000001488 0.000735656 0.999999702 -0.000322608 -0.000680480 0.008966582 0.000315999 0.999959826 0.065760911
0.999991536 -0.000630865 -0.004057624 -0.000979802 0.000633365 0.999999583 0.000614887 -0.000823952 0.004057234 -0.000617452 0.999991655 0.067326546
0.999998808 0.001388193 -0.000693800 -0.001637497 -0.001387643 0.999998808 0.000792653 -0.000851658 0.000694901 -0.000791690 0.999999523 0.069043964
0.999999344 -0.001115640 0.000266590 -0.001943083 0.001115277 0.999998450 0.001355906 -0.001088221 -0.000268102 -0.001355608 0.999999046 0.071173660
0.999996305 -0.001095828 0.002476093 -0.002454368 0.001097002 0.999999225 -0.000472572 -0.000972381 -0.002475573 0.000475287 0.999996841 0.072243094
0.999983072 -0.000863165 0.005758629 -0.003096838 0.000864211 0.999999583 -0.000179052 -0.001263631 -0.005758473 0.000184026 0.999983430 0.075240284
0.999953926 -0.000797249 0.009559329 -0.003754928 0.000795111 0.999999642 0.000227465 -0.001363664 -0.009559507 -0.000219853 0.999954283 0.077303015
0.999899030 0.000057368 0.014213077 -0.004398631 -0.000068621 0.999999702 0.000791246 -0.001449092 -0.014213027 -0.000792141 0.999898612 0.079367407
0.999815166 0.000733312 0.019211542 -0.005182962 -0.000756736 0.999998987 0.001212050 -0.001551335 -0.019210633 -0.001226364 0.999814689 0.081181295
0.999733627 0.001508583 0.023029776 -0.005670405 -0.001555536 0.999996722 0.002021040 -0.001638227 -0.023026651 -0.002056325 0.999732733 0.083075538
0.999648571 0.002108843 0.026422424 -0.006151657 -0.002148684 0.999996543 0.001479538 -0.001771099 -0.026419211 -0.001535792 0.999649763 0.085449964
0.999501526 0.002078891 0.031502470 -0.006748661 -0.002100634 0.999997616 0.000657120 -0.001723534 -0.031501025 -0.000722968 0.999503434 0.086959518
0.999419272 0.003896676 0.033850957 -0.006973408 -0.003969055 0.999989986 0.002071228 -0.001881054 -0.033842549 -0.002204382 0.999424636 0.088525765
0.999222994 0.001237126 0.039394010 -0.007770681 -0.001430821 0.999987006 0.004889045 -0.002244102 -0.039387450 -0.004941612 0.999211788 0.090571351
0.999117374 0.000026366 0.042006787 -0.007998808 -0.000203186 0.999991179 0.004205057 -0.002035127 -0.042006295 -0.004209881 0.999108434 0.091923594
0.998958349 -0.000381041 0.045629650 -0.008455958 0.000166203 0.999988854 0.004712008 -0.002090579 -0.045630932 -0.004699517 0.998947263 0.093937829
0.998765945 0.000491129 0.049664129 -0.008913076 -0.000678570 0.999992669 0.003757377 -0.002143279 -0.049661912 -0.003786440 0.998758912 0.096124150
0.998556674 0.000190596 0.053707208 -0.009356542 -0.000378540 0.999993742 0.003489276 -0.002226307 -0.053706214 -0.003504571 0.998550534 0.098141007
0.998356402 -0.001330339 0.057294525 -0.009858571 0.001030849 0.999985516 0.005256447 -0.002571151 -0.057300698 -0.005188746 0.998343408 0.099971406
0.998267353 -0.002078295 0.058805674 -0.010055888 0.001793465 0.999986291 0.004895937 -0.002547832 -0.058815058 -0.004781988 0.998257339 0.101385258
0.998068631 -0.003656857 0.062012337 -0.010480577 0.003241428 0.999971628 0.006798412 -0.002795049 -0.062035434 -0.006584274 0.998052239 0.103614993
0.997795284 -0.004711627 0.066199593 -0.011027519 0.004261630 0.999966800 0.006937162 -0.002818267 -0.066230103 -0.006639750 0.997782290 0.105328709
0.997526050 -0.004746104 0.070136569 -0.011549927 0.004350585 0.999973774 0.005790943 -0.002814882 -0.070162222 -0.005471482 0.997520566 0.107761137
0.997296274 -0.004895918 0.073321529 -0.011935531 0.004531770 0.999976575 0.005131986 -0.002802908 -0.073344938 -0.004785834 0.997295201 0.109627545
0.997085631 -0.004970512 0.076128617 -0.012213135 0.004650083 0.999979556 0.004385736 -0.002882359 -0.076148845 -0.004018950 0.997088432 0.111580029
0.996852875 -0.002289249 0.079240836 -0.012523883 0.001791694 0.999978185 0.006349550 -0.003030577 -0.079253644 -0.006187591 0.996835291 0.113564506
0.996612072 -0.005227795 0.082078405 -0.012739383 0.004792840 0.999973416 0.005495403 -0.002789116 -0.082104959 -0.005083397 0.996610701 0.115877770
0.996321797 -0.005876422 0.085488707 -0.013181808 0.005110397 0.999944806 0.009176628 -0.003147268 -0.085537910 -0.008705992 0.996296823 0.117392093
0.996119976 -0.005402346 0.087839276 -0.013396834 0.004571515 0.999942839 0.009656962 -0.003237070 -0.087886430 -0.009217936 0.996087849 0.119179405
0.995814025 -0.008616479 0.090993941 -0.013669098 0.007925156 0.999936938 0.007956062 -0.003210083 -0.091056757 -0.007201618 0.995819628 0.121373467
0.995559156 -0.008443162 0.093758054 -0.013921273 0.007753160 0.999940097 0.007721223 -0.003322863 -0.093817636 -0.006960013 0.995565057 0.123440474
0.995119154 -0.008012787 0.098354504 -0.014285413 0.007421818 0.999952137 0.006372961 -0.003335761 -0.098400868 -0.005611886 0.995131016 0.125679627
0.994800270 -0.008277557 0.101507887 -0.014730938 0.007565136 0.999943972 0.007401328 -0.003451151 -0.101563454 -0.006594922 0.994807184 0.126988485
0.994681656 -0.009860466 0.102523565 -0.014802089 0.009292753 0.999938726 0.006013549 -0.003415178 -0.102576561 -0.005028840 0.994712412 0.128503636
0.994777262 -0.008028827 0.101752900 -0.014757519 0.007408654 0.999951661 0.006471340 -0.003474246 -0.101799920 -0.005683690 0.994788647 0.129023537
0.994686306 -0.007311231 0.102692097 -0.014874884 0.006509813 0.999945700 0.008137049 -0.003638253 -0.102746017 -0.007425306 0.994679928 0.130121797
0.994648635 -0.005489504 0.103169657 -0.014902745 0.004811620 0.999965131 0.006818304 -0.003496165 -0.103203505 -0.006285402 0.994640410 0.131197065
0.994574726 -0.008573459 0.103670679 -0.014999975 0.008009226 0.999950767 0.005857621 -0.003510159 -0.103715800 -0.004995521 0.994594395 0.131689712
0.996097863 -0.006342977 0.088026233 -0.013773965 0.005919285 0.999969602 0.005073437 -0.003390671 -0.088055730 -0.004532587 0.996105194 0.127124727
0.997248709 -0.009345777 0.073535725 -0.012545872 0.009419348 0.999955416 -0.000653747 -0.002780177 -0.073526345 0.001344607 0.997292399 0.123418875
0.997949719 -0.008304073 0.063461900 -0.011633807 0.008278354 0.999965489 0.000668187 -0.002861812 -0.063465253 -0.000141457 0.997983932 0.120475419
0.998555601 -0.006205795 0.053368628 -0.010609228 0.006055820 0.999977231 0.002971411 -0.002913974 -0.053385846 -0.002643928 0.998570442 0.118076913
0.998668313 -0.005301734 0.051318094 -0.010269857 0.005117727 0.999979973 0.003716371 -0.002874095 -0.051336765 -0.003448790 0.998675406 0.118487641
0.998631775 -0.004559347 0.052094467 -0.010300050 0.004437577 0.999987125 0.002452920 -0.002930122 -0.052104976 -0.002218390 0.998639107 0.119146019
0.998604357 -0.000897465 0.052805338 -0.010436119 0.000858156 0.999999285 0.000767102 -0.002908758 -0.052805994 -0.000720716 0.998604476 0.119604312
0.998600125 -0.003158541 0.052800242 -0.010439955 0.003062100 0.999993443 0.001907323 -0.002930397 -0.052805930 -0.001742973 0.998603225 0.120425835
0.998563051 -0.007557875 0.053053841 -0.010572970 0.007427566 0.999968886 0.002652923 -0.002833759 -0.053072244 -0.002255049 0.998588145 0.120939620
0.998681545 -0.007316532 0.050808739 -0.010378852 0.007095867 0.999964595 0.004522061 -0.002920823 -0.050840024 -0.004155566 0.998698175 0.121302560
0.998776138 -0.008034169 0.048801769 -0.010207881 0.007883612 0.999963582 0.003276764 -0.002999248 -0.048826318 -0.002888020 0.998803079 0.121612176
0.998876512 -0.012062963 0.045829508 -0.009922551 0.012084387 0.999926865 -0.000190408 -0.002878811 -0.045823868 0.000744016 0.998949230 0.121714726
0.998851597 -0.008999293 0.047058839 -0.009968726 0.009099188 0.999956787 -0.001908984 -0.002867101 -0.047039635 0.002334990 0.998890281 0.123751514
0.998804510 -0.010778360 0.047680780 -0.010114444 0.010866806 0.999939680 -0.001596141 -0.003024123 -0.047660697 0.002112371 0.998861372 0.125708848
0.998845875 -0.012683969 0.046325952 -0.010071591 0.012714609 0.999919116 -0.000366784 -0.002984938 -0.046317551 0.000955377 0.998926282 0.125833273
0.999039888 -0.011367905 0.042311102 -0.009768834 0.011324286 0.999935091 0.001270519 -0.003048946 -0.042322796 -0.000790156 0.999103725 0.125569180
0.999130547 -0.012463967 0.039786324 -0.009585248 0.012506344 0.999921441 -0.000816381 -0.002906243 -0.039773025 0.001313253 0.999207854 0.126007631
0.999209940 -0.011789634 0.037952133 -0.009492178 0.011841853 0.999929070 -0.001151434 -0.002865670 -0.037935872 0.001599948 0.999278903 0.125813499
0.999450266 -0.012314842 0.030780815 -0.008698302 0.012425041 0.999917090 -0.003391361 -0.002571079 -0.030736506 0.003771949 0.999520361 0.125803277
0.999413013 -0.012615866 0.031851351 -0.008881053 0.012742461 0.999911726 -0.003774693 -0.002623412 -0.031800922 0.004178342 0.999485433 0.126297280
0.999377191 -0.012819743 0.032878064 -0.009240164 0.013010953 0.999899566 -0.005608361 -0.002478405 -0.032802865 0.006032642 0.999443650 0.126723439
0.999395609 -0.013502886 0.032034323 -0.009180224 0.013623051 0.999900937 -0.003535848 -0.002809214 -0.031983413 0.003970116 0.999480426 0.127146915
0.999482214 -0.011725798 0.029964203 -0.008985471 0.011797241 0.999927998 -0.002208654 -0.002862821 -0.029936146 0.002561006 0.999548554 0.128150746
0.999527991 -0.010060114 0.029027110 -0.008876434 0.010082371 0.999948978 -0.000620499 -0.002893729 -0.029019386 0.000912867 0.999578416 0.129150659
0.999616325 -0.008851886 0.026249509 -0.008474678 0.008857433 0.999960840 -0.000095072 -0.002892951 -0.026247639 0.000327539 0.999655426 0.129585296
0.999552786 -0.006378544 0.029213753 -0.008847229 0.006410947 0.999978960 -0.001015654 -0.002913520 -0.029206656 0.001202488 0.999572694 0.129333809
0.999492109 -0.006604247 0.031175748 -0.009124432 0.006694601 0.999973774 -0.002794709 -0.002847636 -0.031156469 0.003001998 0.999510050 0.129862458
0.999423921 -0.006339245 0.033339981 -0.009254755 0.006417178 0.999976933 -0.002231036 -0.002938412 -0.033325065 0.002443700 0.999441504 0.130592242
0.999420464 -0.007536248 0.033195518 -0.009195723 0.007608274 0.999968946 -0.002043953 -0.002928394 -0.033179086 0.002295329 0.999446809 0.130550772
0.999361396 -0.007551718 0.034927521 -0.009379877 0.007624401 0.999969125 -0.001948222 -0.002912296 -0.034911729 0.002213280 0.999387980 0.130339563
0.999242008 -0.008967816 0.037882224 -0.009601906 0.008988197 0.999959648 -0.000367718 -0.003016811 -0.037877388 0.000707932 0.999282122 0.130156234
0.999195099 -0.009174339 0.039051577 -0.009600364 0.009160629 0.999957919 0.000530039 -0.003021022 -0.039054792 -0.000171876 0.999237061 0.130095005
0.999204338 -0.004910399 0.039582077 -0.009575286 0.004952710 0.999987364 -0.000970965 -0.002893473 -0.039576806 0.001166231 0.999215841 0.130483910
0.999163270 -0.007238773 0.040254947 -0.009586083 0.007413324 0.999963820 -0.004188591 -0.002740370 -0.040223159 0.004483509 0.999180615 0.131509528
0.999267995 -0.006603799 0.037680823 -0.009350741 0.006837383 0.999958158 -0.006073573 -0.002837162 -0.037639137 0.006326766 0.999271333 0.131839573
0.999185443 -0.005199489 0.040017746 -0.009685695 0.005510493 0.999955356 -0.007665292 -0.002790197 -0.039976109 0.007879565 0.999169588 0.131664053
0.999199867 -0.006944143 0.039388288 -0.009692507 0.007148989 0.999961615 -0.005062207 -0.002976394 -0.039351620 0.005339742 0.999211192 0.132148162
0.999243200 -0.007679181 0.038132556 -0.009600835 0.007857994 0.999958754 -0.004541591 -0.002974231 -0.038096111 0.004837801 0.999262333 0.132467374
0.999243557 -0.007593893 0.038140140 -0.009704184 0.007780741 0.999958396 -0.004752945 -0.002908951 -0.038102463 0.005046109 0.999261081 0.132842153
0.999286234 -0.007930402 0.036933199 -0.009731819 0.008133753 0.999952495 -0.005358942 -0.002818436 -0.036888950 0.005655523 0.999303460 0.132978708
0.999341846 -0.010765670 0.034640677 -0.009663474 0.010953682 0.999926209 -0.005242318 -0.002819477 -0.034581691 0.005618313 0.999386072 0.133208767
0.999396741 -0.009345832 0.033449069 -0.009637306 0.009487221 0.999946654 -0.004070813 -0.002916968 -0.033409245 0.004385696 0.999432147 0.133679956
0.999446392 -0.009812341 0.031790502 -0.009623044 0.009937919 0.999943376 -0.003794601 -0.002940254 -0.031751469 0.004108431 0.999487340 0.134238765
0.999568999 -0.009851173 0.027652875 -0.009408265 0.009978091 0.999940336 -0.004455466 -0.002885866 -0.027607331 0.004729469 0.999607742 0.134515584
0.999549270 -0.011325993 0.027799996 -0.009472113 0.011428133 0.999928474 -0.003517953 -0.002886862 -0.027758166 0.003834070 0.999607325 0.134976998
0.999668837 -0.012504741 0.022488542 -0.008977778 0.012544569 0.999919951 -0.001630803 -0.002968030 -0.022466350 0.001912372 0.999745727 0.136085555
0.999728322 -0.013275125 0.019154012 -0.008610439 0.013290809 0.999911487 -0.000691749 -0.002984534 -0.019143131 0.000946134 0.999816298 0.137046650
0.999792397 -0.011592033 0.016753729 -0.008499129 0.011608715 0.999932289 -0.000898700 -0.003042237 -0.016742175 0.001093002 0.999859273 0.137632713
0.999820709 -0.011613069 0.014959213 -0.008477602 0.011648745 0.999929607 -0.002299943 -0.002956566 -0.014931451 0.002473787 0.999885440 0.137906611
0.999862134 -0.011527879 0.011949772 -0.008323079 0.011548215 0.999931991 -0.001634222 -0.003033823 -0.011930125 0.001771995 0.999927282 0.138225466
0.999837279 -0.013533792 0.011930866 -0.008330377 0.013539208 0.999908268 -0.000373322 -0.003083975 -0.011924723 0.000534796 0.999928772 0.138766751
0.999836266 -0.013891805 0.011595279 -0.008262059 0.013890562 0.999903560 0.000187625 -0.003075738 -0.011596767 -0.000026530 0.999932766 0.139320046
0.999846458 -0.012976119 0.011782266 -0.008226817 0.012951368 0.999913812 0.002174699 -0.003089788 -0.011809472 -0.002021769 0.999928236 0.139799073
0.999860525 -0.011272137 0.012324989 -0.008212380 0.011237696 0.999932766 0.002860230 -0.003096242 -0.012356400 -0.002721326 0.999919951 0.140414283
0.999858737 -0.008330847 0.014601495 -0.008396592 0.008312513 0.999964654 0.001315777 -0.003029683 -0.014611940 -0.001194216 0.999892533 0.140613765
0.999849856 -0.008176501 0.015279828 -0.008599825 0.008170437 0.999966621 0.000459152 -0.003073668 -0.015283071 -0.000334240 0.999883175 0.140400141
0.999861479 -0.008197411 0.014486908 -0.008542349 0.008191478 0.999966443 0.000468755 -0.003057420 -0.014490263 -0.000350020 0.999894977 0.140833020
0.999896467 -0.005907073 0.013120373 -0.008467396 0.005879959 0.999980569 0.002104084 -0.003077443 -0.013132544 -0.002026718 0.999911726 0.141127378
0.999891341 -0.005180447 0.013799641 -0.008703089 0.005175771 0.999986529 0.000374561 -0.003064641 -0.013801394 -0.000303096 0.999904692 0.141119823
0.999874115 -0.005652965 0.014823947 -0.008911077 0.005665732 0.999983668 -0.000819433 -0.003075865 -0.014819073 0.000903318 0.999889791 0.141197205
0.999815166 -0.006907019 0.017942479 -0.009264033 0.006905652 0.999976218 0.000138168 -0.003088341 -0.017943006 -0.000014238 0.999838948 0.141171783
0.999789596 -0.008549022 0.018646425 -0.009403958 0.008500903 0.999960363 0.002658406 -0.003111585 -0.018668413 -0.002499335 0.999822557 0.141309574
0.999820650 -0.008448290 0.016949004 -0.009199691 0.008375799 0.999955475 0.004343472 -0.003105250 -0.016984945 -0.004200731 0.999846876 0.141982794
0.999876857 -0.008243348 0.013356453 -0.008910157 0.008172701 0.999952435 0.005335270 -0.003098064 -0.013399797 -0.005225455 0.999896526 0.142735928
0.999936640 -0.007632400 0.008279791 -0.008394577 0.007585798 0.999955297 0.005645294 -0.003079758 -0.008322509 -0.005582127 0.999949753 0.143733472
0.999948800 -0.008507434 0.005474048 -0.008243571 0.008481063 0.999952376 0.004822314 -0.003109558 -0.005514814 -0.004775641 0.999973357 0.144166380
0.999929786 -0.010762027 0.004956035 -0.008326975 0.010738042 0.999930620 0.004840779 -0.003123390 -0.005007787 -0.004787221 0.999975979 0.144518092
0.999919951 -0.012314921 0.002915958 -0.008304170 0.012302002 0.999914587 0.004407627 -0.003103884 -0.002969990 -0.004371400 0.999985933 0.144935772
0.999910712 -0.013350819 0.000512501 -0.008289981 0.013348200 0.999899387 0.004811380 -0.003101670 -0.000576687 -0.004804109 0.999988198 0.145209968
0.999911904 -0.013200235 0.001399825 -0.008458668 0.013191916 0.999896169 0.005794028 -0.003073097 -0.001476164 -0.005775051 0.999982178 0.145404652
0.999899626 -0.014121972 0.001122454 -0.008678813 0.014113167 0.999872267 0.007498551 -0.003159481 -0.001228206 -0.007481958 0.999971211 0.145511627
0.999889553 -0.014830990 0.000945282 -0.008814098 0.014821922 0.999849916 0.008971008 -0.003171075 -0.001078191 -0.008956005 0.999959290 0.145706862
0.999916553 -0.012907001 0.000528492 -0.008920143 0.012901830 0.999877691 0.008835230 -0.003164812 -0.000642464 -0.008827674 0.999960721 0.145940393
0.999915004 -0.012904823 -0.001857466 -0.008788846 0.012920802 0.999877214 0.008864240 -0.003180427 0.001742846 -0.008887485 0.999958992 0.146421790
0.999912024 -0.012249277 -0.005091718 -0.008588689 0.012291308 0.999889910 0.008307179 -0.003139209 0.004989401 -0.008369033 0.999952555 0.146997765
0.999909461 -0.012568862 -0.004812233 -0.008801917 0.012610007 0.999883294 0.008617153 -0.003127520 0.004703363 -0.008677057 0.999951303 0.146991238
0.999903977 -0.013168769 -0.004309777 -0.009036906 0.013206189 0.999874353 0.008772737 -0.003177271 0.004193709 -0.008828812 0.999952197 0.147063032
0.999905109 -0.013391409 -0.003234702 -0.009314804 0.013420365 0.999868393 0.009102486 -0.003213274 0.003112381 -0.009145034 0.999953389 0.147279888
0.999891460 -0.014150566 -0.004109651 -0.009339530 0.014195065 0.999838531 0.011008276 -0.003256558 0.003953214 -0.011065416 0.999930978 0.147551700
0.999882340 -0.014894857 -0.003665127 -0.009513590 0.014936835 0.999819815 0.011705668 -0.003248742 0.003490113 -0.011759037 0.999924719 0.147728130
0.999901056 -0.013810846 -0.002676984 -0.009751252 0.013843507 0.999824762 0.012591721 -0.003264074 0.002502613 -0.012627535 0.999917150 0.147877410
0.999899626 -0.014094383 -0.001434469 -0.009979834 0.014111636 0.999818146 0.012829316 -0.003276004 0.001253386 -0.012848271 0.999916673 0.148067638
0.999909937 -0.013418382 -0.000121210 -0.010166029 0.013418861 0.999835730 0.012183467 -0.003292530 -0.000042292 -0.012183996 0.999925792 0.148276240
0.999914110 -0.013102201 -0.000265143 -0.010263924 0.013104495 0.999835193 0.012563763 -0.003300432 0.000100487 -0.012566158 0.999921024 0.148479134
0.999920964 -0.012568812 0.000025549 -0.010385163 0.012567542 0.999845266 0.012310014 -0.003315628 -0.000180267 -0.012308719 0.999924242 0.148723513
0.999907613 -0.013543189 0.001126449 -0.010556273 0.013528546 0.999835014 0.012124302 -0.003333491 -0.001290465 -0.012107942 0.999925852 0.149031684
0.999891460 -0.014618397 0.001823251 -0.010679578 0.014598236 0.999837101 0.010619851 -0.003344350 -0.001978199 -0.010592083 0.999941945 0.149247333
0.999870002 -0.015977314 0.002150492 -0.010803281 0.015951103 0.999804378 0.011698599 -0.003359143 -0.002336984 -0.011662775 0.999929249 0.149474561
0.999856412 -0.016550275 0.003639720 -0.011050462 0.016492926 0.999747515 0.015257536 -0.003383752 -0.003891318 -0.015195314 0.999876976 0.149635389
0.999891341 -0.014008002 0.004591440 -0.011134855 0.013935902 0.999784648 0.015375814 -0.003396136 -0.004805836 -0.015310158 0.999871254 0.149821326
0.999916255 -0.011677258 0.005577012 -0.011284430 0.011631928 0.999899626 0.008092010 -0.003410344 -0.005670944 -0.008026464 0.999951720 0.150108114
0.999909878 -0.011445857 0.007018563 -0.011492739 0.011417995 0.999926805 0.003996805 -0.003432514 -0.007063797 -0.003916305 0.999967337 0.150489911
0.999919951 -0.010885756 0.006451993 -0.011452817 0.010830982 0.999905527 0.008464433 -0.003403279 -0.006543525 -0.008393874 0.999943316 0.150758311
0.999918282 -0.010697130 0.006996051 -0.011494185 0.010597518 0.999844134 0.014123911 -0.003439231 -0.007146046 -0.014048617 0.999875724 0.151020363
0.999898791 -0.012180735 0.007346417 -0.011660824 0.012052535 0.999778628 0.017249523 -0.003456588 -0.007554902 -0.017159237 0.999824226 0.151305869
0.999870896 -0.013613611 0.008536926 -0.011856248 0.013464520 0.999759972 0.017285109 -0.003475283 -0.008770189 -0.017167930 0.999814153 0.151611686
0.999872565 -0.014380530 0.006936987 -0.011770219 0.014264780 0.999762833 0.016456265 -0.003443172 -0.007171992 -0.016355213 0.999840498 0.151841938
0.999862850 -0.014383876 0.008200725 -0.011971619 0.014231264 0.999729872 0.018373650 -0.003482535 -0.008462792 -0.018254422 0.999797702 0.152051136
0.999884129 -0.013189741 0.007597900 -0.012006849 0.013037545 0.999720037 0.019744156 -0.003491829 -0.007856194 -0.019642809 0.999776244 0.152371839
0.999877334 -0.013407783 0.008085872 -0.012160742 0.013241018 0.999705493 0.020336427 -0.003512107 -0.008356158 -0.020226873 0.999760568 0.152628064
0.999872506 -0.013891978 0.007876628 -0.012253704 0.013745353 0.999736667 0.018373478 -0.003507070 -0.008129797 -0.018262871 0.999800265 0.152945846
0.999865830 -0.014637329 0.007351605 -0.012388478 0.014502292 0.999730945 0.018097643 -0.003544931 -0.007614529 -0.017988600 0.999809265 0.153269053
0.999854445 -0.015701756 0.006681937 -0.012479205 0.015569301 0.999689937 0.019433085 -0.003552717 -0.006984999 -0.019326221 0.999788880 0.153413698
0.999841630 -0.016681144 0.006190961 -0.012604327 0.016557556 0.999672711 0.019504048 -0.003560351 -0.006514284 -0.019398455 0.999790668 0.153726995
0.999825835 -0.017261576 0.007086740 -0.012789030 0.017125029 0.999674857 0.018896583 -0.003576441 -0.007410618 -0.018771939 0.999796391 0.153969526
0.999827147 -0.016958209 0.007624767 -0.013009622 0.016810127 0.999676585 0.019083057 -0.003604387 -0.007945916 -0.018951587 0.999788940 0.154248446
0.999828696 -0.016366428 0.008639401 -0.013229372 0.016184237 0.999653637 0.020752924 -0.003616205 -0.008976059 -0.020609546 0.999747336 0.154412910
0.999783874 -0.017923007 0.010536870 -0.013545172 0.017688422 0.999602556 0.021950051 -0.003633827 -0.010926092 -0.021758927 0.999703586 0.154593572
0.999841630 -0.015379820 0.008946581 -0.013494634 0.015185211 0.999655068 0.021427561 -0.003488995 -0.009273048 -0.021288313 0.999730349 0.154945433
0.999816597 -0.015460850 0.011303453 -0.013864329 0.015161715 0.999544680 0.026087174 -0.003510314 -0.011701639 -0.025911007 0.999595761 0.155022621
0.999800444 -0.014378116 0.013866172 -0.014207346 0.013961642 0.999462008 0.029678024 -0.003544951 -0.014285427 -0.029478509 0.999463320 0.155186996
0.999800205 -0.013555315 0.014690691 -0.014386338 0.013115901 0.999475539 0.029605560 -0.003562436 -0.015084301 -0.029406967 0.999453664 0.155478179
0.999800384 -0.013891532 0.014356960 -0.014417635 0.013496806 0.999537945 0.027234068 -0.003570141 -0.014728649 -0.027034860 0.999525964 0.155749425
0.999739408 -0.017440522 0.014732549 -0.014487529 0.017045069 0.999502003 0.026554123 -0.003582106 -0.015188331 -0.026296085 0.999538779 0.156239331
0.999711692 -0.019224741 0.014380809 -0.014486701 0.018851882 0.999493778 0.025628634 -0.003597458 -0.014866231 -0.025350146 0.999568105 0.156649232
0.999725819 -0.018753953 0.014020499 -0.014483478 0.018371904 0.999469340 0.026898762 -0.003608233 -0.014517516 -0.026633803 0.999539793 0.157054618
0.999790072 -0.015158614 0.013788214 -0.014443446 0.014785803 0.999532759 0.026750131 -0.003619437 -0.014187268 -0.026540641 0.999547064 0.157424644
0.999792576 -0.014172050 0.014631594 -0.014522536 0.013800339 0.999587119 0.025200564 -0.003614647 -0.014982695 -0.024993414 0.999575377 0.157794327
0.999767900 -0.015417699 0.015049208 -0.014647705 0.015052205 0.999596179 0.024105055 -0.003570728 -0.015414773 -0.023872936 0.999596179 0.158102840
0.999712765 -0.017879952 0.015956545 -0.014797961 0.017486610 0.999547899 0.024458760 -0.003498629 -0.016386651 -0.024172707 0.999573469 0.158375323
0.999678969 -0.020224497 0.015264018 -0.014805376 0.019844741 0.999499679 0.024633549 -0.003506825 -0.015754579 -0.024322728 0.999580026 0.158679217
0.999629140 -0.021793922 0.016331296 -0.014964032 0.021386871 0.999466181 0.024697801 -0.003552376 -0.016860835 -0.024339367 0.999561489 0.159037039
0.999643505 -0.020455986 0.017159298 -0.015102994 0.020052463 0.999525905 0.023367507 -0.003437911 -0.017629165 -0.023015091 0.999579728 0.159353301
0.999644816 -0.022588853 0.014140282 -0.014873039 0.022220334 0.999422789 0.025697464 -0.003536681 -0.014712594 -0.025374133 0.999569774 0.159987479
0.999602318 -0.023133464 0.016131019 -0.015191915 0.022710448 0.999405682 0.025931377 -0.003571926 -0.016721316 -0.025554720 0.999533534 0.160176188
0.999587238 -0.022986354 0.017232589 -0.015403608 0.022570001 0.999457657 0.023978336 -0.003577731 -0.017774418 -0.023579497 0.999563873 0.160493493
0.999581516 -0.022975130 0.017577833 -0.015585530 0.022535419 0.999437988 0.024816947 -0.003619879 -0.018138122 -0.024410434 0.999537468 0.160751000
0.999595761 -0.022444639 0.017452344 -0.015625639 0.022018930 0.999464273 0.024213746 -0.003589469 -0.017986469 -0.023819678 0.999554396 0.161085308
0.999523520 -0.023340791 0.020198423 -0.015934883 0.022800526 0.999386668 0.026576960 -0.003610893 -0.020806361 -0.026103759 0.999442697 0.161414132
0.999581814 -0.021633012 0.019189360 -0.015986368 0.021070832 0.999356449 0.029029900 -0.003626040 -0.019805018 -0.028613426 0.999394298 0.161677152
0.999602258 -0.018940594 0.020894257 -0.016162418 0.018362606 0.999452710 0.027515899 -0.003505702 -0.021403989 -0.027121281 0.999403000 0.162033156
0.999622226 -0.017869929 0.020881813 -0.016201284 0.017328303 0.999516010 0.025836850 -0.003508603 -0.021333411 -0.025465244 0.999448061 0.162517026
0.999629200 -0.016890142 0.021357344 -0.016369229 0.016379967 0.999581516 0.023841154 -0.003445120 -0.021751089 -0.023482479 0.999487579 0.162752792
0.999590278 -0.018513622 0.021830546 -0.016495885 0.017983045 0.999544024 0.024255276 -0.003471407 -0.022269646 -0.023852756 0.999467432 0.163090169
0.999595881 -0.019005857 0.021136057 -0.016586618 0.018489307 0.999531925 0.024371929 -0.003427024 -0.021589376 -0.023971289 0.999479532 0.163386241
0.999574244 -0.018460052 0.022595188 -0.016745631 0.017925275 0.999559700 0.023645842 -0.003398330 -0.023021741 -0.023230750 0.999464989 0.163798019
0.999540091 -0.019662213 0.023084309 -0.016853258 0.019131090 0.999552310 0.023007540 -0.003356384 -0.023526352 -0.022555333 0.999468744 0.164123207
0.999497235 -0.021691384 0.023123708 -0.016930720 0.021157287 0.999509335 0.023097076 -0.003283400 -0.023613367 -0.022596227 0.999465823 0.164522007
0.999425650 -0.024099503 0.023830233 -0.017042151 0.023563115 0.999468267 0.022539333 -0.003286266 -0.024360754 -0.021964867 0.999461830 0.164885521
0.999423385 -0.023927366 0.024093473 -0.017149488 0.023396119 0.999482155 0.022095032 -0.003251202 -0.024609674 -0.021518597 0.999465466 0.165421531
0.999440730 -0.023934370 0.023356870 -0.017202986 0.023414582 0.999477565 0.022279629 -0.003195858 -0.023877917 -0.021720273 0.999478877 0.165759102
0.999540448 -0.019424999 0.023270082 -0.017280808 0.018907810 0.999573827 0.022243168 -0.003185841 -0.023692239 -0.021792959 0.999481678 0.166230991
0.999619365 -0.013937509 0.023810320 -0.017366497 0.013431320 0.999683082 0.021288514 -0.003139106 -0.024099486 -0.020960599 0.999489784 0.166670769
0.999697149 -0.011067677 0.021980099 -0.017401239 0.010632193 0.999746859 0.019831751 -0.003111611 -0.022194026 -0.019592049 0.999561608 0.167035684
0.999715686 -0.010301949 0.021504728 -0.017475333 0.009917391 0.999790311 0.017913258 -0.003123285 -0.021684762 -0.017694894 0.999608278 0.167347446
0.999688506 -0.012124080 0.021817604 -0.017596360 0.011746775 0.999780655 0.017339507 -0.003133302 -0.022023046 -0.017077813 0.999611616 0.167851612
0.999702454 -0.014104464 0.019903664 -0.017602306 0.013728885 0.999727488 0.018881924 -0.003089586 -0.020164561 -0.018603051 0.999623537 0.168407589
0.999689460 -0.015134418 0.019794675 -0.017690012 0.014740872 0.999693751 0.019878365 -0.003106551 -0.020089459 -0.019580401 0.999606431 0.168893546
0.999674439 -0.015388930 0.020351188 -0.017770549 0.014977299 0.999683321 0.020226559 -0.003077267 -0.020656010 -0.019915167 0.999588311 0.169557288
0.999716103 -0.015147317 0.018390464 -0.017807052 0.014820583 0.999732137 0.017774720 -0.003069983 -0.018654779 -0.017497115 0.999672949 0.169845253
0.999685109 -0.015406317 0.019805798 -0.018121898 0.015100617 0.999765933 0.015492877 -0.003058880 -0.020039851 -0.015188916 0.999683797 0.169983119
0.999579906 -0.015947457 0.024196852 -0.018660264 0.015573228 0.999757349 0.015576489 -0.003054006 -0.024439387 -0.015193122 0.999585867 0.170066938
0.999549866 -0.020307779 0.022082709 -0.018596627 0.019893026 0.999624491 0.018842094 -0.003139813 -0.022457058 -0.018394319 0.999578595 0.170700282
0.999499500 -0.022887809 0.021835804 -0.018684721 0.022408566 0.999507964 0.021945570 -0.003150646 -0.022327347 -0.021445278 0.999520659 0.171176895
0.999569654 -0.021039110 0.020441625 -0.018664015 0.020541614 0.999494851 0.024250042 -0.003147441 -0.020941496 -0.023819702 0.999496877 0.171757370
0.999620020 -0.015462767 0.022820150 -0.018838972 0.014929874 0.999616146 0.023340356 -0.003105638 -0.023172297 -0.022990782 0.999467134 0.172314838
0.999697685 -0.010377133 0.022289235 -0.019020665 0.009913798 0.999734521 0.020798333 -0.003000529 -0.022499146 -0.020571072 0.999535203 0.172408625
0.999717474 -0.009667587 0.021713618 -0.018971946 0.009236627 0.999760091 0.019860849 -0.003001979 -0.021900419 -0.019654678 0.999566972 0.173039272
0.999684334 -0.009376469 0.023306917 -0.019211624 0.008951458 0.999792933 0.018273309 -0.002960879 -0.023473430 -0.018058911 0.999561369 0.173363343
0.999676287 -0.011643773 0.022619231 -0.019247780 0.011275587 0.999802947 0.016337514 -0.002951645 -0.022805003 -0.016077179 0.999610722 0.173805401
0.999602377 -0.012255657 0.025396977 -0.019580172 0.011839727 0.999794364 0.016463306 -0.002936537 -0.025593525 -0.016156064 0.999541879 0.174124911
0.999475777 -0.015968053 0.028161652 -0.019919559 0.015526341 0.999754012 0.015834495 -0.002910963 -0.028407570 -0.015388947 0.999477983 0.174412116
0.999437809 -0.018955102 0.027653776 -0.019929999 0.018487418 0.999683321 0.017070876 -0.002931283 -0.027968599 -0.016550032 0.999471784 0.174981505
0.999445736 -0.017722996 0.028181709 -0.020025965 0.017188663 0.999669969 0.019090708 -0.002914351 -0.028510755 -0.018595722 0.999420524 0.175501212
0.999441206 -0.017288955 0.028606713 -0.020097325 0.016743807 0.999675632 0.019187637 -0.002935759 -0.028929168 -0.018697929 0.999406636 0.176013380
0.999378741 -0.018357664 0.030083243 -0.020420101 0.017907213 0.999724448 0.015175075 -0.002867488 -0.030353531 -0.014626940 0.999432206 0.176284477
0.999253035 -0.025836913 0.028737796 -0.020543858 0.025482427 0.999595463 0.012633773 -0.002935345 -0.029052589 -0.011892028 0.999507189 0.176747486
0.999256909 -0.025823053 0.028613674 -0.020697476 0.025479147 0.999599457 0.012319104 -0.002950999 -0.028920332 -0.011580899 0.999514639 0.177201495
0.999132812 -0.029375456 0.029504795 -0.020934884 0.028940978 0.999467790 0.015046608 -0.003034017 -0.029931093 -0.014179662 0.999451399 0.177604914
0.999220729 -0.028355170 0.027455620 -0.020892337 0.028020084 0.999529004 0.012513647 -0.002965179 -0.027797520 -0.011734586 0.999544680 0.178177625
0.999142528 -0.028408485 0.030116692 -0.021157518 0.027880391 0.999452531 0.017812194 -0.003009354 -0.030606225 -0.016957255 0.999387741 0.178708717
0.999239326 -0.026389237 0.028710911 -0.021222198 0.025765086 0.999428213 0.021896251 -0.003000472 -0.029272318 -0.021139856 0.999347866 0.179093197
0.999119163 -0.028796773 0.030523574 -0.021484878 0.028103607 0.999342680 0.022900004 -0.002979520 -0.031162951 -0.022022007 0.999271691 0.179675907
0.999032199 -0.027860245 0.034036860 -0.021962192 0.027202945 0.999437392 0.019624205 -0.002878652 -0.034564435 -0.018679315 0.999227822 0.179887399
0.999024808 -0.028191360 0.033982564 -0.022079682 0.027635759 0.999478340 0.016710008 -0.002876308 -0.034435906 -0.015754579 0.999282718 0.180436686
0.999034762 -0.027773984 0.034031298 -0.022260737 0.027228482 0.999494851 0.016389435 -0.002899774 -0.034469299 -0.015446994 0.999286354 0.180937976
0.999051094 -0.026301386 0.034714427 -0.022460602 0.025767375 0.999544024 0.015741758 -0.002764508 -0.035112623 -0.014832326 0.999273241 0.181459323
0.998862147 -0.029661674 0.037345201 -0.022821706 0.029016932 0.999422371 0.017689792 -0.002928708 -0.037848335 -0.016586024 0.999145865 0.181897551
0.998765767 -0.028505748 0.040672764 -0.023291957 0.027762812 0.999439299 0.018715616 -0.002922439 -0.041183464 -0.017563330 0.998997211 0.182224035
0.998767197 -0.029716078 0.039762694 -0.023332216 0.028955769 0.999389172 0.019562472 -0.002870210 -0.040319722 -0.018386990 0.999017656 0.182787269
0.998742640 -0.032062989 0.038537689 -0.023378523 0.031286698 0.999298453 0.020580964 -0.002973512 -0.039170533 -0.019349366 0.999045193 0.183381692
0.998720407 -0.031851597 0.039283615 -0.023540623 0.031133326 0.999339104 0.018762775 -0.002956426 -0.039855279 -0.017515734 0.999051988 0.183926463
0.998693109 -0.032026079 0.039830822 -0.023761371 0.031335905 0.999349713 0.017833229 -0.002962885 -0.040376056 -0.016561784 0.999047339 0.184427947
0.998524725 -0.032836117 0.043245468 -0.024148740 0.032027613 0.999301374 0.019257907 -0.003035988 -0.043847617 -0.017844446 0.998878837 0.184933454
0.998374224 -0.035790816 0.044362690 -0.024451239 0.034970470 0.999205172 0.019132271 -0.003052484 -0.045012191 -0.017549781 0.998832285 0.185370833
0.998230338 -0.033449888 0.049164645 -0.025029939 0.032670032 0.999328732 0.016581146 -0.002922551 -0.049686279 -0.014945596 0.998652995 0.185856864
0.998226583 -0.035121117 0.048064224 -0.025103046 0.034388747 0.999280691 0.015980694 -0.002981598 -0.048590913 -0.014299484 0.998716414 0.186477527
0.998035014 -0.036153156 0.051176138 -0.025496311 0.035388608 0.999249279 0.015767911 -0.002987120 -0.051707778 -0.013925876 0.998565137 0.186931744
0.997902751 -0.037219599 0.052961335 -0.025788676 0.036490031 0.999226272 0.014676849 -0.003011817 -0.053466633 -0.012713507 0.998488665 0.187509030
0.997823358 -0.039221112 0.053012449 -0.025963787 0.038463287 0.999143839 0.015240978 -0.003120168 -0.053564832 -0.013168769 0.998477519 0.188033670
0.997764289 -0.037143376 0.055558439 -0.026252653 0.036524829 0.999259412 0.012108007 -0.002870347 -0.055967029 -0.010051676 0.998382032 0.188616768
0.997298658 -0.042730637 0.059745390 -0.026786953 0.042002685 0.999027789 0.013387920 -0.002900885 -0.060259372 -0.010842288 0.998123884 0.189417675
0.997129202 -0.044904839 0.060967073 -0.027035363 0.044164147 0.998933792 0.013443486 -0.002903623 -0.061505742 -0.010712334 0.998049259 0.190048024
0.996882379 -0.046724591 0.063579775 -0.027358310 0.045852412 0.998833954 0.015109357 -0.002938400 -0.064211607 -0.012146968 0.997862399 0.190677986
0.996713281 -0.047411237 0.065688744 -0.027583223 0.046538819 0.998807549 0.014749117 -0.002941139 -0.066309683 -0.011643565 0.997731149 0.191395208
0.996309042 -0.049625177 0.070041522 -0.028010553 0.048664406 0.998697042 0.015358487 -0.002989417 -0.070712417 -0.011893269 0.997425854 0.191974759
0.996061325 -0.050519340 0.072867513 -0.028308365 0.049573448 0.998661816 0.014732881 -0.002901556 -0.073514298 -0.011062560 0.997232795 0.192724094
0.995541573 -0.053904835 0.077402927 -0.028731136 0.052919574 0.998490214 0.014725680 -0.002904378 -0.078079849 -0.010563898 0.996891141 0.193507254
0.995030046 -0.056958891 0.081675902 -0.029101133 0.055948265 0.998326838 0.014611186 -0.002963709 -0.082371481 -0.009968947 0.996551752 0.194252193
0.994578242 -0.060092337 0.084870949 -0.029382633 0.059068251 0.998148263 0.014528670 -0.002900807 -0.085586846 -0.009436721 0.996285975 0.195023432
0.993976831 -0.063020378 0.089658521 -0.029737115 0.062012482 0.997977436 0.013985721 -0.002863494 -0.090358578 -0.008341539 0.995874345 0.195864215
0.994412184 -0.059277810 0.087353483 -0.029460737 0.058564182 0.998226225 0.010711925 -0.002802697 -0.087833501 -0.005536284 0.996119797 0.196975723
0.994471073 -0.062665567 0.084263280 -0.029087745 0.061890334 0.998013377 0.011783639 -0.002902006 -0.084834315 -0.006503408 0.996373773 0.198271349
0.993725181 -0.066382058 0.090019420 -0.029642658 0.065473497 0.997769415 0.013011864 -0.002816651 -0.090682365 -0.007036333 0.995854974 0.198924825
0.992780566 -0.071294576 0.096456498 -0.030173020 0.070327319 0.997433960 0.013395163 -0.002894245 -0.097163998 -0.006514931 0.995247126 0.199674517
0.992522538 -0.072954111 0.097861372 -0.030368485 0.072169848 0.997325599 0.011534754 -0.002876356 -0.098441169 -0.004385863 0.995133162 0.200589046
0.992060304 -0.075068064 0.100901678 -0.030708568 0.074531429 0.997177303 0.009083144 -0.002904984 -0.101298720 -0.001490680 0.994854927 0.201382518
0.990505517 -0.083177917 0.109454587 -0.031546868 0.082732514 0.996534586 0.008612550 -0.002815582 -0.109791651 0.000524674 0.993954480 0.202043340
0.989390731 -0.086861297 0.116452582 -0.032170676 0.085992880 0.996217728 0.012470553 -0.002904831 -0.117095336 -0.002324157 0.993117988 0.202899382
0.988184869 -0.092682734 0.122068048 -0.032730281 0.091469474 0.995687008 0.015518047 -0.002907438 -0.122979820 -0.004169200 0.992400408 0.203759447
0.987167060 -0.096967936 0.126879126 -0.033225041 0.095406808 0.995269537 0.018338513 -0.002996676 -0.128057137 -0.005998043 0.991748631 0.204653129
0.987162530 -0.094497479 0.128764361 -0.033109508 0.092971288 0.995509207 0.017825752 -0.002965758 -0.129870594 -0.005625523 0.991515040 0.206169337
0.986691177 -0.095811911 0.131379098 -0.033435687 0.094694003 0.995397210 0.014744811 -0.002954443 -0.132187113 -0.002107761 0.991222680 0.207163617
0.986661077 -0.095428087 0.131883577 -0.033468544 0.094828807 0.995434761 0.010831645 -0.002838642 -0.132315099 0.001819200 0.991206110 0.208391637
0.984874487 -0.102028228 0.140044078 -0.034078054 0.100715160 0.994779289 0.016450271 -0.003207973 -0.140991315 -0.002096890 0.990008652 0.209559932
0.983623803 -0.104889236 0.146568492 -0.034711760 0.103543967 0.994482994 0.016799303 -0.003422593 -0.147521928 -0.001347911 0.989057958 0.210573480
0.982484639 -0.103114769 0.155212954 -0.035505313 0.101270400 0.994662464 0.019764990 -0.003725612 -0.156422570 -0.003700324 0.987683356 0.211403936
0.983134806 -0.097167313 0.154933497 -0.035702750 0.095965423 0.995268166 0.015235977 -0.003512910 -0.155680791 -0.000110763 0.987807393 0.210010603
0.983896911 -0.093996152 0.152024701 -0.035506438 0.092561550 0.995570242 0.016502125 -0.003581850 -0.152902395 -0.002164748 0.988238931 0.209761068
0.983847380 -0.096443072 0.150807992 -0.035381198 0.094947793 0.995335400 0.017101556 -0.003498826 -0.151753843 -0.002506436 0.988415122 0.209634975
