0.999998987 -0.000578256 0.001303245 -0.000145296 0.000578585 0.999999821 -0.000251845 -0.000532999 -0.001303099 0.000252598 0.999999046 0.039279107
0.999982476 -0.002615703 -0.005307479 0.000515148 0.002600733 0.999992609 -0.002825360 -0.000333423 0.005314831 0.002811507 0.999981940 0.043207008
0.999904811 0.000162257 -0.013793509 0.001313888 -0.000171909 0.999999762 -0.000698526 -0.000394350 0.013793392 0.000700831 0.999904633 0.042791650
0.999790609 0.001136526 -0.020427881 0.001840106 -0.001126932 0.999999285 0.000481180 -0.000329869 0.020428412 -0.000458058 0.999791205 0.043899272
0.999845684 0.002236751 -0.017424012 0.001633330 -0.002226063 0.999997318 0.000632778 -0.000327988 0.017425381 -0.000593893 0.999848008 0.045436997
0.999953091 0.003242390 -0.009126291 0.000520343 -0.003226866 0.999993324 0.001715247 -0.000525691 0.009131791 -0.001685717 0.999956906 0.046883788
0.999997258 0.002266079 -0.000558161 -0.000145356 -0.002265428 0.999996781 0.001164467 -0.000458957 0.000560798 -0.001163200 0.999999166 0.047574677
0.999990284 0.000788535 0.004338123 -0.000658172 -0.000798157 0.999997199 0.002216682 -0.000512734 -0.004336363 -0.002220123 0.999988139 0.048957072
0.999937296 0.000841187 0.011166110 -0.001724517 -0.000874510 0.999995172 0.002979788 -0.000740557 -0.011163549 -0.002989366 0.999933243 0.049084697
0.999853790 0.001743213 0.017009988 -0.002154859 -0.001800344 0.999992788 0.003343949 -0.000935798 -0.017004039 -0.003374084 0.999849677 0.048004560
0.999771893 0.002826042 0.021169789 -0.003116709 -0.002882080 0.999992430 0.002616987 -0.000941718 -0.021162232 -0.002677403 0.999772489 0.050638586
0.999688745 0.004328638 0.024567477 -0.002903277 -0.004423486 0.999983013 0.003807660 -0.000953654 -0.024550578 -0.003915149 0.999690950 0.050049979
0.999548078 0.003783835 0.029820230 -0.003559928 -0.003950162 0.999976993 0.005520714 -0.001058492 -0.029798655 -0.005636015 0.999540031 0.050705243
0.999399722 0.003282537 0.034486163 -0.004070711 -0.003555470 0.999962807 0.007855960 -0.001145916 -0.034459092 -0.007973859 0.999374270 0.051566903
0.999232650 0.003970655 0.038967401 -0.004611754 -0.004233339 0.999968886 0.006660941 -0.001165296 -0.038939744 -0.006820792 0.999218285 0.052471835
0.999035716 0.003411076 0.043771688 -0.005097686 -0.003734773 0.999966323 0.007315476 -0.001232274 -0.043745257 -0.007471900 0.999014795 0.053366590
0.998790383 0.001477463 0.049147960 -0.005671145 -0.001895384 0.999962389 0.008457812 -0.001297891 -0.049133621 -0.008540735 0.998755693 0.054355569
0.998538733 0.002338621 0.053992413 -0.006208042 -0.002862974 0.999949515 0.009636298 -0.001338390 -0.053967152 -0.009776795 0.998494923 0.055368461
0.998322189 0.002100507 0.057865832 -0.006558953 -0.002663402 0.999949813 0.009652183 -0.001392677 -0.057842657 -0.009790108 0.998277724 0.056073900
0.998092353 0.002096277 0.061703425 -0.006822363 -0.002690860 0.999950647 0.009554625 -0.001452711 -0.061680354 -0.009702433 0.998048782 0.057161830
0.997675419 0.003293905 0.068066232 -0.007501790 -0.004091007 0.999924600 0.011574608 -0.001508984 -0.068022981 -0.011826159 0.997613668 0.058166824
0.997451663 0.003686974 0.071251698 -0.007775689 -0.004673770 0.999895394 0.013687690 -0.001534174 -0.071193784 -0.013985821 0.997364521 0.058759112
0.997391582 0.005152121 0.071997315 -0.007772486 -0.006262762 0.999864757 0.015208941 -0.001621339 -0.071909219 -0.015620167 0.997288823 0.059189558
0.996890187 0.005318778 0.078623764 -0.008312698 -0.006324300 0.999901295 0.012545559 -0.001578531 -0.078549281 -0.013003784 0.996825397 0.060378805
0.996509194 0.005871574 0.083276421 -0.008748104 -0.006819159 0.999915183 0.011098914 -0.001694954 -0.083204180 -0.011628045 0.996464670 0.061391789
0.995713592 0.005823219 0.092306666 -0.009466531 -0.006886425 0.999913454 0.011203866 -0.001765719 -0.092233442 -0.011791505 0.995667577 0.062762924
0.995356798 0.006366581 0.096043222 -0.009788901 -0.007785528 0.999865770 0.014406530 -0.001814276 -0.095938638 -0.015087384 0.995272934 0.063681841
0.994689226 0.005147849 0.102795422 -0.010319181 -0.006890972 0.999838233 0.016609291 -0.001861952 -0.102693297 -0.017229443 0.994563758 0.064672954
0.994218946 0.004143810 0.107291944 -0.010708455 -0.005966884 0.999843061 0.016676264 -0.001873911 -0.107205994 -0.017220054 0.994087636 0.065595292
0.993856490 0.003040838 0.110634342 -0.010971066 -0.004747726 0.999873638 0.015168024 -0.001842817 -0.110574245 -0.015600100 0.993745446 0.066294663
0.993104637 0.002761708 0.117199913 -0.011416137 -0.004690056 0.999858081 0.016180890 -0.001967933 -0.117138609 -0.016618993 0.992976487 0.067329228
0.992650747 0.001959478 0.120999157 -0.011726738 -0.004130248 0.999834836 0.017692173 -0.002034431 -0.120944522 -0.018061902 0.992494941 0.068229720
0.992069602 0.002602561 0.125662833 -0.012105474 -0.005025740 0.999807417 0.018969996 -0.002067472 -0.125589266 -0.019451108 0.991891563 0.069075882
0.991140425 0.002030915 0.132802799 -0.012653489 -0.004752675 0.999785006 0.020180974 -0.002074607 -0.132733271 -0.020633347 0.990936995 0.070189103
0.990838289 0.001272947 0.135047734 -0.012807608 -0.004087443 0.999780178 0.020565525 -0.002115242 -0.134991869 -0.020929109 0.990625560 0.070749193
0.991256118 0.000920963 0.131948382 -0.012477651 -0.003629338 0.999787748 0.020286998 -0.002093906 -0.131901622 -0.020588502 0.991048992 0.070848443
0.991385221 0.000655640 0.130976841 -0.012429223 -0.003493536 0.999764085 0.021438563 -0.002103501 -0.130931854 -0.021711446 0.991153598 0.071238190
0.991077721 0.001822285 0.133272797 -0.012613794 -0.004886879 0.999731064 0.022671413 -0.002126805 -0.133195594 -0.023120422 0.990820110 0.071881615
0.990694880 0.004141120 0.136038482 -0.012733268 -0.007472944 0.999684274 0.023990244 -0.002176215 -0.135896176 -0.024783619 0.990413010 0.072480291
0.990544200 0.004466497 0.137121618 -0.012838684 -0.007737782 0.999697804 0.023333063 -0.002194472 -0.136975989 -0.024173448 0.990279377 0.073088475
0.990273595 0.004191725 0.139070258 -0.012982081 -0.007445416 0.999710441 0.022884032 -0.002220204 -0.138934046 -0.023696890 0.990018070 0.073666528
0.990147173 0.003381425 0.139990106 -0.013079292 -0.006656555 0.999714851 0.022933824 -0.002258011 -0.139872625 -0.023639714 0.989887297 0.074125499
0.990314901 0.001549371 0.138830900 -0.013008839 -0.004788662 0.999723911 0.023001658 -0.002196216 -0.138756946 -0.023443697 0.990048945 0.074407995
0.990158677 0.001513818 0.139941439 -0.013109803 -0.005011161 0.999683738 0.024642492 -0.002212556 -0.139859870 -0.025101244 0.989853024 0.074953027
0.989868343 0.000477437 0.141987577 -0.013263868 -0.003884095 0.999711215 0.023716474 -0.002228318 -0.141935259 -0.024027681 0.989584267 0.075471617
0.989626765 0.000939129 0.143659785 -0.013412586 -0.004350279 0.999715924 0.023432368 -0.002225388 -0.143596992 -0.023814257 0.989349663 0.076036692
0.989345789 0.001268481 0.145579100 -0.013569774 -0.004773687 0.999707043 0.023730868 -0.002242777 -0.145506337 -0.024172986 0.989061952 0.076609701
0.988818884 0.003368860 0.149083897 -0.013767529 -0.007226666 0.999652803 0.025342600 -0.002303210 -0.148946762 -0.026136618 0.988499701 0.077193134
0.988906860 0.003503461 0.148495808 -0.013795485 -0.007288363 0.999662101 0.024951788 -0.002299861 -0.148358181 -0.025757285 0.988598228 0.077707887
0.988453984 0.004547979 0.151453122 -0.013948067 -0.008474581 0.999644220 0.025290810 -0.002292763 -0.151284218 -0.026282305 0.988140941 0.078240149
0.988771856 0.006122607 0.149307787 -0.013827461 -0.010006831 0.999630392 0.025277501 -0.002303770 -0.149097860 -0.026487777 0.988467693 0.078425951
0.988676429 0.006486439 0.149923488 -0.013837650 -0.010189049 0.999661386 0.023941733 -0.002290523 -0.149717435 -0.025198204 0.988407731 0.078799121
0.988536537 0.005792135 0.150870696 -0.013830047 -0.009617122 0.999650240 0.024635451 -0.002301524 -0.150675237 -0.025803981 0.988246500 0.079208173
0.988397181 0.005992518 0.151773661 -0.013891504 -0.010174678 0.999589205 0.026793627 -0.002327470 -0.151550785 -0.028026992 0.988052130 0.079509072
0.988207698 0.006605610 0.152976677 -0.013930607 -0.010982659 0.999553621 0.027785199 -0.002323785 -0.152724877 -0.029137637 0.987839103 0.079845682
0.988019109 0.007245842 0.154161379 -0.013924832 -0.011505195 0.999575853 0.026754975 -0.002324536 -0.153902128 -0.028208084 0.987683415 0.080241203
0.987910807 0.006690040 0.154879078 -0.013890222 -0.010655075 0.999635994 0.024784870 -0.002319786 -0.154656917 -0.026135489 0.987622499 0.080743402
0.987837434 0.006807516 0.155341268 -0.013920553 -0.010526517 0.999676943 0.023130806 -0.002329468 -0.155133635 -0.024484677 0.987590075 0.081106372
0.987579107 0.006044654 0.157006904 -0.013994291 -0.009847911 0.999676287 0.023456879 -0.002330751 -0.156814307 -0.024711709 0.987318993 0.081462875
0.987311125 0.006464798 0.158666283 -0.014061369 -0.010519912 0.999638796 0.024730915 -0.002336993 -0.158449098 -0.026086263 0.987022579 0.081833780
0.987048388 0.005851172 0.160316110 -0.014122292 -0.010169002 0.999606967 0.026126029 -0.002344978 -0.160100237 -0.027417913 0.986719906 0.082293525
0.987225294 0.005225509 0.159244865 -0.014019530 -0.009536248 0.999608099 0.026317719 -0.002321361 -0.159044921 -0.027500119 0.986888230 0.082730882
0.986980498 0.005446642 0.160747349 -0.014088405 -0.009720153 0.999619603 0.025810884 -0.002329723 -0.160545602 -0.027037328 0.986658037 0.083143294
0.986779511 0.006079523 0.161954150 -0.014128876 -0.010355556 0.999619305 0.025571698 -0.002341864 -0.161737025 -0.026910754 0.986466885 0.083597735
0.986665070 0.004660608 0.162696779 -0.014180110 -0.008996563 0.999623418 0.025923941 -0.002345982 -0.162514687 -0.027041962 0.986335516 0.084011488
0.986122608 0.006514631 0.165891081 -0.014347385 -0.011113955 0.999578714 0.026811786 -0.002361329 -0.165646508 -0.028283413 0.985779524 0.084381275
0.986288130 0.007408947 0.164866641 -0.014268520 -0.012062435 0.999556065 0.027242474 -0.002373806 -0.164591655 -0.028857620 0.985939503 0.084803432
0.985830247 0.008088008 0.167550787 -0.014403004 -0.012940301 0.999527335 0.027888590 -0.002390501 -0.167246044 -0.029661572 0.985468805 0.085227251
0.985707402 0.008482491 0.168252170 -0.014447447 -0.013082325 0.999569833 0.026249327 -0.002383156 -0.167957142 -0.028075283 0.985394359 0.085673921
0.985603988 0.007922539 0.168884695 -0.014504222 -0.012683938 0.999551475 0.027133029 -0.002405560 -0.168593988 -0.028884545 0.985262215 0.086123012
0.985540450 0.008611281 0.169221148 -0.014541951 -0.013470842 0.999528587 0.027590154 -0.002399607 -0.168903783 -0.029470762 0.985191822 0.086555809
0.985295534 0.008633893 0.170640379 -0.014553597 -0.013767482 0.999486744 0.028923858 -0.002428609 -0.170303077 -0.030847842 0.984908760 0.086839631
0.985254407 0.008634438 0.170877501 -0.014569241 -0.013546638 0.999527156 0.027601823 -0.002430243 -0.170558393 -0.029509634 0.984905541 0.087166660
0.985065341 0.008976729 0.171946645 -0.014646113 -0.013658341 0.999566972 0.026063411 -0.002437215 -0.171638221 -0.028022669 0.984761417 0.087644793
0.984684348 0.008387198 0.174145192 -0.014762344 -0.013359952 0.999535143 0.027402632 -0.002472677 -0.173834398 -0.029309511 0.984338701 0.088126406
0.984407663 0.007408741 0.175745964 -0.014831647 -0.012789171 0.999482810 0.029501949 -0.002491425 -0.175436512 -0.031289592 0.983993411 0.088590965
0.984226704 0.007694717 0.176744014 -0.014880580 -0.013152278 0.999471486 0.029727589 -0.002481279 -0.176421881 -0.031583272 0.983807743 0.089057378
0.983811736 0.007813539 0.179034457 -0.014973468 -0.013520444 0.999437809 0.030678034 -0.002496716 -0.178694084 -0.032602038 0.983364344 0.089469731
0.983605742 0.008081351 0.180151522 -0.015044534 -0.013922511 0.999416709 0.031182762 -0.002505375 -0.179794431 -0.033179704 0.983144462 0.089935757
0.983434021 0.007297364 0.181119382 -0.015120581 -0.013158465 0.999427080 0.031179978 -0.002511909 -0.180788085 -0.033046708 0.982966721 0.090448312
0.982980192 0.008698603 0.183505401 -0.015231280 -0.014629086 0.999412656 0.030988770 -0.002548610 -0.183128059 -0.033145864 0.982530177 0.090912282
0.982301593 0.006552048 0.187191755 -0.015371375 -0.012413546 0.999468088 0.030157765 -0.002544656 -0.186894566 -0.031947736 0.981860340 0.091469742
0.981883705 0.009162132 0.189262852 -0.015444962 -0.015308268 0.999400914 0.031037752 -0.002581528 -0.188865140 -0.033372752 0.981435776 0.091794580
0.981508136 0.010009546 0.191158772 -0.015539974 -0.016398394 0.999357462 0.031869013 -0.002611089 -0.190716982 -0.034414388 0.981041670 0.092235439
0.981909573 0.011531081 0.188998967 -0.015413443 -0.017954899 0.999316454 0.032311734 -0.002621831 -0.188497230 -0.035120666 0.981445491 0.092355356
0.981703162 0.010408436 0.190132588 -0.015406385 -0.016668331 0.999369323 0.031354364 -0.002564963 -0.189686313 -0.033949878 0.981257558 0.092617966
0.981325984 0.013094866 0.191905826 -0.015431676 -0.019477321 0.999316692 0.031409569 -0.002599402 -0.191363439 -0.034560841 0.980910540 0.093003385
0.980687022 0.012598460 0.195177257 -0.015545679 -0.018911542 0.999355316 0.030515686 -0.002595805 -0.194666997 -0.033617437 0.980293155 0.093533956
0.980531096 0.012564166 0.195961401 -0.015510865 -0.019082433 0.999324381 0.031410474 -0.002592894 -0.195434391 -0.034538370 0.980108440 0.093767412
0.980995238 0.012049525 0.193656817 -0.015315905 -0.018532649 0.999325573 0.031700633 -0.002570387 -0.193144262 -0.034687147 0.980557084 0.093796678
0.981319368 0.009841081 0.192134187 -0.015157180 -0.016211925 0.999368608 0.031614400 -0.002537073 -0.191701770 -0.034138691 0.980859339 0.093859822
0.981345236 0.009855667 0.192001119 -0.015100120 -0.016399611 0.999336421 0.032523524 -0.002558752 -0.191553146 -0.035065547 0.980855644 0.094003551
0.981267810 0.010961156 0.192336366 -0.015047088 -0.017295869 0.999360740 0.031287521 -0.002551050 -0.191870481 -0.034028057 0.980830133 0.094160713
0.981212735 0.010389864 0.192648873 -0.015040582 -0.016595365 0.999393106 0.030625798 -0.002558153 -0.192213759 -0.033247501 0.980789721 0.094287410
0.980895460 0.009939825 0.194280908 -0.015069241 -0.016274694 0.999385715 0.031037832 -0.002570985 -0.193853021 -0.033606734 0.980454803 0.094882749
0.980649710 0.009202080 0.195553854 -0.015131339 -0.015414326 0.999422967 0.030269349 -0.002559775 -0.195162445 -0.032697964 0.980225682 0.095297746
0.980511248 0.007825484 0.196306869 -0.015181014 -0.014220083 0.999412537 0.031186229 -0.002563931 -0.195947483 -0.033369951 0.980046451 0.095646657
0.980405688 0.008555995 0.196803153 -0.015153654 -0.015228307 0.999358475 0.032415189 -0.002596331 -0.196399540 -0.034777015 0.979907095 0.095891386
0.980749071 0.011389459 0.194939330 -0.015088808 -0.017879402 0.999341786 0.031564936 -0.002586060 -0.194451496 -0.034442682 0.980307341 0.095975570
0.980784297 0.006674760 0.194980785 -0.015089326 -0.012573659 0.999499381 0.029031720 -0.002516496 -0.194689423 -0.030925479 0.980377316 0.096187018
0.980505526 0.009727922 0.196250409 -0.015092595 -0.015903069 0.999425888 0.029914385 -0.002593553 -0.195846751 -0.032452200 0.980097413 0.096596606
0.980565667 0.010142165 0.195928857 -0.015091149 -0.016519055 0.999384761 0.030940294 -0.002595200 -0.195494518 -0.033575550 0.980129838 0.096858181
0.980581999 0.008630672 0.195919409 -0.015081694 -0.015310221 0.999351025 0.032604527 -0.002595547 -0.195510864 -0.034970984 0.980077803 0.097128309
0.980355203 0.007832380 0.197084233 -0.015131408 -0.014996639 0.999278843 0.034885108 -0.002619529 -0.196668848 -0.037155397 0.979765713 0.097415887
0.980260491 0.007941443 0.197550684 -0.015118983 -0.015034877 0.999293923 0.034433000 -0.002617816 -0.197137743 -0.036723457 0.979687750 0.097767517
0.980283916 0.004033460 0.197553098 -0.015167383 -0.010559105 0.999432385 0.031990137 -0.002555002 -0.197311923 -0.033445396 0.979770124 0.098097317
0.980136931 0.004999169 0.198259041 -0.015142567 -0.011727585 0.999393821 0.032777835 -0.002609725 -0.197974995 -0.034451861 0.979601443 0.098299280
0.980844080 0.005796002 0.194708332 -0.015025843 -0.012088650 0.999441743 0.031145629 -0.002601905 -0.194419116 -0.032902762 0.980366707 0.098348267
0.980908632 0.004932728 0.194406241 -0.015052089 -0.011008176 0.999483764 0.030183369 -0.002596070 -0.194156975 -0.031747188 0.980456650 0.098560423
0.980998516 0.005092673 0.193948373 -0.015040483 -0.010975375 0.999511302 0.029268827 -0.002588451 -0.193704516 -0.030841334 0.980575025 0.098816417
0.981374800 0.004232976 0.192056164 -0.014976554 -0.010125545 0.999507308 0.029710392 -0.002596057 -0.191835776 -0.031101706 0.980934143 0.099046730
0.981331348 0.005736060 0.192239106 -0.014987579 -0.011705711 0.999483407 0.029931931 -0.002595673 -0.191968098 -0.031623434 0.980891526 0.099259295
0.981327891 0.007531657 0.192194477 -0.014941450 -0.013569139 0.999454260 0.030116532 -0.002585462 -0.191862777 -0.032162111 0.980894625 0.099418432
0.981270790 0.008278433 0.192455336 -0.014977271 -0.014192495 0.999467790 0.029371258 -0.002580399 -0.192109749 -0.031552583 0.980866075 0.099712685
0.981361032 0.006621837 0.192058593 -0.014957754 -0.012496896 0.999489725 0.029394720 -0.002603950 -0.191765964 -0.031246969 0.980943143 0.100014016
0.981498420 0.005010040 0.191404313 -0.014945921 -0.010530228 0.999557078 0.027834179 -0.002597418 -0.191180050 -0.029334735 0.981116533 0.100235462
0.981519878 0.005468938 0.191281438 -0.014938595 -0.011080064 0.999538779 0.028277116 -0.002598209 -0.191038549 -0.029873965 0.981127799 0.100462988
0.981501758 0.004885263 0.191390440 -0.014940668 -0.010777772 0.999498963 0.029758988 -0.002594773 -0.191149175 -0.031271264 0.981062710 0.100710288
0.981332004 0.007579421 0.192171752 -0.014922922 -0.013906540 0.999403954 0.031596899 -0.002591009 -0.191817731 -0.033679485 0.980852604 0.100920983
0.980980575 0.009142464 0.193890527 -0.014921177 -0.015176106 0.999445021 0.029656308 -0.002593763 -0.193511784 -0.032034766 0.980574906 0.101134948
0.981051922 0.009436383 0.193514273 -0.014913486 -0.015056220 0.999505937 0.027590806 -0.002579401 -0.193158314 -0.029981608 0.980709493 0.101340778
0.980841219 0.009215062 0.194590464 -0.014950566 -0.015277084 0.999442875 0.029674988 -0.002618680 -0.194208577 -0.032079224 0.980435610 0.101633862
0.980876446 0.005709820 0.194547430 -0.014935913 -0.012095464 0.999425709 0.031650975 -0.002619102 -0.194254979 -0.033398837 0.980382323 0.101912193
0.980989456 0.003516174 0.194029555 -0.014937386 -0.010164925 0.999394178 0.033281729 -0.002630940 -0.193795025 -0.034621317 0.980430961 0.102143317
0.980711699 0.001102630 0.195456952 -0.014988877 -0.007405530 0.999475598 0.031519156 -0.002626847 -0.195319697 -0.032358669 0.980205655 0.102384917
0.981095314 0.002499529 0.193508714 -0.014926901 -0.008471247 0.999512792 0.030038901 -0.002639954 -0.193339363 -0.031110294 0.980638623 0.102536708
0.981240034 0.001953473 0.192779988 -0.014898192 -0.007456669 0.999584973 0.027825087 -0.002622566 -0.192645624 -0.028740589 0.980847418 0.102704942
0.981376350 0.000973723 0.192092270 -0.014886258 -0.006309705 0.999610901 0.027168460 -0.002623012 -0.191991061 -0.027874527 0.981000721 0.102886871
0.981616259 0.001508521 0.190859377 -0.014852617 -0.007133761 0.999559999 0.028789569 -0.002622085 -0.190731943 -0.029621851 0.981195152 0.103066549
0.981661260 0.000235680 0.190633878 -0.014881762 -0.005865890 0.999562979 0.028970394 -0.002610938 -0.190543741 -0.029557345 0.981233716 0.103319593
0.981782854 0.002454418 0.189990461 -0.014861092 -0.008056610 0.999555171 0.028719954 -0.002623597 -0.189835399 -0.029727438 0.981365800 0.103572764
0.982131362 0.003216711 0.188169107 -0.014815934 -0.008758171 0.999551833 0.028625350 -0.002623820 -0.187992677 -0.029761868 0.981719494 0.103690825
0.981865346 0.002018062 0.189568818 -0.014878765 -0.007656004 0.999549687 0.029013274 -0.002624110 -0.189424902 -0.029938469 0.981438696 0.103993900
0.982182920 0.002562809 0.187910289 -0.014876954 -0.008047889 0.999563396 0.028432755 -0.002624948 -0.187755361 -0.029438447 0.981774628 0.104122519
0.982191265 0.005660475 0.187798440 -0.014924970 -0.011079153 0.999551654 0.027816571 -0.002629803 -0.187556803 -0.029401841 0.981813610 0.104355715
0.982166111 0.003019604 0.187990829 -0.014943441 -0.008286812 0.999594629 0.027238822 -0.002651072 -0.187832355 -0.028310891 0.981793046 0.104605980
0.981743753 0.003808687 0.190170154 -0.015009571 -0.009458396 0.999540269 0.028809914 -0.002674274 -0.189972982 -0.030082660 0.981328368 0.104835652
0.981502473 0.004715984 0.191391036 -0.015016407 -0.010496371 0.999518573 0.029199395 -0.002653946 -0.191161186 -0.030668188 0.981079519 0.105128862
0.981710076 0.004897545 0.190318942 -0.014910461 -0.010928421 0.999470353 0.030651657 -0.002647620 -0.190068051 -0.032170925 0.981243670 0.105305210
0.981751323 0.006125497 0.190070465 -0.014856497 -0.011859396 0.999507725 0.029044479 -0.002639568 -0.189798996 -0.030768575 0.981340766 0.105433293
0.981615543 0.007543718 0.190719470 -0.014865404 -0.013170077 0.999514043 0.028250400 -0.002644459 -0.190413684 -0.030242816 0.981238008 0.105602600
0.981629729 0.008008345 0.190627947 -0.014921831 -0.013720890 0.999494791 0.028665962 -0.002661373 -0.190302104 -0.030754946 0.981243730 0.105760716
0.980823994 0.005993661 0.194803119 -0.015046541 -0.011687226 0.999537051 0.028091058 -0.002647695 -0.194544569 -0.029829096 0.980440080 0.105989680
0.980343342 0.004809747 0.197240382 -0.015157634 -0.010601673 0.999542713 0.028319422 -0.002651307 -0.197013959 -0.029853836 0.979946077 0.106197909
0.979903877 0.002739765 0.199450970 -0.015216906 -0.008622604 0.999552846 0.028632540 -0.002651572 -0.199283287 -0.029776933 0.979489386 0.106386803
0.979309618 0.002191424 0.202355325 -0.015294146 -0.008509632 0.999502838 0.030358635 -0.002659562 -0.202188194 -0.031452477 0.978841543 0.106665589
0.978989005 0.003321576 0.203885749 -0.015363313 -0.009674328 0.999497890 0.030169604 -0.002663277 -0.203683168 -0.031508174 0.978529692 0.106894426
0.978735864 0.006085816 0.205033898 -0.015380321 -0.012187755 0.999519289 0.028510923 -0.002666819 -0.204761788 -0.030403573 0.978339553 0.106950484
0.978457510 0.006190350 0.206355378 -0.015445847 -0.011787076 0.999594927 0.025903413 -0.002668452 -0.206111446 -0.027777724 0.978134155 0.107112356
0.978376687 0.005405847 0.206760004 -0.015510442 -0.010747501 0.999636650 0.024720555 -0.002670497 -0.206551239 -0.026408169 0.978079379 0.107299559
0.978853524 0.005713405 0.204482332 -0.015473107 -0.011076902 0.999623656 0.025094634 -0.002669028 -0.204261988 -0.026829001 0.978548586 0.107251152
0.978780806 0.006637252 0.204802692 -0.015505286 -0.012146935 0.999596953 0.025656927 -0.002671968 -0.204549879 -0.027600236 0.978466928 0.107359804
0.979045689 0.005847160 0.203556627 -0.015484994 -0.011412391 0.999592185 0.026176868 -0.002673013 -0.203320563 -0.027951419 0.978713095 0.107327335
0.978983879 0.005192521 0.203871250 -0.015516091 -0.010984793 0.999567270 0.027290069 -0.002675234 -0.203641325 -0.028956028 0.978617370 0.107461825
0.979633808 0.005669100 0.200712323 -0.015505577 -0.011372227 0.999563277 0.027272835 -0.002679367 -0.200470075 -0.028999936 0.979270577 0.107514262
0.979958355 0.002919960 0.199181125 -0.015519071 -0.008718324 0.999563098 0.028240168 -0.002680729 -0.199011669 -0.029410714 0.979555666 0.107573330
0.980276644 0.002470392 0.197614565 -0.015529698 -0.008153447 0.999576151 0.027949810 -0.002670334 -0.197461724 -0.029009791 0.979881287 0.107660487
0.980512857 0.002447350 0.196439400 -0.015547510 -0.008221446 0.999557614 0.028583700 -0.002682086 -0.196282566 -0.029641705 0.980099201 0.107748486
0.980712831 0.001657057 0.195447192 -0.015556518 -0.007546681 0.999539435 0.029393278 -0.002682030 -0.195308447 -0.030301342 0.980273724 0.107819833
0.981153786 0.002381358 0.193213835 -0.015556348 -0.008297624 0.999520957 0.029816847 -0.002678619 -0.193050295 -0.030858129 0.980703533 0.107936218
0.981160700 0.002741121 0.193174124 -0.015574934 -0.008940171 0.999472439 0.031226080 -0.002681350 -0.192986608 -0.032364812 0.980667472 0.108041674
0.981372535 0.003375641 0.192085072 -0.015593668 -0.009466093 0.999480844 0.030798201 -0.002684428 -0.191881388 -0.032042801 0.980894864 0.108115196
0.981509447 0.002792037 0.191393733 -0.015625922 -0.008809687 0.999492884 0.030597508 -0.002685580 -0.191211239 -0.031717859 0.981036365 0.108191498
0.981538117 0.002328909 0.191252559 -0.015695898 -0.008308756 0.999501109 0.030470766 -0.002682337 -0.191086203 -0.031497300 0.981067717 0.108307719
0.981892765 0.002073059 0.189426661 -0.015698321 -0.008227531 0.999463260 0.031709399 -0.002683464 -0.189259276 -0.032693747 0.981382728 0.108352192
0.981774032 0.002144095 0.190039694 -0.015692104 -0.008261587 0.999472618 0.031404220 -0.002680110 -0.189872101 -0.032401882 0.981274009 0.108478054
0.981683373 0.002304735 0.190505937 -0.015672876 -0.008814794 0.999405503 0.033332150 -0.002675186 -0.190315872 -0.034400895 0.981119990 0.108646981
0.981337905 0.004068322 0.192248523 -0.015667409 -0.010826274 0.999359310 0.034114782 -0.002676714 -0.191986561 -0.035559464 0.980753064 0.108776495
0.981131494 0.006233227 0.193241239 -0.015665837 -0.012894638 0.999364495 0.033233427 -0.002671204 -0.192911297 -0.035098143 0.980588257 0.108938813
0.981137097 0.007434275 0.193170279 -0.015658909 -0.013997480 0.999369323 0.032633707 -0.002672358 -0.192805842 -0.034722034 0.980622351 0.109038010
0.981301010 0.007045718 0.192350224 -0.015644884 -0.013566351 0.999376237 0.032603826 -0.002668961 -0.192000523 -0.034603659 0.980784655 0.109186649
0.981409550 0.007415178 0.191781685 -0.015645996 -0.014197707 0.999320328 0.034015905 -0.002667434 -0.191399142 -0.036106396 0.980847895 0.109257802
0.981717348 0.007755653 0.190187156 -0.015640263 -0.014246654 0.999360800 0.032786075 -0.002665918 -0.189811364 -0.034896180 0.981200278 0.109384254
0.981461823 0.006775206 0.191538021 -0.015632300 -0.013025416 0.999422252 0.031391453 -0.002664239 -0.191214696 -0.033304382 0.980983019 0.109550729
0.981613576 0.005664958 0.190794840 -0.015643675 -0.011996058 0.999414444 0.032044113 -0.002665407 -0.190501586 -0.033743721 0.981106758 0.109713227
0.981699049 0.004640426 0.190382153 -0.015647983 -0.011524261 0.999318540 0.035066798 -0.002676245 -0.190089643 -0.036619056 0.981083512 0.109795414
0.981421709 0.003887223 0.191823125 -0.015695238 -0.011254351 0.999239564 0.037331253 -0.002677197 -0.191532135 -0.038796552 0.980719268 0.109915830
0.981460690 0.003852144 0.191624865 -0.015692009 -0.011469220 0.999186695 0.038656663 -0.002682730 -0.191320077 -0.040137783 0.980706632 0.110048011
0.981421828 0.004289340 0.191814274 -0.015729014 -0.011964287 0.999172509 0.038872086 -0.002681909 -0.191488817 -0.040444836 0.980661094 0.110165469
0.981848717 0.004266977 0.189617530 -0.015727628 -0.011707978 0.999203861 0.038139321 -0.002683187 -0.189303786 -0.039667077 0.981116951 0.110256031
0.981969237 0.002474461 0.189024433 -0.015729599 -0.009748866 0.999246716 0.037563875 -0.002681648 -0.188789099 -0.038729344 0.981253564 0.110408656
0.982294977 -0.000287380 0.187340751 -0.015742920 -0.006885443 0.999267757 0.037635721 -0.002686045 -0.187214404 -0.038259305 0.981573761 0.110516332
0.982769728 -0.001976574 0.184823498 -0.015730308 -0.005209462 0.999249399 0.038386859 -0.002680468 -0.184760660 -0.038688265 0.982021868 0.110653326
0.983036160 -0.002198332 0.183398321 -0.015733978 -0.005189708 0.999194503 0.039794426 -0.002672084 -0.183338106 -0.040071141 0.982232928 0.110777520
0.983156145 -0.003049564 0.182742149 -0.015757300 -0.004517725 0.999149799 0.040979050 -0.002680271 -0.182711765 -0.041114386 0.982306480 0.110899046
0.983442187 -0.003257203 0.181193009 -0.015773691 -0.004542482 0.999081314 0.042614661 -0.002681772 -0.181165352 -0.042732120 0.982523859 0.111002222
0.983654737 -0.002782781 0.180042997 -0.015807725 -0.005050354 0.999060929 0.043034013 -0.002680907 -0.179993659 -0.043239899 0.982717037 0.111093394
0.983723342 -0.001088808 0.179686174 -0.015864074 -0.006599726 0.999087989 0.042185321 -0.002684164 -0.179568261 -0.042684570 0.982819080 0.111210294
0.984127700 -0.000584308 0.177460596 -0.015882764 -0.007060651 0.999073803 0.042445187 -0.002683925 -0.177321047 -0.043024469 0.983212173 0.111272521
0.984492242 -0.002091282 0.175415471 -0.015895469 -0.005473231 0.999076009 0.042628523 -0.002685872 -0.175342560 -0.042927545 0.983571112 0.111351013
0.984203637 -0.001515075 0.177033544 -0.015974740 -0.006175769 0.999060988 0.042883769 -0.002691838 -0.176932290 -0.043299686 0.983270049 0.111540847
0.984156311 -0.001539888 0.177295521 -0.016020151 -0.006204728 0.999050677 0.043119252 -0.002693817 -0.177193597 -0.043536160 0.983212531 0.111653246
0.984237194 -0.002463402 0.176836237 -0.016068628 -0.005527585 0.998986006 0.044681780 -0.002696978 -0.176766992 -0.044954948 0.983225465 0.111760244
0.984422207 -0.003423487 0.175787166 -0.016107341 -0.004641046 0.998956084 0.045445081 -0.002697024 -0.175759211 -0.045552991 0.983378708 0.111858644
0.984380662 -0.003018050 0.176027223 -0.016163411 -0.005273702 0.998898864 0.046618111 -0.002698823 -0.175974086 -0.046818290 0.983280778 0.111975856
0.984340250 -0.003073067 0.176251799 -0.016210744 -0.005285059 0.998884201 0.046932481 -0.002706279 -0.176199332 -0.047129046 0.983225584 0.112085052
0.984327137 -0.002315312 0.176336631 -0.016264079 -0.005951163 0.998908222 0.046335671 -0.002709085 -0.176251382 -0.046658866 0.983238757 0.112180136
0.984377146 -0.001893895 0.176062420 -0.016307395 -0.006365882 0.998905599 0.046337262 -0.002710759 -0.175957501 -0.046734143 0.983287811 0.112284154
0.984241664 -0.001873696 0.176818222 -0.016367888 -0.006402249 0.998910666 0.046222698 -0.002714491 -0.176712200 -0.046626344 0.983157575 0.112460636
0.984250724 -0.002525573 0.176759705 -0.016399432 -0.005620362 0.998945475 0.045568947 -0.002715141 -0.176688403 -0.045844734 0.983198583 0.112588048
0.984214783 -0.003764303 0.176938266 -0.016415045 -0.004041217 0.999035060 0.043733317 -0.002711327 -0.176932156 -0.043758024 0.983249843 0.112702489
0.984026492 -0.004789373 0.177957147 -0.016446903 -0.003257040 0.998986423 0.044895828 -0.002718313 -0.177991793 -0.044758298 0.983013570 0.112862661
0.984059334 -0.005835684 0.177744672 -0.016464546 -0.002777064 0.998835385 0.048168439 -0.002720720 -0.177818760 -0.047894217 0.982897043 0.112966433
0.984066188 -0.004288874 0.177750379 -0.016495394 -0.004369717 0.998823762 0.048291996 -0.002721990 -0.177748412 -0.048299242 0.982890010 0.113129959
0.984196484 -0.001476298 0.177073464 -0.016509663 -0.005928720 0.999130011 0.041282520 -0.002725261 -0.176980332 -0.041679937 0.983331501 0.113270551
0.984089613 -0.000205474 0.177672386 -0.016552879 -0.006476797 0.999293268 0.037029274 -0.002712574 -0.177554414 -0.037590880 0.983392775 0.113438785
0.984099329 0.000937741 0.177616596 -0.016609900 -0.008567842 0.999072611 0.042196147 -0.002724624 -0.177412316 -0.043046989 0.983194709 0.113544799
0.984150589 -0.001016936 0.177331537 -0.016623944 -0.007645359 0.998810470 0.048157871 -0.002723001 -0.177169561 -0.048750363 0.982972145 0.113625340
0.984447122 -0.001830384 0.175671428 -0.016608194 -0.007194479 0.998686910 0.050722908 -0.002723687 -0.175533608 -0.051197886 0.983141243 0.113669105
0.984703064 -0.003610226 0.174203575 -0.016589426 -0.005352111 0.998686850 0.050950311 -0.002723847 -0.174158782 -0.051103283 0.983390689 0.113664486
0.984929502 -0.004409301 0.172899738 -0.016587136 -0.004428707 0.998704314 0.050697334 -0.002721877 -0.172899231 -0.050699018 0.983633816 0.113791883
0.984717846 -0.004900676 0.174088448 -0.016618503 -0.004235760 0.998634458 0.052071299 -0.002722024 -0.174105912 -0.052012928 0.983352363 0.113965906
0.985140860 -0.004063861 0.171700165 -0.016587004 -0.005168935 0.998565674 0.053291518 -0.002722425 -0.171670452 -0.053387158 0.983706772 0.114087105
0.985433340 -0.004580522 0.170000657 -0.016564412 -0.004677025 0.998529196 0.054015569 -0.002721210 -0.169998005 -0.054023840 0.983962476 0.114251480
0.985519230 -0.003577549 0.169525921 -0.016615923 -0.005399407 0.998608291 0.052462719 -0.002735759 -0.169477671 -0.052618358 0.984128356 0.114386737
0.985661268 -0.003400241 0.168701500 -0.016632991 -0.005448170 0.998634398 0.051959518 -0.002734659 -0.168647751 -0.052133605 0.984296620 0.114507340
0.986158311 -0.004505899 0.165744960 -0.016639229 -0.004298363 0.998599946 0.052722316 -0.002737092 -0.165750459 -0.052704982 0.984758317 0.114594474
0.986296237 -0.005490429 0.164892405 -0.016640760 -0.003493130 0.998527169 0.054141991 -0.002742832 -0.164946795 -0.053976037 0.984824359 0.114661805
0.986545861 -0.005256481 0.163400322 -0.016637161 -0.003366072 0.998618007 0.052447874 -0.002736432 -0.163450181 -0.052292261 0.985164702 0.114687555
0.986924469 -0.004352078 0.161124632 -0.016600108 -0.004115395 0.998629153 0.052181326 -0.002733867 -0.161130831 -0.052162118 0.985553622 0.114701085
0.987211108 -0.005467830 0.159324318 -0.016571438 -0.003264142 0.998508871 0.054493085 -0.002732903 -0.159384698 -0.054316241 0.985721171 0.114677474
0.987401366 -0.006598805 0.158097759 -0.016549071 -0.002183153 0.998466909 0.055309687 -0.002730099 -0.158220336 -0.054958016 0.985873163 0.114604101
0.987209678 -0.003775562 0.159382507 -0.016564623 -0.005169659 0.998435736 0.055672321 -0.002732959 -0.159343377 -0.055784207 0.985645890 0.114592195
0.987208188 -0.003925095 0.159388512 -0.016535105 -0.005750109 0.998170018 0.060195472 -0.002730653 -0.159333110 -0.060341947 0.985378981 0.114427805
0.987034976 -0.001830573 0.160495073 -0.016550807 -0.008269915 0.998026788 0.062242772 -0.002729674 -0.160292298 -0.062763058 0.985072196 0.114401408
0.987237215 -0.000724597 0.159255072 -0.016545447 -0.009218290 0.998053074 0.061686110 -0.002723541 -0.158989698 -0.062366880 0.985308409 0.114382938
0.987312555 0.000309979 0.158788681 -0.016559832 -0.009877941 0.998181164 0.059470229 -0.002730072 -0.158481434 -0.060284201 0.985519886 0.114541583
0.987292171 -0.004512026 0.158852011 -0.016580164 -0.005070929 0.998193383 0.059869338 -0.002734141 -0.158835128 -0.059914049 0.985485613 0.114729725
0.987181544 -0.007308299 0.159433901 -0.016593555 -0.002194930 0.998234868 0.059348680 -0.002731218 -0.159586236 -0.058937870 0.985423028 0.114825509
0.986682892 -0.001502479 0.162648052 -0.016609531 -0.007833479 0.998358011 0.056743216 -0.002720530 -0.162466243 -0.057261661 0.985051155 0.114855267
0.986934900 0.000095862 0.161120102 -0.016554913 -0.009539102 0.998280466 0.057837438 -0.002719900 -0.160837501 -0.058618724 0.985238552 0.114812016
0.986945748 -0.000197483 0.161053032 -0.016544368 -0.009141155 0.998318493 0.057241868 -0.002720037 -0.160793513 -0.057966825 0.985284388 0.114810809
0.986918807 -0.001008977 0.161215112 -0.016556399 -0.008259100 0.998350978 0.056808412 -0.002720208 -0.161006585 -0.057396784 0.985282958 0.114852183
0.986901045 -0.005753208 0.161224082 -0.016555723 -0.003795299 0.998259366 0.058854610 -0.002722382 -0.161282048 -0.058695566 0.985161364 0.114891864
0.986751080 -0.006871352 0.162095934 -0.016558357 -0.002692587 0.998271525 0.058708373 -0.002721933 -0.162219152 -0.058367010 0.985026956 0.114935875
0.986852169 -0.007867936 0.161433443 -0.016546216 -0.001424536 0.998352230 0.057365913 -0.002716626 -0.161618784 -0.056841657 0.985214829 0.114967681
0.986753881 -0.006767185 0.162083074 -0.016544005 -0.002461890 0.998389840 0.056671988 -0.002714855 -0.162205592 -0.056320339 0.985148311 0.114989787
0.986822128 -0.007080494 0.161654040 -0.016549828 -0.002225020 0.998353899 0.057310894 -0.002707581 -0.161793724 -0.056915335 0.985181928 0.115030281
0.986849725 -0.006501991 0.161508963 -0.016541958 -0.002755089 0.998368919 0.057026211 -0.002712758 -0.161616296 -0.056721278 0.985222280 0.115072727
0.986854851 -0.007656239 0.161427394 -0.016551798 -0.001547551 0.998383760 0.056812380 -0.002716216 -0.161601454 -0.056315396 0.985247970 0.115094639
0.987091303 -0.006616403 0.160021544 -0.016528729 -0.002439682 0.998409212 0.056330327 -0.002713070 -0.160139710 -0.055993587 0.985504925 0.115097694
0.987177670 -0.006918771 0.159475029 -0.016532999 -0.002177645 0.998383462 0.056794528 -0.002714103 -0.159610197 -0.056413572 0.985566914 0.115112588
0.987110376 -0.007834368 0.159849152 -0.016538741 -0.001675278 0.998240530 0.059270065 -0.002713433 -0.160032272 -0.058773883 0.985360503 0.115149461
0.987067878 -0.007421670 0.160131171 -0.016536659 -0.002471606 0.998104274 0.061494876 -0.002713052 -0.160283998 -0.061095387 0.985178351 0.115190729
0.987033010 -0.006554227 0.160383508 -0.016537866 -0.003550886 0.998030007 0.062638342 -0.002715030 -0.160478100 -0.062395617 0.985065281 0.115227081
0.986968160 -0.004856706 0.160842180 -0.016535206 -0.004981525 0.998143137 0.060707301 -0.002713851 -0.160838366 -0.060717419 0.985111356 0.115268588
0.987437963 -0.003670396 0.157964975 -0.016512334 -0.005630469 0.998277783 0.058391511 -0.002709639 -0.157907277 -0.058547400 0.985716760 0.115306929
0.987964034 -0.004594302 0.154616028 -0.016507326 -0.004482860 0.998288572 0.058307942 -0.002706907 -0.154619306 -0.058299255 0.986252546 0.115329266
0.987804830 -0.004624947 0.155629009 -0.016517343 -0.004409933 0.998326659 0.057658669 -0.002698252 -0.155635253 -0.057641812 0.986131370 0.115355179
0.987778664 -0.006647356 0.155721217 -0.016518833 -0.002445313 0.998306215 0.058126457 -0.002703700 -0.155843839 -0.057796862 0.986089289 0.115390494
0.987624824 -0.005120249 0.156751543 -0.016524123 -0.003898815 0.998356462 0.057175815 -0.002687587 -0.156786695 -0.057079393 0.985981643 0.115419790
0.987587452 -0.004900043 0.156993508 -0.016522380 -0.004024355 0.998395801 0.056477405 -0.002680142 -0.157018378 -0.056408174 0.985983431 0.115466952
0.987695456 -0.006664878 0.156247258 -0.016479682 -0.002208715 0.998397350 0.056549694 -0.002689616 -0.156373724 -0.056198984 0.986097813 0.115463287
0.987914264 -0.008255662 0.154780760 -0.016475638 -0.000592537 0.998372138 0.057032917 -0.002689263 -0.154999644 -0.056435350 0.986301184 0.115487941
0.987909436 -0.006971885 0.154875338 -0.016482174 -0.002035269 0.998318911 0.057922892 -0.002687672 -0.155018836 -0.057537783 0.986234486 0.115521863
0.988144517 -0.002198165 0.153511047 -0.016470065 -0.006722049 0.998319149 0.057564754 -0.002685269 -0.153379574 -0.057914205 0.986468792 0.115569137
0.988088548 0.002254172 0.153869584 -0.016466724 -0.011233879 0.998281479 0.057514735 -0.002682290 -0.153475493 -0.058558207 0.986415863 0.115612827
0.988244474 0.005407882 0.152786508 -0.016474223 -0.014254289 0.998280227 0.056864586 -0.002683950 -0.152216226 -0.058373973 0.986621797 0.115628392
0.988084972 0.004513768 0.153842941 -0.016479904 -0.013226575 0.998362303 0.055658091 -0.002686173 -0.153339759 -0.057029735 0.986526489 0.115668483
0.988707304 0.005111602 0.149772882 -0.016457487 -0.013355022 0.998446941 0.054085523 -0.002677742 -0.149263799 -0.055474963 0.987240016 0.115709394
0.988822401 0.002325407 0.149079993 -0.016457710 -0.010791112 0.998372316 0.056002628 -0.002678865 -0.148707107 -0.056985393 0.987237930 0.115742519
0.988800228 0.003088917 0.149213284 -0.016470106 -0.011724186 0.998303771 0.057027116 -0.002675094 -0.148784012 -0.058137823 0.987159252 0.115765035
0.989127815 0.001189823 0.147053778 -0.016453583 -0.009765953 0.998291373 0.057611488 -0.002673786 -0.146733969 -0.058421239 0.987449229 0.115817860
0.989289999 -0.000215078 0.145963103 -0.016439976 -0.007928652 0.998443365 0.055209015 -0.002678379 -0.145747796 -0.055775017 0.987748325 0.115786694
0.989295542 0.001105635 0.145921528 -0.016442418 -0.009157104 0.998470902 0.054516539 -0.002682524 -0.145638153 -0.055269182 0.987792969 0.115819253
0.989528775 -0.000617574 0.144333452 -0.016434563 -0.007143106 0.998556018 0.053244714 -0.002679263 -0.144157916 -0.053718176 0.988095641 0.115862831
0.989844084 -0.004333715 0.142091289 -0.016432045 -0.003634978 0.998436868 0.055774011 -0.002677885 -0.142110884 -0.055724077 0.988281012 0.115892805
