0.999998450 0.001004199 0.001464587 -0.000162632 -0.000997408 0.999988794 -0.004630184 -0.000199029 -0.001469220 0.004628716 0.999988198 0.042621881
0.999996185 -0.001102585 0.002524858 -0.000465578 0.001116615 0.999983907 -0.005562091 -0.000020342 -0.002518685 0.005564889 0.999981344 0.085978538
0.999993920 -0.002679751 0.002231605 -0.000156726 0.002683056 0.999995291 -0.001479201 -0.000067087 -0.002227631 0.001485180 0.999996424 0.127576068
0.999985337 -0.005140608 0.001695346 -0.000115327 0.005132804 0.999976337 0.004575836 -0.000072813 -0.001718828 -0.004567066 0.999988079 0.169938460
0.999962509 -0.008642693 0.000426642 -0.000036274 0.008640737 0.999953032 0.004390031 0.000131711 -0.000464564 -0.004386181 0.999990284 0.211759001
0.999937057 -0.011223839 -0.000378932 -0.000138726 0.011224478 0.999935508 0.001721856 0.000240326 0.000359582 -0.001726001 0.999998450 0.253364176
0.999933779 -0.011455440 -0.001088405 -0.000317608 0.011453360 0.999932587 -0.001897596 0.000221404 0.001110069 0.001885004 0.999997616 0.295079350
0.999935627 -0.011187055 -0.001877353 -0.000503604 0.011182509 0.999934554 -0.002413101 0.000268198 0.001904226 0.002391953 0.999995351 0.336111367
0.999935567 -0.010926179 -0.003096055 -0.000667174 0.010925667 0.999940276 -0.000182060 0.000057996 0.003097859 0.000148223 0.999995232 0.377223134
0.999936879 -0.010654784 -0.003554750 -0.001155846 0.010662747 0.999940693 0.002228523 0.000331330 0.003530795 -0.002266286 0.999991179 0.418376029
0.999932647 -0.010697642 -0.004501285 -0.001360111 0.010713339 0.999936640 0.003477793 0.000566795 0.004463796 -0.003525782 0.999983847 0.459457964
0.999909520 -0.012345560 -0.005347103 -0.001544157 0.012369174 0.999913812 0.004405877 0.000661671 0.005292249 -0.004471618 0.999975979 0.500086188
0.999903142 -0.012484438 -0.006154897 -0.001848383 0.012514507 0.999909878 0.004871645 0.000476829 0.006093522 -0.004948199 0.999969125 0.540415883
0.999891639 -0.013036814 -0.006825326 -0.002275859 0.013057605 0.999910235 0.003010692 0.000887392 0.006785463 -0.003099490 0.999972165 0.580856383
0.999879718 -0.013327964 -0.007930347 -0.002968097 0.013332373 0.999911010 0.000503430 0.001374951 0.007922932 -0.000609100 0.999968410 0.621303439
0.999838471 -0.015122493 -0.009714086 -0.003258502 0.015120154 0.999885619 -0.000314124 0.001310331 0.009717724 0.000167194 0.999952793 0.661077797
0.999825060 -0.014444574 -0.011881569 -0.003476111 0.014433784 0.999895394 -0.000993265 0.001258949 0.011894672 0.000821595 0.999928892 0.700684905
0.999839365 -0.013071677 -0.012258817 -0.005109029 0.013056304 0.999913871 -0.001333111 0.000747569 0.012275187 0.001172842 0.999923885 0.740245938
0.999821603 -0.012348406 -0.014291419 -0.005571972 0.012320636 0.999921978 -0.002029458 0.001325070 0.014315362 0.001853016 0.999895811 0.780721843
0.999789596 -0.012684125 -0.016127294 -0.006074655 0.012673914 0.999919474 -0.000735241 0.000988197 0.016135320 0.000530690 0.999869704 0.820211470
0.999769628 -0.012598378 -0.017379044 -0.007097764 0.012603410 0.999920607 0.000180101 0.001154101 0.017375397 -0.000399095 0.999848902 0.860787153
0.999751627 -0.011746064 -0.018940421 -0.007906128 0.011768331 0.999930203 0.001064576 0.001104109 0.018926596 -0.001287209 0.999819994 0.899426520
0.999716461 -0.012607045 -0.020200357 -0.008956498 0.012629015 0.999919832 0.000960351 0.001016258 0.020186627 -0.001215189 0.999795437 0.938497663
0.999673784 -0.012207868 -0.022433721 -0.009498500 0.012217123 0.999925315 0.000275494 0.001122826 0.022428676 -0.000549480 0.999748349 0.976714373
0.999654651 -0.012993364 -0.022846363 -0.011118037 0.013014209 0.999915004 0.000763940 0.001172505 0.022834497 -0.001061004 0.999738693 1.015592456
0.999625921 -0.013125632 -0.023992602 -0.012273133 0.013180211 0.999910831 0.002118150 0.001585525 0.023962662 -0.002433585 0.999709904 1.053999305
0.999614894 -0.013962260 -0.023987316 -0.013928753 0.014101871 0.999884605 0.005660848 0.001277268 0.023905504 -0.005996933 0.999696255 1.092133164
0.999576211 -0.013862201 -0.025594687 -0.014103886 0.014055730 0.999873817 0.007396923 0.001081025 0.025488924 -0.007753541 0.999644995 1.129418254
0.999580026 -0.012518851 -0.026133340 -0.015366577 0.012686405 0.999899983 0.006255551 0.001304327 0.026052415 -0.006584462 0.999638855 1.166444898
0.999583185 -0.011261616 -0.026581783 -0.017191293 0.011363748 0.999928594 0.003694240 0.001461521 0.026538284 -0.003994770 0.999639809 1.202877283
0.999552071 -0.011610853 -0.027584240 -0.017912408 0.011670122 0.999929845 0.001988583 0.001539000 0.027559215 -0.002309603 0.999617517 1.237978697
0.999542177 -0.010337661 -0.028436113 -0.019204149 0.010386878 0.999944746 0.001583624 0.001525161 0.028418170 -0.001878261 0.999594331 1.274182796
0.999529779 -0.009659809 -0.029102787 -0.020986494 0.009682752 0.999952853 0.000647578 0.001947249 0.029095162 -0.000929068 0.999576271 1.308534741
0.999432325 -0.010303632 -0.032079902 -0.021241579 0.010312552 0.999946833 0.000112555 0.001614352 0.032077041 -0.000443317 0.999485314 1.343788981
0.999361992 -0.010337383 -0.034187175 -0.022401880 0.010348248 0.999946475 0.000140837 0.001477856 0.034183893 -0.000494525 0.999415457 1.378405690
0.999299347 -0.010138117 -0.036025781 -0.024033040 0.010196099 0.999946952 0.001426091 0.001445440 0.036009416 -0.001792414 0.999349892 1.412562251
0.999224961 -0.010252348 -0.038001340 -0.025318455 0.010347120 0.999943852 0.002298048 0.002755872 0.037975639 -0.002689471 0.999275088 1.444204211
0.999141932 -0.009979513 -0.040197313 -0.026622921 0.010184776 0.999936044 0.004904817 0.001868194 0.040145796 -0.005310009 0.999179721 1.478170753
0.999067843 -0.008683698 -0.042286988 -0.028082561 0.008881512 0.999950409 0.004492237 0.002573695 0.042245883 -0.004863621 0.999095380 1.511150122
0.999000669 -0.006144971 -0.044271544 -0.029769652 0.006364114 0.999968112 0.004810676 0.001601869 0.044240575 -0.005087617 0.999007940 1.542659163
0.998954594 -0.004542320 -0.045486867 -0.032089483 0.004721395 0.999981523 0.003830202 0.001916120 0.045468632 -0.004040959 0.998957515 1.574182034
0.998884857 -0.004158451 -0.047028590 -0.033710681 0.004402827 0.999977291 0.005093951 0.001987543 0.047006346 -0.005295330 0.998880506 1.605556488
0.998833537 -0.002791482 -0.048204541 -0.035452697 0.003122508 0.999972045 0.006793188 0.002222936 0.048184235 -0.006935783 0.998814404 1.636803150
0.998839855 0.000373542 -0.048154362 -0.037329976 -0.000021946 0.999973357 0.007301751 0.002308136 0.048155811 -0.007292222 0.998813212 1.667719841
0.998877823 0.003492180 -0.047233433 -0.038893133 -0.003258283 0.999982119 0.005028022 0.002539370 0.047250144 -0.004868479 0.998871267 1.697444677
0.998988748 0.005343339 -0.044642176 -0.041080609 -0.005268604 0.999984503 0.001791570 0.002552663 0.044651065 -0.001554557 0.999001384 1.726151705
0.999039173 0.005443823 -0.043487065 -0.041626878 -0.005440054 0.999985158 0.000205006 0.002739149 0.043487526 0.000031763 0.999053955 1.754700184
0.999170840 0.005909435 -0.040280983 -0.042994469 -0.005851991 0.999981701 0.001543826 0.002619883 0.040289368 -0.001306822 0.999187171 1.783093929
0.999269664 0.010828482 -0.036645453 -0.044937916 -0.010679383 0.999933839 0.004262006 0.002531739 0.036689173 -0.003867543 0.999319255 1.811506391
0.999328732 0.015634298 -0.033130940 -0.045771204 -0.015403519 0.999855340 0.007209462 0.002910451 0.033238854 -0.006694289 0.999424994 1.839745641
0.999379933 0.020493820 -0.028629327 -0.046975356 -0.020278974 0.999764204 0.007774723 0.003226099 0.028781906 -0.007189330 0.999559879 1.866363049
0.999424398 0.024347475 -0.023623358 -0.047600519 -0.024157593 0.999673784 0.008290119 0.003251887 0.023817496 -0.007714664 0.999686539 1.892859101
0.999444544 0.028418906 -0.017401544 -0.048762117 -0.028237788 0.999545336 0.010566886 0.003221825 0.017693931 -0.010069635 0.999792755 1.918082356
0.999385774 0.033410296 -0.010569133 -0.049621157 -0.033283744 0.999374747 0.011931505 0.003367985 0.010961158 -0.011572397 0.999872923 1.942466736
0.999326229 0.036541242 -0.003406505 -0.049703259 -0.036500424 0.999269068 0.011358982 0.003464466 0.003819086 -0.011226991 0.999929667 1.966094971
0.999202728 0.039736781 0.003857068 -0.049836349 -0.039778881 0.999141932 0.011531868 0.003523579 -0.003395519 -0.011676106 0.999926090 1.989115357
0.998955369 0.044229444 0.011490826 -0.049940735 -0.044354666 0.998956561 0.010881286 0.003770551 -0.010997563 -0.011379592 0.999874830 2.010918140
0.998648822 0.048189867 0.019447390 -0.050145809 -0.048356865 0.998796403 0.008209508 0.003856068 -0.019028369 -0.009138830 0.999777198 2.031506538
0.998365998 0.050323419 0.027069326 -0.049322542 -0.050487537 0.998710036 0.005413330 0.003622778 -0.026761994 -0.006771149 0.999618828 2.051602602
0.998121560 0.050136857 0.035209209 -0.048727743 -0.050335303 0.998720944 0.004771897 0.003956840 -0.034924924 -0.006535199 0.999368548 2.070141315
0.997827351 0.049727950 0.043216974 -0.047814041 -0.050052032 0.998725832 0.006448688 0.003733155 -0.042841226 -0.008597773 0.999044895 2.088196516
0.997350276 0.051850062 0.051031932 -0.046880484 -0.052282237 0.998606622 0.007169699 0.003865595 -0.050589085 -0.009818764 0.998671293 2.104648352
0.996709108 0.054594208 0.059919916 -0.046157315 -0.055125028 0.998453200 0.007240776 0.003910933 -0.059431929 -0.010520034 0.998176932 2.120255470
0.995814323 0.060054149 0.068902209 -0.045207992 -0.060678668 0.998132706 0.007004994 0.003762565 -0.068352871 -0.011156566 0.997598827 2.135025501
0.994982719 0.063266017 0.077503309 -0.044067889 -0.063974366 0.997929096 0.006688783 0.003960343 -0.076919638 -0.011613452 0.996969640 2.147727966
0.994264781 0.062054470 0.087102361 -0.042973101 -0.062934279 0.997990429 0.007388616 0.003797350 -0.086468816 -0.012827965 0.996171951 2.159922838
0.993312180 0.061406136 0.097776979 -0.041216925 -0.062245578 0.998045444 0.005555280 0.003907294 -0.097244725 -0.011604313 0.995192885 2.172330618
0.992157519 0.060261734 0.109508015 -0.039744645 -0.060774535 0.998150587 0.001348076 0.003490662 -0.109224260 -0.007992805 0.993984938 2.183494091
0.990539491 0.061256941 0.122796647 -0.038002431 -0.061370000 0.998110950 -0.002864971 0.003551301 -0.122740179 -0.004698164 0.992427707 2.194968462
0.988446355 0.063020848 0.137848198 -0.035735905 -0.062949382 0.998004735 -0.004882252 0.003262641 -0.137880847 -0.003851617 0.990441322 2.206120491
0.985883236 0.064503625 0.154510468 -0.034041166 -0.064333409 0.997909725 -0.006106869 0.003055856 -0.154581428 -0.003919523 0.987972319 2.217682362
0.983127117 0.064669549 0.171110868 -0.031608433 -0.064348921 0.997899830 -0.007425276 0.003169484 -0.171231702 -0.003710813 0.985223770 2.227728128
0.979857028 0.063876867 0.189208657 -0.028998017 -0.063337222 0.997952461 -0.008903712 0.003293082 -0.189390004 -0.003259585 0.981896460 2.239245892
0.975988090 0.062935196 0.208534241 -0.025931269 -0.062437043 0.998008490 -0.008977146 0.002971882 -0.208683938 -0.004258676 0.977973759 2.249401569
0.971382678 0.063230701 0.228948608 -0.023083508 -0.062605038 0.997988284 -0.010002363 0.002642322 -0.229120478 -0.004617214 0.973387063 2.259868383
0.965993166 0.065671809 0.250088751 -0.019712448 -0.064671531 0.997831821 -0.012224294 0.002540357 -0.250349283 -0.004365037 0.968145669 2.270703316
0.959820151 0.066811115 0.272546411 -0.015720129 -0.065365359 0.997757554 -0.014391305 0.002320319 -0.272896737 -0.004002034 0.962034941 2.281835079
0.952462316 0.067886755 0.296996504 -0.011907518 -0.066201426 0.997682214 -0.015741093 0.002371639 -0.297376692 -0.004668791 0.954748809 2.292812109
0.943889320 0.070650212 0.322616875 -0.007651269 -0.069050290 0.997478068 -0.016416444 0.001887850 -0.322963029 -0.006781480 0.946387291 2.303454161
0.933952868 0.072892092 0.349883884 -0.002718151 -0.071202494 0.997304678 -0.017708337 0.001739405 -0.350231647 -0.008373850 0.936625659 2.314537525
0.922728837 0.073766053 0.378325224 0.002876759 -0.071955018 0.997227907 -0.018942954 0.001172524 -0.378673851 -0.009743192 0.925478876 2.325628281
0.910064280 0.071855381 0.408190906 0.009189665 -0.069165677 0.997376382 -0.021366619 0.001129281 -0.408655226 -0.008787801 0.912646532 2.336256027
0.894972324 0.069125749 0.440733671 0.014800489 -0.065277517 0.997580707 -0.023907747 0.000493463 -0.441320002 -0.007373231 0.897319436 2.344997644
0.877901673 0.068722256 0.473883927 0.022058547 -0.062815644 0.997623622 -0.028304407 0.000451498 -0.474702924 -0.004918840 0.880132318 2.354018450
0.858402789 0.070193842 0.508151114 0.029518127 -0.061827172 0.997529387 -0.033351913 -0.000072226 -0.509236872 -0.002788170 0.860621929 2.363800526
0.836517990 0.072194174 0.543162704 0.037577629 -0.061432198 0.997389197 -0.037956521 -0.000177734 -0.544484913 -0.001616363 0.838769138 2.374185562
0.812187493 0.074767187 0.578585625 0.046735168 -0.062143527 0.997198641 -0.041628346 -0.000821888 -0.580077350 -0.002145331 0.814558506 2.384320259
0.784890413 0.078671329 0.614620090 0.056005955 -0.065056667 0.996887922 -0.044522025 -0.001475245 -0.616209924 -0.005040224 0.787565827 2.394139767
0.754323661 0.084086470 0.651095510 0.064946294 -0.069837153 0.996413648 -0.047773495 -0.001721211 -0.652777612 -0.009433980 0.757490873 2.404131889
0.721044600 0.084894955 0.687668145 0.075532675 -0.069306500 0.996325016 -0.050329335 -0.002641380 -0.689413726 -0.011370187 0.724278569 2.413803577
0.684689045 0.081644438 0.724247932 0.088514805 -0.065012246 0.996586263 -0.050883904 -0.003793925 -0.725929976 -0.012245332 0.687659562 2.423862219
0.645324171 0.080701895 0.759634018 0.102126241 -0.062314611 0.996651292 -0.052944586 -0.004259959 -0.761363029 -0.013169883 0.648192108 2.433821440
0.602737248 0.080409504 0.793877959 0.117456794 -0.060525876 0.996650457 -0.054994579 -0.005042627 -0.795640945 -0.014902879 0.605585217 2.443920135
0.556204379 0.080479793 0.827139497 0.132635713 -0.057107549 0.996648371 -0.058571260 -0.005733564 -0.829081059 -0.014658319 0.558936238 2.453022003
0.507920563 0.078953609 0.857778013 0.149930000 -0.053710300 0.996755838 -0.059941959 -0.007088050 -0.859727859 -0.015625767 0.510513365 2.461717129
0.458149076 0.077187553 0.885517716 0.167328238 -0.052225411 0.996839046 -0.059870679 -0.008112743 -0.887339771 -0.018816831 0.460732043 2.470378399
0.409195006 0.074429981 0.909406185 0.188598871 -0.051390588 0.996965289 -0.058472607 -0.009393401 -0.910998583 -0.022808230 0.411778271 2.478121281
0.358620107 0.073848404 0.930557907 0.209059596 -0.055022433 0.996804774 -0.057901070 -0.010945737 -0.931860566 -0.030437073 0.361537695 2.485440969
0.310572594 0.075456992 0.947549939 0.229792595 -0.052746341 0.996676385 -0.062080786 -0.010875028 -0.949085057 -0.030699207 0.313520432 2.489863396
0.263082147 0.072917894 0.962013960 0.252110898 -0.043670125 0.997017801 -0.063628606 -0.012433339 -0.963784635 -0.025271719 0.265481859 2.494405270
0.219194919 0.067190424 0.973364830 0.275565743 -0.028661974 0.997638881 -0.062411565 -0.013181143 -0.975260079 -0.014218256 0.220603138 2.497706890
0.176952228 0.065398477 0.982044220 0.298164040 -0.019198718 0.997829378 -0.062990293 -0.014884286 -0.984032154 -0.007707715 0.177823707 2.500060558
0.138320595 0.066965282 0.988120973 0.322486103 -0.016313903 0.997730076 -0.065332830 -0.016104642 -0.990253150 -0.007083234 0.139099091 2.502473116
0.106164388 0.067714579 0.992040277 0.347441792 -0.006786071 0.997704625 -0.067374997 -0.017428735 -0.994325459 0.000420770 0.106380217 2.503649712
0.078334503 0.066805899 0.994686246 0.373409212 0.000689147 0.997748315 -0.067065813 -0.018608224 -0.996926963 0.005939053 0.078112066 2.503913879
0.052132830 0.064173013 0.996576130 0.399599254 0.007262639 0.997882426 -0.064637050 -0.020726206 -0.998613715 0.010607486 0.051556364 2.505081892
0.031127524 0.063145988 0.997518778 0.426764727 0.011877300 0.997908533 -0.063541293 -0.022101216 -0.999444842 0.013825712 0.030312410 2.506292343
0.016209623 0.065224864 0.997739017 0.454159826 0.014647061 0.997747481 -0.065463394 -0.023381837 -0.999761283 0.015675081 0.015217762 2.505395412
0.002648528 0.064764328 0.997897089 0.482325941 0.015356312 0.997780323 -0.064797506 -0.025088605 -0.999878585 0.015495637 0.001648108 2.505535841
-0.008663661 0.065808810 0.997794569 0.510707021 0.015958117 0.997714043 -0.065664940 -0.026660211 -0.999835134 0.015354024 -0.009694042 2.504616022
-0.017319297 0.068321526 0.997512937 0.539291501 0.020785233 0.997471631 -0.067957811 -0.028436199 -0.999633968 0.019556556 -0.018695587 2.503631115
-0.024305381 0.070679948 0.997202873 0.569852173 0.024953539 0.997229815 -0.070073649 -0.029923175 -0.999393106 0.023180572 -0.026001759 2.502696753
-0.028771237 0.070045449 0.997128785 0.600063026 0.025676973 0.997264445 -0.069314085 -0.031586729 -0.999256194 0.023608996 -0.030491082 2.501642942
-0.032226797 0.067022495 0.997230828 0.630689323 0.023118721 0.997532189 -0.066295639 -0.033485439 -0.999213099 0.020918207 -0.033696741 2.500740767
-0.035074841 0.060493279 0.997552156 0.663229406 0.021355463 0.997983754 -0.059768587 -0.035125103 -0.999156475 0.019206813 -0.036295991 2.499912977
-0.036152098 0.054780021 0.997843742 0.694833875 0.022248603 0.998293161 -0.053998616 -0.036809161 -0.999098599 0.020248465 -0.037309166 2.498631239
-0.036483206 0.051977616 0.997981608 0.727876663 0.024963550 0.998382211 -0.051085882 -0.038663112 -0.999022305 0.023049388 -0.037721731 2.497365475
-0.036222748 0.053870518 0.997890651 0.759639502 0.028551700 0.998194218 -0.052850485 -0.040623840 -0.998935759 0.026577089 -0.037695430 2.496212006
-0.035731304 0.062252574 0.997420549 0.793510854 0.029839477 0.997679353 -0.061199754 -0.041180521 -0.998915851 0.027575761 -0.037505958 2.494750500
-0.033353291 0.070134133 0.996979773 0.826711178 0.030791685 0.997133374 -0.069114834 -0.042929687 -0.998969197 0.028393479 -0.035417221 2.493631124
-0.031050110 0.070771791 0.997009099 0.861465693 0.031182813 0.997073114 -0.069805190 -0.044950079 -0.999031305 0.028922088 -0.033166096 2.492768288
-0.029058538 0.066490337 0.997363806 0.896422267 0.030920973 0.997367442 -0.065589689 -0.046743769 -0.999099374 0.028933521 -0.031037986 2.492213011
-0.026726238 0.060100816 0.997834444 0.932051718 0.030100860 0.997786760 -0.059291713 -0.048921145 -0.999189496 0.028451027 -0.028476173 2.490905285
-0.023960562 0.058638133 0.997991681 0.967068136 0.028107217 0.997923195 -0.057959281 -0.050821040 -0.999317706 0.026662033 -0.025558952 2.490364552
-0.021098252 0.064529151 0.997692764 1.001559138 0.035698190 0.997327209 -0.063750587 -0.052618600 -0.999139845 0.034270808 -0.023345429 2.490028858
-0.017286960 0.069457583 0.997435033 1.035981297 0.037591193 0.996924043 -0.068770483 -0.055069156 -0.999143600 0.036305942 -0.019844778 2.489342928
-0.014963941 0.070071056 0.997429788 1.071181536 0.031608038 0.997076035 -0.069571994 -0.056860015 -0.999388337 0.030485725 -0.017134996 2.488583803
-0.011653977 0.066958070 0.997687697 1.106118917 0.027333483 0.997404039 -0.066619746 -0.058688954 -0.999558389 0.026493896 -0.013453919 2.488785267
-0.007197723 0.063252740 0.997971594 1.141258597 0.031340174 0.997521400 -0.062998168 -0.061201677 -0.999482870 0.030823164 -0.009162236 2.489367247
-0.003596877 0.063977830 0.997944832 1.176281929 0.035726063 0.997322440 -0.063809164 -0.063777894 -0.999355137 0.035423134 -0.005872924 2.488991976
0.000298149 0.068857260 0.997626483 1.211619139 0.036280751 0.996968925 -0.068822727 -0.065444231 -0.999341607 0.036215160 -0.002200949 2.487784147
0.002746420 0.068988524 0.997613668 1.246924877 0.031890724 0.997103989 -0.069041073 -0.068023130 -0.999487579 0.032004237 0.000538372 2.488746405
0.006709369 0.068718441 0.997613549 1.282364726 0.031284459 0.997133315 -0.068895772 -0.070214622 -0.999487996 0.031672049 0.004540314 2.489103317
0.010038210 0.065749891 0.997785687 1.318081141 0.034412932 0.997222126 -0.066058971 -0.072317809 -0.999357224 0.034999844 0.007747679 2.489496469
0.014046299 0.066120066 0.997712791 1.353564143 0.040205833 0.996966958 -0.066636674 -0.074896395 -0.999092698 0.041049875 0.011345283 2.489142418
0.017403845 0.067009173 0.997600555 1.388161421 0.042667899 0.996792972 -0.067699298 -0.076846600 -0.998937726 0.043743756 0.014488890 2.489840508
0.020115346 0.066857800 0.997559726 1.423521280 0.043103814 0.996775925 -0.067674443 -0.078889452 -0.998868108 0.044359930 0.017168665 2.490587711
0.023605097 0.065248027 0.997589827 1.460005522 0.044473480 0.996811509 -0.066249445 -0.081496477 -0.998731673 0.045930117 0.020628026 2.491561413
0.026975226 0.063898593 0.997591794 1.495038629 0.046665929 0.996786475 -0.065108880 -0.083986655 -0.998546243 0.048309881 0.023906648 2.492599964
0.030032516 0.064426444 0.997470379 1.530566454 0.045123402 0.996815801 -0.065742753 -0.085912056 -0.998529911 0.046983674 0.027029742 2.493566275
0.033454917 0.065948762 0.997262001 1.566058755 0.042442322 0.996826649 -0.067343771 -0.088061780 -0.998538673 0.044579096 0.030549737 2.494437218
0.036321308 0.066472612 0.997126997 1.602115631 0.044277851 0.996698380 -0.068056904 -0.089924470 -0.998358786 0.046622556 0.033258125 2.495628834
0.038960271 0.066119112 0.997050822 1.637690067 0.041784871 0.996827781 -0.067737088 -0.092296667 -0.998366773 0.044300701 0.036073901 2.496968985
0.040934160 0.066384204 0.996954262 1.674357533 0.040117987 0.996876597 -0.068026260 -0.094694495 -0.998356044 0.042780384 0.038143113 2.499584198
0.043654460 0.066679694 0.996819019 1.709958076 0.037355579 0.996963441 -0.068325303 -0.096831702 -0.998348057 0.040219456 0.041031040 2.501348495
0.046920747 0.068553276 0.996543527 1.746480823 0.035919607 0.996881306 -0.070267722 -0.099248484 -0.998252511 0.039092470 0.044312008 2.503328800
0.050771326 0.071926564 0.996116817 1.782937288 0.034766518 0.996671379 -0.073738635 -0.101822935 -0.998104990 0.038375318 0.048101693 2.504827499
0.053666651 0.074092478 0.995806277 1.819327593 0.034987848 0.996491551 -0.076029062 -0.104243614 -0.997945786 0.038921345 0.050886031 2.507704496
0.056634363 0.076104343 0.995490193 1.856318355 0.028646193 0.996556103 -0.077815548 -0.106743149 -0.997983992 0.032924034 0.054259222 2.510194063
0.059201993 0.075765856 0.995366573 1.893577456 0.024990616 0.996690512 -0.077353030 -0.108958006 -0.997933269 0.029454272 0.057112634 2.512976885
0.062589310 0.076161295 0.995129049 1.930643201 0.027587490 0.996571004 -0.078006774 -0.111806177 -0.997658014 0.032335501 0.060273606 2.515842676
0.066516191 0.077244312 0.994790852 1.966273308 0.027072674 0.996492147 -0.079186603 -0.114445597 -0.997417986 0.032198843 0.064191639 2.518018246
0.070066079 0.078277297 0.994466424 2.003916264 0.022664793 0.996534288 -0.080036916 -0.117165200 -0.997284830 0.028147249 0.068049096 2.521285295
0.074261785 0.076239206 0.994320273 2.042187452 0.021878053 0.996708930 -0.078056321 -0.119989634 -0.996998787 0.027550401 0.072349407 2.524598837
0.079193734 0.076251231 0.993938684 2.078730106 0.022727175 0.996672928 -0.078271829 -0.122476839 -0.996600151 0.028788062 0.077197291 2.527390957
0.084193692 0.079792686 0.993249476 2.116929531 0.018343043 0.996495605 -0.081608355 -0.125575170 -0.996280551 0.025090124 0.082435004 2.530867100
0.089372113 0.088322863 0.992074430 2.154174805 0.016030004 0.995803773 -0.090098962 -0.128547490 -0.995869279 0.023955289 0.087581262 2.535586357
0.097207807 0.092656635 0.990941644 2.192933083 0.014861956 0.995410860 -0.094532423 -0.132144243 -0.995153129 0.023916624 0.095384642 2.539310455
0.104308657 0.096029840 0.989897966 2.230166197 0.010630623 0.995162845 -0.097660795 -0.134941339 -0.994488180 0.020710099 0.102783255 2.543751001
0.111441925 0.094179533 0.989298165 2.268847704 0.006347456 0.995411456 -0.095476508 -0.138629556 -0.993750691 0.016919613 0.110332765 2.548514605
0.119079567 0.092117734 0.988602221 2.307070971 0.006308340 0.995596528 -0.093529306 -0.142296866 -0.992864788 0.017373865 0.117974088 2.553418875
0.126011208 0.088634476 0.988061249 2.345975399 0.006020191 0.995913923 -0.090106666 -0.145592242 -0.992010653 0.017302765 0.124962717 2.559189320
0.133192688 0.082822315 0.987623572 2.383389950 0.001960240 0.996478260 -0.083829224 -0.149555311 -0.991088212 0.013101418 0.132561252 2.564435720
0.140949056 0.075708643 0.987117827 2.422618151 0.001284290 0.997056901 -0.076654300 -0.151870430 -0.990016043 0.012072097 0.140437022 2.569837093
0.148884669 0.073193222 0.986142039 2.460602522 0.001766889 0.997235596 -0.074283369 -0.154384971 -0.988852978 0.012802058 0.148343772 2.575495958
0.156011090 0.075071968 0.984898388 2.497950077 0.001724833 0.997085392 -0.076274127 -0.157150254 -0.987753808 0.013598393 0.155426875 2.581599712
0.161740631 0.081624866 0.983451784 2.535140753 0.002128054 0.996542156 -0.083061337 -0.160034820 -0.986831069 0.015527228 0.161007658 2.588122368
0.166751772 0.085281782 0.982303798 2.571764231 -0.000081661 0.996253669 -0.086479008 -0.163060367 -0.985998809 0.014340313 0.166134030 2.594601393
0.171869099 0.088196985 0.981163681 2.608891010 -0.001033371 0.995999813 -0.089349575 -0.166250721 -0.985119283 0.014342526 0.171272680 2.601379395
0.177235395 0.087880351 0.980237007 2.645092010 -0.003566249 0.996056139 -0.088653766 -0.169132113 -0.984162092 0.012216813 0.176849812 2.608044147
0.182155997 0.084993392 0.979589403 2.679979563 0.001002246 0.996240556 -0.086624488 -0.172038704 -0.983269095 0.016760960 0.181386039 2.614798307
0.186770856 0.078510024 0.979261398 2.716826200 0.001828067 0.996772110 -0.080262564 -0.174928308 -0.982401729 0.016780861 0.186024457 2.621948481
0.189919904 0.071631923 0.979182959 2.752971888 -0.000975839 0.997348130 -0.072771527 -0.178414688 -0.981799126 0.012865234 0.189486206 2.629379511
0.193010539 0.068438463 0.978807032 2.787924767 -0.003802055 0.997609138 -0.069003388 -0.180778891 -0.981189370 0.009596902 0.192809299 2.637040377
0.195971340 0.068438470 0.978218496 2.822024822 -0.005977075 0.997626364 -0.068598881 -0.183716446 -0.980591416 0.007596528 0.195915267 2.644538403
0.198537380 0.070589006 0.977547944 2.855887890 -0.008523200 0.997489572 -0.070297956 -0.186049163 -0.980056286 0.005624934 0.198640615 2.650794506
0.200169742 0.075206496 0.976870537 2.890327215 -0.011524064 0.997161448 -0.074407220 -0.188089371 -0.979693472 0.003636558 0.200468212 2.658621073
0.202437848 0.079659022 0.976049900 2.922567844 -0.012794968 0.996816158 -0.078700095 -0.190373570 -0.979211509 0.003443352 0.202812552 2.665262938
0.204938635 0.084323518 0.975135803 2.954685211 -0.014081038 0.996432900 -0.083205819 -0.193623930 -0.978673458 0.003321165 0.205395013 2.671883106
0.205613837 0.086323701 0.974818528 2.988216162 -0.013262782 0.996256411 -0.085424624 -0.196233630 -0.978543401 0.004635681 0.205988988 2.680246353
0.207050011 0.086240090 0.974521875 3.019001484 -0.015350840 0.996270895 -0.084903270 -0.198780224 -0.978209913 0.002619494 0.207601801 2.687055111
0.207281977 0.083222426 0.974734902 3.050511837 -0.015806612 0.996529818 -0.081721917 -0.201610073 -0.978153527 0.001532224 0.207878143 2.694274902
0.208109990 0.080378547 0.974797189 3.081151485 -0.015543404 0.996763706 -0.078871444 -0.204289213 -0.977981865 0.001262271 0.208685815 2.700593472
0.208578706 0.079861477 0.974739432 3.111324072 -0.014903548 0.996804237 -0.078480147 -0.206292808 -0.977892041 0.001842210 0.209102362 2.706418514
0.206784055 0.079040326 0.975188792 3.141933441 -0.013983128 0.996868372 -0.077832446 -0.208600745 -0.978286684 0.002458319 0.207241714 2.713916779
0.204992801 0.080097757 0.975480497 3.171219587 -0.015550024 0.996786535 -0.078579448 -0.210919619 -0.978639960 0.000939477 0.205579564 2.720322609
0.202499881 0.082566187 0.975795388 3.200160742 -0.015763061 0.996585011 -0.081054084 -0.213386536 -0.979155481 0.001031922 0.203109831 2.726691723
0.200686008 0.086568601 0.975823343 3.229024649 -0.014343859 0.996240914 -0.085429996 -0.215947807 -0.979550600 0.003147533 0.201173380 2.732478142
0.198939160 0.086981714 0.976144135 3.257158756 -0.011715694 0.996193349 -0.086380556 -0.218292326 -0.979941905 0.005748270 0.199200913 2.738248587
0.196866289 0.086277537 0.976626754 3.285052776 -0.012507083 0.996260464 -0.085490853 -0.220327839 -0.980350614 0.004615519 0.197209179 2.743742466
0.194505930 0.082904592 0.977391481 3.312893391 -0.012767655 0.996551454 -0.081988923 -0.223023325 -0.980818212 0.003468338 0.194893658 2.749269009
0.192613631 0.078571811 0.978123844 3.339788437 -0.012251490 0.996903956 -0.077667803 -0.225401446 -0.981198192 0.002976404 0.192979902 2.754364967
0.190358251 0.077584475 0.978644133 3.365651608 -0.008600472 0.996965766 -0.077364080 -0.227767870 -0.981677055 0.006310089 0.190447941 2.759830952
0.189099669 0.079126693 0.978764653 3.392632246 -0.004994425 0.996812761 -0.079620823 -0.229722843 -0.981945276 0.010167906 0.188892126 2.764404297
0.186480716 0.081644058 0.979060352 3.418904543 -0.001341349 0.996561229 -0.082847990 -0.231673077 -0.982457697 0.014136286 0.185948998 2.768760204
0.184853464 0.083957694 0.979173243 3.444944859 -0.002475781 0.996380806 -0.084965728 -0.233391166 -0.982762992 0.013281991 0.184392303 2.773957014
0.183638811 0.085818879 0.979240537 3.470862150 -0.001523566 0.996205449 -0.087019958 -0.235982180 -0.982992649 0.014488300 0.183072716 2.778708935
0.182347551 0.084382504 0.979606509 3.496271610 -0.000564457 0.996319354 -0.085717052 -0.237874627 -0.983233988 0.015077349 0.181724027 2.783501863
0.182710811 0.083584115 0.979607344 3.522606850 0.005385913 0.996279597 -0.086011216 -0.239323735 -0.983151972 0.020991255 0.181580886 2.788555861
0.185005963 0.081357375 0.979363918 3.548520088 0.010190639 0.996354938 -0.084693894 -0.241734654 -0.982684612 0.025649222 0.183502510 2.793003321
0.187082589 0.080758154 0.979018867 3.574436903 0.013142598 0.996320128 -0.084696740 -0.243733436 -0.982256353 0.028712135 0.185332760 2.797921419
0.190559193 0.080205843 0.978393614 3.600330591 0.010642975 0.996429265 -0.083757274 -0.245796174 -0.981617987 0.026373737 0.189025149 2.802855492
0.195997626 0.080821976 0.977267981 3.626698494 0.009346134 0.996398330 -0.084278516 -0.248044580 -0.980559826 0.025652064 0.194536343 2.808269024
0.202757224 0.079655886 0.975983858 3.653260231 0.011012881 0.996437430 -0.083613120 -0.249910355 -0.979167044 0.027701555 0.201157659 2.813797712
0.210158437 0.080022953 0.974386811 3.679552317 0.008663159 0.996453047 -0.083703659 -0.251741141 -0.977628946 0.026032299 0.208719760 2.819836140
0.218742073 0.077812634 0.972675323 3.706640482 0.009329845 0.996603012 -0.081824996 -0.253832847 -0.975737989 0.026973482 0.217273042 2.826328993
0.227774605 0.077869415 0.970595181 3.733979702 0.005469064 0.996679127 -0.081245542 -0.256128639 -0.973698556 0.023813916 0.226592287 2.833151579
0.237249821 0.077402867 0.968360126 3.761274099 0.004277197 0.996727705 -0.080718279 -0.258152276 -0.971439242 0.023292268 0.236142427 2.840328693
0.246911451 0.080761053 0.965666771 3.789060354 -0.001050786 0.996542752 -0.083074614 -0.260528058 -0.969037533 0.019497365 0.246142656 2.848047733
0.256365001 0.083125003 0.962999105 3.817370892 -0.004156372 0.996380806 -0.084899977 -0.262625724 -0.966571093 0.017762803 0.255782664 2.856297493
0.267024070 0.086292334 0.959818602 3.844624281 -0.008509113 0.996155202 -0.087191910 -0.264343500 -0.963652313 0.015115133 0.266731709 2.864379883
0.277065098 0.087950155 0.956817448 3.873094559 -0.010022414 0.996012390 -0.088650748 -0.266895384 -0.960798860 0.014972406 0.276841760 2.873185158
0.286778122 0.088865511 0.953866482 3.902314663 -0.013354211 0.995962322 -0.088772409 -0.269342542 -0.957903922 0.012719851 0.286807001 2.882538080
0.297171950 0.089508891 0.950619161 3.930662155 -0.014510775 0.995904684 -0.089236729 -0.271313310 -0.954713643 0.012724430 0.297253847 2.891821384
0.307162285 0.090667985 0.947328091 3.960825205 -0.018822031 0.995835185 -0.089207686 -0.273454517 -0.951471031 0.009570597 0.307589531 2.902379990
0.317788541 0.085644968 0.944285631 3.991537571 -0.018018110 0.996277809 -0.084296778 -0.275759161 -0.947990298 0.009774306 0.318148851 2.913072109
0.328541756 0.078965820 0.941182733 4.021383762 -0.015145857 0.996811152 -0.078346081 -0.278000116 -0.944368005 0.011484941 0.328690171 2.923452854
0.339712173 0.073959075 0.937617064 4.052540302 -0.012648760 0.997172534 -0.074073955 -0.280580044 -0.940444410 0.013304136 0.339687169 2.934980154
0.349672973 0.070991591 0.934178293 4.084538937 -0.013504967 0.997403264 -0.070741229 -0.282482564 -0.936774492 0.012120254 0.349723786 2.947912216
0.359237343 0.068562128 0.930724263 4.116134644 -0.007397092 0.997475564 -0.070624270 -0.284461439 -0.933216929 0.018486230 0.358837605 2.959366798
0.367478937 0.063606732 0.927854180 4.148531914 -0.001377176 0.997694671 -0.067849040 -0.286259949 -0.930030823 0.023655277 0.366719425 2.972258568
0.374557883 0.053631134 0.925651193 4.182447433 0.008672195 0.998079479 -0.061336681 -0.288387388 -0.927163064 0.031001564 0.373373449 2.985418320
0.382015228 0.049113952 0.922850013 4.215606689 0.013950123 0.998166561 -0.058896963 -0.290615857 -0.924050748 0.035373416 0.380629599 2.998523235
0.389318883 0.049324572 0.919781387 4.249531269 0.016007448 0.998052061 -0.060297463 -0.292775035 -0.920963943 0.038198296 0.387770921 3.012688160
0.396817982 0.055419631 0.916222751 4.282422066 0.018596215 0.997485399 -0.068389028 -0.294841260 -0.917708874 0.044176269 0.394789606 3.026956558
0.404496342 0.059764937 0.912584722 4.315894127 0.022476321 0.996911287 -0.075249948 -0.296307296 -0.914263368 0.050949872 0.401903719 3.041059256
0.409329951 0.062155027 0.910266876 4.348784447 0.020099046 0.996820509 -0.077103280 -0.298860759 -0.912164986 0.049856167 0.406779289 3.056610584
0.413771629 0.063548863 0.908160031 4.381124020 0.013311113 0.997031689 -0.075832449 -0.301456749 -0.910283387 0.043465938 0.411697596 3.072047710
0.417649239 0.067597367 0.906090319 4.413148403 0.006411853 0.996984661 -0.077333853 -0.304024965 -0.908585727 0.038108133 0.415956497 3.087328911
0.421788514 0.069992416 0.903988659 4.445252419 0.006405366 0.996761084 -0.080164082 -0.306793779 -0.906671584 0.039602667 0.419974118 3.102804184
0.425913543 0.074690223 0.901675761 4.477410793 0.003190537 0.996456563 -0.084048443 -0.309079826 -0.904758215 0.038674202 0.424166054 3.118234873
0.429319352 0.077510640 0.899820626 4.508171558 0.000707408 0.996281266 -0.086157292 -0.311604977 -0.903152525 0.037625536 0.427668005 3.133395195
0.433881342 0.075578690 0.897794425 4.540210247 -0.000101493 0.996479452 -0.083837211 -0.314649493 -0.900970042 0.036284275 0.432361513 3.149052858
0.437465817 0.072364807 0.896318495 4.569994926 0.000857894 0.996722698 -0.080889694 -0.317392111 -0.899234653 0.036155425 0.435970008 3.163838863
0.440943599 0.069519959 0.894838393 4.599895477 0.000529323 0.996975422 -0.077715807 -0.320087790 -0.897534788 0.034741946 0.439573079 3.178700924
0.444639504 0.068237327 0.893106580 4.629399300 -0.000010030 0.997094274 -0.076177448 -0.322782993 -0.895709634 0.033862546 0.443348140 3.193731070
0.447540790 0.070732981 0.891461790 4.658095360 -0.003201840 0.996987402 -0.077498481 -0.325375587 -0.894257784 0.031829413 0.446419001 3.209404230
0.450749934 0.070762247 0.889841080 4.687213421 -0.001360289 0.996906281 -0.078587264 -0.327537239 -0.892649233 0.034212764 0.449451715 3.223592520
0.453107655 0.069006085 0.888780951 4.715277672 0.000402841 0.996983528 -0.077612452 -0.330002069 -0.891455770 0.035524838 0.451713026 3.237684965
0.455049634 0.067608409 0.887895763 4.743151188 0.003156289 0.996984720 -0.077532545 -0.332062840 -0.890460491 0.038083609 0.453464180 3.251614094
0.457331270 0.066832013 0.886781514 4.770966530 0.003573558 0.997025907 -0.076983504 -0.333909750 -0.889289260 0.038375929 0.455732316 3.266105890
0.458449990 0.067029580 0.886188805 4.796809196 0.002848268 0.997035742 -0.076887324 -0.337122500 -0.888715625 0.037773091 0.456900120 3.279894590
0.460843116 0.068701744 0.884818494 4.822986126 0.002901010 0.996877253 -0.078913495 -0.338817358 -0.887476921 0.038933605 0.459204704 3.293849468
0.464234829 0.068392865 0.883067608 4.848970413 0.006166216 0.996740520 -0.080438361 -0.341121793 -0.885690689 0.042787474 0.462299913 3.306914330
0.466932476 0.068033397 0.881672025 4.874948502 0.006472102 0.996746540 -0.080340624 -0.344268143 -0.884269297 0.043219920 0.464972973 3.321239948
0.470460951 0.065996721 0.879949391 4.899765491 0.010254607 0.996723056 -0.080237389 -0.346216142 -0.882361233 0.046772096 0.468242437 3.333747625
0.473661423 0.064987674 0.878306031 4.924235821 0.011254466 0.996745706 -0.079820678 -0.348650932 -0.880635023 0.047692850 0.471388608 3.347057581
0.477461010 0.064147934 0.876308143 4.948465824 0.013280460 0.996690571 -0.080196172 -0.350805879 -0.878552556 0.049928319 0.475029022 3.359631777
0.480224460 0.063571788 0.874838829 4.972328663 0.012091596 0.996795595 -0.079071432 -0.353550494 -0.877062201 0.048550233 0.477916986 3.373795748
0.483551919 0.063282132 0.873025119 4.996335506 0.014307067 0.996678531 -0.080169678 -0.355064601 -0.875198722 0.051256631 0.481040359 3.387254715
0.488028646 0.064452276 0.870444655 5.021039486 0.014570242 0.996529341 -0.081957296 -0.357247949 -0.872705996 0.052680098 0.485395819 3.400527000
0.492489487 0.064378455 0.867934048 5.044065952 0.016622294 0.996382713 -0.083338000 -0.359499991 -0.870159745 0.055470146 0.489637852 3.413200617
0.496899813 0.067563169 0.865173817 5.067193031 0.014562516 0.996175110 -0.086157106 -0.361883342 -0.867685795 0.055410556 0.494015366 3.427584410
0.502624512 0.073760733 0.861352444 5.089764118 0.010336914 0.995769620 -0.091303274 -0.364103973 -0.864443064 0.054794997 0.499735713 3.440486431
0.508351028 0.080917463 0.857339859 5.112124443 0.005890843 0.995225489 -0.097424321 -0.365857184 -0.861129880 0.054576192 0.505447268 3.454498768
0.513778746 0.087177105 0.853481889 5.135609627 0.000702325 0.994780838 -0.102032565 -0.368702561 -0.857922375 0.053021595 0.511036217 3.470206499
0.520074606 0.091960855 0.849155784 5.158393383 -0.002467896 0.994344652 -0.106172860 -0.370717794 -0.854117274 0.053122189 0.517360449 3.484729052
0.526077330 0.092074603 0.845437586 5.181621075 -0.006640279 0.994536281 -0.104180619 -0.373278558 -0.850410759 0.049193133 0.523814440 3.498994827
0.531701684 0.091338322 0.841992021 5.204098225 -0.013123408 0.994936705 -0.099642433 -0.375598967 -0.846829951 0.041930243 0.530208349 3.513986588
0.537594914 0.088818416 0.838512361 5.226901531 -0.018895920 0.995456100 -0.093327768 -0.377990127 -0.842991471 0.034328081 0.536830425 3.529699564
0.543360770 0.086701073 0.835010171 5.252243519 -0.026097756 0.995916426 -0.086425908 -0.381519794 -0.839093566 0.025168572 0.543404579 3.546064854
0.549440026 0.084864229 0.831212282 5.276235104 -0.029035458 0.996166945 -0.082512870 -0.383785695 -0.835028648 0.021201240 0.549798012 3.562822104
0.555849135 0.089042149 0.826500595 5.300201416 -0.033871766 0.995847106 -0.084506623 -0.385186851 -0.830592811 0.018977901 0.556556821 3.579596519
0.560984433 0.093009107 0.822584867 5.324905396 -0.037636425 0.995506346 -0.086894043 -0.387377948 -0.826970339 0.017787047 0.561964095 3.598339558
0.567505300 0.096250229 0.817724705 5.350027084 -0.040673323 0.995208561 -0.088913456 -0.389867276 -0.822364509 0.017199267 0.568700969 3.615352631
0.574178398 0.098012976 0.812842309 5.375030994 -0.043202516 0.995052397 -0.089466423 -0.392763525 -0.817589402 0.016252855 0.575572073 3.633376122
0.580425680 0.099344231 0.808230758 5.400339603 -0.046186753 0.994948864 -0.089126132 -0.394547284 -0.813002348 0.014401535 0.582082272 3.652673960
0.586963832 0.101142853 0.803270459 5.426237583 -0.051935263 0.994826257 -0.087312341 -0.397278130 -0.807945549 0.009531129 0.589179933 3.672115088
0.594653547 0.099932283 0.797747195 5.455141544 -0.052554660 0.994954348 -0.085460976 -0.399238527 -0.802262366 0.008894341 0.596905231 3.691806793
0.601081133 0.096738197 0.793311596 5.481236935 -0.051514219 0.995272517 -0.082334161 -0.402478158 -0.797525942 0.008622689 0.603222907 3.714358568
