0.999998331 0.000873625 0.001613063 -0.000529574 -0.000866403 0.999989569 -0.004472518 -0.000278631 -0.001616954 0.004471112 0.999988675 0.085198224
0.999996424 -0.001332212 0.002286450 -0.000353300 0.001344567 0.999984443 -0.005410497 -0.000049693 -0.002279207 0.005413552 0.999982774 0.169884771
0.999992311 -0.002803983 0.002719320 -0.000741078 0.002807511 0.999995172 -0.001294240 -0.000237492 -0.002715678 0.001301865 0.999995470 0.254877180
0.999984920 -0.005121675 0.001941833 -0.000480008 0.005112017 0.999974728 0.004946025 -0.000533040 -0.001967115 -0.004936023 0.999985814 0.339628458
0.999962568 -0.008623440 0.000620522 -0.000488579 0.008620291 0.999950826 0.004908037 -0.000290859 -0.000662815 -0.004902504 0.999987781 0.423272163
0.999938607 -0.011082993 -0.000082770 -0.000605458 0.011083134 0.999936640 0.001967748 0.000130850 0.000060956 -0.001968544 0.999997973 0.506238461
0.999930084 -0.011791287 -0.000916971 -0.000845063 0.011789809 0.999929130 -0.001599655 0.000602929 0.000935768 0.001588732 0.999998271 0.588723004
0.999932110 -0.011543591 -0.001609869 -0.001545324 0.011539682 0.999930441 -0.002416399 0.000934025 0.001637651 0.002397657 0.999995768 0.672246873
0.999935269 -0.011029360 -0.002763620 -0.001678327 0.011029121 0.999939144 -0.000102129 0.000130201 0.002764578 0.000071642 0.999996185 0.754171908
0.999929607 -0.011316658 -0.003541375 -0.001994627 0.011326542 0.999931991 0.002783668 0.000128628 0.003509632 -0.002823583 0.999989867 0.837127864
0.999928534 -0.011051830 -0.004588948 -0.002436548 0.011070942 0.999930024 0.004160443 0.000735690 0.004542646 -0.004210949 0.999980807 0.918000519
0.999910295 -0.012414047 -0.005052194 -0.003178656 0.012441453 0.999907851 0.005429571 0.000571016 0.004984326 -0.005491941 0.999972463 1.000034809
0.999904037 -0.012355745 -0.006265545 -0.003111848 0.012386679 0.999911189 0.004922616 0.001089722 0.006204166 -0.004999753 0.999968231 1.080582738
0.999902189 -0.012417989 -0.006437044 -0.004760609 0.012444976 0.999913871 0.004169275 0.000704962 0.006384717 -0.004248975 0.999970555 1.159859180
0.999887764 -0.012626726 -0.008059273 -0.005460024 0.012640204 0.999918818 0.001623744 0.001654955 0.008038116 -0.001725433 0.999966145 1.242348194
0.999836743 -0.014602302 -0.010642706 -0.004683580 0.014602280 0.999893367 -0.000079600 0.002530131 0.010642733 -0.000075822 0.999943376 1.322887897
0.999846697 -0.013393404 -0.011275940 -0.007354833 0.013393747 0.999910295 -0.000044913 0.001633896 0.011275530 -0.000106121 0.999936402 1.402692318
0.999845922 -0.012002651 -0.012808390 -0.009038331 0.011985607 0.999927223 -0.001406536 0.002416702 0.012824340 0.001252803 0.999916971 1.481917381
0.999834418 -0.010618081 -0.014775575 -0.010041032 0.010601633 0.999943018 -0.001191057 0.001803554 0.014787381 0.001034215 0.999890149 1.562242031
0.999790967 -0.011222066 -0.017089153 -0.010109102 0.011217401 0.999936938 -0.000368904 0.001817777 0.017092217 0.000177130 0.999853969 1.642136693
0.999783516 -0.011030786 -0.017641792 -0.013609115 0.011055033 0.999938071 0.001277466 0.001537499 0.017626610 -0.001472220 0.999843478 1.720928431
0.999770522 -0.010483813 -0.018684527 -0.015879842 0.010512071 0.999943733 0.001414681 0.001849300 0.018668648 -0.001610769 0.999824345 1.800064564
0.999743640 -0.011347516 -0.019589581 -0.018157829 0.011379094 0.999934137 0.001501208 0.001706039 0.019571258 -0.001723735 0.999806941 1.877317548
0.999695182 -0.011626188 -0.021780377 -0.019709319 0.011647346 0.999931812 0.000844785 0.001877555 0.021769071 -0.001098211 0.999762356 1.955009818
0.999677122 -0.012169562 -0.022306021 -0.022407304 0.012193820 0.999925196 0.000951845 0.002323605 0.022292769 -0.001223533 0.999750674 2.032371998
0.999641597 -0.011575781 -0.024138527 -0.023862138 0.011653875 0.999927282 0.003097000 0.002540903 0.024100922 -0.003377198 0.999703825 2.108382225
0.999623120 -0.012047467 -0.024669491 -0.025943499 0.012193184 0.999908984 0.005764894 0.002872458 0.024597796 -0.006063521 0.999679029 2.184123516
0.999589801 -0.012303351 -0.025867777 -0.027466895 0.012506545 0.999891996 0.007707876 0.002757371 0.025770152 -0.008028228 0.999635756 2.259408474
0.999568164 -0.012221846 -0.026722658 -0.030102208 0.012399836 0.999901950 0.006505101 0.003144685 0.026640533 -0.006833648 0.999621749 2.334253073
0.999574006 -0.010047135 -0.027401634 -0.032252919 0.010149933 0.999941885 0.003614957 0.003689008 0.027363721 -0.003891541 0.999617934 2.405297995
0.999554634 -0.010068172 -0.028094534 -0.034840807 0.010112120 0.999947846 0.001422621 0.004197537 0.028078746 -0.001706083 0.999604225 2.476664305
0.999535620 -0.008787082 -0.029175917 -0.036908757 0.008838176 0.999959648 0.001622790 0.003936010 0.029160477 -0.001879898 0.999573112 2.546485901
0.999516845 -0.008149870 -0.029991819 -0.039789364 0.008179246 0.999966264 0.000857013 0.004077273 0.029983815 -0.001101909 0.999549806 2.614898205
0.999442697 -0.008702829 -0.032225870 -0.042240910 0.008719906 0.999961853 0.000389343 0.003902795 0.032221261 -0.000670133 0.999480546 2.685384512
0.999383271 -0.009056257 -0.033926047 -0.045497060 0.009069271 0.999958813 0.000229724 0.003937010 0.033922568 -0.000537267 0.999424398 2.752912045
0.999325871 -0.008775389 -0.035647877 -0.048790894 0.008842344 0.999959469 0.001721056 0.003563003 0.035631325 -0.002035107 0.999362946 2.820939779
0.999228477 -0.009151320 -0.038192619 -0.050244227 0.009303516 0.999949455 0.003809091 0.003709107 0.038155824 -0.004161477 0.999263108 2.889392614
0.999178946 -0.007733508 -0.039767317 -0.054483235 0.007932774 0.999956727 0.004855449 0.004445438 0.039728049 -0.005166928 0.999197125 2.955793381
0.999107122 -0.006747597 -0.041706212 -0.057067811 0.006975355 0.999961495 0.005317850 0.004196113 0.041668728 -0.005604018 0.999115705 3.019297600
0.999017000 -0.003930764 -0.044153724 -0.060130551 0.004142413 0.999980390 0.004703001 0.004234103 0.044134378 -0.004881281 0.999013662 3.085687399
0.998936713 -0.002888753 -0.046010103 -0.063376985 0.003082847 0.999986589 0.004148109 0.004093738 0.045997508 -0.004285541 0.998932302 3.149738073
0.998863101 -0.002666273 -0.047595106 -0.066579185 0.002903135 0.999983728 0.004908162 0.004910116 0.047581244 -0.005040757 0.998854578 3.212534428
0.998835087 -0.000991795 -0.048242193 -0.070476688 0.001316248 0.999976754 0.006694213 0.005436052 0.048234429 -0.006749914 0.998813152 3.272433519
0.998840988 0.001439389 -0.048109781 -0.074429445 -0.001092473 0.999973178 0.007236435 0.005607532 0.048118915 -0.007175488 0.998815835 3.331984520
0.998863161 0.004974959 -0.047408346 -0.077596143 -0.004720462 0.999973834 0.005478611 0.005299247 0.047434360 -0.005248594 0.998860538 3.393392801
0.998937011 0.006945515 -0.045570981 -0.080996402 -0.006829971 0.999972999 0.002690675 0.004954583 0.045588441 -0.002376567 0.998957396 3.449403763
0.999037445 0.006873840 -0.043324020 -0.083922759 -0.006874992 0.999976277 0.000122424 0.006788697 0.043323837 0.000175547 0.999061048 3.508714914
0.999174774 0.008329229 -0.039754517 -0.087629363 -0.008301996 0.999965072 0.000850080 0.006817746 0.039760217 -0.000519336 0.999209106 3.564689875
0.999244273 0.012809834 -0.036698915 -0.090176955 -0.012683991 0.999912858 0.003659809 0.006654434 0.036742602 -0.003191555 0.999319673 3.623081684
0.999300897 0.017243875 -0.033172403 -0.091536075 -0.017007804 0.999828100 0.007385485 0.006288918 0.033294063 -0.006816132 0.999422371 3.678965569
0.999343634 0.022332497 -0.028525056 -0.094056547 -0.022108968 0.999722540 0.008127804 0.006658839 0.028698660 -0.007491810 0.999559999 3.731541157
0.999397039 0.025632272 -0.023421267 -0.095559053 -0.025437264 0.999639511 0.008586396 0.006968753 0.023632910 -0.007985448 0.999688804 3.785173178
0.999400914 0.029800838 -0.017603725 -0.097202301 -0.029615387 0.999504089 0.010703167 0.007102057 0.017913958 -0.010175413 0.999787748 3.836091518
0.999344766 0.034529243 -0.010846262 -0.098488212 -0.034402680 0.999340177 0.011646131 0.007982869 0.011241235 -0.011265360 0.999873340 3.885715723
0.999280155 0.037735000 -0.003886391 -0.098783575 -0.037687253 0.999221027 0.011703395 0.007226601 0.004324990 -0.011548504 0.999923885 3.933882952
0.999144018 0.041234661 0.003296556 -0.098722056 -0.041271187 0.999077022 0.011908835 0.007152479 -0.002802457 -0.012034693 0.999923587 3.979571104
0.998900175 0.045602314 0.010897282 -0.099076211 -0.045722991 0.998892546 0.011094586 0.008046042 -0.010379276 -0.011580641 0.999879062 4.023905754
0.998584449 0.049859107 0.018524088 -0.098759122 -0.050019033 0.998714030 0.008273039 0.008433327 -0.018087780 -0.009187886 0.999794185 4.065892696
0.998281837 0.052092329 0.026827468 -0.098508850 -0.052257176 0.998618543 0.005479774 0.008083655 -0.026504956 -0.006872287 0.999625027 4.104768276
0.998000443 0.052456550 0.035263516 -0.097944096 -0.052671965 0.998598218 0.005206750 0.008448569 -0.034940965 -0.007053737 0.999364495 4.142409801
0.997765124 0.051461507 0.042619154 -0.094939813 -0.051783811 0.998637259 0.006492585 0.008519676 -0.042226955 -0.008685058 0.999070346 4.178109646
0.997278810 0.053383771 0.050844185 -0.093690202 -0.053814266 0.998525500 0.007134789 0.008741129 -0.050388329 -0.009851516 0.998681068 4.212065697
0.996625245 0.056469254 0.059575468 -0.092159003 -0.056994949 0.998348773 0.007160531 0.008955343 -0.059072744 -0.010531866 0.998198152 4.243195057
0.995804727 0.061072741 0.068139791 -0.089690030 -0.061665945 0.998074710 0.006634583 0.008946566 -0.067603417 -0.010808652 0.997653723 4.271584034
0.994888544 0.064713672 0.077517591 -0.088278443 -0.065427080 0.997834861 0.006696432 0.008711440 -0.076916404 -0.011733950 0.996968627 4.299487591
0.994154572 0.063883066 0.087038428 -0.086295336 -0.064777710 0.997871578 0.007490406 0.007897364 -0.086374693 -0.013084771 0.996176839 4.324567795
0.993254185 0.063044682 0.097321540 -0.082989246 -0.063889466 0.997941375 0.005585299 0.008286795 -0.096769065 -0.011765442 0.995237291 4.346712112
0.992162704 0.061213177 0.108931117 -0.079026848 -0.061723307 0.998092353 0.001314260 0.007326163 -0.108642876 -0.008027548 0.994048417 4.369578362
0.990558684 0.062287983 0.122121602 -0.074838817 -0.062405154 0.998046875 -0.002868892 0.007890553 -0.122061774 -0.004779213 0.992510915 4.392920017
0.988387167 0.064398304 0.137636036 -0.071876824 -0.064300761 0.997917175 -0.005159538 0.008007387 -0.137681678 -0.003750481 0.990469396 4.415847301
0.985870838 0.066318616 0.153820008 -0.067284524 -0.066091746 0.997791767 -0.006593692 0.007954769 -0.153917626 -0.003665705 0.988076925 4.438919544
0.982996225 0.066819541 0.171037272 -0.063202262 -0.066450819 0.997758567 -0.007886415 0.007694099 -0.171180844 -0.003613250 0.985233009 4.462024689
0.979721606 0.065896377 0.189217344 -0.058098674 -0.065345816 0.997820795 -0.009153705 0.007720686 -0.189408183 -0.003396484 0.981892645 4.484040260
0.975917578 0.064715624 0.208319068 -0.051371992 -0.064168490 0.997894883 -0.009390574 0.007511958 -0.208488286 -0.004203095 0.978015900 4.505220413
0.971296251 0.064988762 0.228823334 -0.045842767 -0.064275086 0.997876108 -0.010578457 0.006680846 -0.229024827 -0.004432823 0.973410487 4.527397156
0.966073990 0.067501441 0.249287978 -0.038676381 -0.066395409 0.997710526 -0.012852710 0.006662361 -0.249584824 -0.004134910 0.968344092 4.546384811
0.959817767 0.068491817 0.272137225 -0.031431317 -0.066959523 0.997644067 -0.014924474 0.006239124 -0.272518277 -0.003897406 0.962142706 4.566769123
0.952423155 0.069866799 0.296663076 -0.023299813 -0.068087764 0.997545421 -0.016338322 0.006123051 -0.297076434 -0.004638128 0.954842448 4.589806080
0.944009662 0.072456941 0.321862966 -0.014453769 -0.070719734 0.997349620 -0.017102841 0.005212039 -0.322249055 -0.006616824 0.946631789 4.609903812
0.934166014 0.074306034 0.349016488 -0.005048037 -0.072532229 0.997200608 -0.018167816 0.004496120 -0.349389404 -0.008343194 0.936940491 4.630916119
0.922979176 0.075259857 0.377419472 0.005803347 -0.073329888 0.997116983 -0.019503284 0.003674813 -0.377799213 -0.009675007 0.925837040 4.652833939
0.910243332 0.073603898 0.407479256 0.017403483 -0.070867427 0.997246861 -0.021828471 0.003100902 -0.407964140 -0.009007790 0.912953436 4.672868729
0.895454288 0.070619196 0.439516246 0.030934215 -0.066604502 0.997476757 -0.024571810 0.002366222 -0.440142542 -0.007270827 0.897898436 4.693123817
0.878355265 0.069454402 0.472935498 0.045428872 -0.063415229 0.997573733 -0.028724365 0.001327723 -0.473783106 -0.004761119 0.880628705 4.712126732
0.858699799 0.071900241 0.507410049 0.059088230 -0.063376673 0.997407734 -0.034079552 0.000854701 -0.508545041 -0.002893855 0.861030400 4.731526375
0.836690903 0.074014746 0.542651057 0.075561762 -0.063149512 0.997255325 -0.038652785 -0.000014693 -0.544022441 -0.001927717 0.839068413 4.753149986
0.812254310 0.076984584 0.578200936 0.093297720 -0.064031698 0.997029781 -0.042798091 -0.000281349 -0.579778194 -0.002260248 0.814771116 4.772628784
0.784901857 0.080701500 0.614342093 0.111471891 -0.066839300 0.996724129 -0.045536231 -0.001945198 -0.616004407 -0.005320728 0.787724614 4.792478085
0.754927814 0.084801488 0.650301933 0.132544518 -0.070182510 0.996356726 -0.048454091 -0.003308535 -0.652041733 -0.009060482 0.758128881 4.813754082
0.722128689 0.086289577 0.686355829 0.156896830 -0.070068359 0.996210754 -0.051524617 -0.004467741 -0.688201070 -0.010884427 0.725438416 4.834436417
0.685216665 0.083497360 0.723537385 0.180802345 -0.066207826 0.996434808 -0.052288909 -0.006706759 -0.725323856 -0.012074613 0.688301921 4.855318546
0.645962238 0.082334124 0.758916438 0.208762646 -0.063471630 0.996517003 -0.054086450 -0.008205369 -0.760726154 -0.013231861 0.648938060 4.875857353
0.603449225 0.081908181 0.793183565 0.238660812 -0.061514869 0.996527970 -0.056106430 -0.010053053 -0.795025170 -0.014935214 0.606392503 4.895628452
0.557828128 0.081477493 0.825947464 0.272046328 -0.057552770 0.996571481 -0.059439115 -0.011784390 -0.827958584 -0.014378742 0.560604870 4.913838387
0.509376943 0.079883888 0.856827736 0.306802988 -0.054017715 0.996686578 -0.060810149 -0.014578328 -0.858846366 -0.015308578 0.512004435 4.932020187
0.460279822 0.077931434 0.884346783 0.342264533 -0.052189518 0.996792138 -0.060677182 -0.016957089 -0.886238515 -0.018225141 0.462870598 4.948252201
0.411373198 0.076219387 0.908274531 0.385085106 -0.051849280 0.996840656 -0.060168136 -0.018515706 -0.909991086 -0.022341819 0.414025456 4.964166164
0.361455828 0.076336272 0.929259121 0.426192045 -0.054969609 0.996653974 -0.060490940 -0.019721657 -0.930767417 -0.029216209 0.364442527 4.977467060
0.312248170 0.077070631 0.946869135 0.469779372 -0.052833099 0.996569991 -0.063693315 -0.021675929 -0.948530316 -0.030137904 0.315249026 4.989949226
0.265447766 0.072925515 0.961363256 0.515168548 -0.041795343 0.997068286 -0.064093620 -0.025879592 -0.963218868 -0.023166997 0.267717481 4.998327255
0.221000612 0.066989526 0.972970307 0.562070131 -0.027919015 0.997663915 -0.062348176 -0.028215036 -0.974873960 -0.013385387 0.222354636 5.005562782
0.179246172 0.066242203 0.981571555 0.610564828 -0.019234775 0.997775853 -0.063823260 -0.030883230 -0.983616114 -0.007440231 0.180121645 5.010510921
0.139808014 0.068127289 0.987832069 0.660398185 -0.015637718 0.997657716 -0.066591710 -0.032484859 -0.990055084 -0.006137385 0.140545905 5.016632080
0.108103901 0.068335876 0.991788149 0.712126911 -0.006899088 0.997662246 -0.067988597 -0.036601432 -0.994115651 0.000507401 0.108322620 5.018857002
0.079562753 0.066822976 0.994587541 0.764549613 -0.000332532 0.997752249 -0.067008987 -0.040123556 -0.996829808 0.005000689 0.079406127 5.020326614
0.053982459 0.065207116 0.996410549 0.819674492 0.007100586 0.997815251 -0.065683752 -0.043185189 -0.998516619 0.010620866 0.053401511 5.022507668
0.034165144 0.064179577 0.997353375 0.874347925 0.011982308 0.997837961 -0.064621232 -0.045803752 -0.999344349 0.014158389 0.033322256 5.022950172
0.018122558 0.066134885 0.997646093 0.931644320 0.014622864 0.997685671 -0.066403128 -0.048614763 -0.999728858 0.015791837 0.017113540 5.023005486
0.004785601 0.065733753 0.997825742 0.988369465 0.014795425 0.997723222 -0.065797955 -0.052199766 -0.999879122 0.015078138 0.003802148 5.022706509
-0.007089077 0.066508196 0.997760653 1.048396826 0.016121684 0.997663796 -0.066387184 -0.055976905 -0.999844909 0.015614959 -0.008144738 5.022042751
-0.015703367 0.069456682 0.997461319 1.107622027 0.020646982 0.997394204 -0.069126949 -0.059135981 -0.999663532 0.019509040 -0.017096519 5.019937038
-0.022450333 0.071450964 0.997191429 1.170398235 0.025005087 0.997170925 -0.070886537 -0.062807724 -0.999435186 0.023343431 -0.024173463 5.017900467
-0.026479879 0.070966460 0.997127175 1.231224537 0.025577838 0.997198582 -0.070292287 -0.065840513 -0.999322116 0.023643022 -0.028220866 5.015094280
-0.030760495 0.068258986 0.997193277 1.297944427 0.023360575 0.997442126 -0.067555375 -0.069412380 -0.999253750 0.021216974 -0.032276377 5.014313698
-0.033493850 0.061062016 0.997571826 1.363431215 0.021263288 0.997949481 -0.060371205 -0.073757611 -0.999212682 0.019189594 -0.034723554 5.013493061
-0.033528313 0.055672679 0.997885883 1.427840233 0.023074528 0.998224318 -0.054916263 -0.076623812 -0.999171317 0.021184498 -0.034753393 5.008940697
-0.034808747 0.052849066 0.997995794 1.497982144 0.025115874 0.998331666 -0.051990859 -0.080844000 -0.999078274 0.023255793 -0.036078032 5.006744385
-0.034440726 0.054738645 0.997906566 1.567337990 0.028188158 0.998154879 -0.053779412 -0.085519202 -0.999009073 0.026276948 -0.035920165 5.004152298
-0.033522602 0.062498461 0.997481942 1.634138107 0.029362801 0.997673690 -0.061523672 -0.087688908 -0.999006569 0.027226429 -0.035279747 5.001966476
-0.031617783 0.070651054 0.996999860 1.704406738 0.030079074 0.997114062 -0.069705263 -0.091177791 -0.999047339 0.027784908 -0.033651654 5.000220299
-0.029329002 0.071887225 0.996981442 1.775612831 0.030580731 0.997008204 -0.070989527 -0.094132721 -0.999101937 0.028406369 -0.031439614 4.998651028
-0.026561789 0.067204215 0.997385621 1.847983479 0.030372398 0.997331321 -0.066391684 -0.098467842 -0.999185741 0.028529514 -0.028532056 4.995979786
-0.024885379 0.060704742 0.997845471 1.922147393 0.029393166 0.997767448 -0.059966959 -0.103372753 -0.999258101 0.027837541 -0.026614126 4.995095253
-0.022449866 0.058907308 0.998010993 1.994453549 0.027570559 0.997919321 -0.058281716 -0.108177043 -0.999367774 0.026207300 -0.024027266 4.995059013
-0.018839851 0.064519554 0.997738600 2.065210819 0.035400234 0.997332931 -0.063824899 -0.112094760 -0.999195635 0.034117725 -0.021073613 4.992862701
-0.015521465 0.070094660 0.997419596 2.138659954 0.036940325 0.996898890 -0.069483213 -0.116148695 -0.999196887 0.035766531 -0.018062653 4.990783215
-0.013078047 0.070572615 0.997420967 2.211814880 0.030783357 0.997061849 -0.070143580 -0.120350942 -0.999440551 0.029786626 -0.015212085 4.990895271
-0.009295974 0.067165859 0.997698486 2.283479929 0.026372571 0.997411132 -0.066900767 -0.124136955 -0.999608934 0.025689963 -0.011043242 4.989646912
-0.005099076 0.063206159 0.997987390 2.358111143 0.030864229 0.997534931 -0.063019812 -0.130015761 -0.999510586 0.030480770 -0.007037316 4.990386963
-0.001061686 0.064389907 0.997924268 2.429731846 0.035495561 0.997298360 -0.064311780 -0.134446681 -0.999369264 0.035353594 -0.003344375 4.989160061
0.001022772 0.068611279 0.997642994 2.503230572 0.034998842 0.997029901 -0.068604998 -0.139794037 -0.999386787 0.034986515 -0.001381582 4.990877628
0.005281940 0.069474526 0.997569680 2.576496363 0.031526040 0.997076154 -0.069607079 -0.143638119 -0.999488950 0.031817090 0.003076240 4.991523743
0.008478361 0.069319732 0.997558475 2.649804592 0.030879818 0.997100353 -0.069550373 -0.147887707 -0.999487162 0.031394094 0.006313198 4.992264748
0.012652734 0.066646181 0.997696400 2.722731113 0.034785632 0.997143090 -0.067050368 -0.151663274 -0.999314725 0.035553869 0.010298256 4.991449833
0.015890308 0.067002028 0.997626305 2.795592546 0.038950723 0.996953428 -0.067577250 -0.157257825 -0.999114871 0.039932087 0.013232119 4.993545055
0.019196905 0.067650534 0.997524381 2.870385647 0.042041458 0.996771097 -0.068408549 -0.162241146 -0.998931408 0.043250602 0.016290791 4.995127678
0.021742569 0.067079581 0.997510672 2.944474936 0.042336386 0.996789753 -0.067953914 -0.167541653 -0.998866796 0.043708496 0.018832868 4.997067928
0.025101360 0.065783821 0.997518063 3.016878605 0.043190952 0.996829271 -0.066825263 -0.172148779 -0.998751402 0.044761155 0.022180511 4.999282360
0.029163612 0.064763360 0.997474432 3.089880228 0.046195962 0.996745229 -0.066066682 -0.176727742 -0.998506606 0.048006035 0.026076883 4.999918938
0.031776264 0.064831451 0.997390151 3.163673878 0.044517003 0.996811986 -0.066212162 -0.181813911 -0.998503089 0.046504803 0.028788857 5.002868176
0.035041973 0.066468216 0.997173071 3.236465931 0.041535325 0.996826887 -0.067904755 -0.186027482 -0.998522341 0.043797430 0.032169998 5.005307198
0.037793506 0.066934079 0.997041345 3.311317444 0.043419052 0.996701896 -0.068557113 -0.189880461 -0.998341858 0.045881610 0.034762647 5.008525372
0.040314920 0.066920914 0.996943414 3.386413336 0.041154481 0.996796727 -0.068575285 -0.194571674 -0.998339117 0.043793298 0.037431687 5.011928082
0.042474344 0.067578577 0.996809423 3.460442543 0.039121047 0.996832132 -0.069247074 -0.198474795 -0.998331368 0.041937459 0.039696053 5.016155720
0.045433443 0.066759028 0.996734202 3.534327269 0.036253750 0.996996999 -0.068429187 -0.204631299 -0.998309433 0.039244324 0.042876739 5.020123959
0.048638795 0.068558291 0.996460736 3.608152151 0.034824282 0.996918559 -0.070289619 -0.209483817 -0.998209178 0.038119830 0.046101429 5.024070740
0.051931858 0.072190747 0.996037960 3.682886124 0.032914594 0.996718168 -0.073956177 -0.214650273 -0.998108089 0.036624860 0.049385298 5.028075695
0.055006094 0.074532330 0.995700359 3.760366917 0.033570629 0.996508241 -0.076447375 -0.219510525 -0.997921526 0.037631355 0.052311927 5.033845425
0.057598524 0.076732188 0.995386600 3.835084200 0.027615752 0.996537924 -0.078418933 -0.224622652 -0.997957885 0.032005165 0.055280097 5.039268494
0.060700450 0.076241568 0.995240092 3.911852360 0.023946607 0.996680379 -0.077812426 -0.229219377 -0.997868836 0.028555866 0.058673222 5.044504166
0.064303719 0.076362289 0.995004356 3.990301609 0.026040178 0.996600091 -0.078167625 -0.235545784 -0.997590542 0.030936563 0.062096599 5.050149918
0.068663053 0.077651046 0.994613349 4.065981865 0.024909692 0.996522009 -0.079519697 -0.240981907 -0.997328818 0.030235579 0.066489980 5.054211617
0.072066806 0.078674138 0.994292021 4.145132065 0.020949230 0.996544898 -0.080370806 -0.246898085 -0.997179747 0.026621724 0.070169650 5.062396526
0.075985290 0.076842993 0.994143546 4.223172665 0.019822525 0.996712685 -0.078556649 -0.251799911 -0.996911883 0.025675593 0.074212268 5.068632126
0.080490693 0.076243207 0.993835092 4.301567078 0.020022633 0.996745408 -0.078088097 -0.258716166 -0.996554255 0.026184563 0.078702152 5.075803280
0.085385814 0.080302671 0.993106604 4.379788399 0.016044155 0.996506810 -0.081957050 -0.263719857 -0.996218860 0.022931525 0.083799139 5.083718300
0.091484793 0.089279190 0.991796255 4.458802700 0.014486277 0.995748162 -0.090971164 -0.269337505 -0.995701194 0.022689914 0.089802481 5.091860294
0.099192172 0.094110772 0.990607977 4.537044525 0.013409566 0.995300710 -0.095899329 -0.275786966 -0.994977951 0.022796085 0.097464055 5.099514484
0.106200434 0.097429112 0.989560068 4.617315769 0.009240632 0.995048344 -0.098961189 -0.282310933 -0.994301796 0.019653881 0.104774259 5.110425472
0.112954505 0.094909392 0.989057004 4.696931362 0.004990473 0.995360672 -0.096084252 -0.290407300 -0.993587613 0.015789010 0.111956850 5.120312214
0.121405736 0.093488000 0.988190651 4.776003838 0.004530433 0.995492160 -0.094735369 -0.297264516 -0.992592633 0.015978348 0.120434918 5.128894806
0.129067481 0.090246171 0.987520754 4.860133648 0.004619988 0.995784640 -0.091605209 -0.303792298 -0.991624951 0.016385591 0.128106475 5.139751434
0.135362402 0.084294483 0.987203777 4.937190533 0.001873083 0.996350765 -0.085332334 -0.311433762 -0.990794361 0.013399906 0.134710535 5.152788162
0.142135873 0.076470934 0.986888826 5.018480778 -0.000656169 0.997018397 -0.077161342 -0.317901254 -0.989846885 0.010319829 0.141762286 5.166709900
0.149902537 0.073544957 0.985961616 5.096349239 -0.001264891 0.997242928 -0.074194156 -0.325393826 -0.988699913 0.009874758 0.149582326 5.178171635
0.157042623 0.076134987 0.984652758 5.175634384 -0.001228074 0.997038305 -0.076896787 -0.330315977 -0.987591088 0.010866850 0.156671017 5.191513062
0.162614390 0.082586616 0.983227313 5.254026413 0.000417297 0.996485114 -0.083769232 -0.335495293 -0.986689746 0.014032383 0.162008375 5.205596447
0.167762399 0.086454846 0.982029140 5.330146313 -0.002599330 0.996182501 -0.087256804 -0.342145830 -0.985824049 0.012085794 0.167346731 5.218517303
0.172618225 0.089354977 0.980927408 5.406387329 -0.004003389 0.995932102 -0.090017319 -0.349254519 -0.984980702 0.011611592 0.172273725 5.233227730
0.178175732 0.089001507 0.979965508 5.482043743 -0.006484629 0.995985746 -0.089277469 -0.355578154 -0.983977258 0.009552366 0.178037658 5.247164249
0.183646485 0.086089574 0.979215264 5.556754589 -0.002522407 0.996195614 -0.087109365 -0.362194002 -0.982989132 0.013527351 0.183164984 5.260892868
0.187931627 0.079256408 0.978979111 5.632571697 -0.001462491 0.996760368 -0.080415212 -0.367968082 -0.982181013 0.013680813 0.187438741 5.276127338
0.190954655 0.073617555 0.978834450 5.707097054 -0.003814386 0.997231901 -0.074257083 -0.373685122 -0.981591463 0.010446084 0.190706909 5.291626453
0.194283709 0.070180111 0.978431702 5.778556824 -0.007423912 0.997514129 -0.070074692 -0.379342258 -0.980917335 0.006350579 0.194321737 5.306878090
0.197524816 0.069839202 0.977806926 5.850583076 -0.008347293 0.997542799 -0.069562584 -0.384960622 -0.980262339 0.005578296 0.197622389 5.322049141
0.198555380 0.071989961 0.977442205 5.920570374 -0.011132737 0.997400045 -0.071198411 -0.390002191 -0.980026424 0.003255218 0.198840573 5.338850498
0.200216413 0.076674990 0.976746798 5.990531921 -0.015457178 0.997056127 -0.075100832 -0.394793868 -0.979629755 -0.000061332 0.200812161 5.353882790
0.203034088 0.080291934 0.975874186 6.058721066 -0.015491129 0.996770978 -0.078788266 -0.400541335 -0.979049146 0.000879318 0.203622296 5.367927551
0.204656988 0.085757919 0.975069821 6.126246929 -0.016394626 0.996315241 -0.084185407 -0.405685425 -0.978696465 0.001243229 0.205308825 5.383415222
0.206344381 0.087473698 0.974561572 6.193795204 -0.015548456 0.996163368 -0.086120531 -0.411618531 -0.978356004 0.002617556 0.206912756 5.397982121
0.207615674 0.087665215 0.974274397 6.261709213 -0.017950244 0.996149898 -0.085808411 -0.416910589 -0.978045881 0.000326711 0.208389923 5.413812160
0.208688542 0.084794752 0.974299192 6.324893951 -0.017711349 0.996398449 -0.082924411 -0.422126740 -0.977821767 0.000049225 0.209438771 5.427708149
0.210532993 0.081902325 0.974149823 6.388809681 -0.016958056 0.996640265 -0.080128267 -0.427604079 -0.977439702 0.000349958 0.211214572 5.439849377
0.209802568 0.080949321 0.974387050 6.453113556 -0.015620146 0.996717155 -0.079441145 -0.432130605 -0.977618992 0.001446889 0.210378259 5.455082893
0.207668900 0.080134414 0.974911273 6.515657902 -0.016197478 0.996783912 -0.078482002 -0.437610805 -0.978065014 0.000507165 0.208299011 5.470059395
0.205330804 0.081069686 0.975329161 6.578015327 -0.017856603 0.996707678 -0.079087436 -0.443129271 -0.978529751 -0.001176981 0.206102446 5.485029697
0.203236654 0.084136806 0.975508034 6.637458324 -0.018468177 0.996453345 -0.082095675 -0.447785318 -0.978955507 -0.001331006 0.204069704 5.497434616
0.201409891 0.087484591 0.975592315 6.695358276 -0.016048104 0.996164501 -0.086016238 -0.452918947 -0.979375601 0.001668115 0.202041328 5.508884430
0.200258479 0.088480316 0.975739598 6.754356384 -0.013666035 0.996069074 -0.087519005 -0.457223654 -0.979647815 0.004191934 0.200680465 5.520171642
0.198209703 0.087089024 0.976282895 6.813258648 -0.014321814 0.996195912 -0.085957661 -0.462382436 -0.980055034 0.003055500 0.198702961 5.531951904
0.195343375 0.083999373 0.977130949 6.869511604 -0.014427764 0.996463656 -0.082776986 -0.466964245 -0.980628788 0.002072116 0.195864514 5.543714523
0.192744419 0.079924569 0.977988541 6.926536560 -0.014654289 0.996800661 -0.078573845 -0.472405314 -0.981139541 0.000812944 0.193298995 5.556108952
0.191269636 0.079263486 0.978331864 6.981956482 -0.010814413 0.996843815 -0.078649022 -0.476701975 -0.981477976 0.004463082 0.191523150 5.565642357
0.189775616 0.080659740 0.978508711 7.036494732 -0.007112507 0.996706545 -0.080780387 -0.481339455 -0.981801748 0.008370499 0.189724311 5.575610638
0.187573612 0.082533479 0.978776991 7.089319229 -0.002588860 0.996501684 -0.083531953 -0.485393912 -0.982247114 0.013134473 0.187131107 5.584738731
0.185457587 0.084672831 0.978997409 7.145153522 -0.003901707 0.996336162 -0.085433327 -0.489377230 -0.982644498 0.012024496 0.185108498 5.595828533
0.183992267 0.087039992 0.979066372 7.199382305 -0.004265571 0.996132910 -0.087755628 -0.494015336 -0.982918441 0.011970079 0.183652028 5.606174469
0.183293968 0.085475281 0.979335129 7.252998829 -0.002368260 0.996248305 -0.086508207 -0.498496413 -0.983055234 0.013537111 0.182808697 5.615945339
0.183819547 0.083968654 0.979366958 7.306961536 0.003647376 0.996279478 -0.086103275 -0.502863288 -0.982953250 0.019399581 0.182829395 5.625321388
0.185889512 0.082534894 0.979098141 7.361028194 0.008421004 0.996295452 -0.085583366 -0.506150365 -0.982534587 0.024154043 0.184505865 5.635870934
0.188773379 0.081759512 0.978611231 7.415403366 0.011221316 0.996283531 -0.085400559 -0.510706007 -0.981956542 0.027102657 0.187154397 5.643824100
0.191255853 0.081547186 0.978146851 7.471346855 0.008670202 0.996363699 -0.084761180 -0.515192807 -0.981502056 0.024691803 0.189853266 5.656996250
0.196640238 0.082293712 0.977016032 7.525541306 0.007373645 0.996319294 -0.085403681 -0.519400299 -0.980448008 0.023997970 0.195309609 5.668498039
0.203250796 0.080858096 0.975782275 7.580547810 0.009035684 0.996386945 -0.084447585 -0.524048924 -0.979084969 0.025980903 0.201785848 5.680974007
0.210825220 0.081179664 0.974147081 7.637903214 0.006938890 0.996396244 -0.084535487 -0.528394222 -0.977499127 0.024581717 0.209502205 5.693451881
0.219387546 0.078851894 0.972446144 7.695121288 0.007693053 0.996557832 -0.082542606 -0.532924533 -0.975607455 0.025589898 0.218025774 5.707572937
0.228150368 0.078947313 0.970419884 7.751381874 0.003549595 0.996632993 -0.081914373 -0.537330508 -0.973619461 0.022133393 0.227101967 5.722384453
0.237615690 0.078550652 0.968177974 7.809763908 0.002428090 0.996673763 -0.081458509 -0.541932702 -0.971356213 0.021706643 0.236634627 5.736882210
0.247622773 0.082059875 0.965375066 7.868625641 -0.002662390 0.996460617 -0.084019326 -0.546803176 -0.968852878 0.018234892 0.246964797 5.753106117
0.256269842 0.084721096 0.962885320 7.926161289 -0.006273928 0.996276259 -0.085989259 -0.550355196 -0.966584921 0.015995381 0.255847067 5.771397591
0.267429322 0.087349825 0.959610105 7.985615730 -0.010493245 0.996087551 -0.087745950 -0.555524945 -0.963520348 0.013396416 0.267299682 5.787652016
0.277582437 0.089173280 0.956554294 8.046281815 -0.011786527 0.995923936 -0.089423142 -0.560728431 -0.960629642 0.013547840 0.277502090 5.807040691
0.287440777 0.089832783 0.953576326 8.107496262 -0.014950976 0.995891571 -0.089312375 -0.565517128 -0.957681715 0.011415127 0.287602901 5.826188087
0.297839731 0.090485789 0.950317740 8.170049667 -0.016108284 0.995832205 -0.089770980 -0.570191622 -0.954479992 0.011429382 0.298055947 5.846153259
0.308102906 0.091790959 0.946914494 8.232868195 -0.020198552 0.995741248 -0.089951947 -0.574521422 -0.951138496 0.008588159 0.308644831 5.868607521
0.318535864 0.086752355 0.943932831 8.297358513 -0.019400131 0.996191382 -0.085008517 -0.579536796 -0.947712183 0.008765839 0.319005668 5.891188145
0.329379529 0.079647861 0.940832257 8.362478256 -0.015809180 0.996761262 -0.078847937 -0.584348202 -0.944065273 0.011097111 0.329571933 5.914100170
0.340098709 0.075492032 0.937354743 8.428285599 -0.014299169 0.997072458 -0.075113408 -0.589063346 -0.940281034 0.012142579 0.340182543 5.938843727
0.350495994 0.072142392 0.933781564 8.495342255 -0.015319838 0.997337043 -0.071302272 -0.594603896 -0.936438978 0.010685777 0.350667834 5.964407921
0.359993041 0.069911472 0.930331886 8.562652588 -0.009456644 0.997410595 -0.071292952 -0.598459840 -0.932907045 0.016867157 0.359722048 5.990726471
0.368260592 0.064706013 0.927468240 8.631352425 -0.002779898 0.997647405 -0.068498373 -0.602178097 -0.929718494 0.022646982 0.367574066 6.018144608
0.375230014 0.055750839 0.925253689 8.701954842 0.005886362 0.998026252 -0.062522896 -0.606218278 -0.926912963 0.028906848 0.374161214 6.045758247
0.382651597 0.050711267 0.922499955 8.773697853 0.011690105 0.998146713 -0.059718728 -0.611254215 -0.923818767 0.033635587 0.381349593 6.074686527
0.390242577 0.050429810 0.919329941 8.844840050 0.013799654 0.998066306 -0.060606651 -0.616957247 -0.920608699 0.036337733 0.388792038 6.104122639
0.397702247 0.057183653 0.915730774 8.915036201 0.015973661 0.997473121 -0.069225498 -0.620146990 -0.917375445 0.042158715 0.395783871 6.135405540
0.404617399 0.061200991 0.912435830 8.984803200 0.019795727 0.996938109 -0.075647287 -0.624720812 -0.914271772 0.048670549 0.402167052 6.165877342
0.409985781 0.062925570 0.909918666 9.054104805 0.018140441 0.996857405 -0.077111430 -0.629996777 -0.911911547 0.048120916 0.407555819 6.196895123
0.414122730 0.065370731 0.907870650 9.125479698 0.010343019 0.997015357 -0.076507486 -0.635407686 -0.910162270 0.041073620 0.412210643 6.233041286
0.417969614 0.069217511 0.905820310 9.192256927 0.003266251 0.996972203 -0.077689946 -0.640961587 -0.908455133 0.035430674 0.416478068 6.264303207
0.422404885 0.072082676 0.903536499 9.260001183 0.002769238 0.996725500 -0.080811761 -0.646620393 -0.906403005 0.036637392 0.420822173 6.295135498
0.425996482 0.076317959 0.901500165 9.325956345 -0.000020717 0.996436715 -0.084345162 -0.652354360 -0.904724777 0.035912063 0.424480051 6.327866554
0.430378795 0.079335533 0.899155140 9.393510818 -0.003033332 0.996251583 -0.086450770 -0.657795966 -0.902643263 0.034479126 0.429006189 6.359823704
0.433631539 0.077606514 0.897742093 9.456886292 -0.004491867 0.996458113 -0.083970472 -0.664134145 -0.901079059 0.032379709 0.432444274 6.392085075
0.438264549 0.074190445 0.895779014 9.520851135 -0.002649228 0.996690035 -0.081251994 -0.669484735 -0.898842156 0.033236746 0.437010437 6.422815323
0.441369772 0.071517073 0.894470811 9.584547997 -0.003282430 0.996940911 -0.078090347 -0.675361156 -0.897319257 0.031530686 0.440254331 6.455758572
0.444992721 0.070857897 0.892726541 9.647621155 -0.005136434 0.997050285 -0.076578014 -0.681829214 -0.895519614 0.029491233 0.444044113 6.487145424
0.447838455 0.072985224 0.891130686 9.707869530 -0.007142147 0.996922970 -0.078060530 -0.686223805 -0.894086063 0.028593922 0.446981758 6.519453049
0.451061428 0.073269010 0.889480352 9.768170357 -0.005448952 0.996831954 -0.079348676 -0.690725565 -0.892476320 0.030944398 0.450031787 6.549602509
0.453001171 0.071523823 0.888636172 9.828973770 -0.004155939 0.996935129 -0.078121923 -0.696944237 -0.891500235 0.031696212 0.451910049 6.581797600
0.455002487 0.069982037 0.887735963 9.886882782 -0.001456335 0.996964335 -0.077846289 -0.701435924 -0.890488982 0.034127422 0.453723192 6.610618591
0.456815571 0.069681510 0.886828005 9.943773270 -0.002940253 0.997040272 -0.076826721 -0.707060456 -0.889556587 0.032488145 0.455668360 6.639656544
0.459163755 0.068414755 0.885713279 10.000358582 -0.000153823 0.997036278 -0.076933868 -0.711278558 -0.888351679 0.035188999 0.457813442 6.668147564
0.460951000 0.071098410 0.884572923 10.057705879 -0.002027615 0.996867239 -0.079067573 -0.716297328 -0.887423337 0.034652703 0.459651053 6.702051163
0.463989854 0.070966050 0.882993340 10.110110283 0.000356095 0.996770859 -0.080297455 -0.721904218 -0.885840356 0.037571635 0.462466270 6.728343964
0.467556834 0.070352741 0.881158948 10.164988518 0.001924318 0.996744514 -0.080602296 -0.726752996 -0.883960843 0.039381791 0.465899348 6.756331444
0.470313758 0.068598576 0.879829109 10.217905998 0.005151228 0.996743858 -0.080467798 -0.731302023 -0.882484198 0.042377312 0.468428999 6.785812855
0.473749429 0.067551889 0.878065050 10.267773628 0.006899598 0.996738434 -0.080404364 -0.735632181 -0.880632639 0.044149816 0.471738249 6.812012672
0.476992697 0.066842780 0.876361847 10.318509102 0.008002361 0.996732175 -0.080379397 -0.740492702 -0.878870904 0.045353349 0.474899083 6.840230942
0.480408788 0.066122420 0.874548495 10.368885040 0.009086308 0.996725202 -0.080351189 -0.744382739 -0.876997530 0.046547838 0.478234768 6.867979527
0.483385742 0.065404765 0.872960806 10.418525696 0.009309561 0.996764600 -0.079835489 -0.751014650 -0.875357926 0.046718225 0.481212914 6.896758080
0.487712771 0.066808313 0.870444119 10.467174530 0.009858484 0.996582448 -0.082013436 -0.753792405 -0.872948647 0.048580244 0.485387355 6.923129559
0.492129326 0.067347586 0.867913008 10.516098022 0.012331798 0.996363461 -0.084307432 -0.757210851 -0.870434761 0.052193079 0.489509135 6.950598240
0.496845841 0.070758522 0.864949465 10.563763618 0.009732087 0.996153653 -0.087082207 -0.762388349 -0.867784321 0.051684186 0.494246066 6.979371548
0.502406836 0.076951444 0.861200273 10.611992836 0.006653838 0.995657980 -0.092847459 -0.766149402 -0.864605904 0.052377474 0.499713331 7.007686615
0.507913530 0.083329491 0.857368052 10.658414841 0.001386727 0.995229781 -0.097550087 -0.771894336 -0.861406982 0.050735943 0.505374968 7.036644936
0.513629377 0.089363329 0.853345811 10.705576897 -0.004334063 0.994819045 -0.101569891 -0.777720451 -0.858001292 0.048470825 0.511355579 7.067363739
0.519944072 0.093936883 0.849019468 10.752126694 -0.007829624 0.994417250 -0.105229013 -0.782466352 -0.854164422 0.048065703 0.517776787 7.097984314
0.525404632 0.094253384 0.845615983 10.800516129 -0.011790038 0.994556546 -0.103529006 -0.787595510 -0.850770891 0.044424776 0.523655951 7.129132271
0.531145751 0.093913294 0.842059553 10.849688530 -0.018541556 0.994888425 -0.099262550 -0.791983128 -0.847077429 0.037109789 0.530172110 7.160526752
0.537410617 0.091389902 0.838354051 10.898184776 -0.025200499 0.995407045 -0.092356123 -0.797661304 -0.842943907 0.028506223 0.537245452 7.191914082
0.543012500 0.089551486 0.834935904 10.947704315 -0.032319892 0.995789349 -0.085784212 -0.803691387 -0.839102328 0.019596856 0.543620348 7.226655006
0.549062908 0.087865420 0.831149638 10.997545242 -0.034065016 0.995984733 -0.082787506 -0.807653546 -0.835086524 0.017142409 0.549851418 7.260911942
0.555357754 0.091711685 0.826539099 11.048343658 -0.038743362 0.995674491 -0.084446780 -0.810886443 -0.830708563 0.014875272 0.556508660 7.296673775
0.561576307 0.095757253 0.821865320 11.099224091 -0.042295840 0.995304406 -0.087064467 -0.815188050 -0.826343179 0.014131867 0.562989473 7.332884789
0.568208575 0.098841764 0.816926718 11.151291847 -0.045129873 0.995008826 -0.088998482 -0.820556045 -0.821646094 0.013701906 0.569833279 7.368141651
0.574546099 0.101281181 0.812181532 11.203548431 -0.048072521 0.994776964 -0.090044275 -0.824966908 -0.817059219 0.012690971 0.576414049 7.405402184
0.580051899 0.102065384 0.808159947 11.256463051 -0.050692279 0.994719088 -0.089242525 -0.830137730 -0.813000679 0.010797827 0.582162619 7.448649883
0.587096691 0.104178190 0.802785456 11.309968948 -0.056666285 0.994540811 -0.087621018 -0.835215271 -0.807531178 0.005951130 0.589794934 7.486935616
0.593885779 0.102412544 0.798004568 11.364632607 -0.057300512 0.994730651 -0.085015707 -0.840787649 -0.802506268 0.004763546 0.596624613 7.529590130
0.600725234 0.100761399 0.793080389 11.422186852 -0.058383606 0.994906008 -0.082180314 -0.845617175 -0.797320843 0.003064897 0.603547752 7.576035023
