0.999998510 0.000982742 0.001415881 -0.000146198 -0.000976179 0.999988735 -0.004628482 -0.000181621 -0.001420414 0.004627093 0.999988258 0.040822584
0.999998152 -0.001214481 0.001470160 -0.000068042 0.001222894 0.999982834 -0.005735050 0.000018523 -0.001463170 0.005736838 0.999982476 0.084437266
0.999993443 -0.002947161 0.002105624 -0.000104102 0.002950231 0.999994576 -0.001456774 0.000007169 -0.002101320 0.001462977 0.999996722 0.122037210
0.999985337 -0.005065694 0.001928977 -0.000258223 0.005056838 0.999976754 0.004568601 -0.000086614 -0.001952075 -0.004558780 0.999987721 0.162453875
0.999962270 -0.008672732 0.000465361 -0.000100631 0.008670544 0.999952197 0.004514168 0.000052587 -0.000504489 -0.004509963 0.999989629 0.202541322
0.999930859 -0.011737803 -0.000723189 0.000126239 0.011739113 0.999929428 0.001833216 0.000237328 0.000701620 -0.001841578 0.999997973 0.242351383
0.999929905 -0.011790168 -0.001083692 -0.000314133 0.011788220 0.999928892 -0.001787480 0.000225960 0.001104690 0.001774580 0.999997795 0.281921506
0.999936402 -0.011135802 -0.001771549 -0.000497147 0.011131756 0.999935448 -0.002278499 0.000253233 0.001796807 0.002258633 0.999995828 0.321252495
0.999937475 -0.010843281 -0.002725330 -0.000902080 0.010841777 0.999941051 -0.000566141 0.000274960 0.002731309 0.000536558 0.999996126 0.360574901
0.999935865 -0.010734657 -0.003598000 -0.001057658 0.010742966 0.999939620 0.002298384 0.000263049 0.003573110 -0.002336890 0.999990880 0.400341898
0.999933481 -0.010688594 -0.004333350 -0.001434211 0.010704110 0.999936342 0.003573963 0.000492495 0.004294872 -0.003620110 0.999984205 0.438697308
0.999914348 -0.012202680 -0.004730612 -0.001876283 0.012224113 0.999915004 0.004528597 0.000582327 0.004674947 -0.004586037 0.999978542 0.477744609
0.999910057 -0.012425433 -0.005063592 -0.002605903 0.012448522 0.999912143 0.004554075 0.000814684 0.005006561 -0.004616700 0.999976754 0.515970826
0.999894261 -0.012921090 -0.006671842 -0.002285197 0.012942055 0.999911427 0.003108732 0.000791062 0.006631083 -0.003194751 0.999972880 0.554994226
0.999869525 -0.013093095 -0.009458442 -0.001683494 0.013112045 0.999912143 0.001944338 0.000358105 0.009432154 -0.002068103 0.999953389 0.593384206
0.999854028 -0.014369141 -0.009246241 -0.003439362 0.014369195 0.999896765 -0.000060581 0.000920482 0.009246157 -0.000072289 0.999957204 0.631550610
0.999837041 -0.013793653 -0.011649923 -0.003312673 0.013793495 0.999904871 -0.000094085 0.000547194 0.011650113 -0.000066624 0.999932110 0.669546127
0.999846518 -0.012651171 -0.012118217 -0.004840974 0.012631843 0.999918938 -0.001670195 0.000948944 0.012138365 0.001516863 0.999925196 0.707634866
0.999849021 -0.011130149 -0.013346028 -0.005926444 0.011104136 0.999936342 -0.002021705 0.001202985 0.013367681 0.001873204 0.999908924 0.745561004
0.999808490 -0.012042206 -0.015420998 -0.006163668 0.012034133 0.999927342 -0.000616213 0.000822895 0.015427300 0.000430517 0.999880910 0.783320010
0.999784768 -0.011658992 -0.017159816 -0.006765566 0.011672889 0.999931574 0.000709872 0.000860327 0.017150367 -0.000910024 0.999852538 0.820715785
0.999782205 -0.011105374 -0.017669199 -0.008085034 0.011131934 0.999937057 0.001405535 0.000702733 0.017652478 -0.001601922 0.999842942 0.858456373
0.999746859 -0.012184298 -0.018916614 -0.009179855 0.012210960 0.999924600 0.001294621 0.000719661 0.018899415 -0.001525284 0.999820232 0.895710409
0.999695897 -0.012118455 -0.021474181 -0.009497141 0.012137533 0.999926031 0.000758354 0.000779437 0.021463402 -0.001018767 0.999769092 0.931785226
0.999648511 -0.012219877 -0.023528550 -0.009919725 0.012238746 0.999924898 0.000658128 0.001023147 0.023518737 -0.000945857 0.999722958 0.968451381
0.999648869 -0.012151042 -0.023551971 -0.011638704 0.012219209 0.999921560 0.002752626 0.001074714 0.023516674 -0.003039446 0.999718845 1.005404472
0.999632776 -0.012900571 -0.023835354 -0.012846011 0.013016104 0.999904215 0.004698324 0.001461245 0.023772461 -0.005006841 0.999704897 1.040970087
0.999603570 -0.012939623 -0.025004711 -0.013466614 0.013121296 0.999888718 0.007115268 0.001310668 0.024909858 -0.007440542 0.999661982 1.076905012
0.999585569 -0.011494804 -0.026392281 -0.013929735 0.011659654 0.999913454 0.006100746 0.001303137 0.026319869 -0.006405943 0.999633014 1.111678243
0.999591172 -0.009938402 -0.026807504 -0.015316233 0.010027698 0.999944627 0.003198712 0.001526132 0.026774229 -0.003466223 0.999635458 1.146904469
0.999571562 -0.009984499 -0.027512798 -0.016635312 0.010041641 0.999947727 0.001939621 0.001521207 0.027491989 -0.002215064 0.999619544 1.180338860
0.999552310 -0.010252203 -0.028106995 -0.018308682 0.010313342 0.999944806 0.002031163 0.001318734 0.028084615 -0.002320131 0.999602854 1.213777661
0.999501884 -0.010034818 -0.029920075 -0.018828405 0.010077397 0.999948382 0.001272556 0.001497725 0.029905761 -0.001573439 0.999551475 1.247952342
0.999454796 -0.008879519 -0.031800002 -0.019831764 0.008893440 0.999960423 0.000296403 0.001486752 0.031796113 -0.000579053 0.999494135 1.280080199
0.999399185 -0.008247749 -0.033661716 -0.021372939 0.008255573 0.999965906 0.000093491 0.001546846 0.033659790 -0.000371332 0.999433219 1.312928081
0.999333203 -0.007984110 -0.035626821 -0.022371722 0.008035212 0.999966919 0.001291403 0.001668287 0.035615332 -0.001576811 0.999364316 1.345217586
0.999271810 -0.008563392 -0.037182827 -0.024047093 0.008681686 0.999957740 0.003021075 0.001987034 0.037155382 -0.003341685 0.999303937 1.375856280
0.999167323 -0.008170659 -0.039977215 -0.024589196 0.008379422 0.999952197 0.005057332 0.001727825 0.039933987 -0.005388107 0.999187708 1.406384230
0.999079287 -0.006865286 -0.042349882 -0.025907248 0.007074517 0.999963462 0.004792626 0.002237687 0.042315438 -0.005087818 0.999091268 1.438152671
0.999028265 -0.004832427 -0.043807700 -0.027606588 0.005043117 0.999976277 0.004700217 0.001663463 0.043783944 -0.004916577 0.999028921 1.467487574
0.998955071 -0.002802721 -0.045618050 -0.029218629 0.002990735 0.999987304 0.004053701 0.001734622 0.045606110 -0.004185897 0.998950660 1.497403026
0.998894751 -0.002213442 -0.046950661 -0.031185515 0.002449683 0.999984622 0.004974728 0.002027477 0.046938937 -0.005084244 0.998884797 1.528076053
0.998832703 -0.000599691 -0.048299007 -0.032527857 0.000918855 0.999977887 0.006586164 0.002272539 0.048293982 -0.006622856 0.998811245 1.557536602
0.998833179 0.002232411 -0.048240978 -0.034400254 -0.001878915 0.999971032 0.007371837 0.002221602 0.048256040 -0.007272595 0.998808444 1.586947203
0.998886943 0.005564331 -0.046838123 -0.036160048 -0.005310234 0.999970555 0.005547675 0.001844607 0.046867613 -0.005292779 0.998887062 1.615447760
0.998961508 0.006798161 -0.045051210 -0.037998941 -0.006704079 0.999974966 0.002239085 0.002274673 0.045065302 -0.001934733 0.998982191 1.642507195
0.999058127 0.007306380 -0.042773616 -0.039499875 -0.007298669 0.999973297 0.000336418 0.002397532 0.042774931 -0.000023910 0.999084771 1.670128107
0.999175429 0.008122351 -0.039781526 -0.040804777 -0.008070348 0.999966323 0.001467596 0.002268884 0.039792117 -0.001145335 0.999207377 1.697788000
0.999245822 0.013240979 -0.036502391 -0.041888077 -0.013121851 0.999907732 0.003501209 0.002846168 0.036545385 -0.003019590 0.999327421 1.724497318
0.999327719 0.017469985 -0.032231499 -0.043347724 -0.017244952 0.999825001 0.007246559 0.002594460 0.032352459 -0.006685858 0.999454141 1.750789881
0.999354005 0.022583535 -0.027956501 -0.044423722 -0.022360388 0.999715686 0.008269077 0.002645451 0.028135298 -0.007638617 0.999575019 1.776418447
0.999405622 0.026036372 -0.022594534 -0.045217872 -0.025854506 0.999631226 0.008304318 0.003143555 0.022802420 -0.007715213 0.999710143 1.801747441
0.999411285 0.029898215 -0.016826434 -0.045961797 -0.029726606 0.999504387 0.010358157 0.003180133 0.017127782 -0.009851865 0.999804735 1.825605035
0.999325454 0.035162657 -0.010588902 -0.046221070 -0.035034768 0.999313712 0.012030137 0.002963217 0.011004644 -0.011651046 0.999871492 1.848157644
0.999271214 0.038004484 -0.003544829 -0.046515960 -0.037962042 0.999214709 0.011356115 0.003114888 0.003973629 -0.011213271 0.999929249 1.870834947
0.999132812 0.041483395 0.003577440 -0.046433870 -0.041522570 0.999069333 0.011676279 0.003157651 -0.003089739 -0.011814698 0.999925375 1.891794801
0.998896003 0.045520544 0.011603600 -0.046738759 -0.045645420 0.998900056 0.010734241 0.003597083 -0.011102208 -0.011252042 0.999875069 1.913270116
0.998584390 0.049631022 0.019130092 -0.046762072 -0.049792532 0.998727024 0.008060741 0.003427645 -0.018705677 -0.009001866 0.999784470 1.931954503
0.998252273 0.052351780 0.027415983 -0.046292789 -0.052521024 0.998604834 0.005489195 0.003231050 -0.027090358 -0.006919518 0.999608994 1.951386452
0.997985542 0.052534871 0.035566825 -0.046121202 -0.052742928 0.998595953 0.004936437 0.003602901 -0.035257556 -0.006802390 0.999355137 1.969569087
0.997705162 0.051977593 0.043391921 -0.044910230 -0.052314572 0.998608410 0.006666233 0.003180947 -0.042985044 -0.008920966 0.999035835 1.985315561
0.997199118 0.054000035 0.051749535 -0.044395007 -0.054449752 0.998489738 0.007319135 0.003403241 -0.051276140 -0.010116384 0.998633265 2.003283739
0.996603251 0.056200940 0.060196951 -0.043363445 -0.056725234 0.998365045 0.007034847 0.003649882 -0.059703164 -0.010425636 0.998161733 2.017795324
0.995745301 0.060878754 0.069174178 -0.042692453 -0.061463155 0.998089194 0.006349567 0.003715703 -0.068655446 -0.010574217 0.997584283 2.031865358
0.994822204 0.064954564 0.078165263 -0.041464821 -0.065672062 0.997819185 0.006641231 0.003382872 -0.077563420 -0.011740118 0.996918261 2.045031548
0.994119763 0.063847534 0.087460518 -0.040441290 -0.064665444 0.997885525 0.006547800 0.004004130 -0.086857527 -0.012164973 0.996146441 2.056736708
0.993197381 0.062878028 0.098006465 -0.038978770 -0.063707873 0.997954190 0.005358038 0.003466082 -0.097469069 -0.011565373 0.995171309 2.067118168
0.992052078 0.061573803 0.109733067 -0.037110373 -0.062034931 0.998073637 0.000790096 0.003560072 -0.109473027 -0.007591099 0.993960679 2.078009605
0.990387142 0.062740944 0.123275943 -0.035821885 -0.062884688 0.998017132 -0.002728354 0.002788647 -0.123202682 -0.005050042 0.992368698 2.089470148
0.988303661 0.064135604 0.138356239 -0.033578783 -0.063970774 0.997935832 -0.005642544 0.003531461 -0.138432562 -0.003274208 0.990366459 2.100225449
0.985708833 0.065826096 0.155064061 -0.032161057 -0.065514818 0.997826278 -0.007122647 0.003479183 -0.155195832 -0.003138138 0.987878740 2.111651897
0.982967019 0.066205971 0.171442404 -0.029268861 -0.065752871 0.997801185 -0.008326317 0.003381096 -0.171616703 -0.003088335 0.985158920 2.121890068
0.979669631 0.065307602 0.189690262 -0.026608378 -0.064563759 0.997862458 -0.010105159 0.003985427 -0.189944729 -0.002347399 0.981792033 2.133205175
0.975713372 0.064879514 0.209222287 -0.024032950 -0.064260341 0.997885466 -0.009763109 0.003045546 -0.209413290 -0.003918696 0.977819264 2.143426657
0.971166670 0.065020837 0.229363069 -0.021186203 -0.064195909 0.997875929 -0.011064546 0.003097985 -0.229595318 -0.003978653 0.973277986 2.152526855
0.965778351 0.067358941 0.250469267 -0.018084466 -0.066126421 0.997722089 -0.013343071 0.002973745 -0.250797480 -0.003676187 0.968032539 2.162518740
0.959583282 0.068620495 0.272930473 -0.014241695 -0.066942751 0.997636914 -0.015466172 0.002805114 -0.273346782 -0.003429633 0.961909533 2.172589302
0.952200472 0.069988772 0.297348082 -0.010309339 -0.068111449 0.997538149 -0.016683217 0.002571177 -0.297783732 -0.004367046 0.954623282 2.183544636
0.943677545 0.072356306 0.322857797 -0.006169438 -0.070399433 0.997360945 -0.017750790 0.002368122 -0.323290169 -0.005977983 0.946281016 2.193236828
0.933795810 0.074385829 0.349988550 -0.001601279 -0.072427586 0.997198343 -0.018700100 0.001898337 -0.350398988 -0.007886755 0.936567307 2.203938007
0.922597110 0.075097606 0.378384590 0.003460407 -0.072912365 0.997135341 -0.020121649 0.001541283 -0.378811717 -0.009024740 0.925429702 2.214055538
0.909905493 0.073398821 0.408270419 0.009290814 -0.070440345 0.997266710 -0.022299327 0.001112204 -0.408791274 -0.008468429 0.912588596 2.223754406
0.894881427 0.070475303 0.440704495 0.015595317 -0.066190042 0.997490942 -0.025110343 0.000804730 -0.441368461 -0.006699469 0.897300899 2.233924627
0.877744555 0.069716327 0.474029899 0.022280395 -0.063390300 0.997557580 -0.029334806 0.000474732 -0.474917352 -0.004300437 0.880019963 2.242525816
0.858114779 0.071435504 0.508464515 0.029430866 -0.062611476 0.997442603 -0.034466483 0.000159137 -0.509626389 -0.002259519 0.860392928 2.252232075
0.836386442 0.073909357 0.543134630 0.037484884 -0.062574670 0.997264445 -0.039346728 -0.000002258 -0.544556975 -0.001077400 0.838723302 2.262019396
0.811882615 0.076001324 0.578852654 0.045969486 -0.062645562 0.997106850 -0.043051701 -0.000388764 -0.580449879 -0.001309625 0.814294994 2.271986961
0.784304380 0.080183275 0.615172565 0.054504395 -0.065967344 0.996769309 -0.045817621 -0.001315005 -0.616858959 -0.004646354 0.787059963 2.281329393
0.754241943 0.084652767 0.651116788 0.064209938 -0.069680065 0.996373892 -0.048824087 -0.001829095 -0.652888894 -0.008544699 0.757405519 2.291387320
0.721498489 0.086211763 0.687028110 0.076454401 -0.069750227 0.996220767 -0.051761005 -0.002457224 -0.688893974 -0.010574886 0.724784970 2.301755428
0.684983611 0.083367139 0.723773003 0.088388085 -0.065620840 0.996453583 -0.052671585 -0.003313914 -0.725597203 -0.011415426 0.688024879 2.311370850
0.645376444 0.082127124 0.759436786 0.101021767 -0.062871143 0.996541142 -0.054339629 -0.004036985 -0.761272907 -0.012677141 0.648307621 2.320780754
0.603089750 0.081998594 0.793447614 0.116136312 -0.061137214 0.996527970 -0.056516260 -0.004804298 -0.795327187 -0.014424795 0.606008768 2.330427170
0.556814611 0.081699722 0.826609135 0.131290317 -0.057255320 0.996559143 -0.059929203 -0.005540699 -0.828661203 -0.013958314 0.559576452 2.339408875
0.508940101 0.080046237 0.857072115 0.148637295 -0.053463180 0.996684074 -0.061338212 -0.006866269 -0.859140098 -0.014604324 0.511532068 2.347855330
0.459916443 0.077734187 0.884553194 0.166593552 -0.051562469 0.996817827 -0.060790464 -0.008217134 -0.886463881 -0.017651211 0.462461025 2.356099129
0.410653502 0.075511977 0.908659339 0.185985804 -0.051284887 0.996899962 -0.059667662 -0.009480696 -0.910348177 -0.022097751 0.413253009 2.363202572
0.360434651 0.075766824 0.929702222 0.206170142 -0.054630976 0.996699452 -0.060047016 -0.010185875 -0.931183219 -0.029147513 0.363384247 2.370236874
0.310644180 0.076546423 0.947439075 0.226493478 -0.052669354 0.996606886 -0.063249730 -0.010788418 -0.949065864 -0.030252850 0.313621759 2.375997305
0.263559639 0.073120862 0.961867750 0.248976052 -0.041838683 0.997051060 -0.064331353 -0.012443915 -0.963735342 -0.023288131 0.265841663 2.380478382
0.220215455 0.066905834 0.973154008 0.270895779 -0.027630232 0.997672439 -0.062339053 -0.013799272 -0.975059867 -0.013160447 0.221551552 2.382971764
0.178128019 0.066711418 0.981743395 0.294441074 -0.017422162 0.997756660 -0.064638466 -0.014240753 -0.983853102 -0.005590169 0.178890690 2.385581970
0.139470339 0.067215912 0.987942338 0.318200558 -0.015007552 0.997722387 -0.065762654 -0.016262334 -0.990112603 -0.005654654 0.140161395 2.388263702
0.106803715 0.068457983 0.991920531 0.342703581 -0.005877545 0.997652948 -0.068220742 -0.017527744 -0.994262874 0.001456173 0.106955394 2.389672041
0.078472078 0.066742927 0.994679630 0.367892534 0.001060794 0.997750342 -0.067032665 -0.019344203 -0.996915758 0.006315343 0.078224726 2.390231371
0.052811150 0.064829521 0.996497929 0.394460768 0.008180059 0.997828901 -0.065349624 -0.020913109 -0.998571038 0.011602604 0.052166190 2.391140699
0.033547111 0.063943863 0.997389555 0.420890450 0.012615439 0.997844577 -0.064397357 -0.022260249 -0.999357462 0.014742854 0.032668129 2.390995264
0.017093312 0.065816425 0.997685313 0.448425740 0.015533132 0.997693241 -0.066083059 -0.023597144 -0.999733210 0.016626757 0.016031547 2.391345263
0.003615343 0.064603411 0.997904539 0.476022661 0.015574276 0.997786403 -0.064652182 -0.025786581 -0.999872148 0.015775381 0.002601188 2.391298532
-0.007999483 0.066319861 0.997766495 0.504692972 0.016684096 0.997668207 -0.066179581 -0.027040083 -0.999828756 0.016117429 -0.009087321 2.390730619
-0.016830463 0.069522746 0.997438431 0.532889843 0.021858830 0.997366846 -0.069148913 -0.028421555 -0.999619365 0.020639027 -0.018305831 2.389894485
-0.023122815 0.071249850 0.997190475 0.562635481 0.025901368 0.997164965 -0.070647426 -0.030224986 -0.999397039 0.024195028 -0.024902729 2.388839245
-0.028246809 0.070684955 0.997098625 0.593461156 0.026519595 0.997198582 -0.069940761 -0.031926770 -0.999249160 0.024467053 -0.030042216 2.387670040
-0.031492874 0.067547143 0.997218907 0.624085248 0.024198504 0.997472823 -0.066800155 -0.034113463 -0.999211073 0.022027474 -0.033047825 2.386697531
-0.033991039 0.060981624 0.997559905 0.655419469 0.022172354 0.997937083 -0.060249176 -0.035693783 -0.999176145 0.020070322 -0.035273027 2.385922670
-0.035759747 0.055449560 0.997820914 0.688181281 0.023489801 0.998230219 -0.054630492 -0.037108477 -0.999084234 0.021485046 -0.036998972 2.385062456
-0.035349920 0.052627601 0.997988343 0.720214367 0.026240479 0.998317003 -0.051715478 -0.038757402 -0.999030411 0.024359554 -0.036671404 2.383049011
-0.035364050 0.054597914 0.997881949 0.752578259 0.029661058 0.998124003 -0.053559996 -0.040808707 -0.998934150 0.027704140 -0.036917139 2.382109404
-0.034907471 0.062481683 0.997435451 0.786173105 0.030327670 0.997650325 -0.061433755 -0.042062975 -0.998930275 0.028105401 -0.036720380 2.380711555
-0.032564241 0.070324004 0.996992528 0.818787813 0.031114431 0.997109413 -0.069315977 -0.043814555 -0.998985231 0.028763633 -0.034658201 2.379820824
-0.030498900 0.070698813 0.997031331 0.853144467 0.031353585 0.997072220 -0.069742605 -0.045979425 -0.999042928 0.029133433 -0.032626264 2.378939390
-0.028337283 0.066958271 0.997353256 0.888859630 0.031037277 0.997331858 -0.066074990 -0.047556195 -0.999116480 0.029082747 -0.030339882 2.377904177
-0.025605682 0.060511123 0.997839034 0.923996866 0.030741146 0.997741938 -0.059716370 -0.049722917 -0.999199390 0.029145638 -0.027408041 2.377025366
-0.022987554 0.058812875 0.998004317 0.958903611 0.028769802 0.997893631 -0.058143664 -0.051910650 -0.999321818 0.027375804 -0.024631165 2.376692533
-0.019515581 0.064242996 0.997743547 0.993174374 0.036477439 0.997314870 -0.063501909 -0.053905427 -0.999143958 0.035155851 -0.021806594 2.376013041
-0.016539833 0.069774896 0.997425616 1.027613521 0.038406309 0.996870160 -0.069099180 -0.055851355 -0.999125302 0.037164550 -0.019167861 2.374815464
-0.014382665 0.070287086 0.997422993 1.062298059 0.032332890 0.997037351 -0.069793656 -0.057779446 -0.999373615 0.031245746 -0.016612636 2.375103235
-0.011197167 0.066874266 0.997698545 1.096668601 0.027851302 0.997394860 -0.066541344 -0.059546515 -0.999549329 0.027042130 -0.013030534 2.375262022
-0.006092787 0.062769510 0.998009443 1.132223606 0.031492759 0.997544944 -0.062548049 -0.062641986 -0.999485373 0.031048981 -0.008054615 2.374481201
-0.002806620 0.064278282 0.997928083 1.167717338 0.036291912 0.997281134 -0.064134546 -0.064393535 -0.999337256 0.036036730 -0.005131770 2.374264956
0.000874400 0.069295935 0.997595847 1.201520681 0.036064941 0.996945024 -0.069282331 -0.066193789 -0.999349058 0.036038820 -0.001627425 2.373370171
0.003700677 0.069327205 0.997587085 1.237030149 0.032328587 0.997064233 -0.069410801 -0.068895996 -0.999470472 0.032507461 0.001448562 2.374850035
0.008385906 0.069204047 0.997567415 1.272605062 0.032453019 0.997058034 -0.069441542 -0.070727244 -0.999438107 0.032956403 0.006115353 2.374919891
0.011019566 0.065852337 0.997768521 1.307507515 0.035577994 0.997171521 -0.066205867 -0.073260680 -0.999306262 0.036228158 0.008645503 2.375485897
0.014177230 0.066426717 0.997690558 1.342164278 0.039845265 0.996960819 -0.066944331 -0.075324781 -0.999105334 0.040702328 0.011487352 2.376203060
0.018157179 0.066781454 0.997602463 1.377225637 0.043308459 0.996777892 -0.067514516 -0.078179486 -0.998896778 0.044430498 0.015206474 2.376464844
0.020697413 0.066647828 0.997561812 1.412976027 0.043767847 0.996758640 -0.067502253 -0.080587819 -0.998827279 0.045058262 0.017713293 2.377347708
0.024467615 0.065814488 0.997531772 1.447904110 0.044955380 0.996748745 -0.066865489 -0.082063459 -0.998689294 0.046480455 0.021429347 2.377537489
0.028507093 0.064413734 0.997515917 1.482638001 0.047470704 0.996708453 -0.065718211 -0.084471658 -0.998465657 0.049226210 0.025355497 2.378027439
0.030974414 0.065198533 0.997391403 1.518864870 0.045277596 0.996754467 -0.066563010 -0.086499490 -0.998494089 0.047221243 0.027921852 2.379772186
0.034144647 0.066667788 0.997190773 1.553527474 0.042432100 0.996776283 -0.068092994 -0.088689640 -0.998515606 0.044637911 0.031205719 2.381091833
0.036800269 0.066663921 0.997096598 1.589337707 0.044385295 0.996678710 -0.068274140 -0.091098256 -0.998336434 0.046768937 0.033719148 2.382459164
0.039705306 0.066553958 0.996992409 1.624934554 0.041994821 0.996786535 -0.068212643 -0.093200535 -0.998328567 0.044576928 0.036782794 2.383758307
0.041526157 0.066597551 0.996915460 1.661030293 0.040675260 0.996836245 -0.068286560 -0.095532916 -0.998309076 0.043385468 0.038685907 2.386150837
0.045116656 0.067006923 0.996731937 1.696982265 0.037858371 0.996916473 -0.068732969 -0.097476244 -0.998264074 0.040835656 0.042440765 2.387513399
0.047877945 0.068618976 0.996493340 1.732640386 0.036682270 0.996843755 -0.070405558 -0.100106113 -0.998179376 0.039924517 0.045209724 2.389630318
0.051185369 0.072432719 0.996058941 1.769067764 0.035640031 0.996598601 -0.074303426 -0.102183990 -0.998053014 0.039302818 0.048429761 2.391573429
0.054385278 0.074340358 0.995748818 1.805735469 0.035615910 0.996445715 -0.076337658 -0.105187148 -0.997884631 0.039616145 0.051544275 2.394231081
0.057763346 0.076572344 0.995389462 1.842078328 0.029393556 0.996491492 -0.078362875 -0.107435569 -0.997897446 0.033784535 0.055309944 2.396214962
0.059641220 0.076131336 0.995312512 1.879262686 0.025898399 0.996633649 -0.077784292 -0.109681979 -0.997883856 0.030416152 0.057468779 2.399564505
0.063862450 0.076384038 0.995031178 1.915781379 0.028077161 0.996534228 -0.078301445 -0.112781107 -0.997563660 0.032938171 0.061496463 2.401251078
0.067761078 0.077662319 0.994674385 1.952701092 0.027465615 0.996442616 -0.079671457 -0.115421310 -0.997323394 0.032717966 0.065386996 2.403773546
0.071551614 0.078626908 0.994333029 1.989509225 0.023960454 0.996465027 -0.080519661 -0.117997177 -0.997149050 0.029585987 0.069414750 2.406733036
0.075587302 0.076775283 0.994179130 2.028599024 0.021903323 0.996663034 -0.078632422 -0.120473810 -0.996898592 0.027719434 0.073653437 2.410264254
0.080184534 0.076544158 0.993836761 2.066116095 0.021840712 0.996672988 -0.078524746 -0.123438194 -0.996540785 0.028002569 0.078245983 2.413455963
0.085397363 0.080199629 0.993113935 2.103927135 0.019094147 0.996440351 -0.082110152 -0.126316592 -0.996164024 0.025974656 0.083562024 2.416939259
0.090800583 0.088740312 0.991907477 2.141810656 0.017040575 0.995737612 -0.090642892 -0.129560769 -0.995723307 0.025133099 0.088901378 2.421371937
0.098717123 0.093586959 0.990704894 2.180375814 0.015439807 0.995303869 -0.095559865 -0.132388920 -0.994995773 0.024729690 0.096808560 2.424906254
0.105678745 0.096368894 0.989719689 2.218636751 0.011185339 0.995114863 -0.098088548 -0.135742545 -0.994337440 0.021436226 0.104084551 2.429899454
0.113398209 0.094474830 0.989047647 2.258335114 0.008060008 0.995348573 -0.096000813 -0.139377803 -0.993516922 0.018858053 0.112109289 2.434709072
0.120645300 0.093483880 0.988284171 2.295510530 0.008486154 0.995422482 -0.095195077 -0.141990572 -0.992659390 0.019871572 0.119299717 2.439624786
0.127645209 0.089348435 0.987787187 2.334693193 0.006553873 0.995836258 -0.090923429 -0.146431923 -0.991798162 0.018079774 0.126528203 2.445002317
0.134954065 0.083782963 0.987303257 2.373703718 0.004140663 0.996362269 -0.085117698 -0.149843797 -0.990843177 0.015575069 0.134116232 2.450696707
0.142313957 0.076664492 0.986848116 2.412340879 0.002453927 0.996965647 -0.077804364 -0.152269945 -0.989818513 0.013494298 0.141693980 2.456599712
0.149449363 0.074149773 0.985985100 2.450642824 0.002544590 0.997151971 -0.075375244 -0.155083254 -0.988766074 0.013773712 0.148835033 2.462586880
0.156720117 0.076147243 0.984703183 2.487957478 0.001741613 0.997000456 -0.077375382 -0.158295125 -0.987641573 0.013841250 0.156117409 2.469081402
0.162571475 0.082236134 0.983263791 2.526175499 0.002442155 0.996484280 -0.083745606 -0.161572441 -0.986693740 0.016015928 0.161799073 2.475685596
0.167909086 0.086371802 0.982011437 2.563349009 0.000788543 0.996142387 -0.087749481 -0.164079860 -0.985802174 0.015508296 0.167193249 2.482031822
0.172799170 0.089099601 0.980918765 2.600349903 -0.000847529 0.995913148 -0.090312265 -0.167599097 -0.984956622 0.014774529 0.172168493 2.489077330
0.177421957 0.088760987 0.980123937 2.635756016 -0.003291114 0.995972335 -0.089600496 -0.170480102 -0.984129369 0.012671396 0.176999509 2.496132851
0.183435127 0.085581213 0.979299426 2.673912048 0.001476047 0.996178091 -0.087332726 -0.173738420 -0.983030736 0.017465381 0.182607725 2.503074169
0.187951684 0.079248548 0.978975892 2.709599972 0.002444192 0.996698678 -0.081152476 -0.176318437 -0.982175350 0.017645545 0.187137485 2.509736061
0.191149399 0.072779782 0.978859007 2.744416475 -0.000479593 0.997254133 -0.074053831 -0.179526791 -0.981560826 0.013685892 0.190659463 2.516727209
0.194387764 0.069435671 0.978464127 2.781339407 -0.003929020 0.997538567 -0.070008703 -0.182208419 -0.980916917 0.009764431 0.194182113 2.524832726
0.197072893 0.069496326 0.977922618 2.815278053 -0.006054726 0.997551620 -0.069671109 -0.184956178 -0.980370164 0.007809231 0.197011158 2.532277584
0.200194120 0.071548291 0.977140307 2.849017143 -0.005818967 0.997399211 -0.071839504 -0.186895251 -0.979738951 0.008695902 0.200089797 2.538871288
0.202021688 0.076104544 0.976419687 2.882544279 -0.009095571 0.997079134 -0.075832903 -0.189019084 -0.979338765 0.006438795 0.202123791 2.546018839
0.204092741 0.080738783 0.975616515 2.916583300 -0.010179099 0.996714294 -0.080355369 -0.191361219 -0.978898644 0.006469053 0.204244018 2.553319693
0.206092447 0.085755505 0.974767685 2.948569536 -0.011640020 0.996296883 -0.085188538 -0.194777697 -0.978463292 0.006210401 0.206327483 2.560627937
0.208258301 0.087883621 0.974117517 2.980179071 -0.010292711 0.996096730 -0.087666065 -0.197014183 -0.978019655 0.008230876 0.208350003 2.566977501
0.208500445 0.086725071 0.974169552 3.012296677 -0.013649620 0.996221662 -0.085766837 -0.200543433 -0.977926970 0.004585379 0.208896428 2.575509787
0.208712935 0.084217519 0.974344015 3.043907881 -0.013918847 0.996440113 -0.083145872 -0.202835843 -0.977877915 0.003791871 0.209142163 2.583091736
0.209741563 0.081491612 0.974354982 3.074681282 -0.013339553 0.996666431 -0.080486186 -0.205281824 -0.977665842 0.003883837 0.210129470 2.588972330
0.210024059 0.080384247 0.974386096 3.105710268 -0.013198151 0.996756613 -0.079384953 -0.208133280 -0.977607131 0.003812657 0.210403815 2.594981670
0.208392501 0.079554960 0.974804461 3.134541035 -0.013118841 0.996824026 -0.078547485 -0.210578978 -0.977957189 0.003580404 0.208774298 2.602398634
0.206768587 0.080253810 0.975092828 3.164394140 -0.013700463 0.996769905 -0.079132721 -0.212939903 -0.978293955 0.003002939 0.207200229 2.608497143
0.204007268 0.082852982 0.975457013 3.193959475 -0.014803101 0.996559381 -0.081549428 -0.215767950 -0.978857458 0.002196888 0.204531819 2.615064859
0.202463821 0.086784966 0.975436687 3.222452641 -0.012957131 0.996215641 -0.085944265 -0.218135446 -0.979204118 0.004761744 0.202822104 2.620610237
0.200893298 0.087348036 0.975711107 3.250465393 -0.009209001 0.996141136 -0.087280899 -0.219970852 -0.979569852 0.008548822 0.200922474 2.626094341
0.198505357 0.086336546 0.976289690 3.278233528 -0.010420981 0.996242106 -0.085982151 -0.222290367 -0.980044425 0.006894019 0.198659107 2.631947994
0.196284235 0.083596386 0.976977050 3.305802107 -0.011551458 0.996487141 -0.082944997 -0.224714190 -0.980479121 0.004995285 0.196560383 2.637351513
0.194428161 0.079383388 0.977699280 3.333755732 -0.010175995 0.996829629 -0.078913026 -0.227111250 -0.980864048 0.005393853 0.194619551 2.642781258
0.191990197 0.078546248 0.978248537 3.359181166 -0.007093707 0.996877074 -0.078649789 -0.229114264 -0.981371224 0.008160581 0.191947848 2.647918463
0.190795243 0.079524592 0.978403270 3.383918285 -0.002891217 0.996754289 -0.080452360 -0.231317282 -0.981625557 0.012521152 0.190405905 2.652647972
0.188197002 0.081835032 0.978715956 3.411130667 0.000837483 0.996508777 -0.083483815 -0.233330667 -0.982130885 0.016531060 0.187471420 2.657113314
0.185630947 0.084299378 0.978996813 3.436862230 -0.000177745 0.996316075 -0.085756995 -0.234837800 -0.982619524 0.015745139 0.184962079 2.663156986
0.185020745 0.086097941 0.978955805 3.461638451 -0.000150429 0.996157229 -0.087582350 -0.237535000 -0.982734621 0.016057285 0.184322700 2.666956425
0.184024334 0.084799364 0.979256809 3.488477945 0.001772569 0.996241331 -0.086603239 -0.239081949 -0.982920110 0.017672906 0.183182314 2.671864748
0.184279352 0.083120771 0.979352891 3.513932467 0.006736219 0.996287405 -0.085825570 -0.241461530 -0.982850909 0.022413017 0.183035284 2.676548243
0.187018305 0.081034780 0.979008436 3.539204121 0.012456304 0.996316135 -0.084846891 -0.243649378 -0.982277393 0.028062753 0.185319945 2.680800200
0.189089060 0.080020085 0.978694201 3.565075636 0.015664248 0.996301532 -0.084486127 -0.245998591 -0.981834888 0.031305909 0.187136278 2.685338020
0.192423925 0.080030985 0.978042960 3.591212273 0.012465526 0.996389031 -0.083984710 -0.248185143 -0.981232762 0.028352490 0.190731451 2.691209316
0.198129743 0.080681421 0.976849616 3.617524624 0.012024917 0.996331394 -0.084729448 -0.250134140 -0.980102122 0.028533962 0.196432695 2.696420670
0.204158068 0.079728939 0.975685775 3.643367052 0.012929575 0.996371269 -0.084124729 -0.251868725 -0.978852570 0.029789949 0.202386424 2.702164173
0.211955458 0.080070011 0.973993719 3.669942617 0.011307308 0.996370316 -0.084370188 -0.253362358 -0.977214038 0.028895969 0.210280776 2.708128929
0.220060796 0.077753507 0.972382426 3.697942495 0.011251655 0.996549666 -0.082232341 -0.256108195 -0.975421250 0.029037027 0.218426660 2.715359688
0.228902057 0.077424780 0.970365524 3.724337578 0.007797187 0.996654272 -0.081361622 -0.258246720 -0.973418355 0.026189966 0.227532491 2.721836805
0.238514856 0.077417314 0.968048215 3.751905680 0.006523338 0.996667325 -0.081313334 -0.260098279 -0.971116841 0.025709346 0.237214953 2.729208469
0.248151958 0.081084698 0.965321660 3.779376984 0.001138223 0.996465683 -0.083993323 -0.262463689 -0.968720436 0.021941859 0.247182578 2.736875772
0.257295191 0.083219416 0.962742805 3.807199717 -0.002107725 0.996330798 -0.085559472 -0.264601022 -0.966330469 0.019984847 0.256526530 2.745157242
0.268266082 0.086183943 0.959481955 3.835591078 -0.006106752 0.996122241 -0.087767690 -0.266567111 -0.963325560 0.017685780 0.267752111 2.753641129
0.278423667 0.087806724 0.956436217 3.864218235 -0.007743273 0.995985091 -0.089183435 -0.269190252 -0.960427105 0.017424835 0.277985752 2.762340069
0.288073570 0.088668406 0.953494370 3.893905163 -0.011085569 0.995946050 -0.089266896 -0.271510780 -0.957544088 0.015145406 0.287888646 2.772066116
0.298503280 0.089067295 0.950243592 3.923792839 -0.011617346 0.995901287 -0.089697443 -0.273853600 -0.954337895 0.015735673 0.298314512 2.781908035
0.308526814 0.090275951 0.946922064 3.953741312 -0.016164239 0.995840073 -0.089672945 -0.276247740 -0.951078296 0.012360237 0.308702588 2.792664528
0.319339395 0.085596219 0.943766713 3.982860804 -0.015841780 0.996255338 -0.084996425 -0.277843207 -0.947507977 0.012191758 0.319499552 2.802224398
0.329784930 0.078692466 0.940770686 4.014056683 -0.012615050 0.996798277 -0.078956820 -0.280480504 -0.943971813 0.014170900 0.329721719 2.813489437
0.341084331 0.074112445 0.937106609 4.046548843 -0.010537742 0.997126102 -0.075023696 -0.282697260 -0.939973712 0.015714414 0.340885073 2.824944735
0.351307392 0.071011871 0.933563173 4.077682495 -0.011385377 0.997369826 -0.071580939 -0.284897476 -0.936190903 0.014517941 0.351191878 2.837065697
0.360788018 0.068307549 0.930142999 4.110059738 -0.004853135 0.997438312 -0.071367100 -0.287009984 -0.932635248 0.021234283 0.360195309 2.849827290
0.369409323 0.063465521 0.927097023 4.143107414 0.000936763 0.997639060 -0.068667822 -0.288785517 -0.929266274 0.026235009 0.368477762 2.862554550
0.376868516 0.053440452 0.924723804 4.177511692 0.011384094 0.997991621 -0.062314197 -0.290878117 -0.926196754 0.034011401 0.375503242 2.875681400
0.383571953 0.049503032 0.922183275 4.210453033 0.015889883 0.998060763 -0.060185377 -0.292844832 -0.923374295 0.037738807 0.382041574 2.889301777
0.390832126 0.049572237 0.919126093 4.243950844 0.018132951 0.997940361 -0.061533526 -0.294840246 -0.920283377 0.040715758 0.389128238 2.903419971
0.397869855 0.055226170 0.915778160 4.276434422 0.020768449 0.997388601 -0.069170780 -0.297401190 -0.917206824 0.046540257 0.395683914 2.918113708
0.405643612 0.059138924 0.912116170 4.310581684 0.025260158 0.996798277 -0.075863354 -0.299350053 -0.913682222 0.053813685 0.402850986 2.932507277
0.411317140 0.061802749 0.909394622 4.343591213 0.023184109 0.996666491 -0.078219898 -0.301119417 -0.911197364 0.053256691 0.408513248 2.946872234
0.415935755 0.063397527 0.907181501 4.378063202 0.016485063 0.996877432 -0.077224128 -0.303366065 -0.909244597 0.047075216 0.413591892 2.963557720
0.419199824 0.067048416 0.905414820 4.410123825 0.009808009 0.996876657 -0.078362443 -0.306342006 -0.907840967 0.041729838 0.417232901 2.980004072
0.423284918 0.070208572 0.903272152 4.441008568 0.008378882 0.996646941 -0.081392743 -0.309453189 -0.905957818 0.042020734 0.421277344 2.994113207
0.427480340 0.074279398 0.900967896 4.473243237 0.005821200 0.996371865 -0.084906854 -0.311718673 -0.904005945 0.041540720 0.425496936 3.009987354
0.431403339 0.077063188 0.898861706 4.503889084 0.003220258 0.996207058 -0.086954542 -0.314331919 -0.902153432 0.040407050 0.429518849 3.024279118
0.435409337 0.075517565 0.897059619 4.535432339 0.002694168 0.996361434 -0.085184827 -0.316729575 -0.900228620 0.039507106 0.433621645 3.039987564
0.439568698 0.072192878 0.895303011 4.565627098 0.003046742 0.996639132 -0.081859984 -0.320232570 -0.898203731 0.038710851 0.437871486 3.054217577
0.442574203 0.069852747 0.894007087 4.595681190 0.002853134 0.996846676 -0.079300493 -0.322387695 -0.896727264 0.037647076 0.440979362 3.070214272
0.446029365 0.068705834 0.892377317 4.624821663 0.002160928 0.996963739 -0.077838205 -0.325110793 -0.895015657 0.036646489 0.444526583 3.085134029
0.449548513 0.070614800 0.890460372 4.654208660 0.000218067 0.996861696 -0.079162665 -0.327179939 -0.893255889 0.035781644 0.448122293 3.100088120
0.452724576 0.070765801 0.888837814 4.682915688 0.002478284 0.996741891 -0.080619000 -0.329035610 -0.891646922 0.038700994 0.451074213 3.113878727
0.454665899 0.069282524 0.887963295 4.711616516 0.003291225 0.996832371 -0.079462141 -0.332324028 -0.890655994 0.039051216 0.452997714 3.129488945
0.456504732 0.068509378 0.887079298 4.739722252 0.005227335 0.996807277 -0.079673752 -0.334576577 -0.889705598 0.041008513 0.454689205 3.143789053
0.458010375 0.068175927 0.886328697 4.766849041 0.003790221 0.996895969 -0.078639284 -0.337264121 -0.888938785 0.039377004 0.456330299 3.158449650
0.459746987 0.067783356 0.885459244 4.793411255 0.004197353 0.996905684 -0.078494109 -0.340283483 -0.888040066 0.039804015 0.458039969 3.172674656
0.462571710 0.069058932 0.883888066 4.820023537 0.004591739 0.996761620 -0.080280878 -0.342055678 -0.886569977 0.041194234 0.460756689 3.186123371
0.466049999 0.068903692 0.882071197 4.845832348 0.008392639 0.996573687 -0.082282476 -0.343984842 -0.884718597 0.045750652 0.463874936 3.198729753
0.468564868 0.068024576 0.880806148 4.871563435 0.009404069 0.996590495 -0.081969291 -0.346994936 -0.883378983 0.046691094 0.466327637 3.212978601
0.471564472 0.066161312 0.879346073 4.897210598 0.012588250 0.996574819 -0.081732169 -0.349400759 -0.881741762 0.049611408 0.469116360 3.226980686
0.475231111 0.065512076 0.877418697 4.922032833 0.014156364 0.996525824 -0.082072578 -0.351295590 -0.879747093 0.051424496 0.472652733 3.240278244
0.478867114 0.065129623 0.875468075 4.946112633 0.014748575 0.996506631 -0.082201384 -0.353765905 -0.877763450 0.052275456 0.476233751 3.252659798
0.482026994 0.064192556 0.873801708 4.970057487 0.015659358 0.996521890 -0.081846386 -0.355792820 -0.876016498 0.053135347 0.479345262 3.266349077
0.485291868 0.063702226 0.872028530 4.994311810 0.017165408 0.996456087 -0.082344413 -0.357954532 -0.874183714 0.054929804 0.482478619 3.280090809
0.489393771 0.064686917 0.869660497 5.017300606 0.016858099 0.996357024 -0.083597556 -0.360505521 -0.871900022 0.055572949 0.486520410 3.292381048
0.493643165 0.065066621 0.867227018 5.041548729 0.018759681 0.996168494 -0.085419290 -0.362562180 -0.869462132 0.058435548 0.490531176 3.306579351
0.498432428 0.068377934 0.864227712 5.064828873 0.016442304 0.995959699 -0.088283494 -0.364977032 -0.866772592 0.058213260 0.495294333 3.320266008
0.504301786 0.074170910 0.860336185 5.087063313 0.013223623 0.995524287 -0.093576960 -0.367228806 -0.863426208 0.058567785 0.501063943 3.332651138
0.509332776 0.081412539 0.856710017 5.109824657 0.007997021 0.995024383 -0.099310845 -0.369230002 -0.860532463 0.057433400 0.506147444 3.348201036
0.515809894 0.087412238 0.852231860 5.132475376 0.002488223 0.994623959 -0.103523180 -0.372368366 -0.856699467 0.055518825 0.512819350 3.361816883
0.521868467 0.092499435 0.847995996 5.155984879 -0.001382480 0.994193733 -0.107595883 -0.374000043 -0.853024840 0.054978564 0.518966258 3.377205372
0.527164698 0.093077973 0.844650209 5.179337978 -0.005333955 0.994325876 -0.106242761 -0.376231581 -0.849746287 0.051502112 0.524669945 3.392423153
0.533151388 0.091516517 0.841055453 5.201043606 -0.011555066 0.994827032 -0.100923792 -0.379644960 -0.845940948 0.044089213 0.531450987 3.406783342
0.539481282 0.088871084 0.837294340 5.225206852 -0.017825212 0.995396852 -0.094167158 -0.382551879 -0.841808856 0.035876483 0.538582206 3.422082901
0.544525266 0.087501615 0.834167659 5.248960018 -0.024773683 0.995787382 -0.088283323 -0.384915590 -0.838378489 0.027407091 0.544399083 3.439493418
0.550848901 0.085691124 0.830194175 5.272658348 -0.027919466 0.996050358 -0.084285423 -0.387318552 -0.834137857 0.023249943 0.551065803 3.455532312
0.557202935 0.089130275 0.825578988 5.296997070 -0.032531958 0.995802522 -0.085551172 -0.389604449 -0.829738796 0.020811655 0.557763696 3.472608328
0.563849449 0.093161337 0.820606351 5.321345806 -0.037338685 0.995476961 -0.087358057 -0.392239392 -0.825033247 0.018616419 0.564777553 3.488837719
0.569577694 0.096113443 0.816298604 5.345425606 -0.039364893 0.995189607 -0.089709505 -0.394645393 -0.820994258 0.018963020 0.570621431 3.507269859
0.575361788 0.099400230 0.811836481 5.371671677 -0.042187829 0.994872987 -0.091911785 -0.395915687 -0.816810250 0.018632919 0.576605260 3.526998281
0.581580281 0.100165270 0.807298779 5.396846771 -0.044969626 0.994831622 -0.091037087 -0.398176134 -0.812245011 0.016641464 0.583078921 3.546142578
0.587540209 0.102294661 0.802703142 5.422825813 -0.051432788 0.994692445 -0.089115009 -0.401078522 -0.807558835 0.011073401 0.589683115 3.566471100
0.596038818 0.099637508 0.796749771 5.447819233 -0.051866300 0.994976282 -0.085626200 -0.404469967 -0.801278830 0.009712071 0.598212242 3.584040165
0.602894783 0.097158909 0.791882575 5.475520134 -0.050687429 0.995216429 -0.083516113 -0.407330215 -0.796208918 0.010212939 0.604935586 3.606141090
