0.999998510 0.000908494 0.001414201 -0.000150468 -0.000901834 0.999988496 -0.004703062 -0.000095919 -0.001418458 0.004701779 0.999987960 0.036970232
0.999998033 -0.001064260 0.001659587 -0.000114041 0.001074023 0.999982059 -0.005892782 0.000074825 -0.001653286 0.005894553 0.999981284 0.076389678
0.999994040 -0.002673490 0.002171485 -0.000169154 0.002676711 0.999995291 -0.001482200 0.000005000 -0.002167512 0.001488004 0.999996483 0.110512964
0.999985456 -0.005082443 0.001801147 -0.000190670 0.005074298 0.999976993 0.004498738 -0.000042896 -0.001823971 -0.004489533 0.999988258 0.147109672
0.999963224 -0.008575472 0.000479000 -0.000111456 0.008573268 0.999953449 0.004430593 0.000065505 -0.000516972 -0.004426323 0.999990046 0.183399320
0.999932706 -0.011592621 -0.000477707 -0.000087548 0.011593409 0.999931395 0.001677953 0.000262011 0.000458222 -0.001683379 0.999998391 0.219869211
0.999928713 -0.011848961 -0.001485271 0.000014619 0.011846403 0.999928296 -0.001721295 0.000140615 0.001505560 0.001703577 0.999997437 0.255129278
0.999935210 -0.011153937 -0.002251784 -0.000086394 0.011148915 0.999935329 -0.002230199 0.000175687 0.002276514 0.002204950 0.999994993 0.291089386
0.999937534 -0.010779429 -0.002955222 -0.000596391 0.010777946 0.999941766 -0.000517686 0.000151880 0.002960630 0.000485803 0.999995470 0.326354563
0.999934673 -0.010798704 -0.003742344 -0.000798113 0.010807214 0.999938965 0.002261237 0.000201179 0.003717697 -0.002301534 0.999990463 0.362371713
0.999933004 -0.010598648 -0.004650185 -0.000993992 0.010615550 0.999937057 0.003624666 0.000358272 0.004611477 -0.003673787 0.999982536 0.396983862
0.999916911 -0.011971214 -0.004778862 -0.001518046 0.011993503 0.999917209 0.004663097 0.000384597 0.004722644 -0.004720025 0.999977708 0.432299435
0.999908924 -0.011954582 -0.006258199 -0.001369978 0.011983025 0.999917865 0.004527300 0.000631274 0.006203563 -0.004601880 0.999970198 0.467246264
0.999905348 -0.012168265 -0.006424815 -0.002125853 0.012188052 0.999920964 0.003050001 0.000642561 0.006387194 -0.003128018 0.999974728 0.502323329
0.999885142 -0.012713136 -0.008248080 -0.002262684 0.012723115 0.999918342 0.001158447 0.000754200 0.008232680 -0.001263255 0.999965310 0.537048340
0.999852419 -0.014128620 -0.009763788 -0.002633386 0.014121696 0.999899924 -0.000777587 0.001324644 0.009773798 0.000639591 0.999952018 0.571752071
0.999838889 -0.013784560 -0.011491306 -0.003019279 0.013774198 0.999904633 -0.000980596 0.000993934 0.011503729 0.000822155 0.999933481 0.606448889
0.999842167 -0.012174524 -0.012937983 -0.003729628 0.012159592 0.999925315 -0.001232170 0.000511280 0.012952019 0.001074654 0.999915540 0.641290486
0.999825716 -0.010721407 -0.015280957 -0.003957148 0.010704106 0.999941945 -0.001213551 0.000503083 0.015293083 0.001049770 0.999882460 0.675705731
0.999803662 -0.011614543 -0.016061641 -0.005205621 0.011599155 0.999932170 -0.001050958 0.000919550 0.016072759 0.000864450 0.999870479 0.709533811
0.999794006 -0.011516062 -0.016715311 -0.006382585 0.011522150 0.999933541 0.000267967 0.000931568 0.016711112 -0.000460508 0.999860287 0.743727088
0.999771118 -0.010672381 -0.018544707 -0.007013657 0.010688546 0.999942660 0.000772720 0.000891065 0.018535398 -0.000970759 0.999827743 0.777839065
0.999728799 -0.012030845 -0.019937485 -0.007784195 0.012049144 0.999927104 0.000798054 0.000784731 0.019926429 -0.001038068 0.999800920 0.811186969
0.999689698 -0.011223201 -0.022240728 -0.008178278 0.011213873 0.999937057 -0.000544058 0.001224220 0.022245433 0.000294485 0.999752522 0.844730616
0.999641657 -0.011837140 -0.024010345 -0.008705343 0.011838428 0.999929905 -0.000088542 0.001168456 0.024009712 -0.000195735 0.999711692 0.877970219
0.999641597 -0.011855847 -0.024003176 -0.010368416 0.011924202 0.999925256 0.002706514 0.000993602 0.023969296 -0.002991762 0.999708235 0.910789251
0.999623477 -0.012615865 -0.024368767 -0.011203635 0.012745934 0.999905348 0.005189562 0.001187815 0.024300991 -0.005498210 0.999689579 0.943333089
0.999583662 -0.012952022 -0.025782736 -0.012159546 0.013126691 0.999891996 0.006616987 0.001400765 0.025694247 -0.006952674 0.999645710 0.975987792
0.999582231 -0.012438316 -0.026086856 -0.013138520 0.012598579 0.999902666 0.005988013 0.001198011 0.026009843 -0.006314168 0.999641716 1.008060694
0.999577940 -0.010373403 -0.027132759 -0.014202403 0.010467002 0.999939680 0.003309890 0.001407748 0.027096789 -0.003592492 0.999626338 1.039503694
0.999573410 -0.009919912 -0.027468577 -0.015477465 0.009955348 0.999949694 0.001153489 0.001698475 0.027455756 -0.001426456 0.999621987 1.070503354
0.999557793 -0.009361698 -0.028224222 -0.016623307 0.009400793 0.999954998 0.001252730 0.001570357 0.028211223 -0.001517506 0.999600828 1.100544453
0.999528050 -0.009581335 -0.029187471 -0.017807096 0.009604583 0.999953568 0.000656418 0.001727340 0.029179832 -0.000936441 0.999573708 1.130756855
0.999478877 -0.008495199 -0.031142587 -0.019343384 0.008488859 0.999963880 -0.000335758 0.001852591 0.031144321 0.000071218 0.999514878 1.160483360
0.999389768 -0.009424889 -0.033632118 -0.019811593 0.009427782 0.999955535 -0.000072482 0.001370497 0.033631306 -0.000244639 0.999434412 1.190925360
0.999319255 -0.009728608 -0.035586566 -0.020862482 0.009791876 0.999950767 0.001604028 0.001177766 0.035569213 -0.001951395 0.999365330 1.219957590
0.999265432 -0.009621681 -0.037095297 -0.022544451 0.009747119 0.999947369 0.003202185 0.001677978 0.037062537 -0.003561405 0.999306679 1.248182774
0.999169588 -0.008689998 -0.039807584 -0.023079282 0.008872595 0.999950886 0.004412704 0.001923726 0.039767284 -0.004762236 0.999197602 1.277610064
0.999108434 -0.007413278 -0.041560132 -0.024629351 0.007623238 0.999958873 0.004895756 0.001754451 0.041522130 -0.005208215 0.999123991 1.305667758
0.999056518 -0.004604064 -0.043185268 -0.026304170 0.004788381 0.999979794 0.004165603 0.001895238 0.043165214 -0.004368459 0.999058425 1.333029151
0.998974085 -0.003352108 -0.045160457 -0.027612641 0.003517858 0.999987304 0.003591254 0.001643658 0.045147847 -0.003746437 0.998973250 1.360624909
0.998872042 -0.002486378 -0.047417872 -0.028563775 0.002701653 0.999986291 0.004476400 0.002055426 0.047406096 -0.004599458 0.998865128 1.387616992
0.998812437 -0.001115847 -0.048707791 -0.029697519 0.001419768 0.999979734 0.006205516 0.002317246 0.048699878 -0.006267300 0.998793840 1.414386272
0.998834491 0.001959359 -0.048226569 -0.031686440 -0.001598495 0.999970496 0.007520118 0.001588441 0.048239883 -0.007434264 0.998808146 1.440422058
0.998890817 0.004723968 -0.046849277 -0.033573076 -0.004491261 0.999977052 0.005071157 0.002047447 0.046872154 -0.004855121 0.998889029 1.466307998
0.998976350 0.005845804 -0.044857156 -0.035108272 -0.005744799 0.999980688 0.002380286 0.001800814 0.044870205 -0.002120155 0.998990536 1.490914583
0.999066114 0.007014778 -0.042632826 -0.036498945 -0.006995227 0.999975383 0.000607758 0.001839462 0.042636037 -0.000308964 0.999090612 1.515867591
0.999187469 0.008358776 -0.039425474 -0.037629422 -0.008333277 0.999964952 0.000810984 0.002418189 0.039430868 -0.000481781 0.999222159 1.540242434
0.999259651 0.012875315 -0.036253076 -0.038843475 -0.012762484 0.999912918 0.003342021 0.002484061 0.036292952 -0.002876867 0.999337077 1.565032244
0.999350011 0.017373668 -0.031586416 -0.040415622 -0.017164394 0.999829054 0.006884505 0.002448888 0.031700619 -0.006337868 0.999477327 1.588278651
0.999362350 0.022378087 -0.027824610 -0.040979598 -0.022168795 0.999723732 0.007807842 0.002552904 0.027991649 -0.007186024 0.999582291 1.611428380
0.999423206 0.025243675 -0.022716619 -0.041563366 -0.025062764 0.999652147 0.008213430 0.002725285 0.022916052 -0.007639351 0.999708176 1.633964062
0.999431789 0.029072290 -0.017053813 -0.042147070 -0.028898375 0.999528706 0.010357109 0.002850896 0.017346879 -0.009858398 0.999800920 1.655974984
0.999357879 0.034397613 -0.010030464 -0.042849720 -0.034277827 0.999341667 0.011878536 0.002811262 0.010432456 -0.011527085 0.999879062 1.676780701
0.999306262 0.037112977 -0.003088312 -0.042943567 -0.037077133 0.999252319 0.010953204 0.003029152 0.003492510 -0.010831102 0.999935269 1.697236657
0.999157608 0.040802181 0.004373212 -0.043118723 -0.040848825 0.999102890 0.011166916 0.002978794 -0.003913656 -0.011336152 0.999928117 1.716745615
0.998914897 0.044981349 0.012074247 -0.043063492 -0.045110095 0.998925626 0.010610203 0.003145196 -0.011584015 -0.011143360 0.999870777 1.736171722
0.998607695 0.048944462 0.019676408 -0.043163408 -0.049109928 0.998761237 0.008015748 0.002962875 -0.019259706 -0.008970894 0.999774277 1.753697991
0.998281538 0.051540546 0.027888102 -0.042751107 -0.051701427 0.998649657 0.005078175 0.003080785 -0.027588710 -0.006511303 0.999598145 1.770906448
0.998046458 0.051186305 0.035823256 -0.042323679 -0.051384754 0.998668194 0.004640648 0.003009113 -0.035538007 -0.006472352 0.999347389 1.786722660
0.997722387 0.051365331 0.043724861 -0.041388378 -0.051690985 0.998642981 0.006349112 0.003091008 -0.043339401 -0.008594830 0.999023378 1.802031994
0.997281730 0.052609816 0.051588807 -0.040642098 -0.053027928 0.998570025 0.006768812 0.003257367 -0.051158920 -0.009486058 0.998645604 1.816153526
0.996656775 0.055256292 0.060184423 -0.039748512 -0.055768404 0.998420179 0.006861377 0.003168349 -0.059710205 -0.010194827 0.998163700 1.829317689
0.995749831 0.060483258 0.069456242 -0.039203092 -0.061071455 0.998113036 0.006374562 0.003257267 -0.068939626 -0.010589262 0.997564733 1.842423320
0.994877636 0.064166300 0.078109644 -0.038180634 -0.064860366 0.997873962 0.006378811 0.003249992 -0.077534296 -0.011412356 0.996924341 1.853297710
0.994177878 0.063302331 0.087196290 -0.036897257 -0.064158157 0.997914851 0.007044689 0.003130692 -0.086568534 -0.012598027 0.996166229 1.863763809
0.993226588 0.062082727 0.098218232 -0.035871506 -0.062889710 0.998007238 0.005138610 0.003140252 -0.097703502 -0.011280719 0.995151639 1.873913050
0.992071271 0.060926665 0.109919809 -0.034278765 -0.061376520 0.998114407 0.000710577 0.003023264 -0.109669283 -0.007451439 0.993940175 1.883708835
0.990450859 0.061856080 0.123210177 -0.032687262 -0.061919469 0.998075604 -0.003318259 0.002978493 -0.123178333 -0.004342536 0.992375016 1.893557191
0.988307357 0.063527323 0.138609737 -0.030924201 -0.063398838 0.997973859 -0.005346457 0.002797227 -0.138668552 -0.003503754 0.990332603 1.903213382
0.985705912 0.065133147 0.155374974 -0.029617727 -0.064867474 0.997870803 -0.006784900 0.002882831 -0.155486092 -0.003390865 0.987832248 1.913252473
0.982920170 0.065430194 0.172008291 -0.027659565 -0.064968929 0.997852564 -0.008316108 0.002913250 -0.172183067 -0.003001122 0.985060334 1.922681212
0.979763627 0.064326920 0.189539731 -0.024928123 -0.063636705 0.997925580 -0.009731870 0.002986822 -0.189772606 -0.002526751 0.981824756 1.931700945
0.975865066 0.063266993 0.209008813 -0.022481948 -0.062564254 0.997991025 -0.009978713 0.002641985 -0.209220260 -0.003338600 0.977862835 1.940940380
0.971189260 0.064257540 0.229482979 -0.019975990 -0.063446522 0.997925401 -0.010918718 0.002364717 -0.229708523 -0.003955755 0.973251402 1.950493693
0.965839505 0.065974645 0.250601828 -0.016998678 -0.064647324 0.997816324 -0.013533994 0.002596859 -0.250947505 -0.003129071 0.967995644 1.959525585
0.959620476 0.067377597 0.273109019 -0.014023066 -0.065651774 0.997722685 -0.015464092 0.002329180 -0.273528993 -0.003090428 0.961858809 1.968681812
0.952374220 0.068436444 0.297152579 -0.010390162 -0.066545330 0.997647166 -0.016487682 0.002036568 -0.297581792 -0.004071672 0.954687655 1.977130294
0.943649173 0.071481712 0.323135704 -0.006746650 -0.069644406 0.997422576 -0.017260831 0.001581363 -0.323536634 -0.006216423 0.946195304 1.987205625
0.933660030 0.073580883 0.350520700 -0.002682924 -0.071677856 0.997257710 -0.018419327 0.001315378 -0.350914776 -0.007927183 0.936373830 1.996434331
0.922495008 0.074589558 0.378733635 0.002405107 -0.072470196 0.997172594 -0.019869540 0.001121782 -0.379144877 -0.009117348 0.925292432 2.006565571
0.909815192 0.072460122 0.408639014 0.006913185 -0.069525093 0.997336388 -0.022053972 0.000903636 -0.409148604 -0.008345628 0.912429571 2.013631344
0.894906700 0.069612771 0.440790236 0.012402356 -0.065401055 0.997551739 -0.024761211 0.000515670 -0.441434741 -0.006669167 0.897268534 2.022103310
0.877407610 0.069216825 0.474726111 0.018492103 -0.062916018 0.997592449 -0.029168770 0.000359230 -0.475602210 -0.004274983 0.879650056 2.030768633
0.857946277 0.071176015 0.508784771 0.024804950 -0.062449019 0.997460842 -0.034233298 0.000024475 -0.509929419 -0.002402781 0.860212862 2.039003372
0.836232901 0.072647348 0.543541074 0.031700492 -0.061437320 0.997357249 -0.038781710 -0.000310920 -0.544921935 -0.000963161 0.838486254 2.047462463
0.811581552 0.075366311 0.579357505 0.039587498 -0.062292822 0.997154534 -0.042454183 -0.000738747 -0.580908597 -0.001634782 0.813967049 2.056622505
0.784169793 0.079922117 0.615378141 0.047597945 -0.065700755 0.996790707 -0.045736242 -0.001099437 -0.617058516 -0.004565831 0.786904037 2.065277576
0.753984928 0.084178008 0.651475847 0.055759311 -0.069386028 0.996412873 -0.048443921 -0.001719959 -0.653216898 -0.008677334 0.757121146 2.073853970
0.720991969 0.085191905 0.687686741 0.065925717 -0.068927534 0.996309042 -0.051158875 -0.002322942 -0.689506888 -0.010515410 0.724202931 2.082806587
0.684452355 0.082830250 0.724337041 0.076687932 -0.065298341 0.996496856 -0.052249838 -0.002887443 -0.726127625 -0.011535484 0.687463343 2.091360569
0.645262897 0.081342183 0.759617865 0.089014530 -0.062322080 0.996606052 -0.053779665 -0.003716059 -0.761414349 -0.012638935 0.648142278 2.100247860
0.602550745 0.081166148 0.793942511 0.101300955 -0.060299430 0.996601403 -0.056120988 -0.004240833 -0.795799315 -0.014058536 0.605397224 2.108464003
0.556225359 0.080971815 0.827077329 0.115124106 -0.056467880 0.996624231 -0.059594922 -0.004790828 -0.829110742 -0.013555092 0.558920026 2.116604090
0.507909417 0.079398483 0.857743561 0.130036950 -0.053178925 0.996733785 -0.060774684 -0.006054573 -0.859767318 -0.014745847 0.510472894 2.124289274
0.458721310 0.077505358 0.885193586 0.146224737 -0.051443875 0.996834278 -0.060621321 -0.007086940 -0.887089849 -0.017729500 0.461256266 2.131755590
0.409697860 0.075859003 0.909061670 0.163667738 -0.051286239 0.996875584 -0.060073059 -0.007751565 -0.910778463 -0.022010546 0.412308306 2.137925863
0.359161645 0.075624488 0.930206418 0.181616247 -0.054431997 0.996712267 -0.060014617 -0.008726191 -0.931686640 -0.029078046 0.362097204 2.144303322
0.310468823 0.076571450 0.947494626 0.200651228 -0.052466281 0.996611357 -0.063348994 -0.009368431 -0.949134588 -0.030043626 0.313434154 2.149131536
0.263431847 0.072803490 0.961926877 0.218949616 -0.040462252 0.997104466 -0.064384989 -0.010583606 -0.963828981 -0.021960668 0.265614867 2.152600527
0.219400808 0.067332923 0.973308563 0.238830566 -0.027070774 0.997651696 -0.062914744 -0.011583611 -0.975259066 -0.012544669 0.220708400 2.155363083
0.176854342 0.065909967 0.982027709 0.259670377 -0.018197082 0.997803688 -0.063691661 -0.012999229 -0.984068811 -0.006605895 0.177665263 2.157850266
0.138578549 0.067141742 0.988072872 0.280513823 -0.015418438 0.997724473 -0.065635145 -0.014083330 -0.990231395 -0.006138921 0.139298454 2.159679413
0.105466485 0.067836620 0.992106318 0.302303970 -0.006513855 0.997696221 -0.067526370 -0.015541535 -0.994401515 0.000659333 0.105665416 2.161383867
0.076975510 0.066554196 0.994809210 0.325276554 0.001454571 0.997761011 -0.066864230 -0.016788473 -0.997031927 0.006593929 0.076706365 2.161977530
0.051963754 0.064792186 0.996544957 0.348235577 0.008741853 0.997825384 -0.065331273 -0.018169021 -0.998610675 0.012106508 0.051284343 2.162387848
0.032150783 0.063941590 0.997435629 0.371981680 0.013237138 0.997836769 -0.064394005 -0.019353705 -0.999395490 0.015273507 0.031234827 2.162505627
0.016396873 0.065716252 0.997703671 0.395680755 0.015836868 0.997695565 -0.065975986 -0.020468032 -0.999740124 0.016882300 0.015318345 2.162556171
0.003182838 0.065391503 0.997854590 0.420235097 0.016439460 0.997721434 -0.065435208 -0.021944877 -0.999859869 0.016612461 0.002100579 2.162319422
-0.008768890 0.066267826 0.997763276 0.445831031 0.017130826 0.997665167 -0.066110767 -0.023466889 -0.999814928 0.016512787 -0.009883639 2.161814690
-0.017681688 0.069027185 0.997458041 0.470610261 0.021451492 0.997410536 -0.068643630 -0.024989834 -0.999613583 0.020183224 -0.019116640 2.160799265
-0.024353312 0.070790425 0.997193813 0.496863693 0.026190994 0.997192502 -0.070150696 -0.026717121 -0.999360323 0.024409093 -0.026139013 2.160334110
-0.029023342 0.070456274 0.997092545 0.525068402 0.026667222 0.997212231 -0.069688529 -0.028021891 -0.999222934 0.024567097 -0.030821307 2.159071922
-0.032373276 0.067785069 0.997174501 0.552481592 0.024560785 0.997450113 -0.067006446 -0.029501829 -0.999174058 0.022322174 -0.033955589 2.158203125
-0.034907680 0.060949877 0.997530162 0.580448210 0.022239035 0.997938812 -0.060196601 -0.031021159 -0.999143004 0.020082785 -0.036191199 2.157683134
-0.036526583 0.055390485 0.997796416 0.609315634 0.023715641 0.998229504 -0.054546360 -0.032384016 -0.999051154 0.021670993 -0.037775543 2.156513929
-0.036196344 0.052839283 0.997946799 0.637565613 0.026240200 0.998307168 -0.051906604 -0.033663634 -0.999000072 0.024307497 -0.037521586 2.154797077
-0.036003459 0.055023175 0.997835755 0.666773081 0.029852280 0.998096645 -0.053960450 -0.035346199 -0.998905599 0.027844910 -0.037577495 2.153666496
-0.035705667 0.062447499 0.997409344 0.696608067 0.030528670 0.997648120 -0.061369572 -0.036770541 -0.998895884 0.028258340 -0.037528127 2.152604818
-0.033087187 0.070601881 0.996955693 0.725986540 0.031377580 0.997083485 -0.069569565 -0.038138103 -0.998959780 0.028980194 -0.035206005 2.151470900
-0.031039247 0.070848472 0.997004151 0.756429434 0.031548984 0.997057021 -0.069870047 -0.040031049 -0.999020159 0.029285749 -0.033183098 2.150783777
-0.029086795 0.066820242 0.997340977 0.787576199 0.031214513 0.997337341 -0.065909632 -0.041625611 -0.999089360 0.029214410 -0.031095099 2.149782658
-0.026569415 0.060550943 0.997811496 0.818729460 0.030602945 0.997745216 -0.059732042 -0.043476529 -0.999178469 0.028948920 -0.028362541 2.149006605
-0.024166148 0.059093852 0.997959852 0.849627435 0.028900325 0.997875392 -0.058389019 -0.045264464 -0.999290109 0.027430329 -0.025822638 2.148975611
-0.020420479 0.064257577 0.997724414 0.880349338 0.036916837 0.997300446 -0.063474685 -0.047220416 -0.999109745 0.035536647 -0.022737537 2.148132324
-0.017285924 0.069783568 0.997412384 0.910940289 0.038141914 0.996881366 -0.069085382 -0.048950505 -0.999122739 0.036849014 -0.019893695 2.146999598
-0.014665705 0.070600763 0.997396827 0.941804230 0.032456484 0.997012138 -0.070096292 -0.050397322 -0.999365509 0.031343989 -0.016913336 2.146905184
-0.011272060 0.067093000 0.997683108 0.972850323 0.028100077 0.997373700 -0.066754699 -0.052185450 -0.999541461 0.027282516 -0.013127776 2.147052765
-0.006184497 0.063497521 0.997962832 1.003353357 0.032199550 0.997477055 -0.063267067 -0.054300908 -0.999462306 0.031742670 -0.008213485 2.146315336
-0.003227407 0.064335749 0.997923076 1.034821987 0.036644116 0.997265637 -0.064174853 -0.056582548 -0.999323308 0.036360886 -0.005576110 2.145995617
0.000260354 0.069080532 0.997611046 1.065556049 0.036101330 0.996960104 -0.069044866 -0.058264427 -0.999348104 0.036033068 -0.002234336 2.145404100
0.003212442 0.069584481 0.997570813 1.096483350 0.032233920 0.997050464 -0.069651976 -0.060389772 -0.999475241 0.032379370 0.000959987 2.146752119
0.007198407 0.069238193 0.997574151 1.127378464 0.032208722 0.997066379 -0.069435358 -0.062147431 -0.999455273 0.032630417 0.004947216 2.147145271
0.011122955 0.066073649 0.997752726 1.158956051 0.036396779 0.997126460 -0.066437930 -0.064293146 -0.999275506 0.037053969 0.008686125 2.146944046
0.014257807 0.066463672 0.997686982 1.190346241 0.040267855 0.996940732 -0.066989429 -0.066519976 -0.999087334 0.041129827 0.011537838 2.147040129
0.017727070 0.066616885 0.997621238 1.221366763 0.043614518 0.996776640 -0.067335501 -0.069320314 -0.998891175 0.044704426 0.014764467 2.147495508
0.020564245 0.066908352 0.997547209 1.252308249 0.043961775 0.996732533 -0.067759976 -0.070701145 -0.998821497 0.045247376 0.017555647 2.148287535
0.023952698 0.065538354 0.997562528 1.284298182 0.044675577 0.996781766 -0.066559777 -0.072549656 -0.998714328 0.046160970 0.020947648 2.148696899
0.027535211 0.064471096 0.997539580 1.315656304 0.046546094 0.996752858 -0.065705076 -0.074671537 -0.998536468 0.048240781 0.024444927 2.149669170
0.030547818 0.064876273 0.997425616 1.346670985 0.044928070 0.996793687 -0.066211149 -0.076485410 -0.998522997 0.046835020 0.027535105 2.150552273
0.033529505 0.066096313 0.997249782 1.378539085 0.042326014 0.996821702 -0.067491047 -0.078719892 -0.998540998 0.044472545 0.030625343 2.151714563
0.036355827 0.066558130 0.997119963 1.410048366 0.043996155 0.996705592 -0.068134591 -0.080480382 -0.998369992 0.046346538 0.033307757 2.152795792
0.039135478 0.066212863 0.997037709 1.441415787 0.041744228 0.996822715 -0.067837112 -0.082451522 -0.998361528 0.044275410 0.036247134 2.154017448
0.041407168 0.066365920 0.996935785 1.473092079 0.040561147 0.996857405 -0.068045385 -0.084466174 -0.998318672 0.043254420 0.038585167 2.155717611
0.044726677 0.066173814 0.996805131 1.505405903 0.037334964 0.996995926 -0.067861713 -0.086613677 -0.998301268 0.040250916 0.042121712 2.157087564
0.047064215 0.068500943 0.996540308 1.536767960 0.035722759 0.996892214 -0.070212252 -0.088636123 -0.998252928 0.038903657 0.044470906 2.159670591
0.050853930 0.071879365 0.996116102 1.569862247 0.035360511 0.996651590 -0.073723249 -0.090735190 -0.998079836 0.038972288 0.048141968 2.160815477
0.054035500 0.073986344 0.995794237 1.602087975 0.035787579 0.996467054 -0.075978294 -0.092915602 -0.997897506 0.039742589 0.051196802 2.162991524
0.056975238 0.076112948 0.995469987 1.634787321 0.029151550 0.996537745 -0.077863045 -0.095113426 -0.997949839 0.033455756 0.054559164 2.165186644
0.059265900 0.075496480 0.995383263 1.667386174 0.025887085 0.996684372 -0.077136494 -0.097096875 -0.997906506 0.030339135 0.057115018 2.167856932
0.063424259 0.075996116 0.995088875 1.700269222 0.027860181 0.996572971 -0.077885196 -0.099852413 -0.997597635 0.032663170 0.061089642 2.169398785
0.067611307 0.077289671 0.994713545 1.732984543 0.027604373 0.996468365 -0.079302303 -0.102006704 -0.997329831 0.032820176 0.065238982 2.171354771
0.070172727 0.078116819 0.994471490 1.765982509 0.022629650 0.996547818 -0.079876728 -0.104360208 -0.997278154 0.028109713 0.068162724 2.175589085
0.074887097 0.076196343 0.994276702 1.799572945 0.022089094 0.996705055 -0.078046136 -0.106539965 -0.996947289 0.027807316 0.072957240 2.177423000
0.079804286 0.075943105 0.993913412 1.832967639 0.022678217 0.996697187 -0.077976726 -0.109597601 -0.996552646 0.028763060 0.077818446 2.180117369
0.085113980 0.079867274 0.993165016 1.866627574 0.018689681 0.996478796 -0.081735469 -0.111858837 -0.996195912 0.025518766 0.083321594 2.182892323
0.090244457 0.088863775 0.991947055 1.900321007 0.016549081 0.995739877 -0.090709142 -0.113826305 -0.995782137 0.024601813 0.088389397 2.187319040
0.097933695 0.093115658 0.990827084 1.934348464 0.015873162 0.995340347 -0.095108718 -0.117124632 -0.995066285 0.025041908 0.095999323 2.191283464
0.105057620 0.096008398 0.989820838 1.967418313 0.010552038 0.995165169 -0.097646751 -0.120426133 -0.994410098 0.020703159 0.103536606 2.194678545
0.112503730 0.093600146 0.989233077 2.001615047 0.007526786 0.995444655 -0.095043883 -0.123917781 -0.993622839 0.018138535 0.111286722 2.198985815
0.119851492 0.092170484 0.988504112 2.035591841 0.007291990 0.995572507 -0.093713693 -0.126819313 -0.992765069 0.018439885 0.118648753 2.203726530
0.127058402 0.088845089 0.987908185 2.070080757 0.007763929 0.995860815 -0.090558842 -0.129270703 -0.991864860 0.019176308 0.125842690 2.208514929
0.134373218 0.083068855 0.987442911 2.103618145 0.003686159 0.996431351 -0.084326617 -0.132920116 -0.990923941 0.014971109 0.133587465 2.212980509
0.140582100 0.075401254 0.987193763 2.138958931 0.002111700 0.997070670 -0.076456383 -0.135804802 -0.990066707 0.012833054 0.140011072 2.219923019
0.149375081 0.073389001 0.986053228 2.172385693 0.003361898 0.997198224 -0.074727781 -0.137197986 -0.988774896 0.014477481 0.148709834 2.223498821
0.157249451 0.074894473 0.984714925 2.207194805 0.002936883 0.997080326 -0.076303959 -0.140227526 -0.987554550 0.014890748 0.156570375 2.228929758
0.162832230 0.081305571 0.983298004 2.239726067 0.003682930 0.996541858 -0.083010539 -0.142850578 -0.986646891 0.017138209 0.161969692 2.234452486
0.167761594 0.085231826 0.982136190 2.271884918 0.000945585 0.996241152 -0.086617395 -0.145331889 -0.985827088 0.015459765 0.167050377 2.239901543
0.172195822 0.088004373 0.981123745 2.304610014 -0.000010866 0.996001482 -0.089336939 -0.148375750 -0.985062659 0.015372788 0.171508268 2.246919155
0.177533165 0.088249855 0.980149984 2.337330103 -0.002736376 0.996011615 -0.089182332 -0.150647283 -0.984111011 0.013150766 0.177066579 2.253100157
0.182711050 0.084605679 0.979519486 2.369360209 0.000794499 0.996277452 -0.086201325 -0.153918415 -0.983166218 0.016528165 0.181963667 2.259333611
0.187462911 0.078307435 0.979145348 2.402032852 0.002153787 0.996782124 -0.080130294 -0.156314954 -0.982269228 0.017130332 0.186691031 2.265276909
0.190153390 0.071868144 0.979120374 2.432541847 -0.000499814 0.997323930 -0.073107250 -0.158920631 -0.981754243 0.013412212 0.189680427 2.271760702
0.193444595 0.068616644 0.978708863 2.464022875 -0.003550383 0.997593760 -0.069238909 -0.161145777 -0.981104732 0.009919103 0.193222731 2.278522015
0.196193129 0.069001175 0.978134513 2.495316982 -0.005295759 0.997580945 -0.069310792 -0.163382977 -0.980551004 0.008418337 0.196083978 2.285362482
0.198746383 0.070800565 0.977490187 2.524576902 -0.008145252 0.997471929 -0.070591748 -0.165746272 -0.980017066 0.006067951 0.198820621 2.290887833
0.200279444 0.075216673 0.976847291 2.554362297 -0.011629240 0.997160852 -0.074396499 -0.167852908 -0.979669809 0.003540100 0.200585559 2.297731638
0.202159956 0.079598650 0.976112306 2.583536148 -0.012331831 0.996819437 -0.078733206 -0.169791386 -0.979274929 0.003879450 0.202498585 2.304131746
0.204400137 0.084725127 0.975214005 2.611715555 -0.013116525 0.996394932 -0.083816126 -0.172251403 -0.978799522 0.004340612 0.204774573 2.310062170
0.205603197 0.086594291 0.974796832 2.641606331 -0.012817045 0.996230245 -0.085794948 -0.174902424 -0.978551507 0.005145700 0.205938041 2.317000866
0.207849115 0.086240403 0.974351764 2.669012547 -0.014698331 0.996268690 -0.085044831 -0.177378029 -0.978050470 0.003355148 0.208341151 2.322335243
0.208072826 0.083373643 0.974553525 2.697326183 -0.014730255 0.996514618 -0.082107455 -0.179650560 -0.978002429 0.002728903 0.208575696 2.329200745
0.208908737 0.080432616 0.974621892 2.724531174 -0.014777280 0.996757746 -0.079091951 -0.182228282 -0.977823496 0.002120739 0.209419996 2.334938288
0.209170759 0.079551175 0.974638045 2.752352476 -0.013694674 0.996826053 -0.078423142 -0.184278846 -0.977783263 0.003056476 0.209596276 2.340847969
0.206903964 0.079012349 0.975165546 2.779405355 -0.013813857 0.996870160 -0.077840030 -0.186230078 -0.978263855 0.002634611 0.207347855 2.347270489
0.205071017 0.079878151 0.975482166 2.805485487 -0.015017939 0.996803582 -0.078466929 -0.188301578 -0.978631854 0.001441563 0.205615163 2.352973461
0.202441677 0.082652442 0.975800216 2.831513166 -0.015682178 0.996577740 -0.081158914 -0.190441102 -0.979168773 0.001127266 0.203045070 2.358861923
0.200339362 0.086964421 0.975859344 2.857599735 -0.013928960 0.996204853 -0.085917979 -0.192592844 -0.979627550 0.003620047 0.200790375 2.364344597
0.199291587 0.087076552 0.976063788 2.882269859 -0.011286943 0.996182084 -0.086566791 -0.194771707 -0.979875207 0.006235255 0.199513540 2.368654490
0.196665078 0.086075753 0.976685166 2.907249689 -0.011851167 0.996274889 -0.085415863 -0.196742758 -0.980399072 0.005223458 0.196952581 2.374040604
0.194392860 0.083238490 0.977385700 2.931460857 -0.012327239 0.996521771 -0.082416430 -0.198870957 -0.980846226 0.003972698 0.194742829 2.378660202
0.192352742 0.079119943 0.978131115 2.956022263 -0.012021491 0.996859670 -0.078270823 -0.200856626 -0.981252193 0.003297014 0.192699850 2.383666515
0.190436870 0.078161933 0.978582978 2.979628325 -0.007897616 0.996915042 -0.078089274 -0.202750102 -0.981667638 0.007142604 0.190466732 2.388260126
0.188801005 0.079577625 0.978785753 3.002856731 -0.004826316 0.996774495 -0.080109179 -0.204675734 -0.982003450 0.010400765 0.188576043 2.392421007
0.186448142 0.081935927 0.979042172 3.026047230 -0.001313746 0.996536195 -0.083149813 -0.206301332 -0.982463896 0.014216916 0.185910001 2.396370888
0.184430689 0.083921649 0.979255974 3.049162865 -0.002106546 0.996379375 -0.084992364 -0.208117783 -0.982843220 0.013612352 0.183939725 2.401216507
0.183995038 0.085920654 0.979164660 3.071792126 -0.001666088 0.996197939 -0.087102234 -0.210334867 -0.982925653 0.014395005 0.183438659 2.404718399
0.182097569 0.084657654 0.979629219 3.094393015 -0.000538601 0.996295094 -0.085997775 -0.211806208 -0.983280301 0.015132358 0.181468502 2.409486771
0.182894558 0.083049536 0.979618430 3.117707253 0.005711341 0.996318996 -0.085531682 -0.213534117 -0.983115911 0.021238213 0.181747004 2.413584232
0.184636295 0.081395790 0.979430556 3.141132832 0.010462764 0.996345162 -0.084773883 -0.215327859 -0.982751191 0.025899885 0.183109879 2.418262720
0.186660260 0.080384508 0.979130328 3.163291931 0.013407149 0.996345580 -0.084353775 -0.217259407 -0.982333004 0.028872840 0.184900418 2.422121525
0.190435678 0.080471553 0.978395939 3.186822414 0.010600939 0.996407986 -0.084016383 -0.218960866 -0.981642425 0.026371634 0.188898534 2.426524162
0.195544198 0.080772400 0.977362931 3.209780216 0.009218533 0.996406972 -0.084190637 -0.221131593 -0.980651498 0.025472844 0.194097012 2.431573391
0.202628210 0.079638429 0.976012051 3.234286308 0.011330945 0.996430159 -0.083656847 -0.222706079 -0.979190111 0.028010376 0.201002508 2.436721325
0.209832579 0.080587581 0.974410474 3.257488966 0.008443638 0.996410966 -0.084225357 -0.224254519 -0.977700889 0.025900796 0.208399013 2.441950560
0.218152747 0.078298308 0.972768605 3.281513214 0.008866224 0.996576190 -0.082202911 -0.226240456 -0.975874424 0.026557578 0.216711640 2.447832108
0.226924360 0.078497566 0.970743775 3.305208206 0.005469369 0.996628046 -0.081869200 -0.227799937 -0.973897099 0.023887474 0.225729853 2.453955173
0.236801505 0.077377185 0.968471885 3.330429792 0.004779097 0.996718645 -0.080802530 -0.230114758 -0.971546292 0.023762582 0.235654682 2.460356236
0.246410072 0.081247509 0.965754032 3.355373144 -0.000968312 0.996500015 -0.083587065 -0.232100949 -0.969165146 0.019661540 0.245626301 2.467315912
0.255725086 0.083505750 0.963136196 3.379921198 -0.004052078 0.996346235 -0.085309237 -0.233860940 -0.966741025 0.017913010 0.255129099 2.474419117
0.266647995 0.086437687 0.959910095 3.405246496 -0.008231999 0.996138036 -0.087413229 -0.235634506 -0.963758826 0.015406580 0.266329765 2.481873035
0.276892960 0.088156253 0.956848383 3.430585623 -0.009619345 0.995987058 -0.088978536 -0.237741992 -0.960852683 0.015433275 0.276629776 2.489527702
0.286410093 0.088712581 0.953991354 3.456173182 -0.012762800 0.995968997 -0.088784471 -0.239965707 -0.958022058 0.013253161 0.286387801 2.498068333
0.296745300 0.089237407 0.950778067 3.482724667 -0.013798619 0.995921135 -0.089167736 -0.242124274 -0.954856873 0.013340690 0.296766281 2.506696463
0.306883663 0.090600453 0.947424948 3.509512901 -0.018433420 0.995837808 -0.089259259 -0.244081646 -0.951568425 0.009927931 0.307276428 2.515979767
0.317478508 0.085620619 0.944392145 3.537054777 -0.017923720 0.996279299 -0.084299333 -0.246181995 -0.948096037 0.009836209 0.317831844 2.525491238
0.328037828 0.079007536 0.941354871 3.564464808 -0.014755140 0.996803522 -0.078519516 -0.247962952 -0.944549263 0.011867553 0.328154951 2.535342216
0.339203566 0.074397020 0.937766433 3.592751503 -0.012789905 0.997140467 -0.074481115 -0.250221521 -0.940625966 0.013270319 0.339185119 2.545675755
0.349290729 0.071108684 0.934312344 3.621818781 -0.013282570 0.997391939 -0.070943892 -0.252144039 -0.936920166 0.012369976 0.349324286 2.557222605
0.358555108 0.068732746 0.930974782 3.649631500 -0.006893825 0.997453511 -0.070985720 -0.253789216 -0.933483124 0.019034317 0.358115911 2.568068504
0.367315859 0.063439988 0.927930176 3.679573774 -0.000501381 0.997684479 -0.068010427 -0.255589336 -0.930095971 0.024516067 0.366497219 2.579229355
0.374574900 0.054266531 0.925607264 3.710229397 0.009092811 0.998022854 -0.062191792 -0.257100374 -0.927152097 0.031711858 0.373340845 2.591096163
0.381472021 0.049933821 0.923030674 3.739906311 0.013345192 0.998138368 -0.059512299 -0.259356409 -0.924284041 0.035020299 0.380095512 2.603162050
0.388561040 0.049549632 0.920089781 3.769788742 0.016378649 0.998023808 -0.060663462 -0.261304140 -0.921277404 0.038641278 0.386981636 2.615532398
0.396851748 0.055398457 0.916209400 3.800236464 0.019306405 0.997452378 -0.068673283 -0.263020098 -0.917679548 0.044941816 0.394771278 2.628318787
0.404178321 0.059153818 0.912765443 3.830277443 0.023748115 0.996891558 -0.075121619 -0.265027821 -0.914371789 0.052038990 0.401517183 2.641294718
0.409110188 0.062312838 0.910354853 3.859431982 0.020334478 0.996795297 -0.077367827 -0.267167687 -0.912258387 0.050163560 0.406531990 2.654197454
0.413891971 0.063259535 0.908125281 3.889619350 0.015240828 0.996961176 -0.076394036 -0.268756330 -0.910198390 0.045459468 0.411670208 2.669037104
0.417668968 0.066731274 0.906145453 3.917814255 0.008768305 0.996956885 -0.077460475 -0.271029413 -0.908556879 0.040298201 0.415812820 2.682540417
0.421397358 0.070190325 0.904155672 3.947372913 0.007374797 0.996702075 -0.080811925 -0.273751646 -0.906846166 0.040721901 0.419490039 2.697099447
0.425300390 0.074198157 0.902005672 3.975204229 0.003668949 0.996484220 -0.083699815 -0.276642323 -0.905044734 0.038906984 0.423532933 2.710600138
0.429252297 0.077221423 0.899877310 4.003401756 0.001761256 0.996264935 -0.086332873 -0.278342485 -0.903182924 0.038643502 0.427512914 2.724194050
0.433601260 0.075859450 0.897906125 4.031249523 0.000785678 0.996418059 -0.084561609 -0.280475676 -0.901104569 0.037371479 0.431988508 2.737535477
0.437408417 0.072675794 0.896321416 4.058850765 0.001526014 0.996667564 -0.081556790 -0.283270299 -0.899261713 0.037041422 0.435839862 2.751255989
0.441118985 0.069847398 0.894726396 4.086184978 0.001870933 0.996893108 -0.078745499 -0.285443991 -0.897446752 0.036410104 0.439617723 2.764937878
0.444383889 0.068852305 0.893186629 4.112462044 0.000126395 0.997037172 -0.076920643 -0.288306385 -0.895836473 0.034295186 0.443058521 2.778153419
0.447685003 0.070482239 0.891409218 4.138913631 -0.001673107 0.996952951 -0.077987142 -0.290447056 -0.894189835 0.033422254 0.446438819 2.792204380
0.450600386 0.071021050 0.889896214 4.164433956 -0.000407132 0.996846795 -0.079350434 -0.292496264 -0.892725587 0.035393033 0.449208438 2.804948807
0.452955961 0.069445550 0.888824105 4.189544678 0.000112144 0.996957123 -0.077951357 -0.295259356 -0.891532898 0.035408203 0.451569885 2.817210674
0.454641819 0.068002090 0.888074577 4.214677811 0.003146440 0.996952295 -0.077949926 -0.297210753 -0.890668809 0.038233574 0.453042239 2.830178738
0.456362128 0.067746587 0.887211442 4.239071369 0.002462503 0.996997297 -0.077396400 -0.299327165 -0.889790773 0.037505541 0.454825044 2.843029976
0.457846940 0.067191660 0.886488318 4.263396740 0.002799656 0.997025907 -0.077015854 -0.302028418 -0.889026642 0.037743326 0.456297189 2.856295347
0.460985422 0.068812072 0.884735703 4.286932945 0.003549060 0.996838033 -0.079380266 -0.303368300 -0.887400687 0.039733127 0.459283620 2.868166447
0.463552445 0.068729885 0.883399904 4.310196400 0.005757713 0.996732414 -0.080568612 -0.305868745 -0.886050880 0.042434137 0.461641997 2.880552053
0.466683507 0.067976035 0.881808221 4.333571434 0.007518732 0.996701121 -0.080811955 -0.308078766 -0.884392440 0.044343688 0.464632839 2.892966986
0.469784677 0.066250615 0.880291581 4.356217861 0.010113926 0.996710539 -0.080409795 -0.310288459 -0.882723212 0.046678495 0.467569292 2.905068874
0.473005712 0.065263063 0.878638923 4.378796101 0.012123753 0.996676207 -0.080557264 -0.312240720 -0.880976081 0.048756454 0.470642239 2.917447090
0.477018565 0.064878240 0.876495302 4.399633408 0.013035194 0.996639788 -0.080865532 -0.313750803 -0.878796518 0.049999651 0.474570036 2.927653551
0.480196536 0.064014152 0.874821961 4.421122074 0.013636523 0.996668160 -0.080415308 -0.315967053 -0.877054989 0.050544687 0.477723688 2.940047741
0.483185679 0.063271597 0.873228669 4.442333698 0.015145949 0.996631920 -0.080593780 -0.318094879 -0.875386834 0.052167639 0.480599940 2.952412367
0.487238765 0.064484529 0.870884717 4.462965012 0.014132411 0.996557057 -0.081696659 -0.320227742 -0.873154461 0.052113481 0.484649867 2.963664055
0.491119385 0.064520255 0.868699551 4.483931541 0.016571233 0.996380627 -0.083371982 -0.322332203 -0.870934606 0.055341017 0.488272637 2.976138592
0.495952666 0.067608900 0.865713537 4.503944874 0.014322847 0.996191859 -0.086004071 -0.324672252 -0.868231475 0.055053432 0.493095547 2.988058090
0.501849294 0.073904574 0.861791909 4.525128365 0.011434857 0.995689094 -0.092046045 -0.326034725 -0.864879489 0.056047715 0.498840839 2.999838114
0.507309556 0.080823697 0.857965350 4.544930458 0.006452653 0.995207965 -0.097567886 -0.327843547 -0.861739874 0.055033278 0.504356861 3.012775421
0.513754427 0.087128863 0.853501499 4.564978123 0.001088175 0.994762838 -0.102204382 -0.329958081 -0.857936561 0.053436715 0.510968983 3.024576187
0.520004272 0.091466442 0.849252343 4.585780144 -0.002390641 0.994402051 -0.105635591 -0.332298934 -0.854160309 0.052900702 0.517311990 3.038172960
0.526218891 0.092060313 0.845351100 4.605769157 -0.006608425 0.994535208 -0.104193069 -0.334034115 -0.850323439 0.049241927 0.523951590 3.050241470
0.531954348 0.090955995 0.841873884 4.626853943 -0.013469375 0.994997501 -0.098988570 -0.336556345 -0.846665859 0.041317888 0.530518293 3.063656330
0.536717772 0.088809393 0.839075029 4.646441936 -0.019507715 0.995485544 -0.092886031 -0.338650286 -0.843536258 0.033485141 0.536027312 3.078955412
0.542719066 0.087139010 0.835381746 4.666852951 -0.026734360 0.995891869 -0.086513482 -0.340926528 -0.839488626 0.024619127 0.542819262 3.092393160
0.548214972 0.085039705 0.832002759 4.688599586 -0.029409876 0.996161938 -0.082440101 -0.343370527 -0.835820138 0.020725800 0.548611879 3.108629704
0.553731561 0.088608474 0.827967286 4.710296631 -0.033452421 0.995886564 -0.084206633 -0.345284224 -0.832022905 0.018930364 0.554418087 3.125029564
0.560170829 0.093466401 0.823087275 4.731705189 -0.038108949 0.995469809 -0.087105572 -0.346061289 -0.827500045 0.017427007 0.561195135 3.139833450
0.567494869 0.095695280 0.817796946 4.754069805 -0.040235601 0.995259583 -0.088540472 -0.349333465 -0.822393179 0.017341718 0.568655074 3.153877020
0.574060678 0.097895667 0.812939525 4.776460171 -0.042136110 0.995043695 -0.090070374 -0.351348817 -0.817727864 0.017451750 0.575340390 3.170071125
0.580480397 0.098461606 0.808299363 4.799738884 -0.045914266 0.995040834 -0.088235855 -0.354054630 -0.812978685 0.014106713 0.582122445 3.186960936
0.586342931 0.100844018 0.803761423 4.821668148 -0.052929278 0.994870067 -0.086209640 -0.356296957 -0.808331966 0.008005896 0.588672578 3.205265284
0.593892038 0.099029928 0.798426688 4.846772194 -0.051950186 0.995044887 -0.084774740 -0.357944310 -0.802865803 0.008868631 0.596093774 3.223155022
0.600621462 0.097153746 0.793608785 4.870829105 -0.052286681 0.995237887 -0.082265444 -0.360130131 -0.797821999 0.007915214 0.602841079 3.242522478
