0.999998569 0.000736939 0.001516738 -0.000362875 -0.000730144 0.999989629 -0.004475951 -0.000268998 -0.001520021 0.004474837 0.999988854 0.085088842
0.999996603 -0.001408153 0.002197394 -0.000213220 0.001419924 0.999984622 -0.005364050 -0.000072794 -0.002189807 0.005367152 0.999983132 0.169586554
0.999992132 -0.002952981 0.002626086 -0.000551042 0.002956375 0.999994755 -0.001289165 -0.000199099 -0.002622266 0.001296919 0.999995708 0.254205227
0.999984324 -0.005306274 0.001776353 -0.000211304 0.005297428 0.999973655 0.004947902 -0.000477753 -0.001802561 -0.004938414 0.999986172 0.338721901
0.999961853 -0.008710309 0.000558198 -0.000328852 0.008707419 0.999949574 0.004987032 -0.000339512 -0.000601608 -0.004981982 0.999987364 0.422005028
0.999937594 -0.011166356 -0.000116114 -0.000606720 0.011166566 0.999935567 0.002030625 0.000056208 0.000093432 -0.002031795 0.999997854 0.504805505
0.999929965 -0.011800937 -0.000895492 -0.000801247 0.011799701 0.999929428 -0.001373327 0.000256678 0.000911635 0.001362664 0.999998629 0.587092936
0.999928057 -0.011850444 -0.001900217 -0.000978364 0.011846439 0.999927521 -0.002106664 0.000607744 0.001925044 0.002084002 0.999995947 0.669932485
0.999934554 -0.011097534 -0.002775472 -0.001648513 0.011097553 0.999938428 -0.000009160 0.000134130 0.002775403 -0.000021642 0.999996066 0.752050757
0.999931216 -0.011200571 -0.003489241 -0.002163555 0.011210725 0.999932885 0.002903718 0.000036850 0.003456484 -0.002942635 0.999989629 0.834727764
0.999927521 -0.011112331 -0.004628259 -0.002403065 0.011132597 0.999928474 0.004376166 0.000478041 0.004579298 -0.004427373 0.999979734 0.915574908
0.999915302 -0.012137505 -0.004692174 -0.003673113 0.012162992 0.999911249 0.005441300 0.000510747 0.004625714 -0.005497911 0.999974251 0.996474266
0.999906361 -0.012246887 -0.006103549 -0.003371774 0.012278164 0.999911547 0.005113419 0.000933359 0.006040385 -0.005187882 0.999968290 1.077547431
0.999897957 -0.012558026 -0.006805648 -0.004116228 0.012589557 0.999910116 0.004610197 0.000174401 0.006747142 -0.004695407 0.999966204 1.157307148
0.999887764 -0.012618852 -0.008077940 -0.005474338 0.012634827 0.999918342 0.001929548 0.001308248 0.008052931 -0.002031394 0.999965489 1.238272905
0.999840319 -0.014471155 -0.010480536 -0.005034112 0.014475167 0.999895215 0.000307053 0.001902379 0.010474993 -0.000458712 0.999945045 1.318543792
0.999847114 -0.013460346 -0.011157366 -0.007626271 0.013461866 0.999909401 0.000061300 0.001608242 0.011155529 -0.000211489 0.999937773 1.397839665
0.999852836 -0.011874769 -0.012377214 -0.009531728 0.011859274 0.999928772 -0.001324518 0.002369115 0.012392058 0.001177538 0.999922514 1.476375937
0.999834239 -0.010896283 -0.014587723 -0.010539526 0.010885598 0.999940395 -0.000811808 0.001583569 0.014595698 0.000652877 0.999893248 1.556764245
0.999791741 -0.011437515 -0.016904881 -0.010630278 0.011436996 0.999934554 -0.000127523 0.001748253 0.016905235 -0.000065845 0.999857128 1.636500001
0.999788165 -0.010885795 -0.017475568 -0.013966808 0.010914071 0.999939203 0.001523590 0.001346526 0.017457925 -0.001713996 0.999846041 1.714880586
0.999761343 -0.010649920 -0.019077558 -0.015539581 0.010692549 0.999940515 0.002133890 0.001246574 0.019053701 -0.002337368 0.999815643 1.793830037
0.999731600 -0.011520394 -0.020099644 -0.017856231 0.011563463 0.999931037 0.002027816 0.001394672 0.020074898 -0.002259693 0.999795914 1.870438218
0.999691725 -0.011122510 -0.022196153 -0.019371750 0.011155106 0.999936819 0.001345302 0.001836050 0.022179790 -0.001592488 0.999752760 1.947742939
0.999671042 -0.011500157 -0.022929311 -0.021899847 0.011541311 0.999931991 0.001663313 0.001871109 0.022908626 -0.001927401 0.999735713 2.024819374
0.999639332 -0.011240193 -0.024388287 -0.023667414 0.011335259 0.999928653 0.003763419 0.001928862 0.024344247 -0.004038509 0.999695480 2.100881577
0.999623775 -0.011860184 -0.024736214 -0.026176117 0.012020334 0.999907672 0.006335590 0.002486562 0.024658795 -0.006630545 0.999673903 2.176899433
0.999592006 -0.011954364 -0.025941804 -0.027805911 0.012174119 0.999891162 0.008329705 0.002409795 0.025839407 -0.008642125 0.999628663 2.251643896
0.999595821 -0.011295686 -0.026088472 -0.030680094 0.011481234 0.999909759 0.006973383 0.002826137 0.026007351 -0.007270093 0.999635339 2.324604034
0.999578953 -0.009827499 -0.027299592 -0.032713465 0.009949300 0.999941170 0.004329359 0.003308944 0.027255438 -0.004599147 0.999617934 2.396724701
0.999574661 -0.009640051 -0.027520791 -0.035685044 0.009713451 0.999949634 0.002534695 0.003526683 0.027494969 -0.002800940 0.999617934 2.467061043
0.999570549 -0.008267505 -0.028108878 -0.038731862 0.008334924 0.999962687 0.002282210 0.003822095 0.028088959 -0.002515516 0.999602258 2.537957907
0.999528110 -0.008458730 -0.029529391 -0.040963504 0.008510047 0.999962449 0.001612480 0.003879515 0.029514639 -0.001863015 0.999562621 2.607694626
0.999468744 -0.008578843 -0.031443030 -0.043725431 0.008599902 0.999962926 0.000534552 0.004003705 0.031437270 -0.000804674 0.999505460 2.678275824
0.999390602 -0.008657758 -0.033818670 -0.045506947 0.008689051 0.999961913 0.000778441 0.003626298 0.033810649 -0.001071818 0.999427617 2.746292591
0.999322414 -0.008999256 -0.035689969 -0.048130367 0.009084270 0.999956310 0.002220603 0.003584593 0.035668418 -0.002543315 0.999360442 2.813938379
0.999238133 -0.008920550 -0.037992779 -0.050853487 0.009078119 0.999950826 0.003976768 0.004507865 0.037955437 -0.004318641 0.999270082 2.881665230
0.999173164 -0.008321546 -0.039796941 -0.054456383 0.008547131 0.999948323 0.005501612 0.004542983 0.039749105 -0.005837214 0.999192595 2.947836637
0.999105275 -0.006770615 -0.041746311 -0.057392448 0.007016543 0.999958873 0.005747313 0.004673835 0.041705683 -0.006035086 0.999111652 3.013050318
0.999013126 -0.004296591 -0.044206768 -0.060548544 0.004521930 0.999977231 0.004998652 0.005005644 0.044184282 -0.005193618 0.999009907 3.075948000
0.998960733 -0.002806577 -0.045490786 -0.064209834 0.002999189 0.999986827 0.004166380 0.005363590 0.045478493 -0.004298486 0.998956084 3.140082598
0.998864889 -0.002584387 -0.047561318 -0.066828415 0.002841797 0.999981642 0.005345372 0.005642765 0.047546633 -0.005474464 0.998854041 3.204787731
0.998838544 -0.000962174 -0.048172936 -0.070944950 0.001308577 0.999973536 0.007159798 0.006083591 0.048164770 -0.007214521 0.998813331 3.264765739
0.998839140 0.001821440 -0.048136421 -0.074862510 -0.001431694 0.999965906 0.008129936 0.005449813 0.048149586 -0.008051581 0.998807728 3.326086760
0.998877048 0.005091780 -0.047103554 -0.077853277 -0.004815398 0.999970555 0.005979167 0.005700850 0.047132604 -0.005745629 0.998872101 3.384745121
0.998940945 0.006811183 -0.045504048 -0.080649957 -0.006682167 0.999973297 0.002986796 0.005677067 0.045523182 -0.002679568 0.998959661 3.442117691
0.999039292 0.007149492 -0.043235756 -0.083658405 -0.007127779 0.999974370 0.000656321 0.006828114 0.043239344 -0.000347516 0.999064624 3.499525547
0.999161422 0.007718015 -0.040209942 -0.086098820 -0.007687347 0.999970019 0.000917247 0.007943968 0.040215820 -0.000607370 0.999190807 3.557423592
0.999238729 0.012904764 -0.036814958 -0.089231700 -0.012753450 0.999909282 0.004342058 0.006703840 0.036867648 -0.003869236 0.999312639 3.613011360
0.999316454 0.017096179 -0.032776874 -0.092351981 -0.016848229 0.999827325 0.007826073 0.006815340 0.032905009 -0.007268491 0.999432027 3.668025494
0.999335527 0.022200238 -0.028907908 -0.093833916 -0.021951534 0.999719501 0.008892367 0.006678248 0.029097209 -0.008251884 0.999542534 3.722521782
0.999406636 0.025091970 -0.023596313 -0.095507711 -0.024890704 0.999651551 0.008785069 0.007962866 0.023808528 -0.008192527 0.999682903 3.774068117
0.999393702 0.030258363 -0.017221848 -0.097644784 -0.030067140 0.999484420 0.011256440 0.007383991 0.017553573 -0.010731803 0.999788344 3.823638916
0.999319553 0.035176966 -0.011096088 -0.097685881 -0.035037994 0.999308050 0.012479655 0.007624313 0.011527408 -0.012082377 0.999860585 3.872716904
0.999266326 0.038157795 -0.003288215 -0.099994317 -0.038114570 0.999197185 0.012333553 0.007398609 0.003756197 -0.012199176 0.999918520 3.921022892
0.999122024 0.041709129 0.003947067 -0.100182056 -0.041754149 0.999054432 0.012107564 0.008163616 -0.003438339 -0.012261738 0.999918878 3.966179848
0.998876095 0.046053905 0.011211529 -0.099465489 -0.046186343 0.998862445 0.011854668 0.008015893 -0.010652820 -0.012359163 0.999866903 4.009745598
0.998552203 0.050189335 0.019349538 -0.100164056 -0.050374772 0.998687863 0.009218116 0.008004824 -0.018861499 -0.010179499 0.999770284 4.050216198
0.998224616 0.052675601 0.027801104 -0.100387216 -0.052865870 0.998582661 0.006153378 0.008230105 -0.027437570 -0.007612183 0.999594450 4.089989662
0.997941852 0.053096909 0.035955258 -0.099398121 -0.053356409 0.998555720 0.006295888 0.007548323 -0.035569031 -0.008201374 0.999333560 4.127669334
0.997687876 0.052342657 0.043349374 -0.096675515 -0.052713819 0.998581886 0.007462922 0.007995356 -0.042897269 -0.009730779 0.999032021 4.162604332
0.997220576 0.054051720 0.051278204 -0.094712898 -0.054543562 0.998477399 0.008240132 0.008113137 -0.050754733 -0.011014124 0.998650372 4.194614887
0.996571243 0.056839336 0.060123932 -0.093128413 -0.057439417 0.998314500 0.008298635 0.008100322 -0.059550896 -0.011723664 0.998156369 4.226327896
0.995690227 0.061721455 0.069219761 -0.091795802 -0.062392671 0.998022854 0.007575070 0.008226071 -0.068615362 -0.011861230 0.997572601 4.254732609
0.994831741 0.065429166 0.077644497 -0.088342488 -0.066221356 0.997775495 0.007669339 0.008501418 -0.076969966 -0.012771425 0.996951580 4.281624794
0.994079292 0.064820625 0.087204345 -0.086907476 -0.065796956 0.997797847 0.008365568 0.008084875 -0.086470038 -0.014053817 0.996155322 4.306426048
0.993123233 0.063986547 0.098040715 -0.083961964 -0.064949013 0.997866392 0.006653864 0.007917155 -0.097405769 -0.012975752 0.995160162 4.330134869
0.992007434 0.062444024 0.109644324 -0.080515236 -0.063068524 0.998006642 0.002233522 0.007412523 -0.109286293 -0.009130772 0.993968368 4.352586269
0.990416586 0.063271061 0.122766927 -0.076572776 -0.063483492 0.997980475 -0.002184447 0.008053370 -0.122657225 -0.005630162 0.992433131 4.376019001
0.988225877 0.065116286 0.138453990 -0.072998047 -0.065153696 0.997866154 -0.004266854 0.007719308 -0.138436407 -0.004804175 0.990359724 4.399116516
0.985782921 0.066609405 0.154257119 -0.067607820 -0.066544078 0.997767806 -0.005592627 0.007090041 -0.154285327 -0.004751783 0.988014936 4.420408726
0.982874751 0.067366958 0.171519503 -0.063941956 -0.067187265 0.997716725 -0.006859117 0.007427244 -0.171589941 -0.004782274 0.985156834 4.443736076
0.979611635 0.066290624 0.189648241 -0.058701336 -0.065831691 0.997792602 -0.008725532 0.008534133 -0.189807981 -0.003937233 0.981813312 4.466368198
0.975776732 0.065459892 0.208745718 -0.052056968 -0.065071426 0.997842312 -0.008735310 0.007766407 -0.208867133 -0.005059669 0.977930903 4.487442493
0.971184313 0.065598942 0.229124039 -0.046727777 -0.065140240 0.997830153 -0.009573134 0.006420102 -0.229254842 -0.005627918 0.973350108 4.507965088
0.965848148 0.067941092 0.250042707 -0.039568424 -0.067003638 0.997677267 -0.012269630 0.007073127 -0.250295520 -0.004903175 0.968157053 4.530459404
0.959452987 0.069262564 0.273226291 -0.032879472 -0.068005987 0.997585595 -0.014079104 0.005930968 -0.273541749 -0.005072787 0.961846769 4.551329613
0.952077448 0.070368499 0.297652096 -0.024768591 -0.068926573 0.997503579 -0.015351452 0.005724832 -0.297989279 -0.005900369 0.954550982 4.572770596
0.943587303 0.073368251 0.322893351 -0.015226364 -0.071841590 0.997276783 -0.016660780 0.005767599 -0.323236436 -0.007476276 0.946288705 4.594682217
0.933760405 0.075337127 0.349879652 -0.006474733 -0.073807284 0.997115016 -0.017724514 0.004965611 -0.350205570 -0.009273222 0.936626971 4.614084244
0.922451735 0.076287068 0.378501147 0.004163146 -0.074614160 0.997029364 -0.019108275 0.004081137 -0.378834516 -0.010615080 0.925403595 4.635032654
0.909957647 0.074374981 0.407977194 0.016844869 -0.071844310 0.997183144 -0.021545770 0.003543817 -0.408430457 -0.009705107 0.912737906 4.655464172
0.894948423 0.071777724 0.440358102 0.029520392 -0.068033829 0.997386932 -0.024306105 0.002953261 -0.440952063 -0.008206536 0.897493184 4.675302982
0.877623677 0.070795082 0.474093586 0.042153358 -0.065139860 0.997472882 -0.028365444 0.001791641 -0.474903673 -0.005988211 0.880017340 4.694169044
0.858168662 0.072440907 0.508231044 0.057418108 -0.064338692 0.997364879 -0.033521291 0.001213163 -0.509320140 -0.003932000 0.860568106 4.713946342
0.836525381 0.074090943 0.542895615 0.073968887 -0.063595019 0.997247815 -0.038107120 0.000091121 -0.544224977 -0.002647887 0.838935137 4.734189987
0.811710358 0.077378854 0.578911722 0.090231895 -0.065047853 0.996995568 -0.042055387 -0.000754431 -0.580426574 -0.003520170 0.814304948 4.753877640
0.784330487 0.081496783 0.614966691 0.109473467 -0.068096682 0.996653080 -0.045227990 -0.001758739 -0.616594255 -0.006403493 0.787255049 4.774341583
0.754693031 0.085464314 0.650487661 0.131274939 -0.071237303 0.996291816 -0.048248556 -0.003101289 -0.652199149 -0.009926137 0.757982731 4.795232773
0.721242011 0.086861566 0.687215447 0.153106451 -0.071287006 0.996146441 -0.051092632 -0.004509330 -0.689005196 -0.012139370 0.724654734 4.816369057
0.684530556 0.084108807 0.724115908 0.178531885 -0.067325495 0.996370614 -0.052087229 -0.006573081 -0.725868642 -0.013096153 0.687708676 4.837224007
0.645247161 0.082908891 0.759461761 0.203907251 -0.064651713 0.996453822 -0.053851999 -0.008136496 -0.761233330 -0.014352649 0.648319244 4.855596542
0.603025258 0.082588956 0.793435335 0.237777472 -0.062705442 0.996456087 -0.056064196 -0.009863645 -0.795253754 -0.015944581 0.606067002 4.877322197
0.557110369 0.081757821 0.826404095 0.270131111 -0.058472987 0.996533871 -0.059170254 -0.012148798 -0.828377306 -0.015357948 0.559960008 4.895747662
0.508652568 0.080433853 0.857206523 0.304330826 -0.055140115 0.996625960 -0.060796678 -0.014654636 -0.859204412 -0.016342085 0.511371374 4.913768291
0.460288674 0.079409294 0.884210646 0.342469573 -0.053947974 0.996652722 -0.061424106 -0.016223565 -0.886128664 -0.019428557 0.463031918 4.929891586
0.410271168 0.076729611 0.908729911 0.382206917 -0.053133566 0.996772707 -0.060174983 -0.018788114 -0.910414398 -0.023596007 0.413024038 4.945541859
0.360295415 0.076650709 0.929683805 0.423264503 -0.056418497 0.996584535 -0.060301773 -0.020496055 -0.931130588 -0.030724913 0.363389283 4.959288597
0.311088711 0.077384144 0.947225153 0.465919375 -0.054335516 0.996497571 -0.063564554 -0.022409394 -0.948826373 -0.031693764 0.314203829 4.971194744
0.264323533 0.073252745 0.961648047 0.509302497 -0.043247331 0.997008622 -0.064059108 -0.026587047 -0.963464022 -0.024656387 0.266700804 4.978544712
0.220130771 0.067994669 0.973097742 0.557078123 -0.029556863 0.997574508 -0.063018739 -0.028188549 -0.975022495 -0.014889352 0.221606568 4.986086369
0.177891448 0.067405917 0.981738806 0.605338693 -0.020451888 0.997688949 -0.064795159 -0.030535497 -0.983837545 -0.008551910 0.178858936 4.991854191
0.139358312 0.068644956 0.987859845 0.655727267 -0.017062040 0.997612834 -0.066915691 -0.033061679 -0.990095019 -0.007529644 0.140196860 4.997079372
0.106121771 0.069259748 0.991938174 0.708374321 -0.008645792 0.997597814 -0.068729959 -0.036981061 -0.994315505 -0.001282343 0.106465660 5.001671314
0.077762291 0.067749791 0.994667292 0.760649264 -0.001056711 0.997693360 -0.067873292 -0.039851174 -0.996971369 0.004226907 0.077654496 5.002391815
0.052796219 0.066243641 0.996405780 0.813704729 0.006443016 0.997753918 -0.066674672 -0.042641271 -0.998584509 0.009940029 0.052250825 5.003665447
0.033085730 0.065340824 0.997314334 0.870938778 0.010665546 0.997780681 -0.065725222 -0.045477930 -0.999395609 0.012811471 0.032315411 5.003336906
0.016684255 0.067183733 0.997601092 0.927779794 0.013666761 0.997631311 -0.067414343 -0.048417076 -0.999767423 0.014758734 0.015726555 5.004813194
0.003327550 0.066831976 0.997758687 0.985940695 0.013770528 0.997666538 -0.066871747 -0.052186102 -0.999899626 0.013962185 0.002399475 5.003769875
-0.007912094 0.067777246 0.997669041 1.044244409 0.015368525 0.997590780 -0.067650050 -0.055231430 -0.999850571 0.014797450 -0.008934669 5.002497673
-0.017251525 0.070522442 0.997361124 1.105677724 0.019774284 0.997338355 -0.070178822 -0.059431091 -0.999655604 0.018511409 -0.018600142 5.000473022
-0.023786478 0.072446287 0.997088671 1.166738868 0.024032507 0.997124016 -0.071875542 -0.062825739 -0.999428153 0.022252876 -0.025459135 4.998393059
-0.028422438 0.071898840 0.997006893 1.230578065 0.024498327 0.997160316 -0.071211509 -0.066473812 -0.999295771 0.022400996 -0.030103127 4.996226311
-0.031886194 0.069503173 0.997071981 1.294448256 0.022119403 0.997383952 -0.068817541 -0.069327034 -0.999246716 0.019860307 -0.033340149 4.994146824
-0.034553614 0.062375277 0.997454405 1.360989809 0.020197373 0.997890174 -0.061702859 -0.073718518 -0.999198735 0.018013898 -0.035740532 4.992301941
-0.035474818 0.057023946 0.997742414 1.426521540 0.021376437 0.998185694 -0.056289241 -0.076900132 -0.999141872 0.019331327 -0.036629431 4.989500523
-0.035640720 0.054404542 0.997882605 1.494226456 0.023850683 0.998278975 -0.053574290 -0.080291659 -0.999080002 0.021890758 -0.036876965 4.986205101
-0.035650793 0.056539882 0.997763634 1.563678741 0.027317325 0.998080313 -0.055581767 -0.084443845 -0.998990893 0.025274700 -0.037126869 4.983307362
-0.034888674 0.063940391 0.997343600 1.631597042 0.027976491 0.997622669 -0.062979609 -0.088079222 -0.998999536 0.025704902 -0.036594555 4.981350899
-0.032639321 0.071605697 0.996898770 1.699435949 0.028811229 0.997083187 -0.070675634 -0.092213161 -0.999051809 0.026415078 -0.034607165 4.979526043
-0.030636361 0.072882250 0.996869922 1.773353338 0.029957039 0.996956944 -0.071967945 -0.094597414 -0.999081552 0.027658435 -0.032726463 4.976964474
-0.028327877 0.068441302 0.997252882 1.845052958 0.029331362 0.997280538 -0.067610018 -0.098844670 -0.999168158 0.027335534 -0.030258317 4.974950314
-0.025192242 0.061541714 0.997786522 1.914113998 0.028667681 0.997737229 -0.060814872 -0.104053862 -0.999271572 0.027072163 -0.026899489 4.973497868
-0.022899104 0.060312960 0.997916818 1.992835164 0.027073523 0.997849822 -0.059687659 -0.108160980 -0.999371231 0.025650324 -0.024482751 4.971382618
-0.019361293 0.066182464 0.997619629 2.063629389 0.034658957 0.997251391 -0.065485381 -0.111587510 -0.999211669 0.033308577 -0.021601891 4.968777657
-0.015875779 0.071215235 0.997334599 2.134604216 0.036404938 0.996840119 -0.070600428 -0.116676077 -0.999211013 0.035187066 -0.018418200 4.967603683
-0.014109174 0.071847513 0.997315824 2.210426092 0.030192904 0.996990919 -0.071396977 -0.121232077 -0.999444485 0.029104510 -0.016236003 4.968502522
-0.010644651 0.068555668 0.997590542 2.283470869 0.025637701 0.997337759 -0.068264730 -0.125399917 -0.999614537 0.024849277 -0.012373922 4.968903542
-0.005589966 0.065135069 0.997860789 2.356501818 0.030089993 0.997435510 -0.064938739 -0.130129680 -0.999531507 0.029662620 -0.007535544 4.967501640
-0.002437905 0.065765515 0.997832119 2.431045771 0.034255713 0.997254968 -0.065643780 -0.135900691 -0.999410152 0.034021426 -0.004684058 4.966906548
0.000860545 0.070250921 0.997528970 2.502966166 0.033654597 0.996962309 -0.070240036 -0.140256748 -0.999433160 0.033631884 -0.001506335 4.965840816
0.004368559 0.070457697 0.997505188 2.576269865 0.029932447 0.997058630 -0.070557237 -0.145984933 -0.999542356 0.030166002 0.002246738 4.967887402
0.007640196 0.070462488 0.997485161 2.650702000 0.029474068 0.997065008 -0.070658565 -0.149891615 -0.999536335 0.029939795 0.005540956 4.969650745
0.010841360 0.067324191 0.997672200 2.724061489 0.033307672 0.997152984 -0.067651093 -0.155175641 -0.999386311 0.033963572 0.008568082 4.970919609
0.014904005 0.067698613 0.997594476 2.795369148 0.037798040 0.996954024 -0.068219841 -0.159844533 -0.999174297 0.038723864 0.012299731 4.970493317
0.018278480 0.068653375 0.997473061 2.870270967 0.040948503 0.996751368 -0.069354080 -0.164753631 -0.998994052 0.042112716 0.015407848 4.972157001
0.020730451 0.068654396 0.997425079 2.943356514 0.041296639 0.996729255 -0.069464825 -0.169240072 -0.998931825 0.042630333 0.017827451 4.974382401
0.025075521 0.067696303 0.997390866 3.018141031 0.042204555 0.996743381 -0.068713434 -0.173144892 -0.998794258 0.043817446 0.022136761 4.974291801
0.028245978 0.065704241 0.997439265 3.092321396 0.045110192 0.996737182 -0.066935413 -0.179731116 -0.998582602 0.046885341 0.025189886 4.977221489
0.030740408 0.066097617 0.997339487 3.164983988 0.043286256 0.996786952 -0.067395173 -0.184010893 -0.998589635 0.045242853 0.027780516 4.980202675
0.033716869 0.068133369 0.997106373 3.237724781 0.040336039 0.996768057 -0.069474205 -0.187826142 -0.998617113 0.042561773 0.030859668 4.983551025
0.036839422 0.067168802 0.997061372 3.314976692 0.042602669 0.996725976 -0.068720289 -0.193908960 -0.998412728 0.045009084 0.033857238 4.985787868
0.039923765 0.067908607 0.996892393 3.390647650 0.040176477 0.996771932 -0.069509387 -0.197789639 -0.998394668 0.042826701 0.037066557 4.988599777
0.041910823 0.068272322 0.996786058 3.464076042 0.038314760 0.996818960 -0.069885567 -0.202342838 -0.998386323 0.041120581 0.039161664 4.992853165
0.045245063 0.068332337 0.996636152 3.539089203 0.035317920 0.996924758 -0.069955476 -0.207352698 -0.998351395 0.038364254 0.042692572 4.996060371
0.047940824 0.070241757 0.996377349 3.614875317 0.034273595 0.996821225 -0.071922131 -0.212296724 -0.998261988 0.037597444 0.045380995 5.000977993
0.051321737 0.073893011 0.995944738 3.690320969 0.032632135 0.996602416 -0.075623363 -0.217365190 -0.998148918 0.036380921 0.048736081 5.004718304
0.054765508 0.075973615 0.995604694 3.766126156 0.033166066 0.996412516 -0.077859648 -0.222743630 -0.997948349 0.037284311 0.052049290 5.009406567
0.057750359 0.078279004 0.995257378 3.843466997 0.027441105 0.996420205 -0.079962723 -0.227730349 -0.997953832 0.031928837 0.055395547 5.014343739
0.060426727 0.077212431 0.995181799 3.921111822 0.023453571 0.996618629 -0.078747995 -0.233352154 -0.997897029 0.028099053 0.058411490 5.020331383
0.063857563 0.077420890 0.994951367 3.998515844 0.025465699 0.996535122 -0.079178557 -0.239714026 -0.997633994 0.030393284 0.061664730 5.026259899
0.068349123 0.078498282 0.994568467 4.073393345 0.025594573 0.996433735 -0.080404423 -0.244786650 -0.997333109 0.030951127 0.066096224 5.028759956
0.071239188 0.080004618 0.994245589 4.152522087 0.020293457 0.996455550 -0.081636526 -0.250326067 -0.997252822 0.025992395 0.069363117 5.037275314
0.075976007 0.078157984 0.994041741 4.231225967 0.019531921 0.996615231 -0.079853185 -0.255758375 -0.996918440 0.025482466 0.074192271 5.042691708
0.080428392 0.077963904 0.993706703 4.307940006 0.019941790 0.996610880 -0.079805829 -0.262010783 -0.996560872 0.026234942 0.078601077 5.050081253
0.085071571 0.081611849 0.993026793 4.389478683 0.015921721 0.996401370 -0.083253160 -0.268392175 -0.996247649 0.022893177 0.083466023 5.058187962
0.090943061 0.089710794 0.991807103 4.467781067 0.013437631 0.995732963 -0.091298059 -0.275433719 -0.995765448 0.021630462 0.089349493 5.066289902
0.098870732 0.094545260 0.990598679 4.548958302 0.011349789 0.995304406 -0.096127190 -0.282150000 -0.995035589 0.020747254 0.097333401 5.073233128
0.105866663 0.098066881 0.989532769 4.626492977 0.007711196 0.995014131 -0.099435121 -0.287681669 -0.994350493 0.018157344 0.104582623 5.083219528
0.112814337 0.096487977 0.988920093 4.705762863 0.004270104 0.995217562 -0.097589538 -0.294537008 -0.993606865 0.015232288 0.111862786 5.093831062
0.120582007 0.094417192 0.988203049 4.784631252 0.003617821 0.995418251 -0.095548011 -0.302785307 -0.992696702 0.015096512 0.119687952 5.103306293
0.128298759 0.091036730 0.987548292 4.866020203 0.004348318 0.995716631 -0.092354625 -0.308736295 -0.991725981 0.016143160 0.127353340 5.113055229
0.135137588 0.085579045 0.987124145 4.947235107 0.000571754 0.996256232 -0.086449020 -0.316841394 -0.990826666 0.012246907 0.134582758 5.126264095
0.141486526 0.078082114 0.986855984 5.027978897 -0.001598012 0.996901214 -0.078647807 -0.322903395 -0.989938915 0.009550598 0.141172901 5.140318394
0.149792388 0.075413667 0.985837162 5.106945038 -0.001784876 0.997105837 -0.076004483 -0.329899251 -0.988715827 0.009625294 0.149493471 5.151344299
0.156881675 0.077354677 0.984583378 5.184475422 -0.001419133 0.996944606 -0.078099713 -0.335734099 -0.987616420 0.010855160 0.156512097 5.164069653
0.162818640 0.083895259 0.983082712 5.263785362 -0.000497710 0.996385276 -0.084948070 -0.341495216 -0.986656010 0.013341836 0.162271872 5.177817345
0.167684704 0.087640487 0.981937289 5.339992523 -0.002833287 0.996079326 -0.088418871 -0.347661376 -0.985836565 0.012044379 0.167275622 5.191297054
0.172603816 0.090058304 0.980865657 5.416393280 -0.004346373 0.995871425 -0.090671234 -0.355095118 -0.984981775 0.011386991 0.172282636 5.206483364
0.177915156 0.089993909 0.979921997 5.493868828 -0.006678613 0.995896876 -0.090248421 -0.361700088 -0.984023154 0.009512042 0.177786171 5.220965385
0.183123469 0.086994246 0.979233205 5.569308281 -0.002682749 0.996117532 -0.087992541 -0.368332505 -0.983086288 0.013486462 0.182645887 5.235002518
0.188428760 0.080314688 0.978797257 5.644813061 -0.001768177 0.996676564 -0.081441365 -0.374384582 -0.982085228 0.013615211 0.187944546 5.248029232
0.191394031 0.074337758 0.978694081 5.718341827 -0.003853907 0.997176945 -0.074987985 -0.380081713 -0.981505692 0.010580454 0.191140205 5.263757706
0.194775596 0.071321577 0.978251398 5.791224957 -0.007281532 0.997430563 -0.071270093 -0.385573059 -0.980820835 0.006758503 0.194794491 5.279489517
0.197805017 0.071109869 0.977658689 5.862769604 -0.009041073 0.997455180 -0.070720531 -0.391144514 -0.980199635 0.005149793 0.197944567 5.294767857
0.199561834 0.072993957 0.977162659 5.933128357 -0.011656323 0.997327805 -0.072119780 -0.396624923 -0.979815900 0.003002228 0.199879408 5.310413361
0.200638533 0.077827297 0.976569057 6.001115799 -0.016017467 0.996966779 -0.076162063 -0.401840031 -0.979534447 -0.000361119 0.201276556 5.325768948
0.203128248 0.081643842 0.975742400 6.071012497 -0.016590159 0.996661484 -0.079940528 -0.406841934 -0.979011595 0.000050458 0.203804582 5.341141701
0.204839528 0.087165006 0.974906683 6.137763023 -0.017576855 0.996193767 -0.085375145 -0.411782652 -0.978637755 0.000352415 0.205591977 5.356437206
0.207360715 0.088964716 0.974210858 6.205787659 -0.016571630 0.996032774 -0.087430209 -0.417863160 -0.978124142 0.001985331 0.208012357 5.369595528
0.207671672 0.088951811 0.974145830 6.271921635 -0.019214563 0.996035695 -0.086854413 -0.423269093 -0.978009820 -0.000680585 0.208557561 5.386716366
0.208597377 0.086127765 0.974201858 6.337344646 -0.018771237 0.996283829 -0.084060676 -0.428689003 -0.977821410 -0.000752134 0.209438920 5.400332928
0.209546179 0.083422467 0.974233627 6.400784492 -0.018553799 0.996513784 -0.081339583 -0.434361070 -0.977622688 -0.001031335 0.210363448 5.413529396
0.209129795 0.082307316 0.974417925 6.465513229 -0.017272236 0.996607006 -0.080474630 -0.439215958 -0.977735341 -0.000000733 0.209841818 5.428848743
0.207149282 0.081731111 0.974889338 6.528435707 -0.017175971 0.996654391 -0.079906181 -0.443821341 -0.978158534 -0.000192160 0.207860053 5.443910599
0.205376118 0.082669981 0.975185275 6.589777470 -0.019427335 0.996573925 -0.080391742 -0.449642986 -0.978490353 -0.002434704 0.206278533 5.456984043
0.203368649 0.085177824 0.975390077 6.650289536 -0.019655231 0.996363103 -0.082911208 -0.455130279 -0.978904903 -0.002309978 0.204303220 5.470244884
0.200577259 0.088875122 0.975638270 6.710039616 -0.017461909 0.996042728 -0.087143928 -0.460474610 -0.979522228 0.000442584 0.201335430 5.484058380
0.199965149 0.089729376 0.975685775 6.769184113 -0.014469091 0.995959759 -0.088628471 -0.464332700 -0.979696214 0.003605320 0.200455546 5.494655609
0.197548449 0.088430189 0.976296365 6.826565266 -0.016559370 0.996081829 -0.086871579 -0.469880641 -0.980153263 0.000994494 0.198238805 5.505438328
0.195494279 0.085776791 0.976946354 6.884055138 -0.017174883 0.996314347 -0.084040470 -0.474561393 -0.980554521 -0.000349509 0.196246967 5.516502380
0.192897394 0.081247285 0.977849364 6.941064835 -0.016671471 0.996693552 -0.079524256 -0.480333239 -0.981077313 -0.000962164 0.193614095 5.528803349
0.191183835 0.080626592 0.978237212 6.995459557 -0.012689202 0.996740401 -0.079671703 -0.484809905 -0.981472254 0.002818889 0.191583708 5.538657188
0.189155161 0.082265884 0.978495002 7.049822807 -0.008715988 0.996585846 -0.082101941 -0.489118218 -0.981908560 0.007001453 0.189226359 5.549654484
0.187240452 0.083707213 0.978740990 7.103715897 -0.004664167 0.996427178 -0.084327519 -0.494097829 -0.982303143 0.011224513 0.186961874 5.558639050
0.185066864 0.086001053 0.978955567 7.156989574 -0.005349133 0.996236920 -0.086507969 -0.497462720 -0.982711315 0.010773199 0.184830487 5.569593906
0.184159562 0.088351578 0.978917301 7.209795475 -0.005818730 0.996032357 -0.088801615 -0.502308607 -0.982879162 0.010657609 0.183942959 5.578590393
0.183335513 0.087480873 0.979150116 7.264765263 -0.004452700 0.996096253 -0.088161170 -0.505865574 -0.983040273 0.011803212 0.183009356 5.588361263
0.183759555 0.085332043 0.979260385 7.317723274 0.001965804 0.996191025 -0.087176241 -0.510761380 -0.982969284 0.017944502 0.182891846 5.598186016
0.185820132 0.083576582 0.979022920 7.372220039 0.006702187 0.996245027 -0.086318858 -0.515015721 -0.982560933 0.022601379 0.184562206 5.607635975
0.187984452 0.082980201 0.978660405 7.427012920 0.009537549 0.996223390 -0.086301349 -0.519651532 -0.982125700 0.025557334 0.186483070 5.618301868
0.191233113 0.082872659 0.978039920 7.480226994 0.006546024 0.996299505 -0.085699797 -0.523556352 -0.981522858 0.022790909 0.189982980 5.629351616
0.196514085 0.083455116 0.976942837 7.537032604 0.005286281 0.996266484 -0.086169153 -0.528574705 -0.980486751 0.022097852 0.195339218 5.641320229
0.203320056 0.082197815 0.975655854 7.592525959 0.006530900 0.996333718 -0.085300893 -0.532975614 -0.979090571 0.023715297 0.202037826 5.652922630
0.210238010 0.082758680 0.974141121 7.647957802 0.004510208 0.996318042 -0.085616112 -0.536751509 -0.977639914 0.022393342 0.209090665 5.666849613
0.218977004 0.080398120 0.972411990 7.705080986 0.005215711 0.996488810 -0.083563283 -0.541364312 -0.975716114 0.023370259 0.217788756 5.679436684
0.227972433 0.080151320 0.970362902 7.762651443 0.001680302 0.996572196 -0.082710937 -0.546329379 -0.973666251 0.020486316 0.227056265 5.694177151
0.237204462 0.080168366 0.968146205 7.819860458 0.000117169 0.996586680 -0.082552120 -0.550761878 -0.971459687 0.019695170 0.236385420 5.709605217
0.247412384 0.083377182 0.965316176 7.878130913 -0.004453524 0.996377945 -0.084918648 -0.555592895 -0.968900025 0.016710866 0.246887550 5.725373268
0.256514549 0.085739881 0.962729871 7.935335159 -0.008086699 0.996213198 -0.086567186 -0.559525251 -0.966506481 0.014420441 0.256236553 5.742200851
0.267298013 0.088765927 0.959516764 7.995508194 -0.012709621 0.995986342 -0.088599175 -0.563522339 -0.963530064 0.011487288 0.267353386 5.760070324
0.277496099 0.090364330 0.956467569 8.054937363 -0.013608994 0.995836556 -0.090135477 -0.568831921 -0.960630357 0.011995682 0.277570456 5.778620720
0.286974579 0.091206700 0.953586340 8.116454124 -0.016676765 0.995781898 -0.090223774 -0.573985636 -0.957792997 0.009989194 0.287285030 5.799507141
0.297422945 0.091488197 0.950352311 8.177718163 -0.017706575 0.995755613 -0.090317607 -0.579135835 -0.954581618 0.010035040 0.297780514 5.818824768
0.307716161 0.092649899 0.946956515 8.241159439 -0.022266047 0.995676398 -0.090181202 -0.583885014 -0.951217651 0.006665235 0.308448672 5.840614319
0.318278253 0.087873742 0.943915844 8.304270744 -0.021512130 0.996107697 -0.085478880 -0.588590145 -0.947753251 0.006900429 0.318929732 5.862475395
0.328608096 0.080769278 0.941006362 8.369682312 -0.017965717 0.996690810 -0.079275049 -0.593676269 -0.944295526 0.009144567 0.328971803 5.886420250
0.339922339 0.076295383 0.937353551 8.435114861 -0.016373888 0.997032821 -0.075215109 -0.598691821 -0.940310955 0.010219180 0.340163052 5.909904003
0.350153655 0.073283359 0.933821082 8.502183914 -0.017310785 0.997270823 -0.071771696 -0.603480756 -0.936532259 0.008965947 0.350466639 5.935849190
0.359418213 0.070827745 0.930484772 8.569488525 -0.011785288 0.997380495 -0.071367480 -0.608291566 -0.933102250 0.014684742 0.359311432 5.962587357
0.368152410 0.065217488 0.927475333 8.640378952 -0.004421921 0.997648418 -0.068396628 -0.612113059 -0.929754972 0.021079164 0.367574990 5.989889145
0.374887317 0.056160394 0.925367832 8.710617065 0.004895304 0.998029590 -0.062553450 -0.616076827 -0.927057445 0.027980447 0.373873681 6.018395424
0.382232517 0.051225230 0.922645211 8.781540871 0.010468593 0.998158157 -0.059754632 -0.621000171 -0.924006879 0.032498959 0.380992234 6.046229362
0.389793932 0.050866317 0.919496179 8.853425026 0.013072939 0.998067141 -0.060754731 -0.625338078 -0.920809329 0.035702340 0.388375491 6.076156616
0.397712588 0.057658888 0.915696502 8.925621033 0.014857148 0.997487962 -0.069261931 -0.629533768 -0.917389810 0.041150976 0.395856798 6.106945038
0.404361635 0.062019683 0.912493944 8.993806839 0.018675743 0.996930242 -0.076034538 -0.633364975 -0.914408505 0.047786959 0.401962072 6.137640476
0.409742564 0.064132079 0.909943998 9.063580513 0.016896756 0.996820748 -0.077863604 -0.638294101 -0.912044764 0.047279127 0.407356262 6.169312477
0.413681060 0.065943889 0.908030391 9.134127617 0.009360551 0.997012556 -0.076670520 -0.644719660 -0.910373747 0.040216807 0.411827922 6.204690933
0.417833835 0.069649510 0.905849814 9.200703621 0.002662440 0.996959031 -0.077882856 -0.649680614 -0.908519566 0.034953859 0.416377753 6.235172272
0.422328383 0.072622143 0.903529048 9.269066811 0.001872172 0.996713340 -0.080987021 -0.655759335 -0.906440914 0.035894684 0.420804352 6.266820908
0.425187558 0.077596255 0.901772916 9.333795547 -0.002108797 0.996400535 -0.084744506 -0.661258340 -0.905102849 0.034130655 0.423820734 6.299320698
0.429714382 0.079671040 0.899443209 9.398616791 -0.004075785 0.996260881 -0.086299747 -0.667017698 -0.902955711 0.033418305 0.428432345 6.328984261
0.433270425 0.078208268 0.897864223 9.465261459 -0.005590810 0.996441841 -0.084096961 -0.673474193 -0.901246607 0.031416941 0.432166070 6.363765240
0.438021570 0.074737675 0.895852268 9.530485153 -0.003972718 0.996689200 -0.081207693 -0.679368496 -0.898955643 0.032011755 0.436868310 6.395164013
0.441342205 0.072269425 0.894423902 9.593424797 -0.004756821 0.996926010 -0.078204386 -0.684816957 -0.897326171 0.030260280 0.440329313 6.426775932
0.444388777 0.071065292 0.893010795 9.656513214 -0.005719468 0.997053325 -0.076498747 -0.691368818 -0.895815670 0.028887641 0.443485796 6.459521294
0.448289573 0.073197961 0.890886366 9.717813492 -0.007391130 0.996911049 -0.078190088 -0.695119917 -0.893857837 0.028467154 0.447445899 6.489898205
0.450616896 0.073322825 0.889701188 9.777470589 -0.006419942 0.996861637 -0.078902647 -0.700872779 -0.892694354 0.029843034 0.449673414 6.521650791
0.452963114 0.071828201 0.888631046 9.838380814 -0.004950176 0.996936321 -0.078059264 -0.706686020 -0.891515553 0.030959090 0.451930970 6.552792549
0.454922408 0.070423447 0.887742162 9.897111893 -0.002103394 0.996950448 -0.078008913 -0.711001337 -0.890528619 0.033620730 0.453683168 6.582255840
0.456590414 0.070175327 0.886905074 9.954345703 -0.003550900 0.997020125 -0.077059999 -0.716078758 -0.889669895 0.032035545 0.455479026 6.612600327
0.458567768 0.069700502 0.885921836 10.011945724 -0.001898283 0.996993899 -0.077456586 -0.720683455 -0.888657391 0.033837367 0.457321584 6.642688751
0.460847914 0.071483023 0.884595633 10.067738533 -0.003564865 0.996891916 -0.078700341 -0.726718426 -0.887471974 0.033115420 0.459670395 6.672319412
0.463909507 0.071554430 0.882988095 10.122356415 -0.000331035 0.996746540 -0.080599114 -0.731352568 -0.885882556 0.037098397 0.462423831 6.700843334
0.466844708 0.071021453 0.881482840 10.177431107 0.001250640 0.996715844 -0.080968186 -0.736390948 -0.884338439 0.038901981 0.465222716 6.731719017
0.470332623 0.068842806 0.879799902 10.229818344 0.005024302 0.996727467 -0.080678135 -0.740710258 -0.882474959 0.042365935 0.468447596 6.758342266
0.473580301 0.068099767 0.878113925 10.281465530 0.006296315 0.996719182 -0.080693550 -0.745490015 -0.880728126 0.043743759 0.471597761 6.785589695
0.477025330 0.067495652 0.876293957 10.331041336 0.006624556 0.996742487 -0.080379263 -0.750660479 -0.878864527 0.044148002 0.475024253 6.811456203
0.480773598 0.066639587 0.874308765 10.381147385 0.006797754 0.996794760 -0.079713449 -0.755542755 -0.876818478 0.044267457 0.478779554 6.837212086
0.484535396 0.065992512 0.872278869 10.430278778 0.008152207 0.996766508 -0.079939060 -0.760496020 -0.874733686 0.045844302 0.482430637 6.863770962
0.488003343 0.066947080 0.870270550 10.478710175 0.007868516 0.996676326 -0.081083320 -0.765522599 -0.872806311 0.046416666 0.485854596 6.892944813
0.492415220 0.067350924 0.867750645 10.530559540 0.010821957 0.996450543 -0.083481073 -0.768706918 -0.870293140 0.050498117 0.489938498 6.921624660
0.497585177 0.070701204 0.864528954 10.578503609 0.008400517 0.996233106 -0.086306952 -0.773408055 -0.867374361 0.050207559 0.495116979 6.948903561
0.502623200 0.076622888 0.861103356 10.626242638 0.004615897 0.995812356 -0.091303892 -0.778689682 -0.864493251 0.049866222 0.500164747 6.978245258
0.507420778 0.084114723 0.857583046 10.671416283 -0.000140438 0.995232284 -0.097532749 -0.782180548 -0.861698389 0.049369704 0.505013406 7.010213375
0.514292717 0.090217762 0.852856219 10.723389626 -0.005689659 0.994788468 -0.101800807 -0.788244545 -0.857595861 0.047502946 0.512125790 7.039569378
0.521084130 0.094595909 0.848246932 10.768765450 -0.009681563 0.994430304 -0.104950711 -0.793365121 -0.853450358 0.046475802 0.519097745 7.067481995
0.525556803 0.094635114 0.845478654 10.817039490 -0.013431613 0.994593143 -0.102976397 -0.799243987 -0.850652516 0.042763811 0.523986280 7.101546764
0.531653166 0.094254553 0.841701269 10.867372513 -0.019841127 0.994901776 -0.098877639 -0.803473353 -0.846729815 0.035868295 0.530812681 7.133233070
0.537469745 0.091930926 0.838257134 10.916639328 -0.026702095 0.995396912 -0.092043586 -0.809037924 -0.842860162 0.027087420 0.537450433 7.166640759
0.543667138 0.090023987 0.834459007 10.965567589 -0.032936629 0.995753527 -0.085966036 -0.814209402 -0.838654399 0.019252636 0.544323504 7.199359894
0.550099552 0.088473730 0.830399334 11.015045166 -0.035158310 0.995944142 -0.082820781 -0.817863882 -0.834358692 0.016364243 0.550978899 7.232200146
0.556223989 0.091752835 0.825951695 11.063646317 -0.040890016 0.995704293 -0.083073474 -0.823565364 -0.830025733 0.012434287 0.557586312 7.268317223
0.561058581 0.095996104 0.822190940 11.117887497 -0.044724714 0.995317519 -0.085689858 -0.827727079 -0.826566994 0.011304772 0.562724769 7.309718132
0.566660285 0.099636674 0.817905009 11.170092583 -0.047154438 0.994956255 -0.088535443 -0.831169844 -0.822601020 0.011601667 0.568500578 7.348951340
0.573569119 0.101364903 0.812861383 11.221000671 -0.050536204 0.994802833 -0.088394001 -0.837884188 -0.817596793 0.009621139 0.575710773 7.384792805
0.580801249 0.102188930 0.807605922 11.274792671 -0.053282995 0.994734228 -0.087547645 -0.842535377 -0.812299728 0.007816134 0.583187878 7.422247887
0.586122811 0.104854725 0.803408682 11.330162048 -0.059504956 0.994483531 -0.086380795 -0.847259462 -0.808034062 0.002822958 0.589128911 7.467959881
0.593493462 0.103082128 0.798210263 11.384423256 -0.059701741 0.994670272 -0.084063239 -0.851383567 -0.802621484 0.002236450 0.596484482 7.509494781
0.600554883 0.101522900 0.793112099 11.442596436 -0.060053159 0.994832098 -0.081871159 -0.855674744 -0.797325134 0.001539243 0.603548050 7.556602478
