0.999998927 0.000684114 0.001293055 -0.000073335 -0.000677946 0.999988437 -0.004764335 -0.000134119 -0.001296300 0.004763454 0.999987781 0.056671765
0.999996662 -0.001313383 0.002211556 -0.000127834 0.001325448 0.999984324 -0.005462918 -0.000111316 -0.002204346 0.005465831 0.999982655 0.113380387
0.999994040 -0.002698792 0.002115043 0.000035311 0.002701938 0.999995232 -0.001486367 -0.000122182 -0.002111021 0.001492073 0.999996662 0.169885516
0.999984205 -0.005363662 0.001659787 0.000095031 0.005356357 0.999976099 0.004375469 0.000060416 -0.001683215 -0.004366509 0.999988973 0.226334929
0.999959946 -0.008951379 0.000420521 0.000033802 0.008949471 0.999950528 0.004342319 0.000200291 -0.000459370 -0.004338381 0.999990463 0.282183349
0.999933839 -0.011479933 -0.000765373 0.000381597 0.011481032 0.999933004 0.001445890 0.000543543 0.000748723 -0.001454582 0.999998689 0.337768525
0.999924123 -0.012254219 -0.001331926 -0.000036745 0.012251670 0.999923110 -0.001906647 0.000502417 0.001355188 0.001890184 0.999997318 0.392724633
0.999929368 -0.011669853 -0.002217143 -0.000320949 0.011664213 0.999928713 -0.002539973 0.000507464 0.002246626 0.002513932 0.999994338 0.447830021
0.999930680 -0.011387719 -0.002981299 -0.000790329 0.011385989 0.999934971 -0.000596864 0.000300170 0.002987902 0.000562878 0.999995351 0.502268314
0.999930322 -0.011336225 -0.003293602 -0.001466130 0.011345208 0.999931872 0.002721472 0.000042890 0.003262527 -0.002758649 0.999990880 0.557375610
0.999922872 -0.011465563 -0.004767862 -0.001395335 0.011482690 0.999927640 0.003580730 0.000705454 0.004726463 -0.003635202 0.999982238 0.611595452
0.999909103 -0.012518062 -0.004995295 -0.002129780 0.012541379 0.999910474 0.004664445 0.000750603 0.004936459 -0.004726670 0.999976635 0.665605843
0.999899983 -0.012539778 -0.006536522 -0.001797087 0.012569307 0.999910891 0.004496247 0.000966114 0.006479558 -0.004577958 0.999968469 0.719934344
0.999907494 -0.012121874 -0.006172937 -0.003522595 0.012134908 0.999924183 0.002078396 0.001927001 0.006147275 -0.002153111 0.999978781 0.773995638
0.999878228 -0.013173444 -0.008368438 -0.003123026 0.013183246 0.999912500 0.001117506 0.001180591 0.008352984 -0.001227693 0.999964356 0.827551723
0.999841034 -0.014491170 -0.010399415 -0.003255159 0.014476726 0.999894202 -0.001462781 0.002484716 0.010419511 0.001311999 0.999944866 0.880624712
0.999838829 -0.013876307 -0.011393054 -0.004537056 0.013865522 0.999903262 -0.001024979 0.001467314 0.011406178 0.000866844 0.999934554 0.934104621
0.999842882 -0.012736644 -0.012334151 -0.006043693 0.012715228 0.999917448 -0.001813123 0.001313009 0.012356227 0.001656006 0.999922335 0.986616313
0.999831736 -0.011125045 -0.014582530 -0.006563107 0.011100611 0.999936819 -0.001755697 0.001167313 0.014601141 0.001593527 0.999892056 1.039862990
0.999804854 -0.011470987 -0.016081003 -0.007427990 0.011461014 0.999934018 -0.000712460 0.001030608 0.016088115 0.000528016 0.999870420 1.092269063
0.999784112 -0.011105742 -0.017567869 -0.008661486 0.011112520 0.999938190 0.000288334 0.001183642 0.017563580 -0.000483495 0.999845624 1.145144224
0.999763191 -0.010603963 -0.019004628 -0.009783482 0.010604578 0.999943733 -0.000068304 0.001799427 0.019004283 -0.000133248 0.999819338 1.197711825
0.999727130 -0.012082308 -0.019991882 -0.011383991 0.012100802 0.999926448 0.000804392 0.001101160 0.019980690 -0.001046090 0.999799848 1.249978423
0.999701023 -0.012009978 -0.021297885 -0.012996781 0.012026371 0.999927461 0.000641837 0.000925756 0.021288628 -0.000897782 0.999773026 1.301296473
0.999664962 -0.011758759 -0.023059959 -0.013739211 0.011781593 0.999930203 0.000854585 0.001090350 0.023048300 -0.001125982 0.999733746 1.352977157
0.999633074 -0.011742414 -0.024410341 -0.014892405 0.011810402 0.999926746 0.002642954 0.001284169 0.024377517 -0.002930279 0.999698520 1.403506041
0.999619365 -0.012202967 -0.024747271 -0.016604170 0.012330187 0.999911487 0.004994686 0.001660401 0.024684133 -0.005297923 0.999681294 1.454363108
0.999584496 -0.012943652 -0.025755197 -0.017611559 0.013123664 0.999890566 0.006832591 0.001658520 0.025663938 -0.007167755 0.999644935 1.503672123
0.999562860 -0.012437699 -0.026824040 -0.018746020 0.012609066 0.999901175 0.006228858 0.001315531 0.026743917 -0.006564361 0.999620795 1.553110838
0.999569237 -0.010532616 -0.027393630 -0.020574290 0.010627363 0.999938011 0.003315376 0.001798416 0.027357012 -0.003605070 0.999619246 1.600835204
0.999531806 -0.010580377 -0.028709672 -0.021629920 0.010626215 0.999942482 0.001444416 0.001904536 0.028692743 -0.001748815 0.999586761 1.648532987
0.999530137 -0.009767581 -0.029051632 -0.023808813 0.009806960 0.999951124 0.001213352 0.001941699 0.029038360 -0.001497690 0.999577165 1.696167469
0.999511302 -0.010244088 -0.029536100 -0.026348399 0.010267391 0.999947071 0.000637392 0.001807557 0.029528011 -0.000940339 0.999563456 1.741681218
0.999428272 -0.009251431 -0.032520365 -0.026945416 0.009263876 0.999957085 0.000232022 0.001599439 0.032516822 -0.000533154 0.999471068 1.789128661
0.999358177 -0.009376453 -0.034573626 -0.028608039 0.009382569 0.999956071 0.000014638 0.001722903 0.034571961 -0.000339018 0.999402225 1.834714532
0.999291539 -0.009135614 -0.036509726 -0.030482821 0.009173448 0.999957502 0.000868847 0.002003302 0.036500242 -0.001203151 0.999333024 1.880772114
0.999199569 -0.009538768 -0.038849041 -0.032047741 0.009670300 0.999948084 0.003199149 0.001941116 0.038816512 -0.003572270 0.999239981 1.925903916
0.999143660 -0.008584975 -0.040475387 -0.034392994 0.008791192 0.999949276 0.004919630 0.001787636 0.040431105 -0.005271243 0.999168396 1.970112443
0.999080181 -0.007282703 -0.042260032 -0.036564257 0.007503248 0.999959052 0.005062507 0.002039792 0.042221434 -0.005374938 0.999093771 2.012789488
0.999011219 -0.004801272 -0.044199158 -0.039135270 0.004993713 0.999978542 0.004244572 0.002120200 0.044177830 -0.004461092 0.999013722 2.056807518
0.998918355 -0.003120069 -0.046395000 -0.041112803 0.003292299 0.999988019 0.003636288 0.002446134 0.046383098 -0.003785101 0.998916566 2.098992825
0.998854995 -0.002852864 -0.047755543 -0.043446690 0.003078516 0.999984443 0.004652253 0.002369480 0.047741540 -0.004793942 0.998848200 2.141404390
0.998814046 -0.000895004 -0.048680328 -0.045885399 0.001209953 0.999978542 0.006440672 0.002518128 0.048673522 -0.006491935 0.998793602 2.182368994
0.998806298 0.001026113 -0.048836306 -0.048391439 -0.000689208 0.999975860 0.006915010 0.002825775 0.048842214 -0.006873096 0.998782992 2.223268509
0.998842299 0.004623965 -0.047882829 -0.050404944 -0.004378211 0.999976695 0.005236018 0.002541721 0.047905926 -0.005020315 0.998839259 2.263748646
0.998934269 0.006102860 -0.045750022 -0.053052120 -0.006019266 0.999979973 0.001964742 0.002806617 0.045761101 -0.001687266 0.998950899 2.301612377
0.999031901 0.006779268 -0.043464616 -0.054992471 -0.006793085 0.999976933 -0.000170149 0.003404527 0.043462455 0.000465243 0.999054849 2.340332031
0.999156654 0.007071203 -0.040447168 -0.056643769 -0.007035355 0.999974787 0.001028552 0.003221074 0.040453427 -0.000743124 0.999181092 2.378100634
0.999242306 0.012185125 -0.036964711 -0.059013184 -0.012071337 0.999921679 0.003299926 0.003591237 0.037002027 -0.002851212 0.999311149 2.416352987
0.999308765 0.016663143 -0.033232816 -0.060602941 -0.016449874 0.999842346 0.006680621 0.003635599 0.033338893 -0.006129327 0.999425292 2.452801466
0.999364257 0.021224050 -0.028647458 -0.062420666 -0.021008337 0.999748766 0.007809902 0.003590629 0.028806020 -0.007203099 0.999559045 2.488907814
0.999419510 0.025142694 -0.022991922 -0.063921802 -0.024966246 0.999656856 0.007929769 0.004127225 0.023183415 -0.007351143 0.999704123 2.523643970
0.999428332 0.029001376 -0.017375017 -0.064566806 -0.028830577 0.999534309 0.010001116 0.004208572 0.017656971 -0.009494466 0.999799013 2.557892323
0.999351263 0.034405105 -0.010642691 -0.065431848 -0.034281727 0.999345362 0.011565636 0.003779797 0.011033637 -0.011193285 0.999876380 2.589645624
0.999305904 0.037059989 -0.003784565 -0.065593988 -0.037016936 0.999255598 0.010871250 0.004352517 0.004184636 -0.010723610 0.999933720 2.622153997
0.999181271 0.040314659 0.003385044 -0.065259039 -0.040349964 0.999123871 0.011103124 0.004400449 -0.002934460 -0.011230621 0.999932587 2.652756214
0.998939574 0.044684466 0.011088096 -0.065662272 -0.044800945 0.998940885 0.010489014 0.004610701 -0.010607653 -0.010974647 0.999883533 2.681790829
0.998662472 0.048302080 0.018451944 -0.065467097 -0.048446998 0.998797655 0.007488615 0.004915077 -0.018068045 -0.008372537 0.999801755 2.709100723
0.998338044 0.050874494 0.027075063 -0.065280348 -0.051023226 0.998685837 0.004830688 0.004472706 -0.026793724 -0.006204115 0.999621809 2.735329151
0.998080611 0.051313531 0.034670226 -0.064059712 -0.051491171 0.998664379 0.004249846 0.005026136 -0.034405846 -0.006026899 0.999389768 2.760509729
0.997812450 0.050518032 0.042640463 -0.062585846 -0.050808165 0.998691797 0.005747321 0.004850524 -0.042294338 -0.007901232 0.999073923 2.784691572
0.997331619 0.052489419 0.050737992 -0.061818242 -0.052885629 0.998579323 0.006497395 0.004979222 -0.050324872 -0.009163368 0.998690844 2.806405544
0.996692419 0.055353519 0.059499700 -0.060484737 -0.055844080 0.998417616 0.006612360 0.005027560 -0.059039522 -0.009913192 0.998206437 2.827559471
0.995850980 0.060278676 0.068170652 -0.059264600 -0.060835514 0.998129070 0.006119932 0.005049086 -0.067674197 -0.010241736 0.997654855 2.846683741
0.994901776 0.064563431 0.077472396 -0.058000103 -0.065244757 0.997849405 0.006293088 0.005025279 -0.076899484 -0.011315673 0.996974587 2.865015268
0.994257987 0.062868625 0.086594492 -0.056474388 -0.063678861 0.997948468 0.006623629 0.004691130 -0.086000420 -0.012099836 0.996221542 2.881481171
0.993300021 0.061873484 0.097605534 -0.054644704 -0.062649041 0.998023570 0.004898210 0.004585085 -0.097109549 -0.010980286 0.995213151 2.897352219
0.992106795 0.060022175 0.110098042 -0.053753942 -0.060456950 0.998170674 0.000611909 0.003968343 -0.109859906 -0.007263273 0.993920445 2.914014101
0.990541399 0.061379164 0.122720599 -0.050376028 -0.061350737 0.998108208 -0.004014061 0.005048412 -0.122734807 -0.003552906 0.992433071 2.929281235
0.988408148 0.063140139 0.138066888 -0.047725111 -0.062954329 0.998000026 -0.005716720 0.004326677 -0.138151720 -0.003041455 0.990406394 2.944883823
0.985909760 0.064800225 0.154217035 -0.044606686 -0.064449713 0.997894466 -0.007276639 0.004411643 -0.154363841 -0.002765134 0.988010168 2.959476709
0.983059704 0.065401591 0.171220154 -0.041781485 -0.064949237 0.997854531 -0.008248457 0.004210383 -0.171392262 -0.003011891 0.985198200 2.974378824
0.979842305 0.064671375 0.189014435 -0.037526429 -0.064058110 0.997902274 -0.009358298 0.003846835 -0.189223170 -0.002938248 0.981929719 2.989194870
0.975955963 0.064049363 0.208344623 -0.034132719 -0.063408546 0.997939944 -0.009760126 0.003676968 -0.208540559 -0.003685375 0.978006721 3.001358271
0.971348405 0.064290628 0.228798717 -0.030074179 -0.063494883 0.997923255 -0.010845614 0.003259543 -0.229020819 -0.003992675 0.973413348 3.015867472
0.966086507 0.066251419 0.249574989 -0.025317192 -0.065098040 0.997795701 -0.012882109 0.003004935 -0.249878332 -0.003801610 0.968269765 3.030044794
0.959845126 0.067796431 0.272214890 -0.020011604 -0.066140167 0.997693539 -0.015266401 0.002962802 -0.272622049 -0.003350958 0.962115407 3.045118332
0.952609420 0.068719268 0.296332389 -0.014851689 -0.066822551 0.997627795 -0.016537020 0.002859086 -0.296765864 -0.004048366 0.954941690 3.058280468
0.944061041 0.071790628 0.321861476 -0.008854687 -0.069948763 0.997400522 -0.017299723 0.002255328 -0.322266757 -0.006181816 0.946628690 3.072679043
0.934088826 0.073739164 0.349343210 -0.002751827 -0.071821995 0.997246683 -0.018457577 0.001778476 -0.349742383 -0.007849509 0.936813056 3.087209225
0.922893524 0.074406907 0.377797872 0.004486084 -0.072325386 0.997186184 -0.019716661 0.001222327 -0.378201872 -0.009128004 0.925678134 3.101564884
0.910265803 0.072479717 0.407630771 0.012568831 -0.069580995 0.997334719 -0.021954522 0.000753649 -0.408135504 -0.008378902 0.912882864 3.114993334
0.895266831 0.069915690 0.440010220 0.021140099 -0.065736905 0.997529984 -0.024751551 0.000525437 -0.440653861 -0.006765661 0.897651494 3.128393650
0.878046036 0.068868548 0.473595083 0.030623436 -0.062611274 0.997617006 -0.028988564 -0.000115559 -0.474462867 -0.004199096 0.880265415 3.141445875
0.858445704 0.071062833 0.507957697 0.040457487 -0.062448196 0.997468710 -0.034007855 -0.000788040 -0.509088516 -0.002527143 0.860710382 3.154949903
0.836676419 0.072987296 0.542812407 0.050755739 -0.061883722 0.997332275 -0.038716726 -0.001062393 -0.544190049 -0.001197881 0.838961065 3.167716265
0.812120318 0.075599834 0.578571916 0.062461257 -0.062720060 0.997136295 -0.042254250 -0.001989663 -0.580109477 -0.001972537 0.814536095 3.181215525
0.784784436 0.079926319 0.614593387 0.075643897 -0.065917902 0.996789038 -0.045458239 -0.002535641 -0.616253257 -0.004837788 0.787533164 3.195352077
0.754620910 0.083923906 0.650771856 0.088150859 -0.069279693 0.996433854 -0.048165441 -0.003532179 -0.652493358 -0.008738630 0.757744074 3.208771229
0.721567214 0.085242935 0.687076509 0.103640199 -0.069093384 0.996303380 -0.051045682 -0.004318349 -0.688888013 -0.010639561 0.724789739 3.222551107
0.685053229 0.082243286 0.723835766 0.120739937 -0.064991154 0.996544659 -0.051719893 -0.005727842 -0.725588202 -0.011612044 0.688031197 3.235908031
0.645551920 0.081306316 0.759375989 0.139185786 -0.062510200 0.996605933 -0.053566042 -0.006675281 -0.761153817 -0.012889098 0.648443341 3.249769211
0.603120446 0.080870874 0.793539941 0.159118176 -0.060492661 0.996619463 -0.055590294 -0.007845297 -0.795352995 -0.014475701 0.605973661 3.262908936
0.556889951 0.080479570 0.826678038 0.180557609 -0.056640606 0.996657312 -0.058871735 -0.009156905 -0.828652799 -0.014038467 0.559586883 3.275434971
0.508567214 0.079060234 0.857384920 0.202890873 -0.053179823 0.996758521 -0.060367815 -0.010690607 -0.859378457 -0.014894479 0.511123061 3.286768913
0.460274965 0.077637598 0.884375155 0.229597569 -0.051661842 0.996823132 -0.060621649 -0.011997305 -0.886271954 -0.017785827 0.462823510 3.298306465
0.411131859 0.074635237 0.908515453 0.256015539 -0.051122636 0.996961892 -0.058766596 -0.014236443 -0.910141230 -0.022284886 0.413698375 3.307689190
0.361249447 0.074744456 0.929468751 0.284547210 -0.055368897 0.996742845 -0.058634594 -0.016077787 -0.930823863 -0.030281948 0.364211231 3.317505836
0.311234683 0.075886779 0.947298288 0.311691880 -0.052387256 0.996661007 -0.062629335 -0.015898012 -0.948888063 -0.030133944 0.314171016 3.325547934
0.263837039 0.072299071 0.961853743 0.342856526 -0.040978946 0.997126758 -0.063709840 -0.017926484 -0.963696480 -0.022606743 0.266041756 3.332138777
0.219947860 0.066540331 0.973239601 0.372515857 -0.027884290 0.997692108 -0.061910424 -0.019719992 -0.975113034 -0.013521033 0.221295655 3.335839748
0.178627238 0.065694191 0.981721222 0.405150294 -0.018949253 0.997813046 -0.063323148 -0.021495648 -0.983734369 -0.007291647 0.179481477 3.338826656
0.139338642 0.067051560 0.987972081 0.436716557 -0.015481087 0.997730494 -0.065530486 -0.022870012 -0.990123749 -0.006163956 0.140060440 3.342415333
0.106586888 0.067877494 0.991983891 0.470426917 -0.006755681 0.997693539 -0.067542322 -0.025002906 -0.994280457 0.000497597 0.106799617 3.344463110
0.077972047 0.066160940 0.994757771 0.505453467 0.000846520 0.997790933 -0.066428982 -0.027152814 -0.996955216 0.006021688 0.077743761 3.345470428
0.052553445 0.064870827 0.996508896 0.540959299 0.007948533 0.997829139 -0.065375939 -0.028960889 -0.998586535 0.011356516 0.051923722 3.346839190
0.032866899 0.063548066 0.997437418 0.577782094 0.012313186 0.997875094 -0.063981690 -0.031048842 -0.999383867 0.014384513 0.032014582 3.346558809
0.017388441 0.065256864 0.997716963 0.614983380 0.015224740 0.997734904 -0.065523371 -0.032902084 -0.999732792 0.016329331 0.016355541 3.346616745
0.003744788 0.065036714 0.997875869 0.653517604 0.015860422 0.997753441 -0.065088257 -0.035153162 -0.999867141 0.016070472 0.002704865 3.346254826
-0.007858819 0.066296384 0.997768939 0.692022562 0.017167700 0.997661769 -0.066154025 -0.037050858 -0.999821723 0.016609509 -0.008978600 3.346016407
-0.017022325 0.069070414 0.997466505 0.732425034 0.021707129 0.997401476 -0.068695441 -0.039610039 -0.999619365 0.020482777 -0.018477412 3.344249725
-0.023510380 0.070808537 0.997212827 0.772510231 0.025569851 0.997204840 -0.070205115 -0.042008370 -0.999396443 0.023848036 -0.025255227 3.343031883
-0.028316423 0.070291445 0.997124493 0.814620793 0.026404465 0.997229040 -0.069548994 -0.044363901 -0.999250233 0.024359157 -0.030093964 3.341582775
-0.031454138 0.067435727 0.997227609 0.856546640 0.024201222 0.997480214 -0.066689454 -0.046598669 -0.999212146 0.022036472 -0.033006910 3.339993238
-0.034412257 0.060858067 0.997553051 0.900985181 0.021669630 0.997955143 -0.060135052 -0.048917316 -0.999172747 0.019547226 -0.035660654 3.339308739
-0.035886884 0.055470739 0.997815251 0.945116282 0.023277568 0.998233914 -0.054656833 -0.051000968 -0.999084711 0.021265252 -0.037114728 3.338033915
-0.035807870 0.052691892 0.997968554 0.989171624 0.025808882 0.998324752 -0.051784653 -0.053419523 -0.999025345 0.023902154 -0.037107795 3.335335255
-0.035774983 0.055054843 0.997842193 1.034479022 0.028932014 0.998119950 -0.054032885 -0.055815820 -0.998940945 0.026936565 -0.037300568 3.333827972
-0.034533512 0.061924826 0.997483253 1.078697205 0.029887658 0.997696102 -0.060903311 -0.058449831 -0.998956561 0.027709233 -0.036304738 3.331801653
-0.032843810 0.070367523 0.996980309 1.124860048 0.030754581 0.997117162 -0.069364034 -0.060152426 -0.998987198 0.028383529 -0.034913249 3.330654621
-0.030231493 0.071071818 0.997013032 1.171381593 0.031243270 0.997048616 -0.070126995 -0.062487178 -0.999054492 0.029029906 -0.032362785 3.328993320
-0.027732775 0.066443935 0.997404695 1.219491363 0.031084651 0.997363150 -0.065576874 -0.065336227 -0.999131978 0.029185347 -0.029725034 3.327488661
-0.025718296 0.060256872 0.997851551 1.267436028 0.030397348 0.997767270 -0.059468333 -0.068293430 -0.999206960 0.028802613 -0.027492523 3.326552629
-0.022951517 0.058500636 0.998023510 1.316047668 0.028468382 0.997919798 -0.057839882 -0.071436785 -0.999331117 0.027084598 -0.024569195 3.325901985
-0.019960042 0.063475721 0.997783720 1.362316132 0.035855349 0.997386098 -0.062733158 -0.074699201 -0.999157608 0.034523733 -0.022183811 3.324952841
-0.016491007 0.069545731 0.997442365 1.409697056 0.037729450 0.996910930 -0.068884872 -0.076801851 -0.999151886 0.036496971 -0.019063981 3.323647976
-0.013914257 0.070504099 0.997414291 1.457428336 0.032183710 0.997025788 -0.070027649 -0.079189628 -0.999385118 0.031126117 -0.016141955 3.323275089
-0.011338594 0.066972360 0.997690320 1.505369902 0.027225479 0.997405291 -0.066643812 -0.082229853 -0.999565065 0.026406946 -0.013132527 3.324849129
-0.005996231 0.062833212 0.998005986 1.554153681 0.031657934 0.997535646 -0.062613383 -0.085961744 -0.999480724 0.031219369 -0.007970625 3.323163271
-0.002630990 0.064304203 0.997926891 1.602535963 0.035957653 0.997290969 -0.064168446 -0.088390253 -0.999349833 0.035714280 -0.004936092 3.322682858
0.000423538 0.068745106 0.997634172 1.649784088 0.035960142 0.996987998 -0.068715841 -0.091649376 -0.999353111 0.035904169 -0.002049822 3.323302984
0.003752796 0.068910703 0.997615695 1.697356820 0.032370090 0.997091532 -0.068996266 -0.094900332 -0.999468923 0.032551836 0.001511235 3.323773861
0.007560277 0.069024347 0.997586310 1.745927334 0.031748988 0.997095287 -0.069230989 -0.097207963 -0.999467313 0.032195762 0.005346863 3.324513674
0.011093799 0.065900646 0.997764468 1.793816447 0.035820421 0.997159302 -0.066258945 -0.100599445 -0.999296665 0.036475409 0.008701695 3.325005770
0.014553505 0.065766141 0.997728944 1.842166185 0.039986581 0.996998131 -0.066301227 -0.104382969 -0.999094248 0.040860675 0.011880054 3.325163126
0.017540367 0.066180624 0.997653484 1.889907241 0.042471424 0.996857047 -0.066874512 -0.107904285 -0.998943806 0.043544758 0.014674453 3.326119661
0.019973002 0.066472255 0.997588396 1.937864780 0.042797830 0.996815979 -0.067277655 -0.110562637 -0.998884082 0.044038355 0.017064538 3.327720165
0.024489839 0.065236859 0.997569263 1.987184763 0.044486325 0.996808946 -0.066279270 -0.113339171 -0.998709738 0.046001364 0.021509543 3.327581167
0.027991123 0.064142898 0.997548103 2.035175085 0.046741534 0.996763468 -0.065404013 -0.116482884 -0.998514771 0.048457656 0.024902394 3.329212189
0.030690694 0.064834654 0.997424006 2.083172083 0.045018069 0.996791780 -0.066178776 -0.119074807 -0.998514652 0.046933174 0.027673503 3.330874681
0.034440033 0.066013947 0.997224152 2.132899284 0.042315125 0.996824980 -0.067448929 -0.122491032 -0.998510540 0.044520609 0.031537298 3.331904888
0.037302427 0.066094294 0.997115850 2.181574821 0.044273227 0.996721208 -0.067724414 -0.125276655 -0.998322785 0.046671815 0.034253914 3.333676100
0.040254138 0.065845370 0.997017562 2.230508327 0.041816391 0.996841013 -0.067522064 -0.128308862 -0.998314023 0.044409711 0.037373569 3.335776567
0.042002473 0.066341035 0.996912479 2.280402899 0.040287547 0.996869087 -0.068035550 -0.131305248 -0.998304844 0.043020830 0.039198253 3.338918447
0.045086715 0.066473253 0.996768951 2.329538822 0.037458733 0.996969461 -0.068180978 -0.134407610 -0.998280525 0.040411759 0.042460080 3.341272831
0.048614897 0.068283886 0.996480763 2.378885984 0.036397737 0.996876597 -0.070086740 -0.137525529 -0.998154163 0.039676901 0.045977689 3.343705416
0.051115453 0.071680583 0.996116936 2.429261923 0.034958221 0.996681213 -0.073515058 -0.140909359 -0.998080730 0.038580235 0.048439991 3.347447395
0.054595988 0.073789485 0.995778203 2.478588343 0.035213821 0.996503115 -0.075773872 -0.144252837 -0.997887492 0.039202105 0.051806655 3.350358248
0.057191093 0.075824782 0.995479643 2.529466152 0.029393803 0.996551514 -0.077595122 -0.147741303 -0.997930467 0.033698689 0.054765098 3.354450464
0.059309095 0.075073466 0.995412707 2.580103159 0.024933804 0.996745527 -0.076659605 -0.151291832 -0.997928262 0.029366035 0.057244211 3.358491421
0.063763164 0.075775035 0.995084047 2.631117582 0.027003393 0.996617079 -0.077622086 -0.155092210 -0.997599661 0.031820077 0.061501272 3.361243486
0.067644268 0.077250913 0.994714260 2.681314707 0.026654802 0.996502161 -0.079202376 -0.158233434 -0.997353435 0.031871505 0.065348543 3.364607573
0.071310423 0.078028865 0.994397461 2.732101440 0.022365218 0.996559680 -0.079802394 -0.162025169 -0.997203469 0.027930655 0.069319963 3.369414806
0.075306676 0.076172389 0.994246721 2.785368681 0.020826958 0.996740401 -0.077940926 -0.165683568 -0.996942878 0.026576608 0.073474757 3.373719215
0.080155537 0.076318391 0.993856370 2.837875366 0.021403531 0.996702909 -0.078263208 -0.169529393 -0.996552527 0.027545268 0.078257762 3.378392458
0.084836535 0.079919137 0.993184626 2.888985157 0.017577833 0.996502995 -0.081687637 -0.173534349 -0.996239841 0.024388129 0.083135024 3.383842707
0.090844102 0.088479012 0.991926849 2.940841436 0.015838040 0.995791018 -0.090274177 -0.177286267 -0.995739162 0.023911053 0.089060411 3.389001131
0.098485403 0.093446761 0.990741313 2.991253853 0.014178699 0.995348573 -0.095290743 -0.181302279 -0.995037436 0.023432171 0.096702337 3.393873453
0.104559846 0.095870599 0.989886999 3.044744253 0.009292828 0.995205104 -0.097367264 -0.186418861 -0.994475126 0.019379554 0.103167579 3.402846813
0.112623066 0.094162308 0.989166200 3.097143173 0.006435985 0.995409608 -0.095489450 -0.190812513 -0.993616939 0.017120570 0.111500055 3.406994343
0.120611817 0.093195178 0.988315582 3.149433136 0.006103783 0.995495021 -0.094617076 -0.195156470 -0.992680907 0.017444400 0.119499624 3.412999392
0.127645627 0.089034222 0.987815499 3.202189445 0.005789537 0.995878756 -0.090509109 -0.200001359 -0.991802871 0.017272087 0.126604110 3.420870066
0.134965509 0.083246723 0.987347066 3.255932808 0.003811054 0.996413410 -0.084532075 -0.204804510 -0.990842938 0.015171750 0.134164184 3.428313255
0.142046809 0.075611681 0.986967921 3.308372259 0.000596852 0.997071564 -0.076471619 -0.209304214 -0.989859700 0.011451623 0.141585693 3.436552525
0.149468452 0.072855711 0.986078680 3.360976458 0.001303690 0.997266233 -0.073879898 -0.213276446 -0.988765597 0.012328254 0.148964897 3.445106030
0.156874329 0.074959718 0.984769762 3.414264441 0.001064410 0.997102082 -0.076068014 -0.217253163 -0.987618148 0.012981315 0.156339914 3.453936577
0.162793875 0.081578046 0.983281791 3.465087414 0.001649415 0.996552289 -0.082952090 -0.220887840 -0.986658812 0.015125933 0.162098065 3.462594032
0.167550638 0.085370436 0.982160151 3.515564203 0.000192286 0.996240854 -0.086627126 -0.224582762 -0.985863507 0.014703288 0.166904375 3.471992970
0.172437117 0.087962762 0.981085241 3.566361427 -0.001353792 0.996024907 -0.089064315 -0.229837283 -0.985019624 0.014029807 0.171870768 3.481254339
0.177571282 0.087578811 0.980203271 3.616418839 -0.004464008 0.996093690 -0.088189885 -0.234181032 -0.984097838 0.011284361 0.177268595 3.490824699
0.183212012 0.084569521 0.979429126 3.666447163 0.000814055 0.996279538 -0.086176768 -0.238191083 -0.983073115 0.016585927 0.182461515 3.500164747
0.188677102 0.078112707 0.978927612 3.715208769 0.001355035 0.996810019 -0.079800785 -0.241906554 -0.982038200 0.016383061 0.187969387 3.508561134
0.190367296 0.071431167 0.979110837 3.764314890 -0.002122310 0.997376978 -0.072351150 -0.246850550 -0.981710672 0.011695312 0.190019548 3.520068407
0.193941951 0.068327375 0.978630602 3.813103199 -0.004100099 0.997619212 -0.068840601 -0.249977738 -0.981004417 0.009338599 0.193760350 3.530489922
0.197107106 0.067938916 0.978025079 3.860846043 -0.005407080 0.997656047 -0.068212874 -0.253569365 -0.980367005 0.008156983 0.197012484 3.540511131
0.199378401 0.069943607 0.977423251 3.906198978 -0.007393568 0.997528374 -0.069874153 -0.256974310 -0.979894698 0.006704751 0.199402764 3.550219059
0.200501934 0.074866183 0.976828516 3.953202248 -0.012333952 0.997189760 -0.073895060 -0.260280013 -0.979615688 0.002767950 0.200861886 3.560801029
0.203084052 0.079279952 0.975946426 3.998404026 -0.013209476 0.996847928 -0.078229092 -0.263529599 -0.979072213 0.002995344 0.203491181 3.570320368
0.205083638 0.084395766 0.975099027 4.043154716 -0.013823844 0.996425807 -0.083334170 -0.267287374 -0.978646815 0.003610861 0.205517307 3.580402851
0.206362933 0.086278826 0.974664152 4.087549210 -0.012444605 0.996255696 -0.085555255 -0.270682007 -0.978396356 0.005526128 0.206663966 3.590014458
0.207967564 0.087032668 0.974256039 4.130873203 -0.015481479 0.996201634 -0.085688405 -0.273574293 -0.978013098 0.002737486 0.208525047 3.599364042
0.208427414 0.083432928 0.974472582 4.174498081 -0.015046577 0.996510446 -0.082101479 -0.278051794 -0.977922142 0.002449724 0.208955452 3.609757900
0.209074423 0.081026606 0.974537134 4.217269421 -0.014959320 0.996709704 -0.079660796 -0.281216741 -0.977785230 0.002076619 0.209598616 3.618875027
0.209363937 0.080446906 0.974523008 4.259316444 -0.014092590 0.996754766 -0.079254523 -0.284041166 -0.977736175 0.002859488 0.209818229 3.627613068
0.207347915 0.079861283 0.975002110 4.300756454 -0.014023202 0.996802330 -0.078664698 -0.287280619 -0.978166699 0.002638309 0.207804829 3.637189865
0.205404565 0.080349594 0.975373149 4.342011929 -0.015692176 0.996766329 -0.078807309 -0.291060567 -0.978551328 0.000881656 0.206001207 3.646761894
0.202976584 0.082921661 0.975666165 4.382000446 -0.016372824 0.996555924 -0.081290908 -0.294687957 -0.979046702 0.000525737 0.203635186 3.655471802
0.201814279 0.087152041 0.975538552 4.420773983 -0.014302063 0.996189117 -0.086038180 -0.297652721 -0.979319334 0.003411522 0.202291667 3.662673235
0.199067980 0.087361172 0.976083994 4.460251808 -0.012399018 0.996163428 -0.086629577 -0.301110685 -0.979907155 0.005142695 0.199387446 3.671540737
0.196782514 0.086106032 0.976658762 4.498931885 -0.012930303 0.996277452 -0.085230410 -0.304295480 -0.980361879 0.004143362 0.197163314 3.679414511
0.194247752 0.083431557 0.977398038 4.536081314 -0.013844731 0.996510565 -0.082311511 -0.307278901 -0.980854750 0.002457013 0.194724992 3.686775208
0.192325935 0.079473197 0.978107750 4.573925495 -0.013531474 0.996835351 -0.078334145 -0.310539156 -0.981237829 0.001830449 0.192792684 3.694573164
0.190537304 0.078499891 0.978536248 4.610330105 -0.009606281 0.996899009 -0.078102477 -0.313593745 -0.981632948 0.005481344 0.190700576 3.701394320
0.188708380 0.079160251 0.978837550 4.645758629 -0.006075776 0.996820867 -0.079443261 -0.316959858 -0.982014418 0.009044413 0.188589424 3.708535671
0.186634719 0.081913821 0.979008496 4.681689739 -0.001588074 0.996541739 -0.083078094 -0.319204956 -0.982428014 0.013950520 0.186119393 3.714006424
0.185058683 0.084280036 0.979106843 4.717154503 -0.002035196 0.996346474 -0.085379317 -0.321433306 -0.982725322 0.013807509 0.184554100 3.720650196
0.183509007 0.086423971 0.979211569 4.751582146 -0.002490851 0.996165574 -0.087453499 -0.324689448 -0.983014822 0.013609438 0.183020607 3.727865934
0.182459235 0.084619530 0.979565322 4.787949562 -0.001059961 0.996305943 -0.085868217 -0.327890933 -0.983212829 0.014629149 0.181874901 3.733815432
0.183208600 0.082884304 0.979573846 4.822839737 0.005250634 0.996342778 -0.085285194 -0.330648303 -0.983060062 0.020768361 0.182103351 3.739871740
0.185279369 0.081711531 0.979282796 4.859409809 0.009193020 0.996349216 -0.084874868 -0.333060414 -0.982642889 0.024728129 0.183851779 3.746859789
0.187515646 0.080754690 0.978936434 4.894887924 0.012644110 0.996333718 -0.084611826 -0.335761428 -0.982180238 0.028243816 0.185807094 3.752671003
0.191350520 0.080232315 0.978236973 4.931006432 0.009894460 0.996445179 -0.083661109 -0.338945895 -0.981471896 0.025687724 0.189876407 3.759607077
0.196216941 0.080955669 0.977212906 4.967205524 0.008660603 0.996404052 -0.084284537 -0.341904372 -0.980522275 0.025001302 0.194810271 3.767704010
0.202877253 0.080242299 0.975910842 5.003418446 0.009712608 0.996422768 -0.083947964 -0.344361424 -0.979156077 0.026509769 0.201372132 3.775288582
0.210002020 0.080212109 0.974405050 5.040186405 0.008303022 0.996446729 -0.083815992 -0.347162068 -0.977665663 0.025692035 0.208589777 3.784219742
0.219385996 0.078180484 0.972500741 5.078505993 0.008452721 0.996594548 -0.082024246 -0.350119144 -0.975601614 0.026215248 0.217978060 3.792164326
0.227611840 0.077568278 0.970657468 5.115085602 0.005315486 0.996708453 -0.080896504 -0.353129029 -0.973737419 0.023572525 0.226450279 3.802000284
0.237127528 0.077053763 0.968417883 5.152464867 0.003918045 0.996765554 -0.080268651 -0.356261373 -0.971470594 0.022828218 0.236058637 3.811748981
0.247378320 0.080736578 0.965549350 5.191453934 -0.000728272 0.996537507 -0.083141133 -0.359107912 -0.968918622 0.019864133 0.246580586 3.822216034
0.256181270 0.083206356 0.963040948 5.229476929 -0.004804963 0.996385634 -0.084809124 -0.361926556 -0.966616809 0.017099136 0.255655140 3.833693027
0.267339230 0.086081713 0.959749758 5.268736362 -0.008384405 0.996171951 -0.087012984 -0.364456385 -0.963565946 0.015215060 0.267037600 3.845252037
0.277134985 0.088080712 0.956785262 5.308400631 -0.010265496 0.996003926 -0.088717721 -0.367831707 -0.960776150 0.014764903 0.276931673 3.857825756
0.286930680 0.088577099 0.953847408 5.348197460 -0.012989644 0.995984137 -0.088582568 -0.371020257 -0.957863152 0.013026920 0.286929041 3.870671749
0.297437370 0.089100957 0.950574636 5.389464855 -0.013689050 0.995931447 -0.089069076 -0.374353290 -0.954643130 0.013480007 0.297446907 3.883970261
0.307424366 0.090396784 0.947268903 5.431257248 -0.018231999 0.995854378 -0.089116246 -0.377115250 -0.951397777 0.010125904 0.307798028 3.898530960
0.318179220 0.085509636 0.944166362 5.473995209 -0.017781949 0.996287107 -0.084237583 -0.380466431 -0.947863817 0.010013532 0.318518370 3.913248062
0.328723133 0.078426406 0.941164374 5.517166615 -0.013792899 0.996838450 -0.078248180 -0.383501142 -0.944325626 0.012740604 0.328765631 3.928767681
0.339617580 0.073834121 0.937661290 5.559477806 -0.012578532 0.997181535 -0.073965020 -0.387344807 -0.940479517 0.013325419 0.339589119 3.944255114
0.349851370 0.070598498 0.934141338 5.603548050 -0.013353588 0.997430861 -0.070380531 -0.390363395 -0.936710179 0.012148584 0.349895298 3.960988522
0.359543979 0.068824276 0.930586517 5.648360729 -0.007724581 0.997461736 -0.070785716 -0.392861217 -0.933096230 0.018262193 0.359162897 3.978500366
0.368243724 0.062696807 0.927612901 5.694167614 -0.000386043 0.997733951 -0.067282982 -0.395671457 -0.929729104 0.024418442 0.367433459 3.996250629
0.375151247 0.053735077 0.925404906 5.740771294 0.008864034 0.998064756 -0.061547592 -0.398013562 -0.926921189 0.031292479 0.373948961 4.014421463
0.382102281 0.049504317 0.922793150 5.787716866 0.013396917 0.998162389 -0.059094869 -0.401579350 -0.924022913 0.034942865 0.380736977 4.033801079
0.389292300 0.049470060 0.919784844 5.833460331 0.015484964 0.998064160 -0.060234174 -0.404534936 -0.920984089 0.037691526 0.387772709 4.052965641
0.397225589 0.055372544 0.916048944 5.879794121 0.018487578 0.997492731 -0.068312339 -0.406917393 -0.917534828 0.044070937 0.395205855 4.072432995
0.404196233 0.059684753 0.912722945 5.925670624 0.022193050 0.996935189 -0.075019658 -0.409774005 -0.914403021 0.050578769 0.401632816 4.092758179
0.409705520 0.062122595 0.910100102 5.972048283 0.019714400 0.996842444 -0.076918490 -0.413400739 -0.912004828 0.049456004 0.407187074 4.113493443
0.414025694 0.063287050 0.908062518 6.018731594 0.012900921 0.997072041 -0.075372629 -0.417754769 -0.910173774 0.042921044 0.411996901 4.136443138
0.417696655 0.067367882 0.906085670 6.063734531 0.006220632 0.997012019 -0.076995961 -0.420777559 -0.908565283 0.037797365 0.416029483 4.158125877
0.421971112 0.070449807 0.903867960 6.109494686 0.005540288 0.996757269 -0.080276325 -0.424304396 -0.906592369 0.038881969 0.420212418 4.180046558
0.425970048 0.074574605 0.901658475 6.151400566 0.002829545 0.996482432 -0.083754078 -0.427369744 -0.904732823 0.038228013 0.424260616 4.200174809
0.429456860 0.077370703 0.899766982 6.194340229 0.000154022 0.996317029 -0.085746527 -0.431065202 -0.903087437 0.036963008 0.427863210 4.220744610
0.433929563 0.076255463 0.897713840 6.238234520 -0.001371593 0.996466517 -0.083980888 -0.434877694 -0.900945663 0.035210498 0.432500839 4.241362572
0.437650353 0.072340101 0.896230459 6.279857635 0.000617026 0.996733904 -0.080753654 -0.438826025 -0.899145007 0.035894860 0.436176360 4.262929440
0.440850645 0.070026256 0.894844711 6.321882248 0.000171128 0.996945500 -0.078100495 -0.442143500 -0.897580445 0.034583785 0.439492077 4.284361839
0.444860905 0.069164827 0.892925024 6.363342285 -0.000363652 0.997027397 -0.077047303 -0.445376992 -0.895599604 0.033950619 0.443563670 4.304705620
0.447730690 0.070755132 0.891364574 6.402747154 -0.002906114 0.996974170 -0.077678517 -0.449216366 -0.894163728 0.032188646 0.446581542 4.325715542
0.450542212 0.071284503 0.889904618 6.442517757 -0.001766733 0.996876299 -0.078958854 -0.452527225 -0.892753422 0.034002066 0.449260771 4.345617771
0.453155547 0.068562433 0.888790727 6.481867790 0.000940975 0.997000396 -0.077389620 -0.456089139 -0.891430914 0.035905868 0.451731801 4.365468025
0.454701722 0.068060353 0.888039410 6.520774364 0.002511477 0.996973991 -0.077695161 -0.459117770 -0.890640199 0.037558414 0.453154892 4.385431767
0.456706166 0.067694187 0.887038350 6.558519840 0.001595227 0.997036815 -0.076910011 -0.462407112 -0.889616072 0.036540311 0.455244929 4.404965401
0.458815545 0.066741869 0.886021316 6.595523834 0.004221566 0.996999860 -0.077287704 -0.464985192 -0.888521492 0.039201193 0.457157314 4.423911572
0.460994899 0.069084935 0.884709537 6.632804394 0.001565608 0.996900082 -0.078661434 -0.469376922 -0.887401402 0.037647620 0.459457725 4.444352150
0.464352816 0.069003187 0.882958114 6.668708801 0.004859821 0.996746600 -0.080451570 -0.472230971 -0.885636926 0.041648939 0.462506711 4.461935043
0.467086792 0.068289205 0.881570458 6.704749584 0.006207733 0.996735275 -0.080499314 -0.475916475 -0.884189665 0.043072723 0.465138018 4.482063293
0.471023798 0.066605322 0.879602253 6.739591599 0.009569960 0.996700764 -0.080596939 -0.478384078 -0.882068634 0.046380844 0.468832374 4.499109745
0.473540962 0.065629728 0.878323257 6.773486137 0.010863375 0.996709049 -0.080332585 -0.481756836 -0.880704939 0.047582325 0.471269459 4.518671036
0.476753116 0.065275103 0.876610279 6.806883812 0.011651125 0.996682286 -0.080552615 -0.485030055 -0.878960073 0.048617199 0.474410772 4.537282467
0.479721010 0.064431094 0.875052214 6.839573860 0.011408556 0.996757865 -0.079646818 -0.488727987 -0.877346873 0.048191331 0.477430582 4.556064129
0.483245701 0.063837938 0.873154163 6.873189449 0.013421792 0.996680617 -0.080297425 -0.491428912 -0.875381947 0.050522689 0.480784804 4.574488640
0.487749457 0.064822637 0.870573580 6.906525612 0.013928484 0.996534586 -0.082005240 -0.494098604 -0.872872531 0.052123781 0.485156268 4.592177868
0.491209239 0.065240011 0.868594944 6.938600063 0.015330940 0.996389151 -0.083508573 -0.497183412 -0.870906651 0.054336559 0.488435298 4.612069607
0.496638924 0.068293132 0.865266323 6.970013142 0.013604453 0.996164799 -0.086433187 -0.500246763 -0.867850542 0.054697562 0.493805170 4.629205704
0.502086043 0.074436009 0.861608267 7.002050400 0.009847201 0.995732307 -0.091761515 -0.503088474 -0.864761591 0.054556597 0.499210298 4.648198128
0.507652819 0.081564091 0.857692182 7.033763409 0.004874648 0.995220840 -0.097527906 -0.506094337 -0.861547947 0.053691253 0.504829109 4.668103695
0.513652861 0.087788232 0.853495121 7.065041065 -0.000650412 0.994791269 -0.101930156 -0.509896874 -0.857997835 0.051801596 0.511034608 4.688174248
0.519952714 0.092292376 0.849194407 7.096832275 -0.003603264 0.994374096 -0.105864584 -0.512563884 -0.854187369 0.051984712 0.517360151 4.708670616
0.525691926 0.092788570 0.845599413 7.126850128 -0.008065950 0.994532347 -0.104116723 -0.515697598 -0.850636959 0.047912750 0.523566008 4.727842331
0.530845821 0.091934599 0.842467070 7.160945892 -0.014896022 0.994957089 -0.099189028 -0.519547939 -0.847337484 0.040104669 0.529538274 4.750752449
0.536365211 0.089575432 0.839219093 7.192920685 -0.021420496 0.995476305 -0.092563458 -0.523114443 -0.843714178 0.031671330 0.535857677 4.773179054
0.542406201 0.087751627 0.835520923 7.225130558 -0.028377047 0.995876133 -0.086171232 -0.527077436 -0.839637041 0.023030192 0.542659521 4.794885635
0.547618985 0.085749716 0.832322419 7.258212566 -0.029731445 0.996100783 -0.083061412 -0.529352903 -0.836199462 0.020739848 0.548033118 4.820191383
0.554517210 0.089983352 0.827292979 7.293446541 -0.035088684 0.995780706 -0.084790304 -0.531870961 -0.831432164 0.017989060 0.555334985 4.842574596
0.560465276 0.093570247 0.822875082 7.327005863 -0.039439872 0.995485187 -0.086335242 -0.535625100 -0.827238321 0.015933814 0.561625302 4.866883278
0.566357672 0.096853592 0.818448782 7.360798836 -0.041813761 0.995168626 -0.088831596 -0.538601518 -0.823098123 0.016088031 0.567671180 4.891924858
0.573599756 0.099163420 0.813111126 7.396788597 -0.043645341 0.994935155 -0.090548761 -0.541579604 -0.817972124 0.016450241 0.575022757 4.915799141
0.580358744 0.100166000 0.808177114 7.431951523 -0.046234433 0.994858742 -0.090102099 -0.544251204 -0.813047409 0.014925937 0.582006276 4.941329002
0.586310089 0.102148093 0.803620636 7.467799664 -0.052721329 0.994726598 -0.087974802 -0.548300624 -0.808369279 0.009212570 0.588603675 4.969201088
0.593315840 0.100253411 0.798702300 7.503371239 -0.053478256 0.994931281 -0.085157819 -0.551851392 -0.803191185 0.007812289 0.595669985 4.997073650
0.600224793 0.098382734 0.793757498 7.543645382 -0.053938303 0.995125830 -0.082554296 -0.555666745 -0.798010468 0.006737208 0.602605879 5.028350353
