0.999998808 0.000685194 0.001401351 -0.000238233 -0.000678787 0.999989331 -0.004567469 -0.000180933 -0.001404465 0.004566512 0.999988616 0.085023396
0.999996662 -0.001492322 0.002118460 -0.000143707 0.001503717 0.999984503 -0.005387777 -0.000058382 -0.002110387 0.005390944 0.999983191 0.169350967
0.999992251 -0.003110309 0.002418987 -0.000351599 0.003113697 0.999994159 -0.001397999 -0.000096561 -0.002414624 0.001405520 0.999996126 0.253911525
0.999983668 -0.005467866 0.001651668 -0.000133824 0.005459750 0.999973178 0.004879033 -0.000419039 -0.001678302 -0.004869936 0.999986708 0.338206321
0.999960542 -0.008875954 0.000430203 -0.000245680 0.008873760 0.999948859 0.004855123 -0.000236024 -0.000473275 -0.004851113 0.999988079 0.421415418
0.999935687 -0.011338851 -0.000313366 -0.000457450 0.011339437 0.999933839 0.001936126 0.000138466 0.000291392 -0.001939555 0.999998093 0.504034698
0.999926090 -0.012099544 -0.001134463 -0.000646243 0.012097763 0.999925554 -0.001563839 0.000521496 0.001153300 0.001549999 0.999998152 0.586373746
0.999926388 -0.011969428 -0.001963875 -0.001237192 0.011964956 0.999925911 -0.002272946 0.000721429 0.001990935 0.002249281 0.999995530 0.669596732
0.999930859 -0.011346404 -0.003079014 -0.001333351 0.011345934 0.999935627 -0.000170564 0.000268970 0.003080751 0.000135618 0.999995232 0.750833988
0.999924660 -0.011581551 -0.004056982 -0.001329118 0.011591762 0.999929786 0.002502546 0.000467042 0.004027713 -0.002549385 0.999988616 0.833758891
0.999922752 -0.011425997 -0.004891551 -0.002166888 0.011446389 0.999925852 0.004161523 0.000685752 0.004843638 -0.004217192 0.999979377 0.913551867
0.999907136 -0.012645228 -0.005070253 -0.003380956 0.012672553 0.999905229 0.005394214 0.000620617 0.005001561 -0.005457966 0.999972582 0.994932353
0.999898493 -0.012638126 -0.006568526 -0.002880856 0.012670570 0.999907553 0.004921690 0.000972837 0.006505718 -0.005004418 0.999966323 1.074986339
0.999890387 -0.013021920 -0.007045191 -0.003953219 0.013049970 0.999907076 0.003950431 0.000917828 0.006993094 -0.004041938 0.999967396 1.154098988
0.999880195 -0.012952020 -0.008471085 -0.005074020 0.012967705 0.999914229 0.001799251 0.001350032 0.008447055 -0.001908886 0.999962449 1.235252380
0.999838769 -0.014585534 -0.010468784 -0.005229695 0.014591403 0.999893427 0.000484534 0.001690838 0.010460599 -0.000637210 0.999945104 1.314764738
0.999834299 -0.013794908 -0.011871009 -0.006698231 0.013796519 0.999904752 0.000053686 0.001390156 0.011869137 -0.000217455 0.999929547 1.394547105
0.999844909 -0.012051174 -0.012833316 -0.009195898 0.012036342 0.999926805 -0.001232332 0.001909402 0.012847226 0.001077674 0.999916852 1.472736835
0.999822795 -0.011102265 -0.015199772 -0.009725491 0.011089033 0.999938011 -0.000954508 0.001471277 0.015209424 0.000785789 0.999884009 1.553140521
0.999772191 -0.011585189 -0.017926572 -0.009459849 0.011582282 0.999932945 -0.000265884 0.001603702 0.017928446 0.000058193 0.999839306 1.632265568
0.999771655 -0.011228880 -0.018179733 -0.013303718 0.011253566 0.999935865 0.001256166 0.001423851 0.018164463 -0.001460466 0.999833941 1.711182475
0.999751687 -0.011054470 -0.019348122 -0.015508842 0.011091239 0.999936879 0.001794092 0.001332231 0.019327071 -0.002008241 0.999811172 1.789530158
0.999713302 -0.011859225 -0.020800533 -0.017224370 0.011891966 0.999928236 0.001451134 0.001761800 0.020781832 -0.001698077 0.999782622 1.866286039
0.999662817 -0.011846390 -0.023106668 -0.018784015 0.011872410 0.999929011 0.000989285 0.002045717 0.023093311 -0.001263283 0.999732554 1.943047404
0.999665380 -0.012081473 -0.022874692 -0.022342421 0.012109401 0.999926090 0.001082721 0.002113945 0.022859922 -0.001359358 0.999737740 2.019712925
0.999621987 -0.011929608 -0.024770012 -0.023432795 0.012009251 0.999923170 0.003069099 0.002607418 0.024731496 -0.003365409 0.999688447 2.095875978
0.999613285 -0.012600229 -0.024790656 -0.026408713 0.012749434 0.999901533 0.005869847 0.002812057 0.024714248 -0.006183644 0.999675393 2.170874834
0.999567151 -0.012750743 -0.026513569 -0.027285628 0.012955512 0.999887466 0.007565779 0.002734529 0.026414115 -0.007905999 0.999619842 2.246384382
0.999563754 -0.012587125 -0.026719615 -0.030525185 0.012760817 0.999898493 0.006339980 0.002901767 0.026637102 -0.006678178 0.999622881 2.320557833
0.999558330 -0.010216695 -0.027903719 -0.032335106 0.010317145 0.999940753 0.003458177 0.003587537 0.027866738 -0.003744537 0.999604642 2.391549349
0.999535084 -0.010381955 -0.028668242 -0.034639947 0.010419042 0.999945045 0.001144466 0.004338333 0.028654790 -0.001442630 0.999588311 2.462902784
0.999515831 -0.009302921 -0.029690081 -0.036954492 0.009347696 0.999955356 0.001369648 0.003830467 0.029676015 -0.001646518 0.999558210 2.532675266
0.999478340 -0.009158457 -0.030970920 -0.039628953 0.009185091 0.999957561 0.000717807 0.003995061 0.030963028 -0.001001903 0.999520063 2.601422310
0.999410152 -0.009451246 -0.033014424 -0.041831773 0.009465450 0.999955177 0.000273993 0.003711344 0.033010352 -0.000586328 0.999454856 2.670476913
0.999356270 -0.009549504 -0.034580916 -0.045326825 0.009567577 0.999954224 0.000357199 0.003646547 0.034575921 -0.000687824 0.999401808 2.737151146
0.999285340 -0.009351787 -0.036625091 -0.048170809 0.009404325 0.999954998 0.001262455 0.003917569 0.036611628 -0.001605987 0.999328256 2.804617167
0.999196649 -0.009628074 -0.038901951 -0.050329413 0.009774717 0.999945879 0.003581060 0.004000315 0.038865365 -0.003958439 0.999236584 2.871278048
0.999143004 -0.008239220 -0.040562801 -0.054247871 0.008444269 0.999952435 0.004886383 0.004138253 0.040520612 -0.005224719 0.999165058 2.938737631
0.999056220 -0.007003634 -0.042868298 -0.056558043 0.007213512 0.999962747 0.004743158 0.004975623 0.042833488 -0.005047911 0.999069452 3.003844976
0.998998880 -0.004439649 -0.044514928 -0.060714439 0.004641604 0.999979377 0.004434470 0.004253726 0.044494320 -0.004636652 0.998999000 3.066428661
0.998920202 -0.002889959 -0.046368029 -0.063733071 0.003061031 0.999988735 0.003618850 0.004893280 0.046357054 -0.003756877 0.998917878 3.129374266
0.998855591 -0.002796189 -0.047746252 -0.067657128 0.003032753 0.999983490 0.004882880 0.004781633 0.047731813 -0.005022095 0.998847485 3.191196680
0.998794317 -0.001317293 -0.049072243 -0.070478477 0.001646088 0.999976456 0.006660417 0.005138410 0.049062315 -0.006733164 0.998772979 3.252994537
0.998807013 0.001522048 -0.048811179 -0.074993357 -0.001163130 0.999972045 0.007380760 0.005206989 0.048821051 -0.007315180 0.998780727 3.311849117
0.998840988 0.004739156 -0.047899611 -0.077718198 -0.004492646 0.999976099 0.005252720 0.005413691 0.047923356 -0.005031436 0.998838305 3.369509697
0.998939574 0.006210247 -0.045619193 -0.081925482 -0.006111798 0.999978602 0.002297244 0.005124011 0.045632500 -0.002015993 0.998956203 3.427749872
0.999025404 0.006811176 -0.043609198 -0.084413394 -0.006805951 0.999976814 0.000268286 0.005872368 0.043610018 0.000028778 0.999048591 3.483834743
0.999136150 0.008002042 -0.040779311 -0.086617969 -0.007968917 0.999967754 0.000974831 0.006039419 0.040785789 -0.000649022 0.999167681 3.541737080
0.999212623 0.012598408 -0.037622064 -0.089505032 -0.012464071 0.999915123 0.003803153 0.005971206 0.037666783 -0.003331235 0.999284804 3.598147631
0.999296784 0.016665764 -0.033587202 -0.092211440 -0.016435577 0.999839604 0.007117737 0.006077643 0.033700433 -0.006560707 0.999410450 3.652993202
0.999338686 0.021401357 -0.029395668 -0.094163828 -0.021187369 0.999746859 0.007571730 0.007010566 0.029550271 -0.006943907 0.999539196 3.707032919
0.999386489 0.025424302 -0.024087733 -0.095875606 -0.025228044 0.999646306 0.008416655 0.006619826 0.024293197 -0.007803803 0.999674439 3.758450270
0.999403417 0.029319352 -0.018251281 -0.097426035 -0.029136945 0.999523640 0.010180982 0.007216480 0.018541079 -0.009643121 0.999781609 3.809495687
0.999340415 0.034381527 -0.011683257 -0.098491281 -0.034246884 0.999346793 0.011535546 0.007509869 0.012072236 -0.011127822 0.999865234 3.857633591
0.999289334 0.037390519 -0.004767749 -0.098768704 -0.037335426 0.999240458 0.011164870 0.007720444 0.005181588 -0.010978930 0.999926329 3.905745268
0.999158561 0.040930226 0.002612418 -0.099418275 -0.040957235 0.999097109 0.011292354 0.007704895 -0.002147861 -0.011389851 0.999932826 3.949479103
0.998921692 0.045293324 0.010194407 -0.099508159 -0.045405310 0.998907685 0.011035548 0.007777240 -0.009683436 -0.011486528 0.999887109 3.992118120
0.998601913 0.049632143 0.018188279 -0.100060068 -0.049789440 0.998725176 0.008299363 0.008037716 -0.017753176 -0.009193345 0.999800146 4.034232140
0.998287380 0.052484114 0.025840085 -0.098585248 -0.052643210 0.998598278 0.005515019 0.007371277 -0.025514411 -0.006865879 0.999650836 4.071251869
0.998049796 0.052358929 0.033986505 -0.097510263 -0.052555684 0.998605847 0.004921153 0.008404605 -0.033681460 -0.006697740 0.999410152 4.110291004
0.997807503 0.051329885 0.041776925 -0.095473766 -0.051628727 0.998647571 0.006105361 0.008687949 -0.041407038 -0.008248865 0.999108315 4.145329952
0.997335374 0.053316317 0.049795084 -0.093606904 -0.053716991 0.998533368 0.006742097 0.009056244 -0.049362592 -0.009398973 0.998736680 4.179749489
0.996690452 0.056109305 0.058820739 -0.092528507 -0.056630749 0.998368919 0.007234279 0.008409312 -0.058318891 -0.010541398 0.998242319 4.210589409
0.995829999 0.061158780 0.067692019 -0.090671569 -0.061756644 0.998068213 0.006772988 0.007838532 -0.067147031 -0.010925177 0.997683287 4.239242077
0.994993150 0.064616188 0.076246046 -0.087448925 -0.065289088 0.997846067 0.006363359 0.008993080 -0.075670645 -0.011309533 0.997068703 4.265522957
0.994264424 0.063787267 0.085845247 -0.086282343 -0.064649574 0.997881353 0.007299963 0.008167645 -0.085197747 -0.012807955 0.996281683 4.289690495
0.993305266 0.063004330 0.096824847 -0.083583504 -0.063859597 0.997942209 0.005756546 0.007461477 -0.096262932 -0.011901204 0.995284736 4.313509941
0.992182791 0.061539065 0.108564645 -0.080855787 -0.062031470 0.998073518 0.001160966 0.007392520 -0.108284064 -0.007886317 0.994088650 4.336379528
0.990585625 0.062726997 0.121677384 -0.076725364 -0.062852629 0.998018801 -0.002809227 0.007351296 -0.121612556 -0.004864965 0.992565751 4.360713959
0.988461375 0.064844966 0.136891708 -0.072215199 -0.064810365 0.997886539 -0.004714430 0.006824670 -0.136908114 -0.004211970 0.990574896 4.382671356
0.985953808 0.066472225 0.153220698 -0.067697406 -0.066315167 0.997779787 -0.006141163 0.006328013 -0.153288737 -0.004105953 0.988172948 4.404487133
0.983136356 0.066638298 0.170300424 -0.063990235 -0.066271216 0.997770786 -0.007845598 0.007332392 -0.170443624 -0.003572721 0.985360980 4.427782059
0.979901671 0.065746404 0.188334897 -0.058459878 -0.065201893 0.997830629 -0.009092058 0.007417038 -0.188524097 -0.003370465 0.982062757 4.448805809
0.976069689 0.064776354 0.207586288 -0.052051127 -0.064228773 0.997891009 -0.009384072 0.007310711 -0.207756370 -0.004173501 0.978171766 4.470883846
0.971419513 0.065057084 0.228279978 -0.047214270 -0.064358540 0.997871339 -0.010511076 0.006501198 -0.228477910 -0.004481102 0.973538816 4.492928982
0.966306329 0.066891253 0.248551041 -0.039649844 -0.065726243 0.997753024 -0.012992408 0.006538764 -0.248861656 -0.003781682 0.968531668 4.513125896
0.960002542 0.068036966 0.271598905 -0.032703996 -0.066489495 0.997675776 -0.014907056 0.005584255 -0.271981925 -0.003747663 0.962294996 4.534338474
0.952695489 0.069468573 0.295880586 -0.024583936 -0.067733362 0.997573137 -0.016123740 0.005434930 -0.296282589 -0.004679975 0.955088854 4.556231499
0.944143593 0.072618999 0.321433365 -0.015509605 -0.070845991 0.997338533 -0.017225772 0.004962213 -0.321828783 -0.006508660 0.946775556 4.577302456
0.934378803 0.074190229 0.348470837 -0.006566882 -0.072329976 0.997211635 -0.018365199 0.004241034 -0.348861724 -0.008044839 0.937139630 4.597045898
0.923112094 0.075296812 0.377086788 0.003803253 -0.073312946 0.997115672 -0.019633604 0.003189929 -0.377477527 -0.009521324 0.925969720 4.617714405
0.910599947 0.073578067 0.406686634 0.016572833 -0.070792489 0.997250319 -0.021913951 0.002754994 -0.407180727 -0.008835516 0.913304806 4.638313293
0.895649314 0.070713952 0.439103425 0.028403163 -0.066639788 0.997471154 -0.024707720 0.002129748 -0.439740181 -0.007132310 0.898096740 4.658233643
0.878295541 0.069856897 0.472987294 0.042024136 -0.063718908 0.997546136 -0.029010190 0.001393855 -0.473853260 -0.004658715 0.880591452 4.677862167
0.858885527 0.071765475 0.507114828 0.056957245 -0.063234918 0.997417569 -0.034052618 0.000522941 -0.508249164 -0.002820067 0.861205518 4.697750092
0.837200105 0.073255248 0.541968346 0.073857307 -0.062347125 0.997312069 -0.038491786 -0.000422776 -0.543331206 -0.001564843 0.839516938 4.717595100
0.812577784 0.076462664 0.577815533 0.090188026 -0.063786514 0.997069240 -0.042240236 -0.001648575 -0.579351842 -0.002533359 0.815073609 4.736904621
0.785553873 0.080565877 0.613526165 0.110651016 -0.066728540 0.996735632 -0.045448758 -0.002581924 -0.615184844 -0.005237262 0.788365424 4.756874561
0.755395114 0.085199095 0.649707139 0.131042957 -0.070556723 0.996322215 -0.048618127 -0.003445894 -0.651459754 -0.009115304 0.758628309 4.779042244
0.722554743 0.085585997 0.685995340 0.153904676 -0.069544628 0.996272027 -0.051045720 -0.005443871 -0.687806726 -0.010823973 0.725813091 4.798995495
0.685515881 0.083205022 0.723287582 0.177608728 -0.066067316 0.996458650 -0.052012734 -0.007401854 -0.725053847 -0.012130111 0.688585341 4.819683075
0.646236241 0.081431046 0.758780360 0.203292131 -0.062923588 0.996590793 -0.053361833 -0.009442538 -0.760538757 -0.013260828 0.649157047 4.838710785
0.603903830 0.081726186 0.792856157 0.236315489 -0.061464034 0.996542394 -0.055905767 -0.010681078 -0.794683695 -0.014970432 0.606838942 4.860380173
0.558014691 0.081124835 0.825856209 0.269374847 -0.057357471 0.996600389 -0.059141934 -0.012529850 -0.827846527 -0.014366952 0.560770750 4.879598618
0.509956181 0.080166779 0.856456637 0.303379297 -0.054367654 0.996660948 -0.060918428 -0.014572084 -0.858480573 -0.015497815 0.512611926 4.895897388
0.461236417 0.077842958 0.883855939 0.340844274 -0.051991250 0.996803582 -0.060659066 -0.017136678 -0.885752738 -0.017974608 0.463809371 4.912489891
0.411371887 0.075063944 0.908371389 0.383569002 -0.050728686 0.996943951 -0.059409808 -0.019479223 -0.910054803 -0.021640951 0.413922548 4.930446148
0.361107975 0.075783491 0.929439545 0.420971990 -0.054910023 0.996690989 -0.059933189 -0.021037057 -0.930905998 -0.029393189 0.364074260 4.942413330
0.311148286 0.076351240 0.947289407 0.463555813 -0.053525422 0.996593297 -0.062744074 -0.023429513 -0.948852897 -0.031181348 0.314175010 4.954839706
0.264943689 0.072652750 0.961522996 0.506488919 -0.041640561 0.997089326 -0.063866280 -0.026012838 -0.963364363 -0.023117393 0.267197818 4.961982250
0.220965415 0.067629300 0.972934008 0.553707123 -0.027826373 0.997623861 -0.063025795 -0.027263105 -0.974884629 -0.013146701 0.222322255 4.969046593
0.178688139 0.065999709 0.981689692 0.599851847 -0.019182239 0.997791708 -0.063590690 -0.030982479 -0.983718753 -0.007468102 0.179559529 4.973805428
0.140678346 0.066814549 0.987798274 0.649788439 -0.016534308 0.997739673 -0.065132223 -0.034519665 -0.989917278 -0.007169867 0.141465098 4.978403568
0.107615463 0.068136528 0.991854966 0.698858261 -0.006856847 0.997675836 -0.067792445 -0.036499679 -0.994168937 0.000494517 0.107832558 4.981948376
0.078666314 0.066527359 0.994678676 0.749850631 -0.000359076 0.997772574 -0.066705890 -0.039946608 -0.996900916 0.004890342 0.078514978 4.983703613
0.053514663 0.064979628 0.996450603 0.803546548 0.007403534 0.997827291 -0.065467007 -0.042706169 -0.998539567 0.010880701 0.052917298 4.985191345
0.033579811 0.063808024 0.997397065 0.856428266 0.012192332 0.997859478 -0.064248092 -0.045510538 -0.999361634 0.014318035 0.032729961 4.985751152
0.017752497 0.065821685 0.997673452 0.913047075 0.014617517 0.997707129 -0.066083975 -0.048251659 -0.999735534 0.015756667 0.016749639 4.985359669
0.004396665 0.065201923 0.997862339 0.968477190 0.014733818 0.997759640 -0.065260105 -0.052041672 -0.999881685 0.014989250 0.003426141 4.985515118
-0.007502702 0.066121995 0.997783363 1.027187586 0.016253671 0.997687697 -0.065993451 -0.055396147 -0.999839723 0.015722513 -0.008560078 4.984415531
-0.016161559 0.069167927 0.997474074 1.082201600 0.020428548 0.997418940 -0.068833105 -0.058464393 -0.999660671 0.019264497 -0.017532846 4.983003616
-0.022767972 0.071133927 0.997206867 1.145855308 0.025023969 0.997193515 -0.070561633 -0.061938994 -0.999427557 0.023347525 -0.024484124 4.980096340
-0.027316015 0.070534907 0.997135162 1.205631137 0.025283158 0.997237086 -0.069849499 -0.065178454 -0.999307036 0.023302713 -0.029023889 4.978187084
-0.031219395 0.067968920 0.997198880 1.270506859 0.023332201 0.997462869 -0.067256466 -0.068171322 -0.999240339 0.021167137 -0.032726049 4.976784229
-0.034107968 0.060606085 0.997578919 1.334360003 0.021332055 0.997976363 -0.059900887 -0.072506011 -0.999190509 0.019237308 -0.035331804 4.976125717
-0.034580238 0.055033099 0.997885585 1.398878574 0.022651348 0.998269379 -0.054269325 -0.075982563 -0.999145210 0.020726807 -0.035766970 4.972737312
-0.035240084 0.052835848 0.997981191 1.467189550 0.024837444 0.998339295 -0.051977761 -0.078718983 -0.999070168 0.022955600 -0.036493860 4.969345093
-0.034900099 0.054758925 0.997889459 1.534755588 0.028165707 0.998155057 -0.053788424 -0.083169483 -0.998993814 0.026229043 -0.036378033 4.966382980
-0.033992331 0.062023580 0.997495651 1.599991322 0.029143315 0.997709572 -0.061043739 -0.086103238 -0.998996973 0.026995312 -0.035722051 4.964601994
-0.032233119 0.070436470 0.996995449 1.668315887 0.029770151 0.997138739 -0.069484115 -0.089042082 -0.999036908 0.027441014 -0.034237791 4.962985039
-0.029844224 0.071591675 0.996987462 1.737487555 0.030192876 0.997041106 -0.070691727 -0.091911510 -0.999098420 0.027992180 -0.031917471 4.960738182
-0.027175687 0.066621095 0.997408271 1.808834195 0.029663919 0.997390985 -0.065811716 -0.096626781 -0.999190450 0.027798558 -0.029081026 4.958351135
-0.025517369 0.060479052 0.997843266 1.880678296 0.029013840 0.997792602 -0.059734032 -0.100890756 -0.999253273 0.027427005 -0.027215771 4.957560062
-0.022961799 0.058621369 0.998016179 1.950310826 0.027326046 0.997943223 -0.057988383 -0.105526157 -0.999362886 0.025940314 -0.024516461 4.957248211
-0.019221954 0.064275861 0.997747064 2.020107985 0.035147771 0.997358024 -0.063573666 -0.109466776 -0.999197245 0.033846576 -0.021430325 4.954803944
-0.016109187 0.069762610 0.997433543 2.092146158 0.036559638 0.996937037 -0.069137417 -0.113551870 -0.999201596 0.035352070 -0.018610341 4.953221798
-0.013537732 0.070345066 0.997430861 2.163409710 0.030327715 0.997092247 -0.069909550 -0.117667019 -0.999448299 0.029303385 -0.015631774 4.953049183
-0.009729709 0.067047887 0.997702241 2.233318806 0.026127039 0.997426033 -0.066774510 -0.121082410 -0.999611259 0.025417311 -0.011456425 4.952279091
-0.005732002 0.063018449 0.997995913 2.307299614 0.029987711 0.997574210 -0.062819600 -0.126712352 -0.999533951 0.029567530 -0.007607876 4.952678680
-0.001861916 0.064210743 0.997934639 2.376737595 0.034803867 0.997335970 -0.064107306 -0.131065115 -0.999392509 0.034612626 -0.004091739 4.951752663
0.000272612 0.068804316 0.997630179 2.448316813 0.034350544 0.997040808 -0.068773054 -0.135714278 -0.999409795 0.034287885 -0.002091661 4.953341961
0.004181074 0.069441810 0.997577250 2.520736933 0.030707479 0.997106612 -0.069537744 -0.140184850 -0.999519646 0.030923823 0.002036593 4.953594685
0.007799859 0.068773270 0.997601748 2.592640877 0.029948002 0.997168601 -0.068977550 -0.145031974 -0.999521017 0.030414196 0.005718152 4.954813480
0.012023114 0.065607876 0.997773051 2.664767504 0.034149256 0.997236252 -0.065984070 -0.150032133 -0.999344409 0.034866542 0.009749423 4.954723835
0.015355834 0.066522986 0.997666717 2.735528231 0.038264755 0.997014284 -0.067068443 -0.154023379 -0.999149621 0.039205369 0.012764502 4.955135822
0.018556135 0.067454360 0.997549772 2.806065321 0.041377712 0.996814907 -0.068174362 -0.158279032 -0.998971224 0.042541392 0.015705926 4.957130432
0.020910619 0.067135565 0.997524679 2.877586842 0.041625731 0.996819198 -0.067960657 -0.163767204 -0.998914421 0.042943794 0.018049540 4.959925652
0.024632590 0.065720797 0.997533977 2.950778961 0.042714786 0.996856272 -0.066730909 -0.167839542 -0.998783708 0.044253200 0.021747895 4.960509777
0.027790645 0.064721026 0.997516394 3.023465395 0.044928651 0.996812403 -0.065927066 -0.172693565 -0.998603523 0.046649218 0.024794228 4.963912964
0.031277675 0.065340981 0.997372687 3.094460011 0.043238841 0.996838391 -0.066661946 -0.176754668 -0.998575032 0.045210265 0.028353516 4.965074062
0.034105953 0.066600338 0.997196674 3.168074846 0.040494937 0.996865690 -0.067963235 -0.181569293 -0.998597503 0.042699374 0.031302087 4.968299866
0.037170481 0.066687189 0.997081399 3.240248680 0.042264942 0.996773124 -0.068242192 -0.185609818 -0.998414755 0.044678181 0.034232009 4.970782757
0.040063951 0.066311799 0.996994436 3.312700987 0.040321928 0.996875346 -0.067924224 -0.190577820 -0.998383224 0.042922039 0.037264951 4.973868847
0.042637132 0.067001298 0.996841550 3.386450291 0.038725268 0.996888280 -0.068660803 -0.194419056 -0.998339891 0.041530453 0.039909810 4.977315426
0.044920884 0.066591747 0.996768594 3.459598303 0.035317995 0.997046232 -0.068201967 -0.200236946 -0.998365998 0.038267560 0.042436317 4.981632710
0.048447289 0.068549618 0.996470571 3.533196211 0.034187440 0.996943891 -0.070244305 -0.204682857 -0.998240530 0.037469927 0.045955688 4.985682487
0.051485922 0.072019577 0.996073425 3.606222868 0.032032903 0.996764123 -0.073725238 -0.210007697 -0.998159826 0.035702944 0.049012326 4.990335941
0.054354504 0.074177690 0.995762646 3.680830002 0.032807305 0.996565819 -0.076028325 -0.214887172 -0.997982621 0.036800772 0.051734276 4.995558739
0.057521153 0.076612212 0.995400369 3.754740715 0.026899597 0.996570349 -0.078256689 -0.219759792 -0.997981906 0.031277284 0.055263035 5.000468254
0.059798349 0.075484730 0.995352268 3.830058575 0.022711433 0.996775806 -0.076957114 -0.225371122 -0.997952163 0.027207782 0.057891164 5.007087231
0.063717060 0.075962961 0.995072722 3.904073000 0.025256304 0.996656716 -0.077701114 -0.230684668 -0.997648299 0.030082749 0.061585497 5.010349274
0.067366600 0.077403277 0.994721234 3.979812622 0.024136057 0.996567965 -0.079181567 -0.235760286 -0.997436225 0.029342845 0.065267190 5.016578197
0.071532793 0.078578971 0.994338155 4.055022240 0.020282943 0.996571243 -0.080214582 -0.241003573 -0.997232020 0.025906084 0.069693714 5.021677017
0.075495072 0.076348141 0.994219005 4.133164883 0.018994408 0.996773422 -0.077986628 -0.246733755 -0.996965230 0.024772208 0.073801294 5.028205872
0.080093838 0.075928196 0.993891299 4.208953381 0.018852878 0.996800900 -0.077669747 -0.253171980 -0.996609032 0.024958579 0.078406148 5.035111427
0.084599733 0.079909548 0.993205547 4.286535263 0.015063384 0.996562660 -0.081462711 -0.258598983 -0.996301234 0.021852765 0.083105214 5.043751717
0.091250062 0.088770680 0.991863608 4.364206314 0.013850271 0.995809376 -0.090398051 -0.263821363 -0.995731652 0.021986406 0.089638188 5.049898624
0.098600931 0.093502998 0.990724564 4.440302849 0.012676103 0.995377123 -0.095203683 -0.269897163 -0.995046318 0.021945698 0.096959867 5.057894230
0.105617635 0.096516363 0.989711761 4.518029213 0.008187081 0.995160520 -0.097921416 -0.276675999 -0.994373143 0.018445082 0.104316302 5.067992687
0.112652041 0.094747394 0.989106894 4.597261429 0.004053327 0.995391309 -0.095811024 -0.283636391 -0.993626237 0.014802481 0.111748815 5.077479362
0.121015556 0.093480781 0.988239110 4.674883842 0.003804534 0.995504856 -0.094633959 -0.289891362 -0.992643297 0.015211968 0.120115913 5.086056709
0.128712177 0.089745231 0.987612784 4.756599903 0.003480061 0.995849669 -0.090947255 -0.297192484 -0.991675913 0.015142971 0.127865642 5.096759796
0.135641366 0.084028296 0.987188280 4.831529140 0.000544755 0.996390581 -0.084886432 -0.305062413 -0.990757823 0.012051888 0.135105997 5.108312130
0.142390534 0.076523192 0.986848056 4.912145138 -0.001257899 0.997020125 -0.077130497 -0.310313880 -0.989809752 0.009741294 0.142062530 5.121165276
0.149577245 0.073909931 0.985983729 4.987379074 -0.002403684 0.997226417 -0.074388042 -0.317207217 -0.988747120 0.008756766 0.149340078 5.132695675
0.156620488 0.076289855 0.984708071 5.065953255 -0.000513358 0.997018337 -0.077161968 -0.321021378 -0.987658739 0.011579634 0.156192690 5.147371769
0.162811488 0.082411349 0.983209431 5.142816067 -0.000780663 0.996516049 -0.083397433 -0.328053772 -0.986656845 0.012810503 0.162308604 5.159569263
0.168226615 0.086205892 0.981971622 5.217092514 -0.002783014 0.996206224 -0.086978748 -0.333635300 -0.985744357 0.011899301 0.167828307 5.171933651
0.173108026 0.089040942 0.980869710 5.291525841 -0.003544740 0.995954812 -0.089784749 -0.339800835 -0.984896481 0.012065534 0.172723398 5.186685562
0.177799270 0.088433892 0.980085135 5.368360519 -0.006585854 0.996038496 -0.088678628 -0.347497582 -0.984044731 0.009312300 0.177677363 5.201980591
0.183347434 0.085384026 0.979333043 5.442444324 -0.002473328 0.996257782 -0.086396582 -0.353679836 -0.983045101 0.013418376 0.182872474 5.215174675
0.187976435 0.079187609 0.978976071 5.516453266 -0.001825271 0.996770978 -0.080276541 -0.358982801 -0.982171834 0.013303198 0.187513992 5.229467392
0.190843984 0.073324375 0.978877962 5.589469433 -0.003723179 0.997253180 -0.073974907 -0.364164710 -0.981613338 0.010473128 0.190592736 5.244810104
0.194337845 0.069527686 0.978467464 5.660096645 -0.007410382 0.997560501 -0.069412574 -0.370451689 -0.980906665 0.006238671 0.194378972 5.259854317
0.197974026 0.069789298 0.977719605 5.731068611 -0.009255805 0.997550786 -0.069330677 -0.375289738 -0.980163515 0.004676088 0.198135093 5.274029732
0.199831635 0.071803689 0.977195740 5.799620152 -0.011422342 0.997414172 -0.070953526 -0.380644560 -0.979763687 0.003016894 0.200135082 5.289296627
0.201286823 0.076078162 0.976573467 5.867123604 -0.015570714 0.997101724 -0.074468032 -0.385701180 -0.979408503 -0.000216515 0.201888040 5.304241180
0.203393057 0.080408946 0.975789845 5.934092522 -0.016405046 0.996761858 -0.078717686 -0.390532821 -0.978959739 0.000002754 0.204053581 5.318438530
0.205017537 0.085831493 0.974987566 5.998211384 -0.016795829 0.996309280 -0.084176742 -0.395745754 -0.978614092 0.000881985 0.205702499 5.333578587
0.206891432 0.087473504 0.974445760 6.065162659 -0.015879543 0.996164143 -0.086051621 -0.401310652 -0.978235006 0.002329589 0.207486883 5.348269939
0.208205223 0.087366238 0.974175394 6.130122662 -0.018199537 0.996176302 -0.085449629 -0.406588435 -0.977915764 0.000061517 0.208999097 5.362765312
0.208921894 0.084348872 0.974287927 6.193395615 -0.018055035 0.996436238 -0.082394719 -0.412099659 -0.977765679 -0.000376742 0.209700257 5.376482964
0.209467322 0.081839599 0.974384785 6.256681442 -0.017888773 0.996645272 -0.079863645 -0.417426229 -0.977652013 -0.000701720 0.210228607 5.391567230
0.209336013 0.080723107 0.974506140 6.319241047 -0.017026795 0.996736586 -0.078906983 -0.422414601 -0.977695465 -0.000074640 0.210027322 5.405238628
0.207512826 0.080132015 0.974944711 6.380403042 -0.017268989 0.996784091 -0.078251377 -0.427449048 -0.978079855 -0.000598140 0.208229274 5.419327736
0.205979526 0.080770001 0.975217223 6.439389706 -0.018833388 0.996730387 -0.078573897 -0.432404727 -0.978375018 -0.002182029 0.206827268 5.431642532
0.203976810 0.083555184 0.975403488 6.498775959 -0.018957585 0.996501446 -0.081398040 -0.436768651 -0.978792131 -0.001887982 0.204847202 5.444690704
0.202008560 0.087926187 0.975428820 6.557367802 -0.016695820 0.996126354 -0.086334221 -0.441443622 -0.979241431 0.001154668 0.202694058 5.456732750
0.199865699 0.088221401 0.975843489 6.613996029 -0.015460596 0.996098280 -0.086885996 -0.446816266 -0.979701340 0.002278407 0.200449824 5.468298912
0.197443828 0.086884685 0.976456344 6.670695305 -0.015901605 0.996217430 -0.085427657 -0.451032698 -0.980185270 0.001339939 0.198078573 5.479990005
0.195166990 0.084193900 0.977149546 6.726433754 -0.016989045 0.996449232 -0.082463585 -0.455829501 -0.980622947 -0.000506669 0.195904389 5.491437435
0.192974314 0.080017544 0.977935612 6.781534672 -0.015968379 0.996793330 -0.078409530 -0.461126953 -0.981073856 -0.000485024 0.193633229 5.501931190
0.191457182 0.079226024 0.978298247 6.835301399 -0.012343428 0.996852517 -0.078312941 -0.465722233 -0.981423318 0.002918022 0.191832453 5.511628151
0.190056339 0.080673017 0.978453040 6.889973164 -0.007649900 0.996709764 -0.080692329 -0.469882846 -0.981743336 0.007851021 0.190048113 5.521612167
0.187097907 0.082494192 0.978871346 6.941277027 -0.004750842 0.996531963 -0.083074488 -0.474089116 -0.982329786 0.010892597 0.186840966 5.531076431
0.185371071 0.084702276 0.979011297 6.992694855 -0.005492491 0.996351898 -0.085162573 -0.477883756 -0.982653260 0.010409467 0.185160041 5.541491985
0.183765128 0.087289900 0.979086757 7.045907497 -0.005573489 0.996125817 -0.087762929 -0.481920779 -0.982954383 0.010670834 0.183539689 5.552284241
0.183032751 0.085220583 0.979406178 7.098699570 -0.003676407 0.996288121 -0.086002477 -0.486791372 -0.983099937 0.012140574 0.182666659 5.560690403
0.183655575 0.083546065 0.979433894 7.150141716 0.002537518 0.996337891 -0.085463822 -0.491250515 -0.982987404 0.018181236 0.182771042 5.570333481
0.185794935 0.081993602 0.979161501 7.204912663 0.007209089 0.996371686 -0.084802657 -0.494402945 -0.982562006 0.022814771 0.184529722 5.579343319
0.188747868 0.080821946 0.978694022 7.257965088 0.009740787 0.996404409 -0.084163055 -0.499709606 -0.981977224 0.025418848 0.187281922 5.587924957
0.191874385 0.080756269 0.978091300 7.311645508 0.007148698 0.996467412 -0.083675861 -0.503887415 -0.981393397 0.023047334 0.190619260 5.599402905
0.196811050 0.081602693 0.977039635 7.365465641 0.005898526 0.996413708 -0.084409006 -0.507943571 -0.980423629 0.022375716 0.195623919 5.611483097
0.203648627 0.080526978 0.975726783 7.419939041 0.007288537 0.996459365 -0.083759286 -0.511290908 -0.979016900 0.024169078 0.202340648 5.622630119
0.210806176 0.080877960 0.974176347 7.474188805 0.005144261 0.996465802 -0.083841667 -0.515830874 -0.977514327 0.022685757 0.209645092 5.635656834
0.219369411 0.078852020 0.972450197 7.530031204 0.005535748 0.996612012 -0.082059965 -0.519931078 -0.975626171 0.023384692 0.218189716 5.648636818
0.227890179 0.078418173 0.970523894 7.584383488 0.002471438 0.996701777 -0.081113659 -0.524615049 -0.973683715 0.020883596 0.226944759 5.663280010
0.237735584 0.078051552 0.968188822 7.641238689 0.000711292 0.996752024 -0.080528833 -0.529285669 -0.971329689 0.019833239 0.236907899 5.677849770
0.247482732 0.081881829 0.965426087 7.697805882 -0.004287142 0.996505320 -0.083418794 -0.533303440 -0.968882740 0.016505791 0.246968880 5.693305016
0.256517500 0.084540918 0.962835133 7.754776478 -0.007765447 0.996315420 -0.085411772 -0.536793292 -0.966508329 0.014432768 0.256228834 5.710647583
0.267638981 0.086821020 0.959599614 7.813295364 -0.011731112 0.996151745 -0.086856239 -0.541761220 -0.963447750 0.011988944 0.267627537 5.727407932
0.277674317 0.088865966 0.956556141 7.871266365 -0.013316704 0.995972693 -0.088662192 -0.546440840 -0.960582912 0.011881039 0.277739495 5.746006966
0.287607849 0.089660689 0.953542233 7.929728985 -0.016213462 0.995921433 -0.088755272 -0.550981760 -0.957611024 0.010066489 0.287888527 5.764424324
0.297658294 0.090231873 0.950398684 7.990875721 -0.017217008 0.995868862 -0.089156598 -0.555581808 -0.954517186 0.010175177 0.297982156 5.785502434
0.308128834 0.091022044 0.946980238 8.053316116 -0.021656537 0.995825529 -0.088670366 -0.560819983 -0.951098084 0.006813582 0.308813810 5.806303501
0.319076866 0.086287469 0.943792582 8.116149902 -0.021199470 0.996247411 -0.083916113 -0.565393031 -0.947491705 0.006767787 0.319708765 5.827566147
0.329447091 0.079275951 0.940840006 8.179907799 -0.017772188 0.996812999 -0.077769130 -0.570162117 -0.944006681 0.008900024 0.329806119 5.850417614
0.340078741 0.074578062 0.937435091 8.242821693 -0.015628878 0.997160971 -0.073659793 -0.575040102 -0.940267086 0.010399072 0.340278834 5.874645710
0.350569159 0.071564846 0.933798492 8.308246613 -0.016892102 0.997397065 -0.070097253 -0.579472661 -0.936384499 0.008800117 0.350865543 5.899456501
0.359949976 0.069107980 0.930408597 8.374259949 -0.010543253 0.997490466 -0.070011720 -0.583333611 -0.932912052 0.015391184 0.359775335 5.925072670
0.368321717 0.063876353 0.927501440 8.442342758 -0.004196611 0.997740924 -0.067047186 -0.587241173 -0.929688931 0.020802569 0.367757797 5.952173710
0.375001013 0.054260250 0.925435066 8.510345459 0.005938727 0.998124480 -0.060928658 -0.591316164 -0.927005410 0.028344214 0.373975486 5.979941368
0.382221073 0.050187040 0.922707081 8.579056740 0.010449235 0.998225451 -0.058623053 -0.595359743 -0.924011767 0.032048550 0.381018400 6.007444382
0.389629990 0.049938563 0.919616580 8.649385452 0.012942624 0.998133302 -0.059685934 -0.599661231 -0.920880556 0.035157673 0.388256252 6.037062168
0.397123486 0.056551039 0.916021287 8.718096733 0.014728975 0.997578502 -0.067971483 -0.603298485 -0.917647004 0.040485129 0.395328939 6.066742420
0.404491574 0.061235383 0.912489295 8.787974358 0.018702688 0.996993303 -0.075196877 -0.606621087 -0.914350510 0.047482498 0.402130127 6.096382618
0.409479171 0.063498460 0.910107017 8.852044106 0.016604789 0.996890903 -0.077024296 -0.611187994 -0.912168384 0.046651974 0.407151699 6.126322269
0.413266093 0.064648688 0.908312559 8.919616699 0.009134222 0.997132242 -0.075126290 -0.618999243 -0.910564482 0.039343879 0.411490440 6.160094261
0.418281615 0.067655921 0.905794203 8.988619804 0.003576575 0.997091711 -0.076126754 -0.623230219 -0.908310354 0.035082065 0.416823059 6.191216469
0.422041863 0.070719853 0.903813779 9.052868843 0.003246763 0.996828377 -0.079513997 -0.628155708 -0.906570613 0.036492702 0.420473665 6.222666740
0.425110459 0.074809730 0.902044713 9.116117477 -0.000036737 0.996580064 -0.082632586 -0.634510875 -0.905141473 0.035094839 0.423659295 6.254430771
0.430079103 0.077729560 0.899438739 9.183136940 -0.003090668 0.996407509 -0.084631748 -0.639658809 -0.902785897 0.033618487 0.428774357 6.284783363
0.433659792 0.075640440 0.897896230 9.246387482 -0.004017752 0.996622860 -0.082016893 -0.646190941 -0.901067734 0.031959906 0.432499230 6.317017555
0.438733548 0.072675772 0.895673513 9.309968948 -0.002693765 0.996826172 -0.079563886 -0.651129067 -0.898613095 0.032494608 0.437536895 6.346837044
0.441381097 0.070207089 0.894568980 9.371109962 -0.003548116 0.997063220 -0.076500349 -0.656790972 -0.897312701 0.030591777 0.440334022 6.378518581
0.445162505 0.068741873 0.892807245 9.431957245 -0.003749613 0.997183263 -0.074908726 -0.662203312 -0.895441890 0.029998874 0.444166392 6.409244537
0.448391140 0.070723936 0.891035080 9.491097450 -0.005850935 0.997075617 -0.076196328 -0.666957498 -0.893818319 0.028952373 0.447493672 6.439685822
0.450909942 0.071672842 0.889687121 9.549458504 -0.005357606 0.996970117 -0.077600189 -0.671387553 -0.892553270 0.030224109 0.449927777 6.470174789
0.453331470 0.069885582 0.888598084 9.607509613 -0.003150603 0.997041047 -0.076806977 -0.675990224 -0.891336441 0.032019399 0.452210277 6.499079227
0.455786020 0.069066860 0.887405753 9.666579247 -0.001424524 0.997040212 -0.076868072 -0.680602551 -0.890088260 0.033771258 0.454535365 6.527750969
0.457049072 0.068701118 0.886784196 9.724102974 -0.002148758 0.997094810 -0.076139644 -0.685512841 -0.889438868 0.032894071 0.455868870 6.560374260
0.458953112 0.068041489 0.885851264 9.776786804 -0.002170687 0.997146070 -0.075465314 -0.691664338 -0.888457835 0.032712135 0.457790911 6.586111546
0.461231321 0.070046179 0.884510756 9.832061768 -0.002889414 0.996992230 -0.077447124 -0.695918620 -0.887275159 0.033165324 0.460046470 6.615632057
0.463866115 0.069922276 0.883141637 9.884842873 0.000175482 0.996873140 -0.079019062 -0.701020539 -0.885905325 0.036809243 0.462403327 6.644270897
0.467098027 0.069282152 0.881487072 9.939174652 0.002262837 0.996828556 -0.079546712 -0.705428004 -0.884202540 0.039150782 0.465459883 6.673773766
0.470241874 0.067250922 0.879971504 9.989442825 0.004886903 0.996878624 -0.078796931 -0.710383892 -0.882524014 0.041353952 0.468445510 6.699869156
0.473933131 0.066086210 0.878077388 10.040408134 0.007234445 0.996853828 -0.078930326 -0.714416862 -0.880531132 0.043760102 0.471963942 6.726406097
0.477076024 0.065614961 0.876409173 10.089209557 0.007689543 0.996859252 -0.078818642 -0.718917549 -0.878828406 0.044341668 0.475073099 6.752672195
0.480697989 0.065011717 0.874472916 10.139459610 0.008251507 0.996868253 -0.078646943 -0.723091006 -0.876847386 0.045021147 0.478656203 6.779405594
0.483984411 0.064766951 0.872676551 10.189127922 0.010238768 0.996769905 -0.079655118 -0.726567268 -0.875016749 0.047486965 0.481757939 6.808439255
0.487994879 0.065611571 0.870377064 10.237886429 0.009648052 0.996704340 -0.080543891 -0.731404781 -0.872793198 0.047702439 0.485753596 6.834715366
0.492267489 0.066105895 0.867930174 10.285648346 0.011840923 0.996511161 -0.082615115 -0.734988093 -0.870363474 0.050945830 0.489767224 6.861480236
0.497005910 0.069123752 0.864989638 10.331713676 0.009924260 0.996304214 -0.085319757 -0.740245223 -0.867690384 0.050988797 0.494482994 6.889883518
0.502403677 0.075346090 0.861344039 10.378770828 0.006324838 0.995848894 -0.090801045 -0.744269848 -0.864610195 0.051066637 0.499841541 6.918462276
0.508359730 0.082390152 0.857194364 10.424713135 0.001269926 0.995339751 -0.096421272 -0.748777747 -0.861143887 0.050105259 0.505886018 6.946815491
0.513611734 0.088571467 0.853439033 10.471805573 -0.004174621 0.994903803 -0.100740612 -0.754545510 -0.858012557 0.048178770 0.511364043 6.978830338
0.521051884 0.092880130 0.848456383 10.517114639 -0.007311501 0.994510710 -0.104378521 -0.758722663 -0.853493690 0.048183128 0.518870771 7.004621506
0.526347280 0.093513623 0.845111668 10.564969063 -0.011723098 0.994637311 -0.102757685 -0.763382375 -0.850188851 0.044178903 0.524620891 7.036026955
0.531418264 0.092817158 0.842009306 10.612412453 -0.018535089 0.995015264 -0.097985394 -0.768389702 -0.846906722 0.036464509 0.530489683 7.068212509
0.537272632 0.090415552 0.838548183 10.661166191 -0.024181325 0.995479822 -0.091843121 -0.773074925 -0.843061864 0.029067596 0.537030399 7.101047516
0.543244421 0.088567458 0.834890008 10.711133957 -0.030951520 0.995856941 -0.085503817 -0.778977990 -0.839003861 0.020608343 0.543734968 7.134859085
0.549191952 0.086886920 0.831167161 10.757572174 -0.033697866 0.996074021 -0.081859857 -0.782785177 -0.835016549 0.016948204 0.549963713 7.168538094
0.556437492 0.090248279 0.825973690 10.806039810 -0.038291208 0.995812893 -0.083009586 -0.787155211 -0.830006719 0.014562107 0.557563365 7.199429989
0.562796474 0.094335400 0.821194768 10.855985641 -0.042671341 0.995457530 -0.085109636 -0.791318655 -0.825493336 0.012857920 0.564265251 7.233868599
0.568049014 0.097328551 0.817219436 10.904916763 -0.044679962 0.995165110 -0.087464400 -0.795894861 -0.821780980 0.013170728 0.569651186 7.273595333
0.574066997 0.100060023 0.812671602 10.958966255 -0.047885206 0.994909108 -0.088672146 -0.801064134 -0.817406952 0.011988799 0.575935900 7.312780380
0.580508530 0.100928091 0.807974935 11.010753632 -0.050368238 0.994838953 -0.088081986 -0.804597259 -0.812694907 0.010436059 0.582596004 7.351727486
0.586744666 0.103491172 0.803131580 11.064180374 -0.056643520 0.994615495 -0.086783618 -0.809134603 -0.807788432 0.005427618 0.589447498 7.392976284
0.593105137 0.101548761 0.798695266 11.117353439 -0.058148149 0.994826198 -0.083305098 -0.814946651 -0.803022385 0.002966043 0.595941484 7.436055660
0.601012170 0.099056937 0.793077648 11.174404144 -0.057562198 0.995077670 -0.080665223 -0.820883930 -0.797164321 0.002829491 0.603755772 7.478489399
