0.999998987 0.000720478 0.001237949 -0.000012166 -0.000714639 0.999988675 -0.004711078 -0.000177208 -0.001241329 0.004710189 0.999988139 0.059353668
0.999996722 -0.001265188 0.002196109 -0.000091019 0.001277075 0.999984503 -0.005419910 -0.000142457 -0.002189218 0.005422698 0.999982893 0.118738726
0.999994159 -0.002659753 0.002109158 0.000046000 0.002662853 0.999995351 -0.001468178 -0.000149899 -0.002105244 0.001473786 0.999996722 0.177993372
0.999985158 -0.005188822 0.001657763 0.000069645 0.005181510 0.999976933 0.004385930 -0.000007880 -0.001680483 -0.004377277 0.999988973 0.237216830
0.999961019 -0.008817001 0.000463103 -0.000016227 0.008814896 0.999951601 0.004365348 0.000179045 -0.000501570 -0.004361095 0.999990344 0.295591980
0.999935210 -0.011366942 -0.000605956 0.000260029 0.011367869 0.999934137 0.001547577 0.000458722 0.000588325 -0.001554366 0.999998569 0.353692532
0.999925375 -0.012146525 -0.001324116 -0.000060122 0.012143997 0.999924362 -0.001901581 0.000493139 0.001347114 0.001885359 0.999997318 0.411300361
0.999930620 -0.011589283 -0.002124663 -0.000299422 0.011583692 0.999929428 -0.002624649 0.000622827 0.002154931 0.002599856 0.999994278 0.469506770
0.999931633 -0.011272904 -0.003112861 -0.000694687 0.011271202 0.999936342 -0.000563470 0.000261140 0.003119014 0.000528346 0.999994993 0.526011229
0.999933720 -0.011018569 -0.003343124 -0.001470594 0.011027661 0.999935508 0.002713496 0.000040081 0.003313010 -0.002750183 0.999990761 0.583804369
0.999923110 -0.011419982 -0.004831030 -0.001425334 0.011438157 0.999927521 0.003751313 0.000562009 0.004787840 -0.003806283 0.999981284 0.640451491
0.999907851 -0.012531618 -0.005230247 -0.002005788 0.012556841 0.999909580 0.004817738 0.000624754 0.005169399 -0.004882970 0.999974728 0.697062612
0.999901652 -0.012491916 -0.006371209 -0.002081893 0.012522457 0.999910116 0.004776223 0.000741669 0.006310974 -0.004855535 0.999968290 0.753790259
0.999900818 -0.012388696 -0.006692389 -0.003197169 0.012407809 0.999918938 0.002821886 0.001170316 0.006656888 -0.002904643 0.999973595 0.810578108
0.999877691 -0.013082187 -0.008562182 -0.003060442 0.013094585 0.999913275 0.001393677 0.001007352 0.008543205 -0.001505625 0.999962330 0.866374969
0.999842823 -0.014348406 -0.010413611 -0.003384814 0.014337384 0.999896526 -0.001132280 0.002296856 0.010428780 0.000982798 0.999945104 0.922341466
0.999834538 -0.013924846 -0.011698022 -0.004418972 0.013916065 0.999902844 -0.000831617 0.001427137 0.011708465 0.000668689 0.999931157 0.977806389
0.999834180 -0.012643153 -0.013100814 -0.005498203 0.012624924 0.999919236 -0.001473092 0.001101645 0.013118380 0.001307451 0.999913096 1.033005834
0.999830127 -0.011202671 -0.014631142 -0.006828791 0.011181447 0.999936342 -0.001531503 0.001215260 0.014647367 0.001367645 0.999891698 1.088666201
0.999794602 -0.011641117 -0.016588790 -0.007390974 0.011631829 0.999932170 -0.000656210 0.001214875 0.016595302 0.000463117 0.999862134 1.143649459
0.999785066 -0.010999498 -0.017569305 -0.009150007 0.011013249 0.999939144 0.000686062 0.001057854 0.017560687 -0.000879409 0.999845386 1.199045420
0.999758720 -0.010732729 -0.019163858 -0.010163625 0.010742907 0.999942243 0.000428196 0.001670320 0.019158155 -0.000633968 0.999816239 1.254524827
0.999699891 -0.012226769 -0.021227060 -0.010640625 0.012252328 0.999924481 0.001074483 0.001276848 0.021212317 -0.001334241 0.999774039 1.308637857
0.999679923 -0.012184424 -0.022170033 -0.012952236 0.012200180 0.999925435 0.000575522 0.001141097 0.022161365 -0.000845817 0.999754071 1.361619473
0.999658406 -0.011344525 -0.023544487 -0.013918653 0.011373930 0.999934733 0.001115307 0.000916273 0.023530297 -0.001382719 0.999722183 1.415595174
0.999623597 -0.011999384 -0.024670837 -0.015354650 0.012063385 0.999924242 0.002446994 0.001490989 0.024639603 -0.002743687 0.999692678 1.468637824
0.999605596 -0.012308987 -0.025241906 -0.016800065 0.012454987 0.999906540 0.005634904 0.001281848 0.025170188 -0.005947069 0.999665439 1.521476150
0.999592721 -0.012189840 -0.025801104 -0.018614935 0.012373372 0.999899209 0.006965673 0.001684992 0.025713593 -0.007282083 0.999642849 1.573523760
0.999577820 -0.011528748 -0.026669635 -0.019626705 0.011692980 0.999913573 0.006010272 0.001665909 0.026598034 -0.006319581 0.999626219 1.625035405
0.999580920 -0.010343477 -0.027041106 -0.021766402 0.010438208 0.999939859 0.003364395 0.001853060 0.027004683 -0.003645245 0.999628663 1.675845981
0.999549806 -0.010109630 -0.028249588 -0.023033056 0.010163769 0.999946773 0.001773525 0.001962642 0.028230155 -0.002059848 0.999599338 1.725552797
0.999540925 -0.009129381 -0.028890885 -0.025030915 0.009174797 0.999956906 0.001439873 0.001982967 0.028876495 -0.001704280 0.999581516 1.774261832
0.999495447 -0.009260725 -0.030380039 -0.026722133 0.009299115 0.999956131 0.001122583 0.001996965 0.030368311 -0.001404524 0.999537766 1.823816776
0.999429882 -0.009412285 -0.032424826 -0.028507400 0.009421977 0.999955595 0.000146080 0.002046876 0.032422014 -0.000451503 0.999474168 1.872474790
0.999370992 -0.008795160 -0.034352947 -0.030102026 0.008801349 0.999961257 0.000028865 0.001963582 0.034351360 -0.000331199 0.999409735 1.920006394
0.999290705 -0.009545652 -0.036425654 -0.031897958 0.009588554 0.999953568 0.001003246 0.002506194 0.036414385 -0.001351804 0.999335766 1.965746045
0.999209642 -0.009498328 -0.038598474 -0.033749484 0.009638339 0.999947608 0.003442860 0.002133268 0.038563758 -0.003812164 0.999248862 2.015025377
0.999141216 -0.008564567 -0.040538944 -0.036046915 0.008764722 0.999950290 0.004762175 0.002193137 0.040496137 -0.005113399 0.999166608 2.060096502
0.999067008 -0.007101370 -0.042599272 -0.038035542 0.007324720 0.999960244 0.005089246 0.002317418 0.042561430 -0.005396526 0.999079287 2.106804371
0.999008358 -0.004498183 -0.044297427 -0.040701494 0.004718672 0.999977052 0.004874164 0.001771592 0.044274472 -0.005078356 0.999006569 2.151344061
0.998925090 -0.003292032 -0.046235070 -0.043255996 0.003480003 0.999986053 0.003985649 0.002079001 0.046221301 -0.004142263 0.998922586 2.195200682
0.998837829 -0.002425096 -0.048134580 -0.044946149 0.002672477 0.999983549 0.005075687 0.002153727 0.048121475 -0.005198427 0.998827934 2.240650415
0.998778582 -0.000874217 -0.049401723 -0.047136135 0.001213730 0.999975860 0.006842910 0.002613083 0.049394540 -0.006894513 0.998755574 2.283398151
0.998781621 0.001490122 -0.049325533 -0.049862623 -0.001128625 0.999972284 0.007355839 0.002768272 0.049335122 -0.007291208 0.998755634 2.326380968
0.998832166 0.004630539 -0.048090387 -0.052308615 -0.004404489 0.999978721 0.004805421 0.003359737 0.048111618 -0.004587995 0.998831391 2.368587494
0.998912632 0.006089309 -0.046222303 -0.054786041 -0.005991760 0.999979496 0.002248687 0.002855433 0.046235055 -0.001969288 0.998928666 2.407897711
0.998983085 0.006720614 -0.044583708 -0.056248806 -0.006717332 0.999977410 0.000223445 0.003397430 0.044584211 0.000076266 0.999005616 2.448900223
0.999128878 0.007548584 -0.041040618 -0.058527265 -0.007522050 0.999971390 0.000800906 0.003797088 0.041045487 -0.000491499 0.999157131 2.488382816
0.999214649 0.012286587 -0.037670556 -0.060592294 -0.012155257 0.999919236 0.003713384 0.003490493 0.037713140 -0.003252572 0.999283254 2.527687550
0.999290109 0.016633386 -0.033805739 -0.062530115 -0.016396612 0.999839127 0.007269233 0.003361632 0.033921219 -0.006709773 0.999401927 2.566481352
0.999341249 0.021487387 -0.029245500 -0.064256944 -0.021272516 0.999744534 0.007638530 0.004078794 0.029402159 -0.007011373 0.999543071 2.604017019
0.999391854 0.025152802 -0.024148058 -0.065360472 -0.024959194 0.999654114 0.008285967 0.004118076 0.024348119 -0.007678213 0.999674082 2.640233755
0.999407768 0.029376987 -0.017917674 -0.066829950 -0.029189663 0.999517381 0.010628263 0.004095076 0.018221252 -0.010098957 0.999782979 2.676061392
0.999341309 0.034504425 -0.011235009 -0.067913190 -0.034371823 0.999339581 0.011789154 0.004409464 0.011634367 -0.011395222 0.999867380 2.710081816
0.999282360 0.037618130 -0.004429433 -0.068128139 -0.037564002 0.999225378 0.011727873 0.003849372 0.004867182 -0.011553070 0.999921441 2.743523359
0.999160171 0.040881671 0.002753585 -0.067956105 -0.040911537 0.999092638 0.011839890 0.004039958 -0.002267053 -0.011942599 0.999926150 2.775051117
0.998939514 0.044842459 0.010442357 -0.068258449 -0.044958774 0.998926222 0.011183823 0.004179759 -0.009929633 -0.011641438 0.999882877 2.806102753
0.998619735 0.049358748 0.017956199 -0.068235621 -0.049515780 0.998737872 0.008408202 0.004458232 -0.017518520 -0.009285713 0.999803364 2.834520578
0.998313427 0.051662028 0.026484316 -0.067799687 -0.051831346 0.998639286 0.005746364 0.003970399 -0.026151408 -0.007109389 0.999632716 2.862977505
0.998071313 0.051858202 0.034121510 -0.066728026 -0.052059866 0.998631120 0.005047747 0.004619572 -0.033813022 -0.006814373 0.999405086 2.888612986
0.997820377 0.051006611 0.041866552 -0.064904362 -0.051314384 0.998662531 0.006309114 0.004512672 -0.041488752 -0.008443719 0.999103308 2.913854361
0.997321010 0.053233553 0.050171174 -0.064304143 -0.053657748 0.998533785 0.007145289 0.004706567 -0.049717247 -0.009818219 0.998715043 2.936776638
0.996696293 0.055897504 0.058923159 -0.063132435 -0.056437910 0.998377621 0.007546092 0.004491387 -0.058405753 -0.010846661 0.998233974 2.958949089
0.995871484 0.060471453 0.067698382 -0.061909452 -0.061093334 0.998106480 0.007151936 0.004204392 -0.067137703 -0.011258332 0.997680128 2.978869677
0.994942486 0.064630054 0.076892935 -0.060896039 -0.065384746 0.997833192 0.007335433 0.004207831 -0.076252237 -0.012325958 0.997012377 2.997606039
0.994227648 0.063831821 0.086237431 -0.059270680 -0.064729370 0.997873425 0.007649043 0.004267404 -0.085565813 -0.013186983 0.996245265 3.015151978
0.993319035 0.062920585 0.096737981 -0.056720316 -0.063779972 0.997947037 0.005814396 0.004202796 -0.096173525 -0.011945498 0.995292962 3.032181740
0.992179573 0.060980257 0.108908795 -0.054919779 -0.061485175 0.998107135 0.001280883 0.004177467 -0.108624563 -0.007967141 0.994050920 3.049105883
0.990617156 0.062137526 0.121723011 -0.051913410 -0.062250651 0.998056412 -0.002876991 0.004254649 -0.121665202 -0.004727339 0.992559850 3.064459324
0.988398015 0.063474014 0.137986988 -0.050699711 -0.063377462 0.997976601 -0.005097754 0.004105511 -0.138031363 -0.003706655 0.990420878 3.080652714
0.985963941 0.065355197 0.153634965 -0.046577692 -0.065167926 0.997854650 -0.006260085 0.003731154 -0.153714493 -0.003839853 0.988107860 3.097230911
0.983162045 0.066012092 0.170396119 -0.043152869 -0.065723643 0.997811019 -0.007339378 0.003504969 -0.170507595 -0.003983255 0.985348225 3.110850096
0.979980707 0.064757809 0.188266382 -0.038929939 -0.064233914 0.997895360 -0.008889099 0.003966615 -0.188445777 -0.003381941 0.982077658 3.127186298
0.976131141 0.063884437 0.207573965 -0.034722626 -0.063357539 0.997948587 -0.009192523 0.003530355 -0.207735375 -0.004178268 0.978176117 3.142159700
0.971409619 0.064858429 0.228378832 -0.031034708 -0.064242408 0.997882783 -0.010138590 0.002920790 -0.228552863 -0.004822883 0.973519504 3.157202005
0.966168642 0.066370524 0.249225289 -0.026421964 -0.065318830 0.997786224 -0.012497135 0.002842922 -0.249502987 -0.004204764 0.968364894 3.171288252
0.959932446 0.068131775 0.271823049 -0.021363497 -0.066692129 0.997667611 -0.014542251 0.002605811 -0.272179902 -0.004168884 0.962237358 3.187017202
0.952722907 0.069132768 0.295871347 -0.015347958 -0.067410581 0.997596502 -0.016030680 0.002706777 -0.296268493 -0.004672064 0.955093265 3.201553583
0.944203079 0.071882829 0.321424216 -0.008713722 -0.070231773 0.997390151 -0.016744757 0.002093710 -0.321788967 -0.006763743 0.946787238 3.217071772
0.934214890 0.073981360 0.348954588 -0.002206445 -0.072302341 0.997222960 -0.017853314 0.001358043 -0.349306315 -0.008551398 0.936969578 3.232556820
0.923036754 0.074933790 0.377343446 0.004734397 -0.073150255 0.997138441 -0.019078078 0.000758838 -0.377693236 -0.009992999 0.925876796 3.246729374
0.910437882 0.073008858 0.407151669 0.013615012 -0.070507981 0.997286618 -0.021165617 0.000252768 -0.407592237 -0.009437460 0.913115263 3.260609627
0.895544171 0.070199773 0.439400315 0.022866607 -0.066446379 0.997502744 -0.023939002 -0.000302628 -0.439983547 -0.007758123 0.897972286 3.275931835
0.878249586 0.069605656 0.473109603 0.032560945 -0.063787647 0.997560620 -0.028353643 -0.000755228 -0.473929137 -0.005276974 0.880547285 3.288993120
0.858701646 0.071522824 0.507460296 0.042390227 -0.063253351 0.997433484 -0.033546489 -0.001106150 -0.508557260 -0.003292132 0.861021876 3.302841902
0.836960137 0.073112167 0.542358220 0.054146647 -0.062393129 0.997321844 -0.038158946 -0.001805715 -0.543695629 -0.001901908 0.839280307 3.317343950
0.812434256 0.076345101 0.578032851 0.066640258 -0.063653506 0.997078359 -0.042225566 -0.002005287 -0.579567790 -0.002488318 0.814920247 3.331768274
0.785191655 0.080006339 0.614062905 0.079515338 -0.066458419 0.996778846 -0.044891216 -0.003301404 -0.615676343 -0.005561450 0.787979364 3.345417261
0.754996657 0.084267579 0.650291562 0.093685269 -0.070057549 0.996397972 -0.047779869 -0.004290290 -0.651975453 -0.009484196 0.758180678 3.360776424
0.722093046 0.085331261 0.686513066 0.110534668 -0.069706857 0.996287644 -0.050515641 -0.005327828 -0.688275099 -0.011377677 0.725360572 3.375398159
0.685474575 0.082966730 0.723354042 0.128393769 -0.066185214 0.996473551 -0.051573481 -0.006598435 -0.725082159 -0.012523032 0.688548446 3.389632702
0.646502137 0.081665978 0.758528650 0.148323059 -0.063457683 0.996565044 -0.053208210 -0.007867910 -0.760268569 -0.013735248 0.649463654 3.403735161
0.604377031 0.081188202 0.792550862 0.170984983 -0.061331756 0.996583223 -0.055319231 -0.009286329 -0.794334173 -0.015174867 0.607291400 3.418390989
0.557846844 0.080707788 0.826010346 0.191849947 -0.057475056 0.996627808 -0.058562640 -0.010197736 -0.827951372 -0.014806010 0.560604393 3.430624485
0.509810627 0.079287857 0.856625021 0.216800213 -0.054047376 0.996728659 -0.060089938 -0.012025967 -0.858587205 -0.015663842 0.512428164 3.443272591
0.460699230 0.077695765 0.884149015 0.242330551 -0.052827131 0.996795416 -0.060068324 -0.013528153 -0.885982752 -0.019033629 0.463327348 3.454684973
0.411437154 0.075024381 0.908345044 0.271884084 -0.051795572 0.996920466 -0.058879297 -0.015231848 -0.909965158 -0.022823129 0.414055943 3.466290951
0.361171901 0.075200535 0.929462016 0.299818754 -0.055113081 0.996722043 -0.059226442 -0.016161822 -0.930869162 -0.029834593 0.364132464 3.475706100
0.311874121 0.076373510 0.947048903 0.330038309 -0.053085253 0.996607780 -0.062888533 -0.016685188 -0.948639274 -0.030661022 0.314870417 3.483899593
0.263936996 0.072766855 0.961791098 0.361973405 -0.042199519 0.997066557 -0.063855201 -0.019166566 -0.963616312 -0.023733372 0.266233444 3.491298676
0.220890090 0.066221066 0.973047972 0.394356728 -0.028327404 0.997706950 -0.061468679 -0.021550898 -0.974887252 -0.013986099 0.222259447 3.494732618
0.179352552 0.065312728 0.981614411 0.427976966 -0.018995915 0.997837722 -0.062921375 -0.023102734 -0.983601511 -0.007361555 0.180205405 3.497729778
0.140168950 0.066899456 0.987864852 0.462521374 -0.015852349 0.997738421 -0.065318808 -0.024813965 -0.990000606 -0.006504311 0.140912473 3.502034664
0.107627973 0.067385301 0.991904914 0.497787893 -0.007281899 0.997727036 -0.066990696 -0.027252581 -0.994164586 -0.000012879 0.107874021 3.503910542
0.078660898 0.065953575 0.994717300 0.535113454 0.000017462 0.997809052 -0.066159926 -0.029381791 -0.996901453 0.005221571 0.078487411 3.505511045
0.053546846 0.064462714 0.996482432 0.572281361 0.007358578 0.997861564 -0.064947352 -0.031258985 -0.998538256 0.010810421 0.052957993 3.506563902
0.033527117 0.063280709 0.997432411 0.611415684 0.011453158 0.997903645 -0.063695572 -0.033487938 -0.999372125 0.013559281 0.032732077 3.506914854
0.018403016 0.065221421 0.997701108 0.650181472 0.014819331 0.997742593 -0.065497488 -0.035092965 -0.999720812 0.015990613 0.017394938 3.506584883
0.004201102 0.064755544 0.997892261 0.691062987 0.015120187 0.997782946 -0.064812094 -0.037745573 -0.999876857 0.015360600 0.003212671 3.506949425
-0.007233130 0.065804496 0.997806311 0.731241643 0.016703311 0.997701168 -0.065676495 -0.039905932 -0.999834418 0.016191622 -0.008315657 3.506388426
-0.016422352 0.068986796 0.997482419 0.773832381 0.021100478 0.997418821 -0.068634987 -0.042172577 -0.999642491 0.019920209 -0.017835611 3.504913807
-0.022583924 0.071301974 0.997199059 0.815503836 0.025059501 0.997180521 -0.070733108 -0.044005316 -0.999430776 0.023391884 -0.024307039 3.503476381
-0.027662197 0.070236832 0.997146726 0.860017240 0.025955692 0.997242570 -0.069523543 -0.047163397 -0.999280214 0.023958461 -0.029408965 3.502179623
-0.030744065 0.067267552 0.997261226 0.903618574 0.023632031 0.997502804 -0.066555329 -0.049676504 -0.999247849 0.021521129 -0.032256961 3.500511408
-0.033832345 0.060808506 0.997575819 0.950852394 0.021074476 0.997968793 -0.060117725 -0.051912069 -0.999205291 0.018989464 -0.035045128 3.499845505
-0.034956165 0.055176295 0.997864604 0.997288465 0.022397632 0.998267293 -0.054413956 -0.054229978 -0.999137878 0.020447696 -0.036131416 3.498177052
-0.035266511 0.052462704 0.997999966 1.043663979 0.025237424 0.998349369 -0.051589254 -0.056744657 -0.999059260 0.023367574 -0.036532328 3.495780706
-0.034897182 0.054606352 0.997897983 1.091122985 0.028466862 0.998155296 -0.053624928 -0.059499778 -0.998985410 0.026535666 -0.036387276 3.493941545
-0.033972770 0.061991889 0.997498393 1.137581229 0.029448627 0.997703016 -0.061001666 -0.061753862 -0.998988807 0.027302556 -0.035720319 3.491943836
-0.031999685 0.070205167 0.997019291 1.186815977 0.030342700 0.997138441 -0.069239721 -0.063797295 -0.999027133 0.028036607 -0.034038339 3.490394831
-0.029260065 0.070639528 0.997072697 1.235666513 0.030836692 0.997088790 -0.069735743 -0.066503949 -0.999096096 0.028705951 -0.031353172 3.488554001
-0.027272822 0.066440478 0.997417629 1.286396265 0.030419167 0.997381806 -0.065606326 -0.069212236 -0.999165118 0.028551344 -0.029222479 3.487493277
-0.024956755 0.060179833 0.997875512 1.336859107 0.029947657 0.997783422 -0.059425291 -0.072238706 -0.999239862 0.028400969 -0.026703682 3.486431122
-0.022430358 0.058315936 0.998046160 1.387790203 0.027638644 0.997951925 -0.057689272 -0.075528070 -0.999366224 0.026290657 -0.023996197 3.485813141
-0.019340647 0.064022705 0.997760952 1.436607718 0.035400979 0.997365773 -0.063311122 -0.078196645 -0.999186039 0.034097236 -0.021556163 3.484798193
-0.015393491 0.069731891 0.997447014 1.486966610 0.037156619 0.996916056 -0.069121331 -0.080957197 -0.999190927 0.035997733 -0.017937021 3.483497143
-0.012900129 0.070217133 0.997448325 1.536920309 0.031255074 0.997072160 -0.069786437 -0.083739221 -0.999428153 0.030275062 -0.015057002 3.483226538
-0.010275926 0.066663019 0.997722745 1.586748242 0.026424961 0.997444928 -0.066372298 -0.086640999 -0.999597967 0.025682747 -0.012011239 3.483954906
-0.005914072 0.062680893 0.998016238 1.637029886 0.031008422 0.997565091 -0.062468823 -0.090556070 -0.999501586 0.030577464 -0.007843308 3.484081745
-0.001591415 0.064242207 0.997933149 1.685894132 0.035684515 0.997302353 -0.064144701 -0.093042165 -0.999361873 0.035508674 -0.003879574 3.481935740
0.000907335 0.068601668 0.997643650 1.737493873 0.034865726 0.997035325 -0.068591535 -0.096407942 -0.999391615 0.034845807 -0.001487202 3.482937813
0.004924187 0.069005840 0.997604132 1.787789106 0.031168584 0.997120798 -0.069126263 -0.099627525 -0.999502003 0.031434294 0.002759196 3.483288050
0.008483800 0.068470798 0.997617066 1.837906480 0.030926732 0.997157633 -0.068702281 -0.102935091 -0.999485612 0.031435888 0.006342110 3.484481096
0.011705817 0.065616712 0.997776210 1.889619589 0.034592431 0.997220695 -0.065986022 -0.105860569 -0.999332964 0.035287932 0.009403441 3.484884501
0.015207660 0.066266209 0.997686028 1.939603567 0.038621135 0.997017920 -0.066810526 -0.109057888 -0.999138117 0.039547812 0.012603035 3.485700846
0.018874153 0.066893220 0.997581601 1.991242170 0.042292655 0.996812880 -0.067641854 -0.112847015 -0.998927057 0.043467056 0.015984906 3.485678673
0.021457385 0.066894457 0.997529447 2.041325092 0.042262565 0.996806383 -0.067755088 -0.115643680 -0.998876095 0.043612000 0.018561730 3.487190962
0.024838086 0.065321565 0.997555137 2.092178822 0.043713704 0.996837437 -0.066363007 -0.118906289 -0.998735368 0.045255158 0.021904090 3.488527775
0.028228492 0.064274676 0.997532964 2.142998219 0.045959003 0.996791780 -0.065527484 -0.122419983 -0.998544455 0.047695354 0.025183927 3.490226507
0.031391472 0.064762659 0.997406781 2.194565058 0.044135496 0.996835470 -0.066114627 -0.125325739 -0.998532176 0.046096478 0.028433802 3.491811275
0.034388587 0.066350959 0.997203529 2.245536804 0.041293126 0.996847451 -0.067751236 -0.128419042 -0.998555064 0.043507528 0.031540330 3.493788958
0.037278768 0.066824302 0.997068107 2.297140598 0.043188989 0.996721685 -0.068415850 -0.131089345 -0.998371184 0.045612819 0.034270477 3.495384455
0.039891630 0.066192001 0.997009158 2.348197222 0.041056499 0.996852160 -0.067824304 -0.134766698 -0.998360157 0.043639328 0.037048444 3.498013020
0.042456109 0.066734493 0.996867061 2.400179863 0.039092522 0.996891677 -0.068401076 -0.137793317 -0.998333216 0.041874092 0.039715324 3.500487089
0.045136850 0.066217713 0.996783793 2.451940060 0.036351819 0.997031033 -0.067880243 -0.141608685 -0.998319209 0.039298803 0.042595707 3.503256559
0.048220187 0.068699002 0.996471465 2.502731562 0.034922067 0.996906042 -0.070418857 -0.144266516 -0.998226047 0.038194455 0.045671888 3.506080151
0.052179553 0.072164781 0.996026874 2.555804729 0.033288602 0.996705651 -0.073957875 -0.147844747 -0.998082757 0.037015431 0.049605396 3.508466721
0.055044942 0.074104726 0.995730102 2.607896566 0.033281580 0.996551931 -0.076005712 -0.151928812 -0.997929156 0.037323203 0.052388810 3.512298822
0.058010921 0.076526657 0.995378554 2.660977125 0.027257821 0.996564448 -0.078206435 -0.155310541 -0.997943759 0.031668674 0.055725675 3.516222477
0.060372442 0.075113676 0.995345712 2.714087725 0.023388179 0.996784568 -0.076640852 -0.159185126 -0.997901917 0.027906321 0.058421537 3.520679235
0.063959271 0.075967215 0.995056808 2.767216921 0.025829196 0.996638477 -0.077748172 -0.163159877 -0.997618198 0.030674238 0.061782096 3.524493217
0.068058871 0.077710748 0.994650126 2.819578886 0.025288234 0.996507287 -0.079586163 -0.166244879 -0.997360766 0.030569499 0.065855980 3.527125835
0.071182206 0.078301914 0.994385183 2.873455524 0.020346982 0.996592581 -0.079932258 -0.170405090 -0.997255802 0.025922490 0.069346458 3.532195568
0.075657532 0.076257087 0.994213641 2.928339481 0.020339513 0.996746004 -0.077999108 -0.174519271 -0.996926308 0.026123038 0.073860303 3.536638498
0.080678932 0.076317064 0.993814111 2.981132507 0.020644480 0.996722639 -0.078216329 -0.178322479 -0.996526301 0.026827190 0.078838989 3.540894508
0.085395411 0.080428079 0.993095636 3.035237312 0.016663831 0.996481955 -0.082135223 -0.181959629 -0.996207774 0.023562750 0.083754741 3.546346188
0.091225274 0.088705204 0.991871655 3.089233398 0.013855997 0.995815277 -0.090332277 -0.186663866 -0.995733917 0.021983959 0.089614406 3.552230120
0.098456472 0.093173124 0.990769982 3.143131018 0.013329320 0.995394468 -0.094932601 -0.191307276 -0.995052099 0.022553019 0.096761100 3.558421612
0.105140358 0.096479312 0.989766181 3.198628426 0.008357340 0.995161831 -0.097893015 -0.196166158 -0.994422317 0.018564321 0.103825353 3.565894842
0.113020465 0.094765253 0.989063144 3.252352238 0.005222821 0.995370865 -0.095966443 -0.200151280 -0.993578911 0.016011871 0.112002365 3.570729733
0.120837741 0.093055673 0.988300979 3.307005644 0.003988196 0.995542943 -0.094225168 -0.205489755 -0.992664158 0.015327494 0.119928055 3.577078819
0.127744794 0.089595385 0.987751901 3.363544703 0.003719641 0.995861113 -0.090811983 -0.210197136 -0.991800070 0.015274841 0.126882821 3.585694790
0.135228485 0.083488829 0.987290680 3.419789314 0.000447636 0.996438265 -0.084323689 -0.216338769 -0.990814269 0.011844913 0.134709492 3.593485117
0.142723814 0.075729780 0.986861050 3.474660873 -0.001539096 0.997084379 -0.076291688 -0.220871195 -0.989761353 0.009369769 0.142424226 3.601267815
0.150064901 0.072938994 0.985982060 3.529582977 -0.001606765 0.997291625 -0.073531091 -0.225530654 -0.988674819 0.009450195 0.149775684 3.610008717
0.157314807 0.075456373 0.984661579 3.583668232 -0.002080425 0.997099817 -0.076077156 -0.228680104 -0.987546206 0.009919547 0.157015562 3.618602514
0.163174644 0.081808113 0.983199596 3.638395309 -0.000686114 0.996565402 -0.082806356 -0.232869595 -0.986596942 0.012837312 0.162670359 3.628585577
0.168214262 0.085313037 0.982051790 3.690887928 -0.002151585 0.996277213 -0.086180285 -0.236948088 -0.985748112 0.012383786 0.167771608 3.637753963
0.173260227 0.088083297 0.980929255 3.744040489 -0.002720825 0.996031523 -0.088958845 -0.241419986 -0.984872282 0.012744090 0.172812313 3.648008823
0.178492174 0.088046476 0.979994059 3.796282768 -0.005862311 0.996065736 -0.088422678 -0.245860025 -0.983923852 0.010037727 0.178306103 3.658102036
0.183643892 0.084992245 0.979311645 3.848489761 -0.001095422 0.996272147 -0.086258784 -0.249838546 -0.982992232 0.014768142 0.183052406 3.667843819
0.188548818 0.078431800 0.978926957 3.898553133 -0.000700665 0.996816158 -0.079730161 -0.254066885 -0.982063651 0.014347126 0.188003451 3.676668644
0.192046568 0.072356135 0.978714824 3.950000763 -0.002794298 0.997314632 -0.073182926 -0.258097708 -0.981381834 0.011319706 0.191733018 3.686889172
0.194890410 0.069193125 0.978381336 4.000492096 -0.005770233 0.997572184 -0.069400936 -0.261827290 -0.980807960 0.007880089 0.194816530 3.698171616
0.198149785 0.068697572 0.977761328 4.050132751 -0.007370103 0.997617126 -0.068599045 -0.265802681 -0.980143964 0.006386684 0.198183924 3.708813906
0.200526834 0.071121976 0.977103114 4.098807812 -0.009368635 0.997454941 -0.070680670 -0.268951029 -0.979643345 0.005019247 0.200682819 3.718784571
0.201658681 0.075374521 0.976551235 4.148003578 -0.013831868 0.997154236 -0.074108444 -0.272702605 -0.979358196 0.001437086 0.202127397 3.730055809
0.204519153 0.079843014 0.975600839 4.194257736 -0.013816499 0.996804059 -0.078681886 -0.275586158 -0.978764951 0.002612564 0.204968676 3.739078522
0.206299841 0.084977418 0.974791884 4.240214825 -0.015746349 0.996381164 -0.083526999 -0.280202538 -0.978362083 0.001882190 0.206891343 3.749333858
0.207598716 0.086870715 0.974349141 4.287990093 -0.014415101 0.996212542 -0.085748665 -0.283761203 -0.978107870 0.003755969 0.208064675 3.760466099
0.208145902 0.087032653 0.974218011 4.333643913 -0.017184298 0.996204972 -0.085325375 -0.287187159 -0.977946818 0.001018872 0.208851546 3.771765709
0.209972411 0.083841257 0.974105835 4.378028393 -0.016801048 0.996478736 -0.082145356 -0.291638523 -0.977562964 0.000882262 0.210641667 3.780182362
0.210276097 0.080993831 0.974281251 4.423631668 -0.016242784 0.996714234 -0.079353116 -0.295543909 -0.977507114 0.000861024 0.210900754 3.790242434
0.210214496 0.080055647 0.974372089 4.468293190 -0.015612924 0.996789575 -0.078529105 -0.298760772 -0.977530599 0.001295162 0.210789517 3.800288200
0.208699912 0.079964943 0.974705100 4.511035919 -0.015704334 0.996797144 -0.078414828 -0.301530302 -0.977853537 0.001058071 0.209287286 3.809440136
0.207027435 0.080688037 0.975002110 4.552798748 -0.017600505 0.996739089 -0.078749701 -0.305472672 -0.978176773 -0.000857181 0.207772493 3.818436623
0.204459876 0.083233796 0.975329757 4.595754623 -0.017961994 0.996529639 -0.081277564 -0.309428692 -0.978710115 -0.000900867 0.205245361 3.828303814
0.202889293 0.086737312 0.975352466 4.637065887 -0.015475252 0.996228755 -0.085374735 -0.312634528 -0.979079366 0.002227792 0.203466445 3.836421490
0.200751528 0.086825207 0.975786924 4.678313732 -0.013415632 0.996214926 -0.085882857 -0.316236496 -0.979550302 0.004150315 0.201156467 3.845342159
0.199006721 0.086348258 0.976186633 4.718539238 -0.014265109 0.996260524 -0.085215785 -0.319026232 -0.979894280 0.003033104 0.199494317 3.852964878
0.196483552 0.083343573 0.976958632 4.758332253 -0.015223132 0.996520102 -0.081950724 -0.322630823 -0.980388939 0.001229600 0.197068587 3.861258745
0.194280699 0.079161592 0.977746665 4.797478199 -0.014694546 0.996861577 -0.077789359 -0.326120287 -0.980836034 0.000745426 0.194834158 3.869229317
0.192172572 0.078596681 0.978208721 4.836038113 -0.010840499 0.996896863 -0.077968590 -0.328948915 -0.981301248 0.004379152 0.192428246 3.876748562
0.190832630 0.079718605 0.978380263 4.872934341 -0.006493721 0.996777654 -0.079951026 -0.331924438 -0.981601059 0.008903935 0.190735370 3.883296013
0.187971488 0.081951559 0.978749514 4.910962582 -0.002686468 0.996551931 -0.082926258 -0.334745437 -0.982170820 0.012958390 0.187543541 3.890676975
0.186190829 0.083979018 0.978917956 4.947912693 -0.003173926 0.996386588 -0.084873945 -0.337546349 -0.982508421 0.012695738 0.185784608 3.898098707
0.185075030 0.087163024 0.978851199 4.985428333 -0.003427975 0.996109962 -0.088051699 -0.339947790 -0.982718468 0.012940694 0.184653863 3.905318260
0.183933675 0.084850781 0.979269624 5.022880077 -0.001959723 0.996296823 -0.085958086 -0.343730748 -0.982936680 0.013891485 0.183418870 3.911967993
0.185056359 0.083155446 0.979203463 5.060196877 0.004604052 0.996329188 -0.085479915 -0.346703947 -0.982717037 0.020326903 0.183994234 3.917972803
0.187137142 0.081354395 0.978959143 5.098289013 0.009101244 0.996378303 -0.084541745 -0.349489331 -0.982291639 0.024730649 0.185718954 3.925162792
0.189078733 0.080671668 0.978642583 5.135351658 0.011806156 0.996360779 -0.084413238 -0.352490872 -0.981890917 0.027514754 0.187438205 3.931966305
0.192660809 0.080579020 0.977951348 5.173246384 0.009217956 0.996430099 -0.083917558 -0.355488777 -0.981222153 0.025182340 0.191230223 3.940234661
0.197840691 0.080753483 0.976902187 5.211156845 0.008187503 0.996429920 -0.084025815 -0.358872235 -0.980199993 0.024622116 0.196473211 3.948110819
0.204879418 0.079608887 0.975544393 5.249417305 0.009090255 0.996489167 -0.083227165 -0.361938924 -0.978745043 0.025919480 0.203436419 3.955942631
0.211736292 0.080215231 0.974029362 5.287178040 0.007167411 0.996471822 -0.083621509 -0.364357978 -0.977300525 0.024686983 0.210414290 3.965242863
0.220406279 0.077689417 0.972309411 5.326135159 0.007834832 0.996649861 -0.081410304 -0.367509156 -0.975376666 0.025561225 0.219059214 3.974580288
0.229457080 0.077500328 0.970228434 5.365194321 0.004233714 0.996735990 -0.080618978 -0.370532542 -0.973309517 0.022606261 0.228380024 3.984192610
0.238731638 0.077553146 0.967983842 5.405395985 0.002929788 0.996743977 -0.080579907 -0.373494685 -0.971081138 0.022072962 0.237727076 3.994944811
0.248581514 0.081561133 0.965170920 5.444876194 -0.002503654 0.996499300 -0.083563700 -0.376245290 -0.968607664 0.018355936 0.247915506 4.005617619
0.257098705 0.083926380 0.962733924 5.485242844 -0.005578835 0.996334195 -0.085365638 -0.379250586 -0.966369092 0.016576463 0.256624430 4.018933296
0.268533289 0.086346976 0.959392667 5.526639938 -0.009891503 0.996168971 -0.086888283 -0.382570893 -0.963219643 0.013842566 0.268358648 4.030296326
0.278674275 0.087959714 0.956349134 5.568310738 -0.011424406 0.996030152 -0.088280350 -0.386236399 -0.960317731 0.013675742 0.278572887 4.043414116
0.288402855 0.089015715 0.953362584 5.609836102 -0.014485344 0.995960951 -0.088611163 -0.389203429 -0.957399726 0.011745927 0.288527399 4.056574821
0.299042463 0.089353941 0.950047135 5.652764320 -0.015693828 0.995932043 -0.088729635 -0.392979026 -0.954110801 0.011624051 0.299228340 4.070456505
0.308802605 0.090377599 0.946822464 5.695937634 -0.019426133 0.995866835 -0.088723294 -0.395812273 -0.950927675 0.009004882 0.309282005 4.086009026
0.319981188 0.085390575 0.943568051 5.740731239 -0.018292867 0.996301234 -0.083959371 -0.399022102 -0.947247326 0.009604848 0.320359617 4.101048470
0.330144227 0.078947127 0.940623164 5.785276413 -0.016270282 0.996824205 -0.077953495 -0.402466536 -0.943790257 0.010431689 0.330380350 4.117132187
0.340754509 0.074331135 0.937209308 5.830384254 -0.014347486 0.997164667 -0.073869720 -0.406250536 -0.940042794 0.011724849 0.340854883 4.134508610
0.350855291 0.071272194 0.933713615 5.876645088 -0.015051114 0.997399747 -0.070477828 -0.409067988 -0.936308801 0.010674088 0.351015717 4.152576447
0.360624820 0.069078080 0.930149436 5.923643112 -0.009012604 0.997465193 -0.070583083 -0.411910355 -0.932667375 0.017070942 0.360333204 4.170580387
0.369313598 0.062987655 0.927167654 5.972052097 -0.001652092 0.997743189 -0.067124180 -0.414868653 -0.929303348 0.023258109 0.368584245 4.189499855
0.376773268 0.053388335 0.924765646 6.021670818 0.008153313 0.998107910 -0.060944378 -0.417661935 -0.926269650 0.030502118 0.375625074 4.208569527
0.382904738 0.049621731 0.922454119 6.068497181 0.012268408 0.998195052 -0.058788627 -0.420820713 -0.923706353 0.033827487 0.381604820 4.228219986
0.390241861 0.049513541 0.919380069 6.118148327 0.014827440 0.998085499 -0.060045931 -0.423669308 -0.920592964 0.037064489 0.388760567 4.249454975
0.397675961 0.056093156 0.915809691 6.165996075 0.017077859 0.997503996 -0.068512708 -0.426108569 -0.917366922 0.042885929 0.395725429 4.270332336
0.404923439 0.060556199 0.912343144 6.214460850 0.021080691 0.996921062 -0.075526208 -0.428606451 -0.914107442 0.049815159 0.402400166 4.291796207
0.410537779 0.061817233 0.909745753 6.264315605 0.019295672 0.996887028 -0.076445952 -0.433308482 -0.911639392 0.048938118 0.408066988 4.313732147
0.414693445 0.063444860 0.907746732 6.312657356 0.012342936 0.997082531 -0.075327486 -0.437336504 -0.909877479 0.042442076 0.412700444 4.337203026
0.418773174 0.066960946 0.905618727 6.359189510 0.005875244 0.997057021 -0.076438650 -0.440936983 -0.908071876 0.037331190 0.417147338 4.359477997
0.422881335 0.070343800 0.903450608 6.406160831 0.004511428 0.996806681 -0.079724297 -0.444859475 -0.906173825 0.037789769 0.421213627 4.381929398
0.426921815 0.074958436 0.901176453 6.454133034 0.001634172 0.996492922 -0.083660878 -0.448003978 -0.904287040 0.037189327 0.425302029 4.405670643
0.430367798 0.077639587 0.899308383 6.498537064 -0.000814367 0.996327043 -0.085625716 -0.451785564 -0.902653277 0.036118187 0.428850293 4.427376270
0.434388459 0.075964719 0.897516727 6.544000149 -0.002481146 0.996534407 -0.083144613 -0.456637204 -0.900722206 0.033890203 0.433071584 4.449766636
0.438487977 0.072151728 0.895836174 6.588116169 -0.000654188 0.996797562 -0.079963095 -0.460642368 -0.898736835 0.034476805 0.437130958 4.471385956
0.441734850 0.069847338 0.894422531 6.632523537 -0.001005873 0.997002721 -0.077361248 -0.463910788 -0.897145092 0.033273499 0.440481037 4.494352341
0.445512742 0.068167359 0.892676711 6.676415443 -0.001307128 0.997145474 -0.075492553 -0.468101740 -0.895274639 0.032466050 0.444330186 4.516314030
0.449221879 0.070949405 0.890598595 6.718612671 -0.004162099 0.996997178 -0.077326253 -0.471119046 -0.893410504 0.031029886 0.448168248 4.537643909
0.451436907 0.071196020 0.889458120 6.761017799 -0.003057130 0.996929348 -0.078246832 -0.475023210 -0.892297864 0.032604318 0.450268358 4.560581207
0.454048663 0.069481954 0.888263524 6.802989006 -0.001170963 0.997000277 -0.077389032 -0.478291035 -0.890976131 0.034098268 0.452767938 4.581283569
0.456455290 0.067949407 0.887147903 6.843097687 0.002426312 0.996980846 -0.077610232 -0.480770469 -0.889743030 0.037578098 0.454912335 4.601182938
0.457865626 0.068226054 0.886399627 6.882551193 0.000129860 0.997045755 -0.076809540 -0.484599650 -0.889021397 0.035283554 0.456504136 4.621945381
0.459433854 0.067523398 0.885641634 6.920989037 0.001270091 0.997055113 -0.076676697 -0.488344908 -0.888211012 0.036352720 0.457995147 4.642578602
0.462598324 0.069688767 0.883824825 6.958905220 0.000738965 0.996875107 -0.078989476 -0.490739107 -0.886567652 0.037193511 0.461101294 4.660593510
0.465561837 0.069376744 0.882292032 6.997332573 0.003900456 0.996752143 -0.080435209 -0.494543970 -0.885006845 0.040888898 0.463779181 4.680861950
0.468294293 0.068574101 0.880907655 7.035354614 0.005274849 0.996749163 -0.080395900 -0.498541296 -0.883556783 0.042295586 0.466410220 4.702527046
0.471509486 0.067012995 0.879311204 7.071947098 0.007908608 0.996747077 -0.080203682 -0.501833856 -0.881825507 0.044770919 0.469445765 4.721795082
0.474706829 0.065796643 0.877681255 7.107517719 0.009631323 0.996753812 -0.079932325 -0.505200505 -0.880091250 0.046397649 0.472532153 4.741462231
0.477290928 0.065568648 0.876295745 7.143213272 0.009415682 0.996773601 -0.079711802 -0.509131908 -0.878694832 0.046296641 0.475133568 4.762232780
0.481520116 0.064705379 0.874043167 7.178230762 0.011269144 0.996731400 -0.079996288 -0.510951877 -0.876362443 0.048369545 0.479217112 4.780173779
0.484475911 0.064130820 0.872450709 7.212501049 0.012932385 0.996675253 -0.080443554 -0.514094651 -0.874709070 0.050255831 0.482035816 4.800167561
0.488427162 0.065034062 0.870177805 7.246196270 0.012301364 0.996606588 -0.081387624 -0.517692804 -0.872517884 0.050456304 0.485969812 4.818655968
0.493009061 0.065471448 0.867557287 7.279861450 0.014613526 0.996400714 -0.083499275 -0.520485997 -0.869901478 0.053843964 0.490277827 4.837286472
0.497988075 0.068619497 0.864464700 7.314432144 0.012725930 0.996178746 -0.086405680 -0.523831069 -0.867090464 0.054030117 0.495211959 4.857327461
0.503350198 0.074366815 0.860876322 7.346755028 0.009343332 0.995762885 -0.091481999 -0.526979685 -0.864031971 0.054090932 0.500522554 4.876590729
0.509187281 0.081280313 0.856809080 7.380029678 0.004363630 0.995273948 -0.097008877 -0.530335665 -0.860644758 0.053134475 0.506426156 4.897593975
0.515011191 0.087454796 0.852710366 7.413256168 -0.000625980 0.994819880 -0.101651594 -0.534019649 -0.857183218 0.051817931 0.512398064 4.918740273
0.521417975 0.092311621 0.848293483 7.445917606 -0.004233771 0.994398773 -0.105608501 -0.536865711 -0.853290915 0.051474690 0.518888235 4.939426899
0.527124226 0.092717998 0.844714999 7.479307175 -0.009366423 0.994603574 -0.103325248 -0.540731072 -0.849736631 0.046553276 0.525148034 4.960623741
0.533317626 0.091793388 0.840919912 7.513423443 -0.015274996 0.994977891 -0.098922580 -0.544315875 -0.845777214 0.039912097 0.532041371 4.982158661
0.538366139 0.089073233 0.837990344 7.547059059 -0.021637307 0.995531559 -0.091918029 -0.548509002 -0.842433333 0.031353690 0.537887752 5.006180286
0.544272780 0.087768525 0.834304392 7.582283497 -0.028567947 0.995874345 -0.086128816 -0.552076340 -0.838421762 0.023043210 0.544534683 5.029582977
0.550119758 0.085648969 0.830681920 7.616665363 -0.030845229 0.996131837 -0.082280695 -0.555499852 -0.834515989 0.019641660 0.550633669 5.053710938
0.556599557 0.089519687 0.825943768 7.651799202 -0.035703171 0.995836616 -0.083873294 -0.558232009 -0.830013394 0.017195020 0.557478428 5.078505039
0.563126266 0.093409799 0.821074605 7.687562943 -0.039981216 0.995506942 -0.085833423 -0.561484814 -0.825403154 0.015507490 0.564330757 5.102266312
0.569054604 0.096794643 0.816582918 7.723621368 -0.042782802 0.995187819 -0.088151611 -0.564795792 -0.821186006 0.015227380 0.570457399 5.129505634
0.575562358 0.098718159 0.811777472 7.760667801 -0.045296058 0.995011389 -0.088885166 -0.568792820 -0.816502452 0.014388639 0.577162623 5.156315804
0.582256854 0.100289308 0.806795478 7.797916412 -0.047550842 0.994864464 -0.089350358 -0.570835948 -0.811613142 0.013661057 0.584035635 5.183322430
0.588312209 0.101415843 0.802249134 7.834084511 -0.053928290 0.994816065 -0.086211942 -0.575820088 -0.806833625 0.007455624 0.590731740 5.211572170
0.595052481 0.100148901 0.797422528 7.873348236 -0.054167435 0.994947076 -0.084535345 -0.578419924 -0.801859260 0.007108621 0.597470582 5.242489815
0.602883816 0.098565646 0.791717052 7.911821842 -0.053980645 0.995104730 -0.082780935 -0.581056595 -0.796000719 0.007169887 0.605253160 5.272068501
