0.999998987 0.000700307 0.001256221 -0.000039491 -0.000694520 0.999989152 -0.004600791 -0.000262220 -0.001259429 0.004599913 0.999988616 0.059426617
0.999996722 -0.001165588 0.002286958 -0.000171045 0.001177722 0.999985158 -0.005311718 -0.000212361 -0.002280734 0.005314394 0.999983251 0.118945308
0.999994338 -0.002571478 0.002158285 -0.000034696 0.002574416 0.999995768 -0.001359572 -0.000216752 -0.002154780 0.001365121 0.999996722 0.178321138
0.999985397 -0.005152389 0.001589791 0.000137376 0.005145171 0.999976695 0.004510552 -0.000071007 -0.001612994 -0.004502306 0.999988556 0.237669215
0.999961913 -0.008710932 0.000382637 0.000037149 0.008709187 0.999952614 0.004348974 0.000246598 -0.000420503 -0.004345476 0.999990404 0.296168476
0.999936163 -0.011278142 -0.000618057 0.000102600 0.011279114 0.999935031 0.001594286 0.000436807 0.000600037 -0.001601155 0.999998510 0.354335636
0.999930024 -0.011779789 -0.001086935 -0.000586273 0.011777891 0.999929070 -0.001736977 0.000178721 0.001107319 0.001724054 0.999997795 0.412454814
0.999934018 -0.011312313 -0.001967425 -0.000576774 0.011307431 0.999933004 -0.002474560 0.000500553 0.001995286 0.002452150 0.999994993 0.469989091
0.999935091 -0.011046517 -0.002789762 -0.001249344 0.011045331 0.999938905 -0.000440589 0.000327272 0.002794458 0.000409746 0.999995947 0.527069092
0.999936402 -0.010811397 -0.003214143 -0.001800294 0.010818338 0.999939263 0.002150228 0.000566040 0.003190700 -0.002184863 0.999992490 0.584835708
0.999929607 -0.011168560 -0.004013235 -0.002258463 0.011182832 0.999931157 0.003551298 0.000555042 0.003973296 -0.003595927 0.999985635 0.642205834
0.999908686 -0.012443836 -0.005256393 -0.001989812 0.012468563 0.999911249 0.004697914 0.000667715 0.005197465 -0.004763025 0.999975145 0.698948860
0.999892890 -0.013123814 -0.006466786 -0.001972320 0.013158270 0.999899268 0.005315045 0.000431356 0.006396382 -0.005399566 0.999965012 0.756005287
0.999895513 -0.012993782 -0.006337946 -0.003520906 0.013013303 0.999910653 0.003048529 0.001224281 0.006297769 -0.003130688 0.999975264 0.811892688
0.999880970 -0.013291670 -0.007838935 -0.004188382 0.013302753 0.999910593 0.001363384 0.001063601 0.007820112 -0.001467501 0.999968410 0.868172050
0.999855876 -0.014443859 -0.008914297 -0.005133232 0.014439913 0.999895513 -0.000507204 0.001814684 0.008920694 0.000378409 0.999960124 0.923784971
0.999846697 -0.013890650 -0.010657209 -0.005804529 0.013878046 0.999902904 -0.001255801 0.001958028 0.010673617 0.001107707 0.999942422 0.979583144
0.999843001 -0.012820628 -0.012227054 -0.006732672 0.012795551 0.999915838 -0.002127056 0.001814935 0.012253294 0.001970270 0.999922991 1.035214424
0.999845445 -0.011573241 -0.013235199 -0.008492488 0.011549050 0.999931455 -0.001902756 0.001575131 0.013256312 0.001749608 0.999910593 1.090685844
0.999805570 -0.012146051 -0.015531055 -0.008723442 0.012127897 0.999925613 -0.001262448 0.001777098 0.015545232 0.001073843 0.999878585 1.146102905
0.999797940 -0.011510702 -0.016485181 -0.010532460 0.011509202 0.999933720 -0.000185817 0.001937361 0.016486228 -0.000003952 0.999864042 1.201362133
0.999769986 -0.011095362 -0.018354813 -0.011191478 0.011113346 0.999937952 0.000878142 0.001427849 0.018343924 -0.001081924 0.999831140 1.255835295
0.999719739 -0.012786237 -0.019926529 -0.012280811 0.012805873 0.999917686 0.000858145 0.001474777 0.019913912 -0.001113081 0.999801099 1.310233951
0.999702215 -0.012107625 -0.021183893 -0.014063029 0.012117118 0.999926507 0.000319766 0.001458963 0.021178465 -0.000576359 0.999775648 1.364449501
0.999661803 -0.012197008 -0.022965899 -0.014920972 0.012215936 0.999925077 0.000683963 0.001509241 0.022955840 -0.000964281 0.999736071 1.418203115
0.999653280 -0.012011914 -0.023432318 -0.016788792 0.012074403 0.999923885 0.002527089 0.001659260 0.023400180 -0.002809145 0.999722242 1.471765518
0.999640107 -0.012728813 -0.023613555 -0.018806294 0.012846902 0.999905705 0.004856005 0.002003725 0.023549514 -0.005157619 0.999709368 1.524998188
0.999599040 -0.012960875 -0.025175462 -0.019391650 0.013139704 0.999889433 0.006950794 0.001685845 0.025082592 -0.007278804 0.999658883 1.577008843
0.999591231 -0.012416984 -0.025751598 -0.020967741 0.012559835 0.999906600 0.005392943 0.002241603 0.025682231 -0.005714175 0.999653816 1.629053116
0.999588072 -0.010859584 -0.026565136 -0.022600703 0.010947557 0.999935031 0.003168408 0.002047753 0.026529003 -0.003457926 0.999642074 1.678989530
0.999569654 -0.010307129 -0.027460322 -0.024116134 0.010346203 0.999945641 0.001281328 0.002271932 0.027445624 -0.001564886 0.999622107 1.729215741
0.999551356 -0.009793142 -0.028305644 -0.025856860 0.009833908 0.999950826 0.001301411 0.002059193 0.028291503 -0.001579182 0.999598563 1.779468060
0.999514043 -0.009633524 -0.029647129 -0.027507186 0.009659514 0.999953091 0.000733531 0.001961954 0.029638670 -0.001019551 0.999560177 1.828468204
0.999453843 -0.008233277 -0.032002106 -0.028714787 0.008234589 0.999966204 -0.000090770 0.001939924 0.032001767 -0.000172804 0.999487758 1.878338218
0.999388993 -0.009712329 -0.033575814 -0.030942190 0.009721333 0.999952734 0.000104892 0.001646245 0.033573214 -0.000431230 0.999436080 1.925158024
0.999308169 -0.010067086 -0.035801951 -0.032555249 0.010124524 0.999947786 0.001423403 0.001609996 0.035785746 -0.001784896 0.999357879 1.971851110
0.999241531 -0.009686508 -0.037716534 -0.034766335 0.009808633 0.999947250 0.003054267 0.002313751 0.037684958 -0.003421899 0.999283791 2.020367861
0.999158382 -0.008935037 -0.040032439 -0.036362275 0.009115364 0.999949217 0.004324290 0.002430119 0.039991770 -0.004685561 0.999188960 2.066010237
0.999105096 -0.007554077 -0.041620187 -0.039086509 0.007761049 0.999958217 0.004813558 0.002480059 0.041582093 -0.005132266 0.999121904 2.112869024
0.999043465 -0.005377690 -0.043396547 -0.041837443 0.005576194 0.999974549 0.004454433 0.002060220 0.043371487 -0.004692160 0.999047995 2.156931639
0.998953521 -0.003704885 -0.045586709 -0.043570876 0.003861459 0.999986947 0.003347066 0.002649961 0.045573708 -0.003519595 0.998954713 2.202420712
0.998866856 -0.003129567 -0.047490396 -0.045462620 0.003341981 0.999984682 0.004394049 0.002809434 0.047475919 -0.004547781 0.998862088 2.246556520
0.998832762 -0.001726956 -0.048271619 -0.048155200 0.002038942 0.999977350 0.006414661 0.002915218 0.048259452 -0.006505596 0.998813570 2.289540529
0.998826921 0.000939625 -0.048414081 -0.050699383 -0.000594432 0.999974310 0.007143904 0.002805814 0.048419546 -0.007106745 0.998801768 2.331598520
0.998886406 0.004091404 -0.047004204 -0.053386986 -0.003863371 0.999980271 0.004941193 0.002911150 0.047023512 -0.004754095 0.998882473 2.373076916
0.998985112 0.006145816 -0.044618577 -0.056415718 -0.006069509 0.999979794 0.001845473 0.002973545 0.044629026 -0.001572788 0.999002337 2.412455082
0.999063432 0.006371336 -0.042798147 -0.057889082 -0.006377805 0.999979675 -0.000014617 0.003232682 0.042797185 0.000287561 0.999083698 2.453925848
0.999182463 0.007522089 -0.039722279 -0.059816383 -0.007483672 0.999971390 0.001115759 0.002882377 0.039729539 -0.000817578 0.999210179 2.493153572
0.999273598 0.012080947 -0.036144320 -0.062602766 -0.011962507 0.999922454 0.003491326 0.003382014 0.036183689 -0.003056413 0.999340475 2.532933712
0.999340117 0.016347094 -0.032435387 -0.063660003 -0.016135093 0.999846697 0.006787201 0.003630030 0.032541376 -0.006259374 0.999450922 2.572305441
0.999362886 0.021787144 -0.028267238 -0.065001242 -0.021567551 0.999734998 0.008050188 0.003306966 0.028435148 -0.007435405 0.999567986 2.608711004
0.999431193 0.024785098 -0.022866242 -0.066235669 -0.024611168 0.999666154 0.007856757 0.004347980 0.023053339 -0.007289523 0.999707639 2.645785809
0.999437273 0.028883224 -0.017054778 -0.066907443 -0.028712831 0.999536157 0.010152480 0.004241306 0.017340101 -0.009657076 0.999803007 2.681830168
0.999362230 0.034155954 -0.010410590 -0.068120971 -0.034034796 0.999353290 0.011601007 0.004245974 0.010800097 -0.011239285 0.999878466 2.715844393
0.999302387 0.037191428 -0.003373087 -0.068338901 -0.037151944 0.999247968 0.011098557 0.004268475 0.003783323 -0.010965499 0.999932706 2.748693228
0.999152064 0.041015822 0.003550835 -0.068067372 -0.041053355 0.999093711 0.011234820 0.004498996 -0.003086811 -0.011371068 0.999930561 2.780200958
0.998938501 0.044646595 0.011339907 -0.068241082 -0.044768710 0.998939514 0.010753134 0.004542353 -0.010847790 -0.011249394 0.999877870 2.810905218
0.998639584 0.048487410 0.019184284 -0.068359017 -0.048646878 0.998784542 0.007934745 0.004741196 -0.018776234 -0.008857206 0.999784470 2.839298725
0.998321950 0.051051203 0.027334312 -0.067715563 -0.051213220 0.998673916 0.005259678 0.004289201 -0.027029552 -0.006650731 0.999612451 2.867884398
0.998036742 0.051908270 0.035044361 -0.066683665 -0.052102905 0.998630941 0.004663327 0.004906067 -0.034754310 -0.006480085 0.999374866 2.892577648
0.997778416 0.051171266 0.042658370 -0.064792290 -0.051477525 0.998655498 0.006111451 0.004696420 -0.042288281 -0.008293822 0.999071002 2.917984724
0.997260153 0.053444389 0.051145218 -0.064171791 -0.053865783 0.998524368 0.006895605 0.004988526 -0.050701216 -0.009631691 0.998667359 2.941028595
0.996673584 0.055636220 0.059550446 -0.062413633 -0.056154501 0.998397112 0.007064011 0.004734209 -0.059061974 -0.010384537 0.998200297 2.962531328
0.995835841 0.060289927 0.068381391 -0.061303183 -0.060881976 0.998123169 0.006605364 0.004580524 -0.067854799 -0.010741051 0.997637331 2.982511282
0.994928956 0.064197868 0.077427141 -0.060098410 -0.064881384 0.997872829 0.006342207 0.004958160 -0.076855287 -0.011333626 0.996977985 3.001167059
0.994225442 0.063535482 0.086480305 -0.057716936 -0.064361647 0.997903526 0.006795756 0.004933780 -0.085867226 -0.012322528 0.996230423 3.019001722
0.993264139 0.062643036 0.097479045 -0.055691987 -0.063419163 0.997975051 0.004881021 0.005046130 -0.096975893 -0.011030182 0.995225608 3.035940409
0.992140532 0.060945168 0.109283261 -0.053978324 -0.061407786 0.998112500 0.000869602 0.004230047 -0.109023988 -0.007573612 0.994010210 3.050758362
0.990530849 0.062031772 0.122477338 -0.051160127 -0.062093843 0.998064816 -0.003313845 0.004375462 -0.122445896 -0.004322623 0.992465794 3.067276478
0.988400102 0.063779496 0.137830898 -0.048333377 -0.063661039 0.997957706 -0.005272050 0.003921894 -0.137885660 -0.003563564 0.990441620 3.082681417
0.985864997 0.065378256 0.154259220 -0.045945793 -0.065121472 0.997854710 -0.006722381 0.004006602 -0.154367819 -0.003418231 0.988007545 3.098344088
0.983139098 0.065742984 0.170632005 -0.041785061 -0.065342441 0.997831106 -0.007968424 0.003933599 -0.170785770 -0.003315444 0.985302627 3.113228559
0.979814172 0.064665444 0.189163327 -0.038772464 -0.064049520 0.997902691 -0.009373902 0.003972208 -0.189372778 -0.002931140 0.981900871 3.130162239
0.975958645 0.064221524 0.208279729 -0.034456789 -0.063650660 0.997927547 -0.009448896 0.003396885 -0.208454922 -0.004035411 0.978023648 3.143735886
0.971324205 0.064592674 0.228816777 -0.030789018 -0.063870594 0.997902215 -0.010567985 0.003281161 -0.229019359 -0.004349723 0.973412156 3.158438683
0.966011882 0.066383243 0.249828637 -0.025988638 -0.065224081 0.997786999 -0.012925269 0.003351860 -0.250133753 -0.003808877 0.968203843 3.173329115
0.959782183 0.067765735 0.272444576 -0.020565391 -0.066145979 0.997695148 -0.015136385 0.003262069 -0.272842348 -0.003493479 0.962052464 3.188522816
0.952476442 0.069071889 0.296677858 -0.015216827 -0.067301154 0.997601330 -0.016190832 0.002657373 -0.297084540 -0.004545370 0.954840362 3.203042507
0.943931162 0.072010830 0.322193325 -0.008896589 -0.070288330 0.997381985 -0.016992778 0.002126589 -0.322573483 -0.006606421 0.946521342 3.217348576
0.933914304 0.074098229 0.349733621 -0.002471447 -0.072309196 0.997216463 -0.018189210 0.001627762 -0.350107849 -0.008301788 0.936672628 3.233316898
0.922752619 0.074721009 0.378079683 0.004515052 -0.072764829 0.997158885 -0.019479398 0.001040135 -0.378461063 -0.009536237 0.925568104 3.247249126
0.910124183 0.072930433 0.407866597 0.013154864 -0.070231371 0.997296631 -0.021610027 0.000575177 -0.408340037 -0.008977220 0.912785888 3.261574268
0.895055354 0.070426725 0.440359026 0.022009850 -0.066421613 0.997490227 -0.024523046 0.000080355 -0.440980911 -0.007299874 0.897486925 3.275786400
0.877854109 0.069352373 0.473880112 0.031564713 -0.063337654 0.997580349 -0.028664099 -0.000673525 -0.474721521 -0.004851555 0.880122721 3.288861275
0.858330786 0.071280770 0.508121252 0.042424440 -0.062805347 0.997452199 -0.033833232 -0.001042336 -0.509238303 -0.002872632 0.860620737 3.303200722
0.836522341 0.073456123 0.542986751 0.053867221 -0.062485784 0.997297168 -0.038650732 -0.001406193 -0.544358432 -0.001596757 0.838851213 3.317326546
0.811862111 0.075700514 0.578920782 0.066008806 -0.062887736 0.997128367 -0.042193934 -0.002241753 -0.580452442 -0.002151363 0.814291358 3.331525326
0.784556150 0.080058917 0.614867687 0.077942610 -0.066348262 0.996775568 -0.045126520 -0.003327921 -0.616497815 -0.005391115 0.787338138 3.344278812
0.754467726 0.084170535 0.650917590 0.091417789 -0.069961466 0.996406019 -0.047754675 -0.004290596 -0.652597725 -0.009509789 0.757644892 3.358652115
0.721359193 0.085478492 0.687265813 0.107903481 -0.069853015 0.996273577 -0.050592996 -0.005215071 -0.689029336 -0.011511873 0.724641979 3.373227596
0.684918106 0.082732536 0.723907590 0.125706077 -0.065842673 0.996495485 -0.051589105 -0.006687127 -0.725638986 -0.012329703 0.687965214 3.386882305
0.645620167 0.081537440 0.759293199 0.145094514 -0.062956907 0.996581912 -0.053487234 -0.007778525 -0.761059225 -0.013270317 0.648546755 3.400822878
0.603359818 0.081223182 0.793321848 0.167641997 -0.061008979 0.996585488 -0.055633754 -0.008884199 -0.795131862 -0.014832580 0.606255054 3.415488720
0.557111382 0.080675937 0.826509714 0.189790130 -0.057185974 0.996634245 -0.058735475 -0.010155305 -0.828466475 -0.014542565 0.559849858 3.427920341
0.509001076 0.079867117 0.857052624 0.213216186 -0.054169971 0.996684611 -0.060707770 -0.011486486 -0.859059691 -0.015526193 0.511639953 3.439992666
0.458965927 0.077394925 0.885076523 0.235432982 -0.052051313 0.996829689 -0.060175356 -0.013125554 -0.886927783 -0.018450962 0.461539477 3.450788498
0.409404695 0.074546218 0.909302354 0.263996243 -0.051285274 0.996960819 -0.058641911 -0.015120529 -0.910910368 -0.022625547 0.411983639 3.462204456
0.360138804 0.075407326 0.929846108 0.294216394 -0.055467650 0.996695280 -0.059345383 -0.016120695 -0.931248248 -0.030203804 0.363131344 3.471814871
0.310237586 0.075829878 0.947629988 0.323467493 -0.053176608 0.996637225 -0.062342376 -0.017166987 -0.949170589 -0.031050794 0.313226759 3.480150223
0.264013439 0.072407067 0.961797357 0.354243755 -0.041903608 0.997097790 -0.063562028 -0.019237161 -0.963608444 -0.023521546 0.266281277 3.485330343
0.219886854 0.066814750 0.973234534 0.386267066 -0.028405633 0.997667313 -0.062074292 -0.020887315 -0.975111723 -0.013996026 0.221271753 3.489775658
0.177559391 0.065438747 0.981931984 0.419282794 -0.019663204 0.997823417 -0.062942192 -0.023194637 -0.983913600 -0.008131953 0.178459659 3.493806362
0.138892293 0.066968486 0.988040566 0.453301311 -0.016765863 0.997726917 -0.065268189 -0.024805006 -0.990165472 -0.007500107 0.139699385 3.497304916
0.106312864 0.067741260 0.992022634 0.487833083 -0.007495461 0.997702837 -0.067325890 -0.026874449 -0.994304419 -0.000278059 0.106576413 3.499279261
0.077662267 0.066046953 0.994789660 0.523760915 -0.000496138 0.997805655 -0.066208474 -0.029324982 -0.996979654 0.004648347 0.077524617 3.500355721
0.052468732 0.064200692 0.996556818 0.560892105 0.006216994 0.997890890 -0.064613976 -0.031622391 -0.998603165 0.009585801 0.051958941 3.501152754
0.032263737 0.063404702 0.997466266 0.598492324 0.011439478 0.997896969 -0.063802116 -0.033133198 -0.999413908 0.013468987 0.031470574 3.501958132
0.016906630 0.065427266 0.997714043 0.637365878 0.014027606 0.997743011 -0.065666854 -0.034971610 -0.999758661 0.015105745 0.015950680 3.501250505
0.003098099 0.064536072 0.997910559 0.675963104 0.014330936 0.997810006 -0.064574063 -0.037795275 -0.999892473 0.014501047 0.002166454 3.501564026
-0.008217691 0.065902323 0.997792184 0.716461658 0.015403970 0.997715831 -0.065770410 -0.039874054 -0.999847531 0.014829481 -0.009214079 3.500194788
-0.017105930 0.068961829 0.997472644 0.756888032 0.020210961 0.997438669 -0.068612874 -0.042031113 -0.999649405 0.018986193 -0.018455900 3.498869658
-0.023584833 0.070786715 0.997212589 0.799838901 0.024594247 0.997229278 -0.070206232 -0.044567656 -0.999419212 0.022869891 -0.025260434 3.497202635
-0.028498035 0.070321336 0.997117162 0.842271805 0.024731347 0.997266650 -0.069625027 -0.046667300 -0.999287844 0.022675879 -0.030159280 3.496218443
-0.031725876 0.067583531 0.997209072 0.886758089 0.022629010 0.997504115 -0.066883594 -0.049179599 -0.999240398 0.020443909 -0.033176042 3.494319201
-0.034091510 0.060907997 0.997560978 0.931703031 0.020429514 0.997975111 -0.060235098 -0.051232513 -0.999209821 0.018326182 -0.035266805 3.493326664
-0.035838708 0.055250771 0.997829080 0.977295995 0.021859286 0.998274982 -0.054490343 -0.053772356 -0.999118507 0.019858971 -0.036984619 3.491963863
-0.035564858 0.052379709 0.997993767 1.022754192 0.024370639 0.998374045 -0.051531181 -0.056351393 -0.999070168 0.022489047 -0.036783561 3.489522934
-0.035713460 0.054583471 0.997870266 1.068827748 0.027767388 0.998175979 -0.053606406 -0.059018850 -0.998976231 0.025793782 -0.037163954 3.487815142
-0.034954961 0.062353261 0.997441888 1.114699244 0.028652802 0.997703969 -0.061365522 -0.060547534 -0.998978019 0.026434474 -0.036661305 3.485860825
-0.032649022 0.070064969 0.997007847 1.161847472 0.029701587 0.997167289 -0.069103509 -0.063436583 -0.999025464 0.027356559 -0.034637585 3.484662056
-0.030589778 0.070922151 0.997012615 1.211244106 0.030136576 0.997091472 -0.070003115 -0.065683268 -0.999077559 0.027905172 -0.032638155 3.483151197
-0.028549859 0.066516362 0.997376800 1.260778308 0.029647352 0.997400880 -0.065669321 -0.068727486 -0.999152601 0.027694738 -0.030447692 3.482079268
-0.025739606 0.059842378 0.997875869 1.309731483 0.028869240 0.997834861 -0.059095249 -0.072348602 -0.999251783 0.027286831 -0.027411481 3.480990410
-0.022993255 0.058324967 0.998032808 1.360006332 0.027527547 0.997955203 -0.057686243 -0.074634418 -0.999356568 0.026147000 -0.024551786 3.479390144
-0.019673605 0.064052716 0.997752547 1.408398032 0.035352506 0.997366369 -0.063330837 -0.076995149 -0.999181211 0.034027103 -0.021886211 3.478325605
-0.016315613 0.069443792 0.997452378 1.458219886 0.037167218 0.996937990 -0.068800010 -0.080192104 -0.999175906 0.035950020 -0.018846685 3.477657318
-0.014045629 0.069800429 0.997462094 1.506762266 0.030623158 0.997122586 -0.069345452 -0.083276011 -0.999432266 0.029571442 -0.016142726 3.477080822
-0.010456674 0.066083856 0.997759283 1.556302071 0.026030056 0.997493684 -0.065793455 -0.086340301 -0.999606490 0.025283748 -0.012150634 3.477017879
-0.005414426 0.062439799 0.998034060 1.606287718 0.029823028 0.997614801 -0.062251776 -0.089814000 -0.999540508 0.029427342 -0.007263659 3.476258516
-0.002589945 0.063657761 0.997968376 1.656332731 0.034593098 0.997380197 -0.063530453 -0.092821606 -0.999398112 0.034358285 -0.004785279 3.476020575
0.000597671 0.068447456 0.997654498 1.706167817 0.033906918 0.997079670 -0.068428338 -0.095371269 -0.999424815 0.033868287 -0.001724916 3.475748539
0.003899038 0.069062203 0.997604668 1.757238865 0.030324725 0.997145355 -0.069148906 -0.098630838 -0.999532521 0.030521706 0.001793616 3.477024555
0.007563203 0.068618394 0.997614324 1.806195498 0.029792055 0.997184515 -0.068814680 -0.101771705 -0.999527514 0.030241445 0.005497626 3.477727413
0.010973288 0.065244608 0.997808933 1.855988145 0.033576641 0.997282267 -0.065579422 -0.105083086 -0.999375880 0.034222696 0.008752769 3.478520155
0.015011932 0.065830417 0.997717917 1.905966640 0.038008761 0.997071505 -0.066359662 -0.108374417 -0.999164641 0.038918208 0.012465838 3.478253841
0.018568337 0.066884324 0.997588038 1.956795692 0.041530989 0.996847212 -0.067607678 -0.111408561 -0.998964667 0.042686179 0.015732024 3.478400469
0.021229535 0.067191489 0.997514188 2.007044792 0.041504614 0.996819675 -0.068028025 -0.113683343 -0.998912752 0.042845648 0.018373260 3.479401350
0.024811979 0.065068968 0.997572362 2.057441473 0.043204337 0.996877313 -0.066098258 -0.117785588 -0.998758078 0.044739474 0.021923235 3.480551720
0.028622782 0.064189605 0.997527182 2.107680082 0.045545537 0.996815860 -0.065450691 -0.121041596 -0.998552144 0.047306292 0.025608085 3.481648684
0.031527817 0.064990193 0.997387707 2.158247471 0.044030700 0.996824741 -0.066345327 -0.123205394 -0.998532593 0.046007406 0.028566143 3.483378887
0.033929717 0.066051871 0.997239292 2.208357573 0.041045256 0.996879816 -0.067424566 -0.127076656 -0.998580992 0.043219637 0.031112734 3.486591578
0.037591249 0.066018537 0.997110069 2.259349823 0.043134093 0.996778131 -0.067622736 -0.130300477 -0.998361826 0.045551464 0.034622487 3.486855030
0.040049318 0.066278875 0.996997058 2.310055256 0.040671952 0.996862471 -0.067903712 -0.132934242 -0.998369575 0.043269314 0.037227966 3.489555120
0.042552758 0.066992797 0.996845722 2.361160755 0.039013393 0.996877015 -0.068660282 -0.135714278 -0.998332202 0.041812021 0.039806254 3.492020845
0.045155670 0.066373877 0.996772528 2.412575722 0.036636390 0.997009039 -0.068049312 -0.139813602 -0.998308003 0.039590962 0.042588908 3.494574070
0.048638534 0.068489559 0.996465445 2.463206053 0.034561098 0.996933460 -0.070208676 -0.142527133 -0.998218358 0.037853785 0.046122298 3.497106075
0.051466405 0.072231449 0.996059120 2.516571045 0.033198394 0.996705949 -0.073993720 -0.145978779 -0.998122752 0.036875755 0.048898906 3.500964880
0.054810613 0.074360982 0.995723963 2.568209887 0.033586685 0.996521354 -0.076269336 -0.149718225 -0.997931719 0.037623439 0.052122399 3.503974676
0.058446020 0.076721892 0.995337963 2.620272636 0.027599838 0.996537030 -0.078434974 -0.153052777 -0.997908890 0.032055382 0.056126110 3.506506205
0.060137469 0.075597011 0.995323241 2.672255516 0.023561629 0.996742666 -0.077128410 -0.156674266 -0.997911990 0.028089751 0.058160394 3.511558056
0.064035289 0.076323062 0.995024860 2.724855900 0.025457934 0.996621609 -0.078083910 -0.160608917 -0.997622848 0.030331399 0.061875932 3.514758348
0.067871273 0.078247748 0.994620919 2.778310776 0.024791325 0.996479511 -0.080085695 -0.163611919 -0.997385919 0.030093489 0.065692477 3.518707275
0.071773671 0.079065733 0.994282246 2.829857826 0.020219145 0.996532917 -0.080704264 -0.167555213 -0.997215986 0.025895979 0.069926180 3.522518635
0.075544067 0.076496109 0.994203925 2.885103226 0.019541277 0.996747911 -0.078176685 -0.171960413 -0.996950984 0.025333798 0.073803566 3.527482271
0.080251470 0.076789998 0.993812323 2.939272404 0.019349266 0.996720135 -0.078577161 -0.175957084 -0.996586800 0.025535472 0.078502424 3.532348156
0.085287400 0.080666691 0.993085563 2.993153572 0.015546384 0.996488154 -0.082278222 -0.179750085 -0.996235073 0.022456190 0.083733797 3.537235975
0.091376700 0.088701509 0.991857946 3.046666145 0.014148934 0.995808721 -0.090358324 -0.184484005 -0.995715857 0.022290381 0.089738697 3.542668343
0.099144101 0.093224414 0.990696430 3.098419666 0.012922661 0.995397210 -0.094959982 -0.188787729 -0.994989216 0.022217160 0.097483061 3.547100306
0.105914824 0.096980199 0.989634693 3.154777050 0.008626846 0.995105565 -0.098439619 -0.192939386 -0.994337857 0.018963641 0.104559802 3.555176735
0.112896010 0.094457678 0.989106774 3.208263159 0.004906200 0.995405912 -0.095619224 -0.198263004 -0.993594706 0.015647784 0.111913927 3.561665773
0.120323174 0.092762426 0.988391340 3.262535572 0.004559845 0.995562732 -0.093990557 -0.203249186 -0.992724299 0.015816152 0.119366281 3.568620205
0.128064200 0.089483678 0.987720788 3.318029404 0.003661730 0.995871902 -0.090696901 -0.207953840 -0.991759181 0.015231794 0.127207845 3.575478077
0.134890422 0.083808094 0.987309933 3.372828484 0.001610080 0.996396720 -0.084799424 -0.212783307 -0.990859210 0.013028276 0.134269446 3.584140539
0.142602116 0.076664478 0.986806571 3.427467346 -0.001227463 0.997008681 -0.077279717 -0.216988519 -0.989779472 0.009808977 0.142269611 3.591805935
0.149276718 0.073892772 0.986030579 3.482727766 -0.000867878 0.997213185 -0.074599408 -0.221267521 -0.988795161 0.010280200 0.148924842 3.602029800
0.156838089 0.075547747 0.984730661 3.537236691 -0.000269018 0.997073233 -0.076451823 -0.225045785 -0.987624407 0.011725646 0.156399384 3.610660076
0.162320644 0.082233518 0.983305454 3.589626074 -0.000690716 0.996530473 -0.083225496 -0.229683101 -0.986737847 0.012830034 0.161814272 3.619480371
0.168114021 0.085561045 0.982047319 3.641484499 -0.002460880 0.996259391 -0.086377986 -0.233946100 -0.985764503 0.012104655 0.167695761 3.627676964
0.173223078 0.087792113 0.980961919 3.694225311 -0.003209563 0.996064126 -0.088576943 -0.239277393 -0.984877467 0.012195110 0.172823086 3.637718439
0.178905383 0.088232897 0.979901910 3.745463848 -0.005899308 0.996048927 -0.088609748 -0.243043348 -0.983848631 0.010072015 0.178719044 3.646402121
0.183604538 0.085138083 0.979306340 3.797935963 -0.001797045 0.996269763 -0.086275898 -0.247279897 -0.982998490 0.014080793 0.183072612 3.657346249
0.189061359 0.078638062 0.978811502 3.848622084 -0.001888219 0.996815503 -0.079719804 -0.251359612 -0.981963336 0.013223723 0.188607797 3.665605545
0.191737279 0.072458625 0.978767931 3.899719477 -0.003979112 0.997320175 -0.073052563 -0.255579948 -0.981438220 0.010112274 0.191511765 3.677011967
0.194300622 0.068799376 0.978526413 3.950447559 -0.006472260 0.997605622 -0.068855651 -0.259598047 -0.980920672 0.007045420 0.194280714 3.689076424
0.197400644 0.068358198 0.977936745 3.999497890 -0.008502591 0.997647703 -0.068019725 -0.263489366 -0.980286062 0.005112140 0.197517529 3.699427366
0.199188247 0.071083933 0.977379799 4.048080444 -0.009941254 0.997460783 -0.070518419 -0.266427994 -0.979910851 0.004330060 0.199389160 3.710319519
0.200945914 0.075432912 0.976693690 4.095023155 -0.013803244 0.997149885 -0.074172907 -0.269712269 -0.979505062 0.001423200 0.201414406 3.720448494
0.203338012 0.079340659 0.975888669 4.141884327 -0.015584168 0.996847391 -0.077797480 -0.273804724 -0.978984535 0.000610770 0.203933448 3.730368614
0.205443323 0.084301874 0.975031376 4.187691212 -0.016336642 0.996439636 -0.082710661 -0.277892500 -0.978532672 0.001063613 0.206089109 3.740381718
0.207347199 0.086295098 0.974453807 4.233698368 -0.015335905 0.996266067 -0.084963508 -0.281746686 -0.978147209 0.002672814 0.207896397 3.750050545
0.207975835 0.086912163 0.974265039 4.279263973 -0.017283658 0.996215582 -0.085180789 -0.284699261 -0.977981210 0.000876686 0.208690971 3.761415958
0.208762199 0.084055707 0.974347532 4.324191093 -0.017188538 0.996460915 -0.082280613 -0.288273931 -0.977815390 0.000429475 0.209468201 3.771406174
0.209852263 0.081794783 0.974305809 4.367961884 -0.016117321 0.996648610 -0.080199048 -0.291151166 -0.977600276 0.001126757 0.210467294 3.780475616
0.209323347 0.080491155 0.974528015 4.410904884 -0.016160376 0.996755064 -0.078855805 -0.295317084 -0.977712929 0.000757627 0.209944829 3.790422440
0.208474725 0.079752550 0.974770665 4.453960896 -0.015574588 0.996814013 -0.078225128 -0.298294425 -0.977903724 0.001126308 0.209052667 3.799340725
0.206478417 0.080720164 0.975115836 4.494719982 -0.017759873 0.996736348 -0.078749277 -0.301934600 -0.978289902 -0.001057906 0.207238093 3.807935715
0.203496084 0.083295770 0.975526094 4.536656380 -0.018290048 0.996524036 -0.081273377 -0.305714786 -0.978904903 -0.001303611 0.204312220 3.818441391
0.201494098 0.087400131 0.975582600 4.576942444 -0.016628409 0.996172786 -0.085810386 -0.309042394 -0.979348600 0.001067898 0.202176258 3.826670170
0.200253874 0.088195443 0.975766301 4.618003368 -0.014637747 0.996098161 -0.087029107 -0.312363625 -0.979634702 0.003144891 0.200763509 3.833944321
0.197872072 0.086694501 0.976386547 4.656817913 -0.014847291 0.996231973 -0.085447684 -0.315450549 -0.980115414 0.002411019 0.198413640 3.842335939
0.195764557 0.083888479 0.977056265 4.696321487 -0.015768433 0.996474862 -0.082396336 -0.318528056 -0.980524242 0.000723635 0.196397230 3.850027323
0.193717122 0.079453699 0.977834761 4.734965324 -0.014908286 0.996838450 -0.078044385 -0.322487891 -0.980944097 0.000540696 0.194289207 3.857867479
0.191094235 0.078874879 0.978397548 4.772317410 -0.011151800 0.996876299 -0.078186467 -0.325162709 -0.981508374 0.004030092 0.191376910 3.865601540
0.189530239 0.079913169 0.978617489 4.809200287 -0.007387911 0.996770263 -0.079964675 -0.328244060 -0.981847107 0.007925787 0.189508528 3.872359037
0.187293082 0.082140058 0.978863835 4.845600605 -0.003271119 0.996544242 -0.082997814 -0.331064284 -0.982298613 0.012342938 0.186914548 3.878696918
0.185194209 0.084252097 0.979083598 4.882060528 -0.003949605 0.996373713 -0.084992863 -0.333814144 -0.982694030 0.011873194 0.184855387 3.885953188
0.183904871 0.087145470 0.979073405 4.917889595 -0.004767952 0.996129453 -0.087768011 -0.336430401 -0.982932508 0.011472791 0.183608592 3.892959118
0.182322234 0.085226186 0.979538202 4.954183102 -0.002705320 0.996276021 -0.086178929 -0.339813471 -0.983235121 0.013062375 0.181873843 3.899948835
0.183332562 0.083502926 0.979497969 4.991782188 0.003240136 0.996329248 -0.085544243 -0.342950940 -0.983045518 0.018856758 0.182389036 3.905972004
0.185417816 0.082050785 0.979228199 5.028604507 0.007676650 0.996356666 -0.084939569 -0.345419168 -0.982629657 0.023266502 0.184112385 3.913007259
0.187781751 0.081373401 0.978834212 5.066216469 0.010634375 0.996335387 -0.084868468 -0.348506778 -0.982153237 0.026346039 0.186228245 3.919091702
0.191215828 0.080982096 0.978201687 5.103056908 0.007748592 0.996435046 -0.084006257 -0.351717353 -0.981517494 0.023643011 0.189906657 3.926852226
0.196619675 0.081729285 0.977067590 5.140735626 0.006568704 0.996387601 -0.084667213 -0.354747772 -0.980457902 0.023065306 0.195372552 3.935135365
0.202934220 0.080929451 0.975842297 5.177383423 0.008331606 0.996399820 -0.084366985 -0.356815070 -0.979156971 0.025251279 0.201529369 3.943755865
0.210371777 0.080640428 0.974289894 5.216153145 0.006340421 0.996458650 -0.083844349 -0.360461593 -0.977600873 0.023815896 0.209115490 3.951713562
0.219477206 0.077761121 0.972513676 5.255430222 0.007177699 0.996662915 -0.081311919 -0.364163756 -0.975591183 0.024826521 0.218186617 3.960324764
0.227552742 0.078110129 0.970627904 5.293288231 0.003308220 0.996709883 -0.080984622 -0.366530657 -0.973760128 0.021639323 0.226545647 3.970659256
0.237500697 0.077859305 0.968262017 5.332407475 0.001569249 0.996750593 -0.080535017 -0.369603485 -0.971386194 0.020646565 0.236606747 3.980528116
0.247019157 0.081840605 0.965548396 5.370965004 -0.003564332 0.996497095 -0.083551973 -0.372457176 -0.969003975 0.017197404 0.246445596 3.991586447
0.255980730 0.083772115 0.963045239 5.411725044 -0.006798387 0.996369362 -0.084863842 -0.375696629 -0.966657996 0.015176351 0.255620867 4.003494263
0.266887695 0.086552814 0.959833086 5.451867580 -0.010313803 0.996158421 -0.086960629 -0.378352463 -0.963672519 0.013309187 0.266755044 4.015585899
0.277029395 0.088442422 0.956782460 5.493432045 -0.012442144 0.996001542 -0.088465199 -0.382122248 -0.960780799 0.012603039 0.277022153 4.027926445
0.286924720 0.088855311 0.953823328 5.534734249 -0.015086363 0.995984495 -0.088244714 -0.385405451 -0.957834303 0.010929867 0.287113070 4.041304111
0.296985447 0.089817971 0.950648427 5.577720642 -0.016418466 0.995899618 -0.088964142 -0.388669729 -0.954740822 0.010812867 0.297242314 4.055822849
0.306891143 0.091370136 0.947348535 5.620059013 -0.021276839 0.995791018 -0.089149743 -0.391748279 -0.951506734 0.007202686 0.307543516 4.070642948
0.317335874 0.086161010 0.944390893 5.664684296 -0.020131027 0.996251583 -0.084128015 -0.394989729 -0.948099494 0.007685281 0.317880929 4.086575031
0.328340679 0.078950562 0.941254079 5.709635735 -0.016808636 0.996831238 -0.077748865 -0.398626566 -0.944409788 0.009706919 0.328627288 4.101817131
0.339226335 0.074561641 0.937745214 5.754501820 -0.015337903 0.997159719 -0.073737361 -0.402084947 -0.940579712 0.010630610 0.339406431 4.118419647
0.349411011 0.071642160 0.934226632 5.801339626 -0.015989885 0.997383177 -0.070505008 -0.404801786 -0.936833143 0.009697050 0.349642187 4.136809826
0.358906627 0.069439448 0.930786967 5.847683430 -0.009989851 0.997457385 -0.070561238 -0.407606095 -0.933320045 0.016026471 0.358687788 4.154681206
0.367989331 0.063712135 0.927644670 5.896350384 -0.003082962 0.997727871 -0.067302577 -0.410657436 -0.929824889 0.021906737 0.367349625 4.173081875
0.374471158 0.054503944 0.925635219 5.943673611 0.006483432 0.998092592 -0.061393343 -0.413063347 -0.927215815 0.028991325 0.373403430 4.192396164
0.381338894 0.050390866 0.923060894 5.992325783 0.011179786 0.998188794 -0.059110824 -0.416092008 -0.924367666 0.032860879 0.380084783 4.212303162
0.388427705 0.050073721 0.920117736 6.040179253 0.013506894 0.998105824 -0.060019851 -0.419297934 -0.921380162 0.035741303 0.387015581 4.232783794
0.396614134 0.056233637 0.916261435 6.089781761 0.016235912 0.997536182 -0.068249591 -0.422010332 -0.917841852 0.041945107 0.394723982 4.253296375
0.404425949 0.060208194 0.912586808 6.140051365 0.021595504 0.996923864 -0.075342700 -0.423827827 -0.914315760 0.050178327 0.401881635 4.274582386
0.408311337 0.063022435 0.910664678 6.184291363 0.017670788 0.996881366 -0.076912038 -0.428167224 -0.912671685 0.047496211 0.405924231 4.296141624
0.413743347 0.063830391 0.908153057 6.233827114 0.012043859 0.997067988 -0.075566880 -0.431817532 -0.910313904 0.042202964 0.411761463 4.318745613
0.418009043 0.068002038 0.905894101 6.282282352 0.005344718 0.996993005 -0.077306718 -0.435285032 -0.908427119 0.037156649 0.416388631 4.341933727
0.422214001 0.070656434 0.903738320 6.329493523 0.004278415 0.996791244 -0.079930358 -0.440039933 -0.906486094 0.037614286 0.420556992 4.364029884
0.425739050 0.074694350 0.901757717 6.373076916 0.001907552 0.996510625 -0.083443508 -0.442973495 -0.904843986 0.037245315 0.424111098 4.385951996
0.429122865 0.077674717 0.899900079 6.418639183 -0.001180334 0.996342897 -0.085436314 -0.447039127 -0.903245389 0.035600498 0.427645236 4.408591270
0.433780491 0.075986736 0.897808731 6.464522362 -0.000151824 0.996443689 -0.084261425 -0.448908985 -0.901018679 0.036414657 0.432249397 4.430203438
0.437604815 0.072450116 0.896243751 6.507748127 0.000112773 0.996744156 -0.080629371 -0.454406321 -0.899167418 0.035384875 0.436171830 4.451390266
0.440623075 0.069963597 0.894961655 6.550955772 -0.000993907 0.996995687 -0.077450767 -0.458689064 -0.897691727 0.033237088 0.439368844 4.473438263
0.444196016 0.068960615 0.893271685 6.593849182 -0.001284096 0.997081280 -0.076336190 -0.461927176 -0.895928741 0.032761179 0.442988098 4.495413780
0.448007613 0.070656098 0.891233444 6.636361599 -0.003263750 0.996994793 -0.077400140 -0.465365827 -0.894023716 0.031767085 0.446891904 4.516832829
0.450540215 0.071654201 0.889875948 6.678231239 -0.002266195 0.996862411 -0.079121552 -0.468517810 -0.892753243 0.033630800 0.449288994 4.538338184
0.452970058 0.069414541 0.888819337 6.719378948 -0.000222164 0.996973038 -0.077747874 -0.472271740 -0.891525686 0.035019990 0.451614350 4.559148788
0.454661727 0.068164505 0.888051867 6.759897709 0.001880873 0.996991336 -0.077489369 -0.475841194 -0.890662193 0.036901757 0.453165650 4.579996586
0.456605762 0.067809954 0.887081146 6.798760414 0.000476517 0.997072279 -0.076463126 -0.479701519 -0.889668941 0.035336211 0.455236614 4.599675179
0.458748430 0.067331910 0.886011481 6.837937832 0.002248518 0.997033715 -0.076933198 -0.482504725 -0.888563335 0.037285194 0.457236260 4.619730949
0.461096555 0.069131106 0.884652972 6.876987457 0.000641085 0.996934414 -0.078239471 -0.486741990 -0.887349725 0.036643092 0.459638625 4.640835285
0.463766575 0.069262415 0.883245826 6.914874077 0.003448418 0.996790707 -0.079977050 -0.490138054 -0.885950685 0.040136486 0.462039411 4.661125660
0.466595531 0.068463363 0.881817102 6.952837944 0.005323627 0.996764243 -0.080204614 -0.493704557 -0.884454727 0.042117581 0.464721173 4.682032585
0.471142322 0.066639856 0.879536211 6.989279747 0.008447198 0.996755421 -0.080046132 -0.496503502 -0.882016718 0.045142744 0.469050765 4.698402882
0.473476321 0.065694205 0.878353179 7.024638176 0.009953357 0.996752024 -0.079914868 -0.499636829 -0.880750299 0.046580374 0.471284628 4.719248295
0.476961374 0.065448135 0.876484096 7.059386253 0.010915997 0.996705830 -0.080365434 -0.502449393 -0.878856421 0.047898918 0.474675745 4.737459660
0.480036199 0.064470619 0.874876440 7.094059944 0.011084357 0.996770501 -0.079535000 -0.506259561 -0.877178669 0.047877125 0.477771312 4.757726669
0.483303189 0.063715667 0.873131335 7.128774643 0.013368463 0.996694624 -0.080132365 -0.509295344 -0.875350893 0.050400656 0.480853915 4.776553631
0.487522691 0.065012820 0.870686471 7.164011478 0.012585646 0.996597052 -0.081461459 -0.512463450 -0.873019576 0.050672460 0.485045522 4.796387672
0.491316289 0.065513268 0.868513823 7.198460102 0.014692788 0.996401906 -0.083471730 -0.515397072 -0.870857298 0.053771909 0.488585919 4.817136288
0.496956438 0.068514489 0.865066469 7.230993271 0.012691339 0.996197879 -0.086191095 -0.518563986 -0.867682636 0.053812072 0.494197369 4.834469795
0.501813293 0.074411497 0.861769319 7.265222549 0.009128055 0.995781720 -0.091298431 -0.521844029 -0.864927769 0.053681046 0.499017239 4.855990410
0.508016527 0.081585392 0.857474804 7.296938896 0.003846111 0.995279312 -0.096975580 -0.524847865 -0.861338913 0.052563127 0.505304515 4.874797821
0.513592839 0.087897964 0.853519976 7.329501629 -0.001687786 0.994840682 -0.101435982 -0.528471649 -0.858032405 0.050656237 0.511091411 4.896306992
0.519952416 0.092316374 0.849192083 7.363327026 -0.004869612 0.994447052 -0.105125539 -0.531803489 -0.854181409 0.050525043 0.517514706 4.918010712
0.525318980 0.092747681 0.845835626 7.395781994 -0.009859690 0.994638622 -0.102940746 -0.535498619 -0.850848317 0.045737054 0.523417056 4.938814163
0.531907201 0.092142619 0.841774583 7.430440903 -0.015684122 0.994963765 -0.099000461 -0.538328469 -0.846657395 0.039456561 0.530673563 4.959421158
0.537048519 0.089990020 0.838737488 7.464276314 -0.021848967 0.995443761 -0.092813350 -0.541537762 -0.843268335 0.031519722 0.536567807 4.984043598
0.543007135 0.087788023 0.835126638 7.498892307 -0.028808685 0.995882392 -0.085954897 -0.546588540 -0.839233816 0.022615215 0.543300271 5.007298946
0.549458981 0.086257055 0.831056237 7.533656120 -0.030255392 0.996058404 -0.083379410 -0.548481107 -0.834972620 0.020669635 0.549903154 5.030530453
0.555655599 0.090107046 0.826515317 7.569099426 -0.035881653 0.995782495 -0.084437832 -0.551407635 -0.830637932 0.017261621 0.556545317 5.055287361
0.561941803 0.093663409 0.821856737 7.604591846 -0.040479321 0.995491922 -0.085774258 -0.555492163 -0.826185763 0.014931938 0.563199997 5.080399513
0.567483962 0.096927419 0.817659497 7.639824390 -0.043331508 0.995186627 -0.087898336 -0.558927536 -0.822243571 0.014450483 0.568952382 5.107343674
0.574323356 0.099758253 0.812527418 7.677433014 -0.044670142 0.994887471 -0.090573095 -0.560978532 -0.817408800 0.015722534 0.575843394 5.133362770
0.580428123 0.100263737 0.808115304 7.714586735 -0.047694653 0.994873106 -0.089178324 -0.565042734 -0.812913537 0.013218829 0.582234383 5.160853863
0.587191224 0.101877175 0.803011537 7.751558781 -0.053663731 0.994765043 -0.086963862 -0.569182754 -0.807667375 0.007971833 0.589584470 5.188424587
0.594242454 0.099891581 0.798058569 7.789587021 -0.054277968 0.994975984 -0.084123470 -0.572952509 -0.802452385 0.006672746 0.596678853 5.217565060
0.601303458 0.098090641 0.792976856 7.829395771 -0.054442741 0.995159209 -0.081817269 -0.576450825 -0.797163785 0.006025169 0.603732944 5.248742580
