0.999999046 0.000732197 0.001174064 0.000046738 -0.000726627 0.999988496 -0.004737819 -0.000160003 -0.001177519 0.004736961 0.999988079 0.059373960
0.999996781 -0.001257106 0.002164672 -0.000045021 0.001268865 0.999984324 -0.005439253 -0.000130954 -0.002157800 0.005441982 0.999982893 0.118768230
0.999994338 -0.002715416 0.002000248 0.000155035 0.002718315 0.999995351 -0.001447938 -0.000149969 -0.001996307 0.001453367 0.999996960 0.178044379
0.999984860 -0.005269453 0.001554349 0.000199639 0.005262554 0.999976397 0.004410110 -0.000007434 -0.001577552 -0.004401864 0.999989092 0.237284005
0.999960244 -0.008907402 0.000312243 0.000193516 0.008905931 0.999950528 0.004426514 0.000156049 -0.000351657 -0.004423558 0.999990165 0.295690298
0.999933779 -0.011477513 -0.000869984 0.000526433 0.011478786 0.999933004 0.001473402 0.000528106 0.000853014 -0.001483291 0.999998510 0.353918493
0.999923944 -0.012234612 -0.001516475 0.000189412 0.012231812 0.999923408 -0.001843582 0.000452555 0.001538915 0.001824893 0.999997139 0.411589056
0.999930561 -0.011587369 -0.002130459 -0.000238344 0.011582217 0.999929965 -0.002415257 0.000468032 0.002158297 0.002390414 0.999994814 0.469577014
0.999932349 -0.011192705 -0.003157123 -0.000662899 0.011190942 0.999937236 -0.000575711 0.000276862 0.003163368 0.000540341 0.999994814 0.526086092
0.999932826 -0.011073679 -0.003411239 -0.001441946 0.011082969 0.999934912 0.002716783 0.000062321 0.003380932 -0.002754407 0.999990463 0.584079444
0.999923944 -0.011280489 -0.004989728 -0.001188599 0.011299793 0.999928713 0.003857919 0.000379239 0.004945853 -0.003914008 0.999980092 0.640470862
0.999906063 -0.012690657 -0.005183624 -0.002044615 0.012715989 0.999907196 0.004883564 0.000532520 0.005121167 -0.004949019 0.999974608 0.697269976
0.999900222 -0.012494187 -0.006591324 -0.001830454 0.012525847 0.999910057 0.004784009 0.000675698 0.006530959 -0.004866094 0.999966800 0.753860354
0.999898255 -0.012535730 -0.006807628 -0.003023213 0.012551883 0.999918461 0.002335051 0.001662851 0.006777802 -0.002420261 0.999974132 0.810493469
0.999874651 -0.013081981 -0.008918298 -0.002664809 0.013093397 0.999913514 0.001222908 0.001115830 0.008901531 -0.001339526 0.999959469 0.866630435
0.999837101 -0.014357721 -0.010934461 -0.002812041 0.014346818 0.999896467 -0.001075109 0.002212517 0.010948767 0.000918059 0.999939620 0.922481537
0.999831080 -0.014040398 -0.011860403 -0.004256699 0.014029585 0.999900937 -0.000994648 0.001512602 0.011873195 0.000828084 0.999929130 0.978234351
0.999830961 -0.012831317 -0.013168857 -0.005408236 0.012806653 0.999915957 -0.001955654 0.001466128 0.013192844 0.001786675 0.999911368 1.033799171
0.999827743 -0.010977286 -0.014962077 -0.006464990 0.010953774 0.999938667 -0.001652698 0.001142974 0.014979300 0.001488522 0.999886692 1.088996172
0.999789596 -0.011503260 -0.016983004 -0.007005733 0.011492927 0.999933839 -0.000705906 0.001137852 0.016990000 0.000510573 0.999855518 1.144040465
0.999778211 -0.011028696 -0.017943131 -0.008809238 0.011037680 0.999939024 0.000401850 0.001227445 0.017937606 -0.000599811 0.999838889 1.199340224
0.999753237 -0.010712828 -0.019465208 -0.009999118 0.010729162 0.999942183 0.000734918 0.001448726 0.019456211 -0.000943582 0.999810278 1.254443407
0.999717772 -0.012087050 -0.020451784 -0.011656657 0.012102380 0.999926567 0.000625922 0.001383414 0.020442717 -0.000873260 0.999790668 1.309253573
0.999682426 -0.012239689 -0.022030134 -0.013391284 0.012259512 0.999924481 0.000764964 0.000959531 0.022019112 -0.001034799 0.999757051 1.363147378
0.999658883 -0.011807319 -0.023294685 -0.014315167 0.011828170 0.999929905 0.000757634 0.001203290 0.023284102 -0.001032909 0.999728382 1.417139530
0.999656498 -0.011791871 -0.023404906 -0.016536143 0.011859406 0.999925971 0.002748831 0.001148667 0.023370758 -0.003025455 0.999722362 1.470987082
0.999622762 -0.012513749 -0.024450190 -0.017717998 0.012637782 0.999908030 0.004924848 0.001660902 0.024386313 -0.005231985 0.999688864 1.523945332
0.999583066 -0.012757655 -0.025902480 -0.018540530 0.012939873 0.999892592 0.006879439 0.001748933 0.025811933 -0.007211745 0.999640822 1.575605035
0.999566019 -0.012427933 -0.026709557 -0.019560292 0.012591107 0.999903083 0.005949687 0.001814048 0.026633026 -0.006283408 0.999625564 1.627768993
0.999571443 -0.010437177 -0.027348811 -0.021865033 0.010526765 0.999939620 0.003133754 0.002066104 0.027314458 -0.003420306 0.999621034 1.677447081
0.999545038 -0.010166836 -0.028396040 -0.023299007 0.010200525 0.999947429 0.001041824 0.002293277 0.028383957 -0.001331005 0.999596179 1.727421165
0.999535918 -0.009337993 -0.028993981 -0.025344599 0.009379765 0.999955177 0.001305055 0.001928494 0.028980492 -0.001576407 0.999578714 1.776285410
0.999502122 -0.009266950 -0.030159529 -0.027054036 0.009296246 0.999956429 0.000831304 0.001958657 0.030150514 -0.001111260 0.999544680 1.825162053
0.999429345 -0.009251941 -0.032484632 -0.028589498 0.009261099 0.999957085 0.000131488 0.001768307 0.032482024 -0.000432257 0.999472141 1.874029756
0.999368370 -0.009406910 -0.034269780 -0.030513503 0.009404498 0.999955773 -0.000231591 0.002114091 0.034270450 -0.000090846 0.999412537 1.921768665
0.999295652 -0.009048501 -0.036419384 -0.032397669 0.009086787 0.999958456 0.000885827 0.002090117 0.036409844 -0.001216138 0.999336183 1.969713092
0.999200940 -0.009297517 -0.038872886 -0.034006685 0.009429435 0.999950469 0.003211560 0.002075263 0.038841095 -0.003575543 0.999238908 2.016672850
0.999140084 -0.008453343 -0.040590655 -0.036163490 0.008658871 0.999950528 0.004890243 0.001877824 0.040547319 -0.005237507 0.999163866 2.063073158
0.999087095 -0.007044385 -0.042134929 -0.038805511 0.007244159 0.999963224 0.004590516 0.002369170 0.042101048 -0.004891558 0.999101400 2.109002352
0.999005675 -0.004791670 -0.044325292 -0.041076478 0.004981766 0.999978840 0.004179180 0.002169558 0.044304337 -0.004395843 0.999008417 2.153746605
0.998910010 -0.003059780 -0.046577308 -0.043096177 0.003229045 0.999988377 0.003559252 0.002595042 0.046565879 -0.003705773 0.998908341 2.197912931
0.998857498 -0.002871322 -0.047702279 -0.045789301 0.003093101 0.999984741 0.004576073 0.002531806 0.047688406 -0.004718393 0.998851120 2.242092371
0.998816609 -0.000896413 -0.048629012 -0.048148535 0.001195848 0.999980569 0.006128795 0.002870614 0.048622563 -0.006179695 0.998798132 2.284785986
0.998810768 0.000878099 -0.048747003 -0.050796546 -0.000538262 0.999975443 0.006984140 0.002878954 0.048751943 -0.006949595 0.998786688 2.327739716
0.998826742 0.004255979 -0.048238430 -0.052517235 -0.003992663 0.999976575 0.005553683 0.002458824 0.048260942 -0.005354568 0.998820364 2.369948149
0.998927295 0.006045470 -0.045912977 -0.055493481 -0.005962295 0.999980330 0.001948288 0.002916233 0.045923848 -0.001672452 0.998943567 2.409349918
0.999023974 0.006825316 -0.043641061 -0.057328589 -0.006840959 0.999976575 -0.000209112 0.003561967 0.043638609 0.000507454 0.999047220 2.449263811
0.999138772 0.006925549 -0.040909205 -0.059042320 -0.006886555 0.999975741 0.001093999 0.003290037 0.040915783 -0.000811334 0.999162257 2.489743233
0.999239147 0.011821107 -0.037166353 -0.061686277 -0.011714779 0.999926567 0.003077330 0.003861648 0.037200019 -0.002639593 0.999304295 2.529774904
0.999307752 0.016464233 -0.033358291 -0.063203633 -0.016251512 0.999845862 0.006638011 0.003847883 0.033462446 -0.006091294 0.999421358 2.567439079
0.999354720 0.021143908 -0.029034548 -0.065188892 -0.020928489 0.999751270 0.007703339 0.003790930 0.029190199 -0.007090719 0.999548852 2.605359554
0.999416113 0.024942372 -0.023350677 -0.066664785 -0.024763871 0.999662101 0.007902688 0.004290817 0.023539899 -0.007319822 0.999696136 2.641803503
0.999438465 0.028468652 -0.017671477 -0.067283615 -0.028294772 0.999549448 0.010013090 0.004643725 0.017948575 -0.009507456 0.999793768 2.677154779
0.999356329 0.034061730 -0.011269637 -0.068183810 -0.033932511 0.999358296 0.011465834 0.004134296 0.011652951 -0.011076042 0.999870777 2.711591959
0.999274611 0.037841666 -0.004289013 -0.068413839 -0.037790257 0.999219596 0.011492020 0.003656976 0.004720543 -0.011321599 0.999924839 2.745427847
0.999166787 0.040662885 0.003491003 -0.069018289 -0.040699810 0.999108076 0.011251972 0.004298626 -0.003030351 -0.011384680 0.999930620 2.776485443
0.998914123 0.045202896 0.011279553 -0.069284096 -0.045322932 0.998915970 0.010623559 0.004659086 -0.010787111 -0.011123247 0.999879956 2.806495667
0.998601317 0.049400724 0.018839601 -0.069050059 -0.049557772 0.998739541 0.007961533 0.004740685 -0.018422550 -0.008884046 0.999790788 2.835630417
0.998337865 0.051143214 0.026568593 -0.068189479 -0.051290784 0.998671651 0.004902218 0.004717698 -0.026282590 -0.006256795 0.999634981 2.863398552
0.998087347 0.051333778 0.034444720 -0.066952519 -0.051515657 0.998662353 0.004413077 0.004996482 -0.034172107 -0.006179078 0.999396920 2.889791727
0.997804284 0.050940182 0.042328916 -0.065857582 -0.051243342 0.998667538 0.006107411 0.004751894 -0.041961405 -0.008263076 0.999085069 2.915122509
0.997310698 0.052862644 0.050762702 -0.065421268 -0.053271610 0.998557389 0.006736586 0.004818268 -0.050333343 -0.009422679 0.998688161 2.938314199
0.996680140 0.055712011 0.059370771 -0.063860297 -0.056217287 0.998394907 0.006873182 0.004839973 -0.058892556 -0.010188028 0.998212337 2.960063457
0.995855689 0.060577638 0.067837581 -0.062083453 -0.061150856 0.998107970 0.006403499 0.004768634 -0.067321323 -0.010525286 0.997675776 2.980232716
0.994934380 0.064464077 0.077135712 -0.060885549 -0.065154165 0.997854352 0.006460806 0.004726121 -0.076553717 -0.011453792 0.996999621 2.999429703
0.994240820 0.063317873 0.086464323 -0.059327066 -0.064144306 0.997917354 0.006810722 0.004718011 -0.085852988 -0.012317691 0.996231616 3.016856909
0.993322551 0.062189672 0.097174697 -0.056848794 -0.062980570 0.998001754 0.005089816 0.004627859 -0.096663982 -0.011175945 0.995254278 3.034043312
0.992135406 0.060729913 0.109449491 -0.055420995 -0.061169829 0.998127162 0.000663103 0.004469802 -0.109204218 -0.007352894 0.993992150 3.050366879
0.990568519 0.061998032 0.122189224 -0.052465111 -0.062019952 0.998068333 -0.003627710 0.004839293 -0.122178100 -0.003984675 0.992500186 3.066321850
0.988396943 0.063428134 0.138015628 -0.050358325 -0.063217260 0.997982264 -0.005915336 0.004911041 -0.138112366 -0.002878272 0.990412414 3.083574295
0.985871792 0.065609418 0.154117808 -0.047026783 -0.065300040 0.997840643 -0.007074370 0.004371859 -0.154249147 -0.003089477 0.988027096 3.098828554
0.983111084 0.065546431 0.170869440 -0.043625236 -0.065076165 0.997845352 -0.008357935 0.004498132 -0.171049088 -0.002902748 0.985258281 3.113702059
0.979933858 0.064909071 0.188457936 -0.039502501 -0.064290524 0.997887075 -0.009399666 0.003899412 -0.188669860 -0.002905009 0.982036293 3.127363205
0.976047158 0.063695118 0.208025962 -0.035694718 -0.062996037 0.997963786 -0.009990591 0.004236465 -0.208238736 -0.003353525 0.978072286 3.142236710
0.971451700 0.064289436 0.228360176 -0.031153381 -0.063491561 0.997923374 -0.010846644 0.003369067 -0.228583306 -0.003961957 0.973516285 3.157548904
0.966109574 0.066243932 0.249487594 -0.026840210 -0.065038860 0.997796953 -0.013080139 0.003207255 -0.249804467 -0.003589542 0.968289673 3.171709299
0.959946632 0.067742392 0.271870077 -0.021258235 -0.066033773 0.997697949 -0.015439489 0.003256992 -0.272290081 -0.003131521 0.962210119 3.188939333
0.952713490 0.068559654 0.296034753 -0.015279770 -0.066662803 0.997639000 -0.016508941 0.002843313 -0.296467662 -0.004006221 0.955034494 3.203922272
0.944175184 0.071303904 0.321634769 -0.009109020 -0.069418222 0.997436821 -0.017343260 0.002174661 -0.322046965 -0.005952233 0.946704924 3.218206882
0.934279501 0.073170930 0.348952323 -0.002159834 -0.071158506 0.997291625 -0.018600898 0.002010137 -0.349368215 -0.007452481 0.936955929 3.233901501
0.922990143 0.074501306 0.377542704 0.004538655 -0.072336569 0.997181177 -0.019932387 0.001398332 -0.377963394 -0.008912749 0.925777555 3.248487949
0.910495043 0.072864980 0.407049745 0.013860583 -0.069856390 0.997308433 -0.022269914 0.001086824 -0.407576799 -0.008158383 0.913134456 3.262977123
0.895399868 0.070546471 0.439638764 0.022143602 -0.066348150 0.997484982 -0.024931654 0.000400797 -0.440291882 -0.006845418 0.897828579 3.277065754
0.878123522 0.069343098 0.473382175 0.032389402 -0.063129224 0.997583151 -0.029025711 -0.000335522 -0.474250853 -0.004396092 0.880378842 3.291491508
0.858619809 0.070953414 0.507678628 0.042124629 -0.062299032 0.997476757 -0.034043584 -0.000963725 -0.508813202 -0.002397403 0.860873520 3.304600239
0.836968720 0.072674163 0.542403877 0.053748727 -0.061713208 0.997354925 -0.038402960 -0.001879863 -0.543760002 -0.001331402 0.839239657 3.318492889
0.812686920 0.075416848 0.577799559 0.066914082 -0.062468007 0.997150600 -0.042289808 -0.002195776 -0.579342544 -0.001725617 0.815082431 3.332899809
0.784991503 0.079623662 0.614368320 0.079052567 -0.065684341 0.996813238 -0.045263220 -0.003166862 -0.616014540 -0.004823138 0.787720025 3.346987724
0.755017221 0.083919868 0.650312603 0.093577147 -0.069410443 0.996432722 -0.047999144 -0.004301764 -0.652020872 -0.008898299 0.758148789 3.362027645
0.722097397 0.084898904 0.686562121 0.110804439 -0.068843961 0.996333241 -0.050797425 -0.005180866 -0.688357294 -0.010584963 0.725294471 3.376997709
0.685487866 0.082234055 0.723425210 0.127887487 -0.065080591 0.996544361 -0.051612712 -0.006756760 -0.725169718 -0.011701054 0.688470840 3.390740871
0.646426380 0.081189886 0.758644283 0.148283958 -0.062432822 0.996616304 -0.053459764 -0.007731982 -0.760417759 -0.012806503 0.649307966 3.404969692
0.604132652 0.080576032 0.792799711 0.170367002 -0.060380992 0.996643364 -0.055281866 -0.009251676 -0.794592977 -0.014472460 0.606970012 3.419645786
0.557811320 0.079693533 0.826132834 0.192294717 -0.056145296 0.996722519 -0.058239862 -0.010556862 -0.828066587 -0.013896615 0.560457528 3.432291985
0.509474874 0.079041563 0.856847644 0.216122031 -0.053524710 0.996754944 -0.060122214 -0.011853844 -0.858819187 -0.015231762 0.512052059 3.444584608
0.460444212 0.077841967 0.884269059 0.243526697 -0.051725108 0.996807933 -0.060815152 -0.012736112 -0.886180341 -0.017736930 0.463000745 3.457622051
0.410576463 0.074846752 0.908749163 0.271146417 -0.050919924 0.996952176 -0.059105538 -0.014844351 -0.910403311 -0.022006096 0.413136095 3.468480110
0.360709965 0.074711092 0.929680884 0.299266458 -0.054697439 0.996765435 -0.058879919 -0.016414903 -0.931072891 -0.029612586 0.363629699 3.477364540
0.311712563 0.075544737 0.947168529 0.329000473 -0.052027613 0.996695936 -0.062372714 -0.016917594 -0.948751032 -0.029836558 0.314613014 3.484822989
0.264493078 0.071781278 0.961712480 0.360701025 -0.040988192 0.997161686 -0.063154496 -0.019477867 -0.963516176 -0.022714932 0.266684562 3.491321802
0.220685422 0.065465927 0.973145545 0.393131852 -0.028253848 0.997755289 -0.060714215 -0.021904208 -0.974935770 -0.014096362 0.222039655 3.495539665
0.178278819 0.064989701 0.981831431 0.427222669 -0.018533023 0.997861266 -0.062685564 -0.023147378 -0.983805597 -0.007020793 0.179101974 3.499802113
0.140074179 0.066452399 0.987908542 0.461657435 -0.015782427 0.997768462 -0.064877860 -0.024877761 -0.990015328 -0.006503879 0.140810385 3.502808332
0.106935166 0.067270987 0.991987646 0.497882515 -0.006566228 0.997734666 -0.066952869 -0.026914366 -0.994244337 0.000646000 0.107134610 3.505600452
0.078673206 0.065810665 0.994725823 0.534439087 0.000577606 0.997815490 -0.066060744 -0.029198982 -0.996900260 0.005771771 0.078463316 3.506279945
0.053103857 0.063616775 0.996560633 0.572701991 0.006989697 0.997920454 -0.064076059 -0.031910911 -0.998564541 0.010368341 0.052548777 3.507632017
0.033597276 0.062895700 0.997454464 0.611260772 0.012087462 0.997919261 -0.063332163 -0.033471216 -0.999362350 0.014184481 0.032767124 3.507631063
0.017401731 0.064806499 0.997746110 0.651426196 0.014686363 0.997772992 -0.065064400 -0.035391111 -0.999740660 0.015785495 0.016411209 3.508010149
0.003589077 0.064085282 0.997938037 0.690939069 0.014916006 0.997829914 -0.064132005 -0.038151633 -0.999882281 0.015115421 0.002625392 3.508279324
-0.007688933 0.065394565 0.997829854 0.732517540 0.016236074 0.997735977 -0.065263301 -0.040165082 -0.999838591 0.015699036 -0.008733276 3.506934643
-0.016581044 0.068491071 0.997513950 0.773939431 0.021081118 0.997453272 -0.068136483 -0.042368356 -0.999640226 0.019898932 -0.017982684 3.505731583
-0.023068171 0.070300899 0.997259080 0.817547321 0.025379369 0.997244239 -0.069712803 -0.044900760 -0.999411702 0.023701658 -0.024788797 3.504006863
-0.027863963 0.069606721 0.997185349 0.860835612 0.025557386 0.997296095 -0.068900332 -0.047447823 -0.999284923 0.023565609 -0.029567592 3.502923250
-0.031308405 0.066945367 0.997265279 0.906505764 0.023521619 0.997527480 -0.066224515 -0.049758021 -0.999232948 0.021383910 -0.032805659 3.501387358
-0.033811212 0.060294617 0.997607827 0.952210724 0.021559285 0.997990251 -0.059587039 -0.051835183 -0.999195635 0.019492999 -0.035043165 3.500613451
-0.035385527 0.054716416 0.997874737 0.999286652 0.022789562 0.998284578 -0.053930759 -0.054340549 -0.999113858 0.020832757 -0.036571790 3.499011993
-0.035256941 0.051996637 0.998024702 1.045658112 0.025169199 0.998374999 -0.051125746 -0.056879088 -0.999061286 0.023316944 -0.036508359 3.496603727
-0.035271488 0.054064855 0.997914195 1.093218923 0.028555116 0.998182416 -0.053070098 -0.059753295 -0.998969734 0.026623696 -0.036751203 3.494798422
-0.034103349 0.062125895 0.997485459 1.139932632 0.029711498 0.997687995 -0.061122689 -0.060971834 -0.998976529 0.027552303 -0.035870355 3.492607594
-0.032039970 0.069458209 0.997070074 1.188464880 0.030505512 0.997185588 -0.068485983 -0.064260855 -0.999020994 0.028221849 -0.034068644 3.491871834
-0.030155635 0.070463233 0.997058451 1.239126801 0.030985193 0.997098625 -0.069528952 -0.066339664 -0.999064863 0.028797360 -0.032251459 3.490384579
-0.027990893 0.066034019 0.997424722 1.289451122 0.030575233 0.997405291 -0.065174714 -0.069484428 -0.999140501 0.028672194 -0.029937269 3.489233494
-0.024959410 0.059010487 0.997945249 1.340027928 0.029610613 0.997861922 -0.058264971 -0.073310405 -0.999249876 0.028095512 -0.026653383 3.487970829
-0.022788825 0.057731681 0.998071969 1.391891837 0.027973354 0.997977197 -0.057087481 -0.075724795 -0.999348879 0.026618462 -0.024357675 3.486996651
-0.019283615 0.063466221 0.997797668 1.442085743 0.035850208 0.997385383 -0.062747151 -0.078152455 -0.999171138 0.034561265 -0.021508470 3.485852242
-0.015685081 0.068870820 0.997502327 1.492148399 0.037694391 0.996956587 -0.068240419 -0.081274673 -0.999166250 0.036529887 -0.018233387 3.484883785
-0.013736804 0.069329612 0.997499228 1.542420506 0.031375743 0.997132003 -0.068871990 -0.084162116 -0.999413252 0.030351199 -0.015872676 3.484443903
-0.010633517 0.065701991 0.997782707 1.593062878 0.026803590 0.997499228 -0.065397680 -0.087219685 -0.999584198 0.026048753 -0.012367974 3.484954357
-0.005654557 0.061694112 0.998079121 1.645089746 0.030265214 0.997648358 -0.061496023 -0.091142386 -0.999525905 0.029859347 -0.007508446 3.484424353
-0.002446194 0.063284233 0.997992575 1.696039557 0.035434481 0.997374296 -0.063158177 -0.093951926 -0.999368966 0.035208847 -0.004682216 3.483969450
0.000686547 0.068048880 0.997681916 1.747120976 0.034541111 0.997085094 -0.068031959 -0.096607916 -0.999403059 0.034507744 -0.001665938 3.483653545
0.004041610 0.068271011 0.997658730 1.798247337 0.031107748 0.997175395 -0.068363957 -0.100444287 -0.999507785 0.031311214 0.001906435 3.485366344
0.007709289 0.068255313 0.997638106 1.849763036 0.030562464 0.997185588 -0.068460532 -0.102971822 -0.999503136 0.031018060 0.005601540 3.485849857
0.011074647 0.065063708 0.997819662 1.900959373 0.034429219 0.997264326 -0.065409623 -0.106023751 -0.999345779 0.035078537 0.008804257 3.486815453
0.015141329 0.065635264 0.997728765 1.952785850 0.038985655 0.997045696 -0.066181965 -0.109585330 -0.999125063 0.039899189 0.012537763 3.486517429
0.018442933 0.066358522 0.997625530 2.003545284 0.042251378 0.996852040 -0.067088164 -0.113140568 -0.998936772 0.043388352 0.015581141 3.487018824
0.020949319 0.066861473 0.997542381 2.054967642 0.042635486 0.996793866 -0.067706689 -0.115457907 -0.998871088 0.043949112 0.018031482 3.488517046
0.024965040 0.064881310 0.997580767 2.107076168 0.044158917 0.996846080 -0.065938629 -0.119359359 -0.998712599 0.045698244 0.022021215 3.489104509
0.028647937 0.063554592 0.997567117 2.158330917 0.046315562 0.996820450 -0.064837106 -0.122968107 -0.998515964 0.048060324 0.025613284 3.489996433
0.031629499 0.064328700 0.997427404 2.210156441 0.044950202 0.996825457 -0.065715298 -0.125144228 -0.998488426 0.046913106 0.028637506 3.491752148
0.034379747 0.065751992 0.997243643 2.261777878 0.041800022 0.996865809 -0.067168124 -0.128618777 -0.998534262 0.043994021 0.031523556 3.494507313
0.037238322 0.066001691 0.997124553 2.314110518 0.043807954 0.996749341 -0.067612916 -0.131823659 -0.998345733 0.046199776 0.034225874 3.496019840
0.040272899 0.066017129 0.997005522 2.366218090 0.041438669 0.996846199 -0.067680441 -0.134763777 -0.998329043 0.044040270 0.037410222 3.497705936
0.042800426 0.066342853 0.996878624 2.418556690 0.039714560 0.996891201 -0.068048820 -0.137961105 -0.998293936 0.042503115 0.040032595 3.500108242
0.044941805 0.066167608 0.996795833 2.471858978 0.036905017 0.997013032 -0.067845926 -0.141595855 -0.998307705 0.039835889 0.042365644 3.503915548
0.048647642 0.067974426 0.996500254 2.524337292 0.035239339 0.996943653 -0.069725014 -0.144855350 -0.998194218 0.038507968 0.046103582 3.506185770
0.052106772 0.071831502 0.996054709 2.578441143 0.034091614 0.996700466 -0.073661506 -0.148316503 -0.998059392 0.037795380 0.049485993 3.509159803
0.054953836 0.073438689 0.995784521 2.630467892 0.034571767 0.996553600 -0.075403318 -0.152375638 -0.997890234 0.038569734 0.052225538 3.512733221
0.058178358 0.075474635 0.995449007 2.683450222 0.028265756 0.996613681 -0.077214919 -0.156130701 -0.997906029 0.032629360 0.055848006 3.515880346
0.060906455 0.074737035 0.995341539 2.737449408 0.025229456 0.996759057 -0.076387301 -0.159238502 -0.997824550 0.029764414 0.058823489 3.519942045
0.064247966 0.075775743 0.995052934 2.791331291 0.027282620 0.996606886 -0.077655658 -0.162962198 -0.997560918 0.032136865 0.061962605 3.523353815
0.068299942 0.076787204 0.994705379 2.845871210 0.027208606 0.996519387 -0.078795485 -0.167316884 -0.997293770 0.032446273 0.065972947 3.527626514
0.071622819 0.077480584 0.994417846 2.900079012 0.022176223 0.996608198 -0.079248495 -0.171539783 -0.997185290 0.027728435 0.069661669 3.532608032
0.075871013 0.075098522 0.994285524 2.954457283 0.020759102 0.996824622 -0.076874353 -0.175753206 -0.996901512 0.026473016 0.074071117 3.536771774
0.080651708 0.075585194 0.993872344 3.009185076 0.022127675 0.996739089 -0.077598840 -0.179305375 -0.996496618 0.028250556 0.078716181 3.541962385
0.085493803 0.079352938 0.993173659 3.064142942 0.018824434 0.996516824 -0.081240475 -0.183341995 -0.996160805 0.025641490 0.083702229 3.547522068
0.091527767 0.087891422 0.991916239 3.119356394 0.016450038 0.995828032 -0.089755937 -0.187798232 -0.995666504 0.024532219 0.089700095 3.553137302
0.098472767 0.092279516 0.990851879 3.173896790 0.014971546 0.995441198 -0.094194792 -0.192374632 -0.995027125 0.024110209 0.096642278 3.559682369
0.105532371 0.095722601 0.989797950 3.229939938 0.010228764 0.995199025 -0.097335517 -0.196726546 -0.994363248 0.020396454 0.104046583 3.566431284
0.113009445 0.093819030 0.989154577 3.284892797 0.007094817 0.995430410 -0.095224842 -0.201504037 -0.993568599 0.017779175 0.111827418 3.573241234
0.120551825 0.091794007 0.988453925 3.340721130 0.007064465 0.995611072 -0.093320243 -0.206990987 -0.992681921 0.018232826 0.119374268 3.580317259
0.127852038 0.088429727 0.987843096 3.398059368 0.006016006 0.995929718 -0.089932248 -0.211608872 -0.991774976 0.017440889 0.126799658 3.587657452
0.135003999 0.082955927 0.987366199 3.453969955 0.002348399 0.996459544 -0.084041007 -0.216796532 -0.990842223 0.013664604 0.134331197 3.595857143
0.142551348 0.075979680 0.986866832 3.511491537 0.000687808 0.997041404 -0.076862387 -0.220085517 -0.989787102 0.011635610 0.142077357 3.604468346
0.150071755 0.072918057 0.985982478 3.566580772 0.001801208 0.997254670 -0.074025832 -0.224739611 -0.988673449 0.012885150 0.149528414 3.613443136
0.157265633 0.075072661 0.984698772 3.621669292 0.001683740 0.997084618 -0.076285854 -0.228860557 -0.987554848 0.013655123 0.156680733 3.622497559
0.163394704 0.081465207 0.983191550 3.674946785 0.002464691 0.996548057 -0.082981504 -0.232733756 -0.986557722 0.015982002 0.162629873 3.630934477
0.168059111 0.085628651 0.982050836 3.729465723 0.000484037 0.996212900 -0.086946331 -0.236659691 -0.985776722 0.015087474 0.167381197 3.641029835
0.173115522 0.087313816 0.981023550 3.781817436 -0.000763159 0.996074140 -0.088518709 -0.242411152 -0.984901249 0.014575286 0.172502562 3.651014328
0.178652793 0.087059326 0.980053008 3.834387779 -0.002638030 0.996116400 -0.088005394 -0.246206209 -0.983908653 0.013136999 0.178188667 3.660632610
0.183146358 0.084390648 0.979456723 3.887674809 0.002122100 0.996272385 -0.086236313 -0.249900043 -0.983083367 0.017872375 0.182284608 3.672052860
0.188421875 0.077798136 0.979001880 3.940199852 0.001354669 0.996835768 -0.079476081 -0.254904270 -0.982087255 0.016301254 0.187720299 3.681030273
0.191212773 0.072194926 0.978890061 3.991550446 -0.002193468 0.997320294 -0.073125720 -0.259210467 -0.981546223 0.011835407 0.190858752 3.691681862
0.194338918 0.068205819 0.978560388 4.041577816 -0.004320676 0.997629583 -0.068676874 -0.263296247 -0.980924964 0.009118548 0.194172978 3.702831268
0.198027685 0.068157516 0.977823853 4.092365265 -0.005245936 0.997638941 -0.068476282 -0.266472220 -0.980182409 0.008430599 0.197917655 3.713360310
0.199891418 0.070754334 0.977260113 4.142337322 -0.007488484 0.997470558 -0.070685856 -0.269464344 -0.979789436 0.006811301 0.199915633 3.724553108
0.201673105 0.075067647 0.976571977 4.189610481 -0.010607512 0.997167587 -0.074460216 -0.272649407 -0.979395390 0.004657626 0.201898128 3.734437704
0.203571349 0.079006404 0.975867152 4.237913609 -0.012412196 0.996866882 -0.078117281 -0.276965737 -0.978981435 0.003789787 0.203914195 3.745258808
0.205856591 0.084122285 0.974959791 4.284379482 -0.013002831 0.996445477 -0.083230652 -0.280757070 -0.978495777 0.004456346 0.206218734 3.755402565
0.207103714 0.086336255 0.974501967 4.331846714 -0.011898751 0.996246934 -0.085734002 -0.284221530 -0.978246629 0.006160472 0.207353756 3.766203165
0.208231345 0.085208155 0.974360943 4.376919270 -0.015346050 0.996359944 -0.083852366 -0.289768219 -0.977959216 0.002508098 0.208781004 3.776451588
0.208933070 0.083294369 0.974376202 4.424054146 -0.014936706 0.996521652 -0.081984639 -0.292340457 -0.977815866 0.002575330 0.209450439 3.787100315
0.209795684 0.080747709 0.974405229 4.468995094 -0.015404467 0.996733189 -0.079281338 -0.296215802 -0.977623880 0.001622687 0.210354209 3.796466351
0.209271088 0.079614565 0.974611282 4.513613224 -0.014661927 0.996823490 -0.078280807 -0.299952477 -0.977747798 0.002092230 0.209773660 3.806926250
0.207864717 0.078853428 0.974973977 4.557501316 -0.014193989 0.996883571 -0.077599250 -0.303377420 -0.978054523 0.002291379 0.208336189 3.816388130
0.205865324 0.080147408 0.975292683 4.600473881 -0.015334578 0.996782184 -0.078676559 -0.306463391 -0.978460133 0.001241069 0.206431940 3.826279640
0.203118190 0.082454219 0.975676417 4.642153263 -0.016705148 0.996594846 -0.080744334 -0.310639888 -0.979011655 0.000101824 0.203803927 3.835643053
0.201709867 0.086685285 0.975601733 4.683947563 -0.014158483 0.996229708 -0.085590824 -0.313706756 -0.979342937 0.003451475 0.202176690 3.844133139
0.200041518 0.086985350 0.975918531 4.725991249 -0.011729681 0.996192515 -0.086388096 -0.317084432 -0.979717195 0.005833995 0.200300172 3.852332115
0.197434634 0.085854150 0.976549447 4.766405582 -0.013619559 0.996301711 -0.084837154 -0.320729017 -0.980221450 0.003449620 0.197873771 3.861074924
0.195775554 0.083125174 0.977119267 4.806107998 -0.012942058 0.996533275 -0.082183644 -0.323761523 -0.980563283 0.003443618 0.196172625 3.868355751
0.193334147 0.079015344 0.977946043 4.846470833 -0.012351849 0.996868849 -0.078102365 -0.327180803 -0.981055140 0.003020412 0.193704814 3.876674652
0.191349238 0.078072697 0.978411973 4.885377407 -0.008693720 0.996927202 -0.077849872 -0.330414116 -0.981483459 0.006390474 0.191439986 3.884385586
0.189923212 0.079644293 0.978563190 4.923313141 -0.005101410 0.996770799 -0.080136091 -0.333111763 -0.981785715 0.010227652 0.189716235 3.890708923
0.186999738 0.082506530 0.978889048 4.960784435 -0.001406217 0.996488154 -0.083721273 -0.335415870 -0.982358932 0.014279325 0.186459079 3.897960663
0.185600072 0.083952390 0.979032457 4.998041153 -0.000800334 0.996356189 -0.085286178 -0.338528961 -0.982625127 0.015045568 0.184990957 3.904834986
0.184571370 0.085943758 0.979054153 5.035278320 -0.001846893 0.996197820 -0.087100491 -0.342254847 -0.982817352 0.014268050 0.184028342 3.911743164
0.183050245 0.084201328 0.979490995 5.072289467 0.000361546 0.996319532 -0.085715547 -0.345481217 -0.983103514 0.016044382 0.182346106 3.919387817
0.183537871 0.082680032 0.979529440 5.109476566 0.006301200 0.996337175 -0.085279420 -0.348213404 -0.982992470 0.021824215 0.182344601 3.925484180
0.186344221 0.080712639 0.979163587 5.148135662 0.011333589 0.996376932 -0.084288433 -0.351100981 -0.982419133 0.026804099 0.184754312 3.932056427
0.188493565 0.080070883 0.978804827 5.185665131 0.013481319 0.996365726 -0.084103622 -0.354119122 -0.981981814 0.029048570 0.186729088 3.938811302
0.191905916 0.079547010 0.978184283 5.224005699 0.011145295 0.996468782 -0.083220482 -0.357665479 -0.981350005 0.026872654 0.190341681 3.947258949
0.196915105 0.080259502 0.977130055 5.262505054 0.009922646 0.996429563 -0.083844364 -0.360671669 -0.980370343 0.026205940 0.195415661 3.955029964
0.203840777 0.079189375 0.975796163 5.301199436 0.011581871 0.996458471 -0.083285615 -0.363305390 -0.978935599 0.028278548 0.202201724 3.963287830
0.211130902 0.079533860 0.974216759 5.339791298 0.009233897 0.996477365 -0.083352350 -0.366259396 -0.977414131 0.026594080 0.209652796 3.971913815
0.219557837 0.077655025 0.972504020 5.379426003 0.009812275 0.996600866 -0.081794456 -0.368985981 -0.975550115 0.027501093 0.218049541 3.981598377
0.228754625 0.077260904 0.970413268 5.419137955 0.006239957 0.996708691 -0.080825381 -0.372328877 -0.973464131 0.024544522 0.227519631 3.991272926
0.238153532 0.076704860 0.968193829 5.459555626 0.005088274 0.996764123 -0.080219947 -0.375669301 -0.971214175 0.024031097 0.236992583 4.001867294
0.248169661 0.080219872 0.965389371 5.499686241 -0.000106200 0.996567488 -0.082783356 -0.378820717 -0.968716562 0.020441791 0.247326344 4.012632847
0.256970763 0.083007261 0.962847769 5.541135311 -0.003919213 0.996385813 -0.084852599 -0.381543219 -0.966411233 0.018031031 0.256367296 4.025329590
0.267921001 0.085788913 0.959613800 5.583047390 -0.007597054 0.996184826 -0.086937264 -0.384521931 -0.963410854 0.016002083 0.267550558 4.037778378
0.278286427 0.087539494 0.956500530 5.625178814 -0.009203876 0.996035397 -0.088479966 -0.388064384 -0.960453987 0.015819255 0.277988911 4.050573349
0.287858456 0.088381246 0.953585982 5.667467117 -0.012601821 0.995995700 -0.088507816 -0.391465366 -0.957590044 0.013460804 0.287819624 4.064242363
0.298436642 0.088577636 0.950310230 5.711299896 -0.013225500 0.995972335 -0.088680416 -0.395084918 -0.954337835 0.013897156 0.298406184 4.078659058
0.308386058 0.090204082 0.946974814 5.755112648 -0.018671334 0.995876074 -0.088781781 -0.398531914 -0.951078117 0.009697778 0.308798462 4.093377113
0.318797648 0.085678644 0.943942368 5.798892975 -0.017984696 0.996273458 -0.084354617 -0.401089549 -0.947652102 0.009915531 0.319150507 4.109313965
0.329624802 0.078307904 0.940858841 5.844723701 -0.013768250 0.996846914 -0.078144200 -0.404613674 -0.944011629 0.012804286 0.329663634 4.125472546
0.340265512 0.073775530 0.937430799 5.889651775 -0.012582841 0.997185469 -0.073910922 -0.408280820 -0.940245211 0.013353799 0.340236127 4.142099857
0.350331604 0.071151644 0.933919251 5.936331272 -0.013669486 0.997392654 -0.070859723 -0.410969526 -0.936525941 0.012058206 0.350390762 4.160457134
0.359890491 0.068439618 0.930481017 5.983580589 -0.007084382 0.997477651 -0.070627302 -0.413925111 -0.932967603 0.018826211 0.359467506 4.178859711
0.368920803 0.062686950 0.927344441 6.032990456 0.000002332 0.997722983 -0.067445338 -0.416770518 -0.929460943 0.024884157 0.368080556 4.197543144
0.376025170 0.052917689 0.925097227 6.082444191 0.010388912 0.998064458 -0.061314374 -0.419540673 -0.926551223 0.032666501 0.374747574 4.217009544
0.382553279 0.049354713 0.922614336 6.130386353 0.014277948 0.998137236 -0.059314989 -0.422582060 -0.923823118 0.035864186 0.381135970 4.236552238
0.389524400 0.049340740 0.919693530 6.179983139 0.016278336 0.998039186 -0.060438398 -0.425837159 -0.920872271 0.038513310 0.387957424 4.258433819
0.397440642 0.054803614 0.915989935 6.228983879 0.019307300 0.997494578 -0.068057321 -0.429005176 -0.917424798 0.044734031 0.395386755 4.278944016
0.404634982 0.059202950 0.912559927 6.277308941 0.023049934 0.996924818 -0.074896678 -0.431807339 -0.914187729 0.051340260 0.402025998 4.299268246
0.409968853 0.061570428 0.910019040 6.327672482 0.020821555 0.996827245 -0.076823965 -0.435602933 -0.911861837 0.050443448 0.407386065 4.322927952
0.414113611 0.062506020 0.908076525 6.374756336 0.014218152 0.997073412 -0.075115949 -0.439850360 -0.910114169 0.044017702 0.412012994 4.345515251
0.418438435 0.066381738 0.905816138 6.423740864 0.007661031 0.997032046 -0.076605394 -0.443380356 -0.908212841 0.038994115 0.416687995 4.369080544
0.422366560 0.069928482 0.903723717 6.470284939 0.006473472 0.996761560 -0.080153055 -0.447063148 -0.906401992 0.039704192 0.420545995 4.391151905
0.426555216 0.073715948 0.901452482 6.518586159 0.004069150 0.996506631 -0.083414435 -0.450915039 -0.904452324 0.039249010 0.424765140 4.414910316
0.430272937 0.076479256 0.899453342 6.563765526 0.001926909 0.996324480 -0.085637860 -0.454320431 -0.902696788 0.038580820 0.428544074 4.436788559
0.434115380 0.075518556 0.897686362 6.608473301 -0.000569138 0.996502876 -0.083556347 -0.458731353 -0.900857091 0.035762183 0.432640135 4.458485603
0.438485861 0.071654908 0.895877123 6.652935028 0.001570828 0.996753991 -0.080492184 -0.462552220 -0.898736596 0.036701951 0.436949968 4.479793549
0.441694379 0.068983205 0.894509554 6.697204590 0.001112152 0.996996582 -0.077436022 -0.466273397 -0.897164822 0.035197880 0.440291107 4.502137184
0.445174336 0.068687461 0.892805576 6.740860939 -0.000660661 0.997078538 -0.076380208 -0.470351815 -0.895443678 0.033412680 0.443919092 4.524401188
0.448863804 0.070805714 0.890790522 6.783394337 -0.002892123 0.996965706 -0.077787869 -0.473470956 -0.893595457 0.032339882 0.447706610 4.545679092
0.451535612 0.071384124 0.889393032 6.825605869 -0.000704055 0.996822715 -0.079649180 -0.475954056 -0.892252803 0.035338260 0.450151235 4.567242622
0.453793257 0.069036409 0.888428748 6.867169857 0.000500485 0.996974528 -0.077726744 -0.480943084 -0.891106844 0.035716511 0.452385813 4.588701248
0.455294907 0.068073004 0.887734532 6.908858776 0.002170857 0.996985018 -0.077563897 -0.484563053 -0.890338123 0.037241582 0.453774452 4.610777378
0.457370877 0.067424253 0.886716247 6.949004173 0.002424059 0.997023344 -0.077062130 -0.487267613 -0.889272749 0.037395425 0.455846041 4.631505966
0.459097117 0.067083612 0.885849655 6.987574100 0.002815102 0.997030079 -0.076962031 -0.491366953 -0.888381600 0.037826803 0.457544833 4.651315689
0.461730957 0.069605514 0.884284735 7.026301384 0.001505096 0.996853471 -0.079252124 -0.494311690 -0.887018740 0.037924092 0.460173339 4.671798706
0.464538366 0.069293372 0.882837772 7.064599514 0.004066171 0.996756434 -0.080374353 -0.498726696 -0.885543644 0.040926743 0.462749869 4.691580296
0.467602134 0.068567269 0.881275654 7.103066444 0.006055134 0.996715128 -0.080761820 -0.501898944 -0.883918226 0.043100640 0.465650856 4.712604523
0.470702767 0.066224061 0.879802942 7.139183998 0.009838452 0.996723115 -0.080288477 -0.505108953 -0.882236958 0.046447914 0.468508840 4.731525421
0.473689228 0.064964898 0.878292620 7.175251007 0.010931556 0.996765137 -0.079623692 -0.508792162 -0.880624175 0.047317997 0.471446753 4.751537323
0.477754712 0.064811684 0.876099229 7.211128712 0.012849161 0.996652603 -0.080736846 -0.510842443 -0.878399312 0.049829550 0.475322723 4.769639015
0.480836451 0.063909598 0.874478102 7.246177673 0.012203301 0.996755660 -0.079556085 -0.515151143 -0.876725376 0.048924983 0.478496581 4.789631844
0.483900458 0.063465431 0.872818708 7.281476021 0.014576959 0.996643901 -0.080550775 -0.517907560 -0.875001609 0.051701605 0.481351316 4.810220242
0.488313198 0.064869694 0.870254099 7.316145420 0.013949819 0.996525645 -0.082109578 -0.520887971 -0.872556925 0.052235074 0.485711724 4.828660011
0.492590040 0.065110981 0.867822349 7.350360394 0.016338443 0.996329606 -0.084026590 -0.523730397 -0.870108068 0.055569530 0.489718139 4.848423481
0.497366935 0.068181425 0.864856839 7.383849621 0.013594632 0.996172011 -0.086351790 -0.527975619 -0.867433667 0.054705929 0.494536102 4.868108749
0.503057420 0.074290238 0.861054122 7.416972637 0.010520851 0.995698452 -0.092053778 -0.530396700 -0.864188910 0.055367354 0.500111818 4.887043953
0.508782387 0.081115216 0.857065260 7.450089455 0.005319979 0.995236039 -0.097350240 -0.533944547 -0.860878766 0.054089654 0.505926967 4.907484055
0.513939500 0.087401360 0.853362262 7.483409405 -0.000464731 0.994824231 -0.101610012 -0.537942648 -0.857826293 0.051824827 0.511320114 4.930276394
0.520506442 0.092229716 0.848861992 7.516380310 -0.003079774 0.994345546 -0.106148198 -0.540375888 -0.853852153 0.052636519 0.517847300 4.951008797
0.526279867 0.092348196 0.845281780 7.550092697 -0.007334246 0.994540989 -0.104088597 -0.544456959 -0.850279748 0.048580233 0.524084210 4.972586632
0.531952262 0.091431014 0.841823697 7.584363461 -0.014508125 0.994991779 -0.098898940 -0.548703074 -0.846649945 0.040396236 0.530614674 4.995172977
0.537872791 0.089191295 0.838294506 7.618195057 -0.020496970 0.995477259 -0.092763491 -0.551800132 -0.842776716 0.032712467 0.537268221 5.018081188
0.543109894 0.087900341 0.835048020 7.653307915 -0.026977293 0.995818675 -0.087277822 -0.555075824 -0.839228094 0.024874106 0.543210268 5.042869568
0.549714267 0.085578978 0.830957472 7.686640263 -0.029099949 0.996096551 -0.083335511 -0.558580995 -0.834845781 0.021629905 0.550058961 5.065267563
0.555798650 0.089480944 0.826487064 7.722457409 -0.034206294 0.995809793 -0.084809780 -0.561430216 -0.830612898 0.018866107 0.556530654 5.090446949
0.562328041 0.093438677 0.821618080 7.757151604 -0.038879130 0.995483994 -0.086602151 -0.564923406 -0.825999677 0.016755020 0.563421488 5.114497662
0.567816556 0.097295888 0.817384779 7.793653488 -0.041307025 0.995106816 -0.089755744 -0.567552567 -0.822118044 0.017201066 0.569057047 5.141986847
0.575225532 0.098596200 0.812031031 7.832016468 -0.042699028 0.994975030 -0.090562023 -0.571627080 -0.816879630 0.017420657 0.576545000 5.167465210
0.581298947 0.099528745 0.807580054 7.869167805 -0.045628391 0.994916439 -0.089773178 -0.574802458 -0.812409639 0.015336492 0.582885325 5.196225166
0.587720335 0.101216316 0.802707911 7.906787395 -0.052000560 0.994818032 -0.087366790 -0.579581261 -0.807391286 0.009605983 0.589938104 5.224702358
0.594921172 0.099470325 0.797605395 7.943697453 -0.052570187 0.995003641 -0.084876820 -0.583073795 -0.802062988 0.008564759 0.597177982 5.253711224
0.602583230 0.097886510 0.792030036 7.985958099 -0.052775208 0.995164454 -0.082839929 -0.586154580 -0.796309114 0.008118398 0.604835391 5.284658432
