0.999998689 0.000837398 0.001391925 0.000029719 -0.000830876 0.999988735 -0.004679458 -0.000982547 -0.001395828 0.004678296 0.999988079 0.047184981
0.999997616 -0.001284090 0.001767641 0.000245522 0.001293939 0.999983609 -0.005581821 -0.001683617 -0.001760444 0.005584095 0.999982834 0.096806906
0.999993384 -0.002962029 0.002120387 0.000354904 0.002965146 0.999994457 -0.001468401 -0.002412483 -0.002116026 0.001474678 0.999996603 0.141068965
0.999984741 -0.005268247 0.001622699 0.000521193 0.005260776 0.999975681 0.004573357 -0.003305957 -0.001646753 -0.004564751 0.999988139 0.187709689
0.999960661 -0.008868943 0.000099303 0.000940016 0.008868415 0.999950767 0.004441893 -0.003908750 -0.000138693 -0.004440838 0.999990106 0.233971059
0.999929547 -0.011830173 -0.001011711 0.001258376 0.011832102 0.999928117 0.001923852 -0.004599195 0.000988878 -0.001935687 0.999997616 0.280036986
0.999927342 -0.011949648 -0.001569745 0.001105643 0.011946924 0.999927104 -0.001734430 -0.005407012 0.001590356 0.001715550 0.999997258 0.325729966
0.999934971 -0.011214754 -0.002062824 0.000800533 0.011210538 0.999934971 -0.002043827 -0.006318632 0.002085611 0.002020569 0.999995768 0.371298403
0.999936521 -0.010836183 -0.003074737 0.000609982 0.010835335 0.999941170 -0.000292447 -0.007118668 0.003077726 0.000259113 0.999995172 0.416619003
0.999933720 -0.010782891 -0.004050434 0.000662641 0.010793512 0.999938250 0.002609144 -0.007887551 0.004022050 -0.002652689 0.999988377 0.462715387
0.999931812 -0.010644590 -0.004806881 0.000382549 0.010663992 0.999935031 0.004028936 -0.008467599 0.004763683 -0.004079923 0.999980271 0.507133901
0.999911487 -0.012287389 -0.005099932 -0.000048843 0.012311005 0.999913573 0.004625558 -0.008911099 0.005042654 -0.004687936 0.999976277 0.552492321
0.999905765 -0.011990255 -0.006675883 0.000365191 0.012022189 0.999916494 0.004764339 -0.009543844 0.006618200 -0.004844151 0.999966323 0.597024918
0.999896228 -0.012565972 -0.007033700 -0.000439845 0.012588682 0.999915659 0.003194057 -0.010172217 0.006992970 -0.003282270 0.999970138 0.642238021
0.999882162 -0.012720008 -0.008591577 -0.000517026 0.012730673 0.999918282 0.001187787 -0.010798438 0.008575766 -0.001297023 0.999962389 0.686347187
0.999846339 -0.014410994 -0.009973707 -0.000919763 0.014400123 0.999895632 -0.001161092 -0.010552417 0.009989397 0.001017292 0.999949634 0.731018186
0.999837935 -0.013682242 -0.011698908 -0.001377750 0.013675584 0.999906242 -0.000648825 -0.012153165 0.011706688 0.000488730 0.999931335 0.774559975
0.999840140 -0.012030718 -0.013227724 -0.002190851 0.012017157 0.999927163 -0.001104174 -0.013326593 0.013240046 0.000945038 0.999911904 0.819021702
0.999836087 -0.010649608 -0.014642316 -0.002964200 0.010627192 0.999942243 -0.001607926 -0.013717248 0.014658595 0.001452055 0.999891460 0.862366021
0.999792397 -0.011685344 -0.016693819 -0.003157943 0.011675923 0.999931633 -0.000661648 -0.014536690 0.016700411 0.000466595 0.999860346 0.906419277
0.999770403 -0.011147604 -0.018300120 -0.003989147 0.011162461 0.999937475 0.000709791 -0.015444509 0.018291064 -0.000913903 0.999832273 0.950771391
0.999763966 -0.010088040 -0.019242134 -0.005033262 0.010113874 0.999948084 0.001245693 -0.016150201 0.019228568 -0.001440012 0.999814093 0.992587030
0.999718964 -0.011367965 -0.020801611 -0.005791953 0.011405841 0.999933481 0.001703141 -0.017252229 0.020780867 -0.001939923 0.999782145 1.035661697
0.999664247 -0.010530361 -0.023675179 -0.005654734 0.010554638 0.999943852 0.000900628 -0.017669769 0.023664366 -0.001150208 0.999719262 1.077951312
0.999663651 -0.011223745 -0.023376564 -0.007925181 0.011246966 0.999936402 0.000862184 -0.018166449 0.023365401 -0.001124810 0.999726355 1.120081425
0.999645889 -0.011312218 -0.024085827 -0.009175926 0.011380293 0.999931574 0.002691106 -0.018560007 0.024053738 -0.002964257 0.999706268 1.162175298
0.999609232 -0.011945806 -0.025270885 -0.009855665 0.012079215 0.999913931 0.005133133 -0.019202521 0.025207385 -0.005436380 0.999667466 1.203975916
0.999583542 -0.012518260 -0.025998184 -0.011048762 0.012710432 0.999893010 0.007239723 -0.019969849 0.025904775 -0.007567156 0.999635756 1.245153427
0.999571919 -0.011296575 -0.026987232 -0.011970842 0.011468223 0.999914885 0.006214012 -0.020567499 0.026914742 -0.006520848 0.999616504 1.285994530
0.999583483 -0.009479010 -0.027253389 -0.014124816 0.009594185 0.999945581 0.004098526 -0.021460257 0.027213054 -0.004358293 0.999620140 1.326398253
0.999549627 -0.010434332 -0.028137600 -0.014680693 0.010490102 0.999943316 0.001835080 -0.021643002 0.028116854 -0.002129419 0.999602318 1.364699721
0.999542296 -0.009180895 -0.028824061 -0.016177550 0.009228081 0.999956250 0.001504406 -0.022426948 0.028808987 -0.001769708 0.999583364 1.404015303
0.999505281 -0.008982960 -0.030141465 -0.017579401 0.009011973 0.999958992 0.000826788 -0.022777703 0.030132804 -0.001098013 0.999545276 1.442868710
0.999426126 -0.009136917 -0.032615978 -0.018002573 0.009150889 0.999958098 0.000279101 -0.023762075 0.032612059 -0.000577406 0.999467909 1.480270624
0.999349475 -0.008926045 -0.034940999 -0.019197904 0.008928801 0.999960184 -0.000077202 -0.024344584 0.034940302 -0.000234829 0.999389410 1.518504739
0.999289513 -0.009255421 -0.036534019 -0.020950917 0.009286175 0.999956727 0.000672134 -0.024157168 0.036526214 -0.001010917 0.999332190 1.554868817
0.999202251 -0.008807003 -0.038955800 -0.022169255 0.008959439 0.999952853 0.003740194 -0.025687452 0.038921028 -0.004086232 0.999233902 1.591401577
0.999141872 -0.008531002 -0.040531427 -0.023760546 0.008736326 0.999949872 0.004891315 -0.025819592 0.040487669 -0.005241212 0.999166310 1.627677917
0.999073923 -0.006853678 -0.042477529 -0.025303792 0.007063523 0.999963582 0.004791973 -0.026008632 0.042443138 -0.005087576 0.999085963 1.663981557
0.999001205 -0.004851305 -0.044419795 -0.026998460 0.005064608 0.999976218 0.004690699 -0.027239647 0.044395987 -0.004910984 0.999001920 1.697952271
0.998954713 -0.002765682 -0.045626886 -0.029599234 0.002940434 0.999988616 0.003763336 -0.027478421 0.045615956 -0.003893565 0.998951435 1.733115673
0.998885512 -0.002480245 -0.047133442 -0.031247772 0.002720513 0.999983609 0.005034141 -0.027993258 0.047120184 -0.005156758 0.998875856 1.767349839
0.998847604 -0.001044639 -0.047984436 -0.033358514 0.001370822 0.999976158 0.006765283 -0.028382171 0.047976233 -0.006823264 0.998825073 1.801618814
0.998834610 0.002080910 -0.048221406 -0.034923103 -0.001740638 0.999973297 0.007097389 -0.028680114 0.048234891 -0.007005181 0.998811424 1.835142732
0.998864353 0.005409414 -0.047335006 -0.036395039 -0.005183557 0.999974608 0.004892918 -0.028936941 0.047360260 -0.004641997 0.998867154 1.868129253
0.998952329 0.006983133 -0.045225918 -0.038324781 -0.006915316 0.999974668 0.001655772 -0.029445346 0.045236330 -0.001341286 0.998975396 1.899471521
0.999028862 0.007222106 -0.043464825 -0.039258864 -0.007228958 0.999973893 -0.000000483 -0.029897112 0.043463685 0.000314688 0.999054968 1.930829525
0.999157548 0.007495946 -0.040349480 -0.040403485 -0.007437767 0.999971092 0.001591797 -0.030856857 0.040360242 -0.001290346 0.999184430 1.961323857
0.999249160 0.012354177 -0.036723208 -0.042313453 -0.012208627 0.999916673 0.004185067 -0.031279612 0.036771849 -0.003733584 0.999316752 1.992840767
0.999316454 0.016934376 -0.032861207 -0.043568972 -0.016710980 0.999835432 0.007060864 -0.031276967 0.032975376 -0.006506895 0.999435008 2.023492575
0.999359012 0.021732412 -0.028445259 -0.044762209 -0.021520736 0.999738574 0.007726575 -0.031478889 0.028605737 -0.007109460 0.999565542 2.052806377
0.999406755 0.025537746 -0.023109514 -0.045581445 -0.025356043 0.999645472 0.008121759 -0.031849317 0.023308730 -0.007530974 0.999700010 2.081948996
0.999419987 0.029526453 -0.016966706 -0.046408437 -0.029354440 0.999516010 0.010299770 -0.032300599 0.017262610 -0.009795748 0.999803007 2.109489918
0.999345601 0.034685336 -0.010256260 -0.047005251 -0.034566455 0.999335647 0.011550422 -0.032461479 0.010650074 -0.011188341 0.999880612 2.136094570
0.999295235 0.037435099 -0.002742576 -0.047428664 -0.037402112 0.999237239 0.011227342 -0.032971166 0.003160778 -0.011116852 0.999933243 2.162206650
0.999171615 0.040456023 0.004389275 -0.047319073 -0.040503960 0.999113739 0.011447901 -0.033436287 -0.003922249 -0.011616198 0.999924839 2.187336206
0.998922229 0.044814672 0.012082676 -0.047349334 -0.044946458 0.998930216 0.010865926 -0.033562012 -0.011582798 -0.011397287 0.999867976 2.211047649
0.998610020 0.048686653 0.020189818 -0.047549758 -0.048857696 0.998773158 0.008066712 -0.033802558 -0.019772306 -0.009041926 0.999763548 2.233805418
0.998323381 0.050774336 0.027790958 -0.046563618 -0.050942410 0.998687088 0.005372979 -0.034506172 -0.027481662 -0.006779708 0.999599338 2.255505085
0.998069406 0.050652087 0.035942949 -0.045877405 -0.050855573 0.998694658 0.004769208 -0.034496509 -0.035654463 -0.006587900 0.999342501 2.275876045
0.997786582 0.049946267 0.043901771 -0.044623949 -0.050276980 0.998714387 0.006460706 -0.035131022 -0.043522641 -0.008653655 0.999014974 2.295348883
0.997310817 0.051796313 0.051848799 -0.043705396 -0.052229915 0.998610198 0.007042223 -0.035218567 -0.051411983 -0.009731343 0.998630106 2.314161301
0.996644676 0.054844119 0.060757697 -0.042748079 -0.055384889 0.998438716 0.007251299 -0.035505921 -0.060265154 -0.010592027 0.998126149 2.330965519
0.995762289 0.059866216 0.069810256 -0.041843235 -0.060506143 0.998142660 0.007086521 -0.036121085 -0.069256350 -0.011280440 0.997535169 2.347242117
0.994864643 0.063342601 0.078944236 -0.040831819 -0.064110450 0.997916639 0.007227609 -0.036639057 -0.078321956 -0.012251644 0.996852756 2.361481667
0.994192362 0.061959039 0.087992333 -0.039048389 -0.062849976 0.997995615 0.007388284 -0.036516212 -0.087358214 -0.012875692 0.996093750 2.375191689
0.993273973 0.060937274 0.098455496 -0.036873266 -0.061781064 0.998074293 0.005541481 -0.036632370 -0.097928226 -0.011586894 0.995126009 2.388600349
0.992160499 0.059539471 0.109875411 -0.034431815 -0.060024414 0.998196244 0.001108270 -0.036874648 -0.109611243 -0.007694788 0.993944764 2.401170492
0.990489304 0.059945941 0.123844363 -0.033340394 -0.060062647 0.998190701 -0.002794467 -0.037350658 -0.123787791 -0.004670529 0.992297828 2.414415836
0.988364398 0.061347876 0.139183521 -0.031162530 -0.061258055 0.998109758 -0.004933249 -0.037779726 -0.139223069 -0.003650263 0.990254402 2.426260710
0.985792458 0.062553212 0.155885458 -0.029251009 -0.062357232 0.998034954 -0.006151951 -0.038122863 -0.155963957 -0.003656039 0.987755954 2.438950777
0.982959747 0.062832803 0.172748372 -0.026516885 -0.062522195 0.998017311 -0.007244145 -0.038474437 -0.172861055 -0.003679906 0.984939337 2.450810671
0.979744434 0.061719876 0.190503210 -0.022976696 -0.061163533 0.998088896 -0.008804551 -0.038490064 -0.190682560 -0.003025641 0.981647074 2.463593006
0.975895166 0.060679816 0.209634200 -0.019395649 -0.060088325 0.998150706 -0.009195475 -0.038691156 -0.209804490 -0.003622748 0.977736712 2.475084543
0.971247971 0.060868680 0.230156988 -0.015945315 -0.060173504 0.998137295 -0.010044942 -0.039288886 -0.230339706 -0.004093221 0.973101735 2.487308979
0.965907633 0.062516905 0.251224786 -0.012350917 -0.061419729 0.998037398 -0.012213837 -0.039655618 -0.251495302 -0.003632720 0.967851698 2.498441935
0.959663332 0.063321963 0.273928553 -0.008295357 -0.061766241 0.997988045 -0.014309498 -0.040034220 -0.274283648 -0.003187239 0.961643517 2.510843039
0.952320337 0.063923419 0.298328429 -0.003585100 -0.062145442 0.997947454 -0.015452262 -0.040448155 -0.298703879 -0.003824250 0.954338133 2.522454262
0.943752646 0.066431403 0.323910326 0.001239181 -0.064727701 0.997774005 -0.016043285 -0.041288298 -0.324254990 -0.005825075 0.945951760 2.533669949
0.933804750 0.067861989 0.351288497 0.006564081 -0.066041231 0.997668982 -0.017177362 -0.041591287 -0.351635367 -0.007159224 0.936109722 2.545667648
0.922469974 0.068840653 0.379881501 0.012400806 -0.066899195 0.997591317 -0.018327653 -0.042156458 -0.380228132 -0.008507055 0.924853504 2.558009863
0.909824133 0.066331737 0.409658730 0.019318581 -0.063544989 0.997769773 -0.020429337 -0.042678118 -0.410100192 -0.007444657 0.912010014 2.569170475
0.894768596 0.063158415 0.442040771 0.026150465 -0.059147112 0.997987330 -0.022867370 -0.043509927 -0.442595303 -0.005684430 0.896703422 2.580152273
0.877491832 0.061668489 0.475610375 0.034255147 -0.055534348 0.998092830 -0.026954718 -0.043800980 -0.476365566 -0.002760171 0.879243016 2.591088295
0.857906163 0.063647360 0.509849012 0.043015003 -0.055069908 0.997972190 -0.031918246 -0.044430144 -0.510846615 -0.000694477 0.859671593 2.602357626
0.836049318 0.064682923 0.544828176 0.052317142 -0.053773865 0.997905493 -0.035956014 -0.045236196 -0.546012700 0.000763484 0.837776542 2.613692999
0.811391711 0.067057639 0.580643535 0.062287450 -0.054266721 0.997748971 -0.039396197 -0.045904357 -0.581978202 0.000456133 0.813204229 2.624770403
0.783903480 0.070867799 0.616824985 0.072770596 -0.057074595 0.997483253 -0.042067792 -0.046758480 -0.618253827 -0.002227948 0.785975337 2.636028528
0.753762424 0.074530736 0.652906895 0.083911419 -0.060079992 0.997202337 -0.044472195 -0.047647223 -0.654394805 -0.005705168 0.756131649 2.647635460
0.720670521 0.075208515 0.689186275 0.097434759 -0.059104241 0.997144222 -0.047010586 -0.048444524 -0.690753639 -0.006854692 0.723057687 2.659324646
0.684034824 0.072310612 0.725856423 0.111648440 -0.054998830 0.997354627 -0.047527593 -0.049573701 -0.727373004 -0.007410727 0.686202288 2.670515299
0.644479156 0.070570558 0.761358321 0.127324581 -0.051642094 0.997475386 -0.048742041 -0.050625876 -0.762875855 -0.007904912 0.646496594 2.682055712
0.601899981 0.069921941 0.795504332 0.144116640 -0.049362354 0.997512102 -0.050328799 -0.051577739 -0.797044396 -0.008975063 0.603854179 2.692735195
0.555263400 0.069568500 0.828759730 0.161288023 -0.045154914 0.997547328 -0.053483520 -0.052158851 -0.830447793 -0.007725133 0.557042956 2.703030109
0.506734490 0.067663401 0.859442651 0.180251718 -0.041324727 0.997675657 -0.054180998 -0.053874545 -0.861111104 -0.008060855 0.508352816 2.712578058
0.457889766 0.064838834 0.886641324 0.200958729 -0.039186381 0.997839510 -0.052733507 -0.055898301 -0.888144851 -0.010598131 0.459441334 2.721536160
0.408469737 0.062731989 0.910613596 0.224727929 -0.038746011 0.997927964 -0.051366936 -0.057027988 -0.911949039 -0.014300800 0.410054058 2.730211020
0.358147502 0.062196966 0.931591094 0.247978866 -0.041709788 0.997848451 -0.050585382 -0.058429364 -0.932732821 -0.020739440 0.359971166 2.737997055
0.308421582 0.062679887 0.949182451 0.271458924 -0.040024899 0.997798145 -0.052884813 -0.059646610 -0.950407326 -0.021680113 0.310251236 2.744322062
0.261452973 0.058724504 0.963428199 0.296687484 -0.029299013 0.998170376 -0.052891087 -0.062050700 -0.964771390 -0.014398963 0.262695134 2.749015808
0.217408389 0.052391917 0.974673629 0.321658790 -0.014628779 0.998621166 -0.050416116 -0.063427225 -0.975971222 -0.003297400 0.217875034 2.752038240
0.175699085 0.051307686 0.983105958 0.348230660 -0.005594186 0.998676836 -0.051120535 -0.064985409 -0.984428048 0.003482151 0.175753638 2.754370451
0.137111634 0.053019535 0.989135623 0.375714034 -0.002410932 0.998581409 -0.053191654 -0.066214055 -0.990552664 0.004908456 0.137044951 2.757154942
0.103912391 0.053695939 0.993135929 0.403395861 0.007312400 0.998473346 -0.054749619 -0.067995429 -0.994559586 0.012951371 0.103361107 2.758658171
0.075222604 0.051774580 0.995821655 0.432200730 0.014431416 0.998489976 -0.053003434 -0.070162944 -0.997062325 0.018358175 0.074361831 2.759405136
0.049831752 0.050031163 0.997503698 0.461823404 0.021472974 0.998459995 -0.051151842 -0.071984969 -0.998526692 0.023968358 0.048680689 2.759800196
0.030418621 0.049393021 0.998316109 0.491708726 0.026382457 0.998390496 -0.050200582 -0.073324546 -0.999189019 0.027865062 0.029066557 2.759398460
0.014120971 0.051154088 0.998590887 0.522793531 0.028890440 0.998252630 -0.051545300 -0.075029537 -0.999482751 0.029577602 0.012618431 2.759437084
0.000353182 0.050203431 0.998738885 0.553931892 0.029297041 0.998309851 -0.050192222 -0.077360958 -0.999570668 0.029277822 -0.001118228 2.759353399
-0.011010861 0.051708020 0.998601496 0.586172581 0.030120401 0.998225987 -0.051356468 -0.078921333 -0.999485612 0.029512797 -0.012548796 2.758253336
-0.019770855 0.054916263 0.998295188 0.617500544 0.035003424 0.997916222 -0.054202184 -0.080638766 -0.999191523 0.033872128 -0.021651918 2.756742954
-0.026524015 0.056688804 0.998039484 0.651403725 0.039239429 0.997680306 -0.055625569 -0.082643434 -0.998877704 0.037687097 -0.028686922 2.755876541
-0.031189023 0.056071319 0.997939527 0.685741484 0.039916128 0.997698605 -0.054810267 -0.084689990 -0.998716176 0.038124405 -0.033355396 2.753960848
-0.034818448 0.053284392 0.997972190 0.720283687 0.037629347 0.997939408 -0.051969785 -0.086631484 -0.998685062 0.035743535 -0.036751762 2.752908945
-0.037162784 0.046508837 0.998226404 0.755548537 0.035602614 0.998343885 -0.045188863 -0.088622272 -0.998674870 0.033860125 -0.038757075 2.751482010
-0.038654082 0.040849723 0.998417318 0.791446388 0.036970478 0.998538435 -0.039423354 -0.090363473 -0.998568475 0.035388097 -0.040107820 2.750106573
-0.038646314 0.038185101 0.998523057 0.827575147 0.039504539 0.998546720 -0.036657043 -0.092119262 -0.998471677 0.038029533 -0.040098637 2.747890472
-0.038734704 0.040244460 0.998438835 0.863822818 0.042976748 0.998331189 -0.038572822 -0.094474405 -0.998324811 0.041415546 -0.040399641 2.746629715
-0.037705041 0.048209347 0.998125255 0.901317358 0.044084765 0.997943342 -0.046535216 -0.095813707 -0.998315930 0.042247508 -0.039752785 2.744424343
-0.035333123 0.056378767 0.997783959 0.938036621 0.044979602 0.997485459 -0.054769091 -0.097555146 -0.998362780 0.042944763 -0.037780162 2.743013859
-0.033346511 0.056509092 0.997844994 0.976148367 0.045400970 0.997455239 -0.054969776 -0.100144714 -0.998412013 0.043470088 -0.035827223 2.741647005
-0.031233702 0.052410860 0.998137057 1.015708804 0.044208243 0.997719347 -0.051005568 -0.102349140 -0.998533964 0.042532790 -0.033479456 2.740457296
-0.028643873 0.045680735 0.998545408 1.054909229 0.043881893 0.998049617 -0.044399280 -0.105022386 -0.998625994 0.042546291 -0.030592561 2.739218950
-0.025951901 0.044356529 0.998678565 1.093905091 0.042011466 0.998180807 -0.043242700 -0.107243970 -0.998779953 0.040833723 -0.027768174 2.738352776
-0.022770852 0.049904894 0.998494506 1.132247210 0.049758382 0.997572184 -0.048724044 -0.109653763 -0.998501658 0.048573989 -0.025198754 2.737061262
-0.019440558 0.055442374 0.998272657 1.170612693 0.051918559 0.997170150 -0.054370075 -0.111909643 -0.998462081 0.050771896 -0.022264032 2.736196756
-0.017295923 0.055839770 0.998290002 1.209452629 0.046059061 0.997423947 -0.054993324 -0.114238903 -0.998788953 0.045029134 -0.019823298 2.736672163
-0.013484249 0.052625533 0.998523295 1.248243928 0.041391633 0.997787476 -0.052027795 -0.116357461 -0.999052107 0.040628947 -0.015632670 2.735114336
-0.008527203 0.048678786 0.998778045 1.286156178 0.045450933 0.997801065 -0.048243117 -0.119036630 -0.998930156 0.044984013 -0.010720946 2.733845949
-0.005505868 0.050002173 0.998733938 1.325562119 0.050161790 0.997505605 -0.049664136 -0.121670283 -0.998725951 0.049824841 -0.008000333 2.733969927
-0.001757539 0.054285809 0.998523891 1.364222407 0.049705997 0.997295916 -0.054131556 -0.124286287 -0.998762310 0.049537484 -0.004451115 2.732454300
0.001221428 0.055027653 0.998484015 1.404740334 0.045993645 0.997425079 -0.055025548 -0.127043083 -0.998941004 0.045991123 -0.001312640 2.733834743
0.005275593 0.054900389 0.998477876 1.444359422 0.045688812 0.997435868 -0.055084493 -0.129493445 -0.998941779 0.045909867 0.002753733 2.733787060
0.008592935 0.051971119 0.998611569 1.482730269 0.049017075 0.997426093 -0.052331205 -0.131836325 -0.998761058 0.049398694 0.006023346 2.734320164
0.012061324 0.052211333 0.998563111 1.521470428 0.054239489 0.997131407 -0.052791614 -0.134881288 -0.998455048 0.054798294 0.009194810 2.734309435
0.015737265 0.053238492 0.998457730 1.561201334 0.056440700 0.996941924 -0.054047264 -0.137128830 -0.998281837 0.057204213 0.012684323 2.734026432
0.018593585 0.053094942 0.998416305 1.599536657 0.057067160 0.996904671 -0.054077320 -0.139561713 -0.998197079 0.057982277 0.015506055 2.734653234
0.021943668 0.051588666 0.998427331 1.639873624 0.058059376 0.996916533 -0.052786652 -0.142373055 -0.998071909 0.059126399 0.018880801 2.735328197
0.025847141 0.050406057 0.998394251 1.678799510 0.060876466 0.996795058 -0.051901329 -0.145165265 -0.997810602 0.062120222 0.022695757 2.735645533
0.028393349 0.050699402 0.998310208 1.718580723 0.059187509 0.996875346 -0.052309904 -0.147599399 -0.997843027 0.060572751 0.025303861 2.737212181
0.031871490 0.052254263 0.998125136 1.757496357 0.056136321 0.996962428 -0.053985909 -0.150063336 -0.997914255 0.057751682 0.028841322 2.737911224
0.034570210 0.052519489 0.998021424 1.797160029 0.057659104 0.996850073 -0.054455101 -0.152535826 -0.997737706 0.059427541 0.031433091 2.738668919
0.037438720 0.052684709 0.997909129 1.836652279 0.055708442 0.996946156 -0.054723900 -0.154650509 -0.997744858 0.057640750 0.034389414 2.739832640
0.039526355 0.052611608 0.997832477 1.877457738 0.053930961 0.997044921 -0.054706413 -0.157931954 -0.997762084 0.055976406 0.036572158 2.742141008
0.042318434 0.052778609 0.997709155 1.916900039 0.051286727 0.997172475 -0.054925576 -0.160543352 -0.997786939 0.053493597 0.039491933 2.743836403
0.046304867 0.054715749 0.997427642 1.957054019 0.049797591 0.997130752 -0.057011280 -0.163154036 -0.997685313 0.052309394 0.043447305 2.744670391
0.049848340 0.058136664 0.997063339 1.997618437 0.048937082 0.996963203 -0.060577437 -0.166244179 -0.997557104 0.051813055 0.046851926 2.746791363
0.052954894 0.060084928 0.996787608 2.038400412 0.049553555 0.996800363 -0.062718250 -0.169401675 -0.997366726 0.052715600 0.049808033 2.749151707
0.055753496 0.062565781 0.996482313 2.080392838 0.043050099 0.996955931 -0.065004192 -0.171845108 -0.997515976 0.046522874 0.052890319 2.752035141
0.058141083 0.062095843 0.996375263 2.120831490 0.039357353 0.997145176 -0.064440437 -0.174334556 -0.997532189 0.042961333 0.055531163 2.755145788
0.061932396 0.062709585 0.996108353 2.162715197 0.041418873 0.997003019 -0.065341108 -0.177733228 -0.997220516 0.045304421 0.059149422 2.757330894
0.065813601 0.063411713 0.995815039 2.205246449 0.040754199 0.996975064 -0.066179045 -0.181352004 -0.996999323 0.044939119 0.063030221 2.760071993
0.069539942 0.064404294 0.995498002 2.244806767 0.036363844 0.997086883 -0.067047276 -0.184323668 -0.996916175 0.040862594 0.066995375 2.762866020
0.073617265 0.062431611 0.995330453 2.286646366 0.035429452 0.997244895 -0.065172151 -0.187258452 -0.996657014 0.040061813 0.071202509 2.765933275
0.078252807 0.062614866 0.994965255 2.328563213 0.034782130 0.997246504 -0.065494008 -0.190588877 -0.996326625 0.039732099 0.075859457 2.769490957
0.083130591 0.066037275 0.994348168 2.370172024 0.031086514 0.997144639 -0.068821914 -0.194513947 -0.996053696 0.036632024 0.080840342 2.773348570
0.089270577 0.074797466 0.993194997 2.413866520 0.029894076 0.996525705 -0.077735260 -0.197690338 -0.995558679 0.036630120 0.086724438 2.777168989
0.097023599 0.079491459 0.992102623 2.455656528 0.028529841 0.996173680 -0.082607754 -0.201409608 -0.994873047 0.036319431 0.094384484 2.780852079
0.104173072 0.082545727 0.991127789 2.498384476 0.025051324 0.996015728 -0.085585862 -0.205044866 -0.994243681 0.033744797 0.101690143 2.786123991
0.110906258 0.080878422 0.990534365 2.541326046 0.020402102 0.996287763 -0.083632544 -0.209350854 -0.993621409 0.029484361 0.108844474 2.791956902
0.119049087 0.079336442 0.989713609 2.585064411 0.020952847 0.996379793 -0.082391150 -0.213016897 -0.992667258 0.030545907 0.116955779 2.796690941
0.125934944 0.075627431 0.989151716 2.628304243 0.020398948 0.996681690 -0.078800268 -0.216930896 -0.991828740 0.030101361 0.123974346 2.802540302
0.133302689 0.070260048 0.988581836 2.671541214 0.017949522 0.997149229 -0.073289305 -0.220826477 -0.990912795 0.027514232 0.131661519 2.808731794
0.141448751 0.062426664 0.987975299 2.714597702 0.016492005 0.997722626 -0.065403730 -0.224215850 -0.989808202 0.025544969 0.140097082 2.814499855
0.148415446 0.060018849 0.987102151 2.757042170 0.017437253 0.997842550 -0.063293681 -0.227232695 -0.988771379 0.026606111 0.147048712 2.821342945
0.155721292 0.061923679 0.985858142 2.799710512 0.016079269 0.997741997 -0.065209940 -0.231361389 -0.987670064 0.026006453 0.154374003 2.827904940
0.161650255 0.068778276 0.984448433 2.840935707 0.017045902 0.997224927 -0.072469920 -0.234386012 -0.986700833 0.028495591 0.160029292 2.834645271
0.165937915 0.072411135 0.983474076 2.881563902 0.015132530 0.996995986 -0.075959995 -0.237989634 -0.986020148 0.027487094 0.164343655 2.842231750
0.171268776 0.076124892 0.982279003 2.923625708 0.013930000 0.996723711 -0.079673149 -0.241149664 -0.985125840 0.027328670 0.169647247 2.850088358
0.176604822 0.074754447 0.981438994 2.964210272 0.010550043 0.996910691 -0.077831313 -0.246094897 -0.984225273 0.024099611 0.175270572 2.857326984
0.181928188 0.072058000 0.980668008 3.005040884 0.015683757 0.996971786 -0.076165542 -0.249278352 -0.983186722 0.029237216 0.180247158 2.864873409
0.186802909 0.065253161 0.980227888 3.042411327 0.015627466 0.997467935 -0.069378965 -0.252661198 -0.982273102 0.028278666 0.185310200 2.871198654
0.189550936 0.059101611 0.980090559 3.081877470 0.013168824 0.997943878 -0.062725082 -0.256382465 -0.981782556 0.024796236 0.188382894 2.879237652
0.192261726 0.056010082 0.979744017 3.121659756 0.009212021 0.998222888 -0.058874235 -0.259644687 -0.981300473 0.020344680 0.191404074 2.888391256
0.196200252 0.055693775 0.978980958 3.162063122 0.008525269 0.998251200 -0.058498617 -0.262783974 -0.980526745 0.019823523 0.195382297 2.895833969
0.198206753 0.058199480 0.978430867 3.199497461 0.007051078 0.998125136 -0.060799323 -0.265284270 -0.980134904 0.018949829 0.197424769 2.903499603
0.199840158 0.062626339 0.977825046 3.235733747 0.003105203 0.997909784 -0.064547315 -0.268129647 -0.979823589 0.015935492 0.199227974 2.911455154
0.201613396 0.066273861 0.977220476 3.273112774 0.001213535 0.997690618 -0.067912474 -0.272236049 -0.979464412 0.014877958 0.201067358 2.919615030
0.203698754 0.071441449 0.976423562 3.310552597 0.000363747 0.997328460 -0.073046871 -0.275566041 -0.979033530 0.015234729 0.203128546 2.927442551
0.204986960 0.073585078 0.975994706 3.346494198 0.000621186 0.997159839 -0.075311303 -0.278843552 -0.978764474 0.016044106 0.204359055 2.935222149
0.206519201 0.073496029 0.975678325 3.381662130 -0.001269867 0.997194171 -0.074847989 -0.281613886 -0.978441656 0.014218567 0.206033111 2.943004370
0.206697479 0.070986420 0.975826383 3.416777849 -0.001650801 0.997388422 -0.072205283 -0.284695596 -0.978403449 0.013313754 0.206274852 2.951200724
0.207173228 0.067975067 0.975939870 3.451151609 -0.000560887 0.997591197 -0.069364041 -0.288010240 -0.978304088 0.013822982 0.206712306 2.958786726
0.207365438 0.066575862 0.975995600 3.486327171 -0.000207798 0.997684479 -0.068011187 -0.291312754 -0.978263557 0.013900360 0.206899121 2.965763092
0.206076980 0.065798230 0.976321042 3.519761801 0.000003222 0.997736633 -0.067242175 -0.293968856 -0.978535831 0.013860211 0.205610320 2.972899437
0.204271272 0.066821218 0.976631105 3.552352667 -0.001114071 0.997682631 -0.068028554 -0.296740830 -0.978913724 0.012808244 0.203872353 2.980062485
0.201252505 0.069473892 0.977072537 3.584957838 -0.002840737 0.997518897 -0.070342585 -0.300257027 -0.979535341 0.011381017 0.200950533 2.987079620
0.200068131 0.073658139 0.977009237 3.616122961 -0.000438584 0.997176766 -0.075088769 -0.302716702 -0.979781866 0.014594372 0.199535608 2.992667675
0.198248997 0.073869310 0.977364063 3.647834063 0.001953024 0.997124374 -0.075758941 -0.305696577 -0.980149746 0.016927950 0.197534606 2.998839855
0.196512967 0.073126823 0.977770448 3.679512024 0.001252284 0.997195423 -0.074831299 -0.308177412 -0.980500460 0.015929764 0.195870250 3.004904032
0.193437353 0.070147514 0.978601694 3.709172249 0.000660466 0.997431219 -0.071627788 -0.310865551 -0.981112421 0.014501824 0.192894116 3.011289358
0.191313908 0.065954521 0.979310393 3.739431858 0.001616418 0.997717321 -0.067509942 -0.313705653 -0.981527627 0.014498569 0.190770596 3.017096996
0.189463139 0.065162458 0.979723096 3.768294811 0.004819241 0.997721732 -0.067291521 -0.316685706 -0.981876016 0.017470786 0.188717455 3.022358656
0.187794209 0.066820301 0.979932845 3.798118353 0.007968222 0.997546673 -0.069548391 -0.318718821 -0.982176065 0.020869108 0.186801091 3.027729034
0.184915707 0.069065727 0.980324507 3.826635122 0.011661936 0.997302949 -0.072461665 -0.320937097 -0.982685208 0.024831774 0.183611587 3.032968044
0.183461845 0.070950598 0.980463028 3.854170322 0.011246119 0.997175157 -0.074264310 -0.323550403 -0.982962489 0.024651069 0.182145700 3.037668467
0.182309031 0.073228285 0.980510592 3.883321524 0.011267007 0.997001708 -0.076554812 -0.325987309 -0.983176708 0.025004053 0.180937350 3.043164492
0.181116372 0.071320102 0.980872214 3.912020683 0.013139065 0.997102499 -0.074926347 -0.328798711 -0.983373880 0.026458133 0.179654509 3.048317671
0.182141483 0.069890462 0.980785310 3.941184521 0.019579545 0.997015119 -0.074683115 -0.331174850 -0.983077347 0.032806221 0.180229366 3.052942514
0.184263751 0.068136387 0.980512261 3.969728231 0.024339544 0.996971965 -0.073854201 -0.333391994 -0.982575536 0.037473876 0.182047382 3.058013678
0.186773196 0.067401320 0.980088234 3.998883724 0.027071983 0.996911645 -0.073717333 -0.335944504 -0.982030034 0.040301349 0.184371710 3.062684298
0.189883322 0.066974327 0.979519665 4.027752876 0.024419345 0.997039795 -0.072906040 -0.338923931 -0.981503010 0.037762869 0.187685758 3.068917036
0.194772184 0.067899503 0.978495538 4.056870461 0.022753302 0.997019827 -0.073714040 -0.341214389 -0.980584681 0.036621451 0.192646757 3.075151443
0.201377630 0.067091294 0.977213323 4.086215496 0.023855804 0.997019649 -0.073367149 -0.343522996 -0.979223192 0.038086709 0.199176922 3.081121445
0.209304363 0.067474104 0.975519836 4.115766048 0.021774102 0.997047544 -0.073634893 -0.345896661 -0.977608085 0.036653176 0.207217246 3.087494612
0.217305765 0.065012455 0.973936141 4.146481037 0.022238305 0.997190773 -0.071526594 -0.348656118 -0.975850224 0.037201829 0.215249538 3.095025539
0.226210430 0.064983830 0.971908450 4.176789284 0.018768745 0.997296214 -0.071049705 -0.351099610 -0.973897636 0.034313686 0.224379152 3.102702141
0.236227036 0.064501204 0.969554722 4.206940651 0.017537300 0.997348905 -0.070623130 -0.353761882 -0.971539676 0.033686467 0.234469622 3.109985352
0.245380640 0.068192571 0.967025399 4.237880707 0.012250289 0.997225106 -0.073430672 -0.356695712 -0.969349384 0.029864805 0.243864313 3.118866920
0.255035728 0.070673726 0.964345336 4.268911839 0.008367753 0.997126698 -0.075289145 -0.359115839 -0.966895342 0.027270822 0.253711551 3.127065182
0.265673399 0.073382013 0.961266220 4.300750256 0.004195612 0.997001469 -0.077269562 -0.361877948 -0.964053929 0.024561567 0.264568865 3.136662483
0.275908113 0.075113833 0.958244503 4.332487583 0.002998093 0.996869743 -0.079004765 -0.364769399 -0.961179435 0.024670964 0.274819225 3.146186113
0.285996795 0.075785138 0.955228984 4.365481377 -0.000070905 0.996869266 -0.079067543 -0.367699802 -0.958230615 0.022545330 0.285106748 3.156450748
0.296200126 0.076331474 0.952070832 4.397814274 -0.001254275 0.996831656 -0.079529904 -0.370783865 -0.955125093 0.022362608 0.295357406 3.166574478
0.306243628 0.077399693 0.948801398 4.431156635 -0.005154388 0.996809363 -0.079652332 -0.373155981 -0.951939166 0.019502530 0.305665493 3.178549767
0.316996545 0.072573006 0.945645988 4.465436459 -0.004687568 0.997175753 -0.074956283 -0.375951618 -0.948415160 0.019328104 0.316441476 3.189997673
0.327471107 0.065800026 0.942567289 4.499318600 -0.001491035 0.997606933 -0.069124289 -0.378990680 -0.944859922 0.021230811 0.326785624 3.202114344
0.338439733 0.061411131 0.938982129 4.533475399 -0.000158823 0.997871876 -0.065205380 -0.381888390 -0.940988064 0.021918967 0.337729275 3.214533806
0.348829478 0.058268078 0.935373068 4.569671631 -0.001040077 0.998088777 -0.061787002 -0.384617627 -0.937185585 0.020580271 0.348223418 3.228215694
0.358226120 0.056241956 0.931939304 4.605196953 0.004760231 0.998061061 -0.062062122 -0.387070060 -0.933622777 0.026668526 0.357263774 3.242179632
0.367180139 0.050539322 0.928775847 4.642001629 0.011759521 0.998190701 -0.058965515 -0.389671445 -0.930075526 0.032572921 0.365921438 3.255687714
0.374207020 0.040860392 0.926444650 4.679178715 0.021961201 0.998358130 -0.052902620 -0.392168432 -0.927085161 0.040142365 0.372695267 3.270158768
0.381785363 0.036580049 0.923526883 4.717244625 0.026880093 0.998354316 -0.050656110 -0.394829363 -0.923860013 0.044164244 0.380173802 3.284857273
0.388782233 0.036684673 0.920599043 4.754309654 0.028509153 0.998249471 -0.051818769 -0.397820681 -0.920888484 0.046391714 0.387055814 3.300435543
0.396333456 0.043053314 0.917096555 4.791278362 0.030869003 0.997710168 -0.060178123 -0.400180221 -0.917587519 0.052160461 0.394096971 3.315956593
0.403551877 0.047337588 0.913731337 4.828856468 0.034921408 0.997136176 -0.067081660 -0.402632475 -0.914290071 0.058979712 0.400743067 3.332574844
0.408844918 0.049852729 0.911241174 4.866346359 0.032503970 0.997077823 -0.069132224 -0.405752659 -0.912024856 0.057883326 0.406029761 3.349539518
0.413066000 0.051875338 0.909222424 4.902504921 0.025073003 0.997350037 -0.068294264 -0.408691287 -0.910355866 0.051006984 0.410670698 3.366375446
0.416657686 0.055611879 0.907360852 4.938575268 0.018308060 0.997411251 -0.069538064 -0.412146449 -0.908879161 0.045585591 0.414560884 3.383951902
0.421308160 0.058223564 0.905046642 4.976016045 0.018507916 0.997177243 -0.072766140 -0.415333480 -0.906728625 0.047407504 0.419041336 3.401718616
0.425394088 0.062303174 0.902861118 5.010996819 0.015010644 0.997004569 -0.075872138 -0.418937147 -0.904883742 0.045828082 0.423184633 3.418109894
0.429160863 0.065412663 0.900856376 5.045586109 0.012111681 0.996867716 -0.078154124 -0.422186553 -0.903146982 0.044451572 0.427024335 3.434630871
0.433203459 0.064121060 0.899012387 5.080399513 0.010843158 0.997023106 -0.076336540 -0.425528020 -0.901230872 0.042817388 0.431218654 3.451089382
0.437668383 0.060468737 0.897100806 5.114071846 0.011878345 0.997260094 -0.073015019 -0.429263771 -0.899057984 0.042612448 0.435751051 3.466747761
0.440678954 0.057531580 0.895819247 5.148133755 0.011801717 0.997486472 -0.069866493 -0.432691395 -0.897587121 0.041360900 0.438892394 3.484201431
0.444245070 0.056450151 0.894125044 5.181860447 0.011469746 0.997572780 -0.068680011 -0.435801864 -0.895831823 0.040766150 0.442519397 3.501484394
0.447345346 0.058300704 0.892459035 5.213787079 0.009665077 0.997499645 -0.070007198 -0.438337803 -0.894309103 0.039943073 0.445663363 3.517754555
0.450354367 0.058513477 0.890930414 5.245389462 0.011620574 0.997381508 -0.071378909 -0.440939277 -0.892774165 0.042498935 0.448495269 3.533226490
0.452864319 0.057217147 0.889741540 5.277984619 0.012214355 0.997446835 -0.070360333 -0.444733679 -0.891495764 0.042731311 0.451009363 3.549522877
0.454580396 0.056374706 0.888919830 5.309011459 0.014404451 0.997399151 -0.070620626 -0.447212249 -0.890589297 0.044907153 0.452586174 3.565194130
0.456499189 0.056403495 0.887934208 5.339856148 0.013022164 0.997457981 -0.070055582 -0.450254858 -0.889628530 0.043543145 0.454604357 3.581192017
0.458779156 0.054984514 0.886847377 5.369508743 0.016814107 0.997367561 -0.070534952 -0.452179998 -0.888391256 0.047271509 0.456646949 3.596392632
0.460812122 0.057127174 0.885657191 5.399904251 0.013824861 0.997343063 -0.071524344 -0.456655979 -0.887390018 0.045203380 0.458797991 3.612525463
0.464167833 0.057018042 0.883910179 5.428762913 0.016844347 0.997177243 -0.073169984 -0.459517211 -0.885587096 0.048852038 0.461897224 3.626492023
0.466992706 0.056264728 0.882469296 5.457644463 0.018005243 0.997161746 -0.073105484 -0.462877452 -0.884077907 0.050028805 0.464654148 3.641954899
0.470380843 0.054378510 0.880786538 5.486490726 0.021177351 0.997116566 -0.072870262 -0.465893328 -0.882209420 0.052929491 0.467872947 3.657070160
0.473353565 0.053632539 0.879238248 5.514536381 0.022878293 0.997059524 -0.073136434 -0.468266308 -0.880575299 0.054734863 0.470734686 3.672467232
0.477009028 0.053158142 0.877289355 5.540955067 0.023151247 0.997062922 -0.073003694 -0.471590489 -0.878593445 0.055133764 0.474377334 3.685871840
0.479983628 0.052238736 0.875720739 5.567091942 0.023982624 0.997071147 -0.072622456 -0.474099368 -0.876949608 0.055859670 0.477324933 3.701091051
0.483787179 0.051532652 0.873667181 5.593623638 0.025878601 0.996986151 -0.073136628 -0.476997793 -0.874803007 0.057991855 0.480995506 3.714830399
0.487616539 0.052680083 0.871467054 5.620548725 0.024967063 0.996928215 -0.074234143 -0.480092585 -0.872700810 0.057955772 0.484803408 3.729860544
0.491963565 0.053315893 0.868981659 5.647309780 0.027565921 0.996668756 -0.076756164 -0.482180774 -0.870179296 0.061715517 0.488855034 3.745061874
0.496890008 0.056598775 0.865965843 5.673183918 0.025002880 0.996522963 -0.079478495 -0.485285252 -0.867453277 0.061143719 0.493747175 3.759705544
0.502176344 0.062366404 0.862513423 5.698908329 0.021423597 0.996192694 -0.084505804 -0.488404393 -0.864499748 0.060914952 0.498928368 3.775085926
0.508363664 0.069520764 0.858331680 5.723240376 0.016866764 0.995740891 -0.090639934 -0.490667403 -0.860977292 0.060555324 0.505025923 3.789392948
0.514028132 0.075842708 0.854413748 5.749500751 0.010366510 0.995461464 -0.094599545 -0.494564295 -0.857710600 0.057484128 0.510909021 3.806241751
0.521321535 0.080612905 0.849544287 5.774485588 0.007360511 0.995066345 -0.098938212 -0.496512055 -0.853328645 0.057831697 0.518156171 3.820456266
0.527109981 0.080994166 0.845928490 5.801198483 0.003133163 0.995255589 -0.097243965 -0.499808341 -0.849791288 0.053908691 0.524355412 3.836842299
0.532874465 0.080047309 0.842399657 5.827009201 -0.003309647 0.995705187 -0.092521273 -0.502894580 -0.846187890 0.046514176 0.530850828 3.853206158
0.537643611 0.077798955 0.839575291 5.853429794 -0.009151306 0.996213913 -0.086453557 -0.505692124 -0.843122482 0.038797989 0.536320031 3.873068333
0.543876827 0.075853653 0.835729778 5.880159378 -0.015810072 0.996655703 -0.080170944 -0.509423256 -0.839016140 0.030390175 0.543257117 3.890360355
0.550402880 0.074839368 0.831538200 5.906614780 -0.018716674 0.996830046 -0.077327065 -0.511305571 -0.834689438 0.026997410 0.550058782 3.907684565
0.556484282 0.077927306 0.827195585 5.933896542 -0.023323517 0.996664643 -0.078201838 -0.514855742 -0.830530703 0.024224995 0.556445777 3.927244902
0.562369287 0.081984393 0.822811842 5.961487770 -0.027683144 0.996381581 -0.080358088 -0.517733216 -0.826422632 0.022412905 0.562604070 3.947117805
0.568006217 0.085384220 0.818583190 5.989144325 -0.030806471 0.996112704 -0.082525566 -0.520761251 -0.822447479 0.021657377 0.568428576 3.967869997
0.574927151 0.087650016 0.813496351 6.018190861 -0.032882389 0.995917499 -0.084065802 -0.523652434 -0.817543626 0.021582011 0.575462162 3.987514973
0.580614328 0.088980429 0.809301913 6.046037197 -0.036137465 0.995846927 -0.083564579 -0.526541352 -0.813376367 0.019272661 0.581418514 4.009410858
0.587438464 0.090374269 0.804206729 6.075481892 -0.041565046 0.995802701 -0.081543736 -0.530741811 -0.808200717 0.014475038 0.588729143 4.030697823
0.595123947 0.088378400 0.798759460 6.104488373 -0.042236127 0.996000528 -0.078733586 -0.534046590 -0.802523315 0.013119737 0.596476555 4.051715374
0.602206886 0.085505895 0.793747783 6.133807659 -0.041445669 0.996255517 -0.075876541 -0.537873030 -0.797263503 0.012795970 0.603495777 4.075832844
