0.999998689 0.000769047 0.001439403 -0.000295082 -0.000762590 0.999989688 -0.004480842 -0.000251888 -0.001442834 0.004479738 0.999988914 0.085304625
0.999996781 -0.001502865 0.002056806 -0.000064533 0.001513944 0.999984443 -0.005396189 -0.000057676 -0.002048664 0.005399285 0.999983251 0.170025513
0.999992311 -0.003157730 0.002325528 -0.000206679 0.003160547 0.999994278 -0.001208522 -0.000224518 -0.002321699 0.001215863 0.999996483 0.254917890
0.999984443 -0.005345041 0.001600453 0.000031091 0.005337371 0.999974370 0.004759594 -0.000226617 -0.001625852 -0.004750977 0.999987364 0.339696914
0.999960184 -0.008912301 0.000214160 0.000066021 0.008911178 0.999948919 0.004765575 -0.000134290 -0.000256621 -0.004763477 0.999988616 0.423202932
0.999934137 -0.011466587 -0.000474823 -0.000139300 0.011467407 0.999932706 0.001759091 0.000328015 0.000454620 -0.001764420 0.999998331 0.506031036
0.999928117 -0.011942843 -0.001062163 -0.000872654 0.011941226 0.999927580 -0.001514947 0.000332307 0.001080179 0.001502154 0.999998271 0.588877022
0.999927938 -0.011800378 -0.002207617 -0.000431124 0.011795909 0.999928296 -0.002026132 0.000328264 0.002231368 0.001999946 0.999995530 0.671355546
0.999930322 -0.011365592 -0.003206763 -0.001386033 0.011365684 0.999935389 0.000009607 -0.000003397 0.003206446 -0.000046054 0.999994874 0.753597975
0.999929309 -0.011189583 -0.004001555 -0.001365884 0.011199574 0.999934137 0.002483160 0.000409710 0.003973506 -0.002527801 0.999988854 0.835211992
0.999929070 -0.011074518 -0.004392398 -0.002619615 0.011091025 0.999931455 0.003751428 0.000878992 0.004350551 -0.003799878 0.999983311 0.918066621
0.999904037 -0.012715265 -0.005499076 -0.002601519 0.012741419 0.999907553 0.004747636 0.001017567 0.005438201 -0.004817246 0.999973536 0.998796940
0.999905705 -0.012586530 -0.005489954 -0.004340966 0.012613782 0.999908090 0.004957827 0.000688060 0.005427049 -0.005026608 0.999972582 1.079708219
0.999885976 -0.013346155 -0.007061057 -0.003919899 0.013368854 0.999905527 0.003177171 0.001927263 0.007017988 -0.003271207 0.999970019 1.160375953
0.999870598 -0.013477262 -0.008779382 -0.004526364 0.013485706 0.999908626 0.000903330 0.002334948 0.008766406 -0.001021609 0.999961078 1.241149306
0.999840319 -0.014914026 -0.009836789 -0.006227606 0.014914910 0.999888778 0.000016739 0.002194090 0.009835446 -0.000163452 0.999951601 1.319903016
0.999811769 -0.015138513 -0.012134138 -0.006619179 0.015127893 0.999885082 -0.000966607 0.002543983 0.012147379 0.000782861 0.999925852 1.400291800
0.999823272 -0.013412799 -0.013169793 -0.008714711 0.013396083 0.999909341 -0.001356597 0.001918133 0.013186795 0.001179933 0.999912381 1.479246974
0.999799311 -0.012067710 -0.015987549 -0.008999866 0.012046195 0.999926388 -0.001441444 0.002349196 0.016003767 0.001248566 0.999871135 1.558031082
0.999793291 -0.012381720 -0.016135318 -0.012227231 0.012375600 0.999923289 -0.000479258 0.001921284 0.016140018 0.000279475 0.999869645 1.637650728
0.999764621 -0.012077967 -0.018026050 -0.013699619 0.012103938 0.999925911 0.001332378 0.001286415 0.018008620 -0.001550250 0.999836624 1.716873765
0.999762475 -0.011375024 -0.018597545 -0.016416010 0.011404262 0.999933898 0.001466772 0.001867225 0.018579634 -0.001678514 0.999825895 1.794335723
0.999709010 -0.012421896 -0.020680331 -0.017564228 0.012453300 0.999921501 0.001390459 0.001959307 0.020661432 -0.001647593 0.999785125 1.872059822
0.999683917 -0.012765741 -0.021657310 -0.020375384 0.012776853 0.999918282 0.000374729 0.002333122 0.021650756 -0.000651323 0.999765337 1.949214101
0.999684989 -0.012985991 -0.021476792 -0.023917355 0.013023984 0.999913871 0.001630076 0.001642561 0.021453774 -0.001909276 0.999768019 2.026411057
0.999635398 -0.012712341 -0.023827771 -0.024543455 0.012787224 0.999913692 0.002992811 0.002316126 0.023787674 -0.003296410 0.999711573 2.103103638
0.999611557 -0.013675502 -0.024281871 -0.026929269 0.013817916 0.999888182 0.005706984 0.002660101 0.024201110 -0.006040292 0.999688804 2.178386927
0.999576509 -0.013697400 -0.025675405 -0.027973700 0.013896786 0.999874473 0.007603331 0.002345529 0.025568036 -0.007956916 0.999641418 2.254201412
0.999567091 -0.013176167 -0.026308691 -0.030826271 0.013348923 0.999890387 0.006401649 0.002729766 0.026221454 -0.006750069 0.999633372 2.328998089
0.999571264 -0.011053380 -0.027117822 -0.032751661 0.011155361 0.999931276 0.003612331 0.003144220 0.027076030 -0.003913291 0.999625683 2.400326729
0.999561071 -0.010806676 -0.027585573 -0.035489164 0.010859172 0.999939501 0.001753933 0.003517503 0.027564950 -0.002052720 0.999617875 2.472121239
0.999525189 -0.010097842 -0.029109810 -0.037048355 0.010147449 0.999947309 0.001556942 0.003410039 0.029092554 -0.001851593 0.999575019 2.542743683
0.999496758 -0.009910803 -0.030133713 -0.039641831 0.009945157 0.999950111 0.000990397 0.003255512 0.030122394 -0.001289583 0.999545455 2.611912251
0.999434292 -0.009709555 -0.032200303 -0.042353403 0.009727940 0.999952555 0.000414363 0.003113750 0.032194763 -0.000727371 0.999481261 2.681403160
0.999380946 -0.009829532 -0.033779688 -0.045897596 0.009841741 0.999951482 0.000195196 0.003378220 0.033776131 -0.000527526 0.999429286 2.748474836
0.999313831 -0.009719075 -0.035740450 -0.048884131 0.009778234 0.999951065 0.001480799 0.003152546 0.035724305 -0.001829262 0.999360025 2.817878008
0.999227107 -0.010075455 -0.037993547 -0.050591826 0.010231097 0.999940038 0.003904373 0.002868067 0.037951920 -0.004290071 0.999270380 2.885317087
0.999170005 -0.008879369 -0.039754491 -0.054639935 0.009081082 0.999946713 0.004896226 0.003722055 0.039708905 -0.005253175 0.999197543 2.952386379
0.999107420 -0.007436519 -0.041582242 -0.057735130 0.007650449 0.999958277 0.004987973 0.004061950 0.041543413 -0.005301644 0.999122620 3.016048431
0.999027669 -0.004990599 -0.043803982 -0.060837261 0.005204052 0.999975145 0.004760237 0.003617463 0.043779135 -0.004983568 0.999028802 3.081608295
0.998968482 -0.003875101 -0.045241661 -0.065003283 0.004078075 0.999982119 0.004395020 0.003285564 0.045223810 -0.004574986 0.998966396 3.144018650
0.998882115 -0.003701244 -0.047125325 -0.067455806 0.003941147 0.999979675 0.004998833 0.004245188 0.047105879 -0.005178973 0.998876393 3.208595514
0.998841166 -0.002243458 -0.048076592 -0.070838802 0.002584080 0.999971926 0.007023984 0.004250795 0.048059493 -0.007140078 0.998818874 3.269243002
0.998851597 0.000395440 -0.047910262 -0.075261943 -0.000050812 0.999974072 0.007194212 0.005098294 0.047911875 -0.007183516 0.998825729 3.329652071
0.998909295 0.003622030 -0.046551920 -0.079110757 -0.003371948 0.999979496 0.005449502 0.004902800 0.046570703 -0.005286586 0.998901010 3.389173269
0.998989284 0.005926258 -0.044556264 -0.082577251 -0.005803527 0.999979079 0.002883353 0.004321004 0.044572413 -0.002621855 0.999002755 3.446140766
0.999067903 0.005443671 -0.042819619 -0.084754951 -0.005438106 0.999985278 0.000246439 0.005929812 0.042820331 -0.000013352 0.999082804 3.505408764
0.999206126 0.006770963 -0.039255828 -0.088298202 -0.006740079 0.999976873 0.000919027 0.006490916 0.039261144 -0.000653710 0.999228776 3.561962843
0.999278665 0.011680240 -0.036133945 -0.091107100 -0.011540231 0.999925077 0.004080859 0.005431178 0.036178898 -0.003660922 0.999338686 3.619381189
0.999355018 0.015389952 -0.032449063 -0.093026951 -0.015163019 0.999858916 0.007228105 0.006154906 0.032555733 -0.006731416 0.999447167 3.675499439
0.999398410 0.020422611 -0.028029107 -0.095584348 -0.020199906 0.999762416 0.008205814 0.006135372 0.028190028 -0.007634692 0.999573410 3.729366779
0.999446929 0.023850380 -0.023176443 -0.096329741 -0.023668872 0.999687254 0.008074651 0.007455459 0.023361780 -0.007521623 0.999698699 3.781616449
0.999448478 0.028523443 -0.017005125 -0.098123327 -0.028345177 0.999541581 0.010633453 0.006857757 0.017300636 -0.010145575 0.999798954 3.833179474
0.999384105 0.033441864 -0.010634309 -0.098668739 -0.033316467 0.999375701 0.011757847 0.007067736 0.011020875 -0.011396306 0.999874294 3.882489443
0.999331772 0.036400143 -0.003328042 -0.099991567 -0.036359109 0.999270737 0.011656079 0.006838802 0.003749899 -0.011527285 0.999926507 3.930046558
0.999200463 0.039782200 0.003997657 -0.100158155 -0.039826129 0.999139428 0.011585935 0.007377446 -0.003533302 -0.011735883 0.999924839 3.975005150
0.998956084 0.044153593 0.011707256 -0.100124978 -0.044286326 0.998954594 0.011331908 0.007106785 -0.011194672 -0.011838552 0.999867260 4.019051552
0.998632789 0.048589390 0.019283256 -0.099760726 -0.048760131 0.998774469 0.008484563 0.007596493 -0.018847361 -0.009413213 0.999778032 4.061478615
0.998322964 0.051008817 0.027374132 -0.099578403 -0.051172704 0.998675644 0.005319542 0.007843100 -0.027066529 -0.006711429 0.999611080 4.101131916
0.998035431 0.051453445 0.035746656 -0.098788530 -0.051677465 0.998649359 0.005370840 0.007476491 -0.035422027 -0.007207583 0.999346495 4.139122486
0.997795999 0.050456572 0.043096330 -0.095561877 -0.050793909 0.998686194 0.006767961 0.007586392 -0.042698223 -0.008942073 0.999047995 4.175012112
0.997325778 0.052069344 0.051285364 -0.094092727 -0.052528922 0.998590052 0.007653375 0.007311121 -0.050814554 -0.010326871 0.998654723 4.207649708
0.996684313 0.054820646 0.060125466 -0.092362195 -0.055376004 0.998436511 0.007608321 0.007585051 -0.059614379 -0.010912603 0.998161793 4.239900589
0.995783746 0.059914924 0.069461085 -0.091242760 -0.060550343 0.998139977 0.007076813 0.007584605 -0.068907879 -0.011252869 0.997559547 4.268588543
0.994932234 0.063473068 0.077980191 -0.088063538 -0.064220980 0.997910261 0.007118446 0.007607134 -0.077365413 -0.012090338 0.996929467 4.295636654
0.994240165 0.062499784 0.087063752 -0.085476875 -0.063407958 0.997957945 0.007702417 0.007388296 -0.086404577 -0.013178588 0.996172965 4.321467400
0.993284047 0.061771698 0.097831130 -0.082617074 -0.062668510 0.998015642 0.006117832 0.006966157 -0.097259089 -0.012207677 0.995184243 4.345363617
0.992105603 0.060328756 0.109940432 -0.080050677 -0.060891345 0.998142779 0.001763919 0.006559733 -0.109629840 -0.008444414 0.993936598 4.367905617
0.990506649 0.061230805 0.123075217 -0.075961232 -0.061400805 0.998110235 -0.002414810 0.006705788 -0.122990504 -0.005165033 0.992394388 4.391220570
0.988381386 0.062952377 0.138344750 -0.071898103 -0.062940232 0.998007238 -0.004466993 0.006312158 -0.138350278 -0.004292356 0.990374088 4.413289547
0.985857725 0.064558156 0.154650241 -0.068052232 -0.064388275 0.997906208 -0.006112317 0.006619370 -0.154721022 -0.003931791 0.987950385 4.435120583
0.983007491 0.065163672 0.171609774 -0.063593149 -0.064848177 0.997867346 -0.007449778 0.006861232 -0.171729252 -0.003805393 0.985136867 4.458518028
0.979739308 0.063857980 0.189823776 -0.058102429 -0.063346200 0.997953117 -0.008768681 0.006816737 -0.189995170 -0.003433594 0.981779039 4.481774330
0.975913763 0.062756576 0.208935410 -0.051630676 -0.062254388 0.998019755 -0.008985572 0.006508030 -0.209085584 -0.004238004 0.977888167 4.502228260
0.971255243 0.063192613 0.229499325 -0.046349764 -0.062547013 0.997990966 -0.010093953 0.005967967 -0.229676127 -0.004550690 0.973256528 4.523558140
0.966093361 0.065104984 0.249849945 -0.037941694 -0.064018242 0.997870624 -0.012482513 0.006182600 -0.250130624 -0.003935688 0.968204141 4.546291828
0.959800303 0.066148818 0.272777945 -0.031191945 -0.064684145 0.997802317 -0.014369149 0.005433835 -0.273128927 -0.003852896 0.961969793 4.566859245
0.952388287 0.067849874 0.297241986 -0.024193048 -0.066249460 0.997683167 -0.015467089 0.004744656 -0.297602683 -0.004961448 0.954676926 4.585999012
0.943704009 0.071277410 0.323020339 -0.015610576 -0.069665313 0.997432888 -0.016565494 0.004553951 -0.323371828 -0.006870389 0.946247041 4.608034611
0.933862329 0.072948419 0.350113750 -0.005900860 -0.071369544 0.997297704 -0.017428508 0.003570653 -0.350439012 -0.008711629 0.936545014 4.628636360
0.922644854 0.073573448 0.378567815 0.004509926 -0.071834035 0.997240663 -0.018736783 0.002495497 -0.378901720 -0.009906654 0.925383866 4.648695946
0.910114646 0.071820788 0.408084482 0.017321706 -0.069221504 0.997376978 -0.021154694 0.002377160 -0.408533514 -0.008995024 0.912698865 4.670536995
0.895178974 0.068761185 0.440370739 0.030616283 -0.065041356 0.997604549 -0.023554731 0.001438826 -0.440935493 -0.007556607 0.897506952 4.690817356
0.877884448 0.068000831 0.474019855 0.044360161 -0.062215518 0.997672737 -0.027898729 0.000810228 -0.474813819 -0.004999527 0.880072057 4.710462570
0.858433604 0.070029214 0.508121550 0.060059786 -0.061748683 0.997540712 -0.033161055 0.000129357 -0.509194195 -0.002909273 0.860646784 4.731259823
0.836594760 0.072310165 0.543028951 0.075719118 -0.061554957 0.997380853 -0.037979957 -0.000001371 -0.544353008 -0.001652293 0.838854611 4.750258446
0.811976373 0.075047851 0.578845620 0.092670202 -0.062553875 0.997176945 -0.041537344 -0.001117840 -0.580328703 -0.002481695 0.814378500 4.770199776
0.784711719 0.078879602 0.614821494 0.112661123 -0.065343730 0.996870279 -0.044495437 -0.002311349 -0.616407037 -0.005258634 0.787410021 4.790981770
0.754560888 0.083178081 0.650937259 0.132694483 -0.068919599 0.996493399 -0.047442961 -0.003595427 -0.652600944 -0.009063731 0.757647574 4.812292576
0.721560180 0.084343173 0.687195182 0.155577660 -0.068718553 0.996375501 -0.050135549 -0.004947215 -0.688933134 -0.011047240 0.724740803 4.832753181
0.684759617 0.081775025 0.724166632 0.181563854 -0.064834811 0.996580064 -0.051230092 -0.006412625 -0.725879431 -0.011870899 0.687719584 4.854675770
0.645609140 0.080717243 0.759390235 0.208830595 -0.062370334 0.996649563 -0.052910805 -0.008114338 -0.761116803 -0.013203721 0.648480415 4.873798847
0.602917254 0.080390975 0.793743014 0.238577366 -0.060537647 0.996651769 -0.054958105 -0.010014251 -0.795503616 -0.014916152 0.605765104 4.893803596
0.556858599 0.080065861 0.826739371 0.272036552 -0.056887351 0.996682405 -0.058207013 -0.011671200 -0.828656971 -0.014617936 0.559565842 4.913152695
0.509016752 0.078524716 0.857167304 0.308375359 -0.053389695 0.996792912 -0.059611022 -0.014390543 -0.859099209 -0.015420887 0.511576653 4.930857182
0.460152745 0.076928519 0.884500682 0.346050024 -0.051560335 0.996873200 -0.059878238 -0.016091689 -0.886341333 -0.018052019 0.462680280 4.947813988
0.410426140 0.073909290 0.908893704 0.386665583 -0.050896194 0.997012973 -0.058091924 -0.019173607 -0.910472333 -0.022416791 0.412961781 4.963617802
0.360841632 0.074446455 0.929651022 0.428755403 -0.054547463 0.996787190 -0.058650251 -0.020556495 -0.931030452 -0.029546646 0.363743275 4.976890564
0.310769141 0.075223118 0.947504044 0.472709775 -0.052248016 0.996708155 -0.061992772 -0.021929622 -0.949048221 -0.030239770 0.313676417 4.990710258
0.264109969 0.071462221 0.961841464 0.518196940 -0.041632265 0.997166514 -0.062655061 -0.025734529 -0.963593602 -0.023495816 0.266336679 4.998622894
0.220568389 0.065616831 0.973161817 0.564227104 -0.027477296 0.997756600 -0.061047409 -0.027842060 -0.974984407 -0.013274725 0.221876547 5.004105091
0.178408176 0.064481474 0.981841445 0.613822877 -0.018203909 0.997895896 -0.062228050 -0.030753508 -0.983788192 -0.006771356 0.179206625 5.010106087
0.139698789 0.066162199 0.987981200 0.663846254 -0.015394555 0.997789860 -0.064642295 -0.032871213 -0.990074337 -0.006179082 0.140408531 5.015412807
0.106667504 0.066485681 0.992069423 0.716800213 -0.006719706 0.997787356 -0.066146389 -0.036979381 -0.994272053 0.000389253 0.106878221 5.019617558
0.078106984 0.065309040 0.994803488 0.768933594 0.000529920 0.997849107 -0.065550581 -0.039257918 -0.996944845 0.005647126 0.077904388 5.020583153
0.053432293 0.063618459 0.996542871 0.823234797 0.007790237 0.997911572 -0.064123534 -0.042322055 -0.998541117 0.011189570 0.052825090 5.021655560
0.033260476 0.062886529 0.997466326 0.879321873 0.012201367 0.997918546 -0.063321896 -0.044654164 -0.999372244 0.014276569 0.032423943 5.021777153
0.016693145 0.064331517 0.997788966 0.936608553 0.014956586 0.997800231 -0.064582482 -0.048143260 -0.999748766 0.016001601 0.015694244 5.023852348
0.003481893 0.064393125 0.997918487 0.994295239 0.015362332 0.997803390 -0.064439289 -0.051043719 -0.999875903 0.015554728 0.002485016 5.022368431
-0.008094886 0.065443419 0.997823358 1.053382754 0.016858164 0.997723222 -0.065300085 -0.053744167 -0.999825120 0.016292874 -0.009179713 5.021655560
-0.016980140 0.068064071 0.997536421 1.113983154 0.021177717 0.997480869 -0.067699805 -0.057921581 -0.999631464 0.019975988 -0.018378813 5.018950462
-0.023687931 0.069955051 0.997268736 1.175631285 0.025243917 0.997272551 -0.069355674 -0.061299406 -0.999400616 0.023532080 -0.025389262 5.016997337
-0.028115425 0.069429964 0.997190535 1.238630056 0.025932031 0.997299850 -0.068706430 -0.064619534 -0.999268174 0.023927465 -0.029839972 5.014478207
-0.031690486 0.066888273 0.997257054 1.303184509 0.023338789 0.997535706 -0.066165321 -0.067610122 -0.999225140 0.021177964 -0.033173483 5.012899399
-0.034283753 0.059896860 0.997615635 1.369291425 0.021314787 0.998019218 -0.059188586 -0.071593381 -0.999184847 0.019234754 -0.035492536 5.010580063
-0.035292290 0.054674756 0.997880340 1.435909748 0.022629254 0.998290002 -0.053896874 -0.074397318 -0.999120831 0.020679142 -0.036469191 5.007938862
-0.035301317 0.052081358 0.998018563 1.504175544 0.025417227 0.998364866 -0.051200375 -0.077564038 -0.999053478 0.023559431 -0.036567349 5.004418373
-0.035465751 0.054122042 0.997904301 1.572576046 0.028774079 0.998173773 -0.053114023 -0.081596464 -0.998956561 0.026830047 -0.036958303 5.001912117
-0.034930885 0.061459363 0.997498214 1.641027570 0.029385746 0.997738957 -0.060445148 -0.085176378 -0.998957634 0.027200829 -0.036657933 5.000338554
-0.032478150 0.069208428 0.997073352 1.709877133 0.030404210 0.997206450 -0.068227276 -0.089100130 -0.999009788 0.028099332 -0.034491651 4.998041153
-0.030452585 0.070550717 0.997043192 1.782093763 0.031415544 0.997080624 -0.069593862 -0.090985768 -0.999042392 0.029203344 -0.032580074 4.995704174
-0.027915245 0.065954916 0.997432053 1.854535103 0.030656477 0.997408092 -0.065095335 -0.095265225 -0.999140084 0.028760605 -0.029864835 4.993490219
-0.024473509 0.059088174 0.997952700 1.927110791 0.029863371 0.997849405 -0.058349699 -0.100416638 -0.999254227 0.028374210 -0.026185453 4.991653919
-0.022859467 0.057837415 0.998064280 2.001011372 0.028608587 0.997954071 -0.057175800 -0.104436412 -0.999329269 0.027246198 -0.024467351 4.990751266
-0.019481938 0.063768931 0.997774541 2.072376490 0.036208063 0.997354329 -0.063035086 -0.107733101 -0.999154329 0.034899443 -0.021739345 4.988234997
-0.015605729 0.068781763 0.997509778 2.144312382 0.038076118 0.996948361 -0.068147384 -0.112527251 -0.999152958 0.036917798 -0.018177053 4.986799717
-0.013912383 0.069501549 0.997484803 2.219043493 0.031756371 0.997108877 -0.069032431 -0.116676271 -0.999398828 0.030716099 -0.016079279 4.987418175
-0.010975305 0.066073842 0.997754335 2.292882204 0.027047032 0.997469008 -0.065757424 -0.121022612 -0.999573946 0.026264587 -0.012734630 4.988587379
-0.004970636 0.062083088 0.998058558 2.365443230 0.031118469 0.997597218 -0.061899401 -0.126574516 -0.999503314 0.030750379 -0.006890621 4.986924171
-0.002551785 0.063249886 0.997994483 2.440063238 0.035689469 0.997367620 -0.063118912 -0.131272212 -0.999359608 0.035456825 -0.004802424 4.986382484
0.000601292 0.067912720 0.997691154 2.512097597 0.035288744 0.997068405 -0.067891598 -0.135147333 -0.999376953 0.035248090 -0.001797026 4.985966682
0.004230594 0.068258494 0.997658730 2.586837292 0.031288996 0.997170091 -0.068357751 -0.140783295 -0.999501407 0.031504929 0.002082881 4.988055706
0.007814468 0.068063624 0.997650325 2.660558224 0.030974312 0.997185588 -0.068274535 -0.144287795 -0.999489605 0.031435061 0.005684251 4.988290787
0.010888287 0.064966500 0.997828007 2.733878851 0.035001028 0.997250915 -0.065310858 -0.149240002 -0.999327958 0.035636131 0.008584459 4.990159988
0.014570361 0.065767355 0.997728586 2.807094574 0.039400723 0.997021735 -0.066296160 -0.153244659 -0.999117196 0.040277183 0.011935687 4.990147114
0.018344635 0.066337951 0.997628510 2.880618811 0.042571433 0.996839762 -0.067068301 -0.158551633 -0.998925090 0.043700822 0.015462558 4.991217613
0.020811873 0.066103719 0.997595608 2.954934597 0.042671490 0.996843874 -0.066944107 -0.163236156 -0.998872399 0.043962121 0.017925445 4.993095398
0.025159281 0.065059446 0.997564197 3.028415442 0.043672677 0.996855795 -0.066114686 -0.167075559 -0.998728991 0.045229688 0.022238860 4.992510796
0.028194332 0.063528575 0.997581661 3.102708340 0.046664674 0.996806681 -0.064798079 -0.172845706 -0.998512745 0.048378758 0.025139757 4.996188164
0.030702656 0.064142555 0.997468293 3.176380873 0.045008112 0.996837795 -0.065487392 -0.176923603 -0.998514712 0.046904799 0.027718637 4.999308109
0.033802811 0.065890059 0.997254193 3.249343872 0.042091288 0.996845186 -0.067289755 -0.181057215 -0.998541832 0.044250295 0.030922774 5.002161026
0.036796927 0.065953173 0.997143984 3.325996161 0.043704242 0.996758878 -0.067540482 -0.185570747 -0.998366654 0.046064697 0.033795238 5.004680634
0.039490119 0.066585705 0.996998906 3.400943279 0.041586131 0.996803284 -0.068219818 -0.189023748 -0.998354256 0.044155341 0.036594838 5.007536411
0.041875761 0.066737503 0.996891439 3.475546837 0.039342023 0.996882737 -0.068389535 -0.193837434 -0.998347998 0.042083591 0.039119635 5.011156082
0.044585966 0.066016711 0.996822000 3.550827980 0.036836617 0.997026980 -0.067677915 -0.199666440 -0.998326182 0.039737038 0.042021576 5.015606880
0.047764607 0.067854762 0.996551096 3.625708818 0.035466317 0.996945679 -0.069581516 -0.204479665 -0.998228729 0.038667537 0.045212157 5.019515038
0.051093582 0.071155623 0.996155798 3.701582909 0.033772405 0.996765018 -0.072931342 -0.210181013 -0.998122692 0.037368901 0.048525199 5.023261070
0.054242626 0.073471509 0.995821118 3.778515339 0.034242656 0.996565819 -0.075391687 -0.214749381 -0.997940481 0.038188998 0.051540483 5.029027462
0.057624422 0.075483650 0.995480716 3.854765892 0.028347032 0.996611774 -0.077210322 -0.220003083 -0.997935772 0.032668125 0.055289436 5.033395290
0.060672596 0.074498460 0.995373726 3.931227922 0.024500949 0.996799171 -0.076098599 -0.225271553 -0.997856855 0.029004704 0.058653109 5.037961006
0.064050421 0.075465761 0.995089173 4.007951736 0.026750168 0.996648490 -0.077305846 -0.230597779 -0.997588038 0.031570274 0.061817039 5.043353558
0.067706786 0.076525211 0.994766116 4.086339951 0.025547909 0.996594191 -0.078404710 -0.236789644 -0.997378111 0.030722722 0.065521121 5.049588203
0.071444109 0.077547915 0.994425595 4.162916183 0.022075547 0.996605992 -0.079303965 -0.241461873 -0.997200370 0.027618287 0.069489703 5.054831505
0.075604931 0.075609535 0.994267046 4.243569851 0.020747295 0.996785879 -0.077378713 -0.247296050 -0.996921897 0.026478570 0.073793247 5.062028885
0.080465741 0.074964479 0.993934393 4.322456837 0.021110272 0.996816039 -0.076890826 -0.254035741 -0.996533751 0.027169302 0.078627035 5.068436623
0.085032180 0.079032160 0.993238866 4.401055336 0.017135026 0.996585786 -0.080765434 -0.259152770 -0.996230781 0.023886839 0.083387651 5.076900482
0.091324002 0.087839350 0.991939485 4.481670380 0.015563171 0.995854497 -0.089618869 -0.264967501 -0.995699584 0.023622083 0.089578353 5.084470272
0.098845899 0.092908293 0.990756035 4.560129642 0.014155785 0.995399833 -0.094756082 -0.271005571 -0.995002031 0.023391174 0.097076014 5.092186928
0.105676331 0.096033156 0.989752591 4.641551971 0.009479726 0.995183289 -0.097572245 -0.277621627 -0.994355381 0.019693658 0.104256950 5.103212357
0.112553701 0.094030306 0.989186466 4.721333504 0.005843407 0.995432496 -0.095288932 -0.284895211 -0.993628561 0.016505340 0.111490160 5.113140106
0.120949380 0.092795983 0.988311768 4.801677704 0.005171773 0.995548546 -0.094108388 -0.291027814 -0.992645204 0.016493680 0.119931057 5.121678829
0.128749162 0.088937409 0.987680972 4.886493206 0.005262861 0.995894969 -0.090363078 -0.298872620 -0.991663218 0.016832201 0.127752572 5.132941246
0.135731876 0.083054729 0.987258196 4.964233875 0.002525038 0.996447802 -0.084174968 -0.307034016 -0.990742385 0.013918092 0.135040000 5.144378185
0.142234623 0.075989924 0.986911774 5.047317505 0.000210592 0.997046471 -0.076800622 -0.312125742 -0.989832878 0.011131541 0.141798571 5.158848763
0.149588615 0.073571578 0.986007392 5.125858307 -0.000777953 0.997236311 -0.074291416 -0.318578005 -0.988747954 0.010346080 0.149232432 5.170660973
0.156638980 0.075357191 0.984776914 5.206328392 0.000615097 0.997077346 -0.076396279 -0.324029744 -0.987655699 0.012572369 0.156134829 5.185495853
0.162738740 0.081584118 0.983290493 5.283534527 0.000828804 0.996564031 -0.082822599 -0.330611229 -0.986668825 0.014293400 0.162111938 5.197653770
0.168002844 0.085147940 0.982102275 5.363048553 -0.000108862 0.996264338 -0.086357161 -0.336085320 -0.985786438 0.014401338 0.167384505 5.211419582
0.172766969 0.087951705 0.981028080 5.440917015 -0.001157398 0.996022701 -0.089092180 -0.342822641 -0.984962106 0.014256747 0.172181621 5.226511955
0.178000227 0.087698430 0.980114758 5.517648220 -0.003617081 0.996072292 -0.088469379 -0.349448919 -0.984023809 0.012202416 0.177618310 5.241610527
0.183642536 0.084283933 0.979373097 5.595258713 -0.000209384 0.996320665 -0.085703187 -0.357183039 -0.982993066 0.015533684 0.182984501 5.254822731
0.187891915 0.077685520 0.979112685 5.671189308 -0.000169245 0.996869683 -0.079061948 -0.363420039 -0.982189715 0.014689390 0.187316909 5.270385265
0.191452533 0.071691647 0.978880107 5.746056557 -0.002797537 0.997364640 -0.072498277 -0.369255453 -0.981497824 0.011141527 0.191148564 5.284596443
0.194519281 0.068358399 0.978513777 5.821471214 -0.004954873 0.997624397 -0.068708472 -0.374240339 -0.980886161 0.008516711 0.194395915 5.300993443
0.197818577 0.068097457 0.977870345 5.893684864 -0.006419866 0.997652590 -0.068176344 -0.380082130 -0.980217636 0.007208753 0.197791412 5.316012859
0.200342193 0.070109710 0.977214158 5.965395927 -0.007712591 0.997518182 -0.069985226 -0.385090470 -0.979695618 0.006484139 0.200385690 5.330917835
0.201990336 0.075142674 0.976500571 6.036311150 -0.012547399 0.997169137 -0.074137688 -0.389574975 -0.979307115 0.002722553 0.202361330 5.346155643
0.203363225 0.078623928 0.975941420 6.103795052 -0.013350502 0.996900558 -0.077530511 -0.395491809 -0.979012370 0.002737549 0.203782558 5.362493038
0.205119684 0.084087677 0.975118041 6.171725750 -0.014505370 0.996454298 -0.082876325 -0.400954843 -0.978629351 0.002855118 0.205612078 5.377593994
0.206978843 0.085909046 0.974566281 6.240118504 -0.012991872 0.996290684 -0.085064858 -0.406481743 -0.978259087 0.004945186 0.207327232 5.392540455
0.208390370 0.085987315 0.974258423 6.306816578 -0.015254644 0.996292293 -0.084669106 -0.411814332 -0.977926672 0.002782260 0.208929464 5.407503128
0.208989322 0.083220959 0.974370420 6.374233723 -0.015219251 0.996528506 -0.081849143 -0.416750103 -0.977799416 0.002276415 0.209530398 5.423150539
0.209604204 0.080469057 0.974469483 6.440286160 -0.015681133 0.996756315 -0.078936487 -0.423118472 -0.977660596 0.001264637 0.210186124 5.437926292
0.209551722 0.079689436 0.974544883 6.503923893 -0.013665642 0.996814728 -0.078572012 -0.426388592 -0.977702081 0.003147120 0.209973276 5.451656818
0.208080813 0.078516498 0.974955142 6.566607952 -0.014156417 0.996910155 -0.077263273 -0.432511330 -0.978009105 0.002275135 0.208549425 5.465479851
0.206142738 0.079116248 0.975318313 6.628898621 -0.015811762 0.996865213 -0.077522144 -0.438461542 -0.978394151 0.000559127 0.206747532 5.479753017
0.203589961 0.082119957 0.975606203 6.689480305 -0.016362576 0.996622324 -0.080474406 -0.443098366 -0.978919387 0.000420352 0.204246044 5.492706299
0.201761112 0.086008869 0.975651026 6.748616219 -0.013871918 0.996287823 -0.084959462 -0.447463155 -0.979336500 0.003607367 0.202205241 5.504904270
0.200502947 0.087012760 0.975821376 6.808259487 -0.011991192 0.996191382 -0.086365283 -0.452044427 -0.979619741 0.005615234 0.200782686 5.516292572
0.198097318 0.085450158 0.976450503 6.867009163 -0.011879157 0.996328831 -0.084779739 -0.456797600 -0.980110347 0.005195234 0.198385179 5.528218269
0.195817381 0.082547419 0.977159917 6.923577309 -0.012388832 0.996579528 -0.081705272 -0.461404145 -0.980562150 0.003893441 0.196170256 5.539672852
0.193133473 0.078169838 0.978053689 6.981192589 -0.012632373 0.996936738 -0.077184558 -0.467031389 -0.981091142 0.002551785 0.193529338 5.552548409
0.191797718 0.077738129 0.978350878 7.036100388 -0.008589246 0.996952772 -0.077532366 -0.471046180 -0.981397033 0.006467232 0.191881001 5.561459541
0.190455109 0.078979693 0.978513718 7.090987206 -0.004822705 0.996821642 -0.079518728 -0.475636780 -0.981684089 0.010425666 0.190230712 5.571226597
0.187946081 0.080932960 0.978839219 7.145215511 -0.000804989 0.996611476 -0.082247846 -0.480000496 -0.982179046 0.014670206 0.187374368 5.581332207
0.185541153 0.083093919 0.979116797 7.199786663 -0.001491556 0.996440887 -0.084281482 -0.483475715 -0.982635319 0.014177279 0.185004726 5.592491627
0.184496447 0.085241459 0.979129672 7.253408909 -0.001958601 0.996261775 -0.086363882 -0.488408953 -0.982831240 0.014016105 0.183973730 5.601690769
0.183274046 0.083540373 0.979505837 7.308296680 -0.000107242 0.996384382 -0.084959857 -0.493061751 -0.983061850 0.015465889 0.182620332 5.612602234
0.184296027 0.082241453 0.979424000 7.362236977 0.006244319 0.996375024 -0.084839784 -0.496883631 -0.982850969 0.021751475 0.183114424 5.621388435
0.186380818 0.080923453 0.979139268 7.416568279 0.011048579 0.996366441 -0.084450349 -0.500233173 -0.982415438 0.026558025 0.184809491 5.631686687
0.188543394 0.080133997 0.978790045 7.472120285 0.013587453 0.996357083 -0.084189564 -0.504785359 -0.981970847 0.029172650 0.186767712 5.641256809
0.191491574 0.079474069 0.978271365 7.526694775 0.011378273 0.996469617 -0.083179712 -0.509488106 -0.981428325 0.027059253 0.189911246 5.653451920
0.196969405 0.080295578 0.977115929 7.582499504 0.009719469 0.996431649 -0.083842129 -0.514009714 -0.980361462 0.026011383 0.195486099 5.664978981
0.203288361 0.079417631 0.975892663 7.637644291 0.011313711 0.996447921 -0.083447166 -0.517641783 -0.979053497 0.028004808 0.201667741 5.677383423
0.211121157 0.080050014 0.974176526 7.694244862 0.008945527 0.996440828 -0.083818182 -0.521379054 -0.977418959 0.026410315 0.209653676 5.689667225
0.219656631 0.077497534 0.972494304 7.751229286 0.009444432 0.996624053 -0.081553645 -0.526441336 -0.975531518 0.027098449 0.218183219 5.703009605
0.228679001 0.077493183 0.970412672 7.809257984 0.005922347 0.996697426 -0.080987789 -0.530772805 -0.973483860 0.024267329 0.227464885 5.717720985
0.238001421 0.076910228 0.968214869 7.865779877 0.004690576 0.996757269 -0.080330491 -0.535415173 -0.971253455 0.023660256 0.236868843 5.732901573
0.247583687 0.080714002 0.965498567 7.924806118 -0.000565260 0.996535897 -0.083163694 -0.540288091 -0.968866289 0.020044221 0.246771634 5.750069618
0.257093608 0.082907863 0.962823451 7.982792377 -0.003764716 0.996391475 -0.084793091 -0.543950975 -0.966379166 0.018175010 0.256477952 5.766309738
0.268042862 0.085441567 0.959610701 8.043152809 -0.008060927 0.996223569 -0.086449884 -0.548959136 -0.963373244 0.015436918 0.267719328 5.784182549
0.278285354 0.087713748 0.956485033 8.104791641 -0.009529379 0.996024668 -0.088567175 -0.553553879 -0.960451245 0.015532239 0.278014958 5.803069115
0.287910044 0.088463396 0.953562737 8.164738655 -0.012758857 0.995990396 -0.088547163 -0.558567286 -0.957572460 0.013327243 0.287884295 5.822277546
0.298480272 0.088849403 0.950271130 8.228617668 -0.013797098 0.995955110 -0.088787124 -0.563737988 -0.954316020 0.013390221 0.298498750 5.843120575
0.308460444 0.089911826 0.946978390 8.291622162 -0.018081229 0.995897233 -0.088666856 -0.568258047 -0.951065302 0.010227683 0.308820546 5.865434170
0.318845481 0.085078016 0.943980634 8.354093552 -0.017294034 0.996319592 -0.083953798 -0.572761118 -0.947648883 0.010443063 0.319143444 5.887030602
0.329503506 0.078214817 0.940909088 8.420829773 -0.013568455 0.996852219 -0.078113556 -0.577564120 -0.944056869 0.012972007 0.329527587 5.911065102
0.340457886 0.073802643 0.937358856 8.486593246 -0.012310630 0.997179210 -0.074041255 -0.582946301 -0.940179169 0.013668445 0.340406090 5.935186386
0.350964844 0.070778839 0.933709860 8.554557800 -0.013048599 0.997412026 -0.070702970 -0.587237358 -0.936297715 0.012630654 0.350980192 5.960460186
0.360153854 0.068165608 0.930399179 8.621734619 -0.006880228 0.997493863 -0.070417963 -0.591487646 -0.932867706 0.018959945 0.359720200 5.987515450
0.368713915 0.062584415 0.927433729 8.692374229 -0.000215351 0.997736692 -0.067242935 -0.595969260 -0.929543018 0.024593681 0.367892802 6.015155792
0.375502020 0.052935127 0.925308704 8.763580322 0.010122280 0.998073876 -0.061205629 -0.599617183 -0.926766396 0.032349065 0.374242872 6.043796539
0.382780552 0.048924044 0.922542930 8.833878517 0.014456000 0.998157322 -0.058932073 -0.603939056 -0.923726201 0.035894334 0.381368011 6.071997643
0.390648246 0.048279144 0.919273138 8.906860352 0.017177517 0.998067558 -0.059716970 -0.609336793 -0.920379817 0.039119150 0.389063925 6.101753235
0.397909105 0.054689683 0.915793300 8.977632523 0.019319599 0.997500837 -0.067963406 -0.613450170 -0.917221367 0.044736028 0.395858020 6.133488655
0.404851556 0.059366029 0.912453175 9.046439171 0.022641219 0.996933341 -0.074908279 -0.617031455 -0.914102077 0.050985798 0.402265817 6.162883759
0.409903228 0.061592802 0.910046995 9.116747856 0.020785116 0.996827602 -0.076828212 -0.621513128 -0.911892116 0.050407566 0.407322645 6.195499897
0.414077610 0.063202552 0.908044755 9.187292099 0.013646500 0.997043312 -0.075620063 -0.627780557 -0.910139322 0.043704204 0.411990821 6.231102943
0.418388605 0.066892810 0.905801475 9.255410194 0.006589186 0.997034431 -0.076673836 -0.633466005 -0.908244193 0.038047947 0.416707158 6.261634350
0.422228664 0.070125401 0.903772831 9.322812080 0.005521374 0.996785760 -0.079921938 -0.639262915 -0.906472564 0.038735401 0.420484364 6.294640064
0.425627232 0.074838951 0.901798487 9.390747070 0.001840359 0.996500492 -0.083566748 -0.645408869 -0.904896736 0.037227914 0.423999965 6.328719139
0.429908693 0.077041581 0.899579406 9.456237793 -0.000157322 0.996359110 -0.085254803 -0.650723338 -0.902872324 0.036510259 0.428355634 6.359460354
0.433540255 0.075112402 0.897998333 9.520921707 -0.001222751 0.996568084 -0.082766883 -0.657393754 -0.901133358 0.034784745 0.432144254 6.392024040
0.437592626 0.072319776 0.896260321 9.585517883 -0.000510402 0.996780157 -0.080181576 -0.662895381 -0.899173141 0.034629423 0.436220586 6.424318314
0.441454828 0.069263875 0.894606173 9.650244713 -0.000482059 0.997034371 -0.076956406 -0.668826222 -0.897283375 0.033541515 0.440179020 6.455212116
0.445413500 0.068211101 0.892722905 9.712820053 -0.000900666 0.997127295 -0.075739063 -0.673942089 -0.895324588 0.032931153 0.444195420 6.486311436
0.448499322 0.070110142 0.891029179 9.774207115 -0.003217248 0.997038901 -0.076832056 -0.679317415 -0.893777370 0.031592466 0.447396874 6.518367767
0.450376868 0.070876598 0.890020967 9.832807541 -0.003004379 0.996958911 -0.077872276 -0.684593737 -0.892833591 0.032397907 0.449220181 6.549654961
0.453196347 0.068962075 0.888739169 9.896186829 -0.000681350 0.997029483 -0.077017464 -0.689900041 -0.891410470 0.034298487 0.451897115 6.582170010
0.454988271 0.068257675 0.887877584 9.955385208 0.001373786 0.997002959 -0.077350937 -0.693833888 -0.890496373 0.036413521 0.453530878 6.612042904
0.456572175 0.067888528 0.887092471 10.012714386 0.000325317 0.997071564 -0.076472603 -0.698896646 -0.889686227 0.035203841 0.455213100 6.642622471
0.459466219 0.067097455 0.885657191 10.068018913 0.001738629 0.997072697 -0.076440260 -0.704406977 -0.888193548 0.036661543 0.458004504 6.666777134
0.461234659 0.069008231 0.884590447 10.125621796 0.000337139 0.996957242 -0.077949904 -0.709774613 -0.887278020 0.036251429 0.459807992 6.701067924
0.464250505 0.068707637 0.883035004 10.180859566 0.003999113 0.996813834 -0.079663105 -0.714288712 -0.885694921 0.040514980 0.462496489 6.729081154
0.467378318 0.068240717 0.881419599 10.236021042 0.005730071 0.996761501 -0.080209054 -0.719209075 -0.884038806 0.042538568 0.465473682 6.758841038
0.470342010 0.066453516 0.879978538 10.289281845 0.008776363 0.996759117 -0.079963364 -0.723669410 -0.882440507 0.045333140 0.468234420 6.788142681
0.473985642 0.065342389 0.878104746 10.340941429 0.009705999 0.996794522 -0.079413593 -0.728790522 -0.880479097 0.046163779 0.471832067 6.814097881
0.477693468 0.064527176 0.876153588 10.392042160 0.012508229 0.996698320 -0.080224767 -0.731313586 -0.878437579 0.049281981 0.475309193 6.841304302
0.481566548 0.063515455 0.874104917 10.443269730 0.013192730 0.996732116 -0.079694174 -0.736276507 -0.876310110 0.049909875 0.479154915 6.868591309
0.484534532 0.062993504 0.872500956 10.491649628 0.013370166 0.996754110 -0.079389393 -0.742948472 -0.874669909 0.050132398 0.482119530 6.895360470
0.487902522 0.064618982 0.870503008 10.543632507 0.012804728 0.996619046 -0.081157640 -0.746832013 -0.872804165 0.050743576 0.485425562 6.927157402
0.492070109 0.065042518 0.868122339 10.592713356 0.014972270 0.996425271 -0.083141968 -0.750910282 -0.870426893 0.053909440 0.489337265 6.954872131
0.496959031 0.068275355 0.865083933 10.641744614 0.012712092 0.996220350 -0.085927717 -0.755975127 -0.867680848 0.053699587 0.494212747 6.984008789
0.502031028 0.074296147 0.861652434 10.689781189 0.008694229 0.995819390 -0.090930313 -0.761115193 -0.864805877 0.053141229 0.499286234 7.013191223
0.507951200 0.081048444 0.857564390 10.738395691 0.004298962 0.995312631 -0.096613407 -0.765542388 -0.861375093 0.052761532 0.505221903 7.043590069
0.514010310 0.087239236 0.853336155 10.785805702 -0.001205717 0.994887233 -0.100984178 -0.770964921 -0.857783139 0.050878026 0.511487544 7.072876453
0.520435452 0.091420747 0.848993003 10.833573341 -0.005693463 0.994601667 -0.103609987 -0.777299643 -0.853881955 0.049088597 0.518146515 7.104103088
0.525776029 0.091750614 0.845660210 10.881541252 -0.008861288 0.994702578 -0.102411710 -0.781425059 -0.850576818 0.046351988 0.523803890 7.136312485
0.531266510 0.091653340 0.842232406 10.933321953 -0.015540375 0.995017946 -0.098477110 -0.785677969 -0.847062230 0.039228998 0.530043960 7.169707298
0.537225246 0.089085214 0.838720977 10.982314110 -0.021868162 0.995543301 -0.091734990 -0.791142106 -0.843155324 0.030941067 0.536779165 7.202172279
0.542973638 0.087272279 0.835202396 11.032360077 -0.028925730 0.995938480 -0.085263051 -0.797129393 -0.839251399 0.022136753 0.543292761 7.236808777
0.549059808 0.085513569 0.831396759 11.083129883 -0.031350050 0.996159196 -0.081756465 -0.801534176 -0.835194945 0.018824862 0.549631774 7.272288799
0.555336416 0.089358322 0.826811135 11.135813713 -0.035928532 0.995860159 -0.083496675 -0.805488110 -0.830849230 0.016662635 0.556247830 7.309293747
0.561368525 0.093136162 0.822308302 11.187471390 -0.039501123 0.995530009 -0.085789174 -0.810120881 -0.826622605 0.015677240 0.562538147 7.346678257
0.567818165 0.096643128 0.817461073 11.239678383 -0.041833919 0.995188713 -0.088596374 -0.814280152 -0.822090268 0.016109031 0.569129109 7.382585049
0.574789524 0.098918647 0.812300444 11.292983055 -0.045011982 0.994985819 -0.089314520 -0.819445848 -0.817062497 0.014773788 0.576359987 7.419077396
0.580196202 0.099664815 0.808355868 11.348099709 -0.047601093 0.994937837 -0.088503495 -0.824797273 -0.813084424 0.012870776 0.582003355 7.464104652
0.587149262 0.101532578 0.803085804 11.401902199 -0.053510722 0.994800806 -0.086648151 -0.830886841 -0.807707965 0.007901706 0.589529693 7.503074646
0.594212115 0.099872135 0.798083544 11.458080292 -0.054259207 0.994977891 -0.084112838 -0.835817516 -0.802475989 0.006677503 0.596646965 7.546176910
0.602211356 0.097862758 0.792315781 11.513879776 -0.053916425 0.995177865 -0.081939258 -0.840193927 -0.796513915 0.006625922 0.604583859 7.588597298
