0.999998868 0.000768027 0.001289127 -0.000077561 -0.000761961 0.999988675 -0.004698895 -0.000204756 -0.001292721 0.004697907 0.999988139 0.059335601
0.999996603 -0.001252287 0.002271406 -0.000158259 0.001264620 0.999984443 -0.005436642 -0.000177345 -0.002264563 0.005439497 0.999982655 0.118658558
0.999993980 -0.002763861 0.002059105 0.000126677 0.002766803 0.999995172 -0.001427685 -0.000180490 -0.002055149 0.001433374 0.999996841 0.177816331
0.999984741 -0.005296110 0.001585729 0.000213795 0.005288997 0.999976099 0.004456281 -0.000023982 -0.001609292 -0.004447825 0.999988794 0.236967176
0.999960244 -0.008923358 0.000386270 0.000123884 0.008921572 0.999950528 0.004405162 0.000166614 -0.000425560 -0.004401541 0.999990165 0.295333505
0.999934554 -0.011415539 -0.000735964 0.000428129 0.011416601 0.999933720 0.001456177 0.000536903 0.000719292 -0.001464484 0.999998689 0.353463829
0.999925256 -0.012147648 -0.001389814 0.000002586 0.012145037 0.999924421 -0.001872846 0.000454830 0.001412460 0.001855827 0.999997258 0.411015570
0.999930322 -0.011614718 -0.002130044 -0.000262221 0.011609301 0.999929309 -0.002538258 0.000533190 0.002159375 0.002513352 0.999994516 0.468983859
0.999932468 -0.011216556 -0.003039869 -0.000773162 0.011214932 0.999936938 -0.000550500 0.000214591 0.003045853 0.000516371 0.999995172 0.525501847
0.999932587 -0.011122159 -0.003328460 -0.001475520 0.011131328 0.999934256 0.002749444 -0.000080469 0.003297662 -0.002786309 0.999990642 0.583316922
0.999926448 -0.011127304 -0.004820580 -0.001380256 0.011146029 0.999930382 0.003875028 0.000343636 0.004777125 -0.003928474 0.999980867 0.639736533
0.999910414 -0.012501795 -0.004774695 -0.002411475 0.012523317 0.999911368 0.004504641 0.001025176 0.004717955 -0.004564032 0.999978483 0.696565509
0.999905646 -0.012261509 -0.006186705 -0.002268823 0.012291186 0.999912977 0.004782141 0.000652994 0.006127531 -0.004857732 0.999969363 0.753114581
0.999905884 -0.012168521 -0.006339913 -0.003513521 0.012186165 0.999921978 0.002752103 0.001230028 0.006305929 -0.002829102 0.999976099 0.809799731
0.999883473 -0.012844855 -0.008251593 -0.003374419 0.012856007 0.999916494 0.001299824 0.000987782 0.008234208 -0.001405755 0.999965131 0.865678251
0.999849916 -0.013992347 -0.010215444 -0.003471588 0.013984124 0.999901831 -0.000876036 0.001974393 0.010226697 0.000733050 0.999947548 0.921241641
0.999840915 -0.013773658 -0.011325604 -0.004815097 0.013763774 0.999904811 -0.000950258 0.001468955 0.011337614 0.000794224 0.999935389 0.977118492
0.999835134 -0.012592241 -0.013074484 -0.005422850 0.012571923 0.999919653 -0.001635111 0.001158565 0.013094022 0.001470470 0.999913156 1.032523274
0.999831021 -0.010941392 -0.014768191 -0.006647280 0.010917488 0.999938965 -0.001698338 0.001249605 0.014785871 0.001536820 0.999889493 1.087820888
0.999800444 -0.011279301 -0.016490089 -0.007355941 0.011263898 0.999936044 -0.001026766 0.001451720 0.016500616 0.000840819 0.999863446 1.142858267
0.999782026 -0.010788031 -0.017874306 -0.008757018 0.010796745 0.999941647 0.000391120 0.001210357 0.017869048 -0.000584020 0.999840081 1.198063850
0.999765038 -0.010339047 -0.019053943 -0.010330875 0.010351646 0.999946296 0.000562750 0.001424551 0.019047102 -0.000759857 0.999818206 1.253157735
0.999714494 -0.011643435 -0.020863103 -0.011184538 0.011658109 0.999931872 0.000581833 0.001358141 0.020854905 -0.000824892 0.999782145 1.307682037
0.999685049 -0.011530722 -0.022287663 -0.012679873 0.011549759 0.999933004 0.000725606 0.000925907 0.022277802 -0.000982794 0.999751270 1.361603141
0.999660969 -0.011664638 -0.023277994 -0.014354698 0.011689432 0.999931216 0.000929399 0.001065296 0.023265554 -0.001201191 0.999728560 1.415567636
0.999656081 -0.011587339 -0.023525616 -0.016486425 0.011658647 0.999927759 0.002896180 0.001039339 0.023490360 -0.003169462 0.999719024 1.469058514
0.999602079 -0.012407216 -0.025330380 -0.017107939 0.012550093 0.999906182 0.005489401 0.001352146 0.025259892 -0.005805116 0.999664068 1.522028446
0.999574006 -0.012940847 -0.026159685 -0.018271118 0.013128784 0.999889135 0.007025234 0.001793535 0.026065871 -0.007365686 0.999633133 1.573946357
0.999571919 -0.011807807 -0.026768038 -0.020177323 0.011973741 0.999909937 0.006047183 0.001682509 0.026694227 -0.006365109 0.999623299 1.625316858
0.999588728 -0.009470878 -0.027067319 -0.022628000 0.009560992 0.999949038 0.003201796 0.001979264 0.027035616 -0.003459269 0.999628425 1.676698327
0.999552071 -0.009771949 -0.028285101 -0.023694001 0.009822874 0.999950349 0.001661995 0.002164128 0.028267456 -0.001939091 0.999598444 1.725283265
0.999533176 -0.009278173 -0.029109936 -0.025544636 0.009326554 0.999955356 0.001526649 0.001983180 0.029094471 -0.001797431 0.999575019 1.774215341
0.999500632 -0.009165288 -0.030240014 -0.027550044 0.009193069 0.999957442 0.000779783 0.002388033 0.030231584 -0.001057393 0.999542356 1.824159861
0.999447227 -0.008700797 -0.032087654 -0.029495200 0.008703383 0.999962211 -0.000059125 0.002454419 0.032086954 -0.000220179 0.999485016 1.872676373
0.999374628 -0.009087878 -0.034171030 -0.031006664 0.009095301 0.999958634 0.000061801 0.001957629 0.034169048 -0.000372558 0.999415994 1.921146035
0.999303877 -0.009096288 -0.036179896 -0.032979406 0.009136003 0.999957800 0.000932520 0.002435655 0.036169879 -0.001262410 0.999344826 1.967093587
0.999209225 -0.009554176 -0.038596079 -0.034396615 0.009686202 0.999947786 0.003235152 0.002399459 0.038563155 -0.003606443 0.999249637 2.016136169
0.999154150 -0.008540357 -0.040225592 -0.036942817 0.008720040 0.999952793 0.004293581 0.002828347 0.040187016 -0.004640717 0.999181390 2.061386347
0.999078870 -0.007103418 -0.042318881 -0.039148461 0.007321179 0.999960721 0.004992953 0.002536114 0.042281751 -0.005298178 0.999091625 2.107945681
0.999029636 -0.004327124 -0.043830998 -0.042248551 0.004538494 0.999978602 0.004724019 0.002162394 0.043809619 -0.004918362 0.999027789 2.152685881
0.998922467 -0.003379556 -0.046286348 -0.043735016 0.003549483 0.999987185 0.003589528 0.002655626 0.046273626 -0.003749953 0.998921752 2.197270870
0.998842239 -0.002738495 -0.048026331 -0.045829058 0.002961870 0.999985099 0.004580541 0.002890527 0.048013072 -0.004717486 0.998835564 2.241940260
0.998796642 -0.001311034 -0.049026441 -0.048484094 0.001627032 0.999978125 0.006406110 0.003250867 0.049016967 -0.006478170 0.998776853 2.284709930
0.998799980 0.001546919 -0.048951589 -0.051080808 -0.001184385 0.999971747 0.007434112 0.002828291 0.048961695 -0.007367214 0.998773456 2.326248884
0.998831093 0.004852843 -0.048092760 -0.053360790 -0.004613843 0.999976456 0.005079360 0.003089135 0.048116274 -0.004851530 0.998829961 2.369433880
0.998922765 0.006308868 -0.045972902 -0.056030020 -0.006215573 0.999978304 0.002172032 0.003075997 0.045985602 -0.001883944 0.998940289 2.409009695
0.999007881 0.006808384 -0.044009317 -0.057663672 -0.006817280 0.999976754 -0.000052060 0.003495807 0.044007938 0.000352033 0.999031126 2.450616837
0.999139369 0.007920765 -0.040716063 -0.059895340 -0.007890165 0.999968469 0.000912226 0.003370135 0.040722005 -0.000590184 0.999170303 2.490500689
0.999230444 0.012366778 -0.037223380 -0.062353961 -0.012252905 0.999919534 0.003285754 0.003938944 0.037261017 -0.002827130 0.999301553 2.530107021
0.999291897 0.016729815 -0.033702530 -0.063489854 -0.016504126 0.999839544 0.006963688 0.003725776 0.033813622 -0.006402527 0.999407649 2.569282770
0.999323070 0.021781266 -0.029648427 -0.064910628 -0.021553056 0.999735713 0.007995179 0.003596969 0.029814735 -0.007350752 0.999528408 2.606750488
0.999393702 0.024964735 -0.024267899 -0.066041917 -0.024781400 0.999662280 0.007826340 0.004531179 0.024455087 -0.007220204 0.999674857 2.643940687
0.999396801 0.029575791 -0.018200811 -0.067188725 -0.029391818 0.999514997 0.010293780 0.004322097 0.018496431 -0.009752615 0.999781370 2.679995060
0.999339461 0.034431640 -0.011625675 -0.068186641 -0.034297731 0.999345183 0.011527585 0.004366275 0.012014976 -0.011121234 0.999865949 2.714602709
0.999291658 0.037377089 -0.004372286 -0.068802290 -0.037326340 0.999240756 0.011165651 0.004395174 0.004786307 -0.010994543 0.999928057 2.748054981
0.999168992 0.040675208 0.002617806 -0.068707980 -0.040702201 0.999108016 0.011251834 0.004481761 -0.002157800 -0.011349035 0.999933243 2.779695272
0.998941004 0.044819757 0.010393376 -0.068798453 -0.044929821 0.998933733 0.010609338 0.004727023 -0.009906787 -0.011065076 0.999889672 2.810889244
0.998638451 0.049011141 0.017863043 -0.068643197 -0.049155358 0.998761237 0.007725741 0.005056115 -0.017462270 -0.008593287 0.999810576 2.839879036
0.998321474 0.051582117 0.026335254 -0.068255879 -0.051735222 0.998647451 0.005165409 0.004517477 -0.026033191 -0.006519200 0.999639809 2.868111372
0.998062849 0.052080642 0.034031693 -0.067283809 -0.052268159 0.998622239 0.004643412 0.005067494 -0.033742975 -0.006413191 0.999409974 2.893181801
0.997817397 0.051148489 0.041764747 -0.065624103 -0.051443521 0.998657763 0.006019737 0.004932271 -0.041400779 -0.008155124 0.999109328 2.918592453
0.997337461 0.053029083 0.050059773 -0.064829081 -0.053425696 0.998549879 0.006617409 0.005163128 -0.049636267 -0.009274268 0.998724341 2.941603184
0.996707976 0.055947356 0.058676805 -0.063538194 -0.056458894 0.998379707 0.007095373 0.004858019 -0.058184769 -0.010384845 0.998251796 2.963398695
0.995884240 0.060547594 0.067442894 -0.062321678 -0.061117750 0.998109818 0.006421004 0.004921705 -0.066926643 -0.010516534 0.997702360 2.983815670
0.994977295 0.064645678 0.076426126 -0.060745850 -0.065341488 0.997840822 0.006636524 0.004810525 -0.075832084 -0.011596987 0.997053146 3.002821922
0.994246721 0.063833170 0.086016133 -0.059600681 -0.064679906 0.997880995 0.007090472 0.004656818 -0.085381232 -0.012613196 0.996268511 3.020179033
0.993356764 0.062723137 0.096478865 -0.056763381 -0.063500360 0.997969270 0.005003660 0.004789112 -0.095969096 -0.011096862 0.995322526 3.037032366
0.992161334 0.061027274 0.109048992 -0.055970609 -0.061473254 0.998108566 0.000729467 0.004438224 -0.108798198 -0.007427346 0.994036138 3.054404020
0.990620494 0.062087998 0.121721506 -0.052645087 -0.062124979 0.998062253 -0.003494943 0.004644691 -0.121702619 -0.004099783 0.992558122 3.070168495
0.988560021 0.063268766 0.136916861 -0.049728543 -0.063073508 0.997992218 -0.005768316 0.004595442 -0.137006894 -0.002933500 0.990565717 3.086098433
0.985987306 0.065344475 0.153489783 -0.047103465 -0.065070756 0.997857392 -0.006811676 0.004047852 -0.153606012 -0.003271470 0.988126755 3.102765322
0.983127713 0.066097513 0.170560583 -0.044126809 -0.065708615 0.997807324 -0.007930405 0.003796862 -0.170710757 -0.003410698 0.985315204 3.118148565
0.979940534 0.065368339 0.188264579 -0.039917827 -0.064803608 0.997856021 -0.009159936 0.003791172 -0.188459739 -0.003224033 0.982075632 3.132844687
0.976117134 0.064292952 0.207513496 -0.035454273 -0.063665278 0.997924030 -0.009708874 0.003650907 -0.207706928 -0.003734408 0.978183985 3.147675037
0.971498489 0.064954273 0.227973014 -0.031289101 -0.064196520 0.997879446 -0.010745578 0.003166772 -0.228187531 -0.004195764 0.973608136 3.162678003
0.966187477 0.066759966 0.249047682 -0.026494563 -0.065591276 0.997761965 -0.012997793 0.003124960 -0.249358028 -0.003777051 0.968403995 3.178554773
0.959981322 0.068204664 0.271631926 -0.021670222 -0.066633411 0.997664511 -0.015014962 0.002735130 -0.272021562 -0.003685680 0.962284088 3.193047523
0.952806950 0.069050677 0.295619667 -0.015377045 -0.067276053 0.997603178 -0.016183235 0.002304643 -0.296028554 -0.004468624 0.955168605 3.207751989
0.944327295 0.071558863 0.321131229 -0.008805096 -0.069748603 0.997417092 -0.017153516 0.001863603 -0.321529269 -0.006199921 0.946879327 3.223575115
0.934304297 0.074037135 0.348703265 -0.003204942 -0.072201706 0.997222543 -0.018276667 0.001561400 -0.349087924 -0.008101006 0.937054932 3.237128258
0.923127770 0.074678086 0.377171546 0.004329085 -0.072642840 0.997164667 -0.019640222 0.000972290 -0.377568811 -0.009268381 0.925935149 3.252791882
0.910514891 0.072875664 0.407003462 0.013387680 -0.070033759 0.997304201 -0.021897709 0.000596650 -0.407502115 -0.008565792 0.913164020 3.267571926
0.895544469 0.070174299 0.439403832 0.021706223 -0.066168383 0.997508824 -0.024448497 -0.000147492 -0.440024823 -0.007179929 0.897956908 3.280890942
0.878348649 0.069462091 0.472946972 0.031478047 -0.063419782 0.997573197 -0.028732292 -0.000663824 -0.473795056 -0.004757221 0.880622327 3.293808699
0.858860433 0.071208030 0.507235825 0.042596340 -0.062734686 0.997457564 -0.033804126 -0.001219973 -0.508353293 -0.002788250 0.861144125 3.308639765
0.837040305 0.073355056 0.542201579 0.054084182 -0.062254332 0.997305155 -0.038819507 -0.001248270 -0.543588042 -0.001260906 0.839351296 3.323737860
0.812409103 0.076147236 0.578094363 0.065501213 -0.063382246 0.997093916 -0.042265836 -0.002440952 -0.579632819 -0.002303779 0.814874530 3.336921692
0.785085678 0.080297105 0.614160299 0.079253197 -0.066430926 0.996757627 -0.045399860 -0.003088668 -0.615814447 -0.005156451 0.787874341 3.351627588
0.755209744 0.084286995 0.650041640 0.093605280 -0.069824018 0.996400177 -0.048076630 -0.004370868 -0.651753783 -0.009080580 0.758376300 3.366440058
0.722158074 0.085334376 0.686444223 0.109026909 -0.069461130 0.996291459 -0.050777599 -0.005391046 -0.688231587 -0.011011748 0.725407422 3.379974365
0.685515761 0.082964711 0.723315299 0.127267361 -0.065911241 0.996478438 -0.051829908 -0.006638125 -0.725068152 -0.012144387 0.688570023 3.394692659
0.646407962 0.081146859 0.758664489 0.146761894 -0.062526450 0.996617794 -0.053323701 -0.007906206 -0.760425627 -0.012967724 0.649295449 3.408488750
0.603974581 0.081290632 0.792847157 0.169071555 -0.061103381 0.996579945 -0.055632055 -0.008969799 -0.794657886 -0.014845291 0.606876075 3.423558235
0.557640195 0.080959290 0.826125443 0.190030932 -0.057218842 0.996614158 -0.059043899 -0.009931199 -0.828108490 -0.014344692 0.560384572 3.435646296
0.509527743 0.079898097 0.856736660 0.215145111 -0.054088641 0.996684492 -0.060781248 -0.011441387 -0.858752549 -0.015369984 0.512160122 3.448287487
0.460181028 0.078294411 0.884366155 0.240017533 -0.052703556 0.996756375 -0.060820151 -0.012814604 -0.886259496 -0.018620962 0.462814778 3.459903717
0.411420226 0.075386986 0.908322692 0.270247459 -0.051522709 0.996903658 -0.059401862 -0.014826126 -0.909988344 -0.022360116 0.414030552 3.471023798
0.361474216 0.075629257 0.929309726 0.298270464 -0.055535603 0.996681571 -0.059510417 -0.016410343 -0.930726707 -0.030098293 0.364474893 3.480277777
0.312528789 0.075964384 0.946865976 0.329145432 -0.053270187 0.996630073 -0.062374134 -0.017932914 -0.948413491 -0.030946014 0.315522224 3.488447666
0.265069097 0.072537914 0.961497188 0.360276818 -0.042157516 0.997084618 -0.063600600 -0.019874230 -0.963307381 -0.023675779 0.267354339 3.494946718
0.220943689 0.066362165 0.973026156 0.393101394 -0.028992072 0.997688353 -0.061460983 -0.021912258 -0.974855602 -0.014630630 0.222356871 3.499487400
0.178651482 0.065767922 0.981711864 0.427614510 -0.019774392 0.997801960 -0.063247301 -0.023578003 -0.983713686 -0.008113529 0.179559320 3.503696918
0.140541449 0.066835552 0.987816274 0.462568998 -0.017060377 0.997734249 -0.065079339 -0.025853585 -0.989927888 -0.007706176 0.141363248 3.507002115
0.107159376 0.067979023 0.991915107 0.498917997 -0.007492285 0.997686744 -0.067565158 -0.027500652 -0.994213641 -0.000191472 0.107420817 3.510028601
0.079019994 0.066733666 0.994636893 0.535506964 -0.000161680 0.997757673 -0.066930205 -0.029599153 -0.996873021 0.005128013 0.078853592 3.510741949
0.053442601 0.064538322 0.996483147 0.573901415 0.006174795 0.997868836 -0.064959213 -0.032271869 -0.998551786 0.009624667 0.052930191 3.511682272
0.033820637 0.063744411 0.997393072 0.612553000 0.011299855 0.997875750 -0.064158425 -0.033945154 -0.999363959 0.013440275 0.033028498 3.511721849
0.017695531 0.065689668 0.997683108 0.652928352 0.013748401 0.997729123 -0.065936521 -0.035829961 -0.999748886 0.014883332 0.016752217 3.512172461
0.004242648 0.064766645 0.997891366 0.692542672 0.013757316 0.997802138 -0.064819336 -0.038864482 -0.999896348 0.014003315 0.003342306 3.512221098
-0.007345237 0.066365935 0.997768342 0.734624982 0.015256002 0.997686565 -0.066248186 -0.040596761 -0.999856591 0.014735348 -0.008340724 3.511024475
-0.015995305 0.069196418 0.997474849 0.776294410 0.019820115 0.997428358 -0.068875365 -0.043087937 -0.999675632 0.018668383 -0.017325651 3.509715557
-0.022787701 0.071172535 0.997203708 0.819818556 0.024478681 0.997203350 -0.070613116 -0.045547027 -0.999440610 0.022801122 -0.024466185 3.508226395
-0.027710060 0.070515387 0.997125804 0.863223433 0.024809303 0.997249961 -0.069834717 -0.048076428 -0.999308169 0.022802869 -0.029383294 3.507201672
-0.031014016 0.067844726 0.997213721 0.909087121 0.022854885 0.997480929 -0.067152090 -0.050508343 -0.999257624 0.020708548 -0.032486472 3.505673170
-0.033448108 0.061256826 0.997561455 0.954999685 0.020590903 0.997950256 -0.060590304 -0.052521251 -0.999228299 0.018514056 -0.034640878 3.504820585
-0.035114966 0.055601019 0.997835398 1.001891255 0.021904700 0.998254061 -0.054853506 -0.055183195 -0.999143183 0.019931100 -0.036271583 3.503266096
-0.034941465 0.053076051 0.997978985 1.048630595 0.024369115 0.998337090 -0.052241877 -0.057557058 -0.999092162 0.022494458 -0.036176775 3.500776529
-0.034956940 0.054995194 0.997874439 1.096455693 0.027812123 0.998151600 -0.054036170 -0.060564924 -0.999001682 0.025864068 -0.036421850 3.498900414
-0.034078062 0.063040718 0.997428954 1.143702149 0.028821897 0.997655571 -0.062070318 -0.062012278 -0.999003470 0.026632560 -0.035815123 3.496865511
-0.032083571 0.070567429 0.996990919 1.192125201 0.029897045 0.997125924 -0.069614872 -0.065039165 -0.999037921 0.027573587 -0.034101106 3.496045589
-0.029954912 0.071451537 0.996994138 1.243025541 0.030292919 0.997048497 -0.070545264 -0.067336291 -0.999092102 0.028088685 -0.032030970 3.494579554
-0.027594218 0.066967957 0.997373462 1.293649077 0.029746031 0.997366607 -0.066144511 -0.070533164 -0.999176502 0.027842695 -0.029513577 3.492923498
-0.025113445 0.060053114 0.997879207 1.344850063 0.029011937 0.997817278 -0.059319261 -0.074330896 -0.999263465 0.027460702 -0.026800890 3.492341518
-0.022359688 0.058860790 0.998015761 1.395830750 0.027254794 0.997930110 -0.058245119 -0.076616049 -0.999378383 0.025898371 -0.023917649 3.490747929
-0.019164035 0.064243078 0.997750342 1.445724487 0.034908455 0.997368038 -0.063547976 -0.079351969 -0.999206781 0.033612087 -0.021356223 3.489735365
-0.015231566 0.070080191 0.997425079 1.496207237 0.037105251 0.996893227 -0.069476195 -0.082017832 -0.999195337 0.035951477 -0.017784592 3.487974167
-0.013105823 0.070445351 0.997429490 1.546673179 0.031036725 0.997063339 -0.070011668 -0.085112922 -0.999432325 0.030039389 -0.015253725 3.487753868
-0.010429606 0.066535331 0.997729659 1.597847819 0.026270088 0.997457683 -0.066242598 -0.088682905 -0.999600470 0.025519561 -0.012150981 3.488915205
-0.004736679 0.062790692 0.998015463 1.648482800 0.030038737 0.997585177 -0.062621064 -0.092242539 -0.999537528 0.029682506 -0.006611397 3.486719131
-0.001795607 0.064110614 0.997941196 1.700660229 0.035036582 0.997334123 -0.064008571 -0.095426522 -0.999384344 0.034849517 -0.004037037 3.487060308
0.000787562 0.068751298 0.997633517 1.752094984 0.034257188 0.997046411 -0.068737887 -0.098302737 -0.999412715 0.034230255 -0.001569990 3.487737417
0.004494612 0.069399841 0.997578800 1.803066969 0.030805156 0.997105837 -0.069505736 -0.101433702 -0.999515295 0.031042973 0.002343731 3.488560915
0.008294854 0.069200248 0.997568309 1.854963422 0.030342357 0.997125804 -0.069421858 -0.104517080 -0.999505162 0.030844416 0.006171315 3.489086151
0.011942682 0.065922417 0.997753263 1.906305432 0.034213517 0.997213304 -0.066296250 -0.107829198 -0.999343157 0.034928408 0.009653962 3.489560127
0.015928207 0.066664375 0.997648299 1.956712961 0.038581919 0.996990860 -0.067236431 -0.111008584 -0.999128520 0.039562147 0.013308235 3.489620686
0.019150713 0.067281909 0.997550189 2.009187937 0.041897111 0.996802688 -0.068035848 -0.114800066 -0.998938382 0.043097410 0.016270567 3.490252495
0.021836445 0.067409962 0.997486353 2.060522795 0.042357728 0.996765971 -0.068288542 -0.117654681 -0.998863876 0.043742441 0.018910496 3.491545916
0.025569944 0.065536283 0.997522593 2.112398624 0.043829728 0.996815681 -0.066613354 -0.121456459 -0.998711765 0.045424446 0.022616085 3.492058277
0.029317643 0.064698368 0.997474134 2.164270878 0.045864023 0.996764958 -0.066000417 -0.124666557 -0.998517394 0.047683157 0.026255473 3.493527412
0.032254871 0.065501787 0.997331023 2.216374874 0.044212241 0.996779859 -0.066895470 -0.126910955 -0.998501301 0.046251938 0.029255027 3.495277166
0.035096850 0.066548184 0.997165799 2.268162966 0.041475117 0.996823967 -0.067985140 -0.130878463 -0.998522997 0.043743622 0.032225281 3.497847557
0.038245417 0.066644207 0.997043550 2.320629597 0.043480728 0.996717513 -0.068290271 -0.134219512 -0.998321950 0.045963965 0.035222143 3.499123096
0.040738769 0.066504799 0.996954083 2.372174025 0.041081283 0.996827185 -0.068175048 -0.137342229 -0.998325050 0.043733522 0.037877407 3.501775265
0.043201242 0.067383215 0.996791422 2.424856424 0.039396297 0.996831954 -0.069093399 -0.140093535 -0.998289287 0.042254809 0.040409729 3.504310608
0.046196252 0.066898718 0.996689737 2.477527618 0.036901131 0.996959686 -0.068627186 -0.144050434 -0.998250663 0.039949294 0.043587163 3.506365299
0.049535193 0.068967462 0.996388316 2.529727459 0.034866218 0.996885538 -0.070735246 -0.147056594 -0.998163640 0.038244180 0.046976283 3.509386301
0.052318316 0.072358817 0.996005535 2.583968639 0.033602074 0.996679068 -0.074172817 -0.151020110 -0.998064935 0.037348446 0.049713172 3.513358116
0.055453595 0.074241526 0.995697200 2.636909246 0.033841103 0.996519089 -0.076187521 -0.154981762 -0.997887552 0.037920367 0.052748147 3.516800165
0.059131157 0.076636225 0.995304167 2.690887451 0.028222276 0.996521890 -0.078406677 -0.158320427 -0.997851253 0.032726023 0.056762643 3.519603729
0.061051436 0.075662494 0.995262742 2.744143248 0.023840157 0.996727765 -0.077236265 -0.162058339 -0.997849882 0.028442603 0.059047863 3.524247408
0.064875901 0.076360442 0.994967580 2.798171997 0.025514323 0.996615052 -0.078150533 -0.166289687 -0.997567058 0.030456005 0.062708013 3.527798414
0.068832435 0.078060962 0.994569540 2.853009939 0.026015839 0.996454537 -0.080009416 -0.169296727 -0.997288883 0.031381804 0.066557564 3.531569242
0.072793968 0.078842454 0.994225800 2.905088902 0.021429699 0.996516705 -0.080593146 -0.173496082 -0.997116745 0.027172655 0.070850834 3.535996437
0.076433286 0.076688603 0.994121134 2.962719917 0.019757073 0.996725500 -0.078408524 -0.177796692 -0.996879041 0.025633946 0.074667841 3.541070938
0.081233762 0.076885305 0.993725181 3.018161297 0.019512380 0.996706486 -0.078711055 -0.181935802 -0.996504068 0.025783937 0.079466000 3.545999050
0.086210564 0.080850281 0.992990971 3.072875500 0.015728626 0.996466994 -0.082498848 -0.185914710 -0.996152818 0.022730654 0.084634319 3.550985575
0.092166536 0.088716678 0.991783500 3.127920628 0.014350322 0.995801270 -0.090409636 -0.190721542 -0.995640218 0.022565162 0.090506449 3.557136059
0.100017957 0.093378223 0.990594268 3.181178570 0.013463843 0.995368302 -0.095187664 -0.194906756 -0.994894564 0.022857681 0.098297469 3.561782360
0.107042827 0.096823357 0.989528656 3.238452435 0.009018953 0.995111465 -0.098345265 -0.199549705 -0.994213521 0.019451668 0.105646327 3.569412231
0.113831446 0.094504394 0.988995135 3.294268608 0.005130892 0.995396376 -0.095706627 -0.204806879 -0.993486822 0.015968850 0.112822518 3.576445341
0.121475101 0.092551410 0.988270342 3.350106478 0.004848533 0.995576322 -0.093831584 -0.210295111 -0.992582619 0.016189864 0.120488979 3.583268881
0.128782183 0.089715563 0.987606406 3.407507420 0.004440551 0.995837152 -0.091042295 -0.214621887 -0.991662920 0.016110141 0.127847701 3.591374636
0.136420235 0.083652690 0.987112820 3.462804556 0.002655537 0.996394038 -0.084806204 -0.219605863 -0.990647495 0.014190598 0.135706142 3.599205732
0.143666655 0.076242246 0.986684859 3.519068718 -0.000398806 0.997032344 -0.076983720 -0.224263087 -0.989626169 0.010666497 0.143270671 3.608022928
0.151180208 0.073453441 0.985773385 3.574652910 0.000519279 0.997229278 -0.074386716 -0.228432924 -0.988506138 0.011757689 0.150723189 3.616611481
0.157945141 0.075585835 0.984550655 3.630226612 0.000017008 0.997065783 -0.076549366 -0.232429862 -0.987447917 0.012107346 0.157480404 3.626661062
0.163398772 0.082659684 0.983091176 3.685141087 0.000776367 0.996472657 -0.083913878 -0.235933214 -0.986559808 0.014474663 0.162758261 3.636708736
0.168270335 0.086112373 0.981972277 3.739441872 -0.000282987 0.996181190 -0.087309897 -0.240009621 -0.985740900 0.014413782 0.167652130 3.646835089
0.173569366 0.088509001 0.980836272 3.792296886 -0.003143012 0.995997906 -0.089320973 -0.246240959 -0.984816611 0.012420600 0.173152879 3.655941486
0.178795785 0.088296294 0.979916215 3.845271587 -0.005548172 0.996039689 -0.088736780 -0.250361085 -0.983870506 0.010429016 0.178577557 3.665984631
0.183757842 0.085639082 0.979233861 3.898557425 -0.000021996 0.996197939 -0.087118544 -0.254179716 -0.982971609 0.015987178 0.183061078 3.676669836
0.188987777 0.078696050 0.978820980 3.950634241 -0.000773539 0.996795237 -0.079991817 -0.259126812 -0.981979072 0.014360316 0.188442975 3.685906887
0.191664949 0.072819613 0.978755176 4.001583099 -0.003896137 0.997292221 -0.073435813 -0.263462961 -0.981452703 0.010261705 0.191429719 3.696458817
0.195110098 0.069064707 0.978346586 4.053659916 -0.006102405 0.997583747 -0.069205724 -0.267617851 -0.980762243 0.007532468 0.195060134 3.708018064
0.198479742 0.069096722 0.977666318 4.103632450 -0.007686629 0.997590899 -0.068944402 -0.270944417 -0.980074823 0.006169110 0.198532715 3.718786240
0.200207278 0.072128028 0.977095008 4.154301167 -0.010613161 0.997387588 -0.071451373 -0.273909181 -0.979696095 0.003935019 0.200449824 3.730267048
0.201879799 0.075717613 0.976479113 4.200652122 -0.014478383 0.997128904 -0.074325539 -0.278314829 -0.979303300 0.000866986 0.202396482 3.739715576
0.204240099 0.080286242 0.975622952 4.249857903 -0.014629851 0.996770144 -0.078963831 -0.281107545 -0.978811502 0.001854362 0.204755023 3.750602484
0.206034333 0.085018791 0.974844337 4.297076225 -0.015134974 0.996376216 -0.083697848 -0.285302699 -0.978427768 0.002490383 0.206574440 3.761429787
0.207435071 0.086998522 0.974372566 4.344355583 -0.014447338 0.996201456 -0.085871838 -0.289441228 -0.978142083 0.003735741 0.207904011 3.772292376
0.208790049 0.086590081 0.974119663 4.389933586 -0.017534744 0.996243894 -0.084798388 -0.293913841 -0.977803349 0.000624121 0.209524125 3.782341957
0.209591120 0.084553830 0.974126399 4.436397552 -0.016927157 0.996418476 -0.082846761 -0.296622097 -0.977642596 0.000874762 0.210271731 3.792609215
0.210301295 0.082067691 0.974185944 4.481523514 -0.017767174 0.996626616 -0.080122679 -0.300659329 -0.977475166 -0.000458628 0.211049989 3.802162647
0.209895492 0.081315532 0.974336505 4.526688576 -0.016879261 0.996688426 -0.079544768 -0.304073751 -0.977578044 0.000250009 0.210572973 3.812853575
0.208479434 0.079864599 0.974760413 4.570014000 -0.016673850 0.996805727 -0.078104652 -0.308265507 -0.977884531 0.000030204 0.209145144 3.822134256
0.206507802 0.080694996 0.975111723 4.613027573 -0.018066734 0.996737897 -0.078658506 -0.311877400 -0.978278100 -0.001373488 0.207292095 3.831851959
0.203807265 0.083409987 0.975451350 4.655759335 -0.018143384 0.996514738 -0.081420265 -0.315261781 -0.978842854 -0.001103946 0.204610273 3.841622591
0.202347249 0.087576531 0.975390136 4.697290897 -0.016632508 0.996157169 -0.085990660 -0.318775028 -0.979172587 0.001176787 0.203026265 3.849865913
0.200523287 0.088117428 0.975718021 4.739371300 -0.013912773 0.996102452 -0.087099090 -0.321995258 -0.979590118 0.003890455 0.200967729 3.858619213
0.197853357 0.087124623 0.976352096 4.780074120 -0.015607140 0.996195972 -0.085732669 -0.325626761 -0.980107367 0.001724434 0.198460490 3.867473602
0.196408138 0.084414937 0.976881802 4.820402622 -0.015576624 0.996430218 -0.082972378 -0.328826845 -0.980398417 0.001079930 0.197021872 3.874724865
0.193982467 0.080069304 0.977731943 4.859857559 -0.015018574 0.996789157 -0.078650244 -0.332454383 -0.980890036 0.000572630 0.194562167 3.882601976
0.192105323 0.079104543 0.978181005 4.899073124 -0.011078879 0.996857345 -0.078439116 -0.335701376 -0.981311798 0.004231419 0.192377985 3.890338182
0.190573201 0.080245674 0.978387654 4.937139034 -0.007243921 0.996741176 -0.080340013 -0.338971853 -0.981646180 0.008223291 0.190533459 3.896864414
0.187945515 0.083464891 0.978626549 4.974921227 -0.003800264 0.996437013 -0.084254071 -0.341044754 -0.982172072 0.012116135 0.187593043 3.903852224
0.186148837 0.084585421 0.978873849 5.011955738 -0.003091486 0.996332824 -0.085506186 -0.344395816 -0.982516646 0.012890700 0.185727715 3.911216736
0.184802294 0.086507507 0.978961051 5.049702168 -0.003577414 0.996170938 -0.087352969 -0.348322183 -0.982769191 0.012640877 0.184404150 3.918469667
0.183889702 0.084916338 0.979272008 5.086990356 -0.001935753 0.996290743 -0.086028591 -0.351221561 -0.982944965 0.013924145 0.183372036 3.925292015
0.185014531 0.083753332 0.979160368 5.125788689 0.004442228 0.996280313 -0.086057074 -0.353545934 -0.982725799 0.020271461 0.183954298 3.931237221
0.187099755 0.081498019 0.978954375 5.163599491 0.009412587 0.996358097 -0.084745839 -0.356870592 -0.982295811 0.025070414 0.185651243 3.938677788
0.188950256 0.080579907 0.978675008 5.201162338 0.012240971 0.996356905 -0.084399097 -0.359994054 -0.981910348 0.027927160 0.187275529 3.945828915
0.192405492 0.080529109 0.978005707 5.239347458 0.009551971 0.996426225 -0.083925068 -0.363262296 -0.981269002 0.025489522 0.190948665 3.954138279
0.197542772 0.081046797 0.976938188 5.278233528 0.008011275 0.996409714 -0.084282085 -0.366728425 -0.980261505 0.024475841 0.196184248 3.962128401
0.204422787 0.079746649 0.975628912 5.317156315 0.009357298 0.996471286 -0.083410911 -0.369619817 -0.978837907 0.026180336 0.202955216 3.970650196
0.211654514 0.080393404 0.974032581 5.356005669 0.007203132 0.996455789 -0.083809361 -0.372319251 -0.977317989 0.024754714 0.210325301 3.979575157
0.219933763 0.078240573 0.972372174 5.395569801 0.007696473 0.996608257 -0.081931517 -0.375425726 -0.975484431 0.025503336 0.218585640 3.989409447
0.229175240 0.077849694 0.970267057 5.435748577 0.004281042 0.996706247 -0.080982246 -0.378586769 -0.973375857 0.022712877 0.228087112 3.999134064
0.238368258 0.077847026 0.968049824 5.475756168 0.002850192 0.996721864 -0.080854550 -0.381522417 -0.971170664 0.022032287 0.237365007 4.010192871
0.248129964 0.081658848 0.965278983 5.516686916 -0.002546289 0.996492445 -0.083644845 -0.384592175 -0.968723476 0.018296914 0.247467533 4.021327496
0.257209688 0.083947673 0.962702453 5.557687283 -0.005967470 0.996338665 -0.085286394 -0.387821436 -0.966337204 0.016191592 0.256768942 4.033817768
0.268234283 0.086607136 0.959452689 5.598690033 -0.010016182 0.996147513 -0.087119222 -0.390900254 -0.963301778 0.013758313 0.268068343 4.045804977
0.278308183 0.088277325 0.956426501 5.640897751 -0.011268429 0.995998979 -0.088650852 -0.394331992 -0.960425735 0.013894840 0.278189421 4.059193611
0.288096666 0.088711046 0.953483462 5.683652401 -0.014403600 0.995988548 -0.088313594 -0.398156494 -0.957493007 0.011709260 0.288218796 4.072842598
0.298465073 0.089641385 0.950201571 5.726380825 -0.015620755 0.995904982 -0.089046434 -0.401312768 -0.954292715 0.011734381 0.298643112 4.086527348
0.308248550 0.091328219 0.946911752 5.770602226 -0.021037932 0.995792150 -0.089194149 -0.404629827 -0.951073289 0.007572899 0.308872819 4.102192879
0.319132805 0.086430594 0.943760633 5.815899372 -0.019901752 0.996224225 -0.084505484 -0.407577753 -0.947501004 0.008185981 0.319647938 4.117606640
0.329468220 0.079310194 0.940829694 5.860574245 -0.016363639 0.996795714 -0.078297660 -0.411000937 -0.944024861 0.010401196 0.329710275 4.134124756
0.340521842 0.074579075 0.937274158 5.907273293 -0.014300349 0.997144759 -0.074147500 -0.414683819 -0.940127850 0.011845500 0.340616107 4.151331425
0.350709230 0.071292207 0.933766901 5.954656601 -0.014817276 0.997395754 -0.070585050 -0.417713642 -0.936367214 0.010918949 0.350852191 4.169667721
0.360218883 0.069577716 0.930269539 6.002342701 -0.009743810 0.997440994 -0.070828661 -0.420734733 -0.932816982 0.016449459 0.359975010 4.188158989
0.368941545 0.063637003 0.927271485 6.051113605 -0.002433571 0.997716188 -0.067503221 -0.423708200 -0.929449439 0.022648165 0.368253797 4.207312584
0.375943035 0.054338921 0.925048172 6.101819992 0.007053520 0.998082519 -0.061495658 -0.426426023 -0.926616013 0.029643711 0.374838859 4.227317333
0.382537901 0.050457750 0.922560871 6.150493145 0.011354210 0.998175442 -0.059301361 -0.429640293 -0.923869908 0.033159975 0.381267130 4.247730255
0.389866918 0.050248902 0.919499218 6.199983597 0.013847188 0.998077333 -0.060414247 -0.432899207 -0.920767009 0.036285996 0.388421565 4.268837929
0.397824734 0.055971611 0.915752530 6.250789165 0.016997339 0.997516334 -0.068353146 -0.435753524 -0.917303979 0.042757928 0.395885319 4.290251732
0.405056655 0.060884573 0.912262082 6.297088623 0.019773347 0.996963441 -0.075317211 -0.438646764 -0.914077818 0.048546210 0.402622849 4.309355259
0.409881890 0.062912501 0.909966409 6.347021103 0.017972482 0.996867836 -0.077016078 -0.442276359 -0.911961496 0.047921851 0.407467455 4.333573818
0.414183348 0.063858464 0.907950580 6.395246029 0.011562062 0.997086167 -0.075401895 -0.446479082 -0.910120010 0.041727997 0.412238151 4.356552124
0.418691069 0.067598723 0.905609369 6.444714546 0.005072601 0.997035980 -0.076768443 -0.450231969 -0.908114612 0.036736052 0.417107224 4.380148411
0.422894806 0.070836037 0.903405905 6.490706921 0.004490546 0.996764004 -0.080258302 -0.453051984 -0.906167626 0.037997603 0.421208262 4.401171684
0.426734328 0.075405888 0.901227891 6.540337563 0.001054302 0.996475697 -0.083874501 -0.457655311 -0.904376447 0.036742296 0.425150871 4.426571369
0.430625439 0.078087941 0.899146318 6.586437225 -0.001347892 0.996304452 -0.085880280 -0.461315781 -0.902529836 0.035770282 0.429139316 4.448706627
0.434696138 0.076814316 0.897295296 6.631916046 -0.001561309 0.996418536 -0.084543534 -0.463873148 -0.900575936 0.035349790 0.433259189 4.470664978
0.438328058 0.073016465 0.895844340 6.676532745 -0.000859977 0.996728599 -0.080818318 -0.469616294 -0.898814619 0.034654535 0.436956972 4.493570328
0.441858858 0.069924869 0.894355297 6.721931934 -0.000594786 0.996980071 -0.077654719 -0.473301113 -0.897084415 0.033780470 0.440566123 4.516280174
0.445469767 0.069352992 0.892606795 6.765357494 -0.001305603 0.997044444 -0.076815918 -0.476611376 -0.895296037 0.033053782 0.444243699 4.538196564
0.448607594 0.071268193 0.890882671 6.807582378 -0.004350084 0.996977746 -0.077565007 -0.480747640 -0.893718243 0.030920841 0.447561800 4.560459137
0.451269448 0.071828827 0.889492273 6.850023746 -0.003554418 0.996892154 -0.078698382 -0.484536171 -0.892380714 0.032352544 0.450122297 4.581915855
0.453932166 0.070159532 0.888269663 6.891777515 -0.001529876 0.996955097 -0.077962168 -0.487818927 -0.891034901 0.034030594 0.452657282 4.602592945
0.455564618 0.068802215 0.887539923 6.933528900 0.001156722 0.996962130 -0.077878386 -0.490963936 -0.890201986 0.036505271 0.454101115 4.624477386
0.457504034 0.068148464 0.886592269 6.973519802 0.000475547 0.997039914 -0.076883487 -0.494644880 -0.889207423 0.035596121 0.456117392 4.645332336
0.459634006 0.067581616 0.885533333 7.013185024 0.002120927 0.997014046 -0.077190399 -0.497819602 -0.888105869 0.037357487 0.458118290 4.665624619
0.461745083 0.069851682 0.884257972 7.052791119 0.000153466 0.996888161 -0.078828990 -0.501885295 -0.887012661 0.036534607 0.460297376 4.687427044
0.465156198 0.069303513 0.882511556 7.090993881 0.003754614 0.996767282 -0.080254965 -0.505109310 -0.885220587 0.040644594 0.463392228 4.706079483
0.467935771 0.068652406 0.881091893 7.128970146 0.005165134 0.996748805 -0.080407210 -0.508886456 -0.883747280 0.042176366 0.466059744 4.726963520
0.470622748 0.067205451 0.879771352 7.166477680 0.007569812 0.996750712 -0.080190852 -0.512535632 -0.882302046 0.044399340 0.468584865 4.747818470
0.473745048 0.066215008 0.878169239 7.202735901 0.008819834 0.996762693 -0.079915121 -0.515911460 -0.880617857 0.045604698 0.471627325 4.767860413
0.477149993 0.065827385 0.876353085 7.238590717 0.010052904 0.996716559 -0.080342039 -0.518949926 -0.878764391 0.047145087 0.474921584 4.786936283
0.480799913 0.064747669 0.874436438 7.274704456 0.011050372 0.996743321 -0.079879805 -0.522304773 -0.876760721 0.048069052 0.478518575 4.807225227
0.483836889 0.064459287 0.872781098 7.309213161 0.012415408 0.996677816 -0.080492333 -0.525363326 -0.875070155 0.049781088 0.481429249 4.827037811
0.487934530 0.065629169 0.870409489 7.344115734 0.011789536 0.996582866 -0.081751682 -0.528691769 -0.872800648 0.050151188 0.485493481 4.846344471
0.492298484 0.065762036 0.867938757 7.378397942 0.014131335 0.996406615 -0.083511159 -0.531753540 -0.870311677 0.053377546 0.489600241 4.866162300
0.496813715 0.068905279 0.865117431 7.411440372 0.011352646 0.996241748 -0.085868649 -0.535814881 -0.867783010 0.052482095 0.494164318 4.886357784
0.502432346 0.075349130 0.861327052 7.445708275 0.008036915 0.995745361 -0.091796204 -0.538090110 -0.864579201 0.053043790 0.499689072 4.905850410
0.508189023 0.082342103 0.857300282 7.479326725 0.003354290 0.995222270 -0.097577602 -0.541279793 -0.861239076 0.052463502 0.505484760 4.926992893
0.514088452 0.088703729 0.853138149 7.512142181 -0.002445118 0.994785666 -0.101957917 -0.544953704 -0.857733667 0.050329361 0.511624634 4.947903633
0.520012259 0.093070142 0.849073231 7.545115471 -0.005435206 0.994386494 -0.105669707 -0.548558712 -0.854141533 0.050334662 0.517598987 4.970227242
0.525858760 0.093386568 0.845429778 7.579449177 -0.009629776 0.994544387 -0.103868097 -0.551868677 -0.850517392 0.046478651 0.523889184 4.991703510
0.531808197 0.092537820 0.841793835 7.613447189 -0.016450372 0.994953215 -0.098981902 -0.555979550 -0.846705079 0.038791560 0.530646503 5.013534069
0.537532508 0.090158962 0.838409364 7.647536278 -0.022535533 0.995448470 -0.092598006 -0.559197545 -0.842941880 0.030880425 0.537117720 5.036724567
0.543469310 0.088948086 0.834703088 7.683139324 -0.029034849 0.995766997 -0.087207042 -0.561987698 -0.838926733 0.023158882 0.543751419 5.060491085
0.548855543 0.086418487 0.831438184 7.716485500 -0.031652570 0.996076941 -0.082636066 -0.566542804 -0.835317731 0.019038107 0.549437761 5.085701466
0.555004001 0.090592660 0.826899946 7.752647400 -0.037303340 0.995762527 -0.084055237 -0.569464207 -0.831010938 0.015804861 0.556031704 5.111124992
0.562038541 0.094380759 0.821708620 7.786617279 -0.041012175 0.995426238 -0.086282000 -0.572472751 -0.826093674 0.014793754 0.563338697 5.134041786
0.567379594 0.097882293 0.817618251 7.823867798 -0.043960102 0.995094597 -0.088623382 -0.575591564 -0.822282195 0.014340514 0.568899214 5.161685944
0.573786795 0.100003652 0.812876344 7.862753868 -0.045990098 0.994885504 -0.089932069 -0.579046011 -0.817712307 0.014217583 0.575451374 5.190465450
0.580380678 0.100929543 0.808066547 7.900259018 -0.048086450 0.994805813 -0.089716449 -0.581828475 -0.812924266 0.013212647 0.582219422 5.218490601
0.587179661 0.102709316 0.802914083 7.937665939 -0.054866701 0.994686067 -0.087116323 -0.586437643 -0.807595015 0.007099690 0.589694738 5.246168137
0.593876183 0.101091132 0.798180282 7.977169991 -0.055853136 0.994861603 -0.084444396 -0.590314507 -0.802615345 0.005568649 0.596470892 5.277206421
0.600839496 0.099583223 0.793142557 8.019320488 -0.056173876 0.995016992 -0.082375482 -0.593443453 -0.797393501 0.004940563 0.603439510 5.309904575
