0.999998569 0.000797791 0.001510463 -0.000298542 -0.000790692 0.999988675 -0.004694913 -0.000026554 -0.001514192 0.004693712 0.999987781 0.049127843
0.999996543 -0.001504203 0.002149861 -0.000080403 0.001516302 0.999982953 -0.005637464 0.000045927 -0.002141344 0.005640704 0.999981821 0.100287348
0.999992967 -0.002717552 0.002589112 -0.000469435 0.002721279 0.999995291 -0.001437255 0.000050364 -0.002585194 0.001444291 0.999995530 0.147437066
0.999984145 -0.005292505 0.001910296 -0.000377903 0.005283539 0.999975145 0.004669418 -0.000096618 -0.001934961 -0.004659252 0.999987185 0.196639389
0.999958932 -0.009051368 0.000459948 -0.000178807 0.009049160 0.999948502 0.004591033 0.000069781 -0.000501479 -0.004586683 0.999989331 0.245289326
0.999931455 -0.011695751 -0.000622963 -0.000163874 0.011696821 0.999930024 0.001741224 0.000296452 0.000602555 -0.001748391 0.999998271 0.293272018
0.999925375 -0.012139364 -0.001390882 -0.000176851 0.012136715 0.999924481 -0.001897570 0.000486780 0.001413812 0.001880548 0.999997258 0.341214836
0.999929667 -0.011710055 -0.001890136 -0.000673425 0.011705931 0.999929011 -0.002177538 0.000289181 0.001915501 0.002155259 0.999995828 0.389363199
0.999930263 -0.011384674 -0.003148229 -0.000804151 0.011382612 0.999934971 -0.000671640 0.000480284 0.003155670 0.000635758 0.999994814 0.436430067
0.999935567 -0.010886284 -0.003219935 -0.001766317 0.010893581 0.999938071 0.002257661 0.000541152 0.003195159 -0.002292592 0.999992251 0.484373301
0.999926448 -0.011225904 -0.004586196 -0.001643575 0.011243547 0.999929428 0.003839327 0.000518809 0.004542772 -0.003890611 0.999982059 0.531135201
0.999907553 -0.012439122 -0.005473419 -0.001799895 0.012464286 0.999911785 0.004587382 0.000514816 0.005415873 -0.004655181 0.999974549 0.578589201
0.999900341 -0.012625975 -0.006315050 -0.002076061 0.012656014 0.999908686 0.004739722 0.000653941 0.006254630 -0.004819173 0.999968827 0.625676692
0.999889731 -0.013192354 -0.006820252 -0.002797904 0.013212295 0.999908507 0.002887054 0.001330344 0.006781542 -0.002976847 0.999972582 0.672233641
0.999877810 -0.013313493 -0.008187886 -0.003428291 0.013326535 0.999909997 0.001540436 0.000774482 0.008166640 -0.001649364 0.999965310 0.719400823
0.999842465 -0.014659324 -0.010005134 -0.003811839 0.014658817 0.999892533 -0.000123927 0.001179647 0.010005875 -0.000022756 0.999949932 0.766120732
0.999832094 -0.014218140 -0.011559277 -0.004446326 0.014210737 0.999898672 -0.000722484 0.001174158 0.011568379 0.000558096 0.999932945 0.812166214
0.999836326 -0.012748472 -0.012839078 -0.005561531 0.012721411 0.999916553 -0.002187341 0.001412220 0.012865894 0.002023652 0.999915183 0.858755648
0.999819636 -0.011476297 -0.015134871 -0.005689382 0.011455543 0.999933302 -0.001457348 0.000873299 0.015150585 0.001283707 0.999884427 0.904763937
0.999796152 -0.012181076 -0.016099753 -0.007270386 0.012170064 0.999925554 -0.000781807 0.001165696 0.016108077 0.000585712 0.999870062 0.950427055
0.999775290 -0.011864491 -0.017567093 -0.008647473 0.011873851 0.999929428 0.000428585 0.001186991 0.017560769 -0.000637078 0.999845564 0.996167600
0.999755323 -0.011625066 -0.018816233 -0.009780246 0.011643280 0.999931812 0.000858775 0.001223127 0.018804966 -0.001077648 0.999822617 1.041899085
0.999711931 -0.012372271 -0.020567778 -0.010274619 0.012396700 0.999922514 0.001060601 0.001024900 0.020553062 -0.001315268 0.999787927 1.086893082
0.999658883 -0.012612876 -0.022868659 -0.011175094 0.012621300 0.999920189 0.000224037 0.001331393 0.022864014 -0.000512593 0.999738455 1.131815314
0.999633193 -0.012380104 -0.024085952 -0.012411607 0.012399206 0.999922931 0.000643940 0.001280792 0.024076127 -0.000942351 0.999709666 1.176517606
0.999638200 -0.011819242 -0.024159130 -0.014051856 0.011890589 0.999925315 0.002811694 0.001341680 0.024124097 -0.003097943 0.999704182 1.221095920
0.999614477 -0.012243930 -0.024919549 -0.015391532 0.012401817 0.999903917 0.006191191 0.001131778 0.024841353 -0.006497852 0.999670327 1.265241981
0.999572158 -0.012495819 -0.026443373 -0.016231688 0.012706742 0.999888718 0.007823406 0.001310065 0.026342671 -0.008156069 0.999619722 1.309291720
0.999565899 -0.012503752 -0.026677089 -0.017528461 0.012673893 0.999900341 0.006218240 0.001399288 0.026596680 -0.006553642 0.999624908 1.352398157
0.999563754 -0.011087623 -0.027376153 -0.019382661 0.011187455 0.999931276 0.003496213 0.001844569 0.027335508 -0.003800957 0.999619186 1.394796371
0.999527395 -0.011836499 -0.028369414 -0.020596165 0.011900780 0.999926984 0.002098116 0.001660289 0.028342510 -0.002434742 0.999595344 1.436234951
0.999526560 -0.009348311 -0.029314145 -0.021726862 0.009393636 0.999954879 0.001408825 0.001978443 0.029299652 -0.001683524 0.999569237 1.478862286
0.999482989 -0.010135972 -0.030514114 -0.023542818 0.010174227 0.999947667 0.001098660 0.001909347 0.030501381 -0.001408549 0.999533713 1.518900037
0.999408305 -0.009573971 -0.033036713 -0.024312535 0.009582592 0.999954104 0.000102618 0.001899339 0.033034209 -0.000419135 0.999454141 1.559109449
0.999366820 -0.009592988 -0.034266312 -0.026532341 0.009603931 0.999953866 0.000154740 0.001708683 0.034263246 -0.000483733 0.999412715 1.599411130
0.999282300 -0.009575161 -0.036652975 -0.027785257 0.009625067 0.999952972 0.001185312 0.002073286 0.036639910 -0.001537248 0.999327362 1.639058471
0.999226213 -0.009451753 -0.038180441 -0.030143064 0.009586146 0.999948502 0.003338311 0.002132176 0.038146924 -0.003701731 0.999265254 1.676950455
0.999141693 -0.008447551 -0.040553294 -0.031513683 0.008648407 0.999951184 0.004779964 0.001930869 0.040510938 -0.005126582 0.999165893 1.716998219
0.999090135 -0.007455320 -0.041990656 -0.034084685 0.007671518 0.999958098 0.004989917 0.002549433 0.041951701 -0.005307510 0.999105513 1.755335212
0.999005616 -0.005132635 -0.044286102 -0.035601031 0.005333659 0.999975920 0.004422205 0.002416648 0.044262342 -0.004654015 0.999009013 1.791607499
0.998940408 -0.003355028 -0.045900173 -0.037949823 0.003530196 0.999986768 0.003735718 0.002624448 0.045887034 -0.003893796 0.998938978 1.828968525
0.998871863 -0.002899483 -0.047399692 -0.040194683 0.003126052 0.999983966 0.004706523 0.002813417 0.047385294 -0.004849388 0.998864830 1.865404248
0.998822510 -0.001523194 -0.048489701 -0.042051096 0.001836328 0.999977708 0.006413850 0.003225102 0.048478849 -0.006495340 0.998803020 1.902228236
0.998824835 0.001160263 -0.048450992 -0.044354640 -0.000839003 0.999977589 0.006650439 0.003529091 0.048457611 -0.006601973 0.998803377 1.937932611
0.998863876 0.004707286 -0.047422055 -0.046179842 -0.004494445 0.999979377 0.004593836 0.003659591 0.047442693 -0.004375481 0.998864353 1.972020626
0.998950899 0.006176809 -0.045373749 -0.048279352 -0.006071261 0.999978542 0.002463646 0.002750706 0.045387998 -0.002185585 0.998967052 2.005269527
0.999012649 0.006615700 -0.043929648 -0.049105041 -0.006612467 0.999978065 0.000218918 0.003188305 0.043930143 0.000071781 0.999034584 2.038846016
0.999145269 0.007676054 -0.040618241 -0.050825302 -0.007619224 0.999969780 0.001553776 0.002801536 0.040628944 -0.001242969 0.999173522 2.072031260
0.999232113 0.012212326 -0.037227429 -0.052665424 -0.012084831 0.999920368 0.003647862 0.003619893 0.037269011 -0.003195173 0.999300182 2.104691982
0.999325812 0.016336855 -0.032879639 -0.054833144 -0.016115904 0.999845743 0.006973879 0.003711732 0.032988500 -0.006439292 0.999435008 2.137768984
0.999363542 0.021428837 -0.028520366 -0.056273516 -0.021195980 0.999739647 0.008442023 0.003227818 0.028693845 -0.007832132 0.999557555 2.168637991
0.999422491 0.024707461 -0.023329061 -0.056988183 -0.024525890 0.999666929 0.008037427 0.004015109 0.023519868 -0.007460619 0.999695599 2.198501587
0.999418736 0.029473692 -0.017131643 -0.058578439 -0.029297549 0.999516308 0.010443374 0.003943326 0.017431164 -0.009935386 0.999798715 2.228022575
0.999355018 0.034344267 -0.010489786 -0.059333615 -0.034223620 0.999348402 0.011472188 0.004322296 0.010876955 -0.011105790 0.999879122 2.256406546
0.999284863 0.037687320 -0.003075218 -0.060178328 -0.037650522 0.999227583 0.011254966 0.004255909 0.003497015 -0.011131132 0.999931872 2.283536434
0.999164224 0.040712900 0.003651244 -0.059437972 -0.040751737 0.999105573 0.011280309 0.004512474 -0.003188724 -0.011419675 0.999929667 2.309836864
0.998927712 0.044899352 0.011305322 -0.059541386 -0.045022551 0.998926640 0.010888730 0.004585838 -0.010804289 -0.011386047 0.999876797 2.335094213
0.998612463 0.049134012 0.018948792 -0.059448857 -0.049291361 0.998753011 0.007928627 0.004958299 -0.018535597 -0.008851636 0.999789000 2.359459639
0.998317719 0.051394820 0.026836772 -0.058521770 -0.051551569 0.998656929 0.005181429 0.004531169 -0.026534429 -0.006556189 0.999626398 2.382152319
0.998023033 0.052110840 0.035133772 -0.058592431 -0.052308667 0.998619676 0.004734729 0.004881820 -0.034838546 -0.006563169 0.999371350 2.404582977
0.997782350 0.050969396 0.042806543 -0.056931660 -0.051268727 0.998667300 0.005923453 0.005119262 -0.042447586 -0.008104954 0.999065757 2.424705982
0.997311354 0.052702002 0.050918430 -0.056113862 -0.053119835 0.998564422 0.006886878 0.004918834 -0.050482377 -0.009573141 0.998678982 2.444338322
0.996634364 0.056019384 0.059846710 -0.055403203 -0.056545235 0.998374581 0.007128138 0.004817040 -0.059350111 -0.010488193 0.998182237 2.463124037
0.995736480 0.061303630 0.068924755 -0.054540202 -0.061915245 0.998058379 0.006770529 0.004593267 -0.068375885 -0.011009155 0.997598946 2.479832411
0.994826734 0.065052107 0.078025252 -0.053621322 -0.065792941 0.997809052 0.006959317 0.004460156 -0.077401593 -0.012056826 0.996927083 2.495952129
0.994153142 0.063838057 0.087088548 -0.051682174 -0.064719819 0.997876525 0.007336314 0.004409557 -0.086435288 -0.012929774 0.996173561 2.510447264
0.993235826 0.062621333 0.097781330 -0.050138950 -0.063440718 0.997971594 0.005290125 0.004671820 -0.097251706 -0.011457659 0.995193839 2.524164438
0.992105305 0.061401125 0.109348118 -0.047725320 -0.061846025 0.998085499 0.000678524 0.004967837 -0.109097101 -0.007435914 0.994003236 2.537617207
0.990483880 0.062463213 0.122637868 -0.045701981 -0.062549226 0.998036921 -0.003152329 0.004462190 -0.122594029 -0.004548573 0.992446482 2.551922083
0.988334835 0.064076945 0.138160676 -0.043834567 -0.063947663 0.997938693 -0.005379030 0.004409458 -0.138220564 -0.003518769 0.990395248 2.563922405
0.985801458 0.066188179 0.154320449 -0.041112661 -0.065966755 0.997800171 -0.006560769 0.004103823 -0.154415250 -0.003712404 0.987999141 2.576926947
0.982923806 0.066570550 0.171549022 -0.038856626 -0.066206828 0.997775018 -0.007847163 0.004078768 -0.171689749 -0.003644554 0.985144377 2.591013432
0.979717910 0.065488398 0.189378530 -0.035187393 -0.064857587 0.997849047 -0.009533314 0.004512193 -0.189595520 -0.002942676 0.981857896 2.603719473
0.975814879 0.064805329 0.208771467 -0.031444490 -0.064281374 0.997888505 -0.009300893 0.003732264 -0.208933383 -0.004344166 0.977920234 2.616014481
0.971297085 0.064708129 0.228899255 -0.028399050 -0.063966013 0.997895002 -0.010668077 0.003703743 -0.229107752 -0.004279901 0.973391652 2.627770185
0.965993702 0.066870749 0.249768943 -0.024215817 -0.065678522 0.997754574 -0.013114372 0.003783219 -0.250085086 -0.003736053 0.968216717 2.640414000
0.959684730 0.068017468 0.272725016 -0.019939542 -0.066316023 0.997678876 -0.015462831 0.003863644 -0.273143739 -0.003246600 0.961967766 2.653203249
0.952439070 0.069327928 0.296737969 -0.014813364 -0.067530222 0.997583747 -0.016317423 0.003126439 -0.297152281 -0.004497427 0.954819441 2.665447235
0.943783462 0.072208315 0.322581351 -0.010260046 -0.070393391 0.997369111 -0.017304918 0.002970014 -0.322982252 -0.006375496 0.946383536 2.677866459
0.933792531 0.074857570 0.349897116 -0.004778802 -0.072953478 0.997161150 -0.018638818 0.002619714 -0.350299090 -0.008121421 0.936602712 2.690545082
0.922512650 0.075585976 0.378493309 0.001247883 -0.073504061 0.997094929 -0.019968569 0.002216175 -0.378903151 -0.009399542 0.925388575 2.702919006
0.909958720 0.073740356 0.408090025 0.008471489 -0.070914842 0.997238100 -0.022071401 0.001738388 -0.408590496 -0.008855571 0.912674844 2.714679003
0.895133257 0.070355773 0.440211773 0.016294241 -0.066315264 0.997496009 -0.024575882 0.001082219 -0.440838516 -0.007194072 0.897557616 2.726033211
0.877763569 0.069966465 0.473957479 0.024530172 -0.063797928 0.997538269 -0.029105395 0.000956155 -0.474827111 -0.004689850 0.880066574 2.737655401
0.858287811 0.071456037 0.508169174 0.033382893 -0.062757187 0.997440696 -0.034259118 0.000481799 -0.509316623 -0.002487083 0.860575676 2.749423504
0.836456418 0.073509097 0.543081164 0.042570591 -0.062433902 0.997293472 -0.038828284 -0.000013500 -0.544465542 -0.001428496 0.838782012 2.760858536
0.812139034 0.076141097 0.578474641 0.053761125 -0.063271351 0.997094631 -0.042412847 -0.000747025 -0.580023289 -0.002155738 0.814597130 2.773009539
0.784576952 0.080305561 0.614809096 0.063623190 -0.066322096 0.996757627 -0.045559499 -0.001339547 -0.616474211 -0.005030487 0.787358940 2.784142494
0.754611671 0.084442884 0.650715530 0.075377822 -0.069627307 0.996390700 -0.048556581 -0.002016880 -0.652467132 -0.008666201 0.757767498 2.796333313
0.721438944 0.085594639 0.687167704 0.088767409 -0.069479488 0.996271074 -0.051152367 -0.002994992 -0.688983619 -0.010840742 0.724695802 2.808536530
0.685141444 0.082700372 0.723700166 0.104481220 -0.065104239 0.996510148 -0.052240081 -0.004034989 -0.725494802 -0.011324100 0.688134491 2.820581913
0.645582974 0.081780910 0.759298742 0.120169640 -0.062734276 0.996568441 -0.053997312 -0.004827656 -0.761108935 -0.012774311 0.648498058 2.832684040
0.603073657 0.081403829 0.793520987 0.138044596 -0.060832027 0.996575654 -0.056002170 -0.005848683 -0.795362532 -0.014498063 0.605960488 2.844427347
0.557206988 0.080646023 0.826448083 0.157456517 -0.056477677 0.996648610 -0.059176110 -0.006927967 -0.828450739 -0.013702527 0.559894323 2.855763197
0.508458138 0.078813002 0.857472360 0.177531123 -0.052880768 0.996780932 -0.060260426 -0.008756772 -0.859461367 -0.014703891 0.510989189 2.866651773
0.460465163 0.077630840 0.884276688 0.200336099 -0.051429715 0.996828437 -0.060731016 -0.009700410 -0.886186659 -0.017513582 0.462997317 2.875663519
0.411200702 0.075562939 0.908407509 0.224292040 -0.051153928 0.996900678 -0.059768561 -0.010914087 -0.910108387 -0.021891739 0.413791627 2.884543896
0.361143887 0.073915012 0.929576099 0.248132288 -0.054033767 0.996837437 -0.058270950 -0.013411470 -0.930943310 -0.029184299 0.363995671 2.892351389
0.311545372 0.075865865 0.947197914 0.273136914 -0.052070245 0.996673167 -0.062702015 -0.013213605 -0.948803544 -0.029786307 0.314459175 2.899713278
0.264125377 0.072370864 0.961769342 0.299621940 -0.040814742 0.997126281 -0.063822664 -0.014978711 -0.963624358 -0.022397185 0.266320109 2.905153275
0.219608217 0.066088848 0.973347127 0.326952875 -0.027379567 0.997727275 -0.061566811 -0.016792607 -0.975203812 -0.013129247 0.220918596 2.909372091
0.178127930 0.065626495 0.981816471 0.354922116 -0.018304365 0.997821867 -0.063375406 -0.018044148 -0.983837068 -0.006682593 0.178941205 2.911943674
0.138754159 0.068410493 0.987961173 0.384754211 -0.014071347 0.997646689 -0.067104913 -0.018287677 -0.990226865 -0.004590856 0.139390260 2.915896177
0.107107483 0.067876354 0.991927803 0.414229661 -0.005837370 0.997692645 -0.067640528 -0.021208227 -0.994230330 0.001454558 0.107256584 2.916773558
0.078799844 0.065973684 0.994704962 0.444432855 0.000952930 0.997802258 -0.066254601 -0.023352161 -0.996890008 0.006168736 0.078563794 2.917344093
0.053172756 0.064541593 0.996497512 0.476834714 0.008064000 0.997848809 -0.065059423 -0.025134904 -0.998552740 0.011495143 0.052537914 2.918442726
0.033221394 0.063828938 0.997407794 0.508737564 0.013175248 0.997843921 -0.064295672 -0.026537631 -0.999361217 0.015277087 0.032308802 2.918706656
0.017180571 0.065570220 0.997700036 0.542245209 0.015629921 0.997707784 -0.065839864 -0.028231885 -0.999730170 0.016725138 0.016116334 2.918879032
0.003891400 0.065338746 0.997855544 0.575552404 0.015993869 0.997731447 -0.065392971 -0.030164734 -0.999864459 0.016214039 0.002837550 2.918533564
-0.007878630 0.066026539 0.997786760 0.610291183 0.017111065 0.997680485 -0.065884389 -0.032360401 -0.999822557 0.016554113 -0.008990141 2.918025732
-0.016552383 0.068816431 0.997492075 0.645065308 0.021898359 0.997414231 -0.068447679 -0.034479674 -0.999623179 0.020710465 -0.018016551 2.916638374
-0.023255469 0.070781432 0.997220695 0.680196166 0.026014552 0.997195661 -0.070172973 -0.036376823 -0.999391019 0.024310343 -0.025031600 2.915845871
-0.027957499 0.070337288 0.997131526 0.717766106 0.026440715 0.997224450 -0.069602497 -0.038286805 -0.999259293 0.024418958 -0.029739672 2.914425135
-0.031256825 0.067598082 0.997222960 0.754713655 0.024674935 0.997458518 -0.066840649 -0.040462337 -0.999206781 0.022517184 -0.032845367 2.913327932
-0.033703696 0.060497679 0.997599185 0.793075204 0.022368878 0.997961938 -0.059763938 -0.042815696 -0.999181449 0.020300906 -0.034988265 2.912408590
-0.035652179 0.055116735 0.997843206 0.832529664 0.023645805 0.998245001 -0.054294080 -0.044537537 -0.999084473 0.021659099 -0.036892895 2.911205530
-0.035750505 0.052588463 0.997976124 0.871531308 0.026184566 0.998320997 -0.051668625 -0.046473615 -0.999017596 0.024284391 -0.037067492 2.909383059
-0.035519663 0.054348048 0.997890115 0.910701632 0.029113522 0.998152733 -0.053326063 -0.049266960 -0.998944819 0.027157970 -0.037036303 2.907895565
-0.034834038 0.062200837 0.997455537 0.951329529 0.030498352 0.997662544 -0.061148655 -0.050458908 -0.998927653 0.028290695 -0.036649648 2.906372786
-0.032165818 0.070258148 0.997010171 0.991341949 0.031252634 0.997109115 -0.069256857 -0.052522473 -0.998993874 0.028931487 -0.034268592 2.904825211
-0.030161154 0.070818312 0.997033179 1.032274961 0.032152206 0.997039437 -0.069846131 -0.054685786 -0.999027789 0.029950175 -0.032348827 2.904206514
-0.027769633 0.066309094 0.997412682 1.074428082 0.031628177 0.997356117 -0.065424755 -0.057103544 -0.999113798 0.029729523 -0.029793456 2.902926922
-0.025745310 0.060202900 0.997854114 1.118574858 0.030417157 0.997769892 -0.059413046 -0.059539668 -0.999205589 0.028822277 -0.027519101 2.901931524
-0.022738840 0.058516677 0.998027444 1.160404325 0.028961781 0.997905135 -0.057849646 -0.062147565 -0.999321759 0.027589222 -0.024385951 2.901350498
-0.018921478 0.063887239 0.997777760 1.201578379 0.036470611 0.997336388 -0.063167349 -0.064651482 -0.999155581 0.035194341 -0.021201085 2.899739504
-0.014825375 0.069054522 0.997502744 1.242910624 0.038251065 0.996921241 -0.068445757 -0.067387074 -0.999158084 0.037140813 -0.017421145 2.898359776
-0.014012258 0.070060946 0.997444272 1.287470818 0.032483954 0.997047603 -0.069576740 -0.069601662 -0.999374032 0.031426016 -0.016246744 2.899385214
-0.010511305 0.066513665 0.997730136 1.329182386 0.028121443 0.997410297 -0.066196062 -0.072089531 -0.999549270 0.027361805 -0.012354543 2.899614096
-0.005760314 0.063131861 0.997988522 1.372550368 0.032089118 0.997502804 -0.062915914 -0.074981734 -0.999468386 0.031662155 -0.007771772 2.899455070
-0.002150194 0.063988529 0.997948229 1.415688396 0.036674954 0.997284234 -0.063866951 -0.077941440 -0.999325037 0.036462374 -0.004491130 2.898111105
0.000708599 0.068469934 0.997652829 1.457997084 0.036488421 0.996987045 -0.068450168 -0.080379702 -0.999333858 0.036451280 -0.001791896 2.898461103
0.004648829 0.069216058 0.997590840 1.500489950 0.032628208 0.997059941 -0.069331281 -0.083160885 -0.999456763 0.032871913 0.002376765 2.898628235
0.008194155 0.068608947 0.997609913 1.543449283 0.031616542 0.997126937 -0.068835430 -0.085932232 -0.999466479 0.032105025 0.006001436 2.899376869
0.011676568 0.065478966 0.997785628 1.586096287 0.035665497 0.997191429 -0.065857366 -0.088727087 -0.999295712 0.036355503 0.009308432 2.899571896
0.015624252 0.065970235 0.997699261 1.629124880 0.040237002 0.996971309 -0.066552229 -0.091458037 -0.999068081 0.041184254 0.012922486 2.899512053
0.018858366 0.066835552 0.997585833 1.671114206 0.043152057 0.996779025 -0.067597263 -0.094006851 -0.998890638 0.044322640 0.015913533 2.900844812
0.020991867 0.066763096 0.997547984 1.714444041 0.043816723 0.996747792 -0.067631587 -0.096844643 -0.998819172 0.045128997 0.017998260 2.902951479
0.024925852 0.065196753 0.997561038 1.757542372 0.044597194 0.996805251 -0.066261679 -0.099648558 -0.998694062 0.046140049 0.021938620 2.902762413
0.028276382 0.064099424 0.997542858 1.800290585 0.046513077 0.996776521 -0.065368652 -0.102414273 -0.998517394 0.048247162 0.025203776 2.904343605
0.031525504 0.064703949 0.997406363 1.843971014 0.045142166 0.996791959 -0.066090927 -0.104900777 -0.998483002 0.047108632 0.028503491 2.905440092
0.034748379 0.066385493 0.997188747 1.887391210 0.042053822 0.996810496 -0.067825750 -0.107447818 -0.998510897 0.044292428 0.031845786 2.907296658
0.036809891 0.066702224 0.997093737 1.930720091 0.044217870 0.996683896 -0.068307221 -0.109851956 -0.998343527 0.046603743 0.033738397 2.909539461
0.040265404 0.066209055 0.996992946 1.972678185 0.042047076 0.996806026 -0.067894787 -0.112651423 -0.998303890 0.044654455 0.037352901 2.910464764
0.042351179 0.066410653 0.996893167 2.016324282 0.039920494 0.996879160 -0.068105638 -0.115491591 -0.998304904 0.042680826 0.039567858 2.913045406
0.045496993 0.066524401 0.996746957 2.060132027 0.036928684 0.996986270 -0.068225995 -0.118346415 -0.998281717 0.039912634 0.042903215 2.915323973
0.048623763 0.068577245 0.996460140 2.103660107 0.035751887 0.996881485 -0.070350781 -0.121024691 -0.998177111 0.039046060 0.046020351 2.917621851
0.051481705 0.071842395 0.996086478 2.146955967 0.034757715 0.996675968 -0.073681347 -0.124193154 -0.998068929 0.038414933 0.048813492 2.920305014
0.054512404 0.073955476 0.995770454 2.191091061 0.034680281 0.996511459 -0.075909048 -0.127086565 -0.997910619 0.038671583 0.051757429 2.923308134
0.057955503 0.076296158 0.995399415 2.235431910 0.028908690 0.996528924 -0.078065917 -0.129866987 -0.997900486 0.033300038 0.055548720 2.926015377
0.059959769 0.075362727 0.995351791 2.280290127 0.025026647 0.996719003 -0.076973848 -0.133125246 -0.997887075 0.029525656 0.057876967 2.930465698
0.063414589 0.075999901 0.995089233 2.324465036 0.026956435 0.996601999 -0.077833287 -0.136481375 -0.997623146 0.031759828 0.061150417 2.933305264
0.068053477 0.077516101 0.994665682 2.368083239 0.026498452 0.996484935 -0.079470843 -0.139364332 -0.997329712 0.031765364 0.065760203 2.935170889
0.071761541 0.078460872 0.994330943 2.413128614 0.022224188 0.996527851 -0.080238149 -0.142898157 -0.997174263 0.027856218 0.069768645 2.939368248
0.075674623 0.076463334 0.994196475 2.457978010 0.021175228 0.996707439 -0.078268230 -0.146033764 -0.996907711 0.026975259 0.073806331 2.942995071
0.079278074 0.076398410 0.993920565 2.504729509 0.020804066 0.996714890 -0.078272589 -0.149686068 -0.996635556 0.026882887 0.077428237 2.949061632
0.085470803 0.079988301 0.993124664 2.550036907 0.017797364 0.996490717 -0.081791095 -0.152955949 -0.996181726 0.024665751 0.083747298 2.951150179
0.091740273 0.088524260 0.991840303 2.595660210 0.016675806 0.995764375 -0.090416908 -0.156000867 -0.995643258 0.024834607 0.089875497 2.955723286
0.098894231 0.093030535 0.990739703 2.641110897 0.015689708 0.995350778 -0.095029645 -0.160150126 -0.994974256 0.024942297 0.096974820 2.961375713
0.104967311 0.095966011 0.989834487 2.684320211 0.010480782 0.995171010 -0.097594820 -0.164476916 -0.994420350 0.020618510 0.103454649 2.968786240
0.113082111 0.094164029 0.989113510 2.733603477 0.007389197 0.995391726 -0.095606498 -0.168476373 -0.993558109 0.018120140 0.111865200 2.972596645
0.120503642 0.092763558 0.988369226 2.780047655 0.006870134 0.995522797 -0.094272569 -0.172629654 -0.992689073 0.018150421 0.119326822 2.978942394
0.127991542 0.089211151 0.987754822 2.826360703 0.007177825 0.995836794 -0.090871178 -0.176002294 -0.991749227 0.018720675 0.126818344 2.984977245
0.134880289 0.083411984 0.987344801 2.871001005 0.002927389 0.996412516 -0.084577948 -0.181019992 -0.990857542 0.014298243 0.134152219 2.991366625
0.142631665 0.075992495 0.986854315 2.919878960 0.002484957 0.997017622 -0.077134281 -0.184258163 -0.989772677 0.013454081 0.142017454 2.998921156
0.150133461 0.073650882 0.985918522 2.965209961 0.002653591 0.997187853 -0.074896805 -0.187302828 -0.988662183 0.013860741 0.149515793 3.005882263
0.157677963 0.075528845 0.984597862 3.011907101 0.002155103 0.997042000 -0.076828577 -0.191199869 -0.987488270 0.014236083 0.157048777 3.013636827
0.163290307 0.081689760 0.983190238 3.055485964 0.002070422 0.996535599 -0.083142430 -0.194843680 -0.986575902 0.015611970 0.162555486 3.020757914
0.169359773 0.085811377 0.981811345 3.100167513 0.000506221 0.996194601 -0.087155804 -0.197795391 -0.985554278 0.015257700 0.168671861 3.027736664
0.173247069 0.088564917 0.980888247 3.144065380 -0.000178932 0.995951295 -0.089893349 -0.201928169 -0.984878361 0.015398248 0.172561496 3.037158489
0.178878978 0.088075958 0.979920924 3.187824249 -0.002641971 0.996024370 -0.089041084 -0.205737382 -0.983867586 0.013338655 0.178400531 3.045247793
0.183751568 0.085069276 0.979284704 3.231153727 0.001745791 0.996218324 -0.086867847 -0.209499598 -0.982971191 0.017671730 0.182908162 3.054139137
0.188936532 0.078717999 0.978829205 3.274418116 0.001851783 0.996751428 -0.080516763 -0.212537661 -0.981987536 0.017025135 0.188177019 3.061770439
0.191524893 0.072100580 0.978835940 3.316632509 0.000095558 0.997296751 -0.073479094 -0.216499642 -0.981487751 0.014166610 0.191000268 3.071261406
0.194957018 0.069089368 0.978375375 3.359506130 -0.003419182 0.997557759 -0.069762647 -0.219390333 -0.980805755 0.010255474 0.194717124 3.079783440
0.197715774 0.068955317 0.977831006 3.400646448 -0.005813410 0.997587740 -0.069173068 -0.222691208 -0.980242074 0.007992077 0.197639689 3.089084625
0.199951053 0.070908561 0.977236569 3.441629887 -0.007599042 0.997460067 -0.070821144 -0.225553453 -0.979776382 0.006734703 0.199982032 3.097958803
0.200947165 0.075430930 0.976693571 3.481396675 -0.011734104 0.997144818 -0.074596196 -0.228698894 -0.979531825 0.003529270 0.201258525 3.107838631
0.203331575 0.079797581 0.975852787 3.520806313 -0.013086494 0.996805727 -0.078784205 -0.231628448 -0.979022503 0.003248827 0.203726366 3.115909100
0.205453336 0.084640697 0.974999845 3.560487032 -0.012562707 0.996398985 -0.083851151 -0.234916031 -0.978586257 0.004978861 0.205776855 3.124179125
0.207245842 0.086473040 0.974459648 3.599233150 -0.011689475 0.996233463 -0.085919172 -0.238161266 -0.978218973 0.006415468 0.207476124 3.132521152
0.208749503 0.086834133 0.974106431 3.638237000 -0.013758387 0.996212542 -0.085856304 -0.241097331 -0.977872372 0.004520325 0.209153578 3.141474485
0.208913907 0.083694443 0.974346042 3.675745726 -0.014391197 0.996486306 -0.082510568 -0.244420752 -0.977828145 0.003215597 0.209384307 3.150192499
0.209500328 0.081185997 0.974432409 3.712893486 -0.014870197 0.996696472 -0.079843894 -0.247427076 -0.977695465 0.002237320 0.210015491 3.158337116
0.209844291 0.080192581 0.974440575 3.749260664 -0.012759225 0.996770501 -0.079282552 -0.249837831 -0.977651596 0.004203882 0.210189790 3.166151285
0.207717121 0.078898259 0.975001872 3.785024881 -0.013495174 0.996878266 -0.077793449 -0.253264338 -0.978095770 0.003001213 0.208133444 3.174671412
0.206076339 0.079947069 0.975264609 3.820932865 -0.014551776 0.996797085 -0.078637339 -0.256460488 -0.978427649 0.002013464 0.206579670 3.182380676
0.203736126 0.082769483 0.975520730 3.856320143 -0.015261560 0.996567309 -0.081367835 -0.259284556 -0.978906870 0.001689601 0.204299942 3.190398932
0.201547921 0.086867258 0.975619018 3.890419722 -0.013198379 0.996209979 -0.085974038 -0.261844426 -0.979389727 0.004451298 0.201930508 3.197402716
0.199792057 0.087147824 0.975955188 3.924279690 -0.010430385 0.996169627 -0.086817637 -0.264775753 -0.979782820 0.007165887 0.199935764 3.204555273
0.197837040 0.086129516 0.976443589 3.957353830 -0.012169096 0.996271253 -0.085412890 -0.267609388 -0.980159402 0.005015397 0.198147506 3.210606098
0.195434108 0.083132453 0.977187037 3.990644455 -0.012603064 0.996531367 -0.082257584 -0.270442367 -0.980635941 0.003760386 0.195803970 3.217638016
0.193352535 0.078794003 0.977960289 4.023721218 -0.012059995 0.996885478 -0.077934429 -0.273625731 -0.981055260 0.003274620 0.193700612 3.224282503
0.191153377 0.077920571 0.978462458 4.054829121 -0.008357616 0.996937156 -0.077759050 -0.276587635 -0.981524587 0.006686293 0.191219106 3.230222225
0.189516947 0.079668842 0.978640020 4.086689949 -0.004834773 0.996766448 -0.080208205 -0.278861076 -0.981865525 0.010469313 0.189289317 3.236472130
0.186898425 0.081752010 0.978971720 4.118104935 -0.001094363 0.996548057 -0.083010860 -0.281293154 -0.982378602 0.014443247 0.186342761 3.242268324
0.185187459 0.082895078 0.979200661 4.148118973 -0.001188446 0.996454060 -0.084130906 -0.284138232 -0.982702434 0.014416261 0.184629306 3.248102188
0.183934435 0.085831851 0.979183853 4.179367065 -0.001409934 0.996202171 -0.087058768 -0.286199421 -0.982937455 0.014632524 0.183356881 3.253616095
0.183005184 0.084461249 0.979477108 4.210483074 0.000311467 0.996297717 -0.085969888 -0.288536578 -0.983111918 0.016038014 0.182301328 3.259052753
0.184003904 0.082747154 0.979436338 4.241646767 0.006671431 0.996322036 -0.085427083 -0.291071594 -0.982902944 0.022253158 0.182775095 3.264499187
0.185734347 0.081052728 0.979251325 4.273276806 0.010872754 0.996361434 -0.084531158 -0.293480992 -0.982539833 0.026347501 0.184177294 3.270420551
0.187989920 0.080244422 0.978887379 4.304910660 0.013619310 0.996348023 -0.084291257 -0.295994163 -0.982076585 0.029177681 0.186210528 3.276441097
0.190959454 0.080215491 0.978314877 4.336514473 0.010608058 0.996428549 -0.083771303 -0.298725188 -0.981540680 0.026374945 0.189426541 3.283309937
0.196021557 0.080985516 0.977249682 4.368482590 0.009687366 0.996375203 -0.084513620 -0.301034629 -0.980551720 0.026033463 0.194526494 3.290792465
0.202946618 0.079832837 0.975929976 4.400190830 0.010908145 0.996424735 -0.083777703 -0.303499848 -0.979129076 0.027647985 0.201350152 3.296440601
0.210195944 0.079996891 0.974380910 4.432052612 0.009226739 0.996439993 -0.083798364 -0.305825979 -0.977615714 0.026604433 0.208709508 3.304207802
0.218702495 0.077979825 0.972670794 4.465112686 0.009263918 0.996590793 -0.081980489 -0.308227479 -0.975747645 0.026940078 0.217234522 3.311860800
0.227917477 0.077594139 0.970583737 4.498728275 0.005961386 0.996689677 -0.081081085 -0.311130464 -0.973662138 0.024265818 0.226700440 3.319964886
0.237494767 0.077716194 0.968274951 4.531976223 0.004568968 0.996694028 -0.081117839 -0.313412786 -0.971378088 0.023689074 0.236354500 3.328492641
0.246739402 0.081383117 0.965658605 4.565304279 -0.000768494 0.996483564 -0.083784617 -0.316075414 -0.969081581 0.019930854 0.245934278 3.338595629
0.256456226 0.083218925 0.962966681 4.599728107 -0.003603196 0.996362031 -0.085145332 -0.318725824 -0.966549098 0.018366294 0.255823106 3.348086596
0.267441124 0.086053856 0.959723890 4.634147644 -0.007476342 0.996159554 -0.087237470 -0.321197152 -0.963545144 0.016155662 0.267057329 3.358291626
0.277635008 0.087732859 0.956672311 4.669002056 -0.008797859 0.996011794 -0.088787317 -0.323919475 -0.960646272 0.016233798 0.277299583 3.369232655
0.287061602 0.088675454 0.953798890 4.704752445 -0.012459137 0.995967448 -0.088846132 -0.327041686 -0.957831085 0.013620800 0.287008762 3.380759478
0.297527224 0.089473955 0.950511336 4.740283012 -0.014033400 0.995901048 -0.089353889 -0.329872727 -0.954610109 0.013246309 0.297563285 3.392012119
0.307835072 0.090453893 0.947130263 4.776241779 -0.018023554 0.995846272 -0.089248456 -0.332540512 -0.951269031 0.010403142 0.308186650 3.404389620
0.318367004 0.085306317 0.944121361 4.813617706 -0.017225528 0.996298969 -0.084212199 -0.335518837 -0.947811007 0.010547398 0.318658143 3.417689800
0.329184264 0.078436539 0.941002369 4.852005482 -0.013373234 0.996831417 -0.078411862 -0.338069648 -0.944171071 0.013227706 0.329190165 3.431159019
0.339854240 0.074353591 0.937534273 4.890902996 -0.012392092 0.997137427 -0.074588455 -0.341163456 -0.940396488 0.013731192 0.339802712 3.446150303
0.350233972 0.070660144 0.933993220 4.929536343 -0.012771709 0.997418046 -0.070669271 -0.343931109 -0.936575115 0.012822083 0.350232095 3.460644245
0.359665602 0.068097502 0.930593014 4.968891621 -0.006730577 0.997496724 -0.070391960 -0.346747816 -0.933056951 0.019054141 0.359223545 3.475891113
0.367992431 0.062205434 0.927745759 5.007750511 0.000330580 0.997750938 -0.067030430 -0.349391669 -0.929828644 0.024973381 0.367144197 3.491844654
0.375471473 0.053558014 0.925285220 5.050600052 0.009484434 0.998054683 -0.061618797 -0.351019382 -0.926785409 0.031911910 0.374233097 3.507691860
0.382479966 0.048721213 0.922678471 5.091434956 0.015020316 0.998148918 -0.058932777 -0.353726685 -0.923841774 0.036399528 0.381040126 3.524477720
0.390469581 0.048658866 0.919329047 5.133632660 0.017280180 0.998038888 -0.060164340 -0.356586784 -0.920453668 0.039378513 0.388862997 3.541635275
0.397796690 0.055348523 0.915802538 5.174759388 0.019262223 0.997454703 -0.068650275 -0.358623922 -0.917271376 0.044949245 0.395718038 3.559978485
0.404355764 0.059630588 0.912655771 5.213522911 0.023219811 0.996881366 -0.075421296 -0.360944211 -0.914306998 0.051688731 0.401710123 3.577317715
0.409399241 0.062328428 0.910223782 5.253952026 0.020565560 0.996779799 -0.077505380 -0.363600612 -0.912123561 0.050449904 0.406799108 3.595953465
0.413713753 0.063410059 0.908196032 5.294123650 0.013542216 0.997032464 -0.075781532 -0.367771327 -0.910306334 0.043650854 0.411627382 3.615558147
0.417913884 0.067113802 0.906004190 5.334333897 0.006844500 0.997006655 -0.077012122 -0.371022791 -0.908460915 0.038385585 0.416203588 3.634267807
0.422320515 0.070227981 0.903721988 5.373113155 0.007000677 0.996711791 -0.080725692 -0.373318404 -0.906419516 0.040418778 0.420440137 3.652191162
0.425663978 0.074793540 0.901785016 5.411352158 0.003430950 0.996437669 -0.084263459 -0.376518458 -0.904874802 0.038961899 0.423890948 3.671537161
0.429717392 0.077887289 0.899597943 5.449808121 0.000226440 0.996263623 -0.086364746 -0.379916072 -0.902963340 0.037316147 0.428094119 3.689484358
0.433458716 0.075860925 0.897974849 5.487411976 -0.000095479 0.996454418 -0.084134392 -0.383219689 -0.901173413 0.036383044 0.431929141 3.708560705
0.438070923 0.072666623 0.895998538 5.525257587 0.000715502 0.996698916 -0.081183366 -0.386656255 -0.898940146 0.036205161 0.436572850 3.726477623
0.441384077 0.069783650 0.894600630 5.562733173 -0.000015106 0.996971846 -0.077761702 -0.390533745 -0.897318304 0.034309253 0.440048546 3.745583057
0.444339544 0.068991318 0.893197954 5.598185062 -0.001252046 0.997077048 -0.076392174 -0.393987030 -0.895857632 0.032825734 0.443127155 3.764288902
0.447858006 0.070804544 0.891296685 5.634049416 -0.003451600 0.996988952 -0.077466361 -0.396804482 -0.894098103 0.031617522 0.446753860 3.782300472
0.450884223 0.071203254 0.889737904 5.668840885 -0.001592483 0.996875644 -0.078970201 -0.399156749 -0.892580986 0.034189522 0.449588865 3.799815416
0.453040957 0.069067493 0.888810217 5.703499794 0.000861117 0.996959925 -0.077910505 -0.402196795 -0.891489327 0.036062017 0.451604158 3.817856312
0.455167025 0.068046272 0.887802124 5.738189220 0.002643246 0.996967971 -0.077768520 -0.405203462 -0.890402079 0.037744351 0.453606993 3.835348845
0.456623822 0.068122186 0.887047946 5.772064209 0.000926783 0.997027099 -0.077045299 -0.408453256 -0.889659405 0.036002818 0.455203176 3.853513718
0.458776474 0.067328773 0.885997176 5.804059982 0.002476570 0.997024417 -0.077048339 -0.411263943 -0.888548255 0.037542205 0.457244545 3.869557858
0.461241782 0.069345221 0.884560466 5.836249828 0.001883798 0.996862352 -0.079131424 -0.413562298 -0.887272537 0.038165055 0.459663957 3.886400223
0.464828730 0.068805508 0.882722974 5.867915154 0.005372827 0.996738315 -0.080521889 -0.416423619 -0.885384262 0.042171616 0.462942988 3.901625633
0.467026651 0.068416588 0.881592453 5.899753094 0.006608860 0.996704280 -0.080850989 -0.419684231 -0.884218514 0.043585893 0.465035319 3.920281410
0.470552295 0.066494554 0.879862964 5.929766178 0.011069752 0.996633232 -0.081239425 -0.421506166 -0.882302701 0.047967274 0.468231887 3.936498165
0.474071324 0.065642372 0.878036141 5.959896564 0.011488308 0.996671081 -0.080714367 -0.424617201 -0.880411446 0.048351519 0.471739024 3.951582670
0.477228582 0.064691693 0.876394808 5.989725590 0.013224552 0.996645033 -0.080769293 -0.427540690 -0.878679633 0.050135348 0.474772006 3.968515396
0.480862528 0.064153634 0.874445856 6.019309521 0.013402090 0.996665359 -0.080490135 -0.429990023 -0.876693547 0.050424092 0.478399217 3.984255314
0.484242082 0.063887134 0.872598469 6.047933102 0.015079512 0.996573031 -0.081332184 -0.432158917 -0.874804020 0.052542832 0.481619179 4.000177383
0.488373637 0.064700000 0.870232761 6.077610016 0.013408559 0.996573448 -0.081618033 -0.435856581 -0.872531593 0.051528659 0.485832691 4.015642643
0.492141038 0.065254025 0.868066251 6.104866028 0.016738979 0.996292830 -0.084383011 -0.437438965 -0.870354533 0.056058891 0.489224285 4.032232285
0.497430027 0.068509646 0.864794672 6.132606030 0.014469268 0.996082842 -0.087233111 -0.440513164 -0.867383480 0.055905312 0.494490147 4.048151016
0.503101408 0.074288473 0.861028671 6.160616875 0.011199697 0.995654523 -0.092447862 -0.443009973 -0.864154875 0.056153905 0.500083208 4.064605713
0.508910477 0.081644833 0.856938899 6.187245846 0.006366575 0.995107830 -0.098589793 -0.445119649 -0.860795975 0.055629149 0.505901039 4.081077576
0.514322340 0.087512225 0.853120327 6.214035034 0.000817998 0.994729459 -0.102531493 -0.449110985 -0.857596576 0.053432096 0.511539996 4.099363327
0.520904839 0.092348926 0.848604679 6.242229462 -0.002957273 0.994319916 -0.106391042 -0.451222271 -0.853609622 0.052910049 0.518219233 4.116994858
0.526735723 0.092425756 0.844989300 6.271257401 -0.007450055 0.994534850 -0.104139090 -0.455049366 -0.849996388 0.048558559 0.524545670 4.134765625
0.532035470 0.091831319 0.841727495 6.299063683 -0.013780216 0.994908750 -0.099833027 -0.457580417 -0.846609950 0.041515529 0.530592263 4.153270721
0.538035214 0.089587852 0.838147998 6.328125954 -0.019927328 0.995409966 -0.093605220 -0.460561693 -0.842686713 0.033660855 0.537350893 4.173048019
0.544631779 0.087630332 0.834084570 6.356628895 -0.025567956 0.995798945 -0.087925203 -0.463434130 -0.838285446 0.026561020 0.544584274 4.191245556
0.549993694 0.085882701 0.830741286 6.384149075 -0.029060746 0.996064305 -0.083734199 -0.466288507 -0.834663033 0.021911325 0.550324917 4.212358475
0.555547297 0.089659624 0.826636732 6.414657116 -0.034510974 0.995798886 -0.084814146 -0.469231725 -0.830768406 0.018590225 0.556307673 4.234555721
0.562323391 0.092895485 0.821682930 6.444037437 -0.038427602 0.995531917 -0.086251870 -0.472978592 -0.826024055 0.016926136 0.563380659 4.254521847
0.568050861 0.096520223 0.817313850 6.474195004 -0.041053291 0.995185852 -0.088992991 -0.474943846 -0.821968853 0.016999112 0.569278657 4.277099609
0.574241579 0.099240556 0.812648654 6.505174637 -0.043304108 0.994917989 -0.090899311 -0.477503628 -0.817539871 0.017007137 0.575620830 4.299536705
0.581400216 0.099934012 0.807457089 6.535789013 -0.046203949 0.994881868 -0.089861818 -0.480215609 -0.812304854 0.014937966 0.583041906 4.321599960
0.586688578 0.101985447 0.803364992 6.568663597 -0.052469369 0.994740903 -0.087962411 -0.484369397 -0.808111072 0.009454489 0.588954389 4.347751141
0.594232082 0.099836402 0.798073292 6.601305485 -0.052500959 0.994964600 -0.085375540 -0.487339735 -0.802578330 0.008833272 0.596481442 4.371967316
0.601490021 0.097903453 0.792858481 6.634335995 -0.052727409 0.995163381 -0.082883552 -0.489973247 -0.797138214 0.008048253 0.603743196 4.398011684
