0.999998212 0.001103101 0.001609329 -0.000487174 -0.001095624 0.999988616 -0.004639664 -0.000103558 -0.001614429 0.004637892 0.999987960 0.049998101
0.999996603 -0.001099445 0.002354059 -0.000400320 0.001112452 0.999984086 -0.005530907 0.000100556 -0.002347940 0.005533507 0.999981940 0.099938221
0.999992311 -0.002558134 0.002985025 -0.000758282 0.002562795 0.999995470 -0.001558460 -0.000006029 -0.002981025 0.001566098 0.999994397 0.150337815
0.999985695 -0.004933170 0.002037301 -0.000664473 0.004923723 0.999977231 0.004616128 -0.000122879 -0.002060027 -0.004606031 0.999987245 0.200133175
0.999966025 -0.008194582 0.000834321 -0.000635544 0.008190430 0.999954641 0.004862973 -0.000154658 -0.000874132 -0.004855975 0.999987841 0.249134213
0.999938369 -0.011090496 -0.000484418 -0.000235402 0.011091392 0.999936640 0.001892944 0.000098099 0.000463393 -0.001898201 0.999998093 0.298185587
0.999931097 -0.011675650 -0.001252664 -0.000335230 0.011673464 0.999930322 -0.001739137 0.000343214 0.001272883 0.001724394 0.999997735 0.347332329
0.999933064 -0.011397573 -0.001945936 -0.000689449 0.011393122 0.999932587 -0.002282152 0.000343287 0.001971815 0.002259829 0.999995530 0.395624161
0.999938607 -0.010755497 -0.002630810 -0.001563367 0.010754076 0.999942005 -0.000552826 0.000412085 0.002636604 0.000524501 0.999996424 0.444262475
0.999932647 -0.010942722 -0.003861143 -0.001180196 0.010952191 0.999937057 0.002440640 0.000357561 0.003834193 -0.002482764 0.999989569 0.492331237
0.999933004 -0.010737876 -0.004323234 -0.001924229 0.010755256 0.999934137 0.004017305 0.000428236 0.004279812 -0.004063533 0.999982655 0.540865600
0.999909639 -0.012278617 -0.005473273 -0.001761749 0.012305668 0.999912083 0.004935870 0.000398224 0.005412186 -0.005002778 0.999972761 0.588709354
0.999908447 -0.012098325 -0.006064797 -0.002487152 0.012128170 0.999914408 0.004908196 0.000482464 0.006004897 -0.004981303 0.999969542 0.636889756
0.999894559 -0.012840054 -0.006781914 -0.002819079 0.012865946 0.999909997 0.003787629 0.000492698 0.006732670 -0.003874486 0.999969840 0.683578670
0.999885082 -0.012935121 -0.007905075 -0.003765070 0.012947322 0.999915004 0.001494219 0.000897150 0.007885075 -0.001596397 0.999967694 0.731264651
0.999850035 -0.014440707 -0.009552808 -0.004288540 0.014440659 0.999895692 -0.000073701 0.001397672 0.009552876 -0.000064259 0.999954343 0.777893126
0.999838769 -0.014201540 -0.010978835 -0.005173215 0.014194981 0.999898970 -0.000674821 0.001306064 0.010987310 0.000518867 0.999939501 0.825038970
0.999837577 -0.013028664 -0.012454318 -0.006033794 0.013013834 0.999914527 -0.001271044 0.001181230 0.012469812 0.001108759 0.999921560 0.871359885
0.999835253 -0.011087931 -0.014373180 -0.006812206 0.011071875 0.999938071 -0.001196200 0.001139837 0.014385552 0.001036864 0.999895990 0.918606877
0.999816298 -0.012011973 -0.014942737 -0.008422768 0.012011059 0.999927878 -0.000150961 0.000954908 0.014943473 -0.000028545 0.999888301 0.965227127
0.999789596 -0.011444611 -0.017022019 -0.008927984 0.011461056 0.999933958 0.000868806 0.001196699 0.017010953 -0.001063714 0.999854684 1.011382341
0.999771118 -0.011307744 -0.018163238 -0.010330820 0.011334307 0.999934912 0.001360250 0.001112607 0.018146673 -0.001565806 0.999834120 1.057078481
0.999729276 -0.012065650 -0.019893635 -0.011000708 0.012082235 0.999926746 0.000713651 0.001495865 0.019883573 -0.000953818 0.999801874 1.103498340
0.999697208 -0.012199175 -0.021366583 -0.012358163 0.012216827 0.999925137 0.000695792 0.001225008 0.021356495 -0.000956613 0.999771416 1.148387790
0.999680877 -0.011827877 -0.022320334 -0.013660834 0.011859403 0.999928892 0.001280626 0.001133422 0.022303602 -0.001544923 0.999750018 1.193697095
0.999673724 -0.011833698 -0.022638969 -0.015605757 0.011910425 0.999923825 0.003257276 0.001218760 0.022598699 -0.003525853 0.999738395 1.239060402
0.999624074 -0.012751434 -0.024272105 -0.016109809 0.012899981 0.999898911 0.005973333 0.001394358 0.024193481 -0.006284196 0.999687552 1.283522248
0.999606371 -0.012767309 -0.024983076 -0.017428089 0.012965962 0.999885440 0.007805726 0.001470910 0.024880556 -0.008126582 0.999657393 1.327648520
0.999599516 -0.011912737 -0.025667528 -0.019081848 0.012079019 0.999906957 0.006333011 0.001458589 0.025589695 -0.006640513 0.999650478 1.370951056
0.999593318 -0.010488313 -0.026518306 -0.020048428 0.010591737 0.999936819 0.003762679 0.001925753 0.026477158 -0.004042023 0.999641240 1.413800716
0.999556959 -0.010757420 -0.027756635 -0.020854816 0.010813355 0.999939859 0.001865920 0.002013175 0.027734891 -0.002165236 0.999612987 1.456003070
0.999528944 -0.009541899 -0.029167302 -0.021790143 0.009582886 0.999953210 0.001265808 0.002162471 0.029153857 -0.001544719 0.999573767 1.498330951
0.999522209 -0.009410673 -0.029440336 -0.024168061 0.009441768 0.999954998 0.000917365 0.002611139 0.029430378 -0.001194896 0.999566138 1.538747907
0.999448776 -0.009469971 -0.031819236 -0.025212711 0.009480759 0.999955058 0.000188146 0.002506542 0.031816024 -0.000489713 0.999493659 1.579821348
0.999390960 -0.009518949 -0.033572510 -0.027085675 0.009528515 0.999954641 0.000124950 0.002234610 0.033569798 -0.000444770 0.999436319 1.620105743
0.999332547 -0.008975345 -0.035410393 -0.028893851 0.009021152 0.999958694 0.001134110 0.002469118 0.035398751 -0.001452795 0.999372184 1.660136461
0.999251842 -0.009230602 -0.037556749 -0.030541368 0.009370670 0.999949813 0.003555200 0.002328435 0.037522044 -0.003904472 0.999288201 1.699716926
0.999175727 -0.008744059 -0.039640941 -0.032238569 0.008938530 0.999948919 0.004731281 0.002576157 0.039597541 -0.005081712 0.999202728 1.738904834
0.999120176 -0.007131610 -0.041327726 -0.034273569 0.007366621 0.999957502 0.005537017 0.002153977 0.041286480 -0.005836591 0.999130249 1.776954174
0.999087393 -0.004302416 -0.042493936 -0.037274383 0.004521022 0.999976993 0.005049586 0.002129536 0.042471223 -0.005237094 0.999083936 1.814874291
0.998971999 -0.002921405 -0.045235701 -0.037965696 0.003106500 0.999987125 0.004022039 0.002557534 0.045223366 -0.004158429 0.998968303 1.851010084
0.998912573 -0.002201546 -0.046569128 -0.040184747 0.002458161 0.999982119 0.005453875 0.002033714 0.046556298 -0.005562420 0.998900115 1.888715863
0.998875856 -0.000784081 -0.047396325 -0.042479817 0.001147107 0.999970257 0.007632659 0.001943086 0.047388926 -0.007678447 0.998846948 1.924607038
0.998875499 0.002570702 -0.047339670 -0.044724364 -0.002211593 0.999968410 0.007636608 0.002396280 0.047357813 -0.007523324 0.998849630 1.960017204
0.998929799 0.005993781 -0.045862488 -0.047086813 -0.005737360 0.999967217 0.005720676 0.002254236 0.045895278 -0.005451424 0.998931348 1.995045304
0.999002218 0.007023812 -0.044107564 -0.049066715 -0.006900763 0.999971867 0.002941412 0.002093161 0.044126987 -0.002634100 0.999022484 2.028827190
0.999096155 0.007432322 -0.041854404 -0.050750315 -0.007435668 0.999972463 0.000075718 0.003318182 0.041853819 0.000235565 0.999123693 2.062124491
0.999201417 0.008609782 -0.039017379 -0.052338257 -0.008552437 0.999962091 0.001636397 0.002665068 0.039029989 -0.001301397 0.999237180 2.096192598
0.999287188 0.012770809 -0.035523281 -0.054091156 -0.012633963 0.999911904 0.004074121 0.003150978 0.035572179 -0.003622417 0.999360561 2.128895521
0.999348462 0.017193431 -0.031731438 -0.055269685 -0.016956432 0.999826431 0.007723037 0.002946593 0.031858712 -0.007179955 0.999466598 2.162401676
0.999365091 0.022683265 -0.027470820 -0.056642406 -0.022450743 0.999709725 0.008743404 0.003095984 0.027661175 -0.008121113 0.999584377 2.194539547
0.999419391 0.026183438 -0.021799870 -0.057948478 -0.025996018 0.999623001 0.008836996 0.003378890 0.022023030 -0.008265154 0.999723315 2.224956989
0.999419987 0.030026667 -0.016064199 -0.058698870 -0.029852409 0.999494016 0.010979614 0.003367908 0.016385749 -0.010493691 0.999810696 2.253996372
0.999341190 0.035103105 -0.009211640 -0.059640877 -0.034990873 0.999314725 0.012074550 0.003639197 0.009629184 -0.011744272 0.999884665 2.282711267
0.999275088 0.038006067 -0.002157428 -0.060135163 -0.037978128 0.999209106 0.011777374 0.003852056 0.002603334 -0.011686904 0.999928236 2.310289621
0.999108374 0.041899472 0.005177136 -0.059951711 -0.041959200 0.999047041 0.012025714 0.003788104 -0.004668330 -0.012232223 0.999914289 2.337280750
0.998866677 0.045851916 0.012769364 -0.059797566 -0.045998316 0.998876214 0.011416994 0.004082987 -0.012231523 -0.011991424 0.999853253 2.363377333
0.998548746 0.049861249 0.020350572 -0.059655204 -0.050038349 0.998712957 0.008287922 0.004474314 -0.019911131 -0.009294203 0.999758542 2.387447119
0.998217165 0.052416179 0.028547835 -0.059459887 -0.052602194 0.998598695 0.005803882 0.003878653 -0.028203612 -0.007295213 0.999575555 2.409968615
0.997927427 0.053050142 0.036420949 -0.058966406 -0.053280570 0.998565078 0.005384879 0.004199805 -0.036083020 -0.007314247 0.999321997 2.431868315
0.997624457 0.052384824 0.044734880 -0.057875589 -0.052749861 0.998583138 0.007018054 0.004033647 -0.044303857 -0.009361140 0.998974264 2.452685356
0.997150064 0.054171328 0.052509673 -0.056456953 -0.054650247 0.998475671 0.007727126 0.004088651 -0.052011043 -0.010574769 0.998590529 2.471938133
0.996456921 0.057213947 0.061645664 -0.055666611 -0.057799447 0.998298109 0.007755443 0.004055563 -0.061097026 -0.011291050 0.998067915 2.490843058
0.995585859 0.062207326 0.070278093 -0.054405317 -0.062879175 0.997993827 0.007386133 0.004043257 -0.069677636 -0.011772558 0.997500062 2.507186890
0.994715750 0.065520979 0.079041891 -0.053145140 -0.066302627 0.997772813 0.007302779 0.004080914 -0.078387365 -0.012504875 0.996844530 2.522569895
0.993989527 0.064710841 0.088303030 -0.051448867 -0.065671049 0.997809231 0.008009516 0.003866350 -0.087591268 -0.013760327 0.996061444 2.537203074
0.993052304 0.063507870 0.099065624 -0.049714267 -0.064418159 0.997904837 0.006014013 0.003932792 -0.098476149 -0.012353853 0.995062709 2.551273108
0.991894007 0.062215045 0.110795110 -0.047729403 -0.062784821 0.998025715 0.001657798 0.003758323 -0.110473223 -0.008600611 0.993841827 2.564538717
0.990267217 0.063457273 0.123870820 -0.045369446 -0.063665986 0.997968674 -0.002276669 0.003506638 -0.123763666 -0.005631847 0.992295742 2.577712297
0.988041580 0.065047733 0.139795154 -0.043977797 -0.065021969 0.997872472 -0.004756484 0.003728392 -0.139807135 -0.004390153 0.990168929 2.592015505
0.985532463 0.066880785 0.155732721 -0.041032761 -0.066764347 0.997750819 -0.005984161 0.003497145 -0.155782625 -0.004499808 0.987781227 2.604046822
0.982703686 0.067589559 0.172409534 -0.037949741 -0.067362972 0.997702777 -0.007171587 0.003246281 -0.172498167 -0.004566471 0.984999239 2.616473198
0.979386628 0.066691227 0.190667242 -0.034969449 -0.066318400 0.997763753 -0.008342885 0.003037645 -0.190797225 -0.004473836 0.981619358 2.629717588
0.975493133 0.065622419 0.210016102 -0.031453550 -0.065201022 0.997832060 -0.008937525 0.003212091 -0.210147306 -0.004974767 0.977657020 2.642267227
0.970836282 0.065824516 0.230529875 -0.028428853 -0.065244958 0.997817636 -0.010144915 0.002977919 -0.230694547 -0.005191857 0.973012388 2.654802799
0.965542674 0.067714900 0.251280367 -0.024165511 -0.066725947 0.997693419 -0.012464060 0.002876166 -0.251544774 -0.004732334 0.967834115 2.667582273
0.959187090 0.069346733 0.274137020 -0.020194888 -0.067896917 0.997582793 -0.014785510 0.003171988 -0.274499685 -0.004430986 0.961576998 2.680220366
0.951839864 0.070490740 0.298382103 -0.015226901 -0.068895727 0.997497559 -0.015874431 0.002794884 -0.298754454 -0.005447329 0.954314530 2.692634344
0.943319023 0.073259622 0.323700815 -0.010021150 -0.071659133 0.997286379 -0.016877895 0.002376903 -0.324058920 -0.007274879 0.946008980 2.704868793
0.933289766 0.075424440 0.351114571 -0.004259109 -0.073743835 0.997111678 -0.018176990 0.002091933 -0.351471305 -0.008928135 0.936156154 2.718502760
0.921986818 0.076185890 0.379652470 0.001268148 -0.074336372 0.997041523 -0.019552978 0.001668829 -0.380018950 -0.010194402 0.924922526 2.729865313
0.909461915 0.074291885 0.409096181 0.008808613 -0.071701117 0.997190237 -0.021691002 0.001102410 -0.409558207 -0.009605515 0.912233412 2.741532803
0.894384801 0.071492761 0.441548079 0.016361713 -0.067689240 0.997408450 -0.024385227 0.000511587 -0.442147076 -0.008078279 0.896906197 2.753638029
0.877148747 0.070524953 0.475011855 0.024719596 -0.064562872 0.997495770 -0.028877381 0.000305295 -0.475858927 -0.005338372 0.879505455 2.765220404
0.857430279 0.072692789 0.509439945 0.033138394 -0.064217739 0.997348726 -0.034229401 0.000077046 -0.510577500 -0.003365761 0.859825134 2.776606321
0.835572124 0.074791819 0.544265926 0.042903304 -0.063844904 0.997196853 -0.039016116 -0.000294134 -0.545658410 -0.002147830 0.838004947 2.788566351
0.811004162 0.077497400 0.579884827 0.052988410 -0.064818136 0.996987939 -0.042588089 -0.001166493 -0.581438661 -0.003047947 0.813584566 2.799931526
0.783944130 0.081073701 0.615514815 0.065036654 -0.067316577 0.996691763 -0.045544058 -0.002023436 -0.617170990 -0.005730353 0.786808193 2.812232971
0.753531575 0.085625984 0.651811481 0.075873733 -0.071104378 0.996280432 -0.048676796 -0.002466470 -0.653555155 -0.009667149 0.756817281 2.824176550
0.720568478 0.086759187 0.687934399 0.089601994 -0.070739478 0.996162593 -0.051536318 -0.003371924 -0.689765930 -0.011528678 0.723940730 2.836076021
0.683696330 0.084078230 0.724906921 0.104379296 -0.066847742 0.996380031 -0.052517518 -0.004405022 -0.726698518 -0.012552354 0.686841905 2.848176718
0.644536018 0.082488425 0.760111213 0.121137023 -0.063636735 0.996501327 -0.054181099 -0.005477138 -0.761921108 -0.013449323 0.647530317 2.860381126
0.602175951 0.082365729 0.794103265 0.139415383 -0.061900169 0.996486545 -0.056417782 -0.006449617 -0.795960069 -0.015181690 0.605158687 2.871920109
0.556168199 0.081651643 0.827048898 0.158023357 -0.058055960 0.996547937 -0.059344608 -0.007812142 -0.829039335 -0.015009526 0.558988571 2.882715940
0.507251441 0.080844499 0.857997775 0.177758217 -0.054846354 0.996600270 -0.061478935 -0.008722179 -0.860051095 -0.015872777 0.509960949 2.893302202
0.458083153 0.078981690 0.885393500 0.199430227 -0.053079419 0.996697962 -0.061448492 -0.009984195 -0.887323022 -0.018847657 0.460762799 2.903164864
0.409460038 0.077009022 0.909072101 0.224647999 -0.052492701 0.996769071 -0.060794458 -0.011214688 -0.910816669 -0.022826750 0.412179500 2.912080050
0.359389484 0.077876709 0.929932535 0.249283314 -0.055961899 0.996516883 -0.061825279 -0.011722535 -0.931508183 -0.029821437 0.362495780 2.920274734
0.309857190 0.078107797 0.947569370 0.274682820 -0.053940706 0.996458828 -0.064499021 -0.013302006 -0.949251890 -0.031127078 0.312973142 2.927527428
0.263214022 0.073811829 0.961909652 0.300093412 -0.041929651 0.997001946 -0.065031119 -0.015371833 -0.963825881 -0.023215432 0.265519798 2.931908846
0.219404653 0.068390213 0.973233998 0.327792048 -0.028005965 0.997570574 -0.063786738 -0.016413484 -0.975231946 -0.013261255 0.220786929 2.935569048
0.177102476 0.067040928 0.981906414 0.355992734 -0.019538689 0.997720182 -0.064596526 -0.018591627 -0.983998597 -0.007744959 0.178008601 2.938901663
0.138347581 0.068823747 0.987989426 0.384948552 -0.016014047 0.997607529 -0.067251310 -0.019736234 -0.990254343 -0.006517657 0.139118746 2.942029715
0.105767950 0.069259837 0.991975904 0.415023923 -0.007020919 0.997598588 -0.068903819 -0.021875996 -0.994365990 0.000323233 0.106000237 2.943898201
0.077040076 0.067529000 0.994738519 0.446022719 -0.000091693 0.997704208 -0.067723230 -0.024053084 -0.997027934 0.005126190 0.076869398 2.944973946
0.051930439 0.065950371 0.996470690 0.477431953 0.007138979 0.997766972 -0.066408210 -0.025795752 -0.998625100 0.010562391 0.051343657 2.945357561
0.032043301 0.064553134 0.997399747 0.509057581 0.011641789 0.997820258 -0.064954370 -0.027782466 -0.999418676 0.013692869 0.031221943 2.945449829
0.015994448 0.066756584 0.997641087 0.541716993 0.015099514 0.997638762 -0.066998512 -0.029117577 -0.999758184 0.016135499 0.014948696 2.945952654
0.002553231 0.066604085 0.997776210 0.576537311 0.015036436 0.997664094 -0.066635080 -0.031163890 -0.999883652 0.015173134 0.001545780 2.945568800
-0.009290640 0.067683712 0.997663617 0.609809756 0.016468920 0.997581542 -0.067524791 -0.032902095 -0.999821186 0.015803093 -0.010382850 2.945135593
-0.018115312 0.070659541 0.997335970 0.645355403 0.021185886 0.997302830 -0.070272371 -0.034997996 -0.999611437 0.019856442 -0.019563440 2.944350004
-0.024575455 0.072145998 0.997091293 0.681886494 0.025146922 0.997121513 -0.071528375 -0.037641294 -0.999381661 0.023315938 -0.026318969 2.942392826
-0.028905541 0.071331665 0.997033715 0.717920899 0.025424963 0.997180223 -0.070605047 -0.039676327 -0.999258757 0.023308672 -0.030637639 2.940935612
-0.032506738 0.068630159 0.997112513 0.755585253 0.023259176 0.997421324 -0.067893170 -0.041858420 -0.999200881 0.020985026 -0.034019202 2.940124989
-0.035172809 0.062072042 0.997451723 0.795100331 0.021065570 0.997893512 -0.061356716 -0.043822419 -0.999159217 0.018853795 -0.036406305 2.938779354
-0.036214814 0.056600545 0.997739851 0.832764268 0.022700479 0.998183787 -0.055801768 -0.045700338 -0.999086201 0.020628320 -0.037433892 2.937335491
-0.035774421 0.054076787 0.997895718 0.872686207 0.025707213 0.998254299 -0.053174619 -0.047849994 -0.999029219 0.023750827 -0.037102129 2.935089350
-0.036695685 0.056244608 0.997742414 0.913097739 0.028475152 0.998068333 -0.055215709 -0.050040986 -0.998920739 0.026384691 -0.038226377 2.934027195
-0.035505932 0.063522957 0.997348607 0.952839911 0.029265638 0.997615874 -0.062498119 -0.051930845 -0.998940945 0.026968990 -0.037280317 2.932373285
-0.033543736 0.071146719 0.996901631 0.993255496 0.029988641 0.997085571 -0.070150778 -0.054505475 -0.998987317 0.027542608 -0.035579570 2.931748152
-0.031307116 0.072073288 0.996907830 1.033709407 0.030836370 0.996991575 -0.071110964 -0.056465551 -0.999034047 0.028514741 -0.033435412 2.930308819
-0.029242288 0.067997828 0.997256756 1.076694965 0.030363483 0.997283518 -0.067109302 -0.058659829 -0.999111056 0.028317759 -0.031227501 2.928921223
-0.026787750 0.061487950 0.997748256 1.119428277 0.029578466 0.997718155 -0.060691975 -0.061322868 -0.999203444 0.027886061 -0.028545346 2.928206921
-0.023765534 0.059398815 0.997951388 1.161031127 0.027955750 0.997882485 -0.058728978 -0.064347267 -0.999326587 0.026502751 -0.025375750 2.927371025
-0.020402655 0.064875089 0.997684777 1.202764153 0.035917081 0.997295916 -0.064115286 -0.067189038 -0.999146521 0.034525804 -0.022677610 2.926653624
-0.017479643 0.070750110 0.997340918 1.245419621 0.037336793 0.996843755 -0.070060484 -0.069196127 -0.999149799 0.036012873 -0.020066055 2.925257444
-0.014339613 0.071211748 0.997358143 1.287418723 0.031029087 0.997011900 -0.070740908 -0.071747497 -0.999415636 0.029932711 -0.016506400 2.924554110
-0.010864221 0.067769833 0.997641802 1.328493595 0.026684754 0.997364998 -0.067460440 -0.074187942 -0.999584854 0.025888924 -0.012644013 2.924571514
-0.006258582 0.064013697 0.997929394 1.372679710 0.030677347 0.997491419 -0.063793227 -0.077409998 -0.999509752 0.030214565 -0.008206652 2.924210072
-0.003443259 0.064956039 0.997882307 1.416485786 0.035486229 0.997267544 -0.064793594 -0.080439806 -0.999364257 0.035187975 -0.005738896 2.923917770
-0.000643848 0.069717072 0.997566640 1.458899736 0.034913134 0.996960282 -0.069652170 -0.082909569 -0.999390185 0.034783334 -0.003075932 2.924161434
0.003331190 0.070933320 0.997475505 1.501245379 0.031925067 0.996965110 -0.071003631 -0.085039429 -0.999484718 0.032081001 0.001056529 2.924602747
0.007317701 0.070505328 0.997484565 1.543514371 0.031453785 0.997001469 -0.070701942 -0.087761074 -0.999478459 0.031892039 0.005078098 2.925077200
0.010239519 0.066698067 0.997720659 1.586463809 0.034289774 0.997162759 -0.067012683 -0.091133274 -0.999359429 0.034897797 0.007923404 2.925469637
0.013841827 0.067717768 0.997608483 1.628917217 0.039114587 0.996903837 -0.068212651 -0.093115225 -0.999138832 0.039965227 0.011150217 2.925898552
0.016909407 0.068120390 0.997533798 1.671256304 0.042294018 0.996734798 -0.068782769 -0.096739367 -0.998962045 0.043352790 0.013973110 2.927459955
0.018931437 0.067476407 0.997541249 1.714125752 0.042508967 0.996763587 -0.068230540 -0.100045159 -0.998916745 0.043696150 0.016001813 2.929139853
0.023456156 0.066138618 0.997534692 1.758402228 0.043284371 0.996806383 -0.067108124 -0.102794744 -0.998787344 0.044751775 0.020518478 2.928281784
0.026967200 0.065312885 0.997500360 1.801510811 0.045348037 0.996756077 -0.066490121 -0.105313502 -0.998607159 0.047027737 0.023917906 2.929574013
0.029500045 0.065485083 0.997417390 1.845154643 0.044111099 0.996794343 -0.066748813 -0.108235821 -0.998590946 0.045966279 0.026516855 2.931248903
0.032330103 0.067056999 0.997225225 1.888144493 0.041142259 0.996811926 -0.068363018 -0.111083321 -0.998630047 0.043238290 0.029468153 2.933707714
0.035746276 0.067495279 0.997079015 1.931297064 0.042807903 0.996697485 -0.069004163 -0.113294415 -0.998443544 0.045149501 0.032738898 2.934307575
0.038860649 0.067175433 0.996984124 1.974910736 0.040764201 0.996800542 -0.068751998 -0.115896769 -0.998412728 0.043313000 0.035997964 2.935761452
0.040641110 0.067737661 0.996875048 2.018644333 0.039314665 0.996818304 -0.069336608 -0.118536949 -0.998399973 0.042009722 0.037848718 2.938577652
0.043880999 0.067813739 0.996732593 2.062270164 0.036248196 0.996928573 -0.069422893 -0.121498071 -0.998378813 0.039176110 0.041288093 2.940711975
0.046711747 0.069398120 0.996494830 2.106222868 0.034621976 0.996871829 -0.071047336 -0.124606326 -0.998308182 0.037819367 0.044162933 2.943048477
0.049551908 0.072823711 0.996113122 2.150182009 0.033329103 0.996662080 -0.074521840 -0.127729535 -0.998215258 0.036892254 0.046959363 2.945828676
0.053371444 0.075166516 0.995741665 2.194610596 0.033595178 0.996463239 -0.077021666 -0.130629405 -0.998009443 0.037562881 0.050657451 2.947903395
0.055557322 0.077172935 0.995468616 2.240170479 0.027021427 0.996527016 -0.078763083 -0.134033620 -0.998089790 0.031274848 0.053279065 2.952244520
0.058870040 0.076395072 0.995338202 2.284011126 0.023668781 0.996680319 -0.077897996 -0.136787251 -0.997985005 0.028144300 0.056866433 2.954524755
0.062339652 0.076651499 0.995107114 2.329065084 0.026165092 0.996578217 -0.078403957 -0.140234470 -0.997711837 0.030924745 0.060120743 2.957532406
0.066546999 0.077940919 0.994734526 2.374149323 0.024924109 0.996503592 -0.079746939 -0.143567681 -0.997471809 0.030099792 0.064371713 2.960144997
0.070053525 0.079493567 0.994370878 2.420248032 0.020693189 0.996489406 -0.081120797 -0.146456301 -0.997328520 0.026259499 0.068162635 2.964348078
0.074525677 0.077291481 0.994219363 2.464671850 0.019871611 0.996678710 -0.078972228 -0.149631292 -0.997021079 0.025642194 0.072742246 2.967484236
0.078741215 0.077008843 0.993916273 2.511099815 0.019523429 0.996701419 -0.078771360 -0.153471977 -0.996703863 0.025607204 0.076978005 2.971856356
0.084321201 0.080956668 0.993144512 2.557686806 0.016379856 0.996446848 -0.082616575 -0.156706780 -0.996304035 0.023233889 0.082695536 2.976090193
0.090129741 0.089027144 0.991942942 2.603334665 0.015069769 0.995760620 -0.090739064 -0.160429955 -0.995816112 0.023126639 0.088406034 2.980728149
0.097712710 0.094255626 0.990741193 2.650323629 0.013959985 0.995277226 -0.096063972 -0.164105937 -0.995116711 0.023217404 0.095935434 2.985439777
0.104561009 0.096940383 0.989782512 2.692243814 0.008825408 0.995108366 -0.098394319 -0.167963862 -0.994479418 0.019023446 0.103193976 2.990451574
0.111757688 0.095345646 0.989150822 2.738084793 0.005118200 0.995318055 -0.096518368 -0.172046542 -0.993722320 0.015849343 0.110746443 2.996331453
0.118959635 0.093689702 0.988468945 2.785116911 0.004672826 0.995474279 -0.094916053 -0.176417544 -0.992888212 0.015910119 0.117983468 3.002335072
0.126864195 0.090096503 0.987819910 2.831233263 0.004592536 0.995802224 -0.091414392 -0.179980189 -0.991909504 0.016133809 0.125917912 3.007561207
0.134317726 0.084797300 0.987303495 2.878431320 0.001951557 0.996307373 -0.085836120 -0.183996931 -0.990936399 0.013456089 0.133656219 3.014507771
0.141043827 0.077071995 0.986998737 2.925256014 -0.000939405 0.996975064 -0.077716753 -0.188147172 -0.990002930 0.010034281 0.140689597 3.022445679
0.148308247 0.074732557 0.986113429 2.970910072 -0.000744243 0.997148633 -0.075456955 -0.191441923 -0.988940835 0.010456979 0.147940993 3.029556751
0.156359181 0.076170355 0.984758854 3.017179251 -0.001694862 0.997041166 -0.076851279 -0.195743352 -0.987698793 0.010347372 0.156025648 3.036348581
0.161735073 0.082698353 0.983362973 3.061786890 -0.000869056 0.996493995 -0.083659701 -0.199217469 -0.986833811 0.012676110 0.161239862 3.044543743
0.166748539 0.085974149 0.982244074 3.106539965 -0.002608949 0.996226251 -0.086755089 -0.202934206 -0.985995948 0.011903661 0.166343555 3.052480936
0.171983555 0.089127399 0.981059551 3.150906801 -0.003775537 0.995951056 -0.089818373 -0.206660151 -0.985092580 0.011743259 0.171623692 3.060363531
0.177772850 0.088850290 0.980052292 3.194689274 -0.006586943 0.996000707 -0.089101337 -0.210386127 -0.984049439 0.009384251 0.177647144 3.068067074
0.182564408 0.086000994 0.979425311 3.238888741 -0.001974552 0.996197104 -0.087105617 -0.214212120 -0.983191907 0.013968462 0.182039976 3.076984167
0.186971366 0.079985425 0.979103625 3.282920837 -0.001119792 0.996696472 -0.081208780 -0.217082247 -0.982364714 0.014087327 0.186443299 3.085492134
0.189887881 0.073453143 0.979054213 3.325541019 -0.003059564 0.997236848 -0.074223891 -0.220866367 -0.981801093 0.011098739 0.189587981 3.094670773
0.193098456 0.070466354 0.978645742 3.367338181 -0.006544474 0.997488022 -0.070531778 -0.223907471 -0.981157541 0.007214857 0.193074584 3.103325844
0.197092175 0.069700025 0.977904201 3.408685684 -0.007584214 0.997548103 -0.069571584 -0.227293462 -0.980355620 0.006295379 0.197137550 3.111436367
0.199145973 0.071737655 0.977340519 3.449692249 -0.010041730 0.997413993 -0.071164928 -0.230289087 -0.979918480 0.004358020 0.199351326 3.120055676
0.200421989 0.076531962 0.976715922 3.489802122 -0.014410621 0.997066617 -0.075169511 -0.233067513 -0.979603648 0.000990542 0.200936958 3.129279852
0.202879012 0.080013387 0.975929320 3.529613495 -0.014300342 0.996791720 -0.078751042 -0.236508995 -0.979099333 0.002020807 0.203372315 3.138017893
0.204403177 0.085445121 0.975150466 3.568452597 -0.015453279 0.996340573 -0.084062658 -0.239724636 -0.978764772 0.002113404 0.204975620 3.146915913
0.206102461 0.087567896 0.974604309 3.607412338 -0.014961817 0.996153295 -0.086340040 -0.242809147 -0.978416026 0.003213045 0.206619829 3.155427933
0.207302555 0.087377854 0.974366963 3.646328449 -0.017569693 0.996175051 -0.085595489 -0.246204838 -0.978119016 0.000624836 0.208044857 3.164960623
0.207600743 0.084604234 0.974548161 3.684470654 -0.017411523 0.996414661 -0.082793504 -0.249349475 -0.978058636 0.000219626 0.208329529 3.173475742
0.208621234 0.081686400 0.974579155 3.721158266 -0.016737157 0.996658027 -0.079954192 -0.252553523 -0.977853298 0.000368453 0.209291220 3.180974722
0.208821371 0.080647998 0.974622726 3.758251190 -0.015223288 0.996741235 -0.079216518 -0.255122721 -0.977835298 0.001705140 0.209368601 3.188649178
0.206833690 0.079812177 0.975115299 3.793985128 -0.015935477 0.996809721 -0.078207739 -0.258406937 -0.978246391 0.000637067 0.207445681 3.197039127
0.205193594 0.080672003 0.975391030 3.830225229 -0.017237615 0.996740520 -0.078811467 -0.261478543 -0.978569567 -0.000641803 0.205915347 3.204954624
0.203189582 0.083305769 0.975589097 3.864918470 -0.017749162 0.996523678 -0.081396684 -0.264361560 -0.978978515 -0.000776931 0.203961879 3.212203503
0.201190382 0.087347172 0.975649893 3.899362326 -0.016342608 0.996177018 -0.085814856 -0.267421693 -0.979415834 0.001320458 0.201848716 3.219062805
0.199573904 0.087969959 0.975925982 3.934817314 -0.013541624 0.996114492 -0.087020531 -0.270158589 -0.979789257 0.004151402 0.199989721 3.226382017
0.197139889 0.086576037 0.976545155 3.967036247 -0.014372145 0.996241212 -0.085420832 -0.272761285 -0.980269969 0.002804807 0.197643161 3.232812405
0.194734648 0.083691522 0.977278888 4.000178337 -0.014348417 0.996489525 -0.082477584 -0.275425017 -0.980751038 0.002038836 0.195251867 3.239426613
0.192573041 0.079436421 0.978062093 4.032995701 -0.014037754 0.996838987 -0.078197531 -0.278566301 -0.981182218 0.001328943 0.193079472 3.245967150
0.190549001 0.078600504 0.978525937 4.065538406 -0.010716253 0.996896625 -0.077989347 -0.281342030 -0.981619120 0.004374662 0.190799966 3.252429962
0.189359307 0.080207206 0.978626549 4.096921921 -0.006711540 0.996740580 -0.080393173 -0.283658922 -0.981884837 0.008655107 0.189280435 3.258246660
0.186468408 0.081991121 0.979033709 4.127449512 -0.002919527 0.996553421 -0.082902282 -0.286404699 -0.982456625 0.012600342 0.186065078 3.263611794
0.184932888 0.083610684 0.979188085 4.158414841 -0.002932731 0.996416807 -0.084527932 -0.288678706 -0.982746661 0.012760298 0.184515432 3.269285679
0.183501676 0.086244754 0.979228854 4.188938141 -0.003541723 0.996195495 -0.087075382 -0.291198164 -0.983012974 0.012510321 0.183109000 3.275501728
0.182214752 0.084765501 0.979598105 4.220886707 -0.001879454 0.996305287 -0.085861579 -0.293959111 -0.983256936 0.013804137 0.181700811 3.281132698
0.183509707 0.082996853 0.979507864 4.252370834 0.004118140 0.996355712 -0.085195959 -0.296623290 -0.983009279 0.019668033 0.182499141 3.286108255
0.185492843 0.081149720 0.979289055 4.283751488 0.009102589 0.996399522 -0.084291779 -0.298831075 -0.982603431 0.024549585 0.184086323 3.291937113
0.187461391 0.081092022 0.978918910 4.315578461 0.011442619 0.996338546 -0.084726267 -0.301051497 -0.982205331 0.027084302 0.185847089 3.297668219
0.190967157 0.080641046 0.978278458 4.346806049 0.009318948 0.996425867 -0.083956085 -0.303497702 -0.981552184 0.025149379 0.189533100 3.303761959
0.196572319 0.081839271 0.977067888 4.378529549 0.007398576 0.996358275 -0.084943518 -0.305852473 -0.980461419 0.023926456 0.195250943 3.310075045
0.203025565 0.080140911 0.975888312 4.411165714 0.009217886 0.996444583 -0.083746694 -0.308716863 -0.979130030 0.025998352 0.201564968 3.317391872
0.210354194 0.080644481 0.974293351 4.443303585 0.006998181 0.996442199 -0.083988711 -0.310904205 -0.977600217 0.024485661 0.209041432 3.324980497
0.218951434 0.078007333 0.972612560 4.476222992 0.008276152 0.996614754 -0.081795506 -0.313667178 -0.975700676 0.025958735 0.217564642 3.332460403
0.227537885 0.078002885 0.970640063 4.508508205 0.004069217 0.996701598 -0.081051171 -0.316252887 -0.973760784 0.022391954 0.226469994 3.341323614
0.237355337 0.077393144 0.968335032 4.542519569 0.003384428 0.996749341 -0.080493711 -0.319231331 -0.971417010 0.022382868 0.236321881 3.350003004
0.246985510 0.081379883 0.965595901 4.575911522 -0.002222423 0.996512234 -0.083417028 -0.321786344 -0.969016612 0.018456839 0.246304944 3.358916521
0.256131291 0.083593361 0.963020742 4.610416412 -0.005518076 0.996363997 -0.085020050 -0.324066520 -0.966626227 0.016462274 0.255661279 3.369899273
0.266929477 0.086271770 0.959846735 4.644147396 -0.009513824 0.996172309 -0.086890988 -0.326795101 -0.963669062 0.014061949 0.266728550 3.379442692
0.277135164 0.087874331 0.956804156 4.679313660 -0.010860355 0.996032000 -0.088331386 -0.329792559 -0.960769534 0.014088500 0.276989818 3.390542984
0.286662817 0.088675663 0.953918874 4.714777470 -0.014041643 0.995988905 -0.088366814 -0.332749128 -0.957928658 0.011936890 0.286758184 3.402119160
0.297426671 0.089026533 0.950584829 4.750361919 -0.014729774 0.995952427 -0.088666625 -0.335450888 -0.954631031 0.012369922 0.297534168 3.413413048
0.307520777 0.090419173 0.947235584 4.786653042 -0.019109001 0.995861053 -0.088856995 -0.337761343 -0.951349437 0.009224649 0.307975769 3.426019907
0.317937940 0.085786477 0.944222450 4.823344707 -0.019605607 0.996280074 -0.083914511 -0.340830058 -0.947908759 0.008167553 0.318437159 3.439115524
0.328422695 0.078438029 0.941268265 4.861036301 -0.015486992 0.996859074 -0.077666886 -0.343894482 -0.944403887 0.010930157 0.328605980 3.452535152
0.338989973 0.074325472 0.937849402 4.898044109 -0.014303343 0.997166336 -0.073856376 -0.346363008 -0.940681219 0.011622194 0.339092553 3.466770411
0.349552035 0.070943698 0.934227169 4.937560558 -0.014506123 0.997419298 -0.070314772 -0.349034846 -0.936804771 0.011026660 0.349679053 3.481612206
0.358882815 0.068392918 0.930873513 4.977117538 -0.008294512 0.997506142 -0.070090733 -0.351698399 -0.933345735 0.017433219 0.358555168 3.497041464
0.367378503 0.062919587 0.927940845 5.016846180 -0.001632944 0.997751296 -0.067006625 -0.353965938 -0.930070043 0.023101522 0.366655141 3.512679815
0.374214530 0.053864285 0.925776541 5.057590008 0.007292405 0.998109937 -0.061020553 -0.356378257 -0.927313507 0.029585913 0.373114437 3.528929710
0.380975932 0.049784403 0.923243642 5.098472118 0.011793438 0.998206317 -0.058693193 -0.359127551 -0.924509704 0.033248913 0.379705489 3.546103954
0.389263511 0.048942037 0.919825256 5.141535759 0.016153576 0.998071194 -0.059941418 -0.361232549 -0.920984745 0.038191479 0.387722105 3.562839270
0.396967918 0.055591378 0.916147411 5.182524681 0.017414836 0.997528136 -0.068075389 -0.363915533 -0.917667329 0.042978302 0.395018548 3.579984188
0.404035836 0.059904721 0.912779510 5.222612381 0.021192610 0.996972561 -0.074810989 -0.366394043 -0.914497495 0.049570508 0.401543111 3.597867966
0.408925176 0.061880570 0.910467565 5.263134956 0.019681053 0.996868253 -0.076592356 -0.369126320 -0.912355661 0.049239498 0.406426638 3.616994619
0.414039314 0.063033141 0.908073843 5.304208755 0.013266408 0.997075677 -0.075259991 -0.372559249 -0.910162330 0.043207470 0.411992341 3.635700703
0.418119520 0.066476792 0.905956328 5.344466686 0.007210277 0.997044325 -0.076488309 -0.375754267 -0.908363461 0.038513456 0.416404396 3.655029297
0.422483414 0.069613054 0.903693438 5.381915569 0.005483929 0.996831536 -0.079351425 -0.379545033 -0.906354070 0.038480446 0.420763105 3.671256065
0.426454723 0.073527455 0.901515424 5.420542717 0.003741903 0.996538639 -0.083047599 -0.381768584 -0.904501259 0.038789421 0.424703479 3.690419197
0.429637223 0.077074505 0.899706304 5.459385395 -0.000312009 0.996363342 -0.085205764 -0.385398984 -0.903001547 0.036326852 0.428098798 3.710533619
0.433610171 0.075473055 0.897934437 5.497256756 -0.000981024 0.996525168 -0.083286062 -0.388588369 -0.901100039 0.035232786 0.432177484 3.729275942
0.437699795 0.072377488 0.896203339 5.535156727 0.000105405 0.996750653 -0.080549158 -0.391988069 -0.899121165 0.035350818 0.436269939 3.747968435
0.441250652 0.069997080 0.894649744 5.569748402 -0.000741113 0.996981323 -0.077637926 -0.394837260 -0.897383630 0.033594750 0.439970493 3.764364243
0.444460154 0.068514720 0.893174648 5.607787609 -0.001539310 0.997127652 -0.075722903 -0.398735166 -0.895797312 0.032280937 0.443288982 3.784784317
0.447981328 0.070062682 0.891293466 5.643360615 -0.003289080 0.997047007 -0.076722614 -0.401652455 -0.894036770 0.031438764 0.446889013 3.803153515
0.450167507 0.070972525 0.890119195 5.678219318 -0.003023637 0.996951818 -0.077961534 -0.404793918 -0.892939091 0.032404352 0.449009955 3.821516752
0.452917397 0.069033429 0.888875842 5.712208748 -0.000696871 0.997024894 -0.077077620 -0.407461673 -0.891552210 0.034290366 0.451617986 3.837768316
0.454811245 0.067689210 0.888011813 5.746747017 0.002502474 0.997006297 -0.077279069 -0.409562588 -0.890584350 0.037369616 0.453280240 3.855556011
0.456303537 0.067353562 0.887271464 5.779840946 0.001096053 0.997087836 -0.076253489 -0.412966728 -0.889823496 0.035767227 0.454900801 3.873328686
0.458753228 0.066488348 0.886072636 5.812925816 0.002631892 0.997090399 -0.076181419 -0.415810764 -0.888559878 0.037280515 0.457243443 3.890181780
0.460883051 0.068341732 0.884825587 5.845301628 0.001263742 0.996978939 -0.077662431 -0.418955117 -0.887459874 0.036911488 0.459404290 3.907654762
0.464329034 0.068270311 0.883027613 5.876275539 0.005143484 0.996799946 -0.079771131 -0.421326756 -0.885647833 0.041581891 0.462492019 3.922705650
0.466749847 0.067851283 0.881782651 5.907619476 0.006208605 0.996776581 -0.079986192 -0.424303144 -0.884367585 0.042808190 0.464824110 3.940696239
0.470176458 0.066056117 0.880097032 5.938266277 0.009990850 0.996732831 -0.080147743 -0.426385552 -0.882515907 0.046476487 0.467980444 3.956638336
0.473264813 0.065122612 0.878509760 5.968372822 0.010310844 0.996785939 -0.079444841 -0.429730713 -0.880859911 0.046656623 0.471072286 3.972925186
0.476608276 0.064683698 0.876732886 5.997428417 0.011040131 0.996770442 -0.079541452 -0.432636112 -0.879046500 0.047589362 0.474354953 3.988422632
0.480748594 0.063563228 0.874551654 6.025918484 0.012414005 0.996775806 -0.079270683 -0.434801340 -0.876770675 0.048965957 0.478409499 4.002590179
0.483558565 0.063461550 0.873008430 6.056529522 0.014163897 0.996670425 -0.080296256 -0.437325686 -0.875197351 0.051193155 0.481049627 4.021393776
0.487435579 0.064305849 0.870787680 6.084913731 0.014263825 0.996564865 -0.081578597 -0.439687192 -0.873042464 0.052185085 0.484843880 4.037575722
0.491906434 0.064338513 0.868267536 6.112879753 0.016529210 0.996396005 -0.083197229 -0.442254186 -0.870491147 0.055277035 0.489070147 4.053157330
0.496418893 0.067710787 0.865438342 6.140699863 0.014337434 0.996177793 -0.086163685 -0.445072114 -0.867964745 0.055181440 0.493550718 4.070094585
0.501548767 0.073710307 0.861983478 6.168903828 0.010252332 0.995787323 -0.091117576 -0.448144257 -0.865068555 0.054537252 0.498680234 4.087258339
0.507468581 0.081192538 0.857836485 6.197039127 0.004373693 0.995295227 -0.096790090 -0.451030493 -0.861659169 0.052869830 0.504725933 4.104407310
0.512889326 0.087328494 0.854001343 6.224461555 -0.000876384 0.994865060 -0.101206608 -0.454132080 -0.858454287 0.051159352 0.510332167 4.122468948
0.519906759 0.091827720 0.849272966 6.252237320 -0.004204196 0.994468272 -0.104953252 -0.456679285 -0.854212582 0.050995398 0.517416775 4.139319897
0.526149511 0.091858163 0.845416307 6.279898167 -0.008803813 0.994684041 -0.102597646 -0.459944844 -0.850346506 0.046538807 0.524161279 4.155837059
0.531345248 0.091236301 0.842228055 6.307311058 -0.016166655 0.995094717 -0.097596705 -0.462838441 -0.847001135 0.038241535 0.530213833 4.174531460
0.536392987 0.088925697 0.839270413 6.337363720 -0.021316169 0.995543718 -0.091860250 -0.466074944 -0.843699098 0.031383157 0.535898209 4.196627140
0.542602897 0.087093353 0.835462093 6.365328312 -0.027889106 0.995929897 -0.085708447 -0.468978941 -0.839526296 0.023205359 0.542823255 4.215048790
0.549007118 0.085424446 0.831440866 6.394615650 -0.030792117 0.996155202 -0.082015365 -0.471490502 -0.835250318 0.019425197 0.549526751 4.234520435
0.554369569 0.088690162 0.827531636 6.424381733 -0.036675029 0.995943248 -0.082170695 -0.475089729 -0.831462145 0.015203184 0.555373311 4.256590843
0.561133564 0.092300810 0.822562933 6.453936577 -0.040091462 0.995627522 -0.084371150 -0.477778494 -0.826753616 0.014365729 0.562380433 4.276489258
0.566906214 0.095878243 0.818183780 6.484906197 -0.041636761 0.995269299 -0.087780446 -0.479675770 -0.822729409 0.015696758 0.568216443 4.299677372
0.572538316 0.098198280 0.813976049 6.514654636 -0.044746578 0.995064199 -0.088570781 -0.482757419 -0.818655968 0.014287516 0.574106514 4.322408199
0.579703271 0.098917954 0.808801174 6.546645641 -0.046546884 0.995003223 -0.088328645 -0.485592782 -0.813497186 0.013557218 0.581410944 4.345013618
0.585516155 0.101359792 0.804298997 6.578282833 -0.053761743 0.994823456 -0.086232491 -0.489055991 -0.808876097 0.007250011 0.587934494 4.369743347
0.592934728 0.099073760 0.799132526 6.611000538 -0.053005286 0.995052040 -0.084034719 -0.491224974 -0.803504050 0.007468854 0.595252395 4.394632816
0.600609779 0.097190075 0.793613255 6.644352913 -0.053781126 0.995247304 -0.081181467 -0.494681984 -0.797731459 0.006076965 0.602982223 4.419090271
