0.999998450 0.000917203 0.001449905 -0.000056790 -0.000910242 0.999988019 -0.004794636 -0.000888142 -0.001454285 0.004793310 0.999987483 0.048281580
0.999998450 -0.001227093 0.001241001 0.000740132 0.001234290 0.999982357 -0.005815424 -0.001612617 -0.001233843 0.005816946 0.999982297 0.099050723
0.999993503 -0.002841861 0.002204187 0.000231061 0.002845344 0.999994695 -0.001578719 -0.002407321 -0.002199689 0.001584980 0.999996305 0.144180864
0.999985218 -0.005119129 0.001822463 0.000367286 0.005111043 0.999977171 0.004414437 -0.003311681 -0.001845019 -0.004405056 0.999988616 0.191837579
0.999962866 -0.008612087 0.000393546 0.000635247 0.008610290 0.999953330 0.004362518 -0.003992255 -0.000431098 -0.004358968 0.999990404 0.239312559
0.999932945 -0.011571378 -0.000650723 0.000862546 0.011572412 0.999931693 0.001605669 -0.004556627 0.000632098 -0.001613091 0.999998569 0.286488354
0.999928236 -0.011886257 -0.001502001 0.000970876 0.011883414 0.999927521 -0.001888298 -0.005436891 0.001524338 0.001870314 0.999997079 0.333109856
0.999935567 -0.011131856 -0.002190628 0.000901830 0.011126152 0.999934733 -0.002598349 -0.006103544 0.002219410 0.002573809 0.999994159 0.379844397
0.999936163 -0.010903722 -0.002957557 0.000460790 0.010902066 0.999940395 -0.000575426 -0.007114065 0.002963655 0.000543146 0.999995470 0.426101178
0.999933660 -0.010856466 -0.003855213 0.000489227 0.010865444 0.999938309 0.002315041 -0.007906046 0.003829842 -0.002356776 0.999989867 0.473168015
0.999932587 -0.010639993 -0.004632066 0.000170764 0.010656503 0.999936998 0.003554663 -0.008376253 0.004593953 -0.003603785 0.999982893 0.518566430
0.999915183 -0.012065049 -0.004906348 -0.000272056 0.012086919 0.999917030 0.004452350 -0.009004095 0.004852222 -0.004511274 0.999978006 0.564642012
0.999903917 -0.012340685 -0.006312146 0.000016011 0.012369032 0.999913514 0.004471688 -0.009619466 0.006256417 -0.004549334 0.999970078 0.610548675
0.999899209 -0.012751915 -0.006223558 -0.001059505 0.012770369 0.999914169 0.002934068 -0.010269948 0.006185609 -0.003013249 0.999976337 0.655931473
0.999883890 -0.012737445 -0.008360643 -0.000737528 0.012748555 0.999917924 0.001276997 -0.011168558 0.008343691 -0.001383435 0.999964237 0.701293051
0.999851048 -0.014296706 -0.009668086 -0.001375485 0.014288408 0.999897480 -0.000926560 -0.010968350 0.009680343 0.000788281 0.999952853 0.746417165
0.999836683 -0.013679226 -0.011803931 -0.001149378 0.013663678 0.999905705 -0.001396624 -0.011728641 0.011821920 0.001235111 0.999929368 0.791245341
0.999854982 -0.012009429 -0.012071494 -0.003163288 0.011996228 0.999927402 -0.001165191 -0.013687870 0.012084610 0.001020209 0.999926448 0.837179601
0.999828100 -0.011313361 -0.014689771 -0.002988282 0.011277791 0.999933302 -0.002501966 -0.013423676 0.014717097 0.002335868 0.999888957 0.881070375
0.999795973 -0.011718652 -0.016453819 -0.003339978 0.011696974 0.999930561 -0.001413148 -0.014357557 0.016469236 0.001220400 0.999863625 0.925761521
0.999773562 -0.011529663 -0.017889213 -0.004385879 0.011533121 0.999933541 0.000090170 -0.015171485 0.017886983 -0.000296468 0.999839902 0.970948398
0.999749482 -0.010865654 -0.019566040 -0.004987497 0.010883282 0.999940455 0.000794608 -0.016205464 0.019556245 -0.001007352 0.999808252 1.013848424
0.999703288 -0.012007552 -0.021193456 -0.005601617 0.012028636 0.999927282 0.000867611 -0.017208610 0.021181500 -0.001122282 0.999775052 1.057641625
0.999661148 -0.010950378 -0.023614477 -0.005893638 0.010944680 0.999940097 -0.000370604 -0.017404288 0.023617122 0.000112026 0.999721110 1.100717425
0.999656320 -0.011748792 -0.023436446 -0.008003842 0.011757737 0.999930799 0.000243949 -0.018259324 0.023431959 -0.000519425 0.999725282 1.143756270
0.999633014 -0.011615023 -0.024472771 -0.009168118 0.011672152 0.999929488 0.002192870 -0.018811207 0.024445573 -0.002477715 0.999698043 1.187067986
0.999587715 -0.012304404 -0.025939999 -0.009441232 0.012429457 0.999911904 0.004665207 -0.019321954 0.025880307 -0.004985704 0.999652624 1.229303598
0.999584854 -0.012584318 -0.025917862 -0.011372887 0.012763697 0.999895632 0.006767243 -0.020400910 0.025829995 -0.007095241 0.999641120 1.270367742
0.999570429 -0.012224645 -0.026636697 -0.012598515 0.012393752 0.999903977 0.006192801 -0.021183040 0.026558436 -0.006520269 0.999626040 1.312008381
0.999558151 -0.010974249 -0.027623463 -0.013970330 0.011067865 0.999933481 0.003238458 -0.021551922 0.027586086 -0.003542761 0.999613225 1.352997780
0.999550223 -0.010495330 -0.028096618 -0.015059043 0.010533752 0.999943793 0.001219739 -0.022014070 0.028082240 -0.001515153 0.999604464 1.391567111
0.999541461 -0.008866213 -0.028952871 -0.016363438 0.008899000 0.999959886 0.001003785 -0.022876516 0.028942810 -0.001260977 0.999580324 1.431613207
0.999497175 -0.009719872 -0.030181112 -0.017763671 0.009730301 0.999952614 0.000198675 -0.023240928 0.030177752 -0.000492246 0.999544442 1.469957352
0.999422133 -0.009478152 -0.032642584 -0.018597158 0.009460098 0.999954998 -0.000707552 -0.024013752 0.032647822 0.000398341 0.999466836 1.509008646
0.999361813 -0.008650117 -0.034657810 -0.020085625 0.008623265 0.999962389 -0.000924212 -0.024758847 0.034664501 0.000624759 0.999398828 1.547255993
0.999298334 -0.009095402 -0.036333006 -0.021465827 0.009115166 0.999958396 0.000378339 -0.025198905 0.036328062 -0.000709255 0.999339640 1.583812356
0.999213994 -0.009203705 -0.038557757 -0.023007594 0.009313206 0.999953091 0.002661250 -0.025871038 0.038531452 -0.003018254 0.999252796 1.620674849
0.999149024 -0.008594764 -0.040340621 -0.024414487 0.008779136 0.999951720 0.004395363 -0.026620004 0.040300891 -0.004745779 0.999176323 1.657302380
0.999081850 -0.007389544 -0.042200331 -0.026116066 0.007600548 0.999959350 0.004841774 -0.027177382 0.042162839 -0.005158072 0.999097407 1.693558812
0.999029517 -0.004803489 -0.043780621 -0.028371371 0.004978064 0.999980092 0.003879321 -0.027746828 0.043761112 -0.004093501 0.999033630 1.729407907
0.998951495 -0.003168836 -0.045671962 -0.029940408 0.003305326 0.999990284 0.002913296 -0.028141286 0.045662295 -0.003061202 0.998952270 1.764739871
0.998901129 -0.002614787 -0.046795491 -0.031971332 0.002814352 0.999987185 0.004199257 -0.028777419 0.046783913 -0.004326341 0.998895705 1.799249649
0.998846412 -0.001337479 -0.048000827 -0.033690803 0.001631267 0.999980211 0.006081814 -0.029236060 0.047991749 -0.006153101 0.998828769 1.833894849
0.998834729 0.001662285 -0.048233263 -0.035398543 -0.001335390 0.999975860 0.006808821 -0.029968146 0.048243418 -0.006736476 0.998812854 1.867813349
0.998884559 0.005032811 -0.046952412 -0.037183274 -0.004830833 0.999978542 0.004414229 -0.030180659 0.046973616 -0.004182485 0.998887360 1.900876522
0.998990357 0.006058800 -0.044512972 -0.039597005 -0.005997534 0.999980927 0.001509776 -0.030995103 0.044521265 -0.001241283 0.999007642 1.932212949
0.999041557 0.006557541 -0.043274328 -0.040041946 -0.006574835 0.999978364 -0.000257352 -0.031330295 0.043271706 0.000541627 0.999063134 1.964428902
0.999168575 0.007156072 -0.040134653 -0.041348681 -0.007120906 0.999974191 0.001019105 -0.032108989 0.040140904 -0.000732463 0.999193728 1.995198131
0.999263465 0.011921607 -0.036474258 -0.043328136 -0.011794268 0.999923587 0.003704381 -0.032519370 0.036515631 -0.003271465 0.999327660 2.026791334
0.999324679 0.016592011 -0.032785822 -0.044300832 -0.016376864 0.999842644 0.006819888 -0.032730024 0.032893829 -0.006278353 0.999439061 2.058333874
0.999370337 0.021240147 -0.028420174 -0.045395639 -0.021033179 0.999750197 0.007561569 -0.032989271 0.028573686 -0.006959042 0.999567449 2.087993383
0.999417186 0.025180412 -0.023048241 -0.046223164 -0.025004053 0.999656141 0.007908276 -0.033418972 0.023239452 -0.007327368 0.999703050 2.117414951
0.999438584 0.028738605 -0.017220343 -0.046800040 -0.028571362 0.999542892 0.009880734 -0.033676192 0.017496426 -0.009383178 0.999802947 2.145448446
0.999383986 0.033528823 -0.010366041 -0.047591910 -0.033412378 0.999378741 0.011210237 -0.033994287 0.010735468 -0.010856976 0.999883413 2.172190666
0.999317586 0.036820434 -0.002909124 -0.048086457 -0.036787286 0.999265492 0.010728238 -0.034312416 0.003302004 -0.010613900 0.999938250 2.198604107
0.999197245 0.039773297 0.004796615 -0.048479266 -0.039823234 0.999148250 0.010808126 -0.034668524 -0.004362654 -0.010990465 0.999930024 2.223190308
0.998972237 0.043666307 0.012158214 -0.048122749 -0.043791864 0.998988092 0.010259070 -0.034881100 -0.011697934 -0.010780956 0.999873400 2.247792006
0.998655915 0.047836464 0.019950418 -0.048096541 -0.047993153 0.998819888 0.007449912 -0.034994580 -0.019570492 -0.008397382 0.999773204 2.271256924
0.998299599 0.051041823 0.028154328 -0.047356419 -0.051198699 0.998676538 0.004879135 -0.035858590 -0.027868029 -0.006312305 0.999591649 2.293407917
0.998052776 0.050878964 0.036083397 -0.046574540 -0.051069986 0.998685420 0.004391314 -0.035953514 -0.035812538 -0.006225544 0.999339104 2.313928604
0.997791469 0.049782012 0.043977097 -0.045252562 -0.050102636 0.998724639 0.006218244 -0.036614385 -0.043611452 -0.008407880 0.999013186 2.333932877
0.997318745 0.051624954 0.051868040 -0.044177301 -0.052037831 0.998623013 0.006640622 -0.036625534 -0.051453792 -0.009321917 0.998631895 2.352389812
0.996689200 0.053832691 0.060931951 -0.043428347 -0.054342333 0.998499572 0.006736951 -0.036947995 -0.060477857 -0.010025832 0.998119175 2.370130539
0.995859623 0.058294002 0.069754049 -0.042248100 -0.058852796 0.998248816 0.005981045 -0.036998317 -0.069283225 -0.010061502 0.997546256 2.386147499
0.994949639 0.061847273 0.079057373 -0.041451052 -0.062520750 0.998025239 0.006069785 -0.037443362 -0.078525834 -0.010981855 0.996851563 2.401096821
0.994268537 0.060744181 0.087978631 -0.039689839 -0.061577749 0.998079300 0.006789314 -0.037827633 -0.087397225 -0.012167929 0.996099234 2.414815187
0.993298233 0.059816878 0.098896854 -0.038398638 -0.060611561 0.998148620 0.005047856 -0.038112160 -0.098411813 -0.011008319 0.995084882 2.427872658
0.992214501 0.057730131 0.110352390 -0.035797179 -0.058172438 0.998306274 0.000790116 -0.038740009 -0.110119835 -0.007203433 0.993892312 2.440769672
0.990541875 0.058983613 0.123886093 -0.034054011 -0.058999881 0.998251736 -0.003540606 -0.038498163 -0.123878345 -0.003802147 0.992290139 2.454473257
0.988409102 0.060456093 0.139256418 -0.031678140 -0.060248580 0.998167098 -0.005709086 -0.038792517 -0.139346331 -0.002747089 0.990239918 2.466711760
0.985811353 0.061937314 0.156012192 -0.029883981 -0.061631430 0.998075843 -0.006801816 -0.039404403 -0.156133279 -0.002909947 0.987731755 2.480226755
0.983054996 0.062187251 0.172440201 -0.026660174 -0.061705451 0.998061121 -0.008158302 -0.039382629 -0.172613204 -0.002620440 0.984986246 2.491817474
0.979773760 0.060531139 0.190733999 -0.023404419 -0.059838977 0.998163939 -0.009391803 -0.039678026 -0.190952286 -0.002211487 0.981596947 2.505883217
0.975890577 0.059756298 0.209920540 -0.020340741 -0.059118990 0.998207450 -0.009315521 -0.040387534 -0.210100874 -0.003319357 0.977674186 2.515478611
0.971273601 0.059556715 0.230392098 -0.016925931 -0.058721360 0.998219252 -0.010487166 -0.040694267 -0.230606422 -0.003343028 0.973041356 2.527753830
0.965965927 0.061388899 0.251279145 -0.012863994 -0.060109906 0.998110056 -0.012769727 -0.040948089 -0.251588166 -0.002769242 0.967830420 2.539808512
0.959785879 0.062170912 0.273762345 -0.008248568 -0.060389884 0.998063028 -0.014936804 -0.041161451 -0.274160713 -0.002196341 0.961681426 2.551965714
0.952423096 0.063251175 0.298143566 -0.003821611 -0.061378341 0.997991800 -0.015650261 -0.041903190 -0.298534721 -0.003393889 0.954392672 2.563898325
0.943952680 0.065509722 0.323514909 0.001415372 -0.063536331 0.997840285 -0.016669903 -0.042281233 -0.323908299 -0.004819350 0.946076214 2.575220585
0.933825135 0.067217730 0.351358026 0.006356716 -0.065257572 0.997716069 -0.017432537 -0.042983025 -0.351727396 -0.006649829 0.936078846 2.587953806
0.922602057 0.067569673 0.379789233 0.012836874 -0.065389618 0.997685432 -0.018654276 -0.043483928 -0.380170584 -0.007623798 0.924884975 2.600386381
0.909963429 0.065067068 0.409551948 0.019753397 -0.062176052 0.997856915 -0.020387370 -0.044312987 -0.410000801 -0.006912565 0.912058949 2.611534119
0.894925356 0.062164512 0.441864431 0.026995301 -0.058052417 0.998052299 -0.022836979 -0.044986714 -0.442423403 -0.005213905 0.896791160 2.622875214
0.877580285 0.060638372 0.475579441 0.035431027 -0.054426342 0.998157084 -0.026837029 -0.045581806 -0.476330340 -0.002332403 0.879263341 2.634591818
0.857792795 0.062615290 0.510167480 0.043995261 -0.053883784 0.998037696 -0.031894013 -0.045972258 -0.511163414 -0.000131304 0.859483421 2.646242380
0.836091340 0.063872330 0.544859290 0.053013206 -0.052641418 0.997956812 -0.036208965 -0.046454217 -0.546058774 0.001591833 0.837745368 2.656718731
0.811572015 0.065860018 0.580528557 0.063342452 -0.052648485 0.997827649 -0.039599959 -0.047249090 -0.581875443 0.001574270 0.813276350 2.668227434
0.783984363 0.069587208 0.616868079 0.074339986 -0.055435982 0.997575223 -0.042079542 -0.048256248 -0.618300378 -0.001206989 0.785940886 2.680210829
0.753818154 0.073594384 0.652948737 0.086251378 -0.058808472 0.997276485 -0.044510465 -0.049201190 -0.654446065 -0.004846119 0.756093144 2.692418575
0.720583677 0.074506044 0.689353406 0.098972678 -0.058034897 0.997202158 -0.047114577 -0.049562853 -0.690934956 -0.006056566 0.722891629 2.703534603
0.684027791 0.071420297 0.725951254 0.113718033 -0.053881455 0.997423649 -0.047358390 -0.050972838 -0.727463305 -0.006720851 0.686113775 2.714714527
0.644728780 0.069476843 0.761247575 0.129971266 -0.050272427 0.997558832 -0.048466701 -0.052042551 -0.762756586 -0.007021887 0.646647632 2.726314545
0.602191806 0.068761550 0.795384824 0.147889018 -0.047873832 0.997601330 -0.049997661 -0.053185917 -0.796914816 -0.007969934 0.604039192 2.738093138
0.556038678 0.068708271 0.828311801 0.166297197 -0.043908644 0.997614026 -0.053276349 -0.053727958 -0.829995871 -0.006746333 0.557728767 2.748189926
0.507373989 0.066762947 0.859135807 0.185384035 -0.040068656 0.997743666 -0.053871013 -0.055350047 -0.860793889 -0.007091667 0.508904278 2.757988930
0.458085865 0.064335071 0.886576712 0.206427217 -0.037983026 0.997883141 -0.052786637 -0.057114862 -0.888096035 -0.009494053 0.459559858 2.767612934
0.408724129 0.061104078 0.910610199 0.229929209 -0.037021969 0.998045027 -0.050353982 -0.059107512 -0.911906719 -0.013131695 0.410187215 2.776021004
0.358503848 0.061210468 0.931519270 0.253823638 -0.040699765 0.997924149 -0.049910262 -0.060389783 -0.932640553 -0.020019595 0.360250890 2.783797741
0.309277475 0.061317768 0.948992908 0.276778996 -0.038689326 0.997904122 -0.051869217 -0.061302405 -0.950184464 -0.020673914 0.311001688 2.789444208
0.261895329 0.057129804 0.963403821 0.302374959 -0.029858131 0.998248219 -0.051079322 -0.064392865 -0.964634299 -0.015388008 0.263142347 2.794260502
0.217213303 0.050557144 0.974813998 0.328799009 -0.016512685 0.998705208 -0.048116781 -0.066437393 -0.975984514 -0.005645192 0.217766911 2.798092842
0.175558344 0.050522253 0.983171761 0.355168998 -0.005066879 0.998715460 -0.050416235 -0.066480532 -0.984456003 0.003869376 0.175588816 2.800437450
0.137127548 0.052217044 0.989176035 0.383492857 -0.001104735 0.998617053 -0.052562263 -0.067423575 -0.990552783 0.006114957 0.136995599 2.803285599
0.104437880 0.052492689 0.993145108 0.411767989 0.007215370 0.998539805 -0.053536583 -0.069780499 -0.994505227 0.012757159 0.103906631 2.804356575
0.075733073 0.051072892 0.995819330 0.441305965 0.014857635 0.998518705 -0.052341267 -0.071542509 -0.997017384 0.018759485 0.074862063 2.805130959
0.050240237 0.049123757 0.997528255 0.471247673 0.021283302 0.998510182 -0.050244037 -0.073512435 -0.998510301 0.023754967 0.049119879 2.805636168
0.030525737 0.048393290 0.998361766 0.501611173 0.026231203 0.998444557 -0.049199339 -0.074932419 -0.999189675 0.027690075 0.029208839 2.805495739
0.014458564 0.050137259 0.998637676 0.533551097 0.028882449 0.998304367 -0.050538693 -0.076698124 -0.999478221 0.029573819 0.012985961 2.805343866
0.001170773 0.049276173 0.998784482 0.565304577 0.029254723 0.998356044 -0.049289331 -0.078937873 -0.999571323 0.029276868 -0.000272713 2.804973125
-0.009979766 0.050300915 0.998684227 0.597555280 0.029999968 0.998299420 -0.049981743 -0.080905408 -0.999500036 0.029461689 -0.011471825 2.804152012
-0.019476121 0.053295631 0.998388827 0.631284297 0.035156872 0.997997224 -0.052588902 -0.082951002 -0.999191999 0.034076009 -0.021310823 2.802496195
-0.025873069 0.055627171 0.998116314 0.665467680 0.040025879 0.997707546 -0.054566842 -0.084356107 -0.998863518 0.038538676 -0.028040279 2.801247835
-0.030193280 0.054921553 0.998034060 0.699359417 0.040787973 0.997725248 -0.053670619 -0.086493686 -0.998711526 0.039087292 -0.032364741 2.799460649
-0.034127437 0.052188925 0.998053908 0.734982848 0.038053919 0.997979283 -0.050883815 -0.088454723 -0.998692751 0.036243323 -0.036044478 2.798304081
-0.036578242 0.045471758 0.998295724 0.770880878 0.035936426 0.998378038 -0.044158768 -0.090387553 -0.998684466 0.034259934 -0.038153011 2.797359705
-0.037837770 0.039848905 0.998489082 0.807752609 0.037181303 0.998568833 -0.038443103 -0.092322148 -0.998591959 0.035670515 -0.039265253 2.795646191
-0.038433839 0.037239857 0.998566985 0.845837593 0.039661068 0.998574674 -0.035713635 -0.094210535 -0.998473763 0.038231608 -0.039856043 2.793752909
-0.038069718 0.039268561 0.998503208 0.882477283 0.042680308 0.998379648 -0.037636433 -0.096540779 -0.998363256 0.041183617 -0.039684024 2.791918516
-0.037091810 0.046853498 0.998212874 0.919986665 0.044069882 0.998005092 -0.045206189 -0.098039784 -0.998339713 0.042314336 -0.039082646 2.790253401
-0.035180107 0.054868907 0.997873545 0.958977580 0.044736113 0.997577190 -0.053275429 -0.100149989 -0.998379230 0.042766746 -0.037549496 2.788824320
-0.032853425 0.055727497 0.997905314 0.997625411 0.045524292 0.997491419 -0.054205611 -0.101922370 -0.998422861 0.043648086 -0.035307966 2.787575483
-0.030929100 0.051504865 0.998193800 1.036934614 0.045123454 0.997725189 -0.050082538 -0.104096860 -0.998502493 0.043492939 -0.033182830 2.786682129
-0.028409716 0.044875938 0.998588502 1.077557087 0.043944299 0.998081982 -0.043602966 -0.106805801 -0.998629928 0.042643525 -0.030327268 2.784989357
-0.025440546 0.043279588 0.998738945 1.116903186 0.041924082 0.998229623 -0.042189594 -0.109099828 -0.998796761 0.040797893 -0.027209964 2.784184933
-0.022129910 0.049121059 0.998547673 1.156629324 0.049499899 0.997621119 -0.047978453 -0.111387633 -0.998528898 0.048366256 -0.024508752 2.782917976
-0.018556526 0.054267652 0.998353899 1.196184039 0.051365554 0.997259080 -0.053253405 -0.114090145 -0.998507500 0.050292816 -0.021293150 2.781790018
-0.016727868 0.054795191 0.998357475 1.235883951 0.046153229 0.997475207 -0.053973455 -0.116243161 -0.998794258 0.045174554 -0.019214612 2.781730175
-0.013527226 0.051767964 0.998567522 1.275466204 0.042020850 0.997806191 -0.051159240 -0.118271656 -0.999025166 0.041268606 -0.015672881 2.782052517
-0.008525824 0.048082218 0.998807073 1.316475630 0.045625929 0.997821808 -0.047645319 -0.121226430 -0.998922229 0.045165274 -0.010701051 2.781263828
-0.005619325 0.048514187 0.998806655 1.355964422 0.050242249 0.997574627 -0.048171680 -0.124518573 -0.998721242 0.049911600 -0.008043163 2.781466722
-0.002251853 0.053141072 0.998584449 1.394695520 0.050077923 0.997340083 -0.052961931 -0.126707762 -0.998742759 0.049887765 -0.004907058 2.779951096
0.001532164 0.053548884 0.998564065 1.434259057 0.045981258 0.997505248 -0.053562663 -0.129506811 -0.998941123 0.045997299 -0.000933903 2.780228138
0.005422864 0.053389955 0.998558998 1.474680781 0.045757327 0.997514427 -0.053582612 -0.131868213 -0.998937845 0.045981962 0.002966402 2.780287504
0.008574327 0.049889822 0.998717904 1.513575554 0.049773611 0.997495294 -0.050256070 -0.134696111 -0.998723686 0.050140705 0.006069655 2.781106710
0.011856411 0.051075902 0.998624384 1.554587841 0.053702515 0.997220755 -0.051641706 -0.136930823 -0.998486698 0.054240927 0.009080551 2.780944586
0.015239390 0.051571507 0.998553038 1.594151855 0.056530468 0.997027218 -0.052355442 -0.140125901 -0.998284519 0.057246536 0.012278725 2.781312227
0.018244170 0.051619224 0.998500168 1.633808136 0.056934182 0.996992350 -0.052581556 -0.142356217 -0.998211265 0.057808097 0.015250400 2.781589746
0.022156525 0.049978264 0.998504519 1.674743533 0.058331951 0.996983707 -0.051196508 -0.145294636 -0.998051405 0.059379060 0.019174365 2.781703949
0.025675429 0.048936762 0.998471797 1.715340018 0.060616322 0.996887028 -0.050417822 -0.147763714 -0.997830868 0.061818190 0.022629138 2.782780647
0.028219389 0.049199872 0.998390257 1.755374312 0.059182405 0.996953726 -0.050801866 -0.150158346 -0.997848272 0.060520735 0.025221659 2.784359455
0.031476669 0.050940696 0.998205483 1.795279980 0.056202356 0.997030079 -0.052652951 -0.152887687 -0.997923136 0.057758838 0.028520195 2.785316467
0.034122899 0.050692059 0.998131156 1.836744547 0.058353029 0.996908009 -0.052624837 -0.155878544 -0.997712612 0.060039692 0.031059358 2.786985636
0.037127152 0.050795749 0.998018682 1.876785874 0.055886023 0.997038782 -0.052824877 -0.157967657 -0.997746646 0.057736527 0.034178432 2.787922621
0.039377604 0.051044624 0.997919798 1.917332649 0.054101132 0.997120619 -0.053138558 -0.160696849 -0.997758746 0.056081064 0.036502644 2.790067673
0.042265132 0.051196963 0.997793794 1.958638310 0.051206846 0.997262776 -0.053338759 -0.163304478 -0.997793317 0.053348247 0.039527804 2.791883469
0.045959082 0.053152829 0.997528255 1.999102235 0.049494244 0.997235835 -0.055417597 -0.166086674 -0.997716427 0.051918838 0.043201290 2.793482065
0.048615918 0.056485001 0.997219205 2.040163517 0.048295882 0.997098923 -0.058832683 -0.169079125 -0.997649252 0.051021788 0.045746889 2.795818090
0.051892947 0.058642674 0.996929348 2.081491470 0.049093533 0.996917605 -0.061197441 -0.171976298 -0.997445285 0.052118503 0.048854012 2.798074484
0.055132207 0.060755864 0.996628881 2.123409986 0.042802043 0.997085690 -0.063151456 -0.174758643 -0.997561276 0.046139430 0.052371055 2.800429821
0.056681603 0.059815682 0.996598840 2.164903402 0.039277595 0.997297347 -0.062091514 -0.177877605 -0.997619390 0.042663455 0.054178987 2.804353237
0.061146718 0.060482461 0.996294558 2.206927538 0.041084569 0.997163951 -0.063056760 -0.181035042 -0.997282863 0.044788051 0.058488403 2.805930853
0.064589150 0.061749697 0.995999515 2.248749018 0.040253911 0.997110069 -0.064428948 -0.183897853 -0.997099698 0.044254299 0.061916817 2.808933973
0.068850234 0.062548935 0.995664299 2.291270971 0.036614150 0.997201622 -0.065177403 -0.187129229 -0.996954799 0.040942885 0.066367403 2.811797857
0.073095858 0.060746454 0.995473206 2.333998442 0.035878330 0.997336924 -0.063494690 -0.190096140 -0.996679306 0.040357120 0.070721731 2.814776897
0.077991292 0.060422730 0.995121300 2.377469778 0.035912737 0.997343600 -0.063372277 -0.193840578 -0.996307015 0.040680017 0.075614154 2.817946196
0.082925305 0.064326257 0.994477451 2.420850277 0.032063004 0.997225761 -0.067177616 -0.197047681 -0.996039867 0.037456661 0.080632739 2.821900368
0.088455558 0.072640233 0.993427932 2.462695122 0.030078514 0.996687770 -0.075556807 -0.200534165 -0.995625854 0.036564246 0.085977659 2.826761723
0.096921921 0.077139325 0.992298126 2.507075787 0.030114649 0.996308208 -0.080392495 -0.204309434 -0.994836330 0.037674505 0.094241105 2.830550671
0.103454381 0.080662273 0.991358042 2.550641060 0.023738483 0.996222019 -0.083535306 -0.208192661 -0.994350791 0.032175433 0.101148762 2.835314274
0.110614181 0.078942351 0.990723193 2.594813824 0.019848088 0.996466219 -0.081615977 -0.212392882 -0.993665159 0.028691847 0.108656436 2.840767145
0.117918447 0.077394545 0.990002692 2.638208151 0.019895991 0.996573925 -0.080278054 -0.216317415 -0.992823899 0.029163351 0.115974627 2.846447945
0.124815911 0.074044421 0.989413202 2.682570219 0.019892398 0.996824265 -0.077108510 -0.219872117 -0.991980433 0.029306170 0.122946627 2.852679729
0.132766321 0.067979015 0.988813400 2.726275682 0.016953457 0.997343481 -0.070841767 -0.224418849 -0.991002381 0.026169207 0.131261140 2.857486010
0.140318915 0.060728334 0.988242209 2.770519257 0.014189744 0.997891426 -0.063336059 -0.227861181 -0.990004718 0.022910150 0.139161304 2.863537788
0.148032948 0.058077525 0.987275660 2.814340115 0.015499121 0.998015463 -0.061033249 -0.231007531 -0.988861024 0.024336839 0.146838993 2.870374203
0.155228287 0.059940189 0.986058474 2.857813358 0.014877934 0.997902572 -0.063002281 -0.234729975 -0.987766623 0.024450252 0.154010892 2.877225161
0.160587281 0.066308379 0.984791815 2.898806572 0.014845060 0.997465670 -0.069582492 -0.238484606 -0.986909986 0.025793361 0.159195974 2.884089708
0.165742144 0.070339754 0.983657360 2.941757441 0.013378203 0.997200847 -0.073562384 -0.241623878 -0.986078382 0.025351953 0.164337173 2.891801834
0.170681849 0.073179059 0.982605040 2.984100819 0.012131920 0.997006536 -0.076358959 -0.245509431 -0.985251546 0.024953969 0.169283107 2.899575472
0.176800132 0.072989941 0.981536686 3.024295807 0.010088383 0.997059703 -0.075961448 -0.248813570 -0.984195173 0.023332110 0.175543934 2.906303644
0.181738794 0.070397981 0.980823755 3.066895723 0.013763676 0.997154295 -0.074120395 -0.252313375 -0.983250558 0.026970288 0.180252686 2.914047718
0.185979247 0.063080452 0.980526686 3.108159065 0.013495061 0.997678816 -0.066743560 -0.256499112 -0.982460916 0.025645180 0.184696272 2.922039032
0.188782468 0.057047725 0.980360448 3.148236275 0.011740582 0.998108685 -0.060341313 -0.259790450 -0.981948733 0.022901386 0.187755644 2.930275917
0.192372769 0.053793296 0.979846478 3.188005924 0.008943786 0.998358786 -0.056565553 -0.262558311 -0.981281102 0.019645210 0.191575930 2.938188314
0.195884094 0.053857684 0.979147017 3.227550030 0.007398820 0.998381078 -0.056395825 -0.265858203 -0.980599046 0.018291578 0.195168450 2.945969820
0.197254658 0.055867046 0.978759110 3.266607285 0.005118598 0.998302639 -0.058014166 -0.268616855 -0.980338931 0.016453441 0.196633905 2.954893112
0.198231712 0.060463209 0.978288531 3.304463625 0.000545905 0.998088598 -0.061797570 -0.271483839 -0.980155051 0.012784293 0.197819799 2.963484764
0.200631648 0.064405449 0.977547407 3.342031717 -0.000908496 0.997848392 -0.065556519 -0.274933368 -0.979666352 0.012264616 0.200258479 2.971060038
0.202399567 0.069261067 0.976850748 3.378868818 -0.002377666 0.997527659 -0.070234455 -0.278927892 -0.979300201 0.011892801 0.202063844 2.979015112
0.204306692 0.071497701 0.976292431 3.415509939 -0.001038276 0.997344434 -0.072822131 -0.281691909 -0.978906453 0.013864390 0.203838378 2.986225367
0.204914749 0.071842387 0.976139665 3.451546431 -0.002801412 0.997341573 -0.072814725 -0.284181654 -0.978775799 0.012186241 0.204571262 2.995088339
0.206041053 0.068436734 0.976147234 3.489486217 -0.003376460 0.997595191 -0.069227725 -0.287968457 -0.978537500 0.010967833 0.205776677 3.003392696
0.206708968 0.065619685 0.976199448 3.524989128 -0.002095476 0.997775793 -0.066626318 -0.290829837 -0.978400230 0.011726652 0.206386715 3.010658264
0.206513837 0.064279445 0.976329982 3.560854435 -0.002771238 0.997874200 -0.065111682 -0.294634670 -0.978439748 0.010740820 0.206252947 3.018527508
0.205104008 0.063372590 0.976686418 3.593636990 -0.002551359 0.997932911 -0.064215384 -0.297359705 -0.978736877 0.010678953 0.204841688 3.025089979
0.203448966 0.065067410 0.976920962 3.628812790 -0.003569556 0.997831941 -0.065716781 -0.299494416 -0.979079068 0.009882837 0.203240126 3.032824755
0.200506702 0.068018354 0.977328360 3.662049532 -0.004642064 0.997641683 -0.068479747 -0.302396744 -0.979681373 0.009193826 0.200349584 3.040362358
0.198424950 0.071818121 0.977481246 3.695164680 -0.003410330 0.997356296 -0.072586104 -0.305576771 -0.980110288 0.011069361 0.198145300 3.046889544
0.196708500 0.072203152 0.977799773 3.728079796 0.000000261 0.997284770 -0.073642015 -0.308123559 -0.980462134 0.014486267 0.196174353 3.053151608
0.195028260 0.071303725 0.978202283 3.759795427 -0.000552511 0.997361839 -0.072590142 -0.310769945 -0.980797410 0.013616664 0.194553137 3.059155703
0.192495137 0.068209343 0.978924394 3.791391373 -0.000835230 0.997592390 -0.069345839 -0.313719720 -0.981297553 0.012531111 0.192088619 3.065597057
0.190653667 0.064260840 0.979551792 3.823110104 -0.000697166 0.997863770 -0.065326452 -0.316574693 -0.981657028 0.011771820 0.190291181 3.071619034
0.187519863 0.063124947 0.980230391 3.854249716 0.002551468 0.997898221 -0.064750820 -0.319800794 -0.982257485 0.014643093 0.186964661 3.078744888
0.186630294 0.065110154 0.980270267 3.884836912 0.005775397 0.997711480 -0.067368165 -0.321885437 -0.982413232 0.018234387 0.185827151 3.082521915
0.183720365 0.067901492 0.980630517 3.915304422 0.009202427 0.997448742 -0.070790090 -0.323541671 -0.982935488 0.022029763 0.182626799 3.087979078
0.182002708 0.069292597 0.980853498 3.944982767 0.009302385 0.997347951 -0.072183952 -0.326615661 -0.983254075 0.022261953 0.180875421 3.093703747
0.180862755 0.071713172 0.980890334 3.973705053 0.008850861 0.997179091 -0.074535996 -0.329295516 -0.983468533 0.022162514 0.179717839 3.098755360
0.179752916 0.069806881 0.981231809 4.004141808 0.011009130 0.997273624 -0.072964922 -0.331725478 -0.983650208 0.023918161 0.178494319 3.104453564
0.180438042 0.068584412 0.981192231 4.033645630 0.017054319 0.997197926 -0.072839424 -0.333868593 -0.983438492 0.029876573 0.178762779 3.109544277
0.183346123 0.066597238 0.980789959 4.063952446 0.022060772 0.997172594 -0.071833611 -0.336515397 -0.982800901 0.034807403 0.181358531 3.113560677
0.184370443 0.066098988 0.980631649 4.094207287 0.025564147 0.997075975 -0.072013773 -0.338621676 -0.982524276 0.038346227 0.182141557 3.120476484
0.187874898 0.065607339 0.979999363 4.124752998 0.022058247 0.997233093 -0.070989862 -0.341559738 -0.981945217 0.034954280 0.185907885 3.126310825
0.193131313 0.066195525 0.978937447 4.155420780 0.020683195 0.997225165 -0.071512669 -0.344375938 -0.980954885 0.034058888 0.191226259 3.132518291
0.199971810 0.065408014 0.977616072 4.186137676 0.021957228 0.997219503 -0.071210966 -0.346739531 -0.979555607 0.035705924 0.197979614 3.138943195
0.207455397 0.065567516 0.976044595 4.216916561 0.020096261 0.997255027 -0.071263760 -0.348887980 -0.978037953 0.034398902 0.205568284 3.145824194
0.215764269 0.063238084 0.974395454 4.248780251 0.020278273 0.997395277 -0.069221057 -0.351915419 -0.976234794 0.034694493 0.213919908 3.153531075
0.225133166 0.063205145 0.972275734 4.280599594 0.017530676 0.997469425 -0.068902194 -0.353913605 -0.974170327 0.032556821 0.223455384 3.160618544
0.234327495 0.062664241 0.970136106 4.311676025 0.016192157 0.997530341 -0.068344787 -0.356841952 -0.972022772 0.031723659 0.232734129 3.169094086
0.243818820 0.066715352 0.967523396 4.344150543 0.010103609 0.997402132 -0.071321771 -0.359593332 -0.969768167 0.027165068 0.242511317 3.177914143
0.252956718 0.068978943 0.965015471 4.376523018 0.006735721 0.997305274 -0.073052637 -0.362072766 -0.967454135 0.024979223 0.251810461 3.187415123
0.263726950 0.071862273 0.961916804 4.409568787 0.002930543 0.997156680 -0.075298429 -0.364570260 -0.964592993 0.022677159 0.262766540 3.196921349
0.274450719 0.073705554 0.958772302 4.443692684 0.001145345 0.997032464 -0.076974645 -0.367534906 -0.961600482 0.022223871 0.273551822 3.206492186
0.284033865 0.074378654 0.955924928 4.477290154 -0.001977570 0.997029960 -0.076989345 -0.370768845 -0.958812237 0.019977175 0.283337325 3.217543602
0.294445753 0.074921258 0.952726841 4.511718750 -0.003209026 0.996994138 -0.077410594 -0.373806477 -0.955662847 0.019735899 0.293801129 3.228460789
0.304667383 0.076333836 0.949395001 4.546654224 -0.008076315 0.996954501 -0.077565983 -0.376630694 -0.952424586 0.015964214 0.304355979 3.240131617
0.315459311 0.071379311 0.946250856 4.582404137 -0.006616899 0.997308314 -0.073024847 -0.378840834 -0.948916018 0.016775118 0.315082431 3.252440929
0.325904608 0.064559430 0.943195820 4.618720531 -0.003629524 0.997743785 -0.067038983 -0.382096022 -0.945395648 0.018424962 0.325403571 3.265286922
0.337591678 0.060060501 0.939374506 4.656557560 -0.002042648 0.998006761 -0.063075148 -0.385188401 -0.941290379 0.019374833 0.337041438 3.277911663
0.347264349 0.056580987 0.936058760 4.693266392 -0.002003323 0.998220623 -0.059595216 -0.387807429 -0.937765062 0.018820068 0.346759826 3.293154478
0.356812328 0.054283082 0.932597637 4.731062889 0.004229457 0.998206258 -0.059720114 -0.390330374 -0.934166491 0.025253255 0.355942726 3.307593822
0.365725696 0.048986301 0.929432631 4.770402908 0.010643803 0.998328507 -0.056805775 -0.392813206 -0.930661857 0.030668028 0.364593029 3.322399139
0.372541487 0.039455310 0.927176356 4.809154034 0.020285811 0.998510778 -0.050641779 -0.395483255 -0.927793801 0.037674688 0.371186316 3.337600708
0.379656434 0.035080045 0.924462199 4.848917484 0.025720207 0.998494208 -0.048452035 -0.398115396 -0.924769998 0.042172492 0.378182590 3.353283405
0.386964411 0.034891233 0.921434283 4.888131142 0.027914617 0.998382568 -0.049527965 -0.401330352 -0.921672046 0.044887051 0.385364562 3.369339466
0.394500762 0.041551162 0.917955697 4.927398682 0.029577097 0.997885287 -0.057880223 -0.403798640 -0.918419540 0.049984258 0.392437428 3.386032343
0.402124316 0.045768864 0.914440334 4.967537880 0.033648930 0.997336268 -0.064714998 -0.406318724 -0.914966524 0.056793418 0.399513096 3.402838707
0.407125592 0.048828691 0.912066042 5.006790638 0.030264612 0.997300386 -0.066901274 -0.409760982 -0.912870646 0.054840539 0.404548764 3.420545340
0.411684543 0.049678721 0.909971356 5.045644283 0.024027549 0.997574210 -0.065331712 -0.413185149 -0.911009669 0.048760440 0.409492224 3.438740730
0.415605158 0.053265736 0.907984078 5.082823277 0.018370986 0.997588575 -0.066931076 -0.415664464 -0.909359574 0.044497468 0.413624346 3.456823349
0.419241190 0.056224294 0.906132281 5.121140003 0.017471414 0.997396111 -0.069970608 -0.419550419 -0.907706797 0.045165963 0.417167097 3.475420952
0.423472285 0.060443103 0.903890431 5.158213139 0.014407055 0.997196138 -0.073432162 -0.422721028 -0.905794501 0.044118889 0.421414107 3.492696524
0.427129209 0.063783422 0.901938081 5.195799828 0.011531978 0.997043312 -0.075970285 -0.425928712 -0.904117048 0.042850256 0.425130814 3.510350704
0.431047410 0.061770950 0.900212407 5.230816841 0.010858048 0.997226715 -0.073627025 -0.429439545 -0.902263880 0.041511297 0.429181397 3.527872086
0.435585618 0.058106940 0.898269832 5.267106056 0.013124100 0.997398198 -0.070883401 -0.432601452 -0.900051594 0.042664781 0.433689773 3.544683695
0.438982934 0.055545662 0.896776855 5.302703381 0.012142038 0.997629404 -0.067736059 -0.436358541 -0.898413420 0.040623676 0.437267870 3.562204599
0.442332953 0.054388233 0.895200253 5.336981773 0.011917480 0.997714996 -0.066505156 -0.439482391 -0.896771789 0.040085960 0.440674037 3.579727650
0.445943981 0.056584429 0.893270433 5.370715141 0.009131110 0.997660160 -0.067755498 -0.442453682 -0.895014286 0.038371705 0.444383919 3.596577644
0.448438048 0.057299204 0.891975403 5.404963017 0.009866055 0.997564912 -0.069042258 -0.445912778 -0.893759370 0.039761450 0.446780801 3.614230633
0.450672567 0.055778496 0.890944958 5.438726902 0.011136066 0.997617006 -0.068089835 -0.449273229 -0.892619789 0.040607844 0.448977530 3.630768299
0.452438325 0.054505177 0.890128493 5.471541882 0.013449316 0.997599900 -0.067922041 -0.452025831 -0.891694248 0.042702157 0.450619459 3.647443771
0.454945832 0.054107904 0.888873756 5.503531933 0.013082961 0.997638583 -0.067424841 -0.454525113 -0.890423000 0.042303741 0.453163564 3.663087368
0.456612647 0.053373348 0.888063133 5.534823895 0.014009186 0.997643709 -0.067162298 -0.457862794 -0.889555216 0.043108203 0.454789013 3.679325819
0.459061265 0.055897880 0.886644304 5.565843105 0.012160634 0.997529864 -0.069184758 -0.460897624 -0.888321280 0.042542204 0.457247466 3.695411205
0.462299466 0.055483650 0.884986281 5.596471310 0.016119162 0.997349739 -0.070948534 -0.463819742 -0.886577308 0.047064714 0.460179836 3.710971117
0.465174943 0.054816317 0.883519948 5.627905846 0.016965285 0.997345567 -0.070810676 -0.467397362 -0.885056198 0.047928516 0.463010132 3.727572918
0.467785954 0.052824739 0.882261753 5.657960892 0.021267200 0.997250557 -0.070985734 -0.470000654 -0.883585870 0.051969368 0.465376437 3.744785070
0.471206844 0.051918123 0.880493343 5.687067986 0.022500288 0.997233689 -0.070842989 -0.472801924 -0.881735623 0.053193059 0.468735188 3.759796381
0.474702388 0.051347479 0.878647327 5.715663433 0.022823177 0.997242987 -0.070608683 -0.476438165 -0.879850388 0.053571641 0.472221732 3.775213003
0.477668881 0.050260589 0.877101064 5.743988037 0.023833189 0.997253418 -0.070125230 -0.479159355 -0.878216624 0.054400761 0.475159079 3.791182041
0.481456280 0.050236315 0.875029325 5.772020817 0.025888842 0.997105360 -0.071489319 -0.480960399 -0.876087725 0.057072479 0.478762090 3.806034088
0.485492498 0.051144008 0.872743607 5.800104618 0.025738463 0.997018456 -0.072744563 -0.484359443 -0.873861909 0.057780016 0.482728541 3.821730137
0.489920616 0.051177889 0.870263577 5.827775002 0.027573565 0.996866167 -0.074145779 -0.487466425 -0.871330738 0.060321815 0.486974180 3.836851120
0.495027274 0.054819603 0.867146313 5.854803085 0.025900144 0.996633232 -0.077791147 -0.489688098 -0.868491352 0.060967959 0.491940737 3.852140903
0.500543356 0.060554869 0.863591075 5.881680965 0.021917515 0.996344447 -0.082567059 -0.493333399 -0.865433991 0.060256161 0.497386396 3.868197441
0.505555987 0.067664728 0.860136449 5.908545971 0.016526738 0.995977640 -0.088064805 -0.496194035 -0.862635493 0.058736939 0.502404153 3.885755777
0.511315703 0.074110873 0.856191456 5.935068607 0.012040677 0.995559096 -0.093365029 -0.498995781 -0.859308481 0.058048137 0.508152723 3.903266668
0.517884254 0.078839943 0.851810038 5.961921215 0.008246389 0.995237708 -0.097128652 -0.501960933 -0.855410933 0.057325751 0.514767826 3.919848442
0.523455858 0.078695081 0.848410964 5.989652157 0.004205041 0.995475054 -0.094930589 -0.505942822 -0.852042437 0.053259563 0.520756304 3.937407017
0.528789639 0.078405440 0.845123768 6.016914845 -0.002463135 0.995861650 -0.090848818 -0.508287668 -0.848749399 0.045958258 0.526794434 3.955795050
0.534328759 0.075370185 0.841909826 6.042999268 -0.008008268 0.996423542 -0.084120139 -0.512081146 -0.845238745 0.038205571 0.533021271 3.974712133
0.541311324 0.073332697 0.837618291 6.072458267 -0.014641276 0.996860504 -0.077812269 -0.516006112 -0.840694785 0.029856851 0.540685534 3.991000891
0.547390521 0.071667425 0.833802938 6.100446701 -0.017312622 0.997082949 -0.074336015 -0.518716455 -0.836698234 0.026255518 0.547034502 4.010329723
0.553789020 0.075769976 0.829202414 6.130007267 -0.022347085 0.996844828 -0.076163948 -0.520987093 -0.832357109 0.023648508 0.553734958 4.030560017
0.559802651 0.079993412 0.824755788 6.158559799 -0.026442075 0.996546984 -0.078707933 -0.523388088 -0.828204036 0.022252658 0.559984684 4.050406456
0.566764176 0.083219409 0.819666386 6.187098980 -0.029546386 0.996298552 -0.080722533 -0.526822507 -0.823350191 0.021532463 0.567125082 4.069406033
0.571792185 0.085034266 0.815979660 6.217692852 -0.031840079 0.996164620 -0.081499837 -0.530585468 -0.819780409 0.020620111 0.572306573 4.093771458
0.578694999 0.086130671 0.810983002 6.248348713 -0.034866024 0.996111095 -0.080912821 -0.533522010 -0.814798355 0.018548086 0.579447567 4.115203857
0.584618032 0.088190600 0.806501210 6.278553486 -0.040594183 0.996008992 -0.079487227 -0.536848307 -0.810292482 0.013730399 0.585864782 4.139080524
0.592581749 0.085850440 0.800922275 6.309227943 -0.041064221 0.996231019 -0.076403104 -0.540721416 -0.804462910 0.012385827 0.593873620 4.160513878
0.600153029 0.083271325 0.795538902 6.345204830 -0.040647730 0.996456325 -0.073637336 -0.544977188 -0.798851728 0.011856815 0.601411104 4.186498165
