0.999998927 0.000763687 0.001229913 -0.000006959 -0.000757925 0.999988794 -0.004678754 -0.000200718 -0.001233472 0.004677816 0.999988317 0.059328154
0.999996781 -0.001255118 0.002173568 -0.000079535 0.001266841 0.999984622 -0.005400723 -0.000151059 -0.002166756 0.005403460 0.999983072 0.118636362
0.999994218 -0.002690968 0.002064635 0.000080626 0.002693924 0.999995351 -0.001430365 -0.000171954 -0.002060777 0.001435919 0.999996841 0.177863732
0.999984920 -0.005251105 0.001594645 0.000148965 0.005244004 0.999976456 0.004424958 -0.000009844 -0.001617843 -0.004416528 0.999988914 0.237056062
0.999959767 -0.008960993 0.000327101 0.000158415 0.008959462 0.999950051 0.004413031 0.000190339 -0.000366629 -0.004409923 0.999990225 0.295371711
0.999933302 -0.011518848 -0.000835053 0.000462703 0.011520091 0.999932528 0.001497487 0.000523561 0.000817747 -0.001507007 0.999998510 0.353623480
0.999924779 -0.012176920 -0.001431783 0.000099429 0.012174174 0.999924004 -0.001911476 0.000517100 0.001454950 0.001893901 0.999997139 0.411149740
0.999931216 -0.011531143 -0.002125687 -0.000285344 0.011526078 0.999930680 -0.002380411 0.000430760 0.002152989 0.002355747 0.999994874 0.468916953
0.999932289 -0.011199907 -0.003130844 -0.000647791 0.011198273 0.999937177 -0.000538894 0.000292767 0.003136683 0.000503797 0.999994934 0.525647759
0.999933660 -0.011040363 -0.003253544 -0.001604027 0.011049297 0.999935269 0.002741196 0.000049893 0.003223069 -0.002776964 0.999990880 0.583431005
0.999925137 -0.011209028 -0.004898930 -0.001210805 0.011228932 0.999928653 0.004054442 0.000260150 0.004853133 -0.004109148 0.999979794 0.640097618
0.999909759 -0.012414033 -0.005125667 -0.001951842 0.012440271 0.999909401 0.005119258 0.000322712 0.005061652 -0.005182561 0.999973834 0.696742058
0.999905288 -0.012292012 -0.006176713 -0.002322524 0.012322856 0.999911666 0.004980525 0.000649133 0.006114947 -0.005056168 0.999968469 0.753515303
0.999908388 -0.012081074 -0.006082797 -0.003767725 0.012099149 0.999922454 0.002943783 0.001073823 0.006046761 -0.003017111 0.999977171 0.810116947
0.999882936 -0.012905628 -0.008221485 -0.003486748 0.012918181 0.999915421 0.001475613 0.000934303 0.008201744 -0.001581646 0.999965072 0.866232276
0.999849558 -0.014159518 -0.010020010 -0.003932841 0.014150893 0.999899387 -0.000931049 0.002212959 0.010032184 0.000789116 0.999949336 0.921952248
0.999839723 -0.013871736 -0.011311765 -0.004889173 0.013860699 0.999903381 -0.001053503 0.001604125 0.011325285 0.000896545 0.999935448 0.978239179
0.999835730 -0.012794829 -0.012834666 -0.005888079 0.012770710 0.999916494 -0.001959402 0.001522492 0.012858666 0.001795172 0.999915659 1.033140063
0.999831378 -0.011166257 -0.014577531 -0.006928585 0.011138049 0.999935865 -0.002014946 0.001565957 0.014599097 0.001852241 0.999891698 1.089292645
0.999799252 -0.011556739 -0.016368043 -0.007608238 0.011537543 0.999932647 -0.001266738 0.001622963 0.016381584 0.001077636 0.999865234 1.144196630
0.999784827 -0.010973264 -0.017602546 -0.009103312 0.010980763 0.999939680 0.000329324 0.001258304 0.017597871 -0.000522542 0.999845028 1.199387670
0.999761820 -0.010624267 -0.019061668 -0.010338910 0.010627312 0.999943554 0.000058345 0.001916214 0.019059973 -0.000260906 0.999818325 1.254791141
0.999721110 -0.011771132 -0.020473013 -0.011223822 0.011790551 0.999930143 0.000827981 0.001430582 0.020461835 -0.001069138 0.999790072 1.309097290
0.999683201 -0.012180144 -0.022027198 -0.013197800 0.012196849 0.999925435 0.000624191 0.001015696 0.022017952 -0.000892655 0.999757290 1.363003135
0.999668300 -0.011685465 -0.022952549 -0.014526701 0.011712720 0.999930799 0.001053290 0.001068207 0.022938656 -0.001321777 0.999735951 1.416952491
0.999629438 -0.011981278 -0.024445457 -0.015604338 0.012056451 0.999923050 0.002930002 0.001097058 0.024408471 -0.003223642 0.999696851 1.470359087
0.999609351 -0.012391518 -0.025051048 -0.017144009 0.012529521 0.999907136 0.005359436 0.001475699 0.024982315 -0.005671220 0.999671817 1.523461223
0.999593258 -0.012328419 -0.025718719 -0.018838994 0.012510963 0.999897540 0.006948897 0.001703474 0.025630418 -0.007267836 0.999645054 1.576249719
0.999576211 -0.011700613 -0.026655177 -0.019845750 0.011863311 0.999911904 0.005953844 0.001661864 0.026583165 -0.006267540 0.999626935 1.627338886
0.999584079 -0.010323879 -0.026927054 -0.022063971 0.010415880 0.999940336 0.003278589 0.001941365 0.026891600 -0.003557694 0.999632001 1.678314567
0.999553025 -0.010065267 -0.028150145 -0.023275828 0.010115527 0.999947488 0.001643564 0.001995682 0.028132120 -0.001927583 0.999602497 1.728380442
0.999535322 -0.009300418 -0.029026216 -0.025011245 0.009339607 0.999955714 0.001214861 0.002045531 0.029013628 -0.001485390 0.999577999 1.777291417
0.999504387 -0.009069761 -0.030145885 -0.027146151 0.009099077 0.999958277 0.000835406 0.002093670 0.030137051 -0.001109292 0.999545157 1.826903105
0.999430180 -0.009449841 -0.032406915 -0.028909717 0.009445141 0.999955416 -0.000298127 0.002300386 0.032408290 -0.000008130 0.999474704 1.875427485
0.999383211 -0.008893661 -0.033972207 -0.030722812 0.008899363 0.999960542 0.000016657 0.001791500 0.033970721 -0.000318978 0.999422789 1.923532248
0.999297261 -0.009029703 -0.036379509 -0.032011691 0.009051020 0.999958992 0.000421291 0.002777754 0.036374215 -0.000750267 0.999337912 1.970542789
0.999216199 -0.009413700 -0.038449097 -0.034013022 0.009547034 0.999948978 0.003285616 0.002134141 0.038416207 -0.003650116 0.999255180 2.018637419
0.999141693 -0.008559732 -0.040529445 -0.036273099 0.008740527 0.999952614 0.004285714 0.002632247 0.040490843 -0.004636283 0.999169230 2.063976049
0.999089479 -0.006907682 -0.042101014 -0.038746227 0.007126660 0.999961853 0.005053381 0.002227292 0.042064507 -0.005348820 0.999100566 2.110216618
0.999046206 -0.004218125 -0.043461282 -0.041969568 0.004420965 0.999979734 0.004572087 0.001990759 0.043441113 -0.004759868 0.999044657 2.154602051
0.998938203 -0.002948486 -0.045975622 -0.043324307 0.003119577 0.999988437 0.003650027 0.002318535 0.045964327 -0.003789576 0.998935819 2.199212790
0.998861969 -0.002414897 -0.047632433 -0.045619905 0.002652577 0.999984384 0.004927283 0.002366924 0.047619786 -0.005048025 0.998852730 2.243458509
0.998812318 -0.001058839 -0.048710264 -0.047975294 0.001378617 0.999977708 0.006531778 0.002708021 0.048702259 -0.006591172 0.998791695 2.286189079
0.998818398 0.001434865 -0.048577257 -0.050724037 -0.001088659 0.999973834 0.007152634 0.002651863 0.048586246 -0.007091298 0.998793900 2.328001976
0.998849690 0.004767007 -0.047713447 -0.052848414 -0.004522422 0.999976099 0.005232759 0.002526235 0.047737241 -0.005010958 0.998847365 2.370670319
0.998948157 0.006826338 -0.045343734 -0.055703714 -0.006740954 0.999975204 0.002035692 0.002814043 0.045356508 -0.001727890 0.998969376 2.410136461
0.999028146 0.006728337 -0.043559156 -0.056934111 -0.006699283 0.999977291 0.000812953 0.002309804 0.043563623 -0.000520348 0.999050558 2.451021671
0.999155402 0.008195935 -0.040264521 -0.059552114 -0.008160307 0.999966085 0.001049103 0.003099794 0.040271759 -0.000719646 0.999188483 2.491223335
0.999239028 0.012426761 -0.036970284 -0.061773546 -0.012288414 0.999916613 0.003966970 0.002819861 0.037016496 -0.003509645 0.999308407 2.530992508
0.999312282 0.016871350 -0.033022676 -0.063440070 -0.016632717 0.999833643 0.007487649 0.002784532 0.033143505 -0.006933242 0.999426603 2.570247650
0.999351203 0.021823892 -0.028650738 -0.065019824 -0.021591999 0.999731779 0.008378305 0.002885459 0.028825900 -0.007754243 0.999554336 2.607142687
0.999390304 0.025557216 -0.023789182 -0.065769546 -0.025355777 0.999640405 0.008731279 0.003306746 0.024003776 -0.008122764 0.999678850 2.644081354
0.999422431 0.029203815 -0.017374726 -0.067286350 -0.029019441 0.999520838 0.010770929 0.003399834 0.017680954 -0.010260505 0.999791026 2.679171801
0.999339461 0.034706693 -0.010772333 -0.068149135 -0.034577515 0.999330521 0.011955712 0.003610477 0.011180065 -0.011575335 0.999870479 2.713539839
0.999263465 0.038201712 -0.003611185 -0.068605557 -0.038156744 0.999202192 0.011795599 0.003152627 0.004058916 -0.011649122 0.999923825 2.746824265
0.999139011 0.041304998 0.003886241 -0.068894312 -0.041347925 0.999076128 0.011702358 0.003544649 -0.003399285 -0.011852971 0.999923944 2.777981997
0.998924315 0.044923473 0.011492850 -0.068930104 -0.045049589 0.998924613 0.010960363 0.004059218 -0.010988113 -0.011466322 0.999873817 2.808827162
0.998565912 0.049935572 0.019299410 -0.069127768 -0.050110053 0.998706102 0.008665074 0.003731301 -0.018841743 -0.009619741 0.999776185 2.838454008
0.998299956 0.051508747 0.027274637 -0.068377227 -0.051674556 0.998649299 0.005409391 0.003886919 -0.026959160 -0.006809601 0.999613345 2.864890337
0.998045146 0.051655527 0.035179552 -0.067513391 -0.051849216 0.998644233 0.004615102 0.004481640 -0.034893464 -0.006430112 0.999370396 2.891676903
0.997763216 0.051043984 0.043162912 -0.066131532 -0.051371902 0.998658240 0.006521571 0.004131025 -0.042772111 -0.008724346 0.999046743 2.915941238
0.997251630 0.053290561 0.051470116 -0.064920753 -0.053728051 0.998529971 0.007152936 0.004329797 -0.051013265 -0.009898667 0.998648882 2.939687014
0.996623695 0.055955034 0.060085759 -0.063553125 -0.056483656 0.998378038 0.007134369 0.004398035 -0.059589095 -0.010504143 0.998167813 2.961912870
0.995736301 0.060973372 0.069219351 -0.062467322 -0.061590906 0.998078167 0.006820463 0.004208345 -0.068670467 -0.011054666 0.997578144 2.982145786
0.994848907 0.064896844 0.077870958 -0.060889289 -0.065610580 0.997823238 0.006639846 0.004580859 -0.077270545 -0.011714804 0.996941447 3.000007153
0.994161725 0.063710198 0.087083422 -0.058512807 -0.064541444 0.997892201 0.006760435 0.004846307 -0.086469151 -0.012341456 0.996178150 3.018278599
0.993238688 0.062701508 0.097699933 -0.056494951 -0.063507318 0.997968078 0.005156939 0.004586380 -0.097178072 -0.011326734 0.995202541 3.034132242
0.992025435 0.061771512 0.109861709 -0.054696500 -0.062282436 0.998057902 0.001221781 0.003724597 -0.109572873 -0.008054496 0.993946135 3.050318003
0.990394950 0.063045606 0.123056397 -0.052023113 -0.063167989 0.997998655 -0.002910549 0.003527042 -0.122993641 -0.004890633 0.992395401 3.066201210
0.988292038 0.063971654 0.138514072 -0.049526155 -0.063845329 0.997945428 -0.005359627 0.003542762 -0.138572380 -0.003546601 0.990345955 3.082001686
0.985746324 0.065948389 0.154773489 -0.046740770 -0.065726183 0.997816145 -0.006558016 0.003548991 -0.154868007 -0.003708133 0.987928152 3.097422838
0.982876003 0.066707641 0.171769723 -0.043411493 -0.066370606 0.997765303 -0.007710775 0.003437536 -0.171900257 -0.003821726 0.985106885 3.113382339
0.979537189 0.065557361 0.190286905 -0.040267646 -0.065009579 0.997842908 -0.009126436 0.003664637 -0.190474778 -0.003430787 0.981686056 3.129607916
0.975763738 0.064737670 0.209031463 -0.035930455 -0.064160191 0.997893929 -0.009549422 0.003303256 -0.209209427 -0.004093520 0.977862358 3.142441034
0.971108735 0.065013267 0.229610503 -0.031569600 -0.064289741 0.997874498 -0.010638657 0.002911672 -0.229814142 -0.004430303 0.973224580 3.158584595
0.965804398 0.067414999 0.250353903 -0.026957631 -0.066305943 0.997716248 -0.012871698 0.002917197 -0.250649959 -0.004168414 0.968068779 3.172344446
0.959441543 0.068956107 0.273344129 -0.022101104 -0.067401901 0.997611821 -0.015084458 0.002739012 -0.273731560 -0.003951259 0.961798012 3.188128471
0.952103555 0.070198089 0.297608852 -0.016224861 -0.068403721 0.997522056 -0.016453506 0.002646536 -0.298026383 -0.004692109 0.954546154 3.202969551
0.943580389 0.072952427 0.323007584 -0.010401130 -0.071307756 0.997310519 -0.016939562 0.001761638 -0.323374599 -0.007049108 0.946244776 3.216420650
0.933609307 0.075123563 0.350328386 -0.003699899 -0.073457502 0.997134745 -0.018062180 0.001246925 -0.350681424 -0.008871228 0.936452806 3.231412888
0.922333121 0.076023981 0.378842950 0.003046393 -0.074209958 0.997053742 -0.019410873 0.000483125 -0.379202455 -0.010210630 0.925257385 3.245553493
0.909760594 0.073757596 0.408528388 0.011719465 -0.071171537 0.997231185 -0.021551296 -0.000020452 -0.408986837 -0.009469077 0.912491083 3.259167910
0.894818485 0.071077950 0.440735549 0.020742416 -0.067142949 0.997441530 -0.024539357 -0.000274487 -0.441352218 -0.007634009 0.897301495 3.273580790
0.877570510 0.070236184 0.474275023 0.030853748 -0.064304739 0.997516394 -0.028738199 -0.000877231 -0.475115567 -0.005278332 0.879907608 3.287127018
0.858018637 0.071998358 0.508547306 0.040978074 -0.063644081 0.997399151 -0.033828322 -0.001249991 -0.509660244 -0.003340690 0.860369265 3.300789356
0.836072683 0.074141517 0.543585777 0.052507520 -0.063200623 0.997245967 -0.038810831 -0.001458913 -0.544966221 -0.001906283 0.838455856 3.315635920
0.811430037 0.076605015 0.579407454 0.063181639 -0.063895620 0.997058094 -0.042341199 -0.002636001 -0.580946386 -0.002664680 0.813937485 3.328049183
0.784131408 0.080821954 0.615309596 0.076761723 -0.067171536 0.996711791 -0.045318462 -0.003627032 -0.616949022 -0.005795661 0.786981881 3.342271805
0.753956556 0.085152246 0.651382148 0.090692282 -0.070725486 0.996321797 -0.048381895 -0.004366316 -0.653105974 -0.009591470 0.757205784 3.356997728
0.720935225 0.086233355 0.687616229 0.106459260 -0.070207529 0.996211112 -0.051324487 -0.005059719 -0.689436793 -0.011274206 0.724258065 3.371000290
0.684351325 0.083817907 0.724318862 0.124054670 -0.066678904 0.996402621 -0.052303735 -0.006400645 -0.726097226 -0.012502677 0.687478364 3.384912968
0.645234466 0.082109824 0.759559333 0.143285275 -0.063476093 0.996531904 -0.053805009 -0.007653110 -0.761343002 -0.013497015 0.648208737 3.398413181
0.602588356 0.081475519 0.793882251 0.164565444 -0.061491497 0.996557713 -0.055601448 -0.009295434 -0.795679629 -0.015312209 0.605524123 3.412883759
0.556213439 0.081236444 0.827059448 0.187246084 -0.057519343 0.996587396 -0.059205130 -0.010144927 -0.829046488 -0.014641218 0.558987916 3.426129818
0.507917821 0.080222495 0.857661784 0.211487770 -0.054410920 0.996653616 -0.061000429 -0.011764221 -0.859685302 -0.015682952 0.510583222 3.438544512
0.459643126 0.078462660 0.884630859 0.237469792 -0.052463543 0.996748984 -0.061147634 -0.013140686 -0.886552751 -0.018304784 0.462265313 3.449632883
0.410023630 0.076270528 0.908880234 0.265254378 -0.052557159 0.996817410 -0.059939805 -0.014899917 -0.910559475 -0.023191426 0.412727237 3.460325241
0.359844208 0.076134212 0.929900944 0.294247270 -0.056205876 0.996623874 -0.059847042 -0.016724788 -0.931317985 -0.030730288 0.362908542 3.470292091
0.310364276 0.076506391 0.947534025 0.323896289 -0.053640388 0.996577442 -0.062896408 -0.017775066 -0.949103057 -0.031305298 0.313405871 3.478476524
0.262487441 0.073315844 0.962146044 0.355839133 -0.042414106 0.997022271 -0.064402208 -0.019521601 -0.964002669 -0.023903789 0.264815480 3.485558271
0.219027892 0.067156903 0.973404706 0.387590349 -0.029259119 0.997631967 -0.062244747 -0.021815542 -0.975279808 -0.014847630 0.220474169 3.489149570
0.177659646 0.066330291 0.981854081 0.421863377 -0.019828731 0.997764528 -0.063817292 -0.023549326 -0.983892143 -0.008131161 0.178577781 3.492576122
0.138483346 0.067739137 0.988045454 0.454738736 -0.016645007 0.997676373 -0.066066459 -0.024992932 -0.990224898 -0.007296916 0.139289051 3.495911360
0.105379224 0.068283722 0.992084920 0.489989907 -0.007971390 0.997665703 -0.067821108 -0.027447242 -0.994400203 -0.000761361 0.105677545 3.498478413
0.077129371 0.066831604 0.994778693 0.526145339 -0.000613442 0.997753859 -0.066983908 -0.029613717 -0.997020900 0.004556189 0.076997109 3.498985291
0.051891416 0.065676771 0.996490777 0.562996507 0.006609978 0.997790694 -0.066106655 -0.031404726 -0.998630822 0.010017151 0.051342659 3.500120401
0.031822070 0.064213201 0.997428834 0.602230430 0.011010760 0.997850955 -0.064591683 -0.033796772 -0.999432921 0.013037887 0.031046655 3.500382185
0.016359627 0.066015653 0.997684419 0.640590906 0.013979928 0.997705221 -0.066246279 -0.035552286 -0.999768436 0.015031319 0.015399193 3.500248432
0.002536193 0.065626547 0.997841060 0.681516409 0.014535755 0.997736335 -0.065656632 -0.038226802 -0.999891162 0.014670890 0.001576521 3.500116348
-0.008937785 0.066583641 0.997740746 0.721552134 0.015752098 0.997666240 -0.066437557 -0.040469240 -0.999835968 0.015122706 -0.009965761 3.499740601
-0.017958948 0.070014432 0.997384310 0.764249623 0.020586872 0.997359514 -0.069642007 -0.042480100 -0.999626696 0.019282326 -0.019352909 3.497707605
-0.023975650 0.071897604 0.997123837 0.805421889 0.024699131 0.997148633 -0.071305506 -0.044882026 -0.999407411 0.022918496 -0.025683096 3.495694876
-0.029453151 0.071026973 0.997039437 0.850250244 0.025225084 0.997207284 -0.070293777 -0.047773648 -0.999247849 0.023080030 -0.031162560 3.495068550
-0.032640155 0.067997470 0.997151375 0.894339979 0.022761133 0.997474790 -0.067274481 -0.050381176 -0.999208033 0.020500448 -0.034105435 3.493463516
-0.035524901 0.061558798 0.997471035 0.940785408 0.020158367 0.997942150 -0.060869928 -0.052673131 -0.999165475 0.017944990 -0.036692720 3.492489100
-0.036820594 0.056339543 0.997732460 0.986705303 0.021916550 0.998215020 -0.055557966 -0.054685399 -0.999081492 0.019821182 -0.037989631 3.491003752
-0.036931377 0.053343643 0.997893035 1.033366680 0.024555199 0.998321116 -0.052457754 -0.057498474 -0.999016047 0.022566127 -0.038179249 3.488339424
-0.036850855 0.055634681 0.997770846 1.080381036 0.027531583 0.998126507 -0.054637674 -0.060013950 -0.998941481 0.025456768 -0.038313538 3.486751795
-0.035652276 0.062666565 0.997397542 1.126953959 0.028614160 0.997686803 -0.061661921 -0.062727123 -0.998954535 0.026341304 -0.037362959 3.484457016
-0.033727627 0.070891909 0.996913612 1.176029086 0.029267475 0.997123420 -0.069916651 -0.064867005 -0.999002397 0.026819024 -0.035705443 3.482915401
-0.031214649 0.071369432 0.996961415 1.224465728 0.029429924 0.997080624 -0.070456512 -0.067632116 -0.999079406 0.027141225 -0.033223908 3.481259346
-0.029148230 0.067197837 0.997313797 1.274568558 0.029257655 0.997367620 -0.066346347 -0.070219353 -0.999146819 0.027245184 -0.031037552 3.480191708
-0.026710827 0.061055847 0.997776806 1.325389862 0.029025987 0.997759521 -0.060277745 -0.073113039 -0.999221623 0.027351392 -0.028423188 3.478646517
-0.023923321 0.059363201 0.997949719 1.376483679 0.026918801 0.997911751 -0.058715630 -0.076176152 -0.999351263 0.025458941 -0.025471352 3.477708578
-0.020856649 0.064191066 0.997719646 1.424685001 0.033928774 0.997407317 -0.063461713 -0.079860389 -0.999206483 0.032527812 -0.022980502 3.476806879
-0.017544251 0.070283882 0.997372746 1.474700212 0.036364887 0.996911049 -0.069611669 -0.082213998 -0.999184549 0.035048068 -0.020045921 3.475291967
-0.014876276 0.071069151 0.997360468 1.524537802 0.030698931 0.997033000 -0.070587933 -0.084570013 -0.999417901 0.029567810 -0.017013885 3.474768162
-0.012131367 0.067327693 0.997657180 1.574848771 0.025831636 0.997418642 -0.066997491 -0.087959602 -0.999592662 0.024958340 -0.013839237 3.476161957
-0.007298335 0.063503973 0.997954905 1.626650810 0.030331770 0.997536302 -0.063255526 -0.092094481 -0.999513268 0.029808078 -0.009206542 3.475131989
-0.003908359 0.064873464 0.997885883 1.677100301 0.034892049 0.997294664 -0.064698361 -0.094949231 -0.999383509 0.034565419 -0.006161352 3.474890709
-0.000277816 0.069399461 0.997588873 1.727346539 0.035036005 0.996977210 -0.069347143 -0.098301277 -0.999386013 0.034932259 -0.002708454 3.474286079
0.002657325 0.069605209 0.997571051 1.777423859 0.031069655 0.997087240 -0.069654211 -0.101601109 -0.999513686 0.031179283 0.000486975 3.475585699
0.006157119 0.069659576 0.997551799 1.828759551 0.030537734 0.997092307 -0.069815986 -0.104235798 -0.999514639 0.030892840 0.004011970 3.477046490
0.009706084 0.066523485 0.997737586 1.879007220 0.033990648 0.997186124 -0.066817380 -0.107760161 -0.999375045 0.034562282 0.007417596 3.477103710
0.013552861 0.066710792 0.997680306 1.930069208 0.038937330 0.996979892 -0.067192912 -0.111594781 -0.999149740 0.039757662 0.010914388 3.476747990
0.017065831 0.067657813 0.997562587 1.980707526 0.041467384 0.996801555 -0.068315610 -0.114631072 -0.998994112 0.042532176 0.014205652 3.476993322
0.019101324 0.067573532 0.997531474 2.031069279 0.042003974 0.996778309 -0.068326831 -0.117745340 -0.998934865 0.043205425 0.016201429 3.479124308
0.023381483 0.065991804 0.997546136 2.083009243 0.043371838 0.996812522 -0.066959858 -0.121291190 -0.998785496 0.044831038 0.020444769 3.479393959
0.026921842 0.064937904 0.997526050 2.133646250 0.045530736 0.996772468 -0.066117659 -0.124750033 -0.998600125 0.047198106 0.023878282 3.480875015
0.029523365 0.065846890 0.997392952 2.183880806 0.044007171 0.996774733 -0.067108728 -0.127164349 -0.998594880 0.045873720 0.026530407 3.483099461
0.032679606 0.067064241 0.997213364 2.235670090 0.040850252 0.996822953 -0.068376698 -0.131025940 -0.998630762 0.042970948 0.029836189 3.484815598
0.035798367 0.066792674 0.997124612 2.287050009 0.043005567 0.996736765 -0.068310663 -0.134357080 -0.998433292 0.045327306 0.032809094 3.486172915
0.039117705 0.066801377 0.996999264 2.338121891 0.040966850 0.996816754 -0.068396486 -0.137138128 -0.998394489 0.043519426 0.036256544 3.487799644
0.040737689 0.067187876 0.996908367 2.390024185 0.039251801 0.996858776 -0.068788506 -0.140277460 -0.998398662 0.041932732 0.037972469 3.491563559
0.043868519 0.066814698 0.996800542 2.442075729 0.036274616 0.996996582 -0.068424284 -0.144152641 -0.998378575 0.039160229 0.041313086 3.493580580
0.046800934 0.068805143 0.996531725 2.494624853 0.035290942 0.996888220 -0.070487157 -0.147259161 -0.998280644 0.038467407 0.044227108 3.496734142
0.051147122 0.072937876 0.996024132 2.546779633 0.034112021 0.996619940 -0.074733213 -0.149835408 -0.998108387 0.037798785 0.048486184 3.497964859
0.052953560 0.074463688 0.995816767 2.600073576 0.033465341 0.996523499 -0.076296099 -0.154448837 -0.998036087 0.037365500 0.050277516 3.503871679
0.056415923 0.076855011 0.995444834 2.652591705 0.027947325 0.996520579 -0.078521959 -0.157632560 -0.998016119 0.032249905 0.054071724 3.506607294
0.058812626 0.076356374 0.995344520 2.706047535 0.024650624 0.996655345 -0.077913471 -0.160758391 -0.997964561 0.029118158 0.056733679 3.510949373
0.062452704 0.076698676 0.995096445 2.758563042 0.026286896 0.996570468 -0.078462072 -0.165167168 -0.997701645 0.031058170 0.060222358 3.513814926
0.066522926 0.077759631 0.994750261 2.812231064 0.025671558 0.996495247 -0.079612792 -0.169295043 -0.997454584 0.030832866 0.064293571 3.517376661
0.070059836 0.078804612 0.994425237 2.866343975 0.021188520 0.996532381 -0.080464378 -0.173241466 -0.997317731 0.026707714 0.068147130 3.522265911
0.074015990 0.076578930 0.994312465 2.920498133 0.020176830 0.996728182 -0.078266934 -0.176938087 -0.997052908 0.025855079 0.072228700 3.526759624
0.078588277 0.076860100 0.993939817 2.975447655 0.020362314 0.996691704 -0.078682899 -0.180941999 -0.996699095 0.026422467 0.076763257 3.531613827
0.083424233 0.080634251 0.993246436 3.029886484 0.017286867 0.996453881 -0.082346573 -0.184895694 -0.996364117 0.024039822 0.081734493 3.536911964
0.089292876 0.088977225 0.992022991 3.084565639 0.014748672 0.995774329 -0.090641215 -0.189662397 -0.995896161 0.022724643 0.087603256 3.542830706
0.097028814 0.093514726 0.990878582 3.140407562 0.013071865 0.995370567 -0.095218688 -0.194306478 -0.995195687 0.022191584 0.095357202 3.548015356
0.104080521 0.096867353 0.989840329 3.195703506 0.008818166 0.995116770 -0.098310918 -0.198512346 -0.994529784 0.018960824 0.102718070 3.554529667
0.111469537 0.095049828 0.989211857 3.250545025 0.005650644 0.995338678 -0.096275277 -0.203167513 -0.993751824 0.016321443 0.110412844 3.561446428
0.119040422 0.093238600 0.988501847 3.307390690 0.004501570 0.995520115 -0.094442688 -0.209160104 -0.992879152 0.015692305 0.118087418 3.568131208
0.126411095 0.089145042 0.987964272 3.362769604 0.004015203 0.995899796 -0.090374805 -0.214358479 -0.991969824 0.015391258 0.125534847 3.575064898
0.134023711 0.083392672 0.987463117 3.419153929 0.001454827 0.996435344 -0.084347844 -0.219631866 -0.990977049 0.012741198 0.133424655 3.582820654
0.140943617 0.076859884 0.987029552 3.476155996 -0.000931031 0.996991813 -0.077502668 -0.222953349 -0.990017176 0.010004552 0.140591159 3.592324734
0.147737011 0.074070975 0.986249089 3.532805443 -0.001199889 0.997204244 -0.074714005 -0.227948546 -0.989025950 0.009854634 0.147412851 3.602200031
0.155116320 0.076597765 0.984922171 3.587743521 -0.001076477 0.997002006 -0.077367693 -0.231093049 -0.987895608 0.010940744 0.154733747 3.610712290
0.161555514 0.082410999 0.983416617 3.641850233 -0.000218641 0.996510029 -0.083472326 -0.235947460 -0.986863613 0.013270394 0.161009714 3.619580507
0.166857362 0.086009406 0.982222557 3.695156574 -0.001830074 0.996213317 -0.086923629 -0.240151778 -0.985979378 0.012706310 0.166382954 3.628435612
0.171596721 0.088643067 0.981171250 3.747990847 -0.002993218 0.995986044 -0.089458019 -0.245029420 -0.985162675 0.012413841 0.171173245 3.638334990
0.176721141 0.088613778 0.980263889 3.801536322 -0.006494494 0.996022284 -0.088867486 -0.249683470 -0.984239519 0.009338446 0.176593691 3.649068117
0.182071075 0.085997902 0.979517579 3.856481552 -0.001307709 0.996188402 -0.087218478 -0.253377736 -0.983284414 0.014599038 0.181489572 3.659573078
0.186864108 0.079149455 0.979192138 3.905921459 -0.000534979 0.996757150 -0.080467172 -0.257858723 -0.982385576 0.014512577 0.186300442 3.667886734
0.189927608 0.072973177 0.979082584 3.957013607 -0.003097081 0.997273505 -0.073728211 -0.261956573 -0.981793225 0.010970725 0.189635783 3.678721905
0.193512425 0.069802657 0.978611529 4.008517265 -0.006598314 0.997535884 -0.069847733 -0.265779734 -0.981075644 0.007059218 0.193496153 3.689390182
0.195992202 0.069401182 0.978146493 4.058366299 -0.008904496 0.997577190 -0.068995625 -0.270419806 -0.980565012 0.004812704 0.196135312 3.700443506
0.198617384 0.071796604 0.977443814 4.106868744 -0.009757703 0.997408569 -0.071280308 -0.273002505 -0.980028510 0.004619901 0.198803246 3.710462570
0.199536830 0.076303259 0.976914942 4.155374527 -0.014981816 0.997084677 -0.074818559 -0.276874930 -0.979775786 0.000293100 0.200098261 3.721672535
0.202253655 0.080543548 0.976015449 4.202965736 -0.016022902 0.996751010 -0.078934371 -0.280448914 -0.979202151 0.000326165 0.202887073 3.731132746
0.203994155 0.085499011 0.975231409 4.249884129 -0.015810657 0.996336758 -0.084042132 -0.284306139 -0.978844404 0.001725056 0.204598635 3.742376089
0.205993384 0.087340146 0.974647820 4.296756744 -0.014698985 0.996172607 -0.086162373 -0.288062930 -0.978442967 0.003422544 0.206488773 3.751973629
0.206924170 0.086944215 0.974486053 4.342904091 -0.017374285 0.996212900 -0.085193411 -0.292405844 -0.978202701 0.000697577 0.207651094 3.763037443
0.207827419 0.084235914 0.974531710 4.387833118 -0.016855763 0.996445596 -0.082535446 -0.295879245 -0.978020251 0.000726653 0.208508566 3.772464275
0.208628923 0.081517003 0.974591672 4.432579994 -0.017562391 0.996671796 -0.079604283 -0.300104082 -0.977837265 -0.000508402 0.209366173 3.781930923
0.208367273 0.080118492 0.974763691 4.476595879 -0.016869020 0.996785402 -0.078322537 -0.303829670 -0.977905214 -0.000123452 0.209048942 3.791647911
0.206733912 0.079852544 0.975133121 4.520596504 -0.016424254 0.996806681 -0.078145333 -0.306870699 -0.978259325 0.000139453 0.207385272 3.801573277
0.205325007 0.081073292 0.975330114 4.563289165 -0.017591253 0.996707797 -0.079147004 -0.310003698 -0.978535771 -0.000906420 0.206075191 3.810431480
0.202908710 0.083777614 0.975607157 4.604591370 -0.018178727 0.996483803 -0.081789501 -0.313529581 -0.979028881 -0.001139496 0.203718215 3.819404125
0.200701565 0.087332077 0.975751996 4.646422386 -0.016079709 0.996178091 -0.085852832 -0.317135811 -0.979520380 0.001540988 0.201338857 3.828229904
0.198511809 0.087828010 0.976155281 4.687525272 -0.013892255 0.996128976 -0.086799949 -0.320579737 -0.980000079 0.003669812 0.198963493 3.837143660
0.196818307 0.086942032 0.976577640 4.727436066 -0.015108146 0.996211112 -0.085645102 -0.323623061 -0.980323553 0.002102248 0.197386146 3.844175816
0.194674939 0.084210120 0.977246344 4.767080307 -0.015635073 0.996447623 -0.082750112 -0.327060938 -0.980743170 0.000830057 0.195300028 3.852226257
0.192205250 0.079960905 0.978091717 4.806519508 -0.015418505 0.996798098 -0.078460291 -0.330594093 -0.981233656 -0.000000234 0.192822665 3.860263348
0.189987630 0.079314731 0.978577495 4.844973087 -0.011747416 0.996843755 -0.078514494 -0.333421469 -0.981716216 0.003421027 0.190319672 3.867805004
0.189028695 0.080042198 0.978704035 4.881727219 -0.007205235 0.996758640 -0.080127135 -0.336713403 -0.981945157 0.008094537 0.188992694 3.873650551
0.186271295 0.082501777 0.979028285 4.919175148 -0.003575776 0.996518433 -0.083295323 -0.339498699 -0.982491851 0.012014738 0.185917780 3.880542755
0.184427977 0.084666073 0.979192495 4.956072807 -0.004235465 0.996341884 -0.085351169 -0.342123151 -0.982836902 0.011593806 0.184111923 3.887923479
0.183285028 0.087272413 0.979178369 4.992830753 -0.004355495 0.996113896 -0.087966576 -0.345041990 -0.983050168 0.011858152 0.182952896 3.894835949
0.182048410 0.085251428 0.979587078 5.031492233 -0.002703898 0.996274054 -0.086201169 -0.348702729 -0.983285844 0.013044084 0.181600630 3.902038574
0.183039576 0.083804399 0.979527175 5.068644524 0.003198494 0.996304035 -0.085837446 -0.351579577 -0.983100295 0.018844659 0.182095021 3.907974482
0.185252950 0.082027279 0.979261339 5.107085705 0.008298316 0.996343970 -0.085028037 -0.354245484 -0.982655823 0.023877919 0.183894962 3.915097237
0.187088311 0.081187591 0.978982449 5.144084930 0.011151299 0.996339142 -0.084758081 -0.357296646 -0.982279778 0.026774170 0.185498074 3.921929836
0.190818727 0.080932498 0.978283226 5.182383537 0.008414081 0.996423960 -0.084074460 -0.360610336 -0.981589317 0.024274340 0.189455360 3.929674625
0.195838794 0.081409521 0.977251053 5.220449448 0.007388733 0.996397316 -0.084485158 -0.363805711 -0.980608284 0.023766123 0.194531739 3.937723160
0.202934563 0.079988264 0.975919783 5.258901119 0.008333255 0.996480763 -0.083406292 -0.367133886 -0.979156852 0.025058614 0.201553851 3.945571899
0.210034683 0.080826417 0.974347174 5.297352791 0.006263239 0.996445179 -0.084009692 -0.369423032 -0.977673888 0.023747519 0.208781824 3.954951763
0.218373865 0.078542992 0.972699225 5.336217880 0.007183017 0.996599436 -0.082085475 -0.372217953 -0.975838721 0.024912238 0.217067063 3.963858366
0.227386832 0.078770839 0.970613420 5.375304699 0.003482431 0.996650994 -0.081699766 -0.374949545 -0.973798275 0.021957545 0.226350963 3.973362923
0.237041056 0.078056917 0.968358815 5.415634632 0.002023826 0.996725082 -0.080838867 -0.378705859 -0.971497476 0.021121921 0.236106783 3.984256268
0.246184707 0.082013398 0.965746820 5.454486847 -0.003050445 0.996474147 -0.083845221 -0.381512284 -0.969218075 0.017695451 0.245566860 3.995536804
0.255254358 0.084224686 0.963198602 5.495411873 -0.006049496 0.996318281 -0.085517600 -0.384402156 -0.966855049 0.016001875 0.254824102 4.008126736
0.266594410 0.087508924 0.959827960 5.535886765 -0.010535403 0.996074677 -0.087887369 -0.387127817 -0.963751256 0.013318102 0.266469926 4.019472122
0.276501775 0.088442758 0.956934988 5.578284264 -0.012199732 0.995999098 -0.088528074 -0.391586602 -0.960935891 0.012803826 0.276474446 4.032469749
0.286096990 0.089454077 0.954015970 5.620085716 -0.015633937 0.995936036 -0.088696323 -0.394745320 -0.958073139 0.010460727 0.286332846 4.045773029
0.296663702 0.090020418 0.950729728 5.662509441 -0.017325632 0.995890796 -0.088890247 -0.398611128 -0.954824805 0.009898520 0.297004253 4.059635162
0.306840420 0.091019407 0.947398782 5.707315445 -0.020856144 0.995820701 -0.088916644 -0.401551604 -0.951532423 0.007524133 0.307456374 4.075033665
0.317404628 0.085975870 0.944384694 5.752034187 -0.019519486 0.996262908 -0.084138379 -0.404613018 -0.948089302 0.008272005 0.317896634 4.090445518
0.327937305 0.078867525 0.941401660 5.796525002 -0.016677169 0.996837199 -0.077702239 -0.408579230 -0.944552362 0.009781541 0.328215361 4.106419563
0.338518232 0.074885510 0.937975228 5.841931343 -0.015660493 0.997138441 -0.073957026 -0.412006199 -0.940829515 0.010346646 0.338722289 4.123571396
0.348877192 0.071206041 0.934459448 5.888530731 -0.015632838 0.997412801 -0.070166633 -0.415126562 -0.937038064 0.009871285 0.349087715 4.141257286
0.358013839 0.069668859 0.931113422 5.934107780 -0.010501520 0.997449815 -0.070594512 -0.417662740 -0.933657169 0.015495704 0.357832551 4.159473896
0.367052197 0.063577577 0.928025186 5.984015942 -0.003263702 0.997743428 -0.067063019 -0.420897514 -0.930194616 0.021586830 0.366431445 4.178232193
0.373815387 0.054171253 0.925919890 6.032680511 0.006134970 0.998126745 -0.060872581 -0.423601806 -0.927482843 0.028435595 0.372782797 4.197313309
0.380681098 0.049955763 0.923355997 6.081473827 0.010865335 0.998229086 -0.058486134 -0.426978230 -0.924642503 0.032297134 0.379464179 4.217249870
0.388004303 0.049496856 0.920327485 6.129439831 0.013006596 0.998163342 -0.059166513 -0.430950969 -0.921565831 0.034927189 0.386647850 4.237422943
0.396206349 0.056349892 0.916430652 6.182312489 0.015660889 0.997554898 -0.068108872 -0.432715833 -0.918027937 0.041337293 0.394355088 4.259850502
0.403054744 0.061026879 0.913138807 6.229624271 0.019030828 0.996999562 -0.075031564 -0.435632795 -0.914977968 0.047619618 0.400683999 4.280718803
0.408142000 0.062986672 0.910742939 6.275426388 0.016530626 0.996943593 -0.076356344 -0.439640284 -0.912768781 0.046219386 0.405853301 4.301295757
0.412668407 0.064374700 0.908603668 6.325974941 0.010018306 0.997118413 -0.075196095 -0.443652540 -0.910826206 0.040133722 0.410834372 4.325934410
0.416945249 0.068154551 0.906372786 6.374735355 0.004308526 0.997025430 -0.076953150 -0.446122110 -0.908921361 0.035990380 0.415411443 4.349089146
0.421247602 0.070659876 0.904188991 6.422069073 0.004103434 0.996801674 -0.079809047 -0.450291693 -0.906936407 0.037329651 0.419610441 4.371411800
0.424863338 0.074843712 0.902158380 6.468425751 0.000863841 0.996542513 -0.083080716 -0.454296142 -0.905257046 0.036077268 0.423329681 4.394201279
0.428572416 0.077683464 0.900161624 6.513240337 -0.001743986 0.996366084 -0.085155554 -0.458082378 -0.903505683 0.034925453 0.427150577 4.416067600
0.432601482 0.076863632 0.898302794 6.559606552 -0.003373990 0.996490240 -0.083640262 -0.461611480 -0.901578903 0.033152033 0.431342572 4.438925743
0.436604768 0.073212877 0.896669507 6.603380203 -0.001329203 0.996734619 -0.080735974 -0.465302169 -0.899652362 0.034057859 0.435276419 4.460090160
0.440110296 0.070294559 0.895188034 6.647627354 -0.001917847 0.997002423 -0.077346630 -0.469617724 -0.897941649 0.032324217 0.438925892 4.482291222
0.444117486 0.069360703 0.893279731 6.690956116 -0.002584169 0.997094035 -0.076136798 -0.473006427 -0.895964861 0.031505294 0.443006128 4.503465176
0.446989864 0.071395695 0.891685367 6.733811378 -0.004440491 0.996974707 -0.077600054 -0.476233304 -0.894528031 0.030726919 0.445954531 4.526899338
0.450030744 0.071573228 0.890140235 6.774868965 -0.002882993 0.996894240 -0.078699403 -0.479637265 -0.893008411 0.032850884 0.448839396 4.547067165
0.452792853 0.069313772 0.888917506 6.817297459 -0.000761116 0.997003376 -0.077354141 -0.483421683 -0.891615450 0.034348831 0.451488733 4.568272591
0.454697490 0.068342477 0.888019979 6.857970715 0.001420578 0.996994734 -0.077456608 -0.486544311 -0.890644908 0.036480829 0.453233927 4.588851929
0.455981433 0.068528257 0.887347043 6.897015572 -0.000356125 0.997045159 -0.076817043 -0.490144759 -0.889989197 0.034711134 0.454658478 4.609435558
0.457701921 0.068337157 0.886475563 6.936302185 0.000422988 0.997025073 -0.077077642 -0.493682146 -0.889105558 0.035653550 0.456311375 4.630446434
0.460325271 0.069776379 0.885003924 6.974901199 0.000443097 0.996888101 -0.078828134 -0.496733665 -0.887750268 0.036678724 0.458861858 4.651004791
0.463457108 0.069577761 0.883383572 7.013582230 0.003238656 0.996772885 -0.080207765 -0.500540376 -0.886113465 0.040033828 0.461736113 4.670505524
0.466192782 0.068807170 0.882003307 7.050245762 0.005107652 0.996744931 -0.080458142 -0.504089832 -0.884668350 0.042013973 0.464323848 4.690327168
0.469515234 0.067217827 0.880361915 7.087085247 0.008196175 0.996723056 -0.080473460 -0.506930709 -0.882886350 0.044999119 0.467425734 4.709450722
0.472335547 0.066227019 0.878927231 7.122757435 0.008800915 0.996769249 -0.079835989 -0.511108100 -0.881374896 0.045444746 0.470226645 4.729304790
0.476060867 0.065742679 0.876951456 7.158914566 0.010422373 0.996709943 -0.080378518 -0.513731539 -0.879350603 0.047404982 0.473809421 4.748756886
0.479171485 0.064775668 0.875327826 7.193171978 0.010941599 0.996754706 -0.079751104 -0.517157674 -0.877653122 0.047791932 0.476907700 4.768098831
0.482459486 0.064145930 0.873566329 7.227745056 0.012943107 0.996683836 -0.080334760 -0.519842029 -0.875822604 0.050064925 0.480029374 4.787594318
0.486535400 0.065419942 0.871208072 7.261834621 0.012474821 0.996570647 -0.081800252 -0.523201823 -0.873571754 0.050666895 0.484050810 4.806198120
0.490626901 0.065774895 0.868883669 7.295594692 0.013870556 0.996431172 -0.083262496 -0.526662588 -0.871259272 0.052902725 0.487963617 4.825771809
0.496054888 0.068999194 0.865545273 7.330023289 0.012369421 0.996174932 -0.086501740 -0.529427767 -0.868203044 0.053615898 0.493303955 4.844707012
0.501029134 0.074852742 0.862187207 7.363130569 0.008394756 0.995785415 -0.091329679 -0.533100605 -0.865389645 0.052996680 0.498289108 4.865144253
0.507023335 0.081562996 0.858064651 7.395881653 0.003878665 0.995286822 -0.096898451 -0.536277533 -0.861923635 0.052457921 0.504317164 4.885449886
0.512850821 0.088223174 0.853932500 7.428614140 -0.001992690 0.994825125 -0.101582609 -0.539563775 -0.858475447 0.050395101 0.510372698 4.906398773
0.518939793 0.092892796 0.849748373 7.461897373 -0.005280274 0.994407237 -0.105481967 -0.542595267 -0.854794443 0.050251894 0.516528130 4.928369522
0.524771750 0.093202211 0.846125305 7.495428085 -0.009748400 0.994580686 -0.103508845 -0.546309114 -0.851187170 0.046070158 0.522836626 4.949293613
0.530191362 0.092081890 0.842863023 7.528942108 -0.015841823 0.994987547 -0.098736264 -0.550225973 -0.847729981 0.038996629 0.528992534 4.971630573
0.536420941 0.089692712 0.839170873 7.562835217 -0.022448508 0.995501101 -0.092051983 -0.553886890 -0.843651950 0.030540472 0.536021113 4.993771076
0.542154968 0.087901413 0.835668147 7.597276211 -0.029357683 0.995887637 -0.085708082 -0.557798624 -0.839765429 0.021933785 0.542505920 5.017593861
0.548771322 0.086310938 0.831504822 7.632535458 -0.031160809 0.996076524 -0.082828298 -0.560248375 -0.835391402 0.019543430 0.549307823 5.040849686
0.554735243 0.089966252 0.827148676 7.667706490 -0.036314733 0.995807528 -0.083955891 -0.563443065 -0.831234157 0.016535610 0.555676520 5.066183567
0.561510682 0.093578286 0.822161198 7.703310490 -0.040412795 0.995500445 -0.085707076 -0.567313433 -0.826482058 0.014899613 0.562765956 5.089440346
0.568215370 0.097012952 0.817141175 7.739562988 -0.042737652 0.995165050 -0.088429898 -0.570395827 -0.821769297 0.015324538 0.569614232 5.114227772
0.574445188 0.098761335 0.812563181 7.775941849 -0.045255814 0.995008111 -0.088942453 -0.574209273 -0.817291021 0.014319350 0.576047122 5.141580105
0.580393791 0.100732476 0.808081686 7.814158440 -0.048895236 0.994840205 -0.088894792 -0.576671600 -0.812866688 0.012082638 0.582324505 5.170448780
0.586151183 0.102064118 0.803747296 7.851106644 -0.054901354 0.994756937 -0.086281478 -0.581514776 -0.808339417 0.006447188 0.588681400 5.199851513
0.593721390 0.099501468 0.798494995 7.888714790 -0.054739263 0.995020866 -0.083289392 -0.585310340 -0.802806556 0.005741673 0.596211910 5.228280544
0.600827098 0.097430892 0.793419242 7.928692818 -0.054829571 0.995229840 -0.080692574 -0.589155912 -0.797496438 0.004979451 0.603303015 5.259711742
