0.999998391 0.000978548 0.001496162 -0.000213972 -0.000971695 0.999989033 -0.004574845 -0.000233306 -0.001500622 0.004573383 0.999988377 0.047245897
0.999997675 -0.001231822 0.001779921 -0.000086827 0.001241694 0.999983788 -0.005555615 -0.000020046 -0.001773049 0.005557812 0.999983013 0.096633777
0.999993622 -0.002679094 0.002349613 -0.000272817 0.002682232 0.999995530 -0.001333532 -0.000105523 -0.002346030 0.001339825 0.999996305 0.141332358
0.999985397 -0.005047320 0.001930739 -0.000281976 0.005038262 0.999976397 0.004667914 -0.000162106 -0.001954254 -0.004658117 0.999987245 0.188231304
0.999962747 -0.008620197 0.000490427 -0.000058058 0.008617867 0.999952435 0.004570446 0.000009387 -0.000529802 -0.004566050 0.999989450 0.234648362
0.999935925 -0.011314430 -0.000468051 -0.000003309 0.011315333 0.999934077 0.001969767 0.000109377 0.000445734 -0.001974936 0.999997973 0.280881584
0.999929488 -0.011802216 -0.001293144 -0.000058130 0.011800264 0.999929190 -0.001507876 0.000070051 0.001310849 0.001492510 0.999998033 0.326794505
0.999939442 -0.010873466 -0.001675118 -0.000576577 0.010870169 0.999938965 -0.001965005 0.000030438 0.001696382 0.001946677 0.999996662 0.372405261
0.999938011 -0.010802382 -0.002674871 -0.000862184 0.010801611 0.999941528 -0.000302760 0.000118463 0.002677985 0.000273848 0.999996364 0.418003947
0.999938309 -0.010598367 -0.003307029 -0.001254050 0.010606951 0.999940395 0.002589454 0.000077510 0.003279387 -0.002624372 0.999991179 0.463989109
0.999930918 -0.010741892 -0.004774017 -0.001009372 0.010760178 0.999934793 0.003821195 0.000424150 0.004732660 -0.003872300 0.999981225 0.508777440
0.999912024 -0.012222993 -0.005159388 -0.001483339 0.012248119 0.999913216 0.004866377 0.000487154 0.005099458 -0.004929142 0.999974787 0.554084957
0.999904096 -0.012124680 -0.006686366 -0.001284381 0.012154441 0.999916315 0.004428697 0.000954382 0.006632110 -0.004509542 0.999967754 0.599032164
0.999896705 -0.012459008 -0.007170106 -0.002075668 0.012483011 0.999916494 0.003312738 0.000705726 0.007128234 -0.003401900 0.999968767 0.643918753
0.999882400 -0.012660138 -0.008656392 -0.002430282 0.012670786 0.999919176 0.001176473 0.000980956 0.008640794 -0.001286018 0.999961853 0.688612759
0.999847233 -0.014344183 -0.009985189 -0.003076854 0.014334605 0.999896765 -0.001030115 0.001963876 0.009998932 0.000886824 0.999949634 0.733303070
0.999837995 -0.013886093 -0.011456305 -0.003551286 0.013876202 0.999903321 -0.000942525 0.001406166 0.011468285 0.000783403 0.999933958 0.777373910
0.999839962 -0.012253026 -0.013033259 -0.004634804 0.012234345 0.999924004 -0.001512047 0.000919124 0.013050796 0.001352352 0.999913931 0.821874440
0.999826372 -0.011049736 -0.015000228 -0.005373472 0.011023866 0.999937594 -0.001806237 0.001250629 0.015019251 0.001640563 0.999885798 0.865480125
0.999810040 -0.011373625 -0.015824717 -0.006796770 0.011361765 0.999935150 -0.000839168 0.001135790 0.015833233 0.000659212 0.999874473 0.909451962
0.999763966 -0.011755157 -0.018274076 -0.006678433 0.011763599 0.999930739 0.000354497 0.001265739 0.018268643 -0.000569383 0.999832988 0.953482032
0.999757469 -0.010049779 -0.019594628 -0.007720681 0.010073421 0.999948621 0.001108236 0.000838360 0.019582486 -0.001305352 0.999807358 0.996899605
0.999707878 -0.011261816 -0.021383507 -0.008608758 0.011283908 0.999935925 0.000912724 0.000886057 0.021371860 -0.001153747 0.999770939 1.039574027
0.999679685 -0.010989102 -0.022796286 -0.009875363 0.010991435 0.999939561 -0.000022860 0.001241267 0.022795161 -0.000227711 0.999740124 1.082736969
0.999664128 -0.011532819 -0.023207840 -0.011572002 0.011529227 0.999933481 -0.000288481 0.001570165 0.023209622 0.000020816 0.999730647 1.125130534
0.999626994 -0.011307376 -0.024858011 -0.012102721 0.011378244 0.999931574 0.002711280 0.001205954 0.024825655 -0.002993109 0.999687314 1.166868448
0.999611735 -0.012162329 -0.025070146 -0.013755746 0.012292980 0.999911606 0.005063940 0.001539365 0.025006339 -0.005370160 0.999672890 1.209428787
0.999585092 -0.011611437 -0.026359178 -0.014494635 0.011797116 0.999906600 0.006899574 0.001138667 0.026276601 -0.007207673 0.999628723 1.251179338
0.999561012 -0.012017260 -0.027078522 -0.015748493 0.012194567 0.999905229 0.006392390 0.001101001 0.026999138 -0.006719794 0.999612987 1.290940166
0.999553263 -0.009891094 -0.028202208 -0.017025802 0.009996505 0.999943554 0.003599148 0.001503048 0.028165016 -0.003879463 0.999595821 1.331546545
0.999534786 -0.009194074 -0.029078351 -0.018110927 0.009240136 0.999956250 0.001450106 0.001777087 0.029063750 -0.001718118 0.999576092 1.370816946
0.999519825 -0.009167130 -0.029599376 -0.019807363 0.009211699 0.999956608 0.001369764 0.001795101 0.029585535 -0.001641767 0.999560893 1.409259200
0.999490440 -0.009012566 -0.030621039 -0.021513535 0.009051014 0.999958396 0.001117163 0.001697287 0.030609697 -0.001393745 0.999530375 1.447608829
0.999428630 -0.008278547 -0.032772206 -0.023080923 0.008287384 0.999965668 0.000133788 0.001850852 0.032769974 -0.000405307 0.999462783 1.485576510
0.999345839 -0.009292855 -0.034948140 -0.023877231 0.009298497 0.999956787 -0.000001133 0.001764421 0.034946635 -0.000323833 0.999389112 1.523282290
0.999273121 -0.009355550 -0.036953796 -0.025197830 0.009415064 0.999954641 0.001436820 0.001697889 0.036938675 -0.001783698 0.999315977 1.560405850
0.999192894 -0.009445637 -0.039041188 -0.026893556 0.009582472 0.999948621 0.003319279 0.002163908 0.039007820 -0.003690711 0.999232054 1.596760035
0.999108791 -0.008565596 -0.041330114 -0.027973130 0.008770479 0.999950111 0.004778461 0.002099276 0.041287124 -0.005136687 0.999134123 1.633828998
0.999054074 -0.007478225 -0.042838134 -0.030271497 0.007708132 0.999956667 0.005204161 0.002063346 0.042797368 -0.005529439 0.999068499 1.669543743
0.998981714 -0.004750246 -0.044867229 -0.032233082 0.004940917 0.999979258 0.004139751 0.002241346 0.044846632 -0.004357221 0.998984396 1.704352379
0.998905241 -0.003064482 -0.046679072 -0.033899907 0.003243133 0.999987662 0.003751989 0.001972702 0.046666998 -0.003899268 0.998902857 1.739214659
0.998799741 -0.002534308 -0.048914462 -0.035199430 0.002766584 0.999985337 0.004681494 0.002507304 0.048901863 -0.004811201 0.998791933 1.774228811
0.998719394 -0.000894478 -0.050585732 -0.036473509 0.001204303 0.999980748 0.006094587 0.003226552 0.050579295 -0.006147703 0.998701096 1.808398128
0.998736382 0.001891600 -0.050219197 -0.038866121 -0.001535231 0.999973357 0.007133900 0.002347701 0.050231360 -0.007047787 0.998712718 1.841511607
0.998821378 0.004932412 -0.048285864 -0.041824918 -0.004683137 0.999975264 0.005274257 0.002465196 0.048310675 -0.005041912 0.998819649 1.873823047
0.998904526 0.006079410 -0.046398364 -0.043640256 -0.005975848 0.999979377 0.002370419 0.002373178 0.046411812 -0.002090553 0.998920262 1.905551672
0.998980582 0.007141221 -0.044572461 -0.045262549 -0.007122694 0.999974430 0.000574472 0.002382792 0.044575427 -0.000256410 0.999005973 1.936894059
0.999123931 0.008575860 -0.040960580 -0.046940781 -0.008540639 0.999962986 0.001034832 0.002933131 0.040967930 -0.000684096 0.999160230 1.968057632
0.999198556 0.012957446 -0.037873134 -0.048432693 -0.012828177 0.999911070 0.003654185 0.003076156 0.037917107 -0.003165412 0.999275923 1.999257684
0.999286950 0.017242415 -0.033590648 -0.050231449 -0.017015064 0.999830425 0.007042352 0.003132333 0.033706374 -0.006465783 0.999410868 2.029113531
0.999308825 0.022552563 -0.029548360 -0.050996359 -0.022330407 0.999719977 0.007826918 0.003353653 0.029716609 -0.007161683 0.999532700 2.058316708
0.999372542 0.025918409 -0.024140341 -0.052228935 -0.025721038 0.999633431 0.008450923 0.003329718 0.024350526 -0.007824707 0.999672830 2.087864399
0.999382436 0.029848719 -0.018539948 -0.052926768 -0.029654589 0.999503374 0.010659136 0.003337434 0.018848903 -0.010102759 0.999771297 2.115349770
0.999302149 0.035543859 -0.011480055 -0.053744718 -0.035402589 0.999297619 0.012283040 0.003249632 0.011908578 -0.011868046 0.999858618 2.140998602
0.999284625 0.037545428 -0.004525246 -0.054113813 -0.037492946 0.999234438 0.011170342 0.003744006 0.004941178 -0.010992685 0.999927282 2.168245316
0.999146640 0.041205581 0.002854737 -0.054317504 -0.041235644 0.999084175 0.011423849 0.003661817 -0.002381396 -0.011531815 0.999930620 2.193017721
0.998917699 0.045322794 0.010451545 -0.054225449 -0.045436140 0.998908043 0.010875264 0.003899207 -0.009947233 -0.011338372 0.999886155 2.217672586
0.998606265 0.049494337 0.018326322 -0.054566618 -0.049653403 0.998731792 0.008328510 0.003632750 -0.017890865 -0.009226866 0.999797344 2.239907980
0.998302281 0.051927786 0.026383016 -0.053938769 -0.052082278 0.998629212 0.005202322 0.003952852 -0.026076706 -0.006567577 0.999638319 2.261561871
0.998075545 0.051602297 0.034385890 -0.053329982 -0.051796123 0.998646259 0.004769490 0.003846557 -0.034093224 -0.006541367 0.999397278 2.281953335
0.997770071 0.051705308 0.042208217 -0.052197166 -0.052028801 0.998623848 0.006601325 0.003857802 -0.041808806 -0.008782646 0.999087036 2.301219940
0.997317851 0.053142086 0.050331425 -0.051640481 -0.053566154 0.998538971 0.007113490 0.003967888 -0.049879871 -0.009790469 0.998707235 2.319286108
0.996704638 0.055804897 0.058870856 -0.050505504 -0.056330480 0.998385429 0.007305039 0.003814848 -0.058368158 -0.010597189 0.998238802 2.335873604
0.995812595 0.060957875 0.068127804 -0.049762040 -0.061554510 0.998081207 0.006691093 0.003979983 -0.067589216 -0.010856649 0.997654080 2.352476597
0.994962335 0.064420670 0.076812722 -0.048663318 -0.065116450 0.997855902 0.006585613 0.003999993 -0.076223798 -0.011554209 0.997023702 2.366709709
0.994257331 0.063678302 0.086008862 -0.047145039 -0.064545557 0.997887790 0.007337512 0.003844991 -0.085359953 -0.012846863 0.996267259 2.379896402
0.993312597 0.062594019 0.097015396 -0.045889750 -0.063421085 0.997971833 0.005462095 0.003783044 -0.096476734 -0.011578392 0.995267808 2.393279076
0.992160380 0.061239786 0.108938329 -0.044436812 -0.061720114 0.998092890 0.001039488 0.003577581 -0.108666927 -0.007755024 0.994047880 2.406010866
0.990559936 0.062160507 0.122176796 -0.042267680 -0.062214531 0.998057067 -0.003376374 0.003903842 -0.122149281 -0.004256671 0.992502570 2.418169737
0.988500237 0.063769348 0.137115315 -0.039519280 -0.063624293 0.997959077 -0.005444761 0.003681294 -0.137182668 -0.003341720 0.990540147 2.431184292
0.985990763 0.065518372 0.153393447 -0.037370771 -0.065274045 0.997845352 -0.006633949 0.003517317 -0.153497562 -0.003471598 0.988142967 2.442437887
0.983155489 0.065876283 0.170486599 -0.034913063 -0.065529443 0.997821212 -0.007667034 0.003065767 -0.170620203 -0.003634006 0.985330164 2.455052376
0.979988873 0.064673498 0.188253015 -0.031739444 -0.064073436 0.997902155 -0.009277751 0.003265223 -0.188458100 -0.002969926 0.982076705 2.467508793
0.976092875 0.064109057 0.207684055 -0.028571963 -0.063502401 0.997935593 -0.009593692 0.003332080 -0.207870334 -0.003824102 0.978148937 2.478935003
0.971413314 0.064897902 0.228351548 -0.025660336 -0.064161785 0.997882664 -0.010654175 0.003200164 -0.228559494 -0.004301833 0.973520458 2.490458012
0.966203094 0.066372402 0.249090865 -0.021600604 -0.065148793 0.997788727 -0.013162540 0.003277294 -0.249413654 -0.003510281 0.968390644 2.502074242
0.959977210 0.067897268 0.271723717 -0.017737567 -0.066268027 0.997686386 -0.015178548 0.002906561 -0.272125632 -0.003435535 0.962255597 2.513784885
0.952706873 0.068662152 0.296032548 -0.013319433 -0.066785201 0.997631550 -0.016460419 0.002789412 -0.296461642 -0.004088637 0.955035985 2.525026083
0.944168746 0.071531586 0.321603477 -0.008380234 -0.069676027 0.997419775 -0.017291781 0.002262667 -0.322010487 -0.006081690 0.946716666 2.537327766
0.934246123 0.073554657 0.348961234 -0.003273547 -0.071670704 0.997259974 -0.018325936 0.001827009 -0.349353015 -0.007889361 0.936958075 2.548604012
0.922966361 0.075020991 0.377498537 0.002313197 -0.072989650 0.997137964 -0.019706881 0.001474693 -0.377896667 -0.009364695 0.925800443 2.560309887
0.910306573 0.073046163 0.407438666 0.008979321 -0.070240766 0.997290373 -0.021862488 0.001062874 -0.407931745 -0.008717240 0.912970841 2.571343899
0.895356953 0.070250705 0.439773470 0.016064048 -0.066178203 0.997504294 -0.024608724 0.000669725 -0.440404803 -0.007069828 0.897771537 2.582813025
0.878067315 0.069653042 0.473440886 0.023615956 -0.063588485 0.997559667 -0.028827470 0.000166066 -0.474293530 -0.004792939 0.880353749 2.592806816
0.858659148 0.071617179 0.507518888 0.031792879 -0.063032851 0.997428536 -0.034105681 -0.000114873 -0.508656263 -0.002705211 0.860965371 2.603640318
0.836901844 0.073225074 0.542432785 0.041031480 -0.062184479 0.997314513 -0.038688865 -0.000596307 -0.543809056 -0.001352132 0.839207828 2.615245581
0.812542260 0.075818375 0.577950358 0.050407052 -0.063005120 0.997119427 -0.042227939 -0.001269609 -0.579487205 -0.002101846 0.814978540 2.625502825
0.784969866 0.080412507 0.614293218 0.060464025 -0.066394046 0.996749341 -0.045635834 -0.001470156 -0.615966022 -0.004962658 0.787757099 2.636888266
0.754998744 0.084235400 0.650293231 0.070835948 -0.069715530 0.996405244 -0.048128199 -0.002710000 -0.652009726 -0.008998815 0.758157194 2.647698641
0.721903682 0.085829474 0.686650217 0.083878636 -0.069701582 0.996250570 -0.051248573 -0.003131196 -0.688474357 -0.010864083 0.725179315 2.659353256
0.685337484 0.083549999 0.723416865 0.097585678 -0.066239655 0.996430695 -0.052328415 -0.003964551 -0.725206792 -0.012056266 0.688425541 2.670346737
0.646213949 0.081703089 0.758770049 0.112518311 -0.062778324 0.996574104 -0.053843625 -0.005128905 -0.760569811 -0.012839813 0.649129331 2.681302071
0.603702664 0.081334919 0.793049634 0.128918290 -0.061039530 0.996577561 -0.055742815 -0.006094091 -0.794869244 -0.014755280 0.606601238 2.691908360
0.557485580 0.081368372 0.826189458 0.146548986 -0.057248123 0.996584177 -0.059520736 -0.006608725 -0.828210413 -0.014115842 0.560239553 2.702213287
0.509024262 0.080272697 0.857000947 0.165568590 -0.054097794 0.996657133 -0.061221931 -0.007873803 -0.859050512 -0.015198417 0.511665165 2.712212563
0.459430963 0.077695496 0.884808898 0.184513092 -0.051934276 0.996812403 -0.060564045 -0.009474993 -0.886693835 -0.018126909 0.462001503 2.721403122
0.411104649 0.075836919 0.908428192 0.209008813 -0.051543787 0.996873200 -0.059894536 -0.010623083 -0.910129786 -0.022200910 0.413728058 2.729880810
0.361006588 0.075474687 0.929504097 0.231870353 -0.054426983 0.996725857 -0.059794322 -0.011776365 -0.930973709 -0.029003954 0.363932401 2.737688065
0.311799705 0.076980270 0.947024286 0.255268633 -0.052766964 0.996577382 -0.063635170 -0.012131773 -0.948681593 -0.030130165 0.314794511 2.744031906
0.265448153 0.073301479 0.961334586 0.280529916 -0.041338608 0.997054100 -0.064610451 -0.013960835 -0.963238478 -0.022589508 0.267696291 2.748500109
0.220662579 0.066865891 0.973055482 0.304257274 -0.028040698 0.997669816 -0.062198456 -0.015929975 -0.974947035 -0.013560281 0.222023383 2.752079487
0.179318339 0.066078939 0.981569469 0.331050068 -0.018360641 0.997792661 -0.063816868 -0.017085698 -0.983619809 -0.006578707 0.180135772 2.754643440
0.140455276 0.067859121 0.987758756 0.357941031 -0.015346373 0.997677863 -0.066358365 -0.018096458 -0.989968061 -0.005838134 0.141170532 2.757856846
0.107231721 0.068350710 0.991881728 0.385246426 -0.006301210 0.997660756 -0.068067722 -0.020157035 -0.994213998 0.001048963 0.107411578 2.759550095
0.078643054 0.066274501 0.994697392 0.413952947 0.000216418 0.997786522 -0.066497438 -0.022480350 -0.996902764 0.005444832 0.078454643 2.760495901
0.053304665 0.064609982 0.996485889 0.443412721 0.007756324 0.997847736 -0.065113202 -0.024045074 -0.998548150 0.011199903 0.052688804 2.761185408
0.033908390 0.063709855 0.997392237 0.473205745 0.012429410 0.997862101 -0.064162448 -0.025442146 -0.999347687 0.014572639 0.033044018 2.761004686
0.017525375 0.065648638 0.997688890 0.504181623 0.015057301 0.997711658 -0.065914631 -0.027005818 -0.999733031 0.016177680 0.016496779 2.761387348
0.004018960 0.064989582 0.997877836 0.535125434 0.015403043 0.997763515 -0.065044180 -0.029041260 -0.999873281 0.015631763 0.003008933 2.761389494
-0.007567890 0.066255115 0.997774005 0.567611575 0.016346449 0.997677445 -0.066124715 -0.030726358 -0.999837697 0.015809638 -0.008633350 2.760761976
-0.016641654 0.069233283 0.997461617 0.599697232 0.021244878 0.997399151 -0.068874463 -0.032555740 -0.999635756 0.020044766 -0.018069226 2.759980440
-0.023183011 0.071303777 0.997185171 0.633585334 0.025480630 0.997171521 -0.070710413 -0.034305170 -0.999406397 0.023769625 -0.024934301 2.758763313
-0.027614068 0.070632003 0.997120082 0.666604161 0.026201649 0.997208953 -0.069912679 -0.036286671 -0.999275208 0.024195617 -0.029387668 2.757462025
-0.031211197 0.067655779 0.997220337 0.700830221 0.023513712 0.997480035 -0.066937461 -0.038326055 -0.999236166 0.021359151 -0.032723382 2.756688595
-0.034020964 0.061039150 0.997555435 0.738271594 0.021646287 0.997944057 -0.060324691 -0.040181052 -0.999186695 0.019541066 -0.035272289 2.755854368
-0.034981966 0.055482514 0.997846663 0.773492515 0.022801284 0.998242259 -0.054705143 -0.042070214 -0.999127805 0.020838490 -0.036185540 2.754355907
-0.034959123 0.052748606 0.997995734 0.809717238 0.025599157 0.998325646 -0.051869329 -0.044018593 -0.999060810 0.023734542 -0.036250915 2.752699137
-0.035317972 0.054979727 0.997862637 0.847530007 0.029267820 0.998114228 -0.053957686 -0.045934964 -0.998947442 0.027299589 -0.036860507 2.751380444
-0.034087367 0.062697306 0.997450352 0.884340167 0.030437337 0.997632504 -0.061668579 -0.047329206 -0.998955250 0.028257612 -0.035915006 2.749755383
-0.032042451 0.070186965 0.997019053 0.921288371 0.031020429 0.997120678 -0.069197163 -0.049802884 -0.999004960 0.028710712 -0.034127422 2.749212027
-0.029442426 0.070962012 0.997044384 0.959893286 0.031571858 0.997045159 -0.070029758 -0.051780410 -0.999067724 0.029416697 -0.031595834 2.747965097
-0.027412631 0.066535011 0.997407436 0.999475420 0.030976282 0.997359872 -0.065680489 -0.054069195 -0.999144137 0.029095503 -0.029401261 2.746940851
-0.025426026 0.060431715 0.997848570 1.039263844 0.030420121 0.997755527 -0.059650972 -0.056031644 -0.999213755 0.028837983 -0.027207313 2.745476961
-0.022488128 0.058789190 0.998017073 1.078661799 0.028170455 0.997910321 -0.058148146 -0.058290716 -0.999350131 0.026806954 -0.024097258 2.745064974
-0.019466963 0.064101994 0.997753441 1.117872357 0.036028821 0.997339368 -0.063372441 -0.060871065 -0.999161124 0.034714215 -0.021724686 2.744524002
-0.015476312 0.069254771 0.997478962 1.156841040 0.037629224 0.996932149 -0.068632968 -0.063612863 -0.999171853 0.036472172 -0.018034836 2.742818117
-0.013687641 0.070420228 0.997423530 1.195326209 0.032065481 0.997034788 -0.069952749 -0.065119162 -0.999392033 0.031025378 -0.015905114 2.743293047
-0.009919386 0.067649737 0.997659862 1.235135674 0.027982058 0.997336864 -0.067349628 -0.066922151 -0.999559224 0.027248509 -0.011785951 2.743204355
-0.005484786 0.063523158 0.997965217 1.275512218 0.032182068 0.997474551 -0.063315041 -0.070305586 -0.999466896 0.031769317 -0.007515240 2.743653059
-0.002153372 0.064078830 0.997942567 1.314148784 0.036246959 0.997294009 -0.063958973 -0.073058136 -0.999340594 0.036034651 -0.004470210 2.743381262
0.000528636 0.068486974 0.997651875 1.353505969 0.036564671 0.996983647 -0.068460442 -0.075562991 -0.999331176 0.036515016 -0.001977162 2.742903233
0.004037476 0.069209203 0.997593999 1.393033862 0.032095630 0.997079134 -0.069303371 -0.078033194 -0.999476612 0.032298222 0.001804370 2.743579865
0.008526551 0.068822064 0.997592449 1.432479739 0.032117233 0.997095227 -0.069062255 -0.080395967 -0.999447763 0.032628778 0.006291410 2.743721724
0.012353002 0.065745033 0.997759938 1.472475290 0.035715628 0.997170269 -0.066148356 -0.082939558 -0.999285638 0.036452767 0.009969923 2.744154453
0.015101892 0.066325791 0.997683704 1.511796951 0.040334500 0.996945083 -0.066887200 -0.085496396 -0.999072015 0.041251197 0.012380539 2.744527102
0.018490341 0.066712134 0.997600913 1.551606417 0.043348663 0.996779799 -0.067460679 -0.088672385 -0.998888850 0.044492036 0.015538916 2.745213985
0.020844776 0.066597924 0.997562110 1.591303468 0.044024605 0.996749997 -0.067463621 -0.091182701 -0.998812914 0.045323540 0.017845079 2.746744871
0.024750182 0.065234520 0.997563004 1.631814837 0.045091964 0.996780276 -0.066302098 -0.093553752 -0.998676181 0.046623055 0.021728938 2.747269392
0.029423030 0.064351171 0.997493446 1.671338320 0.047463935 0.996710002 -0.065700673 -0.095716871 -0.998439491 0.049278084 0.026271865 2.747412682
0.031329960 0.064661391 0.997415304 1.710677862 0.045690224 0.996769369 -0.066054702 -0.098392539 -0.998464227 0.047641620 0.028274350 2.749340534
0.034869388 0.066186190 0.997197866 1.750280380 0.043231223 0.996770680 -0.067669541 -0.100923978 -0.998456419 0.045469675 0.031895481 2.750374317
0.037428800 0.066700347 0.997070849 1.790702462 0.045125563 0.996639311 -0.068365462 -0.103271231 -0.998279870 0.047552213 0.034293119 2.752361059
0.039964672 0.066050105 0.997015655 1.830507994 0.042928651 0.996777952 -0.067755133 -0.105992667 -0.998278558 0.045508355 0.037000462 2.754626274
0.042404778 0.066555776 0.996881247 1.871511698 0.040935181 0.996825099 -0.068293311 -0.108289585 -0.998261571 0.043703482 0.039545670 2.755783319
0.045350026 0.066739701 0.996739209 1.911517620 0.037899133 0.996932507 -0.068476982 -0.110614724 -0.998251975 0.040880989 0.042681545 2.757885456
0.048846841 0.068825126 0.996432126 1.951488376 0.036562551 0.996831238 -0.070645064 -0.113238111 -0.998136878 0.039882891 0.046175636 2.760094404
0.052528888 0.072425202 0.995989621 1.993120074 0.035400219 0.996604621 -0.074336946 -0.115883492 -0.997991800 0.039163090 0.049786665 2.762182951
0.055440541 0.074023001 0.995714307 2.034305573 0.036040623 0.996449769 -0.076084405 -0.119156301 -0.997811317 0.040104326 0.052575890 2.764537573
0.058409534 0.076539762 0.995354235 2.075639009 0.029442949 0.996490598 -0.078354932 -0.121725611 -0.997858465 0.033882834 0.055950999 2.767416239
0.061133061 0.075399503 0.995277703 2.117037058 0.025949506 0.996685684 -0.077100068 -0.124657132 -0.997792304 0.030540332 0.058973867 2.770343304
0.064658932 0.076317772 0.994984806 2.159377575 0.028088216 0.996537089 -0.078262143 -0.127545118 -0.997512102 0.033007696 0.062291395 2.773487329
0.068230331 0.077470265 0.994657159 2.200046778 0.027544286 0.996454298 -0.079499677 -0.130366117 -0.997289240 0.032821417 0.065854527 2.776299238
0.071519546 0.078544542 0.994341910 2.242876291 0.023244815 0.996492743 -0.080386363 -0.133313432 -0.997168362 0.028862491 0.069442935 2.780622005
0.075954072 0.076499403 0.994172394 2.284472704 0.022691604 0.996661782 -0.078424580 -0.136245340 -0.996852994 0.028516037 0.073964626 2.783628941
0.080885269 0.076028295 0.993819475 2.326308727 0.023669356 0.996658862 -0.078171901 -0.139948756 -0.996442318 0.029846029 0.078815468 2.786855698
0.085927963 0.079974279 0.993086338 2.370254040 0.019573968 0.996445298 -0.081938423 -0.142901599 -0.996109068 0.026479445 0.084057100 2.791239738
0.090694427 0.088860258 0.991906404 2.412491322 0.016634062 0.995737135 -0.090724364 -0.146038204 -0.995739877 0.024727624 0.088829704 2.797113895
0.099029072 0.093114719 0.990718305 2.454814672 0.015957020 0.995335698 -0.095143691 -0.149878070 -0.994956613 0.025230907 0.097081333 2.800306559
0.105990201 0.096452028 0.989678264 2.497250080 0.011434445 0.995100558 -0.098205045 -0.153369278 -0.994301438 0.021725195 0.104368046 2.805980921
0.113378555 0.094467819 0.989050627 2.542720318 0.008027717 0.995349944 -0.095989734 -0.157790333 -0.993519425 0.018822996 0.112092979 2.811358929
0.120977610 0.092836320 0.988304615 2.586083889 0.007337749 0.995506227 -0.094411001 -0.161656946 -0.992628098 0.018673550 0.119752757 2.817089796
0.127948076 0.089372732 0.987745821 2.629768372 0.007053328 0.995824337 -0.091017343 -0.165494993 -0.991755843 0.018612389 0.126783431 2.823600292
0.135029688 0.083548233 0.987312853 2.672735453 0.003921277 0.996385872 -0.084852308 -0.169760123 -0.990833819 0.015329106 0.134214029 2.829738379
0.143234268 0.076307595 0.986742675 2.717272043 0.002961732 0.996985674 -0.077529639 -0.172441661 -0.989684343 0.014027365 0.142576486 2.835756302
0.150773585 0.073792659 0.985810339 2.760272980 0.003084093 0.997170150 -0.075114697 -0.175727904 -0.988563478 0.014365644 0.150119334 2.842526913
0.156697541 0.074917242 0.984801114 2.801131725 0.000920714 0.997107387 -0.075999901 -0.180234700 -0.987646222 0.012815725 0.156175286 2.850304842
0.162642106 0.081450596 0.983317494 2.843007803 0.002739519 0.996545851 -0.082999445 -0.183086365 -0.986681342 0.016193027 0.161857173 2.857762814
0.167600319 0.085147120 0.982171059 2.885123253 0.000894694 0.996249616 -0.086520307 -0.186324745 -0.985854566 0.015379576 0.166895583 2.865375042
0.173520237 0.088396721 0.980855107 2.928474188 0.000803421 0.995950520 -0.089899279 -0.189504206 -0.984829903 0.016387388 0.172746569 2.872627497
0.179053336 0.088144496 0.979882896 2.969048977 -0.001087298 0.995995641 -0.089395240 -0.192817658 -0.983838737 0.014941091 0.178432196 2.880151033
0.184738040 0.084889777 0.979114771 3.010073662 0.003573243 0.996197939 -0.087045103 -0.196131736 -0.982781351 0.019579155 0.183732331 2.887572289
0.188700259 0.077982612 0.978933632 3.052073002 0.003072649 0.996790349 -0.079997383 -0.200282708 -0.982029915 0.018103445 0.187854990 2.896406651
0.191866919 0.072490402 0.978740096 3.089380026 0.001357175 0.997247815 -0.074127220 -0.202353790 -0.981419981 0.015550880 0.191240489 2.903475046
0.195059642 0.069086581 0.978355229 3.133377790 -0.001225525 0.997532427 -0.070196442 -0.205574498 -0.980790555 0.012493497 0.194663033 2.913644552
0.197716117 0.068828478 0.977840006 3.172067881 -0.004030792 0.997580469 -0.069402993 -0.208795458 -0.980251014 0.009780620 0.197515219 2.921990633
0.199950323 0.071667708 0.977181494 3.210622072 -0.006962962 0.997400105 -0.071725801 -0.210924238 -0.979781210 0.007537522 0.199929520 2.930001497
0.201601386 0.075810544 0.976529419 3.248727322 -0.010136100 0.997108221 -0.075315580 -0.213649511 -0.979415178 0.005285528 0.201786831 2.938503742
0.204023361 0.079685092 0.975717545 3.286277533 -0.009496448 0.996795952 -0.079420805 -0.216775388 -0.978919923 0.006937848 0.204126358 2.946418762
0.205981255 0.084564209 0.974895179 3.323278427 -0.010764154 0.996394575 -0.084154792 -0.220396578 -0.978496790 0.006840389 0.206148818 2.954844236
0.207798839 0.086520642 0.974337637 3.360264778 -0.009509031 0.996212125 -0.086435065 -0.223333001 -0.978125393 0.008696100 0.207834452 2.962662697
0.208758295 0.086409129 0.974142432 3.396196842 -0.012946973 0.996245861 -0.085595220 -0.226886332 -0.977881610 0.005256516 0.209093347 2.971014500
0.209173515 0.083862104 0.974275947 3.431319237 -0.012805862 0.996465385 -0.083022721 -0.229646817 -0.977794707 0.004889710 0.209508091 2.979002476
0.210152715 0.080707461 0.974331617 3.467400789 -0.012450722 0.996726930 -0.079877071 -0.232964784 -0.977589309 0.004655251 0.210469723 2.986877680
0.210056484 0.079995692 0.974411011 3.502126694 -0.011207553 0.996778488 -0.079415940 -0.235295594 -0.977624953 0.005761073 0.210276350 2.994359493
0.208419338 0.079300277 0.974819422 3.536090612 -0.011178800 0.996835530 -0.078701198 -0.237578690 -0.977975607 0.005505542 0.208646297 3.001597881
0.206562176 0.080509558 0.975115538 3.569101572 -0.012836310 0.996746123 -0.079576306 -0.240477577 -0.978349209 0.003920575 0.206923530 3.009207964
0.204760730 0.082677536 0.975314021 3.602353811 -0.012619006 0.996566415 -0.081829824 -0.243682191 -0.978730679 0.004448042 0.205100968 3.015725136
0.202963993 0.086836293 0.975328147 3.634491444 -0.010646798 0.996196806 -0.086478695 -0.246144146 -0.979128301 0.007167943 0.203116626 3.022345543
0.201283485 0.087367281 0.975629032 3.667090178 -0.007858336 0.996126354 -0.087581538 -0.248758107 -0.979501486 0.009961898 0.201190367 3.028978109
0.199098080 0.086770579 0.976130605 3.698852062 -0.008964750 0.996191919 -0.086725369 -0.250932366 -0.979938567 0.008516087 0.199117780 3.035315990
0.196891621 0.083264790 0.976883173 3.729531527 -0.008741224 0.996496558 -0.083174735 -0.254215449 -0.980386317 0.007837256 0.196929649 3.041517258
0.194339067 0.079366095 0.977718413 3.760271072 -0.008925445 0.996823311 -0.079142839 -0.256669164 -0.980893791 0.006653973 0.194430098 3.047848225
0.192239210 0.078775704 0.978181243 3.789957523 -0.005485985 0.996843576 -0.079200514 -0.259074628 -0.981332719 0.009859152 0.192064583 3.053879976
0.191614509 0.079575680 0.978239059 3.818466663 -0.001322451 0.996727765 -0.080820635 -0.261363208 -0.981469333 0.014192734 0.191092774 3.058274031
0.188222393 0.082043387 0.978693604 3.849170208 0.002292373 0.996465325 -0.083974034 -0.263701588 -0.982123733 0.018049322 0.187369004 3.064559460
0.186706483 0.083666757 0.978846550 3.878479481 0.002274724 0.996327460 -0.085594818 -0.266130626 -0.982413113 0.018207714 0.185830474 3.070383787
0.185859919 0.086254150 0.978783011 3.907791138 0.002292242 0.996098816 -0.088215344 -0.268705904 -0.982573509 0.018639304 0.184937119 3.075507164
0.183963999 0.084619649 0.979283810 3.936620951 0.003031377 0.996233821 -0.086653769 -0.271027267 -0.982928216 0.018909756 0.183014706 3.081537962
0.184897751 0.083118290 0.979236543 3.966037750 0.009251484 0.996225595 -0.086307183 -0.273230672 -0.982714176 0.025017396 0.183430925 3.086684942
0.186821759 0.081618808 0.978997469 3.995245457 0.013844470 0.996224999 -0.085697018 -0.275069416 -0.982296169 0.029563770 0.184986562 3.092299938
0.188973293 0.080624297 0.978666902 4.024097443 0.017153610 0.996200740 -0.085381001 -0.277574807 -0.981832266 0.032922402 0.186872348 3.097445488
0.192320943 0.080316260 0.978039861 4.054661274 0.014441016 0.996305704 -0.084655896 -0.280292749 -0.981225848 0.030404994 0.190450579 3.103522778
0.197660536 0.080915362 0.976925254 4.084034920 0.013316831 0.996273816 -0.085212305 -0.282733798 -0.980180144 0.029852655 0.195846438 3.109899044
0.204360142 0.079702750 0.975645602 4.114734650 0.015159639 0.996302605 -0.084565625 -0.285003096 -0.978778422 0.032072280 0.202396303 3.116523981
0.211597815 0.080323488 0.974050581 4.144764900 0.012257173 0.996320605 -0.084822640 -0.287214726 -0.977279961 0.029887391 0.209834710 3.123318911
0.220110610 0.077714421 0.972374260 4.175562382 0.013029302 0.996498287 -0.082591839 -0.289882123 -0.975387931 0.030848697 0.218327254 3.130633354
0.229082718 0.077730253 0.970298588 4.206085682 0.009743508 0.996573567 -0.082135536 -0.292057782 -0.973358154 0.028269943 0.227540404 3.138538361
0.238581717 0.077717550 0.968007624 4.237509727 0.008150867 0.996597171 -0.082021810 -0.294462323 -0.971088171 0.027459005 0.237136364 3.146929979
0.248014987 0.081337698 0.965335488 4.268979073 0.002485762 0.996412337 -0.084594816 -0.297302276 -0.968752980 0.023380378 0.246923044 3.155658245
0.257447600 0.083449699 0.962682188 4.300813198 -0.000419755 0.996273458 -0.086249292 -0.299531460 -0.966292143 0.021800583 0.256523222 3.164733410
0.268384367 0.086474590 0.959422708 4.333040237 -0.004855017 0.996071398 -0.088419698 -0.301844656 -0.963299632 0.019072451 0.267749876 3.174226522
0.278452516 0.088028066 0.956407428 4.365989685 -0.005970526 0.995930433 -0.089927487 -0.304794461 -0.960431397 0.019330284 0.277844965 3.184495449
0.288390815 0.088746943 0.953391194 4.399095535 -0.009451690 0.995910764 -0.089845866 -0.307360649 -0.957466125 0.016899565 0.288050354 3.195047855
0.298902184 0.089243799 0.950101674 4.432617188 -0.010315609 0.995861411 -0.090296790 -0.310055345 -0.954227984 0.017189020 0.298585773 3.206009388
0.309037209 0.090845168 0.946701169 4.467167377 -0.015262818 0.995772958 -0.090571746 -0.312254220 -0.950927496 0.013540714 0.309117466 3.217770815
0.319384933 0.085876271 0.943725824 4.501281738 -0.014691286 0.996214271 -0.085680597 -0.315006733 -0.947511137 0.013500546 0.319437534 3.230075836
0.329729497 0.079100057 0.940755904 4.536683083 -0.011478251 0.996746004 -0.079784736 -0.317881882 -0.944005668 0.015509143 0.329564482 3.242906570
0.341339260 0.074504450 0.936982691 4.573517799 -0.009613549 0.997078121 -0.075780787 -0.320695281 -0.939890921 0.016859226 0.341058195 3.255794525
0.351291090 0.070938289 0.933574975 4.609756470 -0.009608722 0.997346103 -0.072168343 -0.323093593 -0.936217010 0.016381636 0.351040363 3.270361662
0.360929698 0.068656847 0.930062354 4.646774292 -0.003282039 0.997373641 -0.072352104 -0.325478643 -0.932587266 0.023061521 0.360207081 3.284791470
0.369478971 0.063292131 0.927081108 4.684212208 0.003128051 0.997587264 -0.069352269 -0.327595413 -0.929233909 0.028524164 0.368389547 3.299345016
0.376387089 0.053444609 0.924919724 4.722900867 0.013103286 0.997927904 -0.062995464 -0.330003828 -0.926369846 0.035830166 0.374906778 3.314908028
0.383302480 0.049443450 0.922298551 4.761492729 0.017637664 0.997992337 -0.060831424 -0.332406163 -0.923454463 0.039584026 0.381660759 3.330626488
0.390485197 0.049206149 0.919293225 4.799711704 0.019883540 0.997886837 -0.061858822 -0.335344195 -0.920394480 0.042433754 0.388681650 3.346863747
0.398083329 0.055696152 0.915656924 4.838871479 0.022125937 0.997281969 -0.070280381 -0.337467819 -0.917082310 0.048237219 0.395769030 3.364099503
0.405660242 0.059328519 0.912096441 4.876208782 0.027595572 0.996641219 -0.077101156 -0.338811070 -0.913607299 0.056446705 0.402660549 3.380061626
0.410675228 0.061933525 0.909675777 4.914535522 0.024747187 0.996565580 -0.079021439 -0.342190057 -0.911445796 0.054964066 0.407732219 3.398272038
0.414802223 0.063265763 0.907709479 4.952085495 0.017334968 0.996849418 -0.077400334 -0.345845520 -0.909746528 0.047840953 0.412398666 3.416465521
0.419331402 0.066858314 0.905367970 4.989513397 0.012346713 0.996772230 -0.079326726 -0.347397923 -0.907749295 0.044442501 0.417152375 3.433435440
0.423280776 0.069926500 0.903295994 5.025435925 0.011386651 0.996527731 -0.082479544 -0.350756824 -0.905927002 0.045197524 0.421014786 3.450926304
0.427503586 0.074138999 0.900968432 5.062373638 0.008868274 0.996239603 -0.086186618 -0.353356451 -0.903970122 0.044835135 0.425238550 3.468719006
0.430630058 0.076822408 0.899253070 5.097779274 0.006352866 0.996088088 -0.088137172 -0.356641263 -0.902506173 0.043667350 0.428457439 3.486562252
0.434849292 0.075172260 0.897360206 5.134235382 0.005938555 0.996248543 -0.086333938 -0.359412193 -0.900483668 0.042871274 0.432771504 3.504817724
0.439257473 0.072125614 0.895461202 5.168786049 0.006358074 0.996497333 -0.083382517 -0.362951219 -0.898338735 0.042319797 0.437260330 3.520679951
0.442958921 0.069062576 0.893877923 5.203681469 0.005535162 0.996798873 -0.079757363 -0.366772801 -0.896524847 0.040276997 0.441158712 3.537975788
0.446403623 0.067900866 0.892251790 5.237446308 0.005406576 0.996894002 -0.078569144 -0.369562387 -0.894815385 0.039897580 0.444649965 3.555498362
0.449536204 0.070045717 0.890511572 5.271078110 0.002776352 0.996806383 -0.079808153 -0.372444928 -0.893257856 0.038349025 0.447906047 3.573351860
0.452523232 0.070437744 0.888966382 5.303656578 0.004622472 0.996676922 -0.081325270 -0.374634385 -0.891740561 0.040910807 0.450693905 3.589380264
0.454780340 0.068542294 0.887962162 5.336043358 0.006461933 0.996753812 -0.080249533 -0.377600282 -0.890580237 0.042233866 0.452861190 3.605607986
0.456341654 0.067708373 0.887224793 5.368165970 0.008384566 0.996729195 -0.080377758 -0.380199969 -0.889765024 0.044118717 0.454281420 3.622324705
0.458160520 0.066991277 0.886341453 5.399865627 0.008645814 0.996772885 -0.079806998 -0.382657468 -0.888827384 0.044227552 0.456102848 3.639724255
0.460065931 0.066834301 0.885365784 5.429749966 0.008011690 0.996809840 -0.079410113 -0.386522055 -0.887848616 0.043627173 0.458062798 3.654364109
0.462685585 0.068598419 0.883864403 5.459827423 0.007924876 0.996641874 -0.081499815 -0.388550818 -0.886487067 0.044713303 0.460588187 3.670136213
0.465825021 0.068412505 0.882228315 5.489914894 0.010716877 0.996497631 -0.082932144 -0.391572326 -0.884812057 0.048086599 0.463460296 3.685707092
0.468697280 0.068046346 0.880734146 5.519683838 0.011880921 0.996452928 -0.083309516 -0.394612670 -0.883279026 0.049510878 0.466226310 3.701680183
0.472161084 0.065940551 0.879042566 5.548263073 0.015462010 0.996425331 -0.083051056 -0.397160411 -0.881376684 0.052805234 0.469453633 3.716080427
0.475394666 0.064889878 0.877376318 5.576056004 0.016231570 0.996459544 -0.082492009 -0.400355399 -0.879622877 0.053457461 0.472658247 3.731077671
0.478903294 0.064152405 0.875520468 5.604231358 0.018156117 0.996389091 -0.082940131 -0.402807593 -0.877679884 0.055616345 0.476009250 3.746029377
0.481979907 0.063777067 0.873858094 5.631604671 0.017902831 0.996422231 -0.082596585 -0.405097246 -0.875999331 0.055454437 0.479113698 3.762116671
0.485671163 0.063139193 0.871858299 5.659821510 0.019814597 0.996336579 -0.083191574 -0.407591224 -0.873916924 0.057679269 0.482640892 3.777237415
0.489556074 0.064504206 0.869582653 5.686505795 0.019708252 0.996186793 -0.084990807 -0.409909219 -0.871749043 0.058745719 0.486418068 3.792159557
0.493742049 0.064503014 0.867212832 5.713374615 0.021955865 0.996002734 -0.086582795 -0.412622184 -0.869331121 0.061789971 0.490352213 3.808017254
0.498411864 0.067542993 0.864305198 5.739568710 0.019219246 0.995854557 -0.088906191 -0.415826678 -0.866727293 0.060923208 0.495047599 3.823337555
0.504365921 0.073648788 0.860343397 5.766492367 0.015997568 0.995388031 -0.094587497 -0.418119639 -0.863341808 0.061470121 0.500861526 3.838637352
0.509909928 0.080769926 0.856427431 5.792169571 0.010429841 0.994928539 -0.100041837 -0.420971692 -0.860164464 0.059944734 0.506481528 3.854716778
0.515941739 0.086841419 0.852210462 5.817385197 0.005030462 0.994523823 -0.104388870 -0.423945546 -0.856608927 0.058145594 0.512679577 3.870582819
0.521911085 0.091342553 0.848095119 5.843379498 0.001658408 0.994139433 -0.108092569 -0.426902920 -0.852998257 0.057821196 0.518700898 3.888603449
0.526789427 0.091919228 0.845011115 5.869820118 -0.002532845 0.994300902 -0.106579773 -0.429467797 -0.849992096 0.054004818 0.524020016 3.906926632
0.533210874 0.090859361 0.841088951 5.897296429 -0.008917130 0.994764149 -0.101807207 -0.432774186 -0.845935285 0.046784621 0.531229377 3.922840834
0.538977921 0.088536784 0.837653875 5.923718929 -0.014694424 0.995297551 -0.095744163 -0.435627013 -0.842191756 0.039295156 0.537744403 3.941053629
0.544873774 0.086715348 0.834022164 5.950839520 -0.021399964 0.995752394 -0.089550056 -0.438661903 -0.838244975 0.030945431 0.544415057 3.959321499
0.550727010 0.084662177 0.830380678 5.977367878 -0.023894275 0.996034026 -0.085704297 -0.441612542 -0.834343314 0.027358331 0.550565839 3.978728771
0.557112873 0.088159718 0.825743914 6.006805420 -0.028879935 0.995804310 -0.086831339 -0.444614708 -0.829934478 0.024527425 0.557321370 3.998712540
0.563249290 0.092075869 0.821140885 6.034807682 -0.032984592 0.995485306 -0.089000113 -0.447346836 -0.825628519 0.023044255 0.563743353 4.018622875
0.569222212 0.095400050 0.816630185 6.063361645 -0.035762466 0.995178223 -0.091330536 -0.450005054 -0.821405590 0.022782665 0.569889307 4.039318085
0.575967550 0.097551651 0.811631024 6.091830730 -0.038063303 0.994977713 -0.092577152 -0.453070700 -0.816585898 0.022428079 0.576788068 4.059430599
0.582300425 0.098667279 0.806964040 6.121496677 -0.041795626 0.994928479 -0.091490157 -0.455866337 -0.811898649 0.019547185 0.583471000 4.081510067
0.588155746 0.100771248 0.802444994 6.152288914 -0.047217797 0.994792998 -0.090317860 -0.458557844 -0.807368100 0.015231278 0.589851439 4.105723381
0.595706999 0.098840028 0.797097027 6.182524204 -0.047368180 0.994995415 -0.087979011 -0.461344719 -0.801803827 0.014652668 0.597407579 4.127887726
0.603126764 0.096425958 0.791795552 6.211874962 -0.047964372 0.995254099 -0.084667988 -0.464684933 -0.796202004 0.013087542 0.604889393 4.151690483
