0.999998450 0.000860610 0.001532095 -0.000256916 -0.000853520 0.999988914 -0.004621966 -0.000041396 -0.001536055 0.004620652 0.999988139 0.045339417
0.999996305 -0.001493243 0.002283292 -0.000194620 0.001505559 0.999984264 -0.005402081 -0.000033358 -0.002275189 0.005405499 0.999982774 0.092827059
0.999993265 -0.002811516 0.002349279 -0.000226307 0.002814630 0.999995172 -0.001323152 -0.000006965 -0.002345547 0.001329755 0.999996364 0.136199728
0.999983966 -0.005393068 0.001731463 -0.000166974 0.005384748 0.999974072 0.004774594 -0.000105504 -0.001757168 -0.004765193 0.999987125 0.181527078
0.999959290 -0.009019514 0.000344936 -0.000061561 0.009017810 0.999948502 0.004660416 0.000042781 -0.000386953 -0.004657116 0.999989092 0.226424798
0.999931991 -0.011641587 -0.000759017 0.000018498 0.011642933 0.999930680 0.001793320 0.000233773 0.000738088 -0.001802034 0.999998152 0.270713270
0.999924719 -0.012178619 -0.001496965 -0.000088245 0.012176062 0.999924421 -0.001706808 0.000366751 0.001517639 0.001688452 0.999997437 0.314995468
0.999929011 -0.011767970 -0.001870833 -0.000566966 0.011764118 0.999928713 -0.002056427 0.000231230 0.001894900 0.002034273 0.999996185 0.359446079
0.999927998 -0.011525961 -0.003312701 -0.000644429 0.011525048 0.999933541 -0.000294094 0.000245423 0.003315871 0.000255894 0.999994397 0.402900189
0.999931633 -0.011020462 -0.003882631 -0.001056634 0.011031424 0.999935210 0.002813283 0.000183719 0.003851376 -0.002855923 0.999988496 0.446941644
0.999924660 -0.011356778 -0.004642839 -0.001567682 0.011375452 0.999927223 0.004016198 0.000461884 0.004596890 -0.004068709 0.999981165 0.490406245
0.999910057 -0.012307478 -0.005324718 -0.001797372 0.012332475 0.999912918 0.004687381 0.000501898 0.005266564 -0.004752626 0.999974847 0.534207225
0.999898672 -0.012692918 -0.006434995 -0.001971827 0.012725140 0.999906600 0.004991171 0.000532214 0.006371042 -0.005072552 0.999966860 0.577656090
0.999891102 -0.013161826 -0.006671100 -0.002908605 0.013182615 0.999908388 0.003081633 0.001131408 0.006629930 -0.003169240 0.999972999 0.620840430
0.999874830 -0.013333500 -0.008518892 -0.002985487 0.013349679 0.999909103 0.001845314 0.000586491 0.008493511 -0.001958808 0.999962032 0.664008319
0.999839664 -0.014675242 -0.010264569 -0.003346362 0.014678545 0.999892175 0.000246626 0.000993212 0.010259844 -0.000397255 0.999947309 0.706859469
0.999817550 -0.014423247 -0.012529070 -0.003308896 0.014421460 0.999895930 -0.000232864 0.000877556 0.012531126 0.000052135 0.999921501 0.749377489
0.999825716 -0.013414604 -0.012983752 -0.005093676 0.013402706 0.999909699 -0.001003052 0.000743543 0.012996037 0.000828860 0.999915183 0.792062223
0.999811649 -0.011990136 -0.015260096 -0.005312703 0.011976357 0.999927878 -0.000993938 0.000916425 0.015270912 0.000810990 0.999882996 0.834732413
0.999782741 -0.012567629 -0.016625628 -0.006426130 0.012568166 0.999921083 -0.000072079 0.000905993 0.016625220 -0.000136890 0.999861777 0.877635300
0.999776125 -0.011805477 -0.017556667 -0.007808913 0.011826727 0.999929428 0.001107013 0.000762867 0.017542362 -0.001314403 0.999845266 0.919063926
0.999756634 -0.011167720 -0.019025717 -0.008656093 0.011207037 0.999935269 0.001961194 0.000567898 0.019002585 -0.002173939 0.999817073 0.960502148
0.999708354 -0.012409113 -0.020715553 -0.009576447 0.012451448 0.999920547 0.001915868 0.000646569 0.020690136 -0.002173247 0.999783576 1.002307177
0.999690711 -0.012413896 -0.021549765 -0.011278140 0.012433964 0.999922335 0.000797447 0.001036318 0.021538196 -0.001065149 0.999767482 1.043524027
0.999673545 -0.012305064 -0.022393202 -0.012614901 0.012328889 0.999923527 0.000926198 0.001195936 0.022380095 -0.001201979 0.999748826 1.084779382
0.999639809 -0.012459168 -0.023769168 -0.013588547 0.012526333 0.999917924 0.002678932 0.001345050 0.023733843 -0.002975708 0.999713838 1.125551820
0.999617934 -0.012588760 -0.024605520 -0.014493309 0.012740090 0.999900818 0.006003262 0.001248108 0.024527501 -0.006314446 0.999679208 1.165400147
0.999584496 -0.013410638 -0.025514022 -0.015702773 0.013614120 0.999876797 0.007818437 0.001401427 0.025406027 -0.008162540 0.999643862 1.205943823
0.999562860 -0.012454632 -0.026814479 -0.016605414 0.012629304 0.999900043 0.006354550 0.001566157 0.026732657 -0.006690421 0.999620199 1.245072603
0.999576092 -0.010617246 -0.027106497 -0.017864747 0.010723094 0.999935389 0.003762436 0.001743231 0.027064798 -0.004051507 0.999625564 1.283255935
0.999540627 -0.010735788 -0.028341856 -0.018487584 0.010791478 0.999940097 0.001812658 0.001910721 0.028320702 -0.002117676 0.999596655 1.322197676
0.999513447 -0.009438870 -0.029723125 -0.019513272 0.009490710 0.999953628 0.001603524 0.001808703 0.029706612 -0.001884837 0.999556839 1.359774828
0.999493897 -0.009702497 -0.030294841 -0.021450486 0.009737141 0.999952078 0.000996258 0.002312865 0.030283732 -0.001290739 0.999540508 1.395994067
0.999418914 -0.009891758 -0.032618478 -0.022501808 0.009903629 0.999950886 0.000202388 0.002226060 0.032614879 -0.000525312 0.999467909 1.433276653
0.999364793 -0.009321368 -0.034396518 -0.024189381 0.009322057 0.999956489 -0.000140362 0.002109115 0.034396328 -0.000180374 0.999408245 1.469635367
0.999302566 -0.009402491 -0.036136016 -0.025847068 0.009446604 0.999954820 0.001050245 0.002327801 0.036124513 -0.001390875 0.999346316 1.505554557
0.999220908 -0.009458825 -0.038317151 -0.027265240 0.009604955 0.999947250 0.003631420 0.002158749 0.038280785 -0.003996626 0.999258995 1.541385770
0.999142706 -0.008921753 -0.040424310 -0.028817866 0.009125217 0.999946594 0.004851487 0.002327214 0.040378872 -0.005216209 0.999170840 1.576965451
0.999083221 -0.007381525 -0.042169545 -0.030478131 0.007611625 0.999956906 0.005298600 0.002218076 0.042128619 -0.005614721 0.999096394 1.610917211
0.999053597 -0.004747333 -0.043239430 -0.033211652 0.004956678 0.999976516 0.004735579 0.002220626 0.043215927 -0.004945420 0.999053538 1.645343781
0.998930812 -0.003265613 -0.046115287 -0.033900272 0.003440837 0.999987125 0.003720831 0.002581379 0.046102550 -0.003875527 0.998929083 1.678002596
0.998879790 -0.002568996 -0.047248922 -0.036016386 0.002817212 0.999982715 0.005187534 0.002210687 0.047234774 -0.005314834 0.998869598 1.711975336
0.998834550 -0.001109291 -0.048251409 -0.037887264 0.001459654 0.999972880 0.007226554 0.002232388 0.048242081 -0.007288563 0.998809099 1.744710565
0.998825669 0.001787119 -0.048415769 -0.039785918 -0.001423692 0.999970555 0.007539822 0.002345462 0.048427816 -0.007462038 0.998798847 1.776248455
0.998886466 0.005348004 -0.046875961 -0.041967034 -0.005112121 0.999973655 0.005150513 0.002790968 0.046902284 -0.004905142 0.998887420 1.807955742
0.998962045 0.006676888 -0.045058403 -0.043792836 -0.006553334 0.999974370 0.002889213 0.001948393 0.045076542 -0.002590931 0.998980105 1.838402748
0.999056876 0.007099180 -0.042836480 -0.045341454 -0.007098579 0.999974787 0.000166119 0.002883038 0.042836577 0.000138116 0.999082029 1.868462205
0.999158502 0.007957730 -0.040237136 -0.046374872 -0.007900150 0.999967515 0.001589817 0.002611857 0.040248483 -0.001270600 0.999188840 1.899553061
0.999255359 0.012380728 -0.036542494 -0.048439547 -0.012246415 0.999917507 0.003897096 0.002988906 0.036587726 -0.003446680 0.999324501 1.929450750
0.999315917 0.016934829 -0.032876574 -0.049274944 -0.016692402 0.999831498 0.007634390 0.002701825 0.033000324 -0.007080378 0.999430239 1.958476067
0.999344528 0.022361107 -0.028466903 -0.050777216 -0.022115048 0.999715507 0.008929449 0.002651131 0.028658481 -0.008294052 0.999554753 1.987155795
0.999400675 0.025843915 -0.023031306 -0.051844943 -0.025646362 0.999632001 0.008832045 0.002926456 0.023251085 -0.008236082 0.999695659 2.014931679
0.999411523 0.029684460 -0.017190728 -0.052557509 -0.029499419 0.999505043 0.010919421 0.003151016 0.017506361 -0.010405879 0.999792516 2.041280270
0.999335408 0.034871262 -0.010610118 -0.052872755 -0.034741484 0.999322116 0.012179170 0.003342543 0.011027629 -0.011802467 0.999869466 2.067177773
0.999277592 0.037837330 -0.003548451 -0.053320576 -0.037791509 0.999211252 0.012195363 0.003282415 0.004007093 -0.012052453 0.999919355 2.092636347
0.999152720 0.040959354 0.004003983 -0.053639594 -0.041003831 0.999090016 0.011739625 0.003709862 -0.003519490 -0.011893858 0.999922991 2.116234303
0.998891056 0.045696456 0.011335155 -0.053248234 -0.045827191 0.998882532 0.011555106 0.003507407 -0.010794462 -0.012061751 0.999868989 2.139175177
0.998560786 0.050162047 0.018975984 -0.053262144 -0.050333362 0.998694837 0.008660384 0.003696300 -0.018516798 -0.009603044 0.999782443 2.161040783
0.998241663 0.052737005 0.027066201 -0.052652299 -0.052916292 0.998581231 0.005950520 0.003435540 -0.026713988 -0.007372300 0.999615908 2.181886673
0.997989416 0.052685492 0.035234317 -0.052270673 -0.052902967 0.998585701 0.005268063 0.004006075 -0.034906939 -0.007121470 0.999365211 2.202377558
0.997737825 0.051819447 0.042825539 -0.051098488 -0.052152488 0.998616695 0.006695636 0.003985024 -0.042419329 -0.008913948 0.999060094 2.220338345
0.997245908 0.053855542 0.050991803 -0.050258070 -0.054299898 0.998497427 0.007368270 0.004216380 -0.050518367 -0.010116827 0.998671889 2.238414526
0.996625423 0.055851769 0.060153991 -0.049738243 -0.056404505 0.998379588 0.007528980 0.003953756 -0.059636004 -0.010896530 0.998160660 2.254562378
0.995782077 0.061130684 0.068419226 -0.047864929 -0.061736677 0.998069465 0.006775851 0.004291408 -0.067872927 -0.010971246 0.997633636 2.270912647
0.994849145 0.065243848 0.077577986 -0.046756729 -0.065982677 0.997796357 0.006996181 0.003953686 -0.076950565 -0.012078950 0.996961772 2.285762310
0.994143963 0.064291172 0.086858168 -0.045856580 -0.065209560 0.997841299 0.007774743 0.003663322 -0.086170800 -0.013393196 0.996190369 2.297534704
0.993179977 0.063614242 0.097707383 -0.044334814 -0.064511232 0.997898698 0.006045754 0.003476043 -0.097117469 -0.012307748 0.995196819 2.310137510
0.992041349 0.062167276 0.109494880 -0.042682260 -0.062737972 0.998028457 0.001771476 0.003353086 -0.109168872 -0.008626864 0.993985772 2.322184086
0.990501821 0.062936746 0.122249924 -0.040399492 -0.063059829 0.998005569 -0.002865708 0.003998704 -0.122186467 -0.004870571 0.992495239 2.335134983
0.988335550 0.064587533 0.137917057 -0.038362086 -0.064500377 0.997904599 -0.005105664 0.003888356 -0.137957796 -0.003849593 0.990430653 2.346552849
0.985741079 0.066544965 0.154552013 -0.036758512 -0.066421300 0.997773767 -0.005969618 0.003391116 -0.154605195 -0.004381048 0.987966597 2.358091354
0.982935786 0.067239895 0.171219260 -0.033888280 -0.066980138 0.997727633 -0.007300133 0.003280004 -0.171321034 -0.004292727 0.985205829 2.369879961
0.979682505 0.065689594 0.189491823 -0.031434476 -0.065267339 0.997831821 -0.008474842 0.003139505 -0.189637691 -0.004064971 0.981845677 2.381414890
0.975747764 0.065104105 0.208992422 -0.028286010 -0.064673275 0.997866809 -0.008901941 0.003215184 -0.209126145 -0.004830173 0.977876782 2.392975092
0.971201420 0.065144971 0.229181528 -0.024979532 -0.064583197 0.997862697 -0.009959155 0.002773358 -0.229340464 -0.005128928 0.973332703 2.404337406
0.965923905 0.067448564 0.249883235 -0.020901978 -0.066490076 0.997711420 -0.012285139 0.002613289 -0.250139982 -0.004748247 0.968198061 2.416282892
0.959646463 0.068794861 0.272664547 -0.017758310 -0.067351423 0.997621596 -0.014661476 0.002821837 -0.273024738 -0.004294516 0.961997449 2.426350594
0.952288926 0.070151255 0.297026485 -0.013581991 -0.068609059 0.997521281 -0.015627263 0.002320487 -0.297386587 -0.005497042 0.954741359 2.437184811
0.943878889 0.072614588 0.322210848 -0.008533120 -0.071123742 0.997332335 -0.016413728 0.001654677 -0.322543263 -0.007424274 0.946525693 2.447503090
0.933782160 0.074776843 0.349941880 -0.004104793 -0.073092625 0.997162044 -0.018037394 0.001896609 -0.350297540 -0.008735177 0.936597764 2.460042000
0.922603011 0.075446658 0.378300786 0.001412153 -0.073515132 0.997102082 -0.019568373 0.001665760 -0.378680855 -0.009756996 0.925475895 2.470767498
0.909982443 0.073846184 0.408017963 0.008086085 -0.071210027 0.997225940 -0.021669263 0.001178924 -0.408486336 -0.009336326 0.912716687 2.481633425
0.894849598 0.071475871 0.440607965 0.014512599 -0.067616768 0.997411132 -0.024475256 0.000751447 -0.441216677 -0.007890816 0.897365928 2.492197752
0.877791107 0.070226744 0.473868072 0.022396207 -0.064329416 0.997516811 -0.028667429 0.000255316 -0.474704653 -0.005319640 0.880129099 2.502665043
0.858226836 0.071925893 0.508205950 0.030099154 -0.063669451 0.997403860 -0.033640578 -0.000150144 -0.509306192 -0.003485941 0.860578299 2.512931347
0.836500823 0.074031912 0.542941570 0.038804650 -0.063271478 0.997253597 -0.038497590 -0.000334330 -0.544300437 -0.002149451 0.838887572 2.523673058
0.811941504 0.076954588 0.578643918 0.048002720 -0.064314283 0.997030616 -0.042351827 -0.001008265 -0.580184817 -0.002827862 0.814479887 2.534335375
0.784599900 0.081096746 0.614675760 0.058326721 -0.067331694 0.996690273 -0.045552298 -0.001555935 -0.616335511 -0.005646837 0.787463367 2.545213223
0.754479408 0.085325263 0.650753796 0.068984389 -0.070813626 0.996308208 -0.048532695 -0.002320379 -0.652492344 -0.009465315 0.757736087 2.556469917
0.721556604 0.086660147 0.686910391 0.081016421 -0.070742480 0.996171236 -0.051365677 -0.002996787 -0.688731730 -0.011530489 0.724924564 2.567078114
0.684904993 0.083829686 0.723793983 0.094828844 -0.066644706 0.996403217 -0.052339274 -0.003962770 -0.725578129 -0.012389610 0.688028276 2.578218460
0.645946980 0.082121298 0.758952260 0.110023737 -0.063478105 0.996531963 -0.053801809 -0.004976630 -0.760738432 -0.013423735 0.648919702 2.589020967
0.603137851 0.082377508 0.793371737 0.125808358 -0.062045261 0.996484220 -0.056298994 -0.005547620 -0.795220137 -0.015268900 0.606128514 2.599773884
0.557005942 0.081330240 0.826516628 0.142867923 -0.057712205 0.996578217 -0.059171092 -0.006893359 -0.828500926 -0.014741443 0.559793770 2.609690666
0.509099066 0.080376469 0.856946766 0.161845922 -0.054504924 0.996642470 -0.061098535 -0.007988639 -0.858980417 -0.015602610 0.511770666 2.619055510
0.460211843 0.078641139 0.884319365 0.181935430 -0.052865792 0.996729076 -0.061125483 -0.009240910 -0.886233807 -0.018619571 0.462863922 2.627968788
0.410393506 0.075765356 0.908755600 0.203300893 -0.052216914 0.996859848 -0.059529711 -0.010928504 -0.910412312 -0.023021808 0.413060993 2.636518240
0.359712958 0.076036468 0.929959714 0.226265848 -0.055956356 0.996638119 -0.059844114 -0.011957809 -0.931383491 -0.030510446 0.362758547 2.645024061
0.311744988 0.076892383 0.947049439 0.247974575 -0.053242277 0.996567786 -0.063386828 -0.012344621 -0.948672891 -0.030662540 0.314768910 2.649619579
0.265073746 0.073868401 0.961394429 0.272328973 -0.042296998 0.996992290 -0.064941488 -0.013811763 -0.963300049 -0.023449814 0.267400920 2.653926849
0.220913380 0.067770012 0.972936094 0.297687709 -0.028824676 0.997600675 -0.062943168 -0.015479162 -0.974867344 -0.014139574 0.222336888 2.657813311
0.178548828 0.066597477 0.981674612 0.321925253 -0.019789975 0.997747958 -0.064088479 -0.016899507 -0.983731925 -0.007984397 0.179464743 2.660449743
0.139447749 0.069060653 0.987818241 0.349101812 -0.015418136 0.997595608 -0.067567661 -0.017407220 -0.990109324 -0.005808156 0.140177265 2.663966656
0.107418530 0.068809390 0.991829872 0.375588417 -0.007303473 0.997629821 -0.068420775 -0.019855857 -0.994187057 0.000105856 0.107666478 2.664992809
0.078957602 0.067047834 0.994620681 0.403542519 -0.000340355 0.997737408 -0.067230918 -0.021734664 -0.996877909 0.004969868 0.078801759 2.665965319
0.054835405 0.065179445 0.996365726 0.431542099 0.006642052 0.997821271 -0.065640211 -0.023487976 -0.998473227 0.010217320 0.054283012 2.665802240
0.033407018 0.064607374 0.997351348 0.461997211 0.011451383 0.997818291 -0.065021180 -0.024749050 -0.999376237 0.013593216 0.032594282 2.667103291
0.017309412 0.066215344 0.997655094 0.491336435 0.014412518 0.997684479 -0.066467330 -0.026327141 -0.999746203 0.015529233 0.016315002 2.667426586
0.003901184 0.065828286 0.997823417 0.521714270 0.014606783 0.997720778 -0.065878630 -0.028352298 -0.999885738 0.014831995 0.002930755 2.667463779
-0.007700396 0.066962980 0.997725725 0.554130137 0.015307144 0.997646332 -0.066839509 -0.030124929 -0.999853134 0.014757639 -0.008707284 2.666544199
-0.016395759 0.069790512 0.997426867 0.585977733 0.019836226 0.997387409 -0.069461673 -0.031952500 -0.999668777 0.018646311 -0.017737303 2.665369987
-0.022631180 0.071996011 0.997148156 0.617526114 0.024727192 0.997138739 -0.071434125 -0.033509947 -0.999437988 0.023040034 -0.024346689 2.664381504
-0.027551705 0.071334764 0.997071862 0.652114451 0.025013074 0.997187376 -0.070651874 -0.035565369 -0.999307334 0.022993252 -0.029258519 2.663130283
-0.031068247 0.068491839 0.997167826 0.686067820 0.023007242 0.997434020 -0.067793325 -0.037624978 -0.999252498 0.020835862 -0.032564342 2.662147999
-0.033109717 0.061405614 0.997563660 0.719455481 0.020656276 0.997939646 -0.060743183 -0.039792128 -0.999238253 0.018594762 -0.034309912 2.660769463
-0.035161354 0.055962972 0.997813463 0.756043136 0.021914465 0.998234153 -0.055214316 -0.041541725 -0.999141276 0.019925140 -0.036325660 2.660128593
-0.035298947 0.053326339 0.997953057 0.791392624 0.024424722 0.998323083 -0.052482180 -0.043328315 -0.999078155 0.022522165 -0.036542237 2.658612490
-0.034805175 0.055408716 0.997856915 0.827652156 0.027754508 0.998130441 -0.054455824 -0.045627713 -0.999008596 0.025799686 -0.036277946 2.657188892
-0.034306597 0.063031517 0.997421682 0.864341021 0.028922444 0.997653782 -0.062051386 -0.047016911 -0.998992741 0.026719101 -0.036049128 2.655751467
-0.031633917 0.071223848 0.996958613 0.900720716 0.029909955 0.997078538 -0.070283353 -0.048827242 -0.999051929 0.027595649 -0.033671800 2.654464960
-0.029704068 0.071953461 0.996965587 0.938022554 0.030680079 0.997001410 -0.071041949 -0.050710130 -0.999087751 0.028476747 -0.031822536 2.654065371
-0.027679853 0.067512378 0.997334421 0.977207601 0.029765204 0.997329950 -0.066685967 -0.052895606 -0.999173522 0.027840005 -0.029615464 2.652470112
-0.024916740 0.061024565 0.997825205 1.016211510 0.028801460 0.997764587 -0.060301658 -0.055318203 -0.999274552 0.027236307 -0.026618635 2.651391983
-0.022592423 0.059077814 0.997997761 1.053537250 0.027441539 0.997913003 -0.058451593 -0.058005266 -0.999368131 0.026066028 -0.024166459 2.651322365
-0.018479127 0.064790279 0.997727811 1.092134595 0.035147797 0.997323513 -0.064113043 -0.060101733 -0.999211311 0.033883184 -0.020706903 2.649868488
-0.015746232 0.070425615 0.997392714 1.130860090 0.036539573 0.996890783 -0.069813281 -0.062295258 -0.999208152 0.035345018 -0.018270597 2.649302006
-0.013701102 0.071037039 0.997379601 1.169384599 0.030367237 0.997042716 -0.070595890 -0.064634725 -0.999444902 0.029320421 -0.015817782 2.650034904
-0.009936393 0.067213073 0.997689247 1.207320213 0.025430072 0.997432709 -0.066942528 -0.067110777 -0.999627292 0.024706135 -0.011620123 2.649379730
-0.005472707 0.063883431 0.997942388 1.246982217 0.029556284 0.997531652 -0.063695051 -0.069573395 -0.999548078 0.029146882 -0.007347355 2.649395466
-0.002099179 0.064726643 0.997900784 1.285573721 0.034819506 0.997302592 -0.064614579 -0.072261758 -0.999391437 0.034610778 -0.004347266 2.648892164
0.000988329 0.069440797 0.997585654 1.324263811 0.034498554 0.996989906 -0.069433495 -0.074497640 -0.999404252 0.034483884 -0.001410254 2.648733377
0.004761680 0.070310354 0.997513711 1.363063097 0.031024689 0.997034490 -0.070424661 -0.076933727 -0.999507308 0.031282894 0.002566203 2.649523020
0.008329342 0.069565676 0.997542560 1.401632071 0.030128036 0.997106850 -0.069786854 -0.079609640 -0.999511361 0.030635275 0.006209366 2.650261164
0.011623115 0.066458978 0.997721434 1.440596461 0.033956606 0.997187138 -0.066818967 -0.082080066 -0.999355733 0.034655880 0.009333701 2.650594473
0.015673509 0.067101441 0.997623026 1.479566336 0.038548287 0.996963322 -0.067662686 -0.084269881 -0.999133825 0.039517172 0.013039269 2.650408506
0.018881837 0.067714289 0.997526109 1.518500924 0.041845992 0.996776223 -0.068455473 -0.087151036 -0.998945653 0.043035027 0.015987393 2.651850462
0.021217499 0.067456968 0.997496545 1.557138443 0.041947551 0.996782541 -0.068300933 -0.089923471 -0.998894513 0.043291714 0.018319577 2.652933836
0.025265409 0.066014424 0.997498751 1.596593499 0.043007579 0.996821582 -0.067058958 -0.092283957 -0.998755157 0.044594284 0.022345984 2.652797699
0.028647179 0.065185308 0.997461915 1.635549903 0.044718865 0.996788740 -0.066425666 -0.094638355 -0.998588741 0.046508271 0.025640177 2.654115915
0.031579312 0.065595120 0.997346520 1.675255179 0.043548465 0.996806204 -0.066938505 -0.097134866 -0.998552024 0.045546781 0.028621890 2.655445814
0.034465969 0.066982187 0.997158766 1.714095831 0.041004065 0.996816576 -0.068376489 -0.099780530 -0.998564303 0.043244220 0.031609710 2.657609940
0.037713330 0.067293063 0.997020245 1.753563881 0.042632330 0.996713281 -0.068884976 -0.101927571 -0.998378754 0.045103177 0.034720518 2.658282280
0.040870257 0.066849247 0.996925652 1.792983174 0.040429398 0.996831596 -0.068500400 -0.104437955 -0.998346090 0.043104731 0.038038090 2.659625053
0.042611063 0.067497820 0.996809125 1.832761288 0.038925890 0.996845603 -0.069164291 -0.106895499 -0.998333216 0.041748844 0.039849237 2.662457705
0.046230916 0.067658633 0.996636868 1.872196317 0.035731010 0.996953189 -0.069337569 -0.109425575 -0.998291492 0.038816385 0.043672543 2.664082050
0.048621867 0.069032915 0.996428907 1.912756920 0.034768816 0.996887088 -0.070761271 -0.112272434 -0.998211920 0.038085192 0.046070326 2.666657925
0.051633943 0.072444931 0.996034980 1.952238560 0.033323579 0.996684968 -0.074219681 -0.114990965 -0.998109937 0.037023701 0.049048658 2.668957949
0.055109039 0.074999973 0.995659530 1.992171764 0.033878144 0.996460319 -0.076935433 -0.117362782 -0.997905493 0.037970942 0.052373119 2.671222925
0.057972170 0.077099144 0.995336592 2.033764601 0.027576614 0.996509314 -0.078796148 -0.120410204 -0.997937262 0.032016005 0.055643670 2.674596548
0.060661305 0.076071478 0.995255411 2.075171947 0.024033636 0.996691227 -0.077646077 -0.123204827 -0.997869015 0.028629722 0.058632318 2.677492380
0.063788250 0.076550879 0.995023191 2.116396189 0.026429519 0.996574402 -0.078364536 -0.126346260 -0.997613370 0.031296723 0.061546538 2.680794001
0.068048060 0.077465236 0.994670153 2.158124208 0.025214098 0.996529043 -0.079334982 -0.129595861 -0.997363329 0.030478304 0.065858655 2.683347225
0.072151430 0.079029247 0.994257808 2.198554993 0.021208197 0.996508956 -0.080747224 -0.132086337 -0.997168243 0.026912443 0.070223473 2.686466932
0.075695850 0.076999195 0.994153440 2.240596056 0.020048836 0.996694922 -0.078722544 -0.135071874 -0.996929348 0.025890592 0.073901914 2.690404415
0.080246463 0.076933861 0.993801594 2.282892227 0.019750912 0.996698499 -0.078752935 -0.138350517 -0.996579409 0.025948131 0.078462012 2.693910599
0.085488819 0.080673471 0.993067682 2.325142384 0.017126478 0.996450305 -0.082422584 -0.141330749 -0.996191859 0.024053965 0.083803698 2.698327065
0.091449857 0.088506408 0.991868734 2.366938829 0.015882557 0.995786071 -0.090320326 -0.145041198 -0.995683014 0.024013195 0.089658789 2.702618122
0.099241473 0.094003811 0.990613163 2.408314228 0.013656713 0.995305181 -0.095817231 -0.148086250 -0.994969666 0.023037560 0.097491771 2.706366539
0.105974436 0.096587181 0.989666700 2.450553894 0.009391866 0.995129585 -0.098126039 -0.151986897 -0.994324446 0.019693669 0.104551166 2.712280273
0.113305517 0.094848312 0.989022613 2.492283583 0.006200147 0.995346010 -0.096165039 -0.155534565 -0.993540943 0.017028116 0.112190135 2.717313766
0.120389827 0.093562320 0.988307834 2.536947489 0.005605394 0.995468736 -0.094923072 -0.159503967 -0.992710888 0.016967624 0.119319871 2.723714590
0.128641769 0.089797348 0.987617195 2.577385187 0.005569077 0.995810747 -0.091267727 -0.162864938 -0.991675436 0.017240960 0.127602786 2.727810383
0.135837302 0.084691346 0.987104654 2.620189667 0.002490475 0.996307135 -0.085823633 -0.166559517 -0.990727961 0.014116409 0.135124758 2.734127998
0.143038154 0.077250317 0.986697733 2.663759947 0.002124998 0.996922910 -0.078358918 -0.169094324 -0.989714921 0.013305044 0.142433837 2.741326332
0.150711194 0.074706152 0.985751092 2.705609322 0.001352701 0.997123957 -0.075774886 -0.172420487 -0.988576829 0.012753548 0.150176719 2.747831345
0.157609686 0.076001354 0.984572411 2.746316910 -0.000556999 0.997040629 -0.076874644 -0.177030087 -0.987501323 0.011567780 0.157185614 2.754518032
0.162871271 0.082154915 0.983220935 2.787771225 -0.000311187 0.996531606 -0.083215542 -0.180781454 -0.986647248 0.013247459 0.162331924 2.762369394
0.167326882 0.085924089 0.982150018 2.828709841 -0.001843326 0.996220469 -0.086841024 -0.183866218 -0.985899687 0.012720413 0.166852877 2.770335197
0.172574341 0.088578790 0.981005490 2.868739605 -0.003764433 0.996000290 -0.089270502 -0.187815309 -0.984989285 0.011712868 0.172217548 2.777595043
0.178457469 0.088696279 0.979941726 2.909398556 -0.005356508 0.996001601 -0.089174420 -0.190432101 -0.983933032 0.010664771 0.178219035 2.784711361
0.184181154 0.085511751 0.979165494 2.948852301 -0.001382243 0.996229827 -0.086742006 -0.193957299 -0.982891381 0.014622797 0.183604971 2.791790962
0.188760683 0.079415970 0.978806674 2.989220142 -0.000726613 0.996735632 -0.080730535 -0.196864516 -0.982022882 0.014527537 0.188202217 2.799594641
0.191444516 0.073087670 0.978778362 3.027984381 -0.003259284 0.997265458 -0.073830642 -0.200174198 -0.981498063 0.010944352 0.191159189 2.808279514
0.194675326 0.069610551 0.978394568 3.068875074 -0.006698528 0.997549772 -0.069640569 -0.203258500 -0.980844855 0.007003499 0.194664598 2.816853523
0.197642520 0.069451027 0.977810860 3.106344700 -0.008364828 0.997570276 -0.069163725 -0.206436440 -0.980238557 0.005490473 0.197743252 2.825043201
0.199623898 0.071466029 0.977262914 3.144182444 -0.010600434 0.997435927 -0.070775919 -0.209085375 -0.979815185 0.003769157 0.199869648 2.833519459
0.201367632 0.075827703 0.976576328 3.179688692 -0.014285371 0.997120440 -0.074477285 -0.211811304 -0.979411602 0.001046558 0.201870993 2.841123104
0.203449681 0.080052845 0.975807369 3.218437433 -0.015225027 0.996789932 -0.078599907 -0.214554727 -0.978967011 0.001134434 0.204015434 2.849499226
0.205054671 0.085258067 0.975030124 3.254102945 -0.015578553 0.996356905 -0.083846644 -0.217503220 -0.978626490 0.002003593 0.205635831 2.857711792
0.206897378 0.087212071 0.974467874 3.290066242 -0.014628826 0.996183395 -0.086049601 -0.220391154 -0.978253245 0.003548116 0.207383573 2.865402699
0.208260089 0.087636285 0.974139392 3.325023413 -0.017539777 0.996152341 -0.085866801 -0.223067611 -0.977916181 0.000796441 0.208995864 2.873461246
0.208840877 0.084293179 0.974310100 3.360626698 -0.017560372 0.996441007 -0.082443833 -0.226243913 -0.977791965 0.000108395 0.209577858 2.881501198
0.210063413 0.082040742 0.974239588 3.394470215 -0.017744726 0.996628761 -0.080100097 -0.228815421 -0.977526665 -0.000461513 0.210811079 2.888147116
0.209100485 0.080638193 0.974563718 3.428566694 -0.016373396 0.996743321 -0.078960337 -0.232105613 -0.977756977 0.000553728 0.209739819 2.897023201
0.207157150 0.080012612 0.975030243 3.461897373 -0.016721562 0.996793926 -0.078245871 -0.234607130 -0.978164732 -0.000094838 0.207830906 2.904687405
0.206283540 0.080903940 0.975141883 3.494954348 -0.017606586 0.996721506 -0.078969777 -0.237162843 -0.978333831 -0.000878750 0.207031682 2.911127090
0.204140261 0.083910875 0.975338757 3.527479649 -0.017829619 0.996473074 -0.081997320 -0.239527345 -0.978779316 -0.000650961 0.204916358 2.918197155
0.201678693 0.087904714 0.975499153 3.559350014 -0.016750637 0.996128321 -0.086300559 -0.242457822 -0.979308546 0.001064755 0.202370316 2.924657345
0.200026765 0.088382304 0.975796103 3.591114283 -0.013601225 0.996077597 -0.087431230 -0.244873643 -0.979695916 0.004216566 0.200444326 2.931255341
0.197788239 0.086943403 0.976381421 3.621451616 -0.015014695 0.996210635 -0.085667543 -0.247686774 -0.980129778 0.002283969 0.198344171 2.937350750
0.195125729 0.083985224 0.977175653 3.652376413 -0.015374250 0.996466339 -0.082573190 -0.250356346 -0.980657816 0.001088815 0.195727423 2.943952799
0.192864865 0.079140775 0.978028536 3.682896614 -0.015258439 0.996863425 -0.077655934 -0.253539145 -0.981106699 0.000053914 0.193467498 2.950078487
0.191596627 0.078837864 0.978302240 3.711870193 -0.011282860 0.996879697 -0.078125253 -0.255914718 -0.981408894 0.003930489 0.191888273 2.954766989
0.190313935 0.080278665 0.978435338 3.740994930 -0.007485238 0.996740639 -0.080324627 -0.258106530 -0.981694698 0.007963076 0.190294534 2.960254669
0.187257782 0.082458287 0.978843689 3.770695925 -0.003924616 0.996525407 -0.083196983 -0.260394275 -0.982302964 0.011737698 0.186930716 2.966075182
0.185299769 0.083947912 0.979089677 3.798459291 -0.003717625 0.996397078 -0.084728263 -0.262832254 -0.982675016 0.012060243 0.184944227 2.971646309
0.184228018 0.086677723 0.979054153 3.827319860 -0.004074016 0.996162713 -0.087425761 -0.264974058 -0.982875109 0.012117594 0.183874205 2.976664543
0.182902843 0.085069872 0.979443669 3.856368303 -0.002882055 0.996291399 -0.085995004 -0.267343134 -0.983126879 0.012905920 0.182469696 2.982401848
0.184319153 0.083008036 0.979354978 3.885274887 0.003878296 0.996358097 -0.085179098 -0.269971967 -0.982858837 0.019498367 0.183325976 2.986735821
0.186235338 0.081346206 0.979131818 3.914492369 0.008830759 0.996387720 -0.084459461 -0.272117257 -0.982465446 0.024375817 0.184844255 2.992076159
0.188363358 0.080612548 0.978785455 3.943842888 0.011186850 0.996384799 -0.084214889 -0.274669826 -0.982035756 0.026812527 0.186780602 2.997761965
0.191374287 0.080442898 0.978215158 3.972862244 0.008595263 0.996460259 -0.083624817 -0.277043730 -0.981479526 0.024411658 0.190005451 3.004055977
0.196582124 0.081430137 0.977100074 4.002497673 0.007434419 0.996392846 -0.084533714 -0.278973788 -0.980459154 0.023881989 0.195267677 3.010287523
0.203186199 0.080306746 0.975841224 4.032139778 0.008751345 0.996442139 -0.083824269 -0.281155318 -0.979101062 0.025571855 0.201760486 3.016595602
0.210682184 0.080286935 0.974251986 4.061777592 0.006767729 0.996477962 -0.083582059 -0.283521146 -0.977531135 0.024202727 0.209396780 3.023720026
0.219467938 0.078163609 0.972483575 4.092362881 0.007585852 0.996618569 -0.081815422 -0.285839498 -0.975590229 0.025332980 0.218132898 3.030321836
0.228161708 0.078311078 0.970468819 4.122946739 0.003663482 0.996683836 -0.081287794 -0.288253039 -0.973616302 0.022102054 0.227118239 3.038354397
0.238130391 0.077767842 0.968114674 4.153705120 0.002799470 0.996730030 -0.080755085 -0.290733129 -0.971229196 0.021940446 0.237134010 3.046270847
0.247844756 0.081571497 0.965359569 4.184443474 -0.002611678 0.996501625 -0.083532445 -0.292989254 -0.968796313 0.018181872 0.247190759 3.054538727
0.256895453 0.083844841 0.962795198 4.216372967 -0.005942962 0.996347785 -0.085181043 -0.295298696 -0.966420949 0.016160766 0.256455481 3.063991785
0.267985284 0.086577378 0.959524930 4.248420715 -0.010529054 0.996157765 -0.086942069 -0.297912747 -0.963365495 0.013196304 0.267867148 3.073347569
0.277980685 0.088319398 0.956517816 4.279874325 -0.011834652 0.996003568 -0.088525929 -0.300656617 -0.960513711 0.013288443 0.277915031 3.083474159
0.287559986 0.089036107 0.953615129 4.313705444 -0.014701348 0.995962620 -0.088556826 -0.303180337 -0.957649767 0.011445968 0.287707925 3.094239235
0.297874600 0.089917071 0.950360715 4.347208977 -0.016098160 0.995885551 -0.089178629 -0.305652112 -0.954469204 0.011264990 0.298096508 3.105275631
0.308548033 0.090870753 0.946858287 4.380412579 -0.020169590 0.995827556 -0.088997819 -0.308087289 -0.950994909 0.008362357 0.309093446 3.116406441
0.318780959 0.085539997 0.943960607 4.415639877 -0.019190898 0.996297598 -0.083801813 -0.310982108 -0.947634041 0.008598967 0.319242269 3.129093409
0.329456031 0.078964956 0.940863073 4.450654030 -0.015919646 0.996819437 -0.078086786 -0.313482881 -0.944036663 0.010747958 0.329665244 3.141499281
0.340421528 0.074381031 0.937326312 4.485794544 -0.013890825 0.997155249 -0.074083805 -0.315927744 -0.940170288 0.012199484 0.340486258 3.154502392
0.350405037 0.071145758 0.933892190 4.522713184 -0.014860928 0.997407496 -0.070408516 -0.318638802 -0.936480343 0.010793000 0.350553930 3.169053078
0.359559774 0.068982549 0.930568695 4.558577061 -0.009239547 0.997478008 -0.070372455 -0.321029365 -0.933076322 0.016705072 0.359290361 3.183495760
0.368132204 0.062883198 0.927644491 4.595155716 -0.001554769 0.997750521 -0.067018539 -0.323207855 -0.929772079 0.023229409 0.367401898 3.197931290
0.375739455 0.054226123 0.925137460 4.635087490 0.007013501 0.998091578 -0.061350767 -0.325082928 -0.926698744 0.029540356 0.374642104 3.212608814
0.382845134 0.049831320 0.922467589 4.673015594 0.012332404 0.998179495 -0.059039477 -0.327406436 -0.923730254 0.033979218 0.381533623 3.228104115
0.390454590 0.049655389 0.919282138 4.711367607 0.014547304 0.998086870 -0.060090870 -0.330208719 -0.920507193 0.036835827 0.388985217 3.244000912
0.397647560 0.055767283 0.915841937 4.748529434 0.016955148 0.997534096 -0.068103395 -0.332246095 -0.917381585 0.042609379 0.395721495 3.260412693
0.405028015 0.059775393 0.912348211 4.786743164 0.021345461 0.996970296 -0.074795805 -0.334438801 -0.914055049 0.049768884 0.402525067 3.277086020
0.410375029 0.062308174 0.909785748 4.824353695 0.019096419 0.996856987 -0.076885179 -0.336986244 -0.911716878 0.048925400 0.407895446 3.294170380
0.414635807 0.063821822 0.907746553 4.861730099 0.011775799 0.997077644 -0.075481400 -0.340324789 -0.909911275 0.041986737 0.412672520 3.312094688
0.418711066 0.067205705 0.905629277 4.897823334 0.005138164 0.997066557 -0.076366767 -0.343374699 -0.908104897 0.036628887 0.417137563 3.329068899
0.423091620 0.070418164 0.903346360 4.934412479 0.003926302 0.996823668 -0.079543874 -0.346902907 -0.906078458 0.037201159 0.421471238 3.346200466
0.426141709 0.074857324 0.901553869 4.970307350 0.000841404 0.996537447 -0.083141632 -0.349626482 -0.904656053 0.036188696 0.424603224 3.365232468
0.430002779 0.077719651 0.899476111 5.005977154 -0.001835626 0.996361017 -0.085213482 -0.352466643 -0.902825832 0.034990937 0.428580612 3.382198334
0.433734685 0.076203801 0.897812426 5.040680408 -0.003282601 0.996544302 -0.082998030 -0.355755508 -0.901034594 0.033051971 0.432485998 3.399323225
0.438155502 0.073153764 0.895917654 5.075859547 -0.001964166 0.996758521 -0.080427088 -0.358778477 -0.898897111 0.033479836 0.436878890 3.416437626
0.441515803 0.071029529 0.894437611 5.109494209 -0.003040793 0.996974409 -0.077671215 -0.361574113 -0.897248328 0.031573277 0.440395892 3.433402777
0.445171565 0.069629438 0.892733991 5.143585682 -0.003694182 0.997106493 -0.075927913 -0.364722669 -0.895437658 0.030503022 0.444140732 3.450109243
0.448124796 0.071313672 0.891122103 5.176564693 -0.005301986 0.997007668 -0.077121109 -0.367241681 -0.893955231 0.029835166 0.447161913 3.468032837
0.450814515 0.071890689 0.889717877 5.208440304 -0.004562133 0.996924043 -0.078241512 -0.369970888 -0.892606020 0.031213405 0.449755818 3.484000444
0.453167617 0.069923848 0.888678730 5.239384651 -0.003137631 0.997037768 -0.076849863 -0.373258919 -0.891419828 0.032037523 0.452044547 3.499288082
0.455131590 0.068901174 0.887754381 5.272993565 -0.000762362 0.997031450 -0.076991647 -0.375644863 -0.890423894 0.034364533 0.453833014 3.516618729
0.456505954 0.068682440 0.887065291 5.303785801 -0.002208233 0.997100413 -0.076065667 -0.378788769 -0.889717638 0.032765586 0.455333978 3.533366442
0.458938718 0.067701235 0.885884702 5.334525108 -0.000409054 0.997108519 -0.075989291 -0.381409287 -0.888467848 0.034512054 0.457639396 3.549152374
0.461205065 0.069816969 0.884542525 5.364555359 -0.001718381 0.996967971 -0.077794753 -0.383976102 -0.887291908 0.034359351 0.459926665 3.565087795
0.464414746 0.069576137 0.882880569 5.393265247 0.002007499 0.996823967 -0.079611532 -0.386297345 -0.885615587 0.038745150 0.462800056 3.579454184
0.467430979 0.069290027 0.881309986 5.422189236 0.002963234 0.996795297 -0.079941317 -0.388945758 -0.884024680 0.039978571 0.465727657 3.594665527
0.470806450 0.067359239 0.879661262 5.450543880 0.006282936 0.996799827 -0.079691723 -0.391329825 -0.882214308 0.043046221 0.468876511 3.609467268
0.473819256 0.066314854 0.878121674 5.478363037 0.007983313 0.996796131 -0.079584680 -0.393747091 -0.880585909 0.044719081 0.471771806 3.625093699
0.476586401 0.065892607 0.876654804 5.505071640 0.008719714 0.996783853 -0.079662360 -0.396407604 -0.879084408 0.045610178 0.474479049 3.640130043
0.480743229 0.064670950 0.874473333 5.533007145 0.010047358 0.996804833 -0.079241432 -0.399083704 -0.876803875 0.046880931 0.478557348 3.654971600
0.484144926 0.064387694 0.872615516 5.559725285 0.011946793 0.996709347 -0.080172554 -0.400899589 -0.874906182 0.049240094 0.481782585 3.669958115
0.488197118 0.065166965 0.870296896 5.585496426 0.010601195 0.996692002 -0.080578081 -0.404034674 -0.872668982 0.048564177 0.485891193 3.684297085
0.492487848 0.065549366 0.867847323 5.611668587 0.012802214 0.996506155 -0.082532138 -0.405957162 -0.870225191 0.051756438 0.489928007 3.698912621
0.497050643 0.068993725 0.864974260 5.637810707 0.010240613 0.996298134 -0.085353322 -0.408720374 -0.867661119 0.051282786 0.494504064 3.715126276
0.502667308 0.075018860 0.861218750 5.664422989 0.007478109 0.995812893 -0.091107816 -0.410980582 -0.864447713 0.052237201 0.500001609 3.730551481
0.509047449 0.082181349 0.856806219 5.689143181 0.003107680 0.995249569 -0.097306609 -0.413100749 -0.860732913 0.052196357 0.506373942 3.745032787
0.515479267 0.088198416 0.852350891 5.714210987 -0.002551633 0.994842470 -0.101399794 -0.416008711 -0.856898248 0.050094612 0.513045728 3.760024548
0.521719992 0.092518568 0.848085165 5.740325928 -0.005618556 0.994453192 -0.105029628 -0.418634564 -0.853098273 0.050031044 0.519345999 3.776830912
0.527176082 0.092615031 0.844693959 5.765866280 -0.010489367 0.994676352 -0.102513164 -0.421734005 -0.849691391 0.045182191 0.525341094 3.793855906
0.532382548 0.092005432 0.841488957 5.792939663 -0.016643066 0.995021343 -0.098262571 -0.424448788 -0.846340299 0.038308334 0.531263351 3.812227488
0.538275719 0.089647815 0.837987185 5.818820000 -0.023705404 0.995543361 -0.091276169 -0.427571505 -0.842435360 0.029266914 0.538002014 3.829468489
0.544124305 0.087876663 0.834389806 5.845181465 -0.030285431 0.995908856 -0.085137792 -0.430537283 -0.838457763 0.021055693 0.544559658 3.847370625
0.549885631 0.086327724 0.830766678 5.872389793 -0.032944739 0.996111989 -0.081703126 -0.432695866 -0.834590018 0.017557982 0.550591826 3.866731167
0.556612551 0.089426950 0.825945079 5.900072575 -0.038513470 0.995898306 -0.081873558 -0.436107486 -0.829879105 0.013761836 0.557773650 3.885362387
0.561931252 0.093992427 0.821826458 5.928096771 -0.041552816 0.995476365 -0.085440703 -0.437439710 -0.826139629 0.013862589 0.563294947 3.907054186
0.568645298 0.097318612 0.816805780 5.955962181 -0.043860212 0.995151460 -0.088033020 -0.439566284 -0.821412683 0.014234281 0.570156634 3.926329613
0.574587822 0.099772625 0.812338769 5.984556675 -0.045391776 0.994898796 -0.090088189 -0.441940188 -0.817183256 0.014890069 0.576185703 3.947917461
0.580912471 0.100460663 0.807742774 6.012809277 -0.047747485 0.994851291 -0.089392714 -0.444030106 -0.812564433 0.013361655 0.582718253 3.969985008
0.587696850 0.102718107 0.802534342 6.042328835 -0.054940287 0.994685352 -0.087079078 -0.447573632 -0.807213664 0.007084633 0.590216756 3.991148233
0.594306707 0.100945935 0.797878087 6.073781967 -0.056070924 0.994878054 -0.084105030 -0.450332552 -0.802281499 0.005246439 0.596922874 4.014758110
0.600412786 0.099373132 0.793491900 6.103322029 -0.056691736 0.995041847 -0.081717253 -0.452588350 -0.797678232 0.004079659 0.603069603 4.040043831
