0.999998391 0.001081100 0.001436271 0.000007968 -0.001074241 0.999988019 -0.004767416 -0.000758750 -0.001441408 0.004765866 0.999987543 0.038246449
0.999998271 -0.001264557 0.001350335 0.000575322 0.001272290 0.999982715 -0.005741313 -0.001324907 -0.001343052 0.005743021 0.999982595 0.078398742
0.999993563 -0.002819700 0.002203216 0.000198290 0.002823140 0.999994814 -0.001559413 -0.001921557 -0.002198807 0.001565623 0.999996305 0.114425018
0.999985814 -0.005012809 0.001817160 0.000279302 0.005004796 0.999977767 0.004388168 -0.002614022 -0.001839117 -0.004379009 0.999988735 0.152293950
0.999962151 -0.008697209 0.000220861 0.000624222 0.008696179 0.999952972 0.004295610 -0.003124648 -0.000258211 -0.004293526 0.999990761 0.189856231
0.999933124 -0.011544653 -0.000767188 0.000833084 0.011545951 0.999931812 0.001706689 -0.003690894 0.000747432 -0.001715433 0.999998212 0.227265388
0.999929965 -0.011751011 -0.001420190 0.000763447 0.011748234 0.999929070 -0.001946985 -0.004313776 0.001442969 0.001930163 0.999997079 0.264340103
0.999938071 -0.010910338 -0.002222989 0.000737834 0.010904696 0.999937296 -0.002534918 -0.004883708 0.002250506 0.002510519 0.999994338 0.301117986
0.999938369 -0.010696287 -0.002972869 0.000440098 0.010694769 0.999942660 -0.000525610 -0.005701722 0.002978321 0.000493784 0.999995470 0.337934554
0.999934733 -0.010778893 -0.003784921 0.000376076 0.010788877 0.999938309 0.002627168 -0.006445659 0.003756370 -0.002667832 0.999989390 0.375116408
0.999930143 -0.010808290 -0.004766288 0.000301610 0.010826453 0.999934196 0.003801208 -0.006800160 0.004724889 -0.003852545 0.999981403 0.411214411
0.999911547 -0.012249982 -0.005181923 0.000020813 0.012274369 0.999913573 0.004700297 -0.007314254 0.005123897 -0.004763486 0.999975502 0.447832108
0.999905348 -0.012225039 -0.006316741 0.000031627 0.012252182 0.999915779 0.004275870 -0.007558997 0.006263936 -0.004352859 0.999970913 0.484422266
0.999900103 -0.012459255 -0.006680930 -0.000488213 0.012479620 0.999917507 0.003015353 -0.008333973 0.006642810 -0.003098428 0.999973178 0.520563185
0.999879658 -0.012736464 -0.008861739 -0.000319264 0.012747315 0.999918103 0.001169090 -0.008885225 0.008846123 -0.001281914 0.999960065 0.556375623
0.999851406 -0.014254539 -0.009687604 -0.001149943 0.014246969 0.999898136 -0.000850066 -0.008838363 0.009698736 0.000711921 0.999952734 0.592654109
0.999830067 -0.013813822 -0.012206056 -0.000776110 0.013807639 0.999904513 -0.000590725 -0.009924908 0.012213052 0.000422088 0.999925315 0.628000140
0.999842584 -0.012613147 -0.012474001 -0.002320245 0.012586978 0.999918401 -0.002174156 -0.010233272 0.012500408 0.002016804 0.999919832 0.664197206
0.999834657 -0.011391209 -0.014171515 -0.002921576 0.011351945 0.999931514 -0.002848027 -0.010479873 0.014202987 0.002686682 0.999895573 0.699972570
0.999809265 -0.012098282 -0.015324599 -0.003640072 0.012072902 0.999925613 -0.001747512 -0.011277203 0.015344600 0.001562167 0.999881089 0.735538781
0.999780476 -0.011712878 -0.017374123 -0.003935332 0.011712938 0.999931335 -0.000098363 -0.012021337 0.017374085 -0.000105160 0.999849021 0.770713091
0.999757528 -0.011151444 -0.018986126 -0.004443907 0.011168061 0.999937296 0.000769383 -0.012879583 0.018976357 -0.000981235 0.999819398 0.805701911
0.999723732 -0.012554428 -0.019871246 -0.005570712 0.012559971 0.999921143 0.000154130 -0.013183070 0.019867744 -0.000403670 0.999802470 0.840621650
0.999687612 -0.012240815 -0.021788333 -0.006155837 0.012242430 0.999925017 -0.000059374 -0.013887722 0.021787431 -0.000207387 0.999762595 0.875183821
0.999650598 -0.011813091 -0.023648504 -0.006572634 0.011819583 0.999930143 0.000134737 -0.014398398 0.023645261 -0.000414206 0.999720335 0.909834802
0.999631345 -0.011498182 -0.024596093 -0.007591842 0.011562251 0.999930084 0.002464158 -0.015099496 0.024566041 -0.002747637 0.999694467 0.944115698
0.999617517 -0.012532378 -0.024653424 -0.008557256 0.012654286 0.999908447 0.004795027 -0.015390784 0.024591073 -0.005105164 0.999684572 0.977679789
0.999591112 -0.012592875 -0.025672702 -0.009205343 0.012763300 0.999897540 0.006485334 -0.015931793 0.025588401 -0.006810350 0.999649346 1.011481285
0.999569297 -0.011824016 -0.026858415 -0.009791328 0.011975703 0.999913216 0.005493802 -0.016588323 0.026791127 -0.005813084 0.999624074 1.044656634
0.999575853 -0.010403452 -0.027205333 -0.010895977 0.010478813 0.999941587 0.002628983 -0.016867369 0.027176393 -0.002912947 0.999626398 1.076579332
0.999567330 -0.009767841 -0.027744533 -0.011937866 0.009789111 0.999951839 0.000630964 -0.017259870 0.027737033 -0.000902285 0.999614775 1.108422518
0.999540806 -0.008993939 -0.028935475 -0.012985775 0.009016944 0.999959111 0.000664767 -0.018028885 0.028928308 -0.000925371 0.999581099 1.140133142
0.999512076 -0.009226209 -0.029839288 -0.014101559 0.009233300 0.999957383 0.000099818 -0.018351117 0.029837098 -0.000375285 0.999554634 1.171401262
0.999440432 -0.009060708 -0.032198627 -0.014973255 0.009044183 0.999958873 -0.000658822 -0.018926065 0.032203268 0.000367243 0.999481261 1.202550292
0.999373794 -0.008725605 -0.034290597 -0.015758794 0.008692401 0.999961615 -0.001117287 -0.019456647 0.034299027 0.000818520 0.999411225 1.233891606
0.999311090 -0.008570963 -0.036108840 -0.016900951 0.008582599 0.999963164 0.000167289 -0.019871343 0.036106069 -0.000477082 0.999347866 1.262738824
0.999240220 -0.008558208 -0.038023442 -0.018336650 0.008646754 0.999960244 0.002164884 -0.020176560 0.038003407 -0.002492019 0.999274552 1.292750955
0.999135375 -0.007825977 -0.040830698 -0.018679235 0.007997207 0.999959946 0.004032056 -0.021095989 0.040797506 -0.004355102 0.999157965 1.321890950
0.999089897 -0.006521654 -0.042153191 -0.020521108 0.006717374 0.999967217 0.004503048 -0.021487171 0.042122442 -0.004782109 0.999100983 1.351095796
0.999023080 -0.004136996 -0.043996841 -0.022001091 0.004300344 0.999984145 0.003618694 -0.021927498 0.043981172 -0.003804362 0.999025106 1.379618287
0.998935103 -0.002676317 -0.046061285 -0.023054499 0.002816976 0.999991536 0.002989090 -0.022403952 0.046052895 -0.003115660 0.998934090 1.407600641
0.998870432 -0.001654989 -0.047487654 -0.024607390 0.001858198 0.999989331 0.004235385 -0.022905361 0.047480144 -0.004318844 0.998862863 1.436064720
0.998811245 -0.000563941 -0.048741419 -0.025982566 0.000856904 0.999981642 0.005989854 -0.023210473 0.048737146 -0.006024501 0.998793483 1.463244438
0.998806655 0.002734695 -0.048761860 -0.027506948 -0.002410134 0.999974549 0.006713600 -0.023747925 0.048778985 -0.006588066 0.998787880 1.490897894
0.998866856 0.005592739 -0.047262326 -0.029041998 -0.005377462 0.999974608 0.004680853 -0.024150331 0.047287304 -0.004421398 0.998871565 1.516900659
0.998946309 0.007277173 -0.045313079 -0.030645479 -0.007207562 0.999972582 0.001699408 -0.024656519 0.045324199 -0.001371021 0.998971462 1.542758703
0.999051690 0.007568895 -0.042874768 -0.031942148 -0.007590976 0.999971151 -0.000352213 -0.024791833 0.042870868 0.000677341 0.999080420 1.568205714
0.999152780 0.008646025 -0.040238809 -0.032478597 -0.008643803 0.999962628 0.000229221 -0.024932992 0.040239289 0.000118789 0.999190092 1.593973637
0.999221742 0.013105812 -0.037203584 -0.033428662 -0.013011740 0.999911606 0.002769560 -0.025270827 0.037236594 -0.002283321 0.999303877 1.619391799
0.999302983 0.017565530 -0.032939360 -0.034600794 -0.017358068 0.999827743 0.006573691 -0.025893815 0.033049151 -0.005997345 0.999435723 1.643565655
0.999343932 0.022218563 -0.028601637 -0.035719588 -0.022008564 0.999728620 0.007636320 -0.026241079 0.028763540 -0.007001827 0.999561846 1.667630672
0.999389589 0.025831636 -0.023518519 -0.036176242 -0.025650447 0.999639153 0.007973636 -0.026500251 0.023716005 -0.007365508 0.999691725 1.691066146
0.999412537 0.029416891 -0.017582994 -0.036715902 -0.029248478 0.999524474 0.009760082 -0.026692366 0.017861743 -0.009240072 0.999797821 1.713470221
0.999336958 0.034880668 -0.010441132 -0.037491914 -0.034759030 0.999328256 0.011612936 -0.027378853 0.010839183 -0.011242312 0.999878049 1.735600233
0.999280751 0.037761066 -0.003479031 -0.037488654 -0.037721757 0.999230504 0.010745343 -0.027389033 0.003882110 -0.010606380 0.999936223 1.756737947
0.999147356 0.041118868 0.003748923 -0.037284277 -0.041158386 0.999090374 0.011154918 -0.027831303 -0.003286834 -0.011299705 0.999930739 1.777078509
0.998919666 0.044975497 0.011687165 -0.037552197 -0.045098603 0.998927414 0.010492450 -0.027946115 -0.011202728 -0.011008190 0.999876678 1.797040820
0.998617828 0.048876598 0.019328147 -0.037429780 -0.049036641 0.998765767 0.007894464 -0.028395189 -0.018918440 -0.008831341 0.999782026 1.815013528
0.998297274 0.051391553 0.027594920 -0.037016537 -0.051554225 0.998656631 0.005215741 -0.028870970 -0.027289804 -0.006629495 0.999605596 1.832983255
0.998053908 0.051345598 0.035386648 -0.036294490 -0.051532742 0.998661637 0.004396252 -0.028653441 -0.035113566 -0.006211269 0.999363959 1.849871039
0.997762740 0.050770506 0.043497264 -0.035375968 -0.051070198 0.998678148 0.005805834 -0.028878730 -0.043145008 -0.008014258 0.999036610 1.865550637
0.997294843 0.052464236 0.051482499 -0.034452662 -0.052864898 0.998580873 0.006451030 -0.029075567 -0.051070981 -0.009155195 0.998653054 1.880887747
0.996613801 0.055687211 0.060497247 -0.033851445 -0.056212068 0.998394251 0.007007360 -0.029600985 -0.060009878 -0.010384306 0.998143733 1.894515514
0.995836854 0.059465844 0.069085613 -0.032734543 -0.060041416 0.998176098 0.006282950 -0.029781613 -0.068585984 -0.010404793 0.997590959 1.907985926
0.994916201 0.063215785 0.078393765 -0.032017484 -0.063922018 0.997933447 0.006529905 -0.030163340 -0.077818967 -0.011507796 0.996901155 1.920325160
0.994202137 0.062195685 0.087714799 -0.030725807 -0.063051939 0.997985423 0.007022361 -0.030363217 -0.087101348 -0.012512233 0.996120870 1.931301594
0.993297279 0.060808327 0.098300084 -0.029236615 -0.061595075 0.998088777 0.004985861 -0.030478612 -0.097809047 -0.011007246 0.995144308 1.942382336
0.992159128 0.059225213 0.110056646 -0.027805135 -0.059673533 0.998217642 0.000781395 -0.030906281 -0.109814197 -0.007342739 0.993924975 1.952512264
0.990551174 0.060095560 0.123275697 -0.025983557 -0.060137346 0.998184383 -0.003385296 -0.031154599 -0.123255312 -0.004060166 0.992366731 1.963081360
0.988391280 0.061842769 0.138774008 -0.024515718 -0.061727230 0.998079836 -0.005140487 -0.031705726 -0.138825446 -0.003485325 0.990310729 1.972911119
0.985914767 0.062824368 0.155000687 -0.022183746 -0.062458962 0.998021483 -0.007231121 -0.031066857 -0.155148312 -0.002551914 0.987887919 1.983198047
0.983102739 0.063398086 0.171725541 -0.019828171 -0.062981814 0.997983575 -0.007876869 -0.031835824 -0.171878681 -0.003071815 0.985113382 1.992471218
0.979964137 0.061707910 0.189373806 -0.017021418 -0.061034434 0.998091459 -0.009391952 -0.031864636 -0.189591974 -0.002354545 0.981860161 2.002134323
0.976058066 0.061161906 0.208734021 -0.014447898 -0.060547415 0.998121679 -0.009338326 -0.032398373 -0.208913133 -0.003523559 0.977927864 2.011547804
0.971419573 0.060989883 0.229399964 -0.011523575 -0.060167085 0.998132169 -0.010586227 -0.032632083 -0.229617134 -0.003518660 0.973274648 2.021944284
0.966085732 0.062434740 0.250559986 -0.008876920 -0.061212543 0.998044252 -0.012675871 -0.033041708 -0.250861377 -0.003091436 0.968018115 2.031391382
0.959769785 0.063747041 0.273456007 -0.005786538 -0.062029175 0.997962594 -0.014932675 -0.033029508 -0.273850769 -0.002630320 0.961768568 2.041471958
0.952573538 0.064053752 0.297490865 -0.001604795 -0.062034220 0.997941911 -0.016235014 -0.033131771 -0.297918528 -0.002989569 0.954586565 2.050855398
0.943856299 0.066656947 0.323561490 0.002309203 -0.064658448 0.997763693 -0.016935242 -0.033653807 -0.323966801 -0.004936549 0.946055591 2.060971260
0.934059620 0.068220556 0.350540519 0.006886125 -0.066165432 0.997648954 -0.017851567 -0.034200594 -0.350934207 -0.006519238 0.936377406 2.070261002
0.922893047 0.068879128 0.378845692 0.011608124 -0.066563122 0.997596979 -0.019224126 -0.034575276 -0.379259527 -0.007475337 0.925260067 2.079650879
0.910066724 0.066654786 0.409066886 0.016833603 -0.063675255 0.997751415 -0.020916350 -0.035241749 -0.409541249 -0.007012163 0.912264645 2.088741302
0.895194530 0.063490994 0.441130131 0.022891104 -0.059229106 0.997969151 -0.023440875 -0.035854105 -0.441722542 -0.005143602 0.897137046 2.097865820
0.877934456 0.061885942 0.474764347 0.029560089 -0.055428322 0.998081028 -0.027602650 -0.036163770 -0.475561559 -0.002082073 0.879680037 2.106802464
0.858096659 0.064161196 0.509463906 0.035809159 -0.055208400 0.997939527 -0.032690924 -0.036466893 -0.510511637 -0.000074715 0.859870851 2.115643024
0.836368203 0.064987645 0.544302344 0.043411493 -0.053600822 0.997884810 -0.036781352 -0.037122771 -0.545541406 0.001587699 0.838082433 2.124791622
0.811720014 0.066943333 0.580197692 0.051478744 -0.053549334 0.997755587 -0.040203560 -0.037723579 -0.581586897 0.001564834 0.813482761 2.134192944
0.784211278 0.070567332 0.616468191 0.060161471 -0.056106023 0.997506559 -0.042812284 -0.038394164 -0.617952168 -0.001013709 0.786215007 2.143504858
0.754305601 0.074129879 0.652324855 0.069869995 -0.059070788 0.997238100 -0.045020070 -0.039236959 -0.653860509 -0.004574450 0.756601214 2.152990103
0.720823944 0.075435556 0.689000905 0.080234766 -0.058751535 0.997132003 -0.047706336 -0.039808687 -0.690623701 -0.006091996 0.723188639 2.162430048
0.684233189 0.072309971 0.725669324 0.091759086 -0.054496080 0.997359693 -0.047998454 -0.040829718 -0.727224112 -0.006704004 0.686367273 2.171355009
0.644955516 0.070709914 0.760941744 0.104749084 -0.051200751 0.997471154 -0.049292721 -0.041605845 -0.762503028 -0.007169179 0.646945000 2.180648565
0.602289975 0.070193142 0.795185208 0.118633151 -0.048714969 0.997501910 -0.051154442 -0.042253878 -0.796789646 -0.007927615 0.604204953 2.189911842
0.555869102 0.069467321 0.828362226 0.134356022 -0.044304550 0.997561574 -0.053926166 -0.043041755 -0.830088317 -0.006724325 0.557591379 2.199381590
0.507614076 0.067664318 0.858923435 0.149498045 -0.040711075 0.997681558 -0.054535620 -0.044453565 -0.860622168 -0.007284651 0.509191930 2.206151485
0.458283454 0.065183803 0.886412680 0.165837944 -0.038340371 0.997828662 -0.053554639 -0.045788102 -0.887978733 -0.009442182 0.459787577 2.213667154
0.409326702 0.062446658 0.910248399 0.185255051 -0.038020529 0.997955859 -0.051366404 -0.047278602 -0.911595345 -0.013582485 0.410864204 2.220411301
0.359054029 0.061808504 0.931267858 0.203958809 -0.041134678 0.997883201 -0.050370131 -0.048580639 -0.932409883 -0.020221805 0.360836416 2.226571083
0.309158623 0.062295221 0.948967993 0.222864389 -0.038819849 0.997847199 -0.052857026 -0.049154904 -0.950217783 -0.020497590 0.310911417 2.231783867
0.261699140 0.058762353 0.963358998 0.243190706 -0.028825240 0.998175442 -0.053055603 -0.051018648 -0.964718878 -0.013884449 0.262915432 2.235724449
0.217984378 0.052197300 0.974555433 0.264496177 -0.015584350 0.998627543 -0.050000772 -0.052736823 -0.975827813 -0.004288429 0.218498677 2.238237619
0.175627798 0.051594444 0.983103633 0.285270452 -0.004994312 0.998659492 -0.051518608 -0.053326018 -0.984443903 0.004138174 0.175650045 2.240396738
0.137104586 0.053081177 0.989133298 0.307741761 -0.001351410 0.998572171 -0.053400390 -0.054280881 -0.990555525 0.005984715 0.136980549 2.242578745
0.104392141 0.053654399 0.993087828 0.330365568 0.007587394 0.998471677 -0.054742850 -0.055956241 -0.994507253 0.013249670 0.103825495 2.243659496
0.075831294 0.052269574 0.995749652 0.353803158 0.015108051 0.998450279 -0.053561881 -0.057360783 -0.997006178 0.019105505 0.074924082 2.244115829
0.050271600 0.050079599 0.997479200 0.377498358 0.021779120 0.998449564 -0.051225957 -0.059075568 -0.998498023 0.024299428 0.049102966 2.244614363
0.030686956 0.049375165 0.998308778 0.401612490 0.026736630 0.998381197 -0.050200600 -0.060150519 -0.999171376 0.028231913 0.029317154 2.244410753
0.014596804 0.051276486 0.998577952 0.426907212 0.029378578 0.998230994 -0.051688127 -0.061561197 -0.999461710 0.030091275 0.013064556 2.244245052
0.001455223 0.050538525 0.998721063 0.451999843 0.029798269 0.998276412 -0.050559446 -0.063316606 -0.999554813 0.029833732 -0.000053244 2.243834496
-0.009379674 0.051670767 0.998620152 0.477471113 0.030706527 0.998208046 -0.051361024 -0.064817265 -0.999484479 0.030182408 -0.010949493 2.242921352
-0.019339364 0.054707523 0.998315215 0.504930794 0.035811666 0.997899055 -0.053990979 -0.066382892 -0.999171436 0.034707177 -0.021257905 2.242029428
-0.025576236 0.056758359 0.998060226 0.531711340 0.040433291 0.997628689 -0.055697668 -0.067782283 -0.998854935 0.038930319 -0.027810510 2.240854979
-0.030577952 0.056197353 0.997951329 0.559549212 0.040821772 0.997655392 -0.054929879 -0.069436483 -0.998698354 0.039058495 -0.032800335 2.239764452
-0.034008279 0.053518388 0.997987568 0.587260127 0.038442623 0.997896254 -0.052203480 -0.070880026 -0.998681903 0.036589909 -0.035994120 2.238836288
-0.036441334 0.046517920 0.998252571 0.615853667 0.036220737 0.998321056 -0.045198873 -0.072651118 -0.998679161 0.034510333 -0.038065072 2.238103151
-0.038133994 0.040988408 0.998431623 0.645607948 0.037598684 0.998509765 -0.039555583 -0.074268803 -0.998565018 0.036031306 -0.039618265 2.236738205
-0.038046937 0.038384642 0.998538435 0.674978971 0.040088236 0.998516202 -0.036856316 -0.075778432 -0.998471498 0.038627379 -0.039529253 2.235018730
-0.038107470 0.040590774 0.998448849 0.704078615 0.043584600 0.998291314 -0.038920879 -0.077499583 -0.998322666 0.042033821 -0.039811488 2.233809471
-0.037480276 0.047979925 0.998144865 0.734122634 0.044206388 0.997948468 -0.046310537 -0.078922987 -0.998319089 0.042388648 -0.039524402 2.232434750
-0.035133738 0.056184143 0.997802138 0.764241278 0.045109544 0.997490108 -0.054578219 -0.080351725 -0.998364031 0.043092858 -0.037579991 2.231441736
-0.032864589 0.056562312 0.997858047 0.795156419 0.045439925 0.997449458 -0.055042587 -0.082379594 -0.998426199 0.043533638 -0.035350963 2.230180979
-0.030218935 0.052403994 0.998168647 0.826694369 0.045112252 0.997678518 -0.051012531 -0.084000058 -0.998524785 0.043488089 -0.032512847 2.229088068
-0.028179653 0.046022329 0.998542786 0.858597875 0.044532955 0.998005569 -0.044740796 -0.085963510 -0.998610377 0.043207280 -0.030172961 2.228066444
-0.025221985 0.044659626 0.998683810 0.889952123 0.042707559 0.998137712 -0.043556612 -0.087765634 -0.998769164 0.041552763 -0.027082318 2.227357149
-0.021923963 0.050322775 0.998492360 0.921377361 0.049817309 0.997546732 -0.049181275 -0.089487806 -0.998517632 0.048663955 -0.024377123 2.225810051
-0.018592354 0.055570938 0.998281538 0.951939166 0.052251145 0.997143865 -0.054534450 -0.091650307 -0.998460889 0.051147439 -0.021442898 2.225290060
-0.016713608 0.055935401 0.998294473 0.983458340 0.046073627 0.997416437 -0.055114839 -0.093484208 -0.998798192 0.045073878 -0.019247575 2.225574255
-0.013569904 0.052425537 0.998532534 1.014523983 0.041870963 0.997778475 -0.051816918 -0.095488191 -0.999030888 0.041106373 -0.015734863 2.225669384
-0.008694841 0.049322937 0.998745143 1.046540976 0.045958545 0.997747123 -0.048873547 -0.097359747 -0.998905480 0.045475923 -0.010942062 2.225250244
-0.005401636 0.049629696 0.998753071 1.078435063 0.050459247 0.997508764 -0.049294971 -0.100030176 -0.998711467 0.050130051 -0.007892460 2.224982262
-0.002191351 0.054400157 0.998516798 1.109679103 0.050174598 0.997267485 -0.054221984 -0.101783186 -0.998737991 0.049981363 -0.004914870 2.224152565
0.001177630 0.055026133 0.998484135 1.141368151 0.046186686 0.997416317 -0.055021759 -0.103921935 -0.998932004 0.046181474 -0.001366888 2.224609375
0.005300471 0.054786500 0.998484015 1.173239350 0.045661505 0.997443259 -0.054971788 -0.105751380 -0.998942912 0.045883652 0.002785285 2.224452019
0.008489817 0.051433224 0.998640358 1.204725504 0.049473759 0.997431695 -0.051791567 -0.108071581 -0.998739362 0.049846195 0.005923417 2.224830389
0.011840248 0.051936068 0.998580277 1.236081481 0.053671069 0.997177660 -0.052499492 -0.110255547 -0.998488486 0.054216478 0.009019366 2.225156546
0.015398532 0.052496929 0.998502433 1.267560005 0.056603950 0.996973574 -0.053289469 -0.112633862 -0.998277962 0.057339769 0.012380395 2.225264788
0.018266832 0.052498084 0.998453975 1.299890161 0.057212017 0.996929407 -0.053464636 -0.114661470 -0.998194933 0.058100197 0.015207222 2.225925922
0.022274481 0.051412798 0.998429060 1.331922293 0.058645248 0.996889889 -0.052641895 -0.116445847 -0.998030365 0.059725694 0.019190094 2.225574732
0.026020259 0.050267164 0.998396754 1.363671422 0.060790762 0.996806979 -0.051771451 -0.118652560 -0.997811377 0.062040407 0.022881398 2.226102591
0.027681470 0.050888468 0.998320639 1.396112442 0.059052460 0.996875882 -0.052452229 -0.120582260 -0.997871041 0.060405251 0.024589902 2.228478909
0.031612620 0.052492067 0.998120844 1.427437186 0.056236930 0.996944606 -0.054211352 -0.122407354 -0.997916937 0.057845019 0.028564043 2.228805065
0.034706570 0.052507602 0.998017251 1.459989905 0.058204070 0.996817648 -0.054468568 -0.124722630 -0.997701168 0.059979077 0.031539969 2.229199886
0.037354097 0.051978916 0.997949421 1.492258310 0.055663906 0.996987522 -0.054012369 -0.127025634 -0.997750461 0.057567336 0.034348223 2.230485678
0.039278634 0.052369680 0.997855008 1.525019884 0.054123849 0.997048080 -0.054457814 -0.129110724 -0.997761428 0.056146774 0.036328234 2.232269526
0.042706557 0.052773032 0.997692883 1.558009744 0.051176943 0.997177362 -0.054936416 -0.130953982 -0.997776091 0.053405017 0.039885253 2.233675718
0.045835156 0.054479312 0.997462332 1.589815497 0.050252430 0.997121751 -0.056769896 -0.133415833 -0.997684240 0.052726969 0.042965509 2.234930992
0.049017593 0.058164354 0.997102916 1.622977257 0.049325097 0.996943891 -0.060579900 -0.135586560 -0.997579277 0.052151684 0.045998819 2.236673117
0.052381504 0.060191359 0.996811569 1.655761242 0.050055347 0.996768892 -0.062819138 -0.137948051 -0.997371912 0.053186301 0.049199354 2.238618612
0.055749498 0.062474731 0.996488273 1.689246893 0.043907814 0.996921420 -0.064958349 -0.140252009 -0.997478902 0.047375016 0.052834745 2.240336418
0.057674646 0.062029950 0.996406496 1.722556472 0.039748076 0.997133791 -0.064375959 -0.142577514 -0.997543812 0.043318108 0.055043772 2.243143559
0.061289441 0.062653698 0.996151567 1.755671382 0.041947071 0.996984482 -0.065286927 -0.145082876 -0.997238159 0.045787044 0.058476485 2.244837284
0.065303825 0.063690610 0.995830715 1.788991213 0.041327462 0.996932149 -0.066471182 -0.147717699 -0.997009277 0.045495987 0.062471300 2.246714354
0.069077358 0.064740948 0.995508313 1.822995067 0.036634598 0.997054279 -0.067383528 -0.150345773 -0.996938467 0.041124728 0.066502117 2.249320269
0.073524311 0.062772028 0.995315969 1.857929349 0.035542201 0.997218311 -0.065517507 -0.152874410 -0.996660054 0.040192854 0.071088731 2.251702309
0.078494385 0.062333159 0.994963944 1.890674233 0.035718430 0.997226655 -0.065292805 -0.155924961 -0.996274590 0.040663671 0.076050259 2.254055262
0.083776742 0.065965615 0.994298816 1.924254060 0.033211354 0.997067273 -0.068947591 -0.158158258 -0.995930910 0.038798220 0.081340253 2.257044315
0.088755161 0.074667543 0.993250906 1.959437370 0.030894579 0.996500134 -0.077672482 -0.161155224 -0.995574176 0.037579898 0.086137712 2.261635780
0.096926406 0.078932807 0.992156625 1.993201852 0.029406492 0.996187985 -0.082126327 -0.164429098 -0.994857073 0.037136056 0.094235785 2.263847113
0.103528582 0.082112059 0.991231382 2.028323889 0.024043849 0.996088624 -0.085025683 -0.167701259 -0.994335771 0.032635596 0.101149358 2.268460512
0.110663608 0.080600426 0.990584254 2.061976433 0.020462342 0.996309996 -0.083352298 -0.170787200 -0.993647218 0.029493740 0.108605996 2.272540569
0.118268162 0.079552375 0.989789844 2.097309351 0.019952973 0.996393979 -0.082467303 -0.173665151 -0.992781162 0.029502509 0.116254359 2.276930809
0.125359461 0.076020658 0.989194572 2.132382631 0.019155968 0.996688664 -0.079024211 -0.177292317 -0.991926491 0.028855411 0.123488106 2.281363487
0.132277027 0.070287094 0.988717556 2.166171551 0.015531212 0.997213244 -0.072968900 -0.180598974 -0.991091132 0.025008094 0.130816758 2.286214828
0.140115023 0.062475182 0.988162220 2.200812340 0.014616694 0.997768044 -0.065155044 -0.183304742 -0.990027368 0.023572862 0.138889104 2.290735006
0.148069367 0.059818424 0.987166286 2.234892368 0.015987832 0.997893870 -0.062866561 -0.185692176 -0.988847733 0.025091257 0.146801114 2.295959473
0.155091941 0.061814312 0.985964239 2.270069838 0.015284849 0.997770786 -0.064958826 -0.188601270 -0.987781823 0.025144901 0.153801352 2.302040815
0.160648614 0.068148203 0.984656215 2.302989721 0.015303870 0.997321606 -0.071521625 -0.191621110 -0.986892998 0.026558900 0.159175396 2.307126999
0.165467113 0.071930051 0.983588696 2.336676836 0.013524141 0.997077346 -0.075191602 -0.194468006 -0.986122549 0.025743928 0.164010704 2.313436985
0.170755014 0.075049683 0.982451260 2.369364738 0.012630306 0.996846318 -0.078344546 -0.197419479 -0.985232532 0.025786381 0.169268608 2.318775177
0.176426947 0.074736185 0.981472373 2.401824474 0.011098264 0.996898949 -0.077905878 -0.199887395 -0.984251142 0.024637332 0.175050393 2.324943781
0.181810141 0.072025508 0.980692327 2.434136391 0.014843640 0.996999264 -0.075974993 -0.202614814 -0.983221591 0.028370071 0.180195451 2.330336094
0.186288625 0.065394260 0.980316341 2.467136860 0.015462377 0.997463763 -0.069476403 -0.205608949 -0.982373357 0.028100690 0.184805021 2.336726189
0.189391822 0.058926169 0.980131865 2.498379707 0.012694196 0.997967303 -0.062451355 -0.208746716 -0.981819510 0.024269762 0.188258812 2.342749357
0.192616537 0.055635575 0.979695559 2.530927896 0.010295755 0.998221815 -0.058711883 -0.211068287 -0.981220067 0.021395586 0.191701218 2.350070715
0.195553869 0.055563901 0.979117632 2.561637402 0.008405176 0.998262048 -0.058329042 -0.213668138 -0.980656981 0.019636126 0.194746956 2.356496811
0.197463661 0.057747383 0.978607833 2.591591835 0.005707354 0.998178840 -0.060053896 -0.216118515 -0.980293512 0.017443728 0.196774453 2.362491608
0.198850617 0.062389191 0.978042006 2.622416496 0.002408795 0.997937441 -0.064148076 -0.218201846 -0.980026841 0.015111784 0.198290214 2.369384766
0.201457813 0.065941088 0.977275014 2.652385950 0.001539971 0.997708738 -0.067637295 -0.221243709 -0.979496002 0.015131035 0.200894669 2.375380754
0.203739122 0.071280681 0.976426899 2.681826115 0.000835843 0.997332990 -0.072981261 -0.223749578 -0.979024827 0.015685279 0.203136191 2.381602764
0.203962743 0.073103473 0.976245403 2.709802628 0.000951672 0.997192919 -0.074870884 -0.226701006 -0.978978157 0.016199939 0.203320608 2.388322592
0.206342697 0.072991230 0.975753605 2.739349365 -0.001263883 0.997232854 -0.074330710 -0.229124457 -0.978478968 0.014104362 0.205863968 2.394098282
0.206597298 0.070454568 0.975886166 2.767933607 -0.001149812 0.997420847 -0.071765862 -0.231566638 -0.978425384 0.013704545 0.206145450 2.400553226
0.207134888 0.067312025 0.975993991 2.796299458 -0.001463156 0.997650385 -0.068495087 -0.234771490 -0.978311300 0.012759688 0.206746697 2.406424522
0.207544580 0.066090971 0.975990355 2.823807001 0.000430926 0.997708917 -0.067653298 -0.236879140 -0.978225410 0.014461658 0.207040593 2.412222624
0.206220895 0.064772688 0.976359308 2.850847244 0.000563882 0.997798681 -0.066314101 -0.239157766 -0.978505254 0.014225905 0.205730438 2.417728901
0.204794407 0.066108204 0.976569891 2.876874924 -0.000844555 0.997728169 -0.067363366 -0.241333872 -0.978804648 0.012970875 0.204384983 2.422740459
0.201744214 0.068702295 0.977025747 2.902837992 -0.001460206 0.997556865 -0.069844484 -0.243920207 -0.979437113 0.012664061 0.201351613 2.428761482
0.200488016 0.072695710 0.976995349 2.929175854 0.001185887 0.997224391 -0.074444287 -0.246157661 -0.979695439 0.016083788 0.199845359 2.433775902
0.198554680 0.073545322 0.977326512 2.954870224 0.003644147 0.997118235 -0.075775042 -0.248279691 -0.980083048 0.018607011 0.197714508 2.439019442
0.196297631 0.072857819 0.977833927 2.980032921 0.002529275 0.997194648 -0.074808143 -0.250138313 -0.980541050 0.017157866 0.195562676 2.443979740
0.193969086 0.069452949 0.978545964 3.004349709 0.002422488 0.997453749 -0.071275115 -0.252705991 -0.981004655 0.016195688 0.193306953 2.448720932
0.192101553 0.065174989 0.979208469 3.028739452 0.003225479 0.997744977 -0.067041524 -0.254904449 -0.981369674 0.016037198 0.191458151 2.453112602
0.189770848 0.064482205 0.979708612 3.052554131 0.006584555 0.997734964 -0.066944093 -0.256973714 -0.981806397 0.019154986 0.188916385 2.457930565
0.188964352 0.065469749 0.979799092 3.075370550 0.010044103 0.997593999 -0.068595923 -0.259152234 -0.981932521 0.022803389 0.187852144 2.461301088
0.186363503 0.067674287 0.980147362 3.099184752 0.015096519 0.997309864 -0.071729705 -0.260927737 -0.982364833 0.028164614 0.184840530 2.465501785
0.184479207 0.069667056 0.980364144 3.122203827 0.014296917 0.997188807 -0.073552981 -0.262784004 -0.982732475 0.027585179 0.182964593 2.470141649
0.183671311 0.071453966 0.980387211 3.145527363 0.014326726 0.997053981 -0.075352736 -0.265445620 -0.982883275 0.027885875 0.182106495 2.474092245
0.181807131 0.070150048 0.980828822 3.167685986 0.015418475 0.997126222 -0.074173629 -0.267198622 -0.983213305 0.028608184 0.180203021 2.478749990
0.182492718 0.069036156 0.980780542 3.192032814 0.021628734 0.997008741 -0.074202865 -0.268828124 -0.982969284 0.034754526 0.180453643 2.482521296
0.184646249 0.067517556 0.980483174 3.214745998 0.026278377 0.996941686 -0.073599704 -0.270296991 -0.982453704 0.039355416 0.182307273 2.486663342
0.186559603 0.067403167 0.980128765 3.238053083 0.027945604 0.996876001 -0.073874108 -0.272345901 -0.982046068 0.041172210 0.184093133 2.490871906
0.190242782 0.066335075 0.979493380 3.262359142 0.026577905 0.997000873 -0.072682850 -0.274718344 -0.981377184 0.039860271 0.187909201 2.495460033
0.195731565 0.066723734 0.978384852 3.285665512 0.025747199 0.996989071 -0.073143363 -0.276822746 -0.980319381 0.039507139 0.193424270 2.500178337
0.202161238 0.065943666 0.977129638 3.308440447 0.026625307 0.996991634 -0.072792687 -0.278748035 -0.978990257 0.040732235 0.199797288 2.505542755
0.209549025 0.066537589 0.975531578 3.333212376 0.023904826 0.997035146 -0.073139146 -0.280522734 -0.977505863 0.038646158 0.207337171 2.510455132
0.218010351 0.064182214 0.973833740 3.357776642 0.024032710 0.997179508 -0.071101017 -0.282831281 -0.975650430 0.038904618 0.215852976 2.516196728
0.227453187 0.063991837 0.971684039 3.382102013 0.020741817 0.997293711 -0.070533663 -0.284916490 -0.973568022 0.036197610 0.225510329 2.521705389
0.236931637 0.063329704 0.969460011 3.406577110 0.020140873 0.997338414 -0.070073202 -0.287164778 -0.971317530 0.036128327 0.235025495 2.528217793
0.246464998 0.066828802 0.966844797 3.431288719 0.014881642 0.997241139 -0.072723389 -0.289270610 -0.969037414 0.032312017 0.244790524 2.535208464
0.255570471 0.069388419 0.964297116 3.457046986 0.011217850 0.997141063 -0.074724898 -0.291373789 -0.966725349 0.029914819 0.254061401 2.542836189
0.266689807 0.072505191 0.961051226 3.481527805 0.006992687 0.996994436 -0.077157319 -0.293161124 -0.963757038 0.027297402 0.265381128 2.549510717
0.277018458 0.074288562 0.957988501 3.507215500 0.005492524 0.996868074 -0.078891791 -0.295624644 -0.960848927 0.027116254 0.275742799 2.557101250
0.286873251 0.074564077 0.955062330 3.533241987 0.002420465 0.996906579 -0.078558028 -0.298254967 -0.957965493 0.024847882 0.285805285 2.565148830
0.296936750 0.075444177 0.951912165 3.559161663 0.001276768 0.996841729 -0.079403378 -0.300254613 -0.954896271 0.024793150 0.295902699 2.573970318
0.306918055 0.076785699 0.948633373 3.586211681 -0.003579483 0.996826172 -0.079528496 -0.302492261 -0.951729178 0.021013120 0.306218833 2.583318233
0.317674190 0.071928918 0.945467770 3.613714695 -0.002710082 0.997183383 -0.074952744 -0.304670483 -0.948196054 0.021248257 0.316974342 2.592669487
0.328127205 0.065356836 0.942369819 3.640717506 -0.000048170 0.997604787 -0.069170810 -0.306852669 -0.944633543 0.022651436 0.327344418 2.602196693
0.339423597 0.060577068 0.938681006 3.669074774 0.001947601 0.997876704 -0.065101467 -0.309437335 -0.940631628 0.023925152 0.338584930 2.612338543
0.349433839 0.057360385 0.935203552 3.697362900 0.001573576 0.998086929 -0.061805271 -0.311412752 -0.936959803 0.023068465 0.348675132 2.623672962
0.358839303 0.055110015 0.931770921 3.725671768 0.007678430 0.998047471 -0.061987039 -0.313305825 -0.933367789 0.029397929 0.357715547 2.634287119
0.367765635 0.049902987 0.928578496 3.756630182 0.014174102 0.998142183 -0.059255119 -0.315346152 -0.929810464 0.034953758 0.366375178 2.645916939
0.374776810 0.040442128 0.926232636 3.787025213 0.023957189 0.998292089 -0.053282145 -0.317233056 -0.926805615 0.042158842 0.373167872 2.657605886
0.381902844 0.036236398 0.923491836 3.817163944 0.028497253 0.998294234 -0.050956346 -0.319536477 -0.923763037 0.045777351 0.380218804 2.669555187
0.389044046 0.036204394 0.920507491 3.847307682 0.031139964 0.998139560 -0.052418754 -0.321654677 -0.920692742 0.049057774 0.387192875 2.682174206
0.397113949 0.042392313 0.916789711 3.877557278 0.033791885 0.997579932 -0.060765240 -0.323490977 -0.917147040 0.055110779 0.394720316 2.694931030
0.404732496 0.046451714 0.913254559 3.907619715 0.037794765 0.997005820 -0.067461364 -0.325678706 -0.913653791 0.061820053 0.401764989 2.707220078
0.409700781 0.049374267 0.910882831 3.936458826 0.034591101 0.996975064 -0.069599427 -0.328212172 -0.911563873 0.060023382 0.406753570 2.720059633
0.414358884 0.050384477 0.908717811 3.967699289 0.029311059 0.997209668 -0.068656281 -0.330379874 -0.909641445 0.055083822 0.411725938 2.735450506
0.418162763 0.054262832 0.906749964 3.996632814 0.022881545 0.997268200 -0.070231937 -0.332745671 -0.908083856 0.050116230 0.415778846 2.749470711
0.422291309 0.057078090 0.904661298 4.026746273 0.021787768 0.997088134 -0.073080011 -0.336216301 -0.906198323 0.050571613 0.419817984 2.764120579
0.426315188 0.061589263 0.902475476 4.054701805 0.018162355 0.996895492 -0.076612540 -0.338775575 -0.904392302 0.049052175 0.423873067 2.777272224
0.429547399 0.064582892 0.900731981 4.082025051 0.015655767 0.996756911 -0.078933962 -0.341180801 -0.902908623 0.048007533 0.427143216 2.790537596
0.433834404 0.063091539 0.898780942 4.109827518 0.014747754 0.996914387 -0.077098817 -0.343748897 -0.900871992 0.046703115 0.431565285 2.803816557
0.437889636 0.059598893 0.897051096 4.136970043 0.016296141 0.997110128 -0.074201539 -0.346540302 -0.898881078 0.047110558 0.435652912 2.816792488
0.441118240 0.057220057 0.895623028 4.163786411 0.015197700 0.997346044 -0.071204260 -0.349320650 -0.897320330 0.045020919 0.439077944 2.830286741
0.444894493 0.056024365 0.893828928 4.191064835 0.014266075 0.997471452 -0.069621384 -0.352280766 -0.895469308 0.043725602 0.442970395 2.843665123
0.447972298 0.057794996 0.892177343 4.217488766 0.012194807 0.997420549 -0.070735753 -0.354760945 -0.893964291 0.042567588 0.446111917 2.857555866
0.451134026 0.058584750 0.890531301 4.243517876 0.013921070 0.997259617 -0.072658293 -0.356698364 -0.892347574 0.045175780 0.449082315 2.870362759
0.453044742 0.056654900 0.889685810 4.268707275 0.015348457 0.997334957 -0.071325697 -0.359463185 -0.891355693 0.045969028 0.450967848 2.883051395
0.455104351 0.055365983 0.888715148 4.293915749 0.017337373 0.997324884 -0.071010590 -0.362230152 -0.890269339 0.047725212 0.452926993 2.895796299
0.456771493 0.055138309 0.887873530 4.318796635 0.016691418 0.997370362 -0.070525214 -0.364426613 -0.889427483 0.047033787 0.454649985 2.909003973
0.458555818 0.054098271 0.887017429 4.342746258 0.017071893 0.997424841 -0.069657460 -0.367769182 -0.888501585 0.047084898 0.456451446 2.921450138
0.461306393 0.056002948 0.885471582 4.366660595 0.017790383 0.997221410 -0.072339021 -0.369191676 -0.887062550 0.049123339 0.459028304 2.933945656
0.464389145 0.056156628 0.883849025 4.390060902 0.019383568 0.997104108 -0.073536903 -0.372344643 -0.885419130 0.051281884 0.461955816 2.945636034
0.467340857 0.055502173 0.882333219 4.413006306 0.021510329 0.997018039 -0.074109554 -0.374356687 -0.883815408 0.053613715 0.464753419 2.957854271
0.470577180 0.053956058 0.880707502 4.435952187 0.024125822 0.996968567 -0.073969573 -0.376798064 -0.882028937 0.056056187 0.467848927 2.969861507
0.473730832 0.052771509 0.879087150 4.458604813 0.025887538 0.996937275 -0.073796548 -0.379167348 -0.880289078 0.057717107 0.470913798 2.982239246
0.477551877 0.052368835 0.877041399 4.479334354 0.026914144 0.996881604 -0.074179433 -0.380924284 -0.878191233 0.059029344 0.474653304 2.992755890
0.480523735 0.051513519 0.875467539 4.501239300 0.027849892 0.996873438 -0.073943362 -0.383384585 -0.876539350 0.059913214 0.477586806 3.005556822
0.483932883 0.050880238 0.873624742 4.523208618 0.028761590 0.996844232 -0.073988684 -0.386008650 -0.874632359 0.060932409 0.480942339 3.017329216
0.487845689 0.052322015 0.871360481 4.543968678 0.028111011 0.996742606 -0.075589180 -0.388030350 -0.872477114 0.061370686 0.484785825 3.028535366
0.491839647 0.052497562 0.869101763 4.564850330 0.030517671 0.996527791 -0.077465139 -0.390184730 -0.870150864 0.064623378 0.488529831 3.041268826
0.496459872 0.055675663 0.866272390 4.585093021 0.028036999 0.996391952 -0.080106467 -0.392685652 -0.867606819 0.064057328 0.493107647 3.053421974
0.502354681 0.061707139 0.862456977 4.605971336 0.024205524 0.996055603 -0.085364848 -0.395155787 -0.864322782 0.063759655 0.498879641 3.064893723
0.507788718 0.068893321 0.858722389 4.626550198 0.019422399 0.995628417 -0.091362000 -0.397161245 -0.861262679 0.063071050 0.504230738 3.078157902
0.514444053 0.075294957 0.854211867 4.646762371 0.013531955 0.995300889 -0.095880859 -0.399557054 -0.857417226 0.060884487 0.511007726 3.089745283
0.520583510 0.079617441 0.850090504 4.667365551 0.010450451 0.994973958 -0.099586584 -0.402207673 -0.853746831 0.060726956 0.517135024 3.103496552
0.527477264 0.080553971 0.845741510 4.687880039 0.005768698 0.995132089 -0.098380752 -0.403846741 -0.849549651 0.056772433 0.524444878 3.114312887
0.530578315 0.079393715 0.843909562 4.709236145 -0.000677276 0.995643139 -0.093242779 -0.407166541 -0.847635746 0.048901036 0.528320432 3.131867170
0.537488222 0.076733232 0.839772820 4.729496479 -0.006579460 0.996202648 -0.086815700 -0.409815937 -0.843245566 0.041137170 0.535952032 3.143716097
0.543138921 0.075369567 0.836253285 4.750348091 -0.013765481 0.996628463 -0.080883265 -0.412124753 -0.839530051 0.032419421 0.542345166 3.157783270
0.548814893 0.073355943 0.832719088 4.772489071 -0.016448257 0.996897042 -0.076978266 -0.414892763 -0.835782111 0.028550036 0.548318505 3.173830748
0.555753231 0.076995857 0.827773988 4.793872356 -0.020836130 0.996679187 -0.078717642 -0.416870236 -0.831086159 0.026499979 0.555511951 3.187751055
0.561766863 0.081280380 0.823293030 4.815626144 -0.025136754 0.996379375 -0.081216648 -0.418639928 -0.826913714 0.024929905 0.561776102 3.203535557
0.567876101 0.084337860 0.818781912 4.838898659 -0.027975142 0.996139824 -0.083203919 -0.421841353 -0.822638512 0.024343977 0.568043351 3.219513655
0.574649215 0.086560972 0.813809216 4.861507416 -0.029692797 0.995941341 -0.084966712 -0.424164563 -0.817860961 0.024661781 0.574887097 3.235462189
0.581248641 0.087168455 0.809043646 4.884857178 -0.033196300 0.995958269 -0.083457582 -0.427111924 -0.813048482 0.021652352 0.581793129 3.252243519
0.588315904 0.089036956 0.803714454 4.907831192 -0.039251894 0.995892406 -0.081594542 -0.430065304 -0.807677865 0.016456064 0.589394212 3.268704891
0.595666647 0.085577801 0.798659921 4.931417942 -0.037484296 0.996186614 -0.078786097 -0.433791488 -0.802356660 0.016993051 0.596602976 3.286549091
0.602001607 0.085566677 0.793896854 4.955807209 -0.040062457 0.996226251 -0.076995015 -0.434900403 -0.797489226 0.014545666 0.603157938 3.306610346
