0.999998689 0.000837803 0.001399668 -0.000275759 -0.000831471 0.999989390 -0.004518648 -0.000203246 -0.001403439 0.004517477 0.999988794 0.085154593
0.999996841 -0.001380346 0.002100159 -0.000162633 0.001391759 0.999984145 -0.005442789 -0.000004284 -0.002092612 0.005445696 0.999982893 0.169682488
0.999992728 -0.002859757 0.002498105 -0.000510939 0.002863085 0.999994993 -0.001329679 -0.000177764 -0.002494289 0.001336822 0.999996006 0.254527658
0.999985635 -0.005077494 0.001724100 -0.000247572 0.005069115 0.999975502 0.004829859 -0.000413232 -0.001748582 -0.004821050 0.999986827 0.339001149
0.999962330 -0.008664304 0.000399795 -0.000257090 0.008662314 0.999951243 0.004734667 -0.000158033 -0.000440799 -0.004731026 0.999988735 0.422392607
0.999937654 -0.011160095 -0.000321458 -0.000407603 0.011160658 0.999936104 0.001810811 0.000205357 0.000301229 -0.001814287 0.999998331 0.505230963
0.999931574 -0.011667415 -0.000870402 -0.001164090 0.011666119 0.999930918 -0.001479176 0.000243434 0.000887600 0.001468920 0.999998569 0.588204384
0.999931037 -0.011565474 -0.002044677 -0.000657811 0.011561210 0.999930918 -0.002085567 0.000358538 0.002068656 0.002061784 0.999995708 0.670174301
0.999933362 -0.011199951 -0.002826703 -0.001889930 0.011200252 0.999937236 0.000090834 -0.000095258 0.002825508 -0.000122488 0.999995887 0.752659678
0.999931037 -0.011103084 -0.003811344 -0.001591840 0.011112854 0.999934971 0.002551566 0.000321765 0.003782765 -0.002593745 0.999989510 0.833842218
0.999930978 -0.010844390 -0.004512776 -0.002383613 0.010862215 0.999933183 0.003944390 0.000630093 0.004469700 -0.003993137 0.999982119 0.916694522
0.999908805 -0.012340294 -0.005479905 -0.002508788 0.012367114 0.999911547 0.004887719 0.000873437 0.005419104 -0.004955044 0.999973059 0.997249007
0.999908924 -0.012197616 -0.005778881 -0.003931900 0.012227083 0.999912262 0.005091554 0.000668012 0.005716269 -0.005161749 0.999970436 1.077449799
0.999883473 -0.013357542 -0.007385316 -0.003237574 0.013382775 0.999904692 0.003377899 0.001849402 0.007339492 -0.003476341 0.999967039 1.158817053
0.999873340 -0.013403801 -0.008578878 -0.004164963 0.013422451 0.999907672 0.002120199 0.001049609 0.008549666 -0.002235080 0.999960959 1.238048792
0.999838829 -0.015002622 -0.009858007 -0.006109082 0.015003448 0.999887466 0.000009856 0.002465460 0.009856747 -0.000157759 0.999951422 1.317709923
0.999810338 -0.015350161 -0.011983361 -0.006665866 0.015347833 0.999882221 -0.000286332 0.002002756 0.011986343 0.000102359 0.999928236 1.397600055
0.999821663 -0.013365745 -0.013338718 -0.008415495 0.013351038 0.999910176 -0.001191053 0.001976184 0.013353440 0.001012755 0.999910355 1.476547599
0.999788702 -0.012224584 -0.016525880 -0.008183887 0.012207586 0.999924839 -0.001128936 0.002224360 0.016538439 0.000926956 0.999862850 1.555636764
0.999787211 -0.012351994 -0.016523216 -0.011723706 0.012352256 0.999923706 -0.000086248 0.001782846 0.016523022 -0.000117870 0.999863505 1.634729385
0.999759674 -0.011737379 -0.018515848 -0.013166985 0.011767467 0.999929607 0.001516793 0.001570282 0.018496741 -0.001734313 0.999827445 1.713751435
0.999752760 -0.011805248 -0.018843854 -0.016310217 0.011836750 0.999928653 0.001561125 0.002123341 0.018824080 -0.001783788 0.999821246 1.791450620
0.999695480 -0.012681980 -0.021170480 -0.017303484 0.012715945 0.999918103 0.001470551 0.002077763 0.021150094 -0.001739306 0.999774814 1.868905067
0.999660194 -0.012854769 -0.022677287 -0.019727025 0.012868652 0.999917030 0.000466419 0.002455374 0.022669407 -0.000758086 0.999742687 1.945757627
0.999648809 -0.012874546 -0.023159076 -0.022217453 0.012911283 0.999915600 0.001437504 0.002159938 0.023138613 -0.001736013 0.999730766 2.023127556
0.999620616 -0.012921229 -0.024319293 -0.024474386 0.013000348 0.999910712 0.003098106 0.002607650 0.024277091 -0.003413091 0.999699473 2.099941015
0.999574482 -0.013997543 -0.025593329 -0.026376970 0.014164682 0.999879420 0.006360978 0.002652793 0.025501205 -0.006720793 0.999652207 2.175476551
0.999584496 -0.013635587 -0.025392000 -0.028756343 0.013838411 0.999873579 0.007829259 0.002865741 0.025282031 -0.008177391 0.999646902 2.247829199
0.999569058 -0.013235812 -0.026199164 -0.031136405 0.013406964 0.999889851 0.006367949 0.003213962 0.026111994 -0.006716455 0.999636412 2.322084904
0.999557376 -0.011145860 -0.027580652 -0.033579722 0.011255445 0.999929309 0.003821196 0.003759866 0.027536113 -0.004129935 0.999612331 2.393376827
0.999551952 -0.011291724 -0.027720235 -0.035945002 0.011355867 0.999933183 0.002157596 0.003625947 0.027694017 -0.002471417 0.999613404 2.462624550
0.999541044 -0.009893544 -0.028631033 -0.039105915 0.009957360 0.999948263 0.002087202 0.002963282 0.028608901 -0.002371334 0.999587893 2.531842232
0.999503016 -0.010123708 -0.029853072 -0.041101079 0.010164335 0.999947548 0.001209490 0.003925600 0.029839266 -0.001512326 0.999553561 2.602173805
0.999440789 -0.010047732 -0.031890228 -0.044155914 0.010058992 0.999949336 0.000192661 0.003714888 0.031886682 -0.000513337 0.999491394 2.671248674
0.999357939 -0.010208112 -0.034344539 -0.045879602 0.010212369 0.999947906 -0.000051474 0.003620257 0.034343269 -0.000299298 0.999410033 2.740336418
0.999304354 -0.010180177 -0.035876475 -0.049248192 0.010230990 0.999946892 0.001233047 0.003978133 0.035862021 -0.001599242 0.999355435 2.803442001
0.999213696 -0.010899984 -0.038120873 -0.051195085 0.011060574 0.999930799 0.004004245 0.003505435 0.038074587 -0.004422735 0.999265254 2.871282339
0.999166310 -0.009979714 -0.039584532 -0.055434305 0.010200599 0.999933481 0.005382079 0.003290275 0.039528195 -0.005781379 0.999201775 2.935448647
0.999085426 -0.008607754 -0.041883636 -0.057322152 0.008845778 0.999945760 0.005500968 0.004004824 0.041834008 -0.005866429 0.999107361 3.001791239
0.999028385 -0.006099859 -0.043647707 -0.061596274 0.006331960 0.999966502 0.005181313 0.003641617 0.043614637 -0.005452655 0.999033511 3.062076092
0.998948216 -0.004758113 -0.045606401 -0.064246707 0.004959696 0.999978423 0.004307909 0.004171077 0.045584925 -0.004529572 0.998950243 3.127235413
0.998864174 -0.004259575 -0.047457092 -0.066823058 0.004518943 0.999975443 0.005359380 0.004146539 0.047433093 -0.005567749 0.998858869 3.189878941
0.998834610 -0.002773974 -0.048184939 -0.070897639 0.003140202 0.999966741 0.007526439 0.003939440 0.048162460 -0.007668978 0.998810172 3.248569965
0.998835385 0.000137781 -0.048246212 -0.074127525 0.000243429 0.999968827 0.007895412 0.004223507 0.048245803 -0.007897962 0.998804331 3.309459448
0.998869002 0.003257826 -0.047433730 -0.077053249 -0.002975700 0.999977469 0.006017181 0.004065234 0.047452256 -0.005869227 0.998856187 3.369148254
0.998969674 0.005071858 -0.045096830 -0.080503330 -0.004922295 0.999981999 0.003426937 0.003868836 0.045113396 -0.003201427 0.998976707 3.424680948
0.999045014 0.005278820 -0.043374822 -0.083219722 -0.005249913 0.999985933 0.000780319 0.005345695 0.043378331 -0.000551859 0.999058545 3.483747005
0.999171436 0.006513668 -0.040176712 -0.086270675 -0.006481194 0.999978602 0.000938471 0.006198931 0.040181968 -0.000677300 0.999192119 3.539317131
0.999256730 0.011425440 -0.036815673 -0.089255348 -0.011274319 0.999927163 0.004309811 0.005258727 0.036862232 -0.003891536 0.999312758 3.594922781
0.999336958 0.015204220 -0.033082869 -0.091361023 -0.014959414 0.999858975 0.007634754 0.005885193 0.033194289 -0.007134791 0.999423385 3.652229071
0.999375880 0.020491708 -0.028772913 -0.093163371 -0.020257354 0.999759376 0.008413014 0.005938187 0.028938390 -0.007824901 0.999550521 3.705551624
0.999441803 0.023830641 -0.023413818 -0.095349744 -0.023630152 0.999682009 0.008802642 0.006406609 0.023616146 -0.008244456 0.999687016 3.757570505
0.999451637 0.028068012 -0.017572042 -0.096924350 -0.027879806 0.999552250 0.010865306 0.006646827 0.017869141 -0.010369444 0.999786496 3.807796717
0.999402642 0.032757860 -0.011017422 -0.098017246 -0.032625403 0.999395669 0.011994427 0.007188600 0.011403671 -0.011627814 0.999867320 3.856181622
0.999337852 0.036192380 -0.003731581 -0.098973542 -0.036144372 0.999271929 0.012216713 0.006434809 0.004171016 -0.012073749 0.999918401 3.904311895
0.999214947 0.039475888 0.003311287 -0.098600537 -0.039513309 0.999145567 0.012121206 0.006823339 -0.002829963 -0.012242532 0.999921024 3.948406935
0.998986065 0.043638349 0.011071552 -0.099089168 -0.043767199 0.998973489 0.011675970 0.007083811 -0.010550668 -0.012148703 0.999870539 3.993082523
0.998671114 0.048057117 0.018618597 -0.098822020 -0.048232023 0.998794973 0.009061537 0.007323805 -0.018160691 -0.009947507 0.999785602 4.033681393
0.998374104 0.050232656 0.026945166 -0.098614305 -0.050410967 0.998710692 0.005978870 0.007315664 -0.026610095 -0.007327482 0.999619007 4.073337078
0.998092175 0.050606977 0.035366677 -0.097891107 -0.050843243 0.998689830 0.005812941 0.007550668 -0.035026159 -0.007600008 0.999357522 4.110509396
0.997842491 0.049734920 0.042858362 -0.095353857 -0.050080083 0.998720586 0.007017097 0.007781969 -0.042454541 -0.009148309 0.999056518 4.144979954
0.997375727 0.051549293 0.050836429 -0.093786374 -0.052003164 0.998617649 0.007645236 0.008155463 -0.050372045 -0.010268828 0.998677731 4.179060459
0.996709287 0.054754745 0.059770837 -0.092374146 -0.055317990 0.998438239 0.007808512 0.008231675 -0.059249938 -0.011089218 0.998181581 4.210056782
0.995896161 0.059675381 0.068041116 -0.089426905 -0.060307048 0.998153389 0.007265779 0.008471327 -0.067481875 -0.011339321 0.997656047 4.237088680
0.995013595 0.062973507 0.077345490 -0.088160455 -0.063718863 0.997941911 0.007204397 0.008322131 -0.076732621 -0.012096840 0.996978283 4.264786243
0.994267881 0.062376950 0.086836174 -0.086076856 -0.063326292 0.997959077 0.008218373 0.007497670 -0.086146310 -0.013670276 0.996188760 4.289579868
0.993390739 0.061033703 0.097211108 -0.081589013 -0.061909296 0.998063743 0.006013609 0.007943487 -0.096655838 -0.011992135 0.995245636 4.313803673
0.992212355 0.060042437 0.109130740 -0.079079270 -0.060601566 0.998160362 0.001811071 0.007564241 -0.108821221 -0.008410460 0.994025767 4.335231781
0.990682423 0.060810748 0.121862091 -0.074604869 -0.060961682 0.998136997 -0.002492895 0.007965366 -0.121786654 -0.004959249 0.992543876 4.357717037
0.988492131 0.062727518 0.137654722 -0.071894407 -0.062719084 0.998021483 -0.004403092 0.007543575 -0.137658626 -0.004281158 0.990470409 4.380304337
0.985919297 0.064875230 0.154125139 -0.068293869 -0.064777531 0.997883618 -0.005661188 0.007155420 -0.154166237 -0.004402372 0.988035142 4.402478218
0.983003557 0.066132419 0.171261281 -0.064020693 -0.066049285 0.997797191 -0.006189689 0.005466821 -0.171293363 -0.005227199 0.985206187 4.425143242
0.979906023 0.064167224 0.188856080 -0.057981312 -0.063752234 0.997931421 -0.008277697 0.007209316 -0.188996598 -0.003928631 0.981969893 4.446053028
0.976072252 0.062653147 0.208224684 -0.052022874 -0.062223390 0.998025000 -0.008619981 0.007265370 -0.208353519 -0.004542721 0.978043020 4.466746330
0.971505225 0.063133091 0.228455350 -0.045984268 -0.062557667 0.997993469 -0.009766999 0.006745096 -0.228613600 -0.004802942 0.973505437 4.488306999
0.966228664 0.065307818 0.249273106 -0.038811564 -0.064335085 0.997855544 -0.012056490 0.006414615 -0.249525920 -0.004387680 0.968358159 4.510066986
0.959875703 0.066628888 0.272395253 -0.031777740 -0.065276004 0.997768521 -0.014036055 0.005960021 -0.272722632 -0.004308008 0.962083042 4.531255722
0.952581704 0.067805819 0.296631902 -0.024266839 -0.066243291 0.997685790 -0.015327882 0.005732320 -0.296984762 -0.005048817 0.954868853 4.551940441
0.944042623 0.070795141 0.322136045 -0.015757680 -0.069279149 0.997466087 -0.016183473 0.005048022 -0.322465539 -0.007039424 0.946555018 4.572739601
0.934078217 0.072810329 0.349566549 -0.006366968 -0.071208231 0.997308910 -0.017451108 0.004937463 -0.349896491 -0.008591322 0.936748981 4.594684124
0.922918737 0.073701181 0.377874464 0.003742933 -0.072018713 0.997229755 -0.018602982 0.003631450 -0.378198743 -0.010044991 0.925669849 4.614403725
0.910364985 0.071511321 0.407580405 0.015954494 -0.069092110 0.997396111 -0.020673420 0.002879173 -0.407997519 -0.009340229 0.912935197 4.634358883
0.895412147 0.068514988 0.439935088 0.029006600 -0.064844042 0.997621238 -0.023389529 0.002306640 -0.440491170 -0.007583896 0.897724926 4.655086517
0.878036857 0.068232678 0.473704129 0.041886806 -0.062649935 0.997654498 -0.027577743 0.001315169 -0.474474758 -0.005463261 0.880252182 4.673827171
0.858611822 0.069920003 0.507835686 0.057221174 -0.061805271 0.997547567 -0.032848816 0.000918821 -0.508887053 -0.003182543 0.860827506 4.693854332
0.836843550 0.071963638 0.542691529 0.073193073 -0.061639074 0.997404635 -0.037211940 -0.000075459 -0.543960929 -0.002310427 0.839107394 4.713072777
0.812061489 0.074937955 0.578740597 0.089242458 -0.062772356 0.997183681 -0.041040655 -0.000934541 -0.580186248 -0.003001386 0.814478338 4.732898712
0.784545004 0.078966670 0.615023077 0.108031750 -0.065746255 0.996860325 -0.044124901 -0.001996338 -0.616576493 -0.005817496 0.787273526 4.753670692
0.754708767 0.083285764 0.650752068 0.129602909 -0.069376871 0.996479213 -0.047073547 -0.003303930 -0.652381539 -0.009620337 0.757829607 4.775139332
0.721532822 0.084554531 0.687197924 0.151829720 -0.069255918 0.996351421 -0.049877323 -0.004244000 -0.688907862 -0.011604401 0.724755883 4.795321465
0.684847891 0.081678465 0.724093974 0.177022457 -0.065355398 0.996578217 -0.050601844 -0.006396934 -0.725749373 -0.012668877 0.687842548 4.815628529
0.645547092 0.080774568 0.759436965 0.204617500 -0.063048206 0.996633470 -0.052409936 -0.007893354 -0.761113644 -0.014048058 0.648466468 4.835931778
0.603435516 0.080381185 0.793350220 0.235969067 -0.061007060 0.996644199 -0.054575659 -0.009251267 -0.795074642 -0.015467071 0.606314182 4.855815887
0.557320654 0.079628088 0.826470315 0.268189430 -0.056951202 0.996712446 -0.057626083 -0.011487052 -0.828341901 -0.014952266 0.560023427 4.874143600
0.508795500 0.077739656 0.857370257 0.301226854 -0.053446688 0.996845663 -0.058668956 -0.014485389 -0.859226763 -0.015973097 0.511345565 4.891462803
0.460894734 0.076990046 0.884108961 0.341246367 -0.052523091 0.996849775 -0.059426967 -0.015712351 -0.885899186 -0.019046556 0.463486582 4.908238888
0.410583556 0.073648125 0.908843756 0.379563451 -0.051781394 0.997007489 -0.057399441 -0.019024380 -0.910351396 -0.023493931 0.413168490 4.924292088
0.360967547 0.073765054 0.929656506 0.421427131 -0.054786686 0.996822417 -0.057821836 -0.020196423 -0.930967689 -0.030060990 0.363861859 4.937605858
0.311818779 0.074905947 0.947184324 0.463184476 -0.053157795 0.996701419 -0.061322041 -0.021596722 -0.948653400 -0.031228865 0.314772069 4.948922634
0.264807731 0.071089409 0.961677253 0.506320357 -0.042265605 0.997176111 -0.062075298 -0.025095202 -0.963374436 -0.024207845 0.267064601 4.956448078
0.220910281 0.065740466 0.973075986 0.553033829 -0.028387953 0.997736335 -0.060961790 -0.026602693 -0.974880874 -0.014156545 0.222276449 4.963397026
0.178992271 0.064749576 0.981717527 0.601782620 -0.019849213 0.997866631 -0.062195677 -0.029641658 -0.983650208 -0.008353772 0.179895639 4.968967915
0.140189677 0.066379376 0.987897098 0.650496662 -0.016153196 0.997770667 -0.064750567 -0.031238135 -0.989992917 -0.006880334 0.140949398 4.973875523
0.106838688 0.066915132 0.992022157 0.703492284 -0.007779656 0.997758508 -0.066464216 -0.035056971 -0.994245946 -0.000616642 0.107119769 4.978889465
0.078282751 0.065437913 0.994781256 0.754668117 -0.000210239 0.997844398 -0.065622859 -0.037766382 -0.996931136 0.004927997 0.078127787 4.979546547
0.053420331 0.063964918 0.996521354 0.807364941 0.007115003 0.997896552 -0.064434603 -0.040507481 -0.998546720 0.010532369 0.052852862 4.980576515
0.033404231 0.062994510 0.997454643 0.863501847 0.011340573 0.997923434 -0.063403904 -0.043226264 -0.999377549 0.013429670 0.032620475 4.980788231
0.016928032 0.064823963 0.997753143 0.919512689 0.014278164 0.997778714 -0.065067858 -0.046069048 -0.999754727 0.015347555 0.015964862 4.982466698
0.003741791 0.064516388 0.997909546 0.977529407 0.014369585 0.997810125 -0.064563826 -0.049490802 -0.999889672 0.014581131 0.002806523 4.981131077
-0.007743428 0.065406688 0.997828543 1.034993052 0.015996985 0.997738957 -0.065276667 -0.052464314 -0.999841988 0.015456785 -0.008772230 4.980316162
-0.016790742 0.068149410 0.997533739 1.095636368 0.020300813 0.997492194 -0.067804836 -0.056555606 -0.999653041 0.019112254 -0.018132120 4.977831841
-0.023089308 0.069993906 0.997280121 1.155330777 0.024255859 0.997291684 -0.069433145 -0.059881300 -0.999439120 0.022586720 -0.024724539 4.975423336
-0.027902843 0.069567904 0.997186899 1.218961954 0.025151376 0.997308373 -0.068872601 -0.063078396 -0.999294162 0.023158886 -0.029577468 4.973601341
-0.031265318 0.067324184 0.997241139 1.282012224 0.023028355 0.997512639 -0.066620529 -0.065638617 -0.999245822 0.020881914 -0.032737911 4.971426964
-0.033806249 0.059857558 0.997634351 1.345464826 0.021004643 0.998027027 -0.059169348 -0.070237368 -0.999207616 0.018954659 -0.034996837 4.970042706
-0.035063721 0.054448500 0.997900844 1.414460421 0.022170058 0.998311400 -0.053691905 -0.073356256 -0.999139071 0.020240877 -0.036211640 4.967056751
-0.035130061 0.052019492 0.998027980 1.480596066 0.024253204 0.998394608 -0.051184896 -0.076330945 -0.999088407 0.022407245 -0.036335301 4.963593483
-0.034870740 0.053930648 0.997935653 1.546103120 0.028043885 0.998202503 -0.052965138 -0.080463499 -0.998998165 0.026139058 -0.036320485 4.961136341
-0.034773458 0.061505210 0.997500837 1.617820740 0.028706485 0.997754097 -0.060520109 -0.083508030 -0.998982847 0.026530255 -0.036460958 4.959811211
-0.032317013 0.069399223 0.997065365 1.685624242 0.029633241 0.997214377 -0.068449132 -0.087199554 -0.999038279 0.027334206 -0.034283519 4.957442284
-0.029933337 0.070315264 0.997075617 1.755503416 0.030612445 0.997119188 -0.069399297 -0.090067849 -0.999083042 0.028445575 -0.031999625 4.955110550
-0.028261751 0.065778896 0.997433901 1.827937961 0.029564006 0.997451007 -0.064942345 -0.094322093 -0.999163270 0.027652763 -0.030134402 4.953884602
-0.025497388 0.059378415 0.997909844 1.900519609 0.028881943 0.997861445 -0.058637578 -0.098621227 -0.999257565 0.027326472 -0.027157824 4.952235699
-0.022274436 0.057500780 0.998096943 1.971680284 0.027708620 0.997996688 -0.056876626 -0.103227817 -0.999367714 0.026388997 -0.023823079 4.950865746
-0.019591983 0.063315205 0.997801363 2.043176651 0.035243895 0.997416317 -0.062598750 -0.107032523 -0.999186635 0.033939973 -0.021772841 4.948801041
-0.015763953 0.068360545 0.997536182 2.114420414 0.036876183 0.997021139 -0.067742497 -0.111315370 -0.999195516 0.035717443 -0.018237868 4.946882248
-0.012170009 0.069092698 0.997536004 2.185874462 0.031488910 0.997141540 -0.068681203 -0.114980668 -0.999430001 0.030575473 -0.014310876 4.945056438
-0.010918451 0.065929227 0.997764587 2.258565187 0.025942702 0.997506976 -0.065628313 -0.119192496 -0.999603808 0.025168145 -0.012601610 4.948208332
-0.006109144 0.062279761 0.998040020 2.331706762 0.030498611 0.997606039 -0.062065985 -0.124306977 -0.999516189 0.030059664 -0.007993961 4.947481155
-0.001958066 0.063273758 0.997994304 2.402534723 0.034657761 0.997400999 -0.063168146 -0.128834933 -0.999397457 0.034464557 -0.004145903 4.945553780
0.000493108 0.067577958 0.997713804 2.474222660 0.034433514 0.997121215 -0.067554824 -0.133311063 -0.999406874 0.034388099 -0.001835258 4.945862293
0.004463384 0.068905458 0.997613132 2.547101498 0.030619318 0.997145951 -0.069010168 -0.136698425 -0.999521136 0.030854257 0.002340808 4.946372509
0.008820880 0.068041787 0.997643352 2.618416786 0.029949978 0.997216761 -0.068277486 -0.141539782 -0.999512494 0.030481663 0.006758480 4.946100712
0.011520856 0.064864449 0.997827590 2.692725897 0.033958223 0.997292817 -0.065221772 -0.146424636 -0.999356866 0.034635853 0.009286986 4.948108196
0.015582029 0.065161973 0.997753084 2.763777971 0.038253706 0.997104704 -0.065717056 -0.151257798 -0.999146521 0.039191753 0.013044229 4.948308468
0.019129010 0.066064641 0.997631967 2.838017225 0.041864991 0.996886432 -0.066818029 -0.156405479 -0.998940229 0.043044001 0.016303655 4.948229790
0.021152724 0.066070475 0.997590721 2.910688877 0.041647933 0.996889591 -0.066907130 -0.160575226 -0.998908401 0.042962860 0.018335231 4.951549530
0.024913866 0.064504504 0.997606277 2.984291315 0.043037858 0.996921718 -0.065535039 -0.165305242 -0.998762786 0.044567574 0.022061035 4.953103065
0.028912341 0.063518956 0.997561693 3.056494713 0.045208298 0.996874630 -0.064785473 -0.169876903 -0.998559117 0.046971168 0.025950395 4.954409122
0.031482387 0.063965082 0.997455418 3.130313635 0.043414984 0.996920705 -0.065301090 -0.173792049 -0.998560965 0.045360338 0.028608402 4.957014084
0.033835676 0.066028401 0.997243881 3.204909325 0.040737748 0.996894896 -0.067387491 -0.177975580 -0.998596787 0.042905577 0.031040763 4.961655617
0.037376445 0.065767944 0.997134626 3.278271437 0.042314138 0.996832788 -0.067334130 -0.182836577 -0.998404980 0.044709608 0.034475151 4.963031769
0.039739896 0.065381691 0.997068644 3.353251696 0.040062677 0.996950269 -0.066970691 -0.187601537 -0.998406589 0.042606656 0.036999345 4.967576504
0.041940812 0.065802597 0.996950805 3.426574945 0.038334202 0.996988118 -0.067417748 -0.191863269 -0.998384416 0.041044876 0.039292000 4.971492767
0.045017503 0.065450080 0.996839881 3.501398087 0.035956629 0.997098744 -0.067090884 -0.197072491 -0.998338878 0.038863271 0.042533528 4.974997520
0.047956176 0.067819506 0.996544480 3.576158047 0.034056552 0.997001112 -0.069489479 -0.201537564 -0.998268664 0.037271321 0.045502666 4.979466438
0.051546741 0.071268283 0.996124387 3.651255608 0.032852340 0.996789515 -0.073015891 -0.206240490 -0.998130083 0.036488745 0.049039915 4.983224392
0.054602813 0.073549435 0.995795667 3.725521564 0.033256557 0.996596217 -0.075432129 -0.211317778 -0.997954249 0.037235543 0.051970955 4.987874985
0.057652343 0.075641371 0.995467007 3.802394152 0.027260968 0.996634305 -0.077308893 -0.216681510 -0.997964442 0.031594429 0.055396240 4.993114471
0.060495753 0.074589953 0.995377600 3.880092382 0.023903022 0.996809840 -0.076150022 -0.221881717 -0.997882187 0.028399289 0.058519837 4.998695850
0.063543729 0.074963458 0.995159566 3.956332207 0.025760496 0.996719420 -0.076725848 -0.227679133 -0.997646570 0.030511249 0.061404172 5.004991531
0.068027772 0.076378793 0.994755387 4.031816006 0.025141994 0.996617377 -0.078241117 -0.232942760 -0.997366548 0.030332707 0.065877333 5.008810520
0.071757108 0.077785924 0.994384348 4.110104561 0.021425029 0.996604204 -0.079505645 -0.237527400 -0.997191906 0.027009811 0.069846861 5.015492439
0.075806119 0.075443462 0.994264424 4.190329552 0.020557793 0.996803522 -0.077203520 -0.243484646 -0.996910572 0.026292382 0.074012831 5.022107601
0.080429137 0.075333282 0.993909538 4.268538952 0.020366991 0.996807635 -0.077201083 -0.249625176 -0.996552229 0.026452161 0.078638032 5.029074192
0.085731730 0.079333916 0.993154705 4.347629547 0.016595155 0.996572852 -0.081039496 -0.255361915 -0.996180058 0.023429213 0.084121324 5.036422253
0.091604315 0.087552331 0.991939247 4.424475193 0.015302388 0.995885909 -0.089313872 -0.261448383 -0.995677888 0.023360571 0.089887701 5.043835163
0.098886982 0.092821248 0.990760148 4.504045010 0.013800431 0.995416343 -0.094634898 -0.266910642 -0.995002925 0.023031078 0.097152747 5.052575588
0.106175408 0.095668897 0.989734471 4.584648132 0.009346021 0.995220780 -0.097201832 -0.274141371 -0.994303405 0.019570524 0.104773864 5.062884331
0.113059446 0.093443878 0.989184380 4.660008907 0.005678874 0.995490670 -0.094688661 -0.281615049 -0.993571997 0.016322905 0.112018965 5.071927071
0.121615253 0.091673478 0.988334835 4.739173412 0.005474457 0.995648623 -0.093025506 -0.288159490 -0.992562234 0.016723916 0.120584197 5.080023766
0.129075170 0.088760071 0.987654448 4.819711208 0.004863674 0.995917439 -0.090138279 -0.294373751 -0.991622925 0.016438244 0.128116488 5.090834141
0.135623842 0.082571626 0.987313509 4.898531914 0.002297684 0.996492147 -0.083654866 -0.302546501 -0.990757763 0.013614132 0.134958386 5.103310108
0.141993716 0.074949242 0.987026036 4.979478359 -0.000707661 0.997136891 -0.075615175 -0.309067190 -0.989867330 0.010038401 0.141640201 5.117300034
0.149941564 0.072184943 0.986056209 5.058125496 -0.000913200 0.997340918 -0.072872169 -0.316012084 -0.988694429 0.010026101 0.149608806 5.129052639
0.156924352 0.073960029 0.984837353 5.134772301 0.000079694 0.997191072 -0.074900478 -0.321389198 -0.987610638 0.011832195 0.156477660 5.142054558
0.163298756 0.080790937 0.983263135 5.214046001 0.001126546 0.996625423 -0.082075961 -0.326535255 -0.986575961 0.014510597 0.162656665 5.155161858
0.168538183 0.084452949 0.982070625 5.290299416 -0.001167861 0.996339202 -0.085479565 -0.332509816 -0.985694468 0.013259648 0.168019816 5.168528557
0.173520416 0.087348454 0.980949044 5.365789413 -0.002398730 0.996093392 -0.088272683 -0.338859081 -0.984827399 0.012964079 0.173052087 5.182382584
0.178499833 0.087008201 0.980085492 5.442269325 -0.005135696 0.996151328 -0.087499134 -0.345974296 -0.983926535 0.010585159 0.178259715 5.197511673
0.183776528 0.083599031 0.979406595 5.516599655 -0.000884161 0.996390581 -0.084882811 -0.352878094 -0.982967734 0.014733517 0.183187127 5.211179256
0.188737124 0.077354752 0.978976190 5.591876984 -0.000258553 0.996896744 -0.078720905 -0.358152449 -0.982027650 0.014604439 0.188171387 5.224951744
0.191693380 0.071193278 0.978869319 5.666327953 -0.001613865 0.997387230 -0.072224028 -0.363545865 -0.981453657 0.012265105 0.191307381 5.241040707
0.195106432 0.067937642 0.978426218 5.738874912 -0.005191082 0.997655571 -0.068237707 -0.369193554 -0.980768323 0.008234525 0.195001662 5.256257057
0.198004559 0.068025313 0.977837801 5.810944557 -0.006542120 0.997658432 -0.068079472 -0.374432594 -0.980179250 0.007082908 0.197985962 5.272298813
0.200042039 0.070522949 0.977245986 5.880603313 -0.008699466 0.997494757 -0.070203409 -0.378432989 -0.979748666 0.005542117 0.200154379 5.287546635
0.201120615 0.074441440 0.976733863 5.949054718 -0.013104189 0.997223556 -0.073304750 -0.384354234 -0.979478836 0.001943790 0.201537684 5.303172112
0.203840211 0.078355886 0.975863457 6.016844749 -0.013126292 0.996921062 -0.077304848 -0.389783084 -0.978916168 0.002948366 0.204241127 5.316573143
0.205514267 0.083974078 0.975044847 6.084216118 -0.014066027 0.996462405 -0.082853898 -0.394212008 -0.978553057 0.003312655 0.205968469 5.332910538
0.207589120 0.085939445 0.974433780 6.151244164 -0.013475694 0.996290088 -0.084996238 -0.399202287 -0.978123367 0.004513127 0.207977086 5.346959114
0.208546400 0.085954823 0.974228084 6.216186523 -0.016238661 0.996297300 -0.084425882 -0.404461801 -0.977877736 0.001786552 0.209170073 5.362233162
0.209272683 0.082828559 0.974343002 6.281177044 -0.015294671 0.996561527 -0.081432298 -0.410370111 -0.977737665 0.002139301 0.209819958 5.377306938
0.210121349 0.080461048 0.974358797 6.344758034 -0.016094603 0.996757329 -0.078839868 -0.416029394 -0.977542758 0.000884023 0.210734978 5.390760899
0.210230231 0.079325952 0.974428356 6.407456875 -0.014052524 0.996844947 -0.078119054 -0.420131892 -0.977550924 0.002729805 0.210681677 5.403965473
0.208163261 0.078225039 0.974960983 6.470582008 -0.013589368 0.996931732 -0.077086397 -0.425165802 -0.977999687 0.002797453 0.208587632 5.419543743
0.206100151 0.078571953 0.975371420 6.531178474 -0.015380827 0.996908128 -0.077056840 -0.431143939 -0.978409946 0.000879407 0.206671432 5.433568001
0.204103887 0.081731968 0.975531459 6.592037678 -0.016438380 0.996654272 -0.080062404 -0.436057806 -0.978811204 0.000304891 0.204764575 5.447015762
0.202079207 0.085516527 0.975628436 6.648845673 -0.013709738 0.996329904 -0.084491394 -0.440236926 -0.979273200 0.003698342 0.202509984 5.457444191
0.200734735 0.086475238 0.975821555 6.707889080 -0.011078467 0.996233165 -0.086005144 -0.444435239 -0.979583025 0.006453614 0.200936630 5.469413757
0.198646173 0.085075550 0.976371884 6.765002251 -0.011985450 0.996361673 -0.084378883 -0.449475706 -0.979997993 0.005059284 0.198943108 5.480415344
0.195799962 0.082089074 0.977201939 6.820943832 -0.012523150 0.996618271 -0.081210889 -0.454034865 -0.980563879 0.003663441 0.196165845 5.492404938
0.193094715 0.077475965 0.978116453 6.877741814 -0.012422711 0.996990860 -0.076518543 -0.459674656 -0.981101453 0.002624469 0.193476126 5.505073547
0.192070976 0.077261761 0.978335023 6.931279659 -0.008623375 0.996990502 -0.077042073 -0.463275969 -0.981343150 0.006360997 0.192159176 5.513452530
0.190759048 0.078907110 0.978460431 6.985082150 -0.004700263 0.996826112 -0.079471849 -0.467416704 -0.981625617 0.010560953 0.190524489 5.522918701
0.188259870 0.080508970 0.978813827 7.037330151 -0.000679970 0.996644855 -0.081844822 -0.471698225 -0.982119024 0.014742533 0.187682956 5.532367706
0.185799479 0.082457729 0.979121625 7.091633320 -0.001352173 0.996493101 -0.083664067 -0.475454390 -0.982586741 0.014220802 0.185259402 5.543950081
0.184336066 0.085183494 0.979164958 7.144196033 -0.002270046 0.996271431 -0.086244345 -0.479787588 -0.982860565 0.013675195 0.183842123 5.554007530
0.183491945 0.083449453 0.979472756 7.198687553 0.000059772 0.996389329 -0.084901914 -0.484252572 -0.983021140 0.015637364 0.182824418 5.563829899
0.184225142 0.081789002 0.979475141 7.251717567 0.006243838 0.996414304 -0.084377833 -0.488738209 -0.982864261 0.021660203 0.183053911 5.572845459
0.186692357 0.080253482 0.979134917 7.305304527 0.010903835 0.996427119 -0.083749861 -0.491821110 -0.982357919 0.026311785 0.185150295 5.582202911
0.188839287 0.079658434 0.978771806 7.359797001 0.013405534 0.996402442 -0.083679721 -0.496155441 -0.981916428 0.028922984 0.187092096 5.591818333
0.192471907 0.079087883 0.978110313 7.413734436 0.011328174 0.996501446 -0.082804114 -0.500738680 -0.981237054 0.027017664 0.190902606 5.602642059
0.197778016 0.080088772 0.976969719 7.468350887 0.009427230 0.996455252 -0.083594605 -0.504902720 -0.980201423 0.025743293 0.196321934 5.614760399
0.203956708 0.078568101 0.975822091 7.523063183 0.011327898 0.996518254 -0.082602106 -0.509196401 -0.978914499 0.027901260 0.202356532 5.626762390
0.211116403 0.079230115 0.974244535 7.578663349 0.009044634 0.996508479 -0.083000660 -0.512693524 -0.977419138 0.026334485 0.209662676 5.640396595
0.219807863 0.076829799 0.972513080 7.634799004 0.009597972 0.996675313 -0.080907986 -0.517578840 -0.975495994 0.027118361 0.218339667 5.653268337
0.228637844 0.077055298 0.970457315 7.690555573 0.005789218 0.996737361 -0.080505900 -0.521301925 -0.973494411 0.024024878 0.227445766 5.667941570
0.238447577 0.076616712 0.968128443 7.747193336 0.004786883 0.996778250 -0.080063030 -0.525961757 -0.971143544 0.023725152 0.237312630 5.682517052
0.248096228 0.079999842 0.965426445 7.804553986 -0.000213206 0.996588707 -0.082527339 -0.530733943 -0.968735337 0.020268885 0.247267038 5.698151588
0.256988645 0.082487024 0.962887585 7.861709595 -0.003979028 0.996432483 -0.084298722 -0.534579277 -0.966406167 0.017832460 0.256400138 5.715688229
0.268390238 0.084674701 0.959581554 7.921525478 -0.007414483 0.996281385 -0.085839339 -0.539693713 -0.963281751 0.015923642 0.268019974 5.732702255
0.278497666 0.086548552 0.956529319 7.980987549 -0.009066921 0.996124029 -0.087491281 -0.544515252 -0.960394144 0.015693344 0.278202981 5.751738548
0.288084120 0.087674372 0.953583121 8.040642738 -0.012569235 0.996060371 -0.087782569 -0.549305379 -0.957522631 0.013302953 0.288051158 5.770821571
0.298399895 0.087790854 0.950394750 8.102519035 -0.012575772 0.996035933 -0.088058405 -0.553746939 -0.954358101 0.014324669 0.298321009 5.791425705
0.308601111 0.089115970 0.947007716 8.164581299 -0.017312152 0.995962799 -0.088081285 -0.558125019 -0.951034009 0.010787241 0.308897972 5.812701225
0.319127649 0.084269889 0.943957686 8.227385521 -0.016056161 0.996376634 -0.083521329 -0.562156439 -0.947575748 0.011497626 0.319324344 5.835935116
0.329731762 0.077108443 0.940920413 8.292883873 -0.012886215 0.996933639 -0.077182949 -0.567616701 -0.943986714 0.013324769 0.329714388 5.858242989
0.340990186 0.072931342 0.937233448 8.359054565 -0.011410839 0.997233629 -0.073448732 -0.571957707 -0.939997494 0.014350678 0.340879172 5.881986618
0.350821525 0.070162088 0.933810174 8.423572540 -0.012711078 0.997454107 -0.070168592 -0.576158881 -0.936356068 0.012746918 0.350820303 5.908411980
0.360454232 0.067313142 0.930344939 8.491496086 -0.005882824 0.997536898 -0.069895454 -0.580530524 -0.932758331 0.019721050 0.359962434 5.933521748
0.368582726 0.062352225 0.927501559 8.559044838 0.000120808 0.997744679 -0.067122415 -0.584450126 -0.929594994 0.024852211 0.367743939 5.960962296
0.375927895 0.052179024 0.925178707 8.628974915 0.010887550 0.998095751 -0.060715400 -0.588604093 -0.926584899 0.032897547 0.374643952 5.987670898
0.383128554 0.047633301 0.922466040 8.700510979 0.015635133 0.998191953 -0.058037311 -0.593400955 -0.923562706 0.036658630 0.381691128 6.016707420
0.390438497 0.047620256 0.919396579 8.769994736 0.017606542 0.998092532 -0.059173256 -0.598215103 -0.920460641 0.039290916 0.388855308 6.046089172
0.398493886 0.053693574 0.915598035 8.840485573 0.020657605 0.997506261 -0.067487702 -0.601642013 -0.916938365 0.045807492 0.396390945 6.075702190
0.405073881 0.058407765 0.912416399 8.909723282 0.023674224 0.996952653 -0.074329644 -0.606015325 -0.913977385 0.051709738 0.402456671 6.107257843
0.410312265 0.060793914 0.909916461 8.978507996 0.021591766 0.996848166 -0.076338507 -0.610577703 -0.911689401 0.050969329 0.407706320 6.138446331
0.414374024 0.062684864 0.907945335 9.047923088 0.014074632 0.997064590 -0.075261138 -0.616393983 -0.909997761 0.043965250 0.412275314 6.173075676
0.418346286 0.066068925 0.905881464 9.113674164 0.007468644 0.997066975 -0.076168500 -0.622059226 -0.908256829 0.038630512 0.416625828 6.204225540
0.423141330 0.068821467 0.903446198 9.182847023 0.007099737 0.996828794 -0.079260260 -0.627613246 -0.906035900 0.039952535 0.421310812 6.235545635
0.426274449 0.073491752 0.901603639 9.247720718 0.003758590 0.996541917 -0.083007433 -0.632942021 -0.904586136 0.038772706 0.424524128 6.268382072
0.430707932 0.076228477 0.899266362 9.314731598 0.001234822 0.996375918 -0.085051619 -0.638305664 -0.902490556 0.037742846 0.429052830 6.300861359
0.434121996 0.074818708 0.897741735 9.376956940 -0.000732324 0.996574104 -0.082701363 -0.644170642 -0.900853813 0.035245042 0.432689518 6.331207752
0.438457400 0.071796842 0.895879567 9.440218925 0.000344063 0.996790648 -0.080052331 -0.649571776 -0.898751915 0.035407778 0.437025487 6.361805439
0.442100316 0.069331914 0.894282043 9.504222870 -0.000265777 0.997018337 -0.077165455 -0.655107737 -0.896965563 0.033877194 0.440800518 6.393725395
0.445589572 0.068176694 0.892637551 9.566946983 -0.001266900 0.997142971 -0.075526051 -0.661614180 -0.895236552 0.032522734 0.444402903 6.425432205
0.449153930 0.069654398 0.890735030 9.626217842 -0.002938514 0.997066200 -0.076487608 -0.666066885 -0.893449545 0.031737275 0.448040903 6.455605030
0.451773316 0.070016965 0.889380932 9.686029434 -0.001952542 0.996990681 -0.077496797 -0.671269059 -0.892130673 0.033274420 0.450550497 6.487096310
0.454115391 0.068069838 0.888338685 9.746539116 0.000091305 0.997073472 -0.076448448 -0.676872432 -0.890942872 0.034797523 0.452780277 6.518490791
0.455397993 0.067168772 0.887750506 9.804167747 0.002225615 0.997060895 -0.076581068 -0.681213737 -0.890285194 0.036850661 0.453909993 6.548755169
0.456896424 0.067155391 0.886981308 9.860643387 0.000357399 0.997132242 -0.075679258 -0.686418831 -0.889519930 0.034894593 0.455562085 6.578579903
0.458665669 0.066498972 0.886117220 9.917540550 0.001978693 0.997117102 -0.075853184 -0.691386342 -0.888606727 0.036544606 0.457211792 6.609014511
0.460990787 0.068417855 0.884763479 9.973184586 0.000330568 0.997010052 -0.077270024 -0.697124958 -0.887404859 0.035913248 0.459589869 6.639028549
0.464328498 0.067992434 0.883049309 10.026389122 0.004200940 0.996868670 -0.078965157 -0.701208711 -0.885653079 0.040375419 0.462588817 6.665812016
0.467317581 0.067579560 0.881502807 10.080811501 0.006201896 0.996799111 -0.079706497 -0.705524087 -0.884067714 0.042715244 0.465402603 6.695911407
0.470500678 0.065474294 0.879967153 10.132385254 0.009658804 0.996801436 -0.079331771 -0.710139036 -0.882346809 0.045825083 0.468363345 6.722857475
0.473454058 0.064617373 0.878445148 10.183499336 0.010790666 0.996805191 -0.079139620 -0.714973092 -0.880752444 0.046947978 0.471244156 6.750507355
0.477470428 0.064072520 0.876308560 10.233526230 0.011486347 0.996797204 -0.079140738 -0.719361544 -0.878572762 0.047852945 0.475205183 6.776260853
0.481012404 0.063382551 0.874419630 10.282857895 0.011447658 0.996844113 -0.078553811 -0.724064827 -0.876639009 0.047795419 0.478768766 6.802431107
0.484364599 0.062601648 0.872623622 10.331328392 0.012496151 0.996839821 -0.078449063 -0.729452014 -0.874776900 0.048902396 0.482051581 6.829608440
0.488403499 0.064039432 0.870264888 10.382457733 0.013459445 0.996631980 -0.080891907 -0.732414901 -0.872514129 0.051221173 0.485896558 6.859574318
0.492358178 0.064543732 0.867996335 10.430690765 0.015501810 0.996438205 -0.082887776 -0.736173213 -0.870254695 0.054265980 0.489603966 6.887448788
0.497177839 0.067724958 0.865001440 10.477867126 0.012777470 0.996269286 -0.085346662 -0.741518855 -0.867554605 0.053484987 0.494457662 6.915378094
0.502604723 0.073340543 0.861399889 10.525420189 0.009516674 0.995865345 -0.090341821 -0.746558130 -0.864463985 0.053603888 0.499828666 6.943757534
0.508725464 0.080300309 0.857175708 10.573589325 0.004624367 0.995371461 -0.095990971 -0.751345992 -0.860916376 0.052796945 0.505999386 6.972527027
0.514775336 0.086571358 0.852943063 10.619601250 -0.000306137 0.994907141 -0.100795552 -0.756093740 -0.857325017 0.051625937 0.512180090 7.001310349
0.520942032 0.091189697 0.848707259 10.667541504 -0.003993412 0.994526744 -0.104406156 -0.760925949 -0.853582740 0.051000308 0.518454850 7.033128262
0.526461780 0.091108605 0.845302999 10.714394569 -0.007975110 0.994727015 -0.102246873 -0.766554356 -0.850161433 0.047087681 0.524412274 7.064013958
0.531965911 0.090672001 0.841897190 10.763710022 -0.015240423 0.995114505 -0.097543560 -0.771404207 -0.846628606 0.039058972 0.530748904 7.095789433
0.538134038 0.088336416 0.838217378 10.812324524 -0.021415422 0.995604753 -0.091174178 -0.776107430 -0.842587173 0.031113148 0.537660539 7.127804279
0.544238865 0.086514145 0.834457576 10.861011505 -0.028207595 0.995993197 -0.084864512 -0.781852007 -0.838455975 0.022648521 0.544498563 7.160815716
0.550242066 0.084708452 0.830697417 10.910611153 -0.030243319 0.996210039 -0.081553474 -0.785918236 -0.834457397 0.019751102 0.550718546 7.195855141
0.556048155 0.088272758 0.826449096 10.962028503 -0.035258260 0.995954275 -0.082655229 -0.790845037 -0.830401897 0.016821129 0.556910872 7.232761383
0.561975062 0.092356771 0.821981788 11.012341499 -0.038999848 0.995600224 -0.085200764 -0.794713497 -0.826234162 0.015823551 0.563104451 7.269643784
0.569030941 0.095813110 0.816715062 11.064177513 -0.041047812 0.995260179 -0.088159882 -0.798807383 -0.821290970 0.016641337 0.570266783 7.303817272
0.575635374 0.098093860 0.811801374 11.116358757 -0.044186834 0.995059431 -0.088905640 -0.803954184 -0.816511810 0.015306292 0.577125907 7.340679169
0.581259668 0.098594740 0.807722986 11.169902802 -0.046849642 0.995040655 -0.087745413 -0.809358060 -0.812368214 0.013161331 0.582996249 7.383524418
0.587363303 0.100778796 0.803024292 11.223520279 -0.052995589 0.994876623 -0.086093038 -0.814944923 -0.807586372 0.008011155 0.589694917 7.425123215
0.595030546 0.098853111 0.797600567 11.278480530 -0.053902734 0.995081067 -0.083115637 -0.820640981 -0.801893473 0.006463494 0.597432077 7.465821266
0.602420330 0.096635789 0.792307556 11.333003998 -0.054318115 0.995306194 -0.080094971 -0.825440347 -0.796328604 0.005214188 0.604841709 7.509301662
