0.999998391 0.000978835 0.001498303 -0.000337709 -0.000971966 0.999988973 -0.004577995 -0.000136743 -0.001502768 0.004576531 0.999988377 0.049606785
0.999994814 -0.001365952 0.002906528 -0.000504181 0.001381700 0.999984324 -0.005422880 -0.000033876 -0.002899075 0.005426869 0.999981046 0.101030387
0.999992847 -0.002861466 0.002450138 -0.000333326 0.002865175 0.999994874 -0.001511735 0.000055115 -0.002445799 0.001518745 0.999995828 0.149059609
0.999983788 -0.005436864 0.001698704 -0.000269599 0.005428805 0.999974251 0.004713376 -0.000111747 -0.001724286 -0.004704077 0.999987423 0.198545292
0.999958813 -0.009067083 0.000250325 -0.000052757 0.009065814 0.999947906 0.004674708 0.000074554 -0.000292698 -0.004672246 0.999989033 0.247503549
0.999935269 -0.011353333 -0.000718040 -0.000021394 0.011354608 0.999933839 0.001794946 0.000248808 0.000697614 -0.001802983 0.999998093 0.296146542
0.999927223 -0.011988096 -0.001351159 -0.000424357 0.011985642 0.999926507 -0.001810455 0.000389637 0.001372763 0.001794128 0.999997437 0.344664663
0.999927044 -0.011820298 -0.002464468 -0.000265026 0.011814698 0.999927759 -0.002273388 0.000344737 0.002491162 0.002244106 0.999994397 0.392896920
0.999928415 -0.011402253 -0.003620859 -0.000506419 0.011400617 0.999934912 -0.000472089 0.000397106 0.003626006 0.000430775 0.999993384 0.441023022
0.999927998 -0.011233716 -0.004217954 -0.000949748 0.011243992 0.999933839 0.002421096 0.000407731 0.004190478 -0.002468349 0.999988139 0.488877565
0.999927640 -0.010963123 -0.004965474 -0.001404839 0.010982570 0.999932051 0.003906315 0.000569690 0.004922311 -0.003960565 0.999980092 0.536834300
0.999901950 -0.012801039 -0.005672137 -0.001649330 0.012828014 0.999906480 0.004745163 0.000673326 0.005610864 -0.004817460 0.999972582 0.584325671
0.999892116 -0.012926235 -0.006978745 -0.001592885 0.012961116 0.999903619 0.004976129 0.000506173 0.006913750 -0.005066043 0.999963224 0.632185280
0.999887764 -0.013254001 -0.006977384 -0.002789706 0.013277451 0.999906301 0.003325354 0.000851972 0.006932656 -0.003417623 0.999970138 0.678511560
0.999871373 -0.013414655 -0.008789380 -0.003209948 0.013424406 0.999909341 0.001051429 0.001225265 0.008774477 -0.001169286 0.999960840 0.726035833
0.999847174 -0.014789179 -0.009319676 -0.004840845 0.014788240 0.999890625 -0.000169558 0.001308704 0.009321164 0.000031710 0.999956608 0.772120595
0.999830484 -0.014385749 -0.011492559 -0.004640006 0.014375703 0.999896228 -0.000956386 0.001559337 0.011505126 0.000791010 0.999933481 0.819483101
0.999801576 -0.013623082 -0.014532469 -0.004408975 0.013596665 0.999905765 -0.001915053 0.001622664 0.014557189 0.001717079 0.999892533 0.866080344
0.999800801 -0.012400429 -0.015641160 -0.005750731 0.012373394 0.999921799 -0.001824098 0.001579484 0.015662557 0.001630201 0.999876022 0.912876844
0.999792933 -0.012167028 -0.016312016 -0.007284606 0.012155812 0.999925911 -0.000786437 0.001338702 0.016320378 0.000587989 0.999866605 0.959134281
0.999759912 -0.011854627 -0.018428773 -0.007997875 0.011881232 0.999928534 0.001335030 0.000767737 0.018411631 -0.001553666 0.999829292 1.005136371
0.999764383 -0.011642965 -0.018320605 -0.010344081 0.011673238 0.999930680 0.001546333 0.000860432 0.018301332 -0.001759829 0.999830961 1.051291704
0.999720335 -0.012324028 -0.020184252 -0.010621571 0.012344633 0.999923408 0.000896604 0.001333530 0.020171657 -0.001145521 0.999795854 1.096528411
0.999683261 -0.012446262 -0.021878047 -0.012024989 0.012464570 0.999922037 0.000700586 0.001136989 0.021867625 -0.000973064 0.999760389 1.141825557
0.999653637 -0.012136497 -0.023356054 -0.012953389 0.012150195 0.999926090 0.000444675 0.001482604 0.023348939 -0.000728302 0.999727070 1.187315345
0.999628842 -0.011912454 -0.024499588 -0.013663450 0.011975487 0.999925315 0.002427693 0.001697516 0.024468837 -0.002720187 0.999696910 1.231996655
0.999607563 -0.012920505 -0.024858510 -0.015192408 0.013078293 0.999895215 0.006195343 0.001303690 0.024775859 -0.006518018 0.999671817 1.276149154
0.999571741 -0.012945954 -0.026242739 -0.016156605 0.013146461 0.999885499 0.007482454 0.001481055 0.026142869 -0.007824249 0.999627590 1.320911050
0.999556541 -0.012458819 -0.027046209 -0.017071523 0.012625608 0.999902189 0.006004846 0.001562316 0.026968746 -0.006343658 0.999616146 1.364075184
0.999569833 -0.011107131 -0.027144695 -0.019134650 0.011201672 0.999931693 0.003333291 0.002017125 0.027105816 -0.003635923 0.999625921 1.406822085
0.999517918 -0.011889543 -0.028679708 -0.019973887 0.011940829 0.999927342 0.001617628 0.001915391 0.028658390 -0.001959308 0.999587357 1.448683381
0.999514818 -0.010082608 -0.029468019 -0.021462820 0.010127774 0.999947667 0.001383839 0.001901049 0.029452523 -0.001681613 0.999564767 1.489302635
0.999459207 -0.011131414 -0.030940032 -0.022992598 0.011168739 0.999936998 0.001033787 0.001793482 0.030926576 -0.001378789 0.999520719 1.529693246
0.999397457 -0.010829750 -0.032973956 -0.024390884 0.010840931 0.999941230 0.000160307 0.001699840 0.032970283 -0.000517679 0.999456108 1.568965673
0.999363065 -0.009776803 -0.034320384 -0.026295450 0.009790925 0.999952018 0.000243438 0.001437443 0.034316357 -0.000579311 0.999410808 1.609935045
0.999288440 -0.010032938 -0.036356784 -0.027869627 0.010083892 0.999948382 0.001218422 0.001788982 0.036342680 -0.001584173 0.999338150 1.649258971
0.999207079 -0.009437441 -0.038679577 -0.029431183 0.009563803 0.999949515 0.003083193 0.002231499 0.038648523 -0.003450672 0.999246955 1.688432574
0.999146402 -0.008765643 -0.040367700 -0.031493440 0.008978113 0.999946773 0.005085076 0.001502337 0.040320981 -0.005443161 0.999171913 1.726218939
0.999068797 -0.007948595 -0.042407528 -0.033094928 0.008195384 0.999950469 0.005648785 0.001353326 0.042360533 -0.005991070 0.999084413 1.764957547
0.998989165 -0.005392810 -0.044626843 -0.034868602 0.005601699 0.999973953 0.004557041 0.001703420 0.044601105 -0.004802419 0.998993337 1.801516414
0.998904526 -0.003958007 -0.046627950 -0.036641065 0.004150230 0.999983311 0.004026440 0.001922737 0.046611231 -0.004215545 0.998904228 1.838907242
0.998851895 -0.003118783 -0.047804721 -0.039081793 0.003354470 0.999982536 0.004850734 0.002484902 0.047788754 -0.005005524 0.998844922 1.874882460
0.998781383 -0.001637654 -0.049327329 -0.040814228 0.002003519 0.999970794 0.007368541 0.002080727 0.049313828 -0.007458391 0.998755455 1.912334204
0.998800874 0.000936368 -0.048947759 -0.042972904 -0.000569900 0.999971688 0.007500353 0.002138585 0.048953399 -0.007463463 0.998773158 1.947744370
0.998847067 0.004082570 -0.047831669 -0.045005176 -0.003812954 0.999976337 0.005726652 0.001834050 0.047853917 -0.005537670 0.998838961 1.982785344
0.998936772 0.006943142 -0.045574579 -0.047663927 -0.006784159 0.999970317 0.003642148 0.000720572 0.045598518 -0.003329089 0.998954296 2.015687704
0.999028623 0.005806714 -0.043681223 -0.049077701 -0.005809326 0.999983132 0.000067151 0.003145364 0.043680876 0.000186672 0.999045491 2.050359726
0.999153972 0.006374802 -0.040629048 -0.050503265 -0.006335320 0.999979317 0.001100470 0.003118641 0.040635224 -0.000842141 0.999173701 2.082864046
0.999249578 0.011044567 -0.037125751 -0.052031271 -0.010911397 0.999933243 0.003787688 0.003262035 0.037165113 -0.003379752 0.999303401 2.115278006
0.999300420 0.016018106 -0.033796147 -0.053091615 -0.015782569 0.999849379 0.007224618 0.003106565 0.033906776 -0.006686174 0.999402642 2.148132563
0.999343574 0.020993141 -0.029524133 -0.053903177 -0.020748276 0.999747932 0.008575745 0.002847247 0.029696722 -0.007957541 0.999527216 2.177577019
0.999420285 0.024712199 -0.023418939 -0.056780059 -0.024526007 0.999665499 0.008204645 0.003974278 0.023613859 -0.007625517 0.999692082 2.212023258
0.999428809 0.028988514 -0.017370392 -0.057756644 -0.028806467 0.999528348 0.010640340 0.003591919 0.017670648 -0.010133883 0.999792516 2.241395950
0.999348879 0.034424547 -0.010809567 -0.058763832 -0.034288108 0.999332964 0.012563115 0.002987515 0.011234836 -0.012184296 0.999862671 2.270232916
0.999317765 0.036713492 -0.003991111 -0.058667816 -0.036667094 0.999265492 0.011134546 0.004243743 0.004396967 -0.010980609 0.999930024 2.298054695
0.999183595 0.040239301 0.003592067 -0.059170637 -0.040276714 0.999127626 0.011033185 0.004436515 -0.003144966 -0.011168853 0.999932706 2.324365377
0.998971164 0.044039819 0.010825692 -0.058625057 -0.044157356 0.998965383 0.010868796 0.004238069 -0.010335834 -0.011335649 0.999882340 2.350040913
0.998642743 0.048706867 0.018451124 -0.058515858 -0.048866767 0.998770714 0.008316334 0.004160896 -0.018023383 -0.009206695 0.999795139 2.374203205
0.998355031 0.050818186 0.026547857 -0.058182374 -0.050969511 0.998687446 0.005054159 0.004548235 -0.026256170 -0.006398976 0.999634743 2.397446394
0.998087049 0.051377907 0.034389231 -0.057495780 -0.051576011 0.998657107 0.004897966 0.004615313 -0.034091406 -0.006662256 0.999396503 2.418700933
0.997813106 0.050998729 0.042049855 -0.055900119 -0.051319074 0.998660684 0.006573361 0.004503021 -0.041658301 -0.008716945 0.999093950 2.438782454
0.997350693 0.052310281 0.050547913 -0.055284642 -0.052715972 0.998586893 0.006725178 0.004958468 -0.050124682 -0.009372042 0.998699009 2.460099220
0.996719480 0.055045106 0.059333052 -0.054332152 -0.055557117 0.998430908 0.007013328 0.004719736 -0.058853902 -0.010286695 0.998213649 2.477355003
0.995872021 0.059938766 0.068163469 -0.053206503 -0.060515467 0.998146594 0.006425477 0.004851642 -0.067652009 -0.010523897 0.997653484 2.494808435
0.994966328 0.063777663 0.077293269 -0.052300230 -0.064466938 0.997898996 0.006453253 0.004790546 -0.076719292 -0.011403630 0.996987522 2.511268616
0.994236112 0.062990263 0.086756378 -0.050857410 -0.063876294 0.997929811 0.007472245 0.004402997 -0.086106107 -0.012970855 0.996201515 2.525397539
0.993291020 0.062210295 0.097481593 -0.049158797 -0.063042387 0.997995794 0.005476143 0.004614955 -0.096945539 -0.011584877 0.995222211 2.539530516
0.992183983 0.060518567 0.109125018 -0.047100335 -0.060961075 0.998139858 0.000720423 0.004599426 -0.108878441 -0.007367171 0.994027734 2.553416491
0.990596890 0.061707247 0.122106254 -0.044644713 -0.061773852 0.998084903 -0.003243781 0.004538670 -0.122072577 -0.004329694 0.992511690 2.566624641
0.988383293 0.063588060 0.138040110 -0.043139637 -0.063456066 0.997970223 -0.005361379 0.004282118 -0.138100863 -0.003460385 0.990412116 2.580416918
0.985976160 0.064779021 0.153800905 -0.040003091 -0.064511664 0.997894228 -0.006733808 0.004267022 -0.153913260 -0.003282577 0.988078833 2.593334436
0.983172417 0.065692842 0.170459569 -0.036936492 -0.065325193 0.997833788 -0.007770853 0.003976120 -0.170600772 -0.003495215 0.985334039 2.606091976
0.979983747 0.064688519 0.188274786 -0.033529997 -0.064174160 0.997899652 -0.008832887 0.003614206 -0.188450724 -0.003426292 0.982076645 2.618655443
0.975965917 0.063527398 0.208458841 -0.030854821 -0.062878616 0.997973621 -0.009744374 0.004277648 -0.208655477 -0.003597426 0.977982581 2.632247686
0.971483767 0.063782990 0.228366077 -0.026805222 -0.063029326 0.997955382 -0.010599706 0.003680846 -0.228575230 -0.004096316 0.973517656 2.644177437
0.966142356 0.065714963 0.249500737 -0.023255289 -0.064434670 0.997833252 -0.013304641 0.004094284 -0.249834418 -0.003222321 0.968283176 2.657604933
0.959988594 0.067057103 0.271891952 -0.018278837 -0.065368272 0.997744262 -0.015274616 0.003785320 -0.272302926 -0.003109651 0.962206542 2.669214964
0.952607095 0.068424910 0.296408087 -0.014105856 -0.066591933 0.997647345 -0.016288301 0.003279779 -0.296825320 -0.004222036 0.954922378 2.682317257
0.944054723 0.071207009 0.322009742 -0.009170830 -0.069292411 0.997444212 -0.017419346 0.003070436 -0.322427183 -0.005868016 0.946576059 2.694607496
0.934110045 0.073078386 0.349425137 -0.003803074 -0.071088664 0.997297823 -0.018534072 0.002746377 -0.349835336 -0.007527306 0.936780930 2.707552195
0.922941208 0.073960207 0.377768815 0.002346337 -0.071716659 0.997224033 -0.020024497 0.002532847 -0.378201127 -0.008610883 0.925683439 2.719299555
0.910285652 0.072240308 0.407628924 0.009798169 -0.069343828 0.997352421 -0.021898231 0.001694717 -0.408131629 -0.008332904 0.912885070 2.732072115
0.895378709 0.069405362 0.439863265 0.017433405 -0.065314539 0.997565031 -0.024451051 0.001180675 -0.440489292 -0.006836510 0.897731781 2.743649960
0.878103316 0.069034755 0.473464549 0.025821447 -0.062891357 0.997604191 -0.028817892 0.000701524 -0.474319696 -0.004471743 0.880341291 2.755547047
0.858599186 0.070594110 0.507763743 0.034797311 -0.061883032 0.997502685 -0.034041617 0.000469342 -0.508898854 -0.002193850 0.860823572 2.767359734
0.836858690 0.072682537 0.542572379 0.044127107 -0.061576463 0.997354567 -0.038629778 0.000117712 -0.543944776 -0.001082022 0.839120328 2.778974056
0.812286973 0.075519025 0.578348339 0.054521680 -0.062624864 0.997142553 -0.042247675 -0.000584632 -0.579886198 -0.001901744 0.814695239 2.790954828
0.785037041 0.079348698 0.614345610 0.065624833 -0.065195628 0.996837258 -0.045441426 -0.001089960 -0.616008401 -0.004379454 0.787727296 2.802867889
0.754961908 0.083777010 0.650395215 0.077581167 -0.068959244 0.996449292 -0.048305929 -0.001783133 -0.652132750 -0.008381615 0.758058429 2.815341949
0.722130418 0.084920250 0.686524689 0.091602445 -0.068580039 0.996335745 -0.051105738 -0.002537824 -0.688349009 -0.010176877 0.725308120 2.827507973
0.685398638 0.082148209 0.723519564 0.106846452 -0.064619064 0.996557593 -0.051934492 -0.003609873 -0.725295246 -0.011157325 0.688347638 2.840107679
0.646208763 0.081091657 0.758840203 0.123476982 -0.062009972 0.996630073 -0.053696427 -0.004381582 -0.760637224 -0.012356551 0.649059474 2.851977348
0.603739917 0.081056163 0.793049693 0.140983939 -0.060262315 0.996611297 -0.055984788 -0.005193442 -0.794900358 -0.013990755 0.606578648 2.863642216
0.557851374 0.079913326 0.826084554 0.160451531 -0.055946022 0.996710300 -0.058639131 -0.006809421 -0.828053117 -0.013504221 0.560487032 2.874824524
0.508917809 0.079213053 0.857162714 0.180531383 -0.053035185 0.996750653 -0.060624558 -0.007805519 -0.859179854 -0.014606864 0.511465311 2.885847807
0.460878879 0.077627286 0.884061337 0.203825712 -0.051229458 0.996833086 -0.060822558 -0.008912817 -0.885983169 -0.017258160 0.463396043 2.895286083
0.411011100 0.075369716 0.908509314 0.227366924 -0.050878275 0.996919751 -0.059686806 -0.010313317 -0.910209417 -0.021691449 0.413579732 2.904735327
0.361172110 0.074888088 0.929487169 0.252888739 -0.053711355 0.996785879 -0.059439596 -0.011727564 -0.930950880 -0.028456092 0.364033580 2.913355827
0.311904013 0.075597942 0.947101295 0.276823342 -0.051851273 0.996698320 -0.062480878 -0.012658991 -0.948697686 -0.029620370 0.314794064 2.919592857
0.263993740 0.072114632 0.961824775 0.303199649 -0.040261202 0.997155786 -0.063713074 -0.014241092 -0.963683665 -0.021904368 0.266146362 2.925400496
0.220760345 0.066644453 0.973048568 0.331452072 -0.027121836 0.997696340 -0.062179334 -0.015685312 -0.974950850 -0.012664134 0.222059354 2.928716898
0.178750962 0.065342009 0.981722176 0.359572172 -0.018273868 0.997840703 -0.063087538 -0.017608073 -0.983724654 -0.006662901 0.179559022 2.931797743
0.139854550 0.067190848 0.987889707 0.389416754 -0.014496540 0.997727036 -0.065807678 -0.018551629 -0.990065992 -0.005117476 0.140510738 2.935438156
0.107487485 0.067488112 0.991913140 0.419465035 -0.006208665 0.997719526 -0.067210361 -0.020897493 -0.994187057 0.001065816 0.107661359 2.936942577
0.078701958 0.066132285 0.994702220 0.450266063 0.000847544 0.997792482 -0.066404790 -0.022634879 -0.996897757 0.006069239 0.078472152 2.937847137
0.054281048 0.064142212 0.996463418 0.482118547 0.007767180 0.997877300 -0.064656340 -0.024748035 -0.998495519 0.011249323 0.053667616 2.938283920
0.033693247 0.063416041 0.997418225 0.515766680 0.012611964 0.997878432 -0.063871339 -0.026195556 -0.999352574 0.014731434 0.032821957 2.938958883
0.017701691 0.065246083 0.997712135 0.548758388 0.015937649 0.997723281 -0.065529592 -0.027608890 -0.999716222 0.017061170 0.016621517 2.939544439
0.004271487 0.064812310 0.997888327 0.582188964 0.016074471 0.997764051 -0.064873040 -0.029997915 -0.999861658 0.016317630 0.003220109 2.939314842
-0.007461661 0.065615192 0.997817099 0.618525326 0.016801005 0.997712255 -0.065482654 -0.032217965 -0.999830961 0.016275723 -0.008546991 2.938359976
-0.016063100 0.068642616 0.997512043 0.653559208 0.021593070 0.997431874 -0.068289369 -0.033979829 -0.999637783 0.020442408 -0.017504051 2.936928272
-0.022687664 0.070576414 0.997248292 0.689653516 0.025716515 0.997216225 -0.069989085 -0.036108054 -0.999411762 0.024057865 -0.024439488 2.936187506
-0.026505735 0.069919936 0.997200370 0.726215720 0.026434092 0.997251093 -0.069220871 -0.038078859 -0.999299049 0.024525337 -0.028281143 2.933970690
-0.030946840 0.067170180 0.997261465 0.765846908 0.024355963 0.997493804 -0.066429995 -0.040296372 -0.999224186 0.022233462 -0.032505270 2.933443546
-0.033307400 0.060128249 0.997634828 0.803505421 0.021944363 0.997992039 -0.059417143 -0.042619951 -0.999204218 0.019913428 -0.034559999 2.932240963
-0.033867486 0.054725863 0.997926950 0.843237519 0.023915282 0.998258114 -0.053932387 -0.044434484 -0.999140084 0.022039149 -0.035117280 2.930262566
-0.035194576 0.052020576 0.998025656 0.884069085 0.025623119 0.998363018 -0.051134583 -0.046717528 -0.999051929 0.023772871 -0.036469892 2.929068089
-0.034895379 0.053950857 0.997933686 0.924193561 0.028839985 0.998180330 -0.052955732 -0.049184371 -0.998974741 0.026932484 -0.036387824 2.927489758
-0.033920448 0.061570235 0.997526109 0.964565933 0.030136855 0.997709751 -0.060556762 -0.050615422 -0.998969972 0.028008195 -0.035698287 2.926624298
-0.031951033 0.069707304 0.997055590 1.006141305 0.030646693 0.997164249 -0.068732806 -0.052756257 -0.999019623 0.028360376 -0.033996720 2.924955606
-0.029547334 0.070458651 0.997076929 1.048241377 0.031569332 0.997080743 -0.069523379 -0.054603957 -0.999064744 0.029422825 -0.031685408 2.924001932
-0.027224481 0.065741606 0.997465193 1.091318965 0.030979941 0.997411251 -0.064892486 -0.057379529 -0.999149203 0.029134752 -0.029190671 2.923107386
-0.025298575 0.059708070 0.997895181 1.134403706 0.030106241 0.997807443 -0.058939561 -0.059715927 -0.999226451 0.028551791 -0.027040694 2.922121048
-0.022657301 0.058146439 0.998050869 1.177753925 0.028656464 0.997934759 -0.057489123 -0.062384769 -0.999332488 0.027298063 -0.024276782 2.921843529
-0.018979950 0.063415714 0.997806668 1.219625950 0.036038142 0.997381389 -0.062703177 -0.064752534 -0.999170125 0.034768999 -0.021215633 2.920399427
-0.015877225 0.068938710 0.997494638 1.262572885 0.037650064 0.996954024 -0.068302095 -0.067441285 -0.999164760 0.036471289 -0.018424414 2.919458389
-0.013701879 0.069460064 0.997490644 1.305333018 0.031469952 0.997120082 -0.069001980 -0.070068955 -0.999410808 0.030445527 -0.015848326 2.919895649
-0.010052729 0.066381395 0.997743666 1.348503709 0.027465776 0.997435927 -0.066084206 -0.071963236 -0.999572158 0.026739471 -0.011850173 2.919735193
-0.005334288 0.062547021 0.998027742 1.391597986 0.031581659 0.997554600 -0.062348571 -0.074980289 -0.999486864 0.031186799 -0.007296585 2.919002056
-0.001624942 0.063182652 0.998000622 1.433587670 0.036135443 0.997353852 -0.063082881 -0.078250088 -0.999345481 0.035960693 -0.003903777 2.918589592
0.001288499 0.067623042 0.997710109 1.476476431 0.036025316 0.997060120 -0.067625515 -0.080848657 -0.999350011 0.036029961 -0.001151431 2.918453932
0.004715261 0.069016710 0.997604311 1.521061182 0.031960569 0.997095346 -0.069132574 -0.082899064 -0.999477923 0.032209981 0.002495751 2.919315338
0.009130488 0.068672910 0.997597456 1.564507008 0.031511795 0.997123778 -0.068928711 -0.085542969 -0.999461651 0.032065433 0.006940220 2.919376850
0.012399420 0.065456778 0.997778296 1.607738853 0.035388112 0.997201264 -0.065858692 -0.088400133 -0.999296665 0.036126107 0.010048325 2.920058966
0.016141616 0.065870516 0.997697651 1.651005030 0.039881807 0.996991158 -0.066469125 -0.091272123 -0.999073982 0.040862899 0.013466012 2.920388699
0.019147299 0.066548303 0.997599483 1.694559216 0.042854339 0.996810734 -0.067318201 -0.094230972 -0.998897851 0.044040423 0.016234348 2.921210527
0.021787781 0.065943509 0.997585475 1.737884879 0.043316353 0.996823013 -0.066839173 -0.097506106 -0.998823822 0.044668030 0.018862130 2.922245502
0.026031330 0.064865902 0.997554481 1.781091571 0.044712842 0.996818244 -0.065984823 -0.099719748 -0.998660684 0.046321165 0.023048170 2.922538280
0.029454321 0.063843749 0.997525215 1.825755000 0.046537265 0.996788383 -0.065170735 -0.102812193 -0.998482227 0.048341651 0.026388612 2.924120188
0.031762350 0.064097494 0.997438014 1.868820310 0.045071002 0.996834576 -0.065493926 -0.105348542 -0.998478711 0.047035776 0.028772868 2.925945044
0.035024703 0.066050999 0.997201324 1.912521482 0.042242888 0.996823907 -0.067509703 -0.107826583 -0.998493254 0.044489171 0.032123279 2.927477360
0.037734896 0.065915935 0.997111440 1.956593275 0.044313334 0.996730089 -0.067567743 -0.110581860 -0.998304725 0.046734985 0.034690548 2.929321289
0.039956611 0.066183709 0.997007251 2.000486135 0.042236760 0.996800184 -0.067862682 -0.112792902 -0.998308361 0.044821911 0.037033375 2.932115078
0.042172741 0.065951176 0.996931255 2.044853210 0.040042050 0.996905744 -0.067643359 -0.116089299 -0.998307586 0.042771876 0.039401427 2.934206009
0.045278408 0.065947585 0.996795297 2.089204788 0.037164789 0.997016728 -0.067650400 -0.119120672 -0.998282790 0.040108785 0.042692401 2.936420679
0.048363723 0.067851014 0.996522546 2.133705854 0.035764765 0.996932566 -0.069614701 -0.122071318 -0.998189270 0.039007213 0.045788702 2.939386129
0.051957954 0.071244329 0.996104658 2.177658319 0.033967357 0.996748745 -0.073062159 -0.125100836 -0.998071432 0.037631202 0.049369045 2.941484213
0.054976597 0.073296621 0.995793760 2.222892761 0.034411356 0.996570408 -0.075253598 -0.128092438 -0.997894526 0.038403794 0.052265812 2.944222450
0.057849579 0.075937562 0.995433092 2.268490553 0.028073894 0.996584773 -0.077656940 -0.130635679 -0.997930527 0.032438103 0.055520151 2.947693110
0.060564552 0.075025566 0.995340705 2.314047098 0.024489475 0.996759415 -0.076622643 -0.133928150 -0.997863829 0.029015984 0.058530957 2.951108217
0.063755766 0.075867996 0.995077491 2.358901978 0.026531339 0.996624768 -0.077685855 -0.136959419 -0.997612774 0.031353656 0.061527699 2.954640865
0.067864023 0.077049017 0.994714975 2.405680895 0.025680773 0.996548295 -0.078943081 -0.140296042 -0.997363925 0.030902443 0.065651096 2.957674503
0.071831450 0.077756897 0.994381249 2.451390982 0.022425059 0.996578753 -0.079548642 -0.143412411 -0.997164607 0.028013153 0.069841996 2.961447239
0.075954281 0.075940683 0.994215190 2.497338057 0.021308612 0.996744215 -0.077761754 -0.146376848 -0.996883571 0.027091680 0.074088812 2.965287685
0.080189019 0.075450696 0.993919969 2.543463707 0.021113258 0.996778727 -0.077371128 -0.150577188 -0.996556103 0.027189197 0.078337707 2.969660997
0.085222393 0.079552338 0.993181050 2.592422485 0.016819516 0.996550679 -0.081265450 -0.154202044 -0.996219993 0.023630466 0.083590396 2.973801613
0.091124430 0.087704539 0.991969883 2.638727427 0.015099055 0.995878100 -0.089437097 -0.158122495 -0.995724976 0.023127716 0.089424573 2.978746414
0.098438919 0.092956550 0.990792036 2.686391830 0.014170856 0.995395899 -0.094796389 -0.161523148 -0.995042205 0.023372030 0.096668437 2.984196663
0.104876272 0.095809951 0.989859283 2.732783794 0.009659101 0.995203257 -0.097350582 -0.165677533 -0.994438350 0.019770920 0.103447795 2.991437912
0.111550242 0.093712777 0.989330292 2.781396389 0.006704428 0.995450079 -0.095048398 -0.170382291 -0.993736148 0.017235572 0.110414416 2.999472857
0.120443232 0.092278935 0.988421977 2.827682972 0.006128350 0.995582163 -0.093694150 -0.173765928 -0.992701232 0.017342225 0.119345613 3.001317739
0.128051072 0.088856936 0.987778962 2.875770569 0.006494469 0.995881796 -0.090427741 -0.177366257 -0.991746306 0.017994467 0.126946673 3.007738829
0.135073245 0.083279349 0.987329602 2.923187494 0.002703397 0.996426880 -0.084416538 -0.182166934 -0.990831852 0.014071558 0.134365484 3.014928579
0.141863629 0.075768963 0.986982107 2.969109535 0.000279061 0.997063220 -0.076582968 -0.185775459 -0.989886165 0.011139766 0.141425863 3.022216320
0.149991751 0.073230892 0.985971451 3.019340754 0.000625994 0.997245908 -0.074163504 -0.189478949 -0.988686979 0.011741128 0.149532810 3.029730797
0.157259628 0.075008713 0.984704554 3.065930128 0.000566200 0.997104406 -0.076043658 -0.193079263 -0.987557113 0.012516138 0.156761765 3.037423134
0.162649110 0.081095561 0.983345687 3.112244844 0.000925006 0.996603787 -0.082341924 -0.197143584 -0.986683488 0.014302442 0.162021682 3.045734882
0.167990580 0.085267998 0.982093871 3.158337593 -0.000615993 0.996260941 -0.086392656 -0.200185284 -0.985788345 0.013908188 0.167414978 3.053649426
0.172966555 0.088087685 0.980980694 3.203830719 -0.002025610 0.996022224 -0.089081205 -0.204280257 -0.984925628 0.013420986 0.172456980 3.062211514
0.178069636 0.087576427 0.980113029 3.248590946 -0.004791029 0.996097088 -0.088134214 -0.208396822 -0.984006166 0.010998278 0.177794218 3.070902824
0.183384150 0.084942788 0.979364574 3.293295145 -0.000423463 0.996266544 -0.086329453 -0.211902350 -0.983041227 0.015416729 0.182735443 3.079484701
0.187463820 0.077790372 0.979186356 3.338480473 -0.000526341 0.996867001 -0.079094239 -0.215974361 -0.982271373 0.014311923 0.186917454 3.088527441
0.191289216 0.071895219 0.978897095 3.382477522 -0.001511019 0.997334123 -0.072954066 -0.218946353 -0.981532574 0.012476193 0.190887898 3.097193003
0.194734916 0.068731479 0.978444755 3.425167084 -0.004893100 0.997597694 -0.069103003 -0.222227439 -0.980843782 0.008669141 0.194603369 3.106194973
0.197257683 0.068796813 0.977934718 3.468042850 -0.006938772 0.997607589 -0.068781175 -0.225440979 -0.980327129 0.006781947 0.197263122 3.115990400
0.199799940 0.071095519 0.977254033 3.510801792 -0.009230893 0.997456431 -0.070677988 -0.228263408 -0.979793191 0.005100533 0.199948013 3.124979019
0.201115221 0.075307310 0.976668537 3.552667379 -0.013006245 0.997157872 -0.074208923 -0.231273592 -0.979481220 0.002221757 0.201523095 3.133910894
0.203408822 0.079553992 0.975856543 3.593292713 -0.014244572 0.996828437 -0.078294508 -0.234124154 -0.978990257 0.002025136 0.203896910 3.142611742
0.204188257 0.084754042 0.975255728 3.633545160 -0.015334809 0.996399641 -0.083380915 -0.237642109 -0.978811502 0.002070042 0.204752848 3.152926683
0.205765352 0.086434908 0.974776685 3.673341036 -0.014627778 0.996252000 -0.085251398 -0.241180196 -0.978491962 0.003282970 0.206258535 3.161827087
0.207660392 0.086812191 0.974341214 3.713068247 -0.016564563 0.996223390 -0.085231468 -0.243852943 -0.978060722 0.001559665 0.208314165 3.170094967
0.208099127 0.083467901 0.974539816 3.751775980 -0.016554222 0.996509969 -0.081814706 -0.247468218 -0.977967620 0.000892821 0.208754629 3.178675890
0.208778515 0.081251316 0.974581778 3.790512800 -0.016912457 0.996693611 -0.079471745 -0.250539094 -0.977816701 0.000109419 0.209462404 3.187212944
0.208758399 0.080310330 0.974664152 3.828979969 -0.014741607 0.996767640 -0.078974172 -0.253169775 -0.977856100 0.002118408 0.209267557 3.195393562
0.207190409 0.079111286 0.975096703 3.865493059 -0.015740030 0.996865511 -0.077532969 -0.256804168 -0.978173971 0.000716033 0.207786202 3.203593969
0.205357000 0.079948999 0.975416183 3.902166367 -0.017162703 0.996798754 -0.078088306 -0.259759307 -0.978536665 -0.000704798 0.206071749 3.211961746
0.202785626 0.082390234 0.975750983 3.937576771 -0.018016687 0.996599197 -0.080406323 -0.263180554 -0.979057372 -0.001274556 0.203580394 3.219713688
0.200810924 0.086909384 0.975767255 3.973620176 -0.016068861 0.996215165 -0.085423686 -0.265779972 -0.979498208 0.001474545 0.201447412 3.227034330
0.199617416 0.087367989 0.975971282 4.008411407 -0.013632282 0.996168315 -0.086387776 -0.268533558 -0.979779065 0.003939791 0.200043589 3.233148813
0.197550759 0.086730957 0.976448417 4.042922497 -0.014327683 0.996227503 -0.085589088 -0.270841599 -0.980188012 0.002917946 0.198048130 3.239726067
0.194966137 0.083471395 0.977251709 4.076972008 -0.014728032 0.996508777 -0.082177952 -0.274140388 -0.980699420 0.001628922 0.195514858 3.246817589
0.192621067 0.079136603 0.978076875 4.110717297 -0.014700525 0.996863663 -0.077761531 -0.277397990 -0.981163085 0.000600262 0.193180248 3.253889561
0.190835848 0.077534325 0.978555024 4.140381813 -0.009840430 0.996976733 -0.077074885 -0.280869544 -0.981572628 0.005079248 0.191021860 3.260408401
0.189117163 0.079798587 0.978706717 4.174727440 -0.006685953 0.996774018 -0.079979770 -0.282797813 -0.981931746 0.008581959 0.189040631 3.266473770
0.186447516 0.081586242 0.979071438 4.205487251 -0.002777364 0.996585786 -0.082516804 -0.285175413 -0.982460976 0.012665817 0.186037540 3.272341728
0.184274107 0.083138987 0.979352355 4.235510349 -0.003182047 0.996461332 -0.083992667 -0.287792385 -0.982869685 0.012361331 0.183886588 3.279014826
0.182984918 0.085831210 0.979361773 4.266860962 -0.003836538 0.996236324 -0.086593270 -0.290259123 -0.983108163 0.012087909 0.182625532 3.284991026
0.182450429 0.084347025 0.979590476 4.299166679 -0.001917523 0.996342182 -0.085432276 -0.292843342 -0.983213186 0.013708767 0.181944788 3.290116549
0.182820112 0.082780853 0.979655087 4.329646111 0.003643021 0.996384978 -0.084874384 -0.295072436 -0.983139634 0.019085646 0.181857646 3.295983315
0.185491309 0.080947369 0.979306281 4.363336563 0.009497765 0.996406972 -0.084159873 -0.297300398 -0.982600152 0.024912138 0.184055984 3.301183224
0.187786356 0.079770803 0.978965342 4.395207882 0.013022782 0.996406734 -0.083690077 -0.300405800 -0.982123613 0.028464703 0.186072737 3.307407618
0.190688759 0.079519503 0.978424489 4.426927567 0.010292420 0.996496856 -0.082994215 -0.302825719 -0.981596589 0.025896423 0.189202279 3.314723730
0.195848554 0.080692440 0.977308452 4.460106373 0.008238751 0.996438205 -0.083922908 -0.305241883 -0.980599523 0.024487976 0.194486171 3.321621895
0.202626780 0.080264024 0.975961089 4.492702484 0.009512819 0.996426880 -0.083922185 -0.306967676 -0.979209840 0.026289020 0.201139227 3.328533411
0.209984690 0.079826400 0.974440515 4.525318146 0.007713066 0.996495008 -0.083295226 -0.309940994 -0.977674186 0.025006644 0.208633006 3.336241007
0.218386114 0.077485994 0.972781301 4.558766365 0.008264896 0.996659994 -0.081243455 -0.312687188 -0.975827396 0.025782377 0.217016309 3.344432354
0.227049008 0.077376612 0.970804572 4.591824055 0.004611702 0.996742129 -0.080522493 -0.315228730 -0.973872423 0.022759613 0.225952506 3.353454828
0.236393005 0.077330790 0.968575418 4.625200272 0.003336082 0.996757448 -0.080395065 -0.317576826 -0.971651793 0.022236072 0.235368490 3.362736702
0.246758059 0.080724075 0.965709150 4.660752296 -0.001618107 0.996557415 -0.082889229 -0.320708692 -0.969075799 0.018890966 0.246039212 3.371141911
0.255850106 0.083011322 0.963145792 4.697128296 -0.004507354 0.996398032 -0.084679924 -0.322895199 -0.966705978 0.017324133 0.255302697 3.381304979
0.266803563 0.085409038 0.959958971 4.731401443 -0.008235046 0.996231019 -0.086347446 -0.325693935 -0.963715732 0.015132501 0.266501367 3.391303539
0.276702940 0.087498635 0.956963539 4.767982483 -0.010188536 0.996057093 -0.088127114 -0.328725487 -0.960901499 0.014634974 0.276503414 3.403185368
0.286689460 0.088209942 0.953953922 4.804785252 -0.012672273 0.996014178 -0.088290781 -0.331303567 -0.957939744 0.013223269 0.286664546 3.414401531
0.296878874 0.089023851 0.950756371 4.841706753 -0.014022360 0.995943964 -0.088876426 -0.333662689 -0.954812169 0.013053688 0.296923071 3.426599264
0.307526410 0.089833274 0.947289526 4.879552841 -0.018190995 0.995906651 -0.088538229 -0.337115407 -0.951365650 0.009995705 0.307901770 3.439031839
0.318470120 0.084200442 0.944185972 4.917688847 -0.016532008 0.996389091 -0.083279632 -0.340253294 -0.947788656 0.010912783 0.318712234 3.452045441
0.328871995 0.078038812 0.941144586 4.957241058 -0.013786866 0.996870399 -0.077841863 -0.342736661 -0.944273889 0.012624580 0.328918695 3.466262341
0.339091748 0.074064896 0.937833190 4.995811462 -0.013516175 0.997176707 -0.073864467 -0.345939785 -0.940656245 0.012370916 0.339135498 3.481599331
0.349952072 0.070203707 0.934133232 5.037316322 -0.013235510 0.997458875 -0.070004471 -0.348881692 -0.936674118 0.012134483 0.349991977 3.496605635
0.359347194 0.068189807 0.930709243 5.077905178 -0.007626829 0.997508109 -0.070139185 -0.351347893 -0.933172882 0.018105965 0.358971804 3.512454987
0.368268430 0.062205773 0.927636147 5.119875431 -0.000379830 0.997769117 -0.066757977 -0.353901923 -0.929719448 0.024232516 0.367470533 3.528376102
0.375194460 0.052786086 0.925442040 5.161990166 0.009391518 0.998109519 -0.060738489 -0.356256098 -0.926898658 0.031480048 0.373989433 3.544916630
0.381681144 0.049421575 0.922971845 5.204106808 0.013212415 0.998175740 -0.058912247 -0.358421028 -0.924199641 0.034680385 0.380331933 3.562455654
0.389427990 0.049142998 0.919745028 5.247116089 0.014955124 0.998106658 -0.059662081 -0.361817479 -0.920935512 0.036988981 0.387955725 3.580194473
0.396699429 0.055073664 0.916294873 5.287734509 0.018399669 0.997520924 -0.067921653 -0.363877803 -0.917764068 0.043804001 0.394702673 3.598807335
0.403949827 0.059473798 0.912845790 5.331831455 0.023005018 0.996908367 -0.075130761 -0.365810841 -0.914491773 0.051349096 0.401332825 3.618828535
0.409481734 0.062262055 0.910191178 5.373802185 0.020830994 0.996770263 -0.077556089 -0.368245125 -0.912080467 0.050717998 0.406862289 3.637241840
0.413561463 0.063124724 0.908285260 5.414800167 0.013680300 0.997050166 -0.075522706 -0.372848392 -0.910373390 0.043658897 0.411478013 3.657293797
0.417383969 0.066446677 0.906297684 5.457750797 0.007168742 0.997051299 -0.076401904 -0.376691580 -0.908701956 0.038385950 0.415676951 3.678679466
0.421547472 0.070215695 0.904083788 5.498174667 0.006271876 0.996748030 -0.080336876 -0.379572451 -0.906784654 0.039536107 0.419736356 3.698066235
0.425794184 0.073734954 0.901810586 5.534894943 0.003213561 0.996544480 -0.082998000 -0.382750928 -0.904814363 0.038238090 0.424085885 3.713766336
0.428954899 0.077438101 0.900000513 5.575180531 -0.001311697 0.996371150 -0.085104860 -0.386604667 -0.903325021 0.035325613 0.427499831 3.734559059
0.432751656 0.075747222 0.898325264 5.614750862 -0.002232291 0.996550918 -0.082954265 -0.390363276 -0.901510477 0.033893276 0.431428105 3.754644871
0.436963856 0.072292320 0.896569252 5.653964043 -0.001012696 0.996803939 -0.079880901 -0.394257128 -0.899478555 0.033997118 0.435640484 3.774052143
0.440437168 0.069962762 0.895053208 5.693219662 -0.000326894 0.996971428 -0.077768445 -0.396709830 -0.897783458 0.033959530 0.439126194 3.793643236
0.444136083 0.068551973 0.893332958 5.728711128 -0.001619990 0.997128427 -0.075711571 -0.400330275 -0.895957768 0.032179046 0.442971826 3.810674191
0.447232246 0.070838399 0.891608298 5.765892506 -0.004319761 0.997018158 -0.077046447 -0.403124332 -0.894407392 0.030606117 0.446204662 3.830162048
0.449678123 0.071510747 0.890323460 5.802801132 -0.003974423 0.996940136 -0.078066841 -0.406544387 -0.893181741 0.031566426 0.448586494 3.849798679
0.451738715 0.069440670 0.889443815 5.837159157 -0.002445142 0.997058868 -0.076600537 -0.410663426 -0.892146945 0.032428611 0.450579882 3.866997957
0.454373121 0.067727774 0.888233066 5.872146606 0.001364049 0.997051537 -0.076722950 -0.412238359 -0.890810370 0.036072440 0.452941060 3.883186340
0.455637246 0.067816950 0.887578487 5.907035351 -0.000564526 0.997115612 -0.075896516 -0.415659845 -0.890165329 0.034080222 0.454361320 3.902567863
0.457933217 0.066793352 0.886473775 5.940629005 0.001217923 0.997125387 -0.075759791 -0.418518603 -0.888985693 0.035772588 0.456535548 3.919002533
0.460064411 0.069105893 0.885192156 5.974007607 0.000183785 0.996959031 -0.077926919 -0.421350807 -0.887885511 0.036014095 0.458652735 3.937826872
0.463016152 0.068335004 0.883711755 6.006592274 0.004663997 0.996821940 -0.079525188 -0.424020767 -0.886337698 0.040943071 0.461225927 3.954571009
0.466577470 0.067913905 0.881869018 6.040218830 0.005714419 0.996795475 -0.079787895 -0.426947892 -0.884461880 0.042266600 0.464694172 3.971473932
0.469496071 0.066327997 0.880439699 6.071609020 0.008220031 0.996802807 -0.079477556 -0.429990202 -0.882896364 0.044551644 0.467449725 3.988188028
0.472565919 0.065259330 0.878875792 6.102718353 0.009145241 0.996837735 -0.078935705 -0.433143556 -0.881247818 0.045339860 0.470474720 4.005135059
0.476357222 0.064692132 0.876868665 6.133835316 0.010852772 0.996780992 -0.079434566 -0.435479105 -0.879184842 0.047355693 0.474121809 4.021646023
0.479865968 0.063685790 0.875027299 6.163838387 0.011814531 0.996802330 -0.079027854 -0.438070476 -0.877262294 0.048260823 0.477579176 4.037916660
0.483514130 0.063511252 0.873029470 6.193240643 0.013416718 0.996709347 -0.079939373 -0.440282255 -0.875233829 0.050365001 0.481070966 4.053695679
0.487455398 0.064769782 0.870742261 6.221504688 0.012333171 0.996634662 -0.081038535 -0.443163574 -0.873060703 0.050241690 0.485016167 4.069761276
0.491476446 0.064665072 0.868486762 6.253576756 0.015333083 0.996442437 -0.082869276 -0.445870936 -0.870755851 0.054044884 0.488736540 4.088697910
0.495909363 0.068259329 0.865687370 6.281990051 0.013055770 0.996206999 -0.086029790 -0.448606402 -0.868276119 0.053965203 0.493137240 4.105976582
0.501961470 0.074229762 0.861698627 6.310550213 0.009768192 0.995760024 -0.091468491 -0.451169312 -0.864834845 0.054330904 0.499108136 4.122145176
0.507299423 0.081037015 0.857951224 6.338341236 0.004485954 0.995307028 -0.096663348 -0.454395652 -0.861758232 0.052885983 0.504555106 4.140701294
0.513512909 0.087221898 0.853637397 6.368061066 -0.000967679 0.994878709 -0.101071335 -0.457609117 -0.858081341 0.051075395 0.510967433 4.158766747
0.519998431 0.092155188 0.849181354 6.396675110 -0.004341369 0.994435251 -0.105260037 -0.460157484 -0.854156196 0.051048435 0.517504871 4.176947117
0.525571465 0.092119500 0.845747411 6.425170898 -0.008455733 0.994636953 -0.103082031 -0.463268161 -0.850707531 0.047025558 0.523531616 4.194788456
0.531450868 0.091386288 0.842145145 6.454009533 -0.014940087 0.995020211 -0.098547451 -0.466085792 -0.846957445 0.039791405 0.530169547 4.213513851
0.536510825 0.088527881 0.839237094 6.483987808 -0.021207554 0.995582640 -0.091462515 -0.470366567 -0.843626916 0.031272456 0.536018312 4.235356808
0.542465746 0.086690344 0.835592985 6.513287544 -0.027838595 0.995970130 -0.085256219 -0.473815024 -0.839616477 0.022986826 0.542692959 4.255464077
0.548583984 0.085079603 0.831755340 6.543161869 -0.030728569 0.996188700 -0.081632338 -0.476007700 -0.835530698 0.019223539 0.549107492 4.276075840
0.554542720 0.088647522 0.827420056 6.573156357 -0.035380192 0.995922208 -0.082988322 -0.478484452 -0.831402838 0.016746286 0.555417776 4.297877312
0.560522616 0.092408285 0.822967172 6.604482174 -0.039531376 0.995607615 -0.084868684 -0.482359469 -0.827194870 0.015037801 0.561713696 4.319781780
0.566923201 0.096157804 0.818139076 6.635313034 -0.042292055 0.995251477 -0.087668285 -0.484483421 -0.822684169 0.015100406 0.568297923 4.341798306
0.572740436 0.098244280 0.813828230 6.667058945 -0.044267602 0.995050311 -0.088967361 -0.487385482 -0.818540573 0.014928980 0.574254632 4.365435123
0.580203414 0.099082559 0.808422267 6.698489666 -0.047034688 0.994992375 -0.088192396 -0.490217030 -0.813112378 0.013145638 0.581958294 4.387001038
0.585318744 0.101238959 0.804457963 6.733239651 -0.053531583 0.994834483 -0.086248115 -0.493601233 -0.809034169 0.007418725 0.587714732 4.415450096
0.593209863 0.099196464 0.798913002 6.766980171 -0.054030918 0.995047808 -0.083430290 -0.496773362 -0.803232610 0.006325665 0.595631838 4.439876080
0.599990606 0.097372018 0.794059157 6.800457478 -0.053957548 0.995230496 -0.081270494 -0.499332786 -0.798185408 0.005916042 0.602382839 4.467328072
