0.999998152 0.001067171 0.001595873 -0.000330532 -0.001059803 0.999988735 -0.004610582 -0.000087176 -0.001600776 0.004608883 0.999988079 0.045184556
0.999996543 -0.001206742 0.002352057 -0.000171393 0.001219652 0.999984086 -0.005494936 0.000004298 -0.002345389 0.005497786 0.999982059 0.091500819
0.999993742 -0.002529341 0.002467624 -0.000319306 0.002532937 0.999995708 -0.001455229 0.000017635 -0.002463933 0.001461470 0.999995887 0.135929391
0.999985099 -0.005143056 0.001805702 -0.000260078 0.005134528 0.999975801 0.004695667 -0.000079030 -0.001829808 -0.004686325 0.999987304 0.180972695
0.999960482 -0.008891620 0.000173348 0.000046568 0.008890709 0.999949396 0.004695613 0.000028633 -0.000215091 -0.004693887 0.999988973 0.225722685
0.999936819 -0.011223197 -0.000664161 0.000008213 0.011224377 0.999935329 0.001801287 0.000215909 0.000643902 -0.001808628 0.999998093 0.269986182
0.999928057 -0.011916289 -0.001354391 -0.000204136 0.011914087 0.999927640 -0.001622618 0.000300588 0.001373629 0.001606365 0.999997735 0.314366102
0.999930918 -0.011529709 -0.002293586 -0.000311001 0.011524387 0.999930859 -0.002320019 0.000375263 0.002320177 0.002293427 0.999994636 0.357988566
0.999933362 -0.011042546 -0.003384338 -0.000637094 0.011040896 0.999938905 -0.000506014 0.000403294 0.003389718 0.000468614 0.999994159 0.401504159
0.999932766 -0.010888204 -0.003987058 -0.000939278 0.010898297 0.999937415 0.002518859 0.000343118 0.003959383 -0.002562142 0.999988794 0.445494622
0.999932706 -0.010666184 -0.004559398 -0.001514319 0.010684493 0.999934852 0.004010359 0.000419246 0.004516325 -0.004058803 0.999981523 0.489351362
0.999907255 -0.012386294 -0.005654773 -0.001445762 0.012413872 0.999911070 0.004868402 0.000520379 0.005593969 -0.004938148 0.999972165 0.532539964
0.999902368 -0.012541149 -0.006160091 -0.002121372 0.012574170 0.999906600 0.005350844 0.000222909 0.006092411 -0.005427780 0.999966741 0.576050818
0.999891341 -0.012911062 -0.007116280 -0.002305387 0.012936391 0.999910057 0.003524717 0.000635865 0.007070132 -0.003616393 0.999968469 0.618601501
0.999876142 -0.013130252 -0.008679490 -0.002900561 0.013141691 0.999912798 0.001262154 0.000930008 0.008662160 -0.001376061 0.999961555 0.661856174
0.999844849 -0.014704874 -0.009700987 -0.003989989 0.014708227 0.999891818 0.000274594 0.000918785 0.009695899 -0.000417235 0.999952972 0.703745067
0.999832809 -0.014183382 -0.011537846 -0.004072892 0.014178490 0.999899268 -0.000505757 0.001086609 0.011543861 0.000342083 0.999933302 0.746868432
0.999819756 -0.013409195 -0.013443200 -0.004829091 0.013387758 0.999908924 -0.001683292 0.001221611 0.013464548 0.001503014 0.999908209 0.789233565
0.999813378 -0.011899686 -0.015223425 -0.005566039 0.011868794 0.999927282 -0.002118065 0.001505685 0.015247525 0.001936985 0.999881864 0.831831992
0.999797285 -0.011870458 -0.016262753 -0.006674771 0.011860300 0.999929428 -0.000721029 0.001131057 0.016270164 0.000528002 0.999867499 0.874447346
0.999767065 -0.011656804 -0.018162260 -0.007386130 0.011687033 0.999930501 0.001559102 0.000475763 0.018142823 -0.001771002 0.999833822 0.916339934
0.999765754 -0.011544090 -0.018305592 -0.009427167 0.011575754 0.999931693 0.001624782 0.000773733 0.018285587 -0.001836302 0.999831140 0.958645940
0.999713421 -0.012185040 -0.020606317 -0.009452925 0.012213592 0.999924600 0.001260299 0.000964871 0.020589411 -0.001511615 0.999786854 0.999715686
0.999668777 -0.012522303 -0.022483528 -0.010657235 0.012546212 0.999920905 0.000922547 0.000919137 0.022470199 -0.001204325 0.999746799 1.041040897
0.999647617 -0.012191150 -0.023580674 -0.011726918 0.012209373 0.999925196 0.000628873 0.001288302 0.023571249 -0.000916557 0.999721706 1.082428217
0.999630749 -0.011992541 -0.024381571 -0.012746857 0.012063471 0.999923348 0.002764124 0.001366924 0.024346553 -0.003057230 0.999698877 1.123200059
0.999607027 -0.012568648 -0.025054982 -0.013935280 0.012732886 0.999898374 0.006406300 0.001123168 0.024971917 -0.006722805 0.999665558 1.163745642
0.999576569 -0.012343436 -0.026353270 -0.014924981 0.012557765 0.999889255 0.007982953 0.001094909 0.026251819 -0.008310510 0.999620795 1.204404712
0.999559224 -0.012651083 -0.026856735 -0.015969351 0.012815891 0.999899983 0.005973280 0.001545089 0.026778486 -0.006314841 0.999621391 1.243012071
0.999576151 -0.010939936 -0.026979780 -0.017961983 0.011047507 0.999931633 0.003841251 0.001566607 0.026935916 -0.004137682 0.999628544 1.281660557
0.999525011 -0.011798943 -0.028468277 -0.018679129 0.011855603 0.999927998 0.001822253 0.001670786 0.028444726 -0.002158896 0.999593079 1.320265889
0.999521732 -0.009810033 -0.029331107 -0.019781485 0.009854016 0.999950528 0.001355294 0.001923941 0.029316364 -0.001643675 0.999568820 1.357226133
0.999472618 -0.010813114 -0.030619852 -0.021382350 0.010847498 0.999940753 0.000956999 0.001863894 0.030607689 -0.001288643 0.999530673 1.393823504
0.999414206 -0.010012057 -0.032726537 -0.022301041 0.010021312 0.999949753 0.000118810 0.001814384 0.032723702 -0.000446703 0.999464333 1.430525541
0.999360561 -0.009574868 -0.034451630 -0.023563249 0.009571247 0.999954164 -0.000270027 0.001882693 0.034452640 -0.000059890 0.999406278 1.466909885
0.999289572 -0.010061079 -0.036319055 -0.025669996 0.010106595 0.999948382 0.001069861 0.001965096 0.036306407 -0.001436163 0.999339700 1.503001451
0.999211907 -0.009849275 -0.038450904 -0.027128652 0.009978085 0.999945283 0.003159517 0.002179377 0.038417678 -0.003540694 0.999255538 1.538229585
0.999152064 -0.008973406 -0.040181171 -0.028792672 0.009163167 0.999947727 0.004541013 0.002128348 0.040138323 -0.004905349 0.999182105 1.573176384
0.999068022 -0.007610111 -0.042487249 -0.030273486 0.007835222 0.999956131 0.005134306 0.001979050 0.042446308 -0.005462418 0.999083757 1.608396888
0.999014795 -0.005317538 -0.044057779 -0.032509834 0.005538189 0.999972701 0.004887675 0.001781168 0.044030581 -0.005126860 0.999017000 1.641123056
0.998911202 -0.003669215 -0.046506099 -0.033721242 0.003856236 0.999984741 0.003932346 0.002158327 0.046490964 -0.004107403 0.998910248 1.675410390
0.998868406 -0.003073360 -0.047462057 -0.035785690 0.003320756 0.999981403 0.005134532 0.001926747 0.047445387 -0.005286332 0.998859823 1.709120989
0.998821676 -0.001846132 -0.048496835 -0.037641943 0.002176733 0.999974728 0.006765031 0.002239482 0.048483118 -0.006862623 0.998800397 1.741859913
0.998806715 0.001011464 -0.048826441 -0.039363351 -0.000667365 0.999974847 0.007063186 0.002475443 0.048832349 -0.007022173 0.998782277 1.774062991
0.998867810 0.004322823 -0.047373548 -0.041310754 -0.004080108 0.999978065 0.005218978 0.002524831 0.047395069 -0.005019780 0.998863578 1.804651618
0.998941183 0.006058445 -0.045605358 -0.043353539 -0.005932281 0.999978185 0.002901246 0.001585111 0.045621950 -0.002627630 0.998955309 1.836113930
0.999037981 0.006739391 -0.043332007 -0.044831481 -0.006744391 0.999977291 0.000030780 0.002701806 0.043331239 0.000261498 0.999060750 1.866261601
0.999138653 0.007775996 -0.040761087 -0.046073940 -0.007729579 0.999969304 0.001296218 0.002649374 0.040769920 -0.000980036 0.999168098 1.897217512
0.999259889 0.012055522 -0.036527820 -0.048592605 -0.011918265 0.999921083 0.003972996 0.002641117 0.036572836 -0.003534707 0.999324739 1.926991701
0.999310255 0.016219353 -0.033403434 -0.048898138 -0.015983196 0.999845445 0.007324717 0.002731867 0.033517070 -0.006785772 0.999415100 1.956105351
0.999338329 0.021871859 -0.029057991 -0.050096624 -0.021625973 0.999727905 0.008749542 0.002273859 0.029241450 -0.008115345 0.999539435 1.984249949
0.999393880 0.025197914 -0.024018131 -0.050501011 -0.024998842 0.999650955 0.008552985 0.002881785 0.024225261 -0.007947376 0.999674916 2.011666298
0.999412358 0.029321214 -0.017753048 -0.051907517 -0.029134469 0.999518335 0.010687942 0.002886631 0.018057883 -0.010164436 0.999785304 2.038403511
0.999343455 0.034490019 -0.011097562 -0.052587323 -0.034351479 0.999332368 0.012441622 0.002743529 0.011519262 -0.012052237 0.999861002 2.065035105
0.999288201 0.037529930 -0.003811376 -0.053008810 -0.037481479 0.999224365 0.012073926 0.002870714 0.004261552 -0.011922475 0.999919772 2.090319633
0.999140799 0.041275609 0.003748616 -0.053641021 -0.041317523 0.999075294 0.011892288 0.003135590 -0.003254289 -0.012036954 0.999922216 2.114601135
0.998924911 0.045117632 0.010659358 -0.052923329 -0.045244373 0.998904288 0.011964621 0.002645254 -0.010107863 -0.012434034 0.999871552 2.136782169
0.998590767 0.049755100 0.018466022 -0.053034943 -0.049931131 0.998710275 0.009196920 0.002892718 -0.017984614 -0.010105988 0.999787152 2.158781290
0.998276114 0.052254476 0.026726672 -0.052536916 -0.052441031 0.998604000 0.006327371 0.002794922 -0.026358731 -0.007718038 0.999622703 2.179551840
0.998039901 0.052349426 0.034293257 -0.051625788 -0.052568272 0.998602152 0.005510858 0.003341970 -0.033956826 -0.007302795 0.999396563 2.199221134
0.997771502 0.051481571 0.042446621 -0.051096514 -0.051827874 0.998630822 0.007098023 0.003275504 -0.042023096 -0.009282123 0.999073505 2.218677044
0.997269452 0.053594839 0.050806087 -0.050479919 -0.054066237 0.998505771 0.007949056 0.003186027 -0.050304148 -0.010674246 0.998676956 2.236444950
0.996642053 0.056006640 0.059732310 -0.049931198 -0.056578726 0.998366654 0.007928268 0.003259812 -0.059190717 -0.011281221 0.998182952 2.252636671
0.995838642 0.060728550 0.067952648 -0.047743350 -0.061347179 0.998091578 0.007052616 0.003656142 -0.067394674 -0.011191972 0.997663617 2.268894672
0.994877458 0.065045364 0.077382728 -0.047107950 -0.065813959 0.997804284 0.007421243 0.003301193 -0.076730102 -0.012476088 0.996973872 2.284062862
0.994201601 0.063966937 0.086437561 -0.045785248 -0.064904056 0.997858822 0.008071909 0.003155798 -0.085736148 -0.013635251 0.996224582 2.296362400
0.993271708 0.063045651 0.097142234 -0.044125915 -0.063957073 0.997932792 0.006294203 0.003081007 -0.096544594 -0.012464786 0.995250702 2.308938026
0.992088258 0.061901014 0.109220743 -0.042440385 -0.062502474 0.998042583 0.002088666 0.002638201 -0.108877659 -0.008898707 0.994015396 2.321360588
0.990496695 0.062627509 0.122450590 -0.040924698 -0.062790774 0.998023510 -0.002528960 0.003482891 -0.122366950 -0.005183841 0.992471397 2.334347010
0.988358259 0.064523049 0.137785241 -0.038602561 -0.064489566 0.997907281 -0.004711854 0.003182335 -0.137800917 -0.004228711 0.990450919 2.346143246
0.985801160 0.066111252 0.154355407 -0.036478639 -0.065985143 0.997802913 -0.005945824 0.003100903 -0.154409364 -0.004323763 0.987997532 2.358005285
0.982990444 0.066931598 0.171026215 -0.033957094 -0.066695139 0.997747838 -0.007134450 0.002927061 -0.171118572 -0.004393522 0.985240698 2.369253397
0.979774714 0.065659463 0.189024627 -0.031397253 -0.065221965 0.997834206 -0.008540824 0.003022403 -0.189176023 -0.003960472 0.981935203 2.380962849
0.975918174 0.064653531 0.208335340 -0.027992398 -0.064203091 0.997896850 -0.008930770 0.003038272 -0.208474576 -0.004660070 0.978016675 2.392757416
0.971413732 0.064425945 0.228483692 -0.024675310 -0.063798532 0.997911215 -0.010139064 0.002712585 -0.228659675 -0.004727697 0.973494947 2.403756142
0.966114342 0.066681072 0.249352366 -0.021083772 -0.065634400 0.997765183 -0.012519257 0.002793472 -0.249629855 -0.004271059 0.968331933 2.415242195
0.959822178 0.068178326 0.272200197 -0.017255723 -0.066729866 0.997664452 -0.014585917 0.002410859 -0.272558957 -0.004163998 0.962130070 2.426884413
0.952477634 0.069405198 0.296596140 -0.012885511 -0.067853443 0.997574329 -0.015536137 0.001969349 -0.296954960 -0.005327248 0.954876721 2.438308716
0.943944097 0.072020538 0.322153091 -0.008042455 -0.070481755 0.997377336 -0.016454363 0.001586456 -0.322493315 -0.007173914 0.946544588 2.449372768
0.934069276 0.074105553 0.349318027 -0.002983809 -0.072402477 0.997213900 -0.017949784 0.001601335 -0.349675089 -0.008525151 0.936832309 2.460867167
0.922918916 0.075148448 0.377589047 0.002850652 -0.073394984 0.997120976 -0.019053716 0.000819512 -0.377933770 -0.010128107 0.925777256 2.472378254
0.910159588 0.073261932 0.407728136 0.008623064 -0.070721246 0.997268200 -0.021323459 0.000623267 -0.408176512 -0.009427297 0.912854373 2.483097315
0.895175636 0.070545882 0.440095305 0.015332162 -0.066841468 0.997476518 -0.023933470 0.000123236 -0.440673202 -0.007991961 0.897632062 2.493172169
0.877876282 0.070438720 0.473678768 0.023193598 -0.064579315 0.997501314 -0.028648254 0.000110075 -0.474513084 -0.005440224 0.880231678 2.504667759
0.858309209 0.072229639 0.508023918 0.030879378 -0.063982837 0.997381628 -0.033706017 -0.000352986 -0.509128273 -0.003574623 0.860683322 2.514763355
0.836764932 0.073559180 0.542598844 0.039686441 -0.062830880 0.997288764 -0.038306504 -0.000779532 -0.543945491 -0.002038422 0.839118063 2.525327682
0.812218189 0.076224074 0.578352392 0.049072504 -0.063696049 0.997086883 -0.041958727 -0.001444399 -0.579865873 -0.002759118 0.814707220 2.536307573
0.784801722 0.079843707 0.614582241 0.058491588 -0.066336043 0.996791542 -0.044789631 -0.002214931 -0.616186619 -0.005617974 0.787580192 2.546796322
0.754711986 0.084466949 0.650595963 0.069445133 -0.070168808 0.996381402 -0.047962274 -0.002822854 -0.652293026 -0.009453837 0.757907927 2.558177471
0.721807957 0.085414290 0.686802566 0.082043409 -0.069800079 0.996279657 -0.050544761 -0.003675416 -0.688564777 -0.011455278 0.725084424 2.569262028
0.685208440 0.082721300 0.723634362 0.095785022 -0.065762952 0.996497989 -0.051642507 -0.004471809 -0.725372314 -0.012202465 0.688248694 2.580226898
0.646078944 0.081137523 0.758945882 0.110877752 -0.062747963 0.996614277 -0.053129844 -0.005592152 -0.760687172 -0.013296251 0.648982525 2.591017723
0.603582621 0.081535742 0.793120503 0.127492428 -0.061444249 0.996555746 -0.055689186 -0.005943276 -0.794929445 -0.015119676 0.606513500 2.601873159
0.557798743 0.081053369 0.826009035 0.145006299 -0.057506628 0.996602654 -0.058959249 -0.007143043 -0.827981651 -0.014613612 0.560564756 2.611944199
0.509121239 0.079853781 0.856982410 0.163241386 -0.054475170 0.996680081 -0.060507894 -0.008465447 -0.858969212 -0.015878411 0.511781037 2.621738434
0.460180491 0.077652231 0.884422958 0.183145642 -0.052240945 0.996810138 -0.060337931 -0.009670600 -0.886287093 -0.018436749 0.462769151 2.630842209
0.409392238 0.076410390 0.909153223 0.204442203 -0.051970556 0.996821880 -0.060376186 -0.009946607 -0.910877109 -0.022531655 0.412062228 2.640148878
0.360847086 0.075610146 0.929554999 0.228495657 -0.055308215 0.996688843 -0.059600551 -0.011892170 -0.930983543 -0.029905340 0.363834143 2.647047997
0.311433285 0.076206535 0.947207391 0.250938118 -0.053291325 0.996611178 -0.062659547 -0.012909763 -0.948772490 -0.030963667 0.314439088 2.653145790
0.264435977 0.072948873 0.961640298 0.275398970 -0.041548256 0.997071087 -0.064211480 -0.014094908 -0.963507771 -0.022974655 0.266692340 2.657901525
0.221094251 0.066901073 0.972955108 0.299339175 -0.028289573 0.997664452 -0.062171590 -0.015763335 -0.974842072 -0.013778700 0.222470447 2.660478592
0.178480834 0.066380635 0.981701672 0.325762540 -0.019664649 0.997763157 -0.063891493 -0.017055120 -0.983746886 -0.007901412 0.179386944 2.664204597
0.140477166 0.067437172 0.987784684 0.351571918 -0.015822079 0.997703075 -0.065864205 -0.018431049 -0.989957571 -0.006376389 0.141221523 2.666251183
0.107578643 0.068215862 0.991853535 0.379671454 -0.006810682 0.997670352 -0.067877233 -0.020055898 -0.994173169 0.000546940 0.107792638 2.668286085
0.078732930 0.066673629 0.994663656 0.407633781 0.000454587 0.997758448 -0.066917062 -0.021685155 -0.996895611 0.005720739 0.078526147 2.669138670
0.053583585 0.064898945 0.996452153 0.436926901 0.007434660 0.997832179 -0.065388635 -0.023517672 -0.998535693 0.010912040 0.052984923 2.669951677
0.033505626 0.063742049 0.997403741 0.465951502 0.011697067 0.997870803 -0.064164825 -0.025177596 -0.999370158 0.013816581 0.032688685 2.670431852
0.017775113 0.066084348 0.997655690 0.496474355 0.015042868 0.997682750 -0.066354156 -0.026258364 -0.999728858 0.016187057 0.016739825 2.670066118
0.004693786 0.065097094 0.997867882 0.527333021 0.014921501 0.997763216 -0.065160453 -0.028621979 -0.999877691 0.015195535 0.003711941 2.669876099
-0.007398947 0.066394933 0.997766018 0.558893442 0.016451446 0.997666359 -0.066266291 -0.030188892 -0.999837220 0.015924394 -0.008473972 2.669465780
-0.015958961 0.069105752 0.997481763 0.590860903 0.021349482 0.997404933 -0.068758830 -0.032219209 -0.999644578 0.020198395 -0.017392917 2.668270350
-0.022859978 0.071332358 0.997190595 0.624134481 0.025459738 0.997169256 -0.070747204 -0.033829167 -0.999414444 0.023770934 -0.024611376 2.667267799
-0.026992492 0.070601620 0.997139275 0.657026470 0.025982331 0.997215271 -0.069903657 -0.035768833 -0.999297976 0.024021126 -0.028751725 2.665952682
-0.030234432 0.067602508 0.997254133 0.690824509 0.023638755 0.997479498 -0.066901118 -0.037895221 -0.999263287 0.021551128 -0.031756267 2.665066957
-0.033861984 0.061107945 0.997556746 0.727658629 0.021193622 0.997948468 -0.060412541 -0.039641596 -0.999201775 0.019096145 -0.035087615 2.664671898
-0.034519665 0.055629089 0.997854650 0.762886584 0.022843644 0.998232722 -0.054859925 -0.041373193 -0.999142885 0.020900888 -0.035729434 2.663064003
-0.034399748 0.052622981 0.998021841 0.798748970 0.025802542 0.998326719 -0.051749699 -0.043586940 -0.999074996 0.023971325 -0.035699993 2.661393881
-0.034850232 0.054939017 0.997881353 0.835219085 0.028785780 0.998128831 -0.053947318 -0.045413774 -0.998977840 0.026844718 -0.036366481 2.660558224
-0.034260996 0.062592663 0.997451067 0.872150898 0.029527666 0.997664511 -0.061591838 -0.046939205 -0.998976588 0.027342197 -0.036029194 2.658774853
-0.032259919 0.070215270 0.997010112 0.908841491 0.030412456 0.997136354 -0.069240108 -0.049325708 -0.999016702 0.028087843 -0.034302957 2.658190727
-0.030217700 0.071159028 0.997007191 0.947233260 0.031134076 0.997045577 -0.070218146 -0.051085848 -0.999058366 0.028919065 -0.032343891 2.657559633
-0.027032482 0.066820525 0.997398734 0.985334635 0.030283535 0.997360110 -0.065997161 -0.053122573 -0.999175668 0.028420698 -0.028984677 2.655332327
-0.025242647 0.060606819 0.997842431 1.024853587 0.029802181 0.997762442 -0.059848048 -0.055038985 -0.999237001 0.028227158 -0.026992377 2.654665709
-0.022661751 0.058766495 0.998014510 1.063680887 0.028188409 0.997911513 -0.058120366 -0.057700414 -0.999345660 0.026815329 -0.024270957 2.654503345
-0.019061673 0.064823829 0.997714639 1.102228880 0.035796944 0.997300327 -0.064113006 -0.059447348 -0.999177217 0.034493037 -0.021330707 2.653433084
-0.014771844 0.069434941 0.997477055 1.139667869 0.037516803 0.996921957 -0.068840697 -0.062310398 -0.999186814 0.036405247 -0.017331352 2.651805401
-0.013697720 0.070490830 0.997418404 1.179139137 0.031327531 0.997052610 -0.070034735 -0.064213835 -0.999415278 0.030287344 -0.015865646 2.652692556
-0.010463023 0.067069583 0.997693539 1.217097044 0.026994087 0.997403324 -0.066766992 -0.066359475 -0.999580741 0.026233235 -0.012246337 2.653028250
-0.005716435 0.063625194 0.997957528 1.257619262 0.030988092 0.997505784 -0.063418873 -0.069112875 -0.999503314 0.030562270 -0.007673800 2.652988434
-0.001752944 0.064484052 0.997917116 1.296391129 0.035478368 0.997294486 -0.064381488 -0.071744218 -0.999368846 0.035291620 -0.004035991 2.651234150
0.001393617 0.068852857 0.997625887 1.334999800 0.035196878 0.997005224 -0.068859205 -0.073967673 -0.999379396 0.035209276 -0.001033962 2.651196957
0.004962315 0.069794379 0.997549057 1.373970032 0.031633087 0.997051120 -0.069916904 -0.076422088 -0.999487221 0.031902511 0.002739869 2.652021646
0.008720534 0.069167309 0.997566879 1.413146615 0.030592738 0.997119486 -0.069403723 -0.079064600 -0.999493897 0.031123547 0.006579398 2.652517796
0.011881996 0.065708295 0.997768104 1.452429652 0.034178246 0.997228742 -0.066079788 -0.082138903 -0.999345124 0.034887120 0.009603272 2.652846575
0.015404345 0.066425584 0.997672379 1.491620541 0.038841274 0.996998012 -0.066980407 -0.084366575 -0.999126673 0.039782658 0.012778044 2.653288603
0.018971007 0.067148931 0.997562587 1.530661702 0.041965820 0.996809363 -0.067896321 -0.086886369 -0.998939037 0.043151602 0.016092516 2.654016495
0.021672908 0.066873662 0.997526050 1.569732308 0.042796414 0.996783793 -0.067753725 -0.089715369 -0.998848796 0.044158958 0.018741250 2.655047178
0.025371134 0.065877981 0.997505009 1.608688831 0.043212276 0.996821284 -0.066931918 -0.091608971 -0.998743653 0.044802595 0.022443751 2.655316591
0.028436195 0.064436898 0.997516513 1.647899151 0.045190237 0.996816874 -0.065679960 -0.094662890 -0.998573482 0.046945695 0.025433764 2.657066822
0.031643666 0.065101556 0.997376740 1.687497020 0.043796364 0.996827662 -0.066455245 -0.096772000 -0.998539150 0.045784365 0.028692074 2.657797337
0.034901146 0.066765241 0.997158051 1.727207899 0.040883042 0.996835291 -0.068174556 -0.099098012 -0.998554230 0.043146227 0.032061130 2.659482002
0.037655097 0.067029715 0.997040153 1.766317725 0.042786837 0.996724606 -0.068624415 -0.101339571 -0.998374343 0.045244254 0.034663770 2.661103725
0.040951945 0.066523075 0.996944129 1.806131601 0.040690035 0.996842384 -0.068187729 -0.104030646 -0.998332143 0.043358114 0.038115811 2.662310839
0.042713039 0.066634886 0.996862769 1.846544981 0.039034061 0.996900141 -0.068309903 -0.106793292 -0.998324513 0.041829329 0.039979607 2.664938211
0.045744814 0.067389041 0.996677577 1.886295319 0.035782859 0.996971071 -0.069051236 -0.108888045 -0.998312056 0.038822699 0.043194886 2.667281628
0.048593968 0.068691283 0.996453762 1.926189065 0.034492422 0.996921897 -0.070405647 -0.111864612 -0.998222828 0.037791390 0.046075076 2.669553041
0.051760528 0.071932018 0.996065617 1.966384292 0.033186052 0.996727765 -0.073704354 -0.114682689 -0.998108029 0.036870454 0.049204014 2.671796083
0.055342630 0.074059427 0.995716989 2.006823540 0.033676315 0.996539474 -0.075992346 -0.117474027 -0.997899354 0.037737701 0.052657068 2.673932076
0.057629853 0.076772325 0.995381713 2.048341274 0.027344652 0.996543348 -0.078445084 -0.120029971 -0.997963488 0.031739149 0.055331342 2.677668571
0.060838923 0.075699523 0.995272934 2.088936090 0.023821432 0.996725976 -0.077266209 -0.122874647 -0.997863293 0.028409626 0.058836460 2.680312634
0.063982777 0.076503612 0.995014250 2.130336523 0.026299791 0.996581793 -0.078315288 -0.125772238 -0.997604370 0.031179499 0.061752025 2.683575869
0.068406060 0.077698477 0.994627297 2.171030283 0.025335303 0.996505916 -0.079587668 -0.128775954 -0.997335911 0.030643471 0.066198535 2.685639143
0.071372658 0.078485914 0.994356930 2.212377787 0.020853870 0.996564090 -0.080156960 -0.131928727 -0.997231781 0.026457204 0.069490701 2.689586401
0.076142177 0.076724283 0.994140685 2.254142284 0.019815078 0.996721745 -0.078441143 -0.134669140 -0.996900082 0.025671653 0.074372254 2.692911625
0.080227084 0.076485395 0.993837833 2.296341181 0.019808065 0.996732533 -0.078307167 -0.138061121 -0.996579766 0.025968364 0.078449912 2.697016716
0.085911967 0.080184557 0.993070781 2.338479042 0.016679414 0.996500671 -0.081904434 -0.141114578 -0.996163189 0.023600413 0.084273897 2.700656652
0.091267914 0.088626176 0.991874814 2.380461216 0.014722228 0.995802820 -0.090331830 -0.144412249 -0.995717585 0.022847002 0.089580074 2.705609798
0.099786930 0.093348324 0.990620375 2.422846794 0.013669093 0.995366871 -0.095172532 -0.147806719 -0.994915009 0.023037855 0.098048612 2.708674431
0.106457725 0.096582137 0.989615381 2.463526487 0.008523602 0.995146096 -0.098038837 -0.151303530 -0.994280636 0.018872080 0.105117768 2.714176655
0.113376752 0.094952680 0.989004433 2.505052567 0.004734175 0.995359898 -0.096105590 -0.154985249 -0.993540764 0.015578260 0.112401158 2.719879389
0.120791197 0.092979878 0.988313794 2.547692776 0.005037324 0.995533466 -0.094274759 -0.159025848 -0.992665172 0.016366018 0.119783327 2.725309849
0.128490210 0.089721605 0.987643719 2.589936256 0.005554249 0.995818317 -0.091186799 -0.161737278 -0.991695166 0.017202234 0.127454579 2.730674744
0.135816410 0.084002860 0.987166464 2.634443998 0.002984460 0.996359766 -0.085195772 -0.165989339 -0.990729511 0.014517144 0.135071322 2.737223387
0.142132193 0.076656595 0.986874878 2.677495718 -0.000675086 0.997004032 -0.077346146 -0.169755533 -0.989847481 0.010327153 0.141758159 2.744985104
0.149264067 0.074464604 0.985989511 2.718898535 -0.000489738 0.997165740 -0.075234525 -0.172578543 -0.988797188 0.010746936 0.148877487 2.751830339
0.157397136 0.076188840 0.984591961 2.761438608 -0.001548102 0.997037232 -0.076904371 -0.176390171 -0.987534165 0.010580282 0.157048747 2.757899046
0.163044691 0.082472689 0.983165622 2.801525354 -0.000821308 0.996511161 -0.083455972 -0.179571614 -0.986618221 0.012799574 0.162543595 2.764667749
0.168350831 0.086099856 0.981959701 2.844304085 -0.001810329 0.996203303 -0.087038375 -0.182751462 -0.985725403 0.012875315 0.167867541 2.772303104
0.173645675 0.089664817 0.980717778 2.885083675 -0.001853659 0.995874405 -0.090722352 -0.185478359 -0.984806359 0.013935629 0.173095495 2.779937267
0.179099381 0.089002959 0.979796946 2.924952507 -0.004357379 0.995961607 -0.089674830 -0.189267039 -0.983821332 0.011791360 0.178763941 2.787532330
0.183988810 0.086424768 0.979121506 2.966378212 -0.001156795 0.996145368 -0.087710053 -0.192959785 -0.982927620 0.015005024 0.183379576 2.795135736
0.188570738 0.078944400 0.978881419 3.006075859 -0.000361917 0.996769309 -0.080317289 -0.196449310 -0.982059538 0.014791215 0.187990084 2.803122044
0.191895023 0.073093131 0.978689730 3.045457363 -0.001945388 0.997249067 -0.074097775 -0.199232668 -0.981413484 0.012315065 0.191509321 2.811159372
0.193887144 0.070534483 0.978484869 3.083462477 -0.006791023 0.997484565 -0.070558429 -0.202049673 -0.981000364 0.007035459 0.193878442 2.819489479
0.198385790 0.070213869 0.977605820 3.120863676 -0.006337550 0.997501850 -0.070356756 -0.204821154 -0.980103552 0.007762155 0.198335171 2.826943874
0.200348690 0.071743302 0.977094173 3.160945415 -0.009452525 0.997410357 -0.071296811 -0.208145529 -0.979679048 0.005048219 0.200508013 2.835897446
0.201833159 0.076463245 0.976430595 3.197437763 -0.014210866 0.997071624 -0.075142153 -0.210683465 -0.979316771 0.001290257 0.202328742 2.843979120
0.203785613 0.079882257 0.975751042 3.233053684 -0.014873939 0.996803343 -0.078499302 -0.213924915 -0.978902578 0.001483769 0.204322293 2.852034330
0.206131548 0.085463338 0.974784970 3.269852161 -0.015541717 0.996338964 -0.084066555 -0.216634661 -0.978400886 0.002178940 0.206705138 2.859802485
0.207600698 0.087363221 0.974304676 3.305415630 -0.014128420 0.996167898 -0.086313210 -0.219671279 -0.978111565 0.004153298 0.208039463 2.867832184
0.208515882 0.087461114 0.974100471 3.341880322 -0.017165303 0.996167183 -0.085768022 -0.222536385 -0.977868319 0.001163269 0.209217981 2.876545429
0.208736330 0.084328011 0.974329412 3.376316071 -0.017095141 0.996437788 -0.082579091 -0.225599229 -0.977822483 0.000580957 0.209434360 2.884588242
0.209228978 0.082205012 0.974405229 3.411000490 -0.017172817 0.996615410 -0.080391333 -0.228207991 -0.977715850 0.000086914 0.209932491 2.892456532
0.210663632 0.081359513 0.974167049 3.443114042 -0.013927493 0.996679127 -0.080227844 -0.229637891 -0.977459311 0.003333385 0.211097226 2.897309303
0.208107695 0.079980500 0.974830389 3.478773594 -0.016282594 0.996796250 -0.078306682 -0.233796209 -0.977970302 0.000423454 0.208743289 2.906590700
0.206085533 0.080809034 0.975191653 3.511350632 -0.017738165 0.996728957 -0.078845166 -0.236641735 -0.978373110 -0.001049264 0.206844851 2.914029360
0.204238042 0.083559573 0.975348473 3.543097496 -0.018795237 0.996501207 -0.081436045 -0.239578277 -0.978740811 -0.001699566 0.205093965 2.920391560
0.202503800 0.087210536 0.975390494 3.575110197 -0.016253153 0.996188760 -0.085695788 -0.242288888 -0.979146659 0.001500551 0.203149453 2.926693201
0.200065434 0.088452883 0.975781620 3.608154297 -0.014924325 0.996076167 -0.087232590 -0.244766816 -0.979668856 0.002889344 0.200600520 2.934183836
0.197904348 0.087399922 0.976317108 3.638925552 -0.015266672 0.996170998 -0.086082615 -0.246868789 -0.980102420 0.002131011 0.198480874 2.940159082
0.195538491 0.084450118 0.977053165 3.669403076 -0.015535878 0.996427119 -0.083015472 -0.249397278 -0.980572939 0.001053341 0.196151853 2.946265697
0.193189651 0.080052204 0.977890253 3.699892521 -0.015933590 0.996790588 -0.078451619 -0.252791941 -0.981032014 -0.000425263 0.193845153 2.952529907
0.191834241 0.078966014 0.978245378 3.727567673 -0.010885899 0.996867836 -0.078334510 -0.255419552 -0.981366992 0.004378162 0.192092970 2.957879543
0.190489560 0.080853254 0.978354037 3.757910013 -0.006953869 0.996688664 -0.081014529 -0.257670283 -0.981664658 0.008629076 0.190421045 2.963008404
0.188043237 0.083203562 0.978630066 3.785885334 -0.004266808 0.996465027 -0.083900020 -0.259183794 -0.982151449 0.011601210 0.187733531 2.967945576
0.185714632 0.084802635 0.978937507 3.812218428 -0.004418452 0.996330857 -0.085471146 -0.261616588 -0.982593775 0.011547855 0.185407922 2.973903418
0.184212357 0.087801516 0.978956878 3.840335846 -0.004919015 0.996071935 -0.088410914 -0.263718456 -0.982874215 0.011470883 0.183920637 2.979186535
0.183391228 0.085195899 0.979341269 3.871658325 -0.002309081 0.996272027 -0.086236358 -0.266650826 -0.983037293 0.013553614 0.182904273 2.984641790
0.183990821 0.083793163 0.979349911 3.900180101 0.003615900 0.996295333 -0.085922323 -0.268889278 -0.982921362 0.019350154 0.183006197 2.989646912
0.186547115 0.081934057 0.979023457 3.929864883 0.008691529 0.996339679 -0.085039392 -0.270933568 -0.982407570 0.024373064 0.185152158 2.994728088
0.188800812 0.081134170 0.978657901 3.958741188 0.011597342 0.996327400 -0.084836356 -0.273194909 -0.981946945 0.027367005 0.187166452 3.000122547
0.192208931 0.080996118 0.978005826 3.986807823 0.008815424 0.996405482 -0.084252432 -0.275584638 -0.981314421 0.024815608 0.190804020 3.006238461
0.197346568 0.081752039 0.976919115 4.017705441 0.007358663 0.996365190 -0.084865876 -0.277951747 -0.980306149 0.023936806 0.196027666 3.012577057
0.204176560 0.081037112 0.975574195 4.046988487 0.008271368 0.996389389 -0.084497258 -0.279926777 -0.978899181 0.025321690 0.202769071 3.018577814
0.211364120 0.081123643 0.974035025 4.076173306 0.006354719 0.996414423 -0.084366515 -0.282305479 -0.977386713 0.024021773 0.210090756 3.025524616
0.219797373 0.078741930 0.972362459 4.106956482 0.006963716 0.996585131 -0.082277581 -0.284955174 -0.975520670 0.024855651 0.218498439 3.032826662
0.228967503 0.078362450 0.970274806 4.137395382 0.003406207 0.996683896 -0.081299134 -0.287447482 -0.973428130 0.021919815 0.227941304 3.040426254
0.238349319 0.078419574 0.968008220 4.167973995 0.002220192 0.996688008 -0.081289612 -0.289619982 -0.971176922 0.021524489 0.237385795 3.048721790
0.248033449 0.081938237 0.965280056 4.198685169 -0.002953552 0.996475935 -0.083827399 -0.292188555 -0.968746960 0.017940992 0.247401372 3.057214260
0.257439584 0.084037468 0.962633193 4.230186462 -0.005949508 0.996330023 -0.085388094 -0.294349134 -0.966276050 0.016255086 0.256994784 3.066423416
0.268331528 0.087293707 0.959363401 4.261848450 -0.010722055 0.996094763 -0.087637022 -0.296877325 -0.963267028 0.013229428 0.268219560 3.075714111
0.278190941 0.088791497 0.956412971 4.293070316 -0.012013518 0.995961964 -0.088968769 -0.299555898 -0.960450649 0.013260423 0.278134316 3.085805893
0.287841499 0.089874461 0.953451455 4.326019764 -0.015321920 0.995891452 -0.089249328 -0.301959395 -0.957555413 0.011080959 0.288035959 3.096511841
0.298141956 0.090152234 0.950254560 4.358429909 -0.016654663 0.995869577 -0.089254394 -0.304857194 -0.954376221 0.010784309 0.298411906 3.107337475
0.308516949 0.091086127 0.946847737 4.391417503 -0.020535041 0.995810449 -0.089105256 -0.307336777 -0.950997174 0.008046922 0.309094876 3.118510008
0.319243759 0.085950151 0.943766892 4.425970078 -0.019666348 0.996265054 -0.084078759 -0.310080051 -0.947468519 0.008281173 0.319741726 3.130438805
0.329502940 0.079636186 0.940789998 4.460530758 -0.016863685 0.996773899 -0.078468762 -0.312578052 -0.944003880 0.009990497 0.329782963 3.143221378
0.340861499 0.074652210 0.937144876 4.495110035 -0.014419114 0.997140110 -0.074186817 -0.315223455 -0.940002918 0.011774634 0.340963036 3.155512810
0.350920886 0.072098017 0.933625400 4.530903816 -0.016252998 0.997350276 -0.070910089 -0.317559183 -0.936263978 0.009709617 0.351162821 3.169313908
0.360228896 0.069909841 0.930240691 4.566081524 -0.010529100 0.997429132 -0.070881888 -0.319716871 -0.932804465 0.015739111 0.360038906 3.183262348
0.369159222 0.063895293 0.927167118 4.604301929 -0.002950758 0.997709394 -0.067581825 -0.321901679 -0.929361522 0.022212604 0.368502080 3.197873116
0.375693172 0.054393716 0.925146520 4.640850544 0.006941128 0.998082995 -0.061500713 -0.324117184 -0.926718175 0.029526958 0.374595344 3.212913752
0.382634133 0.050201111 0.922535121 4.678574085 0.011876080 0.998172998 -0.059242822 -0.326368511 -0.923823655 0.033624422 0.381338835 3.228428364
0.390876442 0.049203884 0.919127047 4.717207432 0.014732358 0.998107791 -0.059697203 -0.329384774 -0.920325279 0.036875140 0.389411867 3.243709087
0.398395687 0.055456325 0.915535569 4.754447937 0.017401932 0.997533858 -0.067995615 -0.331147909 -0.917048573 0.043021247 0.396448165 3.259822845
0.405239999 0.060352657 0.912216008 4.792673111 0.020770963 0.996953070 -0.075186141 -0.332983375 -0.913974345 0.049416032 0.402751714 3.276981592
0.410599262 0.062553473 0.909667671 4.829081535 0.018525358 0.996865749 -0.076911516 -0.335931003 -0.911627710 0.048431728 0.408153534 3.293658257
0.414694399 0.063781440 0.907722712 4.865134239 0.011618372 0.997088075 -0.075368598 -0.339229733 -0.909886599 0.041801196 0.412745833 3.311092138
0.419353485 0.067516387 0.905308902 4.902542114 0.004801607 0.997051716 -0.076582581 -0.342291683 -0.907810390 0.036462113 0.417792886 3.328347683
0.422991753 0.070425980 0.903392553 4.938591003 0.004300844 0.996807814 -0.079722129 -0.345517755 -0.906123340 0.037607152 0.421338588 3.346898079
0.427112252 0.074876681 0.901093006 4.973918915 0.000865602 0.996531010 -0.083217427 -0.348357499 -0.904198170 0.036323179 0.425565809 3.363359451
0.430481493 0.077951461 0.899227083 5.008774757 -0.002266713 0.996353924 -0.085285984 -0.351183087 -0.902596533 0.034675747 0.429088622 3.380910158
0.434371352 0.076757215 0.897457361 5.043483257 -0.003928173 0.996514440 -0.083328038 -0.354499489 -0.900725305 0.032669954 0.433158845 3.398031712
0.439002723 0.073538803 0.895471275 5.078064919 -0.003152112 0.996764839 -0.080312014 -0.357923537 -0.898480237 0.032434568 0.437814206 3.414370060
0.442042530 0.070879549 0.894189358 5.112460613 -0.003431711 0.996999443 -0.077332504 -0.360992193 -0.896987498 0.031115653 0.440959454 3.432460546
0.445264399 0.069286965 0.892714381 5.144679070 -0.004063825 0.997147679 -0.075365499 -0.364333123 -0.895389915 0.029929740 0.444275945 3.449106216
0.448516279 0.071096241 0.890942454 5.177417278 -0.005656340 0.997037053 -0.076714978 -0.366428018 -0.893756747 0.029368440 0.447589457 3.466228724
0.451176912 0.071715906 0.889548302 5.209807396 -0.004205240 0.996925712 -0.078239851 -0.368840456 -0.892424583 0.031559244 0.450091392 3.483067989
0.452938676 0.070591658 0.888742507 5.241607189 -0.003566052 0.996995866 -0.077372670 -0.372056037 -0.891534448 0.031875771 0.451829731 3.499989986
0.455544889 0.068674713 0.887559891 5.271509171 -0.001154874 0.997064710 -0.076554872 -0.375007004 -0.890212059 0.033849161 0.454287112 3.513650894
0.456892550 0.068681262 0.886866391 5.302473068 -0.002621715 0.997114420 -0.075868510 -0.377885818 -0.889518023 0.032338649 0.455754250 3.530847073
0.459174067 0.067811631 0.885754287 5.332332134 -0.000808020 0.997113824 -0.075918220 -0.380140513 -0.888345897 0.034143969 0.457903594 3.545785904
0.460657030 0.070878811 0.884743690 5.361511707 -0.004040922 0.996963441 -0.077765018 -0.383579612 -0.887569070 0.032247823 0.459544659 3.562578917
0.464816958 0.069470264 0.882677197 5.390764713 0.001947896 0.996834517 -0.079480663 -0.385202706 -0.885404646 0.038663331 0.463210255 3.576138973
0.467737496 0.068878949 0.881179512 5.419406891 0.003643035 0.996800184 -0.079850383 -0.387598336 -0.883859992 0.040559195 0.465989858 3.591714859
0.470849991 0.067266271 0.879645109 5.446860313 0.005960226 0.996823728 -0.079417236 -0.390403926 -0.882193089 0.042636488 0.468953431 3.606220484
0.475001186 0.066140495 0.877496004 5.474137306 0.007770387 0.996817291 -0.079340443 -0.392428517 -0.879950881 0.044505291 0.472975433 3.619669437
0.477943838 0.065698870 0.875929952 5.501747608 0.008617930 0.996800303 -0.079467013 -0.395272672 -0.878348172 0.045529474 0.475848317 3.635524988
0.481093884 0.064492390 0.874293685 5.528459549 0.010204111 0.996810913 -0.079144865 -0.397508472 -0.876609683 0.046997499 0.478901535 3.650736094
0.484622926 0.064327046 0.872354686 5.554897785 0.011959439 0.996711791 -0.080140971 -0.399439394 -0.874641359 0.049271021 0.482260048 3.665376186
0.488355905 0.065000392 0.870220304 5.580896854 0.010796158 0.996695697 -0.080506027 -0.402624726 -0.872577727 0.048710622 0.486040443 3.680163860
0.492540330 0.065369740 0.867831111 5.606590271 0.013386986 0.996487975 -0.082658701 -0.404386193 -0.870186567 0.052330390 0.489935368 3.695067167
0.496950299 0.068801373 0.865047276 5.631644249 0.010811751 0.996283770 -0.085450351 -0.406976163 -0.867711663 0.051817253 0.494359553 3.710780382
0.502860188 0.074876100 0.861118555 5.658270359 0.007988141 0.995795846 -0.091251329 -0.409012437 -0.864330828 0.052765399 0.500147998 3.725892067
0.509197652 0.081936046 0.856740475 5.683041573 0.002922234 0.995287597 -0.096923076 -0.411503732 -0.860644639 0.051856600 0.506558716 3.740568399
0.515334070 0.087580718 0.852502465 5.706341267 -0.003172418 0.994952381 -0.100297421 -0.414956212 -0.856983542 0.048982181 0.513010681 3.754756212
0.521862984 0.092456967 0.848004043 5.732853889 -0.005524995 0.994454324 -0.105024204 -0.416604728 -0.853011429 0.050123025 0.519479752 3.771718979
0.527445197 0.092861630 0.844498813 5.758794785 -0.009836258 0.994609416 -0.103224486 -0.419428766 -0.849532127 0.046138559 0.525515497 3.788551807
0.532126069 0.091625616 0.841692686 5.785892487 -0.016352983 0.995053828 -0.097981803 -0.422832489 -0.846507192 0.038374480 0.530992448 3.807735920
0.537964761 0.089619011 0.838189960 5.811816692 -0.023439944 0.995538414 -0.091398522 -0.425327539 -0.842641413 0.029522056 0.537665248 3.825011969
0.543927729 0.087821938 0.834523737 5.837829590 -0.029414745 0.995892525 -0.085631713 -0.428104758 -0.838616371 0.022030149 0.544276774 3.842690706
0.550079882 0.086343013 0.830636501 5.864102840 -0.032588679 0.996102512 -0.081961386 -0.430444360 -0.834475935 0.018015955 0.550749660 3.860862017
0.555669248 0.089299299 0.826593816 5.890711784 -0.037488956 0.995895028 -0.082387820 -0.433760971 -0.830557823 0.014792239 0.556735933 3.881140947
0.562006295 0.093529209 0.821827948 5.920083046 -0.041246239 0.995519161 -0.085090160 -0.435794145 -0.826103806 0.013923892 0.563345790 3.900824547
0.569084704 0.096920379 0.816546977 5.947266102 -0.043219887 0.995182216 -0.088001870 -0.437753022 -0.821142256 0.014789446 0.570531905 3.919374466
0.574714899 0.099019065 0.812340975 5.975382805 -0.045381360 0.994981527 -0.089175336 -0.440726221 -0.817094386 0.014385253 0.576324284 3.940612316
0.581430495 0.099282555 0.807515681 6.002965450 -0.047213014 0.994971216 -0.088335380 -0.443056226 -0.812224984 0.013235640 0.583193958 3.961377621
0.587822855 0.101671748 0.802575350 6.032261848 -0.054152519 0.994791210 -0.086359598 -0.446391910 -0.807175159 0.007302675 0.590266764 3.983444691
0.594353735 0.100262299 0.797929227 6.065162182 -0.055849336 0.994948328 -0.083417870 -0.448822111 -0.802262068 0.005015903 0.596950889 4.007897377
0.601639748 0.098131612 0.792716682 6.094778061 -0.055658482 0.995162845 -0.080950208 -0.451361865 -0.796825945 0.004581460 0.604191542 4.031408310
