0.999998510 0.000813281 0.001514328 -0.000408133 -0.000806390 0.999989331 -0.004545779 -0.000257945 -0.001518009 0.004544551 0.999988496 0.085130297
0.999996781 -0.001325333 0.002153748 -0.000201485 0.001337092 0.999984086 -0.005467631 -0.000023063 -0.002146467 0.005470494 0.999982715 0.169786245
0.999993026 -0.002813742 0.002458715 -0.000435305 0.002817384 0.999994874 -0.001479036 -0.000060624 -0.002454541 0.001485953 0.999995887 0.254664838
0.999985039 -0.005161682 0.001807638 -0.000366998 0.005153086 0.999975562 0.004729005 -0.000258324 -0.001832003 -0.004719619 0.999987185 0.339184940
0.999962211 -0.008668611 0.000506384 -0.000315921 0.008666117 0.999951243 0.004734086 -0.000119528 -0.000547398 -0.004729518 0.999988675 0.422614992
0.999938607 -0.011077800 -0.000281664 -0.000404492 0.011078302 0.999936879 0.001852787 0.000200425 0.000261121 -0.001855793 0.999998271 0.505416811
0.999929309 -0.011835904 -0.001112364 -0.000602062 0.011833953 0.999928415 -0.001743174 0.000655890 0.001132917 0.001729887 0.999997854 0.587890804
0.999928057 -0.011831327 -0.001960068 -0.001049165 0.011826495 0.999926984 -0.002458211 0.000877966 0.001989009 0.002434853 0.999995053 0.670988441
0.999934793 -0.011053368 -0.002875483 -0.001714973 0.011052279 0.999938846 -0.000394579 0.000508629 0.002879669 0.000362773 0.999995768 0.752587080
0.999930978 -0.011205808 -0.003533573 -0.002139583 0.011214573 0.999934077 0.002470505 0.000388160 0.003505656 -0.002509961 0.999990702 0.835089862
0.999926329 -0.011215250 -0.004635532 -0.002514294 0.011233878 0.999928832 0.004012506 0.000678579 0.004590200 -0.004064286 0.999981165 0.915843368
0.999911666 -0.012503428 -0.004514569 -0.004118024 0.012527451 0.999907196 0.005332142 0.000583683 0.004447481 -0.005388227 0.999975622 0.997243881
0.999908149 -0.012130329 -0.006032694 -0.003585935 0.012158943 0.999915004 0.004729432 0.001116741 0.005974811 -0.004802350 0.999970555 1.077617645
0.999896049 -0.012678869 -0.006849866 -0.004169100 0.012705984 0.999911606 0.003929522 0.000877300 0.006799439 -0.004016150 0.999968767 1.157158136
0.999889195 -0.012456845 -0.008152907 -0.005621135 0.012469168 0.999921203 0.001462650 0.001521911 0.008134045 -0.001564148 0.999965668 1.238351941
0.999846578 -0.013998934 -0.010531050 -0.005250787 0.013999910 0.999902010 0.000019007 0.001809890 0.010529753 -0.000166439 0.999944508 1.318460703
0.999848604 -0.013351385 -0.011158960 -0.007942284 0.013345068 0.999910712 -0.000640090 0.002034609 0.011166507 0.000491076 0.999937534 1.398079872
0.999844134 -0.011969232 -0.012977346 -0.009263418 0.011945207 0.999926805 -0.001927301 0.002577959 0.012999462 0.001771984 0.999913990 1.477354884
0.999836266 -0.010560018 -0.014692469 -0.010502673 0.010541144 0.999943435 -0.001361245 0.001657757 0.014706012 0.001206147 0.999891162 1.556407213
0.999796450 -0.011404095 -0.016646024 -0.011268329 0.011392164 0.999934733 -0.000811390 0.002203134 0.016654195 0.000621591 0.999861121 1.636253476
0.999789894 -0.010724738 -0.017475115 -0.014103578 0.010743209 0.999941826 0.000963406 0.001445697 0.017463770 -0.001150942 0.999846756 1.714973807
0.999777496 -0.010306297 -0.018407000 -0.016491136 0.010330820 0.999945819 0.001237694 0.001525397 0.018393250 -0.001427578 0.999829710 1.793494582
0.999731898 -0.011416068 -0.020151796 -0.017818425 0.011447348 0.999933422 0.001437459 0.001367076 0.020134047 -0.001667758 0.999795914 1.871083617
0.999686897 -0.011167189 -0.022395801 -0.019298112 0.011202004 0.999936223 0.001429645 0.001193674 0.022378407 -0.001680075 0.999748170 1.947707772
0.999673128 -0.011450671 -0.022855556 -0.021993708 0.011482392 0.999933243 0.001257143 0.001661981 0.022839632 -0.001519168 0.999737918 2.025679827
0.999629140 -0.011275600 -0.024786705 -0.023285350 0.011360735 0.999930024 0.003296602 0.001751367 0.024747800 -0.003576975 0.999687254 2.101591349
0.999619365 -0.012150981 -0.024768399 -0.026171945 0.012302503 0.999906421 0.005974345 0.002168834 0.024693485 -0.006276785 0.999675393 2.177368879
0.999595702 -0.012047969 -0.025757072 -0.028111463 0.012251464 0.999894857 0.007757388 0.002197822 0.025660902 -0.008069814 0.999638081 2.251929522
0.999591947 -0.011538603 -0.026131367 -0.030587282 0.011712946 0.999910116 0.006528551 0.002515269 0.026053688 -0.006831963 0.999637187 2.325455666
0.999578834 -0.010207538 -0.027166847 -0.032770157 0.010314799 0.999939561 0.003811011 0.003103771 0.027126299 -0.004089627 0.999623656 2.397226572
0.999572098 -0.009781514 -0.027563980 -0.035600454 0.009843513 0.999949336 0.002114565 0.003186783 0.027541896 -0.002384987 0.999617815 2.468141556
0.999568045 -0.008237781 -0.028211690 -0.038697712 0.008291175 0.999964058 0.001776158 0.003651019 0.028196044 -0.002009299 0.999600351 2.538937330
0.999520481 -0.008697302 -0.029718444 -0.040806685 0.008737591 0.999961019 0.001226147 0.003434820 0.029706622 -0.001485226 0.999557495 2.608755112
0.999453902 -0.008694802 -0.031879410 -0.043444484 0.008705847 0.999962091 0.000207685 0.003403081 0.031876393 -0.000485109 0.999491692 2.679012775
0.999387324 -0.008771077 -0.033883657 -0.045606125 0.008787211 0.999961317 0.000327284 0.003039962 0.033879474 -0.000624827 0.999425650 2.747158051
0.999331117 -0.008938468 -0.035461456 -0.048980847 0.009007997 0.999957800 0.001801403 0.002835197 0.035443854 -0.002119634 0.999369323 2.814063787
0.999229789 -0.009131226 -0.038166516 -0.050541256 0.009276563 0.999950349 0.003632607 0.003584511 0.038131457 -0.003983863 0.999264777 2.882451296
0.999166727 -0.008352277 -0.039951313 -0.054135881 0.008565673 0.999949872 0.005173229 0.003623310 0.039906103 -0.005511128 0.999188185 2.948462725
0.999097109 -0.006810443 -0.041935924 -0.057041906 0.007047304 0.999960005 0.005502917 0.003633189 0.041896768 -0.005793483 0.999105096 3.013739824
0.999006212 -0.004647611 -0.044329029 -0.060185231 0.004864957 0.999976635 0.004796377 0.003611151 0.044305701 -0.005007268 0.999005437 3.076444864
0.998946786 -0.002945884 -0.045786932 -0.063498452 0.003117252 0.999988377 0.003671766 0.004635123 0.045775589 -0.003810629 0.998944461 3.141099691
0.998859465 -0.002740394 -0.047667209 -0.066535406 0.002976134 0.999983728 0.004875277 0.004819447 0.047653072 -0.005011581 0.998851418 3.205011606
0.998824358 -0.000877582 -0.048467293 -0.070253521 0.001203675 0.999976814 0.006699322 0.005173359 0.048460294 -0.006749785 0.998802304 3.265348196
0.998820603 0.001619589 -0.048525874 -0.074173294 -0.001254543 0.999970675 0.007552211 0.004904142 0.048536684 -0.007482425 0.998793364 3.326709032
0.998867452 0.005052672 -0.047310594 -0.077299647 -0.004798490 0.999973416 0.005484658 0.004795997 0.047337044 -0.005251426 0.998865187 3.385472059
0.998935282 0.006999566 -0.045600001 -0.079972446 -0.006897600 0.999973357 0.002393071 0.005032646 0.045615532 -0.002075992 0.998956978 3.442434311
0.999034166 0.007147477 -0.043355152 -0.083221629 -0.007143693 0.999974430 0.000242197 0.005865667 0.043355778 0.000067753 0.999059677 3.500681162
0.999155343 0.007867995 -0.040331949 -0.086046368 -0.007847581 0.999969006 0.000664449 0.006554492 0.040335931 -0.000347379 0.999186039 3.557347059
0.999235094 0.012965932 -0.036893059 -0.089067355 -0.012823929 0.999909401 0.004083067 0.005463906 0.036942657 -0.003606829 0.999310851 3.614295006
0.999306381 0.017120207 -0.033070393 -0.091513231 -0.016891669 0.999831557 0.007177725 0.006012542 0.033187713 -0.006614131 0.999427199 3.668723583
0.999333501 0.022239318 -0.028946064 -0.093225054 -0.022014908 0.999725223 0.008048415 0.006181715 0.029117100 -0.007405807 0.999548614 3.722813129
0.999385715 0.025428684 -0.024114957 -0.093973950 -0.025239168 0.999648452 0.008130977 0.007195352 0.024313241 -0.007517341 0.999676108 3.774484396
0.999401152 0.029847670 -0.017504985 -0.097018294 -0.029671090 0.999507010 0.010261875 0.007419750 0.017802650 -0.009736337 0.999794066 3.826714277
0.999324620 0.034925833 -0.011420008 -0.097119153 -0.034793347 0.999327123 0.011601485 0.007282786 0.011817516 -0.011196309 0.999867499 3.875171185
0.999287724 0.037559614 -0.003647976 -0.099034555 -0.037516221 0.999231935 0.011313506 0.007396001 0.004070105 -0.011168591 0.999929368 3.923889160
0.999132216 0.041501664 0.003531467 -0.099081561 -0.041540105 0.999069333 0.011615170 0.007095926 -0.003046131 -0.011751789 0.999926329 3.967517853
0.998905420 0.045521919 0.010774372 -0.098471627 -0.045639921 0.998897731 0.010972001 0.007635251 -0.010263029 -0.011451731 0.999881744 4.010788441
0.998615742 0.049276069 0.018401537 -0.098354787 -0.049433086 0.998744011 0.008177489 0.007738780 -0.017975470 -0.009075815 0.999797285 4.052140236
0.998282790 0.052075505 0.026825033 -0.098214343 -0.052238613 0.998619974 0.005415434 0.007601201 -0.026506005 -0.006807438 0.999625504 4.091870308
0.998025417 0.052273948 0.034823447 -0.097391799 -0.052478362 0.998609662 0.004981482 0.008191993 -0.034514628 -0.006799123 0.999381125 4.129920959
0.997776568 0.051426101 0.042391855 -0.094417468 -0.051756844 0.998637080 0.006741014 0.007476991 -0.041987408 -0.008920094 0.999078393 4.166018486
0.997257531 0.053825144 0.050796639 -0.093249097 -0.054258186 0.998501122 0.007183913 0.007984184 -0.050333824 -0.009920344 0.998683155 4.197933197
0.996616900 0.056830645 0.059371982 -0.091195643 -0.057369038 0.998325586 0.007401810 0.007895861 -0.058851920 -0.010782883 0.998208404 4.229865551
0.995733202 0.061907206 0.068431541 -0.089500725 -0.062519193 0.998020351 0.006835693 0.008005951 -0.067872897 -0.011084809 0.997632325 4.259155273
0.994889081 0.065133899 0.077159323 -0.087363034 -0.065843619 0.997807682 0.006687395 0.008068509 -0.076554589 -0.011733666 0.996996343 4.284776211
0.994137764 0.064498290 0.086776473 -0.085479975 -0.065405749 0.997829437 0.007652309 0.007287975 -0.086094558 -0.013283130 0.996198416 4.307482719
0.993245482 0.063247018 0.097279109 -0.081646413 -0.064113051 0.997925758 0.005799511 0.006939787 -0.096710518 -0.011997198 0.995240211 4.333297729
0.992074728 0.061890841 0.109348737 -0.079159051 -0.062425692 0.998048544 0.001471459 0.006730620 -0.109044269 -0.008285967 0.994002342 4.355714798
0.990465581 0.062844701 0.122590177 -0.075430095 -0.063003384 0.998009920 -0.002585495 0.006824309 -0.122508697 -0.005162750 0.992453992 4.379106045
0.988430381 0.064395428 0.137326598 -0.069946826 -0.064333275 0.997916460 -0.004895620 0.006919535 -0.137355745 -0.003995689 0.990513682 4.399635792
0.985749006 0.066604510 0.154475614 -0.068167269 -0.066423312 0.997771382 -0.006339905 0.006539019 -0.154553622 -0.004011227 0.987976193 4.424578667
0.982906938 0.067307137 0.171358123 -0.063194633 -0.067026235 0.997723460 -0.007431120 0.005978521 -0.171468183 -0.004181388 0.985180795 4.446533203
0.979590833 0.066588722 0.189651728 -0.058591604 -0.066148259 0.997772336 -0.008658795 0.005714040 -0.189805850 -0.004063055 0.981813192 4.468513966
0.975809097 0.065050483 0.208722651 -0.052038491 -0.064555153 0.997871816 -0.009191785 0.006112106 -0.208876342 -0.004504696 0.977931678 4.490980625
0.971205950 0.065323696 0.229110807 -0.046670079 -0.064671703 0.997852802 -0.010361327 0.005634330 -0.229295701 -0.004754004 0.973345220 4.511626720
0.965878069 0.067550771 0.250032514 -0.039460540 -0.066516705 0.997705817 -0.012593405 0.005020190 -0.250309587 -0.004467643 0.968155622 4.533948421
0.959718823 0.068467207 0.272492319 -0.031621814 -0.066927746 0.997645736 -0.014951617 0.005421348 -0.272874534 -0.003887950 0.962041736 4.553506851
0.952336431 0.070206784 0.296860874 -0.024277449 -0.068518899 0.997519910 -0.016100548 0.005010746 -0.297254980 -0.005007442 0.954784989 4.572703838
0.943732679 0.073511153 0.322435737 -0.015942574 -0.071811974 0.997270286 -0.017179208 0.004542023 -0.322818488 -0.006942164 0.946435392 4.593877316
0.933772385 0.075471900 0.349818885 -0.006301641 -0.073687419 0.997111201 -0.018428415 0.004037708 -0.350199103 -0.008569305 0.936636090 4.615196228
0.922662258 0.076181188 0.378008842 0.004384279 -0.074253321 0.997044981 -0.019696141 0.002702385 -0.378392279 -0.009895529 0.925592422 4.634974957
0.910005569 0.073840931 0.407967269 0.016099691 -0.071142867 0.997227788 -0.021805210 0.002097830 -0.408446401 -0.009181103 0.912736118 4.655919075
0.895029604 0.071012564 0.440317094 0.029276371 -0.067011781 0.997447670 -0.024649918 0.001370259 -0.440943718 -0.007444030 0.897503912 4.676386833
0.877897143 0.069968484 0.473709762 0.043016195 -0.063977264 0.997536421 -0.028774273 0.000564836 -0.474556088 -0.005045808 0.880210817 4.694509506
0.858361900 0.072162680 0.507944286 0.057407379 -0.063745387 0.997387707 -0.033975296 -0.000281379 -0.509069145 -0.003216001 0.860719621 4.714475632
0.836660802 0.073876202 0.542716384 0.074071169 -0.062961683 0.997265816 -0.038688038 -0.000846043 -0.544090629 -0.001801572 0.839024603 4.734286785
0.811983049 0.076255754 0.578678250 0.090504646 -0.063556522 0.997085154 -0.042211108 -0.002271965 -0.580210447 -0.002504081 0.814462662 4.754188061
0.784692228 0.080841213 0.614591599 0.109865665 -0.066964962 0.996712506 -0.045605190 -0.002909482 -0.616257906 -0.005370060 0.787526071 4.774471283
0.754683554 0.085048556 0.650553226 0.130842924 -0.070322536 0.996335924 -0.048675004 -0.004049450 -0.652309239 -0.009014322 0.757899284 4.795825005
0.721607029 0.086174481 0.686918616 0.153370857 -0.070011228 0.996219516 -0.051429830 -0.005575255 -0.688753724 -0.010979884 0.724912286 4.815961838
0.684918940 0.083648957 0.723801553 0.178449631 -0.066446029 0.996419549 -0.052278575 -0.007592708 -0.725583196 -0.012287145 0.688024879 4.836549759
0.645766973 0.082112595 0.759106398 0.205938816 -0.063489690 0.996532142 -0.053784668 -0.009716108 -0.760890365 -0.013463069 0.648740828 4.856556416
0.603205919 0.081418350 0.793418884 0.235508442 -0.061403856 0.996564209 -0.055581540 -0.011999011 -0.795218289 -0.015191857 0.606132984 4.876231194
0.557860315 0.081521802 0.825921357 0.269776106 -0.057753347 0.996564806 -0.059356093 -0.013101175 -0.827922940 -0.014587314 0.560652137 4.894468307
0.509413898 0.080383085 0.856759131 0.304602146 -0.054582614 0.996641040 -0.061053280 -0.015407547 -0.858788908 -0.015662767 0.512090206 4.912677765
0.460078537 0.078787327 0.884375632 0.339407921 -0.052876607 0.996718526 -0.061287761 -0.016996935 -0.886302352 -0.018565603 0.462734759 4.928923607
0.411415666 0.076351382 0.908244252 0.381319404 -0.052363735 0.996819317 -0.060077749 -0.019792683 -0.909942389 -0.022842137 0.414105117 4.943862915
0.360531807 0.076702826 0.929587841 0.423394561 -0.055478767 0.996612132 -0.060716268 -0.020806774 -0.931095600 -0.029682247 0.363565713 4.959557056
0.311119974 0.076342545 0.947299421 0.465240836 -0.053400528 0.996598005 -0.062777251 -0.024112895 -0.948869109 -0.031055028 0.314138293 4.971334934
0.265186787 0.073238932 0.961411476 0.510242939 -0.042012155 0.997041643 -0.064364940 -0.026715562 -0.963281333 -0.023322234 0.267479271 4.978363514
0.221603468 0.067388743 0.972805560 0.556943297 -0.028638892 0.997628689 -0.062584415 -0.029172055 -0.974716246 -0.013991148 0.223007917 4.984374046
0.178735748 0.066505447 0.981646836 0.605804682 -0.019482533 0.997756541 -0.064049527 -0.031979710 -0.983704209 -0.007677026 0.179630458 4.991403580
0.139207333 0.067947954 0.987929344 0.655477524 -0.016211253 0.997665882 -0.066333309 -0.034201462 -0.990130603 -0.006781491 0.139983907 4.997767925
0.107723996 0.068580672 0.991812527 0.705593824 -0.007325451 0.997645557 -0.068188354 -0.037754744 -0.994153976 0.000080048 0.107972734 4.999360085
0.079017952 0.067200005 0.994605601 0.757533669 -0.000249358 0.997726679 -0.067391060 -0.041075587 -0.996873200 0.005077091 0.078855082 5.000931263
0.053594667 0.065404393 0.996418536 0.811723113 0.006822882 0.997805417 -0.065862410 -0.044311717 -0.998539567 0.010328321 0.053030796 5.002962112
0.033666171 0.064296812 0.997362792 0.866140127 0.011527987 0.997837186 -0.064716525 -0.047005646 -0.999366641 0.013676343 0.032852147 5.003637791
0.017720101 0.066336043 0.997639954 0.922372878 0.014432348 0.997675717 -0.066594757 -0.049817964 -0.999738753 0.015578355 0.016721532 5.003525257
0.004417891 0.065835245 0.997820616 0.978262246 0.014509097 0.997721255 -0.065892912 -0.053661771 -0.999884903 0.014768586 0.003452612 5.003605366
-0.007532885 0.066788629 0.997738719 1.038355708 0.015996426 0.997647405 -0.066661723 -0.056995474 -0.999843597 0.015458099 -0.008583543 5.002520084
-0.015961278 0.069843292 0.997430384 1.096248865 0.020947328 0.997361898 -0.069503292 -0.059721850 -0.999653101 0.019784138 -0.017382201 5.000090599
-0.022675280 0.071625806 0.997173786 1.159467340 0.024959274 0.997160017 -0.071057275 -0.063939899 -0.999431252 0.023277484 -0.024398612 4.997786999
-0.026945477 0.071190320 0.997098684 1.219576478 0.025502121 0.997185171 -0.070507340 -0.066912882 -0.999311566 0.023528280 -0.028685134 4.995676994
-0.030607007 0.068049155 0.997212350 1.282660961 0.022856643 0.997466564 -0.067364968 -0.071047291 -0.999270022 0.020731088 -0.032084841 4.994467258
-0.033733595 0.061648697 0.997527659 1.351082444 0.020782482 0.997923195 -0.060970325 -0.074138805 -0.999214768 0.018674357 -0.034944750 4.993237495
-0.034567639 0.056001097 0.997832179 1.415112734 0.022424452 0.998220861 -0.055246070 -0.077763550 -0.999150753 0.020466113 -0.035761934 4.989872456
-0.034582883 0.053217467 0.997983992 1.481202960 0.025301220 0.998307765 -0.052357979 -0.081452101 -0.999081552 0.023439521 -0.035870828 4.986780167
-0.035161328 0.055509292 0.997838974 1.551781058 0.028238380 0.998112798 -0.054529496 -0.085251451 -0.998982608 0.026260020 -0.036662467 4.985559940
-0.034609806 0.062665991 0.997434318 1.618229508 0.029250387 0.997668207 -0.061665736 -0.088888839 -0.998972714 0.027041100 -0.036362104 4.984432220
-0.032097064 0.070837677 0.996971369 1.685959578 0.030269889 0.997096658 -0.069872051 -0.091968112 -0.999026299 0.027935520 -0.034148119 4.982224941
-0.029618565 0.071724840 0.996984601 1.757067323 0.031066116 0.997006416 -0.070803493 -0.095444269 -0.999078393 0.028875338 -0.031758111 4.979454994
-0.028284060 0.067414969 0.997323990 1.830276489 0.030021917 0.997330368 -0.066563971 -0.099337131 -0.999148965 0.028058877 -0.030232478 4.978804111
-0.025633609 0.060686339 0.997827649 1.901704431 0.029259315 0.997773647 -0.059931394 -0.104065396 -0.999243081 0.027659494 -0.027352177 4.977409363
-0.022764279 0.058743332 0.998013496 1.973202229 0.027467880 0.997932017 -0.058112010 -0.109152555 -0.999363422 0.026090441 -0.024330761 4.975769520
-0.019536994 0.064647019 0.997716844 2.046035767 0.035564855 0.997320771 -0.063924924 -0.113059267 -0.999176383 0.034234758 -0.021783814 4.973855495
-0.015861891 0.070193343 0.997407258 2.117530823 0.037047524 0.996888995 -0.069567710 -0.116618857 -0.999187648 0.035847999 -0.018413037 4.971615314
-0.013400145 0.070684262 0.997408748 2.188948393 0.031337161 0.997038007 -0.070236973 -0.120746791 -0.999418974 0.030314766 -0.015575498 4.972030163
-0.010281489 0.067239001 0.997683942 2.261597395 0.026409971 0.997406781 -0.066948168 -0.125363633 -0.999598324 0.025660479 -0.012030608 4.972177505
-0.004876298 0.063915394 0.997943401 2.334900141 0.030989911 0.997485578 -0.063734621 -0.129826352 -0.999507785 0.030615391 -0.006844767 4.970107555
-0.001375577 0.064995989 0.997884572 2.404450893 0.035664778 0.997253776 -0.064905733 -0.133899480 -0.999362946 0.035500050 -0.003689868 4.969082832
0.001578226 0.069034845 0.997613013 2.475042820 0.034549475 0.997014821 -0.069048092 -0.139332026 -0.999401808 0.034575980 -0.000811602 4.969234467
0.004188658 0.069629304 0.997564137 2.551138163 0.031327162 0.997074127 -0.069726638 -0.144488394 -0.999500394 0.031542916 0.001995113 4.972607613
0.008216901 0.069687277 0.997535050 2.623593807 0.030540980 0.997085810 -0.069907472 -0.147788525 -0.999499738 0.031040121 0.006064638 4.973497391
0.012433002 0.066171266 0.997730851 2.697144985 0.034520555 0.997184694 -0.066565216 -0.152909338 -0.999326587 0.035269823 0.010113729 4.972582817
0.016248174 0.066328578 0.997665584 2.769327402 0.038834643 0.997002602 -0.066916972 -0.158964023 -0.999113560 0.039831258 0.013623624 4.973083973
0.018883098 0.067813456 0.997519314 2.842408895 0.042030424 0.996761382 -0.068557575 -0.162446529 -0.998937786 0.043220744 0.015971716 4.975068569
0.021794397 0.067441843 0.997485101 2.914663792 0.042156640 0.996772707 -0.068314776 -0.167389423 -0.998873293 0.043539498 0.018880941 4.976476669
0.024987029 0.066480294 0.997474849 2.989459753 0.043481752 0.996769845 -0.067522526 -0.171406865 -0.998741627 0.045059141 0.022015637 4.980199337
0.028819395 0.064783089 0.997483075 3.061543941 0.045943324 0.996757090 -0.066063359 -0.177309453 -0.998528361 0.047731590 0.025749587 4.980116844
0.031501401 0.065260716 0.997370839 3.133759260 0.044087246 0.996804178 -0.066616103 -0.181185186 -0.998530865 0.046069846 0.028523562 4.982545376
0.034205541 0.067008145 0.997165918 3.205750227 0.041014679 0.996815145 -0.068391502 -0.185324088 -0.998572886 0.043237805 0.031348281 4.986467838
0.037171036 0.066976823 0.997061908 3.281160593 0.043092154 0.996715903 -0.068560064 -0.190540344 -0.998379350 0.045513995 0.034162790 4.989123344
0.039714601 0.066811949 0.996974826 3.355559587 0.040821616 0.996820569 -0.068427742 -0.195146263 -0.998376846 0.043415707 0.036860965 4.992685795
0.042119801 0.067433678 0.996834338 3.429105282 0.038974062 0.996849477 -0.069081478 -0.199222788 -0.998352170 0.041760378 0.039358933 4.996026516
0.045103595 0.067004427 0.996732712 3.503991365 0.036068305 0.996988297 -0.068653762 -0.205004677 -0.998330951 0.039046995 0.042551022 5.000123978
0.048053574 0.069160879 0.996447504 3.577641726 0.034829322 0.996877253 -0.070870355 -0.209244251 -0.998237312 0.038111169 0.045494691 5.004681587
0.051690795 0.072641924 0.996017694 3.652413368 0.033158768 0.996676266 -0.074410811 -0.214520752 -0.998112559 0.036873069 0.049110271 5.007889748
0.055528987 0.074889511 0.995644569 3.727535725 0.033724237 0.996473372 -0.076832727 -0.219521165 -0.997887313 0.037843801 0.052807570 5.011031151
0.057780128 0.077089600 0.995348454 3.805024385 0.027127499 0.996524811 -0.078755453 -0.224596232 -0.997960687 0.031551816 0.055488087 5.018962860
0.061047364 0.076227568 0.995219827 3.881492615 0.023524057 0.996692657 -0.077783361 -0.229700252 -0.997857630 0.028160077 0.059052281 5.024015427
0.064363569 0.076227672 0.995010853 3.958048344 0.026401728 0.996599197 -0.078057192 -0.235932395 -0.997577250 0.031294044 0.062132135 5.029004574
0.068222165 0.077116214 0.994685233 4.035673141 0.025160760 0.996558070 -0.078987107 -0.242263645 -0.997352898 0.030415703 0.066047043 5.034873486
0.071305059 0.078733966 0.994342268 4.113331318 0.020559309 0.996551991 -0.080383256 -0.247274548 -0.997242570 0.026174724 0.069440469 5.042305470
0.074897632 0.076478936 0.994254112 4.190464973 0.019216632 0.996758759 -0.078119189 -0.252629340 -0.997005999 0.024957163 0.073185198 5.049030304
0.080198683 0.076407261 0.993846059 4.268704891 0.019864904 0.996737123 -0.078232527 -0.258959174 -0.996580839 0.026016803 0.078419186 5.054154873
0.084982440 0.080183178 0.993151009 4.348495483 0.016211687 0.996513426 -0.081841886 -0.264440000 -0.996250689 0.023055770 0.083386242 5.063247681
0.091048904 0.088535614 0.991903067 4.425735950 0.014112910 0.995825350 -0.090181187 -0.270864964 -0.995746374 0.022209534 0.089419328 5.071105003
0.098201722 0.093106702 0.990801513 4.502731800 0.012108522 0.995428205 -0.094741605 -0.277797908 -0.995092809 0.021300934 0.096625380 5.079246998
0.104798898 0.096282922 0.989821672 4.582706928 0.008552733 0.995178163 -0.097709507 -0.283813834 -0.994456708 0.018705528 0.103470095 5.090134621
0.112653717 0.094728686 0.989108503 4.663683414 0.004725374 0.995382786 -0.095867798 -0.290713072 -0.993623078 0.015473775 0.111685954 5.098803043
0.120702974 0.093533777 0.988272429 4.741837978 0.004475653 0.995489717 -0.094763502 -0.296970457 -0.992678583 0.015861401 0.119739965 5.107653141
0.128015190 0.089735202 0.987704337 4.821361542 0.004950837 0.995828032 -0.091114946 -0.303876966 -0.991759837 0.016554061 0.127036855 5.117918015
0.134928823 0.083720505 0.987312019 4.904357910 0.000940391 0.996412754 -0.084620744 -0.312829971 -0.990854859 0.012346237 0.134366080 5.131169319
0.141579017 0.076302759 0.986981869 4.984905720 -0.001441892 0.997039795 -0.076873496 -0.318987548 -0.989925861 0.009460555 0.141269952 5.144647121
0.149574861 0.073496923 0.986015022 5.062966347 -0.001779725 0.997251928 -0.074064530 -0.326059908 -0.988748729 0.009323355 0.149294615 5.155849457
0.156638473 0.075500809 0.984765887 5.142372608 -0.001741659 0.997093379 -0.076168910 -0.331358939 -0.987654448 0.010215856 0.156314671 5.169804096
0.161826804 0.082299694 0.983381331 5.219109535 -0.000835049 0.996527255 -0.083262481 -0.336510509 -0.986818731 0.012652926 0.161333546 5.183513165
0.167290866 0.085676640 0.982177794 5.296048164 -0.003233168 0.996259212 -0.086354285 -0.343573183 -0.985902190 0.011270739 0.166942075 5.196858406
0.172349826 0.089033484 0.981003881 5.373202801 -0.004658282 0.995969296 -0.089573309 -0.349821985 -0.985024810 0.010868152 0.172069848 5.211300850
0.177872255 0.088690251 0.980048776 5.448576927 -0.007397055 0.996022582 -0.088793308 -0.356375456 -0.984025836 0.008544387 0.177820787 5.225323200
0.183620140 0.085898533 0.979237080 5.521598339 -0.002549222 0.996212900 -0.086909652 -0.362263143 -0.982993960 0.013462070 0.183143720 5.237403393
0.187472776 0.078861311 0.979098976 5.599720955 -0.002099302 0.996801853 -0.079885229 -0.368720949 -0.982267559 0.012920876 0.187038735 5.254612923
0.190388247 0.072494701 0.979028404 5.673369408 -0.004972945 0.997328222 -0.072882667 -0.375304908 -0.981696367 0.009007346 0.190240055 5.270075321
0.194056317 0.069722936 0.978509426 5.744994640 -0.008092090 0.997550845 -0.069474898 -0.380005985 -0.980956972 0.005563855 0.194145232 5.284713745
0.197380021 0.069465838 0.977862775 5.819361210 -0.008994839 0.997572720 -0.069050379 -0.385561228 -0.980285764 0.004833451 0.197525740 5.300103188
0.198136881 0.071513064 0.977562129 5.888177872 -0.012001821 0.997437179 -0.070534423 -0.390714765 -0.980100870 0.002242948 0.198487386 5.317073822
0.200370193 0.076319642 0.976743102 5.957843781 -0.015654517 0.997083306 -0.074697576 -0.395101964 -0.979595125 -0.000323271 0.200980529 5.331284523
0.202790618 0.079897895 0.975957096 6.028026104 -0.016427018 0.996803164 -0.078191139 -0.401140541 -0.979084313 -0.000175634 0.203454807 5.346503258
0.204533845 0.085192695 0.975145042 6.094973564 -0.017250719 0.996364534 -0.083428212 -0.406401813 -0.978707492 0.000241941 0.205259889 5.361460209
0.206099480 0.086910076 0.974663854 6.161949158 -0.016360490 0.996214747 -0.085372224 -0.412126243 -0.978394270 0.001649195 0.206741259 5.376362801
0.207404733 0.087126121 0.974367678 6.229419708 -0.018733352 0.996197045 -0.085090481 -0.417371988 -0.978075862 -0.000605006 0.208248168 5.392096996
0.208184287 0.084221192 0.974456728 6.294651031 -0.018666012 0.996446490 -0.082133912 -0.422782332 -0.977911472 -0.001090238 0.209016547 5.406764030
0.209501535 0.081305660 0.974422216 6.358476639 -0.018233506 0.996688426 -0.079243347 -0.428247660 -0.977638245 -0.001165528 0.210290283 5.419692039
0.208582476 0.080671497 0.974672079 6.422833920 -0.017164012 0.996740639 -0.078824930 -0.432697415 -0.977854133 -0.000287782 0.209287301 5.435231209
0.207142532 0.079956397 0.975037932 6.484762192 -0.017518962 0.996797919 -0.078018963 -0.437611938 -0.978153944 -0.000920608 0.207880005 5.448312283
0.204779312 0.080852643 0.975463092 6.547646999 -0.019134989 0.996722698 -0.078597754 -0.443052739 -0.978621125 -0.002570280 0.205655336 5.463816643
0.203178212 0.083524808 0.975572765 6.606413364 -0.019476533 0.996502578 -0.081260435 -0.448219448 -0.978948057 -0.002490425 0.204094395 5.475756645
0.201155022 0.087397158 0.975652874 6.665165901 -0.017397389 0.996173501 -0.085648470 -0.453257263 -0.979404986 0.000254809 0.201905802 5.487665176
0.199599579 0.088056684 0.975912869 6.724359035 -0.015526376 0.996113062 -0.086703807 -0.458172649 -0.979754567 0.002153652 0.200190961 5.499868393
0.197186008 0.086838320 0.976512551 6.781724453 -0.016348593 0.996222079 -0.085289791 -0.462483048 -0.980229795 0.000853345 0.197860703 5.511050701
0.194849551 0.083654530 0.977259219 6.839067459 -0.017087724 0.996494591 -0.081894100 -0.467687577 -0.980684280 -0.000742106 0.195595950 5.522452354
0.192531809 0.079528652 0.978062809 6.895740032 -0.016547680 0.996831834 -0.077797405 -0.472827971 -0.981151342 -0.001206194 0.193237856 5.534394741
0.190812677 0.078895681 0.978450835 6.949503422 -0.012488512 0.996879339 -0.077946186 -0.476948082 -0.981546998 0.002653725 0.191202536 5.543736458
0.188585192 0.080318592 0.978766859 7.003653049 -0.008608014 0.996746719 -0.080135472 -0.481340736 -0.982019126 0.006687125 0.188663065 5.555167198
0.186944798 0.081946693 0.978946626 7.056758881 -0.004173015 0.996572018 -0.082625203 -0.486106694 -0.982361555 0.011361191 0.186645895 5.563213348
0.184774533 0.084483564 0.979142904 7.111066341 -0.005540217 0.996371984 -0.084924646 -0.489356577 -0.982765317 0.010267249 0.184572205 5.574318886
0.183831424 0.087122738 0.979089141 7.165301323 -0.005817685 0.996143341 -0.087547943 -0.493351012 -0.982940614 0.010398033 0.183629259 5.584395409
0.182416946 0.085189804 0.979523718 7.218577385 -0.003698446 0.996291697 -0.085959367 -0.498609364 -0.983214259 0.012057733 0.182055563 5.594323158
0.183222920 0.083448358 0.979523242 7.271800518 0.002241742 0.996352613 -0.085301444 -0.503169715 -0.983068824 0.017825017 0.182367578 5.603246689
0.185290545 0.081942908 0.979261339 7.326870918 0.006885226 0.996384561 -0.084678531 -0.506526411 -0.982659757 0.022432568 0.184056431 5.613493443
0.187607244 0.081306711 0.978873193 7.380810261 0.009697490 0.996366262 -0.084618278 -0.510863662 -0.982196271 0.025367619 0.186137065 5.622775555
0.191027030 0.080972292 0.978239357 7.435163975 0.007225054 0.996448815 -0.083890446 -0.515386581 -0.981558204 0.023093173 0.189763635 5.634077072
0.196215332 0.081787474 0.977144003 7.489916801 0.005564674 0.996406496 -0.084517151 -0.519740939 -0.980545044 0.022021053 0.195055112 5.645583153
0.203450337 0.080489799 0.975771248 7.545054436 0.006815960 0.996474504 -0.083618723 -0.524047017 -0.979061604 0.023663076 0.202184454 5.656229496
0.210595950 0.080504701 0.974252701 7.600445747 0.005200409 0.996496975 -0.083466902 -0.528499842 -0.977559328 0.022644304 0.209439531 5.669902802
0.218926296 0.078686789 0.972563446 7.656701088 0.005655539 0.996623933 -0.081906527 -0.532279491 -0.975724936 0.023431858 0.217742190 5.683357239
0.227711216 0.078209601 0.970582724 7.713224411 0.002373267 0.996721506 -0.080872677 -0.537225485 -0.973725855 0.020719063 0.226779073 5.697937012
0.237222075 0.078334793 0.968291998 7.770100594 0.000762497 0.996728241 -0.080822103 -0.541169822 -0.971455276 0.019911105 0.236386180 5.712700844
0.247170269 0.081810109 0.965512276 7.827894688 -0.004199206 0.996510506 -0.083361663 -0.545731723 -0.968962967 0.016550142 0.246651322 5.728328705
0.256384313 0.084305942 0.962891281 7.886457443 -0.007863787 0.996337950 -0.085140511 -0.549604416 -0.966542959 0.014256717 0.256108314 5.745517254
0.267145216 0.086774893 0.959741414 7.946085453 -0.011977434 0.996159494 -0.086733706 -0.554623425 -0.963581860 0.011675254 0.267158628 5.763424873
0.277405292 0.088939361 0.956627429 8.005906105 -0.013309277 0.995966136 -0.088737257 -0.558880687 -0.960660756 0.011884170 0.277470022 5.781447411
0.287172437 0.089387089 0.953699052 8.066676140 -0.016129648 0.995946407 -0.088489912 -0.564150572 -0.957743168 0.010029034 0.287450135 5.801313400
0.297890157 0.089935929 0.950354159 8.130405426 -0.017233193 0.995896399 -0.088844001 -0.569039345 -0.954444587 0.010088119 0.298217684 5.821535110
0.307769626 0.091016553 0.947097600 8.191441536 -0.021618895 0.995826066 -0.088674068 -0.573599517 -0.951215267 0.006815987 0.308452755 5.843396187
0.318076372 0.086375281 0.944122255 8.254654884 -0.020925554 0.996238112 -0.084093377 -0.577830076 -0.947834134 0.006991832 0.318687290 5.866042137
0.328789979 0.079040892 0.941089571 8.320615768 -0.017482374 0.996830106 -0.077614628 -0.583642602 -0.944241285 0.009066431 0.329129636 5.889369965
0.339763701 0.074651465 0.937543452 8.385479927 -0.015896467 0.997158289 -0.073637433 -0.588478208 -0.940376639 0.010115693 0.339984864 5.913155556
0.350267053 0.071746349 0.933898032 8.453363419 -0.016935874 0.997384071 -0.070271686 -0.592696667 -0.936496794 0.008797480 0.350565881 5.939017296
0.359456599 0.069183871 0.930593610 8.521457672 -0.010721161 0.997488201 -0.070015863 -0.596978545 -0.933100164 0.015190619 0.359295547 5.966350555
0.367825806 0.063940287 0.927693784 8.589408875 -0.004269292 0.997738779 -0.067075297 -0.600703180 -0.929884911 0.020711431 0.367267013 5.993063927
0.375311583 0.054167852 0.925314605 8.662924767 0.006047933 0.998126686 -0.060883325 -0.605267227 -0.926878989 0.028446460 0.374280810 6.021499634
0.381961077 0.049896423 0.922830462 8.731202126 0.011120289 0.998220921 -0.058575414 -0.609396040 -0.924111426 0.032635666 0.380726784 6.050482750
0.389490187 0.049476229 0.919700861 8.802730560 0.013262693 0.998151243 -0.059313271 -0.614248037 -0.920935094 0.035299640 0.388114005 6.080005646
0.396848977 0.055888493 0.916180909 8.872432709 0.015276181 0.997604191 -0.067472406 -0.618277848 -0.917756796 0.040772099 0.395044416 6.110341072
0.403717786 0.061263185 0.912830114 8.941907883 0.018365037 0.997011721 -0.075035214 -0.621366620 -0.914699256 0.047057204 0.401386261 6.140528679
0.409414142 0.062870272 0.910179913 9.011528015 0.017119899 0.996917903 -0.076562487 -0.626482785 -0.912188053 0.046927951 0.407075852 6.172046185
0.413551539 0.064151168 0.908217967 9.079524040 0.010266328 0.997122705 -0.075105608 -0.632561684 -0.910422862 0.040384110 0.411703050 6.205367088
0.417651802 0.067650951 0.906085134 9.148352623 0.003606820 0.997092962 -0.076108418 -0.638292730 -0.908599973 0.035054900 0.416193664 6.237939835
0.422238111 0.070630424 0.903729081 9.216464043 0.003081844 0.996842206 -0.079347529 -0.643701077 -0.906479657 0.036288701 0.420687139 6.269186974
0.425836623 0.074798785 0.901703060 9.282867432 0.000008186 0.996576726 -0.082672700 -0.649357796 -0.904800057 0.035212439 0.424378276 6.302714348
0.429719925 0.077841185 0.899600804 9.349367142 -0.002926753 0.996392190 -0.084818378 -0.654366493 -0.902957499 0.033815231 0.428397387 6.334440231
0.433310241 0.076513954 0.897990942 9.412714005 -0.004378212 0.996556580 -0.082799681 -0.660203099 -0.901234210 0.031946350 0.432153136 6.366185188
0.437735587 0.073157161 0.896122515 9.477075577 -0.003205794 0.996804953 -0.079810649 -0.666194499 -0.899098039 0.032063182 0.436571509 6.397499084
0.441056848 0.070044897 0.894741595 9.541098595 -0.002707247 0.997049034 -0.076719530 -0.671536803 -0.897475123 0.031415381 0.439944834 6.430823326
0.444736153 0.069600083 0.892953396 9.602819443 -0.004697605 0.997143686 -0.075381428 -0.677074790 -0.895649314 0.029330099 0.443792880 6.460252285
0.447975934 0.071357548 0.891193449 9.662876129 -0.006811398 0.997053266 -0.076409824 -0.682198048 -0.894019663 0.028159486 0.447141916 6.492053509
0.450421244 0.071749911 0.889928401 9.722696304 -0.006053252 0.996988058 -0.077317782 -0.687648177 -0.892795622 0.029438611 0.449498922 6.523084641
0.453436732 0.070012718 0.888534307 9.783371925 -0.002546616 0.997007608 -0.077260353 -0.690648079 -0.891284823 0.032769930 0.452258229 6.552644253
0.454925746 0.069001943 0.887852073 9.841445923 -0.001324476 0.997045040 -0.076809518 -0.696246624 -0.890528440 0.033766694 0.453672707 6.582939148
0.456752777 0.068418518 0.886958718 9.897732735 -0.003172440 0.997157037 -0.075285323 -0.702977180 -0.889587998 0.031572964 0.455671221 6.612050056
0.458954066 0.067527652 0.885890067 9.953996658 -0.000584912 0.997130156 -0.075703986 -0.706572890 -0.888459861 0.034226481 0.457676351 6.639747620
0.460936129 0.069965884 0.884670913 10.010578156 -0.002643758 0.996990979 -0.077471480 -0.712016165 -0.887429476 0.033370547 0.459734142 6.672278404
0.463658690 0.069967940 0.883246899 10.065640450 0.000495589 0.996856332 -0.079227865 -0.716694772 -0.886013746 0.037172418 0.462166458 6.701724529
0.467054754 0.069440216 0.881497562 10.120526314 0.002216737 0.996816456 -0.079699010 -0.721277297 -0.884225547 0.039177854 0.465413958 6.731096268
0.469893456 0.067510895 0.880137682 10.172800064 0.005303660 0.996837080 -0.079293869 -0.726074576 -0.882707179 0.041927621 0.468049169 6.758965969
0.473775238 0.066248953 0.878150344 10.223084450 0.007790587 0.996812046 -0.079404108 -0.729877472 -0.880611420 0.044461008 0.471748710 6.784316063
0.476843923 0.066182673 0.876492798 10.274109840 0.008186419 0.996783733 -0.079719342 -0.734033227 -0.878949881 0.045189034 0.474768370 6.812731266
0.480715036 0.065345615 0.874438763 10.324188232 0.008650807 0.996817470 -0.079246521 -0.738666177 -0.876834214 0.045659594 0.478619844 6.838624477
0.484544367 0.064691372 0.872371316 10.372811317 0.009902522 0.996792197 -0.079418086 -0.743590951 -0.874710619 0.047120266 0.482349485 6.864574432
0.487833232 0.065795287 0.870453775 10.421690941 0.009052264 0.996720552 -0.080412656 -0.748843133 -0.872889996 0.047107540 0.485637754 6.894521236
0.491932005 0.066253096 0.868109107 10.471323013 0.012325591 0.996470451 -0.083034046 -0.751771927 -0.870546341 0.051547065 0.489379108 6.922548771
0.497072101 0.069521964 0.864919603 10.520640373 0.010336317 0.996239960 -0.086017758 -0.756029487 -0.867647707 0.051697113 0.494484395 6.951103210
0.502225280 0.075628795 0.861423254 10.569083214 0.007474300 0.995751202 -0.091779806 -0.759788394 -0.864704490 0.052532673 0.499526203 6.980375290
0.508494854 0.082372658 0.857115865 10.615377426 0.001396872 0.995333552 -0.096484706 -0.766042471 -0.861063898 0.050259266 0.506006896 7.008477688
0.513696611 0.088224977 0.853423715 10.660767555 -0.004694719 0.994973063 -0.100032158 -0.773348749 -0.857959032 0.047379598 0.511528492 7.039257050
0.520778894 0.093432106 0.848563373 10.710388184 -0.007485602 0.994454384 -0.104901567 -0.775495172 -0.853658795 0.048278507 0.518590271 7.068794250
0.525409520 0.093640365 0.845680892 10.756718636 -0.011178679 0.994599342 -0.103184640 -0.779798210 -0.850776017 0.044760596 0.523618758 7.102296829
0.530594826 0.092639439 0.842547953 10.804533958 -0.018704485 0.995047152 -0.097627819 -0.786424160 -0.847419202 0.036041394 0.529699743 7.133962154
0.536282659 0.090477571 0.839175045 10.856035233 -0.024988566 0.995504081 -0.091363378 -0.791134357 -0.843668520 0.028026812 0.536132514 7.169950008
0.543558776 0.088154554 0.834729135 10.904084206 -0.030824326 0.995895267 -0.085102908 -0.797339439 -0.838805020 0.020528466 0.544044971 7.196485519
0.549094915 0.086712807 0.831249416 10.954961777 -0.033113409 0.996079326 -0.082033649 -0.801305592 -0.835103810 0.017518759 0.549813449 7.235002041
0.555496633 0.090617083 0.826566398 11.003293991 -0.038540393 0.995781660 -0.083267093 -0.804269135 -0.830625176 0.014398398 0.556645811 7.269474506
0.561879873 0.094502278 0.821803093 11.056240082 -0.042329814 0.995436251 -0.085527457 -0.808980942 -0.826135099 0.013269383 0.563315868 7.306151390
0.568262041 0.097891428 0.817003965 11.106695175 -0.044774111 0.995105743 -0.088088810 -0.812730312 -0.821628571 0.013476903 0.569863856 7.342745304
0.574350655 0.099664800 0.812519610 11.160634041 -0.047115713 0.994940281 -0.088735797 -0.818786323 -0.817252398 0.012683019 0.576140404 7.381384373
0.580588281 0.100899950 0.807921052 11.217429161 -0.049985144 0.994836926 -0.088323250 -0.823380530 -0.812661529 0.010895393 0.582634151 7.422937870
0.587402225 0.102699868 0.802752376 11.272052765 -0.056400638 0.994698644 -0.085986130 -0.829517722 -0.807327449 0.005232689 0.590080500 7.462635517
0.594387233 0.100455657 0.797880054 11.329251289 -0.056303874 0.994930923 -0.083320983 -0.835556388 -0.802205503 0.004601187 0.597030282 7.505976677
0.601899922 0.098868079 0.792427659 11.385475159 -0.057392683 0.995095968 -0.080560774 -0.839864016 -0.796506464 0.003009978 0.604622483 7.549420357
