0.999911606 0.000964191 0.013260460 0.000468750 -0.000973855 0.999999225 0.000722399 -0.001082412 -0.013259754 -0.000735249 0.999911845 0.061703514
0.999709070 0.000812319 0.024105357 0.001411044 -0.000863637 0.999997377 0.002118583 -0.001676697 -0.024103574 -0.002138785 0.999707103 0.123878770
0.999587238 -0.001635324 0.028682651 0.005398991 0.001546289 0.999993920 0.003126030 -0.002276233 -0.028687589 -0.003080388 0.999583662 0.191274941
0.999327600 -0.004201889 0.036423631 0.006317056 0.004077808 0.999985635 0.003480223 -0.003260461 -0.036437735 -0.003329355 0.999330342 0.250357032
0.999265313 -0.004991346 0.038000461 0.009981122 0.004983196 0.999987543 0.000309154 -0.003561814 -0.038001534 -0.000119563 0.999277651 0.315894485
0.999114692 -0.005098375 0.041762404 0.010904379 0.005230092 0.999981701 -0.003045280 -0.005032692 -0.041746110 0.003261005 0.999122918 0.378764659
0.999031842 -0.006764154 0.043469798 0.013374580 0.006989158 0.999962866 -0.005026212 -0.006105486 -0.043434195 0.005325162 0.999042094 0.443935364
0.998922646 -0.008538467 0.045613907 0.015900265 0.008675382 0.999958456 -0.002804504 -0.007064803 -0.045588057 0.003197200 0.998955190 0.509656608
0.998838186 -0.009748585 0.047195524 0.018773442 0.009708954 0.999952376 0.001068872 -0.008317381 -0.047203690 -0.000609411 0.998885036 0.578643978
0.998778582 -0.010105920 0.048364032 0.021523003 0.009956545 0.999944866 0.003328503 -0.009328806 -0.048395000 -0.002842900 0.998824239 0.644364834
0.998728156 -0.010757632 0.049256235 0.025649056 0.010604478 0.999938011 0.003369571 -0.009850966 -0.049289431 -0.002842949 0.998780489 0.714597404
0.998591006 -0.013076027 0.051428709 0.028009878 0.012990307 0.999913573 0.002000724 -0.011054610 -0.051450420 -0.001329830 0.998674631 0.781671882
0.998523176 -0.011010712 0.053198967 0.031207707 0.010967697 0.999939203 0.001100475 -0.011917735 -0.053207844 -0.000515380 0.998583376 0.852516174
0.998429894 -0.010365756 0.055049792 0.033713862 0.010397213 0.999945819 -0.000285002 -0.013202710 -0.055043858 0.000856919 0.998483598 0.920526564
0.998334706 -0.010674353 0.056690738 0.037453823 0.010743628 0.999941885 -0.000917339 -0.013876099 -0.056677643 0.001524876 0.998391330 0.992276609
0.998221517 -0.012022385 0.058389563 0.040611021 0.012033370 0.999927521 0.000163503 -0.015238340 -0.058387298 0.000539411 0.998293877 1.065262556
0.998103678 -0.011473067 0.060476184 0.043662123 0.011444586 0.999934196 0.000817321 -0.016105693 -0.060481574 -0.000123646 0.998169422 1.133150816
0.997957110 -0.012869532 0.062577978 0.046964191 0.012884025 0.999916971 0.000171976 -0.017479071 -0.062575005 0.000634631 0.998040080 1.205512047
0.997910202 -0.014129637 0.063051723 0.054770403 0.014132162 0.999900043 0.000405953 -0.018851725 -0.063051164 0.000485952 0.998010159 1.284139991
0.997754335 -0.014479358 0.065397501 0.057578880 0.014431166 0.999895155 0.001209276 -0.019550599 -0.065408170 -0.000262798 0.997858524 1.355780602
0.997665465 -0.013826890 0.066875964 0.062619723 0.013788085 0.999904454 0.001041816 -0.020233190 -0.066883974 -0.000117293 0.997760773 1.432630062
0.997533798 -0.013332939 0.068910204 0.066276304 0.013247132 0.999910772 0.001702046 -0.021575529 -0.068926744 -0.000784986 0.997621417 1.506571651
0.997433960 -0.013397864 0.070327662 0.071894720 0.013222852 0.999908328 0.002953505 -0.023288852 -0.070360787 -0.002015994 0.997519493 1.579562783
0.997523844 -0.012865720 0.069142014 0.081783667 0.012535208 0.999907851 0.005211949 -0.023744911 -0.069202691 -0.004332334 0.997593164 1.646442533
0.997222543 -0.012169935 0.073478907 0.082162261 0.012027604 0.999924839 0.002379247 -0.025637951 -0.073502362 -0.001488863 0.997293890 1.730824113
0.997098565 -0.010102189 0.075447820 0.087046862 0.009990265 0.999948382 0.001860744 -0.027294585 -0.075462736 -0.001101602 0.997148037 1.805655956
0.996975899 -0.011016528 0.076926582 0.091726869 0.010927198 0.999939084 0.001582074 -0.028230533 -0.076939322 -0.000736698 0.997035503 1.882921815
0.996928811 -0.012459146 0.077315621 0.097116381 0.012084375 0.999912798 0.005313289 -0.029027857 -0.077375092 -0.004362660 0.996992469 1.956554651
0.997026324 -0.011663239 0.076172858 0.103230640 0.011319379 0.999923646 0.004944405 -0.031378172 -0.076224707 -0.004067473 0.997082353 2.030701637
0.997173548 -0.010370927 0.074413031 0.107265830 0.010073096 0.999939680 0.004376588 -0.032311749 -0.074453935 -0.003614649 0.997217953 2.106215239
0.997439504 -0.008065046 0.071058393 0.112224594 0.007914554 0.999965787 0.002399173 -0.034001026 -0.071075298 -0.001830634 0.997469246 2.183644295
0.997673213 -0.002875485 0.068116523 0.115100190 0.002797243 0.999995291 0.001243994 -0.035232820 -0.068119794 -0.001050561 0.997676551 2.254536629
0.997935295 -0.002015087 0.064193673 0.119257286 0.002118189 0.999996603 -0.001538100 -0.036158487 -0.064190343 0.001670899 0.997936249 2.329428911
0.998238146 0.002115980 0.059296440 0.121770382 -0.001895558 0.999991000 -0.003773294 -0.038076296 -0.059303895 0.003654247 0.998233259 2.403010130
0.998553753 0.005376813 0.053491354 0.125902072 -0.004940011 0.999953508 -0.008294717 -0.040383566 -0.053533453 0.008018475 0.998533845 2.480366707
0.998865604 0.008274969 0.046893872 0.129364237 -0.007697743 0.999892533 -0.012476433 -0.042022340 -0.046992071 0.012101302 0.998821974 2.556328058
0.999112964 0.013011468 0.040047675 0.131567731 -0.012484165 0.999832451 -0.013388926 -0.044147972 -0.040215164 0.012877088 0.999108016 2.631147623
0.999228835 0.019502578 0.034077518 0.131796569 -0.019095028 0.999742627 -0.012244373 -0.046739131 -0.034307543 0.011584219 0.999344170 2.708160877
0.999428689 0.021915326 0.025728375 0.132287815 -0.021676827 0.999719799 -0.009512583 -0.049215294 -0.025929637 0.008949436 0.999623656 2.783774376
0.999637067 0.022759624 0.014414357 0.133583874 -0.022670109 0.999722838 -0.006343790 -0.050944921 -0.014554748 0.006014714 0.999875963 2.858634233
0.999719381 0.023625469 0.001751319 0.133241534 -0.023620427 0.999716878 -0.002849769 -0.051369172 -0.001818154 0.002807600 0.999994397 2.932225943
0.999720752 0.020288061 -0.012113539 0.129798338 -0.020293983 0.999794006 -0.000366175 -0.054826733 0.012103612 0.000611905 0.999926567 3.009068727
0.999401569 0.020740841 -0.027686229 0.127058685 -0.020776004 0.999783695 -0.000982903 -0.056281634 0.027659852 0.001557524 0.999616206 3.084684134
0.998861909 0.020776354 -0.042934742 0.123121217 -0.021013394 0.999766350 -0.005076966 -0.057780489 0.042819232 0.005973392 0.999065042 3.160657644
0.998091877 0.023110330 -0.057257801 0.117417902 -0.023552928 0.999697566 -0.007067089 -0.060325034 0.057077166 0.008402192 0.998334408 3.235054016
0.997164369 0.023033829 -0.071642309 0.111857176 -0.023719739 0.999680519 -0.008737968 -0.062235385 0.071418151 0.010412527 0.997392058 3.311052561
0.996082306 0.024323491 -0.085019797 0.105434507 -0.025020517 0.999661386 -0.007142341 -0.063032463 0.084817290 0.009241600 0.996353686 3.385359764
0.994911790 0.023719439 -0.097917832 0.095749885 -0.024240045 0.999697626 -0.004130395 -0.065911628 0.097790241 0.006482911 0.995185912 3.459919930
0.993385673 0.023442872 -0.112407245 0.086959094 -0.023798028 0.999715090 -0.001818601 -0.068120860 0.112332582 0.004481643 0.993660510 3.536240816
0.991822124 0.022759220 -0.125582367 0.076154351 -0.023233633 0.999727368 -0.002314151 -0.069231860 0.125495464 0.005212961 0.992080510 3.609325886
0.989950418 0.027407896 -0.138734236 0.064728081 -0.027823217 0.999612331 -0.001054767 -0.069958955 0.138651505 0.004904199 0.990329087 3.685586214
0.987999678 0.031769846 -0.151153311 0.051071525 -0.031872161 0.999490380 0.001746404 -0.071298912 0.151131764 0.003092135 0.988508821 3.758673429
0.985897422 0.034581434 -0.163738653 0.037889361 -0.034140918 0.999401808 0.005504609 -0.073599041 0.163831070 0.000163206 0.986488402 3.833672523
0.983657777 0.035737995 -0.176465407 0.023612916 -0.034975257 0.999360561 0.007431814 -0.075237013 0.176618114 -0.001138439 0.984278798 3.907317400
0.981275022 0.038122293 -0.188801318 0.008170664 -0.037408572 0.999273062 0.007343580 -0.075471371 0.188943982 -0.000143284 0.981987953 3.981391430
0.978779793 0.039814468 -0.201009810 -0.008128345 -0.039211381 0.999206483 0.006982591 -0.076363973 0.201128319 0.001047455 0.979564309 4.054624557
0.976091504 0.039514627 -0.213737994 -0.025229931 -0.038554907 0.999218941 0.008658450 -0.076489620 0.213913202 -0.000210790 0.976852596 4.129244804
0.973299503 0.041108575 -0.225827456 -0.043056190 -0.039722897 0.999153614 0.010678526 -0.076532274 0.226075321 -0.001422885 0.974108756 4.201919079
0.970288515 0.043110687 -0.238079131 -0.062268198 -0.040664759 0.999057591 0.015177806 -0.077838324 0.238509089 -0.005045423 0.971127152 4.274927139
0.967205167 0.043020029 -0.250326782 -0.081853688 -0.040165395 0.999056756 0.016503520 -0.077808499 0.250800639 -0.005907816 0.968020737 4.347105503
0.964118004 0.041354775 -0.262233287 -0.102010727 -0.038251854 0.999124706 0.016928731 -0.078352474 0.262703896 -0.006290385 0.964856029 4.419579029
0.961054802 0.039917912 -0.273460269 -0.123688817 -0.037168231 0.999192953 0.015230698 -0.078917414 0.273847550 -0.004473499 0.961762726 4.489562035
0.957844555 0.038632333 -0.284677714 -0.145996451 -0.036436986 0.999251246 0.013005719 -0.079050042 0.284967005 -0.002084660 0.958535075 4.562355995
0.954346061 0.037379522 -0.296355546 -0.169497609 -0.035337951 0.999300420 0.012244570 -0.079820350 0.296605885 -0.001212959 0.954999149 4.634414196
0.950766146 0.039276976 -0.307410240 -0.193444729 -0.037317079 0.999228358 0.012253496 -0.079816461 0.307654291 -0.000178556 0.951498210 4.705759525
0.947588623 0.039557341 -0.317034692 -0.219910383 -0.037372664 0.999217212 0.012971654 -0.081028223 0.317299724 -0.000443360 0.948325157 4.777435780
0.944056690 0.039971042 -0.327351809 -0.243993878 -0.038394541 0.999198914 0.011279614 -0.081371367 0.327540517 0.001919928 0.944835186 4.848505020
0.940911651 0.039277196 -0.336366773 -0.269984841 -0.038533974 0.999217749 0.008887343 -0.081734419 0.336452723 0.004599344 0.941689134 4.920361042
0.937422395 0.039944980 -0.345895231 -0.294578195 -0.039370280 0.999186873 0.008690248 -0.082629472 0.345961034 0.005471556 0.938232899 4.990560532
0.934455037 0.041643359 -0.353637725 -0.323968291 -0.041430101 0.999107957 0.008176877 -0.082269326 0.353662789 0.007010321 0.935346723 5.055928707
0.931513250 0.041942202 -0.361281037 -0.351735473 -0.041523736 0.999097645 0.008925045 -0.082027584 0.361329406 0.006687939 0.932414293 5.123806000
0.928747058 0.044923536 -0.367982179 -0.382021666 -0.043312769 0.998981595 0.012639700 -0.083907664 0.368175209 0.004199242 0.929746926 5.191637039
0.925626338 0.048437376 -0.375326186 -0.411190987 -0.045991182 0.998821914 0.015478956 -0.084344193 0.375633746 0.002933969 0.926763535 5.258267403
0.921925724 0.048576638 -0.384308845 -0.440201283 -0.046226371 0.998812914 0.015356639 -0.084644385 0.384598643 0.003607521 0.923076868 5.333671093
0.918735802 0.048996441 -0.391821265 -0.469421983 -0.046452191 0.998792648 0.015976677 -0.085639760 0.392131031 0.003522611 0.919902623 5.399466038
0.915433586 0.051006977 -0.399223685 -0.499113083 -0.048572749 0.998687863 0.016218776 -0.084874950 0.399527133 0.004544181 0.916710138 5.466347694
0.912980914 0.053726707 -0.404449373 -0.532460690 -0.050685883 0.998548210 0.018230854 -0.085881323 0.404841691 0.003855455 0.914378703 5.533005238
0.909659922 0.054262742 -0.411794156 -0.564462066 -0.050749037 0.998521626 0.019471256 -0.085939966 0.412241876 0.003185939 0.911068797 5.604940891
0.906974792 0.055440910 -0.417520195 -0.597294807 -0.051467486 0.998458505 0.020779198 -0.084884122 0.418028623 0.002642507 0.908430040 5.671522141
0.904246032 0.058185987 -0.423029035 -0.629862309 -0.053006165 0.998305500 0.024009664 -0.085220620 0.423709244 0.000712505 0.905797958 5.736322880
0.901009321 0.057778731 -0.429934829 -0.661990523 -0.052452099 0.998329163 0.024241738 -0.084340423 0.430617034 0.000708953 0.902534485 5.802192688
0.898012042 0.058034085 -0.436126620 -0.694330335 -0.052976560 0.998313010 0.023760533 -0.085147768 0.436769783 0.001767239 0.899571598 5.866559505
0.894985735 0.056902215 -0.442450762 -0.726953626 -0.053147074 0.998368025 0.020891564 -0.084969170 0.442917526 0.004817313 0.896549344 5.930484772
0.891979337 0.056575034 -0.448522359 -0.760657907 -0.054069165 0.998367608 0.018402902 -0.085737579 0.448831320 0.007836221 0.893582165 5.993564606
0.888576686 0.055488981 -0.455359638 -0.792282581 -0.054142084 0.998404801 0.016011678 -0.084617175 0.455521673 0.010426512 0.890163600 6.054328918
0.885295212 0.053608440 -0.461929142 -0.825600982 -0.052536290 0.998503447 0.015192988 -0.087110102 0.462052286 0.010817761 0.886786699 6.117448330
0.881741226 0.052437399 -0.468810052 -0.858789206 -0.051680099 0.998558521 0.014490608 -0.089250885 0.468894094 0.011451184 0.883180201 6.178980350
0.878742993 0.048579719 -0.474816561 -0.892088890 -0.049883366 0.998706460 0.009861117 -0.087374881 0.474681348 0.015020058 0.880029559 6.233619213
0.874662042 0.047298890 -0.482420087 -0.923066139 -0.051176328 0.998676479 0.005128920 -0.089148894 0.482024163 0.020202419 0.875924945 6.290951252
0.871102691 0.043820497 -0.489141971 -0.954571843 -0.052967276 0.998584330 -0.004868665 -0.089265607 0.488236129 0.030149624 0.872190654 6.346171379
0.867796302 0.040262576 -0.495286345 -0.984400749 -0.054666676 0.998397648 -0.014620801 -0.091655582 0.493903995 0.039763540 0.868606687 6.397049904
0.865075409 0.038615510 -0.500153303 -1.017630100 -0.057812952 0.998063922 -0.022936588 -0.093964845 0.498299271 0.048757225 0.865633011 6.450407028
0.862652838 0.037633006 -0.504394472 -1.047068834 -0.060473561 0.997748852 -0.028984064 -0.097066656 0.502168298 0.055505712 0.862986743 6.499727249
0.860984921 0.033994209 -0.507493258 -1.077297688 -0.060474411 0.997528315 -0.035778545 -0.098201767 0.505022585 0.061495133 0.860912621 6.547325134
0.859744132 0.030645538 -0.509804666 -1.106734753 -0.061065070 0.997205555 -0.043036949 -0.102358624 0.507061124 0.068132028 0.859212995 6.594189167
0.858465910 0.026338719 -0.512193859 -1.133827209 -0.061051246 0.996827543 -0.051065136 -0.103911117 0.509223938 0.075107768 0.857350469 6.641809464
0.858272254 0.024472602 -0.512610674 -1.159260511 -0.060073480 0.996786237 -0.052994303 -0.110283077 0.509666443 0.076277860 0.856984079 6.684208870
0.859109938 0.021368377 -0.511344850 -1.188340664 -0.055931896 0.997063577 -0.052305240 -0.111434862 0.508725643 0.073536441 0.857782423 6.730292797
0.861664355 0.019904662 -0.507088125 -1.216056585 -0.050917745 0.997579217 -0.047363624 -0.115619808 0.504917800 0.066631325 0.860591888 6.774683952
0.864530325 0.017514674 -0.502275407 -1.240625381 -0.047043923 0.997824967 -0.046178494 -0.119853109 0.500374079 0.063551724 0.863473773 6.821952343
0.870447934 0.015174212 -0.492026627 -1.269076586 -0.045179535 0.997768819 -0.049156044 -0.122853756 0.490182877 0.065017313 0.869191349 6.866468430
0.878105104 0.015251807 -0.478224725 -1.292724729 -0.044299595 0.997790277 -0.049519796 -0.127891511 0.476412803 0.064668737 0.876840353 6.908596992
0.887848258 0.013046036 -0.459951520 -1.317138433 -0.040689267 0.997908115 -0.050238226 -0.128152832 0.458333939 0.063319005 0.886521697 6.954823971
0.898730338 0.011098509 -0.438361257 -1.336240053 -0.033739273 0.998466372 -0.043893073 -0.131362900 0.437201768 0.054238025 0.897726476 7.001139641
0.912086368 0.013126243 -0.409787714 -1.358264446 -0.030747984 0.998862624 -0.036442053 -0.135015100 0.408843279 0.045838449 0.911452651 7.047445774
0.925657630 0.012317711 -0.378161669 -1.376902103 -0.026271973 0.999150157 -0.031763159 -0.136824340 0.377449006 0.039336860 0.925194561 7.093725204
0.938786685 0.012693407 -0.344265044 -1.390678167 -0.023949306 0.999307930 -0.028462565 -0.139781028 0.343665510 0.034965187 0.938440919 7.139863968
0.952093482 0.014125387 -0.305480778 -1.405529022 -0.022654915 0.999445736 -0.024394471 -0.143481225 0.304966837 0.030146455 0.951885760 7.186591148
0.964241326 0.013402957 -0.264686882 -1.418629169 -0.019814352 0.999570966 -0.021567402 -0.144918382 0.264284313 0.026040776 0.964093268 7.234919071
0.974530458 0.010728608 -0.223998293 -1.426568508 -0.015298830 0.999708533 -0.018677374 -0.146730497 0.223732576 0.021628581 0.974410653 7.280673027
0.983564913 0.008592213 -0.180350453 -1.434832811 -0.012082009 0.999760211 -0.018260499 -0.147757709 0.180150300 0.020139378 0.983432889 7.328484535
0.990739048 0.010696685 -0.135357440 -1.440877318 -0.013149658 0.999764919 -0.017241089 -0.149976149 0.135141194 0.018861329 0.990646780 7.376813412
0.995840609 0.014581734 -0.089937434 -1.444262505 -0.016047290 0.999749541 -0.015593739 -0.152584344 0.089687534 0.016972130 0.995825350 7.422719479
0.998904765 0.013238052 -0.044878189 -1.444882154 -0.013855842 0.999813080 -0.013482971 -0.153296560 0.044691306 0.014090029 0.998901546 7.472852707
0.999929011 0.011889946 0.000841975 -1.443873167 -0.011883439 0.999902308 -0.007348401 -0.155769065 -0.000929274 0.007337875 0.999972641 7.521797180
0.998836219 0.011611946 0.046811745 -1.440901279 -0.011444380 0.999927104 -0.003846015 -0.157583028 -0.046852987 0.003305807 0.998896301 7.570532799
0.995525360 0.016047738 0.093122445 -1.435186744 -0.015815105 0.999869704 -0.003235612 -0.158912718 -0.093162239 0.001748392 0.995649338 7.620388031
0.990076423 0.017504737 0.139435306 -1.428590417 -0.017199930 0.999846339 -0.003390824 -0.160046458 -0.139473274 0.000958897 0.990225375 7.670676231
0.982778013 0.016648494 0.184038103 -1.418124318 -0.015866730 0.999857724 -0.005719746 -0.160777837 -0.184107184 0.002701158 0.982902467 7.722042561
0.973657310 0.012890759 0.227651626 -1.405570626 -0.012030437 0.999914289 -0.005166376 -0.162665665 -0.227698728 0.002291531 0.973728955 7.770160675
0.963045418 0.008524710 0.269204319 -1.390308976 -0.007512349 0.999960363 -0.004790560 -0.163777649 -0.269234478 0.002591169 0.963071227 7.820813179
0.951520443 0.004424288 0.307553887 -1.372506618 -0.003522638 0.999987662 -0.003486787 -0.165549040 -0.307565570 0.002234348 0.951524258 7.869757652
0.939107001 0.000593547 0.343624324 -1.352988005 0.000797667 0.999992073 -0.003907282 -0.166651428 -0.343623966 0.003943454 0.939099014 7.919169426
0.926572978 -0.001369103 0.376112789 -1.331675053 0.003221420 0.999985576 -0.004296043 -0.168306917 -0.376101524 0.005192216 0.926563919 7.969659328
0.913914204 -0.005432703 0.405871034 -1.308223486 0.008774883 0.999941230 -0.006374212 -0.169788972 -0.405812502 0.009386953 0.913908184 8.019987106
0.901995778 -0.008671680 0.431657702 -1.283034086 0.014145677 0.999855101 -0.009472591 -0.170442283 -0.431513011 0.014650328 0.901987672 8.069519043
0.891281366 -0.013471638 0.453250527 -1.255527735 0.020863513 0.999718308 -0.011312537 -0.171733409 -0.452970445 0.019539051 0.891311288 8.119441032
0.881450534 -0.017273076 0.471960336 -1.227164984 0.026201090 0.999580443 -0.012350907 -0.173705801 -0.471548885 0.023252584 0.881533325 8.171766281
0.872703731 -0.018208064 0.487910479 -1.197991371 0.027801834 0.999536335 -0.012426753 -0.175267965 -0.487457931 0.024409691 0.872805238 8.223836899
0.864764214 -0.019585790 0.501795948 -1.166382551 0.030276077 0.999454856 -0.013165822 -0.176149279 -0.501264513 0.026577746 0.864885807 8.276339531
0.857051909 -0.019341670 0.514866889 -1.134459734 0.030791201 0.999431729 -0.013710285 -0.178579509 -0.514309168 0.027603798 0.857160509 8.329820633
0.849449635 -0.019762766 0.527299404 -1.101061344 0.032119263 0.999381900 -0.014286288 -0.179625064 -0.526691079 0.029071955 0.849559367 8.386110306
0.842749715 -0.020551182 0.537913084 -1.065395117 0.034174304 0.999297798 -0.015362394 -0.181547076 -0.537219703 0.031329460 0.842860341 8.440989494
0.837545455 -0.021921609 0.545927644 -1.028585911 0.036156461 0.999228299 -0.015346332 -0.183039770 -0.545170009 0.032592066 0.837691665 8.496666908
0.834846556 -0.023407459 0.549984694 -0.990485430 0.037952848 0.999165654 -0.015085653 -0.185113728 -0.549172759 0.033467695 0.835038304 8.553566933
0.834653139 -0.026644789 0.550131142 -0.952605486 0.041074183 0.999058962 -0.013929371 -0.187502310 -0.549242258 0.034222376 0.834962070 8.612653732
0.836775243 -0.028492782 0.546804667 -0.913998604 0.042650465 0.999002695 -0.013212191 -0.188078046 -0.545882881 0.034377109 0.837155998 8.672538757
0.839425683 -0.027296903 0.542788506 -0.875442028 0.040139671 0.999124050 -0.011830153 -0.189715594 -0.541990221 0.031717885 0.839786053 8.735078812
0.841300428 -0.024526972 0.540011048 -0.838574409 0.036745172 0.999254286 -0.011860958 -0.191556990 -0.539317429 0.029821429 0.841574371 8.795528412
0.842399955 -0.020744339 0.538453400 -0.796710014 0.033028286 0.999367654 -0.013170701 -0.193615973 -0.537839592 0.028879188 0.842552543 8.860579491
0.843170643 -0.019287474 0.537299991 -0.756411314 0.031584170 0.999407351 -0.013688434 -0.195544377 -0.536717534 0.028511861 0.843280137 8.924758911
0.843764067 -0.018962037 0.536379218 -0.716555119 0.030591557 0.999450266 -0.012790292 -0.198669389 -0.535841763 0.027200665 0.843880177 8.988951683
0.844391167 -0.017630866 0.535436988 -0.674708843 0.029267607 0.999483883 -0.013244397 -0.200165987 -0.534927130 0.026854414 0.844471335 9.058604240
0.845182240 -0.017726840 0.534184158 -0.633151531 0.030132174 0.999440670 -0.014508581 -0.202335298 -0.533628166 0.028358527 0.845243633 9.126214981
0.846426308 -0.017435513 0.532220185 -0.590512753 0.029989693 0.999438405 -0.014953109 -0.204530776 -0.531660497 0.028617831 0.846473873 9.193695068
0.847159863 -0.015393069 0.531115174 -0.547845364 0.027851181 0.999492586 -0.015456429 -0.206965595 -0.530607760 0.027886251 0.847158670 9.263130188
0.848026335 -0.015675204 0.529722273 -0.504797935 0.028970914 0.999439001 -0.016804455 -0.208632454 -0.529161692 0.029597156 0.848004699 9.335625648
0.849058986 -0.014494664 0.528099239 -0.461793423 0.029738735 0.999349833 -0.020383861 -0.210445836 -0.527460456 0.033012100 0.848937988 9.405975342
0.850429714 -0.012029127 0.525951147 -0.417248249 0.027902439 0.999362767 -0.022259869 -0.214086831 -0.525348246 0.033605766 0.850223482 9.478082657
0.851370990 -0.009374268 0.524480283 -0.374085903 0.026552184 0.999328732 -0.025239822 -0.218012691 -0.523891568 0.035414547 0.851048410 9.551974297
0.852808416 -0.009370064 0.522139847 -0.329723358 0.027339017 0.999269068 -0.026720300 -0.222386360 -0.521507740 0.037062086 0.852441251 9.625293732
0.853833318 -0.006470877 0.520506322 -0.284441471 0.024813926 0.999291956 -0.028281424 -0.226031467 -0.519954741 0.037063427 0.853389323 9.700922012
0.855145574 -0.006347024 0.518349111 -0.241116524 0.024015849 0.999336481 -0.027383547 -0.229546934 -0.517831206 0.035865512 0.854730666 9.773876190
0.856368184 -0.006785065 0.516321123 -0.198218822 0.023189863 0.999410093 -0.025329193 -0.232464120 -0.515844703 0.033664525 0.856020391 9.849937439
0.858235002 -0.008631749 0.513184428 -0.152842045 0.024229661 0.999425173 -0.023710687 -0.235922500 -0.512684762 0.032783624 0.857950807 9.925664902
0.861240208 -0.009227064 0.508114457 -0.106270313 0.024389923 0.999433398 -0.023191119 -0.238660365 -0.507612586 0.032365989 0.860977232 10.000597954
0.863415003 -0.010260414 0.504390180 -0.065977573 0.023397896 0.999531746 -0.019719809 -0.242694348 -0.503951728 0.028828047 0.863250613 10.077742577
0.866418779 -0.009291601 0.499231607 -0.023032188 0.020683911 0.999636531 -0.017291982 -0.246068686 -0.498889506 0.025308160 0.866295993 10.154743195
0.869874239 -0.008561635 0.493199229 0.020422459 0.019760003 0.999651611 -0.017498134 -0.248404711 -0.492877632 0.024966797 0.869740367 10.231243134
0.872735083 -0.007331653 0.488138914 0.060226440 0.019089332 0.999635041 -0.019115373 -0.251581460 -0.487820566 0.026000906 0.872556567 10.308897972
0.877084851 -0.009158048 0.480247885 0.101883888 0.021596406 0.999558985 -0.020380881 -0.254875302 -0.479849458 0.028247394 0.876895905 10.386078835
0.882381439 -0.010846362 0.470409691 0.142303944 0.023074577 0.999528885 -0.020236241 -0.258981049 -0.469968617 0.028710587 0.882216036 10.463550568
0.888875544 -0.013527744 0.457948953 0.183804989 0.026245758 0.999426007 -0.021419935 -0.263360113 -0.457396299 0.031058872 0.888720393 10.542074203
0.895486534 -0.014689836 0.444846183 0.224875450 0.028259136 0.999315202 -0.023886688 -0.265430927 -0.444190532 0.033961177 0.895288408 10.623304367
0.902629852 -0.014737703 0.430165172 0.264611244 0.028281307 0.999284685 -0.025107548 -0.269962072 -0.429487377 0.034828454 0.902400970 10.705321312
0.909895241 -0.014173760 0.414596021 0.300523996 0.027102752 0.999311984 -0.025317781 -0.273518711 -0.413951963 0.034273215 0.909653246 10.784873009
0.916142941 -0.013727960 0.400616586 0.333709240 0.026293123 0.999319255 -0.025884215 -0.277601004 -0.399988502 0.034247108 0.915880024 10.866218567
0.922340751 -0.007842185 0.386297911 0.367155313 0.020160874 0.999408960 -0.027848050 -0.280010551 -0.385851145 0.033473499 0.921953559 10.950165749
0.927661955 -0.006590844 0.373362899 0.400177956 0.018317899 0.999443710 -0.027870053 -0.283984572 -0.372971505 0.032693218 0.927266538 11.034693718
0.932117641 -0.006396609 0.362099200 0.429629326 0.015882285 0.999604106 -0.023225904 -0.287941724 -0.361807197 0.027400231 0.931850195 11.116208076
0.936631024 -0.005883584 0.350267977 0.461355686 0.014019527 0.999687612 -0.020696666 -0.291010648 -0.350036711 0.024295732 0.936420918 11.203223228
0.941135168 -0.003533893 0.338012099 0.490228415 0.011702700 0.999686539 -0.022132456 -0.293621302 -0.337827891 0.024785286 0.940881550 11.288084030
0.945265174 -0.003531109 0.326283962 0.517363548 0.012121996 0.999631226 -0.024299987 -0.295734763 -0.326077819 0.026925143 0.944959462 11.372186661
0.949315429 -0.003721060 0.314302951 0.544247627 0.011810333 0.999646068 -0.023836829 -0.301452100 -0.314103007 0.026340695 0.949023426 11.457542419
0.953235507 -0.003059110 0.302213192 0.570714951 0.011202672 0.999619246 -0.025216766 -0.305116445 -0.302020937 0.027423110 0.952906847 11.543632507
0.956968665 -0.002139463 0.290183246 0.596386909 0.010652052 0.999557853 -0.027758887 -0.308519244 -0.289995551 0.029655436 0.956568420 11.631018639
0.960557640 -0.004141024 0.278050303 0.621838331 0.012701808 0.999498844 -0.028994270 -0.313212901 -0.277790934 0.031382408 0.960128844 11.717976570
0.963675082 -0.004584155 0.267038435 0.645120621 0.012887563 0.999486208 -0.029350160 -0.317857325 -0.266766727 0.031725489 0.963238955 11.807534218
0.966275692 -0.006287943 0.257433206 0.669331551 0.013936815 0.999513626 -0.027898200 -0.321880788 -0.257132560 0.030545145 0.965893269 11.898860931
0.967994392 -0.009784440 0.250780970 0.688423872 0.016614584 0.999546111 -0.025132794 -0.325813115 -0.250421226 0.028495029 0.967717588 11.993877411
0.969934940 -0.010405721 0.243141904 0.713291168 0.017009396 0.999540806 -0.025076158 -0.329964668 -0.242769316 0.028457934 0.969666541 12.077657700
0.971032262 -0.009014107 0.238778323 0.735024929 0.015732540 0.999531746 -0.026245765 -0.332161397 -0.238429934 0.029242070 0.970719278 12.170002937
0.971932113 -0.008527844 0.235106871 0.756748199 0.014502806 0.999614120 -0.023696421 -0.337495834 -0.234814063 0.026441023 0.971680641 12.261889458
0.972257137 -0.008172931 0.233771980 0.777934790 0.013849875 0.999647439 -0.022652796 -0.343043923 -0.233504444 0.025262050 0.972027540 12.352890968
0.972699761 -0.007150690 0.231956914 0.800175905 0.013002575 0.999634326 -0.023709254 -0.346799314 -0.231702566 0.026078025 0.972437084 12.446861267
0.972992003 -0.005005112 0.230784982 0.821481705 0.011261659 0.999603808 -0.025800521 -0.350183189 -0.230564415 0.027702726 0.972662628 12.540945053
0.973373294 -0.003693404 0.229196027 0.841011524 0.010196404 0.999578118 -0.027195329 -0.352899134 -0.228998899 0.028808180 0.973000288 12.633078575
0.974243760 -0.007371959 0.225377485 0.863136172 0.013568025 0.999571025 -0.025955405 -0.358920097 -0.225089505 0.028344812 0.973925650 12.727005005
0.975057065 -0.008925035 0.221774727 0.884157419 0.014545131 0.999612868 -0.023721170 -0.362524897 -0.221477136 0.026355233 0.974809289 12.821442604
0.975751340 -0.014004261 0.218433604 0.905353546 0.019158736 0.999585330 -0.021497190 -0.366402835 -0.218041942 0.025160823 0.975615025 12.915602684
0.976421833 -0.018164637 0.215105996 0.926838875 0.023730144 0.999446452 -0.023318958 -0.370650053 -0.214563355 0.027873635 0.976312280 13.011133194
0.976921737 -0.016933763 0.212925360 0.946747065 0.023560636 0.999312520 -0.028623996 -0.374142140 -0.212294251 0.032980062 0.976649046 13.106017113
0.977237105 -0.018436290 0.211347565 0.967910051 0.025338735 0.999228716 -0.029997416 -0.378207713 -0.210631520 0.034669865 0.976950526 13.202985764
0.977271676 -0.018003589 0.211224884 0.987303853 0.024335466 0.999327779 -0.027415669 -0.382231534 -0.210589334 0.031932812 0.977052867 13.298785210
0.977316678 -0.017837306 0.211030588 1.007125258 0.023295665 0.999454498 -0.023407336 -0.385406703 -0.210497946 0.027792482 0.977199078 13.396231651
0.977217793 -0.023155496 0.210972086 1.027735233 0.027652254 0.999448359 -0.018388914 -0.389752418 -0.210429922 0.023803828 0.977319121 13.495332718
0.977202713 -0.027403843 0.210532546 1.049878716 0.031917531 0.999327064 -0.018070780 -0.392314821 -0.209895730 0.024378495 0.977419794 13.594655991
0.976866245 -0.032557316 0.211358011 1.070382237 0.037690882 0.999083161 -0.020304365 -0.395535588 -0.210503161 0.027800919 0.977197707 13.693642616
0.976843715 -0.035372265 0.211009979 1.092808723 0.040987257 0.998910844 -0.022294721 -0.399936080 -0.209991574 0.030427173 0.977229655 13.793360710
0.976491511 -0.036056697 0.212518677 1.113881230 0.041876107 0.998859346 -0.022944314 -0.403190374 -0.211448967 0.031304386 0.976887584 13.893833160
0.976179957 -0.033585247 0.214347094 1.134488702 0.039111506 0.999001563 -0.021591891 -0.406576812 -0.213407904 0.029461011 0.976518869 13.993707657
0.975621283 -0.029388838 0.217484355 1.155211210 0.034757942 0.999177098 -0.020902338 -0.410716474 -0.216691077 0.027952075 0.975839972 14.096323967
0.974713385 -0.023281444 0.222242773 1.175755620 0.028405786 0.999398589 -0.019888414 -0.414481759 -0.221646085 0.025698487 0.974788547 14.198230743
0.973704576 -0.017450817 0.227145106 1.198460579 0.022170916 0.999587715 -0.018245172 -0.418358743 -0.226733059 0.022801418 0.973689973 14.301342964
0.972277045 -0.009932808 0.233620822 1.221150160 0.014432826 0.999741673 -0.017560355 -0.421792984 -0.233386040 0.020445339 0.972169161 14.403935432
0.970539153 -0.006087463 0.240866587 1.243685484 0.011070586 0.999751568 -0.019340517 -0.425488591 -0.240689099 0.021437265 0.970365524 14.507083893
0.968798637 -0.002846901 0.247832492 1.269346714 0.008559672 0.999721885 -0.021976506 -0.429614365 -0.247700974 0.023412175 0.968553722 14.611529350
0.966770172 -0.000937532 0.255645454 1.295040846 0.007283354 0.999688387 -0.023877170 -0.432138950 -0.255543381 0.024945691 0.966475725 14.713550568
0.964522004 -0.002495353 0.263990939 1.321472883 0.008510522 0.999729514 -0.021644332 -0.437128246 -0.263865471 0.023123130 0.964282393 14.818237305
0.962388575 -0.007670536 0.271568358 1.351819515 0.013015149 0.999755263 -0.017884895 -0.440559506 -0.271364748 0.020746719 0.962252975 14.922041893
0.959952831 -0.012697998 0.279873729 1.381968975 0.018659744 0.999651909 -0.018647326 -0.443741322 -0.279539585 0.023122927 0.959855735 15.027007103
0.957613945 -0.018263917 0.287474841 1.413761139 0.025149707 0.999477983 -0.020277705 -0.447195977 -0.286954463 0.026648128 0.957573533 15.128580093
0.955302358 -0.020967519 0.294885963 1.444782495 0.029657723 0.999246716 -0.025027875 -0.450812340 -0.294138998 0.032654833 0.955204606 15.231017113
0.953446329 -0.020581765 0.300859511 1.479338646 0.030106083 0.999180555 -0.027054604 -0.454116553 -0.300056070 0.034852814 0.953284562 15.335886002
0.951040626 -0.022476068 0.308247536 1.511937380 0.031164516 0.999242783 -0.023291903 -0.458076745 -0.307490647 0.031757928 0.951020956 15.439775467
0.948245108 -0.023256026 0.316686630 1.544032335 0.030783750 0.999349415 -0.018787151 -0.462118655 -0.316043705 0.027563624 0.948344171 15.545791626
0.946009040 -0.027403163 0.322979808 1.578804731 0.033625811 0.999340534 -0.013701253 -0.465638697 -0.322391331 0.023821963 0.946306705 15.651164055
0.944184661 -0.032531258 0.327806592 1.615352869 0.039502583 0.999112368 -0.014628597 -0.466441154 -0.327039748 0.026761303 0.944631636 15.757986069
0.943451703 -0.036554452 0.329488873 1.652145624 0.044202726 0.998898447 -0.015748454 -0.474431336 -0.328550279 0.029422209 0.944028080 15.860360146
0.942318201 -0.037639465 0.332595557 1.687319756 0.046698201 0.998722911 -0.019282155 -0.478449345 -0.331445068 0.033701539 0.942872405 15.965291023
0.941911817 -0.030784758 0.334446400 1.723283291 0.039458163 0.999037325 -0.019168934 -0.482222557 -0.333534330 0.031252082 0.942219794 16.070331573
0.941075206 -0.027942665 0.337040931 1.759044886 0.036809716 0.999123216 -0.019945785 -0.485387594 -0.336188078 0.031176869 0.941278636 16.177415848
0.940953791 -0.023369772 0.337727457 1.796633482 0.031414755 0.999337494 -0.018374404 -0.489964128 -0.337074310 0.027899088 0.941064596 16.282794952
0.940379679 -0.023145707 0.339337856 1.834003448 0.031044232 0.999358356 -0.017865712 -0.493452311 -0.338706642 0.027335038 0.940494895 16.389705658
0.940439641 -0.021888653 0.339255363 1.872870207 0.028591527 0.999482095 -0.014771448 -0.497219682 -0.338756353 0.023591485 0.940578341 16.497055054
0.940350771 -0.024043679 0.339356035 1.910492182 0.030516777 0.999439657 -0.013750344 -0.501015186 -0.338835299 0.023286195 0.940557480 16.602958679
0.940485358 -0.024041044 0.338982522 1.947712421 0.030562444 0.999436021 -0.013912368 -0.504693031 -0.338456839 0.023444517 0.940689743 16.708671570
0.940421164 -0.022591230 0.339260519 1.985885382 0.029430673 0.999453843 -0.015027792 -0.507744789 -0.338735670 0.024117116 0.940572441 16.816337585
0.940544605 -0.020585144 0.339045882 2.023528337 0.027256673 0.999516964 -0.014926939 -0.511567414 -0.338574767 0.023280712 0.940651476 16.922727585
0.940126717 -0.018326413 0.340332061 2.061000586 0.024480969 0.999605060 -0.013798396 -0.516368032 -0.339944750 0.021303901 0.940204024 17.032236099
0.939311087 -0.019233603 0.342527211 2.094137430 0.024940155 0.999613702 -0.012262920 -0.519853234 -0.342159063 0.020061377 0.939427853 17.130290985
0.938647389 -0.019210843 0.344342858 2.138081312 0.024403356 0.999644339 -0.010751300 -0.522732973 -0.344013900 0.018494798 0.938782394 17.249193192
0.938409626 -0.021530833 0.344853312 2.178132057 0.026978796 0.999575377 -0.011006042 -0.526178956 -0.344469905 0.019631900 0.938592076 17.356828690
0.937731385 -0.021221010 0.346712232 2.216985226 0.027064078 0.999561429 -0.012019003 -0.529808402 -0.346305102 0.020654045 0.937894523 17.466497421
0.937158823 -0.019686185 0.348347008 2.255696535 0.025928961 0.999575734 -0.013267580 -0.532758236 -0.347938031 0.021466104 0.937271714 17.574186325
0.936805665 -0.017934730 0.349390090 2.295018911 0.023765534 0.999640524 -0.012408491 -0.536465943 -0.349042058 0.019927789 0.936895132 17.685297012
0.936892807 -0.018021079 0.349152088 2.334403753 0.023176052 0.999675214 -0.010592080 -0.540706038 -0.348847836 0.018015606 0.937006176 17.792713165
0.937119901 -0.019450009 0.348465204 2.377093554 0.024545414 0.999646664 -0.010212967 -0.543543994 -0.348143309 0.018123999 0.937266111 17.905559540
0.937330067 -0.021587882 0.347773314 2.416803122 0.026816584 0.999588072 -0.010227933 -0.547716200 -0.347409278 0.018913044 0.937522769 18.013940811
0.937185407 -0.021176508 0.348188281 2.456296206 0.027074553 0.999560356 -0.012081613 -0.550860703 -0.347779304 0.020749751 0.937346756 18.126705170
0.937305808 -0.020655923 0.347895026 2.495646715 0.026549211 0.999573350 -0.012180761 -0.554808080 -0.347494930 0.020653438 0.937454343 18.236867905
0.937207460 -0.019566547 0.348222703 2.534945011 0.025192201 0.999614894 -0.011634243 -0.558037639 -0.347861022 0.019676194 0.937339604 18.349401474
0.937530398 -0.018159619 0.347429484 2.574831247 0.023054143 0.999684632 -0.009959038 -0.562178135 -0.347139090 0.017346593 0.937653244 18.458889008
0.937365234 -0.019106625 0.347823709 2.613874435 0.024051001 0.999661744 -0.009902755 -0.565601170 -0.347516835 0.017648008 0.937507749 18.569530487
0.937565863 -0.018015567 0.347340852 2.655330181 0.023157416 0.999675035 -0.010657802 -0.568701982 -0.347035974 0.018035907 0.937678397 18.683736801
0.938333631 -0.019152807 0.345200032 2.698743343 0.024451844 0.999640465 -0.011002517 -0.573509455 -0.344865203 0.018764809 0.938464642 18.795129776
0.937613070 -0.018445671 0.347190827 2.738424063 0.024223492 0.999630749 -0.012308504 -0.576723993 -0.346835613 0.019950790 0.937713742 18.911899567
0.936714888 -0.019464413 0.349551290 2.773380995 0.025148105 0.999615014 -0.011728441 -0.580978990 -0.349188417 0.019776760 0.936843812 19.020538330
0.937495530 -0.022537408 0.347267002 2.821821690 0.027821871 0.999560475 -0.010238150 -0.584817827 -0.346883655 0.019259837 0.937710404 19.141769409
0.937281191 -0.023886200 0.347754866 2.863522768 0.029013176 0.999533474 -0.009542494 -0.588448763 -0.347364724 0.019033475 0.937536895 19.258474350
0.937361896 -0.025510598 0.347421527 2.906117916 0.030716876 0.999483109 -0.009485346 -0.591045439 -0.347000003 0.019562904 0.937661052 19.371637344
0.937207520 -0.026916219 0.347731858 2.948137999 0.032274056 0.999432743 -0.009623923 -0.594663143 -0.347275615 0.020242337 0.937544644 19.485141754
0.937233448 -0.027677679 0.347602338 2.990608692 0.033884980 0.999356210 -0.011790116 -0.597514510 -0.347052246 0.022828588 0.937567890 19.600376129
0.936403334 -0.030556951 0.349592745 3.027506113 0.037616774 0.999202132 -0.013421057 -0.602232575 -0.348903716 0.025718072 0.936805606 19.706684113
0.936063230 -0.032535128 0.350324601 3.070080519 0.039290845 0.999153435 -0.012191896 -0.607195854 -0.349631339 0.025176935 0.936549008 19.820459366
0.935822964 -0.030283658 0.351166874 3.113873720 0.036776431 0.999253511 -0.011832496 -0.610530913 -0.350546420 0.023987787 0.936238110 19.936864853
0.934401095 -0.025071496 0.355339289 3.151481152 0.031189239 0.999447286 -0.011497799 -0.613796771 -0.354854643 0.021826316 0.934666693 20.045648575
0.933258653 -0.021589069 0.358555734 3.192101717 0.026808329 0.999594569 -0.009590679 -0.617138982 -0.358203322 0.018562865 0.933459044 20.158885956
0.932058752 -0.023113035 0.361569196 3.235644817 0.027624819 0.999591589 -0.007313560 -0.620459080 -0.361252517 0.016804950 0.932316542 20.273872375
0.930759490 -0.021641467 0.364990979 3.277586460 0.026903616 0.999594450 -0.009337517 -0.622268975 -0.364640862 0.018510561 0.930964231 20.388357162
0.930735588 -0.021881739 0.365037918 3.323088646 0.027503533 0.999569535 -0.010207674 -0.627097726 -0.364657402 0.019540474 0.930936694 20.499519348
0.930117309 -0.019292582 0.366755486 3.366089344 0.025309054 0.999612331 -0.011602513 -0.629863977 -0.366389483 0.020073937 0.930245042 20.612642288
0.929578900 -0.017912840 0.368187726 3.409914970 0.024279229 0.999624968 -0.012665647 -0.633047044 -0.367822707 0.020713033 0.929665208 20.725490570
0.929196239 -0.019589478 0.369067162 3.453777790 0.025559383 0.999609530 -0.011292950 -0.636634290 -0.368701845 0.019926496 0.929334104 20.837612152
0.928758025 -0.022732671 0.369988680 3.497753620 0.027854716 0.999575734 -0.008506381 -0.639388204 -0.369638383 0.018206302 0.928997338 20.949396133
0.928033471 -0.024768418 0.371672302 3.540571690 0.029657906 0.999532402 -0.007443916 -0.642005503 -0.371314138 0.017931229 0.928334177 21.062995911
0.928101122 -0.026729811 0.371367455 3.586924553 0.031945188 0.999458373 -0.007897923 -0.645183206 -0.370955259 0.019193476 0.928452373 21.174871445
0.927595198 -0.027609780 0.372565418 3.630669117 0.032940321 0.999425769 -0.007948567 -0.648054004 -0.372131884 0.019645477 0.927971900 21.286876678
0.927583575 -0.031034239 0.372324526 3.676301003 0.035699908 0.999346614 -0.005642083 -0.651206732 -0.371906102 0.018525455 0.928085446 21.399793625
