0.999912679 0.001032689 0.013174735 0.000588202 -0.001042086 0.999999225 0.000706422 -0.000959490 -0.013173995 -0.000720089 0.999912977 0.056023978
0.999718606 0.000890108 0.023700526 0.001970403 -0.000946310 0.999996781 0.002360231 -0.001762883 -0.023698349 -0.002381995 0.999716341 0.112535968
0.999492645 -0.001528496 0.031810988 0.003762358 0.001411008 0.999992073 0.003715433 -0.002356761 -0.031816415 -0.003668662 0.999486923 0.169989288
0.999274790 -0.003912768 0.037874207 0.005205408 0.003759872 0.999984503 0.004107317 -0.003434080 -0.037889689 -0.003961937 0.999274075 0.230882034
0.999207556 -0.005008670 0.039489165 0.008522560 0.004967387 0.999987006 0.001143501 -0.003862261 -0.039494380 -0.000946436 0.999219358 0.286191404
0.999108493 -0.004803654 0.041941933 0.010753643 0.004939982 0.999982834 -0.003147360 -0.004395691 -0.041926101 0.003351747 0.999115109 0.345255286
0.999028742 -0.006261707 0.043616842 0.013451589 0.006496258 0.999965191 -0.005237881 -0.005244923 -0.043582521 0.005516140 0.999034703 0.406891197
0.998920441 -0.008194388 0.045725144 0.015754282 0.008331778 0.999961317 -0.002814947 -0.006316084 -0.045700319 0.003192880 0.998950064 0.464934140
0.998881102 -0.009151286 0.046397120 0.019622136 0.009131393 0.999958098 0.000640666 -0.007155498 -0.046401042 -0.000216279 0.998922825 0.528608501
0.998781085 -0.009648434 0.048407294 0.021622121 0.009504082 0.999949694 0.003211286 -0.008270156 -0.048435844 -0.002747305 0.998822510 0.588169694
0.998690188 -0.011369182 0.049886853 0.024624506 0.011227824 0.999932110 0.003112891 -0.008968979 -0.049918860 -0.002548693 0.998750031 0.652347326
0.998597980 -0.012857998 0.051349785 0.027871184 0.012776370 0.999916494 0.001917607 -0.009695871 -0.051370159 -0.001258855 0.998678863 0.713275433
0.998539388 -0.011765575 0.052732017 0.031289414 0.011747891 0.999930739 0.000645345 -0.010483782 -0.052735955 -0.000024912 0.998608530 0.777804077
0.998445570 -0.009297695 0.054954667 0.034059729 0.009340283 0.999956250 -0.000518167 -0.011617261 -0.054947443 0.001030654 0.998488665 0.841695428
0.998317003 -0.011821989 0.056776289 0.036527835 0.011865257 0.999929547 -0.000425036 -0.013199542 -0.056767263 0.001097986 0.998386860 0.906510472
0.998225212 -0.012543133 0.058215342 0.040232889 0.012545104 0.999921262 0.000331601 -0.014076496 -0.058214918 0.000399305 0.998304009 0.973668814
0.998139679 -0.011376707 0.059897739 0.044820294 0.011349924 0.999935210 0.000787375 -0.014737161 -0.059902813 -0.000106076 0.998204231 1.039261222
0.998030961 -0.012389951 0.061486147 0.049676590 0.012425654 0.999922693 -0.000198307 -0.015468905 -0.061478939 0.000961922 0.998107970 1.107499957
0.997906029 -0.012027725 0.063552685 0.052898072 0.011998651 0.999927640 0.000839151 -0.017568182 -0.063558191 -0.000074847 0.997978032 1.168875933
0.997762084 -0.012970369 0.065594494 0.056055665 0.012905349 0.999915659 0.001414916 -0.017626874 -0.065607324 -0.000565230 0.997845292 1.239522099
0.997646689 -0.013511495 0.067219153 0.060378179 0.013455768 0.999908686 0.001281718 -0.018571680 -0.067230329 -0.000374217 0.997737348 1.308758259
0.997554123 -0.012807216 0.068715245 0.065246925 0.012680662 0.999917030 0.002277654 -0.020013424 -0.068738699 -0.001400728 0.997633696 1.374140501
0.997421741 -0.013572522 0.070469074 0.069721155 0.013383131 0.999905407 0.003159049 -0.020938503 -0.070505291 -0.002207807 0.997508883 1.442155123
0.997381866 -0.008721388 0.071787149 0.075845182 0.008337935 0.999949336 0.005639486 -0.021844145 -0.071832694 -0.005026164 0.997404039 1.510690451
0.997209072 -0.009691900 0.074027605 0.079164684 0.009530494 0.999951303 0.002533277 -0.022622379 -0.074048571 -0.001820687 0.997253001 1.578965664
0.997092783 -0.010802646 0.075427987 0.085043401 0.010709237 0.999941289 0.001642740 -0.023821071 -0.075441308 -0.000830188 0.997149944 1.648369789
0.996997535 -0.010484802 0.076719269 0.089180119 0.010377142 0.999944508 0.001801824 -0.024688723 -0.076733902 -0.001000288 0.997051179 1.716084480
0.996878386 -0.010554640 0.078245193 0.092968985 0.010124443 0.999931335 0.005892756 -0.026337486 -0.078302026 -0.005082171 0.996916711 1.786176682
0.997000396 -0.010751294 0.076646879 0.099401891 0.010428614 0.999934971 0.004608974 -0.026889630 -0.076691456 -0.003795828 0.997047603 1.855623960
0.997143328 -0.009711835 0.074905172 0.103135705 0.009434784 0.999947250 0.004051655 -0.027318534 -0.074940562 -0.003333366 0.997182429 1.926323175
0.997384071 -0.006110321 0.072026789 0.107005179 0.005927254 0.999978602 0.002755147 -0.029562218 -0.072042108 -0.002321019 0.997398913 1.991811395
0.997630060 -0.001447479 0.068792060 0.111008696 0.001344481 0.999997914 0.001543528 -0.030779406 -0.068794176 -0.001447381 0.997629881 2.060662508
0.997927666 -0.000697495 0.064342923 0.114761561 0.000778591 0.999998868 -0.001235295 -0.031607755 -0.064342000 0.001282832 0.997927129 2.131115675
0.998250723 0.002943049 0.059049211 0.118504412 -0.002725132 0.999989271 -0.003770606 -0.033182479 -0.059059665 0.003603094 0.998247981 2.198190451
0.998585939 0.005449005 0.052881092 0.122203439 -0.005019002 0.999953270 -0.008260893 -0.035111923 -0.052923635 0.007983802 0.998566628 2.267034054
0.998848557 0.009209433 0.047082577 0.124425098 -0.008651468 0.999890029 -0.012040855 -0.036656264 -0.047188289 0.011619658 0.998818457 2.335713863
0.999051392 0.014535223 0.041049056 0.126260042 -0.014024717 0.999820948 -0.012697242 -0.038584881 -0.041226268 0.012109498 0.999076426 2.403753042
0.999195278 0.020678990 0.034370437 0.127186641 -0.020291926 0.999727130 -0.011572462 -0.040852189 -0.034600370 0.010865706 0.999342144 2.472231150
0.999374211 0.023614017 0.026331510 0.126535773 -0.023385124 0.999686301 -0.008966998 -0.042942911 -0.026535001 0.008345621 0.999613047 2.541872501
0.999560833 0.025293330 0.015439590 0.128122509 -0.025202684 0.999664128 -0.006037750 -0.044306722 -0.015587123 0.005645978 0.999862492 2.611278057
0.999699354 0.024367878 0.002730067 0.127744153 -0.024363333 0.999701738 -0.001685611 -0.046146456 -0.002770329 0.001618591 0.999994814 2.679551363
0.999686718 0.021636190 -0.012576633 0.127104759 -0.021641796 0.999765694 -0.000309900 -0.047514718 0.012566981 0.000581984 0.999920845 2.748678446
0.999397278 0.021205749 -0.027483890 0.123520628 -0.021231310 0.999774396 -0.000638540 -0.048691332 0.027464150 0.001221674 0.999622047 2.818655014
0.998884141 0.020768244 -0.042415984 0.119430780 -0.021007527 0.999765813 -0.005203393 -0.049724035 0.042297978 0.006088642 0.999086499 2.886636972
0.998001277 0.024544861 -0.058232982 0.116211951 -0.025037907 0.999656439 -0.007752261 -0.051511362 0.058022704 0.009194798 0.998272896 2.957126141
0.997125924 0.025526289 -0.071331799 0.109810248 -0.026245909 0.999613464 -0.009169264 -0.052656882 0.071070179 0.011015082 0.997410476 3.023448467
0.996060908 0.024954312 -0.085088536 0.104014814 -0.025647478 0.999646127 -0.007062844 -0.054608926 0.084882170 0.009217328 0.996348321 3.091645718
0.994808733 0.024528695 -0.098762259 0.096757233 -0.025161196 0.999670088 -0.005163640 -0.055659015 0.098603010 0.007621810 0.995097697 3.161478043
0.993369162 0.024449827 -0.112337761 0.088962644 -0.024920417 0.999685526 -0.002786579 -0.057415634 0.112234309 0.005567606 0.993666172 3.229661942
0.991584957 0.024757465 -0.127067894 0.080294430 -0.025408933 0.999670982 -0.003508347 -0.058054946 0.126939222 0.006707482 0.991887867 3.299052477
0.989616513 0.027441256 -0.141088918 0.071255893 -0.027943965 0.999608219 -0.001582736 -0.059822086 0.140990227 0.005508888 0.989995658 3.369103670
0.987811327 0.031693190 -0.152395263 0.058256745 -0.031736437 0.999493957 0.002149226 -0.061704628 0.152386263 0.002713453 0.988317311 3.433217287
0.985693514 0.036325060 -0.164587140 0.045797706 -0.035912763 0.999339879 0.005480989 -0.063123107 0.164677590 0.000508204 0.986347377 3.502130270
0.983406723 0.036665894 -0.177670136 0.033739150 -0.036090232 0.999327600 0.006471851 -0.063853659 0.177787930 0.000047695 0.984068811 3.568984509
0.980823219 0.039926227 -0.190765709 0.019721389 -0.039413590 0.999202013 0.006482281 -0.064005904 0.190872282 0.001160789 0.981614232 3.637466192
0.978420556 0.039794307 -0.202755213 0.005325437 -0.039195884 0.999207199 0.006967507 -0.065470152 0.202871710 0.001130015 0.979204655 3.701663494
0.975570381 0.041316159 -0.215767249 -0.009923875 -0.040469024 0.999145925 0.008344594 -0.065482527 0.215927720 0.000591151 0.976409137 3.770324945
0.972835302 0.041626912 -0.227724642 -0.026440442 -0.040137671 0.999131799 0.011168847 -0.066052392 0.227991834 -0.001725113 0.973661482 3.835753441
0.969857156 0.043724176 -0.239719123 -0.043516278 -0.041376900 0.999033630 0.014818373 -0.066118181 0.240135431 -0.004452873 0.970729172 3.900973320
0.966836870 0.043086447 -0.251733810 -0.062711418 -0.040443938 0.999059021 0.015664196 -0.066049255 0.252171844 -0.004963615 0.967669785 3.968993664
0.963715971 0.041693568 -0.263653219 -0.079819262 -0.038568258 0.999110937 0.017021021 -0.067160606 0.264128447 -0.006234785 0.964467287 4.032388210
0.960499406 0.040626250 -0.275300652 -0.099760473 -0.037812501 0.999164283 0.015522707 -0.067871027 0.275701135 -0.004499746 0.961232901 4.098225594
0.956929326 0.038530618 -0.287752569 -0.118478894 -0.036346614 0.999255598 0.012930522 -0.067571715 0.288036555 -0.001914764 0.957617521 4.165232658
0.953774810 0.037714310 -0.298146337 -0.140542150 -0.035784077 0.999288261 0.011932137 -0.067648269 0.298384190 -0.000711680 0.954445541 4.228490353
0.950398803 0.039669134 -0.308493733 -0.163090825 -0.037705623 0.999212801 0.012326118 -0.068290539 0.308739811 -0.000082780 0.951146543 4.294291496
0.946774244 0.040472001 -0.319343835 -0.185041189 -0.038361225 0.999180615 0.012899651 -0.068676658 0.319604248 0.000037363 0.947551131 4.359131336
0.943325877 0.040553086 -0.329380840 -0.207262039 -0.038911689 0.999175549 0.011577034 -0.069696255 0.329578727 0.001895848 0.944126189 4.422698021
0.940113902 0.040516611 -0.338443846 -0.230377793 -0.039609447 0.999169290 0.009589643 -0.069747351 0.338551164 0.004390218 0.940937757 4.486303806
0.936870754 0.040896662 -0.347276032 -0.255470276 -0.040360231 0.999146581 0.008781024 -0.070044786 0.347338796 0.005789458 0.937721848 4.551733494
0.933149695 0.041911427 -0.357036501 -0.278977036 -0.041291561 0.999103248 0.009362153 -0.071562961 0.357108742 0.006006307 0.934043527 4.613847256
0.930435061 0.041784998 -0.364066750 -0.305939317 -0.040950794 0.999111116 0.010014076 -0.071321741 0.364161521 0.005591373 0.931318998 4.678814411
0.927133560 0.043191597 -0.372233361 -0.331145048 -0.041456256 0.999060035 0.012668137 -0.071518302 0.372430623 0.003686345 0.928052723 4.742222309
0.924497664 0.047896393 -0.378166527 -0.361086607 -0.045344964 0.998848796 0.015654329 -0.072188511 0.378480971 0.002675554 0.925605237 4.804787159
0.920912564 0.047646280 -0.386846036 -0.386064887 -0.044857785 0.998861313 0.016238876 -0.073199883 0.387179285 0.002398472 0.922001302 4.868073940
0.917732954 0.048583020 -0.394215554 -0.414296031 -0.046225794 0.998811126 0.015479661 -0.072147451 0.394498855 0.004016730 0.918887556 4.929506302
0.914537072 0.049861070 -0.401417285 -0.441700220 -0.047052521 0.998750150 0.016858932 -0.073039778 0.401756197 0.003469582 0.915740013 4.991911411
0.911681473 0.052588094 -0.407518655 -0.470330715 -0.049307100 0.998611212 0.018557919 -0.073611826 0.407928646 0.003174652 0.913008213 5.052328110
0.908522606 0.054178458 -0.414308518 -0.498793244 -0.050232045 0.998528719 0.020423917 -0.073630527 0.414805532 0.002255976 0.909907281 5.113624096
0.905491889 0.054857932 -0.420802772 -0.526971698 -0.050219253 0.998493552 0.022105731 -0.073503666 0.421381563 0.001115842 0.906882703 5.173881054
0.902698219 0.056448679 -0.426555276 -0.556817889 -0.050718799 0.998405159 0.024791365 -0.072960816 0.427274466 -0.000744752 0.904121637 5.234658241
0.899739504 0.057090987 -0.432677060 -0.586945057 -0.051205970 0.998368800 0.025251681 -0.072557122 0.433412939 -0.000564286 0.901195228 5.295140266
0.896670878 0.057216320 -0.438984782 -0.615620255 -0.051977213 0.998360932 0.023955440 -0.071896791 0.439635873 0.001337062 0.898175120 5.352437973
0.893243194 0.056298118 -0.446034849 -0.644409895 -0.052288849 0.998404801 0.021302462 -0.071711920 0.446522653 0.004294372 0.894762039 5.410879135
0.890429854 0.056469541 -0.451603800 -0.675100327 -0.053828448 0.998374999 0.018705163 -0.072214708 0.451926202 0.007653493 0.892022550 5.466356277
0.886839449 0.054670904 -0.458832055 -0.704410434 -0.053050272 0.998456657 0.016431835 -0.072120644 0.459022254 0.009768764 0.888371050 5.524899006
0.883790493 0.052991036 -0.464872390 -0.734396577 -0.052285593 0.998528123 0.014420141 -0.072175585 0.464952290 0.011561748 0.885260165 5.579493523
0.879999518 0.051942132 -0.472125858 -0.762552023 -0.051956840 0.998564482 0.013016805 -0.072823219 0.472124308 0.013075387 0.881434977 5.633870602
0.876562417 0.048744101 -0.478813469 -0.792798638 -0.049870554 0.998701811 0.010371821 -0.074370757 0.478697419 0.014787141 0.877855420 5.686376095
0.872705400 0.046628907 -0.486015469 -0.822454333 -0.050742447 0.998700619 0.004701744 -0.074318528 0.485603154 0.020558376 0.873937488 5.738190174
0.869150698 0.042998027 -0.492674530 -0.850296974 -0.051976018 0.998637915 -0.004537534 -0.075840086 0.491808504 0.029551059 0.870201707 5.787507057
0.865982890 0.038668495 -0.498576403 -0.879817605 -0.053331301 0.998461246 -0.015193265 -0.076864235 0.497221708 0.039746836 0.866712630 5.835598469
0.862576485 0.038059857 -0.504492998 -0.906197906 -0.057561349 0.998074114 -0.023121260 -0.078963295 0.502641499 0.048983160 0.863106132 5.882546425
0.860468805 0.036745097 -0.508176267 -0.934514523 -0.060018510 0.997761786 -0.029480327 -0.081552953 0.505955696 0.055866893 0.860748351 5.926726818
0.858089447 0.033653602 -0.512396157 -0.958085299 -0.059983023 0.997588098 -0.034930721 -0.084775925 0.509984732 0.060708754 0.858038425 5.969273567
0.856652737 0.030939793 -0.514964879 -0.984283328 -0.061306912 0.997231960 -0.042070013 -0.088767856 0.512237787 0.067610309 0.856178343 6.011600494
0.855874777 0.026622094 -0.516497493 -1.009032369 -0.060866933 0.996918917 -0.049476352 -0.091050491 0.513588846 0.073783182 0.854858220 6.052495003
0.855595767 0.023481840 -0.517111838 -1.034167290 -0.059788838 0.996767640 -0.053661775 -0.093594372 0.514180183 0.076830298 0.854234099 6.093576908
0.856501579 0.020719502 -0.515728474 -1.060117483 -0.055119526 0.997151792 -0.051479544 -0.096883804 0.513192952 0.072519019 0.855204105 6.134360313
0.858284235 0.019329211 -0.512810647 -1.083007693 -0.050071150 0.997676730 -0.046198308 -0.100677073 0.510725975 0.065328300 0.857257962 6.174540043
0.862411022 0.017425526 -0.505908608 -1.107753158 -0.046725113 0.997880995 -0.045280222 -0.103850499 0.504047453 0.062688798 0.861397862 6.214770317
0.867892742 0.016302006 -0.496484071 -1.131446362 -0.045632526 0.997851789 -0.047004852 -0.108219862 0.494651109 0.063451007 0.866772294 6.255035400
0.875438452 0.014560829 -0.483110219 -1.153922439 -0.043644868 0.997844040 -0.049013589 -0.110687256 0.481354862 0.063993663 0.874186635 6.296446800
0.884870827 0.013575261 -0.465638667 -1.174877405 -0.041062333 0.997957349 -0.048937775 -0.111836851 0.464023232 0.062423822 0.883620799 6.337150574
0.896565378 0.011032525 -0.442773879 -1.194637656 -0.033759706 0.998483717 -0.043480396 -0.113599941 0.441622853 0.053930938 0.895578444 6.379357815
0.909998477 0.013337426 -0.414397240 -1.214040041 -0.030972918 0.998876572 -0.035866201 -0.116984420 0.413453341 0.045473289 0.909389019 6.422008514
0.923184812 0.012590364 -0.384150028 -1.228558183 -0.026175674 0.999202371 -0.030156611 -0.119432762 0.383463949 0.037895512 0.922778070 6.462977409
0.937179804 0.012954114 -0.348605990 -1.243702412 -0.023926111 0.999343932 -0.027186729 -0.121689133 0.348025084 0.033819634 0.936875105 6.505032539
0.950701237 0.012784374 -0.309844702 -1.257281899 -0.021385279 0.999473989 -0.024377882 -0.123557486 0.309370100 0.029802199 0.950474679 6.547791481
0.962645590 0.012133613 -0.270492703 -1.267233610 -0.018520372 0.999606371 -0.021071617 -0.125221893 0.270130545 0.025294121 0.962491512 6.591470718
0.973354876 0.009382919 -0.229112059 -1.276008725 -0.014021943 0.999728203 -0.018628247 -0.126626223 0.228874967 0.021344492 0.973221779 6.635609150
0.982644320 0.008021367 -0.185326204 -1.283811092 -0.011504805 0.999776721 -0.017728496 -0.128415719 0.185142666 0.019552954 0.982517064 6.679047585
0.989972532 0.010318466 -0.140882596 -1.288493752 -0.012712686 0.999789476 -0.016105015 -0.130582824 0.140686750 0.017734518 0.989895284 6.721591949
0.995336831 0.014229118 -0.095404752 -1.291762590 -0.015749902 0.999760330 -0.015206268 -0.132103503 0.095165491 0.016637975 0.995322347 6.766309738
0.998663783 0.013042404 -0.050005250 -1.292518854 -0.013686894 0.999827325 -0.012567729 -0.133296639 0.049832664 0.013235349 0.998669922 6.811145306
0.999926627 0.011407669 -0.004075725 -1.292057991 -0.011436283 0.999909580 -0.007067089 -0.134710699 0.003994739 0.007113182 0.999966741 6.855163097
0.999069095 0.010546343 0.041828379 -1.288866758 -0.010405332 0.999939382 -0.003587430 -0.136263713 -0.041863684 0.003148852 0.999118447 6.900840282
0.995956957 0.014638127 0.088630937 -1.284342766 -0.014421822 0.999891281 -0.003080430 -0.137138262 -0.088666394 0.001789756 0.996059775 6.946975231
0.990838349 0.016173409 0.134081110 -1.276991606 -0.015920363 0.999868929 -0.002959278 -0.138538122 -0.134111390 0.000797546 0.990965962 6.991837502
0.983784854 0.015304458 0.178698361 -1.267379999 -0.014612836 0.999879777 -0.005186002 -0.139207184 -0.178756237 0.002490621 0.983890176 7.038561344
0.974818349 0.011489060 0.222704068 -1.256102800 -0.010629984 0.999930739 -0.005055848 -0.140524954 -0.222746730 0.002561193 0.974872947 7.082735538
0.964419484 0.006742774 0.264290780 -1.241612077 -0.005637601 0.999971986 -0.004939914 -0.141134039 -0.264316648 0.003274183 0.964430511 7.128224850
0.952919841 0.003097071 0.303206474 -1.225915194 -0.002076668 0.999991059 -0.003687732 -0.142247647 -0.303215206 0.002884454 0.952917695 7.173735142
0.940693319 -0.000632190 0.339257479 -1.207736015 0.002142299 0.999989390 -0.004076733 -0.143253222 -0.339251310 0.004561747 0.940684676 7.219955444
0.928204417 -0.002997287 0.372058541 -1.188645601 0.004896518 0.999979377 -0.004159947 -0.145054430 -0.372038424 0.005683073 0.928199947 7.265830040
0.915756583 -0.006768014 0.401676536 -1.167466879 0.010238668 0.999926507 -0.006494311 -0.146162868 -0.401603043 0.010059840 0.915758610 7.310171127
0.903903246 -0.009392532 0.427633882 -1.144583702 0.014769777 0.999848068 -0.009258728 -0.146896511 -0.427481920 0.014685051 0.903904676 7.355542183
0.893177927 -0.014118154 0.449481845 -1.119808912 0.021177381 0.999718726 -0.010681156 -0.148384392 -0.449204504 0.019059021 0.893225610 7.401556969
0.883374810 -0.018062888 0.468318939 -1.094540596 0.027201170 0.999548495 -0.012756471 -0.148889825 -0.467877239 0.024007570 0.883467376 7.447937965
0.874791503 -0.019674364 0.484099925 -1.067691326 0.029586650 0.999479592 -0.012844495 -0.150095314 -0.483595401 0.025559153 0.874918461 7.495559216
0.866801858 -0.020716697 0.498222232 -1.039404631 0.031584654 0.999411345 -0.013393894 -0.151264966 -0.497651488 0.027346026 0.866945922 7.542768478
0.858963192 -0.020549268 0.511624813 -1.010701656 0.032172143 0.999386072 -0.013873526 -0.153278083 -0.511025608 0.028376920 0.859097004 7.591547966
0.851586699 -0.020916391 0.523796439 -0.980934858 0.033148523 0.999352574 -0.013986320 -0.154726386 -0.523164809 0.029273639 0.851728618 7.640835762
0.844829917 -0.021392142 0.534607172 -0.947763920 0.035193969 0.999258161 -0.015631363 -0.155689195 -0.533876240 0.032020789 0.844956100 7.691174030
0.839725435 -0.023269204 0.542512596 -0.914524317 0.037756409 0.999165356 -0.015585319 -0.157110542 -0.541697085 0.033570718 0.839903057 7.742239952
0.836611390 -0.025035877 0.547224522 -0.881575346 0.039895467 0.999086916 -0.015284374 -0.159051433 -0.546342134 0.034618858 0.836846352 7.793941021
0.836800039 -0.028148767 0.546784580 -0.846043825 0.043322701 0.998950422 -0.014874621 -0.160247996 -0.545791984 0.036135267 0.837141156 7.845965385
0.839116096 -0.030036056 0.543122649 -0.810593367 0.044316538 0.998930037 -0.013224992 -0.161727384 -0.542144299 0.035166617 0.839549124 7.900883198
0.841683567 -0.028648078 0.539210498 -0.776160955 0.041550834 0.999066949 -0.011778913 -0.163517654 -0.538369894 0.032318763 0.842088640 7.956836700
0.843462586 -0.025296463 0.536591828 -0.740786552 0.037702996 0.999214947 -0.012159080 -0.165060386 -0.535863042 0.030486848 0.843754351 8.014241219
0.844488919 -0.021706320 0.535132825 -0.705159187 0.034049865 0.999332964 -0.013198405 -0.166489691 -0.534489274 0.029367113 0.844664812 8.071697235
0.845345914 -0.021111691 0.533801973 -0.669575214 0.033597190 0.999341667 -0.013681953 -0.168345898 -0.533161819 0.029500229 0.845498800 8.128628731
0.846048117 -0.020270560 0.532720804 -0.632641077 0.032370113 0.999386311 -0.013381419 -0.169956565 -0.532122612 0.028565558 0.846185267 8.189352036
0.846888006 -0.019824797 0.531401694 -0.595693350 0.031885955 0.999399900 -0.013532009 -0.171736538 -0.530814588 0.028404351 0.847011864 8.249261856
0.847664237 -0.019597929 0.530170977 -0.557577133 0.032429535 0.999362826 -0.014908233 -0.173804820 -0.529541016 0.029830376 0.847759664 8.310300827
0.848268986 -0.018760499 0.529233336 -0.521432877 0.031404737 0.999395549 -0.014909307 -0.176378489 -0.528633714 0.029267535 0.848345399 8.372630119
0.849183440 -0.017652452 0.527802944 -0.481922865 0.030422304 0.999416590 -0.015520867 -0.177932262 -0.527221084 0.029237045 0.849224985 8.437032700
0.850356460 -0.017307056 0.525922358 -0.443253994 0.030688612 0.999388933 -0.016732087 -0.180245191 -0.525311410 0.030368067 0.850367963 8.498565674
0.851229012 -0.015016766 0.524579525 -0.404672146 0.029935332 0.999352396 -0.019967958 -0.182463974 -0.523939967 0.032700770 0.851127207 8.564041138
0.852445364 -0.012998683 0.522654593 -0.366278410 0.028640302 0.999350786 -0.021857738 -0.185389981 -0.522031248 0.033601515 0.852264285 8.628282547
0.853976548 -0.011264497 0.520189464 -0.324712992 0.028436741 0.999281824 -0.025044529 -0.188744009 -0.519533694 0.036179937 0.853683591 8.693539619
0.854777932 -0.009579185 0.518905520 -0.286925793 0.027692586 0.999247134 -0.027170721 -0.190847427 -0.518254638 0.037594769 0.854399681 8.760622978
0.856517136 -0.008381994 0.516050458 -0.245555162 0.026944358 0.999230802 -0.028490933 -0.194417894 -0.515414774 0.038307618 0.856084168 8.825967789
0.857240438 -0.007342236 0.514863968 -0.207709074 0.025127679 0.999303460 -0.027586589 -0.197292387 -0.514302850 0.036585674 0.856827915 8.892613411
0.858866990 -0.008178337 0.512133360 -0.167426348 0.024604036 0.999376953 -0.025302690 -0.200967461 -0.511607349 0.034332193 0.858533204 8.961078644
0.860031009 -0.009366826 0.510155737 -0.129233837 0.024589229 0.999430597 -0.023102762 -0.204348117 -0.509648860 0.032413431 0.859771729 9.028112411
0.863055944 -0.010000957 0.505009532 -0.087533474 0.024826791 0.999435365 -0.022636410 -0.206668392 -0.504497886 0.032074250 0.862816989 9.097256660
0.866114855 -0.011097030 0.499721885 -0.049634457 0.024132006 0.999515951 -0.019629776 -0.210020751 -0.499262244 0.029060928 0.865963399 9.162927628
0.869011283 -0.010875339 0.494672805 -0.011677504 0.022102069 0.999613583 -0.016851164 -0.212911472 -0.494298369 0.025577147 0.868915975 9.231770515
0.872123301 -0.009923168 0.489185691 0.026396751 0.021141974 0.999624670 -0.017414579 -0.214892566 -0.488829315 0.025530010 0.872005820 9.301707268
0.875622630 -0.009990151 0.482892573 0.064491272 0.021859594 0.999581277 -0.018958231 -0.217957154 -0.482500970 0.027156090 0.875474513 9.370795250
0.879934072 -0.010906719 0.474970460 0.102158308 0.023408838 0.999517441 -0.020415545 -0.219990492 -0.474518627 0.029082837 0.879764974 9.441460609
0.884890735 -0.012911985 0.465619534 0.137314796 0.025238767 0.999476373 -0.020249005 -0.223956093 -0.465114236 0.029669823 0.884753346 9.510901451
0.891338646 -0.014183205 0.453116208 0.173865557 0.026863571 0.999406636 -0.021561250 -0.227531180 -0.452541530 0.031390697 0.891190648 9.581487656
0.897852778 -0.015974335 0.440006018 0.210131407 0.029608713 0.999270022 -0.024139658 -0.229997426 -0.439299136 0.034701861 0.897670329 9.653666496
0.904588580 -0.015458692 0.426005542 0.242749929 0.029003812 0.999258399 -0.025326625 -0.233396247 -0.425298095 0.035265956 0.904366016 9.725854874
0.911242664 -0.013726471 0.411641151 0.276258945 0.026704865 0.999310553 -0.025793348 -0.236344904 -0.411003321 0.034496818 0.910980880 9.801458359
0.918292224 -0.015664432 0.395593613 0.307158232 0.028202206 0.999266803 -0.025897587 -0.241065830 -0.394897848 0.034938168 0.918060482 9.871068954
0.924376130 -0.009599697 0.381361812 0.335497379 0.021844974 0.999374986 -0.027793212 -0.243041962 -0.380856693 0.034022223 0.924007952 9.942573547
0.929532170 -0.009275763 0.368624598 0.363876820 0.020903854 0.999401450 -0.027563525 -0.247224838 -0.368148297 0.033326853 0.929169655 10.016881943
0.934130311 -0.007336748 0.356856763 0.391761541 0.016891694 0.999577284 -0.023666058 -0.249245718 -0.356532246 0.028135099 0.933859229 10.093385696
0.938452542 -0.006625626 0.345344543 0.417757034 0.014771810 0.999671161 -0.020962246 -0.252302825 -0.345092058 0.024773438 0.938241839 10.167436600
0.943053484 -0.005308744 0.332598895 0.443494320 0.013220275 0.999680817 -0.021528563 -0.255408078 -0.332378477 0.024699632 0.942822576 10.243279457
0.947430909 -0.007049083 0.319882989 0.469927788 0.015471216 0.999597192 -0.023795146 -0.258202374 -0.319586366 0.027493233 0.947158158 10.319366455
0.951192915 -0.004993137 0.308556318 0.492675781 0.013021562 0.999627948 -0.023965620 -0.261710197 -0.308321774 0.026813811 0.950904131 10.394687653
0.955017269 -0.004738241 0.296512038 0.515524626 0.012713256 0.999607265 -0.024973702 -0.265502304 -0.296277255 0.027619949 0.954702556 10.471817017
0.958765388 -0.004660472 0.284160525 0.538610697 0.012871970 0.999551594 -0.027036896 -0.268808424 -0.283907115 0.029579747 0.958395362 10.551473618
0.962162375 -0.005079212 0.272429407 0.559975386 0.013464657 0.999491036 -0.028919630 -0.272769749 -0.272143900 0.031493552 0.961740971 10.627485275
0.964984715 -0.005684106 0.262244761 0.579715014 0.013841624 0.999475718 -0.029269719 -0.276216745 -0.261940837 0.031874727 0.964557350 10.706022263
0.967697799 -0.008280479 0.251977086 0.601704121 0.015802532 0.999487340 -0.027843175 -0.279515505 -0.251617402 0.030925658 0.967332542 10.786975861
0.969820917 -0.011129594 0.243564323 0.621500134 0.017743330 0.999530554 -0.024976913 -0.283582717 -0.243171990 0.028544774 0.969563067 10.865900040
0.971300840 -0.012189832 0.237541676 0.640326619 0.018595327 0.999520898 -0.024743725 -0.287547767 -0.237126246 0.028450767 0.971062183 10.946444511
0.972451270 -0.012502378 0.232770517 0.658590078 0.018902816 0.999501526 -0.025286380 -0.290054709 -0.232338384 0.028989796 0.972202897 11.026293755
0.973244607 -0.010478615 0.229532406 0.677538395 0.016406059 0.999578953 -0.023930848 -0.292839527 -0.229185015 0.027056288 0.973006845 11.108003616
0.973475933 -0.009408194 0.228595793 0.695849419 0.015131888 0.999614120 -0.023298623 -0.296921164 -0.228288367 0.026139740 0.973242581 11.191603661
0.973822236 -0.008417961 0.227154657 0.714778185 0.014184332 0.999616981 -0.023764789 -0.301689863 -0.226867616 0.026364721 0.973568678 11.273976326
0.974327743 -0.006933273 0.225028008 0.735058308 0.013181988 0.999567747 -0.026278052 -0.303420037 -0.224748552 0.028569752 0.973997891 11.356977463
0.974995852 -0.008231937 0.222070709 0.754565954 0.014375419 0.999556839 -0.026062353 -0.307643473 -0.221757799 0.028603043 0.974682152 11.440470695
0.975555122 -0.008297286 0.219598204 0.771845102 0.014623416 0.999523044 -0.027197938 -0.310037762 -0.219267800 0.029744361 0.975211203 11.522599220
0.976294637 -0.010602979 0.216186062 0.790089250 0.016258672 0.999569952 -0.024399500 -0.313432157 -0.215834394 0.027335998 0.976047277 11.606636047
0.977006018 -0.014920863 0.212688610 0.808691502 0.020242566 0.999533594 -0.022865396 -0.316541255 -0.212248221 0.026644995 0.976852477 11.691669464
0.977607548 -0.018129084 0.209653750 0.827024937 0.024033006 0.999382198 -0.025646893 -0.319667399 -0.209059238 0.030111205 0.977439284 11.776465416
0.978191018 -0.018162070 0.206911638 0.845382452 0.024843380 0.999248981 -0.029738024 -0.323963284 -0.206216142 0.034229856 0.977907658 11.861884117
0.978341758 -0.018883791 0.206133053 0.862809658 0.025898982 0.999171853 -0.031387065 -0.327086836 -0.205369636 0.036045909 0.978020430 11.947640419
0.978511333 -0.018978938 0.205318123 0.880991459 0.025405373 0.999264956 -0.028708899 -0.330600977 -0.204622328 0.033308160 0.978274167 12.034548759
0.978698611 -0.019786762 0.204346672 0.899297357 0.025190933 0.999397397 -0.023878474 -0.334559858 -0.203751087 0.028517513 0.978607237 12.122463226
0.978660226 -0.024983505 0.203961119 0.918107510 0.029530296 0.999377906 -0.019278947 -0.337852031 -0.203352600 0.024890572 0.978789151 12.210791588
0.978673756 -0.029565521 0.203281790 0.937758923 0.034037352 0.999248743 -0.018536627 -0.340586662 -0.202580988 0.025060486 0.978944778 12.299170494
0.978449225 -0.033368386 0.203774050 0.956799865 0.038503569 0.999031603 -0.021286840 -0.343117893 -0.202866420 0.028674113 0.978786409 12.388374329
0.978217006 -0.036307741 0.204384968 0.975216389 0.041927483 0.998850524 -0.023231491 -0.346954763 -0.203306556 0.031294789 0.978614867 12.476821899
0.977839291 -0.036789097 0.206099600 0.992965102 0.042684089 0.998794794 -0.024228143 -0.349087000 -0.204959884 0.032488402 0.978230953 12.565421104
0.977788568 -0.034888279 0.206669301 1.012529731 0.040330701 0.998940229 -0.022178402 -0.353177071 -0.205676511 0.030020906 0.978159428 12.657692909
0.977196038 -0.030701844 0.210107848 1.029835105 0.036092103 0.999109209 -0.021867672 -0.356126517 -0.209249303 0.028952233 0.977433622 12.746906281
0.976833880 -0.024532106 0.212588534 1.049611211 0.029796533 0.999322593 -0.021594621 -0.358739138 -0.211914778 0.027428754 0.976903200 12.839928627
0.975420773 -0.018774252 0.219548911 1.067523718 0.023757450 0.999516010 -0.020079095 -0.362257898 -0.219065696 0.024801489 0.975394785 12.930331230
0.974156380 -0.011507423 0.225581303 1.087200999 0.016290003 0.999679983 -0.019351218 -0.365037322 -0.225286424 0.022525828 0.974032223 13.022189140
0.972702086 -0.007844726 0.231924728 1.108653307 0.013141586 0.999686718 -0.021302519 -0.368425697 -0.231684953 0.023768865 0.972500443 13.113626480
0.970809102 -0.003989825 0.239819914 1.129265308 0.010063927 0.999658763 -0.024108464 -0.372065425 -0.239641890 0.025818251 0.970517993 13.205082893
0.968913317 -0.002599993 0.247386560 1.152493715 0.009125032 0.999639869 -0.025233015 -0.375139922 -0.247231901 0.026706014 0.968588233 13.297058105
0.966912270 -0.004582233 0.255067796 1.176426411 0.010977451 0.999659836 -0.023654720 -0.379042387 -0.254872680 0.025672032 0.966633737 13.389841080
0.964627206 -0.009387067 0.263450474 1.201144218 0.015016114 0.999699891 -0.019361157 -0.382220596 -0.263189584 0.022632305 0.964478612 13.480845451
0.962276816 -0.014398356 0.271690875 1.227234602 0.020599172 0.999588013 -0.019984776 -0.385215551 -0.271291196 0.024827493 0.962177098 13.573574066
0.959951639 -0.020138349 0.279440820 1.254779339 0.027179245 0.999402642 -0.021344205 -0.388601482 -0.278844118 0.028084394 0.959925652 13.664665222
0.957766235 -0.023247922 0.286606550 1.282534361 0.032075420 0.999143541 -0.026142973 -0.392102182 -0.285753369 0.034231883 0.957691610 13.755761147
0.955561996 -0.022247592 0.293949544 1.310255527 0.031675860 0.999123871 -0.027352143 -0.395882905 -0.293083549 0.035447773 0.955429494 13.848402977
0.953319609 -0.024980366 0.300928235 1.339757681 0.033343125 0.999186456 -0.022685181 -0.400048882 -0.300116777 0.031660117 0.953376889 13.941679955
0.950654864 -0.025513597 0.309199542 1.369347572 0.033016402 0.999273121 -0.019056147 -0.402995050 -0.308488697 0.028324481 0.950806141 14.037313461
0.948571861 -0.029679060 0.315167576 1.400128841 0.035900459 0.999258101 -0.013951720 -0.405706763 -0.314519584 0.024548873 0.948933482 14.131142616
0.946819842 -0.036879063 0.319643795 1.431631088 0.043338012 0.998974383 -0.013114738 -0.408941567 -0.318832278 0.026270021 0.947447062 14.224096298
0.945881844 -0.037629295 0.322322041 1.463537693 0.045379404 0.998832524 -0.016561689 -0.412650764 -0.321322471 0.030292185 0.946485102 14.317906380
0.945072174 -0.039181814 0.324504673 1.496121168 0.048565079 0.998602033 -0.020864025 -0.415454388 -0.323233575 0.035477608 0.945653856 14.411870956
0.944509864 -0.032773450 0.326844037 1.527028561 0.041546591 0.998938501 -0.019894842 -0.419633776 -0.325845063 0.032370131 0.944868863 14.505692482
0.943737805 -0.030356009 0.329298526 1.557453871 0.039150219 0.999031007 -0.020106211 -0.422685981 -0.328369081 0.031867102 0.944011748 14.599490166
0.943474829 -0.024709024 0.330521941 1.590536356 0.032882147 0.999275565 -0.019158652 -0.426075697 -0.329809099 0.028943980 0.943603754 14.695225716
0.942830324 -0.025867425 0.332267702 1.623021603 0.034163993 0.999232769 -0.019151039 -0.429342926 -0.331517369 0.029407771 0.942990720 14.790203094
0.942890465 -0.025351927 0.332136542 1.656176805 0.032175075 0.999368787 -0.015059011 -0.433668375 -0.331545115 0.024885517 0.943111122 14.883596420
0.943020523 -0.026825832 0.331651330 1.690044403 0.033455569 0.999337971 -0.014295790 -0.436391056 -0.331048250 0.024576806 0.943293691 14.978152275
0.942980587 -0.025970545 0.331833005 1.723008871 0.032556787 0.999367535 -0.014303271 -0.439832956 -0.331251711 0.024291120 0.943229616 15.073137283
0.942954421 -0.025098527 0.331974506 1.756231308 0.032178484 0.999356568 -0.015846007 -0.442375541 -0.331363171 0.025624499 0.943155229 15.169216156
0.943216383 -0.023640029 0.331336766 1.789652348 0.030347221 0.999425530 -0.015082972 -0.446178555 -0.330789834 0.024281655 0.943391979 15.263965607
0.942938209 -0.020857552 0.332313985 1.822532415 0.027375098 0.999513447 -0.014942546 -0.449203789 -0.331840694 0.023187023 0.943050444 15.360749245
0.942227840 -0.021513624 0.334281057 1.855556726 0.027397869 0.999541402 -0.012897165 -0.453131765 -0.333850294 0.021310652 0.942385197 15.456771851
0.941681862 -0.021948865 0.335787892 1.890736341 0.027097249 0.999575973 -0.010653832 -0.456158102 -0.335411638 0.019131446 0.941877365 15.554028511
0.941166818 -0.024204120 0.337074697 1.925217152 0.029875206 0.999485731 -0.011646901 -0.458369553 -0.336619526 0.021031853 0.941405833 15.650149345
0.940519810 -0.024017543 0.338888824 1.958805561 0.029877925 0.999480426 -0.012085705 -0.462127119 -0.338422477 0.021492140 0.940748751 15.747070312
0.940170646 -0.022324642 0.339971632 1.994275570 0.028329320 0.999517858 -0.012708465 -0.464992166 -0.339524001 0.021579290 0.940349817 15.845443726
0.939833641 -0.020524181 0.341015190 2.029758453 0.026239688 0.999581814 -0.012155902 -0.468037844 -0.340623051 0.020372655 0.939979196 15.945727348
0.939822674 -0.019659393 0.341096461 2.063660145 0.024842825 0.999632597 -0.010834707 -0.470315725 -0.340758085 0.018656502 0.939965844 16.040674210
0.940019310 -0.020370750 0.340512425 2.098805904 0.025164872 0.999636531 -0.009668137 -0.473474443 -0.340191752 0.017657187 0.940190315 16.138648987
0.940241277 -0.022497905 0.339764982 2.134667397 0.027853169 0.999552608 -0.010892395 -0.475791276 -0.339367896 0.019705009 0.940447330 16.236703873
0.940237403 -0.022925140 0.339746892 2.169719696 0.029016426 0.999496341 -0.012858802 -0.478276730 -0.339280933 0.021948569 0.940428972 16.337051392
0.940714002 -0.022584388 0.338448077 2.203470230 0.028750440 0.999499321 -0.013215802 -0.481005490 -0.337980092 0.022162817 0.940892279 16.432605743
0.940248549 -0.021066196 0.339836568 2.239204884 0.026974590 0.999555767 -0.012670749 -0.485161424 -0.339418650 0.021080602 0.940399289 16.535766602
0.941066086 -0.021280030 0.337552756 2.277842522 0.026519701 0.999588609 -0.010918339 -0.489594877 -0.337181509 0.019226674 0.941243351 16.636276245
0.940746248 -0.021493509 0.338429511 2.311710358 0.026926611 0.999572754 -0.011366565 -0.491942585 -0.338040650 0.019805815 0.940923095 16.734880447
0.941095531 -0.021444138 0.337460041 2.346971273 0.027055698 0.999562740 -0.011933974 -0.494845927 -0.337056607 0.020361228 0.941264272 16.833410263
0.940890729 -0.021546198 0.338024616 2.383788824 0.027581906 0.999534190 -0.013062332 -0.498005807 -0.337585688 0.021613590 0.941046655 16.936569214
0.940840900 -0.020869581 0.338205427 2.418416500 0.027737299 0.999495268 -0.015485661 -0.500102401 -0.337711543 0.023950445 0.940944910 17.036840439
0.940714955 -0.021208938 0.338534474 2.454774857 0.027539836 0.999523938 -0.013907867 -0.504903853 -0.338078260 0.022406518 0.940851212 17.138542175
0.941046238 -0.023211673 0.337480724 2.491709709 0.028815217 0.999517381 -0.011603561 -0.509811759 -0.337048501 0.020644065 0.941260874 17.239343643
0.940688431 -0.022729186 0.338509232 2.526901245 0.028386749 0.999527633 -0.011771132 -0.512031138 -0.338081777 0.020682145 0.940889418 17.342115402
0.940091372 -0.022261638 0.340195000 2.560527563 0.028190307 0.999524415 -0.012494050 -0.513881803 -0.339755088 0.021335747 0.940271974 17.442592621
0.940491617 -0.025959754 0.338824272 2.599105120 0.031591415 0.999439061 -0.011115673 -0.518432021 -0.338345617 0.021158133 0.940784037 17.544065475
0.940336764 -0.029312560 0.338979930 2.635904789 0.035793357 0.999276340 -0.012881216 -0.521659493 -0.338356942 0.024245918 0.940705359 17.645261765
0.939747512 -0.030788982 0.340479970 2.672364950 0.038069502 0.999166727 -0.014721570 -0.525096953 -0.339742988 0.026796462 0.940136492 17.747728348
0.939788699 -0.031733226 0.340279430 2.710144281 0.039110936 0.999124765 -0.014842419 -0.527891517 -0.339510560 0.027257387 0.940207124 17.850168228
0.939007282 -0.029225111 0.342652977 2.745944977 0.036354795 0.999235153 -0.014401324 -0.530724406 -0.341970056 0.025980027 0.939351618 17.953872681
0.938108444 -0.026534606 0.345323682 2.783484459 0.033331852 0.999349594 -0.013759684 -0.533865452 -0.344733983 0.024418354 0.938382804 18.057329178
0.937193274 -0.023667861 0.348006576 2.820525408 0.029564746 0.999494970 -0.011643369 -0.537543416 -0.347555310 0.021200817 0.937419713 18.160240173
0.936131895 -0.025255146 0.350740999 2.858762503 0.030497910 0.999490321 -0.009430868 -0.540391088 -0.350324094 0.019525405 0.936424971 18.263597488
0.935385883 -0.024422675 0.352784306 2.896802187 0.029977964 0.999497592 -0.010291162 -0.543433905 -0.352355659 0.020201962 0.935648084 18.366977692
0.934584558 -0.023759436 0.354946703 2.935203791 0.030190026 0.999464989 -0.012588970 -0.546602368 -0.354457706 0.022481311 0.934801698 18.469038010
0.934070587 -0.022370929 0.356386870 2.974127293 0.029110471 0.999484181 -0.013557874 -0.550029695 -0.355899751 0.023038603 0.934240103 18.572410583
0.933529556 -0.020911405 0.357890040 3.012512445 0.027921468 0.999505937 -0.014430256 -0.553354859 -0.357411474 0.023463886 0.933652222 18.674976349
0.933105648 -0.021790996 0.358941615 3.052674532 0.028598715 0.999497533 -0.013666781 -0.556309104 -0.358463466 0.023017818 0.933259964 18.778980255
0.932685912 -0.025296640 0.359801382 3.092160940 0.031236991 0.999454677 -0.010704379 -0.559019089 -0.359334439 0.021222932 0.932967484 18.882972717
0.931747139 -0.026493030 0.362140030 3.127976179 0.032418430 0.999421418 -0.010294573 -0.559786797 -0.361657768 0.021331953 0.932066858 18.986619949
0.932302177 -0.030049311 0.360429883 3.173859119 0.036098562 0.999297559 -0.010061753 -0.564159572 -0.359874427 0.022391591 0.932732046 19.091053009
0.931648612 -0.031136747 0.362024069 3.212016582 0.037212778 0.999259055 -0.009821309 -0.566362321 -0.361450136 0.022621928 0.932117105 19.192733765
0.931527972 -0.033260997 0.362145692 3.254371405 0.038966037 0.999204755 -0.008459031 -0.568661928 -0.361576349 0.021991206 0.932083070 19.297170639
