0.999912024 0.001038921 0.013225350 0.000581442 -0.001048676 0.999999166 0.000730652 -0.000965570 -0.013224581 -0.000744457 0.999912202 0.055816196
0.999715328 0.000933201 0.023841359 0.001909904 -0.000989415 0.999996781 0.002346124 -0.001749710 -0.023839088 -0.002369045 0.999713004 0.112155862
0.999415934 -0.001487686 0.034141481 0.002375004 0.001318829 0.999986708 0.004967799 -0.003185803 -0.034148417 -0.004919870 0.999404609 0.176751032
0.999325335 -0.003996085 0.036505837 0.006271222 0.003867384 0.999986053 0.003595426 -0.002920116 -0.036519699 -0.003451819 0.999326885 0.226715863
0.999203086 -0.004864253 0.039617762 0.008464107 0.004820229 0.999987602 0.001206626 -0.003791968 -0.039623141 -0.001014697 0.999214172 0.284470677
0.999073505 -0.005104876 0.042732798 0.010241464 0.005234642 0.999981999 -0.002925361 -0.004574003 -0.042717092 0.003146342 0.999082267 0.346037865
0.999025524 -0.006176474 0.043701191 0.013267009 0.006402832 0.999966741 -0.005041617 -0.005229698 -0.043668598 0.005316516 0.999031901 0.402437836
0.998929262 -0.008408415 0.045491759 0.016160658 0.008541607 0.999959767 -0.002734219 -0.006187806 -0.045466933 0.003119865 0.998960972 0.462992370
0.998855531 -0.009227717 0.046930611 0.019444866 0.009221438 0.999957442 0.000350305 -0.006640342 -0.046931840 0.000082864 0.998898029 0.526209474
0.998780608 -0.009691092 0.048408769 0.021753186 0.009549558 0.999949455 0.003154110 -0.007961440 -0.048436884 -0.002687982 0.998822570 0.585587561
0.998703659 -0.011530218 0.049578696 0.024839627 0.011384995 0.999930084 0.003210522 -0.008657441 -0.049612243 -0.002641908 0.998765051 0.649222136
0.998594820 -0.012481654 0.051501941 0.027970854 0.012401604 0.999921262 0.001873599 -0.009306686 -0.051521275 -0.001232260 0.998671055 0.710255682
0.998540461 -0.011691580 0.052726880 0.031185392 0.011666467 0.999931574 0.000784076 -0.010418318 -0.052732438 -0.000167795 0.998608589 0.773614705
0.998444080 -0.009745818 0.054902986 0.034622937 0.009795495 0.999951780 -0.000635775 -0.011170502 -0.054894146 0.001172588 0.998491406 0.841592789
0.998359203 -0.010285826 0.056330137 0.037890993 0.010329006 0.999946475 -0.000475465 -0.012514593 -0.056322247 0.001056519 0.998412013 0.903132737
0.998248756 -0.009745063 0.058346312 0.040806293 0.009754010 0.999952376 0.000131478 -0.013038603 -0.058344819 0.000437863 0.998296380 0.970033407
0.998147428 -0.011124939 0.059815209 0.045044228 0.011076583 0.999938011 0.001139960 -0.014582231 -0.059824180 -0.000475300 0.998208940 1.035358310
0.998027802 -0.012544649 0.061507709 0.048920870 0.012555846 0.999921143 0.000204507 -0.015414491 -0.061505422 0.000568177 0.998106599 1.102728963
0.997877359 -0.012473473 0.063915044 0.051701128 0.012455258 0.999922216 0.000683448 -0.016649121 -0.063918598 0.000114081 0.997955143 1.171681285
0.997776866 -0.013087734 0.065345623 0.056541219 0.013013215 0.999914050 0.001565922 -0.017405100 -0.065360516 -0.000712085 0.997861445 1.237009287
0.997666061 -0.013702586 0.066893309 0.061055597 0.013616047 0.999905765 0.001749485 -0.018658413 -0.066910975 -0.000834579 0.997758627 1.305461287
0.997536242 -0.013463964 0.068848394 0.064902782 0.013310806 0.999907792 0.002682880 -0.020089865 -0.068878166 -0.001759843 0.997623503 1.372820377
0.997378767 -0.013123691 0.071156934 0.068966858 0.012914149 0.999910772 0.003404072 -0.020337865 -0.071195245 -0.002476218 0.997459352 1.442727566
0.997343361 -0.010490431 0.072084673 0.074738480 0.010100765 0.999932230 0.005768061 -0.021864533 -0.072140291 -0.005024628 0.997381866 1.509729624
0.997223139 -0.010928077 0.073664792 0.079431102 0.010770779 0.999938786 0.002532235 -0.022707459 -0.073687956 -0.001731776 0.997279763 1.579147935
0.997083306 -0.010436399 0.075603522 0.083775699 0.010277494 0.999944091 0.002490560 -0.024348611 -0.075625271 -0.001706281 0.997134864 1.646747351
0.996933222 -0.010674973 0.077526495 0.087949142 0.010537968 0.999942124 0.002176085 -0.025240086 -0.077545233 -0.001352440 0.996987998 1.715564132
0.996908367 -0.011034601 0.077794440 0.093492687 0.010545137 0.999921918 0.006699777 -0.027214661 -0.077862300 -0.005858711 0.996946931 1.783571720
0.996953666 -0.012209400 0.077034123 0.098501191 0.011826209 0.999915302 0.005428534 -0.027784243 -0.077093869 -0.004500974 0.997013748 1.850839257
0.997089565 -0.011158315 0.075416997 0.101654150 0.010802738 0.999928594 0.005121090 -0.028526932 -0.075468749 -0.004291475 0.997138977 1.922627926
0.997349441 -0.007539577 0.072368138 0.105672583 0.007295282 0.999966860 0.003639428 -0.030399172 -0.072393179 -0.003101836 0.997371376 1.989883184
0.997621834 -0.000396924 0.068923689 0.110292971 0.000304144 0.999999166 0.001356627 -0.029937994 -0.068924181 -0.001332438 0.997621000 2.061563015
0.997884333 0.002057069 0.064980045 0.114509113 -0.001938628 0.999996364 -0.001885725 -0.030053854 -0.064983688 0.001755763 0.997884810 2.131932497
0.998142719 0.007746661 0.060424529 0.117472187 -0.007497339 0.999962449 -0.004351821 -0.031270351 -0.060455982 0.003890715 0.998163223 2.200866222
0.998525262 0.008910931 0.053553443 0.123684071 -0.008465236 0.999927640 -0.008543523 -0.034198012 -0.053625710 0.008077580 0.998528421 2.274970770
0.998778641 0.010639193 0.048248779 0.123691157 -0.010046862 0.999871314 -0.012502575 -0.035681915 -0.048375592 0.012002557 0.998757124 2.340583324
0.999016404 0.014436445 0.041925095 0.125238001 -0.013887546 0.999814391 -0.013354224 -0.037817955 -0.042110104 0.012758851 0.999031603 2.409875870
0.999125540 0.022987610 0.034923371 0.126923203 -0.022567246 0.999668598 -0.012383665 -0.039510652 -0.035196468 0.011584713 0.999313295 2.479268074
0.999365032 0.023618415 0.026677059 0.127021372 -0.023377176 0.999683261 -0.009318744 -0.042181723 -0.026888702 0.008689194 0.999600589 2.548639536
0.999541342 0.025792802 0.015871134 0.128535792 -0.025705395 0.999653280 -0.005686851 -0.044702701 -0.016012311 0.005276269 0.999857783 2.620502234
0.999677837 0.025055885 0.004062925 0.126305372 -0.025048986 0.999684632 -0.001741044 -0.045933481 -0.004105266 0.001638712 0.999990165 2.688369036
0.999708414 0.021316782 -0.011345252 0.125242203 -0.021315346 0.999772727 0.000247508 -0.047759086 0.011347950 -0.000005607 0.999935567 2.757764101
0.999422073 0.021520678 -0.026311381 0.121973872 -0.021530481 0.999768138 -0.000089192 -0.049383242 0.026303357 0.000655637 0.999653816 2.825651884
0.998870373 0.022434201 -0.041890755 0.119275056 -0.022650640 0.999732435 -0.004699231 -0.049890809 0.041774124 0.005642775 0.999111176 2.895773411
0.998063028 0.025726624 -0.056643371 0.114395544 -0.026181329 0.999630570 -0.007300042 -0.051751904 0.056434639 0.008768900 0.998367846 2.963992119
0.997253180 0.026453968 -0.069181949 0.106722549 -0.027124217 0.999593616 -0.008766668 -0.053109497 0.068921909 0.010619095 0.997565687 3.032977581
0.996253848 0.025091223 -0.082755469 0.100326389 -0.025715685 0.999648273 -0.006488491 -0.055040270 0.082563549 0.008592297 0.996548831 3.103298187
0.995081067 0.023540132 -0.096225441 0.093223542 -0.024016879 0.999704361 -0.003799132 -0.057289295 0.096107565 0.006091479 0.995352328 3.174833059
0.993565023 0.024563955 -0.110566750 0.086284131 -0.024939932 0.999686837 -0.002018513 -0.058425479 0.110482544 0.004763052 0.993866622 3.243021250
0.991844833 0.024702251 -0.125034124 0.077379555 -0.025235763 0.999677896 -0.002684578 -0.058923066 0.124927528 0.005818017 0.992148817 3.315165520
0.989952743 0.027373195 -0.138723508 0.067714602 -0.027692977 0.999616385 -0.000375132 -0.061089158 0.138660029 0.004213030 0.990331113 3.384507418
0.988118768 0.031582642 -0.150412276 0.055193245 -0.031521372 0.999499202 0.002792090 -0.062548131 0.150425136 0.001982284 0.988619387 3.450863123
0.986046433 0.036220159 -0.162482768 0.042391062 -0.035590492 0.999343455 0.006785328 -0.064298145 0.162621826 -0.000907806 0.986688077 3.521642208
0.983780026 0.036662500 -0.175592363 0.030382037 -0.035990845 0.999327540 0.007009243 -0.064457431 0.175731227 -0.000575836 0.984438002 3.588861465
0.981383324 0.039415784 -0.187971130 0.015533924 -0.038797546 0.999222755 0.006968535 -0.064780459 0.188099682 0.000454014 0.982149839 3.658260107
0.978856206 0.040005554 -0.200599015 0.001431942 -0.039249498 0.999199390 0.007746347 -0.066191077 0.200748295 0.000290852 0.979642928 3.724206448
0.976213813 0.041354671 -0.212829471 -0.015170276 -0.040359467 0.999144495 0.009020478 -0.066069990 0.213020429 -0.000216231 0.977047741 3.793478251
0.973390520 0.041033816 -0.225448698 -0.030662239 -0.039312884 0.999153554 0.012119320 -0.066874489 0.225755185 -0.002933793 0.974179626 3.860339403
0.970454633 0.044246640 -0.237192243 -0.048546672 -0.041673150 0.999005437 0.015855232 -0.067324638 0.237657905 -0.005502235 0.971333325 3.928804636
0.967360497 0.043559719 -0.249632716 -0.066120446 -0.040743731 0.999034405 0.016439317 -0.066917442 0.250107795 -0.005731774 0.968200982 3.995315552
0.964221179 0.041469548 -0.261835694 -0.084659994 -0.038191307 0.999115527 0.017598838 -0.067411356 0.262333900 -0.006969327 0.964951992 4.064069271
0.961122632 0.039691735 -0.273254454 -0.105219007 -0.036810685 0.999199569 0.015664432 -0.067471109 0.273657441 -0.004996757 0.961814225 4.130180359
0.957914114 0.039172191 -0.284369618 -0.126193643 -0.036927331 0.999230206 0.013253231 -0.067546919 0.284669816 -0.002194447 0.958623052 4.197944641
0.954209328 0.038641635 -0.296633244 -0.145053625 -0.036648698 0.999252796 0.012278575 -0.067489997 0.296886027 -0.000845112 0.954912543 4.261348724
0.950618327 0.040410522 -0.307720333 -0.166957974 -0.038593698 0.999183059 0.011990224 -0.067301877 0.307953477 0.000477937 0.951401293 4.329200268
0.947335124 0.041727398 -0.317513615 -0.191502333 -0.039735127 0.999128938 0.012750842 -0.068078056 0.317769051 0.000537121 0.948167980 4.395268917
0.944001853 0.041677378 -0.327296972 -0.213805795 -0.039908540 0.999129772 0.012121599 -0.069835559 0.327517390 0.001619136 0.944843769 4.459664345
0.940772057 0.041543264 -0.336484879 -0.238447905 -0.040724762 0.999125302 0.009492851 -0.069107488 0.336584955 0.004772660 0.941641033 4.526453495
0.937945127 0.042087749 -0.344219983 -0.264663458 -0.041642752 0.999094784 0.008689277 -0.069120333 0.344274193 0.006184204 0.938848913 4.591568470
0.934285700 0.042746816 -0.353953123 -0.288028121 -0.042160422 0.999066889 0.009371406 -0.071200371 0.354023427 0.006167244 0.935216188 4.656209469
0.931189418 0.044230256 -0.361842602 -0.314551234 -0.043302547 0.999004960 0.010676961 -0.071473055 0.361954808 0.005726435 0.932178020 4.721323013
0.927984178 0.045518395 -0.369828731 -0.340278864 -0.043690063 0.998956263 0.013322931 -0.071730807 0.370049119 0.003794367 0.929004371 4.785955906
0.924993217 0.048246365 -0.376908302 -0.367863178 -0.045518141 0.998832941 0.016147424 -0.072281316 0.377247542 0.002219904 0.926109791 4.848649979
0.921819806 0.048974451 -0.384512365 -0.395489573 -0.045922559 0.998798370 0.017121108 -0.073800802 0.384888768 0.001875215 0.922961175 4.913056374
0.918217719 0.049328994 -0.392992139 -0.422558188 -0.046575043 0.998777747 0.016546568 -0.073305696 0.393328100 0.003110277 0.919392943 4.977995396
0.914970338 0.050821237 -0.400307953 -0.450316310 -0.047871046 0.998702347 0.017373407 -0.073121890 0.400671512 0.003267009 0.916215956 5.041523933
0.912128866 0.053753614 -0.406363755 -0.479962945 -0.050393451 0.998549163 0.018973904 -0.073469147 0.406794161 0.003171430 0.913514435 5.103439808
0.909421563 0.054795347 -0.412249893 -0.509051561 -0.050767250 0.998495460 0.020725470 -0.073523305 0.412765235 0.002080603 0.910835087 5.162629128
0.906395078 0.056487419 -0.418637514 -0.538058639 -0.051619608 0.998403013 0.022954119 -0.073820233 0.419265538 0.000804409 0.907863259 5.224684715
0.903544128 0.058189634 -0.424525648 -0.568083882 -0.052168462 0.998304844 0.025804052 -0.073255658 0.425307542 -0.001168245 0.905048251 5.286912918
0.900114417 0.058458287 -0.431713700 -0.596170306 -0.052342027 0.998289466 0.026046159 -0.072497144 0.432497859 -0.000847753 0.901634574 5.347353935
0.897545040 0.058695275 -0.436998606 -0.628523946 -0.053260613 0.998275280 0.024691705 -0.071818471 0.437694222 0.001112900 0.899123192 5.408368111
0.894396126 0.057766866 -0.443529904 -0.658429265 -0.053520862 0.998322189 0.022097947 -0.071911752 0.444062263 0.003973781 0.895987093 5.466595173
0.891633809 0.057525828 -0.449088126 -0.689839721 -0.054572120 0.998318851 0.019530194 -0.072132140 0.449456573 0.007093909 0.893274009 5.521728039
0.888065934 0.056165639 -0.456272244 -0.719871402 -0.054270204 0.998376966 0.017268112 -0.072127111 0.456501573 0.009426766 0.889672697 5.584002018
0.885027766 0.054566398 -0.462329209 -0.750768900 -0.053282682 0.998453736 0.015844490 -0.072810471 0.462478966 0.010611326 0.886566758 5.639766693
0.881649375 0.053450152 -0.468868315 -0.780786514 -0.053200558 0.998488605 0.013788791 -0.072532833 0.468896747 0.012787180 0.883160412 5.694435596
0.878025949 0.049795251 -0.476015627 -0.810372472 -0.050770897 0.998651683 0.010818869 -0.073457524 0.475912601 0.014668490 0.879370272 5.749015808
0.874201536 0.047722802 -0.483212441 -0.840895176 -0.051872455 0.998642206 0.004782624 -0.072690614 0.482784569 0.020884437 0.875490010 5.802102089
0.870554984 0.044310924 -0.490072012 -0.869431973 -0.053289331 0.998569548 -0.004374386 -0.074277475 0.489177078 0.029923758 0.871671021 5.852931499
0.867425621 0.040317506 -0.495930761 -0.899384975 -0.054910291 0.998380423 -0.014877860 -0.075622454 0.494527757 0.040137142 0.868234515 5.902345657
0.864599943 0.039512798 -0.500904918 -0.927723050 -0.058811810 0.998009026 -0.022787873 -0.077742264 0.499007255 0.049161516 0.865202248 5.948287010
0.862335265 0.037592188 -0.504940271 -0.954944611 -0.060400479 0.997756660 -0.028869944 -0.080484897 0.502722263 0.055394199 0.862671256 5.992905617
0.860823214 0.035249889 -0.507681608 -0.983620286 -0.060916413 0.997562885 -0.034025848 -0.084340125 0.505244911 0.060216382 0.860872507 6.036624908
0.859631836 0.032397725 -0.509885728 -1.007303476 -0.062582873 0.997149229 -0.042152312 -0.086892545 0.507066548 0.068145588 0.859208763 6.076121330
0.858385503 0.027553529 -0.512264609 -1.033273935 -0.061181050 0.996928334 -0.048896689 -0.090835571 0.509343803 0.073313095 0.857434630 6.121092796
0.858098090 0.024553150 -0.512898386 -1.059380412 -0.060000114 0.996808171 -0.052663848 -0.093424395 0.509968221 0.075964712 0.856832385 6.164865494
0.859054327 0.022583922 -0.511385918 -1.084927678 -0.056027368 0.997172415 -0.050080542 -0.097629532 0.508808970 0.071673512 0.857890666 6.205264568
0.861001194 0.020882457 -0.508173943 -1.109654188 -0.051190838 0.997641087 -0.045736670 -0.100186199 0.506019950 0.065393187 0.860039294 6.247953415
0.864886701 0.017850764 -0.501649439 -1.134337902 -0.047021825 0.997854292 -0.045561891 -0.102545857 0.499759704 0.062994346 0.863870382 6.289847374
0.870876729 0.018403657 -0.491156936 -1.160110354 -0.047138445 0.997819722 -0.046193451 -0.109472796 0.489235967 0.063381173 0.869845450 6.330443382
0.878036439 0.016481200 -0.478309959 -1.183070302 -0.045087222 0.997810662 -0.048385158 -0.110880256 0.476465255 0.064049587 0.876857162 6.374151230
0.888000667 0.015529267 -0.459579915 -1.205331326 -0.042207312 0.997963309 -0.047831666 -0.112810344 0.457901120 0.061872188 0.886847436 6.415011883
0.898153484 0.012093122 -0.439515680 -1.218373656 -0.034707967 0.998452485 -0.043453924 -0.112716243 0.438309968 0.054282989 0.897183239 6.456506729
0.911513090 0.014368037 -0.411019802 -1.238098621 -0.031840801 0.998855293 -0.035695892 -0.116260991 0.410036474 0.045624476 0.910927296 6.499295235
0.924959719 0.013315606 -0.379831970 -1.254696369 -0.027312782 0.999130964 -0.031485461 -0.117271647 0.379082650 0.039497055 0.924519479 6.543207169
0.938480675 0.013739009 -0.345058382 -1.268732190 -0.024925629 0.999297023 -0.028003575 -0.120229527 0.344431043 0.034881618 0.938163400 6.585386753
0.951760590 0.013592164 -0.306540549 -1.282053471 -0.022407185 0.999429822 -0.025255576 -0.122104079 0.306022495 0.030905969 0.951522529 6.629584312
0.963750899 0.012595051 -0.266506106 -1.292120576 -0.019265162 0.999562740 -0.022428276 -0.123390056 0.266107142 0.026749551 0.963572264 6.673682690
0.974438608 0.010462263 -0.224409923 -1.302139401 -0.015282004 0.999688148 -0.019751247 -0.125189409 0.224133283 0.022675818 0.974294662 6.717578888
0.983352780 0.009945731 -0.181434184 -1.308668017 -0.013426303 0.999748409 -0.017965544 -0.127783403 0.181209847 0.020102458 0.983238935 6.760094643
0.990554690 0.011734904 -0.136615500 -1.313203573 -0.014127458 0.999763072 -0.016556652 -0.129985601 0.136388838 0.018330298 0.990485847 6.803753853
0.995753348 0.015240742 -0.090791367 -1.317218900 -0.016846498 0.999714494 -0.016946159 -0.129585728 0.090507172 0.018403709 0.995725751 6.848843098
0.998863161 0.014297718 -0.045474626 -1.317942142 -0.014939024 0.999793231 -0.013794091 -0.131941214 0.045267992 0.014457756 0.998870254 6.895042419
0.999926567 0.012108524 0.000354756 -1.316788673 -0.012105081 0.999890685 -0.008479642 -0.133466452 -0.000457399 0.008474724 0.999963939 6.941336632
0.998855710 0.011864462 0.046329618 -1.313313961 -0.011646668 0.999919772 -0.004968087 -0.134904146 -0.046384845 0.004422817 0.998913944 6.988768578
0.995500445 0.016496507 0.093309999 -1.309208155 -0.016193600 0.999860823 -0.004002551 -0.136500493 -0.093363039 0.002473517 0.995629072 7.034219742
0.990153253 0.017732514 0.138860017 -1.301477551 -0.017302534 0.999840975 -0.004303154 -0.137555152 -0.138914257 0.001858152 0.990302622 7.080376625
0.982807577 0.017255152 0.183824331 -1.292204142 -0.016371911 0.999845982 -0.006321558 -0.138651669 -0.183905080 0.003203320 0.982938766 7.126428604
0.973773479 0.013396173 0.227124825 -1.279225588 -0.012216970 0.999903619 -0.006596892 -0.139859796 -0.227191314 0.003649101 0.973843277 7.172405720
0.963056445 0.008826520 0.269154966 -1.265707970 -0.007421735 0.999952972 -0.006236388 -0.140863970 -0.269197315 0.004008397 0.963076711 7.219151497
0.951406658 0.004847338 0.307898879 -1.249005318 -0.003507180 0.999981821 -0.004905814 -0.142147556 -0.307917058 0.003587568 0.951406538 7.265192986
0.938920259 0.001329158 0.344132185 -1.231083155 0.000579895 0.999984980 -0.005444457 -0.143090650 -0.344134271 0.005311471 0.938905418 7.311643600
0.926424682 -0.001279539 0.376477808 -1.210567713 0.003686792 0.999977171 -0.005673707 -0.144921929 -0.376461923 0.006644258 0.926408231 7.358190536
0.913812339 -0.004945195 0.406106621 -1.188844681 0.008941153 0.999928534 -0.007942974 -0.146015763 -0.406038314 0.010889448 0.913791180 7.405007362
0.901811957 -0.007852449 0.432057351 -1.165709496 0.014134419 0.999835908 -0.011330501 -0.146314338 -0.431897521 0.016324861 0.901774883 7.449861526
0.890836060 -0.012547128 0.454151750 -1.140536547 0.020641591 0.999704123 -0.012869836 -0.147757798 -0.453855902 0.020839332 0.890831351 7.496935844
0.881011665 -0.016038116 0.472822696 -1.114276171 0.025965326 0.999557972 -0.014476310 -0.148719475 -0.472381592 0.025030795 0.881038666 7.544009686
0.872733295 -0.018041899 0.487863839 -1.086009026 0.028665945 0.999486506 -0.014317708 -0.150575131 -0.487354994 0.026480619 0.872802317 7.591111183
0.864335060 -0.018636502 0.502570987 -1.058459282 0.030235143 0.999431193 -0.014937971 -0.151940256 -0.502006769 0.028106717 0.864406884 7.639353275
0.856763840 -0.018619703 0.515372694 -1.028095245 0.031103039 0.999394536 -0.015599443 -0.153601468 -0.514770269 0.029394697 0.856824040 7.688441277
0.849398851 -0.019156251 0.527403831 -0.997468233 0.032640707 0.999334753 -0.016271144 -0.154415071 -0.526741326 0.031035520 0.849458933 7.737246037
0.842553735 -0.019578967 0.538256168 -0.964332342 0.034382507 0.999256074 -0.017472563 -0.156078368 -0.537513673 0.033228178 0.842600107 7.789514542
0.837242544 -0.021242764 0.546418965 -0.930428267 0.036696117 0.999175251 -0.017382827 -0.157728836 -0.545599043 0.034605097 0.837331593 7.841047287
0.834246695 -0.023151444 0.550905108 -0.896040678 0.039357111 0.999069929 -0.017613975 -0.159035310 -0.549984992 0.036376432 0.834381998 7.894076824
0.834249020 -0.026474148 0.550751805 -0.860480070 0.042539962 0.998959839 -0.016418135 -0.161440402 -0.549744308 0.037125774 0.834507644 7.946640968
0.836519361 -0.027680615 0.547237754 -0.823611736 0.043217279 0.998944938 -0.015533791 -0.162575424 -0.546230376 0.036644444 0.836833060 8.003247261
0.839149535 -0.026234988 0.543267727 -0.789237976 0.040566947 0.999072850 -0.014414759 -0.164058924 -0.542385817 0.034134850 0.839435756 8.058880806
0.840670288 -0.022752993 0.541069090 -0.754300594 0.036581460 0.999220729 -0.014818246 -0.165130556 -0.540310323 0.032250356 0.840847731 8.118276596
0.842141032 -0.019647606 0.538899302 -0.715749741 0.033107147 0.999334753 -0.015302212 -0.167978913 -0.538240135 0.030728046 0.842231154 8.175388336
0.842853129 -0.018538527 0.537824214 -0.677998781 0.032243572 0.999350548 -0.016083522 -0.169543430 -0.537176788 0.030897422 0.842903614 8.234995842
0.843405366 -0.017746445 0.536984503 -0.642677307 0.030743374 0.999410868 -0.015257689 -0.172268271 -0.536397338 0.029377136 0.843454123 8.292251587
0.844326198 -0.016854875 0.535564303 -0.603070498 0.029846180 0.999432683 -0.015599617 -0.174073070 -0.534997582 0.029155711 0.844350338 8.355347633
0.845292747 -0.016771326 0.534039974 -0.564927816 0.030770343 0.999376476 -0.017319091 -0.175336212 -0.533416510 0.031072304 0.845281720 8.415788651
0.845889091 -0.016168093 0.533113658 -0.528564692 0.029947868 0.999403298 -0.017208576 -0.178185016 -0.532517254 0.030522166 0.845868528 8.477991104
0.847012103 -0.014503648 0.531375587 -0.487298965 0.028357722 0.999437094 -0.017923007 -0.180481270 -0.530816495 0.030249607 0.846946716 8.542263031
0.847815514 -0.014392445 0.530095816 -0.447972775 0.028644949 0.999415100 -0.018678900 -0.183120161 -0.529516876 0.031020835 0.847731948 8.607379913
0.848762035 -0.012613362 0.528624475 -0.408275127 0.028822146 0.999332726 -0.022432182 -0.185056999 -0.527988791 0.034275681 0.848559320 8.672070503
0.849895716 -0.010533882 0.526845574 -0.368205070 0.027255043 0.999340594 -0.023986166 -0.188623294 -0.526245594 0.034744941 0.849622428 8.737743378
0.851617813 -0.009177655 0.524082899 -0.327337503 0.027606750 0.999244332 -0.027361477 -0.191635340 -0.523435712 0.037769746 0.851227641 8.802562714
0.852785826 -0.008597335 0.522190094 -0.288434029 0.028003689 0.999178767 -0.029282207 -0.194421172 -0.521509469 0.039594691 0.852326334 8.867482185
0.854067206 -0.005615168 0.520132303 -0.246324301 0.025431285 0.999196708 -0.030971678 -0.197461829 -0.519540548 0.039679527 0.853523970 8.935547829
0.854930520 -0.005355028 0.518714726 -0.207106113 0.024372879 0.999257028 -0.029854694 -0.201089606 -0.518169641 0.038166262 0.854425967 9.004612923
0.856309891 -0.005887295 0.516428828 -0.167454243 0.023259185 0.999360144 -0.027174201 -0.205441773 -0.515938461 0.035281252 0.855898857 9.072746277
0.857922018 -0.007333098 0.513727486 -0.126116037 0.024017274 0.999377489 -0.025843300 -0.208216339 -0.513218284 0.034509875 0.857564092 9.141300201
0.860535502 -0.008712289 0.509316087 -0.086103916 0.024423320 0.999409497 -0.024169639 -0.212091058 -0.508804858 0.033238016 0.860240102 9.209829330
0.863385618 -0.009845857 0.504448473 -0.047511578 0.023962775 0.999481440 -0.021505395 -0.215476334 -0.503975153 0.030655434 0.863173962 9.278261185
0.866532803 -0.009832920 0.499023199 -0.007982254 0.022285352 0.999571025 -0.019001693 -0.218288139 -0.498622388 0.027586497 0.866380274 9.347653389
0.869526863 -0.008925248 0.493804932 0.030589581 0.021123026 0.999593854 -0.019127823 -0.220986441 -0.493433684 0.027062807 0.869362295 9.417454720
0.873196900 -0.007646823 0.487307459 0.065643787 0.020435125 0.999571979 -0.020932032 -0.223148242 -0.486938864 0.028235978 0.872979581 9.482724190
0.877318621 -0.009336047 0.479817569 0.104944229 0.022882419 0.999487340 -0.022391658 -0.225857019 -0.479362547 0.030624008 0.877082467 9.556992531
0.882786214 -0.012390387 0.469611794 0.145250320 0.025635075 0.999433219 -0.021819988 -0.231265217 -0.469075263 0.031300906 0.882603347 9.629218102
0.889183581 -0.013356170 0.457355738 0.182738543 0.027046422 0.999360383 -0.023398871 -0.234545901 -0.456750602 0.033175725 0.888975978 9.700791359
0.895857871 -0.014992648 0.444087833 0.219512463 0.029245438 0.999253035 -0.025261465 -0.237801135 -0.443377316 0.035618223 0.895627141 9.774116516
0.902705371 -0.016168414 0.429955304 0.251860619 0.030531013 0.999181747 -0.026526764 -0.241515547 -0.429174632 0.037072826 0.902460396 9.845488548
0.909481287 -0.015180766 0.415467590 0.285892248 0.028974425 0.999217629 -0.026916185 -0.244791180 -0.414734006 0.036517698 0.909209669 9.920768738
0.916501939 -0.014552901 0.399765462 0.319477081 0.027753370 0.999243319 -0.027251292 -0.249158770 -0.399066448 0.036070704 0.916212261 9.996144295
0.922474802 -0.012505391 0.385854781 0.349113464 0.025461610 0.999269843 -0.028485922 -0.253821194 -0.385216892 0.036102030 0.922119617 10.071353912
0.927522898 -0.008613029 0.373667032 0.376734257 0.021031516 0.999353170 -0.029169697 -0.255648822 -0.373174101 0.034914348 0.927104115 10.145235062
0.932249725 -0.007077999 0.361746103 0.406095266 0.017252715 0.999540925 -0.024904460 -0.258685410 -0.361403763 0.029458277 0.931943893 10.222324371
0.936827958 -0.005790533 0.349742472 0.435273409 0.014513602 0.999645352 -0.022325767 -0.261847079 -0.349489152 0.025991427 0.936579823 10.301615715
0.941454649 -0.005897949 0.337088108 0.461302519 0.014380286 0.999639511 -0.022672307 -0.265795916 -0.336832821 0.026192371 0.941200078 10.377284050
0.945682049 -0.007445401 0.325007796 0.488088131 0.016373899 0.999559700 -0.024745187 -0.268633276 -0.324680477 0.028722718 0.945387542 10.456821442
0.949715555 -0.005201831 0.313070863 0.513800621 0.013834915 0.999582589 -0.025360314 -0.272181153 -0.312808275 0.028416391 0.949391127 10.536032677
0.953594506 -0.004363405 0.301062077 0.537263870 0.013009402 0.999558330 -0.026719462 -0.275351465 -0.300812513 0.029396173 0.953230262 10.614213943
0.957333326 -0.003948891 0.288958818 0.560525417 0.012896497 0.999494195 -0.029067643 -0.278673708 -0.288697928 0.031553980 0.956900239 10.694761276
0.960871875 -0.005071791 0.276946515 0.584229469 0.014018620 0.999441445 -0.030334882 -0.283543020 -0.276638001 0.033030342 0.960406363 10.775104523
0.964028239 -0.005576165 0.265741378 0.606152773 0.014226181 0.999429345 -0.030636773 -0.287388384 -0.265418887 0.033315197 0.963557422 10.855109215
0.966664016 -0.007958151 0.255924493 0.628195286 0.016049085 0.999434710 -0.029541608 -0.290298730 -0.255544662 0.032664169 0.966245294 10.937891960
0.968621850 -0.011250963 0.248284429 0.647904158 0.018270629 0.999495268 -0.025986500 -0.295332789 -0.247866750 0.029707402 0.968338549 11.018032074
0.970230520 -0.011710383 0.241899922 0.668605804 0.018642733 0.999477923 -0.026388932 -0.298960000 -0.241464585 0.030113023 0.969942391 11.100539207
0.971437991 -0.010142943 0.237076625 0.688538671 0.017042451 0.999488235 -0.027071122 -0.301491678 -0.236680716 0.030338284 0.971113741 11.183339119
0.972121239 -0.009925763 0.234268606 0.707075834 0.016290117 0.999548614 -0.025247462 -0.304707140 -0.233912259 0.028359860 0.971844018 11.267222404
0.972378731 -0.009466476 0.233216375 0.725692868 0.015468239 0.999594212 -0.023919225 -0.309585184 -0.232895300 0.026865991 0.972130656 11.350445747
0.972757339 -0.007173655 0.231714323 0.745452285 0.013509265 0.999576628 -0.025767162 -0.312568843 -0.231431365 0.028195487 0.972442567 11.435444832
0.973150730 -0.007905415 0.230032668 0.766119957 0.014371046 0.999546885 -0.026445644 -0.317435682 -0.229719356 0.029041411 0.972823501 11.521265030
0.973724782 -0.007011773 0.227619559 0.785165071 0.013762958 0.999510765 -0.028086307 -0.319813848 -0.227311224 0.030481052 0.973344982 11.606519699
0.974490225 -0.008588110 0.224265620 0.804901481 0.015184699 0.999500751 -0.027706059 -0.323775589 -0.223915741 0.030404691 0.974134088 11.689384460
0.975300252 -0.010560555 0.220630839 0.824226260 0.016644061 0.999530375 -0.025732402 -0.326528609 -0.220255464 0.028769009 0.975017905 11.775860786
0.975917578 -0.016211949 0.217536554 0.843123674 0.021778988 0.999493122 -0.023217997 -0.330592990 -0.217049912 0.027396575 0.975775957 11.861577988
0.976530313 -0.019135406 0.214527920 0.863047481 0.025211018 0.999353766 -0.025620362 -0.334123492 -0.213899061 0.030427534 0.976381779 11.948136330
0.977318943 -0.018718129 0.210944161 0.883608222 0.025644591 0.999216437 -0.030147698 -0.338170499 -0.210214570 0.034873493 0.977033138 12.036028862
0.977375329 -0.019534668 0.210608125 0.900840759 0.026744716 0.999147773 -0.031440411 -0.342008889 -0.209814444 0.036361739 0.977064848 12.122500420
0.977640927 -0.020393126 0.209290147 0.920607209 0.026912058 0.999235809 -0.028347198 -0.346302092 -0.208552122 0.033345811 0.977442622 12.211111069
0.977657139 -0.020231349 0.209229797 0.938266635 0.025825765 0.999377370 -0.024040518 -0.349604309 -0.208613172 0.028906912 0.977570891 12.299971581
0.977549434 -0.024938922 0.209224954 0.957394838 0.029774895 0.999356627 -0.019995486 -0.352514923 -0.208591670 0.025776228 0.977663100 12.390115738
0.977584362 -0.030161509 0.208372444 0.977962732 0.034842819 0.999215245 -0.018831421 -0.355646729 -0.207640946 0.025669584 0.977868199 12.479291916
0.977215886 -0.034567788 0.209414020 0.997038722 0.039861556 0.998982191 -0.021110037 -0.358751357 -0.208471179 0.028976640 0.977599144 12.569547653
0.977113426 -0.037624072 0.209365055 1.017045617 0.043396357 0.998792171 -0.023043668 -0.362590373 -0.208245173 0.031601954 0.977565944 12.659205437
0.976957321 -0.038743176 0.209888875 1.037385106 0.044724688 0.998715222 -0.023825530 -0.365513861 -0.208696157 0.032663736 0.977434874 12.750896454
0.976477683 -0.036733154 0.212466240 1.054797888 0.042299230 0.998869061 -0.021710012 -0.369056106 -0.211428508 0.030186506 0.976927221 12.841506958
0.976085424 -0.032078642 0.215007380 1.074182272 0.037499867 0.999072075 -0.021181569 -0.372839749 -0.214128405 0.028737770 0.976382673 12.934069633
0.975523472 -0.025221800 0.218443900 1.094048262 0.030563468 0.999309897 -0.021108324 -0.375268698 -0.217760742 0.027268069 0.975621164 13.025695801
0.974584699 -0.020768175 0.223054767 1.115241289 0.025732299 0.999481142 -0.019371498 -0.378781974 -0.222536713 0.024618877 0.974613369 13.118912697
0.973119974 -0.013004854 0.229931071 1.134901524 0.017570889 0.999686778 -0.017821874 -0.382704586 -0.229627267 0.021382917 0.973043740 13.211870193
0.971365392 -0.009678206 0.237393528 1.155187249 0.014785382 0.999695778 -0.019742522 -0.385981232 -0.237130210 0.022687156 0.971212924 13.304019928
0.969701290 -0.005518630 0.244231284 1.178246021 0.011452809 0.999672532 -0.022883968 -0.388994694 -0.244025022 0.024987748 0.969446957 13.397794724
0.967654884 -0.003820973 0.252248704 1.200459957 0.010171210 0.999663174 -0.023875386 -0.392181396 -0.252072543 0.025668807 0.967367828 13.486791611
0.965877414 -0.006284185 0.258923084 1.227605343 0.012352190 0.999685705 -0.021815332 -0.396585345 -0.258704573 0.024269205 0.965651572 13.584145546
0.963624418 -0.010788499 0.267042160 1.253379583 0.016156994 0.999709010 -0.017914440 -0.399883211 -0.266771197 0.021577392 0.963518262 13.677310944
0.961241841 -0.015978899 0.275243104 1.280425310 0.021780767 0.999600112 -0.018035237 -0.403243542 -0.274844825 0.023331231 0.961205482 13.771347046
0.958917201 -0.021699408 0.282855004 1.308948755 0.028232878 0.999420047 -0.019042160 -0.407099694 -0.282277703 0.026245665 0.958973706 13.864073753
0.956319571 -0.024623299 0.291284800 1.336367130 0.032967027 0.999173641 -0.023770694 -0.410112381 -0.290458858 0.032335166 0.956340909 13.957612991
0.954271615 -0.023551606 0.298011869 1.365823984 0.032595016 0.999145508 -0.025411766 -0.413730294 -0.297158808 0.033963423 0.954223752 14.051322937
0.951915562 -0.026246849 0.305234104 1.396561146 0.034372929 0.999182522 -0.021277871 -0.417301357 -0.304426134 0.030746531 0.952039599 14.146574020
0.949300945 -0.026639162 0.313238263 1.427073002 0.033741705 0.999281287 -0.017274419 -0.419905424 -0.312552989 0.026967812 0.949517488 14.242661476
0.947301209 -0.031579219 0.318783909 1.458568573 0.037370540 0.999228656 -0.012065505 -0.422685862 -0.318157017 0.023342794 0.947750568 14.335759163
0.945460737 -0.038637493 0.323436409 1.491247177 0.044843610 0.998924792 -0.011754765 -0.425337821 -0.322634548 0.025617728 0.946176887 14.430808067
0.944557488 -0.039035145 0.326017588 1.523087025 0.046228547 0.998827875 -0.014343138 -0.429389805 -0.325075567 0.028619232 0.945254862 14.522577286
0.943697035 -0.040580649 0.328312635 1.556323767 0.049313806 0.998615384 -0.018314345 -0.432408214 -0.327114820 0.033473536 0.944391489 14.616996765
0.943348348 -0.034077276 0.330049276 1.588334084 0.042276237 0.998949289 -0.017693562 -0.435886919 -0.329099506 0.030644437 0.943797886 14.710371017
0.942573011 -0.032222487 0.332442254 1.618974924 0.040310267 0.999034643 -0.017458623 -0.439215064 -0.331558764 0.029856864 0.942961991 14.803768158
0.942474961 -0.026423743 0.333230734 1.653017759 0.034107953 0.999269605 -0.017229641 -0.441441834 -0.332532018 0.027604325 0.942687869 14.898867607
0.942013085 -0.027770892 0.334424943 1.686350107 0.035534415 0.999221861 -0.017117757 -0.444425166 -0.333689302 0.028008750 0.942266881 14.993626595
0.942064106 -0.027270457 0.334322453 1.719564199 0.033678483 0.999343097 -0.013384509 -0.448185891 -0.333737880 0.023868535 0.942363679 15.084994316
0.942256033 -0.029127588 0.333624214 1.753644466 0.035278320 0.999300659 -0.012391145 -0.450849026 -0.333030015 0.023445331 0.942624688 15.178339005
0.942052066 -0.028276127 0.334272832 1.786421776 0.034516778 0.999322891 -0.012742952 -0.453897655 -0.333686203 0.023542544 0.942390144 15.273801804
0.941901803 -0.027216922 0.334784120 1.819326878 0.033895805 0.999325573 -0.014122377 -0.456541717 -0.334173977 0.024649668 0.942188978 15.369391441
0.942210793 -0.025669655 0.334035665 1.853638649 0.032098856 0.999390244 -0.013740703 -0.459930420 -0.333479315 0.023668801 0.942460239 15.464231491
0.942231894 -0.022573436 0.334199935 1.887792587 0.028599801 0.999504805 -0.013122024 -0.463196635 -0.333738327 0.021922041 0.942410767 15.560001373
0.941330552 -0.023754563 0.336648941 1.919852018 0.029390646 0.999500036 -0.011654948 -0.466306895 -0.336203843 0.020865489 0.941558063 15.655610085
0.940830827 -0.024499500 0.337989807 1.954033375 0.029267570 0.999530911 -0.009017506 -0.469780862 -0.337610304 0.018376086 0.941106617 15.750485420
0.939969897 -0.026534256 0.340224266 1.988113165 0.031552766 0.999459445 -0.009225491 -0.472365052 -0.339795589 0.019406702 0.940299094 15.847616196
0.939728260 -0.026590856 0.340886533 2.024440289 0.032135848 0.999426961 -0.010629187 -0.475160539 -0.340408564 0.020943226 0.940044403 15.945634842
0.939086497 -0.024565211 0.342801601 2.058791399 0.030393161 0.999470234 -0.011638258 -0.477538168 -0.342334121 0.021348158 0.939335644 16.044328690
0.938992739 -0.022951815 0.343170196 2.094732285 0.028608538 0.999525368 -0.011429577 -0.480512023 -0.342745006 0.020549890 0.939203560 16.143245697
0.938743830 -0.021454122 0.343947262 2.128627777 0.026320649 0.999608517 -0.009485834 -0.483399659 -0.343609184 0.017957687 0.938941061 16.239616394
0.938981295 -0.023285558 0.343179047 2.165108919 0.028194174 0.999558985 -0.009320243 -0.485667050 -0.342810750 0.018427184 0.939223766 16.339139938
0.938949108 -0.025422638 0.343115479 2.201307058 0.030725017 0.999477506 -0.010025403 -0.488153189 -0.342681408 0.019955574 0.939239740 16.438486099
0.938826621 -0.025017403 0.343480170 2.234858990 0.030586803 0.999473691 -0.010805496 -0.492212296 -0.343029022 0.020650445 0.939097762 16.537885666
0.939186513 -0.025829298 0.342434794 2.270919085 0.031217739 0.999460161 -0.010232376 -0.495784223 -0.341985613 0.020300148 0.939485908 16.636217117
0.938928664 -0.022977771 0.343343854 2.304710150 0.028633915 0.999524951 -0.011412325 -0.497406363 -0.342918485 0.020546639 0.939140439 16.736572266
0.939563155 -0.023009280 0.341601580 2.336763620 0.029114483 0.999494731 -0.012755344 -0.497211993 -0.341135472 0.021930007 0.939758301 16.828748703
0.939201176 -0.022707155 0.342615664 2.376420736 0.028205093 0.999540746 -0.011072241 -0.502947032 -0.342206925 0.020062575 0.939410388 16.933794022
0.939488292 -0.023176940 0.341796279 2.412022114 0.029212264 0.999494791 -0.012520158 -0.504878640 -0.341333479 0.021747183 0.939690590 17.032587051
0.939553380 -0.022639301 0.341653019 2.449835062 0.028764334 0.999503374 -0.012871447 -0.508720815 -0.341191918 0.021920834 0.939738035 17.134433746
0.939343333 -0.020873373 0.342342526 2.483690023 0.027999390 0.999481738 -0.015886096 -0.510344625 -0.341833502 0.024507882 0.939440966 17.233804703
0.939547241 -0.023572773 0.341607004 2.521934748 0.029844364 0.999468505 -0.013114321 -0.516126931 -0.341116309 0.022516571 0.939751387 17.336803436
0.940179527 -0.025571456 0.339718431 2.560672283 0.031205436 0.999450982 -0.011130668 -0.520952582 -0.339247257 0.021065885 0.940461278 17.438621521
0.939576209 -0.025624316 0.341379404 2.595447302 0.031484339 0.999436498 -0.011635319 -0.522019506 -0.340888888 0.021680372 0.939853489 17.541009903
0.939537704 -0.027106043 0.341371089 2.632358789 0.032865416 0.999398112 -0.011098104 -0.525143683 -0.340864718 0.021646388 0.939863205 17.642927170
0.938835323 -0.028239636 0.343206853 2.667270422 0.034276038 0.999345779 -0.011533541 -0.527938604 -0.342656612 0.022591861 0.939189017 17.744430542
0.939288080 -0.032067891 0.341627687 2.707217216 0.038742315 0.999168098 -0.012730206 -0.531775832 -0.340935260 0.025192779 0.939749122 17.846670151
0.938845932 -0.033122092 0.342740744 2.743802309 0.040862221 0.999046266 -0.015384311 -0.534346104 -0.341904342 0.028448649 0.939304173 17.950248718
0.938277245 -0.033512555 0.344256848 2.780986071 0.041234087 0.999034882 -0.015130543 -0.537532508 -0.343417525 0.028391764 0.938753605 18.054340363
0.937790632 -0.031232484 0.345793396 2.817047119 0.038374551 0.999167740 -0.013825612 -0.541868150 -0.345073849 0.026235200 0.938208818 18.154411316
0.936780810 -0.027979063 0.348796278 2.854310513 0.034773223 0.999307632 -0.013231800 -0.544678867 -0.348184615 0.024524076 0.937105060 18.258068085
0.935764968 -0.024681531 0.351759583 2.891709328 0.030610472 0.999467492 -0.011302670 -0.547844887 -0.351293325 0.021344170 0.936022103 18.361667633
0.934765756 -0.026825391 0.354250371 2.929853439 0.032086421 0.999444723 -0.008984604 -0.550781608 -0.353812695 0.019765129 0.935107470 18.463804245
0.934051216 -0.026445597 0.356158555 2.968601942 0.031947538 0.999443710 -0.009573683 -0.553896129 -0.355707228 0.020320702 0.934376478 18.567897797
0.933139384 -0.026024025 0.358571798 3.006942987 0.032343023 0.999409139 -0.011634764 -0.557406068 -0.358057171 0.022454154 0.933429539 18.670387268
0.932658732 -0.025016611 0.359891534 3.046052217 0.031855498 0.999406874 -0.013083215 -0.560340941 -0.359350741 0.023666700 0.932902396 18.773384094
0.932155907 -0.022936296 0.361329973 3.085606575 0.029959509 0.999455154 -0.013846421 -0.563597918 -0.360815525 0.023732288 0.932335198 18.876083374
0.931786060 -0.024216011 0.362199247 3.125648975 0.031133017 0.999427140 -0.013272174 -0.566173255 -0.361670315 0.023643179 0.932006240 18.980098724
0.931445599 -0.027616845 0.362831056 3.166792393 0.033622310 0.999381959 -0.010246006 -0.568524003 -0.362323970 0.021742811 0.931798577 19.083892822
0.931110084 -0.029451648 0.363547176 3.207176924 0.035262194 0.999334276 -0.009354898 -0.570482790 -0.363029689 0.021529913 0.931528866 19.188629150
0.930995584 -0.032609072 0.363570809 3.248405933 0.038638961 0.999209762 -0.009322519 -0.574065745 -0.362979501 0.022727227 0.931519866 19.290370941
0.930595219 -0.034195658 0.364449233 3.287942171 0.040285606 0.999146521 -0.009118170 -0.576741576 -0.363826424 0.023167385 0.931178629 19.392837524
0.930162549 -0.036712829 0.365307957 3.328446627 0.042413257 0.999071360 -0.007589437 -0.579388142 -0.364690095 0.022553310 0.930855751 19.496448517
