0.999912500 0.000899312 0.013197673 0.000552376 -0.000909075 0.999999285 0.000733779 -0.001112095 -0.013197003 -0.000745712 0.999912620 0.061473578
0.999710321 0.000706855 0.024056097 0.001511061 -0.000759803 0.999997318 0.002191957 -0.001752994 -0.024054484 -0.002209600 0.999708235 0.123490624
0.999560416 -0.001793021 0.029595431 0.005151784 0.001691940 0.999992669 0.003440098 -0.002331897 -0.029601384 -0.003388512 0.999556124 0.187656716
0.999320865 -0.004085239 0.036619402 0.006004912 0.003961170 0.999986112 0.003459961 -0.003211946 -0.036633033 -0.003312555 0.999323308 0.249706656
0.999206781 -0.005192662 0.039482605 0.008469129 0.005155077 0.999986172 0.001053670 -0.004156458 -0.039487530 -0.000849298 0.999219716 0.313247174
0.999109507 -0.004932449 0.041901436 0.010740708 0.005063750 0.999982595 -0.003028020 -0.005003661 -0.041885767 0.003237502 0.999117136 0.377530873
0.999034762 -0.007047199 0.043356668 0.013594620 0.007275012 0.999960601 -0.005098830 -0.006085507 -0.043319024 0.005409329 0.999046624 0.444076210
0.998913586 -0.008435665 0.045830842 0.015281825 0.008575992 0.999959052 -0.002866028 -0.007050100 -0.045804795 0.003255960 0.998945117 0.508012235
0.998853743 -0.009487402 0.046916824 0.018670820 0.009461476 0.999954939 0.000774613 -0.008070886 -0.046922065 -0.000329822 0.998898506 0.576981843
0.998776138 -0.009629956 0.048513386 0.021138057 0.009485874 0.999949813 0.003199314 -0.009065551 -0.048541766 -0.002735207 0.998817384 0.643123686
0.998703539 -0.010887246 0.049725547 0.025013145 0.010735384 0.999936759 0.003320060 -0.009883712 -0.049758554 -0.002781932 0.998757422 0.713657856
0.998593509 -0.012577560 0.051504284 0.027712272 0.012487835 0.999919832 0.002063488 -0.011047668 -0.051526107 -0.001417409 0.998670757 0.779499471
0.998489022 -0.010502521 0.053938206 0.030217398 0.010476716 0.999944806 0.000761122 -0.011493195 -0.053943228 -0.000194876 0.998543978 0.850154102
0.998433173 -0.009462687 0.055150874 0.033660952 0.009488331 0.999954939 -0.000203174 -0.013390260 -0.055146467 0.000726145 0.998478115 0.919373989
0.998341560 -0.010910562 0.056524903 0.037845999 0.010971449 0.999939501 -0.000766980 -0.014264808 -0.056513119 0.001385869 0.998400927 0.991044343
0.998246789 -0.010791726 0.058196928 0.041505724 0.010802022 0.999941587 0.000137677 -0.015244452 -0.058195017 0.000491209 0.998305142 1.064310074
0.998126268 -0.010474529 0.060286541 0.044724699 0.010453531 0.999945164 0.000663675 -0.015875205 -0.060290191 -0.000032225 0.998180866 1.134141445
0.997973859 -0.010886769 0.062686644 0.048255280 0.010921466 0.999940336 -0.000210889 -0.016643493 -0.062680610 0.000895092 0.998033226 1.207212210
0.997882426 -0.012262115 0.063877545 0.052723017 0.012265525 0.999924719 0.000338792 -0.018114235 -0.063876890 0.000445417 0.997957706 1.279246807
0.997717261 -0.012350531 0.066390112 0.056143053 0.012296753 0.999923646 0.001218652 -0.019155804 -0.066400081 -0.000399487 0.997793078 1.354231715
0.997656107 -0.012975424 0.067186326 0.061857071 0.012938963 0.999915779 0.000977840 -0.019682489 -0.067193352 -0.000106227 0.997740030 1.428971171
0.997550964 -0.011661733 0.068964377 0.065900370 0.011558002 0.999931395 0.001902985 -0.021333160 -0.068981819 -0.001101234 0.997617304 1.499715686
0.997464001 -0.011078736 0.070304438 0.072298765 0.010945313 0.999937475 0.002282752 -0.021811657 -0.070325315 -0.001507459 0.997522950 1.575970888
0.997342110 -0.009837489 0.072193921 0.075936608 0.009489469 0.999941647 0.005162004 -0.023807574 -0.072240502 -0.004463201 0.997377217 1.649023056
0.997228503 -0.008942780 0.073860757 0.081012115 0.008809735 0.999958873 0.002126887 -0.024625566 -0.073876753 -0.001470299 0.997266293 1.722968817
0.997110486 -0.008841231 0.075449318 0.087083273 0.008756400 0.999960542 0.001455095 -0.025516680 -0.075459212 -0.000790224 0.997148573 1.799255013
0.996985793 -0.009838387 0.076958016 0.090993799 0.009744904 0.999951243 0.001590181 -0.027571494 -0.076969907 -0.000835439 0.997033060 1.873340607
0.996953845 -0.012196093 0.077034369 0.097000033 0.011822910 0.999916077 0.005298616 -0.028602097 -0.077092536 -0.004371705 0.997014344 1.949269772
0.996943116 -0.011604462 0.077264883 0.099871032 0.011277723 0.999925554 0.004663845 -0.030393008 -0.077313259 -0.003778215 0.996999681 2.021957397
0.997179151 -0.010729972 0.074287355 0.106732041 0.010414262 0.999935031 0.004635908 -0.031816624 -0.074332274 -0.003849182 0.997226119 2.100041628
0.997418344 -0.005069796 0.071630746 0.110830732 0.004964151 0.999986351 0.001652777 -0.031375952 -0.071638152 -0.001292924 0.997429848 2.176652908
0.997761488 -0.001833812 0.066847883 0.117231280 0.001774393 0.999998033 0.000948222 -0.033964440 -0.066849492 -0.000827485 0.997762799 2.252164125
0.997962296 -0.002152991 0.063770466 0.119417720 0.002243028 0.999996603 -0.001340343 -0.036307313 -0.063767381 0.001480651 0.997963667 2.326690197
0.998283744 0.002077267 0.058526251 0.123229906 -0.001841801 0.999989986 -0.004076896 -0.037329227 -0.058534134 0.003962105 0.998277545 2.401339293
0.998581648 0.004910137 0.053016208 0.125885487 -0.004481998 0.999956429 -0.008191492 -0.039855186 -0.053054135 0.007942256 0.998559952 2.475667715
0.998844802 0.008421331 0.047309563 0.128273040 -0.007835035 0.999890387 -0.012564581 -0.041382831 -0.047410179 0.012179394 0.998801351 2.553003550
0.999051988 0.013840627 0.041274756 0.129298314 -0.013314397 0.999826908 -0.012997188 -0.043758944 -0.041447502 0.012435317 0.999063313 2.627234221
0.999255240 0.018936859 0.033621676 0.131478712 -0.018532166 0.999752462 -0.012307836 -0.046051987 -0.033846427 0.011675586 0.999358892 2.702702999
0.999418736 0.022664899 0.025466058 0.131799892 -0.022423284 0.999701142 -0.009733694 -0.048543379 -0.025679065 0.009157003 0.999628305 2.781851292
0.999600112 0.024098229 0.014798383 0.132014036 -0.024012091 0.999693871 -0.005971039 -0.051054124 -0.014937744 0.005613311 0.999872625 2.856688738
0.999748945 0.022351304 0.001653327 0.132402495 -0.022348177 0.999748468 -0.001887390 -0.053320017 -0.001695098 0.001849968 0.999996841 2.935189486
0.999705613 0.020753307 -0.012568038 0.129628062 -0.020758830 0.999784350 -0.000308975 -0.054476198 0.012558917 0.000569782 0.999920964 3.008256435
0.999370813 0.020857889 -0.028685220 0.127093732 -0.020900937 0.999780774 -0.001201770 -0.055697244 0.028653868 0.001800562 0.999587715 3.084041357
0.998874187 0.020222537 -0.042909183 0.122401521 -0.020447262 0.999779344 -0.004804715 -0.058218908 0.042802550 0.005676681 0.999067426 3.159594536
0.998069406 0.023757715 -0.057384085 0.116624013 -0.024212752 0.999680579 -0.007247387 -0.059715889 0.057193566 0.008622822 0.998326004 3.235925913
0.997101843 0.024896715 -0.071888499 0.111378014 -0.025621412 0.999629676 -0.009176303 -0.061084926 0.071633413 0.010991594 0.997370541 3.311646938
0.996069670 0.025920089 -0.084695652 0.103964955 -0.026606083 0.999621630 -0.006980651 -0.062890358 0.084482655 0.009206635 0.996382415 3.386873245
0.994893432 0.023662552 -0.098118991 0.095231950 -0.024184365 0.999699116 -0.004132054 -0.065322287 0.097991683 0.006483899 0.995166123 3.461517334
0.993353069 0.023645975 -0.112652943 0.086338907 -0.024057996 0.999707937 -0.002299195 -0.067121483 0.112565681 0.004994116 0.993631780 3.537881851
0.991724491 0.022638416 -0.126372457 0.076558232 -0.023154780 0.999728441 -0.002618368 -0.068429321 0.126278877 0.005522825 0.991979480 3.612221003
0.989937007 0.026278354 -0.139047220 0.064276099 -0.026585396 0.999646485 -0.000350960 -0.070431322 0.138988853 0.004044053 0.990285695 3.685386181
0.987981200 0.031171069 -0.151398808 0.050156951 -0.031066557 0.999512672 0.003056202 -0.071941733 0.151420310 0.001683970 0.988468111 3.758745909
0.985842347 0.034685005 -0.164047778 0.037914455 -0.034215484 0.999398291 0.005687790 -0.073079750 0.164146364 0.000005708 0.986435950 3.835726976
0.983604968 0.036212441 -0.176663324 0.023911059 -0.035517711 0.999343812 0.007094196 -0.074225590 0.176804349 -0.000703210 0.984245718 3.911017656
0.981150329 0.038526509 -0.189366743 0.008641124 -0.037826929 0.999257565 0.007308575 -0.074544638 0.189507723 -0.000007648 0.981879175 3.983573437
0.978599370 0.039850697 -0.201879069 -0.007817328 -0.039268743 0.999204934 0.006888518 -0.075364381 0.201993063 0.001186438 0.979386270 4.058222771
0.975950599 0.039188597 -0.214440137 -0.024537683 -0.038212392 0.999231756 0.008697423 -0.075854838 0.214616224 -0.000293985 0.976698399 4.131206989
0.973081231 0.040999953 -0.226785898 -0.042807937 -0.039556883 0.999157786 0.010906111 -0.076108664 0.227042034 -0.001641588 0.973883629 4.205118179
0.970164359 0.042964526 -0.238610908 -0.061966896 -0.040428001 0.999061942 0.015516543 -0.077409685 0.239053756 -0.005407034 0.970991194 4.277183533
0.967030585 0.042918906 -0.251017302 -0.081830919 -0.039992623 0.999059558 0.016749663 -0.077429630 0.251500100 -0.006158597 0.967837572 4.348978043
0.963958800 0.040957984 -0.262879968 -0.101883531 -0.037814502 0.999139965 0.017008297 -0.077507399 0.263350576 -0.006454621 0.964678586 4.423892021
0.960857987 0.038950056 -0.274289459 -0.123814702 -0.036171816 0.999230206 0.015181397 -0.078042589 0.274669677 -0.004665621 0.961527288 4.496131897
0.957603574 0.038050149 -0.285565495 -0.146939874 -0.035821088 0.999273241 0.013027122 -0.078231961 0.285853714 -0.002245554 0.958270550 4.571027279
0.954019666 0.036543410 -0.297507972 -0.168733954 -0.034464017 0.999330997 0.012233711 -0.078659125 0.297756046 -0.001417883 0.954640925 4.639557362
0.950445056 0.038036443 -0.308556914 -0.193147421 -0.036033858 0.999276161 0.012188108 -0.079027072 0.308797210 -0.000465633 0.951127768 4.712378502
0.947062314 0.038517054 -0.318731010 -0.218474865 -0.036303617 0.999257684 0.012884468 -0.079650357 0.318990737 -0.000631304 0.947757661 4.784136772
0.943666041 0.039356112 -0.328550547 -0.242517710 -0.037723359 0.999223828 0.011344717 -0.080507226 0.328742057 0.001688406 0.944418192 4.851706028
0.940622926 0.039175350 -0.337185025 -0.269667745 -0.038440615 0.999221563 0.008857863 -0.080706716 0.337269545 0.004629690 0.941396713 4.922791481
0.937461555 0.039905459 -0.345793813 -0.296832681 -0.039329749 0.999188542 0.008684224 -0.081148177 0.345859826 0.005458858 0.938270330 4.992330551
0.934085071 0.040811967 -0.354710400 -0.323990107 -0.040471997 0.999145567 0.008380957 -0.081799597 0.354749352 0.006527309 0.934938729 5.062250614
0.930956960 0.041004915 -0.362818927 -0.351735353 -0.040237263 0.999143302 0.009675975 -0.082439378 0.362904847 0.005590923 0.931809425 5.132298946
0.927737355 0.042860553 -0.370764345 -0.379890323 -0.040914904 0.999076545 0.013115322 -0.083771981 0.370984107 0.003002210 0.928634346 5.202090263
0.924746096 0.046738550 -0.377703786 -0.410690904 -0.044248272 0.998903811 0.015273623 -0.083513863 0.378003627 0.002588514 0.925800502 5.270907402
0.921474338 0.046972435 -0.385588795 -0.439819932 -0.044564996 0.998891115 0.015184167 -0.083673686 0.385874450 0.003191944 0.922545850 5.339501858
0.918215811 0.047418084 -0.393231779 -0.470372200 -0.044954412 0.998869061 0.015478436 -0.085019790 0.393521041 0.003464956 0.919309080 5.407437801
0.915270507 0.049329508 -0.399807900 -0.502175093 -0.046534128 0.998776972 0.016702674 -0.085185558 0.400142878 0.003317246 0.916446745 5.475382328
0.912151754 0.052066673 -0.406531990 -0.532917976 -0.048874244 0.998638332 0.018239781 -0.085276008 0.406928122 0.003231495 0.913454473 5.542956352
0.909251928 0.052720044 -0.412894100 -0.566076756 -0.048982337 0.998606622 0.019640140 -0.085322596 0.413354248 0.002366682 0.910567224 5.612724304
0.906616509 0.054352839 -0.418440193 -0.599662781 -0.050256725 0.998519480 0.020812524 -0.084165402 0.418951929 0.002160451 0.908005834 5.680163383
0.903592288 0.055893309 -0.424731493 -0.630966783 -0.050228719 0.998436451 0.024532288 -0.085435167 0.425438613 -0.000833467 0.904986858 5.744495392
0.900316656 0.056458198 -0.431557953 -0.663722157 -0.050666537 0.998404801 0.024914870 -0.084557950 0.432276249 -0.000565721 0.901740968 5.812943459
0.897123754 0.056977954 -0.438089609 -0.695837259 -0.051643834 0.998374939 0.024092007 -0.084818617 0.438750386 0.001011119 0.898608387 5.877526760
0.894183278 0.055640839 -0.444230080 -0.728877783 -0.051515445 0.998443663 0.021362795 -0.084766194 0.444727391 0.003782459 0.895657897 5.939625740
0.891211629 0.054785006 -0.450267076 -0.763078213 -0.052267108 0.998470306 0.018034048 -0.084286653 0.450566262 0.007462010 0.892711699 6.003936768
0.888050675 0.053820718 -0.456584364 -0.795960307 -0.052774403 0.998492956 0.015053662 -0.082756370 0.456706494 0.010727551 0.889552772 6.067060947
0.885056794 0.052551098 -0.462507218 -0.828987718 -0.052232940 0.998543561 0.013503462 -0.083385304 0.462543309 0.012206781 0.886512697 6.126871109
0.881676435 0.050643448 -0.469128788 -0.861420155 -0.050924432 0.998629272 0.012097227 -0.084155999 0.469098359 0.013224278 0.883046925 6.185826302
0.877643466 0.047049593 -0.476999193 -0.893687963 -0.048731320 0.998772681 0.008853507 -0.084968656 0.476830363 0.015474578 0.878859103 6.246957779
0.873941541 0.045321912 -0.483913362 -0.926001072 -0.049912125 0.998747766 0.003399116 -0.085759252 0.483461469 0.021182518 0.875109315 6.302368641
0.870699704 0.042051956 -0.490013719 -0.959349632 -0.051195234 0.998674810 -0.005264031 -0.087877080 0.489143014 0.029669758 0.871698797 6.357488632
0.867305934 0.037344366 -0.496372700 -0.989723206 -0.052150220 0.998511076 -0.015998928 -0.088896021 0.495036155 0.039761908 0.867962062 6.409854889
0.864621639 0.036184866 -0.501118779 -1.020426750 -0.055792801 0.998149335 -0.024189413 -0.090986490 0.499316037 0.048873510 0.865040302 6.459164619
0.862268150 0.034779727 -0.505256414 -1.051868916 -0.058161020 0.997839034 -0.030570265 -0.093573391 0.503101349 0.055745989 0.862427652 6.510052681
0.860115111 0.031698853 -0.509114087 -1.080841064 -0.058405340 0.997623384 -0.036557209 -0.096366540 0.506745338 0.061178382 0.859922290 6.558279037
0.858981133 0.027954921 -0.511243463 -1.109400511 -0.058698248 0.997301579 -0.044090927 -0.100200951 0.508631468 0.067882374 0.858304203 6.604002953
0.857938468 0.024681734 -0.513159275 -1.136743784 -0.059421916 0.996908903 -0.051397104 -0.103404984 0.510304451 0.074588470 0.856753111 6.649386883
0.857450306 0.021485232 -0.514118135 -1.161924601 -0.057900857 0.996810973 -0.054910321 -0.106762543 0.511298835 0.076850742 0.855959952 6.693750381
0.858459890 0.019269384 -0.512518704 -1.191997528 -0.054120909 0.997118175 -0.053162500 -0.110156357 0.510017097 0.073375851 0.857028782 6.739524841
0.860330403 0.017469902 -0.509437323 -1.217794895 -0.048716325 0.997655749 -0.048059274 -0.114382148 0.507403493 0.066164769 0.859164655 6.784811974
0.864261746 0.014677742 -0.502827942 -1.244082212 -0.044877339 0.997838318 -0.048008010 -0.116975904 0.501036286 0.064057074 0.863052368 6.828699589
0.869747579 0.012571366 -0.493336707 -1.270361066 -0.042979840 0.997806549 -0.050346576 -0.120908409 0.491621673 0.064992353 0.868380070 6.873280525
0.876765251 0.012255545 -0.480762392 -1.294008970 -0.042000130 0.997806966 -0.051159538 -0.125234380 0.479081064 0.065046996 0.875357211 6.918451786
0.886722267 0.012344158 -0.462137640 -1.318677664 -0.039737456 0.997978985 -0.049588852 -0.129220366 0.460591584 0.062335718 0.885420680 6.963051319
0.898415864 0.009194152 -0.439049482 -1.340139747 -0.032061607 0.998485923 -0.044697501 -0.130022377 0.437973797 0.054233570 0.897350371 7.009168148
0.910777390 0.011285894 -0.412743270 -1.357909441 -0.029016314 0.998904526 -0.036715016 -0.134165809 0.411876708 0.045415502 0.910107136 7.055097103
0.924366832 0.010653619 -0.381355762 -1.376302838 -0.024555527 0.999198735 -0.031606279 -0.136375666 0.380713463 0.038580194 0.923887908 7.101075172
0.938487411 0.010783084 -0.345144928 -1.394378066 -0.022025712 0.999346256 -0.028668594 -0.139195248 0.344610155 0.034507181 0.938111424 7.147957325
0.951510370 0.010804347 -0.307426751 -1.407956839 -0.019595580 0.999482155 -0.025523635 -0.141275212 0.306991756 0.030310208 0.951229334 7.193927765
0.963474095 0.010865590 -0.267580748 -1.419071317 -0.017287854 0.999615967 -0.021656938 -0.143797085 0.267242730 0.025491796 0.963292003 7.240893364
0.974220812 0.008494851 -0.225436419 -1.430009246 -0.013142200 0.999730766 -0.019122202 -0.145498753 0.225213259 0.021591978 0.974070251 7.289496422
0.983099401 0.007255918 -0.182928443 -1.436528325 -0.010645526 0.999789178 -0.017554529 -0.147932589 0.182762489 0.019205216 0.982969522 7.334895134
0.990453362 0.009457157 -0.137523413 -1.443287492 -0.011835755 0.999793947 -0.016488498 -0.149998888 0.137339145 0.017958784 0.990361333 7.383361340
0.995698750 0.012653648 -0.091781653 -1.447579265 -0.014183507 0.999770761 -0.016035385 -0.150829434 0.091557689 0.017268199 0.995650113 7.432128429
0.998831987 0.011608281 -0.046905711 -1.447856426 -0.012227300 0.999841571 -0.012931711 -0.152781636 0.046748184 0.013490138 0.998815536 7.479643822
0.999947786 0.010175169 -0.000991326 -1.447290659 -0.010182032 0.999922335 -0.007183504 -0.154569715 0.000918161 0.007193223 0.999973714 7.530105114
0.998966277 0.009505678 0.044450447 -1.443365574 -0.009342342 0.999948800 -0.003880854 -0.156056970 -0.044485051 0.003461571 0.999004066 7.579029083
0.995782018 0.013755378 0.090713218 -1.438054681 -0.013562243 0.999904215 -0.002745175 -0.157765225 -0.090742297 0.001503321 0.995873332 7.629166603
0.990488470 0.015485223 0.136721522 -1.430649877 -0.015253193 0.999879837 -0.002744648 -0.159195051 -0.136747614 0.000633102 0.990605772 7.681011200
0.983256102 0.014720447 0.181633472 -1.421010017 -0.014090594 0.999889433 -0.004757689 -0.160145864 -0.181683391 0.002118703 0.983354807 7.730152607
0.974245131 0.010945386 0.225225359 -1.408074021 -0.010158984 0.999937654 -0.004650285 -0.161434695 -0.225262195 0.002242457 0.974295557 7.780427933
0.963914394 0.006465500 0.266133904 -1.392045617 -0.005607007 0.999976397 -0.003985492 -0.162991494 -0.266153395 0.002349459 0.963927865 7.831493378
0.952162981 0.002099716 0.305583537 -1.375708818 -0.001163541 0.999993980 -0.003245667 -0.163647607 -0.305588543 0.002734845 0.952159762 7.879794121
0.939909816 -0.001579114 0.341419220 -1.356400013 0.002702824 0.999992311 -0.002815626 -0.165454715 -0.341412187 0.003569231 0.939906895 7.929973125
0.927555561 -0.003951374 0.373664260 -1.333948374 0.005669101 0.999977827 -0.003498113 -0.166624740 -0.373642147 0.005363035 0.927557468 7.980754852
0.915048003 -0.007964094 0.403266430 -1.310242891 0.011311599 0.999918461 -0.005919687 -0.167603329 -0.403186440 0.009978388 0.915063441 8.031352043
0.902856529 -0.010732967 0.429807782 -1.287053823 0.016027752 0.999833703 -0.008700586 -0.168482870 -0.429642916 0.014744235 0.902878463 8.079612732
0.892023206 -0.015166626 0.451735079 -1.259453773 0.022098582 0.999705136 -0.010072922 -0.170352638 -0.451449096 0.018967988 0.892095268 8.131340027
0.882589161 -0.019202016 0.469752789 -1.230841160 0.027860999 0.999545753 -0.011488000 -0.171589822 -0.469318867 0.023226965 0.882723212 8.181613922
0.873972952 -0.020615973 0.485537112 -1.201363325 0.030006712 0.999482632 -0.011574293 -0.172626317 -0.485047311 0.024684992 0.874139369 8.234579086
0.865776062 -0.021870146 0.499953538 -1.170519590 0.032306217 0.999403238 -0.012226846 -0.173988476 -0.499387711 0.026737317 0.865965962 8.286981583
0.858433902 -0.021382868 0.512478411 -1.137119770 0.032324597 0.999399960 -0.012446370 -0.176545903 -0.511904716 0.027250046 0.858609974 8.340489388
0.850802779 -0.021935666 0.525026917 -1.104387045 0.033931535 0.999336541 -0.013233493 -0.177268088 -0.524388254 0.029074067 0.850982726 8.395615578
0.843927801 -0.022377383 0.535989821 -1.069280624 0.035782449 0.999252617 -0.014621820 -0.178652629 -0.535261989 0.031518791 0.844097793 8.451807022
0.838775337 -0.024163973 0.543941259 -1.032416105 0.038119778 0.999169469 -0.014394979 -0.180192858 -0.543141663 0.032809071 0.838999808 8.508332253
0.836077690 -0.026106628 0.547989488 -0.993941784 0.040351827 0.999087870 -0.013968238 -0.182447612 -0.547125041 0.033790909 0.836368501 8.565970421
0.835904121 -0.029719571 0.548070431 -0.956525326 0.044091597 0.998941839 -0.013079011 -0.184563443 -0.547101736 0.035098094 0.836329937 8.624437332
0.838137031 -0.030837934 0.544587255 -0.917006731 0.044702988 0.998925388 -0.012233919 -0.185343295 -0.543624818 0.034598380 0.838614941 8.685146332
0.840854406 -0.029756246 0.540442705 -0.878272772 0.042469926 0.999036431 -0.011071402 -0.187059194 -0.539592564 0.032262009 0.841307878 8.747389793
0.842591286 -0.026258664 0.537912965 -0.839306355 0.038330425 0.999201655 -0.011264235 -0.189227790 -0.537187755 0.030109579 0.842925131 8.810495377
0.843741238 -0.022677284 0.536270797 -0.799956083 0.034537859 0.999330401 -0.012081431 -0.190913782 -0.535637736 0.028715249 0.843959510 8.874323845
0.844356418 -0.021467285 0.535351694 -0.759606123 0.033281241 0.999368906 -0.012417050 -0.193274170 -0.534747303 0.028301584 0.844537973 8.940380096
0.844894946 -0.020925179 0.534522831 -0.718307018 0.032269567 0.999408484 -0.011882734 -0.195604503 -0.533958018 0.027288482 0.845070481 9.007602692
0.845821142 -0.020515203 0.533071876 -0.677217960 0.031910736 0.999416590 -0.012170110 -0.197597459 -0.532511234 0.027304454 0.845982373 9.074353218
0.846339643 -0.020395938 0.532252967 -0.636228323 0.032533824 0.999380291 -0.013436033 -0.199763298 -0.531649113 0.028687678 0.846478701 9.142586708
0.847602248 -0.018816665 0.530298114 -0.592954874 0.030935440 0.999423504 -0.013982955 -0.201601237 -0.529729307 0.028256992 0.847695887 9.211963654
0.848285317 -0.017506363 0.529249907 -0.550961971 0.029548798 0.999461055 -0.014301143 -0.204213187 -0.528714359 0.027770150 0.848345399 9.282739639
0.849425137 -0.018173583 0.527396262 -0.507034302 0.030862393 0.999407053 -0.015268368 -0.206321865 -0.526806116 0.029246043 0.849482179 9.353772163
0.850366652 -0.016656859 0.525926948 -0.464298248 0.030961771 0.999350905 -0.018410949 -0.209123373 -0.525278926 0.031939682 0.850330472 9.425294876
0.851499200 -0.014167451 0.524164438 -0.421240807 0.029434822 0.999350071 -0.020805459 -0.211722270 -0.523529112 0.033144519 0.851362884 9.496970177
0.852700472 -0.012133991 0.522259295 -0.377972126 0.028904449 0.999294579 -0.023975452 -0.215214208 -0.521600008 0.035539497 0.852449656 9.570199966
0.853890896 -0.010829106 0.520339310 -0.332677364 0.028295385 0.999270797 -0.025637040 -0.219087884 -0.519682288 0.036614448 0.853574574 9.645750999
0.855021834 -0.007716614 0.518534660 -0.287831783 0.025497219 0.999305606 -0.027171612 -0.222355306 -0.517964959 0.036453515 0.854624808 9.721055984
0.856263638 -0.007785418 0.516480505 -0.244068146 0.024969487 0.999341369 -0.026332397 -0.225942791 -0.515935302 0.035443723 0.855893910 9.795967102
0.857695997 -0.009425591 0.514070809 -0.199251175 0.025287364 0.999395311 -0.023866320 -0.229684234 -0.513534963 0.033469543 0.857415676 9.872217178
0.859636366 -0.011969942 0.510766208 -0.154209137 0.026831256 0.999403596 -0.021736603 -0.233443826 -0.510201335 0.032390073 0.859444857 9.947174072
0.862291932 -0.012313248 0.506262004 -0.109363079 0.026443075 0.999435306 -0.020731073 -0.237558365 -0.505720854 0.031263359 0.862130463 10.024629593
0.864709854 -0.012407259 0.502118289 -0.066067219 0.024863230 0.999526560 -0.018119432 -0.240046769 -0.501655757 0.028152341 0.864609122 10.102907181
0.867540479 -0.011732668 0.497228116 -0.022881031 0.022601534 0.999618948 -0.015846949 -0.243078977 -0.496852696 0.024985988 0.867475092 10.181377411
0.871289611 -0.011588858 0.490632236 0.022972107 0.021859422 0.999645412 -0.015207197 -0.247111097 -0.490282029 0.023974812 0.871234059 10.259607315
0.874178708 -0.009888702 0.485503495 0.062849998 0.021306746 0.999610782 -0.018004090 -0.247881845 -0.485136628 0.026083291 0.874049306 10.339411736
0.878565907 -0.011727324 0.477477193 0.105420113 0.023871815 0.999527156 -0.019375123 -0.251036376 -0.477024257 0.028420571 0.878430605 10.418457985
0.883742571 -0.013355636 0.467782736 0.146744251 0.025399959 0.999488115 -0.019449677 -0.254997820 -0.467283517 0.029070172 0.883629441 10.497867584
0.890168905 -0.016033011 0.455348551 0.189325333 0.028608032 0.999375522 -0.020737909 -0.259054869 -0.454731822 0.031486865 0.890071630 10.579407692
0.896868706 -0.017455271 0.441952586 0.229415417 0.030628476 0.999273241 -0.022688240 -0.262470484 -0.441235453 0.033884697 0.896751463 10.659102440
0.903672159 -0.017292321 0.427875936 0.267019749 0.030587886 0.999238670 -0.024217913 -0.266087443 -0.427131414 0.034972861 0.903513014 10.740950584
0.910945237 -0.017435076 0.412158817 0.305515289 0.029966859 0.999263525 -0.023961460 -0.270636767 -0.411437571 0.034178685 0.910796881 10.823159218
0.918057501 -0.020885563 0.395896792 0.345700741 0.032874953 0.999182582 -0.023522826 -0.278901875 -0.395081848 0.034610394 0.917993784 10.910467148
0.923552990 -0.012913311 0.383253217 0.372314692 0.024640050 0.999365807 -0.025704343 -0.279157639 -0.382678211 0.033182699 0.923285604 10.988492012
0.928723693 -0.010527597 0.370623082 0.404959202 0.021716364 0.999425292 -0.026029035 -0.282395005 -0.370135993 0.032222368 0.928418636 11.073395729
0.933201134 -0.009219554 0.359236419 0.435570955 0.018130802 0.999605656 -0.021444829 -0.285962313 -0.358896971 0.026525583 0.933000267 11.159419060
0.937640131 -0.010758840 0.347440720 0.464627028 0.018175902 0.999671042 -0.018095620 -0.290738016 -0.347131729 0.023282235 0.937527239 11.241927147
0.942294002 -0.006392354 0.334725410 0.495244741 0.014038548 0.999692798 -0.020428818 -0.291492283 -0.334492028 0.023949014 0.942094147 11.329442978
0.946285725 -0.007400984 0.323246926 0.523056030 0.015463550 0.999629915 -0.022381309 -0.293996632 -0.322961688 0.026177660 0.946049929 11.416319847
0.950312674 -0.005928271 0.311240315 0.550699711 0.013739825 0.999643028 -0.022911482 -0.297959179 -0.310993373 0.026049459 0.950055003 11.503910065
0.954194665 -0.007691570 0.299087465 0.575316191 0.015309026 0.999615073 -0.023134325 -0.304205358 -0.298794329 0.026653387 0.953945220 11.587537766
0.958028853 -0.007875007 0.286563337 0.601805449 0.015652260 0.999568403 -0.024859115 -0.308692694 -0.286243856 0.028301114 0.957738638 11.676106453
0.961480856 -0.008117584 0.274752140 0.626836300 0.015994515 0.999522328 -0.026440980 -0.313245088 -0.274406224 0.029817022 0.961151481 11.762879372
0.964396060 -0.008969053 0.264310151 0.648684978 0.016837351 0.999479473 -0.027518775 -0.315226436 -0.263925791 0.030989278 0.964045048 11.852592468
0.967027843 -0.011412165 0.254414946 0.672744036 0.018536553 0.999499798 -0.025623115 -0.319885403 -0.253995270 0.029494245 0.966755629 11.942742348
0.969034195 -0.014500480 0.246500447 0.694903612 0.020791963 0.999520600 -0.022939492 -0.324441731 -0.246049657 0.027354386 0.968871117 12.033783913
0.970659614 -0.014528364 0.240018353 0.717044115 0.020690946 0.999517202 -0.023175368 -0.327932656 -0.239565805 0.027461600 0.970491648 12.123902321
0.971826851 -0.013640364 0.235301211 0.738690853 0.019927640 0.999504507 -0.024362845 -0.329912812 -0.234852329 0.028365465 0.971617043 12.216247559
0.972368538 -0.012955760 0.233091056 0.757622957 0.018591302 0.999585152 -0.021996615 -0.334664822 -0.232709393 0.025722286 0.972206116 12.306842804
0.972744823 -0.011850664 0.231575087 0.778312206 0.017328944 0.999615729 -0.021636756 -0.338480741 -0.231229633 0.025059996 0.972576499 12.399738312
0.973213434 -0.010300430 0.229672432 0.800942659 0.015808912 0.999629438 -0.022156909 -0.343589604 -0.229359120 0.025194272 0.973015785 12.492867470
0.973577023 -0.010084128 0.228136152 0.822538376 0.015903007 0.999593139 -0.023682257 -0.347183198 -0.227804467 0.026684552 0.973341167 12.587033272
0.974008322 -0.009735663 0.226302981 0.842242718 0.015751755 0.999568522 -0.024793651 -0.349715918 -0.225963935 0.027713889 0.973741353 12.678601265
0.974879503 -0.012085384 0.222404808 0.864986420 0.017912604 0.999546528 -0.024202378 -0.354886174 -0.222011447 0.027578246 0.974654078 12.775041580
0.975615382 -0.014820668 0.218986213 0.885825038 0.020001264 0.999569714 -0.021459119 -0.358718991 -0.218573898 0.025315847 0.975492001 12.869343758
0.976141334 -0.018710643 0.216328144 0.905156970 0.023501819 0.999531686 -0.019596243 -0.362299085 -0.215860203 0.024212813 0.976124048 12.963709831
0.976740837 -0.022495307 0.213240117 0.926039696 0.027820636 0.999370694 -0.022005247 -0.365790874 -0.212610930 0.027425900 0.976751983 13.060058594
0.977198422 -0.021303911 0.211256579 0.945652485 0.027607676 0.999256015 -0.026934667 -0.369336754 -0.210525587 0.032152813 0.977059484 13.154608727
0.977471709 -0.022581870 0.209855050 0.966283321 0.029154440 0.999174893 -0.028278584 -0.373309612 -0.209043294 0.033759724 0.977323532 13.251626968
0.977507532 -0.022627855 0.209682792 0.985762239 0.028620008 0.999262810 -0.025586773 -0.377454847 -0.208949238 0.031012392 0.977434635 13.348592758
0.977559447 -0.022840390 0.209418029 1.005723834 0.027911015 0.999383628 -0.021289295 -0.380677462 -0.208802730 0.026656620 0.977594435 13.446695328
0.977561712 -0.027954755 0.208785996 1.027121902 0.032068841 0.999351919 -0.016345087 -0.384947240 -0.208193779 0.022673858 0.977824748 13.546456337
0.977559507 -0.032240219 0.208177850 1.049275875 0.036380623 0.999208450 -0.016089711 -0.387282014 -0.207494348 0.023302291 0.977958620 13.644967079
0.977063835 -0.037198592 0.209672555 1.068346500 0.041951589 0.998952687 -0.018265406 -0.390330732 -0.208773479 0.026642565 0.977601051 13.744488716
0.976957321 -0.040046159 0.209644496 1.090642214 0.045243625 0.998774648 -0.020052992 -0.394345105 -0.208584562 0.029075993 0.977572083 13.844584465
0.976564586 -0.040624276 0.211355805 1.111057758 0.046009567 0.998728037 -0.020622598 -0.397964537 -0.210249200 0.029863685 0.977191627 13.945011139
0.976256669 -0.038313672 0.213201851 1.131588221 0.043339297 0.998880625 -0.018946772 -0.401333988 -0.212237313 0.027736926 0.976824462 14.045452118
0.975854754 -0.034199692 0.215726048 1.153214216 0.039080855 0.999066591 -0.018400533 -0.405246586 -0.214895383 0.026387008 0.976280570 14.148435593
0.974968255 -0.027938820 0.220581338 1.173631310 0.032450646 0.999331117 -0.016856462 -0.409601808 -0.219962850 0.023592522 0.975222945 14.249892235
0.973995447 -0.022177687 0.225479275 1.195965528 0.026362373 0.999531269 -0.015564801 -0.412710965 -0.225028366 0.021104213 0.974123538 14.353616714
0.972592413 -0.014658930 0.232054070 1.218272924 0.018632617 0.999714673 -0.014941315 -0.415859371 -0.231768817 0.018855587 0.972588062 14.458311081
0.971023619 -0.010607628 0.238747820 1.241741419 0.014910134 0.999757171 -0.016222304 -0.419956982 -0.238517776 0.019312000 0.970946193 14.560678482
0.969286203 -0.007371306 0.245825335 1.266956091 0.012401284 0.999743998 -0.018919813 -0.423733503 -0.245622978 0.021387266 0.969129443 14.665014267
0.967233956 -0.005403836 0.253829241 1.292789221 0.010940984 0.999731839 -0.020407829 -0.426094532 -0.253650874 0.022516290 0.967033744 14.768932343
0.965197921 -0.007460378 0.261414111 1.320327759 0.012792123 0.999743342 -0.018700100 -0.430139601 -0.261207461 0.021393336 0.965045691 14.874155045
0.962856531 -0.012197328 0.269737810 1.349132061 0.016731216 0.999754786 -0.014515677 -0.433406413 -0.269494563 0.018489558 0.962824404 14.978207588
0.960334420 -0.017230950 0.278317899 1.378394604 0.022289220 0.999638736 -0.015020169 -0.436497957 -0.277958512 0.020627875 0.960371554 15.082824707
0.957864940 -0.022942159 0.286301047 1.409696102 0.028764943 0.999455750 -0.016148251 -0.440193117 -0.285774738 0.023703277 0.958003640 15.185591698
0.955862641 -0.025736032 0.292684615 1.443181753 0.033434190 0.999213278 -0.021329101 -0.442950428 -0.291905433 0.030173365 0.955971122 15.289616585
0.953967035 -0.025097677 0.298859358 1.477368116 0.033682413 0.999153674 -0.023608020 -0.445643842 -0.298013926 0.032587577 0.954005063 15.394996643
0.951362669 -0.026536904 0.306928396 1.509402752 0.034373652 0.999205768 -0.020154465 -0.448685855 -0.306149840 0.029724456 0.951519251 15.500600815
0.948890209 -0.027769176 0.314382315 1.542295218 0.034221802 0.999301374 -0.015022969 -0.453077018 -0.313745499 0.025013881 0.949177563 15.606575012
0.947041214 -0.031927429 0.319521010 1.578472853 0.037228536 0.999251664 -0.010495139 -0.455309272 -0.318946838 0.021834627 0.947521091 15.711925507
0.945343792 -0.037300508 0.323935151 1.615360022 0.043317076 0.998996675 -0.011380197 -0.456276953 -0.323185623 0.024790123 0.946010768 15.819476128
0.944251120 -0.040798426 0.326688439 1.650744915 0.047226496 0.998814940 -0.011765323 -0.464125395 -0.325821340 0.026537769 0.945058823 15.923705101
0.943212628 -0.042146813 0.329505116 1.686378479 0.049871765 0.998642564 -0.015022760 -0.468295515 -0.328424692 0.030602656 0.944034219 16.029390335
0.942787290 -0.035501271 0.331499159 1.722857714 0.042995609 0.998958111 -0.015298495 -0.471108615 -0.330610603 0.028676236 0.943331420 16.136772156
0.942158163 -0.033204809 0.333519578 1.759406805 0.040661320 0.999054313 -0.015399365 -0.474342704 -0.332692862 0.028069986 0.942617357 16.244461060
0.941795111 -0.028011203 0.335018218 1.795794964 0.034784999 0.999293387 -0.014234855 -0.478392541 -0.334382802 0.025059922 0.942104101 16.351247787
0.941293836 -0.027989136 0.336425871 1.833324671 0.034640674 0.999304771 -0.013784237 -0.481468260 -0.335806191 0.024629038 0.941608965 16.459299088
0.941373169 -0.026815988 0.336299628 1.872210264 0.032269314 0.999422610 -0.010636238 -0.484810293 -0.335820228 0.020864829 0.941694975 16.568019867
0.941090643 -0.028876677 0.336919129 1.909190655 0.034106929 0.999371946 -0.009614106 -0.488186955 -0.336429805 0.020539025 0.941484511 16.675123215
0.941262424 -0.028792230 0.336446226 1.946854830 0.034070700 0.999371469 -0.009794524 -0.491369665 -0.335952789 0.020682173 0.941651762 16.782716751
0.941198945 -0.026990870 0.336772949 1.984909534 0.032529231 0.999412298 -0.010812845 -0.494196594 -0.336283177 0.021132004 0.941523790 16.890563965
0.941186070 -0.024670519 0.336986601 2.022322416 0.029925173 0.999497890 -0.010407014 -0.498048306 -0.336560726 0.019879319 0.941451907 16.999755859
0.941178083 -0.023170823 0.337115675 2.061435938 0.028148884 0.999554813 -0.009885645 -0.501658797 -0.336736560 0.018793581 0.941411316 17.108474731
0.940392733 -0.023865402 0.339252025 2.098553181 0.028431024 0.999559641 -0.008493488 -0.504880428 -0.338899940 0.017632497 0.940657198 17.216176987
0.939712644 -0.024457406 0.341089100 2.136989117 0.028242445 0.999582350 -0.006135039 -0.507974148 -0.340796560 0.015398365 0.940010965 17.324144363
0.939001620 -0.026572414 0.342884660 2.176009655 0.030568955 0.999513090 -0.006255231 -0.510780156 -0.342551470 0.016355298 0.939356685 17.436326981
0.938444495 -0.026374253 0.344421566 2.214171410 0.031107003 0.999482274 -0.008221311 -0.513393402 -0.344026417 0.018429168 0.938779056 17.543758392
0.938115120 -0.025113160 0.345411807 2.255111217 0.029882999 0.999517262 -0.008490312 -0.516690791 -0.345031887 0.018286826 0.938412786 17.656021118
0.937544405 -0.022905106 0.347110599 2.294208765 0.027740838 0.999574959 -0.008968044 -0.518937886 -0.346757650 0.018037079 0.937781334 17.767421722
0.937776446 -0.023623889 0.346435070 2.334842920 0.027373111 0.999607682 -0.005932532 -0.523935139 -0.346159011 0.015046394 0.938055217 17.878005981
0.938312829 -0.024938531 0.344887227 2.377470493 0.028686341 0.999571860 -0.005766828 -0.526250660 -0.344595790 0.015304643 0.938626349 17.990192413
0.938325226 -0.027857877 0.344630212 2.416089296 0.031798784 0.999477565 -0.005786706 -0.529453933 -0.344288915 0.016388632 0.938720703 18.098043442
0.938484192 -0.027394602 0.344234079 2.456565142 0.032081421 0.999453843 -0.007925597 -0.531284451 -0.343828976 0.018481566 0.938850462 18.209564209
0.938464761 -0.028122773 0.344228476 2.497376919 0.032348219 0.999455214 -0.006536933 -0.538053393 -0.343857169 0.017269855 0.938863158 18.326726913
0.938039839 -0.026997054 0.345474333 2.536363363 0.032310016 0.999431431 -0.009628425 -0.535850108 -0.345017970 0.020194128 0.938378811 18.446640015
0.939032018 -0.025912020 0.342852265 2.578353882 0.029427545 0.999554157 -0.005054455 -0.543904543 -0.342568457 0.014835593 0.939375758 18.550483704
0.939134181 -0.027356898 0.342459649 2.615577698 0.030381098 0.999532342 -0.003468497 -0.549021602 -0.342204660 0.013661684 0.939526081 18.659072876
0.938656509 -0.026966916 0.343797475 2.656912565 0.030339055 0.999529779 -0.004431999 -0.551216364 -0.343516350 0.014590614 0.939033449 18.777982712
0.938522220 -0.028351197 0.344052732 2.698157549 0.032273766 0.999462962 -0.005678402 -0.554162920 -0.343706936 0.016433179 0.938933134 18.893480301
0.938205361 -0.026954550 0.345027953 2.739163160 0.031462494 0.999477088 -0.007471357 -0.556660473 -0.344646096 0.017865105 0.938562691 19.009342194
0.938398004 -0.029490713 0.344295621 2.779303312 0.033222463 0.999435782 -0.004942903 -0.562286735 -0.343955517 0.016076757 0.938848317 19.122877121
0.939023793 -0.030684602 0.342480242 2.823762655 0.034116749 0.999409854 -0.004000064 -0.564987719 -0.342155397 0.015440468 0.939516485 19.239307404
0.939307809 -0.032466859 0.341535896 2.867097616 0.035620455 0.999360979 -0.002964414 -0.568034708 -0.341221452 0.014950160 0.939863980 19.356651306
0.938654840 -0.033270471 0.343249232 2.906164885 0.036579676 0.999325693 -0.003168718 -0.569789767 -0.342912257 0.015530279 0.939239025 19.471239090
0.938476622 -0.034851234 0.343580067 2.947928667 0.038358204 0.999258220 -0.003413715 -0.572466791 -0.343206257 0.016382802 0.939117193 19.587453842
0.938331008 -0.036598355 0.343795747 2.990892649 0.041066438 0.999140024 -0.005721498 -0.574854612 -0.343290687 0.019487124 0.939027011 19.704650879
0.937996984 -0.038369607 0.344513148 3.032923460 0.043666087 0.999017060 -0.007624589 -0.578080177 -0.343881935 0.022195388 0.938750505 19.821498871
0.937610805 -0.039832935 0.345397174 3.075701475 0.045113407 0.998955488 -0.007259741 -0.581321657 -0.344747216 0.022388855 0.938428462 19.939140320
0.936971009 -0.036819726 0.347461671 3.117631197 0.041817699 0.999101460 -0.006893799 -0.583834171 -0.346895576 0.020989338 0.937668860 20.056972504
0.935874999 -0.033740219 0.350713015 3.159195423 0.038373940 0.999243796 -0.006268658 -0.587074757 -0.350236297 0.019324914 0.936461926 20.174896240
0.934938312 -0.030765396 0.353473783 3.202230215 0.034653142 0.999388456 -0.004673543 -0.589723229 -0.353113830 0.016618455 0.935432732 20.293495178
0.933854759 -0.032476224 0.356174976 3.247203588 0.035687100 0.999359965 -0.002445767 -0.592372537 -0.355867624 0.014994844 0.934416056 20.413312912
0.933253169 -0.032165803 0.357776225 3.292639732 0.035586450 0.999362111 -0.002979189 -0.595202863 -0.357452154 0.015512327 0.933802605 20.533166885
0.932800531 -0.030069191 0.359136820 3.338352680 0.034544982 0.999384820 -0.006050305 -0.597213209 -0.358733982 0.018050104 0.933265328 20.651786804
0.931862950 -0.029923720 0.361574233 3.381536484 0.034525879 0.999384105 -0.006272836 -0.601079762 -0.361163765 0.018329088 0.932322145 20.770015717
0.931243837 -0.027224606 0.363378167 3.427408695 0.031966433 0.999464214 -0.007040960 -0.603694856 -0.362991691 0.018172756 0.931615114 20.890180588
0.930835962 -0.029828949 0.364217788 3.471299171 0.034486279 0.999385297 -0.006288689 -0.606356204 -0.363806337 0.018414252 0.931292593 21.006101608
0.930290818 -0.032921251 0.365342468 3.516329765 0.036778800 0.999316931 -0.003602707 -0.608443439 -0.364974290 0.016788419 0.930866301 21.123439789
0.930139422 -0.035063501 0.365528464 3.563041210 0.038512498 0.999255836 -0.002146460 -0.611333549 -0.365181148 0.016073924 0.930797696 21.242237091
0.929562449 -0.037491199 0.366753459 3.607921124 0.041494757 0.999134123 -0.003035370 -0.613680184 -0.366322130 0.018039914 0.930313230 21.358032227
0.929394007 -0.039400708 0.366980076 3.653781891 0.043280657 0.999060214 -0.002346465 -0.616678417 -0.366542667 0.018063929 0.930225849 21.476362228
