0.999911427 0.000928489 0.013275085 0.000397134 -0.000938424 0.999999285 0.000742198 -0.001182572 -0.013274388 -0.000754590 0.999911606 0.062260039
0.999709368 0.000774780 0.024094157 0.001461649 -0.000827971 0.999997377 0.002197712 -0.001823297 -0.024092393 -0.002217022 0.999707282 0.125144199
0.999493659 -0.001542374 0.031784602 0.003685266 0.001434605 0.999993145 0.003413154 -0.002387717 -0.031789653 -0.003365827 0.999488890 0.189022586
0.999320269 -0.004174701 0.036627751 0.006023368 0.004046284 0.999985397 0.003579453 -0.003485661 -0.036642168 -0.003428814 0.999322593 0.253359228
0.999207199 -0.005164232 0.039476093 0.008622515 0.005139519 0.999986529 0.000727484 -0.004055119 -0.039479319 -0.000524019 0.999220252 0.319685936
0.999114215 -0.005111342 0.041767608 0.010913206 0.005245288 0.999981463 -0.003097971 -0.005127013 -0.041750997 0.003314311 0.999122500 0.383441865
0.999049067 -0.006997628 0.043033004 0.014238246 0.007226998 0.999960423 -0.005176814 -0.006176204 -0.042995069 0.005482892 0.999060214 0.451438159
0.998916984 -0.008757686 0.045695778 0.015745485 0.008887886 0.999956965 -0.002646867 -0.007475966 -0.045670632 0.003050140 0.998951912 0.516053319
0.998853147 -0.009863406 0.046849512 0.019071233 0.009834252 0.999951243 0.000852760 -0.008301735 -0.046855636 -0.000391053 0.998901665 0.585434496
0.998769760 -0.010089681 0.048548810 0.021532714 0.009939256 0.999945045 0.003338877 -0.009499802 -0.048579834 -0.002852231 0.998815238 0.653061867
0.998669446 -0.011322379 0.050310086 0.024892129 0.011169184 0.999932110 0.003325117 -0.010292158 -0.050344314 -0.002758770 0.998728096 0.724090517
0.998589575 -0.013376695 0.051380206 0.028720520 0.013295136 0.999909759 0.001928823 -0.011113403 -0.051401366 -0.001242996 0.998677313 0.792006850
0.998525023 -0.011676732 0.053023897 0.031902038 0.011640191 0.999931753 0.000997956 -0.012038759 -0.053031936 -0.000379275 0.998592675 0.862408936
0.998435676 -0.010329399 0.054948606 0.034621019 0.010362973 0.999946237 -0.000326144 -0.013172960 -0.054942280 0.000895065 0.998489261 0.931485832
0.998361230 -0.011525163 0.056053009 0.039239082 0.011583153 0.999932706 -0.000709777 -0.014225839 -0.056041054 0.001357885 0.998427570 1.003825545
0.998214304 -0.010866251 0.058736481 0.040989526 0.010872552 0.999940872 0.000212319 -0.015056973 -0.058735315 0.000426676 0.998273492 1.075518489
0.998116434 -0.011722082 0.060216494 0.044891894 0.011685770 0.999931216 0.000955175 -0.016541637 -0.060223550 -0.000249700 0.998184860 1.146085978
0.997985721 -0.011767288 0.062337238 0.048874225 0.011786995 0.999930501 0.000051632 -0.017074965 -0.062333517 0.000683241 0.998055160 1.219361186
0.997895420 -0.012690106 0.063589491 0.052643701 0.012663153 0.999919474 0.000826905 -0.018980136 -0.063594863 -0.000019921 0.997975767 1.293041825
0.997755110 -0.013661184 0.065559141 0.057802007 0.013595587 0.999906540 0.001446653 -0.019769942 -0.065572761 -0.000552090 0.997847557 1.369429469
0.997638166 -0.014986226 0.067034312 0.063275948 0.014929844 0.999887586 0.001342015 -0.020992503 -0.067046888 -0.000338033 0.997749686 1.446367264
0.997521400 -0.012329744 0.069274426 0.066551149 0.012234206 0.999923527 0.001803221 -0.021958733 -0.069291361 -0.000951234 0.997595966 1.521933436
0.997441649 -0.012886046 0.070313230 0.072643779 0.012702208 0.999914646 0.003061092 -0.023242654 -0.070346668 -0.002160127 0.997520268 1.595415831
0.997363865 -0.011130942 0.071702585 0.078116894 0.010784690 0.999928236 0.005214362 -0.024227137 -0.071755469 -0.004427327 0.997412443 1.671630979
0.997238755 -0.010579439 0.073503830 0.083181836 0.010466031 0.999943376 0.001927920 -0.024503151 -0.073520072 -0.001153304 0.997293055 1.748431563
0.997098684 -0.010314106 0.075416692 0.087590799 0.010204205 0.999946237 0.001842430 -0.026974201 -0.075431630 -0.001067518 0.997150362 1.823729992
0.996982276 -0.010826816 0.076870576 0.091852762 0.010727968 0.999940991 0.001698722 -0.028559256 -0.076884434 -0.000868931 0.997039616 1.900211811
0.996942937 -0.012173235 0.077179410 0.097701654 0.011797664 0.999916196 0.005320329 -0.028884662 -0.077237710 -0.004393528 0.997003019 1.974761486
0.997029066 -0.012439458 0.076014303 0.104046442 0.012141518 0.999916732 0.004380372 -0.030495176 -0.076062456 -0.003444430 0.997097135 2.053615093
0.997137487 -0.011871376 0.074672751 0.107422590 0.011442876 0.999915481 0.006163597 -0.035090063 -0.074739620 -0.005291482 0.997189045 2.126072168
0.997399569 -0.005363989 0.071870603 0.112021156 0.005236338 0.999984384 0.001964401 -0.032384560 -0.071880013 -0.001582953 0.997412026 2.206492424
0.997652054 0.000346437 0.068485945 0.115708210 -0.000370930 0.999999881 0.000344917 -0.032869887 -0.068485811 -0.000369510 0.997652054 2.281727076
0.997899652 -0.000456286 0.064777575 0.118714869 0.000558755 0.999998629 -0.001563733 -0.035386615 -0.064776771 0.001596643 0.997898519 2.357916832
0.998292208 0.000767331 0.058414541 0.124276377 -0.000561358 0.999993622 -0.003542384 -0.037929200 -0.058416881 0.003503542 0.998286128 2.434150934
0.998525918 0.006526934 0.053882506 0.126834542 -0.006065456 0.999943554 -0.008723630 -0.039514877 -0.053936400 0.008383948 0.998509169 2.513957739
0.998815238 0.010438593 0.047530703 0.130122900 -0.009831419 0.999867260 -0.012990276 -0.040593043 -0.047659993 0.012507593 0.998785317 2.591350555
0.999039412 0.014341363 0.041407477 0.131392002 -0.013775980 0.999808371 -0.013907358 -0.042711716 -0.041599002 0.013323570 0.999045551 2.668877840
0.999192894 0.021232953 0.034101196 0.133268744 -0.020808693 0.999702156 -0.012748337 -0.045912266 -0.034361739 0.012028446 0.999337077 2.745076656
0.999375999 0.023750715 0.026148425 0.133277237 -0.023487458 0.999670744 -0.010329388 -0.047915183 -0.026385147 0.009708781 0.999604821 2.820541143
0.999543726 0.025661575 0.015932521 0.133423999 -0.025558122 0.999651074 -0.006663290 -0.050421968 -0.016097955 0.006253045 0.999850810 2.897622824
0.999700785 0.024343332 0.002399119 0.133588806 -0.024336848 0.999700129 -0.002694223 -0.052059680 -0.002463985 0.002635029 0.999993503 2.975466728
0.999668598 0.022774650 -0.011998385 0.131682634 -0.022789774 0.999739766 -0.001125089 -0.053555049 0.011969636 0.001398157 0.999927342 3.051518917
0.999346375 0.022284491 -0.028464284 0.129797280 -0.022354769 0.999747872 -0.002153141 -0.054582171 0.028409120 0.002788046 0.999592423 3.128557920
0.998814225 0.022270121 -0.043292589 0.125540882 -0.022529818 0.999730885 -0.005519906 -0.057577070 0.043158017 0.006488734 0.999047220 3.205671310
0.998039067 0.024825767 -0.057460822 0.119654968 -0.025312463 0.999649465 -0.007757649 -0.059532020 0.057248097 0.009196914 0.998317540 3.281400204
0.997094214 0.026022363 -0.071596272 0.113667056 -0.026781872 0.999594450 -0.009668601 -0.060835846 0.071315646 0.011557987 0.997386754 3.358517647
0.996069133 0.026511963 -0.084517941 0.106420398 -0.027214738 0.999603748 -0.007173590 -0.063322209 0.084294267 0.009445525 0.996396124 3.433540583
0.994773269 0.026521802 -0.098604448 0.098299474 -0.027145065 0.999619007 -0.004984376 -0.064543083 0.098434694 0.007634948 0.995114148 3.509145737
0.993378580 0.023996331 -0.112352803 0.088294089 -0.024407696 0.999699533 -0.002287102 -0.068042539 0.112264141 0.005014231 0.993665695 3.584467888
0.991749823 0.023782825 -0.125962734 0.078509867 -0.024260830 0.999703050 -0.002261875 -0.069549359 0.125871539 0.005299175 0.992032409 3.661270857
0.989855170 0.027264446 -0.139439151 0.066759348 -0.027657002 0.999617040 -0.000877941 -0.070804782 0.139361829 0.004725504 0.990230262 3.737782717
0.987889767 0.031701069 -0.151884571 0.053071380 -0.031696718 0.999494553 0.002450418 -0.072743788 0.151885480 0.002393500 0.988395214 3.812363148
0.985839605 0.034940127 -0.164010525 0.039710820 -0.034453310 0.999389410 0.005812768 -0.074367151 0.164113477 -0.000079752 0.986441433 3.887645721
0.983659923 0.037055448 -0.176181719 0.025257170 -0.036443684 0.999313116 0.006707862 -0.074813500 0.176309243 -0.000177545 0.984334826 3.962457180
0.981254935 0.038755041 -0.188776895 0.009221852 -0.038053267 0.999248683 0.007341851 -0.076122366 0.188919589 -0.000020652 0.981992662 4.037062645
0.978652835 0.040284391 -0.201533705 -0.006542861 -0.039676491 0.999187589 0.007056690 -0.076489486 0.201654270 0.001090100 0.979456127 4.111938000
0.975939870 0.040036239 -0.214332819 -0.024019599 -0.038935337 0.999197900 0.009357288 -0.077872723 0.214535549 -0.000787030 0.976715863 4.188027382
0.973277032 0.041330662 -0.225883842 -0.042640626 -0.039707672 0.999142528 0.011725731 -0.078040004 0.226174742 -0.002443064 0.974083662 4.260086060
0.970148563 0.045029495 -0.238294125 -0.061901808 -0.042688727 0.998976111 0.014977241 -0.077651128 0.238724589 -0.004357676 0.971077561 4.334227562
0.967081606 0.044306189 -0.250579506 -0.081330597 -0.041561667 0.999003947 0.016236514 -0.078478806 0.251049250 -0.005287534 0.967959881 4.407956123
0.964132845 0.042673975 -0.261967033 -0.102242351 -0.039748020 0.999074101 0.016460445 -0.077955112 0.262426883 -0.005457386 0.964936376 4.481115341
0.961067319 0.039736722 -0.273441911 -0.124475360 -0.037178304 0.999202907 0.014533980 -0.078574665 0.273801506 -0.003802030 0.961778760 4.555908203
0.957599938 0.038906351 -0.285462171 -0.146129131 -0.036695525 0.999240637 0.013091671 -0.079512954 0.285754740 -0.002061398 0.958300471 4.626185894
0.953964412 0.038546797 -0.297432393 -0.169365883 -0.036487408 0.999256253 0.012474918 -0.079742432 0.297692031 -0.001048092 0.954661310 4.699691772
0.950590134 0.040405713 -0.307807922 -0.194526553 -0.038417358 0.999183357 0.012519368 -0.080331542 0.308062464 -0.000075624 0.951366127 4.771626949
0.947108269 0.040547587 -0.318342060 -0.219023466 -0.038385436 0.999177635 0.013064794 -0.081419356 0.318609983 -0.000154075 0.947885871 4.844291210
0.943736792 0.041650362 -0.328064024 -0.244687438 -0.040029202 0.999130011 0.011696180 -0.081762612 0.328265786 0.002094025 0.944583058 4.915357590
0.940844715 0.040922310 -0.336357594 -0.272045851 -0.039997656 0.999152839 0.009680366 -0.082300186 0.336468786 0.004345793 0.941684604 4.985888004
0.937604904 0.042204432 -0.345131636 -0.299541712 -0.041846439 0.999087989 0.008490998 -0.081261575 0.345175236 0.006481329 0.938515902 5.054521084
0.934133172 0.042344172 -0.354403883 -0.326639891 -0.041955341 0.999080837 0.008784821 -0.083190992 0.354450196 0.006662943 0.935051143 5.127843857
0.931331694 0.042357892 -0.361700505 -0.355693102 -0.041560762 0.999086082 0.009987072 -0.083677948 0.361793011 0.005731271 0.932240844 5.198336601
0.928068638 0.045581840 -0.369609296 -0.383253694 -0.043659639 0.998954296 0.013568498 -0.085468940 0.369841278 0.003544509 0.929088295 5.267301559
0.924841940 0.049109403 -0.377167881 -0.414126515 -0.046625510 0.998788714 0.015718978 -0.084635191 0.377482951 0.003048070 0.926011443 5.338322163
0.921361864 0.049066622 -0.385596812 -0.442015171 -0.046240769 0.998792291 0.016605122 -0.086107023 0.385945827 0.002530964 0.922517955 5.405643940
0.918184340 0.049280781 -0.393076271 -0.472100139 -0.046637449 0.998779237 0.016278882 -0.086680532 0.393398613 0.003385057 0.919361830 5.473070621
0.914977431 0.050893545 -0.400282502 -0.502423644 -0.048304584 0.998695314 0.016562147 -0.085859030 0.400603145 0.004181486 0.916242123 5.541499138
0.912413418 0.053974353 -0.405695111 -0.537318349 -0.051093999 0.998532891 0.017935390 -0.085160427 0.406067938 0.004364097 0.913832486 5.613642693
0.909464717 0.054665718 -0.412171930 -0.569000602 -0.050971016 0.998500586 0.019961134 -0.085780770 0.412645131 0.002854874 0.910887420 5.679670334
0.906424701 0.056824651 -0.418527395 -0.600834489 -0.052681070 0.998380721 0.021459082 -0.085170008 0.419069141 0.002597425 0.907950699 5.747669220
0.904006004 0.058478963 -0.423501283 -0.634825826 -0.053382624 0.998288155 0.023897529 -0.084171057 0.424173832 0.001004100 0.905580342 5.812753201
0.901135445 0.059111193 -0.429488659 -0.668754101 -0.054001022 0.998250306 0.024087988 -0.083121732 0.430161059 0.001486283 0.902750969 5.877425194
0.897587717 0.058792327 -0.436897874 -0.700938463 -0.053703550 0.998268366 0.024003046 -0.085044131 0.437552512 0.001918126 0.899190784 5.949448109
0.894507885 0.057321806 -0.443361878 -0.734138131 -0.053375956 0.998345435 0.021386039 -0.085265875 0.443854153 0.004534882 0.896087587 6.013704777
0.891596615 0.057407051 -0.449177057 -0.767723203 -0.054681763 0.998322010 0.019049650 -0.086007670 0.449516922 0.007577189 0.893239677 6.075008392
0.889142275 0.056466833 -0.454133749 -0.803059459 -0.054983813 0.998351157 0.016482593 -0.085954785 0.454315662 0.010314635 0.890780985 6.134985447
0.885121584 0.054308288 -0.462179959 -0.835047245 -0.053549327 0.998455942 0.014770799 -0.085740395 0.462268531 0.011675473 0.886663139 6.202505112
0.881837308 0.053398583 -0.468520701 -0.869049430 -0.053825784 0.998472214 0.012489127 -0.084742434 0.468471795 0.014205120 0.883364260 6.262687683
0.878923237 0.049903832 -0.474345595 -0.903784633 -0.051856510 0.998614192 0.008974028 -0.084932297 0.474136084 0.016710425 0.880293071 6.318473816
0.875131965 0.048436660 -0.481454164 -0.936230063 -0.052444942 0.998610556 0.005136763 -0.088751525 0.481034011 0.020754494 0.876456261 6.375641346
0.871167719 0.044902008 -0.488928080 -0.967676878 -0.053932711 0.998534858 -0.004393707 -0.089433357 0.488014460 0.030196873 0.872313023 6.434111118
0.868546426 0.041094981 -0.493901163 -1.002031326 -0.055773541 0.998330653 -0.015014200 -0.091029555 0.492459536 0.040587146 0.869388461 6.486133099
0.865541458 0.040564790 -0.499191880 -1.031132460 -0.059690401 0.997965574 -0.022400711 -0.094585270 0.497267604 0.049185701 0.866201937 6.536462784
0.862899721 0.039057583 -0.503863811 -1.059669971 -0.061639346 0.997699320 -0.028223582 -0.097733945 0.501602232 0.055411953 0.863321960 6.586244583
0.860851467 0.036244106 -0.507564127 -1.088408470 -0.062191881 0.997476339 -0.034252487 -0.100153327 0.505041659 0.061052665 0.860932946 6.634248734
0.859870970 0.031944927 -0.509511113 -1.117389441 -0.061501887 0.997253537 -0.041267969 -0.104150638 0.506793380 0.066821024 0.859473944 6.679280281
0.858781278 0.027584258 -0.511599302 -1.148066044 -0.062364094 0.996752441 -0.050943058 -0.104065880 0.508532703 0.075654373 0.857712626 6.731178284
0.858864486 0.024453992 -0.511618912 -1.175098658 -0.061114360 0.996616542 -0.054958258 -0.106690392 0.508544087 0.078468949 0.857452929 6.774621487
0.860401571 0.021733809 -0.509153187 -1.207231760 -0.056744821 0.996963024 -0.053334676 -0.109783843 0.506447852 0.074781023 0.859021842 6.820073128
0.863172472 0.019465048 -0.504534006 -1.235996008 -0.050915543 0.997518659 -0.048623357 -0.113251954 0.502335727 0.067658961 0.862021565 6.864017487
0.865094185 0.017376982 -0.501308441 -1.256520987 -0.047592215 0.997734845 -0.047543842 -0.117681235 0.499346644 0.064988285 0.863961458 6.912847042
0.870889783 0.015314555 -0.491239756 -1.284305811 -0.045899186 0.997680485 -0.050268922 -0.121000394 0.489330500 0.066326194 0.869572580 6.957707882
0.878327787 0.014273921 -0.477845907 -1.308254600 -0.044509977 0.997654080 -0.052012403 -0.124264896 0.475982428 0.066952847 0.876902461 7.002100945
0.888349175 0.013088781 -0.458982080 -1.333391309 -0.041521609 0.997788191 -0.051910195 -0.126008600 0.457287461 0.065172039 0.886927724 7.047612190
0.899772167 0.012715167 -0.436174870 -1.353304148 -0.035777595 0.998359561 -0.044700805 -0.130625874 0.434890926 0.055825815 0.898751020 7.092438221
0.913030922 0.014071221 -0.407647669 -1.375382781 -0.032093741 0.998784721 -0.037405983 -0.134041876 0.406625837 0.047235765 0.912372828 7.140324116
0.925474405 0.011626975 -0.378631711 -1.390567660 -0.026159316 0.999104321 -0.033259805 -0.134659469 0.377905875 0.040685844 0.924949646 7.186473370
0.939234376 0.012359569 -0.343053967 -1.406724334 -0.024071550 0.999262869 -0.029903080 -0.137799188 0.342431545 0.036343843 0.938839614 7.232369900
0.952583849 0.012741857 -0.304009408 -1.422235370 -0.021850007 0.999407887 -0.026576966 -0.140979737 0.303490758 0.031959392 0.952298284 7.280638695
0.964381695 0.011442329 -0.264266849 -1.433944941 -0.018369332 0.999549031 -0.023755832 -0.142310873 0.263875812 0.027764101 0.964156926 7.328578472
0.974836648 0.009553418 -0.222715497 -1.443445683 -0.014644658 0.999667525 -0.021219488 -0.144201338 0.222438708 0.023947127 0.974652469 7.376383781
0.983604550 0.006760831 -0.180211082 -1.449977040 -0.010629310 0.999733210 -0.020509379 -0.145844087 0.180024296 0.022088643 0.983414114 7.424866676
0.990808427 0.009758863 -0.134919554 -1.456558347 -0.012366405 0.999752343 -0.018502098 -0.149264172 0.134705588 0.020000504 0.990683913 7.470900059
0.995937109 0.013615739 -0.089015953 -1.460772753 -0.015268532 0.999722898 -0.017912852 -0.150506109 0.088747397 0.019199219 0.995869100 7.519070148
0.998996079 0.012180752 -0.043109365 -1.462418199 -0.012860788 0.999796689 -0.015532705 -0.151638597 0.042911395 0.016071536 0.998949587 7.569827557
0.999941766 0.010509701 0.002458915 -1.461452842 -0.010484738 0.999895513 -0.009954162 -0.153369144 -0.002563268 0.009927806 0.999947369 7.621520996
0.998829007 0.010435442 0.047241386 -1.456658483 -0.010163802 0.999930441 -0.005986610 -0.155973598 -0.047300566 0.005499448 0.998865545 7.668378830
0.995494187 0.014667324 0.093681931 -1.451146841 -0.014219834 0.999884069 -0.005442505 -0.157292292 -0.093750894 0.004085840 0.995587409 7.717907906
0.989987195 0.016123353 0.140233383 -1.444763064 -0.015524544 0.999865115 -0.005363034 -0.158744901 -0.140300930 0.003132275 0.990103960 7.768804073
0.982725501 0.015371936 0.184429944 -1.433787823 -0.014304729 0.999872386 -0.007115719 -0.160333544 -0.184515759 0.004354578 0.982819915 7.819474220
0.973441780 0.011827751 0.228628978 -1.421660781 -0.010493832 0.999920070 -0.007049294 -0.161550879 -0.228694081 0.004462883 0.973488092 7.869282722
0.962922394 0.007345971 0.269678473 -1.405456185 -0.005689918 0.999959767 -0.006922045 -0.162412643 -0.269718528 0.005130942 0.962925494 7.919792652
0.951139450 0.003222380 0.308744878 -1.388595343 -0.001600947 0.999983549 -0.005504879 -0.164275318 -0.308757544 0.004741623 0.951128960 7.969434738
0.938802958 -0.000625050 0.344454139 -1.368425131 0.002735703 0.999980330 -0.005641532 -0.165506124 -0.344443828 0.006238611 0.938786209 8.019469261
0.926184595 -0.002904226 0.377059251 -1.346798182 0.005588154 0.999966264 -0.006024342 -0.167489186 -0.377029061 0.007686717 0.926169455 8.070266724
0.913577735 -0.006845554 0.406606644 -1.322937727 0.011201983 0.999902546 -0.008334825 -0.168548808 -0.406509966 0.012169309 0.913565218 8.120306969
0.901495457 -0.009682764 0.432680219 -1.297648430 0.016040459 0.999810338 -0.011046202 -0.169697449 -0.432491124 0.016898490 0.901479781 8.171987534
0.890761673 -0.014340282 0.454244375 -1.269799232 0.022540508 0.999665976 -0.012642380 -0.171259820 -0.453911304 0.021500245 0.890787423 8.222324371
0.881112397 -0.018388988 0.472549260 -1.241099834 0.028231913 0.999506891 -0.013745789 -0.173071727 -0.472063422 0.025452554 0.881196976 8.273619652
0.872316420 -0.019412741 0.488556236 -1.211116552 0.029993953 0.999454260 -0.013840927 -0.174851745 -0.488020867 0.026727399 0.872422576 8.327330589
0.864129126 -0.020684540 0.502844989 -1.179791451 0.032439530 0.999366522 -0.014637706 -0.175765276 -0.502223611 0.028960921 0.864252687 8.381274223
0.856828094 -0.020359997 0.515199959 -1.147097111 0.032354698 0.999373972 -0.014315150 -0.179618150 -0.514585972 0.028934764 0.856950343 8.434061050
0.849121332 -0.021025127 0.527779162 -1.111985922 0.034298979 0.999293387 -0.015373332 -0.179741219 -0.527082980 0.031156112 0.849242508 8.491058350
0.842349470 -0.021521475 0.538501799 -1.076409101 0.036032856 0.999215603 -0.016430145 -0.181979597 -0.537725747 0.033243679 0.842464268 8.545786858
0.837105632 -0.022959394 0.546559274 -1.038773775 0.038030129 0.999144018 -0.016275438 -0.183432013 -0.545717776 0.034409981 0.837262213 8.603708267
0.834353030 -0.024751697 0.550674558 -1.000681162 0.040389668 0.999051154 -0.016290981 -0.185207725 -0.549748838 0.035833985 0.834561050 8.661585808
0.834208071 -0.027893867 0.550743997 -0.961824656 0.043677729 0.998924315 -0.015565205 -0.187258437 -0.549717367 0.037039861 0.834529102 8.721010208
0.836304188 -0.029476030 0.547472835 -0.922624111 0.044574793 0.998903573 -0.014310070 -0.188583910 -0.546450734 0.036371060 0.836701095 8.782127380
0.838966191 -0.028224351 0.543451130 -0.883111954 0.042176038 0.999022722 -0.013225668 -0.190041065 -0.542546749 0.034016512 0.839336574 8.845643997
0.840622604 -0.024913106 0.541048229 -0.845039845 0.038090087 0.999187469 -0.013171695 -0.192437708 -0.540280402 0.031681001 0.840888381 8.908943176
0.841895163 -0.020697068 0.539244115 -0.803371429 0.033746302 0.999327779 -0.014330605 -0.194490358 -0.538584888 0.030262358 0.842027724 8.973495483
0.842721879 -0.019755205 0.537986577 -0.762868643 0.032623991 0.999363899 -0.014406145 -0.197292954 -0.537359715 0.029691642 0.842830360 9.037721634
0.843075514 -0.019121122 0.537455082 -0.722547531 0.031484764 0.999408543 -0.013832269 -0.199865788 -0.536872685 0.028583296 0.843178868 9.103814125
0.844005704 -0.018038766 0.536030769 -0.679716349 0.030602502 0.999425709 -0.014551923 -0.201261625 -0.535460413 0.028685788 0.844073057 9.173502922
0.844847083 -0.018179441 0.534699082 -0.637610197 0.031622872 0.999372065 -0.015987430 -0.203133345 -0.534072578 0.030415647 0.844891369 9.242004395
0.845951796 -0.017777000 0.532963097 -0.593793869 0.031212023 0.999381423 -0.016207252 -0.206067890 -0.532345295 0.030345414 0.845983326 9.311162949
0.846646428 -0.015798673 0.531921446 -0.552271366 0.029165834 0.999434352 -0.016738197 -0.208182722 -0.531356215 0.029685257 0.846628249 9.380836487
0.847761214 -0.015613595 0.530148208 -0.508826733 0.029732598 0.999393702 -0.018111946 -0.210159555 -0.529544055 0.031117285 0.847711504 9.451269150
0.848777592 -0.014632564 0.528547645 -0.465014935 0.030403949 0.999313653 -0.021159245 -0.212980941 -0.527875245 0.034029424 0.848640025 9.522750854
0.849708140 -0.011540603 0.527126968 -0.422004700 0.027907629 0.999343395 -0.023106996 -0.216869071 -0.526513994 0.034345068 0.849472344 9.595474243
0.850773692 -0.009293522 0.525450051 -0.378185749 0.027211454 0.999281406 -0.026384899 -0.220300213 -0.524827242 0.036745835 0.850415289 9.668462753
0.852044463 -0.008590818 0.523398936 -0.334112167 0.027213668 0.999240160 -0.027900260 -0.224426717 -0.522761583 0.038015865 0.851630926 9.741301537
0.853254735 -0.006149447 0.521458089 -0.289754868 0.025165236 0.999251068 -0.029393570 -0.228320673 -0.520886838 0.038202818 0.852770448 9.816043854
0.854541481 -0.006252826 0.519345582 -0.244936943 0.024641426 0.999289632 -0.028514221 -0.232167810 -0.518798351 0.037163995 0.854088485 9.891530991
0.855968118 -0.007318743 0.516976714 -0.200848103 0.024262711 0.999366760 -0.026024386 -0.236261517 -0.516458869 0.034819305 0.855603755 9.968314171
0.857636452 -0.009390317 0.514170706 -0.157358646 0.025295271 0.999393284 -0.023940552 -0.240177244 -0.513633907 0.033538371 0.857353747 10.040542603
0.860428751 -0.009947957 0.509473801 -0.112484455 0.025272584 0.999412119 -0.023167336 -0.243625522 -0.508943677 0.032809552 0.860174239 10.115607262
0.863515139 -0.012071455 0.504178464 -0.067950726 0.025819631 0.999460757 -0.020291828 -0.246885687 -0.503661573 0.030539999 0.863361120 10.191637993
0.866680264 -0.011197783 0.498738259 -0.023921013 0.023364261 0.999562144 -0.018158767 -0.250292629 -0.498316407 0.027390493 0.866562426 10.268791199
0.869720101 -0.011559887 0.493409932 0.018426895 0.023367327 0.999569058 -0.017770480 -0.253654927 -0.492991835 0.026985008 0.869615376 10.345731735
0.872889638 -0.008036625 0.487851441 0.060814381 0.020480422 0.999586642 -0.020177962 -0.255467117 -0.487487584 0.027604539 0.872693419 10.426465034
0.877422333 -0.009892271 0.479616910 0.103586674 0.023059895 0.999501407 -0.021571232 -0.258754015 -0.479164392 0.029986992 0.877212703 10.504248619
0.882963955 -0.011695499 0.469294906 0.146046162 0.024812762 0.999454916 -0.021776607 -0.262415946 -0.468784422 0.030872470 0.882772863 10.582124710
0.889104187 -0.012115174 0.457544476 0.185247421 0.025782235 0.999388039 -0.023637773 -0.265159935 -0.456978142 0.032812960 0.888872385 10.660343170
0.895509660 -0.014732615 0.444798231 0.225013733 0.029002458 0.999259293 -0.025293002 -0.269348204 -0.444096029 0.035550363 0.895273745 10.741665840
0.902545929 -0.014296348 0.430356234 0.263775587 0.028507145 0.999239862 -0.026590830 -0.273580432 -0.429648966 0.036267672 0.902267456 10.822720528
0.909591436 -0.014742321 0.415242255 0.299252987 0.028306019 0.999247253 -0.026528344 -0.277724087 -0.414538592 0.035883807 0.909323990 10.902143478
0.916261613 -0.015681410 0.400273502 0.336126089 0.028813329 0.999225318 -0.026809881 -0.283682257 -0.399543017 0.036098070 0.916003525 10.987059593
0.922205389 -0.008824235 0.386599690 0.367911339 0.021762334 0.999339521 -0.029102299 -0.284626096 -0.386087477 0.035251603 0.921788335 11.069529533
0.927309811 -0.007688109 0.374215662 0.399329424 0.019906452 0.999387085 -0.028796360 -0.289482385 -0.373764932 0.034152452 0.926894426 11.153165817
0.931956112 -0.005451085 0.362529874 0.430609465 0.015260444 0.999590635 -0.024199970 -0.292873085 -0.362249553 0.028085683 0.931657910 11.237919807
0.936642468 -0.005454769 0.350244433 0.462404490 0.014027988 0.999660730 -0.021945506 -0.296004951 -0.350005895 0.025468310 0.936401188 11.323150635
0.941231430 -0.003719957 0.337741762 0.492798567 0.012380508 0.999647319 -0.023492143 -0.298473030 -0.337535262 0.026292957 0.940945566 11.410314560
0.945239365 -0.004692967 0.326344222 0.520923376 0.013524676 0.999600947 -0.024798850 -0.302239716 -0.326097667 0.027854552 0.944925547 11.498378754
0.949464679 -0.003082699 0.313858718 0.548602343 0.011682205 0.999606013 -0.025522191 -0.306034803 -0.313656300 0.027898978 0.949126601 11.581617355
0.953364968 -0.003688135 0.301797152 0.574788809 0.012164546 0.999582410 -0.026211843 -0.311376899 -0.301574409 0.028660679 0.953011751 11.669180870
0.957398057 -0.002576286 0.288759887 0.603723288 0.011383553 0.999519706 -0.028825138 -0.315028995 -0.288546890 0.030884249 0.956967473 11.761745453
0.960993767 -0.003519399 0.276547790 0.630039930 0.012284946 0.999475300 -0.029970236 -0.319731474 -0.276297241 0.032198582 0.960532725 11.848536491
0.963756502 -0.003785393 0.266756624 0.650084972 0.012536866 0.999437213 -0.031111581 -0.323067635 -0.266488820 0.033328276 0.963261604 11.936152458
0.966291487 -0.005424872 0.257393450 0.673976183 0.013595168 0.999458134 -0.029973421 -0.326585174 -0.257091433 0.032462366 0.965841651 12.027871132
0.968412101 -0.008573666 0.249207497 0.696965694 0.015993804 0.999486446 -0.027765330 -0.330698848 -0.248841509 0.030874059 0.968051910 12.118432999
0.970044851 -0.009689833 0.242732465 0.719341993 0.016771663 0.999491274 -0.027126005 -0.335396498 -0.242346108 0.030384466 0.969713926 12.210015297
0.971121550 -0.008010277 0.238450631 0.740782976 0.015142279 0.999490619 -0.028093020 -0.338255912 -0.238104165 0.030892421 0.970748127 12.303440094
0.971972883 -0.007700545 0.234966531 0.762647629 0.014126645 0.999570429 -0.025678040 -0.343697816 -0.234667897 0.028277652 0.971664131 12.394785881
0.972325027 -0.007271270 0.233519018 0.783976316 0.013517661 0.999592006 -0.025159657 -0.348758221 -0.233240813 0.027619997 0.972026646 12.487930298
0.972602487 -0.006213133 0.232391119 0.804879189 0.012507259 0.999593437 -0.025620535 -0.353615671 -0.232137486 0.027825173 0.972284913 12.579704285
0.972957075 -0.005421816 0.230922088 0.826556444 0.011996292 0.999561369 -0.027075969 -0.357484877 -0.230673999 0.029113967 0.972595453 12.673900604
0.973237276 -0.004318528 0.229761839 0.845666647 0.011096916 0.999540150 -0.028217874 -0.360837936 -0.229534373 0.030012334 0.972837687 12.766246796
0.974154115 -0.006371710 0.225794151 0.868570089 0.013021750 0.999523759 -0.027974673 -0.365087807 -0.225508362 0.030191880 0.973773301 12.861639977
0.974921525 -0.008398974 0.222390220 0.889963865 0.014390521 0.999575436 -0.025334843 -0.369229078 -0.222082987 0.027899798 0.974628508 12.955924988
0.975624621 -0.013329683 0.219040558 0.910777092 0.018908888 0.999547422 -0.023394423 -0.373239875 -0.218629584 0.026965993 0.975435257 13.051793098
0.976391137 -0.017252734 0.215320274 0.933254719 0.023258448 0.999407053 -0.025389319 -0.377520740 -0.214754552 0.029797923 0.976213396 13.148190498
0.976762474 -0.016079627 0.213720620 0.952618361 0.023157416 0.999261677 -0.030654687 -0.381460488 -0.213069916 0.034891568 0.976413786 13.243892670
0.977051556 -0.017508617 0.212282255 0.973546863 0.024830325 0.999183416 -0.031873535 -0.385579199 -0.211550876 0.036413122 0.976688445 13.341696739
0.977010608 -0.017721454 0.212452680 0.992247939 0.024451684 0.999277651 -0.029093098 -0.389667034 -0.211783618 0.033619091 0.976738155 13.439126015
0.977128625 -0.017648587 0.211915463 1.012904286 0.023440463 0.999416351 -0.024849815 -0.393641442 -0.211353227 0.029248865 0.976971924 13.538262367
0.977066994 -0.022971321 0.211689532 1.033994675 0.027737439 0.999423623 -0.019572318 -0.398771405 -0.211117893 0.024995195 0.977140903 13.637713432
0.976927161 -0.027226008 0.211830109 1.055011034 0.032104321 0.999291837 -0.019623503 -0.400961936 -0.211145878 0.025971401 0.977109432 13.737070084
0.976799369 -0.031948701 0.211759299 1.076780319 0.037344288 0.999070466 -0.021528568 -0.404889792 -0.210874677 0.028937096 0.977084696 13.837369919
0.976626575 -0.035162516 0.212047890 1.099817395 0.041226149 0.998855710 -0.024241049 -0.408474982 -0.210952908 0.032416366 0.976958573 13.939274788
0.976217568 -0.036932591 0.213624001 1.120289445 0.042884495 0.998808384 -0.023293337 -0.413734943 -0.212509185 0.031900521 0.976638198 14.040238380
0.976122081 -0.034097075 0.214529708 1.142822146 0.039738234 0.998966992 -0.022036590 -0.416905284 -0.213556737 0.030035436 0.976468861 14.142761230
0.975640893 -0.029293967 0.217409149 1.164001107 0.035011668 0.999133766 -0.022493152 -0.419773281 -0.216561913 0.029557094 0.975821376 14.245506287
0.975208819 -0.023080992 0.220079392 1.187177777 0.028613146 0.999348879 -0.021982217 -0.423614621 -0.219428718 0.027734417 0.975234330 14.345936775
0.973555565 -0.018173505 0.227726340 1.206482172 0.023235256 0.999538541 -0.019566001 -0.428598464 -0.227265641 0.024339873 0.973528564 14.451744080
0.972363412 -0.011399192 0.233194023 1.230312824 0.016168712 0.999697208 -0.018551605 -0.432315171 -0.232911915 0.021809351 0.972253203 14.556743622
0.970691383 -0.007788781 0.240203023 1.254476547 0.012950242 0.999717772 -0.019916926 -0.436965227 -0.239980102 0.022443881 0.970518291 14.660579681
0.968888760 -0.003640779 0.247470170 1.279482126 0.009615663 0.999690711 -0.022939548 -0.440766424 -0.247310132 0.024605464 0.968623877 14.764737129
0.967013061 -0.001741822 0.254720539 1.306794643 0.008356053 0.999655366 -0.024886850 -0.443665922 -0.254589438 0.026194371 0.966694415 14.870490074
0.964740872 -0.004109306 0.263169467 1.333224535 0.010287166 0.999702811 -0.022101210 -0.449078977 -0.263000488 0.024029206 0.964496434 14.975040436
0.962391138 -0.008652838 0.271529853 1.362137556 0.014051548 0.999740243 -0.017944600 -0.453084826 -0.271304041 0.021085143 0.962262690 15.080315590
0.959982991 -0.013945983 0.279710919 1.392690182 0.019789601 0.999640703 -0.018078338 -0.456972003 -0.279358298 0.022890264 0.959914029 15.185793877
0.957134902 -0.019650029 0.288975090 1.421471834 0.026205197 0.999479175 -0.018832490 -0.461216271 -0.288454533 0.025597883 0.957151353 15.289647102
0.955209970 -0.022616101 0.295063376 1.456730604 0.031113774 0.999224365 -0.024135917 -0.464706451 -0.294288665 0.032235403 0.955172777 15.394530296
0.953246295 -0.022474689 0.301357359 1.490483999 0.031772014 0.999157310 -0.025985105 -0.468771756 -0.300519466 0.034344941 0.953157067 15.499344826
0.951262474 -0.025759531 0.307304353 1.525837898 0.034039032 0.999186754 -0.021612046 -0.473555446 -0.306497723 0.031019069 0.951365888 15.603761673
0.948543787 -0.025351107 0.315629542 1.560022116 0.032652061 0.999307096 -0.017863888 -0.476264685 -0.314958006 0.027250633 0.948714316 15.713411331
0.946420968 -0.029164357 0.321615875 1.595757723 0.035463210 0.999276519 -0.013742710 -0.478951275 -0.320982367 0.024411920 0.946770430 15.819667816
0.944574893 -0.035863381 0.326331109 1.631795883 0.041862905 0.999058545 -0.011378091 -0.483528614 -0.325615853 0.024408624 0.945187032 15.925418854
0.943501353 -0.036433320 0.329359710 1.666592360 0.043810096 0.998927295 -0.015000773 -0.486773074 -0.328459889 0.028582526 0.944085419 16.029972076
0.942793071 -0.037512757 0.331261367 1.705707312 0.046677455 0.998714864 -0.019750686 -0.489936382 -0.330094635 0.034083258 0.943332314 16.136798859
0.942097008 -0.030676313 0.333934635 1.740044594 0.039288003 0.999046087 -0.019063786 -0.494310856 -0.333031297 0.031079562 0.942403436 16.243387222
0.941565514 -0.029013675 0.335577965 1.777694702 0.037455991 0.999123037 -0.018711111 -0.498263866 -0.334740818 0.030187143 0.941826582 16.349431992
0.941235602 -0.023064405 0.336962283 1.814162254 0.030900188 0.999361992 -0.017909033 -0.502254963 -0.336334169 0.027268818 0.941347837 16.455318451
0.940857410 -0.023493066 0.337987214 1.851774931 0.031150250 0.999365866 -0.017248506 -0.505990267 -0.337367684 0.026756771 0.940992653 16.561374664
0.940570474 -0.023245309 0.338801980 1.887458801 0.029775761 0.999457300 -0.014089365 -0.509741306 -0.338290602 0.023340128 0.940752208 16.666725159
0.940620184 -0.024018755 0.338609964 1.926277637 0.030179841 0.999460697 -0.012941040 -0.513237417 -0.338116556 0.022391800 0.940837741 16.773466110
0.940946758 -0.024420371 0.337672770 1.965169430 0.030637758 0.999444723 -0.013094585 -0.517297864 -0.337165475 0.022666844 0.941172481 16.880250931
0.940873563 -0.022787744 0.337990552 2.003118277 0.029167065 0.999479115 -0.013807025 -0.520736575 -0.337499857 0.022848854 0.941048145 16.987886429
0.940920353 -0.021319242 0.337956041 2.041155100 0.027819386 0.999509156 -0.014401423 -0.523310244 -0.337483168 0.022952324 0.941051602 17.096191406
0.940674424 -0.018369885 0.338812768 2.078706503 0.024162393 0.999625087 -0.012886026 -0.528729379 -0.338448972 0.020308085 0.940765560 17.205142975
0.939890623 -0.019089056 0.340941608 2.114083052 0.024501510 0.999632776 -0.011575870 -0.532106042 -0.340595394 0.019233635 0.940013170 17.307111740
0.939201891 -0.019456180 0.342813551 2.156191349 0.024236137 0.999659657 -0.009664366 -0.535150170 -0.342508823 0.017385270 0.939353764 17.423906326
0.938952267 -0.021806046 0.343355656 2.195787430 0.026737686 0.999596000 -0.009634831 -0.538763762 -0.343006849 0.018227186 0.939156055 17.531671524
0.938247681 -0.020983564 0.345327288 2.235409260 0.026411764 0.999590337 -0.011020865 -0.541953087 -0.344954580 0.019461002 0.938417614 17.643589020
0.937752426 -0.019944483 0.346731097 2.274481058 0.025595624 0.999603570 -0.011726026 -0.544902802 -0.346359789 0.019870911 0.937891245 17.751653671
0.937377632 -0.017434612 0.347878098 2.314162254 0.022816356 0.999674916 -0.011379257 -0.548485994 -0.347566575 0.018603969 0.937470675 17.864833832
0.937521160 -0.017214015 0.347502053 2.353918791 0.022012688 0.999709010 -0.009865704 -0.552174985 -0.347231150 0.016898759 0.937627316 17.972829819
0.937693954 -0.018445535 0.346972704 2.396602631 0.023141064 0.999688208 -0.009393968 -0.555178404 -0.346691281 0.016837988 0.937828183 18.087585449
0.938050926 -0.020857489 0.345869035 2.437096357 0.025692899 0.999625683 -0.009401146 -0.559227467 -0.345543474 0.017705135 0.938235700 18.196783066
0.937967420 -0.020293301 0.346128941 2.476950645 0.025768764 0.999604881 -0.011224074 -0.562339544 -0.345764399 0.019447127 0.938119769 18.310386658
0.938225150 -0.019595610 0.345470071 2.517242432 0.025141058 0.999616861 -0.011578059 -0.565785050 -0.345110804 0.019548306 0.938358366 18.421377182
0.938074827 -0.018576089 0.345934242 2.556837082 0.023781640 0.999658704 -0.010809010 -0.569777906 -0.345615387 0.018366540 0.938196421 18.536046982
0.937814653 -0.016633939 0.346737623 2.595824480 0.021665702 0.999708652 -0.010640088 -0.572220922 -0.346459687 0.017490743 0.937901735 18.648954391
0.938188076 -0.017106395 0.345702827 2.637612820 0.022178786 0.999696493 -0.010722132 -0.575861931 -0.345414579 0.017726647 0.938282788 18.761707306
0.938033521 -0.016564431 0.346148342 2.678561926 0.021707781 0.999704003 -0.010986899 -0.579715490 -0.345863938 0.017820193 0.938115418 18.876781464
0.938211083 -0.018116932 0.345589280 2.719814301 0.023090400 0.999680519 -0.010279600 -0.585868001 -0.345292717 0.017624227 0.938329577 18.989574432
0.938534021 -0.017721094 0.344731539 2.762088299 0.023207972 0.999661028 -0.011795789 -0.588966429 -0.344405770 0.019071268 0.938627183 19.103555679
0.937632024 -0.018541612 0.347134829 2.798147917 0.023849688 0.999654830 -0.011024594 -0.593320489 -0.346810549 0.018616069 0.937750459 19.215671539
0.938061595 -0.018997183 0.345947325 2.841682673 0.024269860 0.999645948 -0.010915436 -0.595449448 -0.345617443 0.018635446 0.938190460 19.330049515
0.938062191 -0.020179436 0.345878750 2.882966995 0.025091249 0.999637842 -0.009728911 -0.599434912 -0.345557153 0.017804857 0.938228786 19.443790436
0.938062668 -0.021041267 0.345826000 2.924442768 0.025821785 0.999624074 -0.009221668 -0.602548480 -0.345501930 0.017580349 0.938253343 19.558979034
0.937744617 -0.023333516 0.346540838 2.966485977 0.028358845 0.999553263 -0.009436886 -0.606101096 -0.346165836 0.018676890 0.937987328 19.672592163
0.937607467 -0.025247589 0.346777618 3.007766485 0.031280857 0.999440849 -0.011810712 -0.608919621 -0.346285552 0.021921307 0.937873006 19.784784317
0.937159419 -0.026205234 0.347915918 3.047146559 0.033187922 0.999349415 -0.014124663 -0.612509191 -0.347319454 0.024783671 0.937419295 19.896034241
0.937023044 -0.027937744 0.348148406 3.090275764 0.034865934 0.999298811 -0.013649434 -0.616270900 -0.347522944 0.024928354 0.937340081 20.009464264
0.936388671 -0.025487969 0.350038022 3.130741596 0.032088716 0.999399543 -0.013069563 -0.620014668 -0.349494815 0.023470463 0.936644256 20.121498108
0.935225070 -0.021900387 0.353375763 3.170204639 0.028272312 0.999517202 -0.012879091 -0.623042226 -0.352923125 0.022035597 0.935392797 20.233665466
0.934713542 -0.018675029 0.354910851 3.213270187 0.024154725 0.999647558 -0.011014897 -0.626842439 -0.354580015 0.018868549 0.934835255 20.348497391
0.933058083 -0.020473195 0.359142751 3.253996849 0.025260333 0.999643564 -0.008641290 -0.630339444 -0.358837813 0.017134886 0.933242619 20.461126328
0.932517886 -0.020017523 0.360568583 3.297486305 0.025017757 0.999644637 -0.009205175 -0.633648872 -0.360256195 0.017604606 0.932687283 20.574838638
0.931328714 -0.016636761 0.363799572 3.338749886 0.022888729 0.999655008 -0.012880467 -0.635576725 -0.363459826 0.020322859 0.931388140 20.690298080
0.931169033 -0.018503590 0.364117920 3.385004997 0.024895849 0.999607205 -0.012869246 -0.640519023 -0.363736719 0.021048469 0.931263924 20.802423477
0.930612445 -0.016595623 0.365630001 3.428711891 0.023323536 0.999629974 -0.013991422 -0.643747985 -0.365262657 0.021548372 0.930655122 20.916296005
0.930121660 -0.018256795 0.366797447 3.472188473 0.024814775 0.999605238 -0.013171229 -0.646910667 -0.366412252 0.021352841 0.930207551 21.029855728
0.929757297 -0.022080339 0.367510289 3.515772343 0.027784575 0.999561429 -0.010237135 -0.648831785 -0.367123067 0.019729167 0.929963052 21.141040802
0.929224253 -0.022962606 0.368801922 3.559372425 0.028170396 0.999564886 -0.008741823 -0.652331114 -0.368440777 0.018512409 0.929466844 21.254455566
0.928693354 -0.026145227 0.369925678 3.600579262 0.031992041 0.999441266 -0.009678106 -0.654999375 -0.369465917 0.020822670 0.929010928 21.361450195
0.928860605 -0.028613020 0.369322747 3.646422863 0.034583110 0.999356091 -0.009553424 -0.657919645 -0.368811607 0.021646131 0.929252088 21.473657608
