0.999913096 0.001008634 0.013140080 0.000618665 -0.001017399 0.999999285 0.000660338 -0.000934709 -0.013139405 -0.000673649 0.999913394 0.056365084
0.999716401 0.000831201 0.023800641 0.001953638 -0.000890796 0.999996483 0.002493411 -0.001850917 -0.023798486 -0.002513906 0.999713719 0.113451213
0.999470413 -0.001744155 0.032493614 0.003969764 0.001631474 0.999992549 0.003493979 -0.002128050 -0.032499470 -0.003439116 0.999465883 0.174983680
0.999326825 -0.004042326 0.036462057 0.006421133 0.003905612 0.999985099 0.003819948 -0.003151562 -0.036476947 -0.003674970 0.999327660 0.229409724
0.999207914 -0.004831338 0.039497446 0.008713342 0.004782136 0.999987602 0.001340056 -0.003928867 -0.039503429 -0.001150112 0.999218762 0.288031816
0.999110997 -0.005086801 0.041849572 0.011173107 0.005219074 0.999981701 -0.003052039 -0.004470121 -0.041833285 0.003267742 0.999119282 0.347732663
0.999029279 -0.006705397 0.043537538 0.014109431 0.006931193 0.999963284 -0.005037352 -0.005395390 -0.043502167 0.005334228 0.999039173 0.409698486
0.998929679 -0.008372614 0.045490712 0.016464379 0.008498743 0.999960542 -0.002579933 -0.006470652 -0.045467325 0.002963786 0.998961449 0.468479425
0.998845756 -0.009248019 0.047134157 0.019371811 0.009224720 0.999957144 0.000711822 -0.007218822 -0.047138732 -0.000276201 0.998888314 0.532392919
0.998788893 -0.009916730 0.048191153 0.022253506 0.009770025 0.999946833 0.003278849 -0.008282563 -0.048221115 -0.002804049 0.998832703 0.592195988
0.998694956 -0.011289051 0.049808875 0.025167307 0.011147424 0.999932945 0.003120271 -0.008853909 -0.049840763 -0.002560959 0.998753846 0.656631708
0.998604357 -0.012637760 0.051278435 0.028517541 0.012559049 0.999919355 0.001856956 -0.009511618 -0.051297773 -0.001210356 0.998682678 0.718205571
0.998534083 -0.011855096 0.052810915 0.031616472 0.011838197 0.999929786 0.000632813 -0.010525608 -0.052814707 -0.000006699 0.998604357 0.783554554
0.998471320 -0.010515690 0.054262627 0.035991803 0.010589006 0.999943376 -0.001063795 -0.011126834 -0.054248370 0.001636756 0.998526096 0.850341678
0.998358727 -0.010535022 0.056292649 0.038206469 0.010579463 0.999943912 -0.000491456 -0.012783118 -0.056284316 0.001086195 0.998414338 0.910272479
0.998260140 -0.010825069 0.057961006 0.041531432 0.010843843 0.999941230 -0.000009403 -0.013007833 -0.057957496 0.000637906 0.998318911 0.977800190
0.998160779 -0.010794715 0.059653435 0.046065673 0.010755226 0.999941707 0.000983023 -0.014845527 -0.059660576 -0.000339629 0.998218596 1.043284297
0.998035491 -0.012703651 0.061350279 0.049775839 0.012721175 0.999919116 0.000104922 -0.015574946 -0.061346646 0.000675732 0.998116195 1.111294985
0.997879326 -0.012445298 0.063890286 0.053031988 0.012441651 0.999922514 0.000454978 -0.017221086 -0.063890994 0.000340888 0.997956812 1.181422114
0.997789919 -0.012873902 0.065188803 0.057755634 0.012788755 0.999916732 0.001723267 -0.017703716 -0.065205544 -0.000885775 0.997871459 1.246477008
0.997644544 -0.013466678 0.067261331 0.061459988 0.013377087 0.999908924 0.001782177 -0.018822026 -0.067279197 -0.000878218 0.997733831 1.314420700
0.997563243 -0.012485942 0.068641394 0.066228360 0.012358124 0.999921024 0.002286453 -0.019844316 -0.068664521 -0.001432603 0.997638762 1.384016752
0.997474015 -0.012526589 0.069918714 0.071850955 0.012350208 0.999919355 0.002954383 -0.020322163 -0.069950074 -0.002083410 0.997548342 1.451193452
0.997397721 -0.009441200 0.071475789 0.076460056 0.009064175 0.999943197 0.005597391 -0.021641195 -0.071524568 -0.004934956 0.997426629 1.519851327
0.997259319 -0.010279182 0.073268324 0.080921240 0.010109268 0.999945283 0.002689563 -0.022968994 -0.073291950 -0.001941502 0.997308671 1.589214683
0.997118831 -0.009454196 0.075264297 0.085963532 0.009354054 0.999954820 0.001682956 -0.023191236 -0.075276807 -0.000974080 0.997162163 1.658048153
0.997047424 -0.009352253 0.076217689 0.090859883 0.009276947 0.999956071 0.001342061 -0.024103409 -0.076226898 -0.000631031 0.997090340 1.726471186
0.996982396 -0.010080464 0.076971471 0.096329287 0.009668865 0.999936938 0.005718241 -0.025530424 -0.077024259 -0.004956758 0.997016907 1.798982501
0.997016430 -0.010533435 0.076467484 0.100572452 0.010214992 0.999937475 0.004554401 -0.026422627 -0.076510675 -0.003759699 0.997061670 1.866129637
0.997194886 -0.011540241 0.073954284 0.105366029 0.011226432 0.999926209 0.004657562 -0.028200116 -0.074002571 -0.003814254 0.997250676 1.936425924
0.997420311 -0.008663585 0.071259372 0.108918853 0.008461916 0.999959230 0.003131475 -0.030069346 -0.071283594 -0.002520406 0.997452974 2.003988981
0.997705996 -0.001672284 0.067674942 0.113273054 0.001598132 0.999998033 0.001149840 -0.030232074 -0.067676730 -0.001039049 0.997706771 2.073253393
0.997952163 0.000206796 0.063962616 0.116592132 -0.000085295 0.999998212 -0.001902293 -0.030735835 -0.063962884 0.001892943 0.997950494 2.143293381
0.998355329 0.001655650 0.057305604 0.121914439 -0.001461464 0.999993086 -0.003430383 -0.033492886 -0.057310887 0.003340992 0.998350799 2.212426662
0.998529553 0.006387943 0.053832758 0.121751063 -0.005937088 0.999945939 -0.008530894 -0.034450751 -0.053884350 0.008198739 0.998513520 2.280838251
0.998824775 0.009540306 0.047519576 0.124534905 -0.008952182 0.999880910 -0.012573948 -0.035789490 -0.047633868 0.012133768 0.998791158 2.349413157
0.999023914 0.014527737 0.041717030 0.125674605 -0.013973884 0.999810696 -0.013537503 -0.037880599 -0.041905805 0.012941340 0.999037802 2.419253349
0.999191940 0.020211488 0.034745183 0.127014816 -0.019797198 0.999729216 -0.012226668 -0.040229935 -0.034982897 0.011528929 0.999321342 2.490737438
0.999413908 0.022355968 0.025923613 0.128232270 -0.022116035 0.999710262 -0.009505229 -0.042636178 -0.026128598 0.008926330 0.999618709 2.559483767
0.999599278 0.024015883 0.014988154 0.129187018 -0.023922060 0.999693274 -0.006407928 -0.044601545 -0.015137447 0.006046813 0.999867082 2.631412506
0.999706984 0.024033949 0.002832071 0.128477439 -0.024027830 0.999708951 -0.002173794 -0.045697801 -0.002883492 0.002105109 0.999993563 2.699166775
0.999705613 0.021007771 -0.012129977 0.126665130 -0.021017315 0.999778986 -0.000660106 -0.047193445 0.012113430 0.000914851 0.999926209 2.768186092
0.999404669 0.020705279 -0.027594365 0.123476848 -0.020724703 0.999785125 -0.000418062 -0.049021896 0.027579783 0.000989699 0.999619126 2.834680319
0.998851180 0.020947594 -0.043097798 0.120014578 -0.021182645 0.999763191 -0.005004427 -0.049842358 0.042982750 0.005911604 0.999058306 2.907812357
0.998031080 0.024263965 -0.057838231 0.116674110 -0.024765668 0.999661505 -0.007973108 -0.051551647 0.057625186 0.009389812 0.998294234 2.977339745
0.997114122 0.025937684 -0.071349837 0.110646978 -0.026683565 0.999598563 -0.009520447 -0.053008795 0.071074262 0.011396839 0.997406006 3.046832323
0.996094882 0.026663965 -0.084167212 0.103044361 -0.027418779 0.999593318 -0.007824640 -0.054385893 0.083924353 0.010101845 0.996420979 3.115773678
0.994858086 0.024696166 -0.098221421 0.096970856 -0.025260581 0.999670684 -0.004506765 -0.056880243 0.098077767 0.006964724 0.995154321 3.183888912
0.993433535 0.023037478 -0.112067603 0.088024437 -0.023421368 0.999723434 -0.002109987 -0.059493363 0.111987978 0.004720910 0.993698359 3.252264738
0.991657853 0.023682585 -0.126703158 0.079812735 -0.024232436 0.999702454 -0.002799854 -0.059686929 0.126599163 0.005846824 0.991936743 3.320525885
0.989790380 0.027106823 -0.139929488 0.069244146 -0.027546870 0.999619842 -0.001208500 -0.061084609 0.139843568 0.005050780 0.990160763 3.389099598
0.987829447 0.031778190 -0.152259603 0.056889951 -0.031865831 0.999490380 0.001865123 -0.062388629 0.152241260 0.003009456 0.988338828 3.456168413
0.985690475 0.035787180 -0.164722532 0.044894636 -0.035376020 0.999359250 0.005430020 -0.063891627 0.164811268 0.000474907 0.986325026 3.525005579
0.983581603 0.036211789 -0.176793545 0.030991256 -0.035582326 0.999344051 0.006730562 -0.065175697 0.176921278 -0.000329332 0.984224916 3.591546059
0.981100976 0.038571429 -0.189613134 0.017601550 -0.037873786 0.999255836 0.007302864 -0.065879829 0.189753711 0.000016519 0.981831729 3.660436630
0.978619099 0.039392076 -0.201873943 0.001785517 -0.038718656 0.999223650 0.007285174 -0.066596732 0.202004224 0.000686877 0.979384363 3.728014708
0.975692749 0.040547289 -0.215359271 -0.011827588 -0.039576214 0.999177635 0.008821120 -0.067063048 0.215539813 -0.000083596 0.976495028 3.796533346
0.972892642 0.041251596 -0.227548331 -0.028450429 -0.039625343 0.999145985 0.011712496 -0.067872904 0.227837190 -0.002378320 0.973696291 3.862832069
0.969936848 0.044167858 -0.239315212 -0.046301544 -0.041720431 0.999012351 0.015285525 -0.067992240 0.239753991 -0.004841660 0.970821619 3.928900242
0.966863930 0.043539349 -0.251552105 -0.064496398 -0.040795688 0.999037564 0.016114224 -0.068136454 0.252011627 -0.005318019 0.967709541 3.998279572
0.963727415 0.041998435 -0.263563722 -0.082468748 -0.038811151 0.999096930 0.017290495 -0.068934143 0.264051884 -0.006434111 0.964486957 4.061995029
0.960530162 0.040729094 -0.275178254 -0.102498293 -0.037969068 0.999160945 0.015351870 -0.069111757 0.275572658 -0.004297674 0.961270571 4.128995895
0.956994474 0.038970049 -0.287476927 -0.121943474 -0.036588609 0.999237001 0.013654081 -0.069661334 0.287789732 -0.002548499 0.957690179 4.195584297
0.953698277 0.038372494 -0.298307151 -0.143191695 -0.036353514 0.999263108 0.012315941 -0.069487736 0.298559874 -0.000901179 0.954390466 4.259397507
0.950127244 0.040134646 -0.309269249 -0.164975166 -0.038133714 0.999194264 0.012514775 -0.069562808 0.309522390 -0.000097044 0.950892150 4.325310707
0.946732998 0.041370090 -0.319350988 -0.188413978 -0.039191332 0.999143898 0.013248563 -0.070137605 0.319625705 -0.000027060 0.947543859 4.390157700
0.943255186 0.041040510 -0.329522848 -0.210253835 -0.039270192 0.999156237 0.012029699 -0.071391955 0.329738438 0.001593351 0.944070995 4.454561710
0.940232992 0.041547209 -0.337987781 -0.235118747 -0.040636703 0.999126196 0.009772351 -0.070950001 0.338098407 0.004546423 0.941099703 4.519192696
0.936749160 0.041167989 -0.347571939 -0.258438587 -0.040537968 0.999136686 0.009087448 -0.071650483 0.347645998 0.005577201 0.937609255 4.584784985
0.933092117 0.042389102 -0.357130527 -0.282142878 -0.041734535 0.999083221 0.009542918 -0.072927982 0.357207656 0.006000258 0.934005678 4.647997856
0.930320740 0.042326454 -0.364296079 -0.309173465 -0.041390717 0.999089122 0.010379605 -0.072869226 0.364403605 0.005422117 0.931225359 4.712590218
0.927079558 0.043991886 -0.372274250 -0.335062504 -0.042200778 0.999025106 0.012962255 -0.072962508 0.372481525 0.003693222 0.928032219 4.776659489
0.924076915 0.047804158 -0.379205108 -0.363476396 -0.045107704 0.998853981 0.015997630 -0.073695824 0.379535317 0.002322035 0.925174356 4.839650154
0.920823753 0.048383798 -0.386965781 -0.389887810 -0.045608554 0.998825431 0.016356818 -0.074343815 0.387302697 0.002587202 0.921948969 4.902634144
0.917550206 0.049265698 -0.394556195 -0.417534471 -0.046874873 0.998777330 0.015702238 -0.073453009 0.394847304 0.004087180 0.918737650 4.964220524
0.914338946 0.050572395 -0.401779324 -0.445311427 -0.047671434 0.998714685 0.017222231 -0.074417353 0.402133942 0.003406438 0.915574491 5.026722431
0.911561131 0.053331535 -0.407691091 -0.474386096 -0.049967293 0.998571932 0.018904343 -0.075022362 0.408117115 0.003138755 0.912924230 5.087168217
0.908321679 0.054630551 -0.414689153 -0.502811074 -0.050783802 0.998503149 0.020306174 -0.074589379 0.415177852 0.002614951 0.909736633 5.150699139
0.905456305 0.055829957 -0.420751572 -0.531528234 -0.051210087 0.998439372 0.022279946 -0.074492164 0.421338826 0.001373208 0.906902254 5.209410667
0.902858913 0.057488084 -0.426075995 -0.561820388 -0.051686335 0.998345912 0.025177483 -0.074171379 0.426818669 -0.000709409 0.904336989 5.269444942
0.899507701 0.058191206 -0.433012217 -0.591010094 -0.052208208 0.998305321 0.025705736 -0.073760077 0.433774263 -0.000515715 0.901021481 5.332310677
0.896552444 0.058474638 -0.439060807 -0.620452881 -0.053313956 0.998287261 0.024087155 -0.072797462 0.439717263 0.001812671 0.898134351 5.389695168
0.893204153 0.057639945 -0.445941687 -0.649306178 -0.053634118 0.998326719 0.021611087 -0.072704755 0.446441144 0.004614574 0.894801080 5.447786331
0.890320778 0.057659861 -0.451668203 -0.679895163 -0.055082671 0.998303592 0.018865161 -0.072865307 0.451989740 0.008083044 0.891986489 5.503522873
0.886918962 0.055737942 -0.458550006 -0.709873438 -0.054019276 0.998397291 0.016874695 -0.073149413 0.458755583 0.009804049 0.888508379 5.561233521
0.883838356 0.053989552 -0.464666396 -0.739764810 -0.052997239 0.998478830 0.015207525 -0.073576845 0.464780599 0.011185043 0.885355175 5.615720272
0.880674303 0.053334124 -0.470710307 -0.770205975 -0.053025331 0.998495996 0.013927596 -0.074290916 0.470745116 0.012693895 0.882177889 5.668375015
0.876812816 0.049167588 -0.478311479 -0.800216079 -0.050412633 0.998675942 0.010244483 -0.074453369 0.478181869 0.015130443 0.878130496 5.724515915
0.872815371 0.047585301 -0.485725164 -0.829467177 -0.051783402 0.998646975 0.004783703 -0.074781731 0.485295534 0.020977210 0.874098539 5.776631832
0.869009018 0.044093616 -0.492827654 -0.856806397 -0.052697271 0.998604178 -0.003575975 -0.077675492 0.491982043 0.029078227 0.870119631 5.826961994
0.866013765 0.040063784 -0.498412520 -0.887038350 -0.054527722 0.998407125 -0.014489591 -0.078271657 0.497038096 0.039725486 0.866818905 5.875529766
0.862893343 0.039029874 -0.503876805 -0.914532661 -0.058680553 0.998007536 -0.023186127 -0.078808635 0.501967907 0.049574923 0.863464355 5.922338963
0.860747933 0.037899852 -0.507618308 -0.942440629 -0.060761511 0.997744262 -0.028537169 -0.083095089 0.505391896 0.055406973 0.861109257 5.966366768
0.858949482 0.035036080 -0.510860205 -0.969659686 -0.060987119 0.997555017 -0.034127630 -0.086071596 0.508415461 0.060469806 0.858986139 6.010000229
0.857677400 0.031422660 -0.513227105 -0.995567799 -0.061719023 0.997205734 -0.042086940 -0.089007542 0.510470569 0.067772888 0.857220232 6.052102089
0.856763065 0.027178289 -0.514993727 -1.021597505 -0.061300114 0.996897578 -0.049370870 -0.091328323 0.512054265 0.073868290 0.855770946 6.094928741
0.856683671 0.023700090 -0.515297472 -1.046888471 -0.059829038 0.996767342 -0.053621601 -0.093577266 0.512360871 0.076766491 0.855332255 6.135818958
0.857522547 0.022071321 -0.513972700 -1.072132468 -0.056143049 0.997126937 -0.050851010 -0.097908497 0.511373639 0.072461881 0.856298029 6.175743103
0.859476805 0.020044161 -0.510781527 -1.096838951 -0.050731491 0.997642517 -0.046214744 -0.100980043 0.508651078 0.065633222 0.858467400 6.218651295
0.863183737 0.017772844 -0.504577041 -1.119908333 -0.047177561 0.997846842 -0.045559611 -0.104019076 0.502680957 0.063131019 0.862163782 6.258594036
0.868537426 0.016773215 -0.495339632 -1.143357873 -0.046491899 0.997777522 -0.047732934 -0.107847214 0.493438184 0.064487122 0.867387056 6.299285889
0.875784993 0.015573721 -0.482450157 -1.165196061 -0.044888102 0.997775912 -0.049276065 -0.110846698 0.480609745 0.064811505 0.874536276 6.341557503
0.885973275 0.013973881 -0.463525712 -1.188193321 -0.041540992 0.997918904 -0.049316384 -0.112124890 0.461871892 0.062948309 0.884710073 6.381875992
0.897384703 0.012013116 -0.441085488 -1.206943154 -0.034756839 0.998447835 -0.043519419 -0.114151806 0.439878047 0.054384403 0.896409333 6.423713684
0.910207808 0.012998292 -0.413947791 -1.224249244 -0.030924648 0.998850107 -0.036633879 -0.116480589 0.412995636 0.046145629 0.909563243 6.466894627
0.924222052 0.013685897 -0.381610096 -1.242677927 -0.027396794 0.999158561 -0.030518956 -0.119869627 0.380871326 0.038661182 0.923819482 6.509770393
0.937795460 0.014567947 -0.346882492 -1.256398678 -0.025551783 0.999305785 -0.027111528 -0.122830749 0.346246749 0.034288537 0.937516689 6.550049305
0.951164484 0.014639456 -0.308337271 -1.269523025 -0.023289271 0.999431193 -0.024391467 -0.124452531 0.307804883 0.030381253 0.950964332 6.593062401
0.963172495 0.014862706 -0.268473297 -1.279479027 -0.021138027 0.999566317 -0.020498509 -0.126878634 0.268052280 0.025418594 0.963069081 6.636268616
0.973869324 0.011760538 -0.226804450 -1.288863420 -0.016363261 0.999696374 -0.018424295 -0.127899319 0.226518899 0.021654116 0.973766029 6.679328918
0.983080804 0.010602093 -0.182865620 -1.296689510 -0.013996761 0.999752641 -0.017283056 -0.130014703 0.182637140 0.019550167 0.982986033 6.723200321
0.990511954 0.013031759 -0.136807635 -1.303192377 -0.015373254 0.999752581 -0.016072594 -0.131758109 0.136564344 0.018023271 0.990467250 6.767021656
0.995547235 0.015484768 -0.092983320 -1.304640412 -0.017052505 0.999725103 -0.016089592 -0.132172585 0.092708617 0.017603543 0.995537639 6.811453819
0.998777390 0.014698242 -0.047199171 -1.305901647 -0.015322846 0.999799430 -0.012898985 -0.134305641 0.047000106 0.013606440 0.998802185 6.856553078
0.999927104 0.012014577 -0.001245767 -1.305446625 -0.012024111 0.999896049 -0.007950689 -0.134876713 0.001150116 0.007965088 0.999967575 6.902949333
0.998947620 0.011920916 0.044287894 -1.301325917 -0.011727562 0.999920547 -0.004623076 -0.136499628 -0.044339482 0.004098821 0.999008119 6.947209358
0.995694876 0.016580872 0.091197357 -1.297133565 -0.016268684 0.999858916 -0.004165581 -0.137490287 -0.091253549 0.002663986 0.995824099 6.992902279
0.990396857 0.017342065 0.137161717 -1.289993644 -0.016901987 0.999847591 -0.004372573 -0.138520330 -0.137216687 0.002012277 0.990538955 7.039033413
0.983225167 0.016481595 0.181649759 -1.280248165 -0.015590926 0.999858379 -0.006330153 -0.139568627 -0.181728393 0.003391879 0.983342826 7.084864616
0.974201083 0.012804870 0.225318164 -1.268261552 -0.011726505 0.999912500 -0.006123688 -0.140959561 -0.225376844 0.003323509 0.974266052 7.130117893
0.963674724 0.008156671 0.266954184 -1.254051447 -0.006673770 0.999956846 -0.006461694 -0.141381949 -0.266995370 0.004445381 0.963687539 7.175979137
0.952190757 0.004595587 0.305469483 -1.237594843 -0.003218627 0.999982297 -0.005011166 -0.142803177 -0.305487096 0.003788394 0.952188730 7.220878124
0.939697325 0.000693399 0.342006445 -1.220263243 0.001260407 0.999984145 -0.005490510 -0.143720776 -0.342004836 0.005590484 0.939681590 7.266970634
0.927274108 -0.001743593 0.374378920 -1.200613022 0.004270423 0.999973357 -0.005919956 -0.145249009 -0.374358594 0.007088178 0.927256942 7.312223911
0.914842129 -0.005787236 0.403770179 -1.178678989 0.009907876 0.999917984 -0.008116946 -0.146442086 -0.403690100 0.011426229 0.914824426 7.358054638
0.902695715 -0.008617874 0.430193156 -1.156351328 0.014966698 0.999823272 -0.011376340 -0.146778822 -0.430019081 0.016707946 0.902665198 7.403784752
0.891839206 -0.013363347 0.452154994 -1.131839752 0.021519998 0.999685228 -0.012900977 -0.148099095 -0.451840252 0.021235976 0.891846061 7.449532986
0.882133245 -0.016822284 0.470699489 -1.106627464 0.026609022 0.999545813 -0.014145025 -0.149726421 -0.470247835 0.025002649 0.882180274 7.495029926
0.873490751 -0.018064255 0.486505538 -1.079008341 0.028848015 0.999475896 -0.014683663 -0.150529608 -0.485985279 0.026860757 0.873554111 7.543400764
0.865492523 -0.019328505 0.500548840 -1.050391912 0.031003214 0.999406517 -0.015015544 -0.152045697 -0.499961555 0.028514467 0.865578055 7.591046333
0.857772768 -0.019477442 0.513659894 -1.021026134 0.032149669 0.999358296 -0.015792880 -0.153873891 -0.513022661 0.030060697 0.857848525 7.639516830
0.850606501 -0.019791847 0.525430143 -0.990473986 0.033120990 0.999323606 -0.015976379 -0.155339360 -0.524758518 0.030992376 0.850686789 7.687963486
0.843662262 -0.020353481 0.536488235 -0.958285332 0.035179328 0.999229252 -0.017412644 -0.156656131 -0.535720348 0.033563688 0.843728125 7.739105701
0.838404536 -0.021971602 0.544605494 -0.925305843 0.037432451 0.999149144 -0.017316453 -0.158190340 -0.543761611 0.034904104 0.838513553 7.789267540
0.835307479 -0.023784474 0.549268246 -0.891730547 0.039747033 0.999062061 -0.017184388 -0.160015225 -0.548344254 0.036186032 0.835469365 7.841652870
0.835331857 -0.026984349 0.549083531 -0.856544256 0.042895176 0.998948812 -0.016164608 -0.161762804 -0.548070073 0.037055846 0.835611105 7.894104004
0.837623179 -0.028535273 0.545502663 -0.820230007 0.043964069 0.998916626 -0.015253755 -0.163152784 -0.544476449 0.036759418 0.837970257 7.949516296
0.840229213 -0.027145971 0.541551411 -0.785889626 0.041222893 0.999053597 -0.013879388 -0.164734006 -0.540662110 0.033986188 0.840553105 8.004700661
0.841785669 -0.023569608 0.539297223 -0.751774073 0.037402704 0.999191880 -0.014712658 -0.165617660 -0.538514674 0.032556079 0.841986954 8.062667847
0.843307972 -0.020447098 0.537041366 -0.714505196 0.033917982 0.999308765 -0.015213621 -0.168280989 -0.536359072 0.031045131 0.843418717 8.118994713
0.843917847 -0.019170081 0.536129832 -0.677767992 0.032586690 0.999347746 -0.015561369 -0.170065999 -0.535481751 0.030603213 0.843992174 8.178543091
0.844347715 -0.017726690 0.535502255 -0.642683506 0.030244812 0.999435902 -0.014603954 -0.173104316 -0.534941256 0.028526982 0.844407558 8.235643387
0.845438123 -0.017740645 0.533778667 -0.603677034 0.030796604 0.999404550 -0.015561769 -0.174417466 -0.533184767 0.029595077 0.845481038 8.296816826
0.846399188 -0.017700456 0.532254755 -0.566142321 0.031682558 0.999350905 -0.017148027 -0.175804481 -0.531605780 0.031377263 0.846410513 8.356523514
0.847236812 -0.017160233 0.530938208 -0.529413700 0.031111374 0.999365449 -0.017345440 -0.178290397 -0.530303597 0.031213909 0.847233057 8.417848587
0.848128855 -0.015683938 0.529557824 -0.489050627 0.029447313 0.999412060 -0.017562576 -0.180929899 -0.528971016 0.030489387 0.848092020 8.482770920
0.849090099 -0.015014739 0.528034508 -0.451375484 0.029284865 0.999396741 -0.018672660 -0.182819843 -0.527435660 0.031318195 0.849017620 8.544690132
0.849976122 -0.013658348 0.526644111 -0.412392139 0.029567780 0.999324977 -0.021803681 -0.185391635 -0.525990784 0.034104303 0.849806249 8.609170914
0.851259172 -0.012195588 0.524603724 -0.370960951 0.028907964 0.999301732 -0.023677105 -0.188834667 -0.523948610 0.035320569 0.851017237 8.676473618
0.852573216 -0.010067147 0.522511005 -0.331651211 0.028469792 0.999224484 -0.027201796 -0.191644222 -0.521831870 0.038067292 0.852198601 8.741909981
0.853710592 -0.008779320 0.520673633 -0.291922092 0.027916025 0.999191761 -0.028924039 -0.195031807 -0.519998729 0.039227895 0.853265762 8.808807373
0.855031788 -0.006588045 0.518533766 -0.250721216 0.026120344 0.999197066 -0.030375980 -0.198700741 -0.517917335 0.039516706 0.854517460 8.875795364
0.856166780 -0.006671624 0.516656578 -0.211462736 0.025597706 0.999236465 -0.029515499 -0.201747268 -0.516065240 0.038495407 0.855683923 8.942508698
0.857675672 -0.007175855 0.514140964 -0.172949314 0.024789587 0.999316871 -0.027405858 -0.205021203 -0.513593137 0.036250677 0.857267857 9.008515358
0.859370351 -0.010068341 0.511254609 -0.130980492 0.026653564 0.999328971 -0.025121914 -0.209107637 -0.510658622 0.035215784 0.859062076 9.078975677
0.862280428 -0.010696053 0.506318212 -0.088278770 0.026850326 0.999336243 -0.024616065 -0.211947963 -0.505718768 0.034820754 0.861995399 9.148399353
0.864593029 -0.010869188 0.502355218 -0.053214550 0.025014073 0.999457479 -0.021426486 -0.215144753 -0.501849771 0.031091146 0.864395797 9.215851784
0.867532074 -0.011612145 0.497245699 -0.014017582 0.024080049 0.999535680 -0.018669764 -0.219013840 -0.496798009 0.028170314 0.867408872 9.285554886
0.871180773 -0.010127583 0.490857929 0.024606228 0.022168554 0.999578953 -0.018721310 -0.221588820 -0.490461618 0.027191259 0.871038496 9.351644516
0.874481559 -0.009860483 0.484958440 0.062320232 0.022681760 0.999530971 -0.020576866 -0.224806905 -0.484528095 0.028993802 0.874295056 9.422179222
0.878986597 -0.011163577 0.476715744 0.101308346 0.024671074 0.999451637 -0.022084620 -0.226582915 -0.476207793 0.031173173 0.878780007 9.494319916
0.883848965 -0.013225873 0.467585385 0.138311863 0.026510447 0.999409795 -0.021842347 -0.230720490 -0.467020541 0.031701233 0.883678019 9.566169739
0.890156806 -0.014847209 0.455412328 0.174090862 0.028540270 0.999323249 -0.023205686 -0.234493718 -0.454759538 0.033654299 0.889978111 9.636333466
0.896957517 -0.017301705 0.441778094 0.209256411 0.031507395 0.999194741 -0.024838315 -0.237923831 -0.440992653 0.036198191 0.896780491 9.706683159
0.903813004 -0.017348010 0.427575916 0.242722273 0.031709328 0.999146044 -0.026489114 -0.241547778 -0.426751256 0.037499353 0.903591275 9.779520035
0.910606623 -0.015760276 0.412973672 0.277583599 0.029673710 0.999186814 -0.027298633 -0.243639767 -0.412207544 0.037112776 0.910333753 9.855381966
0.917541027 -0.014257723 0.397385538 0.311207771 0.027559459 0.999234021 -0.027781919 -0.247855425 -0.396684974 0.036442779 0.917231083 9.931076050
0.923538744 -0.011144600 0.383343220 0.340374231 0.024310745 0.999268591 -0.029517846 -0.251262873 -0.382733941 0.036580238 0.923134089 10.004538536
0.928800106 -0.009396121 0.370461911 0.368850708 0.021943480 0.999319017 -0.029669410 -0.254505813 -0.369930863 0.035686173 0.928373694 10.079059601
0.933632195 -0.008135649 0.358140469 0.398081064 0.018463401 0.999506176 -0.025426880 -0.257475138 -0.357756734 0.030351847 0.933321416 10.155546188
0.938027561 -0.007180341 0.346486330 0.426004887 0.015909662 0.999623477 -0.022356046 -0.261107564 -0.346195310 0.026483066 0.937788665 10.232744217
0.942694128 -0.006526113 0.333594322 0.452423573 0.015271343 0.999604821 -0.023599539 -0.264204025 -0.333308429 0.027341576 0.942421317 10.309516907
0.946818233 -0.007750378 0.321675718 0.478566647 0.016802231 0.999536753 -0.025372967 -0.267349005 -0.321330100 0.029428449 0.946509838 10.388273239
0.950884342 -0.005612647 0.309495479 0.503940582 0.014498721 0.999545813 -0.026418831 -0.270567626 -0.309206575 0.029608538 0.950533986 10.467187881
0.954712451 -0.005217286 0.297484010 0.526618719 0.014027335 0.999523699 -0.027488099 -0.274183124 -0.297198892 0.030416138 0.954330921 10.543231010
0.958321750 -0.003818092 0.285665363 0.549043417 0.013024533 0.999454916 -0.030335082 -0.277200073 -0.285393834 0.032791428 0.957849145 10.622771263
0.961716771 -0.005562304 0.273988873 0.571220160 0.014685727 0.999403417 -0.031258654 -0.282336473 -0.273651540 0.034085698 0.961224735 10.701346397
0.964994252 -0.005064164 0.262222230 0.595071554 0.014103284 0.999368846 -0.032600664 -0.285629272 -0.261891603 0.035157643 0.964456737 10.783679008
0.967559338 -0.009253188 0.252474427 0.615322113 0.017321767 0.999407113 -0.029754058 -0.289778531 -0.252049476 0.033162110 0.967145920 10.863456726
0.969664812 -0.012137603 0.244137213 0.636350870 0.019513739 0.999422550 -0.027817104 -0.292796224 -0.243658602 0.031737290 0.969341636 10.946034431
0.971175075 -0.012669262 0.238030359 0.655427217 0.019737788 0.999431431 -0.027335953 -0.297306001 -0.237548724 0.031246193 0.970872939 11.027197838
0.972400904 -0.012247325 0.232994542 0.675717831 0.019213749 0.999432862 -0.027653372 -0.300982326 -0.232523739 0.031366866 0.972084820 11.110404968
0.973016739 -0.010633226 0.230489060 0.693625927 0.017085763 0.999515474 -0.026017120 -0.304257184 -0.230100751 0.029253174 0.972727060 11.192561150
0.973424792 -0.008748277 0.228839800 0.713831663 0.015056866 0.999552786 -0.025836265 -0.308156312 -0.228511438 0.028595271 0.973121166 11.276968002
0.973669708 -0.008945519 0.227787495 0.731488347 0.015293503 0.999541998 -0.026118213 -0.312696725 -0.227449492 0.028914193 0.973360538 11.358883858
0.974171042 -0.008962546 0.225633249 0.752307892 0.015450248 0.999515951 -0.027003895 -0.317142785 -0.225282013 0.029792506 0.973837972 11.443492889
0.974680245 -0.007942575 0.223462209 0.771339178 0.014714657 0.999481022 -0.028656449 -0.319487691 -0.223118603 0.031219039 0.974291384 11.528334618
0.975210786 -0.009198388 0.221086562 0.788757920 0.015924565 0.999462426 -0.028660107 -0.323131621 -0.220704079 0.031470351 0.974833012 11.612168312
0.976110935 -0.011256110 0.216981053 0.808673143 0.017357297 0.999505103 -0.026233194 -0.326401949 -0.216578424 0.029372707 0.975823283 11.697901726
0.976822317 -0.016235929 0.213435471 0.828661442 0.021906547 0.999466360 -0.024229983 -0.330238253 -0.212928206 0.028344018 0.976656675 11.785263062
0.977484405 -0.019598534 0.210095659 0.847981095 0.025851227 0.999299586 -0.027056074 -0.333208174 -0.209418237 0.031878114 0.977306366 11.870633125
0.978175700 -0.019883698 0.206825793 0.866863132 0.026784459 0.999172211 -0.030618368 -0.338180512 -0.206045806 0.035489868 0.977898538 11.956471443
0.978317618 -0.021024793 0.206040457 0.884927034 0.028360087 0.999062419 -0.032712452 -0.341248512 -0.205159500 0.037846491 0.977996528 12.043885231
0.978459656 -0.020715438 0.205396131 0.902676702 0.027460225 0.999171317 -0.030041667 -0.344873726 -0.204603642 0.035034779 0.978217721 12.130847931
0.978365481 -0.021337155 0.205780536 0.919809580 0.026997149 0.999329388 -0.024736203 -0.349185586 -0.205114752 0.029756535 0.978285432 12.219519615
0.978702307 -0.026105791 0.203617603 0.940936446 0.030934731 0.999309719 -0.020568570 -0.352277309 -0.202940106 0.026429363 0.978834391 12.308380127
0.978494525 -0.031794980 0.203807309 0.959173083 0.036477838 0.999148846 -0.019260591 -0.355673403 -0.203021437 0.026280830 0.978821516 12.397017479
0.978125691 -0.035637099 0.204939336 0.977015734 0.041008122 0.998916149 -0.022019312 -0.358097494 -0.203932479 0.029941833 0.978526950 12.484671593
0.978049755 -0.038285956 0.204824001 0.997433066 0.044229694 0.998720407 -0.024517987 -0.361611277 -0.203623205 0.033039115 0.978491724 12.575614929
0.977769613 -0.038487893 0.206119329 1.015640378 0.044613227 0.998687685 -0.025150876 -0.364518046 -0.204880849 0.033787414 0.978203595 12.664250374
0.977715075 -0.037049107 0.206640854 1.035583496 0.042716376 0.998821735 -0.023030296 -0.368169129 -0.205544129 0.031344023 0.978145778 12.755653381
0.977133155 -0.032792453 0.210084066 1.053412557 0.038193479 0.999034643 -0.021702388 -0.373236775 -0.209169596 0.029229965 0.977442384 12.844882011
0.976593554 -0.026739048 0.213424385 1.073351622 0.031993520 0.999263108 -0.021203421 -0.376555085 -0.212700173 0.027535323 0.976729393 12.936255455
0.975304306 -0.021204708 0.219844729 1.090742826 0.026347635 0.999442816 -0.020487508 -0.378566921 -0.219287813 0.025773944 0.975319743 13.028047562
0.974012971 -0.014156627 0.226049274 1.110958695 0.019115042 0.999621928 -0.019761285 -0.381657273 -0.225684091 0.023568690 0.973915398 13.120354652
0.972608507 -0.010390184 0.232217029 1.131818295 0.015839197 0.999640942 -0.021612903 -0.385095417 -0.231909096 0.024699025 0.972423851 13.211423874
0.970701754 -0.006429348 0.240201682 1.152615309 0.012611233 0.999627292 -0.024207953 -0.388981283 -0.239956588 0.026527941 0.970421076 13.302974701
0.968795061 -0.005367770 0.247804955 1.175153017 0.012004663 0.999608338 -0.025279522 -0.392048717 -0.247572213 0.027465492 0.968479991 13.395649910
0.967002690 -0.007589610 0.254652858 1.200071573 0.013995972 0.999629319 -0.023354724 -0.396068215 -0.254381210 0.026148200 0.966750443 13.488688469
0.964528382 -0.012272755 0.263693780 1.224460602 0.017965544 0.999654412 -0.019188011 -0.399299860 -0.263367176 0.023244785 0.964415550 13.580245972
0.962252915 -0.017070679 0.271621048 1.250928402 0.023321509 0.999531925 -0.019801486 -0.402368486 -0.271155894 0.025388651 0.962200522 13.672507286
0.959663212 -0.022772489 0.280228406 1.277452469 0.029833969 0.999335110 -0.020958671 -0.405799836 -0.279564768 0.028473588 0.959704638 13.764523506
0.957401454 -0.025853610 0.287600577 1.305093050 0.034654710 0.999072611 -0.025552219 -0.409328073 -0.286673248 0.034430444 0.957409501 13.856001854
0.955262899 -0.025023034 0.294697493 1.332891941 0.034502156 0.999039590 -0.027009487 -0.413020968 -0.293738604 0.035968859 0.955208838 13.948529243
0.952941418 -0.027254848 0.301927060 1.362318277 0.035686616 0.999110937 -0.022444587 -0.417062938 -0.301046968 0.032163128 0.953066766 14.041986465
0.950389922 -0.028086923 0.309790254 1.392219543 0.035653301 0.999187589 -0.018788304 -0.419861645 -0.309010863 0.028901262 0.950619280 14.136710167
0.948232353 -0.032272495 0.315933287 1.422458649 0.038765524 0.999146163 -0.014287144 -0.421966136 -0.315202445 0.025794853 0.948673904 14.229870796
0.946482003 -0.039022326 0.320388883 1.455439568 0.045534529 0.998880029 -0.012856238 -0.425894320 -0.319528371 0.026756957 0.947198808 14.324884415
0.945570946 -0.040285807 0.322912782 1.487337828 0.048027292 0.998717248 -0.016038634 -0.429689795 -0.321852505 0.030674284 0.946292818 14.418448448
0.944489717 -0.041628093 0.325892895 1.519138575 0.051061653 0.998486280 -0.020442706 -0.432659149 -0.324548572 0.035948560 0.945185661 14.513031006
0.944089055 -0.035305474 0.327794611 1.551032066 0.044048000 0.998843312 -0.019282229 -0.436945856 -0.326734662 0.032642834 0.944552243 14.608313560
0.943187058 -0.033175550 0.330601871 1.581389904 0.042007025 0.998924971 -0.019602431 -0.439775586 -0.329596132 0.032376356 0.943566740 14.703032494
0.943105519 -0.028085398 0.331305206 1.615603447 0.036224041 0.999173999 -0.018414708 -0.443749666 -0.330514371 0.029368225 0.943343937 14.798841476
0.942485332 -0.029010499 0.332986057 1.648472071 0.037184224 0.999142706 -0.018198831 -0.447162062 -0.332172692 0.029533962 0.942756176 14.893863678
0.942603409 -0.028493434 0.332696497 1.682091951 0.035393108 0.999265432 -0.014695557 -0.450612336 -0.332033336 0.025627248 0.942919433 14.986945152
0.942870080 -0.030272346 0.331782192 1.716659307 0.037134815 0.999207079 -0.014361743 -0.452776402 -0.331084341 0.025861932 0.943246663 15.081499100
0.942731977 -0.029609395 0.332234412 1.749525309 0.036349539 0.999239922 -0.014089427 -0.456516445 -0.331564635 0.025359126 0.943091750 15.177536964
0.942653477 -0.028456930 0.332557589 1.782866478 0.035671223 0.999241650 -0.015607078 -0.459193498 -0.331861258 0.026574802 0.942953825 15.273862839
0.942957640 -0.026968114 0.331818581 1.816703320 0.033637807 0.999330878 -0.014372208 -0.463495255 -0.331208915 0.024714032 0.943233728 15.368989944
0.942351162 -0.023612957 0.333791554 1.849297523 0.029931547 0.999456704 -0.013798728 -0.466826648 -0.333284348 0.022994144 0.942545772 15.467444420
0.941994429 -0.025006481 0.334695637 1.883191824 0.030783432 0.999454439 -0.011966041 -0.470544994 -0.334213853 0.021575022 0.942250252 15.562196732
0.941322982 -0.025146468 0.336569041 1.917864323 0.030170595 0.999497652 -0.009705123 -0.473604620 -0.336155951 0.019290144 0.941608787 15.659665108
0.940576613 -0.026963668 0.338509232 1.952019453 0.032629952 0.999406278 -0.011058231 -0.475281596 -0.338010043 0.021446649 0.940898120 15.756645203
0.940346420 -0.027041936 0.339142025 1.987899780 0.032880370 0.999393344 -0.011480162 -0.478824943 -0.338625908 0.021946445 0.940665126 15.855010986
0.939953566 -0.025901301 0.340317875 2.024234533 0.032008152 0.999411404 -0.012341793 -0.481844068 -0.339797914 0.022493664 0.940229475 15.953974724
0.939662635 -0.025415942 0.341156989 2.057665586 0.030917061 0.999464691 -0.010696751 -0.486183882 -0.340702564 0.020598909 0.939945459 16.051742554
0.939222634 -0.023182329 0.342524886 2.092042446 0.028009694 0.999565721 -0.009152844 -0.488725573 -0.342163950 0.018190576 0.939464152 16.152034760
0.939851880 -0.026183587 0.340577304 2.129380465 0.031026969 0.999479890 -0.008781511 -0.491452575 -0.340170205 0.018820399 0.940175533 16.251144409
0.939943135 -0.028423825 0.340145558 2.163589478 0.033390347 0.999404013 -0.008755510 -0.494547576 -0.339693993 0.019587262 0.940332055 16.347690582
0.939792097 -0.028256120 0.340576559 2.199551821 0.034204043 0.999349058 -0.011471626 -0.496428490 -0.340030670 0.022430042 0.940146744 16.453891754
0.939545155 -0.026586097 0.341391414 2.232169628 0.033053171 0.999367297 -0.013139393 -0.497313082 -0.340826064 0.023629120 0.939829409 16.553827286
0.940092087 -0.025995042 0.339927942 2.272171974 0.031908028 0.999420941 -0.011815737 -0.502303123 -0.339423954 0.021954313 0.940377235 16.659564972
0.939602911 -0.023825975 0.341436148 2.307767391 0.029591138 0.999493778 -0.011685939 -0.503973603 -0.340984881 0.021083621 0.939832330 16.766765594
0.939924419 -0.024707440 0.340487152 2.343868494 0.030011784 0.999496222 -0.010319967 -0.508547544 -0.340060681 0.019918615 0.940192580 16.867858887
0.939899862 -0.024895219 0.340541691 2.382145166 0.030568736 0.999468744 -0.011304193 -0.511271358 -0.340079427 0.021034738 0.940161407 16.973112106
0.939928234 -0.025422009 0.340424269 2.418821335 0.031528294 0.999425709 -0.012416635 -0.514222622 -0.339913100 0.022403743 0.940189898 17.075847626
0.940114141 -0.024923237 0.339947522 2.455838442 0.031429820 0.999412715 -0.013646253 -0.517182052 -0.339407861 0.023513522 0.940345407 17.178863525
0.939868331 -0.026590208 0.340500236 2.493325949 0.033044469 0.999367118 -0.013169084 -0.521479249 -0.339934587 0.023628855 0.940152109 17.284687042
0.939906061 -0.028443648 0.340246171 2.531171083 0.034282070 0.999349892 -0.011158910 -0.525980234 -0.339707464 0.022152672 0.940270185 17.389902115
0.939348936 -0.030193958 0.341631234 2.567598104 0.035718229 0.999313056 -0.009889828 -0.529472232 -0.341097891 0.021492464 0.939782023 17.495796204
0.939683676 -0.031188989 0.340619832 2.606826782 0.036828369 0.999270558 -0.010101549 -0.531896472 -0.340056270 0.022036735 0.940146804 17.601472855
0.939409912 -0.033567261 0.341148406 2.644932508 0.039539773 0.999162138 -0.010567010 -0.534565806 -0.340507835 0.023415683 0.939949989 17.706825256
0.939137936 -0.035606831 0.341689825 2.683312178 0.042727776 0.998997748 -0.013334112 -0.537395060 -0.340872586 0.027122218 0.939718187 17.812339783
0.939072549 -0.037357379 0.341682613 2.722150564 0.045094065 0.998874187 -0.014725017 -0.541152358 -0.340747893 0.029235724 0.939700007 17.918367386
0.938667476 -0.038570013 0.342659742 2.760679245 0.046185113 0.998833656 -0.014088138 -0.544860125 -0.341716677 0.029049858 0.939353943 18.024221420
0.937984169 -0.036043487 0.344799221 2.797418594 0.043404564 0.998964310 -0.013650382 -0.547892749 -0.343950093 0.027769700 0.938577175 18.128562927
0.936925650 -0.033356298 0.347933352 2.834674358 0.040314194 0.999105394 -0.012775280 -0.551281571 -0.347195983 0.025996143 0.937432170 18.233711243
0.936143756 -0.030301547 0.350309342 2.873955727 0.036474764 0.999273658 -0.011036205 -0.554395080 -0.349720478 0.023108929 0.936569035 18.340232849
0.935021579 -0.032183304 0.353127003 2.913756132 0.037588309 0.999257505 -0.008457239 -0.557596087 -0.352592677 0.021181151 0.935537100 18.446855545
0.934314728 -0.031642869 0.355041832 2.953393698 0.037327100 0.999261022 -0.009170116 -0.560789227 -0.354489237 0.021820456 0.934805453 18.553647995
0.933506906 -0.031014847 0.357215494 2.993631363 0.037577573 0.999228179 -0.011444105 -0.564023852 -0.356584877 0.024106443 0.933951795 18.659444809
0.932945371 -0.029684778 0.358792037 3.033843040 0.036589690 0.999252558 -0.012468473 -0.567327261 -0.358153760 0.024760494 0.933334231 18.766016006
0.932379723 -0.028551411 0.360351145 3.073604584 0.035734665 0.999273002 -0.013285983 -0.570951462 -0.359709918 0.025264610 0.932722032 18.871580124
0.932042837 -0.029334780 0.361158729 3.115038633 0.036206841 0.999269068 -0.012274374 -0.573601127 -0.360534638 0.024516659 0.932423592 18.977876663
0.931580722 -0.032751955 0.362055779 3.154355526 0.038783170 0.999203444 -0.009401295 -0.576521873 -0.361459464 0.022799738 0.932108998 19.080383301
0.931424856 -0.034681398 0.362277210 3.196616411 0.040461950 0.999145925 -0.008378930 -0.578422189 -0.361677170 0.022462793 0.932032704 19.186031342
0.930918276 -0.037427116 0.363304615 3.235526085 0.043391526 0.999023914 -0.008266843 -0.582544386 -0.362640589 0.023460096 0.931633770 19.288797379
0.930776060 -0.038472883 0.363559693 3.278651714 0.044523381 0.998974204 -0.008273454 -0.584405124 -0.362868369 0.023887642 0.931534171 19.395822525
0.930479884 -0.041784231 0.363952458 3.320826769 0.047356032 0.998857558 -0.006394586 -0.587352455 -0.363269508 0.023185374 0.931395531 19.502052307
