0.999912500 0.001037588 0.013187115 0.000521424 -0.001047566 0.999999106 0.000749748 -0.001121602 -0.013186326 -0.000763497 0.999912739 0.060805935
0.999723792 0.000732630 0.023490380 0.001610741 -0.000780983 0.999997616 0.002049328 -0.001856637 -0.023488821 -0.002067108 0.999722004 0.124600880
0.999499261 -0.001561736 0.031604178 0.003716097 0.001455783 0.999993265 0.003375229 -0.002232983 -0.031609237 -0.003327530 0.999494791 0.184341893
0.999324441 -0.004006176 0.036532369 0.005956262 0.003881218 0.999986351 0.003490743 -0.003279610 -0.036545854 -0.003346595 0.999326348 0.247179642
0.999208748 -0.004941961 0.039463334 0.008212111 0.004906531 0.999987423 0.000994600 -0.004045082 -0.039467759 -0.000800185 0.999220550 0.310262620
0.999115825 -0.004723202 0.041774370 0.010566088 0.004859310 0.999983191 -0.003157243 -0.004860602 -0.041758750 0.003357446 0.999122083 0.373921067
0.999060214 -0.006809626 0.042803898 0.013872076 0.007056281 0.999959230 -0.005613985 -0.005641802 -0.042763926 0.005910746 0.999067724 0.440196186
0.998921394 -0.008231626 0.045697365 0.015043252 0.008370484 0.999960899 -0.002848130 -0.006953515 -0.045672141 0.003227567 0.998951256 0.503771424
0.998862028 -0.009304691 0.046775792 0.018335197 0.009264854 0.999956548 0.001068388 -0.008179160 -0.046783701 -0.000633801 0.998904765 0.572118521
0.998782218 -0.009610268 0.048391093 0.021064602 0.009468889 0.999950230 0.003149999 -0.009191196 -0.048418947 -0.002687953 0.998823643 0.638056517
0.998705924 -0.010297971 0.049803387 0.024407119 0.010163256 0.999943972 0.002957433 -0.009534931 -0.049831051 -0.002447441 0.998754680 0.707851827
0.998573482 -0.011852282 0.052062470 0.027220245 0.011771283 0.999929011 0.001862131 -0.010984686 -0.052080840 -0.001246633 0.998642147 0.777430594
0.998524368 -0.010225795 0.053334229 0.030341394 0.010203172 0.999947667 0.000696479 -0.011671707 -0.053338569 -0.000151273 0.998576462 0.842580020
0.998441756 -0.007446482 0.055306274 0.033071019 0.007486457 0.999971807 -0.000515652 -0.012699903 -0.055300884 0.000928896 0.998469293 0.912025094
0.998342037 -0.009627018 0.056748979 0.036874399 0.009693229 0.999952614 -0.000891597 -0.013859705 -0.056737710 0.001440199 0.998387992 0.982750297
0.998229027 -0.010107022 0.058624554 0.040064186 0.010149240 0.999948442 -0.000422440 -0.014367166 -0.058617268 0.001016687 0.998279929 1.053784609
0.998105824 -0.010114023 0.060683209 0.042528100 0.010071471 0.999948800 0.001007031 -0.016069971 -0.060690291 -0.000393954 0.998156488 1.124449253
0.997986674 -0.011765409 0.062325519 0.047602780 0.011810618 0.999930322 -0.000357012 -0.016629273 -0.062316969 0.001092396 0.998055816 1.197439790
0.997878730 -0.012664897 0.063856468 0.052213244 0.012676537 0.999919653 0.000222865 -0.018326452 -0.063854150 0.000587087 0.997959077 1.270379782
0.997758687 -0.013911936 0.065453202 0.056637861 0.013889724 0.999903202 0.000794407 -0.018602800 -0.065457910 0.000116500 0.997855425 1.344902396
0.997622669 -0.015010587 0.067258134 0.061035205 0.014981425 0.999887228 0.000937971 -0.019895701 -0.067264646 0.000071881 0.997735143 1.419167519
0.997565866 -0.013967971 0.068317838 0.066470861 0.013908996 0.999902308 0.001338888 -0.021132722 -0.068329871 -0.000385397 0.997662723 1.493922234
0.997414231 -0.013053061 0.070671432 0.069939680 0.012900799 0.999913394 0.002610574 -0.022362053 -0.070699386 -0.001692106 0.997496247 1.566528440
0.997318447 -0.012698763 0.072074026 0.074981987 0.012385629 0.999911785 0.004789896 -0.023633491 -0.072128497 -0.003884370 0.997387826 1.639087081
0.997149110 -0.010399435 0.074737035 0.077860452 0.010248080 0.999944687 0.002408402 -0.024884164 -0.074757949 -0.001635625 0.997200370 1.710699916
0.997043312 -0.009043992 0.076306559 0.084176525 0.008963131 0.999958873 0.001402092 -0.026003279 -0.076316074 -0.000714001 0.997083426 1.791680694
0.996942163 -0.009875464 0.077515870 0.088807628 0.009833620 0.999951303 0.000921516 -0.026967367 -0.077521175 -0.000156437 0.996990681 1.866690516
0.996883571 -0.011301517 0.078073144 0.094632372 0.010941329 0.999927461 0.005039681 -0.028340211 -0.078124419 -0.004169750 0.996934891 1.941848993
0.996962130 -0.010185398 0.077218786 0.100167356 0.009897717 0.999942541 0.004107351 -0.029439557 -0.077256203 -0.003330585 0.997005701 2.018457174
0.997087657 -0.007580128 0.075885125 0.103962272 0.007309901 0.999965966 0.003838120 -0.030534543 -0.075911641 -0.003272230 0.997109115 2.093491077
0.997373343 -0.004379807 0.072298408 0.109764799 0.004285731 0.999989688 0.001456274 -0.031545967 -0.072304033 -0.001142597 0.997381985 2.171552420
0.997634351 -0.001358750 0.068731010 0.113776311 0.001323417 0.999998987 0.000559621 -0.033528179 -0.068731703 -0.000467338 0.997635007 2.246441841
0.997914910 -0.001453605 0.064527072 0.117838308 0.001573229 0.999997139 -0.001803075 -0.035834990 -0.064524278 0.001900831 0.997914255 2.321869135
0.998223364 0.003679064 0.059470370 0.121392876 -0.003405501 0.999983191 -0.004700684 -0.036804907 -0.059486669 0.004489806 0.998219073 2.398035765
0.998491645 0.006880275 0.054473285 0.123443156 -0.006389601 0.999937475 -0.009176660 -0.038890235 -0.054533038 0.008814754 0.998473048 2.470874310
0.998797894 0.009319484 0.048123907 0.126817957 -0.008704339 0.999877930 -0.012976276 -0.041028898 -0.048238963 0.012541790 0.998757064 2.548080444
0.999024928 0.013806772 0.041936282 0.127972350 -0.013250139 0.999820769 -0.013522374 -0.043290898 -0.042115469 0.012953524 0.999028742 2.623429775
0.999228835 0.019223809 0.034238122 0.130296201 -0.018809106 0.999746323 -0.012393449 -0.046337966 -0.034467690 0.011739900 0.999336779 2.701459408
0.999399364 0.022703474 0.026179159 0.130746603 -0.022445828 0.999697089 -0.010094020 -0.048336912 -0.026400397 0.009500344 0.999606311 2.776415825
0.999583781 0.024341725 0.015483576 0.131429046 -0.024242813 0.999684691 -0.006544080 -0.050553836 -0.015637986 0.006165991 0.999858677 2.852571011
0.999740481 0.022626242 0.002636680 0.131162718 -0.022620901 0.999742031 -0.002037655 -0.053301159 -0.002682101 0.001977482 0.999994516 2.930787563
0.999696195 0.021663465 -0.011750299 0.128752530 -0.021673556 0.999764860 -0.000732386 -0.054222226 0.011731668 0.000986835 0.999930680 3.004053116
0.999375999 0.021062974 -0.028351121 0.126905471 -0.021117730 0.999775767 -0.001633422 -0.055543773 0.028310359 0.002231115 0.999596715 3.080531120
0.998837054 0.021797230 -0.043003373 0.122760385 -0.022022683 0.999746025 -0.004775859 -0.058494315 0.042888358 0.005717355 0.999063551 3.156344891
0.998096585 0.024151009 -0.056743879 0.116108418 -0.024623491 0.999667585 -0.007642088 -0.059597962 0.056540448 0.009024774 0.998359501 3.231350183
0.997151315 0.025433777 -0.071009621 0.110625863 -0.026207371 0.999606669 -0.009983778 -0.060564730 0.070727766 0.011816312 0.997425616 3.307082653
0.996134579 0.025604347 -0.084024645 0.103374630 -0.026323060 0.999625683 -0.007456718 -0.062924176 0.083802260 0.009639680 0.996435761 3.381307364
0.994871140 0.025430821 -0.097900547 0.095107645 -0.026041092 0.999648452 -0.004960584 -0.064455584 0.097739987 0.007484579 0.995183825 3.456489325
0.993453741 0.023032974 -0.111889228 0.085484773 -0.023406802 0.999723971 -0.002028401 -0.068116918 0.111811623 0.004634091 0.993718565 3.530856133
0.991846919 0.023468312 -0.125255406 0.075549096 -0.023972489 0.999709427 -0.002519198 -0.069002531 0.125159889 0.005501341 0.992121339 3.605994940
0.990054786 0.027110865 -0.138045102 0.062766492 -0.027513925 0.999620855 -0.001012048 -0.070290685 0.137965307 0.004800146 0.990425408 3.681407928
0.987949967 0.030522728 -0.151733965 0.051465154 -0.030487107 0.999531865 0.002561760 -0.072600193 0.151741132 0.002095038 0.988418102 3.755791664
0.985880733 0.035412908 -0.163661703 0.037661374 -0.035024147 0.999372602 0.005261163 -0.073279187 0.163745388 0.000545234 0.986502469 3.832081318
0.983658493 0.037284777 -0.176141754 0.023407280 -0.036708016 0.999304712 0.006532823 -0.074238434 0.176262870 0.000039748 0.984343112 3.905308723
0.981237710 0.038827647 -0.188851804 0.008107543 -0.038185876 0.999245882 0.007036936 -0.075107269 0.188982591 0.000306566 0.981980383 3.979661942
0.978587091 0.040684167 -0.201772973 -0.007608294 -0.040232122 0.999170303 0.006342655 -0.075582050 0.201863587 0.001910916 0.979411781 4.054240227
0.976071239 0.039915439 -0.213756189 -0.025270939 -0.039014183 0.999203026 0.008434872 -0.076370746 0.213922486 0.000106487 0.976850629 4.127268314
0.973261356 0.041988425 -0.225830436 -0.043352962 -0.040658314 0.999117553 0.010539817 -0.076440357 0.226073682 -0.001076112 0.974109650 4.199826241
0.970214128 0.043729421 -0.238269165 -0.062170148 -0.041359227 0.999032617 0.014940298 -0.077591136 0.238691986 -0.004640657 0.971084177 4.273226738
0.967149436 0.044027727 -0.250366598 -0.082323074 -0.041288368 0.999016106 0.016185816 -0.077462099 0.250832945 -0.005316873 0.968015730 4.345049858
0.964052558 0.041709851 -0.262417197 -0.101936936 -0.038655035 0.999111474 0.016795024 -0.078246556 0.262884527 -0.006047541 0.964808345 4.418624401
0.960971713 0.040219083 -0.273707479 -0.123714328 -0.037650093 0.999183834 0.014634539 -0.078323215 0.274072677 -0.003758264 0.961701691 4.489664555
0.957723260 0.038713399 -0.285074234 -0.146054149 -0.036475651 0.999247968 0.013156923 -0.079223916 0.285369158 -0.002202421 0.958415151 4.561122894
0.954217136 0.037664808 -0.296733946 -0.169331789 -0.035726238 0.999290109 0.011955094 -0.079467058 0.296973586 -0.000806569 0.954885304 4.634130955
0.950537443 0.039376747 -0.308103710 -0.192836761 -0.037573468 0.999224305 0.011785671 -0.079547971 0.308328778 0.000373801 0.951279819 4.705531597
0.947283804 0.039801173 -0.317914128 -0.219221473 -0.037606452 0.999207556 0.013040168 -0.081080124 0.318181187 -0.000397118 0.948029876 4.778593540
0.943906486 0.040430091 -0.327728868 -0.243581057 -0.038924523 0.999179900 0.011155048 -0.081449375 0.327911049 0.002227365 0.944705963 4.847965240
0.940874815 0.040236179 -0.336356670 -0.270508289 -0.039567966 0.999177814 0.008843543 -0.081767708 0.336435944 0.004988281 0.941693127 4.918498039
0.937601566 0.040839616 -0.345304877 -0.297141075 -0.040377639 0.999148071 0.008533577 -0.082116336 0.345359147 0.005941502 0.938451767 4.988763809
0.934204996 0.041702799 -0.354290843 -0.324010015 -0.041398007 0.999107122 0.008443179 -0.083275050 0.354326576 0.006779277 0.935097158 5.058571815
0.931151986 0.041953862 -0.362209678 -0.351872563 -0.041282631 0.999101400 0.009595992 -0.083630800 0.362286717 0.006017640 0.932047248 5.128099918
0.927921295 0.043785360 -0.370195806 -0.379504681 -0.041933887 0.999035060 0.013051935 -0.085063033 0.370410085 0.003412581 0.928862035 5.197220325
0.925114572 0.047598153 -0.376692891 -0.411766887 -0.045190852 0.998862207 0.015230678 -0.084684089 0.376989245 0.002932951 0.926213026 5.266582012
0.921708643 0.047865786 -0.384918153 -0.440474153 -0.045445278 0.998848319 0.015388582 -0.084696852 0.385211438 0.003308924 0.922822416 5.335393906
0.918377697 0.048354454 -0.392739296 -0.470517635 -0.046154372 0.998820961 0.015048894 -0.084981285 0.393003941 0.004306066 0.919526756 5.403759003
0.915771127 0.050520167 -0.398511082 -0.503153563 -0.048084948 0.998713374 0.016110873 -0.085058719 0.398812264 0.004408514 0.917021990 5.469737053
0.912744522 0.052935891 -0.405086756 -0.534149766 -0.049795631 0.998591900 0.018294021 -0.086371697 0.405484796 0.003473787 0.914095104 5.538169861
0.909509361 0.053656492 -0.412205756 -0.564608335 -0.050037295 0.998555422 0.019576613 -0.086342826 0.412660748 0.002820551 0.910880446 5.606006622
0.906675398 0.055703554 -0.418134838 -0.596240044 -0.051498827 0.998444915 0.021342903 -0.085934922 0.418673515 0.002182366 0.908134222 5.672488213
0.904181898 0.057528734 -0.423255980 -0.630410075 -0.052137915 0.998343885 0.024314582 -0.085692957 0.423953742 0.000082880 0.905683756 5.736434937
0.900594294 0.057719305 -0.430811316 -0.660742640 -0.052147228 0.998332858 0.024743039 -0.085447937 0.431521177 0.000182179 0.902102768 5.802968502
0.897578955 0.058054313 -0.437014550 -0.693148971 -0.052921858 0.998312116 0.023923177 -0.085806221 0.437665761 0.001654681 0.899136245 5.867591858
0.894434988 0.056662485 -0.443593562 -0.725488663 -0.052877069 0.998382151 0.020910356 -0.084994353 0.444060713 0.004752971 0.895984054 5.931668758
0.891307890 0.055966858 -0.449931026 -0.758971453 -0.053475462 0.998402357 0.018256862 -0.085745886 0.450233966 0.007787787 0.892876685 5.995461464
0.888156235 0.055052504 -0.456232190 -0.792038083 -0.053751107 0.998428702 0.015839782 -0.085504897 0.456387281 0.010454786 0.889719903 6.057660103
0.885025263 0.053084850 -0.462506652 -0.824276209 -0.052429717 0.998522401 0.014280458 -0.086053438 0.462581396 0.011610526 0.886500716 6.118040562
0.881817877 0.051852133 -0.468730718 -0.857755184 -0.052178849 0.998561919 0.012299871 -0.085813299 0.468694419 0.013611582 0.883255482 6.176884651
0.877686203 0.048074599 -0.476818383 -0.888738871 -0.049802370 0.998718321 0.009022555 -0.086480677 0.476641029 0.015827717 0.878955543 6.236918449
0.874023557 0.046533026 -0.483650148 -0.921204209 -0.051216930 0.998681307 0.003529105 -0.087128170 0.483176619 0.021686554 0.875254333 6.292895317
0.870639920 0.042883065 -0.490048200 -0.953943729 -0.052040983 0.998632073 -0.005070013 -0.089317188 0.489160359 0.029916745 0.871680617 6.347544670
0.867212415 0.038817085 -0.496423244 -0.983018398 -0.053751409 0.998428822 -0.015828785 -0.090105690 0.495028883 0.040410366 0.867936254 6.398917675
0.864189565 0.037646793 -0.501756072 -1.013393164 -0.057126891 0.998090148 -0.023504585 -0.093229815 0.499912918 0.048976175 0.864689827 6.450254917
0.862001300 0.036212474 -0.505610943 -1.045942307 -0.059562325 0.997771144 -0.030084485 -0.095740125 0.503394544 0.056048226 0.862236917 6.500765324
0.860102296 0.032856632 -0.509062409 -1.074739933 -0.059512772 0.997572184 -0.036164917 -0.097980693 0.506638288 0.061401244 0.859969497 6.548321247
0.858778119 0.029037397 -0.511524200 -1.103716850 -0.059883315 0.997238457 -0.043926124 -0.101664856 0.508836031 0.068354562 0.858145356 6.595142365
0.857713103 0.026444625 -0.513448060 -1.130253792 -0.060898520 0.996871233 -0.050387915 -0.106208965 0.510509133 0.074486598 0.856640041 6.639834881
0.857456923 0.023429541 -0.514022171 -1.156172514 -0.059495799 0.996776998 -0.053812962 -0.109792471 0.511104584 0.076724462 0.856087267 6.683232784
0.858413935 0.021548916 -0.512504816 -1.185125351 -0.055750694 0.997117996 -0.051453900 -0.113777056 0.509918869 0.072741248 0.857141376 6.728195667
0.860570669 0.019809417 -0.508945704 -1.212444305 -0.050398339 0.997651339 -0.046386957 -0.118197620 0.506831467 0.065569282 0.859547794 6.773605347
0.863781571 0.017291369 -0.503569603 -1.236619949 -0.046749033 0.997850299 -0.045925643 -0.121148184 0.501693010 0.063211106 0.862733126 6.818377018
0.869325638 0.014913090 -0.494014561 -1.263071775 -0.044886760 0.997796118 -0.048866969 -0.124031574 0.492197096 0.064656027 0.868079245 6.863163471
0.876894355 0.014538779 -0.480463177 -1.287127614 -0.043996014 0.997774422 -0.050104633 -0.127635390 0.478665411 0.065074936 0.875582457 6.906802654
0.886887312 0.013015979 -0.461802483 -1.312323570 -0.040553510 0.997937739 -0.049755588 -0.129712984 0.460202545 0.062855311 0.885586143 6.952348709
0.897831678 0.011188287 -0.440196604 -1.330743790 -0.033806622 0.998478115 -0.043574609 -0.132496580 0.439039111 0.054004222 0.896843493 6.996171951
0.911509037 0.012613493 -0.411086619 -1.354390502 -0.030257775 0.998877645 -0.036442202 -0.135503426 0.410165578 0.045655958 0.910867572 7.043129444
0.924772561 0.011741471 -0.380339116 -1.371207833 -0.025701676 0.999168634 -0.031646751 -0.137381852 0.379651368 0.039041393 0.924305499 7.088968754
0.938284814 0.012029976 -0.345654249 -1.386149168 -0.023282023 0.999324918 -0.028419485 -0.140344381 0.345079064 0.034713101 0.937931478 7.133779526
0.951646566 0.013474473 -0.306899309 -1.401071310 -0.021965856 0.999465048 -0.024230976 -0.144232154 0.306408674 0.029800633 0.951433480 7.180226803
0.963879645 0.011932322 -0.266070634 -1.413980007 -0.018423622 0.999590039 -0.021914197 -0.144703537 0.265700072 0.026024632 0.963704407 7.228117943
0.974170327 0.010010436 -0.225592524 -1.421787143 -0.014635345 0.999715447 -0.018838085 -0.147057265 0.225339711 0.021653127 0.974039614 7.273417950
0.983243942 0.008330518 -0.182104513 -1.429929495 -0.011807535 0.999767959 -0.018017666 -0.148479715 0.181912169 0.019865967 0.983114064 7.320914268
0.990400791 0.010418319 -0.137832120 -1.434678793 -0.012815014 0.999781549 -0.016512530 -0.151305065 0.137629971 0.018120345 0.990318060 7.367042542
0.995676577 0.013927194 -0.091837585 -1.439031005 -0.015424625 0.999759138 -0.015615605 -0.152754873 0.091597989 0.016964654 0.995651543 7.415004730
0.998857439 0.012717669 -0.046065487 -1.440677881 -0.013339086 0.999823809 -0.013207691 -0.153986230 0.045889392 0.013807071 0.998851180 7.465422153
0.999931216 0.011644004 -0.001412092 -1.438573360 -0.011654074 0.999904990 -0.007347507 -0.156140715 0.001326404 0.007363459 0.999971926 7.512856483
0.998948097 0.011232216 0.044458706 -1.435266018 -0.011058645 0.999930203 -0.004148115 -0.157473460 -0.044502199 0.003652098 0.999002576 7.563585758
0.995748162 0.015131265 0.090865381 -1.429921865 -0.014915784 0.999884129 -0.003050082 -0.159276888 -0.090901002 0.001681785 0.995858431 7.611965179
0.990468681 0.017126055 0.136669666 -1.422367811 -0.016808107 0.999852657 -0.003480150 -0.160361722 -0.136709154 0.001149821 0.990610540 7.662672997
0.983424127 0.015630234 0.180644795 -1.411392570 -0.014923825 0.999874771 -0.005269040 -0.161597371 -0.180704519 0.002485790 0.983534276 7.712906837
0.974221766 0.012363880 0.225253329 -1.400404811 -0.011558901 0.999921143 -0.004892145 -0.163174957 -0.225296065 0.002162352 0.974287927 7.761155128
0.963825107 0.008157430 0.266410828 -1.384891868 -0.007157858 0.999963224 -0.004722808 -0.164281219 -0.266439557 0.002645029 0.963847935 7.811041832
0.952129662 0.003887428 0.305669785 -1.368149042 -0.002927858 0.999989212 -0.003597631 -0.165539995 -0.305680484 0.002530454 0.952130795 7.860606194
0.939932287 -0.000146888 0.341360927 -1.348290920 0.001609709 0.999990642 -0.004002012 -0.166472331 -0.341357172 0.004311112 0.939923763 7.910726070
0.927493632 -0.002035099 0.373833358 -1.327136278 0.003999947 0.999981999 -0.004480236 -0.168130234 -0.373817533 0.005650704 0.927485049 7.960712433
0.914870203 -0.006125384 0.403701901 -1.303846598 0.009564064 0.999933124 -0.006502078 -0.169642791 -0.403635085 0.009809587 0.914867461 8.010329247
0.903140247 -0.009093535 0.429249346 -1.278619766 0.014484469 0.999851882 -0.009293709 -0.170567393 -0.429101259 0.014610969 0.903138220 8.059561729
0.892224133 -0.013643837 0.451386541 -1.252214193 0.020844124 0.999722302 -0.010983008 -0.172120601 -0.451111406 0.019208062 0.892260849 8.109766006
0.882610142 -0.017506605 0.469779581 -1.223796368 0.026425166 0.999573886 -0.012397247 -0.173459366 -0.469362408 0.023355942 0.882696688 8.161094666
0.874342382 -0.018942706 0.484939933 -1.193902731 0.028427219 0.999521255 -0.012210753 -0.175184846 -0.484476507 0.024461867 0.874462247 8.212679863
0.865877092 -0.020118326 0.499852002 -1.163293839 0.030793298 0.999439716 -0.013116204 -0.176227540 -0.499308079 0.026749112 0.866011441 8.266417503
0.858350694 -0.019751428 0.512683094 -1.131769419 0.031120565 0.999423027 -0.013599684 -0.178567916 -0.512118757 0.027628284 0.858470142 8.319666862
0.850903690 -0.020326657 0.524928272 -1.097926855 0.032426819 0.999378085 -0.013864923 -0.179933876 -0.524319947 0.028819473 0.851033509 8.373884201
0.844091713 -0.021073107 0.535784602 -1.062728405 0.034651782 0.999282539 -0.015288399 -0.181264371 -0.535078049 0.031470701 0.844216228 8.429065704
0.838803411 -0.022735611 0.543959439 -1.026686192 0.036921140 0.999203026 -0.015170421 -0.182446331 -0.543180943 0.032808606 0.838974357 8.486734390
0.835791826 -0.023711955 0.548534155 -0.988346338 0.038220759 0.999156058 -0.015044921 -0.185035899 -0.547714472 0.033539817 0.835992754 8.544409752
0.835815370 -0.027257526 0.548333645 -0.950547934 0.041805565 0.999026775 -0.014062127 -0.186718851 -0.547416687 0.034676742 0.836141467 8.602329254
0.837915957 -0.028571691 0.545050800 -0.911833286 0.042438369 0.999016106 -0.012872578 -0.187923968 -0.544146836 0.033917207 0.838304222 8.663873672
0.840874076 -0.027409690 0.540536344 -0.872605801 0.040062387 0.999129176 -0.011658057 -0.190136015 -0.539746046 0.031458132 0.841239929 8.724110603
0.842769682 -0.024051655 0.537736773 -0.833886385 0.036005802 0.999282658 -0.011734743 -0.192447066 -0.537068725 0.029251333 0.843031228 8.786931992
0.843716860 -0.020827340 0.536384165 -0.795332193 0.032808833 0.999379635 -0.012802296 -0.193684816 -0.535784721 0.028399654 0.843876898 8.850270271
0.844360530 -0.019893469 0.535405695 -0.755140781 0.031982739 0.999399841 -0.013304752 -0.195882633 -0.534819663 0.028357755 0.844490111 8.915250778
0.844991624 -0.019344391 0.534429491 -0.714686632 0.030919759 0.999440968 -0.012711436 -0.198426694 -0.533884764 0.027265489 0.845117390 8.981034279
0.845788836 -0.018636646 0.533192217 -0.674265146 0.030119218 0.999463797 -0.012843104 -0.200475886 -0.532666981 0.026921889 0.845896602 9.047578812
0.846667290 -0.018456293 0.531802177 -0.632969141 0.030763071 0.999424517 -0.014291818 -0.202164546 -0.531232357 0.028460290 0.846747875 9.114578247
0.847598910 -0.017360887 0.530353427 -0.591172934 0.030184647 0.999423802 -0.015524729 -0.203166515 -0.529778123 0.029167270 0.847634554 9.183372498
0.848181486 -0.015968109 0.529464900 -0.550109863 0.028658627 0.999464869 -0.015767148 -0.205971345 -0.528929770 0.028547142 0.848185241 9.252844810
0.849494874 -0.016141802 0.527349830 -0.505253792 0.029179372 0.999439538 -0.016412206 -0.208935171 -0.526789367 0.029329829 0.849489629 9.323702812
0.850194991 -0.014756745 0.526261091 -0.463442326 0.029417485 0.999376953 -0.019501820 -0.211819589 -0.525645435 0.032061629 0.850099385 9.395032883
0.851188123 -0.012443633 0.524713218 -0.421597481 0.027830129 0.999382615 -0.021445487 -0.214923963 -0.524122417 0.032856978 0.851008952 9.465844154
0.852856934 -0.009661036 0.522055268 -0.375178337 0.026630118 0.999332428 -0.025010949 -0.217661738 -0.521465123 0.035233155 0.852544904 9.540432930
0.854227245 -0.009334579 0.519816041 -0.330748081 0.027099218 0.999279201 -0.026588330 -0.222026780 -0.519193172 0.036799088 0.853864372 9.612924576
0.854905665 -0.005741794 0.518751681 -0.287831306 0.023801466 0.999319911 -0.028163996 -0.225320742 -0.518237174 0.036424614 0.854460895 9.690378189
0.856304228 -0.006744742 0.516427755 -0.243953705 0.024435615 0.999324024 -0.027465863 -0.228168815 -0.515893400 0.036138371 0.855890155 9.763141632
0.857983232 -0.007455918 0.513623476 -0.199112892 0.023858275 0.999394000 -0.025346586 -0.231964201 -0.513123214 0.034001123 0.857641160 9.838515282
0.859557331 -0.010115612 0.510939240 -0.154246330 0.025544424 0.999404728 -0.023187310 -0.236143082 -0.510400534 0.032982469 0.859304070 9.914928436
0.861834764 -0.008804399 0.507112741 -0.111555099 0.023329390 0.999479294 -0.022295371 -0.239538193 -0.506652296 0.031045560 0.861591339 9.991776466
0.864872515 -0.010036942 0.501891196 -0.067792892 0.022849094 0.999550998 -0.019384911 -0.242977858 -0.501471162 0.028233238 0.864713550 10.067478180
0.867898762 -0.010135284 0.496637732 -0.025146008 0.021581313 0.999617100 -0.017314412 -0.245261386 -0.496272027 0.025745247 0.867785275 10.143831253
0.871540308 -0.009618366 0.490229487 0.019272327 0.020777790 0.999633968 -0.017326251 -0.248821124 -0.489883333 0.025286408 0.871421218 10.220388412
0.874451399 -0.008061266 0.485046446 0.058418274 0.019463306 0.999639869 -0.018475238 -0.252647996 -0.484722823 0.025596300 0.874293208 10.297878265
0.878706455 -0.009751813 0.477263004 0.098936558 0.021677636 0.999575019 -0.019487387 -0.255895853 -0.476870239 0.027469624 0.878544390 10.373982430
0.884005010 -0.011497524 0.467336178 0.140217781 0.023507491 0.999526143 -0.019875757 -0.259375453 -0.466886163 0.028556168 0.883856177 10.451855659
0.890432239 -0.013391107 0.454918742 0.181010246 0.026065096 0.999426842 -0.021598954 -0.262076586 -0.454368830 0.031089909 0.890271008 10.531330109
0.896730006 -0.014646616 0.442335576 0.219429016 0.027919289 0.999333680 -0.023509772 -0.265503973 -0.441696554 0.033431612 0.896541417 10.611231804
0.903617978 -0.013929877 0.428112745 0.256353378 0.027212916 0.999318898 -0.024922617 -0.268740922 -0.427474052 0.034170721 0.903381646 10.691329002
0.910464942 -0.013080061 0.413379312 0.293693542 0.025749978 0.999353468 -0.025092810 -0.272761881 -0.412783861 0.033490632 0.910213113 10.773865700
0.917127311 -0.012958361 0.398383707 0.327260494 0.025222158 0.999355018 -0.025558081 -0.277589470 -0.397795618 0.033488110 0.916862667 10.854853630
0.923304558 -0.007863970 0.383987993 0.360245228 0.019827871 0.999433100 -0.027208285 -0.280219108 -0.383556366 0.032735199 0.922937155 10.937829018
0.928613722 -0.005840214 0.371001959 0.392671824 0.017397149 0.999461710 -0.027811596 -0.283642113 -0.370639861 0.032280605 0.928215504 11.021891594
0.933030367 -0.005825083 0.359750479 0.423233509 0.015066477 0.999624431 -0.022889707 -0.287736326 -0.359482050 0.026776966 0.932767689 11.106296539
0.937531233 -0.005100355 0.347863585 0.455035925 0.012964986 0.999710202 -0.020284396 -0.291145355 -0.347659290 0.023527306 0.937325656 11.192913055
0.942022443 -0.002601300 0.335539758 0.483172417 0.010407451 0.999715388 -0.021468373 -0.293459147 -0.335388392 0.023715802 0.941781461 11.277422905
0.946255803 -0.004731246 0.323384494 0.511460781 0.012814021 0.999656320 -0.022869758 -0.297473103 -0.323165148 0.025784494 0.945991278 11.363142014
0.950464189 -0.003740685 0.310811639 0.540325403 0.011645079 0.999654114 -0.023579691 -0.301257074 -0.310615897 0.026031075 0.950179040 11.451088905
0.954002917 -0.001734396 0.299792111 0.563833237 0.009768668 0.999632120 -0.025302799 -0.303911179 -0.299637944 0.027067516 0.953669012 11.536354065
0.957824826 -0.001767109 0.287347257 0.589988708 0.009884672 0.999591887 -0.026801700 -0.308725536 -0.287182629 0.028511671 0.957451403 11.623485565
0.961349905 -0.003246544 0.275310338 0.614820004 0.011413692 0.999540865 -0.028068317 -0.313785464 -0.275092810 0.030125787 0.960945606 11.711326599
0.964204371 -0.003346865 0.265139043 0.636496544 0.011512445 0.999505877 -0.029249337 -0.316795111 -0.264910132 0.031254735 0.963766396 11.800990105
0.966883302 -0.005646452 0.255156487 0.661387444 0.013043829 0.999541879 -0.027308704 -0.320831984 -0.254885405 0.029732550 0.966514051 11.890179634
0.968901396 -0.008798291 0.247290820 0.683555603 0.015343492 0.999580681 -0.024552982 -0.325084239 -0.246971101 0.027583724 0.968630195 11.980767250
0.970751107 -0.010418931 0.239862368 0.707261324 0.016715799 0.999566615 -0.024232496 -0.329922825 -0.239505902 0.027533215 0.970504463 12.072615623
0.971877754 -0.008544756 0.235330939 0.728842974 0.014834634 0.999578118 -0.024970362 -0.332983464 -0.235018268 0.027759183 0.971594453 12.162967682
0.972431779 -0.006013495 0.233109862 0.748368979 0.011744540 0.999661744 -0.023204960 -0.337187320 -0.232891470 0.025303012 0.972173512 12.253769875
0.972791791 -0.006839468 0.231580406 0.770006180 0.012196016 0.999689937 -0.021706652 -0.343582541 -0.231360182 0.023940409 0.972573519 12.348927498
0.973195851 -0.003414666 0.229952574 0.791167736 0.009184426 0.999669135 -0.024025433 -0.345235497 -0.229794458 0.025493434 0.972905219 12.439448357
0.973473608 -0.002693874 0.228783399 0.812674046 0.008800993 0.999631464 -0.025677800 -0.349056512 -0.228629902 0.027010184 0.973138690 12.533835411
0.974133909 -0.003088356 0.225950032 0.834127426 0.009226475 0.999616385 -0.026114859 -0.352967143 -0.225782722 0.027524091 0.973788798 12.626724243
0.974777877 -0.004373662 0.223134413 0.854306340 0.010322145 0.999621570 -0.025499392 -0.357689500 -0.222938463 0.027159471 0.974454105 12.720228195
0.975513160 -0.007489299 0.219813541 0.875066996 0.012913173 0.999646425 -0.023248438 -0.360952497 -0.219561681 0.025517648 0.975264847 12.814349174
0.976326108 -0.012336954 0.215951428 0.896685481 0.017187104 0.999640107 -0.020595858 -0.365763366 -0.215619624 0.023819854 0.976186812 12.909545898
0.977073014 -0.016040813 0.212299436 0.918937325 0.021397285 0.999507427 -0.022957185 -0.369682521 -0.211826608 0.026973482 0.976934969 13.004949570
0.977482021 -0.014784123 0.210499942 0.938290715 0.021199578 0.999375999 -0.028253278 -0.372729391 -0.209950864 0.032079585 0.977185607 13.099618912
0.977881491 -0.016393315 0.208516404 0.960458279 0.023012381 0.999303997 -0.029357282 -0.377242982 -0.207890049 0.033506408 0.977578163 13.197981834
0.977879703 -0.015936311 0.208560124 0.978264570 0.021969726 0.999403656 -0.026644312 -0.381455243 -0.208011106 0.030636942 0.977646530 13.294881821
0.977768064 -0.015802234 0.209093243 0.997030258 0.020924725 0.999532163 -0.022309098 -0.384447157 -0.208642855 0.026188340 0.977641225 13.393178940
0.977900267 -0.021165539 0.207998499 1.018918753 0.025399035 0.999520719 -0.017703615 -0.388480157 -0.207524106 0.022595325 0.977968931 13.492286682
0.978026748 -0.025704287 0.206889048 1.041955948 0.029941747 0.999400616 -0.017376207 -0.391176999 -0.206318393 0.023189016 0.978210092 13.592421532
0.977617443 -0.031610321 0.208002090 1.061451316 0.036298532 0.999164879 -0.018760176 -0.395405620 -0.207235366 0.025890447 0.977948487 13.691026688
0.977296948 -0.033037119 0.209282517 1.082258701 0.038382296 0.999031246 -0.021529708 -0.398322284 -0.208368480 0.029073663 0.977618217 13.790630341
0.977154613 -0.034754943 0.209668607 1.103727341 0.040127266 0.998964906 -0.021422263 -0.402649909 -0.208707049 0.029346291 0.977537751 13.890722275
0.976796150 -0.032906231 0.211627930 1.124066353 0.037847996 0.999096274 -0.019341914 -0.406401426 -0.210800245 0.026902802 0.977158904 13.990710258
0.976355016 -0.028216667 0.214323908 1.144645214 0.033045292 0.999273658 -0.018979527 -0.410171241 -0.213632688 0.025613150 0.976578236 14.092349052
0.975562930 -0.021490136 0.218666896 1.165132523 0.026197527 0.999482810 -0.018650794 -0.413213938 -0.218153000 0.023923554 0.975621283 14.193044662
0.974331141 -0.016072987 0.224544868 1.186354876 0.020318506 0.999655604 -0.016609179 -0.417118907 -0.224200532 0.020745259 0.974322200 14.296547890
0.972953260 -0.008604418 0.230841488 1.208668232 0.012624480 0.999793172 -0.015943384 -0.420378208 -0.230656534 0.018426422 0.972860754 14.399671555
0.971410155 -0.004741673 0.237360060 1.232078552 0.009090201 0.999810338 -0.017229263 -0.424543738 -0.237233326 0.018894333 0.971268952 14.501668930
0.969674706 -0.001653365 0.244393572 1.257197857 0.006655815 0.999784887 -0.019644402 -0.428652167 -0.244308516 0.020675320 0.969477117 14.605556488
0.967607915 0.000717240 0.252456814 1.282464981 0.004871076 0.999756753 -0.021510044 -0.431102931 -0.252410799 0.022043023 0.967368960 14.708436012
0.965596616 -0.001401791 0.260041147 1.309674263 0.006779592 0.999781251 -0.019784812 -0.435279012 -0.259956568 0.020867120 0.965394795 14.812559128
0.963366866 -0.006194360 0.268115550 1.338322401 0.010787772 0.999819279 -0.015662435 -0.438590586 -0.267970026 0.017981043 0.963259459 14.916276932
0.960887611 -0.011190943 0.276712596 1.367211819 0.016258990 0.999739408 -0.016027594 -0.441981196 -0.276461065 0.019899782 0.960819125 15.020225525
0.958812773 -0.017372848 0.283506870 1.400109291 0.023272721 0.999576747 -0.017455271 -0.445394397 -0.283083618 0.023334315 0.958811402 15.122446060
0.956607938 -0.019983264 0.290692210 1.431553602 0.027706236 0.999363422 -0.022475543 -0.448621690 -0.290058017 0.029554270 0.956552625 15.225634575
0.954539478 -0.019488133 0.297446609 1.464105129 0.028070576 0.999302983 -0.024609204 -0.451743186 -0.296759725 0.031839959 0.954421282 15.330682755
0.952259064 -0.020797290 0.304582089 1.497358084 0.028851556 0.999342322 -0.021966293 -0.453749061 -0.303924918 0.029705266 0.952232838 15.435813904
0.949645221 -0.021251982 0.312605649 1.528976679 0.027712990 0.999484003 -0.016239287 -0.459079236 -0.312099248 0.024084799 0.949744165 15.540685654
0.947588861 -0.025567913 0.318467706 1.563952923 0.030908719 0.999453425 -0.011727454 -0.461677909 -0.317993850 0.020956239 0.947861075 15.645891190
0.946109354 -0.031014126 0.322358727 1.600486755 0.036849901 0.999248564 -0.012015251 -0.463298023 -0.321743846 0.023246631 0.946541309 15.752271652
0.944886923 -0.033856697 0.325641960 1.634676456 0.040490288 0.999087214 -0.013612950 -0.469496012 -0.324883908 0.026048036 0.945395172 15.856119156
0.943841338 -0.035516661 0.328484654 1.670064688 0.043345887 0.998923242 -0.016540242 -0.474392056 -0.327543557 0.029849827 0.944364488 15.961108208
0.943498373 -0.028432060 0.330155134 1.706624746 0.036036715 0.999206901 -0.016934659 -0.477228761 -0.329411894 0.027875531 0.943774760 16.067453384
0.942931056 -0.026176792 0.331957608 1.742810726 0.033863518 0.999275148 -0.017391222 -0.480336696 -0.331261754 0.027639978 0.943134010 16.174211502
0.942530811 -0.021865858 0.333402991 1.778867722 0.028968200 0.999446690 -0.016345574 -0.484154791 -0.332861066 0.025064295 0.942642689 16.279518127
0.941949248 -0.021985015 0.335034788 1.815364361 0.029024575 0.999450386 -0.016018474 -0.487437159 -0.334498465 0.024812831 0.942069530 16.386943817
0.941720247 -0.020798482 0.335753411 1.850428343 0.026822133 0.999551594 -0.013312722 -0.489671081 -0.335325986 0.021542482 0.941855848 16.490119934
0.941905797 -0.022309359 0.335135311 1.888680935 0.027957615 0.999536693 -0.012038195 -0.492650241 -0.334711432 0.020708432 0.942093134 16.594598770
0.942262590 -0.022359958 0.334127456 1.924574852 0.028198523 0.999522507 -0.012633293 -0.495773494 -0.333685458 0.021325780 0.942443252 16.698392868
0.941986144 -0.021653505 0.334952533 1.962385416 0.027615568 0.999533474 -0.013046874 -0.500443935 -0.334513754 0.021539880 0.942144692 16.807147980
0.942183733 -0.020588249 0.334463775 1.999840498 0.026295802 0.999575496 -0.012545353 -0.505054951 -0.334063470 0.020615019 0.942325115 16.913476944
0.941878498 -0.017886680 0.335477233 2.037485123 0.023205802 0.999660373 -0.011853082 -0.508852541 -0.335151285 0.018949181 0.941973805 17.023197174
0.941050351 -0.017978504 0.337788433 2.074743748 0.022935800 0.999679744 -0.010690098 -0.511536539 -0.337488085 0.017807363 0.941161335 17.130756378
0.940383852 -0.017289266 0.339675277 2.112866879 0.021515418 0.999730885 -0.008679283 -0.514730453 -0.339433789 0.015470115 0.940502763 17.239389420
0.939994156 -0.020283483 0.340587199 2.150355816 0.024880655 0.999648690 -0.009135130 -0.517063737 -0.340282291 0.017060999 0.940168560 17.346063614
0.939268351 -0.019369485 0.342636466 2.189200163 0.024142554 0.999661744 -0.009670315 -0.521271527 -0.342333287 0.017355144 0.939418316 17.454584122
0.938759565 -0.018082727 0.344098002 2.227041721 0.023115309 0.999677360 -0.010528467 -0.524241984 -0.343796551 0.017837634 0.938874722 17.561588287
0.938376427 -0.015937142 0.345247477 2.264338970 0.020769391 0.999731243 -0.010301738 -0.527127147 -0.344990462 0.016837487 0.938455105 17.669963837
0.938246071 -0.014967437 0.345644772 2.304252863 0.019005395 0.999784946 -0.008296151 -0.530834615 -0.345446259 0.014352947 0.938328743 17.780126572
0.938408554 -0.016544018 0.345131457 2.344610691 0.020377770 0.999764323 -0.007482815 -0.533992529 -0.344926268 0.014054947 0.938524544 17.890069962
0.938560307 -0.018288992 0.344630390 2.383668661 0.022360109 0.999719322 -0.007841607 -0.537031651 -0.344390184 0.015065795 0.938705683 17.999048233
0.938757002 -0.018437326 0.344086260 2.423227549 0.023129273 0.999686956 -0.009536008 -0.540044665 -0.343802750 0.016910462 0.938889623 18.109807968
0.938764751 -0.017454894 0.344116449 2.462557316 0.022396848 0.999695122 -0.010391234 -0.542650700 -0.343830168 0.017462045 0.938869476 18.221586227
0.938885987 -0.016944986 0.343810797 2.502854586 0.021632334 0.999717951 -0.009802160 -0.546171546 -0.343547702 0.016640542 0.938987792 18.334321976
0.938898265 -0.013842845 0.343916237 2.540580273 0.017868530 0.999803841 -0.008538709 -0.548685312 -0.343730599 0.014162257 0.938961565 18.444225311
0.938506365 -0.016154367 0.344883770 2.579672575 0.020272568 0.999759734 -0.008337443 -0.552984834 -0.344666153 0.014816424 0.938608408 18.558645248
0.938491106 -0.016695984 0.344899416 2.619954109 0.021579893 0.999713838 -0.010325714 -0.554498911 -0.344628334 0.017133486 0.938582897 18.671485901
0.938671887 -0.017854877 0.344348907 2.661763668 0.022095684 0.999720633 -0.008394722 -0.561844230 -0.344102830 0.015488513 0.938804209 18.786525726
0.938933253 -0.016549680 0.343701124 2.703475952 0.021567741 0.999709249 -0.010782047 -0.563412189 -0.343422681 0.017536482 0.939017355 18.900781631
0.938300490 -0.016992094 0.345403552 2.739099979 0.021728458 0.999715388 -0.009845188 -0.567606270 -0.345137984 0.016742826 0.938402712 19.011648178
0.938580096 -0.017850453 0.344599217 2.783247948 0.022640785 0.999694824 -0.009881590 -0.569776773 -0.344317704 0.017076662 0.938697875 19.127931595
0.938556135 -0.018458972 0.344632685 2.824405432 0.022820489 0.999702692 -0.008602872 -0.573535740 -0.344371408 0.015938967 0.938698173 19.242269516
0.938553989 -0.018894896 0.344615012 2.865786314 0.023115996 0.999699652 -0.008143546 -0.576358914 -0.344357669 0.015609276 0.938708782 19.358133316
0.938253641 -0.022188995 0.345235795 2.907784700 0.026629457 0.999612451 -0.008124284 -0.580234826 -0.344921738 0.016816080 0.938480735 19.471914291
0.938092709 -0.023969240 0.345553964 2.949171782 0.029341187 0.999516249 -0.010322873 -0.583091021 -0.345139354 0.019822782 0.938342035 19.585004807
0.937648237 -0.025029315 0.346683264 2.988977432 0.031333156 0.999429703 -0.012589126 -0.586542308 -0.346170425 0.022666851 0.937897742 19.697473526
0.937400401 -0.026397344 0.347251564 3.031443357 0.032679670 0.999390960 -0.012246667 -0.590105057 -0.346716821 0.022828098 0.937692046 19.811607361
0.936816931 -0.024036966 0.348993212 3.072839975 0.029962724 0.999483824 -0.011590563 -0.593525827 -0.348534465 0.021315021 0.937053561 19.925348282
0.935730934 -0.020836009 0.352098703 3.113192558 0.026353490 0.999593437 -0.010883972 -0.597094238 -0.351728708 0.019463502 0.935899615 20.038898468
0.934801698 -0.018392691 0.354693562 3.155706406 0.023113312 0.999691665 -0.009076419 -0.600516140 -0.354417264 0.016682792 0.934938550 20.154422760
0.933507144 -0.019717989 0.358016372 3.198187351 0.023934504 0.999686480 -0.007349440 -0.603192151 -0.357759207 0.015429700 0.933686376 20.270193100
0.933014572 -0.018761445 0.359348983 3.241490364 0.023045970 0.999705136 -0.007642469 -0.606911004 -0.359099567 0.015412082 0.933171988 20.383369446
0.932118297 -0.017719362 0.361720264 3.284080982 0.022779522 0.999693155 -0.009729296 -0.610515952 -0.361436874 0.017308669 0.932235897 20.496900558
0.931086719 -0.016225008 0.364436805 3.325366974 0.021662822 0.999706566 -0.010837872 -0.614032328 -0.364154041 0.017985730 0.931165040 20.610860825
0.931020141 -0.013538304 0.364716381 3.371162415 0.019298665 0.999739826 -0.012153733 -0.616843879 -0.364456981 0.018353907 0.931039333 20.727005005
0.930460691 -0.015752187 0.366052777 3.413947105 0.021305593 0.999710917 -0.011136056 -0.619709134 -0.365771532 0.018160634 0.930527449 20.841690063
0.929827392 -0.018164458 0.367547423 3.457347870 0.022856049 0.999703407 -0.008415537 -0.622877777 -0.367285520 0.016225681 0.929966688 20.955835342
0.929835260 -0.021170529 0.367366552 3.504220009 0.025437493 0.999653459 -0.006776575 -0.626397014 -0.367095739 0.015645981 0.930051565 21.073354721
0.929473937 -0.023522317 0.368137002 3.549839020 0.028353564 0.999568105 -0.007719246 -0.629501462 -0.367796481 0.017612832 0.929739475 21.189239502
0.929204345 -0.025733335 0.368669301 3.592764854 0.030337734 0.999517262 -0.006697172 -0.633287132 -0.368318975 0.017407633 0.929536521 21.300346375
0.928866625 -0.027817979 0.369368404 3.637611866 0.031854466 0.999480844 -0.004832593 -0.635872006 -0.369042248 0.016254866 0.929270506 21.414329529
