0.999912143 0.001027745 0.013215968 0.000505817 -0.001037238 0.999999166 0.000711449 -0.001063323 -0.013215226 -0.000725095 0.999912441 0.061475154
0.999739528 0.000813337 0.022807693 0.002104087 -0.000854435 0.999998033 0.001792276 -0.001673014 -0.022806192 -0.001811296 0.999738276 0.127251536
0.999502897 -0.001626013 0.031484812 0.003979981 0.001522516 0.999993324 0.003310894 -0.002176053 -0.031489987 -0.003261312 0.999498725 0.186385587
0.999327004 -0.004025288 0.036458582 0.006194593 0.003900025 0.999986172 0.003506261 -0.003298495 -0.036472190 -0.003361713 0.999329031 0.249848202
0.999212742 -0.005047909 0.039349739 0.008665818 0.005012488 0.999986887 0.000998797 -0.004050618 -0.039354257 -0.000800770 0.999225020 0.313524127
0.999116838 -0.004780733 0.041744389 0.010776689 0.004911630 0.999983311 -0.003033715 -0.004988646 -0.041729189 0.003236069 0.999123693 0.377657890
0.999070704 -0.006915371 0.042542197 0.014212044 0.007149062 0.999960124 -0.005343441 -0.005916407 -0.042503551 0.005642612 0.999080360 0.444316417
0.998920500 -0.008461303 0.045675468 0.015464366 0.008595528 0.999959230 -0.002742997 -0.007105450 -0.045650408 0.003132641 0.998952568 0.508770108
0.998845041 -0.009433778 0.047111772 0.018277876 0.009403706 0.999955356 0.000859932 -0.007936307 -0.047117788 -0.000415914 0.998889267 0.577441752
0.998782456 -0.009427087 0.048424717 0.021301458 0.009277243 0.999951482 0.003318224 -0.009345175 -0.048453655 -0.002864936 0.998821318 0.643892944
0.998673201 -0.010122162 0.050490372 0.023961011 0.009982637 0.999945641 0.003014834 -0.009710767 -0.050518140 -0.002506807 0.998720050 0.713856578
0.998593867 -0.012565266 0.051503666 0.027912633 0.012474484 0.999920011 0.002083767 -0.011092747 -0.051525734 -0.001438354 0.998670578 0.781099379
0.998515010 -0.010920472 0.053371765 0.031091632 0.010873808 0.999940276 0.001164651 -0.012131083 -0.053381287 -0.000582567 0.998574078 0.851432741
0.998448074 -0.009277952 0.054914668 0.033924684 0.009309785 0.999956548 -0.000323908 -0.013076878 -0.054909281 0.000834648 0.998491108 0.920111835
0.998357236 -0.010373802 0.056348771 0.038066514 0.010440097 0.999945104 -0.000882283 -0.013887709 -0.056336526 0.001469121 0.998410761 0.991899610
0.998243213 -0.010784813 0.058258168 0.041018091 0.010792810 0.999941766 0.000177378 -0.014814109 -0.058256678 0.000451703 0.998301506 1.061655283
0.998134196 -0.011059186 0.060048055 0.044250078 0.011026195 0.999938846 0.000880750 -0.015866293 -0.060054123 -0.000217005 0.998195052 1.132783651
0.998015344 -0.012425820 0.061732382 0.049242511 0.012473200 0.999922156 -0.000382180 -0.016293777 -0.061722826 0.001151421 0.998092592 1.206583738
0.997928977 -0.013485497 0.062896140 0.054499567 0.013477629 0.999908984 0.000549358 -0.018701559 -0.062897816 0.000299471 0.998020053 1.277025580
0.997772276 -0.012637985 0.065503739 0.057557777 0.012568419 0.999919951 0.001473992 -0.019320101 -0.065517120 -0.000647430 0.997851253 1.350906014
0.997700512 -0.015578361 0.065962642 0.063802667 0.015518326 0.999878585 0.001422470 -0.020724524 -0.065976791 -0.000395570 0.997821033 1.425198674
0.997599363 -0.012774770 0.068060875 0.067619234 0.012629393 0.999916971 0.002565853 -0.022828389 -0.068088003 -0.001700126 0.997677863 1.501128435
0.997469544 -0.011818413 0.070105396 0.072334573 0.011620460 0.999927282 0.003230754 -0.023558926 -0.070138484 -0.002407921 0.997534335 1.576506019
0.997354567 -0.011612183 0.071756423 0.077438310 0.011216542 0.999919653 0.005914195 -0.024936046 -0.071819328 -0.005093690 0.997404635 1.650114059
0.997211516 -0.009395239 0.074033245 0.080835335 0.009215536 0.999953687 0.002768565 -0.026285516 -0.074055813 -0.002078588 0.997251928 1.728057146
0.997116268 -0.009971755 0.075232342 0.086766623 0.009854908 0.999949574 0.001924247 -0.027102051 -0.075247727 -0.001177290 0.997164190 1.804987669
0.997030795 -0.009484363 0.076416865 0.092323214 0.009402625 0.999954820 0.001429335 -0.028054724 -0.076426961 -0.000706571 0.997074842 1.882250190
0.996911943 -0.011470655 0.077684492 0.095967829 0.011043415 0.999921441 0.005927053 -0.030320290 -0.077746361 -0.005050848 0.996960342 1.955461979
0.996993124 -0.010682407 0.076750092 0.101765484 0.010320010 0.999933720 0.005116884 -0.031353101 -0.076799653 -0.004309437 0.997037232 2.032704592
0.997203529 -0.011330001 0.073869713 0.107568741 0.010992754 0.999927223 0.004970421 -0.033016909 -0.073920645 -0.004144490 0.997255445 2.108329773
0.997454882 -0.007136241 0.070942514 0.112128600 0.006939554 0.999971390 0.003018571 -0.034677766 -0.070962034 -0.002518579 0.997475863 2.184113979
0.997756302 -0.002554312 0.066902511 0.116560683 0.002460166 0.999995887 0.001489552 -0.035536483 -0.066906027 -0.001321619 0.997758448 2.259057760
0.998022079 -0.001555658 0.062844820 0.120980948 0.001661222 0.999997377 -0.001627547 -0.036171291 -0.062842123 0.001728727 0.998022020 2.335427046
0.998269916 0.001198760 0.058785219 0.122206531 -0.001007114 0.999994040 -0.003289625 -0.038908966 -0.058788817 0.003224730 0.998265207 2.409819603
0.998594344 0.005104019 0.052756764 0.127032787 -0.004688871 0.999957085 -0.007989876 -0.040834025 -0.052795280 0.007731276 0.998575389 2.487715721
0.998828292 0.008818387 0.047583885 0.127272889 -0.008285324 0.999900818 -0.011388242 -0.042679753 -0.047679599 0.010980649 0.998802304 2.560545206
0.999096453 0.012228630 0.040702656 0.129314184 -0.011726214 0.999852419 -0.012559501 -0.044876382 -0.040850237 0.012070864 0.999092340 2.638016224
0.999267876 0.017925842 0.033796601 0.130945981 -0.017554022 0.999782443 -0.011266577 -0.047900297 -0.033991214 0.010665064 0.999365211 2.713497400
0.999449193 0.021121187 0.025595199 0.131148115 -0.020901369 0.999742687 -0.008825648 -0.049878452 -0.025775023 0.008285814 0.999633372 2.787881136
0.999657154 0.021325139 0.015186127 0.130705088 -0.021257423 0.999763429 -0.004606628 -0.053562764 -0.015280772 0.004282232 0.999874055 2.866175175
0.999831378 0.018291233 0.001580514 0.131344229 -0.018290497 0.999832630 -0.000478535 -0.055396434 -0.001588996 0.000449548 0.999998629 2.944001913
0.999757886 0.018069470 -0.012567963 0.129090086 -0.018060405 0.999836564 0.000834512 -0.056188818 0.012580988 -0.000607328 0.999920666 3.015664101
0.999441683 0.018720401 -0.027676653 0.125134647 -0.018745452 0.999824107 -0.000645877 -0.056905422 0.027659688 0.001164327 0.999616623 3.092069864
0.998903513 0.018409036 -0.043045048 0.122333393 -0.018589942 0.999819875 -0.003806183 -0.059219941 0.042967238 0.004602214 0.999065876 3.166511536
0.998118281 0.021132562 -0.057562113 0.116444856 -0.021522444 0.999749422 -0.006161711 -0.061184283 0.057417478 0.007388993 0.998322904 3.242458105
0.997120082 0.022204161 -0.072514907 0.112268105 -0.022839038 0.999707520 -0.007937562 -0.062824667 0.072317459 0.009570872 0.997335732 3.318783045
0.996148407 0.023152230 -0.084571339 0.103149265 -0.023772527 0.999697447 -0.006334780 -0.064028203 0.084399097 0.008320854 0.996397316 3.390765667
0.994874418 0.020433920 -0.099032439 0.095999390 -0.020835992 0.999778330 -0.003027333 -0.067207724 0.098948643 0.005075254 0.995079756 3.467463493
0.993494928 0.020751653 -0.111970603 0.085328907 -0.021059338 0.999777019 -0.001565721 -0.068140052 0.111913152 0.003913562 0.993710279 3.539200544
0.991859138 0.020186679 -0.125729710 0.075437307 -0.020566959 0.999787033 -0.001727082 -0.069827609 0.125668064 0.004298898 0.992063046 3.614966869
0.990013480 0.022827314 -0.139112696 0.063627839 -0.023062108 0.999734104 -0.000075841 -0.071388729 0.139073953 0.003283315 0.990276575 3.691764355
0.988011301 0.028876107 -0.151656434 0.051171124 -0.028778577 0.999581754 0.002838403 -0.072240144 0.151674956 0.001560083 0.988429189 3.763883591
0.985746682 0.034209859 -0.164721191 0.038207710 -0.033677060 0.999414444 0.006027035 -0.073403910 0.164830953 -0.000393806 0.986321688 3.841095209
0.983768761 0.033547014 -0.176277027 0.023079097 -0.032802306 0.999436378 0.007137754 -0.074693948 0.176417142 -0.001239607 0.984314740 3.911521673
0.981268048 0.035564765 -0.189336360 0.007854462 -0.034698214 0.999366701 0.007890691 -0.075715154 0.189497069 -0.001173249 0.981880665 3.985964060
0.978724182 0.036934573 -0.201828361 -0.008258045 -0.036229480 0.999317646 0.007187788 -0.075985841 0.201956093 0.000277274 0.979394555 4.060520172
0.975985587 0.036831953 -0.214698493 -0.025465727 -0.035692293 0.999320626 0.009183844 -0.077060521 0.214890882 -0.001300218 0.976637304 4.134589672
0.973345160 0.038502257 -0.226089999 -0.044255555 -0.036777359 0.999253392 0.011837944 -0.077745482 0.226376995 -0.003207415 0.974034488 4.207184792
0.970245600 0.041575026 -0.238526642 -0.063134909 -0.039051078 0.999120116 0.015299365 -0.077532090 0.238952830 -0.005529420 0.971015394 4.281299591
0.967205465 0.041201618 -0.250631094 -0.083214819 -0.038307723 0.999131143 0.016416075 -0.078148425 0.251089752 -0.006276611 0.967943430 4.355214119
0.963871062 0.039483648 -0.263426721 -0.101377130 -0.036270171 0.999196470 0.017052766 -0.078409426 0.263888389 -0.006882136 0.964528680 4.426818371
0.960994184 0.036656275 -0.274128228 -0.125512481 -0.033780988 0.999313533 0.015203744 -0.079195648 0.274497390 -0.005350389 0.961573005 4.502492905
0.957690537 0.035534833 -0.285597861 -0.147711396 -0.033073220 0.999362588 0.013439443 -0.079476669 0.285893291 -0.003425186 0.958255351 4.573329449
0.954116881 0.034920052 -0.297391415 -0.170803189 -0.032758720 0.999388218 0.012250012 -0.079576299 0.297637314 -0.001945782 0.954677105 4.646017075
0.950683236 0.037195947 -0.307925045 -0.196254611 -0.035040479 0.999307334 0.012528336 -0.080086946 0.308177799 -0.001120636 0.951328039 4.718700409
0.947101355 0.037240401 -0.318766415 -0.220330119 -0.034906514 0.999305606 0.013033172 -0.081020877 0.319030404 -0.001216713 0.947743654 4.791236877
0.943800211 0.038099673 -0.328313291 -0.246382833 -0.036352318 0.999273300 0.011460595 -0.081493720 0.328511447 0.001118437 0.944499373 4.862168789
0.940883338 0.037721597 -0.336623818 -0.273108602 -0.036648024 0.999282658 0.009544838 -0.081856027 0.336742342 0.003356016 0.941590846 4.932487011
0.937475562 0.038436335 -0.345922291 -0.299106479 -0.037858028 0.999247551 0.008430908 -0.081569970 0.345986068 0.005192166 0.938225329 5.002892971
0.934265614 0.039280042 -0.354407817 -0.327483177 -0.038700536 0.999212742 0.008725958 -0.082877040 0.354471564 0.005563406 0.935050249 5.073801041
0.931378901 0.039257910 -0.361928523 -0.356179237 -0.038333125 0.999217510 0.009738172 -0.083353609 0.362027645 0.004803923 0.932155013 5.144561768
0.927918851 0.042145781 -0.370392352 -0.382856131 -0.040258665 0.999106884 0.012827939 -0.084325776 0.370602190 0.003008214 0.928786814 5.212817192
0.924774647 0.045845099 -0.377743423 -0.413986683 -0.043325759 0.998945773 0.015169583 -0.083880216 0.378040612 0.002337571 0.925786018 5.283499718
0.921646774 0.046134200 -0.385277629 -0.442618251 -0.043644182 0.998931289 0.015210805 -0.084073663 0.385567665 0.002796136 0.922675312 5.349927902
0.918230116 0.045914304 -0.393376678 -0.472206593 -0.043444369 0.998940468 0.015185745 -0.085141033 0.393657148 0.003145994 0.919251978 5.418465137
0.914921880 0.047755815 -0.400795877 -0.501931548 -0.045204692 0.998852432 0.015824145 -0.085064627 0.401091665 0.003639999 0.916030645 5.486021996
0.912319899 0.050520729 -0.406349629 -0.536455750 -0.047625512 0.998716414 0.017241748 -0.084305033 0.406699121 0.003622620 0.913554966 5.556693554
0.909078181 0.051341977 -0.413449734 -0.566680312 -0.047625255 0.998678803 0.019298721 -0.085134178 0.413894355 0.002146605 0.910322368 5.623079777
0.906197667 0.053559333 -0.419448763 -0.599584579 -0.049564041 0.998561978 0.020425625 -0.083890691 0.419939607 0.002279925 0.907549262 5.691305637
0.903887868 0.055261288 -0.424184948 -0.633816361 -0.050101403 0.998471856 0.023317162 -0.083704114 0.424825251 0.000176160 0.905275345 5.756494522
0.900396168 0.055761855 -0.431482732 -0.666499972 -0.050398439 0.998444080 0.023863135 -0.083575055 0.432142019 0.000259784 0.901805520 5.824911594
0.897294164 0.055841066 -0.437886983 -0.697670221 -0.050684180 0.998438954 0.023465602 -0.084382325 0.438513786 0.001138397 0.898723722 5.888218403
0.894349039 0.054913729 -0.443986654 -0.732004881 -0.051363733 0.998479068 0.020030115 -0.083182178 0.444411337 0.004890894 0.895809472 5.953374386
0.891186476 0.053969540 -0.450415194 -0.764658213 -0.051441938 0.998516262 0.017861521 -0.084341660 0.450710744 0.007252280 0.892640591 6.015952110
0.888267040 0.052828688 -0.456279367 -0.799424291 -0.051808216 0.998548031 0.014755120 -0.083386235 0.456396282 0.010532529 0.889714241 6.078900814
0.885194778 0.051140059 -0.462401271 -0.832390904 -0.050921243 0.998618603 0.012963173 -0.083490454 0.462425411 0.012071114 0.886575997 6.139862061
0.881348848 0.049411822 -0.469875097 -0.863797545 -0.050159469 0.998681307 0.010936244 -0.083633654 0.469795853 0.013930039 0.882665098 6.201056957
0.878424168 0.046002395 -0.475662410 -0.899261713 -0.047694158 0.998825669 0.008520067 -0.085893393 0.475495785 0.015202084 0.879586637 6.257600784
0.874416292 0.044173967 -0.483161151 -0.930907249 -0.048775680 0.998805225 0.003044376 -0.086117439 0.482718289 0.020904467 0.875526130 6.314169884
0.870919526 0.040893190 -0.489721090 -0.962291241 -0.050380442 0.998710930 -0.006201192 -0.087956488 0.488836139 0.030073106 0.871857166 6.369213581
0.868046582 0.037536651 -0.495061785 -0.995006084 -0.052571259 0.998481274 -0.016471989 -0.090187952 0.493691683 0.040324479 0.868701577 6.420147419
0.865360379 0.035536882 -0.499888480 -1.025852442 -0.055137135 0.998178363 -0.024488132 -0.091804504 0.498107761 0.048753474 0.865743518 6.470012665
0.862550497 0.034152515 -0.504817188 -1.054257393 -0.057572071 0.997864187 -0.030861145 -0.094700173 0.502685010 0.055682667 0.862674475 6.521142006
0.860487461 0.030431120 -0.508561909 -1.084567070 -0.057581559 0.997627437 -0.037732478 -0.095547691 0.506207049 0.061752114 0.860198259 6.570939541
0.859789550 0.025371160 -0.510017931 -1.117879152 -0.056792319 0.997319818 -0.046128340 -0.097978920 0.507480681 0.068625756 0.858926058 6.618848324
0.858635008 0.023308706 -0.512057424 -1.141891718 -0.058533475 0.996889651 -0.052772745 -0.102682635 0.509234667 0.075285017 0.857328475 6.662032604
0.858481944 0.020415045 -0.512437284 -1.169199467 -0.056950741 0.996822298 -0.055696622 -0.107251167 0.509671748 0.076998219 0.856916666 6.706464767
0.859691083 0.016946439 -0.510533035 -1.199395657 -0.052492306 0.997089267 -0.055295266 -0.108505189 0.508110046 0.074335895 0.858078361 6.751727104
0.861473978 0.014692509 -0.507589221 -1.224174500 -0.046789262 0.997625768 -0.050533220 -0.111598521 0.505641580 0.067282774 0.860116184 6.796601295
0.865351021 0.012751831 -0.501004100 -1.249968052 -0.043458037 0.997819960 -0.049665105 -0.115368187 0.499278575 0.064750396 0.864018738 6.839830399
0.871101141 0.011549789 -0.490968049 -1.277290344 -0.042500839 0.997745633 -0.051935691 -0.119686186 0.489261508 0.066107787 0.869628131 6.884866714
0.878048539 0.010660856 -0.478452921 -1.298948526 -0.040934287 0.997760952 -0.052889857 -0.123777360 0.476817787 0.066024989 0.876518905 6.928341866
0.888338804 0.009502860 -0.459090352 -1.326017976 -0.037898917 0.997892141 -0.052678626 -0.125893980 0.457622021 0.064195491 0.886826456 6.974291325
0.898682415 0.006610942 -0.438550085 -1.341882467 -0.030081637 0.998460948 -0.046592321 -0.128284767 0.437567234 0.055064004 0.897498131 7.018638611
0.912166357 0.008619885 -0.409729660 -1.364390731 -0.026943406 0.998877108 -0.038968764 -0.132064164 0.408933669 0.046585500 0.911374331 7.064651966
0.925679564 0.008260322 -0.378218472 -1.382870555 -0.022514347 0.999192476 -0.033280816 -0.134974197 0.377638072 0.039322712 0.925117970 7.110646725
0.939488232 0.008284394 -0.342481166 -1.399578094 -0.020037644 0.999324977 -0.030793896 -0.137231022 0.341994822 0.035793014 0.939019978 7.157319069
0.952097178 0.008336887 -0.305681944 -1.411137700 -0.017546073 0.999470711 -0.027391506 -0.139498532 0.305291802 0.031442892 0.951739609 7.202838421
0.964340806 0.007844497 -0.264547348 -1.424160719 -0.014650053 0.999610305 -0.023762107 -0.141619414 0.264257818 0.026790403 0.964079916 7.249534607
0.974733710 0.006060641 -0.223287836 -1.433416843 -0.011077672 0.999713421 -0.021223184 -0.143633708 0.223095134 0.023160459 0.974521458 7.296939850
0.983738244 0.004489755 -0.179552168 -1.442007303 -0.008215264 0.999766111 -0.020010710 -0.145620674 0.179420277 0.021160368 0.983544886 7.345917702
0.990724385 0.006024400 -0.135752842 -1.445835590 -0.008579330 0.999796867 -0.018243283 -0.148028865 0.135615334 0.019238736 0.990574777 7.391362190
0.995890737 0.010020317 -0.090006784 -1.449669838 -0.011613611 0.999784648 -0.017195687 -0.149537399 0.089815088 0.018170325 0.995792747 7.438854218
0.998995960 0.009211577 -0.043842368 -1.451538444 -0.009839554 0.999851704 -0.014129352 -0.151457027 0.043705717 0.014546558 0.998938620 7.487807751
0.999974668 0.006677880 0.002458990 -1.452501059 -0.006653777 0.999930978 -0.009683330 -0.151188448 -0.002523512 0.009666726 0.999950111 7.542975426
0.998877227 0.007086098 0.046840731 -1.446664810 -0.006861516 0.999964178 -0.004953634 -0.154531837 -0.046874158 0.004626675 0.998890042 7.585705757
0.995609641 0.011141468 0.092935674 -1.440948486 -0.010814753 0.999933422 -0.004018397 -0.156082034 -0.092974253 0.002995679 0.995664060 7.636262417
0.990173817 0.013013010 0.139235675 -1.434184074 -0.012601583 0.999913216 -0.003836118 -0.157375574 -0.139273509 0.002043833 0.990251899 7.686293125
0.982896030 0.012046916 0.183766767 -1.424206853 -0.011219042 0.999921620 -0.005544100 -0.158422738 -0.183819175 0.003387587 0.982954264 7.733494282
0.973834634 0.008370757 0.227103814 -1.410963297 -0.007375651 0.999959052 -0.005229997 -0.159892857 -0.227138326 0.003418114 0.973856509 7.783329010
0.963114321 0.003644312 0.269067913 -1.396577835 -0.002393650 0.999984682 -0.004976055 -0.160691738 -0.269081950 0.004148456 0.963108361 7.832383156
0.951579332 -0.001148374 0.307401270 -1.378410816 0.002386921 0.999990463 -0.003653147 -0.162037775 -0.307394147 0.004210003 0.951572895 7.881453991
0.939237654 -0.004261724 0.343241096 -1.359155893 0.005822983 0.999976873 -0.003518047 -0.163373262 -0.343218178 0.005302969 0.939240754 7.931086540
0.926560223 -0.006560754 0.376089275 -1.338461637 0.008848564 0.999951363 -0.004356128 -0.164306238 -0.376042336 0.007364065 0.926573217 7.980113029
0.913930476 -0.010119346 0.405744702 -1.315011263 0.013967348 0.999881148 -0.006523911 -0.165420234 -0.405630499 0.011629578 0.913963199 8.029455185
0.902194977 -0.013402348 0.431120217 -1.289618969 0.019191975 0.999774456 -0.009082325 -0.166358307 -0.430901319 0.016468074 0.902248800 8.078898430
0.891042352 -0.018075269 0.453560114 -1.263640642 0.025671646 0.999614239 -0.010596672 -0.167803735 -0.453193605 0.021085719 0.891162694 8.128803253
0.881427169 -0.021838460 0.471814811 -1.235549688 0.031081878 0.999447107 -0.011805526 -0.169310749 -0.471296191 0.025070604 0.881618619 8.179016113
0.872945249 -0.023261454 0.487263143 -1.206102371 0.032965854 0.999392092 -0.011349253 -0.171512693 -0.486702979 0.025970325 0.873181403 8.230943680
0.864701271 -0.024609212 0.501683235 -1.174430132 0.035542753 0.999293149 -0.012242878 -0.172053814 -0.501027346 0.028417638 0.864964724 8.284225464
0.857252181 -0.024074176 0.514333487 -1.141758442 0.035724882 0.999280035 -0.012770680 -0.174385548 -0.513655782 0.029322198 0.857495129 8.337296486
0.849492610 -0.024390355 0.527036548 -1.108945608 0.036883999 0.999232292 -0.013207916 -0.175334692 -0.526309669 0.030659238 0.849739969 8.392103195
0.842653334 -0.025157722 0.537868440 -1.073756218 0.039203845 0.999123216 -0.014686826 -0.176445723 -0.537027478 0.033462409 0.842900813 8.446750641
0.837662101 -0.026575498 0.545541823 -1.037583351 0.041001365 0.999056935 -0.014288286 -0.178158939 -0.544647515 0.034336712 0.837961853 8.502253532
0.834480107 -0.028170655 0.550317466 -0.999658108 0.043105666 0.998969316 -0.014226711 -0.180149883 -0.549349487 0.035593715 0.834834278 8.560511589
0.834551811 -0.031782169 0.550012052 -0.961098194 0.046976864 0.998803854 -0.013564194 -0.181508332 -0.548923194 0.037157867 0.835046470 8.618353844
0.836822391 -0.033263594 0.546463013 -0.922602892 0.047634136 0.998790979 -0.012147090 -0.183426350 -0.545398235 0.036195260 0.837395132 8.677926064
0.839487076 -0.032021213 0.542435408 -0.884166718 0.045003351 0.998929799 -0.010679236 -0.185298324 -0.541512847 0.033376489 0.840029597 8.740015984
0.841306090 -0.028078090 0.539829314 -0.845643044 0.040779524 0.999100983 -0.011587393 -0.186568767 -0.539018631 0.031762525 0.841694772 8.802043915
0.842315793 -0.024542773 0.538425148 -0.806777239 0.037348196 0.999219298 -0.012880837 -0.187916636 -0.537688613 0.030958943 0.842574835 8.865453720
0.843056619 -0.023819622 0.537297010 -0.766250849 0.036290802 0.999261320 -0.012643258 -0.190640002 -0.536598861 0.030157922 0.843298316 8.929998398
0.843831956 -0.023410482 0.536096513 -0.725610018 0.035207383 0.999310613 -0.011779173 -0.193168923 -0.535451233 0.028814200 0.844074428 8.995459557
0.844773114 -0.023012131 0.534629703 -0.683635950 0.034930553 0.999315560 -0.012180410 -0.195345730 -0.533983469 0.028964592 0.844998598 9.062356949
0.845331132 -0.022284051 0.533777595 -0.644062519 0.035103589 0.999287307 -0.013874670 -0.196419388 -0.533087969 0.030466199 0.845511079 9.128306389
0.846496582 -0.021619404 0.531954825 -0.601862669 0.034721322 0.999289751 -0.014639273 -0.197977662 -0.531260550 0.030862268 0.846646190 9.195966721
0.847242415 -0.019916082 0.530832767 -0.559438229 0.033032790 0.999338269 -0.015228685 -0.199801072 -0.530178189 0.030437276 0.847339749 9.265259743
0.848216057 -0.019893859 0.529276609 -0.517246246 0.033355154 0.999317288 -0.015893582 -0.203129202 -0.528599024 0.031135296 0.848300457 9.334573746
0.849121571 -0.019000482 0.527855515 -0.474670410 0.034184154 0.999234557 -0.019021425 -0.206068382 -0.527090073 0.034195799 0.849121213 9.404972076
0.850455046 -0.016600402 0.525785685 -0.432002544 0.032423299 0.999255717 -0.020895410 -0.209265754 -0.525047541 0.034818310 0.850360394 9.474865913
0.851560056 -0.013858987 0.524073720 -0.387872219 0.031273570 0.999213159 -0.024392068 -0.211961836 -0.523323298 0.037160974 0.851323426 9.549230576
0.852939904 -0.014047911 0.521819890 -0.344440937 0.032096617 0.999157727 -0.025565159 -0.216778785 -0.521021307 0.038554206 0.852672398 9.620757103
0.853873730 -0.010819162 0.520367801 -0.300624847 0.029108457 0.999211848 -0.026989205 -0.220146671 -0.519665599 0.038192473 0.853515625 9.695793152
0.855161548 -0.010813489 0.518248856 -0.257442474 0.028914457 0.999220848 -0.026862526 -0.222351953 -0.517554581 0.037956681 0.854808033 9.768814087
0.856883764 -0.011935078 0.515371501 -0.212083817 0.028809225 0.999278247 -0.024758242 -0.226018116 -0.514703989 0.036062393 0.856609166 9.843893051
0.858600676 -0.014092833 0.512451172 -0.168221474 0.029875398 0.999298692 -0.022574030 -0.229992598 -0.511773646 0.034691758 0.858419657 9.918624878
0.860718071 -0.013254232 0.508909345 -0.125287056 0.028227510 0.999365687 -0.021713305 -0.233577400 -0.508298695 0.033054277 0.860546231 9.995429993
0.863723993 -0.014661327 0.503751695 -0.081780910 0.027842598 0.999438345 -0.018650513 -0.237116054 -0.503195405 0.030134650 0.863647103 10.070459366
0.867030561 -0.014536299 0.498042852 -0.038569450 0.026434463 0.999508560 -0.016846610 -0.239161402 -0.497553140 0.027772019 0.866988778 10.145393372
0.869904041 -0.014599840 0.493004918 0.003131390 0.025918316 0.999533832 -0.016132526 -0.243625730 -0.492539585 0.026811602 0.869876921 10.222877502
0.873610318 -0.012786127 0.486458331 0.044442654 0.024475956 0.999544024 -0.017683221 -0.246624708 -0.486010432 0.027354775 0.873524845 10.298387527
0.877857268 -0.014837883 0.478692532 0.085483551 0.027221842 0.999449909 -0.018941533 -0.249691188 -0.478148222 0.029658850 0.877778232 10.374288559
0.883441985 -0.016808635 0.468239099 0.128324032 0.029500959 0.999368906 -0.019785514 -0.252158582 -0.467611015 0.031292856 0.883380175 10.453337669
0.889498949 -0.018211102 0.456574172 0.167504311 0.031230118 0.999291837 -0.020984432 -0.256807923 -0.455868751 0.032924496 0.889437854 10.530452728
0.896362245 -0.019869139 0.442876995 0.207576752 0.033537678 0.999171555 -0.023052063 -0.259842455 -0.442052096 0.035516065 0.896285951 10.609527588
0.902971029 -0.020392420 0.429217190 0.242075682 0.034163624 0.999118149 -0.024403300 -0.263912588 -0.428341180 0.036699086 0.902871549 10.687795639
0.910185635 -0.017430436 0.413833797 0.279292822 0.030901337 0.999187350 -0.025879176 -0.265178055 -0.413046420 0.036342870 0.909984589 10.768406868
0.916504979 -0.018237812 0.399607360 0.311788082 0.030973356 0.999196529 -0.025435159 -0.271399587 -0.398822337 0.035688631 0.916333497 10.847854614
0.923107743 -0.012540367 0.384336948 0.346902132 0.025009621 0.999309897 -0.027462512 -0.274498999 -0.383727312 0.034962978 0.922784328 10.930864334
0.928189635 -0.011256059 0.371937484 0.379385233 0.023380443 0.999331474 -0.028104037 -0.278031230 -0.371372461 0.034781937 0.927832305 11.015661240
0.932570517 -0.011292259 0.360811174 0.406824827 0.021007536 0.999514341 -0.023015447 -0.281644195 -0.360376060 0.029043283 0.932354867 11.095109940
0.937016189 -0.011470061 0.349097580 0.437766552 0.019656396 0.999608338 -0.019916467 -0.285597235 -0.348732471 0.025524050 0.936874688 11.181335449
0.941559136 -0.009680946 0.336708546 0.466498137 0.017980156 0.999606252 -0.021538636 -0.287980556 -0.336367518 0.026333971 0.941362560 11.265350342
0.945751309 -0.010270535 0.324728787 0.492920160 0.018771002 0.999557972 -0.023055255 -0.291491359 -0.324348509 0.027900027 0.945526063 11.346820831
0.949907541 -0.009715443 0.312379628 0.520939112 0.017985746 0.999559522 -0.023604708 -0.295906246 -0.312012762 0.028040672 0.949664056 11.432332039
0.953539908 -0.007274538 0.301178783 0.544680357 0.015803626 0.999539852 -0.025892263 -0.297704339 -0.300851882 0.029449020 0.953216076 11.517913818
0.957399726 -0.007260672 0.288674712 0.570641756 0.015812479 0.999502122 -0.027303418 -0.302540600 -0.288332760 0.030704947 0.957037866 11.601995468
0.960898519 -0.008842124 0.276759654 0.595126867 0.017515376 0.999429345 -0.028882161 -0.307289720 -0.276346385 0.032600377 0.960505009 11.689383507
0.963783443 -0.009114899 0.266530335 0.616882801 0.017599639 0.999410868 -0.029462732 -0.311525643 -0.266104817 0.033086527 0.963376164 11.778803825
0.966495872 -0.011294501 0.256433576 0.640958786 0.019085858 0.999428093 -0.027915077 -0.315176457 -0.255971640 0.031874053 0.966158688 11.864180565
0.968517005 -0.014373907 0.248532191 0.662911415 0.021281479 0.999457657 -0.025128990 -0.319426000 -0.248036206 0.029626988 0.968297601 11.953097343
0.970180154 -0.015033497 0.241918296 0.684853792 0.021795535 0.999442279 -0.025299793 -0.323729187 -0.241403028 0.029818095 0.969966710 12.041597366
0.971334696 -0.014181672 0.237292796 0.705936909 0.020948654 0.999441922 -0.026020167 -0.326481789 -0.236791372 0.030245254 0.971089661 12.131578445
0.971949935 -0.013873079 0.234778270 0.725083828 0.019967826 0.999522030 -0.023602176 -0.331126571 -0.234338626 0.027628148 0.971762300 12.219968796
0.972269952 -0.012306360 0.233537450 0.745263815 0.018278670 0.999558389 -0.023426116 -0.335165858 -0.233145982 0.027045261 0.972065687 12.310162544
0.972802877 -0.010268601 0.231406733 0.768188715 0.016374888 0.999566078 -0.024482418 -0.339565784 -0.231054887 0.027605824 0.972549021 12.401791573
0.973356068 -0.009308739 0.229109913 0.792377472 0.015630538 0.999544978 -0.025793623 -0.344311297 -0.228765592 0.028687488 0.973058701 12.494452477
0.973712742 -0.009901653 0.227564216 0.810444593 0.016601127 0.999482810 -0.027544735 -0.345587015 -0.227173790 0.030598486 0.973373413 12.586031914
0.974418700 -0.010454966 0.224496394 0.830827713 0.016945472 0.999491632 -0.027004160 -0.350414574 -0.224099964 0.030117564 0.974100649 12.678436279
0.975156486 -0.014497362 0.221042082 0.851295352 0.020364989 0.999497533 -0.024289379 -0.354103386 -0.220578864 0.028187463 0.974961698 12.770046234
0.975786030 -0.019194635 0.217883259 0.870859981 0.024631569 0.999448597 -0.022264646 -0.358186424 -0.217335761 0.027092338 0.975720823 12.862641335
0.976215661 -0.022524752 0.215628326 0.889071226 0.028472526 0.999293864 -0.024516629 -0.361924052 -0.214923859 0.030072998 0.976167619 12.953878403
0.977013469 -0.021442035 0.212096602 0.912357807 0.028337611 0.999162376 -0.029525008 -0.365854710 -0.211285859 0.034856647 0.976802528 13.049584389
0.977307916 -0.022822205 0.210590303 0.933301449 0.029970502 0.999075711 -0.030814813 -0.370150656 -0.209692374 0.036427062 0.977088630 13.142858505
0.977335572 -0.022574734 0.210488901 0.952075243 0.029152406 0.999177158 -0.028198756 -0.374129444 -0.209679112 0.033695906 0.977189481 13.239169121
0.977450073 -0.023039151 0.209905967 0.972212434 0.028663365 0.999305964 -0.023790872 -0.377668113 -0.209212169 0.029271001 0.977432132 13.336174965
0.977354288 -0.027660202 0.209794044 0.992116094 0.032365225 0.999294996 -0.019026235 -0.381901950 -0.209119901 0.025385404 0.977560461 13.432220459
0.977368534 -0.031968106 0.209114477 1.014211893 0.036645744 0.999156475 -0.018531786 -0.384666622 -0.208345652 0.025775537 0.977715611 13.530303955
0.976975918 -0.037157141 0.210088983 1.033876300 0.042441122 0.998884559 -0.020697242 -0.388077259 -0.209085569 0.029137120 0.977463186 13.626546860
0.976786733 -0.039909340 0.210463315 1.054985523 0.045675319 0.998700500 -0.022605218 -0.392205358 -0.209287688 0.031693462 0.977340400 13.723753929
0.976514935 -0.040422510 0.211623833 1.075870514 0.046415217 0.998647511 -0.023425074 -0.395498902 -0.210390732 0.032697495 0.977070391 13.822593689
0.976135731 -0.038481414 0.213724881 1.095896482 0.044081412 0.998796582 -0.021496443 -0.399381787 -0.212640494 0.030404735 0.976657391 13.920292854
0.975651145 -0.034174990 0.216649249 1.116066456 0.039650220 0.998993456 -0.020974884 -0.403337061 -0.215714380 0.029054362 0.976024091 14.020462990
0.974832594 -0.027789826 0.221199542 1.135960698 0.033001557 0.999257088 -0.019899733 -0.407111883 -0.220482230 0.026698837 0.975025535 14.119411469
0.973843038 -0.022292772 0.226125494 1.158485174 0.027121291 0.999465227 -0.018268749 -0.410853446 -0.225597322 0.023923712 0.973926783 14.221132278
0.972454190 -0.014650284 0.232633799 1.180654526 0.019258386 0.999660492 -0.017549401 -0.414508283 -0.232297733 0.021546135 0.972406149 14.322212219
0.970754683 -0.010641767 0.239837617 1.202771425 0.015678726 0.999694586 -0.019103253 -0.418089092 -0.239561111 0.022304920 0.970625043 14.423189163
0.969033360 -0.007969298 0.246801227 1.227755785 0.013660876 0.999678612 -0.021357697 -0.422659308 -0.246551692 0.024067841 0.968830705 14.524394989
0.967018425 -0.005585186 0.254645199 1.252939939 0.011873906 0.999661148 -0.023165528 -0.425088555 -0.254429489 0.025425127 0.966756999 14.626460075
0.964885533 -0.007487417 0.262563795 1.279621363 0.013607287 0.999676287 -0.021497564 -0.429309785 -0.262317777 0.024315467 0.964675128 14.729012489
0.962678611 -0.012623611 0.270352572 1.308809757 0.017921405 0.999692559 -0.017136233 -0.433337510 -0.270053148 0.021341782 0.962608814 14.831766129
0.960371912 -0.017290259 0.278184742 1.339108706 0.023153318 0.999573290 -0.017804414 -0.436692446 -0.277758211 0.023539757 0.960362554 14.935629845
0.957906604 -0.023279132 0.286134720 1.369448662 0.029828358 0.999382854 -0.018550761 -0.440842539 -0.285526276 0.026304824 0.958009779 15.035192490
0.955849051 -0.025468044 0.292752326 1.401215553 0.033890616 0.999143720 -0.023733649 -0.443516672 -0.291897207 0.032607343 0.955893695 15.134982109
0.953960657 -0.025041265 0.298884451 1.434612274 0.034298949 0.999079406 -0.025767941 -0.446616083 -0.297964066 0.034833025 0.953941345 15.238433838
0.951408863 -0.026400078 0.306796640 1.466134310 0.035051763 0.999127209 -0.022723587 -0.449340999 -0.305929005 0.032373182 0.951503754 15.342942238
0.948842406 -0.027106861 0.314584136 1.498488665 0.034299079 0.999261141 -0.017348623 -0.454208285 -0.313881457 0.027251061 0.949071050 15.445646286
0.946572244 -0.031785801 0.320921630 1.532262325 0.037615564 0.999220550 -0.011980572 -0.458083004 -0.320290655 0.023412125 0.947030008 15.549420357
0.945020139 -0.037217561 0.324887395 1.568981647 0.043634921 0.998969555 -0.012486394 -0.459192753 -0.324087948 0.025976332 0.945670307 15.654386520
0.944066226 -0.039959174 0.327325791 1.603983402 0.047467351 0.998760402 -0.014977997 -0.464415193 -0.326321542 0.029677507 0.944792807 15.756167412
0.942875504 -0.041631699 0.330533594 1.638229370 0.050371457 0.998569787 -0.017916061 -0.469144881 -0.329315007 0.033542071 0.943624139 15.859740257
0.942688346 -0.034310363 0.331905872 1.674190760 0.042693831 0.998926044 -0.017997459 -0.473333120 -0.330931902 0.031136328 0.943140805 15.964197159
0.941910148 -0.032921113 0.334247530 1.710098028 0.041291323 0.998985589 -0.017965730 -0.476324469 -0.333317071 0.030723622 0.942314088 16.069114685
0.941483557 -0.026217699 0.336037755 1.744142532 0.034147333 0.999259889 -0.017708877 -0.479178399 -0.335324734 0.028147409 0.941682041 16.172908783
0.940973282 -0.026745958 0.337422460 1.781425953 0.034267418 0.999278903 -0.016353542 -0.483791471 -0.336741745 0.026950845 0.941211283 16.279438019
0.940677166 -0.024916956 0.338386923 1.817414761 0.031459067 0.999408960 -0.013861647 -0.486025393 -0.337841451 0.023684671 0.940904975 16.385774612
0.940718532 -0.027650878 0.338059038 1.854844093 0.033766828 0.999355018 -0.012222847 -0.490474880 -0.337503016 0.022913443 0.941045463 16.488809586
0.940829039 -0.026579538 0.337837756 1.891443253 0.032640107 0.999391913 -0.012270345 -0.494291008 -0.337306201 0.022571359 0.941124320 16.594081879
0.941084445 -0.026314316 0.337146193 1.932208300 0.033235084 0.999338448 -0.014771376 -0.495552063 -0.336534470 0.025106192 0.941336453 16.703319550
0.941105008 -0.023616213 0.337288767 1.966214180 0.029670075 0.999477684 -0.012804382 -0.501590133 -0.336810142 0.022057645 0.941314161 16.803504944
0.940859914 -0.021221671 0.338130623 2.003363371 0.026955070 0.999561489 -0.012269176 -0.505279422 -0.337721914 0.020657914 0.941019177 16.910604477
0.940128326 -0.021698765 0.340129465 2.040370226 0.027198341 0.999565005 -0.011409203 -0.508027315 -0.339733928 0.019977070 0.940309405 17.016324997
0.939539492 -0.022003507 0.341732830 2.079201460 0.026730152 0.999601007 -0.009127899 -0.510932624 -0.341395617 0.017710593 0.939752817 17.124376297
0.938845873 -0.024141183 0.343490481 2.117060423 0.029073868 0.999534786 -0.009216919 -0.514220595 -0.343108147 0.018639864 0.939110875 17.230861664
0.938477457 -0.023451511 0.344543338 2.155664444 0.028774453 0.999532402 -0.010343070 -0.517701149 -0.344139665 0.019620787 0.938713431 17.338314056
0.938093901 -0.022077942 0.345676780 2.194395065 0.027698001 0.999552131 -0.011326379 -0.520603716 -0.345271915 0.020199761 0.938285232 17.446067810
0.937721908 -0.019805051 0.346821755 2.233238220 0.025046239 0.999629676 -0.010635688 -0.524056554 -0.346482694 0.018659897 0.937870741 17.555406570
0.937795997 -0.020123396 0.346602947 2.272184849 0.024829090 0.999650061 -0.009140938 -0.527647376 -0.346297652 0.017178174 0.937967420 17.662151337
0.938025415 -0.020419993 0.345964402 2.314486504 0.024854261 0.999655902 -0.008385145 -0.530686498 -0.345674127 0.016464168 0.938210309 17.774862289
0.938158751 -0.022470266 0.345475793 2.353388786 0.027042262 0.999598861 -0.008419335 -0.534739792 -0.345147997 0.017241113 0.938389897 17.883327484
0.938118279 -0.022513736 0.345582843 2.392277718 0.027814630 0.999559104 -0.010387080 -0.537206292 -0.345196605 0.019356562 0.938330770 17.994632721
0.938473344 -0.021674579 0.344670892 2.431877375 0.026986435 0.999579430 -0.010620533 -0.540803671 -0.344295681 0.019268524 0.938663483 18.103467941
0.938357770 -0.020825315 0.345037937 2.471360922 0.025915124 0.999612689 -0.010144981 -0.543873608 -0.344693065 0.018461321 0.938533902 18.217250824
0.937839925 -0.017653776 0.346618861 2.508301973 0.022101132 0.999716282 -0.008881680 -0.546930730 -0.346363723 0.015990263 0.937963963 18.328371048
0.938395858 -0.018999435 0.345039487 2.551533222 0.023746103 0.999672532 -0.009535230 -0.549659133 -0.344745278 0.017141163 0.938539743 18.441390991
0.938479364 -0.019743528 0.344770521 2.590667725 0.024523117 0.999654055 -0.009507022 -0.553876579 -0.344463468 0.017376995 0.938638866 18.552230835
0.938223124 -0.020458935 0.345425725 2.630551577 0.025293251 0.999635041 -0.009493339 -0.558085680 -0.345105380 0.017643811 0.938398004 18.665069580
0.938785851 -0.019936400 0.343923688 2.673393965 0.025489205 0.999607384 -0.011631459 -0.560727119 -0.343556762 0.019685794 0.938925564 18.778469086
0.938450277 -0.020674529 0.344795108 2.710926056 0.026098005 0.999597788 -0.011094889 -0.564797521 -0.344427019 0.019410467 0.938612342 18.889396667
0.938430488 -0.022191845 0.344754696 2.752357483 0.027533481 0.999564648 -0.010604860 -0.567894697 -0.344369173 0.019444222 0.938632905 19.003297806
0.938304961 -0.023115769 0.345035374 2.793630838 0.028459450 0.999540508 -0.010429352 -0.570616841 -0.344635725 0.019605428 0.938531756 19.117240906
0.937902749 -0.025249809 0.345978200 2.833827257 0.030390263 0.999493480 -0.009440143 -0.574710131 -0.345564604 0.019368306 0.938195050 19.230937958
0.938026786 -0.027092207 0.345502019 2.875847578 0.032586306 0.999417961 -0.010102403 -0.577935994 -0.345027238 0.020734960 0.938363492 19.344739914
0.937561631 -0.027814243 0.346705288 2.916115999 0.034146182 0.999342799 -0.012166490 -0.580778658 -0.346139073 0.023245497 0.937895298 19.457965851
0.937255144 -0.029455101 0.347397804 2.956689596 0.036648735 0.999228120 -0.014153398 -0.584833741 -0.346712738 0.025997039 0.937611043 19.570222855
0.937049687 -0.031619869 0.347761482 2.998378992 0.038607296 0.999167562 -0.013179745 -0.589325964 -0.347055286 0.025776202 0.937490404 19.680967331
0.936531305 -0.029048668 0.349378526 3.039371729 0.035854705 0.999272108 -0.013027504 -0.592366099 -0.348745763 0.024727529 0.936891079 19.792804718
0.935566843 -0.025777170 0.352207720 3.079067230 0.032192323 0.999405265 -0.012368368 -0.596093297 -0.351679355 0.022909822 0.935840070 19.903377533
0.934592962 -0.023876084 0.354916781 3.119832754 0.029616449 0.999503493 -0.010749256 -0.599378705 -0.354483873 0.020557553 0.934836090 20.015428543
0.933391094 -0.025474824 0.357955426 3.161705017 0.030552777 0.999496639 -0.008536499 -0.602618635 -0.357557714 0.018904421 0.933699667 20.128292084
0.932529986 -0.024084399 0.360288352 3.203280926 0.029384464 0.999525487 -0.009239611 -0.605762184 -0.359894753 0.019203095 0.932795286 20.240224838
0.931972444 -0.024581380 0.361694723 3.246660709 0.030799992 0.999460161 -0.011436803 -0.609340906 -0.361218333 0.021798979 0.932226360 20.351394653
0.931192398 -0.021753559 0.363878071 3.288032532 0.028355986 0.999515891 -0.012811608 -0.612318516 -0.363423079 0.022248194 0.931358457 20.463382721
0.930865765 -0.021685624 0.364717096 3.331974983 0.028674738 0.999494076 -0.013757728 -0.615640759 -0.364234298 0.023264769 0.931016743 20.575023651
0.930277169 -0.023130670 0.366127580 3.374195099 0.029825330 0.999475241 -0.012638459 -0.619113445 -0.365643084 0.022677146 0.930478811 20.685867310
0.929999888 -0.026520226 0.366601735 3.417542458 0.032441057 0.999423742 -0.009997880 -0.621202886 -0.366125315 0.021190977 0.930324256 20.796770096
0.929663002 -0.028460685 0.367310375 3.460307598 0.033979807 0.999385834 -0.008566471 -0.624634981 -0.366840959 0.020445064 0.930059016 20.904464722
0.929163873 -0.031039948 0.368362606 3.502093792 0.037199352 0.999261439 -0.009629823 -0.627063930 -0.367791653 0.022650532 0.929632306 21.014419556
0.929261446 -0.032675903 0.367974818 3.547980309 0.038609222 0.999215841 -0.008771727 -0.631801307 -0.367399633 0.022358447 0.929794371 21.125736237
