0.999910235 0.001018266 0.013361407 0.000464370 -0.001028426 0.999999106 0.000753509 -0.000973260 -0.013360630 -0.000767183 0.999910414 0.055135172
0.999714375 0.000885498 0.023881890 0.001839777 -0.000944570 0.999996662 0.002462347 -0.001794659 -0.023879630 -0.002484202 0.999711752 0.110773809
0.999487877 -0.001573967 0.031961069 0.003696659 0.001450941 0.999991477 0.003872063 -0.002383693 -0.031966895 -0.003823707 0.999481559 0.167435080
0.999265492 -0.004005757 0.038111810 0.005101905 0.003852543 0.999984264 0.004092724 -0.003365108 -0.038127609 -0.003942890 0.999265015 0.229185030
0.999198854 -0.004956177 0.039712992 0.008255584 0.004903389 0.999986947 0.001426547 -0.004010687 -0.039719548 -0.001230675 0.999210060 0.281833738
0.999067128 -0.005459885 0.042836975 0.010420332 0.005594730 0.999979734 -0.003028590 -0.004669395 -0.042819563 0.003265426 0.999077439 0.345032781
0.999018490 -0.006480521 0.043818086 0.012976970 0.006704939 0.999965131 -0.004976564 -0.005245415 -0.043784294 0.005265477 0.999027133 0.398263454
0.998931944 -0.008218398 0.045468386 0.016560698 0.008382332 0.999959052 -0.003415951 -0.005730619 -0.045438450 0.003793434 0.998959899 0.462011456
0.998842716 -0.009273458 0.047193613 0.018396599 0.009229790 0.999956727 0.001143158 -0.007245191 -0.047202174 -0.000706248 0.998885095 0.518513322
0.998778939 -0.009467509 0.048488047 0.021362912 0.009337762 0.999952197 0.002901657 -0.007637100 -0.048513196 -0.002445344 0.998819530 0.582086086
0.998696506 -0.011393832 0.049753245 0.024359932 0.011238901 0.999931097 0.003392627 -0.008525593 -0.049788475 -0.002829033 0.998755753 0.641003132
0.998597920 -0.012925954 0.051334102 0.027839217 0.012843084 0.999915659 0.001943875 -0.009131447 -0.051354904 -0.001281861 0.998679638 0.705043733
0.998516142 -0.011339437 0.053263400 0.030508909 0.011292601 0.999935567 0.001180172 -0.010476480 -0.053273346 -0.000576938 0.998579800 0.764786720
0.998445392 -0.010311981 0.054777283 0.033766247 0.010343134 0.999946475 -0.000285275 -0.011166533 -0.054771408 0.000851400 0.998498559 0.830297947
0.998342693 -0.010707955 0.056544118 0.036987554 0.010758405 0.999941945 -0.000587862 -0.012002969 -0.056534540 0.001195212 0.998399913 0.891251564
0.998226643 -0.010972679 0.058508534 0.040133208 0.010995290 0.999939501 -0.000064535 -0.012610443 -0.058504287 0.000707739 0.998286903 0.955257177
0.998130202 -0.011544235 0.060022540 0.043792523 0.011512584 0.999933362 0.000873141 -0.013923489 -0.060028624 -0.000180494 0.998196661 1.019448280
0.998000443 -0.013005372 0.061852906 0.047693815 0.013011808 0.999915302 0.000298755 -0.014909307 -0.061851557 0.000506660 0.998085260 1.085970521
0.997892082 -0.013499704 0.063475966 0.051759191 0.013507374 0.999908745 0.000308293 -0.015647702 -0.063474327 0.000549751 0.997983277 1.150132537
0.997756958 -0.015330167 0.065162040 0.055898651 0.015263115 0.999882340 0.001526724 -0.017136863 -0.065177776 -0.000528724 0.997873545 1.217266202
0.997615218 -0.015007475 0.067368992 0.059450611 0.014908212 0.999886990 0.001975950 -0.018398572 -0.067391038 -0.000966886 0.997726083 1.283463359
0.997511983 -0.013050809 0.069277331 0.062800974 0.012917343 0.999913752 0.002374182 -0.019019471 -0.069302365 -0.001473396 0.997594595 1.349272132
0.997384310 -0.013716103 0.070967607 0.067541912 0.013529934 0.999903679 0.003103339 -0.019837987 -0.071003348 -0.002135035 0.997473717 1.417695999
0.997287989 -0.011452423 0.072700344 0.071640566 0.011058877 0.999921918 0.005813507 -0.021452270 -0.072761253 -0.004993757 0.997336805 1.487917662
0.997199595 -0.010392084 0.074060403 0.077815831 0.010238710 0.999944568 0.002450326 -0.021389922 -0.074081771 -0.001685182 0.997250676 1.551646233
0.997047663 -0.011021805 0.075990051 0.082341187 0.010905500 0.999938667 0.001945334 -0.022811536 -0.076006830 -0.001110881 0.997106612 1.618516564
0.996997356 -0.010706963 0.076692946 0.087380446 0.010601783 0.999942243 0.001778445 -0.023625623 -0.076707557 -0.000960023 0.997053087 1.687601328
0.996876240 -0.011735088 0.078102596 0.091511488 0.011300551 0.999918103 0.006003348 -0.025250182 -0.078166649 -0.005101992 0.996927261 1.754504681
0.996959031 -0.012229231 0.076962098 0.097142711 0.011859260 0.999915719 0.005262427 -0.026837928 -0.077019975 -0.004333711 0.997020185 1.823511720
0.997205853 -0.011395688 0.073826529 0.103377841 0.011107069 0.999928951 0.004318797 -0.026828714 -0.073870495 -0.003486734 0.997261763 1.893190503
0.997383416 -0.006844797 0.071970068 0.105312645 0.006678659 0.999974549 0.002548817 -0.027892070 -0.071985677 -0.002061485 0.997403502 1.956997752
0.997635484 -0.002629796 0.068677038 0.109074377 0.002531479 0.999995649 0.001518570 -0.029442251 -0.068680726 -0.001341125 0.997637749 2.024868965
0.997945070 -0.001859668 0.064048544 0.113452181 0.001942874 0.999997377 -0.001236856 -0.030237701 -0.064046070 0.001358752 0.997946024 2.093542814
0.998283386 0.001867806 0.058538772 0.117600106 -0.001651287 0.999991596 -0.003746879 -0.031962588 -0.058545280 0.003643783 0.998278081 2.160509109
0.998623788 0.004704713 0.052235030 0.121425420 -0.004271709 0.999955595 -0.008398080 -0.033594213 -0.052272223 0.008163390 0.998599529 2.227681637
0.998892784 0.008466814 0.046276614 0.124031611 -0.007921462 0.999897122 -0.011955339 -0.035480436 -0.046373084 0.011575524 0.998857081 2.294773817
0.999080479 0.013443804 0.040710729 0.125003815 -0.012928078 0.999833107 -0.012904943 -0.037169039 -0.040877424 0.012366765 0.999087632 2.363182545
0.999220014 0.019633288 0.034262560 0.125745401 -0.019249734 0.999748707 -0.011488674 -0.039573513 -0.034479510 0.010820167 0.999346793 2.430461645
0.999404967 0.022884414 0.025807345 0.125923231 -0.022658451 0.999702573 -0.009014390 -0.041400172 -0.026005961 0.008424273 0.999626279 2.498838186
0.999586940 0.024346599 0.015280031 0.126389056 -0.024252012 0.999685884 -0.006345303 -0.042681322 -0.015429718 0.005972111 0.999863148 2.567712784
0.999721587 0.023448706 0.002639352 0.125954896 -0.023443820 0.999723434 -0.001866397 -0.044586234 -0.002682386 0.001804003 0.999994755 2.634881973
0.999710619 0.020596584 -0.012433521 0.124913394 -0.020603916 0.999787629 -0.000461727 -0.045908909 0.012421371 0.000717773 0.999922633 2.703103065
0.999408960 0.019662537 -0.028200619 0.121745527 -0.019689271 0.999805987 -0.000670571 -0.047616735 0.028181959 0.001225425 0.999602079 2.772380590
0.998868287 0.020553544 -0.042891588 0.118714191 -0.020776687 0.999772787 -0.004763156 -0.048836641 0.042783935 0.005648911 0.999068379 2.840126514
0.998039842 0.023941619 -0.057820298 0.114006087 -0.024401758 0.999675870 -0.007265069 -0.050545130 0.057627618 0.008661746 0.998300612 2.909910202
0.997159183 0.024657156 -0.071172766 0.107937112 -0.025360480 0.999637842 -0.008995060 -0.051943392 0.070925198 0.010774479 0.997423470 2.975046873
0.996118903 0.024362633 -0.084578715 0.101815522 -0.025065487 0.999659419 -0.007257946 -0.053636637 0.084373094 0.009349785 0.996390402 3.042465448
0.994861245 0.023806227 -0.098409310 0.094641507 -0.024394583 0.999691010 -0.004779615 -0.054953147 0.098265111 0.007155707 0.995134592 3.110081196
0.993461072 0.022908907 -0.111850500 0.086806417 -0.023331625 0.999724746 -0.002471662 -0.056935310 0.111763112 0.005065153 0.993721902 3.178273439
0.991710901 0.022530070 -0.126498863 0.078393131 -0.023020059 0.999732077 -0.002412777 -0.058544133 0.126410604 0.005304788 0.991963744 3.246368647
0.989747584 0.025763741 -0.140483961 0.069325924 -0.026094807 0.999659419 -0.000514754 -0.059785053 0.140422836 0.004175379 0.990082741 3.314176559
0.987911344 0.030241288 -0.152041674 0.056814790 -0.030202342 0.999540508 0.002566120 -0.061267585 0.152049437 0.002056916 0.988370717 3.379317284
0.985860705 0.034209695 -0.164037719 0.044241309 -0.033692706 0.999414682 0.005933727 -0.062757850 0.164144695 -0.000322952 0.986436248 3.447224855
0.983573616 0.035228483 -0.177036300 0.032331347 -0.034576043 0.999379098 0.006769918 -0.063416645 0.177164882 -0.000537496 0.984181046 3.513195276
0.981004715 0.036457639 -0.190527126 0.019750118 -0.035700429 0.999335051 0.007406369 -0.064466573 0.190670490 -0.000463783 0.981654048 3.581814528
0.978591681 0.038551271 -0.202168554 0.004076958 -0.037859615 0.999256611 0.007288472 -0.064899623 0.202299222 0.000521587 0.979323626 3.645669937
0.975852489 0.040095992 -0.214718699 -0.011595368 -0.039118253 0.999195874 0.008802701 -0.065296136 0.214898959 -0.000190717 0.976636291 3.712998867
0.973034739 0.040031884 -0.227158129 -0.027215421 -0.038371012 0.999194801 0.011724526 -0.065932825 0.227444574 -0.002692083 0.973787308 3.778923035
0.970175147 0.043447696 -0.238479301 -0.045292675 -0.040900137 0.999041080 0.015622886 -0.066450864 0.238929391 -0.005403101 0.971021891 3.843077898
0.966997206 0.042763438 -0.251172692 -0.062330604 -0.039942332 0.999068677 0.016321361 -0.066519745 0.251636744 -0.005750285 0.967804670 3.910233974
0.963851690 0.040710375 -0.263311028 -0.080492735 -0.037515685 0.999148846 0.017151466 -0.066498891 0.263785154 -0.006653174 0.964558542 3.976702690
0.960668743 0.039040875 -0.274938881 -0.099913478 -0.036183588 0.999225616 0.015458676 -0.067067035 0.275329471 -0.004902388 0.961337566 4.041114330
0.957373917 0.038033940 -0.286336362 -0.120303154 -0.035762236 0.999273658 0.013161021 -0.067224920 0.286628962 -0.002359989 0.958038867 4.105881691
0.953793108 0.037289262 -0.298141211 -0.140535474 -0.035252534 0.999303877 0.012207900 -0.067245111 0.298388898 -0.001133582 0.954443634 4.171507359
0.950223327 0.039321572 -0.309078038 -0.162209392 -0.037283197 0.999226630 0.012500996 -0.067662448 0.309330463 -0.000355324 0.950954497 4.236055851
0.946887732 0.040460188 -0.319008529 -0.185441136 -0.038297869 0.999181092 0.013050655 -0.068220489 0.319275290 -0.000140159 0.947661996 4.300658703
0.943472922 0.040459570 -0.328971028 -0.208160996 -0.038766481 0.999179840 0.011706950 -0.069060281 0.329174787 0.001707859 0.944267452 4.365567207
0.940392256 0.040040329 -0.337726355 -0.232618690 -0.039142430 0.999188840 0.009470977 -0.068835713 0.337831587 0.004312999 0.941196680 4.429597855
0.937146842 0.040405545 -0.346587747 -0.256784916 -0.039830402 0.999167860 0.008785604 -0.069247559 0.346654356 0.005571331 0.937976420 4.494532585
0.933507800 0.041440617 -0.356154293 -0.280015707 -0.040807869 0.999123871 0.009293297 -0.070569523 0.356227368 0.005858530 0.934380949 4.557293415
0.930546999 0.043179780 -0.363617808 -0.305958748 -0.042265363 0.999051571 0.010475069 -0.070829883 0.363725245 0.005620894 0.931489289 4.618194580
0.927263021 0.043815922 -0.371837944 -0.331502080 -0.041904390 0.999034107 0.013224044 -0.071323067 0.372058213 0.003319479 0.928203464 4.685446262
0.924145579 0.047661848 -0.379055858 -0.358837962 -0.045037270 0.998860419 0.015793299 -0.071321815 0.379376650 0.002476332 0.925239027 4.748184681
0.921047211 0.048327595 -0.386440814 -0.385951281 -0.045437727 0.998828948 0.016615000 -0.072510175 0.386791259 0.002255792 0.922164559 4.809092522
0.917549014 0.048537675 -0.394648969 -0.411804795 -0.045876183 0.998816013 0.016182894 -0.072398752 0.394967258 0.003256389 0.918689430 4.869752407
0.914429784 0.049513958 -0.401704550 -0.439176917 -0.046645481 0.998768091 0.016925244 -0.072390929 0.402047664 0.003260761 0.915612936 4.930713654
0.911490202 0.051387291 -0.408099383 -0.467427969 -0.048160318 0.998673975 0.018185547 -0.072741352 0.408492833 0.003078250 0.912756324 4.991307735
0.908521056 0.054080885 -0.414324462 -0.495459795 -0.050098777 0.998534322 0.020481097 -0.073167190 0.414824843 0.002149644 0.909898758 5.049178123
0.905713677 0.054512557 -0.420370191 -0.524499536 -0.049670327 0.998512864 0.022466864 -0.073391743 0.420969725 0.000531375 0.907074511 5.109749317
0.902939022 0.056230046 -0.426074088 -0.554131150 -0.050411861 0.998417258 0.024930414 -0.072498530 0.426801562 -0.001031456 0.904344678 5.169607639
0.899873018 0.056989282 -0.432412893 -0.583775282 -0.051041599 0.998374462 0.025359325 -0.071926028 0.433155179 -0.000749128 0.901318967 5.229360580
0.896760285 0.057332210 -0.438787013 -0.611997128 -0.052120760 0.998354077 0.023925114 -0.070983037 0.439436525 0.001414820 0.898272455 5.287617207
0.893377960 0.056359664 -0.445757180 -0.640438795 -0.052325372 0.998401523 0.021364216 -0.070996247 0.446248800 0.004238093 0.894898951 5.345755577
0.890590608 0.056533068 -0.451278836 -0.670436859 -0.053836305 0.998372257 0.018824195 -0.071435772 0.451608509 0.007530534 0.892184436 5.399262428
0.887049258 0.054740980 -0.458417982 -0.699950695 -0.053158093 0.998452008 0.016365839 -0.070967652 0.458604276 0.009851321 0.888585985 5.457889557
0.884027958 0.053217642 -0.464394808 -0.729493737 -0.052615859 0.998512924 0.014265077 -0.070830867 0.464463353 0.011823803 0.885513365 5.511394501
0.880020261 0.052292023 -0.472048640 -0.757274270 -0.052177519 0.998548627 0.013343670 -0.071872212 0.472061247 0.012887623 0.881471515 5.566414833
0.876980960 0.048791733 -0.478041500 -0.787190557 -0.049874991 0.998700976 0.010436178 -0.073263556 0.477929682 0.014689986 0.878275156 5.616493225
0.872845471 0.046847112 -0.485742897 -0.816705942 -0.050823420 0.998695195 0.004992343 -0.073681474 0.485342950 0.020329570 0.874087512 5.669588089
0.869088590 0.042903870 -0.492792428 -0.844280243 -0.051785953 0.998648584 -0.004384575 -0.074761719 0.491938293 0.029330306 0.870135963 5.719318867
0.865892231 0.038622692 -0.498737365 -0.872257233 -0.052964594 0.998489201 -0.014631532 -0.076481462 0.497418731 0.039084747 0.866629839 5.765724182
0.862770379 0.037936788 -0.504170656 -0.900706768 -0.057440858 0.998079419 -0.023195215 -0.077537514 0.502322435 0.048972137 0.863292396 5.813688755
0.860797584 0.036924779 -0.507606089 -0.928866506 -0.060222596 0.997747660 -0.029546274 -0.080333412 0.505371869 0.056002729 0.861082375 5.857047081
0.858466506 0.034046501 -0.511738360 -0.952860951 -0.060340233 0.997569263 -0.034854393 -0.083705232 0.509307683 0.060799748 0.858433962 5.899246216
0.856823921 0.030456930 -0.514708817 -0.978078604 -0.060829300 0.997253537 -0.042250525 -0.087001756 0.512008369 0.067510627 0.856323421 5.941913605
0.856167674 0.026734052 -0.516006112 -1.003015041 -0.061030596 0.996901989 -0.049614124 -0.089465275 0.513081074 0.073970161 0.855146945 5.982348919
0.855756104 0.023521412 -0.516844571 -1.027454019 -0.059688922 0.996784270 -0.053465575 -0.092408374 0.513924897 0.076603398 0.854408085 6.023055077
0.856662452 0.020883743 -0.515454292 -1.052618861 -0.055061612 0.997174084 -0.051109280 -0.095896214 0.512930334 0.072165139 0.855391622 6.062811375
0.858287930 0.019791320 -0.512786448 -1.075439572 -0.050308060 0.997687757 -0.045697853 -0.099935681 0.510696411 0.065019205 0.857299149 6.103582382
0.862446725 0.017381320 -0.505849421 -1.100302458 -0.046678722 0.997882426 -0.045296863 -0.102456689 0.503990889 0.062678538 0.861431718 6.143519402
0.867838264 0.016157942 -0.496583939 -1.123386383 -0.045533285 0.997851551 -0.047106445 -0.106812894 0.494755894 0.063491881 0.866709530 6.183422089
0.875294805 0.015145455 -0.483352423 -1.145200014 -0.044089742 0.997846007 -0.048574667 -0.109835923 0.481575578 0.063828051 0.874077141 6.224094868
0.884732306 0.013777230 -0.465895772 -1.165837169 -0.041080460 0.997977972 -0.048499763 -0.110964790 0.464285612 0.062048525 0.883509398 6.264788628
0.896221042 0.011106030 -0.443468720 -1.184272051 -0.033797510 0.998490274 -0.043296792 -0.112201661 0.442318410 0.053791635 0.895243466 6.306031704
0.909995914 0.013746140 -0.414389163 -1.204921484 -0.031182917 0.998888731 -0.035342287 -0.116141371 0.413442850 0.045083202 0.909413218 6.348450661
0.923163056 0.013341819 -0.384176940 -1.219434619 -0.026660858 0.999213099 -0.029364077 -0.118892431 0.383482784 0.037350316 0.922792435 6.389626503
0.937146485 0.013413625 -0.348678231 -1.234551072 -0.024244906 0.999348938 -0.026718445 -0.120688424 0.348092794 0.033492766 0.936861575 6.431040764
0.950661778 0.013314992 -0.309943169 -1.247847438 -0.021796186 0.999476254 -0.023916587 -0.122549310 0.309462368 0.029492166 0.950454175 6.473624229
0.962700129 0.013176883 -0.270249605 -1.258087635 -0.019390276 0.999605179 -0.020334316 -0.124577567 0.269874901 0.024816062 0.962575555 6.516801357
0.973440289 0.010309346 -0.228708595 -1.267176747 -0.014814228 0.999728441 -0.017988922 -0.125841841 0.228461027 0.020899285 0.973328710 6.560837746
0.982714832 0.008803620 -0.184916466 -1.274706244 -0.012172209 0.999779820 -0.017089488 -0.127585202 0.184725299 0.019044936 0.982605577 6.604209900
0.989976823 0.011174123 -0.140787020 -1.278926611 -0.013516691 0.999785483 -0.015693821 -0.129541889 0.140581444 0.017439498 0.989915431 6.645530701
0.995337307 0.014824485 -0.095309682 -1.282124996 -0.016311493 0.999756753 -0.014841679 -0.130961254 0.095066503 0.016327119 0.995337009 6.690062523
0.998661101 0.013924439 -0.049822032 -1.283084631 -0.014546148 0.999820530 -0.012137798 -0.132282406 0.049644075 0.012846267 0.998684347 6.734343052
0.999917388 0.012176147 -0.004119426 -1.282344341 -0.012203704 0.999902844 -0.006732043 -0.133524314 0.004037056 0.006781760 0.999968827 6.777669430
0.999063790 0.011420311 0.041724667 -1.279091835 -0.011293026 0.999930799 -0.003285029 -0.135071829 -0.041759297 0.002810757 0.999123752 6.822841167
0.995930552 0.015370998 0.088803805 -1.275016069 -0.015186925 0.999880910 -0.002748129 -0.135922268 -0.088835485 0.001388289 0.996045351 6.867854118
0.990795732 0.017030818 0.134289891 -1.267800689 -0.016811702 0.999854922 -0.002765542 -0.137295783 -0.134317502 0.000482445 0.990938246 6.912399769
0.983663976 0.016283456 0.179276332 -1.258753419 -0.015641555 0.999865115 -0.004993564 -0.137930021 -0.179333508 0.002107828 0.983786106 6.957605839
0.974735558 0.012527720 0.223010346 -1.247137427 -0.011702401 0.999918878 -0.005022000 -0.139087766 -0.223055169 0.002285365 0.974803209 7.002490520
0.964366019 0.007820532 0.264455944 -1.232993603 -0.006757217 0.999965131 -0.004930222 -0.139788210 -0.264485210 0.002967553 0.964385152 7.047982693
0.952864766 0.003762037 0.303371996 -1.217231512 -0.002843975 0.999989986 -0.003467937 -0.141138226 -0.303381890 0.002441693 0.952865899 7.093340397
0.940538049 0.000444046 0.339688063 -1.199541092 0.000944021 0.999991894 -0.003921038 -0.141900808 -0.339687049 0.004008559 0.940530002 7.138819695
0.928162396 -0.002154373 0.372169077 -1.180048227 0.004163974 0.999980807 -0.004596063 -0.143237665 -0.372152030 0.005815596 0.928153634 7.184019089
0.915558279 -0.005791070 0.402143687 -1.159321785 0.009201652 0.999936223 -0.006549769 -0.144605383 -0.402080059 0.009697082 0.915553272 7.228962421
0.903883398 -0.008669680 0.427690953 -1.136156321 0.014260680 0.999849617 -0.009870719 -0.144795924 -0.427541047 0.015021143 0.903871238 7.273999691
0.893113732 -0.013465689 0.449629277 -1.111477137 0.020691475 0.999723613 -0.011160018 -0.146395177 -0.449354708 0.019270657 0.893145561 7.319691658
0.883341253 -0.016914424 0.468425363 -1.086736202 0.026017217 0.999577284 -0.012968550 -0.147450984 -0.468008041 0.023642775 0.883407891 7.364988327
0.874766529 -0.018273020 0.484200031 -1.059981585 0.027916810 0.999529421 -0.012714313 -0.149140656 -0.483739793 0.024639376 0.874864936 7.412786484
0.866916060 -0.019454962 0.498074442 -1.032031775 0.029893765 0.999468625 -0.012991553 -0.150622427 -0.497556984 0.026151901 0.867036998 7.458803177
0.859119415 -0.019287007 0.511411607 -1.003030300 0.030816408 0.999425948 -0.014076793 -0.151923299 -0.510846555 0.027853513 0.859220564 7.507316589
0.851886630 -0.019956117 0.523345888 -0.973003864 0.032210585 0.999378443 -0.014323314 -0.153010413 -0.522734821 0.029059116 0.851999819 7.555526257
0.844992340 -0.020141196 0.534398854 -0.941117287 0.033748403 0.999307036 -0.015699701 -0.154445320 -0.533712387 0.031301245 0.845086575 7.606129646
0.839867830 -0.022284457 0.542333245 -0.908499718 0.036700889 0.999201715 -0.015778538 -0.155572101 -0.541548789 0.033156004 0.840015173 7.656129360
0.836867571 -0.023884527 0.546884000 -0.874962807 0.038821317 0.999121726 -0.015770730 -0.157220110 -0.546027005 0.034428772 0.837059796 7.708136559
0.836956084 -0.027176429 0.546594799 -0.839255333 0.042249449 0.998994112 -0.015023639 -0.158707887 -0.545636654 0.035667457 0.837262392 7.760571003
0.839258134 -0.028763607 0.542971969 -0.806438923 0.043002583 0.998983085 -0.013547487 -0.160008937 -0.542030156 0.034719031 0.839641511 7.813580513
0.841666877 -0.027089875 0.539317191 -0.770846844 0.040006705 0.999124289 -0.012249121 -0.162088275 -0.538513124 0.031885982 0.842013597 7.870034218
0.843586802 -0.024506154 0.536433280 -0.736278534 0.037276905 0.999220729 -0.012973182 -0.163091570 -0.535697460 0.030940577 0.843842983 7.926229954
0.844618797 -0.020353746 0.534981132 -0.700758219 0.032660853 0.999374688 -0.013542436 -0.165364891 -0.534370959 0.028911138 0.844755471 7.983267784
0.845252335 -0.019438805 0.534013748 -0.664737225 0.031919643 0.999390304 -0.014144203 -0.167029083 -0.533413172 0.029000945 0.845357478 8.041066170
0.845891178 -0.018588183 0.533031464 -0.629453182 0.030393869 0.999448419 -0.013380024 -0.168944836 -0.532488763 0.027518934 0.845989525 8.099319458
0.846799076 -0.018174224 0.531602263 -0.591094255 0.030013800 0.999456406 -0.013640492 -0.171230555 -0.531065404 0.027506163 0.846884251 8.160074234
0.847863555 -0.018154101 0.529903471 -0.553591490 0.030914349 0.999406099 -0.015225096 -0.172472775 -0.529312432 0.029290423 0.847921252 8.218837738
0.848850608 -0.017327189 0.528348625 -0.515674353 0.029999487 0.999430954 -0.015421176 -0.174671143 -0.527780771 0.028940465 0.848887503 8.280098915
0.849327445 -0.016154140 0.527619183 -0.478943586 0.028707920 0.999465942 -0.015611461 -0.177348956 -0.527085245 0.028406095 0.849337518 8.344064713
0.850220978 -0.015394880 0.526200831 -0.441673517 0.028446158 0.999455452 -0.016721791 -0.179409325 -0.525656879 0.029185606 0.850195885 8.406030655
0.851559341 -0.014523591 0.524056971 -0.402194977 0.029535441 0.999357641 -0.020297257 -0.180774555 -0.523425579 0.032762576 0.851441205 8.468700409
0.852522671 -0.012396231 0.522543311 -0.365196943 0.027827591 0.999377310 -0.021692244 -0.184632927 -0.521948993 0.033034254 0.852336764 8.531338692
0.854001105 -0.010406627 0.520167053 -0.324324131 0.027494475 0.999305606 -0.025147520 -0.187773824 -0.519544184 0.035777729 0.853694201 8.598105431
0.854948521 -0.009585638 0.518624246 -0.287001610 0.027813999 0.999238014 -0.027382458 -0.189783126 -0.517966568 0.037835602 0.854563653 8.662840843
0.856162071 -0.007339677 0.516655385 -0.247149229 0.025896888 0.999252141 -0.028718846 -0.193340629 -0.516058147 0.037967749 0.855711699 8.729097366
0.856945038 -0.006905817 0.515361428 -0.209615707 0.024724919 0.999309838 -0.027722001 -0.196486175 -0.514814258 0.036498502 0.856524408 8.796106339
0.858758450 -0.007262367 0.512328982 -0.168582678 0.023482038 0.999406755 -0.025193464 -0.200464740 -0.511842072 0.033665635 0.858419657 8.863066673
0.860342741 -0.009149419 0.509633839 -0.128461123 0.024455871 0.999428332 -0.023342729 -0.203991324 -0.509128869 0.032546286 0.860074759 8.930994034
0.862995744 -0.010126212 0.505109847 -0.088964224 0.024720082 0.999447882 -0.022198547 -0.207314700 -0.504606187 0.031643607 0.862769663 8.998635292
0.865801394 -0.011425141 0.500257254 -0.050922632 0.024366682 0.999515891 -0.019344231 -0.209850237 -0.499794155 0.028937878 0.865660608 9.066280365
0.869079411 -0.011422222 0.494540602 -0.011967897 0.022723662 0.999599755 -0.016845962 -0.213052854 -0.494150370 0.025878254 0.868991196 9.133964539
0.872285426 -0.010420389 0.488886178 0.026251793 0.021490349 0.999623835 -0.017037187 -0.214770347 -0.488524795 0.025367623 0.872181237 9.202022552
0.875443339 -0.010276464 0.483211368 0.060782671 0.021953393 0.999587536 -0.018515142 -0.217495948 -0.482821763 0.026817089 0.875307918 9.270632744
0.879672170 -0.011328853 0.475445628 0.098014593 0.023675589 0.999519825 -0.019988289 -0.220075697 -0.474990875 0.028839597 0.879518032 9.340588570
0.885031939 -0.013637193 0.465330511 0.136919260 0.025825281 0.999469936 -0.019827280 -0.224103972 -0.464813381 0.029565070 0.884914875 9.412175179
0.891286910 -0.013776784 0.453230321 0.173642635 0.026129816 0.999437809 -0.021005049 -0.227758467 -0.452686131 0.030564351 0.891145885 9.482780457
0.897817791 -0.015983135 0.440076947 0.207800388 0.029239075 0.999299526 -0.023358252 -0.230243832 -0.439395279 0.033838898 0.897656262 9.553890228
0.905072331 -0.017502049 0.424897403 0.242682695 0.030543102 0.999247670 -0.023899497 -0.235000685 -0.424159408 0.034608454 0.904926002 9.626078606
0.911337197 -0.016268164 0.411339015 0.273258448 0.029094240 0.999265492 -0.024939174 -0.236791879 -0.410631150 0.034695592 0.911141336 9.698717117
0.918185413 -0.015123028 0.395862162 0.304305315 0.027386669 0.999303520 -0.025346052 -0.240780920 -0.395203143 0.034113713 0.917960167 9.770913124
0.924162328 -0.012237213 0.381803811 0.334624290 0.024116913 0.999361932 -0.026344778 -0.244941130 -0.381237775 0.033554781 0.923867881 9.846563339
0.929347396 -0.009743717 0.369077861 0.362691879 0.021199618 0.999410689 -0.026996573 -0.247517511 -0.368597329 0.032913506 0.929006279 9.920931816
0.933950543 -0.008439202 0.357302666 0.391287804 0.017640131 0.999591172 -0.022499857 -0.250560880 -0.356966734 0.027316621 0.933717608 9.997344971
0.938432038 -0.006569413 0.345401555 0.419151783 0.014442591 0.999691069 -0.020225748 -0.253218770 -0.345162034 0.023968982 0.938236952 10.075252533
0.942849517 -0.006979798 0.333145767 0.443808556 0.014603053 0.999685705 -0.020384105 -0.256948084 -0.332898736 0.024084093 0.942654967 10.149419785
0.946990252 -0.009236753 0.321129620 0.469738245 0.017336473 0.999599397 -0.022372324 -0.259842515 -0.320794374 0.026753629 0.946770966 10.227436066
0.950947404 -0.007265874 0.309267610 0.494618416 0.015014391 0.999629974 -0.022681678 -0.263199955 -0.308988392 0.026212543 0.950704515 10.305433273
0.954863489 -0.005653771 0.296991140 0.517858505 0.013447397 0.999616563 -0.024205519 -0.266314715 -0.296740472 0.027106723 0.954573393 10.382761002
0.958573163 -0.004595023 0.284809321 0.540711880 0.012678803 0.999567211 -0.026545919 -0.269321352 -0.284564108 0.029057248 0.958216608 10.462417603
0.961939096 -0.006209722 0.273193330 0.562675476 0.014464608 0.999497235 -0.028212525 -0.273258924 -0.272880852 0.031090364 0.961545289 10.540822029
0.965228915 -0.006774879 0.261318356 0.585199118 0.014667948 0.999492824 -0.028266234 -0.277493656 -0.260994285 0.031116389 0.964838624 10.621165276
0.967720747 -0.009472547 0.251847088 0.605949640 0.016763525 0.999499798 -0.026820239 -0.280331880 -0.251467049 0.030176345 0.967395246 10.702195168
0.969753385 -0.012507611 0.243766025 0.625996351 0.018858999 0.999540269 -0.023738837 -0.284889787 -0.243356973 0.027617998 0.969543636 10.782435417
0.971195698 -0.012580565 0.237951234 0.645114779 0.018854603 0.999531507 -0.024109295 -0.288490921 -0.237536460 0.027901318 0.970977843 10.864185333
0.972580314 -0.012910565 0.232208744 0.665452838 0.019094676 0.999519825 -0.024403645 -0.290946007 -0.231782183 0.028168457 0.972359717 10.946597099
0.973219812 -0.010867066 0.229619563 0.683801532 0.016618870 0.999594390 -0.023130253 -0.293649048 -0.229275048 0.026326835 0.973005533 11.029598236
0.973488152 -0.009843645 0.228525415 0.701824427 0.015386444 0.999628723 -0.022485601 -0.297610998 -0.228219226 0.025405657 0.973278224 11.112672806
0.973772645 -0.009327278 0.227331862 0.719916344 0.014905890 0.999628127 -0.022835067 -0.302536964 -0.227034330 0.025624745 0.973549604 11.196419716
0.974252582 -0.007829612 0.225323915 0.740883470 0.013823616 0.999590933 -0.025036318 -0.304513305 -0.225035697 0.027506489 0.973962188 11.280424118
0.974648178 -0.009151311 0.223555967 0.758539438 0.015201716 0.999562800 -0.025358362 -0.308455378 -0.223226145 0.028113911 0.974361241 11.364702225
0.975492716 -0.009482919 0.219827309 0.778807640 0.015481781 0.999552786 -0.025582276 -0.311379761 -0.219486400 0.028358644 0.975203335 11.450176239
0.976155519 -0.010818415 0.216802344 0.796699524 0.016346326 0.999584973 -0.023720363 -0.313745320 -0.216455773 0.026698690 0.975927293 11.533660889
0.976511896 -0.015503341 0.214904815 0.812515140 0.020562710 0.999561071 -0.021326624 -0.317531675 -0.214479849 0.025244726 0.976402044 11.618329048
0.977414131 -0.018587781 0.210513562 0.833894134 0.024246525 0.999409854 -0.024331395 -0.320264548 -0.209937051 0.028886076 0.977288067 11.704581261
0.977953076 -0.017866267 0.208058923 0.851695299 0.024398111 0.999285400 -0.028870238 -0.323853314 -0.207394421 0.033309981 0.977690160 11.790696144
0.978267014 -0.019439342 0.206435919 0.870758772 0.026272230 0.999192297 -0.030409532 -0.327543736 -0.205678016 0.035172176 0.977987468 11.877560616
0.978224874 -0.019657660 0.206615075 0.887462258 0.025971642 0.999273539 -0.027891114 -0.330724269 -0.205916718 0.032649916 0.978024721 11.965333939
0.978466630 -0.020297546 0.205404326 0.906624079 0.025511766 0.999415219 -0.022768449 -0.335088193 -0.204822078 0.027518401 0.978412330 12.053565025
0.978515923 -0.024815869 0.204672232 0.925849915 0.029345898 0.999386370 -0.019127121 -0.337482989 -0.204071984 0.024722485 0.978643715 12.142284393
0.978222847 -0.029299531 0.205479562 0.943727612 0.033659771 0.999275565 -0.017755762 -0.340470433 -0.204810515 0.024285482 0.978500307 12.230424881
0.978019953 -0.033540852 0.205796123 0.963403940 0.038461939 0.999060810 -0.019957608 -0.343406677 -0.204933435 0.027434258 0.978391349 12.320001602
0.977897823 -0.036435504 0.205884054 0.982876301 0.042052753 0.998851240 -0.022972396 -0.346078157 -0.204810545 0.031122645 0.978306711 12.408373833
0.977510154 -0.037371609 0.207550600 1.000950694 0.043137684 0.998796821 -0.023323869 -0.349453211 -0.206429243 0.031752571 0.977946162 12.497474670
0.977468431 -0.034841143 0.208186448 1.021241307 0.040289763 0.998946071 -0.021987721 -0.352006078 -0.207200959 0.029880090 0.977841973 12.589649200
0.976679981 -0.029433686 0.212672919 1.036970258 0.034780707 0.999164999 -0.021443825 -0.355487108 -0.211864114 0.028340675 0.976888061 12.679634094
0.976061106 -0.023427431 0.216230512 1.056594372 0.028543137 0.999380946 -0.020565661 -0.358846992 -0.215614840 0.026245240 0.976125717 12.773263931
0.974864364 -0.018254602 0.222049966 1.075551271 0.023176666 0.999539614 -0.019580768 -0.361403763 -0.221590325 0.024234975 0.974838674 12.864089012
0.973598719 -0.011800868 0.227960676 1.096697330 0.016738249 0.999665082 -0.019737726 -0.363593429 -0.227651387 0.023032291 0.973470271 12.956961632
0.971919835 -0.006903342 0.235210955 1.116163254 0.012280823 0.999695480 -0.021405183 -0.366922796 -0.234991580 0.023692705 0.971708536 13.047822952
0.969898343 -0.002789005 0.243494257 1.137080431 0.008968965 0.999665141 -0.024275377 -0.370461047 -0.243345022 0.025728544 0.969598472 13.139805794
0.968032539 -0.001441552 0.250820518 1.160668850 0.008076586 0.999644101 -0.025425989 -0.373580217 -0.250694603 0.026638955 0.967699647 13.232737541
0.965919077 -0.003647231 0.258818150 1.184708118 0.010210365 0.999659419 -0.024018407 -0.377081156 -0.258642346 0.025842465 0.965627491 13.325677872
0.963755488 -0.008001687 0.266667008 1.210768938 0.013779212 0.999708951 -0.019801600 -0.380522549 -0.266430855 0.022758363 0.963585317 13.418252945
0.961367607 -0.012861569 0.274967134 1.237316370 0.019224375 0.999605894 -0.020457683 -0.383525401 -0.274595648 0.024953427 0.961236000 13.511202812
0.959015489 -0.018765341 0.282731563 1.265409946 0.025997100 0.999423265 -0.021847950 -0.386931896 -0.282158464 0.028302724 0.958950222 13.603938103
0.956496060 -0.022210313 0.290898681 1.292947531 0.031105353 0.999178231 -0.025988733 -0.390892416 -0.290082395 0.033906624 0.956400871 13.695018768
0.954495370 -0.020728692 0.297504425 1.321583033 0.030418780 0.999145567 -0.027978089 -0.394385457 -0.296670228 0.035754677 0.954310417 13.789211273
0.952090323 -0.023274049 0.304929912 1.351386309 0.031915627 0.999216914 -0.023384845 -0.398701102 -0.304146826 0.031996522 0.952087581 13.883444786
0.949789345 -0.023680560 0.311992735 1.382778883 0.031537518 0.999299169 -0.020160817 -0.400897175 -0.311296672 0.028988006 0.949870527 13.978217125
0.947605252 -0.028184796 0.318197876 1.413448572 0.034891512 0.999272466 -0.015396357 -0.403394729 -0.317532420 0.025692072 0.947899222 14.071928024
0.945909500 -0.034849621 0.322553247 1.446565628 0.041647691 0.999031425 -0.014196347 -0.407303929 -0.321746171 0.026862064 0.946444750 14.166965485
0.945033073 -0.036052391 0.324981123 1.478621960 0.044193082 0.998866200 -0.017700750 -0.411197364 -0.323974520 0.031089712 0.945554852 14.260560036
0.944061697 -0.037426576 0.327638209 1.511248827 0.047024127 0.998664081 -0.021417229 -0.414537698 -0.326398939 0.035626084 0.944560468 14.354665756
0.943586290 -0.030180020 0.329748333 1.542338610 0.039518237 0.998984277 -0.021651382 -0.417461812 -0.328759938 0.033461023 0.943820536 14.448987961
0.942788124 -0.029077465 0.332121968 1.574455261 0.038151253 0.999054849 -0.020831421 -0.421679258 -0.331202239 0.032310490 0.943006396 14.543932915
0.942131162 -0.023188785 0.334441364 1.605722427 0.031754903 0.999292195 -0.020167703 -0.425239533 -0.333736986 0.029620780 0.942200780 14.639420509
0.942080081 -0.023763945 0.334545046 1.641158104 0.032185230 0.999288857 -0.019650638 -0.428950638 -0.333840191 0.029279888 0.942174852 14.734799385
0.942037821 -0.023291903 0.334697217 1.674892664 0.030544311 0.999398649 -0.016420826 -0.432587028 -0.334113449 0.025692135 0.942182660 14.830595016
0.941953123 -0.024202378 0.334870934 1.708546400 0.031069623 0.999402165 -0.015164703 -0.436111629 -0.334303707 0.024688751 0.942141950 14.925945282
0.941972911 -0.024277240 0.334809661 1.742407322 0.031348955 0.999384642 -0.015733048 -0.438979566 -0.334221661 0.025316045 0.942154408 15.021532059
0.941979408 -0.023046160 0.334878415 1.776062965 0.030382721 0.999399126 -0.016685426 -0.442119330 -0.334292620 0.025891846 0.942113519 15.117623329
0.942216456 -0.021504095 0.334313720 1.810585976 0.028649667 0.999454021 -0.016457098 -0.445946991 -0.333777338 0.025084129 0.942318141 15.214840889
0.941806972 -0.018634668 0.335637182 1.843752384 0.025444366 0.999549687 -0.015902294 -0.449444115 -0.335189730 0.023516964 0.941857159 15.312191010
0.941341043 -0.019715561 0.336880058 1.878269672 0.026127469 0.999553263 -0.014509929 -0.452803433 -0.336443514 0.022460619 0.941435754 15.408919334
0.940904260 -0.020526234 0.338049829 1.913458347 0.026087234 0.999588668 -0.011914813 -0.456647366 -0.337666184 0.020029482 0.941052794 15.505653381
0.940110207 -0.022311792 0.340139538 1.947842360 0.028193010 0.999526083 -0.012357641 -0.459137261 -0.339702547 0.021207100 0.940293789 15.603455544
0.939898968 -0.022560926 0.340706587 1.983735800 0.029033666 0.999481559 -0.013910750 -0.462247431 -0.340216100 0.022966661 0.940066755 15.701077461
0.939053178 -0.019226806 0.343233883 2.018316507 0.025944108 0.999550998 -0.014988972 -0.464621931 -0.342791587 0.022980338 0.939130366 15.801742554
0.938712597 -0.017401602 0.344261378 2.052888393 0.023836823 0.999611080 -0.014468911 -0.467987061 -0.343875706 0.021788243 0.938762367 15.900558472
0.938522100 -0.016108517 0.344842970 2.087501049 0.021628594 0.999691963 -0.012166004 -0.471951187 -0.344540775 0.018876532 0.938581526 15.997664452
0.938916862 -0.016732043 0.343737066 2.123809099 0.022171231 0.999683380 -0.011899203 -0.474398077 -0.343429089 0.018793436 0.938990533 16.095495224
0.938794315 -0.018797195 0.343964994 2.159798145 0.024503099 0.999624729 -0.012249008 -0.477994561 -0.343605667 0.019927507 0.938902557 16.196069717
0.938822150 -0.019333122 0.343859226 2.195605278 0.025452649 0.999587774 -0.013291377 -0.481946111 -0.343460441 0.021230368 0.938927054 16.297061920
0.938029826 -0.019639814 0.345997661 2.225179434 0.025557516 0.999594629 -0.012548821 -0.486384749 -0.345610976 0.020614011 0.938151360 16.395025253
0.938545406 -0.017392196 0.344717354 2.265518904 0.023444900 0.999635279 -0.013397214 -0.488050401 -0.344358653 0.020655753 0.938610911 16.498498917
0.938557684 -0.016200639 0.344741881 2.301179647 0.021877877 0.999681473 -0.012583826 -0.491093636 -0.344428211 0.019352868 0.938613176 16.599508286
0.938738704 -0.016768500 0.344221264 2.337925673 0.022273054 0.999679387 -0.012043004 -0.494472146 -0.343908966 0.018972097 0.938811243 16.700181961
0.938960910 -0.016272165 0.343638778 2.375529051 0.022106551 0.999670148 -0.013067167 -0.497364521 -0.343312860 0.019866226 0.939010918 16.801837921
0.938678443 -0.016632693 0.344392717 2.411341429 0.023119271 0.999624074 -0.014736432 -0.499868840 -0.344018161 0.021794878 0.938710034 16.903491974
0.938597262 -0.015899554 0.344648153 2.447720289 0.023001147 0.999598801 -0.016525958 -0.502712965 -0.344247043 0.023438521 0.938586473 17.005537033
0.938823938 -0.017315114 0.343961924 2.485522747 0.024007211 0.999596119 -0.015206411 -0.507648468 -0.343559712 0.022533713 0.938860476 17.107688904
0.938915431 -0.018434525 0.343653589 2.523265600 0.024740433 0.999596357 -0.013973663 -0.511507928 -0.343257278 0.021622229 0.938992500 17.210763931
0.938138843 -0.019588035 0.345704734 2.559531927 0.025836796 0.999575317 -0.013476214 -0.514649272 -0.345293939 0.021574464 0.938246608 17.315572739
0.938578069 -0.021700578 0.344383717 2.598335028 0.027677452 0.999539316 -0.012447945 -0.518369138 -0.343954891 0.021215029 0.938746452 17.418914795
0.938551545 -0.023919724 0.344309241 2.637131691 0.030177245 0.999462187 -0.012825787 -0.521532297 -0.343817234 0.022427965 0.938768685 17.522743225
0.938502908 -0.026456565 0.344256252 2.675831318 0.033587836 0.999326646 -0.014766697 -0.524950564 -0.343633741 0.025421411 0.938759565 17.626449585
0.938287318 -0.027382009 0.344771206 2.714193106 0.035448801 0.999224961 -0.017113876 -0.528390706 -0.344035327 0.028279463 0.938530743 17.730598450
0.937941611 -0.028809259 0.345594347 2.753227711 0.036809638 0.999184310 -0.016607702 -0.531983554 -0.344833970 0.028298261 0.938237011 17.834218979
0.937303007 -0.025722293 0.347565025 2.788785458 0.033313442 0.999318719 -0.015881974 -0.535801768 -0.346919745 0.026464807 0.937521338 17.937038422
0.936419487 -0.023499027 0.350094825 2.829107761 0.030805761 0.999408066 -0.015315832 -0.539310336 -0.349527627 0.025126982 0.936589003 18.044679642
0.935165107 -0.017895659 0.353759795 2.867362022 0.024488950 0.999599695 -0.014169824 -0.541663647 -0.353364557 0.021914335 0.935228944 18.151794434
0.934354544 -0.022491388 0.355634660 2.906922817 0.028133197 0.999547064 -0.010699680 -0.546469629 -0.355232835 0.020002430 0.934563816 18.254884720
0.933686137 -0.021478789 0.357447535 2.946024895 0.027336869 0.999562025 -0.011343428 -0.550064802 -0.357047260 0.020362705 0.933864355 18.358966827
0.932565093 -0.021171261 0.360380560 2.985519409 0.027984828 0.999514461 -0.013698552 -0.553444684 -0.359915614 0.022859978 0.932704806 18.463834763
0.932261586 -0.019775989 0.361244053 3.026029587 0.027004642 0.999523163 -0.014972789 -0.556452215 -0.360775709 0.023713822 0.932351112 18.569025040
0.931775630 -0.017920030 0.362592161 3.066997051 0.025283212 0.999559045 -0.015571636 -0.560502648 -0.362153202 0.023676766 0.931817830 18.674900055
0.931344688 -0.019228004 0.363630950 3.108575583 0.026276819 0.999550223 -0.014447113 -0.563789248 -0.363189578 0.023010310 0.931431055 18.781341553
0.931031704 -0.022680791 0.364232808 3.150149584 0.029012425 0.999507964 -0.011920553 -0.566174150 -0.363783270 0.021665683 0.931231737 18.887619019
0.930512190 -0.024493588 0.365440935 3.190917730 0.030879047 0.999455273 -0.011638214 -0.567279220 -0.364956886 0.022113970 0.930761755 18.994295120
0.930572569 -0.027534137 0.365070581 3.234107018 0.034192838 0.999345779 -0.011786211 -0.570660949 -0.364507198 0.023450723 0.930905223 19.100318909
0.929706097 -0.029034879 0.367155939 3.273346424 0.035688650 0.999298513 -0.011345169 -0.573854327 -0.366568953 0.023650972 0.930090249 19.206216812
0.929660857 -0.030958939 0.367113322 3.317425251 0.037141599 0.999262035 -0.009787181 -0.576599181 -0.366539359 0.022733930 0.930124760 19.311838150
