0.999910891 0.000920836 0.013316952 0.000366357 -0.000931725 0.999999166 0.000811483 -0.001191773 -0.013316195 -0.000823818 0.999910951 0.061033845
0.999709010 0.000846647 0.024105811 0.001393069 -0.000897709 0.999997318 0.002107484 -0.001722289 -0.024103962 -0.002128511 0.999707162 0.122767143
0.999491155 -0.001498376 0.031861752 0.003609451 0.001385503 0.999992609 0.003564388 -0.002413406 -0.031866863 -0.003518430 0.999485850 0.185484409
0.999316633 -0.004088557 0.036733810 0.005800675 0.003962603 0.999985933 0.003500951 -0.003350281 -0.036747605 -0.003352997 0.999318898 0.248652622
0.999204516 -0.004987213 0.039562624 0.008230742 0.004949554 0.999987185 0.001049774 -0.004156022 -0.039567348 -0.000853121 0.999216557 0.312053770
0.999104202 -0.004693632 0.042054955 0.010451471 0.004821261 0.999984086 -0.002933937 -0.005037807 -0.042040519 0.003134067 0.999110997 0.376272619
0.999049127 -0.006531283 0.043105625 0.013647756 0.006776379 0.999961615 -0.005542282 -0.005716874 -0.043067772 0.005829113 0.999055147 0.442841709
0.998911440 -0.008569651 0.045853332 0.015188882 0.008699869 0.999958694 -0.002641049 -0.007219930 -0.045828812 0.003037093 0.998944700 0.506601334
0.998851240 -0.009690084 0.046928756 0.018454460 0.009636310 0.999952674 0.001371969 -0.008517190 -0.046939824 -0.000918173 0.998897314 0.575328112
0.998769641 -0.009808116 0.048610352 0.021025082 0.009651360 0.999947429 0.003458370 -0.009426152 -0.048641719 -0.002984959 0.998811841 0.641184509
0.998668194 -0.010753255 0.050459955 0.024092671 0.010600355 0.999938369 0.003296772 -0.009853480 -0.050492305 -0.002757488 0.998720646 0.711332500
0.998579443 -0.012822578 0.051715896 0.027674329 0.012735209 0.999916792 0.002018551 -0.010809471 -0.051737476 -0.001357070 0.998659790 0.777474463
0.998501778 -0.011376393 0.053522836 0.030760545 0.011333391 0.999935150 0.001106887 -0.011942006 -0.053531971 -0.000498634 0.998565972 0.847470760
0.998436272 -0.009769593 0.055041090 0.033729002 0.009805158 0.999951780 -0.000376103 -0.012890127 -0.055034764 0.000915202 0.998484015 0.915163815
0.998349369 -0.010932581 0.056383181 0.037978701 0.010991207 0.999939322 -0.000729748 -0.013873192 -0.056371782 0.001348262 0.998408914 0.986631751
0.998228669 -0.010515733 0.058557454 0.040745746 0.010532698 0.999944508 0.000018927 -0.014372573 -0.058554407 0.000597875 0.998283982 1.056268692
0.998112500 -0.010839240 0.060448807 0.043971740 0.010824235 0.999941170 0.000575702 -0.015332422 -0.060451500 0.000079697 0.998171091 1.127395391
0.997983515 -0.012491706 0.062233396 0.048635602 0.012545524 0.999921143 -0.000474085 -0.016078148 -0.062222570 0.001253880 0.998061478 1.200671077
0.997904539 -0.012815152 0.063421413 0.053657725 0.012813639 0.999917805 0.000430620 -0.018230675 -0.063421719 0.000382941 0.997986734 1.271382928
0.997745097 -0.013009296 0.065843791 0.056931518 0.012936104 0.999915123 0.001537842 -0.019137796 -0.065858208 -0.000682613 0.997828662 1.343950629
0.997657776 -0.014979257 0.066742353 0.062502205 0.014908063 0.999887645 0.001564656 -0.020890947 -0.066758282 -0.000565992 0.997768998 1.419246435
0.997541487 -0.012483926 0.068958044 0.065871403 0.012347364 0.999920845 0.002406299 -0.022245198 -0.068982638 -0.001548933 0.997616708 1.492713332
0.997472763 -0.013443748 0.069765672 0.072858676 0.013254456 0.999907136 0.003175502 -0.023308855 -0.069801882 -0.002242771 0.997558355 1.569641709
0.997357905 -0.011443741 0.071737200 0.077080302 0.011095150 0.999924660 0.005255886 -0.024022661 -0.071791962 -0.004446064 0.997409701 1.643955708
0.997222841 -0.010709507 0.073701076 0.081329510 0.010565938 0.999941528 0.002337626 -0.025118563 -0.073721804 -0.001552413 0.997277677 1.716965079
0.997157753 -0.010722344 0.074574731 0.087650165 0.010625871 0.999942064 0.001690293 -0.025729882 -0.074588552 -0.000893066 0.997213960 1.792288184
0.997000158 -0.010990902 0.076616406 0.091683492 0.010903353 0.999939322 0.001560926 -0.027496701 -0.076628916 -0.000720867 0.997059345 1.868781328
0.996946812 -0.012809356 0.077025414 0.097743094 0.012419707 0.999907553 0.005535616 -0.029036077 -0.077089190 -0.004562081 0.997013688 1.944992065
0.996932328 -0.012567429 0.077252619 0.100485474 0.012204375 0.999912143 0.005169925 -0.031318568 -0.077310793 -0.004211246 0.996998072 2.018617392
0.997207463 -0.011288708 0.073822968 0.107845157 0.010989192 0.999929607 0.004462147 -0.031484138 -0.073868163 -0.003638431 0.997261405 2.096615076
0.997525632 -0.009567773 0.069649391 0.113664076 0.009376545 0.999951303 0.003071996 -0.034221776 -0.069675401 -0.002411325 0.997566760 2.171141148
0.997790575 -0.004254533 0.066301413 0.118065864 0.004173334 0.999990404 0.001363145 -0.034899525 -0.066306584 -0.001083435 0.997798681 2.247552872
0.997972190 -0.003589907 0.063549809 0.119925141 0.003679794 0.999992311 -0.001297440 -0.036477376 -0.063544668 0.001528659 0.997977853 2.324732304
0.998314381 0.000646059 0.058035199 0.123945266 -0.000400120 0.999990821 -0.004249272 -0.037255026 -0.058037426 0.004218888 0.998305559 2.399870396
0.998606145 0.003651093 0.052654024 0.126401603 -0.003223342 0.999961138 -0.008206443 -0.040104430 -0.052681934 0.008025283 0.998579144 2.474304438
0.998851955 0.007107936 0.047373325 0.128282785 -0.006521542 0.999900341 -0.012521239 -0.041628309 -0.047457606 0.012197915 0.998798788 2.552130938
0.999074101 0.012559484 0.041150518 0.129473865 -0.012026078 0.999840796 -0.013184346 -0.043680381 -0.041309547 0.012677261 0.999065995 2.627326727
0.999285460 0.017561054 0.033467829 0.131794617 -0.017172636 0.999782205 -0.011858009 -0.046878576 -0.033668779 0.011274807 0.999369442 2.703719854
0.999440730 0.021308400 0.025777461 0.131459400 -0.021062842 0.999730527 -0.009760490 -0.049006909 -0.025978502 0.009212082 0.999620080 2.781513214
0.999633193 0.022221297 0.015487030 0.131558239 -0.022130612 0.999737144 -0.006002361 -0.051612213 -0.015616341 0.005657421 0.999862075 2.858083725
0.999799073 0.019976731 0.001671601 0.131564707 -0.019974351 0.999799371 -0.001429220 -0.054263148 -0.001699813 0.001395543 0.999997556 2.936710835
0.999727488 0.019109286 -0.013405863 0.130629599 -0.019119283 0.999816954 -0.000617862 -0.054052196 0.013391610 0.000874002 0.999909997 3.011955976
0.999437273 0.018782094 -0.027792597 0.126402855 -0.018822927 0.999822080 -0.001208428 -0.055912729 0.027764956 0.001730886 0.999612987 3.083932877
0.998920381 0.020037115 -0.041912250 0.121704221 -0.020272803 0.999780893 -0.005205848 -0.057438865 0.041798756 0.006049907 0.999107718 3.159575939
0.998117805 0.021950558 -0.057262946 0.116426319 -0.022432020 0.999718010 -0.007778616 -0.059584074 0.057076063 0.009048497 0.998328865 3.236205816
0.997159541 0.023455478 -0.071572997 0.111472502 -0.024170492 0.999666035 -0.009140180 -0.061632659 0.071334720 0.010844172 0.997393489 3.311244965
0.996095240 0.025369059 -0.084561706 0.103388369 -0.026162902 0.999623358 -0.008292653 -0.061626829 0.084319480 0.010472652 0.996383786 3.384478092
0.994796455 0.022455610 -0.099377312 0.097325683 -0.023007005 0.999725640 -0.004405818 -0.065637775 0.099251099 0.006669263 0.995040059 3.462911129
0.993479192 0.022418309 -0.111788861 0.085921973 -0.022873392 0.999734461 -0.002789882 -0.067197248 0.111696653 0.005328679 0.993728042 3.535564661
0.991818905 0.022612061 -0.125634685 0.075899988 -0.023188341 0.999726236 -0.003126217 -0.068429962 0.125529617 0.006013900 0.992071688 3.610716105
0.990033090 0.025907090 -0.138431609 0.063627183 -0.026346376 0.999651909 -0.001341525 -0.070045687 0.138348639 0.004975325 0.990371108 3.684418201
0.987948954 0.029364195 -0.151969552 0.051634431 -0.029287973 0.999567270 0.002740464 -0.072626822 0.151984259 0.001743441 0.988381326 3.759392023
0.985844374 0.034568284 -0.164060742 0.037551105 -0.034270383 0.999401748 0.004646676 -0.072876662 0.164123222 0.001041526 0.986439288 3.833302259
0.983723521 0.036078848 -0.176029414 0.023438334 -0.035615139 0.999348700 0.005793974 -0.073798314 0.176123798 0.000569642 0.984367847 3.908347845
0.981323063 0.036789127 -0.188815743 0.007447422 -0.036161814 0.999322951 0.006767459 -0.075252339 0.188936874 0.000186854 0.981989205 3.982099056
0.978712976 0.040254477 -0.201247260 -0.008317411 -0.039892301 0.999186754 0.005856611 -0.075181559 0.201319367 0.002296274 0.979522943 4.056329250
0.976077199 0.038631544 -0.213964775 -0.025542617 -0.037670311 0.999253452 0.008569525 -0.077104218 0.214136124 -0.000304398 0.976803720 4.130490303
0.973315597 0.041102372 -0.225759596 -0.043676317 -0.039659642 0.999153495 0.010924210 -0.077317193 0.226017520 -0.001679160 0.974121809 4.203116417
0.970333576 0.044665597 -0.237608343 -0.063248098 -0.042525478 0.998995483 0.014127569 -0.076863624 0.238000676 -0.003604045 0.971258283 4.276329994
0.967140198 0.043724734 -0.250455379 -0.081645787 -0.041152719 0.999032736 0.015499685 -0.077931799 0.250890821 -0.004683448 0.968003988 4.349171162
0.964165211 0.042826060 -0.261823446 -0.102861881 -0.040142931 0.999072313 0.015590336 -0.077338286 0.262248218 -0.004521299 0.964989841 4.421926975
0.961020172 0.039639607 -0.273621678 -0.123883605 -0.037235454 0.999208748 0.013976296 -0.078379303 0.273959219 -0.003243074 0.961735845 4.496128082
0.957604706 0.038374834 -0.285518080 -0.145100474 -0.036351733 0.999262333 0.012384277 -0.079036184 0.285782725 -0.001480165 0.958293319 4.564906597
0.954067171 0.037674785 -0.297214270 -0.168270588 -0.035949204 0.999290109 0.011271609 -0.079279318 0.297428012 -0.000069257 0.954744279 4.636888504
0.950565457 0.039744090 -0.307970345 -0.192414522 -0.038013890 0.999209583 0.011617947 -0.079845339 0.308188647 0.000663533 0.951324940 4.708218098
0.947045267 0.040205833 -0.318573028 -0.216541529 -0.038291592 0.999191225 0.012271743 -0.080837637 0.318808794 0.000576772 0.947818816 4.779962540
0.943718672 0.040927369 -0.328207374 -0.241998076 -0.039652459 0.999157488 0.010579064 -0.081199564 0.328363806 0.003030568 0.944546461 4.850342751
0.940724254 0.040203962 -0.336781114 -0.268001676 -0.039586738 0.999178231 0.008702157 -0.081646472 0.336854190 0.005145737 0.941542864 4.919767380
0.937775016 0.041716091 -0.344728410 -0.296263695 -0.041657001 0.999103248 0.007582182 -0.080660611 0.344735563 0.007249968 0.938671887 4.985845089
0.934047103 0.041418452 -0.354740113 -0.321547031 -0.041452520 0.999112189 0.007507158 -0.082285225 0.354736120 0.007692829 0.934934795 5.059577942
0.931387007 0.042459004 -0.361545950 -0.351870179 -0.042046320 0.999074936 0.009012247 -0.082996920 0.361594170 0.006807785 0.932310641 5.129649162
0.927756965 0.044397097 -0.370534748 -0.376169324 -0.043023307 0.999002278 0.011976279 -0.084452689 0.370696753 0.004830556 0.928741395 5.196013927
0.924744606 0.048289523 -0.377512336 -0.408219457 -0.046221185 0.998825371 0.014542593 -0.084263742 0.377771139 0.004000884 0.925890386 5.266903400
0.921426356 0.047845565 -0.385595948 -0.436468124 -0.045642890 0.998847127 0.014870081 -0.084859625 0.385862827 0.003898032 0.922547996 5.333276749
0.918113887 0.048331656 -0.393358439 -0.464951396 -0.046438389 0.998818338 0.014335038 -0.084871285 0.393586427 0.005105734 0.919273436 5.398153305
0.914764643 0.050048120 -0.400875151 -0.493535638 -0.047854427 0.998734236 0.015489199 -0.085917257 0.401142985 0.005014682 0.916001797 5.464458466
0.912317634 0.052784853 -0.406066835 -0.529697418 -0.050192978 0.998594165 0.017038345 -0.085898101 0.406395406 0.004837323 0.913684487 5.537384510
0.909280717 0.053660564 -0.412709594 -0.559914947 -0.050173521 0.998554170 0.019290004 -0.086686477 0.413148016 0.003167068 0.910658360 5.602228642
0.906255841 0.055500772 -0.419070423 -0.591396093 -0.051635444 0.998454154 0.020569464 -0.086184666 0.419564217 0.002997691 0.907720745 5.669289112
0.903921306 0.057174385 -0.423860192 -0.624884367 -0.052225962 0.998363674 0.023292275 -0.085520819 0.424498379 0.001082121 0.905428052 5.732773781
0.901040792 0.057926577 -0.429848850 -0.658212543 -0.053301979 0.998318017 0.022803087 -0.083514646 0.430446684 0.002365282 0.902612925 5.795347691
0.897734761 0.058111209 -0.436686635 -0.691110373 -0.053511664 0.998305976 0.022839004 -0.085133791 0.437274098 0.002864456 0.899323642 5.864853382
0.894604206 0.056770813 -0.443238467 -0.723215938 -0.053166118 0.998373866 0.020566503 -0.085902661 0.443685353 0.005166385 0.896167696 5.927441120
0.891423643 0.057241499 -0.449541062 -0.755028009 -0.055501141 0.998312831 0.017061600 -0.085038878 0.449759275 0.009740924 0.893096685 5.989405632
0.889276147 0.055687927 -0.453967810 -0.790783525 -0.054348812 0.998393655 0.016008586 -0.087055966 0.454130054 0.010436554 0.890874207 6.046202660
0.885257661 0.053631045 -0.461998463 -0.822220683 -0.053147729 0.998487473 0.014070401 -0.087086022 0.462054312 0.012098236 0.886769116 6.111975670
0.881873250 0.052837968 -0.468516409 -0.855012894 -0.053030077 0.998510897 0.012792461 -0.088401340 0.468494743 0.013564135 0.883362234 6.170959473
0.878535926 0.049258057 -0.475129634 -0.887334943 -0.051328760 0.998644650 0.008623167 -0.087089799 0.474910378 0.016812056 0.879873574 6.226591110
0.875212133 0.047340266 -0.481417298 -0.920477509 -0.051770501 0.998650730 0.004084212 -0.089325212 0.480961025 0.021348663 0.876482010 6.280535221
0.871213973 0.044434428 -0.488888174 -0.951546073 -0.053594671 0.998551488 -0.004750305 -0.091648847 0.487968951 0.030340334 0.872333467 6.338913918
0.868661523 0.040349584 -0.493760288 -0.985761523 -0.055329766 0.998343885 -0.015756784 -0.092383221 0.492306739 0.041006945 0.869455278 6.390003204
0.865313053 0.039962366 -0.499636143 -1.012230873 -0.059612039 0.997946799 -0.023422567 -0.095052302 0.497674316 0.050052188 0.865918636 6.439447403
0.862740278 0.038452763 -0.504183233 -1.043153763 -0.061834905 0.997643769 -0.029721905 -0.098243386 0.501852274 0.056818407 0.863085151 6.491328239
0.860617280 0.035314370 -0.508026242 -1.071283579 -0.062052913 0.997431159 -0.035785858 -0.100601003 0.505457401 0.062322438 0.860597908 6.538868904
0.859523118 0.031255484 -0.510140181 -1.100580454 -0.061566304 0.997191966 -0.042635228 -0.105462372 0.507375181 0.068053409 0.859033942 6.584550381
0.858579874 0.027874906 -0.511921406 -1.127037525 -0.062422160 0.996775687 -0.050416689 -0.107691199 0.508865416 0.075242013 0.857551515 6.629298210
0.858934462 0.024979576 -0.511475921 -1.155119419 -0.061209086 0.996656954 -0.054115027 -0.111195549 0.508414209 0.077788234 0.857592046 6.671967983
0.860003114 0.023052551 -0.509767771 -1.183545351 -0.057662062 0.996970892 -0.052194014 -0.114242747 0.507020414 0.074281275 0.858727336 6.715346336
0.862140775 0.020652503 -0.506247878 -1.212207317 -0.051726233 0.997536004 -0.047395125 -0.118229538 0.504021585 0.067047566 0.861084640 6.764239311
0.865748584 0.018780464 -0.500126600 -1.236892223 -0.048571680 0.997731447 -0.046614222 -0.121674627 0.498116553 0.064648196 0.864696741 6.807523727
0.871749699 0.016292056 -0.489680499 -1.264715433 -0.046597678 0.997673512 -0.049761768 -0.124230638 0.487730503 0.066197790 0.870480776 6.851098537
0.879404783 0.015587742 -0.475819409 -1.288866162 -0.045201495 0.997682571 -0.050857104 -0.128105164 0.473923981 0.066231735 0.878071427 6.893360615
0.889305234 0.014913583 -0.457070708 -1.313919425 -0.042532116 0.997833431 -0.050195228 -0.130780593 0.455331892 0.064079069 0.888012826 6.938507080
0.898974299 0.013240946 -0.437801123 -1.327904224 -0.035839703 0.998414874 -0.043396454 -0.134764850 0.436532497 0.054702971 0.898023903 6.985297203
0.912288010 0.015102074 -0.409270585 -1.349198222 -0.032685783 0.998817086 -0.036002193 -0.138136595 0.408242702 0.046221700 0.911702514 7.030626774
0.926006258 0.014367740 -0.377234608 -1.368414879 -0.028066538 0.999130070 -0.030841675 -0.140703723 0.376463354 0.039147258 0.925603986 7.076296329
0.939816236 0.014941075 -0.341353714 -1.385471582 -0.026171943 0.999256253 -0.028319158 -0.143123701 0.340676725 0.035548694 0.939508140 7.122828007
0.953430057 0.016411101 -0.301167488 -1.403295875 -0.024903892 0.999392569 -0.024381749 -0.146652132 0.300584376 0.030746538 0.953259528 7.169103622
0.964087486 0.013551521 -0.265238881 -1.406696081 -0.020092472 0.999556780 -0.021962790 -0.146944553 0.264823705 0.026503352 0.963932574 7.213408947
0.974536538 0.012055434 -0.223904446 -1.415528059 -0.016802946 0.999672294 -0.019310020 -0.148846477 0.223598272 0.022580573 0.974419773 7.259466171
0.983498633 0.010082145 -0.180634499 -1.423910737 -0.013605644 0.999740362 -0.018277824 -0.150969595 0.180403352 0.020433864 0.983380437 7.306910992
0.990742505 0.012232640 -0.135202870 -1.429803967 -0.014684343 0.999744952 -0.017151114 -0.153142676 0.134958625 0.018977698 0.990669489 7.353253841
0.995816231 0.015403331 -0.090070754 -1.433049679 -0.017019091 0.999707282 -0.017198337 -0.153584167 0.089779474 0.018659309 0.995786846 7.400621891
0.998897433 0.014671613 -0.044596680 -1.434560061 -0.015314012 0.999783337 -0.014097261 -0.155856147 0.044380192 0.014764673 0.998905599 7.450049400
0.999912083 0.013183602 0.001436096 -1.434310913 -0.013170612 0.999875307 -0.008707168 -0.157556742 -0.001550715 0.008687486 0.999961138 7.499774933
0.998844743 0.012249018 0.046466257 -1.429605126 -0.012011483 0.999913335 -0.005387772 -0.159054995 -0.046528231 0.004823418 0.998905301 7.548220634
0.995526910 0.016342496 0.093053795 -1.424573421 -0.015979504 0.999861479 -0.004644678 -0.160532013 -0.093116812 0.003136948 0.995650232 7.597800255
0.990077972 0.018390389 0.139310449 -1.417816043 -0.017913843 0.999828637 -0.004673969 -0.162135467 -0.139372543 0.002132008 0.990237653 7.647330284
0.982761264 0.017906435 0.184009746 -1.407825828 -0.016964801 0.999833703 -0.006690441 -0.163628235 -0.184098959 0.003453417 0.982901633 7.698029041
0.973663330 0.013767637 0.227574587 -1.394957900 -0.012570852 0.999898434 -0.006707525 -0.164757654 -0.227643833 0.003670065 0.973737538 7.746102810
0.963269532 0.009128772 0.268381476 -1.378790259 -0.007645783 0.999949157 -0.006570348 -0.165527672 -0.268427849 0.004277029 0.963290334 7.796202660
0.951454580 0.005174935 0.307745695 -1.362669468 -0.003650155 0.999978065 -0.005530099 -0.167161673 -0.307767540 0.004138318 0.951452553 7.844614029
0.939236403 0.001220637 0.343268991 -1.342430115 0.000701226 0.999984741 -0.005474526 -0.168680608 -0.343270421 0.005382583 0.939221203 7.894235611
0.926556408 -0.000825356 0.376155019 -1.321941376 0.003428027 0.999974608 -0.006249883 -0.170216620 -0.376140296 0.007080338 0.926535666 7.943489552
0.913945675 -0.004767297 0.405808806 -1.298559666 0.008989682 0.999923468 -0.008499440 -0.171512485 -0.405737311 0.011416118 0.913918495 7.993106365
0.902323306 -0.007693051 0.430991411 -1.272835016 0.013859069 0.999841571 -0.011168500 -0.172694504 -0.430837184 0.016050737 0.902286887 8.042222977
0.891009986 -0.012395711 0.453814536 -1.247496843 0.020375451 0.999711752 -0.012698120 -0.174530044 -0.453526258 0.020560827 0.891005695 8.092735291
0.881372929 -0.016061556 0.472148031 -1.218926668 0.025779966 0.999567807 -0.014120888 -0.175919682 -0.471717268 0.024617728 0.881406069 8.143842697
0.872975647 -0.017683813 0.487443209 -1.190067291 0.028044736 0.999509096 -0.013965186 -0.177849919 -0.486956924 0.025861483 0.873042941 8.195239067
0.864693344 -0.018556289 0.501957178 -1.158448696 0.030064572 0.999437690 -0.014843459 -0.178958222 -0.501399577 0.027926173 0.864764988 8.248386383
0.857034981 -0.018243292 0.514935076 -1.126603603 0.030443842 0.999419928 -0.015261596 -0.181711257 -0.514358044 0.028756330 0.857093275 8.301816940
0.849641144 -0.018371912 0.527041197 -1.093079329 0.031182738 0.999394596 -0.015432100 -0.183310464 -0.526438534 0.029546332 0.849699736 8.356182098
0.842831790 -0.019261207 0.537832141 -1.057500601 0.033630181 0.999291122 -0.016914252 -0.184680939 -0.537125111 0.032343268 0.842882276 8.410230637
0.837823510 -0.021278137 0.545526445 -1.020995617 0.036293756 0.999200463 -0.016766623 -0.186271518 -0.544733524 0.033846673 0.837925911 8.465898514
0.834704041 -0.022957649 0.550219953 -0.983584404 0.038351212 0.999128163 -0.016492084 -0.188616663 -0.549361706 0.034867615 0.834856868 8.523715973
0.834623694 -0.025512425 0.550229371 -0.944971323 0.041309677 0.999012768 -0.016340079 -0.190024078 -0.549269319 0.036367621 0.834853590 8.582261086
0.836992919 -0.027155802 0.546539605 -0.906339884 0.042230774 0.998994827 -0.015037074 -0.191220254 -0.545581818 0.035666719 0.837298274 8.641606331
0.839586556 -0.025993807 0.542603791 -0.867350578 0.039647445 0.999122739 -0.013483974 -0.193234518 -0.541777313 0.032833818 0.839880526 8.705713272
0.841313183 -0.022302274 0.540087938 -0.828991890 0.035473444 0.999272645 -0.013994424 -0.195310473 -0.539383054 0.030932466 0.841492236 8.767834663
0.842269242 -0.018800220 0.538729131 -0.790548086 0.031881820 0.999379516 -0.014969521 -0.197075844 -0.538113415 0.029784027 0.842346013 8.829873085
0.842941880 -0.018105458 0.537700057 -0.750321150 0.031113265 0.999401450 -0.015123768 -0.199805826 -0.537104428 0.029478060 0.843000472 8.895321846
0.843586147 -0.017191239 0.536718786 -0.709402561 0.029732184 0.999449492 -0.014718827 -0.201972395 -0.536170423 0.028374420 0.843632638 8.961784363
0.844520867 -0.015685985 0.535292983 -0.668522120 0.027976934 0.999498308 -0.014849787 -0.204176739 -0.534791470 0.027516810 0.844535947 9.027750969
0.845381379 -0.016530620 0.533907354 -0.626818419 0.029743630 0.999427021 -0.016151804 -0.206647515 -0.533334434 0.029534776 0.845388651 9.094890594
0.846217275 -0.015116869 0.532623529 -0.584096670 0.028425656 0.999454737 -0.016795453 -0.208411857 -0.532079220 0.029352773 0.846185625 9.164911270
0.846798956 -0.013919284 0.531730771 -0.542817593 0.027035013 0.999491751 -0.016890157 -0.211813658 -0.531225383 0.028677916 0.846745014 9.234859467
0.848069966 -0.014351937 0.529689968 -0.498806000 0.027974144 0.999451756 -0.017708398 -0.214284241 -0.529145479 0.029835584 0.848006427 9.305047989
0.849026620 -0.013586215 0.528175056 -0.456116676 0.029117545 0.999353290 -0.021099344 -0.216635451 -0.527546823 0.033293076 0.848873198 9.376165390
0.850161791 -0.010671503 0.526413381 -0.413032532 0.027068729 0.999358296 -0.023457117 -0.219539821 -0.525825262 0.034191683 0.849905074 9.447549820
0.851201653 -0.008701084 0.524766684 -0.370716572 0.026510799 0.999298990 -0.026432797 -0.223031193 -0.524168849 0.036411628 0.850835621 9.519335747
0.852530658 -0.007626719 0.522621512 -0.324589252 0.026413012 0.999244571 -0.028504275 -0.226765200 -0.522009373 0.038104776 0.852088153 9.595262527
0.853631854 -0.004538374 0.520856977 -0.279709339 0.023580188 0.999273539 -0.029938595 -0.230326384 -0.520342708 0.037838444 0.853118837 9.670015335
0.854852021 -0.005126166 0.518846393 -0.236093044 0.023612184 0.999299586 -0.029030455 -0.234498352 -0.518334270 0.037067845 0.854374409 9.744309425
0.856213987 -0.006368712 0.516582131 -0.191979885 0.023448594 0.999372542 -0.026544271 -0.238619059 -0.516088963 0.034840696 0.855826080 9.820567131
0.858268499 -0.009015847 0.513121665 -0.146092415 0.025049603 0.999389887 -0.024339139 -0.242931694 -0.512589097 0.033743013 0.857970715 9.895715714
0.860948324 -0.009019423 0.508612573 -0.103262901 0.024432058 0.999422073 -0.023633959 -0.246368036 -0.508105397 0.032774065 0.860671103 9.969666481
0.863322616 -0.009929934 0.504554868 -0.058364391 0.023542536 0.999510288 -0.020611700 -0.249805570 -0.504103005 0.029673046 0.863133550 10.049775124
0.866159558 -0.009076440 0.499685138 -0.016168118 0.021122921 0.999606431 -0.018457532 -0.252849042 -0.499320894 0.026541976 0.866010487 10.126956940
0.869430423 -0.008113870 0.493988842 0.027215958 0.019924080 0.999627590 -0.018647695 -0.255511165 -0.493653476 0.026055146 0.869268239 10.204803467
0.872848868 -0.007522780 0.487932593 0.070354462 0.019792067 0.999604166 -0.019993909 -0.259330273 -0.487589061 0.027108859 0.872652292 10.284032822
0.877246797 -0.009333071 0.479948908 0.112723351 0.022168260 0.999531925 -0.021082103 -0.262987435 -0.479527473 0.029133838 0.877043128 10.361772537
0.882695735 -0.011631428 0.469801009 0.153461933 0.024158742 0.999494851 -0.020645473 -0.268060178 -0.469323635 0.029573474 0.882530868 10.439240456
0.889100790 -0.013833832 0.457502216 0.196903229 0.027172618 0.999375522 -0.022587877 -0.271099150 -0.456904083 0.032514438 0.888921499 10.520792007
0.895445406 -0.015605745 0.444897771 0.236819267 0.029645287 0.999257267 -0.024615955 -0.274740934 -0.444183201 0.035231352 0.895242989 10.602994919
0.902685463 -0.015289830 0.430029303 0.276810646 0.029432900 0.999221861 -0.026255708 -0.278357416 -0.429293215 0.036357649 0.902433038 10.685276031
0.909604430 -0.015161910 0.415198654 0.313086748 0.028438669 0.999262154 -0.025812268 -0.283109039 -0.414500892 0.035286650 0.909364522 10.766372681
0.916063726 -0.015620251 0.400728792 0.347351789 0.028535783 0.999247313 -0.026282366 -0.288003802 -0.400016546 0.035511427 0.915819824 10.848820686
0.922154725 -0.009879681 0.386695147 0.380869389 0.022599280 0.999342322 -0.028360441 -0.290547550 -0.386160612 0.034891747 0.921771407 10.933753967
0.927508235 -0.009038102 0.373693436 0.414444208 0.021084368 0.999381006 -0.028160557 -0.294911772 -0.373207688 0.033998236 0.927124679 11.019172668
0.932113111 -0.008725326 0.362062097 0.445122480 0.018608158 0.999543130 -0.023817927 -0.298480928 -0.361688882 0.028938312 0.931849658 11.102670670
0.936661899 -0.008457005 0.350132793 0.477548599 0.016911885 0.999634385 -0.021097142 -0.302174479 -0.349826425 0.025682300 0.936462462 11.190937996
0.941132605 -0.004934879 0.338001788 0.507473707 0.013449661 0.999648273 -0.022854226 -0.304107159 -0.337770104 0.026054865 0.940867960 11.278831482
0.945365191 -0.008313690 0.325907260 0.534431934 0.016904399 0.999580026 -0.023536235 -0.309245408 -0.325574696 0.027759606 0.945108652 11.362247467
0.949499130 -0.007260527 0.313685685 0.563112497 0.015573227 0.999590576 -0.024002401 -0.313230246 -0.313382983 0.027675353 0.949223518 11.449681282
0.953203797 -0.005164834 0.302284151 0.587522984 0.013674764 0.999567330 -0.026042510 -0.315920144 -0.302018881 0.028957488 0.952862024 11.536718369
0.956977487 -0.005150165 0.290116370 0.614363670 0.013723718 0.999526858 -0.027525365 -0.321001381 -0.289837390 0.030322632 0.956595361 11.626296997
0.960503101 -0.006515404 0.278192848 0.639747858 0.015217237 0.999459684 -0.029132016 -0.325561315 -0.277852803 0.032214720 0.960083365 11.715094566
0.963473916 -0.006442696 0.267724544 0.662664652 0.015089607 0.999428391 -0.030252846 -0.329472780 -0.267376602 0.033187687 0.963020325 11.805899620
0.966059864 -0.008564550 0.258176446 0.686406612 0.016479433 0.999457777 -0.028508455 -0.333404690 -0.257792234 0.031795479 0.965677023 11.897973061
0.968283713 -0.011486429 0.249589220 0.712129116 0.018493988 0.999497354 -0.025749408 -0.337857962 -0.249167964 0.029548636 0.968009412 11.990746498
0.970069230 -0.012994601 0.242480516 0.735674620 0.019785549 0.999476671 -0.025591969 -0.342059880 -0.242021054 0.029623596 0.969818652 12.082732201
0.971067369 -0.011682922 0.238519445 0.755950451 0.018502455 0.999480963 -0.026372172 -0.345548362 -0.238087505 0.030022355 0.970779538 12.175110817
0.971755683 -0.009382036 0.235802740 0.776874065 0.015745308 0.999560535 -0.025117097 -0.349195570 -0.235463470 0.028120467 0.971476257 12.267492294
0.972071886 -0.009049085 0.234508634 0.797995567 0.015135784 0.999593437 -0.024168255 -0.353875607 -0.234194592 0.027042752 0.971813560 12.361441612
0.972574353 -0.007558289 0.232469007 0.821063519 0.013836454 0.999581873 -0.025387697 -0.357983917 -0.232179910 0.027907969 0.972272396 12.456923485
0.972788811 -0.006854886 0.231592149 0.841827393 0.013425317 0.999550462 -0.026806580 -0.362343132 -0.231304288 0.029186334 0.972443581 12.550798416
0.973363519 -0.007262677 0.229152068 0.863055944 0.013838520 0.999536991 -0.027102517 -0.366810322 -0.228849098 0.029551730 0.973013222 12.645577431
0.974027038 -0.008931969 0.226255208 0.884698153 0.015485993 0.999509752 -0.027209021 -0.370884776 -0.225901261 0.030006113 0.973687947 12.740446091
0.974737108 -0.011325330 0.223067865 0.905731201 0.017210541 0.999552786 -0.024456620 -0.375343323 -0.222691119 0.027677897 0.974496007 12.837775230
0.975489855 -0.015401979 0.219505355 0.927732468 0.020951107 0.999516428 -0.022974627 -0.378417730 -0.219045371 0.027010392 0.975340664 12.932579041
0.976134956 -0.019156456 0.216318324 0.949178457 0.025206849 0.999363363 -0.025245313 -0.382578939 -0.215697005 0.030095533 0.975996435 13.029993057
0.976595223 -0.018103840 0.214322045 0.969310284 0.025141608 0.999228954 -0.030156942 -0.386363119 -0.213610798 0.034839530 0.976297379 13.124911308
0.976870477 -0.019795520 0.212913617 0.990364552 0.027039140 0.999148548 -0.031163219 -0.390938908 -0.212115437 0.036199436 0.976573825 13.223247528
0.976917624 -0.019743156 0.212701887 1.010686278 0.026409017 0.999243617 -0.028543297 -0.395257086 -0.211977497 0.033501700 0.976700127 13.320472717
0.976991892 -0.019623611 0.212371603 1.031285405 0.025407836 0.999375880 -0.024541356 -0.398602903 -0.211757511 0.029372610 0.976880729 13.420556068
0.976981223 -0.024872869 0.211870164 1.053149581 0.029670006 0.999369681 -0.019492349 -0.403316528 -0.211251825 0.025329847 0.977103353 13.519987106
0.976855218 -0.028901095 0.211939529 1.074884415 0.033879250 0.999227941 -0.019894116 -0.405245185 -0.211200938 0.026614025 0.977080226 13.619879723
0.976473272 -0.034420453 0.212873757 1.095175505 0.039828368 0.998982310 -0.021167066 -0.409634113 -0.211928532 0.029147487 0.976850390 13.719134331
0.976215184 -0.036626488 0.213687956 1.117152929 0.042645182 0.998810947 -0.023622932 -0.413554817 -0.212568700 0.032173827 0.976616263 13.819888115
0.975998342 -0.037565671 0.214513242 1.139039516 0.043687522 0.998760104 -0.023867348 -0.417597771 -0.213350654 0.032666054 0.976429403 13.921996117
0.975682914 -0.034918111 0.216387495 1.160333514 0.040757239 0.998913825 -0.022579674 -0.420991302 -0.215364009 0.030849958 0.976046324 14.022520065
0.975197494 -0.031242775 0.219120398 1.181796789 0.036831789 0.999090850 -0.021467201 -0.425824225 -0.218250498 0.029005358 0.975461662 14.127473831
0.974202216 -0.024911428 0.224297673 1.202186704 0.030271349 0.999331594 -0.020489011 -0.429810643 -0.223637372 0.026750235 0.974305272 14.229793549
0.973170340 -0.019116860 0.229290381 1.225459337 0.024109060 0.999528885 -0.018990615 -0.433494687 -0.228819296 0.024009075 0.973172784 14.335241318
0.971778929 -0.011739483 0.235601366 1.248850346 0.016352881 0.999710739 -0.017636985 -0.437742829 -0.235326141 0.020992015 0.971689701 14.438831329
0.970104635 -0.007939277 0.242556825 1.272803545 0.013135188 0.999717414 -0.019811748 -0.441207111 -0.242331013 0.022405503 0.969934881 14.544261932
0.968359709 -0.004662686 0.249515072 1.299021721 0.010576595 0.999693871 -0.022366138 -0.445506990 -0.249334410 0.024297489 0.968112588 14.649592400
0.966259301 -0.003052008 0.257552892 1.325424194 0.009532057 0.999668539 -0.023915255 -0.448453158 -0.257394522 0.025563350 0.965968132 14.754797935
0.964093685 -0.004909432 0.265516907 1.353398561 0.011187382 0.999692321 -0.022137053 -0.452818096 -0.265326530 0.024312634 0.963852048 14.860363007
0.961917222 -0.009496368 0.273175687 1.384356260 0.015038455 0.999721169 -0.018200845 -0.456847787 -0.272926629 0.021615850 0.961791992 14.966874123
0.959590673 -0.014716923 0.281014264 1.416161060 0.020737929 0.999614358 -0.018464100 -0.460727125 -0.280634165 0.023545634 0.959526002 15.073961258
0.957027555 -0.021041632 0.289232463 1.446897030 0.027977157 0.999411166 -0.019865228 -0.463926107 -0.288644135 0.027103474 0.957052767 15.176677704
0.954325318 -0.024403896 0.297771305 1.477560282 0.033179823 0.999150217 -0.024452262 -0.468155473 -0.296921581 0.033215407 0.954324126 15.281542778
0.952261925 -0.024132684 0.304327071 1.512236118 0.033845570 0.999070883 -0.026680447 -0.471617222 -0.303400487 0.035706896 0.952193856 15.389672279
0.950111568 -0.026717786 0.310763806 1.546122313 0.035208233 0.999143422 -0.021742709 -0.476885378 -0.309916705 0.031599443 0.950238466 15.493448257
0.947613418 -0.027797060 0.318207651 1.581397772 0.035218969 0.999224722 -0.017593732 -0.480506510 -0.317471892 0.027879000 0.947857797 15.601106644
0.945530355 -0.031610075 0.323995471 1.617433071 0.037825596 0.999200940 -0.012902745 -0.483389556 -0.323328733 0.024455260 0.945970654 15.708370209
0.943592668 -0.038631883 0.328847140 1.654188156 0.045009959 0.998916805 -0.011801929 -0.487021893 -0.328034967 0.025937609 0.944309413 15.814961433
0.942584991 -0.039422441 0.331631213 1.690408707 0.047245208 0.998762190 -0.015556401 -0.490273118 -0.330607414 0.030331219 0.943280816 15.920784950
0.941636384 -0.040834919 0.334145635 1.727711439 0.050305083 0.998538911 -0.019733436 -0.493751466 -0.332851678 0.035390951 0.942314804 16.026962280
0.941159010 -0.034938581 0.336153150 1.764736891 0.043752898 0.998867691 -0.018680200 -0.498683393 -0.335119933 0.032288712 0.941622078 16.134714127
0.940442502 -0.033011645 0.338346094 1.801346540 0.041784365 0.998952150 -0.018675379 -0.502440453 -0.337375015 0.031700697 0.940836430 16.241930008
0.940278649 -0.028116949 0.339242518 1.839983225 0.036376633 0.999175847 -0.018011875 -0.505928397 -0.338456482 0.029276678 0.940526485 16.349512100
0.939578712 -0.028238224 0.341166109 1.877348900 0.036281154 0.999193311 -0.017216131 -0.510151744 -0.340404719 0.028553814 0.939845324 16.456398010
0.939584315 -0.028053218 0.341166168 1.915562153 0.035109665 0.999277890 -0.014525262 -0.512875736 -0.340512305 0.025625940 0.939890742 16.565490723
0.939875424 -0.029181376 0.340268373 1.954417706 0.035796553 0.999272168 -0.013178332 -0.516420484 -0.339636117 0.024566427 0.940236092 16.670183182
0.939828277 -0.028433051 0.340461999 1.993756533 0.035119511 0.999292076 -0.013491628 -0.520451188 -0.339837432 0.024636673 0.940161467 16.780521393
0.939913452 -0.028404467 0.340229183 2.031055450 0.035443243 0.999266624 -0.014490074 -0.523398519 -0.339568079 0.025678242 0.940230906 16.886882782
0.939978659 -0.025726935 0.340262026 2.070793390 0.032453697 0.999374032 -0.014091955 -0.527850568 -0.339686453 0.024288895 0.940225065 16.997945786
0.939682305 -0.023875948 0.341214120 2.109778643 0.030585615 0.999429941 -0.014297263 -0.531001508 -0.340678245 0.023871133 0.939876795 17.108732224
0.938963354 -0.024518786 0.343142331 2.147339106 0.030518524 0.999460995 -0.012094701 -0.535481870 -0.342660904 0.021828681 0.939205527 17.218059540
0.938244164 -0.024696436 0.345091075 2.188277006 0.030035300 0.999497533 -0.010131880 -0.539097607 -0.344667494 0.019871091 0.938514531 17.329954147
0.937708914 -0.027397376 0.346340328 2.228373766 0.032736968 0.999418139 -0.009575288 -0.542593718 -0.345876485 0.020316966 0.938060045 17.441719055
0.936879754 -0.027235903 0.348589420 2.268377542 0.033282962 0.999381363 -0.011368914 -0.545996606 -0.348064125 0.022253394 0.937206626 17.554904938
0.936807156 -0.025191287 0.348937809 2.310643911 0.031131011 0.999450028 -0.011424170 -0.549920321 -0.348458081 0.021565033 0.937076271 17.667812347
0.936273992 -0.023439063 0.350487739 2.350141525 0.029435910 0.999497175 -0.011791575 -0.552498281 -0.350035071 0.021357073 0.936493099 17.780475616
0.936416149 -0.023838002 0.350080729 2.392465830 0.028879423 0.999540687 -0.009186753 -0.557673931 -0.349701047 0.018712755 0.936674416 17.893671036
0.936548114 -0.025485111 0.349611431 2.433915854 0.030363657 0.999502957 -0.008479643 -0.560986161 -0.349221617 0.018557079 0.936856389 18.006160736
0.936879992 -0.028111005 0.348519236 2.475926638 0.033306297 0.999405384 -0.008922627 -0.564189732 -0.348061174 0.019967314 0.937259138 18.118982315
0.937160671 -0.028239952 0.347753376 2.517645836 0.033955418 0.999369681 -0.010350823 -0.567789316 -0.347241908 0.021508496 0.937528908 18.233076096
0.937276900 -0.027357727 0.347510517 2.559264660 0.033178452 0.999391019 -0.010809266 -0.571194112 -0.347003222 0.021661138 0.937613785 18.348667145
0.937544882 -0.027378602 0.346785069 2.601163626 0.033068053 0.999397933 -0.010498353 -0.574782491 -0.346288830 0.021310186 0.937885880 18.463689804
0.937379777 -0.026017586 0.347335964 2.642020702 0.031290796 0.999464333 -0.009580645 -0.578142583 -0.346900582 0.019849116 0.937691987 18.579957962
0.937449038 -0.026510507 0.347111464 2.683042288 0.031473938 0.999466896 -0.008668229 -0.582735181 -0.346696556 0.019050984 0.937783837 18.694612503
0.937641323 -0.026279956 0.346609384 2.726000071 0.031376913 0.999466121 -0.009100643 -0.586157084 -0.346185207 0.019408673 0.937965333 18.811756134
0.937720895 -0.027345231 0.346311748 2.767861366 0.032940917 0.999404371 -0.010281050 -0.589583874 -0.345824301 0.021048579 0.938063145 18.927442551
0.938480973 -0.027005585 0.344273508 2.813068151 0.033239126 0.999372721 -0.012216000 -0.592453599 -0.343727648 0.022907836 0.938789845 19.044986725
0.937569737 -0.029023742 0.346584260 2.851204634 0.034593262 0.999352515 -0.009892681 -0.598712862 -0.346072733 0.021264557 0.937966704 19.160064697
0.938037395 -0.029174523 0.345303535 2.895997286 0.034679141 0.999350667 -0.009773297 -0.601174831 -0.344794244 0.021142548 0.938440144 19.277822495
0.937970996 -0.029727424 0.345436811 2.937886715 0.034893889 0.999352813 -0.008746242 -0.604536593 -0.344953239 0.020257356 0.938401282 19.395103455
0.937510848 -0.031478044 0.346529245 2.979335308 0.036596440 0.999296188 -0.008235035 -0.608055592 -0.346026123 0.020402174 0.938003004 19.511692047
0.937440753 -0.033894587 0.346490920 3.022712469 0.039170146 0.999198675 -0.008231864 -0.611822248 -0.345934272 0.021288987 0.938017130 19.629051208
0.937282026 -0.035748944 0.346733958 3.066151857 0.042038754 0.999059379 -0.010633076 -0.614748418 -0.346027672 0.024542456 0.937903166 19.746463776
0.936983526 -0.037532579 0.347351432 3.108591318 0.044664051 0.998923302 -0.012544434 -0.618599951 -0.346506655 0.027268056 0.937651098 19.863471985
0.936642170 -0.039145026 0.348093390 3.152353048 0.046270385 0.998854756 -0.012176639 -0.622474611 -0.347217977 0.027511563 0.937380791 19.981861115
0.936169863 -0.036937892 0.349602133 3.195984840 0.043671750 0.998980939 -0.011395612 -0.626211941 -0.348824888 0.025935967 0.936828971 20.100364685
0.935072958 -0.033522747 0.352866441 3.237666607 0.040019754 0.999136865 -0.011130485 -0.629432738 -0.352188766 0.024529444 0.935607493 20.217748642
0.934190035 -0.031581726 0.355375081 3.281424046 0.037276126 0.999262810 -0.009186204 -0.633289814 -0.354822993 0.021828670 0.934678614 20.336677551
0.932970703 -0.032801591 0.358454615 3.325617552 0.037809119 0.999260664 -0.006967298 -0.636423528 -0.357961118 0.020053139 0.933521092 20.455930710
0.932309210 -0.032377131 0.360210091 3.371443748 0.037483178 0.999271333 -0.007196858 -0.640141249 -0.359714597 0.020211518 0.932843447 20.576309204
0.931851804 -0.029976398 0.361598730 3.416794777 0.036079682 0.999297559 -0.010137148 -0.642782867 -0.361040741 0.022492684 0.932278812 20.694252014
0.931011379 -0.029427234 0.363801897 3.462459087 0.035869300 0.999296367 -0.010962557 -0.646263480 -0.363223314 0.023255585 0.931411803 20.813831329
0.930533350 -0.027904470 0.365142405 3.508187771 0.034720886 0.999323606 -0.012114019 -0.649271309 -0.364557505 0.023950562 0.930872798 20.932048798
0.930048227 -0.029648706 0.366239339 3.552844048 0.036159556 0.999286294 -0.010928874 -0.652741373 -0.365653932 0.023407433 0.930456460 21.048288345
0.929621637 -0.032699849 0.367061734 3.598485947 0.038266420 0.999236286 -0.007896243 -0.655949771 -0.366523176 0.021386655 0.930163085 21.164859772
0.928977847 -0.034644153 0.368510485 3.642895222 0.040015079 0.999174953 -0.006940230 -0.658210933 -0.367966026 0.021193296 0.929597676 21.283119202
0.928884089 -0.037021626 0.368515640 3.689435482 0.042646460 0.999064803 -0.007127553 -0.662366986 -0.367907166 0.022336556 0.929594159 21.397712708
0.927970350 -0.037483361 0.370764136 3.730846882 0.043280903 0.999036074 -0.007325856 -0.664892137 -0.370132178 0.022845184 0.928698182 21.513126373
0.928353190 -0.041112747 0.369418681 3.781950474 0.046235777 0.998917937 -0.005021050 -0.668149948 -0.368812442 0.021741666 0.929249525 21.631713867
