0.999913335 0.001060827 0.013123930 0.000635779 -0.001070026 0.999999166 0.000693943 -0.000975876 -0.013123184 -0.000707926 0.999913633 0.056715343
0.999717474 0.000944079 0.023750383 0.001962630 -0.000999090 0.999996781 0.002304476 -0.001752867 -0.023748135 -0.002327553 0.999715209 0.114010476
0.999494374 -0.001490403 0.031759687 0.003928035 0.001373823 0.999992251 0.003692226 -0.002295405 -0.031764939 -0.003646726 0.999488711 0.172301382
0.999324977 -0.003962189 0.036521964 0.006291905 0.003828793 0.999985754 0.003721729 -0.003099650 -0.036536187 -0.003579383 0.999325931 0.230857164
0.999170065 -0.004945640 0.040432882 0.007978613 0.004887497 0.999986947 0.001536741 -0.004073648 -0.040439956 -0.001337850 0.999181092 0.292135775
0.999111950 -0.005233035 0.041807901 0.011066829 0.005367910 0.999980688 -0.003114458 -0.004590102 -0.041790802 0.003336113 0.999120772 0.349374861
0.999043405 -0.006946137 0.043174900 0.014357362 0.007188779 0.999959230 -0.005467262 -0.005161613 -0.043135155 0.005772407 0.999052584 0.411988974
0.998927295 -0.008751439 0.045474663 0.016438205 0.008883164 0.999956906 -0.002695367 -0.006591773 -0.045449123 0.003096434 0.998961806 0.471096694
0.998887479 -0.009792481 0.046131272 0.020436030 0.009773270 0.999952018 0.000641960 -0.007398288 -0.046135347 -0.000190393 0.998935103 0.534569561
0.998784602 -0.009992418 0.048264094 0.022248629 0.009848381 0.999946296 0.003221225 -0.008413455 -0.048293691 -0.002741987 0.998829544 0.596147776
0.998697758 -0.011904382 0.049608890 0.025428291 0.011771290 0.999926269 0.002974160 -0.008872900 -0.049640637 -0.002386326 0.998764336 0.661644518
0.998597205 -0.013089320 0.051306028 0.028491993 0.013002656 0.999913394 0.002022618 -0.009967324 -0.051328063 -0.001352667 0.998680890 0.723393261
0.998546898 -0.011780408 0.052585598 0.032163724 0.011755011 0.999930561 0.000792264 -0.010877384 -0.052591279 -0.000172968 0.998616159 0.790273905
0.998454213 -0.009579860 0.054749019 0.034917377 0.009625714 0.999953449 -0.000573842 -0.011657723 -0.054740973 0.001099954 0.998499930 0.853496075
0.998318434 -0.011482953 0.056819737 0.036891386 0.011524262 0.999933481 -0.000399372 -0.013316283 -0.056811370 0.001053506 0.998384416 0.919456959
0.998242795 -0.012126634 0.058003228 0.041487243 0.012108390 0.999926448 0.000665992 -0.014742038 -0.058007039 0.000037504 0.998316169 0.988482714
0.998144388 -0.011370605 0.059820514 0.045873024 0.011338040 0.999935329 0.000883789 -0.015087732 -0.059826687 -0.000203902 0.998208761 1.052788615
0.998033822 -0.011991624 0.061519552 0.050773323 0.011988975 0.999927998 0.000412183 -0.016452564 -0.061520066 0.000326184 0.998105824 1.121405125
0.997892976 -0.013918661 0.063370802 0.053467661 0.013898993 0.999903083 0.000751199 -0.017558355 -0.063375108 0.000131174 0.997989774 1.185056925
0.997747064 -0.014347475 0.065535970 0.056638494 0.014278159 0.999896884 0.001525914 -0.018509263 -0.065551117 -0.000586743 0.997848988 1.254994273
0.997631431 -0.015008869 0.067128196 0.061262220 0.014927883 0.999887109 0.001707920 -0.019709086 -0.067146257 -0.000701793 0.997742951 1.322201729
0.997564733 -0.012667948 0.068586677 0.066415615 0.012540904 0.999918699 0.002282607 -0.020079073 -0.068610005 -0.001416910 0.997642577 1.391063333
0.997429013 -0.012988167 0.070474595 0.071255103 0.012801345 0.999913275 0.003101921 -0.020703647 -0.070508786 -0.002191777 0.997508764 1.459687352
0.997343540 -0.010829176 0.072031148 0.075649008 0.010441832 0.999928892 0.005751844 -0.022031389 -0.072088324 -0.004984427 0.997385800 1.529022932
0.997251332 -0.010282082 0.073376320 0.081494242 0.010122683 0.999945521 0.002543915 -0.023017652 -0.073398501 -0.001794157 0.997301102 1.598752260
0.997106254 -0.010579831 0.075281382 0.086534791 0.010471127 0.999943495 0.001838536 -0.024095438 -0.075296603 -0.001044935 0.997160614 1.667682171
0.997050703 -0.009706174 0.076129794 0.091582805 0.009617674 0.999952555 0.001529034 -0.024608837 -0.076141037 -0.000792333 0.997096777 1.736282349
0.996939301 -0.011459855 0.077334590 0.095971033 0.011047500 0.999922335 0.005757808 -0.026367059 -0.077394560 -0.004885832 0.996988595 1.809818625
0.997041643 -0.011721141 0.075964183 0.102269478 0.011401478 0.999924183 0.004640423 -0.027298536 -0.076012805 -0.003760590 0.997099876 1.880635738
0.997233748 -0.010724469 0.073552400 0.107149266 0.010455620 0.999937177 0.004039270 -0.027608823 -0.073591098 -0.003259059 0.997283220 1.952676773
0.997419596 -0.006809207 0.071468584 0.109608091 0.006654373 0.999974966 0.002404332 -0.029414875 -0.071483187 -0.001922549 0.997439981 2.019865751
0.997676909 -0.001880005 0.068098053 0.113539793 0.001802483 0.999997675 0.001199800 -0.030611968 -0.068100162 -0.001074267 0.997677922 2.090116739
0.997979939 -0.001078391 0.063519776 0.117850125 0.001181792 0.999998033 -0.001590302 -0.031562611 -0.063517958 0.001662157 0.997979403 2.160924196
0.998318136 0.002107404 0.057935167 0.122310452 -0.001882539 0.999990404 -0.003935635 -0.033590280 -0.057942905 0.003819951 0.998312533 2.231777430
0.998653293 0.004682062 0.051669512 0.126065567 -0.004244671 0.999954164 -0.008571655 -0.035308067 -0.051707286 0.008340792 0.998627424 2.301129103
0.998924673 0.008051180 0.045659170 0.128674552 -0.007482674 0.999892414 -0.012608360 -0.036902547 -0.045755770 0.012253148 0.998877406 2.370872021
0.999087930 0.013911217 0.040373199 0.129340723 -0.013399296 0.999826729 -0.012922796 -0.039083667 -0.040545989 0.012370034 0.999101102 2.442394018
0.999234855 0.020135397 0.033531934 0.130590022 -0.019748161 0.999734998 -0.011839628 -0.041228745 -0.033761449 0.011168375 0.999367476 2.512766838
0.999418736 0.022989489 0.025172856 0.130298972 -0.022759173 0.999696791 -0.009397998 -0.043089427 -0.025381282 0.008819621 0.999638915 2.583176613
0.999598086 0.024343522 0.014528419 0.131456316 -0.024252236 0.999685168 -0.006426871 -0.044891439 -0.014680298 0.006071942 0.999873817 2.655089140
0.999715567 0.023764640 0.002027387 0.131041884 -0.023760600 0.999715686 -0.001995425 -0.046814889 -0.002074230 0.001946685 0.999996006 2.725281477
0.999703109 0.020608272 -0.013005581 0.129690439 -0.020616341 0.999787331 -0.000486554 -0.048398126 0.012992785 0.000754537 0.999915302 2.795835972
0.999378979 0.019594286 -0.029289704 0.126933977 -0.019623851 0.999807179 -0.000722209 -0.050108198 0.029269900 0.001296537 0.999570787 2.868199825
0.998817325 0.020442715 -0.044113744 0.124045655 -0.020677596 0.999774337 -0.004874674 -0.051382780 0.044004139 0.005781075 0.999014616 2.936583281
0.997911572 0.023381591 -0.060215630 0.120967850 -0.023843512 0.999691486 -0.006963904 -0.054075718 0.060034230 0.008385112 0.998161077 3.008969069
0.997092366 0.024568360 -0.072133496 0.112405077 -0.025305310 0.999636292 -0.009320301 -0.054229409 0.071878277 0.011118564 0.997351468 3.074868917
0.995999992 0.024459839 -0.085941076 0.106285751 -0.025184210 0.999655724 -0.007354451 -0.056077257 0.085731611 0.009489391 0.996273100 3.144762278
0.994701147 0.023520850 -0.100082099 0.099593312 -0.024143597 0.999695897 -0.005015554 -0.057680488 0.099933691 0.007405320 0.994966626 3.216148615
0.993343711 0.022976570 -0.112873010 0.090390980 -0.023440005 0.999721348 -0.002780231 -0.059421204 0.112777688 0.005407469 0.993605494 3.283514738
0.991587937 0.022216754 -0.127513453 0.081646055 -0.022765078 0.999736726 -0.002844157 -0.060911022 0.127416700 0.005723086 0.991832793 3.354044437
0.989605963 0.025925411 -0.141449422 0.072068989 -0.026324237 0.999652982 -0.000948821 -0.062391404 0.141375750 0.004662507 0.989945114 3.424253464
0.987746894 0.030155910 -0.153122976 0.059474409 -0.030191818 0.999541879 0.002091287 -0.063846171 0.153115913 0.002557399 0.988204837 3.489668131
0.985620856 0.033917539 -0.165532351 0.047054768 -0.033445381 0.999424577 0.005639719 -0.065532878 0.165628359 -0.000022333 0.986188233 3.559676886
0.983347833 0.035288606 -0.178274319 0.034525692 -0.034718018 0.999377191 0.006320295 -0.066058248 0.178386346 -0.000025717 0.983960509 3.626821756
0.980736375 0.036660448 -0.191864789 0.021255136 -0.036040168 0.999327719 0.006722959 -0.067105971 0.191982254 0.000321389 0.981398404 3.698058605
0.978358090 0.038746513 -0.203258738 0.005514801 -0.038134232 0.999248624 0.006929407 -0.067673787 0.203374505 0.000971673 0.979100525 3.761354923
0.975626647 0.039798856 -0.215797439 -0.010425866 -0.038866762 0.999207675 0.008563010 -0.068187475 0.215967268 0.000033044 0.976400614 3.830269814
0.972838879 0.039829243 -0.228031039 -0.026663721 -0.038235489 0.999203682 0.011404386 -0.068779141 0.228303686 -0.002375751 0.973587096 3.896502018
0.969916284 0.042418629 -0.239715025 -0.044475436 -0.039890110 0.999085546 0.015392317 -0.069545932 0.240148738 -0.005366996 0.970721304 3.964110851
0.966738224 0.041966468 -0.252301514 -0.062329113 -0.039235506 0.999104440 0.015847784 -0.069127508 0.252740592 -0.005421482 0.967518866 4.031743050
0.963548303 0.039990790 -0.264528513 -0.080877125 -0.036910072 0.999180555 0.016608382 -0.069314249 0.264975935 -0.006239215 0.964234948 4.099335670
0.960440040 0.038106449 -0.275867313 -0.101455212 -0.035323054 0.999262631 0.015053175 -0.069799170 0.276237488 -0.004713196 0.961077809 4.166115761
0.957154632 0.037092730 -0.287191838 -0.121563792 -0.034891918 0.999309421 0.012779441 -0.069953039 0.287467510 -0.002211228 0.957787812 4.230618000
0.953560829 0.037532631 -0.298852891 -0.142672658 -0.035664752 0.999295294 0.011703661 -0.069941208 0.299081534 -0.000501637 0.954227388 4.297275066
0.950059652 0.039242234 -0.309591472 -0.165193200 -0.037333328 0.999229848 0.012090527 -0.070623502 0.309827477 0.000071357 0.950792789 4.363571644
0.946710050 0.040768210 -0.319496334 -0.188964009 -0.038730744 0.999168575 0.012731049 -0.071167871 0.319749743 0.000321717 0.947502017 4.429268837
0.943254650 0.040426120 -0.329600394 -0.211387515 -0.038830113 0.999180496 0.011426883 -0.072291240 0.329792112 0.002019959 0.944051385 4.494783401
0.940032303 0.040487818 -0.338673770 -0.236309648 -0.039755210 0.999168038 0.009102996 -0.071888849 0.338760495 0.004906937 0.940859795 4.561361790
0.937003911 0.040731721 -0.346935570 -0.260831594 -0.040202104 0.999153495 0.008726966 -0.072844356 0.346997321 0.005770339 0.937848389 4.626057148
0.933459878 0.041609589 -0.356260151 -0.285699964 -0.041191857 0.999112785 0.008762506 -0.073841274 0.356308669 0.006495569 0.934345722 4.689663410
0.930381596 0.042757303 -0.364090502 -0.312171936 -0.042080361 0.999066174 0.009795873 -0.073759824 0.364169329 0.006207161 0.931312084 4.753903866
0.927218258 0.044823457 -0.371829540 -0.338340163 -0.043253079 0.998985231 0.012567385 -0.074219450 0.372015446 0.004430060 0.928215921 4.818461895
0.924211502 0.047536861 -0.378910810 -0.366008759 -0.045102496 0.998865187 0.015303515 -0.074875727 0.379208297 0.002946138 0.925306737 4.881919384
0.920854986 0.048142035 -0.386921614 -0.392508626 -0.045277700 0.998837888 0.016519848 -0.076654911 0.387267232 0.002306537 0.921964705 4.943629265
0.917427301 0.048965801 -0.394879162 -0.420732141 -0.046561603 0.998792410 0.015675137 -0.075895697 0.395169795 0.004005408 0.918599486 5.009589195
0.914368033 0.050090324 -0.401773870 -0.448770761 -0.047423892 0.998737097 0.016586890 -0.075968206 0.402097315 0.003887160 0.915588737 5.070813179
0.911380470 0.053260759 -0.408104032 -0.477897644 -0.050353475 0.998571515 0.017871661 -0.076009057 0.408472955 0.004261575 0.912760437 5.134012222
0.908482432 0.054488115 -0.414355755 -0.507525802 -0.050828423 0.998509884 0.019862635 -0.076319791 0.414820611 0.003016193 0.909898221 5.194800377
0.905572712 0.055916034 -0.420489430 -0.536694050 -0.051396586 0.998434186 0.022081729 -0.076675490 0.421065688 0.001615109 0.907028675 5.256069183
0.902625501 0.057711810 -0.426540166 -0.566590190 -0.052064039 0.998333275 0.024901010 -0.076192707 0.427266359 -0.000268884 0.904125810 5.318511486
0.899593174 0.058213897 -0.432831675 -0.596476078 -0.052499048 0.998304129 0.025153851 -0.075501680 0.433561981 0.000095022 0.901123762 5.377433777
0.896483660 0.058190446 -0.439238995 -0.627577782 -0.053164255 0.998303354 0.023747489 -0.074691743 0.439875662 0.002062577 0.898056269 5.440913200
0.893250287 0.057432078 -0.445876211 -0.657229543 -0.053777471 0.998335063 0.020857174 -0.074444294 0.446331769 0.005347419 0.894851625 5.498725891
0.890202820 0.056961145 -0.451989353 -0.688177466 -0.054535139 0.998342216 0.018406132 -0.075058319 0.452288479 0.008264112 0.891833425 5.557176590
0.887210369 0.055102114 -0.458062768 -0.718971610 -0.053679504 0.998427868 0.016134173 -0.075336181 0.458231598 0.010274180 0.888773441 5.614248753
0.883841217 0.054165035 -0.464640617 -0.749985695 -0.053306848 0.998465538 0.014994685 -0.075844385 0.464739710 0.011515604 0.885372400 5.672046185
0.880682647 0.052912667 -0.470742464 -0.781341791 -0.052699078 0.998517215 0.013644513 -0.076720379 0.470766425 0.012791209 0.882165074 5.726521492
0.876861989 0.048826516 -0.478256226 -0.810575485 -0.050071064 0.998694062 0.010156324 -0.076808661 0.478127509 0.015041107 0.878161609 5.781264305
0.873754680 0.047159683 -0.484075278 -0.841788173 -0.051400017 0.998668015 0.004515547 -0.076456927 0.483643442 0.020935996 0.875014663 5.830548286
0.870045125 0.043515161 -0.491047800 -0.871468782 -0.052352287 0.998619616 -0.004263869 -0.078996494 0.490184337 0.029417232 0.871122181 5.882401466
0.866590083 0.039282784 -0.497472078 -0.901159406 -0.054538816 0.998380721 -0.016168978 -0.078040823 0.496031433 0.041143414 0.867329299 5.934518337
0.863461077 0.039165929 -0.502892673 -0.927975893 -0.059557982 0.997923136 -0.024540849 -0.079635486 0.500886977 0.051141344 0.864000499 5.980837822
0.860911071 0.036582291 -0.507438540 -0.954766512 -0.060477473 0.997697949 -0.030678879 -0.081810266 0.505148113 0.057100382 0.861141682 6.025908947
0.859283328 0.033787254 -0.510382593 -0.983710527 -0.060748089 0.997494936 -0.036241829 -0.085469112 0.507879615 0.062146764 0.859183371 6.071246147
0.858021975 0.030466266 -0.512708724 -1.010193706 -0.061372023 0.997168720 -0.043452624 -0.089660585 0.509933233 0.068749279 0.857462406 6.114023209
0.858308852 0.026250081 -0.512461603 -1.040931344 -0.061128281 0.996809483 -0.051322095 -0.091367498 0.509479463 0.075376101 0.857175112 6.156174183
0.857793450 0.023590729 -0.513452888 -1.063910127 -0.060378429 0.996654749 -0.055078872 -0.094805449 0.510435939 0.078247771 0.856348336 6.197167873
0.857620180 0.019818436 -0.513901591 -1.086638212 -0.054746851 0.997097373 -0.052911088 -0.097927451 0.511361361 0.073512107 0.856215835 6.239473343
0.859469712 0.019011753 -0.510832846 -1.110403776 -0.050065611 0.997634470 -0.047105618 -0.102994144 0.508728981 0.066061020 0.858388484 6.280787945
0.863659799 0.016491553 -0.503805220 -1.134995818 -0.046467427 0.997813642 -0.046995454 -0.105070770 0.501928806 0.063998610 0.862537920 6.321340561
0.869470477 0.016790630 -0.493699402 -1.160379887 -0.047199719 0.997673273 -0.049194302 -0.109700143 0.491724759 0.066075459 0.868239999 6.363337040
0.876997888 0.015270401 -0.480251551 -1.182469964 -0.044870388 0.997730017 -0.050214294 -0.112962782 0.478394687 0.065586887 0.875692248 6.403202057
0.886891782 0.012215661 -0.461815804 -1.205983758 -0.040671062 0.997833431 -0.051712453 -0.112185866 0.460183620 0.064645879 0.885467112 6.446063519
0.897772372 0.010191854 -0.440341681 -1.224362016 -0.033483002 0.998418570 -0.045156728 -0.115303561 0.439185053 0.055284433 0.896694124 6.490437031
0.910606861 0.011446095 -0.413115144 -1.242200017 -0.029734576 0.998840272 -0.037867632 -0.118120924 0.412202597 0.046766333 0.909891248 6.533754349
0.924549162 0.010212971 -0.380925953 -1.261086345 -0.024943188 0.999118984 -0.033752564 -0.119266137 0.380245596 0.040707421 0.923989356 6.577809334
0.938441992 0.009934222 -0.345294088 -1.276694179 -0.022119064 0.999263227 -0.031366173 -0.121069640 0.344728023 0.037072912 0.937970281 6.621119499
0.951778352 0.009939714 -0.306625426 -1.289711595 -0.019442623 0.999420106 -0.027953057 -0.123353459 0.306169748 0.032566726 0.951419711 6.663642883
0.963359058 0.012044570 -0.267944455 -1.297999144 -0.018738197 0.999572635 -0.022438195 -0.127941906 0.267559648 0.026636831 0.963172972 6.706988335
0.974041581 0.010519826 -0.226124525 -1.307134748 -0.015290571 0.999695718 -0.019356720 -0.130295053 0.225852057 0.022311820 0.973905981 6.750712872
0.983319938 0.008612828 -0.181680381 -1.316558242 -0.012210504 0.999750674 -0.018693002 -0.131896690 0.181474090 0.020599611 0.983179986 6.797088623
0.990469038 0.010751124 -0.137315422 -1.320761204 -0.013347022 0.999748945 -0.017997896 -0.133107275 0.137087479 0.019659108 0.990363836 6.841413021
0.995629549 0.014491101 -0.092258893 -1.323442101 -0.016064325 0.999737501 -0.016332559 -0.135598838 0.091997996 0.017743254 0.995601118 6.884805679
0.998804688 0.012893504 -0.047149293 -1.323726535 -0.013543393 0.999817252 -0.013490252 -0.136910915 0.046966746 0.014112690 0.998796761 6.930786610
0.999940038 0.010906265 -0.001034647 -1.323287845 -0.010914750 0.999903500 -0.008583929 -0.137620717 0.000940934 0.008594708 0.999962628 6.977672577
0.998961389 0.010689931 0.044292226 -1.319318414 -0.010481815 0.999932826 -0.004928308 -0.139750019 -0.044341929 0.004458925 0.999006450 7.024925709
0.995644748 0.014926955 0.092025489 -1.315778971 -0.014621619 0.999885082 -0.003991333 -0.141149282 -0.092074499 0.002628388 0.995748580 7.069739819
0.990338504 0.016314669 0.137707427 -1.308172226 -0.015842646 0.999864280 -0.004523154 -0.141812235 -0.137762517 0.002297805 0.990462542 7.115500927
0.983142734 0.014140425 0.182292253 -1.298613906 -0.013185531 0.999892354 -0.006449217 -0.142443776 -0.182363808 0.003936880 0.983223200 7.162518978
0.974008858 0.011802639 0.226202086 -1.286659479 -0.010618061 0.999922812 -0.006452823 -0.144204974 -0.226260796 0.003883279 0.974058986 7.208675861
0.963440001 0.007121834 0.267829567 -1.272145033 -0.005698585 0.999965191 -0.006090972 -0.145390019 -0.267863601 0.004342037 0.963447094 7.254968643
0.951804757 0.003136874 0.306688696 -1.255726576 -0.001833249 0.999988079 -0.004538612 -0.146894813 -0.306699246 0.003757635 0.951799035 7.301043987
0.939394593 -0.000212909 0.342837751 -1.237634182 0.002073039 0.999985039 -0.005059232 -0.147679642 -0.342831612 0.005463331 0.939381003 7.347734451
0.926870644 -0.002385562 0.375373214 -1.217659950 0.004745977 0.999974310 -0.005363747 -0.149403721 -0.375350773 0.006753013 0.926858306 7.393749714
0.914250195 -0.006355848 0.405100167 -1.195695400 0.010288469 0.999918759 -0.007531237 -0.150421202 -0.405019313 0.011053297 0.914241374 7.440252781
0.902274251 -0.009299948 0.431062281 -1.172163963 0.015454742 0.999822438 -0.010778304 -0.150927410 -0.430885494 0.016386943 0.902257800 7.487285137
0.891449392 -0.013747556 0.452911526 -1.147181273 0.021617554 0.999691963 -0.012204670 -0.152339488 -0.452604145 0.020670686 0.891471922 7.532022476
0.881666064 -0.017066233 0.471565157 -1.121239662 0.026691027 0.999549448 -0.013728808 -0.153655291 -0.471118391 0.024690783 0.881724298 7.579072952
0.873256445 -0.018447051 0.486911535 -1.093163729 0.028568929 0.999502480 -0.013370261 -0.155473351 -0.486422598 0.025586208 0.873348951 7.626685143
0.864857554 -0.019858303 0.501624405 -1.065039158 0.031286128 0.999407053 -0.014376326 -0.156297743 -0.501041532 0.028127359 0.864966035 7.675648689
0.857210100 -0.019853337 0.514584124 -1.035020351 0.032171853 0.999369264 -0.015035870 -0.158050627 -0.513961077 0.029444022 0.857308090 7.725062370
0.850010633 -0.020268640 0.526375413 -1.003193855 0.033633303 0.999308825 -0.015832890 -0.158671349 -0.525690615 0.031161871 0.850104868 7.774592400
0.843045175 -0.020366531 0.537457108 -0.971089363 0.035130933 0.999234021 -0.017240508 -0.160221130 -0.536694229 0.033415895 0.843114793 7.825160980
0.838108063 -0.022531036 0.545038700 -0.937124252 0.037608709 0.999155939 -0.016527541 -0.162229508 -0.544206321 0.034350067 0.838247895 7.876380920
0.834927619 -0.024446126 0.549816549 -0.903107166 0.040183105 0.999054432 -0.016600037 -0.164000198 -0.548890829 0.035953164 0.835120499 7.928276062
0.834845662 -0.027850075 0.549779058 -0.867938280 0.043811411 0.998912811 -0.015926335 -0.165759116 -0.548737824 0.037382621 0.835158288 7.981810570
0.837098241 -0.029431717 0.546260357 -0.832170963 0.044636380 0.998896837 -0.014582402 -0.167166650 -0.545228541 0.036589991 0.837488532 8.036643982
0.839870095 -0.027968852 0.542066574 -0.796787262 0.041829031 0.999036729 -0.013262274 -0.168675140 -0.541173458 0.033812702 0.840231001 8.093454361
0.841751337 -0.024748228 0.539297700 -0.761061192 0.038066216 0.999183178 -0.013562602 -0.170678020 -0.538521588 0.031945370 0.842005789 8.149791718
0.842763484 -0.021174567 0.537867308 -0.724973679 0.034439892 0.999299824 -0.014622470 -0.171964109 -0.537181139 0.030847382 0.842902601 8.208519936
0.843506694 -0.020300794 0.536734879 -0.687770128 0.033579279 0.999323845 -0.014974393 -0.174111784 -0.536067963 0.030654162 0.843618095 8.267126083
0.844267428 -0.019555584 0.535565078 -0.650504112 0.032381192 0.999369562 -0.014554967 -0.176136881 -0.534942865 0.029630521 0.844368517 8.326628685
0.845268011 -0.018905386 0.534008026 -0.611739159 0.031851705 0.999379516 -0.015036431 -0.177887157 -0.533392310 0.029718880 0.845345795 8.387797356
0.845910013 -0.018806459 0.532994032 -0.574641705 0.032285895 0.999350965 -0.015978998 -0.180270135 -0.532347560 0.030724980 0.845968127 8.448526382
0.846970916 -0.017858010 0.531339407 -0.536355257 0.031287745 0.999377787 -0.016285094 -0.182464108 -0.530717909 0.030417405 0.847002566 8.510871887
0.847733736 -0.016510228 0.530164957 -0.496792555 0.030044451 0.999405384 -0.016917914 -0.184002236 -0.529570460 0.030270401 0.847725630 8.574918747
0.848800421 -0.016115624 0.528467655 -0.457560539 0.030206282 0.999380946 -0.018039823 -0.186141461 -0.527849674 0.031275257 0.848761797 8.638805389
0.849519372 -0.014893392 0.527347207 -0.418529034 0.030627150 0.999307811 -0.021115646 -0.188778758 -0.526667714 0.034089293 0.849387407 8.704676628
0.850720763 -0.012559568 0.525467813 -0.378866911 0.029164352 0.999302328 -0.023331430 -0.191715837 -0.524808168 0.035173457 0.850493491 8.769744873
0.852021277 -0.010201000 0.523407757 -0.339313030 0.028423455 0.999236882 -0.026793987 -0.194467768 -0.522734940 0.037706103 0.851661026 8.834575653
0.853111744 -0.008379202 0.521660864 -0.298681021 0.027385104 0.999211907 -0.028735057 -0.197672144 -0.521008909 0.038799949 0.852668822 8.902847290
0.854453146 -0.006603209 0.519486368 -0.257658005 0.025932031 0.999215007 -0.029952064 -0.201438546 -0.518880665 0.039063971 0.853953660 8.970449448
0.855520785 -0.006485389 0.517728031 -0.216694117 0.025336774 0.999248028 -0.029350596 -0.203824833 -0.517148256 0.038227599 0.855041683 9.039817810
0.857439041 -0.007787810 0.514526486 -0.176065683 0.025232989 0.999318957 -0.026924267 -0.207609922 -0.513966322 0.036068965 0.857051671 9.105665207
0.858782828 -0.010442874 0.512233317 -0.136394024 0.026764791 0.999341428 -0.024498882 -0.212147564 -0.511640191 0.034749035 0.858496845 9.175625801
0.861656427 -0.011202590 0.507368565 -0.095527649 0.026915280 0.999357939 -0.023644194 -0.215471566 -0.506778061 0.034029134 0.861404717 9.243627548
0.864218891 -0.011772771 0.502978146 -0.058130741 0.025817160 0.999446750 -0.020965960 -0.218421981 -0.502453148 0.031104641 0.864044726 9.311924934
0.867327929 -0.011860617 0.497595698 -0.015957832 0.024251956 0.999535680 -0.018447291 -0.221366554 -0.497145802 0.028067518 0.867212892 9.384491920
0.870842636 -0.010755669 0.491444230 0.022649765 0.022719283 0.999572873 -0.018382234 -0.224069700 -0.491036594 0.027173296 0.870714962 9.451755524
0.874197066 -0.009958855 0.485469013 0.060569286 0.022780661 0.999529958 -0.020517517 -0.226644397 -0.485036433 0.028995657 0.874013126 9.523066521
0.878795505 -0.011881265 0.477050573 0.101164341 0.025369186 0.999439478 -0.021841956 -0.229386389 -0.476523697 0.031297002 0.878604412 9.595136642
0.883916676 -0.013994884 0.467434913 0.137849331 0.027126813 0.999403417 -0.021374760 -0.233679056 -0.466856956 0.031573527 0.883769035 9.665859222
0.890539825 -0.015361784 0.454645872 0.175835133 0.028890245 0.999322057 -0.022823358 -0.237830088 -0.453987032 0.033459947 0.890379846 9.736331940
0.896846354 -0.017138826 0.442009985 0.211204290 0.031553820 0.999182284 -0.025280239 -0.239800602 -0.441215396 0.036619592 0.896653771 9.809993744
0.903706729 -0.016278552 0.427842379 0.245241642 0.030809306 0.999158859 -0.027060710 -0.242591366 -0.427042067 0.037636466 0.903448224 9.883375168
0.911002934 -0.016557613 0.412067264 0.280751944 0.030437533 0.999168098 -0.027143260 -0.246274844 -0.411275029 0.037269898 0.910749018 9.957860947
0.917506337 -0.015522035 0.397418141 0.311486006 0.029001707 0.999189079 -0.027929781 -0.250110656 -0.396662325 0.037151556 0.917212486 10.032314301
0.923720002 -0.011539286 0.382894665 0.342422009 0.024525782 0.999276936 -0.029052412 -0.254035056 -0.382282495 0.036227077 0.923335075 10.108224869
0.929007947 -0.009530198 0.369937032 0.373299599 0.021877488 0.999334335 -0.029195528 -0.257809073 -0.369412482 0.035216171 0.928597987 10.186049461
0.933573067 -0.008728836 0.358280748 0.399979830 0.018915460 0.999510050 -0.024936881 -0.260381460 -0.357887536 0.030057447 0.933280826 10.260362625
0.938225448 -0.008808623 0.345912486 0.428936720 0.017561005 0.999599814 -0.022176370 -0.264048278 -0.345578671 0.026881009 0.938004673 10.338465691
0.942631960 -0.006622483 0.333768100 0.454282761 0.015244584 0.999614120 -0.023220019 -0.266916931 -0.333485514 0.026976090 0.942369223 10.415419579
0.947041154 -0.008667417 0.320995271 0.481290340 0.017515816 0.999541759 -0.024688065 -0.270266622 -0.320634246 0.029003108 0.946758986 10.491860390
0.950845957 -0.006163260 0.309602886 0.505114555 0.014961492 0.999548614 -0.026051417 -0.272888541 -0.309302568 0.029403009 0.950509071 10.569177628
0.954905570 -0.006005970 0.296848893 0.530660868 0.014648488 0.999530971 -0.026898447 -0.277200818 -0.296548069 0.030033866 0.954545557 10.651167870
0.958533943 -0.006316889 0.284908235 0.552433729 0.015004944 0.999486208 -0.028321773 -0.281409979 -0.284582913 0.031422414 0.958136320 10.727536201
0.962045372 -0.007334550 0.272790968 0.575208664 0.016172599 0.999413967 -0.030164197 -0.285276264 -0.272409916 0.033431064 0.961600423 10.806805611
0.965078652 -0.007957367 0.261839330 0.596868515 0.016614346 0.999385476 -0.030865017 -0.288984656 -0.261432827 0.034137461 0.964617848 10.889714241
0.967625499 -0.010002415 0.252192259 0.617878675 0.017985985 0.999406755 -0.029371304 -0.292752951 -0.251748860 0.032956347 0.967231274 10.971392632
0.969579041 -0.012810960 0.244442925 0.637702465 0.019966280 0.999440968 -0.026816450 -0.295941979 -0.243962675 0.030881280 0.969292939 11.050180435
0.971257806 -0.013340107 0.237656146 0.657966852 0.020258630 0.999438465 -0.026692912 -0.300018966 -0.237166613 0.030740287 0.970982552 11.133461952
0.972357333 -0.012048302 0.233186543 0.677411795 0.019086612 0.999427140 -0.027950188 -0.301838577 -0.232716203 0.031628314 0.972030222 11.214254379
0.973102152 -0.011077404 0.230107531 0.695765972 0.017456647 0.999517143 -0.025705557 -0.306198984 -0.229711667 0.029031035 0.972825646 11.296016693
0.973410666 -0.011033093 0.228800833 0.714621425 0.017133564 0.999548316 -0.024693476 -0.310820520 -0.228424981 0.027957067 0.973160088 11.379813194
0.973775208 -0.008671860 0.227346942 0.733941555 0.015081295 0.999535859 -0.026470358 -0.313664079 -0.227011874 0.029204868 0.973453999 11.463121414
0.974103153 -0.009576485 0.225901067 0.753353000 0.016147288 0.999498010 -0.027257264 -0.318578720 -0.225526631 0.030199075 0.973768830 11.547808647
0.974533916 -0.007820524 0.224103495 0.771767259 0.014722578 0.999466777 -0.029144114 -0.320495903 -0.223756090 0.031701308 0.974129498 11.632602692
0.975399017 -0.010085639 0.220215932 0.790941238 0.016782384 0.999451101 -0.028560231 -0.324723065 -0.219807073 0.031553365 0.975032926 11.714435577
0.976058662 -0.011689296 0.217193142 0.808712244 0.017813386 0.999496400 -0.026260048 -0.327919692 -0.216776803 0.029500291 0.975775301 11.799666405
0.976716399 -0.016637435 0.213888153 0.827511907 0.022354491 0.999453723 -0.024338197 -0.331350714 -0.213366374 0.028552884 0.976554930 11.885357857
0.977443814 -0.020538475 0.210194662 0.847279072 0.026637908 0.999301016 -0.026227774 -0.335302502 -0.209509060 0.031235322 0.977307677 11.971096992
0.978084862 -0.020054489 0.207238898 0.866565585 0.027081117 0.999148548 -0.031124525 -0.339098305 -0.206438258 0.036054686 0.977795124 12.057722092
0.978281856 -0.020905714 0.206221953 0.884079933 0.028194141 0.999075174 -0.032467149 -0.342842758 -0.205352440 0.037576281 0.977966487 12.143930435
0.978457093 -0.021101611 0.205369473 0.902664781 0.027789306 0.999171436 -0.029734280 -0.346870542 -0.204571903 0.034800790 0.978232741 12.231278419
0.978623211 -0.021724258 0.204510838 0.920857191 0.027385667 0.999314964 -0.024892924 -0.350763410 -0.203829959 0.029961459 0.978547752 12.320107460
0.978399158 -0.026562903 0.205011159 0.938729286 0.031412575 0.999297440 -0.020436876 -0.354031563 -0.204324275 0.026435349 0.978546262 12.408858299
0.978403926 -0.031580009 0.204275593 0.958659172 0.036375321 0.999142647 -0.019761611 -0.356920719 -0.203476414 0.026765427 0.978713930 12.498050690
0.978169560 -0.036168970 0.204636961 0.978010893 0.041497275 0.998900592 -0.021805249 -0.360219598 -0.203623325 0.029821103 0.978595078 12.587477684
0.977924645 -0.039073341 0.205272272 0.996443033 0.044939373 0.998701572 -0.023991123 -0.363977194 -0.204068363 0.032686319 0.978410840 12.676004410
0.977858424 -0.039528284 0.205500335 1.016670942 0.045735486 0.998627007 -0.025541684 -0.366364062 -0.204208553 0.034374814 0.978323758 12.766888618
0.977341354 -0.038457107 0.208146453 1.033130288 0.044127055 0.998768806 -0.022664074 -0.370704442 -0.207018554 0.031335425 0.977835178 12.855958939
0.976995707 -0.034014147 0.210528955 1.052272916 0.039542966 0.998973310 -0.022106633 -0.374500990 -0.209560886 0.029923026 0.977337658 12.947776794
0.976367235 -0.027126329 0.214408845 1.070942163 0.032602247 0.999225259 -0.022044118 -0.376985699 -0.213644758 0.028513361 0.976495206 13.038631439
0.975377679 -0.023109140 0.219326869 1.090861559 0.028296938 0.999388456 -0.020541012 -0.380317718 -0.218718052 0.026241526 0.975435078 13.129753113
0.974067688 -0.014999263 0.225758955 1.110809326 0.019760789 0.999627113 -0.018846100 -0.384204686 -0.225392103 0.022818558 0.974000871 13.222956657
0.972323120 -0.010987977 0.233381659 1.130400896 0.016405378 0.999638855 -0.021284098 -0.387292415 -0.233063489 0.024523735 0.972152233 13.313726425
0.970716000 -0.007768812 0.240104213 1.152834177 0.013909447 0.999617815 -0.023890797 -0.390574604 -0.239826873 0.026530895 0.970453084 13.406982422
0.968614221 -0.005754123 0.248501867 1.174787760 0.012341844 0.999612272 -0.024959959 -0.393691272 -0.248261869 0.027243545 0.968309760 13.498126030
0.966937244 -0.007862198 0.254893035 1.201110840 0.014188891 0.999634981 -0.022991758 -0.397975147 -0.254619211 0.025848238 0.966695905 13.592003822
0.964664936 -0.012327915 0.263190806 1.226135254 0.017954331 0.999658644 -0.018983215 -0.401418805 -0.262866914 0.023037864 0.964557052 13.684477806
0.962157965 -0.017675979 0.271918356 1.251773119 0.023891123 0.999523163 -0.019562799 -0.404296011 -0.271442890 0.025318939 0.962121487 13.778824806
0.959699988 -0.023518199 0.280040592 1.279256105 0.030586997 0.999313593 -0.020897996 -0.407914281 -0.279356867 0.028621409 0.959760725 13.871357918
0.957120717 -0.026877115 0.288439721 1.306385994 0.035722736 0.999037802 -0.025446270 -0.411557257 -0.287478179 0.034659009 0.957159936 13.965234756
0.955565453 -0.025874771 0.293641150 1.337153196 0.035280850 0.999018550 -0.026780259 -0.415299147 -0.292660028 0.035950199 0.955540538 14.057849884
0.953098655 -0.028172571 0.301345855 1.366880894 0.036620881 0.999077737 -0.022421828 -0.419096887 -0.300436229 0.032405756 0.953251183 14.152243614
0.950895727 -0.029263411 0.308124900 1.397583008 0.036682591 0.999159276 -0.018312426 -0.422534704 -0.307329953 0.028716035 0.951169610 14.245845795
0.948988199 -0.033171732 0.313561887 1.428972721 0.039329581 0.999137342 -0.013331309 -0.424971700 -0.312849164 0.024983514 0.949474216 14.339380264
0.946949780 -0.040586494 0.318808556 1.460836172 0.047067456 0.998811662 -0.012647871 -0.428306758 -0.317916393 0.026982410 0.947734714 14.434628487
0.945996761 -0.041255839 0.321540207 1.491893530 0.048886698 0.998681068 -0.015690830 -0.432105452 -0.320468724 0.030562514 0.946765900 14.526945114
0.944994688 -0.042984977 0.324248791 1.524092674 0.052218590 0.998438835 -0.019825589 -0.434527516 -0.322890401 0.035666894 0.945764065 14.621658325
0.944597185 -0.036622457 0.326182336 1.554498672 0.045248337 0.998797178 -0.018894495 -0.438968897 -0.325098068 0.032606900 0.945118010 14.713405609
0.943421125 -0.034390103 0.329809010 1.581838608 0.042984709 0.998898864 -0.018800134 -0.442134380 -0.328799307 0.031913191 0.943860412 14.807390213
0.943676233 -0.028704487 0.329622805 1.618440390 0.036825832 0.999151886 -0.018419592 -0.444886059 -0.328814566 0.029520765 0.943932950 14.902819633
0.943252683 -0.029883891 0.330728531 1.651615858 0.038117345 0.999103308 -0.018435650 -0.447973132 -0.329881072 0.029995969 0.943545878 14.997243881
0.943224549 -0.029579600 0.330836117 1.684258938 0.036420438 0.999231398 -0.014495943 -0.451995730 -0.330153048 0.025722127 0.943576872 15.090019226
0.943582892 -0.031515133 0.329633236 1.718778849 0.038280491 0.999168277 -0.014051671 -0.454237700 -0.328916222 0.025877435 0.944004536 15.184022903
0.943279088 -0.030718127 0.330576539 1.750629425 0.037468050 0.999198854 -0.014064256 -0.457615674 -0.329879642 0.025652576 0.943674326 15.279129982
0.943088889 -0.029333742 0.331244528 1.783203840 0.036358722 0.999225676 -0.015029597 -0.460756063 -0.330547184 0.026217874 0.943425179 15.375313759
0.943469107 -0.027933324 0.330281287 1.817147732 0.034685142 0.999292254 -0.014565789 -0.464313507 -0.329640657 0.025198229 0.943770289 15.469719887
0.943300009 -0.025115676 0.330989987 1.849925995 0.031615477 0.999398291 -0.014267232 -0.467196226 -0.330432504 0.023922686 0.943526447 15.565430641
0.942658722 -0.026038010 0.332740873 1.883291483 0.032074746 0.999405265 -0.012661555 -0.470764935 -0.332213402 0.022608107 0.942933202 15.662288666
0.942045391 -0.026636474 0.334426373 1.917563438 0.031853352 0.999441266 -0.010123932 -0.474000573 -0.333969891 0.020189807 0.942367435 15.758925438
0.941310823 -0.028571092 0.336329639 1.950713634 0.034220669 0.999355078 -0.010881071 -0.476418287 -0.335801870 0.021751896 0.941681445 15.854921341
0.940875411 -0.028597493 0.337543458 1.985770226 0.034683608 0.999326169 -0.012012474 -0.479485750 -0.336972445 0.023009466 0.941233218 15.952674866
0.940465927 -0.027480233 0.338775307 2.021032572 0.033684332 0.999355018 -0.012446176 -0.482569098 -0.338214785 0.023116624 0.940784991 16.051504135
0.940108418 -0.025355749 0.339931279 2.055521965 0.031298772 0.999437809 -0.012010497 -0.485201061 -0.339435667 0.021930601 0.940373600 16.150491714
0.940121353 -0.026254477 0.339827359 2.091096640 0.031672616 0.999444127 -0.010405930 -0.488528013 -0.339365244 0.020546060 0.940430224 16.248403549
0.940399945 -0.026814254 0.339011729 2.126550674 0.032000192 0.999440610 -0.009715646 -0.491701424 -0.338561624 0.019985029 0.940731943 16.346275330
0.940374434 -0.027897198 0.338995069 2.160803318 0.033458676 0.999384165 -0.010571441 -0.493916631 -0.338491350 0.021283438 0.940728784 16.444416046
0.940778494 -0.027433865 0.337910146 2.195806265 0.033394665 0.999372065 -0.011838484 -0.497079819 -0.337373257 0.022421785 0.941103935 16.542181015
0.940388381 -0.028398182 0.338914752 2.228744507 0.034685466 0.999320030 -0.012507390 -0.499763608 -0.338329166 0.023517221 0.940733910 16.641445160
0.940034986 -0.026100790 0.340077996 2.263711929 0.032456975 0.999388456 -0.013014263 -0.502133250 -0.339530319 0.023271762 0.940307260 16.744792938
0.940204263 -0.026944425 0.339543790 2.298140287 0.032796428 0.999395788 -0.011507171 -0.505800009 -0.339028597 0.021954911 0.940519869 16.842945099
0.939848781 -0.026612561 0.340552419 2.331213713 0.032383271 0.999411941 -0.011271301 -0.508884788 -0.340052187 0.021621523 0.940157950 16.942340851
0.940489829 -0.026614470 0.338778108 2.369542837 0.032606475 0.999396145 -0.012006854 -0.511638880 -0.338253915 0.022338683 0.940789700 17.043054581
0.940378070 -0.027343474 0.339030176 2.403698921 0.033719167 0.999347806 -0.012928444 -0.514807940 -0.338455528 0.023589440 0.940686643 17.141653061
0.940140367 -0.027408380 0.339683592 2.439476490 0.034236908 0.999313951 -0.014124681 -0.518300712 -0.339063346 0.024908898 0.940433741 17.243501663
0.940129638 -0.028119266 0.339655101 2.475496054 0.034926794 0.999292552 -0.013944553 -0.522061884 -0.339022726 0.024972750 0.940446675 17.343614578
0.940688908 -0.029751651 0.337963253 2.513050795 0.036050536 0.999273360 -0.012375039 -0.525996208 -0.337349504 0.023824818 0.941077948 17.444978714
0.940177739 -0.030560007 0.339310914 2.548769712 0.036745451 0.999254763 -0.011818153 -0.528958380 -0.338696897 0.023579299 0.940600038 17.547868729
0.940195143 -0.031271163 0.339197755 2.585038900 0.037588295 0.999220490 -0.012068328 -0.531436682 -0.338555992 0.024096452 0.940637708 17.648771286
0.939717650 -0.034078643 0.340249091 2.621618032 0.040297765 0.999124646 -0.011226212 -0.535175681 -0.339568585 0.024260744 0.940268457 17.753128052
0.939564228 -0.037227765 0.340342641 2.658685684 0.044337042 0.998930275 -0.013132529 -0.538292825 -0.339489698 0.027428646 0.940209687 17.854673386
0.939347386 -0.038347740 0.340816498 2.695713043 0.046349775 0.998807013 -0.015364683 -0.541608810 -0.339820743 0.030229537 0.940004230 17.956722260
0.938968241 -0.038839474 0.341804594 2.733040810 0.046756078 0.998794317 -0.014949516 -0.545060635 -0.340811908 0.030018559 0.939652145 18.059282303
0.938195646 -0.035590041 0.344270498 2.768401861 0.043115072 0.998968840 -0.014224374 -0.548265338 -0.343409270 0.028188493 0.938762665 18.161237717
0.937251389 -0.033215377 0.347068429 2.805245399 0.040455040 0.999088347 -0.013632622 -0.551435828 -0.346299171 0.026817864 0.937740743 18.264005661
0.936279476 -0.029944113 0.349977255 2.842484951 0.036303688 0.999273181 -0.011623768 -0.554792643 -0.349374861 0.023588566 0.936686099 18.367883682
0.935193837 -0.031760748 0.352709413 2.881009817 0.037499923 0.999251962 -0.009448874 -0.557631910 -0.352145493 0.022063106 0.935685217 18.471485138
0.934449971 -0.030677212 0.354770482 2.919080257 0.036763869 0.999269605 -0.010426976 -0.560467541 -0.354191512 0.022786221 0.934895277 18.574850082
0.933679402 -0.030513192 0.356807679 2.958493233 0.037462942 0.999218822 -0.012581074 -0.564055264 -0.356145084 0.025113754 0.934093058 18.677974701
0.933160126 -0.028907936 0.358296663 2.997964382 0.036294207 0.999244392 -0.013905291 -0.566926479 -0.357623905 0.025979960 0.933504224 18.781988144
0.932451606 -0.027515458 0.360245526 3.036992788 0.035062697 0.999280930 -0.014430718 -0.570726812 -0.359589398 0.026087128 0.932745934 18.885234833
0.932163656 -0.028805476 0.360889435 3.076150417 0.036037181 0.999261618 -0.013323590 -0.574008167 -0.360239178 0.025425209 0.932513416 18.988870621
0.931830347 -0.032277443 0.361455858 3.115895987 0.038761541 0.999191165 -0.010700749 -0.576138139 -0.360818118 0.023981867 0.932327747 19.089164734
0.931448698 -0.034205116 0.362261355 3.154394150 0.040438399 0.999135554 -0.009635988 -0.578081906 -0.361618608 0.023624698 0.932026744 19.190315247
0.930906832 -0.036870215 0.363390952 3.193192005 0.043278597 0.999017715 -0.009505861 -0.582114279 -0.362683624 0.024576122 0.931588292 19.292604446
0.930280507 -0.037340641 0.364943802 3.232172489 0.044205707 0.998967469 -0.010471806 -0.582116306 -0.364175946 0.025874317 0.930970728 19.396734238
0.930525720 -0.041145444 0.363907784 3.273386955 0.047260385 0.998851240 -0.007910888 -0.586243749 -0.363164216 0.024559706 0.931401372 19.496393204
