0.999911010 0.001009763 0.013299132 0.000524840 -0.001019866 0.999999225 0.000752907 -0.000969797 -0.013298362 -0.000766404 0.999911249 0.055602945
0.999713600 0.000844825 0.023920713 0.001842166 -0.000903950 0.999996543 0.002460991 -0.001796809 -0.023918556 -0.002481909 0.999710858 0.111898445
0.999427021 -0.001666083 0.033806384 0.003000823 0.001513658 0.999988556 0.004533863 -0.002954269 -0.033813551 -0.004480094 0.999418139 0.180943713
0.999319196 -0.004012750 0.036675587 0.006183491 0.003876580 0.999985337 0.003783211 -0.003054311 -0.036690231 -0.003638460 0.999320030 0.226200059
0.999201298 -0.004797109 0.039670527 0.008533234 0.004747727 0.999987841 0.001338937 -0.003836319 -0.039676461 -0.001149523 0.999211848 0.283760935
0.999049127 -0.005075639 0.043301400 0.009967985 0.005219584 0.999981225 -0.003211863 -0.004384715 -0.043284278 0.003434824 0.999056756 0.346061051
0.999022424 -0.006313664 0.043756485 0.013436313 0.006539665 0.999966025 -0.005023690 -0.005152022 -0.043723289 0.005304931 0.999029577 0.401276439
0.998936534 -0.008957062 0.045228891 0.017291619 0.009098652 0.999954402 -0.002925589 -0.006233166 -0.045200620 0.003333999 0.998972356 0.464375228
0.998847008 -0.009250482 0.047107037 0.019043840 0.009214737 0.999957025 0.000975904 -0.007124961 -0.047114037 -0.000540700 0.998889387 0.522110879
0.998778045 -0.009387309 0.048522688 0.021733794 0.009259264 0.999952972 0.002862971 -0.007702918 -0.048547279 -0.002410188 0.998817980 0.585558712
0.998699248 -0.010740150 0.049844537 0.024844300 0.010586738 0.999938309 0.003340830 -0.008630290 -0.049877346 -0.002808793 0.998751402 0.645575047
0.998596489 -0.012131995 0.051554739 0.028082035 0.012053102 0.999925613 0.001840921 -0.009402403 -0.051573239 -0.001216942 0.998668492 0.710289240
0.998521209 -0.010974998 0.053243615 0.031080585 0.010929957 0.999939620 0.001137077 -0.010543912 -0.053252883 -0.000553445 0.998580933 0.770359039
0.998435855 -0.009480765 0.055100702 0.034269642 0.009524283 0.999954522 -0.000527231 -0.011040998 -0.055093199 0.001051201 0.998480618 0.835441768
0.998355091 -0.010204217 0.056420490 0.037894238 0.010255360 0.999947190 -0.000616973 -0.012252438 -0.056411225 0.001194571 0.998406887 0.898434222
0.998256147 -0.010508862 0.058089126 0.041318726 0.010545126 0.999944329 -0.000317789 -0.012601978 -0.058082554 0.000929792 0.998311341 0.963281035
0.998129725 -0.011597924 0.060021020 0.044413194 0.011553951 0.999932647 0.001079680 -0.014318121 -0.060029499 -0.000384181 0.998196542 1.028015137
0.998001158 -0.012445453 0.061956041 0.048407093 0.012444307 0.999922454 0.000404386 -0.015065965 -0.061956272 0.000367422 0.998078823 1.095510840
0.997879505 -0.012894033 0.063797534 0.052151140 0.012882438 0.999916852 0.000593129 -0.016079469 -0.063799866 0.000229996 0.997962713 1.163473248
0.997740388 -0.013178044 0.065881453 0.055338837 0.013097103 0.999912858 0.001660342 -0.017331764 -0.065897599 -0.000793733 0.997826099 1.225782990
0.997604430 -0.013565877 0.067832492 0.059672747 0.013473251 0.999907613 0.001822855 -0.018486857 -0.067850955 -0.000904564 0.997695088 1.292780399
0.997534871 -0.011533510 0.069218285 0.064895064 0.011379438 0.999931872 0.002619779 -0.019536868 -0.069243796 -0.001825656 0.997598112 1.360790968
0.997391045 -0.012305562 0.071131065 0.068206549 0.012114691 0.999921739 0.003114152 -0.019927688 -0.071163811 -0.002244296 0.997462034 1.424862146
0.997282505 -0.009331399 0.073078737 0.072237134 0.008931114 0.999943197 0.005802287 -0.021297418 -0.073128738 -0.005133845 0.997309208 1.492146611
0.997192264 -0.009536438 0.074274339 0.078028858 0.009335661 0.999951780 0.003049886 -0.022356477 -0.074299835 -0.002347922 0.997233093 1.559691072
0.997039378 -0.009750125 0.076273620 0.082287692 0.009597808 0.999951124 0.002363281 -0.023602737 -0.076292939 -0.001624224 0.997084141 1.626623154
0.996916413 -0.010347659 0.077785797 0.086442918 0.010207389 0.999945402 0.002200682 -0.024356343 -0.077804327 -0.001399906 0.996967673 1.693390131
0.996939123 -0.009973374 0.077543572 0.092971697 0.009516209 0.999935150 0.006262874 -0.025562229 -0.077601016 -0.005505783 0.996969223 1.761110663
0.996958256 -0.010776747 0.077187844 0.096836850 0.010405699 0.999932289 0.005207689 -0.026713448 -0.077238746 -0.004388654 0.997002959 1.829106927
0.997117341 -0.010663462 0.075121015 0.100857496 0.010309136 0.999933839 0.005102927 -0.027690168 -0.075170457 -0.004313784 0.997161388 1.898233533
0.997345865 -0.008790762 0.072276592 0.105190322 0.008543303 0.999956548 0.003732205 -0.030022075 -0.072306253 -0.003104817 0.997377694 1.965388536
0.997638345 -0.002156535 0.068651155 0.109259658 0.002049869 0.999996603 0.001624138 -0.029851329 -0.068654433 -0.001479577 0.997639418 2.031613827
0.997897089 -0.001084261 0.064809553 0.112825468 0.001155488 0.999998748 -0.001061548 -0.030813633 -0.064808324 0.001134202 0.997897089 2.099639893
0.998277426 0.001862559 0.058641575 0.116216592 -0.001709056 0.999994993 -0.002667686 -0.032920070 -0.058646254 0.002562869 0.998275459 2.164832592
0.998456240 0.006617154 0.055148426 0.117562287 -0.006177873 0.999947846 -0.008132140 -0.033807304 -0.055199355 0.007778886 0.998445153 2.234699249
0.998786092 0.009100466 0.048410673 0.120715052 -0.008523795 0.999890387 -0.012105225 -0.035249636 -0.048515532 0.011677889 0.998754144 2.302037716
0.999013245 0.014520747 0.041973494 0.123167135 -0.013975925 0.999814630 -0.013244576 -0.037042603 -0.042158037 0.012644889 0.999030948 2.370461702
0.999120474 0.020958440 0.036319006 0.121560469 -0.020555783 0.999723375 -0.011424882 -0.039641608 -0.036548410 0.010668268 0.999274909 2.439268351
0.999375582 0.023396634 0.026476879 0.125696853 -0.023144068 0.999683976 -0.009805920 -0.040692396 -0.026697936 0.009187015 0.999601305 2.509250164
0.999546528 0.025876176 0.015401290 0.127289653 -0.025775585 0.999645293 -0.006694588 -0.041744933 -0.015569057 0.006294576 0.999858916 2.575838566
0.999609351 0.027615082 0.004310636 0.124423102 -0.027604025 0.999615490 -0.002603592 -0.042854477 -0.004380874 0.002483585 0.999987304 2.643079519
0.999696434 0.021861879 -0.011362250 0.124365836 -0.021864807 0.999760926 -0.000133439 -0.046370447 0.011356615 0.000381832 0.999935389 2.714493990
0.999419212 0.021678166 -0.026292160 0.120954365 -0.021689940 0.999764800 -0.000162683 -0.047702920 0.026282452 0.000732864 0.999654174 2.781069756
0.998909771 0.021406801 -0.041482441 0.117264360 -0.021604307 0.999757290 -0.004318741 -0.049209930 0.041379921 0.005210232 0.999129951 2.849221945
0.998093843 0.024579743 -0.056607872 0.113521487 -0.025046116 0.999657810 -0.007543826 -0.050502516 0.056403078 0.008947254 0.998367906 2.918286085
0.997194827 0.025021087 -0.070543237 0.108080775 -0.025699567 0.999631584 -0.008726676 -0.052554436 0.070298888 0.010515127 0.997470498 2.986347437
0.996185184 0.024714032 -0.083691157 0.101684630 -0.025369661 0.999655128 -0.006779341 -0.054156821 0.083494753 0.008876697 0.996468604 3.055176973
0.995012641 0.023967398 -0.096826442 0.094115049 -0.024438862 0.999694467 -0.003685961 -0.056457348 0.096708536 0.006033905 0.995294452 3.120729685
0.993530214 0.023975966 -0.111009166 0.085761815 -0.024320139 0.999702692 -0.001747189 -0.057896566 0.110934280 0.004435644 0.993817925 3.187520027
0.991881669 0.023789408 -0.124919698 0.075947702 -0.024336908 0.999699712 -0.002858327 -0.057725310 0.124814175 0.005875281 0.992162704 3.255435467
0.990044713 0.025189368 -0.138481095 0.067619741 -0.025414843 0.999676943 0.000140086 -0.061027553 0.138439924 0.003380785 0.990365088 3.322676182
0.988056481 0.030259289 -0.151092499 0.056365669 -0.030173361 0.999540627 0.002861853 -0.061878674 0.151109681 0.001731297 0.988515556 3.390423536
0.985979974 0.035052218 -0.163140371 0.044044256 -0.034494236 0.999385357 0.006252591 -0.063158125 0.163259253 -0.000537527 0.986583054 3.457519054
0.983770370 0.034917850 -0.176001817 0.031547546 -0.034147985 0.999389470 0.007401903 -0.064107351 0.176152810 -0.001271665 0.984362006 3.523736477
0.981260478 0.038025234 -0.188897163 0.017957628 -0.037280679 0.999276757 0.007494425 -0.064398706 0.189045519 -0.000311769 0.981968284 3.590694189
0.978728592 0.038640123 -0.201487765 0.003763080 -0.037787583 0.999253094 0.008077345 -0.065785438 0.201649353 -0.000291794 0.979457736 3.657536268
0.976043463 0.038997948 -0.214052752 -0.011899710 -0.037790380 0.999238312 0.009732143 -0.066311114 0.214269251 -0.001409859 0.976773679 3.725410223
0.973152697 0.040436521 -0.226580441 -0.028019726 -0.038739007 0.999178112 0.011935339 -0.066146255 0.226876825 -0.002837408 0.973919332 3.792760611
0.970308542 0.042722270 -0.238067538 -0.045050681 -0.040146716 0.999071062 0.015658937 -0.066192627 0.238515422 -0.005636369 0.971122384 3.855766773
0.967220128 0.042959731 -0.250279337 -0.063041151 -0.040068600 0.999058366 0.016637929 -0.066565417 0.250758469 -0.006064198 0.968030751 3.921277285
0.964015603 0.040690269 -0.262713194 -0.079489231 -0.037343342 0.999145329 0.017722465 -0.067170851 0.263209730 -0.007274142 0.964711189 3.986029863
0.960832000 0.038946610 -0.274381220 -0.099410057 -0.035868730 0.999224842 0.016227765 -0.067578502 0.274800539 -0.005750448 0.961484015 4.052322865
0.957313478 0.037599679 -0.286596030 -0.117983699 -0.035109818 0.999287784 0.013823672 -0.067540765 0.286911726 -0.003171252 0.957951725 4.118076801
0.954123199 0.037079182 -0.297109276 -0.139763474 -0.034844402 0.999310553 0.012816029 -0.067675486 0.297379702 -0.001875474 0.954757571 4.180539608
0.950636744 0.038703360 -0.307882726 -0.161281705 -0.036479186 0.999250114 0.012978584 -0.068066411 0.308154196 -0.001106607 0.951335788 4.245885849
0.947032690 0.040098991 -0.318623692 -0.183533072 -0.037904441 0.999195635 0.013087534 -0.067975506 0.318892181 -0.000317073 0.947790980 4.309502602
0.943738759 0.039556298 -0.328317553 -0.205501437 -0.037625354 0.999217033 0.012234563 -0.069259621 0.328544438 0.000806836 0.944488168 4.373690128
0.940494061 0.039706711 -0.337482125 -0.228419423 -0.038700201 0.999203682 0.009712460 -0.068706617 0.337599069 0.003926116 0.941281855 4.436685562
0.937342465 0.039900701 -0.346116960 -0.253193140 -0.038987868 0.999193490 0.009602359 -0.069836348 0.346220970 0.004493663 0.938142240 4.501604080
0.933790565 0.041341495 -0.355423838 -0.276873946 -0.040529374 0.999130905 0.009733798 -0.070580959 0.355517387 0.005315777 0.934654534 4.563008785
0.930964291 0.041376643 -0.362757862 -0.302941680 -0.040320922 0.999131799 0.010484603 -0.070386872 0.362876832 0.004865941 0.931824446 4.626631737
0.927650809 0.042698093 -0.370999753 -0.327706933 -0.040772188 0.999083340 0.013036680 -0.070478022 0.371216387 0.003032985 0.928541541 4.689260483
0.924827039 0.047286410 -0.377437204 -0.356046915 -0.044456560 0.998879790 0.016211443 -0.071233571 0.377780974 0.001786781 0.925893307 4.750267506
0.921373188 0.047494244 -0.385766208 -0.382528424 -0.044528965 0.998869896 0.016623456 -0.071985610 0.386119723 0.001861363 0.922446847 4.815588474
0.918229282 0.047596578 -0.393178582 -0.408100128 -0.044711512 0.998863697 0.016499046 -0.071807146 0.393517107 0.002429695 0.919314027 4.871634483
0.915281892 0.049427398 -0.399769992 -0.436883569 -0.046349432 0.998774290 0.017370021 -0.071944617 0.400138497 0.002630647 0.916450918 4.934683800
0.912135541 0.051908504 -0.406588495 -0.463283420 -0.048285376 0.998649597 0.019173171 -0.072630212 0.407034695 0.002143746 0.913410187 4.992569447
0.909096062 0.053480580 -0.413139462 -0.491539001 -0.049425967 0.998567283 0.020504007 -0.072064027 0.413644075 0.001779706 0.910436928 5.053189278
0.906167865 0.055193920 -0.419301212 -0.520117998 -0.050324060 0.998475432 0.022675205 -0.072231665 0.419913560 0.000553402 0.907563925 5.113417149
0.903427064 0.056590367 -0.424990475 -0.548948646 -0.050352633 0.998395503 0.025905579 -0.072260290 0.425774604 -0.002004411 0.904826999 5.171225071
0.900115192 0.057496063 -0.431841224 -0.577761173 -0.051399551 0.998345196 0.025785889 -0.071097061 0.432609260 -0.001013832 0.901580930 5.231794834
0.897100925 0.057426441 -0.438077807 -0.606496572 -0.051718306 0.998349667 0.024961624 -0.071015224 0.438788235 0.000263546 0.898590446 5.289493561
0.893913507 0.056792788 -0.444627047 -0.635401249 -0.052611887 0.998378098 0.021749025 -0.069995821 0.445141166 0.003950919 0.895451665 5.347050190
0.890930891 0.056600884 -0.450598091 -0.664614797 -0.053618718 0.998373151 0.019392550 -0.070764825 0.450962722 0.006883074 0.892516196 5.401260853
0.887588263 0.055067606 -0.457334250 -0.694844127 -0.053414430 0.998435140 0.016555523 -0.069967106 0.457530349 0.009733764 0.889140725 5.460490227
0.884412289 0.053004678 -0.463686705 -0.722969890 -0.052002016 0.998534918 0.014957944 -0.070444502 0.463800251 0.010883661 0.885872900 5.513512611
0.881032169 0.052075371 -0.470181257 -0.752609611 -0.051434070 0.998575091 0.014220262 -0.071817093 0.470251799 0.011654828 0.882455349 5.566573620
0.877513707 0.047924351 -0.477150887 -0.783316016 -0.049082674 0.998744309 0.010045968 -0.071428634 0.477033138 0.014604368 0.878763974 5.621190548
0.873677969 0.046339612 -0.484292775 -0.811817646 -0.050148334 0.998728812 0.005094466 -0.072393075 0.483913183 0.019835552 0.874891222 5.671611786
0.869809389 0.043093137 -0.491502374 -0.839057207 -0.051431231 0.998670578 -0.003457814 -0.074900821 0.490699917 0.028286215 0.870869279 5.722232819
0.866925240 0.039091878 -0.496902823 -0.869975686 -0.053308193 0.998473525 -0.014453568 -0.075827241 0.495579183 0.039019156 0.867685854 5.770257950
0.864150465 0.037641104 -0.501823843 -0.897732377 -0.057005212 0.998102069 -0.023297854 -0.076053627 0.499994457 0.048739433 0.864656031 5.815199375
0.861596346 0.036949527 -0.506247461 -0.923991799 -0.059458129 0.997827768 -0.028364871 -0.080626011 0.504099727 0.054539599 0.861921668 5.859704018
0.859716952 0.034223326 -0.509622931 -0.950937867 -0.059767399 0.997639000 -0.033829965 -0.084095314 0.507261932 0.059543028 0.859732509 5.902965546
0.858162522 0.031382415 -0.512418032 -0.975695729 -0.061132338 0.997274637 -0.041303363 -0.087580338 0.509725332 0.066770300 0.857742250 5.944956303
0.857477665 0.026964620 -0.513814032 -1.001162171 -0.060780428 0.996942043 -0.049114469 -0.089360401 0.510918438 0.073344402 0.856494486 5.986414433
0.857487798 0.022974541 -0.513991117 -1.026816964 -0.058793295 0.996834040 -0.053527653 -0.091131926 0.511134088 0.076118536 0.856123745 6.026864529
0.858283639 0.020593874 -0.512762308 -1.052126288 -0.054519337 0.997198820 -0.051206701 -0.094886944 0.510271430 0.071905330 0.857002079 6.067513466
0.859679461 0.019193778 -0.510473192 -1.073612571 -0.049653824 0.997701645 -0.046107642 -0.098339498 0.508414984 0.064984739 0.858656645 6.108674526
0.863612771 0.017316379 -0.503858209 -1.097092628 -0.046407517 0.997897267 -0.045247167 -0.101422310 0.502015233 0.062458836 0.862600446 6.147854805
0.868977904 0.015615224 -0.494604468 -1.120478034 -0.045132764 0.997837245 -0.047791570 -0.104972988 0.492788494 0.063852690 0.867803156 6.188487530
0.876948953 0.015004352 -0.480349481 -1.144546151 -0.043979902 0.997823954 -0.049123447 -0.107759237 0.478567183 0.064204469 0.875700533 6.229413033
0.886116743 0.012568266 -0.463291675 -1.164371371 -0.040099125 0.997962654 -0.049622837 -0.108269632 0.461724102 0.062549211 0.884815454 6.270408154
0.897895157 0.010957975 -0.440073043 -1.183723927 -0.033502359 0.998491764 -0.043493140 -0.110999539 0.438932747 0.053795762 0.896907985 6.311444759
0.911139786 0.012726791 -0.411900848 -1.202568173 -0.030323422 0.998883963 -0.036213309 -0.113800190 0.410980254 0.045485634 0.910508811 6.353665352
0.924385011 0.011823402 -0.381277323 -1.218155622 -0.025418866 0.999207199 -0.030641200 -0.116107553 0.380612791 0.038015906 0.923952758 6.395438194
0.938239515 0.011535903 -0.345793903 -1.233178496 -0.022747573 0.999338269 -0.028382234 -0.117608234 0.345237643 0.034495309 0.937881112 6.436974049
0.951602697 0.011946186 -0.307098746 -1.246206760 -0.020650964 0.999471366 -0.025111292 -0.119940408 0.306636393 0.030237848 0.951346338 6.479781628
0.963506103 0.011803353 -0.267425925 -1.256261826 -0.018140690 0.999609828 -0.021239212 -0.122225411 0.267070860 0.025315408 0.963344276 6.523160934
0.974079669 0.009434192 -0.226008132 -1.264872432 -0.013951875 0.999733329 -0.018400049 -0.124089256 0.225774243 0.021076355 0.973951638 6.566944122
0.983121932 0.008210062 -0.182767183 -1.271739483 -0.011579353 0.999781907 -0.017375356 -0.125865608 0.182584658 0.019198420 0.983002782 6.609470844
0.990477324 0.010421626 -0.137281358 -1.277436018 -0.012722670 0.999792635 -0.015894718 -0.127824202 0.137087256 0.017489942 0.990404606 6.652687550
0.995662272 0.014458609 -0.091911383 -1.280521274 -0.015987061 0.999745488 -0.015915141 -0.128054664 0.091657862 0.017315499 0.995640039 6.698372364
0.998833537 0.012634967 -0.046603899 -1.281092882 -0.013245562 0.999830127 -0.012816308 -0.130153671 0.046434052 0.013418656 0.998831153 6.741477489
0.999944031 0.010547847 -0.000770792 -1.280210614 -0.010553235 0.999917209 -0.007359188 -0.131477699 0.000693105 0.007366911 0.999972641 6.787384033
0.998931527 0.010742044 0.044948634 -1.276574969 -0.010587580 0.999937117 -0.003673156 -0.133275300 -0.044985276 0.003193334 0.998982549 6.832090855
0.995698810 0.015170838 0.091398299 -1.271770239 -0.014942455 0.999883235 -0.003182568 -0.134243429 -0.091435909 0.001803164 0.995809376 6.878349304
0.990354300 0.016965179 0.137515083 -1.265070915 -0.016706478 0.999855757 -0.003035304 -0.135472059 -0.137546748 0.000708634 0.990495026 6.923542023
0.983106017 0.016126145 0.182325244 -1.256392121 -0.015497673 0.999867976 -0.004871307 -0.136726364 -0.182379752 0.001963394 0.983226240 6.967784405
0.974005222 0.011557094 0.226231083 -1.244212508 -0.010680025 0.999929965 -0.005100479 -0.137517422 -0.226274207 0.002551739 0.974060297 7.014208317
0.963445246 0.007385718 0.267803490 -1.229594469 -0.006297644 0.999968052 -0.004921692 -0.138310969 -0.267831326 0.003055251 0.963460982 7.061037540
0.951822698 0.003178918 0.306632847 -1.213929653 -0.002187288 0.999991238 -0.003577505 -0.139382690 -0.306641549 0.002734455 0.951821148 7.104683876
0.939424634 -0.000934278 0.342754364 -1.195788860 0.002425479 0.999989390 -0.003922011 -0.140191242 -0.342747033 0.004515777 0.939416885 7.150597095
0.927004755 -0.003225508 0.375035793 -1.175864458 0.005169715 0.999977946 -0.004178035 -0.141895980 -0.375014007 0.005811886 0.927000880 7.195893288
0.914386034 -0.006620796 0.404789120 -1.154822588 0.010158425 0.999926627 -0.006592105 -0.142947078 -0.404715776 0.010139749 0.914386213 7.240321159
0.902337015 -0.009463822 0.430927336 -1.132276058 0.014731180 0.999852002 -0.008887970 -0.144461840 -0.430779457 0.014368013 0.902342856 7.285379410
0.891549408 -0.014075165 0.452704757 -1.107178926 0.021071928 0.999723673 -0.010416029 -0.145704895 -0.452433050 0.018825766 0.891599596 7.331078529
0.881779015 -0.017925547 0.471322000 -1.081718922 0.027071211 0.999553800 -0.012631015 -0.146136940 -0.470885277 0.023897028 0.881870747 7.377553940
0.873029709 -0.019519513 0.487276286 -1.054580450 0.029537361 0.999480665 -0.012883073 -0.147166312 -0.486771762 0.025640158 0.873152852 7.425532341
0.865014791 -0.020507846 0.501326978 -1.026658297 0.031433344 0.999416769 -0.013353419 -0.148452118 -0.500760615 0.027309295 0.865154862 7.472321510
0.857203782 -0.020427320 0.514571965 -0.997602940 0.032157972 0.999386191 -0.013897292 -0.150434852 -0.513972163 0.028460402 0.857334554 7.521441460
0.850031912 -0.020958584 0.526314080 -0.967236042 0.033276055 0.999348879 -0.013947500 -0.151922405 -0.525679111 0.029369477 0.850175858 7.569908142
0.842934072 -0.021180769 0.537599802 -0.934818745 0.035132010 0.999259114 -0.015715947 -0.152454630 -0.536868632 0.032134470 0.843053639 7.620152473
0.837891221 -0.023232739 0.545342624 -0.901442766 0.037692901 0.999171555 -0.015346421 -0.154233798 -0.544534326 0.033414185 0.838072717 7.670434952
0.834762394 -0.025108801 0.550037503 -0.868448734 0.039657269 0.999107003 -0.014577209 -0.156883061 -0.549180329 0.033981491 0.835012674 7.723140717
0.834864318 -0.027973099 0.549744606 -0.832421780 0.043249026 0.998953938 -0.014849139 -0.157154322 -0.548754156 0.036172934 0.835200787 7.774721146
0.837155759 -0.029770710 0.546153784 -0.797145367 0.044134099 0.998938441 -0.013197780 -0.158720255 -0.545181036 0.035152607 0.837580979 7.829453468
0.839832544 -0.028471464 0.542098463 -0.762809277 0.041623481 0.999061108 -0.012012621 -0.160352230 -0.541247427 0.032652617 0.840229094 7.885429382
0.841746032 -0.025051164 0.539292216 -0.727262020 0.037770744 0.999207735 -0.012538768 -0.161853194 -0.538550854 0.030923923 0.842025340 7.941080570
0.842786431 -0.021329060 0.537825406 -0.691610813 0.033837065 0.999337673 -0.013391873 -0.163268179 -0.537183404 0.029484918 0.842949986 7.998342991
0.843421161 -0.020269660 0.536870420 -0.655167103 0.032838374 0.999364555 -0.013857725 -0.165157586 -0.536248386 0.029317852 0.843550861 8.056483269
0.844233453 -0.019971689 0.535603404 -0.618344069 0.032019284 0.999400020 -0.013203887 -0.167263538 -0.535018325 0.028296806 0.844366431 8.115071297
0.845011234 -0.019037213 0.534409583 -0.580767155 0.031043647 0.999427080 -0.013483889 -0.169074178 -0.533846676 0.027984057 0.845118105 8.175569534
0.845831871 -0.019055484 0.533108950 -0.543110371 0.031803485 0.999385476 -0.014737379 -0.171312660 -0.532500684 0.029420068 0.845918238 8.236436844
0.846671879 -0.018209917 0.531803668 -0.506104469 0.030894643 0.999410629 -0.014964996 -0.173393428 -0.531217754 0.029100327 0.846735418 8.298110962
0.847378314 -0.017094670 0.530714333 -0.467765808 0.029737355 0.999440789 -0.015288217 -0.175328389 -0.530156374 0.028736943 0.847412884 8.360789299
0.848328590 -0.016363220 0.529217362 -0.428600788 0.029706720 0.999418855 -0.016717793 -0.177254528 -0.528636158 0.029903498 0.848321557 8.424652100
0.849141479 -0.014486010 0.527966976 -0.390082836 0.029527467 0.999362469 -0.020069852 -0.179172993 -0.527339518 0.032631669 0.849027872 8.489443779
0.850436330 -0.012772288 0.525923014 -0.351134777 0.028535265 0.999353468 -0.021872768 -0.182412177 -0.525303721 0.033608750 0.850250781 8.553448677
0.851938903 -0.010348076 0.523538947 -0.309453011 0.027581241 0.999303639 -0.025130238 -0.185560048 -0.522914350 0.035849281 0.851631045 8.619148254
0.852820635 -0.008788734 0.522130072 -0.271536112 0.026880749 0.999271631 -0.027085442 -0.188015833 -0.521511793 0.037134267 0.852435648 8.685407639
0.854330957 -0.007228771 0.519679189 -0.230157852 0.025618091 0.999273598 -0.028215116 -0.191891491 -0.519097745 0.037418231 0.853895485 8.751482964
0.855104685 -0.006317531 0.518416882 -0.192308187 0.023923965 0.999341488 -0.027283302 -0.194799662 -0.517903090 0.035732668 0.854692638 8.817898750
0.856554031 -0.007545990 0.516002297 -0.152659178 0.023665836 0.999415517 -0.024669440 -0.198788881 -0.515514553 0.033342335 0.856231868 8.885739326
0.858359575 -0.010237413 0.512946427 -0.111505032 0.025536330 0.999414206 -0.022785883 -0.202373594 -0.512412608 0.032657251 0.858118176 8.953836441
0.860994399 -0.009366370 0.508528292 -0.070430994 0.024308611 0.999445617 -0.022748793 -0.203939512 -0.508033216 0.031948194 0.860744774 9.023526192
0.863949597 -0.010524378 0.503468394 -0.031450272 0.023519523 0.999533951 -0.019465394 -0.207721770 -0.503028750 0.028658459 0.863794386 9.091242790
0.866578877 -0.010723596 0.498925000 0.002984285 0.022007151 0.999617696 -0.016738866 -0.210458040 -0.498554677 0.025485463 0.866483569 9.157250404
0.869397700 -0.011147426 0.493987322 0.041648865 0.022073846 0.999623597 -0.016291358 -0.214332491 -0.493619740 0.025067860 0.869316578 9.227776527
0.873400986 -0.009545618 0.486908257 0.084196568 0.021378178 0.999595582 -0.018750900 -0.215649366 -0.486532360 0.026786266 0.873251855 9.300656319
0.877626777 -0.010095039 0.479238391 0.121501446 0.022673957 0.999533296 -0.020467769 -0.217523992 -0.478808165 0.028829293 0.877446115 9.370708466
0.882506371 -0.012437254 0.470136046 0.158741474 0.024815353 0.999489069 -0.020140568 -0.222100645 -0.469645381 0.029440768 0.882364154 9.444098473
0.888810754 -0.013414695 0.458078206 0.194935322 0.026164899 0.999426365 -0.021499921 -0.225472510 -0.457527071 0.031094927 0.888651907 9.515062332
0.895816147 -0.015291151 0.444161922 0.232985020 0.028962037 0.999292135 -0.024010001 -0.227588058 -0.443480402 0.034372374 0.895624757 9.586842537
0.902502716 -0.014710066 0.430432945 0.266657114 0.028375760 0.999275923 -0.025346076 -0.230778754 -0.429748386 0.035088763 0.902266622 9.660106659
0.909620047 -0.014130806 0.415200800 0.300158262 0.027088398 0.999311984 -0.025334898 -0.234505713 -0.414557040 0.034292255 0.909376919 9.733719826
0.916324615 -0.013901568 0.400195122 0.331725836 0.026470698 0.999314129 -0.025896650 -0.238515347 -0.399560660 0.034323178 0.916063964 9.808481216
0.922582924 -0.007159026 0.385732353 0.362900972 0.019771632 0.999391437 -0.028740931 -0.238685340 -0.385291755 0.034142449 0.922162890 9.882056236
0.927896261 -0.009067476 0.372728229 0.393330336 0.020843487 0.999402344 -0.027576489 -0.244903117 -0.372255415 0.033357076 0.927530706 9.959854126
0.932426155 -0.007977083 0.361272544 0.420707226 0.017422603 0.999585986 -0.022895478 -0.248148099 -0.360940367 0.027642647 0.932179093 10.035411835
0.936926007 -0.005868467 0.349478334 0.447792292 0.013870459 0.999695599 -0.020398729 -0.250216901 -0.349252284 0.023959521 0.936722338 10.111684799
0.941725194 -0.006017738 0.336329252 0.477841377 0.014033263 0.999672472 -0.021406738 -0.254309773 -0.336090207 0.024879063 0.941501141 10.192917824
0.946106136 -0.007272566 0.323775083 0.504144192 0.015730420 0.999599755 -0.023513215 -0.257125676 -0.323474526 0.027339112 0.945841908 10.270382881
0.950182974 -0.004886438 0.311654538 0.530663490 0.012969029 0.999631047 -0.023867190 -0.260693192 -0.311422855 0.026720053 0.949895740 10.350328445
0.953806996 -0.004564940 0.300385416 0.553161144 0.012704608 0.999602914 -0.025149733 -0.264081508 -0.300151408 0.027804272 0.953486264 10.429330826
0.957568526 -0.003987416 0.288178116 0.576219797 0.012349189 0.999553561 -0.027203865 -0.267458141 -0.287941009 0.029608332 0.957190335 10.509060860
0.961064756 -0.005147913 0.276275426 0.599094391 0.013768419 0.999476552 -0.029271953 -0.271090001 -0.275980175 0.031936120 0.960632563 10.589443207
0.964049637 -0.005373195 0.265667856 0.620255232 0.013713645 0.999469280 -0.029549271 -0.275337607 -0.265368074 0.032130241 0.963611662 10.670376778
0.966837645 -0.008593162 0.255246997 0.643871307 0.016135147 0.999492586 -0.027468577 -0.279090166 -0.254881442 0.030676104 0.966485620 10.752990723
0.968835771 -0.012219391 0.247402459 0.664151788 0.018873723 0.999520659 -0.024543025 -0.283537149 -0.246984005 0.028447565 0.968601882 10.836318970
0.970483184 -0.012110839 0.240864560 0.684618354 0.018699806 0.999510288 -0.025088534 -0.286160022 -0.240442738 0.028852118 0.970234394 10.918066978
0.971666455 -0.011961661 0.236053467 0.704731584 0.018409582 0.999514699 -0.025130393 -0.289706469 -0.235638246 0.028764002 0.971415043 11.002246857
0.972438812 -0.009670566 0.232957616 0.724342346 0.015679661 0.999589980 -0.023956766 -0.292358309 -0.232630417 0.026949186 0.972191691 11.084911346
0.972725749 -0.007904056 0.231823742 0.744134545 0.013827913 0.999617696 -0.023939442 -0.296077937 -0.231545895 0.026492149 0.972463131 11.170390129
0.973121822 -0.006348706 0.230203584 0.764421582 0.012457994 0.999607444 -0.025094885 -0.300419718 -0.229953885 0.027288254 0.972818851 11.255808830
0.973317325 -0.006929696 0.229358539 0.782171249 0.013185628 0.999581456 -0.025754461 -0.304005712 -0.229084074 0.028091503 0.973001182 11.337159157
0.974247694 -0.008151120 0.225332916 0.804896474 0.014356978 0.999561012 -0.025915919 -0.308170944 -0.225022778 0.028483626 0.973937035 11.424097061
0.974774957 -0.008379091 0.223032564 0.823766112 0.014599468 0.999548674 -0.026255744 -0.311241627 -0.222711906 0.028849598 0.974457324 11.509387970
0.975214243 -0.010050229 0.221034229 0.839903235 0.015753597 0.999586523 -0.024055377 -0.314120233 -0.220701039 0.026941227 0.974969327 11.594747543
0.975980222 -0.014942128 0.217346430 0.860031366 0.020128772 0.999562562 -0.021669045 -0.318144023 -0.216927588 0.025523476 0.975853980 11.681900978
0.976588249 -0.017924868 0.214369342 0.880490303 0.023681849 0.999423742 -0.024317252 -0.321437240 -0.213809937 0.028824605 0.976449907 11.770448685
0.977157414 -0.017565845 0.211789578 0.898794174 0.024302343 0.999276698 -0.029246354 -0.324405462 -0.211122662 0.033725265 0.976877570 11.855984688
0.977442145 -0.018697895 0.210374132 0.917965531 0.025900705 0.999167085 -0.031534880 -0.326900959 -0.209609225 0.036272362 0.977112174 11.944442749
0.977129757 -0.018114546 0.211870894 0.934350848 0.024582321 0.999307513 -0.027932657 -0.331111908 -0.211218163 0.032502111 0.976898313 12.033088684
0.977686942 -0.018689781 0.209234297 0.955735087 0.024255907 0.999416053 -0.024067828 -0.334183186 -0.208662286 0.028605966 0.977569222 12.122585297
0.977463126 -0.022983674 0.209851205 0.974455953 0.027743379 0.999419689 -0.019765403 -0.337392390 -0.209275156 0.025141936 0.977533519 12.212997437
0.977330565 -0.028120201 0.209843785 0.993754387 0.032800827 0.999284089 -0.018857758 -0.340299875 -0.209163278 0.025313314 0.977553070 12.302513123
0.976714313 -0.032901321 0.212006465 1.010774732 0.037986487 0.999078989 -0.019956620 -0.344313383 -0.211154610 0.027545294 0.977064490 12.391342163
0.976965606 -0.035155799 0.210481033 1.034271717 0.041098114 0.998868585 -0.023923347 -0.346436024 -0.209401891 0.032022659 0.977305174 12.484663010
0.976718664 -0.035824604 0.211511731 1.053787947 0.041856471 0.998832643 -0.024108399 -0.349872470 -0.210401148 0.032400254 0.977078080 12.575684547
0.976483881 -0.034021944 0.212889448 1.073948026 0.039835013 0.998939812 -0.023074748 -0.352800101 -0.211878702 0.031012570 0.976803720 12.668486595
0.975826025 -0.028634513 0.216664597 1.091868877 0.034322128 0.999156713 -0.022532808 -0.356286108 -0.215836674 0.029424490 0.975986004 12.762232780
0.975199640 -0.022552295 0.220175162 1.112284660 0.028060308 0.999365985 -0.021920772 -0.359669715 -0.219541147 0.027555311 0.975214005 12.856511116
0.974068999 -0.017169580 0.225598812 1.132868528 0.022557555 0.999517977 -0.021326816 -0.362425953 -0.225123942 0.025862748 0.973986804 12.950674057
0.972636104 -0.009769659 0.232128263 1.153590202 0.014783110 0.999693334 -0.019867986 -0.365823239 -0.231862962 0.022755899 0.972482264 13.046014786
0.970871329 -0.005832399 0.239529982 1.174811959 0.011388262 0.999697149 -0.021817334 -0.369519055 -0.239330173 0.023909658 0.970643759 13.140203476
0.969183445 -0.002237140 0.246330306 1.198563099 0.008537815 0.999663055 -0.024513107 -0.373367906 -0.246192515 0.025860816 0.968875825 13.235855103
0.966760397 0.000635523 0.255683243 1.219815016 0.006502357 0.999612451 -0.027070597 -0.374776334 -0.255601346 0.027833328 0.966381490 13.331858635
0.965015948 -0.002032951 0.262183100 1.247724056 0.008727323 0.999664903 -0.024371274 -0.380152881 -0.262045652 0.025806826 0.964710355 13.426410675
0.962627411 -0.005986773 0.270762742 1.274049282 0.011955860 0.999720395 -0.020401407 -0.383791447 -0.270564854 0.022876155 0.962429941 13.521068573
0.960222065 -0.011671312 0.278993309 1.301445723 0.018256094 0.999612451 -0.021015253 -0.387029439 -0.278639942 0.025272636 0.960063040 13.618017197
0.957782269 -0.017563330 0.286957532 1.330701828 0.024675177 0.999471068 -0.021185737 -0.392188370 -0.286433637 0.027372055 0.957708955 13.712102890
0.954861403 -0.021307318 0.296286464 1.358403206 0.030594720 0.999174058 -0.026744375 -0.394915879 -0.295471847 0.034601972 0.954724610 13.809157372
0.953349173 -0.019860597 0.301215649 1.390089035 0.029839126 0.999146461 -0.028562447 -0.398459047 -0.300391346 0.036217999 0.953128278 13.903817177
0.950460315 -0.021107871 0.310128510 1.419335365 0.030099383 0.999252915 -0.024235653 -0.402375042 -0.309385270 0.032369699 0.950385749 13.999452591
0.948389292 -0.023042563 0.316270173 1.453352928 0.031050354 0.999311626 -0.020302648 -0.406034589 -0.315584630 0.029075118 0.948451877 14.097453117
0.946306467 -0.027444430 0.322103679 1.486328840 0.034333192 0.999286771 -0.015724350 -0.408324391 -0.321442366 0.025938900 0.946573853 14.194043159
0.944451809 -0.034770578 0.326805383 1.520083904 0.042043898 0.998999953 -0.015215885 -0.412096292 -0.325949490 0.028110845 0.944969118 14.291271210
0.943520844 -0.035071593 0.329451650 1.553008080 0.043323357 0.998903632 -0.017736586 -0.416392922 -0.328468412 0.031007791 0.944005847 14.386268616
0.942493916 -0.036544181 0.332219392 1.587256193 0.046487365 0.998675942 -0.022028413 -0.418978155 -0.330974489 0.036205649 0.942944884 14.483198166
0.942093670 -0.030109139 0.333995551 1.619187593 0.039435104 0.998997688 -0.021175753 -0.423757970 -0.333023161 0.033120684 0.942336738 14.577377319
0.940858841 -0.028073834 0.337633789 1.649822235 0.037290979 0.999087036 -0.020843118 -0.427633345 -0.336740464 0.032201126 0.941046774 14.672868729
0.940938950 -0.021849824 0.337870449 1.685797691 0.030491207 0.999329031 -0.020289434 -0.430856973 -0.337200433 0.029393189 0.940974057 14.771441460
0.940380931 -0.023289636 0.339324743 1.720045328 0.032047246 0.999281585 -0.020227564 -0.434322834 -0.338609934 0.029896040 0.940451801 14.867506981
0.940374851 -0.022519629 0.339393467 1.754898548 0.029863404 0.999419093 -0.016430041 -0.438701391 -0.338826299 0.025585843 0.940500915 14.964556694
0.940467477 -0.024155280 0.339024067 1.790335417 0.031337604 0.999385118 -0.015726238 -0.441527396 -0.338435739 0.025414217 0.940646172 15.061170578
0.940503240 -0.023421923 0.338976413 1.825253963 0.030542588 0.999410391 -0.015686335 -0.445301592 -0.338409096 0.025106264 0.940664113 15.158902168
0.940223575 -0.022051003 0.339843154 1.859645844 0.029537747 0.999421299 -0.016872045 -0.448590875 -0.339274436 0.025901698 0.940330803 15.257710457
0.940779686 -0.020808913 0.338379264 1.895587683 0.028234305 0.999456108 -0.017036092 -0.451651245 -0.337840825 0.025581118 0.940855503 15.354784012
0.940510213 -0.017807616 0.339298636 1.930229902 0.024934188 0.999550343 -0.016655676 -0.455109775 -0.338849455 0.024124969 0.940531194 15.453910828
0.939829469 -0.018436551 0.341146082 1.964824677 0.025044348 0.999574184 -0.014975155 -0.458958447 -0.340724707 0.022617873 0.939890981 15.552157402
0.939308047 -0.018992553 0.342548639 2.001275301 0.024693640 0.999619544 -0.012289086 -0.462889254 -0.342184961 0.020002013 0.939419687 15.650562286
0.938448727 -0.021146450 0.344770640 2.036416054 0.027254101 0.999545574 -0.012877358 -0.465494394 -0.344341695 0.021481156 0.938598573 15.750685692
0.938121438 -0.021451144 0.345641702 2.074343681 0.028057054 0.999506533 -0.014119706 -0.468809634 -0.345168293 0.022943689 0.938260317 15.851335526
0.937367380 -0.018935675 0.347827196 2.109670877 0.025835523 0.999550521 -0.015209313 -0.471676320 -0.347382814 0.023243012 0.937435269 15.953236580
0.936906934 -0.018016556 0.349114358 2.146595001 0.024409616 0.999605119 -0.013921211 -0.476422131 -0.348725647 0.021564625 0.936976671 16.054965973
0.936668336 -0.014496320 0.349917889 2.181351185 0.020196768 0.999716043 -0.012647155 -0.478733212 -0.349635154 0.018913398 0.936695039 16.154224396
0.936742067 -0.015014492 0.349698275 2.218145847 0.020497356 0.999718130 -0.011983126 -0.481816053 -0.349419713 0.018392991 0.936785758 16.255504608
0.936941445 -0.017424865 0.349052072 2.256048203 0.023437405 0.999640644 -0.013009143 -0.484427541 -0.348700047 0.020369677 0.937013030 16.355537415
0.937254727 -0.019095723 0.348121941 2.293066025 0.025202310 0.999597549 -0.013021148 -0.490061104 -0.347733200 0.020977607 0.937358797 16.455253601
0.936712086 -0.017890755 0.349643052 2.326856852 0.024087576 0.999620199 -0.013382685 -0.493182957 -0.349270850 0.020957775 0.936787426 16.556350708
0.936858773 -0.016634218 0.349312156 2.364529610 0.022554718 0.999662459 -0.012888138 -0.496819735 -0.348979890 0.019952999 0.936917901 16.658555984
0.936661422 -0.016194200 0.349861622 2.400243282 0.021625949 0.999698579 -0.011624231 -0.500201523 -0.349567950 0.018454060 0.936729193 16.759922028
0.936580360 -0.016359961 0.350070715 2.437287331 0.021800058 0.999695003 -0.011604894 -0.503363013 -0.349774122 0.018500475 0.936651349 16.862569809
0.936692536 -0.016071023 0.349783927 2.474310875 0.021548638 0.999698460 -0.011773750 -0.506836355 -0.349489242 0.018565748 0.936756432 16.964290619
0.937205672 -0.016275471 0.348397374 2.512681723 0.022372914 0.999658823 -0.013484900 -0.509193480 -0.348058999 0.020432791 0.937250018 17.064968109
0.936918855 -0.016882747 0.349139005 2.550855398 0.023041939 0.999643326 -0.013495193 -0.513965368 -0.348786741 0.020688739 0.936973751 17.169706345
0.935580492 -0.016958890 0.352705956 2.582410574 0.023230856 0.999638200 -0.013556845 -0.517549813 -0.352348536 0.020877182 0.935635984 17.271677017
0.937252402 -0.019845003 0.348086119 2.628901243 0.025366973 0.999614179 -0.011313053 -0.522237122 -0.347727239 0.019433083 0.937394321 17.376598358
0.936693013 -0.019800348 0.349591374 2.663521767 0.025827458 0.999587119 -0.012586767 -0.523002028 -0.349197835 0.020818992 0.936817706 17.479242325
0.937268198 -0.022547241 0.347879291 2.706329346 0.028051902 0.999548197 -0.010794254 -0.527567267 -0.347478658 0.019875785 0.937477231 17.585187912
0.936971605 -0.023982698 0.348581553 2.744049549 0.029613076 0.999502659 -0.010832019 -0.530822217 -0.348148316 0.020471862 0.937215865 17.688402176
0.936647594 -0.025825853 0.349319845 2.781110048 0.032451663 0.999387026 -0.013127634 -0.533885896 -0.348766655 0.023631975 0.936911523 17.791355133
0.936495364 -0.026956391 0.349642336 2.820985317 0.034453545 0.999290109 -0.015239375 -0.537176132 -0.348983347 0.026318023 0.936759233 17.896415710
0.936214149 -0.028077152 0.350306541 2.860175371 0.035427675 0.999265730 -0.014591089 -0.540925384 -0.349639714 0.026070930 0.936521411 17.999191284
0.935499847 -0.025026066 0.352439672 2.896965981 0.031974390 0.999391913 -0.013906455 -0.544109821 -0.351877302 0.024278535 0.935731232 18.101367950
0.934364974 -0.022643395 0.355597228 2.934226274 0.029321156 0.999480247 -0.013400096 -0.546936750 -0.355109036 0.022947101 0.934543192 18.204214096
0.933401585 -0.018831836 0.358338982 2.972864389 0.024632204 0.999629021 -0.011628348 -0.549738526 -0.357987106 0.019680595 0.933519065 18.308296204
0.932377577 -0.022178188 0.360804856 3.010574818 0.027281068 0.999586701 -0.009055411 -0.552994967 -0.360454917 0.018286204 0.932597399 18.405904770
0.931304157 -0.020869799 0.363644272 3.047743559 0.026035648 0.999617636 -0.009309347 -0.556347251 -0.363310963 0.018137548 0.931491435 18.508117676
0.930811942 -0.019806530 0.364961207 3.088755846 0.026055600 0.999585986 -0.012205511 -0.559253991 -0.364568323 0.020870317 0.930942714 18.608802795
0.930215240 -0.017830648 0.366581172 3.126780510 0.024427816 0.999612272 -0.013365084 -0.562354207 -0.366200745 0.021387180 0.930290103 18.709629059
0.929800749 -0.017924616 0.367626756 3.167886972 0.024805443 0.999594271 -0.013999987 -0.566266656 -0.367226750 0.022136340 0.929868042 18.811363220
0.929410696 -0.020073166 0.368500799 3.208197594 0.026792713 0.999554813 -0.013126707 -0.568318188 -0.368073255 0.022073237 0.929534733 18.913623810
0.928919315 -0.023419386 0.369540930 3.247694492 0.029432820 0.999510169 -0.010642400 -0.570733428 -0.369110703 0.020762566 0.929153502 19.014259338
0.928713918 -0.024692522 0.369973809 3.287626982 0.030287750 0.999497771 -0.009321037 -0.572582245 -0.369557798 0.019862249 0.928995430 19.113779068
0.928565264 -0.027365619 0.370159000 3.329711199 0.033301998 0.999398708 -0.009655075 -0.575978398 -0.369672209 0.021292400 0.928918183 19.215534210
0.928172648 -0.028984586 0.371019721 3.368348122 0.034988206 0.999342918 -0.009459181 -0.578288198 -0.370501846 0.021761065 0.928576708 19.314273834
0.927898288 -0.032394797 0.371423393 3.409399986 0.037920699 0.999251962 -0.007581586 -0.581390679 -0.370900005 0.021119572 0.928432524 19.415309906
