0.999911964 0.001087385 0.013225869 0.000525316 -0.001096808 0.999999106 0.000705184 -0.001050813 -0.013225092 -0.000719628 0.999912262 0.061183404
0.999723077 0.000807445 0.023517549 0.001611258 -0.000850559 0.999997973 0.001823310 -0.001623366 -0.023516027 -0.001842808 0.999721766 0.124909259
0.999504030 -0.001552713 0.031453803 0.003973796 0.001449253 0.999993443 0.003311823 -0.002164823 -0.031458739 -0.003264596 0.999499738 0.185301334
0.999327004 -0.003989378 0.036463547 0.006128804 0.003865201 0.999986470 0.003475375 -0.003296510 -0.036476929 -0.003332097 0.999328911 0.248503596
0.999211729 -0.004858867 0.039398976 0.008415462 0.004824306 0.999988019 0.000972208 -0.004047062 -0.039403223 -0.000781369 0.999223113 0.311786294
0.999116838 -0.004597728 0.041764718 0.010732443 0.004730167 0.999984086 -0.003072815 -0.004911117 -0.041749928 0.003267656 0.999122679 0.375879616
0.999070227 -0.006723403 0.042584751 0.014148362 0.006958513 0.999961436 -0.005375175 -0.005783295 -0.042546973 0.005666504 0.999078333 0.442223221
0.998919189 -0.008148962 0.045761306 0.015298948 0.008280047 0.999962151 -0.002675729 -0.007217565 -0.045737766 0.003051743 0.998948753 0.506643653
0.998860598 -0.009346691 0.046798088 0.018441189 0.009311466 0.999956191 0.000970700 -0.008150498 -0.046805106 -0.000533835 0.998903871 0.574701071
0.998782873 -0.009742005 0.048351694 0.021485589 0.009592668 0.999948502 0.003319612 -0.009301869 -0.048381548 -0.002851750 0.998824835 0.641443968
0.998692274 -0.010329221 0.050069477 0.024468562 0.010191016 0.999943495 0.003014756 -0.009589236 -0.050097786 -0.002500554 0.998741210 0.711635530
0.998594284 -0.012580230 0.051489029 0.027840275 0.012505370 0.999920249 0.001775790 -0.010640483 -0.051507249 -0.001129404 0.998672009 0.777522445
0.998514175 -0.011086700 0.053354837 0.030998953 0.011049917 0.999938428 0.000984361 -0.011726898 -0.053362466 -0.000393332 0.998575211 0.847290576
0.998446882 -0.009698655 0.054860953 0.033836119 0.009730019 0.999952614 -0.000304610 -0.013081359 -0.054855403 0.000837934 0.998493910 0.915832937
0.998354971 -0.010631283 0.056340043 0.037813451 0.010698487 0.999942362 -0.000891355 -0.013869671 -0.056327324 0.001492642 0.998411238 0.986762226
0.998233736 -0.010579400 0.058459014 0.040392738 0.010593193 0.999943912 0.000073926 -0.014657468 -0.058456521 0.000545473 0.998289824 1.056615829
0.998117387 -0.010867427 0.060360882 0.043587990 0.010847083 0.999940991 0.000664657 -0.015671112 -0.060364537 -0.000008666 0.998176455 1.127832294
0.997997522 -0.012228009 0.062060639 0.048502356 0.012285653 0.999924481 -0.000547318 -0.016262697 -0.062049262 0.001308678 0.998072207 1.200991750
0.997914195 -0.013347195 0.063159302 0.053744592 0.013357995 0.999910712 0.000251299 -0.018123481 -0.063157029 0.000592907 0.998003364 1.272314787
0.997759044 -0.012838590 0.065664701 0.056955837 0.012794035 0.999917567 0.001099016 -0.018531263 -0.065673396 -0.000256437 0.997841120 1.346206427
0.997610867 -0.014249046 0.067597568 0.060641572 0.014212929 0.999898434 0.001015226 -0.019916905 -0.067605175 -0.000052041 0.997712076 1.422217727
0.997589886 -0.012466445 0.068256877 0.066661254 0.012347669 0.999921441 0.002161757 -0.021860454 -0.068278469 -0.001313734 0.997665584 1.491371393
0.997472525 -0.011679878 0.070087507 0.071674451 0.011485384 0.999929011 0.003177360 -0.023229834 -0.070119634 -0.002364348 0.997535825 1.564579964
0.997390509 -0.011229702 0.071317151 0.077736750 0.010869262 0.999926150 0.005440145 -0.023980115 -0.071372963 -0.004650784 0.997438908 1.639490962
0.997226357 -0.010537409 0.073678769 0.080598295 0.010405288 0.999943495 0.002176804 -0.024813533 -0.073697545 -0.001404117 0.997279584 1.715601921
0.997132599 -0.009654008 0.075055696 0.086792707 0.009579835 0.999953210 0.001348200 -0.025415661 -0.075065203 -0.000625313 0.997178435 1.790625095
0.997080684 -0.008835163 0.075842351 0.092858508 0.008782214 0.999960899 0.001031644 -0.026508160 -0.075848497 -0.000362569 0.997119248 1.866378784
0.996902227 -0.011667067 0.077780008 0.094952092 0.011289104 0.999922216 0.005297319 -0.028940018 -0.077835768 -0.004402843 0.996956468 1.940637827
0.996939898 -0.011295435 0.077352442 0.099868998 0.010981389 0.999929607 0.004484129 -0.029942896 -0.077397659 -0.003620969 0.996993661 2.016834021
0.997179508 -0.010145922 0.074362896 0.106040731 0.009849484 0.999942005 0.004352018 -0.031387888 -0.074402750 -0.003607308 0.997221649 2.091061354
0.997451544 -0.007163736 0.070986569 0.110737309 0.007010399 0.999972522 0.002408984 -0.033404291 -0.071001895 -0.001905201 0.997474372 2.166508913
0.997710109 -0.002064777 0.067604631 0.114244543 0.002005180 0.999997497 0.000949417 -0.034262769 -0.067606427 -0.000811683 0.997711778 2.240468264
0.997986257 -0.001550331 0.063412003 0.118802756 0.001693380 0.999996126 -0.002202184 -0.035007592 -0.063408360 0.002305130 0.997985005 2.315793753
0.998266041 0.001410648 0.058848601 0.121185064 -0.001198565 0.999992669 -0.003639034 -0.037927493 -0.058853317 0.003562190 0.998260260 2.389116764
0.998591661 0.005564749 0.052762326 0.125954524 -0.005127579 0.999951422 -0.008417393 -0.039542176 -0.052806601 0.008134996 0.998571694 2.464687347
0.998858154 0.008582226 0.046997502 0.127213359 -0.008032422 0.999897182 -0.011874976 -0.041643992 -0.047094598 0.011483911 0.998824418 2.537661552
0.999079704 0.013292477 0.040778790 0.128795028 -0.012767401 0.999832571 -0.013109729 -0.043710444 -0.040946219 0.012577027 0.999082208 2.614760399
0.999265850 0.018673552 0.033452947 0.130248845 -0.018282074 0.999761224 -0.011970310 -0.046447348 -0.033668492 0.011349933 0.999368608 2.690456867
0.999476850 0.020676363 0.024867250 0.130830809 -0.020448409 0.999746799 -0.009386432 -0.049027540 -0.025055030 0.008873027 0.999646723 2.765491486
0.999615252 0.023397783 0.014897476 0.130750090 -0.023306120 0.999708414 -0.006296874 -0.050608642 -0.015040467 0.005947249 0.999869227 2.842998266
0.999747038 0.022419229 0.001809589 0.130385756 -0.022415578 0.999746621 -0.002011485 -0.052442696 -0.001854226 0.001970413 0.999996364 2.916340590
0.999718249 0.019559368 -0.013453810 0.129024446 -0.019564454 0.999808490 -0.000246807 -0.053911816 0.013446407 0.000509954 0.999909461 2.991698742
0.999403775 0.020165302 -0.028021362 0.125276014 -0.020198667 0.999795556 -0.000908219 -0.055862628 0.027997319 0.001473672 0.999606907 3.069163322
0.998886347 0.020220563 -0.042628210 0.120426208 -0.020454558 0.999777973 -0.005060164 -0.057320565 0.042516422 0.005926471 0.999078274 3.144324064
0.998051703 0.023117991 -0.057950567 0.116301715 -0.023582239 0.999694943 -0.007339942 -0.059529975 0.057763204 0.008692245 0.998292565 3.219928503
0.997070432 0.024971535 -0.072296821 0.110401094 -0.025771325 0.999616385 -0.010150908 -0.059892170 0.072015606 0.011984354 0.997331560 3.294979334
0.996084988 0.024537340 -0.084926635 0.103028625 -0.025215426 0.999658108 -0.006920777 -0.063096680 0.084727772 0.009035143 0.996363163 3.368742228
0.994836688 0.023818906 -0.098653957 0.094653159 -0.024395425 0.999691725 -0.004641543 -0.064664513 0.098512977 0.007024283 0.995110929 3.443060637
0.993434072 0.023124265 -0.112044208 0.084790617 -0.023509501 0.999721348 -0.002118069 -0.067079566 0.111964002 0.004738265 0.993700981 3.516378880
0.991844416 0.022636471 -0.125428006 0.074219316 -0.023089727 0.999731064 -0.002160873 -0.068681754 0.125345364 0.005039348 0.992100418 3.590845823
0.989995658 0.025701350 -0.138737321 0.062786222 -0.026032688 0.999660909 -0.000573864 -0.070185475 0.138675570 0.004179830 0.990329027 3.664703608
0.987937868 0.028563341 -0.152194187 0.050877452 -0.028408168 0.999591291 0.003194373 -0.072659791 0.152223244 0.001167716 0.988345444 3.739527225
0.985820472 0.033935554 -0.164335698 0.037410259 -0.033453792 0.999424040 0.005699115 -0.073256999 0.164434433 -0.000120652 0.986388028 3.813288212
0.983630240 0.036030721 -0.176559299 0.022883415 -0.035382550 0.999350607 0.006819114 -0.073925331 0.176690325 -0.000460369 0.984266400 3.887357473
0.981233716 0.037215132 -0.189196721 0.007495105 -0.036445763 0.999307156 0.007545210 -0.075095609 0.189346462 -0.000508196 0.981910229 3.959757328
0.978684068 0.038098127 -0.201806337 -0.008623719 -0.037454423 0.999273837 0.007008740 -0.075995274 0.201926798 0.000699196 0.979400396 4.033092022
0.976012826 0.038114220 -0.214350656 -0.025678933 -0.037092458 0.999273181 0.008788389 -0.076337114 0.214529842 -0.000626788 0.976717234 4.106319904
0.973182201 0.040609255 -0.226422861 -0.043606997 -0.039177503 0.999173641 0.010815405 -0.076174609 0.226674974 -0.001654677 0.973969162 4.179149628
0.970185995 0.041930690 -0.238706514 -0.062564254 -0.039411448 0.999105573 0.015319054 -0.077453919 0.239135340 -0.005454567 0.970970929 4.252161980
0.967118204 0.042312670 -0.250782669 -0.082030773 -0.039359707 0.999084115 0.016781224 -0.078123197 0.251263022 -0.006358698 0.967897952 4.321832180
0.964014292 0.039966132 -0.262828916 -0.102154136 -0.036776565 0.999178052 0.017045846 -0.077906311 0.263294131 -0.006766496 0.964691877 4.396475792
0.960887432 0.038256772 -0.274283737 -0.123924732 -0.035473391 0.999256432 0.015102537 -0.078289390 0.274657518 -0.004782066 0.961530268 4.467925549
0.957565248 0.036941465 -0.285839438 -0.145329714 -0.034661829 0.999314070 0.013032354 -0.078402057 0.286124825 -0.002571611 0.958188951 4.538878441
0.954113364 0.035923056 -0.297283113 -0.169037700 -0.033845142 0.999353349 0.012135676 -0.079018958 0.297526866 -0.001517222 0.954712391 4.610739708
0.950421512 0.037712269 -0.308669388 -0.192502856 -0.035717700 0.999288499 0.012111905 -0.079371557 0.308906496 -0.000486459 0.951092303 4.683168411
0.947227895 0.038209405 -0.318275362 -0.218305469 -0.036004964 0.999269545 0.012808364 -0.080323733 0.318532288 -0.000672950 0.947911739 4.753430367
0.943860948 0.038946904 -0.328038901 -0.243465781 -0.037324760 0.999239981 0.011242287 -0.080896869 0.328227401 0.001632816 0.944597363 4.824403763
0.940969586 0.038496450 -0.336294889 -0.270722151 -0.037575386 0.999251008 0.009248784 -0.081780359 0.336399078 0.003933588 0.941711247 4.894657612
0.937420428 0.039253738 -0.345979720 -0.295453429 -0.038566772 0.999216735 0.008872503 -0.082183018 0.346056879 0.005026053 0.938200057 4.963218689
0.933982968 0.039667316 -0.355109036 -0.322156906 -0.039157514 0.999195814 0.008625446 -0.082876876 0.355165601 0.005849164 0.934785128 5.032810211
0.931007266 0.040582050 -0.362737566 -0.350536942 -0.039818686 0.999160945 0.009584104 -0.083179146 0.362822145 0.005520863 0.931842029 5.102812290
0.927920282 0.043096017 -0.370279193 -0.378993034 -0.041392665 0.999064147 0.012548885 -0.083743691 0.370473444 0.003682478 0.928835750 5.171847820
0.924804986 0.045850754 -0.377668560 -0.407924175 -0.043198280 0.998946309 0.015496261 -0.084688440 0.377981126 0.001983613 0.925811172 5.240179062
0.921561480 0.046571214 -0.385428756 -0.437911153 -0.044036489 0.998911142 0.015406643 -0.084131420 0.385726511 0.002774762 0.922608972 5.307174206
0.918503523 0.047041386 -0.392604738 -0.469097018 -0.044828169 0.998885036 0.014809054 -0.083913215 0.392863601 0.003997582 0.919588029 5.375233650
0.915621221 0.049015362 -0.399043024 -0.499656796 -0.046598390 0.998789310 0.015761590 -0.083872385 0.399332494 0.004163116 0.916796803 5.439004421
0.912353456 0.051149547 -0.406195700 -0.530317187 -0.048021358 0.998685956 0.017897489 -0.085432656 0.406577379 0.003177238 0.913610816 5.508491039
0.909437954 0.052964170 -0.412453055 -0.561440587 -0.049239539 0.998593509 0.019661333 -0.085756555 0.412914306 0.002428237 0.910766661 5.574781418
0.906483769 0.054199703 -0.418747663 -0.592461705 -0.049796961 0.998529136 0.021444531 -0.085512415 0.419294000 0.001413245 0.907849371 5.638749599
0.903583169 0.055925380 -0.424746752 -0.625239968 -0.050540913 0.998434901 0.023943538 -0.084670246 0.425421089 -0.000167890 0.904995441 5.707146645
0.900509596 0.056482837 -0.431152105 -0.657003284 -0.050813742 0.998403609 0.024665087 -0.084562495 0.431856990 -0.000302698 0.901942074 5.771583557
0.897447944 0.055996541 -0.437551677 -0.688539505 -0.050788622 0.998430490 0.023605201 -0.084715933 0.438186646 0.001038207 0.898883402 5.834705353
0.894754648 0.055627525 -0.443079859 -0.722021222 -0.052080944 0.998438954 0.020179244 -0.083669759 0.443510711 0.005020545 0.896255016 5.897476673
0.891147852 0.055126041 -0.450351685 -0.754867077 -0.052801594 0.998447537 0.017733758 -0.084435217 0.450630069 0.007975888 0.892675161 5.963209629
0.887695432 0.053931359 -0.457261652 -0.786745191 -0.052776363 0.998488963 0.015309666 -0.084104516 0.457396388 0.010542285 0.889200449 6.027131081
0.884477556 0.052932791 -0.463570416 -0.818704844 -0.053205252 0.998505294 0.012500417 -0.082099237 0.463539153 0.013608040 0.885971963 6.086452961
0.881232738 0.051201638 -0.469901145 -0.852600455 -0.051482249 0.998598635 0.012262239 -0.085512824 0.469870508 0.013385681 0.882633805 6.145392418
0.877504230 0.047345761 -0.477225989 -0.884063840 -0.048854474 0.998762965 0.009255966 -0.086844794 0.477073938 0.015192475 0.878731847 6.203997612
0.873855829 0.045930967 -0.484010667 -0.915786028 -0.050050978 0.998736978 0.004412323 -0.088186622 0.483602017 0.020369476 0.875050902 6.257569313
0.870149016 0.042422261 -0.490959227 -0.947509646 -0.051604122 0.998654246 -0.005169695 -0.088928811 0.490079165 0.029833926 0.871167243 6.313434601
0.867208183 0.039065406 -0.496410996 -0.979087591 -0.054053042 0.998412192 -0.015857549 -0.090429284 0.495003283 0.040584318 0.867942810 6.364174843
0.863890231 0.037238076 -0.502301633 -1.008254766 -0.056769617 0.998107255 -0.023641413 -0.092910528 0.500470638 0.048939057 0.864369273 6.415885925
0.861475527 0.036117185 -0.506513000 -1.038397074 -0.059486713 0.997777343 -0.030027736 -0.095485732 0.504302680 0.055998955 0.861709297 6.464871883
0.859542906 0.032555308 -0.510025620 -1.067529440 -0.059276342 0.997584164 -0.036221508 -0.097794950 0.507614315 0.061366390 0.859396219 6.512017727
0.858212292 0.029208601 -0.512463272 -1.095285416 -0.059701242 0.997283578 -0.043138832 -0.102774918 0.509811282 0.067616962 0.857624888 6.557595730
0.857270181 0.025490057 -0.514235437 -1.122608900 -0.060208257 0.996884286 -0.050957408 -0.104692802 0.511334360 0.074645489 0.856133878 6.603308678
0.857195735 0.022426158 -0.514502168 -1.149884939 -0.058816232 0.996777534 -0.054544240 -0.108054370 0.511621058 0.077016175 0.855752528 6.646916389
0.858036935 0.020608732 -0.513174355 -1.177556038 -0.054989547 0.997137249 -0.051899180 -0.112641826 0.510635555 0.072750643 0.856713772 6.691068649
0.860146999 0.018835157 -0.509698212 -1.204266071 -0.049705241 0.997656763 -0.047013689 -0.116665199 0.507618308 0.065773375 0.859067738 6.736248016
0.863280952 0.016410688 -0.504456818 -1.228127003 -0.046105642 0.997856557 -0.046439268 -0.120060354 0.502613425 0.063348442 0.862187147 6.780438900
0.868972242 0.013814430 -0.494667888 -1.255315065 -0.044231091 0.997777581 -0.049835164 -0.122135162 0.492880106 0.065185085 0.867651999 6.825377941
0.876434922 0.012822991 -0.481349409 -1.277899146 -0.042593203 0.997791409 -0.050972331 -0.125858128 0.479632616 0.065176159 0.875045419 6.866696358
0.886592865 0.011818338 -0.462399513 -1.303898215 -0.039664857 0.997933745 -0.050546460 -0.128131017 0.460846722 0.063155144 0.885229707 6.912996769
0.897628188 0.009792021 -0.440644711 -1.323288202 -0.032868262 0.998456597 -0.044767506 -0.130318537 0.439526260 0.054667801 0.896564603 6.958079815
0.911142945 0.011663104 -0.411925405 -1.345562220 -0.029661207 0.998862803 -0.037326559 -0.133746803 0.411021620 0.046228029 0.910452664 7.003727436
0.924720645 0.010250225 -0.380508125 -1.363730311 -0.024590982 0.999157906 -0.032846082 -0.135336965 0.379850984 0.039730530 0.924194098 7.049113750
0.938107610 0.010889065 -0.346172750 -1.378506064 -0.022450775 0.999315321 -0.029406223 -0.138717413 0.345615536 0.035358038 0.937709808 7.095704079
0.951442301 0.011655414 -0.307606339 -1.393344641 -0.020672707 0.999446332 -0.026072059 -0.141465008 0.307132155 0.031165114 0.951156437 7.142500877
0.963770747 0.011453080 -0.266486049 -1.406544328 -0.018102560 0.999582708 -0.022509314 -0.143622950 0.266117036 0.026517892 0.963575900 7.188782692
0.974062860 0.008812971 -0.226105511 -1.414249897 -0.013623816 0.999712586 -0.019725377 -0.145361155 0.225866675 0.022294182 0.973903060 7.235040665
0.983116090 0.006391305 -0.182871222 -1.421884537 -0.010074862 0.999764442 -0.019220954 -0.146353066 0.182705313 0.020738833 0.982948899 7.282399654
0.990475178 0.009100340 -0.137390584 -1.428841352 -0.011611931 0.999779522 -0.017490219 -0.149307221 0.137201175 0.018919002 0.990362465 7.329721451
0.995657325 0.012749841 -0.092217013 -1.431815982 -0.014300613 0.999766886 -0.016175330 -0.151468188 0.091989294 0.017423846 0.995607495 7.374985218
0.998799026 0.011876931 -0.047533143 -1.431810617 -0.012522880 0.999832928 -0.013314773 -0.153306171 0.047367062 0.013894032 0.998780847 7.423365116
0.999949753 0.009868537 -0.001769938 -1.431361318 -0.009881815 0.999921799 -0.007656119 -0.154831111 0.001694269 0.007673222 0.999969065 7.473124981
0.998964906 0.009788215 0.044418927 -1.428631783 -0.009602758 0.999944270 -0.004386564 -0.156309426 -0.044459384 0.003955481 0.999003351 7.521258354
0.995801568 0.014120940 0.090442255 -1.422568321 -0.013867241 0.999897957 -0.003432883 -0.158013776 -0.090481505 0.002164286 0.995895743 7.571137428
0.990435898 0.015649628 0.137083381 -1.416699886 -0.015293620 0.999876380 -0.003649931 -0.158849522 -0.137123525 0.001518522 0.990552783 7.620746613
0.983263552 0.014760234 0.181589857 -1.406378508 -0.013939627 0.999886096 -0.005794516 -0.159750462 -0.181654662 0.003166241 0.983357251 7.671670437
0.974187553 0.011108967 0.225466534 -1.394326210 -0.010180914 0.999934256 -0.005278471 -0.161524624 -0.225510344 0.002846766 0.974236727 7.719322681
0.963704824 0.006814031 0.266882926 -1.379125237 -0.005680116 0.999971271 -0.005020482 -0.162396237 -0.266909450 0.003322336 0.963715971 7.769415855
0.952135086 0.002379647 0.305668175 -1.362189293 -0.001348054 0.999992788 -0.003585915 -0.164163679 -0.305674434 0.003002219 0.952131331 7.817523479
0.939901233 -0.001556584 0.341442794 -1.342508793 0.003138659 0.999986768 -0.004081110 -0.164955407 -0.341431916 0.004907514 0.939893782 7.867131233
0.927439570 -0.003712109 0.373954624 -1.321384192 0.005770265 0.999973714 -0.004384381 -0.166686118 -0.373928577 0.006224066 0.927436590 7.916366577
0.914906263 -0.007695568 0.403592736 -1.297812462 0.011375540 0.999912739 -0.006721274 -0.167704493 -0.403505772 0.010740422 0.914914072 7.966450214
0.902911067 -0.010567212 0.429697484 -1.273787498 0.016099086 0.999827623 -0.009240580 -0.168931827 -0.429525733 0.015261160 0.902925670 8.015827179
0.892212868 -0.015279092 0.451356530 -1.246405840 0.022670006 0.999682724 -0.010971872 -0.170176268 -0.451045692 0.020021500 0.892276347 8.066207886
0.882576525 -0.019248826 0.469774604 -1.218378782 0.028157597 0.999532044 -0.011944903 -0.172117978 -0.469324887 0.023770016 0.882705569 8.116661072
0.873814166 -0.020298433 0.485836118 -1.189987659 0.030040441 0.999473333 -0.012271680 -0.173334062 -0.485331059 0.025317898 0.873963892 8.168284416
0.865704715 -0.021624874 0.500087798 -1.159223318 0.032411702 0.999391377 -0.012892229 -0.174309045 -0.499504745 0.027369557 0.865878642 8.221477509
0.858292460 -0.021370113 0.512715697 -1.127493143 0.032520033 0.999389231 -0.012784156 -0.177658677 -0.512129426 0.027646078 0.858463287 8.273942947
0.850773692 -0.022115966 0.525066555 -1.093780518 0.034362648 0.999317050 -0.013586805 -0.178192794 -0.524407566 0.029601973 0.850952625 8.327800751
0.844089746 -0.022756224 0.535718799 -1.058579683 0.036449648 0.999223113 -0.014985889 -0.179483250 -0.534961700 0.032176197 0.844263375 8.382096291
0.838803113 -0.024136977 0.543899536 -1.022831678 0.038260188 0.999160171 -0.014664575 -0.181278378 -0.543088853 0.033110388 0.839022160 8.438199043
0.836000025 -0.025568252 0.548133433 -0.985400677 0.040054597 0.999092579 -0.014486614 -0.183261469 -0.547265649 0.034066074 0.836265385 8.495589256
0.835777581 -0.028773488 0.548313618 -0.948150873 0.043219302 0.998975039 -0.013455317 -0.185480371 -0.547364473 0.034943391 0.836164474 8.554080963
0.838122547 -0.030676037 0.544618785 -0.910175085 0.044721603 0.998920560 -0.012557886 -0.186250687 -0.543645680 0.034881268 0.838589728 8.611907005
0.840744972 -0.029596105 0.540621758 -0.871534348 0.042405576 0.999037027 -0.011254948 -0.187720388 -0.539768159 0.032387916 0.841190517 8.674400330
0.842528343 -0.026207220 0.538014233 -0.833877087 0.038442712 0.999194264 -0.011529369 -0.189707115 -0.537278712 0.030396538 0.842856884 8.736103058
0.843675852 -0.022296300 0.536389530 -0.794303656 0.034364447 0.999331176 -0.012511573 -0.191724330 -0.535751760 0.028988449 0.843877673 8.799182892
0.844355941 -0.021174826 0.535364032 -0.755047083 0.033123150 0.999370396 -0.012713281 -0.194048330 -0.534757912 0.028467482 0.844525576 8.862397194
0.844680190 -0.020429779 0.534881353 -0.716377974 0.031706087 0.999426484 -0.011896916 -0.196853757 -0.534331501 0.027008085 0.844843388 8.926307678
0.845658660 -0.019334780 0.533373833 -0.674078703 0.030866416 0.999442816 -0.012708626 -0.197756499 -0.532830834 0.027210500 0.845784187 8.995756149
0.846316576 -0.019426566 0.532326043 -0.633335352 0.031947874 0.999386907 -0.014320840 -0.199182779 -0.531721413 0.029126646 0.846418321 9.062924385
0.847580314 -0.019044209 0.530325294 -0.591087341 0.031666629 0.999390066 -0.014721939 -0.201831624 -0.529721498 0.029271638 0.847666383 9.130044937
0.848265529 -0.017231924 0.529290736 -0.549522877 0.029573139 0.999452174 -0.014856461 -0.204282969 -0.528744757 0.028255010 0.848310471 9.199495316
0.849203050 -0.017028248 0.527791858 -0.507808685 0.030269293 0.999406278 -0.016458446 -0.205960378 -0.527198195 0.029952450 0.849214256 9.268701553
0.850321651 -0.016183626 0.526014447 -0.465251923 0.030893721 0.999338388 -0.019194677 -0.208824664 -0.525355816 0.032572191 0.850259006 9.338566780
0.851727486 -0.013738059 0.523804963 -0.420576572 0.029261896 0.999343276 -0.021370791 -0.211950749 -0.523167372 0.033529617 0.851570189 9.409937859
0.852758348 -0.011648679 0.522175670 -0.378485203 0.028785735 0.999279976 -0.024717702 -0.214929029 -0.521511853 0.036109440 0.852479577 9.482451439
0.853968859 -0.011187895 0.520203829 -0.335759163 0.029180044 0.999225199 -0.026411992 -0.218923897 -0.519505322 0.037734587 0.853633583 9.555605888
0.855334103 -0.009075036 0.517997384 -0.290142059 0.027538219 0.999229491 -0.027966036 -0.222229242 -0.517344475 0.038185030 0.854924858 9.630007744
0.856485605 -0.008203883 0.516105652 -0.247632980 0.026109820 0.999282181 -0.027445327 -0.224718571 -0.515510142 0.036981955 0.856084943 9.702783585
0.857927740 -0.009287382 0.513686359 -0.204147816 0.025785271 0.999354899 -0.024996785 -0.228650436 -0.513122916 0.034690976 0.857613862 9.777232170
0.859626651 -0.011445331 0.510794342 -0.160836220 0.026648732 0.999392569 -0.022454392 -0.233337462 -0.510227263 0.032914419 0.859409511 9.850854874
0.862283885 -0.011747027 0.506289005 -0.117024899 0.026455106 0.999410808 -0.021868346 -0.236312628 -0.505733907 0.032250654 0.862086475 9.926649094
0.864936888 -0.011850968 0.501740694 -0.073404789 0.025013249 0.999496639 -0.019511828 -0.238787651 -0.501256883 0.029426666 0.864798009 10.003818512
0.867887080 -0.011162864 0.496635973 -0.032351971 0.022740692 0.999592125 -0.017272299 -0.241782531 -0.496240616 0.026284249 0.867787004 10.078639984
0.871311665 -0.011090958 0.490604788 0.011175156 0.022668773 0.999586940 -0.017662259 -0.244125143 -0.490206271 0.026510734 0.871203184 10.154205322
0.874457836 -0.009293376 0.485012472 0.051843643 0.021341799 0.999585450 -0.019325232 -0.247407913 -0.484631866 0.027250146 0.874293625 10.233705521
0.878896058 -0.011611975 0.476871818 0.093322754 0.024299903 0.999495566 -0.020447791 -0.250714779 -0.476393878 0.029559426 0.878735006 10.310433388
0.884224057 -0.013150227 0.466877669 0.132945538 0.025609983 0.999464869 -0.020351749 -0.254559100 -0.466360182 0.029952237 0.884087741 10.386510849
0.890851200 -0.015625941 0.454026461 0.175692558 0.028759222 0.999343455 -0.022035062 -0.258784950 -0.453384072 0.032687411 0.890715718 10.465309143
0.897191048 -0.018969625 0.441235065 0.213905811 0.032458268 0.999207437 -0.023041399 -0.263952196 -0.440448195 0.034994259 0.897095680 10.545585632
0.904217243 -0.019707996 0.426617831 0.252563477 0.033406992 0.999137759 -0.024650106 -0.267752349 -0.425764203 0.036541063 0.904095948 10.626277924
0.911512971 -0.020288853 0.410770744 0.289015770 0.033224244 0.999150574 -0.024375413 -0.272088856 -0.409927219 0.035866052 0.911412776 10.705662727
0.918336689 -0.021018298 0.395241529 0.323448420 0.033553999 0.999128461 -0.024830116 -0.277203321 -0.394375116 0.036064338 0.918241620 10.787828445
0.923917770 -0.015426064 0.382279873 0.353373051 0.027629893 0.999268115 -0.026454365 -0.279853791 -0.381592005 0.035004012 0.923667848 10.866276741
0.929053605 -0.010070984 0.369808257 0.385835648 0.021873010 0.999375939 -0.027734617 -0.281709284 -0.369298160 0.033855762 0.928694129 10.949937820
0.933591664 -0.009877196 0.358202517 0.416136980 0.019426804 0.999544978 -0.023070741 -0.285653114 -0.357811660 0.028497383 0.933358848 11.033595085
0.938265085 -0.010986320 0.345742553 0.444888592 0.019076306 0.999617875 -0.020004800 -0.289734364 -0.345390618 0.025365297 0.938116074 11.113644600
0.942746341 -0.010493547 0.333345175 0.473550081 0.018701179 0.999595582 -0.021422748 -0.292635590 -0.332985520 0.026430171 0.942561448 11.198685646
0.947058320 -0.010518561 0.320889324 0.502541065 0.018856719 0.999560237 -0.022887886 -0.295694172 -0.320507467 0.027727082 0.946840048 11.283802032
0.951025128 -0.008756153 0.308989644 0.528059721 0.016860316 0.999580204 -0.023567490 -0.299441636 -0.308653474 0.027622942 0.950773358 11.366131783
0.954972744 -0.009533325 0.296540320 0.554890156 0.017529512 0.999550581 -0.024317661 -0.304567635 -0.296175212 0.028420910 0.954710782 11.453210831
0.958820701 -0.007202194 0.283921123 0.581362009 0.015680546 0.999496102 -0.027600162 -0.306668848 -0.283579230 0.030915646 0.958450377 11.539868355
0.962518513 -0.008587413 0.271080166 0.608760357 0.017151911 0.999425292 -0.029240629 -0.311139762 -0.270673156 0.032794192 0.962112546 11.630483627
0.965005577 -0.009475318 0.262058139 0.624284744 0.017803039 0.999408543 -0.029422160 -0.315129757 -0.261624366 0.033057980 0.964603484 11.709574699
0.967579484 -0.011277303 0.252314776 0.648222685 0.019035252 0.999417484 -0.028327260 -0.318586349 -0.251848370 0.032211747 0.967230558 11.799910545
0.969605327 -0.014565483 0.244240269 0.669207811 0.021413097 0.999447882 -0.025404559 -0.322656393 -0.243735403 0.029862333 0.969381928 11.886762619
0.971233070 -0.015514777 0.237624839 0.691012621 0.022169668 0.999432504 -0.025359055 -0.326841533 -0.237096578 0.029897615 0.971025944 11.975824356
0.972463548 -0.014180787 0.232623369 0.711623192 0.020863786 0.999436498 -0.026293468 -0.329492927 -0.232119456 0.030422842 0.972211421 12.065490723
0.973026156 -0.013526627 0.230297819 0.730302334 0.019643502 0.999511957 -0.024288628 -0.333856404 -0.229856849 0.028157325 0.972817063 12.153242111
0.973304451 -0.012029510 0.229202375 0.750501394 0.018068586 0.999542177 -0.024267783 -0.337841719 -0.228805497 0.027761303 0.973076284 12.244994164
0.973691523 -0.011080347 0.227600470 0.770669699 0.017183231 0.999543428 -0.024850035 -0.342404366 -0.227221176 0.028107183 0.973437488 12.333075523
0.973911166 -0.010729009 0.226675943 0.790484071 0.017097311 0.999511838 -0.026149619 -0.346179128 -0.226284727 0.029342953 0.973619163 12.423292160
0.974580288 -0.010438911 0.223795339 0.811429739 0.016905898 0.999492586 -0.027000310 -0.350080669 -0.223399878 0.030097434 0.974262118 12.515141487
0.975189626 -0.011748561 0.221059158 0.830850363 0.018043999 0.999486446 -0.026480671 -0.354399890 -0.220634520 0.029812466 0.974900901 12.605661392
0.975908756 -0.014564493 0.217692181 0.850444913 0.020318644 0.999500334 -0.024217358 -0.357934654 -0.217230722 0.028057147 0.975716949 12.697927475
0.976733506 -0.019079054 0.213606387 0.871884227 0.024403812 0.999453008 -0.022318626 -0.361890674 -0.213063732 0.027012160 0.976664782 12.790652275
0.977230787 -0.022924464 0.210936964 0.891324401 0.028731586 0.999286711 -0.024506273 -0.366064638 -0.210224748 0.030008839 0.977192402 12.884024620
0.977819681 -0.022022869 0.208287388 0.911766887 0.028811213 0.999146044 -0.029613443 -0.369509399 -0.207457349 0.034957621 0.977619171 12.976879120
0.977980614 -0.023350619 0.207385406 0.930522561 0.030387815 0.999063075 -0.030811949 -0.373468518 -0.206471607 0.036435474 0.977773964 13.072436333
0.977998495 -0.023857730 0.207242906 0.948727727 0.030277902 0.999152958 -0.027862081 -0.377727479 -0.206402659 0.033523958 0.977892637 13.166234970
0.978090465 -0.023598168 0.206838548 0.968251944 0.029132072 0.999293327 -0.023749469 -0.381249189 -0.206131950 0.029254759 0.978086770 13.262763023
0.978044629 -0.028996794 0.206368133 0.988819599 0.033578016 0.999260545 -0.018730845 -0.385306597 -0.205672413 0.025249040 0.978295088 13.359403610
0.977932632 -0.033336096 0.206243694 1.008937240 0.037900377 0.999115407 -0.018218294 -0.388310105 -0.205453902 0.025632979 0.978331149 13.455224037
0.978041589 -0.037310332 0.205042973 1.032355905 0.042582531 0.998864591 -0.021358998 -0.390642285 -0.204013258 0.029621236 0.978519917 13.553382874
0.977475703 -0.040418752 0.207141459 1.050058246 0.046296790 0.998648763 -0.023606328 -0.394488245 -0.205907390 0.032664597 0.978026152 13.649107933
0.977208257 -0.042177074 0.208051145 1.070558548 0.047904182 0.998597085 -0.022563972 -0.399382591 -0.206807569 0.032016221 0.977857590 13.748249054
0.976959407 -0.039314333 0.209772974 1.091250539 0.044943407 0.998744249 -0.022133026 -0.401862651 -0.208639443 0.031050978 0.977499545 13.845931053
0.976536751 -0.034126818 0.212629423 1.110385895 0.039635744 0.998978496 -0.021698795 -0.405286729 -0.211671725 0.029617395 0.976891935 13.945554733
0.975792706 -0.027461626 0.216966510 1.130895257 0.032838039 0.999235570 -0.021212876 -0.409178078 -0.216218129 0.027824130 0.975948453 14.044330597
0.974593639 -0.023081698 0.222787857 1.150995135 0.028081933 0.999419272 -0.019301653 -0.413025111 -0.222212970 0.025067583 0.974675894 14.145054817
0.973525882 -0.015555990 0.228047460 1.174237490 0.020256437 0.999627590 -0.018285505 -0.416873872 -0.227678090 0.022420840 0.973478317 14.244764328
0.971814752 -0.011727688 0.235453755 1.195973873 0.017054433 0.999642313 -0.020599626 -0.420333624 -0.235127956 0.024034552 0.971667290 14.344972610
0.969917953 -0.007603468 0.243313223 1.218888521 0.013724195 0.999630272 -0.023470514 -0.423801064 -0.243044779 0.026103748 0.969663739 14.444767952
0.967644274 -0.005213348 0.252264380 1.242063999 0.011896120 0.999617279 -0.024973257 -0.426686943 -0.252037585 0.027166195 0.967336059 14.545710564
0.966035247 -0.009152129 0.258248210 1.271445036 0.015609282 0.999614358 -0.022964394 -0.431458116 -0.257938474 0.026215484 0.965805590 14.646015167
0.963539660 -0.013553964 0.267221779 1.297771215 0.019232618 0.999641240 -0.018644786 -0.435529292 -0.266873240 0.023104366 0.963454604 14.746388435
0.960997581 -0.018529221 0.275935173 1.325380325 0.025003206 0.999487996 -0.019962242 -0.438301980 -0.275424033 0.026082933 0.960968912 14.848683357
0.958966196 -0.024033654 0.282499909 1.356703281 0.031069094 0.999308109 -0.020450244 -0.442259192 -0.281812936 0.028388113 0.959049344 14.945099831
0.956364155 -0.026734585 0.290951610 1.385137081 0.035808731 0.999022722 -0.025907148 -0.445036888 -0.289974689 0.035195272 0.956386983 15.043976784
0.954309642 -0.026851106 0.297610849 1.418033600 0.036820516 0.998931170 -0.027941726 -0.448653966 -0.296542525 0.037623242 0.954278290 15.147387505
0.952059269 -0.029525897 0.304485142 1.448410273 0.038417578 0.998991251 -0.023251399 -0.453536779 -0.303491443 0.033834297 0.952233255 15.245537758
0.949724138 -0.030950531 0.311554819 1.480757236 0.038697880 0.999075711 -0.018713821 -0.457419813 -0.310687691 0.029829472 0.950043857 15.346313477
0.947822869 -0.035091348 0.316860288 1.514207840 0.041722596 0.999028742 -0.014165103 -0.460116476 -0.316055477 0.026646240 0.948366404 15.446002960
0.945785582 -0.041398641 0.322142571 1.548233986 0.048027519 0.998765886 -0.012653356 -0.463714123 -0.321221173 0.027439067 0.946606576 15.548316956
0.944934726 -0.041744407 0.324585706 1.581477404 0.049714588 0.998630524 -0.016297095 -0.466941535 -0.323460877 0.031536333 0.945715845 15.647000313
0.943911552 -0.044539109 0.327180803 1.618025541 0.054288056 0.998310328 -0.020720275 -0.470613182 -0.325705141 0.037320122 0.944734514 15.750921249
0.943146706 -0.037267242 0.330280989 1.650195837 0.046533786 0.998712659 -0.020191623 -0.474676251 -0.329103321 0.034412883 0.943666637 15.852623940
0.942891777 -0.035956584 0.331152856 1.686284065 0.045062985 0.998786688 -0.019859590 -0.478383571 -0.330036938 0.033648171 0.943368137 15.954185486
0.942684293 -0.030249557 0.332312047 1.721297026 0.038774978 0.999066234 -0.019052122 -0.482404351 -0.331425518 0.030845534 0.942977071 16.056188583
0.942019820 -0.031261049 0.334098011 1.756232500 0.039655022 0.999045193 -0.018331757 -0.486432523 -0.333205998 0.030517543 0.942360044 16.158290863
0.942026436 -0.030076107 0.334187895 1.791044474 0.037436724 0.999177158 -0.015605062 -0.489270866 -0.333443582 0.027211282 0.942377210 16.259519577
0.941899836 -0.031520586 0.334411949 1.826361895 0.038549654 0.999152839 -0.014401454 -0.492825389 -0.333674729 0.026456187 0.942317069 16.361494064
0.942158401 -0.031378180 0.333695680 1.861444473 0.038342051 0.999162316 -0.014301652 -0.496624827 -0.332967371 0.026268998 0.942572296 16.461975098
0.942222059 -0.029677149 0.333671808 1.898635626 0.036919195 0.999199867 -0.015382421 -0.499965519 -0.332948327 0.026812552 0.942563772 16.566186905
0.942113817 -0.027308671 0.334179550 1.933769226 0.034335271 0.999295771 -0.015136442 -0.503847718 -0.333530843 0.025734393 0.942387938 16.670785904
0.942070782 -0.025229596 0.334463954 1.969534397 0.031888347 0.999387264 -0.014431886 -0.508104742 -0.333894819 0.024261361 0.942298055 16.773096085
0.941316366 -0.026016625 0.336521268 2.004966974 0.032375634 0.999387383 -0.013297920 -0.511334002 -0.335969061 0.023412637 0.941582024 16.876417160
0.940739810 -0.026654955 0.338079840 2.042809963 0.032390092 0.999411047 -0.011332813 -0.514361203 -0.337578624 0.021611666 0.941049218 16.981782913
0.939799130 -0.028387804 0.340546042 2.077523947 0.034429539 0.999338448 -0.011710108 -0.517347693 -0.339988381 0.022729993 0.940154970 17.085351944
0.939755976 -0.028040865 0.340693921 2.116441727 0.034442887 0.999325395 -0.012756205 -0.520869851 -0.340106368 0.023722202 0.940087676 17.190135956
0.939331114 -0.027154498 0.341935366 2.153902531 0.033777475 0.999339163 -0.013428479 -0.524143100 -0.341344774 0.024163496 0.939627588 17.295263290
0.938933015 -0.024864806 0.343200237 2.191220999 0.031179104 0.999430656 -0.012891728 -0.527758241 -0.342684269 0.022805147 0.939173758 17.401727676
0.939257979 -0.025273792 0.342279881 2.230816841 0.031146856 0.999446630 -0.011672106 -0.531324148 -0.341795474 0.021624064 0.939525485 17.508110046
0.939225614 -0.026462980 0.342279106 2.268764973 0.032017875 0.999431193 -0.010588068 -0.535176158 -0.341804236 0.020903630 0.939538658 17.613918304
0.939361811 -0.028288649 0.341758937 2.306412458 0.033818498 0.999375582 -0.010231821 -0.539746225 -0.341256171 0.021169154 0.939731956 17.718921661
0.939185202 -0.028074397 0.342261434 2.344192505 0.034216948 0.999343276 -0.011920989 -0.542812705 -0.341701955 0.022907160 0.939529240 17.828823090
0.939491868 -0.027054101 0.341501206 2.382593155 0.033225849 0.999372959 -0.012235031 -0.546335936 -0.340956092 0.022841383 0.939801633 17.935981750
0.939366043 -0.025768269 0.341946512 2.420385838 0.031555846 0.999437332 -0.011372329 -0.550004363 -0.341460973 0.021473192 0.939650595 18.044780731
0.939604998 -0.025310613 0.341323376 2.458420515 0.030947449 0.999459565 -0.011078771 -0.553051591 -0.340858549 0.020972760 0.939880610 18.152214050
0.939496577 -0.025742214 0.341589689 2.494303703 0.031063544 0.999466240 -0.010116296 -0.557448149 -0.341146886 0.020115217 0.939794719 18.258102417
0.939503968 -0.024468409 0.341662943 2.532414913 0.030235423 0.999475896 -0.011563185 -0.559281528 -0.341200978 0.021193983 0.939751446 18.368633270
0.939489722 -0.026301716 0.341565877 2.571717739 0.032416642 0.999399900 -0.012206036 -0.563656330 -0.341039866 0.022539865 0.939778566 18.476894379
0.939483166 -0.025688365 0.341630578 2.610770464 0.032320593 0.999383092 -0.013734513 -0.566686034 -0.341067016 0.023945045 0.939733982 18.587110519
0.938701808 -0.027279744 0.343649119 2.644942522 0.033317577 0.999376595 -0.011676228 -0.572316051 -0.343116343 0.022410056 0.939025521 18.694877625
0.939396024 -0.028403988 0.341655016 2.688691139 0.034387503 0.999342799 -0.011468185 -0.575178683 -0.341104746 0.022521833 0.939755440 18.806230545
0.939338267 -0.029091297 0.341756135 2.728201389 0.034981694 0.999326468 -0.011083775 -0.577934146 -0.341203481 0.022366617 0.939723313 18.917758942
0.939459443 -0.030010397 0.341343462 2.768268347 0.035919655 0.999294102 -0.011003153 -0.580809951 -0.340772301 0.022597959 0.939874232 19.029312134
0.939069748 -0.032186124 0.342216194 2.808413982 0.038165554 0.999213696 -0.010751435 -0.585033476 -0.341601014 0.023157218 0.939559698 19.140676498
0.938889384 -0.034135275 0.342522323 2.848374128 0.041046176 0.999073386 -0.012945645 -0.588215590 -0.341763079 0.026213763 0.939420462 19.250516891
0.938484430 -0.035247415 0.343517989 2.886866808 0.043094896 0.998954833 -0.015234469 -0.591815114 -0.342621952 0.029101184 0.939022541 19.359827042
0.938278794 -0.036797825 0.343916893 2.927909851 0.044593371 0.998895764 -0.014782104 -0.595666885 -0.342993289 0.029206147 0.938883722 19.470375061
0.937670887 -0.034135133 0.345844001 2.966614962 0.041636340 0.999030888 -0.014281422 -0.599187732 -0.345021248 0.027790952 0.938183367 19.579471588
0.936556220 -0.031210788 0.349124879 3.005201817 0.038375661 0.999170482 -0.013622845 -0.602828979 -0.348410070 0.026156455 0.936977208 19.689769745
0.935652196 -0.028450441 0.351775110 3.045096159 0.034803279 0.999325156 -0.011747608 -0.606590092 -0.351203531 0.023234600 0.936010778 19.800542831
0.934425414 -0.030002574 0.354892939 3.086375475 0.035710674 0.999316514 -0.009543419 -0.610064149 -0.354364127 0.021591075 0.934858203 19.912715912
0.933603764 -0.029348677 0.357103139 3.127550602 0.035373695 0.999320507 -0.010350739 -0.613159895 -0.356556773 0.022295550 0.934007525 20.024414062
0.933140397 -0.029071264 0.358334631 3.170267582 0.035841361 0.999282241 -0.012264045 -0.617270291 -0.357720912 0.024287282 0.933512628 20.132553101
0.932599366 -0.027183540 0.359888196 3.211915016 0.034382571 0.999315977 -0.013615958 -0.620694876 -0.359271884 0.025072118 0.932896078 20.243471146
0.932031274 -0.024871156 0.361523330 3.253406048 0.032310635 0.999371946 -0.014546739 -0.623845220 -0.360934466 0.025239065 0.932249546 20.354139328
0.931617618 -0.027437955 0.362402648 3.295327187 0.034594633 0.999313295 -0.013272133 -0.628048837 -0.361789703 0.024901740 0.931927025 20.463607788
0.931186497 -0.030313568 0.363280326 3.337664604 0.036791682 0.999263287 -0.010924567 -0.630286336 -0.362681538 0.023538502 0.931615829 20.573740005
0.930877328 -0.033166852 0.363823295 3.380103111 0.039035268 0.999199212 -0.008786552 -0.635256827 -0.363240540 0.022381144 0.931426466 20.684173584
0.930429459 -0.036108647 0.364687949 3.422777653 0.042588640 0.999045372 -0.009738618 -0.637837648 -0.363988072 0.024592662 0.931078911 20.793893814
0.930156291 -0.037517402 0.365242034 3.464801788 0.043915302 0.998992682 -0.009222625 -0.641408265 -0.364528120 0.024618195 0.930866897 20.903200150
