0.999913216 0.001085438 0.013130533 0.000568182 -0.001095365 0.999999106 0.000748827 -0.001041593 -0.013129707 -0.000763144 0.999913514 0.056582529
0.999711871 0.000775103 0.023990389 0.001572181 -0.000826932 0.999997318 0.002150557 -0.001767549 -0.023988659 -0.002169775 0.999709904 0.118556149
0.999502480 -0.001473038 0.031502169 0.004241565 0.001359424 0.999992490 0.003627668 -0.002271946 -0.031507269 -0.003583037 0.999497235 0.172077805
0.999330044 -0.004037262 0.036378551 0.006485803 0.003907499 0.999985754 0.003637441 -0.003034557 -0.036392715 -0.003492855 0.999331474 0.230492741
0.999215841 -0.004860015 0.039295707 0.008893723 0.004817688 0.999987721 0.001171747 -0.003809291 -0.039300915 -0.000981514 0.999226987 0.292204350
0.999116838 -0.005095284 0.041706167 0.011280919 0.005229624 0.999981463 -0.003112651 -0.004534228 -0.041689537 0.003328010 0.999125063 0.349199235
0.999041080 -0.006872480 0.043238170 0.014196487 0.007104883 0.999961078 -0.005223595 -0.005338334 -0.043200593 0.005525788 0.999051154 0.411292642
0.998933971 -0.008658586 0.045343213 0.016450141 0.008792949 0.999957442 -0.002764601 -0.006453507 -0.045317352 0.003160354 0.998967767 0.470698535
0.998870373 -0.009366330 0.046586245 0.019965235 0.009342318 0.999956071 0.000733153 -0.007338831 -0.046591066 -0.000297102 0.998914063 0.535352826
0.998786688 -0.010057669 0.048207819 0.022229865 0.009915677 0.999945760 0.003183710 -0.008350120 -0.048237231 -0.002701834 0.998832166 0.595334351
0.998683870 -0.011495368 0.049984775 0.025300402 0.011339305 0.999929905 0.003404682 -0.009195121 -0.050020419 -0.002833408 0.998744071 0.660508215
0.998584986 -0.012157760 0.051771849 0.027843226 0.012072234 0.999925137 0.001964400 -0.010008459 -0.051791865 -0.001336618 0.998656929 0.724618077
0.998523355 -0.011360536 0.053123292 0.031319078 0.011316245 0.999935269 0.001134410 -0.011270364 -0.053132743 -0.000531578 0.998587310 0.787073255
0.998435795 -0.009661466 0.055068735 0.034236282 0.009714108 0.999952555 -0.000688329 -0.011817852 -0.055059474 0.001222197 0.998482287 0.854515851
0.998353839 -0.010220695 0.056439336 0.037914637 0.010281662 0.999946952 -0.000789931 -0.012551622 -0.056428272 0.001368921 0.998405695 0.917890608
0.998251677 -0.010965777 0.058080472 0.041471362 0.010973410 0.999939799 0.000187512 -0.013526698 -0.058079034 0.000450156 0.998311877 0.985502720
0.998145223 -0.011180480 0.059841298 0.045312494 0.011163504 0.999937415 0.000617981 -0.014491289 -0.059844468 0.000051204 0.998207688 1.051648378
0.998008013 -0.013855579 0.061546095 0.049663119 0.013880472 0.999903619 0.000023123 -0.015790977 -0.061540484 0.000831212 0.998104215 1.120600820
0.997895420 -0.012591339 0.063610032 0.053014055 0.012575597 0.999920726 0.000647832 -0.017191559 -0.063613139 0.000153465 0.997974753 1.187847376
0.997784138 -0.013723717 0.065104477 0.057497747 0.013656844 0.999905646 0.001472109 -0.018283963 -0.065118551 -0.000579725 0.997877419 1.258390903
0.997670829 -0.013368288 0.066889599 0.061781809 0.013317989 0.999910593 0.001197864 -0.018958772 -0.066899627 -0.000304239 0.997759700 1.329802155
0.997533977 -0.012838562 0.068999700 0.065121859 0.012701826 0.999916315 0.002420074 -0.020720936 -0.069025002 -0.001537684 0.997613668 1.394262671
0.997411609 -0.013866697 0.070552170 0.070133537 0.013674373 0.999901354 0.003208255 -0.021296516 -0.070589684 -0.002235194 0.997502863 1.461910248
0.997350931 -0.010915844 0.071914829 0.075209811 0.010552697 0.999929607 0.005427696 -0.021826338 -0.071969010 -0.004654424 0.997395873 1.530508399
0.997207105 -0.009585745 0.074067540 0.080132574 0.009424633 0.999952376 0.002524392 -0.023144227 -0.074088208 -0.001819283 0.997250021 1.603158593
0.997045994 -0.010095336 0.076140098 0.084341839 0.009957567 0.999948025 0.002188847 -0.024849677 -0.076158233 -0.001424211 0.997094750 1.672334790
0.996970713 -0.009635312 0.077178605 0.089539483 0.009525562 0.999952972 0.001790066 -0.025148984 -0.077192225 -0.001049474 0.997015655 1.743195772
0.996904373 -0.011054985 0.077842489 0.094749272 0.010640524 0.999926925 0.005737121 -0.026134202 -0.077900216 -0.004891076 0.996949136 1.814209104
0.996952355 -0.011423711 0.077171147 0.099454954 0.011069006 0.999926150 0.005022517 -0.028005090 -0.077222824 -0.004153003 0.997005165 1.882088184
0.997127533 -0.009643767 0.075124569 0.103490219 0.009335007 0.999946356 0.004460027 -0.027865209 -0.075163566 -0.003745927 0.997164130 1.953681588
0.997391045 -0.005723024 0.071960397 0.109114587 0.005575881 0.999981940 0.002245476 -0.029578187 -0.071971953 -0.001838375 0.997404933 2.026162148
0.997649491 -0.000331237 0.068522550 0.112946630 0.000288167 0.999999821 0.000638425 -0.030000474 -0.068522736 -0.000617178 0.997649372 2.094036818
0.997959852 0.000838890 0.063838370 0.117812425 -0.000724872 0.999998033 -0.001809180 -0.031914622 -0.063839778 0.001759214 0.997958601 2.168852329
0.998252749 0.003779518 0.058967926 0.120945975 -0.003550783 0.999985754 -0.003983281 -0.033677846 -0.058982134 0.003766939 0.998251915 2.237804890
0.998545110 0.006027016 0.053586196 0.123594910 -0.005564792 0.999946117 -0.008770851 -0.035179060 -0.053636167 0.008459893 0.998524725 2.307115555
0.998852730 0.009253955 0.046984535 0.127393797 -0.008655220 0.999878943 -0.012930695 -0.036623064 -0.047098510 0.012509199 0.998811901 2.377542019
0.999040782 0.015435264 0.040976133 0.128568411 -0.014899094 0.999799788 -0.013358198 -0.038810495 -0.041174106 0.012734881 0.999070823 2.448241949
0.999176979 0.021583466 0.034344152 0.129418701 -0.021182699 0.999703705 -0.011990546 -0.041259829 -0.034592770 0.011253177 0.999338150 2.517899752
0.999368131 0.024081111 0.026141014 0.129151583 -0.023841314 0.999671042 -0.009446653 -0.043424599 -0.026359901 0.008817447 0.999613643 2.588254213
0.999552906 0.025456958 0.015682420 0.129203007 -0.025361149 0.999658644 -0.006278290 -0.044868130 -0.015836891 0.005877760 0.999857306 2.659099102
0.999676704 0.025317304 0.002360631 0.131127492 -0.025312161 0.999677241 -0.002183400 -0.046944484 -0.002415147 0.002122942 0.999994755 2.732161283
0.999699712 0.021365175 -0.012008574 0.128755763 -0.021375095 0.999771237 -0.000698203 -0.048518699 0.011990910 0.000954677 0.999927640 2.801550388
0.999407649 0.020253100 -0.027824940 0.126100332 -0.020276742 0.999794304 -0.000567773 -0.050827377 0.027807711 0.001131636 0.999612629 2.871721029
0.998803258 0.022086376 -0.043637037 0.124240473 -0.022316756 0.999739408 -0.004799392 -0.051988471 0.043519661 0.005767487 0.999035895 2.943400860
0.997982979 0.025152875 -0.058285974 0.118527040 -0.025641719 0.999641836 -0.007654201 -0.053202540 0.058072574 0.009133315 0.998270571 3.013841867
0.997029603 0.026411064 -0.072349571 0.113436371 -0.027123641 0.999592662 -0.008884178 -0.055210531 0.072085448 0.010820173 0.997339725 3.083361626
0.996064305 0.026375894 -0.084617816 0.105659664 -0.027043903 0.999611378 -0.006757728 -0.057072498 0.084406696 0.009019529 0.996390522 3.151936531
0.994750142 0.025533464 -0.099096924 0.099774182 -0.026114112 0.999648452 -0.004566490 -0.058032595 0.098945506 0.007130345 0.995067298 3.224911928
0.993352115 0.025074298 -0.112351120 0.090422034 -0.025481774 0.999672830 -0.002192068 -0.060414184 0.112259403 0.005040401 0.993666172 3.293318987
0.991680026 0.025019430 -0.126272738 0.081126004 -0.025558861 0.999669790 -0.002653293 -0.061255410 0.126164675 0.005858606 0.991991937 3.359572887
0.989809573 0.028294003 -0.139558241 0.070464581 -0.028710287 0.999587297 -0.000970139 -0.062750317 0.139473200 0.004967011 0.990213335 3.430551052
0.987857282 0.033136379 -0.151788756 0.058419824 -0.033205219 0.999446392 0.002081950 -0.063810445 0.151773691 0.002983509 0.988410711 3.498567820
0.985742509 0.036790557 -0.164189517 0.045225739 -0.036398701 0.999322772 0.005395588 -0.065098688 0.164276823 0.000657624 0.986414075 3.567440033
0.983442187 0.037369367 -0.177326992 0.034385204 -0.036822025 0.999301493 0.006377670 -0.066195354 0.177441448 0.000257469 0.984131336 3.634677649
0.980740726 0.039666280 -0.191243872 0.022828519 -0.039119918 0.999212563 0.006633176 -0.066631079 0.191356406 0.000976019 0.981520116 3.707416296
0.978476584 0.040956356 -0.202252761 0.005250692 -0.040393453 0.999159873 0.006911674 -0.067644715 0.202365950 0.001406777 0.979308903 3.769079208
0.975701809 0.042865928 -0.214868844 -0.010546625 -0.042041719 0.999080539 0.008406691 -0.067816868 0.215031639 0.000831033 0.976606667 3.837432623
0.972808897 0.042916823 -0.227598339 -0.026539028 -0.041511796 0.999077797 0.010958819 -0.068168812 0.227858782 -0.001212820 0.973693490 3.906207561
0.970019460 0.044958565 -0.238832518 -0.044693410 -0.042522930 0.998977661 0.015343571 -0.068887450 0.239278182 -0.004727707 0.970939457 3.969594002
0.966880143 0.044726171 -0.251281500 -0.062219501 -0.041974816 0.998985648 0.016301215 -0.069011301 0.251755714 -0.005213826 0.967776775 4.037589550
0.963848472 0.042937748 -0.262968302 -0.080513895 -0.039654661 0.999055147 0.017781973 -0.069963403 0.263483435 -0.006711206 0.964640558 4.103213787
0.960600495 0.042075109 -0.274729490 -0.100746155 -0.039177775 0.999103785 0.016027428 -0.070365615 0.275157690 -0.004632665 0.961387932 4.168866634
0.957297385 0.039746743 -0.286360145 -0.121270657 -0.037520617 0.999207914 0.013259077 -0.069769479 0.286660284 -0.001948469 0.958030343 4.237604618
0.953783929 0.038647853 -0.297997653 -0.142208576 -0.036683120 0.999252617 0.012185322 -0.070122898 0.298245877 -0.000690681 0.954488873 4.305103302
0.950458765 0.041191489 -0.308109432 -0.166431308 -0.039292496 0.999151230 0.012367757 -0.070157692 0.308357328 0.000351347 0.951270521 4.368911743
0.946837962 0.041839514 -0.318978518 -0.187965870 -0.039753020 0.999124408 0.013051693 -0.070737183 0.319245249 0.000322517 0.947672069 4.435369015
0.943333149 0.041719120 -0.329214394 -0.211239457 -0.040133078 0.999126911 0.011615022 -0.071153596 0.329411507 0.002255551 0.944183767 4.506000519
0.940392971 0.042199075 -0.337461621 -0.236422777 -0.041340515 0.999097705 0.009733464 -0.071656443 0.337567866 0.004797556 0.941288948 4.568615913
0.936872959 0.041634995 -0.347182244 -0.259797215 -0.041044354 0.999116302 0.009058217 -0.071890928 0.347252518 0.005763473 0.937753856 4.634219170
0.933646917 0.043046627 -0.355598807 -0.285866618 -0.042750977 0.999047935 0.008693295 -0.072450325 0.355634451 0.007085728 0.934598327 4.700446606
0.930634737 0.044507358 -0.363232881 -0.312936664 -0.043801900 0.998988271 0.010182900 -0.072859153 0.363318622 0.006433729 0.931642711 4.765856743
0.927518427 0.046078749 -0.370926231 -0.340226293 -0.044469148 0.998927474 0.012895774 -0.073299393 0.371122628 0.004533703 0.928572834 4.831418991
0.924439609 0.050448798 -0.377976984 -0.367611051 -0.048012782 0.998720586 0.015872238 -0.073614411 0.378294170 0.003474800 0.925678849 4.894034386
0.921239853 0.050844446 -0.385658026 -0.395516515 -0.048568252 0.998697340 0.015649080 -0.073289387 0.385951191 0.004314180 0.922509015 4.958105564
0.917897046 0.051911924 -0.393408477 -0.423835516 -0.049656726 0.998639524 0.015916113 -0.073753044 0.393699497 0.004926025 0.919225991 5.022014618
0.914500594 0.052716020 -0.401135623 -0.450544238 -0.050144564 0.998598695 0.016914278 -0.074466959 0.401465237 0.004646658 0.915862501 5.084022999
0.911689460 0.054726608 -0.407218754 -0.480219603 -0.051851414 0.998490691 0.018102337 -0.074167401 0.407594770 0.004611161 0.913151264 5.148930550
0.908664763 0.055547982 -0.413814753 -0.509353042 -0.051856805 0.998451114 0.020157509 -0.074678011 0.414293438 0.003142692 0.910137951 5.211747169
0.905772448 0.058142956 -0.419756651 -0.539174795 -0.053963665 0.998304069 0.021835381 -0.073989637 0.420314401 0.002873724 0.907373905 5.273549557
0.902793705 0.059318941 -0.425963253 -0.568987489 -0.053822778 0.998238981 0.024940204 -0.073814124 0.426692545 0.000410662 0.904396653 5.336256504
0.899916232 0.059927598 -0.431925416 -0.600219965 -0.054309852 0.998202503 0.025341328 -0.073578820 0.432667673 0.000652731 0.901553214 5.396118164
0.897032261 0.060280357 -0.437835217 -0.629866004 -0.055394087 0.998177588 0.023936467 -0.072606228 0.438480228 0.002781698 0.898736537 5.456006527
0.893481433 0.059426084 -0.445151210 -0.658573508 -0.055727340 0.998216450 0.021405676 -0.072589226 0.445629358 0.005681518 0.895199537 5.516450882
0.890718341 0.059580915 -0.450634122 -0.690223336 -0.057504818 0.998177290 0.018311365 -0.072031334 0.450903744 0.009603363 0.892520964 5.573635101
0.887350678 0.057860859 -0.457450420 -0.720738053 -0.056649946 0.998259723 0.016377307 -0.072481006 0.457601905 0.011382126 0.889084339 5.632620811
0.884138465 0.056106627 -0.463843942 -0.750879288 -0.055673018 0.998341739 0.014640569 -0.072569996 0.463896215 0.012879299 0.885795891 5.689191818
0.880211473 0.055640388 -0.471308619 -0.779695868 -0.056151457 0.998337746 0.012990939 -0.072866485 0.471248001 0.015029894 0.881872773 5.745514393
0.877067685 0.051248744 -0.477625221 -0.811685085 -0.053027254 0.998545289 0.009768530 -0.073718458 0.477430969 0.016759498 0.878509402 5.799453735
0.873138964 0.049245358 -0.484977663 -0.841313124 -0.053981934 0.998533070 0.004205124 -0.073909782 0.484473348 0.022508375 0.874516368 5.852368355
0.869285047 0.046394762 -0.492129207 -0.869524956 -0.055500824 0.998450994 -0.003907783 -0.077079773 0.491185546 0.030710556 0.870513380 5.904549599
0.866433978 0.042371631 -0.497490466 -0.900147676 -0.057509374 0.998230100 -0.015138856 -0.077246457 0.495968550 0.041727182 0.867337346 5.952391624
0.863543212 0.040788814 -0.502622664 -0.929011464 -0.061089080 0.997844160 -0.023978569 -0.077332675 0.500561118 0.051411279 0.864173293 5.999798775
0.861249506 0.039739382 -0.506626129 -0.956506491 -0.063301831 0.997562468 -0.029363170 -0.081487298 0.504224300 0.057359379 0.861665666 6.044406891
0.859148145 0.036409754 -0.510429919 -0.983416796 -0.063422590 0.997351289 -0.035609365 -0.083585858 0.507781327 0.062966511 0.859181762 6.089563370
0.857823908 0.033038430 -0.512880564 -1.009429812 -0.063836962 0.997053146 -0.042543627 -0.087931067 0.509963572 0.069235675 0.857405066 6.131644726
0.857066631 0.029619554 -0.514353335 -1.035706401 -0.064336933 0.996684372 -0.049809538 -0.090714023 0.511172593 0.075782001 0.856130600 6.174779892
0.857003927 0.026602490 -0.514622748 -1.061091900 -0.063088581 0.996570408 -0.053545836 -0.093525186 0.511433423 0.078355797 0.855743170 6.216033459
0.857904375 0.024037169 -0.513246834 -1.087388039 -0.058689162 0.996951759 -0.051409565 -0.097023189 0.510446548 0.074226514 0.856699884 6.257020950
0.859794080 0.022759385 -0.510133386 -1.111541271 -0.053789973 0.997484863 -0.046156868 -0.101327509 0.507799923 0.067125477 0.858855844 6.299591064
0.863310277 0.019888937 -0.504281461 -1.135575056 -0.049777348 0.997706592 -0.045867190 -0.103935301 0.502212644 0.064699411 0.862320364 6.342088699
0.868599296 0.018792385 -0.495158613 -1.159217477 -0.049047112 0.997633994 -0.048175186 -0.107646912 0.493081748 0.066131033 0.867465913 6.383361816
0.876564085 0.017612349 -0.480962932 -1.184038758 -0.047601275 0.997603059 -0.050223064 -0.110063076 0.478925467 0.066918187 0.875301301 6.425750256
0.886257827 0.016814260 -0.462887049 -1.206205010 -0.044715784 0.997779071 -0.049370144 -0.112835526 0.461028785 0.064453036 0.885041356 6.468159676
0.897280514 0.014463471 -0.441223830 -1.223115206 -0.037494358 0.998348594 -0.043522976 -0.114923537 0.439865679 0.055595722 0.896341085 6.510433674
0.910311103 0.016144112 -0.413609833 -1.241691470 -0.034060221 0.998771906 -0.035978634 -0.118345305 0.412521005 0.046839390 0.909743190 6.554022312
0.923925459 0.014990387 -0.382278889 -1.258302450 -0.029375922 0.999061763 -0.031821907 -0.119512454 0.381443143 0.040630862 0.923498929 6.597340584
0.937711298 0.016001657 -0.347046614 -1.273893237 -0.027494555 0.999223530 -0.028217312 -0.122803822 0.346325576 0.036001585 0.937423408 6.640237808
0.951177716 0.016234376 -0.308216631 -1.287716985 -0.025205757 0.999365926 -0.025148137 -0.125005230 0.307612896 0.031689178 0.950983763 6.683613300
0.963138163 0.016121265 -0.268523395 -1.297534943 -0.022794414 0.999503553 -0.021751957 -0.127196863 0.268039376 0.027070981 0.963027477 6.728341103
0.973775446 0.012926701 -0.227143675 -1.306839943 -0.017864242 0.999646425 -0.019695155 -0.128208473 0.226808742 0.023236411 0.973662019 6.772746563
0.982972383 0.012507972 -0.183327392 -1.314857364 -0.016153013 0.999700189 -0.018402835 -0.130584076 0.183042213 0.021050770 0.982879639 6.817581654
0.990321577 0.014551328 -0.138027281 -1.320108533 -0.017110806 0.999702632 -0.017374810 -0.132504642 0.137733400 0.019568410 0.990275979 6.861670971
0.995495737 0.016655883 -0.093332008 -1.322660804 -0.018396992 0.999671817 -0.017825743 -0.132570416 0.093004473 0.019462481 0.995475411 6.906957626
0.998759449 0.015548801 -0.047305323 -1.324330091 -0.016281281 0.999752820 -0.015138319 -0.134123772 0.047058247 0.015889730 0.998765707 6.953070641
0.999907434 0.013552279 -0.001239441 -1.324018359 -0.013563577 0.999861777 -0.009613182 -0.135724753 0.001108989 0.009629102 0.999953032 6.999754906
0.998935997 0.012987798 0.044252023 -1.319860458 -0.012693943 0.999895513 -0.006915079 -0.136683092 -0.044337191 0.006345985 0.998996437 7.045938969
0.995717883 0.017236415 0.090823002 -1.314903498 -0.016753249 0.999841154 -0.006079625 -0.138108149 -0.090913385 0.004532010 0.995848477 7.093052864
0.990520656 0.018526020 0.136108875 -1.306792378 -0.017833713 0.999821126 -0.006304120 -0.139387488 -0.136201307 0.003817034 0.990673840 7.138340473
0.983229995 0.016510399 0.181620762 -1.298648357 -0.015145703 0.999845743 -0.008898430 -0.139450461 -0.181739658 0.005998429 0.983328402 7.186778545
0.974239647 0.014196450 0.225067765 -1.285877824 -0.012585444 0.999883831 -0.008591024 -0.141589642 -0.225163579 0.005537137 0.974305332 7.232189178
0.963677824 0.009883883 0.266884387 -1.271738887 -0.007949089 0.999933660 -0.008328953 -0.142828941 -0.266949028 0.005904941 0.963692486 7.278344154
0.952049196 0.005700959 0.305892020 -1.255497456 -0.003892541 0.999971151 -0.006521595 -0.144867763 -0.305920362 0.005018181 0.952043891 7.324532986
0.939920247 0.001898362 0.341388792 -1.236468792 0.000723012 0.999971151 -0.007551159 -0.145352885 -0.341393292 0.007344314 0.939891994 7.370956421
0.927376807 -0.000034227 0.374128610 -1.217183352 0.003274180 0.999962330 -0.008024442 -0.147062391 -0.374114275 0.008666646 0.927342117 7.416677475
0.914810240 -0.004029426 0.403863758 -1.194880962 0.008854767 0.999909997 -0.010081043 -0.148538992 -0.403786838 0.012798362 0.914763689 7.464002132
0.902891219 -0.007214222 0.429808617 -1.171710968 0.014290093 0.999810278 -0.013237395 -0.149090856 -0.429631531 0.018093929 0.902822912 7.510280609
0.891960859 -0.011819425 0.451957971 -1.146937370 0.020700078 0.999677479 -0.014709434 -0.150701344 -0.451638401 0.022475803 0.891917884 7.556828499
0.882184803 -0.015196343 0.470658183 -1.120878458 0.025860857 0.999534309 -0.016200267 -0.152215004 -0.470192790 0.026463252 0.882166862 7.604150772
0.873691857 -0.016576950 0.486197233 -1.092980862 0.028212897 0.999463737 -0.016621480 -0.153304487 -0.485660940 0.028239084 0.873690963 7.651939392
0.865607858 -0.017614288 0.500412464 -1.064249992 0.030388728 0.999386847 -0.017388128 -0.154708207 -0.499799341 0.030258195 0.865612507 7.700851440
0.858013511 -0.017775958 0.513319373 -1.033966541 0.031424053 0.999345541 -0.017918559 -0.156683430 -0.512664914 0.031504944 0.858010590 7.749726295
0.850880444 -0.018306484 0.525040209 -1.002609491 0.032750811 0.999297202 -0.018233681 -0.158081919 -0.524337411 0.032710180 0.850882053 7.799115181
0.844165742 -0.018977759 0.535746276 -0.969684124 0.034822050 0.999203861 -0.019473648 -0.159742624 -0.534950197 0.035094768 0.844154477 7.849579811
0.838610351 -0.020487860 0.544346333 -0.936343193 0.036991511 0.999127507 -0.019383769 -0.161595196 -0.543474317 0.036391623 0.838636577 7.902680397
0.835633039 -0.022408044 0.548830807 -0.901894331 0.039577074 0.999026775 -0.019469900 -0.163325354 -0.547860384 0.037990808 0.835706711 7.955838680
0.835250974 -0.025440508 0.549280047 -0.867606640 0.042629380 0.998918593 -0.018557450 -0.165238023 -0.548213959 0.038915597 0.835432231 8.009562492
0.837797403 -0.027346434 0.545295954 -0.830530882 0.043860592 0.998887897 -0.017293848 -0.167182744 -0.544216633 0.038405742 0.838065147 8.064662933
0.840472043 -0.026152888 0.541223466 -0.795442343 0.041336171 0.999018490 -0.015917039 -0.169077143 -0.540275931 0.035749931 0.840728164 8.121146202
0.842389047 -0.022624796 0.538394570 -0.759457111 0.037326187 0.999168336 -0.016413968 -0.170960277 -0.537575364 0.033923164 0.842532992 8.178421021
0.843412876 -0.018647781 0.536942124 -0.724089622 0.033172790 0.999298155 -0.017401630 -0.172529876 -0.536240697 0.032488625 0.843439519 8.236312866
0.843924165 -0.018165793 0.536154807 -0.686302900 0.032881696 0.999298930 -0.017898936 -0.175097048 -0.535453737 0.032735020 0.843929946 8.297193527
0.844739735 -0.016963582 0.534908533 -0.649390936 0.031088037 0.999365151 -0.017402027 -0.176998794 -0.534273624 0.031329442 0.844730735 8.355637550
0.845600724 -0.016716082 0.533554018 -0.611455679 0.030826699 0.999370754 -0.017545579 -0.179436594 -0.532925069 0.031284261 0.845583916 8.416158676
0.846456707 -0.016632680 0.532197893 -0.573877573 0.031482615 0.999326646 -0.018841082 -0.181471735 -0.531526208 0.032703135 0.846410334 8.476409912
0.847414851 -0.015178605 0.530714452 -0.535035372 0.030158611 0.999353409 -0.019573733 -0.183169514 -0.530074120 0.032592680 0.847324610 8.540468216
0.848258853 -0.014192460 0.529391527 -0.496102571 0.028916452 0.999390841 -0.019540979 -0.185952216 -0.528791606 0.031883940 0.848152578 8.604071617
0.849131107 -0.013935464 0.527998209 -0.458332300 0.028953401 0.999376893 -0.020186534 -0.188936144 -0.527387917 0.032428361 0.849005520 8.666057587
0.850394011 -0.013382224 0.525976181 -0.417190790 0.030531257 0.999247074 -0.023939203 -0.191098988 -0.525259793 0.036416467 0.850162327 8.731818199
0.851536393 -0.009801256 0.524203718 -0.377914190 0.027520828 0.999282420 -0.026021877 -0.193809062 -0.523572564 0.036585093 0.851195216 8.796994209
0.853027761 -0.008431889 0.521797419 -0.336388350 0.028051062 0.999164820 -0.029711692 -0.197398424 -0.521111071 0.039981868 0.852551877 8.862893105
0.853894830 -0.007042176 0.520397902 -0.299780607 0.027256675 0.999141276 -0.031203452 -0.200589046 -0.519731343 0.040828787 0.853353620 8.927729607
0.854656756 -0.004127845 0.519176841 -0.261236906 0.024545418 0.999171555 -0.032461941 -0.204210818 -0.518612802 0.040487237 0.854050100 8.995281219
0.856076777 -0.004362469 0.516830146 -0.218689680 0.024206614 0.999205470 -0.031661704 -0.207874864 -0.516281486 0.039615557 0.855502367 9.064647675
0.857620955 -0.006179437 0.514245272 -0.179251671 0.024525339 0.999281704 -0.028893711 -0.212807700 -0.513697207 0.037391905 0.857156456 9.132013321
0.859114587 -0.008268976 0.511716664 -0.140215397 0.025772214 0.999299943 -0.027120668 -0.215940624 -0.511134088 0.036487833 0.858726144 9.199922562
0.861635566 -0.007892844 0.507466197 -0.098713875 0.024694167 0.999346793 -0.026385376 -0.219042391 -0.506926417 0.035266038 0.861267567 9.270133972
0.864955068 -0.009118821 0.501766503 -0.057777405 0.024365498 0.999418914 -0.023838863 -0.222223833 -0.501257420 0.032845337 0.864674628 9.337818146
0.867682874 -0.010016941 0.497017175 -0.020815849 0.023467066 0.999507725 -0.020824144 -0.226030231 -0.496563971 0.029732289 0.867490768 9.407215118
0.870962739 -0.009024432 0.491266161 0.018357277 0.022199715 0.999533117 -0.020996569 -0.228849947 -0.490847349 0.029193200 0.870756388 9.476890564
0.874826431 -0.007914089 0.484371841 0.057034016 0.021681797 0.999504209 -0.022828834 -0.231389388 -0.483950973 0.030473322 0.874564409 9.545319557
0.879066229 -0.009629856 0.476602376 0.093626261 0.024068136 0.999417484 -0.024198877 -0.233554006 -0.476091653 0.032743346 0.878785789 9.615798950
0.884510636 -0.012147885 0.466361851 0.134522915 0.026275571 0.999371290 -0.023802932 -0.239014804 -0.465779513 0.033307869 0.884273708 9.689607620
0.890681505 -0.013838482 0.454417199 0.171185970 0.028390359 0.999278784 -0.025215298 -0.243167445 -0.453740597 0.035359867 0.890431941 9.761705399
0.897555292 -0.016166063 0.440605521 0.207262516 0.031250216 0.999146819 -0.027000405 -0.246577814 -0.439793169 0.038003363 0.897294700 9.832633972
0.904172897 -0.015882907 0.426871300 0.238824606 0.030983200 0.999114871 -0.028451957 -0.250292748 -0.426041543 0.038951334 0.903864682 9.904115677
0.910996437 -0.015633201 0.412117690 0.273271084 0.030255806 0.999121904 -0.028980693 -0.252929389 -0.411302805 0.038870260 0.910669565 9.978786469
0.918033421 -0.014277316 0.396245837 0.305567265 0.028335515 0.999158621 -0.029647358 -0.256935000 -0.395489216 0.038445100 0.917665601 10.051603317
0.923811316 -0.008590772 0.382751495 0.335331917 0.022423400 0.999246001 -0.031693395 -0.259826332 -0.382190645 0.037861314 0.923307478 10.127184868
0.929245353 -0.009368429 0.369344383 0.364510298 0.022374136 0.999270618 -0.030945284 -0.264829040 -0.368785024 0.037019514 0.928777218 10.202767372
0.933799028 -0.008487960 0.357697040 0.392514944 0.019244704 0.999462962 -0.026523247 -0.268014401 -0.357279807 0.031651154 0.933460951 10.278741837
0.938386142 -0.006833672 0.345521003 0.419905901 0.016229080 0.999572814 -0.024306454 -0.270897388 -0.345207363 0.028416332 0.938096166 10.355744362
0.942861557 -0.006378776 0.333123535 0.446458101 0.015502801 0.999573767 -0.024738388 -0.274708360 -0.332823634 0.028489225 0.942558646 10.432355881
0.947046340 -0.008758342 0.320977300 0.472466469 0.018217729 0.999483347 -0.026479194 -0.278255284 -0.320579469 0.030924505 0.946716666 10.510106087
0.951139390 -0.006603261 0.308691084 0.498472929 0.015779587 0.999504387 -0.027239528 -0.281815261 -0.308358163 0.030779604 0.950772285 10.589905739
0.954754472 -0.005150923 0.297350496 0.520246506 0.014259463 0.999492884 -0.028471362 -0.285352945 -0.297053069 0.031423219 0.954343796 10.666345596
0.958489239 -0.004215817 0.285097480 0.543141603 0.013584325 0.999430418 -0.030891242 -0.288802147 -0.284804821 0.033481780 0.958000660 10.746087074
0.961870492 -0.005363433 0.273452640 0.565753222 0.014760790 0.999368548 -0.032319762 -0.293480515 -0.273106635 0.035123795 0.961342335 10.824785233
0.965117693 -0.006320743 0.261740118 0.588029623 0.015384647 0.999350250 -0.032594778 -0.297550887 -0.261363983 0.035484571 0.964587748 10.905723572
0.967643321 -0.008883955 0.252165854 0.608986378 0.017282741 0.999366522 -0.031111272 -0.301031590 -0.251729667 0.034462728 0.967183769 10.987098694
0.969752491 -0.012096908 0.243790269 0.629858971 0.019595180 0.999405801 -0.028355349 -0.305111974 -0.243302360 0.032274783 0.969413340 11.067744255
0.971306682 -0.012015921 0.237526685 0.649640203 0.019458842 0.999389529 -0.029015331 -0.308490813 -0.237033010 0.032804780 0.970947623 11.149466515
0.972483099 -0.012047485 0.232661620 0.668817997 0.019313704 0.999393463 -0.028978020 -0.312028944 -0.232171416 0.032674193 0.972125947 11.232343674
0.972979546 -0.011502787 0.230604276 0.686175346 0.018120343 0.999481976 -0.026599228 -0.316690773 -0.230178833 0.030059133 0.972684026 11.314640045
0.973546505 -0.009130427 0.228306562 0.707108855 0.015704393 0.999512196 -0.026994335 -0.319724441 -0.227948755 0.029865650 0.973214984 11.400907516
0.973973691 -0.007997906 0.226519808 0.726412177 0.014614107 0.999513626 -0.027546117 -0.324670166 -0.226189330 0.030139575 0.973617017 11.484491348
0.974314690 -0.005641176 0.225119993 0.745948911 0.012670850 0.999475718 -0.029793790 -0.327124208 -0.224833921 0.031880986 0.973875344 11.568441391
0.974757671 -0.007728701 0.223131418 0.763504148 0.014681078 0.999456406 -0.029516211 -0.332281172 -0.222782016 0.032046963 0.974341333 11.651998520
0.975640595 -0.008064742 0.219226733 0.784193516 0.015050005 0.999430120 -0.030211875 -0.335311323 -0.218858153 0.032775294 0.975206077 11.739005089
0.976410568 -0.011995136 0.215589032 0.803513527 0.018202309 0.999474227 -0.026829261 -0.340100139 -0.215153873 0.030120594 0.976115465 11.824689865
0.976859868 -0.015289228 0.213333055 0.819893599 0.021325901 0.999433935 -0.026024316 -0.342222303 -0.212814376 0.029971633 0.976632833 11.909151077
0.977188468 -0.018345889 0.211580232 0.836315751 0.024855794 0.999294639 -0.028149353 -0.346510977 -0.210914537 0.032766208 0.976955175 11.994308472
0.977658033 -0.017555937 0.209467620 0.853676319 0.025105489 0.999125421 -0.033437125 -0.349629432 -0.208697438 0.037948858 0.977243721 12.079878807
0.978217125 -0.019338511 0.206681520 0.875142217 0.027019186 0.999042690 -0.034403812 -0.353987247 -0.205818340 0.039238762 0.977803230 12.168564796
0.978197277 -0.019154761 0.206792355 0.892707705 0.026324477 0.999141932 -0.031975102 -0.357850879 -0.206002444 0.036721647 0.977862239 12.256628990
0.978446484 -0.020064980 0.205523461 0.911650419 0.026127484 0.999298632 -0.026826313 -0.362172037 -0.204841048 0.031617925 0.978284359 12.345628738
0.978286326 -0.024863934 0.205761373 0.930005670 0.030034879 0.999305725 -0.022045126 -0.365792334 -0.205070406 0.027746465 0.978353858 12.434679985
0.978368223 -0.029726867 0.204724103 0.950525999 0.034843918 0.999162853 -0.021434683 -0.368841231 -0.203915536 0.028104398 0.978585005 12.524090767
0.978181064 -0.033652764 0.205010206 0.970090628 0.039321981 0.998946905 -0.023641268 -0.372127563 -0.203998685 0.031186853 0.978474259 12.614272118
0.977846324 -0.036783509 0.206066787 0.988071561 0.043119609 0.998722613 -0.026340183 -0.375676036 -0.204834655 0.034642164 0.978183329 12.702310562
0.977710009 -0.037248556 0.206629425 1.007982612 0.043752629 0.998677552 -0.026995590 -0.378798008 -0.205350652 0.035434447 0.978046715 12.793267250
0.977463663 -0.035419341 0.208110705 1.026661873 0.041566078 0.998816967 -0.025236037 -0.382408738 -0.206970662 0.033317655 0.977779686 12.884531021
0.976677060 -0.030603269 0.212521344 1.042343736 0.036751490 0.999010623 -0.025039082 -0.385694265 -0.211544842 0.032265577 0.976835549 12.973433495
0.976277947 -0.024333039 0.215149209 1.062807679 0.030363489 0.999232054 -0.024768189 -0.389020503 -0.214381263 0.030713320 0.976267040 13.066263199
0.974911511 -0.018938556 0.221785739 1.080814958 0.024699541 0.999424994 -0.023230527 -0.392324924 -0.221218258 0.028125715 0.974818647 13.158307076
0.973711908 -0.012851645 0.227420375 1.102003574 0.018543070 0.999565601 -0.022907119 -0.395140082 -0.227027193 0.026522007 0.973527133 13.250492096
0.972128093 -0.008030766 0.234312773 1.122200370 0.014088146 0.999608099 -0.024189308 -0.399471551 -0.234026715 0.026816139 0.971860290 13.341868401
0.970127881 -0.004009035 0.242560804 1.143111706 0.010815674 0.999583960 -0.026736472 -0.403684616 -0.242352679 0.028561261 0.969767749 13.433784485
0.968236208 -0.002620863 0.250023633 1.166339397 0.009968917 0.999554574 -0.028127624 -0.406631231 -0.249838561 0.029726651 0.967831075 13.525457382
0.966166198 -0.004826883 0.257875323 1.190265179 0.012162428 0.999565244 -0.026858486 -0.410265535 -0.257633567 0.029086150 0.965804875 13.618207932
0.963830233 -0.009717649 0.266339630 1.214973211 0.016335968 0.999610066 -0.022644913 -0.414038986 -0.266015738 0.026176769 0.963613212 13.711279869
0.961587608 -0.014581680 0.274110526 1.242665052 0.021611245 0.999509990 -0.022642577 -0.417664260 -0.273646116 0.027696697 0.961431623 13.803276062
0.959093571 -0.020000251 0.282381862 1.269933939 0.027995700 0.999312401 -0.024307499 -0.421122551 -0.281701565 0.031218646 0.958994031 13.895835876
0.956722915 -0.023182897 0.290075481 1.297994852 0.032989629 0.999035954 -0.028962761 -0.425092191 -0.289124399 0.037278824 0.956565440 13.988146782
0.955035448 -0.022695351 0.295621693 1.328473330 0.033125397 0.998991191 -0.030320765 -0.429030538 -0.294635266 0.038749985 0.954823792 14.079005241
0.952684283 -0.025431281 0.302895963 1.357579708 0.035120100 0.999029517 -0.026582591 -0.432874978 -0.301926017 0.035962552 0.952652693 14.171941757
0.950494528 -0.025101528 0.309725672 1.390259981 0.033689234 0.999181092 -0.022408435 -0.435936570 -0.308909595 0.031733517 0.950561881 14.266832352
0.948459685 -0.029757012 0.315497518 1.421600819 0.037218254 0.999151230 -0.017649127 -0.438724667 -0.314704567 0.028481748 0.948762357 14.360093117
0.946497142 -0.036266733 0.320668012 1.452092648 0.043922469 0.998895884 -0.016670836 -0.442521155 -0.319709331 0.029863426 0.947044969 14.452415466
0.945584416 -0.037931714 0.323158383 1.484642982 0.046794239 0.998710275 -0.019696547 -0.447192967 -0.321994483 0.033746693 0.946139872 14.546369553
0.944606423 -0.039594505 0.325808316 1.517105341 0.050181616 0.998448074 -0.024151677 -0.449747413 -0.324346423 0.039163418 0.945127249 14.640321732
0.944099784 -0.033532433 0.327950299 1.546941042 0.043475006 0.998789012 -0.023030655 -0.454666197 -0.326780826 0.036000870 0.944414377 14.731704712
0.943301141 -0.030803738 0.330505639 1.576957464 0.040831339 0.998891115 -0.023438854 -0.457962811 -0.329417199 0.035604890 0.943512917 14.825029373
0.943141460 -0.025504503 0.331412017 1.609842062 0.034808788 0.999148071 -0.022168254 -0.461712360 -0.330564260 0.032443855 0.943225682 14.917616844
0.942625880 -0.026926979 0.332763225 1.642432928 0.036202807 0.999108732 -0.021705298 -0.465449691 -0.331882238 0.032506939 0.942760587 15.010944366
0.942452312 -0.026092283 0.333321065 1.675028086 0.034178820 0.999246001 -0.018418573 -0.469172060 -0.332589149 0.028751152 0.942633450 15.105550766
0.942360878 -0.027997153 0.333424747 1.707607985 0.035880573 0.999202728 -0.017508067 -0.472365409 -0.332668751 0.028462393 0.942614138 15.198877335
0.943004370 -0.026406776 0.331730723 1.742854118 0.034055516 0.999270856 -0.017263943 -0.476755977 -0.331032962 0.027577236 0.943216145 15.290552139
0.942587733 -0.025625760 0.332974046 1.773860693 0.033522781 0.999275923 -0.017992234 -0.479961395 -0.332271934 0.028121473 0.942764282 15.386031151
0.942510903 -0.023549296 0.333344579 1.806335926 0.031408798 0.999340773 -0.018207487 -0.483161628 -0.332696021 0.027630711 0.942629278 15.480826378
0.942649364 -0.020978957 0.333124757 1.840726137 0.028423339 0.999442995 -0.017488865 -0.486822307 -0.332572281 0.025954390 0.942720532 15.576592445
0.941850960 -0.021366861 0.335350960 1.872921705 0.028025588 0.999494195 -0.015028650 -0.491277039 -0.334860146 0.023553155 0.941973388 15.670781136
0.941215158 -0.021960709 0.337092876 1.907560349 0.028306039 0.999502301 -0.013919880 -0.493573904 -0.336619437 0.022643371 0.941368461 15.768310547
0.940800250 -0.025237372 0.338020444 1.942074060 0.032178719 0.999370337 -0.014946633 -0.496413231 -0.337430418 0.024938865 0.941020012 15.863685608
0.940091074 -0.024005387 0.340076983 1.976839542 0.031069905 0.999399483 -0.015342322 -0.500595808 -0.339504451 0.024989342 0.940272450 15.961702347
0.939430356 -0.023036936 0.341964781 2.009886980 0.030451287 0.999402881 -0.016328227 -0.503202796 -0.341384470 0.025752496 0.939570785 16.055440903
0.939465225 -0.021901527 0.341943413 2.047376871 0.028736200 0.999475479 -0.014934118 -0.508201003 -0.341436923 0.023856234 0.939601898 16.157508850
0.939040363 -0.018417832 0.343313217 2.081724167 0.024615694 0.999603093 -0.013703549 -0.510625243 -0.342924565 0.021319080 0.939121068 16.256734848
0.939943612 -0.022020971 0.340618640 2.120218277 0.028294707 0.999508977 -0.013461585 -0.513541698 -0.340154946 0.022290835 0.940105140 16.354404449
0.940403998 -0.025023704 0.339137256 2.154268503 0.031163704 0.999434054 -0.012670191 -0.517784238 -0.338628203 0.022483872 0.940651596 16.447893143
0.939444780 -0.023801966 0.341872752 2.188032150 0.030981841 0.999398828 -0.015555707 -0.520077229 -0.341297001 0.025205571 0.939617515 16.555154800
0.940192819 -0.024638554 0.339750230 2.222945929 0.031551469 0.999392033 -0.014837064 -0.524979472 -0.339178115 0.024669321 0.940398693 16.648641586
0.939428926 -0.022259625 0.342019945 2.258188725 0.029473631 0.999439061 -0.015909165 -0.526594698 -0.341473877 0.025026103 0.939557970 16.756891251
0.939402401 -0.020257358 0.342217386 2.294625759 0.027196364 0.999510109 -0.015489858 -0.529238343 -0.341735959 0.023858275 0.939493239 16.859874725
0.939736009 -0.021127552 0.341247410 2.330197096 0.027712338 0.999511838 -0.014432480 -0.533569455 -0.340775847 0.023019485 0.939862728 16.957801819
0.939394236 -0.020693591 0.342213809 2.366224766 0.027546128 0.999505281 -0.015175652 -0.536902308 -0.341730475 0.023682587 0.939499557 17.062313080
0.939248145 -0.021881968 0.342540622 2.402322054 0.029286684 0.999435544 -0.016458929 -0.540230036 -0.341987073 0.025490902 0.939358830 17.164194107
0.939466298 -0.021029085 0.341995269 2.439513922 0.028996911 0.999413729 -0.018201618 -0.543176234 -0.341412038 0.027016614 0.939525366 17.266883850
0.939185381 -0.022731353 0.342657357 2.476293802 0.030252347 0.999404132 -0.016619379 -0.548721671 -0.342075408 0.025974870 0.939313412 17.370592117
0.939388156 -0.024055991 0.342010438 2.514367342 0.031197043 0.999394655 -0.015393408 -0.552862167 -0.341433018 0.025130099 0.939570069 17.474124908
0.938874722 -0.025439499 0.343317896 2.549870253 0.032353971 0.999372303 -0.014426255 -0.556370795 -0.342735410 0.024652140 0.939108431 17.577987671
0.939199865 -0.026992876 0.342308283 2.589901447 0.033920676 0.999322593 -0.014266956 -0.559534669 -0.341691315 0.025010848 0.939479351 17.682981491
0.938164294 -0.031112038 0.344789386 2.625617981 0.038132660 0.999180198 -0.013597213 -0.563449800 -0.344083637 0.025904156 0.938581586 17.787319183
0.938788116 -0.031557184 0.343046635 2.666719913 0.039380528 0.999098361 -0.015861543 -0.567463756 -0.342236817 0.028399985 0.939184427 17.894077301
0.938494742 -0.032841802 0.343728095 2.704988480 0.041540224 0.998975158 -0.017970983 -0.571050525 -0.342785597 0.031144215 0.938897252 17.999488831
0.938131690 -0.034227580 0.344582558 2.744062185 0.042720381 0.998941004 -0.017081589 -0.575028539 -0.343632996 0.030745480 0.938600540 18.105255127
0.937476218 -0.031306848 0.346638471 2.780671120 0.039545964 0.999077857 -0.016718900 -0.579052925 -0.345795453 0.029381722 0.937849700 18.210277557
0.936435044 -0.028280914 0.349699289 2.819379807 0.036211602 0.999213457 -0.016160006 -0.582316279 -0.348967165 0.027795967 0.936722636 18.317493439
0.935499609 -0.025088361 0.352436006 2.859154463 0.032190073 0.999379396 -0.014303329 -0.585712790 -0.351858407 0.024725694 0.935726583 18.425287247
0.934442818 -0.027439838 0.355054408 2.898817062 0.033791553 0.999360442 -0.011699579 -0.589465916 -0.354506284 0.022930427 0.934772432 18.531513214
0.933683395 -0.026857158 0.357091099 2.938719273 0.033198494 0.999381006 -0.011639446 -0.592778683 -0.356557459 0.022722438 0.933997154 18.640506744
0.932944357 -0.025379233 0.359124899 2.979405642 0.033029001 0.999339223 -0.015180691 -0.596321106 -0.358502269 0.026024280 0.933166027 18.744031906
0.932321012 -0.022634115 0.360922873 3.017928839 0.030487785 0.999405801 -0.016080273 -0.600162864 -0.360344440 0.025995711 0.932457030 18.849250793
0.931978643 -0.022751182 0.361798555 3.060756922 0.030937750 0.999379218 -0.016849875 -0.604084551 -0.361190617 0.026896959 0.932103992 18.955791473
0.931479514 -0.024656594 0.362957180 3.101280928 0.032715727 0.999335408 -0.016073028 -0.606174946 -0.362319708 0.026846105 0.931667149 19.062356949
0.930928230 -0.028224207 0.364109844 3.142686605 0.035590038 0.999274850 -0.013534446 -0.608546495 -0.363463908 0.025558282 0.931257606 19.170543671
0.930529833 -0.030145915 0.364973038 3.184192181 0.037431616 0.999215961 -0.012902208 -0.610808015 -0.364297867 0.025667420 0.930928767 19.276943207
0.930044413 -0.032159060 0.366036892 3.225337505 0.039938975 0.999108195 -0.013699824 -0.612880528 -0.365269899 0.027360586 0.930499494 19.380950928
0.930146992 -0.034599718 0.365553886 3.268301010 0.042230476 0.999024630 -0.012897086 -0.617018521 -0.364751130 0.027433701 0.930700839 19.489162445
0.929927647 -0.036621585 0.365914524 3.311509132 0.043309081 0.999010801 -0.010081462 -0.622463822 -0.365183383 0.025222449 0.930593967 19.596269608
