0.999996483 -0.002136296 -0.001578924 0.000104841 0.002140472 0.999994218 0.002647735 -0.000582143 0.001573259 -0.002651105 0.999995232 0.056410734
0.999994099 -0.002523849 -0.002341058 -0.000971094 0.002532563 0.999989867 0.003726674 -0.001545401 0.002331628 -0.003732580 0.999990344 0.116338879
0.999990463 -0.001580504 -0.004055049 -0.001233679 0.001594549 0.999992728 0.003462880 -0.001973827 0.004049546 -0.003469312 0.999985754 0.166665509
0.999984145 -0.000671127 -0.005592865 -0.001789921 0.000689982 0.999994099 0.003370116 -0.002621928 0.005590571 -0.003373922 0.999978602 0.221828386
0.999977410 -0.000779500 -0.006680646 -0.002510389 0.000802415 0.999993801 0.003428016 -0.003196999 0.006677932 -0.003433299 0.999971747 0.276705384
0.999962032 -0.001081708 -0.008641234 -0.003123689 0.001115887 0.999991596 0.003951584 -0.003870114 0.008636887 -0.003961076 0.999954879 0.331651181
0.999953866 -0.002866358 -0.009172235 -0.004636234 0.002901892 0.999988317 0.003863119 -0.004918768 0.009161053 -0.003889557 0.999950528 0.388058841
0.999924660 -0.003999211 -0.011607270 -0.004725604 0.004040383 0.999985576 0.003525706 -0.005228726 0.011593001 -0.003572338 0.999926388 0.441211224
0.999905527 -0.003879934 -0.013191496 -0.005250467 0.003931832 0.999984682 0.003910490 -0.006013194 0.013176121 -0.003961987 0.999905288 0.497478932
0.999893665 -0.002997431 -0.014270565 -0.006549394 0.003049462 0.999988914 0.003625650 -0.006407667 0.014259537 -0.003668783 0.999891579 0.550133526
0.999899685 -0.000991077 -0.014128614 -0.007878594 0.001042632 0.999992907 0.003642046 -0.006867057 0.014124904 -0.003656411 0.999893546 0.605521381
0.999882281 -0.000563282 -0.015334508 -0.008622528 0.000633843 0.999989212 0.004596981 -0.007281586 0.015331754 -0.004606161 0.999871790 0.658689380
0.999871194 0.000656349 -0.016033905 -0.009816791 -0.000562689 0.999982774 0.005845213 -0.007874592 0.016037462 -0.005835438 0.999854386 0.714825571
0.999866128 0.000866972 -0.016339174 -0.010673042 -0.000780566 0.999985695 0.005293889 -0.008075726 0.016343530 -0.005280428 0.999852479 0.768345296
0.999879956 0.001607069 -0.015407611 -0.012768514 -0.001517858 0.999981999 0.005800017 -0.009017464 0.015416656 -0.005775935 0.999864459 0.820790350
0.999856293 0.001992647 -0.016835965 -0.013059509 -0.001892233 0.999980330 0.005978057 -0.009006483 0.016847549 -0.005945340 0.999840319 0.876344979
0.999855578 0.002888211 -0.016749285 -0.014157335 -0.002770341 0.999971271 0.007056290 -0.009356493 0.016769184 -0.007008870 0.999834776 0.930170596
0.999861598 0.003129357 -0.016335307 -0.015555727 -0.003034373 0.999978364 0.005836265 -0.009911870 0.016353214 -0.005785891 0.999849558 0.982631564
0.999864459 0.003946472 -0.015980005 -0.016991375 -0.003889129 0.999985933 0.003617958 -0.010372107 0.015994055 -0.003555320 0.999865830 1.035467744
0.999879241 0.001871452 -0.015423455 -0.018235300 -0.001827637 0.999994278 0.002854437 -0.010393594 0.015428708 -0.002825904 0.999876976 1.089195251
0.999874949 0.001557368 -0.015736774 -0.018761981 -0.001460194 0.999979794 0.006184555 -0.011429738 0.015746089 -0.006160803 0.999857068 1.140963912
0.999885917 0.000214288 -0.015105485 -0.020779705 -0.000100503 0.999971628 0.007533049 -0.011864168 0.015106671 -0.007530672 0.999857605 1.193528771
0.999891341 0.000356304 -0.014736066 -0.021998165 -0.000258249 0.999977827 0.006655452 -0.012131250 0.014738111 -0.006650923 0.999869287 1.245153308
0.999889195 -0.000261839 -0.014884051 -0.021511689 0.000331586 0.999988973 0.004683754 -0.012625588 0.014882660 -0.004688171 0.999878168 1.295854092
0.999892056 0.000787291 -0.014674855 -0.022949848 -0.000724566 0.999990582 0.004279168 -0.013378626 0.014678087 -0.004268073 0.999883115 1.346335292
0.999907494 0.001208138 -0.013549321 -0.023623027 -0.001168660 0.999994993 0.002921146 -0.013459546 0.013552786 -0.002905042 0.999903858 1.397257090
0.999922037 0.003304864 -0.012036459 -0.024715960 -0.003255626 0.999986291 0.004108029 -0.014094996 0.012049869 -0.004068523 0.999919116 1.443196416
0.999940038 0.001743997 -0.010808306 -0.025198467 -0.001681840 0.999981999 0.005757293 -0.014771271 0.010818151 -0.005738770 0.999925017 1.491796374
0.999957204 0.001257437 -0.009166546 -0.025757041 -0.001190563 0.999972701 0.007297205 -0.015703531 0.009175469 -0.007285979 0.999931395 1.539425492
0.999972403 0.003237240 -0.006686719 -0.026532182 -0.003184211 0.999963522 0.007925981 -0.015840756 0.006712133 -0.007904470 0.999946237 1.585906267
0.999985695 0.004248507 -0.003245955 -0.026827430 -0.004222710 0.999959826 0.007913546 -0.016979408 0.003279445 -0.007899725 0.999963462 1.631045461
0.999997675 0.002156785 0.000091295 -0.027350774 -0.002157229 0.999984324 0.005176315 -0.017008580 -0.000080130 -0.005176499 0.999986649 1.676666498
0.999992371 0.001934062 0.003368449 -0.027054671 -0.001946885 0.999990880 0.003807910 -0.017286373 -0.003361054 -0.003814440 0.999987066 1.720957875
0.999965787 0.001855828 0.008053865 -0.027424885 -0.001889821 0.999989390 0.004215191 -0.017907448 -0.008045956 -0.004230268 0.999958694 1.765337944
0.999913216 0.002561997 0.012917405 -0.027253324 -0.002620441 0.999986410 0.004509562 -0.018550318 -0.012905677 -0.004543020 0.999906361 1.808432817
0.999796748 0.003960270 0.019767247 -0.026318416 -0.004013428 0.999988437 0.002650166 -0.018477496 -0.019756528 -0.002728961 0.999801099 1.853893042
0.999608457 0.005436399 0.027445465 -0.025950972 -0.005514709 0.999980867 0.002778434 -0.019023472 -0.027429838 -0.002928701 0.999619365 1.897109270
0.999344230 0.006225859 0.035668068 -0.024146907 -0.006363912 0.999972701 0.003758268 -0.019956160 -0.035643697 -0.003982793 0.999356508 1.941027284
0.998890936 0.008501365 0.046310470 -0.023609214 -0.008725210 0.999951184 0.004633544 -0.020603262 -0.046268821 -0.005032473 0.998916328 1.982488275
0.998203874 0.010465681 0.058987297 -0.021247514 -0.010730448 0.999933660 0.004173561 -0.020521075 -0.058939699 -0.004799025 0.998250008 2.021851063
0.997149289 0.012799704 0.074361891 -0.018312767 -0.013163039 0.999903679 0.004397939 -0.020819720 -0.074298434 -0.005364229 0.997221589 2.070198536
0.995790362 0.015057163 0.090415537 -0.014962897 -0.015617959 0.999862909 0.005498085 -0.021041168 -0.090320364 -0.006887046 0.995889008 2.107852697
0.993995905 0.015391836 0.108329363 -0.011725023 -0.016172139 0.999849200 0.006328125 -0.021578018 -0.108215615 -0.008042049 0.994094908 2.146496058
0.991710603 0.015745381 0.127523333 -0.007276088 -0.016575754 0.999847770 0.005452863 -0.021605354 -0.127418041 -0.007521456 0.991820693 2.183626175
0.988932014 0.014031180 0.147704378 -0.001454145 -0.014833311 0.999880612 0.004330483 -0.021997865 -0.147625983 -0.006473498 0.989022076 2.223220587
0.985653698 0.011974726 0.168355376 0.004335344 -0.012793859 0.999911010 0.003781599 -0.021811083 -0.168295115 -0.005881262 0.985719085 2.259127617
0.981643021 0.006593068 0.190613642 0.011602014 -0.007737381 0.999956191 0.005259675 -0.021738786 -0.190570608 -0.006637972 0.981651068 2.298198462
0.977003753 0.001899568 0.213213027 0.020060390 -0.003517251 0.999967813 0.007208102 -0.022663275 -0.213192478 -0.007792267 0.976979136 2.334501743
0.971427023 -0.002543089 0.237324446 0.028858840 0.001000828 0.999977648 0.006618787 -0.022818252 -0.237335965 -0.006192148 0.971407890 2.371471405
0.965117812 -0.009589089 0.261640251 0.038790584 0.008678968 0.999951601 0.004633836 -0.023292821 -0.261672020 -0.002201431 0.965154290 2.405476570
0.957445204 -0.012332231 0.288351417 0.049539626 0.011328233 0.999922574 0.005150347 -0.023420490 -0.288392544 -0.001664663 0.957510769 2.442026854
0.948850274 -0.014561430 0.315390736 0.060616970 0.012916830 0.999889970 0.007304241 -0.023657244 -0.315462381 -0.002856781 0.948933780 2.475701571
0.938947916 -0.019347304 0.343515158 0.072595239 0.016892841 0.999805987 0.010136536 -0.023973661 -0.343644619 -0.003714732 0.939092457 2.509723425
0.928310454 -0.022602238 0.371118367 0.086960495 0.020462910 0.999743521 0.009701778 -0.024388878 -0.371242434 -0.001412100 0.928534806 2.542495489
0.916319549 -0.021908624 0.399848282 0.101028562 0.021321146 0.999755144 0.005917946 -0.024747586 -0.399880022 0.003102495 0.916562080 2.573934555
0.903164744 -0.023211215 0.428666234 0.116226256 0.025571454 0.999672890 0.000252853 -0.024863711 -0.428531945 0.010733252 0.903462827 2.605987072
0.889098406 -0.025057150 0.457029700 0.131390154 0.029390046 0.999565184 -0.002372688 -0.024947293 -0.456771612 0.015541678 0.889448166 2.635009527
0.872939765 -0.026016647 0.487133771 0.148306131 0.028826013 0.999582946 0.001729337 -0.026531406 -0.486975670 0.012532519 0.873325646 2.667804003
0.855336666 -0.025224287 0.517458320 0.166279197 0.025023341 0.999659657 0.007367405 -0.026768738 -0.517468035 0.006646924 0.855676770 2.696895599
0.835343957 -0.024853367 0.549165666 0.185065985 0.022662533 0.999685168 0.010770030 -0.026879137 -0.549260437 0.003448805 0.835644186 2.726963758
0.813541830 -0.018297259 0.581218660 0.203657508 0.018803982 0.999809861 0.005154611 -0.026349006 -0.581202388 0.006735732 0.813731194 2.755344391
0.791669905 -0.011909717 0.610832989 0.223778963 0.016349820 0.999864817 -0.001695311 -0.027240880 -0.610730231 0.011329135 0.791757643 2.781832933
0.768720329 -0.009260137 0.639518082 0.245009780 0.015273166 0.999875784 -0.003880743 -0.027608335 -0.639402628 0.012750672 0.768766224 2.808808804
0.745737016 -0.012021465 0.666131854 0.267982364 0.016677650 0.999860644 -0.000626529 -0.028009010 -0.666031539 0.011576740 0.745833635 2.833356380
0.721133113 -0.012240076 0.692688346 0.290526986 0.016865566 0.999857783 0.000109744 -0.028771371 -0.692591190 0.011603443 0.721237004 2.857120514
0.695990145 -0.010155814 0.717979372 0.314241529 0.017701456 0.999838769 -0.003016612 -0.029060669 -0.717832863 0.014808812 0.696057796 2.879760265
0.669763088 -0.007989311 0.742531776 0.338589430 0.017944455 0.999824286 -0.005428225 -0.029622050 -0.742357850 0.016959954 0.669788897 2.901565552
0.642565906 -0.005766171 0.766208768 0.364270091 0.016013397 0.999854326 -0.005904830 -0.030610241 -0.766063094 0.016063849 0.642564595 2.923759937
0.614124179 -0.004178087 0.789198458 0.390160561 0.016073316 0.999844790 -0.007214378 -0.031117611 -0.789045691 0.017115558 0.614096105 2.944646835
0.585608065 0.002452461 0.810590625 0.417686939 0.014970690 0.999792159 -0.013840409 -0.031604372 -0.810456097 0.020240158 0.585449517 2.964313507
0.555379987 0.011961410 0.831510723 0.445061684 0.014208422 0.999614120 -0.023869649 -0.031935047 -0.831475258 0.025071176 0.554995835 2.983040810
0.524202347 0.020195333 0.851354301 0.473915577 0.012657858 0.999423563 -0.031501539 -0.033578947 -0.851499617 0.027289500 0.523644328 3.001373053
0.492455244 0.025033336 0.869977653 0.503888130 0.010099349 0.999354601 -0.034472905 -0.034989964 -0.870279253 0.025762569 0.491884440 3.018509865
0.460285604 0.024617774 0.887429476 0.534806728 0.008397860 0.999450028 -0.032081030 -0.036119945 -0.887731135 0.022218945 0.459825665 3.034378290
0.426156878 0.023337202 0.904348135 0.565184593 0.003858618 0.999611199 -0.027613815 -0.037580799 -0.904641032 0.015257354 0.425901175 3.050295591
0.392480463 0.024435181 0.919435620 0.597253323 0.000474023 0.999641597 -0.026769098 -0.038538925 -0.919760227 0.010942184 0.392328173 3.063388824
0.356649965 0.027652118 0.933828771 0.629429340 -0.006513927 0.999611199 -0.027112223 -0.039751209 -0.934215367 0.003586682 0.356691420 3.077065945
0.320660025 0.029258972 0.946742475 0.662514865 -0.011095587 0.999570251 -0.027133562 -0.041039780 -0.947129309 -0.001804015 0.320846915 3.088708401
0.284390360 0.029190948 0.958264053 0.696290076 -0.013789067 0.999557495 -0.026356574 -0.041890129 -0.958609402 -0.005718011 0.284667015 3.099474907
0.248333842 0.028536906 0.968254030 0.730753422 -0.014478423 0.999563634 -0.025746314 -0.043230426 -0.968566298 -0.007625111 0.248638555 3.108179569
0.212332264 0.027826579 0.976801217 0.765021205 -0.013594329 0.999581814 -0.025520472 -0.044823106 -0.977102995 -0.007860139 0.212621734 3.115785122
0.176914617 0.026801476 0.983861148 0.800868094 -0.011006289 0.999620497 -0.025251664 -0.045458063 -0.984164596 -0.006361274 0.177142441 3.122644901
0.142320842 0.026180549 0.989474237 0.837097883 -0.002775968 0.999656737 -0.026050689 -0.046627037 -0.989816606 0.000960806 0.142344654 3.127822638
0.108953193 0.028994858 0.993623912 0.872646153 -0.000258415 0.999575377 -0.029140189 -0.048279524 -0.994046867 0.002918148 0.108914420 3.131160498
0.075844787 0.034153115 0.996534586 0.909597754 0.000404849 0.999412060 -0.034282558 -0.049648397 -0.997119546 0.003003598 0.075786389 3.134539604
0.046639159 0.037724454 0.998199284 0.946224570 0.008007814 0.999240398 -0.038137965 -0.051332809 -0.998879731 0.009772115 0.046301655 3.136188269
0.021382799 0.036186419 0.999116242 0.983283460 0.009517050 0.999292135 -0.036396477 -0.052726399 -0.999725997 0.010286899 0.021023273 3.136642218
-0.000747923 0.033247624 0.999446869 1.020693898 0.011113320 0.999385715 -0.033237271 -0.054217242 -0.999937892 0.011082314 -0.001116954 3.136586666
-0.019608123 0.030964961 0.999328136 1.057728887 0.011995805 0.999455571 -0.030733541 -0.055429019 -0.999735773 0.011385118 -0.019968903 3.135939598
-0.036280070 0.034354940 0.998750985 1.094388485 0.013417312 0.999335587 -0.033887658 -0.056724675 -0.999251544 0.012171106 -0.036716919 3.134908438
-0.051529460 0.037963144 0.997949660 1.132009864 0.015816694 0.999182999 -0.037193350 -0.058842763 -0.998546124 0.013867709 -0.052087806 3.133684397
-0.062632322 0.043632135 0.997082472 1.170084000 0.020591673 0.998887658 -0.042417653 -0.060376838 -0.997824311 0.017874878 -0.063461110 3.130065918
-0.071745098 0.047044650 0.996312916 1.207318425 0.025546940 0.998645961 -0.045315173 -0.062483396 -0.997095764 0.022201607 -0.072849810 3.127419710
-0.077657543 0.051963851 0.995624959 1.243898869 0.029664245 0.998319089 -0.049790688 -0.064690307 -0.996538699 0.025667839 -0.079068467 3.124713182
-0.080575839 0.057376910 0.995095670 1.284003735 0.031964120 0.997977078 -0.054954819 -0.066428468 -0.996235847 0.027379327 -0.082246847 3.120780945
-0.083743870 0.061181773 0.994607389 1.322173834 0.033340245 0.997726560 -0.058566466 -0.069143012 -0.995929420 0.028255876 -0.085593320 3.117919683
-0.087626293 0.063880824 0.994103074 1.359852791 0.034011520 0.997551739 -0.061104447 -0.071794368 -0.995572686 0.028456602 -0.089584440 3.115937233
-0.088653088 0.067448847 0.993776262 1.398555756 0.035875034 0.997273505 -0.064485870 -0.074425958 -0.995416224 0.029934889 -0.090831101 3.111181736
-0.091524430 0.071188204 0.993254960 1.436007023 0.036201380 0.997019887 -0.068122238 -0.077210985 -0.995144546 0.029722353 -0.093828797 3.108335495
-0.092661709 0.071963750 0.993093610 1.472197652 0.038412862 0.996900678 -0.068655454 -0.080786869 -0.994956434 0.031785842 -0.095138855 3.102826118
-0.094566308 0.071135923 0.992973685 1.512474060 0.039594758 0.996923208 -0.067648038 -0.082971327 -0.994730830 0.032919332 -0.097091958 3.099642277
-0.096660301 0.070666663 0.992805660 1.551059723 0.038746636 0.996987402 -0.067191929 -0.086021960 -0.994562924 0.031973083 -0.099107206 3.095627785
-0.098923132 0.072107650 0.992479026 1.588195920 0.038506664 0.996901393 -0.068590894 -0.088362589 -0.994349718 0.031431835 -0.101393238 3.090974808
-0.101467833 0.074287377 0.992061317 1.626864791 0.038739048 0.996746719 -0.070676006 -0.091542445 -0.994084299 0.031260166 -0.104015559 3.088574886
-0.104880795 0.076032683 0.991574049 1.664321780 0.035987895 0.996710062 -0.072620019 -0.094695933 -0.993833482 0.028068215 -0.107271999 3.085075617
-0.106718764 0.079578973 0.991099596 1.704834461 0.035301812 0.996466577 -0.076208740 -0.098044291 -0.993662357 0.026854705 -0.109150968 3.080311060
-0.108832136 0.084169485 0.990490317 1.743293643 0.031260740 0.996205807 -0.081220336 -0.100765914 -0.993568480 0.022124078 -0.111050412 3.075990200
-0.111771345 0.086737163 0.989941299 1.781991720 0.029210703 0.996039808 -0.083973393 -0.103989340 -0.993304551 0.019531064 -0.113862380 3.071684837
-0.114036076 0.084502108 0.989876390 1.821213007 0.027444506 0.996263802 -0.081885703 -0.107937299 -0.993097484 0.017828746 -0.115929134 3.066456795
-0.117086828 0.080613710 0.989844501 1.863044381 0.024469379 0.996631682 -0.078272015 -0.111257784 -0.992820203 0.015056258 -0.118665010 3.062400103
-0.120063685 0.078767419 0.989636540 1.902601838 0.025116118 0.996769428 -0.076288030 -0.114749618 -0.992448449 0.015696406 -0.121654145 3.057973146
-0.122038208 0.079799064 0.989312351 1.942737579 0.024065034 0.996707499 -0.077427000 -0.117728926 -0.992233634 0.014358782 -0.123556778 3.053260803
-0.123484969 0.082937464 0.988874614 1.982087851 0.024636095 0.996450305 -0.080496453 -0.120489456 -0.992040575 0.014421903 -0.125089899 3.048893929
-0.123441748 0.084909789 0.988712490 2.024128199 0.025524158 0.996274710 -0.082372501 -0.125172108 -0.992023528 0.015067849 -0.125149161 3.042817354
-0.123188950 0.084576935 0.988772571 2.063729763 0.025257466 0.996306062 -0.082074545 -0.129455060 -0.992061794 0.014863213 -0.124870084 3.037438631
-0.124430880 0.082389802 0.988801658 2.104223967 0.023625059 0.996510088 -0.080059104 -0.133155078 -0.991946995 0.013398676 -0.125943109 3.033393621
-0.123057902 0.084134243 0.988826632 2.147949219 0.017958745 0.996425450 -0.082545854 -0.135402590 -0.992236972 0.007600166 -0.124128982 3.026967525
-0.123271801 0.085152306 0.988712907 2.187445164 0.014137215 0.996361554 -0.084048420 -0.139111534 -0.992272258 0.003616847 -0.124027096 3.022099733
-0.124364398 0.085041925 0.988585532 2.228580713 0.009629554 0.996376872 -0.084500752 -0.142965198 -0.992189825 -0.000989249 -0.124732725 3.018102646
-0.124172322 0.084500268 0.988656044 2.270155430 0.006551892 0.996415436 -0.084340550 -0.146704003 -0.992238998 -0.003995195 -0.124280848 3.012786627
-0.124151811 0.079829268 0.989046872 2.311891079 0.007142598 0.996804595 -0.079558827 -0.149926871 -0.992237568 -0.002813010 -0.124325298 3.007388115
-0.124684185 0.071167372 0.989640892 2.353885651 0.010535105 0.997462928 -0.070402563 -0.153301865 -0.992140532 0.001647882 -0.125117645 3.001958132
-0.124005526 0.063883446 0.990223050 2.395825624 0.016699072 0.997918487 -0.062288690 -0.158145249 -0.992141068 0.008811661 -0.124814197 2.995840073
-0.123855151 0.067663513 0.989990711 2.438097715 0.024075298 0.997583807 -0.065170474 -0.160343379 -0.992008209 0.015762623 -0.125184894 2.991270781
-0.122315750 0.073384121 0.989774585 2.480351448 0.030082395 0.997078598 -0.070208102 -0.162960500 -0.992035329 0.021187229 -0.124165997 2.985302210
-0.121018082 0.078402892 0.989549279 2.522192955 0.033970091 0.996619225 -0.074808650 -0.166877449 -0.992068827 0.024561882 -0.123272300 2.980032921
-0.121030673 0.083188571 0.989156842 2.563885212 0.034245405 0.996238947 -0.079594001 -0.170090973 -0.992057860 0.024240762 -0.123424299 2.975092411
-0.119248152 0.081829116 0.989486635 2.606220722 0.031740237 0.996402740 -0.078575872 -0.172273099 -0.992357016 0.022036511 -0.121416450 2.967880011
-0.118748389 0.077382088 0.989904463 2.650281906 0.029818341 0.996786833 -0.074343093 -0.175686121 -0.992476463 0.020689186 -0.120674238 2.961874485
-0.120427951 0.074471630 0.989924729 2.694035769 0.029039044 0.997019768 -0.071472667 -0.180070296 -0.992297232 0.020139165 -0.122231625 2.959413052
-0.119008027 0.075176351 0.990043223 2.736528397 0.027586419 0.996995032 -0.072388187 -0.183325827 -0.992509961 0.018696971 -0.120724253 2.953384161
-0.119779259 0.080376394 0.989541709 2.779705048 0.028364377 0.996587574 -0.077515334 -0.186710253 -0.992395401 0.018782999 -0.121650353 2.949002743
-0.119545966 0.082678258 0.989380181 2.822867393 0.027469428 0.996420562 -0.079947472 -0.190242022 -0.992448568 0.017620308 -0.121389173 2.943919182
-0.118537627 0.081534721 0.989596307 2.866400480 0.027506709 0.996510088 -0.078809500 -0.193737403 -0.992568433 0.017878650 -0.120366707 2.938156843
-0.118752979 0.074668199 0.990112245 2.908960342 0.029405449 0.996995509 -0.071660429 -0.197414726 -0.992488325 0.020604806 -0.120591849 2.934117556
-0.119197577 0.073450714 0.990149915 2.952965260 0.028383562 0.997104406 -0.070549689 -0.200977504 -0.992464840 0.019694632 -0.120937221 2.928870440
-0.117662504 0.075559683 0.990174830 2.997042179 0.026328003 0.996987939 -0.072951034 -0.204620570 -0.992704570 0.017485725 -0.119297437 2.922511339
-0.117993511 0.080254048 0.989766061 3.041745663 0.026809115 0.996622980 -0.077614009 -0.206793800 -0.992652535 0.017376803 -0.119746566 2.918132544
-0.118332639 0.078572974 0.989860475 3.086067915 0.025518106 0.996775746 -0.076071359 -0.211185232 -0.992646098 0.016257644 -0.119956128 2.913284779
-0.117804810 0.077121757 0.990037560 3.131327391 0.025184756 0.996891022 -0.074658886 -0.213242054 -0.992717385 0.016138677 -0.119380862 2.908049345
-0.116843067 0.074305259 0.990366817 3.176464081 0.025789700 0.997087896 -0.071766876 -0.218097448 -0.992815495 0.017155796 -0.118419111 2.902596474
-0.115142576 0.075371481 0.990485370 3.221026421 0.026893584 0.996988297 -0.072739981 -0.221397892 -0.992984831 0.018262234 -0.116822824 2.896764040
-0.114768848 0.075795367 0.990496397 3.266962767 0.028504264 0.996925652 -0.072984561 -0.224917129 -0.992983162 0.019857015 -0.116576500 2.892105103
-0.114673369 0.074589573 0.990599036 3.312985659 0.028789859 0.997007847 -0.071739390 -0.228793085 -0.992985964 0.020292610 -0.116477668 2.887932777
-0.111308537 0.076281302 0.990853906 3.356906414 0.030455528 0.996843278 -0.073321134 -0.231307328 -0.993319094 0.022015715 -0.113280341 2.880477905
-0.111313328 0.073454037 0.991067052 3.401249886 0.030584889 0.997045517 -0.070461929 -0.235469282 -0.993314564 0.022468323 -0.113231026 2.875890732
-0.108403370 0.073541723 0.991383016 3.448970556 0.029565420 0.997057319 -0.070729800 -0.238867909 -0.993667245 0.021643309 -0.110258669 2.869913816
-0.106679298 0.073202394 0.991595089 3.495154858 0.029998392 0.997069120 -0.070379175 -0.241451412 -0.993840873 0.022238258 -0.108562596 2.864522457
-0.105551906 0.074132405 0.991646707 3.541264772 0.028681286 0.997029424 -0.071481958 -0.245110393 -0.994000077 0.020896645 -0.107364558 2.859953165
-0.102543987 0.076853186 0.991755068 3.586898088 0.027929274 0.996840239 -0.074359462 -0.248371437 -0.994336307 0.020073889 -0.104366422 2.854068279
-0.102660023 0.075911589 0.991815686 3.635668039 0.025214737 0.996961951 -0.073695570 -0.251958340 -0.994396806 0.017442780 -0.104262233 2.850326538
-0.102119528 0.074270889 0.991995752 3.681754351 0.021993466 0.997133791 -0.072391480 -0.255865932 -0.994528949 0.014424839 -0.103460290 2.845815897
-0.102052793 0.075412422 0.991916358 3.725725889 0.019948257 0.997077048 -0.073752411 -0.259156585 -0.994578958 0.012260363 -0.103258856 2.841466188
-0.102308959 0.075786471 0.991861522 3.769684553 0.015983308 0.997090042 -0.074537322 -0.261522263 -0.994624317 0.008227390 -0.103222549 2.836503744
-0.103235446 0.072280832 0.992027164 3.818146706 0.015394229 0.997352779 -0.071066879 -0.266387194 -0.994537830 0.007934874 -0.104074851 2.832383871
-0.105446994 0.071011022 0.991886318 3.864123583 0.013140840 0.997459650 -0.070013031 -0.269877791 -0.994338155 0.005651557 -0.106112264 2.827977419
-0.105661415 0.070217885 0.991919875 3.912005424 0.010816338 0.997525930 -0.069462553 -0.273365110 -0.994343340 0.003389430 -0.106159508 2.822714806
-0.106788062 0.070173487 0.991802394 3.957131863 0.011134585 0.997528255 -0.069379739 -0.276978254 -0.994219482 0.003634382 -0.107305437 2.817545414
-0.110070661 0.069143005 0.991515875 4.004594803 0.010041471 0.997603834 -0.068452820 -0.280335099 -0.993873060 0.002421631 -0.110501207 2.813172579
-0.113019079 0.064021952 0.991528034 4.050116062 0.008607765 0.997947633 -0.063455306 -0.283912808 -0.993555546 0.001363180 -0.113338195 2.808194399
-0.117482819 0.064206079 0.990997136 4.097869396 0.006745290 0.997936249 -0.063856028 -0.287267834 -0.993052006 -0.000817423 -0.117673464 2.802973747
-0.123075038 0.070826367 0.989866734 4.143472672 0.000568416 0.997454882 -0.071298636 -0.290122509 -0.992397249 -0.008212426 -0.122802041 2.797414780
-0.130289257 0.072897427 0.988792479 4.190608501 0.002692166 0.997315705 -0.073171057 -0.294306159 -0.991472304 -0.006871411 -0.130135775 2.791949987
-0.138853997 0.068461977 0.987943649 4.236728191 0.004237673 0.997639477 -0.068538293 -0.298223615 -0.990303814 -0.005330232 -0.138816342 2.785217762
-0.150372952 0.067008071 0.986355782 4.282599449 0.007415711 0.997748733 -0.066651471 -0.301195323 -0.988601506 -0.002708051 -0.150531352 2.779088974
-0.163479984 0.066680901 0.984290600 4.328639030 0.007034264 0.997766495 -0.066425517 -0.305291981 -0.986521542 -0.003935483 -0.163583934 2.771990299
-0.176849321 0.068621919 0.981842816 4.373118877 0.009762691 0.997639716 -0.067967534 -0.307717025 -0.984189451 -0.002434583 -0.177101865 2.763563633
-0.189683452 0.067942567 0.979491651 4.417396545 0.011175342 0.997687578 -0.067040585 -0.310065448 -0.981781602 -0.001770333 -0.190004140 2.753661633
-0.205939010 0.069872975 0.976067066 4.461845875 0.014554026 0.997555912 -0.068340532 -0.313912541 -0.978456616 0.000131720 -0.206452608 2.745233536
-0.221362501 0.073548116 0.972414136 4.505864143 0.014695921 0.997290313 -0.072084196 -0.317058086 -0.975080967 -0.001666216 -0.221843496 2.735824585
-0.236490428 0.076188602 0.968642056 4.548253536 0.013905145 0.997084260 -0.075030819 -0.321495563 -0.971534312 -0.004274963 -0.236860290 2.725464582
-0.253829330 0.074415088 0.964382231 4.592022419 0.010221139 0.997186840 -0.074256152 -0.324659765 -0.967194974 -0.008991308 -0.253875852 2.715260983
-0.269072324 0.068313703 0.960694313 4.635016918 0.004312086 0.997556925 -0.069727220 -0.328806221 -0.963110328 -0.014619071 -0.268709600 2.703379154
-0.284617364 0.065472066 0.956402779 4.678606987 0.000980487 0.997684479 -0.068006270 -0.331551254 -0.958640635 -0.018418025 -0.284022480 2.691003323
-0.299674362 0.065992422 0.951756418 4.719668388 -0.000638364 0.997590721 -0.069371454 -0.335618675 -0.954041302 -0.021396417 -0.298910230 2.678471088
-0.314777374 0.068185300 0.946713209 4.761431217 -0.000913718 0.997394204 -0.072139308 -0.338789880 -0.949165046 -0.023572853 -0.313894778 2.665343761
-0.328577816 0.070168674 0.941866755 4.802428246 -0.000044811 0.997235239 -0.074309237 -0.342421472 -0.944476902 -0.024458570 -0.327666134 2.651358128
-0.342485577 0.070461176 0.936877191 4.843268871 0.002322524 0.997244179 -0.074152276 -0.345662951 -0.939520240 -0.023220165 -0.341705382 2.636462688
-0.356738180 0.067965843 0.931728780 4.884679794 0.002480856 0.997415423 -0.071807548 -0.349930465 -0.934201121 -0.023305010 -0.355984718 2.621476173
-0.371809512 0.066903524 0.925895035 4.924729347 0.002410389 0.997465789 -0.071107164 -0.353090942 -0.928305924 -0.024206551 -0.371028513 2.605988026
-0.386327177 0.067698099 0.919874072 4.966077805 0.000912801 0.997330427 -0.073015139 -0.357258439 -0.922361374 -0.027368072 -0.385357618 2.589406729
-0.401593864 0.069532186 0.913174510 5.005319118 0.001553875 0.997163892 -0.075244069 -0.360877395 -0.915816665 -0.028798597 -0.400562912 2.573008537
-0.416728467 0.071399212 0.906222701 5.046538830 0.002554916 0.996998668 -0.077376358 -0.364433467 -0.909027398 -0.029929612 -0.415660143 2.554750443
-0.431573153 0.073463470 0.899081647 5.086328506 0.004880813 0.996853888 -0.079109527 -0.368517905 -0.902064741 -0.029753307 -0.430574030 2.536246777
-0.446057349 0.077079386 0.891679108 5.127168179 0.005012186 0.996484101 -0.083631746 -0.372255594 -0.894990325 -0.032835294 -0.444875449 2.516358852
-0.461156666 0.079030707 0.883792281 5.166623592 0.006806717 0.996311426 -0.085540749 -0.376612008 -0.887292683 -0.033431962 -0.459993541 2.496460438
-0.477274954 0.077194236 0.875356793 5.207191467 0.005481252 0.996376395 -0.084877878 -0.379782706 -0.878736913 -0.035712048 -0.475968599 2.476011753
-0.493320048 0.071977273 0.866864741 5.244287968 0.002196876 0.996670544 -0.081505060 -0.384372890 -0.869845092 -0.038303681 -0.491835743 2.455018520
-0.509516120 0.072861344 0.857370675 5.286238670 0.002096064 0.996510565 -0.083440132 -0.387767076 -0.860458493 -0.040716998 -0.507890940 2.431958437
-0.525260866 0.071082093 0.847967207 5.323959351 0.000114015 0.996510804 -0.083463341 -0.392046332 -0.850941122 -0.043743350 -0.523436248 2.408555031
-0.540978432 0.070712835 0.838058472 5.360810280 0.000188044 0.996469319 -0.083957672 -0.395533741 -0.841036439 -0.045261700 -0.539081693 2.385077238
-0.556596518 0.071025595 0.827741265 5.398663998 -0.000588316 0.996304929 -0.085885055 -0.399065435 -0.830782712 -0.048290297 -0.554498076 2.360567093
-0.572062492 0.069582015 0.817253172 5.434388638 -0.001422174 0.996309340 -0.085822605 -0.403273672 -0.820208728 -0.050258175 -0.569852352 2.336038589
-0.586962640 0.066770151 0.806855977 5.469958782 -0.001910909 0.996476352 -0.083852008 -0.407195151 -0.809611797 -0.050759818 -0.584766746 2.310372353
-0.601941824 0.063849568 0.795983195 5.505156517 -0.001066694 0.996733069 -0.080759317 -0.410787821 -0.798539221 -0.049461480 -0.599907219 2.284160137
-0.616705656 0.061667882 0.784774601 5.540259361 -0.001343129 0.996842921 -0.079387769 -0.414480597 -0.787192523 -0.050012954 -0.614675820 2.256697655
-0.630926311 0.060654156 0.773468137 5.575523376 -0.001171891 0.996863723 -0.079128399 -0.418223709 -0.775841773 -0.050830621 -0.628876507 2.228167534
-0.645952106 0.061379641 0.760906219 5.609882832 -0.002606848 0.996579051 -0.082603559 -0.422465920 -0.763373375 -0.055341516 -0.643582284 2.199530125
-0.661356926 0.060615081 0.747618020 5.644251347 -0.004638413 0.996379673 -0.084887318 -0.426279873 -0.750056982 -0.059608582 -0.658681631 2.170642376
-0.676717818 0.057488032 0.733994722 5.677714825 -0.006149605 0.996470749 -0.083715446 -0.430175781 -0.736216843 -0.061165519 -0.673976004 2.140185833
-0.693334460 0.049744375 0.718896925 5.711564064 -0.010088912 0.996846735 -0.078707397 -0.434185535 -0.720545292 -0.061823443 -0.690646350 2.109440565
-0.709850550 0.047043707 0.702779472 5.744024277 -0.011573805 0.996853292 -0.078419104 -0.438061297 -0.704257190 -0.063799679 -0.707072377 2.077915668
-0.727399647 0.044385422 0.684777021 5.776505470 -0.012909004 0.996844172 -0.078325294 -0.441901445 -0.686092675 -0.065813571 -0.724531293 2.044426441
-0.744698882 0.040469326 0.666172504 5.807142258 -0.016167052 0.996773124 -0.078625768 -0.445890486 -0.667204857 -0.069322571 -0.741641581 2.011367321
-0.761157572 0.039316304 0.647374213 5.838641167 -0.015039276 0.996822536 -0.078221567 -0.449452430 -0.648392618 -0.069274992 -0.758147776 1.975322723
-0.777229011 0.039867688 0.627953470 5.868232727 -0.014233679 0.996621311 -0.080891050 -0.453836560 -0.629056811 -0.071808949 -0.774035633 1.939895391
-0.791929543 0.040666457 0.609256744 5.895676613 -0.009441270 0.996844947 -0.078809097 -0.457515776 -0.610539556 -0.068163410 -0.789047122 1.903621435
-0.806665421 0.041816119 0.589527249 5.923868656 -0.005859144 0.996878982 -0.078727454 -0.461461365 -0.590979338 -0.066960841 -0.803902745 1.866936326
-0.820801139 0.042747803 0.569612324 5.949933529 -0.004100841 0.996729136 -0.080710977 -0.465863943 -0.571199358 -0.068583548 -0.817941129 1.828959227
-0.834308267 0.044351984 0.549511194 5.975826740 -0.003294651 0.996339738 -0.085418463 -0.469482720 -0.551288188 -0.073075786 -0.831108451 1.790540934
-0.847394884 0.044386495 0.529104710 6.000854492 -0.000776401 0.996395051 -0.084830850 -0.473727524 -0.530962646 -0.072296038 -0.844305575 1.752335906
-0.859328270 0.043610327 0.509561718 6.025240898 0.001534662 0.996573091 -0.082702622 -0.477090657 -0.511422157 -0.070286706 -0.856450260 1.714176059
-0.869852901 0.044040263 0.491341293 6.048757553 0.003359648 0.996512830 -0.083372340 -0.482546270 -0.493299663 -0.070870936 -0.866967440 1.672806144
-0.879514575 0.047298752 0.473515600 6.071013927 0.006035832 0.996076882 -0.088285550 -0.484869033 -0.475833774 -0.074790351 -0.876349509 1.634113908
-0.888222098 0.046730295 0.457031429 6.095015526 0.005564068 0.995834708 -0.091008008 -0.488279283 -0.459380567 -0.078292370 -0.884782374 1.588604450
-0.896201670 0.043220256 0.441536397 6.114712715 0.003861560 0.995965481 -0.089653201 -0.493604869 -0.443629861 -0.078642339 -0.892753005 1.547919989
-0.903177321 0.041619752 0.427245229 6.136311531 0.003754386 0.996016502 -0.089089558 -0.499102175 -0.429251254 -0.078859620 -0.899735868 1.504474878
-0.910021842 0.039698135 0.412655145 6.156859398 0.003089289 0.996026158 -0.089006677 -0.502844036 -0.414548814 -0.079723202 -0.906528294 1.461017370
-0.916240811 0.037089657 0.398907483 6.175783634 0.002114841 0.996139288 -0.087761596 -0.507570088 -0.400622487 -0.079567134 -0.912781835 1.419396877
-0.922155201 0.032603260 0.385443449 6.194788456 -0.000023591 0.996436894 -0.084341414 -0.511707246 -0.386819899 -0.077784970 -0.918868780 1.376484156
-0.926867366 0.029313959 0.374242604 6.212778091 -0.001147132 0.996720612 -0.080912910 -0.516335309 -0.375387162 -0.075424850 -0.923794150 1.330758452
-0.931116462 0.028449243 0.363610774 6.230187893 -0.000113714 0.996930420 -0.078291968 -0.519950867 -0.364722013 -0.072940283 -0.928255200 1.286192775
-0.934319079 0.033437181 0.354866207 6.246933460 0.005162797 0.996755302 -0.080326051 -0.524112463 -0.356400609 -0.073218025 -0.931460023 1.242742538
-0.936589122 0.038956303 0.348257452 6.263763905 0.011481313 0.996679425 -0.080611840 -0.528711021 -0.350241393 -0.071501717 -0.933926404 1.199828267
-0.938322246 0.042236447 0.343172729 6.279901505 0.014570771 0.996459544 -0.082800403 -0.532858253 -0.345455021 -0.072693154 -0.935615599 1.155770063
-0.940201223 0.039354902 0.338338375 6.296253204 0.012276731 0.996572793 -0.081803985 -0.537076116 -0.340398222 -0.072758518 -0.937462151 1.111271024
-0.942058325 0.032048646 0.333914787 6.312328339 0.006187301 0.996916354 -0.078226596 -0.540939987 -0.335392207 -0.071627989 -0.939351618 1.067393422
-0.944195628 0.025842061 0.328369915 6.329425335 0.000757080 0.997085273 -0.076291732 -0.545232594 -0.329384327 -0.071785726 -0.941463053 1.022123456
-0.945780635 0.019057183 0.324246794 6.345147133 -0.006732453 0.996912658 -0.078229822 -0.549100518 -0.324736625 -0.076171219 -0.942732275 0.977539539
-0.947236538 0.015886556 0.320141554 6.361089706 -0.010342646 0.996736109 -0.080063462 -0.553352952 -0.320368528 -0.079150148 -0.943980515 0.932988048
-0.947970152 0.016252946 0.317944109 6.376630306 -0.010459403 0.996566832 -0.082128733 -0.557620883 -0.318187386 -0.081181079 -0.944545567 0.888561606
-0.948316753 0.016422456 0.316900283 6.392438412 -0.011293275 0.996280611 -0.085424297 -0.561394691 -0.317124456 -0.084588118 -0.944604099 0.842897296
-0.947998047 0.020226948 0.317632794 6.406970024 -0.007765625 0.996211469 -0.086616091 -0.566039085 -0.318181366 -0.084578514 -0.944249451 0.797993660
-0.947717071 0.020665346 0.318442017 6.422382832 -0.008011246 0.996045589 -0.088480860 -0.570384800 -0.319011211 -0.086405948 -0.943803906 0.753614902
-0.947226167 0.021511151 0.319843680 6.438094139 -0.007604733 0.995957255 -0.089504942 -0.575500190 -0.320475966 -0.087213747 -0.943233192 0.708323121
-0.946824491 0.021835605 0.321008533 6.453409195 -0.007283313 0.995984316 -0.089231089 -0.579540610 -0.321667910 -0.086824179 -0.942863345 0.664842367
-0.945897162 0.021279657 0.323767841 6.469149590 -0.008163331 0.995970368 -0.089309625 -0.584450424 -0.324363708 -0.087120749 -0.941911936 0.619877696
-0.944872797 0.020317914 0.326806247 6.484088898 -0.009490026 0.995954454 -0.089357458 -0.588350773 -0.327299744 -0.087532848 -0.940857530 0.577247977
-0.943765521 0.017734950 0.330139548 6.501043320 -0.011990935 0.996067226 -0.087786615 -0.592661560 -0.330398053 -0.086808667 -0.939841151 0.534459233
-0.942170441 0.016069319 0.334748596 6.516929626 -0.013134758 0.996311843 -0.084795646 -0.596993446 -0.334876657 -0.084288798 -0.938484430 0.491967440
-0.940053761 0.012286696 0.340804726 6.533188820 -0.016493862 0.996543169 -0.081423000 -0.601321995 -0.340627044 -0.082163185 -0.936601520 0.450485468
-0.936337173 0.014980507 0.350782424 6.548572540 -0.014820297 0.996512532 -0.082116596 -0.605288446 -0.350789219 -0.082087517 -0.932849705 0.404794097
-0.933436573 0.014943499 0.358431309 6.565268993 -0.015896050 0.996427715 -0.082939409 -0.609097838 -0.358390331 -0.083116286 -0.929864585 0.363327146
-0.930373907 0.015026337 0.366304100 6.582209587 -0.017925899 0.996100128 -0.086391389 -0.612433195 -0.366173625 -0.086942628 -0.926476002 0.323319912
-0.924956083 0.020658089 0.379512250 6.599019527 -0.012425586 0.996344447 -0.084518209 -0.617152691 -0.379870862 -0.082891293 -0.921318173 0.278068781
-0.920229793 0.021109495 0.390808910 6.616909981 -0.013597538 0.996217132 -0.085828364 -0.621641636 -0.391142368 -0.084295854 -0.916461587 0.237033129
-0.914283276 0.025034690 0.404301077 6.635350227 -0.010682657 0.996251106 -0.085846454 -0.626232386 -0.404934525 -0.082806990 -0.910588264 0.194793224
-0.908620298 0.025590397 0.416838467 6.654301643 -0.011346990 0.996239543 -0.085894838 -0.630677640 -0.417469054 -0.082775660 -0.904913187 0.154202223
-0.901833594 0.026475597 0.431271672 6.674015045 -0.010636049 0.996458292 -0.083413251 -0.634672284 -0.431952626 -0.079811908 -0.898357868 0.111739635
-0.895274222 0.029577604 0.444532633 6.694024563 -0.008870690 0.996412456 -0.084162980 -0.638778329 -0.445427239 -0.079292253 -0.891799986 0.071597338
-0.888451576 0.031866085 0.457862794 6.713879108 -0.006819799 0.996560156 -0.082591400 -0.642918050 -0.458919704 -0.076500989 -0.885178149 0.032846212
-0.881329000 0.033383254 0.471322387 6.734342098 -0.005331776 0.996734858 -0.080567569 -0.646896183 -0.472473145 -0.073519513 -0.878273368 -0.005637646
-0.873364985 0.035842054 0.485745788 6.756025791 -0.002201048 0.996988118 -0.077522889 -0.650904477 -0.487061411 -0.068774924 -0.870655596 -0.045033693
-0.865272462 0.037969802 0.499861807 6.777530670 -0.000207247 0.997100234 -0.076099075 -0.654986739 -0.501301765 -0.065950043 -0.862755477 -0.082317114
-0.856447279 0.042355902 0.514493942 6.799634457 0.004627131 0.997218192 -0.074393839 -0.658302426 -0.516213775 -0.061333772 -0.854260802 -0.118942499
-0.846477270 0.044701450 0.530545056 6.822046280 0.006651479 0.997279286 -0.073414132 -0.661968946 -0.532383442 -0.058614481 -0.844471574 -0.154571295
-0.835643888 0.048712589 0.547107160 6.845705509 0.011423243 0.997385502 -0.071356155 -0.665821314 -0.549152792 -0.053378586 -0.834015489 -0.190676212
-0.824697137 0.049368460 0.563415706 6.868893623 0.011480847 0.997439086 -0.070594057 -0.669414520 -0.565458059 -0.051750224 -0.823151886 -0.225231886
-0.813749313 0.051279899 0.578949392 6.893996239 0.013297471 0.997482061 -0.069660619 -0.673458993 -0.581063867 -0.048987716 -0.812382281 -0.259105206
-0.801206887 0.054242518 0.595923960 6.918661594 0.015443210 0.997425616 -0.070025168 -0.676368237 -0.598188162 -0.046901666 -0.799981952 -0.292856932
-0.787537873 0.054625776 0.613840640 6.945329666 0.016531713 0.997577906 -0.067564979 -0.680094838 -0.616044700 -0.043062124 -0.786533296 -0.326799631
-0.772568166 0.055200152 0.632527769 6.970825195 0.017824810 0.997706532 -0.065297820 -0.684127808 -0.634681582 -0.039172322 -0.771780252 -0.359212160
-0.756110311 0.058947645 0.651784003 6.998952389 0.020220241 0.997563899 -0.066763394 -0.687029600 -0.654131770 -0.037301261 -0.755460262 -0.391363382
-0.740562022 0.060871609 0.669225454 7.025802135 0.019269837 0.997402906 -0.069398165 -0.690088570 -0.671711802 -0.038497772 -0.739811540 -0.419976234
-0.721370399 0.062843889 0.689692199 7.056058884 0.020461362 0.997373581 -0.069478251 -0.693465471 -0.692247152 -0.036007520 -0.720761597 -0.453246832
-0.702533305 0.063179605 0.708840787 7.086032391 0.020013858 0.997411430 -0.069064394 -0.696807623 -0.711369395 -0.034333404 -0.701979160 -0.482879162
-0.683400750 0.062553674 0.727358639 7.116623878 0.019107679 0.997513533 -0.067834415 -0.700667381 -0.729793489 -0.032459948 -0.682896852 -0.510527134
