0.999994993 -0.002342908 -0.002088188 0.000656058 0.002348812 0.999993205 0.002829300 -0.000743540 0.002081545 -0.002834190 0.999993742 0.055609532
0.999993265 -0.002707736 -0.002475162 -0.000929808 0.002716407 0.999990165 0.003506685 -0.001212768 0.002465643 -0.003513385 0.999990702 0.108756885
0.999990404 -0.001778736 -0.004005157 -0.001206490 0.001792125 0.999992788 0.003341914 -0.001844592 0.003999184 -0.003349059 0.999986410 0.163042456
0.999985456 -0.001020323 -0.005298724 -0.001948268 0.001038009 0.999993861 0.003336078 -0.002685150 0.005295288 -0.003341529 0.999980390 0.217204854
0.999978006 -0.000876828 -0.006570516 -0.002539559 0.000899053 0.999993801 0.003380457 -0.003080865 0.006567512 -0.003386291 0.999972701 0.270787418
0.999963820 -0.001440571 -0.008383458 -0.003247854 0.001469909 0.999992788 0.003494376 -0.003588823 0.008378363 -0.003506573 0.999958813 0.327039093
0.999948859 -0.002804783 -0.009717831 -0.004189115 0.002837226 0.999990463 0.003326247 -0.004576124 0.009708411 -0.003353650 0.999947250 0.377214968
0.999933660 -0.004073966 -0.010776016 -0.005317044 0.004112572 0.999985218 0.003562893 -0.005181231 0.010761342 -0.003606974 0.999935508 0.430381358
0.999913573 -0.003928843 -0.012544649 -0.005569860 0.003971156 0.999986529 0.003349708 -0.005618633 0.012531319 -0.003399236 0.999915719 0.483799458
0.999916434 -0.002849035 -0.012609086 -0.007306457 0.002892525 0.999989927 0.003432217 -0.006330612 0.012599180 -0.003468403 0.999914646 0.539098859
0.999899685 -0.001189367 -0.014115265 -0.007753581 0.001247584 0.999990761 0.004116347 -0.006853285 0.014110237 -0.004133544 0.999891818 0.589056134
0.999889433 0.000150143 -0.014871064 -0.008729601 -0.000076124 0.999987602 0.004977869 -0.007448123 0.014871627 -0.004976186 0.999877036 0.641177952
0.999896646 0.001645873 -0.014289380 -0.010463983 -0.001560173 0.999980748 0.006006544 -0.008089410 0.014298992 -0.005983628 0.999879837 0.696012497
0.999871850 0.001140652 -0.015966631 -0.010700447 -0.001054169 0.999984741 0.005423852 -0.008163255 0.015972575 -0.005406326 0.999857843 0.745440185
0.999873936 0.001693492 -0.015787207 -0.011991853 -0.001611834 0.999985218 0.005183711 -0.008382799 0.015795752 -0.005157611 0.999862015 0.797891498
0.999860108 0.002552761 -0.016526375 -0.012916864 -0.002452195 0.999978304 0.006102535 -0.008935222 0.016541593 -0.006061157 0.999844790 0.850284874
0.999867857 0.002723841 -0.016021550 -0.014005451 -0.002615832 0.999973714 0.006758540 -0.009036100 0.016039537 -0.006715738 0.999848783 0.902803421
0.999858379 0.004226655 -0.016290713 -0.015196265 -0.004127040 0.999972522 0.006143681 -0.009924434 0.016316237 -0.006075579 0.999848366 0.953033030
0.999855399 0.004678277 -0.016347161 -0.016231060 -0.004616192 0.999981999 0.003833662 -0.010227734 0.016364802 -0.003757645 0.999858975 1.003318191
0.999870360 0.003107555 -0.015797144 -0.017434387 -0.003049086 0.999988437 0.003723982 -0.010769667 0.015808534 -0.003675333 0.999868274 1.053524852
0.999873459 0.002000034 -0.015779635 -0.018095361 -0.001905776 0.999980330 0.005986146 -0.010928137 0.015791295 -0.005955316 0.999857605 1.105133891
0.999886334 0.000707993 -0.015060861 -0.019718757 -0.000596876 0.999972522 0.007381040 -0.011468306 0.015065674 -0.007371211 0.999859333 1.154921889
0.999883711 -0.000148354 -0.015249243 -0.020289669 0.000252418 0.999976575 0.006822483 -0.011922843 0.015247877 -0.006825539 0.999860525 1.204728961
0.999893308 -0.000415508 -0.014603141 -0.021516653 0.000488472 0.999987423 0.004993248 -0.012489777 0.014600883 -0.004999849 0.999880850 1.253071189
0.999896288 0.000300532 -0.014396751 -0.022148134 -0.000242713 0.999991894 0.004017702 -0.012932730 0.014397842 -0.004013793 0.999888241 1.303108811
0.999912143 0.001580290 -0.013156778 -0.023546606 -0.001537203 0.999993443 0.003284369 -0.013762500 0.013161882 -0.003263856 0.999907970 1.349192262
0.999927878 0.002017126 -0.011840006 -0.024507210 -0.001964922 0.999988317 0.004419121 -0.014390592 0.011848781 -0.004395537 0.999920130 1.396675825
0.999945760 0.002383074 -0.010141241 -0.025313072 -0.002319259 0.999977469 0.006299788 -0.014825984 0.010156027 -0.006275926 0.999928653 1.444077015
0.999961376 0.001569142 -0.008645765 -0.025722597 -0.001503256 0.999969780 0.007621794 -0.015549595 0.008657464 -0.007608503 0.999933541 1.490584016
0.999977589 0.002366904 -0.006262410 -0.026388118 -0.002314860 0.999962866 0.008304595 -0.016048357 0.006281834 -0.008289914 0.999945819 1.535363317
0.999993861 0.002047832 -0.002822638 -0.026911523 -0.002026194 0.999968708 0.007647626 -0.016577467 0.002838211 -0.007641860 0.999966800 1.580227852
0.999999285 0.000993464 0.000499684 -0.026900394 -0.000996156 0.999984860 0.005417341 -0.016915467 -0.000494295 -0.005417835 0.999985218 1.624254823
0.999990642 0.000668730 0.004258379 -0.027321065 -0.000686470 0.999991059 0.004165950 -0.017784232 -0.004255557 -0.004168834 0.999982297 1.667655468
0.999963105 0.001225747 0.008504000 -0.027196452 -0.001266292 0.999987841 0.004764120 -0.018193256 -0.008498057 -0.004774713 0.999952495 1.711040854
0.999897957 0.001660374 0.014184435 -0.027230423 -0.001727186 0.999987483 0.004699295 -0.018703021 -0.014176453 -0.004723315 0.999888361 1.755061984
0.999786019 0.003015637 0.020465653 -0.026175648 -0.003083787 0.999989808 0.003299253 -0.018943056 -0.020455496 -0.003361658 0.999785125 1.796505213
0.999603868 0.004348040 0.027805781 -0.025174033 -0.004443257 0.999984503 0.003363516 -0.019529466 -0.027790725 -0.003485732 0.999607623 1.838095307
0.999320745 0.006061255 0.036351502 -0.023923717 -0.006219844 0.999971628 0.004251170 -0.019709021 -0.036324702 -0.004474382 0.999329984 1.880265117
0.998897135 0.007873256 0.046287507 -0.021974243 -0.008098542 0.999956310 0.004681571 -0.020359511 -0.046248622 -0.005051270 0.998917162 1.919438004
0.998192906 0.009939903 0.059263580 -0.020962164 -0.010258195 0.999934554 0.005068960 -0.020817623 -0.059209317 -0.005667737 0.998229444 1.956596255
0.997276485 0.011852069 0.072794974 -0.018798292 -0.012234078 0.999913573 0.004804070 -0.020197939 -0.072731741 -0.005681565 0.997335374 1.989741445
0.995777249 0.014790861 0.090602122 -0.015006632 -0.015426073 0.999861062 0.006314743 -0.021423217 -0.090496145 -0.007685713 0.995867133 2.038184881
0.994049668 0.015178609 0.107865185 -0.011040285 -0.016082508 0.999842286 0.007514887 -0.022289332 -0.107734129 -0.009204913 0.994137108 2.074983597
0.991805911 0.014373248 0.126941815 -0.006617904 -0.015284918 0.999863863 0.006210597 -0.022255080 -0.126835287 -0.008100003 0.991890728 2.113826275
0.988838613 0.014667621 0.148266479 -0.001683056 -0.015595939 0.999865413 0.005100424 -0.022516748 -0.148171693 -0.007355852 0.988934278 2.153814793
0.985389531 0.011766635 0.169908285 0.003772140 -0.012801171 0.999905527 0.004994552 -0.023763232 -0.169833481 -0.007096605 0.985447228 2.191255569
0.981758296 0.005157395 0.190063417 0.011725813 -0.006585403 0.999954581 0.006882506 -0.023437137 -0.190019310 -0.008008600 0.981747687 2.225964546
0.976985216 0.001102300 0.213304728 0.019914567 -0.003018098 0.999958038 0.008656082 -0.024172463 -0.213286236 -0.009100637 0.976947367 2.262425661
0.971620321 -0.004087243 0.236510992 0.028871000 0.002247816 0.999965072 0.008046461 -0.024506520 -0.236535653 -0.007286471 0.971595407 2.297419786
0.965189099 -0.010721902 0.261333406 0.038538635 0.009254692 0.999933779 0.006844370 -0.025518350 -0.261389494 -0.004187549 0.965224385 2.330871582
0.957444906 -0.014164349 0.288268387 0.048394740 0.012632316 0.999894500 0.007174244 -0.025243718 -0.288339615 -0.003227446 0.957522690 2.366660595
0.948772609 -0.017022805 0.315500766 0.059149325 0.014870347 0.999846816 0.009228565 -0.025437560 -0.315609515 -0.004064203 0.948880434 2.400012732
0.939039707 -0.021186879 0.343155235 0.070980489 0.018194256 0.999763191 0.011938430 -0.025185904 -0.343326926 -0.004967205 0.939202785 2.432731390
0.928092420 -0.023838030 0.371586084 0.084624052 0.020923762 0.999710679 0.011873281 -0.025995346 -0.371761620 -0.003244522 0.928322554 2.464950323
0.916406274 -0.023813646 0.399540335 0.098794520 0.022296624 0.999715805 0.008444985 -0.026766628 -0.399627835 0.001169363 0.916676700 2.494831562
0.902759016 -0.025578190 0.429385543 0.110307932 0.026508188 0.999641359 0.003815941 -0.028247520 -0.429329157 0.007937357 0.903113186 2.524008512
0.889382660 -0.026712123 0.456382453 0.129741609 0.029894670 0.999553025 0.000246245 -0.026738640 -0.456185043 0.013424399 0.889783680 2.555383682
0.873517871 -0.027125921 0.486035705 0.145934641 0.029367849 0.999564171 0.003005446 -0.026540712 -0.485905379 0.011648513 0.873933792 2.585634947
0.855673194 -0.026242495 0.516850948 0.162485242 0.025405420 0.999639332 0.008695546 -0.027181007 -0.516892791 0.005690272 0.856031239 2.613842487
0.835749030 -0.025747785 0.548507512 0.180767417 0.022614745 0.999666393 0.012468276 -0.027586639 -0.548645556 0.001984010 0.836052656 2.643030405
0.815081894 -0.019885223 0.579004347 0.200578332 0.019267121 0.999788284 0.007213649 -0.027313575 -0.579025209 0.005276030 0.815292537 2.669344902
0.792879820 -0.013693521 0.609224081 0.219017148 0.017190129 0.999852240 0.000101420 -0.027446261 -0.609135449 0.010392227 0.792998135 2.695178986
0.770689487 -0.011375719 0.637109280 0.240661860 0.016684353 0.999858081 -0.002329816 -0.027496474 -0.636992395 0.012425321 0.770769775 2.720838070
0.747709155 -0.012800529 0.663902938 0.262976646 0.017455015 0.999847591 -0.000380623 -0.026605340 -0.663796902 0.011873033 0.747818530 2.745059013
0.723399043 -0.012869583 0.690310121 0.285698652 0.018283946 0.999832690 -0.000520285 -0.026281055 -0.690187871 0.012997969 0.723513305 2.768588543
0.697450995 -0.011791170 0.716535389 0.307729840 0.018884214 0.999819815 -0.001928405 -0.028284945 -0.716383517 0.014876177 0.697548032 2.791329384
0.671860099 -0.008768959 0.740626156 0.332232952 0.018412527 0.999818623 -0.004865172 -0.028313369 -0.740449250 0.016905513 0.671899617 2.812515974
0.645117044 -0.006917253 0.764052331 0.356805921 0.017085657 0.999839723 -0.005374115 -0.028936611 -0.763892651 0.016521269 0.645131767 2.832941294
0.616983771 -0.005765944 0.786954761 0.382338405 0.017352901 0.999829710 -0.006279265 -0.029825818 -0.786784530 0.017530151 0.616978765 2.853281975
0.589012086 0.000416411 0.808124065 0.409092188 0.015342704 0.999813914 -0.011697926 -0.031358857 -0.807978570 0.019289032 0.588896096 2.871608973
0.557139754 0.010199171 0.830356061 0.434685230 0.014487442 0.999653041 -0.021999195 -0.031542078 -0.830292225 0.024286363 0.556798756 2.891703129
0.526338339 0.018378055 0.850076437 0.462967753 0.013099657 0.999472380 -0.029718747 -0.032946598 -0.850174189 0.026777826 0.525819957 2.909591913
0.495188713 0.023336586 0.868471980 0.491168022 0.010938989 0.999392509 -0.033091765 -0.033767533 -0.868716538 0.025886871 0.494632632 2.924848557
0.461631447 0.023016244 0.886773169 0.520530820 0.009059072 0.999488890 -0.030657709 -0.034886606 -0.887025476 0.022185903 0.461187005 2.941930532
0.428434730 0.021528052 0.903316259 0.551297545 0.005109722 0.999642491 -0.026247216 -0.036118224 -0.903558254 0.015860915 0.428171515 2.957059145
0.394023955 0.023141114 0.918808818 0.581975043 0.000441971 0.999678075 -0.025367420 -0.037162796 -0.919099987 0.010401460 0.393886894 2.970476627
0.359615654 0.026346495 0.932728529 0.614121437 -0.006467836 0.999647617 -0.025743052 -0.038096346 -0.933078051 0.003224872 0.359659404 2.982629299
0.323129684 0.028119883 0.945936799 0.645827889 -0.011146815 0.999602139 -0.025907470 -0.039289437 -0.946289003 -0.002172708 0.323314577 2.994664669
0.287089765 0.027614463 0.957505584 0.678679764 -0.013674328 0.999600649 -0.024728499 -0.040372726 -0.957806110 -0.005993948 0.287352681 3.004798889
0.250792146 0.026955692 0.967665553 0.712033153 -0.014074616 0.999608040 -0.024197750 -0.041565377 -0.967938542 -0.007550917 0.251073271 3.013771296
0.215472206 0.026749749 0.976143539 0.746152580 -0.013161422 0.999613464 -0.024487678 -0.042456962 -0.976421177 -0.007571022 0.215741023 3.021085262
0.179839894 0.025202055 0.983372927 0.780310988 -0.011138262 0.999659836 -0.023582483 -0.043648452 -0.983632803 -0.006711994 0.180059448 3.027551651
0.145258158 0.024221363 0.989097178 0.815665066 -0.002948257 0.999706507 -0.024048185 -0.044930156 -0.989389360 0.000577082 0.145286962 3.032547474
0.111158103 0.027641939 0.993418157 0.849882483 -0.001116705 0.999615908 -0.027689438 -0.046240341 -0.993802130 0.001968551 0.111146279 3.036583424
0.078440376 0.032459967 0.996390164 0.885338545 0.000135124 0.999469340 -0.032570913 -0.047512684 -0.996918797 0.002689512 0.078394376 3.039497375
0.049537983 0.036491536 0.998105347 0.920549452 0.006874952 0.999296188 -0.036876287 -0.048914969 -0.998748600 0.008688703 0.049252238 3.041084290
0.024334926 0.034553118 0.999106526 0.956904113 0.009136911 0.999353051 -0.034784190 -0.050500851 -0.999662101 0.009975220 0.024003474 3.041479349
0.001971655 0.031733498 0.999494433 0.993290424 0.010400205 0.999441683 -0.031752340 -0.051868796 -0.999943912 0.010457551 0.001640517 3.041695356
-0.017310746 0.029180607 0.999424219 1.029451251 0.010627745 0.999522865 -0.028999407 -0.053379416 -0.999793649 0.010119625 -0.017612619 3.041734695
-0.033541393 0.032290358 0.998915553 1.066128254 0.012145580 0.999417305 -0.031898756 -0.054780103 -0.999363482 0.011062480 -0.033914037 3.040064335
-0.047750380 0.036820460 0.998180389 1.102985978 0.014727021 0.999237657 -0.036154956 -0.056177281 -0.998750746 0.012973809 -0.048256230 3.037892580
-0.060005724 0.041767538 0.997323811 1.138126850 0.020070435 0.998972654 -0.040629029 -0.057487648 -0.997996211 0.017578749 -0.060782366 3.035874367
-0.068853505 0.045360696 0.996595025 1.175805211 0.025438480 0.998720706 -0.043699943 -0.059414510 -0.997302413 0.022342961 -0.069919348 3.033275127
-0.074204221 0.050540470 0.995961607 1.212241292 0.027864331 0.998430014 -0.048589706 -0.061535671 -0.996853769 0.024146240 -0.075495996 3.030240536
-0.078149930 0.055254061 0.995409310 1.248128653 0.030830437 0.998119295 -0.052983984 -0.063665859 -0.996464789 0.026548209 -0.079706468 3.027326107
-0.080800064 0.059616990 0.994945824 1.286032438 0.033447102 0.997809649 -0.057072341 -0.065458730 -0.996168971 0.028666604 -0.082617097 3.024143696
-0.083655916 0.062763713 0.994516134 1.322876453 0.033585459 0.997625172 -0.060134795 -0.067698725 -0.995928526 0.028370652 -0.085565194 3.021120310
-0.085958101 0.065882571 0.994118094 1.358883858 0.035257902 0.997387409 -0.063050590 -0.070548236 -0.995674670 0.029630804 -0.088056393 3.017739773
-0.088316068 0.069675066 0.993652701 1.397826791 0.036044814 0.997120738 -0.066714592 -0.073179290 -0.995440125 0.029924054 -0.090573236 3.014943600
-0.091651432 0.070802853 0.993270874 1.434656858 0.038131442 0.996986926 -0.067549281 -0.076097094 -0.995060861 0.031683862 -0.094075114 3.012287378
-0.093105875 0.069480129 0.993228972 1.472121358 0.038579725 0.997064650 -0.066131979 -0.078610115 -0.994908512 0.032161228 -0.095513128 3.008342505
-0.094874933 0.069193818 0.993081510 1.511843204 0.037593521 0.997118831 -0.065883592 -0.081702814 -0.994779110 0.031082727 -0.097202837 3.004336834
-0.096591137 0.070791997 0.992803335 1.549573421 0.038118660 0.996998787 -0.067382529 -0.084453858 -0.994593918 0.031335782 -0.098999746 3.000121355
-0.099175699 0.071592331 0.992491066 1.584653616 0.037319910 0.996974289 -0.068186499 -0.088562742 -0.994369805 0.030277237 -0.101547457 2.996629715
-0.102362216 0.074796565 0.991931140 1.627054334 0.035112362 0.996819377 -0.071541719 -0.090399511 -0.994127274 0.027505878 -0.104662925 2.993284464
-0.105053604 0.078771047 0.991342008 1.665299058 0.032136552 0.996606231 -0.075783782 -0.092911609 -0.993947148 0.023896951 -0.107228518 2.989571095
-0.107484721 0.082160920 0.990806103 1.703393936 0.029851984 0.996396840 -0.079386115 -0.096988536 -0.993758500 0.021044729 -0.109550096 2.986474514
-0.109618708 0.084924407 0.990339100 1.743247628 0.027508801 0.996220946 -0.082383879 -0.099778242 -0.993592978 0.018212225 -0.111540623 2.981143951
-0.112078205 0.082873031 0.990237653 1.782363534 0.024900194 0.996437550 -0.080573633 -0.103655778 -0.993387341 0.015626561 -0.113742478 2.976885796
-0.116205722 0.079517648 0.990036905 1.821199179 0.022230867 0.996748567 -0.077447355 -0.106413297 -0.992976367 0.013009552 -0.117595620 2.974157333
-0.117501378 0.077334777 0.990057051 1.862160206 0.023147363 0.996905565 -0.075122572 -0.110022217 -0.992802918 0.014090196 -0.118927889 2.967575788
-0.119653486 0.078159168 0.989734352 1.900584459 0.022148293 0.996858478 -0.076044150 -0.112807155 -0.992568612 0.012821982 -0.121008679 2.962996483
-0.120830625 0.081312388 0.989337265 1.940611124 0.023024743 0.996600986 -0.079097301 -0.115883447 -0.992406130 0.013221858 -0.122292094 2.958410740
-0.120702609 0.083694436 0.989154220 1.979664803 0.024470976 0.996387541 -0.081320368 -0.119500615 -0.992387056 0.014389987 -0.122314677 2.952844381
-0.121214092 0.084983543 0.988981724 2.019453526 0.022767883 0.996304154 -0.082822226 -0.122343838 -0.992365301 0.012477798 -0.122700997 2.948314905
-0.121202901 0.082362086 0.989204884 2.059470177 0.021285783 0.996538222 -0.080364630 -0.126643270 -0.992399454 0.011315573 -0.122536488 2.943856239
-0.120925277 0.082544692 0.989223659 2.099328041 0.016281763 0.996567428 -0.081167176 -0.129725575 -0.992528081 0.006291141 -0.121854194 2.938497066
-0.120952673 0.082570061 0.989218175 2.138233185 0.012871504 0.996581078 -0.081610836 -0.134064585 -0.992574811 0.002861678 -0.121601962 2.934281111
-0.121687867 0.084004007 0.989007354 2.179734468 0.008373467 0.996463597 -0.083607070 -0.136497095 -0.992533088 -0.001892546 -0.121960945 2.930064440
-0.121684678 0.082830586 0.989106655 2.219154358 0.004380421 0.996547043 -0.082914747 -0.140546322 -0.992559135 -0.005756753 -0.121627323 2.924822569
-0.122257665 0.078598700 0.989381313 2.260546684 0.004328065 0.996892095 -0.078660548 -0.143470913 -0.992488921 -0.005334748 -0.122217879 2.920149803
-0.122281745 0.068888292 0.990101755 2.301100254 0.008835949 0.997624278 -0.068320416 -0.147182792 -0.992456138 0.000394150 -0.122599922 2.914787054
-0.121844359 0.062637657 0.990570724 2.344213486 0.013678472 0.998017848 -0.061426058 -0.151669487 -0.992454946 0.006065076 -0.122459650 2.909151077
-0.121229947 0.065864183 0.990436792 2.382602215 0.022404429 0.997723520 -0.063606441 -0.153720602 -0.992371500 0.014479169 -0.122429617 2.904526711
-0.119470611 0.071799725 0.990238130 2.424777508 0.027691640 0.997234583 -0.068966068 -0.156101167 -0.992451429 0.019181898 -0.121128470 2.898395538
-0.117375582 0.076960079 0.990100980 2.464989901 0.032086469 0.996766031 -0.073674321 -0.159894273 -0.992569089 0.023121281 -0.119465373 2.893108845
-0.117883183 0.082371175 0.989605248 2.505641222 0.032718398 0.996334851 -0.079033874 -0.162318081 -0.992488325 0.023061534 -0.120146178 2.889077425
-0.116789259 0.079615325 0.989960372 2.545948505 0.030854218 0.996591389 -0.076508626 -0.165106982 -0.992677271 0.021609066 -0.118847638 2.882228851
-0.117206410 0.074880734 0.990280449 2.590057373 0.028004527 0.997005939 -0.072074756 -0.169333681 -0.992712736 0.019284714 -0.118952490 2.878783464
-0.116861209 0.073470399 0.990427077 2.631119967 0.027833391 0.997110486 -0.070682116 -0.171992749 -0.992758155 0.019306943 -0.118568487 2.874010801
-0.116511405 0.074043043 0.990425527 2.672617674 0.025934355 0.997103989 -0.071491465 -0.174914718 -0.992850721 0.017356474 -0.118094236 2.869261265
-0.116342112 0.079110011 0.990053594 2.714172125 0.027011277 0.996706128 -0.076467462 -0.178616822 -0.992841840 0.017846227 -0.118095756 2.864268541
-0.115808040 0.081472136 0.989924729 2.755764484 0.025827495 0.996540368 -0.078995161 -0.181781173 -0.992935777 0.016418997 -0.117511600 2.859314919
-0.115585595 0.080922127 0.989995658 2.798551083 0.026732970 0.996568322 -0.078338191 -0.185248673 -0.992937744 0.017410755 -0.117352240 2.854593992
-0.115140505 0.073773719 0.990605831 2.839838982 0.028417369 0.997074783 -0.070952460 -0.188932002 -0.992942631 0.019980915 -0.116900139 2.850080729
-0.115339793 0.072736762 0.990659416 2.883827448 0.027911050 0.997158945 -0.069964364 -0.191889137 -0.992933810 0.019580670 -0.117042273 2.844662189
-0.114900865 0.075736105 0.990485668 2.925409794 0.025869131 0.996979415 -0.073231705 -0.195014358 -0.993039966 0.017208615 -0.116513014 2.840108633
-0.115130812 0.078996614 0.990204275 2.967513561 0.024431389 0.996756434 -0.076678716 -0.198303580 -0.993049860 0.015363984 -0.116687365 2.835356712
-0.115062252 0.078610666 0.990242839 3.012245655 0.023835620 0.996795237 -0.076361224 -0.201708585 -0.993072271 0.014816759 -0.116567232 2.830675602
-0.114776410 0.074851669 0.990567267 3.054972410 0.023967285 0.997075558 -0.072566390 -0.205394030 -0.993102133 0.015412301 -0.116234735 2.825747967
-0.113300636 0.074409112 0.990770519 3.098383904 0.023957854 0.997106314 -0.072145239 -0.208202004 -0.993271887 0.015562634 -0.114755467 2.820209026
-0.111496650 0.075056098 0.990926385 3.141633511 0.026368398 0.997016072 -0.072550446 -0.211495787 -0.993414998 0.018040009 -0.113143064 2.814947367
-0.111349091 0.075646855 0.990898013 3.185578108 0.029000971 0.996921420 -0.072847791 -0.214662313 -0.993358135 0.020625470 -0.113200113 2.810538054
-0.110298701 0.074199855 0.991124928 3.228780985 0.027781429 0.997049928 -0.071551733 -0.218616068 -0.993510127 0.019642804 -0.112034686 2.805634260
-0.109140456 0.076005712 0.991116345 3.272740841 0.028229509 0.996907353 -0.073341213 -0.221571952 -0.993625402 0.019974234 -0.110948525 2.800869942
-0.107755572 0.073868357 0.991429389 3.316132784 0.028427599 0.997056961 -0.071197964 -0.224775970 -0.993770838 0.020511979 -0.109538347 2.796093464
-0.106092289 0.072798423 0.991687834 3.360436440 0.027480524 0.997150183 -0.070259497 -0.228277534 -0.993976414 0.019798109 -0.107790485 2.791096926
-0.105311520 0.072090559 0.991822720 3.403420210 0.027700804 0.997194469 -0.069539741 -0.231543511 -0.994053423 0.020150948 -0.107013017 2.786805630
-0.104143001 0.072825775 0.991892397 3.447639942 0.026103428 0.997172117 -0.070472702 -0.235078007 -0.994219720 0.018552553 -0.105749503 2.782549620
-0.101510763 0.075627953 0.991955638 3.491041899 0.025919892 0.996968925 -0.073357671 -0.238049239 -0.994496703 0.018264791 -0.103163317 2.776999712
-0.100931920 0.074783213 0.992078722 3.534841776 0.021812368 0.997097552 -0.072942398 -0.241075054 -0.994654179 0.014277372 -0.102270186 2.772999525
-0.099509366 0.073119327 0.992346406 3.579947710 0.020367440 0.997237086 -0.071437314 -0.245124549 -0.994828105 0.013102874 -0.100723684 2.768075943
-0.099755399 0.074949630 0.992185116 3.624963760 0.016085679 0.997150242 -0.073707402 -0.247715831 -0.994881928 0.008607262 -0.100676730 2.763631821
-0.099652529 0.073778279 0.992283225 3.669011116 0.014957301 0.997245610 -0.072645113 -0.251830935 -0.994909883 0.007602610 -0.100481570 2.759471416
-0.100598402 0.071245618 0.992372870 3.713488340 0.012182886 0.997446120 -0.070374839 -0.255221546 -0.994852543 0.005010368 -0.101209477 2.755122185
-0.101813063 0.069780491 0.992353261 3.758724451 0.010193126 0.997557640 -0.069100693 -0.258664846 -0.994751334 0.003079831 -0.102275699 2.750578880
-0.103313617 0.068858713 0.992262483 3.802642345 0.008037199 0.997626066 -0.068394095 -0.262121409 -0.994616389 0.000908969 -0.103621803 2.746447086
-0.105560102 0.069108181 0.992008626 3.848173380 0.007775368 0.997609079 -0.068670951 -0.265565753 -0.994382501 0.000464319 -0.105845042 2.741999626
-0.108394302 0.068416752 0.991750956 3.892584324 0.007178099 0.997656882 -0.068039641 -0.268484056 -0.994082034 -0.000256223 -0.108631425 2.737389803
-0.111026302 0.063283801 0.991800547 3.939253807 0.004252965 0.997991621 -0.063202739 -0.272011518 -0.993808329 -0.002799074 -0.111072458 2.732392550
-0.115313366 0.063747674 0.991281509 3.984786510 0.002479248 0.997953951 -0.063888364 -0.274883240 -0.993326128 -0.004909549 -0.115235478 2.726992130
-0.120457202 0.068931252 0.990322471 4.029295444 -0.001080032 0.997576654 -0.069567546 -0.278600216 -0.992718041 -0.009449489 -0.120090850 2.722117186
-0.125570685 0.071453258 0.989508271 4.073670387 0.000709628 0.997409165 -0.071933739 -0.282417476 -0.992084444 -0.008330585 -0.125296086 2.715231180
-0.135773659 0.067790426 0.988417923 4.118038177 0.001553241 0.997669697 -0.068211578 -0.285679877 -0.990738630 -0.007726086 -0.135562584 2.709832430
-0.146748081 0.066208243 0.986955702 4.161979198 0.004722374 0.997793019 -0.066233091 -0.288737833 -0.989162624 -0.005058804 -0.146736875 2.703443289
-0.159156889 0.066780224 0.984992146 4.206666946 0.004949592 0.997751057 -0.066845477 -0.292330325 -0.987240911 -0.005763612 -0.159129456 2.696228027
-0.172710821 0.067439027 0.982661188 4.250389576 0.008010603 0.997716486 -0.067064337 -0.295301855 -0.984940052 -0.003711027 -0.172856644 2.688266993
-0.187089726 0.064984731 0.980190933 4.294205666 0.008285005 0.997878313 -0.064576007 -0.298783809 -0.982307911 -0.003960623 -0.187231213 2.680013180
-0.201733470 0.067874409 0.977085829 4.336511135 0.012282858 0.997692704 -0.066769928 -0.301771492 -0.979363441 -0.001468321 -0.202101693 2.671099186
-0.217745930 0.070764668 0.973436713 4.380476475 0.012614591 0.997488797 -0.069691427 -0.305598885 -0.975923955 -0.002895520 -0.218091801 2.662075520
-0.232814074 0.075290993 0.969602406 4.423257828 0.012961989 0.997150421 -0.074317783 -0.308683336 -0.972434938 -0.004734248 -0.233126566 2.652192354
-0.249191031 0.072442152 0.965741158 4.465057373 0.008418409 0.997322798 -0.072638944 -0.312522769 -0.968417764 -0.009970968 -0.249133736 2.642002583
-0.265104413 0.066672862 0.961911857 4.507197380 0.003094412 0.997660220 -0.068297856 -0.316183954 -0.964214683 -0.015129508 -0.264690399 2.630951643
-0.280950040 0.062895477 0.957659245 4.549321651 -0.001311781 0.997824192 -0.065918200 -0.319089949 -0.959721506 -0.019775959 -0.280256182 2.619330406
-0.296600729 0.064689390 0.952808022 4.591516495 -0.002742604 0.997641325 -0.068587020 -0.322090447 -0.954997659 -0.022956133 -0.295723736 2.607110023
-0.310878217 0.065897427 0.948162556 4.631754875 -0.004203542 0.997488439 -0.070703827 -0.326039910 -0.950440466 -0.025965923 -0.309820443 2.593996525
-0.324417531 0.067739613 0.943485379 4.672177315 -0.002562200 0.997365832 -0.072489098 -0.329854608 -0.945910454 -0.025934130 -0.323389411 2.580076694
-0.338531494 0.068178348 0.938481987 4.712676525 0.000251709 0.997378111 -0.072366223 -0.332913637 -0.940955162 -0.024262013 -0.337661058 2.565855980
-0.352745265 0.065624364 0.933415413 4.753284454 0.000246877 0.997544169 -0.070039690 -0.336803079 -0.935719430 -0.024475731 -0.351895183 2.550934553
-0.367713064 0.064602219 0.927692652 4.793082714 -0.000458955 0.997571349 -0.069650322 -0.339943409 -0.929939210 -0.026037104 -0.366790295 2.535954237
-0.382370800 0.065844975 0.921659827 4.832748413 -0.002000225 0.997396469 -0.072085552 -0.343451411 -0.924006820 -0.029406944 -0.381243557 2.519999027
-0.397185922 0.067995243 0.915215790 4.871458054 -0.001016379 0.997218370 -0.074528664 -0.346819669 -0.917737544 -0.030531939 -0.396011949 2.503562927
-0.411515862 0.069842823 0.908722579 4.910516739 0.000464486 0.997075438 -0.076423131 -0.350244701 -0.911402464 -0.031027241 -0.410344809 2.485791683
-0.426393718 0.072155572 0.901655138 4.950197220 0.003506037 0.996937573 -0.078122608 -0.354281545 -0.904530883 -0.030149752 -0.425340921 2.467778683
-0.441400439 0.075445898 0.894132912 4.988566875 0.003095215 0.996581078 -0.082562357 -0.357888997 -0.897304952 -0.033675525 -0.440124840 2.449505806
-0.456502199 0.077332601 0.886355102 5.028349876 0.003407711 0.996360302 -0.085175216 -0.361829042 -0.889715731 -0.035862245 -0.455104142 2.429619312
-0.471818656 0.073495187 0.878627121 5.065502167 0.001334687 0.996578217 -0.082644813 -0.366165340 -0.881694615 -0.037820674 -0.470302224 2.409695625
-0.488062471 0.070313662 0.869971871 5.106099129 -0.000378719 0.996732593 -0.080771305 -0.369599879 -0.872808576 -0.039750911 -0.486441106 2.388384342
-0.503915489 0.071512133 0.860787630 5.144183159 0.000279292 0.996580362 -0.082629964 -0.372699678 -0.863752902 -0.041398104 -0.502212226 2.366233349
-0.519943357 0.069815375 0.851343036 5.182383537 -0.001941997 0.996555150 -0.082909718 -0.376922995 -0.854198575 -0.044761650 -0.518016696 2.343787670
-0.535609365 0.068663441 0.841669798 5.219716072 -0.002625612 0.996548653 -0.082969293 -0.380805045 -0.844461918 -0.046649024 -0.533580422 2.320066452
-0.551396370 0.068543933 0.831422746 5.256743908 -0.003269005 0.996433675 -0.084315725 -0.384599268 -0.834236979 -0.049209315 -0.549205899 2.296628714
-0.566990972 0.067910783 0.820919812 5.292661667 -0.003317865 0.996399343 -0.084718920 -0.388477325 -0.823717296 -0.050758567 -0.564724088 2.272396803
-0.582137764 0.065277301 0.810465634 5.329987526 -0.003857759 0.996539176 -0.083035149 -0.392213464 -0.813081026 -0.051464479 -0.579871237 2.246459246
-0.597058654 0.062040649 0.799794912 5.364945412 -0.003380562 0.996801496 -0.079846203 -0.396017849 -0.802190483 -0.050376628 -0.594939113 2.221000671
-0.612129331 0.059919454 0.788484156 5.402231216 -0.003390104 0.996916950 -0.078390799 -0.399685800 -0.790750206 -0.050658353 -0.610039055 2.192440510
-0.627002895 0.058142181 0.776844203 5.436960220 -0.004596726 0.996917367 -0.078323454 -0.403378963 -0.779003263 -0.052679967 -0.624802887 2.165075779
-0.641644001 0.059615683 0.764682293 5.472530365 -0.004839568 0.996640265 -0.081760302 -0.407506257 -0.766987324 -0.056161743 -0.639199734 2.135656595
-0.657322407 0.059195001 0.751281023 5.505557537 -0.006893943 0.996396303 -0.084539890 -0.410912693 -0.753577948 -0.060749263 -0.654545486 2.107469797
-0.672901571 0.055629350 0.737637341 5.541181564 -0.009050246 0.996474564 -0.083405703 -0.415403128 -0.739676654 -0.062799625 -0.670025885 2.076138020
-0.689139009 0.047955267 0.723040581 5.573593140 -0.012303782 0.996889591 -0.077845037 -0.419659883 -0.724524736 -0.062542178 -0.686405480 2.046423912
-0.706288040 0.045290109 0.706474304 5.608346462 -0.013820678 0.996879220 -0.077724196 -0.423343778 -0.707789600 -0.064659625 -0.703457892 2.013077736
-0.723673284 0.042749990 0.688817441 5.640241623 -0.015494367 0.996821702 -0.078144036 -0.426898301 -0.689968824 -0.067223541 -0.720710814 1.980658650
-0.741104782 0.038657431 0.670275450 5.672617912 -0.019111989 0.996721745 -0.078616463 -0.430619299 -0.671117306 -0.071073331 -0.737936497 1.946264744
-0.757505059 0.037406452 0.651756763 5.702339649 -0.017983686 0.996782601 -0.078110158 -0.434426665 -0.652581632 -0.070889831 -0.754395068 1.912523627
-0.773539424 0.038563240 0.632573843 5.730448723 -0.016596766 0.996572018 -0.081048712 -0.438768804 -0.633530855 -0.073193029 -0.770247698 1.878245115
-0.789067686 0.038795426 0.613079846 5.762726784 -0.012420169 0.996792316 -0.079062037 -0.442517102 -0.614180446 -0.069999866 -0.786054909 1.839708567
-0.803491235 0.040146586 0.593961239 5.790072441 -0.008057106 0.996898770 -0.078281038 -0.446668446 -0.595261872 -0.067683741 -0.800676167 1.803368330
-0.817666531 0.040660318 0.574254334 5.815577507 -0.006978791 0.996729314 -0.080510758 -0.450609863 -0.575649738 -0.069838561 -0.814708531 1.766515374
-0.832054794 0.043268751 0.553003252 5.844428062 -0.005289607 0.996288717 -0.085911632 -0.454097062 -0.554668188 -0.074408360 -0.828737974 1.726953745
-0.844889998 0.042886168 0.533218384 5.869037628 -0.003825432 0.996271312 -0.086190440 -0.457728267 -0.534926593 -0.074861236 -0.841575623 1.687947154
-0.857283950 0.040701982 0.513232410 5.892861843 -0.002396026 0.996543884 -0.083033331 -0.462119222 -0.514838219 -0.072412863 -0.854223609 1.652270436
-0.867054760 0.043845754 0.496279776 5.917526722 0.001684842 0.996372402 -0.085084744 -0.466464996 -0.498210073 -0.072936982 -0.863983214 1.607019186
-0.876806438 0.046577763 0.478582382 5.939799309 0.004606957 0.996065438 -0.088501155 -0.470937073 -0.480821490 -0.075393565 -0.873571157 1.567978024
-0.886114120 0.043820426 0.461390853 5.962953091 0.002580463 0.995971262 -0.089636132 -0.475438535 -0.463459969 -0.078237243 -0.882657290 1.526902437
-0.893968463 0.041705389 0.446184963 5.984458923 0.001735073 0.995974779 -0.089618422 -0.479430735 -0.448126495 -0.079341903 -0.890442312 1.482991457
-0.901281238 0.039962046 0.431387544 6.004922390 0.001100436 0.995944679 -0.089961305 -0.483755946 -0.433233142 -0.080605723 -0.897670150 1.442002177
-0.907922804 0.037444312 0.417461365 6.024947166 0.000184802 0.996037185 -0.088937886 -0.488872290 -0.419137239 -0.080671616 -0.904331803 1.399919987
-0.914060533 0.035335876 0.404035479 6.044439793 -0.000422432 0.996113896 -0.088073179 -0.493368417 -0.405577511 -0.080674887 -0.910493493 1.355499387
-0.919984639 0.030083541 0.390798122 6.063979626 -0.003415842 0.996396899 -0.084743679 -0.497451156 -0.391939402 -0.079297788 -0.916567147 1.312384129
-0.924926102 0.026814744 0.379199982 6.081403255 -0.004333406 0.996700466 -0.081050508 -0.501862645 -0.380122155 -0.076608963 -0.921758175 1.270088911
-0.929479837 0.026928082 0.367888570 6.099680901 -0.001830120 0.996983051 -0.077599309 -0.506120324 -0.368868142 -0.072800301 -0.926626325 1.226361394
-0.932940245 0.030692995 0.358720362 6.117430687 0.002081949 0.996802747 -0.079874277 -0.509935737 -0.360024959 -0.073771104 -0.930021465 1.181959987
-0.935067892 0.035476673 0.352688849 6.133954525 0.007337997 0.996703088 -0.080802619 -0.514216483 -0.354392678 -0.072967909 -0.932245314 1.139007330
-0.936717033 0.040185943 0.347773314 6.150169849 0.011774594 0.996444345 -0.083426744 -0.518453002 -0.349889398 -0.074052364 -0.933859587 1.094618201
-0.938923895 0.036474217 0.342186362 6.167085171 0.008819680 0.996590972 -0.082028039 -0.522783935 -0.344011784 -0.074000113 -0.936044872 1.051896930
-0.940843165 0.029359013 0.337568194 6.184114933 0.002863893 0.996892631 -0.078719832 -0.526514232 -0.338830411 -0.073096253 -0.938003719 1.006649494
-0.942598701 0.024129959 0.333054483 6.200514793 -0.001514961 0.997066438 -0.076525509 -0.531082690 -0.333923995 -0.072637439 -0.939797103 0.960999131
-0.944166660 0.017880125 0.328982532 6.216613293 -0.008443664 0.996885121 -0.078413457 -0.535042584 -0.329359859 -0.076813191 -0.941074908 0.916661501
-0.945675015 0.014636694 0.324783802 6.233145237 -0.012216796 0.996680796 -0.080488071 -0.539171278 -0.324883848 -0.080083378 -0.942357242 0.872207403
-0.946276188 0.015016061 0.323010683 6.248069286 -0.012474209 0.996482372 -0.082868122 -0.543164253 -0.323118776 -0.082445443 -0.942760289 0.827743173
-0.946567416 0.015893428 0.322113961 6.263712883 -0.012071511 0.996338904 -0.084633820 -0.547426343 -0.322279871 -0.084000029 -0.942910194 0.783588648
-0.946633101 0.017819880 0.321820199 6.279656410 -0.010464543 0.996244788 -0.085945666 -0.551986814 -0.322143197 -0.084726714 -0.942891836 0.738082647
-0.946128249 0.018415388 0.323267907 6.294347763 -0.010474755 0.996118128 -0.087402329 -0.556575418 -0.323622465 -0.086079977 -0.942262530 0.694766998
-0.945509732 0.019298701 0.325021505 6.309861183 -0.010313323 0.995965779 -0.089139313 -0.560861826 -0.325430572 -0.087634139 -0.941496253 0.649812579
-0.944640756 0.021598803 0.327394664 6.325446606 -0.007894435 0.996045887 -0.088488922 -0.565781116 -0.328011364 -0.086174838 -0.940734982 0.604462266
-0.944473684 0.019736674 0.327993721 6.341155529 -0.010214774 0.995948434 -0.089344040 -0.569758296 -0.328428268 -0.087733477 -0.940445483 0.563969731
-0.943580866 0.018149629 0.330644459 6.356596947 -0.012234217 0.995904505 -0.089580409 -0.573714316 -0.330916196 -0.088571534 -0.939494312 0.523067594
-0.941740632 0.016590076 0.335930854 6.373483658 -0.013606611 0.996085882 -0.087336525 -0.578660309 -0.336064994 -0.086819224 -0.937828720 0.476929545
-0.939770699 0.014445097 0.341500163 6.389198780 -0.015444809 0.996291459 -0.084644489 -0.582530022 -0.341456413 -0.084820807 -0.936062455 0.433490515
-0.937775314 0.008364998 0.347141862 6.404793739 -0.021342587 0.996431172 -0.081666023 -0.586677611 -0.346586108 -0.083993278 -0.934250057 0.394665360
-0.934532106 0.014766295 0.355572343 6.421867847 -0.015080987 0.996598065 -0.081023522 -0.591112435 -0.355559200 -0.081081465 -0.931130111 0.347594261
-0.931493461 0.012791870 0.363532841 6.438899040 -0.018592749 0.996400893 -0.082701929 -0.594474912 -0.363282382 -0.083795369 -0.927903116 0.305052161
-0.927638710 0.014298944 0.373204798 6.456040382 -0.018849347 0.996200919 -0.085020386 -0.598840296 -0.373002678 -0.085902855 -0.923845112 0.262034655
-0.923497796 0.017079985 0.383223325 6.474428177 -0.016597433 0.996293664 -0.084400862 -0.602795362 -0.383244514 -0.084304519 -0.919791520 0.218595982
-0.918316543 0.019749228 0.395353884 6.492362022 -0.015175565 0.996264040 -0.085016035 -0.607185781 -0.395555884 -0.084071338 -0.914586067 0.176454544
-0.912767947 0.021027658 0.407936990 6.511709213 -0.015755270 0.996118665 -0.086599030 -0.611482620 -0.408174545 -0.085471973 -0.908893883 0.134215117
-0.906683505 0.024574546 0.421095192 6.531486034 -0.012923397 0.996214509 -0.085963823 -0.615925491 -0.421613574 -0.083383948 -0.902933598 0.091939926
-0.900331616 0.022548020 0.434619993 6.551698208 -0.015398412 0.996381223 -0.083590515 -0.620327592 -0.434932023 -0.081951633 -0.896726251 0.049899340
-0.893855870 0.025909740 0.447605312 6.572202682 -0.013132472 0.996387422 -0.083901331 -0.624574780 -0.448162198 -0.080873847 -0.890286505 0.009317160
-0.886713028 0.028900683 0.461416006 6.593312263 -0.010392032 0.996546030 -0.082389005 -0.628767073 -0.462203413 -0.077850446 -0.883350074 -0.032095194
-0.879436433 0.029681316 0.475090116 6.615004539 -0.010002777 0.996681452 -0.080783874 -0.632699847 -0.475911260 -0.075796500 -0.876221061 -0.072123289
-0.871786058 0.032437935 0.488811642 6.637389183 -0.006472523 0.996955514 -0.077702381 -0.636631429 -0.489843965 -0.070903696 -0.868921995 -0.111912727
-0.863654196 0.035056062 0.502864242 6.660049438 -0.003767453 0.997102022 -0.075981237 -0.640809298 -0.504070699 -0.067516029 -0.861019313 -0.150633335
-0.854450464 0.038836621 0.518079162 6.682721138 0.000485503 0.997261286 -0.073956683 -0.644662738 -0.519532442 -0.062940791 -0.852129340 -0.188915014
-0.844490469 0.040989719 0.533999741 6.706783295 0.002375218 0.997343719 -0.072799645 -0.648617923 -0.535565317 -0.060210247 -0.842344701 -0.226389170
-0.833333254 0.044820268 0.550950885 6.730904102 0.006535767 0.997436583 -0.071256623 -0.652322650 -0.552732289 -0.055779621 -0.831489980 -0.263578415
-0.822243214 0.045971829 0.567276597 6.755262852 0.007494231 0.997520506 -0.069976017 -0.656314671 -0.569087088 -0.053286009 -0.820548892 -0.299625635
-0.811124265 0.047668181 0.582928061 6.781169891 0.008787749 0.997553945 -0.069345810 -0.660180211 -0.584807813 -0.051125448 -0.809559047 -0.334324598
-0.797950864 0.050446719 0.600607753 6.807515144 0.010186892 0.997477531 -0.070246898 -0.663164854 -0.602636516 -0.049935240 -0.796451926 -0.370506763
-0.784370780 0.051300161 0.618167222 6.834226131 0.012612844 0.997687221 -0.066791587 -0.667118490 -0.620163977 -0.044592518 -0.783203781 -0.404507399
-0.769142985 0.051757026 0.636977434 6.861151695 0.013406318 0.997802436 -0.064887561 -0.671159983 -0.638936102 -0.041368283 -0.768146574 -0.438123226
-0.752029896 0.055566881 0.656782568 6.890420914 0.016007911 0.997685969 -0.066079512 -0.674260855 -0.658934534 -0.039180052 -0.751179218 -0.472362280
-0.734488428 0.058018520 0.676136553 6.920151711 0.015106564 0.997489631 -0.069183186 -0.677040935 -0.678453028 -0.040600151 -0.733521163 -0.505668879
-0.717647970 0.059137441 0.693890572 6.949955940 0.015152602 0.997478008 -0.069339558 -0.680381060 -0.696241140 -0.039247137 -0.716734171 -0.535357237
-0.698961496 0.059727892 0.712660789 6.980648518 0.015106039 0.997516990 -0.068785951 -0.683718324 -0.714999676 -0.037313249 -0.698128283 -0.564978838
-0.679603457 0.059054416 0.731198847 7.013162613 0.014045348 0.997619212 -0.067517273 -0.687845707 -0.733445287 -0.035615034 -0.678814828 -0.594149113
