0.999996483 -0.002175953 -0.001514199 0.000094533 0.002180015 0.999993980 0.002686019 -0.000609262 0.001508345 -0.002689310 0.999995291 0.055962067
0.999993026 -0.002572614 -0.002702054 -0.000730591 0.002583187 0.999988973 0.003916734 -0.001650238 0.002691948 -0.003923686 0.999988675 0.116503038
0.999990940 -0.001938508 -0.003785360 -0.001268769 0.001951827 0.999991894 0.003518021 -0.001939827 0.003778510 -0.003525377 0.999986649 0.165439352
0.999984920 -0.001088974 -0.005381171 -0.001721175 0.001107595 0.999993384 0.003458666 -0.002619474 0.005377369 -0.003464573 0.999979556 0.220474422
0.999977112 -0.001101604 -0.006677908 -0.002341760 0.001123782 0.999993861 0.003318334 -0.003049028 0.006674212 -0.003325763 0.999972105 0.274911851
0.999975741 -0.001263243 -0.006848319 -0.004660319 0.001288113 0.999992609 0.003628408 -0.003621302 0.006843683 -0.003637141 0.999969959 0.330666184
0.999947250 -0.002984859 -0.009824460 -0.003943493 0.003022471 0.999988139 0.003815869 -0.004860932 0.009812955 -0.003845362 0.999944448 0.383619189
0.999932230 -0.004055266 -0.010912685 -0.005012846 0.004089541 0.999986708 0.003120333 -0.004903410 0.010899886 -0.003164750 0.999935567 0.439600348
0.999912858 -0.004048593 -0.012564209 -0.005524995 0.004093483 0.999985278 0.003549135 -0.005718106 0.012549655 -0.003600257 0.999914765 0.492613763
0.999912262 -0.003969505 -0.012637158 -0.006783684 0.004016732 0.999984980 0.003713997 -0.006476280 0.012622226 -0.003764432 0.999913275 0.547764778
0.999909699 -0.002749120 -0.013155820 -0.007892962 0.002811668 0.999984801 0.004738212 -0.007070148 0.013142595 -0.004774774 0.999902189 0.603725731
0.999893129 0.000036661 -0.014618753 -0.008705993 0.000035626 0.999987721 0.004944509 -0.007423025 0.014618755 -0.004944501 0.999880850 0.657290399
0.999868035 0.001233213 -0.016191982 -0.008869996 -0.001147830 0.999985397 0.005281426 -0.007738551 0.016198257 -0.005262144 0.999854922 0.711147606
0.999876022 0.000884796 -0.015722010 -0.010498159 -0.000797858 0.999984384 0.005535128 -0.008250015 0.015726663 -0.005521897 0.999861121 0.764152527
0.999878824 0.001573974 -0.015491332 -0.012011531 -0.001488407 0.999983668 0.005533481 -0.008465337 0.015499787 -0.005509753 0.999864757 0.819353104
0.999866843 0.002037841 -0.016193228 -0.011871064 -0.001944875 0.999981582 0.005754757 -0.008423223 0.016204657 -0.005722496 0.999852359 0.875205219
0.999860644 0.003047299 -0.016412921 -0.013734398 -0.002923999 0.999967277 0.007531141 -0.009457071 0.016435336 -0.007482101 0.999836922 0.922315836
0.999863863 0.004626843 -0.015837427 -0.015410848 -0.004529250 0.999970555 0.006192476 -0.010070893 0.015865613 -0.006119901 0.999855459 0.976965070
0.999864280 0.003823647 -0.016027737 -0.016495593 -0.003765301 0.999986112 0.003668908 -0.009940417 0.016041547 -0.003608060 0.999864757 1.025608659
0.999876797 0.002625048 -0.015478350 -0.017559920 -0.002574933 0.999991357 0.003256866 -0.010215580 0.015486767 -0.003216608 0.999874890 1.079210758
0.999884665 0.001289190 -0.015140836 -0.018491277 -0.001202851 0.999982953 0.005710109 -0.010746555 0.015147942 -0.005691238 0.999869049 1.131330609
0.999885142 0.000404890 -0.015151042 -0.019352496 -0.000288218 0.999970257 0.007701949 -0.011733445 0.015153710 -0.007696697 0.999855518 1.181889296
0.999886692 -0.000183902 -0.015050132 -0.020000972 0.000286175 0.999976814 0.006793620 -0.011734996 0.015048535 -0.006797157 0.999863625 1.233650446
0.999895036 -0.000230324 -0.014486140 -0.021372890 0.000300830 0.999988079 0.004865189 -0.012121318 0.014484847 -0.004869037 0.999883235 1.284139991
0.999902606 0.000772510 -0.013929013 -0.022321656 -0.000713264 0.999990642 0.004257941 -0.013017334 0.013932173 -0.004247592 0.999893963 1.331804276
0.999914348 0.001374716 -0.013010127 -0.023569766 -0.001335079 0.999994457 0.003054861 -0.013639027 0.013014253 -0.003037230 0.999910772 1.381677389
0.999926209 0.002726433 -0.011841997 -0.023670319 -0.002678014 0.999988019 0.004102665 -0.014023356 0.011853038 -0.004070650 0.999921560 1.432379007
0.999945760 0.002960718 -0.009984235 -0.024999950 -0.002899910 0.999977171 0.006099411 -0.014450133 0.010002065 -0.006070128 0.999931514 1.476935863
0.999961853 0.002207151 -0.008445614 -0.025081415 -0.002144212 0.999969840 0.007454064 -0.015302346 0.008461813 -0.007435671 0.999936521 1.525231004
0.999967098 0.002641472 -0.007677225 -0.024583578 -0.002580463 0.999965012 0.007945961 -0.015585673 0.007697946 -0.007925889 0.999938905 1.570064068
0.999992788 0.002625817 -0.002724186 -0.026649453 -0.002605467 0.999968827 0.007446911 -0.016181270 0.002743655 -0.007439761 0.999968529 1.614767432
0.999997318 0.002240858 0.000547629 -0.026399115 -0.002243682 0.999983788 0.005211170 -0.016528249 -0.000535943 -0.005212383 0.999986291 1.660328507
0.999993205 0.000933473 0.003566916 -0.025746550 -0.000943516 0.999995470 0.002814871 -0.016483951 -0.003564273 -0.002818217 0.999989629 1.705624938
0.999968529 0.002239828 0.007603506 -0.025505055 -0.002268026 0.999990463 0.003701911 -0.017089974 -0.007595141 -0.003719038 0.999964297 1.749682069
0.999904096 0.001489651 0.013767013 -0.026245667 -0.001541270 0.999991775 0.003739601 -0.018105747 -0.013761330 -0.003760462 0.999898195 1.792669058
0.999788523 0.003313304 0.020295912 -0.025619034 -0.003368246 0.999990761 0.002673503 -0.018296218 -0.020286866 -0.002741300 0.999790430 1.836141109
0.999628782 0.003198994 0.027057568 -0.024099115 -0.003293129 0.999988616 0.003435203 -0.019571438 -0.027046273 -0.003523031 0.999627948 1.878297806
0.999388039 0.006461129 0.034376167 -0.023246258 -0.006612976 0.999968827 0.004305347 -0.019419577 -0.034347273 -0.004530041 0.999399662 1.915107727
0.998930573 0.007275449 0.045658872 -0.021529324 -0.007513394 0.999959052 0.005041931 -0.020727331 -0.045620315 -0.005379591 0.998944342 1.959695578
0.998241842 0.008046719 0.058724709 -0.019359082 -0.008317023 0.999955952 0.004359922 -0.020711288 -0.058687035 -0.004840671 0.998264670 2.001129150
0.997127593 0.011709766 0.074830309 -0.017190814 -0.012068655 0.999917686 0.004345635 -0.020394865 -0.074773267 -0.005236252 0.997186840 2.046375990
0.995879948 0.014122072 0.089575410 -0.013509050 -0.014781031 0.999868393 0.006697387 -0.021631369 -0.089469030 -0.007993810 0.995957553 2.081285238
0.994047403 0.014803531 0.107937977 -0.010100976 -0.015621058 0.999855340 0.006732426 -0.021466706 -0.107822694 -0.008378456 0.994134843 2.123037815
0.991786718 0.015303551 0.126983464 -0.005608112 -0.016221028 0.999849319 0.006194163 -0.022073135 -0.126869515 -0.008203092 0.991885483 2.161306143
0.988937378 0.012972120 0.147765815 -0.001044750 -0.013898851 0.999889731 0.005240747 -0.022890031 -0.147681534 -0.007236545 0.989008486 2.198646069
0.985645294 0.010460739 0.168505520 0.005287856 -0.011371391 0.999925494 0.004440184 -0.022709735 -0.168446511 -0.006292589 0.985690713 2.237720490
0.981667399 0.004953883 0.190537304 0.012211204 -0.006233004 0.999961853 0.006114502 -0.022550769 -0.190499753 -0.007190029 0.981660903 2.274310589
0.976966500 0.000741228 0.213391289 0.021146238 -0.002424201 0.999967992 0.007625236 -0.022654912 -0.213378817 -0.007966903 0.976936996 2.313532352
0.971512854 -0.004323546 0.236947119 0.030076623 0.002681644 0.999970138 0.007251261 -0.023103658 -0.236971408 -0.006409286 0.971495509 2.348805904
0.964995205 -0.010873162 0.262041867 0.039717078 0.009912721 0.999938428 0.004986859 -0.023250490 -0.262079954 -0.002214748 0.965043664 2.384221315
0.957270026 -0.013587114 0.288876235 0.049828887 0.012489821 0.999906063 0.005641541 -0.023351256 -0.288925737 -0.001792466 0.957349896 2.419688463
0.948463321 -0.016682813 0.316447198 0.060961843 0.014828783 0.999855876 0.008266313 -0.024205353 -0.316539437 -0.003147768 0.948574126 2.455476284
0.938615024 -0.021457741 0.344298214 0.073288262 0.018739939 0.999761343 0.011220028 -0.024575949 -0.344456851 -0.004079157 0.938793361 2.489126205
0.927487075 -0.024448568 0.373054773 0.085882306 0.021921480 0.999699116 0.011015326 -0.025031993 -0.373211831 -0.002038659 0.927743912 2.521843433
0.914829910 -0.024027674 0.403123736 0.097821116 0.022805780 0.999709308 0.007832032 -0.026186764 -0.403194726 0.002028573 0.915111959 2.553797483
0.902788043 -0.024956064 0.429361105 0.114635766 0.027011648 0.999634266 0.001306938 -0.025216360 -0.429236740 0.010417863 0.903131962 2.581598759
0.888442099 -0.026371347 0.458230317 0.131941140 0.029945564 0.999551356 -0.000535516 -0.026140491 -0.458010644 0.014197742 0.888833344 2.614619493
0.872741282 -0.026825445 0.487445414 0.148337722 0.029423261 0.999564290 0.002328176 -0.026119411 -0.487295508 0.012310339 0.873150349 2.644048452
0.854148090 -0.025883289 0.519385099 0.164408922 0.025159240 0.999647856 0.008441613 -0.027160229 -0.519420683 0.005856948 0.854498625 2.674944639
0.834809482 -0.026055027 0.549922109 0.184045792 0.023163492 0.999657273 0.012199897 -0.027369376 -0.550051451 0.002553526 0.835126936 2.703059196
0.813394845 -0.019808045 0.581374586 0.202935696 0.019624066 0.999785602 0.006607928 -0.026876720 -0.581380844 0.006034079 0.813609183 2.730424881
0.791303754 -0.013346232 0.611277461 0.223982573 0.016609842 0.999862075 0.000328752 -0.028070020 -0.611197531 0.009893080 0.791416287 2.758040905
0.768992245 -0.011291736 0.639158428 0.245515347 0.015905241 0.999872327 -0.001471795 -0.028774163 -0.639060259 0.011297767 0.769073725 2.784123898
0.745341539 -0.014169889 0.666532278 0.266688347 0.017300276 0.999848425 0.001910074 -0.029337138 -0.666458309 0.010107536 0.745473802 2.808600426
0.720503628 -0.013962986 0.693310618 0.290375948 0.017836820 0.999839604 0.001599937 -0.028695691 -0.693221688 0.011213697 0.720637202 2.834045410
0.695565641 -0.012184579 0.718359292 0.314050913 0.018790545 0.999822676 -0.001235650 -0.029321235 -0.718216836 0.014357837 0.695671201 2.855964661
0.669872582 -0.008949794 0.742422223 0.339055419 0.017781062 0.999833941 -0.003990638 -0.029680230 -0.742263198 0.015874274 0.669920385 2.877493858
0.642546892 -0.007353410 0.766211092 0.363751411 0.016969858 0.999845266 -0.004635354 -0.030095872 -0.766058445 0.015980925 0.642572284 2.898839951
0.614054978 -0.005743897 0.789242506 0.389695406 0.016913967 0.999839604 -0.005883022 -0.030545847 -0.789082110 0.016961720 0.614053607 2.919790030
0.585236013 0.000184493 0.810863137 0.416823626 0.015757857 0.999808550 -0.011600631 -0.031796109 -0.810710013 0.019566569 0.585120916 2.939812660
0.555157840 0.009396387 0.831691980 0.444207788 0.014173044 0.999684155 -0.020754913 -0.033004545 -0.831624269 0.023309860 0.554849327 2.958055496
0.524276376 0.018503716 0.851347089 0.473175168 0.013138438 0.999469101 -0.029814010 -0.033257142 -0.851446748 0.026816154 0.523754954 2.976246119
0.494238436 0.024068618 0.868993104 0.502340436 0.013065164 0.999298155 -0.035108488 -0.032089226 -0.869228184 0.028705504 0.493577063 2.990585089
0.461871922 0.023375574 0.886638522 0.532842755 0.010859301 0.999428689 -0.032006085 -0.033892222 -0.886880159 0.024410989 0.461354136 3.006556511
0.426294208 0.021667454 0.904325008 0.563420057 0.004408677 0.999651432 -0.026029684 -0.036802642 -0.904573798 0.015083181 0.426050097 3.024411440
0.392122746 0.022710787 0.919632494 0.594944477 0.000551601 0.999689221 -0.024923027 -0.037797891 -0.919912696 0.010280157 0.391988367 3.037660837
0.357668340 0.025611080 0.933497429 0.626975179 -0.007038122 0.999669433 -0.024729900 -0.039394364 -0.933822215 0.002275033 0.357730329 3.049746513
0.320721030 0.027547535 0.946772993 0.660967171 -0.011592405 0.999616265 -0.025158122 -0.040536854 -0.947102785 -0.002906639 0.320917279 3.063517570
0.284829468 0.027499618 0.958183646 0.695208371 -0.013718364 0.999602914 -0.024610428 -0.041097686 -0.958480060 -0.006134940 0.285093606 3.073706150
0.247817785 0.026501745 0.968444109 0.728766561 -0.014834442 0.999612391 -0.023558652 -0.042769454 -0.968693018 -0.008528078 0.248114854 3.083273888
0.212278396 0.026184140 0.976858377 0.763679028 -0.013998389 0.999619842 -0.023752304 -0.043835443 -0.977108955 -0.008632343 0.212564185 3.090655804
0.177233875 0.024634425 0.983860373 0.799594760 -0.011797532 0.999668062 -0.022905001 -0.044926893 -0.984098136 -0.007547583 0.177465647 3.096862078
0.142127320 0.023875775 0.989560306 0.834179580 -0.003914258 0.999714732 -0.023558583 -0.046272941 -0.989840627 -0.000525075 0.142180204 3.102018118
0.108562261 0.027204104 0.993717313 0.870771885 -0.002116471 0.999629557 -0.027134731 -0.047693510 -0.994087338 0.000842635 0.108579636 3.105910301
0.075877652 0.032235175 0.996595919 0.906251967 -0.000793000 0.999478936 -0.032268062 -0.048891932 -0.997116804 0.001658123 0.075863682 3.108864784
0.046670251 0.036145892 0.998256147 0.943118393 0.006234580 0.999315143 -0.036475725 -0.050313812 -0.998890877 0.007926038 0.046412934 3.110564232
0.021272553 0.034452662 0.999179840 0.979618490 0.008128652 0.999366999 -0.034632176 -0.051731668 -0.999740660 0.008858700 0.020979030 3.111102104
-0.000915764 0.031453922 0.999504745 1.016836286 0.009984278 0.999455631 -0.031443220 -0.053158358 -0.999949634 0.009950539 -0.001229307 3.111265182
-0.019948348 0.029021764 0.999379694 1.054468155 0.010108538 0.999533415 -0.028824452 -0.054546002 -0.999749899 0.009527269 -0.020232407 3.110549927
-0.036555357 0.032083098 0.998816431 1.091620326 0.011395106 0.999432921 -0.031685848 -0.056042284 -0.999266684 0.010223330 -0.036900222 3.109456539
-0.051319901 0.036381647 0.998019397 1.129337788 0.014477665 0.999258339 -0.035682343 -0.057547655 -0.998577237 0.012617772 -0.051808566 3.107559681
-0.062921122 0.041601490 0.997151196 1.166994572 0.018518515 0.999007463 -0.040510412 -0.059204832 -0.997846663 0.015916796 -0.063629068 3.104881287
-0.071718976 0.044898316 0.996413887 1.204588890 0.024911007 0.998755395 -0.043210801 -0.061242167 -0.997113705 0.021722635 -0.072748169 3.102175713
-0.077987947 0.050135419 0.995692909 1.241584420 0.027313096 0.998467267 -0.048135806 -0.063355885 -0.996580124 0.023441445 -0.079237752 3.099107742
-0.081093118 0.055165153 0.995178759 1.279625893 0.029868037 0.998153210 -0.052896205 -0.065175250 -0.996258855 0.025434518 -0.082591020 3.095580816
-0.084524542 0.059106670 0.994666815 1.315881848 0.031197056 0.997906744 -0.056648135 -0.067592695 -0.995932937 0.026242517 -0.086191557 3.092727423
-0.087210156 0.062066194 0.994254708 1.356193066 0.032456417 0.997704446 -0.059434667 -0.070183992 -0.995661080 0.027086634 -0.089024402 3.090029001
-0.088952497 0.065458395 0.993882656 1.393752337 0.033767045 0.997462749 -0.062672041 -0.072832525 -0.995463312 0.027985642 -0.090937145 3.086060524
-0.091585085 0.068948612 0.993407428 1.430793881 0.035325572 0.997197151 -0.065954857 -0.075859264 -0.995170474 0.029052207 -0.093764029 3.083231449
-0.093838282 0.070773631 0.993068695 1.470741510 0.037765767 0.997005224 -0.067485571 -0.078124776 -0.994870901 0.031171275 -0.096230067 3.079747677
-0.096218728 0.069009095 0.992965102 1.508504868 0.037699807 0.997130573 -0.065645449 -0.081404842 -0.994646013 0.031118274 -0.098544255 3.076319695
-0.098313674 0.068403468 0.992801726 1.547047377 0.038156658 0.997160256 -0.064925246 -0.084670298 -0.994423747 0.031498961 -0.100644551 3.072759390
-0.099794909 0.070190020 0.992529273 1.586259961 0.037856314 0.997054338 -0.066703729 -0.086832099 -0.994287610 0.030916803 -0.102158077 3.067673445
-0.102356441 0.072270460 0.992119074 1.623835444 0.036869984 0.996947646 -0.068818338 -0.089608379 -0.994064271 0.029535407 -0.104708627 3.064120054
-0.105613828 0.074607193 0.991604507 1.662553310 0.033456612 0.996883571 -0.071440995 -0.092062354 -0.993844271 0.025630571 -0.107780792 3.060476065
-0.107283920 0.077824436 0.991177917 1.701902270 0.032802988 0.996666014 -0.074704789 -0.095824942 -0.993687093 0.024498980 -0.109479114 3.055736065
-0.110062264 0.081694365 0.990561604 1.739582062 0.029470693 0.996446431 -0.078905173 -0.098943189 -0.993487716 0.020508058 -0.112078726 3.052675724
-0.112874985 0.084108204 0.990042925 1.778658271 0.027568469 0.996292174 -0.081496023 -0.102266036 -0.993226707 0.018095102 -0.114775203 3.048337698
-0.115221821 0.082522847 0.989906013 1.819447041 0.025716413 0.996456981 -0.080075674 -0.105942681 -0.993006825 0.016230371 -0.116935775 3.042884588
-0.117843285 0.078623757 0.989914894 1.859304190 0.022715984 0.996813297 -0.076467484 -0.108915061 -0.992772341 0.013475707 -0.119253770 3.037759781
-0.120979406 0.077131957 0.989653766 1.898195624 0.022377023 0.996935129 -0.074963972 -0.112067677 -0.992402792 0.013076407 -0.122334599 3.033757448
-0.123390339 0.078097135 0.989280403 1.936643600 0.021412103 0.996875942 -0.076026060 -0.114890657 -0.992127240 0.011801688 -0.124677069 3.029614210
-0.123399779 0.080520026 0.989084959 1.981200218 0.022900393 0.996668398 -0.078280278 -0.118783183 -0.992092729 0.012990667 -0.124832585 3.023548365
-0.124374866 0.083136171 0.988746345 2.020390511 0.023325719 0.996453285 -0.080850035 -0.122339718 -0.991961062 0.013007504 -0.125872970 3.019043684
-0.125307530 0.083863609 0.988567054 2.061733723 0.021700539 0.996414244 -0.081778623 -0.126062512 -0.991880536 0.011204958 -0.126678094 3.014857531
-0.124375492 0.082598306 0.988791466 2.102717876 0.018584648 0.996548295 -0.080908597 -0.129486382 -0.992061079 0.008313291 -0.125481233 3.008738041
-0.123867393 0.081970751 0.988907337 2.143954754 0.014801092 0.996623993 -0.080756433 -0.133164227 -0.992188394 0.004633815 -0.124662444 3.003465414
-0.124613203 0.082973644 0.988729954 2.185541391 0.010488772 0.996551812 -0.082308091 -0.136755303 -0.992149889 0.000113888 -0.125053778 2.999417782
-0.124378227 0.082962081 0.988760471 2.225289822 0.007627209 0.996548951 -0.082656138 -0.140375257 -0.992205501 -0.002739141 -0.124581739 2.994032145
-0.125778660 0.082569599 0.988616168 2.265894413 0.004225615 0.996565878 -0.082695954 -0.143854856 -0.992049396 -0.006223875 -0.125695616 2.990232468
-0.126623034 0.077197522 0.988942504 2.305778742 0.004606727 0.997002184 -0.077236824 -0.147580951 -0.991940200 -0.005224174 -0.126599073 2.985526800
-0.126472980 0.068548232 0.989598751 2.346410751 0.007638591 0.997647226 -0.068129510 -0.150802493 -0.991940677 -0.001057401 -0.126699015 2.979846954
-0.125687674 0.063518010 0.990034401 2.390451431 0.012472317 0.997970700 -0.062443770 -0.153643832 -0.991991460 0.004499609 -0.126224786 2.973936081
-0.125366464 0.066512659 0.989878476 2.431703091 0.020172575 0.997714937 -0.064484395 -0.155962989 -0.991905391 0.011884221 -0.126421690 2.968545198
-0.122756682 0.072743498 0.989767253 2.472998857 0.026573366 0.997193396 -0.069993511 -0.158223212 -0.992080986 0.017709272 -0.124345213 2.961302519
-0.121399373 0.077629790 0.989563406 2.515602589 0.030967928 0.996747911 -0.074394271 -0.162274867 -0.992120683 0.021613309 -0.123408601 2.956058979
-0.120294355 0.082591660 0.989296675 2.557528496 0.030845558 0.996362984 -0.079430908 -0.165025949 -0.992258966 0.020960318 -0.122404441 2.950523853
-0.121075869 0.079095781 0.989487052 2.599593401 0.028875360 0.996679127 -0.076137438 -0.169343933 -0.992223263 0.019353382 -0.122957714 2.945873499
-0.119293466 0.074612126 0.990051508 2.641976357 0.029118981 0.997006297 -0.071627632 -0.172605082 -0.992431879 0.020284586 -0.121108986 2.940058470
-0.119189009 0.073389873 0.990155458 2.685273647 0.027672842 0.997122526 -0.070575170 -0.175499141 -0.992485821 0.018988632 -0.120876953 2.934975147
-0.119075328 0.074305803 0.990100861 2.727421761 0.025825877 0.997090042 -0.071724370 -0.178629100 -0.992549300 0.017029626 -0.120647848 2.930208206
-0.118840173 0.078669786 0.989791930 2.767539501 0.026038188 0.996760368 -0.076097362 -0.182021350 -0.992571831 0.016728966 -0.120503597 2.925374508
-0.118389793 0.081045233 0.989654243 2.810416698 0.024476685 0.996598840 -0.078685872 -0.185163766 -0.992665410 0.014907850 -0.119970851 2.920660734
-0.118424259 0.080379464 0.989704370 2.853748083 0.025659472 0.996633112 -0.077871859 -0.188581079 -0.992631495 0.016173374 -0.120088018 2.915424347
-0.117522717 0.072644003 0.990409613 2.896739244 0.026866589 0.997188449 -0.069953188 -0.192694634 -0.992706656 0.018387841 -0.119143985 2.909955263
-0.117936864 0.071804538 0.990421653 2.938875675 0.026348269 0.997257352 -0.069162659 -0.195460021 -0.992671490 0.017939067 -0.119505338 2.904992819
-0.116751805 0.075602263 0.990279436 2.981679440 0.024181981 0.997019172 -0.073265813 -0.198246181 -0.992866695 0.015393000 -0.118232004 2.899642944
-0.116838619 0.077847593 0.990095198 3.023442745 0.022870550 0.996869802 -0.075681344 -0.201998472 -0.992887616 0.013801520 -0.118253306 2.894723415
-0.117926285 0.078212708 0.989937425 3.068018198 0.021967957 0.996854961 -0.076142304 -0.204864636 -0.992779255 0.012767726 -0.119273581 2.890916824
-0.117597423 0.074247941 0.990281761 3.110874414 0.022487927 0.997144461 -0.072092004 -0.208728760 -0.992806673 0.013791555 -0.118931301 2.886130333
-0.117397204 0.073428415 0.990366578 3.154748678 0.022226075 0.997207284 -0.071300916 -0.212085187 -0.992836237 0.013641433 -0.118701361 2.881370306
-0.115199178 0.074047677 0.990578651 3.198938608 0.023358328 0.997143924 -0.071821995 -0.215164065 -0.993067682 0.014864428 -0.116599813 2.875412464
-0.115136780 0.073952213 0.990593016 3.242709875 0.026115414 0.997105718 -0.071403004 -0.218894303 -0.993006289 0.017648637 -0.116734818 2.870908737
-0.112942867 0.073643282 0.990868628 3.287909269 0.025033450 0.997143984 -0.071256272 -0.222258627 -0.993286073 0.016756974 -0.114463851 2.864909649
-0.111930765 0.074428059 0.990924835 3.330276489 0.026837038 0.997053742 -0.071856998 -0.225292653 -0.993353546 0.018550478 -0.113598421 2.860480785
-0.111283422 0.072890766 0.991111994 3.374025345 0.026672591 0.997166216 -0.070341185 -0.228436232 -0.993430734 0.018607711 -0.112912275 2.855811834
-0.109493919 0.071965136 0.991378903 3.418618917 0.025010083 0.997259378 -0.069629751 -0.231860846 -0.993672729 0.017170437 -0.110993676 2.850746632
-0.109209172 0.071605980 0.991436362 3.463050842 0.025206480 0.997280717 -0.069251545 -0.234691620 -0.993699074 0.017427722 -0.110717133 2.846610308
-0.106183857 0.072514765 0.991698980 3.508134127 0.024897631 0.997218490 -0.070252515 -0.238275111 -0.994034767 0.017231267 -0.107693970 2.841104507
-0.105568551 0.075507864 0.991541266 3.552681923 0.024759488 0.997003555 -0.073287703 -0.241568729 -0.994103730 0.016813176 -0.107121758 2.837092161
-0.103570439 0.074769706 0.991807759 3.597680092 0.022694670 0.997088432 -0.072797902 -0.244406641 -0.994363189 0.014969040 -0.104965769 2.831786633
-0.103529327 0.072646804 0.991969824 3.641174793 0.018616578 0.997295797 -0.071093895 -0.248158783 -0.994452178 0.011106783 -0.104601793 2.827760696
-0.102993682 0.074104011 0.991917789 3.687722206 0.016827110 0.997208059 -0.072752036 -0.251379371 -0.994539618 0.009198113 -0.103953101 2.822692871
-0.102786034 0.074780427 0.991888642 3.733469486 0.013695108 0.997181892 -0.073760338 -0.253919959 -0.994609177 0.006002492 -0.103520527 2.817854166
-0.104400299 0.070669435 0.992021382 3.776089907 0.011680006 0.997490525 -0.069829836 -0.258481860 -0.994466722 0.004296558 -0.104963727 2.814164162
-0.107666969 0.069724962 0.991739035 3.821007252 0.009503648 0.997564256 -0.069102749 -0.261587650 -0.994141638 0.001985053 -0.108067364 2.810377598
-0.106834702 0.068351790 0.991924584 3.867568016 0.007625638 0.997661352 -0.067925759 -0.265389562 -0.994247556 0.000307230 -0.107106037 2.804690123
-0.108542524 0.068322897 0.991741180 3.911474943 0.007785031 0.997663200 -0.067878842 -0.268668860 -0.994061351 0.000352997 -0.108820751 2.799889326
-0.111054234 0.067249216 0.991536438 3.958898544 0.006521492 0.997735739 -0.066939250 -0.272061318 -0.993792951 -0.000967590 -0.111241348 2.795024157
-0.114255242 0.062607944 0.991476715 4.003287315 0.003618645 0.998031855 -0.062604889 -0.275184691 -0.993444800 -0.003565134 -0.114256941 2.790136576
-0.118362449 0.062476858 0.991003036 4.050778389 0.003104449 0.998036981 -0.062549517 -0.278603196 -0.992965579 -0.004326997 -0.118324071 2.784741163
-0.124467678 0.068053551 0.989887178 4.096360207 -0.002294219 0.997622728 -0.068873830 -0.281988978 -0.992220998 -0.010843585 -0.124015674 2.779598951
-0.131048366 0.071371906 0.988803566 4.140740871 -0.000744948 0.997397780 -0.072090976 -0.285346687 -0.991375804 -0.010184012 -0.130654186 2.773831606
-0.139567107 0.067970447 0.987877131 4.187194824 0.001033586 0.997650802 -0.068496913 -0.288255066 -0.990212202 -0.008538859 -0.139309481 2.766683578
-0.149481714 0.065492369 0.986593068 4.231311321 0.003476298 0.997832537 -0.065711759 -0.291722536 -0.988758445 -0.006393016 -0.149385378 2.759627819
-0.162936091 0.066805251 0.984372377 4.277339935 0.003734536 0.997739673 -0.067094281 -0.294972658 -0.986629546 -0.007255907 -0.162817284 2.752758980
-0.176468864 0.067536205 0.981986642 4.321135044 0.008030792 0.997708976 -0.067174308 -0.298013687 -0.984273374 -0.003968048 -0.176606923 2.744480133
-0.191040263 0.065473028 0.979396164 4.365283966 0.007776955 0.997842550 -0.065189220 -0.301479101 -0.981551349 -0.004837046 -0.191137299 2.736317635
-0.206022531 0.068139404 0.976171970 4.408385277 0.011138562 0.997671306 -0.067289315 -0.304595947 -0.978483796 -0.002989962 -0.206301749 2.727394104
-0.221830413 0.071134746 0.972487211 4.452339172 0.012233712 0.997459948 -0.070170879 -0.308337569 -0.975008547 -0.003668904 -0.222137183 2.718192577
-0.236220017 0.075491592 0.968762636 4.495338440 0.010832277 0.997120202 -0.075060055 -0.311438262 -0.971639216 -0.007236782 -0.236357465 2.707238197
-0.253192097 0.072602451 0.964687824 4.537807941 0.008037782 0.997303367 -0.072947517 -0.315537959 -0.967382669 -0.010715779 -0.253092885 2.697283268
-0.269228399 0.066927567 0.960748017 4.580317974 0.003003762 0.997635841 -0.068655513 -0.319227546 -0.963071704 -0.015598156 -0.268792957 2.686113119
-0.284856766 0.063089423 0.956491709 4.622954845 -0.001626684 0.997798502 -0.066298440 -0.322217822 -0.958568633 -0.020441469 -0.284127086 2.673980474
-0.300303072 0.064760923 0.951642931 4.664948940 -0.002962714 0.997624338 -0.068824954 -0.325507939 -0.953839123 -0.023487786 -0.299397707 2.661369801
-0.314334124 0.066514596 0.946979344 4.706391335 -0.003778762 0.997446775 -0.071313649 -0.329059631 -0.949304879 -0.025994729 -0.313280165 2.647727251
-0.328211308 0.069089592 0.942074299 4.747603416 -0.001603884 0.997279406 -0.073696978 -0.332480013 -0.944602966 -0.025699163 -0.327207565 2.633638859
-0.342397243 0.068812907 0.937031984 4.788258553 0.000550596 0.997328877 -0.073039725 -0.335970402 -0.939555109 -0.024492675 -0.341520518 2.619241238
-0.357011735 0.066201203 0.931751013 4.829356194 0.000492059 0.997498572 -0.070684031 -0.339914143 -0.934099674 -0.024776556 -0.356151223 2.604210377
-0.371336013 0.065076582 0.926215231 4.869613171 0.000084711 0.997543156 -0.070054181 -0.343362004 -0.928498566 -0.025935179 -0.370429307 2.588500500
-0.386145979 0.066320471 0.920050502 4.910005093 -0.001682475 0.997359812 -0.072599329 -0.346907645 -0.922436178 -0.029581903 -0.385014921 2.572044373
-0.401066273 0.068139344 0.913511276 4.949377537 -0.000880888 0.997200429 -0.074768506 -0.350486368 -0.916048586 -0.030791825 -0.399883389 2.555250645
-0.415265977 0.070354849 0.906975329 4.988982677 0.001040726 0.997040987 -0.076864794 -0.353923976 -0.909699500 -0.030975416 -0.414110303 2.536999941
-0.430003226 0.072731912 0.899892926 5.029100895 0.003830372 0.996887743 -0.078740984 -0.357998669 -0.902819216 -0.030411964 -0.428943634 2.518388271
-0.444938779 0.075706370 0.892355263 5.068452358 0.003442589 0.996557772 -0.082830243 -0.362191498 -0.895554304 -0.033782385 -0.443667889 2.499377251
-0.459686548 0.077860378 0.884661555 5.108602047 0.003874646 0.996315718 -0.085673884 -0.365909845 -0.888072729 -0.035955384 -0.458294630 2.478842735
-0.474858761 0.075485356 0.876818717 5.147421837 0.003425836 0.996465743 -0.083930433 -0.369606405 -0.880055308 -0.036851265 -0.473439068 2.458089828
-0.491284102 0.071166337 0.868087173 5.187931061 0.000475723 0.996678233 -0.081439093 -0.373583585 -0.870999277 -0.039596766 -0.489686012 2.436436176
-0.507552624 0.071130984 0.858679652 5.226466656 -0.000006445 0.996586263 -0.082558654 -0.377441376 -0.861620784 -0.041908387 -0.505819499 2.414330959
-0.523118794 0.070305794 0.849354923 5.264948845 -0.001316100 0.996523798 -0.083298348 -0.381265908 -0.852258801 -0.044692781 -0.521207809 2.390844345
-0.538630843 0.069049895 0.839707613 5.302612305 -0.002147431 0.996520400 -0.083322212 -0.385218292 -0.842539191 -0.046683136 -0.536608398 2.366528511
-0.554428101 0.069432907 0.829330146 5.341609955 -0.002355473 0.996378779 -0.084993191 -0.388934821 -0.832228184 -0.049076088 -0.552256823 2.341730118
-0.569997430 0.068889707 0.818753421 5.378393173 -0.002403161 0.996334910 -0.085504405 -0.392835975 -0.821642935 -0.050704882 -0.567742765 2.316833019
-0.585080266 0.065961048 0.808288515 5.415787697 -0.003089607 0.996498227 -0.083556466 -0.396973073 -0.810969532 -0.051384531 -0.582827628 2.290333271
-0.599887013 0.062801689 0.797616184 5.453077793 -0.003186633 0.996719182 -0.080875069 -0.400467634 -0.800078452 -0.051057607 -0.597718656 2.262755871
-0.614490807 0.060728751 0.786583245 5.487996578 -0.002175964 0.996898711 -0.078666210 -0.404730231 -0.788920939 -0.050051235 -0.612452924 2.236318588
-0.629763544 0.059096497 0.774535596 5.525881290 -0.003071597 0.996904492 -0.078560568 -0.408699989 -0.776780844 -0.051853634 -0.627632558 2.206216812
-0.644482672 0.060223699 0.762243569 5.560704231 -0.003792488 0.996629238 -0.081948742 -0.412961781 -0.764609575 -0.055705335 -0.642081797 2.177501678
-0.660127938 0.059184648 0.748817861 5.596824646 -0.006770046 0.996381760 -0.084719650 -0.416830301 -0.751122713 -0.060995337 -0.657338738 2.146833658
-0.675643384 0.055900130 0.735106230 5.631731987 -0.008903522 0.996429682 -0.083955407 -0.420897067 -0.737174869 -0.063268960 -0.672733307 2.115342617
-0.691860974 0.048253950 0.720416486 5.666489601 -0.011883629 0.996868134 -0.078183465 -0.425291479 -0.721933007 -0.062653251 -0.689120770 2.082815647
-0.709089279 0.045807306 0.703629196 5.699519634 -0.013275596 0.996843457 -0.078274585 -0.428612024 -0.704993725 -0.064844772 -0.706242859 2.051693439
-0.726490200 0.043243106 0.685814857 5.731397629 -0.014656087 0.996815979 -0.078378171 -0.432409406 -0.687020600 -0.066992328 -0.723543227 2.018491030
-0.743732631 0.039265521 0.667322993 5.763946533 -0.017882083 0.996747494 -0.078578599 -0.436805278 -0.668237925 -0.070374586 -0.740611553 1.984189749
-0.760457397 0.036704808 0.648349643 5.796323299 -0.018403105 0.996782243 -0.078015730 -0.440649331 -0.649127066 -0.071259305 -0.757334948 1.947522283
-0.776417732 0.038891509 0.629017532 5.826963425 -0.016206684 0.996531785 -0.081618987 -0.444415212 -0.630010307 -0.073564723 -0.773094654 1.910694599
-0.791267991 0.039203979 0.610211492 5.855510712 -0.011794897 0.996778250 -0.079334132 -0.448490351 -0.611355782 -0.069971927 -0.788256347 1.874143720
-0.805694580 0.039658122 0.591002047 5.883377075 -0.008524524 0.996876478 -0.078514822 -0.453076422 -0.592269719 -0.068296969 -0.802839994 1.836501718
-0.820270121 0.041141424 0.570494831 5.910948753 -0.006352952 0.996693015 -0.081011251 -0.457048088 -0.571941137 -0.070075423 -0.817296088 1.797938704
-0.833610356 0.043413289 0.550644159 5.938097000 -0.004588928 0.996327758 -0.085498512 -0.461178601 -0.552333713 -0.073799305 -0.830349982 1.757358432
-0.846575558 0.043115512 0.530519307 5.963040352 -0.002643082 0.996361017 -0.085192338 -0.465492666 -0.532261848 -0.073523968 -0.843380988 1.718587637
-0.858440220 0.042654041 0.511136949 5.988491058 -0.000543802 0.996459961 -0.084067233 -0.468091130 -0.512913227 -0.072444648 -0.855378211 1.678571701
-0.868627369 0.043351289 0.493565768 6.012835503 0.002112342 0.996479809 -0.083806157 -0.474839628 -0.495461404 -0.071753748 -0.865661204 1.634875178
-0.878524780 0.047037117 0.475375533 6.036531448 0.005901521 0.996133089 -0.087658256 -0.478615701 -0.477660567 -0.074204512 -0.875405133 1.595065355
-0.886697531 0.043740116 0.460276395 6.056824207 0.003028117 0.996043026 -0.088820577 -0.483535290 -0.462340117 -0.077363208 -0.883321285 1.551175356
-0.895466387 0.041615315 0.443179429 6.081390381 0.002349819 0.996048212 -0.088782758 -0.487406015 -0.445122719 -0.078460597 -0.892025590 1.507536292
-0.902493119 0.039834324 0.428858370 6.101308346 0.001326793 0.995966315 -0.089717798 -0.491457909 -0.430702358 -0.080400683 -0.898905516 1.464990616
-0.908931077 0.037575908 0.415249765 6.121943474 0.000819052 0.996089816 -0.088343255 -0.496719241 -0.416945606 -0.079957835 -0.905407667 1.421735525
-0.915339410 0.034908377 0.401166975 6.142499447 -0.000336823 0.996168613 -0.087452210 -0.501406670 -0.402682722 -0.080183588 -0.911820769 1.375097036
-0.921260834 0.029742168 0.387806356 6.162084579 -0.003160187 0.996466637 -0.083929628 -0.505732894 -0.388932288 -0.078546628 -0.917911768 1.331203818
-0.926440239 0.025594922 0.375570536 6.180598259 -0.005025543 0.996756017 -0.080325156 -0.510077775 -0.376408100 -0.076303907 -0.923306406 1.288447261
-0.930553079 0.026814166 0.365173817 6.198626995 -0.001501921 0.997027099 -0.077037461 -0.514559627 -0.366153896 -0.072235920 -0.927746415 1.241217852
-0.933684886 0.030909538 0.356758893 6.216269493 0.002731052 0.996853352 -0.079219736 -0.518485188 -0.358084947 -0.072991937 -0.930831671 1.195168376
-0.935706019 0.035935558 0.350945652 6.232368469 0.007922002 0.996687829 -0.080935232 -0.522597194 -0.352691770 -0.072951391 -0.932891607 1.150680900
-0.937629044 0.039793801 0.345352620 6.249618530 0.011917656 0.996522307 -0.082469568 -0.527373314 -0.347433329 -0.073210061 -0.934842408 1.105980754
-0.939773023 0.036206219 0.339875996 6.266943932 0.008845048 0.996616960 -0.081710361 -0.531224191 -0.341684610 -0.073782973 -0.936913908 1.061522961
-0.941267490 0.029912243 0.336334199 6.283339977 0.003998654 0.996986151 -0.077477358 -0.535854578 -0.337638110 -0.071582027 -0.938550293 1.015085459
-0.943283200 0.023760686 0.331137806 6.300018311 -0.001551501 0.997109115 -0.075966835 -0.539791465 -0.331985623 -0.072172001 -0.940519452 0.969329953
-0.945051789 0.017011307 0.326477855 6.316586971 -0.008890330 0.996938705 -0.077680759 -0.543945193 -0.326799840 -0.076314844 -0.942007422 0.923679709
-0.946452618 0.014439834 0.322519630 6.332836628 -0.011951141 0.996747613 -0.079697609 -0.548077404 -0.322621495 -0.079284512 -0.943201661 0.878942490
-0.947478890 0.014512526 0.319488794 6.349099636 -0.012557068 0.996511579 -0.082505107 -0.552079141 -0.319571614 -0.082183696 -0.943991423 0.833971620
-0.947754741 0.015060879 0.318644285 6.365080357 -0.012808396 0.996282816 -0.085186236 -0.556031287 -0.318742782 -0.084816977 -0.944038808 0.788365841
-0.947119415 0.018754594 0.320333093 6.379753590 -0.009317034 0.996262252 -0.085875757 -0.561113000 -0.320746303 -0.084319137 -0.943404496 0.741192341
-0.946695626 0.019052472 0.321565539 6.395507336 -0.009740463 0.996099830 -0.087694168 -0.565544188 -0.321982145 -0.086151876 -0.942817748 0.695432305
-0.946224630 0.021198934 0.322814852 6.411368847 -0.007939653 0.996028423 -0.088680692 -0.570374608 -0.323412657 -0.086474895 -0.942298353 0.649828076
-0.945735872 0.021320524 0.324236065 6.427223682 -0.007701085 0.996094048 -0.087961949 -0.575160921 -0.324844986 -0.085685745 -0.941877723 0.605084777
-0.945296526 0.019972296 0.325600386 6.443843842 -0.009566939 0.995997310 -0.088869497 -0.579248786 -0.326072007 -0.087123036 -0.941321731 0.561303377
-0.944347143 0.018196680 0.328446776 6.459774017 -0.011963733 0.995908320 -0.089573562 -0.583447218 -0.328732818 -0.088517986 -0.940265596 0.517667890
-0.942313790 0.017415574 0.334277391 6.475973606 -0.012357099 0.996154964 -0.086732976 -0.588220477 -0.334502578 -0.085860379 -0.938475370 0.471216798
-0.940251648 0.015579210 0.340123564 6.491614342 -0.013906338 0.996361792 -0.084081158 -0.592376947 -0.340196133 -0.083787322 -0.936614275 0.427926660
-0.938030183 0.010810894 0.346385032 6.508465767 -0.018268997 0.996580958 -0.080577381 -0.597141087 -0.346071810 -0.081912123 -0.934625447 0.384717941
-0.934919715 0.016122848 0.354492873 6.525671005 -0.013277242 0.996678531 -0.080347031 -0.601154268 -0.354610860 -0.079824723 -0.931600332 0.338534713
-0.932118893 0.016049460 0.361796647 6.542996883 -0.014415182 0.996581554 -0.081347525 -0.604919791 -0.361865461 -0.081040926 -0.928701162 0.296122670
-0.928024530 0.019989949 0.371982366 6.560513496 -0.011699023 0.996502638 -0.082737826 -0.609406948 -0.372335374 -0.081134565 -0.924544990 0.252253532
-0.923955202 0.021183146 0.381913900 6.578421593 -0.011035717 0.996573329 -0.081974156 -0.613301396 -0.382341713 -0.079955131 -0.920555234 0.209909201
-0.919240594 0.022593122 0.393047512 6.597282410 -0.011241500 0.996438563 -0.083568282 -0.617349625 -0.393535733 -0.081237808 -0.915712893 0.167460442
-0.912722409 0.025540376 0.407781094 6.616381645 -0.009641190 0.996420205 -0.083987877 -0.622052431 -0.408466339 -0.080589116 -0.909208775 0.122012138
-0.906437278 0.028435586 0.421382099 6.635186195 -0.007939068 0.996407270 -0.084317073 -0.625941753 -0.422265798 -0.079773508 -0.902954996 0.080439806
-0.900045276 0.027421823 0.434932649 6.656217098 -0.009044020 0.996628106 -0.081551455 -0.630321383 -0.435702384 -0.077333540 -0.896762490 0.037194014
-0.893729389 0.030839520 0.447545022 6.676756382 -0.006864575 0.996577322 -0.082380645 -0.634317636 -0.448553830 -0.076698191 -0.890458882 -0.003358126
-0.886877894 0.032406390 0.460866004 6.697267532 -0.005776680 0.996681094 -0.081199408 -0.638498068 -0.461967826 -0.074676238 -0.883747220 -0.042835474
-0.879126787 0.035547625 0.475260407 6.718122005 -0.002250388 0.996893764 -0.078726493 -0.642549753 -0.476582617 -0.070280105 -0.876316011 -0.082828760
-0.871739507 0.036166009 0.488633007 6.740300179 -0.000989739 0.997140110 -0.075568721 -0.646752954 -0.489968628 -0.066359863 -0.869210541 -0.121514797
-0.863888741 0.037483774 0.502286077 6.762467384 0.000254826 0.997259498 -0.073983580 -0.651116729 -0.503682613 -0.063785575 -0.861530781 -0.159365177
-0.854557574 0.043025192 0.517571270 6.785542488 0.006201336 0.997336864 -0.072668679 -0.654074907 -0.519319534 -0.058889940 -0.852548659 -0.197761774
-0.844545245 0.044745207 0.533611357 6.808770180 0.007714903 0.997416079 -0.071426511 -0.658030331 -0.535428584 -0.056206163 -0.842708170 -0.234447002
-0.833380520 0.050125021 0.550421953 6.833086967 0.013541922 0.997431815 -0.070329182 -0.660974264 -0.552533746 -0.051157184 -0.831919193 -0.271536827
-0.821926773 0.050912235 0.567313254 6.857179642 0.014472917 0.997542381 -0.068553731 -0.665167332 -0.569409251 -0.048135459 -0.820643723 -0.307499886
-0.810602963 0.053673744 0.583131135 6.882926941 0.016149040 0.997460842 -0.069361746 -0.668232977 -0.585373282 -0.046807855 -0.809411526 -0.342733622
-0.797938228 0.056732576 0.600063443 6.909219742 0.018559355 0.997400820 -0.069619164 -0.671382189 -0.602453530 -0.044415005 -0.796917319 -0.377760649
-0.784047544 0.057099041 0.618068874 6.936034203 0.019528735 0.997536123 -0.067382276 -0.674984813 -0.620393455 -0.040760808 -0.783230782 -0.412201643
-0.768583775 0.057951242 0.637119114 6.962352753 0.021142438 0.997645736 -0.065239094 -0.679103196 -0.639399648 -0.036671448 -0.767999470 -0.446008444
-0.752203226 0.061632603 0.656042397 6.991858482 0.022813970 0.997455120 -0.067548998 -0.681787610 -0.658535957 -0.035843641 -0.751695096 -0.478837729
-0.735340476 0.064023390 0.674666822 7.020377636 0.022240303 0.997271121 -0.070396945 -0.684799552 -0.677332759 -0.036760930 -0.734757781 -0.510144234
-0.717063844 0.065450236 0.693927705 7.050364971 0.023331288 0.997277439 -0.069952548 -0.688705325 -0.696616888 -0.033970226 -0.716638565 -0.541824341
-0.697886348 0.066075638 0.713154018 7.081005573 0.023612630 0.997316599 -0.069296949 -0.692210913 -0.715819240 -0.031521950 -0.697573841 -0.572120905
-0.678011119 0.064982489 0.732173502 7.113515854 0.020883555 0.997385383 -0.069182098 -0.695923567 -0.734754801 -0.031615846 -0.677595556 -0.602204561
