0.999996066 -0.002490091 -0.001287255 -0.000315175 0.002493962 0.999992311 0.003013959 -0.000860312 0.001279738 -0.003017158 0.999994516 0.061036471
0.999994040 -0.002491996 -0.002368882 -0.001029066 0.002501476 0.999988794 0.004007200 -0.001640031 0.002358872 -0.004013102 0.999989092 0.121132202
0.999991536 -0.001455210 -0.003835212 -0.001668576 0.001468472 0.999992907 0.003457392 -0.002003378 0.003830150 -0.003462995 0.999986708 0.181264594
0.999986529 -0.000421606 -0.005171775 -0.002298540 0.000440010 0.999993563 0.003557979 -0.002890894 0.005170241 -0.003560206 0.999980271 0.241810247
0.999978781 -0.000695947 -0.006503999 -0.002954581 0.000720346 0.999992728 0.003749914 -0.003537561 0.006501337 -0.003754519 0.999971807 0.301657259
0.999964595 -0.001069068 -0.008339035 -0.003535658 0.001102883 0.999991059 0.004051537 -0.004110520 0.008334621 -0.004060591 0.999956906 0.361163646
0.999947548 -0.002949018 -0.009803227 -0.004373022 0.002979653 0.999990642 0.003111862 -0.004598519 0.009793950 -0.003140908 0.999947011 0.419099003
0.999925017 -0.004741168 -0.011294805 -0.004860724 0.004783770 0.999981523 0.003747754 -0.005512708 0.011276823 -0.003801503 0.999929130 0.480731994
0.999920487 -0.004086455 -0.011936315 -0.006348121 0.004134802 0.999983251 0.004028485 -0.006328161 0.011919650 -0.004077519 0.999920607 0.538889706
0.999899328 -0.003026237 -0.013860296 -0.006759378 0.003083567 0.999986768 0.004116786 -0.007239418 0.013847653 -0.004159110 0.999895394 0.599943340
0.999895275 -0.001866123 -0.014356107 -0.007627141 0.001920579 0.999990940 0.003780372 -0.007203910 0.014348920 -0.003807546 0.999889731 0.657387316
0.999887705 0.000384650 -0.014984283 -0.008799922 -0.000308793 0.999987125 0.005064384 -0.008133890 0.014986035 -0.005059189 0.999874890 0.720465064
0.999894023 0.000375126 -0.014552723 -0.010551828 -0.000292546 0.999983847 0.005676241 -0.008575371 0.014554614 -0.005671382 0.999877989 0.776543617
0.999876499 0.001400143 -0.015654285 -0.011887598 -0.001306975 0.999981523 0.005960262 -0.009168949 0.015662327 -0.005939068 0.999859691 0.833138347
0.999986649 0.002713914 -0.004404968 -0.027505018 -0.002698841 0.999990523 0.003424135 -0.004603524 0.004414214 -0.003412201 0.999984443 0.868622839
0.999856353 0.002375432 -0.016785398 -0.013758637 -0.002271117 0.999977887 0.006230914 -0.009676259 0.016799822 -0.006191897 0.999839664 0.949488521
0.999851286 0.003268637 -0.016935298 -0.014444009 -0.003157168 0.999973059 0.006604567 -0.009399926 0.016956424 -0.006550116 0.999834776 1.005074859
0.999855816 0.003753378 -0.016563717 -0.016230449 -0.003650374 0.999973893 0.006244662 -0.010532970 0.016586710 -0.006183297 0.999843299 1.063463688
0.999844313 0.005041347 -0.016909558 -0.017069943 -0.004966519 0.999977767 0.004464268 -0.010973481 0.016931675 -0.004379591 0.999846995 1.118193865
0.999869287 0.002909456 -0.015910499 -0.019043522 -0.002846252 0.999987960 0.003993727 -0.011464043 0.015921921 -0.003947920 0.999865413 1.176816225
0.999872386 0.001615306 -0.015899112 -0.019585690 -0.001518055 0.999980032 0.006126965 -0.011709413 0.015908686 -0.006102047 0.999854803 1.230390549
0.999876201 0.000530594 -0.015727080 -0.021053039 -0.000406315 0.999968588 0.007904263 -0.012384830 0.015730783 -0.007896895 0.999845028 1.289363503
0.999886930 -0.000111520 -0.015040175 -0.022715550 0.000211903 0.999977589 0.006672860 -0.012279162 0.015039098 -0.006675293 0.999864578 1.341528535
0.999887526 -0.000029566 -0.015002396 -0.023673093 0.000110546 0.999985397 0.005396906 -0.012918506 0.015002021 -0.005397959 0.999872863 1.392622828
0.999897182 0.001041901 -0.014304996 -0.024451315 -0.000974047 0.999988198 0.004749498 -0.014093928 0.014309771 -0.004735075 0.999886394 1.454291701
0.999914944 0.001258997 -0.012983007 -0.025919221 -0.001204789 0.999990523 0.004182245 -0.014972810 0.012988145 -0.004166245 0.999907017 1.503877759
0.999926329 0.001549191 -0.012043445 -0.026939675 -0.001488319 0.999986112 0.005061655 -0.015438923 0.012051113 -0.005043358 0.999914527 1.561054945
0.999944806 0.002538013 -0.010200547 -0.027971093 -0.002468498 0.999973714 0.006821675 -0.015923869 0.010217586 -0.006796118 0.999924660 1.610006332
0.999960184 0.001829041 -0.008737944 -0.028302368 -0.001758909 0.999966323 0.008027012 -0.016592875 0.008752324 -0.008011322 0.999929488 1.660017133
0.999976277 0.002242996 -0.006510641 -0.029059766 -0.002187529 0.999961376 0.008514131 -0.016989987 0.006529483 -0.008499687 0.999942482 1.716300249
0.999992847 0.001862730 -0.003301929 -0.029385807 -0.001836409 0.999966621 0.007956681 -0.017512690 0.003316637 -0.007950559 0.999962866 1.763617158
0.999999166 0.001086198 0.000731449 -0.030000646 -0.001090669 0.999980509 0.006139747 -0.018015875 -0.000724768 -0.006140539 0.999980807 1.810811877
0.999991417 0.001278832 0.003952488 -0.029813331 -0.001296935 0.999988616 0.004580982 -0.018800590 -0.003946580 -0.004586068 0.999981701 1.864948153
0.999967337 0.001402345 0.007963467 -0.029468987 -0.001444174 0.999985158 0.005249253 -0.019597510 -0.007955983 -0.005260581 0.999954522 1.910598397
0.999905169 0.001422134 0.013703134 -0.029703341 -0.001493928 0.999985158 0.005230444 -0.020147528 -0.013695487 -0.005250418 0.999892354 1.953765631
0.999794900 0.003585885 0.019934552 -0.028601371 -0.003669854 0.999984562 0.004177189 -0.020405777 -0.019919259 -0.004249488 0.999792516 2.008756161
0.999613345 0.005113792 0.027335532 -0.027725354 -0.005215962 0.999979675 0.003667598 -0.020847019 -0.027316216 -0.003808760 0.999619544 2.051913023
0.999342382 0.006053198 0.035754293 -0.025723994 -0.006234510 0.999968350 0.004961779 -0.021669146 -0.035723120 -0.005181426 0.999348223 2.098867655
0.998884797 0.008255773 0.046489898 -0.024721995 -0.008536978 0.999946356 0.005853415 -0.022063572 -0.046439085 -0.006243769 0.998901606 2.149514914
0.998154283 0.010924972 0.059738576 -0.022872970 -0.011277026 0.999920845 0.005559302 -0.022383220 -0.059673116 -0.006222714 0.998198628 2.192154646
0.997125804 0.013196206 0.074606091 -0.020253599 -0.013699939 0.999886572 0.006244159 -0.023423657 -0.074515238 -0.007248311 0.997193515 2.232358694
0.995766044 0.014697451 0.090740755 -0.016017318 -0.015403445 0.999856114 0.007084915 -0.023126796 -0.090623565 -0.008452636 0.995849311 2.286124468
0.993973792 0.014937879 0.108595148 -0.012199044 -0.015909303 0.999840617 0.008084456 -0.023741473 -0.108457096 -0.009763408 0.994053185 2.326135874
0.991724014 0.014639900 0.127550527 -0.007562727 -0.015654877 0.999853134 0.006958551 -0.023719363 -0.127429932 -0.008897748 0.991807640 2.364859581
0.988877475 0.014014647 0.148071066 -0.000767291 -0.015140965 0.999864280 0.006482106 -0.024800044 -0.147960126 -0.008651946 0.988955498 2.416615725
0.985539973 0.010781554 0.169099987 0.006449699 -0.012001541 0.999908745 0.006194131 -0.025218211 -0.169017792 -0.008134022 0.985579491 2.456912994
0.981565773 0.005374307 0.191049516 0.013137609 -0.007120859 0.999938846 0.008456521 -0.025913494 -0.190992385 -0.009661068 0.981544077 2.493555069
0.976783872 0.000354394 0.214227021 0.022889435 -0.002436542 0.999952257 0.009455378 -0.025856324 -0.214213446 -0.009757835 0.976738036 2.541026115
0.971267402 -0.005149941 0.237935334 0.032046080 0.003097611 0.999954641 0.008998658 -0.026281022 -0.237970874 -0.008003071 0.971239328 2.577860832
0.964612126 -0.010551210 0.263461888 0.041750669 0.008943369 0.999933243 0.007301337 -0.026801605 -0.263521343 -0.004686722 0.964642107 2.614534140
0.957096457 -0.013967672 0.289432645 0.055305421 0.012230937 0.999894619 0.007808434 -0.026936738 -0.289511234 -0.003933392 0.957166433 2.659048557
0.948465049 -0.016606418 0.316446334 0.066842556 0.014215481 0.999850214 0.009862797 -0.027015558 -0.316562742 -0.004856081 0.948559105 2.693903923
0.938797653 -0.021875406 0.343773901 0.080220461 0.018519707 0.999743342 0.013042106 -0.027728282 -0.343971014 -0.005877305 0.938961804 2.728719234
0.927719235 -0.024140988 0.372497410 0.096520305 0.020953203 0.999700963 0.012604337 -0.027782485 -0.372690320 -0.003888272 0.927947581 2.770217180
0.915319085 -0.023508471 0.402042806 0.110739291 0.021842416 0.999723256 0.008728399 -0.028056255 -0.402136683 0.000792313 0.915579200 2.804389238
0.902159989 -0.024461079 0.430707574 0.126133442 0.025421361 0.999670565 0.003526505 -0.028346371 -0.430651903 0.007767700 0.902484655 2.835903883
0.887950063 -0.026438138 0.459179521 0.142044783 0.029170452 0.999573827 0.001143272 -0.028638475 -0.459013969 0.012379303 0.888342679 2.866550207
0.872097671 -0.026595684 0.488608539 0.159289956 0.027898351 0.999600053 0.004615071 -0.029204503 -0.488535821 0.009606577 0.872490823 2.897455692
0.854763508 -0.026205994 0.518355608 0.184642315 0.025124487 0.999642849 0.009107909 -0.028461600 -0.518409133 0.005238309 0.855116606 2.939283848
0.835674226 -0.026104016 0.548604727 0.204252362 0.022997297 0.999656916 0.012535092 -0.028795097 -0.548743725 0.002141173 0.835987806 2.966423512
0.813375533 -0.019875487 0.581399322 0.222728491 0.019123370 0.999789536 0.007424882 -0.028555294 -0.581424594 0.005079097 0.813584387 2.997165918
0.791735947 -0.013828800 0.610706925 0.244055748 0.015904097 0.999871433 0.002022530 -0.030863518 -0.610656321 0.008111430 0.791854084 3.023362160
0.769443095 -0.010832342 0.638623595 0.272818804 0.015739471 0.999874115 -0.002003758 -0.028940987 -0.638521433 0.011593375 0.769516647 3.059507847
0.745552301 -0.013109761 0.666318238 0.295496464 0.015803710 0.999873102 0.001989446 -0.030268239 -0.666259706 0.009047065 0.745664835 3.085653305
0.721751511 -0.013723020 0.692016184 0.319931388 0.017141230 0.999851227 0.001949761 -0.030031290 -0.691939890 0.010454768 0.721879363 3.109978437
0.696289957 -0.011794541 0.717663705 0.349238038 0.017480675 0.999846995 -0.000527936 -0.031095129 -0.717547655 0.012912842 0.696389675 3.138606071
0.670150399 -0.009480166 0.742164791 0.374507904 0.017170861 0.999848783 -0.002732988 -0.031814724 -0.742026687 0.014575120 0.670211852 3.161350250
0.642798901 -0.007266348 0.766000450 0.400593042 0.015555279 0.999872625 -0.003568534 -0.032388207 -0.765876889 0.014209204 0.642830253 3.183745384
0.614784002 -0.005431019 0.788676858 0.427552819 0.015244553 0.999871254 -0.004997973 -0.032857768 -0.788548172 0.015095698 0.614787698 3.204679489
0.585911989 0.000535619 0.810374498 0.462615848 0.014208261 0.999839187 -0.010933615 -0.033982247 -0.810249984 0.017920149 0.585810244 3.231353521
0.555718184 0.010013062 0.831310451 0.491173625 0.013759290 0.999679685 -0.021238927 -0.034159597 -0.831256747 0.023241101 0.555402398 3.250854254
0.524948299 0.018236708 0.850938797 0.520183325 0.011748669 0.999519765 -0.028668802 -0.035987813 -0.851052999 0.025047036 0.524482071 3.268691063
0.493160844 0.023608958 0.869617820 0.556928635 0.009654662 0.999421537 -0.032608122 -0.036232755 -0.869884610 0.024476912 0.492647648 3.290093899
0.461113662 0.022776077 0.887048900 0.587965369 0.008272580 0.999516785 -0.029964153 -0.037460178 -0.887302637 0.021155059 0.460702360 3.305999994
0.427789003 0.021808384 0.903615594 0.625073433 0.003734061 0.999657691 -0.025894094 -0.038808692 -0.903870940 0.014451367 0.427561104 3.323966503
0.393881679 0.022610448 0.918883145 0.657638669 -0.000545181 0.999702990 -0.024365442 -0.040211514 -0.919161081 0.009096141 0.393776953 3.337777615
0.358166546 0.025740733 0.933302820 0.695195794 -0.007448569 0.999666810 -0.024712594 -0.041710351 -0.933628082 0.001899451 0.358238786 3.353651762
0.322281986 0.027992938 0.946229696 0.729227126 -0.012792905 0.999600172 -0.025214618 -0.042735625 -0.946557164 -0.003978813 0.322511077 3.365734100
0.286029458 0.027192729 0.957834899 0.769448817 -0.014899986 0.999602616 -0.023929060 -0.044008102 -0.958104849 -0.007427309 0.286320955 3.378628254
0.249832928 0.026483418 0.967926741 0.805038929 -0.015193066 0.999610126 -0.023428801 -0.045317285 -0.968169630 -0.008852490 0.250137776 3.388233423
0.213848993 0.026285136 0.976513147 0.846403778 -0.015008364 0.999608278 -0.023620078 -0.046625771 -0.976751387 -0.009604733 0.214159712 3.397213697
0.178618222 0.025602985 0.983585417 0.883422792 -0.013640131 0.999629796 -0.023543585 -0.047545694 -0.983823776 -0.009210921 0.178901300 3.403905869
0.144148737 0.024077272 0.989263058 0.925751984 -0.004814346 0.999709129 -0.023630001 -0.049238183 -0.989544272 -0.001356420 0.144222721 3.409884453
0.110093273 0.027482763 0.993541181 0.963088989 -0.002617938 0.999622226 -0.027360873 -0.050627008 -0.993917763 0.000411219 0.110123619 3.414165735
0.077513397 0.032409780 0.996464431 1.005867481 -0.001988344 0.999474466 -0.032353017 -0.052217923 -0.996989429 0.000526478 0.077537090 3.417665482
0.048692845 0.036048230 0.998163164 1.043083429 0.005609927 0.999322772 -0.036363780 -0.053937823 -0.998798072 0.007370278 0.048457630 3.419162273
0.023023089 0.034639303 0.999134660 1.087795258 0.006745369 0.999371409 -0.034802940 -0.055377167 -0.999712288 0.007540803 0.022774957 3.420203209
0.000881623 0.031070221 0.999516845 1.126253128 0.008454478 0.999481201 -0.031076569 -0.057108991 -0.999963820 0.008477791 0.000618478 3.420260906
-0.018173993 0.028984351 0.999414623 1.170917630 0.009105121 0.999542952 -0.028822502 -0.058640063 -0.999793410 0.008575968 -0.018429590 3.419483423
-0.034739681 0.031741459 0.998892188 1.208890676 0.011208178 0.999445021 -0.031369224 -0.060498267 -0.999333560 0.010106002 -0.035076164 3.418523312
-0.048674412 0.036591612 0.998144269 1.254619479 0.014060635 0.999254704 -0.035946663 -0.061794046 -0.998715699 0.012284858 -0.049152646 3.415420771
-0.061009392 0.041724373 0.997264862 1.292615056 0.018132484 0.999007285 -0.040687997 -0.063488588 -0.997972488 0.015600538 -0.061705396 3.412907839
-0.069620654 0.045072056 0.996554792 1.337746024 0.023911331 0.998767257 -0.043501630 -0.065674812 -0.997286856 0.020800345 -0.070612542 3.409690142
-0.075425208 0.050486896 0.995872498 1.376818895 0.026875569 0.998457491 -0.048582450 -0.067900233 -0.996789157 0.023100298 -0.076665744 3.406443357
-0.078884728 0.055503804 0.995337367 1.420923948 0.030008920 0.998128533 -0.053281114 -0.069942623 -0.996431887 0.025665935 -0.080402710 3.402719736
-0.081905067 0.059110250 0.994885683 1.460251331 0.031761982 0.997887313 -0.056673758 -0.072625920 -0.996133804 0.026957672 -0.083609492 3.399399996
-0.084684916 0.062151432 0.994467556 1.505431414 0.032273520 0.997700095 -0.059605185 -0.075551838 -0.995885015 0.027047295 -0.086496018 3.395806313
-0.086723447 0.065618485 0.994069040 1.545218945 0.034426186 0.997429788 -0.062836960 -0.078063875 -0.995637476 0.028772553 -0.088759542 3.392162085
-0.088728137 0.069562063 0.993623853 1.589640141 0.034645479 0.997170389 -0.066716559 -0.081130415 -0.995453119 0.028504945 -0.090887070 3.387700081
-0.091137379 0.071036369 0.993301451 1.628769755 0.037715964 0.996983051 -0.067839146 -0.083947845 -0.995123804 0.031280644 -0.093541630 3.384099245
-0.093589440 0.069763683 0.993163645 1.675701380 0.037332147 0.997086406 -0.066521280 -0.087433256 -0.994910598 0.030851239 -0.095921211 3.380290031
-0.095953166 0.069356978 0.992966592 1.715148807 0.036451913 0.997145236 -0.066126406 -0.090394825 -0.994718075 0.029850489 -0.098207429 3.376884460
-0.097553581 0.070642203 0.992719889 1.761695147 0.036269274 0.997067392 -0.067387417 -0.093729787 -0.994569063 0.029431352 -0.099829659 3.370999336
-0.099529780 0.073067367 0.992348135 1.801374078 0.035253763 0.996932983 -0.069869071 -0.096443675 -0.994409740 0.028029962 -0.101800449 3.367123604
-0.102521010 0.075248785 0.991880536 1.848216176 0.033499002 0.996830225 -0.072161824 -0.100012138 -0.994166553 0.025828907 -0.104716808 3.362547398
-0.104731902 0.079006501 0.991357267 1.888469934 0.031073727 0.996612608 -0.076142542 -0.103107013 -0.994014859 0.022830615 -0.106832184 3.357836246
-0.107123099 0.082977161 0.990777194 1.934849739 0.027671816 0.996374071 -0.080454029 -0.106880926 -0.993860543 0.018798126 -0.109030813 3.353500605
-0.109953150 0.085677408 0.990237176 1.975363612 0.025267147 0.996196747 -0.083387457 -0.109997645 -0.993615508 0.015851758 -0.111699760 3.349112272
-0.113005944 0.084598809 0.989986241 2.017357826 0.022088597 0.996336222 -0.082620054 -0.113215081 -0.993348718 0.012530850 -0.114460588 3.344993353
-0.115957953 0.079740092 0.990048170 2.066467047 0.020169621 0.996755838 -0.077917993 -0.117971830 -0.993049324 0.010933684 -0.117190056 3.339564323
-0.118159257 0.077966034 0.989929140 2.108029127 0.021924311 0.996874690 -0.075896136 -0.121379316 -0.992752552 0.012735683 -0.119499311 3.334985256
-0.121444508 0.078348264 0.989501357 2.147555590 0.020166170 0.996868908 -0.076456584 -0.124968685 -0.992393374 0.010669215 -0.122644231 3.331097841
-0.121912286 0.081362016 0.989200473 2.198280096 0.020830091 0.996624708 -0.079405494 -0.128836155 -0.992322206 0.010924635 -0.123195589 3.324244976
-0.122395642 0.084673271 0.988862813 2.238061666 0.020859929 0.996353388 -0.082732745 -0.132213786 -0.992262185 0.010501483 -0.123715594 3.319139242
-0.122891121 0.085205264 0.988755763 2.280924082 0.019902743 0.996318758 -0.083383307 -0.135948628 -0.992220521 0.009431883 -0.124134555 3.314095736
-0.122447185 0.083767667 0.988933742 2.333102703 0.017143030 0.996461570 -0.082282715 -0.140399873 -0.992326915 0.006878030 -0.123449944 3.307401419
-0.122683242 0.083477758 0.988928914 2.374797821 0.012744693 0.996506572 -0.082536332 -0.143644527 -0.992363989 0.002477768 -0.123318553 3.302587271
-0.123191744 0.085245818 0.988714874 2.416665316 0.008545280 0.996357918 -0.084840059 -0.146715388 -0.992346108 -0.002002753 -0.123471521 3.298142433
-0.122968793 0.084181964 0.988833666 2.467644215 0.005739859 0.996439338 -0.084115669 -0.152630836 -0.992393851 -0.004667834 -0.123014152 3.291738987
-0.122944444 0.083303846 0.988911033 2.510392189 0.002776702 0.996495664 -0.083597541 -0.156490594 -0.992409647 -0.007531940 -0.122744910 3.286149025
-0.123762481 0.078572050 0.989196360 2.559901953 0.003124414 0.996886134 -0.078791961 -0.160526842 -0.992306948 -0.006660828 -0.123622552 3.280856133
-0.124159701 0.069362119 0.989835024 2.602159500 0.006781999 0.997589827 -0.069054835 -0.164164901 -0.992238998 -0.001860769 -0.124330841 3.275697947
-0.123890892 0.064284556 0.990211368 2.652096748 0.011865698 0.997923911 -0.063300669 -0.168014959 -0.992224932 0.003907173 -0.124396466 3.269231558
-0.123852029 0.066862896 0.990045488 2.694449663 0.019731132 0.997695982 -0.064911246 -0.170970231 -0.992104530 0.011495333 -0.124885932 3.263995647
-0.121578529 0.072428659 0.989935815 2.745177269 0.026218269 0.997220397 -0.069741674 -0.174514413 -0.992235482 0.017475305 -0.123139553 3.256756544
-0.121329866 0.077949435 0.989546895 2.787902832 0.029612189 0.996752262 -0.074886240 -0.177891910 -0.992170453 0.020216707 -0.123244055 3.251496315
-0.119348362 0.082564369 0.989413559 2.837888241 0.030899176 0.996362448 -0.079417013 -0.181618214 -0.992371500 0.021093765 -0.121465400 3.244514465
-0.119000658 0.079564117 0.989701331 2.881309509 0.027297247 0.996669531 -0.076842114 -0.185229301 -0.992518842 0.017871853 -0.120776214 3.238959551
-0.118912593 0.075295687 0.990045667 2.931747198 0.027359879 0.996990323 -0.072537698 -0.189113125 -0.992527664 0.018461887 -0.120614752 3.233250141
-0.119363606 0.073712699 0.990110517 2.975955486 0.025142107 0.997144639 -0.071205363 -0.192506939 -0.992532134 0.016394136 -0.120876096 3.228218794
-0.119415492 0.073894724 0.990090668 3.025568485 0.022829568 0.997167289 -0.071669385 -0.196359813 -0.992581844 0.014044911 -0.120764174 3.223186493
-0.118691154 0.079345889 0.989755809 3.069297075 0.023444593 0.996748149 -0.077094965 -0.199640483 -0.992654324 0.014053932 -0.120165415 3.217540264
-0.118126795 0.082478389 0.989567280 3.120409727 0.022334171 0.996513069 -0.080391213 -0.203307301 -0.992747307 0.012604807 -0.119556978 3.211341858
-0.117797658 0.081828691 0.989660501 3.164282084 0.021453815 0.996576190 -0.079846896 -0.205968797 -0.992805839 0.011826213 -0.119149886 3.206449509
-0.116696887 0.074786611 0.990347862 3.217178822 0.024674231 0.997071385 -0.072386861 -0.211000994 -0.992860973 0.015988750 -0.118200451 3.199479818
-0.116925873 0.073557116 0.990412891 3.261524677 0.024177577 0.997168720 -0.071204484 -0.214278311 -0.992846251 0.015620136 -0.118373260 3.193989754
-0.117499106 0.076102488 0.990152776 3.313623428 0.021277051 0.997023523 -0.074105687 -0.218592614 -0.992844999 0.012360185 -0.118768610 3.189087391
-0.117284186 0.078925453 0.989957273 3.358570814 0.020575687 0.996816099 -0.077034600 -0.222341016 -0.992885232 0.011334112 -0.118534699 3.184132576
-0.117385633 0.078874268 0.989949167 3.411116362 0.019644717 0.996830344 -0.077093102 -0.226072550 -0.992892027 0.010397650 -0.118563026 3.178146362
-0.117075704 0.075973421 0.990212679 3.456084251 0.018829901 0.997060120 -0.074272476 -0.229198217 -0.992944419 0.009950106 -0.118162103 3.172750235
-0.116275832 0.074180871 0.990443051 3.510412931 0.019014468 0.997190475 -0.072454005 -0.234030604 -0.993034780 0.010408098 -0.117359668 3.166487455
-0.114031032 0.073050752 0.990787864 3.556404829 0.021698073 0.997238219 -0.071029089 -0.238785386 -0.993240118 0.013398666 -0.115301155 3.160258293
-0.114370927 0.074616678 0.990631998 3.609091043 0.022681531 0.997111559 -0.072486080 -0.241990790 -0.993179083 0.014178747 -0.115732990 3.155040503
-0.113116451 0.073689222 0.990845442 3.655495644 0.022720743 0.997177184 -0.071566246 -0.245896980 -0.993321896 0.014417425 -0.114471391 3.149949074
-0.111728035 0.074327335 0.990955234 3.708859682 0.023424231 0.997118831 -0.072148614 -0.250004113 -0.993462622 0.015151337 -0.113147184 3.143484116
-0.110500045 0.072211370 0.991249382 3.755466700 0.023303803 0.997271061 -0.070052251 -0.253522873 -0.993602812 0.015359098 -0.111881293 3.138400316
-0.109318703 0.071775973 0.991411924 3.809278965 0.021684468 0.997324288 -0.069812961 -0.257530600 -0.993770182 0.013866380 -0.110582612 3.132376194
-0.107851408 0.070825674 0.991640985 3.856130362 0.023200305 0.997366667 -0.068711340 -0.261151701 -0.993896186 0.015595762 -0.109210588 3.127285004
-0.106076136 0.071966887 0.991750300 3.910493851 0.021648316 0.997308135 -0.070054717 -0.265223652 -0.994122326 0.014038589 -0.107348569 3.121266842
-0.105215527 0.075188771 0.991602957 3.958197355 0.021208392 0.997080326 -0.073353760 -0.268548608 -0.994223237 0.013312351 -0.106502980 3.116669416
-0.103565276 0.073769659 0.991883278 4.012186527 0.019335737 0.997206628 -0.072146669 -0.272634566 -0.994434655 0.011706905 -0.104702361 3.110615253
-0.103111647 0.072107337 0.992052734 4.063731670 0.016170708 0.997358501 -0.070812240 -0.276928961 -0.994538426 0.008740626 -0.104005285 3.105776072
-0.102607816 0.073456496 0.992006063 4.116330624 0.012794876 0.997284651 -0.072523929 -0.280587912 -0.994639575 0.005251073 -0.103269070 3.100232601
-0.103866860 0.072621815 0.991936445 4.166067600 0.010152220 0.997356057 -0.071955554 -0.284655154 -0.994539320 0.002596559 -0.104329519 3.096114874
-0.103720978 0.070407882 0.992111266 4.220112801 0.008163110 0.997517884 -0.069938175 -0.288650185 -0.994572937 0.000844659 -0.104038261 3.089479208
-0.104648314 0.068090267 0.992175698 4.271110535 0.005504077 0.997677684 -0.067887351 -0.292812884 -0.994494081 -0.001643285 -0.104780070 3.084358454
-0.106005274 0.067844130 0.992048502 4.324777126 0.003116292 0.997687578 -0.067896761 -0.296479940 -0.994360626 -0.004105902 -0.105971567 3.078471899
-0.107798554 0.067709714 0.991864383 4.374592304 0.005260298 0.997702956 -0.067536570 -0.300189495 -0.994158804 -0.002062842 -0.107907094 3.073146820
-0.110838912 0.066452131 0.991614282 4.430338860 0.002136863 0.997775674 -0.066626176 -0.304132670 -0.993836105 -0.005265829 -0.110734358 3.067926168
-0.114173628 0.061126027 0.991578579 4.479884148 -0.000532486 0.998101413 -0.061589442 -0.307740241 -0.993460655 -0.007559891 -0.113924302 3.062725067
-0.118117094 0.062343925 0.991040707 4.535837650 -0.000324055 0.998024702 -0.062821887 -0.310465962 -0.992999494 -0.007741490 -0.117863558 3.056551933
-0.124178343 0.068703189 0.989878654 4.584980965 -0.005594966 0.997535706 -0.069936529 -0.313799053 -0.992244065 -0.014222936 -0.123487927 3.051680803
-0.130834952 0.071452983 0.988825917 4.633387566 -0.005020234 0.997338891 -0.072732389 -0.317980587 -0.991391361 -0.014480073 -0.130128071 3.044648886
-0.138856187 0.068791941 0.987920463 4.691273689 0.000671613 0.997590601 -0.069370933 -0.320594639 -0.990312338 -0.008969080 -0.138567820 3.036036015
-0.149699986 0.065917999 0.986531615 4.737719059 0.003789254 0.997805953 -0.066096328 -0.324875802 -0.988724291 -0.006156399 -0.149621323 3.029129267
-0.162643805 0.067983814 0.984340012 4.794326305 0.003534696 0.997657180 -0.068319522 -0.328203380 -0.986678421 -0.007632405 -0.162503079 3.020289660
-0.177074730 0.067436911 0.981884360 4.841843128 0.005626034 0.997702777 -0.067508735 -0.332267344 -0.984181225 -0.006429974 -0.177047372 3.012038231
-0.190396950 0.065910257 0.979492128 4.895680904 0.006058416 0.997803509 -0.065964758 -0.335920155 -0.981688440 -0.006625318 -0.190378070 3.000751972
-0.205748379 0.069183804 0.976156294 4.942598343 0.009863649 0.997593820 -0.068624139 -0.338937014 -0.978555202 -0.004490841 -0.205935717 2.991179943
-0.221600831 0.073531471 0.972361207 4.997830391 0.011059110 0.997278214 -0.072895363 -0.341870993 -0.975074708 -0.005400224 -0.221810848 2.980256319
-0.236875355 0.076991975 0.968484581 5.042540073 0.011265511 0.997005641 -0.076503970 -0.345870227 -0.971474648 -0.007211427 -0.237033397 2.969393492
-0.252832055 0.075026035 0.964596868 5.096730232 0.007621292 0.997112334 -0.075557455 -0.350576669 -0.967480183 -0.011751869 -0.252673745 2.956058502
-0.269230664 0.069255903 0.960582376 5.146470070 0.001568402 0.997441232 -0.071473740 -0.354696393 -0.963074505 -0.017736349 -0.268650413 2.943017483
-0.285523385 0.065265164 0.956146955 5.192159653 -0.002412702 0.997626364 -0.068816975 -0.358338058 -0.958368599 -0.021955756 -0.284688205 2.930361271
-0.300570011 0.066366911 0.951447964 5.243865490 -0.004809762 0.997457802 -0.071095727 -0.362803996 -0.953747571 -0.025945475 -0.299486727 2.914911032
-0.314304769 0.068648726 0.946836829 5.288257599 -0.004322045 0.997268140 -0.073739879 -0.366396368 -0.949312270 -0.027269067 -0.313149452 2.900148869
-0.328560412 0.070712954 0.941832066 5.339597225 -0.002878094 0.997113705 -0.075867541 -0.370928705 -0.944478452 -0.027637750 -0.327408582 2.882906437
-0.342893541 0.070535831 0.936722338 5.387086868 -0.000616083 0.997159779 -0.075312316 -0.375357836 -0.939374089 -0.026401203 -0.341876239 2.865960598
-0.357035488 0.068407081 0.931582510 5.430613518 -0.001003282 0.997286141 -0.073616274 -0.379250079 -0.934090257 -0.027218262 -0.355997920 2.850093842
-0.371646762 0.067368075 0.925926745 5.481585979 -0.000340297 0.997353613 -0.072701514 -0.383756816 -0.928374052 -0.027334372 -0.370640308 2.830143690
-0.386803478 0.068033069 0.919649243 5.523847580 -0.002512586 0.997193396 -0.074826367 -0.387853682 -0.922158659 -0.031253800 -0.385546923 2.813029528
-0.401422054 0.070414513 0.913182378 5.573230743 -0.001487967 0.996988833 -0.077530824 -0.392131120 -0.915891886 -0.032481369 -0.400108516 2.792212963
-0.415940493 0.073243178 0.906437457 5.615597248 0.000864991 0.996782720 -0.080146439 -0.395628870 -0.909391463 -0.032552086 -0.414665639 2.773005486
-0.430818945 0.074640557 0.899346411 5.665091991 0.003127116 0.996691167 -0.081221618 -0.400968760 -0.902432919 -0.032179438 -0.429626763 2.750239372
-0.445953339 0.077743396 0.891673625 5.706950665 0.001927060 0.996301830 -0.085901961 -0.404915273 -0.895054102 -0.036589950 -0.444453865 2.730047226
-0.460469455 0.079533294 0.884105444 5.748159409 0.002762406 0.996101677 -0.088169612 -0.409218431 -0.887671173 -0.038157161 -0.458894104 2.708645821
-0.477020770 0.076941028 0.875517666 5.800837994 0.001837757 0.996245801 -0.086549386 -0.414696038 -0.878890097 -0.039676864 -0.475371361 2.682372808
-0.493700385 0.072621688 0.866594493 5.842162609 -0.000875031 0.996465147 -0.084003523 -0.418954432 -0.869631588 -0.042230863 -0.491891623 2.660201311
-0.508989692 0.073248260 0.857650459 5.889802456 -0.000872538 0.996328294 -0.085609972 -0.423473209 -0.860772133 -0.044322923 -0.507056892 2.632215023
-0.524632335 0.072920702 0.848200262 5.931404114 -0.001221754 0.996259212 -0.086405195 -0.427472025 -0.851327956 -0.046367250 -0.522580624 2.607503653
-0.540641904 0.071347751 0.838221848 5.976078987 -0.002046501 0.996282578 -0.086121507 -0.432592422 -0.841250300 -0.048276324 -0.538486063 2.578733921
-0.556504309 0.070798442 0.827822685 6.015447617 -0.003134593 0.996176779 -0.087303922 -0.436801672 -0.830838740 -0.051179901 -0.554154694 2.553299427
-0.571670294 0.070723832 0.817429721 6.061484337 -0.002899308 0.996097624 -0.088209763 -0.441599756 -0.820478380 -0.052796882 -0.569234252 2.521932364
-0.586894512 0.069065154 0.806712449 6.100658894 -0.002258504 0.996211588 -0.086931862 -0.445474625 -0.809660375 -0.052841790 -0.584515154 2.494537115
-0.601946771 0.064453147 0.795930862 6.145931721 -0.003213629 0.996533632 -0.083128028 -0.450792968 -0.798529744 -0.052596480 -0.599653065 2.461038589
-0.616280973 0.064297348 0.784897208 6.184136868 0.000280519 0.996679306 -0.081425883 -0.454936206 -0.787526309 -0.049961057 -0.614252508 2.431077003
-0.631606817 0.061490465 0.772846460 6.226594925 -0.002832867 0.996660054 -0.081613049 -0.459767044 -0.775283515 -0.053736731 -0.629323125 2.397648811
-0.646185219 0.063325487 0.760548830 6.263843536 -0.003178551 0.996319771 -0.085657030 -0.463637501 -0.763173938 -0.057767741 -0.643605649 2.366373539
-0.661717832 0.061736539 0.747206926 6.306534767 -0.005955114 0.996139884 -0.087577939 -0.468896747 -0.749729276 -0.062401585 -0.658795834 2.330362558
-0.677776873 0.057868127 0.732986927 6.343275070 -0.008696333 0.996197462 -0.086689487 -0.473192155 -0.735216141 -0.065130420 -0.674696326 2.297688007
-0.693687737 0.051103909 0.718460739 6.383723259 -0.011136587 0.996599615 -0.081640430 -0.478147626 -0.720189810 -0.064634159 -0.690759718 2.259572744
-0.710983872 0.048389733 0.701541424 6.417614937 -0.012742156 0.996579230 -0.081653997 -0.482099026 -0.703092873 -0.066993818 -0.707935154 2.227544069
-0.727723718 0.046155129 0.684315681 6.457840919 -0.013501314 0.996575832 -0.081573911 -0.486977100 -0.685737491 -0.068602420 -0.724608660 2.184697866
-0.745318413 0.041396067 0.665422261 6.490373611 -0.017855987 0.996473193 -0.081990734 -0.491310865 -0.666469336 -0.072990991 -0.741950572 2.150393724
-0.761562705 0.039807819 0.646867454 6.528676510 -0.016811537 0.996562600 -0.081120223 -0.496443152 -0.647873163 -0.072652966 -0.758275688 2.106214285
-0.777591765 0.042059798 0.627361119 6.559610367 -0.014350386 0.996313274 -0.084582046 -0.500711679 -0.628605723 -0.074773178 -0.774121404 2.069142342
-0.792577624 0.041853175 0.608332992 6.595633984 -0.010450970 0.996562719 -0.082179509 -0.505700111 -0.609681487 -0.071491316 -0.789415836 2.023451805
-0.807184339 0.041858796 0.588813424 6.624585629 -0.007690812 0.996652186 -0.081395186 -0.510413408 -0.590249360 -0.070229374 -0.804160178 1.984812379
-0.821307540 0.044054739 0.568782091 6.657581806 -0.004910591 0.996430874 -0.084268861 -0.515133917 -0.570464551 -0.072003685 -0.818159878 1.937707424
-0.835044980 0.045110371 0.548329175 6.684486866 -0.004523326 0.996036410 -0.088831216 -0.519424915 -0.550163090 -0.076658331 -0.831531107 1.897233963
-0.847735643 0.045762222 0.528441250 6.715835094 -0.001336628 0.996083796 -0.088403657 -0.524687767 -0.530417204 -0.075649254 -0.844354689 1.848223567
-0.859161437 0.044390861 0.509775639 6.741121769 0.000426384 0.996291757 -0.086037695 -0.529356956 -0.511704564 -0.073702909 -0.855994284 1.805433512
-0.869440854 0.046318009 0.491861045 6.765687466 0.003461290 0.996142089 -0.087687232 -0.534019113 -0.494024873 -0.074536398 -0.866246879 1.761577964
-0.879215181 0.049439460 0.473852783 6.796295643 0.006868172 0.995813131 -0.091154583 -0.539906561 -0.476375490 -0.076889999 -0.875873446 1.709021449
-0.888725281 0.046572529 0.456068426 6.821927547 0.004998869 0.995751798 -0.091942459 -0.545408189 -0.458412975 -0.079431757 -0.885182559 1.665188074
-0.896261752 0.044432603 0.441294372 6.845362186 0.004361003 0.995804131 -0.091407396 -0.550676227 -0.443504095 -0.080000468 -0.892694950 1.614488363
-0.903671622 0.042575840 0.426104546 6.867754459 0.003859717 0.995814562 -0.091314979 -0.555972815 -0.428208888 -0.080874108 -0.900053680 1.569899201
-0.910635829 0.040381819 0.411231905 6.888752937 0.003096818 0.995852292 -0.090932265 -0.560231566 -0.413198233 -0.081532672 -0.906983852 1.525908470
-0.916079521 0.038129035 0.399179876 6.913094521 0.002302427 0.995952785 -0.089848012 -0.566739440 -0.400990129 -0.081388824 -0.912459731 1.467872381
-0.921689034 0.033511166 0.386479408 6.932806492 -0.000096371 0.996241987 -0.086612783 -0.571253598 -0.387929469 -0.079867303 -0.918222129 1.420977116
-0.927003920 0.029989313 0.373851180 6.956140518 -0.000999736 0.996596992 -0.082423195 -0.577287376 -0.375050783 -0.076780364 -0.923819005 1.367569566
-0.931669474 0.028797019 0.362164170 6.975816727 0.000085362 0.996870995 -0.079045333 -0.581608891 -0.363307118 -0.073613204 -0.928756654 1.321152210
-0.934630215 0.034783848 0.353915811 6.993676186 0.006352230 0.996679068 -0.081181303 -0.585782170 -0.355564266 -0.073626347 -0.931747377 1.274057865
-0.936880231 0.038892075 0.347480804 7.014720917 0.010837279 0.996547043 -0.082319804 -0.591376781 -0.349482536 -0.073358051 -0.934066653 1.218400359
-0.938303053 0.043353271 0.343085915 7.031852722 0.014989487 0.996276855 -0.084897608 -0.595912457 -0.345489204 -0.074516997 -0.935459435 1.170102119
-0.940394521 0.040071093 0.337716579 7.051902294 0.012504306 0.996436834 -0.083411142 -0.601260304 -0.339855611 -0.074216470 -0.937544644 1.116871953
-0.942506075 0.032391626 0.332615614 7.069580078 0.006110626 0.996795654 -0.079757296 -0.605601251 -0.334133297 -0.073139243 -0.939683735 1.069715023
-0.944354296 0.026855478 0.327832162 7.089628220 0.001437266 0.996988833 -0.077531502 -0.611009359 -0.328927100 -0.072746009 -0.941549182 1.014535189
-0.946054459 0.020314068 0.323370486 7.106672764 -0.005664478 0.996843100 -0.079193510 -0.615169883 -0.323958367 -0.076753080 -0.942952693 0.967053413
-0.947420239 0.017731030 0.319500208 7.126466274 -0.008923032 0.996611416 -0.081767723 -0.620334506 -0.319867402 -0.080319323 -0.944051623 0.911748648
-0.947973311 0.018119110 0.317833722 7.142627716 -0.008952822 0.996466756 -0.083509468 -0.624930382 -0.318223834 -0.082010254 -0.944461644 0.863616347
-0.948389709 0.019179670 0.316526681 7.161968231 -0.008591130 0.996248782 -0.086107977 -0.630225241 -0.316990763 -0.084383219 -0.944667280 0.808274031
-0.948250592 0.021580264 0.316788942 7.178380966 -0.006667957 0.996114314 -0.087816544 -0.635083020 -0.317453057 -0.085384414 -0.944422007 0.760423303
-0.947703779 0.023303006 0.318299621 7.196555614 -0.005381976 0.996022046 -0.088943928 -0.640810728 -0.319106162 -0.086005561 -0.943808317 0.705418706
-0.947366953 0.023321491 0.319298953 7.213132858 -0.006056640 0.995859206 -0.090707406 -0.645799518 -0.320092231 -0.087867074 -0.943302751 0.656652808
-0.946670532 0.025239142 0.321213335 7.232099056 -0.004130309 0.995894790 -0.090424538 -0.651171803 -0.322176933 -0.086928941 -0.942679822 0.603213668
-0.945950150 0.024443666 0.323389679 7.248589516 -0.005157541 0.995895684 -0.090361930 -0.656429350 -0.324271142 -0.087145761 -0.941941500 0.556179762
-0.944877565 0.022684317 0.326637268 7.268075943 -0.007443595 0.995851159 -0.090692267 -0.661872864 -0.327339381 -0.088124439 -0.940788507 0.502524257
-0.943728924 0.020682685 0.330072761 7.283143044 -0.008773373 0.996125758 -0.087502643 -0.666554332 -0.330603719 -0.085474618 -0.939891040 0.464178205
-0.941418588 0.018213153 0.336748153 7.304522514 -0.011471494 0.996233165 -0.085951559 -0.671930313 -0.337045074 -0.084779397 -0.937663555 0.402492762
-0.939746916 0.015053482 0.341539443 7.322565079 -0.014310405 0.996422291 -0.083292820 -0.676484168 -0.341571361 -0.083161727 -0.936169326 0.357379913
-0.936277807 0.018341731 0.350781351 7.341929913 -0.011377969 0.996528089 -0.082475878 -0.682125926 -0.351076156 -0.081211492 -0.932818413 0.302939177
-0.933000386 0.017859995 0.359432042 7.359786510 -0.012811217 0.996486306 -0.082769781 -0.686456800 -0.359647393 -0.081828989 -0.929493248 0.256104708
-0.929266274 0.021913115 0.368760049 7.381044865 -0.010191221 0.996338367 -0.084887780 -0.691930890 -0.369269967 -0.082641497 -0.925640285 0.203490019
-0.925620079 0.021743352 0.377828985 7.399952412 -0.010664079 0.996453285 -0.083469294 -0.696924627 -0.378303826 -0.081290059 -0.922105253 0.159198523
-0.920079947 0.024725577 0.390949547 7.422356129 -0.009671571 0.996268034 -0.085770428 -0.701494455 -0.391611248 -0.082696758 -0.916407049 0.103954554
-0.914535522 0.026716953 0.403622419 7.442944050 -0.008944570 0.996236801 -0.086210623 -0.706497669 -0.404406786 -0.082452893 -0.910854995 0.058522940
-0.908303201 0.028776823 0.417321831 7.467025757 -0.008209765 0.996212482 -0.086563379 -0.711891174 -0.418232232 -0.082051896 -0.904626608 0.005455732
-0.902203739 0.027970199 0.430402488 7.488361359 -0.009107044 0.996437252 -0.083844677 -0.716530561 -0.431214184 -0.079564653 -0.898734510 -0.038799047
-0.895639956 0.031276122 0.443678826 7.513649940 -0.006997555 0.996410310 -0.084365368 -0.721759737 -0.444724709 -0.078665659 -0.892206073 -0.090251923
-0.888605654 0.033170413 0.457471043 7.536417007 -0.005757245 0.996496499 -0.083437234 -0.726298928 -0.458635747 -0.076776579 -0.885301471 -0.135001421
-0.881612659 0.035830937 0.470611542 7.562981129 -0.003093792 0.996653914 -0.081677914 -0.730698168 -0.471963435 -0.073464267 -0.878551900 -0.183847427
-0.873468280 0.037932076 0.485401303 7.586594582 -0.000513383 0.996888101 -0.078826450 -0.735226870 -0.486880839 -0.069101609 -0.870730698 -0.227811813
-0.865459442 0.040695563 0.499323368 7.614794731 0.002056406 0.996975303 -0.077690616 -0.739724815 -0.500974715 -0.066211268 -0.862925470 -0.276283503
-0.856703341 0.044097014 0.513921022 7.639588356 0.006108609 0.997136414 -0.075376324 -0.744403243 -0.515773118 -0.061435811 -0.854519546 -0.317147970
-0.845609665 0.047755126 0.531661451 7.668749332 0.008671050 0.997087657 -0.075769491 -0.748346448 -0.533731401 -0.059461333 -0.843560994 -0.365765095
-0.835291207 0.050325140 0.547499955 7.695251465 0.011057501 0.997138262 -0.074785203 -0.752578199 -0.549696684 -0.056413434 -0.833457351 -0.405506372
-0.823428929 0.052042432 0.565027654 7.725159645 0.012614335 0.997217834 -0.073466562 -0.757608533 -0.567279041 -0.053367049 -0.821794569 -0.450971603
-0.812477052 0.055083368 0.580385089 7.753718376 0.015151067 0.997185111 -0.073431283 -0.761269450 -0.582796335 -0.050867781 -0.811024547 -0.488995790
-0.799495518 0.055885471 0.598066866 7.785768509 0.014893133 0.997200727 -0.073272802 -0.766395926 -0.600487649 -0.049674150 -0.798089623 -0.533209085
-0.786021769 0.057420727 0.615526378 7.815823555 0.016448947 0.997266948 -0.072027087 -0.769935608 -0.617980003 -0.046490077 -0.784818053 -0.570808172
-0.770205319 0.059022054 0.635058999 7.849662781 0.018138498 0.997333109 -0.070693068 -0.774202347 -0.637537897 -0.042929180 -0.769222021 -0.614306927
-0.753072500 0.062394559 0.654972315 7.880589485 0.020020086 0.997205198 -0.071978010 -0.777565122 -0.657632887 -0.041092049 -0.752216995 -0.651420593
-0.736115575 0.064552814 0.673770487 7.917958260 0.019089285 0.997025609 -0.074667692 -0.782252192 -0.676586568 -0.042102262 -0.735158384 -0.691985369
-0.718765259 0.065120921 0.692196250 7.950389862 0.017520379 0.996984065 -0.075602092 -0.786001444 -0.695031881 -0.042212613 -0.717738509 -0.725698471
-0.699526489 0.065495193 0.711598992 7.987948895 0.017501606 0.997062564 -0.074564412 -0.790813088 -0.714392364 -0.039705649 -0.698617816 -0.762815952
-0.679807067 0.064721741 0.730529606 8.021659851 0.015710857 0.997154891 -0.073723555 -0.795071363 -0.733222604 -0.038640548 -0.678889811 -0.794138908
