0.999996424 -0.002472542 -0.001012910 -0.000510785 0.002475708 0.999992013 0.003135060 -0.000952051 0.001005154 -0.003137557 0.999994516 0.068020314
0.999995112 -0.002534983 -0.001836403 -0.001215994 0.002541846 0.999989808 0.003743998 -0.001492645 0.001826896 -0.003748648 0.999991298 0.127441213
0.999993265 -0.001186621 -0.003460683 -0.002308581 0.001198462 0.999993384 0.003421630 -0.002259007 0.003456604 -0.003425754 0.999988139 0.203626379
0.999987185 -0.000718166 -0.005001515 -0.002931324 0.000736018 0.999993324 0.003568111 -0.003300719 0.004998922 -0.003571747 0.999981165 0.271707863
0.999979913 -0.000644481 -0.006298732 -0.003669860 0.000667779 0.999992967 0.003697518 -0.003956140 0.006296303 -0.003701650 0.999973297 0.338953108
0.999965966 -0.000784131 -0.008211069 -0.004493891 0.000819058 0.999990642 0.004250991 -0.004750696 0.008207656 -0.004257570 0.999957323 0.406136721
0.999948740 -0.002638617 -0.009776403 -0.005174343 0.002672066 0.999990582 0.003409738 -0.005477751 0.009767312 -0.003435687 0.999946415 0.473783880
0.999932528 -0.004137280 -0.010848045 -0.006355199 0.004179012 0.999983907 0.003827246 -0.006230234 0.010832037 -0.003872322 0.999933839 0.540534914
0.999920607 -0.003433688 -0.012123954 -0.007554828 0.003480343 0.999986589 0.003829237 -0.007119103 0.012110651 -0.003871129 0.999919236 0.608007133
0.999908030 -0.002987865 -0.013229731 -0.008570608 0.003041391 0.999987364 0.004027689 -0.007845413 0.013217535 -0.004067556 0.999904394 0.665726006
0.999901295 -0.001481045 -0.013968793 -0.009490401 0.001543810 0.999988675 0.004483569 -0.008553607 0.013961996 -0.004504691 0.999892414 0.739633739
0.999898970 -0.000782947 -0.014193235 -0.011002588 0.000861435 0.999984384 0.005524712 -0.009413743 0.014188689 -0.005536380 0.999884009 0.794497788
0.999882996 0.001147053 -0.015252336 -0.011856926 -0.001052099 0.999980032 0.006232065 -0.009659203 0.015259180 -0.006215289 0.999864221 0.869885623
0.999873936 0.000800658 -0.015854292 -0.012922751 -0.000713762 0.999984622 0.005485798 -0.009509770 0.015858440 -0.005473790 0.999859273 0.927190006
0.999865770 0.001770780 -0.016288845 -0.014355979 -0.001680223 0.999983013 0.005571434 -0.009599205 0.016298441 -0.005543317 0.999851823 1.000965834
0.999854445 0.001277965 -0.017016938 -0.014135905 -0.001173687 0.999980390 0.006136389 -0.010222567 0.017024454 -0.006115522 0.999836385 1.056872725
0.999858975 0.003813059 -0.016357191 -0.016463283 -0.003693903 0.999966502 0.007308654 -0.010797075 0.016384508 -0.007247202 0.999839485 1.130088091
0.999861896 0.004805704 -0.015909337 -0.018250518 -0.004715396 0.999972641 0.005709058 -0.011142759 0.015936334 -0.005633252 0.999857068 1.185730457
0.999852419 0.005131154 -0.016404951 -0.018634411 -0.005060359 0.999977648 0.004354089 -0.012274597 0.016426934 -0.004270430 0.999855936 1.256914616
0.999862969 0.002536108 -0.016362807 -0.019601343 -0.002471570 0.999989092 0.003963205 -0.012702778 0.016372683 -0.003922219 0.999858320 1.310684562
0.999872029 0.002290818 -0.015830338 -0.021216940 -0.002190108 0.999977291 0.006376234 -0.013087702 0.015844587 -0.006340750 0.999854326 1.382535934
0.999875844 0.000915080 -0.015732929 -0.022311579 -0.000798017 0.999971986 0.007445301 -0.013582048 0.015739301 -0.007431823 0.999848485 1.436223269
0.999873340 -0.000496534 -0.015911682 -0.022933500 0.000615259 0.999971986 0.007457470 -0.014515769 0.015907533 -0.007466316 0.999845564 1.488809347
0.999885023 0.000042675 -0.015161132 -0.024384163 0.000034595 0.999986947 0.005096222 -0.014717574 0.015161157 -0.005096160 0.999872088 1.568850756
0.999894559 0.001649027 -0.014427812 -0.025667390 -0.001588513 0.999989808 0.004204637 -0.015366326 0.014434602 -0.004181274 0.999887109 1.618986130
0.999906421 0.001710268 -0.013569125 -0.027371839 -0.001662492 0.999992371 0.003531342 -0.015878979 0.013575064 -0.003508453 0.999901712 1.670912623
0.999922752 0.002024635 -0.012259114 -0.028221659 -0.001967078 0.999986947 0.004705341 -0.017299335 0.012268491 -0.004680862 0.999913812 1.747373104
0.999939978 0.001987255 -0.010768482 -0.028991964 -0.001919536 0.999978304 0.006295279 -0.017671643 0.010780768 -0.006274229 0.999922216 1.798759341
0.999957383 0.001664351 -0.009075662 -0.029780056 -0.001589611 0.999964774 0.008236215 -0.018758139 0.009089057 -0.008221436 0.999924958 1.845682740
0.999970257 0.002355371 -0.007334202 -0.029891063 -0.002294322 0.999962687 0.008321078 -0.018992133 0.007353529 -0.008304002 0.999938488 1.918842793
0.999990404 0.002395980 -0.003656720 -0.030480010 -0.002368005 0.999968052 0.007635503 -0.019427486 0.003674898 -0.007626771 0.999964178 1.965898037
0.999999464 0.000946017 0.000342332 -0.031269938 -0.000948006 0.999982476 0.005857665 -0.019982900 -0.000336785 -0.005857987 0.999982774 2.013187885
0.999993920 0.001600447 0.003103906 -0.030932169 -0.001613580 0.999989748 0.004232709 -0.020838577 -0.003097096 -0.004237691 0.999986231 2.083412886
0.999975681 0.001256241 0.006860142 -0.030440222 -0.001289301 0.999987543 0.004816702 -0.021561557 -0.006854002 -0.004825430 0.999964893 2.128283739
0.999918103 0.001250882 0.012737285 -0.031065429 -0.001313497 0.999987125 0.004908626 -0.022438819 -0.012730977 -0.004924955 0.999906838 2.173320055
0.999808848 0.003967583 0.019150978 -0.029601421 -0.004042507 0.999984264 0.003875175 -0.022663210 -0.019135298 -0.003951851 0.999809146 2.242391586
0.999644518 0.005323406 0.026126949 -0.028327096 -0.005424624 0.999977946 0.003804754 -0.023363527 -0.026106121 -0.003945131 0.999651432 2.286077499
0.999361753 0.006862330 0.035056263 -0.026753515 -0.007026344 0.999964893 0.004557531 -0.023535643 -0.035023753 -0.004800939 0.999374926 2.333758831
0.998909116 0.008782549 0.045862343 -0.025620259 -0.009050184 0.999943137 0.005631301 -0.024686750 -0.045810267 -0.006040221 0.998931944 2.402754068
0.998189151 0.011320313 0.059078548 -0.023361146 -0.011657677 0.999917567 0.005368954 -0.024759341 -0.059012897 -0.006047950 0.998238981 2.447546005
0.997182012 0.013501370 0.073794901 -0.020803124 -0.013977678 0.999884605 0.005941862 -0.026140038 -0.073706165 -0.006956600 0.997255743 2.488936424
0.995831490 0.015093425 0.089956313 -0.016074568 -0.015776120 0.999851823 0.006882941 -0.025985640 -0.089839078 -0.008273410 0.995922029 2.554569483
0.994053483 0.016350493 0.107658595 -0.012314528 -0.017317398 0.999817610 0.008052366 -0.026671410 -0.107507288 -0.009868849 0.994155347 2.596000195
0.991807103 0.014882417 0.126874894 -0.005613267 -0.015896115 0.999849319 0.006980943 -0.027304085 -0.126751870 -0.008940568 0.991894186 2.652777910
0.989013851 0.013641086 0.147192091 -0.000036657 -0.014673652 0.999874771 0.005931488 -0.027716311 -0.147092760 -0.008026170 0.989090204 2.693131208
0.985769272 0.010212794 0.167793706 0.007274032 -0.011301074 0.999920845 0.005532173 -0.027860865 -0.167723909 -0.007349695 0.985806644 2.734173536
0.981792569 0.005791165 0.189867765 0.017883539 -0.007389255 0.999942899 0.007710006 -0.028825879 -0.189812273 -0.008972608 0.981779397 2.793921947
0.976983547 0.000762793 0.213313222 0.026189804 -0.002774994 0.999954402 0.009133825 -0.029127013 -0.213296503 -0.009515540 0.976941228 2.833459139
0.971477032 -0.003821223 0.237102821 0.035396576 0.001772710 0.999959230 0.008852368 -0.029677391 -0.237126976 -0.008179558 0.971444249 2.870851994
0.965030730 -0.010631778 0.261920929 0.050743103 0.009120810 0.999934018 0.006983845 -0.030171206 -0.261977971 -0.004350696 0.965064049 2.927865028
0.957505822 -0.014309449 0.288058490 0.062276065 0.012585515 0.999890149 0.007835808 -0.030494006 -0.288138986 -0.003877469 0.957580805 2.964648008
0.948744357 -0.016972270 0.315588295 0.073446631 0.014415374 0.999841630 0.010434724 -0.031122563 -0.315715432 -0.005350564 0.948838890 3.000799417
0.939059973 -0.020737890 0.343127340 0.092493176 0.017413819 0.999766886 0.012766215 -0.031062715 -0.343312085 -0.006013086 0.939202189 3.053999662
0.928175390 -0.024390178 0.371342868 0.106364250 0.021293327 0.999695837 0.012438140 -0.031450529 -0.371533394 -0.003637650 0.928412497 3.087770462
0.915888369 -0.022710882 0.400790274 0.120666623 0.021138836 0.999741733 0.008344020 -0.031402960 -0.400876194 0.000830046 0.916131854 3.122294188
0.902839899 -0.024292449 0.429290056 0.144678116 0.025536979 0.999669850 0.002861978 -0.031520985 -0.429217786 0.008378866 0.903162181 3.172696829
0.888688326 -0.026122123 0.457767099 0.161648154 0.028985813 0.999579608 0.000768484 -0.032215614 -0.457594723 0.012585810 0.889071882 3.205331802
0.872795403 -0.027323015 0.487320870 0.179657459 0.028877089 0.999573648 0.004324821 -0.033171687 -0.487231255 0.010297723 0.873212278 3.237745285
0.855120599 -0.026282521 0.517762423 0.207249761 0.025039414 0.999642372 0.009389251 -0.033074792 -0.517824054 0.004935523 0.855472863 3.284834385
0.835588634 -0.025697270 0.548754334 0.228184700 0.022690095 0.999667466 0.012262564 -0.032621332 -0.548886955 0.002204826 0.835893691 3.315963268
0.814113557 -0.019912302 0.580364168 0.248002529 0.018980695 0.999790370 0.007677400 -0.033102475 -0.580395460 0.004765438 0.814320743 3.345066071
0.792012572 -0.012877399 0.610368848 0.270178080 0.015879288 0.999873817 0.000490153 -0.033375744 -0.610298216 0.009304015 0.792117059 3.374702454
0.769607663 -0.010807009 0.638425589 0.305514932 0.015584531 0.999876857 -0.001861289 -0.033356290 -0.638326883 0.011382027 0.769681334 3.419724941
0.746341646 -0.013410186 0.665427864 0.329284906 0.016275685 0.999865770 0.001895271 -0.034442015 -0.665363967 0.009415777 0.746459842 3.445481777
0.721798480 -0.013499797 0.691971481 0.361428499 0.016891167 0.999855578 0.001887113 -0.034385625 -0.691897213 0.010326090 0.721922338 3.480089664
0.696326375 -0.011687753 0.717630088 0.386389971 0.018279094 0.999831915 -0.001452597 -0.034331672 -0.717492640 0.014129112 0.696422935 3.504170895
0.669590950 -0.009220926 0.742672920 0.411218882 0.017444285 0.999842405 -0.003313789 -0.035302911 -0.742525339 0.015174280 0.669646204 3.527273655
0.643231332 -0.006623609 0.765643179 0.452621937 0.015683847 0.999866784 -0.004526413 -0.035929490 -0.765511215 0.014919763 0.643249631 3.562335014
0.615445733 -0.005434583 0.788160384 0.480259061 0.015707659 0.999862194 -0.005371214 -0.036861360 -0.788022757 0.015685849 0.615446508 3.583376408
0.586136878 0.001026849 0.810211360 0.517532110 0.014483074 0.999826133 -0.011744756 -0.037745059 -0.810082614 0.018618386 0.586020112 3.611810207
0.556644797 0.010707948 0.830681503 0.546948552 0.013238208 0.999675691 -0.021757387 -0.038036097 -0.830645144 0.023107873 0.556322634 3.630982876
0.525113165 0.018950403 0.850821376 0.586884618 0.012089412 0.999485135 -0.029722996 -0.039656352 -0.850946546 0.025893873 0.524613678 3.656887531
0.493684232 0.023907369 0.869312525 0.617867947 0.009730628 0.999407649 -0.033011220 -0.040711798 -0.869586825 0.024756076 0.493159086 3.674473763
0.460442990 0.023599785 0.887375474 0.661050916 0.007427820 0.999508977 -0.030436145 -0.042573206 -0.887658119 0.020605380 0.460041702 3.698337555
0.427451372 0.022639668 0.903754771 0.694322109 0.002969611 0.999645829 -0.026446348 -0.043682944 -0.904033422 0.013988332 0.427232742 3.714246035
0.392830580 0.023503769 0.919310451 0.739067554 -0.000716837 0.999680817 -0.025252266 -0.045525294 -0.919610500 0.009260867 0.392722070 3.734603167
0.357383698 0.026407236 0.933584213 0.773304582 -0.008110400 0.999650180 -0.025171243 -0.046824940 -0.933922350 0.001424049 0.357472807 3.748340607
0.321378499 0.028243307 0.946529567 0.819396853 -0.012714286 0.999593675 -0.025509754 -0.048581511 -0.946865499 -0.003836160 0.321607053 3.765421867
0.285255611 0.027553223 0.958055317 0.855267882 -0.015159598 0.999591351 -0.024234096 -0.049894556 -0.958331704 -0.007610820 0.285556734 3.776558161
0.248876423 0.027332731 0.968149543 0.903396010 -0.015833145 0.999583006 -0.024150031 -0.051282890 -0.968405843 -0.009318481 0.249205381 3.789539337
0.213308573 0.026406068 0.976628006 0.940946579 -0.014599774 0.999609351 -0.023838654 -0.052661680 -0.976875901 -0.009173560 0.213610709 3.797692776
0.177714437 0.025434570 0.983753383 0.989781678 -0.012775438 0.999641299 -0.023537468 -0.054018497 -0.983999193 -0.008384931 0.177975640 3.806764841
0.143413559 0.024496125 0.989359677 1.027906656 -0.004870703 0.999698997 -0.024046080 -0.055224638 -0.989650905 -0.001370344 0.143489718 3.811949492
0.109038040 0.027833737 0.993647814 1.077295780 -0.002404856 0.999612331 -0.027736921 -0.057196632 -0.994034708 0.000634798 0.109062694 3.817922592
0.076967075 0.032985166 0.996487916 1.116105556 -0.001685674 0.999455452 -0.032953199 -0.058589168 -0.997032225 0.000856557 0.076980755 3.821032047
0.047372300 0.036575876 0.998207450 1.167328477 0.005854484 0.999302030 -0.036893819 -0.060601093 -0.998860180 0.007591736 0.047125097 3.823310137
0.022257924 0.035224002 0.999131620 1.205941796 0.007818348 0.999342501 -0.035405602 -0.061935633 -0.999721706 0.008599616 0.021967893 3.823701620
0.000192400 0.031853247 0.999492526 1.258913398 0.009756678 0.999444902 -0.031853605 -0.064087845 -0.999952376 0.009757855 -0.000118490 3.823980331
-0.018993188 0.028992541 0.999399185 1.297740579 0.009802510 0.999536812 -0.028810240 -0.065705061 -0.999771476 0.009249422 -0.019268591 3.823663712
-0.035653334 0.032374937 0.998839676 1.350389481 0.012160718 0.999415100 -0.031959515 -0.067763314 -0.999290407 0.011007145 -0.036026176 3.821917295
-0.050949953 0.036674578 0.998027623 1.389308453 0.013751592 0.999256492 -0.036017708 -0.069376223 -0.998606622 0.011889368 -0.051416397 3.820527792
-0.062026221 0.042133238 0.997184753 1.443279028 0.018802017 0.998980641 -0.041039612 -0.071357235 -0.997897446 0.016203554 -0.062755182 3.816152811
-0.071037933 0.044932619 0.996461093 1.482368469 0.024178039 0.998768985 -0.043313026 -0.073541515 -0.997180581 0.021015605 -0.072036862 3.813310623
-0.076775797 0.050864987 0.995750129 1.535607696 0.027886832 0.998416722 -0.048851028 -0.076155931 -0.996658325 0.024017746 -0.078072675 3.808836699
-0.080404282 0.055674430 0.995206237 1.575123549 0.029375143 0.998137653 -0.053465143 -0.078497328 -0.996329367 0.024935506 -0.081889972 3.805705309
-0.083694026 0.059928674 0.994687855 1.602024198 0.031347554 0.997854292 -0.057481848 -0.079906993 -0.995998383 0.026370142 -0.085393056 3.803446293
-0.085868426 0.062467329 0.994346201 1.676153421 0.032580357 0.997674882 -0.059862893 -0.084878884 -0.995773613 0.027255828 -0.087703966 3.797004938
-0.087005459 0.065907113 0.994025290 1.715072751 0.034624521 0.997406363 -0.063100658 -0.087495714 -0.995605946 0.028927548 -0.089061789 3.792168379
-0.090404265 0.069644585 0.993467033 1.769554377 0.034259707 0.997178912 -0.066787206 -0.091453157 -0.995315731 0.027998041 -0.092535228 3.788436413
-0.092823602 0.071072742 0.993142724 1.809861660 0.037574839 0.996988654 -0.067836046 -0.094311118 -0.994973421 0.031020392 -0.095214635 3.784906387
-0.095520630 0.070544630 0.992924690 1.850184917 0.036869187 0.997051954 -0.067290992 -0.096714817 -0.994744480 0.030180650 -0.097839952 3.781836271
-0.097377785 0.069843322 0.992793798 1.911356449 0.036567636 0.997112095 -0.066560403 -0.101214327 -0.994575500 0.029822620 -0.099650584 3.775466681
-0.099282332 0.071023956 0.992521405 1.951883912 0.036779109 0.997029781 -0.067667551 -0.104197472 -0.994379401 0.029785858 -0.101599641 3.770730972
-0.102005884 0.073259361 0.992082536 2.005713224 0.035199285 0.996925950 -0.069997817 -0.108374245 -0.994160891 0.027780406 -0.104270980 3.766016006
-0.104912899 0.075221978 0.991632342 2.046992779 0.033110172 0.996846676 -0.072114497 -0.111919709 -0.993930221 0.025267377 -0.107072696 3.761713505
-0.106885321 0.078858584 0.991139114 2.102772474 0.031273797 0.996623158 -0.075922310 -0.116069205 -0.993779421 0.022881705 -0.108990610 3.755664587
-0.109225743 0.082537323 0.990584373 2.144057035 0.028224479 0.996402383 -0.079909980 -0.119629972 -0.993616223 0.019230502 -0.111162387 3.751179218
-0.112003066 0.085468613 0.990025520 2.200480223 0.025250576 0.996217370 -0.083146527 -0.124069542 -0.993386984 0.015686050 -0.113737546 3.745256901
-0.114473179 0.084059812 0.989863634 2.243092537 0.023722576 0.996360719 -0.081868157 -0.127739370 -0.993143022 0.014110407 -0.116050705 3.740217924
-0.116922244 0.079777978 0.989931583 2.299310446 0.021484755 0.996738255 -0.077788919 -0.132504016 -0.992908657 0.012173180 -0.118254922 3.733218670
-0.118861862 0.077908888 0.989849567 2.341826916 0.021937734 0.996879578 -0.075827897 -0.136040837 -0.992668450 0.012702007 -0.120200112 3.727699757
-0.120845556 0.078393936 0.989570975 2.383762836 0.020890700 0.996856809 -0.076419950 -0.139629096 -0.992451489 0.011437817 -0.122103445 3.722640753
-0.122721002 0.082047492 0.989043832 2.447615623 0.020800037 0.996570587 -0.080091000 -0.144258320 -0.992223263 0.010743296 -0.124006711 3.715414047
-0.123450249 0.085284434 0.988679171 2.490000248 0.021284929 0.996298611 -0.083283976 -0.147518992 -0.992122531 0.010762535 -0.124808550 3.709885836
-0.123786822 0.085308738 0.988635063 2.545937538 0.021009395 0.996299684 -0.083339527 -0.152906418 -0.992086589 0.010454284 -0.125121042 3.703536272
-0.123842075 0.083938651 0.988745451 2.588841200 0.017239470 0.996447444 -0.082433239 -0.156683803 -0.992152274 0.006836742 -0.124849170 3.698449850
-0.123890474 0.083073720 0.988812387 2.632423878 0.013775185 0.996537447 -0.081996791 -0.160739541 -0.992200255 0.003462452 -0.124605834 3.693098307
-0.123653881 0.084227294 0.988744318 2.696570396 0.010815370 0.996446431 -0.083530813 -0.166206583 -0.992266536 0.000364729 -0.124125428 3.685291290
-0.124694213 0.084499642 0.988590479 2.738683939 0.006334973 0.996414423 -0.084369332 -0.170300767 -0.992175102 -0.004257673 -0.124782413 3.681298971
-0.123294398 0.084277727 0.988785028 2.784490347 0.003509862 0.996417999 -0.084490679 -0.173767418 -0.992363989 -0.006946728 -0.123148561 3.673678398
-0.123898715 0.078886569 0.989154160 2.849316120 0.004107678 0.996867180 -0.078987181 -0.179404736 -0.992286384 -0.005723284 -0.123834595 3.666159868
-0.124702811 0.069426015 0.989762127 2.892996311 0.008220790 0.997587025 -0.068939120 -0.183461040 -0.992160141 -0.000460278 -0.124972627 3.660918236
-0.123940490 0.064758331 0.990174353 2.952205896 0.012811797 0.997889400 -0.063659243 -0.187523752 -0.992206931 0.004795953 -0.124508575 3.652822733
-0.123130076 0.067013942 0.990125299 2.996157408 0.020817336 0.997672260 -0.064935915 -0.190846652 -0.992172122 0.012616207 -0.124238506 3.646962404
-0.122648396 0.073218532 0.989745736 3.040511370 0.026136139 0.997167289 -0.070528783 -0.193618879 -0.992105961 0.017217889 -0.124214597 3.641529560
-0.120963342 0.078696877 0.989532411 3.107450247 0.030296098 0.996680737 -0.075561866 -0.198832661 -0.992194533 0.020838760 -0.122946061 3.632495642
-0.119275995 0.083637826 0.989331961 3.151964426 0.031866793 0.996254683 -0.080381148 -0.201754272 -0.992349625 0.021939304 -0.121494524 3.625962257
-0.119929157 0.080529056 0.989511013 3.213340521 0.027990844 0.996582925 -0.077712052 -0.207118869 -0.992387772 0.018377308 -0.121773429 3.619562387
-0.119598322 0.075945675 0.989913344 3.258984327 0.028724421 0.996917248 -0.073012605 -0.210863501 -0.992406726 0.019702503 -0.121411160 3.613785505
-0.119940355 0.074108131 0.990011275 3.318310022 0.025775414 0.997106373 -0.071516536 -0.215457410 -0.992446482 0.016940232 -0.121503457 3.607727289
-0.119773373 0.074855737 0.989975274 3.363566875 0.023319829 0.997090459 -0.072572365 -0.218526185 -0.992527425 0.014393817 -0.121170506 3.602230310
-0.119499661 0.080117263 0.989596426 3.424054146 0.025039598 0.996664941 -0.077665836 -0.223588690 -0.992518425 0.015498051 -0.121107243 3.595054150
-0.118115768 0.082171760 0.989594102 3.468966246 0.024475092 0.996508420 -0.079824589 -0.227662712 -0.992698133 0.014791857 -0.119714521 3.589116335
-0.118055955 0.081751026 0.989636004 3.531307697 0.023921002 0.996550322 -0.079468600 -0.232219711 -0.992718816 0.014291345 -0.119604252 3.581836462
-0.117665403 0.074991599 0.990217626 3.576111317 0.026221044 0.997031569 -0.072391823 -0.236146420 -0.992707074 0.017446529 -0.119282462 3.576755524
-0.117593788 0.073790446 0.990316629 3.639551163 0.025228463 0.997135699 -0.071302839 -0.240648746 -0.992741227 0.016599400 -0.119118586 3.568635941
-0.117606089 0.076208808 0.990131855 3.685864449 0.023203636 0.996989667 -0.073980562 -0.244713128 -0.992789209 0.014274096 -0.119020388 3.563605785
-0.117205746 0.080135033 0.989869237 3.748535156 0.021876158 0.996705651 -0.078098208 -0.249085069 -0.992866755 0.012500970 -0.118572682 3.556276798
-0.117202625 0.079468295 0.989923418 3.795533180 0.021290705 0.996765256 -0.077496812 -0.252796769 -0.992879868 0.011993334 -0.118515439 3.550975323
-0.117146567 0.076381147 0.990173101 3.842186213 0.020082720 0.997016311 -0.074533053 -0.256475866 -0.992911637 0.011154070 -0.118330993 3.545816183
-0.116281532 0.074482486 0.990419567 3.914320469 0.020665539 0.997149885 -0.072562359 -0.262807071 -0.993001282 0.012029898 -0.117489330 3.537297249
-0.115478002 0.074831262 0.990487218 3.968853712 0.022496345 0.997099638 -0.072708018 -0.267261773 -0.993055224 0.013886169 -0.116826504 3.531446457
-0.114426382 0.075812466 0.990534604 4.015956879 0.024415413 0.996997297 -0.073486611 -0.270503819 -0.993131638 0.015775511 -0.115933798 3.525632381
-0.113090083 0.074021317 0.990823686 4.081792355 0.024420433 0.997126818 -0.071704924 -0.276375532 -0.993284583 0.016087225 -0.114572786 3.518361092
-0.111792527 0.074633926 0.990924954 4.128975868 0.026094425 0.997052193 -0.072151557 -0.280089766 -0.993388951 0.017791614 -0.113410518 3.512839079
-0.110561013 0.072954029 0.991188169 4.194060802 0.025333770 0.997185051 -0.070569597 -0.284916043 -0.993546367 0.017308282 -0.112098008 3.505603552
-0.109184086 0.071417302 0.991452694 4.242698193 0.024205191 0.997310877 -0.069173686 -0.289088160 -0.993726790 0.016445635 -0.110619158 3.500000954
-0.108201988 0.071058102 0.991586208 4.308017254 0.024675773 0.997326791 -0.068776853 -0.293823898 -0.993822694 0.017026361 -0.109666154 3.493325233
-0.106122725 0.071909308 0.991749465 4.357219219 0.022925375 0.997293472 -0.069858134 -0.297699541 -0.994088829 0.015322688 -0.107484043 3.487982988
-0.105525091 0.074817531 0.991598129 4.422711372 0.023009593 0.997082293 -0.072782658 -0.302310377 -0.994150400 0.015135866 -0.106938742 3.481743097
-0.104823746 0.073261179 0.991788685 4.471674442 0.020859815 0.997225344 -0.071458079 -0.306177706 -0.994271994 0.013198024 -0.106061131 3.477123499
-0.104195699 0.072312921 0.991924584 4.537731647 0.017750422 0.997329593 -0.070842393 -0.311260998 -0.994398415 0.010225604 -0.105201006 3.470587492
-0.103883937 0.074053183 0.991828740 4.595533371 0.014990951 0.997227609 -0.072886124 -0.315104425 -0.994476378 0.007296760 -0.104706079 3.464492559
-0.104165681 0.073429383 0.991845548 4.645823956 0.012147913 0.997290254 -0.072556660 -0.318956256 -0.994485736 0.004490939 -0.104775429 3.459164381
-0.105202757 0.070801325 0.991927266 4.711289406 0.009550684 0.997488201 -0.070185333 -0.324138433 -0.994404912 0.002089893 -0.105614737 3.452511787
-0.106143877 0.068719335 0.991973400 4.761489391 0.007958892 0.997635841 -0.068259977 -0.328279167 -0.994318962 0.000649631 -0.106439866 3.446985006
-0.107592940 0.068343297 0.991843283 4.828305244 0.004749661 0.997658432 -0.068228751 -0.333113164 -0.994183719 -0.002630016 -0.107665613 3.440216780
-0.108674563 0.068588324 0.991708338 4.878473282 0.006599262 0.997644722 -0.068275720 -0.336712658 -0.994055450 -0.000875292 -0.108871244 3.434397459
-0.112687998 0.066767231 0.991384625 4.945662022 0.002815914 0.997757316 -0.066876315 -0.341903061 -0.993626475 -0.004744506 -0.112623297 3.428568363
-0.115826696 0.061953247 0.991335511 4.996133327 0.000689948 0.998057723 -0.062292751 -0.345444262 -0.993269205 -0.006531192 -0.115644477 3.423125505
-0.120499507 0.062757850 0.990727663 5.062952042 0.001520330 0.998010159 -0.063034251 -0.349291146 -0.992712200 -0.006089363 -0.120355144 3.416100025
-0.126194000 0.069544807 0.989564836 5.113469124 -0.004212405 0.997492969 -0.070639186 -0.352431446 -0.991996706 -0.013082688 -0.125584677 3.410634756
-0.133361518 0.072020493 0.988447130 5.180257320 -0.001560752 0.997339606 -0.072878972 -0.357889712 -0.991066217 -0.011261977 -0.132894322 3.402162075
-0.141960487 0.068215139 0.987519026 5.230798244 0.001445820 0.997636020 -0.068706125 -0.361477435 -0.989871323 -0.008325783 -0.141723529 3.394599676
-0.153405219 0.065325588 0.986001670 5.296090603 0.002717664 0.997836649 -0.065686852 -0.367279232 -0.988159657 -0.007397084 -0.153250858 3.385223866
-0.166752204 0.067072131 0.983714998 5.345880508 0.002537258 0.997709572 -0.067596219 -0.370393693 -0.985995531 -0.008775881 -0.166540444 3.377243519
-0.180849642 0.066072799 0.981288850 5.409382820 0.004669858 0.997787237 -0.066323020 -0.376417428 -0.983499587 -0.007412016 -0.180758044 3.365917921
-0.196435899 0.063717388 0.978444219 5.458289623 0.005926523 0.997945189 -0.063797489 -0.380377591 -0.980498731 -0.006733343 -0.196409926 3.357336998
-0.210440800 0.066971928 0.975309849 5.522751331 0.010215798 0.997746885 -0.066308364 -0.384798110 -0.977553368 -0.003990417 -0.210650846 3.343155384
-0.226100087 0.070547186 0.971546113 5.569626808 0.010955669 0.997495115 -0.069881804 -0.388462961 -0.974042535 -0.005156344 -0.226306632 3.333313465
-0.241298541 0.074175619 0.967612028 5.632534027 0.010813772 0.997218192 -0.073748484 -0.393564552 -0.970390737 -0.007331867 -0.241429389 3.318269730
-0.256788731 0.073443122 0.963673115 5.679664612 0.008662744 0.997243226 -0.073693231 -0.396098018 -0.966428816 -0.010575536 -0.256717056 3.305952311
-0.273458809 0.066111445 0.959609032 5.727878094 0.000533837 0.997645438 -0.068579786 -0.401432157 -0.961883605 -0.018241474 -0.272850215 3.293172121
-0.287784815 0.063284867 0.955601871 5.796421051 -0.001086411 0.997792125 -0.066406101 -0.405852377 -0.957694471 -0.020148847 -0.287080616 3.272224903
-0.303524256 0.065005586 0.950603604 5.842107296 -0.003355265 0.997590959 -0.069290064 -0.409193844 -0.952817917 -0.024220744 -0.302574933 3.258982182
-0.316814959 0.067463651 0.946085095 5.903443336 -0.001844338 0.997421503 -0.071741983 -0.413598895 -0.948485553 -0.024473829 -0.315873593 3.237789154
-0.330685109 0.069649287 0.941167533 5.947930336 -0.000757246 0.997253001 -0.074065864 -0.417389303 -0.943740785 -0.025205171 -0.329723924 3.222433329
-0.345230877 0.069269530 0.935957968 5.975230694 0.001599308 0.997314513 -0.073220573 -0.420275927 -0.938516498 -0.023781125 -0.344414532 3.212597132
-0.358428538 0.067869812 0.931086719 6.060501575 0.002264437 0.997413993 -0.071832910 -0.426841080 -0.933554471 -0.023638574 -0.357655376 3.180783510
-0.372548908 0.066813193 0.925604284 6.104579449 0.002428097 0.997471631 -0.071023531 -0.430644840 -0.928009450 -0.024212284 -0.371769339 3.162916899
-0.388149887 0.066387288 0.919202089 6.162603378 -0.000569692 0.997384608 -0.072274394 -0.437183529 -0.921596169 -0.028576965 -0.387096822 3.140162468
-0.403093696 0.068709530 0.912575841 6.205961227 -0.000088266 0.997174621 -0.075118110 -0.440819085 -0.915158808 -0.030360188 -0.401948720 3.121549845
-0.417704433 0.070084341 0.905875921 6.264502048 0.001174234 0.997061431 -0.076597571 -0.446316838 -0.908582330 -0.030931439 -0.416559279 3.094940424
-0.431811780 0.073505133 0.898963571 6.307175636 0.005592167 0.996872902 -0.078824669 -0.450059593 -0.901946306 -0.029010268 -0.430872530 3.074549198
-0.447747976 0.075485609 0.890967846 6.366433144 0.002942003 0.996549249 -0.082952298 -0.455916643 -0.894155145 -0.034520499 -0.446424931 3.046847343
-0.461436123 0.079221345 0.883629262 6.408165932 0.006051292 0.996263027 -0.086159453 -0.459396005 -0.887152791 -0.034409989 -0.460191131 3.023817301
-0.477866352 0.075165495 0.875210702 6.467040062 0.002998883 0.996466100 -0.083941855 -0.465891510 -0.878427446 -0.037488341 -0.476403147 2.993903637
-0.493438452 0.071315929 0.866852164 6.516023636 0.000830902 0.996671140 -0.081523158 -0.470489740 -0.869780302 -0.039506391 -0.491855174 2.966005325
-0.509412110 0.071114145 0.857579231 6.559493065 -0.000488430 0.996555388 -0.082928777 -0.474776924 -0.860522509 -0.042663790 -0.507622600 2.941154957
-0.525409102 0.070448011 0.847928226 6.616113663 -0.001031386 0.996512949 -0.083431870 -0.480379283 -0.850849092 -0.044710409 -0.523504317 2.907204866
-0.541174531 0.069216229 0.838056803 6.664553165 -0.001844569 0.996506512 -0.083493948 -0.485275537 -0.840908289 -0.046730645 -0.539156258 2.876423836
-0.555991888 0.069134660 0.828307509 6.704738617 -0.002167976 0.996410906 -0.084620625 -0.489697158 -0.831184864 -0.048844129 -0.553846478 2.849022627
-0.571951210 0.068567723 0.817416668 6.761155605 -0.002713356 0.996336639 -0.085474685 -0.495276004 -0.820283175 -0.051105291 -0.569670022 2.811560869
-0.587167501 0.066039726 0.806767046 6.808834076 -0.003051877 0.996478677 -0.083790176 -0.500200450 -0.809459686 -0.051661022 -0.584898472 2.777600288
-0.601956487 0.062229894 0.796100438 6.849251747 -0.002934625 0.996779621 -0.080135643 -0.504802585 -0.798523605 -0.050574422 -0.599835396 2.747385740
-0.616904438 0.061241519 0.784651756 6.903774261 -0.001334917 0.996885121 -0.078855723 -0.510387421 -0.787036955 -0.049693894 -0.614901185 2.705485106
-0.631350875 0.060256276 0.773152709 6.940828323 -0.001424914 0.996884823 -0.078856595 -0.514584780 -0.775496006 -0.050887864 -0.629298449 2.675419092
-0.646116972 0.060571373 0.760831118 6.994130135 -0.003678581 0.996587336 -0.082464345 -0.520185053 -0.763229549 -0.056080416 -0.643689096 2.631095409
-0.661200106 0.060046464 0.747802734 7.030395508 -0.005731873 0.996358275 -0.085072853 -0.524093628 -0.750187755 -0.060536489 -0.658447981 2.599691153
-0.677577376 0.056669824 0.733265042 7.081811905 -0.007814905 0.996415854 -0.084228642 -0.529726088 -0.735409975 -0.062801808 -0.674705803 2.554978848
-0.694594860 0.049753461 0.717678785 7.117164135 -0.010267511 0.996818364 -0.079042234 -0.533504188 -0.719328046 -0.062271081 -0.691873908 2.524545193
-0.710572302 0.046921439 0.702057898 7.166195869 -0.011843194 0.996835113 -0.078609422 -0.540053248 -0.703524590 -0.064172283 -0.707767844 2.474377871
-0.727625251 0.044569984 0.684525490 7.201019287 -0.013286850 0.996784031 -0.079024822 -0.544006824 -0.685846329 -0.066595629 -0.724693120 2.438101530
-0.745298982 0.040106248 0.665523052 7.248754501 -0.017048972 0.996716321 -0.079157472 -0.549962044 -0.666512430 -0.070342474 -0.742167890 2.387757063
-0.761709630 0.038383342 0.646780670 7.282026768 -0.016416548 0.996779978 -0.078487791 -0.553806365 -0.647710562 -0.070402801 -0.758626699 2.348928213
-0.777760565 0.040246371 0.627270818 7.326189041 -0.014512702 0.996532142 -0.081933044 -0.559851885 -0.628392994 -0.072827704 -0.774479449 2.296645641
-0.793064237 0.039352950 0.607865453 7.356277466 -0.011151601 0.996805727 -0.079081923 -0.564670384 -0.609035730 -0.069495752 -0.790092230 2.258261204
-0.807597697 0.040595334 0.588334858 7.400390148 -0.007355122 0.996856928 -0.078879781 -0.570490539 -0.589687943 -0.068030410 -0.804760873 2.201199532
-0.822404981 0.042208590 0.567334533 7.429973125 -0.005106593 0.996656060 -0.081551783 -0.574737191 -0.568879664 -0.069965728 -0.819439411 2.161121368
-0.835530162 0.043134976 0.547748864 7.468919754 -0.004763191 0.996307433 -0.085724480 -0.581279874 -0.549424112 -0.074234396 -0.832239449 2.101798296
-0.848573923 0.043728989 0.527266562 7.496133804 -0.001829792 0.996329963 -0.085575707 -0.585464060 -0.529073715 -0.073582090 -0.845379651 2.060465336
-0.860033572 0.042051133 0.508501649 7.533503532 -0.000454283 0.996534586 -0.083177924 -0.591705978 -0.510237277 -0.071766831 -0.857034087 1.998150826
-0.870486379 0.044211082 0.490202785 7.559092045 0.002994667 0.996414900 -0.084548227 -0.596514821 -0.492183447 -0.072130099 -0.867497981 1.953988671
-0.879746377 0.046785239 0.473135769 7.592888832 0.005419547 0.996068716 -0.088417515 -0.603115618 -0.475412369 -0.075220808 -0.876541436 1.891604185
-0.889167964 0.044485003 0.455413550 7.617796898 0.003662274 0.995923102 -0.090131842 -0.607594967 -0.457566381 -0.078474492 -0.885705769 1.847759008
-0.897023022 0.041854888 0.439997673 7.649837017 0.002779032 0.996020436 -0.089081109 -0.614752531 -0.441975206 -0.078685023 -0.893569589 1.783153057
-0.903774798 0.040271159 0.426109701 7.671040535 0.002248043 0.995996594 -0.089362480 -0.619444728 -0.428002656 -0.079805627 -0.900247097 1.735949636
-0.910428107 0.037768587 0.411939532 7.701186180 0.001198334 0.996059835 -0.088675082 -0.626286268 -0.413665593 -0.080238640 -0.906886160 1.672256947
-0.916458666 0.035337280 0.398566127 7.722065926 0.000312622 0.996155560 -0.087601319 -0.631705821 -0.400129437 -0.080158383 -0.912946403 1.624050856
-0.922202826 0.031225381 0.385443658 7.743325233 -0.001491215 0.996440113 -0.084290981 -0.636579871 -0.386703551 -0.078308150 -0.918873310 1.575266242
-0.927338541 0.028016360 0.373173594 7.774926662 -0.002318443 0.996744394 -0.080592871 -0.643875599 -0.374216646 -0.075602032 -0.924254417 1.501349688
-0.931176901 0.028133785 0.363480270 7.793378830 0.000045363 0.997026920 -0.077054784 -0.648606420 -0.364567459 -0.071735151 -0.928409755 1.451498866
-0.934880793 0.032488089 0.353472114 7.812926769 0.004673198 0.996842980 -0.079261243 -0.652523518 -0.354931265 -0.072447963 -0.932081103 1.406008840
-0.937038541 0.036998801 0.347260505 7.841224670 0.009539470 0.996712625 -0.080453493 -0.659602404 -0.349095672 -0.072075352 -0.934311211 1.331110239
-0.938702881 0.040272363 0.342366964 7.859370232 0.012358802 0.996445596 -0.083325736 -0.664055884 -0.344505876 -0.073986866 -0.935864151 1.281625152
-0.940710723 0.038335979 0.337036669 7.883967400 0.011468291 0.996619582 -0.081350319 -0.670568109 -0.339016020 -0.072661884 -0.937970400 1.215934992
-0.942686856 0.030909274 0.332244277 7.902513504 0.005300646 0.996962011 -0.077709451 -0.674896717 -0.333636880 -0.071494564 -0.939986706 1.166460395
-0.944534123 0.025370907 0.327431768 7.926445484 0.000562640 0.997135103 -0.075639576 -0.681163788 -0.328412652 -0.071259923 -0.941842437 1.099685907
-0.945935309 0.019196182 0.323786706 7.943688393 -0.006230444 0.996987700 -0.077310033 -0.685254574 -0.324295342 -0.075147614 -0.942966223 1.049709797
-0.947483420 0.016215332 0.319393665 7.967617989 -0.009855338 0.996758878 -0.079840511 -0.691315472 -0.319653034 -0.078795306 -0.944252849 0.983317852
-0.948038220 0.017467521 0.317676842 7.984421253 -0.009247437 0.996556997 -0.082392879 -0.695693493 -0.318022251 -0.081049286 -0.944612622 0.932946682
-0.948606968 0.017033124 0.315998018 8.007628441 -0.010187129 0.996389270 -0.084289156 -0.702084184 -0.316292763 -0.083176389 -0.945008278 0.867631078
-0.948634863 0.018840445 0.315811813 8.025189400 -0.008913451 0.996237338 -0.086206928 -0.707087934 -0.316247702 -0.084593877 -0.944897532 0.816578388
-0.947914362 0.020503402 0.317864776 8.046611786 -0.007725317 0.996152699 -0.087293252 -0.713735104 -0.318431705 -0.085202143 -0.944109082 0.751227260
-0.947415650 0.020750854 0.319332302 8.063642502 -0.008143991 0.996008635 -0.088884756 -0.718834043 -0.319902211 -0.086811438 -0.943465173 0.700400472
-0.946823120 0.022705818 0.320952475 8.086489677 -0.006079616 0.996066332 -0.088401929 -0.725639343 -0.321697176 -0.085652269 -0.942960560 0.635079741
-0.946046889 0.022369174 0.323256850 8.103527069 -0.006705780 0.996049047 -0.088551179 -0.730559945 -0.323960483 -0.085941248 -0.942159116 0.587145329
-0.944987893 0.020499879 0.326462269 8.127868652 -0.009142216 0.995989203 -0.089005530 -0.737345576 -0.326977491 -0.087093733 -0.941010356 0.519434929
-0.943458021 0.017566254 0.331026405 8.145529747 -0.011755802 0.996193767 -0.086369254 -0.742887855 -0.331283659 -0.085377231 -0.939660549 0.470394850
-0.941501439 0.016637223 0.336598068 8.169239044 -0.012335512 0.996410131 -0.083753891 -0.748823524 -0.336783201 -0.083006516 -0.937916398 0.405793428
-0.938920915 0.014631242 0.343822092 8.187444687 -0.013969700 0.996651769 -0.080561131 -0.753642142 -0.343849629 -0.080443621 -0.935572803 0.356435061
-0.936595500 0.015913853 0.350050777 8.212187767 -0.013212762 0.996653914 -0.080661483 -0.760005593 -0.350163221 -0.080172323 -0.933251381 0.292854309
-0.933283508 0.015798431 0.358792841 8.230851173 -0.014216162 0.996623874 -0.080862269 -0.764539599 -0.358859003 -0.080568090 -0.929908037 0.243904829
-0.929438412 0.019810256 0.368445128 8.256189346 -0.011724872 0.996467710 -0.083154380 -0.770784318 -0.368790925 -0.081606865 -0.925923049 0.179757357
-0.925581634 0.019952560 0.378021747 8.275744438 -0.012126836 0.996534586 -0.082291000 -0.775581360 -0.378353655 -0.080751263 -0.922132134 0.132801294
-0.920400441 0.022876173 0.390306711 8.303079605 -0.010556214 0.996468842 -0.083296888 -0.781936407 -0.390833974 -0.080786668 -0.916909099 0.067280293
-0.914911389 0.024936330 0.402883559 8.324289322 -0.009993026 0.996384978 -0.084364086 -0.786394238 -0.403530866 -0.081211708 -0.911354721 0.020258188
-0.908544183 0.027269671 0.416897893 8.353275299 -0.008787486 0.996399462 -0.084325925 -0.793014765 -0.417696416 -0.080277316 -0.905033350 -0.043975592
-0.902493238 0.026925730 0.429861665 8.375302315 -0.008692758 0.996701896 -0.080681950 -0.798225462 -0.430616438 -0.076551616 -0.899282753 -0.089575768
-0.895967841 0.029942958 0.443108529 8.406522751 -0.007169730 0.996619463 -0.081843555 -0.804265738 -0.444061190 -0.076506145 -0.892724216 -0.152832747
-0.888803005 0.032220855 0.457155526 8.430130959 -0.005442090 0.996713102 -0.080830008 -0.808848500 -0.458257347 -0.074329831 -0.885706067 -0.199476242
-0.881908059 0.033900335 0.470200926 8.462735176 -0.003718470 0.996879816 -0.078846946 -0.814699173 -0.471406817 -0.071284182 -0.879030228 -0.260366440
-0.874068022 0.035969183 0.484470129 8.487648010 -0.001135019 0.997101426 -0.076076932 -0.819265306 -0.485802233 -0.067046300 -0.871493638 -0.305803537
-0.866013467 0.038683113 0.498522043 8.521839142 0.001551715 0.997206032 -0.074683212 -0.824884355 -0.500018120 -0.063903101 -0.863653958 -0.365587711
-0.857408524 0.041624721 0.512950242 8.547777176 0.005046689 0.997355819 -0.072497435 -0.829668641 -0.514611661 -0.059571210 -0.855351508 -0.408485651
-0.846176147 0.045791738 0.530932486 8.583252907 0.008167061 0.997298598 -0.072998464 -0.834194422 -0.532840848 -0.057433415 -0.844264150 -0.467969179
-0.835962296 0.048752382 0.546617150 8.610803604 0.011180565 0.997352421 -0.071854249 -0.838359118 -0.548673093 -0.053955965 -0.834294200 -0.509303570
-0.824225247 0.049913749 0.564057827 8.648113251 0.011882773 0.997412920 -0.070897922 -0.844438255 -0.566137254 -0.051733300 -0.822686076 -0.565928221
-0.813352942 0.052695379 0.579379082 8.678665161 0.014383786 0.997406423 -0.070523113 -0.848458171 -0.581592619 -0.049026530 -0.812001646 -0.606140137
-0.800312221 0.054879919 0.597066522 8.718651772 0.015416360 0.997356534 -0.071008742 -0.853666186 -0.599385142 -0.047624573 -0.799042761 -0.661298990
-0.787446380 0.054878313 0.613935292 8.749277115 0.016183292 0.997525990 -0.068409622 -0.858082294 -0.616170645 -0.043933403 -0.786386430 -0.699445724
-0.771474302 0.058449022 0.633570135 8.792291641 0.019670950 0.997486711 -0.068069004 -0.862561584 -0.635956347 -0.040050551 -0.770685077 -0.753677845
-0.754035532 0.062369335 0.653865814 8.825904846 0.021229239 0.997275710 -0.070644170 -0.865294099 -0.656490564 -0.039387133 -0.753305256 -0.794251442
-0.737103105 0.064310305 0.672713339 8.869419098 0.020919405 0.997155905 -0.072404772 -0.871168435 -0.675456285 -0.039297018 -0.736352086 -0.842896938
-0.720269263 0.064818010 0.690659583 8.903420448 0.018990966 0.997094333 -0.073771596 -0.874571085 -0.693434536 -0.040019125 -0.719407499 -0.877346516
-0.701145530 0.064915076 0.710057020 8.937978745 0.019056458 0.997197330 -0.072348826 -0.879379630 -0.712763309 -0.037195895 -0.700417638 -0.911550999
-0.680378318 0.064590849 0.730009139 8.990039825 0.019390421 0.997346401 -0.070172586 -0.886870801 -0.732604504 -0.033588722 -0.679825306 -0.962405443
