0.999996901 -0.002276668 -0.001064528 -0.000549070 0.002279666 0.999993443 0.002824429 -0.000661490 0.001058083 -0.002826847 0.999995351 0.062677518
0.999996662 -0.002232773 -0.001384298 -0.001831605 0.002238451 0.999989092 0.004113029 -0.001822540 0.001375092 -0.004116114 0.999990523 0.122456618
0.999993086 -0.001401252 -0.003442283 -0.002154944 0.001412873 0.999993324 0.003375796 -0.001924667 0.003437527 -0.003380636 0.999988317 0.187548697
0.999986529 -0.000660143 -0.005143676 -0.002552704 0.000678004 0.999993742 0.003471561 -0.002837008 0.005141343 -0.003475001 0.999980688 0.250458807
0.999980152 -0.000631696 -0.006286096 -0.003430004 0.000654906 0.999993026 0.003690919 -0.003538968 0.006283712 -0.003694962 0.999973416 0.312427580
0.999967694 -0.000893236 -0.007994287 -0.004306790 0.000927445 0.999990404 0.004276545 -0.004323012 0.007990386 -0.004283821 0.999958873 0.374236733
0.999948382 -0.002846144 -0.009761691 -0.004828104 0.002881088 0.999989629 0.003567432 -0.005076308 0.009751432 -0.003595374 0.999945939 0.436579973
0.999933302 -0.004235151 -0.010739925 -0.005865821 0.004275045 0.999984086 0.003694329 -0.005596678 0.010724108 -0.003739998 0.999935448 0.498027802
0.999913156 -0.003513447 -0.012702425 -0.006497204 0.003556840 0.999987960 0.003395157 -0.006314625 0.012690343 -0.003440043 0.999913573 0.556006372
0.999904990 -0.003321249 -0.013376698 -0.007723146 0.003372528 0.999987006 0.003812673 -0.006935623 0.013363852 -0.003857423 0.999903262 0.621297061
0.999899447 -0.001914779 -0.014051015 -0.008774743 0.001969851 0.999990404 0.003906575 -0.007282890 0.014043391 -0.003933860 0.999893725 0.677735448
0.999893963 -0.000344140 -0.014561485 -0.010137991 0.000415532 0.999987960 0.004900035 -0.008091668 0.014559623 -0.004905568 0.999881864 0.742208064
0.999900222 -0.000318572 -0.014124040 -0.012068713 0.000396047 0.999984920 0.005482893 -0.008616223 0.014122078 -0.005487942 0.999885142 0.798450887
0.999883175 0.000241330 -0.015285000 -0.012989406 -0.000150418 0.999982297 0.005948596 -0.009438537 0.015286162 -0.005945602 0.999865472 0.860995412
0.999806941 0.000018566 -0.019647753 -0.010287064 0.000083111 0.999986649 0.005174146 -0.008762342 0.019647578 -0.005174780 0.999793530 0.922570169
0.999840498 0.000920714 -0.017840322 -0.012837159 -0.000826170 0.999985576 0.005306038 -0.008727722 0.017844949 -0.005290452 0.999826729 0.974555135
0.999873221 0.002415941 -0.015739202 -0.016645934 -0.002296648 0.999968529 0.007593048 -0.010813923 0.015757045 -0.007555937 0.999847233 1.042048454
0.999870062 0.002796709 -0.015877962 -0.017857853 -0.002702768 0.999978721 0.005934850 -0.010819897 0.015894217 -0.005891165 0.999856293 1.096248627
0.999869347 0.003802398 -0.015710101 -0.018938772 -0.003737154 0.999984324 0.004180207 -0.011875799 0.015725741 -0.004120951 0.999867797 1.158957601
0.999871671 0.002316778 -0.015858382 -0.019789401 -0.002253308 0.999989390 0.004019036 -0.012428524 0.015867520 -0.003982787 0.999866128 1.211252332
0.999879241 0.001363110 -0.015481737 -0.020741478 -0.001260314 0.999977112 0.006647609 -0.012959258 0.015490443 -0.006627294 0.999858022 1.275132418
0.999876082 -0.000138015 -0.015744904 -0.020970145 0.000255628 0.999972045 0.007468165 -0.012985373 0.015743433 -0.007471265 0.999848068 1.328956604
0.999885440 -0.001415661 -0.015071806 -0.022906492 0.001527046 0.999971628 0.007381334 -0.014158865 0.015060924 -0.007403504 0.999859154 1.390562057
0.999891996 -0.001462696 -0.014628043 -0.023843618 0.001542781 0.999983907 0.005465005 -0.014404750 0.014619810 -0.005486983 0.999878109 1.442401767
0.999907196 0.000097397 -0.013619662 -0.025234587 -0.000036449 0.999990046 0.004475135 -0.014856139 0.013619957 -0.004474225 0.999897182 1.493093133
0.999909759 0.000809246 -0.013407855 -0.026180770 -0.000757836 0.999992430 0.003838951 -0.015775049 0.013410855 -0.003828444 0.999902725 1.558760524
0.999925435 0.001519685 -0.012119318 -0.027220691 -0.001459792 0.999986768 0.004949315 -0.016218632 0.012126673 -0.004931253 0.999914289 1.607757330
0.999938786 0.002175559 -0.010850956 -0.027587470 -0.002100588 0.999973953 0.006915724 -0.016665936 0.010865713 -0.006892506 0.999917209 1.656935215
0.999957681 0.001279433 -0.009104869 -0.028370095 -0.001207703 0.999968171 0.007879307 -0.017444517 0.009114660 -0.007867978 0.999927461 1.721242905
0.999973118 0.001403874 -0.007186981 -0.028142758 -0.001342795 0.999963045 0.008496366 -0.017810563 0.007198641 -0.008486487 0.999938071 1.768386960
0.999992251 0.001744604 -0.003520881 -0.028710335 -0.001716873 0.999967635 0.007863533 -0.018424639 0.003534486 -0.007857428 0.999962866 1.815356135
0.999999702 0.000618511 0.000351593 -0.029406158 -0.000620729 0.999979675 0.006342745 -0.019027550 -0.000347670 -0.006342961 0.999979794 1.876411080
0.999992311 0.000187739 0.003923990 -0.029342398 -0.000205437 0.999989748 0.004510129 -0.019450594 -0.003923112 -0.004510900 0.999982119 1.922730088
0.999970794 0.001008338 0.007576901 -0.028895188 -0.001045815 0.999987185 0.004943805 -0.020144183 -0.007571826 -0.004951585 0.999959052 1.965868592
0.999909997 0.001345780 0.013348148 -0.028816050 -0.001410306 0.999987304 0.004825839 -0.020517346 -0.013341488 -0.004844231 0.999899209 2.027307987
0.999798357 0.002739909 0.019896202 -0.028040752 -0.002815532 0.999988854 0.003773877 -0.020967036 -0.019885641 -0.003829136 0.999794900 2.070919514
0.999612749 0.004279744 0.027497008 -0.027616620 -0.004388748 0.999982774 0.003905091 -0.021552490 -0.027479824 -0.004024257 0.999614239 2.114517927
0.999342382 0.005420029 0.035853554 -0.026010670 -0.005595910 0.999972820 0.004807012 -0.022168931 -0.035826530 -0.005004484 0.999345422 2.172892809
0.998904824 0.007371112 0.046205573 -0.024147198 -0.007640881 0.999954760 0.005664587 -0.022835977 -0.046161726 -0.006011435 0.998915911 2.215356827
0.998184025 0.009774066 0.059439771 -0.023219883 -0.010131488 0.999932408 0.005714756 -0.023057561 -0.059379891 -0.006306591 0.998215556 2.255502939
0.997171700 0.011859762 0.074216105 -0.019443184 -0.012341999 0.999905527 0.006042475 -0.023929685 -0.074137449 -0.006941359 0.997223794 2.313415289
0.995765865 0.013757472 0.090890542 -0.016086295 -0.014499887 0.999866664 0.007512921 -0.024390632 -0.090775065 -0.008799013 0.995832562 2.354559183
0.994010150 0.014394402 0.108336464 -0.012273103 -0.015357173 0.999849677 0.008057762 -0.024237413 -0.108204186 -0.009673239 0.994081497 2.391861439
0.991722047 0.014707385 0.127558842 -0.005868196 -0.015740201 0.999850988 0.007092496 -0.024960715 -0.127435520 -0.009041586 0.991805613 2.449563026
0.988921344 0.013905523 0.147788286 -0.000259042 -0.014927099 0.999871731 0.005805508 -0.025145190 -0.147688568 -0.007947239 0.989001989 2.488910675
0.985662222 0.011004939 0.168371797 0.006010413 -0.012153715 0.999909341 0.005793828 -0.025913112 -0.168292776 -0.007757099 0.985706508 2.526953697
0.981622756 0.005884604 0.190741017 0.015616864 -0.007532409 0.999940336 0.007915084 -0.026049830 -0.190683097 -0.009206367 0.981608450 2.579972506
0.976814032 0.000831017 0.214087859 0.023768246 -0.002854677 0.999954104 0.009143491 -0.026121119 -0.214070469 -0.009542644 0.976771593 2.618106127
0.971149147 -0.003792943 0.238442361 0.032879531 0.001818134 0.999962211 0.008501514 -0.026570594 -0.238465637 -0.007822718 0.971119344 2.655264139
0.964837193 -0.011091480 0.262613833 0.046143234 0.009561250 0.999929070 0.007104123 -0.027365478 -0.262673914 -0.004343404 0.964874744 2.702659845
0.957241833 -0.014652950 0.288917333 0.056635797 0.012962257 0.999885917 0.007764365 -0.027610503 -0.288998127 -0.003687353 0.957322478 2.737571239
0.948719740 -0.018027110 0.315603822 0.068982422 0.015707534 0.999827743 0.009892020 -0.027927758 -0.315727681 -0.004427398 0.948839366 2.773323059
0.938961923 -0.021493537 0.343349010 0.085111201 0.018227920 0.999752700 0.012736030 -0.028136116 -0.343537807 -0.005700110 0.939121544 2.818375587
0.927872300 -0.024571121 0.372087866 0.098406672 0.021441160 0.999691367 0.012547803 -0.028395567 -0.372281313 -0.003664764 0.928112805 2.851727009
0.915792942 -0.024089150 0.400927722 0.115596414 0.022517411 0.999709189 0.008632133 -0.028805824 -0.401019096 0.001122607 0.916068971 2.891759396
0.902588785 -0.025087003 0.429772168 0.131247759 0.026190193 0.999651372 0.003348942 -0.028861044 -0.429706395 0.008233097 0.902931154 2.924127340
0.888452113 -0.027372448 0.458152324 0.147660255 0.030052748 0.999547303 0.001439762 -0.029757975 -0.457984358 0.012489576 0.888872504 2.955631971
0.872802019 -0.027810162 0.487281621 0.169859052 0.029403556 0.999558032 0.004380191 -0.030083047 -0.487188041 0.010504770 0.873233855 2.995792389
0.855154753 -0.026445003 0.517697990 0.188202858 0.024945220 0.999640226 0.009858007 -0.030038755 -0.517772377 0.004483968 0.855506599 3.025537729
0.835109591 -0.026745455 0.549433112 0.206850171 0.023086045 0.999641359 0.013571242 -0.030377612 -0.549598932 0.001350761 0.835427463 3.055617571
0.814097047 -0.020469213 0.580367982 0.233291864 0.019186538 0.999781072 0.008348200 -0.030474007 -0.580411792 0.004339005 0.814311504 3.093526363
0.792003274 -0.013614472 0.610365093 0.253930569 0.015948186 0.999871492 0.001608393 -0.031143861 -0.610308468 0.008460362 0.792118609 3.121006966
0.769453406 -0.011075890 0.638606787 0.275785565 0.015166054 0.999884486 -0.000931653 -0.030967025 -0.638522744 0.010402006 0.769532502 3.147359610
0.746204138 -0.013821453 0.665573776 0.305330276 0.016450290 0.999861956 0.002320213 -0.031538066 -0.665513873 0.009217529 0.746328354 3.181142092
0.721680522 -0.014328095 0.692078173 0.328657866 0.016868880 0.999852896 0.003109544 -0.032017093 -0.692020774 0.009430484 0.721815944 3.205354214
0.696466208 -0.012192228 0.717486024 0.353550434 0.017765155 0.999842107 -0.000254398 -0.031972099 -0.717369676 0.012923431 0.696572900 3.229115009
0.669651210 -0.009645303 0.742613137 0.385936260 0.017024387 0.999852300 -0.002365328 -0.032971434 -0.742480516 0.014226476 0.669716477 3.260021687
0.642712653 -0.007027536 0.766075134 0.411817908 0.015039969 0.999880970 -0.003445717 -0.033338685 -0.765959680 0.013736349 0.642741799 3.281672001
0.614435494 -0.005234451 0.788949728 0.438753963 0.014778483 0.999878943 -0.004875605 -0.033756144 -0.788828611 0.014655225 0.614438474 3.303004742
0.585259438 0.000701887 0.810845733 0.474411607 0.013729695 0.999847710 -0.010775432 -0.034795232 -0.810729742 0.017439090 0.585160673 3.330191135
0.554772496 0.009919912 0.831943035 0.502695441 0.012651672 0.999712706 -0.020356996 -0.035588399 -0.831905961 0.021818966 0.554487526 3.350044250
0.523616195 0.018351009 0.851756632 0.531470656 0.011478645 0.999525249 -0.028591152 -0.036526192 -0.851876915 0.024747800 0.523157001 3.368154526
0.492125630 0.023480482 0.870207489 0.571477652 0.009004096 0.999445379 -0.032059718 -0.037735112 -0.870477617 0.023612844 0.491641283 3.391133785
0.460333914 0.022891389 0.887450695 0.602161407 0.007462325 0.999532282 -0.029653303 -0.038950890 -0.887714505 0.020272866 0.459947854 3.406531572
0.426771700 0.021795293 0.904096723 0.640768170 0.002809137 0.999672771 -0.025425399 -0.040248957 -0.904354930 0.013390570 0.426570833 3.425450325
0.392546326 0.022721596 0.919451594 0.673267484 -0.001066296 0.999705315 -0.024249597 -0.041472171 -0.919731617 0.008538681 0.392454833 3.439676762
0.356852680 0.025688205 0.933807433 0.712361693 -0.008361465 0.999669611 -0.024304701 -0.043201096 -0.934123158 0.000865197 0.356949538 3.455956459
0.321103245 0.027776349 0.946636736 0.746181607 -0.013736497 0.999601245 -0.024670960 -0.044452887 -0.946944416 -0.005081548 0.321356744 3.467896461
0.284589350 0.027057823 0.958267629 0.787921667 -0.015826344 0.999597967 -0.023524676 -0.045549069 -0.958518863 -0.008471003 0.284903139 3.481362820
0.248243064 0.026260085 0.968341827 0.823044002 -0.015883964 0.999608457 -0.023035996 -0.046773165 -0.968567610 -0.009662581 0.248562932 3.490854502
0.212415189 0.025371648 0.976850033 0.858798027 -0.015332800 0.999626338 -0.022629112 -0.048058376 -0.977059186 -0.010171083 0.212724775 3.498508215
0.177305087 0.024915930 0.983840466 0.906792760 -0.014145731 0.999640703 -0.022766767 -0.049462713 -0.984054148 -0.009880482 0.177593872 3.507462740
0.143502980 0.023914810 0.989360869 0.942978024 -0.005696232 0.999711394 -0.023338784 -0.050716959 -0.989633441 -0.002286447 0.143597782 3.511820078
0.108781703 0.027209610 0.993693233 0.987887025 -0.003633721 0.999629438 -0.026974367 -0.052395537 -0.994058967 -0.000676487 0.108840264 3.517768145
0.076565325 0.032391470 0.996538281 1.025130153 -0.002692525 0.999475241 -0.032280058 -0.053620104 -0.997060835 -0.000211671 0.076612353 3.520595312
0.047221325 0.036037374 0.998234212 1.071085572 0.004489667 0.999331295 -0.036289364 -0.055433087 -0.998874307 0.006195370 0.047027946 3.522665977
0.021819627 0.035005521 0.999148905 1.108794212 0.006317951 0.999362051 -0.035150956 -0.056517243 -0.999741912 0.007079554 0.021584535 3.523145676
-0.000391603 0.031331312 0.999508977 1.154954672 0.008385264 0.999474049 -0.031326935 -0.058644652 -0.999964714 0.008368879 -0.000654120 3.523479700
-0.019480882 0.028579591 0.999401748 1.192384005 0.008340852 0.999561310 -0.028421571 -0.060141552 -0.999775410 0.007782184 -0.019710714 3.522935629
-0.036061503 0.031815980 0.998843014 1.239560485 0.010607395 0.999448895 -0.031452335 -0.062088940 -0.999293208 0.009460906 -0.036379125 3.521376133
-0.050985657 0.035844550 0.998055995 1.277004004 0.012711992 0.999298096 -0.035239771 -0.063756309 -0.998618364 0.010890556 -0.051405527 3.519725323
-0.062329751 0.041428644 0.997195363 1.324620008 0.017700957 0.999026835 -0.040398333 -0.065574616 -0.997898638 0.015133293 -0.063002415 3.515966415
-0.071584791 0.044792563 0.996428311 1.362364769 0.023222269 0.998795211 -0.043230649 -0.067302600 -0.997164190 0.020044668 -0.072538726 3.513211727
-0.076932810 0.050464865 0.995758295 1.409791231 0.026952092 0.998458624 -0.048519373 -0.069548026 -0.996671855 0.023105031 -0.078174360 3.509060383
-0.080142342 0.055246174 0.995251238 1.448055506 0.029133534 0.998166203 -0.053062007 -0.071832418 -0.996357501 0.024742663 -0.081604905 3.505681276
-0.083390333 0.059298400 0.994751096 1.495737791 0.030503066 0.997912109 -0.056929741 -0.074554645 -0.996050000 0.025595564 -0.085025012 3.501703262
-0.085778661 0.062121257 0.994375706 1.534255266 0.030754568 0.997743785 -0.059678663 -0.077150151 -0.995839417 0.025462436 -0.087495632 3.498211384
-0.088189922 0.065537192 0.993945360 1.582704782 0.032610554 0.997488499 -0.062877350 -0.080435291 -0.995569706 0.026867967 -0.090105601 3.493827343
-0.090134859 0.069451511 0.993505001 1.621656895 0.033104490 0.997223258 -0.066708058 -0.083183832 -0.995379210 0.026876757 -0.092183724 3.490198374
-0.092073791 0.070879884 0.993226230 1.669556141 0.036884293 0.997021556 -0.067731470 -0.086679757 -0.995068848 0.030398155 -0.094413899 3.485162020
-0.094174445 0.069614619 0.993118823 1.708974838 0.036345009 0.997127652 -0.066449121 -0.089558646 -0.994892120 0.029837100 -0.096434087 3.481409788
-0.096871741 0.069067366 0.992897570 1.757445455 0.036234271 0.997172773 -0.065829575 -0.093204640 -0.994637191 0.029599894 -0.099100433 3.477244377
-0.099910818 0.069963686 0.992533624 1.796707153 0.036365166 0.997115076 -0.066626042 -0.096625239 -0.994331598 0.029436989 -0.102166824 3.474499226
-0.101291306 0.072679475 0.992198527 1.845948577 0.034950253 0.996972263 -0.069461145 -0.099534191 -0.994242847 0.027641773 -0.103524789 3.468240499
-0.103743181 0.075050443 0.991768539 1.886584401 0.032875426 0.996862888 -0.071997024 -0.102645822 -0.994060695 0.025135612 -0.105885036 3.463572264
-0.106073841 0.078630231 0.991244614 1.935779810 0.030649206 0.996653438 -0.075779505 -0.106151059 -0.993885696 0.022342637 -0.108128823 3.458563328
-0.108811185 0.082554191 0.990628600 1.975884914 0.026724320 0.996428430 -0.080102094 -0.109478518 -0.993703067 0.017757870 -0.110628761 3.454503536
-0.111176498 0.084981382 0.990160525 2.025261641 0.024810832 0.996264040 -0.082719408 -0.113770589 -0.993490875 0.015370256 -0.112869583 3.449167728
-0.113982193 0.083388239 0.989977062 2.066122055 0.023003494 0.996425629 -0.081282869 -0.117268845 -0.993216455 0.013508134 -0.115492985 3.444582462
-0.116694018 0.079386435 0.989989936 2.115479231 0.020439737 0.996781111 -0.077521697 -0.121385634 -0.992957532 0.011188821 -0.117941037 3.438693285
-0.118948199 0.077664629 0.989858270 2.156497002 0.020774987 0.996912539 -0.075721651 -0.124645308 -0.992683053 0.011557342 -0.120194435 3.433624029
-0.120742947 0.078285329 0.989592016 2.196954250 0.020406563 0.996870577 -0.076371275 -0.128171980 -0.992474020 0.010972884 -0.121962614 3.428572416
-0.122123785 0.081289239 0.989180565 2.252064943 0.020966211 0.996629238 -0.079312898 -0.132460117 -0.992293298 0.011053378 -0.123416476 3.422086716
-0.122786529 0.084709875 0.988811314 2.292807579 0.021065654 0.996348441 -0.082739733 -0.135494545 -0.992209435 0.010670628 -0.124122649 3.416884184
-0.123044677 0.085090376 0.988746524 2.334042072 0.021271162 0.996314526 -0.083094582 -0.139258415 -0.992173076 0.010807437 -0.124401174 3.412083149
-0.122816876 0.083461113 0.988913655 2.389719963 0.017389044 0.996485531 -0.081940562 -0.144322515 -0.992276967 0.007132586 -0.123836532 3.404911518
-0.122472852 0.083060846 0.988990068 2.432146549 0.013305583 0.996539712 -0.082047194 -0.147618830 -0.992382646 0.003110536 -0.123154208 3.399443388
-0.122371614 0.084337361 0.988894463 2.474009514 0.010139142 0.996437311 -0.083725974 -0.151059628 -0.992432535 -0.000219140 -0.122790731 3.394633293
-0.123146996 0.084164321 0.988812983 2.528027296 0.005453531 0.996439636 -0.084134251 -0.156453133 -0.992373466 -0.004968361 -0.123167515 3.388622999
-0.122797444 0.083258718 0.988933146 2.571009874 0.002364202 0.996496379 -0.083601899 -0.160356164 -0.992428958 -0.007928063 -0.122564062 3.382723093
-0.124000356 0.078577071 0.989166021 2.622648239 0.002785827 0.996883512 -0.078840882 -0.164526880 -0.992278218 -0.007020655 -0.123832777 3.377526999
-0.124248505 0.069427438 0.989819288 2.664277077 0.007037248 0.997585833 -0.069088824 -0.168090329 -0.992226064 -0.001618581 -0.124437124 3.372158527
-0.124296203 0.064120255 0.990171313 2.717603683 0.011585957 0.997935653 -0.063168667 -0.172244966 -0.992177486 0.003620455 -0.124782532 3.365577936
-0.124051347 0.067132629 0.990002334 2.759947538 0.019505953 0.997681022 -0.065209158 -0.175116479 -0.992084086 0.011221655 -0.125073150 3.360112906
-0.122141935 0.072638437 0.989850998 2.813224554 0.025795588 0.997213781 -0.069995716 -0.178629309 -0.992177367 0.016984377 -0.123675376 3.352796793
-0.121607602 0.078141987 0.989497542 2.855632782 0.029059431 0.996749401 -0.075143293 -0.181957275 -0.992152810 0.019616239 -0.123483047 3.347398520
-0.121301457 0.082837507 0.989153147 2.897642612 0.030994209 0.996341944 -0.079638638 -0.184978411 -0.992131650 0.020997735 -0.123425208 3.342701674
-0.119543463 0.080169789 0.989586890 2.957301140 0.026934104 0.996629655 -0.077486649 -0.189886451 -0.992463589 0.017390616 -0.121299841 3.334162235
-0.119280502 0.075725555 0.989968598 2.998486042 0.026658388 0.996972024 -0.073049217 -0.192984015 -0.992502689 0.017677616 -0.120938048 3.328500748
-0.119460866 0.073555999 0.990110457 3.053637505 0.024726298 0.997162879 -0.071096636 -0.197524697 -0.992530942 0.015988501 -0.120940723 3.323125839
-0.120385587 0.074129023 0.989955723 3.097436666 0.022174759 0.997160137 -0.071971931 -0.200745940 -0.992479563 0.013287650 -0.121687502 3.318516970
-0.119523302 0.079430714 0.989648938 3.150758505 0.023820192 0.996737063 -0.077122755 -0.204922959 -0.992545605 0.014355662 -0.121025354 3.312234879
-0.117927782 0.081909060 0.989638388 3.193778038 0.023868440 0.996538341 -0.079635911 -0.208837122 -0.992735326 0.014229842 -0.119474582 3.306540489
-0.118183509 0.081195295 0.989666641 3.238482952 0.022781277 0.996610701 -0.079044536 -0.211691022 -0.992730379 0.013204113 -0.119632691 3.301306009
-0.117288895 0.074688762 0.990285277 3.298776627 0.025135100 0.997071743 -0.072223611 -0.216795892 -0.992779672 0.016419886 -0.118822753 3.294105291
-0.118166894 0.072996363 0.990307093 3.342986822 0.024054453 0.997212231 -0.070635073 -0.220127627 -0.992702305 0.015474567 -0.119593345 3.289097786
-0.117793426 0.075838901 0.990137994 3.387639761 0.021802692 0.997036755 -0.073773496 -0.223720849 -0.992798746 0.012897633 -0.119097844 3.284270525
-0.117513813 0.080122642 0.989833772 3.451606750 0.021138521 0.996715903 -0.078170143 -0.227536768 -0.992846191 0.011737542 -0.118821561 3.276761055
-0.117084742 0.079690874 0.989919484 3.497571468 0.020042324 0.996761978 -0.077871174 -0.231251031 -0.992919683 0.010722756 -0.118302800 3.271132946
-0.116650566 0.075552985 0.990295231 3.543187618 0.019936549 0.997079492 -0.073722191 -0.235329926 -0.992972851 0.011143330 -0.117816143 3.266120434
-0.116434559 0.074791580 0.990378320 3.604638100 0.019865599 0.997136533 -0.072966427 -0.239960194 -0.992999732 0.011178640 -0.117586918 3.259338617
-0.115740240 0.075078540 0.990438044 3.649127722 0.020838318 0.997103393 -0.073148660 -0.243468970 -0.993060827 0.012172818 -0.116969481 3.254749775
-0.114195518 0.076182112 0.990532994 3.696328878 0.022015490 0.997004747 -0.074141741 -0.246759415 -0.993214309 0.013340411 -0.115530655 3.248445272
-0.113250099 0.074815437 0.990745902 3.759425879 0.023235075 0.997087717 -0.072638363 -0.252391160 -0.993294775 0.014793745 -0.114658616 3.241753340
-0.111562021 0.075587012 0.990878642 3.805876732 0.024423450 0.997010529 -0.073304929 -0.255973488 -0.993457317 0.016022626 -0.113074586 3.236207008
-0.110646166 0.073610701 0.991130054 3.862231255 0.024231695 0.997156799 -0.071353152 -0.260392010 -0.993564367 0.016121801 -0.112115294 3.229771137
-0.108733103 0.072565615 0.991418898 3.899560213 0.023305649 0.997244120 -0.070435956 -0.263574839 -0.993797779 0.015446938 -0.110124633 3.225325346
-0.107897587 0.071726754 0.991571248 3.956140995 0.024368312 0.997285068 -0.069488429 -0.267766118 -0.993863225 0.016665276 -0.109352529 3.219300985
-0.106574290 0.072560631 0.991653681 4.018453598 0.022367567 0.997256339 -0.070566729 -0.272554457 -0.994053066 0.014660280 -0.107904918 3.212821245
-0.105282687 0.075653188 0.991560578 4.065542221 0.021404291 0.997043550 -0.073798858 -0.275755167 -0.994211853 0.013453907 -0.106590733 3.207807541
-0.104154244 0.074307062 0.991781592 4.124328613 0.020001980 0.997159898 -0.072609477 -0.280470729 -0.994359910 0.012275007 -0.105344728 3.202153206
-0.104427330 0.072921008 0.991855681 4.172410488 0.016013283 0.997302294 -0.071635500 -0.284324348 -0.994403541 0.008402160 -0.105313331 3.198052168
-0.103037551 0.074320428 0.991897047 4.230917454 0.013666823 0.997216344 -0.073299289 -0.288451046 -0.994583607 0.006003499 -0.103766449 3.190972090
-0.102680452 0.073042974 0.992028952 4.277632713 0.011495594 0.997320831 -0.072242759 -0.292564332 -0.994647861 0.003986042 -0.103245027 3.185428619
-0.103851348 0.071178809 0.992042601 4.337474346 0.009695623 0.997460902 -0.070552610 -0.296905160 -0.994545519 0.002291484 -0.104277767 3.179545641
-0.104788750 0.069418378 0.992068708 4.386371136 0.007343645 0.997587621 -0.069028869 -0.300839216 -0.994467318 0.000051951 -0.105045743 3.174398661
-0.105401546 0.067954168 0.992105246 4.434642315 0.005007089 0.997686148 -0.067804478 -0.304647177 -0.994417012 -0.002179138 -0.105497904 3.168683529
-0.106789239 0.068679161 0.991906822 4.500251770 0.005724470 0.997637391 -0.068459652 -0.309429288 -0.994265199 -0.001632614 -0.106930107 3.161422729
-0.110277377 0.067570858 0.991601229 4.548006535 0.004619359 0.997710407 -0.067473412 -0.312734127 -0.993890166 -0.002860232 -0.110337026 3.156927109
-0.112599343 0.062667951 0.991662383 4.608899117 0.002439999 0.998023629 -0.062792920 -0.317242056 -0.993637443 -0.004650786 -0.112529710 3.149748325
-0.117717110 0.061881769 0.991117299 4.658224583 -0.000221569 0.998054981 -0.062341250 -0.321017653 -0.993047118 -0.007558234 -0.117474429 3.144993782
-0.121955305 0.068267494 0.990185082 4.716779709 -0.003178599 0.997599900 -0.069170192 -0.325333416 -0.992530465 -0.011583072 -0.121445596 3.137624741
-0.130630657 0.071087740 0.988879323 4.764768600 -0.002571440 0.997398376 -0.072039858 -0.329334855 -0.991427720 -0.011953457 -0.130108029 3.132498741
-0.137760773 0.067977324 0.988130152 4.821625233 0.000425605 0.997645974 -0.068572655 -0.332806468 -0.990465403 -0.009026067 -0.137465432 3.123057842
-0.148323089 0.066374198 0.986709118 4.868208408 0.003841374 0.997776210 -0.066541240 -0.336152494 -0.988931477 -0.006079282 -0.148248211 3.115728378
-0.162062228 0.066729791 0.984521747 4.925941944 0.003038147 0.997739971 -0.067125618 -0.340833396 -0.986775875 -0.007887403 -0.161898673 3.107727289
-0.176102430 0.066932745 0.982093692 4.972247124 0.005624121 0.997737825 -0.066990472 -0.344286323 -0.984355807 -0.006273772 -0.176080480 3.099392891
-0.190595791 0.065079913 0.979508996 5.030413151 0.005873749 0.997857869 -0.065156095 -0.348517030 -0.981651008 -0.006665089 -0.190569714 3.088857889
-0.205906451 0.067853533 0.976216376 5.082125187 0.009879672 0.997686505 -0.067261964 -0.352321655 -0.978521764 -0.004204982 -0.206100419 3.078287601
-0.222024381 0.072362103 0.972352266 5.126900673 0.010865167 0.997364044 -0.071742520 -0.354618698 -0.974980474 -0.005363825 -0.222225368 3.069145679
-0.236604020 0.075117953 0.968698025 5.183634281 0.009965083 0.997142076 -0.074889697 -0.360290200 -0.971554995 -0.008066041 -0.236676350 3.055210114
-0.252183616 0.073462844 0.964886844 5.235402584 0.007325697 0.997230649 -0.074010730 -0.364193082 -0.967651725 -0.011595822 -0.252023339 3.042280197
-0.268692017 0.067611374 0.960850358 5.281210423 0.001578269 0.997563064 -0.069753364 -0.368211359 -0.963224828 -0.017225690 -0.268143892 3.030682087
-0.284367800 0.063335046 0.956620991 5.335283279 -0.003060171 0.997750580 -0.066967778 -0.372578621 -0.958710372 -0.021970904 -0.283534229 3.014898300
-0.299163669 0.065034859 0.951982975 5.379087925 -0.004356048 0.997571111 -0.069518134 -0.375906765 -0.954191804 -0.024944182 -0.298153728 3.001521587
-0.314019084 0.067709342 0.946999371 5.435749054 -0.003914885 0.997352839 -0.072607726 -0.379780114 -0.949408531 -0.026507607 -0.312922776 2.983834982
-0.328312010 0.069553033 0.942005098 5.478823662 -0.002927818 0.997205615 -0.074649170 -0.383714408 -0.944564760 -0.027266242 -0.327190906 2.969338417
-0.342383742 0.069177747 0.937009990 5.532258034 -0.000332748 0.997276902 -0.073748700 -0.388737351 -0.939560056 -0.025562149 -0.341428339 2.950162888
-0.355749398 0.067298993 0.932155192 5.575408459 -0.000587303 0.997387648 -0.072232731 -0.392515808 -0.934581161 -0.026244201 -0.354780555 2.933926582
-0.370904207 0.066103980 0.926315486 5.628563881 -0.000294013 0.997454941 -0.071298383 -0.397031039 -0.928671002 -0.026717223 -0.369940817 2.913538933
-0.385819048 0.067115754 0.920129955 5.670345306 -0.001294069 0.997309983 -0.073288009 -0.400981992 -0.922573566 -0.029466620 -0.384694308 2.896181107
-0.400677681 0.069180921 0.913603604 5.723560333 -0.001137554 0.997106910 -0.076002941 -0.405511200 -0.916218340 -0.031491958 -0.399439842 2.873860598
-0.415846616 0.071242794 0.906640053 5.765502930 0.000518858 0.996945322 -0.078100890 -0.409354806 -0.909434557 -0.032007575 -0.414613366 2.855027676
-0.429854661 0.073286705 0.899918914 5.816885948 0.002480052 0.996792495 -0.079991169 -0.414146602 -0.902894557 -0.032152738 -0.428657711 2.831115723
-0.445006520 0.076618835 0.892243683 5.858173370 0.002213124 0.996424317 -0.084461242 -0.418078750 -0.895524561 -0.035611149 -0.443584800 2.811290741
-0.459956646 0.078498371 0.884464800 5.910378456 0.002970592 0.996215105 -0.086871661 -0.423531175 -0.887936413 -0.037329819 -0.458448827 2.784968376
-0.475531042 0.076231077 0.876389802 5.952466011 0.001689311 0.996315658 -0.085745975 -0.427552998 -0.879697323 -0.039294370 -0.473907769 2.763014317
-0.491454303 0.071375899 0.867973745 6.002460480 -0.001193589 0.996579826 -0.082627364 -0.432888299 -0.870902538 -0.041643571 -0.489688277 2.735404491
-0.507088184 0.071783595 0.858899772 6.043232918 -0.001229683 0.996464491 -0.084006749 -0.436889082 -0.861893237 -0.043655004 -0.505207121 2.711397648
-0.523678720 0.070764661 0.848971725 6.093689919 -0.002902458 0.996390164 -0.084842846 -0.441742718 -0.851910830 -0.046894494 -0.521582901 2.682312012
-0.539825916 0.069540761 0.838899314 6.133297443 -0.003682045 0.996377230 -0.084964290 -0.445756078 -0.841768622 -0.048954796 -0.537614167 2.657490253
-0.554883063 0.069670014 0.829005897 6.181988239 -0.003710226 0.996270120 -0.086210333 -0.451137543 -0.831919968 -0.050912458 -0.552554905 2.625152111
-0.570661545 0.068101861 0.818356514 6.221346855 -0.004769682 0.996263683 -0.086232916 -0.455509007 -0.821171403 -0.053113118 -0.568204522 2.598345280
-0.585535228 0.066227943 0.807937145 6.269460201 -0.004834529 0.996354163 -0.085176520 -0.460113347 -0.810632586 -0.053779859 -0.583080292 2.564389229
-0.600388706 0.062747009 0.797242939 6.307706833 -0.004623345 0.996628106 -0.081921384 -0.464760989 -0.799694955 -0.052870601 -0.598074198 2.536017418
-0.615476012 0.061784841 0.785730183 6.356713295 -0.002866617 0.996740580 -0.080622844 -0.469274074 -0.788150370 -0.051873807 -0.613292813 2.499002218
-0.630197465 0.061218828 0.774017751 6.392204762 -0.001882322 0.996763468 -0.080368876 -0.473207742 -0.776432574 -0.052105214 -0.628042579 2.470384121
-0.644943535 0.060516577 0.761830449 6.437043190 -0.005228924 0.996487200 -0.083583355 -0.479033887 -0.764212310 -0.057890102 -0.642361462 2.433447361
-0.660341322 0.060154930 0.748552322 6.472165108 -0.007201870 0.996233523 -0.086412176 -0.482551932 -0.750931025 -0.062452517 -0.657420933 2.403163671
-0.676355243 0.056634869 0.734395146 6.517062187 -0.009604004 0.996276736 -0.085675567 -0.487633437 -0.736513019 -0.065000221 -0.673293054 2.363662481
-0.692736089 0.049191505 0.719511628 6.551871300 -0.012773100 0.996677756 -0.080438524 -0.491644084 -0.721078098 -0.064913057 -0.689806283 2.331602573
-0.709079802 0.046588928 0.703587413 6.594907761 -0.014191147 0.996669769 -0.080297686 -0.497151315 -0.704985380 -0.066922180 -0.706057250 2.288516521
-0.726221740 0.045089312 0.685980201 6.628195286 -0.014858280 0.996584117 -0.081235141 -0.500513911 -0.687299907 -0.069187224 -0.723071158 2.253620863
-0.743461370 0.040613964 0.667544484 6.669653416 -0.018236209 0.996552050 -0.080941185 -0.506477594 -0.668530166 -0.072350129 -0.740157366 2.209452868
-0.760164261 0.038370997 0.648596942 6.701527596 -0.018385543 0.996584475 -0.080506042 -0.510039568 -0.649470806 -0.073122628 -0.756862462 2.173579454
-0.776150763 0.040196829 0.629264593 6.741734505 -0.016038667 0.996384501 -0.083430596 -0.516341209 -0.630343199 -0.074847296 -0.772699952 2.125502110
-0.791557789 0.040108681 0.609776616 6.770213604 -0.011990978 0.996632159 -0.081120126 -0.520632267 -0.610976696 -0.071523078 -0.788411021 2.088957310
-0.805908203 0.040609196 0.590646207 6.809099674 -0.008736459 0.996720493 -0.080448844 -0.526262641 -0.591976047 -0.069994524 -0.802910328 2.038447380
-0.820290029 0.042582113 0.570360482 6.837070942 -0.005986686 0.996530831 -0.083009265 -0.530463994 -0.571916401 -0.071506239 -0.817189217 1.999492288
-0.834281683 0.043255977 0.549639046 6.872451782 -0.005978739 0.996149123 -0.087470785 -0.536040843 -0.551306069 -0.076261416 -0.830810308 1.948409796
-0.847216547 0.044051073 0.529418111 6.897990227 -0.002736175 0.996181130 -0.087267473 -0.540218234 -0.531240582 -0.075383037 -0.843860686 1.908684492
-0.859109104 0.042000119 0.510066330 6.931682110 -0.001866699 0.996363282 -0.085187100 -0.545489192 -0.511789024 -0.074137159 -0.855906188 1.855225801
-0.869488120 0.044205938 0.491971940 6.956236362 0.001396933 0.996203482 -0.087044582 -0.549676299 -0.493952036 -0.074996971 -0.866248727 1.812607169
-0.878763676 0.047051247 0.474932164 6.985458374 0.004455791 0.995894074 -0.090418085 -0.556008101 -0.477236301 -0.077339925 -0.875364959 1.758388758
-0.888096631 0.044837270 0.457464755 7.009471893 0.002979547 0.995771825 -0.091813758 -0.560747564 -0.459647059 -0.080176450 -0.884475112 1.716062307
-0.895722568 0.041996516 0.442625612 7.036060333 0.001661041 0.995838165 -0.091124177 -0.566832006 -0.444610417 -0.080886766 -0.892064333 1.659606338
-0.902599692 0.040266264 0.428593725 7.056309223 0.000914728 0.995792925 -0.091628119 -0.571424127 -0.430480003 -0.082311459 -0.898839116 1.614715695
-0.909257174 0.037855923 0.414509982 7.077982426 0.000065951 0.995868742 -0.090804964 -0.576327503 -0.416234970 -0.082537718 -0.905503094 1.569051504
-0.915446639 0.035844348 0.400839925 7.105604649 -0.000410993 0.995941639 -0.089998849 -0.582914889 -0.402439177 -0.082553871 -0.911716878 1.508468986
-0.920947671 0.031707238 0.388394147 7.124836445 -0.002307233 0.996223152 -0.086799279 -0.587317050 -0.389679462 -0.080833696 -0.917396307 1.462438583
-0.926145792 0.028390329 0.376095563 7.144563198 -0.003134302 0.996549249 -0.082944833 -0.592363060 -0.377152503 -0.077997811 -0.922860980 1.416078687
-0.930885434 0.027587883 0.364268124 7.170766354 -0.001700327 0.996806264 -0.079838425 -0.598219216 -0.365307331 -0.074939787 -0.927865624 1.355511785
-0.934445739 0.031985454 0.354666293 7.189740658 0.003260260 0.996684670 -0.081295796 -0.602614880 -0.356090665 -0.074810199 -0.931452096 1.309494495
-0.936384022 0.036074847 0.349118263 7.210324287 0.007456655 0.996523857 -0.082972303 -0.608106852 -0.350897968 -0.075090684 -0.933398068 1.252374768
-0.938060045 0.039297983 0.344236821 7.227318764 0.010355405 0.996282876 -0.085516453 -0.612401307 -0.346317887 -0.076654859 -0.934980214 1.205152512
-0.939944923 0.037631523 0.339245468 7.248732090 0.009522255 0.996407986 -0.084145457 -0.618162632 -0.341193348 -0.075861685 -0.936926901 1.148275018
-0.941701353 0.030269649 0.335085660 7.266033173 0.003572208 0.996788025 -0.080004834 -0.622830093 -0.336431086 -0.074143656 -0.938784719 1.101354480
-0.943759263 0.024470048 0.329726785 7.287227154 -0.001650746 0.996896386 -0.078707598 -0.627784491 -0.330629438 -0.074825317 -0.940789759 1.043987036
-0.945288479 0.018260175 0.325724393 7.304049015 -0.008364587 0.996747494 -0.080152817 -0.632020235 -0.326128602 -0.078492075 -0.942061186 0.996405602
-0.946818948 0.014827747 0.321425438 7.324872017 -0.012476917 0.996494472 -0.082722612 -0.637524605 -0.321525186 -0.082333714 -0.943314672 0.939355850
-0.947228312 0.015082940 0.320204854 7.340720177 -0.012760636 0.996326566 -0.084679447 -0.642000735 -0.320305765 -0.084296770 -0.943556130 0.892167449
-0.947901487 0.016444972 0.318138659 7.361253738 -0.011946434 0.996129155 -0.087085783 -0.647584617 -0.318339348 -0.086349368 -0.944035947 0.835216999
-0.947975874 0.018086717 0.317827493 7.377908707 -0.010799128 0.995983064 -0.088889018 -0.652297556 -0.318158537 -0.087696917 -0.943972707 0.788567185
-0.947228968 0.019993367 0.319933593 7.396287918 -0.009436583 0.995881379 -0.090173773 -0.658216953 -0.320418805 -0.088434309 -0.943138957 0.731301546
-0.946633637 0.021086635 0.321621120 7.412087917 -0.009025616 0.995732069 -0.091849029 -0.663076758 -0.322185218 -0.089850225 -0.942403078 0.683771372
-0.946215332 0.022098040 0.322782189 7.432293415 -0.008005838 0.995760083 -0.091639467 -0.668772340 -0.323438615 -0.089294836 -0.942026615 0.628708482
-0.945441604 0.021143368 0.325104773 7.448444366 -0.009269642 0.995742023 -0.091715790 -0.673736930 -0.325659692 -0.089725547 -0.941220105 0.583006501
-0.944386065 0.019611828 0.328253716 7.468716621 -0.011408075 0.995665252 -0.092307962 -0.679377973 -0.328641117 -0.090919092 -0.940068364 0.526900530
-0.942872524 0.017913779 0.332671940 7.484861374 -0.012556734 0.995933056 -0.089217976 -0.684611678 -0.332917184 -0.088298447 -0.938812733 0.482234836
-0.940942705 0.015572035 0.338207692 7.505850315 -0.014832969 0.996086538 -0.087130107 -0.689944983 -0.338240921 -0.087001033 -0.937029302 0.425652504
-0.938195050 0.013923138 0.345826924 7.522377968 -0.016125547 0.996347010 -0.083860405 -0.694611669 -0.345731258 -0.084254056 -0.934543371 0.380412340
-0.935757458 0.015453741 0.352305412 7.543478489 -0.015056411 0.996377468 -0.083696984 -0.700326204 -0.352322668 -0.083624534 -0.932134986 0.325535774
-0.932537675 0.015354354 0.360745996 7.560968399 -0.015851606 0.996391237 -0.083385989 -0.704834640 -0.360724479 -0.083478972 -0.928928971 0.280256748
-0.928931594 0.018585157 0.369784713 7.583297253 -0.014222558 0.996211231 -0.085797273 -0.710629165 -0.369978100 -0.084959105 -0.925147593 0.225864887
-0.925268531 0.019832166 0.378793836 7.597370625 -0.013474808 0.996283293 -0.085076012 -0.713607490 -0.379073262 -0.083822332 -0.921562433 0.193828106
-0.919881761 0.021776052 0.391590834 7.625222206 -0.013075284 0.996199608 -0.086112864 -0.720610201 -0.391977817 -0.084333800 -0.916101038 0.126096010
-0.914284706 0.023218021 0.404406428 7.644837379 -0.013173094 0.996123731 -0.086971834 -0.725101888 -0.404858142 -0.084844299 -0.910434663 0.082214355
-0.908322930 0.025778158 0.417474508 7.670382500 -0.011638238 0.996155024 -0.086832359 -0.731031537 -0.418107778 -0.083730489 -0.904530227 0.027587891
-0.902434707 0.024998201 0.430100679 7.691171646 -0.012448418 0.996385455 -0.084030837 -0.735369563 -0.430646688 -0.081186421 -0.898861587 -0.014803410
-0.895630479 0.028446969 0.443888277 7.717702866 -0.010158659 0.996384382 -0.084351204 -0.741193891 -0.444682896 -0.080056816 -0.892103136 -0.069388151
-0.888665497 0.029823700 0.457585275 7.739858150 -0.009477209 0.996475220 -0.083352000 -0.745690346 -0.458458215 -0.078408673 -0.885250330 -0.112750053
-0.881610334 0.032665581 0.470846415 7.768033504 -0.006529263 0.996662557 -0.081370138 -0.750573039 -0.471932858 -0.074811026 -0.878454685 -0.165107012
-0.873456419 0.034843560 0.485654205 7.791118622 -0.003916872 0.996901035 -0.078567870 -0.754968286 -0.486886740 -0.070527837 -0.870613158 -0.208151579
-0.865383804 0.037577085 0.499698758 7.820939541 -0.001420468 0.996996462 -0.077433586 -0.759799957 -0.501107693 -0.067719556 -0.862731218 -0.260146141
-0.857373655 0.040475965 0.513100564 7.844963074 0.002256899 0.997189105 -0.074892111 -0.764458299 -0.514689565 -0.063052490 -0.855054975 -0.298206091
-0.845602214 0.044728901 0.531936288 7.875782013 0.005329856 0.997141123 -0.075373836 -0.768433094 -0.533786893 -0.060901139 -0.843423069 -0.350747108
-0.835389435 0.047015432 0.547644079 7.901735306 0.007504760 0.997217834 -0.074163556 -0.772705913 -0.549607277 -0.057845514 -0.833418071 -0.389556170
-0.823510230 0.049340516 0.565151811 7.933672428 0.009714465 0.997291148 -0.072912946 -0.777700067 -0.567218244 -0.054554410 -0.821758568 -0.437868118
-0.812567890 0.051410258 0.580594897 7.961329937 0.010781616 0.997257888 -0.073215403 -0.781301856 -0.582766891 -0.053232726 -0.810893953 -0.475287914
-0.799610913 0.053241894 0.598153591 7.996001244 0.011668241 0.997251451 -0.073167667 -0.786306798 -0.600405037 -0.051526263 -0.798034310 -0.522228718
-0.786297321 0.054629084 0.615428507 8.025461197 0.013473378 0.997362554 -0.071317695 -0.789916158 -0.617701352 -0.047785010 -0.784959614 -0.559029102
-0.770906687 0.055998817 0.634481609 8.061519623 0.014779456 0.997432172 -0.070075221 -0.794563174 -0.636776388 -0.044644170 -0.769754887 -0.604584694
-0.754356682 0.059006594 0.653807759 8.096005440 0.015871974 0.997300386 -0.071694158 -0.798179865 -0.656273067 -0.043705720 -0.753256738 -0.644829512
-0.737043917 0.061765369 0.673016489 8.131237030 0.015889542 0.997123539 -0.074108735 -0.802495241 -0.675657868 -0.043927480 -0.735905409 -0.683844566
-0.719497800 0.062183365 0.691705167 8.163925171 0.014609016 0.997118115 -0.074443579 -0.806578040 -0.694340885 -0.043456860 -0.718332827 -0.717714071
-0.700035572 0.062519267 0.711366117 8.203783035 0.014373234 0.997192025 -0.073495127 -0.811707497 -0.713963330 -0.041224569 -0.698968291 -0.758230448
-0.680123866 0.062022552 0.730468869 8.237139702 0.012647726 0.997259140 -0.072899133 -0.815428019 -0.732987940 -0.040341664 -0.679044127 -0.789547443
