0.999995768 -0.002151045 -0.001944717 0.000536492 0.002156807 0.999993205 0.002965081 -0.000892149 0.001938328 -0.002969264 0.999993682 0.060210716
0.999994040 -0.002399905 -0.002482168 -0.001084711 0.002410105 0.999988556 0.004114221 -0.001795464 0.002472270 -0.004120179 0.999988377 0.118063055
0.999990404 -0.001758405 -0.004018392 -0.001382389 0.001774365 0.999990523 0.003971288 -0.002462914 0.004011374 -0.003978380 0.999984026 0.176876679
0.999985099 -0.001076515 -0.005348925 -0.002301682 0.001096967 0.999992013 0.003822013 -0.003198956 0.005344767 -0.003827824 0.999978364 0.235625491
0.999979258 -0.000959683 -0.006367553 -0.003242946 0.000986550 0.999990642 0.004217632 -0.003917451 0.006363448 -0.004223827 0.999970853 0.294132143
0.999967158 -0.001279071 -0.007999219 -0.004020444 0.001311649 0.999990821 0.004068687 -0.004121771 0.007993936 -0.004079046 0.999959707 0.352189004
0.999946117 -0.003082419 -0.009913091 -0.004611497 0.003117304 0.999988973 0.003505518 -0.004895570 0.009902168 -0.003536232 0.999944687 0.410241514
0.999927223 -0.004266655 -0.011291926 -0.005324089 0.004310987 0.999983072 0.003904544 -0.005486193 0.011275069 -0.003952940 0.999928594 0.464513451
0.999917865 -0.003601757 -0.012298368 -0.006581923 0.003650873 0.999985397 0.003973617 -0.006413387 0.012283880 -0.004018190 0.999916494 0.525825381
0.999911189 -0.003119100 -0.012949851 -0.008048065 0.003165720 0.999988556 0.003581095 -0.006621588 0.012938537 -0.003621773 0.999909759 0.579507232
0.999900222 -0.001614675 -0.014037233 -0.008803767 0.001679525 0.999987960 0.004609260 -0.007669007 0.014029618 -0.004632378 0.999890804 0.639802992
0.999901295 -0.000168740 -0.014049673 -0.009985549 0.000249521 0.999983490 0.005748094 -0.008526014 0.014048468 -0.005751033 0.999884725 0.694554389
0.999881387 0.001237087 -0.015357342 -0.010989018 -0.001144435 0.999981105 0.006040337 -0.008499861 0.015364523 -0.006022046 0.999863744 0.753333151
0.999886870 0.002155307 -0.014896257 -0.013068485 -0.002071279 0.999981821 0.005654015 -0.008732526 0.014908175 -0.005622522 0.999872983 0.805316150
0.999864876 0.002289483 -0.016279187 -0.013048087 -0.002195132 0.999980628 0.005811271 -0.009020329 0.016292170 -0.005774753 0.999850571 0.866092384
0.999866664 0.002432995 -0.016145224 -0.014326251 -0.002334612 0.999978542 0.006109705 -0.009604516 0.016159737 -0.006071199 0.999850929 0.918742836
0.999862313 0.003327201 -0.016255667 -0.015346739 -0.003205077 0.999966383 0.007532942 -0.009909233 0.016280180 -0.007479805 0.999839425 0.977884412
0.999860048 0.004066250 -0.016227139 -0.016723789 -0.003967356 0.999973297 0.006121893 -0.010286089 0.016251594 -0.006056659 0.999849558 1.028224707
0.999861240 0.004943969 -0.015908392 -0.018069096 -0.004871646 0.999977589 0.004581593 -0.011220150 0.015930686 -0.004503458 0.999862909 1.089048743
0.999877214 0.003333116 -0.015313006 -0.019032780 -0.003271632 0.999986529 0.004038345 -0.011324568 0.015326257 -0.003987751 0.999874592 1.138608456
0.999877453 0.002168620 -0.015505408 -0.020107688 -0.002064238 0.999975145 0.006744824 -0.012177184 0.015519640 -0.006711992 0.999857008 1.199334145
0.999876022 0.001970424 -0.015626587 -0.020521123 -0.001839017 0.999962986 0.008419087 -0.012693084 0.015642589 -0.008389307 0.999842405 1.250244737
0.999885976 -0.000052559 -0.015105086 -0.022171972 0.000165512 0.999971986 0.007476631 -0.013080393 0.015104265 -0.007478279 0.999857962 1.307109594
0.999887407 -0.000218926 -0.015009978 -0.023032194 0.000297660 0.999986172 0.005243362 -0.013182173 0.015008615 -0.005247240 0.999873579 1.355365396
0.999895275 0.001158313 -0.014431800 -0.024223410 -0.001090914 0.999988377 0.004677108 -0.013565826 0.014437044 -0.004660875 0.999884963 1.403235316
0.999909580 0.001595059 -0.013350402 -0.025270963 -0.001543874 0.999991477 0.003843462 -0.014703627 0.013356408 -0.003822504 0.999903500 1.465165257
0.999928594 0.002137385 -0.011762932 -0.026346542 -0.002083504 0.999987304 0.004590916 -0.015072476 0.011772588 -0.004566080 0.999920249 1.512629867
0.999939382 0.002542168 -0.010717135 -0.026815306 -0.002470279 0.999974370 0.006715787 -0.015978998 0.010733927 -0.006688906 0.999920011 1.558802485
0.999960899 0.001900367 -0.008640245 -0.027832871 -0.001833130 0.999967992 0.007783244 -0.016055513 0.008654751 -0.007767102 0.999932289 1.617372751
0.999973476 0.001932835 -0.007025482 -0.027624689 -0.001877235 0.999966860 0.007912053 -0.016248241 0.007040533 -0.007898653 0.999943972 1.663625717
0.999989808 0.002753270 -0.003587801 -0.028372796 -0.002725702 0.999966860 0.007666220 -0.016620871 0.003608782 -0.007656363 0.999964118 1.706505179
0.999997616 0.002010435 0.000868890 -0.029567042 -0.002016000 0.999977112 0.006452554 -0.017907176 -0.000855900 -0.006454293 0.999978781 1.763106108
0.999989927 0.000786296 0.004431425 -0.029531512 -0.000804808 0.999990880 0.004177224 -0.018128544 -0.004428102 -0.004180749 0.999981463 1.806135774
0.999965549 0.001420756 0.008175281 -0.029083058 -0.001464018 0.999984920 0.005288250 -0.019253979 -0.008167647 -0.005300037 0.999952614 1.847386956
0.999903202 0.002157313 0.013749431 -0.029018845 -0.002229082 0.999983847 0.005206602 -0.019901099 -0.013737984 -0.005236746 0.999891818 1.903319716
0.999783933 0.003904471 0.020421736 -0.028375421 -0.003987542 0.999983907 0.004028717 -0.020347074 -0.020405684 -0.004109279 0.999783278 1.945723534
0.999617159 0.004319464 0.027333099 -0.026684139 -0.004433344 0.999981701 0.004107175 -0.020844046 -0.027314860 -0.004226780 0.999617934 1.986083269
0.999321520 0.006231781 0.036303967 -0.026116356 -0.006430134 0.999965012 0.005349452 -0.021655541 -0.036269378 -0.005579263 0.999326408 2.040805101
0.998898625 0.007713684 0.046281274 -0.024780147 -0.007991040 0.999951184 0.005810815 -0.021931084 -0.046234190 -0.006174251 0.998911500 2.080647707
0.998208046 0.009532053 0.059073530 -0.022330672 -0.009895817 0.999933779 0.005868350 -0.022385973 -0.059013683 -0.006442416 0.998236358 2.119292736
0.997198880 0.013260476 0.073610626 -0.019915491 -0.013767751 0.999884784 0.006388176 -0.022627339 -0.073517434 -0.007383734 0.997266591 2.154843807
0.995757818 0.015209507 0.090745591 -0.015959427 -0.015934110 0.999846578 0.007265862 -0.023218077 -0.090621129 -0.008680991 0.995847583 2.215196848
0.994013011 0.015548246 0.108149424 -0.011893526 -0.016529121 0.999829888 0.008179035 -0.023904676 -0.108003832 -0.009917684 0.994101048 2.252015591
0.991814554 0.014245769 0.126889408 -0.006615371 -0.015300102 0.999855995 0.007338257 -0.024680242 -0.126766592 -0.009219611 0.991889715 2.291865110
0.988967896 0.014124878 0.147455007 -0.001147956 -0.015178056 0.999866664 0.006019612 -0.024269456 -0.147350281 -0.008191283 0.989050508 2.339504004
0.985655904 0.011480247 0.168376029 0.004673541 -0.012637141 0.999903262 0.005800956 -0.024475781 -0.168293133 -0.007845539 0.985705733 2.375625372
0.981682897 0.005989855 0.190427691 0.009423763 -0.007449960 0.999947965 0.006952539 -0.023829384 -0.190376133 -0.008243868 0.981676638 2.398319006
0.976846755 0.000900960 0.213937894 0.021489799 -0.002857419 0.999956846 0.008835932 -0.025077879 -0.213920712 -0.009242665 0.976807296 2.460439682
0.971468806 -0.004786890 0.237119108 0.030723810 0.002819028 0.999958754 0.008637413 -0.026201466 -0.237150669 -0.007722531 0.971442223 2.495275974
0.964915216 -0.010366354 0.262357056 0.040800750 0.008859828 0.999936759 0.006924592 -0.026348056 -0.262412280 -0.004357206 0.964946032 2.530819654
0.957258403 -0.013731420 0.288907975 0.053003490 0.011908293 0.999896586 0.008067219 -0.027387654 -0.288988829 -0.004282013 0.957322896 2.574279547
0.948513627 -0.016134968 0.316325098 0.063863397 0.013672812 0.999856412 0.010001747 -0.027441939 -0.316441029 -0.005161740 0.948598206 2.608177185
0.938760161 -0.020867173 0.343939066 0.076003909 0.017302258 0.999759972 0.013431150 -0.028280962 -0.344136775 -0.006657707 0.938895941 2.640670300
0.927969873 -0.023621105 0.371905714 0.091947913 0.020478636 0.999713361 0.012397702 -0.027515732 -0.372092009 -0.003888574 0.928187668 2.680346251
0.915990949 -0.023507815 0.400509387 0.105280578 0.021890923 0.999723196 0.008612576 -0.027745986 -0.400601029 0.000878477 0.916252077 2.710654259
0.902753055 -0.024930481 0.429436117 0.119453609 0.025882253 0.999658287 0.003624942 -0.028592546 -0.429379821 0.007842347 0.903089941 2.740637541
0.888636649 -0.027174778 0.457806021 0.135122776 0.029834207 0.999553800 0.001421740 -0.029126322 -0.457640380 0.012394870 0.889050901 2.769985676
0.872733295 -0.027193084 0.487439364 0.151265144 0.028537003 0.999581754 0.004670364 -0.029343355 -0.487362504 0.009834076 0.873144388 2.799778461
0.855054438 -0.026375124 0.517867148 0.176270008 0.024647802 0.999643981 0.010215991 -0.029965807 -0.517952442 0.004029057 0.855400085 2.843429804
0.835590839 -0.026387818 0.548718274 0.194733858 0.022645434 0.999651194 0.013588576 -0.029886294 -0.548885524 0.001071473 0.835896850 2.870733976
0.814047158 -0.020153791 0.580449104 0.212663412 0.018332060 0.999791324 0.009004114 -0.030553203 -0.580509543 0.003311052 0.814246893 2.897899151
0.791001201 -0.013689492 0.611661494 0.231226206 0.015672872 0.999874949 0.002109862 -0.030926486 -0.611613989 0.007917588 0.791116714 2.925453663
0.769466639 -0.011037569 0.638591707 0.260760188 0.015546071 0.999878049 -0.001450005 -0.029616568 -0.638497829 0.011043319 0.769544303 2.959988117
0.746070862 -0.013831059 0.665722966 0.282482505 0.015766906 0.999870777 0.003103458 -0.031392902 -0.665679812 0.008180990 0.746192515 2.984317541
0.722142458 -0.014149668 0.691599548 0.304526687 0.015949912 0.999865472 0.003802278 -0.031728350 -0.691560447 0.008285165 0.722270966 3.005967617
0.696160734 -0.012398708 0.717778981 0.327278972 0.017966634 0.999838471 -0.000154585 -0.031303372 -0.717661202 0.013003686 0.696270943 3.029822350
0.670020700 -0.009621185 0.742280066 0.360551476 0.017617954 0.999840438 -0.002943287 -0.031645771 -0.742133319 0.015049520 0.670083284 3.060223103
0.642746270 -0.007538574 0.766042054 0.385041714 0.016060218 0.999864399 -0.003635689 -0.032344084 -0.765910864 0.014639629 0.642780066 3.081476688
0.614930570 -0.006290735 0.788556218 0.410218239 0.016105659 0.999859750 -0.004583068 -0.032802951 -0.788416862 0.015518485 0.614945531 3.100782394
0.586051524 0.000970307 0.810273230 0.443770766 0.014415181 0.999828517 -0.011623467 -0.033331282 -0.810145557 0.018492188 0.585937083 3.125834942
0.555329382 0.010616049 0.831562817 0.469944477 0.012607924 0.999696076 -0.021182258 -0.034203514 -0.831534982 0.022247408 0.555026770 3.144413233
0.525033772 0.018906247 0.850871444 0.497725725 0.012241068 0.999482214 -0.029761761 -0.034722373 -0.850993335 0.026041506 0.524530470 3.161008120
0.492885143 0.023801865 0.869768918 0.534188628 0.009644931 0.999414861 -0.032815374 -0.036156669 -0.870040953 0.024563070 0.492367238 3.183069229
0.460683703 0.023057912 0.887264848 0.563706040 0.007979417 0.999514520 -0.030118072 -0.037436582 -0.887528658 0.020954760 0.460275978 3.198415995
0.427542180 0.021645296 0.903736234 0.599452615 0.003219266 0.999670446 -0.025465988 -0.039162889 -0.903989673 0.013797157 0.427331656 3.215605974
0.393115014 0.023013726 0.919201255 0.630068779 -0.000648882 0.999693334 -0.024751471 -0.039975353 -0.919489145 0.009133723 0.393009335 3.228998899
0.357739568 0.026171220 0.933454633 0.667717457 -0.007779042 0.999655962 -0.025046047 -0.041310720 -0.933789015 0.001698579 0.357820094 3.244769096
0.321419418 0.028111884 0.946519613 0.700266063 -0.012760906 0.999597013 -0.025354952 -0.042581666 -0.946850896 -0.003928875 0.321648628 3.256860971
0.285634100 0.027529817 0.957943261 0.739012957 -0.015097148 0.999592483 -0.024225164 -0.043616898 -0.958219826 -0.007542676 0.285933316 3.268529654
0.249200314 0.026928291 0.968077540 0.772218525 -0.015834788 0.999592960 -0.023728777 -0.044882301 -0.968322456 -0.009416084 0.249525234 3.277550220
0.213235617 0.026578136 0.976639211 0.812896430 -0.016018772 0.999590576 -0.023705252 -0.046259619 -0.976869404 -0.010589760 0.213574037 3.286642313
0.178141877 0.025039887 0.983686209 0.846774578 -0.013202127 0.999646962 -0.023055317 -0.047332425 -0.983916104 -0.008879637 0.178409547 3.292535067
0.143406525 0.024340173 0.989364505 0.888337374 -0.005157447 0.999702215 -0.023846943 -0.048694968 -0.989650548 -0.001682789 0.143489346 3.298924446
0.109880656 0.027699977 0.993558645 0.923650503 -0.002908655 0.999616206 -0.027547181 -0.049942851 -0.993940651 0.000136982 0.109919041 3.302570343
0.077319287 0.032441586 0.996478438 0.965687275 -0.001676689 0.999473214 -0.032408990 -0.051614687 -0.997004986 0.000835056 0.077332966 3.306201696
0.047658063 0.036714748 0.998188734 1.001772881 0.004819320 0.999304056 -0.036985870 -0.052817360 -0.998852134 0.006573266 0.047447957 3.308173418
0.022829950 0.034417905 0.999146879 1.044160008 0.007252309 0.999375224 -0.034591489 -0.054793909 -0.999713063 0.008035840 0.022566075 3.308668375
-0.000153214 0.031259518 0.999511361 1.081062078 0.008792100 0.999472737 -0.031256951 -0.056265783 -0.999961257 0.008783016 -0.000427973 3.309456110
-0.018432822 0.029270617 0.999401510 1.124265552 0.009195493 0.999533951 -0.029104896 -0.057642411 -0.999787807 0.008653501 -0.018693391 3.308235407
-0.035266235 0.031985071 0.998865962 1.160334945 0.010860920 0.999440849 -0.031620026 -0.059297055 -0.999318898 0.009733483 -0.035593908 3.307327747
-0.049922705 0.036730066 0.998077512 1.204388618 0.013833400 0.999253094 -0.036081392 -0.060758699 -0.998657227 0.012005525 -0.050393522 3.305265665
-0.061956201 0.042165574 0.997187853 1.241037130 0.017120091 0.999005020 -0.041178726 -0.062457368 -0.997932076 0.014520669 -0.062616438 3.302950859
-0.070231199 0.045162246 0.996507883 1.284998178 0.024154661 0.998758614 -0.043561902 -0.064888671 -0.997238219 0.021010911 -0.071234897 3.299127817
-0.075770698 0.050279953 0.995856762 1.321477890 0.027389659 0.998455882 -0.048327215 -0.067076243 -0.996748984 0.023614395 -0.077030845 3.296146393
-0.079438180 0.055413041 0.995298505 1.365676522 0.030156683 0.998130441 -0.053163785 -0.069110841 -0.996383548 0.025791667 -0.080960728 3.292277813
-0.082863778 0.059339926 0.994792759 1.403080225 0.031339519 0.997887075 -0.056913994 -0.071443401 -0.996068001 0.026460215 -0.084548377 3.289630413
-0.084859587 0.062378291 0.994438410 1.447686195 0.032788038 0.997672796 -0.059783209 -0.074236400 -0.995853305 0.027532510 -0.086707354 3.285277605
-0.087272353 0.066156693 0.993985355 1.483897448 0.034026343 0.997408092 -0.063396975 -0.076435842 -0.995603204 0.028288884 -0.089297228 3.281867981
-0.089137368 0.069617309 0.993583381 1.529133797 0.035172455 0.997152090 -0.066711940 -0.079902023 -0.995398104 0.029000238 -0.091332115 3.277835846
-0.091004841 0.071070373 0.993311167 1.566393614 0.037854657 0.996976078 -0.067864440 -0.082811549 -0.995130658 0.031425465 -0.093419991 3.273930073
-0.093320943 0.069478497 0.993208885 1.602519870 0.038567416 0.997065723 -0.066124536 -0.085540198 -0.994888663 0.032134697 -0.095726721 3.270794153
-0.095231526 0.069283344 0.993041158 1.652260184 0.037685957 0.997110724 -0.065953255 -0.088911816 -0.994741499 0.031142876 -0.097567417 3.265700579
-0.096673690 0.070147000 0.992841125 1.689683199 0.038118009 0.997042418 -0.066732273 -0.091924459 -0.994585991 0.031393863 -0.099061660 3.260803223
-0.100087628 0.072925113 0.992302597 1.733692050 0.036237035 0.996915877 -0.069609150 -0.094599940 -0.994318545 0.028991088 -0.102421537 3.257636070
-0.102651849 0.075469732 0.991850197 1.771361470 0.035190966 0.996768951 -0.072201908 -0.097222187 -0.994094610 0.027492510 -0.104976036 3.253954411
-0.105445705 0.078538306 0.991318822 1.808357120 0.033065274 0.996601880 -0.075439751 -0.100463182 -0.993875206 0.024823438 -0.107684284 3.250140905
-0.107883617 0.082770787 0.990711927 1.859608650 0.028878910 0.996368468 -0.080098614 -0.104587324 -0.993744016 0.019969353 -0.109882161 3.245175838
-0.111452900 0.084623650 0.990160048 1.895603776 0.026578208 0.996265113 -0.082153738 -0.108060256 -0.993414283 0.017160410 -0.113285780 3.241853237
-0.113451235 0.083627127 0.990017772 1.944613338 0.024787301 0.996379375 -0.081323974 -0.111934729 -0.993234217 0.015313569 -0.115113370 3.235857964
-0.116024092 0.079595245 0.990052044 1.982982874 0.022068197 0.996744394 -0.077547096 -0.114957474 -0.993001103 0.012851333 -0.117402896 3.231338978
-0.118673429 0.077779293 0.989882290 2.030216932 0.021970797 0.996888757 -0.075695835 -0.118989795 -0.992690325 0.012765421 -0.120013073 3.226082325
-0.120923102 0.078647211 0.989541471 2.069087505 0.020815361 0.996838212 -0.076683484 -0.122034557 -0.992443621 0.011324857 -0.122177832 3.221651316
-0.121208988 0.080721088 0.989339411 2.108240604 0.023325998 0.996644318 -0.078459322 -0.125615895 -0.992352903 0.013567354 -0.122685164 3.216061115
-0.122230515 0.084258795 0.988918722 2.160275459 0.022638027 0.996367395 -0.082095370 -0.129636168 -0.992243528 0.012352614 -0.123693950 3.209882975
-0.122270316 0.084947094 0.988854885 2.200166702 0.021068115 0.996328056 -0.082984023 -0.133162081 -0.992273211 0.010686830 -0.123611033 3.204878330
-0.122381926 0.083247639 0.988985538 2.247597456 0.018854698 0.996491194 -0.081546254 -0.137593418 -0.992303967 0.008667234 -0.123522125 3.199376583
-0.122308552 0.083240576 0.988995254 2.286898851 0.014504944 0.996520162 -0.082080096 -0.140571892 -0.992386162 0.004306219 -0.123090364 3.194494247
-0.122758187 0.083471239 0.988920093 2.335215807 0.011364806 0.996509552 -0.082701065 -0.145501748 -0.992371500 0.001086649 -0.123278350 3.189513683
-0.123447374 0.083727606 0.988812685 2.374998569 0.006307570 0.996480346 -0.083589405 -0.149225295 -0.992331088 -0.004081888 -0.123541012 3.185450077
-0.123645231 0.083223440 0.988830507 2.423952579 0.003198940 0.996505141 -0.083469376 -0.153244659 -0.992321312 -0.007157381 -0.123479314 3.179457664
-0.124285750 0.078404665 0.989143968 2.464210749 0.003440379 0.996901274 -0.078587279 -0.156350955 -0.992240429 -0.006364249 -0.124170378 3.174967766
-0.124409646 0.069378003 0.989802480 2.504606485 0.006728039 0.997588456 -0.069078095 -0.159779862 -0.992208183 -0.001934554 -0.124576412 3.169759035
-0.124257199 0.063335411 0.990226626 2.558383942 0.012500889 0.997981429 -0.062262777 -0.164583057 -0.992171288 0.004642118 -0.124798104 3.162693739
-0.122487120 0.065178342 0.990327477 2.599205494 0.022093887 0.997772992 -0.062935703 -0.167630315 -0.992224157 0.014171374 -0.123654373 3.156400919
-0.121750005 0.071801476 0.989960372 2.648153305 0.026814720 0.997254074 -0.069032669 -0.170509875 -0.992198467 0.018140776 -0.123341024 3.150342226
-0.121113256 0.078160286 0.989556789 2.689024210 0.030255362 0.996722698 -0.075023279 -0.173245311 -0.992177546 0.020853087 -0.123081088 3.145237446
-0.121111654 0.081778273 0.989264548 2.729598522 0.030822556 0.996429861 -0.078597136 -0.176869452 -0.992160141 0.020972632 -0.123199888 3.140389204
-0.120884031 0.078586929 0.989550948 2.785537720 0.027683534 0.996740401 -0.075776063 -0.181799322 -0.992280543 0.018234156 -0.122665562 3.134333134
-0.120780975 0.074127547 0.989907563 2.827888489 0.028091237 0.997063756 -0.071235962 -0.185026497 -0.992281675 0.019203782 -0.122508682 3.129830837
-0.120842062 0.071954794 0.990060449 2.877338648 0.024442729 0.997282863 -0.069496326 -0.188950330 -0.992370784 0.015801698 -0.122272454 3.123989582
-0.120774589 0.073055960 0.989988029 2.919902086 0.023544382 0.997218609 -0.070717201 -0.191932350 -0.992400706 0.014767810 -0.122158714 3.118947744
-0.120412268 0.078247786 0.989635348 2.969749928 0.023461754 0.996834576 -0.075962335 -0.195682377 -0.992446780 0.014071784 -0.121866941 3.112794399
-0.119553901 0.081978776 0.989437401 3.011953831 0.021079930 0.996570170 -0.080022655 -0.197806239 -0.992603838 0.011290253 -0.120871954 3.107170582
-0.119548440 0.080390014 0.989568412 3.064693451 0.022786960 0.996676028 -0.078214578 -0.202598915 -0.992566824 0.013198826 -0.120982900 3.101646662
-0.119127110 0.073133022 0.990181983 3.107844353 0.024042657 0.997203648 -0.070759103 -0.206180841 -0.992587864 0.015377279 -0.120552279 3.096333027
-0.120410517 0.071456276 0.990149081 3.150145531 0.023439253 0.997332573 -0.069124281 -0.209885627 -0.992447436 0.014885070 -0.121764235 3.092036724
-0.118997693 0.075086452 0.990051270 3.206946373 0.020915247 0.997104704 -0.073107526 -0.213584661 -0.992674172 0.012007544 -0.120223597 3.084692240
-0.119612113 0.078411251 0.989719391 3.250783920 0.020178065 0.996862411 -0.076538540 -0.216841578 -0.992615581 0.010815687 -0.120819017 3.080298662
-0.121429160 0.077948481 0.989534616 3.292790890 0.019615760 0.996905506 -0.076121964 -0.219978452 -0.992406130 0.010167052 -0.122582421 3.076916456
-0.119363889 0.074156530 0.990077257 3.352462292 0.018076967 0.997203767 -0.072510943 -0.225218400 -0.992685974 0.009242410 -0.120370641 3.068654299
-0.119346060 0.073386125 0.990136862 3.397080660 0.018683877 0.997253954 -0.071661577 -0.228493959 -0.992676914 0.009947071 -0.120389491 3.063819170
-0.116907105 0.073197596 0.990441740 3.450234413 0.021032771 0.997239053 -0.071217343 -0.233160049 -0.992920101 0.012505922 -0.118123859 3.056933641
-0.116527259 0.073717803 0.990447938 3.495111942 0.023272926 0.997170508 -0.071480073 -0.236508280 -0.992914677 0.014721246 -0.117913164 3.052097082
-0.116071239 0.073296681 0.990532756 3.540768147 0.022581732 0.997210383 -0.071144693 -0.239907399 -0.992984116 0.014110092 -0.117402606 3.047422647
-0.113714635 0.073009327 0.990827382 3.598739386 0.024453508 0.997199774 -0.070672408 -0.244800478 -0.993212461 0.016192716 -0.115181550 3.039537907
-0.112054713 0.071437940 0.991130948 3.642793417 0.023976976 0.997316480 -0.069173001 -0.247745574 -0.993412673 0.016013157 -0.113466874 3.033761740
-0.111340381 0.070499092 0.991278589 3.699116230 0.021919988 0.997412086 -0.068473257 -0.252398461 -0.993540525 0.014104974 -0.112597585 3.028100252
-0.110354953 0.069561526 0.991455019 3.744423389 0.022476893 0.997467339 -0.067481540 -0.255837858 -0.993637979 0.014837903 -0.111639000 3.023144484
-0.108177163 0.070894077 0.991600573 3.800048351 0.021177821 0.997391939 -0.068997771 -0.259617746 -0.993905962 0.013535955 -0.109396435 3.017288446
-0.106107831 0.072838664 0.991683245 3.846530437 0.021806564 0.997244060 -0.070913859 -0.263510913 -0.994115412 0.014100690 -0.107403770 3.011679649
-0.106097005 0.073244490 0.991654456 3.901120663 0.018963870 0.997251034 -0.071628898 -0.266021222 -0.994175017 0.011205991 -0.107194357 3.007055998
-0.106141314 0.071488194 0.991777897 3.945674181 0.015090369 0.997413099 -0.070279390 -0.269553423 -0.994236529 0.007506742 -0.106945530 3.002844810
-0.104667015 0.073393233 0.991795480 4.001711845 0.013372456 0.997286916 -0.072388373 -0.273265988 -0.994417429 0.005686068 -0.105364487 2.996204853
-0.104860097 0.073558614 0.991762757 4.048566341 0.011312928 0.997284412 -0.072772034 -0.276112109 -0.994422674 0.003588858 -0.105407499 2.991051674
-0.107020840 0.069393650 0.991832316 4.100918770 0.007179321 0.997589290 -0.069021791 -0.281457543 -0.994230807 -0.000266089 -0.107261062 2.986991882
-0.109175727 0.068581738 0.991653800 4.147041798 0.005557104 0.997643530 -0.068384185 -0.284689575 -0.994006813 -0.001955172 -0.109299585 2.982632875
-0.108869120 0.067289412 0.991775990 4.202133179 0.003719107 0.997726858 -0.067284897 -0.289078265 -0.994049072 -0.003636725 -0.108871885 2.975940704
-0.111470655 0.067273684 0.991487980 4.247748375 0.004297870 0.997729301 -0.067213960 -0.292352557 -0.993758440 -0.003231096 -0.111506663 2.971597433
-0.113377325 0.066431440 0.991328776 4.303401470 0.003436932 0.997782409 -0.066470861 -0.296276778 -0.993546009 -0.004129159 -0.113354214 2.965429544
-0.117353193 0.061484866 0.991185129 4.349304676 0.001098153 0.998089015 -0.061783113 -0.299581200 -0.993089557 -0.006161974 -0.117196433 2.960211754
-0.120739907 0.061670441 0.990766704 4.404815197 0.000986548 0.998075306 -0.062005147 -0.303143680 -0.992683589 -0.006509055 -0.120568365 2.953909397
-0.127119482 0.067829125 0.989565492 4.450643063 -0.004450080 0.997609973 -0.068952188 -0.306371093 -0.991877377 -0.013168811 -0.126513824 2.948620558
-0.136205450 0.071499087 0.988097191 4.497294426 -0.004353390 0.997339427 -0.072767965 -0.309605420 -0.990670979 -0.014212964 -0.135531813 2.943898678
-0.142110944 0.066963010 0.987583160 4.556122303 -0.000443897 0.997704685 -0.067713164 -0.313890278 -0.989850581 -0.010061171 -0.141755044 2.934262991
-0.152889296 0.065013088 0.986102521 4.605130672 0.002234318 0.997853816 -0.065441430 -0.317538798 -0.988240778 -0.007802027 -0.152706444 2.926865101
-0.166559204 0.065510064 0.983852863 4.649610519 0.002888912 0.997818589 -0.065950893 -0.320892513 -0.986027241 -0.008142463 -0.166385159 2.919719696
-0.179495215 0.066533715 0.981506407 4.701945782 0.005676794 0.997763753 -0.066597588 -0.324497432 -0.983742416 -0.006382142 -0.179471523 2.910085678
-0.193925738 0.064386360 0.978901029 4.750176430 0.006039878 0.997903287 -0.064439684 -0.328058600 -0.980997622 -0.006584071 -0.193908051 2.900624752
-0.210530162 0.067123502 0.975280285 4.792225361 0.009803833 0.997734725 -0.066552609 -0.331281722 -0.977538168 -0.004449847 -0.210711315 2.892762661
-0.224598065 0.070588201 0.971891403 4.845846176 0.010578806 0.997490704 -0.070002757 -0.335160702 -0.974394023 -0.005441035 -0.224781260 2.880425215
-0.239627764 0.073909886 0.968047380 4.892911911 0.010090157 0.997233689 -0.073640555 -0.339543760 -0.970812380 -0.007878569 -0.239710659 2.868930101
-0.255448222 0.071075566 0.964206636 4.935507774 0.006537722 0.997398317 -0.071790226 -0.343202174 -0.966800570 -0.012034968 -0.255248308 2.857974052
-0.272147566 0.066069774 0.959984720 4.988535881 0.000178702 0.997643471 -0.068610936 -0.347265065 -0.962255478 -0.018500749 -0.271518052 2.844540119
-0.287823230 0.062282190 0.955656171 5.035703182 -0.003701984 0.997803211 -0.066143960 -0.350856930 -0.957676351 -0.022575596 -0.286960363 2.831063747
-0.303394198 0.063659929 0.950736225 5.081841946 -0.005393353 0.997635126 -0.068521276 -0.354570508 -0.952849865 -0.025916621 -0.302333385 2.817264557
-0.317624241 0.065700524 0.945937693 5.127256393 -0.005594075 0.997449458 -0.071156643 -0.358172774 -0.948200166 -0.027892729 -0.316446632 2.802365303
-0.331650972 0.068102613 0.940940857 5.172473907 -0.003689283 0.997289777 -0.073481336 -0.361877263 -0.943394899 -0.027841553 -0.330500811 2.786832571
-0.345704079 0.068174705 0.935863733 5.213847637 -0.001540077 0.997314572 -0.073220104 -0.365280032 -0.938342214 -0.026753791 -0.344670713 2.771881104
-0.359728754 0.065974683 0.930721462 5.262763500 -0.001786412 0.997446537 -0.071394958 -0.369746864 -0.933055162 -0.027345479 -0.358692348 2.753577709
-0.374845922 0.064415954 0.924846530 5.302610397 -0.001867063 0.997528613 -0.070235021 -0.373431712 -0.927085221 -0.028054062 -0.373799264 2.738085270
-0.388731837 0.065707110 0.919005036 5.350814342 -0.003660046 0.997335792 -0.072855800 -0.377791703 -0.921343684 -0.031684961 -0.387455642 2.717587948
-0.403707296 0.067686036 0.912380993 5.388426304 -0.003305894 0.997145057 -0.075437166 -0.381379992 -0.914882183 -0.033470765 -0.402330905 2.701111317
-0.418363333 0.069541268 0.905613661 5.439032555 -0.001503398 0.997010291 -0.077254042 -0.385695606 -0.908278465 -0.033681765 -0.417007953 2.678864717
-0.432857275 0.072595261 0.898534715 5.478903770 0.001914930 0.996823907 -0.079613842 -0.389345229 -0.901460409 -0.032740809 -0.431621522 2.660011292
-0.447999954 0.075408854 0.890847623 5.527322769 0.001000164 0.996478081 -0.083847322 -0.394148320 -0.894032955 -0.036672611 -0.446497589 2.636892319
-0.462979525 0.077921845 0.882937253 5.567166328 0.002346572 0.996232510 -0.086690046 -0.398032039 -0.886365712 -0.038063850 -0.461418152 2.616218090
-0.478734344 0.075070783 0.874744475 5.614977837 0.001400066 0.996401668 -0.084745191 -0.402880102 -0.877958655 -0.039345745 -0.477116823 2.591960430
-0.494461834 0.071223080 0.866276383 5.653649330 -0.001097895 0.996585250 -0.082563400 -0.406544656 -0.869198620 -0.041775547 -0.492695153 2.569792271
-0.510485590 0.071684368 0.856893122 5.701077461 -0.001557814 0.996440351 -0.084286399 -0.410838604 -0.859884858 -0.044361874 -0.508556783 2.543193340
-0.526436031 0.070607327 0.847277820 5.739562988 -0.002565551 0.996409237 -0.084629141 -0.414822817 -0.850210786 -0.046725567 -0.524364591 2.519772053
-0.542803049 0.069149569 0.837008476 5.785089970 -0.003758145 0.996394634 -0.084754467 -0.419476539 -0.839851618 -0.049150579 -0.540586233 2.491831779
-0.557971239 0.068958789 0.826990187 5.825530052 -0.004636406 0.996266961 -0.086202145 -0.423800647 -0.829847276 -0.051932588 -0.555568576 2.464724541
-0.572798014 0.068407103 0.816837132 5.861437798 -0.004726951 0.996219397 -0.086744420 -0.427874506 -0.819682956 -0.053548183 -0.570309162 2.439420223
-0.588579714 0.065693691 0.805765569 5.905185699 -0.005080374 0.996372700 -0.084944792 -0.432307899 -0.808423162 -0.054090384 -0.586111009 2.409149170
-0.603278875 0.063246064 0.795018494 5.942326546 -0.004011698 0.996597350 -0.082326405 -0.435812503 -0.797520101 -0.052855164 -0.600972474 2.381591320
-0.618209541 0.060538638 0.783678472 5.985688686 -0.004016980 0.996773124 -0.080168866 -0.441093028 -0.786002994 -0.052709181 -0.615971386 2.348051548
-0.632688642 0.058861833 0.772165954 6.024654865 -0.004668718 0.996798992 -0.079810895 -0.445737898 -0.774392128 -0.054100472 -0.630388677 2.316647768
-0.647283494 0.059791647 0.759900689 6.062723160 -0.005585573 0.996519923 -0.083167456 -0.450612515 -0.762228906 -0.058077399 -0.644696891 2.284802198
-0.662925005 0.058814041 0.746372044 6.095740318 -0.007998853 0.996296406 -0.085612603 -0.454291821 -0.748643100 -0.062724851 -0.659999371 2.256650209
-0.678624213 0.055345364 0.732397556 6.137275696 -0.010537810 0.996320784 -0.085053444 -0.459114701 -0.734410107 -0.065437205 -0.675544083 2.219665766
-0.694635034 0.048511971 0.717724860 6.170862198 -0.013530490 0.996665835 -0.080461182 -0.462966025 -0.719235241 -0.065602325 -0.691662610 2.188428164
-0.711440325 0.045422766 0.701277018 6.210218430 -0.014686639 0.996729970 -0.079459190 -0.468122900 -0.702593029 -0.066829860 -0.708446681 2.149471521
-0.728707790 0.043260902 0.683456957 6.241801262 -0.015916256 0.996663332 -0.080056027 -0.471766114 -0.684639752 -0.069215521 -0.725587666 2.116352320
-0.746131718 0.038571276 0.664680123 6.281101704 -0.020009656 0.996570408 -0.080292501 -0.476757914 -0.665497661 -0.073208794 -0.742800951 2.074957848
-0.762303054 0.036594883 0.646184802 6.311046600 -0.019805804 0.996613681 -0.079805329 -0.480627924 -0.646917105 -0.073634058 -0.758996964 2.040575981
-0.778768063 0.038137499 0.626151443 6.348393440 -0.017839367 0.996400118 -0.082876004 -0.485967338 -0.627058208 -0.075711340 -0.775284410 1.996524453
-0.793457508 0.038847797 0.607384562 6.376590252 -0.012568986 0.996702135 -0.080167726 -0.489772767 -0.608495831 -0.071243882 -0.790352583 1.960644007
-0.808399558 0.038997050 0.587341011 6.411160469 -0.010208837 0.996724188 -0.080229580 -0.494927526 -0.588545680 -0.070853628 -0.805353165 1.914836645
-0.822611988 0.040810764 0.567136824 6.436957359 -0.007697817 0.996530175 -0.082875028 -0.498791218 -0.568551123 -0.072539687 -0.819443405 1.877510309
-0.836177170 0.041409597 0.546894014 6.469363213 -0.007638209 0.996169627 -0.087106273 -0.504095376 -0.548406184 -0.077013567 -0.832658052 1.830222249
-0.848794401 0.042336222 0.527025402 6.493747234 -0.004842210 0.996124744 -0.087817788 -0.507451892 -0.528700888 -0.077091217 -0.845300019 1.791079164
-0.860483170 0.040614504 0.507857561 6.524171352 -0.003049487 0.996389210 -0.084850311 -0.513402104 -0.509469867 -0.074560970 -0.857252061 1.742193580
-0.870503843 0.042850137 0.490292877 6.546831131 0.000419811 0.996266961 -0.086325392 -0.517880559 -0.492161602 -0.074940749 -0.867272079 1.700672507
-0.880631864 0.045337267 0.471626997 6.570140839 0.003023472 0.995928824 -0.090092637 -0.522199571 -0.473791480 -0.077912502 -0.877183676 1.661984324
-0.889224946 0.043179020 0.455428004 6.600426197 0.001570879 0.995817900 -0.091346137 -0.528290629 -0.457467467 -0.080511823 -0.885573924 1.603971720
-0.897318721 0.041310899 0.439445943 6.621109962 0.000927228 0.995784581 -0.091717161 -0.531894684 -0.441382408 -0.081892051 -0.893574357 1.562750816
-0.904399753 0.038117867 0.424980104 6.641129494 -0.000459180 0.995914102 -0.090303987 -0.537835062 -0.426685870 -0.081866041 -0.900686860 1.519804358
-0.910969198 0.036457486 0.410860211 6.668322563 -0.000983611 0.995891273 -0.090550840 -0.543111622 -0.412473351 -0.082893148 -0.907190442 1.462362647
-0.917163908 0.034312375 0.397030294 6.687640190 -0.001871290 0.995904505 -0.090391427 -0.547354162 -0.398505777 -0.083646715 -0.913343608 1.420095682
-0.922764242 0.029631672 0.384223998 6.710134506 -0.003795071 0.996292233 -0.085949250 -0.553374946 -0.385346144 -0.080769069 -0.919230461 1.367260814
-0.927492619 0.026619824 0.372892559 6.727519989 -0.004547275 0.996584415 -0.082453966 -0.557910860 -0.373813868 -0.078171089 -0.924203694 1.323179960
-0.931828380 0.026788952 0.361909121 6.745069027 -0.002285748 0.996818483 -0.079670988 -0.561694741 -0.362892002 -0.075066909 -0.928802729 1.279000401
-0.935071349 0.030416930 0.353151917 6.767886162 0.001728692 0.996690810 -0.081267618 -0.567456663 -0.354455143 -0.075380541 -0.932029545 1.220541120
-0.937235177 0.036326148 0.346800417 6.784293175 0.007942581 0.996524692 -0.082917534 -0.571668029 -0.348607212 -0.074958749 -0.934266508 1.176493883
-0.938942075 0.039393414 0.341812670 6.803551197 0.010896146 0.996330321 -0.084894463 -0.576998830 -0.343902677 -0.075986534 -0.935925722 1.122851014
-0.941033900 0.036824480 0.336302102 6.820120335 0.008867218 0.996401548 -0.084292136 -0.580825746 -0.338195950 -0.076339670 -0.937974334 1.079178929
-0.942766070 0.029332062 0.332162440 6.836205006 0.002779468 0.996780217 -0.080133185 -0.585280895 -0.333443493 -0.074623600 -0.939812064 1.034708858
-0.944661856 0.022753794 0.327255279 6.857078552 -0.003130565 0.996920884 -0.078351818 -0.590396047 -0.328030407 -0.075040489 -0.941681981 0.976289868
-0.946241498 0.017184244 0.323004067 6.872692108 -0.009041144 0.996792555 -0.079516724 -0.594608545 -0.323334515 -0.078162350 -0.943051100 0.931958795
-0.947565317 0.013642919 0.319270730 6.892122269 -0.013438044 0.996503413 -0.082464941 -0.599488974 -0.319279373 -0.082431294 -0.944068730 0.877179146
-0.948458076 0.014137300 0.316587210 6.907591820 -0.013486390 0.996298671 -0.084893674 -0.603660285 -0.316615641 -0.084787689 -0.944756866 0.833217621
-0.948792160 0.014237749 0.315580279 6.926226616 -0.013960648 0.996118009 -0.086913653 -0.609006524 -0.315592647 -0.086868681 -0.944910109 0.778922796
-0.948530853 0.017613547 0.316194773 6.941254139 -0.010672268 0.996107101 -0.087502860 -0.614214301 -0.316505134 -0.086373687 -0.944650233 0.733917117
-0.948182344 0.017867684 0.317224115 6.959380627 -0.011261629 0.995900154 -0.089755177 -0.619170904 -0.317527324 -0.088676736 -0.944093645 0.680261612
-0.947590053 0.018255495 0.318966925 6.974353313 -0.011596701 0.995742917 -0.091441154 -0.623636603 -0.319278419 -0.090347670 -0.943344414 0.635321856
-0.947053194 0.019528469 0.320482135 6.992604733 -0.010181849 0.995819926 -0.090768218 -0.629464686 -0.320915014 -0.089225434 -0.942895651 0.583259463
-0.946608484 0.018942205 0.321828604 7.008459091 -0.010873176 0.995828450 -0.090594277 -0.634182334 -0.322202176 -0.089256600 -0.942453682 0.540064096
-0.945157826 0.018517647 0.326088727 7.024200916 -0.012012838 0.995744944 -0.091364354 -0.638606131 -0.326393098 -0.090270974 -0.940913737 0.494856119
-0.943596661 0.015516430 0.330733657 7.044310570 -0.014928027 0.995891690 -0.089312710 -0.644602895 -0.330760717 -0.089212365 -0.939488351 0.438524842
-0.942403197 0.012584879 0.334242433 7.061062336 -0.017481701 0.996072829 -0.086794056 -0.648723364 -0.334022164 -0.087638117 -0.938482106 0.397150397
-0.939013600 0.011035248 0.343702704 7.079154491 -0.018926529 0.996311486 -0.083696820 -0.654100955 -0.343358546 -0.085097544 -0.935341239 0.343194008
-0.936554909 0.013199131 0.350272119 7.095629692 -0.016961025 0.996413648 -0.082897618 -0.658565402 -0.350110143 -0.083579160 -0.932972372 0.301102638
-0.932855070 0.013615509 0.359994560 7.114708900 -0.017589478 0.996372223 -0.083263896 -0.663480639 -0.359822273 -0.084005266 -0.929231405 0.248875141
-0.929005265 0.016154306 0.369713843 7.131302834 -0.017079240 0.996110499 -0.086440295 -0.667729318 -0.369672298 -0.086617924 -0.925116003 0.206426620
-0.925003946 0.018523475 0.379505605 7.152270317 -0.014782137 0.996300280 -0.084658816 -0.672548652 -0.379669726 -0.083919615 -0.921307921 0.157217503
-0.919729948 0.020924795 0.391993850 7.169249535 -0.013668820 0.996265531 -0.085252076 -0.677238584 -0.392313778 -0.083766960 -0.916009247 0.115880728
-0.914167345 0.022991339 0.404684365 7.191967010 -0.013204490 0.996170938 -0.086423956 -0.682214379 -0.405121833 -0.084349602 -0.910363317 0.064942837
-0.908099115 0.025426507 0.417982459 7.211124897 -0.011657468 0.996233046 -0.085929103 -0.686467886 -0.418592811 -0.082904786 -0.904381931 0.023261070
-0.901900947 0.024626283 0.431240410 7.235070705 -0.012952708 0.996382415 -0.083988562 -0.691479027 -0.431748748 -0.081335083 -0.898319244 -0.026481390
-0.895156205 0.029079949 0.444802970 7.254670620 -0.009033022 0.996481419 -0.083325870 -0.696143746 -0.445661008 -0.078607582 -0.891743779 -0.066625118
-0.888395846 0.031068264 0.458025664 7.280219078 -0.007883579 0.996527791 -0.082886450 -0.700491667 -0.459010512 -0.077246875 -0.885066271 -0.115927696
-0.881293058 0.032320540 0.471463412 7.300850391 -0.006727286 0.996699333 -0.080902480 -0.704512000 -0.472522110 -0.074470490 -0.878166854 -0.154489994
-0.873884916 0.034530327 0.484904975 7.327506065 -0.003896991 0.996944487 -0.078015998 -0.709359050 -0.486117154 -0.070066683 -0.871080160 -0.201741695
-0.865854144 0.036799792 0.498941302 7.349534988 -0.001307033 0.997121274 -0.075811647 -0.713400960 -0.500294805 -0.066293970 -0.863313437 -0.239977837
-0.856348932 0.041222461 0.514749706 7.376362801 0.003489649 0.997247934 -0.074056685 -0.718226671 -0.516385913 -0.061622068 -0.854135871 -0.286304951
-0.845989466 0.043747675 0.531402111 7.398797989 0.005822105 0.997326970 -0.072836176 -0.722102523 -0.533167958 -0.058524750 -0.843982756 -0.323105335
-0.835096061 0.047093675 0.548084676 7.428195000 0.009082461 0.997373283 -0.071859784 -0.726376057 -0.550029159 -0.055031881 -0.833330274 -0.368100643
-0.824147105 0.048949867 0.564256549 7.454905033 0.010567166 0.997413754 -0.071092434 -0.730279744 -0.566277206 -0.052628025 -0.822532892 -0.407244921
-0.811995029 0.049543649 0.581557930 7.479215622 0.010560844 0.997474790 -0.070230648 -0.734461546 -0.583568871 -0.050885197 -0.810467780 -0.442399025
-0.799328923 0.053526618 0.598504961 7.511147499 0.014000028 0.997413158 -0.070504889 -0.738215566 -0.600730598 -0.047977522 -0.798010588 -0.485119581
-0.786136627 0.054600768 0.615636110 7.538518906 0.015246790 0.997500122 -0.068998888 -0.741504192 -0.617864668 -0.044856075 -0.785003960 -0.519366741
-0.769708037 0.057223130 0.635826409 7.570602417 0.018648844 0.997565091 -0.067203291 -0.745597839 -0.638123751 -0.039869480 -0.768900812 -0.560730696
-0.753060818 0.059904769 0.655218244 7.601889610 0.019785739 0.997457981 -0.068454482 -0.749469757 -0.657653391 -0.038586412 -0.752331734 -0.597403288
-0.735928655 0.062583230 0.674160600 7.630895615 0.020384008 0.997315466 -0.070330486 -0.753019452 -0.676752329 -0.038016122 -0.735228539 -0.629488707
-0.717855990 0.063209176 0.693316281 7.666175842 0.018922761 0.997273266 -0.071328230 -0.756841660 -0.695934474 -0.038083930 -0.717094660 -0.666749477
-0.699072957 0.063651927 0.712211609 7.696805000 0.018588131 0.997311115 -0.070886679 -0.760359168 -0.714808762 -0.036316276 -0.698376358 -0.696683645
-0.679150939 0.062793106 0.731307745 7.733716965 0.015272392 0.997327149 -0.071451455 -0.763963997 -0.733839750 -0.037357505 -0.678294718 -0.731245756
