0.999996185 -0.002226406 -0.001581480 0.000043445 0.002231319 0.999992669 0.003112501 -0.000992461 0.001574539 -0.003116018 0.999993920 0.053937666
0.999997318 -0.002299181 -0.000151987 -0.004087758 0.002299635 0.999992669 0.003053994 -0.000978121 0.000144964 -0.003054335 0.999995351 0.109427623
0.999992967 -0.001434136 -0.003455186 -0.001744488 0.001448631 0.999990165 0.004196430 -0.002486226 0.003449134 -0.004201406 0.999985218 0.158651978
0.999988198 -0.000502111 -0.004829570 -0.002444822 0.000522234 0.999991298 0.004166258 -0.003097923 0.004827436 -0.004168732 0.999979615 0.211591557
0.999982357 -0.000584766 -0.005916237 -0.003178278 0.000610457 0.999990404 0.004341452 -0.003658523 0.005913641 -0.004344988 0.999973059 0.263930768
0.999969363 -0.001098012 -0.007746946 -0.003693888 0.001134950 0.999988019 0.004765390 -0.004159452 0.007741621 -0.004774036 0.999958575 0.315887153
0.999949276 -0.002952121 -0.009622678 -0.004252268 0.002990750 0.999987483 0.004002470 -0.004780060 0.009610743 -0.004031045 0.999945700 0.368280143
0.999929845 -0.004106026 -0.011111693 -0.004917023 0.004151621 0.999983072 0.004083350 -0.005128098 0.011094738 -0.004129194 0.999929905 0.420637131
0.999918997 -0.003421984 -0.012259649 -0.005841786 0.003475170 0.999984622 0.004319656 -0.005892975 0.012244678 -0.004361912 0.999915481 0.472461820
0.999907136 -0.003270560 -0.013221972 -0.006968514 0.003333173 0.999983311 0.004716326 -0.006652202 0.013206326 -0.004759961 0.999901414 0.526112020
0.999903083 -0.001696388 -0.013817016 -0.007826058 0.001764294 0.999986410 0.004903945 -0.006847603 0.013808507 -0.004927847 0.999892533 0.574596941
0.999905050 0.000735615 -0.013765391 -0.009328456 -0.000643977 0.999977529 0.006660308 -0.008066422 0.013769983 -0.006650811 0.999883056 0.627897203
0.999889314 0.000842534 -0.014856224 -0.009950674 -0.000743398 0.999977350 0.006677349 -0.007851910 0.014861515 -0.006665565 0.999867320 0.677167833
0.999886334 0.003522265 -0.014662803 -0.011661120 -0.003428073 0.999973357 0.006444058 -0.008026681 0.014685112 -0.006393060 0.999871671 0.730990887
0.999873042 0.002216224 -0.015787257 -0.011912971 -0.002119027 0.999978721 0.006170744 -0.008017318 0.015800599 -0.006136507 0.999856353 0.779088736
0.999851763 0.002583639 -0.017026708 -0.011671877 -0.002477381 0.999977350 0.006258809 -0.008432089 0.017042493 -0.006215700 0.999835491 0.831721127
0.999865592 0.003459343 -0.016025012 -0.013680419 -0.003333981 0.999963701 0.007843019 -0.008641059 0.016051563 -0.007788538 0.999840856 0.879693031
0.999862552 0.003894952 -0.016117455 -0.014782952 -0.003795668 0.999973655 0.006186073 -0.008887595 0.016141126 -0.006124046 0.999850988 0.930405378
0.999864101 0.005240798 -0.015631042 -0.016233938 -0.005162857 0.999974072 0.005022530 -0.010171499 0.015656959 -0.004941146 0.999865234 0.979593158
0.999879897 0.003444294 -0.015110542 -0.017332491 -0.003384817 0.999986470 0.003959917 -0.009585686 0.015123975 -0.003908295 0.999877989 1.029152036
0.999883950 0.002823513 -0.014971771 -0.018348599 -0.002714710 0.999969721 0.007282529 -0.010913520 0.014991883 -0.007241040 0.999861419 1.078942299
0.999875546 0.002151449 -0.015634313 -0.018334433 -0.002014902 0.999959707 0.008744269 -0.011368696 0.015652498 -0.008711678 0.999839544 1.129460573
0.999895930 0.000621634 -0.014412357 -0.020280814 -0.000505164 0.999967158 0.008083553 -0.011829501 0.014416911 -0.008075430 0.999863446 1.176630735
0.999899209 0.000702960 -0.014177686 -0.021051202 -0.000617645 0.999981701 0.006021085 -0.012031109 0.014181658 -0.006011720 0.999881327 1.225424647
0.999907732 0.001735499 -0.013472655 -0.022292785 -0.001663053 0.999984026 0.005386611 -0.012452552 0.013481789 -0.005363709 0.999894738 1.272058129
0.999918818 0.002357981 -0.012525300 -0.023202602 -0.002306229 0.999988735 0.004144608 -0.013056485 0.012534932 -0.004115386 0.999912918 1.319322109
0.999934196 0.003561939 -0.010900524 -0.024870332 -0.003494808 0.999974906 0.006171320 -0.013742642 0.010922230 -0.006132817 0.999921501 1.367661357
0.999947906 0.003822949 -0.009455839 -0.025043305 -0.003752238 0.999964893 0.007484416 -0.014154121 0.009484122 -0.007448545 0.999927282 1.412312746
0.999972820 0.001483088 -0.007211185 -0.025797037 -0.001427281 0.999969006 0.007737992 -0.013886859 0.007222439 -0.007727489 0.999944031 1.458606482
0.999975085 0.004828684 -0.005135951 -0.026447020 -0.004782341 0.999948084 0.008997569 -0.014508081 0.005179131 -0.008972782 0.999946296 1.504014850
0.999993205 0.003347746 -0.001543431 -0.026849844 -0.003334651 0.999959052 0.008410256 -0.015161291 0.001571523 -0.008405052 0.999963462 1.546676874
0.999994814 0.002421724 0.002100481 -0.026571039 -0.002434754 0.999977648 0.006223315 -0.015543157 -0.002085363 -0.006228396 0.999978483 1.590463400
0.999986231 0.001807865 0.004929334 -0.026730794 -0.001832421 0.999985933 0.004981636 -0.016385421 -0.004920259 -0.004990600 0.999975443 1.630455375
0.999951124 0.002785210 0.009481721 -0.026441615 -0.002836965 0.999981105 0.005449233 -0.016607666 -0.009466365 -0.005475865 0.999940157 1.673468828
0.999874651 0.002661427 0.015599513 -0.027066890 -0.002737626 0.999984384 0.004865363 -0.017140362 -0.015586323 -0.004907459 0.999866486 1.715411782
0.999770164 0.004945656 0.020860627 -0.025165200 -0.005024947 0.999980271 0.003750255 -0.017091380 -0.020841667 -0.003854216 0.999775350 1.755841374
0.999556720 0.006395583 0.029076682 -0.024859264 -0.006509834 0.999971390 0.003836335 -0.017591048 -0.029051321 -0.004023919 0.999569833 1.797382236
0.999279976 0.007608875 0.037168644 -0.023718081 -0.007801035 0.999956906 0.005027693 -0.018027021 -0.037128791 -0.005314028 0.999296367 1.836609960
0.998826802 0.009208367 0.047541857 -0.021922708 -0.009502199 0.999937117 0.005958185 -0.019071568 -0.047484003 -0.006402947 0.998851478 1.875219345
0.998127282 0.010668350 0.060235966 -0.019487165 -0.010999241 0.999926150 0.005164313 -0.018871088 -0.060176432 -0.005817191 0.998170793 1.915851951
0.997074842 0.013561878 0.075218387 -0.017170921 -0.014044951 0.999884009 0.005897006 -0.019421451 -0.075129688 -0.006936195 0.997149646 1.954162002
0.995681524 0.014695839 0.091663733 -0.014948398 -0.015378274 0.999858975 0.006743103 -0.019318322 -0.091551721 -0.008123613 0.995767236 1.991051793
0.993971050 0.014974756 0.108615346 -0.010451719 -0.015914548 0.999843001 0.007790769 -0.020329567 -0.108481646 -0.009472363 0.994053304 2.028839827
0.991634071 0.015354941 0.128164113 -0.006100893 -0.016387837 0.999841094 0.007008508 -0.020702837 -0.128036126 -0.009050209 0.991728127 2.066329479
0.988889992 0.014019769 0.147986442 -0.001497835 -0.015077776 0.999868155 0.006029896 -0.020992573 -0.147882387 -0.008194211 0.988970995 2.100892544
0.985445976 0.011624832 0.169590980 0.004557073 -0.012751685 0.999903202 0.005556823 -0.021188524 -0.169509962 -0.007638518 0.985498846 2.139001608
0.981682777 0.006143949 0.190423608 0.012548625 -0.007665401 0.999944329 0.007254276 -0.021313738 -0.190368429 -0.008581072 0.981675208 2.175330400
0.976867914 0.001163990 0.213840395 0.020083815 -0.003056992 0.999958992 0.008521938 -0.021605242 -0.213821724 -0.008978516 0.976831436 2.210867882
0.971395791 -0.004062420 0.237431169 0.028754443 0.002200717 0.999964714 0.008105545 -0.021985365 -0.237455726 -0.007351173 0.971370518 2.245143414
0.964893579 -0.011008108 0.262410134 0.037880063 0.009784528 0.999934256 0.005969114 -0.022067493 -0.262458563 -0.003192000 0.964937925 2.277721167
0.957276702 -0.014201272 0.288824469 0.048072875 0.012715017 0.999894500 0.007021503 -0.022675170 -0.288893700 -0.003049111 0.957356393 2.311784267
0.948668242 -0.015998457 0.315868109 0.058891356 0.013780813 0.999862134 0.009253338 -0.022902656 -0.315972686 -0.004425428 0.948758006 2.344783068
0.938794553 -0.020205945 0.343884617 0.070405424 0.017162679 0.999781847 0.011891529 -0.023041239 -0.344049990 -0.005261721 0.938936651 2.377001524
0.927945614 -0.023229666 0.371990949 0.083294153 0.020376699 0.999725044 0.011599241 -0.023194376 -0.372158140 -0.003183519 0.928163826 2.408121824
0.916013777 -0.022912262 0.400492162 0.096754491 0.021804029 0.999735355 0.007324529 -0.023259321 -0.400553942 0.002022973 0.916270971 2.437711716
0.902834475 -0.023786861 0.429329515 0.110709310 0.025236685 0.999678791 0.002316795 -0.023507982 -0.429246753 0.008743173 0.903144956 2.467111588
0.888311207 -0.026048545 0.458502531 0.125331342 0.029009985 0.999578953 0.000583817 -0.024641963 -0.458324671 0.012782539 0.888693035 2.496875763
0.872860730 -0.027215932 0.487209857 0.141719759 0.029160962 0.999568284 0.003593362 -0.025060730 -0.487097323 0.011071005 0.873277545 2.525368214
0.855010748 -0.025831144 0.517966747 0.158084035 0.024705686 0.999653637 0.009071186 -0.025047604 -0.518021703 0.005040763 0.855352700 2.553098440
0.835132718 -0.026090279 0.549429297 0.175767422 0.022595931 0.999658525 0.013124106 -0.025810808 -0.549584150 0.001454495 0.835437179 2.580822468
0.813400030 -0.020032614 0.581359625 0.193506122 0.018889837 0.999789357 0.008021549 -0.025789537 -0.581398010 0.004457059 0.813607216 2.607568264
0.792009354 -0.013186742 0.610366583 0.213847756 0.016117161 0.999869883 0.000688247 -0.025931317 -0.610296190 0.009292279 0.792118788 2.632987499
0.769584358 -0.010698156 0.638455570 0.233930349 0.015275526 0.999881864 -0.001658551 -0.026034009 -0.638362408 0.011029140 0.769656897 2.657488823
0.745866060 -0.013167352 0.665965855 0.255336285 0.016349742 0.999865294 0.001457821 -0.026521048 -0.665895283 0.009801031 0.745980978 2.682152271
0.721263647 -0.013266502 0.692533553 0.277603030 0.016824745 0.999857128 0.001631009 -0.026493868 -0.692456245 0.010475313 0.721383810 2.705482483
0.695720971 -0.011313526 0.718223095 0.299925685 0.017122872 0.999853015 -0.000836618 -0.027238214 -0.718108058 0.012880097 0.695812464 2.727276802
0.670014918 -0.008734448 0.742296278 0.323571682 0.017394871 0.999840856 -0.003936112 -0.027147429 -0.742143869 0.015549399 0.670060277 2.747344017
0.642873824 -0.007052947 0.765939593 0.347095966 0.016043050 0.999862194 -0.004258403 -0.028140487 -0.765803993 0.015025619 0.642898321 2.767605066
0.614549875 -0.004962071 0.788862348 0.372423530 0.015918721 0.999854565 -0.006111963 -0.028113483 -0.788717330 0.016313784 0.614539564 2.788300514
0.585047841 0.002090494 0.810996115 0.398014903 0.014893699 0.999800324 -0.013321402 -0.027868776 -0.810861945 0.019872386 0.584899962 2.807960510
0.555908263 0.010911534 0.831172049 0.424259186 0.013042765 0.999676228 -0.021846963 -0.029633595 -0.831141293 0.022985686 0.555585980 2.824156761
0.525032997 0.019590531 0.850856304 0.451241255 0.012721698 0.999442697 -0.030861756 -0.029798022 -0.850986779 0.027027778 0.524491072 2.841234207
0.493640959 0.024351053 0.869324803 0.479239941 0.010667056 0.999363184 -0.034050848 -0.030801520 -0.869600296 0.026082028 0.493066818 2.856896400
0.461677492 0.024221769 0.886717021 0.508531332 0.008938725 0.999449372 -0.031955220 -0.031627536 -0.887002766 0.022679131 0.461206794 2.871912003
0.427253604 0.022751627 0.903845549 0.537553787 0.003641409 0.999631882 -0.026884081 -0.033625789 -0.904124498 0.014777593 0.427013427 2.887107372
0.393411815 0.024514755 0.919035494 0.567870140 0.000270646 0.999641299 -0.026780723 -0.034044553 -0.919362307 0.010784588 0.393264085 2.900017738
0.357290775 0.027123282 0.933599293 0.598474205 -0.007361177 0.999628961 -0.026224460 -0.035852008 -0.933964193 0.002497367 0.357357860 2.913324833
0.321542650 0.028818166 0.946456432 0.630148530 -0.012042264 0.999580383 -0.026344551 -0.037132218 -0.946818531 -0.002926582 0.321754754 2.924584389
0.285363168 0.028489707 0.957995951 0.662080765 -0.014425131 0.999572515 -0.025429260 -0.037957218 -0.958310843 -0.006562641 0.285652131 2.934367180
0.249339461 0.027778484 0.968017697 0.694554627 -0.015183885 0.999577701 -0.024773117 -0.039272398 -0.968297184 -0.008521350 0.249655932 2.942791939
0.213069841 0.027462367 0.976650953 0.727906883 -0.014998877 0.999579072 -0.024834864 -0.040433008 -0.976921856 -0.009357107 0.213392049 2.950458765
0.177879632 0.025559675 0.983720303 0.760980964 -0.012421264 0.999641299 -0.023727287 -0.041638460 -0.983973861 -0.007998449 0.178133309 2.956215620
0.143151239 0.025058020 0.989383578 0.795096457 -0.004051776 0.999686003 -0.024732701 -0.042781185 -0.989692509 -0.000468243 0.143207803 2.961394548
0.109716102 0.028215650 0.993562460 0.829569459 -0.001729902 0.999600887 -0.028196108 -0.044081591 -0.993961513 0.001374802 0.109721124 2.964929581
0.077081643 0.033265512 0.996469676 0.863950074 -0.000656601 0.999444664 -0.033314042 -0.045351624 -0.997024596 0.001913618 0.077060685 2.967878103
0.047543995 0.037559438 0.998162806 0.899108768 0.006004572 0.999264002 -0.037886884 -0.046511330 -0.998851120 0.007794834 0.047283478 2.969736814
0.022563845 0.035370730 0.999119520 0.933975995 0.008225762 0.999333560 -0.035564084 -0.048115198 -0.999711573 0.009020981 0.022257855 2.970113039
-0.000463804 0.032089047 0.999484897 0.969697416 0.009666466 0.999438465 -0.032083072 -0.049690381 -0.999953151 0.009646608 -0.000773733 2.970723867
-0.018605895 0.030131111 0.999372780 1.005343795 0.010187275 0.999499619 -0.029945273 -0.050717168 -0.999774933 0.009623726 -0.018903542 2.969688416
-0.035712980 0.033081211 0.998814464 1.040734291 0.012096701 0.999393046 -0.032667853 -0.052311711 -0.999288857 0.010915692 -0.036091480 2.969061375
-0.050110739 0.037548501 0.998037577 1.076791406 0.014506561 0.999215007 -0.036864433 -0.053639859 -0.998638272 0.012630788 -0.050616097 2.966972113
-0.061983675 0.042779766 0.997160017 1.112542272 0.017871045 0.998968482 -0.041746479 -0.055449583 -0.997917116 0.015232690 -0.062684253 2.964676619
-0.070378207 0.045983717 0.996459961 1.148776650 0.024787512 0.998709023 -0.044336814 -0.057305552 -0.997212350 0.021579415 -0.071427189 2.961559057
-0.076261759 0.051169667 0.995774031 1.184159994 0.027937429 0.998399794 -0.049165014 -0.059471004 -0.996696413 0.024069948 -0.077569269 2.958817720
-0.080046006 0.056007467 0.995216429 1.219984651 0.030701354 0.998085082 -0.053699568 -0.061349910 -0.996318221 0.026256055 -0.081612237 2.955848455
-0.083388768 0.059920147 0.994713902 1.256587505 0.032271054 0.997829437 -0.057402473 -0.063648261 -0.995994389 0.027313747 -0.085141465 2.953266144
-0.085296698 0.062930822 0.994366229 1.292632818 0.033169117 0.997629464 -0.060292099 -0.065903232 -0.995803297 0.027839532 -0.087181874 2.949471712
-0.087947883 0.066498123 0.993902981 1.327634454 0.034366943 0.997377813 -0.063689567 -0.068330452 -0.995532036 0.028556045 -0.090002604 2.946217537
-0.089520000 0.070376702 0.993495464 1.365215421 0.035480790 0.997092605 -0.067434475 -0.070890352 -0.995352864 0.029213272 -0.091756769 2.942741632
-0.091623716 0.071658775 0.993211925 1.401278257 0.038019579 0.996931911 -0.068419844 -0.073807292 -0.995067716 0.031492624 -0.094067037 2.939097166
-0.094354920 0.070229359 0.993058324 1.438221455 0.038500458 0.997019768 -0.066851415 -0.076605104 -0.994793892 0.031925447 -0.096777618 2.936357498
-0.096254729 0.069860429 0.992902040 1.475459099 0.037575580 0.997077942 -0.066511549 -0.079238787 -0.994647264 0.030906828 -0.098598517 2.932360888
-0.098581418 0.071077332 0.992587388 1.512127399 0.037729934 0.996995747 -0.067645758 -0.082039379 -0.994413495 0.030781643 -0.100966997 2.928603649
-0.101225957 0.073563762 0.992139935 1.548719049 0.036719300 0.996859193 -0.070167288 -0.084503539 -0.994185567 0.029327936 -0.103609242 2.925373793
-0.104534306 0.075463362 0.991654038 1.585948825 0.034502976 0.996791899 -0.072217241 -0.087284148 -0.993922651 0.026665835 -0.106802657 2.921762466
-0.105646588 0.078533299 0.991297722 1.623141646 0.034041278 0.996578038 -0.075323686 -0.091099553 -0.993820906 0.025787354 -0.107958421 2.917172670
-0.108431600 0.082411855 0.990682006 1.659412861 0.031617273 0.996339619 -0.079421930 -0.094566062 -0.993601024 0.022710817 -0.110640317 2.914211273
-0.111416183 0.084948279 0.990136385 1.697447658 0.028907537 0.996195197 -0.082215242 -0.097504474 -0.993353307 0.019462293 -0.113447927 2.910134792
-0.114618354 0.083408669 0.989901781 1.734977961 0.026517468 0.996370614 -0.080883339 -0.100749329 -0.993055642 0.016978974 -0.116414167 2.906062126
-0.117499091 0.079028517 0.989923418 1.772957802 0.023758687 0.996766806 -0.076754808 -0.103962399 -0.992788732 0.014500665 -0.118996829 2.902020931
-0.119392641 0.077779062 0.989795864 1.811628342 0.024484050 0.996854246 -0.075380370 -0.106850028 -0.992545187 0.015234348 -0.120921403 2.897131205
-0.122013457 0.078234643 0.989440262 1.848615646 0.024018133 0.996829391 -0.075857088 -0.109893546 -0.992237747 0.014508923 -0.123505637 2.893240452
-0.123277359 0.080474667 0.989103973 1.886935472 0.024363965 0.996651530 -0.078052156 -0.113344222 -0.992073119 0.014476435 -0.124825254 2.888347149
-0.123454638 0.084117800 0.988778532 1.926614285 0.025189169 0.996345460 -0.081616528 -0.116024949 -0.992030501 0.014830573 -0.125122309 2.883196592
-0.123773523 0.084702671 0.988688767 1.964879274 0.023357380 0.996322811 -0.082432605 -0.119534254 -0.992035508 0.012890206 -0.125296846 2.878597260
-0.124716803 0.083961457 0.988633454 2.003567457 0.020916184 0.996414244 -0.081983663 -0.122453809 -0.991971970 0.010453701 -0.126025751 2.874852896
-0.123975366 0.082540981 0.988846362 2.043234348 0.016383629 0.996568859 -0.081131510 -0.126623437 -0.992150009 0.006142588 -0.124902323 2.869234562
-0.124954507 0.083782174 0.988618731 2.082022905 0.013454447 0.996479690 -0.082747824 -0.129963934 -0.992071331 0.002961606 -0.125641853 2.865690708
-0.124239758 0.083515301 0.988731325 2.123021126 0.009289085 0.996505857 -0.083004765 -0.133746818 -0.992208719 -0.001128084 -0.124581426 2.859784365
-0.125584155 0.082237348 0.988668621 2.162487507 0.005547174 0.996601045 -0.082192548 -0.137588024 -0.992067337 -0.004837764 -0.125613496 2.856310844
-0.126431838 0.078422785 0.988870323 2.202027321 0.005554324 0.996910453 -0.078350231 -0.140331194 -0.991959691 -0.004413459 -0.126476794 2.851767302
-0.125398159 0.069833986 0.989645660 2.242692471 0.009621521 0.997558296 -0.069173194 -0.143463463 -0.992059827 0.000847705 -0.125763878 2.845509052
-0.124951616 0.063566104 0.990124404 2.280270338 0.014907961 0.997953236 -0.062187355 -0.146857858 -0.992050827 0.006990327 -0.125643507 2.840210438
-0.124110982 0.066647232 0.990027606 2.322756290 0.023574980 0.997658312 -0.064205535 -0.149431616 -0.991988182 0.015371270 -0.125391513 2.834524870
-0.123470128 0.072543412 0.989693224 2.362264156 0.028610019 0.997170091 -0.069522195 -0.152119309 -0.991935790 0.019731227 -0.125196144 2.829717159
-0.121379986 0.077716596 0.989558935 2.403190374 0.033111740 0.996692300 -0.074215300 -0.155177370 -0.992053688 0.023757765 -0.123551831 2.823606253
-0.120836966 0.082643956 0.989226103 2.443532228 0.033304546 0.996304810 -0.079167083 -0.157958746 -0.992113531 0.023379423 -0.123142891 2.818780899
-0.121197917 0.079084456 0.989472866 2.484608650 0.030551948 0.996646106 -0.075915553 -0.161823213 -0.992158055 0.021029511 -0.123207606 2.813811779
-0.120687760 0.074638434 0.989880621 2.526183605 0.030050684 0.996987104 -0.071510457 -0.165057719 -0.992235601 0.021116154 -0.122567095 2.808695316
-0.121254459 0.072869286 0.989943147 2.566881657 0.027901748 0.997157931 -0.069982767 -0.168013513 -0.992229223 0.019135423 -0.122943036 2.804405212
-0.121549405 0.073468298 0.989862680 2.607748032 0.026412303 0.997143209 -0.070765398 -0.171262890 -0.992233932 0.017543061 -0.123142615 2.799558401
-0.121124364 0.078879461 0.989498317 2.648805141 0.027313482 0.996725082 -0.076112114 -0.174369007 -0.992261410 0.017807618 -0.122882172 2.794722557
-0.121637836 0.081406116 0.989230692 2.690174818 0.026576014 0.996540844 -0.078739844 -0.177736521 -0.992218554 0.016712066 -0.123380527 2.790622711
-0.120563127 0.080786124 0.989412963 2.731738091 0.026920486 0.996582627 -0.078091174 -0.180629626 -0.992340565 0.017220562 -0.122325934 2.784881115
-0.119458668 0.074507587 0.990039527 2.773465157 0.028421687 0.997028053 -0.071604162 -0.183854192 -0.992432296 0.019584855 -0.121221289 2.779381990
-0.120386347 0.072359011 0.990086615 2.814947128 0.027998934 0.997190773 -0.069473781 -0.187168837 -0.992332220 0.019357676 -0.122074150 2.774743319
-0.120540164 0.075643584 0.989822268 2.856538534 0.025377305 0.997001588 -0.073101804 -0.190070853 -0.992384076 0.016307319 -0.122098371 2.770124674
-0.121147811 0.078297801 0.989541650 2.897699833 0.024407623 0.996817768 -0.075885355 -0.193765476 -0.992334366 0.014959016 -0.122673362 2.765859365
-0.119293824 0.078087449 0.989783466 2.941704512 0.024403244 0.996831775 -0.075702295 -0.196823388 -0.992559075 0.015123112 -0.120821461 2.759928465
