0.999996364 -0.002252622 -0.001483196 0.000094519 0.002256574 0.999993920 0.002668752 -0.000618761 0.001477176 -0.002672089 0.999995351 0.056550749
0.999992371 -0.002711088 -0.002807804 -0.000614282 0.002721614 0.999989271 0.003751866 -0.001559688 0.002797602 -0.003759479 0.999989033 0.116299726
0.999989986 -0.001804413 -0.004092100 -0.001156582 0.001818481 0.999992430 0.003436947 -0.001877649 0.004085867 -0.003444353 0.999985695 0.167308509
0.999982476 -0.000897910 -0.005849021 -0.001547253 0.000916732 0.999994397 0.003216190 -0.002459219 0.005846101 -0.003221496 0.999977708 0.222785458
0.999974966 -0.000973053 -0.006996579 -0.002218096 0.000996733 0.999993801 0.003381936 -0.003086973 0.006993246 -0.003388825 0.999969780 0.277778000
0.999960780 -0.001100691 -0.008790180 -0.003019627 0.001135147 0.999991715 0.003915809 -0.003790305 0.008785796 -0.003925634 0.999953687 0.332821250
0.999957561 -0.002543276 -0.008855170 -0.005002785 0.002575274 0.999990165 0.003603996 -0.004615489 0.008845915 -0.003626647 0.999954343 0.388622046
0.999924898 -0.003934398 -0.011605068 -0.004689397 0.003974858 0.999986112 0.003465436 -0.005176992 0.011591271 -0.003511305 0.999926567 0.442796946
0.999905229 -0.003954445 -0.013185657 -0.005035268 0.004007103 0.999984086 0.003969605 -0.006077466 0.013169749 -0.004022065 0.999905169 0.498788625
0.999895155 -0.003174387 -0.014128804 -0.006642534 0.003228628 0.999987483 0.003817924 -0.006547892 0.014116509 -0.003863140 0.999892831 0.552080154
0.999902248 -0.000883586 -0.013956325 -0.007886861 0.000936777 0.999992371 0.003805194 -0.006940499 0.013952855 -0.003817897 0.999895334 0.607562780
0.999885082 -0.000527779 -0.015148577 -0.008751204 0.000597675 0.999989212 0.004609883 -0.007259672 0.015145981 -0.004618408 0.999874592 0.660328329
0.999874771 0.000464300 -0.015818793 -0.009712806 -0.000374978 0.999984026 0.005649060 -0.007844856 0.015821163 -0.005642421 0.999858856 0.715409040
0.999868214 0.001089719 -0.016198270 -0.010892020 -0.001002568 0.999984980 0.005387423 -0.008066989 0.016203897 -0.005370474 0.999854267 0.769577444
0.999872863 0.001254823 -0.015892949 -0.012388605 -0.001168371 0.999984443 0.005447740 -0.008691564 0.015899537 -0.005428478 0.999858856 0.823661566
0.999855876 0.002619206 -0.016774522 -0.013190545 -0.002518619 0.999978721 0.006014725 -0.008938039 0.016789921 -0.005971610 0.999841154 0.875840247
0.999859333 0.003084362 -0.016485933 -0.014420006 -0.002969670 0.999971271 0.006976938 -0.009207493 0.016506979 -0.006926999 0.999839723 0.929515898
0.999860227 0.003606558 -0.016325422 -0.015606939 -0.003507355 0.999975264 0.006101175 -0.009982589 0.016347021 -0.006043063 0.999848127 0.980818212
0.999858975 0.004291067 -0.016237959 -0.016762046 -0.004231335 0.999984205 0.003711136 -0.010226995 0.016253626 -0.003641905 0.999861300 1.032975674
0.999879539 0.001925327 -0.015402924 -0.018408703 -0.001885124 0.999994814 0.002624240 -0.010000682 0.015407898 -0.002594888 0.999877930 1.084714890
0.999875605 0.002124444 -0.015626043 -0.018886616 -0.002028738 0.999979079 0.006138036 -0.011292931 0.015638756 -0.006105570 0.999859095 1.138662696
0.999884844 0.001203803 -0.015123474 -0.020924475 -0.001092131 0.999972105 0.007390126 -0.011670073 0.015131951 -0.007372758 0.999858379 1.190114260
0.999887764 -0.000024937 -0.014979674 -0.021339210 0.000125791 0.999977350 0.006731797 -0.012092332 0.014979166 -0.006732926 0.999865115 1.240646124
0.999886572 0.000263335 -0.015054960 -0.021434203 -0.000196683 0.999990106 0.004428592 -0.012257354 0.015055981 -0.004425128 0.999876797 1.291534305
0.999890983 0.001061359 -0.014721716 -0.023260772 -0.001003153 0.999991596 0.003960552 -0.013042142 0.014725795 -0.003945352 0.999883771 1.341209054
0.999904215 0.001379482 -0.013771689 -0.023768941 -0.001337846 0.999994516 0.003032104 -0.013519187 0.013775798 -0.003013389 0.999900520 1.390544295
0.999923348 0.002855386 -0.012043099 -0.024854355 -0.002809132 0.999988616 0.003855887 -0.013806341 0.012053970 -0.003821761 0.999920011 1.437328100
0.999944866 0.002824621 -0.010111214 -0.025836848 -0.002767218 0.999979973 0.005686562 -0.014356020 0.010127073 -0.005658268 0.999932706 1.486474156
0.999960065 0.002827070 -0.008475820 -0.026454818 -0.002765447 0.999969721 0.007273289 -0.015572030 0.008496124 -0.007249559 0.999937654 1.531289458
0.999973536 0.002474169 -0.006842038 -0.026280081 -0.002422398 0.999968469 0.007564529 -0.015755616 0.006860538 -0.007547756 0.999947965 1.580411673
0.999988794 0.003125409 -0.003556221 -0.026571872 -0.003099021 0.999967754 0.007401615 -0.016321411 0.003579240 -0.007390512 0.999966323 1.626172304
0.999999821 0.000570922 -0.000232463 -0.026515361 -0.000569836 0.999989092 0.004643054 -0.016743513 0.000235111 -0.004642921 0.999989152 1.671941400
0.999992311 0.001534219 0.003612609 -0.026941277 -0.001547993 0.999991477 0.003813165 -0.017704587 -0.003606728 -0.003818728 0.999986231 1.716408610
0.999969482 0.001639942 0.007637183 -0.026457898 -0.001670400 0.999990642 0.003983473 -0.017986583 -0.007630578 -0.003996109 0.999962926 1.761329412
0.999910116 0.002232926 0.013220266 -0.026358815 -0.002288691 0.999988616 0.004204554 -0.018674552 -0.013210725 -0.004234433 0.999903798 1.805395484
0.999793828 0.003648765 0.019975519 -0.026008617 -0.003708496 0.999988735 0.002953988 -0.018961892 -0.019964514 -0.003027458 0.999796212 1.849255323
0.999616504 0.004733376 0.027283862 -0.025023248 -0.004810241 0.999984622 0.002752319 -0.019426590 -0.027270414 -0.002882505 0.999623895 1.892592549
0.999351323 0.005718756 0.035553794 -0.023985378 -0.005852762 0.999976158 0.003666171 -0.019947164 -0.035531975 -0.003871881 0.999360979 1.933795571
0.998869181 0.008151954 0.046839304 -0.023297250 -0.008366150 0.999955416 0.004378793 -0.020729210 -0.046801519 -0.004765706 0.998892844 1.976706386
0.998184800 0.010447710 0.059311822 -0.020756103 -0.010713595 0.999933898 0.004166600 -0.020787451 -0.059264373 -0.004794479 0.998230755 2.018575907
0.997219920 0.012568692 0.073446311 -0.017847404 -0.012967895 0.999903560 0.004960939 -0.021413278 -0.073376879 -0.005899591 0.997286737 2.056914806
0.995765388 0.014541894 0.090773635 -0.014797539 -0.015149092 0.999867141 0.006003696 -0.021934038 -0.090674274 -0.007353409 0.995853424 2.102168083
0.994019985 0.014769312 0.108194642 -0.010601774 -0.015598315 0.999854982 0.006819788 -0.022431947 -0.108078241 -0.008466661 0.994106352 2.140148401
0.991737366 0.015193479 0.127381742 -0.006805062 -0.016087478 0.999852598 0.005992320 -0.022832271 -0.127271935 -0.007992059 0.991835654 2.177560091
0.988925695 0.014126624 0.147737250 -0.001253575 -0.014951875 0.999878168 0.004476807 -0.022623025 -0.147656024 -0.006636180 0.989016473 2.216412783
0.985646307 0.011875100 0.168405071 0.004788667 -0.012779075 0.999909222 0.004285060 -0.022970710 -0.168338925 -0.006375616 0.985708535 2.252945423
0.981912255 0.005189459 0.189265326 0.011824727 -0.006565657 0.999956310 0.006644984 -0.023908392 -0.189222604 -0.007767443 0.981903493 2.287215233
0.977015436 0.001403049 0.213164032 0.020581752 -0.003132014 0.999964893 0.007773478 -0.023913406 -0.213145658 -0.008262439 0.976985455 2.328763247
0.971427202 -0.003177993 0.237316698 0.029214740 0.001505565 0.999972761 0.007228141 -0.024185151 -0.237333208 -0.006664316 0.971405506 2.365504503
0.965102077 -0.010003718 0.261682749 0.039156318 0.008908548 0.999945879 0.005371074 -0.024670839 -0.261722296 -0.002852421 0.965139031 2.399862528
0.957337081 -0.012786475 0.288690567 0.049558759 0.011594590 0.999915779 0.005838316 -0.024485687 -0.288740873 -0.002241989 0.957404613 2.435716152
0.948774874 -0.015321962 0.315581232 0.060786903 0.013475007 0.999876916 0.008033835 -0.024970954 -0.315665513 -0.003369841 0.948864579 2.469781399
0.939080477 -0.020982141 0.343056321 0.073208809 0.018366404 0.999772131 0.010872351 -0.025419148 -0.343206316 -0.003909301 0.939251900 2.502744198
0.928276837 -0.024571111 0.371077448 0.086648405 0.022287214 0.999697030 0.010442471 -0.025898440 -0.371221632 -0.001423222 0.928543270 2.534890890
0.915552378 -0.022600852 0.401563406 0.098396182 0.021803863 0.999740720 0.006555422 -0.025748100 -0.401607484 0.002753802 0.915807843 2.567493916
0.902656853 -0.022486560 0.429773003 0.114185572 0.025114037 0.999684513 -0.000441852 -0.024005163 -0.429627389 0.011192177 0.902936876 2.599143982
0.888163269 -0.024237514 0.458888352 0.129614294 0.028753668 0.999582410 -0.002855942 -0.024387633 -0.458627552 0.015731264 0.888489306 2.629898548
0.872858107 -0.024895551 0.487338603 0.147525191 0.028464785 0.999594808 0.000081559 -0.024611976 -0.487143189 0.013800800 0.873212993 2.659376383
0.854808569 -0.023692582 0.518402338 0.165024519 0.024175767 0.999690831 0.005824817 -0.025256289 -0.518379927 0.007553672 0.855117023 2.690320015
0.834465861 -0.024366131 0.550520658 0.183004737 0.021588998 0.999700546 0.011522825 -0.028014975 -0.550636530 0.002269786 0.834742010 2.719820261
0.813274920 -0.018154819 0.581596434 0.202458739 0.018186169 0.999817908 0.005779195 -0.027308118 -0.581595421 0.005876937 0.813457012 2.747313976
0.790992618 -0.011139338 0.611724436 0.221926808 0.015776616 0.999873161 -0.002192584 -0.026692074 -0.611622512 0.011385257 0.791067898 2.774269342
0.768999279 -0.008328192 0.639195383 0.244712949 0.015167761 0.999871314 -0.005220432 -0.026232131 -0.639069676 0.013709671 0.769026756 2.800636768
0.746124029 -0.010634692 0.665722013 0.267985821 0.016246360 0.999865532 -0.002235973 -0.026596721 -0.665608704 0.012483872 0.746196568 2.825038910
0.721374154 -0.012168616 0.692438543 0.289775610 0.017314121 0.999849975 -0.000466713 -0.028356565 -0.692328930 0.012325637 0.721476734 2.848331928
0.695321679 -0.008398424 0.718649685 0.312488437 0.017789522 0.999826491 -0.005527690 -0.026427669 -0.718478441 0.016627960 0.695350289 2.871612072
0.668958247 -0.006916286 0.743267834 0.336485147 0.018116903 0.999811351 -0.007002148 -0.027973711 -0.743079126 0.018149855 0.668957293 2.893272161
0.641404927 -0.004094431 0.767191648 0.362094045 0.016604897 0.999825656 -0.008546426 -0.027956335 -0.767022789 0.018220855 0.641361117 2.915934086
0.612796128 -0.001656400 0.790239275 0.388094306 0.017298937 0.999786377 -0.011318948 -0.027108107 -0.790051639 0.020606510 0.612693787 2.937450886
0.583889186 0.003549511 0.811825693 0.415409446 0.014554348 0.999783933 -0.014839233 -0.030730857 -0.811702967 0.020480063 0.583711326 2.957092762
0.554119229 0.012003772 0.832350791 0.442971826 0.013309138 0.999640524 -0.023276614 -0.032817148 -0.832330883 0.023975890 0.553760171 2.975170612
0.523554742 0.021884322 0.851710856 0.471891761 0.012727935 0.999357522 -0.033502005 -0.031861681 -0.851896942 0.028380657 0.522939801 2.992627621
0.492919266 0.027056590 0.869654298 0.501059175 0.011717511 0.999219239 -0.037729077 -0.031862058 -0.869996130 0.028787572 0.492217362 3.007529020
0.459919900 0.025688918 0.887588799 0.531655788 0.008811042 0.999400198 -0.033490602 -0.035088167 -0.887916684 0.023223581 0.459417731 3.024477959
0.425923496 0.025135500 0.904409945 0.563170075 0.004339403 0.999545872 -0.029823130 -0.035874173 -0.904748738 0.016626973 0.425621033 3.040653467
0.391962230 0.026361126 0.919603586 0.595018744 0.001254370 0.999573171 -0.029188165 -0.036590967 -0.919980407 0.012594183 0.391761839 3.054016829
0.357085168 0.029247256 0.933613777 0.627227843 -0.006607679 0.999563754 -0.028785985 -0.038647264 -0.934048533 0.004110026 0.357122660 3.066302776
0.319906294 0.030952046 0.946943462 0.659991205 -0.011253676 0.999519885 -0.028868737 -0.039922908 -0.947382271 -0.001421305 0.320101053 3.079649448
0.284151673 0.031126950 0.958273947 0.694518864 -0.013214046 0.999505103 -0.028547945 -0.040427029 -0.958688259 -0.004550728 0.284422398 3.089697361
0.247145444 0.029918632 0.968516409 0.728436232 -0.014174453 0.999527872 -0.027259579 -0.042421114 -0.968874693 -0.006991108 0.247452870 3.099378824
0.211337253 0.029554751 0.976966262 0.763356626 -0.013322772 0.999536872 -0.027355568 -0.043624464 -0.977322400 -0.007234647 0.211633161 3.106902361
0.176059633 0.028179154 0.983976007 0.798871696 -0.011043975 0.999583840 -0.026650069 -0.044822950 -0.984317660 -0.006175004 0.176297545 3.113226414
0.141831994 0.027506642 0.989508450 0.835386932 -0.002682096 0.999620914 -0.027403308 -0.046138488 -0.989887118 0.001232708 0.141851991 3.118010283
0.107889220 0.030726960 0.993687928 0.870458305 -0.000429074 0.999523580 -0.030860823 -0.047626112 -0.994162858 0.002903185 0.107851014 3.121902704
0.075416595 0.035832614 0.996508062 0.906722367 0.000853178 0.999351323 -0.035999425 -0.049002130 -0.997151732 0.003565153 0.075337112 3.124608517
0.046322417 0.039639793 0.998139739 0.943221629 0.007358844 0.999171674 -0.040022291 -0.050633755 -0.998899400 0.009199086 0.045992341 3.126207113
0.020969018 0.037628125 0.999071777 0.979994595 0.009492883 0.999238968 -0.037833661 -0.052157506 -0.999734998 0.010277406 0.020595865 3.126835108
-0.001609715 0.034904603 0.999389350 1.017840147 0.011186236 0.999328732 -0.034884471 -0.053763479 -0.999936163 0.011123251 -0.001999086 3.126914501
-0.020521501 0.032520119 0.999260485 1.054871798 0.011855668 0.999408484 -0.032281466 -0.055218644 -0.999719143 0.011184436 -0.020894911 3.126428843
-0.036945090 0.035418559 0.998689532 1.092514157 0.013687502 0.999295890 -0.034933720 -0.056964103 -0.999223471 0.012378933 -0.037403874 3.124897957
-0.051426440 0.040299144 0.997863352 1.129840493 0.016224803 0.999087334 -0.039512403 -0.057953127 -0.998544931 0.014158154 -0.052033346 3.122837067
-0.063451812 0.044682812 0.996984065 1.166865349 0.020889711 0.998837709 -0.043436393 -0.060315039 -0.997766256 0.018070592 -0.064311482 3.120442152
-0.072131895 0.048385896 0.996220767 1.204452753 0.026774503 0.998556554 -0.046560716 -0.062053427 -0.997035682 0.023314808 -0.073323272 3.117326975
-0.077926658 0.053619504 0.995516181 1.241441131 0.029430391 0.998241127 -0.051462539 -0.064300939 -0.996524632 0.025288126 -0.079367645 3.114334583
-0.081430390 0.058870513 0.994938850 1.279708743 0.031190537 0.997915506 -0.056493871 -0.066227943 -0.996190906 0.026432358 -0.083096862 3.110909224
-0.084388472 0.062499788 0.994470894 1.317406893 0.034007847 0.997630179 -0.059812512 -0.068875514 -0.995852530 0.028772326 -0.086313941 3.107929468
-0.087183893 0.065863706 0.994012594 1.355274200 0.034555815 0.997411549 -0.063058056 -0.071055010 -0.995592713 0.028851265 -0.089234181 3.104846478
-0.089313738 0.068686649 0.993632376 1.391706228 0.035227314 0.997213006 -0.065767720 -0.074490771 -0.995380342 0.029129041 -0.091484442 3.100751877
-0.091570936 0.072396077 0.993163347 1.430815458 0.037417751 0.996899545 -0.069218464 -0.077379167 -0.995095253 0.030823544 -0.093995921 3.097718716
-0.093557306 0.073420867 0.992902994 1.468343616 0.039859142 0.996753812 -0.069949865 -0.080630325 -0.994815648 0.033031937 -0.096180096 3.093671560
-0.096626125 0.072356991 0.992687106 1.506102443 0.039810944 0.996836901 -0.068784341 -0.083140381 -0.994524181 0.032873452 -0.099201083 3.091417313
-0.097805381 0.071753502 0.992615521 1.546199322 0.039115962 0.996903896 -0.068209268 -0.086513981 -0.994436681 0.032155879 -0.100309260 3.086180925
-0.099745601 0.073395036 0.992302418 1.584755778 0.039390974 0.996785223 -0.069767058 -0.089222141 -0.994233012 0.032128800 -0.102316067 3.081809282
-0.102823660 0.075048767 0.991864443 1.621903181 0.038256411 0.996710241 -0.071449488 -0.092504404 -0.993963718 0.030598473 -0.105356485 3.078743696
-0.105570368 0.077524260 0.991385281 1.662928343 0.035931155 0.996602774 -0.074106015 -0.095395848 -0.993762434 0.027798222 -0.107997254 3.074729919
-0.107763827 0.081317626 0.990845263 1.702480078 0.034305561 0.996359825 -0.078039140 -0.098390207 -0.993584454 0.025581708 -0.110161185 3.070080280
-0.111146390 0.084814832 0.990178227 1.740230083 0.030648904 0.996170163 -0.081887774 -0.101920500 -0.993331313 0.021246348 -0.113320209 3.067891121
-0.112955086 0.087567568 0.989733815 1.780620098 0.027876984 0.995995998 -0.084940113 -0.105231427 -0.993208945 0.017996376 -0.114943951 3.062061071
-0.115236014 0.086151980 0.989595115 1.820827246 0.024701633 0.996172309 -0.083848134 -0.108813688 -0.993030965 0.014782291 -0.116923034 3.057089329
-0.119853511 0.082263514 0.989377558 1.859759092 0.022096135 0.996535361 -0.080181934 -0.112077497 -0.992545724 0.012251334 -0.121255971 3.054458857
-0.120740645 0.080265597 0.989433706 1.900623322 0.023142369 0.996682405 -0.078029558 -0.115551293 -0.992414236 0.013476501 -0.122197628 3.047772169
-0.122957066 0.080642931 0.989130020 1.940474272 0.023014894 0.996656597 -0.078395613 -0.118850306 -0.992145061 0.013125425 -0.124401949 3.043086529
-0.124965452 0.083903119 0.988607049 1.979483366 0.023518654 0.996388376 -0.081590623 -0.121968880 -0.991882324 0.013054699 -0.126487404 3.038732767
-0.124785244 0.086625405 0.988395035 2.020853043 0.023709565 0.996157289 -0.084312364 -0.125798628 -0.991900384 0.012913478 -0.126359567 3.032828569
-0.124511421 0.087506317 0.988351882 2.062113523 0.023169437 0.996088266 -0.085272394 -0.129137605 -0.991947591 0.012282168 -0.126051828 3.027260065
-0.124286495 0.085252896 0.988577068 2.102655888 0.021053895 0.996304393 -0.083272330 -0.133531064 -0.992022932 0.010463770 -0.125622094 3.022151947
-0.124283880 0.084867015 0.988610685 2.144088268 0.017289506 0.996369541 -0.083359517 -0.136837512 -0.992096066 0.006732348 -0.125300005 3.016761303
-0.124352284 0.086273938 0.988480330 2.184984446 0.013544423 0.996267557 -0.085249700 -0.140492305 -0.992145598 0.002787400 -0.125056684 3.012387753
-0.124157801 0.086574085 0.988478482 2.226776838 0.008990612 0.996243834 -0.086124927 -0.144163132 -0.992221653 -0.001806055 -0.124469802 3.006924391
-0.125693381 0.085604079 0.988368869 2.268557310 0.005547139 0.996315300 -0.085586876 -0.148511469 -0.992053568 -0.005275086 -0.125705108 3.003334045
-0.125517964 0.080924086 0.988785386 2.309772968 0.006158497 0.996712148 -0.080791041 -0.151617393 -0.992072225 -0.004051298 -0.125603676 2.997791290
-0.125649199 0.072032318 0.989456177 2.350990295 0.009133497 0.997402370 -0.071450926 -0.155287847 -0.992032766 0.000059442 -0.125980720 2.992399931
-0.126454398 0.067290694 0.989687443 2.391916990 0.014159469 0.997717261 -0.066027485 -0.157997772 -0.991871357 0.005663980 -0.127118528 2.987513065
-0.124077640 0.069530077 0.989833415 2.436031103 0.023496995 0.997468114 -0.067120962 -0.161388844 -0.991994202 0.014929901 -0.125397265 2.980829954
-0.123013675 0.074853808 0.989577949 2.477202892 0.029754344 0.996981204 -0.071715072 -0.164254501 -0.991958857 0.020622306 -0.124869563 2.975332737
-0.121500827 0.080267489 0.989340484 2.520056248 0.033911902 0.996478677 -0.076681904 -0.167717665 -0.992011845 0.024233501 -0.123795010 2.969237328
-0.121319264 0.085367449 0.988935828 2.562631369 0.033782270 0.996072829 -0.081839226 -0.171198696 -0.992038429 0.023479825 -0.123726718 2.964946032
-0.121705003 0.082885757 0.989099503 2.603988886 0.030726768 0.996344149 -0.079712056 -0.174369395 -0.992090642 0.020690475 -0.123806879 2.959859371
-0.121578515 0.078500226 0.989472747 2.647648573 0.029558243 0.996711910 -0.075442672 -0.177628756 -0.992141545 0.020074869 -0.123499073 2.954760551
-0.121244393 0.075843096 0.989720941 2.691142559 0.027943112 0.996942341 -0.072973333 -0.181812942 -0.992229283 0.018808272 -0.122992955 2.949712753
-0.119281352 0.077456638 0.989834547 2.733978271 0.026973367 0.996837080 -0.074754141 -0.184676051 -0.992493987 0.017782392 -0.120993353 2.943227530
-0.120191202 0.081856035 0.989370346 2.775353193 0.027230598 0.996491671 -0.079137184 -0.188509852 -0.992377341 0.017429546 -0.121998511 2.939121485
-0.119560704 0.084561817 0.989219248 2.817745209 0.026305014 0.996286154 -0.081986621 -0.191849947 -0.992478371 0.016219046 -0.121341087 2.934007168
-0.119891770 0.083518282 0.989267886 2.862496138 0.026035300 0.996376991 -0.080963187 -0.195602804 -0.992445529 0.016049061 -0.121631861 2.929202557
-0.119037651 0.076622240 0.989928901 2.905297756 0.028279813 0.996874988 -0.073759280 -0.199548662 -0.992486954 0.019214872 -0.120832525 2.923976898
-0.119532086 0.075487055 0.989956439 2.949247360 0.027299620 0.996978223 -0.072726198 -0.202632174 -0.992454886 0.018332327 -0.121231653 2.918740511
-0.119140409 0.078213237 0.989792049 2.992356777 0.024089681 0.996826708 -0.075869471 -0.206071019 -0.992585123 0.014804658 -0.120646484 2.913907528
-0.119245186 0.081243940 0.989535213 3.035433054 0.023825658 0.996593654 -0.078952305 -0.209713340 -0.992578864 0.014161646 -0.120774679 2.908969164
-0.119102150 0.080956191 0.989576042 3.079776764 0.022866966 0.996629655 -0.078781039 -0.213105679 -0.992618620 0.013245610 -0.120551944 2.903919935
-0.118800700 0.077436611 0.989893913 3.123424292 0.022849223 0.996903419 -0.075242728 -0.216789216 -0.992655158 0.013679414 -0.120202176 2.898650646
-0.118236586 0.076309986 0.990048945 3.167676449 0.023301477 0.996981442 -0.074061535 -0.220504791 -0.992711961 0.014312819 -0.119657815 2.893698454
-0.116865203 0.076445930 0.990201294 3.211910725 0.024625558 0.996949673 -0.074060574 -0.224069402 -0.992842555 0.015729157 -0.118391231 2.888259411
-0.116270460 0.076447688 0.990271151 3.256853580 0.026647959 0.996914625 -0.073831737 -0.227794826 -0.992860019 0.017804258 -0.117948897 2.883183479
-0.115169674 0.075860538 0.990444899 3.301209211 0.026408769 0.996961057 -0.073288791 -0.231325716 -0.992994726 0.017715784 -0.116823062 2.878023148
-0.113133460 0.077053882 0.990587533 3.345697880 0.027784213 0.996843815 -0.074367352 -0.234387547 -0.993191302 0.019109257 -0.114917271 2.872247458
-0.112536848 0.075434551 0.990780056 3.391222954 0.027462998 0.996969283 -0.072786435 -0.237919480 -0.993268073 0.019018633 -0.114267454 2.867722034
-0.110475942 0.074479304 0.991084218 3.436802864 0.026721234 0.997050285 -0.071949042 -0.241604567 -0.993519545 0.018534355 -0.112140261 2.862236023
-0.110189617 0.074826844 0.991089880 3.481683254 0.026319910 0.997032046 -0.072349206 -0.244232774 -0.993562043 0.018113267 -0.111832008 2.857655764
-0.108620852 0.074891016 0.991258204 3.527336121 0.025085811 0.997047126 -0.072579503 -0.248476416 -0.993766785 0.016982866 -0.110178798 2.853424311
-0.106537998 0.076842695 0.991334856 3.572920084 0.026090302 0.996882021 -0.074468762 -0.252557278 -0.993966222 0.017930472 -0.108210653 2.847990036
-0.104321100 0.075747862 0.991654873 3.615145445 0.022135109 0.997025192 -0.073829494 -0.255655169 -0.994297266 0.014248415 -0.105687477 2.841289997
-0.103497572 0.075499162 0.991760135 3.664582253 0.021282243 0.997054756 -0.073681265 -0.258434623 -0.994401991 0.013481047 -0.104799531 2.837994814
-0.103663571 0.076613829 0.991657317 3.709791183 0.016726861 0.997022092 -0.075279742 -0.261698425 -0.994471669 0.008783547 -0.104636393 2.832230568
-0.103522405 0.075727738 0.991740108 3.756122112 0.012504426 0.997117579 -0.074833095 -0.265642047 -0.994548559 0.004654239 -0.104170956 2.826687813
-0.105251700 0.072760388 0.991780341 3.799478531 0.011643920 0.997341454 -0.071932703 -0.269322127 -0.994377434 0.003977172 -0.105819091 2.823415518
-0.107658595 0.071552359 0.991609812 3.845999241 0.008236208 0.997436702 -0.071078613 -0.272736698 -0.994153798 0.000514881 -0.107971951 2.819232464
-0.107415117 0.070750803 0.991693676 3.892339945 0.007366696 0.997493982 -0.070366710 -0.276293308 -0.994186938 -0.000252941 -0.107667118 2.813601255
-0.109028436 0.070846044 0.991510808 3.937469482 0.008311735 0.997487187 -0.070359088 -0.279821992 -0.994003832 0.000570033 -0.109343305 2.808586597
-0.112043202 0.069455214 0.991273165 3.984366655 0.006655193 0.997584403 -0.069145203 -0.283461124 -0.993681014 -0.001150134 -0.112234801 2.804190874
-0.115424044 0.064196885 0.991239667 4.029290676 0.004425386 0.997932792 -0.064115047 -0.287071764 -0.993306518 -0.003013800 -0.115469530 2.799269438
-0.119322471 0.064740472 0.990742505 4.078166008 0.003275282 0.997892022 -0.064813182 -0.290403485 -0.992850125 -0.004488708 -0.119282976 2.793590069
-0.126143217 0.071246944 0.989450216 4.124136925 -0.002816541 0.997387886 -0.072177589 -0.293448508 -0.992008150 -0.011891538 -0.125613034 2.788920641
-0.132046461 0.073540993 0.988511741 4.170953751 -0.000907727 0.997234702 -0.074311212 -0.297499716 -0.991243124 -0.010709831 -0.131614566 2.782180071
-0.140802041 0.069445968 0.987599134 4.217072487 0.000350373 0.997540295 -0.070095032 -0.301350951 -0.990037739 -0.009523496 -0.140480027 2.775509596
-0.152354360 0.067162968 0.986041248 4.262585163 0.003100364 0.997715831 -0.067479141 -0.304940641 -0.988321066 -0.007223655 -0.152214587 2.769123554
-0.166291356 0.068154402 0.983718514 4.308129311 0.002948299 0.997638524 -0.068620421 -0.308389515 -0.986072242 -0.008510686 -0.166099593 2.762553930
-0.178191483 0.069148548 0.981563210 4.353595734 0.005945331 0.997585237 -0.069197938 -0.311351895 -0.983977854 -0.006494766 -0.178172275 2.752837181
-0.192684263 0.066630296 0.978996038 4.397896290 0.006975073 0.997759759 -0.066534527 -0.314880729 -0.981235981 -0.005991585 -0.192717344 2.744150877
-0.208090186 0.069854595 0.975611985 4.443072319 0.010221748 0.997547269 -0.069244973 -0.318083555 -0.978056192 -0.004436738 -0.208293885 2.734754086
-0.222614139 0.072710402 0.972191453 4.487098217 0.011427283 0.997340977 -0.071974710 -0.321887910 -0.974839568 -0.004913079 -0.222853094 2.724492550
-0.238538802 0.076471336 0.968117416 4.529459953 0.009774897 0.997033417 -0.076346919 -0.325581461 -0.971083760 -0.008748455 -0.238578647 2.714692116
-0.255094975 0.075376883 0.963973403 4.572937965 0.006695305 0.997070551 -0.076193079 -0.328449845 -0.966892838 -0.012982379 -0.254852295 2.704066992
-0.271265179 0.068353854 0.960074425 4.615704536 0.000393269 0.997482896 -0.070906080 -0.333059013 -0.962504506 -0.018856786 -0.270609260 2.692700624
-0.287232488 0.065109983 0.955645442 4.658750057 -0.002392451 0.997635186 -0.068689920 -0.336140662 -0.957857788 -0.022016311 -0.286397517 2.680741310
-0.301439315 0.066023193 0.951196730 4.699803352 -0.004771890 0.997482777 -0.070748173 -0.339894235 -0.953473449 -0.025865285 -0.300365478 2.667533875
-0.316465080 0.067547046 0.946196258 4.741338253 -0.005263600 0.997321129 -0.072957225 -0.343423694 -0.948589623 -0.028068811 -0.315261811 2.654422283
-0.330418020 0.070142120 0.941224694 4.781786919 -0.003966174 0.997122884 -0.075700097 -0.346854597 -0.943826258 -0.028745737 -0.329189241 2.640554428
-0.345088214 0.070235454 0.935938656 4.822291374 -0.001739160 0.997146666 -0.075469896 -0.350242347 -0.938568592 -0.027671523 -0.343981415 2.626482487
-0.358555794 0.068049528 0.931024730 4.863046646 -0.001645919 0.997291803 -0.073526941 -0.354226738 -0.933506846 -0.027895899 -0.357472748 2.610789776
-0.373733401 0.066943228 0.925117254 4.902626038 -0.001867551 0.997335732 -0.072923556 -0.357493699 -0.927534223 -0.028981671 -0.372612655 2.595384121
-0.387932867 0.067614838 0.919204116 4.943642616 -0.003195758 0.997200847 -0.074700840 -0.361861795 -0.921682060 -0.031916458 -0.386630952 2.578470230
-0.403382957 0.069522813 0.912386298 4.982532978 -0.002283223 0.997029841 -0.076982021 -0.365641594 -0.915028334 -0.033136413 -0.402026147 2.562321663
-0.418186069 0.071447544 0.905547082 5.023391724 -0.001256994 0.996855378 -0.079232246 -0.369030207 -0.908360481 -0.034272093 -0.416781276 2.544025421
-0.433017850 0.073332503 0.898397386 5.062754631 0.001344094 0.996736586 -0.080711685 -0.373425841 -0.901384354 -0.033742070 -0.431703359 2.525475502
-0.447200805 0.077298574 0.891087174 5.102843285 0.001228665 0.996310771 -0.085809715 -0.376753330 -0.894432724 -0.037279326 -0.445646018 2.505671501
-0.461707234 0.079661570 0.883448064 5.141454697 0.003161512 0.996100605 -0.088167317 -0.380920649 -0.887026727 -0.037914455 -0.460158676 2.485517502
-0.477839142 0.077027306 0.875063717 5.181824684 0.001690713 0.996226907 -0.086769432 -0.384843230 -0.878445745 -0.039982352 -0.476166487 2.465085506
-0.493601590 0.072115183 0.866693079 5.218984604 -0.001827956 0.996467829 -0.083954468 -0.389196128 -0.869686246 -0.043024331 -0.491726398 2.443940163
-0.509842753 0.072969072 0.857167363 5.259443283 -0.001398175 0.996324599 -0.085646898 -0.392609656 -0.860266507 -0.044864919 -0.507866800 2.421403646
-0.525713861 0.071470760 0.847653687 5.296971798 -0.003007938 0.996301770 -0.085869692 -0.397008121 -0.850656211 -0.047692582 -0.523554742 2.398144245
-0.541237652 0.070841722 0.837880075 5.333618641 -0.003009421 0.996275246 -0.086177796 -0.400706351 -0.840864301 -0.049164210 -0.539008617 2.374789238
-0.557179987 0.071312390 0.827323914 5.374238968 -0.003833295 0.996074140 -0.088439688 -0.404389083 -0.830382884 -0.052448213 -0.554719269 2.349616051
-0.572493076 0.069401883 0.816966951 5.407609940 -0.004915136 0.996102691 -0.088063888 -0.408681035 -0.819894850 -0.054431468 -0.569920719 2.325748205
-0.587284446 0.066810258 0.806618512 5.442823410 -0.005286125 0.996249437 -0.086365677 -0.412635624 -0.809363425 -0.054985106 -0.584728718 2.300024509
-0.602234721 0.063817784 0.795764148 5.478765011 -0.004323696 0.996524215 -0.083190292 -0.416503698 -0.798307359 -0.053540725 -0.599865675 2.274060249
-0.617212296 0.062222000 0.784332454 5.516884804 -0.003667471 0.996629655 -0.081949830 -0.420256406 -0.786788106 -0.053456947 -0.614903867 2.244163513
-0.631380618 0.060705077 0.773093343 5.551339149 -0.004252266 0.996645272 -0.081731707 -0.424042702 -0.775461376 -0.054891206 -0.629004419 2.216117382
-0.646579444 0.061197665 0.760387897 5.586101532 -0.005622001 0.996367574 -0.084970362 -0.428709328 -0.762825966 -0.059214983 -0.643886685 2.187437534
-0.661578298 0.060937062 0.747395933 5.619280815 -0.007286018 0.996123374 -0.087665834 -0.432166398 -0.749840677 -0.063443355 -0.658569574 2.158263922
-0.677377045 0.057186965 0.733409822 5.653323174 -0.010002446 0.996165633 -0.086913362 -0.436435491 -0.735567987 -0.066208996 -0.674207747 2.127782345
-0.693466067 0.049575418 0.718781650 5.686264038 -0.013462303 0.996564269 -0.081722640 -0.440738440 -0.720363498 -0.066348344 -0.690415978 2.097043037
-0.710432649 0.047093272 0.702187777 5.719045162 -0.014118329 0.996604085 -0.081122838 -0.444780171 -0.703623593 -0.067546025 -0.707355201 2.065054178
-0.727938712 0.044504832 0.684196413 5.751962662 -0.015864726 0.996530652 -0.081700198 -0.448707521 -0.685458660 -0.070327319 -0.724707067 2.031738281
-0.745325327 0.040686846 0.665458322 5.783925056 -0.018836647 0.996452451 -0.082021579 -0.452725768 -0.666434765 -0.073667757 -0.741914928 1.997657895
-0.761889279 0.038588118 0.646556675 5.813347816 -0.018041395 0.996572077 -0.080737516 -0.457210213 -0.647455871 -0.073177844 -0.758581519 1.964091182
-0.777992070 0.039771087 0.627014041 5.844768047 -0.017547380 0.996229529 -0.084962785 -0.460899651 -0.628028989 -0.077102818 -0.774360836 1.926985383
-0.793179095 0.039653998 0.607695997 5.872727394 -0.012975029 0.996550918 -0.081963271 -0.465179324 -0.608850181 -0.072896414 -0.789928794 1.891759634
-0.807336271 0.041159753 0.588654339 5.900970459 -0.008890466 0.996602774 -0.081877448 -0.469587237 -0.590024650 -0.071336038 -0.804227531 1.853404045
-0.821633518 0.041738164 0.568485916 5.927384377 -0.007886089 0.996387899 -0.084552437 -0.473671257 -0.569961548 -0.073954254 -0.818336487 1.815990925
-0.835226953 0.043881994 0.548151612 5.952837467 -0.005855777 0.996044755 -0.088660352 -0.477966934 -0.549874187 -0.077261358 -0.831666410 1.778164744
-0.848011136 0.043983139 0.528150141 5.978335381 -0.003221952 0.996104062 -0.088126518 -0.482666194 -0.529968619 -0.076433942 -0.844565630 1.738056302
-0.859681129 0.042654369 0.509047091 6.001694202 -0.001436614 0.996301949 -0.085908860 -0.486398488 -0.510829031 -0.074585527 -0.856440663 1.699262738
-0.870083213 0.043940555 0.490942389 6.025419235 0.001070619 0.996184766 -0.087263554 -0.491448939 -0.492903709 -0.075400941 -0.866810501 1.657717943
-0.879337132 0.045187183 0.474050850 6.046850204 0.002580158 0.995925069 -0.090146936 -0.496874869 -0.476192623 -0.078046434 -0.875870645 1.617278695
-0.888495088 0.046114150 0.456563085 6.071397305 0.003316856 0.995557308 -0.094099320 -0.497929275 -0.458873987 -0.082092434 -0.884700775 1.574451327
-0.896257699 0.043615431 0.441383868 6.090710640 0.002632291 0.995658755 -0.093041189 -0.502849460 -0.443525702 -0.082227021 -0.892481744 1.533475995
-0.903981686 0.040067203 0.425689667 6.113648415 0.001078330 0.995810151 -0.091438770 -0.509983718 -0.427569747 -0.082199931 -0.900237322 1.490630031
-0.910558283 0.039596580 0.411479920 6.134177208 0.001400657 0.995691776 -0.092715569 -0.512603462 -0.413378388 -0.083846577 -0.906690717 1.446746707
-0.916825652 0.037211608 0.397550076 6.152851105 0.000583322 0.995771587 -0.091861278 -0.517004609 -0.399287403 -0.083988875 -0.912970603 1.404947400
-0.922628999 0.032593608 0.384308964 6.171666622 -0.001472352 0.996117949 -0.088016450 -0.521569729 -0.385685861 -0.081772365 -0.918999314 1.361717463
-0.927269936 0.029103236 0.373260438 6.190341949 -0.002639686 0.996441126 -0.084250428 -0.526970863 -0.374384016 -0.079108194 -0.923893034 1.315507650
-0.931473494 0.028111175 0.362721622 6.207626343 -0.001701163 0.996662855 -0.081610672 -0.530611932 -0.363805354 -0.076635219 -0.928317070 1.271141529
-0.934627593 0.033033181 0.354090512 6.223895073 0.003560985 0.996496141 -0.083564021 -0.534991562 -0.355610192 -0.076840334 -0.931470335 1.228558898
-0.936937451 0.038386371 0.347382665 6.241796970 0.009602874 0.996402204 -0.084203906 -0.539823055 -0.349365175 -0.075557910 -0.933935225 1.182838678
-0.938568413 0.041897770 0.342540354 6.257766724 0.012861101 0.996159613 -0.086605400 -0.544178963 -0.344853461 -0.076879650 -0.935502946 1.138337016
-0.940421641 0.039365724 0.337723792 6.274065495 0.011401216 0.996367514 -0.084390789 -0.549332201 -0.339819133 -0.075512469 -0.937454522 1.093704820
-0.942535639 0.031293992 0.332636744 6.290824890 0.004312912 0.996660590 -0.081543624 -0.552925348 -0.334077716 -0.075423151 -0.939522982 1.049253345
-0.944893956 0.025224198 0.326403528 6.309093475 -0.000794127 0.996847749 -0.079334475 -0.557419419 -0.327375710 -0.075221866 -0.941895306 1.003616095
-0.946058989 0.018727055 0.323452741 6.323331833 -0.008177527 0.996629953 -0.081620470 -0.560924113 -0.323891222 -0.079862826 -0.942717671 0.960101604
-0.947595954 0.015747434 0.319082767 6.339336872 -0.011890830 0.996353745 -0.084485061 -0.564901590 -0.319249690 -0.083851874 -0.943953753 0.914543509
-0.948320329 0.015900778 0.316915810 6.354808807 -0.012294838 0.996152401 -0.086770818 -0.569524109 -0.317076176 -0.086182974 -0.944476187 0.869559169
-0.948486149 0.015946940 0.316416919 6.369676590 -0.013072736 0.995911837 -0.089379080 -0.573324203 -0.316548675 -0.088911265 -0.944400191 0.826144338
-0.948349178 0.019765131 0.316611886 6.384832382 -0.009323209 0.995889366 -0.090096250 -0.578618705 -0.317091107 -0.088394560 -0.944266677 0.780188203
-0.948206306 0.020168101 0.317014217 6.400312901 -0.009480849 0.995741010 -0.091705665 -0.582976282 -0.317513615 -0.089961469 -0.943976700 0.735727906
-0.948000073 0.020712918 0.317595422 6.416334629 -0.009454219 0.995607018 -0.093151622 -0.588104963 -0.318129629 -0.091310360 -0.943639755 0.690667868
-0.947139561 0.022455834 0.320034951 6.430485725 -0.007499467 0.995725095 -0.092061453 -0.593029678 -0.320734113 -0.089595146 -0.942922354 0.648955584
-0.946549773 0.020442542 0.321909279 6.446445942 -0.009870663 0.995686650 -0.092254095 -0.597688794 -0.322406590 -0.090500548 -0.942265153 0.605074048
-0.945318699 0.019786611 0.325547636 6.461796284 -0.011103551 0.995626986 -0.092755906 -0.602064312 -0.325959384 -0.091298625 -0.940965116 0.561672568
-0.943987250 0.016278040 0.329580247 6.477276802 -0.014416901 0.995794356 -0.090475507 -0.607017517 -0.329666913 -0.090159267 -0.939782500 0.518893123
-0.941719413 0.017320406 0.335953385 6.492891788 -0.012783609 0.996109724 -0.087189458 -0.611006618 -0.336156577 -0.086402692 -0.937834442 0.475165486
-0.939275801 0.013368091 0.342902750 6.508778572 -0.016894892 0.996227741 -0.085116364 -0.615162611 -0.342747092 -0.085741028 -0.935506761 0.432561278
-0.936736584 0.015778879 0.349679500 6.525156498 -0.014855982 0.996291161 -0.084753327 -0.619566083 -0.349719971 -0.084586352 -0.933027923 0.389505863
-0.933472097 0.015870644 0.358298570 6.541548252 -0.015675249 0.996260345 -0.084967427 -0.623745680 -0.358307183 -0.084931128 -0.929732680 0.347318769
-0.929771543 0.018548159 0.367669374 6.558285713 -0.014484489 0.996113360 -0.086880602 -0.628326416 -0.367851853 -0.086104624 -0.925889313 0.304707527
-0.925586343 0.020635363 0.377973646 6.575882435 -0.013040211 0.996182144 -0.086319305 -0.632268190 -0.378311843 -0.084824823 -0.921783566 0.262317657
-0.920876920 0.022704432 0.389191478 6.593446255 -0.012573696 0.996053576 -0.087858185 -0.636345744 -0.389650345 -0.085800149 -0.916957498 0.221914768
-0.914961457 0.025319960 0.402745903 6.611947060 -0.011750603 0.995934904 -0.089307860 -0.640587270 -0.403369904 -0.086445764 -0.910944521 0.179192305
-0.909041643 0.027199894 0.415816545 6.632213116 -0.010443455 0.996066809 -0.087986976 -0.645932674 -0.416574389 -0.084326394 -0.905182242 0.135238409
-0.903008819 0.025967764 0.428836495 6.651835442 -0.012072173 0.996243715 -0.085747130 -0.650119364 -0.429452389 -0.082607403 -0.899303436 0.094236612
-0.896219671 0.029724546 0.442613602 6.672919750 -0.009502991 0.996237159 -0.086146154 -0.654426098 -0.443508774 -0.081412040 -0.892564893 0.051499605
-0.889145970 0.032208793 0.456488848 6.693868160 -0.007556234 0.996350706 -0.085018180 -0.658810496 -0.457561374 -0.079042904 -0.885657907 0.010368824
-0.882032812 0.033711754 0.469980508 6.714380264 -0.006140848 0.996530116 -0.083006002 -0.662686467 -0.471148014 -0.076100089 -0.878765225 -0.028799057
-0.874750853 0.034889001 0.483315468 6.736063004 -0.004057397 0.996842325 -0.079302356 -0.667343736 -0.484556079 -0.071330786 -0.871847034 -0.067446947
-0.867180526 0.037351109 0.496591270 6.758395195 -0.002162068 0.996891558 -0.078756742 -0.670687318 -0.497989267 -0.069369964 -0.864404082 -0.104974270
-0.857703567 0.042475365 0.512387097 6.781045914 0.004039334 0.997107446 -0.075895675 -0.674980521 -0.514128685 -0.063026272 -0.855394423 -0.143836021
-0.846994758 0.045207348 0.529675603 6.803509235 0.007041213 0.997244179 -0.073854439 -0.679222226 -0.531554580 -0.058824763 -0.844978869 -0.180737972
-0.836897075 0.046870001 0.545349896 6.828501701 0.007313221 0.997195601 -0.074480906 -0.682458162 -0.547311425 -0.058344595 -0.834892869 -0.218656778
-0.826437414 0.047904991 0.560986996 6.852928162 0.007918835 0.997264147 -0.073494583 -0.686421752 -0.562972963 -0.056296308 -0.824555695 -0.253977299
-0.814550102 0.050642338 0.577878475 6.878190517 0.010423698 0.997299075 -0.072705463 -0.690301776 -0.579999566 -0.053198628 -0.812877834 -0.290001154
-0.801771581 0.052928988 0.595282197 6.904134274 0.012119576 0.997305632 -0.072350949 -0.693991542 -0.597507656 -0.050794378 -0.800252795 -0.325545549
-0.788617730 0.052621815 0.612627923 6.929387569 0.012778755 0.997518659 -0.069232382 -0.698219001 -0.614750981 -0.046769261 -0.787333429 -0.358306408
-0.773334622 0.055982314 0.631521642 6.957989693 0.015703069 0.997479618 -0.069193974 -0.700624466 -0.633803606 -0.043593273 -0.772264600 -0.393596649
-0.757665873 0.060296968 0.649851263 6.987627983 0.017341454 0.997231364 -0.072310410 -0.702845693 -0.652412176 -0.043517765 -0.756613851 -0.426822424
-0.740035295 0.061679613 0.669733703 7.016874790 0.016063670 0.997122824 -0.074080892 -0.706707776 -0.672376037 -0.044064093 -0.738896966 -0.460320473
-0.722912073 0.061130181 0.688230515 7.044931412 0.014604396 0.997207820 -0.073233895 -0.711219907 -0.690785706 -0.042890474 -0.721786320 -0.489800453
-0.703474224 0.062611073 0.707957506 7.076250553 0.015167670 0.997207761 -0.073120467 -0.714326501 -0.710558891 -0.040700302 -0.702459633 -0.521341324
-0.684001029 0.062572718 0.726792395 7.107331753 0.013919218 0.997252464 -0.072758108 -0.717859685 -0.729348183 -0.039650247 -0.682992756 -0.550375223
