0.999996305 -0.002175619 -0.001621978 0.000189635 0.002179949 0.999994099 0.002672530 -0.000674649 0.001616150 -0.002676057 0.999995112 0.066205554
0.999993622 -0.002551679 -0.002475377 -0.000862923 0.002560597 0.999990344 0.003606487 -0.001463982 0.002466151 -0.003612802 0.999990404 0.115809612
0.999990344 -0.001654978 -0.004085304 -0.001498175 0.001669183 0.999992609 0.003476010 -0.002309377 0.004079521 -0.003482796 0.999985576 0.195544198
0.999984384 -0.000891255 -0.005511035 -0.002303601 0.000910702 0.999993384 0.003527230 -0.003189226 0.005507852 -0.003532194 0.999978602 0.260156453
0.999976993 -0.000934277 -0.006712987 -0.003054931 0.000957933 0.999993384 0.003521362 -0.003762015 0.006709650 -0.003527710 0.999971271 0.324391514
0.999962628 -0.001164707 -0.008555299 -0.003993041 0.001200510 0.999990582 0.004180876 -0.004651174 0.008550347 -0.004190991 0.999954700 0.388810694
0.999953568 -0.002696945 -0.009252739 -0.005466162 0.002733208 0.999988675 0.003908697 -0.005586495 0.009242093 -0.003933806 0.999949574 0.445414573
0.999929130 -0.004191390 -0.011146342 -0.006234975 0.004231282 0.999984682 0.003557622 -0.006098249 0.011131261 -0.003604533 0.999931574 0.516938210
0.999908626 -0.003833817 -0.012963815 -0.006473353 0.003879739 0.999986291 0.003518947 -0.006691226 0.012950145 -0.003568923 0.999909818 0.573365986
0.999899149 -0.003311261 -0.013804754 -0.008226119 0.003361818 0.999987781 0.003640743 -0.007623834 0.013792529 -0.003686785 0.999898076 0.645113707
0.999910951 -0.000969884 -0.013305200 -0.009894434 0.001020879 0.999992192 0.003826529 -0.008104252 0.013301385 -0.003839771 0.999904156 0.700829387
0.999893427 -0.000266492 -0.014598395 -0.010836863 0.000338717 0.999987781 0.004945263 -0.008878843 0.014596896 -0.004949681 0.999881148 0.772899449
0.999878585 0.000967228 -0.015553202 -0.011694789 -0.000872212 0.999980986 0.006114692 -0.009523418 0.015558822 -0.006100385 0.999860287 0.828195274
0.999877989 0.000735844 -0.015602548 -0.013346112 -0.000643509 0.999982238 0.005922092 -0.010380823 0.015606631 -0.005911327 0.999860764 0.899782419
0.999881327 0.002241993 -0.015241456 -0.015175212 -0.002161075 0.999983490 0.005323478 -0.010634559 0.015253142 -0.005289909 0.999869704 0.953719318
0.999866784 0.002046600 -0.016193811 -0.015834700 -0.001944001 0.999977946 0.006348875 -0.011178426 0.016206449 -0.006316548 0.999848723 1.025123715
0.999865353 0.002731203 -0.016182065 -0.016819386 -0.002613975 0.999970257 0.007260998 -0.011309588 0.016201416 -0.007217721 0.999842703 1.079226017
0.999880254 0.003445889 -0.015087035 -0.018527934 -0.003358205 0.999977410 0.005833354 -0.011572717 0.015106793 -0.005781990 0.999869227 1.133189321
0.999857008 0.005089817 -0.016123876 -0.019293306 -0.005027073 0.999979615 0.003929509 -0.012630334 0.016143547 -0.003847893 0.999862313 1.211209059
0.999881446 0.002036459 -0.015260953 -0.020776739 -0.002000005 0.999995053 0.002403596 -0.011819469 0.015265775 -0.002372789 0.999880672 1.265272260
0.999896526 0.001352074 -0.014319490 -0.021849371 -0.001285458 0.999988317 0.004660318 -0.011940126 0.014325624 -0.004641429 0.999886692 1.317175031
0.999886572 0.000660446 -0.015042583 -0.022773072 -0.000544625 0.999970257 0.007702291 -0.014556937 0.015047218 -0.007693226 0.999857187 1.393843293
0.999885678 -0.000260778 -0.015114053 -0.023574393 0.000359841 0.999978423 0.006552014 -0.014481337 0.015112016 -0.006556704 0.999864340 1.445286512
0.999889851 -0.000270669 -0.014833916 -0.024082460 0.000337067 0.999989867 0.004473722 -0.014722407 0.014832553 -0.004478228 0.999880016 1.496685505
0.999902964 0.000704657 -0.013914780 -0.026205374 -0.000643721 0.999990225 0.004383260 -0.016011532 0.013917733 -0.004373877 0.999893546 1.570776939
0.999909461 0.001179954 -0.013408077 -0.026755936 -0.001134315 0.999993563 0.003411002 -0.016600890 0.013412016 -0.003395484 0.999904275 1.621458888
0.999931633 0.002678347 -0.011388832 -0.028182533 -0.002626822 0.999986291 0.004536807 -0.017218821 0.011400824 -0.004506580 0.999924839 1.669390202
0.999944091 0.003348723 -0.010029457 -0.029091831 -0.003287891 0.999976099 0.006075490 -0.017404767 0.010049562 -0.006042174 0.999931276 1.739680648
0.999964297 0.002444127 -0.008089139 -0.029476859 -0.002383787 0.999969304 0.007460498 -0.018395476 0.008107127 -0.007440950 0.999939501 1.787525654
0.999972463 0.003002541 -0.006786064 -0.029281814 -0.002948606 0.999964058 0.007943679 -0.018333264 0.006809673 -0.007923450 0.999945402 1.831202984
0.999990284 0.003029662 -0.003169538 -0.030434843 -0.003006000 0.999967813 0.007444012 -0.019313930 0.003191989 -0.007434413 0.999967277 1.900652409
0.999997735 0.002092134 -0.000024778 -0.030240510 -0.002091982 0.999985039 0.005058178 -0.019663429 0.000035359 -0.005058114 0.999987185 1.944597125
0.999994576 0.001397447 0.002971420 -0.029746188 -0.001407614 0.999993205 0.003422031 -0.020005215 -0.002966620 -0.003426196 0.999989748 1.988109350
0.999964178 0.002102657 0.008191700 -0.030803934 -0.002138401 0.999988258 0.004357164 -0.020958953 -0.008182446 -0.004374527 0.999956965 2.055427551
0.999903381 0.001822671 0.013775659 -0.030802984 -0.001873232 0.999991596 0.003658382 -0.021176025 -0.013768878 -0.003683835 0.999898434 2.098476410
0.999790430 0.003854376 0.020103350 -0.029747196 -0.003917721 0.999987543 0.003112576 -0.022078361 -0.020091103 -0.003190684 0.999793053 2.142200947
0.999602675 0.005228498 0.027697287 -0.029056743 -0.005320986 0.999980450 0.003266533 -0.023085907 -0.027679663 -0.003412612 0.999611020 2.206947088
0.999350429 0.006460130 0.035455778 -0.028642908 -0.006651160 0.999963939 0.005272514 -0.024502128 -0.035420444 -0.005504911 0.999357343 2.239111423
0.998935640 0.008425230 0.045350507 -0.025993012 -0.008673077 0.999948502 0.005271117 -0.024194907 -0.045303762 -0.005658836 0.998957276 2.286238194
0.998250723 0.009896827 0.058288988 -0.023513421 -0.010220383 0.999933958 0.005255415 -0.024777226 -0.058233134 -0.005841957 0.998285890 2.327665567
0.997156262 0.013105719 0.074214406 -0.020580709 -0.013533746 0.999894500 0.005267436 -0.025504295 -0.074137554 -0.006256854 0.997228384 2.400409698
0.995796442 0.014723272 0.090404175 -0.017392024 -0.015385572 0.999859631 0.006633442 -0.026053524 -0.090293825 -0.007996478 0.995882988 2.440981388
0.994109333 0.014598383 0.107395738 -0.013285309 -0.015467853 0.999853909 0.007267355 -0.026482780 -0.107273981 -0.008885726 0.994189739 2.479759932
0.991799474 0.014568181 0.126971349 -0.008888006 -0.015488142 0.999860406 0.006261098 -0.026456937 -0.126862422 -0.008176303 0.991886556 2.518240213
0.988959312 0.014093923 0.147515550 -0.000696599 -0.015016031 0.999874055 0.005139103 -0.026998350 -0.147424489 -0.007297462 0.989046395 2.583651543
0.985613406 0.011573466 0.168619081 0.004971296 -0.012573283 0.999909103 0.004862931 -0.027466070 -0.168547466 -0.006913066 0.985669374 2.620105982
0.981803834 0.005856461 0.189807117 0.012704909 -0.007199839 0.999953687 0.006388815 -0.027324954 -0.189760908 -0.007639145 0.981800616 2.657049894
0.976907194 0.001333854 0.213660195 0.019976914 -0.003120215 0.999962926 0.008023744 -0.027479520 -0.213641569 -0.008505120 0.976875067 2.693348646
0.971517384 -0.004001367 0.236934438 0.035357296 0.002230382 0.999967575 0.007742153 -0.028650371 -0.236957774 -0.006993181 0.971494853 2.757699251
0.964923441 -0.009932519 0.262343347 0.044639051 0.008793521 0.999946117 0.005515330 -0.028840788 -0.262384057 -0.003014949 0.964958906 2.792685270
0.957474530 -0.013627439 0.288195789 0.055024862 0.012392694 0.999904573 0.006108521 -0.028963700 -0.288251579 -0.002277229 0.957552075 2.825541496
0.948982298 -0.015987223 0.314923644 0.072322309 0.013894849 0.999863982 0.008888129 -0.029809330 -0.315022945 -0.004058861 0.949075401 2.878760099
0.939141512 -0.019891027 0.342954099 0.084090650 0.016902314 0.999788582 0.011701742 -0.029950544 -0.343114406 -0.005192873 0.939279258 2.911651373
0.928216696 -0.023603294 0.371290088 0.097186089 0.020942638 0.999718010 0.011196980 -0.030245343 -0.371449739 -0.002617431 0.928449392 2.943383932
0.916059673 -0.022790257 0.400393873 0.110402822 0.021737654 0.999738097 0.007171187 -0.030238122 -0.400452465 0.002134389 0.916315019 2.974443913
0.903108478 -0.024234783 0.428727925 0.135423064 0.025799520 0.999664783 0.002161967 -0.031267855 -0.428636700 0.009108485 0.903431058 3.029264927
0.889025867 -0.026258457 0.457103193 0.151316524 0.029376239 0.999568403 0.000286346 -0.032087471 -0.456913531 0.013173405 0.889413595 3.059125423
0.873086452 -0.026693687 0.486834019 0.167152166 0.028726768 0.999581873 0.003289766 -0.032154202 -0.486718297 0.011112919 0.873488367 3.088485956
0.855509758 -0.025415126 0.517162442 0.184921622 0.024911726 0.999658287 0.007916700 -0.031534664 -0.517186940 0.006110595 0.855850637 3.117386103
0.835384071 -0.025974752 0.549052596 0.215070605 0.023029398 0.999659717 0.012252958 -0.033035468 -0.549184084 0.002408424 0.835697949 3.169028521
0.813662648 -0.020025151 0.580992341 0.233230591 0.019149080 0.999787390 0.007642097 -0.033615243 -0.581021845 0.004907380 0.813873172 3.196789503
0.792121589 -0.012913248 0.610226631 0.253662944 0.016537337 0.999863267 -0.000308252 -0.032913104 -0.610139191 0.010335693 0.792226851 3.222003937
0.769351065 -0.010544190 0.638739169 0.285779834 0.015974879 0.999868572 -0.002735836 -0.032870796 -0.638626397 0.012308599 0.769418478 3.263384342
0.746169388 -0.012945312 0.665630281 0.307805538 0.016433412 0.999864399 0.001023764 -0.033932008 -0.665553331 0.010174674 0.746280909 3.287615299
0.720973969 -0.013291214 0.692834675 0.329630852 0.016938111 0.999855280 0.001554992 -0.034358568 -0.692755044 0.010614200 0.721094847 3.311816692
0.696037710 -0.011312084 0.717916191 0.353285193 0.018352147 0.999829412 -0.002038720 -0.034052130 -0.717770696 0.014594329 0.696126699 3.334113836
0.669461370 -0.009002497 0.742792249 0.394593716 0.017454483 0.999841034 -0.003613436 -0.035933234 -0.742641807 0.015384110 0.669512093 3.373614550
0.642269194 -0.007098288 0.766446292 0.419065714 0.016031902 0.999862731 -0.004174437 -0.036548555 -0.766311526 0.014968703 0.642294884 3.394530773
0.614286780 -0.005416580 0.789064169 0.444963455 0.015571562 0.999864876 -0.005258829 -0.037345879 -0.788929164 0.015517392 0.614288092 3.414773703
0.585364401 0.001471304 0.810768962 0.471530080 0.014578865 0.999817491 -0.012340115 -0.037275217 -0.810639322 0.019043554 0.585236073 3.434397936
0.554869235 0.010987503 0.831864953 0.518390775 0.013494154 0.999662459 -0.022204664 -0.038225446 -0.831827998 0.023546005 0.554533660 3.468465805
0.524063885 0.019421138 0.851457477 0.546616673 0.012501727 0.999456882 -0.030491590 -0.039066225 -0.851587176 0.026624233 0.523536444 3.485943794
0.492119014 0.024470521 0.870183945 0.575317979 0.010689289 0.999359727 -0.034148242 -0.039709818 -0.870462298 0.026106650 0.491542369 3.502810955
0.459406674 0.023483932 0.887915492 0.621402502 0.008194301 0.999495983 -0.030674774 -0.042624258 -0.888188243 0.021368045 0.458982646 3.528132439
0.426106155 0.022316121 0.904397845 0.651726842 0.003464689 0.999648154 -0.026298821 -0.043810461 -0.904666483 0.014339546 0.425878942 3.542797089
0.391506582 0.023708925 0.919869781 0.694507957 -0.000399014 0.999672294 -0.025595950 -0.045247663 -0.920175254 0.009653939 0.391387701 3.562240124
0.356700659 0.026830284 0.933833301 0.726216435 -0.007529901 0.999637604 -0.025844699 -0.046358131 -0.934188426 0.002187145 0.356773466 3.574471235
0.320262074 0.028526442 0.946899235 0.770542622 -0.012213603 0.999587834 -0.025982838 -0.047954891 -0.947250187 -0.003243734 0.320478499 3.590997696
0.284497321 0.027957914 0.958268940 0.803180993 -0.014574912 0.999585390 -0.024836235 -0.048997182 -0.958565950 -0.006900844 0.284786880 3.600840807
0.248230740 0.027211148 0.968318582 0.837598085 -0.014804200 0.999595284 -0.024294974 -0.050257605 -0.968587756 -0.008304425 0.248533204 3.609822750
0.211957440 0.027013119 0.976905465 0.891007364 -0.014165134 0.999597847 -0.024567230 -0.051939156 -0.977176368 -0.008630788 0.212254807 3.622809887
0.176818550 0.025451196 0.983914316 0.924571753 -0.011537995 0.999650538 -0.023784773 -0.052964561 -0.984175920 -0.007146810 0.177050412 3.628424406
0.142420769 0.024538225 0.989502013 0.960474610 -0.003010903 0.999698818 -0.024357732 -0.054131456 -0.989801586 0.000489751 0.142451763 3.633475542
0.108578853 0.028429493 0.993681192 1.014981389 -0.001408234 0.999594450 -0.028444787 -0.055818085 -0.994086802 0.001689166 0.108574860 3.640285969
0.075507067 0.033067100 0.996596813 1.050506353 -0.000771789 0.999451756 -0.033103343 -0.057505906 -0.997144997 0.001730374 0.075491175 3.643420696
0.046440549 0.037101004 0.998231769 1.085905313 0.006228425 0.999279916 -0.037429716 -0.058916677 -0.998901665 0.007955668 0.046176020 3.644927025
0.021234870 0.035355601 0.999149203 1.142851472 0.008097328 0.999335647 -0.035534289 -0.060947828 -0.999741733 0.008845005 0.020934476 3.646125555
-0.001473615 0.032707818 0.999463916 1.178993106 0.009364051 0.999421537 -0.032692634 -0.062119275 -0.999955118 0.009310854 -0.001779042 3.646526337
-0.019661836 0.029885383 0.999359965 1.229990244 0.010518767 0.999503911 -0.029682748 -0.064485244 -0.999751329 0.009928417 -0.019966442 3.645215750
-0.036350943 0.033098005 0.998790860 1.266219258 0.012358206 0.999389827 -0.032668084 -0.065724276 -0.999262691 0.011155750 -0.036737796 3.644108057
-0.051559288 0.037336439 0.997971833 1.302654743 0.015188094 0.999214590 -0.036598265 -0.067434065 -0.998554409 0.013270311 -0.052085865 3.642957926
-0.062795505 0.042877056 0.997104824 1.360607624 0.018905392 0.998948634 -0.041765712 -0.069849193 -0.997847378 0.016227959 -0.063540079 3.638525248
-0.071964785 0.046271689 0.996333241 1.396976709 0.024308443 0.998708069 -0.044626188 -0.071671128 -0.997110903 0.021007795 -0.072996587 3.635845900
-0.077780224 0.051487543 0.995640099 1.433979392 0.027289590 0.998401344 -0.049498457 -0.073959090 -0.996596932 0.023320612 -0.079060949 3.633116484
-0.080992602 0.056425344 0.995116353 1.491640568 0.030324560 0.998073637 -0.054124907 -0.076823294 -0.996253312 0.025792742 -0.082547657 3.627929211
-0.083808690 0.060071088 0.994669616 1.528443933 0.031951636 0.997830093 -0.057569776 -0.079431288 -0.995969474 0.026956467 -0.085546203 3.624762297
-0.087664448 0.062691063 0.994175375 1.564525723 0.032763023 0.997659326 -0.060021754 -0.082089752 -0.995611191 0.027310412 -0.089513198 3.622398853
-0.088461392 0.066380166 0.993865252 1.623100519 0.034428842 0.997384608 -0.063550815 -0.086039379 -0.995484471 0.028595841 -0.090515427 3.615933657
-0.091012023 0.070030168 0.993384361 1.659895658 0.035455503 0.997119784 -0.067045145 -0.088747635 -0.995218515 0.029119033 -0.093232848 3.612972498
-0.092031196 0.071233504 0.993204892 1.695679665 0.038207456 0.996956110 -0.067962199 -0.091693632 -0.995022893 0.031693190 -0.094472706 3.607978344
-0.095449850 0.070567563 0.992929816 1.758226395 0.038385853 0.997002959 -0.067167051 -0.095393568 -0.994693875 0.031703368 -0.097872615 3.604402542
-0.097670317 0.069995120 0.992754340 1.796272159 0.038414091 0.997045457 -0.066518374 -0.098514862 -0.994477272 0.031638883 -0.100070551 3.601257801
-0.098495036 0.071521021 0.992564082 1.831664085 0.039205834 0.996918440 -0.067944281 -0.100751586 -0.994364977 0.032222129 -0.100995578 3.595617294
-0.101998091 0.073279284 0.992081940 1.892194629 0.037672825 0.996852279 -0.069758408 -0.106082991 -0.994070947 0.030259304 -0.104437679 3.591064930
-0.105095595 0.075312547 0.991606295 1.929996490 0.035107139 0.996787727 -0.071985245 -0.109004587 -0.993842244 0.027247127 -0.107402019 3.587367296
-0.107793696 0.078067213 0.991103470 1.967418194 0.033930346 0.996620297 -0.074811459 -0.112712160 -0.993594110 0.025564278 -0.110078231 3.583953857
-0.109345801 0.082736820 0.990554392 2.029223204 0.030596660 0.996337831 -0.079842381 -0.117288366 -0.993532777 0.021577228 -0.111476846 3.576786518
-0.112289354 0.085433371 0.989996016 2.067362785 0.027825775 0.996176779 -0.082810648 -0.120260291 -0.993285954 0.018248651 -0.114237294 3.572712183
-0.114631869 0.083443932 0.989897192 2.106155634 0.026188275 0.996373475 -0.080957197 -0.124014102 -0.993062794 0.016643427 -0.116401412 3.567429304
-0.117737293 0.079741873 0.989837945 2.169685364 0.022892287 0.996723831 -0.077573650 -0.128900528 -0.992780924 0.013526344 -0.119177043 3.561242104
-0.120603986 0.077833854 0.989644647 2.209193707 0.022976164 0.996873379 -0.075602360 -0.132304937 -0.992434859 0.013620292 -0.122015230 3.557124138
-0.122594692 0.078737453 0.989328504 2.247977257 0.022188000 0.996816337 -0.076583900 -0.135366023 -0.992208719 0.012562444 -0.123951398 3.552099943
-0.123624429 0.081746154 0.988956273 2.310417175 0.023184747 0.996567011 -0.079477057 -0.140345991 -0.992058158 0.013103396 -0.125095308 3.544847012
-0.124286860 0.084192842 0.988667965 2.348358631 0.023680165 0.996361554 -0.081871152 -0.143924132 -0.991963744 0.013236311 -0.125828341 3.539733410
-0.124390572 0.085521877 0.988540888 2.365240812 0.021703046 0.996274829 -0.083460011 -0.144995853 -0.991996050 0.011072708 -0.125783280 3.536924601
-0.124399602 0.083359495 0.988724530 2.452493429 0.019568663 0.996477067 -0.081551030 -0.153127730 -0.992039204 0.009203099 -0.125592604 3.526866674
-0.123681545 0.083258823 0.988822997 2.492516518 0.015754299 0.996513069 -0.081935793 -0.156211674 -0.992196858 0.005444270 -0.124561958 3.521435022
-0.123986416 0.083832443 0.988736391 2.532064676 0.012679873 0.996477246 -0.082898743 -0.160038516 -0.992202818 0.002258734 -0.124612652 3.516993999
-0.124508724 0.083996996 0.988656640 2.595633984 0.007959450 0.996462762 -0.083657824 -0.165558189 -0.992186606 -0.002546967 -0.124736875 3.509659290
-0.125568271 0.083649054 0.988552153 2.635568142 0.004686748 0.996477962 -0.083724394 -0.168964624 -0.992073894 -0.005880034 -0.125518069 3.505258083
-0.125264511 0.078970850 0.988975286 2.675007343 0.005414713 0.996866703 -0.078915149 -0.172114506 -0.992108524 -0.004530249 -0.125299603 3.499711990
-0.125879839 0.070167698 0.989560962 2.740135908 0.008531735 0.997535110 -0.069647849 -0.177529693 -0.992008805 -0.000324589 -0.126168221 3.492477417
-0.125259370 0.064211205 0.990043879 2.779328585 0.014527272 0.997915089 -0.062883727 -0.180808604 -0.992017627 0.006505860 -0.125931054 3.486757040
-0.124838956 0.066505201 0.989945590 2.819947243 0.022706265 0.997681201 -0.064161465 -0.183654308 -0.991917193 0.014468115 -0.126059547 3.481174946
-0.123745009 0.072482713 0.989663303 2.885470390 0.028165231 0.997183621 -0.069511764 -0.188256457 -0.991914272 0.019272357 -0.125437990 3.473224401
-0.123403519 0.078935750 0.989212155 2.925944567 0.030817909 0.996655464 -0.075685188 -0.191066757 -0.991877854 0.021145631 -0.125423446 3.468239069
-0.121176608 0.082124427 0.989227951 2.965844393 0.032385256 0.996368170 -0.078750141 -0.194791734 -0.992102623 0.022493718 -0.123396166 3.462096691
-0.121262759 0.080041930 0.989387870 3.031383991 0.029337766 0.996597171 -0.077029437 -0.199391991 -0.992186785 0.019685630 -0.123198375 3.453955650
-0.121982098 0.075499870 0.989656508 3.072298527 0.028813398 0.996951938 -0.072504975 -0.202659518 -0.992113948 0.019671064 -0.123785704 3.449790478
-0.120958775 0.073412821 0.989939153 3.114019394 0.025972534 0.997154236 -0.070774354 -0.205783576 -0.992317677 0.017150449 -0.122521274 3.444106102
-0.120973378 0.074790768 0.989834189 3.181112766 0.025092108 0.997069299 -0.072270781 -0.210546374 -0.992338538 0.016094182 -0.122495532 3.435971260
-0.121023640 0.079984501 0.989421844 3.222375870 0.024552707 0.996684611 -0.077568382 -0.213415951 -0.992345870 0.014905374 -0.122586258 3.431316376
-0.119245060 0.082517676 0.989429772 3.264890194 0.025247170 0.996470094 -0.080062047 -0.217524007 -0.992543697 0.015433298 -0.120907485 3.425926208
-0.119566180 0.082871884 0.989361465 3.333620310 0.024878945 0.996447444 -0.080458753 -0.221340328 -0.992514610 0.014994122 -0.121203169 3.417437792
-0.120212302 0.074343637 0.989960611 3.374321461 0.026445927 0.997078001 -0.071666777 -0.226064742 -0.992395818 0.017565200 -0.121827140 3.413443804
-0.120568447 0.074602351 0.989897788 3.419616699 0.024029989 0.997099400 -0.072218254 -0.227843583 -0.992414117 0.015079988 -0.122011416 3.407632351
-0.118782163 0.077097468 0.989922523 3.487091780 0.022733541 0.996930718 -0.074915469 -0.234212101 -0.992660105 0.013605827 -0.120170295 3.398801804
-0.119436838 0.080590107 0.989565492 3.530094147 0.022901913 0.996658623 -0.078403592 -0.237507880 -0.992577672 0.013298669 -0.120883428 3.394271851
-0.119489260 0.080452234 0.989570379 3.574303865 0.021328822 0.996689379 -0.078455605 -0.240723222 -0.992606401 0.011731770 -0.120809652 3.389512539
-0.118635796 0.076382928 0.989995599 3.642536402 0.020616276 0.997011364 -0.074453712 -0.246707946 -0.992723823 0.011577145 -0.119855940 3.381142378
-0.117885679 0.075826272 0.990127981 3.686386585 0.021292355 0.997044206 -0.073820859 -0.250070959 -0.992798924 0.012379731 -0.119151734 3.376032829
-0.116807520 0.075339593 0.990292847 3.746783495 0.022654243 0.997061312 -0.073182389 -0.255294442 -0.992896199 0.013886083 -0.118170999 3.369341135
-0.115832739 0.074556075 0.990466654 3.791468859 0.025269428 0.997077346 -0.072098471 -0.259199232 -0.992947221 0.016677158 -0.117378175 3.364267588
-0.115692958 0.075181045 0.990435779 3.836009502 0.024173349 0.997049212 -0.072859354 -0.261988908 -0.992990792 0.015512833 -0.117168956 3.359941006
-0.113897905 0.075418428 0.990625679 3.904239178 0.026158202 0.996996462 -0.072895885 -0.267791629 -0.993148029 0.017610302 -0.115528606 3.351610661
-0.113098174 0.073374115 0.990870774 3.948208570 0.025782872 0.997150362 -0.070896260 -0.271367371 -0.993249297 0.017529257 -0.114667684 3.346742630
-0.111675553 0.073045067 0.991056442 4.010045528 0.024061212 0.997201204 -0.070786655 -0.275896192 -0.993453503 0.015940879 -0.113120541 3.339904785
-0.110975578 0.072280362 0.991191149 4.054450512 0.024850454 0.997241616 -0.069939278 -0.278941035 -0.993512332 0.016869999 -0.112465680 3.335385323
-0.108406268 0.073357962 0.991396487 4.116770267 0.024003513 0.997175992 -0.071160898 -0.283918738 -0.993817031 0.016082708 -0.109860964 3.328415871
-0.107155405 0.076047182 0.991329730 4.162325382 0.024756107 0.996965408 -0.073803551 -0.287484288 -0.993934155 0.016633013 -0.108712859 3.323542118
-0.105648860 0.075766027 0.991512835 4.224076271 0.021373307 0.997035861 -0.073910661 -0.291003287 -0.994173825 0.013383329 -0.106955051 3.316803455
-0.106536768 0.073433392 0.991593301 4.268012047 0.017614465 0.997252047 -0.071959950 -0.295212328 -0.994152784 0.009800007 -0.107537486 3.313506126
-0.104707643 0.075287543 0.991649151 4.331429005 0.015462042 0.997133076 -0.074071258 -0.299365759 -0.994382739 0.007577093 -0.105571553 3.305384636
-0.105646260 0.075522140 0.991531730 4.376625538 0.012398980 0.997134387 -0.074627787 -0.302362621 -0.994326353 0.004409836 -0.106279917 3.301324129
-0.106282316 0.071952365 0.991729200 4.439956188 0.010224412 0.997404814 -0.071268409 -0.308007210 -0.994283557 0.002565277 -0.106742136 3.294733763
-0.108519755 0.071160190 0.991544068 4.486124516 0.008523933 0.997464597 -0.070652179 -0.311368495 -0.994057775 0.000784698 -0.108851179 3.290322542
-0.108796865 0.069971919 0.991598248 4.549880028 0.005624826 0.997546911 -0.069774546 -0.316235125 -0.994048059 -0.002013683 -0.108923569 3.283104897
-0.109916873 0.070171908 0.991460681 4.595827103 0.005902544 0.997533083 -0.069947332 -0.319832474 -0.993923306 -0.001836252 -0.110059954 3.277829409
-0.112611085 0.068634368 0.991265893 4.658998966 0.005274889 0.997638822 -0.068476371 -0.324615479 -0.993625164 -0.002482382 -0.112707242 3.271062613
-0.115102358 0.064073101 0.991285086 4.704754829 0.003480742 0.997937560 -0.064098895 -0.327812105 -0.993347645 -0.003927529 -0.115087986 3.265599012
-0.120158613 0.063816644 0.990701377 4.768600464 0.001639115 0.997943103 -0.064084329 -0.332568854 -0.992753327 -0.006076409 -0.120016053 3.258776188
-0.126292214 0.069978520 0.989521563 4.814424515 -0.003558271 0.997470379 -0.070994779 -0.335745037 -0.991986632 -0.012487075 -0.125723720 3.253678322
-0.132837191 0.072516426 0.988481462 4.877431870 -0.002363706 0.997293890 -0.073480561 -0.340745836 -0.991135001 -0.012097431 -0.132306293 3.245399237
-0.141018152 0.067694038 0.987689912 4.923196793 -0.001295432 0.997646153 -0.068561368 -0.344816387 -0.990006149 -0.010947883 -0.140598521 3.238301277
-0.152772620 0.066478625 0.986022890 4.983846188 0.001893958 0.997752786 -0.066976018 -0.349117815 -0.988259554 -0.008364619 -0.152555227 3.229686737
-0.165837854 0.067572601 0.983835280 5.028778553 0.001704741 0.997667789 -0.068235308 -0.352431923 -0.986151576 -0.009638817 -0.165566310 3.222415686
-0.179441452 0.068259992 0.981397688 5.091274261 0.004780219 0.997638583 -0.068515606 -0.356697142 -0.983757019 -0.007603244 -0.179344013 3.211323023
-0.194104806 0.066213250 0.978743732 5.135535717 0.005734292 0.997778952 -0.066363804 -0.359910578 -0.980963945 -0.007269132 -0.194053397 3.202794790
-0.209172919 0.069049828 0.975437880 5.196148872 0.009138041 0.997598350 -0.068658978 -0.364514172 -0.977835953 -0.005448007 -0.209301591 3.189849377
-0.223876908 0.072379485 0.971926153 5.223139763 0.010045887 0.997356951 -0.071959332 -0.366691917 -0.974565625 -0.006346172 -0.224012315 3.183069944
-0.239287406 0.075730994 0.967990875 5.297230721 0.008867507 0.997082531 -0.075814940 -0.373193175 -0.970908284 -0.009557893 -0.239260793 3.165931940
-0.256081343 0.074006669 0.963818133 5.340417385 0.005665771 0.997162879 -0.075061686 -0.376478732 -0.966638625 -0.013761121 -0.255774081 3.155492306
-0.272059292 0.067624852 0.959901273 5.398129940 -0.000476981 0.997517943 -0.070410140 -0.381858885 -0.962280333 -0.019613588 -0.271351814 3.140301228
-0.287782848 0.064360134 0.955530524 5.440690041 -0.003331538 0.997665882 -0.068201564 -0.384877771 -0.957689822 -0.022810632 -0.286896795 3.128212452
-0.302412927 0.065364994 0.950933039 5.496308327 -0.005525099 0.997508943 -0.070323601 -0.389721334 -0.953161001 -0.026520761 -0.301298410 3.110847473
-0.317315310 0.067456521 0.945917785 5.537701607 -0.005523266 0.997318506 -0.072974898 -0.393044531 -0.948303998 -0.028380610 -0.316091895 3.097611189
-0.331247866 0.069331922 0.940993011 5.592244148 -0.004837954 0.997158825 -0.075173229 -0.397858530 -0.943531334 -0.029453458 -0.329971313 3.079111099
-0.345006257 0.069905259 0.935993433 5.632637024 -0.002112683 0.997162402 -0.075252421 -0.401079655 -0.938598037 -0.027940014 -0.343879580 3.064132690
-0.359287828 0.067412734 0.930788755 5.687881470 -0.002049255 0.997328341 -0.073022902 -0.406465113 -0.933224559 -0.028143663 -0.358189732 3.043951750
-0.374199927 0.066216581 0.924980998 5.726469994 -0.002100829 0.997384429 -0.072249621 -0.409783542 -0.927345634 -0.028979028 -0.373082042 3.028662682
-0.388723671 0.067075469 0.918909550 5.782887459 -0.003715604 0.997224212 -0.074363820 -0.415231735 -0.921346903 -0.032321285 -0.387395412 3.005876064
-0.403843492 0.069131024 0.912212372 5.821632862 -0.002768199 0.997043729 -0.076785378 -0.418910742 -0.914823890 -0.033534460 -0.402458251 2.989245176
-0.419068277 0.070708759 0.905197144 5.877129078 -0.002194574 0.996881187 -0.078886576 -0.423799932 -0.907952189 -0.035045382 -0.417606115 2.965317726
-0.434055299 0.072608754 0.897955358 5.916284561 0.000031480 0.996747971 -0.080581918 -0.427987158 -0.900886238 -0.034948744 -0.432646036 2.947149754
-0.448372126 0.076216124 0.890591681 5.970705032 0.000106371 0.996362627 -0.085214369 -0.433172286 -0.893846989 -0.038113017 -0.446749359 2.920440674
-0.463320315 0.078758799 0.882684112 6.009169579 0.002088107 0.996137083 -0.087785758 -0.437139332 -0.886188388 -0.038829796 -0.461695075 2.900833607
-0.479118407 0.076028958 0.874451339 6.063724518 0.000542490 0.996267080 -0.086322971 -0.442503035 -0.877750099 -0.040884536 -0.477371126 2.872555017
-0.495168567 0.071238674 0.865871370 6.100639343 -0.002629630 0.996505141 -0.083490238 -0.446728379 -0.868793011 -0.043618657 -0.493250668 2.851898670
-0.511130989 0.071854591 0.856493890 6.155724525 -0.002780942 0.996355891 -0.085247740 -0.451683551 -0.859498322 -0.045954634 -0.509068668 2.820950985
-0.526818097 0.071404323 0.846973538 6.192518234 -0.003082621 0.996298134 -0.085910566 -0.455416799 -0.849972486 -0.047870141 -0.524647713 2.797941446
-0.542506754 0.070031323 0.837127268 6.242981911 -0.004146340 0.996283710 -0.086032882 -0.460890830 -0.840041399 -0.050144434 -0.540200233 2.765938759
-0.558116853 0.069671705 0.826832235 6.280470848 -0.005660150 0.996125877 -0.087757602 -0.464785486 -0.829743147 -0.053658996 -0.555560291 2.741655350
-0.573715329 0.068664886 0.816171408 6.330590248 -0.005854725 0.996110499 -0.087918729 -0.470496923 -0.819033802 -0.055218793 -0.571081877 2.707934618
-0.588787615 0.066074729 0.805582464 6.365480900 -0.006228377 0.996252775 -0.086265907 -0.474276841 -0.808263719 -0.055809785 -0.586169720 2.682764530
-0.603536069 0.063032217 0.794840157 6.414173126 -0.005398771 0.996524453 -0.083125509 -0.479476511 -0.797317386 -0.054460406 -0.601098120 2.646461487
-0.618596613 0.060772091 0.783354938 6.448600292 -0.006019274 0.996608496 -0.082069427 -0.483085096 -0.785685718 -0.055483092 -0.616132736 2.620079517
-0.632617533 0.059585057 0.772168934 6.497215748 -0.005473558 0.996667087 -0.081392989 -0.488810718 -0.774445057 -0.055717137 -0.630182743 2.580589294
-0.647546351 0.060277972 0.759638250 6.530687332 -0.006877843 0.996363640 -0.084925279 -0.493053436 -0.761995077 -0.060217731 -0.644776940 2.552785158
-0.663141727 0.059737861 0.746106207 6.578183174 -0.008932758 0.996107399 -0.087693967 -0.498304605 -0.748440564 -0.064818315 -0.660026729 2.512966394
-0.678470552 0.056405883 0.732459068 6.611035824 -0.010680485 0.996185184 -0.086608402 -0.502294838 -0.734550059 -0.066584252 -0.675279677 2.482940674
-0.695030034 0.048939999 0.717313051 6.657799244 -0.014105497 0.996560454 -0.081659488 -0.508101165 -0.718842328 -0.066873848 -0.691949189 2.440315962
-0.711537719 0.046435408 0.701111794 6.689346313 -0.015032056 0.996579528 -0.081260137 -0.511974037 -0.702487171 -0.068358794 -0.708405852 2.409442902
-0.728874445 0.043825138 0.683243334 6.733826637 -0.016491421 0.996535838 -0.081513435 -0.517352581 -0.684448659 -0.070680700 -0.725626886 2.363506079
-0.746118546 0.039458465 0.664642870 6.763690948 -0.020137640 0.996448398 -0.081763305 -0.521555841 -0.665508449 -0.074389465 -0.742674053 2.330855370
-0.762351811 0.038414646 0.646021605 6.806385994 -0.018809451 0.996499777 -0.081451774 -0.526745200 -0.646889448 -0.074246213 -0.758960903 2.281853676
-0.778154433 0.039399642 0.626836002 6.834878922 -0.017582104 0.996272862 -0.084446944 -0.531105638 -0.627827048 -0.076733857 -0.774561405 2.246839762
-0.793071747 0.040012579 0.607812643 6.862676144 -0.012924246 0.996510327 -0.082464226 -0.534751475 -0.608991146 -0.073255576 -0.789786994 2.211224794
-0.807803810 0.041238680 0.588007092 6.907721519 -0.008999764 0.996570706 -0.082256369 -0.541328073 -0.589382708 -0.071738914 -0.804662347 2.153119087
-0.821660638 0.042930957 0.568357766 6.933343887 -0.006433808 0.996397376 -0.084564179 -0.545485675 -0.569940627 -0.073139742 -0.818424284 2.115439653
-0.835099995 0.044214923 0.548318267 6.958472729 -0.005690739 0.996016860 -0.088983282 -0.549308121 -0.550068676 -0.077430263 -0.831522048 2.077577591
-0.848718584 0.044006947 0.527010679 6.999969006 -0.003679142 0.996016383 -0.089095347 -0.556008577 -0.528832138 -0.077555805 -0.845175624 2.016673565
-0.860679150 0.041618425 0.507443845 7.023633480 -0.002762223 0.996257305 -0.086393908 -0.560552418 -0.509140193 -0.075759113 -0.857342958 1.978932381
-0.870829642 0.043269124 0.489676893 7.047007084 0.000290549 0.996163905 -0.087506935 -0.565486014 -0.491584688 -0.076061375 -0.867501736 1.936946988
-0.879983723 0.046524901 0.472719908 7.082949162 0.003360165 0.995776415 -0.091748856 -0.572038054 -0.474991977 -0.079149075 -0.876423478 1.871832967
-0.889724851 0.044488985 0.454324096 7.106007099 0.002016475 0.995613039 -0.093544893 -0.576015830 -0.456492722 -0.082313098 -0.885911405 1.832265973
-0.897676826 0.042481355 0.438602090 7.128220558 0.001197759 0.995573640 -0.093976125 -0.579929233 -0.440652996 -0.083834842 -0.893754363 1.788486123
-0.905419588 0.041412588 0.422493130 7.149033546 0.000922810 0.995420039 -0.095593028 -0.582915545 -0.424516916 -0.086161911 -0.901311100 1.748257279
-0.910951376 0.038109615 0.410749674 7.182105064 -0.000011701 0.995721042 -0.092409581 -0.593604922 -0.412513733 -0.084185436 -0.907053053 1.672818542
-0.916747808 0.035779785 0.397860914 7.200379848 -0.000916990 0.995789468 -0.091664664 -0.598148346 -0.399465442 -0.084398210 -0.912854970 1.629411340
-0.922717333 0.030815419 0.384243548 7.219155788 -0.003079618 0.996178448 -0.087286487 -0.603305578 -0.385464966 -0.081724085 -0.919096291 1.587421060
-0.927755773 0.027624041 0.372163951 7.248605728 -0.004173139 0.996426404 -0.084363312 -0.610363007 -0.373164415 -0.079821631 -0.924325109 1.517890215
-0.931900561 0.027036892 0.361704379 7.265721798 -0.002759929 0.996660590 -0.081609733 -0.614336014 -0.362702906 -0.077050425 -0.928714037 1.473782420
-0.935421228 0.030829515 0.352187902 7.283339024 0.001598138 0.996549189 -0.082990371 -0.619098902 -0.353531063 -0.077068105 -0.932242572 1.431019068
-0.937335849 0.037241004 0.346431345 7.308593750 0.008510521 0.996422052 -0.084087461 -0.625576437 -0.348323286 -0.075869888 -0.934298933 1.361916542
-0.939405024 0.040213238 0.340442598 7.325130463 0.011444692 0.996221185 -0.086094044 -0.630104363 -0.342618316 -0.076980919 -0.936315417 1.318334103
-0.940966904 0.037386760 0.336427152 7.346591473 0.009075763 0.996311069 -0.085334539 -0.635795712 -0.338376433 -0.077243641 -0.937835157 1.257345438
-0.942845762 0.030272728 0.331851155 7.362733841 0.003332370 0.996671736 -0.081452377 -0.639970779 -0.333212405 -0.075691186 -0.939808726 1.213210702
-0.945059896 0.023706071 0.326036572 7.385881901 -0.002561775 0.996799350 -0.079902776 -0.645773411 -0.326887220 -0.076348148 -0.941974342 1.152483463
-0.946602285 0.017591780 0.321923584 7.401349068 -0.009361645 0.996589422 -0.081986949 -0.649579108 -0.322268039 -0.080622755 -0.943208992 1.108270526
-0.947770953 0.014847836 0.318606138 7.416992664 -0.012471397 0.996426821 -0.083535127 -0.654253483 -0.318708062 -0.083145626 -0.944199145 1.063235998
-0.948864281 0.013068356 0.315413624 7.441417694 -0.015056933 0.996132135 -0.086568221 -0.660377800 -0.315325052 -0.086890645 -0.944997430 0.994588852
-0.949057460 0.014913375 0.314749837 7.456195831 -0.013745235 0.995969296 -0.088636361 -0.664630413 -0.314803064 -0.088447317 -0.945026994 0.950506449
-0.948963225 0.016461840 0.314956725 7.471799850 -0.013055539 0.995730639 -0.091380134 -0.668580413 -0.315116316 -0.090828329 -0.944696784 0.905332565
-0.948844492 0.014911153 0.315391302 7.494797230 -0.015024219 0.995620728 -0.092271097 -0.675873399 -0.315385967 -0.092289433 -0.944465101 0.837794423
-0.948453844 0.018439207 0.316378385 7.502192497 -0.011594189 0.995618939 -0.092784397 -0.678618431 -0.316703171 -0.091669872 -0.944084644 0.819825053
-0.947621524 0.019674581 0.318788379 7.524707317 -0.010283804 0.995703936 -0.092020959 -0.685864031 -0.319229305 -0.090479419 -0.943348348 0.750039816
-0.946874321 0.015771005 0.321216702 7.548022270 -0.015271474 0.995465219 -0.093891934 -0.692487121 -0.321240872 -0.093809307 -0.942339718 0.682440162
-0.945661366 0.015074692 0.324803323 7.563698769 -0.016456092 0.995425642 -0.094111182 -0.697167456 -0.324736267 -0.094342306 -0.941087604 0.638268590
-0.944133103 0.012242634 0.329336584 7.584731102 -0.019050537 0.995611370 -0.091624066 -0.703514278 -0.329012960 -0.092779368 -0.939756572 0.579753637
-0.942548454 0.010896001 0.333891600 7.600497723 -0.019760747 0.995899498 -0.088282533 -0.707958162 -0.333484352 -0.089808516 -0.938468277 0.538163662
-0.939793289 0.007284946 0.341665715 7.621414185 -0.023425268 0.996048033 -0.085671641 -0.713787496 -0.340939641 -0.088517249 -0.935908556 0.479435205
-0.937272787 0.009084990 0.348478228 7.637446404 -0.022372169 0.996032000 -0.086139567 -0.717722952 -0.347878069 -0.088532500 -0.933350325 0.437939405
-0.934107184 0.010065665 0.356850713 7.659693718 -0.021941116 0.996093869 -0.085530750 -0.723518729 -0.356317729 -0.087724581 -0.930237710 0.380744219
-0.930765569 0.011691165 0.365429550 7.676273823 -0.022197371 0.995837867 -0.088397466 -0.727734625 -0.364942104 -0.090388894 -0.926632226 0.339798212
-0.926555932 0.013647215 0.375909448 7.693171501 -0.020674085 0.995983481 -0.087116964 -0.731733680 -0.375588596 -0.088490345 -0.922552347 0.298713923
-0.921273947 0.016171407 0.388577819 7.720584869 -0.019674007 0.995918095 -0.088091873 -0.738856673 -0.388416231 -0.088801607 -0.917195201 0.231477499
-0.915708780 0.018382702 0.401421636 7.738134861 -0.018702162 0.995921016 -0.088269904 -0.743392229 -0.401406884 -0.088336974 -0.911629856 0.191340446
-0.909663320 0.021257859 0.414801955 7.757216454 -0.017220326 0.995900512 -0.088802382 -0.747156799 -0.414989203 -0.087923296 -0.905567944 0.149906874
-0.903063893 0.021992423 0.428942949 7.786096096 -0.015788628 0.996313453 -0.084322341 -0.754938722 -0.429216176 -0.082920879 -0.899387419 0.086988688
-0.896959186 0.023116389 0.441508561 7.806918144 -0.016467754 0.996192396 -0.085613906 -0.758963704 -0.441806555 -0.084062830 -0.893163145 0.046623230
-0.889752150 0.027454680 0.455617547 7.834185123 -0.012228434 0.996397376 -0.083921380 -0.764447629 -0.456280112 -0.080240719 -0.886210978 -0.008474827
-0.882827461 0.028926270 0.468805730 7.854897499 -0.010953827 0.996562481 -0.082117550 -0.768323898 -0.469569534 -0.077630848 -0.879475892 -0.046931267
-0.874714434 0.032166641 0.483570039 7.884158134 -0.006713438 0.996894956 -0.078456268 -0.773930669 -0.484592229 -0.071873255 -0.871782482 -0.101201534
-0.866640389 0.034402706 0.497745782 7.906610489 -0.004406300 0.997053325 -0.076585278 -0.778229475 -0.498913914 -0.068565115 -0.863935053 -0.140182972
-0.857457817 0.039334156 0.513048828 7.928249359 0.000860894 0.997182310 -0.075012639 -0.781638503 -0.514553726 -0.063878484 -0.855075538 -0.177392721
-0.848022401 0.040305864 0.528425515 7.962897301 0.001534450 0.997286260 -0.073605917 -0.787826240 -0.529958129 -0.061608613 -0.845782876 -0.232630730
-0.837612748 0.041994184 0.544647992 7.986347675 0.002887847 0.997367263 -0.072459131 -0.791438460 -0.546257019 -0.059119835 -0.835528672 -0.268293619
-0.825651705 0.045823608 0.562316358 8.019452095 0.007073280 0.997458518 -0.070897967 -0.796569765 -0.564135909 -0.054559603 -0.823877215 -0.318943024
-0.814204276 0.048810575 0.578523159 8.045022964 0.008134576 0.997321010 -0.072696477 -0.798948407 -0.580521584 -0.054483745 -0.812419891 -0.354131222
-0.801321387 0.050275035 0.596117795 8.079231262 0.010237132 0.997468889 -0.070362881 -0.804822922 -0.598146439 -0.050280735 -0.799808085 -0.401518583
-0.787400603 0.051317874 0.614301741 8.105536461 0.011642095 0.997589052 -0.068414517 -0.808220804 -0.616331637 -0.046717871 -0.786099792 -0.435600281
-0.772539973 0.051139258 0.632903457 8.141752243 0.012024965 0.997751176 -0.065941311 -0.813786626 -0.634852231 -0.043331657 -0.771417499 -0.481236935
-0.757590353 0.052218568 0.650638223 8.158979416 0.011185622 0.997687042 -0.067047514 -0.815866470 -0.652634442 -0.043516759 -0.756422341 -0.498522282
-0.738391638 0.057245858 0.671937704 8.208114624 0.015119063 0.997545421 -0.068371713 -0.821868420 -0.674202502 -0.040326048 -0.737444937 -0.557810545
-0.721227348 0.057969198 0.690268278 8.237189293 0.013902076 0.997502923 -0.069245361 -0.824903250 -0.692558765 -0.040345501 -0.720232427 -0.587720633
-0.701460600 0.058138411 0.710332990 8.278059959 0.013864581 0.997591794 -0.067958198 -0.829824209 -0.712573349 -0.037821531 -0.700577438 -0.629428864
-0.681374967 0.057778914 0.729650319 8.308565140 0.011639492 0.997608662 -0.068128355 -0.832844615 -0.731841981 -0.037928205 -0.680418193 -0.658505440
