0.999995053 -0.002062678 -0.002356787 0.001167391 0.002070256 0.999992609 0.003217299 -0.001119777 0.002350133 -0.003222163 0.999992073 0.054376565
0.999996603 -0.002259357 0.001299269 -0.004639268 0.002256053 0.999994218 0.002538564 -0.000473904 -0.001304997 -0.002535624 0.999995947 0.114650615
0.999989748 -0.001577256 -0.004242704 -0.001003500 0.001590244 0.999994040 0.003059605 -0.001433583 0.004237852 -0.003066321 0.999986291 0.158590376
0.999984980 -0.000554719 -0.005445846 -0.001889053 0.000572523 0.999994516 0.003268358 -0.002247793 0.005444002 -0.003271427 0.999979854 0.211092830
0.999977350 -0.000886692 -0.006671779 -0.002669140 0.000909831 0.999993563 0.003465947 -0.002794795 0.006668663 -0.003471939 0.999971747 0.263081372
0.999975681 -0.000755517 -0.006933288 -0.004707526 0.000784640 0.999990880 0.004198682 -0.003718987 0.006930052 -0.004204021 0.999967158 0.318337142
0.999945343 -0.002983154 -0.010021994 -0.004203008 0.003016975 0.999989808 0.003361270 -0.004119739 0.010011864 -0.003391322 0.999944150 0.366694570
0.999945343 -0.004042673 -0.009643398 -0.006442331 0.004077450 0.999985218 0.003589321 -0.004792549 0.009628745 -0.003628445 0.999947071 0.420041770
0.999911070 -0.003824803 -0.012773726 -0.005640401 0.003870142 0.999986291 0.003526542 -0.005293167 0.012760063 -0.003575664 0.999912202 0.470181882
0.999938667 -0.002561940 -0.010771369 -0.008546987 0.002592985 0.999992549 0.002869210 -0.005399316 0.010763937 -0.002896964 0.999937892 0.522982776
0.999895871 -0.000938839 -0.014398823 -0.007578596 0.000995924 0.999991775 0.003957858 -0.006256144 0.014394988 -0.003971787 0.999888420 0.572332978
0.999898612 -0.001174212 -0.014187681 -0.009054388 0.001236543 0.999989688 0.004385293 -0.007025572 0.014182383 -0.004402393 0.999889731 0.621822596
0.999877989 0.000991576 -0.015590662 -0.009692244 -0.000903971 0.999983728 0.005625111 -0.007300730 0.015595986 -0.005610331 0.999862611 0.673951745
0.999879301 0.001506707 -0.015459990 -0.010813711 -0.001427412 0.999985814 0.005138787 -0.007502079 0.015467511 -0.005116098 0.999867260 0.725255251
0.999862194 0.001747189 -0.016509671 -0.011494637 -0.001660472 0.999984741 0.005264725 -0.007882616 0.016518617 -0.005236585 0.999849856 0.774535775
0.999865353 0.002816568 -0.016165242 -0.012786405 -0.002727687 0.999981046 0.005517681 -0.008288950 0.016180472 -0.005472844 0.999854147 0.825949132
0.999857247 0.003449976 -0.016542153 -0.013581922 -0.003331994 0.999968827 0.007154448 -0.008847849 0.016566321 -0.007098308 0.999837577 0.874762177
0.999862432 0.003818107 -0.016138988 -0.014896788 -0.003720335 0.999974549 0.006083802 -0.009494085 0.016161809 -0.006022924 0.999851227 0.925427556
0.999853969 0.004837573 -0.016388509 -0.015793204 -0.004774911 0.999981105 0.003860541 -0.009772767 0.016406877 -0.003781724 0.999858201 0.972972631
0.999875009 0.002898524 -0.015542738 -0.016759032 -0.002849766 0.999990940 0.003158231 -0.010033904 0.015551754 -0.003113543 0.999874175 1.023074627
0.999874055 0.002501831 -0.015666664 -0.017809566 -0.002403029 0.999977112 0.006322174 -0.010548824 0.015682120 -0.006283729 0.999857306 1.071509004
0.999879003 0.001485710 -0.015478418 -0.018636275 -0.001371519 0.999971807 0.007385471 -0.010808240 0.015488954 -0.007363349 0.999852955 1.121040583
0.999887884 0.000150590 -0.014974865 -0.019726124 -0.000057645 0.999980748 0.006206960 -0.011105991 0.014975512 -0.006205400 0.999868572 1.168596983
0.999884903 0.000239905 -0.015171007 -0.020616682 -0.000169431 0.999989212 0.004646431 -0.011672216 0.015171958 -0.004643325 0.999874115 1.215710521
0.999913692 0.002148248 -0.012955895 -0.022977781 -0.002101378 0.999991238 0.003630239 -0.011961656 0.012963580 -0.003602701 0.999909461 1.262494802
0.999918640 0.001844189 -0.012619808 -0.023566851 -0.001809156 0.999994516 0.002786949 -0.012757143 0.012624878 -0.002763891 0.999916494 1.308850884
0.999925196 0.003169817 -0.011811740 -0.023855500 -0.003120755 0.999986410 0.004169806 -0.013476118 0.011824798 -0.004132633 0.999921560 1.354397535
0.999942303 0.003574472 -0.010129948 -0.025024064 -0.003516878 0.999977589 0.005697605 -0.013395913 0.010150089 -0.005661651 0.999932468 1.399684072
0.999961495 0.002623295 -0.008377491 -0.025719877 -0.002565479 0.999972820 0.006904644 -0.014264139 0.008395378 -0.006882886 0.999941051 1.444322109
0.999970257 0.003890299 -0.006655778 -0.025219513 -0.003836005 0.999959409 0.008150850 -0.015190390 0.006687218 -0.008125076 0.999944627 1.487895608
0.999985397 0.004320895 -0.003234348 -0.025690872 -0.004295975 0.999961317 0.007672733 -0.015663303 0.003267376 -0.007658726 0.999965310 1.530122399
0.999995530 0.002967377 0.000179299 -0.025892083 -0.002968330 0.999980032 0.005573046 -0.016055860 -0.000162758 -0.005573553 0.999984503 1.573171616
0.999990463 0.002473833 0.003605268 -0.025837857 -0.002488374 0.999988735 0.004034114 -0.016689185 -0.003595247 -0.004043047 0.999985278 1.615837216
0.999965250 0.002871208 0.007826602 -0.025688935 -0.002905212 0.999986351 0.004336800 -0.016993213 -0.007814044 -0.004359386 0.999959946 1.657411933
0.999907792 0.002841038 0.013284754 -0.025567740 -0.002901178 0.999985635 0.004509925 -0.017750384 -0.013271750 -0.004548050 0.999901533 1.698606968
0.999795020 0.004253414 0.019797562 -0.025100090 -0.004310852 0.999986708 0.002859508 -0.017809799 -0.019785130 -0.002944267 0.999799848 1.739907622
0.999614060 0.005370717 0.027253784 -0.024195209 -0.005461005 0.999979854 0.003239540 -0.018413940 -0.027235840 -0.003387123 0.999623299 1.780688167
0.999342859 0.006453016 0.035666909 -0.023538575 -0.006596873 0.999970555 0.003917107 -0.019009160 -0.035640586 -0.004149823 0.999356031 1.819476128
0.998938501 0.008465486 0.045279875 -0.021325625 -0.008681790 0.999951899 0.004582508 -0.019174188 -0.045238901 -0.004970753 0.998963833 1.857558131
0.998226702 0.010336293 0.058622453 -0.019911744 -0.010650606 0.999930620 0.005051699 -0.020349551 -0.058566157 -0.005667107 0.998267412 1.897324681
0.997201204 0.012907296 0.073643483 -0.017539605 -0.013312750 0.999898732 0.005017397 -0.020154184 -0.073571295 -0.005983752 0.997272015 1.935625076
0.995839655 0.015441353 0.089805081 -0.014462411 -0.016055455 0.999852300 0.006119740 -0.020331785 -0.089697316 -0.007536142 0.995940626 1.974049211
0.994115949 0.014903040 0.107290745 -0.009689450 -0.015709400 0.999854207 0.006674366 -0.020869274 -0.107175648 -0.008320567 0.994205296 2.013916731
0.991805255 0.015326322 0.126836360 -0.006630778 -0.016234094 0.999849379 0.006126368 -0.021133341 -0.126723364 -0.008135237 0.991904736 2.047936916
0.989062786 0.013863982 0.146842390 -0.001377255 -0.014715025 0.999880612 0.004710871 -0.021370132 -0.146759525 -0.006820135 0.989148676 2.083708286
0.985704660 0.011160814 0.168112054 0.004156232 -0.012043795 0.999918401 0.004233601 -0.021437744 -0.168051094 -0.006197787 0.985758781 2.119625330
0.981850982 0.005900012 0.189561933 0.010923326 -0.007239955 0.999953389 0.006376918 -0.021808531 -0.189515471 -0.007633604 0.981848001 2.154629707
0.977079570 0.001564007 0.212868780 0.018766493 -0.003361570 0.999961674 0.008082793 -0.022121990 -0.212847948 -0.008613107 0.977047384 2.190752745
0.971631408 -0.003943347 0.236467898 0.027787983 0.002262617 0.999970198 0.007378590 -0.022715295 -0.236489967 -0.006634234 0.971611261 2.226024389
0.965056002 -0.010273557 0.261842608 0.036289871 0.009217176 0.999943674 0.005262277 -0.022577368 -0.261881888 -0.002664943 0.965096295 2.258988619
0.957376122 -0.012836210 0.288558751 0.046066046 0.011572869 0.999914527 0.006083761 -0.022919504 -0.288612187 -0.002484996 0.957442880 2.292326212
0.948969722 -0.016117221 0.314955145 0.057594538 0.014333128 0.999865413 0.007980021 -0.023168014 -0.315041304 -0.003058505 0.949073017 2.324749231
0.939096928 -0.020929888 0.343014479 0.068566501 0.018256458 0.999772549 0.011021534 -0.023523726 -0.343167126 -0.004088059 0.939265430 2.356059074
0.928120017 -0.023764739 0.371521652 0.080763519 0.021194171 0.999714911 0.011001311 -0.024082527 -0.371677190 -0.002336442 0.928359032 2.386893988
0.915847063 -0.023042277 0.400865525 0.093276918 0.021969294 0.999732196 0.007273235 -0.024458839 -0.400925726 0.002145561 0.916108012 2.416988611
0.903521299 -0.024489366 0.427842855 0.109290361 0.026516890 0.999647558 0.001220456 -0.024306752 -0.427721977 0.010242355 0.903852284 2.445619106
0.889271200 -0.026400290 0.456617683 0.124321282 0.030281547 0.999540627 -0.001183370 -0.024541903 -0.456376731 0.014879428 0.889662206 2.474713326
0.873762727 -0.027232883 0.485589445 0.140183151 0.029742355 0.999554396 0.002539155 -0.025534170 -0.485442221 0.012223957 0.874183178 2.502554417
0.856363833 -0.025618363 0.515737057 0.157444954 0.025463268 0.999648511 0.007374967 -0.025017414 -0.515744686 0.006816692 0.856715202 2.530207157
0.836280644 -0.025238087 0.547720611 0.174857736 0.022949634 0.999675870 0.011023095 -0.025408054 -0.547821283 0.003351588 0.836588740 2.558414936
0.815192044 -0.019455193 0.578863919 0.192733765 0.019503167 0.999790967 0.006136669 -0.025574669 -0.578862309 0.006287116 0.815401077 2.584459305
0.793048024 -0.012804152 0.609024525 0.211146951 0.017185476 0.999851346 -0.001357347 -0.025406916 -0.608916581 0.011542816 0.793150246 2.609468222
0.770473778 -0.010455745 0.637385964 0.231446147 0.016068008 0.999866366 -0.003021132 -0.026335035 -0.637269258 0.012569224 0.770538807 2.634543657
0.747264862 -0.012606434 0.664406776 0.253643990 0.017135149 0.999853134 -0.000300888 -0.026423153 -0.664305449 0.011609553 0.747371078 2.659008741
0.723090410 -0.012392891 0.690642297 0.274669647 0.017707571 0.999842942 -0.000598324 -0.025794888 -0.690526426 0.012662238 0.723196149 2.680543423
0.697795630 -0.010889436 0.716214120 0.297162652 0.018972855 0.999814630 -0.003283595 -0.026342617 -0.716045678 0.015879907 0.697872758 2.702399254
0.671292484 -0.008500086 0.741143942 0.320061326 0.019077189 0.999801159 -0.005812601 -0.026814763 -0.740947127 0.018040899 0.671321034 2.723614216
0.644539952 -0.005442682 0.764551282 0.344526291 0.017919915 0.999807537 -0.007989616 -0.025978159 -0.764360666 0.018850323 0.644513428 2.744090080
0.615403473 -0.003876235 0.788202703 0.367645621 0.018164968 0.999792099 -0.009265834 -0.026412543 -0.788002908 0.020019908 0.615345895 2.764158249
0.587033868 0.002645386 0.809558034 0.393997192 0.016307240 0.999753118 -0.015091738 -0.027837684 -0.809398115 0.022061016 0.586845815 2.782956362
0.556769729 0.012077117 0.830579042 0.419559002 0.015576519 0.999566674 -0.024975853 -0.028273433 -0.830520749 0.026843326 0.556340456 2.800629616
0.525896430 0.020511756 0.850301206 0.447109580 0.014626488 0.999343276 -0.033153318 -0.029277153 -0.850422740 0.029872132 0.525251150 2.817794323
0.493906051 0.025324497 0.869146347 0.474920273 0.012651400 0.999260664 -0.036305018 -0.030408688 -0.869423211 0.028927190 0.493220538 2.834261894
0.461140245 0.024421850 0.886991143 0.503044248 0.009280947 0.999433756 -0.032342874 -0.033010487 -0.887278736 0.023146721 0.460652471 2.849508524
0.428410441 0.023720153 0.903272867 0.532413125 0.005345849 0.999571383 -0.028784441 -0.033492688 -0.903568506 0.017160315 0.428099990 2.863237858
0.393290907 0.024067612 0.919099033 0.562753856 0.001074607 0.999644697 -0.026636627 -0.035642948 -0.919413507 0.011463611 0.393125236 2.877369404
0.358272851 0.027118621 0.933223069 0.592665792 -0.005386794 0.999621391 -0.026980067 -0.036650244 -0.933601320 0.004639144 0.358283371 2.889414549
0.321942121 0.029021014 0.946314454 0.623596430 -0.010220611 0.999578357 -0.027177362 -0.037560441 -0.946704209 -0.000922375 0.322103053 2.900775194
0.286353856 0.028619424 0.957696319 0.655924201 -0.012666792 0.999579430 -0.026083637 -0.038605291 -0.958040178 -0.004661789 0.286595941 2.910357237
0.250088125 0.027846556 0.967822492 0.688018203 -0.013227876 0.999591291 -0.025342496 -0.040053729 -0.968132734 -0.006464380 0.250354230 2.918850183
0.214074522 0.027555596 0.976428509 0.721176088 -0.012391147 0.999598205 -0.025492795 -0.041122898 -0.976738751 -0.006641713 0.214329943 2.926391363
0.179097682 0.026193054 0.983482540 0.754490852 -0.009746243 0.999643683 -0.024848627 -0.042041939 -0.983783007 -0.005134929 0.179289177 2.932174683
0.144027680 0.025358912 0.989248693 0.788579702 -0.002044376 0.999677002 -0.025328593 -0.043367229 -0.989571512 0.001625622 0.144033000 2.937424183
0.109976619 0.028484894 0.993525922 0.822495759 0.000002746 0.999589086 -0.028659040 -0.044783674 -0.993934214 0.003154552 0.109931365 2.941246510
0.077782750 0.033561651 0.996405244 0.856753588 0.001531589 0.999427974 -0.033783030 -0.046023399 -0.996969163 0.004153820 0.077686854 2.943952322
0.048720814 0.037438177 0.998110533 0.891225934 0.008856155 0.999241829 -0.037912905 -0.047391251 -0.998773217 0.010686569 0.048352305 2.945384502
0.023341775 0.035640761 0.999092042 0.926269472 0.010512876 0.999300301 -0.035893813 -0.048854508 -0.999672294 0.011341158 0.022950755 2.946128130
0.000960032 0.032673664 0.999465644 0.961373866 0.011992539 0.999393821 -0.032682836 -0.050295085 -0.999927580 0.012017508 0.000567609 2.946419477
-0.017549066 0.030319335 0.999386132 0.996790409 0.012968725 0.999463081 -0.030093933 -0.051515274 -0.999761820 0.012432647 -0.017932849 2.945586205
-0.034543104 0.033632897 0.998837173 1.031744123 0.014718211 0.999342322 -0.033140905 -0.052752443 -0.999294877 0.013556305 -0.035015404 2.944836378
-0.049042135 0.037609998 0.998088360 1.067062259 0.016824597 0.999180138 -0.036824450 -0.054650962 -0.998654962 0.014986486 -0.049634703 2.943321943
-0.060571034 0.043121144 0.997232020 1.102758646 0.021452596 0.998891890 -0.041889898 -0.055985749 -0.997933328 0.018855901 -0.061428968 2.940327406
-0.069515347 0.046367489 0.996502697 1.138506413 0.026729828 0.998647153 -0.044602610 -0.057898946 -0.997222781 0.023535777 -0.070660688 2.937850714
-0.075578623 0.051851429 0.995790780 1.173509717 0.030249013 0.998306751 -0.049686585 -0.059738986 -0.996680915 0.026366444 -0.077019095 2.935039759
-0.078628145 0.056792077 0.995285034 1.209262371 0.033012316 0.997976720 -0.054337673 -0.061630215 -0.996357262 0.028584190 -0.080343932 2.931910276
-0.081390411 0.061036646 0.994811594 1.244746208 0.035311971 0.997673035 -0.058323160 -0.063626572 -0.996056557 0.030381812 -0.083356358 2.928767443
-0.084670201 0.063636772 0.994374812 1.279689550 0.035992734 0.997502446 -0.060772188 -0.066291183 -0.995758712 0.030644679 -0.086749204 2.926289082
-0.086295173 0.066691294 0.994034946 1.315143228 0.036872443 0.997287154 -0.063708484 -0.069160692 -0.995587051 0.031154763 -0.088520125 2.922677755
-0.089379579 0.070525445 0.993497550 1.350655079 0.037147164 0.997031987 -0.067434408 -0.071805313 -0.995304704 0.030878358 -0.091734111 2.920226574
-0.091384977 0.072091311 0.993202806 1.386051416 0.040151697 0.996831775 -0.068660364 -0.074360706 -0.995005846 0.033604249 -0.093990035 2.917190552
-0.092782803 0.070839554 0.993163168 1.423433423 0.041203309 0.996884644 -0.067255720 -0.076770969 -0.994833410 0.034681428 -0.095412575 2.912921190
-0.093896836 0.070387863 0.993090570 1.460208774 0.040667161 0.996936321 -0.066815346 -0.079741523 -0.994750977 0.034112427 -0.096471645 2.908324480
-0.096189789 0.071396165 0.992799103 1.495073915 0.041285530 0.996852040 -0.067687593 -0.082601704 -0.994506419 0.034477387 -0.098834597 2.904987097
-0.099735424 0.073622562 0.992286444 1.531055689 0.040495135 0.996732891 -0.069882274 -0.085336283 -0.994189620 0.033213042 -0.102390938 2.903005362
-0.102954641 0.075007536 0.991853893 1.567508340 0.038305763 0.996712029 -0.071398772 -0.088755690 -0.993948221 0.030642882 -0.105489343 2.899644852
-0.105270244 0.078946300 0.991305053 1.605034351 0.036936488 0.996466458 -0.075434923 -0.091523655 -0.993757427 0.028674278 -0.107814267 2.895595074
-0.107026979 0.082964353 0.990788639 1.640937686 0.034052383 0.996233881 -0.079741903 -0.094447933 -0.993672788 0.025204184 -0.109449007 2.891644955
-0.109906770 0.085201606 0.990283430 1.677517176 0.031709611 0.996112585 -0.082183838 -0.097641997 -0.993435919 0.022368941 -0.112181239 2.887808323
-0.112365082 0.083530813 0.990149856 1.716257215 0.030063761 0.996290147 -0.080637097 -0.101123251 -0.993212163 0.020706834 -0.114459455 2.883199692
-0.115383320 0.080176994 0.990080059 1.752649903 0.026379749 0.996632934 -0.077633381 -0.103567123 -0.992970705 0.017160464 -0.117109895 2.879418373
-0.117915913 0.078416213 0.989922583 1.790516019 0.026965965 0.996762455 -0.075745955 -0.106728181 -0.992657423 0.017762564 -0.119648732 2.875114202
-0.119906425 0.079773024 0.989575028 1.829093695 0.025544832 0.996684432 -0.077250876 -0.109680362 -0.992456555 0.016015649 -0.121546663 2.870682240
-0.121344954 0.082122162 0.989207387 1.865526080 0.026483428 0.996484756 -0.079477623 -0.112886824 -0.992256999 0.016553394 -0.123093292 2.866615772
-0.121802986 0.085128717 0.988896906 1.902725458 0.027234143 0.996226728 -0.082405254 -0.115804605 -0.992180586 0.016894555 -0.123661786 2.861780167
-0.121663362 0.085642107 0.988869786 1.941554666 0.025424352 0.996212602 -0.083150022 -0.119292930 -0.992245793 0.015025058 -0.123379990 2.856367111
-0.122177303 0.083801769 0.988964081 1.979796052 0.023040883 0.996399999 -0.081585385 -0.122989506 -0.992240787 0.012818723 -0.123668328 2.852633238
-0.121365272 0.083975874 0.989049256 2.018268585 0.019362478 0.996425569 -0.082226217 -0.125826776 -0.992419064 0.009171036 -0.122557439 2.847426414
-0.122608624 0.084045738 0.988889992 2.056128979 0.016179187 0.996444643 -0.082681820 -0.130064249 -0.992323220 0.005861932 -0.123532504 2.844293118
-0.122005694 0.084344730 0.988939226 2.094547272 0.011914263 0.996435344 -0.083514191 -0.133073375 -0.992457867 0.001593274 -0.122575693 2.838745832
-0.123097003 0.083855271 0.988845468 2.132673979 0.008578871 0.996476293 -0.083434410 -0.136383727 -0.992357552 -0.001787350 -0.123382628 2.834760427
-0.123217940 0.078739800 0.989250898 2.170665264 0.009367279 0.996895134 -0.078181475 -0.139592603 -0.992335439 -0.000366772 -0.123572931 2.829771042
-0.123594321 0.070440128 0.989829719 2.209964752 0.012255335 0.997509837 -0.069456406 -0.142501593 -0.992257178 0.003546279 -0.124149822 2.825392962
-0.122685917 0.064644501 0.990338027 2.247689724 0.018141262 0.997855723 -0.062887825 -0.145486251 -0.992279708 0.010250529 -0.123595573 2.819869995
-0.122323103 0.067196980 0.990212977 2.287188053 0.026320826 0.997574091 -0.064445049 -0.148116648 -0.992141306 0.018180104 -0.123795033 2.814564466
-0.121458136 0.072783031 0.989924490 2.325930357 0.032435317 0.997066438 -0.069328487 -0.151052088 -0.992066383 0.023688000 -0.123462580 2.810311317
-0.120481670 0.079628855 0.989516675 2.364292145 0.034607079 0.996508837 -0.075977810 -0.153344154 -0.992112041 0.025090346 -0.122816764 2.805250406
-0.118805237 0.082485534 0.989485383 2.402600765 0.037093159 0.996216476 -0.078592949 -0.157087699 -0.992224395 0.027365884 -0.121415392 2.799724340
-0.118726864 0.080640495 0.989646912 2.442408562 0.033718567 0.996449172 -0.077149592 -0.159785286 -0.992354274 0.024209743 -0.121024370 2.795117140
-0.119316861 0.075612873 0.989972770 2.481350422 0.033148810 0.996843338 -0.072142370 -0.163173050 -0.992302656 0.024208622 -0.121446706 2.790982246
-0.118574791 0.073677905 0.990207851 2.520912647 0.030406300 0.997044981 -0.070545562 -0.166156322 -0.992479503 0.021743631 -0.120464675 2.786005497
-0.118604600 0.075223647 0.990088046 2.561299562 0.028944867 0.996964395 -0.072278716 -0.168630749 -0.992519617 0.020085374 -0.120421886 2.781296968
-0.119129457 0.080471382 0.989612281 2.601060390 0.027912382 0.996587753 -0.077678502 -0.171548843 -0.992486298 0.018368637 -0.120969087 2.776815176
-0.118066721 0.083050564 0.989526570 2.639769316 0.028287070 0.996373236 -0.080250084 -0.174813062 -0.992602706 0.018515939 -0.119987786 2.772402048
-0.117599890 0.082311749 0.989643872 2.679981232 0.028952695 0.996419489 -0.079434834 -0.177916303 -0.992638886 0.019311331 -0.119561978 2.767637014
-0.117649376 0.074686110 0.990242720 2.718999624 0.030066382 0.996978521 -0.071621999 -0.181591421 -0.992599905 0.021346731 -0.119539455 2.763473034
-0.117554225 0.073777989 0.990322053 2.759443521 0.029199453 0.997062087 -0.070814036 -0.184565410 -0.992637217 0.020592371 -0.119363129 2.758358002
-0.117810205 0.076777309 0.990063608 2.799877405 0.026696650 0.996891201 -0.074130066 -0.187616333 -0.992677271 0.017698104 -0.119493648 2.754394531
-0.117191173 0.079889193 0.989890873 2.839385986 0.025831699 0.996667266 -0.077377915 -0.190825611 -0.992773354 0.016502559 -0.118864268 2.749173164
-0.116929278 0.078853905 0.990004838 2.879920244 0.024745435 0.996764839 -0.076469652 -0.194276363 -0.992831826 0.015556559 -0.118502259 2.744282484
-0.116744496 0.075277030 0.990305066 2.921077728 0.024181880 0.997043312 -0.072938479 -0.197589099 -0.992867589 0.015432270 -0.118219659 2.739912510
-0.116186745 0.074398585 0.990436971 2.961134672 0.025233895 0.997089863 -0.071938165 -0.200898856 -0.992906749 0.016634323 -0.117725976 2.735373497
-0.114808299 0.076060943 0.990471482 3.002021313 0.026237208 0.996948719 -0.073517121 -0.203602940 -0.993041158 0.017546829 -0.116453603 2.730444670
-0.113859884 0.075140566 0.990651131 3.043416023 0.029020999 0.996961832 -0.072283722 -0.207236886 -0.993072808 0.020519473 -0.115694605 2.725457668
-0.113677949 0.074728221 0.990703285 3.084597111 0.028584005 0.997000515 -0.071923360 -0.210571021 -0.993106425 0.020142168 -0.115473002 2.721293688
-0.111836098 0.075024888 0.990890443 3.125742435 0.029902820 0.996948421 -0.072108611 -0.213731736 -0.993276656 0.021566071 -0.113738269 2.716387033
-0.111406080 0.072818466 0.991103530 3.167368889 0.030061619 0.997102201 -0.069880106 -0.217087269 -0.993320167 0.022009108 -0.113272317 2.711989164
-0.109221801 0.072645180 0.991359293 3.208554983 0.028387459 0.997147083 -0.069941744 -0.219884858 -0.993611991 0.020503009 -0.110972412 2.707132101
-0.107916251 0.071833231 0.991561353 3.250588894 0.029388187 0.997180760 -0.069041871 -0.222892612 -0.993725538 0.021689447 -0.109723076 2.702373743
-0.105403133 0.073161565 0.991734624 3.292879105 0.028175728 0.997109294 -0.070563510 -0.225882739 -0.994030356 0.020505231 -0.107159853 2.697658062
-0.104471400 0.076209106 0.991603673 3.334512234 0.027952818 0.996890843 -0.073670454 -0.228815079 -0.994135082 0.020021664 -0.106276840 2.693570614
-0.102881901 0.075011306 0.991861105 3.377028942 0.025733426 0.997019470 -0.072732203 -0.231950611 -0.994360566 0.018041164 -0.104505554 2.688776016
-0.102178536 0.072484419 0.992121637 3.418243408 0.022612333 0.997253358 -0.070530489 -0.235894874 -0.994508982 0.015227485 -0.103536911 2.684453011
-0.101420835 0.075204045 0.991997063 3.462009907 0.019680886 0.997095346 -0.073578380 -0.237825423 -0.994648933 0.012061002 -0.102606311 2.679454327
-0.100609034 0.075421736 0.992063224 3.504670858 0.016693110 0.997110188 -0.074112512 -0.240631148 -0.994785964 0.009104232 -0.101577312 2.673681736
-0.102382049 0.071928963 0.992141187 3.545776844 0.014868881 0.997381449 -0.070774511 -0.244236976 -0.994633973 0.007505986 -0.103183463 2.670959711
-0.104492344 0.070730135 0.992007375 3.587928295 0.012857933 0.997480512 -0.069765992 -0.247424901 -0.994442582 0.005465152 -0.105138518 2.666936874
-0.104708314 0.070051186 0.992032766 3.630700827 0.010294200 0.997539043 -0.069353476 -0.250434846 -0.994449675 0.002950300 -0.105171748 2.662072182
-0.106452003 0.070182219 0.991837919 3.671357632 0.010758701 0.997528791 -0.069430210 -0.253459543 -0.994259596 0.003279903 -0.106944017 2.657551527
-0.108924702 0.069019116 0.991651058 3.714909315 0.009734905 0.997612894 -0.068364762 -0.256794155 -0.994002342 0.002207016 -0.109336585 2.653353453
-0.112589046 0.063675731 0.991599321 3.755993843 0.007112907 0.997970641 -0.063277252 -0.259970397 -0.993616164 -0.000071173 -0.112813495 2.649068594
-0.116727203 0.063903302 0.991106033 3.800642967 0.006029966 0.997955024 -0.063634716 -0.263246924 -0.993145704 -0.001451568 -0.116873838 2.644259453
-0.125714421 0.071634419 0.989476800 3.844364166 0.001182172 0.997399807 -0.072057806 -0.264799088 -0.992065787 -0.007888974 -0.125472218 2.642307520
-0.129377022 0.072541296 0.988938510 3.885477781 0.001926400 0.997337103 -0.072905339 -0.269662052 -0.991593599 -0.007527185 -0.129172236 2.634085178
-0.138411343 0.067841165 0.988048553 3.927463055 0.003304820 0.997677267 -0.068039328 -0.273338199 -0.990369380 -0.006152091 -0.138314024 2.628159523
-0.149767697 0.066522509 0.986480832 3.969362736 0.005976157 0.997776747 -0.066376939 -0.276195407 -0.988703072 -0.004045757 -0.149832249 2.622551918
-0.162716717 0.066937774 0.984399617 4.011159420 0.005237440 0.997740626 -0.066979215 -0.279758334 -0.986658871 -0.005742905 -0.162699670 2.615880251
-0.176093370 0.068291038 0.982001781 4.052686214 0.008980115 0.997660577 -0.067769676 -0.282116234 -0.984332502 -0.003115304 -0.176294640 2.608359575
-0.190257475 0.066497445 0.979479611 4.093450069 0.009839579 0.997782409 -0.065828770 -0.284956127 -0.981684923 -0.002886747 -0.190489858 2.600295067
-0.206049204 0.068840317 0.976117194 4.134385586 0.013065572 0.997627020 -0.067599267 -0.288350075 -0.978454411 -0.001175247 -0.206459716 2.592121124
-0.221170694 0.072352789 0.972547472 4.174598217 0.013546253 0.997375906 -0.071119294 -0.291477621 -0.975141048 -0.002555131 -0.221570387 2.583399296
-0.236567765 0.075565018 0.968672097 4.213092327 0.012590615 0.997125804 -0.074709795 -0.294905156 -0.971533418 -0.005477751 -0.236839205 2.574226856
-0.252974302 0.073641442 0.964666247 4.252339363 0.009030107 0.997235239 -0.073759638 -0.298062235 -0.967430830 -0.009948255 -0.252939820 2.564419746
-0.269087404 0.067484386 0.960748553 4.290718555 0.003274467 0.997600436 -0.069155812 -0.301549375 -0.963110209 -0.015463025 -0.268662691 2.554402351
-0.284966499 0.064271912 0.956380308 4.329975605 0.000819377 0.997765422 -0.066808991 -0.304337621 -0.958537161 -0.018254686 -0.284382313 2.543512821
-0.299618840 0.065273546 0.951823592 4.367205620 -0.001784214 0.997616768 -0.068975575 -0.307479680 -0.954057336 -0.022364635 -0.298788339 2.531829834
-0.314594001 0.067397989 0.946830630 4.404633522 -0.002195141 0.997421861 -0.071728557 -0.310415864 -0.949223816 -0.024643803 -0.313634932 2.519988060
-0.328491479 0.069624431 0.941937268 4.442456245 -0.000987033 0.997253478 -0.074057430 -0.313613027 -0.944506347 -0.025256954 -0.327520579 2.507210255
-0.343153477 0.069499776 0.936704516 4.479194164 0.001408668 0.997295737 -0.073479347 -0.316701442 -0.939278245 -0.023895184 -0.342323393 2.494533062
-0.356678158 0.067440763 0.931789815 4.517056942 0.001440705 0.997429430 -0.071640104 -0.320325375 -0.934226215 -0.024210034 -0.355858505 2.480201244
-0.371840715 0.066379622 0.925920129 4.553316116 0.001395175 0.997478902 -0.070949413 -0.323280394 -0.928295553 -0.025090065 -0.370995909 2.466295719
-0.386457831 0.067029178 0.919868112 4.590990543 -0.000131171 0.997351646 -0.072730362 -0.327087641 -0.922307074 -0.028227886 -0.385425538 2.451093674
-0.401918143 0.068726905 0.913092852 4.626055717 0.000382949 0.997191787 -0.074888341 -0.330516279 -0.915675581 -0.029749310 -0.400815845 2.436535358
-0.416628122 0.071160026 0.906287491 4.664293766 0.002000694 0.997000992 -0.077362925 -0.333428174 -0.909074783 -0.030418364 -0.415520966 2.419371605
-0.431395233 0.073412731 0.899171054 4.700349808 0.004351077 0.996841371 -0.079299487 -0.337063432 -0.902152479 -0.030297056 -0.430352062 2.402543545
-0.445917279 0.076703012 0.891781628 4.737309933 0.004173492 0.996488750 -0.083622120 -0.340528846 -0.895064473 -0.033566698 -0.444671690 2.384647369
-0.460671306 0.079262190 0.884024620 4.772932053 0.006193215 0.996267319 -0.086098626 -0.344098806 -0.887549222 -0.034188200 -0.459442705 2.366378069
-0.476990104 0.076907888 0.875537336 4.809854507 0.004878785 0.996380448 -0.084864914 -0.347435772 -0.878895044 -0.036208156 -0.475638896 2.347980022
-0.492901474 0.071937710 0.867106199 4.843883514 0.001507740 0.996645331 -0.081827603 -0.351386547 -0.870083749 -0.039025575 -0.491356462 2.328713179
-0.509183943 0.072427861 0.857604742 4.881573677 0.001305477 0.996516585 -0.083384372 -0.354646742 -0.860656738 -0.041338410 -0.507504761 2.307989836
-0.525027215 0.071959704 0.848037839 4.915637016 0.000523670 0.996446311 -0.084228605 -0.357719570 -0.851085186 -0.043778207 -0.523199081 2.287074566
-0.540693998 0.070542023 0.838256419 4.949350357 -0.000369980 0.996457756 -0.084093839 -0.361540377 -0.841219127 -0.045779172 -0.538752675 2.265493393
-0.556149542 0.070768662 0.828063726 4.984493256 -0.001260552 0.996294975 -0.085992798 -0.364827573 -0.831081331 -0.048868671 -0.553999722 2.242879868
-0.571923494 0.069032334 0.817397118 5.016460419 -0.002444829 0.996304870 -0.085852399 -0.368681997 -0.820303202 -0.051099397 -0.569641411 2.220887184
-0.586760938 0.066445231 0.807029426 5.048696041 -0.002489229 0.996475101 -0.083852693 -0.372271985 -0.809756279 -0.051210370 -0.584527314 2.197490215
-0.601769686 0.063261688 0.796160281 5.081497192 -0.002062070 0.996731639 -0.080757372 -0.375627756 -0.798667014 -0.050239071 -0.599672437 2.173263788
-0.616690874 0.061096374 0.784830928 5.113535404 -0.002528696 0.996824682 -0.079586312 -0.378866225 -0.787201405 -0.051064745 -0.614578247 2.148463726
-0.630643070 0.060240813 0.773731411 5.145712376 -0.002015306 0.996852338 -0.079255067 -0.382361531 -0.776070416 -0.051540963 -0.628536582 2.122130871
-0.645770371 0.060940634 0.761095822 5.177443504 -0.003576201 0.996557474 -0.082828268 -0.386270940 -0.763523221 -0.056209881 -0.643329382 2.095931053
-0.661274731 0.060116049 0.747731149 5.208662987 -0.005763724 0.996347070 -0.085201547 -0.389608681 -0.750121713 -0.060651343 -0.658512592 2.069728851
-0.676743209 0.056942105 0.734013796 5.239105225 -0.007464019 0.996422589 -0.084180467 -0.393084884 -0.736181438 -0.062447239 -0.673897088 2.042093515
-0.693288624 0.049460549 0.718960762 5.270404339 -0.010939872 0.996804774 -0.079123914 -0.396824926 -0.720577002 -0.062721044 -0.690532327 2.013601303
-0.709789515 0.046803504 0.702857256 5.299581528 -0.012352305 0.996809840 -0.078852035 -0.400209367 -0.704305530 -0.064650260 -0.706947088 1.984947443
-0.727355838 0.044324826 0.684827507 5.330148697 -0.013618816 0.996783137 -0.078980409 -0.403836489 -0.686125338 -0.066773400 -0.724412322 1.953880787
-0.744935989 0.040298939 0.665917635 5.357532501 -0.016964009 0.996706903 -0.079294071 -0.407301277 -0.666920245 -0.070365638 -0.741799116 1.924810529
-0.761190116 0.038885169 0.647361994 5.386878014 -0.016019586 0.996768832 -0.078709401 -0.410966814 -0.648330927 -0.070283279 -0.758107722 1.890863538
-0.777216673 0.040141962 0.627951205 5.413639069 -0.014343808 0.996573389 -0.081459589 -0.414867163 -0.629069507 -0.072318956 -0.773977697 1.858589649
-0.792268872 0.040610183 0.608819306 5.439470768 -0.010070069 0.996776640 -0.079592563 -0.418172836 -0.610089123 -0.069189541 -0.789306223 1.825443149
-0.806593418 0.041498110 0.589648068 5.464803696 -0.006637834 0.996833861 -0.079234973 -0.421978980 -0.591069162 -0.067824386 -0.803764284 1.791506648
-0.820749879 0.042660505 0.569692552 5.488795280 -0.004678588 0.996672571 -0.081374615 -0.425910652 -0.571268380 -0.069453560 -0.817819417 1.756688237
-0.833809674 0.043550398 0.550331473 5.511471748 -0.004350893 0.996334136 -0.085436821 -0.429913193 -0.552034616 -0.073632486 -0.830563664 1.720754743
-0.847381234 0.043875769 0.529168904 5.535445213 -0.001990917 0.996310651 -0.085796744 -0.433002234 -0.530980945 -0.073756099 -0.844167769 1.686084270
-0.859241307 0.042826183 0.509774625 5.557368279 0.000100462 0.996503830 -0.083546966 -0.436358631 -0.511570275 -0.071735814 -0.856241703 1.650963306
-0.870009303 0.044073321 0.491061449 5.578934193 0.002872052 0.996432662 -0.084342562 -0.441115141 -0.493026942 -0.071968466 -0.867032349 1.614982486
-0.879154742 0.047009684 0.474212021 5.600181580 0.005243000 0.996016324 -0.089017145 -0.444050193 -0.476507574 -0.075773552 -0.875898898 1.575815916
-0.888723552 0.045548264 0.456175238 5.622390747 0.003871404 0.995762348 -0.091882765 -0.446939439 -0.458427191 -0.079892345 -0.885133803 1.537454367
-0.896591246 0.041357242 0.440923631 5.638994217 0.001948012 0.995988607 -0.089459412 -0.452583015 -0.442854673 -0.079349600 -0.893075228 1.501693487
-0.903543651 0.039676242 0.426655233 5.657310009 0.001610507 0.996011317 -0.089212120 -0.457031071 -0.428493083 -0.079919912 -0.900003552 1.463107109
-0.909979403 0.037806500 0.412926167 5.676068783 0.000789690 0.995991111 -0.089450166 -0.460324764 -0.414652586 -0.081071749 -0.906361222 1.421907902
-0.916083038 0.035717901 0.399394542 5.693358898 0.000208982 0.996067345 -0.088599063 -0.464610517 -0.400988489 -0.081080645 -0.912487924 1.382821202
-0.921872735 0.031167921 0.386237144 5.710160732 -0.001653154 0.996434450 -0.084354356 -0.469190359 -0.387489229 -0.078402482 -0.918534279 1.343691587
-0.926938593 0.028019721 0.374165237 5.727447033 -0.002760699 0.996671498 -0.081475928 -0.472781897 -0.375202775 -0.076556131 -0.923775971 1.303969860
-0.931156397 0.027423613 0.363587230 5.743241787 -0.001176020 0.996936560 -0.078205861 -0.476374090 -0.364618093 -0.073249482 -0.928271592 1.264028311
-0.934251130 0.030994447 0.355266392 5.758582592 0.002870910 0.996837318 -0.079417221 -0.480525076 -0.356604308 -0.073175676 -0.931385398 1.224472284
-0.936747193 0.037343476 0.348008841 5.774068832 0.009581330 0.996655226 -0.081156790 -0.484079242 -0.349875599 -0.072689012 -0.933971822 1.184754133
-0.938836157 0.040450230 0.341980129 5.789168835 0.012629416 0.996453524 -0.083191469 -0.487984329 -0.344132423 -0.073784143 -0.936017573 1.145654798
-0.940365434 0.037521318 0.338090271 5.803492069 0.010190881 0.996559322 -0.082253367 -0.491774499 -0.340013266 -0.073902778 -0.937512338 1.104374409
-0.942160249 0.030672792 0.333756566 5.817971706 0.004668858 0.996908069 -0.078437835 -0.495281518 -0.335130483 -0.072342739 -0.939390361 1.064536572
-0.944413602 0.024010597 0.327881753 5.833715916 -0.001329479 0.997042358 -0.076842219 -0.499214232 -0.328756958 -0.073006749 -0.941588461 1.023918390
-0.946015298 0.017641090 0.323641688 5.847894192 -0.008391798 0.996849835 -0.078865871 -0.502603114 -0.324013472 -0.077324256 -0.942887187 0.983554006
-0.947622716 0.014371181 0.319068789 5.862599850 -0.012188580 0.996632338 -0.081088960 -0.506265759 -0.319159627 -0.080730736 -0.944256186 0.944770873
-0.948128879 0.014581311 0.317551643 5.876618862 -0.012599909 0.996438622 -0.083374523 -0.510274649 -0.317636490 -0.083050914 -0.944568515 0.901785016
-0.948358297 0.015265024 0.316833586 5.890447617 -0.012495648 0.996268094 -0.085402593 -0.514110386 -0.316954911 -0.084951289 -0.944628417 0.861538529
-0.948448300 0.018322939 0.316401929 5.904585838 -0.009775004 0.996161222 -0.086989649 -0.518118799 -0.316781223 -0.085597999 -0.944628417 0.821518183
-0.947945654 0.017695058 0.317940116 5.917779446 -0.010978177 0.996045232 -0.088166915 -0.522219658 -0.318242818 -0.087067850 -0.944002628 0.781184912
-0.947287381 0.018766336 0.319835037 5.931395054 -0.010393546 0.995957613 -0.089221485 -0.526775777 -0.320216447 -0.087842591 -0.943263054 0.740968108
-0.946532071 0.020205937 0.321976304 5.945600033 -0.009081451 0.995972216 -0.089200482 -0.530763984 -0.322481841 -0.087355122 -0.942536294 0.698997498
-0.945911527 0.019218987 0.323854744 5.959169388 -0.010608207 0.995877802 -0.090084180 -0.534454465 -0.324250996 -0.088647179 -0.941808343 0.661157489
-0.944806516 0.018048897 0.327131391 5.973370552 -0.012476910 0.995775044 -0.090975396 -0.538083434 -0.327391267 -0.090035729 -0.940589428 0.621093154
-0.942958832 0.015591772 0.332544059 5.987652302 -0.014523542 0.996024966 -0.087882772 -0.542757630 -0.332592368 -0.087699570 -0.938984096 0.581586719
-0.941412687 0.013598445 0.336982667 6.002589226 -0.016018393 0.996256173 -0.084952295 -0.546765625 -0.336876303 -0.085373081 -0.937670410 0.542325854
-0.938185096 0.011874141 0.345930159 6.016324997 -0.017599493 0.996482253 -0.081935458 -0.550408065 -0.345686197 -0.082958817 -0.934675872 0.502436876
-0.935413480 0.013207753 0.353308886 6.030136108 -0.016845204 0.996502101 -0.081851281 -0.554243684 -0.353154123 -0.082516357 -0.931919038 0.465624213
-0.932326198 0.014025522 0.361346275 6.045403957 -0.017011313 0.996440172 -0.082568116 -0.557629466 -0.361218065 -0.083127409 -0.928768694 0.427359581
-0.929271400 0.013654401 0.369145423 6.060685158 -0.019719958 0.996057928 -0.086485602 -0.560474992 -0.368871152 -0.087648131 -0.925338745 0.391700745
-0.924415112 0.017272932 0.380996525 6.075288296 -0.016156364 0.996303618 -0.084368974 -0.564469993 -0.381045491 -0.084147461 -0.920719028 0.354390621
-0.919950247 0.018508883 0.391597986 6.091588974 -0.016452117 0.996182203 -0.085734241 -0.568446338 -0.391689837 -0.085313834 -0.916133523 0.318210959
-0.913550079 0.021459762 0.406159669 6.107423782 -0.015105969 0.996127844 -0.086608112 -0.572149873 -0.406445593 -0.085256293 -0.909688592 0.280472994
-0.907700419 0.022543624 0.419012666 6.124632835 -0.015137730 0.996146500 -0.086387075 -0.576149166 -0.419345528 -0.084756494 -0.903861582 0.244117022
-0.901025653 0.022613332 0.433176041 6.141948223 -0.015494168 0.996325016 -0.084240325 -0.579593897 -0.433488995 -0.082614385 -0.897363961 0.206812143
-0.894758940 0.024541968 0.445874691 6.159803391 -0.015043785 0.996265173 -0.085025825 -0.583446622 -0.446296155 -0.082785264 -0.891047776 0.171411991
-0.887683332 0.028213987 0.459589154 6.177762032 -0.011414578 0.996465862 -0.083219573 -0.586920440 -0.460312843 -0.079118647 -0.884224117 0.136562824
-0.880476594 0.029404687 0.473176628 6.195986271 -0.010833222 0.996566236 -0.082087971 -0.590083122 -0.473965585 -0.077402577 -0.877134740 0.102500439
-0.872484982 0.031929068 0.487596869 6.215395927 -0.007180746 0.996917367 -0.078129552 -0.593950033 -0.488588452 -0.071668155 -0.869566023 0.067193747
-0.864412725 0.034530737 0.501595974 6.234792709 -0.004643279 0.997047961 -0.076640390 -0.597498178 -0.502761722 -0.068577953 -0.861700475 0.033993721
-0.855459094 0.038622234 0.516428113 6.254384995 -0.000175284 0.997193336 -0.074867718 -0.600622475 -0.517870307 -0.064136788 -0.853051484 0.001335144
-0.845350802 0.040772323 0.532653332 6.274588585 0.001689293 0.997282207 -0.073656663 -0.604055226 -0.534208834 -0.061365917 -0.843122244 -0.030845642
-0.834278643 0.044404879 0.549551964 6.295432091 0.005897635 0.997413158 -0.071639717 -0.607366920 -0.551311493 -0.056526430 -0.832382381 -0.062890768
-0.823003352 0.045959003 0.566174209 6.316588879 0.007415405 0.997505963 -0.070192993 -0.610745788 -0.567988157 -0.053570662 -0.821291506 -0.094351768
-0.812167645 0.047316123 0.581502199 6.338778496 0.008196350 0.997532904 -0.069720440 -0.614116192 -0.583366394 -0.051858481 -0.810551822 -0.123962402
-0.799831569 0.050051514 0.598134041 6.361026764 0.010169427 0.997504175 -0.069871910 -0.616768301 -0.600138366 -0.049803082 -0.798344314 -0.153941870
-0.785687804 0.050639316 0.616547048 6.384817123 0.011261541 0.997649670 -0.067589715 -0.619988918 -0.618520737 -0.046161134 -0.784411371 -0.184495449
-0.770514667 0.050170098 0.635444760 6.406576633 0.011575850 0.997834742 -0.064745374 -0.624234498 -0.637317181 -0.042531438 -0.769427001 -0.212890387
-0.753310740 0.055474125 0.655320942 6.432971478 0.015575381 0.997661471 -0.066549525 -0.626154900 -0.657480299 -0.039925598 -0.752413154 -0.242951632
-0.737087905 0.058790293 0.673234940 6.456439018 0.017879060 0.997556508 -0.067536920 -0.629056573 -0.675560415 -0.037743829 -0.736337960 -0.267431736
-0.718639016 0.059039716 0.692872465 6.482981682 0.016055183 0.997532368 -0.068347551 -0.632006228 -0.695197940 -0.037993018 -0.717813551 -0.296311617
-0.699868202 0.059208162 0.711813807 6.509268761 0.015731802 0.997594535 -0.067511402 -0.634939849 -0.714098752 -0.036050964 -0.699116051 -0.322014093
-0.680472374 0.058514480 0.730433643 6.536735535 0.013822899 0.997654200 -0.067043878 -0.638081193 -0.732643306 -0.035524812 -0.679685116 -0.346750975
