0.999996126 -0.002281661 -0.001665458 0.000157463 0.002287266 0.999991655 0.003371081 -0.001260555 0.001657754 -0.003374876 0.999992907 0.064093538
0.999996603 -0.002378229 0.001048467 -0.004902571 0.002375153 0.999992907 0.002925446 -0.000773092 -0.001055424 -0.002922946 0.999995172 0.112305641
0.999991953 -0.001550085 -0.003701914 -0.001887729 0.001567379 0.999987900 0.004673406 -0.003334323 0.003694620 -0.004679170 0.999982178 0.188483715
0.999986470 -0.000804284 -0.005141661 -0.002611742 0.000827204 0.999989688 0.004457167 -0.003908521 0.005138025 -0.004461359 0.999976814 0.251449853
0.999979973 -0.000768247 -0.006279096 -0.003588818 0.000797520 0.999988854 0.004660748 -0.004571663 0.006275441 -0.004665662 0.999969363 0.313743562
0.999965549 -0.000880603 -0.008272409 -0.004166576 0.000922965 0.999986470 0.005118452 -0.005185045 0.008267790 -0.005125911 0.999952674 0.375612557
0.999946415 -0.002661866 -0.010002011 -0.004909787 0.002706980 0.999986112 0.004499604 -0.005924995 0.009989894 -0.004526437 0.999939919 0.437763035
0.999922693 -0.004340772 -0.011653706 -0.005590510 0.004394304 0.999979913 0.004571958 -0.006400441 0.011633619 -0.004622815 0.999921560 0.499784112
0.999916911 -0.003401177 -0.012436556 -0.006926110 0.003456602 0.999984145 0.004437847 -0.006955032 0.012421257 -0.004480465 0.999912798 0.554851294
0.999895453 -0.003684370 -0.013984922 -0.008149995 0.003749239 0.999982297 0.004615148 -0.007570150 0.013967671 -0.004667098 0.999891579 0.622795761
0.999886692 -0.002284500 -0.014876390 -0.008931329 0.002354682 0.999986172 0.004701927 -0.007901334 0.014865438 -0.004736423 0.999878347 0.677890539
0.999886334 -0.000646560 -0.015062150 -0.010482800 0.000739913 0.999980509 0.006193120 -0.009026261 0.015057851 -0.006203561 0.999867380 0.746586442
0.999886096 -0.000328142 -0.015088646 -0.011098861 0.000412296 0.999984384 0.005574574 -0.008476907 0.015086578 -0.005580162 0.999870658 0.789942741
0.999873042 0.001448849 -0.015865900 -0.012896233 -0.001345264 0.999977767 0.006537479 -0.009625437 0.015875017 -0.006515305 0.999852717 0.867978394
0.999866724 0.002401712 -0.016147014 -0.014414224 -0.002286450 0.999971926 0.007152951 -0.010059337 0.016163738 -0.007115078 0.999844074 0.920358598
0.999859512 0.002856582 -0.016513702 -0.015479913 -0.002737456 0.999970078 0.007231836 -0.010501500 0.016533868 -0.007185614 0.999837458 0.989559293
0.999861956 0.003630570 -0.016212605 -0.016657749 -0.003498002 0.999960244 0.008197738 -0.010570768 0.016241726 -0.008139895 0.999834955 1.042473435
0.999859035 0.004131010 -0.016277354 -0.018029833 -0.004016436 0.999966979 0.007065249 -0.011332141 0.016306002 -0.006998877 0.999842584 1.110216141
0.999857366 0.004347760 -0.016319985 -0.019293122 -0.004259390 0.999976218 0.005445636 -0.012200724 0.016343266 -0.005375347 0.999852002 1.159753442
0.999877870 0.003334709 -0.015273275 -0.021352910 -0.003258133 0.999982119 0.005035791 -0.012411595 0.015289793 -0.004985414 0.999870658 1.228562832
0.999876738 0.002292096 -0.015535335 -0.021593468 -0.002184002 0.999973357 0.006971319 -0.012204231 0.015550896 -0.006936531 0.999854982 1.281341076
0.999888718 0.001782736 -0.014815819 -0.023670370 -0.001652910 0.999960184 0.008770266 -0.013125466 0.014830865 -0.008744800 0.999851763 1.346567512
0.999888539 0.000592811 -0.014921444 -0.024433063 -0.000473673 0.999967992 0.007986626 -0.013383506 0.014925702 -0.007978668 0.999856710 1.397579193
0.999894083 0.000588026 -0.014536691 -0.025841998 -0.000497520 0.999980509 0.006228844 -0.013876081 0.014540071 -0.006220952 0.999874890 1.460680127
0.999904215 0.001678326 -0.013733479 -0.027872816 -0.001612307 0.999987125 0.004816777 -0.013825125 0.013741389 -0.004794174 0.999894023 1.509599090
0.999921381 0.002347450 -0.012325682 -0.028906550 -0.002293339 0.999987721 0.004402362 -0.015106075 0.012335859 -0.004373751 0.999914348 1.573471665
0.999932051 0.003133886 -0.011244226 -0.029631201 -0.003070604 0.999979377 0.005640761 -0.015677912 0.011261669 -0.005605852 0.999920905 1.622826338
0.999950409 0.003213403 -0.009432174 -0.031055737 -0.003141265 0.999965787 0.007652872 -0.016283914 0.009456440 -0.007622863 0.999926209 1.670609951
0.999967396 0.002383461 -0.007711708 -0.031438991 -0.002317713 0.999960959 0.008523355 -0.017053526 0.007731720 -0.008505204 0.999933839 1.736810207
0.999977469 0.002668679 -0.006174964 -0.031202957 -0.002612801 0.999955773 0.009039368 -0.017255202 0.006198813 -0.009023030 0.999940038 1.782851696
0.999993742 0.002447719 -0.002571025 -0.031898029 -0.002425427 0.999959767 0.008637758 -0.017351128 0.002592063 -0.008631469 0.999959290 1.828415513
0.999997258 0.002004850 0.001280598 -0.032334317 -0.002013690 0.999973834 0.006939469 -0.018482774 -0.001266651 -0.006942030 0.999975026 1.893288732
0.999988019 0.001619157 0.004628415 -0.032175463 -0.001643551 0.999984741 0.005271476 -0.019061793 -0.004619807 -0.005279020 0.999975324 1.937813163
0.999961138 0.001222860 0.008748340 -0.031853374 -0.001269858 0.999984741 0.005368673 -0.019279115 -0.008741640 -0.005379573 0.999947250 1.981577635
0.999894559 0.002116217 0.014365661 -0.031581052 -0.002195715 0.999982297 0.005520354 -0.020224458 -0.014353720 -0.005551314 0.999881566 2.044895887
0.999772310 0.004008395 0.020959079 -0.030862488 -0.004105572 0.999980986 0.004595562 -0.020673620 -0.020940255 -0.004680564 0.999769807 2.088606834
0.999599576 0.005050549 0.027843155 -0.029059876 -0.005176777 0.999976635 0.004463302 -0.021211848 -0.027819958 -0.004605653 0.999602318 2.131070137
0.999307275 0.006423067 0.036657251 -0.028791375 -0.006642578 0.999960721 0.005869557 -0.022463370 -0.036618121 -0.006108989 0.999310672 2.189109325
0.998867452 0.008508261 0.046812695 -0.027277440 -0.008810468 0.999941707 0.006253165 -0.022574153 -0.046756756 -0.006658526 0.998884141 2.230253696
0.998199344 0.010634766 0.059034344 -0.024472162 -0.011010916 0.999921143 0.006050099 -0.022773294 -0.058965348 -0.006689227 0.998237610 2.269384146
0.997159362 0.012856234 0.074215323 -0.020773903 -0.013398069 0.999886990 0.006807586 -0.023977423 -0.074119419 -0.007782589 0.997218966 2.328756809
0.995757222 0.015659383 0.090676814 -0.017920688 -0.016450599 0.999832809 0.007984818 -0.024299193 -0.090536609 -0.009442629 0.995848298 2.368117571
0.994125783 0.015153632 0.107165560 -0.013306022 -0.016222851 0.999826849 0.009112472 -0.025038304 -0.107008919 -0.010797472 0.994199395 2.404785156
0.991821706 0.014776781 0.126773402 -0.007370949 -0.015945556 0.999839127 0.008209478 -0.025689658 -0.126631662 -0.010163810 0.991897762 2.461447001
0.989013672 0.013390321 0.147216231 -0.001769006 -0.014542241 0.999871433 0.006751142 -0.025638409 -0.147106871 -0.008817825 0.989081323 2.500518322
0.985795856 0.010955255 0.167590305 0.004266381 -0.012296596 0.999900043 0.006968018 -0.026330657 -0.167497218 -0.008929835 0.985832155 2.535825014
0.981783509 0.005826126 0.189914107 0.014166474 -0.007692055 0.999929130 0.009089474 -0.026998835 -0.189847678 -0.010384724 0.981758595 2.591659784
0.976805866 0.000413712 0.214127004 0.021550834 -0.002725372 0.999941230 0.010500643 -0.027553875 -0.214110017 -0.010840665 0.976749361 2.630201817
0.971547067 -0.005014830 0.236793712 0.031001568 0.002657924 0.999943733 0.010271594 -0.028014127 -0.236831859 -0.009349957 0.971505642 2.663865089
0.964973629 -0.010801715 0.262124479 0.044335961 0.009045547 0.999927819 0.007905481 -0.027907817 -0.262190968 -0.005257521 0.965001762 2.715768099
0.957382441 -0.013674255 0.288499355 0.054933429 0.011668367 0.999894261 0.008671481 -0.028007103 -0.288587451 -0.004935607 0.957440853 2.750821352
0.948651373 -0.016269114 0.315905005 0.065465629 0.013343916 0.999845684 0.011420779 -0.028948061 -0.316042095 -0.006618928 0.948722184 2.784795761
0.938917518 -0.021287289 0.343483180 0.082743704 0.017478975 0.999746621 0.014179965 -0.029269654 -0.343697906 -0.007310086 0.939051807 2.832708120
0.927837908 -0.024116525 0.372203231 0.095702052 0.020573568 0.999697328 0.013488039 -0.029182941 -0.372415841 -0.004857168 0.928053260 2.865780830
0.915968418 -0.023346767 0.400570571 0.109819174 0.021152027 0.999727190 0.009900411 -0.029381486 -0.400692463 -0.000595584 0.916212380 2.896795034
0.902983248 -0.025156574 0.428938687 0.130787015 0.025697602 0.999659479 0.004530958 -0.030022193 -0.428906679 0.006931318 0.903322160 2.940642834
0.888988435 -0.026712677 0.457149893 0.147293448 0.028762598 0.999583244 0.002476052 -0.030558754 -0.457025588 0.010947637 0.889386117 2.970818043
0.873218954 -0.027543241 0.486548990 0.164277434 0.028511070 0.999578834 0.005416167 -0.030753009 -0.486493319 0.009142533 0.873636484 3.002068520
0.855595291 -0.026336450 0.516975105 0.182337761 0.024150362 0.999648213 0.010956533 -0.030800868 -0.517081797 0.003110776 0.855930388 3.030910492
0.835660577 -0.026871132 0.548588514 0.209163189 0.022287155 0.999638796 0.015014768 -0.031815916 -0.548793852 -0.000320771 0.835957587 3.075651169
0.814199746 -0.020220850 0.580232680 0.228397965 0.018188432 0.999791086 0.009319725 -0.031225618 -0.580299914 0.002965407 0.814397395 3.103959560
0.792183816 -0.013371913 0.610136092 0.248851418 0.014991430 0.999884725 0.002449287 -0.031737231 -0.610098302 0.007206525 0.792292953 3.131027222
0.769779980 -0.010973808 0.638214946 0.269840002 0.014156214 0.999899805 0.000118352 -0.031763803 -0.638152242 0.008943601 0.769858301 3.155952692
0.746119142 -0.013431301 0.665676892 0.302920580 0.015368067 0.999877512 0.002949252 -0.031717371 -0.665635109 0.008029675 0.746234119 3.196238995
0.722228587 -0.014214937 0.691508293 0.326452732 0.016046053 0.999863982 0.003794729 -0.032475341 -0.691468298 0.008355320 0.722358465 3.219623327
0.696659446 -0.012214384 0.717297971 0.350388885 0.016050095 0.999870121 0.001437824 -0.033335686 -0.717222512 0.010511028 0.696765125 3.243068695
0.670066118 -0.009339643 0.742242754 0.383594751 0.016178271 0.999867082 -0.002023746 -0.033033654 -0.742125154 0.013364248 0.670128107 3.274481297
0.642886937 -0.007101293 0.765928209 0.409155130 0.014552977 0.999889731 -0.002944676 -0.033493642 -0.765822828 0.013039628 0.642919540 3.296105862
0.614851296 -0.005773023 0.788621962 0.434937358 0.014576748 0.999885559 -0.004045248 -0.034054480 -0.788508415 0.013982772 0.614865005 3.316501617
0.586382926 0.001009570 0.810033500 0.462945938 0.012799567 0.999862790 -0.010511767 -0.034840651 -0.809932888 0.016532000 0.586289644 3.336477280
0.555259347 0.010476734 0.831611276 0.503348470 0.012006032 0.999715388 -0.020610854 -0.035334729 -0.831590533 0.021428715 0.554975688 3.366801739
0.524252772 0.019932941 0.851329386 0.531957626 0.010632014 0.999494731 -0.029949322 -0.035416670 -0.851496220 0.024752364 0.523776174 3.384640932
0.492378294 0.024221819 0.870044231 0.561442018 0.008173200 0.999439895 -0.032449566 -0.037142877 -0.870342910 0.023088511 0.491904676 3.402083397
0.460158825 0.023491513 0.887525737 0.603704095 0.006313579 0.999538243 -0.029729731 -0.038950652 -0.887814164 0.019283863 0.459797859 3.424454212
0.427066475 0.022268195 0.903945982 0.634384274 0.001641170 0.999676108 -0.025401808 -0.040086269 -0.904218733 0.012331791 0.426891506 3.439145803
0.392167032 0.023275152 0.919599533 0.674494386 -0.002241303 0.999701023 -0.024346719 -0.041825335 -0.919891238 0.007486878 0.392101973 3.457670212
0.357507050 0.026323184 0.933539391 0.707226515 -0.008822001 0.999653161 -0.024808951 -0.042677313 -0.933868825 0.000633689 0.357615262 3.470469713
0.320863068 0.028082911 0.946709156 0.748585224 -0.013787837 0.999592841 -0.024978602 -0.044383314 -0.947025180 -0.005038361 0.321119636 3.486099243
0.284770668 0.027420189 0.958203435 0.782141745 -0.016277198 0.999584973 -0.023766914 -0.045413077 -0.958457530 -0.008828747 0.285098851 3.496586323
0.248336539 0.027127789 0.968293965 0.826366425 -0.017317347 0.999572337 -0.023562744 -0.046980668 -0.968518972 -0.010916793 0.248700097 3.508649111
0.212290570 0.026368253 0.976850927 0.861040235 -0.016354125 0.999591708 -0.023428004 -0.048137780 -0.977069736 -0.011001999 0.212635130 3.516437292
0.177105874 0.025047280 0.983873010 0.905901849 -0.014249393 0.999636590 -0.022883564 -0.049691182 -0.984088600 -0.009966777 0.177398413 3.524553537
0.142731875 0.024086988 0.989468277 0.942235589 -0.006235181 0.999705911 -0.023436775 -0.050996214 -0.989741683 -0.002824339 0.142840087 3.529582262
0.108954057 0.027608311 0.993663311 0.987311602 -0.003752776 0.999618530 -0.027362285 -0.052439228 -0.994039714 -0.000747765 0.109016098 3.534510136
0.076434292 0.032497656 0.996544838 1.023210287 -0.002843059 0.999471784 -0.032375034 -0.053698208 -0.997070551 -0.000358673 0.076486304 3.537367344
0.047411259 0.036616147 0.998204112 1.070051312 0.003732621 0.999314368 -0.036834162 -0.055470191 -0.998868585 0.005472272 0.047242071 3.539407730
0.022208672 0.034497824 0.999158025 1.107209682 0.005859725 0.999382854 -0.034635831 -0.057155669 -0.999736190 0.006624008 0.021992818 3.540001154
-0.000068773 0.031690441 0.999497712 1.154730558 0.007397122 0.999470353 -0.031689063 -0.059010327 -0.999972641 0.007391226 -0.000303157 3.539845228
-0.019009257 0.029033529 0.999397695 1.191840768 0.007736397 0.999552608 -0.028890874 -0.060449459 -0.999789417 0.007182543 -0.019225368 3.539332390
-0.035664272 0.032093961 0.998848259 1.239234805 0.009583682 0.999449253 -0.031771079 -0.062552810 -0.999317884 0.008439551 -0.035952207 3.538005352
-0.050040465 0.036684833 0.998073101 1.276316524 0.012599126 0.999268830 -0.036097109 -0.063839287 -0.998667777 0.010768535 -0.050466079 3.535979033
-0.061981648 0.041744102 0.997203946 1.324260831 0.016231205 0.999035001 -0.040811900 -0.066063724 -0.997945309 0.013656235 -0.062599391 3.532687902
-0.070569627 0.045077231 0.996487856 1.361505032 0.021836314 0.998808801 -0.043635808 -0.068058901 -0.997267842 0.018680260 -0.071469896 3.529819489
-0.076228976 0.050148327 0.995828450 1.398139954 0.025215246 0.998511970 -0.048353277 -0.070205927 -0.996771455 0.021424139 -0.077380039 3.526764870
-0.080133706 0.055095676 0.995260298 1.451302528 0.027718417 0.998208344 -0.053027123 -0.073114701 -0.996398687 0.023337781 -0.081517294 3.522438049
-0.082866378 0.059116982 0.994805753 1.489533424 0.029176513 0.997954965 -0.056873754 -0.075204827 -0.996133506 0.024312034 -0.084421739 3.519122124
-0.085761607 0.062124442 0.994376898 1.538337111 0.029952386 0.997763753 -0.059752740 -0.078375384 -0.995865405 0.024659468 -0.087430596 3.515117407
-0.087620407 0.065610297 0.993990958 1.575456619 0.031401534 0.997514665 -0.063074850 -0.080950558 -0.995658815 0.025686197 -0.089462906 3.511096716
-0.090138681 0.069485866 0.993502259 1.613550425 0.032291777 0.997242570 -0.066817671 -0.083579488 -0.995405674 0.026059104 -0.092133947 3.508376360
-0.092858441 0.070523143 0.993178606 1.669437408 0.035486177 0.997089148 -0.067483008 -0.088009328 -0.995046735 0.028977739 -0.095090747 3.504019022
-0.094085552 0.069242515 0.993153214 1.707819223 0.035138465 0.997187793 -0.066194996 -0.090945281 -0.994943857 0.028669886 -0.096254021 3.499399424
-0.096703231 0.068986647 0.992919564 1.756830812 0.034807090 0.997219265 -0.065895416 -0.094300941 -0.994704485 0.028188339 -0.098835558 3.494957924
-0.098528408 0.070536830 0.992631257 1.795446157 0.033788659 0.997146726 -0.067503855 -0.097050212 -0.994560540 0.026888622 -0.100630634 3.490362644
-0.100947335 0.072593711 0.992239773 1.834072232 0.034032051 0.997002661 -0.069479860 -0.100307018 -0.994309545 0.026754141 -0.103115290 3.486764193
-0.104128957 0.074759170 0.991750240 1.889770985 0.032806832 0.996886432 -0.071701787 -0.104322165 -0.994022548 0.025069950 -0.106257364 3.481519938
-0.105889864 0.077741124 0.991334319 1.928514719 0.031726182 0.996695757 -0.074772723 -0.107765988 -0.993871629 0.023533579 -0.108006388 3.477023125
-0.109254003 0.081310347 0.990682721 1.965992451 0.028606249 0.996493161 -0.078632489 -0.111283980 -0.993602037 0.019748800 -0.111196861 3.474072218
-0.111257128 0.084755950 0.990170836 2.023003578 0.024852380 0.996282220 -0.082486615 -0.114991918 -0.993480802 0.015430875 -0.112949893 3.467249632
-0.114126682 0.083009906 0.989992201 2.062515974 0.022044690 0.996469378 -0.081011698 -0.118555263 -0.993221581 0.012578473 -0.115553662 3.462453127
-0.116934635 0.078319460 0.990046561 2.101339102 0.019860614 0.996870697 -0.076513536 -0.122421004 -0.992941082 0.010715849 -0.118124187 3.458211184
-0.118905313 0.077003203 0.989915073 2.159441948 0.021254878 0.996957123 -0.074997939 -0.126748636 -0.992678106 0.012122874 -0.120180175 3.450877190
-0.121084690 0.077542439 0.989608705 2.198416471 0.021877291 0.996910512 -0.075437754 -0.129801065 -0.992401063 0.012515602 -0.122407004 3.446070433
-0.122225359 0.080036618 0.989270031 2.238121986 0.021592967 0.996721685 -0.077971667 -0.133417785 -0.992267489 0.011831163 -0.123552904 3.440804482
-0.122982375 0.083270028 0.988909245 2.277705669 0.021825816 0.996459544 -0.081191503 -0.136547476 -0.992168844 0.011598628 -0.124364406 3.435765982
-0.123754635 0.083979867 0.988752842 2.342895985 0.020198015 0.996419191 -0.082102977 -0.141893119 -0.992107332 0.009810222 -0.125007689 3.429045200
-0.123175710 0.082905658 0.988915741 2.384128571 0.017317586 0.996532083 -0.081387155 -0.145356953 -0.992233872 0.007100715 -0.124184273 3.423897743
-0.123939149 0.081582189 0.988930345 2.424820900 0.014183681 0.996658325 -0.080442116 -0.149252981 -0.992188454 0.004056746 -0.124682128 3.419523239
-0.122856081 0.083222866 0.988928854 2.484787464 0.010413555 0.996530890 -0.082568929 -0.153894261 -0.992370009 0.000154170 -0.123296514 3.410912514
-0.123301990 0.083927795 0.988813758 2.526233912 0.005586604 0.996460140 -0.083880194 -0.157210201 -0.992353559 -0.004818481 -0.123334385 3.406365395
-0.123131640 0.083383784 0.988880992 2.568114042 0.003014994 0.996490717 -0.083650015 -0.160671711 -0.992385805 -0.007318491 -0.122950912 3.400847197
-0.124331944 0.078069106 0.989164710 2.626103401 0.002571985 0.996921957 -0.078358054 -0.165940404 -0.992237329 -0.007198293 -0.124150038 3.394765377
-0.124812521 0.069319114 0.989755988 2.668473959 0.005687722 0.997589946 -0.069150537 -0.169411093 -0.992164075 -0.003001398 -0.124905989 3.389421940
-0.123922974 0.063836753 0.990236342 2.722361326 0.011238628 0.997954845 -0.062927857 -0.173681140 -0.992228210 0.003330690 -0.124386922 3.382002354
-0.122710414 0.065864362 0.990254581 2.764070272 0.020193774 0.997754455 -0.063860819 -0.176725894 -0.992237091 0.012160585 -0.123764910 3.375835419
-0.121559843 0.071865536 0.989979029 2.817830324 0.025687890 0.997269213 -0.069240503 -0.180295587 -0.992251635 0.017013609 -0.123073958 3.369037628
-0.120605640 0.078264378 0.989610553 2.860264540 0.028943084 0.996740758 -0.075300917 -0.183023438 -0.992278516 0.019560663 -0.122477777 3.363500357
-0.119016699 0.082392402 0.989467740 2.915049553 0.030011648 0.996394157 -0.079359256 -0.187432349 -0.992438555 0.020250481 -0.121060275 3.356161833
-0.119592048 0.079856344 0.989606321 2.957930088 0.026333578 0.996664464 -0.077243552 -0.190699697 -0.992473781 0.016822169 -0.121296048 3.351206541
-0.119092643 0.075186074 0.990032256 3.013198853 0.026832726 0.997008264 -0.072488092 -0.195307851 -0.992520452 0.017932467 -0.120753787 3.344904423
-0.119166985 0.072794631 0.990201950 3.056653023 0.024533724 0.997219980 -0.070358008 -0.198799163 -0.992571056 0.015908994 -0.120621622 3.339636326
-0.119048804 0.073496647 0.990164459 3.111444473 0.021904722 0.997208178 -0.071385860 -0.202764973 -0.992646754 0.013190876 -0.120326363 3.333323240
-0.118557781 0.078988239 0.989800453 3.154036999 0.023102049 0.996780515 -0.076778129 -0.205994770 -0.992678404 0.013763778 -0.120000869 3.328230619
-0.117729530 0.081600323 0.989687324 3.210068703 0.022709202 0.996578813 -0.079467110 -0.210450232 -0.992786050 0.013119389 -0.119179845 3.321303844
-0.117370144 0.080952212 0.989783287 3.253122807 0.023355197 0.996621549 -0.078741983 -0.213729829 -0.992813647 0.013874630 -0.118864253 3.316571951
-0.116818927 0.074122459 0.990383387 3.309947491 0.024480330 0.997122824 -0.071739316 -0.218335003 -0.992851436 0.015864402 -0.118297383 3.309710503
-0.117274411 0.073224440 0.990396321 3.353692770 0.022853052 0.997212768 -0.071022354 -0.221519530 -0.992836595 0.014304476 -0.118620947 3.304428339
-0.116658419 0.076189324 0.990245402 3.410054922 0.021467224 0.997013867 -0.074181087 -0.225524172 -0.992940068 0.012603981 -0.117945611 3.298081160
-0.115931138 0.078678437 0.990136266 3.454157114 0.020878801 0.996830642 -0.076765761 -0.229314953 -0.993037820 0.011773319 -0.117206402 3.292593479
-0.117202617 0.078497052 0.990000844 3.511583567 0.020036984 0.996855378 -0.076668419 -0.233657911 -0.992905915 0.010850895 -0.118406892 3.287144899
-0.117464647 0.075409748 0.990209758 3.556097031 0.019667296 0.997093797 -0.073600940 -0.236958742 -0.992882252 0.010829239 -0.118606366 3.282423019
-0.115783483 0.074094437 0.990507185 3.613356352 0.020085184 0.997184515 -0.072246127 -0.241642058 -0.993071318 0.011529611 -0.116945699 3.275108337
-0.114531562 0.074055977 0.990655482 3.658255816 0.022195939 0.997159362 -0.071976058 -0.245489970 -0.993171513 0.013744998 -0.115849957 3.269758701
-0.113880970 0.074346162 0.990708768 3.715214491 0.024216106 0.997107506 -0.072042748 -0.249753043 -0.993199170 0.015786808 -0.115351960 3.263494968
-0.114223696 0.072529450 0.990804017 3.760194063 0.023828026 0.997244537 -0.070253938 -0.254039824 -0.993169248 0.015584239 -0.115637206 3.259358168
-0.111411892 0.074343458 0.990989566 3.818235159 0.025008082 0.997091770 -0.071989693 -0.257722586 -0.993459582 0.016762242 -0.112947077 3.251793861
-0.110716537 0.072235487 0.991223454 3.863798857 0.024249315 0.997254491 -0.069966443 -0.261252463 -0.993556201 0.016290048 -0.112164222 3.246950865
-0.108715959 0.072001778 0.991461873 3.922725677 0.023684729 0.997277856 -0.069827080 -0.265508145 -0.993790686 0.015891185 -0.110125370 3.240093946
-0.107411288 0.071470313 0.991642475 3.974467039 0.024445381 0.997301161 -0.069230296 -0.269157261 -0.993914127 0.016804969 -0.108868539 3.234595537
-0.106088877 0.072761215 0.991690874 4.020539284 0.022657601 0.997237086 -0.070744276 -0.272481412 -0.994098544 0.014964156 -0.107444361 3.229856968
-0.103506126 0.074791960 0.991812766 4.080384254 0.022905964 0.997083426 -0.072798952 -0.277169764 -0.994365036 0.015183290 -0.104917452 3.222590208
-0.102626406 0.074584022 0.991919994 4.133545399 0.020537637 0.997131348 -0.072851002 -0.280302882 -0.994507849 0.012895254 -0.103863798 3.217617750
-0.101396061 0.073655531 0.992115855 4.180533409 0.016398847 0.997243702 -0.072360255 -0.283620059 -0.994710982 0.008932507 -0.102324463 3.212227821
-0.100775421 0.074911408 0.992084980 4.241416454 0.013929903 0.997169793 -0.073880374 -0.288246244 -0.994811714 0.006374319 -0.101533711 3.205721378
-0.100572579 0.074434869 0.992141485 4.288547993 0.012820861 0.997211695 -0.073515616 -0.291474283 -0.994847238 0.005326453 -0.101246469 3.200448036
-0.103510544 0.071666747 0.992043078 4.345704079 0.008913361 0.997427523 -0.071125709 -0.296645850 -0.994588494 0.001480180 -0.103883058 3.197030783
-0.105767168 0.070491999 0.991889179 4.392373085 0.006716122 0.997512043 -0.070175447 -0.300098777 -0.994368255 -0.000760609 -0.105977476 3.192826271
-0.105662644 0.068965554 0.992007673 4.452628613 0.004945491 0.997616231 -0.068828702 -0.305224508 -0.994389772 -0.002366658 -0.105751827 3.186095476
-0.108350761 0.069229938 0.991699278 4.499216557 0.006065263 0.997599721 -0.068979166 -0.308661461 -0.994094253 -0.001459029 -0.108510576 3.181903839
-0.110400490 0.068167195 0.991546810 4.559914112 0.004959499 0.997670531 -0.068035990 -0.313067913 -0.993874848 -0.002593632 -0.110481404 3.175503731
-0.113672122 0.063072190 0.991514325 4.607222557 0.002599553 0.997998297 -0.063186631 -0.316472977 -0.993514955 -0.004605064 -0.113608547 3.170110464
-0.117061190 0.063856006 0.991069674 4.668853283 0.003473814 0.997950912 -0.063889071 -0.320120841 -0.993118703 -0.004036139 -0.117043160 3.162656307
-0.123987958 0.070114300 0.989803493 4.715976238 -0.002894352 0.997470617 -0.071019985 -0.323454291 -0.992279530 -0.011670464 -0.123471417 3.157776117
-0.131917357 0.073663086 0.988519907 4.763713360 -0.001857742 0.997214854 -0.074558951 -0.327136964 -0.991259038 -0.011672036 -0.131413102 3.152420521
-0.138132662 0.069248468 0.987989902 4.830591679 0.001153775 0.997563243 -0.069758162 -0.332033366 -0.990413070 -0.008495960 -0.137875974 3.141736269
-0.148447543 0.066502936 0.986681640 4.876764297 0.004066445 0.997768879 -0.066638410 -0.336156636 -0.988911927 -0.005880021 -0.148386776 3.134568691
-0.161798865 0.068074435 0.984472930 4.936892033 0.004380815 0.997657657 -0.068266131 -0.340163708 -0.986814082 -0.006732591 -0.161718115 3.125508785
-0.175244108 0.069012925 0.982103169 4.983021736 0.007178804 0.997603238 -0.068821155 -0.343357146 -0.984498799 -0.005010176 -0.175319538 3.117055416
-0.190081194 0.066389881 0.979521155 5.043706894 0.007107158 0.997777879 -0.066248097 -0.348095775 -0.981742620 -0.005630906 -0.190130651 3.106442451
-0.204225376 0.068798356 0.976503432 5.089259624 0.011516429 0.997627139 -0.067878067 -0.351730734 -0.978856087 -0.002616591 -0.204533115 3.096284389
-0.220881119 0.072024398 0.972637713 5.146069527 0.011781801 0.997393787 -0.071182020 -0.356446058 -0.975229621 -0.004263343 -0.221154034 3.085261345
-0.235686615 0.076898880 0.968781948 5.189973831 0.011730622 0.997017026 -0.076286241 -0.359187841 -0.971758366 -0.006615235 -0.235885650 3.074745893
-0.251648575 0.073878385 0.964994729 5.247606754 0.008094443 0.997207999 -0.074233726 -0.364942312 -0.967784882 -0.010869711 -0.251543999 3.059967041
-0.267775863 0.068324417 0.961055458 5.292640686 0.001941653 0.997518659 -0.070375688 -0.368502170 -0.963479280 -0.016978875 -0.267244101 3.048477173
-0.283858567 0.064211264 0.956713796 5.348840714 -0.001871782 0.997716248 -0.067518570 -0.373223513 -0.958864331 -0.020956479 -0.283090085 3.032794952
-0.299357265 0.066708073 0.951806307 5.391761780 -0.002543204 0.997493625 -0.070709981 -0.376142919 -0.954137743 -0.023588182 -0.298437268 3.019954681
-0.313302398 0.067945741 0.947219610 5.448511600 -0.002740511 0.997368336 -0.072449438 -0.381258368 -0.949649394 -0.025294451 -0.312291682 3.001735687
-0.327384263 0.070223466 0.942278206 5.491224766 -0.000739054 0.997215152 -0.074574403 -0.384766012 -0.944890916 -0.025110882 -0.326420605 2.987013817
-0.341555834 0.070341073 0.937225521 5.546764374 0.001965897 0.997246683 -0.074129350 -0.389483809 -0.939859450 -0.023476830 -0.340753764 2.968058586
-0.355954438 0.067787766 0.932041347 5.589460850 0.000921776 0.997390449 -0.072188593 -0.393599093 -0.934502900 -0.024836723 -0.355088055 2.952246428
-0.370047063 0.066859283 0.926604092 5.643127441 0.000972364 0.997434318 -0.071581714 -0.398115724 -0.929012537 -0.025587609 -0.369162560 2.930885792
-0.383403271 0.068652190 0.921026111 5.683560371 -0.000467066 0.997219026 -0.074525967 -0.401393950 -0.923580945 -0.029003674 -0.382304966 2.913095713
-0.399677306 0.070436083 0.913945675 5.738281250 0.000902107 0.997073174 -0.076448053 -0.406918049 -0.916655362 -0.029730085 -0.398571163 2.891565323
-0.413731277 0.072081253 0.907540977 5.779218674 0.002783306 0.996956289 -0.077914156 -0.410811067 -0.910394728 -0.029709565 -0.412672669 2.872789383
-0.428881466 0.074799396 0.900258660 5.832873821 0.005018114 0.996747911 -0.080425739 -0.415790498 -0.903346777 -0.029975509 -0.427862048 2.848438740
-0.444213003 0.077704757 0.892545104 5.874069214 0.003761085 0.996384621 -0.084873147 -0.419411570 -0.895913243 -0.034344818 -0.442899287 2.829074383
-0.458779484 0.080338687 0.884910822 5.926814079 0.005733642 0.996151030 -0.087465279 -0.424829662 -0.888531744 -0.035053514 -0.457474291 2.801881790
-0.474813163 0.078048475 0.876619101 5.968801498 0.004585006 0.996265709 -0.086217619 -0.428604484 -0.880074739 -0.036917955 -0.473397911 2.780463934
-0.490231544 0.072856851 0.868541896 6.020618439 0.001332700 0.996561766 -0.082843453 -0.434752136 -0.871591210 -0.039454971 -0.488643050 2.751148224
-0.506317139 0.073179416 0.859236777 6.061792374 0.001300937 0.996456504 -0.084099539 -0.438925534 -0.862346411 -0.041463226 -0.504618227 2.727488041
-0.522189617 0.072524123 0.849740207 6.114111900 -0.000230239 0.996365607 -0.085179888 -0.443647385 -0.852829576 -0.044675693 -0.520274997 2.696666718
-0.538467646 0.071234562 0.839629829 6.154456139 -0.001229681 0.996352851 -0.085319616 -0.447768480 -0.842645407 -0.046974316 -0.536416113 2.671835184
-0.553483605 0.071125403 0.829817474 6.204536438 -0.001678934 0.996249616 -0.086510465 -0.453203827 -0.832858384 -0.049275339 -0.551288366 2.638517380
-0.568972647 0.071241401 0.819264770 6.244282722 -0.001203448 0.996167183 -0.087460220 -0.457068503 -0.822355509 -0.050748430 -0.566706121 2.611531258
-0.584437430 0.067806795 0.808600664 6.293307304 -0.002125595 0.996371150 -0.085088976 -0.462732613 -0.811435997 -0.051447943 -0.582172513 2.577811718
-0.599414349 0.064494945 0.797836244 6.332222462 -0.001606177 0.996649623 -0.081773192 -0.466990411 -0.800437272 -0.050297495 -0.597302616 2.549351454
-0.613847733 0.062888928 0.786915541 6.383281708 -0.000704826 0.996777594 -0.080210574 -0.472397715 -0.789424181 -0.049791720 -0.611825347 2.509576797
-0.628329813 0.061381310 0.775521755 6.425766945 -0.001338198 0.996795595 -0.079979025 -0.477225274 -0.777945876 -0.051290978 -0.626234353 2.475145340
-0.643081248 0.062378686 0.763253212 6.466987610 -0.002291366 0.996515632 -0.083373211 -0.482204497 -0.765794575 -0.055364646 -0.640697598 2.440961838
-0.658567071 0.061540052 0.750001729 6.508630753 -0.004898915 0.996278822 -0.086049572 -0.486772060 -0.752506077 -0.060343593 -0.655814767 2.405693054
-0.674484730 0.058226794 0.735989094 6.549604416 -0.006673532 0.996363521 -0.084941827 -0.491673946 -0.738258600 -0.062203605 -0.671643496 2.369553089
-0.690651655 0.050980743 0.721388459 6.584759235 -0.009908404 0.996751428 -0.079926968 -0.495739460 -0.723119736 -0.062349487 -0.687902868 2.337006569
-0.707382262 0.048433345 0.705169976 6.629575729 -0.010756535 0.996796429 -0.079253480 -0.501176655 -0.706749380 -0.063647687 -0.704595149 2.293027163
-0.724778056 0.045942880 0.687448978 6.662504196 -0.012096463 0.996771812 -0.079368562 -0.505076230 -0.688876152 -0.065840289 -0.721882641 2.258917570
-0.742221355 0.042298399 0.668818593 6.706603050 -0.015159405 0.996690989 -0.079857342 -0.510445774 -0.669983327 -0.069410704 -0.739124179 2.212582588
-0.758537650 0.040112205 0.650393426 6.738376141 -0.015332991 0.996728539 -0.079354480 -0.514461815 -0.651448786 -0.070165843 -0.755441189 2.176203251
-0.775053561 0.041649912 0.630521417 6.779750347 -0.013492661 0.996507108 -0.082411110 -0.520083189 -0.631751418 -0.072380431 -0.771784425 2.128175020
-0.789596081 0.041885518 0.612195849 6.809321404 -0.008718438 0.996801198 -0.079444475 -0.524382532 -0.613565028 -0.068066448 -0.786705077 2.090203524
-0.804735959 0.042744447 0.592091978 6.848371029 -0.005594189 0.996813953 -0.079565525 -0.529767990 -0.593606412 -0.067341521 -0.801933110 2.039636374
-0.819195569 0.044111989 0.571815372 6.875985146 -0.003768374 0.996602118 -0.082280323 -0.533852875 -0.573501825 -0.069558486 -0.816245854 2.000684977
-0.832904339 0.045553010 0.551538944 6.912765503 -0.002573847 0.996276915 -0.086171940 -0.539801180 -0.553410947 -0.073192552 -0.829686224 1.947990298
-0.845583677 0.046406832 0.531822026 6.938485146 0.000326673 0.996259272 -0.086414240 -0.543705761 -0.533842921 -0.072896726 -0.842435777 1.906727552
-0.857487559 0.044478942 0.512578428 6.973143578 0.001651995 0.996489048 -0.083706625 -0.549542546 -0.514501870 -0.070930623 -0.854550540 1.852277637
-0.867861152 0.046285149 0.494645953 6.997391224 0.004721998 0.996374130 -0.084948190 -0.554285824 -0.496784240 -0.071387537 -0.864933074 1.809557796
-0.877371252 0.049457900 0.477256358 7.028994560 0.007964361 0.996037483 -0.088577591 -0.560316503 -0.479746014 -0.073914394 -0.874288440 1.753647089
-0.886643767 0.046840634 0.460074872 7.052183151 0.005954173 0.995931029 -0.089921914 -0.564380109 -0.462414861 -0.076989338 -0.883314788 1.711192369
-0.894813061 0.045032199 0.444164187 7.082819939 0.005475277 0.995931745 -0.089943476 -0.570082247 -0.446407527 -0.078050651 -0.891419351 1.652391434
-0.901986778 0.042136446 0.429702759 7.103507042 0.003859124 0.995973527 -0.089564085 -0.575198829 -0.431746393 -0.079127327 -0.898517609 1.608975649
-0.908673048 0.040604863 0.415529191 7.132000923 0.003848077 0.996031761 -0.088915765 -0.581703007 -0.417490572 -0.079196386 -0.905223489 1.549498439
-0.914935768 0.038221981 0.401785523 7.152879715 0.002755226 0.996073902 -0.088482708 -0.586268187 -0.403589964 -0.079849005 -0.911449015 1.503696203
-0.920743346 0.033486348 0.388729215 7.179205418 0.000714077 0.996453166 -0.084146246 -0.592627168 -0.390168190 -0.077199511 -0.917501509 1.444728136
-0.926206589 0.029830769 0.375834405 7.199437141 -0.000351790 0.996796012 -0.079984769 -0.597714543 -0.377016306 -0.074214630 -0.923228562 1.399623990
-0.930017352 0.030552728 0.366243571 7.222782612 0.002220671 0.996987402 -0.077531524 -0.602749527 -0.367509067 -0.071292341 -0.927283406 1.337879777
-0.933360815 0.034743585 0.357254148 7.241305351 0.006750961 0.996827424 -0.079305679 -0.607134819 -0.358876050 -0.071608990 -0.930634201 1.291242242
-0.935356855 0.039628454 0.351478308 7.264049053 0.011789368 0.996644676 -0.080995686 -0.612502158 -0.353508681 -0.071616158 -0.932685792 1.230478764
-0.937234282 0.042784579 0.346065313 7.281229973 0.014764374 0.996423185 -0.083203569 -0.617068768 -0.348387301 -0.072871797 -0.934513867 1.183540106
-0.939022303 0.040357053 0.341479599 7.303912640 0.013092430 0.996564806 -0.081774510 -0.622959197 -0.343606740 -0.072317310 -0.936325014 1.123607993
-0.941116214 0.033051174 0.336463779 7.322074413 0.007036080 0.996909142 -0.078246899 -0.627129078 -0.338009953 -0.071272045 -0.938439906 1.076248765
-0.943184733 0.026288744 0.331227303 7.344364166 0.001002907 0.997085810 -0.076280586 -0.632630169 -0.332267404 -0.071614482 -0.940462530 1.016642332
-0.944930732 0.019707147 0.326676786 7.361640930 -0.006168578 0.996935427 -0.077984221 -0.636801720 -0.327212512 -0.075704813 -0.941913366 0.968802691
-0.946056128 0.017550128 0.323527038 7.382931709 -0.009004655 0.996721983 -0.080399826 -0.642366886 -0.323877513 -0.078975983 -0.942796946 0.908369899
-0.946927965 0.018276077 0.320926100 7.399709225 -0.009129034 0.996450663 -0.083682045 -0.646275103 -0.321316451 -0.082170591 -0.943400085 0.860628009
-0.947113812 0.018358327 0.320372194 7.420857430 -0.009374822 0.996353149 -0.084808871 -0.652462423 -0.320760787 -0.083327100 -0.943487704 0.799418092
-0.946995139 0.021005096 0.320560217 7.437025070 -0.007056165 0.996259272 -0.086126335 -0.657170892 -0.321170181 -0.083823174 -0.943304539 0.752759218
-0.946777999 0.021417581 0.321173936 7.458115101 -0.007108767 0.996149242 -0.087384231 -0.663473666 -0.321808726 -0.085016608 -0.942980051 0.692457557
-0.946421921 0.021414677 0.322221875 7.474537849 -0.007850087 0.995978355 -0.089249209 -0.668171883 -0.322837234 -0.086996883 -0.942447722 0.645345688
-0.945691586 0.022585304 0.324279934 7.495214462 -0.006757085 0.996002138 -0.089074664 -0.674059391 -0.324995279 -0.086428359 -0.941758037 0.585794091
-0.945232570 0.022456232 0.325624138 7.512229919 -0.006791203 0.996061385 -0.088405758 -0.679199278 -0.326326936 -0.085775390 -0.941357195 0.539834857
-0.943738818 0.020217843 0.330073029 7.533580780 -0.009826859 0.995974004 -0.089102820 -0.685323834 -0.330545574 -0.087333389 -0.939740658 0.479180574
-0.942333817 0.018382998 0.334169567 7.549795151 -0.011504634 0.996120930 -0.087239839 -0.689814806 -0.334477007 -0.086053543 -0.938466787 0.434582949
-0.940339863 0.016379941 0.339842021 7.572556496 -0.013092896 0.996358514 -0.084251136 -0.695846796 -0.339984536 -0.083674200 -0.936701238 0.373726368
-0.937866569 0.014821692 0.346679330 7.589969158 -0.014017566 0.996653438 -0.080531761 -0.700888753 -0.346712798 -0.080387652 -0.934520304 0.327347279
-0.934726834 0.017286588 0.354946405 7.611895084 -0.012233679 0.996658862 -0.080755778 -0.706312001 -0.355156481 -0.079826884 -0.931392252 0.268359900
-0.931696475 0.016377373 0.362868696 7.630093575 -0.013884818 0.996647239 -0.080632173 -0.710901737 -0.362972617 -0.080163077 -0.928345203 0.222776651
-0.927777827 0.020969694 0.372543812 7.653282642 -0.010896280 0.996471226 -0.083225161 -0.716438890 -0.372974396 -0.081273802 -0.924275219 0.164723635
-0.924074888 0.021687673 0.381595612 7.672599316 -0.010814420 0.996505558 -0.082823858 -0.720396876 -0.382058352 -0.080662191 -0.920611262 0.120476246
-0.918448985 0.023910584 0.394816041 7.696833134 -0.010112011 0.996425450 -0.083868138 -0.726328015 -0.395410120 -0.081021011 -0.914924324 0.061379433
-0.912913442 0.025306461 0.407367647 7.716960907 -0.010065603 0.996376395 -0.084453918 -0.731006145 -0.408028811 -0.081199527 -0.909350991 0.016811848
-0.906614959 0.028568009 0.420990616 7.743372440 -0.008124679 0.996338606 -0.085107312 -0.736243606 -0.421880543 -0.080579981 -0.903063476 -0.040615320
-0.900435448 0.027639763 0.434110641 7.764941216 -0.009225155 0.996541262 -0.082584523 -0.740617990 -0.434891880 -0.078366786 -0.897066176 -0.084597111
-0.893856883 0.030699307 0.447299957 7.792211056 -0.006830740 0.996604800 -0.082049593 -0.747050524 -0.448300093 -0.076396011 -0.890612543 -0.139588594
-0.887172222 0.033013266 0.460255891 7.814612389 -0.004624149 0.996751189 -0.080408394 -0.751560688 -0.461415142 -0.073464394 -0.884137452 -0.182126522
-0.879628301 0.034536656 0.474406302 7.844108582 -0.003510804 0.996861994 -0.079080924 -0.756695092 -0.475648880 -0.071227364 -0.876746714 -0.238056660
-0.871720672 0.036604811 0.488634169 7.867650032 -0.000671822 0.997115612 -0.075894967 -0.760882020 -0.490002841 -0.066487484 -0.869181633 -0.280118465
-0.863839328 0.039889801 0.502185583 7.898570061 0.002635754 0.997204304 -0.074676417 -0.765925169 -0.503760517 -0.063184775 -0.861529469 -0.333190441
-0.854901791 0.043458376 0.516966462 7.923078537 0.006726291 0.997330010 -0.072716564 -0.770015061 -0.518746376 -0.058688238 -0.852911472 -0.373460770
-0.844410717 0.045988098 0.533718884 7.954879761 0.008202025 0.997301400 -0.072956234 -0.774717629 -0.535633802 -0.057227444 -0.842509091 -0.425147295
-0.833705842 0.048944443 0.550035596 7.980937004 0.011608087 0.997397542 -0.071157828 -0.778870940 -0.552087009 -0.052939832 -0.832104266 -0.464219332
-0.822116792 0.051180564 0.567013741 8.014415741 0.013553550 0.997428179 -0.070379846 -0.783882976 -0.569157600 -0.050175395 -0.820696056 -0.514297247
-0.809668422 0.054029368 0.584395230 8.041847229 0.015339672 0.997361422 -0.070956722 -0.787063003 -0.586687028 -0.048486967 -0.808360815 -0.553424120
-0.797280133 0.055745944 0.601029754 8.077833176 0.016490165 0.997366130 -0.070631847 -0.792152405 -0.603384197 -0.046402283 -0.796099544 -0.601402283
-0.783768475 0.056538608 0.618474305 8.110910416 0.017312195 0.997449398 -0.069244064 -0.796109438 -0.620811820 -0.043564152 -0.782748282 -0.643091202
-0.768217325 0.058644544 0.637497485 8.144331932 0.020321352 0.997527480 -0.067276068 -0.800585926 -0.639866590 -0.038727831 -0.767509580 -0.684395075
-0.751381516 0.061680786 0.656978965 8.178607941 0.022385027 0.997431397 -0.068042725 -0.804942906 -0.659488261 -0.036419548 -0.750832140 -0.724613428
-0.734214306 0.064563468 0.675840795 8.214052200 0.022837989 0.997253299 -0.070457667 -0.809048831 -0.678533494 -0.036296185 -0.733672202 -0.763477087
-0.716527820 0.064725652 0.694549024 8.246124268 0.021588748 0.997266471 -0.070664279 -0.812997937 -0.697224438 -0.035638470 -0.715966582 -0.796882868
-0.697140336 0.065315463 0.713953316 8.287025452 0.020820739 0.997265875 -0.070903651 -0.817285419 -0.716632366 -0.034564763 -0.696594059 -0.837532520
-0.677576125 0.064789541 0.732593358 8.320393562 0.019621195 0.997350037 -0.070056595 -0.821122527 -0.735190809 -0.033094324 -0.677051783 -0.867920160
