0.999994993 -0.001865737 -0.002576850 0.001650505 0.001874788 0.999992132 0.003514872 -0.001765829 0.002570272 -0.003519685 0.999990523 0.066991463
0.999996424 -0.002302366 0.001309042 -0.004760967 0.002299045 0.999994159 0.002533009 -0.000415724 -0.001314874 -0.002529990 0.999995947 0.114946917
0.999989569 -0.001185620 -0.004388761 -0.000975160 0.001200899 0.999993205 0.003480493 -0.002312348 0.004384606 -0.003485727 0.999984384 0.194951206
0.999984443 -0.000178190 -0.005554345 -0.002085405 0.000197528 0.999993920 0.003481186 -0.003045777 0.005553692 -0.003482229 0.999978542 0.259240448
0.999977589 -0.000486054 -0.006663475 -0.003223094 0.000509335 0.999993742 0.003492581 -0.003545314 0.006661739 -0.003495897 0.999971688 0.322833568
0.999971926 -0.000121805 -0.007488924 -0.004732065 0.000152995 0.999991298 0.004164360 -0.004445027 0.007488355 -0.004165389 0.999963284 0.377815664
0.999946415 -0.002580706 -0.010025079 -0.004860018 0.002615180 0.999990761 0.003427143 -0.005218070 0.010016140 -0.003453176 0.999943793 0.449921459
0.999942660 -0.003421701 -0.010150895 -0.006616076 0.003452901 0.999989331 0.003057683 -0.005629252 0.010140320 -0.003092557 0.999943733 0.503877997
0.999913514 -0.003406422 -0.012701664 -0.006713228 0.003453352 0.999987245 0.003674744 -0.006699049 0.012688986 -0.003718289 0.999912560 0.576542139
0.999930263 -0.002730444 -0.011489851 -0.008879462 0.002773501 0.999989212 0.003733233 -0.007250162 0.011479535 -0.003764840 0.999927044 0.629870236
0.999898672 -0.000732226 -0.014216416 -0.009113451 0.000791992 0.999990940 0.004198768 -0.007796736 0.014213212 -0.004209602 0.999890149 0.701307297
0.999901116 -0.000787378 -0.014039355 -0.010437516 0.000850805 0.999989569 0.004512378 -0.008349238 0.014035655 -0.004523878 0.999891281 0.752197862
0.999878764 0.001302137 -0.015509628 -0.011623835 -0.001212205 0.999982417 0.005806490 -0.009053953 0.015516917 -0.005786985 0.999862850 0.826624990
0.999882638 0.002226489 -0.015154341 -0.012950609 -0.002133149 0.999978662 0.006172708 -0.009751420 0.015167765 -0.006139657 0.999866128 0.877527833
0.999864280 0.001919174 -0.016357094 -0.013958627 -0.001830059 0.999983430 0.005461400 -0.009825826 0.016367303 -0.005430724 0.999851286 0.950049341
0.999873638 0.002675077 -0.015666451 -0.015379762 -0.002583723 0.999979556 0.005848650 -0.010399735 0.015681775 -0.005807434 0.999860108 1.001272917
0.999889016 0.003342269 -0.014516933 -0.016837323 -0.003243518 0.999971449 0.006820822 -0.010367343 0.014539316 -0.006772978 0.999871314 1.053515553
0.999859691 0.003472763 -0.016381346 -0.017788494 -0.003368223 0.999973834 0.006405004 -0.012013705 0.016403163 -0.006348929 0.999845266 1.132236242
0.999868453 0.003757820 -0.015771389 -0.018986931 -0.003707442 0.999988019 0.003222313 -0.011355106 0.015783312 -0.003163419 0.999870420 1.182061434
0.999902427 0.002816671 -0.013678398 -0.020838691 -0.002780969 0.999992728 0.002628511 -0.011949491 0.013685707 -0.002590215 0.999902964 1.233082056
0.999882162 0.002566301 -0.015144634 -0.022360533 -0.002469150 0.999976277 0.006430173 -0.012957403 0.015160779 -0.006392019 0.999864638 1.313603520
0.999884367 0.001550928 -0.015135603 -0.022902489 -0.001432517 0.999968350 0.007831089 -0.013698030 0.015147270 -0.007808500 0.999854803 1.364896894
0.999898732 0.000799685 -0.014213163 -0.024401739 -0.000701759 0.999976039 0.006893560 -0.014038919 0.014218335 -0.006882887 0.999875247 1.414767981
0.999891341 -0.000094531 -0.014736492 -0.025629520 0.000165907 0.999988258 0.004842374 -0.014377958 0.014735862 -0.004844292 0.999879658 1.490442514
0.999916434 0.001488043 -0.012847024 -0.028136581 -0.001436823 0.999991000 0.003995321 -0.014726279 0.012852854 -0.003976528 0.999909520 1.538859963
0.999922812 0.001542210 -0.012333535 -0.028656419 -0.001502974 0.999993861 0.003189932 -0.015463226 0.012338379 -0.003171148 0.999918818 1.587822676
0.999930680 0.002810936 -0.011426340 -0.029561447 -0.002759800 0.999986172 0.004488632 -0.016501322 0.011438802 -0.004456786 0.999924660 1.660645366
0.999946833 0.003608136 -0.009652739 -0.030550752 -0.003547029 0.999973655 0.006340203 -0.016825244 0.009675363 -0.006305628 0.999933362 1.707866907
0.999966443 0.002791105 -0.007695525 -0.031212468 -0.002734090 0.999968827 0.007409411 -0.017781962 0.007715966 -0.007388121 0.999942958 1.754366636
0.999974430 0.003667493 -0.006118953 -0.031425945 -0.003616807 0.999959171 0.008274093 -0.018324338 0.006149046 -0.008251751 0.999947011 1.824519038
0.999991357 0.003008435 -0.002851554 -0.031749822 -0.002986025 0.999964833 0.007831256 -0.018914700 0.002875010 -0.007822673 0.999965250 1.869116545
0.999998391 0.001740319 0.000012539 -0.031777784 -0.001740363 0.999981344 0.005852518 -0.019467320 -0.000002357 -0.005852531 0.999982834 1.912158132
0.999988139 0.002169002 0.004340939 -0.032337893 -0.002186906 0.999989152 0.004124012 -0.020130454 -0.004331946 -0.004133457 0.999982059 1.980159760
0.999961793 0.002518336 0.008364474 -0.031796530 -0.002556097 0.999986649 0.004506884 -0.020559125 -0.008353012 -0.004528093 0.999954820 2.023992300
0.999892533 0.003278165 0.014284633 -0.032415710 -0.003350105 0.999981880 0.005015217 -0.021520738 -0.014267934 -0.005062533 0.999885440 2.066511869
0.999779582 0.004178631 0.020574119 -0.031495079 -0.004242360 0.999986351 0.003054872 -0.021394733 -0.020561075 -0.003141482 0.999783754 2.110110998
0.999585986 0.005786344 0.028183879 -0.030596998 -0.005886273 0.999976695 0.003463994 -0.022310885 -0.028163176 -0.003628458 0.999596775 2.180689812
0.999299526 0.007198873 0.036723275 -0.029866733 -0.007351282 0.999964952 0.004016873 -0.022696551 -0.036693070 -0.004284022 0.999317408 2.221179962
0.998907089 0.007990567 0.046052411 -0.026667245 -0.008223767 0.999954224 0.004876572 -0.023525981 -0.046011344 -0.005249965 0.998927176 2.263056993
0.998170018 0.010362277 0.059575338 -0.025416538 -0.010682899 0.999930143 0.005065822 -0.024057576 -0.059518680 -0.005692988 0.998211026 2.303018093
0.997110963 0.013701534 0.074711375 -0.022143066 -0.014132935 0.999886334 0.005248568 -0.024397293 -0.074630968 -0.006289297 0.997191370 2.372167826
0.995809376 0.015578972 0.090115190 -0.018509611 -0.016272474 0.999843419 0.006966063 -0.025332632 -0.089992553 -0.008403268 0.995907009 2.409125805
0.993972421 0.015887231 0.108471975 -0.015287519 -0.016749116 0.999834955 0.007039150 -0.025010733 -0.108342253 -0.008813530 0.994074523 2.450008869
0.991707742 0.015434117 0.127582788 -0.010322630 -0.016370935 0.999846160 0.006297394 -0.025487920 -0.127465948 -0.008333823 0.991807938 2.488980293
0.988858104 0.014544440 0.148149297 -0.002579361 -0.015450249 0.999868274 0.004965133 -0.025645372 -0.148057580 -0.007198755 0.988952577 2.553356171
0.985521317 0.012028841 0.169124767 0.003516287 -0.013035131 0.999903262 0.004840929 -0.026116244 -0.169050202 -0.006975402 0.985582829 2.590077639
0.981586158 0.006789219 0.190899670 0.011003494 -0.008221869 0.999943614 0.006713661 -0.026346993 -0.190843329 -0.008159589 0.981586635 2.628570557
0.976893604 0.001758788 0.213718951 0.018986225 -0.003509642 0.999963284 0.007813185 -0.026084583 -0.213697404 -0.008382729 0.976863980 2.663609266
0.971386373 -0.003311183 0.237481400 0.033040404 0.001610161 0.999971688 0.007356366 -0.027294734 -0.237499073 -0.006763491 0.971364260 2.724843740
0.964758456 -0.009177262 0.262976915 0.042790651 0.008140812 0.999954224 0.005030569 -0.027288606 -0.263011068 -0.002712437 0.964789033 2.761153936
0.957247198 -0.013150009 0.288971752 0.052815676 0.012002334 0.999911487 0.005743274 -0.027578089 -0.289021701 -0.002029398 0.957320392 2.793877363
0.948696554 -0.015251205 0.315819681 0.069876254 0.013341391 0.999877334 0.008208482 -0.028127329 -0.315906078 -0.003573885 0.948783755 2.846000195
0.938814878 -0.019403296 0.343874872 0.081872225 0.016532822 0.999799728 0.011277795 -0.028616136 -0.344024807 -0.004902541 0.938947797 2.879420519
0.927995861 -0.023030899 0.371877879 0.095405519 0.020635065 0.999732792 0.010421394 -0.028581910 -0.372018456 -0.001997288 0.928223252 2.911387444
0.915763974 -0.021741811 0.401127905 0.108827829 0.020797018 0.999761224 0.006709729 -0.028784044 -0.401178062 0.002197736 0.915997505 2.942966700
0.902803421 -0.023095001 0.429432780 0.123398781 0.024870047 0.999689639 0.001478852 -0.029485505 -0.429333657 0.009344903 0.903097689 2.972664833
0.888845384 -0.025824966 0.457478762 0.139469504 0.029381379 0.999568105 -0.000659475 -0.030115677 -0.457264125 0.014027528 0.889220417 3.002136230
0.872725427 -0.026026506 0.487516910 0.169853449 0.028278954 0.999596298 0.002740896 -0.031166863 -0.487391472 0.011394421 0.873109162 3.064383745
0.854121387 -0.025242131 0.519460559 0.185278654 0.024245640 0.999668062 0.008711023 -0.032024823 -0.519508004 0.005154382 0.854449987 3.094299555
0.834944904 -0.024462327 0.549789488 0.205437541 0.021900862 0.999697149 0.011220486 -0.031033304 -0.549897492 0.002672375 0.835227787 3.122743845
0.813659072 -0.018382613 0.581051409 0.224487066 0.018063469 0.999816716 0.006336334 -0.031404942 -0.581061482 0.005340189 0.813842118 3.149976015
0.791217506 -0.011888627 0.611419082 0.244306445 0.015117406 0.999885738 -0.000120845 -0.032344244 -0.611347914 0.009338684 0.791306973 3.177247524
0.769441307 -0.009862826 0.638641477 0.281571746 0.015185254 0.999880612 -0.002853727 -0.032287195 -0.638537169 0.011893708 0.769499123 3.223779202
0.745953321 -0.012528439 0.665880203 0.303388476 0.016084416 0.999870300 0.000793825 -0.033357020 -0.665803909 0.010118142 0.746058106 3.248497486
0.721479416 -0.012756096 0.692318201 0.326861858 0.016924987 0.999856472 0.000784660 -0.033204410 -0.692228913 0.011151362 0.721591830 3.273079872
0.695891142 -0.010126722 0.718075812 0.360856771 0.017732993 0.999837935 -0.003084839 -0.032763116 -0.717928231 0.014880346 0.695957959 3.306970119
0.669960380 -0.007599995 0.742357969 0.385659099 0.017155882 0.999839008 -0.005246773 -0.033698589 -0.742198586 0.016250933 0.669982910 3.328659058
0.642673731 -0.005388156 0.766121030 0.410329580 0.015579313 0.999860346 -0.006036920 -0.034197770 -0.765981555 0.015815411 0.642667949 3.349732876
0.614274979 -0.003888585 0.789082527 0.436090827 0.015914481 0.999845505 -0.007461680 -0.034483142 -0.788931489 0.017141361 0.614241838 3.370486498
0.585264623 0.002339847 0.810838938 0.462986946 0.014533802 0.999804914 -0.013375668 -0.035589453 -0.810711980 0.019612879 0.585116446 3.390764713
0.554580271 0.011830575 0.832046211 0.510522008 0.014203244 0.999618709 -0.023680054 -0.036422774 -0.832009017 0.024950247 0.554200709 3.426412106
0.523851752 0.020383295 0.851565599 0.539070606 0.013184691 0.999399900 -0.032032628 -0.037152719 -0.851707339 0.028007980 0.523268521 3.444048405
0.491558194 0.025435627 0.870473266 0.567518473 0.011049714 0.999310791 -0.035440110 -0.038171493 -0.870774627 0.027039360 0.490938336 3.460949898
0.459305882 0.024613852 0.887936950 0.611457109 0.008513724 0.999448180 -0.032108881 -0.040691823 -0.888237357 0.022307452 0.458842784 3.484178066
0.426471800 0.023317488 0.904200196 0.642111897 0.004577822 0.999599278 -0.027936786 -0.041743048 -0.904489279 0.016053520 0.426194131 3.498509645
0.391975731 0.025231920 0.919629455 0.673532009 0.000742871 0.999614954 -0.027743114 -0.042303093 -0.919975162 0.011557796 0.391806066 3.512358189
0.356628984 0.027577311 0.933838964 0.720547915 -0.006369296 0.999612689 -0.027087282 -0.044855379 -0.934224367 0.003712213 0.356666595 3.532049417
0.320717275 0.029436711 0.946717381 0.753296494 -0.011328423 0.999564588 -0.027242212 -0.045976922 -0.947107196 -0.001987765 0.320911229 3.543469191
0.284556538 0.029062584 0.958218634 0.797117174 -0.013527607 0.999562502 -0.026299333 -0.047247488 -0.958563805 -0.005478758 0.284825236 3.557466030
0.248484388 0.028234951 0.968224406 0.830893159 -0.013964757 0.999575555 -0.025565309 -0.048666943 -0.968535244 -0.007168438 0.248773247 3.566082001
0.212610930 0.027902836 0.976738513 0.865281045 -0.013539238 0.999580324 -0.025608230 -0.050081760 -0.977043092 -0.007779705 0.212899521 3.573677063
0.177033111 0.026574932 0.983846068 0.916706681 -0.010978121 0.999626517 -0.025025785 -0.051569644 -0.984143674 -0.006370388 0.177258760 3.583960533
0.142759234 0.025960552 0.989416897 0.952386498 -0.002731097 0.999662519 -0.025835318 -0.052671287 -0.989753664 0.000986036 0.142781973 3.588642836
0.108599029 0.029019663 0.993661880 0.999128282 -0.000538068 0.999575317 -0.029133560 -0.054795042 -0.994085491 0.002629219 0.108568549 3.594242334
0.076029927 0.033849526 0.996530712 1.034626245 0.000667120 0.999421597 -0.033998623 -0.056130879 -0.997105300 0.003249719 0.075963378 3.597044945
0.047090478 0.038009576 0.998167157 1.082610488 0.006850529 0.999240041 -0.038373608 -0.058132336 -0.998867154 0.008645007 0.046794299 3.599150419
0.021801343 0.035975810 0.999114811 1.118557334 0.009102005 0.999303877 -0.036181226 -0.059646212 -0.999720871 0.009882747 0.021458704 3.599676371
-0.000800289 0.033045609 0.999453425 1.167823315 0.010860768 0.999395251 -0.033034988 -0.061741598 -0.999940634 0.010828397 -0.001158710 3.600057602
-0.019748840 0.031063050 0.999322295 1.204361677 0.011347424 0.999459863 -0.030843074 -0.062958285 -0.999740481 0.010730620 -0.020090662 3.599634409
-0.036313768 0.033691730 0.998772323 1.253098249 0.013019503 0.999362707 -0.033238273 -0.065175064 -0.999255598 0.011796513 -0.036729284 3.597969055
-0.050679550 0.038657684 0.997966468 1.290043235 0.015748724 0.999157369 -0.037904046 -0.066070296 -0.998590827 0.013795742 -0.051245652 3.595900059
-0.062378675 0.042623971 0.997142017 1.326941371 0.021138417 0.998920083 -0.041377608 -0.068738341 -0.997828782 0.018496921 -0.063212305 3.593402863
-0.071260385 0.046713673 0.996363282 1.382014990 0.026546253 0.998637676 -0.044921711 -0.070827395 -0.997104466 0.023248566 -0.072403386 3.589255571
-0.077174820 0.052015036 0.995659828 1.418510437 0.028908502 0.998335004 -0.049914069 -0.073046923 -0.996598423 0.024930922 -0.078550003 3.586409807
-0.080983162 0.057017673 0.995083272 1.455661416 0.031328589 0.998014748 -0.054636020 -0.074941508 -0.996223092 0.026749957 -0.082608663 3.583485365
-0.083498850 0.060759943 0.994653821 1.511559725 0.033813134 0.997737467 -0.058109768 -0.078377508 -0.995934069 0.028780261 -0.085364416 3.578514099
-0.086223647 0.064101033 0.994211555 1.548768044 0.034204833 0.997530162 -0.061348569 -0.080540046 -0.995688438 0.028717142 -0.088203251 3.575206041
-0.088699952 0.067029156 0.993800581 1.585471869 0.035150073 0.997322500 -0.064129442 -0.083739586 -0.995438039 0.029243886 -0.090818524 3.571974754
-0.090844646 0.070666753 0.993354619 1.642907500 0.036715809 0.997038603 -0.067571096 -0.087883428 -0.995187998 0.030333353 -0.093170226 3.567281246
-0.092987061 0.071583129 0.993090689 1.680086255 0.039946318 0.996877372 -0.068115741 -0.091061369 -0.994865716 0.033336435 -0.095556185 3.563437462
-0.095415860 0.070833556 0.992914021 1.718776822 0.039826095 0.996938050 -0.067293465 -0.093301229 -0.994640410 0.033123039 -0.097944744 3.560469866
-0.097293697 0.070365749 0.992765129 1.775659084 0.038752530 0.997008979 -0.066868708 -0.097796999 -0.994500995 0.031966262 -0.099729516 3.554585457
-0.099361300 0.071664967 0.992467344 1.813745260 0.038496058 0.996933341 -0.068133399 -0.100926824 -0.994306505 0.031436265 -0.101815395 3.550496340
-0.101687215 0.073420241 0.992103398 1.850332737 0.037489563 0.996847332 -0.069928765 -0.104060225 -0.994109809 0.030082665 -0.104119107 3.546783924
-0.104962789 0.076148570 0.991556466 1.911437750 0.036025330 0.996700704 -0.072730124 -0.107967369 -0.993823409 0.028087193 -0.107359752 3.541380644
-0.107411310 0.080044799 0.990987241 1.950182557 0.033523478 0.996478498 -0.076854795 -0.110735208 -0.993649364 0.024966262 -0.109716430 3.537240982
-0.109932095 0.083462097 0.990428805 1.988657951 0.030518716 0.996281743 -0.080567926 -0.114625476 -0.993470490 0.021369612 -0.112070493 3.533677340
-0.112634711 0.086320952 0.989879966 2.047213316 0.028104598 0.996097565 -0.083665252 -0.119004272 -0.993238807 0.018396564 -0.114621177 3.527569771
-0.113996565 0.085015997 0.989836872 2.088247299 0.025656477 0.996251523 -0.082612179 -0.122518785 -0.993149698 0.015978223 -0.115750454 3.521235466
-0.120804869 0.080796942 0.989382684 2.106588364 0.022727400 0.996645868 -0.078615054 -0.124320947 -0.992416024 0.012989017 -0.122235984 3.524115562
-0.120221518 0.078838624 0.989611566 2.187252998 0.023546442 0.996787727 -0.076549813 -0.131136537 -0.992467761 0.014098899 -0.121691711 3.510946274
-0.122660875 0.079766229 0.989237905 2.226963282 0.022498205 0.996732175 -0.077580862 -0.134042919 -0.992193520 0.012739940 -0.124054670 3.506681442
-0.123465963 0.083109766 0.988862395 2.267163754 0.023278447 0.996455193 -0.080841430 -0.137233168 -0.992075682 0.013038017 -0.124962963 3.501417875
-0.123672597 0.085429162 0.988638937 2.326289892 0.024828089 0.996242046 -0.082980283 -0.142294392 -0.992012382 0.014283631 -0.125328869 3.493281603
-0.123771697 0.086172543 0.988562047 2.365570784 0.023242008 0.996200800 -0.083928414 -0.145682335 -0.992038548 0.012588203 -0.125304267 3.488080025
-0.124103978 0.084366947 0.988676131 2.405998230 0.021325741 0.996375620 -0.082347035 -0.149442255 -0.992040038 0.010864655 -0.125453353 3.483760357
-0.123849653 0.084690176 0.988680303 2.447364807 0.016362812 0.996390164 -0.083300859 -0.152527288 -0.992166102 0.005860808 -0.124788344 3.478672266
-0.124275804 0.084276363 0.988662183 2.514112234 0.014399934 0.996434689 -0.083128832 -0.159917414 -0.992143214 0.003905772 -0.125046298 3.471405506
-0.124619022 0.083775900 0.988661528 2.554354668 0.010671602 0.996484578 -0.083093666 -0.164079368 -0.992147267 0.000195554 -0.125074938 3.466886282
-0.124783844 0.083180457 0.988691092 2.596049547 0.006707223 0.996527493 -0.082993232 -0.168020710 -0.992161274 -0.003724840 -0.124908447 3.461696625
-0.125925928 0.078797549 0.988905251 2.636029720 0.007412727 0.996887326 -0.078489654 -0.170569807 -0.992011964 -0.002553394 -0.126118079 3.457201004
-0.125836313 0.070170462 0.989566147 2.707375050 0.009669129 0.997534633 -0.069505937 -0.176683426 -0.992003918 0.000821872 -0.126204565 3.448391438
-0.126600370 0.064709887 0.989840806 2.748723030 0.014968518 0.997880876 -0.063321032 -0.179787099 -0.991840899 0.006799986 -0.127300695 3.443939209
-0.125492275 0.067667700 0.989784241 2.763578892 0.023111379 0.997599840 -0.065271795 -0.180121467 -0.991825342 0.014684172 -0.126754969 3.441236019
-0.123255163 0.073318921 0.989662766 2.854244471 0.029908633 0.997088373 -0.070144169 -0.186630964 -0.991924167 0.020953832 -0.125089169 3.428843975
-0.123087592 0.079270579 0.989224732 2.895884514 0.031798583 0.996607900 -0.075905584 -0.189665094 -0.991886199 0.022112910 -0.125190780 3.424075127
-0.121155016 0.082969569 0.989159942 2.938855886 0.034012642 0.996262431 -0.079399377 -0.193367630 -0.992050648 0.024024313 -0.123524211 3.417893648
-0.121726602 0.081059098 0.989248216 3.001163244 0.031117897 0.996481419 -0.077822752 -0.197943673 -0.992075801 0.021310225 -0.123820670 3.410631895
-0.120771192 0.076691449 0.989713490 3.043579578 0.030598685 0.996825039 -0.073508695 -0.201306432 -0.992208719 0.021406205 -0.122734405 3.404964209
-0.120802037 0.075356215 0.989812315 3.086286545 0.027097424 0.996993184 -0.072595820 -0.204134762 -0.992306709 0.018051641 -0.122480758 3.399798393
-0.121169671 0.075770684 0.989735663 3.152360678 0.025433954 0.996992052 -0.073212445 -0.208883330 -0.992305934 0.016301766 -0.122732319 3.392254114
-0.120937139 0.081349827 0.989321232 3.194757938 0.025162036 0.996567488 -0.078869805 -0.211660981 -0.992341220 0.015355051 -0.122568928 3.387006760
-0.120513916 0.083750851 0.989172459 3.252577782 0.024912834 0.996376216 -0.081325576 -0.216579467 -0.992398977 0.014842228 -0.122163668 3.380573511
-0.119986542 0.082309455 0.989357531 3.295865297 0.024669390 0.996496677 -0.079911567 -0.220260754 -0.992468953 0.014818536 -0.121596716 3.375239611
-0.119221106 0.075445406 0.989997089 3.338986874 0.027144782 0.996983707 -0.072708912 -0.223897010 -0.992496610 0.018204819 -0.120909460 3.370181322
-0.120199785 0.074202657 0.989972711 3.403346062 0.026183901 0.997092783 -0.071557149 -0.229175001 -0.992404401 0.017320197 -0.121793255 3.362764359
-0.119421430 0.075940691 0.989935040 3.446607828 0.023475587 0.997007787 -0.073651239 -0.233564436 -0.992566168 0.014443774 -0.120846838 3.357158899
-0.120212041 0.080160975 0.989506543 3.490503788 0.023611879 0.996683598 -0.077873841 -0.236308873 -0.992467463 0.014002739 -0.121706113 3.352994919
-0.119907610 0.079747915 0.989576876 3.556854248 0.021689143 0.996741056 -0.077697195 -0.241212070 -0.992547989 0.012146589 -0.121246502 3.345306873
-0.120073572 0.076407529 0.989820302 3.600695610 0.020665597 0.997010171 -0.074455641 -0.244979292 -0.992549837 0.011515073 -0.121293597 3.340206623
-0.119877480 0.075087681 0.989945054 3.645737171 0.022129139 0.997090220 -0.072949894 -0.248552233 -0.992542028 0.013161580 -0.121190302 3.335772991
-0.117641740 0.075662926 0.990169406 3.711683989 0.023255503 0.997029543 -0.073424153 -0.253706992 -0.992783844 0.014389138 -0.119051866 3.327132225
-0.116478801 0.075899161 0.990288854 3.757245541 0.025226355 0.996980131 -0.073444843 -0.257388651 -0.992872715 0.016426602 -0.118041724 3.321590900
-0.115026228 0.075418666 0.990495324 3.802864313 0.024919307 0.997019053 -0.073021509 -0.260862768 -0.993049860 0.016283069 -0.116562709 3.315991640
-0.113938391 0.075847320 0.990588307 3.867434502 0.026489438 0.996958911 -0.073288269 -0.265989363 -0.993134737 0.017889781 -0.115601033 3.308506489
-0.112845391 0.073918186 0.990859151 3.912555218 0.026055286 0.997106194 -0.071416870 -0.269456476 -0.993270934 0.017758055 -0.114444770 3.303515434
-0.111760475 0.073540986 0.991010427 3.972177029 0.024638018 0.997156501 -0.071218543 -0.273968279 -0.993429601 0.016457114 -0.113254599 3.297020912
-0.110910431 0.073021188 0.991144240 4.017711163 0.025413247 0.997179389 -0.070622064 -0.277089536 -0.993505418 0.017355470 -0.112453319 3.292278290
-0.109304897 0.073800936 0.991264880 4.063633919 0.024150148 0.997142732 -0.071575582 -0.280829132 -0.993714750 0.016115628 -0.110774890 3.287610292
-0.107339844 0.076185271 0.991299093 4.131447315 0.024592735 0.996958137 -0.073957235 -0.286337316 -0.993918121 0.016440202 -0.108886935 3.280098200
-0.106934659 0.075044237 0.991429865 4.177104473 0.020953070 0.997096181 -0.073213160 -0.289598644 -0.994045198 0.012944481 -0.108196542 3.275922298
-0.105112873 0.073722959 0.991723835 4.238877773 0.019359058 0.997211158 -0.072078995 -0.294849992 -0.994271874 0.011622410 -0.106246918 3.268508196
-0.105271168 0.075127244 0.991601646 4.285791874 0.015727082 0.997143269 -0.073877476 -0.297825098 -0.994319260 0.007817831 -0.106151968 3.263255119
-0.105227143 0.074531436 0.991651297 4.347048283 0.014021685 0.997199476 -0.073460579 -0.303007931 -0.994349360 0.006174576 -0.105977498 3.257323265
-0.106107898 0.071979649 0.991745949 4.392941475 0.011053152 0.997400165 -0.071207471 -0.306448847 -0.994293153 0.003406246 -0.106627643 3.252443314
-0.107535988 0.070570983 0.991693258 4.455864429 0.009038147 0.997505784 -0.070004515 -0.311323076 -0.994160116 0.001435062 -0.107905582 3.246073723
-0.109245181 0.068815388 0.991629839 4.501100540 0.007385001 0.997629404 -0.068418153 -0.315312922 -0.993987381 -0.000151165 -0.109494410 3.241662264
-0.111137420 0.069704607 0.991357505 4.563781261 0.006525103 0.997566938 -0.069409706 -0.319726437 -0.993783653 -0.001245306 -0.111321837 3.235024452
-0.113602005 0.069113091 0.991119504 4.609904289 0.006644292 0.997608185 -0.068803981 -0.322962910 -0.993504107 -0.001230983 -0.113789462 3.229869366
-0.116396852 0.063973539 0.991140246 4.673064709 0.003254082 0.997942626 -0.064030446 -0.327570260 -0.993197501 -0.004227692 -0.116365574 3.222626686
-0.121245392 0.063895330 0.990563869 4.720513821 0.001633255 0.997937500 -0.064171046 -0.330870897 -0.992621303 -0.006162600 -0.121099696 3.217111111
-0.125757486 0.069660850 0.989612222 4.780641556 -0.002442108 0.997506857 -0.070526920 -0.335539609 -0.992057979 -0.011286028 -0.125273839 3.209527969
-0.131880403 0.071746081 0.988665760 4.826665401 -0.000760533 0.997369587 -0.072479166 -0.339770019 -0.991265297 -0.010310494 -0.131478950 3.202908516
-0.141174152 0.068458922 0.987614810 4.887279034 0.000168072 0.997607887 -0.069127589 -0.344228864 -0.989984810 -0.009593039 -0.140847951 3.194347382
-0.151675940 0.066832311 0.986168206 4.932794571 0.002401790 0.997733533 -0.067246683 -0.347466022 -0.988427460 -0.007831134 -0.151492655 3.187230349
-0.164426923 0.067529313 0.984074950 4.993167400 0.003267774 0.997685611 -0.067917280 -0.352082580 -0.986383915 -0.007951696 -0.164267033 3.177300930
-0.177982822 0.067688517 0.981702745 5.038508415 0.006619167 0.997691214 -0.067590863 -0.355509579 -0.984011412 -0.005531957 -0.178019926 3.168767929
-0.192792773 0.065646708 0.979041100 5.097906590 0.006876062 0.997825503 -0.065552205 -0.360080421 -0.981215417 -0.005906044 -0.192824930 3.157762051
-0.207937166 0.068294629 0.975755036 5.141440868 0.010628805 0.997658432 -0.067562640 -0.363322914 -0.978084505 -0.003677674 -0.208176151 3.148572922
-0.223255172 0.071621068 0.972125292 5.201214314 0.011492218 0.997421086 -0.070845470 -0.368205816 -0.974692225 -0.004644742 -0.223502502 3.135594368
-0.238557845 0.075737923 0.968170404 5.245386600 0.010651710 0.997098267 -0.075376302 -0.371461213 -0.971069872 -0.007668934 -0.238672346 3.125024796
-0.255078584 0.072938450 0.964165390 5.303133965 0.007274990 0.997267544 -0.073517941 -0.376952529 -0.966893017 -0.011738560 -0.254912198 3.111156464
-0.271600008 0.067133695 0.960065961 5.332890511 0.002083291 0.997602820 -0.069169141 -0.379628211 -0.962408006 -0.016786240 -0.271088749 3.102780819
-0.287041992 0.063518882 0.955809593 5.404601574 -0.002749656 0.997740388 -0.067131177 -0.384779423 -0.957913995 -0.021897610 -0.286218792 3.083459377
-0.302385330 0.064893968 0.950974107 5.447163105 -0.003901536 0.997587204 -0.069315419 -0.388375580 -0.953177750 -0.024670221 -0.301402539 3.070466280
-0.316199094 0.066781193 0.946339488 5.503295898 -0.004712756 0.997396529 -0.071958870 -0.393114537 -0.948681116 -0.027213188 -0.315061212 3.051717758
-0.330377489 0.069450244 0.941290259 5.545733929 -0.002648742 0.997217119 -0.074506305 -0.396519274 -0.943845093 -0.027108442 -0.329274118 3.037485123
-0.344130397 0.068959929 0.936385989 5.601151466 -0.000530471 0.997284889 -0.073639765 -0.401520342 -0.938921750 -0.025838403 -0.343159437 3.017405987
-0.358641505 0.066297337 0.931118071 5.643131733 -0.000757823 0.997453749 -0.071312450 -0.405656517 -0.933475077 -0.026281228 -0.357678145 3.001967907
-0.373413175 0.065540910 0.925346911 5.698657990 -0.001069305 0.997470021 -0.071080789 -0.410168767 -0.927664459 -0.027531980 -0.372398347 2.980750084
-0.388077170 0.066872671 0.919197559 5.739491463 -0.002382650 0.997288048 -0.073559776 -0.413798571 -0.921623707 -0.030736996 -0.386865407 2.963903427
-0.403020233 0.068740845 0.912605822 5.793347836 -0.001831029 0.997112632 -0.075914808 -0.418673098 -0.915189266 -0.032266218 -0.401730657 2.941004276
-0.417416215 0.070791036 0.905953825 5.834145069 0.000139765 0.996966064 -0.077838317 -0.422292590 -0.908715487 -0.032364354 -0.416159630 2.922248840
-0.431888938 0.073221020 0.898949683 5.888512135 0.002648842 0.996797979 -0.079918325 -0.427669108 -0.901922822 -0.032134663 -0.430699944 2.896939039
-0.447401106 0.076492332 0.891056180 5.928255081 0.002096402 0.996422648 -0.084484860 -0.431439996 -0.894330919 -0.035930607 -0.445960909 2.877960682
-0.461912185 0.078331426 0.883459806 5.982234001 0.002944591 0.996222258 -0.086789884 -0.437132001 -0.886920750 -0.037487872 -0.460397840 2.850536823
-0.477166384 0.075893790 0.875529766 6.022126198 0.001750136 0.996344209 -0.085412540 -0.440909445 -0.878811240 -0.039223701 -0.475554675 2.829154253
-0.493388593 0.071238361 0.866886795 6.075911522 -0.001209221 0.996583283 -0.082584694 -0.446601361 -0.869808197 -0.041794594 -0.491616696 2.800213337
-0.509512722 0.072281510 0.857421815 6.116014481 -0.000436528 0.996443689 -0.084260583 -0.450091362 -0.860463142 -0.043306127 -0.507669032 2.777274132
-0.525060713 0.071496330 0.848056257 6.153979778 -0.001528812 0.996384203 -0.084947810 -0.453843176 -0.851063490 -0.045899279 -0.523052931 2.753258467
-0.541145325 0.069608144 0.838043213 6.212137222 -0.003038783 0.996399879 -0.084723502 -0.460232377 -0.840923607 -0.048394360 -0.538985550 2.717705250
-0.556442201 0.069277406 0.827993214 6.249310493 -0.003628619 0.996305883 -0.085798532 -0.464534163 -0.830878437 -0.050746400 -0.554135203 2.692800760
-0.571737409 0.068822980 0.817544997 6.288280487 -0.003850552 0.996239305 -0.086558744 -0.468476892 -0.820427656 -0.052636866 -0.569322169 2.666283131
-0.587756276 0.065567620 0.806376696 6.347025871 -0.004839422 0.996407807 -0.084546663 -0.474975765 -0.809023559 -0.053595234 -0.585327566 2.626623631
-0.602798641 0.062786460 0.795419216 6.384538651 -0.004319486 0.996627748 -0.081942312 -0.478368104 -0.797881663 -0.052830525 -0.600494683 2.599485159
-0.617631614 0.060889173 0.784106731 6.435275078 -0.003534143 0.996773601 -0.080187440 -0.484132320 -0.786459386 -0.052297462 -0.615423858 2.560256004
-0.632161975 0.058919888 0.772592783 6.471611977 -0.004690907 0.996795356 -0.079856411 -0.488053292 -0.774821937 -0.054106355 -0.629859865 2.530658960
-0.646911860 0.060048889 0.760196924 6.519283295 -0.005604144 0.996493399 -0.083483271 -0.493777812 -0.762544215 -0.058266561 -0.644306958 2.491168022
-0.662435710 0.059660014 0.746739388 6.554379463 -0.007201930 0.996270359 -0.085984915 -0.497729450 -0.749084294 -0.062337440 -0.659535468 2.460993528
-0.677682817 0.056213763 0.733202517 6.601140976 -0.009545705 0.996317327 -0.085209355 -0.503343225 -0.735292315 -0.064743847 -0.674650550 2.418492079
-0.694066167 0.048343752 0.718286097 6.635486603 -0.013024700 0.996736228 -0.079670168 -0.507836640 -0.719793379 -0.064651832 -0.691171288 2.386604548
-0.710908532 0.046019994 0.701777101 6.681345463 -0.014237593 0.996710598 -0.079783529 -0.512899041 -0.703140318 -0.066710398 -0.707914770 2.342436790
-0.728208601 0.043837797 0.683951974 6.714606762 -0.015434098 0.996650279 -0.080312952 -0.516673625 -0.685181618 -0.069040768 -0.725092769 2.308144093
-0.745220840 0.039974153 0.665618360 6.747486591 -0.018607179 0.996566296 -0.080681898 -0.520827293 -0.666557968 -0.072511114 -0.741918206 2.271635771
-0.761765063 0.037830364 0.646747887 6.794407368 -0.018250354 0.996644318 -0.079792909 -0.527058721 -0.647596300 -0.072586827 -0.758518457 2.219673872
-0.778004825 0.038815331 0.627058148 6.826048851 -0.017291903 0.996388495 -0.083131589 -0.531443715 -0.628020346 -0.075519793 -0.774523973 2.182666302
-0.792503476 0.040094566 0.608548045 6.854022980 -0.011925770 0.996626914 -0.081194133 -0.535231233 -0.609750867 -0.071604028 -0.789352238 2.144228458
-0.807484150 0.040059730 0.588527441 6.899807930 -0.009144790 0.996721447 -0.080391616 -0.542395234 -0.589818358 -0.070296921 -0.804470420 2.086401939
-0.822156072 0.040488303 0.567820430 6.928057671 -0.008064340 0.996538997 -0.082734458 -0.546601117 -0.569205046 -0.072599746 -0.818984091 2.047949314
-0.835541725 0.040825196 0.547908008 6.953042507 -0.008242873 0.996191859 -0.086797394 -0.551252007 -0.549365103 -0.077039197 -0.832023382 2.008630991
-0.848044217 0.042585228 0.528211594 6.992864132 -0.004116288 0.996206343 -0.086924419 -0.557867467 -0.529909492 -0.075890005 -0.844651759 1.946875215
-0.859229028 0.041707955 0.509888172 7.016843796 -0.001971283 0.996393859 -0.084825128 -0.562000036 -0.511587441 -0.073889337 -0.856048226 1.905014038
-0.869859993 0.043373123 0.491388172 7.041201591 0.000997414 0.996279716 -0.086172491 -0.566615105 -0.493297726 -0.074467883 -0.866667092 1.863090873
-0.879756451 0.045248363 0.473266482 7.064732075 0.002938051 0.995958984 -0.089760721 -0.570749938 -0.475415647 -0.077577084 -0.876334190 1.823063135
-0.888592064 0.044210166 0.456562847 7.105159760 0.001648910 0.995646000 -0.093201764 -0.575824320 -0.458695382 -0.082065515 -0.884795904 1.749488950
-0.896785617 0.040893450 0.440571576 7.127235413 0.000324166 0.995780468 -0.091767572 -0.581670284 -0.442465305 -0.082153015 -0.893014729 1.706099391
-0.904435039 0.037638210 0.424947828 7.149575710 -0.001065404 0.995898247 -0.090475611 -0.588505328 -0.426610142 -0.082282051 -0.900684953 1.663272500
-0.910282791 0.035955768 0.412422717 7.168320656 -0.001412155 0.995945811 -0.089945219 -0.592946887 -0.413984776 -0.082457975 -0.906541467 1.618075967
-0.916381419 0.034596268 0.398808151 7.201841354 -0.001640173 0.995925605 -0.090164497 -0.600095153 -0.400302529 -0.083279200 -0.912591040 1.544171810
-0.922672570 0.030609354 0.384367496 7.223225594 -0.003792783 0.996075511 -0.088427685 -0.603154421 -0.385565758 -0.083047614 -0.918935359 1.499509573
-0.927584112 0.027059054 0.372633100 7.241687775 -0.004916322 0.996403575 -0.084592715 -0.608223677 -0.373581916 -0.080298856 -0.924115002 1.453216791
-0.931568980 0.026586939 0.362591177 7.268048286 -0.002723713 0.996784270 -0.080086805 -0.615800858 -0.363554448 -0.075593971 -0.928500950 1.386104345
-0.935329318 0.030355031 0.352473587 7.286656380 0.001232117 0.996585727 -0.082556412 -0.619848728 -0.353776038 -0.076783150 -0.932173252 1.340527654
-0.937126935 0.035684809 0.347159445 7.303001881 0.006859139 0.996449828 -0.083910257 -0.624279916 -0.348921239 -0.076253347 -0.934044659 1.294983387
-0.938615143 0.039691225 0.342675239 7.319200039 0.010575905 0.996202767 -0.086419471 -0.628737450 -0.344804078 -0.077490516 -0.935470760 1.249089479
-0.940468132 0.037111398 0.337849855 7.348119259 0.008889662 0.996366918 -0.084700711 -0.636729479 -0.339765757 -0.076654941 -0.937380970 1.170538306
-0.942276299 0.029143414 0.333565623 7.364805222 0.002083098 0.996695936 -0.081196256 -0.640700459 -0.334829897 -0.075814448 -0.939223647 1.126124620
-0.944501460 0.023036633 0.327698439 7.388363838 -0.003090166 0.996870995 -0.078984909 -0.647095323 -0.328492552 -0.075613983 -0.941474974 1.062305927
-0.946014702 0.016887123 0.323683351 7.404783249 -0.009750919 0.996706963 -0.080498524 -0.651484251 -0.323976845 -0.079308994 -0.942734897 1.015793443
-0.947642982 0.013361833 0.319051981 7.421749592 -0.013801016 0.996477008 -0.082723826 -0.655889690 -0.319033235 -0.082795911 -0.944119930 0.970316052
-0.948090434 0.014180719 0.317684144 7.445023537 -0.013746941 0.996243656 -0.085496232 -0.662246704 -0.317703187 -0.085425355 -0.944334209 0.899614930
-0.948551714 0.013875866 0.316317797 7.461233616 -0.014557291 0.996071458 -0.087347910 -0.666844130 -0.316287190 -0.087458752 -0.944623411 0.853419900
-0.948220015 0.017697236 0.317120641 7.481845856 -0.011300940 0.995934367 -0.089369945 -0.672774494 -0.317413002 -0.088326141 -0.944164872 0.791338921
-0.947877347 0.018612374 0.318091422 7.497571945 -0.010949523 0.995800197 -0.090895280 -0.677495897 -0.318447351 -0.089640521 -0.943692625 0.745354891
-0.947498322 0.018723423 0.319212168 7.519367218 -0.011480924 0.995648503 -0.092478000 -0.684190869 -0.319554627 -0.091287591 -0.943160295 0.682764173
-0.947366059 0.019431623 0.319562107 7.535659313 -0.010538059 0.995722830 -0.091787823 -0.689217508 -0.319978863 -0.090324223 -0.943109155 0.638626099
-0.946325004 0.018771591 0.322671205 7.551406860 -0.011350569 0.995766163 -0.091218062 -0.694741249 -0.323017359 -0.089984424 -0.942105293 0.592770457
-0.945051014 0.017449789 0.326456636 7.575912476 -0.013663919 0.995593607 -0.092771895 -0.701054513 -0.326637000 -0.092134848 -0.940648437 0.521832705
-0.943706155 0.015771968 0.330408454 7.593067169 -0.014984904 0.995798826 -0.090333812 -0.706002712 -0.330445081 -0.090199716 -0.939505219 0.476450920
-0.941350341 0.013843256 0.337146491 7.608782768 -0.016542898 0.996063232 -0.087088019 -0.710886359 -0.337024808 -0.087557718 -0.937415600 0.431263208
-0.939015627 0.009279662 0.343749285 7.634363174 -0.021509256 0.996093392 -0.085646547 -0.716960371 -0.343201131 -0.087817229 -0.935147703 0.362430811
-0.936591566 0.012241687 0.350209117 7.651214600 -0.018776312 0.996200800 -0.085037537 -0.721630216 -0.349919528 -0.086221069 -0.932803512 0.318785429
-0.933109224 0.013828093 0.359327376 7.668760300 -0.017633384 0.996298730 -0.084131621 -0.726658165 -0.359160721 -0.084840119 -0.929411590 0.273104906
-0.929089487 0.015128154 0.369545460 7.695003510 -0.018986575 0.995894849 -0.088504061 -0.732165754 -0.369367331 -0.089244597 -0.924988210 0.204451323
-0.925148427 0.015834244 0.379275203 7.714118481 -0.018951997 0.995957136 -0.087808624 -0.736430287 -0.379132181 -0.088424042 -0.921107948 0.159741640
-0.920570970 0.017298814 0.390191972 7.733265400 -0.019195260 0.995807648 -0.089435175 -0.741039395 -0.390103221 -0.089821279 -0.916379631 0.116320610
-0.914260149 0.020036701 0.404631883 7.761991024 -0.017818190 0.995820999 -0.089571372 -0.748486996 -0.404735595 -0.089101344 -0.910082459 0.048590899
-0.909041166 0.020035734 0.416224539 7.782954693 -0.019379778 0.995729983 -0.090257049 -0.752937973 -0.416255593 -0.090113699 -0.904771149 0.006488562
-0.901821375 0.022188405 0.431538910 7.810669422 -0.017137975 0.996058404 -0.087028861 -0.759142041 -0.431769043 -0.085880175 -0.897886336 -0.054841757
-0.895482838 0.025485257 0.444365889 7.831535339 -0.014964292 0.996071279 -0.087282568 -0.763795376 -0.444844484 -0.084809653 -0.891583204 -0.096887827
-0.888405323 0.028106596 0.458198518 7.860353947 -0.012778617 0.996223032 -0.085886441 -0.769683659 -0.458881825 -0.082157098 -0.884690702 -0.153444529
-0.881116450 0.029701892 0.471965671 7.882806778 -0.011177409 0.996438742 -0.083575405 -0.774100423 -0.472767234 -0.078915015 -0.877646565 -0.195423126
-0.873864114 0.031414717 0.485154092 7.898810863 -0.008867882 0.996714294 -0.080512188 -0.777048230 -0.486089259 -0.074658997 -0.870714128 -0.222465038
-0.865916789 0.034136951 0.499021709 7.940467834 -0.006227764 0.996855259 -0.078999236 -0.784868956 -0.500149250 -0.071514547 -0.862981081 -0.295762062
-0.857978344 0.037139013 0.512341201 7.964442730 -0.003040958 0.996998370 -0.077363707 -0.788938880 -0.513676584 -0.067934394 -0.855290115 -0.333699942
-0.846659362 0.041207306 0.530537188 7.995255470 0.000920728 0.997109175 -0.075977035 -0.793850541 -0.532134235 -0.063838199 -0.844249785 -0.386714935
-0.836921573 0.041881569 0.545718014 8.020656586 0.002090426 0.997305334 -0.073333107 -0.799423754 -0.547318757 -0.060233280 -0.834753871 -0.423852205
-0.824507952 0.046313081 0.563951790 8.053959846 0.005956192 0.997299969 -0.073192641 -0.803340912 -0.565818787 -0.056988910 -0.822557747 -0.475264788
-0.812376499 0.049062781 0.581065536 8.080698967 0.007769380 0.997276425 -0.073343709 -0.806862473 -0.583081424 -0.055068195 -0.810545206 -0.513347626
-0.800221264 0.051324081 0.597504556 8.115849495 0.009616513 0.997301221 -0.072786428 -0.811797976 -0.599627674 -0.052499335 -0.798555136 -0.560434341
-0.786969364 0.052214261 0.614778697 8.144004822 0.011207072 0.997457981 -0.070369899 -0.815698862 -0.616890192 -0.048489079 -0.785553992 -0.595883846
-0.771406651 0.051846720 0.634226739 8.180978775 0.010619949 0.997585475 -0.068633549 -0.821380913 -0.636253834 -0.046208918 -0.770094693 -0.643522739
-0.755328357 0.054863196 0.653045952 8.210117340 0.012866741 0.997539103 -0.068922512 -0.825310647 -0.655220211 -0.043656558 -0.754175484 -0.676862240
-0.737412214 0.057410285 0.672998667 8.250928879 0.012264509 0.997355103 -0.071641214 -0.829825759 -0.675331593 -0.044575110 -0.736165881 -0.723381996
-0.719923139 0.057957493 0.691629648 8.281502724 0.011927844 0.997393310 -0.071164228 -0.833796978 -0.693951190 -0.042983115 -0.718737721 -0.754904270
-0.700692952 0.058369309 0.711071253 8.323505402 0.011538789 0.997444570 -0.070506319 -0.838764191 -0.713369668 -0.041198380 -0.699575782 -0.797060966
-0.680418551 0.058449030 0.730489016 8.356725693 0.009882066 0.997455418 -0.070605263 -0.842164814 -0.732757151 -0.040822383 -0.679264724 -0.828481674
