0.999995232 -0.002530424 -0.001799807 0.000189729 0.002536216 0.999991536 0.003223076 -0.001164511 0.001791634 -0.003227624 0.999993145 0.060698479
0.999996901 -0.002437349 0.000547222 -0.004295939 0.002435375 0.999990582 0.003580746 -0.001302811 -0.000555952 -0.003579400 0.999993443 0.112216830
0.999990940 -0.001902585 -0.003804021 -0.001684474 0.001918497 0.999989390 0.004183600 -0.002779087 0.003796022 -0.004190860 0.999984026 0.178427666
0.999986291 -0.001124401 -0.005126521 -0.002474499 0.001146367 0.999990225 0.004283965 -0.003589964 0.005121652 -0.004289784 0.999977648 0.237960458
0.999979496 -0.001148318 -0.006310709 -0.003319276 0.001176247 0.999989450 0.004423623 -0.004214463 0.006305560 -0.004430954 0.999970317 0.296636939
0.999967337 -0.001616210 -0.007913448 -0.004113676 0.001653358 0.999987602 0.004689958 -0.004690679 0.007905766 -0.004702887 0.999957621 0.355228096
0.999945760 -0.003376282 -0.009854208 -0.004622737 0.003415137 0.999986351 0.003928827 -0.005337955 0.009840816 -0.003962268 0.999943674 0.413978219
0.999925077 -0.004555004 -0.011376928 -0.005342639 0.004603547 0.999980330 0.004244219 -0.005928386 0.011357373 -0.004296274 0.999926269 0.472775131
0.999913275 -0.004002640 -0.012551930 -0.006406387 0.004059243 0.999981642 0.004487231 -0.006789399 0.012533743 -0.004537793 0.999911129 0.530536652
0.999907553 -0.003984827 -0.013004309 -0.007903825 0.004044757 0.999981284 0.004585512 -0.007430637 0.012985797 -0.004637686 0.999904931 0.585283577
0.999899328 -0.002177108 -0.014019745 -0.008824057 0.002245775 0.999985456 0.004884034 -0.007746380 0.014008906 -0.004915026 0.999889791 0.645272493
0.999898732 0.000367819 -0.014228838 -0.010158734 -0.000278119 0.999980032 0.006305545 -0.008751424 0.014230869 -0.006300948 0.999878883 0.699889302
0.999883235 0.000016526 -0.015278310 -0.010958199 0.000084700 0.999978065 0.006624799 -0.008944890 0.015278079 -0.006625319 0.999861300 0.760436833
0.999889195 0.002613200 -0.014649893 -0.012857265 -0.002514761 0.999974191 0.006733799 -0.009493459 0.014667107 -0.006696212 0.999869943 0.814278066
0.999868333 0.001329807 -0.016171619 -0.013296301 -0.001228163 0.999979436 0.006293608 -0.009194082 0.016179645 -0.006272917 0.999849379 0.874900818
0.999853313 0.002153986 -0.016997900 -0.013203467 -0.002041006 0.999975681 0.006661255 -0.009617958 0.017011827 -0.006625584 0.999833286 0.929421067
0.999861121 0.003187071 -0.016357996 -0.015598290 -0.003051880 0.999961019 0.008282856 -0.010369605 0.016383745 -0.008231784 0.999831855 0.988821745
0.999863088 0.004115153 -0.016026942 -0.017165083 -0.004003462 0.999967456 0.006994785 -0.010882844 0.016055195 -0.006929664 0.999847054 1.040447593
0.999860048 0.004551612 -0.016098469 -0.018134940 -0.004473844 0.999978065 0.004863519 -0.011360194 0.016120248 -0.004790816 0.999858499 1.100580215
0.999877632 0.003101687 -0.015333421 -0.019500177 -0.003040727 0.999987364 0.003997327 -0.010886647 0.015345619 -0.003950212 0.999874353 1.151808739
0.999879718 0.002094088 -0.015358198 -0.020525578 -0.001982203 0.999971390 0.007296602 -0.012342533 0.015373036 -0.007265282 0.999855399 1.212888241
0.999878883 0.001412744 -0.015492746 -0.021174118 -0.001274969 0.999959588 0.008899141 -0.012920137 0.015504690 -0.008878312 0.999840319 1.264424801
0.999890447 -0.000048293 -0.014800619 -0.022748487 0.000167716 0.999967515 0.008067650 -0.013359653 0.014799738 -0.008069250 0.999857783 1.322925210
0.999890447 -0.000277079 -0.014801911 -0.023224615 0.000366419 0.999981642 0.006033344 -0.013583764 0.014799960 -0.006038108 0.999872148 1.373558879
0.999902189 0.001051576 -0.013949018 -0.025038270 -0.000975859 0.999984682 0.005433823 -0.014112562 0.013954520 -0.005419679 0.999887943 1.430314064
0.999915242 0.001332286 -0.012952823 -0.026082948 -0.001273067 0.999988616 0.004579134 -0.014856014 0.012958778 -0.004562255 0.999905586 1.478409052
0.999929428 0.002509985 -0.011613586 -0.026885960 -0.002447375 0.999982357 0.005402239 -0.015230182 0.011626928 -0.005373434 0.999917984 1.536076546
0.999941528 0.002697704 -0.010470966 -0.027545862 -0.002618714 0.999968052 0.007550087 -0.016164754 0.010490987 -0.007522225 0.999916673 1.582963228
0.999963105 0.001489307 -0.008456036 -0.028506510 -0.001417910 0.999963284 0.008443076 -0.016440697 0.008468296 -0.008430774 0.999928594 1.638543129
0.999978304 0.002134428 -0.006219588 -0.029016558 -0.002079089 0.999958336 0.008890458 -0.016933803 0.006238300 -0.008877334 0.999941170 1.684624076
0.999994040 0.002157370 -0.002688717 -0.029698713 -0.002133139 0.999957383 0.008982738 -0.017745387 0.002707981 -0.008976949 0.999955952 1.738328099
0.999997377 0.001954854 0.001171915 -0.030199489 -0.001963717 0.999969125 0.007610051 -0.018372310 -0.001157003 -0.007612334 0.999970317 1.782010317
0.999989390 0.001344805 0.004409190 -0.029902548 -0.001367588 0.999985635 0.005168207 -0.018521834 -0.004402176 -0.005174182 0.999976933 1.834487677
0.999961913 0.001462557 0.008598084 -0.029619817 -0.001513967 0.999980927 0.005975873 -0.019187391 -0.008589180 -0.005988662 0.999945223 1.878450274
0.999894440 0.001750632 0.014427450 -0.030247213 -0.001832029 0.999982417 0.005630543 -0.019627389 -0.014417339 -0.005656379 0.999880135 1.922173381
0.999788463 0.003559051 0.020264728 -0.028640762 -0.003645137 0.999984443 0.004212729 -0.019853653 -0.020249423 -0.004285703 0.999785721 1.975710511
0.999590933 0.005134602 0.028135478 -0.028258082 -0.005262081 0.999976158 0.004458765 -0.020713912 -0.028111920 -0.004604992 0.999594092 2.017591953
0.999348700 0.005667666 0.035636615 -0.026071526 -0.005866271 0.999967813 0.005470996 -0.020842250 -0.035604462 -0.005676488 0.999349713 2.061414242
0.998885512 0.008181602 0.046483841 -0.024605341 -0.008481600 0.999944389 0.006260211 -0.022012454 -0.046430036 -0.006647491 0.998899519 2.112535238
0.998176873 0.009443748 0.059613019 -0.022506520 -0.009811312 0.999934614 0.005876147 -0.022387188 -0.059553619 -0.006450317 0.998204350 2.153991461
0.997163653 0.011563619 0.074370064 -0.019764617 -0.012081909 0.999905646 0.006522942 -0.023020100 -0.074287623 -0.007402975 0.997209311 2.193914413
0.995785117 0.014918511 0.090495810 -0.017199069 -0.015708046 0.999844372 0.008018567 -0.023501126 -0.090362102 -0.009406283 0.995864511 2.231243372
0.994026899 0.015270221 0.108062029 -0.012248889 -0.016278224 0.999831736 0.008451993 -0.023406345 -0.107914791 -0.010160565 0.994108200 2.286130667
0.991684556 0.015935658 0.127702296 -0.008154184 -0.017019622 0.999827623 0.007401451 -0.023194451 -0.127562359 -0.009513349 0.991784930 2.324560881
0.988860011 0.014448071 0.148146242 -0.003809333 -0.015536059 0.999860108 0.006189405 -0.023436051 -0.148036107 -0.008422064 0.988946080 2.360994101
0.985665441 0.011435191 0.168323934 0.005458266 -0.012628343 0.999902129 0.006019649 -0.024181522 -0.168238640 -0.008059012 0.985713363 2.411578894
0.981763721 0.006044307 0.190008730 0.012577385 -0.007658194 0.999940515 0.007760638 -0.024119722 -0.189950541 -0.009074237 0.981751740 2.447804451
0.976981044 0.001534688 0.213320732 0.020474225 -0.003541483 0.999952912 0.009025587 -0.024366412 -0.213296846 -0.009573299 0.976940453 2.484825611
0.971496046 -0.003969743 0.237022638 0.031451881 0.002000963 0.999961376 0.008546283 -0.024723416 -0.237047419 -0.007828406 0.971466482 2.530572653
0.964957416 -0.009713603 0.262226909 0.040925384 0.008294419 0.999944270 0.006518407 -0.024691582 -0.262275636 -0.004114964 0.964984179 2.565126181
0.957286537 -0.013358363 0.288832217 0.051178157 0.011784389 0.999904692 0.007187748 -0.025169773 -0.288900733 -0.003477023 0.957352817 2.599733591
0.948787212 -0.015487054 0.315535933 0.065494776 0.013196235 0.999868691 0.009395469 -0.025424756 -0.315640032 -0.004750414 0.948867142 2.643653631
0.939052105 -0.019590411 0.343216002 0.077489495 0.016356900 0.999790370 0.012313891 -0.025817700 -0.343385249 -0.005949435 0.939175844 2.676437616
0.927984178 -0.022642648 0.371930867 0.090364218 0.019532317 0.999735594 0.012128549 -0.026144378 -0.372107178 -0.003990430 0.928181171 2.708677769
0.915963233 -0.021995215 0.400658786 0.103956342 0.020607868 0.999757409 0.007771780 -0.025967248 -0.400732517 0.001138058 0.916194379 2.739305496
0.902993977 -0.023717722 0.428998053 0.124272943 0.024955595 0.999684811 0.002740081 -0.026821487 -0.428927839 0.008231628 0.903301239 2.783204079
0.888777375 -0.025709685 0.457617670 0.139541864 0.028484179 0.999593914 0.000837275 -0.027577359 -0.457453310 0.012290712 0.889148712 2.812374592
0.872847795 -0.026285423 0.487284213 0.156378031 0.027978923 0.999601185 0.003803951 -0.027701952 -0.487189919 0.010313416 0.873235285 2.843427896
0.855402768 -0.024925277 0.517363489 0.173727155 0.023496814 0.999680519 0.009312743 -0.027894258 -0.517430365 0.004190247 0.855715156 2.871262550
0.835742235 -0.025609491 0.548524559 0.198805928 0.022042153 0.999671519 0.013088777 -0.028792832 -0.548679471 0.001151819 0.836032033 2.911529541
0.814142644 -0.018818690 0.580359995 0.216864824 0.017772244 0.999814034 0.007488538 -0.028400870 -0.580392957 0.004217562 0.814325690 2.938753366
0.792433679 -0.012254626 0.609835029 0.237932086 0.014861697 0.999889374 0.000781125 -0.029131707 -0.609777033 0.008444192 0.792528033 2.965531349
0.769886613 -0.009628167 0.638108134 0.258655906 0.013923453 0.999901712 -0.001711720 -0.028967604 -0.638028800 0.010202497 0.769944966 2.990656137
0.746251523 -0.012015212 0.665555656 0.288227797 0.015379258 0.999881387 0.000806838 -0.028659381 -0.665486455 0.009633648 0.746347785 3.026482105
0.722176671 -0.012570145 0.691594481 0.310956120 0.015868120 0.999872744 0.001603487 -0.029327698 -0.691526771 0.009816305 0.722284079 3.049474478
0.697156012 -0.010632779 0.716840625 0.335681200 0.016454568 0.999863923 -0.001171898 -0.029939780 -0.716730654 0.012612300 0.697236001 3.072609901
0.670352101 -0.007994546 0.742000043 0.365508795 0.016575471 0.999853790 -0.004202191 -0.030002799 -0.741858006 0.015115949 0.670386493 3.101015568
0.643222690 -0.006041961 0.765655398 0.390731096 0.015209405 0.999872446 -0.004887119 -0.030689962 -0.765528023 0.014788670 0.643232524 3.122241020
0.615082622 -0.004278969 0.788451135 0.416570544 0.015055899 0.999866664 -0.006319000 -0.031145446 -0.788318872 0.015757548 0.615064919 3.142591238
0.586921632 0.002452943 0.809640050 0.443711400 0.013574681 0.999825001 -0.012869655 -0.031810902 -0.809529841 0.018544087 0.586785614 3.161833286
0.555945694 0.012154516 0.831129730 0.480213642 0.012895071 0.999646604 -0.023244485 -0.032007162 -0.831118643 0.023640146 0.555592477 3.188938618
0.524707913 0.021390639 0.851013482 0.508541942 0.011237873 0.999423146 -0.032049906 -0.032691654 -0.851208210 0.026380418 0.524164736 3.207033873
0.493065298 0.025815532 0.869609177 0.537001491 0.009234387 0.999348164 -0.034902867 -0.033992577 -0.869943500 0.025239697 0.492505342 3.223363638
0.460984439 0.025011079 0.887055695 0.575623155 0.007120220 0.999466360 -0.031880800 -0.036064982 -0.887379646 0.021012578 0.460560292 3.243652821
0.427647918 0.023923656 0.903628707 0.606510043 0.002619707 0.999612808 -0.027704626 -0.037219051 -0.903941572 0.014215066 0.427419543 3.258862495
0.393249989 0.024853252 0.919095635 0.643319607 -0.001108186 0.999646604 -0.026557278 -0.038828149 -0.919430971 0.009425119 0.393138558 3.275362730
0.358610958 0.027854245 0.933071434 0.675662041 -0.007774757 0.999609232 -0.026852440 -0.039807193 -0.933454752 0.002375175 0.358687311 3.287925243
0.321808845 0.029639486 0.946340680 0.714325905 -0.012350829 0.999556184 -0.027106231 -0.041397415 -0.946724117 -0.002965065 0.322032094 3.302758932
0.285907656 0.029039111 0.957817018 0.747540951 -0.014644112 0.999556303 -0.025933307 -0.042452574 -0.958145261 -0.006611849 0.286206007 3.313033819
0.249296308 0.028904365 0.967995822 0.788292110 -0.015545628 0.999545038 -0.025842829 -0.043865651 -0.968302608 -0.008605579 0.249632254 3.324207067
0.213173315 0.027781241 0.976619363 0.822276831 -0.014429332 0.999576092 -0.025284693 -0.045357384 -0.976907849 -0.008701945 0.213483840 3.332059383
0.177900881 0.026698802 0.983686149 0.864212096 -0.012472493 0.999612689 -0.024875406 -0.046688911 -0.983969331 -0.007843662 0.178164989 3.339597225
0.143774569 0.025729828 0.989275932 0.900106549 -0.004313994 0.999668658 -0.025373161 -0.048031449 -0.989601016 -0.000619714 0.143837944 3.344409466
0.109775878 0.029221337 0.993526697 0.941936672 -0.001702139 0.999571800 -0.029211067 -0.049470793 -0.993954837 0.001515550 0.109778620 3.349257946
0.077211693 0.034107082 0.996431112 0.977641046 -0.000546352 0.999415994 -0.034166913 -0.050857954 -0.997014582 0.002093683 0.077185228 3.352124929
0.048204523 0.038272303 0.998103917 1.021107435 0.006027030 0.999236345 -0.038606796 -0.052465867 -0.998819292 0.007876625 0.047937054 3.354115963
0.023037871 0.036363557 0.999072969 1.057771325 0.008086921 0.999298751 -0.036558252 -0.054100864 -0.999701858 0.008921648 0.022727652 3.354669333
0.000671711 0.033206720 0.999448299 1.101935863 0.009983253 0.999398470 -0.033211764 -0.056082521 -0.999949932 0.010000052 0.000339791 3.354706526
-0.018525377 0.030500965 0.999363124 1.138696194 0.010268604 0.999487698 -0.030314412 -0.057545252 -0.999775648 0.009700479 -0.018829094 3.354369640
-0.034922950 0.033592340 0.998825252 1.182767630 0.012242804 0.999374330 -0.033182751 -0.059509858 -0.999315023 0.011069583 -0.035312355 3.353004694
-0.049394198 0.038043510 0.998054504 1.219521642 0.015322271 0.999185622 -0.037328318 -0.060855102 -0.998661757 0.013448659 -0.049936872 3.351134539
-0.061326992 0.043740530 0.997158825 1.264274478 0.019183259 0.998906434 -0.042637393 -0.062630713 -0.997933328 0.016513931 -0.062099010 3.348049641
-0.069947973 0.047061823 0.996439815 1.301031113 0.024857301 0.998658597 -0.045421682 -0.064557761 -0.997240901 0.021591648 -0.071023971 3.345263481
-0.075824693 0.052164920 0.995755732 1.345335722 0.028641647 0.998332441 -0.050118905 -0.067124337 -0.996709704 0.024719829 -0.077192344 3.341621876
-0.080021948 0.057977855 0.995105684 1.382473946 0.030732317 0.997975945 -0.055673730 -0.068482950 -0.996319234 0.026126776 -0.081641786 3.339274883
-0.082091749 0.060980968 0.994757473 1.427978754 0.033023175 0.997744679 -0.058438875 -0.072016135 -0.996077478 0.028052690 -0.083920367 3.334990740
-0.084769197 0.063981310 0.994344473 1.464770794 0.034156509 0.997536361 -0.061274819 -0.074464515 -0.995814979 0.028769109 -0.086745724 3.331825733
-0.087209038 0.067631021 0.993891597 1.510731697 0.034790091 0.997290909 -0.064809695 -0.077610888 -0.995582342 0.028925583 -0.089325696 3.327871323
-0.090108283 0.071347341 0.993373036 1.547973514 0.035664298 0.997021973 -0.068374351 -0.080362692 -0.995293140 0.029266847 -0.092384487 3.325550318
-0.091924369 0.072353370 0.993133843 1.585524201 0.038686279 0.996863127 -0.069044270 -0.083441682 -0.995014131 0.032073792 -0.094435096 3.321407318
-0.094001003 0.071214706 0.993021846 1.635872006 0.038663082 0.996947050 -0.067836292 -0.087211758 -0.994821072 0.032016605 -0.096467398 3.316540003
-0.095518425 0.070658147 0.992916822 1.674936771 0.038364559 0.996997833 -0.067257918 -0.090415001 -0.994688153 0.031668440 -0.097942427 3.312446833
-0.097875550 0.071736716 0.992609859 1.720030308 0.038747698 0.996917129 -0.068227313 -0.094116323 -0.994444072 0.031783558 -0.100353435 3.307853460
-0.100530341 0.074089393 0.992171586 1.757893682 0.037612461 0.996793747 -0.070623495 -0.096778534 -0.994222760 0.030218208 -0.102994666 3.304988384
-0.103606477 0.076145761 0.991699338 1.805702567 0.035589516 0.996710539 -0.072812371 -0.100391962 -0.993981421 0.027750269 -0.105975635 3.300091743
-0.105681553 0.079600811 0.991208911 1.844445944 0.033811055 0.996502221 -0.076421000 -0.103538990 -0.993825018 0.025437532 -0.108003266 3.295777321
-0.108135715 0.083347462 0.990636110 1.891429424 0.030551545 0.996287227 -0.080487981 -0.107768580 -0.993666589 0.021561842 -0.110280618 3.291015148
-0.111026950 0.086312599 0.990062237 1.930697441 0.028130772 0.996095181 -0.083683930 -0.110804759 -0.993419230 0.018560044 -0.113021456 3.286926746
-0.113661118 0.084300414 0.989936650 1.978572607 0.025704809 0.996309698 -0.081891805 -0.115383118 -0.993186951 0.016138215 -0.115408607 3.281472206
-0.116330363 0.079924501 0.989989519 2.018258572 0.023158116 0.996704221 -0.077745356 -0.118765041 -0.992940426 0.013882142 -0.117797874 3.276929855
-0.118821599 0.078360684 0.989818752 2.066640377 0.023484817 0.996823907 -0.076096065 -0.122931801 -0.992637813 0.014203855 -0.120284483 3.271413803
-0.121586025 0.079187118 0.989417136 2.106448412 0.021897180 0.996783912 -0.077085853 -0.126137599 -0.992339253 0.012292882 -0.122928977 3.267341614
-0.122024506 0.081940442 0.989138901 2.155076265 0.023694403 0.996542811 -0.079630740 -0.130273372 -0.992244184 0.013720156 -0.123544164 3.260714054
-0.122842222 0.084849939 0.988792360 2.195059776 0.024532637 0.996293604 -0.082445830 -0.133574039 -0.992122889 0.014129856 -0.124468505 3.255987406
-0.123227768 0.085893854 0.988654196 2.235292912 0.021871062 0.996240318 -0.083826855 -0.137019008 -0.992137313 0.011293119 -0.124643050 3.250928640
-0.122717984 0.083833478 0.988894463 2.288945198 0.019990757 0.996432483 -0.081991732 -0.142118171 -0.992240191 0.009706888 -0.123956062 3.244356155
-0.123349339 0.083215415 0.988868117 2.328648090 0.015665045 0.996517062 -0.081905052 -0.145631328 -0.992239594 0.005387729 -0.124223292 3.239820719
-0.122313626 0.084974580 0.988847136 2.369506598 0.012362950 0.996381164 -0.084092788 -0.148817837 -0.992414474 0.001939371 -0.122921534 3.233954668
-0.122267142 0.084562123 0.988888383 2.421686649 0.009847733 0.996417999 -0.083988428 -0.153576478 -0.992448390 -0.000530717 -0.122661941 3.227669716
-0.122904524 0.084208310 0.988839507 2.463016748 0.006698859 0.996441305 -0.084023066 -0.156965598 -0.992395997 -0.003702717 -0.123031244 3.223183155
-0.123553991 0.079157174 0.989175797 2.512731075 0.005799829 0.996854007 -0.079047203 -0.161350265 -0.992320836 -0.004029543 -0.123624392 3.217426777
-0.124284551 0.070156053 0.989763319 2.554283619 0.009604780 0.997535706 -0.069500923 -0.164913490 -0.992200077 0.000868571 -0.124652110 3.212500095
-0.123495579 0.064855844 0.990223467 2.603618622 0.014826747 0.997871161 -0.063507617 -0.168629587 -0.992234349 0.006838884 -0.124194250 3.205716133
-0.122559212 0.067068793 0.990192413 2.643968105 0.022722742 0.997642100 -0.064760908 -0.171552926 -0.992201030 0.014562842 -0.123794191 3.199974298
-0.121053234 0.072969608 0.989960432 2.694730997 0.028827272 0.997132242 -0.069973223 -0.174967155 -0.992227316 0.020067373 -0.122809604 3.193266153
-0.120103642 0.078763656 0.989632010 2.736269951 0.032306947 0.996629834 -0.075399779 -0.178080410 -0.992235541 0.022916203 -0.122243501 3.187879562
-0.119540572 0.082808353 0.989369929 2.786964178 0.033182990 0.996292055 -0.079378396 -0.182427883 -0.992274582 0.023341309 -0.121845149 3.181917191
-0.119514234 0.080506571 0.989563048 2.829303265 0.030558256 0.996532977 -0.077382945 -0.185533106 -0.992362022 0.020990955 -0.121560030 3.177008390
-0.119214833 0.076071203 0.989950061 2.880561829 0.029536482 0.996890903 -0.073047623 -0.189622208 -0.992429018 0.020531269 -0.121091083 3.170887709
-0.119324617 0.073465578 0.990133584 2.923529148 0.027031535 0.997129261 -0.070726961 -0.193055600 -0.992487192 0.018325355 -0.120967954 3.165600061
-0.119297653 0.074400038 0.990067065 2.973430634 0.024575718 0.997104228 -0.071967617 -0.196710438 -0.992554307 0.015746046 -0.120780632 3.160268307
-0.118907094 0.079996221 0.989677608 3.016121626 0.025416376 0.996667743 -0.077507526 -0.199824184 -0.992580056 0.015937822 -0.120544076 3.155259132
-0.118188336 0.082332507 0.989572048 3.067359209 0.025346847 0.996482134 -0.079880156 -0.204054385 -0.992667615 0.015641626 -0.119859427 3.149040222
-0.117704146 0.081813060 0.989672899 3.110361338 0.024095438 0.996542335 -0.079515204 -0.207574397 -0.992756307 0.014487330 -0.119268492 3.143895388
-0.117060147 0.075138025 0.990278244 3.162467718 0.027116597 0.997003734 -0.072442897 -0.211359560 -0.992754519 0.018372802 -0.118746921 3.137565374
-0.117687300 0.074026331 0.990287662 3.205732346 0.025676301 0.997111022 -0.071484998 -0.214516222 -0.992718697 0.017014056 -0.119248062 3.132549524
-0.116612069 0.076935887 0.990193069 3.258025408 0.024413403 0.996915817 -0.074583136 -0.218464345 -0.992877424 0.015476694 -0.118130669 3.126165628
-0.116403438 0.079631895 0.990004599 3.301003933 0.022907432 0.996730685 -0.077479489 -0.222219571 -0.992937744 0.013659586 -0.117847055 3.121216059
-0.116774537 0.079491749 0.989972115 3.355110884 0.022867637 0.996742666 -0.077337995 -0.226075292 -0.992895126 0.013607214 -0.118211940 3.115548134
-0.116917267 0.076188125 0.990215063 3.399208069 0.022579869 0.996999323 -0.074044056 -0.229554713 -0.992884874 0.013701894 -0.118286766 3.110901594
-0.115728311 0.075099118 0.990437865 3.451889992 0.023034286 0.997072339 -0.072910734 -0.233656123 -0.993013799 0.014376190 -0.117119350 3.104399681
-0.113920249 0.076017953 0.990577340 3.496099472 0.025848249 0.996957541 -0.073534928 -0.237100810 -0.993153632 0.017227570 -0.115538582 3.098821402
-0.113638408 0.075376078 0.990658760 3.548857689 0.027286123 0.996978521 -0.072726935 -0.241521180 -0.993147314 0.018766660 -0.115351781 3.093208075
-0.113914654 0.073901489 0.990738034 3.593058825 0.026519220 0.997100353 -0.071326904 -0.245567337 -0.993136466 0.018148420 -0.115544133 3.089075327
-0.111214399 0.075428411 0.990929842 3.646684408 0.028089013 0.996955693 -0.072734594 -0.249145404 -0.993399382 0.019745106 -0.112994514 3.082151175
-0.110638127 0.073005058 0.991175771 3.691538811 0.027381875 0.997143745 -0.070388176 -0.252788872 -0.993483484 0.019352630 -0.112321138 3.077453136
-0.108565614 0.073036827 0.991402626 3.745244503 0.026716661 0.997151434 -0.070534691 -0.256534308 -0.993730187 0.018829323 -0.110207662 3.071197748
-0.107376143 0.072229438 0.991591215 3.793954611 0.028002195 0.997181475 -0.069604360 -0.260101318 -0.993824005 0.020292874 -0.109096110 3.065988302
-0.105775602 0.073259078 0.991687715 3.839107752 0.026166948 0.997142136 -0.070870988 -0.263443291 -0.994045615 0.018453017 -0.107390299 3.061159611
-0.103349142 0.075742513 0.991757095 3.893431902 0.025895966 0.996963203 -0.073441543 -0.267429501 -0.994307935 0.018092388 -0.104996726 3.054384708
-0.102710523 0.075755350 0.991822422 3.939479351 0.022515114 0.997017324 -0.073820524 -0.270018518 -0.994456470 0.014748849 -0.104109801 3.049933434
-0.101655751 0.073840536 0.992075503 3.995106459 0.020129668 0.997190058 -0.072158545 -0.274602473 -0.994615972 0.012634820 -0.102856487 3.044182777
-0.100783706 0.075608224 0.992031336 4.041727066 0.016897293 0.997094452 -0.074277453 -0.277694851 -0.994764924 0.009276686 -0.101768441 3.038520336
-0.101009086 0.075042605 0.992051303 4.096915245 0.014754157 0.997154474 -0.073926419 -0.281732261 -0.994776070 0.007169640 -0.101828843 3.033165693
-0.103089221 0.071889251 0.992070913 4.146286964 0.011943568 0.997402310 -0.071034513 -0.286200643 -0.994600356 0.004525975 -0.103680044 3.029195786
-0.105188660 0.070720203 0.991934538 4.191529274 0.010019831 0.997492790 -0.070053950 -0.289593220 -0.994401693 0.002570137 -0.105633542 3.025115490
-0.105284125 0.069829367 0.991987526 4.247955322 0.007842041 0.997558773 -0.069389239 -0.294053704 -0.994411349 0.000473620 -0.105574697 3.018792629
-0.107508078 0.068779431 0.991822362 4.289330959 0.008442156 0.997631311 -0.068267174 -0.297878444 -0.994168341 0.001033845 -0.107834086 3.014364719
-0.109605297 0.068880968 0.991585672 4.348728180 0.007934340 0.997624874 -0.068423457 -0.301655978 -0.993943512 0.000368005 -0.109891511 3.008415222
-0.112284645 0.064666860 0.991569698 4.393919468 0.005193006 0.997904658 -0.064491965 -0.304405004 -0.993662536 -0.002092230 -0.112385198 3.002987146
-0.116453312 0.064310752 0.991111815 4.451514244 0.004940434 0.997926593 -0.064172462 -0.308482826 -0.993183911 -0.002576572 -0.116529584 2.996621609
-0.122524619 0.069525406 0.990027249 4.495928764 -0.000260512 0.997540951 -0.070085317 -0.312139928 -0.992465556 -0.008845089 -0.122205213 2.991725683
-0.130494311 0.073186480 0.988744140 4.543969631 0.000830041 0.997279525 -0.073708713 -0.315485984 -0.991448700 -0.008797867 -0.130200058 2.986730814
-0.137670904 0.070063584 0.987996936 4.602443695 0.002733886 0.997518063 -0.070357807 -0.319286078 -0.990474284 -0.006985154 -0.137520730 2.977046967
-0.148455516 0.067897469 0.986585498 4.652191639 0.005234608 0.997680247 -0.067873336 -0.323185593 -0.988905191 -0.004911783 -0.148466542 2.969848394
-0.161254555 0.068859883 0.984507620 4.696889400 0.005131481 0.997607946 -0.068935648 -0.326486290 -0.986899436 -0.006064205 -0.161222160 2.962549448
-0.175056145 0.069786683 0.982082069 4.751107693 0.008364800 0.997554302 -0.069395065 -0.330275685 -0.984522879 -0.003933116 -0.175211757 2.952908039
-0.189225674 0.067230776 0.979629397 4.794852734 0.008420656 0.997727692 -0.066846281 -0.334054947 -0.981897473 -0.004399914 -0.189361885 2.944195747
-0.205156848 0.070100665 0.976215482 4.847473621 0.012580599 0.997538209 -0.068987951 -0.337577552 -0.978648186 -0.001871976 -0.205533668 2.934259415
-0.219707891 0.073753692 0.972773790 4.895752430 0.014109893 0.997274101 -0.072424434 -0.341297537 -0.975463629 -0.002186484 -0.220149666 2.923165083
-0.235424533 0.076959401 0.968840837 4.938281536 0.014297418 0.997026324 -0.075724080 -0.345123708 -0.971787512 -0.003975384 -0.235824749 2.914026260
-0.251387775 0.075351402 0.964948952 4.989869595 0.010054908 0.997114420 -0.075243667 -0.349373639 -0.967834234 -0.009212865 -0.251420051 2.900960207
-0.267688632 0.069632262 0.960986078 5.033020973 0.004369820 0.997462690 -0.071058095 -0.352972448 -0.963495553 -0.014822107 -0.267313659 2.889472008
-0.283421248 0.065573715 0.956750989 5.082245350 0.000219303 0.997663915 -0.068312839 -0.357069880 -0.958995461 -0.019151490 -0.282773495 2.875925541
-0.298526675 0.067845002 0.951986909 5.124155521 -0.000719444 0.997453868 -0.071310900 -0.359960824 -0.954401076 -0.021973100 -0.297717750 2.863232613
-0.313227713 0.069615282 0.947122991 5.173356533 -0.000801944 0.997289896 -0.073567845 -0.364240944 -0.949677706 -0.023803035 -0.312322915 2.847727537
-0.327405930 0.072352901 0.942109644 5.213899612 0.001385545 0.997099638 -0.076094568 -0.367354453 -0.944882751 -0.023608478 -0.326556593 2.833881617
-0.341376007 0.072047517 0.937161446 5.263725758 0.003638376 0.997151673 -0.075334147 -0.371899307 -0.939919770 -0.022307528 -0.340665817 2.816563845
-0.355974227 0.069262192 0.931925416 5.303885460 0.002167051 0.997308075 -0.073293746 -0.376097798 -0.934493244 -0.024071161 -0.355166107 2.801661015
-0.370209992 0.067793399 0.926471055 5.352176189 0.001826531 0.997384727 -0.072252534 -0.380372494 -0.928946257 -0.025056390 -0.369365633 2.782725096
-0.384555638 0.069378883 0.920490921 5.396339417 0.000460747 0.997185886 -0.074967012 -0.384199113 -0.923101723 -0.028404875 -0.383505344 2.764543295
-0.399423778 0.071451530 0.913977742 5.435709476 0.001283625 0.997000694 -0.077381015 -0.387865961 -0.916765451 -0.029734612 -0.398317546 2.747653008
-0.414404958 0.073414132 0.907126784 5.483469963 0.003239690 0.996853888 -0.079195790 -0.392091334 -0.910086811 -0.029880319 -0.413338989 2.726721287
-0.428975821 0.075901158 0.900121570 5.522687912 0.006244755 0.996688962 -0.081067935 -0.396130592 -0.903294384 -0.029155146 -0.428029418 2.707934856
-0.443858773 0.079825528 0.892534196 5.570371628 0.006255518 0.996276081 -0.085992992 -0.400301665 -0.896074951 -0.032585487 -0.442705244 2.685694933
-0.458905727 0.081825003 0.884709239 5.609243870 0.007046359 0.996054113 -0.088468052 -0.404347569 -0.888457060 -0.034364525 -0.457671463 2.666099787
-0.474713773 0.079093158 0.876579225 5.657123566 0.005955740 0.996219933 -0.086662881 -0.409136325 -0.880120099 -0.035919394 -0.473390430 2.641551733
-0.490232348 0.074987732 0.868360043 5.694763660 0.003620843 0.996458709 -0.084005609 -0.413036019 -0.871584296 -0.038038068 -0.488767833 2.620326519
-0.506269813 0.076090388 0.859011769 5.742080688 0.003877933 0.996290743 -0.085964896 -0.417183846 -0.862366378 -0.040190242 -0.504686952 2.593549252
-0.521575332 0.075738318 0.849837005 5.779584885 0.003208995 0.996219337 -0.086814575 -0.420677692 -0.853199184 -0.042553220 -0.519846499 2.569931746
-0.538267434 0.074010201 0.839518130 5.825326920 0.002348667 0.996264398 -0.086322755 -0.426099598 -0.842770815 -0.044492982 -0.536430538 2.542827129
-0.553320646 0.073526561 0.829716861 5.861511230 0.001252526 0.996168733 -0.087441653 -0.430091172 -0.832967520 -0.047344018 -0.551292837 2.518396616
-0.569398940 0.072683029 0.818841994 5.907402039 0.000614399 0.996121049 -0.087991655 -0.435043991 -0.822061181 -0.049599249 -0.567234814 2.488239288
-0.584630847 0.070144579 0.808261514 5.943962097 0.000402181 0.996280313 -0.086170807 -0.439133614 -0.811299384 -0.050053038 -0.582484305 2.462279797
-0.599282563 0.066872030 0.797739744 5.986908913 0.001245622 0.996581554 -0.082604602 -0.443788111 -0.800536633 -0.048509803 -0.597317278 2.430341244
-0.613847554 0.065803900 0.786677361 6.017259598 0.001806156 0.996634245 -0.081957020 -0.445925653 -0.789422572 -0.048888236 -0.611900151 2.405632019
-0.628743410 0.063743189 0.774995804 6.065419674 0.001313934 0.996720195 -0.080913983 -0.452231467 -0.777611554 -0.049855843 -0.626765072 2.368905544
-0.643666029 0.064433508 0.762589276 6.099316597 0.000089026 0.996455789 -0.084118471 -0.456633091 -0.765306532 -0.054076314 -0.641390443 2.341017246
-0.658727527 0.063830592 0.749669075 6.140553474 -0.002179794 0.996228576 -0.086739279 -0.461280346 -0.752378404 -0.058771677 -0.656104147 2.304987192
-0.674486637 0.060588777 0.735796690 6.174053192 -0.003804639 0.996328235 -0.085529737 -0.465395272 -0.738277197 -0.060488112 -0.671779633 2.274936676
-0.690910399 0.053684842 0.720944345 6.207837105 -0.006724086 0.996718526 -0.080664232 -0.468787372 -0.722909033 -0.060579456 -0.688282371 2.244125366
-0.707706571 0.051325895 0.704639733 6.249067307 -0.007563577 0.996750116 -0.080199666 -0.473867655 -0.706466079 -0.062087432 -0.705018401 2.204421043
-0.724868894 0.049204193 0.687127471 6.280207634 -0.008513278 0.996729851 -0.080355257 -0.478034496 -0.688834369 -0.064096726 -0.722079635 2.171172619
-0.742455542 0.045346577 0.668358684 6.317611217 -0.011706145 0.996675670 -0.080626056 -0.482402831 -0.669793010 -0.067685172 -0.739456713 2.132559776
-0.759108305 0.042965602 0.649544656 6.346940994 -0.012016421 0.996724546 -0.079973891 -0.486159205 -0.650853336 -0.068514064 -0.756105602 2.099253178
-0.775403082 0.044741064 0.629879594 6.375133514 -0.009921366 0.996500432 -0.082996085 -0.490090609 -0.631388605 -0.070604689 -0.772245646 2.065454721
-0.789937973 0.044639524 0.611559749 6.414206982 -0.005984223 0.996737838 -0.080484465 -0.495203793 -0.613157630 -0.067237444 -0.787093937 2.016989231
-0.804464519 0.045798440 0.592232525 6.441103458 -0.002134740 0.996793807 -0.079983659 -0.499209374 -0.593996942 -0.065608285 -0.801787555 1.981011271
-0.818981647 0.047329281 0.571864545 6.466939926 0.000108221 0.996605337 -0.082327142 -0.503091753 -0.573819816 -0.067362547 -0.816206574 1.944759965
-0.833334088 0.047839854 0.550695598 6.504323959 0.000064174 0.996256232 -0.086449362 -0.508801639 -0.552769601 -0.072005846 -0.830217361 1.893846989
-0.846623898 0.048121139 0.530011594 6.529261589 0.002142848 0.996203780 -0.087025039 -0.511809349 -0.532187343 -0.072541729 -0.843513072 1.856815696
-0.858273447 0.046874296 0.511047363 6.554150581 0.003974248 0.996397078 -0.084717050 -0.515993059 -0.513177216 -0.070679367 -0.855367541 1.816237807
-0.869279861 0.048481625 0.491937041 6.579435349 0.006832623 0.996262193 -0.086110517 -0.520457506 -0.494272977 -0.071492918 -0.866361916 1.776417613
-0.877240300 0.052250054 0.477199554 6.607573032 0.010679249 0.995937049 -0.089416467 -0.525895476 -0.479932755 -0.073343590 -0.874234140 1.718315244
-0.886183977 0.051190555 0.460497141 6.628081799 0.009924237 0.995747209 -0.091592625 -0.528887272 -0.463227332 -0.076597840 -0.882923126 1.678685665
-0.894145370 0.047395118 0.445261508 6.649296284 0.007941375 0.995904803 -0.090060033 -0.534552276 -0.447706401 -0.076990783 -0.890859842 1.635632634
-0.901684999 0.045821860 0.429958671 6.670190334 0.007306899 0.995841861 -0.090805933 -0.538075089 -0.432331681 -0.078736693 -0.898270547 1.594151258
-0.908450484 0.043835692 0.415687710 6.700088501 0.007373315 0.996011496 -0.088919081 -0.546352983 -0.417927563 -0.077713586 -0.905150354 1.533721089
-0.914265037 0.041479617 0.402987659 6.718004704 0.006194633 0.996059477 -0.088470787 -0.550112128 -0.405069351 -0.078389362 -0.910919249 1.491328597
-0.920554519 0.036707696 0.388885677 6.738878250 0.004049716 0.996417940 -0.084467568 -0.555161417 -0.390593261 -0.076182105 -0.917405725 1.447520137
-0.925544679 0.033618510 0.377142847 6.762866020 0.003358700 0.996740401 -0.080606818 -0.561154783 -0.378623337 -0.073338516 -0.922640681 1.390738964
-0.930194676 0.032367729 0.365636736 6.781164646 0.004044919 0.996948004 -0.077963665 -0.564782441 -0.367044330 -0.071042426 -0.927486658 1.347539067
-0.933265448 0.037624415 0.357211500 6.798343658 0.010047338 0.996844172 -0.078745604 -0.569585502 -0.359046996 -0.069901533 -0.930698097 1.303295732
-0.935135305 0.042481370 0.351734757 6.819077969 0.014922694 0.996627033 -0.080695361 -0.574355721 -0.353976458 -0.070212223 -0.932615042 1.245128036
-0.936870873 0.046595927 0.346557051 6.835214615 0.018837778 0.996368110 -0.083040103 -0.578582942 -0.349167794 -0.071269490 -0.934345961 1.201643348
-0.938843429 0.042984538 0.341650814 6.855295181 0.016026039 0.996557295 -0.081342153 -0.583870113 -0.343971074 -0.070892259 -0.936300159 1.148256421
-0.940955222 0.035097890 0.336706668 6.872257233 0.009459015 0.996948421 -0.077486701 -0.588161528 -0.338398725 -0.069726616 -0.938415825 1.104045391
-0.943162322 0.028881352 0.331075221 6.892212391 0.003865637 0.997102618 -0.075969890 -0.592606485 -0.332310081 -0.070372120 -0.940541208 1.051079392
-0.944854200 0.023102421 0.326675862 6.908327579 -0.002708263 0.996923387 -0.078335308 -0.596159697 -0.327480584 -0.074900173 -0.941884518 1.005944133
-0.946031392 0.019990422 0.323458016 6.927218437 -0.006276151 0.996778250 -0.079959244 -0.601418555 -0.324014366 -0.077674009 -0.942858100 0.951823711
-0.946626604 0.020905197 0.321653694 6.942388535 -0.006081416 0.996558666 -0.082666799 -0.605473399 -0.322274953 -0.080210716 -0.943241775 0.907298565
-0.946963668 0.020763729 0.320668966 6.961250782 -0.006734411 0.996408641 -0.084406048 -0.610598385 -0.321269929 -0.082088985 -0.943423033 0.853336930
-0.946549773 0.023261763 0.321718067 6.976610661 -0.004700060 0.996295631 -0.085865349 -0.615240574 -0.322523683 -0.082787931 -0.942934096 0.807302952
-0.946486413 0.023936646 0.321854919 6.994900227 -0.004519186 0.996165216 -0.087375395 -0.620318234 -0.322712153 -0.084154151 -0.942748785 0.755995631
-0.946083426 0.024192451 0.323018759 7.010262489 -0.005045312 0.995985568 -0.089371324 -0.624514461 -0.323884159 -0.086182468 -0.942163348 0.712365150
-0.945452988 0.025267409 0.324777216 7.028879642 -0.003909937 0.996035218 -0.088872902 -0.630165517 -0.325735152 -0.085295022 -0.941605747 0.659283161
-0.944900453 0.025277611 0.326380312 7.044850826 -0.003620874 0.996146262 -0.087632604 -0.635269582 -0.327337682 -0.083985887 -0.941167593 0.615597844
-0.943425000 0.023042031 0.330784738 7.063750744 -0.006915483 0.995998323 -0.089103460 -0.640282273 -0.331514210 -0.086349964 -0.939490318 0.562118888
-0.942440450 0.020422041 0.333750099 7.079565525 -0.008998819 0.996222436 -0.086369269 -0.645099759 -0.334253222 -0.084401250 -0.938696623 0.520786405
-0.939971745 0.019582720 0.340689898 7.098905563 -0.009727750 0.996408701 -0.084112287 -0.649743557 -0.341113478 -0.082377322 -0.936405659 0.466954350
-0.937529564 0.017715808 0.347454369 7.115072727 -0.010922056 0.996711612 -0.080290556 -0.654463768 -0.347734153 -0.079069696 -0.934253156 0.423988700
-0.934493601 0.020517284 0.355388016 7.134596825 -0.008837430 0.996692836 -0.080779158 -0.659146249 -0.355870098 -0.078628339 -0.931221724 0.372251034
-0.931423068 0.020382212 0.363367140 7.151748180 -0.009765104 0.996671438 -0.080936894 -0.663145125 -0.363807231 -0.078934826 -0.928123593 0.329388380
-0.927485764 0.024743175 0.373038709 7.172170639 -0.006850975 0.996515095 -0.083131120 -0.668256402 -0.373795658 -0.079658605 -0.924084127 0.278390646
-0.923579454 0.025333796 0.382569224 7.190143585 -0.006815140 0.996572316 -0.082445934 -0.672140062 -0.383346498 -0.078752644 -0.920240939 0.236495733
-0.918041110 0.027730893 0.395514339 7.211480141 -0.005938864 0.996477365 -0.083651416 -0.677322865 -0.396440774 -0.079144344 -0.914642453 0.184885740
-0.912395358 0.029771330 0.408225805 7.232421875 -0.005257342 0.996416509 -0.084417544 -0.682037234 -0.409276217 -0.079168364 -0.908969283 0.138718843
-0.906562924 0.032235153 0.420837671 7.251844406 -0.003917380 0.996393621 -0.084760122 -0.686050177 -0.422052294 -0.078488983 -0.903167307 0.097802639
-0.899990141 0.031776346 0.434750497 7.276350021 -0.004663403 0.996580601 -0.082494937 -0.690934300 -0.435885251 -0.076272033 -0.896764517 0.046854973
-0.893185794 0.034776311 0.448341221 7.296772957 -0.002640817 0.996582329 -0.082562573 -0.695649862 -0.449680179 -0.074927703 -0.890041232 0.005318165
-0.886456430 0.037383549 0.461299837 7.322104454 -0.000597337 0.996639073 -0.081915073 -0.699820042 -0.462811708 -0.072889693 -0.883454800 -0.042709827
-0.879251838 0.038933843 0.474763513 7.343325138 0.000815852 0.996775746 -0.080231450 -0.703692555 -0.476356506 -0.070156321 -0.876448810 -0.081617117
-0.871368170 0.040629465 0.488944501 7.369243145 0.002804784 0.996961474 -0.077845246 -0.708310604 -0.490621716 -0.066460483 -0.868834376 -0.128994226
-0.864281595 0.043732502 0.501103640 7.391984940 0.006203118 0.997064292 -0.076317281 -0.711603284 -0.502970099 -0.062851228 -0.862015486 -0.165031672
-0.853636920 0.047788661 0.518671691 7.418981552 0.010945019 0.997208118 -0.073865943 -0.717244029 -0.520753503 -0.057377823 -0.851776719 -0.213809252
-0.843106508 0.051261924 0.535297751 7.441739082 0.014251700 0.997226417 -0.073051021 -0.720629334 -0.537557781 -0.053960882 -0.841498673 -0.250854015
-0.831773758 0.054470882 0.552435815 7.471574783 0.018076211 0.997304022 -0.071119055 -0.725710154 -0.554820299 -0.049169026 -0.830515981 -0.296474457
-0.820492566 0.056380272 0.568870127 7.496117592 0.019366208 0.997294784 -0.070908844 -0.729278624 -0.571328938 -0.047163341 -0.819364905 -0.332350969
-0.808562756 0.058174931 0.585527003 7.527471542 0.020486500 0.997280478 -0.070794523 -0.733708620 -0.588053167 -0.045246422 -0.807555616 -0.376137972
-0.795835912 0.061073989 0.602424502 7.556117058 0.023024688 0.997233033 -0.070682921 -0.737454891 -0.605074525 -0.042381369 -0.795040011 -0.414514542
-0.782248139 0.062047329 0.619869411 7.584254265 0.024684899 0.997333288 -0.068679228 -0.741327226 -0.622477829 -0.038422789 -0.781693637 -0.449223280
-0.766217768 0.062871762 0.639497936 7.616777420 0.025685187 0.997403324 -0.067284107 -0.745526433 -0.642067492 -0.035128661 -0.765842915 -0.490680933
-0.749798954 0.066121332 0.658353806 7.646030426 0.027484430 0.997247934 -0.068855934 -0.748826861 -0.661094904 -0.033533618 -0.749552667 -0.524050713
-0.731552899 0.068608351 0.678323865 7.680312157 0.027464589 0.997081757 -0.071229018 -0.753133774 -0.681231260 -0.033477906 -0.731302381 -0.563444376
-0.714093566 0.068503052 0.696690500 7.710197449 0.025683545 0.997094393 -0.071715586 -0.756750464 -0.699578881 -0.033318151 -0.713778138 -0.593581438
-0.694265246 0.069856070 0.716321051 7.746566772 0.027439069 0.997124016 -0.070645921 -0.761425138 -0.719195962 -0.029391823 -0.694185197 -0.630049467
-0.674920082 0.069179989 0.734640837 7.778152466 0.025304534 0.997179806 -0.070655413 -0.764840841 -0.737456918 -0.029097017 -0.674767137 -0.658439636
