0.999996960 -0.002270470 -0.000950381 -0.000689338 0.002273240 0.999993145 0.002924047 -0.000776295 0.000943735 -0.002926199 0.999995232 0.064168938
0.999995649 -0.002424120 -0.001733101 -0.001485133 0.002431419 0.999988139 0.004221862 -0.001934786 0.001722846 -0.004226057 0.999989629 0.123750605
0.999993801 -0.001248081 -0.003288679 -0.002412551 0.001259180 0.999993563 0.003375358 -0.001989440 0.003284440 -0.003379479 0.999988914 0.191645816
0.999987304 -0.000694885 -0.004997701 -0.002876470 0.000712605 0.999993443 0.003544636 -0.002958936 0.004995204 -0.003548152 0.999981105 0.255906731
0.999980152 -0.000586812 -0.006280303 -0.003615580 0.000611006 0.999992371 0.003851098 -0.003743541 0.006277986 -0.003854859 0.999972820 0.319238514
0.999967813 -0.001022719 -0.007961965 -0.004558132 0.001057508 0.999989867 0.004366330 -0.004505234 0.007957421 -0.004374609 0.999958813 0.382419199
0.999949872 -0.002861961 -0.009597421 -0.005125662 0.002896387 0.999989450 0.003575029 -0.005240405 0.009587087 -0.003602649 0.999947548 0.445807040
0.999931633 -0.004551222 -0.010761394 -0.006083420 0.004592395 0.999982178 0.003804344 -0.005904030 0.010743894 -0.003853507 0.999934852 0.508615851
0.999905825 -0.003966006 -0.013132436 -0.006211456 0.004017430 0.999984384 0.003891802 -0.006788257 0.013116801 -0.003944195 0.999906182 0.566649914
0.999909520 -0.002978760 -0.013118952 -0.008232797 0.003031799 0.999987304 0.004024965 -0.007432385 0.013106794 -0.004064375 0.999905825 0.634176016
0.999897003 -0.002235405 -0.014178757 -0.009227576 0.002286851 0.999990940 0.003613181 -0.007335971 0.014170547 -0.003645232 0.999893010 0.690903187
0.999892414 -0.000289860 -0.014665857 -0.010095923 0.000366320 0.999986410 0.005211042 -0.008616297 0.014664143 -0.005215854 0.999878824 0.760250151
0.999894023 0.000097872 -0.014558472 -0.011712560 -0.000025359 0.999987602 0.004980925 -0.008677779 0.014558773 -0.004980027 0.999881625 0.803036332
0.999881983 0.001421125 -0.015291139 -0.012939837 -0.001331876 0.999982059 0.005845340 -0.009344457 0.015299171 -0.005824286 0.999865949 0.882654488
0.999857247 0.000908522 -0.016869795 -0.013383647 -0.000805417 0.999980986 0.006117613 -0.010024671 0.016875030 -0.006103153 0.999838948 0.938736916
0.999862075 0.002571804 -0.016404746 -0.014696574 -0.002468719 0.999977112 0.006300990 -0.010056914 0.016420571 -0.006259623 0.999845505 1.006415009
0.999861777 0.002577142 -0.016424723 -0.016114185 -0.002455611 0.999969542 0.007415129 -0.010737754 0.016443325 -0.007373772 0.999837577 1.062048435
0.999862909 0.004126352 -0.016031362 -0.017514288 -0.004021029 0.999970317 0.006596476 -0.011532044 0.016058093 -0.006531110 0.999849677 1.127776265
0.999853075 0.003952218 -0.016677322 -0.018285239 -0.003885864 0.999984503 0.004009236 -0.011468361 0.016692901 -0.003943842 0.999852836 1.182192326
0.999874532 0.002819629 -0.015583485 -0.019841280 -0.002755853 0.999987781 0.004112490 -0.012343893 0.015594884 -0.004069027 0.999870121 1.247694016
0.999884725 0.001704901 -0.015080691 -0.021214977 -0.001606736 0.999977469 0.006519014 -0.012527866 0.015091459 -0.006494032 0.999864995 1.300720811
0.999889553 -0.000046533 -0.014865205 -0.022526737 0.000152902 0.999974489 0.007154550 -0.012363455 0.014864485 -0.007156031 0.999863923 1.352966666
0.999885738 -0.000514480 -0.015106894 -0.022588545 0.000630189 0.999970496 0.007655633 -0.014100976 0.015102512 -0.007664280 0.999856472 1.426787257
0.999892831 0.000221605 -0.014640267 -0.023674553 -0.000143225 0.999985695 0.005354547 -0.014093356 0.014641247 -0.005351876 0.999878407 1.478151083
0.999897003 -0.000037675 -0.014352905 -0.024266645 0.000096439 0.999991655 0.004093620 -0.014580972 0.014352634 -0.004094583 0.999888539 1.529017568
0.999908268 0.001337173 -0.013479210 -0.025344925 -0.001286375 0.999992192 0.003776586 -0.015508862 0.013484158 -0.003758901 0.999901950 1.599791169
0.999919891 0.001748294 -0.012541359 -0.025628708 -0.001688327 0.999987125 0.004790487 -0.016117014 0.012549576 -0.004768929 0.999909818 1.649862051
0.999942064 0.002651514 -0.010439522 -0.027039746 -0.002581781 0.999974310 0.006687558 -0.016675171 0.010456991 -0.006660218 0.999923050 1.698576808
0.999959886 0.002041270 -0.008721358 -0.028555732 -0.001973522 0.999967933 0.007769512 -0.017217953 0.008736946 -0.007751989 0.999931753 1.766371608
0.999972343 0.002480289 -0.007011461 -0.028221967 -0.002420657 0.999961019 0.008500643 -0.017756384 0.007032277 -0.008483437 0.999939322 1.814819217
0.999992549 0.002660940 -0.002804206 -0.029017683 -0.002637467 0.999961793 0.008341139 -0.018958665 0.002826301 -0.008333681 0.999961257 1.859465599
0.999998689 0.001582857 0.000463463 -0.029691229 -0.001585810 0.999977946 0.006443073 -0.019086324 -0.000453256 -0.006443799 0.999979019 1.925154805
0.999989092 0.001345427 0.004491796 -0.029943652 -0.001364550 0.999989986 0.004256967 -0.019244783 -0.004486024 -0.004263051 0.999980748 1.971899867
0.999963820 0.001777556 0.008327027 -0.029427217 -0.001819852 0.999985456 0.005074468 -0.019903870 -0.008317886 -0.005089439 0.999952376 2.017086744
0.999910414 0.001818202 0.013254951 -0.028718457 -0.001885153 0.999985516 0.005040317 -0.020695437 -0.013245601 -0.005064853 0.999899447 2.079193354
0.999798000 0.002970551 0.019873934 -0.028096851 -0.003050611 0.999987304 0.003999216 -0.021121077 -0.019861810 -0.004059037 0.999794424 2.123359442
0.999593139 0.005691097 0.027947022 -0.027991097 -0.005787924 0.999977529 0.003384993 -0.021130018 -0.027927138 -0.003545370 0.999603689 2.166325092
0.999346733 0.005828731 0.035664015 -0.026005588 -0.006010269 0.999969482 0.004985186 -0.022368101 -0.035633862 -0.005196281 0.999351382 2.228313923
0.998910010 0.007667630 0.046041168 -0.024369106 -0.007942885 0.999951661 0.005798515 -0.023017939 -0.045994475 -0.006157896 0.998922706 2.270394802
0.998178482 0.009468174 0.059582263 -0.023799762 -0.009839530 0.999933839 0.005942354 -0.023617953 -0.059522059 -0.006517792 0.998205662 2.310129642
0.997193277 0.012404257 0.073837049 -0.018541336 -0.012873583 0.999899745 0.005883690 -0.023780862 -0.073756672 -0.006817722 0.997252941 2.374001980
0.995800197 0.014636159 0.090374857 -0.014864713 -0.015321791 0.999858737 0.006897404 -0.023789870 -0.090261139 -0.008253142 0.995883882 2.416294575
0.994026244 0.015504984 0.108034633 -0.011727899 -0.016474266 0.999831498 0.008085159 -0.024416016 -0.107891068 -0.009816649 0.994114220 2.452433348
0.991746128 0.014960831 0.127341390 -0.005248010 -0.015970552 0.999848604 0.006911858 -0.024810297 -0.127218723 -0.008888518 0.991834819 2.512590170
0.988919973 0.014333878 0.147756204 0.000012368 -0.015329313 0.999866903 0.005600395 -0.024975806 -0.147656262 -0.007803344 0.989007950 2.551753283
0.985655248 0.011861850 0.168354481 0.006783038 -0.013042537 0.999897480 0.005908999 -0.026049763 -0.168267146 -0.008020003 0.985708833 2.590882540
0.981688440 0.006223572 0.190391853 0.016898870 -0.007882145 0.999937356 0.007955321 -0.026453555 -0.190330401 -0.009310341 0.981675923 2.646241665
0.976820886 0.000638463 0.214057371 0.025258720 -0.002653555 0.999954879 0.009126590 -0.026555998 -0.214041904 -0.009483058 0.976778388 2.685540915
0.971405923 -0.004119281 0.237388790 0.034705818 0.002196132 0.999962687 0.008365146 -0.026759362 -0.237414390 -0.007604618 0.971378624 2.720919609
0.964978456 -0.010556136 0.262116820 0.048297107 0.009029855 0.999934494 0.007026752 -0.027622662 -0.262173831 -0.004413786 0.965010583 2.772450924
0.957302690 -0.013861957 0.288755298 0.058971882 0.012203946 0.999897122 0.007541547 -0.027748149 -0.288830072 -0.003695590 0.957373261 2.808609486
0.948780656 -0.016828734 0.315487176 0.070607603 0.014447051 0.999846756 0.009886526 -0.028265646 -0.315605164 -0.004822285 0.948878348 2.843827486
0.939085841 -0.020937940 0.343044370 0.088302016 0.017658202 0.999763608 0.012681824 -0.028396871 -0.343228728 -0.005851774 0.939233541 2.891763210
0.928046763 -0.024195982 0.371677011 0.101778626 0.021127228 0.999700725 0.012327071 -0.028726052 -0.371864051 -0.003587593 0.928280234 2.925648451
0.915890753 -0.023000445 0.400768310 0.116019011 0.021417798 0.999735057 0.008428781 -0.028766192 -0.400856018 0.000863733 0.916140676 2.959080935
0.902842522 -0.024503011 0.429272681 0.137049913 0.025678577 0.999665618 0.003054252 -0.029161898 -0.429203928 0.008265601 0.903169811 3.003134251
0.888669431 -0.025925638 0.457814991 0.153280616 0.028882517 0.999582708 0.000541285 -0.029446019 -0.457637876 0.012741825 0.889047384 3.034631491
0.872736454 -0.026743293 0.487458646 0.171020627 0.028624393 0.999583840 0.003591299 -0.029855356 -0.487351716 0.010818951 0.873138785 3.067171097
0.854317188 -0.026222624 0.519090116 0.188664317 0.025025822 0.999643445 0.009311071 -0.030213624 -0.519149125 0.005036050 0.854668856 3.099564791
0.835544109 -0.026098546 0.548803151 0.218040466 0.022919241 0.999657333 0.012644909 -0.030209865 -0.548945129 0.002012772 0.835855961 3.142125607
0.814303696 -0.020324871 0.580083072 0.238145828 0.019142978 0.999783456 0.008157917 -0.030892028 -0.580123246 0.004461493 0.814516544 3.170753956
0.791939735 -0.013066655 0.610459447 0.258641601 0.015865238 0.999873877 0.000820193 -0.031104632 -0.610393226 0.009035541 0.792047083 3.199048519
0.769735813 -0.010369857 0.638278425 0.289026022 0.015143379 0.999883354 -0.002017547 -0.030382926 -0.638182998 0.011218674 0.769802928 3.235921860
0.746142328 -0.012635243 0.665666521 0.311920643 0.016155848 0.999869168 0.000869843 -0.030624926 -0.665590405 0.010105385 0.746248603 3.261970282
0.721473455 -0.013396179 0.692312598 0.335785627 0.016791470 0.999857366 0.001848395 -0.031429820 -0.692238569 0.010291379 0.721595347 3.287838459
0.696124911 -0.011453087 0.717829347 0.369519472 0.017402742 0.999848008 -0.000923800 -0.032392185 -0.717709720 0.013135278 0.696218491 3.320814133
0.670189679 -0.008946360 0.742135882 0.394915581 0.017448576 0.999840856 -0.003704063 -0.032203887 -0.741984665 0.015431642 0.670239151 3.342836857
0.642792284 -0.006886397 0.766009510 0.421685696 0.015237289 0.999876678 -0.003797424 -0.033762034 -0.765888870 0.014112864 0.642817914 3.366219521
0.614511967 -0.005238655 0.788890183 0.448824883 0.015094216 0.999872923 -0.005118059 -0.034434345 -0.788762987 0.015052786 0.614512980 3.387783527
0.585942447 0.001051144 0.810351968 0.489340782 0.013770232 0.999841809 -0.011253800 -0.035494700 -0.810235620 0.017752813 0.585835278 3.418228626
0.555485785 0.010538611 0.831459284 0.517316222 0.012514683 0.999700487 -0.021031916 -0.036005832 -0.831431866 0.022088375 0.555187464 3.437469006
0.525012374 0.018696152 0.850889146 0.546763539 0.011102309 0.999523103 -0.028812312 -0.037563901 -0.851022124 0.024573652 0.524554431 3.455239773
0.493044227 0.023988787 0.869673491 0.588626981 0.009215444 0.999419749 -0.032792181 -0.038160741 -0.869955420 0.024182422 0.492537022 3.480273485
0.461001068 0.023304369 0.887093544 0.620110869 0.007918805 0.999507248 -0.030372743 -0.039261349 -0.887364209 0.021026583 0.460589379 3.496375322
0.427673042 0.022361021 0.903656840 0.660244346 0.003088278 0.999652028 -0.026198015 -0.040804408 -0.903928161 0.013994924 0.427455217 3.515836716
0.393610775 0.023283839 0.918982208 0.692910433 -0.001061188 0.999690056 -0.024874179 -0.042231135 -0.919276476 0.008815530 0.393513501 3.529848099
0.357936472 0.026213350 0.933377922 0.733678222 -0.008052943 0.999655306 -0.024986526 -0.043968149 -0.933711231 0.001427147 0.358024210 3.547076225
0.321928978 0.028116183 0.946346343 0.768016100 -0.013050339 0.999595702 -0.025258766 -0.045215648 -0.946673989 -0.004218613 0.322165728 3.559244394
0.285872936 0.027629074 0.957869112 0.811324239 -0.015476082 0.999587119 -0.024213606 -0.046438079 -0.958142400 -0.007902048 0.286182433 3.573120117
0.249466702 0.026980061 0.968007505 0.846901298 -0.015648192 0.999593616 -0.023827702 -0.047702871 -0.968256772 -0.009203346 0.249787509 3.582816601
0.213646933 0.026580861 0.976549208 0.892180979 -0.015784573 0.999593198 -0.023754794 -0.049381346 -0.976783395 -0.010339274 0.213979512 3.592693090
0.178440899 0.026061976 0.983605385 0.928359747 -0.014063284 0.999614596 -0.023934873 -0.050231725 -0.983850121 -0.009561762 0.178738609 3.599208355
0.143908426 0.024587220 0.989285529 0.975927889 -0.005241429 0.999696255 -0.024083512 -0.051978718 -0.989577055 -0.001719451 0.143993542 3.606022358
0.110076070 0.028471440 0.993515253 1.013004422 -0.003651477 0.999594569 -0.028241089 -0.053232379 -0.993916452 -0.000519131 0.110135369 3.609959841
0.077352665 0.032698169 0.996467471 1.060238004 -0.002296625 0.999465227 -0.032618258 -0.055238675 -0.997001112 0.000234596 0.077386409 3.614236355
0.048023943 0.036663726 0.998173118 1.097514987 0.004512427 0.999307990 -0.036922511 -0.056718979 -0.998836040 0.006277347 0.047825281 3.615913630
0.022708470 0.035150010 0.999123991 1.146663070 0.006358818 0.999356449 -0.035302714 -0.058379974 -0.999721944 0.007154917 0.022470331 3.616936922
0.000736751 0.031602662 0.999500275 1.184869051 0.008210209 0.999466658 -0.031607650 -0.060128815 -0.999966085 0.008229394 0.000476882 3.616948128
-0.018563628 0.029346144 0.999396801 1.233807206 0.008535000 0.999537349 -0.029191734 -0.061887376 -0.999791324 0.007987946 -0.018805519 3.616419077
-0.035212103 0.032769360 0.998842418 1.272418261 0.010533524 0.999418914 -0.032416932 -0.063369431 -0.999324262 0.009379862 -0.035536829 3.615582228
-0.049237046 0.037033580 0.998100281 1.321727395 0.013254597 0.999248624 -0.036422331 -0.065296508 -0.998699188 0.011436088 -0.049690899 3.612246037
-0.061667718 0.042052709 0.997210443 1.358963490 0.017267143 0.999007463 -0.041060682 -0.067112222 -0.997947395 0.014686858 -0.062332626 3.609977245
-0.070112534 0.045678273 0.996492684 1.409385443 0.022801010 0.998763502 -0.044178098 -0.069268435 -0.997278452 0.019623600 -0.071067363 3.606138706
-0.075886890 0.051071677 0.995807648 1.448388815 0.026265256 0.998443305 -0.049205273 -0.071521863 -0.996770442 0.022421103 -0.077110164 3.602844477
-0.079247788 0.056011468 0.995280147 1.496906877 0.029341523 0.998118639 -0.053834941 -0.073932260 -0.996422946 0.024936724 -0.080742165 3.598613977
-0.082423665 0.059544370 0.994817019 1.535949826 0.030604184 0.997893929 -0.057192896 -0.076699629 -0.996127307 0.025731510 -0.084072389 3.595377922
-0.084698878 0.062619083 0.994436979 1.585994124 0.031635217 0.997689128 -0.060129408 -0.079872146 -0.995904326 0.026366334 -0.086484112 3.591052532
-0.086647004 0.066178180 0.994038701 1.625832319 0.033551887 0.997418940 -0.063478626 -0.082368419 -0.995673895 0.027851641 -0.088643767 3.587503433
-0.088892117 0.070002496 0.993578494 1.673872948 0.034157384 0.997154713 -0.067198522 -0.085734203 -0.995455384 0.027964612 -0.091030300 3.582787752
-0.091266856 0.071893007 0.993228078 1.712598681 0.036742903 0.996954501 -0.068786480 -0.088234484 -0.995148301 0.030216150 -0.093630448 3.579188108
-0.093707323 0.070074566 0.993130684 1.763499260 0.036888596 0.997079432 -0.066872530 -0.092444740 -0.994916081 0.030368755 -0.096018597 3.575131893
-0.096193850 0.069710150 0.992918611 1.802944064 0.035496958 0.997150362 -0.066568293 -0.095299989 -0.994729400 0.028842131 -0.098394230 3.571723461
-0.097962886 0.071344994 0.992629409 1.852935195 0.035314664 0.997048020 -0.068177380 -0.098526917 -0.994563222 0.028375521 -0.100193232 3.565696955
-0.099616550 0.073775828 0.992287040 1.892800927 0.034822334 0.996895134 -0.070622593 -0.101420008 -0.994416296 0.027518570 -0.101876281 3.561426401
-0.103755459 0.075684488 0.991719007 1.932561874 0.033054065 0.996812165 -0.072615020 -0.104624949 -0.994053483 0.025246136 -0.105926372 3.558770895
-0.105452567 0.078706168 0.991304755 1.987337470 0.031006543 0.996638656 -0.075831249 -0.109510459 -0.993940771 0.022740334 -0.107538484 3.551961660
-0.107369557 0.082302287 0.990806699 2.027542353 0.028399576 0.996415138 -0.079690591 -0.113196023 -0.993813396 0.019582151 -0.109321989 3.547167063
-0.110617839 0.085547455 0.990174413 2.077697039 0.024977012 0.996213317 -0.083278872 -0.116824247 -0.993549109 0.015519468 -0.112335667 3.542663813
-0.113466859 0.084018879 0.989982903 2.118010521 0.022945074 0.996373773 -0.081931427 -0.120416492 -0.993276775 0.013418729 -0.114983223 3.538057804
-0.116406821 0.079217561 0.990037382 2.159032822 0.020691615 0.996791124 -0.077325068 -0.124114580 -0.992986023 0.011484304 -0.117672443 3.533545017
-0.118754506 0.078404106 0.989823282 2.216470957 0.020934103 0.996853828 -0.076449379 -0.128134623 -0.992702842 0.011642356 -0.120022163 3.526938677
-0.120582119 0.078214265 0.989617288 2.256265163 0.020809706 0.996871471 -0.076251976 -0.132136673 -0.992485225 0.011399020 -0.121832468 3.521612406
-0.121615775 0.081607565 0.989216805 2.299102306 0.021147147 0.996601224 -0.079616897 -0.135097742 -0.992351890 0.011236441 -0.122928172 3.516515970
-0.121907122 0.084118038 0.988970637 2.341362953 0.023543831 0.996366978 -0.081844963 -0.138805181 -0.992262125 0.013306669 -0.123444676 3.511200190
-0.122575000 0.085204445 0.988794923 2.402064085 0.021094376 0.996306539 -0.083236776 -0.144088060 -0.992235005 0.010655266 -0.123919584 3.503765106
-0.123173960 0.084014297 0.988822341 2.442814350 0.017542731 0.996438622 -0.082476176 -0.147860616 -0.992229998 0.007187730 -0.124209128 3.499270439
-0.122760803 0.083396025 0.988926053 2.496590376 0.013972670 0.996509731 -0.082301021 -0.152287185 -0.992337942 0.003714597 -0.123497576 3.492593288
-0.122412428 0.083956867 0.988921821 2.538506985 0.010860763 0.996469319 -0.083253227 -0.156302541 -0.992419899 0.000549212 -0.122892052 3.487514973
-0.122344814 0.084499881 0.988883913 2.580194473 0.006461729 0.996415854 -0.084344029 -0.159717768 -0.992466688 -0.003929156 -0.122452334 3.482042551
-0.123052552 0.083823569 0.988853693 2.640852928 0.002553556 0.996449947 -0.084149733 -0.165523052 -0.992396951 -0.007829743 -0.122829743 3.475733280
-0.124622479 0.078851916 0.989066005 2.682661057 0.003252593 0.996864438 -0.079063788 -0.168950215 -0.992198825 -0.006636098 -0.124488175 3.471137047
-0.123606019 0.070205308 0.989844859 2.738297462 0.006434279 0.997530103 -0.069946907 -0.173606262 -0.992310464 -0.002276920 -0.123752438 3.463966608
-0.123978607 0.064539850 0.990183771 2.781114340 0.011566093 0.997908771 -0.063595206 -0.177133262 -0.992217541 0.003568114 -0.124465801 3.458889008
-0.122798771 0.067518748 0.990132153 2.834361553 0.020684799 0.997640431 -0.065465368 -0.180586636 -0.992215991 0.012441616 -0.123905636 3.451465845
-0.121436164 0.073050290 0.989907503 2.877907276 0.025888095 0.997182071 -0.070411302 -0.183616042 -0.992261589 0.017076334 -0.122985095 3.445788145
-0.120333776 0.078952469 0.989588976 2.931030750 0.030285038 0.996660411 -0.075833999 -0.187425673 -0.992271364 0.020844340 -0.122322984 3.438737869
-0.119769193 0.083738454 0.989264011 2.974173546 0.030443907 0.996277809 -0.080646336 -0.190637082 -0.992334902 0.020458106 -0.121872686 3.433418751
-0.119427167 0.080331244 0.989587903 3.029283047 0.027965590 0.996598244 -0.077525318 -0.195546597 -0.992448926 0.018415775 -0.121267408 3.426728249
-0.120416544 0.075931139 0.989815354 3.074073553 0.028163185 0.996930540 -0.073050745 -0.199087292 -0.992323875 0.019079829 -0.122185402 3.422150135
-0.119190007 0.074071556 0.990104616 3.127920389 0.025507564 0.997112632 -0.071525216 -0.203180075 -0.992543757 0.016730057 -0.120735236 3.415178299
-0.118845865 0.074382663 0.990122616 3.171498299 0.023645196 0.997119308 -0.072070114 -0.206354052 -0.992631018 0.014846401 -0.120262310 3.409704208
-0.119085960 0.079983242 0.989657164 3.226300001 0.025331294 0.996670365 -0.077501893 -0.210931987 -0.992560685 0.015839906 -0.120715506 3.403862000
-0.117741846 0.081943609 0.989657581 3.269699812 0.025508827 0.996510327 -0.079476163 -0.214898080 -0.992716432 0.015887329 -0.119421244 3.398286819
-0.117346086 0.081270061 0.989760041 3.326170206 0.024828531 0.996574342 -0.078885913 -0.219375193 -0.992780566 0.015317335 -0.118961923 3.391403675
-0.116923556 0.074574389 0.990337014 3.369090796 0.027441503 0.997038722 -0.071839161 -0.222967312 -0.992761612 0.018776646 -0.118623741 3.386601686
-0.117338635 0.073715225 0.990352273 3.427339554 0.025567655 0.997134984 -0.071190782 -0.226698086 -0.992762744 0.016967554 -0.118887194 3.379590034
-0.117882699 0.076448873 0.990080357 3.471948147 0.023783417 0.996963501 -0.074148610 -0.230449349 -0.992742717 0.014806652 -0.119342953 3.375334501
-0.115670130 0.078500874 0.990180731 3.516882658 0.023470914 0.996809781 -0.076284602 -0.234414726 -0.993010283 0.014416596 -0.117143594 3.368597269
-0.116684236 0.079527661 0.989979804 3.580414295 0.021506468 0.996757448 -0.077537246 -0.238398015 -0.992936194 0.012243596 -0.118016236 3.362064362
-0.117467172 0.076658547 0.990113556 3.625944138 0.019665824 0.997000158 -0.074858591 -0.241836458 -0.992882013 0.010677975 -0.118622363 3.357326984
-0.115312971 0.074720345 0.990514934 3.683290243 0.021264389 0.997124076 -0.072743356 -0.246945620 -0.993101478 0.012674442 -0.116570197 3.349814177
-0.114399582 0.074588716 0.990630746 3.728595495 0.023023194 0.997108638 -0.072417706 -0.251175612 -0.993167937 0.014522925 -0.115786061 3.344890118
-0.114373371 0.075354613 0.990575850 3.773991823 0.024905063 0.997023165 -0.072969504 -0.254207909 -0.993125558 0.016324583 -0.115909606 3.340187788
-0.112297162 0.075272307 0.990819752 3.839591980 0.024538238 0.997032762 -0.072963201 -0.258864880 -0.993371546 0.016119402 -0.113811001 3.332504988
-0.110940680 0.075563870 0.990950227 3.885683060 0.025910595 0.996986270 -0.073123351 -0.262607306 -0.993489087 0.017563751 -0.112564236 3.327236414
-0.109659508 0.073849902 0.991221964 3.943721056 0.025463823 0.997117579 -0.071472064 -0.267074257 -0.993642986 0.017402709 -0.111223914 3.320518732
-0.107948691 0.073288299 0.991451442 3.991333723 0.024126016 0.997178435 -0.071084827 -0.270582378 -0.993863642 0.016246259 -0.109412268 3.314885855
-0.106389038 0.072607510 0.991670072 4.037703514 0.025221072 0.997206509 -0.070307083 -0.274110585 -0.994004726 0.017531076 -0.107923068 3.309884548
-0.105617881 0.073063307 0.991719127 4.102443695 0.023416502 0.997203350 -0.070973493 -0.279458702 -0.994130909 0.015726522 -0.107033409 3.303700924
-0.104125880 0.076414503 0.991624355 4.149690628 0.022665126 0.996967494 -0.074446268 -0.282602251 -0.994305730 0.014723504 -0.105542041 3.298921585
-0.103187889 0.074710540 0.991852105 4.209401131 0.021121396 0.997114897 -0.072909586 -0.287499845 -0.994437516 0.013425916 -0.104468167 3.293035030
-0.103666551 0.073924206 0.991861045 4.257131577 0.016832106 0.997221649 -0.072564498 -0.291027308 -0.994469702 0.009172602 -0.104622833 3.289169550
-0.102937661 0.074092664 0.991924465 4.318135262 0.013819584 0.997232199 -0.073055007 -0.296072990 -0.994591773 0.006187875 -0.103676677 3.282507420
-0.102201588 0.073711663 0.992029071 4.364950180 0.011869150 0.997270346 -0.072878323 -0.299871147 -0.994692862 0.004326264 -0.102797493 3.276789665
-0.103242338 0.071263701 0.992100060 4.426771641 0.010467018 0.997452676 -0.070558928 -0.304463565 -0.994601071 0.003099661 -0.103725292 3.270642042
-0.104876153 0.069078289 0.992083251 4.476113319 0.007796036 0.997611046 -0.068639040 -0.308572412 -0.994454741 0.000535717 -0.105164155 3.265898228
-0.104482301 0.068686076 0.992152035 4.524415493 0.006147604 0.997637749 -0.068418451 -0.312013716 -0.994507790 -0.001049160 -0.104657739 3.259698153
-0.106936485 0.068881020 0.991877019 4.592178345 0.005753445 0.997623622 -0.068659790 -0.317205518 -0.994249225 -0.001635528 -0.107078649 3.252854824
-0.110733241 0.068796657 0.991466224 4.641592979 0.003800546 0.997623265 -0.068799406 -0.319318473 -0.993842900 -0.003850271 -0.110731520 3.248749256
-0.112836078 0.062856257 0.991623461 4.702188492 0.002303562 0.998011112 -0.062999018 -0.325091451 -0.993610919 -0.004824297 -0.112756431 3.241176605
-0.117260985 0.061798051 0.991176546 4.751098156 0.000269853 0.998063982 -0.062195551 -0.329148948 -0.993101060 -0.007025641 -0.117050655 3.235787392
-0.121848993 0.068288937 0.990196645 4.812208652 -0.003282473 0.997597158 -0.069203235 -0.333499670 -0.992543161 -0.011682639 -0.121332034 3.228241444
-0.129269347 0.071101189 0.989057124 4.861099720 -0.002084809 0.997404397 -0.071973719 -0.337540329 -0.991607308 -0.011365992 -0.128785565 3.222332716
-0.137502715 0.067487158 0.988199651 4.920269489 -0.000699085 0.997669280 -0.068231128 -0.341637284 -0.990501106 -0.010072804 -0.137135029 3.213273287
-0.148141757 0.066162497 0.986750543 4.967788696 0.002115313 0.997778535 -0.066584364 -0.344776601 -0.988963783 -0.007776640 -0.147952646 3.205937624
-0.162045866 0.066344760 0.984550357 5.027812481 0.002199375 0.997759104 -0.066872835 -0.349913985 -0.986780763 -0.008671075 -0.161828622 3.197810650
-0.175480098 0.066819742 0.982212663 5.074987411 0.005566270 0.997745395 -0.066881955 -0.353298724 -0.984467208 -0.006269194 -0.175456345 3.189057112
-0.190255076 0.064303517 0.979626536 5.134429455 0.004917330 0.997902453 -0.064548180 -0.358037055 -0.981722355 -0.007463471 -0.190172270 3.178168774
-0.205735624 0.067060553 0.976307213 5.187689781 0.009221879 0.997737885 -0.066589266 -0.361988604 -0.978564143 -0.004696402 -0.205888629 3.167723894
-0.220585898 0.071365550 0.972753227 5.231628418 0.009869538 0.997431934 -0.070938043 -0.364198387 -0.975317597 -0.006047308 -0.220723763 3.156856775
-0.237431452 0.075647853 0.968454242 5.280204296 0.010143770 0.997102022 -0.075398691 -0.368027121 -0.971351266 -0.008078244 -0.237510651 3.148434401
-0.251062006 0.073284499 0.965192914 5.345144749 0.006392523 0.997233629 -0.074054480 -0.373371989 -0.967949927 -0.012422245 -0.250835896 3.129545212
-0.267796934 0.067470334 0.961110175 5.390685558 0.000591731 0.997556388 -0.069863982 -0.377604067 -0.963475168 -0.018140648 -0.267182469 3.118039370
-0.283227056 0.063090429 0.956975520 5.447625637 -0.004158124 0.997743666 -0.067008831 -0.381930470 -0.959043860 -0.022957923 -0.282325596 3.101849079
-0.298053384 0.065552413 0.952295780 5.491785049 -0.004556769 0.997530103 -0.070092387 -0.384929746 -0.954538405 -0.025230659 -0.297018498 3.088614702
-0.312725157 0.067446835 0.947445929 5.549715996 -0.004792721 0.997350931 -0.072581403 -0.389424890 -0.949831545 -0.027238874 -0.311573476 3.070392609
-0.326579988 0.069043756 0.942644417 5.593022823 -0.003690786 0.997227550 -0.074320346 -0.393414468 -0.945162356 -0.027750636 -0.325419754 3.055755615
-0.341003358 0.068899371 0.937533736 5.648756027 -0.001100256 0.997280538 -0.073690347 -0.398619682 -0.940061390 -0.026160186 -0.340000212 3.035878658
-0.354787409 0.066981584 0.932544649 5.692306519 -0.001973550 0.997374475 -0.072388947 -0.402391136 -0.934944868 -0.027523104 -0.353723675 3.019811869
-0.369510561 0.065683402 0.926902175 5.747428894 -0.001551204 0.997453690 -0.071301296 -0.407088250 -0.929225266 -0.027784400 -0.368467748 2.998309612
-0.384413600 0.066756174 0.920744121 5.789630413 -0.002905413 0.997289658 -0.073518910 -0.410849005 -0.923156381 -0.030936817 -0.383177727 2.980800629
-0.399676502 0.068585597 0.914086878 5.843414307 -0.002574951 0.997109056 -0.075940788 -0.415916204 -0.916652620 -0.032705475 -0.398344398 2.958988667
-0.415080249 0.070389509 0.907057822 5.885759830 -0.001067773 0.996964216 -0.077855051 -0.419817328 -0.909784198 -0.033284616 -0.413744897 2.940423012
-0.428726465 0.072788857 0.900497258 5.938087463 0.001818783 0.996816576 -0.079708606 -0.425081193 -0.903432429 -0.032535374 -0.427494019 2.915692806
-0.444390059 0.075946316 0.892608285 5.979945660 0.000812967 0.996433735 -0.084375411 -0.428875268 -0.895832837 -0.036769927 -0.442867011 2.895927668
-0.458961040 0.078121617 0.885015190 6.032280445 0.002192452 0.996223271 -0.086801134 -0.434188098 -0.888453662 -0.037897978 -0.457398921 2.869402409
-0.474513888 0.075620778 0.876993835 6.074422836 0.000665295 0.996333480 -0.085551165 -0.438276887 -0.880247712 -0.040011749 -0.472824454 2.847483635
-0.490743458 0.070874289 0.868416786 6.125086784 -0.002102721 0.996586978 -0.082522944 -0.443718821 -0.871301591 -0.042323623 -0.488919497 2.819787025
-0.506594062 0.070994005 0.859256864 6.166443825 -0.002561014 0.996475875 -0.083841287 -0.447968870 -0.862180889 -0.044674069 -0.504626930 2.795954943
-0.522944987 0.070665963 0.849432111 6.217758179 -0.003457018 0.996373355 -0.085018598 -0.452502072 -0.852359414 -0.047396541 -0.520804107 2.766274691
-0.539093256 0.069219038 0.839397073 6.258185387 -0.004422179 0.996370792 -0.085003629 -0.456641883 -0.842234552 -0.049536850 -0.536830544 2.740697145
-0.554327786 0.069592558 0.829383850 6.307839394 -0.004194780 0.996251881 -0.086397871 -0.462061226 -0.832287908 -0.051371824 -0.551958144 2.708258152
-0.570287645 0.068685189 0.818568468 6.347824097 -0.005140972 0.996180177 -0.087170050 -0.466095984 -0.821428955 -0.053920232 -0.567756176 2.681541920
-0.584984660 0.066770323 0.808291137 6.396380424 -0.004416109 0.996328473 -0.085499562 -0.471104562 -0.811032295 -0.053585432 -0.582541943 2.646873713
-0.599953294 0.063055113 0.797546268 6.435171127 -0.004420803 0.996612728 -0.082119115 -0.475681007 -0.800022840 -0.052793421 -0.597642243 2.618306637
-0.615131974 0.062345691 0.785955191 6.485735893 -0.002584299 0.996703804 -0.081085868 -0.480188519 -0.788419843 -0.051909663 -0.612943292 2.580542803
-0.629981518 0.061101023 0.774202764 6.521589279 -0.002702888 0.996721625 -0.080861859 -0.484425485 -0.776605427 -0.053034063 -0.627751112 2.551693439
-0.644506574 0.061065182 0.762156367 6.567055702 -0.005001425 0.996447623 -0.084066339 -0.490084291 -0.764582396 -0.057993170 -0.641911507 2.514102697
-0.659672916 0.060867306 0.749083936 6.602693558 -0.006992137 0.996174872 -0.087102398 -0.493861139 -0.751520216 -0.062696785 -0.656723917 2.482975245
-0.675891101 0.057215251 0.734777272 6.647758007 -0.009411617 0.996230662 -0.086231321 -0.498677611 -0.736941397 -0.065198429 -0.672804952 2.443852663
-0.692249954 0.049623132 0.719949722 6.682822227 -0.012469193 0.996661603 -0.080685169 -0.503370166 -0.721550226 -0.064831495 -0.689320147 2.411404371
-0.708715439 0.046910420 0.703933120 6.725175858 -0.014055924 0.996649981 -0.080568634 -0.508400559 -0.705354393 -0.066994652 -0.705681801 2.368980408
-0.725909829 0.045015149 0.686315298 6.758592606 -0.015201043 0.996562183 -0.081442147 -0.512010336 -0.687621951 -0.069552340 -0.722729921 2.334231138
-0.743085325 0.041176453 0.667928755 6.800754547 -0.017898388 0.996525288 -0.081346117 -0.517766118 -0.668957293 -0.072401956 -0.739766181 2.288909674
-0.759920418 0.039078407 0.648840427 6.832828522 -0.017550200 0.996593893 -0.080577679 -0.521741688 -0.649779141 -0.072619900 -0.756646156 2.253215790
-0.775612533 0.040870998 0.629884720 6.871988297 -0.015504840 0.996366799 -0.083742723 -0.527612269 -0.631018877 -0.074718155 -0.772160828 2.205268383
-0.790975928 0.040520839 0.610503912 6.901193142 -0.011818641 0.996606529 -0.081459917 -0.532011092 -0.611733139 -0.071648173 -0.787812889 2.168283939
-0.805585206 0.041418280 0.591030538 6.940045357 -0.008275015 0.996669710 -0.081123665 -0.537280619 -0.592422128 -0.070242807 -0.802559555 2.117862701
-0.820155263 0.043100871 0.570515275 6.967940807 -0.005998797 0.996455908 -0.083903193 -0.541403532 -0.572109461 -0.072236054 -0.816989958 2.079241276
-0.833727300 0.043994281 0.550421059 7.003415585 -0.005511615 0.996108353 -0.087965831 -0.547421694 -0.552148938 -0.076373234 -0.830240130 2.026988983
-0.846673667 0.044394873 0.530257285 7.029300690 -0.002713721 0.996140301 -0.087733187 -0.551564991 -0.532105565 -0.075720340 -0.843285322 1.987400293
-0.858233273 0.042858388 0.511467516 7.062479973 -0.001410169 0.996307075 -0.085851699 -0.556712687 -0.513258040 -0.074402042 -0.855002999 1.932406187
-0.869390965 0.044857256 0.492084652 7.087299824 0.001783850 0.996149302 -0.087654971 -0.560656428 -0.494121671 -0.075328626 -0.866123140 1.892839789
-0.877984107 0.047811314 0.476295948 7.116854668 0.004909861 0.995846629 -0.090913996 -0.567415833 -0.478664309 -0.077482484 -0.874572337 1.835712194
-0.887546062 0.045361303 0.458480448 7.140820503 0.003122378 0.995710731 -0.092469558 -0.572122514 -0.460708201 -0.080639459 -0.883880734 1.794022679
-0.895495236 0.043118712 0.442977399 7.168823242 0.002621076 0.995789647 -0.091629975 -0.578320563 -0.445063293 -0.080893137 -0.891837955 1.738086224
-0.902149081 0.041406468 0.429432690 7.188606262 0.001879366 0.995751321 -0.092063524 -0.582730293 -0.431420177 -0.082247965 -0.898394048 1.693114877
-0.908934474 0.038813017 0.415128648 7.215710163 0.001164756 0.995890141 -0.090561830 -0.589780450 -0.416937470 -0.081831247 -0.905244172 1.637849569
-0.915224791 0.036300957 0.401305318 7.236029148 0.000184031 0.995971203 -0.089673087 -0.594719172 -0.402943730 -0.081997164 -0.911544204 1.592593431
-0.920961440 0.031735748 0.388358861 7.261436939 -0.001948464 0.996290267 -0.086035036 -0.600610435 -0.389648497 -0.079991661 -0.917483151 1.535483003
-0.926236570 0.029231718 0.375807434 7.281382084 -0.002543307 0.996481240 -0.083778434 -0.604263484 -0.376934052 -0.078554444 -0.922903061 1.489556313
-0.930472732 0.028551161 0.365246922 7.299693108 -0.000403185 0.996878326 -0.078952573 -0.609809458 -0.366360873 -0.073610477 -0.927556574 1.443819523
-0.933602095 0.033092450 0.356779963 7.324069023 0.004101650 0.996647775 -0.081709176 -0.615083873 -0.358287960 -0.074820489 -0.930608094 1.380488396
-0.935637355 0.037974626 0.350914121 7.341458797 0.009186786 0.996478856 -0.083340630 -0.619635403 -0.352843314 -0.074752837 -0.932691514 1.332753301
-0.937621474 0.042199630 0.345086813 7.363203049 0.013236695 0.996219337 -0.085859776 -0.625032187 -0.347405344 -0.075936168 -0.934635282 1.275649190
-0.939614356 0.039597213 0.339936346 7.381207943 0.011751257 0.996431231 -0.083586991 -0.630258143 -0.342032969 -0.074544869 -0.936726511 1.229288220
-0.941363573 0.031985302 0.335874230 7.402444839 0.005257836 0.996765971 -0.080185778 -0.635767221 -0.337352663 -0.073717996 -0.938487470 1.170054317
-0.943715811 0.025404109 0.329780459 7.420258045 -0.000809750 0.996865571 -0.079109155 -0.639467955 -0.330756485 -0.074923605 -0.940737188 1.124114513
-0.944879234 0.019244764 0.326852977 7.440892220 -0.007268522 0.996792197 -0.079702236 -0.645529270 -0.327338338 -0.077684715 -0.941708326 1.063699245
-0.946401656 0.016031064 0.322594196 7.458011150 -0.011548853 0.996449411 -0.083398879 -0.649263084 -0.322785735 -0.082654424 -0.942856014 1.017144442
-0.946872473 0.017060496 0.321156502 7.477549553 -0.010692954 0.996369898 -0.084455483 -0.655621946 -0.321431518 -0.083402693 -0.943252742 0.958281994
-0.947562337 0.016572177 0.319141239 7.494321823 -0.012076334 0.996084273 -0.087579943 -0.659470558 -0.319342941 -0.086841494 -0.943651795 0.912065268
-0.947201371 0.019772151 0.320028961 7.514134407 -0.009119732 0.996031880 -0.088529237 -0.665898085 -0.320509464 -0.086773582 -0.943262458 0.851815701
-0.946742177 0.021245182 0.321290821 7.530183792 -0.008116448 0.995929360 -0.089771852 -0.670715928 -0.321890235 -0.087598547 -0.942715824 0.805557251
-0.946283937 0.021029403 0.322652161 7.550368786 -0.008909602 0.995807946 -0.091033816 -0.677278936 -0.323213995 -0.089018561 -0.942129672 0.746486902
-0.945640802 0.022998910 0.324398726 7.566784382 -0.006904320 0.995851696 -0.090729415 -0.681852221 -0.325139701 -0.088037193 -0.941559136 0.699690700
-0.944738448 0.021458987 0.327121824 7.587402821 -0.008917720 0.995803714 -0.091078758 -0.688078403 -0.327703595 -0.088962786 -0.940582752 0.640250325
-0.943538129 0.020773027 0.330611885 7.604616165 -0.009819555 0.995839417 -0.090594821 -0.693541884 -0.331118256 -0.088726126 -0.939408481 0.593158245
-0.941896379 0.018478865 0.335394651 7.625828266 -0.012161776 0.995954931 -0.089027219 -0.698862255 -0.335683078 -0.087933414 -0.937861681 0.534840226
-0.939769030 0.016693210 0.341402054 7.643687248 -0.013390587 0.996241987 -0.085572258 -0.704026759 -0.341547489 -0.084989749 -0.936013937 0.487049818
-0.937434256 0.013440335 0.347902924 7.664576054 -0.016657667 0.996378899 -0.083377108 -0.709344208 -0.347763658 -0.083955802 -0.933815718 0.431286812
-0.934943497 0.015714889 0.354448587 7.682415962 -0.014564713 0.996476591 -0.082597889 -0.714278102 -0.354497701 -0.082386792 -0.931420267 0.385757446
-0.931564927 0.015625820 0.363238871 7.704262257 -0.015765101 0.996400476 -0.083294451 -0.719521880 -0.363232851 -0.083320722 -0.927965283 0.329506874
-0.927779734 0.018538369 0.372667491 7.722718716 -0.014722318 0.996168494 -0.086206637 -0.723887205 -0.372837752 -0.085467309 -0.923952043 0.283992529
-0.923559308 0.019796651 0.382944256 7.746050835 -0.013867081 0.996288955 -0.084947795 -0.729506850 -0.383204728 -0.083764605 -0.919857323 0.227444649
-0.918699026 0.023053410 0.394285291 7.765461922 -0.011690197 0.996270537 -0.085489370 -0.734300017 -0.394785613 -0.083148248 -0.915003121 0.182292938
-0.912561178 0.023988316 0.408235908 7.790153503 -0.012814002 0.996110439 -0.087176487 -0.740070701 -0.408739299 -0.084785029 -0.908704340 0.126357794
-0.906702578 0.024293944 0.421070278 7.810381889 -0.013880389 0.996080220 -0.087358579 -0.744462967 -0.421542078 -0.085052870 -0.902811289 0.083042860
-0.900436223 0.025236495 0.434255242 7.837480545 -0.012637112 0.996376574 -0.084107146 -0.750442863 -0.434804320 -0.081220843 -0.896854579 0.027372122
-0.893538356 0.029662911 0.448005974 7.858824730 -0.008980154 0.996434987 -0.083885662 -0.755369723 -0.448897004 -0.078978218 -0.890086353 -0.016250849
-0.886952698 0.030335860 0.460862875 7.887332439 -0.009739554 0.996390224 -0.084330671 -0.760015011 -0.461757481 -0.079285905 -0.883455575 -0.070423126
-0.879766703 0.032440346 0.474297613 7.910722733 -0.007400577 0.996613801 -0.081892177 -0.764426708 -0.475348085 -0.075556085 -0.876547396 -0.112885237
-0.872556508 0.032930631 0.487401932 7.939133167 -0.006292420 0.996884882 -0.078617945 -0.770370841 -0.488472700 -0.071665540 -0.869631171 -0.163551331
-0.864331186 0.035584472 0.501662612 7.963184357 -0.003983244 0.996977985 -0.077581584 -0.774320185 -0.502907336 -0.069054417 -0.861577451 -0.205349684
-0.854985893 0.039821964 0.517120242 7.993722916 0.001075237 0.997182012 -0.075012416 -0.779888034 -0.518650174 -0.063578531 -0.852619350 -0.256875753
-0.844555736 0.041654866 0.533844948 8.017498970 0.002740394 0.997292876 -0.073481418 -0.784429312 -0.535460651 -0.060596209 -0.842383564 -0.296193123
-0.833210588 0.046426751 0.551003337 8.049997330 0.007436050 0.997319758 -0.072788171 -0.788656592 -0.552905738 -0.056550592 -0.831322551 -0.346571922
-0.822196126 0.048220024 0.567158222 8.076043129 0.009179482 0.997398973 -0.071491979 -0.792416453 -0.569130301 -0.053574212 -0.820500076 -0.383896828
-0.810448945 0.050219692 0.583652794 8.110365868 0.009692153 0.997331798 -0.072355852 -0.796978891 -0.585729182 -0.052983861 -0.808773220 -0.432501793
-0.797213614 0.053427458 0.601328611 8.138200760 0.012581808 0.997330189 -0.071931429 -0.800625920 -0.603566408 -0.049778901 -0.795757353 -0.470267057
-0.783868551 0.053778138 0.618593633 8.174604416 0.012857742 0.997434676 -0.070420049 -0.805197954 -0.620793700 -0.047246344 -0.782548964 -0.516480684
-0.768939197 0.058080859 0.636678219 8.204816818 0.017194379 0.997383356 -0.070219852 -0.807598472 -0.639090657 -0.043047506 -0.767925799 -0.552183151
-0.752582192 0.058774114 0.655870199 8.240742683 0.017082956 0.997416198 -0.069778934 -0.813373923 -0.658276677 -0.041310191 -0.751641691 -0.594712734
-0.735511839 0.061538886 0.674711227 8.276277542 0.016695485 0.997210205 -0.072753318 -0.817172110 -0.677305996 -0.042246290 -0.734487355 -0.633541584
-0.717789829 0.062263720 0.693470299 8.311819077 0.016282698 0.997222185 -0.072682589 -0.821608186 -0.696069419 -0.040879261 -0.716809630 -0.670450687
-0.698812664 0.062476151 0.712571144 8.348354340 0.015827328 0.997284949 -0.071917303 -0.826169252 -0.715129614 -0.038978618 -0.697904229 -0.706473589
-0.678905249 0.061838944 0.731617212 8.381566048 0.013707072 0.997340679 -0.071579367 -0.829878926 -0.734098017 -0.038567267 -0.677947342 -0.737478971
