0.999995172 -0.002593361 -0.001774050 0.000171826 0.002598947 0.999991596 0.003153446 -0.001179373 0.001765862 -0.003158041 0.999993384 0.060813550
0.999997318 -0.001938410 0.001215016 -0.005053771 0.001936408 0.999996722 0.001646559 0.000129943 -0.001218196 -0.001644200 0.999997914 0.112332366
0.999991179 -0.001832673 -0.003779050 -0.001636534 0.001848992 0.999988973 0.004319218 -0.002936293 0.003771100 -0.004326168 0.999983549 0.178532034
0.999987006 -0.000905592 -0.005007803 -0.002447552 0.000926653 0.999990761 0.004204742 -0.003568957 0.005003951 -0.004209328 0.999978602 0.237969115
0.999980271 -0.001068452 -0.006178759 -0.003367820 0.001095609 0.999989748 0.004393429 -0.004140368 0.006174002 -0.004400113 0.999971271 0.296833485
0.999967098 -0.001364657 -0.007984906 -0.004048476 0.001401021 0.999988616 0.004550252 -0.004566360 0.007978618 -0.004561288 0.999957860 0.355380177
0.999945760 -0.003021935 -0.009966319 -0.004575588 0.003062647 0.999987006 0.004072200 -0.005351793 0.009953895 -0.004102503 0.999942064 0.414195269
0.999927938 -0.004337736 -0.011191818 -0.005593972 0.004385258 0.999981403 0.004224885 -0.005822001 0.011173298 -0.004273657 0.999928415 0.472760051
0.999912798 -0.004019984 -0.012570391 -0.006379479 0.004073345 0.999982715 0.004222225 -0.006614409 0.012553208 -0.004273061 0.999912143 0.530948937
0.999902844 -0.003560894 -0.013474179 -0.007557540 0.003622888 0.999982893 0.004579366 -0.007292639 0.013457648 -0.004627736 0.999898732 0.585698783
0.999897540 -0.002379721 -0.014116872 -0.008688109 0.002444589 0.999986529 0.004579582 -0.007534450 0.014105785 -0.004613623 0.999889851 0.645833910
0.999885023 -0.002368463 -0.014980519 -0.009199724 0.002449511 0.999982417 0.005394176 -0.008377598 0.014967483 -0.005430249 0.999873281 0.698592007
0.999883175 0.000701884 -0.015278839 -0.010862216 -0.000600856 0.999977946 0.006615921 -0.009042067 0.015283147 -0.006605966 0.999861419 0.760966659
0.999886751 0.000759186 -0.015033256 -0.012689839 -0.000665151 0.999980211 0.006259174 -0.009285195 0.015037712 -0.006248465 0.999867499 0.813917339
0.999866664 0.001893473 -0.016216408 -0.013186767 -0.001794291 0.999979615 0.006128548 -0.009289360 0.016227689 -0.006098634 0.999849737 0.875667870
0.999859631 0.002276748 -0.016592365 -0.013658008 -0.002163425 0.999974191 0.006844632 -0.010000251 0.016607525 -0.006807776 0.999838889 0.928804159
0.999860704 0.003268420 -0.016362567 -0.015187087 -0.003139195 0.999963760 0.007917009 -0.010192720 0.016387854 -0.007864540 0.999834776 0.989126801
0.999861002 0.003526476 -0.016294688 -0.016668618 -0.003421605 0.999973357 0.006459319 -0.010666750 0.016317036 -0.006402666 0.999846339 1.041152835
0.999856114 0.005240308 -0.016131461 -0.017944597 -0.005157387 0.999973238 0.005177577 -0.011865485 0.016158156 -0.005093635 0.999856532 1.100539565
0.999872744 0.003081521 -0.015650313 -0.019060818 -0.003019595 0.999987483 0.003978978 -0.011076033 0.015662374 -0.003931213 0.999869645 1.151864409
0.999880433 0.002517217 -0.015248859 -0.020483050 -0.002408413 0.999971509 0.007149389 -0.012329783 0.015266423 -0.007111809 0.999858201 1.212209463
0.999875426 0.001619810 -0.015690774 -0.020691760 -0.001477867 0.999957860 0.009053591 -0.013333042 0.015704777 -0.009029274 0.999835908 1.264400244
0.999888182 0.000017630 -0.014948788 -0.022453869 0.000100258 0.999968886 0.007885318 -0.013356620 0.014948468 -0.007885937 0.999857128 1.321330667
0.999889731 0.000182574 -0.014850445 -0.023294449 -0.000095440 0.999982774 0.005867901 -0.013487373 0.014851266 -0.005865838 0.999872506 1.370922446
0.999905407 0.001470803 -0.013667791 -0.025005016 -0.001395614 0.999983847 0.005509072 -0.014289716 0.013675682 -0.005489476 0.999891400 1.428157926
0.999921203 0.001738988 -0.012427929 -0.026131963 -0.001681538 0.999987841 0.004631571 -0.015029707 0.012435841 -0.004610308 0.999912024 1.476034880
0.999932230 0.002758973 -0.011312619 -0.026981121 -0.002697438 0.999981463 0.005451118 -0.015388881 0.011327457 -0.005420232 0.999921143 1.533057570
0.999949038 0.002923631 -0.009658016 -0.028138649 -0.002851044 0.999967635 0.007520937 -0.016135126 0.009679701 -0.007493018 0.999925077 1.580032349
0.999964476 0.002267830 -0.008116035 -0.028537054 -0.002199626 0.999962211 0.008402660 -0.016467039 0.008134784 -0.008384509 0.999931753 1.634773850
0.999975562 0.003032925 -0.006303601 -0.028702572 -0.002977158 0.999956489 0.008837457 -0.016795153 0.006330132 -0.008818476 0.999941111 1.680160880
0.999993503 0.002065812 -0.002976066 -0.028771771 -0.002040603 0.999962270 0.008448922 -0.017331552 0.002993414 -0.008442794 0.999959886 1.716997147
0.999998331 0.001275815 0.001301598 -0.029948022 -0.001284474 0.999976814 0.006673156 -0.017991588 -0.001293052 -0.006674816 0.999976873 1.782188654
0.999987304 0.001147907 0.004904064 -0.030116171 -0.001172891 0.999986291 0.005094755 -0.018633116 -0.004898147 -0.005100441 0.999975026 1.825742722
0.999966979 0.000750880 0.008096936 -0.028858703 -0.000793538 0.999985754 0.005266478 -0.018869685 -0.008092864 -0.005272727 0.999953389 1.867630720
0.999895394 0.001971760 0.014323428 -0.029150259 -0.002045143 0.999984860 0.005110495 -0.019520111 -0.014313131 -0.005139253 0.999884427 1.924002171
0.999774635 0.003539876 0.020932589 -0.028416093 -0.003623544 0.999985576 0.003960463 -0.019939685 -0.020918265 -0.004035418 0.999773085 1.966553688
0.999608815 0.005194641 0.027477086 -0.026260056 -0.005307409 0.999977767 0.004032735 -0.020464135 -0.027455524 -0.004176988 0.999614358 2.008038282
0.999310732 0.005964124 0.036636997 -0.026510037 -0.006156805 0.999967813 0.005148669 -0.021257497 -0.036605101 -0.005370689 0.999315381 2.060377836
0.998868287 0.007554127 0.046956666 -0.025038898 -0.007821770 0.999954224 0.005518634 -0.021468153 -0.046912827 -0.005879674 0.998881638 2.100497723
0.998242557 0.008778013 0.058608234 -0.021745078 -0.009115204 0.999943316 0.005488439 -0.021671794 -0.058556743 -0.006013018 0.998266101 2.127027035
0.997185528 0.011867996 0.074027836 -0.018953279 -0.012342879 0.999906063 0.005960734 -0.022553958 -0.073950134 -0.006857675 0.997238278 2.190596819
0.995721936 0.015038518 0.091167077 -0.016956687 -0.015761798 0.999849677 0.007218768 -0.023031024 -0.091044828 -0.008624843 0.995809376 2.230271339
0.994038403 0.014289627 0.108090252 -0.012827277 -0.015217132 0.999854028 0.007760856 -0.023155373 -0.107963577 -0.009359412 0.994110763 2.266162634
0.991760850 0.014965167 0.127225354 -0.006757677 -0.016033961 0.999844134 0.007380756 -0.023874952 -0.127095044 -0.009359872 0.991846323 2.316932440
0.988925815 0.013492326 0.147796109 -0.001486033 -0.014564293 0.999874890 0.006173142 -0.024049342 -0.147694319 -0.008257325 0.988998592 2.355675459
0.985639095 0.011031545 0.168504462 0.005565435 -0.012242957 0.999906123 0.006151942 -0.024676042 -0.168420792 -0.008126587 0.985681653 2.398942947
0.981780589 0.005973972 0.189924195 0.012624562 -0.007649088 0.999938011 0.008088094 -0.025015960 -0.189864144 -0.009393481 0.981765389 2.434508562
0.976931751 0.000419877 0.213551104 0.021759897 -0.002545531 0.999949932 0.009678967 -0.025576273 -0.213536382 -0.009999290 0.976883948 2.478244305
0.971448898 -0.005006582 0.237195536 0.030585468 0.002998858 0.999956608 0.008824483 -0.025676394 -0.237229422 -0.007861221 0.971421838 2.513338804
0.964930952 -0.010582828 0.262290448 0.041961014 0.009083472 0.999934673 0.006928260 -0.025950458 -0.262346685 -0.004302783 0.964964092 2.555144787
0.957213521 -0.014102627 0.289038718 0.051793218 0.012465434 0.999894083 0.007504367 -0.026256962 -0.289113879 -0.003580287 0.957288027 2.589422464
0.948688984 -0.016610790 0.315773755 0.065328240 0.014144694 0.999848962 0.010100155 -0.026724970 -0.315893829 -0.005115383 0.948780715 2.629220486
0.938916683 -0.020876378 0.343510628 0.077019334 0.017485911 0.999763072 0.012965008 -0.027017783 -0.343699932 -0.006166465 0.939059198 2.661840439
0.927983224 -0.023819268 0.371859878 0.092420280 0.020604249 0.999708056 0.012617434 -0.027154386 -0.372051835 -0.004046875 0.928203166 2.699538708
0.916044295 -0.023082966 0.400412381 0.106153190 0.021275882 0.999733508 0.008958681 -0.027351474 -0.400512427 0.000312579 0.916291296 2.729635239
0.903077722 -0.024898555 0.428754777 0.120715916 0.025860962 0.999659061 0.003581561 -0.027961617 -0.428697824 0.007853584 0.903413892 2.759670019
0.888574958 -0.026419124 0.457970172 0.140216351 0.029210007 0.999572814 0.000988191 -0.028011212 -0.457800746 0.012499229 0.888966978 2.798840761
0.872866154 -0.026922097 0.487216413 0.156659365 0.028636806 0.999582171 0.003929976 -0.028268306 -0.487118721 0.010521982 0.873272300 2.828273296
0.854485571 -0.025759291 0.518835843 0.172774315 0.024097981 0.999660134 0.009943719 -0.028755020 -0.518915713 0.004006133 0.854816020 2.857815027
0.835393846 -0.026093658 0.549031973 0.196702838 0.022443123 0.999658763 0.013361538 -0.028973009 -0.549193382 0.001159846 0.835694551 2.893298626
0.814040840 -0.019855382 0.580467880 0.215347648 0.018786168 0.999792576 0.007853242 -0.028721785 -0.580503523 0.004511910 0.814245224 2.920435190
0.791916192 -0.012882967 0.610493779 0.235250473 0.015564294 0.999878407 0.000910381 -0.028945904 -0.610431433 0.008780964 0.792020559 2.946816921
0.769414246 -0.010524609 0.638663232 0.261074662 0.015025638 0.999885738 -0.001624540 -0.028896043 -0.638573229 0.010846269 0.769484639 2.978818893
0.745832145 -0.012747790 0.666011751 0.282429934 0.015725050 0.999875069 0.001528423 -0.029294441 -0.665948212 0.009333123 0.745939732 3.002971172
0.721270621 -0.013600097 0.692519784 0.304764509 0.016700435 0.999857903 0.002242006 -0.029880799 -0.692452013 0.009948289 0.721395373 3.026877403
0.696204364 -0.011558101 0.717750490 0.334162354 0.016974786 0.999855816 -0.000364311 -0.030745883 -0.717642844 0.012437297 0.696300268 3.055082560
0.670143604 -0.009066775 0.742175996 0.358075619 0.016806331 0.999854326 -0.002960481 -0.031120107 -0.742041111 0.014457203 0.670198441 3.076381922
0.643039048 -0.007045360 0.765800893 0.382627606 0.015519871 0.999872148 -0.003833139 -0.031467292 -0.765676022 0.014349990 0.643066287 3.097208738
0.614813149 -0.005254455 0.788654983 0.408071876 0.015052187 0.999873698 -0.005072549 -0.031887889 -0.788529038 0.014989654 0.614814878 3.117554426
0.586317837 0.001112822 0.810080171 0.443835258 0.014363217 0.999827445 -0.011769255 -0.032544360 -0.809953630 0.018535884 0.586200833 3.144180775
0.556001186 0.010457935 0.831115603 0.470460176 0.014240367 0.999654174 -0.022105202 -0.032494009 -0.831059456 0.024125913 0.555660009 3.162549019
0.525049031 0.018882446 0.850862443 0.503480077 0.012111921 0.999486744 -0.029654738 -0.034278177 -0.850985825 0.025875773 0.524550796 3.183576107
0.493109435 0.023645209 0.869646013 0.532007217 0.009360942 0.999428332 -0.032481804 -0.035765834 -0.869916975 0.024157787 0.492606342 3.200275660
0.460609704 0.023259688 0.887297928 0.566991210 0.007744303 0.999513149 -0.030221492 -0.037010387 -0.887568951 0.020791819 0.460205376 3.218884945
0.427254796 0.022340721 0.903855205 0.597575545 0.003243612 0.999650300 -0.026241764 -0.037940491 -0.904125512 0.014143679 0.427032888 3.233963013
0.392982423 0.023253202 0.919251859 0.633929968 -0.000904353 0.999689579 -0.024901325 -0.039533101 -0.919545531 0.008954453 0.392881453 3.249926329
0.358201385 0.026147572 0.933278024 0.665651917 -0.007516906 0.999656081 -0.025122216 -0.040533759 -0.933614135 0.001983448 0.358274788 3.262300491
0.321623236 0.027861666 0.946457744 0.703526258 -0.012468344 0.999605060 -0.025189238 -0.042162418 -0.946785808 -0.003699315 0.321843594 3.276658535
0.284908593 0.027732074 0.958153427 0.735964954 -0.015103905 0.999587238 -0.024440128 -0.042928085 -0.958435774 -0.007508658 0.285209835 3.287062168
0.249066681 0.026936492 0.968111694 0.776360393 -0.015709164 0.999593973 -0.023770941 -0.044575378 -0.968358994 -0.009287678 0.249388739 3.297852039
0.213360116 0.026448211 0.976615608 0.810562611 -0.014369350 0.999610305 -0.023931688 -0.045462515 -0.976867974 -0.008927261 0.213657051 3.305270672
0.177784488 0.024875367 0.983754933 0.851087749 -0.012765608 0.999654531 -0.022970399 -0.047098961 -0.983986676 -0.008474449 0.178040609 3.312966108
0.143849418 0.024040340 0.989307523 0.886453152 -0.004588302 0.999710262 -0.023625968 -0.048240598 -0.989589036 -0.001140657 0.143918097 3.317574978
0.109667040 0.027418753 0.993590176 0.927415609 -0.002391754 0.999623716 -0.027321272 -0.049707733 -0.993965507 0.000619820 0.109691359 3.322433710
0.076794624 0.032089733 0.996530473 0.962586880 -0.001477343 0.999484360 -0.032071013 -0.051084563 -0.997045875 0.000990666 0.076802447 3.325433493
0.047953062 0.036544356 0.998180866 1.005068183 0.005088898 0.999308646 -0.036830112 -0.052493349 -0.998836637 0.006845758 0.047733933 3.327216387
0.022942729 0.034643508 0.999136388 1.041459084 0.007155254 0.999368250 -0.034815840 -0.053927314 -0.999711096 0.007947846 0.022680355 3.327673674
0.000362452 0.031551715 0.999502063 1.084252834 0.008890028 0.999462485 -0.031553689 -0.055787720 -0.999960363 0.008897037 0.000081766 3.327829123
-0.018609036 0.028909856 0.999408841 1.120512009 0.008779605 0.999548018 -0.028750403 -0.057176426 -0.999788284 0.008239398 -0.018854436 3.327309608
-0.035190500 0.031969812 0.998869061 1.163423896 0.011270443 0.999437213 -0.031590939 -0.059101123 -0.999317050 0.010145998 -0.035531010 3.326091528
-0.049740348 0.036630813 0.998090208 1.199772120 0.013972141 0.999254823 -0.035977252 -0.060290176 -0.998664379 0.012155939 -0.050215103 3.324082136
-0.061737113 0.041791089 0.997217119 1.243401289 0.018053589 0.999006271 -0.040748384 -0.062239245 -0.997929096 0.015487664 -0.062430240 3.321217299
-0.070308492 0.045329902 0.996494830 1.279974580 0.023462428 0.998765647 -0.043777786 -0.064031817 -0.997249365 0.020302240 -0.071285270 3.318422079
-0.076218292 0.050161280 0.995828450 1.322746515 0.027441187 0.998461008 -0.048193581 -0.066689774 -0.996713519 0.023653492 -0.077477477 3.314819813
-0.080164135 0.055649474 0.995226860 1.359458208 0.029489685 0.998135746 -0.053436756 -0.068259284 -0.996345401 0.025065228 -0.081655771 3.312107801
-0.082357861 0.059122588 0.994847596 1.403591275 0.031538289 0.997893453 -0.056692716 -0.071242094 -0.996103823 0.026706697 -0.084048994 3.308021069
-0.085448921 0.062023371 0.994410217 1.439929962 0.032438338 0.997704685 -0.059441447 -0.073602997 -0.995814383 0.027177805 -0.087264709 3.305292130
-0.087760016 0.065720759 0.993971229 1.484607935 0.033227097 0.997459114 -0.063017681 -0.076538868 -0.995587349 0.027496345 -0.089720741 3.301403761
-0.090646066 0.069295578 0.993469238 1.520979762 0.034131501 0.997206271 -0.066442013 -0.079280868 -0.995298088 0.027885888 -0.092757992 3.298911810
-0.092447273 0.070502698 0.993218303 1.558143854 0.037393048 0.997032404 -0.067292921 -0.082214221 -0.995015204 0.030918419 -0.094809227 3.294899940
-0.094456427 0.069330826 0.993111789 1.607233763 0.037314203 0.997117579 -0.066061452 -0.085604370 -0.994829476 0.030817254 -0.096771166 3.290402412
-0.096514069 0.068620853 0.992963314 1.644714117 0.037535019 0.997161925 -0.065262683 -0.088952586 -0.994623601 0.030972134 -0.098815836 3.287284374
-0.098309129 0.069952540 0.992694318 1.682848454 0.037158482 0.997088790 -0.066582315 -0.091574095 -0.994462013 0.030341364 -0.100622259 3.282102585
-0.100877196 0.071873710 0.992299318 1.730608940 0.036823958 0.996973336 -0.068468750 -0.095500305 -0.994217157 0.029633457 -0.103218570 3.278163910
-0.104593910 0.073667921 0.991782844 1.768700242 0.034882165 0.996910870 -0.070370145 -0.098691978 -0.993903100 0.027235249 -0.106840521 3.274991989
-0.106371775 0.076745667 0.991360307 1.806812882 0.033004191 0.996739984 -0.073620841 -0.102027915 -0.993778467 0.024887867 -0.108557954 3.270580292
-0.108081028 0.081378013 0.990805924 1.856794596 0.030166313 0.996453524 -0.078551225 -0.105721958 -0.993684351 0.021399062 -0.110152617 3.264583111
-0.111873925 0.083246477 0.990229368 1.893855095 0.027749747 0.996357977 -0.080626577 -0.109203547 -0.993334949 0.018458607 -0.113776550 3.261939526
-0.113412291 0.082306847 0.990132928 1.942046762 0.025208082 0.996480286 -0.079947099 -0.112805530 -0.993228197 0.015892372 -0.115087926 3.254851818
-0.116230085 0.078030199 0.990152419 1.981143475 0.023454547 0.996846914 -0.075804524 -0.116030909 -0.992945492 0.014412814 -0.117693760 3.250389576
-0.118536763 0.075944424 0.990041137 2.021291733 0.023148051 0.997011125 -0.073707610 -0.119495504 -0.992679834 0.014180462 -0.119940475 3.245724678
-0.121032141 0.076972239 0.989659786 2.072002888 0.021710811 0.996955872 -0.074884534 -0.123381056 -0.992411137 0.012422875 -0.122334845 3.240222216
-0.122548223 0.079719402 0.989255667 2.111665010 0.022739740 0.996732593 -0.077504948 -0.126739502 -0.992201984 0.012997321 -0.123960622 3.235488176
-0.122731686 0.082087509 0.989039123 2.151911259 0.023674136 0.996532023 -0.079771616 -0.130088285 -0.992157400 0.013624141 -0.124249406 3.230364799
-0.122786835 0.083055958 0.988951623 2.201905966 0.022315448 0.996470928 -0.080916822 -0.134417757 -0.992182255 0.012133375 -0.124206953 3.223612309
-0.122714542 0.081952386 0.989052594 2.242504358 0.018772036 0.996598005 -0.080248512 -0.137774736 -0.992264509 0.008718870 -0.123835504 3.218882322
-0.122837260 0.081419185 0.989081383 2.290279865 0.015681215 0.996663749 -0.080095857 -0.141779065 -0.992302954 0.005671240 -0.123704210 3.213447571
-0.122679830 0.082020588 0.989051342 2.330840588 0.012508359 0.996627688 -0.081097387 -0.145496860 -0.992367506 0.002422394 -0.123292081 3.208734751
-0.122826822 0.082663983 0.988979340 2.379287004 0.007838812 0.996574700 -0.082325287 -0.149451479 -0.992397308 -0.002359330 -0.123054095 3.202682257
-0.124684744 0.081646301 0.988831341 2.419538021 0.004160240 0.996642768 -0.081766680 -0.153459385 -0.992187798 -0.006081284 -0.124605827 3.199494123
-0.123790316 0.076837644 0.989328921 2.468200445 0.004545480 0.997030973 -0.076867051 -0.157228947 -0.992297947 -0.005018420 -0.123772040 3.192458868
-0.123622313 0.068335444 0.989973485 2.509268761 0.008214059 0.997662306 -0.067840442 -0.160184503 -0.992295384 -0.000254890 -0.123894639 3.187228918
-0.123818643 0.062526032 0.990332961 2.558547497 0.013339260 0.998027444 -0.061344083 -0.164493874 -0.992215276 0.005614770 -0.124408484 3.181093693
-0.123395622 0.064376958 0.990267158 2.599474907 0.021380534 0.997834325 -0.062204711 -0.167669505 -0.992127240 0.013496657 -0.124504805 3.175754070
-0.121501267 0.070239633 0.990102887 2.648768902 0.027287968 0.997352421 -0.067405246 -0.170998126 -0.992216051 0.018828075 -0.123096295 3.169056177
-0.120682806 0.076184019 0.989763498 2.690764904 0.030799173 0.996858120 -0.072974734 -0.173977077 -0.992213190 0.021677099 -0.122650042 3.163834572
-0.119378380 0.080215424 0.989603043 2.740252018 0.031878915 0.996526599 -0.076930992 -0.178176194 -0.992336929 0.022363575 -0.121520936 3.157495260
-0.119961679 0.077857949 0.989720762 2.782424927 0.028593792 0.996777356 -0.074947275 -0.181248695 -0.992366672 0.019309072 -0.121801354 3.152772188
-0.119400240 0.073367797 0.990131676 2.832772017 0.028333800 0.997111499 -0.070468247 -0.185141921 -0.992441833 0.019640269 -0.121134140 3.146767139
-0.120004721 0.070764013 0.990248024 2.875213861 0.026176393 0.997335196 -0.068098247 -0.188599110 -0.992428124 0.017749013 -0.121537276 3.141963720
-0.119111329 0.071640588 0.990292907 2.925223351 0.023507724 0.997317374 -0.069321275 -0.191981703 -0.992602527 0.015022585 -0.120475911 3.135768175
-0.118630379 0.076989986 0.989949107 2.967272997 0.024463030 0.996913493 -0.074600078 -0.195075572 -0.992637038 0.015367322 -0.120147608 3.130334139
-0.117682904 0.079953313 0.989827216 3.018174887 0.024252223 0.996687591 -0.077624060 -0.198715329 -0.992755055 0.014870494 -0.119232133 3.124395847
-0.117025450 0.079482883 0.989943147 3.059974670 0.024780577 0.996715546 -0.077097215 -0.202101350 -0.992819726 0.015509031 -0.118610732 3.119454861
-0.116990201 0.072843686 0.990457952 3.112736225 0.026279896 0.997184277 -0.070234254 -0.205713317 -0.992785335 0.017812409 -0.118575126 3.113483667
-0.117468558 0.071551092 0.990495563 3.155452728 0.025042554 0.997297227 -0.069072478 -0.208859414 -0.992760777 0.016690696 -0.118942909 3.108367205
-0.116852820 0.074164905 0.990376174 3.208220243 0.023339434 0.997137427 -0.071917467 -0.212945819 -0.992874980 0.014711065 -0.118249290 3.102483273
-0.116375498 0.076945886 0.990220189 3.250746250 0.022229444 0.996946514 -0.074856073 -0.216449291 -0.992956460 0.013300639 -0.117730618 3.097161531
-0.116948150 0.077028356 0.990146220 3.304573059 0.021572428 0.996949434 -0.075009629 -0.220125467 -0.992903709 0.012587625 -0.118253075 3.091683388
-0.116827548 0.074172698 0.990378559 3.348521471 0.021954589 0.997156441 -0.072090477 -0.223055571 -0.992909551 0.013321200 -0.118123770 3.086847544
-0.115976907 0.072597258 0.990595281 3.400202990 0.021543046 0.997274518 -0.070564546 -0.227489963 -0.993018329 0.013156582 -0.117224783 3.080744743
-0.114179283 0.072860584 0.990784764 3.444232464 0.024509754 0.997210026 -0.070508540 -0.231103584 -0.993157923 0.016233280 -0.115646519 3.075126410
-0.114157096 0.072984487 0.990778148 3.496488094 0.025859974 0.997178197 -0.070476346 -0.234969407 -0.993126154 0.017576123 -0.115722351 3.069711208
-0.114660762 0.071468659 0.990830481 3.540730953 0.025345266 0.997294545 -0.069001906 -0.238952667 -0.993081331 0.017201057 -0.116161942 3.065796852
-0.111562125 0.073033988 0.991070092 3.594470024 0.026881283 0.997152627 -0.070456266 -0.242453754 -0.993393779 0.018780990 -0.113207728 3.058515310
-0.111199521 0.070597023 0.991287351 3.639398575 0.026196197 0.997335255 -0.068089128 -0.246068239 -0.993452728 0.018396484 -0.112752564 3.053892851
-0.108866163 0.070394047 0.991560698 3.693420649 0.025436509 0.997360051 -0.068012990 -0.249736115 -0.993730962 0.017817536 -0.110369332 3.047297478
-0.107430018 0.069407761 0.991786838 3.739098787 0.027018521 0.997395515 -0.066873632 -0.252984881 -0.993845522 0.019612383 -0.109025508 3.042417526
-0.106000766 0.070650518 0.991852820 3.792457342 0.025109848 0.997344911 -0.068358175 -0.256977350 -0.994049013 0.017659256 -0.107493334 3.037003279
-0.102973469 0.073043846 0.991998374 3.838632107 0.025324387 0.997169316 -0.070795812 -0.260615528 -0.994361699 0.017831668 -0.104531765 3.030870438
-0.103101954 0.072697036 0.992010593 3.892437696 0.022676535 0.997238159 -0.070723295 -0.263663590 -0.994412303 0.015203658 -0.104465716 3.026116848
-0.102005005 0.070887476 0.992254972 3.942378759 0.019719457 0.997405946 -0.069228277 -0.267965317 -0.994588435 0.012505101 -0.103138268 3.020868540
-0.101978354 0.072624169 0.992132068 3.992467403 0.016436486 0.997318506 -0.071314350 -0.271220475 -0.994650841 0.009034647 -0.102898590 3.015796185
-0.101748474 0.072030902 0.992198944 4.043008804 0.014071158 0.997379661 -0.070964009 -0.274806827 -0.994710743 0.006740907 -0.102495380 3.010294676
-0.103422642 0.069429874 0.992211223 4.087489128 0.010886855 0.997579932 -0.068670765 -0.278460652 -0.994578004 0.003699950 -0.103928216 3.006124020
-0.104152627 0.067813881 0.992246628 4.143359184 0.009689509 0.997694552 -0.067169145 -0.282798201 -0.994514287 0.002618543 -0.104569592 3.000512838
-0.104885921 0.067771845 0.992172241 4.188129902 0.006403817 0.997700632 -0.067472503 -0.285720974 -0.994463682 -0.000723223 -0.105078749 2.995676994
-0.107633695 0.066964306 0.991932869 4.244092941 0.007660842 0.997755170 -0.066526107 -0.290468514 -0.994161069 0.000438592 -0.107905082 2.990479708
-0.109415047 0.065922379 0.991807818 4.289383411 0.008303098 0.997824132 -0.065406285 -0.293764293 -0.993961453 0.001078647 -0.109724350 2.985274792
-0.112811357 0.060802642 0.991754293 4.346290588 0.005143170 0.998148263 -0.060609609 -0.297686517 -0.993603170 -0.001736690 -0.112915188 2.979254723
-0.116803266 0.061591804 0.991243303 4.393135071 0.003855832 0.998095632 -0.061563224 -0.300188601 -0.993147612 -0.003368717 -0.116818339 2.973665953
-0.122501194 0.066596441 0.990231395 4.446022511 -0.000744273 0.997739673 -0.067193463 -0.304836810 -0.992468059 -0.008968282 -0.122174732 2.967766523
-0.129076630 0.069378681 0.989204586 4.491625309 -0.000117108 0.997548401 -0.069979161 -0.308349222 -0.991634607 -0.009148520 -0.128752083 2.961668968
-0.137596592 0.065440781 0.988324165 4.545691013 0.001954442 0.997830927 -0.065798171 -0.312265992 -0.990486383 -0.007121983 -0.137426108 2.953828573
-0.148340732 0.063735411 0.986880362 4.591049194 0.004899412 0.997956097 -0.063714266 -0.315432698 -0.988924205 -0.004616288 -0.148349851 2.947270632
-0.161431968 0.064693779 0.984761000 4.644823074 0.004875218 0.997889161 -0.064757027 -0.319166541 -0.986871779 -0.005652932 -0.161406606 2.938622952
-0.175499588 0.065496258 0.982298315 4.694129944 0.007222403 0.997843266 -0.065242395 -0.322361529 -0.984453082 -0.004355458 -0.175594136 2.929822922
-0.189372256 0.062958397 0.979884803 4.738251686 0.007778652 0.998007119 -0.062619470 -0.325838506 -0.981874585 -0.004236209 -0.189484611 2.921066523
-0.205192253 0.065806299 0.976506829 4.789622784 0.011512482 0.997830272 -0.064824171 -0.329331517 -0.978653967 -0.002059401 -0.205504656 2.910951614
-0.220462248 0.068828605 0.972963929 4.836311817 0.012159664 0.997623622 -0.067817844 -0.333153933 -0.975319684 -0.003120357 -0.220775306 2.900769234
-0.236217052 0.072154909 0.969017625 4.878417969 0.012601767 0.997382820 -0.071195126 -0.336784720 -0.971618652 -0.004606165 -0.236508131 2.891247034
-0.251629651 0.070626743 0.965243161 4.930999279 0.008072239 0.997452259 -0.070879094 -0.340455472 -0.967790008 -0.010043615 -0.251558691 2.877950907
-0.266986281 0.065930076 0.961442351 4.973705292 0.003283860 0.997713506 -0.067505404 -0.343735278 -0.963694751 -0.014865782 -0.266592354 2.865993977
-0.283557177 0.061331637 0.956991971 5.023956299 -0.001507572 0.997922897 -0.064401500 -0.347541898 -0.958954155 -0.019704243 -0.282875687 2.852816105
-0.299087852 0.062941894 0.952147424 5.069947243 -0.003014131 0.997754872 -0.066903599 -0.350995034 -0.954220831 -0.022879941 -0.298226565 2.839209557
-0.313144922 0.065166503 0.947466791 5.110963345 -0.003154851 0.997566104 -0.069655024 -0.354160190 -0.949700177 -0.024801234 -0.312177181 2.825811863
-0.327246279 0.067654788 0.942514062 5.159545422 -0.001246731 0.997401893 -0.072027586 -0.357931465 -0.944938302 -0.024745818 -0.326311707 2.809353828
-0.341202617 0.067601956 0.937555730 5.203637123 0.001193522 0.997440934 -0.071485594 -0.361717373 -0.939988971 -0.023272082 -0.340410113 2.793599606
-0.355417430 0.065069549 0.932440042 5.244020462 0.000272489 0.997581065 -0.069511496 -0.365365565 -0.934707642 -0.024451517 -0.354575485 2.778861761
-0.369772702 0.064147167 0.926905215 5.291254044 0.000427405 0.997625470 -0.068870910 -0.369276226 -0.929122150 -0.025070420 -0.368922085 2.760039330
-0.384179533 0.065466829 0.920934498 5.334729671 -0.000990557 0.997452915 -0.071319565 -0.373079360 -0.923257887 -0.028311756 -0.383136272 2.742038727
-0.399233997 0.067639045 0.914350688 5.373915195 -0.000287387 0.997265697 -0.073898166 -0.376397252 -0.916849077 -0.029765438 -0.398123026 2.725446224
-0.413939208 0.069571838 0.907642007 5.421047688 0.001476458 0.997125208 -0.075757451 -0.380352467 -0.910303295 -0.030018890 -0.412851989 2.704551935
-0.428617030 0.072144106 0.900601327 5.460582256 0.004739189 0.996972680 -0.077608570 -0.384135962 -0.903473914 -0.028996237 -0.427661300 2.686440468
-0.443460077 0.075533323 0.893105686 5.507122040 0.004182301 0.996606112 -0.082210101 -0.388354331 -0.896284342 -0.032721657 -0.442271084 2.664038658
-0.458089381 0.077712804 0.885502517 5.546294212 0.005262214 0.996390700 -0.084722228 -0.392193496 -0.888890564 -0.034150653 -0.456844956 2.643700123
-0.474148273 0.074619323 0.877277195 5.592684746 0.003479340 0.996553063 -0.082884163 -0.396840692 -0.880438089 -0.036247034 -0.472773552 2.620311737
-0.489456981 0.070701160 0.869156599 5.629518032 0.000923929 0.996749341 -0.080559835 -0.400441617 -0.872026861 -0.038627528 -0.487931281 2.598992348
-0.505813122 0.071256518 0.859695077 5.677201271 0.000796677 0.996620715 -0.082136966 -0.404782057 -0.862642765 -0.040861063 -0.504160643 2.572841644
-0.521044195 0.070668630 0.850599229 5.714941025 -0.000526849 0.996539593 -0.083116233 -0.408151865 -0.853529632 -0.043755367 -0.519203961 2.549100399
-0.537662566 0.069216721 0.840314090 5.759896755 -0.000716757 0.996586919 -0.082547516 -0.413230181 -0.843159795 -0.044985011 -0.535777986 2.522432327
-0.552939713 0.068723984 0.830382228 5.796342850 -0.001757243 0.996494353 -0.083641857 -0.417031765 -0.833219469 -0.047708083 -0.550880611 2.498064041
-0.568699300 0.067694135 0.819755077 5.841082573 -0.002546813 0.996458054 -0.084052823 -0.421895623 -0.822541595 -0.049888551 -0.566512644 2.468480110
-0.583615541 0.065670915 0.809370160 5.877920628 -0.002082168 0.996600151 -0.082363822 -0.425732076 -0.812027454 -0.049754061 -0.581494689 2.442317486
-0.598698556 0.061747368 0.798590779 5.920341969 -0.002356850 0.996883988 -0.078846395 -0.430192053 -0.800970852 -0.049087383 -0.596687555 2.411072731
-0.613391876 0.060375433 0.787467599 5.958240986 -0.001455151 0.996985674 -0.077572733 -0.433446109 -0.789777458 -0.048728373 -0.611455142 2.381348133
-0.628001332 0.058865555 0.775982738 6.000223637 -0.002220868 0.996995509 -0.077428780 -0.438006222 -0.778209150 -0.050348748 -0.625983715 2.348542690
-0.642626762 0.059127931 0.763894618 6.034598351 -0.003789210 0.996760249 -0.080340192 -0.442755699 -0.766170144 -0.054523304 -0.640320837 2.319914579
-0.658147097 0.059132319 0.750563562 6.075438499 -0.005912080 0.996474326 -0.083690234 -0.446232855 -0.752866149 -0.059517875 -0.655477107 2.285044670
-0.673717082 0.056055553 0.736860096 6.109802246 -0.007539053 0.996545672 -0.082703747 -0.450023770 -0.738950849 -0.061274163 -0.670967281 2.254172087
-0.690366209 0.048497684 0.721832693 6.150287628 -0.011284218 0.996907413 -0.077771403 -0.454721063 -0.723372102 -0.061836064 -0.687683880 2.217830658
-0.707533717 0.046064958 0.705176711 6.182188034 -0.012004697 0.996945798 -0.077169307 -0.458548397 -0.706577659 -0.063065313 -0.704819620 2.187989950
-0.724451542 0.043563899 0.687947750 6.222064018 -0.013649164 0.996898830 -0.077501483 -0.463143051 -0.689190567 -0.065535977 -0.721610308 2.146036386
-0.741898298 0.039212782 0.669364691 6.254299641 -0.017624484 0.996803045 -0.077929094 -0.467146993 -0.670280755 -0.069612674 -0.738835514 2.111954689
-0.758503079 0.037626922 0.650582194 6.290616512 -0.016644886 0.996887326 -0.077061750 -0.471671700 -0.651456773 -0.069280438 -0.755515873 2.070899487
-0.774360955 0.039299507 0.631522357 6.320064545 -0.015336773 0.996610343 -0.080824532 -0.475439966 -0.632558107 -0.072272889 -0.771133482 2.035139084
-0.789898753 0.038957715 0.611998558 6.356312275 -0.011253094 0.996891260 -0.077982880 -0.480245292 -0.613134027 -0.068485461 -0.787004769 1.991391063
-0.804400265 0.040234502 0.592723668 6.384052277 -0.006987581 0.996994376 -0.077159688 -0.484650135 -0.594046652 -0.066208988 -0.801701367 1.954566240
-0.818932533 0.042192757 0.572336614 6.417227268 -0.004981388 0.996733546 -0.080607042 -0.488661230 -0.573868155 -0.068862759 -0.816047370 1.908707023
-0.833079636 0.042549983 0.551514030 6.444291592 -0.005234727 0.996386051 -0.084779613 -0.492998987 -0.553128183 -0.073515199 -0.829846203 1.870130420
-0.845540762 0.044118058 0.532084644 6.474194527 -0.001270369 0.996411085 -0.084636673 -0.497678936 -0.533909023 -0.072239727 -0.842450321 1.822830558
-0.857648849 0.041731369 0.512539566 6.498969555 -0.000465093 0.996638477 -0.081925325 -0.502150834 -0.514235497 -0.070501544 -0.854746461 1.783676386
-0.867880821 0.044314116 0.494791746 6.527934551 0.002986521 0.996460676 -0.084005676 -0.506586552 -0.496763259 -0.071429223 -0.864941657 1.733531237
-0.877617121 0.046884939 0.477063894 6.550586700 0.005717410 0.996158302 -0.087382682 -0.510971367 -0.479328185 -0.073960967 -0.874513745 1.693969488
-0.886577666 0.044646844 0.460420072 6.578059673 0.003838364 0.996007085 -0.089191534 -0.516085446 -0.462563783 -0.077307947 -0.883209109 1.642490864
-0.894701660 0.042853385 0.444603682 6.598738670 0.003652776 0.996055722 -0.088654712 -0.520104468 -0.446649194 -0.077695504 -0.891329348 1.601568460
-0.902047217 0.039702967 0.429807305 6.624367714 0.001586611 0.996058881 -0.088679940 -0.525928497 -0.431634307 -0.079311565 -0.898555279 1.550068140
-0.909025371 0.037590045 0.415041685 6.645002842 0.001165102 0.996148884 -0.087668739 -0.530821443 -0.416738868 -0.079209551 -0.905568659 1.507010698
-0.914814472 0.035776466 0.402286530 6.667753220 0.000804289 0.996228158 -0.086768374 -0.536221445 -0.403873473 -0.079053417 -0.911392689 1.455798864
-0.920888901 0.030655859 0.388617903 6.687345505 -0.002081465 0.996502161 -0.083540760 -0.540075719 -0.389819622 -0.077740639 -0.917603970 1.412533522
-0.925755143 0.027103642 0.377150893 6.709001064 -0.003152851 0.996839821 -0.079376101 -0.545921683 -0.378110319 -0.074671924 -0.922744155 1.360178828
-0.930361748 0.027713047 0.365593821 6.727322578 -0.000410526 0.997060001 -0.076624677 -0.549681127 -0.366642475 -0.071438752 -0.927615106 1.315959096
-0.933340251 0.032039523 0.357560247 6.747381687 0.004222629 0.996920466 -0.078307636 -0.554443777 -0.358967930 -0.071577832 -0.930601239 1.263970971
-0.935553014 0.036470208 0.351298034 6.764428139 0.008896865 0.996772408 -0.079786949 -0.558438182 -0.353073955 -0.071519472 -0.932857871 1.219411731
-0.937164068 0.041018244 0.346469223 6.783541679 0.013245723 0.996531844 -0.082150362 -0.563515544 -0.348637372 -0.072399125 -0.934457302 1.166138530
-0.939230502 0.037380148 0.341245770 6.800330162 0.010411744 0.996698439 -0.080521777 -0.567701757 -0.343129039 -0.072075553 -0.936518967 1.122136831
-0.941206157 0.030325131 0.336468816 6.820300579 0.004550197 0.997010708 -0.077129900 -0.572642684 -0.337801993 -0.071064144 -0.938530624 1.069231510
-0.943424940 0.023745023 0.330734611 6.837233543 -0.001309608 0.997158110 -0.075326428 -0.576370239 -0.331583321 -0.071497969 -0.940712750 1.025483012
-0.944903135 0.017036170 0.326906353 6.855578899 -0.008472707 0.997037470 -0.076448731 -0.581364274 -0.327240348 -0.075006448 -0.941959500 0.972665906
-0.946327269 0.014164818 0.322899371 6.871499538 -0.011993161 0.996812284 -0.078876302 -0.585439563 -0.322987407 -0.078515410 -0.943140745 0.928225040
-0.946889222 0.014427522 0.321236253 6.889871120 -0.012340409 0.996626616 -0.081136078 -0.590341747 -0.321323216 -0.080791071 -0.943516970 0.874509454
-0.947458804 0.015020202 0.319525093 6.906008720 -0.012076803 0.996505082 -0.082653865 -0.594719350 -0.319649905 -0.082169972 -0.943966150 0.830742955
-0.946961820 0.017892063 0.320847571 6.923495770 -0.009886447 0.996353924 -0.084740900 -0.599748135 -0.321193963 -0.083418451 -0.943332314 0.776680946
-0.946905255 0.018276148 0.320992887 6.939247131 -0.009920302 0.996246874 -0.085986771 -0.604035020 -0.321359664 -0.084605679 -0.943170130 0.732634306
-0.946088433 0.019266434 0.323334634 6.957314014 -0.009853345 0.996055543 -0.088182837 -0.609357595 -0.323758364 -0.086614698 -0.942166805 0.678892851
-0.945299029 0.022335185 0.325439215 6.972642899 -0.006498707 0.996165693 -0.087244451 -0.613867521 -0.326140136 -0.084587030 -0.941529393 0.634188652
-0.944896996 0.019548537 0.326783478 6.992079258 -0.009971024 0.996033788 -0.088415071 -0.618876338 -0.327215791 -0.086801529 -0.940954506 0.582040310
-0.943544269 0.018421488 0.330733657 7.007705212 -0.011740951 0.995965123 -0.088969640 -0.622871995 -0.331038237 -0.087829940 -0.939520955 0.537476897
-0.942070186 0.016267030 0.335021198 7.026793480 -0.013609217 0.996147096 -0.086636886 -0.628519177 -0.335139632 -0.086177416 -0.938219011 0.486220717
-0.938252628 0.018858494 0.345436573 7.040985584 -0.010219561 0.996566415 -0.082163505 -0.632367909 -0.345799983 -0.080620326 -0.934838355 0.439105630
-0.937278390 0.012141717 0.348369956 7.061655998 -0.017086579 0.996591508 -0.080705017 -0.637833893 -0.348162621 -0.081595525 -0.933876276 0.391095877
-0.934751332 0.013944242 0.355028570 7.078299046 -0.015838008 0.996601045 -0.080842644 -0.641908467 -0.354949236 -0.081190713 -0.931353331 0.348284960
-0.931356370 0.013707587 0.363850743 7.098014832 -0.016819866 0.996604621 -0.080599897 -0.646834791 -0.363720089 -0.081187166 -0.927963555 0.297648430
-0.927536607 0.017573172 0.373318851 7.115114689 -0.014495404 0.996450663 -0.082920574 -0.651092768 -0.373451054 -0.082323276 -0.923989832 0.255028963
-0.923270464 0.018392900 0.383709967 7.136754036 -0.014281382 0.996519208 -0.082130931 -0.655831933 -0.383884996 -0.081308968 -0.919794083 0.203583479
-0.917914033 0.021056078 0.396220028 7.154378891 -0.012734340 0.996513128 -0.082458436 -0.660708129 -0.396574765 -0.080735371 -0.914445341 0.161508322
-0.912368894 0.023081319 0.408717901 7.177027225 -0.012449303 0.996383071 -0.084058434 -0.665090621 -0.409179866 -0.081780553 -0.908781528 0.111479521
-0.906206250 0.024922580 0.422100663 7.196968079 -0.011721400 0.996397197 -0.083996065 -0.669425666 -0.422673374 -0.081065379 -0.902649283 0.068507671
-0.900026977 0.024238296 0.435159534 7.220801353 -0.012700857 0.996569633 -0.081777520 -0.674117565 -0.435648948 -0.079128869 -0.896631837 0.019967794
-0.893411338 0.028540604 0.448332042 7.241203785 -0.009025316 0.996638179 -0.081430644 -0.678551435 -0.449148953 -0.076797396 -0.890150249 -0.020763397
-0.886199832 0.030722179 0.462283343 7.266510010 -0.007539703 0.996710479 -0.080692500 -0.682998419 -0.463241756 -0.074995160 -0.883053184 -0.069921255
-0.878755987 0.033085283 0.476123065 7.287599564 -0.005003941 0.996900797 -0.078509100 -0.686841249 -0.477244914 -0.071372837 -0.875867128 -0.109359026
-0.871454418 0.034069430 0.489291608 7.314163685 -0.003909578 0.997070432 -0.076389261 -0.691301823 -0.490460873 -0.068482704 -0.868768275 -0.155759573
-0.863582253 0.036754075 0.502866566 7.336631775 -0.001165919 0.997191370 -0.074886128 -0.694977582 -0.504206598 -0.065256625 -0.861113966 -0.193774700
-0.853760660 0.041022334 0.519047081 7.363746643 0.003768932 0.997352123 -0.072625317 -0.699823141 -0.520652056 -0.060048379 -0.851654708 -0.240253210
-0.843361259 0.043674171 0.535569251 7.386480331 0.006181702 0.997413993 -0.071602039 -0.703576088 -0.537311494 -0.057075635 -0.841450453 -0.277118921
-0.832103670 0.046706378 0.552649915 7.415709972 0.009152437 0.997468412 -0.070519052 -0.708046079 -0.554544628 -0.053621072 -0.830424666 -0.322367907
-0.821035087 0.048141517 0.568844140 7.440123558 0.010287561 0.997523844 -0.069572411 -0.711819053 -0.570784926 -0.051269382 -0.819497406 -0.358090401
-0.809148908 0.050171651 0.585457742 7.470721245 0.011929451 0.997545242 -0.068998687 -0.716260672 -0.587482512 -0.048846010 -0.807761312 -0.400389194
-0.796596527 0.051527567 0.602311254 7.497049332 0.012134191 0.997522771 -0.069289543 -0.719861507 -0.604389548 -0.047887247 -0.795248508 -0.435343504
-0.782778978 0.053730823 0.619975924 7.529156685 0.015396925 0.997632802 -0.067020744 -0.723427534 -0.622109413 -0.042916704 -0.781753242 -0.476141214
-0.767251372 0.055589344 0.638932765 7.559172630 0.017981138 0.997709394 -0.065211795 -0.727328181 -0.641094446 -0.038545106 -0.766493440 -0.513066769
-0.750666976 0.058639809 0.658073187 7.590192795 0.019751031 0.997599959 -0.066364370 -0.730909944 -0.660385489 -0.036819916 -0.750023603 -0.548955441
-0.733604372 0.061303407 0.676805973 7.622402668 0.019898174 0.997433543 -0.068777002 -0.734489441 -0.679285467 -0.036987904 -0.732941628 -0.583961248
-0.715689719 0.061981302 0.695662439 7.654963017 0.019744886 0.997451663 -0.068556428 -0.738489449 -0.698139191 -0.035329353 -0.715089977 -0.617746592
-0.696772575 0.062199134 0.714590251 7.688498974 0.018842628 0.997476518 -0.068449222 -0.742148995 -0.717044592 -0.034228783 -0.696186423 -0.650487423
-0.677222371 0.061418116 0.733210504 7.722710133 0.016641373 0.997533560 -0.068188772 -0.745802999 -0.735590279 -0.033977330 -0.676574111 -0.681718111
