0.999992192 -0.001840682 -0.003504224 0.002289567 0.001850636 0.999994218 0.002839413 -0.000745993 0.003498977 -0.002845876 0.999989808 0.054832403
0.999997616 -0.002163986 0.000374249 -0.003813553 0.002162961 0.999993980 0.002719981 -0.000361893 -0.000380131 -0.002719165 0.999996185 0.104620084
0.999968469 -0.001288820 0.007832676 -0.013802810 0.001291115 0.999999046 -0.000288030 0.001960153 -0.007832298 0.000298134 0.999969304 0.152538672
0.999909639 -0.000920191 0.013410291 -0.021294458 0.000939863 0.999998629 -0.001460716 0.002360105 -0.013408926 0.001473187 0.999908984 0.201814264
0.999772608 -0.000892835 0.021304257 -0.028952327 0.000962449 0.999994278 -0.003257584 0.003073974 -0.021301225 0.003277348 0.999767721 0.254538357
0.999688268 -0.001496194 0.024922501 -0.034693260 0.001558651 0.999995708 -0.002486801 0.002319526 -0.024918666 0.002524871 0.999686301 0.302662522
0.999241948 -0.005504205 0.038540192 -0.046911929 0.005742406 0.999965131 -0.006072642 0.004248950 -0.038505435 0.006289351 0.999238670 0.350735605
0.999282897 -0.004979789 0.037534390 -0.046129148 0.005135906 0.999978483 -0.004064038 0.001865301 -0.037513345 0.004253896 0.999287069 0.400408238
0.998945117 -0.003962828 0.045748994 -0.051769122 0.004210840 0.999976933 -0.005326035 0.001739298 -0.045726828 0.005513057 0.998938739 0.449883759
0.998859823 -0.003018195 0.047643933 -0.052175082 0.003304153 0.999976933 -0.005924369 0.001459277 -0.047624957 0.006075038 0.998846829 0.496730566
0.998285413 -0.002054710 0.058497772 -0.058411229 0.002532860 0.999963999 -0.008100846 0.002155378 -0.058479022 0.008235125 0.998254716 0.543978810
0.998493731 0.001352140 0.054848067 -0.054847222 -0.001014026 0.999980271 -0.006191919 0.001449917 -0.054855358 0.006126975 0.998475432 0.575763881
0.998056293 0.003602848 0.062214527 -0.057050936 -0.003159642 0.999969006 -0.007220760 0.001869454 -0.062238600 0.007010148 0.998036683 0.619876862
0.998107433 0.002891671 0.061426375 -0.055565171 -0.002514257 0.999977469 -0.006220580 0.000412263 -0.061442979 0.006054363 0.998092234 0.652475119
0.997674882 0.003406233 0.068068251 -0.057528257 -0.002905854 0.999967992 -0.007448787 0.000503480 -0.068091452 0.007233672 0.997652888 0.688352525
0.997646928 0.003628180 0.068463221 -0.055533972 -0.003209074 0.999975443 -0.006230584 -0.000480545 -0.068484157 0.005996218 0.997634172 0.727598488
0.997202337 0.004565555 0.074610420 -0.055582654 -0.004195559 0.999978065 -0.005115010 -0.001290575 -0.074632145 0.004787667 0.997199655 0.765756249
0.996656597 0.004749314 0.081566088 -0.055855535 -0.004225298 0.999969363 -0.006595841 -0.001404266 -0.081594929 0.006229146 0.996646106 0.802592397
0.996734798 0.006503402 0.080481790 -0.053971276 -0.005730743 0.999935389 -0.009827678 -0.001121487 -0.080540493 0.009334370 0.996707618 0.839201629
0.996558487 0.004380078 0.082776852 -0.052194819 -0.003501434 0.999935985 -0.010756800 -0.001491635 -0.082818687 0.010429943 0.996510029 0.870423377
0.996105134 0.002499522 0.088137954 -0.050826222 -0.001413186 0.999922276 -0.012385651 0.000273411 -0.088162072 0.012212854 0.996031284 0.905755937
0.995757401 0.002240230 0.091990374 -0.049837857 -0.001550627 0.999970138 -0.007567252 -0.002393746 -0.092004567 0.007392506 0.995731115 0.943354309
0.995065868 0.001958568 0.099197373 -0.049095787 -0.000926471 0.999944925 -0.010449469 -0.002200665 -0.099212378 0.010306005 0.995012879 0.978750646
0.994315028 0.003185701 0.106430672 -0.047100097 -0.001547338 0.999879062 -0.015472745 -0.001780790 -0.106467113 0.015220098 0.994199753 1.011046648
0.995141864 0.003299851 0.098395191 -0.042571954 -0.002187076 0.999932468 -0.011414960 -0.004281856 -0.098426238 0.011144309 0.995081961 1.037025213
0.994548678 0.002233295 0.104248755 -0.042272165 -0.000822289 0.999907494 -0.013576019 -0.004510499 -0.104269445 0.013416288 0.994458675 1.060019135
0.994485438 -0.000662763 0.104872078 -0.039239608 0.002026478 0.999914825 -0.012897584 -0.005136222 -0.104854599 0.013038983 0.994402111 1.080186009
0.994791150 0.005032873 0.101809576 -0.037214406 -0.004112971 0.999948800 -0.009243419 -0.005723426 -0.101850882 0.008776532 0.994760990 1.097125649
0.994201303 0.003546351 0.107476562 -0.035090066 -0.002354622 0.999934375 -0.011213153 -0.005223525 -0.107509263 0.010895066 0.994144440 1.123699903
0.994376361 0.005175804 0.105776928 -0.032502994 -0.004388288 0.999960840 -0.007676450 -0.006702617 -0.105812535 0.007169100 0.994360387 1.142696857
0.993818104 0.003309591 0.110970840 -0.030123338 -0.002141824 0.999941051 -0.010640743 -0.006666193 -0.110999525 0.010337283 0.993766725 1.166242838
0.993202686 0.002847908 0.116362765 -0.027663514 -0.001320753 0.999911964 -0.013199086 -0.006754153 -0.116390124 0.012955682 0.993119121 1.188755155
0.993227661 0.004051912 0.116113663 -0.025209904 -0.002679156 0.999924719 -0.011976146 -0.008354265 -0.116153441 0.011583957 0.993163705 1.207276702
0.992592752 0.004060950 0.121421516 -0.022410333 -0.002601170 0.999922454 -0.012178506 -0.008680033 -0.121461555 0.011772459 0.992526293 1.229801178
0.992096961 0.004385835 0.125396326 -0.020201102 -0.002935378 0.999926627 -0.011749416 -0.009438906 -0.125438645 0.011288474 0.992037177 1.248216748
0.991114676 0.006786634 0.132837191 -0.017714858 -0.005122789 0.999904156 -0.012863213 -0.010054625 -0.132911757 0.012068421 0.991054416 1.269550204
0.990234315 0.007355944 0.139219031 -0.015008226 -0.005674664 0.999906003 -0.012469608 -0.010663081 -0.139297709 0.011557817 0.990183055 1.288072348
0.988809645 0.008851179 0.148920238 -0.012667418 -0.007182035 0.999905229 -0.011742358 -0.011142423 -0.149010062 0.010541407 0.988779426 1.308087111
0.987366676 0.010908768 0.158076018 -0.009433106 -0.009321541 0.999898434 -0.010778871 -0.011773702 -0.158177555 0.009169186 0.987368107 1.327182174
0.985087752 0.012628590 0.171588197 -0.006379694 -0.010857034 0.999877632 -0.011259013 -0.012280466 -0.171709359 0.009228178 0.985104382 1.346773028
0.982592642 0.014957638 0.185170025 -0.002882689 -0.013231391 0.999856710 -0.010554769 -0.012841451 -0.185301393 0.007920980 0.982649744 1.364817619
0.979218245 0.016657190 0.202124149 0.000481665 -0.015175724 0.999845386 -0.008877068 -0.013508117 -0.202240780 0.005625208 0.979319692 1.383483768
0.975344658 0.017370868 0.220002145 0.004489601 -0.015880544 0.999837399 -0.008541009 -0.013907196 -0.220114738 0.004836674 0.975462019 1.402458072
0.971327066 0.016616007 0.237165675 0.008948147 -0.014841679 0.999846935 -0.009265002 -0.014404068 -0.237283289 0.005479413 0.971424997 1.419813752
0.966273665 0.015973715 0.257021368 0.013329118 -0.013868922 0.999853790 -0.009999971 -0.014957519 -0.257143557 0.006098100 0.966354012 1.436738610
0.960665166 0.012974315 0.277405947 0.018401802 -0.010468414 0.999889970 -0.010512552 -0.015348878 -0.277511775 0.007195042 0.960695207 1.454980016
0.954335392 0.008047433 0.298628896 0.023800373 -0.005838547 0.999948680 -0.008288167 -0.015827283 -0.298680305 0.006166132 0.954333305 1.472267628
0.947070003 0.002392206 0.321018279 0.029205650 -0.000271751 0.999977887 -0.006650041 -0.016379038 -0.321027130 0.006210817 0.947049558 1.488364697
0.938870072 -0.002866724 0.344259828 0.035474598 0.005885417 0.999952853 -0.007723972 -0.016667878 -0.344221443 0.009277918 0.938842654 1.505475521
0.929525018 -0.008076919 0.368670911 0.041809618 0.012453015 0.999877393 -0.009492100 -0.017083315 -0.368548989 0.013414210 0.929511547 1.521551967
0.918979049 -0.011593084 0.394136041 0.048621535 0.016367285 0.999827743 -0.008753590 -0.017541396 -0.393966705 0.014495303 0.919010460 1.537658691
0.907564521 -0.014724564 0.419654369 0.055720210 0.019252090 0.999793172 -0.006555383 -0.017807655 -0.419471025 0.014028657 0.907660306 1.552436590
0.894721389 -0.018888652 0.446225047 0.062868893 0.022695499 0.999737322 -0.003187760 -0.018277604 -0.446047634 0.012979457 0.894915104 1.567130685
0.880719900 -0.021830354 0.473134011 0.070628762 0.026581896 0.999641001 -0.003357799 -0.018791677 -0.472890854 0.015534077 0.880984128 1.581333995
0.865372241 -0.020695046 0.500702024 0.079125583 0.028273011 0.999571741 -0.007550397 -0.018889852 -0.500331283 0.020690260 0.865586758 1.596188664
0.849083185 -0.020471638 0.527862549 0.087557733 0.032113563 0.999401033 -0.012896743 -0.019062210 -0.527282357 0.027901953 0.849231720 1.609873772
0.831723869 -0.022175549 0.554746568 0.096566439 0.036463473 0.999226511 -0.014725904 -0.019709155 -0.553990841 0.032475870 0.831889033 1.623226881
0.812952280 -0.022648325 0.581889808 0.106065869 0.036065418 0.999283373 -0.011492502 -0.019927060 -0.581212461 0.030328954 0.813186526 1.636182070
0.792264700 -0.022672249 0.609756231 0.116368115 0.033231597 0.999429584 -0.006017001 -0.020154715 -0.609272003 0.025030231 0.792566180 1.649160624
0.769151926 -0.023118781 0.638647676 0.126717150 0.031653147 0.999496996 -0.001939917 -0.020662695 -0.638281643 0.021707300 0.769496799 1.661775947
0.744157374 -0.016642841 0.667797029 0.136594772 0.028234612 0.999579847 -0.006551608 -0.020883527 -0.667407453 0.023730414 0.744314611 1.673516035
0.719588876 -0.009339483 0.694337547 0.147793651 0.026124733 0.999565721 -0.013629741 -0.021130349 -0.693908751 0.027947193 0.719520390 1.684673071
0.694244862 -0.006718757 0.719707549 0.158987880 0.025835462 0.999544621 -0.015590275 -0.021402635 -0.719275057 0.029417446 0.694102287 1.695399761
0.666727781 -0.009511500 0.745240688 0.170369327 0.026984124 0.999571085 -0.011383760 -0.022015573 -0.744812846 0.027699536 0.666698337 1.706515312
0.640581489 -0.009545241 0.767830849 0.182958424 0.028355641 0.999534726 -0.011230726 -0.022027586 -0.767366469 0.028966529 0.640554190 1.716230869
0.612519681 -0.007230688 0.790422261 0.195191145 0.029582512 0.999467254 -0.013781285 -0.022363579 -0.789901495 0.031823982 0.612407386 1.725642920
0.584067583 -0.004482562 0.811692774 0.207960784 0.030005312 0.999420464 -0.016071556 -0.022666311 -0.811150312 0.033741962 0.583863616 1.734479666
0.554294109 -0.002452362 0.832317293 0.220639527 0.028653359 0.999459267 -0.016137302 -0.023261927 -0.831827521 0.032793500 0.554064572 1.743268967
0.523619354 -0.000508902 0.851952195 0.233857572 0.028815262 0.999438286 -0.017113185 -0.023664266 -0.851464868 0.033510018 0.523339868 1.751544476
0.492816389 0.006243103 0.870110929 0.247509420 0.028183792 0.999335051 -0.023133129 -0.024002111 -0.869676709 0.035923406 0.492312700 1.759256363
0.460407019 0.016147535 0.887561202 0.261459172 0.027963413 0.999074578 -0.032681853 -0.024264075 -0.887267411 0.039866187 0.459529400 1.766791463
0.427703708 0.024607470 0.903583944 0.275697172 0.027108502 0.998830557 -0.040032912 -0.025069062 -0.903512418 0.041617032 0.426536530 1.773398876
0.393919289 0.029280026 0.918678463 0.290179670 0.024824623 0.998788893 -0.042477820 -0.025782980 -0.918809772 0.039538678 0.392715335 1.779758215
0.360390693 0.028496942 0.932366014 0.305144370 0.023433093 0.998941183 -0.039589420 -0.026475050 -0.932507098 0.036115877 0.359341383 1.785284996
0.324822992 0.026637945 0.945399582 0.320911646 0.019641334 0.999197721 -0.034902204 -0.027042862 -0.945570886 0.029905945 0.324039191 1.791254401
0.288711995 0.027516618 0.957020640 0.336083412 0.015779931 0.999314368 -0.033493120 -0.027670737 -0.957285941 0.024771580 0.288079858 1.796041727
0.251625568 0.029411370 0.967377663 0.351753503 0.008489905 0.999432504 -0.032594260 -0.028650958 -0.967787385 0.016414490 0.251233101 1.800440669
0.214549333 0.031937789 0.976190925 0.367772877 0.004901401 0.999417484 -0.033774927 -0.028555464 -0.976700902 0.012031089 0.214267761 1.804194927
0.177666798 0.029848645 0.983637929 0.383938044 0.002113048 0.999526024 -0.030712431 -0.029685002 -0.984088421 0.007535056 0.177519545 1.807210445
0.140616342 0.029334065 0.989629507 0.400441885 0.001776068 0.999551892 -0.029880540 -0.030308332 -0.990062594 0.005959343 0.140501246 1.809617400
0.103679016 0.028998414 0.994187951 0.417417705 0.002909487 0.999561787 -0.029458568 -0.030756176 -0.994606614 0.005946814 0.103549197 1.811626077
0.067927338 0.027508920 0.997311056 0.433949679 0.005174065 0.999596596 -0.027924381 -0.031525578 -0.997676849 0.007056980 0.067757614 1.812654853
0.032868352 0.027151631 0.999090791 0.450701684 0.013563914 0.999526739 -0.027609706 -0.032294460 -0.999367654 0.014459069 0.032484513 1.813093901
-0.000983358 0.030839616 0.999523818 0.467886031 0.016460940 0.999389350 -0.030819274 -0.032884303 -0.999863982 0.016422803 -0.001490406 1.813000321
-0.033167310 0.035579957 0.998816252 0.484808981 0.017749082 0.999229491 -0.035005286 -0.033545807 -0.999292195 0.016567046 -0.033773262 1.812281013
-0.062605731 0.040124256 0.997231483 0.501753092 0.024213595 0.998958528 -0.038673621 -0.034286872 -0.997744560 0.021725371 -0.063512087 1.811151862
-0.088118747 0.038913097 0.995349646 0.519364834 0.026703173 0.998969972 -0.036690582 -0.034882490 -0.995751977 0.023345867 -0.089067072 1.809659719
-0.110789217 0.035809085 0.993198574 0.536074340 0.028381918 0.999057174 -0.032854360 -0.035657458 -0.993438601 0.024548970 -0.111701056 1.807959557
-0.129589215 0.033444289 0.991003573 0.553629041 0.028868882 0.999134541 -0.029943630 -0.036276519 -0.991147399 0.024728790 -0.130442590 1.805758595
-0.145394996 0.036579378 0.988697231 0.571517467 0.030960497 0.998995125 -0.032407410 -0.037129264 -0.988889158 0.025898682 -0.146381408 1.802999735
-0.160429329 0.041182250 0.986187875 0.588551998 0.032536052 0.998806953 -0.036416367 -0.037811231 -0.986510992 0.026244408 -0.161577836 1.800404429
-0.171510309 0.046641391 0.984077632 0.605840206 0.038155396 0.998443782 -0.040672366 -0.038438208 -0.984443188 0.030572141 -0.173023030 1.796925187
-0.180184111 0.050941966 0.982312858 0.623079419 0.043284927 0.998101234 -0.043821067 -0.039258014 -0.982680082 0.034623485 -0.182046980 1.793601632
-0.186414868 0.055694655 0.980891109 0.639769077 0.046381261 0.997777581 -0.047838874 -0.040465306 -0.981375754 0.036577094 -0.188583761 1.790511012
-0.189500347 0.061738513 0.979937673 0.658081174 0.048917819 0.997375369 -0.053377420 -0.041066505 -0.980661452 0.037821375 -0.192023069 1.787029862
-0.192098647 0.065613009 0.979179740 0.675365686 0.051108398 0.997077405 -0.056785699 -0.042281345 -0.980043888 0.039135851 -0.194890603 1.783346653
-0.194936007 0.068497315 0.978421152 0.692764163 0.051265281 0.996906400 -0.059577595 -0.043419972 -0.979475200 0.038545214 -0.197844490 1.779979467
-0.196799025 0.072436929 0.977764368 0.710102081 0.053354982 0.996580482 -0.063091934 -0.044587605 -0.978991032 0.039752159 -0.199990958 1.776485920
-0.199221745 0.075640291 0.977030814 0.727988482 0.054072227 0.996346176 -0.066110045 -0.045938991 -0.978461444 0.039659671 -0.202583820 1.772704244
-0.201842368 0.077016547 0.976385295 0.745324731 0.056677200 0.996151388 -0.066859148 -0.047302075 -0.977776766 0.041843768 -0.205430627 1.769269586
-0.203851625 0.075469784 0.976088583 0.762839794 0.055436511 0.996314406 -0.065455958 -0.048529103 -0.977430880 0.040767640 -0.207284093 1.765447855
-0.205322757 0.075662971 0.975765109 0.781114340 0.055451278 0.996304870 -0.065587476 -0.049812023 -0.977122188 0.040640816 -0.208759636 1.761290193
-0.206961542 0.076935299 0.975319326 0.798685908 0.056450646 0.996181428 -0.066602200 -0.051296275 -0.976719141 0.041273315 -0.210514262 1.757163286
-0.211446851 0.078499988 0.974232018 0.815720797 0.054771878 0.996154785 -0.068378784 -0.052735955 -0.975853622 0.038902037 -0.214933425 1.754708529
-0.213000044 0.080441363 0.973735154 0.834236503 0.052454960 0.996109247 -0.070815414 -0.054047070 -0.975643039 0.035993546 -0.216390848 1.750064611
-0.215191752 0.083513238 0.972994387 0.852340221 0.051648635 0.995915592 -0.074057743 -0.055710666 -0.975205004 0.034317214 -0.218626142 1.746290803
-0.218420461 0.087267816 0.971944809 0.870158613 0.046364639 0.995796621 -0.078990102 -0.057033155 -0.974752724 0.027810814 -0.221548513 1.742528081
-0.220099792 0.089881070 0.971327603 0.888972342 0.044987097 0.995621800 -0.081935167 -0.058436170 -0.974439442 0.025663298 -0.223179668 1.737930536
-0.222674131 0.088331126 0.970883012 0.907513916 0.042948950 0.995808840 -0.080748424 -0.059933309 -0.973946333 0.023717819 -0.225534588 1.733585358
-0.225760221 0.083180472 0.970625281 0.925957680 0.040123302 0.996296465 -0.076048069 -0.061779618 -0.973356247 0.021776062 -0.228261650 1.729558229
-0.227736816 0.082298972 0.970238566 0.944744945 0.040080275 0.996369600 -0.075107768 -0.063095629 -0.972897470 0.021782627 -0.230208606 1.724947810
-0.229782909 0.082332142 0.969753206 0.963046253 0.039137077 0.996391118 -0.075320169 -0.064756677 -0.972454667 0.020646017 -0.232175887 1.720634937
-0.230057135 0.085557178 0.969408870 0.981665969 0.040893931 0.996097982 -0.078207843 -0.066149816 -0.972317457 0.021650666 -0.232658207 1.715793848
-0.231489107 0.088202730 0.968830764 1.000247002 0.041257549 0.995875478 -0.080806963 -0.067809820 -0.971962273 0.021265652 -0.234173357 1.711681843
-0.232310057 0.088568315 0.968600869 1.018654585 0.038716942 0.995898247 -0.081778459 -0.069539987 -0.971870959 0.018503310 -0.234786287 1.707488656
-0.232452005 0.086841665 0.968723118 1.037773371 0.036531746 0.996082604 -0.080528274 -0.071273901 -0.971921504 0.016670188 -0.234713882 1.703029275
-0.233509034 0.085929096 0.968550324 1.055733681 0.031541917 0.996232688 -0.080780581 -0.072733328 -0.971842945 0.011686937 -0.235339731 1.698928475
-0.231941596 0.086501308 0.968875945 1.075088501 0.029613292 0.996204376 -0.081851989 -0.074477285 -0.972278833 0.009706722 -0.233622804 1.694059134
-0.232271299 0.086853206 0.968765497 1.093963861 0.025662452 0.996205747 -0.083160490 -0.075922176 -0.972312450 0.005545102 -0.233618841 1.689772725
-0.232807249 0.085359916 0.968769491 1.112455606 0.022296127 0.996347189 -0.082431793 -0.077838972 -0.972267330 0.002409085 -0.233860031 1.685335994
-0.232874990 0.080539331 0.969165981 1.132017374 0.021408463 0.996747911 -0.077687331 -0.079496108 -0.972271025 0.002656917 -0.233841911 1.680726767
-0.233195245 0.072176680 0.969747722 1.150938272 0.025542764 0.997352242 -0.068088979 -0.081051171 -0.972094417 0.008892007 -0.234421402 1.676137805
-0.232766047 0.067277908 0.970202923 1.169455647 0.031748153 0.997598290 -0.061560757 -0.082490191 -0.972014427 0.016472902 -0.234342963 1.671104193
-0.232718974 0.070187375 0.970008135 1.188932896 0.039150476 0.997260034 -0.062766522 -0.084187485 -0.971755743 0.023369318 -0.234829217 1.666758537
-0.231718972 0.077334285 0.969703913 1.208271980 0.043225378 0.996668994 -0.069155671 -0.085220419 -0.971821964 0.025891135 -0.234289944 1.662393212
-0.230723694 0.083732232 0.969409943 1.227399111 0.048034988 0.996055901 -0.074601240 -0.086372495 -0.971832931 0.029353322 -0.233835801 1.657890558
-0.229022264 0.087626286 0.969469190 1.246829033 0.047988661 0.995745420 -0.078664705 -0.088236891 -0.972237647 0.028507560 -0.232252955 1.652375817
-0.229298294 0.085242562 0.969616413 1.266629815 0.045137808 0.996017337 -0.076889247 -0.089485943 -0.972309053 0.026135789 -0.232232749 1.648086786
-0.228546008 0.080181584 0.970225573 1.286230326 0.045236874 0.996400654 -0.071688779 -0.091440499 -0.972481608 0.027505783 -0.231350571 1.643422604
-0.224695310 0.078814313 0.971236467 1.304972768 0.043364812 0.996544957 -0.070835635 -0.092638999 -0.973463714 0.026201060 -0.227336720 1.637802720
-0.228672996 0.078478105 0.970335007 1.324386120 0.040232435 0.996655643 -0.071125515 -0.094153136 -0.972671568 0.022774450 -0.231065631 1.634497881
-0.232658491 0.085527383 0.968790472 1.342704654 0.039415210 0.996136546 -0.078475863 -0.094335645 -0.971759439 0.019927001 -0.235130727 1.632807493
-0.228799939 0.086605772 0.969613373 1.363301516 0.038470939 0.996060908 -0.079890080 -0.097019441 -0.972712994 0.019023087 -0.231230542 1.625800133
-0.228077531 0.085807025 0.969854653 1.383164167 0.039767668 0.996098697 -0.078776948 -0.098540634 -0.972830474 0.020601600 -0.230600148 1.621217370
-0.227305502 0.079594783 0.970565259 1.403220654 0.041770484 0.996533751 -0.071941823 -0.100353584 -0.972927213 0.024188207 -0.229842335 1.616655350
-0.229425266 0.078841284 0.970127821 1.422906637 0.041859686 0.996590972 -0.071092531 -0.101262942 -0.972425640 0.024298823 -0.231943443 1.612828255
-0.227531374 0.080913886 0.970403194 1.442217708 0.037881654 0.996522903 -0.074209630 -0.103144929 -0.973033607 0.019875465 -0.229805410 1.607434988
-0.227146849 0.084205583 0.970213234 1.462038636 0.037605859 0.996270180 -0.077662788 -0.104724139 -0.973134160 0.018844848 -0.229466274 1.602797270
-0.226634398 0.083782360 0.970369637 1.482123256 0.036616459 0.996321917 -0.077471144 -0.106286578 -0.973291397 0.017973874 -0.228868648 1.598038077
-0.226950541 0.079734959 0.970636785 1.502268314 0.035956234 0.996649444 -0.073464677 -0.107860476 -0.973242342 0.018227596 -0.229057103 1.593555689
-0.225931734 0.078589745 0.970967829 1.522187352 0.036688812 0.996719778 -0.072137073 -0.109515779 -0.973451972 0.019325599 -0.228073999 1.588878632
-0.224735990 0.079485759 0.971172333 1.542677283 0.039253309 0.996596873 -0.072483152 -0.110997371 -0.973628819 0.021832161 -0.227091268 1.584333658
-0.224181056 0.079653278 0.971286893 1.562866092 0.040615819 0.996551871 -0.072350755 -0.112885550 -0.973700702 0.023229944 -0.226643264 1.579586744
-0.222765282 0.079827651 0.971598208 1.584038496 0.039902013 0.996553242 -0.072729357 -0.114232346 -0.974055171 0.022567147 -0.225182757 1.575028658
-0.222301647 0.079739437 0.971711695 1.603666186 0.041542832 0.996519446 -0.072271310 -0.116097867 -0.974092603 0.024301628 -0.224840492 1.570483446
-0.221312940 0.077200823 0.972142279 1.624047875 0.041234158 0.996710896 -0.069764726 -0.117914662 -0.974330664 0.024645638 -0.223768309 1.565913200
-0.220061496 0.077349924 0.972414494 1.645075083 0.039737023 0.996734619 -0.070291787 -0.119388074 -0.974676311 0.023172338 -0.222416580 1.561176896
-0.219366416 0.076294005 0.972654879 1.665421724 0.041229043 0.996772170 -0.068887204 -0.120977439 -0.974770963 0.024990089 -0.221803889 1.556821108
-0.217725143 0.076905645 0.972975492 1.686447620 0.040328562 0.996748328 -0.069760278 -0.122622848 -0.975176573 0.024050133 -0.220118657 1.552134156
-0.216122776 0.079561368 0.973119199 1.706836462 0.039212793 0.996577561 -0.072770424 -0.124108851 -0.975578368 0.022431377 -0.218502954 1.547434330
-0.214215443 0.077648491 0.973695278 1.727650523 0.037939839 0.996744573 -0.071139716 -0.125822172 -0.976049244 0.021702612 -0.216464087 1.542660236
-0.214390412 0.076210149 0.973770499 1.748557806 0.033075370 0.996946156 -0.070741907 -0.127376348 -0.976187885 0.017041421 -0.216256410 1.538218021
-0.214856207 0.077313170 0.973580778 1.768838763 0.029290250 0.996923506 -0.072702862 -0.128842711 -0.976206362 0.012895758 -0.216459706 1.533955336
-0.214367524 0.076132454 0.973781526 1.790368319 0.026620181 0.997042775 -0.072090909 -0.130617693 -0.976390243 0.010468292 -0.215760276 1.528978825
-0.215802372 0.073817939 0.973642826 1.811686397 0.024559498 0.997233212 -0.070163004 -0.132040828 -0.976128101 0.008770836 -0.217018232 1.524488211
-0.216708317 0.071634568 0.973604620 1.832712412 0.021660445 0.997411489 -0.068564937 -0.133916706 -0.975996077 0.006230118 -0.217699006 1.519740224
-0.218496457 0.070709057 0.973272681 1.853715658 0.018995417 0.997490585 -0.068204112 -0.135455430 -0.975652874 0.003585364 -0.219291300 1.515119910
-0.219863623 0.070516996 0.972978532 1.875501871 0.019554270 0.997502148 -0.067875683 -0.137208879 -0.975334644 0.004102491 -0.220693335 1.510344744
-0.222532600 0.069737896 0.972427785 1.896712065 0.018004416 0.997562170 -0.067420237 -0.138616413 -0.974759042 0.002504790 -0.223245695 1.505670547
-0.225553617 0.064103313 0.972119451 1.918494940 0.016281875 0.997941554 -0.062028307 -0.140326172 -0.974094689 0.001837221 -0.226133049 1.500669122
-0.229854524 0.064333118 0.971096337 1.939648509 0.013617919 0.997927725 -0.062887348 -0.141700119 -0.973129749 -0.001230630 -0.230254292 1.495837688
-0.234877795 0.069417506 0.969542980 1.960881948 0.011145781 0.997573435 -0.068724304 -0.143372297 -0.971961021 -0.005335501 -0.235081539 1.490727901
-0.241353869 0.072281972 0.967741430 1.981658101 0.013760231 0.997376859 -0.071063675 -0.145073920 -0.970339596 -0.003835151 -0.241715357 1.485489964
-0.249971241 0.068843402 0.965802670 2.002749681 0.013937748 0.997621655 -0.067504093 -0.146619886 -0.968152940 -0.003412967 -0.250336230 1.479852557
-0.261575580 0.065825060 0.962935686 2.023710251 0.015112944 0.997828722 -0.064104959 -0.148514733 -0.965064704 -0.002215498 -0.262002438 1.474712133
-0.273357809 0.067747846 0.959523737 2.043906212 0.016591689 0.997700393 -0.065716535 -0.149751037 -0.961769342 -0.002044013 -0.273853183 1.468712091
-0.287193358 0.067325622 0.955503702 2.064553261 0.019123171 0.997730970 -0.064553209 -0.151618063 -0.957681715 -0.000266993 -0.287829190 1.462584138
-0.300727814 0.065934151 0.951428056 2.084887981 0.018989967 0.997823656 -0.063147008 -0.152874932 -0.953520954 -0.000922471 -0.301325351 1.456164956
-0.315062672 0.069577858 0.946516931 2.103952169 0.024360934 0.997573376 -0.065222062 -0.154136837 -0.948758185 0.002509002 -0.315993071 1.449455619
-0.329931438 0.071747646 0.941274405 2.124047995 0.022669895 0.997422159 -0.068081297 -0.156016171 -0.943732679 -0.001123564 -0.330707371 1.442612648
-0.345034748 0.075044841 0.935585022 2.143565416 0.022559209 0.997173488 -0.071665339 -0.157770559 -0.938318729 -0.003620977 -0.345752478 1.435663700
-0.360357672 0.072587341 0.929985702 2.163235188 0.018727707 0.997329831 -0.070586957 -0.159304366 -0.932626188 -0.008020050 -0.360754848 1.428209066
-0.375029385 0.066618577 0.924616039 2.182312012 0.013054645 0.997695088 -0.066588871 -0.160860315 -0.926920950 -0.012902247 -0.375034630 1.420230389
-0.391023993 0.061564669 0.918319166 2.201992750 0.008949719 0.997967601 -0.063093506 -0.162562042 -0.920336962 -0.016452378 -0.390780151 1.412638545
-0.405245364 0.063232563 0.912018657 2.220728874 0.007795188 0.997807860 -0.065716848 -0.163844377 -0.914174676 -0.019522091 -0.404849887 1.404350996
-0.419336319 0.064575605 0.905531287 2.239884853 0.007338402 0.997675478 -0.067748323 -0.165521279 -0.907801270 -0.021764178 -0.418835402 1.395835519
-0.432974845 0.066796176 0.898927689 2.258086443 0.008624783 0.997511983 -0.069967441 -0.167078465 -0.901364684 -0.022541089 -0.432473719 1.387289524
-0.445678622 0.066685997 0.892705739 2.276950359 0.010872242 0.997551203 -0.069090150 -0.168733239 -0.895126998 -0.021086294 -0.445312262 1.377733231
-0.459486276 0.064646646 0.885829151 2.295419693 0.010590316 0.997675538 -0.067315787 -0.170355469 -0.888121784 -0.021549471 -0.459102869 1.368507385
-0.473148227 0.063128665 0.878718138 2.313515186 0.010321044 0.997758090 -0.066123307 -0.171874315 -0.880922437 -0.022216843 -0.472739041 1.359019756
-0.487532318 0.064414293 0.870725513 2.331945419 0.008896462 0.997589469 -0.068818137 -0.173343509 -0.873059571 -0.025804695 -0.486930251 1.349130988
-0.502264380 0.066076525 0.862185776 2.349812508 0.009384282 0.997433841 -0.070974931 -0.174867213 -0.864663124 -0.027557191 -0.501595676 1.339448929
-0.516173184 0.068374418 0.853750706 2.367809296 0.010946612 0.997253597 -0.073248886 -0.176336035 -0.856414437 -0.028463423 -0.515504003 1.328727722
-0.530314684 0.070780650 0.844841182 2.385571241 0.013541043 0.997088850 -0.075036108 -0.178098515 -0.847692788 -0.028352719 -0.529729307 1.318009615
-0.544690907 0.073314466 0.835426092 2.403055191 0.012629136 0.996775627 -0.079239897 -0.179747939 -0.838541806 -0.032610543 -0.543860555 1.307125092
-0.557547808 0.076020353 0.826656818 2.419466019 0.014797139 0.996550202 -0.081663854 -0.181426108 -0.830012918 -0.033299346 -0.556749105 1.295576215
-0.572218239 0.074162677 0.816741228 2.436860085 0.013811016 0.996632934 -0.080821261 -0.182755932 -0.819985032 -0.034967374 -0.571315825 1.283839226
-0.586865664 0.069169596 0.806724489 2.453902483 0.011410347 0.996951938 -0.077179305 -0.184935570 -0.809603989 -0.036088873 -0.585866213 1.271632314
-0.601637363 0.068982773 0.795785069 2.469995499 0.011033548 0.996886551 -0.078073598 -0.186526895 -0.798693120 -0.038191665 -0.600525320 1.259653807
-0.616525531 0.067272402 0.784455657 2.486636400 0.009211415 0.996891141 -0.078250684 -0.188268393 -0.787280917 -0.041017607 -0.615228534 1.246859789
-0.630783498 0.067966826 0.772976518 2.502693653 0.010510716 0.996813476 -0.079071328 -0.189600110 -0.775887668 -0.041752350 -0.629487932 1.233854532
-0.645764947 0.066209227 0.760660112 2.519335270 0.008079655 0.996770024 -0.079901412 -0.191436276 -0.763493478 -0.045451656 -0.644214153 1.220503330
-0.659425318 0.067201234 0.748760521 2.534585953 0.009842901 0.996683002 -0.080783755 -0.193000719 -0.751705587 -0.045900881 -0.657899499 1.207108021
-0.673263013 0.063720256 0.736652255 2.550250530 0.008594071 0.996886849 -0.078375928 -0.194851637 -0.739353120 -0.046436764 -0.671714604 1.192958355
-0.686890364 0.060085658 0.724273086 2.565929651 0.007948419 0.997138083 -0.075184345 -0.196421146 -0.726717651 -0.045886576 -0.685402036 1.178316116
-0.700457275 0.059258156 0.711229920 2.581375122 0.009905001 0.997258246 -0.073334433 -0.198229238 -0.713625550 -0.044322912 -0.699123740 1.163488626
-0.713747859 0.056159526 0.698147476 2.595877171 0.007612702 0.997343361 -0.072444253 -0.199974105 -0.700361192 -0.046392146 -0.712279260 1.148694038
-0.726998448 0.057514817 0.684226036 2.611142635 0.007174924 0.997067630 -0.076188274 -0.201640919 -0.686601639 -0.050479490 -0.725279272 1.133003473
-0.740730286 0.056798600 0.669397056 2.625334024 0.005262778 0.996879458 -0.078762017 -0.203185797 -0.671781838 -0.054818522 -0.738717854 1.117497921
-0.754845142 0.052831501 0.653771818 2.639905691 0.002841223 0.997004747 -0.077287786 -0.205025792 -0.655896842 -0.056482803 -0.752734363 1.101192236
-0.769685686 0.045436181 0.636804104 2.654118061 -0.000760217 0.997398317 -0.072083548 -0.206653148 -0.638422489 -0.055965792 -0.767648757 1.085210800
-0.784554541 0.042852920 0.618577182 2.667685986 -0.002200046 0.997410357 -0.071887553 -0.208037525 -0.620055735 -0.057760615 -0.782428563 1.068519592
-0.799449563 0.039946940 0.599403560 2.680842876 -0.003320890 0.997477531 -0.070905589 -0.210362345 -0.600724041 -0.058675986 -0.797300279 1.051156282
-0.814316452 0.036141168 0.579294801 2.693444252 -0.006215334 0.997459352 -0.070966609 -0.212009788 -0.580387950 -0.061389793 -0.812022924 1.033486366
-0.828388810 0.033111103 0.559174061 2.705818892 -0.007403099 0.997517109 -0.070034601 -0.213654757 -0.560104549 -0.062155500 -0.826086879 1.015542150
-0.842360258 0.034839489 0.537787497 2.717992544 -0.005251983 0.997330070 -0.072836444 -0.215527892 -0.538889229 -0.064178966 -0.839928210 0.997180343
-0.855247915 0.034366805 0.517078340 2.729079247 -0.002278593 0.997539520 -0.070068702 -0.217279643 -0.518214166 -0.061104327 -0.853065252 0.979117274
-0.867480099 0.036268335 0.496148050 2.740760803 0.001871161 0.997569680 -0.069650568 -0.218954623 -0.497468442 -0.059492111 -0.865439713 0.959197640
-0.879296482 0.037321374 0.474810332 2.751056910 0.003688549 0.997428834 -0.071569815 -0.220820501 -0.476260602 -0.061179727 -0.877173245 0.939813912
-0.890468955 0.038911913 0.453377217 2.761106968 0.004897205 0.997098863 -0.075959295 -0.222491592 -0.455017626 -0.065419123 -0.888076186 0.920094669
-0.901286423 0.038865857 0.431476712 2.771121502 0.006788365 0.997112334 -0.075636439 -0.224143684 -0.433170468 -0.065241084 -0.898947597 0.900992274
-0.910769880 0.037203074 0.411234945 2.780140877 0.007558605 0.997268081 -0.073479384 -0.225624859 -0.412845224 -0.063814446 -0.908562899 0.881129026
-0.919018626 0.039155707 0.392265022 2.789277077 0.010746671 0.997173607 -0.074359544 -0.227651805 -0.394068003 -0.064122252 -0.916841745 0.860520482
-0.926901281 0.041295603 0.373026550 2.797785044 0.012970892 0.996859014 -0.078126244 -0.229234681 -0.375081182 -0.067576818 -0.924525499 0.841151178
-0.933522642 0.038496878 0.356445491 2.805490732 0.011042389 0.996834040 -0.078740440 -0.231381327 -0.358348191 -0.069569983 -0.930992186 0.820274115
-0.939982653 0.036069803 0.339310497 2.813571930 0.010022424 0.996886730 -0.078207441 -0.233059064 -0.341075003 -0.070112921 -0.937417746 0.799371362
-0.945663095 0.034529652 0.323309511 2.820969105 0.009524895 0.996860266 -0.078605466 -0.234723538 -0.325008690 -0.071254805 -0.943022907 0.779193640
-0.950306594 0.032486022 0.309616089 2.827568054 0.008575940 0.996894836 -0.078275584 -0.236397937 -0.311197579 -0.071730532 -0.947634339 0.757967889
-0.955052972 0.029523076 0.294961363 2.834733725 0.007287511 0.997065783 -0.076201469 -0.238894954 -0.296345621 -0.070626900 -0.952465773 0.736426115
-0.959291935 0.024996024 0.281307966 2.841337204 0.004909361 0.997400880 -0.071884021 -0.240913436 -0.282373667 -0.067576714 -0.956921399 0.715371251
-0.962846100 0.021706354 0.269176781 2.847343922 0.003272841 0.997629106 -0.068741605 -0.242478907 -0.270030737 -0.065306619 -0.960634410 0.693882346
-0.966143548 0.022021113 0.257063538 2.853378773 0.005200626 0.997810662 -0.065930568 -0.243835971 -0.257952601 -0.062361512 -0.964142859 0.672739804
-0.968443632 0.025886234 0.247884661 2.859176874 0.009265867 0.997643471 -0.067982271 -0.245458394 -0.249060377 -0.063540131 -0.966401398 0.651516378
-0.969905496 0.031327222 0.241458163 2.864274263 0.015159152 0.997533917 -0.068529554 -0.247234225 -0.243009567 -0.062806882 -0.967988431 0.631230235
-0.971250832 0.033444144 0.235697955 2.869706392 0.017048594 0.997312069 -0.071259804 -0.248755068 -0.237447664 -0.065192826 -0.969210207 0.609334409
-0.972465158 0.031478427 0.230912492 2.875065088 0.015718425 0.997438848 -0.069776140 -0.250618696 -0.232517526 -0.064225294 -0.970469356 0.587711751
-0.973949611 0.024085782 0.225482076 2.880226135 0.009244021 0.997733712 -0.066648252 -0.252101541 -0.226576358 -0.062827684 -0.971964955 0.567212582
-0.975293875 0.017040528 0.220253199 2.885503292 0.002925603 0.997929335 -0.064252943 -0.253737807 -0.220892042 -0.062021129 -0.973324239 0.545463562
-0.976409256 0.009522277 0.215717971 2.890621185 -0.004978842 0.997768700 -0.066579610 -0.255094171 -0.215870604 -0.066082977 -0.974183202 0.524166107
-0.977389634 0.006998993 0.211330086 2.895881414 -0.007859702 0.997558773 -0.069388598 -0.256620228 -0.211299807 -0.069480687 -0.974948585 0.502669930
-0.977644205 0.007313673 0.210138887 2.900271654 -0.007738349 0.997466326 -0.070717491 -0.258481383 -0.210123673 -0.070762686 -0.975110590 0.481002152
-0.978144526 0.007657626 0.207785547 2.905520201 -0.007616120 0.997331381 -0.072607823 -0.260258317 -0.207787052 -0.072603472 -0.975475907 0.459831387
-0.977849782 0.010651258 0.209036499 2.909683704 -0.005089467 0.997199059 -0.074619301 -0.261806875 -0.209245816 -0.074030370 -0.975056708 0.438513160
-0.977752209 0.009940713 0.209527552 2.914525747 -0.006207306 0.997067809 -0.076270506 -0.263730645 -0.209671348 -0.075874262 -0.974823534 0.417056233
-0.977496803 0.011138256 0.210655510 2.919189692 -0.005287966 0.996997535 -0.077253059 -0.265734494 -0.210883468 -0.076628558 -0.974503040 0.395883381
-0.977312446 0.011700012 0.211479217 2.924413443 -0.004666862 0.997041166 -0.076727994 -0.267555982 -0.211751163 -0.075974159 -0.974366128 0.375416279
-0.976618588 0.009520426 0.214768991 2.929058552 -0.007494937 0.996903777 -0.078273140 -0.269182295 -0.214849219 -0.078052692 -0.973523319 0.352761716
-0.975805938 0.009116762 0.218448058 2.934098482 -0.008658914 0.996734977 -0.080277272 -0.270554751 -0.218466714 -0.080226563 -0.972540975 0.331617445
-0.974981129 0.006654566 0.222187787 2.939123631 -0.010981212 0.996889412 -0.078043625 -0.272344708 -0.222015992 -0.078530967 -0.971875429 0.311435401
-0.973667800 0.004241411 0.227932066 2.944511175 -0.012989803 0.997170329 -0.074044697 -0.274267584 -0.227601171 -0.075055726 -0.970857561 0.290181398
-0.972110927 0.001430964 0.234517008 2.949826479 -0.015927952 0.997269571 -0.072109036 -0.275713623 -0.233979866 -0.073833354 -0.969433904 0.269682616
-0.970405519 0.003657136 0.241453603 2.954714775 -0.013683995 0.997445762 -0.070103824 -0.277992010 -0.241093278 -0.071333177 -0.967876911 0.250008225
-0.968012810 0.003359220 0.250877976 2.960451365 -0.015097097 0.997318745 -0.071606107 -0.279244244 -0.250445843 -0.073103175 -0.965366602 0.228004515
-0.965665579 0.004540441 0.259748638 2.966207027 -0.015491551 0.997061551 -0.075021580 -0.280822605 -0.259326041 -0.076469675 -0.962757707 0.207598925
-0.962596118 0.007033771 0.270848989 2.972113132 -0.013327911 0.997223496 -0.073264547 -0.282584459 -0.270612389 -0.074134029 -0.959829688 0.186945319
-0.959124744 0.009773725 0.282814860 2.978174210 -0.011624535 0.997199059 -0.073884837 -0.284475714 -0.282744884 -0.074152365 -0.956324697 0.166532934
-0.954798698 0.012121255 0.297005922 2.984398842 -0.010551346 0.997156680 -0.074615344 -0.286352754 -0.297065824 -0.074376456 -0.951955914 0.146018624
-0.950810432 0.013168312 0.309493512 2.991436958 -0.010542785 0.997141600 -0.074815318 -0.288096160 -0.309594065 -0.074398108 -0.947953820 0.125988662
-0.945933878 0.013420102 0.324081540 2.998244286 -0.010722180 0.997303903 -0.072594024 -0.289742976 -0.324182004 -0.072144032 -0.943239689 0.105422556
-0.941026688 0.015782742 0.337963700 3.005404711 -0.009457488 0.997293949 -0.072906598 -0.291447043 -0.338199764 -0.071803354 -0.938331008 0.085509121
-0.935698926 0.018553019 0.352311283 3.013122797 -0.007503233 0.997343898 -0.072448753 -0.293165922 -0.352719635 -0.070433676 -0.933074474 0.064683139
-0.930079758 0.021054121 0.366753876 3.020864725 -0.004838094 0.997567654 -0.069536358 -0.294981778 -0.367325842 -0.066448741 -0.927715719 0.045060635
-0.923770905 0.023023531 0.382252872 3.028960705 -0.002905279 0.997740924 -0.067116119 -0.296624839 -0.382934630 -0.063110456 -0.921617150 0.024740696
-0.917588294 0.026378136 0.396655917 3.037265539 0.000206483 0.997827530 -0.065879181 -0.298233986 -0.397531956 -0.060368050 -0.915600300 0.005440235
-0.910220385 0.030027792 0.413034111 3.045864344 0.003861350 0.997939765 -0.064041331 -0.299867630 -0.414106160 -0.056696847 -0.908461034 -0.013631940
-0.901566923 0.033687908 0.431326091 3.054470539 0.007444926 0.998024285 -0.062387247 -0.301614702 -0.432575613 -0.053035080 -0.900036454 -0.032737255
-0.892767847 0.036476996 0.449037910 3.064027786 0.009804600 0.998053849 -0.061582286 -0.303095043 -0.450410306 -0.050576042 -0.891387999 -0.051492929
-0.883175015 0.037907213 0.467509538 3.073482513 0.010739085 0.998101771 -0.060642116 -0.304700971 -0.468920887 -0.048536971 -0.881905496 -0.070113778
-0.873550713 0.041302726 0.484977454 3.083468914 0.013606882 0.998075962 -0.060491368 -0.306105673 -0.486542910 -0.046243250 -0.872431934 -0.088049769
-0.863082290 0.046806671 0.502889752 3.094503880 0.018525666 0.997960210 -0.061090972 -0.306924850 -0.504723489 -0.043410163 -0.862188935 -0.106110811
-0.851160407 0.045238517 0.522952616 3.104211807 0.017420193 0.998164892 -0.057994023 -0.309063733 -0.524616539 -0.040252276 -0.850386500 -0.123573303
-0.838357925 0.045826308 0.543190479 3.115329981 0.018336590 0.998266876 -0.055918258 -0.310853422 -0.544811666 -0.036919259 -0.837745368 -0.140935898
-0.824043036 0.050681937 0.564255595 3.126718521 0.021888947 0.998094976 -0.057683002 -0.311803848 -0.566104174 -0.035182323 -0.823582530 -0.157622337
-0.809807479 0.053272877 0.584272146 3.137991428 0.022394959 0.997950017 -0.059951637 -0.313142538 -0.586268187 -0.035464525 -0.809340417 -0.172962785
-0.793551803 0.054321025 0.606073201 3.151040554 0.022687338 0.997956157 -0.059739348 -0.314868987 -0.608079612 -0.033656079 -0.793162227 -0.190625906
-0.778855562 0.054744322 0.624809623 3.163104773 0.022238303 0.997967541 -0.059718408 -0.316072941 -0.626808941 -0.032617308 -0.778490067 -0.204555511
-0.759612024 0.054111928 0.648121536 3.176110744 0.021091422 0.998058140 -0.058608700 -0.317793608 -0.650034428 -0.030850066 -0.759278297 -0.220822215
