0.999996424 -0.002431700 -0.001131657 -0.000432965 0.002435137 0.999992371 0.003046362 -0.000949312 0.001124240 -0.003049108 0.999994695 0.066522017
0.999994636 -0.002229461 -0.002352681 -0.001148006 0.002239275 0.999988735 0.004177127 -0.001911957 0.002343345 -0.004182374 0.999988496 0.132217064
0.999992311 -0.001155903 -0.003755905 -0.001907227 0.001169159 0.999993086 0.003528964 -0.002234024 0.003751792 -0.003533329 0.999986649 0.197927952
0.999987125 -0.000151693 -0.005080454 -0.002690176 0.000169673 0.999993742 0.003538794 -0.003134857 0.005079880 -0.003539611 0.999980748 0.263838619
0.999979138 -0.000304598 -0.006454579 -0.003434746 0.000330388 0.999991953 0.003994893 -0.003951382 0.006453313 -0.003996943 0.999971211 0.329700261
0.999968112 -0.000596550 -0.007978290 -0.004468053 0.000630995 0.999990523 0.004315484 -0.004613567 0.007975643 -0.004320382 0.999958873 0.394247770
0.999947965 -0.002483608 -0.009894799 -0.004904174 0.002520589 0.999989867 0.003726758 -0.005425015 0.009885439 -0.003751505 0.999944091 0.459695160
0.999928176 -0.004173098 -0.011234421 -0.005768469 0.004217869 0.999983311 0.003964451 -0.006152207 0.011217687 -0.004011553 0.999929011 0.524885356
0.999910772 -0.003898970 -0.012772016 -0.006501483 0.003947524 0.999985218 0.003778683 -0.006643416 0.012757090 -0.003828765 0.999911308 0.582885504
0.999908686 -0.002972231 -0.013183708 -0.008663868 0.003023657 0.999987900 0.003882535 -0.007396957 0.013172005 -0.003922044 0.999905527 0.654901862
0.999898493 -0.001818448 -0.014129312 -0.009202662 0.001877760 0.999989510 0.004185670 -0.007702390 0.014121545 -0.004211777 0.999891400 0.712142289
0.999889612 -0.000974389 -0.014831316 -0.010613283 0.001054293 0.999985039 0.005380644 -0.008994250 0.014825849 -0.005395688 0.999875486 0.784580290
0.999888480 0.000201008 -0.014926206 -0.012434714 -0.000112476 0.999982476 0.005931915 -0.009238726 0.014927132 -0.005929578 0.999870956 0.840669870
0.999872208 0.000666348 -0.015972441 -0.012479247 -0.000570633 0.999981880 0.005996354 -0.009945167 0.015976150 -0.005986473 0.999854386 0.912092865
0.999854088 0.000762609 -0.017067097 -0.013327130 -0.000659865 0.999981642 0.006024780 -0.010244844 0.017071381 -0.006012639 0.999836147 0.967019022
0.999856055 0.001648419 -0.016888410 -0.014390248 -0.001541620 0.999978721 0.006334883 -0.010331590 0.016898490 -0.006307937 0.999837279 1.039083719
0.999862909 0.001620716 -0.016476689 -0.015633075 -0.001508506 0.999975622 0.006820390 -0.010563538 0.016487338 -0.006794601 0.999840975 1.094515324
0.999873102 0.003390207 -0.015570087 -0.017272461 -0.003300857 0.999978006 0.005760740 -0.010744352 0.015589271 -0.005708616 0.999862194 1.147826672
0.999855459 0.004223674 -0.016465537 -0.018866198 -0.004157885 0.999983311 0.004027680 -0.011374426 0.016482269 -0.003958638 0.999856293 1.226782560
0.999865055 0.003186977 -0.016111961 -0.019712990 -0.003115894 0.999985397 0.004434938 -0.012079202 0.016125854 -0.004384139 0.999860346 1.281028986
0.999879181 0.001773534 -0.015440539 -0.022528255 -0.001670223 0.999976218 0.006701204 -0.011896756 0.015452053 -0.006674606 0.999858320 1.330240607
0.999879241 -0.000519220 -0.015535226 -0.022073643 0.000632854 0.999973118 0.007310499 -0.012750784 0.015531012 -0.007319448 0.999852598 1.388043284
0.999879539 -0.001141664 -0.015481442 -0.023314159 0.001255139 0.999972403 0.007321951 -0.014293207 0.015472654 -0.007340500 0.999853313 1.473871589
0.999894559 0.000641597 -0.014509878 -0.025685955 -0.000569216 0.999987304 0.004991993 -0.013725059 0.014512896 -0.004983208 0.999882221 1.522997260
0.999895632 0.000253679 -0.014450135 -0.025338367 -0.000190889 0.999990463 0.004346550 -0.015199273 0.014451100 -0.004343338 0.999886096 1.576362014
0.999907196 0.001869919 -0.013486548 -0.027286476 -0.001823307 0.999992371 0.003467693 -0.015624082 0.013492930 -0.003442783 0.999903023 1.651020408
0.999924660 0.002156835 -0.012073533 -0.028435068 -0.002102331 0.999987602 0.004525230 -0.016316267 0.012083142 -0.004499509 0.999916852 1.701006293
0.999936759 0.003005889 -0.010819946 -0.028749827 -0.002934545 0.999973893 0.006603696 -0.016915359 0.010839513 -0.006571529 0.999919713 1.750291467
0.999956071 0.002160657 -0.009122025 -0.029951876 -0.002091684 0.999969184 0.007563951 -0.017418327 0.009138089 -0.007544538 0.999929786 1.824647307
0.999972224 0.002015043 -0.007180308 -0.029751748 -0.001954739 0.999962866 0.008395647 -0.018098338 0.007196960 -0.008381378 0.999938965 1.871340871
0.999994338 0.001577129 -0.002969935 -0.030501097 -0.001553706 0.999967813 0.007872465 -0.018929847 0.002982258 -0.007867807 0.999964595 1.919221282
0.999998391 0.001730222 0.000547854 -0.030849019 -0.001733423 0.999981225 0.005896511 -0.019147450 -0.000537639 -0.005897451 0.999982476 1.965694070
0.999991119 0.001980151 0.003702559 -0.031731930 -0.001995468 0.999989450 0.004137888 -0.019762170 -0.003694324 -0.004145242 0.999984562 2.040830612
0.999971092 0.001788060 0.007386243 -0.031402409 -0.001822731 0.999987304 0.004689888 -0.020765983 -0.007377760 -0.004703216 0.999961734 2.084422112
0.999907494 0.001931542 0.013458828 -0.031541374 -0.001997507 0.999986053 0.004889486 -0.021729447 -0.013449191 -0.004915920 0.999897480 2.128684998
0.999793768 0.004274468 0.019852450 -0.030458111 -0.004347505 0.999983907 0.003637326 -0.021696892 -0.019836580 -0.003722886 0.999796212 2.198902369
0.999608636 0.005563919 0.027413739 -0.029386546 -0.005666840 0.999977171 0.003678108 -0.022363285 -0.027392644 -0.003832019 0.999617279 2.243713617
0.999320269 0.007076991 0.036178298 -0.028718233 -0.007241901 0.999963880 0.004429257 -0.022835650 -0.036145650 -0.004688248 0.999335408 2.287119627
0.998908758 0.008117022 0.045993079 -0.025748312 -0.008376427 0.999950051 0.005450153 -0.023842972 -0.045946546 -0.005829463 0.998926818 2.352343559
0.998205960 0.010256798 0.058987930 -0.024015352 -0.010600596 0.999928653 0.005518317 -0.024240419 -0.058927115 -0.006133725 0.998243511 2.395014763
0.997174978 0.013485144 0.073892027 -0.021327615 -0.013942557 0.999886751 0.005677972 -0.024811473 -0.073807083 -0.006692177 0.997250080 2.437265158
0.995819926 0.015086493 0.090084203 -0.016244009 -0.015775450 0.999851406 0.006940788 -0.025317831 -0.089966096 -0.008332895 0.995909929 2.502156258
0.993990898 0.015986215 0.108289011 -0.012908548 -0.016906163 0.999828279 0.007582533 -0.025491109 -0.108149193 -0.009367722 0.994090497 2.541987181
0.991716385 0.015638484 0.127492085 -0.008249313 -0.016607633 0.999840617 0.006542135 -0.025626106 -0.127369449 -0.008605286 0.991818011 2.581513166
0.988937497 0.013832820 0.147686407 0.000253946 -0.014915170 0.999869287 0.006223707 -0.027482755 -0.147581041 -0.008357625 0.989014566 2.645742655
0.985608995 0.010668947 0.168704629 0.007234335 -0.011874986 0.999910533 0.006141484 -0.027960777 -0.168624029 -0.008056466 0.985647440 2.685779810
0.981581211 0.005485300 0.190966591 0.014229685 -0.007202118 0.999939620 0.008297222 -0.028545182 -0.190909550 -0.009519760 0.981561482 2.724744558
0.976865411 0.000467957 0.213854581 0.026242971 -0.002491047 0.999954760 0.009190736 -0.028485719 -0.213840574 -0.009510834 0.976822257 2.782441854
0.971350789 -0.004651163 0.237604812 0.035593808 0.002660624 0.999958694 0.008697516 -0.028821573 -0.237635434 -0.007816163 0.971323013 2.820058107
0.964862525 -0.010655035 0.262539208 0.046015799 0.009146082 0.999934018 0.006968938 -0.029400770 -0.262596130 -0.004322863 0.964896083 2.857148647
0.957182050 -0.013779114 0.289158762 0.061645448 0.012112267 0.999898136 0.007553172 -0.029641772 -0.289233387 -0.003727393 0.957251310 2.911843300
0.948679745 -0.016883923 0.315787643 0.073707461 0.014623822 0.999847770 0.009525484 -0.029842326 -0.315900326 -0.004418612 0.948782027 2.947292089
0.938847780 -0.021657579 0.343650997 0.086651504 0.018374404 0.999749184 0.012807697 -0.030524142 -0.343842179 -0.005710093 0.939009964 2.982678890
0.927791774 -0.024626873 0.372284740 0.106371641 0.021527991 0.999690354 0.012479041 -0.031010531 -0.372476786 -0.003563408 0.928034544 3.033340693
0.915628433 -0.023791019 0.401321083 0.121266484 0.022292171 0.999716222 0.008404547 -0.030938901 -0.401407063 0.001250875 0.915898800 3.067412376
0.902213335 -0.024715004 0.430581272 0.136253238 0.025727013 0.999662995 0.003473026 -0.031594642 -0.430521905 0.007944158 0.902545094 3.100127697
0.887992442 -0.026824089 0.459075093 0.152887940 0.029648943 0.999559879 0.001054829 -0.031858388 -0.458901286 0.012674407 0.888396859 3.131487131
0.872374058 -0.027467772 0.488066792 0.170269608 0.028769713 0.999574423 0.004831586 -0.032809101 -0.487991691 0.009826589 0.872792840 3.162349224
0.855292737 -0.026532380 0.517465234 0.203495741 0.025734801 0.999630749 0.008719029 -0.031343125 -0.517505527 0.005859540 0.855659783 3.217459679
0.835744917 -0.026859591 0.548460484 0.222754240 0.024056796 0.999634981 0.012297040 -0.031977884 -0.548590481 0.002917011 0.836086154 3.246973515
0.814152777 -0.020275051 0.580296576 0.242332339 0.019486656 0.999781251 0.007591814 -0.032057449 -0.580323458 0.005127138 0.814369977 3.276282787
0.792392313 -0.014259743 0.609845161 0.263280630 0.016581615 0.999860883 0.001834256 -0.033818245 -0.609786391 0.008658765 0.792518556 3.302343369
0.769862592 -0.011279832 0.638109803 0.299726248 0.016317312 0.999864995 -0.002011851 -0.032326318 -0.638000906 0.011961090 0.769942522 3.349719524
0.746643364 -0.013842958 0.665080309 0.323232055 0.016926015 0.999855220 0.001809189 -0.033447601 -0.665009081 0.009906340 0.746769428 3.375430584
0.721314073 -0.013803813 0.692470372 0.347274542 0.017455349 0.999846160 0.001748665 -0.033240572 -0.692388058 0.010825975 0.721444070 3.403063297
0.696310759 -0.011955515 0.717640758 0.383062363 0.018298920 0.999831975 -0.001098363 -0.033873811 -0.717507064 0.013896849 0.696412504 3.437418461
0.670677900 -0.009671949 0.741685629 0.408821464 0.018535776 0.999821305 -0.003723022 -0.033996016 -0.741517067 0.016244665 0.670737267 3.459439039
0.643186390 -0.007231474 0.765675485 0.443350792 0.016844552 0.999846995 -0.004706719 -0.034708813 -0.765524328 0.015924754 0.643209815 3.489859581
0.615073562 -0.005519884 0.788450360 0.470908642 0.016408920 0.999848545 -0.005800808 -0.035431951 -0.788298965 0.016505541 0.615070999 3.511455297
0.586200833 0.000487131 0.810165584 0.507162809 0.015575554 0.999808311 -0.011870957 -0.036429986 -0.810015976 0.019577544 0.586080730 3.538502216
0.556353927 0.009780211 0.830887854 0.535968900 0.014603758 0.999661148 -0.021545336 -0.036991607 -0.830817103 0.024120916 0.556022525 3.557537079
0.525155663 0.018302789 0.850809336 0.574871182 0.013551974 0.999462128 -0.029865487 -0.038230877 -0.850898266 0.027214171 0.524625123 3.582547665
0.493760258 0.023197025 0.869288623 0.605481863 0.010930975 0.999399602 -0.032877896 -0.039382719 -0.869529366 0.025735971 0.493210316 3.599759817
0.460764378 0.022803621 0.887229502 0.647339106 0.008934233 0.999500096 -0.030329017 -0.041134171 -0.887477517 0.021901244 0.460330218 3.622560024
0.427600801 0.021883799 0.903702736 0.679796338 0.004810048 0.999637723 -0.026482880 -0.041941274 -0.903954804 0.015670953 0.427340686 3.638211727
0.393253446 0.022658337 0.919150829 0.723608851 0.000558341 0.999690175 -0.024882626 -0.044092875 -0.919429958 0.010298375 0.393119007 3.657879353
0.358152181 0.025794266 0.933306754 0.757338881 -0.006477861 0.999662936 -0.025142327 -0.045182992 -0.933640718 0.002958948 0.358198553 3.671059608
0.322023124 0.027509533 0.946332097 0.802675962 -0.011445201 0.999617815 -0.025163891 -0.046967085 -0.946662605 -0.002727607 0.322214812 3.687908649
0.286033392 0.026705559 0.957847536 0.838062704 -0.014080650 0.999620736 -0.023665456 -0.048314989 -0.958116174 -0.006718006 0.286300927 3.698745251
0.250086844 0.026099186 0.967871606 0.873976350 -0.014730611 0.999623418 -0.023149176 -0.049645435 -0.968111336 -0.008468037 0.250377089 3.707951784
0.213415250 0.025787292 0.976621151 0.928342223 -0.014037740 0.999629319 -0.023327228 -0.051416211 -0.976860702 -0.008731171 0.213698149 3.721688271
0.178844154 0.025085399 0.983557522 0.965263903 -0.011275258 0.999661505 -0.023445899 -0.052066177 -0.983812749 -0.006896704 0.179066449 3.727618694
0.143474758 0.023705186 0.989369988 1.014871836 -0.003430196 0.999719024 -0.023455711 -0.054006845 -0.989647985 -0.000028431 0.143515766 3.735729218
0.109735556 0.026695743 0.993602157 1.052405000 -0.001365245 0.999642372 -0.026707249 -0.055632170 -0.993959904 0.001574223 0.109732769 3.739525318
0.076776542 0.031751316 0.996542633 1.102262616 -0.000559180 0.999493957 -0.031802278 -0.057300232 -0.997048080 0.001884420 0.076755464 3.744317770
0.047723517 0.035559051 0.998227417 1.140648484 0.006534586 0.999333620 -0.035910867 -0.058860682 -0.998839140 0.008236793 0.047459364 3.745846033
0.022235906 0.033769883 0.999182224 1.191615582 0.008569847 0.999386251 -0.033967488 -0.060914617 -0.999716043 0.009318136 0.021932850 3.746995449
-0.000070017 0.030737402 0.999527514 1.230161667 0.010260434 0.999475062 -0.030735068 -0.062221475 -0.999947309 0.010253434 -0.000385357 3.747246265
-0.018942425 0.028328246 0.999419093 1.282134056 0.010602711 0.999547958 -0.028130939 -0.064266250 -0.999764323 0.010063682 -0.019234220 3.746282339
-0.035897747 0.031716987 0.998851895 1.321366310 0.012390939 0.999433577 -0.031290133 -0.065671161 -0.999278665 0.011253470 -0.036270417 3.745412350
-0.049630687 0.035798069 0.998125851 1.373066306 0.015415413 0.999265850 -0.035072453 -0.067721732 -0.998648584 0.013645849 -0.050146095 3.741731167
-0.061858095 0.041326392 0.997229040 1.411809325 0.019673212 0.998998761 -0.040179409 -0.069149241 -0.997891009 0.017133275 -0.062609181 3.739244223
-0.070455857 0.044430315 0.996524870 1.463567019 0.025549693 0.998760164 -0.042723559 -0.071591109 -0.997187614 0.022450780 -0.071503691 3.735212803
-0.076256163 0.049805369 0.995843649 1.503063202 0.028371545 0.998455703 -0.047763467 -0.073824681 -0.996684492 0.024611358 -0.077551462 3.732060671
-0.079625227 0.054609977 0.995327890 1.554490089 0.031508025 0.998137236 -0.052243505 -0.076500140 -0.996326685 0.027200915 -0.081197545 3.727679968
-0.082721539 0.058568276 0.994850278 1.594773412 0.033167612 0.997880399 -0.055988785 -0.078797288 -0.996020496 0.028365323 -0.084488750 3.724450350
-0.085349560 0.061461341 0.994453609 1.646798253 0.033922706 0.997696161 -0.058750309 -0.082352929 -0.995773375 0.028720247 -0.087237872 3.719955206
-0.088099614 0.064793624 0.994002223 1.686485052 0.035319410 0.997457981 -0.061888486 -0.084975138 -0.995485187 0.029655216 -0.090164125 3.716814756
-0.089591987 0.068818994 0.993598104 1.739190578 0.035947412 0.997183442 -0.065825969 -0.088564694 -0.995329559 0.029819801 -0.091813520 3.711391926
-0.091829002 0.070479721 0.993277490 1.779372931 0.039482586 0.996965408 -0.067091219 -0.091055870 -0.994991720 0.033056241 -0.094333068 3.707526445
-0.094599597 0.069089934 0.993115008 1.832947493 0.038464900 0.997097611 -0.065703019 -0.095084302 -0.994772017 0.031984583 -0.096982561 3.703418493
-0.097265102 0.068624288 0.992889822 1.873302937 0.037107013 0.997176528 -0.065285504 -0.098083846 -0.994566560 0.030493172 -0.099536903 3.699916601
-0.098471016 0.070214383 0.992659748 1.926604986 0.037398130 0.997064173 -0.066816047 -0.101497807 -0.994437039 0.030544173 -0.100807779 3.693107128
-0.100577220 0.072126552 0.992311478 1.966653585 0.036831077 0.996955037 -0.068731003 -0.104692414 -0.994247317 0.029635120 -0.102927461 3.689020395
-0.103990093 0.074202955 0.991806388 2.019745350 0.035012543 0.996867955 -0.070910603 -0.108772382 -0.993961811 0.027351663 -0.106262438 3.684452295
-0.106055580 0.078068174 0.991290808 2.061478138 0.031654183 0.996673048 -0.075105444 -0.111716904 -0.993856192 0.023413150 -0.108173922 3.679168701
-0.108763561 0.082095049 0.990671873 2.113880396 0.029630445 0.996408939 -0.079317406 -0.116138823 -0.993625939 0.020727204 -0.110805482 3.674593925
-0.111081511 0.084677771 0.990197301 2.154990196 0.027215501 0.996248960 -0.082142219 -0.119383693 -0.993438601 0.017824233 -0.112969384 3.669798613
-0.114271924 0.083178379 0.989961267 2.210216284 0.025237419 0.996410131 -0.080807075 -0.124060296 -0.993128896 0.015750082 -0.115960911 3.663974285
-0.117423400 0.078563280 0.989969492 2.251396179 0.022602161 0.996819079 -0.076425955 -0.127754569 -0.992824733 0.013401252 -0.118825585 3.659479141
-0.119540580 0.077033155 0.989836335 2.306614637 0.023359494 0.996927619 -0.074763983 -0.132161796 -0.992554426 0.014184748 -0.120972775 3.652812719
-0.122018874 0.077337414 0.989510119 2.347872972 0.022680363 0.996916592 -0.075119540 -0.135717213 -0.992268503 0.013276454 -0.123396680 3.648237467
-0.122591116 0.080409072 0.989194572 2.403709650 0.023641814 0.996666193 -0.078086495 -0.139975190 -0.992175579 0.013813638 -0.124083422 3.640733480
-0.122807816 0.083512075 0.988910556 2.445756197 0.024767481 0.996400714 -0.081068888 -0.143151462 -0.992121398 0.014536926 -0.124434173 3.635086298
-0.123776861 0.084075667 0.988741934 2.501645803 0.023169620 0.996377409 -0.081824429 -0.148149788 -0.992039502 0.012780805 -0.125276491 3.629115105
-0.123571187 0.082417570 0.988907278 2.544291496 0.020692667 0.996542275 -0.080468208 -0.152231008 -0.992119968 0.010519577 -0.124849349 3.623769045
-0.123837471 0.082114622 0.988899112 2.600214481 0.016263774 0.996604264 -0.080717765 -0.156779885 -0.992169142 0.006087346 -0.124752454 3.617319584
-0.124033414 0.082764760 0.988820374 2.643099070 0.012730889 0.996566117 -0.081816189 -0.160751000 -0.992196262 0.002440620 -0.124661177 3.612661362
-0.125287756 0.083338633 0.988614082 2.685189247 0.008689920 0.996519685 -0.082903795 -0.164387077 -0.992082357 -0.001795854 -0.125575930 3.608677626
-0.124585614 0.082457550 0.988776684 2.749027967 0.004899845 0.996579647 -0.082490928 -0.169948027 -0.992196739 -0.005432329 -0.124563500 3.599894047
-0.125122413 0.077918075 0.989076972 2.792518616 0.004950462 0.996947825 -0.077911891 -0.173064843 -0.992128968 -0.004852138 -0.125126272 3.594466448
-0.125356302 0.069326155 0.989686668 2.836413383 0.008393828 0.997593939 -0.068816863 -0.176586762 -0.992076218 -0.000319369 -0.125636593 3.588998795
-0.124589145 0.063306384 0.990186810 2.902245998 0.014400025 0.997972727 -0.061992317 -0.182224661 -0.992103994 0.006535145 -0.125248194 3.580024242
-0.123965703 0.065846667 0.990099370 2.946120739 0.023716854 0.997707486 -0.063383169 -0.184994429 -0.992003024 0.015624705 -0.125243187 3.574176311
-0.122245893 0.071405463 0.989927888 3.003809690 0.028555714 0.997248769 -0.068407208 -0.189046457 -0.992088974 0.019905597 -0.123948589 3.566238165
-0.120425805 0.077756621 0.989672422 3.047585726 0.032183319 0.996709585 -0.074393362 -0.191975251 -0.992200613 0.022892065 -0.122532010 3.560000896
-0.120551988 0.081908688 0.989322066 3.103674650 0.032883044 0.996372819 -0.078485534 -0.196375310 -0.992162228 0.023070339 -0.122808129 3.553634167
-0.120026790 0.078490153 0.989663005 3.146853924 0.029090224 0.996719778 -0.075521737 -0.200118437 -0.992344379 0.019724891 -0.121916346 3.548026562
-0.120261453 0.074366905 0.989952862 3.206631184 0.029680647 0.997013748 -0.071291670 -0.204615995 -0.992298424 0.020808805 -0.122109607 3.541203022
-0.120328128 0.072475262 0.990085065 3.249835491 0.026853886 0.997204185 -0.069732741 -0.208061084 -0.992370903 0.018196819 -0.121937945 3.536326885
-0.120532461 0.073077351 0.990015924 3.309514046 0.025142396 0.997191608 -0.070545979 -0.212265119 -0.992390871 0.016388290 -0.122031286 3.529789209
-0.119865030 0.078850560 0.989653885 3.354053497 0.025919307 0.996749818 -0.076276623 -0.215412870 -0.992451727 0.016508242 -0.121519186 3.523562908
-0.118971437 0.082209334 0.989488423 3.414789677 0.024514230 0.996505857 -0.079844877 -0.219368890 -0.992594957 0.014757287 -0.120571032 3.516111374
-0.118575647 0.081264362 0.989614069 3.458750248 0.024687905 0.996578574 -0.078878164 -0.222338140 -0.992638052 0.015078465 -0.120176204 3.511283875
-0.117930956 0.074452661 0.990226686 3.521179914 0.026594907 0.997064412 -0.071799450 -0.228097945 -0.992665529 0.017867608 -0.119564809 3.503288984
-0.118249804 0.073141240 0.990286469 3.566925049 0.026202595 0.997166157 -0.070520520 -0.231397271 -0.992638052 0.017609036 -0.119831182 3.497678757
-0.119948775 0.076064609 0.989861846 3.611799240 0.022589400 0.997011483 -0.073876679 -0.235145465 -0.992522955 0.013498968 -0.121308550 3.494113445
-0.117687412 0.078818746 0.989917815 3.681591034 0.022509456 0.996800780 -0.076690711 -0.240599543 -0.992795527 0.013256975 -0.119085073 3.484719515
-0.117729731 0.078942962 0.989902854 3.728517532 0.021632835 0.996802390 -0.076920383 -0.243715346 -0.992810011 0.012358584 -0.119061038 3.479255199
-0.117220141 0.075011753 0.990269005 3.790640593 0.021075916 0.997106671 -0.073034897 -0.248934984 -0.992882311 0.012309658 -0.118461929 3.472044468
-0.116134629 0.073791280 0.990488589 3.837334394 0.021430405 0.997190475 -0.071777858 -0.252609730 -0.993002236 0.012890670 -0.117389716 3.466280222
-0.114817657 0.074460961 0.990591943 3.899961710 0.023287300 0.997114480 -0.072252080 -0.257507890 -0.993113577 0.014772392 -0.116220348 3.458870888
-0.113092005 0.074560151 0.990783036 3.947087526 0.026233096 0.997056901 -0.072037928 -0.261126459 -0.993238211 0.017844386 -0.114715092 3.452733994
-0.113216899 0.074269801 0.990790546 4.010137081 0.024562944 0.997106671 -0.071936473 -0.265758663 -0.993266582 0.016192308 -0.114713632 3.446723700
-0.111126140 0.074657097 0.990998149 4.057762146 0.026467796 0.997042894 -0.072144508 -0.269736946 -0.993453741 0.018212397 -0.112773553 3.440629721
-0.110380933 0.072971672 0.991206825 4.120391369 0.025989167 0.997172117 -0.070516653 -0.274421364 -0.993549526 0.017976951 -0.111965224 3.433785915
-0.108780339 0.071109720 0.991519094 4.168901920 0.025142021 0.997315884 -0.068767115 -0.278677881 -0.993747830 0.017448284 -0.110276200 3.428129435
-0.108067289 0.071316272 0.991582274 4.232456207 0.025665641 0.997291327 -0.068929702 -0.282922208 -0.993812203 0.018000552 -0.109604932 3.421707392
-0.106389597 0.072486579 0.991678834 4.281143188 0.023670504 0.997241259 -0.070353732 -0.286535025 -0.994042635 0.015988635 -0.107811876 3.416681290
-0.105374478 0.075174116 0.991587102 4.345029354 0.023457559 0.997048974 -0.073095404 -0.291100264 -0.994155884 0.015557820 -0.106826939 3.410215378
-0.104158111 0.074011482 0.991803169 4.401705265 0.021901919 0.997156084 -0.072110832 -0.295362651 -0.994319499 0.014211460 -0.105482884 3.404397964
-0.104287542 0.072260946 0.991918623 4.450871468 0.017519180 0.997335732 -0.070813671 -0.299256504 -0.994392931 0.009992613 -0.105275646 3.399814367
-0.103807807 0.074366346 0.991813242 4.515295982 0.014901452 0.997205138 -0.073210977 -0.303189695 -0.994485676 0.007179581 -0.104625829 3.393080950
-0.103502296 0.073229715 0.991929710 4.562031746 0.013965339 0.997294664 -0.072168581 -0.307208598 -0.994531155 0.006383019 -0.104244970 3.387644291
-0.104183242 0.070909001 0.992027104 4.628772736 0.010862383 0.997476757 -0.070157781 -0.312388986 -0.994498730 0.003466513 -0.104690596 3.380661249
-0.105736069 0.069625810 0.991953671 4.678861141 0.008135639 0.997572899 -0.069153033 -0.316062361 -0.994360983 0.000758207 -0.106045879 3.375658512
-0.106430113 0.068689145 0.991944790 4.743747234 0.005917866 0.997637153 -0.068448350 -0.320978165 -0.994302511 -0.001414769 -0.106585093 3.368471622
-0.107681543 0.069166429 0.991776586 4.793028355 0.006996699 0.997605085 -0.068813242 -0.324667662 -0.994160712 -0.000470753 -0.107907571 3.362854004
-0.111003801 0.067219101 0.991544068 4.858385563 0.004099875 0.997732520 -0.067179628 -0.329496652 -0.993811488 -0.003391989 -0.111027688 3.356576920
-0.114422798 0.061965983 0.991497636 4.908197403 0.002275633 0.998066485 -0.062113896 -0.333250761 -0.993429482 -0.004850963 -0.114342563 3.351353645
-0.119268343 0.062010702 0.990923703 4.971946239 0.001204155 0.998055995 -0.062312093 -0.337838829 -0.992861211 -0.006238635 -0.119111128 3.344794273
-0.126010090 0.068140760 0.989686012 5.023052692 -0.005687294 0.997572184 -0.069407851 -0.341604769 -0.992012680 -0.014374726 -0.125316605 3.340308189
-0.131591558 0.071426250 0.988727450 5.084781647 -0.001713431 0.997382998 -0.072279565 -0.346110642 -0.991302609 -0.011205496 -0.131124765 3.330657244
-0.140193731 0.067607149 0.987813175 5.134194851 0.000764013 0.997673273 -0.068173543 -0.349710822 -0.990123749 -0.008802801 -0.139919147 3.323414564
-0.151886359 0.064687841 0.986278892 5.183061600 0.003067546 0.997882128 -0.064976454 -0.354117066 -0.988393128 -0.006843583 -0.151763096 3.316840649
-0.163886860 0.066037893 0.984266222 5.252576351 0.002545112 0.997781754 -0.066520937 -0.358996570 -0.986475945 -0.008396838 -0.163691387 3.304827929
-0.178589761 0.066030897 0.981705487 5.308460236 0.004552329 0.997790396 -0.066284664 -0.363414854 -0.983913064 -0.007368712 -0.178495750 3.295618534
-0.193286419 0.064650185 0.979010105 5.358470440 0.005537271 0.997882783 -0.064803250 -0.366762549 -0.981126785 -0.007104539 -0.193235129 3.287172556
-0.208513469 0.066916339 0.975727737 5.419382572 0.009739531 0.997749269 -0.066345260 -0.371442795 -0.977970958 -0.004330753 -0.208695903 3.273885489
-0.225477919 0.071223252 0.971641481 5.468661308 0.011238394 0.997448027 -0.070506960 -0.374769717 -0.974183381 -0.004978072 -0.225702897 3.265986443
-0.239027262 0.074023277 0.968187213 5.525161743 0.010229558 0.997226655 -0.073717974 -0.380218267 -0.970958948 -0.007716484 -0.239121526 3.249276161
-0.254534781 0.072641857 0.964331567 5.571282387 0.007259194 0.997290254 -0.073208526 -0.383468866 -0.967036307 -0.011633848 -0.254372388 3.237421513
-0.270450592 0.066588126 0.960428178 5.632978439 0.001515119 0.997633398 -0.068740956 -0.388971150 -0.962732673 -0.017135873 -0.269911319 3.220685959
-0.286930740 0.062543236 0.955907404 5.678281307 -0.002456786 0.997815251 -0.066022620 -0.392311037 -0.957948148 -0.021292379 -0.286150187 3.208337545
-0.301445454 0.064332791 0.951310515 5.738244057 -0.003849123 0.997631073 -0.068684913 -0.396916777 -0.953475535 -0.024366470 -0.300483644 3.189751863
-0.315641403 0.066370457 0.946554422 5.783492088 -0.002649953 0.997485340 -0.070825286 -0.400824845 -0.948874831 -0.024863714 -0.314671785 3.175277233
-0.329628587 0.068746269 0.941604376 5.840400219 -0.002323283 0.997283280 -0.073624663 -0.405299664 -0.944107831 -0.026456416 -0.328573406 3.155904770
-0.344049335 0.068752818 0.936431050 5.883838654 -0.000125412 0.997312129 -0.073268801 -0.409018815 -0.938951552 -0.025325520 -0.343115985 3.140458822
-0.357887983 0.066491902 0.931394100 5.942062855 0.000111837 0.997464538 -0.071165666 -0.414401829 -0.933764517 -0.025365172 -0.356988013 3.118812323
-0.372177869 0.065505415 0.925846994 5.985340595 0.000044514 0.997507751 -0.070557646 -0.417870998 -0.928161383 -0.026218781 -0.371253222 3.101630211
-0.387863219 0.065187514 0.919408858 6.042594910 -0.002895972 0.997404754 -0.071939245 -0.424003065 -0.921712458 -0.030565174 -0.386667788 3.079370022
-0.402814686 0.068004161 0.912751734 6.085076332 -0.001333238 0.997191370 -0.074883670 -0.427457631 -0.915280700 -0.031381160 -0.401592553 3.061258793
-0.417303473 0.068399504 0.906189442 6.142408371 -0.001369968 0.997115016 -0.075893462 -0.433324099 -0.908766150 -0.032912057 -0.416005820 3.035319805
-0.431784689 0.071751416 0.899118364 6.184362888 0.002944441 0.996937752 -0.078143574 -0.437083364 -0.901971936 -0.031093802 -0.430673718 3.015851021
-0.447204590 0.073683575 0.891391456 6.242220879 -0.000014254 0.996600270 -0.082387440 -0.442810416 -0.894431651 -0.036856741 -0.445683181 2.988158703
-0.461262226 0.076896079 0.883925378 6.283563614 0.002750874 0.996356428 -0.085241407 -0.446518779 -0.887259483 -0.036887076 -0.459793210 2.965973854
-0.477651656 0.073178679 0.875496328 6.340688705 0.000054711 0.996527433 -0.083265245 -0.452691466 -0.878549278 -0.039723892 -0.475996941 2.936895847
-0.493727326 0.069596156 0.866827488 6.382631302 -0.001383032 0.996728361 -0.080813430 -0.456493944 -0.869615734 -0.041098651 -0.492015660 2.913461924
-0.509397388 0.069577768 0.857713878 6.437964439 -0.002436787 0.996605337 -0.082291842 -0.461925507 -0.860527992 -0.044009302 -0.507498562 2.881894350
-0.525350034 0.068736047 0.848105311 6.485938072 -0.003781754 0.996533334 -0.083108194 -0.466584921 -0.850877821 -0.046868227 -0.523268878 2.853223085
-0.541590929 0.067362845 0.837938786 6.526853561 -0.004602147 0.996531665 -0.083086833 -0.470808923 -0.840629518 -0.048855394 -0.539402604 2.827567577
-0.556552529 0.067065053 0.828101218 6.578285217 -0.005377816 0.996425092 -0.084311351 -0.476645261 -0.830794990 -0.051377073 -0.554202020 2.792755365
-0.571864128 0.066777371 0.817625940 6.619240761 -0.005271008 0.996361732 -0.085061796 -0.480641872 -0.820331335 -0.052953500 -0.569431484 2.764414310
-0.587087929 0.064472467 0.806951880 6.671214581 -0.005538387 0.996480405 -0.083644480 -0.485641479 -0.809504211 -0.053575881 -0.584664524 2.728153467
-0.601905704 0.061183162 0.796219945 6.710610390 -0.004558451 0.996781230 -0.080040693 -0.490147084 -0.798554063 -0.051806476 -0.599689484 2.698872328
-0.617221534 0.059930079 0.784503579 6.762805939 -0.003979661 0.996844292 -0.079282351 -0.494720697 -0.786779284 -0.052056830 -0.615035236 2.659740448
-0.632027268 0.057978161 0.772774100 6.798783779 -0.004644786 0.996896029 -0.078591958 -0.499069899 -0.774932027 -0.053261638 -0.629796267 2.630986691
-0.646491647 0.058817666 0.760650396 6.848544121 -0.006577591 0.996556997 -0.082649700 -0.504451990 -0.762892723 -0.058435589 -0.643878877 2.589110851
-0.661688864 0.058278784 0.747510076 6.884531021 -0.009078994 0.996278822 -0.085710421 -0.508059621 -0.749723434 -0.063500270 -0.658697605 2.557966709
-0.677716374 0.054813277 0.733277619 6.932853222 -0.010920295 0.996357560 -0.084571637 -0.513681412 -0.735242248 -0.065323196 -0.674649239 2.515362263
-0.693947434 0.047636103 0.718448222 6.968837738 -0.013822180 0.996743858 -0.079439089 -0.517832756 -0.719892859 -0.065057077 -0.691029370 2.481910706
-0.710422933 0.044928242 0.702339411 7.014820099 -0.015215637 0.996746480 -0.079152025 -0.523663640 -0.703610480 -0.066917963 -0.707427919 2.436031103
-0.727450848 0.043493785 0.684780002 7.048955917 -0.016325995 0.996609390 -0.080642939 -0.526579618 -0.685965598 -0.069843479 -0.724274158 2.399304867
-0.744801402 0.038528997 0.666172981 7.093528748 -0.019947400 0.996599913 -0.079941474 -0.533429801 -0.666987956 -0.072828941 -0.741500497 2.352257490
-0.760974824 0.036671568 0.647744119 7.125524044 -0.019698080 0.996634960 -0.079565227 -0.537162781 -0.648482203 -0.073306449 -0.757691860 2.314001799
-0.777290463 0.037778869 0.628006637 7.169127464 -0.018027402 0.996448219 -0.082255878 -0.543861747 -0.628883481 -0.075258031 -0.773848593 2.263604879
-0.792573810 0.037504215 0.608621657 7.198037148 -0.014089290 0.996713996 -0.079766780 -0.548309088 -0.609613240 -0.071796112 -0.789440930 2.226328135
-0.807075143 0.038333632 0.589203060 7.240633965 -0.010845082 0.996759534 -0.079704620 -0.554089546 -0.590349078 -0.070717566 -0.804044008 2.171130419
-0.821434140 0.040118922 0.568890452 7.269093513 -0.008149672 0.996594965 -0.082048707 -0.558398724 -0.570245147 -0.072033875 -0.818310022 2.131423473
-0.835297227 0.040924471 0.548273325 7.307241440 -0.008194958 0.996188164 -0.086842999 -0.564362884 -0.549737513 -0.077032797 -0.831777871 2.075509548
-0.848123133 0.041631725 0.528160810 7.333161354 -0.005223742 0.996202171 -0.086912893 -0.568508685 -0.529773235 -0.076471828 -0.844684660 2.034980059
-0.859716177 0.039698903 0.509226918 7.369428635 -0.003996301 0.996421635 -0.084427044 -0.574657679 -0.510756373 -0.074618317 -0.856481135 1.975829482
-0.870201111 0.041971210 0.490905851 7.394555569 -0.000443168 0.996298015 -0.085966542 -0.579279780 -0.492696583 -0.075025722 -0.866960883 1.932808280
-0.879357219 0.045065649 0.474025249 7.426503658 0.002500790 0.995934606 -0.090044476 -0.585047960 -0.476156056 -0.077995807 -0.875894964 1.873737931
-0.888742328 0.043162283 0.456370473 7.450685501 0.001257293 0.995783150 -0.091730013 -0.589703977 -0.458405256 -0.080950551 -0.885048926 1.830619216
-0.896634400 0.039993457 0.440961748 7.480638027 -0.000102293 0.995893598 -0.090531535 -0.596875250 -0.442771614 -0.081218809 -0.892948389 1.770220876
-0.903473735 0.038224127 0.426935762 7.501061916 -0.000807320 0.995862484 -0.090869352 -0.601670384 -0.428642690 -0.082442738 -0.899704874 1.724955082
-0.910152197 0.035741210 0.412729144 7.530097961 -0.001690491 0.995942652 -0.089973763 -0.608298182 -0.414270341 -0.082587533 -0.906399071 1.664526582
-0.916338146 0.033320684 0.399016440 7.550462246 -0.002616218 0.996011853 -0.089182138 -0.613245130 -0.400396734 -0.082764909 -0.912596464 1.618295193
-0.922135532 0.028358387 0.385826200 7.578200340 -0.005121516 0.996327460 -0.085471079 -0.619608164 -0.386833042 -0.080791906 -0.918603778 1.556825399
-0.927294552 0.024888363 0.373504460 7.597978115 -0.006571153 0.996551156 -0.082719006 -0.623623490 -0.374275148 -0.079159215 -0.923932850 1.509833097
-0.931521237 0.025670987 0.362779737 7.623088837 -0.003269898 0.996874273 -0.078936964 -0.630291939 -0.363672078 -0.074717715 -0.928525627 1.447639227
-0.935144722 0.029123295 0.353066981 7.641806602 0.000622124 0.996748745 -0.080570631 -0.634763598 -0.354265571 -0.075125553 -0.932122290 1.401975989
-0.937100947 0.034267090 0.347372681 7.659268379 0.006009372 0.996606052 -0.082100309 -0.639235198 -0.349006951 -0.074848771 -0.934126198 1.353082418
-0.938817739 0.038245816 0.342284292 7.685317516 0.009469023 0.996305883 -0.085352577 -0.645364165 -0.344284236 -0.076889411 -0.935711622 1.281442404
-0.940508008 0.035982363 0.337860793 7.702861309 0.008038818 0.996454775 -0.083745256 -0.650269866 -0.339676350 -0.076047070 -0.937463045 1.233811975
-0.942409039 0.028729472 0.333226353 7.726221085 0.002103406 0.996793389 -0.079990938 -0.656478882 -0.334455878 -0.074683271 -0.939447522 1.169773817
-0.944438875 0.022188343 0.327937335 7.744043827 -0.003787507 0.996918023 -0.078359589 -0.660697341 -0.328665257 -0.075247899 -0.941444099 1.121945858
-0.945843995 0.015857609 0.324234009 7.766221523 -0.010503435 0.996788204 -0.079391092 -0.666750371 -0.324451596 -0.078497171 -0.942639589 1.058119059
-0.947123051 0.012663062 0.320620656 7.782917023 -0.014684050 0.996463597 -0.082732938 -0.670922220 -0.320534438 -0.083066277 -0.943587720 1.010322571
-0.947786272 0.014024301 0.318597406 7.804401875 -0.013548075 0.996360004 -0.084162422 -0.677377820 -0.318618029 -0.084084392 -0.944146454 0.947295189
-0.948202193 0.013850391 0.317365289 7.820950508 -0.014659938 0.996076822 -0.087270543 -0.681293070 -0.317328900 -0.087402679 -0.944279075 0.899297476
-0.948079765 0.016967153 0.317579567 7.842424393 -0.011772923 0.996019006 -0.088359840 -0.687852502 -0.317814529 -0.087511010 -0.944105804 0.836125970
-0.947512746 0.018240055 0.319197118 7.858452320 -0.011166863 0.995874166 -0.090055794 -0.692592502 -0.319522768 -0.088893436 -0.943399847 0.788359642
-0.947354853 0.018200045 0.319667667 7.880828857 -0.011690950 0.995751321 -0.091339208 -0.699464798 -0.319971800 -0.090267882 -0.943117023 0.724813581
-0.946842074 0.018751081 0.321151644 7.897597790 -0.011201941 0.995772660 -0.091166556 -0.704070449 -0.321503460 -0.089917853 -0.942629397 0.676741719
-0.945885897 0.018459594 0.323974103 7.919659615 -0.011870865 0.995743930 -0.091394678 -0.711019218 -0.324282318 -0.090294793 -0.941640973 0.613283753
-0.944780290 0.017008130 0.327262789 7.939354420 -0.013715163 0.995725036 -0.091343224 -0.716965318 -0.327417314 -0.090787724 -0.940508068 0.558519363
-0.943224430 0.014679805 0.331831396 7.957363605 -0.016004521 0.995854020 -0.089547895 -0.721700311 -0.331770122 -0.089774564 -0.939078867 0.509988070
-0.941706002 0.014349530 0.336130738 7.972645283 -0.015805928 0.996099770 -0.086805835 -0.725263894 -0.336065352 -0.087058425 -0.937806427 0.470824957
-0.938785970 0.009565312 0.344368190 7.999470711 -0.020388272 0.996319711 -0.083254874 -0.733731866 -0.343897223 -0.085179567 -0.935135901 0.395267010
-0.936333776 0.012423015 0.350891411 8.017818451 -0.017740272 0.996423542 -0.082616419 -0.738634825 -0.350662827 -0.083581455 -0.932764649 0.348862648
-0.932866275 0.011876013 0.360027075 8.040174484 -0.019397514 0.996350169 -0.083126947 -0.744338512 -0.359700233 -0.084529951 -0.929231048 0.288563013
-0.928862453 0.015133364 0.370115519 8.058421135 -0.017752470 0.996198356 -0.085285351 -0.749219298 -0.369999141 -0.085788824 -0.925062597 0.241342783
-0.925035357 0.016074903 0.379540741 8.083564758 -0.017445235 0.996252656 -0.084713228 -0.754649103 -0.379480153 -0.084983915 -0.921288490 0.182198048
-0.920511723 0.019105077 0.390247375 8.103569031 -0.015452303 0.996242285 -0.085221104 -0.759496987 -0.390409023 -0.084477246 -0.916757464 0.136296988
-0.914504290 0.020242162 0.404069483 8.129423141 -0.016265146 0.996100545 -0.086712293 -0.765695095 -0.404249042 -0.085871004 -0.910609066 0.077069998
-0.908585250 0.020562809 0.417193323 8.150140762 -0.017388726 0.996059656 -0.086964302 -0.770164967 -0.417337656 -0.086268924 -0.904647470 0.032625675
-0.902563155 0.020858526 0.430051953 8.179225922 -0.016970443 0.996326268 -0.083940521 -0.776639581 -0.430222988 -0.083059803 -0.898893356 -0.027988195
-0.896238565 0.024309073 0.442905843 8.201187134 -0.014230007 0.996407568 -0.083483241 -0.781857312 -0.443344146 -0.081123456 -0.892672956 -0.071951151
-0.889304817 0.026297683 0.456558287 8.231200218 -0.013322243 0.996431768 -0.083343983 -0.787043929 -0.457120895 -0.080200583 -0.885781109 -0.130726337
-0.882198811 0.027914349 0.470049083 8.254394531 -0.011494739 0.996667206 -0.080761671 -0.791545510 -0.470736831 -0.076650970 -0.878937662 -0.174019575
-0.874634564 0.029306473 0.483896166 8.285776138 -0.009252515 0.996980131 -0.077104427 -0.798393190 -0.484694541 -0.071915455 -0.871722102 -0.231235981
-0.866384864 0.031948205 0.498353839 8.309821129 -0.006902496 0.997089982 -0.075920843 -0.802532673 -0.499329209 -0.069216564 -0.863643169 -0.274284124
-0.856822670 0.037302654 0.514260054 8.342829704 -0.000810380 0.997280896 -0.073689520 -0.807617307 -0.515610635 -0.063555583 -0.854462624 -0.330534220
-0.846613586 0.039313301 0.530753970 8.367780685 0.001130188 0.997398555 -0.072075181 -0.812186301 -0.532206833 -0.060419977 -0.844455600 -0.371565580
-0.835542142 0.041973654 0.547820687 8.401353836 0.003722867 0.997487247 -0.070748642 -0.817922771 -0.549413681 -0.057074014 -0.833598912 -0.424916267
-0.824758470 0.042942856 0.563852072 8.427987099 0.004597832 0.997588813 -0.069250777 -0.822247863 -0.565466285 -0.054522678 -0.822967291 -0.463508844
-0.812397361 0.047024664 0.581204891 8.464528084 0.007668376 0.997518241 -0.069989391 -0.825981140 -0.583053768 -0.052402303 -0.810741723 -0.516755342
-0.799917161 0.049524825 0.598063588 8.493670464 0.009624382 0.997519433 -0.069730505 -0.829698026 -0.600033402 -0.050022628 -0.798409462 -0.555499792
-0.786047816 0.050642952 0.616087735 8.532936096 0.010859147 0.997615933 -0.068150051 -0.834565341 -0.618070245 -0.046879012 -0.784723818 -0.606243134
-0.770975947 0.052170672 0.634723783 8.562701225 0.012763822 0.997704625 -0.066501886 -0.838604093 -0.636736333 -0.043169849 -0.769872189 -0.642942905
-0.754429996 0.055057462 0.654067576 8.602794647 0.013876040 0.997590899 -0.067969047 -0.842581153 -0.656233907 -0.042202003 -0.753376305 -0.690272808
-0.737825572 0.057721306 0.672518849 8.639667511 0.013724157 0.997413874 -0.070549682 -0.846625209 -0.674851835 -0.042823609 -0.736709654 -0.730167150
-0.721197546 0.057952579 0.690301001 8.672029495 0.012685191 0.997432351 -0.070484087 -0.850596666 -0.692613363 -0.042076353 -0.720080853 -0.763021469
-0.700896263 0.058572445 0.710854173 8.716002464 0.012716175 0.997490287 -0.069652438 -0.855815470 -0.713149786 -0.039779779 -0.699881971 -0.808271885
-0.681440353 0.057634626 0.729600787 8.749745369 0.009923827 0.997530401 -0.069530889 -0.859380722 -0.731806457 -0.040140714 -0.680329323 -0.839528799
