0.999995172 -0.002309839 -0.002147358 0.000658052 0.002316711 0.999992132 0.003203136 -0.001028916 0.002139949 -0.003208094 0.999992549 0.042988796
0.999996185 -0.002026787 0.001877419 -0.005607462 0.002022243 0.999995053 0.002418998 -0.000349403 -0.001882320 -0.002415192 0.999995291 0.111934803
0.999990046 -0.001439109 -0.004241798 -0.000862255 0.001454182 0.999992609 0.003552492 -0.001564665 0.004236654 -0.003558626 0.999984682 0.125633374
0.999986768 0.000096406 -0.005150219 -0.001999652 -0.000079278 0.999994457 0.003325752 -0.001788631 0.005150514 -0.003325299 0.999981225 0.166549549
0.999980807 -0.000359020 -0.006181562 -0.002790367 0.000380788 0.999993622 0.003520536 -0.002239574 0.006180255 -0.003522820 0.999974668 0.207725137
0.999970019 -0.000879732 -0.007678409 -0.003583280 0.000910086 0.999991715 0.003950471 -0.002685525 0.007674879 -0.003957342 0.999962747 0.248822704
0.999953568 -0.002576746 -0.009286445 -0.004214004 0.002607299 0.999991179 0.003279449 -0.003215911 0.009277910 -0.003303509 0.999951541 0.289824039
0.999939084 -0.003903870 -0.010323853 -0.005175001 0.003940349 0.999985993 0.003515496 -0.003629711 0.010309983 -0.003555962 0.999940515 0.330726117
0.999922335 -0.003551290 -0.011944965 -0.005572156 0.003590918 0.999988079 0.003297697 -0.004102593 0.011933111 -0.003340334 0.999923229 0.371666044
0.999920964 -0.002874948 -0.012234072 -0.006510417 0.002918168 0.999989569 0.003516350 -0.004771858 0.012223833 -0.003551773 0.999918997 0.414818674
0.999905884 -0.001940478 -0.013581406 -0.006981852 0.001997127 0.999989331 0.004158698 -0.005163345 0.013573200 -0.004185429 0.999899149 0.452630609
0.999906838 -0.000187512 -0.013645478 -0.007939688 0.000256140 0.999987304 0.005027808 -0.005600034 0.013644367 -0.005030835 0.999894321 0.495599955
0.999890268 0.001226862 -0.014761238 -0.008545365 -0.001139549 0.999981880 0.005921955 -0.005886299 0.014768234 -0.005904486 0.999873400 0.533008099
0.999885321 0.001207028 -0.015093451 -0.009191569 -0.001125798 0.999984920 0.005389199 -0.006059012 0.015099727 -0.005371589 0.999871492 0.573636413
0.999871135 0.002489171 -0.015856851 -0.010050405 -0.002402208 0.999981999 0.005500994 -0.006119906 0.015870254 -0.005462193 0.999859095 0.613295376
0.999861360 0.002610366 -0.016443962 -0.010051095 -0.002514741 0.999979794 0.005833189 -0.006384838 0.016458848 -0.005791027 0.999847770 0.652761638
0.999864936 0.003925364 -0.015958179 -0.011479094 -0.003804700 0.999963939 0.007584617 -0.007057784 0.015987376 -0.007522876 0.999843836 0.692712784
0.999867618 0.003748285 -0.015833981 -0.012551145 -0.003660496 0.999977767 0.005569650 -0.007065891 0.015854508 -0.005510951 0.999859035 0.729851902
0.999859929 0.005701047 -0.015731920 -0.013422374 -0.005633766 0.999974728 0.004317770 -0.007953461 0.015756130 -0.004228537 0.999866843 0.771197140
0.999881148 0.003414999 -0.015027079 -0.014381737 -0.003366558 0.999989033 0.003247678 -0.007445601 0.015037996 -0.003196704 0.999881804 0.807751596
0.999883652 0.003146335 -0.014926672 -0.015038430 -0.003049209 0.999974012 0.006525220 -0.008500274 0.014946818 -0.006478946 0.999867320 0.849397779
0.999882758 0.002060472 -0.015176433 -0.015239741 -0.001942261 0.999967754 0.007799827 -0.008914688 0.015192019 -0.007769435 0.999854445 0.886541307
0.999893129 0.000670542 -0.014600779 -0.016531363 -0.000563535 0.999972999 0.007331772 -0.009217209 0.014605314 -0.007322762 0.999866545 0.925457478
0.999896348 -0.000039616 -0.014398433 -0.017059755 0.000111780 0.999987423 0.005011140 -0.009285415 0.014398068 -0.005012229 0.999883771 0.960706592
0.999905884 0.002159779 -0.013550243 -0.018232075 -0.002097682 0.999987304 0.004595290 -0.009714488 0.013559998 -0.004566432 0.999897659 1.000043988
0.999917030 0.002018977 -0.012721444 -0.018888157 -0.001973717 0.999991715 0.003569275 -0.010303052 0.012728546 -0.003543870 0.999912739 1.033695936
0.999932647 0.003576005 -0.011035698 -0.019765941 -0.003524401 0.999982715 0.004691996 -0.010583895 0.011052285 -0.004652786 0.999928057 1.073142171
0.999940455 0.003630557 -0.010289669 -0.020111319 -0.003562033 0.999971390 0.006669969 -0.011093430 0.010313589 -0.006632919 0.999924779 1.106027842
0.999962628 0.002553310 -0.008253516 -0.020444524 -0.002489454 0.999966979 0.007737889 -0.011304864 0.008272996 -0.007717053 0.999935985 1.138544321
0.999974787 0.003923613 -0.005920310 -0.020912737 -0.003872807 0.999955773 0.008569026 -0.012005012 0.005953673 -0.008545881 0.999945819 1.179447651
0.999993086 0.002600427 -0.002647725 -0.021311868 -0.002579988 0.999967158 0.007694222 -0.012050116 0.002667650 -0.007687337 0.999966979 1.211204052
0.999997914 0.001891488 0.000717722 -0.021274233 -0.001895713 0.999980569 0.005932745 -0.012510994 -0.000706483 -0.005934093 0.999982178 1.242056727
0.999985516 0.002490728 0.004751414 -0.021659955 -0.002510459 0.999988198 0.004151292 -0.012950299 -0.004741017 -0.004163160 0.999980032 1.280862808
0.999954641 0.002676804 0.009127693 -0.021869004 -0.002721500 0.999984324 0.004887783 -0.013415724 -0.009114465 -0.004912403 0.999946415 1.310576558
0.999892414 0.002808881 0.014385847 -0.021736093 -0.002873795 0.999985814 0.004493639 -0.013778187 -0.014373019 -0.004534498 0.999886394 1.340983033
0.999775231 0.004557016 0.020704344 -0.020773983 -0.004625636 0.999983847 0.003267586 -0.014021111 -0.020689126 -0.003362622 0.999780297 1.379387379
0.999577641 0.006037753 0.028424004 -0.020556957 -0.006141982 0.999974668 0.003581061 -0.014651572 -0.028401669 -0.003754129 0.999589443 1.408790350
0.999319911 0.007251740 0.036151897 -0.019177221 -0.007421003 0.999962091 0.004550040 -0.014826693 -0.036117539 -0.004815228 0.999335885 1.438610077
0.998856366 0.008746070 0.047002133 -0.017922468 -0.008995161 0.999946475 0.005090619 -0.015344262 -0.046955094 -0.005507590 0.998881817 1.475052476
0.998138785 0.011235768 0.059937529 -0.016472571 -0.011559996 0.999920249 0.005065372 -0.015571868 -0.059875831 -0.005748821 0.998189270 1.503661036
0.997032821 0.014770815 0.075545877 -0.014803804 -0.015228514 0.999868929 0.005486043 -0.016051084 -0.075454950 -0.006620217 0.997127235 1.534069896
0.995703101 0.015566366 0.091284379 -0.012385443 -0.016245719 0.999845505 0.006703780 -0.016442643 -0.091165930 -0.008157955 0.995802343 1.566586018
0.993942261 0.015716411 0.108772978 -0.009676471 -0.016578672 0.999837875 0.007027332 -0.016397713 -0.108644903 -0.008788073 0.994041860 1.592978597
0.991667747 0.016653480 0.127739996 -0.006340384 -0.017595455 0.999825656 0.006249175 -0.016493136 -0.127613664 -0.008444750 0.991788030 1.619746089
0.988917708 0.014274579 0.147776559 -0.001833826 -0.015200051 0.999871314 0.005135176 -0.017027047 -0.147684261 -0.007324476 0.989007473 1.653653741
0.985612988 0.011106201 0.168652251 0.002261102 -0.012113527 0.999914467 0.004945091 -0.017278397 -0.168582886 -0.006916918 0.985663295 1.678455472
0.981609225 0.005825631 0.190812320 0.006913185 -0.007134023 0.999955535 0.006170726 -0.016952764 -0.190767884 -0.007418499 0.981607199 1.704715967
0.976751208 0.001599359 0.214369893 0.011178315 -0.003377650 0.999962747 0.007929399 -0.017188663 -0.214349270 -0.008469117 0.976720393 1.720610738
0.971364617 -0.004102331 0.237558380 0.021068871 0.002260498 0.999965250 0.008025057 -0.018407602 -0.237583086 -0.007258256 0.971340120 1.765861869
0.964762211 -0.010309882 0.262921184 0.027808011 0.009081442 0.999941468 0.005887108 -0.018486779 -0.262966484 -0.003291954 0.964799404 1.790571809
0.957103610 -0.014072935 0.289403856 0.034815043 0.012524551 0.999895632 0.007201612 -0.019254681 -0.289475024 -0.003268035 0.957180023 1.814038754
0.948574305 -0.015523193 0.316173702 0.044804394 0.013260172 0.999868751 0.009307849 -0.019231975 -0.316276759 -0.004636668 0.948655665 1.844753981
0.938772261 -0.019621111 0.343979090 0.052411854 0.016502341 0.999791861 0.011992264 -0.019427009 -0.344142795 -0.005581544 0.938900769 1.866730213
0.927680016 -0.022980705 0.372668236 0.061819136 0.020111701 0.999730587 0.011584807 -0.019517267 -0.372833997 -0.003252003 0.927892447 1.889778256
0.915748179 -0.022837516 0.401102990 0.074403822 0.021476993 0.999738216 0.007888292 -0.019878145 -0.401178181 0.001390800 0.915999055 1.918513179
0.902819932 -0.024032427 0.429346591 0.084930897 0.025509464 0.999671876 0.002315356 -0.019966930 -0.429261416 0.008862054 0.903136909 1.939479351
0.888685465 -0.026048262 0.457776755 0.095477700 0.028824911 0.999584019 0.000919988 -0.020707466 -0.457610369 0.012377795 0.889066815 1.959428549
0.872650027 -0.025913492 0.487657994 0.107146442 0.028007211 0.999603212 0.002999470 -0.020240210 -0.487542272 0.011040455 0.873029709 1.980868459
0.854552925 -0.025075646 0.518758416 0.118101597 0.024160435 0.999671757 0.008522350 -0.020472895 -0.518801928 0.005250634 0.854878485 2.000482798
0.835182846 -0.025297984 0.549390256 0.138310015 0.022303112 0.999677598 0.012127368 -0.020829113 -0.549520016 0.002124543 0.835477829 2.032222509
0.813808739 -0.019269221 0.580813348 0.150706112 0.018288488 0.999804199 0.007544804 -0.021202307 -0.580845058 0.004482170 0.814001739 2.050441742
0.791972518 -0.012267461 0.610433459 0.164597094 0.015451187 0.999880612 0.000047642 -0.021087969 -0.610361218 0.009394191 0.792067528 2.068256140
0.768706203 -0.009800120 0.639526963 0.183698535 0.015045798 0.999882996 -0.002762706 -0.020960646 -0.639425039 0.011745905 0.768763781 2.093576670
0.745636046 -0.011946101 0.666246295 0.198965609 0.015825041 0.999874771 0.000217462 -0.021149889 -0.666165411 0.010381226 0.745731950 2.110029936
0.720358253 -0.013173885 0.693477154 0.214165509 0.016396135 0.999863684 0.001962569 -0.022255538 -0.693408370 0.009956592 0.720476091 2.127190828
0.696024537 -0.010998179 0.717933774 0.231106520 0.017562119 0.999844253 -0.001709347 -0.022100624 -0.717803121 0.013798186 0.696109533 2.141945839
0.669706821 -0.008621006 0.742575526 0.253838778 0.017236011 0.999843717 -0.003936859 -0.022632796 -0.742425621 0.015435583 0.669750631 2.163039207
0.642377973 -0.006323437 0.766361892 0.270969033 0.015840687 0.999861836 -0.005027839 -0.022890668 -0.766224325 0.015369473 0.642389357 2.177845001
0.614570081 -0.004941150 0.788846672 0.288652360 0.015563005 0.999861717 -0.005861842 -0.023366643 -0.788708627 0.015879340 0.614561915 2.191323519
0.585427642 0.001831608 0.810722470 0.306534231 0.014721544 0.999808550 -0.012889317 -0.023435108 -0.810590863 0.019480854 0.585288644 2.204918146
0.554024816 0.011250813 0.832423985 0.324652851 0.013787811 0.999647558 -0.022687523 -0.023846433 -0.832385778 0.024046756 0.553674400 2.218390942
0.524600923 0.019885741 0.851115942 0.354584575 0.012390423 0.999442935 -0.030988371 -0.024791462 -0.851258039 0.026802219 0.524062335 2.236691475
0.493168980 0.024796735 0.869580030 0.374223471 0.009642236 0.999376476 -0.033966430 -0.025648585 -0.869880199 0.025135888 0.492622346 2.247745752
0.460467696 0.024244377 0.887345314 0.394972920 0.008001052 0.999472976 -0.031459939 -0.026614532 -0.887640417 0.021585980 0.460031062 2.258982658
0.427110136 0.023399888 0.903896630 0.422819436 0.003347159 0.999617338 -0.027459480 -0.027497515 -0.904193401 0.014753712 0.426868320 2.272905350
0.392865539 0.024430554 0.919271350 0.444185615 -0.000316123 0.999650657 -0.026431611 -0.028319892 -0.919595838 0.010093469 0.392735958 2.282272339
0.357486695 0.027571609 0.933511138 0.470607638 -0.007786342 0.999617398 -0.026542319 -0.029447328 -0.933885753 0.002219888 0.357564658 2.293036461
0.321322769 0.029103465 0.946522355 0.492944181 -0.012496433 0.999570906 -0.026492333 -0.030405117 -0.946887255 -0.003315563 0.321548581 2.301013231
0.285487831 0.028296746 0.957964540 0.515423179 -0.014630063 0.999576330 -0.025165914 -0.031205820 -0.958270669 -0.006830520 0.285780877 2.307810545
0.248839974 0.028417351 0.968127608 0.546793103 -0.015377115 0.999559343 -0.025387544 -0.032126121 -0.968422472 -0.008569575 0.249167368 2.316947937
0.212896779 0.028351024 0.976663291 0.570536971 -0.015572938 0.999550343 -0.025620751 -0.033003047 -0.976950586 -0.009754940 0.213242620 2.322259426
0.177611247 0.026212776 0.983751535 0.599759698 -0.012580887 0.999623954 -0.024364300 -0.034097537 -0.984020352 -0.008049094 0.177874267 2.327658176
0.143472731 0.025729531 0.989319682 0.624540091 -0.004604705 0.999668479 -0.025330901 -0.034798414 -0.989643633 -0.000921232 0.143543676 2.331063509
0.109923385 0.028935483 0.993518651 0.648418725 -0.001807499 0.999580324 -0.028912041 -0.035635334 -0.993938386 0.001382326 0.109929569 2.333507538
0.077073097 0.033689354 0.996455967 0.681390405 -0.000590135 0.999430239 -0.033744268 -0.037081312 -0.997025311 0.002012734 0.077049084 2.336413622
0.047830272 0.037495494 0.998151422 0.706121743 0.005932690 0.999266922 -0.037821684 -0.038173601 -0.998837829 0.007730747 0.047572777 2.337671518
0.022384992 0.035783906 0.999108791 0.737060070 0.008211786 0.999319017 -0.035975412 -0.039293483 -0.999715686 0.009009775 0.022075901 2.338307858
0.000316719 0.032650176 0.999466777 0.762407064 0.009983929 0.999417007 -0.032651704 -0.040367428 -0.999950111 0.009988947 -0.000009429 2.338398695
-0.018850520 0.030489592 0.999357283 0.793867230 0.010056324 0.999490201 -0.030303957 -0.041526623 -0.999771655 0.009478616 -0.019147530 2.337997198
-0.035839349 0.033372555 0.998800278 0.819210827 0.011501247 0.999389827 -0.032979567 -0.042714536 -0.999291360 0.010305481 -0.036201313 2.337447405
-0.050095934 0.037980877 0.998021960 0.850555062 0.015064796 0.999191642 -0.037269205 -0.043865770 -0.998630762 0.013167963 -0.050627630 2.335756302
-0.061746985 0.042866867 0.997170866 0.876018226 0.018758176 0.998950601 -0.041781828 -0.045241304 -0.997915506 0.016125202 -0.062486306 2.333987236
-0.070192985 0.046435956 0.996451914 0.907980025 0.025478631 0.998673558 -0.044744693 -0.046817172 -0.997207940 0.022247467 -0.071282990 2.331396341
-0.076065011 0.051325593 0.995780945 0.933210254 0.029477542 0.998353601 -0.049206488 -0.048400089 -0.996667027 0.025610283 -0.077452734 2.329375505
-0.079540871 0.056442916 0.995232284 0.964593530 0.031492919 0.998039603 -0.054085139 -0.050080400 -0.996334016 0.027040800 -0.081162497 2.326699495
-0.082162015 0.060657620 0.994771302 0.990924001 0.033154700 0.997759998 -0.058101475 -0.051558040 -0.996067405 0.028207613 -0.083989047 2.324468136
-0.084858827 0.063637115 0.994358659 1.022518635 0.034180667 0.997556984 -0.060924795 -0.053564645 -0.995806575 0.028817840 -0.086826652 2.321744680
-0.087397620 0.067017287 0.993916631 1.047636867 0.035576709 0.997308016 -0.064117610 -0.055339862 -0.995538056 0.029756555 -0.089546598 2.319394112
-0.089424193 0.071155302 0.993448615 1.080370665 0.036436237 0.997010887 -0.068130694 -0.057570688 -0.995326936 0.030104998 -0.091749519 2.316636324
-0.091145150 0.072308101 0.993208945 1.106097937 0.039429262 0.996840358 -0.068954118 -0.059818331 -0.995056689 0.032876667 -0.093708210 2.313843966
-0.093944162 0.070555307 0.993074179 1.131420135 0.039455295 0.996966004 -0.067099348 -0.061721522 -0.994795322 0.032878440 -0.096442908 2.311830997
-0.095731638 0.070548035 0.992904007 1.168385983 0.038463540 0.997002542 -0.067130759 -0.064295076 -0.994663715 0.031764057 -0.098158203 2.308161259
-0.097228199 0.071514376 0.992689490 1.194174170 0.039055910 0.996921003 -0.067993924 -0.066375621 -0.994495451 0.032159455 -0.099721894 2.304802179
-0.100535728 0.073994242 0.992178023 1.226640701 0.037642069 0.996799529 -0.070524700 -0.068756469 -0.994221091 0.030257389 -0.102999263 2.302475691
-0.103159718 0.076109946 0.991748631 1.253088713 0.036015604 0.996700108 -0.072743677 -0.070782624 -0.994012475 0.028214207 -0.105560467 2.299668550
-0.105791509 0.079506919 0.991204619 1.285897374 0.034435134 0.996493399 -0.076255880 -0.073695496 -0.993791878 0.026065048 -0.108158372 2.296648264
-0.107950851 0.083529606 0.990640879 1.312454820 0.030587794 0.996271253 -0.080671184 -0.075916611 -0.993685603 0.021592999 -0.110103324 2.293897867
-0.111240670 0.085832141 0.990079939 1.345167279 0.029067336 0.996118009 -0.083089724 -0.078779116 -0.993368328 0.019536024 -0.113303743 2.290849209
-0.113860011 0.083930612 0.989945233 1.372307301 0.027283264 0.996313512 -0.081332497 -0.081340909 -0.993122160 0.017748415 -0.115730174 2.287713528
-0.116839066 0.079475835 0.989965796 1.399264216 0.023798179 0.996730745 -0.077210195 -0.083747283 -0.992865622 0.014538218 -0.118348479 2.284963369
-0.118722387 0.078437276 0.989824533 1.435972214 0.024803756 0.996798158 -0.076014861 -0.086521491 -0.992617548 0.015526701 -0.120287806 2.280133009
-0.121370502 0.079233937 0.989439905 1.462609410 0.023845218 0.996754110 -0.076894671 -0.088651925 -0.992320776 0.014260666 -0.122865893 2.277328491
-0.122428492 0.081983224 0.989085436 1.489373922 0.024762115 0.996524453 -0.079534799 -0.090747833 -0.992168307 0.014754525 -0.124033086 2.273882866
-0.122484133 0.085013986 0.988822579 1.527507901 0.025472568 0.996265531 -0.082498655 -0.093770735 -0.992143571 0.015083078 -0.124192253 2.269089460
-0.123015739 0.085154392 0.988744497 1.554215789 0.024094988 0.996274352 -0.082805097 -0.096461996 -0.992112279 0.013637459 -0.124609232 2.265853643
-0.123263545 0.084115669 0.988802612 1.588370681 0.021444207 0.996394277 -0.082088277 -0.099326283 -0.992142260 0.011085597 -0.124622904 2.262128592
-0.123619244 0.083876334 0.988778591 1.616041183 0.017479330 0.996450722 -0.082341872 -0.101420686 -0.992175817 0.007104145 -0.124646604 2.258930922
-0.125120610 0.083979018 0.988580942 1.642726183 0.014107327 0.996461034 -0.082862929 -0.104298182 -0.992041290 0.003578371 -0.125862554 2.256824732
-0.123431131 0.084449545 0.988753259 1.680038095 0.010371164 0.996427894 -0.083810374 -0.107575282 -0.992298961 -0.000090284 -0.123866081 2.251057863
-0.124544665 0.083488531 0.988695264 1.708072066 0.006974041 0.996502697 -0.083269335 -0.110290885 -0.992189467 -0.003475548 -0.124691375 2.248367548
-0.124833159 0.079186253 0.989012718 1.735693455 0.007680043 0.996857345 -0.078844987 -0.112263791 -0.992148101 -0.002246806 -0.125049010 2.244891882
-0.125347942 0.070445135 0.989608705 1.773404956 0.010385171 0.997514546 -0.069692455 -0.115308307 -0.992058456 0.001541445 -0.125768006 2.240373373
-0.125793129 0.064741045 0.989941776 1.800860763 0.015638504 0.997873783 -0.063272566 -0.117509529 -0.991933227 0.007521952 -0.126538143 2.236982107
-0.123736970 0.067131422 0.990041614 1.836379170 0.024577092 0.997610271 -0.064572945 -0.120001853 -0.992010593 0.016342284 -0.125091150 2.231765747
-0.123169355 0.073252209 0.989678442 1.864110231 0.029738167 0.997096539 -0.070100240 -0.121800289 -0.991940022 0.020797024 -0.124990135 2.228403807
-0.121095374 0.078428634 0.989537597 1.898927450 0.033946335 0.996617854 -0.074835606 -0.124486014 -0.992060244 0.024528924 -0.123348191 2.223457098
-0.120819800 0.083434686 0.989161789 1.927494764 0.034127679 0.996221542 -0.079861701 -0.126501411 -0.992087543 0.024108922 -0.123210721 2.220268488
-0.120798260 0.079867326 0.989458859 1.962744832 0.031805698 0.996557713 -0.076557331 -0.129738688 -0.992167413 0.022222448 -0.122922711 2.215833187
-0.120245822 0.075416349 0.989875376 1.992091179 0.031606477 0.996895611 -0.072111793 -0.132041812 -0.992240906 0.022615338 -0.122256197 2.212199450
-0.121071614 0.073476464 0.989920616 2.027059078 0.028676804 0.997099400 -0.070502035 -0.134736791 -0.992229462 0.019851970 -0.122827515 2.208608150
-0.120604597 0.073531531 0.989973545 2.055499315 0.027244277 0.997122526 -0.070743464 -0.137154222 -0.992326677 0.018439133 -0.122260861 2.204867125
-0.120522439 0.079237416 0.989543080 2.091680050 0.027939091 0.996685207 -0.076406419 -0.139727235 -0.992317379 0.018438252 -0.122336753 2.200754642
-0.119497731 0.082305580 0.989416957 2.120743513 0.027204355 0.996455133 -0.079605408 -0.141752288 -0.992461741 0.017403791 -0.121313192 2.196954250
-0.119746774 0.081031673 0.989492118 2.157468796 0.027319580 0.996555150 -0.078303933 -0.144863114 -0.992428482 0.017655870 -0.121548034 2.192997456
-0.119586974 0.074683465 0.990010679 2.186586857 0.028161718 0.997020662 -0.071810499 -0.147229671 -0.992424309 0.019292802 -0.121333897 2.189554214
-0.119942740 0.072103567 0.990158916 2.216081381 0.028897205 0.997190177 -0.069115117 -0.149965897 -0.992360115 0.020322975 -0.121689290 2.185937643
-0.119105577 0.075943135 0.989973068 2.255966902 0.026115417 0.996965170 -0.073337540 -0.152495101 -0.992538095 0.017118651 -0.120727427 2.181369781
-0.119288020 0.079213418 0.989694715 2.286412239 0.025423329 0.996729136 -0.076712176 -0.154740795 -0.992534161 0.016010495 -0.120911710 2.177990198
-0.119174145 0.078452572 0.989769042 2.322524786 0.024604922 0.996800542 -0.076047331 -0.157617763 -0.992568374 0.015290317 -0.120723188 2.173804283
-0.119973995 0.075215213 0.989923716 2.352537632 0.023657244 0.997059286 -0.072890230 -0.159971669 -0.992495120 0.014673938 -0.121400565 2.170883179
-0.118011676 0.074179612 0.990237653 2.388930559 0.024749992 0.997115850 -0.071745269 -0.162739351 -0.992703736 0.016041597 -0.119507246 2.165912390
-0.117357872 0.074066557 0.990323722 2.411220074 0.027010854 0.997083962 -0.071371228 -0.164829314 -0.992722273 0.018373521 -0.119016245 2.163380146
-0.116194166 0.074390195 0.990436673 2.455800533 0.028908515 0.997022092 -0.071493380 -0.168068826 -0.992805719 0.020324944 -0.117998645 2.158157349
-0.115894280 0.072921433 0.990581095 2.486033440 0.028467838 0.997135580 -0.070073307 -0.170796007 -0.992853582 0.020078607 -0.117638238 2.155101538
-0.112791561 0.074085474 0.990852833 2.516734600 0.029700328 0.997022271 -0.071165882 -0.172966599 -0.993174791 0.021401744 -0.114656061 2.150721550
-0.112942204 0.072798938 0.990931034 2.557248592 0.028641457 0.997136474 -0.069990374 -0.175734043 -0.993188620 0.020476842 -0.114703856 2.146858931
-0.111167453 0.072147600 0.991179287 2.591377735 0.027386399 0.997204959 -0.069514632 -0.178307682 -0.993424237 0.019417074 -0.112832583 2.142736435
-0.109436274 0.071296886 0.991433442 2.622362137 0.028528336 0.997238755 -0.068565331 -0.180661201 -0.993584275 0.020780416 -0.111168064 2.139236927
-0.108220264 0.072577573 0.991474211 2.659792900 0.026828997 0.997181475 -0.070066966 -0.183339536 -0.993764818 0.019017586 -0.109862447 2.135592937
-0.106797017 0.074574955 0.991480231 2.690912247 0.026967693 0.997033715 -0.072087847 -0.185978249 -0.993914962 0.019039162 -0.108491339 2.132188082
-0.106051654 0.074283183 0.991582215 2.728162289 0.024207782 0.997102976 -0.072107717 -0.188261211 -0.994065881 0.016356863 -0.107542656 2.128509760
-0.104563780 0.072508186 0.991871417 2.761652470 0.020777263 0.997280300 -0.070713237 -0.190984637 -0.994301081 0.013214329 -0.105785899 2.124173164
-0.104273021 0.074272327 0.991771460 2.796308994 0.017045122 0.997194529 -0.072886355 -0.193165064 -0.994402528 0.009304783 -0.105246492 2.120396137
-0.104613356 0.073603086 0.991785526 2.830810070 0.014524365 0.997264266 -0.072477683 -0.195729762 -0.994406939 0.006822924 -0.105396219 2.116794825
-0.105833821 0.070734590 0.991864800 2.864916801 0.011869443 0.997485578 -0.069868945 -0.198635817 -0.994312942 0.004378385 -0.106407307 2.113543510
-0.108458385 0.068889357 0.991711140 2.895518303 0.010509530 0.997619689 -0.068150409 -0.201052785 -0.994045377 0.003030935 -0.108924210 2.110718250
-0.108355083 0.068467513 0.991751611 2.934365511 0.006927087 0.997653246 -0.068118103 -0.203767061 -0.994088113 -0.000510995 -0.108575076 2.106210470
-0.110375121 0.069010176 0.991491139 2.963654995 0.007115985 0.997615814 -0.068644293 -0.205937400 -0.993864477 -0.000521185 -0.110603027 2.103381634
-0.112900130 0.067380987 0.991319120 3.003744602 0.005998436 0.997726083 -0.067133322 -0.208862290 -0.993588209 -0.001633000 -0.113047577 2.098988056
-0.116045266 0.063264601 0.991227031 3.034256935 0.003709281 0.997990072 -0.063262001 -0.210802764 -0.993236959 -0.003664519 -0.116046689 2.095451832
-0.119320728 0.062748425 0.990870893 3.073740959 0.005002284 0.998026252 -0.062599167 -0.213498324 -0.992843151 -0.002512762 -0.119399115 2.090566397
-0.125632331 0.068268485 0.989725173 3.104391098 -0.000609584 0.997624040 -0.068890691 -0.215875462 -0.992076695 -0.009258221 -0.125292227 2.087081671
-0.133432075 0.071316570 0.988488674 3.135335684 -0.000251363 0.997405052 -0.071993791 -0.218316898 -0.991057873 -0.009854753 -0.133067921 2.083536625
-0.140443042 0.068260521 0.987732708 3.177535295 0.002787246 0.997643888 -0.068549156 -0.220775545 -0.990084767 -0.006874197 -0.140302390 2.077078342
-0.150226921 0.065655664 0.986469030 3.208179951 0.006846617 0.997837663 -0.065369666 -0.223254234 -0.988627791 -0.003066309 -0.150351599 2.072134256
-0.164103404 0.068764538 0.984043419 3.245419264 0.008170086 0.997627854 -0.068351351 -0.224827543 -0.986409366 -0.003176969 -0.164275944 2.066568851
-0.177661985 0.069108561 0.981661975 3.275533676 0.011379264 0.997608662 -0.068171777 -0.227045432 -0.984025896 -0.000940943 -0.178023562 2.060773849
-0.192484349 0.066982858 0.979011238 3.312405109 0.010613896 0.997751355 -0.066178210 -0.229820773 -0.981242597 -0.002347148 -0.192762420 2.054195404
-0.208066031 0.069360361 0.975652277 3.342268467 0.014443940 0.997591615 -0.067839742 -0.232172742 -0.978008032 -0.000022884 -0.208566785 2.048418999
-0.223271474 0.072703741 0.972041130 3.377101660 0.014913273 0.997352660 -0.071171418 -0.235075116 -0.974642158 -0.001394232 -0.223764643 2.040783167
-0.238439217 0.076737188 0.968120933 3.408825397 0.014548034 0.997043669 -0.075446673 -0.237597764 -0.971048594 -0.003905186 -0.238850653 2.033137083
-0.254305333 0.073825598 0.964302123 3.437476158 0.010890621 0.997237563 -0.073475040 -0.240262896 -0.967062652 -0.008183245 -0.254406869 2.025509357
-0.270645082 0.068386301 0.960247099 3.472483873 0.004840179 0.997557700 -0.069679268 -0.243279859 -0.962666988 -0.014210579 -0.270315051 2.016734123
-0.286585450 0.064879984 0.955855310 3.504374504 0.000935448 0.997722685 -0.067441344 -0.245523497 -0.958054245 -0.018433552 -0.285993457 2.007838726
-0.302067995 0.066421978 0.950969577 3.532564402 -0.000628066 0.997555494 -0.069875367 -0.247701958 -0.953286171 -0.021704387 -0.301287919 1.999429464
-0.316004753 0.068409935 0.946287930 3.566445827 -0.000549391 0.997383654 -0.072287239 -0.250511765 -0.948757410 -0.023362998 -0.315140367 1.988201857
-0.329948306 0.070856683 0.941335976 3.597478390 0.001226302 0.997210383 -0.074632637 -0.253001928 -0.943998158 -0.023470551 -0.329114705 1.977488279
-0.343934715 0.070672370 0.936330199 3.624650002 0.003315190 0.997248948 -0.074052647 -0.255336761 -0.938987792 -0.022365166 -0.343222767 1.967516899
-0.358202696 0.068721868 0.931111157 3.659029007 0.003365502 0.997375965 -0.072317906 -0.258447200 -0.933637798 -0.022770815 -0.357494026 1.955170751
-0.373418480 0.067140877 0.925230026 3.685711384 0.002734166 0.997452736 -0.071278341 -0.260804057 -0.927658916 -0.024086917 -0.372650862 1.944850683
-0.387618393 0.068184696 0.919294775 3.719540596 0.000962322 0.997290075 -0.073563881 -0.264028162 -0.921819448 -0.027630063 -0.386633486 1.931064010
-0.402853459 0.070035532 0.912581027 3.744990826 0.001492044 0.997116983 -0.075864546 -0.266523629 -0.915263295 -0.029200684 -0.401796460 1.920066953
-0.417114675 0.072107382 0.905988753 3.779535532 0.003369490 0.996963561 -0.077796727 -0.269429028 -0.908847630 -0.029397432 -0.416091084 1.904650450
-0.432049513 0.074561596 0.898762286 3.806270123 0.006252775 0.996800184 -0.079689033 -0.271991104 -0.901828289 -0.028809849 -0.431133300 1.892281771
-0.446807504 0.078010559 0.891222417 3.839349508 0.005839644 0.996423960 -0.084291428 -0.275100082 -0.894611061 -0.032457616 -0.445665330 1.876264453
-0.461688310 0.080620959 0.883370876 3.866079807 0.007471795 0.996179283 -0.087011345 -0.277812630 -0.887010753 -0.033571754 -0.460526824 1.862463832
-0.477300406 0.077560328 0.875310540 3.899002552 0.006054016 0.996363699 -0.084985510 -0.281125605 -0.878719270 -0.035264481 -0.476034433 1.845577359
-0.492633075 0.073595516 0.867119431 3.925125599 0.003245862 0.996566057 -0.082738042 -0.283642352 -0.870231092 -0.037944954 -0.491180331 1.830664158
-0.509440839 0.074190572 0.857301414 3.957550049 0.003349154 0.996439815 -0.084241360 -0.286590219 -0.860499084 -0.040044755 -0.507875681 1.812641144
-0.524995565 0.073724404 0.847905815 3.983153105 0.002747989 0.996382892 -0.084932849 -0.289077491 -0.851100445 -0.042259339 -0.523299277 1.796795011
-0.541359186 0.071766302 0.837722957 4.014967442 0.001464361 0.996429563 -0.084416099 -0.292709887 -0.840790153 -0.044472698 -0.539531350 1.777407885
-0.555745661 0.072596550 0.828176618 4.032818317 0.001736178 0.996279240 -0.086167067 -0.294467330 -0.831350505 -0.046449110 -0.553803861 1.764138818
-0.571936667 0.070537873 0.817259312 4.070707321 0.000033887 0.996298015 -0.085967034 -0.298724234 -0.820297778 -0.049140003 -0.569821775 1.739635706
-0.587188601 0.067960456 0.806592166 4.095934868 -0.000233822 0.996455014 -0.084127814 -0.301454723 -0.809450090 -0.049587496 -0.585091174 1.721858025
-0.601943970 0.064731680 0.795910299 4.125976086 0.000480324 0.996738195 -0.080701813 -0.304732084 -0.798538268 -0.048195675 -0.600011587 1.699250221
-0.616621494 0.063042030 0.784731388 4.150766373 0.001210137 0.996863365 -0.079132900 -0.307109952 -0.787258744 -0.047845427 -0.614763618 1.679754376
-0.631054699 0.061610378 0.773287833 4.180486202 0.000325431 0.996861994 -0.079157688 -0.310366035 -0.775738239 -0.049701184 -0.629094601 1.656131864
-0.645774007 0.062189125 0.760991633 4.203434467 -0.000892622 0.996615291 -0.082202025 -0.313380212 -0.763527989 -0.053763218 -0.643532813 1.637007833
-0.661377311 0.061666895 0.747514069 4.232118130 -0.003059397 0.996384382 -0.084904566 -0.316380680 -0.750047147 -0.058440898 -0.658797383 1.612557411
-0.676994920 0.058309212 0.733674407 4.255118370 -0.005228037 0.996450543 -0.084017664 -0.318977624 -0.735969245 -0.060715202 -0.674287021 1.591663122
-0.693477511 0.051398244 0.718642533 4.283439636 -0.008069773 0.996835411 -0.079082146 -0.322160900 -0.720432997 -0.060640968 -0.690868199 1.566095948
-0.709894896 0.048598856 0.702628791 4.305431366 -0.009456089 0.996868908 -0.078504480 -0.324854672 -0.704244018 -0.062374048 -0.707212567 1.544017076
-0.727360189 0.046348739 0.684688866 4.332298279 -0.010307807 0.996866167 -0.078431241 -0.328116477 -0.686178386 -0.064105399 -0.724603117 1.516754031
-0.744632125 0.041567769 0.666179299 4.353219032 -0.014944471 0.996770501 -0.078900158 -0.330651253 -0.667307675 -0.068707302 -0.741606176 1.493829727
-0.761354923 0.040315185 0.647080660 4.379200935 -0.013631398 0.996848762 -0.078145556 -0.333758116 -0.648192048 -0.068317115 -0.758406222 1.464672446
-0.777237177 0.041993815 0.627804756 4.398709774 -0.011862949 0.996614993 -0.081350118 -0.336463392 -0.629095793 -0.070675947 -0.774108112 1.440796852
-0.792375743 0.042119544 0.608577549 4.423725605 -0.007716883 0.996841669 -0.079038717 -0.339732766 -0.609984457 -0.067324698 -0.789548099 1.409828782
-0.806860030 0.043514758 0.589137673 4.442285061 -0.003422758 0.996922195 -0.078322127 -0.342609704 -0.590732574 -0.065211475 -0.804227829 1.384986401
-0.820998609 0.045098573 0.569146156 4.465190411 -0.001482748 0.996703506 -0.081116654 -0.345814437 -0.570928216 -0.067440577 -0.818225384 1.352559686
-0.834931254 0.046015512 0.548427165 4.483110428 -0.001225131 0.996340573 -0.085462630 -0.348410964 -0.550352871 -0.072027326 -0.831819594 1.326483488
-0.847529829 0.046964616 0.528665781 4.504219532 0.002009599 0.996354222 -0.085290536 -0.351794839 -0.530743957 -0.071223877 -0.844534218 1.293260455
-0.859307885 0.045398917 0.509439766 4.520558834 0.003821485 0.996594906 -0.082365960 -0.355016053 -0.511444390 -0.068830907 -0.856555283 1.266740918
-0.869713426 0.047308724 0.491284281 4.540957928 0.006690891 0.996434093 -0.084107868 -0.358210593 -0.493511379 -0.069862612 -0.866928875 1.231920123
-0.879489362 0.049621452 0.473324478 4.556183338 0.009145868 0.996128023 -0.087436065 -0.361135066 -0.475830555 -0.072570138 -0.876537979 1.205467939
-0.888289273 0.047485754 0.456823021 4.575181961 0.007395092 0.995990694 -0.089151360 -0.364643753 -0.459224850 -0.075813957 -0.885078907 1.169239759
-0.896325767 0.045926910 0.441011041 4.588918686 0.007488100 0.996047318 -0.088509336 -0.367308259 -0.443332732 -0.076030865 -0.893126786 1.141670704
-0.903015971 0.043037642 0.427445799 4.601908684 0.005629408 0.996069431 -0.088397272 -0.370584309 -0.429570049 -0.077417873 -0.899708867 1.112656116
-0.910041511 0.041569937 0.412427068 4.622018337 0.005742640 0.996127546 -0.087731704 -0.375054508 -0.414476991 -0.077471070 -0.906756282 1.072639465
-0.916144669 0.039489385 0.398897648 4.634512424 0.005302501 0.996242344 -0.086446084 -0.378195822 -0.400812566 -0.077081971 -0.912911654 1.044279575
-0.922142148 0.034084722 0.385346621 4.651478291 0.002513835 0.996617854 -0.082137287 -0.382462591 -0.386843026 -0.074773557 -0.919109106 1.007126808
-0.927264333 0.030760290 0.373141348 4.663859367 0.001526580 0.996921718 -0.078388676 -0.385452241 -0.374404013 -0.072117388 -0.924457073 0.977774978
-0.931686342 0.030623915 0.361970484 4.675795555 0.003472107 0.997145414 -0.075424880 -0.387979627 -0.363247007 -0.069015540 -0.929133296 0.948192298
-0.934697211 0.035104416 0.353707135 4.691528320 0.007939350 0.996924758 -0.077961616 -0.391305149 -0.355356187 -0.070062295 -0.932101488 0.906802535
-0.936928630 0.040624790 0.347151518 4.703466415 0.013559202 0.996699274 -0.080041938 -0.393997282 -0.349257410 -0.070286497 -0.934386969 0.875936449
-0.938616276 0.043844711 0.342165381 4.716413021 0.016769871 0.996516705 -0.081690051 -0.397513151 -0.344555259 -0.070937537 -0.936082065 0.839469790
-0.941027820 0.040070135 0.335947990 4.728047371 0.013613138 0.996641994 -0.080742382 -0.400019526 -0.338055283 -0.071407527 -0.938413322 0.810724437
-0.942416966 0.033996727 0.332707733 4.741321087 0.008939782 0.997025251 -0.076555476 -0.403781295 -0.334320635 -0.069172844 -0.939917445 0.772562027
-0.944221735 0.026390964 0.328251153 4.752038956 0.001952247 0.997214735 -0.074559063 -0.406389415 -0.329304546 -0.069759458 -0.941643298 0.742519140
-0.946154714 0.021016899 0.323031843 4.763312817 -0.003643164 0.997135639 -0.075545795 -0.409214497 -0.323694319 -0.072654873 -0.943367958 0.712342143
-0.947347760 0.017956711 0.319702536 4.777408123 -0.007875990 0.996817589 -0.079326451 -0.412324041 -0.320109546 -0.077667713 -0.944191515 0.670845389
-0.947897077 0.019277923 0.317993015 4.787786961 -0.006839485 0.996705830 -0.080811672 -0.415599704 -0.318503439 -0.078776047 -0.944642782 0.639694571
-0.948436618 0.018997744 0.316396803 4.800478935 -0.007994931 0.996450841 -0.083796673 -0.418471128 -0.316865861 -0.082005411 -0.944918573 0.604047596
-0.948204458 0.021984385 0.316898614 4.810360909 -0.005297461 0.996369243 -0.084972426 -0.421434045 -0.317616105 -0.082249999 -0.944645405 0.573877037
-0.948033750 0.022968244 0.317339540 4.823036194 -0.004832257 0.996236444 -0.086541228 -0.425119311 -0.318132848 -0.083577476 -0.944354951 0.537403464
-0.948033094 0.022495439 0.317375362 4.833596706 -0.006051559 0.996042073 -0.088675708 -0.427893996 -0.318113953 -0.085988134 -0.944144905 0.508569479
-0.947038829 0.025948416 0.320068896 4.843318462 -0.002219485 0.996177077 -0.087328568 -0.431082934 -0.321111321 -0.083413944 -0.943360806 0.478756547
-0.946310163 0.023467531 0.322407067 4.857672215 -0.005252383 0.996113479 -0.087922126 -0.435364306 -0.323217392 -0.084894970 -0.942509055 0.437683940
-0.944840968 0.021948809 0.326792955 4.867965698 -0.007451138 0.996053517 -0.088442326 -0.438342988 -0.327444494 -0.085998908 -0.940948606 0.407732487
-0.943361044 0.021118909 0.331095099 4.880980492 -0.007796697 0.996285081 -0.085762545 -0.441933274 -0.331676364 -0.083486475 -0.939691842 0.371867776
-0.941611528 0.018493943 0.336193323 4.891799927 -0.009808897 0.996559858 -0.082293421 -0.445039243 -0.336558640 -0.080786094 -0.938190699 0.343057871
-0.938734472 0.016356550 0.344252378 4.904755116 -0.011996534 0.996716976 -0.080070361 -0.448279440 -0.344431907 -0.079294652 -0.935456634 0.306754827
-0.936056316 0.018620905 0.351356864 4.915853500 -0.010111411 0.996762514 -0.079763576 -0.451069832 -0.351704568 -0.078215905 -0.932837844 0.277900457
-0.932859123 0.018877067 0.359746456 4.929430962 -0.010680285 0.996737897 -0.079997167 -0.454371244 -0.360082954 -0.078468278 -0.929614425 0.242630243
-0.929025114 0.021766523 0.369376034 4.940645695 -0.009506024 0.996534765 -0.082632408 -0.457069755 -0.369894683 -0.080278873 -0.925598860 0.214162469
-0.924613357 0.024159508 0.380139977 4.955311298 -0.007450462 0.996648490 -0.081462979 -0.460456967 -0.380834073 -0.078153968 -0.921334505 0.178107023
-0.919427276 0.026642550 0.392356396 4.967013836 -0.006014329 0.996633172 -0.081769012 -0.463587344 -0.393213898 -0.077540420 -0.916171491 0.150084257
-0.913892448 0.028072428 0.404984564 4.982815742 -0.006506179 0.996465206 -0.083754167 -0.466899991 -0.405904233 -0.079177223 -0.910479367 0.114726424
-0.907496572 0.030902598 0.418921202 4.995877743 -0.004776400 0.996466637 -0.083853409 -0.469612062 -0.420032293 -0.078097627 -0.904142439 0.085756421
-0.901455879 0.029169928 0.431886882 5.012180328 -0.006794905 0.996650577 -0.081497088 -0.473222554 -0.432817578 -0.076400667 -0.898238182 0.051965714
-0.894865334 0.032990661 0.445115119 5.025732040 -0.003475828 0.996719301 -0.080861822 -0.476371348 -0.446322501 -0.073907606 -0.891814888 0.024723291
-0.887453377 0.035904370 0.459496766 5.042952538 -0.001526493 0.996726692 -0.080830887 -0.479208022 -0.460894853 -0.072435044 -0.884493649 -0.009725809
-0.880174100 0.037727676 0.473149121 5.057223320 0.000317854 0.996882737 -0.078897551 -0.481815934 -0.474650800 -0.069293179 -0.877442300 -0.036279440
-0.872505009 0.039214194 0.487028927 5.074992180 0.002445176 0.997112036 -0.075904161 -0.485144854 -0.488598973 -0.065035895 -0.870081127 -0.068258286
-0.864573359 0.041927051 0.500754476 5.090113640 0.004953969 0.997175694 -0.074938066 -0.487430513 -0.502482235 -0.062308725 -0.862339377 -0.094018459
-0.854669273 0.045996342 0.517131269 5.108171463 0.009954288 0.997336328 -0.072256692 -0.491015673 -0.519077361 -0.056607910 -0.852850676 -0.125656128
-0.844120622 0.048903625 0.533918381 5.123363495 0.012255354 0.997331142 -0.071973763 -0.493219078 -0.536013186 -0.054211184 -0.842467189 -0.150667429
-0.832806587 0.051728025 0.551141858 5.143179893 0.015300300 0.997394919 -0.070491962 -0.496442139 -0.553352535 -0.050273538 -0.831428647 -0.181437969
-0.821425378 0.053591486 0.567792475 5.159558296 0.017060928 0.997438550 -0.069461897 -0.498974830 -0.570060790 -0.047370695 -0.820235789 -0.205647469
-0.809524477 0.055631950 0.584444165 5.180605888 0.018134659 0.997394681 -0.069821127 -0.501804948 -0.586805940 -0.045923240 -0.808424413 -0.234991074
-0.796786845 0.058909852 0.601381838 5.200128078 0.020935802 0.997330368 -0.069957532 -0.504081249 -0.603897512 -0.043150842 -0.795893013 -0.261145353
-0.782813728 0.058997039 0.619453013 5.218020439 0.021201871 0.997446120 -0.068204120 -0.506542981 -0.621894836 -0.040257566 -0.782065213 -0.284384012
-0.766829193 0.060401589 0.639002800 5.239878178 0.023729268 0.997549474 -0.065817058 -0.509818077 -0.641412377 -0.035307370 -0.766383410 -0.312122822
-0.750731111 0.064790010 0.657423019 5.260015488 0.026773607 0.997345150 -0.067716278 -0.511780500 -0.660065055 -0.033235122 -0.750472844 -0.334209681
-0.732330680 0.065402836 0.677801073 5.283060074 0.024288274 0.997252285 -0.069985263 -0.514811099 -0.680516005 -0.034789730 -0.731906950 -0.361354351
-0.714445770 0.065507472 0.696617603 5.303102493 0.023196220 0.997277915 -0.069990650 -0.517383218 -0.699306250 -0.033845633 -0.714020491 -0.381856441
-0.696642280 0.066193253 0.714358509 5.323390961 0.023507858 0.997305870 -0.069486603 -0.519590437 -0.717033505 -0.031614263 -0.696321428 -0.400475979
-0.676534235 0.066297084 0.733420908 5.349982262 0.020018920 0.997226894 -0.071677491 -0.521254838 -0.736138999 -0.033809979 -0.675985217 -0.425901651
