0.999995768 -0.002304330 -0.001734940 0.000151254 0.002309543 0.999992728 0.003008266 -0.000702831 0.001727996 -0.003012260 0.999993980 0.056379650
0.999992907 -0.002929536 -0.002372214 -0.001203114 0.002938838 0.999987960 0.003927083 -0.001437015 0.002360681 -0.003934027 0.999989450 0.116504945
0.999989390 -0.001740871 -0.004291840 -0.000978012 0.001755374 0.999992728 0.003377533 -0.001731163 0.004285930 -0.003385030 0.999985099 0.168681726
0.999992132 -0.000496017 -0.003939726 -0.003138696 0.000506536 0.999996305 0.002669355 -0.001999297 0.003938387 -0.002671330 0.999988675 0.231263071
0.999974668 -0.000706452 -0.007103379 -0.002309145 0.000731792 0.999993324 0.003565291 -0.003121200 0.007100815 -0.003570398 0.999968350 0.280294180
0.999960423 -0.001037731 -0.008834835 -0.003051387 0.001074022 0.999991000 0.004104032 -0.003835148 0.008830496 -0.004113359 0.999952555 0.335564792
0.999933660 -0.004101359 -0.010762477 -0.003227890 0.004145874 0.999983013 0.004117063 -0.004766697 0.010745407 -0.004161410 0.999933600 0.392721087
0.999914944 -0.005167742 -0.011975953 -0.004246458 0.005211981 0.999979675 0.003665872 -0.004934495 0.011956766 -0.003727978 0.999921560 0.445947856
0.999908805 -0.004100410 -0.012871654 -0.005416146 0.004143474 0.999985874 0.003320782 -0.005477809 0.012857855 -0.003373812 0.999911606 0.501945734
0.999893069 -0.003283656 -0.014250614 -0.006267643 0.003333606 0.999988377 0.003482744 -0.005976069 0.014239012 -0.003529877 0.999892414 0.556451917
0.999894619 -0.002228691 -0.014351531 -0.007655965 0.002271383 0.999993026 0.002959093 -0.005671035 0.014344837 -0.002991379 0.999892592 0.612504482
0.999882817 0.000332151 -0.015306054 -0.008576680 -0.000257975 0.999988198 0.004847937 -0.007087791 0.015307481 -0.004843420 0.999871075 0.665771008
0.999879241 -0.000635031 -0.015526702 -0.009889279 0.000722687 0.999983788 0.005640502 -0.007894183 0.015522869 -0.005651041 0.999863505 0.720987678
0.999864042 0.000992312 -0.016460681 -0.010786682 -0.000899468 0.999983609 0.005646790 -0.008177058 0.016466018 -0.005631216 0.999848485 0.774259031
0.999857783 0.002293516 -0.016709747 -0.012045944 -0.002206834 0.999983966 0.005204144 -0.008186364 0.016721420 -0.005166528 0.999846756 0.830511451
0.999849379 0.003008799 -0.017092496 -0.012662046 -0.002902864 0.999976456 0.006219187 -0.008948199 0.017110806 -0.006168633 0.999834597 0.881389916
0.999846935 0.004218387 -0.016980531 -0.013869045 -0.004100376 0.999967277 0.006978582 -0.009172127 0.017009415 -0.006907888 0.999831498 0.936570168
0.999845266 0.004265804 -0.017067354 -0.014718479 -0.004163018 0.999972939 0.006053404 -0.009612856 0.017092718 -0.005981416 0.999835968 0.988779008
0.999848366 0.004588855 -0.016799262 -0.015870331 -0.004527192 0.999982834 0.003706790 -0.009956844 0.016815985 -0.003630174 0.999852002 1.042680144
0.999861121 0.003700537 -0.016247818 -0.017299231 -0.003640993 0.999986470 0.003692805 -0.010889232 0.016261265 -0.003633134 0.999861121 1.096951842
0.999869525 0.002440848 -0.015967367 -0.018350184 -0.002338017 0.999976456 0.006455579 -0.011232285 0.015982747 -0.006417406 0.999851644 1.146938086
0.999874413 0.001100497 -0.015808983 -0.019361101 -0.000981906 0.999971330 0.007507307 -0.011733348 0.015816789 -0.007490841 0.999846816 1.199368238
0.999884725 0.000925062 -0.015162280 -0.020679921 -0.000816353 0.999973893 0.007174328 -0.012469029 0.015168522 -0.007161123 0.999859273 1.251683354
0.999880910 -0.000509548 -0.015420840 -0.021225635 0.000590817 0.999985933 0.005266011 -0.012689123 0.015417941 -0.005274495 0.999867201 1.301928282
0.999889612 0.000964894 -0.014825724 -0.022217412 -0.000898433 0.999989510 0.004488833 -0.013077090 0.014829897 -0.004475017 0.999880016 1.352969408
0.999905229 0.001789784 -0.013647561 -0.023610070 -0.001737006 0.999990940 0.003878071 -0.014045603 0.013654377 -0.003853997 0.999899328 1.402572036
0.999922574 0.002257708 -0.012236309 -0.024899472 -0.002201090 0.999986827 0.004638609 -0.014390735 0.012246622 -0.004611317 0.999914289 1.450149179
0.999938786 0.002859930 -0.010685769 -0.025509123 -0.002791808 0.999975741 0.006384522 -0.014624908 0.010703768 -0.006354299 0.999922454 1.498758197
0.999957681 0.002244215 -0.008923871 -0.025900140 -0.002176083 0.999968529 0.007637171 -0.015292498 0.008940729 -0.007617428 0.999931037 1.548736095
0.999973655 0.002421711 -0.006846007 -0.026518352 -0.002365424 0.999963462 0.008217966 -0.015978232 0.006865659 -0.008201555 0.999942780 1.594019532
0.999991536 0.002395197 -0.003352565 -0.026954252 -0.002370303 0.999969721 0.007409710 -0.016199563 0.003370211 -0.007401699 0.999966979 1.640808940
0.999998987 0.001441355 0.000051402 -0.026983386 -0.001441618 0.999983490 0.005558004 -0.016707741 -0.000043391 -0.005558072 0.999984562 1.687772512
0.999993443 0.001456460 0.003294876 -0.026665810 -0.001469414 0.999991179 0.003932641 -0.017200613 -0.003289119 -0.003937457 0.999986827 1.731205702
0.999973238 0.001388635 0.007180908 -0.026262291 -0.001422592 0.999987841 0.004725844 -0.017888488 -0.007174259 -0.004735933 0.999963045 1.775592804
0.999912977 0.001416498 0.013114765 -0.026390092 -0.001478099 0.999987960 0.004688572 -0.018557690 -0.013107965 -0.004707549 0.999902964 1.820161104
0.999806583 0.003004385 0.019433253 -0.025339369 -0.003072993 0.999989152 0.003501559 -0.018901546 -0.019422518 -0.003560600 0.999804974 1.864002705
0.999620497 0.005346344 0.027023448 -0.025278021 -0.005443796 0.999978960 0.003533925 -0.019263044 -0.027003985 -0.003679694 0.999628544 1.906434059
0.999347210 0.006361755 0.035563342 -0.023842484 -0.006522945 0.999968946 0.004418311 -0.019781925 -0.035534129 -0.004647404 0.999357641 1.950702786
0.998908758 0.009046812 0.045819152 -0.022595152 -0.009288093 0.999944091 0.005055810 -0.020406343 -0.045770846 -0.005475866 0.998936951 1.992371917
0.998158574 0.011395312 0.059578314 -0.021206833 -0.011701132 0.999920070 0.004786727 -0.020355128 -0.059519008 -0.005475046 0.998212099 2.033218861
0.997175932 0.013127496 0.073944397 -0.018156484 -0.013579492 0.999891996 0.005613211 -0.021462785 -0.073862709 -0.006601486 0.997246563 2.076333284
0.995791972 0.015412607 0.090337016 -0.014397264 -0.016123153 0.999844491 0.007141000 -0.022207815 -0.090212911 -0.008567468 0.995885670 2.117714643
0.994001031 0.016604278 0.108103290 -0.010713130 -0.017542232 0.999816179 0.007731223 -0.022292864 -0.107955053 -0.009581216 0.994109571 2.156306505
0.991761148 0.015220724 0.127193511 -0.006689250 -0.016234992 0.999844074 0.006941260 -0.022888433 -0.127068043 -0.008949058 0.991853595 2.195089817
0.988900244 0.014718515 0.147850290 -0.001987129 -0.015775017 0.999857664 0.005975626 -0.023121506 -0.147741288 -0.008241639 0.988991737 2.229759455
0.985659719 0.011788845 0.168332890 0.005995452 -0.012823544 0.999904931 0.005060962 -0.022917792 -0.168257236 -0.007147011 0.985717237 2.276402950
0.981675029 0.006857642 0.190439194 0.013348490 -0.008336423 0.999940991 0.006965071 -0.023117255 -0.190380171 -0.008425018 0.981674314 2.314787149
0.977046669 0.001319136 0.213021934 0.021341413 -0.003163741 0.999960423 0.008318570 -0.023255261 -0.213002533 -0.008801575 0.977012038 2.350534916
0.971480668 -0.003256467 0.237096488 0.030233383 0.001522660 0.999970734 0.007495400 -0.023175858 -0.237113982 -0.006920619 0.971457243 2.388328791
0.964842916 -0.009436884 0.262657821 0.040228128 0.008150116 0.999948859 0.005988096 -0.024094280 -0.262700856 -0.003636881 0.964870393 2.425549984
0.957094669 -0.012991794 0.289484173 0.050430119 0.011592024 0.999911308 0.006549519 -0.024480451 -0.289543599 -0.002912802 0.957160413 2.460841656
0.948611438 -0.015889486 0.316044241 0.061866641 0.013647981 0.999863625 0.009304670 -0.025138546 -0.316148996 -0.004513150 0.948698759 2.494470358
0.938661337 -0.019277235 0.344301075 0.073292315 0.016113959 0.999797583 0.012046959 -0.025174821 -0.344463587 -0.005759962 0.938782036 2.527530670
0.927850902 -0.023141345 0.372232735 0.088215888 0.020337140 0.999727488 0.011458436 -0.025721602 -0.372396499 -0.003061571 0.928068638 2.562604666
0.915609717 -0.022105793 0.401460022 0.102517605 0.020943658 0.999754071 0.007283763 -0.025543520 -0.401522309 0.001738957 0.915847600 2.595477581
0.902390361 -0.023325603 0.430287838 0.117659569 0.024701022 0.999691963 0.002390156 -0.026300179 -0.430211067 0.008471696 0.902688563 2.626878738
0.887943327 -0.025270991 0.459258229 0.133291185 0.028016627 0.999607146 0.000835882 -0.027466770 -0.459098905 0.012124649 0.888302445 2.658270836
0.872543275 -0.026168335 0.487835556 0.150893092 0.027928771 0.999603152 0.003666994 -0.027655618 -0.487737954 0.010425037 0.872927845 2.687460899
0.854983807 -0.024920035 0.518055737 0.169307828 0.022992829 0.999684155 0.010141132 -0.028793976 -0.518144965 0.003241064 0.855286717 2.717126608
0.835190535 -0.025074884 0.549388707 0.187419772 0.022524090 0.999681473 0.011385370 -0.026700070 -0.549499214 0.002865528 0.835489333 2.746409416
0.813680947 -0.018911792 0.581003964 0.206239104 0.018103385 0.999810338 0.007190703 -0.027723579 -0.581029654 0.004667200 0.813868999 2.774237156
0.791961551 -0.012226248 0.610448599 0.227803707 0.015731841 0.999876261 -0.000383776 -0.027484421 -0.610368311 0.009907414 0.792055786 2.801220894
0.768429995 -0.009629663 0.639861405 0.248142958 0.015185138 0.999879599 -0.003188520 -0.027032539 -0.639753699 0.012166539 0.768483758 2.828546524
0.745168686 -0.012461055 0.666759551 0.271272063 0.016524214 0.999863446 0.000219010 -0.027739614 -0.666671276 0.010854478 0.745272815 2.854224443
0.720765948 -0.011806557 0.693077922 0.294310093 0.016533507 0.999863327 -0.000161375 -0.027385958 -0.692981303 0.011575322 0.720862627 2.877909899
0.695954025 -0.009354952 0.718025267 0.318711519 0.018229563 0.999823093 -0.004642794 -0.026378576 -0.717854857 0.016320460 0.696001530 2.900212288
0.668528199 -0.007392352 0.743650079 0.342131376 0.017332327 0.999833941 -0.005642472 -0.028325880 -0.743484914 0.016661335 0.668545246 2.923341751
0.640460491 -0.005057626 0.767974555 0.368087769 0.014951843 0.999870896 -0.005884428 -0.029619768 -0.767845690 0.015251378 0.640453398 2.947000027
0.612964213 -0.002721750 0.790106058 0.394950628 0.014172588 0.999871016 -0.007550747 -0.029827448 -0.789983630 0.015826182 0.612923682 2.966879368
0.583771110 0.003118448 0.811912298 0.421893120 0.014428464 0.999794781 -0.014214255 -0.030092532 -0.811790049 0.020012517 0.583606362 2.987434387
0.553406477 0.012628951 0.832815647 0.449132919 0.013157238 0.999627650 -0.023901504 -0.030870842 -0.832807481 0.024184799 0.553034246 3.006044388
0.521505117 0.020702690 0.852996886 0.478840709 0.012525418 0.999412060 -0.031914048 -0.032269612 -0.853156209 0.027327485 0.520939231 3.025674820
0.490290225 0.025958780 0.871172607 0.507938027 0.008985102 0.999352694 -0.034834985 -0.033727340 -0.871512830 0.024906829 0.489739537 3.041248798
0.457659900 0.025151400 0.888771474 0.538213730 0.007777527 0.999448359 -0.032288376 -0.034946397 -0.889093339 0.021689538 0.457211792 3.057328701
0.423934460 0.023622580 0.905384779 0.569522977 0.002903132 0.999619246 -0.027440632 -0.036682636 -0.905688226 0.014261483 0.423704505 3.072651386
0.390003026 0.025859280 0.920450509 0.601682186 -0.000378501 0.999610007 -0.027922831 -0.036741577 -0.920813560 0.010541594 0.389860719 3.086181641
0.354873180 0.028318461 0.934485435 0.634088635 -0.006876017 0.999593198 -0.027680287 -0.038217038 -0.934889078 0.003397455 0.354923576 3.098939657
0.318032712 0.030254506 0.947596848 0.667816639 -0.011072252 0.999541044 -0.028196888 -0.039175861 -0.948015034 -0.001524498 0.318221748 3.111874580
0.282412350 0.029618928 0.958835661 0.701039791 -0.014266650 0.999542296 -0.026674325 -0.040698934 -0.959187031 -0.006146215 0.282705635 3.121269226
0.246576518 0.029441947 0.968675911 0.735808611 -0.014888548 0.999535441 -0.026590016 -0.041832797 -0.969008923 -0.007865706 0.246900380 3.129879475
0.210613906 0.028030129 0.977167428 0.770700753 -0.013559544 0.999576449 -0.025750374 -0.043512285 -0.977475345 -0.007826556 0.210904747 3.137454510
0.174737290 0.027434716 0.984232783 0.806043684 -0.012534483 0.999592721 -0.025637535 -0.044491388 -0.984535277 -0.007857016 0.175009996 3.144338131
0.140255228 0.026441660 0.989762187 0.841738701 -0.003819519 0.999650300 -0.026164573 -0.045945838 -0.990108013 -0.000110698 0.140307173 3.149173021
0.106467061 0.029656658 0.993873835 0.877733111 -0.001780720 0.999559104 -0.029635550 -0.047461938 -0.994314611 0.001385399 0.106472954 3.152853489
0.074275285 0.034699727 0.996633887 0.914098799 -0.000648936 0.999395788 -0.034747530 -0.048768464 -0.997237504 0.001934131 0.074252948 3.155465841
0.044781931 0.037951052 0.998275697 0.950024605 0.006056580 0.999249399 -0.038259767 -0.050869696 -0.998978376 0.007759483 0.044518474 3.157325506
0.019066669 0.037022229 0.999132514 0.987436712 0.007721044 0.999278963 -0.037174996 -0.051765196 -0.999788404 0.008423148 0.018767072 3.157790422
-0.003071686 0.033676688 0.999428034 1.024058938 0.009601127 0.999387741 -0.033645820 -0.053486492 -0.999949217 0.009492285 -0.003393138 3.157514334
-0.022013841 0.031229079 0.999269724 1.062233210 0.009651066 0.999472082 -0.031022785 -0.055095546 -0.999711096 0.008961090 -0.022303617 3.156851768
-0.038233832 0.034150280 0.998685122 1.099254370 0.011852160 0.999361038 -0.033719644 -0.056880146 -0.999198556 0.010547347 -0.038614154 3.155262947
-0.053275537 0.038900942 0.997821808 1.136836648 0.014328212 0.999167740 -0.038188398 -0.058172308 -0.998477161 0.012262492 -0.053788573 3.153521061
-0.065218903 0.044157781 0.996893466 1.174057961 0.019341677 0.998888612 -0.042980779 -0.059793688 -0.997683525 0.016478432 -0.066000499 3.151134729
-0.073984526 0.047907114 0.996107996 1.212386966 0.024152083 0.998638511 -0.046234962 -0.061511360 -0.996966898 0.020637410 -0.075040877 3.147894621
-0.079759113 0.052712191 0.995419443 1.248981118 0.028298333 0.998318017 -0.050598249 -0.063886106 -0.996412396 0.024133040 -0.081116639 3.144632339
-0.083498999 0.057611234 0.994841099 1.287126422 0.030478880 0.998007953 -0.055236470 -0.066148102 -0.996041656 0.025709456 -0.085088596 3.142061949
-0.086295530 0.061953858 0.994341373 1.325552702 0.032128029 0.997718513 -0.059375990 -0.068258487 -0.995751381 0.026822345 -0.088089123 3.138280153
-0.089154392 0.065142989 0.993885219 1.364350915 0.032197408 0.997525811 -0.062493403 -0.070672348 -0.995497227 0.026428962 -0.091031253 3.135212183
-0.090939760 0.068329498 0.993509471 1.401656985 0.033996984 0.997274816 -0.065476589 -0.073517762 -0.995275915 0.027821898 -0.093014933 3.131100416
-0.093300164 0.071727142 0.993051052 1.440032959 0.034719985 0.997029424 -0.068752460 -0.076460607 -0.995032430 0.028064098 -0.095513389 3.127700090
-0.095546596 0.073326342 0.992720544 1.477914572 0.037428852 0.996842623 -0.070028387 -0.079090886 -0.994720995 0.030465417 -0.097989440 3.124000311
-0.097827792 0.071891434 0.992603302 1.516567230 0.036567602 0.996973515 -0.068603985 -0.082417175 -0.994531333 0.029585749 -0.100160621 3.120462418
-0.099964209 0.072054319 0.992378592 1.555586457 0.035563383 0.996995926 -0.068807200 -0.085195929 -0.994355321 0.028414086 -0.102226406 3.116417170
-0.101325653 0.073051117 0.992167711 1.593835354 0.037653621 0.996867418 -0.069551766 -0.088637106 -0.994140625 0.030311326 -0.103758886 3.111981392
-0.104154438 0.075027436 0.991727114 1.633028388 0.036655944 0.996762574 -0.071558639 -0.091752872 -0.993885398 0.028899543 -0.106567442 3.108257055
-0.107147597 0.077376202 0.991227746 1.672878504 0.034286689 0.996661663 -0.074094124 -0.094576508 -0.993651748 0.026046908 -0.109442867 3.104072571
-0.108738877 0.080746941 0.990785420 1.712082863 0.032958973 0.996440470 -0.077590548 -0.098060057 -0.993523777 0.024218163 -0.111013144 3.099504948
-0.111135133 0.084360547 0.990218282 1.750813723 0.030421948 0.996212423 -0.081456870 -0.101769105 -0.993339479 0.021071652 -0.113280624 3.095522404
-0.114042819 0.087073803 0.989652634 1.790773511 0.027341744 0.996049464 -0.084485881 -0.104973763 -0.993099511 0.017423822 -0.115973040 3.091145992
-0.116409726 0.085215166 0.989538789 1.830932856 0.026496204 0.996224403 -0.082673855 -0.108674705 -0.992847681 0.016594978 -0.118228078 3.086122990
-0.119353138 0.081185833 0.989526987 1.870725989 0.023362739 0.996604860 -0.078948610 -0.111688860 -0.992576957 0.013695298 -0.120844647 3.081531525
-0.122475274 0.079630747 0.989271820 1.909836292 0.023373250 0.996730864 -0.077337481 -0.115101725 -0.992196381 0.013650568 -0.123936124 3.077325821
-0.123524934 0.080317579 0.989085793 1.950890541 0.023197701 0.996680439 -0.078037180 -0.117842704 -0.992070317 0.013304980 -0.124978073 3.071430922
-0.124427855 0.083120018 0.988740921 1.990541339 0.024194175 0.996442854 -0.080722764 -0.121475361 -0.991933644 0.013877613 -0.125996262 3.066154242
-0.125258103 0.085912898 0.988397360 2.029827118 0.025155321 0.996198356 -0.083403066 -0.125106245 -0.991805315 0.014416544 -0.126943082 3.061444998
-0.125204384 0.086676188 0.988337457 2.070556641 0.023724400 0.996153176 -0.084356152 -0.128505334 -0.991847277 0.012885957 -0.126779094 3.056249619
-0.126050621 0.085055210 0.988370836 2.110686779 0.020580044 0.996327519 -0.083115265 -0.132193297 -0.991810322 0.009863986 -0.127338126 3.051738262
-0.125326440 0.084478274 0.988512397 2.151812553 0.016617674 0.996407092 -0.083046116 -0.135706186 -0.991976380 0.006018904 -0.126279980 3.046343327
-0.125760153 0.085912637 0.988333642 2.192170143 0.012561271 0.996301234 -0.085006878 -0.138812214 -0.991981208 0.001724247 -0.126374170 3.041446924
-0.125770673 0.086547047 0.988276899 2.233852148 0.008819165 0.996245444 -0.086122513 -0.142347842 -0.992020130 -0.002115912 -0.126061752 3.036281109
-0.125997424 0.085768431 0.988315940 2.274358749 0.006105894 0.996303678 -0.085683197 -0.146191597 -0.992011726 -0.004761310 -0.126055405 3.031099558
-0.125726447 0.080382653 0.988803029 2.315802574 0.007000481 0.996759057 -0.080139302 -0.149978369 -0.992040217 -0.003153533 -0.125881702 3.025509119
-0.126468331 0.072057374 0.989350021 2.357681036 0.009796500 0.997400284 -0.071391411 -0.153016984 -0.991922259 0.000663411 -0.126845494 3.020602226
-0.126172259 0.066730998 0.989761353 2.398485422 0.014902104 0.997749805 -0.065369911 -0.156377986 -0.991896391 0.006501656 -0.126882777 3.014993191
-0.125751913 0.069525763 0.989622474 2.440331459 0.023381257 0.997471869 -0.067106135 -0.159063667 -0.991786242 0.014699891 -0.127059594 3.009283781
-0.124048188 0.075572334 0.989394188 2.482306242 0.029233832 0.996941090 -0.072483510 -0.161799386 -0.991845429 0.019932337 -0.125878006 3.003591061
-0.123032890 0.081097156 0.989083469 2.523495197 0.033659402 0.996423066 -0.077512011 -0.164871484 -0.991831601 0.023755433 -0.125322476 2.998262405
-0.121626265 0.086655430 0.988786042 2.565598965 0.033146072 0.995980740 -0.083208807 -0.167627066 -0.992022276 0.022654001 -0.124009706 2.992444515
-0.122643530 0.083374955 0.988942444 2.607065201 0.029026777 0.996340036 -0.080398880 -0.171572089 -0.992026150 0.018845405 -0.124614760 2.988984823
-0.121573903 0.077844813 0.989525139 2.649723768 0.031534828 0.996719480 -0.074536406 -0.175743833 -0.992081344 0.022142822 -0.123629920 2.982460022
-0.120957620 0.075345516 0.989794075 2.692353964 0.030002872 0.996937156 -0.072222769 -0.179287851 -0.992204130 0.020960776 -0.122847728 2.977014780
-0.121617191 0.076447792 0.989628732 2.734277010 0.026692871 0.996920884 -0.073730774 -0.182128727 -0.992218018 0.017449100 -0.123283342 2.972481966
-0.121371329 0.081684336 0.989240468 2.776175737 0.027421806 0.996503770 -0.078919671 -0.185415745 -0.992228270 0.017548172 -0.123186916 2.967403889
-0.120966554 0.084458418 0.989057183 2.817681789 0.026832933 0.996287942 -0.081794091 -0.188994288 -0.992293835 0.016644957 -0.122783795 2.962802410
-0.120071277 0.083166815 0.989275634 2.859468460 0.027409496 0.996382773 -0.080437519 -0.192578420 -0.992386818 0.017457312 -0.121916503 2.957592249
-0.120040722 0.076914214 0.989785075 2.902175426 0.028521003 0.996849954 -0.074004196 -0.196231008 -0.992359161 0.019346144 -0.121856280 2.952923298
-0.121036880 0.075565621 0.989767611 2.948464632 0.028292893 0.996955931 -0.072654516 -0.199007690 -0.992244720 0.019209513 -0.122806393 2.947839975
-0.120640218 0.077715591 0.989649594 2.990370274 0.024500079 0.996860385 -0.075295225 -0.203160614 -0.992393911 0.015162862 -0.122165471 2.942612171
-0.121795967 0.080846325 0.989257157 3.034058571 0.023664072 0.996630430 -0.078535423 -0.206590280 -0.992273033 0.013844550 -0.123298720 2.938923836
-0.120666638 0.081063285 0.989377737 3.078951120 0.024653226 0.996597588 -0.078648068 -0.209528685 -0.992386878 0.014901156 -0.122254558 2.932635784
-0.119259082 0.077002108 0.989872694 3.122316837 0.023674658 0.996925116 -0.074698411 -0.213813275 -0.992580891 0.014526432 -0.120715387 2.926381826
-0.121132568 0.075715818 0.989744484 3.167339802 0.024557605 0.997010171 -0.073266082 -0.217392579 -0.992332518 0.015430846 -0.122629791 2.923145294
-0.118252404 0.076887459 0.990002394 3.211486578 0.025884118 0.996897638 -0.074331187 -0.220307946 -0.992646158 0.016835500 -0.119875707 2.916430950
-0.118191421 0.077923089 0.989928722 3.256440401 0.028061891 0.996780157 -0.075111985 -0.223316014 -0.992594242 0.018901676 -0.119997546 2.911278486
-0.116525874 0.076604784 0.990228891 3.300913095 0.027864220 0.996880829 -0.073840410 -0.227514923 -0.992796719 0.018987639 -0.118296944 2.906040192
-0.114187181 0.077225275 0.990453124 3.345922947 0.029085191 0.996806681 -0.074367478 -0.231038809 -0.993033469 0.020315705 -0.116068654 2.899930954
-0.113110304 0.075447597 0.990713775 3.391032934 0.029204290 0.996934414 -0.072587065 -0.234647840 -0.993153155 0.020722745 -0.114966959 2.894871950
-0.112376757 0.074567802 0.990863800 3.437075138 0.027380694 0.997034132 -0.071926825 -0.238214523 -0.993288338 0.019047638 -0.114085168 2.890114069
-0.111490577 0.074983262 0.990932524 3.482359886 0.028170530 0.996987104 -0.072271906 -0.240939766 -0.993366122 0.019857461 -0.113266967 2.885216713
-0.109666660 0.074796535 0.991150141 3.528906822 0.026332226 0.997033298 -0.072326958 -0.245325238 -0.993619561 0.018167332 -0.111310877 2.880429745
-0.108607478 0.077593639 0.991051793 3.575005531 0.026145773 0.996827126 -0.075180553 -0.248871893 -0.993740797 0.017746644 -0.110291623 2.875491858
-0.106998347 0.076302797 0.991326988 3.622041702 0.024947701 0.996942937 -0.074042335 -0.252567768 -0.993946135 0.016808920 -0.108574845 2.870521545
-0.108304061 0.075118959 0.991275609 3.666336775 0.019563116 0.997108936 -0.073423594 -0.256027788 -0.993925333 0.011440367 -0.109460488 2.867194653
-0.106942751 0.075637214 0.991384029 3.711722851 0.017805442 0.997087896 -0.074151695 -0.259797424 -0.994105756 0.009722043 -0.107978091 2.861509800
-0.106355190 0.074524082 0.991531491 3.756790638 0.015845835 0.997187734 -0.073249519 -0.263869435 -0.994202018 0.007921175 -0.107236981 2.856155872
-0.107891738 0.072734825 0.991498351 3.803431273 0.012985987 0.997338116 -0.071750112 -0.266935676 -0.994077861 0.005134339 -0.108549073 2.851543188
-0.109054506 0.070256419 0.991549850 3.843464613 0.011779651 0.997520506 -0.069383889 -0.270538628 -0.993965924 0.004113484 -0.109611690 2.846939802
-0.110533677 0.070497893 0.991368949 3.896840811 0.008386085 0.997511685 -0.069999710 -0.274007767 -0.993836999 0.000576378 -0.110849835 2.841479301
-0.111578301 0.071553335 0.991176307 3.942114353 0.009531279 0.997435570 -0.070932262 -0.277162224 -0.993709922 0.001532677 -0.111974180 2.836381674
-0.114510089 0.069671325 0.990975976 3.991649628 0.008079944 0.997569978 -0.069201261 -0.280782878 -0.993389189 0.000082789 -0.114794746 2.830808401
-0.117980815 0.064547412 0.990915835 4.036669254 0.005304334 0.997911870 -0.064371571 -0.284212112 -0.993001699 -0.002338463 -0.118076824 2.825989008
-0.122082435 0.064967364 0.990391374 4.084005833 0.005047657 0.997883141 -0.064836599 -0.287440896 -0.992507041 -0.002916253 -0.122151941 2.820213318
-0.127881706 0.071460150 0.989211738 4.129546165 -0.001246276 0.997388601 -0.072211951 -0.290370077 -0.991788566 -0.010467417 -0.127458721 2.815346241
-0.134361535 0.073350757 0.988213837 4.175527096 0.000191361 0.997258425 -0.073996089 -0.294767141 -0.990932345 -0.009753117 -0.134007215 2.808554649
-0.142896190 0.070282385 0.987239063 4.221042156 0.001327129 0.997488141 -0.070819944 -0.297929496 -0.989736795 -0.008809705 -0.142630517 2.801896572
-0.154687747 0.067118362 0.985680819 4.266512394 0.004273338 0.997725785 -0.067267910 -0.302293122 -0.987954140 -0.006193373 -0.154622763 2.795563221
-0.168146074 0.067925707 0.983418941 4.311784267 0.004806476 0.997667730 -0.068088055 -0.305788904 -0.985750377 -0.006721959 -0.168080419 2.788538456
-0.181577414 0.068134077 0.981013477 4.356829643 0.006726453 0.997659564 -0.068045169 -0.309355527 -0.983353674 -0.005756727 -0.181610748 2.779953241
-0.195770010 0.066797331 0.978372276 4.400721073 0.007825636 0.997752130 -0.066554584 -0.312603831 -0.980618656 -0.005373007 -0.195852682 2.771213531
-0.211093679 0.068588041 0.975056469 4.445973396 0.011462847 0.997640193 -0.067695007 -0.316317141 -0.977398574 -0.003113065 -0.211381778 2.761571407
-0.228416353 0.072971076 0.970824957 4.488689423 0.011217538 0.997318149 -0.072323143 -0.318575025 -0.973498940 -0.005629523 -0.228622362 2.753717661
-0.241180986 0.075446710 0.967543066 4.533059597 0.011233506 0.997123778 -0.074953154 -0.323748052 -0.970415115 -0.007208374 -0.241334796 2.740831852
-0.257565141 0.073425263 0.963467121 4.576638222 0.007336426 0.997228563 -0.074036941 -0.327101111 -0.966233134 -0.012000931 -0.257389992 2.729895830
-0.273310274 0.068115652 0.959511220 4.621117115 0.002027006 0.997528195 -0.070237093 -0.330704600 -0.961923718 -0.017251588 -0.272772878 2.717545509
-0.289221942 0.063561313 0.955149591 4.663675785 -0.001522834 0.997761309 -0.066858083 -0.334568828 -0.957260847 -0.020791356 -0.288477659 2.705283642
-0.304174215 0.065414801 0.950367808 4.707582474 -0.003100711 0.997566223 -0.069655940 -0.337662518 -0.952611387 -0.024134355 -0.303231090 2.691884041
-0.318684161 0.067703500 0.945439935 4.749945641 -0.002249889 0.997388959 -0.072181985 -0.341031849 -0.947858274 -0.025130391 -0.317699790 2.678135872
-0.332952201 0.069407791 0.940385759 4.790742874 -0.001430940 0.997249007 -0.074111365 -0.345003903 -0.942942679 -0.026021179 -0.331936926 2.664288044
-0.346070141 0.070112906 0.935585320 4.833673954 0.001548999 0.997245073 -0.074160747 -0.348028481 -0.938207388 -0.024215596 -0.345225394 2.647891045
-0.360940874 0.067916237 0.930112422 4.875716686 0.000853745 0.997368276 -0.072495922 -0.351838171 -0.932588339 -0.025372654 -0.360048980 2.632277966
-0.374631763 0.067168623 0.924737453 4.916882515 0.001342310 0.997410655 -0.071903460 -0.355187386 -0.927172720 -0.025696041 -0.373751909 2.615472794
-0.389612675 0.068202689 0.918449938 4.958130360 -0.000510227 0.997238040 -0.074269809 -0.358903289 -0.920978665 -0.029405082 -0.388501793 2.598620176
-0.404143006 0.070015974 0.912012160 4.998337746 0.000103857 0.997069657 -0.076499887 -0.362640858 -0.914695799 -0.030822175 -0.402966022 2.581289291
-0.419751734 0.070548803 0.904892981 5.040524006 0.000619085 0.996996760 -0.077442363 -0.367299050 -0.907638729 -0.031946365 -0.418534756 2.562771320
-0.433157951 0.073477663 0.898317933 5.077565193 0.004111984 0.996822298 -0.079552054 -0.370936483 -0.901308537 -0.030764738 -0.432083696 2.543571472
-0.449113935 0.077120684 0.890139937 5.122169018 0.003829717 0.996424854 -0.084396832 -0.374758005 -0.893466294 -0.034494810 -0.447803587 2.523541927
-0.464003801 0.078778692 0.882323325 5.161525726 0.004799699 0.996246696 -0.086426295 -0.379049599 -0.885820210 -0.035867244 -0.462640375 2.503297567
-0.480454266 0.075382426 0.873774171 5.202465534 0.002896748 0.996430218 -0.084371410 -0.383563846 -0.877014995 -0.038005508 -0.478957444 2.482944965
-0.495144486 0.072487593 0.865781307 5.243152618 0.001350517 0.996576369 -0.082666032 -0.386927575 -0.868809521 -0.039762385 -0.493547171 2.458832026
-0.511286080 0.073617615 0.856251657 5.282239914 0.001391333 0.996393979 -0.084835768 -0.390184313 -0.859409332 -0.042184025 -0.509544790 2.436071634
-0.527169287 0.071833894 0.846718609 5.322480202 -0.000175936 0.996411324 -0.084643058 -0.394808441 -0.849760234 -0.044770192 -0.525264800 2.411994457
-0.543623626 0.071073510 0.836314380 5.361170292 -0.000046552 0.996405780 -0.084708996 -0.398824632 -0.839329064 -0.046088737 -0.541666269 2.387949467
-0.558494925 0.070802703 0.826480746 5.399747849 -0.001032478 0.996290505 -0.086047605 -0.402854204 -0.829507291 -0.048910465 -0.556350112 2.361948490
-0.574065387 0.069384895 0.815864444 5.437875748 -0.002356953 0.996259093 -0.086384900 -0.407259494 -0.818805993 -0.051513538 -0.571754336 2.335618019
-0.588804960 0.067826733 0.805424273 5.475171566 -0.001554586 0.996375978 -0.085043736 -0.410628289 -0.808273673 -0.051326267 -0.586565673 2.308710098
-0.603856087 0.063774988 0.794537961 5.512385845 -0.001837726 0.996680081 -0.081396975 -0.415275693 -0.797091305 -0.050612204 -0.601734102 2.281112671
-0.618733943 0.062596872 0.783102751 5.550279617 -0.000273999 0.996803164 -0.079895392 -0.419048607 -0.785600543 -0.049648557 -0.616738856 2.251834869
-0.633575916 0.061049324 0.771268189 5.586084366 -0.000972116 0.996818244 -0.079701200 -0.423009634 -0.773679912 -0.051246516 -0.631500602 2.222994804
-0.648072779 0.061960232 0.759053707 5.622919083 -0.002641674 0.996496022 -0.083597690 -0.426759243 -0.761573792 -0.056182563 -0.645638347 2.191949606
-0.663056672 0.061979476 0.745998859 5.656940460 -0.003853555 0.996270597 -0.086197793 -0.430554509 -0.748559296 -0.060028773 -0.660345078 2.162142992
-0.679061174 0.058350604 0.731758952 5.693393707 -0.006015635 0.996360004 -0.085032351 -0.435088634 -0.734057069 -0.062144168 -0.676238358 2.129594803
-0.695526838 0.050785627 0.716703117 5.726784229 -0.009896537 0.996727109 -0.080232263 -0.438742995 -0.718432069 -0.062896565 -0.692747712 2.098692894
-0.712117493 0.048241004 0.700400949 5.760919571 -0.010675916 0.996776998 -0.079508781 -0.443037927 -0.701979160 -0.064097010 -0.709307313 2.065212250
-0.729873598 0.045554023 0.682062626 5.793830872 -0.011923295 0.996776879 -0.079332456 -0.447581828 -0.683478177 -0.066035077 -0.726978004 2.031818867
-0.747243822 0.041583672 0.663247585 5.824091911 -0.015717678 0.996655285 -0.080195561 -0.450714856 -0.664364100 -0.070350364 -0.744090855 1.999032021
-0.763025105 0.039430443 0.645165026 5.858580589 -0.015339199 0.996751964 -0.079059698 -0.455289632 -0.646186769 -0.070220865 -0.759941876 1.958775759
-0.779135823 0.041457430 0.625482738 5.888727188 -0.013000129 0.996527433 -0.082244195 -0.459553152 -0.626720250 -0.072210759 -0.775891304 1.922662616
-0.793857038 0.041608762 0.606679142 5.917081833 -0.008936229 0.996750414 -0.080054902 -0.463586390 -0.608038604 -0.068973586 -0.790905535 1.885757685
-0.808537900 0.042421490 0.586912990 5.948642254 -0.005777051 0.996777773 -0.080004647 -0.467589140 -0.588415742 -0.068077408 -0.805687547 1.843824625
-0.823041856 0.044789866 0.566211879 5.976893425 -0.002699472 0.996566117 -0.082756713 -0.471704721 -0.567974210 -0.069640718 -0.820094824 1.804891348
-0.836605191 0.045651451 0.545900822 6.002237320 -0.002075715 0.996250272 -0.086493418 -0.476071954 -0.547802329 -0.073493972 -0.833373427 1.767007589
-0.849360704 0.046381410 0.525771022 6.031077385 0.000612479 0.996217489 -0.086892873 -0.479899764 -0.527812481 -0.073481366 -0.846176386 1.722159505
-0.861489058 0.044655088 0.505808771 6.056661606 0.001651841 0.996366739 -0.085150369 -0.483346820 -0.507773459 -0.072520599 -0.858432770 1.681084156
-0.871044219 0.046979975 0.488952845 6.080080509 0.005323412 0.996260285 -0.086240128 -0.488136590 -0.491175741 -0.072516069 -0.868036687 1.637325644
-0.881287217 0.049433544 0.469988525 6.104100704 0.007121337 0.995790243 -0.091384143 -0.490754187 -0.472527444 -0.077188723 -0.877929211 1.596873283
-0.889671385 0.048576232 0.454010040 6.127810478 0.007095823 0.995675623 -0.092626207 -0.495603442 -0.456546217 -0.079185307 -0.886168838 1.551489949
-0.897948682 0.045432150 0.437748700 6.150739670 0.005711086 0.995776415 -0.091632508 -0.500946939 -0.440062940 -0.079781272 -0.894415736 1.507877707
-0.905247569 0.043104704 0.422692060 6.171826363 0.004467239 0.995751202 -0.091976188 -0.505380154 -0.424860746 -0.081372969 -0.901594043 1.464519143
-0.911597252 0.041172683 0.409017742 6.191387177 0.004248853 0.995862186 -0.090776242 -0.510667264 -0.411062837 -0.081013501 -0.908000112 1.419063210
-0.917751670 0.039006725 0.395234644 6.211591244 0.003384840 0.995897174 -0.090427920 -0.514860332 -0.397140473 -0.081652567 -0.914118409 1.374022245
-0.923306644 0.034182154 0.382539570 6.230768204 0.000883852 0.996217966 -0.086884670 -0.519476771 -0.384062678 -0.079883061 -0.919844925 1.328881502
-0.928235233 0.031034676 0.370696902 6.249089718 0.000416120 0.996599793 -0.082393177 -0.525125086 -0.371993572 -0.076325983 -0.925091982 1.282807112
-0.932801008 0.029781250 0.359159261 6.267968178 0.001537931 0.996899664 -0.078667961 -0.529544830 -0.360388637 -0.072829194 -0.929954767 1.236837149
-0.935554981 0.034918323 0.351450771 6.285086155 0.006430069 0.996619642 -0.081902228 -0.533046484 -0.353122622 -0.074364178 -0.932616949 1.189686894
-0.937831581 0.040178131 0.344757169 6.302041531 0.012458337 0.996534169 -0.082246445 -0.538113594 -0.346866816 -0.072838217 -0.935081840 1.144505262
-0.939688027 0.042772710 0.339347422 6.319092274 0.014754185 0.996295512 -0.084721223 -0.542439520 -0.341714025 -0.074604720 -0.936838210 1.097849250
-0.941560149 0.040027365 0.334458023 6.336285591 0.012946964 0.996481359 -0.082809128 -0.547428727 -0.336595803 -0.073639572 -0.938765407 1.052780390
-0.943409801 0.032154657 0.330066770 6.352461815 0.006208242 0.996826291 -0.079364799 -0.551347435 -0.331571192 -0.072824396 -0.940615296 1.007084489
-0.945443392 0.025060389 0.324821144 6.369597435 -0.000149224 0.997003615 -0.077354506 -0.555539131 -0.325786382 -0.073182791 -0.942606747 0.961185217
-0.947227895 0.018925520 0.320002139 6.386523724 -0.006670299 0.996875882 -0.078701623 -0.559770882 -0.320491880 -0.076682881 -0.944142282 0.914860845
-0.948711336 0.015894597 0.315743774 6.402047634 -0.010506038 0.996598601 -0.081736289 -0.563697934 -0.315969050 -0.080861375 -0.945317388 0.870305657
-0.949438453 0.015633410 0.313563824 6.417945385 -0.011302968 0.996409833 -0.083902374 -0.568234026 -0.313749820 -0.083204344 -0.945853055 0.824231625
-0.949822068 0.016586384 0.312350750 6.433588505 -0.010773960 0.996265590 -0.085665859 -0.572831511 -0.312605172 -0.084732570 -0.946096420 0.777930737
-0.949560583 0.019803116 0.312957644 6.448733807 -0.007968220 0.996157944 -0.087210946 -0.577298284 -0.313482374 -0.085305795 -0.945754588 0.731393456
-0.949081481 0.021451918 0.314299673 6.464125156 -0.006833972 0.996042132 -0.088619284 -0.582125008 -0.314956784 -0.086254820 -0.945178509 0.684935451
-0.948712409 0.021360710 0.315418005 6.479526520 -0.007701610 0.995857000 -0.090606213 -0.586636722 -0.316046596 -0.088388465 -0.944617391 0.639508486
-0.948340118 0.021943251 0.316495866 6.495419979 -0.007042084 0.995903492 -0.090148531 -0.591149211 -0.317177564 -0.087720267 -0.944300652 0.596001029
-0.947522402 0.021473004 0.318967402 6.511278152 -0.007515855 0.995969653 -0.089375578 -0.596420169 -0.319601029 -0.087082669 -0.943542123 0.548716307
-0.946092546 0.019483088 0.323309869 6.527210712 -0.010650903 0.995778084 -0.091174372 -0.600631833 -0.323721200 -0.089702927 -0.941890657 0.502062440
-0.944689035 0.018049838 0.327470452 6.543659210 -0.011524946 0.996040702 -0.088148005 -0.605575681 -0.327764928 -0.087046519 -0.940740764 0.458065033
-0.943358779 0.016438127 0.331366837 6.560441017 -0.013087121 0.996150732 -0.086673446 -0.609383404 -0.331516117 -0.086100779 -0.939512491 0.412115216
-0.940074623 0.012896529 0.340724647 6.575602531 -0.016408505 0.996415555 -0.082986444 -0.614404500 -0.340573549 -0.083604239 -0.936493456 0.366901398
-0.937025189 0.015317241 0.348925740 6.591799259 -0.014432270 0.996486425 -0.082501285 -0.618969917 -0.348963469 -0.082341589 -0.933511853 0.322070599
-0.933552563 0.015801754 0.358092099 6.608131886 -0.014728753 0.996492743 -0.082370982 -0.623231053 -0.358137876 -0.082171880 -0.930045784 0.277739286
-0.930489779 0.017390117 0.365904868 6.626859665 -0.015086950 0.996205688 -0.085711852 -0.627601504 -0.366007119 -0.085274383 -0.926696897 0.233526707
-0.926157892 0.018355990 0.376689315 6.644243240 -0.014720873 0.996294022 -0.084743097 -0.631904840 -0.376848847 -0.084030673 -0.922455370 0.188775539
-0.922053397 0.019720020 0.386559963 6.663707256 -0.014851323 0.996163487 -0.086242959 -0.636434615 -0.386777610 -0.085261554 -0.918223143 0.147028685
-0.915306032 0.022351963 0.402138352 6.682986259 -0.014032683 0.996082783 -0.087304778 -0.640888035 -0.402514547 -0.085553676 -0.911406875 0.099523544
-0.910035670 0.023503711 0.413863003 6.703122139 -0.014019399 0.996075034 -0.087395132 -0.645575583 -0.414292723 -0.085334793 -0.906134367 0.057439089
-0.903326690 0.022985233 0.428336978 6.723560333 -0.014853571 0.996288478 -0.084787324 -0.649939120 -0.428695947 -0.082952984 -0.899632394 0.013306141
-0.897136092 0.024389263 0.441080481 6.744812965 -0.014947526 0.996227086 -0.085488290 -0.654516935 -0.441501170 -0.083287694 -0.893386662 -0.029117823
-0.890155613 0.027735855 0.454811960 6.766536713 -0.012220301 0.996333539 -0.084677041 -0.658440053 -0.455493122 -0.080933668 -0.886552811 -0.071911335
-0.882896841 0.030036986 0.468605310 6.788698673 -0.009527712 0.996600688 -0.081831902 -0.663021028 -0.469470322 -0.076713860 -0.879609406 -0.113671303
-0.874902546 0.031535007 0.483271152 6.811142921 -0.007883137 0.996818185 -0.079317078 -0.667065859 -0.484234720 -0.073204406 -0.871870279 -0.155335903
-0.867139816 0.034473062 0.496870488 6.834376812 -0.005323145 0.996903360 -0.078455515 -0.670892477 -0.498036444 -0.070676804 -0.864271045 -0.195661306
-0.857640207 0.038242746 0.512826145 6.857848644 -0.001040466 0.997099936 -0.076096334 -0.675265193 -0.514249086 -0.065796845 -0.855113149 -0.235878468
-0.847205341 0.041413657 0.529648840 6.881394386 0.002457253 0.997251928 -0.074045368 -0.679660976 -0.531259775 -0.061430164 -0.844978809 -0.274851322
-0.836079657 0.043234993 0.546901762 6.906574726 0.003691562 0.997310579 -0.073198326 -0.683743238 -0.548595607 -0.059180699 -0.833990693 -0.314141273
-0.824427366 0.043980673 0.564256310 6.931980133 0.004057684 0.997409821 -0.071813978 -0.688124120 -0.565953195 -0.056915831 -0.822470427 -0.352457285
-0.812919080 0.047793750 0.580412209 6.958112240 0.007155096 0.997371256 -0.072106674 -0.691122532 -0.582332671 -0.054463994 -0.811124086 -0.388938904
-0.799792230 0.050065253 0.598185539 6.986244202 0.008111686 0.997326195 -0.072625846 -0.694630742 -0.600222170 -0.053233299 -0.798059881 -0.427233934
-0.786358297 0.051655952 0.615607202 7.012589455 0.010939618 0.997506082 -0.069727346 -0.698132753 -0.617673814 -0.048096176 -0.784962177 -0.461100817
-0.771809995 0.051896099 0.633731961 7.040858269 0.011482446 0.997638822 -0.067712076 -0.702340603 -0.635749578 -0.044984061 -0.770583451 -0.495268106
-0.755008161 0.056122325 0.653309226 7.069653511 0.014339145 0.997505367 -0.069119111 -0.705224454 -0.655558586 -0.042817596 -0.753929436 -0.529150724
-0.738010526 0.058793660 0.672222972 7.098806858 0.014815839 0.997368753 -0.070965610 -0.708942413 -0.674626470 -0.042413823 -0.736939669 -0.561305761
-0.720450938 0.059666682 0.690934420 7.130381584 0.014083463 0.997345328 -0.071442150 -0.712487221 -0.693363011 -0.041739814 -0.719378650 -0.593982220
-0.702475667 0.059700813 0.709199369 7.161292553 0.012177581 0.997337878 -0.071894355 -0.715673685 -0.711603522 -0.041867711 -0.701332629 -0.623743773
-0.681325495 0.059132703 0.729588151 7.193053246 0.011373016 0.997466445 -0.070223399 -0.719779849 -0.731892228 -0.039547369 -0.680271804 -0.654958010
