0.999996006 -0.002076878 -0.001979433 0.000452555 0.002082459 0.999993742 0.002821546 -0.000806448 0.001973562 -0.002825657 0.999994040 0.058654483
0.999993026 -0.002563668 -0.002715867 -0.000960271 0.002573988 0.999989510 0.003802966 -0.001566997 0.002706081 -0.003809930 0.999989092 0.115378343
0.999989271 -0.001731009 -0.004295763 -0.001262178 0.001748414 0.999990225 0.004051147 -0.002533779 0.004288706 -0.004058615 0.999982595 0.172880173
0.999985814 -0.000709915 -0.005280464 -0.002411673 0.000730714 0.999991953 0.003937883 -0.003157921 0.005277619 -0.003941686 0.999978185 0.229784727
0.999978483 -0.000941737 -0.006487235 -0.003358666 0.000968429 0.999991000 0.004112606 -0.003702463 0.006483302 -0.004118801 0.999970496 0.286758751
0.999956965 -0.000776377 -0.009247161 -0.003054758 0.000806156 0.999994516 0.003216933 -0.003462354 0.009244610 -0.003224249 0.999952078 0.340975791
0.999943793 -0.002988765 -0.010172967 -0.004479626 0.003028901 0.999987662 0.003932183 -0.005056899 0.010161086 -0.003962774 0.999940515 0.400500000
0.999926031 -0.004640970 -0.011236284 -0.005599810 0.004687418 0.999980628 0.004110859 -0.005611188 0.011216982 -0.004163226 0.999928355 0.457726985
0.999913216 -0.003796092 -0.012618973 -0.006551794 0.003849083 0.999983907 0.004177666 -0.006331679 0.012602910 -0.004225875 0.999911606 0.514081120
0.999899209 -0.003514086 -0.013751037 -0.007671813 0.003574650 0.999984026 0.004382256 -0.007125505 0.013735413 -0.004430970 0.999895871 0.569981813
0.999899268 -0.001789978 -0.014082621 -0.008845833 0.001852515 0.999988496 0.004428951 -0.007409580 0.014074527 -0.004454593 0.999891043 0.624491811
0.999887526 -0.000529628 -0.014992889 -0.009508036 0.000616277 0.999983132 0.005775326 -0.008117355 0.014989577 -0.005783916 0.999870896 0.682639062
0.999892294 0.001496225 -0.014601615 -0.011266895 -0.001413413 0.999982893 0.005680044 -0.008026782 0.014609864 -0.005658795 0.999877274 0.736665845
0.999871433 0.000192692 -0.016036706 -0.011692148 -0.000096154 0.999981940 0.006020381 -0.008547593 0.016037580 -0.006018065 0.999853194 0.794353366
0.999870360 0.001155511 -0.016067514 -0.013154390 -0.001048896 0.999977469 0.006642236 -0.009139243 0.016074829 -0.006624523 0.999848783 0.847574055
0.999856710 0.001652892 -0.016848750 -0.014099340 -0.001543041 0.999977469 0.006530805 -0.009246362 0.016859159 -0.006503870 0.999836743 0.906342685
0.999852240 0.002472060 -0.017018884 -0.014422840 -0.002352504 0.999972403 0.007041381 -0.009089191 0.017035814 -0.007000303 0.999830425 0.959087551
0.999860227 0.002474921 -0.016534792 -0.016447835 -0.002373194 0.999978185 0.006169078 -0.010036016 0.016549695 -0.006128976 0.999844193 1.016519666
0.999856591 0.003848768 -0.016494982 -0.017219020 -0.003774052 0.999982595 0.004558316 -0.010690329 0.016512234 -0.004495411 0.999853492 1.068007588
0.999872565 0.001591845 -0.015881926 -0.019067124 -0.001527114 0.999990463 0.004087020 -0.011193539 0.015888281 -0.004062245 0.999865532 1.125250340
0.999877453 0.000636264 -0.015638515 -0.019830383 -0.000534963 0.999978840 0.006480960 -0.011477478 0.015642306 -0.006471800 0.999856770 1.175864935
0.999886632 -0.000012032 -0.015062775 -0.021644173 0.000131089 0.999968767 0.007903078 -0.012157964 0.015062203 -0.007904155 0.999855280 1.233104944
0.999884903 -0.001310583 -0.015126100 -0.022418063 0.001418049 0.999973834 0.007096130 -0.012647476 0.015116396 -0.007116763 0.999860346 1.283701658
0.999890208 -0.001221732 -0.014761966 -0.023639794 0.001302009 0.999984384 0.005429694 -0.012934892 0.014755107 -0.005448319 0.999876261 1.337595701
0.999899745 -0.000034808 -0.014157670 -0.025492065 0.000102835 0.999988437 0.004804283 -0.013377026 0.014157344 -0.004805258 0.999888241 1.385517836
0.999916494 0.000646960 -0.012910011 -0.026020914 -0.000598021 0.999992669 0.003794320 -0.014369040 0.012912367 -0.003786285 0.999909401 1.440713763
0.999937177 0.001155036 -0.011153652 -0.027354494 -0.001102977 0.999988496 0.004672400 -0.014642576 0.011158916 -0.004659805 0.999926865 1.489099264
0.999953330 0.000791364 -0.009628553 -0.028382752 -0.000730078 0.999979556 0.006366828 -0.015057159 0.009633389 -0.006359502 0.999933422 1.536282897
0.999964416 0.001328827 -0.008325454 -0.028375659 -0.001262526 0.999967575 0.007963926 -0.015959011 0.008335761 -0.007953132 0.999933600 1.590450764
0.999974847 0.001100012 -0.007008841 -0.027750030 -0.001042060 0.999965370 0.008266779 -0.016185300 0.007017687 -0.008259266 0.999941230 1.636375070
0.999995410 0.000056220 -0.003020729 -0.029188618 -0.000033703 0.999972343 0.007453581 -0.016465060 0.003021060 -0.007453445 0.999967575 1.680999756
0.999999166 0.000566144 0.001079965 -0.029682094 -0.000572902 0.999980211 0.006268261 -0.017586652 -0.001076400 -0.006268874 0.999979734 1.734336615
0.999987602 0.000449218 0.004942761 -0.029946243 -0.000470339 0.999990761 0.004272765 -0.017820209 -0.004940801 -0.004275037 0.999978662 1.777609587
0.999961495 0.000258674 0.008766009 -0.029186638 -0.000301927 0.999987841 0.004933308 -0.018445738 -0.008764632 -0.004935765 0.999949396 1.821357012
0.999898314 0.001512000 0.014179218 -0.029109532 -0.001579954 0.999987364 0.004782560 -0.019235708 -0.014171809 -0.004804476 0.999887943 1.873372316
0.999778628 0.003209991 0.020793667 -0.028466586 -0.003283062 0.999988616 0.003480913 -0.019591803 -0.020782255 -0.003548409 0.999777675 1.916270733
0.999608278 0.004331951 0.027649555 -0.026270203 -0.004444178 0.999982178 0.003998721 -0.020342404 -0.027631741 -0.004120033 0.999609649 1.958210826
0.999324858 0.005289366 0.036358494 -0.026182689 -0.005475749 0.999972403 0.005028585 -0.021315372 -0.036330894 -0.005224281 0.999326169 2.006217957
0.998898089 0.007273904 0.046368163 -0.024383567 -0.007547387 0.999955177 0.005725767 -0.021662116 -0.046324439 -0.006069416 0.998907983 2.046983480
0.998197734 0.009749607 0.059213754 -0.022365697 -0.010093076 0.999934077 0.005504215 -0.021636436 -0.059156172 -0.006091944 0.998230159 2.085325480
0.997192323 0.011876786 0.073935434 -0.018988818 -0.012372805 0.999903858 0.006254387 -0.022893012 -0.073854044 -0.007151614 0.997243404 2.133869886
0.995823205 0.014206816 0.090190604 -0.016030073 -0.014949957 0.999859631 0.007569438 -0.023365902 -0.090070389 -0.008886168 0.995895743 2.172419310
0.994170904 0.014118271 0.106887788 -0.011846110 -0.015109160 0.999850035 0.008466197 -0.023613930 -0.106752232 -0.010031831 0.994235039 2.207864285
0.991856217 0.013680105 0.126625657 -0.006845862 -0.014690978 0.999867260 0.007052697 -0.023655511 -0.126512349 -0.008855516 0.991925478 2.256085634
0.989025235 0.012491880 0.147217244 -0.001540005 -0.013483454 0.999892592 0.005739391 -0.023638565 -0.147129729 -0.007661399 0.989087462 2.294014215
0.985726893 0.010096126 0.168049246 0.003746420 -0.011186208 0.999922156 0.005541288 -0.024068084 -0.167980194 -0.007342030 0.985763013 2.329329252
0.981891870 0.004391527 0.189390838 0.012925744 -0.005966988 0.999952316 0.007749165 -0.024751462 -0.189347774 -0.008738935 0.981871128 2.375426054
0.977117836 0.000166548 0.212698042 0.020560622 -0.002238932 0.999952316 0.009502487 -0.025198730 -0.212686330 -0.009761266 0.977071762 2.410765886
0.971665025 -0.005117776 0.236306340 0.029401422 0.002885958 0.999947906 0.009789519 -0.026142120 -0.236344114 -0.008830164 0.971629262 2.445783854
0.965058744 -0.012028288 0.261757344 0.040451944 0.010569440 0.999919772 0.006980485 -0.025858874 -0.261820287 -0.003969950 0.965108514 2.489457130
0.957484901 -0.015475992 0.288067877 0.050279081 0.013812548 0.999874175 0.007806282 -0.026213476 -0.288152426 -0.003495445 0.957578182 2.522831678
0.948813260 -0.017733574 0.315339088 0.061237693 0.015313539 0.999831140 0.010150637 -0.026496315 -0.315465838 -0.004802102 0.948924899 2.556576490
0.938899994 -0.021883523 0.343493640 0.075463831 0.018435942 0.999741495 0.013299691 -0.026927672 -0.343695998 -0.006154450 0.939060688 2.597617626
0.927879095 -0.024852064 0.372052312 0.088006616 0.021693768 0.999684274 0.012673021 -0.026920807 -0.372249812 -0.003687814 0.928125203 2.629507542
0.916052938 -0.024113733 0.400331736 0.101750076 0.022331681 0.999709070 0.009116718 -0.027121061 -0.400435060 0.000588684 0.916324914 2.659516335
0.902895093 -0.025446802 0.429107308 0.116024196 0.026402013 0.999644399 0.003727516 -0.027449634 -0.429049611 0.007963741 0.903245747 2.690080166
0.888699770 -0.027855296 0.457642823 0.136423945 0.030300720 0.999538779 0.001997663 -0.028723100 -0.457487404 0.012091583 0.889133871 2.728921890
0.872521281 -0.028129863 0.487765729 0.152109385 0.029723303 0.999548137 0.004475388 -0.028412435 -0.487671167 0.010593140 0.872963071 2.759780884
0.854921699 -0.027296655 0.518038571 0.169924736 0.025512107 0.999618649 0.010569477 -0.029205583 -0.518129528 0.004180182 0.855291903 2.788275719
0.835324943 -0.027535206 0.549066782 0.188528299 0.023601895 0.999620199 0.014223227 -0.029194437 -0.549250007 0.001078002 0.835657418 2.816515684
0.813540041 -0.020879183 0.581134200 0.205790162 0.019706775 0.999770999 0.008332253 -0.028335536 -0.581175208 0.004673662 0.813765168 2.843510151
0.792136073 -0.014294376 0.610177219 0.232745647 0.016383423 0.999863386 0.002154337 -0.029586099 -0.610124648 0.008290259 0.792262077 2.878468037
0.769321620 -0.012315240 0.638743162 0.253561020 0.015565265 0.999878645 0.000530818 -0.030539081 -0.638672173 0.009533833 0.769419909 2.904581547
0.746698439 -0.013948568 0.665016532 0.276056290 0.016488818 0.999861002 0.002457770 -0.029453838 -0.664958298 0.009130122 0.746824682 2.927789211
0.721930802 -0.014795003 0.691807032 0.303089023 0.017557308 0.999841034 0.003060815 -0.030025592 -0.691742480 0.009936574 0.722075880 2.957452536
0.696849644 -0.012754837 0.717103839 0.326325893 0.018194994 0.999834359 0.000102568 -0.030425953 -0.716986537 0.012976226 0.696966231 2.979424953
0.670202076 -0.010363213 0.742106378 0.353348255 0.018105146 0.999833226 -0.002388635 -0.030752469 -0.741957724 0.015036809 0.670277953 3.004837513
0.643258095 -0.008356571 0.765603900 0.378214240 0.016240841 0.999864340 -0.002731979 -0.031532597 -0.765477061 0.014191417 0.643306494 3.025720596
0.615293920 -0.006999675 0.788266778 0.403714657 0.016248155 0.999860764 -0.003804155 -0.032077163 -0.788130224 0.015148552 0.615321875 3.045511723
0.586445272 -0.000000706 0.809988856 0.434920549 0.014842923 0.999832034 -0.010745651 -0.032379508 -0.809852839 0.018324334 0.586346865 3.068839073
0.555737615 0.009256106 0.831306219 0.461527467 0.013706121 0.999700069 -0.020293768 -0.033209469 -0.831244707 0.022671990 0.555444121 3.088168621
0.525518298 0.017677153 0.850598693 0.492765188 0.012608926 0.999512494 -0.028561952 -0.034106858 -0.850688934 0.025734957 0.525039196 3.106608868
0.493711293 0.022550970 0.869333446 0.520949364 0.010189129 0.999445140 -0.031712733 -0.035077885 -0.869566202 0.024514683 0.493207455 3.122978687
0.461165011 0.022124918 0.887038469 0.555172205 0.008114098 0.999542117 -0.029149501 -0.036627658 -0.887277126 0.020640247 0.460774511 3.141345024
0.427991062 0.021357942 0.903530598 0.585327387 0.003471600 0.999674499 -0.025275080 -0.037438150 -0.903776169 0.013954203 0.427777737 3.155857086
0.393781871 0.022241987 0.918934762 0.621116757 -0.000212632 0.999709368 -0.024105946 -0.038846441 -0.919203877 0.009297089 0.393672168 3.171765566
0.358849704 0.025247635 0.933053792 0.652807772 -0.007259448 0.999679327 -0.024258504 -0.039838221 -0.933367193 0.001931701 0.358917892 3.184260368
0.322261930 0.026934806 0.946267247 0.689439476 -0.012083581 0.999630749 -0.024338558 -0.041425407 -0.946573436 -0.003590906 0.322468400 3.198325872
0.286060244 0.026793245 0.957836986 0.722076058 -0.014456674 0.999615848 -0.023644395 -0.042077489 -0.958102584 -0.007083417 0.286337733 3.208422184
0.249636739 0.026035922 0.967989385 0.760954499 -0.015338913 0.999619365 -0.022930887 -0.043648951 -0.968218088 -0.009123511 0.249941126 3.219295979
0.213925898 0.025720721 0.976511180 0.795510173 -0.014169771 0.999629855 -0.023225456 -0.044521544 -0.976747155 -0.008868410 0.214211211 3.226848125
0.178532600 0.024100639 0.983638823 0.834138274 -0.012356483 0.999676228 -0.022250842 -0.045900956 -0.983856380 -0.008181816 0.178772613 3.233895540
0.144344002 0.023182066 0.989256024 0.869761705 -0.004204788 0.999730945 -0.022814002 -0.047144532 -0.989518642 -0.000866547 0.144402683 3.238755226
0.110378146 0.026735524 0.993529975 0.909276366 -0.002125485 0.999642193 -0.026663868 -0.048340529 -0.993887365 0.000831375 0.110395461 3.243186951
0.077340655 0.031449541 0.996508539 0.944804549 -0.001236635 0.999504566 -0.031448118 -0.049684331 -0.997003973 0.001199900 0.077341206 3.246279716
0.048655465 0.035414610 0.998187602 0.985253751 0.005229046 0.999348462 -0.035710689 -0.051317904 -0.998801947 0.006957089 0.048438583 3.247894049
0.023665577 0.033582810 0.999155819 1.021778345 0.007552849 0.999401093 -0.033769954 -0.052650414 -0.999691427 0.008345656 0.023397751 3.248268366
0.001173466 0.030466471 0.999535024 1.062918425 0.008931187 0.999495745 -0.030475747 -0.054448009 -0.999959350 0.008962800 0.000900771 3.248481274
-0.018012824 0.027726937 0.999453187 1.099640965 0.008982606 0.999579549 -0.027568555 -0.055885024 -0.999797344 0.008481108 -0.018254312 3.248186350
-0.034609620 0.031019997 0.998919368 1.140666842 0.011014498 0.999469399 -0.030655455 -0.057474181 -0.999340355 0.009941622 -0.034932926 3.246956825
-0.049101382 0.035487421 0.998163223 1.177296162 0.013993771 0.999294877 -0.034839284 -0.058668327 -0.998695791 0.012257408 -0.049563371 3.244989872
-0.061010573 0.040801186 0.997302830 1.219240427 0.017749608 0.999050498 -0.039786845 -0.060487244 -0.997979283 0.015274320 -0.061676841 3.242138863
-0.069551237 0.043983798 0.996608317 1.256067634 0.023140315 0.998829782 -0.042466924 -0.062461574 -0.997310042 0.020108202 -0.070487648 3.239317417
-0.075612485 0.049188036 0.995923340 1.296861053 0.027102174 0.998514950 -0.047258381 -0.064730190 -0.996768892 0.023418365 -0.076833308 3.236105919
-0.079301156 0.054595198 0.995354533 1.333823442 0.029187733 0.998198152 -0.052425742 -0.066355497 -0.996423304 0.024894718 -0.080751777 3.233204126
-0.081639558 0.058032062 0.994971097 1.375747085 0.031633407 0.997951388 -0.055610318 -0.069185868 -0.996159732 0.026934320 -0.083308063 3.229317188
-0.084428005 0.061001197 0.994560659 1.412496090 0.032212798 0.997769833 -0.058463484 -0.071632415 -0.995908737 0.027101625 -0.086204723 3.226503849
-0.087048046 0.064646728 0.994104326 1.454706550 0.032976910 0.997532427 -0.061982024 -0.074270919 -0.995658338 0.027387083 -0.088965081 3.222813368
-0.089887097 0.068095960 0.993621230 1.491344452 0.033679884 0.997297049 -0.065301038 -0.077031843 -0.995382428 0.027595328 -0.091937609 3.220257282
-0.091951609 0.069413111 0.993341148 1.528245926 0.037169728 0.997111499 -0.066235825 -0.079820774 -0.995069563 0.030831726 -0.094266064 3.216543436
-0.093883865 0.067888208 0.993265867 1.574422598 0.037070781 0.997218907 -0.064654455 -0.083275959 -0.994892657 0.030751131 -0.096139446 3.212343931
-0.096105911 0.067329340 0.993091404 1.611551404 0.036281969 0.997283578 -0.064102404 -0.086336426 -0.994709611 0.029870687 -0.098287679 3.208908319
-0.097669475 0.068511590 0.992857933 1.649979472 0.037108604 0.997184575 -0.065159701 -0.089089483 -0.994526803 0.030479455 -0.099936873 3.203772068
-0.100351699 0.070417739 0.992457032 1.695883036 0.036531907 0.997080624 -0.067051880 -0.092812121 -0.994281113 0.029527577 -0.102631211 3.200141668
-0.104126319 0.072439477 0.991922498 1.733934879 0.034163386 0.997015893 -0.069225170 -0.095660642 -0.993977070 0.026679272 -0.106290370 3.197043180
-0.106361449 0.075372860 0.991466761 1.772073746 0.032436781 0.996855140 -0.072302788 -0.099264584 -0.993798316 0.024469757 -0.108471818 3.192853212
-0.107758962 0.079981603 0.990954578 1.819904804 0.030101229 0.996564209 -0.077161089 -0.102596655 -0.993721247 0.021514146 -0.109796256 3.187199593
-0.110721856 0.082506754 0.990420818 1.858376861 0.026917305 0.996431649 -0.079998337 -0.105443671 -0.993486822 0.017801894 -0.112547606 3.183330536
-0.112977915 0.080866337 0.990301251 1.904139280 0.025158448 0.996595860 -0.078510143 -0.109578118 -0.993278861 0.016044529 -0.114627808 3.177580595
-0.115627728 0.076768994 0.990321577 1.943539381 0.023288855 0.996944427 -0.074563228 -0.112697497 -0.993019521 0.014441879 -0.117062278 3.172900915
-0.117874064 0.074310750 0.990244269 1.983889818 0.023294128 0.997128665 -0.072054550 -0.116268419 -0.992755175 0.014573511 -0.119266622 3.168251991
-0.120134875 0.075851679 0.989855766 2.032881737 0.021648882 0.997039914 -0.073774777 -0.119667649 -0.992521584 0.012566343 -0.121421382 3.162560701
-0.121595137 0.078618832 0.989461362 2.072677135 0.022738934 0.996817291 -0.076408915 -0.122963332 -0.992319345 0.013208344 -0.122995853 3.157857180
-0.121489495 0.081215590 0.989264488 2.118513584 0.023481460 0.996603131 -0.078934371 -0.126670629 -0.992314816 0.013639677 -0.122983880 3.151582241
-0.121346891 0.082098268 0.989209116 2.159525156 0.022146279 0.996549487 -0.079990774 -0.129985034 -0.992363036 0.012200667 -0.122746348 3.146319389
-0.122722782 0.080589682 0.989163518 2.198508024 0.018774727 0.996707618 -0.078874998 -0.133491069 -0.992263317 0.008891514 -0.123831794 3.142924547
-0.121443652 0.080072477 0.989363372 2.247766495 0.015495819 0.996772289 -0.078769997 -0.137613341 -0.992477357 0.005764881 -0.122292474 3.135698795
-0.120689601 0.081529759 0.989336610 2.288644314 0.012937488 0.996666074 -0.080555521 -0.140467286 -0.992605984 0.003077319 -0.121342033 3.130402565
-0.121587031 0.081168264 0.989256442 2.335924625 0.008057266 0.996698618 -0.080788612 -0.145207152 -0.992548048 -0.001852146 -0.121839635 3.125524044
-0.123368539 0.080518030 0.989089072 2.376271486 0.004387648 0.996737361 -0.080593385 -0.148799807 -0.992351294 -0.005602915 -0.123319335 3.122362137
-0.122809201 0.075910285 0.989522874 2.423761368 0.004893384 0.997104645 -0.075884610 -0.152339518 -0.992418230 -0.004477212 -0.122825079 3.115717411
-0.123055682 0.067211524 0.990121186 2.465549231 0.008462322 0.997738719 -0.066676907 -0.155468062 -0.992363691 0.000173752 -0.123346202 3.110920429
-0.122729376 0.061282750 0.990546465 2.512392282 0.013845273 0.998100281 -0.060034670 -0.159547433 -0.992343545 0.006346367 -0.123344712 3.104319572
-0.122013256 0.063760042 0.990478456 2.553048134 0.021936178 0.997864008 -0.061533239 -0.162040204 -0.992285907 0.014219438 -0.123151280 3.098653555
-0.120401867 0.069276311 0.990305185 2.601500750 0.028430045 0.997393548 -0.066315651 -0.165582627 -0.992318094 0.020169891 -0.122057579 3.092438459
-0.119361654 0.074722938 0.990035057 2.643378496 0.031735476 0.996941507 -0.071418077 -0.168704540 -0.992343545 0.022894653 -0.121367946 3.087155581
-0.118343718 0.079242609 0.989805698 2.692123890 0.032897156 0.996576309 -0.075851373 -0.172467172 -0.992427528 0.023585262 -0.120545410 3.080937386
-0.118070558 0.077085935 0.990008593 2.734596252 0.030165579 0.996800601 -0.074017175 -0.175331742 -0.992546856 0.021124939 -0.120018154 3.075898886
-0.118599907 0.072156854 0.990316749 2.783729315 0.029001852 0.997182310 -0.069183819 -0.179488361 -0.992518485 0.020515826 -0.120358400 3.070588589
-0.119038895 0.069844380 0.990429878 2.826892614 0.026820727 0.997384906 -0.067111284 -0.182696581 -0.992527246 0.018575205 -0.120600887 3.065635681
-0.118651673 0.070442557 0.990433991 2.875169277 0.024012012 0.997392297 -0.068060860 -0.186217755 -0.992645502 0.015706778 -0.120033726 3.060209990
-0.118574634 0.076033726 0.990029693 2.917298555 0.025049482 0.996975660 -0.073567018 -0.189203441 -0.992629051 0.016076550 -0.120120622 3.055351019
-0.117581978 0.078267440 0.989973962 2.967282772 0.024336107 0.996817052 -0.075917974 -0.193194538 -0.992764950 0.015165530 -0.119112439 3.049270630
-0.117410555 0.077595301 0.990047216 3.010001183 0.025171200 0.996855021 -0.075143777 -0.196535885 -0.992764413 0.016098008 -0.118994452 3.044560909
-0.116254203 0.071077980 0.990672946 3.061148405 0.026546821 0.997302115 -0.068438374 -0.199979275 -0.992864668 0.018342966 -0.117827468 3.037981272
-0.116930090 0.070011422 0.990669310 3.104688406 0.025019387 0.997403204 -0.067534231 -0.202955067 -0.992824972 0.016889162 -0.118378088 3.032942772
-0.116099678 0.073006257 0.990550816 3.155232191 0.023703851 0.997214615 -0.070719123 -0.206474826 -0.992954671 0.015269401 -0.117506810 3.027231455
-0.115777425 0.075637564 0.990391135 3.198765993 0.022046955 0.997046471 -0.073568545 -0.210088491 -0.993030548 0.013317533 -0.117103040 3.021954536
-0.116134889 0.075519137 0.990358233 3.250342846 0.021939432 0.997057021 -0.073457189 -0.213618696 -0.992991030 0.013196960 -0.117449962 3.016673565
-0.116379827 0.072264291 0.990572333 3.295265913 0.021705674 0.997296453 -0.070204675 -0.216924846 -0.992967486 0.013330633 -0.117633738 3.012109041
-0.115193717 0.071236700 0.990785420 3.345439434 0.022098480 0.997362196 -0.069140270 -0.220660225 -0.993097186 0.013930327 -0.116464064 3.005879879
-0.113732472 0.071741790 0.990917742 3.389930010 0.024880685 0.997282267 -0.069346890 -0.224077851 -0.993199766 0.016767720 -0.115208372 3.000638962
-0.113510333 0.071257621 0.990978181 3.440761805 0.026320027 0.997290313 -0.068696693 -0.228157490 -0.993188083 0.018284792 -0.115078263 2.995340824
-0.113630958 0.069998808 0.991054058 3.485535860 0.025803953 0.997386336 -0.067487463 -0.231998190 -0.993187964 0.017904449 -0.115140207 2.991185188
-0.111000784 0.071428820 0.991250038 3.537172079 0.027085241 0.997260571 -0.068828925 -0.235236287 -0.993451178 0.019208185 -0.112631403 2.984481335
-0.110847756 0.069007471 0.991438687 3.582368135 0.026537880 0.997436225 -0.066457860 -0.238790065 -0.993483067 0.018943980 -0.112394907 2.979951859
-0.108181380 0.068892777 0.991741121 3.634352922 0.025861111 0.997453332 -0.066468611 -0.242250055 -0.993794680 0.018456861 -0.109687522 2.973454714
-0.107422039 0.067777433 0.991900563 3.679753304 0.026717989 0.997510076 -0.065267198 -0.245588005 -0.993854403 0.019490452 -0.108965442 2.968786716
-0.105671152 0.069310360 0.991982758 3.731754541 0.025098244 0.997436047 -0.067017771 -0.248994887 -0.994084299 0.017815180 -0.107139781 2.963598967
-0.103056669 0.070721492 0.992158234 3.778113127 0.025625277 0.997326910 -0.068428203 -0.252975047 -0.994345367 0.018372348 -0.104593448 2.957912207
-0.103066720 0.071378537 0.992110074 3.831403494 0.022490557 0.997334063 -0.069417931 -0.255491644 -0.994420111 0.015158434 -0.104397319 2.953610897
-0.103444122 0.070646726 0.992123187 3.877204895 0.019608922 0.997425318 -0.068979755 -0.258202523 -0.994441926 0.012318918 -0.104563095 2.949685097
-0.101617657 0.071795776 0.992229342 3.930435419 0.017764183 0.997364342 -0.070348024 -0.262227893 -0.994664907 0.010477540 -0.102625228 2.942833900
-0.101175681 0.071329676 0.992308199 3.978012323 0.013783469 0.997431219 -0.070292570 -0.265396357 -0.994773090 0.006565551 -0.101898953 2.936999798
-0.103000835 0.067680612 0.992376029 4.029147625 0.013108514 0.997688055 -0.066682346 -0.270239860 -0.994594812 0.006140239 -0.103649899 2.933380127
-0.105218321 0.067324996 0.992167592 4.076637268 0.011461123 0.997721434 -0.066486426 -0.273002177 -0.994383097 0.004375766 -0.105750211 2.929143190
-0.105714552 0.065488100 0.992237747 4.128783226 0.007878393 0.997852981 -0.065019332 -0.277263552 -0.994365275 0.000943751 -0.106003501 2.923542500
-0.108572029 0.064763904 0.991976678 4.174166203 0.008418038 0.997899711 -0.064229257 -0.280920744 -0.994052887 0.001376999 -0.108889185 2.919483900
-0.110171981 0.065657184 0.991741478 4.229343891 0.009601242 0.997839451 -0.064994283 -0.282917321 -0.993866205 0.002361400 -0.110564329 2.913718939
-0.113229036 0.060845677 0.991703987 4.276007652 0.007002282 0.998147309 -0.060441501 -0.285868526 -0.993544281 0.000100460 -0.113445304 2.908221006
-0.117082514 0.061288308 0.991229236 4.330615997 0.007523282 0.998120070 -0.060825739 -0.288881540 -0.993093610 0.000335666 -0.117323495 2.902185678
-0.123260401 0.067856275 0.990051687 4.377080441 0.002707406 0.997678876 -0.068041950 -0.291769892 -0.992370665 -0.005706408 -0.123157993 2.897179604
-0.132487580 0.071963862 0.988568783 4.424870968 0.003322768 0.997387528 -0.072160512 -0.294574946 -0.991178989 -0.006275588 -0.132380590 2.893233299
-0.138301149 0.065977432 0.988190174 4.480801105 0.005015219 0.997812390 -0.065917976 -0.300033331 -0.990377545 -0.004160541 -0.138329446 2.882735968
-0.148411870 0.063885123 0.986859918 4.527086735 0.007368455 0.997954965 -0.063495219 -0.303510636 -0.988898158 -0.002151814 -0.148579121 2.875512123
-0.161343589 0.064982325 0.984756589 4.579803467 0.007616157 0.997882128 -0.064600609 -0.307004273 -0.986868918 -0.002922833 -0.161496788 2.867131233
-0.174957857 0.065712012 0.982380629 4.625494480 0.010662795 0.997838259 -0.064846970 -0.310090244 -0.984518170 -0.000870566 -0.175280333 2.858816862
-0.189335436 0.062841281 0.979899526 4.677737713 0.010789161 0.998022854 -0.061918862 -0.314328074 -0.981853187 -0.001151142 -0.189639091 2.848873377
-0.204454049 0.065801010 0.976662099 4.725127220 0.015475466 0.997830629 -0.063987590 -0.317439377 -0.978753865 0.002031781 -0.205028832 2.839916945
-0.220478967 0.069854029 0.972887099 4.775646687 0.016286919 0.997556925 -0.067934334 -0.320466161 -0.975255728 0.000867239 -0.221077994 2.829369783
-0.234845042 0.074976444 0.969136894 4.820056915 0.016799023 0.997184992 -0.073075555 -0.322840631 -0.971887589 -0.000880879 -0.235443458 2.818459034
-0.251440525 0.071685195 0.965214372 4.871596336 0.012472949 0.997410595 -0.070827104 -0.328061312 -0.967792392 -0.005769734 -0.251683533 2.806087255
-0.267757475 0.065892495 0.961230516 4.916405678 0.006060828 0.997754157 -0.066707902 -0.331528455 -0.963467240 -0.012035685 -0.267555445 2.794663429
-0.283598781 0.061107546 0.956994057 4.967038155 0.001813971 0.998000026 -0.063188352 -0.336213261 -0.958941340 -0.016184183 -0.283142418 2.780244350
-0.298423409 0.063102394 0.952345252 5.010570526 0.000680649 0.997825861 -0.065902650 -0.339175791 -0.954433322 -0.019018682 -0.297817558 2.766913891
-0.312974066 0.065204449 0.947520733 5.061172009 0.000591481 0.997653782 -0.068459012 -0.343058467 -0.949761450 -0.020865459 -0.312278241 2.750802040
-0.326951504 0.067639932 0.942617416 5.104205132 0.002668139 0.997497559 -0.070652522 -0.346308738 -0.945037365 -0.020584917 -0.326313764 2.736054420
-0.341342121 0.067631349 0.937502801 5.153876305 0.005033190 0.997525275 -0.070128776 -0.350424618 -0.939925611 -0.019219274 -0.340837687 2.719159365
-0.355463386 0.065111652 0.932419538 5.197178364 0.004878487 0.997686327 -0.067809463 -0.354427695 -0.934677422 -0.019554986 -0.354958624 2.703123808
-0.370571464 0.063863792 0.926605761 5.245205402 0.003807391 0.997729301 -0.067243122 -0.358164430 -0.928796172 -0.021390438 -0.369973183 2.684941292
-0.384198904 0.065575808 0.920918584 5.287055016 0.002508257 0.997544885 -0.069985703 -0.361521184 -0.923246920 -0.024578530 -0.383420140 2.666843414
-0.400044769 0.067472696 0.914008558 5.334444523 0.003378767 0.997388124 -0.072149023 -0.365783334 -0.916489363 -0.025774617 -0.399227887 2.647885084
-0.414045334 0.069347352 0.907610893 5.375569820 0.005455326 0.997264922 -0.073708825 -0.369416118 -0.910239875 -0.025567485 -0.413291216 2.628794193
-0.429087132 0.072007574 0.900388300 5.423288822 0.008052438 0.997082710 -0.075903140 -0.373811156 -0.903227150 -0.025318746 -0.428415149 2.607148647
-0.444688439 0.075467631 0.892500281 5.465207100 0.007982111 0.996738493 -0.080304660 -0.377349406 -0.895649672 -0.028586524 -0.443840444 2.587655067
-0.459009141 0.077732503 0.885024488 5.512018204 0.008607045 0.996507347 -0.083060190 -0.381848514 -0.888389885 -0.030507933 -0.458074987 2.563156128
-0.474621892 0.074909240 0.876996398 5.556708336 0.007248020 0.996670663 -0.081208758 -0.386186957 -0.880159914 -0.032186970 -0.473584712 2.539983273
-0.490784675 0.070323482 0.868438303 5.597857475 0.004375645 0.996923804 -0.078255020 -0.390389323 -0.871269882 -0.034606386 -0.489582658 2.517502546
-0.506878912 0.071023837 0.859086275 5.644769192 0.004061801 0.996785581 -0.080011383 -0.394545376 -0.862007678 -0.037066653 -0.505538106 2.490905285
-0.522525251 0.069983214 0.849746883 5.684112549 0.002974951 0.996769309 -0.080262296 -0.398331523 -0.852618754 -0.039411116 -0.521045327 2.466588020
-0.538714767 0.068950035 0.839661956 5.731408596 0.002178915 0.996756136 -0.080452099 -0.402805328 -0.842485309 -0.041511178 -0.537117541 2.437916756
-0.553863764 0.068585835 0.829777598 5.769863129 0.000885009 0.996649384 -0.081788011 -0.406710774 -0.832606852 -0.044565052 -0.552068710 2.411997080
-0.569969654 0.067958951 0.818850458 5.816522121 0.000635216 0.996609926 -0.082269616 -0.411306590 -0.821665347 -0.046371050 -0.568080664 2.381667137
-0.584824443 0.066144064 0.808458507 5.858662605 0.001336269 0.996747017 -0.080582276 -0.415414751 -0.811158776 -0.046046168 -0.583010495 2.351637840
-0.599772513 0.062151629 0.797753155 5.892173290 0.000676004 0.997017920 -0.077167772 -0.418866992 -0.800170183 -0.045743827 -0.598026037 2.326383591
-0.614890099 0.060247302 0.786308169 5.941511154 0.001406926 0.997159779 -0.075302638 -0.424311072 -0.788611591 -0.045196563 -0.613228321 2.289471865
-0.629498720 0.058585029 0.774789691 5.981654644 0.000669749 0.997193992 -0.074857786 -0.428763807 -0.777001202 -0.046603963 -0.627771556 2.257295370
-0.644335926 0.059595224 0.762416899 6.021016598 -0.000428906 0.996930599 -0.078288734 -0.433349729 -0.764742434 -0.050771259 -0.642332673 2.224645376
-0.659853756 0.058858823 0.749085069 6.057029724 -0.002387253 0.996757925 -0.080422424 -0.437158823 -0.751390219 -0.054855302 -0.657574117 2.193959236
-0.675766170 0.055144716 0.735050440 6.098024368 -0.005275661 0.996810317 -0.079632536 -0.441791356 -0.737097144 -0.057690855 -0.673319817 2.157748699
-0.691951573 0.048593532 0.720306635 6.133889675 -0.008023180 0.997152925 -0.074977562 -0.445446134 -0.721899390 -0.057659995 -0.689591706 2.125061512
-0.708672941 0.045496516 0.704068720 6.172762871 -0.009612864 0.997203410 -0.074114420 -0.450028956 -0.705471694 -0.059291001 -0.706253588 2.086155891
-0.726052403 0.043262988 0.686277092 6.206426620 -0.011024799 0.997158229 -0.074524753 -0.453649312 -0.687550962 -0.061674934 -0.723512173 2.051336288
-0.743462145 0.038809959 0.667651057 6.244979858 -0.014949996 0.997100830 -0.074608140 -0.458416104 -0.668610930 -0.065449700 -0.740726471 2.010646820
-0.759842575 0.037152067 0.649044752 6.276857376 -0.014788166 0.997119606 -0.074388914 -0.461987793 -0.649938941 -0.066122040 -0.757104397 1.974209428
-0.776168883 0.038406644 0.629354119 6.313455105 -0.013164849 0.996938407 -0.077074572 -0.467035949 -0.630387425 -0.068108246 -0.773286939 1.931053519
-0.790655315 0.038999159 0.611018062 6.342951298 -0.008312427 0.997193575 -0.074403651 -0.470771372 -0.612204909 -0.063906692 -0.788112283 1.893409014
-0.805622399 0.039279707 0.591125786 6.377800941 -0.005682043 0.997241378 -0.074009530 -0.475926667 -0.592402101 -0.062982537 -0.803176701 1.847256541
-0.820059419 0.041147150 0.570797324 6.405205727 -0.003299729 0.997055352 -0.076615565 -0.479646355 -0.572268963 -0.064712785 -0.817508578 1.808599591
-0.833585382 0.042318739 0.550767183 6.437736511 -0.002765831 0.996728897 -0.080770746 -0.484435141 -0.552383542 -0.068852633 -0.830741584 1.760933757
-0.846235812 0.042851575 0.531082630 6.463516235 -0.000628845 0.996679664 -0.081421331 -0.487953603 -0.532808125 -0.069235593 -0.843398929 1.719399810
-0.858401358 0.040784542 0.511354983 6.494300842 0.000663956 0.996921957 -0.078397736 -0.493214190 -0.512978256 -0.066957206 -0.855786145 1.672168851
-0.868886352 0.042595770 0.493175805 6.518594742 0.003616069 0.996810436 -0.079724029 -0.497678995 -0.494998574 -0.067487761 -0.866268992 1.630167723
-0.878316641 0.045710437 0.475889057 6.546288013 0.006597294 0.996482730 -0.083538666 -0.502069116 -0.478033841 -0.070233822 -0.875528872 1.580494165
-0.887942851 0.042983938 0.457940817 6.570524216 0.004675402 0.996415794 -0.084461503 -0.506479084 -0.459929943 -0.072855949 -0.884961188 1.538410783
-0.895468473 0.040613439 0.443268448 6.594875813 0.003534027 0.996446192 -0.084157802 -0.511756897 -0.445111006 -0.073794149 -0.892429590 1.486931443
-0.903241873 0.039025780 0.427353859 6.617656708 0.002790190 0.996369302 -0.085090771 -0.515300274 -0.429122984 -0.075665154 -0.900071204 1.443553805
-0.909373641 0.036199383 0.414402395 6.640779495 0.001655826 0.996513426 -0.083415091 -0.521619320 -0.415977120 -0.075169303 -0.906263113 1.391337156
-0.915568471 0.034135122 0.400711089 6.660719395 0.000785134 0.996541023 -0.083097816 -0.525768578 -0.402161598 -0.075767107 -0.912428319 1.346396208
-0.921463132 0.029355345 0.387355208 6.681422234 -0.001604276 0.996844590 -0.079361267 -0.530020714 -0.388462633 -0.073749900 -0.918508410 1.300601125
-0.926487148 0.026027106 0.375425071 6.705162048 -0.002552817 0.997147918 -0.075429246 -0.535757482 -0.376317471 -0.070842624 -0.923778355 1.245035172
-0.930366635 0.026038582 0.365704447 6.722647667 -0.000636532 0.997358561 -0.072632447 -0.539236486 -0.366629720 -0.067807592 -0.927892685 1.198559642
-0.934096098 0.030576652 0.355709791 6.742175579 0.004367411 0.997229934 -0.074252568 -0.543784440 -0.356994838 -0.067805506 -0.931642175 1.151704907
-0.936050057 0.036144909 0.350005299 6.762796879 0.010378730 0.997113287 -0.075214736 -0.549023151 -0.351713598 -0.066772163 -0.933723152 1.095268250
-0.937932730 0.040017396 0.344500452 6.779848099 0.013996607 0.996879101 -0.077691153 -0.553078949 -0.346534312 -0.068047263 -0.935565829 1.049244881
-0.939697981 0.036428489 0.340060145 6.799309731 0.011025785 0.997021198 -0.076336712 -0.557936549 -0.341827989 -0.067984007 -0.937300265 0.996595502
-0.941646993 0.028484587 0.335394681 6.816976547 0.004301726 0.997349977 -0.072626069 -0.561780393 -0.336574525 -0.066945344 -0.939274132 0.949359655
-0.943681836 0.022002341 0.330121815 6.836406708 -0.001644503 0.997462094 -0.071180962 -0.566233099 -0.330850095 -0.067715064 -0.941250682 0.896953702
-0.945308089 0.016154207 0.325778484 6.853260994 -0.008288168 0.997260809 -0.073500358 -0.569773614 -0.326073408 -0.072180577 -0.942584813 0.849541664
-0.946630359 0.012746921 0.322069079 6.872196198 -0.012093198 0.997109592 -0.075008318 -0.574928939 -0.322094291 -0.074899994 -0.943740010 0.796440840
-0.947547853 0.013133316 0.319344103 6.888909340 -0.012658112 0.996829510 -0.078554265 -0.578364193 -0.319363266 -0.078476220 -0.944377363 0.749156833
-0.947604597 0.013691680 0.319152057 6.906803131 -0.012396569 0.996752322 -0.079567887 -0.583705485 -0.319205016 -0.079355292 -0.944357395 0.696506739
-0.947131693 0.017363271 0.320374846 6.922303200 -0.009033802 0.996695399 -0.080724493 -0.588339925 -0.320717812 -0.079350926 -0.943845093 0.649274111
-0.947265446 0.016876347 0.320005327 6.941290855 -0.010054790 0.996555269 -0.082319796 -0.593306661 -0.320292234 -0.081196278 -0.943832576 0.596532106
-0.946758151 0.017283676 0.321481407 6.957151890 -0.010241485 0.996435761 -0.083732024 -0.597712994 -0.321782768 -0.082566418 -0.943206608 0.550400972
-0.946344018 0.018639809 0.322622657 6.975940228 -0.009103204 0.996401370 -0.084270254 -0.602496743 -0.323032409 -0.082685560 -0.942768753 0.497558117
-0.945813179 0.018945795 0.324158162 6.992614269 -0.008574492 0.996491075 -0.083259322 -0.607525051 -0.324598074 -0.081527248 -0.942331851 0.451885581
-0.944470704 0.016066801 0.328202724 7.011766434 -0.012475193 0.996330559 -0.084674150 -0.612188935 -0.328358948 -0.084066667 -0.940804541 0.398315668
-0.943310738 0.013934899 0.331618398 7.028522491 -0.014250131 0.996496618 -0.082409129 -0.616875410 -0.331605047 -0.082463026 -0.939807415 0.353918552
-0.941082716 0.012357439 0.337950796 7.047585487 -0.015461007 0.996714950 -0.079499520 -0.621586800 -0.337823063 -0.080040671 -0.937800050 0.300509691
-0.938416302 0.010164478 0.345357031 7.064705372 -0.017135423 0.996967852 -0.075903542 -0.626163363 -0.345081389 -0.077146947 -0.935396791 0.254428864
-0.935595274 0.013349133 0.352821887 7.083986759 -0.014429356 0.997004569 -0.075985022 -0.630765736 -0.352779329 -0.076182216 -0.932600260 0.202841282
-0.932596207 0.013170427 0.360680878 7.101939201 -0.015385786 0.996974826 -0.076187313 -0.634748399 -0.360593110 -0.076601364 -0.929572403 0.157452583
-0.928805351 0.016572397 0.370197266 7.122586250 -0.013612112 0.996799529 -0.078775212 -0.639385521 -0.370317817 -0.078205995 -0.925607026 0.106210232
-0.925293803 0.018521596 0.378798544 7.138619900 -0.011681542 0.996941030 -0.077280626 -0.642844260 -0.379071176 -0.075932235 -0.922246873 0.069037199
-0.919551611 0.019835480 0.392468125 7.162749290 -0.012203572 0.996802151 -0.078971669 -0.648373306 -0.392779469 -0.077408060 -0.916369021 0.010061979
-0.914088428 0.021121569 0.404964358 7.183142662 -0.012177808 0.996762455 -0.079475589 -0.652684391 -0.405331820 -0.077579319 -0.910871863 -0.034770012
-0.907891095 0.024134250 0.418510944 7.206096649 -0.010464626 0.996725440 -0.080179423 -0.657188654 -0.419075489 -0.077173740 -0.904665589 -0.085295677
-0.901707709 0.023261260 0.431720108 7.227436066 -0.011559507 0.996897459 -0.077856898 -0.661203563 -0.432191730 -0.075194634 -0.898641288 -0.129220724
-0.895201862 0.026669396 0.444862247 7.252118111 -0.008729210 0.996967077 -0.077333845 -0.666565776 -0.445575446 -0.073112704 -0.892253876 -0.178808212
-0.888514161 0.029199995 0.457919270 7.274435997 -0.006151859 0.997125268 -0.075520024 -0.670917273 -0.458808064 -0.069917649 -0.885780156 -0.221832514
-0.881228089 0.030492688 0.471706718 7.300492764 -0.005168327 0.997235954 -0.074119948 -0.675235510 -0.472663015 -0.067754507 -0.878634691 -0.271009684
-0.873373330 0.033044077 0.485929072 7.323994160 -0.001737493 0.997478187 -0.070953198 -0.678915381 -0.487048268 -0.062812924 -0.871113360 -0.313013554
-0.865738988 0.035480410 0.499236584 7.351306915 0.000613064 0.997558594 -0.069832705 -0.683343530 -0.500495374 -0.060150817 -0.863647103 -0.360332489
-0.856726646 0.039145127 0.514283061 7.375384808 0.005154691 0.997715831 -0.067355037 -0.687481046 -0.515744865 -0.055053882 -0.854971528 -0.400716305
-0.846403241 0.041999526 0.530883789 7.404000282 0.007287798 0.997705340 -0.067311786 -0.691483080 -0.532492638 -0.053103946 -0.844767153 -0.447187901
-0.835564196 0.045378421 0.547515512 7.429800510 0.011108362 0.997774780 -0.065743707 -0.695156932 -0.549280465 -0.048851080 -0.834208965 -0.486865282
-0.824512899 0.046838287 0.563901246 7.460343361 0.012347007 0.997820139 -0.064826824 -0.699724436 -0.565708399 -0.046488058 -0.823293865 -0.531644106
-0.812602997 0.048811540 0.580770016 7.487822533 0.013804541 0.997819066 -0.064547889 -0.703433871 -0.582654119 -0.044434540 -0.811504602 -0.570538282
-0.799587011 0.051424857 0.598344386 7.519588470 0.015973566 0.997795761 -0.064409792 -0.707380772 -0.600337863 -0.041943546 -0.798645973 -0.614491701
-0.786240757 0.052286394 0.615704119 7.551086903 0.017282762 0.997884572 -0.062671944 -0.710962474 -0.617678404 -0.038634174 -0.785481155 -0.654233932
-0.771322429 0.054114047 0.634140074 7.583051682 0.019478813 0.997919261 -0.061464351 -0.714636207 -0.636146605 -0.035056531 -0.770771384 -0.692895412
-0.754404783 0.057382956 0.653896391 7.614969730 0.021832298 0.997813940 -0.062375516 -0.718305171 -0.656046212 -0.032780323 -0.754008472 -0.730942249
-0.737246871 0.060019799 0.672952235 7.648766518 0.021919971 0.997646928 -0.064964682 -0.721768022 -0.675267816 -0.033143912 -0.736827612 -0.768426895
-0.719427288 0.060842790 0.691897929 7.682871819 0.022300370 0.997665882 -0.064543158 -0.725914955 -0.694209635 -0.031004528 -0.719104767 -0.804141521
-0.700747371 0.060845364 0.710810184 7.715881824 0.021034557 0.997685492 -0.064665109 -0.729247332 -0.713099360 -0.030362329 -0.700405180 -0.836632013
-0.681104660 0.060231339 0.729704499 7.754053593 0.019376831 0.997744620 -0.064269617 -0.733377218 -0.731929600 -0.029634984 -0.680735469 -0.872266769
