0.999996543 -0.002377131 -0.001140747 -0.000560402 0.002380927 0.999991536 0.003338355 -0.001296116 0.001132805 -0.003341059 0.999993801 0.066388421
0.999997020 -0.002174464 -0.001063942 -0.002252796 0.002178867 0.999988973 0.004154332 -0.001806589 0.001054904 -0.004156638 0.999990821 0.121581450
0.999994695 -0.001268356 -0.002963554 -0.002910555 0.001279570 0.999992013 0.003785173 -0.002494782 0.002958730 -0.003788945 0.999988496 0.198579103
0.999988794 -0.000460593 -0.004708223 -0.003230275 0.000478752 0.999992490 0.003856527 -0.003390079 0.004706413 -0.003858738 0.999981463 0.265394121
0.999982417 -0.000423668 -0.005912147 -0.004091843 0.000448247 0.999991238 0.004156643 -0.004137042 0.005910337 -0.004159220 0.999973893 0.330970049
0.999969184 -0.000744011 -0.007812437 -0.004778470 0.000780740 0.999988675 0.004699241 -0.004942711 0.007808857 -0.004705195 0.999958456 0.396346807
0.999951184 -0.002762821 -0.009487211 -0.005432365 0.002799279 0.999988794 0.003831696 -0.005647429 0.009476524 -0.003858066 0.999947667 0.462047577
0.999935508 -0.004208209 -0.010546692 -0.006428534 0.004251683 0.999982536 0.004102963 -0.006281545 0.010529242 -0.004147540 0.999935985 0.527287364
0.999925971 -0.003660535 -0.011604654 -0.007374553 0.003705545 0.999985635 0.003859495 -0.006795430 0.011590362 -0.003902210 0.999925315 0.585918069
0.999909818 -0.002841398 -0.013127536 -0.008550229 0.002897198 0.999986887 0.004233511 -0.007828357 0.013115334 -0.004271163 0.999904871 0.658191323
0.999903798 -0.001478602 -0.013796216 -0.009572630 0.001539580 0.999989092 0.004410368 -0.008319493 0.013789544 -0.004431184 0.999895096 0.717310846
0.999899149 0.000924125 -0.014172035 -0.010980252 -0.000848125 0.999985158 0.005367682 -0.008921014 0.014176790 -0.005355121 0.999885082 0.787449598
0.999893248 0.000360024 -0.014610234 -0.012296485 -0.000270122 0.999980986 0.006154807 -0.009576301 0.014612175 -0.006150205 0.999874294 0.843820393
0.999880850 0.001296102 -0.015381559 -0.013134619 -0.001198924 0.999979317 0.006325461 -0.010152278 0.015389435 -0.006306265 0.999861658 0.914319336
0.999862075 0.001743946 -0.016517615 -0.013835240 -0.001643372 0.999980092 0.006100619 -0.010261646 0.016527919 -0.006072633 0.999845028 0.971297801
0.999856353 0.002326634 -0.016786490 -0.013756638 -0.002225152 0.999979138 0.006061688 -0.009605173 0.016800238 -0.006023465 0.999840736 1.028700352
0.999871731 0.003184138 -0.015692335 -0.017134666 -0.003060405 0.999964058 0.007902684 -0.011163664 0.015716944 -0.007853646 0.999845684 1.104463220
0.999860764 0.004082634 -0.016176976 -0.018026967 -0.003981601 0.999972403 0.006272765 -0.011353096 0.016202146 -0.006207481 0.999849558 1.159827232
0.999869883 0.004124370 -0.015596580 -0.019766875 -0.004053686 0.999981284 0.004560952 -0.012212723 0.015615097 -0.004497135 0.999867916 1.228677511
0.999876618 0.002929943 -0.015437085 -0.020891082 -0.002860006 0.999985516 0.004550579 -0.012894173 0.015450194 -0.004505867 0.999870479 1.282724857
0.999881208 0.001693245 -0.015312470 -0.021485405 -0.001584448 0.999973476 0.007114442 -0.013500120 0.015324115 -0.007089336 0.999857426 1.352073908
0.999880195 -0.000231475 -0.015471268 -0.022099232 0.000358699 0.999966204 0.008220879 -0.014038906 0.015468849 -0.008225445 0.999846518 1.405537724
0.999888897 -0.000907858 -0.014875918 -0.023825290 0.001025197 0.999968529 0.007882204 -0.014851054 0.014868296 -0.007896580 0.999858201 1.473891258
0.999896884 -0.000601856 -0.014345462 -0.024919689 0.000681153 0.999984562 0.005523470 -0.014692919 0.014341921 -0.005532673 0.999881744 1.526352406
0.999908805 0.000845294 -0.013474322 -0.026335262 -0.000784289 0.999989450 0.004532212 -0.015166216 0.013478016 -0.004521232 0.999898851 1.576966405
0.999911189 0.001232132 -0.013267189 -0.027212221 -0.001177026 0.999990642 0.004160679 -0.016447315 0.013272192 -0.004144695 0.999903321 1.651319504
0.999929070 0.002261690 -0.011694463 -0.028373741 -0.002200178 0.999983728 0.005270203 -0.016695607 0.011706192 -0.005244100 0.999917746 1.701137900
0.999946237 0.002189553 -0.010143497 -0.029322352 -0.002112783 0.999969006 0.007573055 -0.017687267 0.010159766 -0.007551216 0.999919891 1.749064445
0.999960065 0.001652661 -0.008781582 -0.029726868 -0.001580273 0.999964714 0.008243795 -0.018147744 0.008794895 -0.008229587 0.999927461 1.824770570
0.999973476 0.001835454 -0.007043799 -0.029253047 -0.001772149 0.999958038 0.008983019 -0.018549893 0.007059989 -0.008970299 0.999934912 1.872506380
0.999992967 0.002063619 -0.003149820 -0.029795971 -0.002037159 0.999962866 0.008380329 -0.019306356 0.003166995 -0.008373854 0.999959946 1.918616772
0.999999106 0.001285836 0.000556339 -0.030688418 -0.001289462 0.999977529 0.006565049 -0.019570280 -0.000547882 -0.006565759 0.999978244 1.989747047
0.999992430 0.000734180 0.003823886 -0.030338774 -0.000752991 0.999987543 0.004920123 -0.020187628 -0.003820223 -0.004922964 0.999980569 2.035941839
0.999965847 0.001733669 0.008086567 -0.030125067 -0.001778124 0.999983311 0.005493314 -0.020705026 -0.008076905 -0.005507504 0.999952257 2.080795765
0.999904931 0.002179306 0.013612746 -0.030174036 -0.002248793 0.999984503 0.005091416 -0.021204036 -0.013601448 -0.005121545 0.999894261 2.149333715
0.999798179 0.003123714 0.019842513 -0.029427331 -0.003207729 0.999985993 0.004203725 -0.021748558 -0.019829115 -0.004266526 0.999794185 2.193157434
0.999607027 0.004872137 0.027602594 -0.028497934 -0.004990551 0.999978662 0.004222744 -0.022171456 -0.027581438 -0.004358836 0.999609947 2.236593962
0.999334157 0.005939985 0.036000554 -0.027143031 -0.006131353 0.999967635 0.005207653 -0.022933673 -0.035968464 -0.005424919 0.999338210 2.304062843
0.998884678 0.007846253 0.046562005 -0.025566190 -0.008137036 0.999948502 0.006058848 -0.023640960 -0.046512075 -0.006430967 0.998897076 2.346581936
0.998164594 0.010222909 0.059691176 -0.024220049 -0.010601125 0.999925613 0.006022984 -0.024075434 -0.059625171 -0.006644724 0.998198748 2.387374640
0.997154593 0.012541932 0.074332319 -0.019760683 -0.013037003 0.999895871 0.006178794 -0.024555337 -0.074247085 -0.007130283 0.997214317 2.454798937
0.995756447 0.014698104 0.090846427 -0.016453654 -0.015440867 0.999852777 0.007478571 -0.024938034 -0.090723127 -0.008849581 0.995836794 2.496201277
0.993987381 0.015314809 0.108418614 -0.012693644 -0.016278965 0.999835372 0.008013366 -0.024711126 -0.108278036 -0.009730127 0.994072974 2.533787727
0.991711378 0.015040704 0.127601713 -0.005526066 -0.016114475 0.999842823 0.007386813 -0.025963217 -0.127470553 -0.009381823 0.991798043 2.600161076
0.988899231 0.014198328 0.147907808 -0.000027448 -0.015275978 0.999864340 0.006152493 -0.026162773 -0.147800446 -0.008343632 0.988982081 2.639303684
0.985652804 0.011618191 0.168385059 0.006749600 -0.012815365 0.999899685 0.006024731 -0.026777301 -0.168298200 -0.008096210 0.985702932 2.679211617
0.981586218 0.006141906 0.190920368 0.017290205 -0.007845916 0.999935806 0.008170597 -0.027208667 -0.190857932 -0.009518092 0.981571555 2.739574909
0.976764143 0.000952715 0.214314640 0.025784850 -0.003081289 0.999949217 0.009598165 -0.027526382 -0.214294583 -0.010035510 0.976717651 2.778582573
0.971196830 -0.003184772 0.238256976 0.034798622 0.001110010 0.999960303 0.008841749 -0.027571991 -0.238275662 -0.008322614 0.971161962 2.814677000
0.964870691 -0.010679728 0.262507886 0.050462604 0.009065349 0.999931812 0.007360190 -0.028653163 -0.262568563 -0.004721905 0.964901865 2.871566057
0.957181990 -0.014149807 0.289140642 0.060977280 0.012372307 0.999891639 0.007974402 -0.028793311 -0.289222151 -0.004055619 0.957253397 2.907222748
0.948643327 -0.017549852 0.315860301 0.073520064 0.015092975 0.999833763 0.010223140 -0.029298590 -0.315987229 -0.004930843 0.948750794 2.943333149
0.938982069 -0.021030428 0.343322664 0.091952682 0.017641267 0.999759972 0.012992294 -0.029298391 -0.343513548 -0.006142883 0.939127624 2.995421410
0.927889585 -0.024279200 0.372063905 0.105456352 0.020989200 0.999696553 0.012890727 -0.029650029 -0.372264028 -0.004151847 0.928117573 3.029293060
0.915739298 -0.023647981 0.401076555 0.119475961 0.022006627 0.999719977 0.008699164 -0.029533649 -0.401169986 0.000860177 0.916003287 3.062669992
0.902744770 -0.024721568 0.429465771 0.143313289 0.025886809 0.999660134 0.003129420 -0.029827751 -0.429397166 0.008292433 0.903077722 3.112222910
0.888743699 -0.026450176 0.457640767 0.160809994 0.029070769 0.999576509 0.001316561 -0.030795241 -0.457481772 0.012133885 0.889136195 3.144514322
0.872739851 -0.027189065 0.487427860 0.177718401 0.028903641 0.999574184 0.004004961 -0.030812541 -0.487329185 0.010593151 0.873154104 3.175952435
0.854405165 -0.026270052 0.518942952 0.195545554 0.024806267 0.999644637 0.009762371 -0.031123243 -0.519015014 0.004532018 0.854753137 3.208342075
0.835380495 -0.026395664 0.549037874 0.228020668 0.023028119 0.999650002 0.013021297 -0.031161163 -0.549189389 0.001765570 0.835696042 3.257613420
0.814037263 -0.020603592 0.580447078 0.247698903 0.019100839 0.999779701 0.008700639 -0.031924643 -0.580498457 0.004004383 0.814251482 3.286244392
0.791622102 -0.013217074 0.610867977 0.268600106 0.015970666 0.999872088 0.000937435 -0.031610984 -0.610802233 0.009013875 0.791731894 3.315135002
0.769723773 -0.010645758 0.638287961 0.302621245 0.015147921 0.999883950 -0.001590499 -0.031354100 -0.638197124 0.010892981 0.769795835 3.355607271
0.746101856 -0.012980150 0.665704966 0.325588346 0.016101301 0.999869287 0.001449952 -0.031738233 -0.665637016 0.009636904 0.746213496 3.381700993
0.721917093 -0.013696861 0.691843927 0.350042105 0.016714243 0.999857545 0.002354012 -0.032388344 -0.691777587 0.009864246 0.722043276 3.407004833
0.696152151 -0.011812266 0.717797101 0.387009144 0.017018829 0.999855101 -0.000051739 -0.033865593 -0.717692554 0.012252084 0.696252286 3.444398642
0.669982970 -0.009411579 0.742316723 0.412626863 0.016917149 0.999853492 -0.002591888 -0.034083437 -0.742183685 0.014294405 0.670043945 3.467331886
0.642674565 -0.007302527 0.766104460 0.439300656 0.015011475 0.999882579 -0.003062014 -0.035031769 -0.765992224 0.013468236 0.642708659 3.490358829
0.615460753 -0.005981267 0.788144767 0.467315197 0.014812713 0.999882400 -0.003979068 -0.036096059 -0.788028359 0.014123524 0.615476966 3.510759354
0.585823834 0.000688892 0.810438097 0.511667371 0.014209522 0.999837220 -0.011121215 -0.036234502 -0.810313821 0.018031012 0.585718691 3.546058893
0.555199444 0.010126805 0.831655622 0.540074587 0.013337425 0.999688923 -0.021076739 -0.036501650 -0.831610262 0.022793937 0.554891706 3.565987587
0.525099576 0.018429084 0.850841105 0.579805851 0.012348923 0.999495268 -0.029270083 -0.037910167 -0.850951135 0.025876680 0.524606943 3.590007067
0.493496805 0.023274034 0.869436026 0.610356331 0.009544497 0.999436796 -0.032171551 -0.039155759 -0.869695067 0.024174891 0.492996842 3.607434750
0.460543334 0.023049746 0.887337863 0.652740359 0.007528140 0.999525428 -0.029871188 -0.040773049 -0.887605309 0.020436978 0.460151225 3.630536556
0.427552789 0.022243330 0.903716683 0.685124874 0.003004848 0.999656737 -0.026026323 -0.041682702 -0.903985441 0.013843158 0.427339137 3.645827055
0.393273026 0.023015404 0.919133663 0.729761600 -0.000719167 0.999693990 -0.024724951 -0.043654040 -0.919421375 0.009062646 0.393169254 3.665849686
0.357981980 0.026041517 0.933365285 0.763580084 -0.008073295 0.999659896 -0.024794765 -0.044811688 -0.933693528 0.001340745 0.358070552 3.679109812
0.321893632 0.027799401 0.946367681 0.809114218 -0.012697165 0.999605715 -0.025044499 -0.046485748 -0.946690679 -0.003954522 0.322119683 3.696081877
0.285997123 0.027134914 0.957846224 0.844679236 -0.015087800 0.999602556 -0.023812866 -0.047641788 -0.958111584 -0.007641382 0.286292851 3.706850052
0.249380007 0.026755465 0.968035996 0.892445207 -0.016077993 0.999594808 -0.023485795 -0.049250409 -0.968272209 -0.009707193 0.249709100 3.720039845
0.213883579 0.026080523 0.976511002 0.929426432 -0.014623927 0.999616921 -0.023494581 -0.050392963 -0.976749718 -0.009255320 0.214183033 3.728023052
0.178239018 0.025000624 0.983669519 0.978101134 -0.013047574 0.999649465 -0.023042565 -0.051859345 -0.983900905 -0.008727419 0.178502738 3.737154007
0.143965244 0.024139371 0.989288270 1.015903234 -0.005236929 0.999707103 -0.023631496 -0.053011596 -0.989568949 -0.001778719 0.144049495 3.742195368
0.110027276 0.027369011 0.993551672 1.065196395 -0.002602845 0.999625206 -0.027248079 -0.055011291 -0.993925214 0.000411972 0.110057294 3.747908592
0.077986315 0.032171991 0.996435285 1.103610516 -0.001619669 0.999481916 -0.032143600 -0.056506537 -0.996953130 0.000892867 0.077998042 3.750848293
0.048099708 0.036087450 0.998190463 1.154197693 0.005504294 0.999322414 -0.036393620 -0.058343038 -0.998827338 0.007244855 0.047868494 3.753634453
0.023199035 0.034273718 0.999143243 1.192758560 0.007428275 0.999378741 -0.034454275 -0.059848133 -0.999703169 0.008221216 0.022930035 3.753858566
0.000671454 0.031511366 0.999503136 1.244692802 0.009070329 0.999462187 -0.031516157 -0.061722502 -0.999958634 0.009086986 0.000385277 3.754475355
-0.019054236 0.028564340 0.999410331 1.282841802 0.008880074 0.999557197 -0.028399229 -0.063389882 -0.999778986 0.008333713 -0.019299451 3.754678726
-0.035218708 0.031701073 0.998876631 1.335789204 0.011550271 0.999442816 -0.031311803 -0.065682054 -0.999312937 0.010434535 -0.035565246 3.752482891
-0.050020676 0.036341615 0.998086691 1.374896049 0.013388160 0.999272287 -0.035713807 -0.066941708 -0.998658538 0.011576117 -0.050470825 3.750671864
-0.061495572 0.041625839 0.997238934 1.428399205 0.018151557 0.999011576 -0.040580496 -0.069080770 -0.997942328 0.015605923 -0.062190350 3.746594191
-0.070646778 0.044625685 0.996502638 1.467037559 0.023643758 0.998793066 -0.043052033 -0.071147434 -0.997221172 0.020519583 -0.071616635 3.743626118
-0.076357186 0.050310198 0.995810390 1.520703197 0.027262092 0.998458207 -0.048353553 -0.073751435 -0.996707737 0.023455730 -0.077611014 3.739424229
-0.080025345 0.054961044 0.995276451 1.559718370 0.029271582 0.998177707 -0.052767679 -0.076088458 -0.996362925 0.024910564 -0.081488326 3.736269951
-0.082871839 0.059517123 0.994781315 1.613715768 0.030256199 0.997905076 -0.057183474 -0.078907453 -0.996100783 0.025359403 -0.084499024 3.731749058
-0.085315429 0.062276810 0.994405806 1.653745174 0.031111836 0.997724473 -0.059815407 -0.081594341 -0.995868087 0.025834611 -0.087058842 3.728188992
-0.087833084 0.066007540 0.993945837 1.693616271 0.033095296 0.997444689 -0.063315317 -0.084206291 -0.995585322 0.027333751 -0.089793183 3.725193977
-0.090097457 0.069115631 0.993531764 1.753066659 0.032775570 0.997254610 -0.066402361 -0.089160830 -0.995393515 0.026580896 -0.092115387 3.719762564
-0.092605442 0.070606887 0.993196189 1.793129206 0.036195740 0.997062087 -0.067506805 -0.091849402 -0.995044768 0.029697981 -0.094889037 3.715955019
-0.094312660 0.069434375 0.993118286 1.847708225 0.035622876 0.997161448 -0.066334076 -0.095647424 -0.994904995 0.029121591 -0.096518397 3.710675001
-0.096965291 0.069020882 0.992891669 1.888213158 0.035407186 0.997200429 -0.065862559 -0.098726466 -0.994657755 0.028769126 -0.099137649 3.707387447
-0.098974690 0.070239611 0.992607772 1.928605556 0.035052147 0.997132778 -0.067064703 -0.101951003 -0.994472325 0.028155345 -0.101152927 3.702947617
-0.101014130 0.073000349 0.992203116 1.989168406 0.034071319 0.996973217 -0.069882564 -0.105671413 -0.994301379 0.026746545 -0.103195600 3.696429729
-0.102973282 0.074909180 0.991859436 2.030142307 0.032420393 0.996883273 -0.071922749 -0.109059133 -0.994155645 0.024750357 -0.105080910 3.691420078
-0.105978556 0.078642875 0.991253734 2.084823847 0.030575551 0.996653974 -0.075802386 -0.113364935 -0.993898273 0.022274703 -0.108028479 3.686353445
-0.108419463 0.082278930 0.990694463 2.126158953 0.027643299 0.996433139 -0.079730324 -0.116867922 -0.993720889 0.018741744 -0.110307172 3.682096958
-0.110896885 0.085222185 0.990171194 2.181119442 0.024754036 0.996244311 -0.082972474 -0.121415891 -0.993523598 0.015309346 -0.112589985 3.675980330
-0.113647066 0.084009059 0.989962995 2.222890854 0.022773093 0.996377051 -0.081939012 -0.124824740 -0.993260205 0.013232393 -0.115148470 3.671128511
-0.116173208 0.079325624 0.990056157 2.278367519 0.020792961 0.996781468 -0.077424608 -0.129879832 -0.993011296 0.011591536 -0.117448702 3.664493084
-0.118142039 0.077402510 0.989975452 2.320620537 0.021318551 0.996925294 -0.075401783 -0.133291662 -0.992767811 0.012196722 -0.119428895 3.659083366
-0.119446710 0.077650830 0.989799380 2.363110781 0.021111123 0.996910095 -0.075661026 -0.137011617 -0.992616177 0.011858315 -0.120716929 3.653518677
-0.121739566 0.081269339 0.989229321 2.424830914 0.020785827 0.996632457 -0.079319522 -0.141642541 -0.992344379 0.010905631 -0.123018853 3.646611452
-0.122305438 0.084423453 0.988895357 2.466442347 0.021857720 0.996363044 -0.082357645 -0.144897148 -0.992251813 0.011542215 -0.123705938 3.641210794
-0.122535065 0.085203476 0.988799989 2.508316517 0.021387288 0.996303260 -0.083199657 -0.148300231 -0.992233753 0.010952882 -0.123904370 3.636110306
-0.122435443 0.083165683 0.988985837 2.572885513 0.017313311 0.996510327 -0.081655048 -0.154654518 -0.992325425 0.007125144 -0.123448037 3.628458738
-0.122617565 0.082644828 0.989006937 2.615697145 0.013781553 0.996572495 -0.081568398 -0.158164144 -0.992358387 0.003628335 -0.123336256 3.623136044
-0.123674989 0.083423056 0.988809943 2.656645298 0.010408305 0.996514261 -0.082771234 -0.161753699 -0.992268145 0.000055103 -0.124112181 3.619781733
-0.123202801 0.084024563 0.988817930 2.720997095 0.004996399 0.996448934 -0.084050469 -0.167397738 -0.992368937 -0.005414722 -0.123185121 3.611552000
-0.123089530 0.083731420 0.988856912 2.764191628 0.001601337 0.996449649 -0.084175013 -0.170814037 -0.992394269 -0.008777568 -0.122786626 3.605945349
-0.125436202 0.079512537 0.988910139 2.807734728 0.001779014 0.996799588 -0.079921216 -0.174024597 -0.992100120 -0.008265726 -0.125176176 3.602491617
-0.124354519 0.069867671 0.989774942 2.872512341 0.006655677 0.997554123 -0.069580607 -0.180033043 -0.992215514 -0.002065038 -0.124515384 3.593274117
-0.124555521 0.064150192 0.990136743 2.915905476 0.011247061 0.997934937 -0.063240625 -0.183569372 -0.992148876 0.003259163 -0.125019804 3.587511778
-0.123106793 0.066527873 0.990160942 2.973696947 0.020838225 0.997703731 -0.064443856 -0.187772185 -0.992174625 0.012699722 -0.124210447 3.579987764
-0.121857643 0.072548993 0.989892542 3.017319679 0.026251251 0.997211754 -0.069853842 -0.190476835 -0.992200375 0.017473700 -0.123422399 3.574035168
-0.120185435 0.078285344 0.989659965 3.061350346 0.030153256 0.996713817 -0.075181469 -0.193976104 -0.992293477 0.020805750 -0.122151062 3.567638397
-0.119350404 0.083840594 0.989305854 3.127306938 0.031748917 0.996240914 -0.080598116 -0.197915941 -0.992344499 0.021789975 -0.121563591 3.559590578
-0.118453145 0.080962047 0.989653468 3.172155857 0.028548958 0.996536076 -0.078108042 -0.201660365 -0.992549241 0.019001432 -0.120354213 3.553282261
-0.117876366 0.076758429 0.990057170 3.231345654 0.027476694 0.996878624 -0.074015893 -0.205675364 -0.992648125 0.018478774 -0.119617477 3.545619011
-0.117573559 0.074291371 0.990281403 3.274309635 0.024809022 0.997106373 -0.071857855 -0.209492713 -0.992754281 0.016119331 -0.119076423 3.540747404
-0.118530326 0.074635141 0.990141511 3.334414005 0.023675498 0.997099996 -0.072325453 -0.214477867 -0.992668211 0.014869332 -0.119953625 3.535157204
-0.118108302 0.079921797 0.989779174 3.378627300 0.023934312 0.996695280 -0.077624202 -0.217674941 -0.992712319 0.014521620 -0.119630858 3.529588223
-0.117154747 0.082899645 0.989647627 3.440433979 0.024436790 0.996448874 -0.080576546 -0.222875968 -0.992812991 0.014743885 -0.118764512 3.522153378
-0.116963767 0.081798583 0.989761770 3.492632866 0.024806606 0.996531904 -0.079426594 -0.227040648 -0.992826343 0.015262593 -0.118587278 3.516510963
-0.115014635 0.074751765 0.990547121 3.538762808 0.026379563 0.997042775 -0.072178952 -0.231135696 -0.993013442 0.017828569 -0.116646454 3.509822845
-0.116818160 0.073882207 0.990401387 3.599207878 0.026167965 0.997111917 -0.071296267 -0.235228628 -0.992808521 0.017588092 -0.118414134 3.503942251
-0.116418086 0.076648198 0.990238249 3.653254032 0.023627345 0.996949255 -0.074389875 -0.239656717 -0.992919207 0.014736372 -0.117873937 3.497763634
-0.115246810 0.079891674 0.990118921 3.698999166 0.022854010 0.996709764 -0.077763349 -0.243082628 -0.993074000 0.013666209 -0.116693497 3.491722345
-0.116291016 0.079576328 0.990022242 3.760850906 0.021817010 0.996749461 -0.077554353 -0.247889429 -0.992975473 0.012580452 -0.117649108 3.485626936
-0.116280325 0.076365061 0.990276277 3.806588173 0.021222508 0.997003317 -0.074391805 -0.251314759 -0.992989719 0.012365843 -0.117552496 3.479953051
-0.115176253 0.075051986 0.990505755 3.870742083 0.021031942 0.997102380 -0.073106237 -0.256579041 -0.993122399 0.012412160 -0.116420999 3.472737074
-0.113932118 0.075125590 0.990643978 3.925194979 0.023471540 0.997062087 -0.072912864 -0.261387795 -0.993211269 0.014944821 -0.115360714 3.466527462
-0.113073707 0.075864583 0.990686059 3.972177267 0.025767714 0.996969223 -0.073404700 -0.264755338 -0.993252456 0.017227575 -0.114685878 3.461167336
-0.112045236 0.074647881 0.990895391 4.036242008 0.025199702 0.997067153 -0.072263390 -0.270086944 -0.993383586 0.016873503 -0.113597728 3.454181194
-0.110762164 0.074610814 0.991042376 4.082248688 0.026991723 0.997036040 -0.072045363 -0.274056941 -0.993480384 0.018770041 -0.112447746 3.448724985
-0.109682463 0.073204428 0.991267323 4.147030830 0.026198307 0.997150838 -0.070740111 -0.278768331 -0.993621349 0.018210581 -0.111287765 3.441865206
-0.107782930 0.072229601 0.991547048 4.195138931 0.024686668 0.997244358 -0.069961131 -0.282557726 -0.993867874 0.016937384 -0.109269015 3.436028719
-0.106770471 0.071435511 0.991714120 4.258857250 0.025473863 0.997284889 -0.069094196 -0.287532270 -0.993957341 0.017885573 -0.108300328 3.429401159
-0.105380103 0.072235338 0.991804957 4.290938854 0.024288451 0.997247696 -0.070051059 -0.289885581 -0.994135320 0.016707420 -0.106844530 3.426100016
-0.103982724 0.075335853 0.991721749 4.371638775 0.023658995 0.997032285 -0.073258594 -0.295765281 -0.994297683 0.015845515 -0.105456501 3.417945385
-0.103961378 0.073269323 0.991878867 4.419955254 0.021736108 0.997211933 -0.071385056 -0.299903333 -0.994343758 0.014138299 -0.105264120 3.413917780
-0.101742595 0.072546013 0.992161989 4.485211372 0.018845141 0.997299194 -0.070989132 -0.304851115 -0.994632304 0.011474815 -0.102834925 3.406103611
-0.101613656 0.073743433 0.992086947 4.541849136 0.015784344 0.997242808 -0.072509952 -0.309101552 -0.994698703 0.008291438 -0.102497481 3.400315285
-0.102316722 0.073062785 0.992065072 4.591280937 0.013061948 0.997311831 -0.072102025 -0.312713563 -0.994666100 0.005581059 -0.102996029 3.395259380
-0.102235861 0.071105130 0.992215633 4.656065941 0.010711280 0.997462869 -0.070377506 -0.317559034 -0.994702637 0.003432795 -0.102738105 3.388276577
-0.102803811 0.068996117 0.992305815 4.705527782 0.009220140 0.997614682 -0.068410039 -0.321626097 -0.994658947 0.002116387 -0.103194736 3.382714748
-0.104561068 0.068499371 0.992156625 4.771335125 0.005675347 0.997650146 -0.068280503 -0.326423526 -0.994502306 -0.001508651 -0.104704134 3.376443148
-0.105601504 0.068642512 0.992036521 4.821356773 0.007641848 0.997641265 -0.068216845 -0.330089241 -0.994379222 0.000377190 -0.105876990 3.370814085
-0.109424293 0.067156263 0.991723955 4.886604786 0.004464486 0.997738123 -0.067070961 -0.334973991 -0.993985116 -0.002911652 -0.109476626 3.365005493
-0.112454042 0.062418599 0.991694510 4.936633587 0.002335732 0.998038709 -0.062553063 -0.338379592 -0.993654132 -0.004718012 -0.112379290 3.359748840
-0.116834477 0.062932536 0.991155446 5.001371861 0.003045399 0.998008311 -0.063008651 -0.342398971 -0.993146777 -0.004343119 -0.116793439 3.352797747
-0.123098664 0.069277838 0.989973366 5.050184727 -0.002710726 0.997533262 -0.070143916 -0.345707297 -0.992390811 -0.011318171 -0.122607209 3.348000288
-0.129642397 0.072020680 0.988941789 5.116504192 -0.001243056 0.997346044 -0.072795682 -0.351111323 -0.991560161 -0.010666717 -0.129208848 3.339314699
-0.138211578 0.068176486 0.988053501 5.166523933 0.001306493 0.997639537 -0.068655178 -0.354791909 -0.990401864 -0.008198056 -0.137974411 3.332175255
-0.149134979 0.065563157 0.986640871 5.230032921 0.003215582 0.997826278 -0.065820374 -0.360288799 -0.988811553 -0.006643497 -0.149021640 3.322640896
-0.161997557 0.067340203 0.984490752 5.279113770 0.003549835 0.997702062 -0.067659736 -0.363516331 -0.986784816 -0.007465936 -0.161864355 3.314773321
-0.176266372 0.066550091 0.982090175 5.342034340 0.006143520 0.997766852 -0.066509739 -0.369024813 -0.984323323 -0.005689941 -0.176281586 3.304062366
-0.191271558 0.064335763 0.979426384 5.398411274 0.006795786 0.997912526 -0.064222902 -0.373438239 -0.981513560 -0.005628041 -0.191309497 3.293817997
-0.206716210 0.066602677 0.976131320 5.446609497 0.010639761 0.997774363 -0.065826207 -0.377401948 -0.978343070 -0.003221543 -0.206964761 3.284022331
-0.221307635 0.070512347 0.972651482 5.509823799 0.010842685 0.997498810 -0.069846615 -0.381656289 -0.975143731 -0.004911439 -0.221518636 3.269766331
-0.236962661 0.074267082 0.968675971 5.557232380 0.010888207 0.997214258 -0.073791534 -0.385464609 -0.971457601 -0.006938696 -0.237111181 3.259169102
-0.252184004 0.072380021 0.964968562 5.619792938 0.007265805 0.997312307 -0.072907202 -0.390689433 -0.967652023 -0.011374758 -0.252032101 3.242424011
-0.268066496 0.066723205 0.961087167 5.674693108 0.001473138 0.997626126 -0.068849020 -0.395170659 -0.963399231 -0.017040307 -0.267528474 3.227668285
-0.283824682 0.062733509 0.956821859 5.720982075 -0.002070491 0.997815192 -0.066035390 -0.398672909 -0.958873987 -0.020723565 -0.283074707 3.214275599
-0.299140811 0.064240471 0.952044010 5.782782078 -0.004184865 0.997633219 -0.068631589 -0.403583884 -0.954199791 -0.024514684 -0.298164040 3.196294308
-0.312667072 0.065913796 0.947573006 5.827548027 -0.004326562 0.997480094 -0.070813015 -0.407349706 -0.949852943 -0.026240623 -0.311594099 3.181441784
-0.327419847 0.068551905 0.942388892 5.889138222 -0.002658308 0.997293890 -0.073469445 -0.412236452 -0.944875181 -0.026560513 -0.326351613 3.161394596
-0.341380805 0.068265580 0.937442780 5.933863163 -0.000500963 0.997345686 -0.072810218 -0.416290045 -0.939925015 -0.025325634 -0.340440542 3.145253181
-0.355630219 0.065914743 0.932299674 5.994045734 -0.000847173 0.997486770 -0.070846722 -0.421650827 -0.934626341 -0.025985053 -0.354680628 3.123437881
-0.370255947 0.064908966 0.926659286 6.038662434 -0.000897005 0.997530222 -0.070231631 -0.425430357 -0.928929389 -0.026834892 -0.369283319 3.106187820
-0.385759294 0.065230370 0.920290530 6.097242355 -0.003048853 0.997401953 -0.071974017 -0.431221634 -0.922594428 -0.030570488 -0.384558141 3.083340645
-0.400760800 0.067792386 0.913671076 6.140630245 -0.002554235 0.997171998 -0.075108320 -0.434706539 -0.916179240 -0.032434203 -0.399454355 3.064907074
-0.415231824 0.068955265 0.907098472 6.198585033 -0.001435184 0.997072220 -0.076451786 -0.440185785 -0.909714520 -0.033047069 -0.413917094 3.038716316
-0.430212051 0.071392514 0.899900436 6.242466927 0.001838494 0.996935070 -0.078211717 -0.444476068 -0.902725995 -0.031993158 -0.429024756 3.018715382
-0.444797099 0.074507363 0.892526865 6.299606323 0.000148779 0.996539891 -0.083116151 -0.449501604 -0.895631313 -0.036837030 -0.443269223 2.990597725
-0.458484501 0.078121185 0.885262132 6.341237068 0.003364104 0.996274292 -0.086175308 -0.453139424 -0.888695955 -0.036531933 -0.457039177 2.967905998
-0.474929422 0.074055567 0.876902342 6.400415421 0.000246402 0.996464133 -0.084019259 -0.459608376 -0.880023837 -0.039687138 -0.473268449 2.938079357
-0.491227746 0.070753917 0.868152678 6.442916870 -0.001069223 0.996645689 -0.081831016 -0.463378370 -0.871030509 -0.041125912 -0.489504308 2.914668798
-0.506780148 0.070902087 0.859154642 6.500159740 -0.001974307 0.996514022 -0.083402298 -0.468808174 -0.862073064 -0.043962866 -0.504873574 2.882191896
-0.522677422 0.070468388 0.849613011 6.542221546 -0.002838298 0.996428668 -0.084391624 -0.472726643 -0.852525830 -0.046521060 -0.520610809 2.856405258
-0.538741350 0.068942875 0.839645505 6.596387863 -0.003672813 0.996444285 -0.084174126 -0.478608668 -0.842463195 -0.048431937 -0.536572576 2.822806120
-0.553899407 0.068761751 0.829739213 6.638072968 -0.004172311 0.996341884 -0.085353620 -0.482952893 -0.832573116 -0.050739247 -0.551586330 2.795031071
-0.569291711 0.068532363 0.819274187 6.677286625 -0.004935226 0.996216774 -0.086762987 -0.486713707 -0.822120726 -0.053436752 -0.566799760 2.768280745
-0.584559977 0.065805882 0.808677554 6.739317894 -0.004804133 0.996407270 -0.084555052 -0.493507624 -0.811336279 -0.053312507 -0.582143545 2.725302935
-0.599715590 0.062275890 0.797786236 6.786717892 -0.004616485 0.996681273 -0.081272133 -0.498647153 -0.800199986 -0.052423134 -0.597437739 2.690646410
-0.614665508 0.060141027 0.786491871 6.826235771 -0.004238250 0.996822953 -0.079536825 -0.503005147 -0.788776517 -0.052221894 -0.612457752 2.660059690
-0.629543006 0.058801044 0.774737358 6.878772736 -0.004450730 0.996842742 -0.079275019 -0.509086967 -0.776952982 -0.053355180 -0.627293646 2.618827820
-0.643966615 0.060756713 0.762637317 6.916883469 -0.004754783 0.996504545 -0.083403029 -0.513116419 -0.765038967 -0.057334930 -0.641426742 2.587140799
-0.659553409 0.059347231 0.749311149 6.967714787 -0.007773608 0.996286333 -0.085750669 -0.518689036 -0.751617551 -0.062382009 -0.656642556 2.543777704
-0.675350964 0.056158904 0.735355318 7.005569935 -0.009521733 0.996349454 -0.084835716 -0.523059368 -0.737435102 -0.064295739 -0.672350585 2.510014772
-0.691507816 0.048669837 0.720727682 7.054366112 -0.013075225 0.996720970 -0.079852469 -0.528919101 -0.722250581 -0.064642280 -0.688603878 2.464804888
-0.709509850 0.045351427 0.703234732 7.090476036 -0.015385339 0.996692300 -0.079799064 -0.532947183 -0.704527438 -0.067437716 -0.706465244 2.433364391
-0.725891531 0.043678094 0.686420977 7.138691902 -0.015527322 0.996686637 -0.079840988 -0.538852632 -0.687633872 -0.068614185 -0.722808242 2.380904436
-0.743466735 0.039042208 0.667632401 7.171977997 -0.019677889 0.996585190 -0.080191970 -0.543034554 -0.668483317 -0.072757654 -0.740159631 2.345516205
-0.759611309 0.037731927 0.649281859 7.218823910 -0.018433340 0.996665597 -0.079485185 -0.549130738 -0.650116026 -0.072346292 -0.756383002 2.292070627
-0.775853992 0.039622594 0.629667103 7.251633167 -0.016248861 0.996440053 -0.082723550 -0.553802609 -0.630703211 -0.074412778 -0.772448242 2.253664970
-0.790598691 0.039802391 0.611039698 7.294206619 -0.012045162 0.996681273 -0.080507331 -0.559419692 -0.612216175 -0.071009085 -0.787495434 2.199055672
-0.805290997 0.039870292 0.591537714 7.324687481 -0.009415355 0.996750474 -0.079999678 -0.564155519 -0.592805028 -0.069992572 -0.802298725 2.158798218
-0.819267333 0.042421144 0.571840525 7.363749981 -0.006107119 0.996557593 -0.082677759 -0.569987237 -0.573379219 -0.071227469 -0.816188037 2.102365494
-0.832815766 0.044278167 0.551776588 7.391392708 -0.004697766 0.996194482 -0.087031692 -0.574453950 -0.553530276 -0.075073481 -0.829438508 2.060696840
-0.845987976 0.043649890 0.531412363 7.430015564 -0.003258223 0.996201754 -0.087014355 -0.580406249 -0.533192039 -0.075344570 -0.842632473 2.001760960
-0.857723176 0.042359110 0.512363911 7.456842422 -0.000847994 0.996482074 -0.083802603 -0.585969806 -0.514111161 -0.072313920 -0.854669750 1.958102345
-0.867434442 0.044651769 0.495543927 7.481208801 0.001726188 0.996229053 -0.086745121 -0.589558721 -0.497548610 -0.074390307 -0.864240468 1.911500692
-0.877336740 0.047294736 0.477539092 7.520123482 0.004677544 0.995926976 -0.090041459 -0.597036421 -0.479852647 -0.076762974 -0.873984396 1.844794869
-0.886552393 0.046480738 0.460287273 7.545058250 0.003962059 0.995666325 -0.092913114 -0.599664211 -0.462611228 -0.080548666 -0.882894456 1.800097823
-0.894746244 0.042686969 0.444529951 7.576349258 0.002155320 0.995822251 -0.091287822 -0.607556343 -0.446569651 -0.080721341 -0.891100287 1.739264965
-0.901689351 0.039852098 0.430543780 7.598637104 0.000752038 0.995886505 -0.090606488 -0.613983035 -0.432383567 -0.081375144 -0.898010314 1.691484571
-0.909333885 0.038637940 0.414269030 7.622642517 0.001096668 0.995897889 -0.090477936 -0.618045628 -0.416065514 -0.081820369 -0.905646145 1.647331119
-0.914686143 0.036104463 0.402548939 7.652802467 -0.000099200 0.995981812 -0.089554638 -0.626139760 -0.404164940 -0.081954315 -0.911007285 1.574485898
-0.920163393 0.031946059 0.390229076 7.673477173 -0.002266448 0.996214449 -0.086899266 -0.630388439 -0.391528040 -0.080845982 -0.916607797 1.525061727
-0.925848246 0.027231589 0.376913100 7.702056885 -0.004109771 0.996615827 -0.082099691 -0.638015091 -0.377873093 -0.077560902 -0.922603011 1.462112188
-0.930383205 0.026583217 0.365623266 7.722354889 -0.002424651 0.996899366 -0.078651011 -0.642656565 -0.366580307 -0.074062109 -0.927433968 1.413493395
-0.933292747 0.031677447 0.357716560 7.746391296 0.002839712 0.996721804 -0.080855392 -0.648383439 -0.359105229 -0.074445933 -0.930323243 1.349754572
-0.935511947 0.036622383 0.351391882 7.764892578 0.008266565 0.996609688 -0.081859425 -0.653154671 -0.353198439 -0.073675670 -0.932642877 1.301047683
-0.937506318 0.040043011 0.345656514 7.789215565 0.011288514 0.996333718 -0.084804259 -0.658749104 -0.347784996 -0.075602598 -0.934521258 1.236710191
-0.939213991 0.037067611 0.341325402 7.807461739 0.009172388 0.996509016 -0.082980566 -0.664113998 -0.343209684 -0.074805744 -0.936275184 1.187228560
-0.941240847 0.029606966 0.336435765 7.831449986 0.002799262 0.996799886 -0.079888776 -0.669793308 -0.337724388 -0.074252814 -0.938311636 1.122985244
-0.943454266 0.023114203 0.330695748 7.850529671 -0.002853834 0.996963024 -0.077825181 -0.674265921 -0.331490278 -0.074368268 -0.940523028 1.074121833
-0.944930375 0.017175367 0.326820046 7.873662472 -0.009350094 0.996797442 -0.079418473 -0.680350780 -0.327137530 -0.078100733 -0.941743791 1.008509278
-0.946261585 0.013708659 0.323111296 7.891032696 -0.013558570 0.996541083 -0.081987828 -0.684810698 -0.323117703 -0.081962869 -0.942802787 0.959615350
-0.946920693 0.014431669 0.321143150 7.913349628 -0.013212997 0.996400297 -0.083736435 -0.691594958 -0.321195573 -0.083535030 -0.943321407 0.894161105
-0.947480381 0.015810428 0.319422871 7.931090832 -0.012315918 0.996232629 -0.085842177 -0.696317911 -0.319576681 -0.085267775 -0.943716228 0.845631003
-0.947213173 0.017142536 0.320145667 7.953059673 -0.011638692 0.996072590 -0.087771103 -0.702500522 -0.320392907 -0.086864039 -0.943293691 0.779401779
-0.946415126 0.018588454 0.322416902 7.969426155 -0.010674452 0.995996118 -0.088756181 -0.707683265 -0.322775811 -0.087441832 -0.942427516 0.729719877
-0.946302056 0.018366516 0.322761685 7.992577076 -0.011429531 0.995859981 -0.090178803 -0.714781523 -0.323081762 -0.089025401 -0.942174435 0.664354444
-0.945893943 0.019735392 0.323875397 8.009635925 -0.010161333 0.995857477 -0.090359375 -0.719045401 -0.324317008 -0.088761404 -0.941774845 0.616712093
-0.944888115 0.018066153 0.326894373 8.032889366 -0.012411488 0.995782018 -0.090908311 -0.726045728 -0.327157855 -0.089955442 -0.940678418 0.550149202
-0.943731189 0.017903563 0.330228508 8.050716400 -0.013135648 0.995716333 -0.091522664 -0.730956256 -0.330452561 -0.090710551 -0.939453483 0.501151085
-0.941888750 0.014978843 0.335590959 8.073811531 -0.015798576 0.995924771 -0.088793516 -0.737518787 -0.335553408 -0.088935472 -0.937813640 0.436057568
-0.939776838 0.013653565 0.341516227 8.092395782 -0.016863853 0.996132493 -0.086230204 -0.742489338 -0.341372818 -0.086796425 -0.935911834 0.385985851
-0.937527478 0.010701341 0.347746462 8.115931511 -0.019317789 0.996383727 -0.082743011 -0.749035597 -0.347374439 -0.084291555 -0.933930397 0.324670315
-0.935078263 0.012743673 0.354211986 8.134668350 -0.017955102 0.996367335 -0.083246201 -0.753521860 -0.353986144 -0.084201626 -0.931452632 0.277118206
-0.931770980 0.012725818 0.362823159 8.158573151 -0.018526232 0.996416688 -0.082526207 -0.759941459 -0.362573326 -0.083617277 -0.928196490 0.215622902
-0.927941442 0.016797937 0.372347146 8.177599907 -0.016104151 0.996244192 -0.085078008 -0.764322102 -0.372377843 -0.084943742 -0.924185753 0.168648243
-0.923721910 0.017519565 0.382662892 8.203265190 -0.015860781 0.996347666 -0.083902895 -0.770748377 -0.382735223 -0.083572291 -0.920070350 0.105796814
-0.918828428 0.020630604 0.394117475 8.223142624 -0.013898600 0.996321738 -0.084556378 -0.775690973 -0.394412339 -0.083170496 -0.915162086 0.059130430
-0.913063288 0.021507321 0.407250315 8.251003265 -0.014903329 0.996181667 -0.086022936 -0.781793714 -0.407545477 -0.084613793 -0.909256399 -0.002466679
-0.907154322 0.023006491 0.420168608 8.276722908 -0.014673784 0.996167541 -0.086226590 -0.787314534 -0.420542121 -0.084386274 -0.903340101 -0.057185411
-0.901085317 0.023323245 0.433014095 8.299519539 -0.014438397 0.996385336 -0.083713569 -0.791893721 -0.433401346 -0.081685103 -0.897491455 -0.103821993
-0.894339800 0.025916440 0.446637034 8.329166412 -0.012614001 0.996463180 -0.083078586 -0.798701167 -0.447210491 -0.079934381 -0.890849829 -0.164064884
-0.887558639 0.027506528 0.459872872 8.352506638 -0.011913944 0.996511698 -0.082598709 -0.803078055 -0.460540771 -0.078790106 -0.884134889 -0.209062815
-0.880294204 0.029929457 0.473483145 8.384422302 -0.008873263 0.996794879 -0.079505704 -0.809511960 -0.474345267 -0.074189752 -0.877207160 -0.268474340
-0.872620881 0.031950120 0.487352014 8.408606529 -0.005913655 0.997093678 -0.075956680 -0.814340889 -0.488362491 -0.069163419 -0.869895697 -0.312202930
-0.864159524 0.035441685 0.501968265 8.443161011 -0.002737690 0.997170866 -0.075118721 -0.819447398 -0.503210485 -0.066288799 -0.861617684 -0.372580767
-0.855691731 0.038194489 0.516074538 8.469375610 0.000178078 0.997294068 -0.073514111 -0.823867977 -0.517485976 -0.062813513 -0.853383183 -0.414584637
-0.844943523 0.041889969 0.533212543 8.503401756 0.004112877 0.997407675 -0.071840443 -0.829477072 -0.534839749 -0.058508098 -0.842925489 -0.470627546
-0.834357560 0.045050729 0.549379528 8.530568123 0.007008594 0.997441053 -0.071148939 -0.833308280 -0.551179111 -0.055513293 -0.832538366 -0.512025833
-0.822265089 0.046352033 0.567213833 8.567151070 0.008203776 0.997539401 -0.069625087 -0.839440942 -0.569045424 -0.052596994 -0.820622265 -0.567583799
-0.811533093 0.049028266 0.582245886 8.597340584 0.010229148 0.997512758 -0.069738626 -0.843019009 -0.584216952 -0.050639339 -0.810016155 -0.606985331
-0.798916876 0.050652489 0.599304736 8.636804581 0.010904852 0.997503400 -0.069770776 -0.848406434 -0.601342678 -0.049205728 -0.797474623 -0.659789801
-0.784853816 0.051995967 0.617495716 8.667309761 0.012312376 0.997585297 -0.068351895 -0.851830184 -0.619558811 -0.046043400 -0.783598721 -0.699277163
-0.769354165 0.053492863 0.636578918 8.707600594 0.014553851 0.997696877 -0.066248827 -0.857429147 -0.638656676 -0.041704126 -0.768360853 -0.750374317
-0.753102660 0.056067973 0.655509531 8.741804123 0.014033821 0.997504115 -0.069196768 -0.859992981 -0.657753289 -0.042912960 -0.752009988 -0.789885521
-0.734043658 0.059614748 0.676480412 8.784603119 0.016218182 0.997394145 -0.070296988 -0.865930378 -0.678908646 -0.040629778 -0.733097792 -0.840081692
-0.717271566 0.059451878 0.694252789 8.818390846 0.013357945 0.997343481 -0.071606003 -0.869142592 -0.696665764 -0.042087164 -0.716160238 -0.873612404
-0.697110355 0.060463712 0.714409828 8.863017082 0.014466967 0.997420967 -0.070299573 -0.874718368 -0.716817915 -0.038671207 -0.696187198 -0.919430733
-0.677250147 0.059811302 0.733317792 8.898194313 0.012674056 0.997490823 -0.069652915 -0.878755808 -0.735643685 -0.037878335 -0.676308811 -0.952076435
