0.999999762 0.000677238 0.000095611 0.000811339 -0.000677203 0.999999702 -0.000361804 -0.001352987 -0.000095855 0.000361739 0.999999940 0.064200625
0.999999702 0.000766242 -0.000208683 0.001877955 -0.000766183 0.999999583 0.000282025 -0.002500709 0.000208899 -0.000281865 0.999999881 0.127574742
1.000000000 0.000004000 0.000096659 0.002444483 -0.000004070 0.999999702 0.000730191 -0.003737806 -0.000096656 -0.000730191 0.999999702 0.189664945
0.999999583 -0.000592355 -0.000705829 0.003362140 0.000593006 0.999999404 0.000923098 -0.004935601 0.000705282 -0.000923517 0.999999344 0.252714813
0.999997437 -0.001161166 -0.001928234 0.004742312 0.001163154 0.999998808 0.001030492 -0.005995507 0.001927036 -0.001032732 0.999997616 0.317806572
0.999997973 -0.000439577 0.001937876 0.002700990 0.000440892 0.999999642 -0.000678237 -0.006504224 -0.001937577 0.000679090 0.999997914 0.383010209
0.999995530 -0.000586058 0.002932578 0.001731959 0.000589220 0.999999285 -0.001077368 -0.007456354 -0.002931946 0.001079091 0.999995112 0.444413424
0.999994099 -0.001150633 0.003226130 0.001369353 0.001147868 0.999998987 0.000858835 -0.008915422 -0.003227116 -0.000855127 0.999994397 0.506912053
0.999996781 -0.001618082 0.001952344 0.001142728 0.001615217 0.999997616 0.001468252 -0.009779396 -0.001954714 -0.001465094 0.999996960 0.569536150
0.999996662 -0.002579812 -0.000279333 0.000669863 0.002580153 0.999995887 0.001225103 -0.010995248 0.000276172 -0.001225819 0.999999225 0.630904853
0.999994278 -0.002444728 -0.002375921 0.000281940 0.002447288 0.999996424 0.001075121 -0.012188731 0.002373284 -0.001080929 0.999996603 0.687837183
0.999993026 -0.001897850 -0.003194699 -0.000941254 0.001899544 0.999998033 0.000527232 -0.013081230 0.003193692 -0.000533297 0.999994755 0.754469812
0.999992788 -0.000793167 -0.003696090 -0.001979444 0.000793532 0.999999642 0.000097352 -0.013666112 0.003696011 -0.000100284 0.999993205 0.810454905
0.999989212 -0.000962126 -0.004550397 -0.002338360 0.000960786 0.999999523 -0.000296656 -0.014503510 0.004550681 0.000292281 0.999989569 0.877931058
0.999988854 -0.001610934 -0.004429263 -0.003376056 0.001614595 0.999998391 0.000823093 -0.015951410 0.004427930 -0.000830236 0.999989808 0.934122741
0.999984443 -0.001796862 -0.005260312 -0.003797273 0.001800418 0.999998271 0.000671450 -0.016893445 0.005259095 -0.000680910 0.999985933 0.999741197
0.999979377 -0.002229903 -0.006007073 -0.004758906 0.002226554 0.999997377 -0.000564048 -0.018239835 0.006008314 0.000550661 0.999981821 1.056076646
0.999979794 -0.002059343 -0.006001212 -0.005150792 0.002048048 0.999996126 -0.001887542 -0.018353589 0.006005075 0.001875213 0.999980211 1.121974111
0.999976218 -0.000775662 -0.006857035 -0.006149929 0.000768082 0.999999166 -0.001107989 -0.019688036 0.006857887 0.001102696 0.999975920 1.176191807
0.999969542 -0.001307097 -0.007694161 -0.006846174 0.001292965 0.999997497 -0.001841306 -0.020508882 0.007696549 0.001831302 0.999968648 1.240895629
0.999960661 -0.001716901 -0.008703548 -0.007841117 0.001697475 0.999996126 -0.002238790 -0.021786293 0.008707359 0.002223928 0.999959588 1.295990229
0.999961972 -0.000611052 -0.008691578 -0.009122492 0.000594417 0.999997973 -0.001916373 -0.022788152 0.008692731 0.001911134 0.999960423 1.360134721
0.999950051 -0.002341116 -0.009719431 -0.010234357 0.002342794 0.999997318 0.000161273 -0.024328366 0.009719028 -0.000184036 0.999952793 1.415254235
0.999947727 -0.002120772 -0.009997769 -0.011360592 0.002118936 0.999997735 -0.000194246 -0.024959762 0.009998159 0.000173051 0.999949932 1.476980567
0.999943435 -0.003007165 -0.010204464 -0.012865236 0.002994286 0.999994695 -0.001277099 -0.026102331 0.010208251 0.001246471 0.999947131 1.534853697
0.999926567 -0.003683382 -0.011540892 -0.013506891 0.003662184 0.999991536 -0.001857379 -0.027464036 0.011547635 0.001814978 0.999931693 1.594222188
0.999922872 -0.001947114 -0.012262842 -0.014498356 0.001929113 0.999997020 -0.001479527 -0.028965307 0.012265685 0.001455757 0.999923766 1.648465514
0.999916136 -0.002695839 -0.012666929 -0.015674958 0.002686859 0.999996126 -0.000725902 -0.030346796 0.012668837 0.000691806 0.999919474 1.710840344
0.999913275 -0.002850813 -0.012859243 -0.016952507 0.002855596 0.999995828 0.000353639 -0.032079902 0.012858183 -0.000390329 0.999917209 1.765882969
0.999896765 -0.003401050 -0.013964746 -0.017625399 0.003392882 0.999994040 -0.000608564 -0.032335673 0.013966733 0.000561121 0.999902248 1.826081157
0.999883354 -0.003726321 -0.014809859 -0.018214449 0.003717103 0.999992907 -0.000649902 -0.033490170 0.014812175 0.000594776 0.999890029 1.883122325
0.999877691 -0.003912633 -0.015138714 -0.019290112 0.003926874 0.999991953 0.000911073 -0.035291895 0.015135028 -0.000970409 0.999884903 1.937672257
0.999882042 -0.004406715 -0.014711527 -0.020838371 0.004419715 0.999989867 0.000851283 -0.035343144 0.014707626 -0.000916204 0.999891341 1.997569799
0.999854326 -0.005178661 -0.016262392 -0.020939898 0.005207479 0.999984980 0.001730208 -0.036603555 0.016253186 -0.001814642 0.999866247 2.051968098
0.999883413 -0.003211434 -0.014926744 -0.022995228 0.003233145 0.999993742 0.001430629 -0.037525937 0.014922057 -0.001478722 0.999887466 2.110920429
0.999886751 -0.002440848 -0.014845083 -0.024154752 0.002453709 0.999996603 0.000848203 -0.038001996 0.014842962 -0.000884533 0.999889433 2.168085337
0.999903679 0.000679272 -0.013859993 -0.025696322 -0.000637356 0.999995232 0.003028452 -0.039015394 0.013861984 -0.003019326 0.999899328 2.224153757
0.999922693 0.000391953 -0.012429154 -0.026929917 -0.000321393 0.999983847 0.005678422 -0.039685342 0.012431180 -0.005673989 0.999906659 2.281587839
0.999939740 0.000984451 -0.010933860 -0.027829958 -0.000889959 0.999962270 0.008643618 -0.040511191 0.010941957 -0.008633371 0.999902785 2.337479591
0.999959886 0.001248239 -0.008868111 -0.029185170 -0.001147152 0.999934435 0.011394852 -0.040515035 0.008881753 -0.011384224 0.999895692 2.393337250
0.999966562 -0.000219362 -0.008175707 -0.029421709 0.000326444 0.999914169 0.013098541 -0.041441292 0.008172133 -0.013100771 0.999880731 2.451034546
0.999988675 -0.001458217 -0.004535763 -0.031427462 0.001512435 0.999927223 0.011973113 -0.041854683 0.004517973 -0.011979838 0.999917984 2.507143736
0.999981225 -0.001027243 -0.006032110 -0.030300159 0.001086995 0.999950290 0.009910821 -0.042138711 0.006021629 -0.009917194 0.999932706 2.562527418
0.999988198 -0.000510578 -0.004836958 -0.031369008 0.000555607 0.999956489 0.009312617 -0.042288661 0.004831993 -0.009315194 0.999944925 2.618189573
0.999985814 -0.000603854 -0.005281465 -0.031471737 0.000653202 0.999956131 0.009346910 -0.043172564 0.005275588 -0.009350227 0.999942362 2.673546076
0.999980330 -0.001317082 -0.006143201 -0.031997237 0.001371200 0.999960184 0.008813621 -0.043972276 0.006131348 -0.008821869 0.999942303 2.729452372
0.999954879 -0.001690314 -0.009342922 -0.031896226 0.001769056 0.999962926 0.008426248 -0.044008940 0.009328331 -0.008442396 0.999920905 2.781697989
0.999941945 -0.002645894 -0.010449504 -0.032901265 0.002742101 0.999953866 0.009203267 -0.044047344 0.010424671 -0.009231387 0.999903142 2.837710857
0.999922574 -0.002125408 -0.012259411 -0.033443443 0.002243079 0.999951601 0.009592650 -0.044739068 0.012238426 -0.009619407 0.999878824 2.890266895
0.999907434 -0.001366121 -0.013536165 -0.034400601 0.001498363 0.999951184 0.009764167 -0.045349091 0.013522166 -0.009783544 0.999860644 2.945804119
0.999895155 -0.001110062 -0.014442655 -0.035104051 0.001241990 0.999957561 0.009128856 -0.045672182 0.014431911 -0.009145835 0.999854028 2.998409033
0.999892831 -0.001547331 -0.014559347 -0.036363162 0.001683346 0.999954939 0.009334467 -0.046890199 0.014544250 -0.009357976 0.999850452 3.053830385
0.999876857 -0.002988352 -0.015400829 -0.036720742 0.003124220 0.999956369 0.008805685 -0.047846667 0.015373844 -0.008852718 0.999842644 3.106353760
0.999867022 -0.002937859 -0.016037440 -0.037861310 0.003098642 0.999945164 0.010009901 -0.048329800 0.016007151 -0.010058263 0.999821365 3.161655426
0.999859512 -0.002762476 -0.016542640 -0.038537513 0.002951008 0.999930859 0.011383178 -0.048360035 0.016510053 -0.011430398 0.999798298 3.213083267
0.999864876 -0.001799817 -0.016340373 -0.040603932 0.001959584 0.999950409 0.009766708 -0.048900299 0.016321981 -0.009797407 0.999818802 3.268437386
0.999836564 -0.000593955 -0.018067405 -0.040421285 0.000748374 0.999963284 0.008541272 -0.049404938 0.018061668 -0.008553399 0.999800324 3.319223404
0.999829590 0.001724044 -0.018381497 -0.041889027 -0.001563464 0.999960542 0.008746712 -0.049754828 0.018395854 -0.008716484 0.999792814 3.373964787
0.999828517 0.003815248 -0.018123785 -0.043490291 -0.003662592 0.999957681 0.008448683 -0.050051168 0.018155251 -0.008380856 0.999800026 3.429466009
0.999831617 0.004660123 -0.017750386 -0.044960488 -0.004494359 0.999946058 0.009367075 -0.050985307 0.017793078 -0.009285721 0.999798596 3.474491358
0.999842286 0.005084373 -0.017022302 -0.046168484 -0.004911529 0.999936163 0.010180417 -0.051737603 0.017072974 -0.010095204 0.999803305 3.529200792
0.999855697 0.007173466 -0.015398566 -0.046924777 -0.007011023 0.999919474 0.010577475 -0.051796846 0.015473203 -0.010467988 0.999825478 3.578389406
0.999908268 0.005060193 -0.012566162 -0.048096515 -0.004948819 0.999948382 0.008878320 -0.052866045 0.012610441 -0.008815317 0.999881566 3.632997751
0.999937594 0.002725936 -0.010831963 -0.048288446 -0.002681235 0.999987841 0.004139164 -0.053332228 0.010843115 -0.004109864 0.999932706 3.681026936
0.999953449 0.004465923 -0.008551232 -0.049065530 -0.004439456 0.999985278 0.003111582 -0.053698666 0.008565003 -0.003073474 0.999958634 3.731917858
0.999980807 0.003190147 -0.005304759 -0.049867962 -0.003155034 0.999973118 0.006614424 -0.054463487 0.005325719 -0.006597559 0.999963999 3.782442331
0.999991417 0.003722933 -0.001820679 -0.050733905 -0.003708543 0.999962270 0.007843835 -0.055321917 0.001849812 -0.007837015 0.999967635 3.836412191
0.999992073 0.003283737 0.002256930 -0.051367100 -0.003297967 0.999974489 0.006330403 -0.055701543 -0.002236084 -0.006337797 0.999977410 3.881422997
0.999977291 0.003376161 0.005845596 -0.051724792 -0.003394644 0.999989212 0.003154670 -0.056651007 -0.005834883 -0.003174442 0.999977887 3.935104370
0.999960124 0.001052980 0.008869004 -0.050932795 -0.001053732 0.999999404 0.000080089 -0.057267208 -0.008868916 -0.000089432 0.999960601 3.977500200
0.999917746 0.000823402 0.012805970 -0.050698821 -0.000807721 0.999998927 -0.001229674 -0.058231052 -0.012806971 0.001219230 0.999917269 4.030045986
0.999870300 0.000241872 0.016108859 -0.049999014 -0.000251404 0.999999702 0.000589679 -0.058848821 -0.016108714 -0.000593652 0.999870062 4.072276115
0.999795556 0.001603500 0.020153251 -0.049547449 -0.001620049 0.999998271 0.000804863 -0.059773061 -0.020151924 -0.000837348 0.999796569 4.124985218
0.999709666 0.000827645 0.024083331 -0.048744738 -0.000806315 0.999999285 -0.000895331 -0.060849916 -0.024084054 0.000875652 0.999709487 4.177208424
0.999629080 0.001223960 0.027204700 -0.047838397 -0.001141009 0.999994636 -0.003064479 -0.061712146 -0.027208310 0.003032302 0.999625146 4.212523460
0.999535859 0.000795543 0.030453654 -0.046949476 -0.000674357 0.999991775 -0.003989432 -0.062441081 -0.030456584 0.003967044 0.999528170 4.265169144
0.999458373 0.000157615 0.032909103 -0.044813618 -0.000073522 0.999996901 -0.002556519 -0.063053474 -0.032909393 0.002552715 0.999455035 4.305706024
0.999355555 -0.000196565 0.035896901 -0.043318301 0.000239113 0.999999285 -0.001181011 -0.064158253 -0.035896633 0.001188833 0.999354720 4.358735561
0.999281645 -0.001773329 0.037857093 -0.040625528 0.001767422 0.999998510 0.000189499 -0.064834021 -0.037857361 -0.000122453 0.999283016 4.412259102
0.999194801 -0.002649991 0.040033072 -0.039224654 0.002582635 0.999995112 0.001734143 -0.065507725 -0.040037483 -0.001629355 0.999196887 4.443381786
0.999093294 -0.004253323 0.042360730 -0.036872625 0.004296317 0.999990344 -0.000923947 -0.066162318 -0.042356387 0.001105105 0.999102056 4.497156143
0.998971581 -0.005927151 0.044949856 -0.036883235 0.006099476 0.999974489 -0.003697528 -0.068349913 -0.044926804 0.003967897 0.998982370 4.543417454
0.998920441 -0.004378658 0.046245646 -0.032767341 0.004748560 0.999957561 -0.007891794 -0.067096040 -0.046209127 0.008102876 0.998898983 4.601070404
0.998837471 -0.004539558 0.047991183 -0.030991822 0.004917409 0.999957800 -0.007758205 -0.068956122 -0.047953945 0.007985178 0.998817623 4.623238564
0.998834848 -0.004709972 0.048028424 -0.028687418 0.005063112 0.999961019 -0.007233761 -0.070412144 -0.047992468 0.007468507 0.998819709 4.676788807
0.998899698 -0.004424762 0.046686687 -0.026275173 0.004664954 0.999976397 -0.005037060 -0.071834192 -0.046663295 0.005249309 0.998896897 4.730222702
0.998942494 -0.004376578 0.045765903 -0.024514869 0.004585508 0.999979436 -0.004461175 -0.071526244 -0.045745440 0.004666317 0.998942137 4.762046337
0.999011278 -0.003763225 0.044298094 -0.023939446 0.003961162 0.999982536 -0.004381349 -0.071521610 -0.044280838 0.004552488 0.999008656 4.814706326
0.999150097 -0.003695330 0.041052990 -0.021008879 0.003831520 0.999987364 -0.003239256 -0.073605195 -0.041040499 0.003393798 0.999151647 4.871225834
0.999252021 -0.003503045 0.038512953 -0.020860046 0.003630727 0.999988139 -0.003245863 -0.074981183 -0.038501125 0.003383264 0.999252737 4.926087856
0.999404550 -0.001896875 0.034452125 -0.018411934 0.002030135 0.999990582 -0.003833408 -0.074838996 -0.034444530 0.003901068 0.999399006 4.948169708
0.999543190 -0.001545160 0.030184153 -0.016621947 0.001649939 0.999992669 -0.003446712 -0.075943865 -0.030178603 0.003494939 0.999538422 5.005263805
0.999646544 -0.000571152 0.026577493 -0.016351610 0.000645916 0.999995768 -0.002804558 -0.076454826 -0.026575772 0.002820734 0.999642789 5.042407036
0.999758840 -0.000032499 0.021961469 -0.015190408 0.000081747 0.999997497 -0.002241609 -0.077218622 -0.021961339 0.002242864 0.999756217 5.098179340
0.999845803 -0.000373869 0.017554808 -0.014871776 0.000396432 0.999999225 -0.001281839 -0.078311399 -0.017554311 0.001288601 0.999845088 5.136291027
0.999916196 0.000201722 0.012946661 -0.014642611 -0.000185766 0.999999285 -0.001233624 -0.079312593 -0.012946898 0.001231116 0.999915421 5.191678047
0.999969721 0.000961395 0.007743957 -0.014560297 -0.000951431 0.999998748 -0.001290245 -0.079809986 -0.007745188 0.001282837 0.999969184 5.230555058
0.999996126 0.001195293 0.002529658 -0.014475679 -0.001191960 0.999998391 -0.001318764 -0.081370510 -0.002531230 0.001315744 0.999995947 5.286249638
0.999995172 0.002405881 -0.001927857 -0.015059503 -0.002410286 0.999994516 -0.002285772 -0.081600219 0.001922347 0.002290407 0.999995530 5.324939251
0.999971449 0.004585227 -0.005993390 -0.015278511 -0.004598510 0.999987066 -0.002204285 -0.082783967 0.005983205 0.002231783 0.999979675 5.379918098
0.999952376 0.006073626 -0.007636146 -0.016566677 -0.006091614 0.999978781 -0.002334623 -0.083255865 0.007621803 0.002381028 0.999968112 5.419979095
0.999927580 0.007707192 -0.009245265 -0.016939886 -0.007732845 0.999966443 -0.002742141 -0.084088027 0.009223821 0.002813434 0.999953568 5.475256443
0.999903381 0.010023259 -0.009636956 -0.018319339 -0.010046032 0.999946892 -0.002317432 -0.085264578 0.009613217 0.002414021 0.999950767 5.514983177
0.999882817 0.011063169 -0.010579606 -0.020073954 -0.011081212 0.999937296 -0.001648423 -0.086008988 0.010560705 0.001765464 0.999942601 5.570613861
0.999875665 0.011300003 -0.010996166 -0.020492997 -0.011310275 0.999935687 -0.000872375 -0.087031431 0.010985600 0.000996636 0.999939144 5.610426903
0.999820650 0.014756490 -0.011864295 -0.022409622 -0.014743931 0.999890745 0.001145348 -0.087896153 0.011879897 -0.000970216 0.999928951 5.665910244
0.999793291 0.015779739 -0.012818460 -0.022388447 -0.015724147 0.999866545 0.004426066 -0.088605843 0.012886593 -0.004223591 0.999908030 5.706037045
0.999802768 0.014574613 -0.013487286 -0.023934226 -0.014518793 0.999885559 0.004227424 -0.089629903 0.013547356 -0.004030771 0.999900103 5.763298035
0.999800265 0.014241640 -0.014022798 -0.024182096 -0.014212351 0.999896646 0.002185895 -0.089585818 0.014052480 -0.001986162 0.999899268 5.802186012
0.999822974 0.011806549 -0.014648638 -0.025575597 -0.011763016 0.999926150 0.003054356 -0.090261906 0.014683619 -0.002881504 0.999888003 5.859232903
0.999831915 0.009149243 -0.015888648 -0.026001222 -0.009067947 0.999945402 0.005181063 -0.090998530 0.015935186 -0.005036114 0.999860346 5.898625374
0.999850452 0.006106593 -0.016178980 -0.027523123 -0.005995805 0.999958277 0.006887226 -0.091582417 0.016220365 -0.006789191 0.999845386 5.955323219
0.999856889 0.003720165 -0.016505532 -0.027905613 -0.003588168 0.999961376 0.008019567 -0.092035308 0.016534731 -0.007959193 0.999831557 5.995526791
0.999859095 -0.000990181 -0.016754195 -0.028972596 0.001099616 0.999978125 0.006523774 -0.092874147 0.016747370 -0.006541278 0.999838293 6.052480698
0.999861479 -0.002972431 -0.016374871 -0.029700473 0.003054784 0.999982715 0.005006477 -0.092937127 0.016359707 -0.005055806 0.999853432 6.092447281
0.999850392 -0.004316031 -0.016750874 -0.030476913 0.004410143 0.999974668 0.005585463 -0.094030514 0.016726341 -0.005658502 0.999844134 6.150974751
0.999861181 -0.004720672 -0.015980814 -0.031507663 0.004797156 0.999977231 0.004751008 -0.093826354 0.015958024 -0.004827012 0.999861002 6.189694881
0.999879658 -0.004914554 -0.014714517 -0.033177868 0.005012172 0.999965668 0.006604604 -0.095124334 0.014681553 -0.006677561 0.999869943 6.246970654
0.999894381 -0.001241829 -0.014473302 -0.033908002 0.001364528 0.999963224 0.008470780 -0.095193878 0.014462252 -0.008489637 0.999859393 6.285426140
0.999899149 -0.001600284 -0.014108876 -0.035418138 0.001695158 0.999976039 0.006715042 -0.096093133 0.014097793 -0.006738283 0.999877930 6.343424797
0.999911129 -0.001215184 -0.013269069 -0.037295006 0.001280062 0.999987304 0.004882033 -0.096801765 0.013262968 -0.004898586 0.999900103 6.401580811
0.999924839 -0.001355612 -0.012179020 -0.037640676 0.001379883 0.999997020 0.001984657 -0.096769363 0.012176292 -0.002001314 0.999923825 6.427915573
0.999923706 -0.002574954 -0.012082423 -0.038963437 0.002548297 0.999994338 -0.002221082 -0.097531743 0.012088072 0.002190122 0.999924541 6.485816479
0.999930799 -0.002521400 -0.011489355 -0.039507173 0.002460089 0.999982655 -0.005347507 -0.098861545 0.011502638 0.005318872 0.999919713 6.522389889
0.999933481 -0.003568525 -0.010967029 -0.040654868 0.003500462 0.999974489 -0.006219133 -0.100035861 0.010988943 0.006180330 0.999920487 6.579780579
0.999924421 -0.003479356 -0.011788773 -0.041230906 0.003405951 0.999974728 -0.006240991 -0.101099923 0.011810188 0.006200368 0.999911010 6.637890816
0.999926984 -0.002431378 -0.011835632 -0.041620962 0.002364437 0.999981105 -0.005666644 -0.101906404 0.011849188 0.005638246 0.999913812 6.662972927
0.999923050 -0.002151870 -0.012217966 -0.042617183 0.002089472 0.999984801 -0.005117500 -0.103072718 0.012228793 0.005091578 0.999912202 6.720545292
0.999928594 -0.001479437 -0.011853957 -0.043823656 0.001435642 0.999992013 -0.003702157 -0.104413509 0.011859339 0.003684875 0.999922872 6.755492210
0.999917746 -0.001443945 -0.012750856 -0.044531684 0.001392005 0.999990702 -0.004081349 -0.105890535 0.012756628 0.004063264 0.999910355 6.812756062
0.999912024 -0.000173308 -0.013274335 -0.045265507 0.000124019 0.999993086 -0.003713873 -0.106539272 0.013274888 0.003711900 0.999904990 6.847510338
0.999902129 -0.000425748 -0.013982030 -0.046309944 0.000383900 0.999995410 -0.002995561 -0.107233785 0.013983242 0.002989900 0.999897718 6.893999100
0.999892175 -0.000049843 -0.014686863 -0.047587056 0.000014265 0.999997079 -0.002422522 -0.108777002 0.014686941 0.002422052 0.999889255 6.951200008
0.999884784 0.000819407 -0.015158318 -0.048497684 -0.000867955 0.999994516 -0.003196458 -0.109406658 0.015155613 0.003209247 0.999879956 6.985829830
0.999884546 0.000783179 -0.015174565 -0.050567102 -0.000845452 0.999991238 -0.004097770 -0.110996276 0.015171224 0.004110126 0.999876440 7.043420315
0.999862969 0.001654517 -0.016467677 -0.050664730 -0.001730425 0.999987960 -0.004596333 -0.111209109 0.016459875 0.004624201 0.999853849 7.077517033
0.999850810 0.001190487 -0.017232146 -0.052058116 -0.001288101 0.999983191 -0.005654648 -0.112476513 0.017225126 0.005676000 0.999835551 7.134358406
0.999836206 0.000982695 -0.018071536 -0.052912034 -0.001099712 0.999978483 -0.006466412 -0.113434970 0.018064791 0.006485226 0.999815822 7.169115543
0.999825001 0.001665859 -0.018632622 -0.054518178 -0.001782745 0.999978781 -0.006258332 -0.114744626 0.018621799 0.006290454 0.999806762 7.225118637
0.999810219 0.001571853 -0.019419853 -0.055345096 -0.001666889 0.999986708 -0.004878546 -0.115743808 0.019411925 0.004909991 0.999799550 7.260804176
0.999796391 0.001421158 -0.020129547 -0.057170533 -0.001514518 0.999988198 -0.004623454 -0.116916746 0.020122737 0.004652999 0.999786735 7.317153931
0.999782503 0.002455829 -0.020710215 -0.058137387 -0.002533174 0.999989927 -0.003709233 -0.118181989 0.020700900 0.003760889 0.999778569 7.352912903
0.999764204 0.002788088 -0.021538327 -0.059412152 -0.002857158 0.999990880 -0.003176721 -0.119533576 0.021529274 0.003237511 0.999762893 7.410287380
0.999750853 0.002769851 -0.022146897 -0.061516449 -0.002861422 0.999987483 -0.004104137 -0.120983504 0.022135250 0.004166487 0.999746263 7.466513634
0.999739885 0.003803346 -0.022489384 -0.062258080 -0.003909319 0.999981463 -0.004670045 -0.121704154 0.022471206 0.004756748 0.999736190 7.492395878
0.999728918 0.004396258 -0.022865977 -0.064019233 -0.004505120 0.999978781 -0.004711532 -0.122510061 0.022844780 0.004813268 0.999727428 7.549979210
0.999724030 0.003299186 -0.023257107 -0.065032922 -0.003431120 0.999978185 -0.005635187 -0.123727657 0.023238013 0.005713428 0.999713719 7.584383488
0.999727845 0.002448022 -0.023199536 -0.067327760 -0.002601077 0.999975026 -0.006569410 -0.125261441 0.023182875 0.006627964 0.999709308 7.641944885
0.999719799 -0.001181001 -0.023640657 -0.067737840 0.001023459 0.999977231 -0.006675042 -0.126063228 0.023647999 0.006648976 0.999698341 7.676701069
0.999712825 -0.000640051 -0.023955969 -0.069502026 0.000569028 0.999995470 -0.002971448 -0.127349019 0.023957759 0.002956963 0.999708652 7.735036850
0.999710023 -0.001486373 -0.024038026 -0.070566759 0.001520294 0.999997973 0.001392930 -0.128302917 0.024035905 -0.001429071 0.999710023 7.769967079
0.999709904 -0.001405160 -0.024040803 -0.072427057 0.001422123 0.999998808 0.000688517 -0.129479080 0.024039805 -0.000722507 0.999710679 7.826925278
0.999717116 0.001452368 -0.023738721 -0.073627502 -0.001509394 0.999996066 -0.002384507 -0.130056903 0.023735162 0.002419664 0.999715388 7.860553265
0.999713778 0.001485722 -0.023877418 -0.076067701 -0.001584774 0.999990225 -0.004129972 -0.131397754 0.023871047 0.004166631 0.999706388 7.916954517
0.999709070 0.001607605 -0.024071854 -0.076666281 -0.001707670 0.999989986 -0.004136923 -0.132115602 0.024064964 0.004176825 0.999701679 7.952260971
0.999715745 0.000906299 -0.023828069 -0.078751311 -0.000980234 0.999994814 -0.003091360 -0.133662030 0.023825139 0.003113837 0.999711335 8.008659363
0.999709129 0.001503748 -0.024071639 -0.079637975 -0.001523911 0.999998450 -0.000819312 -0.134364188 0.024070373 0.000855757 0.999709904 8.043933868
0.999724984 0.000888534 -0.023434358 -0.081801288 -0.000881494 0.999999523 0.000310751 -0.135864437 0.023434624 -0.000290008 0.999725342 8.101333618
0.999769688 0.001183810 -0.021426417 -0.082738809 -0.001198451 0.999999046 -0.000670494 -0.136241049 0.021425601 0.000696018 0.999770224 8.134193420
0.999790370 -0.000039819 -0.020475026 -0.083840132 0.000003696 0.999998391 -0.001764256 -0.137744337 0.020475065 0.001763810 0.999788880 8.189206123
0.999811292 -0.000560671 -0.019423096 -0.084295139 0.000498227 0.999994695 -0.003219643 -0.138899326 0.019424800 0.003209359 0.999806225 8.245765686
0.999845982 -0.001193098 -0.017508486 -0.085967690 0.001122761 0.999991238 -0.004026606 -0.139274627 0.017513139 0.004006328 0.999838591 8.268539429
0.999855220 -0.001005613 -0.016989391 -0.085901700 0.000949599 0.999994040 -0.003304732 -0.140709087 0.016992616 0.003288120 0.999850214 8.323963165
0.999886990 -0.001482953 -0.014960908 -0.087882251 0.001458476 0.999997556 -0.001646883 -0.141180515 0.014963313 0.001624877 0.999886692 8.357507706
0.999896944 0.000152548 -0.014355790 -0.087909482 -0.000181054 0.999998033 -0.001984363 -0.141199887 0.014355458 0.001986758 0.999894977 8.413549423
0.999921322 -0.000342125 -0.012532890 -0.090080708 0.000328784 0.999999404 -0.001066472 -0.143116027 0.012533247 0.001062267 0.999920905 8.445200920
0.999934375 -0.000171900 -0.011452613 -0.091123901 0.000153117 0.999998689 -0.001640891 -0.143852979 0.011452880 0.001639030 0.999933124 8.499155998
0.999947965 -0.000064256 -0.010201639 -0.091880359 0.000053273 0.999999404 -0.001076887 -0.144818664 0.010201703 0.001076288 0.999947309 8.532486916
0.999957442 0.000397661 -0.009211503 -0.092762582 -0.000407426 0.999999344 -0.001058202 -0.146168619 0.009211075 0.001061910 0.999957025 8.586296082
0.999963641 -0.000181175 -0.008522949 -0.093903676 0.000172782 0.999999464 -0.000985557 -0.147291064 0.008523123 0.000984048 0.999963224 8.639162064
0.999966919 -0.001160248 -0.008046747 -0.093832739 0.001152053 0.999998748 -0.001023114 -0.147741944 0.008047925 0.001013809 0.999967098 8.660223007
0.999973714 -0.001090372 -0.007157457 -0.095253259 0.001087693 0.999999344 -0.000378178 -0.148623809 0.007157864 0.000370383 0.999974310 8.712554932
0.999970138 -0.001101494 -0.007643456 -0.095422976 0.001108188 0.999998987 0.000871674 -0.149578825 0.007642488 -0.000880120 0.999970436 8.743020058
0.999970257 -0.000738177 -0.007680017 -0.096890077 0.000743764 0.999999404 0.000724534 -0.150733113 0.007679478 -0.000730225 0.999970257 8.793982506
0.999959171 -0.000893864 -0.008992322 -0.096454769 0.000890524 0.999999464 -0.000375388 -0.151248947 0.008992653 0.000367365 0.999959528 8.822617531
0.999953449 -0.000410788 -0.009644206 -0.097154140 0.000401184 0.999999344 -0.000997693 -0.152323559 0.009644610 0.000993777 0.999953032 8.871658325
0.999949515 -0.000275588 -0.010043172 -0.097869553 0.000268264 0.999999702 -0.000730604 -0.153317258 0.010043371 0.000727873 0.999949276 8.899626732
0.999944985 -0.000878401 -0.010449748 -0.099644184 0.000866905 0.999998987 -0.001104647 -0.154090121 0.010450709 0.001095528 0.999944746 8.947569847
0.999915004 -0.001322555 -0.012969310 -0.099349715 0.001317299 0.999999046 -0.000413811 -0.154843897 0.012969845 0.000396692 0.999915838 8.975831032
0.999877512 -0.002353674 -0.015467440 -0.100081891 0.002380358 0.999995828 0.001707001 -0.155932248 0.015463354 -0.001743611 0.999878943 9.021580696
0.999855995 -0.002208613 -0.016822737 -0.101348296 0.002260963 0.999992788 0.003093481 -0.156580746 0.016815783 -0.003131074 0.999853611 9.050068855
0.999818802 -0.001887472 -0.018943164 -0.102586083 0.001953068 0.999992251 0.003444883 -0.157854915 0.018936515 -0.003481258 0.999814570 9.095129013
0.999750078 -0.002104938 -0.022256622 -0.103068098 0.002160177 0.999994636 0.002458160 -0.157811806 0.022251327 -0.002505624 0.999749362 9.121862411
0.999668360 -0.001790824 -0.025692848 -0.104145378 0.001865983 0.999994099 0.002901603 -0.158969373 0.025687499 -0.002948585 0.999665678 9.165431976
0.999585927 -0.001650765 -0.028727192 -0.105520338 0.001733009 0.999994457 0.002838216 -0.159474507 0.028722351 -0.002886824 0.999583244 9.208227158
0.999521673 -0.001451879 -0.030892186 -0.106929317 0.001539265 0.999994934 0.002805138 -0.159936056 0.030887958 -0.002851347 0.999518752 9.223908424
0.999415338 -0.001510420 -0.034155764 -0.108280450 0.001619919 0.999993682 0.003178417 -0.161294028 0.034150749 -0.003231887 0.999411404 9.263801575
0.999298573 -0.001863105 -0.037402112 -0.109526247 0.001907287 0.999997497 0.001145642 -0.160861731 0.037399892 -0.001216174 0.999299586 9.288239479
0.999184847 -0.000554722 -0.040365092 -0.111668080 0.000587746 0.999999464 0.000806282 -0.161493808 0.040364631 -0.000829349 0.999184668 9.326223373
0.999067605 -0.000517091 -0.043169852 -0.112661391 0.000515713 0.999999821 -0.000043062 -0.162066326 0.043169871 0.000020759 0.999067783 9.348796844
0.998958409 0.001623532 -0.045601379 -0.114861727 -0.001642559 0.999998629 -0.000379795 -0.162881687 0.045600712 0.000454302 0.998959720 9.384927750
0.998933911 0.002040328 -0.046117216 -0.115955472 -0.002027863 0.999997914 0.000317058 -0.163389370 0.046117760 -0.000223200 0.998935938 9.406244278
0.998947740 0.002219652 -0.045810122 -0.117869169 -0.002145548 0.999996364 0.001666733 -0.164377064 0.045813650 -0.001566692 0.998948812 9.441475868
0.998960078 0.002522736 -0.045523062 -0.118844271 -0.002428194 0.999994755 0.002131966 -0.164686263 0.045528207 -0.002019211 0.998960972 9.462249756
0.998988688 0.002458129 -0.044895079 -0.121112764 -0.002365884 0.999994993 0.002107680 -0.165579900 0.044900030 -0.001999332 0.998989463 9.495414734
0.998982370 0.002598651 -0.045027688 -0.121511430 -0.002625728 0.999996424 -0.000542208 -0.165701300 0.045026120 0.000659886 0.998985589 9.515270233
0.998980403 0.002726701 -0.045064647 -0.122596920 -0.002840660 0.999993026 -0.002464933 -0.166669741 0.045057606 0.002590433 0.998981059 9.548042297
0.999080539 0.002896069 -0.042774625 -0.124199927 -0.003072337 0.999987066 -0.004055696 -0.166804224 0.042762328 0.004183386 0.999076486 9.567686081
0.999133885 0.003301529 -0.041479431 -0.125794232 -0.003479498 0.999985039 -0.004219102 -0.167910680 0.041464888 0.004359776 0.999130428 9.600502968
0.999203265 0.002963815 -0.039799385 -0.127196312 -0.003140259 0.999985516 -0.004371563 -0.168460146 0.039785847 0.004493060 0.999198079 9.632781029
0.999277890 0.002743163 -0.037898514 -0.127603471 -0.002923038 0.999984682 -0.004691632 -0.168774366 0.037885066 0.004799022 0.999270618 9.644879341
0.999337554 0.002742914 -0.036293123 -0.128877103 -0.002916021 0.999984622 -0.004717637 -0.169626683 0.036279634 0.004820343 0.999330103 9.676142693
0.999423921 0.002934971 -0.033811484 -0.129620016 -0.003112599 0.999981582 -0.005202053 -0.170016333 0.033795603 0.005304297 0.999414623 9.696148872
0.999516964 0.002789841 -0.030953109 -0.130911455 -0.002936778 0.999984562 -0.004702656 -0.170836031 0.030939518 0.004791286 0.999509752 9.728346825
0.999604225 0.001618920 -0.028085640 -0.131704941 -0.001732580 0.999990404 -0.004023032 -0.171601579 0.028078862 0.004070100 0.999597430 9.760154724
0.999689162 0.000852824 -0.024915881 -0.132105947 -0.000952577 0.999991596 -0.003992043 -0.171737492 0.024912272 0.004014536 0.999681592 9.772319794
0.999763727 0.000515112 -0.021732125 -0.133140087 -0.000596903 0.999992728 -0.003757274 -0.172605574 0.021730030 0.003769358 0.999756753 9.804115295
0.999823809 0.000579865 -0.018761994 -0.133331075 -0.000662972 0.999989986 -0.004423636 -0.172913834 0.018759247 0.004435296 0.999814153 9.821940422
0.999873936 0.000136257 -0.015874015 -0.133995682 -0.000206379 0.999990284 -0.004415857 -0.173777699 0.015873261 0.004418577 0.999864280 9.853049278
0.999916017 0.000991471 -0.012916733 -0.134270132 -0.001061675 0.999984682 -0.005429402 -0.174062416 0.012911151 0.005442659 0.999901831 9.872067451
0.999956012 0.001561842 -0.009244532 -0.135356605 -0.001612767 0.999983609 -0.005503823 -0.175157070 0.009235783 0.005518490 0.999942124 9.903722763
0.999976337 0.001737859 -0.006649060 -0.135189742 -0.001772589 0.999984801 -0.005221038 -0.175141096 0.006639885 0.005232701 0.999964237 9.922318459
0.999989390 0.002171674 -0.004045289 -0.135516673 -0.002191397 0.999985695 -0.004877546 -0.176036403 0.004034639 0.004886360 0.999979913 9.954101562
0.999996662 0.001434205 -0.002126773 -0.135564923 -0.001443976 0.999988317 -0.004599767 -0.176499546 0.002120151 0.004602822 0.999987125 9.973707199
0.999998510 0.001678976 0.000305594 -0.135986432 -0.001676881 0.999975920 -0.006729531 -0.176946074 -0.000316885 0.006729008 0.999977231 10.005524635
0.999996841 0.001810580 0.001746976 -0.135942876 -0.001795044 0.999959290 -0.008853705 -0.177474752 -0.001762934 0.008850542 0.999959290 10.025328636
0.999995828 0.001201050 0.002626837 -0.135495931 -0.001174594 0.999948800 -0.010049704 -0.178840041 -0.002638774 0.010046577 0.999946117 10.056797981
0.999996603 0.000556080 0.002543327 -0.136011869 -0.000529848 0.999946713 -0.010302989 -0.179069027 -0.002548922 0.010301606 0.999943674 10.077885628
0.999995410 -0.002104210 0.002191016 -0.135711700 0.002128827 0.999933958 -0.011294952 -0.179413989 -0.002167105 0.011299564 0.999933839 10.110367775
0.999995351 0.000262340 0.003038032 -0.136466041 -0.000228277 0.999937296 -0.011206721 -0.180466652 -0.003040780 0.011205975 0.999932587 10.131598473
0.999992728 0.001049646 0.003685114 -0.136823028 -0.001008684 0.999937892 -0.011099936 -0.181922302 -0.003696536 0.011096137 0.999931574 10.164873123
0.999994874 0.000352163 0.003173848 -0.136265531 -0.000308793 0.999906719 -0.013655093 -0.181933567 -0.003178361 0.013654043 0.999901712 10.185013771
0.999986231 -0.003836672 0.003573781 -0.136122569 0.003892380 0.999868929 -0.015713669 -0.183113560 -0.003513024 0.015727360 0.999870121 10.220355034
0.999969006 -0.006741819 0.004063696 -0.136026472 0.006808056 0.999840438 -0.016512586 -0.183494493 -0.003951723 0.016539739 0.999855340 10.239612579
0.999982417 -0.004278099 0.004103788 -0.135852158 0.004329593 0.999910951 -0.012622504 -0.184165135 -0.004049421 0.012640050 0.999911904 10.275380135
0.999985814 -0.000085466 0.005331740 -0.136405706 0.000123321 0.999974787 -0.007100045 -0.184490025 -0.005331000 0.007100602 0.999960482 10.295885086
0.999979436 -0.000678388 0.006377422 -0.136103749 0.000703176 0.999992251 -0.003885294 -0.185283244 -0.006374737 0.003889700 0.999971986 10.332108498
0.999965012 -0.001799455 0.008163085 -0.135998279 0.001842225 0.999984622 -0.005234987 -0.186165750 -0.008153538 0.005249842 0.999952972 10.352349281
0.999925971 -0.000880686 0.012134316 -0.135571748 0.001020644 0.999933064 -0.011532709 -0.186632916 -0.012123347 0.011544239 0.999859869 10.388708115
0.999871075 0.000733679 0.016040094 -0.135706961 -0.000494154 0.999888480 -0.014931798 -0.187730640 -0.016049260 0.014921946 0.999759793 10.426317215
0.999804676 0.002460059 0.019613767 -0.135713235 -0.002168706 0.999887228 -0.014861974 -0.187973648 -0.019648122 0.014816534 0.999697208 10.438981056
0.999745846 0.000337728 0.022541193 -0.135112211 -0.000044986 0.999915719 -0.012986228 -0.188974172 -0.022543680 0.012981914 0.999661565 10.476806641
0.999662399 -0.002531370 0.025860028 -0.134473562 0.002777790 0.999950945 -0.009497482 -0.189556330 -0.025834722 0.009566109 0.999620497 10.498546600
0.999586582 -0.005144244 0.028287299 -0.133101434 0.005374494 0.999952912 -0.008069687 -0.190385550 -0.028244460 0.008218380 0.999567330 10.537482262
0.999481559 -0.004179234 0.031922787 -0.133141190 0.004422584 0.999961674 -0.007556336 -0.190881893 -0.031889975 0.007693600 0.999461770 10.558416367
0.999394298 -0.003202111 0.034651093 -0.133283645 0.003526666 0.999950469 -0.009309318 -0.192418307 -0.034619562 0.009425882 0.999356151 10.595407486
0.999318838 -0.001797539 0.036858644 -0.131650299 0.002231661 0.999928534 -0.011740288 -0.192622617 -0.036834914 0.011814547 0.999251485 10.618445396
0.999263108 -0.000780634 0.038372986 -0.129521549 0.001249783 0.999924660 -0.012203577 -0.193436354 -0.038360573 0.012242544 0.999188900 10.657857895
0.999097466 0.000667410 0.042470131 -0.129802108 -0.000218497 0.999944031 -0.010573841 -0.193547994 -0.042474810 0.010555018 0.999041736 10.679006577
0.998978555 0.001483605 0.045161743 -0.128553391 -0.001083291 0.999959886 -0.008887199 -0.194817722 -0.045173120 0.008829197 0.998940170 10.717405319
0.998818755 0.003128710 0.048491001 -0.127598524 -0.002667910 0.999950647 -0.009564597 -0.194890231 -0.048518535 0.009423928 0.998777807 10.739123344
0.998685420 0.004073816 0.051097237 -0.125745654 -0.003547765 0.999939799 -0.010381580 -0.195540339 -0.051136460 0.010186653 0.998639703 10.778181076
0.998555481 0.001420920 0.053711716 -0.124687135 -0.000873966 0.999947548 -0.010205252 -0.196638465 -0.053723399 0.010143567 0.998504341 10.799628258
0.998454630 -0.001258270 0.055559028 -0.122924149 0.001803981 0.999950588 -0.009773142 -0.197397113 -0.055543985 0.009858266 0.998407602 10.838643074
0.998413026 -0.003206031 0.056223664 -0.121344030 0.003738208 0.999949157 -0.009362728 -0.198497772 -0.056190789 0.009558046 0.998374283 10.860695839
0.998346925 -0.003774370 0.057353251 -0.119955838 0.004333429 0.999944270 -0.009626376 -0.199158117 -0.057313725 0.009858998 0.998307586 10.899700165
0.998346984 -0.003422722 0.057371844 -0.118222058 0.003971701 0.999947369 -0.009457474 -0.199899048 -0.057336446 0.009669704 0.998308063 10.921988487
0.998360217 -0.003160291 0.057155192 -0.116324186 0.003650312 0.999957383 -0.008471134 -0.201021165 -0.057125974 0.008665877 0.998329401 10.961278915
0.998376489 -0.003464318 0.056853637 -0.114521801 0.003929699 0.999959648 -0.008075827 -0.202194452 -0.056823369 0.008286132 0.998349845 11.001029968
0.998483360 -0.003519880 0.054943733 -0.113448918 0.004015767 0.999952137 -0.008917549 -0.202587187 -0.054909721 0.009124663 0.998449624 11.013817787
0.998616397 -0.003455699 0.052471813 -0.111488938 0.003990524 0.999941111 -0.010091282 -0.203570724 -0.052433845 0.010286709 0.998571396 11.052710533
0.998646677 -0.002769359 0.051933348 -0.110789239 0.003314764 0.999940336 -0.010418845 -0.204332620 -0.051901389 0.010576895 0.998596132 11.075016022
0.998733222 -0.000768644 0.050310899 -0.109340727 0.001336034 0.999935865 -0.011245022 -0.205055088 -0.050299022 0.011297993 0.998670280 11.113989830
0.998801112 -0.000554953 0.048950288 -0.108047247 0.001113981 0.999934494 -0.011393785 -0.206537873 -0.048940755 0.011434654 0.998736203 11.153641701
0.998924673 0.000293210 0.046361890 -0.107030571 0.000210664 0.999940991 -0.010862997 -0.206855416 -0.046362344 0.010861081 0.998865604 11.166863441
0.999028444 0.000541269 0.044065587 -0.106899172 -0.000127178 0.999955893 -0.009399408 -0.207933947 -0.044068716 0.009384670 0.998984396 11.203477859
0.999211311 -0.001450737 0.039681360 -0.105127066 0.001709751 0.999977469 -0.006494186 -0.208855182 -0.039671045 0.006556910 0.999191284 11.227465630
0.999400258 -0.002215374 0.034553431 -0.104066640 0.002399495 0.999983132 -0.005288001 -0.209673062 -0.034541134 0.005367742 0.999388814 11.266437531
0.999545515 -0.002864531 0.030008428 -0.103725702 0.002979791 0.999988317 -0.003796988 -0.210306913 -0.029997203 0.003884682 0.999542356 11.287275314
0.999674439 -0.002344906 0.025408998 -0.103219986 0.002430473 0.999991417 -0.003337272 -0.210960209 -0.025400959 0.003397940 0.999671519 11.325560570
0.999783158 -0.004241923 0.020388290 -0.102719083 0.004295742 0.999987304 -0.002596598 -0.211665154 -0.020377014 0.002683617 0.999788761 11.345824242
0.999864757 -0.004336849 0.015867002 -0.102541789 0.004379822 0.999986768 -0.002674576 -0.212322146 -0.015855193 0.002743709 0.999870479 11.382905006
0.999915302 -0.005049125 0.011996757 -0.102659956 0.005088341 0.999981761 -0.003240666 -0.212722480 -0.011980176 0.003301435 0.999922752 11.402419090
0.999956727 -0.005619418 0.007410931 -0.102489576 0.005638235 0.999980867 -0.002520510 -0.214035660 -0.007396626 0.002562185 0.999969304 11.437982559
0.999980152 -0.004660654 0.004237555 -0.102885939 0.004674403 0.999983788 -0.003240308 -0.214124635 -0.004222384 0.003260052 0.999985754 11.456254959
0.999989748 -0.004519613 0.000282099 -0.101875536 0.004520778 0.999980628 -0.004271474 -0.213921219 -0.000262788 0.004272706 0.999990880 11.486297607
0.999976158 -0.005783984 -0.003764406 -0.103465527 0.005769202 0.999975562 -0.003925274 -0.215520144 0.003787017 0.003903463 0.999985158 11.506581306
0.999957740 -0.004161266 -0.008192411 -0.104721084 0.004113453 0.999974489 -0.005844429 -0.216266036 0.008216523 0.005810483 0.999949396 11.537935257
