0.999999821 0.000606006 -0.000114441 0.001162183 -0.000606044 0.999999762 -0.000330065 -0.001430370 0.000114241 0.000330134 0.999999940 0.059661053
0.999999523 0.000721549 -0.000683355 0.002329483 -0.000721247 0.999999583 0.000440991 -0.002558629 0.000683673 -0.000440498 0.999999583 0.120293476
1.000000000 0.000032426 0.000094404 0.002062873 -0.000032494 0.999999762 0.000725234 -0.003621519 -0.000094381 -0.000725237 0.999999762 0.181664646
0.999999821 -0.000322948 0.000509778 0.001898027 0.000322503 0.999999583 0.000872969 -0.004692843 -0.000510060 -0.000872804 0.999999464 0.242554247
0.999999583 -0.000533566 0.000680925 0.002249994 0.000532955 0.999999404 0.000896506 -0.005570930 -0.000681403 -0.000896142 0.999999344 0.303895116
0.999995708 -0.000208202 0.002918953 0.001415918 0.000210258 0.999999642 -0.000704203 -0.006144084 -0.002918806 0.000704814 0.999995470 0.365264684
0.999992847 -0.000267863 0.003765722 0.000619975 0.000272020 0.999999285 -0.001103650 -0.007034083 -0.003765425 0.001104667 0.999992311 0.423537672
0.999986768 -0.000811463 0.005077923 -0.000499082 0.000809003 0.999999583 0.000486558 -0.008124665 -0.005078316 -0.000482444 0.999986947 0.479613990
0.999994040 -0.001185578 0.003239406 -0.000131844 0.001181519 0.999998510 0.001254457 -0.009107517 -0.003240889 -0.001250622 0.999993980 0.539987147
0.999997199 -0.002141048 0.000984817 -0.000529388 0.002140058 0.999997199 0.001006060 -0.010223192 -0.000986969 -0.001003950 0.999998987 0.598282874
0.999997020 -0.002162705 -0.001117711 -0.000861248 0.002163776 0.999997199 0.000957863 -0.011509962 0.001115636 -0.000960279 0.999998927 0.654877782
0.999996483 -0.001816529 -0.001927057 -0.001874127 0.001817119 0.999998331 0.000304532 -0.012177646 0.001926500 -0.000308032 0.999998093 0.715704083
0.999997497 -0.000375461 -0.002210127 -0.003047468 0.000375501 0.999999940 0.000018035 -0.012870297 0.002210120 -0.000018865 0.999997556 0.772000790
0.999994516 -0.000458665 -0.003257318 -0.003004039 0.000457388 0.999999762 -0.000393002 -0.013706118 0.003257497 0.000391510 0.999994636 0.833305836
0.999994755 -0.001205164 -0.002992847 -0.004191427 0.001207694 0.999998868 0.000843683 -0.015308058 0.002991827 -0.000847293 0.999995232 0.889804840
0.999990761 -0.001423071 -0.004046795 -0.004126371 0.001424860 0.999998868 0.000439365 -0.015848855 0.004046165 -0.000445128 0.999991715 0.949313700
0.999986470 -0.001743380 -0.004904102 -0.004481428 0.001739131 0.999998093 -0.000870449 -0.016979372 0.004905609 0.000861909 0.999987602 1.005768776
0.999988079 -0.002270988 -0.004332442 -0.005895079 0.002262568 0.999995530 -0.001947416 -0.017739272 0.004336846 0.001937590 0.999988675 1.066246867
0.999987125 -0.000963370 -0.004991657 -0.006830555 0.000958017 0.999998927 -0.001074593 -0.019191872 0.004992687 0.001069797 0.999986947 1.119981766
0.999983490 -0.001050942 -0.005655430 -0.007739850 0.001041843 0.999998152 -0.001611739 -0.019926667 0.005657113 0.001605820 0.999982715 1.180275083
0.999972641 -0.001669743 -0.007208327 -0.008353554 0.001651998 0.999995589 -0.002466937 -0.021103527 0.007212413 0.002454961 0.999971032 1.236478090
0.999978006 -0.000458030 -0.006613491 -0.009802342 0.000445376 0.999998093 -0.001914760 -0.022089617 0.006614354 0.001911772 0.999976337 1.295116782
0.999970615 -0.001304682 -0.007554820 -0.010746789 0.001301887 0.999999166 -0.000374979 -0.023001339 0.007555303 0.000365133 0.999971390 1.350861073
0.999967754 -0.001755232 -0.007842783 -0.011516888 0.001753015 0.999998450 -0.000289652 -0.024038602 0.007843279 0.000275894 0.999969244 1.407768726
0.999953508 -0.003593078 -0.008949374 -0.012086834 0.003579289 0.999992430 -0.001556271 -0.024860663 0.008954898 0.001524166 0.999958754 1.464078307
0.999951303 -0.003540417 -0.009213169 -0.013509708 0.003522277 0.999991953 -0.001984372 -0.026273636 0.009220121 0.001951824 0.999955595 1.519438982
0.999952614 -0.001543117 -0.009612937 -0.014699741 0.001526081 0.999997318 -0.001779301 -0.027629394 0.009615656 0.001764546 0.999952197 1.575217843
0.999944091 -0.002442040 -0.010284347 -0.015407939 0.002428262 0.999996126 -0.001352005 -0.028292447 0.010287609 0.001326957 0.999946117 1.630878925
0.999937534 -0.002815173 -0.010808786 -0.016443793 0.002806771 0.999995828 -0.000792497 -0.029673368 0.010810973 0.000762110 0.999941170 1.685145378
0.999930918 -0.003087054 -0.011340478 -0.017154150 0.003074651 0.999994636 -0.001110985 -0.030567212 0.011343850 0.001076041 0.999935031 1.741233468
0.999926031 -0.003152260 -0.011753384 -0.017750872 0.003138110 0.999994338 -0.001222146 -0.031601109 0.011757170 0.001185172 0.999930143 1.796904922
0.999912798 -0.003871268 -0.012624235 -0.017990565 0.003863252 0.999992311 -0.000659301 -0.032624319 0.012626692 0.000610473 0.999920070 1.849661231
0.999916613 -0.004066207 -0.012257551 -0.019290611 0.004067709 0.999991655 0.000097553 -0.033238806 0.012257054 -0.000147405 0.999924839 1.905352950
0.999913156 -0.003907357 -0.012584694 -0.019958882 0.003918172 0.999991894 0.000834907 -0.034428217 0.012581331 -0.000884144 0.999920368 1.960534811
0.999915421 -0.002522675 -0.012759102 -0.021050673 0.002536896 0.999996185 0.001098569 -0.035522990 0.012756282 -0.001130845 0.999917924 2.012448788
0.999919713 -0.001583651 -0.012574067 -0.022083845 0.001590161 0.999998629 0.000507805 -0.035944875 0.012573245 -0.000527759 0.999920905 2.068522930
0.999923468 0.000590923 -0.012358103 -0.023246139 -0.000565391 0.999997735 0.002069376 -0.036728274 0.012359295 -0.002062231 0.999921501 2.122813940
0.999952555 0.001184566 -0.009669707 -0.024867713 -0.001129746 0.999983251 0.005672769 -0.037888564 0.009676265 -0.005661576 0.999937177 2.174119949
0.999962866 0.001803790 -0.008432330 -0.025147151 -0.001733846 0.999964237 0.008294685 -0.038338877 0.008446990 -0.008279759 0.999930084 2.227491617
0.999971032 0.002261817 -0.007274691 -0.025687382 -0.002178390 0.999932051 0.011455698 -0.038667254 0.007300108 -0.011439519 0.999907970 2.283223867
0.999978185 0.001667460 -0.006397299 -0.025825467 -0.001588555 0.999922872 0.012319458 -0.038623787 0.006417347 -0.012309024 0.999903619 2.334095240
0.999990463 -0.000085355 -0.004371510 -0.026806943 0.000133529 0.999939263 0.011020880 -0.038930796 0.004370304 -0.011021359 0.999929667 2.385813951
0.999992371 0.000361516 -0.003912261 -0.027092949 -0.000326618 0.999960184 0.008916999 -0.039134227 0.003915329 -0.008915653 0.999952614 2.440648794
0.999993443 0.000868422 -0.003521270 -0.027593441 -0.000839850 0.999966860 0.008107286 -0.039334424 0.003528194 -0.008104277 0.999960899 2.495984793
0.999990821 0.000923479 -0.004185350 -0.026859323 -0.000888497 0.999964654 0.008352404 -0.040211104 0.004192915 -0.008348610 0.999956369 2.542545557
0.999986887 -0.000141483 -0.005109629 -0.027219925 0.000183266 0.999966502 0.008177763 -0.041476663 0.005108301 -0.008178593 0.999953568 2.597630978
0.999977231 0.000856677 -0.006685537 -0.028003249 -0.000804145 0.999968827 0.007856268 -0.041499395 0.006692059 -0.007850714 0.999946833 2.648088217
0.999967098 0.000003860 -0.008108950 -0.028968869 0.000062088 0.999966979 0.008132436 -0.041192785 0.008108714 -0.008132672 0.999934137 2.704424381
0.999947250 0.000646642 -0.010245446 -0.028928712 -0.000551486 0.999956727 0.009287782 -0.042070467 0.010251009 -0.009281641 0.999904275 2.751646042
0.999933064 0.002172487 -0.011353462 -0.030183712 -0.002064288 0.999952435 0.009533057 -0.043078564 0.011373632 -0.009508983 0.999890029 2.807289362
0.999930024 0.001559026 -0.011721348 -0.030840926 -0.001457239 0.999961197 0.008687422 -0.043109618 0.011734439 -0.008669732 0.999893486 2.855883598
0.999925494 0.000470888 -0.012198832 -0.031735469 -0.000363193 0.999960959 0.008828954 -0.044309091 0.012202516 -0.008823863 0.999886572 2.911489487
0.999931574 0.000280750 -0.011690556 -0.033156097 -0.000186513 0.999967515 0.008061274 -0.044796839 0.011692439 -0.008058541 0.999899149 2.959424257
0.999921620 -0.000570674 -0.012501640 -0.033732731 0.000683975 0.999958694 0.009060449 -0.045256115 0.012495955 -0.009068292 0.999880731 3.011448622
0.999912858 -0.001338423 -0.013132824 -0.034445457 0.001486316 0.999935508 0.011258064 -0.046157099 0.013116909 -0.011276602 0.999850333 3.063095570
0.999915242 -0.000048673 -0.013020760 -0.035901651 0.000166335 0.999959171 0.009035505 -0.046194300 0.013019788 -0.009036904 0.999874413 3.118974447
0.999903321 0.001275121 -0.013845894 -0.036488362 -0.001163697 0.999966919 0.008052510 -0.046897724 0.013855704 -0.008035620 0.999871671 3.165587425
0.999893367 0.004278612 -0.013964883 -0.037834246 -0.004168526 0.999960065 0.007902669 -0.047013447 0.013998138 -0.007843613 0.999871254 3.221534729
0.999886036 0.005589765 -0.014022766 -0.038714636 -0.005473765 0.999950588 0.008297117 -0.047817644 0.014068453 -0.008219418 0.999867201 3.268207073
0.999883950 0.006267329 -0.013889466 -0.040036317 -0.006140992 0.999939501 0.009119987 -0.048845492 0.013945786 -0.009033634 0.999861896 3.323515654
0.999884546 0.007845547 -0.013012559 -0.040619045 -0.007720256 0.999923646 0.009650999 -0.048864223 0.013087283 -0.009549426 0.999868751 3.370428085
0.999890745 0.009706057 -0.011141952 -0.041569691 -0.009598215 0.999906957 0.009692014 -0.048885476 0.011234988 -0.009584013 0.999890983 3.425528049
0.999927998 0.008251698 -0.008731054 -0.042190924 -0.008181894 0.999934494 0.008000662 -0.049866185 0.008796504 -0.007928646 0.999929845 3.471524954
0.999965966 0.004921679 -0.006618806 -0.042445414 -0.004900414 0.999982774 0.003225195 -0.050543003 0.006634565 -0.003192651 0.999972939 3.521509647
0.999968410 0.006865333 -0.003989254 -0.043154027 -0.006857109 0.999974370 0.002071527 -0.050922718 0.004003373 -0.002044108 0.999989927 3.571264982
0.999984443 0.005490695 -0.000922487 -0.043597449 -0.005485304 0.999968410 0.005747194 -0.051775947 0.000954014 -0.005742045 0.999983072 3.620924473
0.999979973 0.005812001 0.002480995 -0.044043176 -0.005829956 0.999956429 0.007292237 -0.052503146 -0.002438506 -0.007306559 0.999970317 3.669526815
0.999958277 0.006145018 0.006753098 -0.044468399 -0.006181128 0.999966621 0.005339362 -0.052925356 -0.006720061 -0.005380881 0.999962926 3.717709303
0.999917269 0.005908913 0.011418726 -0.045119673 -0.005932826 0.999980271 0.002061405 -0.053593274 -0.011406321 -0.002128980 0.999932587 3.770661116
0.999903917 0.003755970 0.013344579 -0.043670312 -0.003743523 0.999992669 -0.000957654 -0.054562461 -0.013348078 0.000907606 0.999910653 3.814702511
0.999850094 0.003231713 0.017009305 -0.043220520 -0.003201853 0.999993384 -0.001782393 -0.055646632 -0.017014954 0.001727664 0.999853790 3.868126631
0.999785483 0.003279834 0.020449910 -0.042172037 -0.003274205 0.999994576 -0.000308713 -0.056383245 -0.020450814 0.000241690 0.999790847 3.909202337
0.999683797 0.003912551 0.024837773 -0.041623987 -0.003915505 0.999992311 0.000070310 -0.057266455 -0.024837300 -0.000167540 0.999691486 3.962126970
0.999579072 0.003596360 0.028786115 -0.040812574 -0.003542906 0.999991834 -0.001907720 -0.058492169 -0.028792745 0.001804931 0.999583840 4.015274048
0.999497354 0.003595233 0.031498492 -0.039372876 -0.003469408 0.999985874 -0.004048395 -0.059473470 -0.031512588 0.003937078 0.999495625 4.049982548
0.999382973 0.004176346 0.034876492 -0.038314134 -0.004006397 0.999979794 -0.004941316 -0.060126089 -0.034896418 0.004798537 0.999379456 4.103343964
0.999302089 0.002759795 0.037251510 -0.035891861 -0.002626733 0.999989986 -0.003620443 -0.060846630 -0.037261128 0.003520067 0.999299347 4.143206120
0.999182105 0.001593662 0.040405534 -0.034311995 -0.001496962 0.999995887 -0.002423387 -0.061935149 -0.040409230 0.002360920 0.999180436 4.195916176
0.999104142 0.000918119 0.042308595 -0.031710044 -0.000894889 0.999999404 -0.000568007 -0.062511131 -0.042309094 0.000529637 0.999104440 4.237095833
0.999013186 -0.000242400 0.044412825 -0.029372349 0.000212848 0.999999762 0.000670124 -0.063584886 -0.044412982 -0.000660010 0.999013066 4.289430618
0.998909414 -0.001267168 0.046673015 -0.027024180 0.001350631 0.999997616 -0.001756768 -0.064281784 -0.046670675 0.001817890 0.998908758 4.344393253
0.998795152 -0.003060935 0.048978172 -0.025272369 0.003344003 0.999978185 -0.005698582 -0.064837255 -0.048959665 0.005855499 0.998783588 4.375127316
0.998684347 -0.002154103 0.051233236 -0.024296835 0.002592125 0.999960661 -0.008484676 -0.066005819 -0.051212940 0.008606317 0.998650670 4.425601482
0.998586953 -0.001680501 0.053114943 -0.021755010 0.002173840 0.999954998 -0.009231727 -0.066895500 -0.053097036 0.009334146 0.998545706 4.468113899
0.998561561 -0.001706886 0.053589217 -0.019126192 0.002147797 0.999964237 -0.008171087 -0.068806194 -0.053573351 0.008274432 0.998529613 4.522676945
0.998616636 -0.001589492 0.052556522 -0.016267374 0.001927803 0.999977767 -0.006387024 -0.070032477 -0.052545212 0.006479505 0.998597562 4.576059341
0.998685718 -0.002295226 0.051202014 -0.014868617 0.002568406 0.999982834 -0.005270167 -0.070325457 -0.051189043 0.005394748 0.998674452 4.609544277
0.998788953 -0.001358249 0.049183264 -0.012219518 0.001597978 0.999987006 -0.004835225 -0.071085826 -0.049176060 0.004907962 0.998778105 4.664106846
0.998907804 -0.001344178 0.046704110 -0.010922208 0.001530045 0.999991059 -0.003944133 -0.072174944 -0.046698395 0.004011285 0.998900950 4.704805374
0.999028742 -0.000950639 0.044052649 -0.009884506 0.001125365 0.999991655 -0.003941679 -0.073334455 -0.044048525 0.003987426 0.999021471 4.759150982
0.999196887 0.000783008 0.040061735 -0.008025274 -0.000600057 0.999989331 -0.004578566 -0.074007198 -0.040064890 0.004550849 0.999186695 4.799715042
0.999342740 0.001157162 0.036232725 -0.006675243 -0.001005475 0.999990642 -0.004204382 -0.075161941 -0.036237251 0.004165187 0.999334514 4.855238438
0.999481201 0.001641354 0.032167062 -0.005442783 -0.001537353 0.999993443 -0.003257643 -0.076005511 -0.032172207 0.003206500 0.999477208 4.895792007
0.999599397 0.001728862 0.028251749 -0.004818693 -0.001662565 0.999995768 -0.002369958 -0.077138618 -0.028255731 0.002322038 0.999598026 4.950631618
0.999725521 0.001890805 0.023356382 -0.003505707 -0.001855567 0.999997079 -0.001530309 -0.078180440 -0.023359209 0.001486549 0.999725997 4.991458893
0.999821424 0.002455194 0.018737724 -0.003181890 -0.002426739 0.999995828 -0.001541172 -0.079040132 -0.018741433 0.001495425 0.999823213 5.047229767
0.999899626 0.003533987 0.013720266 -0.002799347 -0.003514856 0.999992788 -0.001418236 -0.079978883 -0.013725178 0.001369869 0.999904871 5.087641239
0.999952018 0.003847321 0.009015945 -0.002825353 -0.003830874 0.999991000 -0.001840726 -0.081064761 -0.009022944 0.001806099 0.999957681 5.143158913
0.999981701 0.004745108 0.003742511 -0.002451453 -0.004735963 0.999985814 -0.002448517 -0.081681639 -0.003754076 0.002430748 0.999989986 5.184277534
0.999975920 0.006933570 -0.000152431 -0.002160175 -0.006933944 0.999972582 -0.002608731 -0.082612783 0.000134339 0.002609725 0.999996603 5.239779472
0.999958456 0.008865476 -0.002120533 -0.003224837 -0.008870716 0.999957561 -0.002474747 -0.083514452 0.002098503 0.002493455 0.999994695 5.281230450
0.999937892 0.010450863 -0.003862619 -0.003101988 -0.010460600 0.999942064 -0.002509353 -0.084674411 0.003836171 0.002549603 0.999989450 5.336497307
0.999910593 0.012633363 -0.004378926 -0.004271729 -0.012643092 0.999917626 -0.002202064 -0.085670397 0.004350746 0.002257230 0.999988019 5.378274441
0.999890268 0.013759961 -0.005489975 -0.005046882 -0.013768968 0.999903917 -0.001606596 -0.086309873 0.005467340 0.001682010 0.999983668 5.434114933
0.999890685 0.013546374 -0.005924598 -0.005765617 -0.013552247 0.999907732 -0.000952119 -0.087378733 0.005911153 0.001032307 0.999981999 5.475898266
0.999826729 0.017337527 -0.006772579 -0.006926090 -0.017330155 0.999849200 0.001145900 -0.088260785 0.006791424 -0.001028331 0.999976397 5.532337189
0.999803185 0.018271167 -0.007727629 -0.007025704 -0.018236950 0.999823630 0.004475463 -0.088949367 0.007808038 -0.004333654 0.999960124 5.573945045
0.999815702 0.017108889 -0.008706972 -0.007612132 -0.017074518 0.999846160 0.004006434 -0.089647196 0.008774177 -0.003857030 0.999954045 5.631188869
0.999822736 0.016638447 -0.008815836 -0.008427192 -0.016622454 0.999860048 0.001884145 -0.089762360 0.008845950 -0.001737271 0.999959409 5.672944069
0.999857426 0.014029644 -0.009396353 -0.009338144 -0.014002341 0.999897540 0.002965092 -0.090573922 0.009436988 -0.002833099 0.999951482 5.730344772
0.999874413 0.011727205 -0.010657592 -0.009657659 -0.011673342 0.999918818 0.005102277 -0.091344036 0.010716561 -0.004977228 0.999930143 5.771600246
0.999899805 0.008798041 -0.011093750 -0.010598652 -0.008720221 0.999937117 0.007043933 -0.091979146 0.011155026 -0.006946486 0.999913633 5.828847408
0.999917686 0.006186755 -0.011236757 -0.011112858 -0.006098412 0.999950349 0.007879273 -0.092441618 0.011284946 -0.007810097 0.999905825 5.871021271
0.999932289 0.002049756 -0.011455037 -0.011449192 -0.001980732 0.999979794 0.006033721 -0.092920721 0.011467173 -0.006010623 0.999916196 5.928616524
0.999941349 -0.000259891 -0.010824027 -0.012541089 0.000313040 0.999987900 0.004908909 -0.093336739 0.010822620 -0.004912009 0.999929368 5.970805645
0.999939501 -0.001549973 -0.010887626 -0.013397854 0.001607490 0.999984741 0.005276109 -0.094486475 0.010879282 -0.005293291 0.999926805 6.029868126
0.999941230 -0.002120120 -0.010628238 -0.013790403 0.002169900 0.999986708 0.004674549 -0.094172269 0.010618187 -0.004697336 0.999932587 6.070686817
0.999951720 -0.000845156 -0.009789875 -0.015034784 0.000906863 0.999979794 0.006300454 -0.094622225 0.009784352 -0.006309029 0.999932230 6.128252983
0.999957025 0.001330334 -0.009180546 -0.015594207 -0.001253028 0.999963760 0.008421187 -0.095861755 0.009191417 -0.008409321 0.999922454 6.168894768
0.999964714 0.000546056 -0.008386854 -0.016960781 -0.000489157 0.999976873 0.006784949 -0.096686952 0.008390365 -0.006780605 0.999941885 6.226875782
0.999969900 0.001415834 -0.007633788 -0.018444467 -0.001378404 0.999987006 0.004906299 -0.097529031 0.007640636 -0.004895628 0.999958873 6.285812378
0.999974370 0.001200555 -0.007058582 -0.018553816 -0.001184691 0.999996781 0.002251185 -0.097571105 0.007061261 -0.002242765 0.999972582 6.315749645
0.999977589 -0.000015459 -0.006686166 -0.019704606 -0.000000669 0.999997139 -0.002412126 -0.097735539 0.006686182 0.002412076 0.999974728 6.372709751
0.999977529 0.000094611 -0.006701807 -0.019623650 -0.000129464 0.999986470 -0.005200379 -0.099493608 0.006701224 0.005201130 0.999964058 6.413655281
0.999981105 -0.000800574 -0.006082992 -0.020686084 0.000763878 0.999981523 -0.006032519 -0.100670278 0.006087708 0.006027760 0.999963284 6.470979691
0.999976337 -0.000883975 -0.006814961 -0.020742361 0.000841620 0.999980330 -0.006215448 -0.101735562 0.006820321 0.006209566 0.999957502 6.529082775
0.999976575 0.000160627 -0.006866538 -0.021255983 -0.000197744 0.999985397 -0.005405039 -0.102736562 0.006865570 0.005406269 0.999961853 6.558758259
0.999973893 0.000066979 -0.007233889 -0.021885222 -0.000103225 0.999987423 -0.005010229 -0.103820488 0.007233463 0.005010844 0.999961317 6.616488457
0.999975502 0.001130326 -0.006907142 -0.022979463 -0.001155101 0.999992847 -0.003583829 -0.105227157 0.006903042 0.003591719 0.999969721 6.654428482
0.999966681 0.001363978 -0.008036233 -0.023375424 -0.001398709 0.999989629 -0.004317707 -0.106511295 0.008030259 0.004328804 0.999958396 6.710979939
0.999961913 0.002370511 -0.008398163 -0.024059422 -0.002402620 0.999989808 -0.003815371 -0.107298762 0.008389033 0.003835404 0.999957502 6.749733448
0.999959111 0.001645822 -0.008892087 -0.025205437 -0.001665732 0.999996126 -0.002232063 -0.109037489 0.008888381 0.002246784 0.999958038 6.807281494
0.999949098 0.002379033 -0.009810900 -0.025762524 -0.002401988 0.999994397 -0.002328584 -0.109252825 0.009805305 0.002352030 0.999949217 6.845250130
0.999940693 0.003247957 -0.010391579 -0.026567593 -0.003282676 0.999989033 -0.003325688 -0.110246040 0.010380665 0.003359603 0.999940395 6.892761707
0.999939740 0.003317129 -0.010456060 -0.028194770 -0.003363591 0.999984562 -0.004429066 -0.111696497 0.010441206 0.004463969 0.999935508 6.949913025
0.999923229 0.004234750 -0.011641110 -0.028456122 -0.004285662 0.999981344 -0.004351902 -0.112392932 0.011622463 0.004401458 0.999922752 6.987668037
0.999908388 0.003943837 -0.012948571 -0.029183410 -0.004014647 0.999977171 -0.005447137 -0.113403752 0.012926794 0.005498622 0.999901295 7.044513226
0.999905407 0.003776762 -0.013221846 -0.030292220 -0.003860996 0.999972403 -0.006351132 -0.114638418 0.013197494 0.006401582 0.999892414 7.082355499
0.999890804 0.004049125 -0.014210016 -0.031018369 -0.004141575 0.999970376 -0.006482602 -0.115571097 0.014183348 0.006540746 0.999877989 7.138638973
0.999883354 0.003916983 -0.014756897 -0.032325543 -0.003989170 0.999980211 -0.004865567 -0.116948627 0.014737546 0.004923868 0.999879181 7.176755428
0.999867797 0.004191335 -0.015707972 -0.033758052 -0.004265319 0.999980032 -0.004679407 -0.117869630 0.015688043 0.004745789 0.999865651 7.233065605
0.999859631 0.004893074 -0.016022971 -0.034622319 -0.004950765 0.999981403 -0.003562822 -0.119480230 0.016005240 0.003641649 0.999865174 7.271669388
0.999843478 0.004713411 -0.017053302 -0.035774507 -0.004774413 0.999982357 -0.003538145 -0.120656759 0.017036323 0.003619011 0.999848247 7.328598499
0.999820411 0.005931353 -0.017997857 -0.036830403 -0.006005955 0.999973655 -0.004093793 -0.121949688 0.017973097 0.004201153 0.999829531 7.384913445
0.999820769 0.006487896 -0.017783642 -0.038507730 -0.006572948 0.999967217 -0.004728355 -0.122854501 0.017752383 0.004844399 0.999830604 7.414247513
0.999808550 0.007290485 -0.018157821 -0.039775141 -0.007379432 0.999961019 -0.004836330 -0.123450190 0.018121857 0.004969399 0.999823391 7.471927166
0.999804556 0.005973721 -0.018845558 -0.040359721 -0.006080032 0.999965847 -0.005588903 -0.125161499 0.018811531 0.005702393 0.999806702 7.509348392
0.999808490 0.005108689 -0.018892655 -0.041808404 -0.005236675 0.999963701 -0.006731155 -0.126811832 0.018857582 0.006828801 0.999798834 7.566519260
0.999812782 0.001374473 -0.019299587 -0.042592794 -0.001504004 0.999976456 -0.006698658 -0.127626255 0.019289926 0.006726431 0.999791324 7.603822231
0.999803364 0.002275642 -0.019699326 -0.044059932 -0.002331150 0.999993384 -0.002795262 -0.128821999 0.019692836 0.002840635 0.999802053 7.661588669
0.999806762 0.000565895 -0.019649457 -0.045201600 -0.000543166 0.999999166 0.001162067 -0.129738152 0.019650102 -0.001151169 0.999806166 7.699456215
0.999810576 0.001398618 -0.019412566 -0.046808437 -0.001385974 0.999998808 0.000664790 -0.131124333 0.019413475 -0.000637759 0.999811232 7.757025719
0.999805927 0.004862102 -0.019088540 -0.048035890 -0.004906617 0.999985337 -0.002285862 -0.131921396 0.019077146 0.002379078 0.999815166 7.791986465
0.999795556 0.004825207 -0.019632149 -0.049108662 -0.004916403 0.999977291 -0.004599615 -0.132440418 0.019609513 0.004695195 0.999796689 7.849953651
0.999800384 0.004487319 -0.019467434 -0.050585389 -0.004569820 0.999980748 -0.004195482 -0.133807600 0.019448232 0.004283607 0.999801695 7.886471272
0.999801636 0.003989040 -0.019514577 -0.052246518 -0.004046592 0.999987602 -0.002910563 -0.135308668 0.019502727 0.002988954 0.999805331 7.942714691
0.999803960 0.004440621 -0.019295704 -0.052974589 -0.004456043 0.999989808 -0.000756312 -0.136000603 0.019292146 0.000842146 0.999813557 7.979321003
0.999819100 0.003566605 -0.018683776 -0.054609090 -0.003557087 0.999993622 0.000542609 -0.137723297 0.018685589 -0.000476051 0.999825358 8.035208702
0.999848604 0.004106320 -0.016904131 -0.055616461 -0.004118574 0.999991298 -0.000690217 -0.138035044 0.016901148 0.000759733 0.999856889 8.072119713
0.999871314 0.002703599 -0.015809894 -0.056615762 -0.002740530 0.999993563 -0.002314738 -0.138615504 0.015803533 0.002357768 0.999872386 8.126484871
0.999894083 0.002612478 -0.014314549 -0.057780504 -0.002659765 0.999991119 -0.003285361 -0.140790194 0.014305837 0.003323087 0.999892116 8.184605598
0.999916136 0.001667213 -0.012841389 -0.058709309 -0.001717487 0.999990880 -0.003904988 -0.141399220 0.012834762 0.003926715 0.999909818 8.209648132
0.999930024 0.002028526 -0.011647351 -0.059176400 -0.002071443 0.999991059 -0.003673790 -0.142268732 0.011639796 0.003697660 0.999925315 8.262641907
0.999943674 0.001143605 -0.010550555 -0.059867978 -0.001158611 0.999998331 -0.001416313 -0.143412977 0.010548919 0.001428458 0.999943256 8.301224709
0.999957561 0.002696687 -0.008804020 -0.061303642 -0.002706126 0.999995828 -0.001060454 -0.144288972 0.008801124 0.001084235 0.999960601 8.355368614
0.999967039 0.002249628 -0.007805937 -0.061887488 -0.002257090 0.999997020 -0.000947193 -0.145346999 0.007803782 0.000964780 0.999969125 8.391361237
0.999973953 0.002886025 -0.006611865 -0.062903181 -0.002893622 0.999995172 -0.001139763 -0.146144599 0.006608543 0.001158865 0.999977529 8.445594788
0.999980748 0.002594125 -0.005644650 -0.063125312 -0.002599246 0.999996185 -0.000899983 -0.147068352 0.005642294 0.000914637 0.999983609 8.480494499
0.999984801 0.003333701 -0.004409443 -0.064251617 -0.003335741 0.999994397 -0.000455501 -0.148797274 0.004407899 0.000470203 0.999990165 8.532976151
0.999990404 0.002351880 -0.003698003 -0.064914130 -0.002354807 0.999996960 -0.000787424 -0.149574876 0.003696139 0.000796125 0.999992907 8.586996078
0.999991894 0.001660621 -0.003666208 -0.064349458 -0.001664497 0.999998033 -0.001054305 -0.149953961 0.003664450 0.001060398 0.999992728 8.611549377
0.999995470 0.001585075 -0.002542923 -0.065915406 -0.001585619 0.999998689 -0.000212149 -0.151137248 0.002542583 0.000216180 0.999996722 8.663722038
0.999994040 0.001383873 -0.003158508 -0.065646604 -0.001381742 0.999998748 0.000677009 -0.151745841 0.003159441 -0.000672641 0.999994814 8.696676254
0.999993145 0.001686531 -0.003299308 -0.066459745 -0.001684329 0.999998331 0.000670078 -0.153016374 0.003300432 -0.000664516 0.999994397 8.747046471
0.999988794 0.001635573 -0.004425253 -0.066402227 -0.001637596 0.999998510 -0.000453466 -0.153478563 0.004424504 0.000460707 0.999990106 8.778254509
0.999986351 0.002067658 -0.004788443 -0.067152992 -0.002073613 0.999997079 -0.001238960 -0.154529005 0.004785867 0.001248873 0.999987841 8.826817513
0.999983847 0.002120402 -0.005264475 -0.067609198 -0.002125131 0.999997318 -0.000892712 -0.155562446 0.005262568 0.000903885 0.999985754 8.857749939
0.999982953 0.001732658 -0.005586232 -0.069203801 -0.001740517 0.999997497 -0.001402330 -0.156180739 0.005583788 0.001412029 0.999983430 8.905854225
0.999965250 0.001257155 -0.008244861 -0.068709143 -0.001259776 0.999999166 -0.000312654 -0.157346085 0.008244461 0.000323030 0.999965966 8.936186790
0.999945223 -0.000031674 -0.010474689 -0.069371365 0.000047879 0.999998808 0.001546890 -0.158236161 0.010474628 -0.001547307 0.999943912 8.982654572
0.999922276 -0.000059579 -0.012460720 -0.070085034 0.000097578 0.999995351 0.003048943 -0.158925563 0.012460479 -0.003049923 0.999917686 9.012161255
0.999895096 0.000055312 -0.014478266 -0.071154252 -0.000006697 0.999994338 0.003357862 -0.160162091 0.014478371 -0.003357414 0.999889493 9.057582855
0.999840140 0.000176630 -0.017878020 -0.071453698 -0.000131003 0.999996841 0.002553282 -0.160276815 0.017878413 -0.002550533 0.999836862 9.085903168
0.999776185 0.000504006 -0.021147255 -0.072541676 -0.000453251 0.999996960 0.002404817 -0.161011800 0.021148402 -0.002394694 0.999773502 9.129807472
0.999712050 0.000863755 -0.023979723 -0.073725805 -0.000792927 0.999995351 0.002962999 -0.162006319 0.023982167 -0.002943133 0.999707997 9.171836853
0.999650061 0.001052340 -0.026429379 -0.075083360 -0.000980450 0.999995768 0.002732861 -0.162445366 0.026432144 -0.002705993 0.999646902 9.190812111
0.999560893 0.000806579 -0.029619191 -0.076427266 -0.000720295 0.999995470 0.002923664 -0.163477942 0.029621413 -0.002901046 0.999557018 9.231255531
0.999464035 0.000771170 -0.032726087 -0.077526614 -0.000723824 0.999998689 0.001458559 -0.163567826 0.032727171 -0.001434090 0.999463260 9.256806374
0.999355972 0.001901170 -0.035832174 -0.079432666 -0.001868994 0.999997854 0.000931445 -0.164170742 0.035833873 -0.000863875 0.999357343 9.295579910
0.999245763 0.002318281 -0.038761437 -0.080379874 -0.002319393 0.999997258 0.000016272 -0.164684132 0.038761366 0.000073643 0.999248505 9.319349289
0.999152064 0.004168455 -0.040960528 -0.082685858 -0.004178492 0.999991238 -0.000159445 -0.165462539 0.040959507 0.000330463 0.999160767 9.355644226
0.999122560 0.004666693 -0.041619569 -0.083579808 -0.004645545 0.999989033 0.000604845 -0.166138008 0.041621931 -0.000410968 0.999133289 9.378108978
0.999150574 0.004839642 -0.040919624 -0.085526496 -0.004770971 0.999987066 0.001775678 -0.167150423 0.040927690 -0.001578944 0.999160886 9.413649559
0.999151111 0.005171940 -0.040872257 -0.086445481 -0.005087156 0.999984801 0.002178081 -0.167312339 0.040882897 -0.001968309 0.999162138 9.435637474
0.999163926 0.004937057 -0.040584225 -0.088226080 -0.004858326 0.999986172 0.002038351 -0.168269604 0.040593721 -0.001839475 0.999174118 9.469145775
0.999176085 0.005224528 -0.040245742 -0.088892132 -0.005242734 0.999986172 -0.000346845 -0.168457434 0.040243369 0.000557557 0.999189734 9.490088463
0.999190569 0.005327763 -0.039870590 -0.090245515 -0.005430978 0.999982119 -0.002480877 -0.169277817 0.039856665 0.002695406 0.999201715 9.522927284
0.999258339 0.005225493 -0.038148735 -0.091328919 -0.005385576 0.999977112 -0.004094764 -0.169455126 0.038126461 0.004297180 0.999263704 9.543992996
0.999311447 0.005792398 -0.036646821 -0.092824638 -0.005957820 0.999972522 -0.004406376 -0.170449466 0.036620297 0.004621678 0.999318540 9.576858521
0.999359071 0.005691714 -0.035339843 -0.093882069 -0.005860407 0.999971926 -0.004671729 -0.170995921 0.035312269 0.004875842 0.999364376 9.609239578
0.999431074 0.005207968 -0.033322450 -0.094431952 -0.005362297 0.999975324 -0.004543711 -0.171647817 0.033297956 0.004719810 0.999434412 9.623113632
0.999493361 0.005265371 -0.031387042 -0.095590591 -0.005419765 0.999973655 -0.004835978 -0.172330812 0.031360749 0.005003638 0.999495566 9.654459000
0.999556661 0.005353143 -0.029289776 -0.096290916 -0.005505511 0.999971688 -0.005123897 -0.172852606 0.029261520 0.005282880 0.999557853 9.675602913
0.999642491 0.005401595 -0.026185900 -0.097552091 -0.005523717 0.999974191 -0.004593553 -0.173681498 0.026160413 0.004736556 0.999646485 9.707716942
0.999725819 0.004125182 -0.023049962 -0.097886205 -0.004220466 0.999982715 -0.004086635 -0.174081177 0.023032706 0.004182796 0.999725997 9.727262497
0.999796808 0.003159209 -0.019908370 -0.098884657 -0.003234659 0.999987662 -0.003758733 -0.174855977 0.019896250 0.003822366 0.999794781 9.759106636
0.999849916 0.003346016 -0.017004151 -0.099270910 -0.003412952 0.999986529 -0.003908940 -0.175186649 0.016990848 0.003966388 0.999847710 9.778656960
0.999900758 0.002898997 -0.013784084 -0.100195736 -0.002958832 0.999986291 -0.004322473 -0.175928876 0.013771364 0.004362830 0.999895632 9.809903145
0.999937594 0.002588082 -0.010858188 -0.100211941 -0.002636812 0.999986529 -0.004475969 -0.176386416 0.010846457 0.004504322 0.999930978 9.829570770
0.999965489 0.003141327 -0.007687872 -0.100975759 -0.003183064 0.999980271 -0.005422651 -0.177028239 0.007670688 0.005446935 0.999955654 9.860478401
0.999982893 0.003406959 -0.004756190 -0.101113483 -0.003434880 0.999976933 -0.005874915 -0.177586555 0.004736064 0.005891152 0.999971449 9.880790710
0.999992311 0.003499736 -0.001757735 -0.101434201 -0.003508602 0.999980986 -0.005066483 -0.178311139 0.001739970 0.005072611 0.999985635 9.912714005
0.999993503 0.003581097 0.000456670 -0.101333424 -0.003579010 0.999983490 -0.004490864 -0.178820908 -0.000472745 0.004489201 0.999989808 9.932605743
0.999993265 0.002785697 0.002386340 -0.101206221 -0.002776178 0.999988198 -0.003982936 -0.179766819 -0.002397407 0.003976285 0.999989152 9.964620590
0.999982297 0.003630417 0.004708186 -0.101438507 -0.003600801 0.999973714 -0.006283667 -0.180041149 -0.004730876 0.006266602 0.999969184 9.985083580
0.999968767 0.004032757 0.006783583 -0.101499103 -0.003974261 0.999954998 -0.008614650 -0.180883318 -0.006818018 0.008587422 0.999939859 10.017105103
0.999970496 0.003246509 0.006958039 -0.101000071 -0.003178259 0.999947071 -0.009797481 -0.181595147 -0.006989479 0.009775078 0.999927759 10.038152695
0.999956369 0.004761118 0.008030896 -0.100699715 -0.004675231 0.999932110 -0.010679540 -0.182530820 -0.008081198 0.010641526 0.999910712 10.069474220
0.999969006 0.002311576 0.007524598 -0.101081185 -0.002229734 0.999938428 -0.010866929 -0.182898462 -0.007549255 0.010849813 0.999912620 10.090842247
0.999962151 0.003239385 0.008081077 -0.101361118 -0.003156491 0.999942482 -0.010249599 -0.184510365 -0.008113815 0.010223702 0.999914765 10.124931335
0.999961257 0.003286655 0.008153396 -0.101057537 -0.003188293 0.999922335 -0.012047734 -0.183861271 -0.008192360 0.012021272 0.999894142 10.144495010
0.999949515 0.003767482 0.009316976 -0.101790547 -0.003633066 0.999889672 -0.014401974 -0.184447065 -0.009370208 0.014367397 0.999852836 10.177864075
0.999959826 -0.000959587 0.008909998 -0.100920841 0.001104209 0.999867499 -0.016240833 -0.185229778 -0.008893235 0.016250018 0.999828398 10.199716568
0.999945819 -0.005684635 0.008718786 -0.099866793 0.005824993 0.999852479 -0.016158197 -0.187235177 -0.008625647 0.016208109 0.999831378 10.246558189
0.999950349 -0.002069847 0.009743283 -0.100544028 0.002197487 0.999911666 -0.013107732 -0.186702520 -0.009715291 0.013128490 0.999866664 10.255752563
0.999945879 0.002258590 0.010147531 -0.100526631 -0.002190221 0.999974847 -0.006743670 -0.187787578 -0.010162506 0.006721079 0.999925852 10.291341782
0.999936104 0.001140485 0.011245471 -0.100495577 -0.001103882 0.999994099 -0.003260565 -0.188374549 -0.011249123 0.003247943 0.999931455 10.313353539
0.999911010 0.000441522 0.013333024 -0.099995792 -0.000359278 0.999980927 -0.006170233 -0.188622236 -0.013335495 0.006164894 0.999892056 10.350011826
0.999854088 0.001201141 0.017044034 -0.099427536 -0.000998728 0.999929011 -0.011879450 -0.189752832 -0.017057093 0.011860694 0.999784172 10.386302948
0.999764919 0.003258159 0.021436235 -0.099633798 -0.002921419 0.999872148 -0.015721526 -0.189931989 -0.021484714 0.015655205 0.999646723 10.400776863
0.999706864 0.004537582 0.023784190 -0.098671600 -0.004171092 0.999872148 -0.015435987 -0.190665975 -0.023851195 0.015332256 0.999598026 10.437148094
0.999608576 0.002758900 0.027838452 -0.098474592 -0.002384642 0.999906421 -0.013468185 -0.191533059 -0.027873006 0.013396527 0.999521673 10.460998535
0.999550521 -0.000392189 0.029975915 -0.096955925 0.000685424 0.999952018 -0.009772692 -0.193010598 -0.029970646 0.009788846 0.999502778 10.498980522
0.999428272 -0.002670875 0.033705570 -0.096680909 0.002960985 0.999958992 -0.008560254 -0.193277001 -0.033681307 0.008655162 0.999395192 10.522316933
0.999358892 -0.002705146 0.035702463 -0.095082253 0.002970486 0.999968350 -0.007381050 -0.194461539 -0.035681363 0.007482370 0.999335170 10.561026573
0.999219358 0.000403196 0.039503314 -0.094903082 0.000004792 0.999946654 -0.010327316 -0.194768548 -0.039505370 0.010319443 0.999166071 10.584175110
0.999107778 0.000153001 0.042232804 -0.094993502 0.000361047 0.999925971 -0.012163889 -0.196204275 -0.042231537 0.012168284 0.999033749 10.621499062
0.999009967 0.001846649 0.044448793 -0.093011588 -0.001289300 0.999920249 -0.012564529 -0.196260244 -0.044468448 0.012494782 0.998932660 10.644904137
0.998896182 0.003097215 0.046870749 -0.091501176 -0.002606851 0.999941230 -0.010519581 -0.197344050 -0.046900574 0.010385783 0.998845518 10.684316635
0.998709321 0.004126572 0.050623324 -0.090647757 -0.003656889 0.999949455 -0.009367111 -0.197798699 -0.050659418 0.009169897 0.998673916 10.706542969
0.998609841 0.004165670 0.052546777 -0.088507235 -0.003686790 0.999950826 -0.009207049 -0.199249953 -0.052582551 0.009000521 0.998576045 10.745541573
0.998396337 0.005751956 0.056319870 -0.088026762 -0.005161267 0.999930203 -0.010627968 -0.198900372 -0.056377076 0.010320242 0.998356223 10.768129349
0.998227894 0.004519328 0.059334718 -0.086425424 -0.003834548 0.999924779 -0.011649767 -0.199562460 -0.059382901 0.011401599 0.998170197 10.807191849
0.998148799 0.000748587 0.060814437 -0.084655046 -0.000124795 0.999947309 -0.010260463 -0.200651228 -0.060818899 0.010233877 0.998096347 10.830059052
0.998112142 0.000230053 0.061417364 -0.082295537 0.000405881 0.999946415 -0.010341638 -0.201444447 -0.061416443 0.010347042 0.998058558 10.870009422
0.998066425 -0.000989489 0.062149987 -0.081053197 0.001644306 0.999943674 -0.010485804 -0.202266693 -0.062136106 0.010567722 0.998011649 10.892672539
0.998024106 -0.002369158 0.062788375 -0.079247713 0.003001463 0.999945700 -0.009978016 -0.203883708 -0.062761322 0.010146759 0.997976899 10.932294846
0.998061538 -0.001992175 0.062202390 -0.076687455 0.002590960 0.999951065 -0.009547236 -0.204702914 -0.062180340 0.009689895 0.998017907 10.972885132
0.998114526 -0.001028381 0.061370071 -0.075614393 0.001598014 0.999956071 -0.009233589 -0.205005452 -0.061357882 0.009314250 0.998072386 10.987129211
0.998223543 -0.000973769 0.059571505 -0.073054254 0.001586326 0.999946296 -0.010236280 -0.206042856 -0.059558343 0.010312596 0.998171628 11.027141571
0.998294890 -0.001638498 0.058347590 -0.071390331 0.002240195 0.999944985 -0.010248364 -0.207791746 -0.058327582 0.010361599 0.998243749 11.067746162
0.998394907 -0.000244329 0.056635324 -0.070645213 0.000898574 0.999933124 -0.011526700 -0.207872719 -0.056628723 0.011559090 0.998328507 11.082164764
0.998419464 0.001892490 0.056169622 -0.070221543 -0.001207979 0.999924660 -0.012217936 -0.208550304 -0.056188520 0.012130774 0.998346508 11.120558739
0.998524487 0.004154317 0.054143295 -0.067689836 -0.003457997 0.999910176 -0.012948032 -0.209516138 -0.054192226 0.012741701 0.998449266 11.161104202
0.998658776 0.002896918 0.051693976 -0.066898406 -0.002314795 0.999933302 -0.011317260 -0.210830122 -0.051723320 0.011182420 0.998598874 11.175404549
0.998809397 0.002232030 0.048732523 -0.065275252 -0.001767756 0.999952674 -0.009568022 -0.212253764 -0.048751578 0.009470481 0.998766005 11.215245247
0.999002874 0.001623548 0.044617884 -0.063619375 -0.001287579 0.999970675 -0.007557621 -0.213310719 -0.044628847 0.007492637 0.998975575 11.256253242
0.999213576 -0.000431836 0.039647862 -0.063393146 0.000660611 0.999983191 -0.005757261 -0.213435590 -0.039644703 0.005778925 0.999197066 11.268711090
0.999396324 -0.001076105 0.034725253 -0.062297314 0.001225773 0.999990046 -0.004289044 -0.214617655 -0.034720287 0.004329020 0.999387741 11.307622910
0.999566495 -0.000554938 0.029435651 -0.060596228 0.000679370 0.999990880 -0.004217424 -0.214820102 -0.029433038 0.004235595 0.999557793 11.347414017
0.999671757 -0.001963538 0.025542939 -0.061650544 0.002050308 0.999992132 -0.003371287 -0.215561688 -0.025536120 0.003422552 0.999667943 11.359304428
0.999786913 -0.002729871 0.020457551 -0.061009511 0.002800191 0.999990225 -0.003409521 -0.216445163 -0.020448050 0.003466080 0.999784827 11.396940231
0.999856889 -0.003282611 0.016593382 -0.060674205 0.003350809 0.999985993 -0.004083881 -0.216776952 -0.016579751 0.004138898 0.999853969 11.434021950
0.999917448 -0.003593005 0.012335848 -0.060723916 0.003640338 0.999986231 -0.003816830 -0.217140347 -0.012321967 0.003861422 0.999916673 11.445534706
0.999958873 -0.003712707 0.008279160 -0.060591035 0.003739612 0.999987781 -0.003236599 -0.218749911 -0.008267046 0.003267427 0.999960542 11.480919838
0.999979317 -0.004053785 0.005011253 -0.061740849 0.004075698 0.999982119 -0.004370169 -0.218388736 -0.004993448 0.004390503 0.999977887 11.514211655
0.999989390 -0.004234890 0.001800885 -0.062439162 0.004242897 0.999981046 -0.004465576 -0.219431341 -0.001781939 0.004473170 0.999988377 11.523182869
0.999992311 -0.002483733 -0.003035172 -0.063308977 0.002464581 0.999977171 -0.006297622 -0.220199719 0.003050745 0.006290093 0.999975562 11.554850578
