0.999997258 0.000926277 0.002155954 -0.001469080 -0.000925495 0.999999523 -0.000363746 -0.001044139 -0.002156290 0.000361750 0.999997616 0.055156216
0.999995053 0.001210621 0.002907213 -0.001707161 -0.001211564 0.999999166 0.000322494 -0.002075331 -0.002906821 -0.000326015 0.999995649 0.109948412
0.999993742 0.000405503 0.003521917 -0.002157248 -0.000407719 0.999999702 0.000628512 -0.002904119 -0.003521661 -0.000629944 0.999993622 0.163367763
0.999997079 0.000110181 0.002424370 -0.002396130 -0.000111997 0.999999702 0.000748748 -0.003536606 -0.002424287 -0.000749017 0.999996781 0.216933027
0.999998689 0.000312748 0.001585275 -0.003243704 -0.000313333 0.999999821 0.000368794 -0.003426426 -0.001585160 -0.000369290 0.999998689 0.272051156
0.999984801 0.000601858 0.005473564 -0.005887889 -0.000597494 0.999999464 -0.000798752 -0.004052360 -0.005474044 0.000795470 0.999984682 0.331289172
0.999971211 0.000193932 0.007580472 -0.009279137 -0.000184302 0.999999106 -0.001271045 -0.004455508 -0.007580712 0.001269611 0.999970436 0.386900663
0.999924839 0.000768574 0.012235450 -0.014162220 -0.000744697 0.999997795 -0.001955897 -0.002706289 -0.012236926 0.001946638 0.999923170 0.444497705
0.999910831 0.001077708 0.013307751 -0.017556097 -0.001044184 0.999996185 -0.002525855 -0.001758198 -0.013310425 0.002511734 0.999908268 0.501093507
0.999937475 -0.000289880 0.011188476 -0.017488783 0.000323868 0.999995351 -0.003036052 -0.002821110 -0.011187546 0.003039486 0.999932826 0.557127357
0.999903023 0.000998554 0.013892531 -0.023592211 -0.000913862 0.999980986 -0.006101285 -0.000818113 -0.013898361 0.006087998 0.999884844 0.614389658
0.999920487 0.001308866 0.012543443 -0.023251742 -0.001230004 0.999979496 -0.006292771 -0.002290297 -0.012551421 0.006276842 0.999901533 0.670665443
0.999812365 0.003250992 0.019103525 -0.032129787 -0.003023827 0.999924481 -0.011908150 0.001599659 -0.019140802 0.011848149 0.999746501 0.729973435
0.999816120 0.003401148 0.018870329 -0.031457398 -0.003166626 0.999917507 -0.012444092 0.000287391 -0.018911099 0.012382048 0.999744475 0.786147177
0.999911606 0.001583271 0.013197104 -0.028170079 -0.001499993 0.999978960 -0.006317830 -0.005606301 -0.013206828 0.006297477 0.999892950 0.842867553
0.999921083 0.000480413 0.012553757 -0.027976623 -0.000410332 0.999984384 -0.005584466 -0.007523109 -0.012556242 0.005578874 0.999905646 0.898734212
0.999763906 0.005653071 0.020978238 -0.037540466 -0.005344044 0.999876797 -0.014757753 -0.000407630 -0.021059079 0.014642159 0.999670982 0.956730485
0.999771595 0.006486707 0.020362414 -0.036440514 -0.006173518 0.999862254 -0.015406139 -0.001853410 -0.020459544 0.015276912 0.999673963 1.012050271
0.999930620 0.004396942 0.010921543 -0.027358849 -0.004303087 0.999953806 -0.008602237 -0.009846014 -0.010958860 0.008554645 0.999903381 1.064747095
0.999940217 0.002236640 0.010706973 -0.027171955 -0.002136350 0.999953866 -0.009369135 -0.011265316 -0.010727433 0.009345700 0.999898851 1.120138764
0.999954283 0.003283270 0.008978181 -0.026550813 -0.003202531 0.999954402 -0.008992451 -0.013502629 -0.009007295 0.008963287 0.999919295 1.172562599
0.999952197 0.002688840 0.009405918 -0.027534110 -0.002619047 0.999969065 -0.007424614 -0.015749216 -0.009425590 0.007399626 0.999928236 1.227427959
0.999974787 0.001430492 0.006953362 -0.026356451 -0.001388102 0.999980450 -0.006097331 -0.016692866 -0.006961949 0.006087526 0.999957204 1.280018926
0.999975085 0.002309460 0.006665532 -0.027020298 -0.002263941 0.999974072 -0.006828613 -0.017481521 -0.006681129 0.006813353 0.999954522 1.335358024
0.999988258 0.000735161 0.004790968 -0.025809724 -0.000702382 0.999976337 -0.006839976 -0.019113315 -0.004795885 0.006836529 0.999965131 1.386417508
0.999992251 -0.000325764 0.003919949 -0.026150379 0.000358030 0.999966085 -0.008233389 -0.020064520 -0.003917134 0.008234728 0.999958396 1.442861795
0.999995291 0.001223989 0.002817406 -0.025959335 -0.001203140 0.999971986 -0.007390180 -0.022345800 -0.002826372 0.007386755 0.999968767 1.494028449
0.999992549 0.001804022 0.003421271 -0.026896311 -0.001780792 0.999975502 -0.006780669 -0.023605656 -0.003433420 0.006774526 0.999971211 1.550135136
0.999996901 0.000872831 0.002332721 -0.027413486 -0.000857742 0.999978781 -0.006461966 -0.025118377 -0.002338314 0.006459945 0.999976397 1.602046490
0.999999821 -0.000552864 0.000159250 -0.025400637 0.000553859 0.999979973 -0.006313548 -0.026816251 -0.000155756 0.006313636 0.999980032 1.656142354
0.999999821 0.000208321 -0.000449417 -0.026211850 -0.000210990 0.999982297 -0.005945656 -0.028394695 0.000448171 0.005945751 0.999982178 1.708556056
0.999999225 -0.000229160 -0.001281891 -0.026219361 0.000223524 0.999990404 -0.004395457 -0.030385904 0.001282886 0.004395166 0.999989569 1.762074828
0.999999106 -0.000416084 -0.001242142 -0.026267782 0.000411987 0.999994457 -0.003297594 -0.031782459 0.001243507 0.003297079 0.999993801 1.816822886
0.999999046 0.000242769 -0.001392281 -0.026693540 -0.000246574 0.999996245 -0.002732872 -0.032756258 0.001391614 0.002733213 0.999995291 1.871675014
0.999998689 0.000931495 -0.001333682 -0.027016234 -0.000935748 0.999994457 -0.003191717 -0.033937737 0.001330703 0.003192961 0.999994040 1.924593925
0.999997139 0.002256465 -0.000792071 -0.027899116 -0.002258867 0.999992788 -0.003044828 -0.034940347 0.000785195 0.003046609 0.999995112 1.979617476
0.999987900 0.004889683 -0.000522987 -0.027980892 -0.004890298 0.999987364 -0.001179601 -0.036173113 0.000517211 0.001182144 0.999999166 2.032599449
0.999989271 0.004586358 0.000732350 -0.028109690 -0.004588211 0.999986231 0.002549598 -0.037796874 -0.000720647 -0.002552930 0.999996483 2.087999582
0.999985456 0.004984484 0.002068761 -0.028014224 -0.004994333 0.999976039 0.004783215 -0.038134120 -0.002044870 -0.004793477 0.999986410 2.139821768
0.999977112 0.005243040 0.004287314 -0.028670255 -0.005277969 0.999952674 0.008176668 -0.038942404 -0.004244240 -0.008199108 0.999957442 2.195455074
0.999979138 0.004454451 0.004675654 -0.028106507 -0.004498099 0.999945939 0.009366252 -0.039342571 -0.004633681 -0.009387086 0.999945104 2.246692181
0.999978244 0.001810119 0.006348151 -0.028751280 -0.001866299 0.999959052 0.008854959 -0.040638603 -0.006331863 -0.008866616 0.999940634 2.301258564
0.999974191 0.002998880 0.006533710 -0.027433131 -0.003041311 0.999974310 0.006493939 -0.040746439 -0.006514068 -0.006513643 0.999957502 2.352807283
0.999970853 0.003198938 0.006931369 -0.027150905 -0.003240368 0.999976873 0.005974221 -0.041122463 -0.006912097 -0.005996508 0.999958098 2.408168554
0.999970555 0.003250055 0.006952743 -0.026997941 -0.003288869 0.999978960 0.005578327 -0.041891679 -0.006934467 -0.005601030 0.999960244 2.459680796
0.999978602 0.002622075 0.005980127 -0.026902109 -0.002650977 0.999984801 0.004830116 -0.042736717 -0.005967370 -0.004845866 0.999970436 2.515619516
0.999991298 0.002362439 0.003440872 -0.026543204 -0.002379163 0.999985337 0.004864365 -0.043240957 -0.003429329 -0.004872509 0.999982238 2.566068172
0.999996662 0.001661516 0.001992577 -0.026759425 -0.001671830 0.999985158 0.005185937 -0.043162063 -0.001983932 -0.005189251 0.999984562 2.622172832
0.999997973 0.001934656 0.000501152 -0.026678111 -0.001937846 0.999977350 0.006444381 -0.044539712 -0.000488673 -0.006445338 0.999979079 2.672209501
0.999995351 0.003049948 -0.000280663 -0.027162574 -0.003048019 0.999973357 0.006633498 -0.045505464 0.000300887 -0.006632611 0.999977887 2.728121996
0.999993801 0.003134305 -0.001610054 -0.027230199 -0.003124936 0.999978304 0.005789128 -0.045734156 0.001628163 -0.005784059 0.999981880 2.779125214
0.999995291 0.002275624 -0.002039597 -0.027667714 -0.002263532 0.999979973 0.005911085 -0.047074065 0.002053006 -0.005906440 0.999980450 2.834972620
0.999996126 0.001695944 -0.002220130 -0.027958125 -0.001684131 0.999984384 0.005312130 -0.047737911 0.002229106 -0.005308369 0.999983430 2.884895802
0.999994576 0.000980279 -0.003122692 -0.028051089 -0.000959324 0.999976993 0.006704750 -0.048594188 0.003129192 -0.006701719 0.999972641 2.937953234
0.999991834 0.000283712 -0.004015986 -0.028109882 -0.000248371 0.999961257 0.008797746 -0.049631305 0.004018326 -0.008796676 0.999953151 2.990545034
0.999991179 0.001626901 -0.003880549 -0.029184472 -0.001600750 0.999975979 0.006732715 -0.049806833 0.003891407 -0.006726444 0.999969721 3.046248436
0.999982893 0.002677288 -0.005201686 -0.028989967 -0.002647808 0.999980390 0.005666160 -0.050578646 0.005216755 -0.005652291 0.999970376 3.094882488
0.999970436 0.005532698 -0.005356878 -0.029918443 -0.005504495 0.999970973 0.005265433 -0.050609373 0.005385853 -0.005235790 0.999971747 3.150045633
0.999960661 0.006526703 -0.006001665 -0.029934641 -0.006491370 0.999961555 0.005888098 -0.051881544 0.006039865 -0.005848910 0.999964654 3.200589895
0.999952793 0.007951196 -0.005592240 -0.030791420 -0.007915232 0.999948084 0.006424075 -0.052648872 0.005643030 -0.006379509 0.999963701 3.255699873
0.999950886 0.008512964 -0.005074792 -0.031176744 -0.008474390 0.999935329 0.007574827 -0.053453464 0.005138950 -0.007531449 0.999958396 3.304586172
0.999945879 0.009767737 -0.003574947 -0.031627990 -0.009738209 0.999918997 0.008186198 -0.053994343 0.003654617 -0.008150943 0.999960065 3.359512806
0.999957025 0.009212770 -0.001050222 -0.031757087 -0.009206702 0.999941647 0.005644145 -0.054529905 0.001102160 -0.005634235 0.999983490 3.408079147
0.999975681 0.006868734 0.001197555 -0.031505704 -0.006868962 0.999976397 0.000186706 -0.054893378 -0.001196246 -0.000194927 0.999999225 3.463148355
0.999965847 0.007668434 0.003092211 -0.031242058 -0.007668144 0.999970555 -0.000105498 -0.055954356 -0.003092929 0.000081783 0.999995232 3.511348248
0.999957502 0.007232185 0.005715335 -0.031297397 -0.007252602 0.999967456 0.003559730 -0.057064943 -0.005689403 -0.003601030 0.999977291 3.565724850
0.999913990 0.008944407 0.009587858 -0.031899985 -0.008986165 0.999950349 0.004320960 -0.057821732 -0.009548733 -0.004406746 0.999944687 3.619882107
0.999896586 0.005959990 0.013083635 -0.031174604 -0.006003950 0.999976456 0.003323341 -0.058453869 -0.013063521 -0.003401550 0.999908864 3.660670996
0.999838233 0.005681028 0.017067024 -0.030949280 -0.005689408 0.999983728 0.000442506 -0.059801150 -0.017064234 -0.000539536 0.999854207 3.714466333
0.999799073 0.004179507 0.019606424 -0.029934950 -0.004123184 0.999987245 -0.002912168 -0.060394548 -0.019618345 0.002830741 0.999803662 3.759368181
0.999730706 0.003502264 0.022941865 -0.028413720 -0.003417258 0.999987185 -0.003743392 -0.061658658 -0.022954682 0.003663986 0.999729812 3.811240435
0.999647498 0.002958842 0.026385222 -0.027637072 -0.002899079 0.999993145 -0.002302984 -0.062497534 -0.026391853 0.002225679 0.999649227 3.855304241
0.999534547 0.004775798 0.030134529 -0.026459098 -0.004708262 0.999986231 -0.002311714 -0.063358828 -0.030145155 0.002168756 0.999543250 3.908838034
0.999398947 0.004167056 0.034414120 -0.025730401 -0.004015167 0.999981880 -0.004481487 -0.064589858 -0.034432173 0.004340616 0.999397576 3.960573435
0.999301314 0.004172874 0.037142504 -0.023872703 -0.003947218 0.999973357 -0.006146645 -0.065610029 -0.037167158 0.005995739 0.999291241 3.999709606
0.999155939 0.004579884 0.040823445 -0.022734806 -0.004314107 0.999968946 -0.006596105 -0.066980027 -0.040852387 0.006414419 0.999144673 4.052063465
0.999075353 0.002787233 0.042906765 -0.020095274 -0.002551530 0.999981403 -0.005547184 -0.067522496 -0.042921435 0.005432575 0.999063730 4.095316887
0.998926401 0.002298501 0.046270028 -0.018421814 -0.002089858 0.999987483 -0.004557128 -0.068332568 -0.046279922 0.004455537 0.998918712 4.148734093
0.998856783 0.000906912 0.047795255 -0.014871210 -0.000774744 0.999995828 -0.002783751 -0.069476768 -0.047797576 0.002743539 0.998853326 4.201485157
0.998714507 -0.000494397 0.050685968 -0.014199764 0.000551771 0.999999225 -0.001117956 -0.070932701 -0.050685376 0.001144486 0.998714030 4.238316536
0.998595834 -0.001691441 0.052947503 -0.011410072 0.001895617 0.999990940 -0.003806213 -0.071535192 -0.052940574 0.003901237 0.998590052 4.291440487
0.998462617 -0.003119824 0.055343505 -0.009805873 0.003507286 0.999969959 -0.006905272 -0.072968051 -0.055320304 0.007088759 0.998443484 4.332337856
0.998370647 -0.002332966 0.057013467 -0.007286713 0.002890175 0.999948800 -0.009692795 -0.074168190 -0.056987930 0.009841781 0.998326302 4.383813381
0.998303652 -0.001830285 0.058193162 -0.002781302 0.002474861 0.999936402 -0.011006347 -0.074606150 -0.058169309 0.011131697 0.998244584 4.438238621
0.998247862 -0.002211120 0.059131898 -0.001794130 0.002807179 0.999946117 -0.009998981 -0.076623350 -0.059106607 0.010147454 0.998200059 4.476561546
0.998299062 -0.002241263 0.058257658 0.000134736 0.002681145 0.999968529 -0.007473543 -0.078862593 -0.058239065 0.007617030 0.998273551 4.529666424
0.998366416 -0.002818400 0.057067968 0.003266126 0.003217043 0.999971092 -0.006894729 -0.079116784 -0.057046890 0.007067055 0.998346508 4.584705830
0.998472035 -0.001985620 0.055223722 0.005423352 0.002326044 0.999978721 -0.006100855 -0.079954907 -0.055210434 0.006219987 0.998455286 4.622633934
0.998600185 -0.001894707 0.052857962 0.007392332 0.002177255 0.999983668 -0.005288331 -0.081437930 -0.052847076 0.005396014 0.998587966 4.677354336
0.998777986 -0.001112211 0.049407221 0.010795057 0.001409064 0.999981165 -0.005973859 -0.082045093 -0.049399644 0.006036178 0.998760760 4.732763767
0.998949826 -0.000007182 0.045815825 0.012204379 0.000279215 0.999982417 -0.005931139 -0.083727241 -0.045814980 0.005937703 0.998932242 4.787916183
0.999123096 0.000091260 0.041869216 0.013348371 0.000131727 0.999985814 -0.005322999 -0.084849864 -0.041869108 0.005323847 0.999108970 4.821261406
0.999274075 0.000700622 0.038091030 0.014508083 -0.000532367 0.999990046 -0.004427148 -0.085762046 -0.038093761 0.004403657 0.999264479 4.877039433
0.999435365 0.001342449 0.033577509 0.016318843 -0.001219343 0.999992490 -0.003686518 -0.086829700 -0.033582211 0.003643493 0.999429345 4.921181679
0.999580562 0.001405051 0.028926132 0.017871901 -0.001314929 0.999994278 -0.003134361 -0.087884314 -0.028930370 0.003095010 0.999576628 4.977244377
0.999700785 0.001973831 0.024382642 0.018249877 -0.001896285 0.999993026 -0.003203116 -0.088609949 -0.024388796 0.003155921 0.999697566 5.022094727
0.999816716 0.002834847 0.018938893 0.019686103 -0.002769559 0.999990165 -0.003472652 -0.089338735 -0.018948553 0.003419562 0.999814630 5.077959061
0.999899507 0.003090085 0.013837841 0.020004686 -0.003040255 0.999988854 -0.003620581 -0.090751007 -0.013848873 0.003578146 0.999897718 5.122804165
0.999946237 0.003818847 0.009648567 0.019668013 -0.003778424 0.999984086 -0.004204222 -0.091847584 -0.009664468 0.004167539 0.999944627 5.178869247
0.999967396 0.005861800 0.005561930 0.020135004 -0.005837530 0.999973357 -0.004369670 -0.092706412 -0.005587397 0.004337059 0.999974966 5.223474026
0.999962270 0.007667797 0.004087328 0.019229349 -0.007651506 0.999962747 -0.003986805 -0.094297498 -0.004117745 0.003955380 0.999983728 5.278681755
0.999956667 0.009000575 0.002357518 0.019566474 -0.008989734 0.999949217 -0.004569249 -0.094913416 -0.002398524 0.004547858 0.999986768 5.324682236
0.999934912 0.011269606 0.001757365 0.018187255 -0.011262372 0.999928415 -0.004072899 -0.096368998 -0.001803139 0.004052843 0.999990106 5.382268906
0.999930024 0.011826572 -0.000278736 0.019198332 -0.011827536 0.999922931 -0.003752330 -0.096875638 0.000234337 0.003755363 0.999992907 5.426581383
0.999923706 0.012335368 -0.000689350 0.018136328 -0.012337292 0.999919772 -0.002857822 -0.098197639 0.000654043 0.002866108 0.999995649 5.482956886
0.999874592 0.015721656 -0.001884166 0.018336724 -0.015723206 0.999875963 -0.000809427 -0.099396072 0.001871207 0.000838950 0.999997914 5.528476238
0.999855220 0.016820569 -0.002557837 0.017527089 -0.016815707 0.999856710 0.001910485 -0.099812150 0.002589606 -0.001867196 0.999994934 5.585274220
0.999878466 0.015289157 -0.003047098 0.017277861 -0.015283801 0.999881625 0.001773971 -0.100806341 0.003073860 -0.001727184 0.999993742 5.631315708
0.999879658 0.014978235 -0.004029396 0.017037030 -0.014978502 0.999887824 -0.000036604 -0.101556420 0.004028395 0.000096954 0.999991894 5.688563347
0.999917507 0.012068570 -0.004377916 0.016265940 -0.012063973 0.999926627 0.001074730 -0.102250591 0.004390564 -0.001021826 0.999989748 5.734282494
0.999935508 0.009651027 -0.005979983 0.016424619 -0.009636556 0.999950647 0.002443670 -0.102804407 0.006003271 -0.002385886 0.999979079 5.791593552
0.999958515 0.006953890 -0.005886487 0.015724368 -0.006926825 0.999965429 0.004605569 -0.103561625 0.005918310 -0.004564605 0.999972045 5.837251186
0.999968529 0.004932285 -0.006223303 0.015114643 -0.004897956 0.999972880 0.005519602 -0.104245186 0.006250357 -0.005488947 0.999965370 5.895501137
0.999981344 0.000917308 -0.006033776 0.014800783 -0.000895103 0.999992788 0.003681761 -0.104742318 0.006037110 -0.003676292 0.999974966 5.940208912
0.999978185 -0.001504050 -0.006427817 0.014729600 0.001523744 0.999994099 0.003060122 -0.105677031 0.006423178 -0.003069851 0.999974668 5.998507023
0.999975324 -0.003444692 -0.006111129 0.013994481 0.003460500 0.999990702 0.002578106 -0.106378466 0.006102192 -0.002599191 0.999978006 6.043673992
0.999979973 -0.003150040 -0.005480541 0.013161514 0.003164852 0.999991417 0.002696169 -0.107205391 0.005472000 -0.002713460 0.999981403 6.101574421
0.999982893 -0.002660734 -0.005212809 0.013036020 0.002685192 0.999985337 0.004690512 -0.107621551 0.005200253 -0.004704430 0.999975324 6.145263672
0.999988556 -0.000497251 -0.004756939 0.012185918 0.000527687 0.999979436 0.006399123 -0.108418480 0.004753659 -0.006401561 0.999968112 6.203198910
0.999990940 -0.000279017 -0.004254329 0.011688532 0.000297514 0.999990463 0.004347747 -0.109223872 0.004253075 -0.004348972 0.999981463 6.261607647
0.999995172 0.000719566 -0.003024824 0.010629548 -0.000710502 0.999995232 0.002996589 -0.109885536 0.003026965 -0.002994426 0.999990940 6.296277046
0.999997854 -0.000099875 -0.002119997 0.009671913 0.000100530 0.999999881 0.000308857 -0.110715814 0.002119965 -0.000309070 0.999997735 6.354771614
0.999998271 -0.000487318 -0.001808890 0.009741834 0.000480950 0.999993622 -0.003518973 -0.111809641 0.001810593 0.003518097 0.999992192 6.396965504
0.999998212 -0.001157905 -0.001554654 0.008770123 0.001147409 0.999976635 -0.006735771 -0.113517523 0.001562417 0.006733974 0.999976158 6.454616070
0.999998152 -0.001587443 -0.001145254 0.007946244 0.001578402 0.999967873 -0.007852919 -0.114896163 0.001157683 0.007851097 0.999968469 6.514196873
0.999997675 -0.001311341 -0.001711654 0.008381971 0.001298265 0.999970138 -0.007618360 -0.115684479 0.001721593 0.007616119 0.999969542 6.547667503
0.999997735 -0.000562985 -0.002011953 0.007879904 0.000548864 0.999975264 -0.007012316 -0.117078602 0.002015851 0.007011198 0.999973416 6.605360031
0.999998748 0.000284036 -0.001544051 0.007334575 -0.000293477 0.999981225 -0.006117799 -0.118250050 0.001542284 0.006118244 0.999980092 6.647072792
0.999997497 0.001071506 -0.001941460 0.006385178 -0.001081955 0.999984920 -0.005388930 -0.119751774 0.001935656 0.005391017 0.999983668 6.705760479
0.999996006 0.000917789 -0.002678664 0.006741371 -0.000933386 0.999982595 -0.005827176 -0.120657682 0.002673270 0.005829653 0.999979377 6.746525764
0.999994874 0.000760529 -0.003108603 0.005568180 -0.000779011 0.999981940 -0.005948356 -0.121837839 0.003104024 0.005950747 0.999977469 6.804051399
0.999991179 0.000962331 -0.004079960 0.005726544 -0.000980513 0.999989629 -0.004456667 -0.122830845 0.004075629 0.004460628 0.999981761 6.846649170
0.999986768 0.001431364 -0.004932676 0.005285699 -0.001451912 0.999990284 -0.004164600 -0.124212570 0.004926668 0.004171706 0.999979138 6.904680729
0.999980927 0.002537719 -0.005630366 0.004727624 -0.002566203 0.999983966 -0.005057474 -0.125114828 0.005617441 0.005071826 0.999971330 6.946476460
0.999976754 0.002265703 -0.006437654 0.003817800 -0.002307699 0.999976039 -0.006523587 -0.126474112 0.006422719 0.006538291 0.999958038 7.005250454
0.999969006 0.003463522 -0.007067194 0.003308646 -0.003506628 0.999975324 -0.006096199 -0.127464607 0.007045905 0.006120792 0.999956429 7.045421124
0.999960899 0.003192154 -0.008255141 0.002869781 -0.003254744 0.999966025 -0.007579604 -0.128619015 0.008230664 0.007606175 0.999937177 7.104741096
0.999960840 0.002900425 -0.008364295 0.001624357 -0.002968416 0.999962568 -0.008127813 -0.129881054 0.008340407 0.008152323 0.999931991 7.144194603
0.999952853 0.003933506 -0.008884065 0.000324763 -0.003999494 0.999964476 -0.007422113 -0.131594956 0.008854552 0.007457294 0.999933004 7.201186657
0.999945462 0.004019980 -0.009643168 -0.000018746 -0.004080689 0.999971986 -0.006284137 -0.132744968 0.009617633 0.006323145 0.999933720 7.242633820
0.999940515 0.003797675 -0.010234398 -0.001635008 -0.003866012 0.999970436 -0.006665629 -0.133448794 0.010208780 0.006704799 0.999925375 7.300522327
0.999927759 0.003960232 -0.011347819 -0.001799628 -0.004021636 0.999977410 -0.005393293 -0.135378405 0.011326200 0.005438540 0.999921083 7.340962887
0.999919534 0.004446622 -0.011880746 -0.002955616 -0.004510003 0.999975741 -0.005313269 -0.136559248 0.011856829 0.005366423 0.999915361 7.400987148
0.999901414 0.004681357 -0.013232995 -0.003992818 -0.004759353 0.999971569 -0.005868608 -0.138277054 0.013205143 0.005931010 0.999895215 7.458286285
0.999898911 0.005119044 -0.013266599 -0.004931077 -0.005205581 0.999965370 -0.006496628 -0.139403820 0.013232880 0.006565032 0.999890864 7.488852978
0.999892533 0.005965892 -0.013395226 -0.006266803 -0.006050444 0.999961913 -0.006280469 -0.140568718 0.013357247 0.006360841 0.999890566 7.548356533
0.999887228 0.005286197 -0.014050326 -0.006767474 -0.005389426 0.999958754 -0.007319448 -0.141806573 0.014011056 0.007394347 0.999874532 7.587507248
0.999888420 0.004011609 -0.014388696 -0.008360729 -0.004130349 0.999957621 -0.008232203 -0.143727005 0.014355061 0.008290716 0.999862611 7.647939205
0.999897599 0.001333303 -0.014245022 -0.008862615 -0.001453676 0.999963284 -0.008443152 -0.144523442 0.014233241 0.008462994 0.999862909 7.685265541
0.999893844 0.001256093 -0.014510281 -0.010395400 -0.001319702 0.999989569 -0.004375038 -0.146175414 0.014504635 0.004393723 0.999885201 7.744902134
0.999891162 0.000598062 -0.014741871 -0.010953806 -0.000603623 0.999999881 -0.000372784 -0.146972284 0.014741644 0.000381643 0.999891281 7.783692360
0.999883235 0.000935953 -0.015257075 -0.011685036 -0.000947080 0.999999404 -0.000722074 -0.148497656 0.015256390 0.000736440 0.999883354 7.842414379
0.999895871 0.004136876 -0.013824401 -0.013830028 -0.004190781 0.999983728 -0.003872617 -0.149190128 0.013808156 0.003930149 0.999896944 7.880477905
0.999884605 0.004059032 -0.014636728 -0.014739990 -0.004147183 0.999973416 -0.005997282 -0.150139838 0.014611998 0.006057291 0.999874949 7.940513611
0.999885976 0.003960208 -0.014569126 -0.015565947 -0.004044416 0.999975264 -0.005755052 -0.151489615 0.014545977 0.005813320 0.999877334 7.976701260
0.999894083 0.003192897 -0.014194056 -0.017875090 -0.003260356 0.999983549 -0.004732111 -0.153271407 0.014178713 0.004777887 0.999888062 8.035225868
0.999891639 0.003609840 -0.014269239 -0.017765790 -0.003645170 0.999990344 -0.002450686 -0.153795570 0.014260256 0.002502434 0.999895215 8.072004318
0.999904633 0.003108503 -0.013458913 -0.019318864 -0.003125223 0.999994397 -0.001221484 -0.155445784 0.013455042 0.001263429 0.999908745 8.128803253
0.999924183 0.003140237 -0.011905096 -0.019962393 -0.003169669 0.999991953 -0.002454089 -0.155874789 0.011897294 0.002491638 0.999926150 8.167749405
0.999941289 0.002001440 -0.010645181 -0.020951889 -0.002040463 0.999991298 -0.003656204 -0.157445505 0.010637770 0.003677710 0.999936700 8.223731995
0.999952316 0.001739039 -0.009605488 -0.021125078 -0.001787867 0.999985516 -0.005077124 -0.158840597 0.009596518 0.005094055 0.999940991 8.281594276
0.999970675 0.000912996 -0.007602478 -0.022434872 -0.000953901 0.999985039 -0.005378575 -0.159642547 0.007597456 0.005385668 0.999956667 8.309686661
0.999975562 0.001769162 -0.006759100 -0.022234015 -0.001803508 0.999985456 -0.005078726 -0.160709500 0.006750015 0.005090792 0.999964356 8.364371300
0.999987304 0.000640763 -0.005021197 -0.023346756 -0.000656830 0.999994695 -0.003198779 -0.161658034 0.005019120 0.003202036 0.999982297 8.403808594
0.999993145 0.001643449 -0.003307537 -0.024822662 -0.001651710 0.999995589 -0.002496661 -0.163384363 0.003303419 0.002502108 0.999991417 8.459063530
0.999995053 0.001787664 -0.002581134 -0.024595246 -0.001794587 0.999994934 -0.002682443 -0.163734198 0.002576325 0.002687062 0.999993086 8.496255875
0.999996603 0.002369671 -0.001076379 -0.025534526 -0.002373168 0.999991894 -0.003259782 -0.164496392 0.001068646 0.003262325 0.999994099 8.552027702
0.999998629 0.001582385 -0.000547483 -0.025540022 -0.001583838 0.999995232 -0.002664165 -0.165800661 0.000543264 0.002665028 0.999996305 8.587229729
0.999997079 0.002327368 0.000659455 -0.026265277 -0.002325636 0.999993861 -0.002614924 -0.167307675 -0.000665537 0.002613383 0.999996305 8.642250061
0.999997377 0.001925310 0.001229260 -0.026017763 -0.001921781 0.999994040 -0.002865174 -0.167725980 -0.001234769 0.002862805 0.999995172 8.677837372
0.999998629 0.000697950 0.001528194 -0.026267894 -0.000693536 0.999995589 -0.002887192 -0.169174552 -0.001530203 0.002886128 0.999994695 8.731071472
0.999997795 0.000843782 0.001930246 -0.026428074 -0.000840094 0.999997854 -0.001910680 -0.169848993 -0.001931854 0.001909054 0.999996305 8.765290260
0.999997020 0.001169273 0.002136853 -0.027157875 -0.001167707 0.999999046 -0.000733676 -0.171168551 -0.002137709 0.000731179 0.999997437 8.816877365
0.999998987 0.000808897 0.001150000 -0.026982259 -0.000807829 0.999999225 -0.000928614 -0.171864972 -0.001150750 0.000927685 0.999998868 8.850770950
0.999999046 0.000928442 0.000990085 -0.027704351 -0.000926635 0.999997914 -0.001823310 -0.173311666 -0.000991776 0.001822391 0.999997795 8.901304245
0.999998569 0.001621115 0.000469269 -0.027657339 -0.001619987 0.999995828 -0.002394234 -0.174077705 -0.000473148 0.002393470 0.999997020 8.933122635
0.999999702 0.000786773 -0.000237111 -0.028016681 -0.000787446 0.999995589 -0.002854300 -0.175009772 0.000234864 0.002854486 0.999995887 8.982248306
0.999998868 0.000363753 -0.001477648 -0.028480640 -0.000368674 0.999994397 -0.003331993 -0.175148547 0.001476428 0.003332533 0.999993384 9.013697624
0.999993801 0.000211748 -0.003530815 -0.028337723 -0.000220056 0.999997318 -0.002352750 -0.176786557 0.003530307 0.002353512 0.999991059 9.061400414
0.999986172 -0.000918148 -0.005168653 -0.029318148 0.000916174 0.999999464 -0.000384265 -0.177476823 0.005169004 0.000379524 0.999986589 9.091282845
0.999972165 -0.001288119 -0.007344455 -0.030160487 0.001296262 0.999998569 0.001104074 -0.178631589 0.007343022 -0.001113564 0.999972463 9.139011383
0.999952435 -0.000787161 -0.009721141 -0.031107008 0.000800661 0.999998748 0.001384871 -0.179818958 0.009720039 -0.001392588 0.999951839 9.184710503
0.999921799 -0.000519918 -0.012495180 -0.031381868 0.000527734 0.999999642 0.000622240 -0.179789022 0.012494852 -0.000628786 0.999921739 9.205433846
0.999877810 0.000044620 -0.015631998 -0.032588452 -0.000036287 0.999999821 0.000533357 -0.180268750 0.015632020 -0.000532725 0.999877691 9.250880241
0.999836206 0.000263011 -0.018093407 -0.033778340 -0.000235939 0.999998868 0.001498344 -0.181717470 0.018093780 -0.001493830 0.999835134 9.294625282
0.999777436 0.000473778 -0.021091830 -0.034559563 -0.000452258 0.999999285 0.001025041 -0.182267457 0.021092303 -0.001015273 0.999777019 9.312261581
0.999710143 -0.000038307 -0.024076071 -0.036119774 0.000049078 0.999999940 0.000446797 -0.182898104 0.024076052 -0.000447849 0.999710023 9.354590416
0.999612927 -0.000044637 -0.027820136 -0.036545768 0.000032087 0.999999881 -0.000451586 -0.183379740 0.027820157 0.000450518 0.999612808 9.379875183
0.999533951 0.001462711 -0.030489858 -0.038671643 -0.001478045 0.999998808 -0.000480385 -0.184538871 0.030489124 0.000525226 0.999534905 9.419571877
0.999427259 0.001496093 -0.033807114 -0.039255887 -0.001554702 0.999997318 -0.001707396 -0.184765816 0.033804469 0.001758978 0.999426901 9.444025993
0.999338984 0.003491726 -0.036187179 -0.041274190 -0.003548651 0.999992490 -0.001508972 -0.185981229 0.036181644 0.001636390 0.999343872 9.481330872
0.999323010 0.003910900 -0.036580883 -0.042210221 -0.003951634 0.999991596 -0.001041327 -0.186469585 0.036576498 0.001185177 0.999330103 9.504318237
0.999330401 0.004124965 -0.036356408 -0.043928862 -0.004125871 0.999991417 0.000050079 -0.187433392 0.036356304 0.000099956 0.999338865 9.540728569
0.999339342 0.004306367 -0.036085922 -0.044581771 -0.004290582 0.999990702 0.000514872 -0.187799290 0.036087807 -0.000359702 0.999348462 9.563167572
0.999352455 0.004249527 -0.035730366 -0.046277732 -0.004240712 0.999991059 0.000322492 -0.188601196 0.035731412 -0.000170760 0.999361277 9.597825050
0.999356806 0.004581613 -0.035567511 -0.046817720 -0.004642236 0.999987900 -0.001622040 -0.189213917 0.035559651 0.001786110 0.999365926 9.618659019
0.999373853 0.004835757 -0.035053413 -0.047978848 -0.004971460 0.999980450 -0.003785150 -0.190126956 0.035034426 0.003957046 0.999378264 9.652461052
0.999424458 0.004883705 -0.033568498 -0.048960090 -0.005067823 0.999972582 -0.005401958 -0.190265298 0.033541191 0.005568969 0.999421835 9.673645020
0.999463141 0.005399331 -0.032315418 -0.050083756 -0.005586231 0.999968171 -0.005696113 -0.191213667 0.032283634 0.005873577 0.999461472 9.706566811
0.999531269 0.005043204 -0.030198574 -0.051862970 -0.005227418 0.999968231 -0.006024244 -0.191718087 0.030167233 0.006179281 0.999525726 9.739991188
0.999573290 0.004668045 -0.028835403 -0.051653728 -0.004838531 0.999971151 -0.005845425 -0.192627400 0.028807284 0.005982452 0.999567032 9.754627228
0.999630332 0.005083767 -0.026713246 -0.053108722 -0.005239606 0.999969602 -0.005766978 -0.193621650 0.026683116 0.005904812 0.999626517 9.787595749
0.999678016 0.004760561 -0.024923885 -0.053239450 -0.004918694 0.999968171 -0.006287200 -0.194018573 0.024893161 0.006407768 0.999669611 9.808125496
0.999746859 0.005193106 -0.021891160 -0.054376662 -0.005320629 0.999969184 -0.005771062 -0.194914356 0.021860516 0.005886076 0.999743760 9.841012001
0.999811530 0.003804227 -0.019039672 -0.055081233 -0.003907773 0.999977887 -0.005404145 -0.195605755 0.019018693 0.005477529 0.999804080 9.873884201
0.999867320 0.002556277 -0.016088100 -0.055264391 -0.002638578 0.999983549 -0.005096488 -0.195892140 0.016074808 0.005138262 0.999857545 9.887849808
0.999913871 0.002259559 -0.012932426 -0.055872045 -0.002320786 0.999986172 -0.004721321 -0.197031409 0.012921583 0.004750927 0.999905229 9.920185089
0.999945223 0.002423547 -0.010182242 -0.055957366 -0.002479021 0.999982178 -0.005439019 -0.197158873 0.010168878 0.005463963 0.999933362 9.939377785
0.999973536 0.001848421 -0.007038425 -0.056462906 -0.001886678 0.999983549 -0.005432743 -0.198021412 0.007028266 0.005445878 0.999960542 9.971209526
0.999987364 0.002623208 -0.004284168 -0.056583039 -0.002650842 0.999975681 -0.006457312 -0.198422492 0.004267125 0.006468587 0.999970019 9.991379738
0.999994576 0.003250957 -0.000514268 -0.057437975 -0.003254069 0.999975741 -0.006168908 -0.199814960 0.000494201 0.006170548 0.999980867 10.023796082
0.999994278 0.003028419 0.001517189 -0.056847855 -0.003019186 0.999977171 -0.006051272 -0.199690804 -0.001535480 0.006046657 0.999980569 10.043690681
0.999984562 0.003489475 0.004341289 -0.057068206 -0.003464239 0.999977231 -0.005807025 -0.200573549 -0.004361453 0.005791896 0.999973774 10.076253891
0.999978542 0.002551775 0.006033038 -0.056831758 -0.002517314 0.999980509 -0.005712825 -0.200958654 -0.006047498 0.005697515 0.999965489 10.097338676
0.999961555 0.002784009 0.008316666 -0.056917407 -0.002717856 0.999964714 -0.007954944 -0.201465815 -0.008338518 0.007932034 0.999933779 10.129710197
0.999947727 0.002743995 0.009852922 -0.056868352 -0.002645567 0.999946594 -0.009988940 -0.201902509 -0.009879808 0.009962350 0.999901593 10.150995255
0.999946892 0.002205061 0.010066078 -0.055797487 -0.002096253 0.999939442 -0.010807216 -0.203495711 -0.010089300 0.010785541 0.999890983 10.183060646
0.999940932 0.002410755 0.010593220 -0.056240648 -0.002289340 0.999931693 -0.011458728 -0.203756332 -0.010620120 0.011433801 0.999878228 10.204855919
0.999944866 0.000425350 0.010490648 -0.055823676 -0.000296818 0.999924898 -0.012250550 -0.204372257 -0.010495070 0.012246761 0.999869943 10.238078117
0.999935210 0.002036353 0.011208713 -0.056219593 -0.001897543 0.999921560 -0.012380915 -0.205284476 -0.011233047 0.012358843 0.999860525 10.259924889
0.999920428 0.002611339 0.012342487 -0.056308687 -0.002462017 0.999923825 -0.012097929 -0.206931412 -0.012373138 0.012066580 0.999850690 10.292821884
0.999932051 0.002131740 0.011458493 -0.055762216 -0.001963469 0.999890327 -0.014676444 -0.206832841 -0.011488522 0.014652948 0.999826610 10.314646721
0.999931633 -0.002321868 0.011461232 -0.055696271 0.002518267 0.999849737 -0.017151451 -0.207621560 -0.011419686 0.017179139 0.999787211 10.352400780
0.999913275 -0.004966512 0.012190620 -0.054874480 0.005180408 0.999832153 -0.017577466 -0.208504304 -0.012101275 0.017639099 0.999771118 10.370757103
0.999917090 -0.002739035 0.012586707 -0.053783655 0.002914112 0.999898911 -0.013912369 -0.209456831 -0.012547331 0.013947895 0.999823928 10.419548988
0.999917626 0.001303436 0.012767849 -0.053763285 -0.001204059 0.999968827 -0.007787963 -0.210084558 -0.012777602 0.007771948 0.999888122 10.440960884
0.999898195 0.000611290 0.014255874 -0.054598197 -0.000547906 0.999989986 -0.004449656 -0.210506991 -0.014258454 0.004441392 0.999888480 10.456819534
0.999864995 -0.000562938 0.016418459 -0.054088756 0.000676855 0.999975681 -0.006933591 -0.211188197 -0.016414160 0.006943768 0.999841213 10.491930008
0.999779284 0.000474757 0.021003591 -0.053780481 -0.000209641 0.999920309 -0.012622858 -0.212254226 -0.021007910 0.012615669 0.999699712 10.529262543
0.999688983 0.002418048 0.024819754 -0.053409606 -0.002017802 0.999867737 -0.016138485 -0.213000655 -0.024855493 0.016083386 0.999561608 10.565998077
0.999603748 0.004231463 0.027829153 -0.052998126 -0.003779844 0.999860644 -0.016260879 -0.213159025 -0.027894078 0.016149247 0.999480426 10.574244499
0.999515831 0.001750008 0.031067349 -0.051926464 -0.001322238 0.999904156 -0.013784308 -0.214449003 -0.031088494 0.013736556 0.999422252 10.612148285
0.999411762 -0.000638148 0.034288622 -0.051481724 0.001002590 0.999943316 -0.010612490 -0.214946970 -0.034279890 0.010640626 0.999355614 10.634847641
0.999308169 -0.002617149 0.037098419 -0.050262243 0.002952795 0.999955237 -0.008995530 -0.215933338 -0.037073210 0.009098850 0.999271214 10.673327446
0.999175608 -0.002197741 0.040535487 -0.049831241 0.002552053 0.999958992 -0.008691125 -0.216369629 -0.040514722 0.008787409 0.999140203 10.695558548
0.999064088 -0.001111828 0.043239042 -0.050041527 0.001562804 0.999944806 -0.010397417 -0.217930913 -0.043225098 0.010455259 0.999010623 10.732048035
0.998981059 0.000302910 0.045133714 -0.047744721 0.000284130 0.999915421 -0.012999720 -0.218038529 -0.045133840 0.012999296 0.998896360 10.756316185
0.998867691 0.000274758 0.047574777 -0.046060622 0.000342733 0.999915779 -0.012970736 -0.219232172 -0.047574326 0.012972354 0.998783469 10.795650482
0.998743057 0.000441683 0.050122261 -0.044213474 0.000117238 0.999937773 -0.011147663 -0.220453858 -0.050124079 0.011139528 0.998680770 10.835393906
0.998555362 0.003086295 0.053642668 -0.043645024 -0.002569981 0.999949753 -0.009691381 -0.220531717 -0.053669896 0.009539520 0.998513162 10.848764420
0.998363614 0.004703927 0.056990933 -0.042661250 -0.004110855 0.999936223 -0.010519209 -0.220910847 -0.057036780 0.010267714 0.998319328 10.887480736
0.998216450 0.005388502 0.059456971 -0.041012466 -0.004726411 0.999925315 -0.011270666 -0.221418142 -0.059513275 0.010969545 0.998167217 10.909444809
0.998059809 0.003463063 0.062166020 -0.038826823 -0.002750392 0.999929607 -0.011545910 -0.222523630 -0.062201623 0.011352527 0.997999012 10.948745728
0.997941554 0.000205642 0.064129241 -0.037525177 0.000491158 0.999940991 -0.010849607 -0.223208994 -0.064127669 0.010858770 0.997882724 10.970862389
0.997896612 -0.000168165 0.064825639 -0.034885287 0.000898610 0.999936461 -0.011238850 -0.223887801 -0.064819627 0.011273462 0.997833312 11.010470390
0.997859657 -0.001806374 0.065365911 -0.033476651 0.002544823 0.999933779 -0.011215666 -0.224827826 -0.065341316 0.011358008 0.997798324 11.032836914
0.997749209 -0.002397526 0.067012139 -0.032023728 0.003170606 0.999929547 -0.011432445 -0.225958526 -0.066980004 0.011619183 0.997686744 11.073022842
0.997840226 -0.001422818 0.065672733 -0.029955745 0.002109477 0.999943852 -0.010387596 -0.226543605 -0.065654270 0.010503697 0.997787058 11.094843864
0.997896433 -0.001002378 0.064820267 -0.027655005 0.001628823 0.999952495 -0.009612218 -0.227876276 -0.064807549 0.009697580 0.997850597 11.134402275
0.997978270 -0.001336536 0.063542053 -0.026380062 0.002025674 0.999939859 -0.010782182 -0.228363991 -0.063523814 0.010889099 0.997920930 11.156947136
0.998080552 -0.001933582 0.061898012 -0.024260819 0.002643893 0.999931633 -0.011395644 -0.229768679 -0.061871737 0.011537422 0.998017430 11.196824074
0.998180032 -0.000241030 0.060303215 -0.022966206 0.000980576 0.999924660 -0.012234499 -0.230177239 -0.060295723 0.012271362 0.998105109 11.218988419
0.998253584 0.000667716 0.059071101 -0.021236062 0.000067023 0.999922752 -0.012435365 -0.231364936 -0.059074849 0.012417605 0.998176336 11.259204865
0.998341262 0.002774394 0.057507340 -0.020236075 -0.002015507 0.999910295 -0.013250154 -0.231889069 -0.057538942 0.013112270 0.998257160 11.280923843
0.998435199 0.003063809 0.055837046 -0.018631339 -0.002349293 0.999914527 -0.012857596 -0.232868850 -0.055871669 0.012706297 0.998357177 11.320880890
0.998625696 0.002585522 0.052345060 -0.017385542 -0.002019576 0.999939144 -0.010861834 -0.233925089 -0.052369934 0.010741192 0.998570085 11.342494011
0.998807728 0.001587362 0.048792925 -0.016090155 -0.001168919 0.999962389 -0.008603232 -0.235041201 -0.048804734 0.008535939 0.998771906 11.381202698
0.999043643 -0.000235905 0.043724507 -0.014878899 0.000517037 0.999979377 -0.006418413 -0.236578137 -0.043722086 0.006434883 0.999022961 11.419920921
0.999249697 -0.000345407 0.038728498 -0.014160573 0.000568287 0.999983370 -0.005744049 -0.236413598 -0.038725864 0.005761749 0.999233246 11.433248520
0.999410808 -0.000124411 0.034324050 -0.013478994 0.000305492 0.999986053 -0.005270459 -0.237384737 -0.034322914 0.005277839 0.999396861 11.471935272
0.999577582 -0.002269540 0.028974198 -0.011842966 0.002400341 0.999987125 -0.004480397 -0.238208234 -0.028963650 0.004548052 0.999570191 11.509366989
0.999692023 -0.002011776 0.024735373 -0.012262523 0.002121167 0.999988019 -0.004397017 -0.238575235 -0.024726233 0.004448130 0.999684393 11.521139145
0.999779105 -0.002041607 0.020915566 -0.012103915 0.002161963 0.999981225 -0.005733361 -0.238894656 -0.020903464 0.005777313 0.999764860 11.557591438
0.999864757 -0.002133772 0.016305618 -0.011493802 0.002211549 0.999986291 -0.004753382 -0.240094468 -0.016295251 0.004788800 0.999855757 11.576950073
0.999916136 -0.001780634 0.012826076 -0.011734709 0.001844465 0.999985993 -0.004966580 -0.240990996 -0.012817054 0.004989821 0.999905407 11.611474037
0.999957621 -0.002047658 0.008973648 -0.011550054 0.002093973 0.999984503 -0.005154840 -0.241336003 -0.008962952 0.005173412 0.999946475 11.630347252
0.999984145 -0.003385168 0.004491068 -0.011546988 0.003409401 0.999979615 -0.005399219 -0.242538646 -0.004472697 0.005414445 0.999975383 11.662711143
0.999998450 -0.001742907 -0.000044984 -0.012112692 0.001742539 0.999972701 -0.007186662 -0.243031353 0.000057508 0.007186573 0.999974191 11.680168152
