0.999985337 0.001299327 0.005260295 -0.003054322 -0.001291746 0.999998152 -0.001444293 -0.000572640 -0.005262162 0.001437477 0.999985158 0.055370517
0.999995649 0.001211471 0.002701712 -0.000017790 -0.001210417 0.999999166 -0.000391918 -0.001891835 -0.002702185 0.000388646 0.999996305 0.110373519
0.999995589 0.000260825 0.002953862 0.000673380 -0.000260208 0.999999940 -0.000209204 -0.002671632 -0.002953916 0.000208434 0.999995649 0.165401354
0.999999583 -0.000749298 0.000471508 0.002841300 0.000749402 0.999999702 -0.000219487 -0.003584996 -0.000471344 0.000219840 0.999999881 0.220087856
0.999998808 -0.001024514 0.001078856 0.002948712 0.001024879 0.999999404 -0.000338275 -0.004477237 -0.001078507 0.000339380 0.999999344 0.275115550
0.999992549 -0.000253293 0.003862661 0.001989297 0.000258729 0.999998927 -0.001406761 -0.005410877 -0.003862303 0.001407750 0.999991477 0.329355389
0.999986827 -0.000087336 0.005131116 0.001429524 0.000095055 0.999998808 -0.001504227 -0.006513434 -0.005130979 0.001504695 0.999985635 0.383228093
0.999983191 -0.000855827 0.005734432 0.001279178 0.000857308 0.999999583 -0.000255827 -0.007391684 -0.005734214 0.000260739 0.999983549 0.436513484
0.999987960 -0.001625721 0.004630298 0.001075433 0.001623217 0.999998450 0.000544494 -0.008364357 -0.004631176 -0.000536972 0.999989152 0.489457458
0.999992490 -0.002907031 0.002566400 0.000445693 0.002905692 0.999995589 0.000525271 -0.009486115 -0.002567917 -0.000517809 0.999996603 0.542615175
0.999996722 -0.002557489 0.000241282 0.001018441 0.002557599 0.999996603 -0.000456200 -0.010133481 -0.000240115 0.000456816 0.999999881 0.594427049
0.999996960 -0.002195722 -0.001193406 0.000745808 0.002195361 0.999997556 -0.000304008 -0.011375292 0.001194071 0.000301387 0.999999285 0.648270905
0.999997139 -0.000898181 -0.002200141 0.000508204 0.000896970 0.999999464 -0.000551331 -0.012038379 0.002200635 0.000549356 0.999997437 0.700084269
0.999994934 -0.001135020 -0.002933272 0.000438472 0.001132223 0.999998868 -0.000954859 -0.012682116 0.002934352 0.000951533 0.999995232 0.753415525
0.999992788 -0.001874351 -0.003294224 -0.000232849 0.001874637 0.999998152 0.000083866 -0.013898361 0.003294060 -0.000090041 0.999994516 0.805080295
0.999989450 -0.002624178 -0.003773779 -0.000576794 0.002625703 0.999996424 0.000399197 -0.015079881 0.003772719 -0.000409101 0.999992788 0.859245837
0.999989033 -0.001701764 -0.004359667 -0.001283254 0.001698888 0.999998331 -0.000663249 -0.015907360 0.004360789 0.000655836 0.999990284 0.910361111
0.999985397 -0.003165073 -0.004382429 -0.002343021 0.003157790 0.999993622 -0.001667762 -0.016849637 0.004387680 0.001653899 0.999988973 0.963768661
0.999987006 -0.000334554 -0.005082969 -0.002950552 0.000330283 0.999999583 -0.000841014 -0.018043175 0.005083248 0.000839325 0.999986708 1.014657497
0.999983907 -0.001080865 -0.005561087 -0.003677932 0.001078243 0.999999344 -0.000474342 -0.019673992 0.005561595 0.000468338 0.999984384 1.068361163
0.999975204 -0.001494147 -0.006881163 -0.004000837 0.001482542 0.999997497 -0.001691131 -0.020193463 0.006883674 0.001680888 0.999974847 1.120464206
0.999969542 -0.000624706 -0.007781038 -0.004371954 0.000618489 0.999999464 -0.000801342 -0.021037936 0.007781536 0.000796505 0.999969363 1.174999714
0.999961913 -0.002742753 -0.008279320 -0.005595102 0.002749130 0.999995947 0.000758965 -0.022145173 0.008277204 -0.000781697 0.999965370 1.224781275
0.999954998 -0.002302333 -0.009194302 -0.006207036 0.002305727 0.999997258 0.000358529 -0.022855002 0.009193452 -0.000379712 0.999957621 1.278321862
0.999944925 -0.003718298 -0.009816948 -0.006974490 0.003720301 0.999993086 0.000185738 -0.024055200 0.009816189 -0.000222249 0.999951839 1.329344869
0.999937296 -0.003313038 -0.010703247 -0.007816860 0.003310787 0.999994516 -0.000228029 -0.025504110 0.010703943 0.000192579 0.999942720 1.383279204
0.999932289 -0.003228908 -0.011180786 -0.009200290 0.003222072 0.999994636 -0.000629394 -0.026167817 0.011182759 0.000593326 0.999937236 1.433851123
0.999918342 -0.003994351 -0.012142411 -0.009434719 0.003987625 0.999991953 -0.000578117 -0.026798941 0.012144621 0.000529650 0.999926090 1.487141848
0.999915540 -0.003985304 -0.012371741 -0.011201603 0.003986559 0.999992073 0.000076819 -0.027821247 0.012371339 -0.000126133 0.999923468 1.538303852
0.999899566 -0.004660285 -0.013383524 -0.011938640 0.004664012 0.999989212 0.000247306 -0.028857620 0.013382225 -0.000309702 0.999910414 1.590119720
0.999905288 -0.004177854 -0.013107401 -0.013154172 0.004177438 0.999991238 -0.000059191 -0.029865144 0.013107532 0.000004430 0.999914110 1.643751979
0.999892175 -0.006381318 -0.013222189 -0.014174107 0.006385283 0.999979556 0.000257585 -0.030632868 0.013220276 -0.000341985 0.999912560 1.698193431
0.999891818 -0.005078542 -0.013803495 -0.014297152 0.005105270 0.999985158 0.001901890 -0.031639591 0.013793631 -0.001972155 0.999902844 1.748140216
0.999901891 -0.004102576 -0.013390603 -0.015611810 0.004135094 0.999988556 0.002401695 -0.032303303 0.013380595 -0.002456831 0.999907434 1.802589655
0.999897182 -0.004364498 -0.013662092 -0.016255291 0.004393221 0.999988198 0.002073130 -0.033438489 0.013652884 -0.002132938 0.999904454 1.856389046
0.999912679 -0.002740084 -0.012930439 -0.017812811 0.002765397 0.999994278 0.001940150 -0.033645626 0.012925049 -0.001975739 0.999914527 1.902689815
0.999920487 -0.000274501 -0.012614145 -0.018919436 0.000313401 0.999995172 0.003081898 -0.033749051 0.012613239 -0.003085606 0.999915719 1.957744360
0.999939442 -0.000154998 -0.011001967 -0.019382477 0.000231525 0.999975801 0.006954853 -0.035147812 0.011000622 -0.006956980 0.999915302 2.006210566
0.999958217 0.000671815 -0.009120638 -0.020267455 -0.000583798 0.999953330 0.009649581 -0.035404176 0.009126694 -0.009643853 0.999911845 2.060799837
0.999974132 0.001384767 -0.007060342 -0.021232681 -0.001294762 0.999918103 0.012736554 -0.035951238 0.007077401 -0.012727084 0.999893963 2.115719318
0.999983609 0.000340723 -0.005715370 -0.021812268 -0.000258468 0.999896467 0.014386551 -0.036326069 0.005719681 -0.014384838 0.999880195 2.161839008
0.999990284 -0.001351546 -0.004209704 -0.022490293 0.001405070 0.999917865 0.012737492 -0.036611348 0.004192143 -0.012743281 0.999909997 2.216723442
0.999994934 -0.000408459 -0.003141032 -0.022564020 0.000443155 0.999938786 0.011053089 -0.036659874 0.003136325 -0.011054423 0.999933958 2.264387608
0.999995828 -0.000297814 -0.002870628 -0.022697615 0.000328413 0.999943078 0.010664534 -0.037128907 0.002867289 -0.010665431 0.999939024 2.318303347
0.999995470 -0.000552933 -0.002991329 -0.022768874 0.000582496 0.999950886 0.009891156 -0.037075192 0.002985713 -0.009892853 0.999946594 2.367355585
0.999993265 -0.001950855 -0.003110562 -0.023761971 0.001977481 0.999961197 0.008579973 -0.037651472 0.003093703 -0.008586067 0.999958336 2.421895981
0.999985218 -0.001357372 -0.005256256 -0.023538994 0.001405702 0.999956608 0.009201836 -0.037951827 0.005243537 -0.009209087 0.999943733 2.469718933
0.999971867 -0.002381137 -0.007110573 -0.023705894 0.002454659 0.999943435 0.010349025 -0.038570564 0.007085529 -0.010366188 0.999921083 2.524770975
0.999965966 -0.001918703 -0.008019533 -0.024345638 0.002007030 0.999937236 0.011020552 -0.039015725 0.007997885 -0.011036271 0.999907136 2.570691347
0.999956369 -0.001293503 -0.009246752 -0.024809554 0.001395666 0.999937892 0.011050603 -0.039459370 0.009231885 -0.011063026 0.999896228 2.624753475
0.999953985 -0.000213824 -0.009591485 -0.025458774 0.000316736 0.999942362 0.010729281 -0.039814413 0.009588640 -0.010731825 0.999896407 2.672538519
0.999953270 -0.000957244 -0.009617539 -0.026204713 0.001054358 0.999948382 0.010097676 -0.040091068 0.009607376 -0.010107343 0.999902725 2.722660780
0.999944866 -0.002767618 -0.010134084 -0.027350022 0.002864284 0.999950349 0.009536684 -0.041011117 0.010107188 -0.009565183 0.999903202 2.775464773
0.999942780 -0.002617030 -0.010372230 -0.027635593 0.002727638 0.999939382 0.010664109 -0.041038286 0.010343694 -0.010691791 0.999889374 2.823282003
0.999940872 -0.002426554 -0.010595133 -0.028569395 0.002555040 0.999923110 0.012130243 -0.041402891 0.010564881 -0.012156595 0.999870420 2.873480082
0.999939501 -0.002041928 -0.010808622 -0.029489446 0.002153687 0.999944150 0.010338292 -0.041649699 0.010786909 -0.010360944 0.999888182 2.923840046
0.999940276 -0.000340174 -0.010922541 -0.030275876 0.000438518 0.999959350 0.009002579 -0.041943748 0.010919033 -0.009006830 0.999899805 2.973669529
0.999938309 0.001863402 -0.010951224 -0.031206856 -0.001762255 0.999955773 0.009238576 -0.042265818 0.010967954 -0.009218706 0.999897361 3.023626328
0.999933183 0.004051611 -0.010833569 -0.032395061 -0.003950691 0.999948740 0.009320703 -0.042543087 0.010870777 -0.009277279 0.999897897 3.077231407
0.999927580 0.005421250 -0.010743524 -0.032963872 -0.005315722 0.999937594 0.009826927 -0.043223038 0.010796127 -0.009769104 0.999894023 3.123344898
0.999927521 0.005662401 -0.010630589 -0.033276498 -0.005539153 0.999917626 0.011587488 -0.043884035 0.010695323 -0.011527763 0.999876320 3.177322388
0.999935269 0.007983360 -0.008119271 -0.034226321 -0.007891134 0.999904692 0.011328343 -0.043777950 0.008208937 -0.011263537 0.999902844 3.223350286
0.999964416 0.006553790 -0.005315754 -0.035125919 -0.006504920 0.999936879 0.009159539 -0.044562303 0.005375448 -0.009124633 0.999943912 3.277335167
0.999987781 0.004056969 -0.002818084 -0.035207082 -0.004045889 0.999984026 0.003926217 -0.044759475 0.002833966 -0.003914767 0.999988258 3.321993113
0.999992073 0.003786593 -0.001162068 -0.034438398 -0.003782598 0.999986947 0.003420180 -0.045571022 0.001175004 -0.003415757 0.999993443 3.377693176
0.999988079 0.004090990 0.002678858 -0.035623085 -0.004109936 0.999966323 0.007105675 -0.045971423 -0.002649699 -0.007116600 0.999971151 3.420882463
0.999982715 0.002835638 0.005164482 -0.035523422 -0.002883730 0.999952316 0.009328511 -0.047151282 -0.005137784 -0.009343242 0.999943137 3.473533630
0.999939859 0.004499251 0.009997378 -0.035358109 -0.004565235 0.999967813 0.006587109 -0.047000363 -0.009967420 -0.006632356 0.999928296 3.518579245
0.999901772 0.003689144 0.013520997 -0.035298578 -0.003729180 0.999988735 0.002936963 -0.047262371 -0.013510009 -0.002987098 0.999904215 3.571121693
0.999855816 0.002218132 0.016831743 -0.034245376 -0.002219577 0.999997556 0.000067193 -0.048409063 -0.016831551 -0.000104542 0.999858320 3.614841700
0.999799252 0.000850388 0.020017512 -0.033373512 -0.000842822 0.999999523 -0.000386418 -0.049354777 -0.020017834 0.000369469 0.999799550 3.666694403
0.999708891 0.001669773 0.024071058 -0.032368146 -0.001697828 0.999997914 0.001145110 -0.050363872 -0.024069095 -0.001185645 0.999709547 3.709503651
0.999600410 0.003007962 0.028108496 -0.031327799 -0.003054229 0.999994099 0.001603203 -0.051468942 -0.028103508 -0.001688412 0.999603570 3.760955334
0.999503613 0.002059645 0.031434596 -0.029958121 -0.002030660 0.999997497 -0.000953980 -0.051602356 -0.031436473 0.000889673 0.999505341 3.804815531
0.999385834 0.000339754 0.035038125 -0.028493568 -0.000285209 0.999998689 -0.001561703 -0.053373367 -0.035038605 0.001550751 0.999384701 3.856207848
0.999277234 0.001835788 0.037968341 -0.026945561 -0.001708726 0.999992847 -0.003378730 -0.053604178 -0.037974272 0.003311411 0.999273181 3.898551941
0.999168277 0.001103093 0.040763628 -0.024619803 -0.001019476 0.999997377 -0.002072016 -0.054662116 -0.040765803 0.002028735 0.999166608 3.950290203
0.999052942 -0.000081748 0.043511156 -0.022926286 0.000125099 0.999999464 -0.000993619 -0.055134594 -0.043511052 0.000998121 0.999052405 3.992339611
0.998944759 -0.000793412 0.045921780 -0.020574585 0.000757940 0.999999464 0.000789864 -0.056032941 -0.045922380 -0.000754224 0.998944640 4.044259071
0.998819411 -0.002280059 0.048523679 -0.018583864 0.002180691 0.999995410 0.002100672 -0.057033554 -0.048528239 -0.001992377 0.998819768 4.086384296
0.998678029 -0.003463385 0.051284734 -0.016568854 0.003470791 0.999993920 -0.000055338 -0.057848744 -0.051284224 0.000233264 0.998684049 4.137935638
0.998549044 -0.004482730 0.053661779 -0.014320329 0.004696586 0.999981523 -0.003859812 -0.058505617 -0.053643476 0.004106238 0.998551667 4.189700127
0.998460710 -0.003428275 0.055357516 -0.012089416 0.003810468 0.999969602 -0.006799980 -0.058924735 -0.055332530 0.007000451 0.998443484 4.225139618
0.998386383 -0.003677302 0.056667697 -0.008815914 0.004109595 0.999963343 -0.007513910 -0.060272232 -0.056638002 0.007734666 0.998364925 4.277356625
0.998342335 -0.003556357 0.057446871 -0.006981596 0.003973727 0.999966502 -0.007152705 -0.060889684 -0.057419512 0.007369125 0.998322904 4.319833755
0.998404682 -0.003497053 0.056355592 -0.003727943 0.003792860 0.999979615 -0.005142841 -0.061956361 -0.056336455 0.005348386 0.998397529 4.373045444
0.998467088 -0.004163845 0.055190887 -0.001507342 0.004365148 0.999984205 -0.003527344 -0.063416451 -0.055175327 0.003762854 0.998469532 4.426105499
0.998614490 -0.003653083 0.052496094 0.001899496 0.003809666 0.999988675 -0.002883011 -0.064243831 -0.052484963 0.003079008 0.998617053 4.479913235
0.998695016 -0.003361847 0.050960228 0.002532631 0.003494075 0.999990880 -0.002505874 -0.064695291 -0.050951336 0.002680663 0.998697460 4.511351109
0.998871207 -0.003013961 0.047405388 0.005178481 0.003138668 0.999991834 -0.002556431 -0.065802246 -0.047397293 0.002702335 0.998872459 4.566289902
0.999017835 -0.001339596 0.044289593 0.006186739 0.001467829 0.999994814 -0.002862931 -0.066625699 -0.044285532 0.002925128 0.999014616 4.607835770
0.999185979 -0.001547526 0.040311467 0.007912427 0.001649294 0.999995470 -0.002491408 -0.067648515 -0.040307436 0.002555865 0.999184072 4.661614895
0.999339700 -0.000596316 0.036329452 0.009438947 0.000655743 0.999998450 -0.001623886 -0.068325333 -0.036328424 0.001646636 0.999338567 4.704849243
0.999483466 -0.000038057 0.032137420 0.010825500 0.000050418 1.000000000 -0.000383798 -0.069573112 -0.032137401 0.000385220 0.999483407 4.758475780
0.999621987 -0.000255053 0.027491046 0.011930630 0.000260788 0.999999881 -0.000205013 -0.069993064 -0.027490988 0.000212105 0.999621987 4.801849365
0.999734342 0.000442147 0.023042098 0.012458079 -0.000425166 0.999999583 -0.000741845 -0.070167139 -0.023042416 0.000731851 0.999734163 4.856389523
0.999846339 0.001047221 0.017497061 0.013813339 -0.001046721 0.999999464 -0.000037706 -0.071663447 -0.017497091 0.000019386 0.999846935 4.899440765
0.999920189 0.001230387 0.012565931 0.014321651 -0.001222580 0.999999046 -0.000628943 -0.072418258 -0.012566691 0.000613530 0.999920845 4.953666210
0.999968052 0.002378711 0.007624697 0.014590966 -0.002369516 0.999996483 -0.001214701 -0.073391050 -0.007627558 0.001196595 0.999970198 5.009439468
0.999981582 0.004267173 0.004312380 0.013930393 -0.004261856 0.999990106 -0.001241575 -0.073825032 -0.004317635 0.001223173 0.999989927 5.047210217
0.999976099 0.006468166 0.002480181 0.013801073 -0.006463961 0.999977589 -0.001700049 -0.074174553 -0.002491122 0.001683977 0.999995470 5.103099823
0.999970973 0.007383018 0.001885395 0.013299400 -0.007379846 0.999971330 -0.001684544 -0.075654209 -0.001897778 0.001670581 0.999996781 5.157952785
0.999954998 0.009486376 -0.000013842 0.013573311 -0.009486386 0.999954343 -0.001143700 -0.076608501 0.000002991 0.001143779 0.999999344 5.196521759
0.999939859 0.010878638 -0.001424488 0.013979281 -0.010879267 0.999940634 -0.000433887 -0.077610105 0.001419684 0.000449358 0.999998868 5.251504421
0.999947488 0.010172618 -0.001255367 0.011798496 -0.010171547 0.999947965 0.000856335 -0.079295292 0.001264012 -0.000843521 0.999998868 5.324751854
0.999894142 0.014384070 -0.002192907 0.011788826 -0.014379974 0.999894857 0.001872639 -0.078877419 0.002219613 -0.001840907 0.999995828 5.346845627
0.999882340 0.015107413 -0.002682246 0.010552349 -0.015095513 0.999876440 0.004402706 -0.079017170 0.002748427 -0.004361698 0.999986708 5.402299881
0.999894917 0.014089125 -0.003409342 0.010964852 -0.014073075 0.999889910 0.004687048 -0.080133103 0.003475004 -0.004638575 0.999983191 5.447644234
0.999898195 0.013806964 -0.003591192 0.009957129 -0.013796635 0.999900579 0.002885606 -0.080467157 0.003630676 -0.002835766 0.999989390 5.504390717
0.999929607 0.011161949 -0.004007744 0.009209868 -0.011147249 0.999931097 0.003671522 -0.081054084 0.004048449 -0.003626589 0.999985218 5.559894562
0.999941587 0.009126428 -0.005790276 0.010097746 -0.009092055 0.999941051 0.005935150 -0.081750304 0.005844101 -0.005882158 0.999965549 5.598863602
0.999962449 0.006131098 -0.006129308 0.009761319 -0.006088115 0.999956846 0.007007033 -0.081694677 0.006172005 -0.006969453 0.999956608 5.654962063
0.999975264 0.003125827 -0.006292616 0.009164415 -0.003071084 0.999957502 0.008690475 -0.082696706 0.006319514 -0.008670934 0.999942422 5.700336933
0.999984086 -0.000936166 -0.005558042 0.008303221 0.000974592 0.999975622 0.006914943 -0.083185852 0.005551433 -0.006920249 0.999960601 5.757117271
0.999972105 -0.003007544 -0.006844034 0.009269625 0.003048671 0.999977291 0.006006790 -0.083742812 0.006825813 -0.006027486 0.999958515 5.813347816
0.999976397 -0.004132387 -0.005487244 0.007485215 0.004162230 0.999976456 0.005438274 -0.084006801 0.005464643 -0.005460985 0.999970138 5.853610039
0.999978125 -0.004253982 -0.005067261 0.006748781 0.004284021 0.999973178 0.005931979 -0.084987111 0.005041891 -0.005953558 0.999969542 5.910763264
0.999983013 -0.003541058 -0.004625109 0.006830616 0.003575790 0.999965191 0.007523024 -0.084852085 0.004598311 -0.007539434 0.999960959 5.966135502
0.999991536 -0.001532952 -0.003793036 0.005587019 0.001570382 0.999949872 0.009884866 -0.086108431 0.003777692 -0.009890738 0.999943852 6.003265381
0.999994814 -0.002051375 -0.002456889 0.004410923 0.002070739 0.999966562 0.007904807 -0.086227849 0.002440591 -0.007909851 0.999965668 6.058968544
0.999995172 -0.000972328 -0.002980025 0.004727829 0.000991210 0.999979377 0.006341144 -0.087213770 0.002973798 -0.006344067 0.999975383 6.115695953
0.999996006 -0.001712662 -0.002238366 0.004462884 0.001721461 0.999990761 0.003934741 -0.087826878 0.002231607 -0.003938579 0.999989688 6.153119087
0.999994755 -0.002806725 -0.001639063 0.003567775 0.002806649 0.999996066 -0.000048838 -0.088804327 0.001639195 0.000044238 0.999998629 6.210380554
0.999996543 -0.002401646 -0.001059251 0.003532240 0.002397781 0.999990463 -0.003635351 -0.089640498 0.001067972 0.003632799 0.999992847 6.266127586
0.999994576 -0.002919633 -0.001529651 0.003860634 0.002912663 0.999985456 -0.004539935 -0.090613551 0.001542884 0.004535455 0.999988437 6.299131393
0.999995291 -0.002834942 -0.001189530 0.002838837 0.002828892 0.999983191 -0.005057809 -0.091674283 0.001203849 0.005054421 0.999986470 6.356807232
0.999995887 -0.002693802 -0.000995510 0.002179651 0.002689470 0.999987006 -0.004327856 -0.092781916 0.001007155 0.004325160 0.999990106 6.412497997
0.999997199 -0.001786103 -0.001565802 0.002650104 0.001781650 0.999994397 -0.002840593 -0.093815058 0.001570867 0.002837795 0.999994755 6.445485115
0.999998033 -0.001358997 -0.001419761 0.001557390 0.001355652 0.999996424 -0.002353896 -0.094812304 0.001422954 0.002351967 0.999996245 6.501883030
0.999996901 -0.000897448 -0.002286103 0.001786083 0.000890965 0.999995589 -0.002835087 -0.095665731 0.002288637 0.002833042 0.999993384 6.542237282
0.999997437 0.000389237 -0.002214416 0.000691829 -0.000395043 0.999996424 -0.002621858 -0.096449211 0.002213388 0.002622727 0.999994159 6.597718239
0.999994338 -0.000329319 -0.003360710 0.000618981 0.000323028 0.999998212 -0.001872290 -0.097230159 0.003361320 0.001871193 0.999992669 6.653406620
0.999989569 -0.000066199 -0.004554805 0.000757463 0.000062157 0.999999583 -0.000887347 -0.098497793 0.004554861 0.000887055 0.999989152 6.684225082
0.999983430 -0.001321520 -0.005595809 0.000679620 0.001307361 0.999995947 -0.002533167 -0.099141292 0.005599134 0.002525810 0.999981046 6.740435123
0.999984086 0.000959120 -0.005556125 -0.000631772 -0.000977941 0.999993801 -0.003385760 -0.100260131 0.005552843 0.003391140 0.999978840 6.779293537
0.999978125 0.001576741 -0.006410183 -0.001050204 -0.001595152 0.999994636 -0.002868126 -0.101850569 0.006405626 0.002878289 0.999975383 6.835158825
0.999971151 0.000381575 -0.007580114 -0.001324829 -0.000414562 0.999990404 -0.004350673 -0.102485962 0.007578381 0.004353690 0.999961853 6.891767502
0.999969125 0.001476660 -0.007713338 -0.002465364 -0.001517030 0.999985158 -0.005230582 -0.103515908 0.007705500 0.005242122 0.999956548 6.921527863
0.999966204 0.001472877 -0.008080097 -0.003182858 -0.001507585 0.999989629 -0.004290989 -0.105062246 0.008073694 0.004303025 0.999958158 6.977839947
0.999959052 0.001208851 -0.008974906 -0.003899287 -0.001239130 0.999993563 -0.003368952 -0.105906963 0.008970777 0.003379935 0.999954045 7.017144680
0.999953568 0.002078530 -0.009418484 -0.004797433 -0.002103299 0.999994338 -0.002620707 -0.107153200 0.009412983 0.002640395 0.999952197 7.073761940
0.999939978 0.002255178 -0.010723728 -0.005050279 -0.002287025 0.999993026 -0.002958407 -0.107655160 0.010716978 0.002982754 0.999938130 7.112310886
0.999935389 0.003169766 -0.010930993 -0.006533735 -0.003199448 0.999991238 -0.002698953 -0.108677328 0.010922342 0.002733751 0.999936640 7.168052197
0.999922335 0.002662448 -0.012177307 -0.006773986 -0.002705326 0.999990225 -0.003506116 -0.110121369 0.012167852 0.003538787 0.999919713 7.225014210
0.999920189 0.003761917 -0.012073448 -0.007777862 -0.003806397 0.999986172 -0.003663277 -0.110771447 0.012059500 0.003708940 0.999920428 7.254987717
0.999920845 0.003744394 -0.012013027 -0.009340249 -0.003790281 0.999985635 -0.003799353 -0.111796714 0.011998626 0.003844585 0.999920666 7.310939312
0.999913871 0.003416979 -0.012674943 -0.009639569 -0.003472747 0.999984324 -0.004380426 -0.113012999 0.012659778 0.004424065 0.999910116 7.349031925
0.999916494 0.002471001 -0.012686182 -0.010630324 -0.002551289 0.999976814 -0.006316463 -0.113874301 0.012670279 0.006348302 0.999899566 7.405952930
0.999912500 -0.000928931 -0.013197567 -0.010832302 0.000850132 0.999981761 -0.005975073 -0.115014151 0.013202878 0.005963330 0.999895096 7.444742203
0.999910831 -0.001144038 -0.013307713 -0.011859946 0.001117000 0.999997318 -0.002038951 -0.116330080 0.013310009 0.002023903 0.999909401 7.500960827
0.999907017 -0.001622812 -0.013540875 -0.012477539 0.001655251 0.999995708 0.002384695 -0.116954878 0.013536948 -0.002406886 0.999905407 7.540009022
0.999909759 -0.000429170 -0.013425148 -0.014090031 0.000452204 0.999998391 0.001712771 -0.117975488 0.013424393 -0.001718688 0.999908328 7.595919609
0.999906540 0.001422878 -0.013597132 -0.014187448 -0.001445826 0.999997556 -0.001677973 -0.118447922 0.013594711 0.001697475 0.999906182 7.634470940
0.999901831 0.001673063 -0.013911059 -0.015491806 -0.001724615 0.999991655 -0.003694707 -0.119499318 0.013904762 0.003718336 0.999896467 7.692476749
0.999906361 0.001364807 -0.013610328 -0.016273975 -0.001401403 0.999995410 -0.002679651 -0.121323168 0.013606607 0.002698474 0.999903858 7.746944904
0.999912322 0.001197701 -0.013189431 -0.017493680 -0.001227623 0.999996722 -0.002260755 -0.122065611 0.013186678 0.002276748 0.999910533 7.804087639
0.999901175 0.001484368 -0.013976472 -0.017022289 -0.001478199 0.999998748 0.000451661 -0.122782461 0.013977128 -0.000430956 0.999902189 7.820208073
0.999913931 0.000207001 -0.013120381 -0.018305980 -0.000190732 0.999999225 0.001241241 -0.123406135 0.013120627 -0.001238631 0.999913216 7.875402927
0.999937832 0.001102494 -0.011100497 -0.020150937 -0.001093176 0.999999106 0.000845477 -0.125083506 0.011101421 -0.000833290 0.999938011 7.928713322
0.999946237 -0.000118825 -0.010369612 -0.018849030 0.000111884 0.999999762 -0.000669920 -0.125653580 0.010369690 0.000668724 0.999946058 7.957432747
0.999959469 -0.000348640 -0.009000923 -0.019936446 0.000326621 0.999997020 -0.002447584 -0.126657367 0.009001748 0.002444545 0.999956548 8.012202263
0.999970615 -0.001042483 -0.007597027 -0.020941745 0.001023716 0.999996364 -0.002473859 -0.128397912 0.007599577 0.002466009 0.999968112 8.066305161
0.999981701 -0.000302386 -0.006050173 -0.021486068 0.000289759 0.999997735 -0.002087739 -0.129557714 0.006050788 0.002085948 0.999979556 8.118716240
0.999983609 -0.001937036 -0.005386214 -0.020300131 0.001936596 0.999998093 -0.000086914 -0.129423738 0.005386371 0.000076482 0.999985456 8.139795303
0.999994814 -0.000168142 -0.003210192 -0.022194890 0.000168534 0.999999940 0.000121915 -0.130944908 0.003210171 -0.000122456 0.999994814 8.193021774
0.999993980 -0.000612082 -0.003408803 -0.020519506 0.000612871 0.999999702 0.000230472 -0.131054088 0.003408661 -0.000232560 0.999994159 8.230240822
0.999996543 -0.000495589 -0.002587230 -0.020753022 0.000496624 0.999999702 0.000399457 -0.131856650 0.002587032 -0.000400741 0.999996543 8.283123970
0.999997795 -0.000923510 -0.001889716 -0.020696275 0.000923285 0.999999523 -0.000119403 -0.132682770 0.001889826 0.000117658 0.999998152 8.337120056
0.999999523 -0.000437943 -0.000875499 -0.021195045 0.000438371 0.999999821 0.000489579 -0.134363830 0.000875285 -0.000489962 0.999999464 8.391783714
0.999999464 -0.000989913 0.000164325 -0.021664126 0.000989962 0.999999464 -0.000297327 -0.134674668 -0.000164030 0.000297489 0.999999881 8.443995476
0.999999166 -0.001092361 0.000702082 -0.021121435 0.001092405 0.999999404 -0.000062458 -0.134789646 -0.000702013 0.000063225 0.999999762 8.449904442
0.999999523 -0.000665310 0.000784182 -0.020490509 0.000664424 0.999999166 0.001130110 -0.136061579 -0.000784933 -0.001129588 0.999999106 8.502371788
0.999998331 -0.001421881 0.001085717 -0.021857204 0.001419502 0.999996603 0.002189517 -0.137002826 -0.001088826 -0.002187972 0.999997020 8.532318115
0.999998689 -0.001485441 0.000521187 -0.021952666 0.001484293 0.999996483 0.002197810 -0.137969449 -0.000524450 -0.002197033 0.999997437 8.581118584
0.999999881 -0.000405973 0.000096443 -0.022218319 0.000405827 0.999998748 0.001507517 -0.139420882 -0.000097055 -0.001507478 0.999998868 8.629920006
0.999999523 -0.000573508 -0.000801951 -0.022051975 0.000574082 0.999999523 0.000715610 -0.139665186 0.000801540 -0.000716070 0.999999344 8.653254509
0.999999583 -0.000310415 -0.000979709 -0.022797469 0.000310665 0.999999940 0.000254776 -0.140577018 0.000979629 -0.000255080 0.999999464 8.700831413
0.999995530 -0.001386209 -0.002637246 -0.022540797 0.001387225 0.999998987 0.000383450 -0.141147852 0.002636711 -0.000387108 0.999996424 8.731786728
0.999988973 -0.001599518 -0.004395402 -0.022968752 0.001605303 0.999997795 0.001312964 -0.142043486 0.004393292 -0.001320005 0.999989450 8.776551247
0.999977827 -0.002650332 -0.006106686 -0.023454597 0.002666703 0.999992847 0.002674076 -0.142331854 0.006099557 -0.002690302 0.999977767 8.807382584
0.999963582 -0.002775210 -0.008061396 -0.024205580 0.002807758 0.999987900 0.004028989 -0.143002823 0.008050116 -0.004051477 0.999959409 8.853493690
0.999950349 -0.001763135 -0.009808742 -0.025071204 0.001808577 0.999987662 0.004625804 -0.144241527 0.009800467 -0.004643315 0.999941170 8.897527695
0.999910712 -0.001857358 -0.013230671 -0.025180869 0.001915456 0.999988556 0.004379841 -0.144618720 0.013222383 -0.004404793 0.999902904 8.917323112
0.999868333 -0.001826992 -0.016123468 -0.026265763 0.001892811 0.999989927 0.004067915 -0.144896001 0.016115872 -0.004097898 0.999861836 8.960711479
0.999814689 -0.001636688 -0.019178944 -0.027139455 0.001733945 0.999985814 0.005055534 -0.145995602 0.019170400 -0.005087853 0.999803305 9.001746178
0.999746203 -0.000985859 -0.022505859 -0.027260274 0.001086300 0.999989629 0.004451077 -0.146389514 0.022501232 -0.004474396 0.999736786 9.021334648
0.999677658 -0.000856263 -0.025371939 -0.028585076 0.000955339 0.999991953 0.003893069 -0.146978110 0.025368398 -0.003916052 0.999670506 9.061528206
0.999585927 -0.001264406 -0.028746184 -0.029237553 0.001349099 0.999994934 0.002927058 -0.147450492 0.028742328 -0.002964629 0.999582469 9.086373329
0.999490499 -0.000416905 -0.031917937 -0.030861616 0.000520971 0.999994576 0.003252194 -0.148500949 0.031916402 -0.003267165 0.999485195 9.124227524
0.999389470 0.000292435 -0.034937307 -0.031660408 -0.000216619 0.999997616 0.002173826 -0.148697093 0.034937862 -0.002164932 0.999387145 9.147894859
0.999300539 0.002031561 -0.037341136 -0.033142209 -0.001974765 0.999996901 0.001557817 -0.149256542 0.037344187 -0.001482988 0.999301434 9.184523582
0.999262571 0.002514124 -0.038313046 -0.034156740 -0.002424879 0.999994159 0.002375642 -0.149800807 0.038318794 -0.002280987 0.999262929 9.206688881
0.999253392 0.002276444 -0.038568109 -0.035299242 -0.002135551 0.999990880 0.003693879 -0.150661245 0.038576163 -0.003608758 0.999249101 9.241481781
0.999294579 0.002696694 -0.037458077 -0.036629617 -0.002543998 0.999988377 0.004123505 -0.150910497 0.037468757 -0.004025304 0.999289632 9.262763023
0.999292672 0.001868146 -0.037560370 -0.037994236 -0.001743161 0.999992788 0.003360046 -0.151486591 0.037566379 -0.003292195 0.999288678 9.295410156
0.999309957 0.002820692 -0.037035372 -0.038695812 -0.002756056 0.999994576 0.001796188 -0.151989877 0.037040237 -0.001692876 0.999312282 9.316333771
0.999321640 0.003105289 -0.036695302 -0.039622754 -0.003113673 0.999995053 -0.000171316 -0.152536690 0.036694586 0.000285457 0.999326468 9.348814011
0.999365628 0.003534538 -0.035436869 -0.041042894 -0.003598510 0.999991953 -0.001741641 -0.153227642 0.035430420 0.001868057 0.999370396 9.381130219
0.999426246 0.003399033 -0.033699833 -0.041645437 -0.003476878 0.999991417 -0.002251645 -0.153504699 0.033691883 0.002367523 0.999429464 9.396052361
0.999471605 0.003546860 -0.032312162 -0.042345494 -0.003631290 0.999990165 -0.002554646 -0.153895095 0.032302778 0.002670631 0.999474585 9.427873611
0.999542713 0.003008713 -0.030088523 -0.043556973 -0.003082234 0.999992371 -0.002397412 -0.154686451 0.030081080 0.002489056 0.999544382 9.448336601
0.999604166 0.003338365 -0.027935438 -0.044801012 -0.003412764 0.999990880 -0.002616005 -0.155366674 0.027926445 0.002710306 0.999606371 9.480235100
0.999655843 0.002776433 -0.026088595 -0.045386672 -0.002860037 0.999990880 -0.003167892 -0.155837730 0.026079562 0.003241416 0.999654651 9.511560440
0.999726653 0.002270930 -0.023266099 -0.045786083 -0.002323660 0.999994814 -0.002239639 -0.156513959 0.023260893 0.002293089 0.999726772 9.525731087
0.999798596 0.001493385 -0.020014716 -0.046620324 -0.001525597 0.999997556 -0.001594228 -0.157055676 0.020012287 0.001624441 0.999798417 9.556566238
0.999850512 0.000623757 -0.017273534 -0.047091655 -0.000652595 0.999998450 -0.001663941 -0.157535434 0.017272471 0.001674966 0.999849319 9.587685585
0.999902487 0.000547023 -0.013948074 -0.047495417 -0.000566075 0.999998927 -0.001362052 -0.157986000 0.013947316 0.001369815 0.999901772 9.601961136
0.999935091 -0.000024980 -0.011392297 -0.047559712 0.000001797 0.999997973 -0.002034948 -0.158325061 0.011392325 0.002034795 0.999933064 9.632690430
0.999970078 -0.000239433 -0.007719485 -0.048176602 0.000224166 0.999998033 -0.001978543 -0.159005672 0.007719943 0.001976753 0.999968231 9.652266502
0.999987841 0.000993779 -0.004815997 -0.048327897 -0.001004162 0.999997199 -0.002153824 -0.160048991 0.004813842 0.002158634 0.999986053 9.683073044
0.999997675 0.000639336 -0.002072136 -0.048596483 -0.000646044 0.999994516 -0.003237857 -0.160222068 0.002070054 0.003239188 0.999992609 9.713341713
0.999999344 0.000855597 0.000762432 -0.048558939 -0.000853782 0.999996960 -0.002377819 -0.160541162 -0.000764463 0.002377166 0.999996901 9.727954865
0.999993026 0.001038037 0.003564020 -0.048846785 -0.001031075 0.999997556 -0.001954646 -0.161032662 -0.003566040 0.001950957 0.999991775 9.758914948
0.999983191 0.001198756 0.005694495 -0.048457827 -0.001187202 0.999997258 -0.002032075 -0.161452577 -0.005696916 0.002025280 0.999981761 9.779408455
0.999969602 0.001190027 0.007698434 -0.048449881 -0.001160147 0.999991775 -0.003884680 -0.161944777 -0.007702995 0.003875630 0.999962807 9.810571671
0.999955356 0.001232690 0.009363785 -0.048185185 -0.001175273 0.999980509 -0.006134819 -0.162486583 -0.009371166 0.006123541 0.999937236 9.830610275
0.999945760 0.000752532 0.010382519 -0.048164479 -0.000667733 0.999966443 -0.008168461 -0.163069844 -0.010388318 0.008161085 0.999912739 9.862665176
0.999946654 0.000175165 0.010324083 -0.047719941 -0.000090667 0.999966502 -0.008184452 -0.163555652 -0.010325172 0.008183080 0.999913156 9.882969856
0.999944866 -0.002025603 0.010299376 -0.047444180 0.002112602 0.999962032 -0.008443192 -0.164440095 -0.010281884 0.008464485 0.999911249 9.916149139
0.999943972 0.000980831 0.010534076 -0.047521561 -0.000884901 0.999958158 -0.009107379 -0.164715067 -0.010542568 0.009097549 0.999902964 9.934994698
0.999952078 -0.000121261 0.009789822 -0.046159357 0.000208522 0.999960244 -0.008912883 -0.165748462 -0.009788351 0.008914498 0.999912262 9.971048355
0.999938369 0.000505868 0.011087527 -0.047145471 -0.000376731 0.999932230 -0.011646025 -0.165862635 -0.011092667 0.011641134 0.999870718 9.987721443
0.999920845 -0.004593737 0.011720351 -0.047142163 0.004746751 0.999903381 -0.013061132 -0.167250514 -0.011659221 0.013115731 0.999846041 10.034639359
0.999904633 -0.006441114 0.012213712 -0.046551481 0.006617048 0.999874115 -0.014419465 -0.167343318 -0.012119297 0.014498911 0.999821424 10.040997505
0.999910295 -0.004554627 0.012590251 -0.046113968 0.004688564 0.999932587 -0.010629258 -0.168245286 -0.012540989 0.010687337 0.999864221 10.075335503
0.999911547 -0.000032438 0.013297794 -0.046380118 0.000093383 0.999989450 -0.004582480 -0.168353438 -0.013297507 0.004583316 0.999901056 10.095825195
0.999901891 -0.000825096 0.013982072 -0.045977890 0.000843228 0.999998808 -0.001290955 -0.169088215 -0.013980989 0.001302618 0.999901414 10.130794525
0.999863088 -0.001914599 0.016434155 -0.045086756 0.001968199 0.999992788 -0.003245873 -0.169906199 -0.016427824 0.003277774 0.999859631 10.166013718
0.999798536 -0.001770890 0.019990517 -0.044423521 0.001944300 0.999960661 -0.008658501 -0.171066523 -0.019974399 0.008695625 0.999762595 10.200807571
0.999696612 0.000784789 0.024623848 -0.044786394 -0.000464542 0.999915302 -0.013008625 -0.170572117 -0.024631977 0.012993240 0.999612033 10.206949234
0.999610901 0.002419763 0.027787961 -0.044035941 -0.002078650 0.999922276 -0.012297920 -0.171589434 -0.027815558 0.012235375 0.999538124 10.243309975
0.999528766 0.000491219 0.030693106 -0.042025357 -0.000177915 0.999947846 -0.010209561 -0.172538698 -0.030696519 0.010199290 0.999476671 10.280019760
0.999424458 -0.001046104 0.033907153 -0.042147219 0.001317124 0.999967337 -0.007971640 -0.172125533 -0.033897705 0.008011711 0.999393225 10.293437004
0.999335349 -0.004099250 0.036222897 -0.040020436 0.004344860 0.999967992 -0.006704414 -0.172873765 -0.036194257 0.006857340 0.999321282 10.330447197
0.999211192 -0.002509397 0.039631650 -0.039667159 0.002732695 0.999980628 -0.005581186 -0.174001247 -0.039616879 0.005685083 0.999198735 10.366930008
0.999073923 -0.001309429 0.043007698 -0.039574295 0.001641344 0.999969125 -0.007683172 -0.174349263 -0.042996302 0.007746648 0.999045193 10.380801201
0.999020338 -0.000736921 0.044245400 -0.037622243 0.001175981 0.999950290 -0.009898081 -0.175016582 -0.044235907 0.009940417 0.998971641 10.417182922
0.998835981 0.000556692 0.048234645 -0.037363470 -0.000071488 0.999949396 -0.010060395 -0.175530776 -0.048237808 0.010045236 0.998785377 10.455362320
0.998713553 0.001872230 0.050674673 -0.035664022 -0.001429590 0.999960542 -0.008769772 -0.175701618 -0.050689105 0.008686045 0.998676717 10.469253540
0.998522878 0.002745183 0.054263927 -0.034880757 -0.002401869 0.999976695 -0.006390951 -0.177157640 -0.054280207 0.006251176 0.998506248 10.506665230
0.998397470 0.003310570 0.056491908 -0.032255709 -0.002930302 0.999972463 -0.006812889 -0.177888006 -0.056512907 0.006636432 0.998379827 10.544024467
0.998212934 0.004530365 0.059586067 -0.031431973 -0.004057242 0.999959230 -0.008058755 -0.177491575 -0.059620157 0.007802597 0.998190641 10.557394028
0.998109460 0.003952252 0.061334662 -0.028170168 -0.003379076 0.999949694 -0.009445983 -0.177498579 -0.061368909 0.009220871 0.998072565 10.595746040
0.997929037 -0.000276146 0.064322382 -0.027943850 0.000782737 0.999968886 -0.007850761 -0.178862393 -0.064318195 0.007884850 0.997898281 10.616147995
0.997901678 -0.001305798 0.064732984 -0.025348008 0.001820459 0.999967217 -0.007892168 -0.179750055 -0.064720534 0.007993453 0.997871339 10.653828621
0.997826338 -0.001357591 0.065884285 -0.023714125 0.001909719 0.999963582 -0.008318012 -0.180335492 -0.065870583 0.008425753 0.997792542 10.691665649
0.997804582 -0.002400075 0.066183053 -0.022432387 0.002923454 0.999965191 -0.007812335 -0.181052327 -0.066161990 0.007988667 0.997776866 10.704795837
0.997809172 -0.001892182 0.066131093 -0.020284057 0.002363811 0.999972284 -0.007054218 -0.182160452 -0.066115908 0.007195084 0.997785985 10.743083954
0.997849703 -0.001290498 0.065530859 -0.018828332 0.001738595 0.999975502 -0.006781386 -0.182462439 -0.065520495 0.006880736 0.997827470 10.764331818
0.997964144 -0.001821748 0.063752860 -0.016242862 0.002297859 0.999970019 -0.007395537 -0.183585733 -0.063737467 0.007526974 0.997938335 10.802489281
0.998049676 -0.001810572 0.062398139 -0.015249968 0.002338871 0.999962032 -0.008394575 -0.184008554 -0.062380571 0.008524142 0.998016000 10.823501587
0.998139203 -0.000296889 0.060975447 -0.013490081 0.000883015 0.999953687 -0.009585766 -0.184581950 -0.060969777 0.009621771 0.998093188 10.861108780
0.998220384 0.002197759 0.059590138 -0.011068821 -0.001571803 0.999943137 -0.010549205 -0.185292706 -0.059609938 0.010436768 0.998167157 10.899750710
0.998322129 0.001907949 0.057873841 -0.010554969 -0.001334204 0.999949753 -0.009950744 -0.186170071 -0.057889905 0.009856832 0.998274326 10.912355423
0.998451889 0.002882275 0.055546742 -0.008969903 -0.002382323 0.999956131 -0.009064689 -0.187238127 -0.055570427 0.008918326 0.998414874 10.948472977
0.998626471 0.002377043 0.052340604 -0.007085800 -0.001979001 0.999968827 -0.007655348 -0.188257739 -0.052357167 0.007541251 0.998599946 10.987480164
0.998810828 0.000967475 0.048743177 -0.006558955 -0.000687923 0.999983251 -0.005751654 -0.188302040 -0.048747927 0.005711283 0.998794794 11.000601768
0.999032855 -0.000690336 0.043964177 -0.005246341 0.000830000 0.999994755 -0.003158587 -0.189950213 -0.043961767 0.003192023 0.999028146 11.037610054
0.999243379 -0.000771113 0.038884699 -0.003927708 0.000872736 0.999996185 -0.002596540 -0.190120906 -0.038882554 0.002628512 0.999240339 11.074978828
0.999404848 -0.000742155 0.034486417 -0.003713876 0.000812014 0.999997616 -0.002011700 -0.190356478 -0.034484837 0.002038506 0.999403119 11.087026596
0.999551773 -0.002152566 0.029860415 -0.002999306 0.002194056 0.999996662 -0.001356768 -0.191267937 -0.029857395 0.001421675 0.999553144 11.122788429
0.999677718 -0.002536889 0.025262551 -0.001059532 0.002579747 0.999995232 -0.001664048 -0.192509770 -0.025258215 0.001728683 0.999679446 11.181871414
0.999768078 -0.002649252 0.021371974 -0.002448082 0.002681070 0.999995351 -0.001460289 -0.192401245 -0.021368010 0.001517250 0.999770463 11.169674873
0.999840796 -0.002904004 0.017602423 -0.002523705 0.002925414 0.999995053 -0.001190653 -0.193409428 -0.017598875 0.001241958 0.999844253 11.202367783
0.999911249 -0.002094937 0.013151573 -0.001840010 0.002123498 0.999995410 -0.002158171 -0.193439722 -0.013146990 0.002185907 0.999911129 11.236836433
0.999946237 -0.002574125 0.010033951 -0.002179407 0.002590660 0.999995291 -0.001635251 -0.194060132 -0.010029695 0.001661158 0.999948323 11.246054649
0.999976933 -0.003224667 0.005964420 -0.002029426 0.003241822 0.999990642 -0.002868755 -0.194652796 -0.005955115 0.002888025 0.999978065 11.276521683
0.999997199 -0.001946525 0.001337213 -0.002832623 0.001951626 0.999990642 -0.003824283 -0.195762709 -0.001329757 0.003826882 0.999991775 11.306694984
