0.999990284 0.003337318 0.002842427 0.002035793 -0.003338685 0.999994218 0.000476392 0.003319321 -0.002840820 -0.000485877 0.999995828 0.075963430
0.999972105 0.003918087 0.006357108 0.000833411 -0.003894412 0.999985397 -0.003732232 0.006120514 -0.006371639 0.003707371 0.999972880 0.134869933
0.999984622 0.002812347 0.004765244 0.003684292 -0.002808850 0.999995768 -0.000740404 0.002973875 -0.004767306 0.000727008 0.999988317 0.187413558
0.999989033 0.001691982 0.004351232 0.004788653 -0.001687877 0.999998033 -0.000946841 0.001779712 -0.004352826 0.000939487 0.999990106 0.239234850
0.999991834 -0.000138290 0.004037553 0.005260226 0.000146725 0.999997854 -0.002088844 0.000941560 -0.004037254 0.002089420 0.999989629 0.289888620
0.999981582 0.000166098 0.006078249 0.004824905 -0.000144447 0.999993622 -0.003562289 -0.000247924 -0.006078802 0.003561344 0.999975145 0.339944631
0.999969184 -0.000063592 0.007863154 0.004552108 0.000088649 0.999994934 -0.003186376 -0.001768590 -0.007862913 0.003186975 0.999963939 0.391171515
0.999965012 0.000210713 0.008353849 0.005148965 -0.000196030 0.999998391 -0.001758425 -0.002915294 -0.008354206 0.001756726 0.999963582 0.443064719
0.999953926 -0.000881026 0.009562096 0.002731697 0.000874262 0.999999404 0.000711507 -0.005704428 -0.009562718 -0.000703114 0.999953985 0.491901100
0.999971032 -0.001756218 0.007412400 0.002552499 0.001754344 0.999998391 0.000259341 -0.006486365 -0.007412843 -0.000246330 0.999972522 0.546489418
0.999993861 -0.002342574 0.002586327 0.004853850 0.002344025 0.999997079 -0.000558435 -0.007753083 -0.002585011 0.000564494 0.999996424 0.595112860
0.999997139 -0.001970137 0.001362341 0.004419746 0.001970844 0.999997973 -0.000518208 -0.008921678 -0.001361317 0.000520891 0.999998868 0.649352968
0.999999225 -0.000939085 -0.000875173 0.005125501 0.000938954 0.999999523 -0.000150228 -0.010872155 0.000875314 0.000149406 0.999999642 0.705025792
0.999998271 -0.000991071 -0.001600573 0.005124148 0.000990453 0.999999344 -0.000386844 -0.011687190 0.001600955 0.000385258 0.999998689 0.758870065
0.999996781 -0.002147051 -0.001325060 0.003540364 0.002149069 0.999996543 0.001524341 -0.014220884 0.001321782 -0.001527184 0.999997973 0.812896967
0.999995053 -0.002634163 -0.001679611 0.003114401 0.002636504 0.999995470 0.001393336 -0.015012613 0.001675933 -0.001397757 0.999997616 0.867673993
0.999992907 -0.002397014 -0.002891369 0.002517701 0.002400776 0.999996245 0.001298393 -0.017236946 0.002888246 -0.001305325 0.999994934 0.920841515
0.999988019 -0.003832375 -0.003049463 0.001425708 0.003833786 0.999992490 0.000456931 -0.018127663 0.003047688 -0.000468617 0.999995232 0.974606276
0.999986351 -0.002138017 -0.004765008 0.001405460 0.002158434 0.999988437 0.004283742 -0.023263058 0.004755795 -0.004293968 0.999979436 1.023616314
0.999977946 -0.003087217 -0.005884035 0.001173832 0.003114941 0.999984026 0.004708463 -0.024520578 0.005869405 -0.004726687 0.999971628 1.078118682
0.999981821 -0.000939246 -0.005956007 -0.000519170 0.000936649 0.999999464 -0.000438830 -0.021150013 0.005956416 0.000433243 0.999982119 1.137791038
0.999974370 -0.000036240 -0.007163974 -0.000670781 0.000036418 0.999999940 0.000024699 -0.021676324 0.007163974 -0.000024960 0.999974310 1.193280220
0.999970078 -0.002100421 -0.007449591 -0.002452076 0.002115594 0.999995649 0.002029435 -0.023067053 0.007445296 -0.002045134 0.999970138 1.243572474
0.999965906 -0.001046924 -0.008195226 -0.003135108 0.001061779 0.999997735 0.001808425 -0.023688573 0.008193315 -0.001817065 0.999964714 1.297953367
0.999953032 -0.003281644 -0.009119204 -0.003706812 0.003294463 0.999993622 0.001391020 -0.024862455 0.009114581 -0.001420997 0.999957442 1.350255370
0.999942601 -0.003208565 -0.010215932 -0.004308483 0.003218740 0.999994397 0.000979814 -0.026063528 0.010212732 -0.001012640 0.999947309 1.404519796
0.999937713 -0.003355073 -0.010643772 -0.005793544 0.003365251 0.999993861 0.000938549 -0.026994657 0.010640560 -0.000974309 0.999942899 1.456403494
0.999925911 -0.004043334 -0.011481582 -0.005976696 0.004055064 0.999991238 0.000998521 -0.027375635 0.011477445 -0.001045005 0.999933600 1.509789586
0.999914646 -0.003690745 -0.012536292 -0.007280882 0.003705748 0.999992490 0.001173720 -0.028442247 0.012531867 -0.001220076 0.999920726 1.563190460
0.999899805 -0.004425972 -0.013449935 -0.008036254 0.004444913 0.999989212 0.001378778 -0.029444508 0.013443687 -0.001438423 0.999908626 1.615692019
0.999899983 -0.005046849 -0.013209723 -0.009292358 0.005068303 0.999985933 0.001591136 -0.030702567 0.013201505 -0.001657928 0.999911487 1.670171022
0.999897301 -0.006455043 -0.012799461 -0.010771525 0.006478177 0.999977469 0.001766802 -0.031086002 0.012787768 -0.001849538 0.999916494 1.724669576
0.999894202 -0.005798731 -0.013339312 -0.011197966 0.005847572 0.999976218 0.003625331 -0.032349493 0.013317974 -0.003702949 0.999904394 1.776801109
0.999899089 -0.005179237 -0.013228819 -0.012147997 0.005238847 0.999976218 0.004475453 -0.033304438 0.013205325 -0.004544306 0.999902427 1.831427217
0.999900639 -0.004914307 -0.013210388 -0.012933824 0.004967421 0.999979615 0.003990903 -0.034096669 0.013190509 -0.004056127 0.999904752 1.886046410
0.999905884 -0.003662603 -0.013225584 -0.014044682 0.003712123 0.999986231 0.003721621 -0.034237936 0.013211773 -0.003770366 0.999905646 1.935616136
0.999915540 -0.000427732 -0.012990996 -0.014681450 0.000493584 0.999987066 0.005066318 -0.034384437 0.012988660 -0.005072302 0.999902785 1.991361976
0.999938250 -0.001063405 -0.011063259 -0.016049063 0.001155565 0.999964654 0.008327223 -0.035199285 0.011054015 -0.008339494 0.999904037 2.042572021
0.999961436 -0.000008394 -0.008776055 -0.017152624 0.000106357 0.999937773 0.011162129 -0.035433080 0.008775417 -0.011162632 0.999899209 2.098095179
0.999974787 0.000615926 -0.007076079 -0.017966524 -0.000515442 0.999899149 0.014193583 -0.035803862 0.007084109 -0.014189579 0.999874175 2.153165579
0.999984264 -0.000491609 -0.005593569 -0.019035578 0.000581918 0.999869287 0.016155114 -0.036265403 0.005584897 -0.016158117 0.999853849 2.203226328
0.999989569 -0.002127012 -0.004021325 -0.019533588 0.002184442 0.999895036 0.014331361 -0.036095403 0.003990420 -0.014339998 0.999889195 2.256565809
0.999994814 -0.001311533 -0.002944341 -0.019928603 0.001349068 0.999917448 0.012782451 -0.036321975 0.002927333 -0.012786357 0.999913931 2.311915636
0.999996781 -0.001142122 -0.002265000 -0.020259529 0.001170234 0.999921799 0.012449513 -0.036716793 0.002250604 -0.012452124 0.999919951 2.363301754
0.999996424 -0.001639691 -0.002112021 -0.020649515 0.001664908 0.999926627 0.011993656 -0.037042174 0.002092200 -0.011997126 0.999925911 2.417930126
0.999990582 -0.002857502 -0.003278517 -0.020635998 0.002892721 0.999937654 0.010788456 -0.037454225 0.003247485 -0.010797837 0.999936461 2.469691038
0.999981642 -0.003176418 -0.005157880 -0.021310497 0.003238714 0.999921381 0.012114899 -0.038627975 0.005118992 -0.012131381 0.999913394 2.524689674
0.999975920 -0.002846806 -0.006345972 -0.021609426 0.002925677 0.999918222 0.012453933 -0.038126148 0.006309999 -0.012472197 0.999902248 2.577050447
0.999961257 -0.003476620 -0.008090786 -0.021994576 0.003584122 0.999905050 0.013310566 -0.038835570 0.008043741 -0.013339046 0.999878705 2.631855726
0.999961257 -0.001436059 -0.008686331 -0.022588577 0.001539815 0.999927402 0.011949762 -0.038213309 0.008668537 -0.011962673 0.999890864 2.684129238
0.999952674 -0.001385532 -0.009626778 -0.023290720 0.001499970 0.999928236 0.011890491 -0.038545851 0.009609611 -0.011904369 0.999882996 2.739704609
0.999957323 -0.001572461 -0.009098798 -0.024279697 0.001673554 0.999936879 0.011113700 -0.038583752 0.009080750 -0.011128456 0.999896765 2.790113449
0.999948859 -0.002767493 -0.009731691 -0.024809532 0.002862666 0.999948084 0.009779288 -0.038671762 0.009704120 -0.009806649 0.999904811 2.846008301
0.999945283 -0.002810951 -0.010080524 -0.025596041 0.002920983 0.999936163 0.010917326 -0.038955279 0.010049193 -0.010946174 0.999889612 2.895794630
0.999941349 -0.002958483 -0.010423959 -0.027121194 0.003089757 0.999915898 0.012599965 -0.039379504 0.010385805 -0.012631431 0.999866307 2.950239182
0.999949753 -0.002658189 -0.009663205 -0.029279698 0.002763504 0.999936759 0.010901567 -0.039858136 0.009633614 -0.010927725 0.999893904 3.006210804
0.999945879 -0.000494611 -0.010386552 -0.028418668 0.000594677 0.999953389 0.009633312 -0.040152222 0.010381302 -0.009638968 0.999899626 3.053737879
0.999945045 0.002270421 -0.010231292 -0.030113284 -0.002174224 0.999953389 0.009403563 -0.039665721 0.010252166 -0.009380802 0.999903381 3.108098984
0.999934852 0.003238957 -0.010944501 -0.029954707 -0.003122378 0.999938369 0.010652139 -0.041279614 0.010978328 -0.010617271 0.999883294 3.166431904
0.999939203 0.004870081 -0.009891394 -0.031801157 -0.004765389 0.999932587 0.010580271 -0.041324884 0.009942253 -0.010532490 0.999895036 3.209481716
0.999942005 0.004500585 -0.009781065 -0.032586005 -0.004375979 0.999909341 0.012723873 -0.042628195 0.009837444 -0.012680331 0.999871194 3.263546705
0.999952078 0.006479510 -0.007342087 -0.033776794 -0.006386439 0.999899805 0.012629705 -0.042506199 0.007423186 -0.012582210 0.999893248 3.319936991
0.999971867 0.005814602 -0.004731092 -0.033453237 -0.005768464 0.999936283 0.009707621 -0.042383455 0.004787238 -0.009680059 0.999941587 3.364895821
0.999991536 0.003164493 -0.002628617 -0.033560742 -0.003152094 0.999984026 0.004707410 -0.043026347 0.002643471 -0.004699086 0.999985397 3.419706345
0.999992609 0.002427162 -0.002984210 -0.030279782 -0.002411801 0.999983907 0.005140421 -0.043670077 0.002996638 -0.005133187 0.999982297 3.473440886
0.996082664 0.011492068 -0.087676905 0.043782800 -0.012795345 0.999815643 -0.014317023 -0.028091628 0.087496214 0.015382794 0.996046126 3.742376328
0.996403456 0.011658167 -0.083930254 0.038509727 -0.012809844 0.999830902 -0.013196387 -0.029814757 0.083762221 0.014224058 0.996384263 3.794916868
0.996688306 0.010659601 -0.080615357 0.034026861 -0.011851497 0.999827206 -0.014320953 -0.031793945 0.080448784 0.015228937 0.996642411 3.849450827
0.999897897 0.003385942 0.013884847 -0.031714842 -0.003438182 0.999987185 0.003740272 -0.045580093 -0.013872003 -0.003787628 0.999896646 3.655716419
0.999853671 0.001344415 0.017054630 -0.030325793 -0.001354950 0.999998808 0.000606219 -0.046624802 -0.017053796 -0.000629238 0.999854445 3.708504915
0.999781072 0.001223269 0.020887289 -0.030271582 -0.001212201 0.999999106 -0.000542521 -0.046988722 -0.020887936 0.000517083 0.999781728 3.749120951
0.999706566 0.001508056 0.024176795 -0.028762408 -0.001528497 0.999998510 0.000827013 -0.047809120 -0.024175514 -0.000863725 0.999707341 3.802173376
0.999597490 0.001840020 0.028308390 -0.028127559 -0.001886033 0.999996901 0.001598777 -0.048462871 -0.028305363 -0.001651524 0.999597907 3.842139006
0.999489248 0.001300175 0.031928826 -0.026685365 -0.001274336 0.999998808 -0.000829636 -0.049244564 -0.031929865 0.000788524 0.999489844 3.895376921
0.999362767 0.001603183 0.035657533 -0.025646180 -0.001503666 0.999994874 -0.002817578 -0.050228864 -0.035661872 0.002762166 0.999360085 3.949181795
0.999261320 0.001157468 0.038412962 -0.023710981 -0.001036302 0.999994397 -0.003174060 -0.051186681 -0.038416423 0.003131908 0.999256909 3.979949951
0.999155879 -0.000208983 0.041080192 -0.021685436 0.000291016 0.999997973 -0.001990936 -0.051963538 -0.041079693 0.002001210 0.999153852 4.026159286
0.999033332 -0.000165986 0.043958813 -0.019592047 0.000195191 0.999999702 -0.000660086 -0.052828386 -0.043958694 0.000668028 0.999033153 4.078841686
0.998898685 -0.001310100 0.046901565 -0.018083245 0.001257256 0.999998510 0.001156204 -0.053486884 -0.046903014 -0.001095964 0.998898864 4.117814064
0.998776495 -0.002341716 0.049397442 -0.015991420 0.002221927 0.999994516 0.002479778 -0.054520048 -0.049402982 -0.002366986 0.998776138 4.169892311
0.998650849 -0.004121663 0.051764272 -0.013795465 0.004132506 0.999991477 -0.000102447 -0.054954596 -0.051763404 0.000316225 0.998659313 4.209393978
0.998545587 -0.005237035 0.053659566 -0.010865584 0.005439811 0.999978662 -0.003633607 -0.055906396 -0.053639390 0.003920221 0.998552680 4.261600018
0.998423934 -0.004543958 0.055938169 -0.008785337 0.004895153 0.999969125 -0.006142830 -0.056906365 -0.055908523 0.006406975 0.998415291 4.300518990
0.998334289 -0.004578853 0.057513066 -0.006171480 0.004986741 0.999963403 -0.006950550 -0.058023110 -0.057479128 0.007225774 0.998320460 4.353826046
0.998309910 -0.004560826 0.057935614 -0.003973484 0.004947374 0.999966443 -0.006530317 -0.058833707 -0.057903886 0.006805910 0.998298943 4.392883778
0.998385489 -0.004017294 0.056659412 -0.000706315 0.004269484 0.999981582 -0.004330634 -0.060126297 -0.056640957 0.004565548 0.998384178 4.446445942
0.998426080 -0.004925370 0.055866338 0.000904486 0.005104298 0.999982238 -0.003060534 -0.060940884 -0.055850275 0.003340875 0.998433530 4.486179829
0.998557866 -0.004381883 0.053505927 0.003578752 0.004536524 0.999985933 -0.002769037 -0.061563596 -0.053493030 0.003007775 0.998563707 4.542051792
0.998665035 -0.004166408 0.051485259 0.005398989 0.004276012 0.999988854 -0.002018873 -0.062369615 -0.051476285 0.002236330 0.998671710 4.581126690
0.998815238 -0.003694674 0.048524212 0.007342443 0.003797255 0.999990702 -0.002021973 -0.063378744 -0.048516292 0.002203837 0.998820007 4.635082245
0.998994052 -0.002137957 0.044791128 0.008860871 0.002255506 0.999994278 -0.002574015 -0.064045645 -0.044785365 0.002672453 0.998993039 4.676119328
0.999166787 -0.002128829 0.040759183 0.010529786 0.002211795 0.999995649 -0.001990545 -0.065352157 -0.040754773 0.002079037 0.999167025 4.730249882
0.999319792 -0.001297652 0.036855653 0.012042224 0.001339068 0.999998510 -0.001099089 -0.065859333 -0.036854170 0.001147693 0.999319971 4.771711826
0.999477625 -0.001040159 0.032301400 0.013680428 0.001041756 0.999999523 -0.000032625 -0.067005768 -0.032301348 0.000066258 0.999478102 4.826530933
0.999608040 -0.000944492 0.027980052 0.014674425 0.000941216 0.999999583 0.000130248 -0.067268863 -0.027980160 -0.000103862 0.999608457 4.867439747
0.999723792 -0.000347517 0.023498666 0.015122756 0.000349666 1.000000000 -0.000087334 -0.067780621 -0.023498626 0.000095527 0.999723852 4.922246456
0.999834955 0.000297278 0.018160744 0.016409412 -0.000302440 0.999999940 0.000281444 -0.068848044 -0.018160656 -0.000286890 0.999835014 4.963679314
0.999912441 0.000755476 0.013207982 0.016750317 -0.000754301 0.999999821 -0.000093974 -0.069855317 -0.013208047 0.000084003 0.999912739 5.017850876
0.999960840 0.001918826 0.008627667 0.016995493 -0.001911889 0.999997795 -0.000812256 -0.070343688 -0.008629207 0.000795729 0.999962389 5.060415745
0.999981046 0.003871295 0.004762967 0.017062247 -0.003867687 0.999992132 -0.000766544 -0.071422353 -0.004765898 0.000748108 0.999988317 5.115829468
0.999979854 0.005616650 0.002916793 0.016845368 -0.005614336 0.999983788 -0.000800880 -0.071923047 -0.002921245 0.000784488 0.999995351 5.157198429
0.999971330 0.007130033 0.002487524 0.015912052 -0.007127869 0.999974072 -0.000877566 -0.073309913 -0.002493716 0.000859810 0.999996483 5.212936401
0.999958813 0.009036324 0.000814875 0.016212573 -0.009035809 0.999958992 -0.000633901 -0.073796637 -0.000820570 0.000626512 0.999999464 5.255169392
0.999950290 0.009971539 0.000102120 0.015690017 -0.009971548 0.999950290 0.000068698 -0.074544124 -0.000101430 -0.000069713 1.000000119 5.310764313
0.999948204 0.010148235 -0.000835522 0.015651006 -0.010147930 0.999948382 0.000365895 -0.075316809 0.000839192 -0.000357398 0.999999583 5.353162766
0.999901354 0.014031735 -0.000664975 0.014063425 -0.014030132 0.999898791 0.002358108 -0.076083548 0.000697996 -0.002348546 0.999997020 5.408797741
0.999887347 0.014737404 -0.002817131 0.015170895 -0.014721541 0.999876082 0.005570221 -0.076491728 0.002898873 -0.005528121 0.999980509 5.451467514
0.999902427 0.013628756 -0.003046209 0.014461961 -0.013612126 0.999892712 0.005414360 -0.077362336 0.003119673 -0.005372367 0.999980748 5.507359505
0.999904692 0.013387648 -0.003371963 0.014102610 -0.013376263 0.999904811 0.003376259 -0.077382475 0.003416841 -0.003330832 0.999988556 5.550705433
0.999931812 0.010887635 -0.004228101 0.013752943 -0.010867772 0.999929905 0.004692386 -0.078203954 0.004278893 -0.004646115 0.999980032 5.607125282
0.999955058 0.008287940 -0.004624358 0.012933446 -0.008258693 0.999945998 0.006308095 -0.078713812 0.004676390 -0.006269619 0.999969363 5.663174152
0.999970198 0.005155519 -0.005745070 0.013775345 -0.005107218 0.999951720 0.008390658 -0.079103529 0.005788051 -0.008361066 0.999948204 5.698937893
0.999979317 0.003328338 -0.005504750 0.013150148 -0.003276443 0.999950290 0.009409806 -0.079286531 0.005535797 -0.009391575 0.999940574 5.756096363
0.999989390 -0.000770016 -0.004533496 0.011524327 0.000806204 0.999967694 0.007986127 -0.080875076 0.004527203 -0.007989697 0.999957800 5.812770844
0.999979138 -0.003110093 -0.005666177 0.012518004 0.003146811 0.999974012 0.006482707 -0.080482990 0.005645866 -0.006500402 0.999962926 5.847971916
0.999976039 -0.004482557 -0.005279640 0.011642249 0.004514359 0.999971688 0.006027260 -0.081125855 0.005252472 -0.006050949 0.999967873 5.905551910
0.999977171 -0.004436646 -0.005099820 0.011629084 0.004469623 0.999969065 0.006473385 -0.081582256 0.005070942 -0.006496033 0.999966025 5.948831081
0.999981523 -0.004449213 -0.004138191 0.011509666 0.004483807 0.999954641 0.008388431 -0.081854329 0.004100680 -0.008406830 0.999956250 6.007763863
0.999991536 -0.001496409 -0.003830392 0.010703819 0.001534807 0.999948382 0.010041287 -0.082426645 0.003815168 -0.010047080 0.999942183 6.048702717
0.999994278 -0.001802656 -0.002854114 0.010098515 0.001826346 0.999963701 0.008319812 -0.082969688 0.002839012 -0.008324977 0.999961317 6.106220245
0.999996424 -0.000697673 -0.002564644 0.009590903 0.000714318 0.999978662 0.006494975 -0.083369508 0.002560057 -0.006496784 0.999975562 6.147844315
0.999997795 -0.000820571 -0.001945667 0.009487734 0.000828201 0.999991953 0.003923768 -0.084074348 0.001942431 -0.003925370 0.999990404 6.206039429
0.999994934 -0.002692834 -0.001689034 0.008782700 0.002692607 0.999996364 -0.000136797 -0.084859759 0.001689396 0.000132248 0.999998510 6.246466637
0.999997795 -0.001987043 -0.000662053 0.008185346 0.001984532 0.999990940 -0.003772369 -0.085797653 0.000669543 0.003771047 0.999992669 6.303994656
0.999996066 -0.002634709 -0.001006367 0.008369943 0.002630339 0.999987185 -0.004319824 -0.087047011 0.001017735 0.004317161 0.999990106 6.345396519
0.999995112 -0.003061053 -0.000697572 0.008024279 0.003058419 0.999988198 -0.003746685 -0.088685811 0.000709033 0.003744533 0.999992728 6.402353287
0.999995291 -0.002824075 -0.001265111 0.007612478 0.002819303 0.999988973 -0.003757611 -0.089028291 0.001275709 0.003754026 0.999992192 6.444324017
0.999997497 -0.001926315 -0.001112067 0.006609198 0.001923733 0.999995470 -0.002317469 -0.090616271 0.001116527 0.002315324 0.999996722 6.502072811
0.999997795 -0.001599131 -0.001360286 0.006198381 0.001596158 0.999996305 -0.002184315 -0.091089435 0.001363774 0.002182139 0.999996781 6.559666634
0.999994874 -0.002144071 -0.002389704 0.006804273 0.002138347 0.999994874 -0.002395444 -0.091920316 0.002394827 0.002390321 0.999994278 6.590380192
0.999994218 -0.001468794 -0.003070578 0.006540915 0.001463315 0.999997377 -0.001785754 -0.093310274 0.003073192 0.001781251 0.999993682 6.647643089
0.999992609 -0.000973194 -0.003742702 0.006563393 0.000970655 0.999999344 -0.000680230 -0.094855227 0.003743362 0.000676592 0.999992788 6.704006195
0.999990523 -0.000858028 -0.004262641 0.005206633 0.000855946 0.999999523 -0.000490139 -0.094725199 0.004263061 0.000486486 0.999990761 6.735836506
0.999987006 -0.001452423 -0.004891080 0.004735403 0.001443618 0.999997318 -0.001803270 -0.095877722 0.004893687 0.001796186 0.999986410 6.792424679
0.999984920 0.000031968 -0.005496470 0.004134335 -0.000046929 0.999996245 -0.002721803 -0.096709847 0.005496362 0.002722020 0.999981165 6.833108425
0.999982595 0.000838168 -0.005856871 0.003252201 -0.000852570 0.999996603 -0.002456957 -0.098034263 0.005854791 0.002461907 0.999979854 6.890841961
0.999977410 0.000578267 -0.006692464 0.002980988 -0.000601925 0.999993503 -0.003533381 -0.098875389 0.006690377 0.003537330 0.999971330 6.930754185
0.999972343 0.001314054 -0.007316494 0.002203010 -0.001346439 0.999989271 -0.004423040 -0.100109965 0.007310605 0.004432769 0.999963343 6.987927437
0.999967396 0.000865347 -0.008031379 0.001642082 -0.000899658 0.999990463 -0.004269507 -0.100896508 0.008027606 0.004276594 0.999958575 7.027959824
0.999961972 0.000972636 -0.008668488 0.000566989 -0.001001318 0.999993980 -0.003305004 -0.101983473 0.008665221 0.003313558 0.999956965 7.084248066
0.999955833 0.001596676 -0.009258912 0.000389092 -0.001619833 0.999995589 -0.002494162 -0.102800786 0.009254890 0.002509050 0.999953985 7.123837471
0.999945045 0.001284872 -0.010406669 -0.000265658 -0.001304045 0.999997497 -0.001835792 -0.104333758 0.010404284 0.001849262 0.999944150 7.181137085
0.999938190 0.002316467 -0.010873804 -0.001178563 -0.002337824 0.999995291 -0.001951745 -0.104591131 0.010869231 0.001977045 0.999938905 7.220228672
0.999929190 0.001681771 -0.011773571 -0.001888976 -0.001710686 0.999995530 -0.002446340 -0.106603466 0.011769402 0.002466308 0.999927640 7.277013302
0.999927700 0.003502353 -0.011498165 -0.004084468 -0.003541065 0.999988079 -0.003348195 -0.107013471 0.011486304 0.003388668 0.999928296 7.334676743
0.999919355 0.003748133 -0.012125004 -0.003929667 -0.003787666 0.999987483 -0.003239164 -0.107256651 0.012112717 0.003284828 0.999921203 7.364980698
0.999924958 0.003243675 -0.011805370 -0.006484374 -0.003295343 0.999985039 -0.004359941 -0.108793758 0.011791051 0.004398517 0.999920785 7.419037342
0.999922216 0.001943587 -0.012320038 -0.005875379 -0.002017454 0.999980032 -0.005986041 -0.109425247 0.012308157 0.006010431 0.999906182 7.461672306
0.999922395 -0.001068213 -0.012413695 -0.006929062 0.000999209 0.999983966 -0.005563545 -0.110925034 0.012419438 0.005550710 0.999907434 7.519101143
0.999919116 -0.000745754 -0.012698868 -0.007503577 0.000721204 0.999997914 -0.001937730 -0.111546308 0.012700283 0.001928414 0.999917388 7.557943821
0.999924421 -0.001260565 -0.012230092 -0.009266809 0.001286871 0.999996960 0.002143263 -0.112645000 0.012227349 -0.002158839 0.999922872 7.616100311
0.999919355 -0.000833763 -0.012668426 -0.009581521 0.000857657 0.999997795 0.001880839 -0.113370270 0.012666830 -0.001891552 0.999917984 7.653744698
0.999920309 0.000335444 -0.012612035 -0.010575473 -0.000361798 0.999997735 -0.002087402 -0.113817319 0.012611310 0.002091798 0.999918282 7.711858749
0.999915659 0.001266062 -0.012920155 -0.011267252 -0.001311099 0.999993086 -0.003477967 -0.114767507 0.012915662 0.003494613 0.999910414 7.749387264
0.999920428 0.001439857 -0.012529964 -0.012909107 -0.001485237 0.999992371 -0.003613218 -0.115492016 0.012524661 0.003631541 0.999915004 7.807909966
0.999919951 0.000995599 -0.012610850 -0.013031907 -0.001023932 0.999996960 -0.002240568 -0.116677158 0.012608580 0.002253301 0.999917984 7.843963623
0.999921262 0.001276088 -0.012486310 -0.014243610 -0.001275859 0.999999225 0.000026255 -0.118342914 0.012486338 -0.000010322 0.999922097 7.900868416
0.999931812 0.000355954 -0.011669212 -0.015400961 -0.000346681 0.999999583 0.000796628 -0.118851289 0.011669491 -0.000792529 0.999931574 7.958358288
0.999944746 0.000591629 -0.010493258 -0.015076645 -0.000591581 0.999999821 0.000007595 -0.119200967 0.010493261 -0.000001387 0.999944925 7.985399246
0.999954581 -0.001044896 -0.009472243 -0.015460908 0.001034412 0.999998808 -0.001111719 -0.120697305 0.009473394 0.001101870 0.999954522 8.039984703
0.999969840 -0.000858304 -0.007717391 -0.016738702 0.000836301 0.999995530 -0.002853799 -0.121749051 0.007719807 0.002847259 0.999966145 8.097549438
0.999980271 -0.000919575 -0.006208669 -0.016890801 0.000901663 0.999995470 -0.002887145 -0.122757502 0.006211294 0.002881489 0.999976516 8.123887062
0.999989092 -0.000412931 -0.004658857 -0.017165583 0.000403100 0.999997795 -0.002110967 -0.124133147 0.004659717 0.002109066 0.999986887 8.178874016
0.999993920 -0.000574119 -0.003442219 -0.016929090 0.000573585 0.999999881 -0.000156256 -0.125551343 0.003442308 0.000154281 0.999993980 8.234252930
0.999997556 -0.000053617 -0.002212379 -0.018056106 0.000053369 1.000000000 -0.000111983 -0.125271440 0.002212384 0.000111865 0.999997556 8.259398460
0.999999762 0.000011215 -0.000762465 -0.018963497 -0.000011402 1.000000000 -0.000244597 -0.125776052 0.000762462 0.000244605 0.999999762 8.314025879
0.999999940 -0.000085388 -0.000316477 -0.017796924 0.000085374 1.000000000 -0.000044242 -0.127114937 0.000316481 0.000044215 0.999999881 8.367872238
0.999998987 -0.000176682 0.001421374 -0.018591585 0.000175979 0.999999821 0.000494585 -0.128771842 -0.001421460 -0.000494334 0.999998868 8.422241211
0.999996841 -0.000505462 0.002457157 -0.019337811 0.000505910 0.999999881 -0.000182083 -0.128554031 -0.002457065 0.000183326 0.999996901 8.435154915
0.999994516 -0.001004283 0.003159445 -0.018896187 0.001004912 0.999999523 -0.000197614 -0.129489720 -0.003159245 0.000200788 0.999994934 8.488267899
0.999992728 -0.001623038 0.003463731 -0.018840473 0.001623542 0.999998689 -0.000142631 -0.130460218 -0.003463496 0.000148253 0.999993980 8.541083336
0.999992430 -0.001236561 0.003705493 -0.019306164 0.001234521 0.999999106 0.000552981 -0.130925924 -0.003706173 -0.000548402 0.999992967 8.563479424
0.999992967 -0.001902991 0.003235499 -0.019071255 0.001898531 0.999997258 0.001380953 -0.132008389 -0.003238118 -0.001374801 0.999993801 8.615567207
0.999993801 -0.001742602 0.003086902 -0.019918185 0.001737907 0.999997377 0.001522936 -0.133278280 -0.003089548 -0.001517562 0.999994040 8.666127205
0.999996841 -0.001354615 0.002186741 -0.019203942 0.001353181 0.999998868 0.000656859 -0.133735240 -0.002187629 -0.000653898 0.999997437 8.686913490
0.999996960 -0.001112875 0.002206306 -0.019863823 0.001112291 0.999999285 0.000265601 -0.134957388 -0.002206601 -0.000263146 0.999997616 8.736552238
0.999998868 -0.000803231 0.001300392 -0.019554297 0.000803342 0.999999642 -0.000085615 -0.135610983 -0.001300323 0.000086659 0.999999166 8.765487671
0.999999523 -0.001045214 -0.000209481 -0.019584930 0.001045222 0.999999464 0.000039525 -0.136846215 0.000209439 -0.000039744 1.000000000 8.813623428
0.999997139 -0.001685834 -0.001699724 -0.019831475 0.001687250 0.999998271 0.000832095 -0.137203440 0.001698319 -0.000834960 0.999998152 8.841929436
0.999988079 -0.002805286 -0.003990830 -0.020083269 0.002814421 0.999993443 0.002285463 -0.137962312 0.003984390 -0.002296667 0.999989390 8.889328003
0.999978662 -0.002492270 -0.006035018 -0.020335175 0.002515989 0.999989152 0.003925931 -0.138585061 0.006025169 -0.003941031 0.999974012 8.916966438
0.999966264 -0.002026876 -0.007959552 -0.021157462 0.002058518 0.999990046 0.003969282 -0.139513031 0.007951427 -0.003985532 0.999960423 8.963377953
0.999938846 -0.002676609 -0.010738035 -0.021808825 0.002715855 0.999989688 0.003641875 -0.140370682 0.010728179 -0.003670814 0.999935746 9.007530212
0.999898434 -0.002176965 -0.014083803 -0.021944575 0.002229726 0.999990582 0.003731604 -0.140630484 0.014075546 -0.003762627 0.999893844 9.024959564
0.999850929 -0.001776567 -0.017174114 -0.023093939 0.001846450 0.999990106 0.004054066 -0.141351521 0.017166741 -0.004085173 0.999844253 9.067946434
0.999793589 -0.001393217 -0.020268578 -0.023323894 0.001468137 0.999992132 0.003681934 -0.141842574 0.020263296 -0.003710931 0.999787748 9.093107224
0.999725640 -0.000954689 -0.023405902 -0.024507672 0.001021701 0.999995351 0.002851271 -0.142234683 0.023403071 -0.002874403 0.999721944 9.134511948
0.999643326 -0.001878047 -0.026640415 -0.025765508 0.001936486 0.999995768 0.002167987 -0.143196315 0.026636232 -0.002218802 0.999642730 9.174074173
0.999549747 -0.000491489 -0.030000716 -0.026100516 0.000554944 0.999997616 0.002106827 -0.143635765 0.029999617 -0.002122527 0.999547660 9.189446449
0.999443948 -0.000762450 -0.033335395 -0.027274549 0.000822651 0.999998093 0.001792232 -0.144684210 0.033333972 -0.001818659 0.999442577 9.227588654
0.999375224 0.001505455 -0.035310153 -0.028473824 -0.001462862 0.999998212 0.001232021 -0.144833863 0.035311941 -0.001179597 0.999375641 9.249311447
0.999329984 0.002371002 -0.036523338 -0.029738069 -0.002309298 0.999995887 0.001731515 -0.145452037 0.036527291 -0.001646011 0.999331295 9.285611153
0.999346435 0.002036574 -0.036090102 -0.030737728 -0.001922442 0.999993026 0.003196833 -0.146253765 0.036096364 -0.003125364 0.999343455 9.306570053
0.999365866 0.001960028 -0.035552617 -0.032308877 -0.001822293 0.999990702 0.003906121 -0.146974415 0.035559949 -0.003838857 0.999360263 9.341025352
0.999370456 0.002023894 -0.035420366 -0.032760441 -0.001905989 0.999992490 0.003362169 -0.147274911 0.035426904 -0.003292542 0.999366879 9.360999107
0.999371886 0.002351064 -0.035361722 -0.033866823 -0.002297817 0.999996006 0.001546334 -0.147990957 0.035365231 -0.001464108 0.999373376 9.394697189
0.999422312 0.002742202 -0.033874661 -0.035005897 -0.002771195 0.999995828 -0.000808968 -0.148359910 0.033872295 0.000902374 0.999425709 9.413920403
0.999451995 0.002929938 -0.032974236 -0.036144793 -0.003011090 0.999992490 -0.002411646 -0.148925006 0.032966930 0.002509612 0.999453247 9.447069168
0.999499440 0.003052744 -0.031485137 -0.036817580 -0.003137640 0.999991715 -0.002647352 -0.149464846 0.031476796 0.002744816 0.999500692 9.466629982
0.999563038 0.003076017 -0.029393846 -0.038515642 -0.003148933 0.999992132 -0.002434727 -0.150289297 0.029386127 0.002526223 0.999564946 9.499223709
0.999608397 0.002443296 -0.027876478 -0.038641527 -0.002526825 0.999992430 -0.002961566 -0.150591537 0.027869029 0.003030845 0.999607027 9.518481255
0.999657154 0.002586667 -0.026054306 -0.039558560 -0.002666048 0.999991953 -0.003012473 -0.151455075 0.026046300 0.003080903 0.999656022 9.551234245
0.999698520 0.002304775 -0.024442535 -0.039974093 -0.002385233 0.999991894 -0.003263131 -0.152242169 0.024434814 0.003320449 0.999695957 9.583507538
0.999773502 0.002256121 -0.021153856 -0.040613204 -0.002314964 0.999993503 -0.002757601 -0.152538747 0.021147497 0.002805948 0.999772370 9.595788002
0.999835789 0.001190949 -0.018076574 -0.041101754 -0.001230353 0.999996901 -0.002168878 -0.153073639 0.018073933 0.002190763 0.999834239 9.628022194
0.999886870 0.000390239 -0.015032347 -0.041583717 -0.000419657 0.999998033 -0.001953913 -0.153536260 0.015031555 0.001960001 0.999885023 9.646620750
0.999925375 -0.000034916 -0.012218134 -0.042035110 0.000011418 0.999998212 -0.001923272 -0.154113039 0.012218181 0.001922989 0.999923468 9.678404808
0.999958515 -0.000207828 -0.009096310 -0.042217623 0.000187044 0.999997497 -0.002285597 -0.154543161 0.009096765 0.002283802 0.999955952 9.696688652
0.999981701 -0.000662728 -0.005993785 -0.042602703 0.000648619 0.999997079 -0.002355563 -0.155327126 0.005995327 0.002351633 0.999979258 9.728028297
0.999994814 0.000347200 -0.003187418 -0.042634469 -0.000358121 0.999994040 -0.003426515 -0.155547112 0.003186209 0.003427638 0.999989092 9.746525764
0.999999642 0.000338098 -0.000811564 -0.042433389 -0.000341384 0.999991715 -0.004052763 -0.156051069 0.000810186 0.004053038 0.999991477 9.777888298
0.999996245 0.000839507 0.002590478 -0.042771079 -0.000831373 0.999994755 -0.003139527 -0.156551778 -0.002593101 0.003137362 0.999991715 9.796997070
0.999983430 0.002117050 0.005341220 -0.042832848 -0.002097662 0.999991179 -0.003632750 -0.156675786 -0.005348864 0.003621486 0.999979138 9.828929901
0.999974430 0.000588424 0.007127748 -0.042556718 -0.000569233 0.999996245 -0.002694246 -0.157605708 -0.007129307 0.002690120 0.999970973 9.848205566
0.999961019 -0.000016395 0.008827162 -0.042452343 0.000046612 0.999994218 -0.003422874 -0.158468559 -0.008827053 0.003423152 0.999955177 9.880499840
0.999942482 0.000607709 0.010704662 -0.042121686 -0.000536604 0.999977767 -0.006644150 -0.158685520 -0.010708462 0.006638024 0.999920607 9.899528503
0.999934375 -0.000148133 0.011457774 -0.041782208 0.000248277 0.999961793 -0.008739296 -0.159312695 -0.011456043 0.008741567 0.999896169 9.932579041
0.999925673 -0.000138067 0.012186844 -0.041799091 0.000242333 0.999963284 -0.008554474 -0.159820586 -0.012185215 0.008556791 0.999889135 9.951546669
0.999928296 -0.002278290 0.011757692 -0.041496836 0.002383065 0.999957442 -0.008904905 -0.160737842 -0.011736904 0.008932286 0.999891222 9.985578537
0.999924958 0.000586188 0.012236063 -0.041430563 -0.000468524 0.999953687 -0.009616842 -0.160960674 -0.012241134 0.009610389 0.999878824 10.003722191
0.999929547 -0.000417540 0.011867938 -0.040439136 0.000527237 0.999957263 -0.009241523 -0.162091821 -0.011863571 0.009247128 0.999886811 10.040186882
0.999919593 -0.000655454 0.012662515 -0.040938795 0.000804894 0.999930024 -0.011800230 -0.162204653 -0.012653895 0.011809473 0.999850154 10.056440353
0.999901891 -0.004646372 0.013213784 -0.040557355 0.004830632 0.999891043 -0.013946965 -0.163013011 -0.013147542 0.014009425 0.999815404 10.091241837
0.999876618 -0.007727020 0.013669808 -0.040181190 0.007927071 0.999861360 -0.014641366 -0.163678244 -0.013554779 0.014747925 0.999799371 10.109656334
0.999886155 -0.005464721 0.014061312 -0.039781600 0.005615184 0.999927104 -0.010683318 -0.164559364 -0.014001906 0.010761058 0.999844074 10.145211220
0.999890327 -0.001505281 0.014730128 -0.039853841 0.001574725 0.999987662 -0.004703952 -0.164826795 -0.014722866 0.004726633 0.999880433 10.164193153
0.999876261 -0.001892707 0.015613470 -0.039400786 0.001920120 0.999996662 -0.001740858 -0.165295929 -0.015610121 0.001770623 0.999876559 10.200229645
0.999831319 -0.002515059 0.018193496 -0.038623586 0.002585580 0.999989212 -0.003853692 -0.165999591 -0.018183608 0.003900084 0.999827087 10.235934258
0.999766231 -0.002298253 0.021497231 -0.037640408 0.002501860 0.999952197 -0.009449199 -0.167090416 -0.021474488 0.009500774 0.999724269 10.271712303
0.999661326 -0.000395228 0.026021775 -0.038172364 0.000741110 0.999911487 -0.013283708 -0.166848421 -0.026014224 0.013298494 0.999573052 10.275315285
0.999567926 0.001504630 0.029358065 -0.037610441 -0.001121696 0.999914169 -0.013055684 -0.167628169 -0.029375190 0.013017111 0.999483705 10.312145233
0.999484301 -0.000778593 0.032101594 -0.035350740 0.001109678 0.999946356 -0.010297156 -0.168973893 -0.032091856 0.010327467 0.999431551 10.350074768
0.999368012 -0.002933763 0.035426155 -0.035505652 0.003204516 0.999966204 -0.007588384 -0.168887854 -0.035402685 0.007697112 0.999343455 10.362136841
0.999289930 -0.004753235 0.037377231 -0.033097416 0.005012324 0.999964118 -0.006841043 -0.169155508 -0.037343364 0.007023532 0.999277771 10.400256157
0.999140382 -0.004225966 0.041239720 -0.033206969 0.004462363 0.999974191 -0.005641880 -0.170113444 -0.041214809 0.005821056 0.999133348 10.420765877
0.999011457 -0.001502163 0.044429246 -0.031956404 0.001848731 0.999968290 -0.007760389 -0.170838863 -0.044416171 0.007834854 0.998982370 10.459207535
0.998927474 -0.001912630 0.046263631 -0.030247301 0.002347707 0.999953568 -0.009351780 -0.172554269 -0.046243597 0.009450363 0.998885453 10.496903419
0.998792470 -0.000961811 0.049119327 -0.029820025 0.001456973 0.999948621 -0.010045970 -0.172138020 -0.049107134 0.010105404 0.998742402 10.508615494
0.998646438 -0.000483588 0.052009992 -0.028471828 0.000882065 0.999970436 -0.007638859 -0.173284560 -0.052004755 0.007674394 0.998617291 10.546929359
0.998485506 0.001608384 0.054990735 -0.027031064 -0.001260392 0.999978900 -0.006362295 -0.173513770 -0.054999806 0.006283350 0.998466611 10.567675591
0.998325348 0.002225313 0.057805672 -0.025034487 -0.001849717 0.999976814 -0.006550243 -0.174309164 -0.057818901 0.006432350 0.998306453 10.605813980
0.998153627 0.002489518 0.060688630 -0.024043322 -0.002047382 0.999970913 -0.007346414 -0.174552828 -0.060705155 0.007208598 0.998129666 10.626257896
0.998027027 0.001196495 0.062774941 -0.020937026 -0.000691015 0.999967217 -0.008073336 -0.175201327 -0.062782541 0.008014030 0.997995019 10.665298462
0.997873127 -0.002209213 0.065148734 -0.020438910 0.002677896 0.999971151 -0.007107586 -0.175908148 -0.065131135 0.007266931 0.997850239 10.684658051
0.997811258 -0.002714702 0.066070572 -0.018159568 0.003217126 0.999966681 -0.007499146 -0.176602989 -0.066048004 0.007695290 0.997786701 10.723070145
0.997771204 -0.003485610 0.066637091 -0.016689420 0.003981892 0.999965310 -0.007316164 -0.177221745 -0.066609286 0.007565198 0.997750461 10.743557930
0.997729838 -0.004163202 0.067214705 -0.014418781 0.004628977 0.999966323 -0.006775408 -0.178411633 -0.067184247 0.007071161 0.997715533 10.782206535
0.997744262 -0.003723792 0.067026481 -0.013089895 0.004164109 0.999970675 -0.006430785 -0.178677395 -0.067000568 0.006695384 0.997730494 10.803051949
0.997788846 -0.003092921 0.066392533 -0.010472596 0.003498233 0.999975979 -0.005989399 -0.179580942 -0.066372417 0.006208412 0.997775674 10.842224121
0.997878253 -0.003164260 0.065030560 -0.009341776 0.003643022 0.999967098 -0.007244862 -0.179813653 -0.065005496 0.007466398 0.997856975 10.862367630
0.997987211 -0.003358416 0.063327186 -0.007023990 0.003850856 0.999963284 -0.007655676 -0.181220770 -0.063299164 0.007884130 0.997963428 10.901274681
0.998080194 -0.003186768 0.061852917 -0.005928159 0.003695552 0.999960244 -0.008113054 -0.181773588 -0.061824612 0.008326059 0.998052239 10.921716690
0.998182535 -0.000608470 0.060260229 -0.003948152 0.001145017 0.999959946 -0.008869700 -0.182354033 -0.060252436 0.008922578 0.998143256 10.960146904
0.998272598 -0.000021099 0.058752257 -0.003079474 0.000560033 0.999958038 -0.009156557 -0.183063418 -0.058749590 0.009173644 0.998230577 10.980653763
0.998393595 0.000239517 0.056658197 -0.001295388 0.000225608 0.999966443 -0.008202765 -0.184144780 -0.056658253 0.008202371 0.998359859 11.018448830
0.998550057 0.000423593 0.053829171 -0.000220358 -0.000025549 0.999972641 -0.007395053 -0.184431523 -0.053830832 0.007382956 0.998522758 11.039830208
0.998767376 -0.000870738 0.049627282 0.001374781 0.001115023 0.999987364 -0.004894938 -0.185490102 -0.049622394 0.004944240 0.998755813 11.078453064
0.998986959 -0.002693212 0.044918805 0.002995461 0.002820847 0.999992132 -0.002778299 -0.186625734 -0.044910964 0.002902194 0.998986721 11.117179871
0.999190986 -0.002999243 0.040107932 0.003027141 0.003068821 0.999994040 -0.001673321 -0.186755508 -0.040102676 0.001795051 0.999193966 11.127062798
0.999372542 -0.002795332 0.035310745 0.004230469 0.002843073 0.999995112 -0.001301912 -0.187271982 -0.035306938 0.001401485 0.999375522 11.164750099
0.999518871 -0.003345163 0.030839618 0.004509687 0.003374558 0.999994040 -0.000901182 -0.188118488 -0.030836420 0.001004818 0.999523997 11.201738358
0.999648750 -0.004309306 0.026154984 0.004860878 0.004323715 0.999990463 -0.000494400 -0.188470423 -0.026152611 0.000607313 0.999657810 11.210737228
0.999737501 -0.004733996 0.022418274 0.004932731 0.004748810 0.999988556 -0.000607629 -0.189277425 -0.022415143 0.000713930 0.999748468 11.246478081
0.999816179 -0.004827601 0.018554006 0.005244538 0.004834150 0.999988258 -0.000308160 -0.190415427 -0.018552300 0.000397796 0.999827862 11.281812668
0.999887168 -0.003641951 0.014576352 0.005483568 0.003658765 0.999992669 -0.001126971 -0.190244898 -0.014572143 0.001180176 0.999893129 11.290312767
0.999932468 -0.003943495 0.010935196 0.005606405 0.003959432 0.999991119 -0.001436191 -0.190701172 -0.010929436 0.001479391 0.999939203 11.323449135
0.999963045 -0.005254436 0.006806800 0.005539685 0.005269483 0.999983728 -0.002194303 -0.191396385 -0.006795160 0.002230090 0.999974430 11.355785370
0.999990582 -0.003689885 0.002292318 0.004723279 0.003697211 0.999988079 -0.003199587 -0.192000926 -0.002280483 0.003208032 0.999992251 11.362003326
