0.999999464 0.000761202 0.000724642 0.000315921 -0.000760641 0.999999404 -0.000773207 -0.001150783 -0.000725230 0.000772655 0.999999464 0.062270448
0.999998331 0.000869208 0.001597181 0.000414812 -0.000868380 0.999999404 -0.000519163 -0.002023604 -0.001597632 0.000517775 0.999998569 0.124548309
0.999996543 0.000281229 0.002616441 0.000097318 -0.000280625 0.999999940 -0.000231459 -0.003196716 -0.002616506 0.000230723 0.999996483 0.187459648
0.999994755 -0.000212399 0.003235350 0.000076898 0.000213406 0.999999940 -0.000311056 -0.004234010 -0.003235285 0.000311745 0.999994695 0.249965146
0.999991775 -0.000138142 0.004041104 0.000071954 0.000139386 0.999999940 -0.000307675 -0.005213152 -0.004041061 0.000308236 0.999991715 0.314301997
0.999984860 0.000197697 0.005501605 -0.000108037 -0.000189565 0.999998868 -0.001478571 -0.006213869 -0.005501891 0.001477506 0.999983788 0.378796726
0.999979198 -0.000223680 0.006436586 -0.000715851 0.000235411 0.999998331 -0.001821835 -0.007350844 -0.006436168 0.001823313 0.999977589 0.439221889
0.999976933 -0.000685049 0.006755911 -0.000769539 0.000685039 0.999999702 0.000003709 -0.008781603 -0.006755912 0.000000919 0.999977171 0.501050591
0.999983907 -0.001165789 0.005544194 -0.000864942 0.001163063 0.999999225 0.000494975 -0.009508358 -0.005544765 -0.000488518 0.999984443 0.562880397
0.999992609 -0.002112260 0.003206366 -0.001042225 0.002110878 0.999997675 0.000434383 -0.010923624 -0.003207276 -0.000427611 0.999994755 0.623303652
0.999997139 -0.002155725 0.000961928 -0.001111031 0.002155593 0.999997675 0.000138252 -0.012082416 -0.000962224 -0.000136178 0.999999523 0.680322587
0.999998748 -0.001451766 0.000610638 -0.002380646 0.001452115 0.999998808 -0.000571478 -0.012869937 -0.000609808 0.000572364 0.999999642 0.745380104
1.000000000 -0.000177999 0.000148843 -0.003305918 0.000178127 0.999999642 -0.000862320 -0.013707202 -0.000148689 0.000862347 0.999999642 0.801476538
0.999999821 -0.000045447 -0.000598856 -0.003322375 0.000044620 0.999999046 -0.001380439 -0.014364289 0.000598918 0.001380412 0.999998808 0.867534161
0.999999821 -0.000473679 -0.000421223 -0.004228014 0.000473573 0.999999940 -0.000253262 -0.015946360 0.000421343 0.000253062 0.999999881 0.924000204
0.999998808 -0.001015787 -0.001149347 -0.004370719 0.001015029 0.999999285 -0.000659837 -0.016629288 0.001150016 0.000658670 0.999999106 0.987818599
0.999997318 -0.001735871 -0.001485566 -0.005336418 0.001732927 0.999996603 -0.001980947 -0.018023184 0.001488999 0.001978368 0.999996960 1.043928027
0.999997735 -0.001014374 -0.001868307 -0.005181719 0.001008893 0.999995172 -0.002932828 -0.018471047 0.001871274 0.002930936 0.999993980 1.108254790
0.999996722 0.000303713 -0.002509859 -0.006038304 -0.000309658 0.999997139 -0.002368689 -0.019710677 0.002509132 0.002369458 0.999994099 1.162518144
0.999993443 -0.000502143 -0.003588665 -0.006371725 0.000491563 0.999995530 -0.002948483 -0.020613844 0.003590130 0.002946700 0.999989212 1.225630641
0.999989927 -0.000584828 -0.004448768 -0.007105502 0.000568300 0.999992847 -0.003715588 -0.021785483 0.004450909 0.003713022 0.999983191 1.281226873
0.999990463 0.000538360 -0.004328457 -0.008299729 -0.000552066 0.999994814 -0.003165745 -0.022864029 0.004326731 0.003168105 0.999985635 1.344342709
0.999983668 -0.001195648 -0.005600411 -0.008912258 0.001189631 0.999998689 -0.001077567 -0.024465598 0.005601693 0.001070887 0.999983788 1.399789572
0.999982774 -0.001087067 -0.005772359 -0.009785924 0.001078426 0.999998271 -0.001499880 -0.025086362 0.005773980 0.001493629 0.999982238 1.460279822
0.999978840 -0.002247068 -0.006107261 -0.010821220 0.002231374 0.999994159 -0.002575261 -0.026191598 0.006113012 0.002561579 0.999978065 1.517877221
0.999971986 -0.002596022 -0.007009818 -0.011610478 0.002572805 0.999991179 -0.003318944 -0.027491171 0.007018372 0.003300817 0.999969900 1.575217724
0.999968767 -0.000884435 -0.007845281 -0.012179414 0.000861658 0.999995470 -0.002906172 -0.028878922 0.007847816 0.002899321 0.999964952 1.629186749
0.999961257 -0.001894428 -0.008594579 -0.012918516 0.001874027 0.999995410 -0.002381114 -0.030061688 0.008599048 0.002364915 0.999960244 1.690020919
0.999956965 -0.002018605 -0.009054656 -0.013944109 0.002005951 0.999997020 -0.001406499 -0.031592276 0.009057467 0.001388275 0.999958098 1.744480252
0.999951065 -0.002397431 -0.009599281 -0.014428709 0.002374314 0.999994278 -0.002418844 -0.032190740 0.009605026 0.002395934 0.999950945 1.803131580
0.999949396 -0.002230939 -0.009808344 -0.014984942 0.002206077 0.999994397 -0.002544941 -0.033209469 0.009813964 0.002523175 0.999948621 1.859073758
0.999932289 -0.003175968 -0.011193420 -0.015129469 0.003158999 0.999993861 -0.001533224 -0.034723110 0.011198218 0.001497761 0.999936163 1.914055347
0.999933064 -0.002939917 -0.011185974 -0.016089357 0.002935808 0.999995708 -0.000383744 -0.035586178 0.011187053 0.000350879 0.999937296 1.969707131
0.999931812 -0.002380691 -0.011431996 -0.016991533 0.002383293 0.999997139 0.000213925 -0.036548357 0.011431455 -0.000241156 0.999934554 2.026435614
0.999931693 -0.001111248 -0.011628530 -0.017588466 0.001110308 0.999999404 -0.000087338 -0.037494708 0.011628619 0.000074421 0.999932289 2.081633568
0.999936402 -0.000647488 -0.011257460 -0.018902887 0.000649744 0.999999702 0.000196766 -0.038880758 0.011257331 -0.000204068 0.999936640 2.137412786
0.999935806 0.002321418 -0.011091060 -0.019989645 -0.002298728 0.999995232 0.002058080 -0.039702095 0.011095786 -0.002032453 0.999936342 2.192453861
0.999956608 0.001941578 -0.009103769 -0.020995883 -0.001898742 0.999987125 0.004711577 -0.040461086 0.009112799 -0.004694087 0.999947488 2.248730421
0.999964476 0.002389940 -0.008071885 -0.021205897 -0.002328674 0.999968410 0.007590916 -0.041238699 0.008089774 -0.007571850 0.999938548 2.303727627
0.999974430 0.002723522 -0.006606246 -0.022287922 -0.002651002 0.999936342 0.010961487 -0.041748144 0.006635681 -0.010943696 0.999918044 2.359112501
0.999987066 0.002248464 -0.004542154 -0.022973325 -0.002193711 0.999925315 0.012023673 -0.042201150 0.004568850 -0.012013553 0.999917328 2.414688110
0.999999166 -0.000408021 -0.001150220 -0.025794277 0.000420391 0.999941885 0.010774733 -0.042521220 0.001145756 -0.010775208 0.999941230 2.468040228
0.999996722 0.000956408 -0.002365671 -0.023552828 -0.000936392 0.999963880 0.008447722 -0.042651240 0.002373666 -0.008445478 0.999961495 2.523792505
0.999996364 0.002064538 -0.001680177 -0.024028663 -0.002050611 0.999963880 0.008249083 -0.043206781 0.001697146 -0.008245608 0.999964535 2.579042673
0.999996960 0.001543957 -0.001934794 -0.023810782 -0.001529146 0.999969661 0.007633436 -0.043700516 0.001946522 -0.007630454 0.999969006 2.632757425
0.999995947 0.000810224 -0.002724305 -0.024327260 -0.000791062 0.999975085 0.007027821 -0.044564616 0.002729932 -0.007025636 0.999971628 2.688538074
0.999987364 0.001386910 -0.004819987 -0.024435170 -0.001354078 0.999975920 0.006808169 -0.044705585 0.004829313 -0.006801554 0.999965191 2.740684032
0.999978125 0.000831522 -0.006564753 -0.025028609 -0.000781115 0.999970317 0.007677248 -0.044909246 0.006570943 -0.007671952 0.999948978 2.796885967
0.999969244 0.001205612 -0.007747904 -0.025561174 -0.001142085 0.999965727 0.008198475 -0.045640707 0.007757523 -0.008189371 0.999936402 2.847415686
0.999956548 0.002891276 -0.008865420 -0.026482088 -0.002816660 0.999960661 0.008417404 -0.046484228 0.008889407 -0.008392066 0.999925315 2.903463125
0.999947309 0.002317895 -0.009992691 -0.026670622 -0.002239491 0.999966621 0.007850206 -0.046700463 0.010010553 -0.007827413 0.999919176 2.953768969
0.999942124 0.001059451 -0.010701055 -0.027359098 -0.000973605 0.999967277 0.008024222 -0.047941562 0.010709208 -0.008013341 0.999910474 3.009317160
0.999949038 0.001029178 -0.010045459 -0.028726179 -0.000966405 0.999979973 0.006251775 -0.047823258 0.010051697 -0.006241748 0.999930024 3.059830189
0.999948382 0.000088135 -0.010162762 -0.030012315 -0.000006160 0.999967515 0.008065900 -0.049189910 0.010163142 -0.008065420 0.999915779 3.116265059
0.999941170 0.001028631 -0.010794963 -0.030169360 -0.000931014 0.999958694 0.009043884 -0.048829664 0.010803822 -0.009033301 0.999900818 3.164075613
0.999942422 0.002107774 -0.010520746 -0.032068454 -0.002031774 0.999971867 0.007229287 -0.049435820 0.010535688 -0.007207494 0.999918520 3.220296383
0.999927282 0.002956207 -0.011693715 -0.031886235 -0.002881578 0.999975324 0.006393755 -0.050210651 0.011712331 -0.006359593 0.999911189 3.267580271
0.999912560 0.005385064 -0.012079637 -0.033000775 -0.005307182 0.999964952 0.006470119 -0.050667893 0.012114056 -0.006405444 0.999906123 3.322607517
0.999889374 0.007532262 -0.012825117 -0.033401951 -0.007452323 0.999952495 0.006269423 -0.051066931 0.012871731 -0.006173154 0.999898076 3.379438400
0.999897540 0.008476281 -0.011532255 -0.035256837 -0.008396751 0.999940753 0.006927287 -0.051961310 0.011590290 -0.006829747 0.999909461 3.420623541
0.999903858 0.008502379 -0.010947599 -0.036076028 -0.008414023 0.999931812 0.008091652 -0.053035058 0.011015650 -0.007998762 0.999907374 3.476072788
0.999898076 0.011084903 -0.008987227 -0.036853161 -0.011008173 0.999902844 0.008542685 -0.053169750 0.009081051 -0.008442881 0.999923110 3.522391796
0.999944925 0.008385381 -0.006314826 -0.037641197 -0.008339597 0.999938905 0.007242171 -0.054634787 0.006375170 -0.007189108 0.999953747 3.577960730
0.999968469 0.006860722 -0.004028579 -0.037867397 -0.006854550 0.999975324 0.001544353 -0.054600790 0.004039075 -0.001516690 0.999990702 3.623247147
0.999963939 0.008325348 -0.001669262 -0.038388181 -0.008324564 0.999965191 0.000476133 -0.055123433 0.001673168 -0.000462220 0.999998510 3.673306942
0.999971390 0.007447407 0.001288501 -0.038743034 -0.007452685 0.999963641 0.004141795 -0.056024566 -0.001257608 -0.004151279 0.999990582 3.723111391
0.999959290 0.007798738 0.004537724 -0.039140821 -0.007823095 0.999954939 0.005374962 -0.057108209 -0.004495601 -0.005410243 0.999975204 3.778176069
0.999929488 0.007935050 0.008829320 -0.039172273 -0.007966937 0.999961793 0.003582268 -0.057478398 -0.008800557 -0.003652358 0.999954522 3.820364952
0.999892950 0.007489271 0.012570867 -0.039036699 -0.007495098 0.999971807 0.000416537 -0.058327913 -0.012567393 -0.000510710 0.999920845 3.868158102
0.999862313 0.005848435 0.015524618 -0.038395621 -0.005806792 0.999979436 -0.002726077 -0.059307776 -0.015540246 0.002635553 0.999875724 3.915888786
0.999805689 0.005485209 0.018939203 -0.037567496 -0.005410859 0.999977410 -0.003974801 -0.060265090 -0.018960575 0.003871551 0.999812722 3.963680506
0.999726653 0.005120764 0.022809517 -0.036971547 -0.005072797 0.999984801 -0.002160302 -0.061420456 -0.022820234 0.002044003 0.999737501 4.011042118
0.999626994 0.006239549 0.026589032 -0.036170699 -0.006197899 0.999979436 -0.001648529 -0.062470783 -0.026598776 0.001483118 0.999645114 4.058242321
0.999506950 0.006128329 0.030793821 -0.035398543 -0.006005493 0.999973655 -0.004079861 -0.063358933 -0.030818012 0.003892917 0.999517441 4.111249447
0.999413848 0.005860659 0.033725999 -0.033880055 -0.005661443 0.999965966 -0.005999323 -0.064592071 -0.033760011 0.005804869 0.999413133 4.152936459
0.999293685 0.005193660 0.037216455 -0.032604769 -0.004941660 0.999964237 -0.006859984 -0.065331042 -0.037250757 0.006671229 0.999283671 4.206531048
0.999203444 0.004846385 0.039608415 -0.030246317 -0.004634534 0.999974489 -0.005438679 -0.066373803 -0.039633766 0.005250781 0.999200463 4.247419357
0.999099612 0.003129762 0.042309232 -0.028357849 -0.002955158 0.999986887 -0.004188759 -0.067794189 -0.042321797 0.004059957 0.999095798 4.300524235
0.998995781 0.003066445 0.044699732 -0.025782242 -0.002966990 0.999993086 -0.002291140 -0.068365090 -0.044706441 0.002156215 0.998997808 4.342403412
0.998894811 0.002542572 0.046931911 -0.023564950 -0.002487672 0.999996245 -0.001228152 -0.069054887 -0.046934851 0.001110044 0.998897254 4.394858360
0.998809278 0.000838389 0.048778091 -0.020534545 -0.000654745 0.999992609 -0.003780748 -0.070063218 -0.048780907 0.003744309 0.998802423 4.449280262
0.998652101 -0.000462400 0.051903844 -0.020019352 0.000846746 0.999972403 -0.007383242 -0.070729502 -0.051899001 0.007417238 0.998624802 4.480752945
0.998540044 0.000988678 0.054006375 -0.016507164 -0.000430017 0.999946296 -0.010355001 -0.071231611 -0.054013703 0.010316661 0.998486936 4.536323547
0.998452425 0.000684496 0.055607948 -0.015374124 -0.000048626 0.999934614 -0.011435423 -0.072456896 -0.055612132 0.011415023 0.998387158 4.574234486
0.998437762 0.000308787 0.055875026 -0.012216002 0.000297408 0.999941170 -0.010840490 -0.074130833 -0.055875089 0.010840172 0.998378932 4.628374100
0.998528481 0.000903218 0.054221068 -0.008009851 -0.000431213 0.999961913 -0.008716273 -0.075691253 -0.054226875 0.008680067 0.998490810 4.681766987
0.998560727 0.000020519 0.053632241 -0.008037478 0.000380472 0.999971986 -0.007466462 -0.076280043 -0.053630888 0.007476122 0.998532832 4.715626240
0.998659253 0.000893478 0.051759154 -0.005617917 -0.000545243 0.999977112 -0.006741724 -0.077363402 -0.051763996 0.006704463 0.998636842 4.770246506
0.998792648 0.000847571 0.049117863 -0.002937719 -0.000536386 0.999979675 -0.006348304 -0.078474224 -0.049122248 0.006314293 0.998772860 4.825553894
0.998919606 0.001504996 0.046445165 -0.002520606 -0.001220704 0.999980271 -0.006148783 -0.079551846 -0.046453498 0.006085443 0.998901904 4.859268188
0.999066830 0.002833648 0.043099966 -0.001603246 -0.002561855 0.999976456 -0.006360027 -0.080776952 -0.043116983 0.006243675 0.999050438 4.914227962
0.999244988 0.003218652 0.038717646 0.000608608 -0.002981191 0.999976337 -0.006189315 -0.081591457 -0.038736656 0.006069216 0.999231040 4.956084251
0.999386609 0.003716854 0.034817789 0.001975194 -0.003538212 0.999980211 -0.005190975 -0.083074287 -0.034836397 0.005064598 0.999380171 5.011638641
0.999519229 0.004049217 0.030739849 0.002644762 -0.003921601 0.999983430 -0.004210664 -0.083898358 -0.030756401 0.004088090 0.999518514 5.052638531
0.999651313 0.004242327 0.026067125 0.004240170 -0.004143226 0.999984026 -0.003854583 -0.084877335 -0.026083067 0.003745236 0.999652743 5.110007286
0.999755025 0.005047722 0.021548253 0.004280314 -0.004967740 0.999980569 -0.003763638 -0.085594013 -0.021566832 0.003655670 0.999760747 5.150917053
0.999846160 0.005926078 0.016513266 0.004907683 -0.005864907 0.999975741 -0.003750405 -0.086862624 -0.016535096 0.003652979 0.999856591 5.207410812
0.999918938 0.005998066 0.011233137 0.005377155 -0.005952131 0.999973714 -0.004118305 -0.087707683 -0.011257542 0.004051110 0.999928355 5.247945786
0.999952078 0.006964550 0.006886635 0.004721597 -0.006932582 0.999965131 -0.004655113 -0.089036763 -0.006918815 0.004607148 0.999965429 5.304331779
0.999953866 0.009151820 0.002885737 0.005341589 -0.009137870 0.999946654 -0.004810340 -0.089764759 -0.002929606 0.004783749 0.999984264 5.345798016
0.999940336 0.010874785 0.001009831 0.004440561 -0.010869808 0.999929309 -0.004809665 -0.090995878 -0.001062064 0.004798401 0.999987960 5.401457310
0.999928951 0.011912085 -0.000475753 0.004622519 -0.011914335 0.999916255 -0.005051031 -0.091762371 0.000415544 0.005056341 0.999987066 5.444221020
0.999902070 0.013890175 -0.001734037 0.004282845 -0.013898105 0.999892652 -0.004648436 -0.093104310 0.001669283 0.004672080 0.999987662 5.502662659
0.999878585 0.015378012 -0.002521943 0.003553153 -0.015388343 0.999872983 -0.004129412 -0.093721882 0.002458121 0.004167718 0.999988317 5.543572903
0.999875307 0.015504505 -0.002996759 0.002398742 -0.015513740 0.999874830 -0.003083439 -0.095301650 0.002948577 0.003129545 0.999990761 5.600778103
0.999809682 0.019070594 -0.004122403 0.002328452 -0.019074146 0.999817729 -0.000824252 -0.096955113 0.004105932 0.000902726 0.999991179 5.658549786
0.999786079 0.020167299 -0.004560426 0.001333237 -0.020159403 0.999795198 0.001771105 -0.096639037 0.004595211 -0.001678791 0.999988019 5.691739559
0.999813795 0.018351605 -0.005948313 0.001332495 -0.018343944 0.999830842 0.001339695 -0.097521096 0.005971894 -0.001230329 0.999981403 5.748316765
0.999811471 0.018449236 -0.006032189 0.000605207 -0.018452678 0.999829531 -0.000514885 -0.097951062 0.006021663 0.000626098 0.999981701 5.790939331
0.999852419 0.015911784 -0.006477850 -0.000281055 -0.015909027 0.999873400 0.000476917 -0.098814063 0.006484620 -0.000373790 0.999978900 5.849518299
0.999873698 0.013826385 -0.007837598 -0.000442252 -0.013808487 0.999901950 0.002333131 -0.099559754 0.007869089 -0.002224611 0.999966502 5.890977383
0.999911547 0.010648211 -0.007970159 -0.001001731 -0.010611216 0.999932826 0.004669771 -0.100674078 0.008019349 -0.004584784 0.999957263 5.949714184
0.999927223 0.008570557 -0.008490121 -0.001662739 -0.008526043 0.999949813 0.005265578 -0.100893237 0.008534824 -0.005192808 0.999950111 5.991303921
0.999956846 0.003111602 -0.008756886 -0.002219599 -0.003082037 0.999989569 0.003387676 -0.101803377 0.008767337 -0.003360540 0.999955952 6.050107956
0.999964297 0.001766870 -0.008255548 -0.002569791 -0.001747722 0.999995708 0.002326020 -0.101939969 0.008259623 -0.002311510 0.999963164 6.091327667
0.999965012 0.001197019 -0.008273785 -0.003211334 -0.001178778 0.999996841 0.002209228 -0.103047080 0.008276405 -0.002199398 0.999963284 6.151183128
0.999968350 0.000230146 -0.007943210 -0.003700215 -0.000213388 0.999997675 0.002110541 -0.103135109 0.007943679 -0.002108779 0.999966145 6.191403866
0.999975681 0.001177681 -0.006858379 -0.004811626 -0.001152225 0.999992371 0.003714492 -0.103921413 0.006862703 -0.003706499 0.999969542 6.249653816
0.999972999 0.003341062 -0.006549123 -0.005133092 -0.003302934 0.999977589 0.005824101 -0.104917288 0.006568435 -0.005802313 0.999961555 6.290130615
0.999976218 0.003283367 -0.006070205 -0.006147351 -0.003259168 0.999986768 0.003992221 -0.105852142 0.006083231 -0.003972342 0.999973655 6.348709583
0.999978364 0.003900276 -0.005314553 -0.006919330 -0.003888374 0.999989927 0.002248216 -0.106438793 0.005323269 -0.002227503 0.999983370 6.390145302
0.999984026 0.003614437 -0.004344791 -0.007975338 -0.003615044 0.999993503 -0.000131869 -0.107555985 0.004344286 0.000147573 0.999990582 6.448304653
0.999987185 0.002814097 -0.004210510 -0.008617647 -0.002831892 0.999987125 -0.004226238 -0.108470060 0.004198562 0.004238108 0.999982238 6.508136272
0.999988973 0.002345370 -0.004068057 -0.008779800 -0.002377822 0.999965250 -0.007990872 -0.109387353 0.004049174 0.008000459 0.999959707 6.537691116
0.999992073 0.001744222 -0.003592551 -0.009836998 -0.001777424 0.999955654 -0.009259781 -0.110469177 0.003576241 0.009266095 0.999950647 6.596665382
0.999990940 0.002192465 -0.003659654 -0.010516887 -0.002223962 0.999960363 -0.008624963 -0.112507880 0.003640599 0.008633023 0.999956131 6.655014515
0.999987304 0.002565553 -0.004341834 -0.009891860 -0.002599347 0.999966204 -0.007795626 -0.113575324 0.004321687 0.007806813 0.999960184 6.683562279
0.999983311 0.003011025 -0.004926620 -0.009879492 -0.003044582 0.999972165 -0.006818341 -0.115311518 0.004905952 0.006833226 0.999964595 6.742618561
0.999984384 0.003907376 -0.003992091 -0.011878268 -0.003930950 0.999974787 -0.005914300 -0.116258428 0.003968881 0.005929901 0.999974489 6.779963017
0.999978662 0.004498554 -0.004743452 -0.012407018 -0.004527910 0.999970496 -0.006196115 -0.117784530 0.004715439 0.006217460 0.999969602 6.836591721
0.999974012 0.004891885 -0.005300281 -0.012897862 -0.004925363 0.999967873 -0.006321711 -0.118555941 0.005269186 0.006347653 0.999965966 6.877345562
0.999972939 0.004448868 -0.005879296 -0.013836930 -0.004476492 0.999978900 -0.004693810 -0.120432049 0.005858292 0.004720002 0.999971688 6.936337471
0.999966741 0.004833613 -0.006570628 -0.014287967 -0.004867202 0.999975145 -0.005105648 -0.120497331 0.006545786 0.005137459 0.999965310 6.974709034
0.999956667 0.005552571 -0.007473621 -0.015094023 -0.005599378 0.999964774 -0.006256784 -0.121633381 0.007438614 0.006298361 0.999952495 7.032683372
0.999954045 0.006016278 -0.007456611 -0.015955895 -0.006069880 0.999955714 -0.007186844 -0.122834280 0.007413042 0.007231775 0.999946356 7.071618557
0.999942958 0.006671194 -0.008335352 -0.016735259 -0.006728589 0.999953747 -0.006876950 -0.124578387 0.008289089 0.006932642 0.999941587 7.128334045
0.999938309 0.005763857 -0.009495314 -0.016944882 -0.005840398 0.999950469 -0.008053017 -0.125369281 0.009448430 0.008107976 0.999922514 7.168256283
0.999935627 0.005513475 -0.009919799 -0.018135209 -0.005605699 0.999941111 -0.009293230 -0.126834750 0.009867978 0.009348240 0.999907672 7.225291252
0.999918163 0.006794236 -0.010832526 -0.018429026 -0.006889084 0.999938071 -0.008742766 -0.128060088 0.010772455 0.008816679 0.999903023 7.265105724
0.999913037 0.006813106 -0.011289974 -0.019533344 -0.006894755 0.999950349 -0.007208843 -0.129605681 0.011240299 0.007286060 0.999910295 7.323493481
0.999903023 0.006466476 -0.012333015 -0.020531587 -0.006549104 0.999956250 -0.006671191 -0.130855083 0.012289337 0.006751314 0.999901712 7.361550331
0.999894142 0.007619250 -0.012391974 -0.022055849 -0.007699015 0.999949932 -0.006401956 -0.131992728 0.012342576 0.006496684 0.999902725 7.419737339
0.999883235 0.007960058 -0.013041563 -0.022926293 -0.008039324 0.999949515 -0.006036832 -0.133405805 0.012992852 0.006140972 0.999896765 7.478971958
0.999869287 0.008240011 -0.013905740 -0.023892142 -0.008338345 0.999940455 -0.007028427 -0.134390160 0.013846997 0.007143459 0.999878585 7.506610394
0.999857545 0.009922955 -0.013647757 -0.025695540 -0.010031673 0.999918282 -0.007920752 -0.135439470 0.013568043 0.008056534 0.999875486 7.565714359
0.999845743 0.009974394 -0.014453593 -0.026472338 -0.010082560 0.999921560 -0.007430240 -0.136820003 0.014378348 0.007574823 0.999867916 7.603277683
0.999855638 0.009279649 -0.014231217 -0.028220229 -0.009403078 0.999918520 -0.008630762 -0.138450682 0.014149969 0.008763334 0.999861419 7.661116123
0.999857128 0.008301247 -0.014723898 -0.028647304 -0.008448368 0.999914706 -0.009958119 -0.139308959 0.014639976 0.010081089 0.999841988 7.699435711
0.999878287 0.004879816 -0.014815271 -0.030011415 -0.005024131 0.999940217 -0.009719508 -0.140688881 0.014766952 0.009792760 0.999843001 7.758155346
0.999866962 0.005278237 -0.015433607 -0.030589618 -0.005372560 0.999967039 -0.006076498 -0.141866133 0.015401024 0.006158608 0.999862432 7.795543194
0.999879420 0.004149526 -0.014967119 -0.032345325 -0.004176109 0.999989748 -0.001745309 -0.143168658 0.014959723 0.001807602 0.999886453 7.852867603
0.999867618 0.005482192 -0.015320505 -0.032974459 -0.005518589 0.999982059 -0.002334384 -0.144217104 0.015307430 0.002418623 0.999879897 7.891120434
0.999860823 0.007305928 -0.014999094 -0.034282476 -0.007385845 0.999958873 -0.005279719 -0.145610496 0.014959903 0.005389765 0.999873579 7.948176861
0.999851704 0.007702464 -0.015399045 -0.035350204 -0.007814131 0.999943435 -0.007204612 -0.146425292 0.015342684 0.007323874 0.999855399 7.985566139
0.999847949 0.008555474 -0.015192089 -0.036503896 -0.008662707 0.999937892 -0.007006851 -0.147649825 0.015131199 0.007137390 0.999859929 8.041365623
0.999861717 0.006518380 -0.015299496 -0.038192838 -0.006611764 0.999959707 -0.006061104 -0.149465233 0.015259373 0.006161422 0.999864578 8.100611687
0.999863088 0.007247627 -0.014874346 -0.038985036 -0.007305402 0.999965966 -0.003833553 -0.150270283 0.014846056 0.003941691 0.999881983 8.130207062
0.999880970 0.006779503 -0.013855197 -0.040607490 -0.006816041 0.999973416 -0.002591627 -0.151924521 0.013837260 0.002685756 0.999900639 8.187912941
0.999897599 0.006803832 -0.012586714 -0.041154280 -0.006850390 0.999969840 -0.003659653 -0.152499944 0.012561432 0.003745502 0.999914110 8.225072861
0.999916553 0.005546900 -0.011660897 -0.041687600 -0.005608853 0.999970257 -0.005286909 -0.153883815 0.011631223 0.005351872 0.999918103 8.281515121
0.999934494 0.005379374 -0.010101798 -0.042729095 -0.005443965 0.999964774 -0.006377335 -0.155511543 0.010067137 0.006431911 0.999928713 8.338256836
0.999955952 0.004427144 -0.008275040 -0.043666743 -0.004486412 0.999964297 -0.007157437 -0.156057045 0.008243059 0.007194247 0.999940157 8.365750313
0.999964595 0.004804248 -0.006909328 -0.043708526 -0.004851065 0.999965250 -0.006775017 -0.157080159 0.006876541 0.006808295 0.999953210 8.421322823
0.999974191 0.004532043 -0.005560899 -0.044804022 -0.004558912 0.999977946 -0.004828730 -0.158202499 0.005538892 0.004853958 0.999972820 8.459617615
0.999972105 0.006048995 -0.004366979 -0.046221018 -0.006067705 0.999972403 -0.004283974 -0.159858257 0.004340944 0.004310353 0.999981284 8.513461113
0.999980152 0.005444706 -0.003153021 -0.046200108 -0.005459379 0.999974191 -0.004664079 -0.160168469 0.003127545 0.004681200 0.999984145 8.551335335
0.999981225 0.005742894 -0.002142342 -0.046810322 -0.005754021 0.999969840 -0.005224694 -0.161188111 0.002112272 0.005236924 0.999984086 8.607409477
0.999984443 0.005504802 -0.000875870 -0.047344893 -0.005508651 0.999974847 -0.004453957 -0.162508756 0.000851330 0.004458712 0.999989629 8.642045021
0.999979377 0.006420013 -0.000046677 -0.047866948 -0.006420149 0.999971211 -0.004030184 -0.164413035 0.000020802 0.004030400 0.999991894 8.696678162
0.999982715 0.005803478 0.000926217 -0.047986690 -0.005799075 0.999972105 -0.004689094 -0.164508566 -0.000953405 0.004683642 0.999988496 8.732226372
0.999986589 0.004852829 0.001830040 -0.049435258 -0.004844582 0.999978125 -0.004484905 -0.166182518 -0.001851765 0.004475979 0.999988258 8.784597397
0.999986529 0.004887275 0.001752733 -0.048385143 -0.004880217 0.999980152 -0.004008783 -0.166529536 -0.001772290 0.004000176 0.999990404 8.819517136
0.999984682 0.005178643 0.001950644 -0.049321834 -0.005173074 0.999982595 -0.002849024 -0.167991191 -0.001965364 0.002838890 0.999993980 8.871805191
0.999989331 0.004520666 0.000958892 -0.048954219 -0.004517660 0.999985039 -0.003115197 -0.168635875 -0.000972960 0.003110833 0.999994695 8.904548645
0.999988258 0.004824099 0.000522591 -0.049389541 -0.004822126 0.999981463 -0.003713395 -0.170542166 -0.000540495 0.003710831 0.999993026 8.955742836
0.999984980 0.005481819 0.000136831 -0.049675126 -0.005481067 0.999972522 -0.004993109 -0.170686871 -0.000164199 0.004992283 0.999987543 8.986004829
0.999985814 0.005303891 -0.000481474 -0.050241657 -0.005306274 0.999972939 -0.005090576 -0.172202915 0.000454461 0.005093059 0.999986887 9.036752701
0.999989033 0.004369207 -0.001700134 -0.050511513 -0.004378588 0.999975085 -0.005554102 -0.172265857 0.001675824 0.005561486 0.999983072 9.066203117
0.999985516 0.004195736 -0.003382841 -0.050655857 -0.004211904 0.999979734 -0.004786486 -0.173686475 0.003362689 0.004800665 0.999982774 9.115044594
0.999981105 0.003301576 -0.005184990 -0.051523559 -0.003315406 0.999991059 -0.002661117 -0.174690470 0.005176158 0.002678257 0.999983013 9.143832207
0.999970138 0.002891341 -0.007166531 -0.052462138 -0.002899344 0.999995112 -0.001106540 -0.176064983 0.007163297 0.001127285 0.999973714 9.192165375
0.999944866 0.003597168 -0.009866487 -0.053222962 -0.003608298 0.999992788 -0.001110447 -0.177110687 0.009862422 0.001145986 0.999950707 9.238494873
0.999916613 0.003699549 -0.012371903 -0.053581633 -0.003720991 0.999991596 -0.001710506 -0.177216306 0.012365473 0.001756399 0.999921918 9.257354736
0.999874115 0.003983683 -0.015359817 -0.054883927 -0.004007217 0.999990821 -0.001501715 -0.178137049 0.015353693 0.001563076 0.999880850 9.302750587
0.999825239 0.004214873 -0.018211218 -0.055605382 -0.004228509 0.999990821 -0.000710332 -0.179401428 0.018208057 0.000787215 0.999833882 9.347398758
0.999767542 0.004444773 -0.021097416 -0.056570545 -0.004471526 0.999989271 -0.001221085 -0.179940701 0.021091761 0.001315140 0.999776602 9.364284515
0.999701023 0.004097043 -0.024103627 -0.057659611 -0.004136517 0.999990106 -0.001588081 -0.180992156 0.024096884 0.001687311 0.999708116 9.405578613
0.999606490 0.004197411 -0.027734572 -0.058591336 -0.004272560 0.999987304 -0.002650845 -0.181271136 0.027723093 0.002768299 0.999611795 9.431570053
0.999519467 0.005701077 -0.030467829 -0.060629189 -0.005799729 0.999978185 -0.003150505 -0.182189524 0.030449200 0.003325697 0.999530733 9.471225739
0.999420583 0.005448162 -0.033597343 -0.061324298 -0.005569607 0.999978244 -0.003522158 -0.182892010 0.033577416 0.003707242 0.999429166 9.495320320
0.999327242 0.007391755 -0.035922524 -0.063277066 -0.007536324 0.999963999 -0.003890718 -0.183784261 0.035892472 0.004158824 0.999346972 9.532326698
0.999301076 0.007863983 -0.036544643 -0.064156085 -0.007982415 0.999963284 -0.003096025 -0.184607252 0.036518954 0.003385575 0.999327242 9.555038452
0.999298692 0.007810229 -0.036622349 -0.065560848 -0.007894755 0.999966502 -0.002164020 -0.185547382 0.036604222 0.002451627 0.999326825 9.591388702
0.999314487 0.007883888 -0.036175162 -0.066447467 -0.007930454 0.999967813 -0.001143927 -0.186302498 0.036164984 0.001430027 0.999344826 9.613340378
0.999348283 0.007952581 -0.035209842 -0.068604290 -0.008014102 0.999966621 -0.001606523 -0.187000364 0.035195883 0.001887651 0.999378681 9.647852898
0.999343276 0.008364775 -0.035256192 -0.068928123 -0.008497467 0.999957323 -0.003615531 -0.187581420 0.035224445 0.003912745 0.999371767 9.668106079
0.999356687 0.008867590 -0.034749072 -0.070118368 -0.009068579 0.999942958 -0.005630736 -0.188614920 0.034697160 0.005942238 0.999380231 9.702160835
0.999406993 0.008288062 -0.033421453 -0.071060628 -0.008544163 0.999935091 -0.007527233 -0.188690096 0.033356909 0.007808327 0.999413013 9.722647667
0.999441862 0.008929306 -0.032189265 -0.072136506 -0.009186977 0.999926805 -0.007865901 -0.189726114 0.032116678 0.008157233 0.999450862 9.755577087
0.999503732 0.008605509 -0.030304026 -0.073593840 -0.008850709 0.999929070 -0.007966517 -0.190432400 0.030233322 0.008230775 0.999509037 9.788628578
0.999556780 0.008042014 -0.028663291 -0.073884740 -0.008267183 0.999935806 -0.007745845 -0.191334859 0.028599164 0.007979376 0.999559104 9.803333282
0.999604225 0.008680136 -0.026759569 -0.074849203 -0.008907267 0.999925196 -0.008380411 -0.191887528 0.026684824 0.008615448 0.999606788 9.835618019
0.999660790 0.008068062 -0.024762392 -0.075463325 -0.008276532 0.999930978 -0.008327861 -0.192759424 0.024693498 0.008529982 0.999658704 9.856636047
0.999721646 0.008654729 -0.021946890 -0.076478869 -0.008821956 0.999932587 -0.007534239 -0.193857104 0.021880208 0.007725756 0.999730766 9.889471054
0.999800742 0.007185938 -0.018619334 -0.076848857 -0.007320269 0.999947608 -0.007156556 -0.194293961 0.018566931 0.007291429 0.999801159 9.909401894
0.999863327 0.006078191 -0.015366711 -0.077815272 -0.006183110 0.999957860 -0.006789542 -0.195160508 0.015324796 0.006883629 0.999858856 9.942129135
0.999901474 0.006188949 -0.012593771 -0.077991650 -0.006278408 0.999955237 -0.007076415 -0.195518017 0.012549412 0.007154787 0.999895632 9.961681366
0.999940395 0.005726542 -0.009286020 -0.078630023 -0.005794209 0.999956727 -0.007276622 -0.196486101 0.009243948 0.007329994 0.999930382 9.993953705
0.999964356 0.005416970 -0.006491905 -0.078636125 -0.005465589 0.999956965 -0.007494921 -0.196901962 0.006451026 0.007530135 0.999950826 10.013391495
0.999975026 0.006129133 -0.003499835 -0.079186127 -0.006158191 0.999946117 -0.008353014 -0.197661445 0.003448450 0.008374359 0.999958992 10.045285225
0.999978721 0.006492361 -0.000526978 -0.079298154 -0.006496943 0.999936402 -0.009215709 -0.198126823 0.000467112 0.009218938 0.999957383 10.065339088
0.999975860 0.006489627 0.002488530 -0.079508513 -0.006468587 0.999943972 -0.008371969 -0.199038178 -0.002542722 0.008355669 0.999961853 10.098339081
0.999969244 0.006247616 0.004733750 -0.079326704 -0.006211356 0.999951482 -0.007636292 -0.199623197 -0.004781229 0.007606654 0.999959648 10.117851257
0.999960303 0.005685528 0.006863254 -0.079217367 -0.005635581 0.999957621 -0.007274886 -0.200596362 -0.006904326 0.007235918 0.999949992 10.150821686
0.999940932 0.005970384 0.009082451 -0.079108790 -0.005881879 0.999935210 -0.009740449 -0.200759679 -0.009140019 0.009686452 0.999911249 10.170576096
0.999922216 0.006894762 0.010385903 -0.079086095 -0.006773342 0.999908864 -0.011681008 -0.202063531 -0.010465494 0.011609754 0.999877810 10.204770088
0.999914706 0.005985781 0.011603989 -0.078634247 -0.005831172 0.999894321 -0.013312085 -0.202576622 -0.011682447 0.013243284 0.999844074 10.223660469
0.999915838 0.005571231 0.011717767 -0.077930190 -0.005413940 0.999895394 -0.013412445 -0.203623086 -0.011791265 0.013347876 0.999841392 10.257500648
0.999918401 0.004943437 0.011775834 -0.078361288 -0.004776007 0.999887705 -0.014204093 -0.204148218 -0.011844728 0.014146695 0.999829769 10.277325630
0.999890506 0.007547194 0.012725424 -0.078470796 -0.007352700 0.999856532 -0.015262051 -0.204750434 -0.012838785 0.015166815 0.999802470 10.311861038
0.999906063 0.006144837 0.012245584 -0.078025132 -0.005957823 0.999865949 -0.015250372 -0.205448776 -0.012337654 0.015175987 0.999808669 10.331553459
0.999902666 0.006105843 0.012544109 -0.078206748 -0.005889375 0.999834299 -0.017221669 -0.206499234 -0.012647185 0.017146118 0.999773026 10.367774010
0.999916077 0.001775162 0.012832906 -0.077549309 -0.001525578 0.999809980 -0.019432459 -0.207023993 -0.012864963 0.019411251 0.999728799 10.387022018
0.999914825 -0.002482767 0.012817593 -0.076270446 0.002721117 0.999823093 -0.018611683 -0.209298000 -0.012769118 0.018644974 0.999744594 10.421792984
0.999903977 0.000429622 0.013852065 -0.077057645 -0.000207297 0.999871194 -0.016047353 -0.208813414 -0.013857176 0.016042940 0.999775290 10.443477631
0.999875963 0.005258053 0.014848649 -0.077190667 -0.005099006 0.999929428 -0.010728886 -0.209139317 -0.014904014 0.010651845 0.999832213 10.479457855
0.999873936 0.003739551 0.015429662 -0.076870829 -0.003641435 0.999972999 -0.006382076 -0.210547268 -0.015453112 0.006325086 0.999860525 10.501439095
0.999844491 0.002885783 0.017392453 -0.076020911 -0.002729243 0.999955654 -0.009017439 -0.211224079 -0.017417703 0.008968569 0.999808073 10.538910866
0.999766648 0.004411327 0.021145742 -0.075557381 -0.004088278 0.999874592 -0.015296203 -0.211893111 -0.021210568 0.015206183 0.999659359 10.576195717
0.999652565 0.005909950 0.025685806 -0.075901985 -0.005434417 0.999813259 -0.018543961 -0.212604731 -0.025790604 0.018397931 0.999498069 10.589389801
0.999572575 0.007287761 0.028310042 -0.074879080 -0.006769485 0.999808550 -0.018360024 -0.213390380 -0.028438423 0.018160533 0.999430656 10.626523018
0.999480546 0.005239731 0.031797390 -0.074299306 -0.004722441 0.999855638 -0.016321659 -0.214396715 -0.031878319 0.016163021 0.999361038 10.650115967
0.999395669 0.002253271 0.034687337 -0.072985530 -0.001809331 0.999916136 -0.012824396 -0.215792418 -0.034713324 0.012753885 0.999315858 10.688994408
0.999288321 -0.000138390 0.037718445 -0.072280735 0.000571069 0.999934137 -0.011460751 -0.216330588 -0.037714373 0.011474136 0.999222636 10.711942673
0.999211907 0.000026509 0.039692163 -0.070344687 0.000385802 0.999946058 -0.010380018 -0.217493966 -0.039690293 0.010387152 0.999158025 10.751215935
0.999053359 0.002768240 0.043413553 -0.070208549 -0.002196722 0.999910474 -0.013206683 -0.217973888 -0.043446232 0.013098815 0.998969913 10.774036407
0.998971045 0.002767442 0.045269143 -0.069582999 -0.002106220 0.999890506 -0.014647653 -0.219739050 -0.045304723 0.014537233 0.998867452 10.811568260
0.998821735 0.003828423 0.048378095 -0.068179011 -0.003083880 0.999875784 -0.015455347 -0.219676733 -0.048431262 0.015287944 0.998709500 10.835333824
0.998676300 0.005193831 0.051172558 -0.066545010 -0.004485910 0.999892712 -0.013939140 -0.220553637 -0.051239476 0.013691134 0.998592496 10.875621796
0.998479009 0.005876674 0.054818731 -0.065659225 -0.005234167 0.999915957 -0.011856800 -0.221719161 -0.054883804 0.011551835 0.998425901 10.897768974
0.998355031 0.006765975 0.056932539 -0.063517511 -0.006083315 0.999907553 -0.012155469 -0.222816736 -0.057009514 0.011789134 0.998304009 10.937229156
0.998153389 0.007358708 0.060297884 -0.062607527 -0.006578138 0.999892116 -0.013133545 -0.222980723 -0.060388029 0.012712643 0.998094022 10.960179329
0.997964084 0.005988267 0.063496664 -0.060723722 -0.005110709 0.999889255 -0.013973962 -0.223839656 -0.063573316 0.013620997 0.997884214 11.000216484
0.997895122 0.002353996 0.064805634 -0.058994710 -0.001517838 0.999915123 -0.012948757 -0.224835515 -0.064830616 0.012823140 0.997813880 11.022824287
0.997838199 0.002645068 0.065665394 -0.056613922 -0.001768575 0.999908626 -0.013402415 -0.225530863 -0.065694861 0.013257308 0.997751653 11.063092232
0.997808576 0.000622910 0.066164047 -0.055111468 0.000237119 0.999915600 -0.012989784 -0.226703107 -0.066166557 0.012977006 0.997724175 11.085947037
0.997753501 -0.000354655 0.066991091 -0.053301334 0.001204126 0.999919355 -0.012640400 -0.228283286 -0.066981219 0.012692670 0.997673452 11.125861168
0.997794271 -0.000490467 0.066381164 -0.050660670 0.001272996 0.999930203 -0.011746649 -0.229434952 -0.066370770 0.011805241 0.997725189 11.166355133
0.997865617 0.000706035 0.065298773 -0.049157143 0.000074350 0.999928534 -0.011947793 -0.229597405 -0.065302543 0.011927146 0.997794211 11.181417465
0.997965157 0.000656025 0.063758701 -0.046504498 0.000157171 0.999918759 -0.012748422 -0.230848074 -0.063761882 0.012732503 0.997883916 11.221717834
0.998016000 0.001030538 0.062951557 -0.045042396 -0.000174812 0.999907434 -0.013597398 -0.232178628 -0.062959746 0.013559418 0.997923911 11.261777878
0.998156905 0.001264369 0.060673114 -0.043989122 -0.000408641 0.999900281 -0.014114241 -0.232722580 -0.060684912 0.014063435 0.998057902 11.276911736
0.998191237 0.003837006 0.059995309 -0.042978227 -0.002915657 0.999876618 -0.015437029 -0.233211100 -0.060047131 0.015234184 0.998079300 11.316728592
0.998314142 0.006195461 0.057709530 -0.039872050 -0.005258480 0.999852121 -0.016373893 -0.234012872 -0.057802435 0.016042827 0.998199105 11.357323647
0.998427629 0.004791792 0.055850018 -0.039827883 -0.003992446 0.999888122 -0.014415163 -0.235592991 -0.055912845 0.014169519 0.998335123 11.371222496
0.998591185 0.004466411 0.052874476 -0.038212895 -0.003787253 0.999909163 -0.012937981 -0.236746892 -0.052927464 0.012719505 0.998517394 11.410747528
0.998834252 0.003383863 0.048152685 -0.035857499 -0.002864510 0.999936998 -0.010850481 -0.238017365 -0.048186366 0.010699896 0.998781085 11.452248573
0.999035239 0.002086526 0.043865073 -0.035781682 -0.001696810 0.999958754 -0.008919768 -0.238534540 -0.043881886 0.008836733 0.998997569 11.465312958
0.999237239 0.001585687 0.039017372 -0.034658968 -0.001284182 0.999969125 -0.007751308 -0.239619300 -0.039028466 0.007695290 0.999208450 11.504344940
0.999408960 0.001704681 0.034332704 -0.033736676 -0.001451741 0.999971569 -0.007390898 -0.240499616 -0.034344338 0.007336688 0.999383092 11.543537140
0.999560237 0.000007884 0.029651653 -0.033525378 0.000176970 0.999980569 -0.006231586 -0.241042107 -0.029651124 0.006234093 0.999540865 11.556139946
0.999696374 -0.000010821 0.024640726 -0.032710701 0.000176953 0.999977291 -0.006739992 -0.241856813 -0.024640093 0.006742306 0.999673605 11.593942642
0.999794185 -0.001155671 0.020251922 -0.031977475 0.001306731 0.999971390 -0.007447360 -0.242082566 -0.020242738 0.007472292 0.999767065 11.631968498
0.999864161 -0.000870224 0.016458327 -0.032114998 0.000982185 0.999976397 -0.006795877 -0.243180454 -0.016452029 0.006811120 0.999841392 11.642851830
0.999922395 -0.000801687 0.012431048 -0.031827986 0.000878883 0.999980330 -0.006205808 -0.244846165 -0.012425829 0.006216252 0.999903440 11.678500175
0.999959469 -0.000242170 0.008995466 -0.032362424 0.000311588 0.999970138 -0.007716455 -0.244819373 -0.008993333 0.007718945 0.999929786 11.713012695
0.999982476 -0.001771973 0.005652026 -0.033187777 0.001812709 0.999972343 -0.007210318 -0.245899558 -0.005639093 0.007220438 0.999957979 11.721053123
0.999999821 -0.000397064 0.000563421 -0.033474114 0.000402175 0.999958515 -0.009099402 -0.246647358 -0.000559785 0.009099627 0.999958396 11.753149033
