0.999996424 0.000884414 0.002539570 -0.000864564 -0.000880928 0.999998689 -0.001373705 -0.000620953 -0.002540781 0.001371463 0.999995768 0.056465194
0.999996483 0.001117985 0.002407866 0.000250425 -0.001116490 0.999999166 -0.000621857 -0.001786268 -0.002408560 0.000619166 0.999996841 0.113540083
0.999997854 0.000140737 0.002050318 0.001400727 -0.000140369 1.000000000 -0.000179628 -0.002708375 -0.002050343 0.000179340 0.999997854 0.170726061
0.999997079 -0.000424982 0.002379047 0.002131408 0.000426177 0.999999762 -0.000501796 -0.003547598 -0.002378832 0.000502809 0.999997079 0.228009880
0.999995410 -0.000661103 0.002955439 0.002525720 0.000662404 0.999999702 -0.000439387 -0.004489531 -0.002955146 0.000441343 0.999995470 0.285335094
0.999996781 -0.000310735 0.002504763 0.003715502 0.000313998 0.999999046 -0.001302479 -0.005449469 -0.002504357 0.001303261 0.999996006 0.342732549
0.999997914 -0.000599006 0.001972318 0.004682735 0.000601907 0.999998748 -0.001470409 -0.006447946 -0.001971435 0.001471594 0.999996960 0.399516433
0.999991000 -0.001203908 0.004075618 0.003252163 0.001203585 0.999999285 0.000081672 -0.007639730 -0.004075713 -0.000076766 0.999991715 0.453695506
0.999993086 -0.001769084 0.003294755 0.002979437 0.001765900 0.999998093 0.000969016 -0.008714545 -0.003296464 -0.000963192 0.999994159 0.508816242
0.999995172 -0.002852689 0.001186217 0.002157189 0.002851846 0.999995649 0.000711249 -0.009735113 -0.001188241 -0.000707863 0.999999046 0.562109292
0.999994993 -0.002901180 -0.001302404 0.002352812 0.002902106 0.999995530 0.000709231 -0.011165199 0.001300341 -0.000713008 0.999998987 0.616751671
0.999995947 -0.002242324 -0.001707659 0.000973014 0.002242198 0.999997497 -0.000075441 -0.011389297 0.001707824 0.000071612 0.999998510 0.670144975
0.999994993 -0.000883870 -0.003036332 0.001178008 0.000881682 0.999999404 -0.000722027 -0.012031430 0.003036968 0.000719346 0.999995053 0.724849880
0.999995112 -0.000746546 -0.003029223 0.000177056 0.000745550 0.999999642 -0.000329959 -0.013001740 0.003029468 0.000327699 0.999995291 0.779065430
0.999992371 -0.001627822 -0.003550252 -0.000252724 0.001627915 0.999998629 0.000023409 -0.014048057 0.003550209 -0.000029188 0.999993622 0.833543837
0.999989212 -0.002107401 -0.004134945 -0.000473790 0.002108394 0.999997735 0.000235639 -0.014863875 0.004134439 -0.000244355 0.999991417 0.888648808
0.999988914 -0.001194993 -0.004547385 -0.001181284 0.001193681 0.999999225 -0.000291219 -0.016016118 0.004547730 0.000285787 0.999989569 0.942994893
0.999982834 -0.002219838 -0.005421469 -0.001320757 0.002211608 0.999996305 -0.001523617 -0.016820269 0.005424832 0.001511601 0.999984145 0.997185886
0.999984622 -0.001239734 -0.005385381 -0.002242232 0.001235201 0.999998748 -0.000844916 -0.017929846 0.005386423 0.000838251 0.999985158 1.051596284
0.999974072 -0.001172627 -0.007107646 -0.002318067 0.001164187 0.999998629 -0.001191464 -0.018858254 0.007109033 0.001183158 0.999974072 1.104178786
0.999969244 -0.001963138 -0.007589038 -0.003648480 0.001950121 0.999996662 -0.001722111 -0.020031054 0.007592392 0.001707258 0.999969780 1.157667041
0.999960601 -0.001110688 -0.008808954 -0.003753129 0.001099388 0.999998569 -0.001287561 -0.020738943 0.008810371 0.001277826 0.999960363 1.210379958
0.999951422 -0.002009038 -0.009647371 -0.004183191 0.002007142 0.999997973 -0.000206265 -0.021403493 0.009647766 0.000186891 0.999953449 1.266211390
0.999940813 -0.002907610 -0.010485298 -0.005196583 0.002912812 0.999995649 0.000480819 -0.022726871 0.010483854 -0.000511333 0.999944925 1.318130016
0.999927759 -0.004608167 -0.011101460 -0.005843299 0.004609715 0.999989331 0.000113770 -0.023929609 0.011100817 -0.000164936 0.999938428 1.373236537
0.999921501 -0.003514109 -0.012018559 -0.007060324 0.003505097 0.999993563 -0.000770866 -0.025307940 0.012021191 0.000728679 0.999927461 1.424624920
0.999906898 -0.004261866 -0.012951972 -0.008024554 0.004246627 0.999990225 -0.001203847 -0.025750939 0.012956976 0.001148733 0.999915421 1.479997158
0.999906421 -0.002650159 -0.013421073 -0.008732663 0.002648378 0.999996483 -0.000150565 -0.027331615 0.013421425 0.000115007 0.999909878 1.531283736
0.999890924 -0.003562883 -0.014327730 -0.009484390 0.003571113 0.999993503 0.000548862 -0.028649360 0.014325682 -0.000599968 0.999897122 1.586336613
0.999877810 -0.004541091 -0.014956693 -0.010053321 0.004541911 0.999989688 0.000020958 -0.029347386 0.014956443 -0.000088887 0.999888122 1.638424039
0.999857962 -0.004996006 -0.016099075 -0.010239724 0.005000344 0.999987483 0.000229272 -0.030831199 0.016097728 -0.000309740 0.999870420 1.692745686
0.999864340 -0.005036558 -0.015682289 -0.011729282 0.005045722 0.999987066 0.000544909 -0.031106325 0.015679341 -0.000623963 0.999876857 1.743327618
0.999865174 -0.005196571 -0.015579468 -0.012943272 0.005223619 0.999984860 0.001695892 -0.031878546 0.015570418 -0.001777044 0.999877274 1.797388196
0.999868274 -0.004513517 -0.015590521 -0.013970330 0.004562979 0.999984622 0.003138422 -0.033437379 0.015576116 -0.003209147 0.999873579 1.852798820
0.999873757 -0.003704157 -0.015449671 -0.015298544 0.003739796 0.999990344 0.002278536 -0.033625219 0.015441082 -0.002336027 0.999878049 1.899350405
0.999878168 -0.001821999 -0.015504822 -0.016288655 0.001857880 0.999995589 0.002300104 -0.034519438 0.015500563 -0.002328630 0.999877155 1.953579545
0.999892712 0.000440867 -0.014635474 -0.017339509 -0.000384886 0.999992609 0.003827614 -0.034894142 0.014637053 -0.003821572 0.999885619 2.004137278
0.999911964 0.000008130 -0.013266427 -0.018036157 0.000090983 0.999972105 0.007470331 -0.036168024 0.013266116 -0.007470882 0.999884129 2.058550596
0.999933779 0.000873012 -0.011474242 -0.018806500 -0.000763228 0.999953926 0.009568788 -0.036037475 0.011482068 -0.009559399 0.999888361 2.108690739
0.999950230 0.001812590 -0.009812716 -0.019624589 -0.001688428 0.999918580 0.012646662 -0.036204379 0.009834841 -0.012629465 0.999871910 2.163619757
0.999963939 0.000824640 -0.008455510 -0.020159600 -0.000704849 0.999899447 0.014160427 -0.036501739 0.008466339 -0.014153956 0.999863982 2.212317705
0.999975145 -0.000655216 -0.007018062 -0.019872442 0.000739947 0.999926746 0.012077544 -0.036367707 0.007009635 -0.012082439 0.999902427 2.268352270
0.999983251 -0.000112402 -0.005795291 -0.021487733 0.000174723 0.999942124 0.010754393 -0.036930643 0.005793747 -0.010755225 0.999925375 2.314786673
0.999985635 0.000429119 -0.005342716 -0.021640724 -0.000373775 0.999946296 0.010355464 -0.037299640 0.005346872 -0.010353317 0.999932170 2.369506836
0.999985278 0.000057243 -0.005425752 -0.022159621 -0.000007027 0.999957144 0.009254714 -0.037058733 0.005426049 -0.009254540 0.999942422 2.417234659
0.999984443 -0.001454323 -0.005385272 -0.023300242 0.001498106 0.999965787 0.008135085 -0.037817389 0.005373257 -0.008143026 0.999952435 2.471715927
0.999969244 -0.000776860 -0.007807472 -0.023027979 0.000845244 0.999961257 0.008759326 -0.037832692 0.007800365 -0.008765657 0.999931157 2.519392490
0.999957979 -0.002008342 -0.008947671 -0.023895619 0.002090949 0.999955177 0.009232497 -0.037997566 0.008928729 -0.009250819 0.999917328 2.574131012
0.999945045 -0.001437218 -0.010378200 -0.024390129 0.001547317 0.999942541 0.010608446 -0.039020784 0.010362356 -0.010623920 0.999889851 2.621181488
0.999944150 0.000089812 -0.010561158 -0.025598906 0.000023600 0.999942362 0.010738005 -0.039523698 0.010561512 -0.010737653 0.999886572 2.675655842
0.999924958 -0.000420395 -0.012240938 -0.025616445 0.000547595 0.999945819 0.010389830 -0.039846472 0.012235908 -0.010395754 0.999871135 2.723200083
0.999919891 -0.000990578 -0.012617539 -0.026530003 0.001118054 0.999948382 0.010100038 -0.040314697 0.012606882 -0.010113336 0.999869406 2.776930809
0.999916732 -0.002318223 -0.012690530 -0.027446220 0.002432209 0.999956667 0.008973848 -0.040884282 0.012669181 -0.009003970 0.999879181 2.824072361
0.999900162 -0.002556619 -0.013889158 -0.027514227 0.002696153 0.999945998 0.010036824 -0.041058879 0.013862747 -0.010073269 0.999853194 2.874898434
0.999900043 -0.002706001 -0.013876841 -0.028627492 0.002865516 0.999929905 0.011488111 -0.041524891 0.013844781 -0.011526727 0.999837697 2.929739714
0.999893785 -0.002514497 -0.014354700 -0.029742222 0.002659751 0.999945343 0.010108838 -0.042165220 0.014328499 -0.010145944 0.999845862 2.974562883
0.999887705 -0.000714798 -0.014963333 -0.030158646 0.000849415 0.999959111 0.008992066 -0.042745799 0.014956295 -0.009003768 0.999847591 3.030258894
0.999890804 0.001318915 -0.014721692 -0.031600621 -0.001178191 0.999953568 0.009563481 -0.043210946 0.014733621 -0.009545093 0.999845862 3.074751854
0.999880731 0.003274093 -0.015097670 -0.032600537 -0.003131520 0.999950349 0.009457421 -0.043213699 0.015127884 -0.009409016 0.999841273 3.129798412
0.999879479 0.005029820 -0.014687156 -0.033574823 -0.004882670 0.999937713 0.010037757 -0.043959305 0.014736730 -0.009964836 0.999841690 3.174750090
0.999878824 0.005887428 -0.014409664 -0.033972252 -0.005727938 0.999922156 0.011084666 -0.044237290 0.014473801 -0.011000787 0.999834657 3.230335474
0.999895990 0.007018141 -0.012605708 -0.035040520 -0.006868247 0.999905646 0.011895183 -0.044659100 0.012688002 -0.011807365 0.999849737 3.284966707
0.999937057 0.005987609 -0.009481480 -0.036033876 -0.005897687 0.999937654 0.009483771 -0.045216851 0.009537674 -0.009427258 0.999909997 3.322273731
0.999967933 0.003483600 -0.007214216 -0.036327083 -0.003453820 0.999985397 0.004136438 -0.045554873 0.007228520 -0.004111389 0.999965429 3.371047258
0.999973238 0.005757455 -0.004510921 -0.036840577 -0.005741029 0.999976873 0.003646051 -0.046051167 0.004531809 -0.003620056 0.999983191 3.419463158
0.999993205 0.003224856 -0.001778379 -0.037065882 -0.003211483 0.999966860 0.007472789 -0.046916101 0.001802419 -0.007467027 0.999970496 3.467984438
0.999994695 0.002811407 0.001629353 -0.037832383 -0.002826142 0.999954462 0.009112598 -0.047689676 -0.001603660 -0.009117156 0.999957144 3.520649433
0.999975860 0.003700212 0.005878196 -0.037559360 -0.003741454 0.999968350 0.007020681 -0.047883034 -0.005852032 -0.007042507 0.999958098 3.563210726
0.999952853 0.003934413 0.008874716 -0.037032042 -0.003961979 0.999987423 0.003090715 -0.048086062 -0.008862445 -0.003125731 0.999955833 3.617336273
0.999916434 0.001473360 0.012843491 -0.036733001 -0.001477584 0.999998868 0.000319373 -0.049010795 -0.012843006 -0.000338324 0.999917507 3.657507658
0.999879003 0.000735505 0.015533059 -0.035594977 -0.000735263 0.999999702 -0.000021245 -0.050379049 -0.015533072 0.000009821 0.999879420 3.710329533
0.999804914 0.000790510 0.019735688 -0.035113983 -0.000818369 0.999998629 0.001403583 -0.050880495 -0.019734558 -0.001419460 0.999804258 3.750289679
0.999718428 0.001872037 0.023656512 -0.034370340 -0.001926321 0.999995530 0.002272102 -0.052112971 -0.023652159 -0.002317032 0.999717593 3.802900553
0.999630451 0.001385628 0.027143368 -0.033185780 -0.001372573 0.999998927 -0.000499582 -0.052232075 -0.027144032 0.000462142 0.999631345 3.843451500
0.999528468 0.000600761 0.030696882 -0.032079607 -0.000539244 0.999997854 -0.002012239 -0.053684462 -0.030698024 0.001994737 0.999526620 3.896289825
0.999434233 0.000987404 0.033619072 -0.030603021 -0.000881682 0.999994636 -0.003159381 -0.054054968 -0.033622012 0.003127953 0.999429703 3.935012341
0.999345779 -0.000261882 0.036166754 -0.028419986 0.000321918 0.999998629 -0.001654159 -0.055378880 -0.036166277 0.001664719 0.999344349 3.987868309
0.999226868 -0.001073553 0.039300386 -0.027024105 0.001102497 0.999999106 -0.000714811 -0.055466510 -0.039299596 0.000757587 0.999227166 4.026726723
0.999146044 -0.001805670 0.041278239 -0.024599195 0.001761369 0.999997854 0.001109550 -0.056289986 -0.041280158 -0.001035896 0.999147058 4.079328060
0.999019980 -0.003281846 0.044139583 -0.023075178 0.003185471 0.999992490 0.002253559 -0.057253152 -0.044146638 -0.002110746 0.999022841 4.118395805
0.998903871 -0.004634757 0.046578374 -0.021724850 0.004627990 0.999989271 0.000253105 -0.058397230 -0.046579041 -0.000037263 0.998914599 4.169896603
0.998792470 -0.005895695 0.048772026 -0.019470260 0.006081040 0.999974787 -0.003652704 -0.058931053 -0.048749261 0.003944878 0.998803258 4.222311497
0.998686254 -0.004628528 0.051032525 -0.017428815 0.004976870 0.999965131 -0.006700901 -0.059061728 -0.050999731 0.006946079 0.998674512 4.253459930
0.998606622 -0.005550036 0.052479070 -0.014737487 0.005919967 0.999958694 -0.006896315 -0.061328053 -0.052438632 0.007197379 0.998598218 4.306180954
0.998616397 -0.005253892 0.052323285 -0.011476934 0.005627490 0.999959648 -0.006995420 -0.061734356 -0.052284420 0.007280190 0.998605728 4.360805035
0.998631716 -0.004750222 0.052078322 -0.010539964 0.005009902 0.999975622 -0.004856905 -0.062303253 -0.052053988 0.005111166 0.998631239 4.392359257
0.998705506 -0.005106783 0.050608866 -0.008119181 0.005278415 0.999980748 -0.003258270 -0.063525595 -0.050591253 0.003521187 0.998713255 4.446004868
0.998810112 -0.004985801 0.048513811 -0.005979821 0.005108893 0.999984026 -0.002413594 -0.064518228 -0.048501000 0.002658573 0.998819649 4.499212265
0.998910367 -0.005121801 0.046387367 -0.004407465 0.005203546 0.999985039 -0.001641645 -0.065761521 -0.046378255 0.001881234 0.998922229 4.553716183
0.999063373 -0.004268475 0.043060999 -0.002348065 0.004365199 0.999988139 -0.002152426 -0.065843135 -0.043051295 0.002338379 0.999070168 4.606153011
0.999208450 -0.002425965 0.039706469 -0.001627907 0.002540314 0.999992728 -0.002829662 -0.066491902 -0.039699323 0.002928289 0.999207377 4.626272202
0.999347448 -0.002654433 0.036023203 -0.001047999 0.002728978 0.999994278 -0.002020344 -0.067943297 -0.036017638 0.002117333 0.999348938 4.679944515
0.999471784 -0.001905985 0.032443829 0.000170067 0.001948054 0.999997318 -0.001265120 -0.068489656 -0.032441333 0.001327654 0.999472797 4.720386028
0.999618411 -0.001371457 0.027590493 0.001639187 0.001381944 0.999998987 -0.000361033 -0.069404259 -0.027589973 0.000399024 0.999619246 4.776527405
0.999706566 -0.001183187 0.024190469 0.001259640 0.001181245 0.999999344 0.000094543 -0.070489749 -0.024190567 -0.000065940 0.999707341 4.829762936
0.999824643 -0.000961852 0.018701205 0.003486335 0.000959297 0.999999523 0.000145552 -0.070701949 -0.018701332 -0.000127587 0.999825120 4.862217426
0.999913394 -0.000140518 0.013157385 0.004538588 0.000142624 1.000000000 -0.000159126 -0.071442097 -0.013157361 0.000160989 0.999913394 4.917136669
0.999963880 -0.000234942 0.008488538 0.004381441 0.000239248 0.999999821 -0.000506278 -0.071985997 -0.008488419 0.000508291 0.999963820 4.956776619
0.999993861 0.000873628 0.003385368 0.004346875 -0.000870193 0.999999106 -0.001015930 -0.072773769 -0.003386253 0.001012978 0.999993682 5.012246609
0.999996245 0.002736840 0.000037219 0.004515635 -0.002736791 0.999995410 -0.001264074 -0.073214151 -0.000040678 0.001263967 0.999999225 5.052236557
0.999984622 0.004987141 -0.002436528 0.004382130 -0.004989351 0.999987125 -0.000901844 -0.074729212 0.002431999 0.000913987 0.999996662 5.106938362
0.999977231 0.006109801 -0.002867836 0.003444340 -0.006114141 0.999980211 -0.001507270 -0.075112984 0.002858570 0.001524770 0.999994695 5.148017406
0.999955058 0.008526978 -0.004144656 0.003070237 -0.008530373 0.999963343 -0.000801956 -0.076303281 0.004137666 0.000837276 0.999991059 5.202550888
0.999937773 0.009923590 -0.005113332 0.002613865 -0.009926631 0.999950588 -0.000569870 -0.076579981 0.005107425 0.000620593 0.999986768 5.244266033
0.999942541 0.009185641 -0.005540587 0.001935411 -0.009185747 0.999957740 0.000006245 -0.077587351 0.005540410 0.000044650 0.999984682 5.300477505
0.999886453 0.013465776 -0.006761221 0.001442358 -0.013452729 0.999907494 0.001971635 -0.078138031 0.006787146 -0.001880455 0.999975204 5.341049194
0.999870241 0.014067808 -0.007858094 0.001305912 -0.014027538 0.999888301 0.005156507 -0.078822687 0.007929757 -0.005045608 0.999955833 5.396517754
0.999882281 0.013118273 -0.007958277 0.000150867 -0.013081014 0.999903262 0.004716081 -0.079259902 0.008019377 -0.004611423 0.999957204 5.438063145
0.999882877 0.012886725 -0.008245649 -0.000869539 -0.012861607 0.999912441 0.003092106 -0.079781026 0.008284774 -0.002985691 0.999961257 5.494648933
0.999906957 0.009871041 -0.009407358 -0.001004823 -0.009837259 0.999944985 0.003630512 -0.080450371 0.009442678 -0.003537632 0.999949098 5.551202297
0.999917626 0.007799303 -0.010193685 -0.001607500 -0.007740645 0.999953270 0.005781165 -0.080980211 0.010238299 -0.005701784 0.999931335 5.583896637
0.999934733 0.004123935 -0.010660422 -0.001514740 -0.004044391 0.999963880 0.007472442 -0.081603244 0.010690857 -0.007428839 0.999915242 5.640480995
0.999939084 0.002532355 -0.010741838 -0.002815295 -0.002437056 0.999957740 0.008875541 -0.082134783 0.010763858 -0.008848825 0.999902904 5.681342125
0.999943137 -0.001846017 -0.010501058 -0.003502954 0.001915414 0.999976397 0.006602256 -0.082226411 0.010488621 -0.006621996 0.999923050 5.738033295
0.999941230 -0.003778035 -0.010161814 -0.004258741 0.003843134 0.999972165 0.006394374 -0.083330236 0.010137375 -0.006433051 0.999927938 5.778083324
0.999938965 -0.005130356 -0.009787625 -0.004930258 0.005188398 0.999969065 0.005913991 -0.083715044 0.009756981 -0.005964412 0.999934614 5.835313320
0.999943852 -0.004884628 -0.009401234 -0.005754113 0.004941717 0.999969423 0.006058930 -0.084062718 0.009371351 -0.006105048 0.999937415 5.875721931
0.999950767 -0.004441025 -0.008869121 -0.006183680 0.004512162 0.999957621 0.008016986 -0.084394462 0.008833142 -0.008056611 0.999928474 5.933224201
0.999962389 -0.002196544 -0.008389843 -0.006856155 0.002279344 0.999948621 0.009872264 -0.085224405 0.008367728 -0.009891018 0.999916017 5.972706318
0.999962628 -0.002989420 -0.008111272 -0.007415898 0.003057045 0.999960482 0.008337704 -0.085933253 0.008086026 -0.008362190 0.999932289 6.029718876
0.999973178 -0.001536164 -0.007159062 -0.008471340 0.001582333 0.999977946 0.006447778 -0.086241290 0.007149000 -0.006458933 0.999953568 6.068847656
0.999977171 -0.001617245 -0.006562062 -0.009097066 0.001639992 0.999992609 0.003462580 -0.086771965 0.006556414 -0.003473262 0.999972463 6.126329422
0.999975920 -0.003014781 -0.006253681 -0.009596767 0.003013515 0.999995410 -0.000211824 -0.087612115 0.006254291 0.000192973 0.999980390 6.164957523
0.999983013 -0.002651752 -0.005184155 -0.010780476 0.002632253 0.999989331 -0.003764627 -0.088579550 0.005194084 0.003750917 0.999979496 6.221943855
0.999978364 -0.003175894 -0.005765123 -0.010349838 0.003149683 0.999984682 -0.004549952 -0.089519188 0.005779486 0.004531696 0.999972999 6.260514259
0.999979556 -0.003403245 -0.005412952 -0.011088165 0.003380586 0.999985516 -0.004189724 -0.091000423 0.005427131 0.004171340 0.999976575 6.316981316
0.999978423 -0.002994002 -0.005836446 -0.011401316 0.002971562 0.999988198 -0.003849668 -0.091607198 0.005847903 0.003832242 0.999975502 6.355329037
0.999979436 -0.002581113 -0.005870239 -0.012487743 0.002566334 0.999993563 -0.002523695 -0.092889935 0.005876715 0.002508579 0.999979556 6.412583351
0.999980271 -0.001914682 -0.005982607 -0.012833977 0.001901474 0.999995887 -0.002212434 -0.093455128 0.005986818 0.002201015 0.999979675 6.450346470
0.999976575 -0.001798775 -0.006607533 -0.013540922 0.001783281 0.999995649 -0.002350058 -0.094978012 0.006611732 0.002338220 0.999975443 6.505541801
0.999971211 -0.001214943 -0.007493344 -0.013554867 0.001198150 0.999996781 -0.002245090 -0.095431030 0.007496046 0.002236047 0.999969423 6.544234276
0.999963582 -0.001371507 -0.008435993 -0.013816409 0.001365845 0.999998927 -0.000676998 -0.096799776 0.008436912 0.000665451 0.999964297 6.599818707
0.999960601 -0.000706037 -0.008845849 -0.014681313 0.000701324 0.999999523 -0.000535869 -0.097246870 0.008846223 0.000529643 0.999960721 6.637828350
0.999951899 -0.000756193 -0.009779011 -0.015452627 0.000737860 0.999997914 -0.001878141 -0.098051541 0.009780410 0.001870835 0.999950349 6.694267750
0.999943316 0.000152682 -0.010645843 -0.015821990 -0.000184834 0.999995410 -0.003019179 -0.098874226 0.010645336 0.003020976 0.999938786 6.730959415
0.999940455 0.000914726 -0.010873239 -0.017163176 -0.000944924 0.999995649 -0.002772506 -0.100349806 0.010870657 0.002782616 0.999937057 6.788048267
0.999928772 0.000477175 -0.011926253 -0.017281495 -0.000518455 0.999993920 -0.003458482 -0.101265922 0.011924531 0.003464419 0.999922872 6.824748516
0.999923527 0.001290486 -0.012296179 -0.018512741 -0.001352133 0.999986589 -0.005006495 -0.102027029 0.012289553 0.005022739 0.999911845 6.880944252
0.999914765 0.001113078 -0.013008307 -0.019385345 -0.001168918 0.999990165 -0.004285854 -0.103227817 0.013003405 0.004300694 0.999906123 6.918634415
0.999899328 0.000668747 -0.014177729 -0.020396426 -0.000710261 0.999995530 -0.002923279 -0.104574367 0.014175710 0.002933054 0.999895155 6.974878311
0.999897063 0.001042190 -0.014305290 -0.021137096 -0.001077059 0.999996424 -0.002429960 -0.105193779 0.014302709 0.002445117 0.999894679 7.011696815
0.999869108 0.001206951 -0.016131651 -0.021702252 -0.001237561 0.999997497 -0.001887689 -0.106614210 0.016129332 0.001907407 0.999868035 7.068546295
0.999870062 0.002242734 -0.015959971 -0.023093149 -0.002274674 0.999995470 -0.001983396 -0.106759444 0.015955448 0.002019443 0.999870658 7.105129719
0.999855757 0.001573993 -0.016909385 -0.024255663 -0.001620150 0.999994993 -0.002716319 -0.108732224 0.016905027 0.002743323 0.999853373 7.162359238
0.999852896 0.002214836 -0.017008185 -0.025941297 -0.002266476 0.999992967 -0.003017513 -0.109852433 0.017001376 0.003055618 0.999850810 7.219673634
0.999840558 0.003757421 -0.017456561 -0.026455425 -0.003809517 0.999988377 -0.002951991 -0.109570041 0.017445268 0.003018021 0.999843240 7.244539738
0.999854267 0.003486621 -0.016711419 -0.029722251 -0.003559343 0.999984324 -0.004323862 -0.110965081 0.016696084 0.004382715 0.999850988 7.299379349
0.999843478 0.002263525 -0.017546171 -0.028809175 -0.002368517 0.999979436 -0.005965311 -0.111474492 0.017532306 0.006005935 0.999828279 7.337654591
0.999837458 -0.001155016 -0.017995372 -0.029971488 0.001066741 0.999987423 -0.004914192 -0.113305777 0.018000819 0.004894196 0.999826014 7.394463062
0.999833763 -0.001157827 -0.018197194 -0.030743599 0.001128065 0.999998033 -0.001645692 -0.113667198 0.018199060 0.001624891 0.999832988 7.430562496
0.999841154 -0.001669275 -0.017747924 -0.032747641 0.001716062 0.999995172 0.002621281 -0.114779532 0.017743461 -0.002651321 0.999839008 7.488212109
0.999828517 -0.001303828 -0.018468691 -0.033057794 0.001339560 0.999997199 0.001922509 -0.115327477 0.018466134 -0.001946919 0.999827564 7.522918701
0.999841511 0.000197710 -0.017796876 -0.035024427 -0.000227959 0.999998569 -0.001697664 -0.116049990 0.017796516 0.001701452 0.999840140 7.579126835
0.999823570 0.001033071 -0.018751195 -0.035033703 -0.001094606 0.999994040 -0.003271673 -0.116788581 0.018747702 0.003291621 0.999818802 7.614635944
0.999825716 0.001101248 -0.018633053 -0.037011042 -0.001164211 0.999993682 -0.003368554 -0.117626071 0.018629223 0.003389660 0.999820709 7.671397686
0.999822915 0.000374081 -0.018816365 -0.037191972 -0.000404162 0.999998569 -0.001594915 -0.119001180 0.018815747 0.001602238 0.999821603 7.705521107
0.999824345 0.000425815 -0.018735120 -0.038677476 -0.000407476 0.999999404 0.000982694 -0.120739840 0.018735528 -0.000974888 0.999823928 7.761320591
0.999836445 0.000123826 -0.018084146 -0.038826883 -0.000098733 0.999999046 0.001388422 -0.120618366 0.018084299 -0.001386410 0.999835432 7.796607018
0.999858677 0.000170443 -0.016809447 -0.039971277 -0.000163749 0.999999940 0.000399630 -0.121335752 0.016809510 -0.000396822 0.999858558 7.851484776
0.999886096 -0.001092715 -0.015047329 -0.041219234 0.001075431 0.999998748 -0.001156682 -0.122313276 0.015048574 0.001140367 0.999886096 7.907225609
0.999903619 -0.001303569 -0.013827232 -0.042054519 0.001271157 0.999996364 -0.002352642 -0.123241857 0.013830251 0.002334838 0.999901593 7.932323456
0.999927223 -0.001814822 -0.011926087 -0.044120610 0.001776716 0.999993205 -0.003204965 -0.124052107 0.011931823 0.003183543 0.999923646 7.987712383
0.999936461 -0.001260237 -0.011200225 -0.043342572 0.001237316 0.999997139 -0.002053194 -0.125177175 0.011202779 0.002039206 0.999935150 8.021697044
0.999949932 -0.001502676 -0.009898942 -0.044316012 0.001498959 0.999998868 -0.000382835 -0.126379430 0.009899504 0.000367978 0.999950945 8.076309204
0.999963999 -0.000557089 -0.008469228 -0.044759929 0.000560728 0.999999762 0.000427328 -0.127202839 0.008468987 -0.000432062 0.999964058 8.110404015
0.999975502 -0.001223845 -0.006894345 -0.046008565 0.001223941 0.999999285 0.000009726 -0.127980471 0.006894327 -0.000018164 0.999976218 8.164855957
0.999977827 -0.000782942 -0.006618952 -0.045390863 0.000786344 0.999999583 0.000511419 -0.128943056 0.006618549 -0.000516612 0.999977946 8.197802544
0.999984145 -0.000993921 -0.005559450 -0.045836672 0.000998159 0.999999166 0.000759429 -0.130010441 0.005558691 -0.000764966 0.999984264 8.251024246
0.999989927 -0.000431483 -0.004478649 -0.046699539 0.000434538 0.999999762 0.000681206 -0.131176963 0.004478354 -0.000683145 0.999989808 8.304333687
0.999992430 -0.000541621 -0.003841357 -0.046578582 0.000544157 0.999999583 0.000659032 -0.131365597 0.003840999 -0.000661117 0.999992371 8.326414108
0.999993503 -0.001529954 -0.003247217 -0.047279231 0.001532040 0.999998510 0.000639884 -0.132227927 0.003246233 -0.000644855 0.999994516 8.378343582
0.999994993 -0.001476830 -0.002789855 -0.047406211 0.001481832 0.999997258 0.001791962 -0.133180931 0.002787202 -0.001796087 0.999994457 8.409825325
0.999993086 -0.002187719 -0.002987880 -0.048167840 0.002195565 0.999994099 0.002625070 -0.134322822 0.002982120 -0.002631612 0.999992073 8.460144043
0.999990940 -0.001785942 -0.003841755 -0.047933109 0.001795857 0.999995053 0.002578904 -0.134682536 0.003837130 -0.002585781 0.999989271 8.491128922
0.999989688 -0.001474232 -0.004286902 -0.048567183 0.001482026 0.999997199 0.001815587 -0.136044562 0.004284214 -0.001821922 0.999989152 8.540089607
0.999986947 -0.001184925 -0.004978434 -0.048564114 0.001188655 0.999998987 0.000746405 -0.136200458 0.004977545 -0.000752313 0.999987364 8.569789886
0.999981999 -0.001449604 -0.005830744 -0.048746150 0.001454297 0.999998569 0.000800829 -0.137440398 0.005829576 -0.000809294 0.999982715 8.618352890
0.999973834 -0.001816553 -0.007002468 -0.049156141 0.001821761 0.999997973 0.000737424 -0.137881801 0.007001115 -0.000750162 0.999975204 8.646152496
0.999956667 -0.001964813 -0.009108085 -0.049207911 0.001980799 0.999996364 0.001746487 -0.138852790 0.009104623 -0.001764452 0.999956965 8.692955017
0.999936938 -0.003208994 -0.010762257 -0.050167210 0.003244474 0.999989331 0.003280869 -0.139367774 0.010751613 -0.003315580 0.999936700 8.720709801
0.999919415 -0.002845567 -0.012371447 -0.051448788 0.002903115 0.999984980 0.004636240 -0.139762282 0.012358068 -0.004671782 0.999912739 8.766579628
0.999888241 -0.002575339 -0.014725807 -0.052345447 0.002655492 0.999981642 0.005426083 -0.141247198 0.014711564 -0.005464582 0.999876857 8.812431335
0.999831975 -0.002632716 -0.018141983 -0.052295282 0.002718740 0.999985158 0.004718699 -0.141413152 0.018129291 -0.004767229 0.999824286 8.829197884
0.999777675 -0.002182119 -0.020972751 -0.053665802 0.002275316 0.999987662 0.004420889 -0.141664162 0.020962844 -0.004467625 0.999770284 8.872808456
0.999715984 -0.001812196 -0.023765478 -0.054835945 0.001939278 0.999983966 0.005325370 -0.142769098 0.023755442 -0.005369944 0.999703348 8.914832115
0.999628365 -0.001669802 -0.027207883 -0.055049583 0.001801716 0.999986708 0.004824553 -0.143128380 0.027199460 -0.004871781 0.999618113 8.931080818
0.999541461 -0.001831181 -0.030226244 -0.056575760 0.001969791 0.999987602 0.004556593 -0.143941671 0.030217525 -0.004614043 0.999532700 8.971535683
0.999434292 -0.002043040 -0.033569008 -0.057324424 0.002156195 0.999992132 0.003334963 -0.144169167 0.033561934 -0.003405458 0.999430835 8.994805336
0.999317825 -0.001166417 -0.036913153 -0.058940172 0.001296535 0.999993086 0.003501220 -0.145185858 0.036908813 -0.003546691 0.999312341 9.032945633
0.999206364 -0.000467497 -0.039833322 -0.060016841 0.000567560 0.999996722 0.002500759 -0.145394549 0.039832026 -0.002521382 0.999203205 9.055450439
0.999118686 0.001390181 -0.041954614 -0.061750293 -0.001309777 0.999997199 0.001943871 -0.145884559 0.041957200 -0.001887206 0.999117613 9.092268944
0.999065578 0.001809800 -0.043182295 -0.062782168 -0.001677316 0.999993801 0.003104056 -0.146668524 0.043187633 -0.003028726 0.999062359 9.113324165
0.999060512 0.001631929 -0.043306418 -0.064138860 -0.001453912 0.999990344 0.004141822 -0.147347718 0.043312747 -0.004074968 0.999053240 9.148308754
0.999096096 0.002412736 -0.042440981 -0.066294819 -0.002220381 0.999987125 0.004578856 -0.147820204 0.042451479 -0.004480481 0.999088466 9.182003975
0.999109268 0.001293570 -0.042177975 -0.066658884 -0.001102170 0.999988973 0.004560850 -0.148403704 0.042183414 -0.004510300 0.999099672 9.195248604
0.999128699 0.001586515 -0.041706447 -0.068228722 -0.001492441 0.999996305 0.002286642 -0.148913905 0.041709926 -0.002222405 0.999127269 9.228333473
0.999164760 0.002003643 -0.040812600 -0.069068640 -0.001991605 0.999997973 0.000335604 -0.149297982 0.040813185 -0.000254042 0.999166727 9.247596741
0.999216557 0.002108294 -0.039519984 -0.070599467 -0.002153135 0.999997139 -0.001092128 -0.149956942 0.039517563 0.001176364 0.999218106 9.279916763
0.999258757 0.002281292 -0.038425058 -0.071232051 -0.002347844 0.999995768 -0.001686969 -0.150213510 0.038421046 0.001775935 0.999260068 9.300007820
0.999321103 0.002114118 -0.036779013 -0.072406352 -0.002178410 0.999996185 -0.001708062 -0.150911674 0.036775257 0.001787022 0.999321997 9.331786156
0.999381781 0.001904677 -0.035105046 -0.073781341 -0.001966438 0.999996603 -0.001724887 -0.151684210 0.035101645 0.001792852 0.999382198 9.364148140
0.999450088 0.001577570 -0.033120263 -0.074156374 -0.001637204 0.999997079 -0.001773479 -0.151943147 0.033117369 0.001826728 0.999449790 9.376731873
0.999516785 0.000907027 -0.031071365 -0.075137272 -0.000969908 0.999997556 -0.002008737 -0.152746603 0.031069465 0.002037903 0.999515176 9.407651901
0.999595582 0.000687331 -0.028428050 -0.075988486 -0.000713592 0.999999404 -0.000913630 -0.153924957 0.028427407 0.000933547 0.999595404 9.439293861
0.999683261 -0.000185012 -0.025167750 -0.076465338 0.000164428 0.999999583 -0.000819944 -0.153620139 0.025167894 0.000815546 0.999682903 9.452437401
0.999756813 -0.000654283 -0.022044571 -0.077289134 0.000633693 0.999999344 -0.000940994 -0.153956428 0.022045173 0.000926795 0.999756515 9.483799934
0.999814451 -0.000814573 -0.019245936 -0.077587932 0.000799913 0.999999344 -0.000769375 -0.154472813 0.019246550 0.000753837 0.999814451 9.502305031
0.999867857 -0.001188507 -0.016210880 -0.078063078 0.001163582 0.999998093 -0.001546901 -0.154867724 0.016212689 0.001527834 0.999867320 9.533163071
0.999912560 -0.001668290 -0.013114507 -0.078455418 0.001652630 0.999997914 -0.001204872 -0.155488446 0.013116488 0.001183094 0.999913275 9.551489830
0.999947011 -0.000968825 -0.010244304 -0.079001389 0.000950826 0.999998033 -0.001761684 -0.156186715 0.010245990 0.001751851 0.999945939 9.582247734
0.999971926 -0.000688204 -0.007466821 -0.078999124 0.000668473 0.999996305 -0.002644738 -0.156414002 0.007468614 0.002639672 0.999968648 9.600893974
0.999989510 -0.000148450 -0.004602200 -0.079331398 0.000139439 0.999998093 -0.001958371 -0.156887561 0.004602483 0.001957708 0.999987543 9.632367134
0.999998093 -0.000345079 -0.001891831 -0.079344392 0.000342682 0.999999106 -0.001267517 -0.157317489 0.001892266 0.001266866 0.999997377 9.651162148
0.999999702 -0.000773767 0.000293778 -0.079455398 0.000774173 0.999998748 -0.001385626 -0.157898903 -0.000292705 0.001385853 0.999998987 9.682694435
0.999996781 -0.000319739 0.002522091 -0.079401612 0.000327368 0.999995291 -0.003024967 -0.158301741 -0.002521112 0.003025783 0.999992192 9.701677322
0.999988496 -0.000839232 0.004732318 -0.079623789 0.000861496 0.999988496 -0.004704662 -0.159075558 -0.004728315 0.004708684 0.999977708 9.733331680
0.999986112 -0.001415715 0.005074997 -0.079416141 0.001450878 0.999974906 -0.006931755 -0.159292251 -0.005065056 0.006939022 0.999963105 9.752407074
0.999984026 -0.001534862 0.005439996 -0.079642743 0.001574820 0.999971688 -0.007348657 -0.160000145 -0.005428563 0.007357106 0.999958217 9.784929276
0.999980330 -0.002565483 0.005733553 -0.079492554 0.002610522 0.999965668 -0.007861761 -0.160472587 -0.005713187 0.007876575 0.999952614 9.804233551
0.999986351 -0.000326813 0.005200921 -0.079245389 0.000368095 0.999968410 -0.007938513 -0.161267608 -0.005198163 0.007940320 0.999954939 9.838473320
0.999982059 -0.000981946 0.005902912 -0.079270229 0.001033209 0.999961734 -0.008687548 -0.161504760 -0.005894155 0.008693491 0.999944806 9.857424736
0.999980748 -0.001088756 0.006106604 -0.079316817 0.001154371 0.999941528 -0.010751734 -0.162376523 -0.006094541 0.010758575 0.999923527 9.889964104
0.999961257 -0.005935980 0.006490511 -0.078999519 0.006018919 0.999899447 -0.012834352 -0.162833199 -0.006413675 0.012872920 0.999896526 9.910770416
0.999935985 -0.009279091 0.006467524 -0.078348011 0.009368271 0.999859512 -0.013897463 -0.163329661 -0.006337659 0.013957160 0.999882519 9.946566582
0.999951839 -0.006494301 0.007349788 -0.078605935 0.006567018 0.999929249 -0.009913247 -0.163669586 -0.007284888 0.009961035 0.999923825 9.965130806
0.999965429 -0.002806125 0.007815722 -0.078802027 0.002830647 0.999991059 -0.003128377 -0.164620474 -0.007806873 0.003150392 0.999964535 9.999711037
0.999960899 -0.003535101 0.008095317 -0.078308843 0.003537506 0.999993682 -0.000282770 -0.165071025 -0.008094265 0.000311395 0.999967158 10.036144257
0.999929905 -0.003863269 0.011192005 -0.078438632 0.003890631 0.999989510 -0.002423994 -0.165262714 -0.011182522 0.002467368 0.999934435 10.047809601
0.999888301 -0.002861671 0.014672316 -0.077777728 0.002988301 0.999958456 -0.008615877 -0.165884629 -0.014647050 0.008658759 0.999855220 10.083687782
0.999819219 -0.001703604 0.018934792 -0.077579558 0.001931848 0.999925673 -0.012042467 -0.166644126 -0.018912867 0.012076871 0.999748230 10.120952606
0.999742031 0.000409475 0.022704527 -0.077999279 -0.000144986 0.999932170 -0.011649555 -0.167471021 -0.022707757 0.011643258 0.999674320 10.156809807
0.999672830 -0.000943199 0.025558393 -0.076697081 0.001206105 0.999946475 -0.010273027 -0.167189807 -0.025547342 0.010300492 0.999620557 10.161685944
0.999605000 -0.003984923 0.027814208 -0.075262487 0.004179677 0.999967217 -0.006947342 -0.168366015 -0.027785612 0.007060854 0.999589026 10.199035645
0.999496341 -0.006245929 0.031112475 -0.074423879 0.006430149 0.999962389 -0.005824537 -0.169066072 -0.031074926 0.006021662 0.999498963 10.237154961
0.999376178 -0.005630606 0.034862824 -0.074370444 0.005811878 0.999970078 -0.005100438 -0.169010848 -0.034833070 0.005299875 0.999379039 10.249800682
0.999321580 -0.003523476 0.036657747 -0.072325855 0.003775116 0.999969780 -0.006797610 -0.170148119 -0.036632683 0.006931386 0.999304712 10.288239479
0.999218047 -0.002230355 0.039475545 -0.071896225 0.002596727 0.999953985 -0.009232134 -0.170834899 -0.039453149 0.009327421 0.999177873 10.325323105
0.999098659 -0.001586815 0.042418838 -0.071452826 0.002000886 0.999950707 -0.009720827 -0.171022356 -0.042401329 0.009796940 0.999052584 10.338243484
0.999033988 -0.001257826 0.043925934 -0.068763375 0.001559834 0.999975324 -0.006841787 -0.172472805 -0.043916240 0.006903695 0.999011278 10.377263069
0.998843670 0.001263893 0.048057720 -0.068773687 -0.000973572 0.999981165 -0.006064019 -0.172288150 -0.048064478 0.006010220 0.998826146 10.397543907
0.998695731 0.001853694 0.051021129 -0.067110479 -0.001511734 0.999976158 -0.006740095 -0.172682375 -0.051032417 0.006654175 0.998674810 10.435472488
0.998535633 0.002140566 0.054057367 -0.066433012 -0.001764109 0.999973893 -0.007010783 -0.173346609 -0.054070968 0.006905152 0.998513222 10.456244469
0.998431563 0.000510728 0.055984154 -0.063657761 -0.000083635 0.999970913 -0.007630898 -0.174204171 -0.055986419 0.007614247 0.998402536 10.495153427
0.998287261 -0.002581351 0.058445852 -0.063110113 0.002987450 0.999971926 -0.006861974 -0.174603060 -0.058426496 0.007024825 0.998266935 10.515171051
0.998246729 -0.003405868 0.059092693 -0.060847938 0.003824146 0.999968410 -0.006966701 -0.175439835 -0.059067104 0.007180465 0.998228192 10.553138733
0.998199403 -0.004031388 0.059847184 -0.059905946 0.004454405 0.999966145 -0.006936578 -0.175965548 -0.059817195 0.007190672 0.998183489 10.574177742
0.998146296 -0.004990394 0.060654849 -0.058021247 0.005377893 0.999966145 -0.006227016 -0.177368313 -0.060621727 0.006541668 0.998139381 10.612388611
0.998173892 -0.004699539 0.060222704 -0.056569219 0.005050018 0.999971271 -0.005668848 -0.177677095 -0.060194332 0.005962624 0.998168826 10.633850098
0.998225331 -0.003696456 0.059434500 -0.054148316 0.004032542 0.999976516 -0.005535777 -0.178373590 -0.059412643 0.005765625 0.998216808 10.672676086
0.998290122 -0.004106686 0.058307528 -0.053160846 0.004488789 0.999969244 -0.006423778 -0.178839833 -0.058279362 0.006674525 0.998277962 10.693809509
0.998382509 -0.004178733 0.056699175 -0.051153779 0.004576084 0.999965906 -0.006880045 -0.180123627 -0.056668486 0.007128377 0.998367667 10.732455254
0.998488784 -0.002869262 0.054879308 -0.050036669 0.003308360 0.999963224 -0.007911992 -0.180312112 -0.054854594 0.008081598 0.998461664 10.753561974
0.998560846 -0.000681982 0.053625904 -0.048171878 0.001143134 0.999962687 -0.008569220 -0.180905104 -0.053618059 0.008618190 0.998524368 10.792329788
0.998657644 -0.000692748 0.051792786 -0.047626257 0.001139400 0.999962449 -0.008594782 -0.181893066 -0.051784888 0.008642256 0.998620868 10.812480927
0.998780489 0.000055931 0.049370654 -0.045768797 0.000350738 0.999966204 -0.008228358 -0.182669103 -0.049369439 0.008235640 0.998746634 10.851311684
0.998901963 -0.000066290 0.046849485 -0.045071006 0.000389151 0.999976277 -0.006882348 -0.183204547 -0.046847925 0.006893024 0.998878181 10.872033119
0.999101222 -0.001181491 0.042369958 -0.043435812 0.001380617 0.999988139 -0.004670752 -0.184096947 -0.042363934 0.004725051 0.999091029 10.910894394
0.999284446 -0.002356030 0.037750725 -0.042327195 0.002465745 0.999992847 -0.002860013 -0.185094833 -0.037743717 0.002951052 0.999283016 10.949239731
0.999450803 -0.003036166 0.032996848 -0.042282552 0.003083859 0.999994278 -0.001394568 -0.185356349 -0.032992430 0.001495560 0.999454439 10.959477425
0.999586165 -0.002921821 0.028617471 -0.041896850 0.002951195 0.999995172 -0.000984235 -0.186043367 -0.028614460 0.001068283 0.999589980 10.996706963
0.999705017 -0.004275125 0.023906562 -0.041483551 0.004279871 0.999990821 -0.000147307 -0.186926872 -0.023905717 0.000249580 0.999714196 11.032536507
0.999809444 -0.004825541 0.018920491 -0.041076019 0.004831397 0.999988258 -0.000263734 -0.187052876 -0.018918999 0.000355096 0.999820948 11.043897629
0.999868929 -0.004855452 0.015445881 -0.041567877 0.004862859 0.999988019 -0.000442011 -0.187783703 -0.015443550 0.000517064 0.999880552 11.078987122
0.999923348 -0.005117442 0.011278000 -0.041006148 0.005117609 0.999986827 0.000014053 -0.189016387 -0.011277923 0.000043665 0.999936342 11.113245964
0.999965012 -0.004260120 0.007198511 -0.041121878 0.004265699 0.999990582 -0.000760037 -0.188891113 -0.007195205 0.000790717 0.999973774 11.123220444
0.999982655 -0.004819941 0.003390973 -0.040999684 0.004823766 0.999987721 -0.001121185 -0.189182624 -0.003385528 0.001137523 0.999993563 11.155471802
0.999984682 -0.005482096 -0.000804156 -0.041259490 0.005480047 0.999981761 -0.002529191 -0.188781038 0.000818005 0.002524745 0.999996424 11.187791824
0.999978542 -0.004151552 -0.005073701 -0.042475168 0.004136271 0.999986827 -0.003018783 -0.190572396 0.005086167 0.002997732 0.999982536 11.195148468
