0.999999046 0.000724256 0.001179790 0.000184130 -0.000723398 0.999999464 -0.000727229 -0.001200513 -0.001180316 0.000726375 0.999999046 0.060517661
0.999997854 0.001072049 0.001721614 0.000647036 -0.001072136 0.999999404 0.000049800 -0.002441865 -0.001721560 -0.000051646 0.999998510 0.121706322
0.999999106 0.000138624 0.001335005 0.001605369 -0.000139538 0.999999702 0.000684912 -0.003610159 -0.001334911 -0.000685098 0.999998927 0.182838693
0.999997854 -0.000329241 0.002045803 0.001882107 0.000328843 0.999999940 0.000194608 -0.004300840 -0.002045867 -0.000193935 0.999997854 0.244281933
0.999997556 -0.000781968 0.002064260 0.002455828 0.000781714 0.999999642 0.000123750 -0.005271948 -0.002064356 -0.000122136 0.999997854 0.305725813
0.999993205 -0.000088971 0.003696449 0.002208331 0.000092162 0.999999642 -0.000862887 -0.006241641 -0.003696370 0.000863222 0.999992847 0.367465943
0.999990284 -0.000176756 0.004405905 0.002066365 0.000181398 0.999999344 -0.001053189 -0.007407400 -0.004405716 0.001053978 0.999989748 0.428106397
0.999986529 -0.000747340 0.005119480 0.001658154 0.000746455 0.999999702 0.000174753 -0.008363228 -0.005119611 -0.000170929 0.999986827 0.487322122
0.999991596 -0.001584606 0.003776605 0.001742443 0.001579816 0.999997914 0.001271184 -0.009717491 -0.003778612 -0.001265207 0.999992073 0.546813905
0.999995530 -0.002732090 0.001232701 0.001683963 0.002731051 0.999995887 0.000843703 -0.010527315 -0.001235002 -0.000840333 0.999998927 0.602404177
0.999996603 -0.002492805 -0.000749773 0.001619960 0.002493107 0.999996722 0.000400885 -0.011677615 0.000748771 -0.000402753 0.999999642 0.664921284
0.999996781 -0.001788596 -0.001752736 0.000876075 0.001789115 0.999998271 0.000294971 -0.012770288 0.001752205 -0.000298106 0.999998450 0.721437156
0.999994397 -0.000805694 -0.003250597 0.001156171 0.000806946 0.999999583 0.000383840 -0.013809148 0.003250286 -0.000386460 0.999994576 0.783190250
0.999992013 -0.001014822 -0.003866827 0.000768193 0.001014275 0.999999404 -0.000143393 -0.014407543 0.003866971 0.000139469 0.999992490 0.839309454
0.999989033 -0.001690499 -0.004363280 0.000413556 0.001694610 0.999998093 0.000938681 -0.015829958 0.004361685 -0.000946065 0.999989986 0.900385201
0.999985754 -0.002344272 -0.004799017 -0.000081800 0.002349842 0.999996543 0.001155269 -0.016796108 0.004796293 -0.001166529 0.999987841 0.957914054
0.999984026 -0.001382583 -0.005478738 -0.000635894 0.001382779 0.999998987 0.000031955 -0.017820382 0.005478689 -0.000039530 0.999984920 1.017907023
0.999978304 -0.002925060 -0.005899118 -0.001428532 0.002919586 0.999995291 -0.000936292 -0.018779000 0.005901830 0.000919049 0.999982119 1.074217677
0.999979317 -0.000080719 -0.006429511 -0.001858050 0.000077863 1.000000000 -0.000444406 -0.019755615 0.006429546 0.000443896 0.999979198 1.133655906
0.999975443 -0.000654657 -0.006975661 -0.002738172 0.000653497 0.999999762 -0.000168609 -0.021358468 0.006975770 0.000164046 0.999975622 1.189932346
0.999961615 -0.001403575 -0.008648358 -0.002617847 0.001393443 0.999998271 -0.001177471 -0.022013403 0.008649996 0.001165375 0.999961853 1.248888135
0.999953210 -0.000226437 -0.009671556 -0.003009604 0.000221031 0.999999702 -0.000560072 -0.022682210 0.009671680 0.000557908 0.999953091 1.306497216
0.999944508 -0.002292256 -0.010284240 -0.004292908 0.002306168 0.999996424 0.001341035 -0.024110030 0.010281131 -0.001364678 0.999946177 1.361831784
0.999940097 -0.001704609 -0.010819013 -0.005236414 0.001717723 0.999997735 0.001202992 -0.024897799 0.010816939 -0.001221504 0.999940753 1.417876720
0.999920845 -0.003309564 -0.012129196 -0.005768247 0.003318172 0.999994159 0.000689640 -0.026057540 0.012126841 -0.000729832 0.999926150 1.475444913
0.999908805 -0.002929240 -0.013175692 -0.006514921 0.002926368 0.999995649 -0.000237260 -0.027196908 0.013176330 0.000198682 0.999913156 1.532924891
0.999898732 -0.003181773 -0.013867640 -0.007834045 0.003180293 0.999994934 -0.000128777 -0.028290113 0.013867980 0.000084660 0.999903798 1.588261366
0.999886572 -0.003571151 -0.014628538 -0.008575018 0.003577185 0.999993563 0.000386428 -0.029276289 0.014627065 -0.000438714 0.999892890 1.643880367
0.999883294 -0.003684797 -0.014822190 -0.010215171 0.003697646 0.999992907 0.000839572 -0.030192522 0.014818988 -0.000894282 0.999889731 1.699679613
0.999866366 -0.004299521 -0.015768260 -0.010974476 0.004319957 0.999989867 0.001262133 -0.031598128 0.015762672 -0.001330083 0.999874890 1.754692316
0.999855578 -0.003994513 -0.016513951 -0.011244915 0.004005603 0.999991775 0.000638604 -0.032297630 0.016511263 -0.000704660 0.999863386 1.812184334
0.999850214 -0.005536388 -0.016395802 -0.012732930 0.005553396 0.999984145 0.000992057 -0.033029083 0.016390048 -0.001082961 0.999865115 1.869569063
0.999840856 -0.004653646 -0.017221691 -0.012639618 0.004703279 0.999984801 0.002842647 -0.034314599 0.017208204 -0.002923194 0.999847591 1.923297405
0.999845922 -0.003306729 -0.017239558 -0.013708543 0.003363251 0.999989092 0.003250654 -0.034788847 0.017228620 -0.003308134 0.999846101 1.980607748
0.999847770 -0.003868093 -0.017007818 -0.015226128 0.003924370 0.999986827 0.003276831 -0.036248311 0.016994918 -0.003343077 0.999849975 2.035972357
0.999854267 -0.002275798 -0.016914150 -0.016347993 0.002326326 0.999992847 0.002968215 -0.036328454 0.016907273 -0.003007131 0.999852598 2.087213278
0.999859631 0.000608966 -0.016739819 -0.017393025 -0.000539462 0.999991179 0.004156217 -0.036436062 0.016742203 -0.004146603 0.999851286 2.145183325
0.999885321 0.000266360 -0.015139985 -0.018224599 -0.000148665 0.999969900 0.007774376 -0.037651181 0.015141597 -0.007771234 0.999855161 2.196631670
0.999910474 0.001009758 -0.013342847 -0.019356184 -0.000869834 0.999944627 0.010488409 -0.037915014 0.013352697 -0.010475864 0.999855995 2.253909111
0.999934554 0.001825515 -0.011293882 -0.020575423 -0.001669804 0.999903619 0.013781307 -0.038464326 0.011317952 -0.013761546 0.999841273 2.311800718
0.999950290 0.000664040 -0.009951075 -0.021363256 -0.000511406 0.999882281 0.015333186 -0.038849909 0.009960085 -0.015327334 0.999832869 2.360404253
0.999961317 -0.000812822 -0.008756748 -0.021590572 0.000929059 0.999911427 0.013278197 -0.038760100 0.008745180 -0.013285822 0.999873459 2.418022871
0.999971092 0.000030691 -0.007622574 -0.022485523 0.000061199 0.999927342 0.012054441 -0.039277397 0.007622393 -0.012054558 0.999898314 2.468537807
0.999971628 0.000000369 -0.007537959 -0.022800505 0.000088647 0.999930322 0.011808769 -0.039745111 0.007537439 -0.011809102 0.999901891 2.525386572
0.999972463 -0.000577114 -0.007399518 -0.023260176 0.000658194 0.999939740 0.010959730 -0.039780188 0.007392746 -0.010964298 0.999912560 2.576313019
0.999969065 -0.002206004 -0.007547376 -0.024700601 0.002277648 0.999952376 0.009497084 -0.040225182 0.007526064 -0.009513980 0.999926448 2.633081198
0.999952912 -0.001227580 -0.009627304 -0.024504073 0.001331249 0.999941111 0.010769175 -0.041002888 0.009613517 -0.010781485 0.999895692 2.684444904
0.999937296 -0.002040821 -0.011007453 -0.025340093 0.002169759 0.999928951 0.011714458 -0.041269932 0.010982764 -0.011737607 0.999870718 2.738534927
0.999915183 -0.002584842 -0.012757989 -0.025667004 0.002736769 0.999925375 0.011905353 -0.041607913 0.012726264 -0.011939260 0.999847710 2.795833349
0.999902427 -0.001209289 -0.013917617 -0.026728891 0.001374845 0.999928296 0.011892025 -0.041708212 0.013902240 -0.011909999 0.999832392 2.845318794
0.999886453 -0.000967204 -0.015035316 -0.027609857 0.001140784 0.999932766 0.011540507 -0.042045463 0.015023140 -0.011556347 0.999820352 2.902938604
0.999889016 -0.001376001 -0.014826686 -0.028707204 0.001538059 0.999939144 0.010924278 -0.041999735 0.014810752 -0.010945871 0.999830365 2.951481104
0.999876797 -0.002221624 -0.015536388 -0.029506076 0.002376025 0.999947965 0.009926589 -0.042338856 0.015513523 -0.009962279 0.999830008 3.009135246
0.999867260 -0.003159397 -0.015983807 -0.030333750 0.003342333 0.999929011 0.011431233 -0.042950794 0.015946556 -0.011483141 0.999806881 3.057893038
0.999854088 -0.002899849 -0.016831148 -0.030844584 0.003117496 0.999911606 0.012919426 -0.043386191 0.016792197 -0.012970013 0.999774814 3.116335630
0.999850988 -0.003507924 -0.016904946 -0.033227891 0.003703156 0.999926627 0.011531380 -0.044063549 0.016863255 -0.011592265 0.999790549 3.173526764
0.999854684 -0.001232074 -0.017001066 -0.033663169 0.001401484 0.999949455 0.009956377 -0.043988764 0.016987938 -0.009978757 0.999805868 3.215193033
0.999857247 0.001193779 -0.016849298 -0.035753332 -0.001016472 0.999944091 0.010527756 -0.044485666 0.016860923 -0.010509129 0.999802530 3.272311449
0.999848008 0.003175390 -0.017138468 -0.036246415 -0.002992751 0.999938548 0.010671865 -0.044879775 0.017171301 -0.010618954 0.999796093 3.331762075
0.999837935 0.004699709 -0.017376969 -0.036897928 -0.004512934 0.999931693 0.010772108 -0.045106601 0.017426409 -0.010691940 0.999790967 3.372385025
0.999846041 0.004644708 -0.016917521 -0.038327239 -0.004429326 0.999908984 0.012746572 -0.046121623 0.016975185 -0.012669675 0.999775589 3.428415537
0.999864340 0.007124156 -0.014854694 -0.038905807 -0.006937918 0.999897182 0.012551343 -0.045725144 0.014942582 -0.012446579 0.999810934 3.475185633
0.999905765 0.006126152 -0.012289446 -0.039973408 -0.005999533 0.999928772 0.010313581 -0.046257455 0.012351752 -0.010238877 0.999871373 3.531920195
0.999948025 0.003092936 -0.009719743 -0.040511586 -0.003043405 0.999982297 0.005106537 -0.046543326 0.009735366 -0.005076690 0.999939740 3.576683998
0.999966264 0.003521143 -0.007419241 -0.041065060 -0.003489643 0.999984801 0.004254417 -0.047088560 0.007434108 -0.004228383 0.999963462 3.634433985
0.999988198 0.002834826 -0.003941089 -0.041605350 -0.002800315 0.999957919 0.008734735 -0.047777180 0.003965685 -0.008723594 0.999954045 3.677783966
0.999993265 0.003640836 -0.000398566 -0.042294361 -0.003636691 0.999943912 0.009948582 -0.048561499 0.000434766 -0.009947065 0.999950409 3.732967854
0.999991536 0.002788557 0.003007949 -0.041976072 -0.002814114 0.999959707 0.008525800 -0.049073525 -0.002984053 -0.008534190 0.999959111 3.790487051
0.999972582 0.003064229 0.006750954 -0.042284362 -0.003096439 0.999983788 0.004765906 -0.049255896 -0.006736240 -0.004786678 0.999965787 3.824671984
0.999941528 0.002158481 0.010604387 -0.042631872 -0.002163060 0.999997556 0.000420268 -0.049575694 -0.010603453 -0.000443181 0.999943614 3.878508806
0.999906242 0.001054337 0.013654486 -0.041579381 -0.001059351 0.999999404 0.000359975 -0.050771516 -0.013654100 -0.000374406 0.999906659 3.920836687
0.999844790 0.000778772 0.017607652 -0.040396854 -0.000820029 0.999996960 0.002336014 -0.051513217 -0.017605778 -0.002350089 0.999842227 3.973654985
0.999776483 0.001634124 0.021078642 -0.039799035 -0.001685693 0.999995589 0.002429015 -0.052027017 -0.021074586 -0.002464004 0.999774873 4.014720440
0.999693334 0.000992996 0.024742756 -0.038735189 -0.000999257 0.999999404 0.000240691 -0.052910861 -0.024742506 -0.000265342 0.999693811 4.069301605
0.999598980 0.001510678 0.028277252 -0.037878640 -0.001458681 0.999997139 -0.001859369 -0.053733483 -0.028279979 0.001817375 0.999598384 4.124419689
0.999512851 0.001407289 0.031175934 -0.035840079 -0.001331704 0.999996126 -0.002445094 -0.054502271 -0.031179260 0.002402386 0.999510884 4.154672146
0.999427676 0.000084042 0.033826828 -0.034036547 -0.000034591 0.999998868 -0.001462471 -0.055331565 -0.033826910 0.001460464 0.999426544 4.209141254
0.999318540 -0.000467723 0.036907338 -0.032628804 0.000462582 0.999999881 0.000147854 -0.055997219 -0.036907405 -0.000130681 0.999318600 4.247071266
0.999210119 -0.001388866 0.039713603 -0.030901864 0.001325327 0.999997675 0.001626216 -0.056720898 -0.039715771 -0.001572299 0.999209702 4.301896095
0.999109983 -0.002664378 0.042094763 -0.029306695 0.002547661 0.999992788 0.002826141 -0.057954542 -0.042101979 -0.002716382 0.999109566 4.354587555
0.998985052 -0.004006749 0.044861540 -0.028333008 0.003973755 0.999991775 0.000824594 -0.058473095 -0.044864468 -0.000645489 0.998992920 4.383326054
0.998901308 -0.005065541 0.046587516 -0.025024518 0.005213814 0.999981761 -0.003061717 -0.058732230 -0.046571150 0.003301252 0.998909533 4.438059807
0.998774707 -0.004382608 0.049294077 -0.024291500 0.004641656 0.999976039 -0.005141918 -0.060346201 -0.049270365 0.005364423 0.998771012 4.474297047
0.998680890 -0.004037246 0.051187295 -0.022068381 0.004374420 0.999969482 -0.006476743 -0.060980842 -0.051159579 0.006692114 0.998668075 4.529064178
0.998678446 -0.004768426 0.051172722 -0.018874183 0.005081715 0.999969244 -0.005993810 -0.062126134 -0.051142555 0.006245935 0.998671830 4.583306313
0.998727679 -0.004613290 0.050215788 -0.017431945 0.004805722 0.999981582 -0.003712045 -0.063087270 -0.050197732 0.003948645 0.998731494 4.612985134
0.998794496 -0.005319015 0.048797898 -0.015348151 0.005433314 0.999982774 -0.002209932 -0.064100012 -0.048785307 0.002472403 0.998806238 4.667788029
0.998897910 -0.004864437 0.046680719 -0.012616768 0.004959433 0.999985933 -0.001919418 -0.064628795 -0.046670720 0.002148812 0.998907983 4.724304199
0.998983681 -0.004576218 0.044839185 -0.011028185 0.004629696 0.999988735 -0.001088877 -0.065833338 -0.044833686 0.001295362 0.998993576 4.780014038
0.999128759 -0.003433669 0.041590642 -0.010215461 0.003489665 0.999993086 -0.001273844 -0.066119999 -0.041585978 0.001417872 0.999133885 4.801353455
0.999264538 -0.002000081 0.038290560 -0.009639874 0.002071134 0.999996185 -0.001816052 -0.066952787 -0.038286775 0.001894021 0.999264956 4.858446598
0.999413729 -0.002220514 0.034163505 -0.008103624 0.002273739 0.999996245 -0.001519169 -0.067385823 -0.034160007 0.001595957 0.999415040 4.895406723
0.999556005 -0.001442945 0.029760852 -0.006178558 0.001453459 0.999998868 -0.000331655 -0.068708025 -0.029760351 0.000374764 0.999556959 4.953619957
0.999665558 -0.001548707 0.025816526 -0.005759880 0.001536170 0.999998689 0.000505442 -0.069155976 -0.025817277 -0.000465614 0.999666572 4.990931511
0.999767363 -0.001673320 0.021504531 -0.005230807 0.001655510 0.999998271 0.000845987 -0.070012115 -0.021505909 -0.000810189 0.999768376 5.047422409
0.999863565 -0.000980491 0.016488310 -0.004384249 0.000963274 0.999998987 0.001052096 -0.070567347 -0.016489321 -0.001036070 0.999863505 5.086962223
0.999938250 -0.000443335 0.011097455 -0.003427390 0.000431771 0.999999464 0.001044358 -0.071270011 -0.011097910 -0.001039503 0.999937892 5.143669128
0.999978125 0.000276049 0.006604363 -0.004016571 -0.000280033 0.999999762 0.000602207 -0.071908683 -0.006604197 -0.000604044 0.999978006 5.182462692
0.999997973 0.001214955 0.001644523 -0.004200332 -0.001215236 0.999999285 0.000169800 -0.072862439 -0.001644315 -0.000171798 0.999998629 5.239248753
0.999993324 0.003233069 -0.001737859 -0.004615535 -0.003233063 0.999994814 0.000006521 -0.073364340 0.001737871 -0.000000902 0.999998510 5.278584480
0.999978364 0.005007801 -0.004281137 -0.004301041 -0.005006383 0.999987483 0.000341661 -0.074609242 0.004282794 -0.000320221 0.999990821 5.336445332
0.999968290 0.006324711 -0.004847453 -0.005644999 -0.006326250 0.999979973 -0.000302222 -0.074883677 0.004845445 0.000332878 0.999988198 5.376006126
0.999945998 0.008493028 -0.006002146 -0.005960703 -0.008491447 0.999963939 0.000288956 -0.076162852 0.006004383 -0.000237973 0.999981940 5.432940006
0.999924779 0.009977900 -0.007125255 -0.006634802 -0.009971880 0.999949992 0.000879947 -0.076555640 0.007133678 -0.000808829 0.999974251 5.473706722
0.999920070 0.009878130 -0.007882384 -0.007239088 -0.009868366 0.999950469 0.001276651 -0.077641532 0.007894604 -0.001198762 0.999968171 5.531941414
0.999870896 0.013575342 -0.008594812 -0.008110877 -0.013548744 0.999903262 0.003145275 -0.077742979 0.008636679 -0.003028421 0.999958098 5.571519852
0.999859154 0.014023993 -0.009214484 -0.008763671 -0.013966021 0.999882460 0.006325900 -0.078422695 0.009302115 -0.006196319 0.999937594 5.628882885
0.999863267 0.013342447 -0.009764839 -0.009486023 -0.013286403 0.999894857 0.005781947 -0.078748591 0.009840959 -0.005651418 0.999935627 5.669517040
0.999866068 0.013044372 -0.009877044 -0.010799233 -0.013005384 0.999907374 0.004001327 -0.078987963 0.009928324 -0.003872336 0.999943256 5.727908611
0.999884486 0.010478137 -0.011008880 -0.010867771 -0.010421381 0.999932110 0.005200268 -0.079704091 0.011062621 -0.005084940 0.999925911 5.767839909
0.999892354 0.008298039 -0.012097713 -0.011397868 -0.008208705 0.999938846 0.007415369 -0.080320835 0.012158504 -0.007315265 0.999899387 5.827226639
0.999916852 0.005007745 -0.011884522 -0.012543261 -0.004901748 0.999948144 0.008931337 -0.080904290 0.011928631 -0.008872340 0.999889493 5.885520458
0.999918342 0.002364005 -0.012558891 -0.012993313 -0.002240074 0.999948740 0.009872917 -0.080880314 0.012581587 -0.009843978 0.999872446 5.915750504
0.999920547 -0.001492214 -0.012517658 -0.013551880 0.001589363 0.999968648 0.007754611 -0.081150129 0.012505693 -0.007773890 0.999891639 5.975902557
0.999925554 -0.003369087 -0.011730994 -0.015523147 0.003453824 0.999967992 0.007210616 -0.081924841 0.011706324 -0.007250596 0.999905229 6.033628464
0.999917269 -0.004713994 -0.011963206 -0.015358653 0.004794246 0.999966264 0.006688525 -0.081960857 0.011931272 -0.006745327 0.999906063 6.064985275
0.999925613 -0.005054874 -0.011099337 -0.017358460 0.005134201 0.999961376 0.007130081 -0.082900882 0.011062868 -0.007186537 0.999912977 6.123620510
0.999937057 -0.004236272 -0.010388567 -0.017355908 0.004330500 0.999949515 0.009064836 -0.082843959 0.010349642 -0.009109254 0.999904990 6.163101673
0.999948144 -0.002111906 -0.009961972 -0.018138066 0.002218778 0.999939978 0.010729165 -0.083666340 0.009938714 -0.010750713 0.999892890 6.222988129
0.999952376 -0.001870476 -0.009580230 -0.018203046 0.001958010 0.999956310 0.009135790 -0.083988234 0.009562724 -0.009154112 0.999912381 6.260404587
0.999956787 -0.001911612 -0.009106592 -0.019448299 0.001978646 0.999970973 0.007357741 -0.084324151 0.009092263 -0.007375441 0.999931514 6.319855213
0.999963462 -0.001564000 -0.008401316 -0.019667707 0.001604339 0.999987185 0.004796890 -0.085016266 0.008393708 -0.004810193 0.999953151 6.357533455
0.999961376 -0.003267107 -0.008153380 -0.020376101 0.003274550 0.999994218 0.000899716 -0.085942596 0.008150395 -0.000926379 0.999966383 6.416470528
0.999968112 -0.002575900 -0.007558326 -0.020849610 0.002555692 0.999993145 -0.002682075 -0.086542413 0.007565183 0.002662673 0.999967813 6.453708172
0.999969602 -0.002239772 -0.007467976 -0.021114077 0.002216043 0.999992490 -0.003184133 -0.088003643 0.007475052 0.003167487 0.999967039 6.512624741
0.999966860 -0.002942619 -0.007588857 -0.021768136 0.002915710 0.999989450 -0.003554512 -0.088360295 0.007599237 0.003532267 0.999964893 6.549066544
0.999966800 -0.002492684 -0.007758152 -0.022157785 0.002470122 0.999992728 -0.002916533 -0.089560911 0.007765366 0.002897273 0.999965608 6.607336521
0.999969423 -0.001753759 -0.007616805 -0.023012785 0.001740511 0.999996960 -0.001745614 -0.090385303 0.007619843 0.001732303 0.999969482 6.643941879
0.999970019 -0.000628995 -0.007715960 -0.023767300 0.000617575 0.999998748 -0.001482377 -0.091015048 0.007716882 0.001477567 0.999969184 6.702622414
0.999965668 -0.001068878 -0.008213276 -0.024262806 0.001055056 0.999998033 -0.001687043 -0.092251308 0.008215063 0.001678320 0.999964774 6.738513947
0.999958754 -0.000858969 -0.009035845 -0.025096714 0.000846573 0.999998689 -0.001375623 -0.093203939 0.009037015 0.001367917 0.999958158 6.797342777
0.999954045 -0.000523617 -0.009569247 -0.025697850 0.000521304 0.999999821 -0.000244278 -0.094038531 0.009569374 0.000239278 0.999954164 6.833917141
0.999950707 0.000427513 -0.009918465 -0.026721384 -0.000419974 0.999999583 0.000762162 -0.095283888 0.009918787 -0.000757959 0.999950528 6.890590668
0.999940991 0.000462735 -0.010846837 -0.027154610 -0.000471893 0.999999464 -0.000841818 -0.095548831 0.010846443 0.000846886 0.999940813 6.928596020
0.999931395 0.001347990 -0.011632832 -0.027938049 -0.001370143 0.999997258 -0.001896672 -0.096868575 0.011630245 0.001912480 0.999930501 6.987082481
0.999925137 0.001940652 -0.012081889 -0.028908338 -0.001965663 0.999995947 -0.002058605 -0.097428806 0.012077846 0.002082200 0.999924898 7.022572517
0.999916255 0.001882163 -0.012802377 -0.029781450 -0.001923293 0.999992967 -0.003201148 -0.098159030 0.012796264 0.003225502 0.999912918 7.081909180
0.999905288 0.003363683 -0.013346507 -0.030844681 -0.003415988 0.999986529 -0.003898102 -0.099789925 0.013333216 0.003943324 0.999903381 7.139034271
0.999892831 0.002524278 -0.014420724 -0.031233616 -0.002575822 0.999990344 -0.003556822 -0.100459509 0.014411611 0.003593585 0.999889672 7.164882660
0.999887526 0.001786592 -0.014889691 -0.032376803 -0.001819397 0.999996006 -0.002189949 -0.101876631 0.014885721 0.002216793 0.999886692 7.222727776
0.999874473 0.001934959 -0.015727058 -0.033256963 -0.001962612 0.999996543 -0.001743112 -0.102458194 0.015723629 0.001773760 0.999874830 7.258839607
0.999857664 0.002792304 -0.016634634 -0.034430861 -0.002814389 0.999995172 -0.001304366 -0.103743285 0.016630907 0.001350997 0.999860823 7.317714214
0.999858558 0.003425712 -0.016470138 -0.036571167 -0.003449410 0.999993026 -0.001410643 -0.104485288 0.016465187 0.001467256 0.999863386 7.376827717
0.999837399 0.003412157 -0.017708918 -0.036507532 -0.003444262 0.999992430 -0.001782738 -0.105355568 0.017702704 0.001843442 0.999841511 7.400039673
0.999832332 0.004058018 -0.017856680 -0.038258582 -0.004105820 0.999988079 -0.002641135 -0.106158748 0.017845752 0.002714008 0.999836981 7.459394932
0.999817669 0.004865356 -0.018466409 -0.038984321 -0.004906930 0.999985576 -0.002206589 -0.106670976 0.018455410 0.002296800 0.999827027 7.494461536
0.999811411 0.004451463 -0.018904336 -0.040482573 -0.004511590 0.999984980 -0.003139104 -0.108451754 0.018890081 0.003223801 0.999816358 7.552196026
0.999821246 0.002659684 -0.018718448 -0.041309886 -0.002753472 0.999983788 -0.004986447 -0.108706206 0.018704882 0.005037097 0.999812305 7.589164257
0.999813616 -0.000551875 -0.019293793 -0.042559110 0.000458031 0.999988019 -0.004868027 -0.109881818 0.019296251 0.004858283 0.999801934 7.646930695
0.999805450 0.000078110 -0.019724200 -0.043050058 -0.000099773 0.999999523 -0.001097333 -0.110613197 0.019724101 0.001099087 0.999804854 7.683803082
0.999813080 -0.000045505 -0.019333458 -0.045212924 0.000111200 0.999994218 0.003396946 -0.111798719 0.019333191 -0.003398461 0.999807298 7.743334293
0.999806643 0.000309351 -0.019661510 -0.045473352 -0.000251661 0.999995649 0.002936564 -0.112501122 0.019662336 -0.002931048 0.999802351 7.778049469
0.999816000 0.001135858 -0.019151786 -0.047325574 -0.001149554 0.999999046 -0.000704147 -0.113124594 0.019150972 0.000726034 0.999816358 7.835833549
0.999800444 0.002100886 -0.019863984 -0.047975399 -0.002149359 0.999994755 -0.002419233 -0.113706514 0.019858796 0.002461445 0.999799728 7.871571541
0.999807000 0.002204962 -0.019525442 -0.049870461 -0.002247635 0.999995112 -0.002163840 -0.114674717 0.019520577 0.002207309 0.999807000 7.929786205
0.999808490 0.001355379 -0.019523967 -0.051211223 -0.001370157 0.999998748 -0.000743560 -0.116302766 0.019522937 0.000770169 0.999809027 7.988268375
0.999802589 0.001708698 -0.019795435 -0.051298693 -0.001682788 0.999997735 0.001325467 -0.116618298 0.019797655 -0.001291893 0.999803126 8.012125015
0.999822557 0.000707700 -0.018825348 -0.053305507 -0.000668898 0.999997616 0.002067334 -0.117790073 0.018826768 -0.002054375 0.999820590 8.073000908
0.999843776 0.001118511 -0.017642466 -0.053493857 -0.001094476 0.999998450 0.001371913 -0.118332908 0.017643975 -0.001352389 0.999843419 8.104724884
0.999866009 0.000114515 -0.016373495 -0.054658420 -0.000114328 1.000000000 0.000012382 -0.119547822 0.016373497 -0.000010508 0.999865949 8.162346840
0.999889076 -0.000046764 -0.014900511 -0.055994451 0.000023020 0.999998629 -0.001593693 -0.120620653 0.014900569 0.001593174 0.999887705 8.219475746
0.999911070 -0.000590639 -0.013320917 -0.056680232 0.000564890 0.999998093 -0.001936676 -0.121160217 0.013322034 0.001928980 0.999909341 8.243142128
0.999924958 0.000126533 -0.012249852 -0.057303645 -0.000138183 0.999999583 -0.000950139 -0.122794904 0.012249725 0.000951760 0.999924481 8.298311234
0.999946415 0.000017841 -0.010353999 -0.059019703 -0.000010085 0.999999702 0.000749091 -0.124115676 0.010354008 -0.000748946 0.999946117 8.354801178
0.999961853 0.000306192 -0.008729800 -0.059770055 -0.000297202 0.999999523 0.001031115 -0.123801440 0.008730110 -0.001028481 0.999961317 8.378777504
0.999978721 -0.000271773 -0.006520479 -0.061531302 0.000278238 0.999999523 0.000990595 -0.124550521 0.006520206 -0.000992388 0.999978185 8.436343193
0.999973834 0.000562782 -0.007214389 -0.060234394 -0.000551987 0.999998748 0.001498070 -0.126053080 0.007215223 -0.001494048 0.999972820 8.488412857
0.999982536 0.000404111 -0.005908101 -0.061111107 -0.000394119 0.999998510 0.001692452 -0.127203315 0.005908775 -0.001690094 0.999981105 8.543562889
0.999989390 0.000105640 -0.004603041 -0.061735593 -0.000102428 0.999999762 0.000698229 -0.126737490 0.004603114 -0.000697750 0.999989152 8.557110786
0.999995172 -0.000695224 -0.003010577 -0.063209713 0.000698398 0.999999225 0.001053436 -0.128104255 0.003009841 -0.001055534 0.999994934 8.611003876
0.999993503 -0.000616079 -0.003541855 -0.062385436 0.000620656 0.999998927 0.001291125 -0.128915563 0.003541056 -0.001293314 0.999992847 8.665167809
0.999994516 -0.000568874 -0.003242987 -0.062444851 0.000574939 0.999998033 0.001869491 -0.129360259 0.003241917 -0.001871345 0.999992967 8.686901093
0.999991953 -0.000908205 -0.003906628 -0.062595591 0.000919076 0.999995708 0.002781807 -0.130429775 0.003904085 -0.002785376 0.999988437 8.739980698
0.999990821 -0.000906863 -0.004189345 -0.062975049 0.000917775 0.999996185 0.002603606 -0.130931437 0.004186968 -0.002607426 0.999987781 8.769378662
0.999987364 -0.000636137 -0.004978644 -0.063135862 0.000643698 0.999998629 0.001517291 -0.131980941 0.004977672 -0.001520476 0.999986470 8.821060181
0.999987423 -0.000210165 -0.005001981 -0.063879713 0.000215694 0.999999344 0.001104766 -0.132634982 0.005001747 -0.001105831 0.999986827 8.850187302
0.999982774 -0.000427916 -0.005864866 -0.063991956 0.000434305 0.999999225 0.001088134 -0.134069607 0.005864397 -0.001090662 0.999982238 8.900244713
0.999976099 -0.000548057 -0.006888403 -0.064807922 0.000557385 0.999998927 0.001352251 -0.134615511 0.006887654 -0.001356058 0.999975383 8.928460121
0.999959290 -0.001048851 -0.008964333 -0.065185554 0.001071007 0.999996424 0.002467198 -0.135483280 0.008961713 -0.002476699 0.999956787 8.976572990
0.999945343 -0.001833120 -0.010286887 -0.066072702 0.001871391 0.999991357 0.003712040 -0.135948390 0.010279994 -0.003731089 0.999940217 9.005287170
0.999925017 -0.002374124 -0.012007880 -0.067330100 0.002432623 0.999985278 0.004859379 -0.136425197 0.011996167 -0.004888226 0.999916196 9.053209305
0.999888659 -0.001478637 -0.014841368 -0.067374170 0.001558075 0.999984503 0.005342358 -0.137280911 0.014833239 -0.005364887 0.999875605 9.080597878
0.999839842 -0.001729236 -0.017808383 -0.068036258 0.001812931 0.999987304 0.004684725 -0.138040230 0.017800057 -0.004716260 0.999830484 9.126668930
0.999788284 -0.001286192 -0.020538105 -0.069051415 0.001388655 0.999986649 0.004975410 -0.138479263 0.020531431 -0.005002877 0.999776661 9.153306961
0.999716341 -0.000896781 -0.023801338 -0.070107967 0.001026658 0.999984741 0.005445037 -0.139264986 0.023796089 -0.005467929 0.999701858 9.196758270
0.999641657 -0.000365705 -0.026765965 -0.070931226 0.000504116 0.999986470 0.005164580 -0.139793366 0.026763720 -0.005176224 0.999628365 9.222251892
0.999562204 -0.000107959 -0.029585447 -0.072528735 0.000242674 0.999989569 0.004549859 -0.140230775 0.029584652 -0.004555047 0.999551892 9.264410019
0.999450088 -0.000481071 -0.033152640 -0.073156387 0.000605309 0.999992788 0.003737540 -0.140763476 0.033150602 -0.003755553 0.999443293 9.288207054
0.999335945 0.000611860 -0.036430828 -0.074712574 -0.000475890 0.999992907 0.003740840 -0.141682222 0.036432851 -0.003721019 0.999329150 9.328069687
0.999225795 0.000571369 -0.039339297 -0.075960040 -0.000446608 0.999994755 0.003180133 -0.142245859 0.039340906 -0.003160101 0.999220848 9.350841522
0.999125183 0.002344687 -0.041755218 -0.077670038 -0.002254736 0.999994993 0.002201206 -0.142525077 0.041760169 -0.002105133 0.999125421 9.389223099
0.999097109 0.003221955 -0.042363327 -0.078872889 -0.003082830 0.999989629 0.003349019 -0.143290952 0.042373672 -0.003215397 0.999096632 9.410557747
0.999095261 0.002846583 -0.042432792 -0.080457121 -0.002654759 0.999985993 0.004576311 -0.144160628 0.042445224 -0.004459522 0.999088824 9.446984291
0.999127507 0.003315752 -0.041630056 -0.081735879 -0.003111185 0.999982774 0.004977753 -0.144291595 0.041645847 -0.004843891 0.999120712 9.467542648
0.999116600 0.002385744 -0.041956723 -0.082983702 -0.002202994 0.999987900 0.004401386 -0.144955009 0.041966714 -0.004305068 0.999109745 9.501819611
0.999149323 0.003595700 -0.041081533 -0.084096611 -0.003485879 0.999990106 0.002744568 -0.145410731 0.041090988 -0.002599028 0.999152005 9.522150993
0.999165118 0.003091477 -0.040737543 -0.084962636 -0.003067954 0.999995053 0.000639928 -0.146097869 0.040739320 -0.000514413 0.999169588 9.556546211
0.999240279 0.004146390 -0.038751446 -0.086550027 -0.004182595 0.999990880 -0.000853279 -0.146321774 0.038747549 0.001014712 0.999248624 9.575952530
0.999282658 0.004539134 -0.037596632 -0.087810934 -0.004599064 0.999988377 -0.001507717 -0.146916270 0.037589341 0.001679545 0.999291897 9.609663010
0.999356806 0.004287268 -0.035601970 -0.088756889 -0.004339704 0.999989629 -0.001395711 -0.147470951 0.035595614 0.001549315 0.999365091 9.629010201
0.999415576 0.003968733 -0.033951655 -0.089867860 -0.004035161 0.999990106 -0.001888222 -0.147948354 0.033943824 0.002024119 0.999421716 9.662647247
0.999486268 0.003785921 -0.031826582 -0.090748563 -0.003831981 0.999991715 -0.001386358 -0.148732543 0.031821076 0.001507605 0.999492407 9.681885719
0.999542475 0.003365651 -0.030058863 -0.091463014 -0.003439277 0.999991298 -0.002398009 -0.148908764 0.030050537 0.002500292 0.999545276 9.715202332
0.999626338 0.003173096 -0.027149152 -0.092207581 -0.003202879 0.999994338 -0.001053578 -0.149964780 0.027145656 0.001140140 0.999630809 9.734014511
0.999704003 0.002199383 -0.024226740 -0.092952818 -0.002217966 0.999997377 -0.000740209 -0.150388598 0.024225043 0.000793724 0.999706268 9.767171860
0.999773145 0.000971723 -0.021274451 -0.093615644 -0.000979211 0.999999464 -0.000341566 -0.151283666 0.021274105 0.000362321 0.999773622 9.799692154
0.999836981 0.001231770 -0.018010782 -0.094024859 -0.001232730 0.999999344 -0.000042209 -0.151428118 0.018010715 0.000064404 0.999837816 9.811111450
0.999879062 0.000258031 -0.015546370 -0.094058461 -0.000268735 0.999999762 -0.000686487 -0.151967794 0.015546187 0.000690582 0.999878883 9.842898369
0.999929667 0.000478077 -0.011846472 -0.094882987 -0.000486506 0.999999583 -0.000708654 -0.152414963 0.011846129 0.000714367 0.999929547 9.861612320
0.999951899 0.001942914 -0.009606898 -0.094770685 -0.001956618 0.999997139 -0.001417311 -0.153223157 0.009604117 0.001436040 0.999952853 9.894297600
0.999980330 0.001655629 -0.006047683 -0.095488787 -0.001669274 0.999996066 -0.002251879 -0.153305292 0.006043931 0.002261930 0.999979198 9.912514687
0.999992192 0.002213035 -0.003301151 -0.095706657 -0.002218680 0.999996066 -0.001707155 -0.153701022 0.003297360 0.001714465 0.999993145 9.945129395
0.999997377 0.002173945 -0.000664599 -0.095688656 -0.002174577 0.999997139 -0.000952896 -0.154168054 0.000662526 0.000954339 0.999999344 9.964269638
0.999997377 0.001826845 0.001398716 -0.095691241 -0.001825469 0.999997914 -0.000983931 -0.154804021 -0.001400510 0.000981375 0.999998569 9.997416496
0.999993384 0.001538454 0.003296335 -0.095520407 -0.001531065 0.999996305 -0.002243107 -0.155330747 -0.003299774 0.002238046 0.999992073 10.016571045
0.999986231 0.001687227 0.004955212 -0.095462084 -0.001664835 0.999988377 -0.004519678 -0.155910820 -0.004962780 0.004511367 0.999977529 10.050144196
0.999981761 -0.000338062 0.006018451 -0.095396414 0.000374979 0.999981105 -0.006133857 -0.156360328 -0.006016263 0.006136004 0.999963045 10.069049835
0.999982357 -0.000265342 0.005916905 -0.095510952 0.000301621 0.999981046 -0.006131447 -0.157152623 -0.005915165 0.006133124 0.999963701 10.102927208
0.999976516 -0.000628915 0.006807897 -0.095590755 0.000677514 0.999974251 -0.007138677 -0.157449260 -0.006803233 0.007143123 0.999951363 10.122126579
0.999977529 0.002824010 0.006058631 -0.095162056 -0.002773324 0.999961197 -0.008358141 -0.157966539 -0.006082000 0.008341153 0.999946773 10.158515930
0.999975920 0.000936620 0.006872131 -0.095253929 -0.000881790 0.999967694 -0.007977217 -0.158521056 -0.006879381 0.007970964 0.999944568 10.176804543
0.999974608 -0.000154391 0.007123346 -0.095387325 0.000224453 0.999951541 -0.009835823 -0.159397945 -0.007121483 0.009837170 0.999926209 10.212279320
0.999963999 -0.004131911 0.007397973 -0.094874591 0.004221907 0.999916792 -0.012190946 -0.159763962 -0.007346985 0.012221742 0.999898314 10.231961250
0.999948859 -0.007073613 0.007211168 -0.093765877 0.007169285 0.999885499 -0.013328830 -0.160522327 -0.007116060 0.013379849 0.999885142 10.269063950
0.999953568 -0.005013460 0.008217874 -0.094381846 0.005091395 0.999941945 -0.009490187 -0.160494864 -0.008169821 0.009531588 0.999921203 10.288588524
0.999958277 -0.001213892 0.009052553 -0.094966181 0.001239952 0.999995053 -0.002873641 -0.161247581 -0.009049023 0.002884747 0.999954879 10.326258659
0.999953210 -0.002244891 0.009407702 -0.094583452 0.002236892 0.999997199 0.000860793 -0.162634045 -0.009409608 -0.000839706 0.999955356 10.363977432
0.999922931 -0.002387966 0.012178239 -0.093991250 0.002410549 0.999995530 -0.001840072 -0.162203148 -0.012173789 0.001869286 0.999924123 10.374735832
0.999871492 -0.001441257 0.015966218 -0.093738034 0.001566016 0.999968350 -0.007804244 -0.162921041 -0.015954467 0.007828245 0.999842107 10.412685394
0.999803364 -0.000043838 0.019830825 -0.093084931 0.000274853 0.999932110 -0.011646715 -0.163480967 -0.019828968 0.011649876 0.999735415 10.451240540
0.999722242 0.001892610 0.023491103 -0.092966974 -0.001634291 0.999938011 -0.011010746 -0.164560437 -0.023510486 0.010969297 0.999663353 10.489708900
0.999647796 0.000946258 0.026522214 -0.092083186 -0.000686168 0.999951541 -0.009813869 -0.163967356 -0.026530219 0.009792214 0.999600053 10.492527008
0.999573112 -0.002183976 0.029133745 -0.090691447 0.002362831 0.999978483 -0.006106061 -0.165381998 -0.029119786 0.006172293 0.999556839 10.531926155
0.999486029 -0.004806522 0.031694286 -0.089381933 0.004966083 0.999975383 -0.004957563 -0.166091815 -0.031669676 0.005112412 0.999485314 10.571235657
0.999352634 -0.003465504 0.035809334 -0.089531094 0.003641811 0.999981582 -0.004859489 -0.165656686 -0.035791829 0.004986755 0.999346733 10.583915710
0.999272823 -0.000981883 0.038117945 -0.087738514 0.001214851 0.999980748 -0.006089095 -0.166929320 -0.038111228 0.006130974 0.999254644 10.624416351
0.999159932 0.000498516 0.040979154 -0.087378800 -0.000126593 0.999958754 -0.009078012 -0.167146802 -0.040981986 0.009065198 0.999118686 10.662414551
0.999046326 -0.000388610 0.043661401 -0.086554080 0.000778795 0.999959886 -0.008919968 -0.167989641 -0.043656185 0.008945464 0.999006569 10.674928665
0.998940945 0.000366077 0.046010759 -0.084763825 -0.000059417 0.999977767 -0.006666139 -0.168919638 -0.046012182 0.006656345 0.998918653 10.714796066
0.998777390 0.002806539 0.049353592 -0.083779752 -0.002549588 0.999982834 -0.005268533 -0.169326767 -0.049367536 0.005136260 0.998767376 10.736175537
0.998629510 0.003190832 0.052239701 -0.082136452 -0.002877535 0.999977410 -0.006071421 -0.169637471 -0.052257892 0.005912778 0.998616099 10.775444031
0.998466313 0.003674368 0.055241074 -0.081293702 -0.003325778 0.999973953 -0.006400951 -0.170280650 -0.055263150 0.006207414 0.998452544 10.796896935
0.998348296 0.002402582 0.057403240 -0.078630030 -0.001987071 0.999971390 -0.007294442 -0.170923799 -0.057419129 0.007168329 0.998324394 10.837450027
0.998205364 -0.001203298 0.059870824 -0.077895761 0.001583507 0.999978840 -0.006303427 -0.171540976 -0.059861965 0.006386921 0.998186171 10.857729912
0.998136759 -0.001701853 0.060994051 -0.075748682 0.002099956 0.999976873 -0.006463402 -0.172316283 -0.060981635 0.006579444 0.998117149 10.897525787
0.998123527 -0.002317640 0.061187100 -0.074384093 0.002711941 0.999976039 -0.006361943 -0.172916323 -0.061170887 0.006515942 0.998106062 10.918835640
0.998084366 -0.003212029 0.061783615 -0.072261393 0.003588707 0.999975562 -0.005986730 -0.174144685 -0.061762884 0.006196985 0.998071671 10.959013939
0.998110533 -0.002951457 0.061372608 -0.070717752 0.003294839 0.999979436 -0.005494574 -0.174439505 -0.061355133 0.005686404 0.998099804 10.981072426
0.998107970 -0.001623744 0.061463822 -0.068676054 0.001965678 0.999982953 -0.005503118 -0.175009042 -0.061453853 0.005613524 0.998094141 11.021711349
0.998220086 -0.002397946 0.059589446 -0.067228854 0.002766002 0.999977589 -0.006094791 -0.175697148 -0.059573494 0.006248767 0.998204350 11.043039322
0.998319328 -0.002620328 0.057893720 -0.064876676 0.002999464 0.999974608 -0.006462894 -0.177120417 -0.057875309 0.006625682 0.998301864 11.083557129
0.998426437 -0.001522734 0.056055602 -0.063787818 0.001954645 0.999968767 -0.007651030 -0.177255124 -0.056042202 0.007748558 0.998398304 11.105195045
0.998510182 0.000802913 0.054558814 -0.061824739 -0.000352265 0.999965727 -0.008268972 -0.177892119 -0.054563589 0.008237433 0.998476267 11.145565033
0.998575032 0.001349251 0.053348046 -0.061322570 -0.000903693 0.999964535 -0.008375147 -0.178804040 -0.053357460 0.008315003 0.998540819 11.166437149
0.998692036 0.002402498 0.051072605 -0.059286892 -0.001994965 0.999965847 -0.008028960 -0.179499432 -0.051090155 0.007916571 0.998662651 11.206772804
0.998857677 0.001877067 0.047747131 -0.057109892 -0.001568976 0.999977708 -0.006489207 -0.180577338 -0.047758248 0.006406879 0.998838425 11.247465134
0.999031067 0.000122888 0.044010796 -0.057406008 0.000046444 0.999992609 -0.003846478 -0.181038976 -0.044010945 0.003844795 0.999023616 11.258440018
0.999238074 -0.000877643 0.039020766 -0.056030005 0.000953581 0.999997735 -0.001927534 -0.182107016 -0.039018989 0.001963275 0.999236524 11.298193932
0.999406576 -0.001292507 0.034422606 -0.054723293 0.001325945 0.999998689 -0.000948602 -0.182814270 -0.034421336 0.000993682 0.999406934 11.338598251
0.999559283 -0.001736959 0.029634228 -0.054814458 0.001741963 0.999998450 -0.000143051 -0.182985425 -0.029633932 0.000194610 0.999560773 11.348483086
0.999682188 -0.003474759 0.024968190 -0.054410279 0.003455748 0.999993682 0.000804480 -0.183976516 -0.024970831 -0.000717941 0.999687910 11.386413574
0.999794900 -0.003071664 0.020016300 -0.052452460 0.003062739 0.999995232 0.000476574 -0.185373008 -0.020017678 -0.000415171 0.999799550 11.452286720
0.999857306 -0.003998880 0.016411293 -0.053909078 0.003997515 0.999991953 0.000115888 -0.184536383 -0.016411627 -0.000050267 0.999865294 11.434319496
0.999914825 -0.003567645 0.012550788 -0.053977042 0.003567808 0.999993682 0.000009407 -0.185580343 -0.012550743 0.000035373 0.999921203 11.469697952
0.999960840 -0.003260968 0.008227579 -0.053733505 0.003261944 0.999994636 -0.000105255 -0.186265141 -0.008227194 0.000132089 0.999966145 11.506474495
0.999980211 -0.003766188 0.005034999 -0.054089490 0.003767467 0.999992847 -0.000244669 -0.186133951 -0.005034042 0.000263634 0.999987304 11.514101982
0.999987245 -0.004982901 0.000774392 -0.054666333 0.004983839 0.999986827 -0.001213408 -0.186597735 -0.000768336 0.001217252 0.999998987 11.547783852
0.999984622 -0.003833229 -0.004002044 -0.054948308 0.003825677 0.999990940 -0.001893034 -0.188230768 0.004009263 0.001877694 0.999990225 11.578881264
