0.999998868 0.000575803 0.001350121 -0.000171947 -0.000574511 0.999999404 -0.000957337 -0.001033500 -0.001350671 0.000956560 0.999998629 0.063505165
0.999997914 0.000844135 0.001846447 0.000423082 -0.000842643 0.999999344 -0.000808722 -0.001813812 -0.001847128 0.000807164 0.999997973 0.127985135
0.999997675 0.000153686 0.002149433 0.000804740 -0.000152414 0.999999762 -0.000591870 -0.002938705 -0.002149524 0.000591541 0.999997437 0.192831635
0.999997854 -0.000440670 0.002071002 0.001327387 0.000441854 0.999999762 -0.000571063 -0.004122755 -0.002070749 0.000571977 0.999997675 0.258439153
0.999998152 -0.000747598 0.001766878 0.002391178 0.000748839 0.999999404 -0.000701991 -0.005063924 -0.001766352 0.000703313 0.999998212 0.325508446
0.999989212 -0.000324858 0.004633050 0.001068708 0.000334612 0.999997735 -0.002104712 -0.005983606 -0.004632357 0.002106239 0.999987066 0.392686695
0.999985278 -0.000215599 0.005444056 0.000395635 0.000228713 0.999997079 -0.002408373 -0.007133869 -0.005443521 0.002409582 0.999982297 0.456313789
0.999987900 -0.000602934 0.004884172 0.001039030 0.000603871 0.999999821 -0.000190395 -0.008908857 -0.004884057 0.000193342 0.999988019 0.521149397
0.999992132 -0.000934984 0.003839130 0.000861016 0.000932396 0.999999285 0.000675993 -0.010140372 -0.003839759 -0.000672409 0.999992371 0.585169971
0.999996781 -0.001947120 0.001621549 0.000604898 0.001946466 0.999998033 0.000404776 -0.011305848 -0.001622335 -0.000401618 0.999998569 0.642155826
0.999997497 -0.002152412 -0.000569643 0.000326487 0.002152284 0.999997675 -0.000225229 -0.012264634 0.000570127 0.000224003 0.999999821 0.711784661
0.999996066 -0.002133633 -0.001800548 -0.000348272 0.002132904 0.999997675 -0.000406601 -0.013489538 0.001801411 0.000402759 0.999998331 0.769405246
0.999997616 -0.000178869 -0.002177552 -0.001229945 0.000176697 0.999999464 -0.000997578 -0.014176790 0.002177730 0.000997191 0.999997139 0.837342203
0.999996245 0.000061483 -0.002758036 -0.001715190 -0.000064898 0.999999225 -0.001238337 -0.015006332 0.002757958 0.001238511 0.999995470 0.894687772
0.999996006 -0.000977445 -0.002649447 -0.002559470 0.000975182 0.999999106 -0.000855420 -0.016136257 0.002650281 0.000852833 0.999996066 0.963032246
0.999992549 -0.002165954 -0.003181079 -0.003267516 0.002165014 0.999997616 -0.000298797 -0.017701136 0.003181719 0.000291908 0.999994874 1.020022869
0.999990761 -0.001322866 -0.004083482 -0.003255934 0.001314917 0.999997258 -0.001948626 -0.018124029 0.004086048 0.001943238 0.999989748 1.087525964
0.999986887 -0.001815516 -0.004803238 -0.003736098 0.001804591 0.999995768 -0.002277747 -0.019634735 0.004807353 0.002269049 0.999985874 1.144125342
0.999987721 0.001648788 -0.004675015 -0.005084383 -0.001661044 0.999995112 -0.002618860 -0.020099631 0.004670674 0.002626593 0.999985635 1.210441470
0.999987662 0.000293817 -0.004965962 -0.006366360 -0.000313595 0.999992013 -0.003982401 -0.020362888 0.004964753 0.003983909 0.999979734 1.266230345
0.999982119 0.001032390 -0.005890171 -0.006707530 -0.001052179 0.999993801 -0.003357571 -0.023014097 0.005886668 0.003363709 0.999976993 1.334415197
0.999984384 0.001742518 -0.005308967 -0.009119101 -0.001757767 0.999994397 -0.002869038 -0.024072357 0.005303938 0.002878325 0.999981761 1.392404675
0.999973476 -0.000450053 -0.007268217 -0.009015720 0.000443902 0.999999523 -0.000847967 -0.025804041 0.007268596 0.000844718 0.999973238 1.455875754
0.999972641 0.000047720 -0.007391229 -0.010379177 -0.000058499 0.999998868 -0.001458046 -0.026531633 0.007391152 0.001458439 0.999971628 1.514240265
0.999960005 -0.001389543 -0.008839143 -0.010734409 0.001375138 0.999997735 -0.001635504 -0.027898852 0.008841395 0.001623284 0.999959588 1.575551748
0.999952972 -0.001994116 -0.009494690 -0.012008674 0.001969600 0.999994755 -0.002590821 -0.028945699 0.009499807 0.002571998 0.999951541 1.633455873
0.999947548 -0.000956610 -0.010197417 -0.013159795 0.000930607 0.999996305 -0.002554392 -0.030487096 0.010199822 0.002544768 0.999944746 1.695512772
0.999953270 -0.000773916 -0.009637501 -0.014885433 0.000752616 0.999997318 -0.002213536 -0.031445615 0.009639188 0.002206179 0.999951065 1.753656507
0.999945402 -0.001237858 -0.010374861 -0.016351635 0.001219258 0.999997556 -0.001798956 -0.032783087 0.010377063 0.001786208 0.999944568 1.814777255
0.999927998 -0.002901504 -0.011641560 -0.015946113 0.002879466 0.999994040 -0.001909358 -0.034157187 0.011647033 0.001875700 0.999930382 1.871382594
0.999918997 -0.002324444 -0.012525857 -0.017183684 0.002304856 0.999996126 -0.001578002 -0.035694294 0.012529477 0.001549003 0.999920309 1.931411624
0.999915779 -0.002726866 -0.012695056 -0.018585213 0.002726276 0.999996305 -0.000063777 -0.037551403 0.012695181 0.000029161 0.999919415 1.986735344
0.999917388 -0.001986014 -0.012701022 -0.019485217 0.001988537 0.999998093 0.000186028 -0.037391759 0.012700627 -0.000211269 0.999919355 2.044260979
0.999902785 -0.001932659 -0.013807900 -0.019565415 0.001947455 0.999997556 0.001058149 -0.038893081 0.013805822 -0.001084936 0.999904096 2.105728626
0.999914944 -0.000905863 -0.013008687 -0.021502377 0.000917950 0.999999166 0.000923233 -0.040058047 0.013007838 -0.000935096 0.999915004 2.162050009
0.999905825 -0.000053607 -0.013724595 -0.021793753 0.000068280 0.999999344 0.001068617 -0.041302450 0.013724530 -0.001069454 0.999905229 2.221149445
0.999903262 0.002496011 -0.013682466 -0.022942141 -0.002463931 0.999994159 0.002360984 -0.041818187 0.013688278 -0.002327044 0.999903619 2.277676105
0.999935627 0.002407347 -0.011086004 -0.025244491 -0.002346577 0.999982178 0.005491454 -0.042640850 0.011099027 -0.005465086 0.999923408 2.333673239
0.999941528 0.003424756 -0.010255150 -0.024691368 -0.003334283 0.999955475 0.008826328 -0.043709740 0.010284921 -0.008791617 0.999908447 2.394812346
0.999963403 0.003643576 -0.007738440 -0.026884198 -0.003549890 0.999920726 0.012085931 -0.044146441 0.007781861 -0.012058017 0.999897003 2.451709032
0.999971271 0.003143568 -0.006892320 -0.026907891 -0.003050701 0.999904931 0.013443369 -0.044750061 0.006933925 -0.013421957 0.999885798 2.510397434
0.999982297 0.001101334 -0.005850410 -0.026773099 -0.001033075 0.999931514 0.011657581 -0.044687252 0.005862849 -0.011651332 0.999914825 2.567008257
0.999988854 0.001893622 -0.004312912 -0.028050210 -0.001851195 0.999950171 0.009819879 -0.045243979 0.004331291 -0.009811788 0.999942482 2.624939919
0.999991000 0.002750919 -0.003233411 -0.028978804 -0.002721142 0.999954104 0.009177506 -0.045497939 0.003258510 -0.009168625 0.999952614 2.682606220
0.999994397 0.002432531 -0.002335027 -0.029916568 -0.002414681 0.999968052 0.007617216 -0.045072339 0.002353481 -0.007611534 0.999968290 2.740617037
0.999983430 0.001204686 -0.005623735 -0.028798949 -0.001157535 0.999964237 0.008380002 -0.047062028 0.005633629 -0.008373355 0.999949038 2.795151234
0.999971747 0.002464131 -0.007111379 -0.029834908 -0.002402342 0.999959469 0.008684236 -0.047535464 0.007132489 -0.008666906 0.999937057 2.853059769
0.999957800 0.001969709 -0.008973210 -0.029981537 -0.001884901 0.999953508 0.009449919 -0.047249883 0.008991407 -0.009432604 0.999915123 2.908072948
0.999949753 0.001977538 -0.009833470 -0.030935381 -0.001885536 0.999954462 0.009356518 -0.047509775 0.009851526 -0.009337506 0.999907851 2.965618372
0.999933839 0.003019261 -0.011099756 -0.031855382 -0.002913778 0.999950528 0.009507131 -0.048506342 0.011127912 -0.009474156 0.999893248 3.021982193
0.999923706 0.003249480 -0.011916840 -0.032626916 -0.003139949 0.999952912 0.009198353 -0.048833072 0.011946167 -0.009160236 0.999886692 3.072456360
0.999924242 0.001871633 -0.012161667 -0.033833310 -0.001758605 0.999955356 0.009297875 -0.049813945 0.012178523 -0.009275783 0.999882877 3.128654242
0.999912977 0.002162131 -0.013015659 -0.034279954 -0.002064538 0.999969721 0.007506921 -0.049391225 0.013031495 -0.007479398 0.999887109 3.181293488
0.999910116 0.002323508 -0.013210111 -0.035553768 -0.002208059 0.999959350 0.008747348 -0.050175749 0.013229899 -0.008717393 0.999874473 3.237830162
0.999902844 0.001338019 -0.013875990 -0.035901997 -0.001189205 0.999941766 0.010727378 -0.051093269 0.013889536 -0.010709833 0.999846220 3.290587902
0.999897182 0.002619624 -0.014095658 -0.037467714 -0.002491425 0.999955535 0.009104833 -0.051795308 0.014118880 -0.009068780 0.999859214 3.347000837
0.999886751 0.003779921 -0.014575969 -0.038053967 -0.003664511 0.999961793 0.007936385 -0.052259177 0.014605413 -0.007882072 0.999862254 3.398464918
0.999873698 0.006321014 -0.014583211 -0.039528519 -0.006202433 0.999947488 0.008162264 -0.052591778 0.014634039 -0.008070781 0.999860346 3.454255342
0.999842167 0.008623730 -0.015531401 -0.039494053 -0.008508326 0.999935865 0.007481173 -0.052697763 0.015594919 -0.007347846 0.999851406 3.513132572
0.999846756 0.010513029 -0.013997158 -0.041909590 -0.010405947 0.999916196 0.007701185 -0.053097978 0.014076951 -0.007554351 0.999872386 3.557978153
0.999850392 0.011524752 -0.012893384 -0.043216724 -0.011420882 0.999901950 0.008100810 -0.053274423 0.012985479 -0.007952346 0.999884069 3.615028620
0.999851465 0.013267132 -0.011006198 -0.043952767 -0.013175172 0.999877989 0.008386089 -0.053606045 0.011116115 -0.008239833 0.999904275 3.670596838
0.999892354 0.011330691 -0.009337363 -0.044217076 -0.011268570 0.999914229 0.006678809 -0.054727305 0.009412237 -0.006572869 0.999934137 3.715736866
0.999939144 0.008757875 -0.006719639 -0.044802655 -0.008746060 0.999960184 0.001785603 -0.055423573 0.006735010 -0.001726722 0.999975801 3.771161079
0.999940455 0.009856873 -0.004673940 -0.045018282 -0.009851418 0.999950767 0.001188522 -0.056138925 0.004685424 -0.001142407 0.999988377 3.818513870
0.999960482 0.008799137 -0.001211639 -0.045883629 -0.008793346 0.999950290 0.004703774 -0.056970444 0.001252970 -0.004692934 0.999988198 3.868888140
0.999951303 0.009534253 0.002540725 -0.047045782 -0.009549254 0.999936640 0.005959514 -0.057756983 -0.002483744 -0.005983484 0.999978960 3.923049212
0.999938607 0.008844960 0.006669845 -0.047021918 -0.008874673 0.999950767 0.004438501 -0.058369838 -0.006630258 -0.004497422 0.999967873 3.966570139
0.999906361 0.008231502 0.010926795 -0.047764167 -0.008247302 0.999964952 0.001401826 -0.059234530 -0.010914875 -0.001491811 0.999939263 4.021860123
0.999889612 0.006694173 0.013257888 -0.046484258 -0.006667759 0.999975681 -0.002035349 -0.059914343 -0.013271191 0.001946724 0.999909997 4.063256741
0.999843538 0.006395066 0.016492857 -0.045594364 -0.006347281 0.999975443 -0.002948141 -0.060990084 -0.016511314 0.002842994 0.999859631 4.110640526
0.999769926 0.005412526 0.020757576 -0.044953100 -0.005392150 0.999984920 -0.001037573 -0.062361564 -0.020762874 0.000925407 0.999783993 4.164659977
0.999678254 0.006983193 0.024383681 -0.044788979 -0.006963536 0.999975383 -0.000891043 -0.062791303 -0.024389310 0.000720959 0.999702275 4.205013752
0.999561250 0.006566289 0.028879104 -0.044073910 -0.006480536 0.999974310 -0.003061976 -0.064013273 -0.028898472 0.002873480 0.999578238 4.258218288
0.999472022 0.007089772 0.031708814 -0.042958662 -0.006930246 0.999962807 -0.005138049 -0.065018892 -0.031744063 0.004915586 0.999483943 4.298602581
0.999344945 0.006535522 0.035594918 -0.042100400 -0.006327410 0.999962270 -0.005956168 -0.065895639 -0.035632506 0.005727043 0.999348581 4.353138924
0.999275863 0.006075606 0.037561398 -0.039580911 -0.005908106 0.999972105 -0.004568764 -0.066748142 -0.037588108 0.004343539 0.999283910 4.392424107
0.999178469 0.004719279 0.040252768 -0.037505731 -0.004583675 0.999983490 -0.003460440 -0.067938745 -0.040268425 0.003273092 0.999183536 4.448354721
0.999073982 0.004107826 0.042828821 -0.036099926 -0.004050755 0.999990761 -0.001419243 -0.068683997 -0.042834248 0.001244441 0.999081433 4.485186100
0.998971462 0.003270767 0.045223329 -0.034013897 -0.003273320 0.999994636 -0.000017598 -0.069966301 -0.045223147 -0.000130450 0.998976946 4.539625645
0.998858631 0.001848608 0.047728434 -0.032311901 -0.001721297 0.999994874 -0.002708380 -0.070276462 -0.047733191 0.002623134 0.998856604 4.577867031
0.998758078 0.000616385 0.049817383 -0.029673636 -0.000257087 0.999973953 -0.007218373 -0.070516892 -0.049820535 0.007196601 0.998732209 4.632312298
0.998663545 0.001692470 0.051658023 -0.027758449 -0.001220556 0.999957263 -0.009165526 -0.072086960 -0.051671337 0.009090225 0.998622775 4.669840813
0.998587012 0.001329599 0.053125937 -0.024469018 -0.000803505 0.999950469 -0.009922897 -0.073634140 -0.053136509 0.009866189 0.998538494 4.725768089
0.998531640 0.001001173 0.054163184 -0.023609430 -0.000510845 0.999958873 -0.009065874 -0.075710498 -0.054170024 0.009024894 0.998490989 4.780145168
0.998580992 0.001857718 0.053221319 -0.021507680 -0.001459528 0.999970615 -0.007519667 -0.075661682 -0.053233743 0.007431319 0.998554409 4.809024811
0.998652279 0.001019184 0.051890776 -0.019099593 -0.000709888 0.999981880 -0.005978595 -0.076837994 -0.051895935 0.005933700 0.998634875 4.865876675
0.998774290 0.001646028 0.049468003 -0.015999034 -0.001395435 0.999986053 -0.005099864 -0.078055687 -0.049475696 0.005024583 0.998762608 4.921400547
0.998877108 0.002016713 0.047332108 -0.015254721 -0.001794949 0.999987245 -0.004727311 -0.078693777 -0.047341041 0.004637043 0.998868048 4.951411247
0.999011636 0.002580121 0.044374116 -0.013343126 -0.002356182 0.999984264 -0.005098163 -0.079384238 -0.044386569 0.004988569 0.999001980 5.006956100
0.999174714 0.004120867 0.040410116 -0.011656150 -0.003903802 0.999977648 -0.005448994 -0.080656312 -0.040431663 0.005286743 0.999168336 5.064003468
0.999318182 0.004261259 0.036673710 -0.010744140 -0.004092893 0.999980748 -0.004664777 -0.081720397 -0.036692880 0.004511496 0.999316454 5.094620228
0.999435365 0.005152937 0.033205435 -0.009953305 -0.005038160 0.999981105 -0.003539287 -0.083324641 -0.033223048 0.003369995 0.999442339 5.150844097
0.999583662 0.004975908 0.028420756 -0.008518696 -0.004884401 0.999982655 -0.003288231 -0.083206154 -0.028436620 0.003148044 0.999590576 5.190305233
0.999693990 0.005625327 0.024089430 -0.007649571 -0.005568696 0.999981642 -0.002417285 -0.084697947 -0.024102589 0.002282399 0.999706864 5.247833252
0.999804497 0.005844576 0.018886618 -0.006775104 -0.005798128 0.999980152 -0.002513053 -0.085241288 -0.018900923 0.002403055 0.999818444 5.286722183
0.999884605 0.006781941 0.013600355 -0.005777434 -0.006751258 0.999974489 -0.002300626 -0.086696900 -0.013615615 0.002208541 0.999904811 5.344540596
0.999939740 0.006856445 0.008575004 -0.005845603 -0.006832097 0.999972582 -0.002865786 -0.087161086 -0.008594421 0.002807027 0.999959111 5.383857727
0.999963045 0.007540689 0.004135739 -0.006432043 -0.007527330 0.999966443 -0.003236515 -0.088570654 -0.004160007 0.003205264 0.999986172 5.442869186
0.999952376 0.009746668 0.000286343 -0.006113455 -0.009745623 0.999946594 -0.003447424 -0.089249536 -0.000319925 0.003444469 0.999993980 5.480989933
0.999934971 0.011332265 -0.001282579 -0.007295012 -0.011336400 0.999930501 -0.003263888 -0.090540312 0.001245503 0.003278216 0.999993861 5.538571358
0.999916375 0.012491485 -0.003323825 -0.006991596 -0.012503521 0.999915242 -0.003624790 -0.091256440 0.003278264 0.003666047 0.999987841 5.577877522
0.999886274 0.014538231 -0.003986409 -0.008226702 -0.014551177 0.999888837 -0.003237094 -0.092444897 0.003938904 0.003294733 0.999986768 5.637698174
0.999862254 0.015614870 -0.005600447 -0.007987181 -0.015629979 0.999874294 -0.002663954 -0.093172304 0.005558145 0.002751122 0.999980748 5.675447464
0.999849617 0.016339147 -0.005808300 -0.009556312 -0.016348813 0.999865115 -0.001619862 -0.094664760 0.005781048 0.001714577 0.999981821 5.734564781
0.999789059 0.019269282 -0.007098728 -0.009529773 -0.019270487 0.999814272 -0.000101706 -0.095067419 0.007095450 0.000238480 0.999974787 5.773857117
0.999759614 0.020617075 -0.007449394 -0.010559011 -0.020596672 0.999783933 0.002805201 -0.095674880 0.007505619 -0.002651094 0.999968290 5.833495140
0.999787867 0.018937644 -0.008101895 -0.011236172 -0.018915789 0.999817193 0.002766226 -0.096578419 0.008152801 -0.002612386 0.999963343 5.872696877
0.999793470 0.018356660 -0.008722460 -0.012047257 -0.018350706 0.999831319 0.000761898 -0.097023308 0.008734973 -0.000601677 0.999961734 5.932556629
0.999831259 0.015814230 -0.009345357 -0.012851477 -0.015795646 0.999873102 0.002059018 -0.097903788 0.009376734 -0.001911055 0.999954164 5.971652031
0.999855936 0.013208420 -0.010662875 -0.013403479 -0.013174757 0.999907911 0.003221154 -0.098460466 0.010704441 -0.003080209 0.999937952 6.031978607
0.999882996 0.010741176 -0.010894126 -0.013957061 -0.010681483 0.999927700 0.005522630 -0.099005930 0.010952657 -0.005405618 0.999925435 6.070291042
0.999900281 0.008863952 -0.010996408 -0.015095703 -0.008796678 0.999942422 0.006151141 -0.099506438 0.011050295 -0.006053795 0.999920726 6.131406307
0.999930739 0.004742304 -0.010774020 -0.015719909 -0.004691276 0.999977708 0.004756543 -0.100229159 0.010796336 -0.004705670 0.999930680 6.169061184
0.999935746 0.002001717 -0.011159521 -0.016326565 -0.001956622 0.999989867 0.004050492 -0.101006545 0.011167516 -0.004028397 0.999929607 6.230332375
0.999941826 0.000633874 -0.010768496 -0.017060198 -0.000595521 0.999993384 0.003564467 -0.101685241 0.010770685 -0.003557847 0.999935687 6.268401146
0.999952137 0.000750198 -0.009757805 -0.018653456 -0.000712082 0.999992073 0.003909044 -0.102511674 0.009760661 -0.003901909 0.999944806 6.329262257
0.999952972 0.001168178 -0.009628688 -0.018798012 -0.001111034 0.999981880 0.005938001 -0.102838680 0.009635448 -0.005927024 0.999936044 6.366756439
0.999956071 0.002933257 -0.008906625 -0.019896615 -0.002868000 0.999969006 0.007330721 -0.103439271 0.008927851 -0.007304855 0.999933481 6.427603245
0.999958813 0.003646166 -0.008309929 -0.020598743 -0.003599332 0.999977529 0.005643894 -0.104156613 0.008330321 -0.005613752 0.999949574 6.465056419
0.999959767 0.004475198 -0.007771123 -0.021981722 -0.004444887 0.999982417 0.003913436 -0.104848295 0.007788499 -0.003878737 0.999962211 6.525626659
0.999968588 0.004021049 -0.006832982 -0.022437688 -0.004012340 0.999991119 0.001287713 -0.105517052 0.006838101 -0.001260257 0.999975801 6.563085556
0.999974370 0.003169708 -0.006423221 -0.023062693 -0.003185572 0.999991953 -0.002461178 -0.106941059 0.006415369 0.002481577 0.999976397 6.624066353
0.999974966 0.002652801 -0.006561293 -0.023421563 -0.002693070 0.999977529 -0.006136255 -0.107597768 0.006544868 0.006153772 0.999959648 6.660822868
0.999979377 0.001945692 -0.006121584 -0.024613401 -0.001991746 0.999969661 -0.007525989 -0.108736709 0.006106755 0.007538026 0.999952912 6.722761154
0.999976516 0.002365095 -0.006436084 -0.024659283 -0.002410369 0.999972343 -0.007035705 -0.109635070 0.006419267 0.007051054 0.999954462 6.758629799
0.999974549 0.002429549 -0.006705930 -0.025692279 -0.002475195 0.999973714 -0.006806920 -0.111140788 0.006689216 0.006823345 0.999954343 6.819872856
0.999973893 0.003382300 -0.006382631 -0.026204858 -0.003416563 0.999979794 -0.005365004 -0.112466320 0.006364355 0.005386672 0.999965250 6.855378628
0.999971271 0.004492132 -0.006103538 -0.027499789 -0.004522589 0.999977350 -0.004985228 -0.113628976 0.006081005 0.005012688 0.999969006 6.916308880
0.999962807 0.004019967 -0.007620684 -0.027232403 -0.004058680 0.999978900 -0.005071597 -0.114872843 0.007600137 0.005102338 0.999958038 6.951814175
0.999955595 0.003980103 -0.008543642 -0.027610794 -0.004019782 0.999981225 -0.004632133 -0.116545565 0.008525046 0.004666269 0.999952674 7.010258675
0.999951065 0.003931764 -0.009081679 -0.028732024 -0.003963226 0.999986172 -0.003449012 -0.117076218 0.009067993 0.003484836 0.999952793 7.048980236
0.999949038 0.004351572 -0.009114408 -0.030290738 -0.004384421 0.999983966 -0.003587334 -0.117918506 0.009098650 0.003627113 0.999952018 7.108225346
0.999930680 0.005732744 -0.010283351 -0.030226629 -0.005775913 0.999974549 -0.004173215 -0.119231775 0.010259166 0.004232321 0.999938428 7.145393848
0.999929070 0.005035473 -0.010794157 -0.031936288 -0.005102524 0.999967754 -0.006193100 -0.120298922 0.010762624 0.006247737 0.999922574 7.206047058
0.999908566 0.006875467 -0.011641665 -0.032008775 -0.006936506 0.999962389 -0.005211037 -0.121477753 0.011605400 0.005291312 0.999918580 7.241006851
0.999903560 0.006627242 -0.012203173 -0.033037070 -0.006705465 0.999957144 -0.006380484 -0.122859836 0.012160365 0.006461697 0.999905169 7.302650452
0.999893785 0.006054615 -0.013254494 -0.033777766 -0.006148933 0.999955952 -0.007086755 -0.123925358 0.013211003 0.007167504 0.999886990 7.336183548
0.999889195 0.006910748 -0.013183130 -0.035498857 -0.007005346 0.999949992 -0.007143052 -0.124992952 0.013133106 0.007234611 0.999887526 7.395863056
0.999861181 0.007312300 -0.014968082 -0.035590209 -0.007389378 0.999959707 -0.005100716 -0.126548901 0.014930179 0.005210613 0.999874949 7.431460381
0.999860764 0.006792670 -0.015242264 -0.037658751 -0.006872330 0.999962986 -0.005180002 -0.127364278 0.015206513 0.005284030 0.999870360 7.490957737
0.999838948 0.007317928 -0.016387478 -0.037992470 -0.007391620 0.999962807 -0.004440761 -0.128839701 0.016354373 0.004561175 0.999855816 7.527191639
0.999826789 0.008024317 -0.016794981 -0.039586723 -0.008099816 0.999957323 -0.004432074 -0.129950166 0.016758703 0.004567342 0.999849141 7.588072300
0.999809563 0.008304328 -0.017662436 -0.040879458 -0.008399641 0.999950528 -0.005329032 -0.131270468 0.017617308 0.005476376 0.999829769 7.647697449
0.999803543 0.008471764 -0.017916759 -0.042086892 -0.008569850 0.999948680 -0.005404939 -0.132648453 0.017870048 0.005557421 0.999824882 7.670853615
0.999791026 0.009519891 -0.018091772 -0.043640539 -0.009614339 0.999940574 -0.005140789 -0.133796513 0.018041756 0.005313655 0.999823093 7.731768131
0.999793112 0.008030442 -0.018688552 -0.044400640 -0.008146902 0.999947727 -0.006163826 -0.135057569 0.018638078 0.006314804 0.999806345 7.766573906
0.999812067 0.006782285 -0.018165432 -0.046677209 -0.006909991 0.999951720 -0.006976580 -0.137061983 0.018117242 0.007100792 0.999810636 7.828516960
0.999809444 0.003542431 -0.019195873 -0.046693444 -0.003683289 0.999966502 -0.007307483 -0.137582526 0.019169342 0.007376794 0.999789059 7.861209869
0.999808908 0.004120022 -0.019113135 -0.048448831 -0.004190334 0.999984622 -0.003640111 -0.138966337 0.019097842 0.003719505 0.999810696 7.921791553
0.999804437 0.003052421 -0.019538874 -0.049192399 -0.003037188 0.999995053 0.000809221 -0.139827788 0.019541249 -0.000749720 0.999808788 7.957125187
0.999811172 0.003419856 -0.019127954 -0.051192001 -0.003412786 0.999994099 0.000402188 -0.141327381 0.019129215 -0.000336832 0.999817014 8.018115997
0.999795198 0.006619593 -0.019125249 -0.051820517 -0.006670594 0.999974370 -0.002604201 -0.142146260 0.019107521 0.002731244 0.999813676 8.050806046
0.999786496 0.006538298 -0.019602900 -0.053272776 -0.006640074 0.999964774 -0.005131256 -0.142508239 0.019568661 0.005260324 0.999794722 8.112145424
0.999786675 0.006188745 -0.019711491 -0.054200366 -0.006278114 0.999970257 -0.004475185 -0.144157961 0.019683210 0.004597982 0.999795735 8.146300316
0.999793768 0.005243529 -0.019619351 -0.056137696 -0.005311467 0.999980092 -0.003412336 -0.145767048 0.019601068 0.003515841 0.999801695 8.204540253
0.999791205 0.005936660 -0.019549973 -0.056840383 -0.005961809 0.999981463 -0.001228358 -0.146365479 0.019542318 0.001344655 0.999808133 8.240861893
0.999808550 0.005449373 -0.018789329 -0.058805361 -0.005451068 0.999985099 -0.000038977 -0.148042649 0.018788837 0.000141391 0.999823511 8.300112724
0.999834120 0.005587004 -0.017333027 -0.059287541 -0.005606879 0.999983668 -0.001098326 -0.148354590 0.017326606 0.001195328 0.999849200 8.334816933
0.999855995 0.004588814 -0.016337847 -0.060335696 -0.004630384 0.999986053 -0.002507463 -0.149625748 0.016326116 0.002582753 0.999863386 8.392910004
0.999878526 0.004148483 -0.015022952 -0.060801469 -0.004204054 0.999984443 -0.003669406 -0.151241496 0.015007495 0.003732117 0.999880433 8.451704025
0.999903023 0.003168563 -0.013563620 -0.062004004 -0.003225035 0.999986231 -0.004143660 -0.151804820 0.013550305 0.004187002 0.999899387 8.473954201
0.999912977 0.003652395 -0.012678299 -0.061510105 -0.003698565 0.999986589 -0.003619992 -0.152763665 0.012664908 0.003666567 0.999913096 8.531223297
0.999932766 0.002766949 -0.011256568 -0.063372791 -0.002787613 0.999994576 -0.001820398 -0.153781518 0.011251469 0.001851654 0.999934912 8.566666603
0.999938726 0.004227031 -0.010229502 -0.063682750 -0.004248188 0.999988914 -0.002047274 -0.153990448 0.010220734 0.002090605 0.999945521 8.625236511
0.999954343 0.004019603 -0.008671813 -0.065256730 -0.004029672 0.999991238 -0.001143938 -0.155904040 0.008667138 0.001178830 0.999961734 8.657849312
0.999962747 0.004193218 -0.007545379 -0.066328384 -0.004205854 0.999989748 -0.001659513 -0.156633064 0.007538342 0.001691186 0.999970138 8.714859962
0.999969482 0.003756030 -0.006855817 -0.067078859 -0.003766559 0.999991715 -0.001523379 -0.157830074 0.006850038 0.001549155 0.999975324 8.771773338
0.999973238 0.004572554 -0.005704409 -0.067126609 -0.004579197 0.999988854 -0.001152009 -0.158951774 0.005699077 0.001178100 0.999983072 8.793563843
0.999982119 0.004161079 -0.004296345 -0.068782374 -0.004165182 0.999990880 -0.000946795 -0.160569072 0.004292366 0.000964673 0.999990404 8.849160194
0.999985158 0.003442665 -0.004218210 -0.068410605 -0.003448077 0.999993265 -0.001276309 -0.160690710 0.004213786 0.001290835 0.999990225 8.882149696
0.999988496 0.003367565 -0.003405114 -0.070133559 -0.003368660 0.999994338 -0.000315788 -0.162198961 0.003404031 0.000327255 0.999994099 8.936224937
0.999986947 0.003331820 -0.003855118 -0.069961011 -0.003329165 0.999994218 0.000695045 -0.162648514 0.003857410 -0.000682202 0.999992311 8.968710899
0.999985397 0.003261043 -0.004301718 -0.070684738 -0.003258903 0.999994576 0.000504524 -0.163684025 0.004303340 -0.000490498 0.999990582 9.021218300
0.999981403 0.003672615 -0.004864238 -0.071062602 -0.003674664 0.999993086 -0.000412186 -0.164468110 0.004862689 0.000430052 0.999988019 9.051877022
0.999978960 0.004059473 -0.005046973 -0.072029807 -0.004064258 0.999991238 -0.000938123 -0.165797397 0.005043120 0.000958616 0.999986708 9.103808403
0.999975502 0.003605134 -0.006003265 -0.072176889 -0.003612342 0.999992788 -0.001190409 -0.166258752 0.005998929 0.001212065 0.999981284 9.132756233
0.999974132 0.002591470 -0.006724385 -0.073322870 -0.002603262 0.999995112 -0.001745504 -0.167130545 0.006719829 0.001762964 0.999975860 9.183218956
0.999955952 0.002574992 -0.009019627 -0.073255837 -0.002579645 0.999996483 -0.000504324 -0.168157399 0.009018297 0.000527569 0.999959171 9.212096214
0.999939501 0.001768013 -0.010858328 -0.074881308 -0.001749563 0.999997020 0.001708330 -0.169508606 0.010861316 -0.001689229 0.999939561 9.259844780
0.999910057 0.001177690 -0.013361675 -0.074726097 -0.001139106 0.999995112 0.002894918 -0.169859782 0.013365020 -0.002879437 0.999906540 9.289021492
0.999884069 0.001442484 -0.015161955 -0.076085478 -0.001388708 0.999992728 0.003556627 -0.171325773 0.015166977 -0.003535159 0.999878705 9.336668968
0.999825001 0.000937677 -0.018684091 -0.076358944 -0.000890156 0.999996364 0.002551624 -0.171408862 0.018686416 -0.002534545 0.999822199 9.364233971
0.999767303 0.001086017 -0.021547819 -0.077684388 -0.001031364 0.999996185 0.002547310 -0.172375903 0.021550504 -0.002524493 0.999764562 9.410759926
0.999693096 0.001479530 -0.024729852 -0.078881472 -0.001411000 0.999995112 0.002788357 -0.173094556 0.024733856 -0.002752607 0.999690294 9.455489159
0.999610484 0.001886457 -0.027846012 -0.079530761 -0.001809324 0.999994457 0.002794919 -0.173634365 0.027851131 -0.002743448 0.999608338 9.470755577
0.999529719 0.001756299 -0.030617245 -0.081613958 -0.001681104 0.999995589 0.002481518 -0.174438387 0.030621469 -0.002428880 0.999528110 9.514538765
0.999407470 0.001356476 -0.034392450 -0.082109287 -0.001310635 0.999998212 0.001355391 -0.174727857 0.034394227 -0.001309512 0.999407470 9.538056374
0.999303520 0.002440889 -0.037235916 -0.084405214 -0.002403991 0.999996603 0.001035675 -0.175554723 0.037238318 -0.000945439 0.999305964 9.579483032
0.999168754 0.003012903 -0.040652800 -0.084903717 -0.003005175 0.999995470 0.000251195 -0.176028639 0.040653378 -0.000128817 0.999173224 9.601549149
0.999061227 0.005187014 -0.043008476 -0.087198317 -0.005193399 0.999986589 -0.000036732 -0.176980048 0.043007713 0.000260058 0.999074638 9.639783859
0.999026895 0.005214482 -0.043795098 -0.088057786 -0.005189777 0.999986231 0.000677781 -0.177462146 0.043798037 -0.000449835 0.999040246 9.661495209
0.999034166 0.005334527 -0.043613613 -0.089832574 -0.005263239 0.999984622 0.001749169 -0.178423390 0.043622274 -0.001517931 0.999046922 9.698697090
0.999047220 0.005984626 -0.043229133 -0.090807557 -0.005889898 0.999979973 0.002318294 -0.178690627 0.043242145 -0.002061471 0.999062419 9.719855309
0.999084711 0.005807780 -0.042376801 -0.093259662 -0.005718854 0.999981165 0.002219384 -0.179593757 0.042388894 -0.001975006 0.999099195 9.755213737
0.999075174 0.005919265 -0.042588435 -0.094343722 -0.005912294 0.999982536 0.000289647 -0.180431098 0.042589407 -0.000037584 0.999092638 9.789743423
0.999108434 0.006271498 -0.041747298 -0.094623059 -0.006385361 0.999976218 -0.002594665 -0.180281207 0.041730031 0.002858924 0.999124765 9.803257942
0.999150515 0.006874877 -0.040629961 -0.096023470 -0.007043923 0.999967098 -0.004018926 -0.180643871 0.040600993 0.004301707 0.999166131 9.837699890
0.999203384 0.006838137 -0.039316103 -0.097131729 -0.007012045 0.999966145 -0.004287138 -0.181609213 0.039285459 0.004559408 0.999217629 9.857259750
0.999286234 0.006547890 -0.037200730 -0.098941684 -0.006720054 0.999967158 -0.004504849 -0.182398170 0.037170008 0.004751625 0.999297738 9.891460419
0.999353468 0.005932488 -0.035459366 -0.100233525 -0.006095768 0.999971330 -0.004498352 -0.183192864 0.035431661 0.004711595 0.999360979 9.924880981
0.999400675 0.006149435 -0.034064267 -0.100378990 -0.006306978 0.999969840 -0.004519370 -0.183598503 0.034035448 0.004731504 0.999409378 9.937417984
0.999479532 0.006289204 -0.031639427 -0.102003798 -0.006454394 0.999966025 -0.005121588 -0.184051111 0.031606138 0.005323135 0.999486208 9.970519066
0.999560416 0.005883275 -0.029058205 -0.102248862 -0.006019886 0.999971211 -0.004616073 -0.184809893 0.029030209 0.004788971 0.999567091 9.990378380
0.999652088 0.005175453 -0.025864141 -0.103273004 -0.005276446 0.999978662 -0.003838011 -0.185772538 0.025843726 0.003973145 0.999658108 10.023586273
0.999728918 0.003977357 -0.022947216 -0.103802621 -0.004061300 0.999985218 -0.003612641 -0.186164230 0.022932509 0.003704856 0.999730170 10.043243408
0.999794483 0.003757951 -0.019922730 -0.104825377 -0.003824292 0.999987245 -0.003292809 -0.187230363 0.019910101 0.003368323 0.999796152 10.076273918
0.999848127 0.003315810 -0.017111750 -0.104917228 -0.003378398 0.999987721 -0.003629992 -0.187489673 0.017099505 0.003687251 0.999846935 10.095021248
0.999903321 0.003099037 -0.013559332 -0.105916537 -0.003155139 0.999986589 -0.004118094 -0.188014627 0.013546387 0.004160477 0.999899566 10.127511024
0.999932647 0.004083213 -0.010864344 -0.106166042 -0.004135737 0.999979794 -0.004816412 -0.188642710 0.010844460 0.004861020 0.999929368 10.147033691
0.999966145 0.004101312 -0.007139790 -0.107090853 -0.004136908 0.999979079 -0.004977961 -0.189597666 0.007119224 0.005007328 0.999962091 10.180451393
0.999978006 0.004080989 -0.005232357 -0.106626049 -0.004104874 0.999981165 -0.004562099 -0.189745724 0.005213642 0.004583476 0.999975860 10.199145317
0.999986291 0.004781438 -0.002174155 -0.107248113 -0.004790483 0.999979794 -0.004173984 -0.190608859 0.002154156 0.004184340 0.999988854 10.232720375
0.999994278 0.003285658 -0.000831707 -0.106981799 -0.003288829 0.999987245 -0.003839459 -0.190993130 0.000819085 0.003842172 0.999992251 10.252737999
0.999994993 0.003015336 0.000976888 -0.107014127 -0.003009141 0.999975741 -0.006282105 -0.191452146 -0.000995809 0.006279133 0.999979794 10.286109924
0.999984622 0.004529935 0.003206194 -0.107517213 -0.004501924 0.999952078 -0.008690775 -0.191749603 -0.003245416 0.008676209 0.999957204 10.306624413
0.999987781 0.003241502 0.003756613 -0.107142568 -0.003205033 0.999948084 -0.009673782 -0.192905471 -0.003787772 0.009661621 0.999946117 10.332844734
0.999980450 0.004177296 0.004660864 -0.107722268 -0.004128271 0.999936581 -0.010478950 -0.193941027 -0.004704344 0.010459505 0.999934196 10.368281364
0.999989986 0.002125166 0.003937297 -0.107250646 -0.002084395 0.999944448 -0.010330367 -0.194264606 -0.003959036 0.010322059 0.999938905 10.386333466
0.999987423 0.002884626 0.004087842 -0.107278280 -0.002842893 0.999944091 -0.010178328 -0.195376843 -0.004116976 0.010166581 0.999939859 10.422313690
0.999983847 0.003362539 0.004577192 -0.107375965 -0.003308903 0.999926329 -0.011675280 -0.195692927 -0.004616115 0.011659949 0.999921441 10.455872536
0.999986053 0.002519418 0.004638836 -0.107285008 -0.002458994 0.999912620 -0.012985593 -0.196271062 -0.004671147 0.012974008 0.999904931 10.467813492
0.999987245 -0.000782982 0.005000607 -0.107263997 0.000858628 0.999884963 -0.015143389 -0.197386041 -0.004988179 0.015147489 0.999872863 10.504971504
0.999974728 -0.004384459 0.005595525 -0.106972218 0.004475388 0.999856412 -0.016342742 -0.197533667 -0.005523068 0.016367376 0.999850810 10.523446083
0.999979556 -0.001646197 0.006178809 -0.106998190 0.001724049 0.999918938 -0.012615733 -0.198339552 -0.006157542 0.012626129 0.999901354 10.559196472
0.999976993 0.001878920 0.006524088 -0.106497057 -0.001837850 0.999978364 -0.006295492 -0.199335039 -0.006535775 0.006283359 0.999958932 10.597657204
0.999969006 0.001457971 0.007737853 -0.107374415 -0.001434466 0.999994278 -0.003042274 -0.199543834 -0.007742245 0.003031080 0.999965370 10.608974457
0.999946952 -0.000020804 0.010303654 -0.107245542 0.000077703 0.999984682 -0.005521766 -0.200295880 -0.010303380 0.005522273 0.999931633 10.646132469
0.999892294 0.001315200 0.014620574 -0.107081458 -0.001145418 0.999931872 -0.011614874 -0.201197892 -0.014634855 0.011596876 0.999825656 10.683702469
0.999835730 0.002555370 0.017940264 -0.106838569 -0.002288223 0.999886453 -0.014895727 -0.201479256 -0.017976299 0.014852229 0.999728024 10.695890427
0.999762356 0.004614743 0.021306662 -0.106316969 -0.004293207 0.999876618 -0.015112136 -0.202201486 -0.021373773 0.015017069 0.999658704 10.735319138
0.999699593 0.002689977 0.024360424 -0.105843544 -0.002377053 0.999914408 -0.012865447 -0.202811137 -0.024392944 0.012803675 0.999620557 10.756081581
0.999622226 -0.000277237 0.027483292 -0.105119467 0.000545458 0.999952316 -0.009752397 -0.203838706 -0.027479285 0.009763704 0.999574661 10.794997215
0.999505937 -0.002654145 0.031314209 -0.104641348 0.002938064 0.999954939 -0.009024238 -0.204478920 -0.031288851 0.009111783 0.999468803 10.834893227
0.999440610 -0.001727073 0.033399943 -0.103731215 0.001984285 0.999968588 -0.007669363 -0.204998732 -0.033385646 0.007731345 0.999412596 10.847270966
0.999377549 0.000566033 0.035273984 -0.102958173 -0.000243378 0.999958098 -0.009150737 -0.206747174 -0.035277687 0.009136455 0.999335706 10.885661125
0.999251306 0.002254562 0.038622458 -0.102256566 -0.001788773 0.999925315 -0.012090366 -0.206534460 -0.038646828 0.012012228 0.999180734 10.908473969
0.999162853 0.002366688 0.040841792 -0.100207925 -0.001867828 0.999923289 -0.012248289 -0.207393155 -0.040867645 0.012161750 0.999090552 10.948986053
0.999019027 0.003083261 0.044174377 -0.100194514 -0.002649272 0.999947608 -0.009879646 -0.208264232 -0.044202533 0.009752927 0.998974979 10.970679283
0.998888075 0.004106028 0.046964508 -0.098310769 -0.003719352 0.999958456 -0.008317789 -0.209682211 -0.046996705 0.008133866 0.998861849 11.011178017
0.998710394 0.006500144 0.050352350 -0.097895563 -0.006028204 0.999936521 -0.009518960 -0.209201559 -0.050411027 0.009203150 0.998686135 11.032318115
0.998571217 0.006402713 0.053053934 -0.095988274 -0.005884416 0.999933481 -0.009919718 -0.210317612 -0.053113919 0.009593355 0.998542368 11.073088646
0.998457134 0.004776537 0.055322058 -0.094595313 -0.004221019 0.999939501 -0.010154017 -0.210921019 -0.055367187 0.009904838 0.998416960 11.094255447
0.998344898 0.001057259 0.057500891 -0.092846692 -0.000504947 0.999953628 -0.009618959 -0.212011039 -0.057508390 0.009574003 0.998299181 11.134824753
0.998318136 0.000273998 0.057972793 -0.091187596 0.000277109 0.999954879 -0.009498050 -0.212661296 -0.057972766 0.009498140 0.998272955 11.156480789
0.998257160 0.000474402 0.059010707 -0.089239776 0.000133539 0.999947011 -0.010297840 -0.213092968 -0.059012458 0.010287775 0.998204231 11.197421074
0.998261273 -0.000191518 0.058945864 -0.087812841 0.000761021 0.999953270 -0.009639164 -0.214157715 -0.058941275 0.009667261 0.998214662 11.219306946
0.998225451 0.000530154 0.059545279 -0.086244762 -0.000004275 0.999961019 -0.008831348 -0.215198621 -0.059547644 0.008815423 0.998186588 11.259887695
0.998265326 0.000165490 0.058874235 -0.083968282 0.000316354 0.999966562 -0.008174879 -0.216504082 -0.058873612 0.008179324 0.998232007 11.301342010
0.998386621 0.000218702 0.056781255 -0.083018363 0.000317713 0.999955416 -0.009437840 -0.216803014 -0.056780804 0.009440655 0.998342037 11.313641548
0.998464882 0.000720606 0.055383392 -0.081212401 -0.000152448 0.999947309 -0.010262172 -0.217949361 -0.055387877 0.010237976 0.998412430 11.354109764
0.998579383 0.001019179 0.053276777 -0.079841673 -0.000440200 0.999940693 -0.010877986 -0.218533099 -0.053284701 0.010839079 0.998520553 11.376516342
0.998601854 0.003391534 0.052753314 -0.079189837 -0.002775050 0.999927104 -0.011755032 -0.219250888 -0.052789334 0.011592203 0.998538375 11.416338921
0.998728514 0.004047333 0.050247643 -0.077344179 -0.003457346 0.999924064 -0.011822965 -0.220325977 -0.050291665 0.011634210 0.998666823 11.439305305
0.998794198 0.004757805 0.048861481 -0.076636434 -0.004215153 0.999928296 -0.011202977 -0.221387371 -0.048911285 0.010983510 0.998742819 11.479870796
0.998953283 0.004354937 0.045533381 -0.073952973 -0.003907404 0.999943197 -0.009913112 -0.222455829 -0.045573965 0.009724820 0.998913646 11.521003723
0.999162316 0.002271445 0.040858939 -0.072035015 -0.001976886 0.999971747 -0.007248110 -0.224052787 -0.040874247 0.007161267 0.999138653 11.562238693
0.999333024 0.000862572 0.036507227 -0.073429614 -0.000669340 0.999985695 -0.005304857 -0.224158838 -0.036511287 0.005276884 0.999319255 11.563118935
0.999506474 0.001243728 0.031388603 -0.072211206 -0.001098062 0.999988556 -0.004657566 -0.224639282 -0.031394046 0.004620801 0.999496400 11.603117943
0.999639869 0.000565005 0.026829418 -0.072132349 -0.000470645 0.999993682 -0.003523227 -0.225488931 -0.026831247 0.003509331 0.999633789 11.623874664
0.999756873 -0.000580039 0.022039678 -0.071623504 0.000643873 0.999995649 -0.002889346 -0.226472050 -0.022037907 0.002902834 0.999752879 11.662865639
0.999846339 -0.001038235 0.017499253 -0.071484178 0.001088737 0.999995291 -0.002876651 -0.226862296 -0.017496184 0.002895261 0.999842703 11.682938576
0.999907970 -0.001345770 0.013499888 -0.071353585 0.001397375 0.999991715 -0.003813919 -0.227405310 -0.013494642 0.003832432 0.999901474 11.720212936
0.999955654 -0.000417899 0.009414676 -0.071496136 0.000453870 0.999992609 -0.003818859 -0.228487939 -0.009413011 0.003822962 0.999948323 11.757824898
0.999982893 -0.001330288 0.005694843 -0.071861625 0.001348314 0.999994040 -0.003162632 -0.229050860 -0.005690606 0.003170256 0.999978781 11.766059875
0.999997437 -0.001423731 0.001796647 -0.071673572 0.001430249 0.999992371 -0.003631905 -0.229653955 -0.001791465 0.003634465 0.999991834 11.801400185
0.999995410 -0.002387029 -0.001888543 -0.072025776 0.002378858 0.999987841 -0.004317489 -0.230389208 0.001898825 0.004312976 0.999988914 11.832894325
0.999975204 -0.001498311 -0.006880698 -0.072981142 0.001459054 0.999982655 -0.005707031 -0.230820209 0.006889131 0.005696850 0.999960065 11.842704773
