0.999999464 0.000568023 0.000862108 0.000585332 -0.000567092 0.999999285 -0.001079373 -0.000961877 -0.000862720 0.001078883 0.999999046 0.056041211
0.999998033 0.000895797 0.001719156 0.000885300 -0.000894995 0.999999404 -0.000467060 -0.002073684 -0.001719574 0.000465520 0.999998391 0.112455338
0.999998987 0.000094793 0.001433447 0.001652989 -0.000095001 1.000000000 0.000144663 -0.003072844 -0.001433434 -0.000144799 0.999998987 0.169860542
0.999999464 -0.000449772 0.000963225 0.002642126 0.000449578 0.999999881 0.000200940 -0.004056990 -0.000963315 -0.000200507 0.999999523 0.227101713
0.999997020 -0.000602116 0.002360878 0.002490257 0.000601958 0.999999821 0.000067750 -0.004858857 -0.002360918 -0.000066329 0.999997199 0.284060627
0.999995708 -0.000325313 0.002920674 0.002866942 0.000328304 0.999999404 -0.001023573 -0.005782688 -0.002920339 0.001024528 0.999995172 0.340516955
0.999992788 0.000076641 0.003821149 0.002376381 -0.000071456 0.999999046 -0.001357032 -0.006729663 -0.003821251 0.001356749 0.999991775 0.394500107
0.999989867 -0.001422595 0.004296508 0.002136436 0.001421141 0.999998927 0.000341549 -0.008040372 -0.004296991 -0.000335439 0.999990642 0.450770408
0.999994397 -0.001665969 0.002892392 0.002223336 0.001661518 0.999997437 0.001540642 -0.009385755 -0.002894951 -0.001535828 0.999994576 0.504755735
0.999993145 -0.003532118 0.001121453 0.001591334 0.003531138 0.999993503 0.000874624 -0.009952306 -0.001124536 -0.000870658 0.999998987 0.559821248
0.999993742 -0.003442696 -0.000796071 0.000918257 0.003443168 0.999993920 0.000592492 -0.010897716 0.000794026 -0.000595229 0.999999464 0.614410877
0.999992371 -0.003051930 -0.002468552 0.000824083 0.003053021 0.999995172 0.000438580 -0.011664690 0.002467201 -0.000446113 0.999996901 0.670136929
0.999994278 -0.000881744 -0.003256238 0.000702086 0.000881021 0.999999583 -0.000223380 -0.012402982 0.003256434 0.000220510 0.999994695 0.723012865
0.999993801 -0.000450657 -0.003482222 -0.000185428 0.000449515 0.999999821 -0.000328758 -0.013066423 0.003482369 0.000327191 0.999993861 0.777222157
0.999991477 -0.001705476 -0.003758665 -0.000499314 0.001705548 0.999998569 0.000015894 -0.014028831 0.003758633 -0.000022305 0.999992847 0.830912828
0.999988735 -0.002045901 -0.004269080 -0.001069671 0.002050234 0.999997377 0.001010919 -0.015686948 0.004267000 -0.001019660 0.999990344 0.885814190
0.999986470 -0.001555085 -0.004960758 -0.001519534 0.001551997 0.999998629 -0.000626221 -0.016138200 0.004961727 0.000618514 0.999987423 0.939189672
0.999982178 -0.001934153 -0.005645333 -0.002582882 0.001923732 0.999996424 -0.001850754 -0.016775642 0.005648894 0.001839861 0.999982297 0.992952228
0.999983191 -0.000224911 -0.005791191 -0.002848444 0.000220163 0.999999583 -0.000820434 -0.018150672 0.005791374 0.000819145 0.999982893 1.045730948
0.999974489 -0.001083499 -0.007058614 -0.003101572 0.001077425 0.999998987 -0.000864277 -0.019437175 0.007059543 0.000856650 0.999974668 1.101549506
0.999968827 -0.001168037 -0.007826559 -0.003753921 0.001157355 0.999998331 -0.001369168 -0.020463139 0.007828147 0.001360067 0.999968469 1.151746035
0.999957681 -0.000816107 -0.009170517 -0.003936668 0.000810622 0.999999523 -0.000601817 -0.021344693 0.009171003 0.000594358 0.999957800 1.207544804
0.999949098 -0.002381774 -0.009796283 -0.005064651 0.002394167 0.999996364 0.001253600 -0.022465000 0.009793261 -0.001276991 0.999951243 1.256312847
0.999944508 -0.001704879 -0.010383123 -0.005906062 0.001714501 0.999998093 0.000917909 -0.023130381 0.010381537 -0.000935660 0.999945760 1.310554624
0.999924183 -0.003690062 -0.011750059 -0.006203394 0.003695564 0.999993086 0.000446590 -0.024229590 0.011748330 -0.000489979 0.999930859 1.361887813
0.999912143 -0.003430376 -0.012804462 -0.006772014 0.003426896 0.999994159 -0.000293735 -0.025363479 0.012805395 0.000249830 0.999917984 1.417220712
0.999903619 -0.003492973 -0.013436127 -0.008435912 0.003483878 0.999993622 -0.000700259 -0.025922067 0.013438487 0.000653381 0.999909461 1.467777133
0.999894083 -0.003935721 -0.014012770 -0.009152276 0.003933859 0.999992192 -0.000160464 -0.026891379 0.014013292 0.000105323 0.999901772 1.521824121
0.999883533 -0.004390253 -0.014613187 -0.010553355 0.004398862 0.999990165 0.000557054 -0.028235117 0.014610599 -0.000621270 0.999893069 1.571929216
0.999870956 -0.005097136 -0.015231253 -0.011868721 0.005105128 0.999986887 0.000485867 -0.028988644 0.015228575 -0.000563562 0.999883950 1.626408100
0.999857664 -0.005094764 -0.016078642 -0.011979477 0.005102107 0.999987006 0.000415749 -0.030337326 0.016076308 -0.000497725 0.999870658 1.677398205
0.999846160 -0.006758180 -0.016183130 -0.013243537 0.006774322 0.999976635 0.000942841 -0.031429879 0.016176380 -0.001052326 0.999868572 1.732614398
0.999849439 -0.005695342 -0.016389765 -0.013971077 0.005735437 0.999980628 0.002400488 -0.032127205 0.016375778 -0.002494129 0.999862731 1.781596184
0.999853313 -0.004726385 -0.016465448 -0.014787048 0.004774228 0.999984443 0.002867641 -0.032729957 0.016451636 -0.002945830 0.999860287 1.836801052
0.999860168 -0.004723381 -0.016044561 -0.016529800 0.004764349 0.999985397 0.002516117 -0.033755716 0.016032442 -0.002592207 0.999868035 1.891877174
0.999855340 -0.003732887 -0.016592471 -0.017053610 0.003775739 0.999989569 0.002552084 -0.034375604 0.016582772 -0.002614364 0.999859035 1.937171817
0.999868214 -0.000573092 -0.016219681 -0.018155184 0.000639126 0.999991596 0.004066322 -0.034654669 0.016217213 -0.004076154 0.999860168 1.993465066
0.999897838 -0.000795398 -0.014267855 -0.019302666 0.000898617 0.999973476 0.007229428 -0.035469573 0.014261725 -0.007241511 0.999872088 2.041657686
0.999925017 -0.000081374 -0.012243299 -0.020654701 0.000203854 0.999949932 0.010002923 -0.035748158 0.012241868 -0.010004669 0.999875009 2.097373247
0.999938428 0.000612658 -0.011075250 -0.020719558 -0.000463820 0.999909580 0.013436344 -0.036302321 0.011082481 -0.013430379 0.999848306 2.146237135
0.999950171 -0.000359203 -0.009972570 -0.021713778 0.000510253 0.999885082 0.015148125 -0.036650755 0.009965985 -0.015152459 0.999835491 2.201595068
0.999965847 -0.001744151 -0.008081805 -0.021854101 0.001850567 0.999911427 0.013178652 -0.036698997 0.008058104 -0.013193158 0.999880493 2.249927044
0.999973834 -0.000860311 -0.007181030 -0.022934575 0.000942323 0.999934256 0.011425136 -0.036869407 0.007170729 -0.011431604 0.999908924 2.304675579
0.999979496 -0.000429721 -0.006376653 -0.022937816 0.000499124 0.999940634 0.010886298 -0.036993325 0.006371595 -0.010889259 0.999920428 2.352816820
0.999974966 -0.001227851 -0.006964301 -0.023199979 0.001301296 0.999943435 0.010551236 -0.037542567 0.006950952 -0.010560035 0.999920070 2.408699989
0.999971449 -0.001423580 -0.007415453 -0.023618020 0.001489950 0.999958813 0.008952474 -0.037342422 0.007402404 -0.008963268 0.999932408 2.454177380
0.999956727 -0.001003764 -0.009254890 -0.024062691 0.001093984 0.999951839 0.009748418 -0.037920091 0.009244660 -0.009758122 0.999909699 2.510450363
0.999940693 -0.001224074 -0.010822928 -0.024699198 0.001335082 0.999946535 0.010255431 -0.037917975 0.010809796 -0.010269271 0.999888837 2.556139708
0.999919474 -0.001323483 -0.012626992 -0.025138710 0.001463877 0.999937177 0.011115808 -0.038634412 0.012611488 -0.011133392 0.999858439 2.611703157
0.999907374 -0.000157961 -0.013607725 -0.025842406 0.000300194 0.999945283 0.010451002 -0.038578779 0.013605330 -0.010454115 0.999852777 2.657613993
0.999893785 0.000350836 -0.014565869 -0.026871823 -0.000202997 0.999948502 0.010149975 -0.038800776 0.014568680 -0.010145939 0.999842405 2.713274479
0.999897838 -0.000615966 -0.014279375 -0.027662510 0.000756669 0.999951124 0.009850304 -0.039355103 0.014272612 -0.009860100 0.999849439 2.758368969
0.999891460 -0.001110728 -0.014689910 -0.028711297 0.001237112 0.999962211 0.008597161 -0.039430551 0.014679807 -0.008614399 0.999855101 2.815056801
0.999877691 -0.002109367 -0.015497062 -0.029152220 0.002268325 0.999944925 0.010246907 -0.040150307 0.015474594 -0.010280805 0.999827385 2.858882666
0.999878526 -0.001891484 -0.015463937 -0.030898545 0.002074882 0.999927580 0.011852331 -0.040555339 0.015440398 -0.011882981 0.999810100 2.913892031
0.999868691 -0.001620580 -0.016119724 -0.031109897 0.001783590 0.999947309 0.010103218 -0.040957265 0.016102498 -0.010130644 0.999819040 2.959285975
0.999869645 -0.000025284 -0.016147286 -0.032179303 0.000164575 0.999962807 0.008625072 -0.041165985 0.016146466 -0.008626606 0.999832392 3.015598297
0.999865890 0.002173152 -0.016229199 -0.033952676 -0.002027428 0.999957561 0.008990225 -0.041402571 0.016248045 -0.008956114 0.999827862 3.070670128
0.999851763 0.004538010 -0.016608503 -0.034240685 -0.004390890 0.999950886 0.008883868 -0.041792486 0.016648000 -0.008809625 0.999822617 3.108721733
0.999842823 0.006575679 -0.016460292 -0.035403930 -0.006429903 0.999939740 0.008893555 -0.042115338 0.016517781 -0.008786321 0.999824941 3.164802313
0.999846280 0.007261763 -0.015953807 -0.036077812 -0.007095940 0.999920487 0.010426117 -0.042842936 0.016028248 -0.010311309 0.999818325 3.207551241
0.999861777 0.009477224 -0.013665961 -0.037451882 -0.009330923 0.999898970 0.010729947 -0.042846698 0.013766268 -0.010600949 0.999849021 3.262922287
0.999908090 0.008356988 -0.010674288 -0.038974721 -0.008267290 0.999930441 0.008419840 -0.043514784 0.010743908 -0.008330819 0.999907553 3.317976475
0.999950051 0.004899769 -0.008708970 -0.038610645 -0.004865126 0.999980152 0.003994533 -0.044257332 0.008728368 -0.003951964 0.999954045 3.354376554
0.999951720 0.006136592 -0.007679723 -0.037919089 -0.006113905 0.999976814 0.002974212 -0.044861108 0.007697797 -0.002927116 0.999966025 3.411339045
0.999980509 0.005137463 -0.003532077 -0.039728098 -0.005110408 0.999957860 0.007626534 -0.046017200 0.003571109 -0.007608335 0.999964654 3.451558828
0.999985933 0.005291337 0.000430254 -0.040348675 -0.005295023 0.999944746 0.009071717 -0.046868585 -0.000382228 -0.009073867 0.999958813 3.504927635
0.999979258 0.004920714 0.004164650 -0.040352799 -0.004953015 0.999957442 0.007781419 -0.047556616 -0.004126183 -0.007801884 0.999961078 3.560112715
0.999966621 0.004110880 0.007060261 -0.040464766 -0.004140744 0.999982476 0.004220538 -0.047446072 -0.007042788 -0.004249633 0.999966145 3.594044447
0.999941707 0.003003212 0.010362412 -0.039866980 -0.003007084 0.999995410 0.000358204 -0.048349291 -0.010361288 -0.000389344 0.999946177 3.647717237
0.999895871 0.002187558 0.014261594 -0.039577972 -0.002178369 0.999997437 -0.000659817 -0.048545431 -0.014263001 0.000628681 0.999898076 3.683909893
0.999844790 0.001041209 0.017585015 -0.038353458 -0.001074271 0.999997735 0.001870735 -0.049962495 -0.017583024 -0.001889336 0.999843597 3.736556530
0.999774933 0.001849432 0.021135289 -0.037324019 -0.001898385 0.999995589 0.002296370 -0.050617237 -0.021130951 -0.002335977 0.999773920 3.790182114
0.999673128 0.002610306 0.025431877 -0.037145130 -0.002590674 0.999996245 -0.000804852 -0.050837982 -0.025433885 0.000738703 0.999676228 3.818525314
0.999584377 0.002822590 0.028687311 -0.035962038 -0.002745726 0.999992549 -0.002718408 -0.052004110 -0.028694771 0.002638511 0.999584734 3.871452570
0.999485970 0.002081453 0.031991839 -0.034476839 -0.001978433 0.999992788 -0.003251504 -0.052756965 -0.031998381 0.003186539 0.999482870 3.908447266
0.999404967 0.001284213 0.034469061 -0.032507613 -0.001221796 0.999997675 -0.001831835 -0.053757578 -0.034471329 0.001788631 0.999404132 3.961457968
0.999294162 0.000199139 0.037568420 -0.030892164 -0.000164946 0.999999583 -0.000913242 -0.054075096 -0.037568580 0.000906400 0.999293685 3.998038530
0.999203026 -0.000801951 0.039909504 -0.028655723 0.000773199 0.999999404 0.000735850 -0.055004012 -0.039910074 -0.000704406 0.999203146 4.051119328
0.999101698 -0.001827234 0.042338066 -0.027232394 0.001745315 0.999996543 0.001971743 -0.055665892 -0.042341512 -0.001896079 0.999101400 4.086345673
0.998988390 -0.003065408 0.044866886 -0.025610283 0.003075260 0.999995291 -0.000150581 -0.056587376 -0.044866208 0.000288406 0.998992920 4.138329506
0.998885155 -0.004249325 0.047015231 -0.022799924 0.004440034 0.999982357 -0.003952638 -0.057120625 -0.046997599 0.004156981 0.998886347 4.192234516
0.998766959 -0.003498989 0.049521580 -0.022161111 0.003837512 0.999969900 -0.006742425 -0.057693578 -0.049496505 0.006924150 0.998750269 4.217122555
0.998698115 -0.004024653 0.050851844 -0.019637823 0.004411918 0.999962151 -0.007505569 -0.059253205 -0.050819710 0.007720151 0.998678029 4.271461964
0.998669088 -0.003767925 0.051437605 -0.017695650 0.004140910 0.999965787 -0.007146563 -0.059578121 -0.051408917 0.007350050 0.998650551 4.306285381
0.998720646 -0.003502792 0.050446417 -0.015196547 0.003753713 0.999980986 -0.004880111 -0.061007243 -0.050428368 0.005063230 0.998714805 4.360134602
0.998777092 -0.004154152 0.049263939 -0.013273284 0.004342849 0.999983668 -0.003723924 -0.061462089 -0.049247663 0.003933317 0.998778760 4.395754814
0.998895407 -0.003338601 0.046869688 -0.010716826 0.003489889 0.999989092 -0.003146423 -0.062290721 -0.046858661 0.003306518 0.998896003 4.450471401
0.998985708 -0.003391679 0.044899076 -0.009721100 0.003512522 0.999990463 -0.002612830 -0.063019767 -0.044889774 0.002767889 0.998988092 4.486258507
0.999118567 -0.002568874 0.041899871 -0.007933259 0.002687338 0.999992549 -0.002771231 -0.063933358 -0.041892439 0.002881387 0.999117911 4.540970802
0.999272585 -0.001256598 0.038115062 -0.006826624 0.001378761 0.999994040 -0.003178982 -0.064623371 -0.038110837 0.003229220 0.999268293 4.576919556
0.999417543 -0.001091111 0.034108456 -0.005849048 0.001181796 0.999995887 -0.002638675 -0.065803014 -0.034105435 0.002677447 0.999414682 4.630438805
0.999543130 -0.000701639 0.030216401 -0.004535168 0.000747496 0.999998569 -0.001506349 -0.066550381 -0.030215310 0.001528248 0.999542236 4.668125629
0.999669850 -0.000361083 0.025691118 -0.002940394 0.000372160 0.999999821 -0.000426384 -0.067633390 -0.025690962 0.000435804 0.999669850 4.722474098
0.999769092 -0.000449359 0.021483006 -0.002757408 0.000453640 1.000000000 -0.000194407 -0.067985281 -0.021482913 0.000204108 0.999769211 4.758927822
0.999853194 0.000155197 0.017138584 -0.002411999 -0.000144470 0.999999821 -0.000627166 -0.068362214 -0.017138675 0.000624597 0.999852955 4.814624786
0.999935329 0.000975229 0.011330595 -0.001292925 -0.000971554 0.999999464 -0.000329786 -0.069237590 -0.011330908 0.000318756 0.999935746 4.851221561
0.999978065 0.001373642 0.006484927 -0.001305439 -0.001366425 0.999998450 -0.001117106 -0.069892660 -0.006486448 0.001108221 0.999978364 4.906246662
0.999995410 0.002374371 0.001883230 -0.001430647 -0.002371902 0.999996305 -0.001312144 -0.070799768 -0.001886339 0.001307671 0.999997318 4.943255424
0.999988079 0.004327459 -0.002258336 -0.001405084 -0.004329946 0.999989986 -0.001097474 -0.072175220 0.002253564 0.001107239 0.999996901 4.998687744
0.999973953 0.006130726 -0.003815901 -0.002090789 -0.006135001 0.999980509 -0.001109625 -0.072486997 0.003809025 0.001133006 0.999992132 5.035110950
0.999961853 0.007538156 -0.004428065 -0.003109477 -0.007544121 0.999970615 -0.001331871 -0.073694356 0.004417896 0.001365226 0.999989331 5.091228485
0.999933660 0.009820217 -0.006005303 -0.003185714 -0.009826571 0.999951184 -0.001029234 -0.074333295 0.005994902 0.001088178 0.999981463 5.128478527
0.999916494 0.010946866 -0.006859051 -0.003610674 -0.010949214 0.999940038 -0.000304756 -0.075161032 0.006855303 0.000379832 0.999976397 5.184023380
0.999911666 0.010867146 -0.007647836 -0.004301835 -0.010867691 0.999940932 -0.000029621 -0.075826511 0.007647062 0.000112733 0.999970734 5.221926689
0.999863029 0.014620219 -0.007740121 -0.006074253 -0.014605428 0.999891341 0.001964029 -0.076520935 0.007767994 -0.001850713 0.999968112 5.279231548
0.999838412 0.015183113 -0.009626601 -0.005442303 -0.015133430 0.999871910 0.005212746 -0.077007405 0.009704514 -0.005066219 0.999940097 5.315782070
0.999849856 0.014167517 -0.009977971 -0.006221332 -0.014118269 0.999887824 0.004988925 -0.077914447 0.010047534 -0.004847304 0.999937832 5.371317863
0.999849975 0.013855027 -0.010395967 -0.007065512 -0.013825307 0.999900043 0.002925457 -0.077802412 0.010435463 -0.002781290 0.999941587 5.410088062
0.999873340 0.011262901 -0.011241672 -0.007688645 -0.011217440 0.999928653 0.004098835 -0.078598186 0.011287034 -0.003972213 0.999928355 5.466582775
0.999888599 0.008866607 -0.012003847 -0.008386526 -0.008796440 0.999944031 0.005885668 -0.079005048 0.012055363 -0.005779422 0.999910593 5.504484177
0.999902129 0.005844253 -0.012711810 -0.008504175 -0.005742645 0.999951363 0.008015081 -0.079805285 0.012758034 -0.007941296 0.999887049 5.561181545
0.999914289 0.003645330 -0.012572728 -0.009709779 -0.003533768 0.999954283 0.008884262 -0.080015421 0.012604539 -0.008839074 0.999881506 5.599061489
0.999922931 -0.000732114 -0.012389341 -0.010244239 0.000812862 0.999978483 0.006513659 -0.080122337 0.012384305 -0.006523226 0.999902070 5.656889915
0.999917924 -0.003222905 -0.012401802 -0.010939106 0.003299802 0.999975383 0.006185005 -0.081071921 0.012381565 -0.006225421 0.999903917 5.694466591
0.999917507 -0.004438795 -0.012051641 -0.011947472 0.004511028 0.999971986 0.005972999 -0.081771545 0.012024791 -0.006026872 0.999909520 5.752392769
0.999925494 -0.003829288 -0.011589315 -0.013080034 0.003900477 0.999973595 0.006126300 -0.082121119 0.011565552 -0.006171047 0.999914050 5.809846878
0.999928832 -0.003969156 -0.011252382 -0.012981132 0.004061734 0.999957979 0.008216586 -0.082316563 0.011219297 -0.008261705 0.999902964 5.838979244
0.999925613 -0.001932992 -0.012046061 -0.012274366 0.002057840 0.999944150 0.010360480 -0.082905777 0.012025365 -0.010384496 0.999873817 5.894271851
0.999947846 -0.001927736 -0.010038114 -0.014160246 0.002013414 0.999961555 0.008532103 -0.083950624 0.010021282 -0.008551867 0.999913216 5.957091331
0.999957383 -0.000972675 -0.009177447 -0.015685096 0.001031637 0.999978840 0.006422116 -0.083951831 0.009171007 -0.006431310 0.999937236 5.981369019
0.999967992 -0.001394385 -0.007867666 -0.017545400 0.001424343 0.999991715 0.003803319 -0.084399328 0.007862298 -0.003814404 0.999961793 6.039276123
0.999968886 -0.002730921 -0.007405011 -0.017967753 0.002726987 0.999996185 -0.000541376 -0.085535973 0.007406460 0.000521167 0.999972463 6.097843170
0.999965966 -0.002015310 -0.008001550 -0.017293457 0.001985301 0.999990940 -0.003756570 -0.086105533 0.008009049 0.003740557 0.999960899 6.123137474
0.999968469 -0.002903543 -0.007398102 -0.017951513 0.002866363 0.999983251 -0.005031301 -0.087187551 0.007412586 0.005009936 0.999960005 6.181127548
0.999965906 -0.002605640 -0.007836672 -0.018233674 0.002570734 0.999986768 -0.004460843 -0.087996945 0.007848191 0.004440544 0.999959350 6.216628551
0.999965787 -0.002156862 -0.007987551 -0.018588968 0.002123674 0.999989152 -0.004161078 -0.089127146 0.007996440 0.004143972 0.999959469 6.274550915
0.999965787 -0.001479418 -0.008139808 -0.019435279 0.001455378 0.999994576 -0.002958514 -0.089845173 0.008144140 0.002946567 0.999962509 6.310186863
0.999965608 -0.000962614 -0.008245851 -0.020164974 0.000943758 0.999996901 -0.002290396 -0.090972543 0.008248030 0.002282535 0.999963403 6.368762970
0.999958694 -0.001102737 -0.009020642 -0.020585753 0.001077656 0.999995470 -0.002784762 -0.091905102 0.009023673 0.002774925 0.999955475 6.402998447
0.999949872 -0.000809306 -0.009974658 -0.021258119 0.000783378 0.999996305 -0.002603048 -0.092569798 0.009976728 0.002595103 0.999946952 6.460697174
0.999944210 -0.001127385 -0.010500061 -0.022016816 0.001112095 0.999998331 -0.001461938 -0.093617216 0.010501691 0.001450179 0.999943793 6.496572495
0.999940157 0.000258755 -0.010934793 -0.023137759 -0.000267957 0.999999583 -0.000840069 -0.094738215 0.010934573 0.000842949 0.999939859 6.554340839
0.999931097 0.000080565 -0.011738470 -0.023500890 -0.000106214 0.999997556 -0.002184476 -0.095361881 0.011738265 0.002185572 0.999928713 6.589422703
0.999923110 0.001104444 -0.012355162 -0.024522457 -0.001139971 0.999995232 -0.002868753 -0.096958369 0.012351934 0.002882616 0.999919534 6.647816658
0.999915957 0.001796648 -0.012832183 -0.025317479 -0.001835308 0.999993801 -0.003001587 -0.097556949 0.012826712 0.003024887 0.999913156 6.681630135
0.999909163 0.001912750 -0.013342041 -0.026435062 -0.001964390 0.999990582 -0.003858399 -0.098561347 0.013334536 0.003884257 0.999903560 6.740411282
0.999890625 0.001630487 -0.014701270 -0.026848413 -0.001705149 0.999985695 -0.005067485 -0.099438816 0.014692798 0.005092000 0.999879122 6.774110317
0.999885619 0.002174735 -0.014967387 -0.027840964 -0.002248744 0.999985337 -0.004929593 -0.100544140 0.014956445 0.004962688 0.999875844 6.832791328
0.999869585 0.001279845 -0.016099695 -0.028885975 -0.001331717 0.999993980 -0.003211599 -0.101732217 0.016095486 0.003232620 0.999865234 6.867664337
0.999867320 0.001766328 -0.016200546 -0.030813523 -0.001813326 0.999994218 -0.002886812 -0.102930047 0.016195353 0.002915805 0.999864578 6.925126553
0.999841988 0.002751013 -0.017559884 -0.030913055 -0.002799432 0.999992371 -0.002733327 -0.103524908 0.017552229 0.002782054 0.999842107 6.960314274
0.999841213 0.002897712 -0.017579904 -0.032849669 -0.002940716 0.999992728 -0.002420870 -0.104599968 0.017572759 0.002472183 0.999842584 7.018566608
0.999814332 0.003731715 -0.018908786 -0.033656031 -0.003784722 0.999989033 -0.002768301 -0.106200330 0.018898247 0.002839351 0.999817371 7.076574802
0.999810457 0.003925394 -0.019067427 -0.034336470 -0.003991598 0.999986172 -0.003435265 -0.106640488 0.019053677 0.003510723 0.999812245 7.098622322
0.999810755 0.003734598 -0.019092090 -0.036015987 -0.003793963 0.999988139 -0.003074085 -0.107984796 0.019080380 0.003145938 0.999812961 7.156542301
0.999797165 0.003858427 -0.019766709 -0.036590792 -0.003942566 0.999983311 -0.004219390 -0.108740263 0.019750100 0.004296467 0.999795735 7.190276146
0.999799132 0.002696450 -0.019859677 -0.038142897 -0.002821443 0.999976397 -0.006268476 -0.109639779 0.019842304 0.006323250 0.999783099 7.248288155
0.999792457 -0.000738990 -0.020356901 -0.038408250 0.000623746 0.999983728 -0.005666945 -0.110681154 0.020360757 0.005653072 0.999776661 7.283115864
0.999790728 -0.000679618 -0.020443862 -0.040079720 0.000651331 0.999998868 -0.001390260 -0.112239502 0.020444781 0.001376654 0.999790013 7.340167999
0.999788344 -0.001254208 -0.020531792 -0.040757798 0.001304144 0.999996185 0.002418938 -0.112548247 0.020528680 -0.002445203 0.999786258 7.375502586
0.999792457 -0.000128360 -0.020372793 -0.042993948 0.000169465 0.999997914 0.002015927 -0.113549836 0.020372495 -0.002018961 0.999790370 7.432531834
0.999791443 0.001632007 -0.020356774 -0.043213375 -0.001657411 0.999997795 -0.001231113 -0.114205651 0.020354714 0.001264596 0.999792039 7.467007637
0.999787152 0.001075801 -0.020603344 -0.044660114 -0.001145005 0.999993622 -0.003347356 -0.115435869 0.020599615 0.003370235 0.999782145 7.524251938
0.999779940 0.001543747 -0.020920098 -0.045648225 -0.001596362 0.999995589 -0.002498592 -0.117163584 0.020916147 0.002531439 0.999777973 7.582293987
0.999788404 0.001386204 -0.020523997 -0.047212936 -0.001413977 0.999998093 -0.001338760 -0.118636996 0.020522099 0.001367497 0.999788463 7.638324261
0.999785841 0.001478203 -0.020639153 -0.047723733 -0.001463054 0.999998629 0.000749094 -0.118428588 0.020640235 -0.000718738 0.999786675 7.647554398
0.999807954 0.001037745 -0.019570347 -0.049652174 -0.001003313 0.999997854 0.001769164 -0.119165175 0.019572143 -0.001749189 0.999806881 7.704530239
0.999840260 0.001100664 -0.017841496 -0.051372901 -0.001076333 0.999998450 0.001373294 -0.120903485 0.017842982 -0.001353871 0.999839842 7.758282185
0.999859691 0.000591283 -0.016740166 -0.050791994 -0.000598995 0.999999821 -0.000455666 -0.121124163 0.016739892 0.000465630 0.999859750 7.780390739
0.999887109 0.000053292 -0.015027320 -0.052648105 -0.000082501 0.999998093 -0.001943065 -0.122164331 0.015027188 0.001944086 0.999885142 7.836038589
0.999902666 -0.000500494 -0.013945516 -0.053725012 0.000468963 0.999997377 -0.002264184 -0.123672530 0.013946613 0.002257423 0.999900162 7.891292572
0.999926507 0.000292265 -0.012118530 -0.055393606 -0.000308101 0.999999166 -0.001304953 -0.125234276 0.012118137 0.001308591 0.999925733 7.945390701
0.999940455 -0.000749331 -0.010888668 -0.054450542 0.000753546 0.999999583 0.000382997 -0.125028551 0.010888378 -0.000391179 0.999940634 7.957967281
0.999951303 0.000958660 -0.009819084 -0.055093341 -0.000957484 0.999999523 0.000124443 -0.126089528 0.009819199 -0.000115035 0.999951780 8.014384270
0.999960303 0.000069596 -0.008912434 -0.055271558 -0.000064036 0.999999821 0.000624159 -0.126749992 0.008912478 -0.000623563 0.999960005 8.045149803
0.999965966 0.000132506 -0.008257913 -0.055898532 -0.000126458 0.999999762 0.000732824 -0.127710134 0.008258010 -0.000731755 0.999965608 8.099744797
0.999975920 0.000491594 -0.006934236 -0.056457054 -0.000486602 0.999999702 0.000721629 -0.128733605 0.006934590 -0.000718238 0.999975681 8.155214310
0.999980271 0.000678478 -0.006240806 -0.056954909 -0.000674005 0.999999523 0.000718732 -0.129876316 0.006241291 -0.000714511 0.999980211 8.209719658
0.999985635 -0.000323190 -0.005364116 -0.058526374 0.000327542 0.999999523 0.000810441 -0.130976170 0.005363853 -0.000812186 0.999985278 8.261237144
0.999991119 -0.000653877 -0.004165439 -0.058003210 0.000656676 0.999999523 0.000670655 -0.130673736 0.004164999 -0.000673384 0.999991119 8.257352829
0.999991536 -0.000538058 -0.004085915 -0.058506154 0.000544625 0.999998510 0.001606415 -0.131488055 0.004085046 -0.001608627 0.999990344 8.309462547
0.999989986 -0.001443301 -0.004217901 -0.058707800 0.001454560 0.999995351 0.002667474 -0.132542774 0.004214031 -0.002673582 0.999987543 8.337989807
0.999987245 -0.001567740 -0.004792663 -0.058984131 0.001582844 0.999993742 0.003149416 -0.133871809 0.004787696 -0.003156962 0.999983549 8.388251305
0.999984264 -0.000450876 -0.005581843 -0.059326556 0.000456285 0.999999344 0.000967803 -0.133745477 0.005581403 -0.000970334 0.999984026 8.438811302
0.999983191 -0.000241331 -0.005777440 -0.059787989 0.000247264 0.999999464 0.001026253 -0.134937406 0.005777189 -0.001027665 0.999982774 8.455372810
0.999983072 -0.000098657 -0.005819334 -0.060743272 0.000102526 0.999999762 0.000664513 -0.135840163 0.005819268 -0.000665098 0.999982893 8.504568100
0.999969363 -0.001242001 -0.007729790 -0.060614422 0.001247786 0.999998927 0.000743604 -0.136433631 0.007728857 -0.000753226 0.999969780 8.531211853
0.999955475 -0.001510492 -0.009314761 -0.061528437 0.001528585 0.999996960 0.001935578 -0.137479991 0.009311810 -0.001949731 0.999954760 8.577237129
0.999934077 -0.002419672 -0.011221657 -0.061871160 0.002457734 0.999991238 0.003379303 -0.137872040 0.011213381 -0.003406661 0.999931216 8.604813576
0.999909520 -0.002462847 -0.013220207 -0.062969461 0.002522293 0.999986768 0.004481808 -0.138439789 0.013208996 -0.004514747 0.999902487 8.651709557
0.999879539 -0.001562875 -0.015438376 -0.063265413 0.001636611 0.999987304 0.004764662 -0.139031351 0.015430734 -0.004789355 0.999869406 8.677251816
0.999832034 -0.001607491 -0.018250635 -0.064112052 0.001683713 0.999989867 0.004161792 -0.139823571 0.018243762 -0.004191822 0.999824762 8.721738815
0.999776125 -0.001496543 -0.021108780 -0.065357231 0.001581632 0.999990642 0.004014882 -0.140341014 0.021102576 -0.004047369 0.999769151 8.766523361
0.999705613 -0.000958014 -0.024243126 -0.065936252 0.001075019 0.999987781 0.004813758 -0.140686750 0.024238216 -0.004838401 0.999694526 8.779486656
0.999617577 -0.000601454 -0.027646549 -0.066797420 0.000740812 0.999986947 0.005030704 -0.141812116 0.027643168 -0.005049261 0.999605060 8.821897507
0.999552608 -0.000893294 -0.029894903 -0.068891227 0.001033574 0.999988496 0.004677324 -0.142548054 0.029890385 -0.004706130 0.999542058 8.862814903
0.999447405 -0.000883785 -0.033228591 -0.069302663 0.000992681 0.999994159 0.003260842 -0.142499387 0.033225514 -0.003292026 0.999442458 8.875360489
0.999332964 0.000176935 -0.036519498 -0.071020126 -0.000053566 0.999994338 0.003379115 -0.143450275 0.036519885 -0.003374905 0.999327242 8.914424896
0.999226809 0.000337848 -0.039314158 -0.072105497 -0.000227211 0.999996006 0.002818614 -0.143902645 0.039314952 -0.002807502 0.999222875 8.935080528
0.999117315 0.001841358 -0.041964874 -0.073762804 -0.001738757 0.999995351 0.002481280 -0.144496202 0.041969255 -0.002406123 0.999115944 8.972341537
0.999093354 0.002756597 -0.042481754 -0.074856758 -0.002631460 0.999992013 0.003001293 -0.144986391 0.042489685 -0.002886784 0.999092698 8.992411613
0.999098480 0.002339707 -0.042387281 -0.076503932 -0.002149590 0.999987423 0.004530267 -0.145892531 0.042397346 -0.004435068 0.999090970 9.027973175
0.999130487 0.002812296 -0.041600529 -0.077656716 -0.002620492 0.999985635 0.004664443 -0.145988017 0.041613050 -0.004551372 0.999123454 9.046778679
0.999122322 0.002295598 -0.041824620 -0.079131901 -0.002112654 0.999987960 0.004417736 -0.146719247 0.041834265 -0.004325497 0.999115229 9.080368042
0.999159276 0.003372662 -0.040856894 -0.080015004 -0.003283964 0.999992073 0.002237874 -0.146899208 0.040864110 -0.002101819 0.999162614 9.099106789
0.999188244 0.003195072 -0.040157326 -0.081289381 -0.003174627 0.999994695 0.000572901 -0.147706479 0.040158939 -0.000444951 0.999193192 9.132325172
0.999244988 0.003707528 -0.038673472 -0.082213283 -0.003758479 0.999992132 -0.001244812 -0.147928730 0.038668558 0.001389226 0.999251068 9.150635719
0.999289811 0.003942837 -0.037471149 -0.083349377 -0.004016682 0.999990165 -0.001895613 -0.148480192 0.037463300 0.002044777 0.999295890 9.183905602
0.999360144 0.003679713 -0.035575185 -0.084348321 -0.003749136 0.999991179 -0.001884936 -0.148978770 0.035567936 0.002017107 0.999365151 9.201393127
0.999411881 0.003459967 -0.034116026 -0.085280925 -0.003532067 0.999991655 -0.002053340 -0.149581850 0.034108639 0.002172632 0.999415696 9.233807564
0.999487936 0.003189182 -0.031838652 -0.086168781 -0.003245777 0.999993265 -0.001726012 -0.150286049 0.031832933 0.001828470 0.999491453 9.252118111
0.999541283 0.002980636 -0.030135078 -0.086889192 -0.003051557 0.999992669 -0.002307727 -0.150729313 0.030127980 0.002398627 0.999543130 9.284227371
0.999624550 0.002645950 -0.027271977 -0.087459207 -0.002686929 0.999995291 -0.001466058 -0.151473001 0.027267965 0.001538785 0.999626994 9.302195549
0.999708891 0.001689339 -0.024068503 -0.088283569 -0.001715781 0.999998033 -0.001078006 -0.151900634 0.024066633 0.001118988 0.999709725 9.334102631
0.999785125 0.000747722 -0.020716457 -0.088932559 -0.000759921 0.999999523 -0.000580960 -0.152506873 0.020716012 0.000596578 0.999785244 9.351548195
0.999836981 0.000774668 -0.018042427 -0.089365557 -0.000783672 0.999999583 -0.000491963 -0.152916208 0.018042037 0.000506022 0.999837101 9.383334160
0.999889255 0.000377463 -0.014877466 -0.089700229 -0.000391854 0.999999464 -0.000964372 -0.153332308 0.014877093 0.000970095 0.999888837 9.400318146
0.999932408 -0.000015985 -0.011625570 -0.090248376 -0.000000835 0.999998987 -0.001446797 -0.153799146 0.011625580 0.001446709 0.999931335 9.431401253
0.999959767 0.001026109 -0.008913863 -0.090448663 -0.001044176 0.999997437 -0.002022451 -0.154280975 0.008911761 0.002031677 0.999958217 9.448685646
0.999978602 0.001025844 -0.006459853 -0.090427801 -0.001043081 0.999995947 -0.002665554 -0.154764935 0.006457091 0.002672235 0.999975562 9.480103493
0.999993742 0.001788993 -0.003045993 -0.090879217 -0.001794857 0.999996543 -0.001923510 -0.155137554 0.003042541 0.001928965 0.999993503 9.497569084
0.999997616 0.002117609 -0.000538466 -0.091028556 -0.002118334 0.999996901 -0.001350594 -0.155681953 0.000535604 0.001351731 0.999998987 9.529726028
0.999997020 0.001670702 0.001733845 -0.090986490 -0.001668149 0.999997497 -0.001473069 -0.156103268 -0.001736302 0.001470173 0.999997377 9.547306061
0.999992251 0.000985783 0.003791113 -0.091047145 -0.000976463 0.999996543 -0.002459469 -0.156821936 -0.003793524 0.002455748 0.999989808 9.579360962
0.999984324 0.001679368 0.005344326 -0.090801135 -0.001650768 0.999984384 -0.005351245 -0.157102242 -0.005353229 0.005342339 0.999971390 9.597290039
0.999981880 0.001043030 0.005932670 -0.090564758 -0.000996509 0.999968827 -0.007838970 -0.157523751 -0.005940662 0.007832916 0.999951661 9.630049706
0.999978781 0.000355341 0.006507775 -0.090731084 -0.000309012 0.999974549 -0.007118514 -0.158154592 -0.006510139 0.007116351 0.999953449 9.648046494
0.999978900 -0.001167189 0.006393842 -0.090596557 0.001218561 0.999966919 -0.008036627 -0.158900976 -0.006384249 0.008044248 0.999947250 9.681620598
0.999976873 0.001156957 0.006702199 -0.090665057 -0.001101991 0.999965787 -0.008199098 -0.159259170 -0.006711456 0.008191521 0.999943912 9.699399948
0.999979436 0.000441482 0.006398045 -0.089982390 -0.000389888 0.999967396 -0.008063168 -0.160233825 -0.006401396 0.008060507 0.999947011 9.735362053
0.999974430 0.000075511 0.007146068 -0.090499870 0.000000160 0.999943972 -0.010588464 -0.160366237 -0.007146467 0.010588196 0.999918342 9.751259804
0.999962926 -0.004044759 0.007602018 -0.090334788 0.004137670 0.999916553 -0.012246250 -0.161452293 -0.007551851 0.012277251 0.999896109 9.785439491
0.999944806 -0.006555209 0.008213722 -0.089972615 0.006666637 0.999885082 -0.013613083 -0.161651447 -0.008123541 0.013667091 0.999873638 9.804090500
0.999953210 -0.003908136 0.008848951 -0.089891396 0.003995596 0.999943137 -0.009887548 -0.162453175 -0.008809807 0.009922443 0.999911964 9.839233398
0.999955654 -0.000026236 0.009420811 -0.089976311 0.000064469 0.999991775 -0.004058006 -0.162454814 -0.009420627 0.004058434 0.999947429 9.858006477
0.999947250 -0.001433675 0.010174771 -0.089671157 0.001435059 0.999998987 -0.000128665 -0.163535863 -0.010174576 0.000143260 0.999948263 9.893731117
0.999921083 -0.001426884 0.012480029 -0.088848077 0.001463184 0.999994755 -0.002899998 -0.163810641 -0.012475824 0.002918029 0.999917984 9.929473877
0.999867618 -0.001155497 0.016231561 -0.088418499 0.001291275 0.999964356 -0.008357098 -0.164823115 -0.016221324 0.008376953 0.999833405 9.964602470
0.999787450 0.000525282 0.020610629 -0.088908508 -0.000271522 0.999924183 -0.012312943 -0.164566979 -0.020615533 0.012304730 0.999711752 9.968186378
0.999703348 0.002501874 0.024227144 -0.088859364 -0.002211781 0.999925673 -0.011993252 -0.165376857 -0.024255347 0.011936109 0.999634504 10.004590034
0.999630690 0.000224402 0.027174253 -0.087192297 0.000022179 0.999958873 -0.009073440 -0.166851997 -0.027175171 0.009070693 0.999589503 10.042549133
0.999551833 -0.001899218 0.029874442 -0.086650968 0.002101811 0.999974966 -0.006751531 -0.166436315 -0.029860873 0.006811296 0.999530792 10.054562569
0.999465585 -0.004070797 0.032434646 -0.085167557 0.004262837 0.999973714 -0.005853861 -0.166767448 -0.032409962 0.005988996 0.999456644 10.092204094
0.999349058 -0.003472367 0.035908230 -0.084934860 0.003637821 0.999983013 -0.004543387 -0.167827010 -0.035891846 0.004671057 0.999344766 10.112838745
0.999251246 -0.001353033 0.038667370 -0.083731204 0.001615198 0.999975860 -0.006749560 -0.168548882 -0.038657308 0.006806961 0.999229372 10.151178360
0.999145687 -0.001483685 0.041299034 -0.082580268 0.001813683 0.999966741 -0.007954129 -0.170370325 -0.041285846 0.008022237 0.999115169 10.189352036
0.999035597 0.000127944 0.043908000 -0.082085878 0.000283696 0.999956071 -0.009368687 -0.169489503 -0.043907266 0.009372110 0.998991668 10.200068474
0.998905420 0.000782042 0.046770096 -0.081114531 -0.000444948 0.999973893 -0.007217431 -0.170434058 -0.046774521 0.007188721 0.998879671 10.237396240
0.998749912 0.002723038 0.049911678 -0.079703212 -0.002453927 0.999982119 -0.005452234 -0.170945019 -0.049925633 0.005322939 0.998738766 10.258762360
0.998596907 0.003064738 0.052865848 -0.077850759 -0.002781379 0.999981403 -0.005432718 -0.171794683 -0.052881520 0.005278055 0.998586893 10.297188759
0.998436332 0.003763398 0.055772591 -0.077167928 -0.003399395 0.999972284 -0.006619987 -0.171780229 -0.055795956 0.006420043 0.998421550 10.317203522
0.998322964 0.002870175 0.057819810 -0.074344039 -0.002437006 0.999968410 -0.007560822 -0.172226518 -0.057839688 0.007407235 0.998298407 10.356501579
0.998189628 -0.000705629 0.060141869 -0.073749840 0.001095682 0.999978483 -0.006452809 -0.173044831 -0.060136028 0.006507023 0.998169005 10.375520706
0.998138070 -0.001502990 0.060976803 -0.071578562 0.001907245 0.999976575 -0.006571984 -0.173861325 -0.060965493 0.006676045 0.998117566 10.414272308
0.998091936 -0.001830872 0.061718207 -0.070416510 0.002265312 0.999973118 -0.006969861 -0.174181253 -0.061703786 0.007096373 0.998069286 10.434135437
0.998031914 -0.002505990 0.062658146 -0.068506956 0.002934233 0.999972939 -0.006743515 -0.175249070 -0.062639549 0.006914095 0.998012245 10.472826958
0.998076797 -0.001981147 0.061959844 -0.066987097 0.002373923 0.999977529 -0.006266217 -0.175524265 -0.061946057 0.006401253 0.998059094 10.493615150
0.998113930 -0.001781143 0.061364017 -0.064519525 0.002131838 0.999981821 -0.005650004 -0.176531628 -0.061352834 0.005770167 0.998099446 10.533061981
0.998176336 -0.002372442 0.060319845 -0.062635958 0.002726182 0.999979556 -0.005782786 -0.177701578 -0.060304888 0.005936682 0.998162389 10.572162628
0.998296022 -0.001333664 0.058337916 -0.061882138 0.001776285 0.999970019 -0.007536002 -0.177704707 -0.058326125 0.007626786 0.998268425 10.582840919
0.998412132 -0.000543907 0.056329399 -0.059514940 0.001032575 0.999962091 -0.008646439 -0.178441152 -0.056322563 0.008690872 0.998374760 10.622414589
0.998512983 0.001286460 0.054498874 -0.057195783 -0.000808988 0.999961138 -0.008782279 -0.179367304 -0.054508056 0.008725132 0.998475194 10.661775589
0.998560190 0.002308707 0.053592984 -0.057641983 -0.001820234 0.999956310 -0.009161522 -0.179881036 -0.053611800 0.009050779 0.998520851 10.671210289
0.998674870 0.003037331 0.051372241 -0.056252241 -0.002606996 0.999960959 -0.008441756 -0.180927262 -0.051395878 0.008296642 0.998643875 10.708749771
0.998819292 0.002437937 0.048519570 -0.055061817 -0.002091974 0.999972045 -0.007179889 -0.181448430 -0.048535731 0.007069909 0.998796403 10.730471611
0.999019563 0.001443432 0.044247638 -0.053612679 -0.001232640 0.999987781 -0.004790829 -0.182372138 -0.044254020 0.004731590 0.999009073 10.769041061
0.999214411 0.000075095 0.039632097 -0.052635342 0.000047593 0.999995232 -0.003094720 -0.183165833 -0.039632142 0.003094175 0.999209583 10.807061195
0.999391079 -0.000441807 0.034887407 -0.052299023 0.000504498 0.999998212 -0.001788161 -0.183512598 -0.034886546 0.001804673 0.999389648 10.817277908
0.999545515 -0.000624449 0.030136444 -0.051512271 0.000657268 0.999999225 -0.001079121 -0.184164926 -0.030135740 0.001098439 0.999545217 10.854883194
0.999664724 -0.001152760 0.025862556 -0.051398963 0.001168149 0.999999106 -0.000579962 -0.184911370 -0.025861867 0.000609979 0.999665320 10.891418457
0.999772549 -0.002087800 0.021225512 -0.051245511 0.002107463 0.999997318 -0.000904041 -0.185013145 -0.021223569 0.000948567 0.999774337 10.901135445
0.999839604 -0.001411897 0.017852690 -0.051758990 0.001441766 0.999997556 -0.001660311 -0.185564727 -0.017850302 0.001685784 0.999839306 10.936128616
0.999909282 -0.001545132 0.013384635 -0.050921410 0.001563790 0.999997795 -0.001383667 -0.186734989 -0.013382467 0.001404472 0.999909461 10.971231461
0.999951303 -0.001282544 0.009787445 -0.051381789 0.001296436 0.999998093 -0.001413265 -0.186832637 -0.009785612 0.001425885 0.999951124 10.979598999
0.999980927 -0.000948072 0.006101438 -0.051337652 0.000958452 0.999998033 -0.001698609 -0.187484279 -0.006099814 0.001704425 0.999980032 11.012384415
0.999996424 -0.001658571 0.002116283 -0.051305272 0.001666637 0.999991298 -0.003815718 -0.186349601 -0.002109937 0.003819231 0.999990523 11.044255257
0.999995649 -0.001134748 -0.002722243 -0.052395612 0.001123034 0.999990165 -0.004300860 -0.188208848 0.002727097 0.004297784 0.999987125 11.074984550
