0.999998748 0.000780222 0.001353783 0.000043064 -0.000778740 0.999999106 -0.001095121 -0.000823790 -0.001354637 0.001094065 0.999998450 0.053015441
0.999995351 0.001144477 0.002818284 -0.000169649 -0.001142766 0.999999166 -0.000608244 -0.001763434 -0.002818979 0.000605020 0.999995828 0.106191449
0.999991179 0.000442375 0.004170566 -0.000337354 -0.000442222 0.999999821 -0.000037596 -0.002779764 -0.004170583 0.000035752 0.999991298 0.159261867
0.999988735 -0.000001600 0.004733989 -0.000055136 0.000003110 0.999999940 -0.000319009 -0.003567052 -0.004733989 0.000319020 0.999988794 0.212418199
0.999982536 -0.000019856 0.005909175 -0.000091477 0.000022193 0.999999940 -0.000395448 -0.004413538 -0.005909167 0.000395572 0.999982476 0.265597224
0.999979079 0.000457436 0.006453199 0.000278106 -0.000450852 0.999999404 -0.001021612 -0.005439596 -0.006453664 0.001018681 0.999978662 0.318694681
0.999971867 0.000292428 0.007499426 0.000013692 -0.000282697 0.999999046 -0.001298616 -0.006472328 -0.007499798 0.001296459 0.999970973 0.371002883
0.999971092 -0.000539282 0.007587111 0.000200228 0.000538388 0.999999762 0.000119892 -0.007391672 -0.007587175 -0.000115804 0.999971151 0.423857033
0.999980032 -0.001348053 0.006176773 0.000413595 0.001341711 0.999998569 0.001030789 -0.008422786 -0.006178154 -0.001022481 0.999980390 0.476830184
0.999989808 -0.002135716 0.003977714 0.000296318 0.002133471 0.999997556 0.000568512 -0.009273054 -0.003978918 -0.000560019 0.999991894 0.529233575
0.999996245 -0.002082753 0.001791474 0.000245556 0.002081957 0.999997735 0.000445673 -0.010666443 -0.001792398 -0.000441941 0.999998212 0.584170699
0.999998152 -0.001822753 0.000485059 0.000194188 0.001822600 0.999998271 0.000315827 -0.011254949 -0.000485633 -0.000314942 0.999999762 0.633914411
0.999999702 -0.000525309 -0.000582234 0.000168728 0.000525137 0.999999821 -0.000294766 -0.011945268 0.000582388 0.000294460 0.999999762 0.689140141
0.999999106 -0.000698687 -0.001130246 -0.000119667 0.000698510 0.999999702 -0.000157237 -0.012706295 0.001130355 0.000156447 0.999999344 0.739040613
0.999996960 -0.001519666 -0.001905326 -0.000188746 0.001520969 0.999998510 0.000682414 -0.013882058 0.001904286 -0.000685310 0.999997973 0.794187665
0.999996722 -0.001726539 -0.001947919 -0.000726193 0.001727243 0.999998450 0.000359695 -0.014439123 0.001947296 -0.000363058 0.999998033 0.844166100
0.999996185 -0.001081806 -0.002571539 -0.001266483 0.001080748 0.999999344 -0.000413165 -0.015443549 0.002571984 0.000410384 0.999996603 0.898603857
0.999993980 -0.001500918 -0.003136389 -0.001309871 0.001496758 0.999998033 -0.001328153 -0.016381795 0.003138376 0.001323451 0.999994218 0.948500335
0.999992073 -0.000291571 -0.003966477 -0.001747673 0.000288299 0.999999642 -0.000825430 -0.017358998 0.003966716 0.000824279 0.999991834 1.002700925
0.999986827 -0.000727546 -0.005074174 -0.001785967 0.000723050 0.999999344 -0.000887688 -0.018431807 0.005074816 0.000884008 0.999986649 1.052057266
0.999987721 -0.000930520 -0.004874181 -0.003446152 0.000924604 0.999998868 -0.001215749 -0.019688569 0.004875307 0.001211228 0.999987364 1.105740428
0.999974847 -0.000549550 -0.007074137 -0.002794626 0.000543434 0.999999523 -0.000866434 -0.020209063 0.007074609 0.000862568 0.999974549 1.155276656
0.999969184 -0.001763258 -0.007654582 -0.003213549 0.001764453 0.999998510 0.000149413 -0.020775694 0.007654306 -0.000162914 0.999970615 1.210794449
0.999959409 -0.002469406 -0.008658067 -0.003888096 0.002475295 0.999996722 0.000669441 -0.021989482 0.008656387 -0.000690846 0.999962270 1.258421540
0.999950230 -0.004264939 -0.009013979 -0.004907360 0.004267555 0.999990880 0.000270924 -0.023319710 0.009012744 -0.000309378 0.999959290 1.313279390
0.999936163 -0.003304786 -0.010799463 -0.004801010 0.003300099 0.999994457 -0.000451802 -0.024420284 0.010800897 0.000416134 0.999941587 1.361517310
0.999933779 -0.003599099 -0.010929960 -0.006878085 0.003589857 0.999993145 -0.000865056 -0.024631917 0.010932999 0.000825761 0.999939919 1.415983558
0.999917269 -0.003114380 -0.012493818 -0.006098003 0.003113523 0.999995172 -0.000088102 -0.026266607 0.012494034 0.000049195 0.999921978 1.464624882
0.999908864 -0.003260339 -0.013105344 -0.007233918 0.003270888 0.999994338 0.000783576 -0.027620401 0.013102716 -0.000826370 0.999913871 1.519007564
0.999892354 -0.004033332 -0.014097841 -0.007169557 0.004036614 0.999991775 0.000204262 -0.028124945 0.014096902 -0.000261147 0.999900520 1.568124533
0.999877810 -0.004286075 -0.015025869 -0.007560728 0.004282757 0.999990761 -0.000252991 -0.028772179 0.015026816 0.000188608 0.999886990 1.622627497
0.999879658 -0.004623253 -0.014801144 -0.008901976 0.004634812 0.999988914 0.000746649 -0.029795311 0.014797526 -0.000815160 0.999890149 1.669973493
0.999885082 -0.004355189 -0.014517453 -0.010169875 0.004381584 0.999988854 0.001786779 -0.030315403 0.014509506 -0.001850183 0.999892950 1.723954439
0.999890506 -0.004028324 -0.014230477 -0.011436170 0.004076334 0.999986053 0.003346370 -0.032058924 0.014216798 -0.003404012 0.999893129 1.779057860
0.999882698 -0.003558049 -0.014900788 -0.011825021 0.003596032 0.999990344 0.002523068 -0.032457225 0.014891669 -0.002576356 0.999885798 1.822878957
0.999886811 -0.001930781 -0.014923092 -0.012851537 0.001963909 0.999995649 0.002205543 -0.033167515 0.014918768 -0.002234602 0.999886215 1.877118349
0.999901652 -0.000199285 -0.014020699 -0.014016629 0.000257767 0.999991298 0.004169371 -0.033908028 0.014019746 -0.004172575 0.999893010 1.925001979
0.999919355 -0.000747366 -0.012677412 -0.014698203 0.000847908 0.999968231 0.007927231 -0.035287797 0.012671083 -0.007937340 0.999888241 1.979285479
0.999947727 -0.000256182 -0.010221733 -0.016130645 0.000364674 0.999943614 0.010613440 -0.035671473 0.010218439 -0.010616612 0.999891460 2.034825563
0.999958515 0.000878469 -0.009064823 -0.016301373 -0.000756110 0.999908626 0.013492764 -0.035291411 0.009075847 -0.013485352 0.999867857 2.078882456
0.999969363 0.000118006 -0.007818523 -0.016827285 -0.000006218 0.999897778 0.014296308 -0.035193332 0.007819410 -0.014295825 0.999867260 2.129471779
0.999973059 -0.002101568 -0.007029596 -0.016890567 0.002192031 0.999914587 0.012886051 -0.035560653 0.007001915 -0.012901113 0.999892294 2.184198141
0.999981999 -0.000201098 -0.005997051 -0.017033188 0.000268236 0.999937236 0.011196510 -0.035666149 0.005994423 -0.011197915 0.999919355 2.229475975
0.999982893 -0.000112107 -0.005850141 -0.016929513 0.000175955 0.999940336 0.010914525 -0.036100239 0.005848570 -0.010915367 0.999923348 2.284055948
0.999984622 -0.000519295 -0.005520998 -0.017635124 0.000574109 0.999950528 0.009931352 -0.036027893 0.005515568 -0.009934369 0.999935448 2.329419374
0.999980569 -0.001310492 -0.006092089 -0.018320350 0.001362869 0.999961972 0.008601284 -0.036499299 0.006080586 -0.008609419 0.999944508 2.383578539
0.999972880 -0.001351484 -0.007246040 -0.019102212 0.001419559 0.999954820 0.009397874 -0.036840998 0.007233011 -0.009407906 0.999929547 2.429459095
0.999958754 -0.002853164 -0.008638346 -0.019743480 0.002935914 0.999949813 0.009581890 -0.036886379 0.008610574 -0.009606858 0.999916852 2.485181332
0.999941647 -0.002171711 -0.010580033 -0.019831602 0.002291491 0.999933243 0.011322300 -0.037869297 0.010554741 -0.011345883 0.999879837 2.528980732
0.999924064 -0.001872915 -0.012181742 -0.020272087 0.002007580 0.999936938 0.011051834 -0.038150787 0.012160274 -0.011075451 0.999864638 2.583980799
0.999918699 -0.000804772 -0.012729700 -0.020776318 0.000945979 0.999938011 0.011090576 -0.038667157 0.012719986 -0.011101717 0.999857426 2.629581690
0.999914348 -0.001568598 -0.012995325 -0.021539334 0.001704192 0.999944210 0.010429545 -0.038869455 0.012978239 -0.010450796 0.999861121 2.679056168
0.999902725 -0.001801339 -0.013830989 -0.022330429 0.001924824 0.999958456 0.008920016 -0.038924254 0.013814346 -0.008945771 0.999864578 2.733114958
0.999899685 -0.003470132 -0.013731673 -0.023047252 0.003615168 0.999937832 0.010551471 -0.039544657 0.013694204 -0.010600056 0.999849975 2.778355837
0.999908507 -0.003720939 -0.013002015 -0.024777452 0.003878180 0.999919415 0.012089326 -0.040130910 0.012955982 -0.012138643 0.999842346 2.833556890
0.999889851 -0.003452186 -0.014436510 -0.024974320 0.003607320 0.999935865 0.010733804 -0.040508471 0.014398531 -0.010784699 0.999838173 2.876384735
0.999884367 -0.001832269 -0.015094383 -0.025790757 0.001981771 0.999949098 0.009895514 -0.041394383 0.015075481 -0.009924281 0.999837101 2.930047035
0.999888957 0.000516745 -0.014890676 -0.026823478 -0.000366614 0.999949038 0.010083159 -0.041283704 0.014895128 -0.010076581 0.999838233 2.974496365
0.999885798 0.002557859 -0.014890201 -0.027941728 -0.002411318 0.999948502 0.009851048 -0.041306928 0.014914634 -0.009814018 0.999840498 3.029387236
0.999876320 0.003841753 -0.015248494 -0.028618790 -0.003678361 0.999935687 0.010728888 -0.042020496 0.015288731 -0.010671470 0.999826193 3.072141647
0.999875367 0.004999196 -0.014972285 -0.029106745 -0.004822703 0.999918818 0.011800994 -0.042303789 0.015030067 -0.011727318 0.999818265 3.127297163
0.999898136 0.005867349 -0.013011059 -0.030400377 -0.005706092 0.999907017 0.012396473 -0.042790003 0.013082583 -0.012320968 0.999838531 3.181459665
0.999943435 0.004708197 -0.009542543 -0.031330042 -0.004613357 0.999940097 0.009936559 -0.042973530 0.009588754 -0.009891974 0.999905050 3.216158867
0.999972165 0.001608469 -0.007296152 -0.031582840 -0.001571841 0.999986231 0.005023133 -0.043635212 0.007304132 -0.005011526 0.999960780 3.270669222
0.999983430 0.003108660 -0.004836668 -0.031926967 -0.003087396 0.999985516 0.004397754 -0.044116691 0.004850270 -0.004382749 0.999978602 3.311997175
0.999992907 0.002800191 -0.002461259 -0.031515017 -0.002781838 0.999968529 0.007428796 -0.044407189 0.002481983 -0.007421897 0.999969304 3.366703987
0.999997795 0.001503302 0.001445202 -0.032322772 -0.001516772 0.999954939 0.009365157 -0.045216471 -0.001431058 -0.009367328 0.999955118 3.404610157
0.999983668 0.002323491 0.005219458 -0.032109685 -0.002362278 0.999969423 0.007437512 -0.045605645 -0.005202018 -0.007449721 0.999958694 3.457926035
0.999957681 0.001170454 0.009121468 -0.032202739 -0.001209648 0.999990046 0.004292517 -0.046118744 -0.009116353 -0.004303369 0.999949157 3.496327877
0.999907374 0.000451248 0.013601746 -0.029990423 -0.000455050 0.999999821 0.000276431 -0.046104733 -0.013601620 -0.000282596 0.999907494 3.540079832
0.999874771 -0.000882499 0.015792549 -0.030972954 0.000883813 0.999999762 -0.000076213 -0.047443010 -0.015792478 0.000090160 0.999875247 3.587089300
0.999820411 -0.000807915 0.018928982 -0.029627107 0.000783082 0.999998868 0.001319287 -0.048103500 -0.018930027 -0.001304227 0.999819934 3.639535189
0.999730468 0.000056815 0.023217898 -0.029473804 -0.000106601 0.999997735 0.002143075 -0.049088329 -0.023217725 -0.002144972 0.999728084 3.677868605
0.999638021 -0.000536560 0.026899297 -0.028647251 0.000531611 0.999999821 0.000191117 -0.050150584 -0.026899392 -0.000176747 0.999638140 3.730883121
0.999534369 -0.000451905 0.030510426 -0.027528249 0.000516105 0.999997616 -0.002096341 -0.050844170 -0.030509409 0.002111112 0.999532223 3.768228769
0.999447644 -0.000701799 0.033225957 -0.025780395 0.000778761 0.999997020 -0.002303434 -0.052035924 -0.033224240 0.002328036 0.999445260 3.821222067
0.999345958 -0.001996030 0.036110647 -0.024267748 0.002048435 0.999996960 -0.001414302 -0.052532144 -0.036107719 0.001487347 0.999346793 3.858417273
0.999259770 -0.002334251 0.038401060 -0.022206843 0.002334538 0.999997318 0.000037365 -0.053220164 -0.038401045 0.000052312 0.999262393 3.911553621
0.999117255 -0.002619396 0.041925143 -0.021412641 0.002550695 0.999995291 0.001692081 -0.053929567 -0.041929368 -0.001583649 0.999119282 3.947726250
0.999009192 -0.004851517 0.044237435 -0.019344807 0.004727231 0.999984682 0.002913706 -0.055015240 -0.044250879 -0.002701698 0.999016762 3.999871969
0.998902202 -0.005485457 0.046522841 -0.016916543 0.005482524 0.999984920 0.000190664 -0.055408087 -0.046523184 0.000064609 0.998917162 4.051936150
0.998770833 -0.007070212 0.049057372 -0.016052291 0.007207586 0.999970555 -0.002623928 -0.056752130 -0.049037375 0.002974288 0.998792529 4.081591129
0.998698473 -0.006063563 0.050642096 -0.013012633 0.006359048 0.999963641 -0.005675694 -0.057134375 -0.050605848 0.005990342 0.998700738 4.134641647
0.998580337 -0.006319718 0.052890781 -0.011890009 0.006671804 0.999956667 -0.006482941 -0.058328759 -0.052847527 0.006826615 0.998579204 4.172249317
0.998569131 -0.006349708 0.053098176 -0.009716690 0.006665548 0.999961078 -0.005773254 -0.059624843 -0.053059451 0.006118922 0.998572588 4.224736691
0.998617351 -0.005974025 0.052229639 -0.006974310 0.006203772 0.999971807 -0.004237745 -0.060138617 -0.052202847 0.004555905 0.998626113 4.279300213
0.998681545 -0.006935624 0.050864827 -0.004953399 0.007058030 0.999972582 -0.002227254 -0.061892398 -0.050847989 0.002583323 0.998703063 4.332256794
0.998779237 -0.006108512 0.049015813 -0.002973348 0.006198378 0.999979377 -0.001681611 -0.061939251 -0.049004529 0.001983376 0.998796523 4.355129719
0.998874843 -0.005615633 0.047089227 -0.001794308 0.005688298 0.999982834 -0.001409271 -0.062692121 -0.047080513 0.001675542 0.998889625 4.407631397
0.999032974 -0.005264791 0.043651499 0.000551686 0.005329554 0.999984860 -0.001367417 -0.063482545 -0.043643646 0.001598738 0.999045789 4.447232723
0.999195814 -0.003685386 0.039928485 0.001865491 0.003759475 0.999991357 -0.001780605 -0.064407706 -0.039921582 0.001929283 0.999200821 4.501941681
0.999350667 -0.003731658 0.035838537 0.003570840 0.003779242 0.999992073 -0.001260069 -0.065624975 -0.035833564 0.001394693 0.999356687 4.555741787
0.999471068 -0.002939460 0.032392174 0.004039139 0.002957211 0.999995530 -0.000500077 -0.065762527 -0.032390557 0.000595603 0.999475062 4.587125778
0.999606967 -0.002519052 0.027922353 0.005355805 0.002504628 0.999996781 0.000551530 -0.067059949 -0.027923647 -0.000481378 0.999609947 4.640395164
0.999726176 -0.002648056 0.023248333 0.006416813 0.002633777 0.999996483 0.000644760 -0.067092746 -0.023249956 -0.000583352 0.999729455 4.680896759
0.999831021 -0.002057943 0.018267166 0.007616900 0.002043112 0.999997616 0.000830495 -0.068110690 -0.018268827 -0.000793033 0.999832749 4.736068249
0.999916911 -0.001381822 0.012815299 0.007900458 0.001374536 0.999998927 0.000577328 -0.068503968 -0.012816085 -0.000559666 0.999917686 4.791480541
0.999962389 -0.000972605 0.008617620 0.007872153 0.000968813 0.999999344 0.000444179 -0.069492631 -0.008618045 -0.000435814 0.999962747 4.822443485
0.999995649 -0.000338427 0.002921989 0.009134535 0.000339991 0.999999762 -0.000534923 -0.069587924 -0.002921808 0.000535914 0.999995589 4.876636028
0.999997318 0.002288959 0.000318381 0.007792173 -0.002288921 0.999997377 -0.000120683 -0.071029723 -0.000318656 0.000119954 0.999999940 4.917309284
0.999990344 0.003788936 -0.002219206 0.007662003 -0.003789102 0.999992788 -0.000070828 -0.071832970 0.002218921 0.000079236 0.999997556 4.972271442
0.999982476 0.005356092 -0.002519985 0.006653233 -0.005357471 0.999985516 -0.000540978 -0.072488070 0.002517051 0.000554470 0.999996662 5.012433529
0.999965131 0.007574757 -0.003513437 0.006317111 -0.007574094 0.999971390 0.000201889 -0.073764682 0.003514865 -0.000175271 0.999993801 5.067217350
0.999948919 0.008907391 -0.004763801 0.005903825 -0.008905723 0.999960184 0.000371297 -0.073799260 0.004766918 -0.000328853 0.999988616 5.108612537
0.999949336 0.008645158 -0.005135259 0.005161440 -0.008641358 0.999962330 0.000761491 -0.074734122 0.005141649 -0.000717077 0.999986589 5.164650917
0.999900997 0.012584786 -0.006297207 0.004555024 -0.012567011 0.999916911 0.002854105 -0.075154528 0.006332602 -0.002774686 0.999976039 5.204905987
0.999884248 0.013532160 -0.006958478 0.003957540 -0.013491191 0.999891520 0.005901056 -0.075601064 0.007037577 -0.005806495 0.999958336 5.260800362
0.999898195 0.012256646 -0.007309005 0.003108542 -0.012216372 0.999910116 0.005530002 -0.076196134 0.007376128 -0.005440149 0.999957979 5.301320553
0.999899805 0.011854616 -0.007736582 0.002176881 -0.011823130 0.999921739 0.004102856 -0.076904953 0.007784613 -0.004010973 0.999961674 5.358119488
0.999921083 0.009505131 -0.008222145 0.001575589 -0.009462319 0.999941647 0.005230532 -0.077670991 0.008271382 -0.005152318 0.999952495 5.414142132
0.999929965 0.007027375 -0.009522738 0.001487058 -0.006963019 0.999952853 0.006774581 -0.077885270 0.009569896 -0.006707799 0.999931693 5.445772171
0.999948323 0.003501574 -0.009549374 0.001242798 -0.003422900 0.999960244 0.008242571 -0.078079343 0.009577857 -0.008209457 0.999920428 5.502190113
0.999950111 0.001744578 -0.009835946 0.000153646 -0.001648548 0.999950945 0.009762810 -0.078904897 0.009852497 -0.009746108 0.999903917 5.542640686
0.999953508 -0.002680523 -0.009268956 -0.000549845 0.002749705 0.999968410 0.007459213 -0.078906551 0.009248669 -0.007484353 0.999929190 5.599924088
0.999943852 -0.004607799 -0.009540841 -0.000988245 0.004675172 0.999964118 0.007051438 -0.079942778 0.009508010 -0.007095647 0.999929607 5.639266968
0.999936998 -0.006146461 -0.009397357 -0.001583934 0.006210956 0.999957204 0.006849417 -0.080496654 0.009354858 -0.006907351 0.999932408 5.696458340
0.999945700 -0.005625769 -0.008772621 -0.002384920 0.005686271 0.999960124 0.006886946 -0.080657482 0.008733527 -0.006936455 0.999937832 5.736704826
0.999960959 -0.004768632 -0.007428284 -0.003290426 0.004835886 0.999947190 0.009062164 -0.081132948 0.007384677 -0.009097733 0.999931395 5.794718742
0.999965906 -0.002819355 -0.007758327 -0.003434744 0.002901522 0.999939680 0.010599950 -0.081679150 0.007727974 -0.010622098 0.999913752 5.833807945
0.999965906 -0.003439045 -0.007509595 -0.003820818 0.003505226 0.999955058 0.008817465 -0.082409658 0.007478934 -0.008843484 0.999932945 5.890244007
0.999975860 -0.002200081 -0.006595140 -0.005063277 0.002247853 0.999971271 0.007244916 -0.082600296 0.006579011 -0.007259566 0.999951959 5.930152893
0.999981582 -0.001829045 -0.005795169 -0.005802946 0.001856389 0.999987304 0.004716569 -0.083313398 0.005786468 -0.004727242 0.999972105 5.987709522
0.999974728 -0.003782396 -0.006031464 -0.005834514 0.003786444 0.999992549 0.000659805 -0.084045179 0.006028924 -0.000682626 0.999981582 6.026851177
0.999978065 -0.004132978 -0.005162593 -0.007010823 0.004118751 0.999987662 -0.002763228 -0.085160583 0.005173950 0.002741904 0.999982893 6.084002495
0.999980390 -0.003700088 -0.005052231 -0.007037608 0.003680857 0.999985933 -0.003810324 -0.085872091 0.005066258 0.003791653 0.999979973 6.122915268
0.999979138 -0.004033339 -0.005040574 -0.007475415 0.004015674 0.999985754 -0.003509697 -0.087276213 0.005054658 0.003489383 0.999981105 6.179698944
0.999979496 -0.003978274 -0.005025952 -0.008526770 0.003962573 0.999987245 -0.003129984 -0.088253006 0.005038340 0.003110005 0.999982476 6.236732006
0.999979436 -0.003133350 -0.005583509 -0.008283237 0.003121570 0.999993026 -0.002117113 -0.088566631 0.005590104 0.002099640 0.999982178 6.265654087
0.999982476 -0.002863256 -0.005170798 -0.010019355 0.002853909 0.999994278 -0.001814313 -0.089409031 0.005175964 0.001799524 0.999984980 6.323707104
0.999976814 -0.002595765 -0.006300531 -0.009564482 0.002583256 0.999994755 -0.001992567 -0.090457723 0.006305669 0.001976244 0.999978125 6.360971928
0.999974728 -0.001488615 -0.006942451 -0.010342337 0.001475734 0.999997258 -0.001860064 -0.091191396 0.006945198 0.001849772 0.999974191 6.417930603
0.999965966 -0.002833627 -0.007741988 -0.010657225 0.002830361 0.999995947 -0.000432736 -0.092163533 0.007743183 0.000410809 0.999969900 6.455497265
0.999969125 -0.001333268 -0.007741319 -0.011955641 0.001333183 0.999999106 -0.000016174 -0.093220487 0.007741334 0.000005853 0.999970019 6.510993481
0.999958694 -0.001349828 -0.008987176 -0.011946127 0.001338746 0.999998331 -0.001239072 -0.093746111 0.008988834 0.001226989 0.999958813 6.549677849
0.999951243 -0.000448278 -0.009869553 -0.012616202 0.000425764 0.999997258 -0.002283156 -0.095094390 0.009870552 0.002278842 0.999948680 6.606028080
0.999946773 0.000711085 -0.010297596 -0.013377685 -0.000735265 0.999996960 -0.002344532 -0.095835716 0.010295898 0.002351979 0.999944210 6.643671989
0.999941647 0.000371033 -0.010800205 -0.014293972 -0.000405959 0.999994636 -0.003231833 -0.096610233 0.010798950 0.003236029 0.999936402 6.701052189
0.999926746 0.000823492 -0.012077736 -0.014538884 -0.000874398 0.999990702 -0.004210221 -0.097984016 0.012074156 0.004220473 0.999918163 6.757346630
0.999922276 0.000821225 -0.012433913 -0.015501380 -0.000868271 0.999992430 -0.003778714 -0.098890021 0.012430715 0.003789216 0.999915540 6.785665989
0.999913812 -0.000264607 -0.013121902 -0.016692683 0.000231364 0.999996722 -0.002534880 -0.100292392 0.013122532 0.002531626 0.999910593 6.841863155
0.999905586 0.000570973 -0.013728881 -0.017409787 -0.000596224 0.999998152 -0.001835272 -0.101213865 0.013727807 0.001843284 0.999904096 6.879248619
0.999887943 0.001314465 -0.014910948 -0.018279232 -0.001335714 0.999998152 -0.001415187 -0.102322482 0.014909060 0.001434945 0.999887884 6.936606884
0.999894798 0.002303344 -0.014321486 -0.020497598 -0.002316132 0.999996901 -0.000876428 -0.103400171 0.014319424 0.000909506 0.999897063 6.993325233
0.999884605 0.001816223 -0.015079558 -0.022560365 -0.001835199 0.999997616 -0.001244703 -0.105533101 0.015077261 0.001272233 0.999885499 7.048453331
0.999862790 0.002989396 -0.016292283 -0.021278709 -0.003030820 0.999992192 -0.002518422 -0.105085269 0.016284628 0.002567456 0.999864101 7.068419933
0.999855399 0.003899012 -0.016551152 -0.023327872 -0.003947583 0.999987960 -0.002902941 -0.105257265 0.016539635 0.002967858 0.999858797 7.124185562
0.999851942 0.002630165 -0.017002227 -0.023487054 -0.002690761 0.999990225 -0.003542136 -0.106649674 0.016992742 0.003587362 0.999849141 7.161620617
0.999853611 0.001067948 -0.017074984 -0.024401978 -0.001157278 0.999985695 -0.005222629 -0.108027726 0.017069163 0.005241625 0.999840558 7.219351768
0.999854147 -0.001495197 -0.017007718 -0.025509246 0.001409043 0.999986112 -0.005076395 -0.108600840 0.017015073 0.005051691 0.999842405 7.255701542
0.999849200 -0.001151330 -0.017324835 -0.026960365 0.001132127 0.999998748 -0.001118182 -0.110039614 0.017326100 0.001098399 0.999849260 7.312088490
0.999843240 -0.002794308 -0.017485557 -0.027439803 0.002850809 0.999990821 0.003207144 -0.110524327 0.017476432 -0.003256489 0.999841988 7.350017071
0.999844551 -0.001058821 -0.017599819 -0.029181816 0.001110025 0.999995232 0.002899833 -0.111554354 0.017596662 -0.002918919 0.999840915 7.406141281
0.999847233 0.000532678 -0.017470140 -0.029758632 -0.000544863 0.999999642 -0.000692770 -0.111966453 0.017469771 0.000702183 0.999847114 7.442768574
0.999844074 0.000916680 -0.017632226 -0.031438202 -0.000960188 0.999996543 -0.002459240 -0.113066807 0.017629910 0.002475787 0.999841511 7.499932766
0.999828696 0.000504165 -0.018499266 -0.031611636 -0.000534149 0.999998569 -0.001615909 -0.114923432 0.018498426 0.001625514 0.999827564 7.556256294
0.999838710 0.000520596 -0.017951943 -0.033035316 -0.000530473 0.999999762 -0.000545418 -0.116304390 0.017951656 0.000554853 0.999838650 7.610693455
0.999845147 0.000379458 -0.017589571 -0.034008801 -0.000353386 0.999998808 0.001485340 -0.116114214 0.017590117 -0.001478894 0.999844193 7.627716541
0.999860525 -0.000707934 -0.016681379 -0.035625413 0.000751179 0.999996424 0.002586239 -0.116989851 0.016679488 -0.002598409 0.999857545 7.683055401
0.999885738 -0.000223012 -0.015111228 -0.036396898 0.000246839 0.999998689 0.001574870 -0.117559694 0.015110859 -0.001578421 0.999884546 7.719156265
0.999906063 -0.001369045 -0.013633404 -0.037873738 0.001371433 0.999998927 0.000165867 -0.118632995 0.013633165 -0.000184549 0.999907017 7.773698807
0.999922574 -0.001313249 -0.012373121 -0.038599528 0.001295232 0.999998093 -0.001464033 -0.119737983 0.012375019 0.001447894 0.999922395 7.828894615
0.999936640 -0.002067007 -0.011065148 -0.038877625 0.002046589 0.999996245 -0.001856248 -0.120172173 0.011068941 0.001833485 0.999937057 7.856418133
0.999955177 -0.001139657 -0.009404012 -0.039746433 0.001129479 0.999998868 -0.001087580 -0.121682420 0.009405240 0.001076910 0.999955177 7.909299850
0.999963880 -0.002444082 -0.008134754 -0.040550046 0.002449661 0.999996781 0.000675807 -0.122085460 0.008133074 -0.000695710 0.999966621 7.946606636
0.999977291 -0.000815437 -0.006693653 -0.041738439 0.000823005 0.999999046 0.001127792 -0.123367392 0.006692724 -0.001133275 0.999976933 8.000493050
0.999982119 -0.001783673 -0.005696741 -0.041660253 0.001788510 0.999998033 0.000844197 -0.123586789 0.005695224 -0.000854371 0.999983370 8.036027908
0.999986291 -0.001628194 -0.004970014 -0.042100783 0.001631877 0.999998391 0.000736942 -0.124356702 0.004968807 -0.000745043 0.999987364 8.089748383
0.999992549 -0.001340745 -0.003615322 -0.042923808 0.001344136 0.999998629 0.000935881 -0.125328153 0.003614063 -0.000940734 0.999992967 8.144264221
0.999994755 -0.000827520 -0.003145898 -0.043068014 0.000830231 0.999999344 0.000860759 -0.126501948 0.003145184 -0.000863367 0.999994695 8.197582245
0.999997020 -0.001493749 -0.001911626 -0.043240629 0.001496453 0.999997854 0.001413519 -0.127014130 0.001909511 -0.001416376 0.999997139 8.211243629
0.999995947 -0.002575499 -0.001233219 -0.043675765 0.002577159 0.999995768 0.001346545 -0.127988905 0.001229746 -0.001349718 0.999998331 8.264892578
0.999997616 -0.002070254 -0.000918865 -0.043908175 0.002072114 0.999995708 0.002027777 -0.128420249 0.000914664 -0.002029676 0.999997497 8.296542168
0.999994099 -0.003115184 -0.001481035 -0.044500828 0.003119213 0.999991357 0.002725934 -0.129436970 0.001472531 -0.002730537 0.999995172 8.347534180
0.999993563 -0.002983800 -0.002041477 -0.044592246 0.002989159 0.999992073 0.002627038 -0.130173579 0.002033622 -0.002633122 0.999994457 8.398038864
0.999996483 -0.001826267 -0.001918565 -0.044975225 0.001830002 0.999996424 0.001946510 -0.130881190 0.001915004 -0.001950015 0.999996305 8.419614792
0.999996901 -0.001681311 -0.001824382 -0.046010222 0.001683562 0.999997735 0.001233232 -0.131914645 0.001822305 -0.001236300 0.999997616 8.468675613
0.999994457 -0.001307897 -0.003045898 -0.045732442 0.001311522 0.999998391 0.001188651 -0.132502124 0.003044339 -0.001192639 0.999994636 8.498723984
0.999990404 -0.002135833 -0.003837842 -0.046712540 0.002139773 0.999997199 0.001022764 -0.133542657 0.003835647 -0.001030967 0.999992073 8.547142029
0.999977469 -0.002531057 -0.006224003 -0.046208967 0.002543849 0.999994695 0.002048345 -0.134067520 0.006218784 -0.002064132 0.999978483 8.575711250
0.999956608 -0.003670431 -0.008562163 -0.046628557 0.003699217 0.999987543 0.003348555 -0.134720132 0.008549765 -0.003380083 0.999957740 8.622749329
0.999933362 -0.003835799 -0.010887503 -0.046900820 0.003889399 0.999980450 0.004906160 -0.135625690 0.010868469 -0.004948178 0.999928653 8.669068336
0.999915779 -0.003222738 -0.012573202 -0.048076626 0.003288170 0.999981105 0.005186954 -0.135948345 0.012556250 -0.005227860 0.999907434 8.688204765
0.999877334 -0.003147575 -0.015343288 -0.048842505 0.003215448 0.999985218 0.004401085 -0.136602610 0.015329206 -0.004449880 0.999872565 8.733087540
0.999829233 -0.002998835 -0.018238572 -0.049844041 0.003075235 0.999986589 0.004162351 -0.136936411 0.018225845 -0.004217728 0.999825060 8.777667999
0.999767184 -0.002579251 -0.021423092 -0.050442770 0.002686596 0.999984086 0.004983420 -0.137529522 0.021409895 -0.005039816 0.999758065 8.794713020
0.999695182 -0.002086610 -0.024596022 -0.051274389 0.002208241 0.999985516 0.004919052 -0.138456002 0.024585400 -0.004971866 0.999685347 8.836966515
0.999624610 -0.002061470 -0.027322147 -0.053084806 0.002185273 0.999987483 0.004502125 -0.139175057 0.027312525 -0.004560140 0.999616504 8.877552986
0.999535918 -0.002179468 -0.030384965 -0.053746521 0.002286281 0.999991357 0.003481025 -0.139375091 0.030377116 -0.003548878 0.999532223 8.894179344
0.999429345 -0.000963406 -0.033765770 -0.055138394 0.001075505 0.999994040 0.003301894 -0.140170872 0.033762388 -0.003336326 0.999424338 8.933547020
0.999333978 -0.000735152 -0.036483623 -0.056500643 0.000837651 0.999995887 0.002794245 -0.140770033 0.036481418 -0.002822946 0.999330401 8.956130028
0.999241531 0.001016654 -0.038926978 -0.058236867 -0.000921811 0.999996603 0.002454334 -0.141285613 0.038929347 -0.002416589 0.999239147 8.993460655
0.999214888 0.001637410 -0.039583083 -0.059312254 -0.001516168 0.999994099 0.003092798 -0.141929135 0.039587904 -0.003030355 0.999211490 9.015532494
0.999213994 0.001398050 -0.039616287 -0.060669452 -0.001238408 0.999991000 0.004053961 -0.142565548 0.039621595 -0.004001715 0.999206781 9.051449776
0.999242127 0.001625386 -0.038888756 -0.061931193 -0.001438326 0.999987245 0.004837623 -0.143001556 0.038896110 -0.004778023 0.999231815 9.072092056
0.999246120 0.001591274 -0.038787380 -0.063430637 -0.001430628 0.999990225 0.004169090 -0.143507227 0.038793631 -0.004110458 0.999238789 9.105808258
0.999280274 0.001853229 -0.037885558 -0.064418018 -0.001762053 0.999995470 0.002439857 -0.144052669 0.037889913 -0.002371346 0.999279082 9.126352310
0.999283969 0.001590642 -0.037799828 -0.065167785 -0.001571016 0.999998629 0.000548899 -0.144868523 0.037800651 -0.000489122 0.999285161 9.159832001
0.999349892 0.002164450 -0.035985351 -0.066478759 -0.002202348 0.999997079 -0.001013556 -0.145104319 0.035983045 0.001092149 0.999351799 9.179961205
0.999383032 0.002463494 -0.035036139 -0.067343652 -0.002527830 0.999995291 -0.001792091 -0.145511568 0.035031550 0.001879551 0.999384403 9.213209152
0.999457598 0.002348037 -0.032846954 -0.068564102 -0.002405328 0.999995589 -0.001704765 -0.146108940 0.032842807 0.001782848 0.999458909 9.232637405
0.999510884 0.002141888 -0.031197648 -0.069526479 -0.002197142 0.999996066 -0.001736947 -0.146811336 0.031193810 0.001804643 0.999511719 9.265315056
0.999569654 0.001789471 -0.029278573 -0.070230618 -0.001835703 0.999997139 -0.001552229 -0.147450283 0.029275706 0.001605308 0.999570072 9.284992218
0.999619961 0.001128054 -0.027541365 -0.070832729 -0.001189435 0.999996841 -0.002212407 -0.147947878 0.027538782 0.002244325 0.999618113 9.317287445
0.999701917 0.001295280 -0.024380879 -0.071698204 -0.001326078 0.999998271 -0.001247034 -0.148641989 0.024379224 0.001278993 0.999702096 9.336730003
0.999768913 0.000241971 -0.021495592 -0.072272718 -0.000259739 0.999999642 -0.000823804 -0.149085209 0.021495383 0.000829197 0.999768615 9.368916512
0.999826193 -0.000858194 -0.018620465 -0.072832800 0.000848440 0.999999464 -0.000531705 -0.149913251 0.018620912 0.000515814 0.999826491 9.400851250
0.999882936 -0.000398456 -0.015291118 -0.073098965 0.000389183 0.999999702 -0.000609362 -0.149923116 0.015291356 0.000603339 0.999882877 9.413811684
0.999918520 -0.001174122 -0.012706396 -0.073215395 0.001156483 0.999998331 -0.001395403 -0.150272906 0.012708015 0.001380595 0.999918282 9.445562363
0.999956489 -0.001270982 -0.009241665 -0.073826827 0.001260209 0.999998510 -0.001171515 -0.150929078 0.009243140 0.001159817 0.999956608 9.463897705
0.999981642 -0.000029757 -0.006068920 -0.074327201 0.000018365 0.999998212 -0.001877222 -0.151562616 0.006068964 0.001877076 0.999979794 9.495252609
0.999993801 -0.000354947 -0.003506436 -0.074269831 0.000345772 0.999996424 -0.002616843 -0.151867792 0.003507352 0.002615614 0.999990404 9.514430046
0.999999762 -0.000019154 -0.000787101 -0.074417256 0.000017754 0.999998391 -0.001778365 -0.152462423 0.000787134 0.001778350 0.999998093 9.545986176
0.999997854 0.000129198 0.002083203 -0.074490815 -0.000126829 0.999999285 -0.001137789 -0.152802646 -0.002083349 0.001137522 0.999997079 9.565633774
0.999990880 0.000166720 0.004283130 -0.074459188 -0.000160479 0.999998927 -0.001457375 -0.153334707 -0.004283368 0.001456674 0.999989688 9.597634315
0.999980092 0.000118454 0.006304009 -0.074257910 -0.000101894 0.999996483 -0.002627249 -0.153906643 -0.006304299 0.002626555 0.999976575 9.617239952
0.999966800 0.000094587 0.008141973 -0.074246019 -0.000053044 0.999986947 -0.005102419 -0.154437318 -0.008142350 0.005101818 0.999953747 9.649619102
0.999956131 -0.001547996 0.009239221 -0.074139804 0.001611200 0.999975264 -0.006837319 -0.154872745 -0.009228408 0.006851904 0.999933898 9.668995857
0.999957025 -0.001783049 0.009106171 -0.073973849 0.001843436 0.999976337 -0.006627386 -0.155672103 -0.009094138 0.006643888 0.999936581 9.702048302
0.999948978 -0.002226938 0.009854436 -0.074093476 0.002301758 0.999968588 -0.007587643 -0.156056046 -0.009837229 0.007609940 0.999922633 9.721580505
0.999955893 0.000935528 0.009343123 -0.073678307 -0.000858357 0.999965489 -0.008260322 -0.156646281 -0.009350529 0.008251938 0.999922216 9.756259918
0.999950111 0.000061076 0.009979730 -0.073637627 0.000022414 0.999965012 -0.008365623 -0.157279432 -0.009979892 0.008365430 0.999915123 9.775018692
0.999945521 0.000051646 0.010429267 -0.073757283 0.000061357 0.999941289 -0.010834595 -0.157970712 -0.010429215 0.010834645 0.999886811 9.808723450
0.999934316 -0.005154679 0.010227935 -0.072961740 0.005281924 0.999908507 -0.012453246 -0.158513024 -0.010162808 0.012506452 0.999870121 9.829600334
0.999908745 -0.008332748 0.010629427 -0.072559327 0.008478764 0.999869287 -0.013766626 -0.158959776 -0.010513322 0.013855494 0.999848723 9.865421295
0.999919474 -0.006074328 0.011140476 -0.072256587 0.006179584 0.999936342 -0.009438328 -0.159552753 -0.011082438 0.009506412 0.999893308 9.885547638
0.999925673 -0.002597167 0.011911721 -0.072446533 0.002623748 0.999994040 -0.002216439 -0.160736457 -0.011905896 0.002247528 0.999926507 9.921176910
0.999916792 -0.003171554 0.012499203 -0.072275579 0.003169158 0.999994874 0.000211405 -0.160998836 -0.012499812 -0.000171776 0.999921858 9.958767891
0.999881387 -0.003535999 0.014987031 -0.071622625 0.003567446 0.999991596 -0.002071996 -0.161075577 -0.014979579 0.002125215 0.999885499 9.970913887
0.999822199 -0.002537298 0.018682647 -0.071246818 0.002690253 0.999963045 -0.008166437 -0.161704123 -0.018661236 0.008215247 0.999792099 10.007652283
0.999734342 -0.001167895 0.023014560 -0.070774049 0.001438821 0.999929786 -0.011758938 -0.162268668 -0.022999212 0.011788928 0.999665856 10.044666290
0.999655902 0.001185075 0.026202155 -0.070342511 -0.000886573 0.999934554 -0.011400954 -0.162770241 -0.026213955 0.011373800 0.999591649 10.057560921
0.999564707 0.000032590 0.029500015 -0.069330275 0.000242674 0.999956489 -0.009327319 -0.163391471 -0.029499033 0.009330420 0.999521255 10.096288681
0.999441147 -0.003595540 0.033234436 -0.068667620 0.003790674 0.999975920 -0.005810311 -0.164527208 -0.033212740 0.005933044 0.999430716 10.134083748
0.999348402 -0.005712023 0.035639778 -0.067844629 0.005892848 0.999970257 -0.004970726 -0.164228305 -0.035610326 0.005177506 0.999352336 10.147655487
0.999240935 -0.005059262 0.038626876 -0.066431165 0.005243105 0.999975383 -0.004659597 -0.164931536 -0.038602356 0.004858584 0.999242842 10.186351776
0.999131739 -0.002729534 0.041572105 -0.066255778 0.003012617 0.999972701 -0.006748337 -0.165312052 -0.041552536 0.006867719 0.999112725 10.207417488
0.999034464 -0.002087223 0.043883640 -0.065223783 0.002493435 0.999954522 -0.009203877 -0.166057080 -0.043862432 0.009304412 0.998994231 10.245824814
0.998903871 -0.002469928 0.046744835 -0.063950539 0.002897431 0.999954581 -0.009079914 -0.166949242 -0.046720281 0.009205401 0.998865545 10.284583092
0.998785198 -0.000379814 0.049274694 -0.062626123 0.000731367 0.999974370 -0.007116703 -0.167272344 -0.049270727 0.007144096 0.998759866 10.297805786
0.998581707 0.000773026 0.053235456 -0.062183380 -0.000493188 0.999985933 -0.005269543 -0.168170437 -0.053238794 0.005235815 0.998568058 10.335608482
0.998447359 0.002141156 0.055661347 -0.060136735 -0.001799581 0.999979198 -0.006186043 -0.168299347 -0.055673428 0.006076271 0.998430550 10.358223915
0.998282731 0.003129237 0.058494739 -0.058313429 -0.002722232 0.999971509 -0.007036368 -0.168902025 -0.058515087 0.006865048 0.998262942 10.397096634
0.998148859 0.000636512 0.060813390 -0.056616187 -0.000207731 0.999975026 -0.007056833 -0.169668615 -0.060816374 0.007031138 0.998124182 10.418737411
0.997987866 -0.002779332 0.063342661 -0.055285990 0.003179819 0.999975622 -0.006222624 -0.170458123 -0.063323811 0.006411522 0.997972488 10.457350731
0.997982323 -0.003484951 0.063396387 -0.052751243 0.003912153 0.999970496 -0.006615700 -0.170904830 -0.063371465 0.006850368 0.997966528 10.479758263
0.997965991 -0.003854417 0.063632570 -0.050372422 0.004304332 0.999966681 -0.006934938 -0.171507776 -0.063603729 0.007194728 0.997949362 10.518883705
0.997907341 -0.004742272 0.064484879 -0.049211323 0.005169779 0.999965727 -0.006464322 -0.172376812 -0.064452015 0.006784167 0.997897685 10.540863991
0.997924030 -0.004206445 0.064264171 -0.046937168 0.004551089 0.999975979 -0.005217486 -0.173345491 -0.064240679 0.005499126 0.997919261 10.580249786
0.997978210 -0.004763430 0.063378766 -0.044198751 0.005065404 0.999976575 -0.004604781 -0.174488395 -0.063355349 0.004916510 0.997978926 10.619469643
0.998041868 -0.004499616 0.062386800 -0.043808699 0.004898085 0.999968529 -0.006235614 -0.174448222 -0.062356777 0.006528980 0.998032510 10.632542610
0.998131514 -0.004482215 0.060937334 -0.041809976 0.004944033 0.999960184 -0.007429897 -0.175281078 -0.060901608 0.007717292 0.998113930 10.671888351
0.998263299 -0.004985431 0.058698591 -0.039555311 0.005444537 0.999955833 -0.007664079 -0.176817790 -0.058657795 0.007970355 0.998246312 10.711492538
0.998319685 -0.001665069 0.057923123 -0.039120734 0.002174905 0.999959469 -0.008740033 -0.176368773 -0.057906222 0.008851323 0.998282790 10.723808289
0.998399317 0.000560985 0.056554962 -0.037702620 -0.000032903 0.999956429 -0.009338012 -0.177138507 -0.056557737 0.009321203 0.998355865 10.762947083
0.998551190 -0.000218414 0.053808622 -0.036154628 0.000646990 0.999968231 -0.007947516 -0.178286344 -0.053805165 0.007970814 0.998519778 10.784100533
0.998693466 0.000226378 0.051100478 -0.034358740 0.000111462 0.999978244 -0.006608327 -0.179147691 -0.051100846 0.006605389 0.998671710 10.823178291
0.998899162 -0.002670327 0.046834886 -0.032697678 0.002839671 0.999989688 -0.003549589 -0.180476397 -0.046824925 0.003678677 0.998896360 10.862300873
0.999112427 -0.002481888 0.042050540 -0.032467723 0.002600956 0.999992728 -0.002777070 -0.180237293 -0.042043339 0.002883977 0.999111533 10.874559402
0.999293208 -0.001548730 0.037560832 -0.031259269 0.001638287 0.999995887 -0.002353641 -0.180487484 -0.037557036 0.002413513 0.999291539 10.912861824
0.999455988 -0.002363587 0.032898542 -0.030569792 0.002406273 0.999996364 -0.001257989 -0.181512401 -0.032895450 0.001336467 0.999457896 10.949913025
0.999593437 -0.003767641 0.028258312 -0.030647874 0.003777160 0.999992788 -0.000283509 -0.182138503 -0.028257037 0.000390129 0.999600589 10.961505890
0.999704242 -0.004920856 0.023814185 -0.030172914 0.004927881 0.999987781 -0.000236252 -0.182715431 -0.023812734 0.000353536 0.999716341 10.998109818
0.999796927 -0.004710354 0.019593224 -0.030001611 0.004720921 0.999988735 -0.000493063 -0.183241338 -0.019590681 0.000585461 0.999807894 11.017522812
0.999870121 -0.004822673 0.015374446 -0.029486179 0.004830548 0.999988198 -0.000475104 -0.184060559 -0.015371975 0.000549310 0.999881625 11.052970886
0.999921024 -0.003982882 0.011918464 -0.029682457 0.003993331 0.999991655 -0.000853029 -0.184438616 -0.011914967 0.000900556 0.999928594 11.070949554
0.999957681 -0.004079816 0.008237736 -0.029593751 0.004090277 0.999990821 -0.001253432 -0.184761465 -0.008232547 0.001287074 0.999965250 11.104884148
0.999975979 -0.005426197 0.004283178 -0.029993288 0.005433588 0.999983728 -0.001715713 -0.185522482 -0.004273798 0.001738945 0.999989331 11.120641708
0.999992430 -0.003858062 -0.000097697 -0.030884851 0.003857729 0.999987423 -0.003203023 -0.186158165 0.000110053 0.003202622 0.999994814 11.151480675
