0.999998212 0.000562730 0.001802090 -0.000384083 -0.000561446 0.999999583 -0.000712716 -0.001313767 -0.001802490 0.000711703 0.999998093 0.055539269
0.999994874 0.000940777 0.003037997 -0.000433142 -0.000940126 0.999999523 -0.000215861 -0.002211341 -0.003038198 0.000213004 0.999995410 0.111678503
0.999993563 0.000385565 0.003545064 -0.000292553 -0.000386050 0.999999881 0.000136286 -0.003269461 -0.003545011 -0.000137653 0.999993682 0.167794332
0.999990582 -0.000030589 0.004331953 -0.000433523 0.000029608 1.000000000 0.000226584 -0.004280475 -0.004331961 -0.000226454 0.999990582 0.224019408
0.999988079 -0.000137593 0.004880070 -0.000178066 0.000136119 0.999999940 0.000302238 -0.005171855 -0.004880111 -0.000301571 0.999988019 0.281155139
0.999981940 0.000052765 0.006009068 -0.000073676 -0.000046891 0.999999464 -0.000977714 -0.005946185 -0.006009117 0.000977414 0.999981463 0.338451385
0.999976397 -0.000083923 0.006868380 -0.000547795 0.000092571 0.999999166 -0.001258828 -0.007038780 -0.006868269 0.001259435 0.999975681 0.393521875
0.999975562 -0.000650226 0.006954134 -0.000327997 0.000645719 0.999999523 0.000650387 -0.008521697 -0.006954554 -0.000645881 0.999975622 0.450315773
0.999982536 -0.001016636 0.005823989 -0.000418470 0.001010374 0.999998927 0.001078073 -0.009168816 -0.005825078 -0.001072170 0.999982357 0.507329106
0.999991775 -0.002264478 0.003356348 -0.000476781 0.002262034 0.999997199 0.000731929 -0.010204394 -0.003357996 -0.000724331 0.999994040 0.563484371
0.999996603 -0.002359352 0.001085672 -0.000587084 0.002358752 0.999997079 0.000553716 -0.011428087 -0.001086975 -0.000551153 0.999999225 0.620400488
0.999998510 -0.001744011 0.000244897 -0.001344524 0.001743994 0.999998510 0.000070500 -0.012177616 -0.000245019 -0.000070073 1.000000000 0.676421881
0.999999881 -0.000616418 -0.000227597 -0.002259804 0.000616336 0.999999821 -0.000359830 -0.012824945 0.000227818 0.000359690 0.999999940 0.732590079
0.999999106 -0.000631296 -0.001141599 -0.002196210 0.000630395 0.999999404 -0.000789441 -0.013466604 0.001142097 0.000788721 0.999998987 0.789181113
0.999998271 -0.001336530 -0.001249267 -0.002920948 0.001337174 0.999998927 0.000515295 -0.015096447 0.001248577 -0.000516965 0.999999106 0.845848620
0.999996245 -0.001636749 -0.002199858 -0.002974208 0.001637022 0.999998629 0.000122593 -0.015691355 0.002199654 -0.000126194 0.999997556 0.900180638
0.999994516 -0.002072354 -0.002564298 -0.004050149 0.002069509 0.999997258 -0.001111720 -0.017118994 0.002566595 0.001106407 0.999996126 0.956441462
0.999990821 -0.002271660 -0.003642501 -0.003305209 0.002262884 0.999994576 -0.002411437 -0.017099999 0.003647959 0.002403172 0.999990463 1.012378216
0.999990582 -0.001249778 -0.004164712 -0.004450290 0.001243068 0.999997973 -0.001613266 -0.018613942 0.004166720 0.001608074 0.999990046 1.066751599
0.999980450 -0.001736649 -0.006008186 -0.004022182 0.001723379 0.999996126 -0.002213131 -0.019313853 0.006012005 0.002202733 0.999979556 1.122014761
0.999971569 -0.002159494 -0.007223436 -0.004732214 0.002139577 0.999993920 -0.002763911 -0.020501446 0.007229360 0.002748377 0.999970138 1.178364992
0.999973714 -0.000995995 -0.007182227 -0.005890188 0.000979534 0.999996901 -0.002295078 -0.021443682 0.007184491 0.002287983 0.999971569 1.232173681
0.999965429 -0.002182752 -0.008024039 -0.006517867 0.002175864 0.999997258 -0.000867070 -0.022362225 0.008025910 0.000849581 0.999967456 1.288006783
0.999954700 -0.002868022 -0.009077436 -0.007167701 0.002863126 0.999995768 -0.000552348 -0.023428615 0.009078982 0.000526333 0.999958634 1.340226531
0.999939680 -0.003930787 -0.010256288 -0.007662260 0.003912532 0.999990761 -0.001799393 -0.024297742 0.010263265 0.001759157 0.999945819 1.396912336
0.999934375 -0.004299754 -0.010615909 -0.008993960 0.004274010 0.999987781 -0.002446638 -0.025504733 0.010626298 0.002401105 0.999940634 1.448879004
0.999928057 -0.002737478 -0.011679431 -0.009543822 0.002711098 0.999993682 -0.002273937 -0.026734754 0.011685581 0.002242110 0.999929190 1.503378153
0.999915481 -0.003864165 -0.012412731 -0.010513078 0.003842331 0.999991059 -0.001782281 -0.027615733 0.012419506 0.001734436 0.999921381 1.557089567
0.999909818 -0.003797742 -0.012882334 -0.011782506 0.003783846 0.999992251 -0.001102907 -0.029100798 0.012886425 0.001054063 0.999916434 1.612272143
0.999892533 -0.004525125 -0.013941831 -0.011959887 0.004497347 0.999987900 -0.002023076 -0.029476829 0.013950816 0.001960158 0.999900758 1.663930774
0.999889731 -0.004763714 -0.014070161 -0.012823171 0.004731487 0.999986112 -0.002322737 -0.030385973 0.014081030 0.002255908 0.999898374 1.719969630
0.999880970 -0.005237068 -0.014508331 -0.014151664 0.005218987 0.999985576 -0.001283816 -0.031664006 0.014514844 0.001207945 0.999893904 1.769882441
0.999881268 -0.005192669 -0.014509571 -0.015292282 0.005189645 0.999986529 -0.000246035 -0.032484893 0.014510652 0.000170706 0.999894679 1.825824261
0.999881625 -0.004400953 -0.014744956 -0.016268581 0.004407076 0.999990404 0.000382827 -0.033310279 0.014743127 -0.000447764 0.999891162 1.877056479
0.999885082 -0.002907884 -0.014883765 -0.017244112 0.002911581 0.999995828 0.000226742 -0.034310851 0.014883042 -0.000270051 0.999889255 1.932166576
0.999890804 -0.002790640 -0.014507664 -0.018541593 0.002793882 0.999996126 0.000203187 -0.035382342 0.014507040 -0.000243697 0.999894679 1.983516812
0.999893427 0.000377848 -0.014595301 -0.019646265 -0.000341343 0.999996841 0.002503602 -0.036431167 0.014596201 -0.002498353 0.999890387 2.038687229
0.999923110 0.000329360 -0.012405234 -0.021055644 -0.000264237 0.999986172 0.005250918 -0.037215617 0.012406793 -0.005247236 0.999909282 2.090015650
0.999929190 0.001183919 -0.011840461 -0.021372534 -0.001084741 0.999964237 0.008379085 -0.038157113 0.011849959 -0.008365649 0.999894798 2.145270824
0.999961674 0.001450302 -0.008640306 -0.023238588 -0.001355215 0.999938548 0.011000771 -0.038100604 0.008655730 -0.010988642 0.999902129 2.196316242
0.999971449 0.000675282 -0.007524059 -0.023715520 -0.000582200 0.999923289 0.012366628 -0.038632587 0.007531832 -0.012361894 0.999895215 2.249224663
0.999982059 -0.001397720 -0.005820452 -0.024724245 0.001462725 0.999936521 0.011179220 -0.039220519 0.005804457 -0.011187533 0.999920487 2.304589510
0.999986589 -0.000258026 -0.005179835 -0.024717914 0.000304237 0.999960124 0.008922433 -0.039113745 0.005177326 -0.008923888 0.999946773 2.353914499
0.999990463 0.000040886 -0.004390013 -0.025360027 -0.000003209 0.999963105 0.008582023 -0.039561331 0.004390202 -0.008581925 0.999953568 2.406582117
0.999989212 -0.000377854 -0.004609078 -0.025671095 0.000414221 0.999968827 0.007891816 -0.040010683 0.004605952 -0.007893641 0.999958217 2.459472895
0.999984086 -0.001327373 -0.005481549 -0.026270967 0.001364391 0.999976277 0.006754927 -0.040546756 0.005472454 -0.006762299 0.999962151 2.512104034
0.999974132 -0.000701331 -0.007166378 -0.027049553 0.000751222 0.999975502 0.006961395 -0.040964454 0.007161320 -0.006966596 0.999950051 2.565211773
0.999960542 -0.001105276 -0.008821936 -0.027333034 0.001177672 0.999965608 0.008205445 -0.041277166 0.008812563 -0.008215509 0.999927402 2.621962547
0.999945462 -0.001680066 -0.010307583 -0.028201200 0.001765403 0.999964178 0.008275549 -0.041886300 0.010293311 -0.008293296 0.999912620 2.669161320
0.999938309 0.000603167 -0.011088465 -0.029395919 -0.000506577 0.999961913 0.008711540 -0.042781934 0.011093298 -0.008705386 0.999900579 2.726665258
0.999930918 -0.000169870 -0.011755817 -0.030109270 0.000256674 0.999972701 0.007382849 -0.042644314 0.011754245 -0.007385356 0.999903619 2.772966385
0.999926746 -0.001460138 -0.012015396 -0.031233523 0.001548623 0.999971688 0.007358334 -0.043629006 0.012004314 -0.007376403 0.999900699 2.829363346
0.999921620 -0.001928015 -0.012365885 -0.032064661 0.002013350 0.999974251 0.006892079 -0.044511288 0.012352279 -0.006916436 0.999899745 2.875504255
0.999904454 -0.003366961 -0.013405444 -0.032862999 0.003486265 0.999954522 0.008886178 -0.045905180 0.013374914 -0.008932063 0.999870658 2.932244778
0.999907017 -0.001830196 -0.013511572 -0.033756260 0.001956990 0.999954164 0.009376854 -0.045123827 0.013493788 -0.009402424 0.999864757 2.977925062
0.999906421 0.000219824 -0.013680432 -0.035289332 -0.000121993 0.999974370 0.007151560 -0.045019012 0.013681655 -0.007149221 0.999880850 3.032685518
0.999894321 0.000111682 -0.014531157 -0.035895500 -0.000017069 0.999978840 0.006511024 -0.046377737 0.014531576 -0.006510089 0.999873221 3.079097748
0.999886632 0.002567672 -0.014828739 -0.037035115 -0.002472757 0.999976456 0.006415615 -0.046457514 0.014844860 -0.006378221 0.999869466 3.134852648
0.999874771 0.004675378 -0.015110949 -0.038154885 -0.004585101 0.999971569 0.006003479 -0.046986133 0.015138585 -0.005933442 0.999867797 3.191289663
0.999891341 0.005500134 -0.013680409 -0.040155713 -0.005397167 0.999957025 0.007552180 -0.048542075 0.013721359 -0.007477527 0.999877870 3.228700161
0.999898672 0.006252863 -0.012791200 -0.041195832 -0.006146588 0.999946415 0.008330964 -0.049222313 0.012842608 -0.008251496 0.999883473 3.284294128
0.999912322 0.007442656 -0.010953866 -0.042037986 -0.007341846 0.999930620 0.009214717 -0.049807239 0.011021688 -0.009133490 0.999897540 3.328416348
0.999948382 0.005210331 -0.008732097 -0.042856202 -0.005144042 0.999957919 0.007596703 -0.051017925 0.008771311 -0.007551393 0.999933004 3.383760691
0.999972880 0.003036642 -0.006697590 -0.042778656 -0.003020584 0.999992549 0.002406323 -0.051166374 0.006704847 -0.002386027 0.999974608 3.427896261
0.999979973 0.004779901 -0.004144657 -0.043455791 -0.004773798 0.999987483 0.001481192 -0.051636554 0.004151686 -0.001461377 0.999990344 3.477084875
0.999992192 0.003765055 -0.001194076 -0.043950800 -0.003759168 0.999980986 0.004894633 -0.052443527 0.001212482 -0.004890104 0.999987245 3.526056767
0.999989510 0.004014368 0.002195975 -0.044651572 -0.004028119 0.999972045 0.006293600 -0.053493805 -0.002170649 -0.006302379 0.999977767 3.581152678
0.999972463 0.003924029 0.006315937 -0.044756219 -0.003952604 0.999981999 0.004518185 -0.053609841 -0.006298095 -0.004543024 0.999969840 3.621078730
0.999940097 0.004191232 0.010110168 -0.044847373 -0.004203375 0.999990523 0.001180240 -0.054648008 -0.010105124 -0.001222667 0.999948144 3.674730062
0.999916434 0.002002332 0.012766254 -0.043602690 -0.001973405 0.999995589 -0.002278054 -0.054860134 -0.012770758 0.002252671 0.999915838 3.713388681
0.999853432 0.001751803 0.017030461 -0.043327793 -0.001690673 0.999992132 -0.003603195 -0.055823050 -0.017036639 0.003573873 0.999848545 3.765801907
0.999799490 0.001316980 0.019978695 -0.042645141 -0.001288297 0.999998152 -0.001448483 -0.056996934 -0.019980565 0.001422454 0.999799371 3.806823969
0.999713421 0.002495955 0.023807408 -0.041967392 -0.002472739 0.999996424 -0.001004554 -0.057931498 -0.023809833 0.000945397 0.999716103 3.853196144
0.999607623 0.002161700 0.027925465 -0.041038558 -0.002074703 0.999992907 -0.003143943 -0.059009444 -0.027932063 0.003084773 0.999605179 3.906321287
0.999521613 0.002042306 0.030860549 -0.039818600 -0.001877364 0.999983788 -0.005372817 -0.059967592 -0.030871028 0.005312310 0.999509275 3.945772171
0.999420166 0.001758113 0.034003858 -0.038473025 -0.001553965 0.999980628 -0.006029173 -0.060773082 -0.034013797 0.005972836 0.999403477 3.992175341
0.999321163 0.000854513 0.036829427 -0.036902681 -0.000681002 0.999988616 -0.004723494 -0.061740562 -0.036833055 0.004695208 0.999310374 4.038407326
0.999194264 0.000206410 0.040132996 -0.035204738 -0.000071216 0.999994278 -0.003370036 -0.063054897 -0.040133461 0.003364463 0.999188662 4.092721939
0.999120831 -0.000909322 0.041914079 -0.033079460 0.000977728 0.999998212 -0.001611591 -0.063534148 -0.041912541 0.001651154 0.999119878 4.131470203
0.999037445 -0.001964580 0.043822024 -0.030725747 0.001986269 0.999997854 -0.000451410 -0.064583145 -0.043821037 0.000538018 0.999039233 4.183935165
0.998903990 -0.003067708 0.046704590 -0.029308617 0.003196315 0.999991298 -0.002679192 -0.065394007 -0.046695955 0.002825538 0.998905182 4.223207951
0.998801053 -0.004477117 0.048748348 -0.026650012 0.004820474 0.999964416 -0.006928179 -0.065737784 -0.048715591 0.007154863 0.998787105 4.277051926
0.998696387 -0.003608110 0.050916981 -0.025210470 0.004071208 0.999951184 -0.008994372 -0.067423046 -0.050882041 0.009189939 0.998662293 4.314696312
0.998620033 -0.004054750 0.052361336 -0.022880256 0.004578823 0.999940515 -0.009892704 -0.068846017 -0.052318115 0.010118804 0.998579204 4.368232250
0.998577118 -0.004109818 0.053168204 -0.021016076 0.004606863 0.999946833 -0.009229331 -0.070649572 -0.053127453 0.009461138 0.998542905 4.422636509
0.998630166 -0.003159670 0.052227620 -0.018800393 0.003564616 0.999964178 -0.007662141 -0.070383981 -0.052201536 0.007837815 0.998605967 4.453327656
0.998716474 -0.003947992 0.050493225 -0.016015694 0.004263300 0.999971986 -0.006138392 -0.071656942 -0.050467588 0.006345782 0.998705566 4.508694649
0.998804331 -0.003225263 0.048779149 -0.014287874 0.003498553 0.999978602 -0.005518244 -0.072494328 -0.048760314 0.005682302 0.998794377 4.562929630
0.998916447 -0.003015441 0.046441488 -0.012970418 0.003253358 0.999981999 -0.005048234 -0.073264793 -0.046425428 0.005193855 0.998908222 4.594741821
0.999060154 -0.002170421 0.043290041 -0.011249825 0.002404819 0.999982715 -0.005363264 -0.074028835 -0.043277655 0.005462328 0.999048114 4.649569035
0.999212980 -0.000910860 0.039657667 -0.009601891 0.001133291 0.999983847 -0.005586659 -0.075451240 -0.039651942 0.005627206 0.999197662 4.705206871
0.999357998 -0.000818693 0.035815347 -0.008700311 0.000994614 0.999987543 -0.004894346 -0.076617293 -0.035810899 0.004926826 0.999346435 4.736980915
0.999483645 0.000130228 0.032130506 -0.007811889 -0.000003557 0.999992251 -0.003942422 -0.078037001 -0.032130778 0.003940271 0.999475896 4.792578697
0.999619901 0.000012430 0.027568355 -0.006749913 0.000084084 0.999993861 -0.003499733 -0.078154758 -0.027568232 0.003500721 0.999613762 4.832182407
0.999734104 0.000759742 0.023045216 -0.005874231 -0.000696537 0.999996006 -0.002750551 -0.079543993 -0.023047213 0.002733768 0.999730647 4.888378620
0.999836922 0.000671327 0.018049162 -0.004901268 -0.000620712 0.999995887 -0.002809745 -0.080062099 -0.018050974 0.002798083 0.999833107 4.928732395
0.999914646 0.001736455 0.012951290 -0.004237980 -0.001703842 0.999995410 -0.002528701 -0.081460513 -0.012955621 0.002506418 0.999912858 4.985206604
0.999970198 0.001727485 0.007521514 -0.003909133 -0.001702519 0.999993026 -0.003324399 -0.081977010 -0.007527204 0.003311495 0.999966204 5.024796963
0.999992788 0.002408168 0.002920249 -0.004325311 -0.002397460 0.999990463 -0.003664831 -0.083623789 -0.002929046 0.003657804 0.999989092 5.081820965
0.999988317 0.004802575 -0.000561944 -0.004508123 -0.004804696 0.999981105 -0.003836144 -0.084280550 0.000543510 0.003838799 0.999992490 5.121119499
0.999976277 0.006473440 -0.002338595 -0.005780044 -0.006481439 0.999973059 -0.003429271 -0.085768178 0.002316333 0.003444348 0.999991357 5.177288532
0.999961793 0.007600119 -0.004331554 -0.005102040 -0.007617631 0.999962807 -0.004040874 -0.086240463 0.004300683 0.004073715 0.999982417 5.218086243
0.999941885 0.009667801 -0.004782426 -0.006798502 -0.009685696 0.999946117 -0.003732869 -0.087542407 0.004746081 0.003778974 0.999981523 5.276688099
0.999923229 0.010663616 -0.006315685 -0.006516606 -0.010683377 0.999938130 -0.003103390 -0.088175893 0.006282202 0.003170624 0.999975264 5.314960957
0.999913931 0.010854301 -0.007377769 -0.007244937 -0.010870306 0.999938726 -0.002132746 -0.089666009 0.007354167 0.002212761 0.999970496 5.372492313
0.999853015 0.014695249 -0.008823724 -0.007376030 -0.014696118 0.999891996 -0.000033853 -0.090869598 0.008822273 0.000163523 0.999961078 5.429938793
0.999846280 0.015261032 -0.008647402 -0.008748651 -0.015239416 0.999880552 0.002560376 -0.090843424 0.008685445 -0.002428201 0.999959290 5.460488796
0.999863744 0.013695253 -0.009218764 -0.009927481 -0.013672512 0.999903321 0.002525666 -0.092013866 0.009252463 -0.002399279 0.999954343 5.518570423
0.999850631 0.014026679 -0.010108219 -0.009925522 -0.014022822 0.999901593 0.000452733 -0.092181608 0.010113576 -0.000310920 0.999948800 5.557922363
0.999881864 0.011371019 -0.010338106 -0.011548392 -0.011356278 0.999934375 0.001483656 -0.092960447 0.010354301 -0.001366078 0.999945462 5.616994381
0.999888062 0.008786965 -0.012107755 -0.011123456 -0.008747872 0.999956369 0.003277988 -0.093569033 0.012136029 -0.003171704 0.999921322 5.655969143
0.999905050 0.005860955 -0.012469782 -0.011989813 -0.005795377 0.999969244 0.005288588 -0.094378576 0.012500394 -0.005215819 0.999908268 5.714105129
0.999911427 0.003590589 -0.012814877 -0.012672052 -0.003512492 0.999975085 0.006111583 -0.094791308 0.012836503 -0.006066029 0.999899149 5.753718376
0.999919832 -0.001570392 -0.012566797 -0.013640203 0.001623742 0.999989748 0.004236262 -0.095773451 0.012560016 -0.004256327 0.999912083 5.812478542
0.999917090 -0.002813729 -0.012572468 -0.014064271 0.002856287 0.999990284 0.003368330 -0.096041061 0.012562867 -0.003403961 0.999915302 5.851046562
0.999916255 -0.003120046 -0.012566741 -0.014788374 0.003159710 0.999990106 0.003137736 -0.096968547 0.012556825 -0.003177180 0.999916136 5.911086082
0.999911547 -0.005025328 -0.012313514 -0.015433777 0.005063028 0.999982715 0.003032496 -0.097166911 0.012298062 -0.003094572 0.999919534 5.948158741
0.999933243 -0.003523166 -0.011002224 -0.016934521 0.003589653 0.999975443 0.006029220 -0.099076957 0.010980711 -0.006068312 0.999921262 6.006706715
0.999938846 -0.001764511 -0.010917727 -0.017321669 0.001838925 0.999975145 0.006809625 -0.098836072 0.010905439 -0.006829283 0.999917209 6.044005394
0.999948978 -0.001559146 -0.009988155 -0.018837616 0.001611691 0.999984980 0.005254954 -0.099971570 0.009979811 -0.005270783 0.999936283 6.103034496
0.999953926 -0.001087819 -0.009531608 -0.019440226 0.001117679 0.999994397 0.003128012 -0.100031495 0.009528153 -0.003138521 0.999949634 6.139690876
0.999959767 -0.001242370 -0.008881915 -0.020270802 0.001250035 0.999998808 0.000857486 -0.101272307 0.008880841 -0.000868553 0.999960184 6.198769569
0.999963939 -0.002412031 -0.008142081 -0.021149622 0.002385341 0.999991775 -0.003286181 -0.101648748 0.008149941 0.003266641 0.999961436 6.234489441
0.999964893 -0.002480530 -0.007998165 -0.021666510 0.002426081 0.999973893 -0.006810185 -0.103128716 0.008014848 0.006790542 0.999944806 6.294190407
0.999965310 -0.002937772 -0.007796415 -0.022576381 0.002877410 0.999965906 -0.007742226 -0.103890434 0.007818894 0.007719524 0.999939620 6.329554558
0.999965668 -0.002581131 -0.007884170 -0.023292784 0.002521710 0.999968529 -0.007537453 -0.105443895 0.007903377 0.007517313 0.999940515 6.387998581
0.999963224 -0.002672808 -0.008155062 -0.023787968 0.002614584 0.999971032 -0.007141848 -0.106123105 0.008173914 0.007120263 0.999941230 6.423814297
0.999960542 -0.001951778 -0.008678611 -0.024631958 0.001903031 0.999982297 -0.005621563 -0.108154476 0.008689430 0.005604825 0.999946594 6.483247757
0.999964476 -0.001701172 -0.008257714 -0.025648993 0.001654034 0.999982297 -0.005711857 -0.108367428 0.008267284 0.005697995 0.999949574 6.517972469
0.999961913 -0.001538518 -0.008596823 -0.026487021 0.001486203 0.999980390 -0.006088416 -0.110181764 0.008606020 0.006075407 0.999944448 6.576767921
0.999954700 -0.000497941 -0.009509942 -0.026895430 0.000442456 0.999982893 -0.005835701 -0.110849947 0.009512685 0.005831229 0.999937713 6.611349106
0.999944508 -0.001306932 -0.010464896 -0.027873483 0.001259351 0.999988914 -0.004552045 -0.112155862 0.010470728 0.004538613 0.999934852 6.669357300
0.999938071 -0.000550583 -0.011127265 -0.028372847 0.000499792 0.999989390 -0.004566758 -0.112688512 0.011129663 0.004560913 0.999927640 6.703528404
0.999925792 0.000646700 -0.012167017 -0.029226925 -0.000711043 0.999985754 -0.005284730 -0.114093393 0.012163427 0.005292989 0.999912024 6.761304379
0.999927998 0.000658988 -0.011979152 -0.030278105 -0.000736627 0.999978721 -0.006477909 -0.114983335 0.011974628 0.006486266 0.999907315 6.794764519
0.999920726 0.001627474 -0.012486383 -0.031821501 -0.001700209 0.999981642 -0.005816721 -0.116956659 0.012476686 0.005837489 0.999905229 6.852091789
0.999902546 0.000546614 -0.013950315 -0.031832017 -0.000650502 0.999972105 -0.007443555 -0.117289886 0.013945856 0.007451905 0.999874949 6.886327744
0.999898612 0.000357181 -0.014239935 -0.033508338 -0.000479556 0.999963045 -0.008591304 -0.118902057 0.014236339 0.008597260 0.999861717 6.943619728
0.999880075 0.001379148 -0.015423743 -0.033538282 -0.001502516 0.999967039 -0.007989869 -0.119849533 0.015412211 0.008012084 0.999849141 6.977435112
0.999868274 0.001347579 -0.016172061 -0.034893923 -0.001448128 0.999979794 -0.006207355 -0.121452607 0.016163368 0.006229957 0.999849975 7.035874367
0.999862731 0.001580376 -0.016493658 -0.036177434 -0.001687566 0.999977469 -0.006487019 -0.121890575 0.016483037 0.006513963 0.999842942 7.068440437
0.999852240 0.002640367 -0.016986376 -0.037470914 -0.002749468 0.999975681 -0.006402741 -0.123033546 0.016969059 0.006448499 0.999835253 7.126951218
0.999842167 0.002400574 -0.017605983 -0.039073512 -0.002498219 0.999981582 -0.005526208 -0.124919049 0.017592397 0.005569320 0.999829769 7.184580803
0.999821544 0.002788044 -0.018683204 -0.039504200 -0.002911332 0.999974191 -0.006574881 -0.125235572 0.018664388 0.006628100 0.999803841 7.204657078
0.999812722 0.004295893 -0.018868497 -0.041406855 -0.004437012 0.999962509 -0.007443536 -0.126395971 0.018835809 0.007525861 0.999794304 7.262567997
0.999799192 0.004447183 -0.019538715 -0.042017467 -0.004580781 0.999966443 -0.006798215 -0.127557948 0.019507824 0.006886352 0.999786019 7.296259403
0.999806464 0.003891876 -0.019283496 -0.044147849 -0.004048865 0.999959052 -0.008108800 -0.129059270 0.019251144 0.008185307 0.999781191 7.354296207
0.999799669 0.003189450 -0.019761667 -0.044748746 -0.003382991 0.999946594 -0.009768053 -0.129524395 0.019729456 0.009832948 0.999756992 7.386987686
0.999797702 -0.000336808 -0.020109892 -0.046107046 0.000145808 0.999954820 -0.009498505 -0.131089732 0.020112181 0.009493649 0.999752641 7.445296288
0.999785542 0.000147222 -0.020708321 -0.046947427 -0.000268011 0.999983013 -0.005830230 -0.131829038 0.020707108 0.005834530 0.999768555 7.477685928
0.999788225 -0.001157850 -0.020544294 -0.048695453 0.001130849 0.999998510 -0.001325856 -0.133166671 0.020545796 0.001302343 0.999788046 7.534881115
0.999791980 0.000210576 -0.020393467 -0.049727060 -0.000251811 0.999998093 -0.002019403 -0.134159669 0.020392995 0.002024118 0.999789953 7.566813469
0.999794900 0.002139088 -0.020138914 -0.051290832 -0.002244656 0.999983966 -0.005220832 -0.135410219 0.020127419 0.005264966 0.999783576 7.623703957
0.999791622 0.002482715 -0.020259215 -0.052682370 -0.002620602 0.999973536 -0.006782487 -0.136228025 0.020241838 0.006834166 0.999771774 7.654476166
0.999790192 0.002485898 -0.020328920 -0.053810805 -0.002616731 0.999975979 -0.006411782 -0.137712866 0.020312492 0.006463633 0.999772787 7.710216522
0.999795437 0.001369211 -0.020181110 -0.056081720 -0.001479434 0.999984086 -0.005447738 -0.139215976 0.020173330 0.005476480 0.999781489 7.768713474
0.999798357 0.001898201 -0.019988386 -0.056431472 -0.001966486 0.999992371 -0.003397137 -0.139709026 0.019981783 0.003435759 0.999794483 7.787793159
0.999813199 0.000922271 -0.019303825 -0.057643801 -0.000965533 0.999997079 -0.002231929 -0.141317964 0.019301709 0.002250151 0.999811232 7.844629765
0.999845564 0.001430239 -0.017514830 -0.059065558 -0.001489784 0.999993145 -0.003387116 -0.141721502 0.017509870 0.003412686 0.999840856 7.875790119
0.999862611 0.000359992 -0.016568309 -0.059859172 -0.000443791 0.999987125 -0.005054349 -0.143087268 0.016566277 0.005061008 0.999849975 7.932023525
0.999888539 0.000084124 -0.014922804 -0.061294783 -0.000176079 0.999980927 -0.006160852 -0.144719720 0.014922005 0.006162793 0.999869764 7.988809109
0.999913216 -0.000762060 -0.013149549 -0.062140387 0.000675115 0.999977946 -0.006615235 -0.145199016 0.013154299 0.006605784 0.999891698 8.006356239
0.999934256 -0.000149572 -0.011465827 -0.063195482 0.000075792 0.999979317 -0.006434976 -0.146297023 0.011466552 0.006433683 0.999913573 8.063446999
0.999946058 -0.000910720 -0.010342152 -0.063619070 0.000868951 0.999991417 -0.004042535 -0.147309989 0.010345744 0.004033330 0.999938369 8.092700958
0.999956429 0.000518461 -0.009319690 -0.064156912 -0.000559064 0.999990404 -0.004354684 -0.147920787 0.009317342 0.004359705 0.999947131 8.148991585
0.999967635 0.000086780 -0.008044543 -0.065194741 -0.000116079 0.999993324 -0.003641625 -0.149249434 0.008044175 0.003642441 0.999960959 8.176702499
0.999975622 0.000417680 -0.006986718 -0.066058338 -0.000447382 0.999990880 -0.004250182 -0.150034279 0.006984880 0.004253204 0.999966562 8.232707977
0.999983609 0.000346475 -0.005716145 -0.066665947 -0.000366764 0.999993622 -0.003548666 -0.151195079 0.005714879 0.003550704 0.999977291 8.259733200
0.999988794 0.001240640 -0.004588535 -0.067939006 -0.001256291 0.999993443 -0.003409560 -0.152840436 0.004584275 0.003415286 0.999983609 8.313930511
0.999992549 0.000669989 -0.003800002 -0.067692235 -0.000684112 0.999992788 -0.003716426 -0.153006166 0.003797485 0.003718997 0.999985874 8.342123985
0.999994218 -0.000383533 -0.003392143 -0.068228930 0.000371965 0.999994040 -0.003410240 -0.154739738 0.003393430 0.003408959 0.999988437 8.395682335
0.999995112 -0.000305571 -0.003112365 -0.068388104 0.000296369 0.999995530 -0.002956550 -0.154808596 0.003113255 0.002955613 0.999990761 8.422032356
0.999993980 -0.000229268 -0.003455004 -0.069119647 0.000223540 0.999998510 -0.001658146 -0.156375736 0.003455380 0.001657364 0.999992728 8.474087715
0.999992669 -0.000540071 -0.003801600 -0.069288447 0.000532665 0.999997973 -0.001948811 -0.156678647 0.003802645 0.001946772 0.999990880 8.499173164
0.999991894 -0.000508941 -0.004003696 -0.070263952 0.000497552 0.999995828 -0.002844880 -0.158221006 0.004005127 0.002842865 0.999987960 8.549836159
0.999989867 0.000179263 -0.004486723 -0.070287168 -0.000195809 0.999993205 -0.003687552 -0.158566579 0.004486030 0.003688393 0.999983132 8.573873520
0.999984980 -0.000253059 -0.005465436 -0.070903920 0.000231401 0.999992132 -0.003963163 -0.159873098 0.005466396 0.003961838 0.999977171 8.623663902
0.999979198 -0.000711204 -0.006418868 -0.071281813 0.000685724 0.999991894 -0.003970855 -0.160313338 0.006421640 0.003966371 0.999971509 8.646916389
0.999964297 -0.001336735 -0.008342692 -0.071226351 0.001310470 0.999994218 -0.003152932 -0.161502674 0.008346858 0.003141887 0.999960184 8.694711685
0.999947488 -0.002046230 -0.010031823 -0.072463423 0.002028528 0.999996364 -0.001774456 -0.161862209 0.010035417 0.001754014 0.999948084 8.717185020
0.999925315 -0.002152015 -0.012027558 -0.073789306 0.002153588 0.999997675 0.000117746 -0.163492128 0.012027276 -0.000143640 0.999927640 8.764333725
0.999895036 -0.001620125 -0.014393877 -0.074861154 0.001622347 0.999998689 0.000142697 -0.164414302 0.014393628 -0.000166034 0.999896407 8.809576035
0.999842167 -0.001637501 -0.017686553 -0.074692816 0.001630349 0.999998510 -0.000418724 -0.164411426 0.017687211 0.000389823 0.999843478 8.819701195
0.999786794 -0.001363117 -0.020600842 -0.076264225 0.001354195 0.999998987 -0.000447047 -0.165097132 0.020601429 0.000419055 0.999787688 8.864315033
0.999732316 -0.001052405 -0.023113579 -0.077771291 0.001063390 0.999999285 0.000462977 -0.166559592 0.023113076 -0.000487432 0.999732673 8.908400536
0.999647379 -0.000835080 -0.026540343 -0.077778518 0.000829036 0.999999642 -0.000238713 -0.166463360 0.026540531 0.000216626 0.999647737 8.915701866
0.999561489 -0.001266626 -0.029583473 -0.079310939 0.001246484 0.999998927 -0.000699305 -0.167570084 0.029584331 0.000662123 0.999562085 8.957500458
0.999451995 -0.001524910 -0.033062905 -0.080858350 0.001455915 0.999996722 -0.002110726 -0.167937487 0.033066019 0.002061433 0.999451041 8.997729301
0.999345005 0.000158667 -0.036187544 -0.081196874 -0.000220979 0.999998629 -0.001717912 -0.168522120 0.036187217 0.001724784 0.999343514 9.005438805
0.999243915 0.000220217 -0.038879488 -0.083418369 -0.000297126 0.999998093 -0.001972382 -0.169961646 0.038878974 0.001982443 0.999241948 9.043889046
0.999149263 0.002482280 -0.041166272 -0.085437596 -0.002607971 0.999992073 -0.002999851 -0.170179352 0.041158497 0.003104658 0.999147773 9.081383705
0.999105930 0.003164195 -0.042159125 -0.085335433 -0.003244568 0.999993086 -0.001838129 -0.170709282 0.042153012 0.001973273 0.999109328 9.088137627
0.999131382 0.003753781 -0.041503794 -0.087420523 -0.003796000 0.999992371 -0.000938484 -0.171819627 0.041499950 0.001095217 0.999137878 9.124213219
0.999130487 0.003449044 -0.041549265 -0.087963611 -0.003464619 0.999993980 -0.000302842 -0.171900213 0.041547965 0.000446531 0.999136388 9.140467644
0.999164402 0.003333941 -0.040736664 -0.090023190 -0.003360475 0.999994159 -0.000582899 -0.172870770 0.040734481 0.000719306 0.999169767 9.174787521
0.999150038 0.003581210 -0.041064810 -0.090153039 -0.003692235 0.999989867 -0.002628120 -0.173160881 0.041054972 0.002777508 0.999152958 9.190145493
0.999166906 0.003689513 -0.040644448 -0.091359913 -0.003891003 0.999980628 -0.004879389 -0.173919544 0.040625650 0.005033472 0.999161720 9.223437309
0.999217629 0.003458092 -0.039397147 -0.092207998 -0.003713324 0.999972641 -0.006407092 -0.174237221 0.039373916 0.006548373 0.999203146 9.239069939
0.999268711 0.003701681 -0.038056411 -0.093713284 -0.003953910 0.999970734 -0.006554643 -0.175429180 0.038031030 0.006700322 0.999254107 9.271869659
0.999337971 0.003598750 -0.036201291 -0.095066220 -0.003858161 0.999967456 -0.007098465 -0.175995395 0.036174562 0.007233436 0.999319434 9.304436684
0.999392450 0.003392168 -0.034691639 -0.095218241 -0.003624673 0.999971390 -0.006641319 -0.176445559 0.034668121 0.006763029 0.999375999 9.311244965
0.999454856 0.003828810 -0.032794502 -0.096494243 -0.004061538 0.999967039 -0.007032883 -0.177197605 0.032766487 0.007162244 0.999437392 9.342626572
0.999517858 0.003420014 -0.030859144 -0.097413227 -0.003630147 0.999970555 -0.006755949 -0.178473696 0.030835127 0.006864714 0.999500930 9.375843048
0.999606252 0.003437910 -0.027846703 -0.097716123 -0.003628022 0.999970436 -0.006779469 -0.178256348 0.027822575 0.006877829 0.999589145 9.382250786
0.999691248 0.002401445 -0.024729259 -0.098875687 -0.002561702 0.999975920 -0.006450815 -0.178901985 0.024713170 0.006512172 0.999673307 9.414491653
0.999761164 0.000916617 -0.021829618 -0.099593997 -0.001052711 0.999980092 -0.006223713 -0.179707170 0.021823475 0.006245209 0.999742210 9.446942329
0.999822617 0.001253780 -0.018794011 -0.099724315 -0.001359275 0.999983370 -0.005601469 -0.180193648 0.018786678 0.005626022 0.999807656 9.453011513
0.999878168 0.001294998 -0.015555406 -0.100540482 -0.001386283 0.999981880 -0.005859061 -0.181100845 0.015547539 0.005879912 0.999861836 9.484891891
0.999919415 0.000494748 -0.012680507 -0.100711480 -0.000571502 0.999981523 -0.006050045 -0.181431159 0.012677279 0.006056805 0.999901295 9.499159813
0.999953687 0.000870762 -0.009582475 -0.101614289 -0.000937007 0.999975681 -0.006910777 -0.182161480 0.009576224 0.006919437 0.999930263 9.530275345
0.999975264 0.001506016 -0.006855787 -0.101539470 -0.001557713 0.999970317 -0.007541661 -0.182608128 0.006844226 0.007552155 0.999947965 9.545586586
0.999988914 0.002050728 -0.004219169 -0.101723850 -0.002078193 0.999976635 -0.006515664 -0.183618724 0.004205708 0.006524360 0.999969840 9.577968597
0.999997139 0.001460063 -0.001869863 -0.101809204 -0.001470909 0.999981999 -0.005812535 -0.183942437 0.001861342 0.005815269 0.999981344 9.592639923
0.999999583 0.000846856 0.000242967 -0.101874493 -0.000845476 0.999983788 -0.005624554 -0.184711456 -0.000247727 0.005624346 0.999984145 9.625231743
0.999995470 0.001437876 0.002663097 -0.102083452 -0.001416808 0.999967754 -0.007895887 -0.184966058 -0.002674365 0.007892079 0.999965250 9.639681816
0.999988437 0.001959896 0.004398573 -0.102180675 -0.001915042 0.999946296 -0.010178620 -0.185678303 -0.004418286 0.010170078 0.999938488 9.663037300
0.999985635 0.000901094 0.005284137 -0.101844780 -0.000838167 0.999928772 -0.011898789 -0.186392203 -0.005294481 0.011894188 0.999915242 9.695720673
0.999984860 0.001524836 0.005270827 -0.101885431 -0.001459259 0.999921739 -0.012423143 -0.186593905 -0.005289359 0.012415264 0.999908984 9.710813522
0.999989986 -0.000337229 0.004452983 -0.101426944 0.000389651 0.999930620 -0.011776506 -0.188438356 -0.004448703 0.011778122 0.999920785 9.742961884
0.999982059 0.000802879 0.005935018 -0.102349639 -0.000724843 0.999913454 -0.013138978 -0.187959671 -0.005945052 0.013134441 0.999895990 9.758559227
0.999989331 0.000478416 0.004584786 -0.101698488 -0.000417892 0.999912977 -0.013192857 -0.188885450 -0.004590699 0.013190800 0.999902427 9.793352127
0.999980748 0.000878013 0.006143954 -0.102098987 -0.000783598 0.999881804 -0.015352727 -0.189406976 -0.006156710 0.015347616 0.999863267 9.806529999
0.999971628 -0.003434062 0.006702186 -0.102336302 0.003551902 0.999837995 -0.017650213 -0.190350547 -0.006640488 0.017673520 0.999821842 9.842227936
0.999956191 -0.006380346 0.006857703 -0.101623990 0.006505053 0.999810934 -0.018319042 -0.190853998 -0.006739525 0.018362848 0.999808669 9.855135918
0.999967217 -0.003525926 0.007293102 -0.101363041 0.003631476 0.999888003 -0.014510108 -0.191587910 -0.007241125 0.014536116 0.999868155 9.890208244
0.999974132 0.000224068 0.007202376 -0.100996695 -0.000164708 0.999966025 -0.008241203 -0.192572907 -0.007203978 0.008239805 0.999940038 9.926174164
0.999961615 -0.000340702 0.008754974 -0.101673737 0.000384145 0.999987662 -0.004960864 -0.192740962 -0.008753176 0.004964037 0.999949396 9.929811478
0.999941528 -0.001361230 0.010732234 -0.101071462 0.001440856 0.999971509 -0.007415025 -0.193604797 -0.010721835 0.007430054 0.999914944 9.964963913
0.999888480 -0.000720037 0.014917059 -0.100899681 0.000922861 0.999907196 -0.013594376 -0.194258004 -0.014905887 0.013606627 0.999796271 10.002022743
0.999812543 0.001644952 0.019287176 -0.101330936 -0.001312631 0.999850690 -0.017230157 -0.194276944 -0.019312639 0.017201614 0.999665439 10.005908012
0.999760866 0.002608075 0.021708712 -0.100179955 -0.002244539 0.999857128 -0.016753631 -0.195607185 -0.021749303 0.016700899 0.999623954 10.043475151
0.999672711 0.000994339 0.025562573 -0.100361258 -0.000612578 0.999888241 -0.014937880 -0.195777237 -0.025574567 0.014917333 0.999561608 10.058547020
0.999599755 -0.001501094 0.028250312 -0.099295497 0.001827671 0.999931812 -0.011537837 -0.196871221 -0.028231060 0.011584851 0.999534249 10.095732689
0.999497890 -0.003942283 0.031437855 -0.098926425 0.004254314 0.999942303 -0.009864623 -0.197460324 -0.031397149 0.009993417 0.999456942 10.111967087
0.999433517 -0.004595035 0.033340670 -0.097223014 0.004883834 0.999951243 -0.008585804 -0.198755220 -0.033299588 0.008743771 0.999407172 10.149740219
0.999320388 -0.001219889 0.036839414 -0.097306490 0.001644969 0.999932408 -0.011510626 -0.198879808 -0.036822882 0.011563404 0.999254882 10.165558815
0.999257028 -0.000915003 0.038531363 -0.096051306 0.001434608 0.999908388 -0.013459742 -0.200272873 -0.038515516 0.013505018 0.999166787 10.202634811
0.999111891 0.000248171 0.042135116 -0.096066147 0.000338377 0.999903142 -0.013912942 -0.200229019 -0.042134490 0.013914846 0.999014974 10.218308449
0.999007344 0.001793039 0.044509802 -0.093880475 -0.001232436 0.999919653 -0.012619299 -0.200695649 -0.044528842 0.012551917 0.998929262 10.258417130
0.998830795 0.002366921 0.048285965 -0.094075352 -0.001866107 0.999944031 -0.010414277 -0.201756239 -0.048307911 0.010311992 0.998779297 10.271963120
0.998700023 0.003338405 0.050866228 -0.092477858 -0.002803913 0.999940217 -0.010575541 -0.202809408 -0.050898485 0.010419167 0.998649538 10.310323715
0.998556077 0.003468685 0.053606357 -0.091616809 -0.002861301 0.999930918 -0.011403045 -0.202962339 -0.053642210 0.011233197 0.998496950 10.325691223
0.998386383 0.002499497 0.056731910 -0.090144932 -0.001783484 0.999918222 -0.012668123 -0.203337029 -0.056758940 0.012546500 0.998308957 10.364169121
0.998288751 -0.000649470 0.058474597 -0.088971078 0.001325639 0.999932647 -0.011525410 -0.204212397 -0.058463175 0.011583203 0.998222351 10.379536629
0.998246670 -0.001108772 0.059183098 -0.086686313 0.001798992 0.999930918 -0.011610454 -0.205187261 -0.059166145 0.011696565 0.998179615 10.418622017
0.998201847 -0.002531282 0.059888270 -0.085972905 0.003229864 0.999927878 -0.011570822 -0.205756292 -0.059854656 0.011743447 0.998138070 10.433959007
0.998172641 -0.003644220 0.060316999 -0.084150016 0.004328582 0.999927700 -0.011219309 -0.207155615 -0.060271755 0.011459891 0.998116314 10.472717285
0.998177588 -0.002466157 0.060294263 -0.083168030 0.003132598 0.999935031 -0.010961116 -0.207306400 -0.060263317 0.011130018 0.998120427 10.488712311
0.998221099 -0.001561707 0.059600338 -0.081220865 0.002199596 0.999941051 -0.010638678 -0.208366141 -0.059580207 0.010750850 0.998165607 10.527859688
0.998272538 -0.002542365 0.058697894 -0.079183161 0.003195739 0.999933958 -0.011039947 -0.209673867 -0.058665939 0.011208458 0.998214662 10.566846848
0.998381615 -0.002787543 0.056800939 -0.078969657 0.003466705 0.999923706 -0.011861848 -0.210084647 -0.056763537 0.012039564 0.998315096 10.571104050
0.998505116 -0.001330740 0.054642975 -0.076871514 0.002034772 0.999915719 -0.012830595 -0.210786670 -0.054621298 0.012922602 0.998423636 10.609196663
0.998582661 -0.000663856 0.053218808 -0.076230049 0.001353505 0.999915540 -0.012923760 -0.211700082 -0.053205740 0.012977473 0.998499274 10.625778198
0.998650193 0.000734455 0.051935680 -0.074664116 -0.000057386 0.999914944 -0.013036991 -0.213115498 -0.051940843 0.013016411 0.998565435 10.664619446
0.998771727 0.001338512 0.049529731 -0.074005127 -0.000702440 0.999917090 -0.012857411 -0.213279009 -0.049542833 0.012806825 0.998689830 10.679836273
0.998930454 0.000260459 0.046236891 -0.072132111 0.000241740 0.999941051 -0.010855507 -0.214665115 -0.046236992 0.010855073 0.998871505 10.719014168
0.999095440 -0.000214842 0.042523600 -0.071909189 0.000592503 0.999960542 -0.008868805 -0.214978039 -0.042520024 0.008885979 0.999056101 10.734240532
0.999294341 -0.001226473 0.037540969 -0.070743740 0.001500153 0.999972582 -0.007262842 -0.216120362 -0.037531018 0.007314036 0.999268711 10.772589684
0.999456525 -0.001648289 0.032924127 -0.070576847 0.001846471 0.999980330 -0.005989866 -0.216467589 -0.032913610 0.006047404 0.999439895 10.787711143
0.999615490 -0.001832440 0.027667411 -0.069386601 0.001988837 0.999982178 -0.005626270 -0.217222512 -0.027656609 0.005679132 0.999601364 10.826407433
0.999719083 -0.003040062 0.023500849 -0.069538891 0.003152044 0.999983847 -0.004729469 -0.217887938 -0.023486093 0.004802217 0.999712646 10.839832306
0.999813795 -0.002874213 0.019076800 -0.069301009 0.002971105 0.999982774 -0.005052667 -0.218376175 -0.019061947 0.005108405 0.999805212 10.876864433
0.999882638 -0.003941780 0.014802977 -0.069188580 0.004019001 0.999978483 -0.005190523 -0.219056934 -0.014782203 0.005249408 0.999876916 10.890433311
0.999936640 -0.004524172 0.010311899 -0.068754002 0.004570012 0.999979794 -0.004426130 -0.220471740 -0.010291668 0.004472974 0.999937057 10.925462723
0.999971151 -0.003186363 0.006892167 -0.069246314 0.003223252 0.999980450 -0.005347976 -0.220334649 -0.006874992 0.005370036 0.999961972 10.938519478
0.999989390 -0.003366675 0.003131913 -0.069298133 0.003385261 0.999976516 -0.005948309 -0.221126825 -0.003111813 0.005958848 0.999977410 10.971136093
0.999989986 -0.004420768 -0.000770807 -0.069831759 0.004415905 0.999971032 -0.006200066 -0.221649915 0.000798193 0.006196600 0.999980450 10.983550072
0.999983251 -0.002668537 -0.005169652 -0.070961520 0.002628082 0.999966025 -0.007816646 -0.222490042 0.005190335 0.007802928 0.999956071 11.013951302
