0.999998093 -0.001552538 -0.001291034 -0.000103595 0.001551743 0.999998629 -0.000616261 -0.000051677 0.001291989 0.000614257 0.999998987 0.052201368
0.999997139 -0.001029024 -0.002120623 -0.000315677 0.001024817 0.999997616 -0.001984345 -0.000038538 0.002122659 0.001982167 0.999995768 0.077822357
0.999993920 -0.002031464 -0.002865491 -0.000577677 0.002025989 0.999996245 -0.001912102 -0.000262272 0.002869364 0.001906285 0.999994099 0.103807792
0.999990404 -0.002495461 -0.003607011 -0.000424493 0.002485078 0.999992728 -0.002880238 -0.000120830 0.003614172 0.002871246 0.999989331 0.127670065
0.999982297 -0.003910190 -0.004481703 -0.000326933 0.003896148 0.999987483 -0.003137527 -0.000022731 0.004493915 0.003120010 0.999985039 0.152008146
0.999979377 -0.004264051 -0.004826241 -0.000910246 0.004256546 0.999989629 -0.001564649 -0.000153652 0.004832864 0.001544073 0.999987125 0.175633818
0.999977112 -0.003773871 -0.005608020 -0.001006859 0.003778345 0.999992549 0.000787372 -0.000142202 0.005605008 -0.000808543 0.999983966 0.199119508
0.999975264 -0.003422701 -0.006145959 -0.001285306 0.003433710 0.999992490 0.001781508 -0.000222234 0.006139815 -0.001802567 0.999979556 0.221693650
0.999969423 -0.003660221 -0.006907217 -0.001422450 0.003676068 0.999990761 0.002283122 -0.000343800 0.006898796 -0.002308443 0.999973476 0.243865684
0.999965966 -0.004166847 -0.007109191 -0.001686288 0.004186856 0.999987304 0.002801978 -0.000322804 0.007097424 -0.002831649 0.999970794 0.264967382
0.999963880 -0.005030862 -0.006840386 -0.001875596 0.005051934 0.999982536 0.003066582 -0.000410643 0.006824839 -0.003101029 0.999971926 0.285806268
0.999965191 -0.005307360 -0.006441369 -0.002064909 0.005320421 0.999983847 0.002012280 -0.000385876 0.006430584 -0.002046481 0.999977231 0.305626452
0.999968469 -0.005293579 -0.005931640 -0.002344274 0.005292999 0.999985993 -0.000113443 -0.000372741 0.005932157 0.000082043 0.999982417 0.325036973
0.999966085 -0.005857963 -0.005793622 -0.002443638 0.005848356 0.999981523 -0.001673502 -0.000431350 0.005803318 0.001639562 0.999981821 0.343904406
0.999966264 -0.006049409 -0.005570200 -0.002473277 0.006032518 0.999977171 -0.003044101 -0.000254064 0.005588488 0.003010395 0.999979854 0.362981409
0.999965966 -0.006615808 -0.004927774 -0.002774900 0.006602996 0.999974787 -0.002611729 -0.000385482 0.004944929 0.002579102 0.999984384 0.381767571
0.999972701 -0.005924100 -0.004421944 -0.003074348 0.005914308 0.999980092 -0.002223794 -0.000448585 0.004435030 0.002197581 0.999987721 0.400367171
0.999979973 -0.004489295 -0.004458499 -0.003231038 0.004477560 0.999986529 -0.002638345 -0.000200550 0.004470283 0.002618329 0.999986589 0.418913543
0.999981046 -0.003742729 -0.004894663 -0.003303156 0.003730512 0.999989927 -0.002502973 -0.000514089 0.004903981 0.002484666 0.999984860 0.437053174
0.999985039 -0.003068244 -0.004529773 -0.003510493 0.003054106 0.999990463 -0.003124683 -0.000515752 0.004539317 0.003110803 0.999984860 0.455104142
0.999984920 -0.003459540 -0.004282959 -0.003781368 0.003445535 0.999988735 -0.003273016 -0.000570170 0.004294234 0.003258209 0.999985456 0.473116994
0.999984026 -0.003111389 -0.004718103 -0.003766972 0.003093098 0.999987662 -0.003879361 -0.000533021 0.004730115 0.003864705 0.999981344 0.490911543
0.999987304 -0.002771492 -0.004206047 -0.004367858 0.002752510 0.999986053 -0.004512202 -0.000657831 0.004218495 0.004500567 0.999980927 0.508255780
0.999988496 -0.002167478 -0.004285492 -0.004232204 0.002143334 0.999981761 -0.005630435 -0.000543207 0.004297619 0.005621186 0.999974966 0.525201142
0.999990821 -0.001341094 -0.004069162 -0.004627012 0.001319916 0.999985695 -0.005202694 -0.000770596 0.004076080 0.005197275 0.999978185 0.542899013
0.999992967 -0.000399387 -0.003734527 -0.004947459 0.000379956 0.999986410 -0.005202259 -0.000806951 0.003736554 0.005200804 0.999979496 0.560470879
0.999995649 0.000355321 -0.002922143 -0.005103083 -0.000371044 0.999985456 -0.005381696 -0.000786106 0.002920189 0.005382758 0.999981225 0.577108920
0.999997318 0.000632584 -0.002217848 -0.005360278 -0.000645659 0.999982357 -0.005899996 -0.001162608 0.002214077 0.005901412 0.999980152 0.594198585
0.999998689 0.001044492 -0.001279089 -0.005416985 -0.001053322 0.999975502 -0.006922028 -0.001330719 0.001271827 0.006923366 0.999975264 0.611048996
0.999999404 0.000781331 -0.000665912 -0.005439111 -0.000786963 0.999963522 -0.008500109 -0.001343633 0.000659246 0.008500630 0.999963641 0.627214491
0.999999762 0.000700045 0.000129073 -0.005535591 -0.000698763 0.999952912 -0.009679797 -0.001619271 -0.000135843 0.009679703 0.999953151 0.644414604
0.999999523 0.000469231 0.000914469 -0.005439470 -0.000459538 0.999943972 -0.010570790 -0.001601839 -0.000919379 0.010570364 0.999943793 0.660822868
0.999998331 0.000056148 0.001852632 -0.005517018 -0.000035822 0.999939919 -0.010969554 -0.001671881 -0.001853136 0.010969468 0.999938130 0.678861260
0.999997139 -0.000905096 0.002212485 -0.005230826 0.000930753 0.999931991 -0.011622959 -0.001732418 -0.002201815 0.011624985 0.999930024 0.695811689
0.999994755 -0.001049460 0.003071526 -0.005219217 0.001086779 0.999925256 -0.012173668 -0.002137992 -0.003058521 0.012176943 0.999921262 0.712141931
0.999990344 -0.002443749 0.003666071 -0.004731691 0.002491890 0.999909937 -0.013184945 -0.002019924 -0.003633520 0.013193952 0.999906361 0.729888797
0.999987304 -0.002307018 0.004474022 -0.005326015 0.002369984 0.999897420 -0.014119659 -0.001947612 -0.004440989 0.014130083 0.999890268 0.747536540
0.999983251 -0.002084182 0.005407239 -0.005525065 0.002160661 0.999897122 -0.014176704 -0.002182106 -0.005377137 0.014188150 0.999884844 0.765776694
0.999981344 -0.002442482 0.005611396 -0.005152004 0.002523928 0.999890924 -0.014553457 -0.002102711 -0.005575236 0.014567348 0.999878347 0.783322811
0.999971867 -0.004013589 0.006338413 -0.005196074 0.004108607 0.999878228 -0.015049488 -0.002282985 -0.006277239 0.015075105 0.999866605 0.801818132
0.999960244 -0.005696855 0.006850076 -0.004895767 0.005805364 0.999856293 -0.015926117 -0.002326575 -0.006758363 0.015965253 0.999849677 0.820708752
0.999945462 -0.007059523 0.007685713 -0.005246081 0.007186952 0.999834955 -0.016680604 -0.002324615 -0.007566687 0.016734933 0.999831319 0.839946091
0.999941111 -0.007420861 0.007911939 -0.004905726 0.007544844 0.999847293 -0.015757503 -0.002754315 -0.007793798 0.015816269 0.999844551 0.859247804
0.999947011 -0.006418723 0.008040008 -0.004613230 0.006539168 0.999865353 -0.015045152 -0.002497183 -0.007942354 0.015096934 0.999854505 0.880642772
0.999946654 -0.005784478 0.008556815 -0.004455888 0.005908445 0.999876857 -0.014533930 -0.002237087 -0.008471691 0.014583712 0.999857724 0.901939869
0.999940872 -0.006186882 0.008938913 -0.004458928 0.006312095 0.999881268 -0.014047991 -0.002522364 -0.008850940 0.014103584 0.999861300 0.924375176
0.999933541 -0.007118595 0.009064130 -0.004195644 0.007238228 0.999886215 -0.013234651 -0.002767757 -0.008968887 0.013299379 0.999871314 0.947297156
0.999943078 -0.006449675 0.008502366 -0.003881823 0.006549371 0.999909520 -0.011750541 -0.002727540 -0.008425809 0.011805557 0.999894798 0.971040726
0.999945879 -0.006603179 0.008041676 -0.003908101 0.006697773 0.999908030 -0.011793465 -0.002768073 -0.007963062 0.011846690 0.999898076 0.995282590
0.999949753 -0.006133012 0.007935805 -0.003783905 0.006232645 0.999901354 -0.012591572 -0.002970606 -0.007857798 0.012640399 0.999889195 1.020123363
0.999956846 -0.005522950 0.007467066 -0.004125509 0.005626386 0.999887466 -0.013902984 -0.002761133 -0.007389441 0.013944398 0.999875486 1.047445893
0.999965310 -0.005256451 0.006451097 -0.003987127 0.005350913 0.999877393 -0.014714021 -0.002205299 -0.006372964 0.014748030 0.999870896 1.074235201
0.999971867 -0.003001343 0.006863737 -0.004999153 0.003086159 0.999918580 -0.012380254 -0.002416120 -0.006826021 0.012401089 0.999899805 1.102865815
0.999978840 -0.002271831 0.006087014 -0.004757890 0.002340303 0.999933839 -0.011265387 -0.002093703 -0.006061019 0.011279395 0.999917984 1.131543279
0.999987423 -0.002483961 0.004363117 -0.003661762 0.002526246 0.999949634 -0.009712500 -0.002228001 -0.004338771 0.009723401 0.999943316 1.161167383
0.999982953 -0.004075038 0.004177244 -0.003774744 0.004111307 0.999953628 -0.008710890 -0.002467313 -0.004141553 0.008727916 0.999953389 1.191638350
0.999987721 -0.003757032 0.003249137 -0.002860565 0.003788894 0.999944210 -0.009856070 -0.002154966 -0.003211926 0.009868260 0.999946177 1.223260760
0.999989748 -0.003533429 0.002829773 -0.003466172 0.003564524 0.999932468 -0.011060189 -0.002001494 -0.002790502 0.011070162 0.999934852 1.254376888
0.999987423 -0.004098185 0.002903024 -0.004208746 0.004129854 0.999931037 -0.010988564 -0.002019309 -0.002857791 0.011000414 0.999935448 1.286758780
0.999973953 -0.006751628 0.002586236 -0.002976643 0.006773173 0.999941587 -0.008414724 -0.002420194 -0.002529273 0.008432020 0.999961197 1.321305990
0.999948204 -0.010002969 0.001875567 -0.002895390 0.010011986 0.999938071 -0.004861569 -0.002283555 -0.001826821 0.004880096 0.999986410 1.354999900
0.999880075 -0.015257267 0.002658878 -0.003633248 0.015262964 0.999881208 -0.002136323 -0.001532667 -0.002625968 0.002176649 0.999994218 1.389472008
0.999862432 -0.016529856 0.001361318 -0.002606767 0.016531223 0.999862850 -0.001000103 -0.001884428 -0.001344600 0.001022469 0.999998569 1.425675511
0.999868810 -0.016159626 0.001054395 -0.003067050 0.016159205 0.999869406 0.000403169 -0.001581823 -0.001060772 -0.000386078 0.999999404 1.461681128
0.999815881 -0.019158050 0.001046652 -0.003665986 0.019158995 0.999816060 -0.000900691 -0.001349704 -0.001029204 0.000920578 0.999999046 1.498898625
0.999712467 -0.023978181 -0.000143518 -0.002061710 0.023977987 0.999711752 -0.001230203 -0.000362297 0.000172974 0.001226408 0.999999225 1.538114786
0.999718964 -0.023704050 -0.000107696 -0.001680945 0.023704084 0.999718964 0.000307988 -0.000332294 0.000100365 -0.000310454 0.999999940 1.577167749
0.999799788 -0.020008279 -0.000328021 -0.002308228 0.020008093 0.999799669 -0.000574795 0.000663145 0.000339456 0.000568116 0.999999762 1.616730928
0.999828517 -0.018497450 -0.000922031 -0.002455563 0.018494917 0.999825358 -0.002689773 0.001111159 0.000971624 0.002672259 0.999995887 1.655965567
0.999813735 -0.019284744 -0.000778687 -0.002543834 0.019277316 0.999776959 -0.008625938 0.000970189 0.000944862 0.008609320 0.999962449 1.696226597
0.999847710 -0.017446347 -0.000474915 -0.002426204 0.017438242 0.999754786 -0.013649737 0.001301242 0.000712937 0.013639376 0.999906778 1.736243129
0.999897897 -0.014284326 -0.000070671 -0.002954711 0.014281894 0.999797821 -0.014153629 0.000869017 0.000272832 0.014151175 0.999899745 1.776764393
0.999919355 -0.012695953 0.000057911 -0.003254788 0.012695634 0.999835074 -0.012988916 0.000743220 0.000107005 0.012988605 0.999915600 1.817555666
0.999932647 -0.011606628 0.000146120 -0.003215032 0.011607464 0.999893963 -0.008787692 0.000216676 -0.000044109 0.008788797 0.999961376 1.858858705
0.999922514 -0.012439974 0.000592353 -0.003526965 0.012443200 0.999905825 -0.005794114 0.000462791 -0.000520219 0.005801035 0.999983013 1.900347948
0.999904931 -0.013770003 0.000710481 -0.003233087 0.013772677 0.999897599 -0.003909560 0.000087816 -0.000656573 0.003918974 0.999992132 1.941834927
0.999901414 -0.014024572 0.000763491 -0.003116623 0.014028870 0.999883890 -0.005949222 0.000283880 -0.000679967 0.005959346 0.999982059 1.983720303
0.999901474 -0.014026391 0.000527487 -0.003059713 0.014030624 0.999859929 -0.009123996 0.000028729 -0.000399437 0.009130498 0.999958217 2.025144815
0.999919474 -0.012643391 0.001082509 -0.003698826 0.012654389 0.999861181 -0.010838682 -0.000264386 -0.000945321 0.010851508 0.999940634 2.067848682
0.999922931 -0.012406549 0.000514093 -0.003159004 0.012410985 0.999875069 -0.009781811 -0.000240719 -0.000392671 0.009787437 0.999952018 2.109153748
0.999938607 -0.010997318 0.001448981 -0.003827817 0.011004959 0.999924958 -0.005375334 -0.000548346 -0.001389758 0.005390950 0.999984443 2.152373314
0.999929130 -0.011829249 0.001411154 -0.003539754 0.011832847 0.999926686 -0.002567852 -0.000701131 -0.001380674 0.002584368 0.999995708 2.194288015
0.999914050 -0.013072810 0.000941146 -0.003351675 0.013074460 0.999912977 -0.001768281 -0.000952685 -0.000917947 0.001780433 0.999997973 2.237333059
0.999898434 -0.014241966 0.000373406 -0.003585006 0.014243299 0.999891162 -0.003846289 -0.000543009 -0.000318587 0.003851218 0.999992490 2.279619694
0.999896467 -0.014364152 -0.000758011 -0.003903037 0.014360055 0.999883592 -0.005159307 -0.000497604 0.000832032 0.005147888 0.999986410 2.322278976
0.999926746 -0.011902553 -0.002157951 -0.003930278 0.011890481 0.999914050 -0.005522680 -0.000433885 0.002223499 0.005496617 0.999982357 2.365570307
0.999957561 -0.008456958 -0.003634714 -0.004066046 0.008440489 0.999954164 -0.004522661 -0.000444443 0.003672796 0.004491790 0.999983132 2.409729004
0.999983013 -0.004161653 -0.004075652 -0.005110626 0.004145939 0.999983966 -0.003856807 -0.000063682 0.004091638 0.003839845 0.999984264 2.453073502
0.999989927 0.000258633 -0.004476256 -0.005601086 -0.000279609 0.999989033 -0.004685905 -0.000170417 0.004474996 0.004687110 0.999979019 2.496495962
0.999973238 0.004639761 -0.005659922 -0.006047890 -0.004674210 0.999970555 -0.006088668 -0.000106012 0.005631506 0.006114961 0.999965429 2.541080475
0.999965489 0.005081418 -0.006577451 -0.006197378 -0.005133516 0.999955475 -0.007928278 -0.000592027 0.006536871 0.007961771 0.999946952 2.585124731
0.999959886 0.004983988 -0.007441989 -0.006927107 -0.005044100 0.999954581 -0.008080474 -0.000156101 0.007401379 0.008117687 0.999939680 2.630838633
0.999954939 0.005289640 -0.007885740 -0.007443845 -0.005345131 0.999961019 -0.007032442 -0.000449445 0.007848233 0.007074275 0.999944210 2.675163031
0.999950707 0.004468530 -0.008858117 -0.007772190 -0.004526856 0.999968112 -0.006575474 -0.000262892 0.008828452 0.006615249 0.999939084 2.721207857
0.999952376 0.003470935 -0.009123699 -0.008713808 -0.003532036 0.999971330 -0.006689538 -0.000821002 0.009100219 0.006721444 0.999935985 2.767004967
0.999943316 0.003949903 -0.009889439 -0.009016970 -0.004031383 0.999957979 -0.008232832 -0.000449037 0.009856505 0.008272234 0.999917150 2.812804937
0.999926388 0.005559137 -0.010791690 -0.009222867 -0.005678556 0.999922574 -0.011066962 -0.000506898 0.010729333 0.011127429 0.999880493 2.858150482
0.999931991 0.004650423 -0.010693773 -0.010937244 -0.004805972 0.999882340 -0.014566316 -0.000051599 0.010624775 0.014616720 0.999836743 2.905679703
0.999924541 0.004946001 -0.011240160 -0.012283226 -0.005117958 0.999869585 -0.015321504 -0.001320388 0.011162913 0.015377875 0.999819458 2.953385592
0.999910235 0.005736370 -0.012102050 -0.011552513 -0.005903553 0.999886990 -0.013824257 -0.001051802 0.012021380 0.013894465 0.999831200 3.000817060
0.999913812 0.005200471 -0.012052870 -0.012926465 -0.005339722 0.999919057 -0.011550074 -0.001786411 0.011991830 0.011613438 0.999860704 3.048400164
0.999902964 0.004966595 -0.013016948 -0.013008825 -0.005115574 0.999921381 -0.011436778 -0.001966357 0.012959126 0.011502254 0.999849856 3.096733332
0.999897659 0.005160523 -0.013344976 -0.014108587 -0.005321605 0.999913037 -0.012063316 -0.001744252 0.013281563 0.012133097 0.999838114 3.144992113
0.999889016 0.005517270 -0.013836809 -0.014713187 -0.005677663 0.999916792 -0.011579403 -0.002116967 0.013771771 0.011656677 0.999837220 3.193376541
0.999886215 0.005864886 -0.013896801 -0.016031982 -0.006016566 0.999922514 -0.010898274 -0.002949227 0.013831807 0.010980646 0.999843955 3.242524147
0.999889374 0.005476495 -0.013829402 -0.017217224 -0.005628644 0.999923825 -0.010986958 -0.002898928 0.013768178 0.011063582 0.999844074 3.291111708
0.999876678 0.005607960 -0.014668969 -0.017134175 -0.005766979 0.999924839 -0.010820668 -0.003238540 0.014607185 0.010903929 0.999833882 3.341321945
0.999883652 0.003909019 -0.014746710 -0.018211752 -0.004058476 0.999940574 -0.010118688 -0.003645025 0.014706279 0.010177358 0.999840081 3.391006231
0.999878824 0.003798896 -0.015095117 -0.019557588 -0.003933691 0.999952674 -0.008910063 -0.003942030 0.015060552 0.008968364 0.999846399 3.441273928
0.999885321 0.002259518 -0.014974976 -0.019145574 -0.002411302 0.999945819 -0.010125527 -0.003387515 0.014951290 0.010160477 0.999836624 3.491451979
0.999880135 0.001587554 -0.015402821 -0.020204153 -0.001758207 0.999937177 -0.011072121 -0.002928067 0.015384274 0.011097874 0.999820173 3.542410851
0.999881029 0.000897138 -0.015400686 -0.020834778 -0.001053560 0.999947965 -0.010151705 -0.003191616 0.015390772 0.010166723 0.999829948 3.592820644
0.999882221 0.000656492 -0.015334637 -0.021684378 -0.000781046 0.999966860 -0.008117876 -0.004005533 0.015328801 0.008128897 0.999849439 3.643223524
0.999878943 0.001770337 -0.015458243 -0.022996873 -0.001902337 0.999961793 -0.008528611 -0.003480516 0.015442557 0.008556984 0.999844134 3.695107460
0.999868631 0.002606869 -0.015993854 -0.022935539 -0.002751683 0.999955297 -0.009039054 -0.002993574 0.015969574 0.009081875 0.999831259 3.745224953
0.999876261 0.003123603 -0.015417377 -0.025015030 -0.003236885 0.999967933 -0.007328235 -0.004496332 0.015393996 0.007377232 0.999854267 3.796355247
0.999875605 0.002794173 -0.015517754 -0.025841016 -0.002891319 0.999976456 -0.006241392 -0.005509682 0.015499948 0.006285483 0.999860108 3.847857714
0.999887586 0.003673035 -0.014534720 -0.028284082 -0.003763878 0.999973595 -0.006227598 -0.005682373 0.014511464 0.006281605 0.999874949 3.897101641
0.999882400 0.003804141 -0.014857019 -0.028007232 -0.003902190 0.999970734 -0.006576142 -0.005408196 0.014831568 0.006633343 0.999867976 3.946520329
0.999878287 0.005629175 -0.014551715 -0.029462956 -0.005736388 0.999956608 -0.007336510 -0.005188014 0.014509786 0.007419092 0.999867141 3.997208834
0.999876857 0.007260174 -0.013911056 -0.029967437 -0.007378361 0.999936938 -0.008463598 -0.005237123 0.013848731 0.008565196 0.999867439 4.045006752
0.999894381 0.005431805 -0.013479207 -0.030399267 -0.005520332 0.999963403 -0.006539186 -0.005431419 0.013443192 0.006612905 0.999887764 4.095012188
0.999892473 0.006369640 -0.013205437 -0.030870130 -0.006456496 0.999957800 -0.006545141 -0.005345540 0.013163187 0.006629698 0.999891400 4.145581722
0.999902189 0.005142733 -0.013004417 -0.031699050 -0.005229428 0.999964356 -0.006641360 -0.005025057 0.012969799 0.006708717 0.999893367 4.197105885
0.999913275 0.004864954 -0.012238665 -0.031933278 -0.004933503 0.999972224 -0.005577029 -0.006322606 0.012211192 0.005636925 0.999909520 4.244517326
0.999925256 0.004903610 -0.011203048 -0.032985415 -0.004957047 0.999976397 -0.004747082 -0.006442269 0.011179507 0.004802261 0.999925911 4.292160511
0.999932110 0.005304428 -0.010376533 -0.033991687 -0.005363422 0.999969602 -0.005665893 -0.006256983 0.010346163 0.005721162 0.999930084 4.339848995
0.999936044 0.004856783 -0.010211869 -0.034472734 -0.004919420 0.999969184 -0.006117628 -0.006671581 0.010181842 0.006167474 0.999929130 4.389634609
0.999945760 0.004052747 -0.009591836 -0.035283536 -0.004116487 0.999969482 -0.006635009 -0.007039826 0.009564652 0.006674134 0.999931931 4.436222553
0.999941885 0.004215161 -0.009922788 -0.035066400 -0.004281663 0.999968350 -0.006690297 -0.006602069 0.009894274 0.006732393 0.999928415 4.485865116
0.999954104 0.004598115 -0.008400861 -0.036612004 -0.004650174 0.999970019 -0.006188009 -0.007001868 0.008372156 0.006226791 0.999945521 4.534181595
0.999949813 0.006636322 -0.007508196 -0.038038798 -0.006681384 0.999959648 -0.005992678 -0.007266929 0.007468124 0.006042542 0.999953806 4.581478119
0.999949336 0.006674269 -0.007539769 -0.037717447 -0.006732732 0.999947250 -0.007755288 -0.007541284 0.007487611 0.007805659 0.999941528 4.628406525
0.999952018 0.006582236 -0.007250557 -0.038025327 -0.006645484 0.999939799 -0.008733806 -0.007861860 0.007192634 0.008781573 0.999935567 4.675877094
0.999954879 0.006622387 -0.006810691 -0.038277693 -0.006672909 0.999950290 -0.007422241 -0.008456254 0.006761198 0.007467355 0.999949276 4.722117424
0.999957800 0.006819928 -0.006158547 -0.039621912 -0.006851379 0.999963582 -0.005100223 -0.008797228 0.006123539 0.005142203 0.999968052 4.770462036
0.999964893 0.005653193 -0.006206358 -0.038985558 -0.005678245 0.999975801 -0.004026248 -0.008581169 0.006183447 0.004061348 0.999972641 4.815051556
0.999963522 0.005336779 -0.006685201 -0.039140981 -0.005368370 0.999974489 -0.004716502 -0.009162308 0.006659859 0.004752217 0.999966562 4.861723900
0.999969602 0.003608103 -0.006900577 -0.039335951 -0.003645699 0.999978483 -0.005443388 -0.009260321 0.006880790 0.005468381 0.999961376 4.908732891
0.999971330 0.002432599 -0.007168981 -0.039582085 -0.002478971 0.999975920 -0.006466584 -0.010078464 0.007153078 0.006484170 0.999953389 4.952963352
0.999967158 0.003200109 -0.007455947 -0.040114388 -0.003257464 0.999965072 -0.007693064 -0.010015808 0.007431068 0.007717099 0.999942601 4.999718189
0.999963999 0.003463481 -0.007747367 -0.040824201 -0.003527268 0.999959826 -0.008234990 -0.010139514 0.007718535 0.008262021 0.999936104 5.045070648
0.999955952 0.002933312 -0.008916417 -0.040646035 -0.003002407 0.999965549 -0.007745836 -0.010528199 0.008893388 0.007772268 0.999930322 5.091180801
0.999947488 0.002822113 -0.009860069 -0.040987432 -0.002880983 0.999978065 -0.005961413 -0.010860065 0.009843028 0.005989507 0.999933660 5.137243748
0.999951661 0.003443627 -0.009208137 -0.042614110 -0.003487428 0.999982655 -0.004744929 -0.011159592 0.009191639 0.004776813 0.999946356 5.179343224
0.999939859 0.004448780 -0.010016387 -0.043179300 -0.004487538 0.999982536 -0.003850348 -0.011375236 0.009999082 0.003895066 0.999942422 5.224189281
0.999936640 0.004388255 -0.010362122 -0.044395719 -0.004428001 0.999982893 -0.003815906 -0.011305656 0.010345200 0.003861548 0.999939084 5.267446995
0.999932766 0.003256894 -0.011128563 -0.044321235 -0.003297743 0.999987900 -0.003654202 -0.011540565 0.011116528 0.003690656 0.999931335 5.311699867
0.999926984 0.001504789 -0.011989117 -0.044558939 -0.001542965 0.999993682 -0.003175593 -0.011889977 0.011984264 0.003193860 0.999923110 5.356129646
0.999925792 0.001140417 -0.012132034 -0.044910133 -0.001178063 0.999994516 -0.003096402 -0.012212728 0.012128435 0.003110464 0.999921620 5.399238586
0.999917924 0.000805933 -0.012782359 -0.046440367 -0.000867412 0.999988079 -0.004804869 -0.012382461 0.012778335 0.004815562 0.999906719 5.441520691
0.999906778 0.001123973 -0.013600709 -0.047053680 -0.001212553 0.999978065 -0.006506476 -0.012822222 0.013593097 0.006522360 0.999886334 5.484003067
0.999901295 0.000302669 -0.014044766 -0.047716990 -0.000414540 0.999968171 -0.007963148 -0.012901947 0.014041911 0.007968182 0.999869585 5.527577877
0.999899209 0.001689743 -0.014095992 -0.048591405 -0.001803723 0.999965727 -0.008077169 -0.012748390 0.014081862 0.008101780 0.999867976 5.570081711
0.999890268 0.002720908 -0.014563072 -0.049002659 -0.002812189 0.999976516 -0.006251088 -0.013689335 0.014545723 0.006291358 0.999874413 5.612227917
0.999887526 0.003449521 -0.014600305 -0.050025761 -0.003522710 0.999981284 -0.004990171 -0.013819244 0.014582817 0.005041041 0.999880970 5.653485775
0.999883950 0.002274509 -0.015063322 -0.050607279 -0.002333674 0.999989629 -0.003911359 -0.014184220 0.015054268 0.003946058 0.999878824 5.696030140
0.999885619 0.002421543 -0.014930147 -0.051553093 -0.002459420 0.999993801 -0.002519038 -0.014546884 0.014923953 0.002555470 0.999885380 5.737428188
0.999882102 0.001598641 -0.015271911 -0.052344795 -0.001625915 0.999997079 -0.001773638 -0.014377590 0.015269032 0.001798260 0.999881804 5.777834415
0.999884069 0.001780927 -0.015118748 -0.053363688 -0.001801150 0.999997497 -0.001324097 -0.014091807 0.015116351 0.001351175 0.999884903 5.817492008
0.999873698 0.002016631 -0.015767155 -0.053463630 -0.002044572 0.999996305 -0.001756110 -0.014114891 0.015763557 0.001788125 0.999874175 5.857721329
0.999885917 0.001928197 -0.014981066 -0.055500407 -0.001953587 0.999996662 -0.001680362 -0.014706265 0.014977776 0.001709437 0.999886394 5.894275188
0.999889016 0.002154110 -0.014741863 -0.056339890 -0.002183485 0.999995649 -0.001976814 -0.014729561 0.014737540 0.002008783 0.999889493 5.931229591
0.999889970 0.001780794 -0.014727414 -0.056857809 -0.001816068 0.999995530 -0.002382134 -0.015118910 0.014723107 0.002408618 0.999888718 5.967181206
0.999902964 0.002194313 -0.013758504 -0.058110692 -0.002234514 0.999993265 -0.002907180 -0.015207606 0.013752033 0.002937641 0.999901175 6.001003742
0.999895394 0.002535426 -0.014241157 -0.057982400 -0.002567732 0.999994159 -0.002250679 -0.015408098 0.014235368 0.002287011 0.999896049 6.035190105
0.999899924 0.003509672 -0.013701559 -0.058886848 -0.003527914 0.999992907 -0.001307515 -0.015247956 0.013696873 0.001355722 0.999905288 6.067664146
0.999897242 0.003274792 -0.013959587 -0.058731802 -0.003283462 0.999994397 -0.000598200 -0.015809920 0.013957550 0.000643975 0.999902368 6.098346710
0.999902427 0.003426019 -0.013541117 -0.059856303 -0.003426964 0.999994099 -0.000046582 -0.016083246 0.013540879 0.000092982 0.999908268 6.129318237
0.999902248 0.003656117 -0.013493652 -0.060130827 -0.003646945 0.999993086 0.000704172 -0.016156530 0.013496133 -0.000654892 0.999908686 6.158500671
0.999913216 0.003102133 -0.012805643 -0.061030988 -0.003108082 0.999995053 -0.000444739 -0.016383572 0.012804201 0.000484501 0.999917865 6.186779022
0.999913454 0.003582198 -0.012658910 -0.061171103 -0.003598274 0.999992788 -0.001247327 -0.016546037 0.012654351 0.001292770 0.999919057 6.214158058
0.999910653 0.003668729 -0.012854971 -0.061571497 -0.003690531 0.999991775 -0.001672778 -0.016731787 0.012848730 0.001720070 0.999915898 6.240687370
0.999904633 0.003268006 -0.013420479 -0.061437249 -0.003303498 0.999991059 -0.002623319 -0.016976330 0.013411786 0.002667403 0.999906421 6.265859127
0.999904871 0.001587956 -0.013701154 -0.061815403 -0.001650675 0.999988258 -0.004567537 -0.016989771 0.013693742 0.004589719 0.999895692 6.291223049
0.999903560 0.001540276 -0.013796736 -0.062810421 -0.001621912 0.999981225 -0.005907859 -0.017392181 0.013787377 0.005929668 0.999887347 6.314262390
0.999895990 0.001890491 -0.014294009 -0.063472927 -0.002005201 0.999965906 -0.008014951 -0.017402504 0.014278368 0.008042781 0.999865711 6.338813305
0.999876380 0.001895232 -0.015608707 -0.063365556 -0.002027011 0.999962389 -0.008431165 -0.017603781 0.015592143 0.008461762 0.999842584 6.362603188
0.999867618 0.002619951 -0.016059523 -0.064443171 -0.002741422 0.999967754 -0.007546476 -0.017760491 0.016039234 0.007589503 0.999842703 6.385346413
0.999856353 0.001934613 -0.016838567 -0.065415554 -0.002049102 0.999974847 -0.006784637 -0.018048298 0.016825018 0.006818168 0.999835312 6.407285213
0.999843180 0.002722594 -0.017507093 -0.065547794 -0.002824853 0.999979019 -0.005818978 -0.018047443 0.017490884 0.005867519 0.999829948 6.431043148
0.999830544 0.003165477 -0.018138161 -0.066111773 -0.003255678 0.999982476 -0.004945690 -0.018326631 0.018122192 0.005003904 0.999823332 6.453065872
0.999828398 0.003791576 -0.018134659 -0.066895187 -0.003871932 0.999982774 -0.004398041 -0.018366132 0.018117672 0.004467503 0.999825895 6.474396229
0.999814987 0.003715024 -0.018872984 -0.066953793 -0.003782310 0.999986589 -0.003530726 -0.018377114 0.018859614 0.003601455 0.999815643 6.495945454
0.999809146 0.004096111 -0.019101424 -0.067476436 -0.004147840 0.999987841 -0.002669271 -0.018688811 0.019090259 0.002747991 0.999814034 6.516294003
0.999806583 0.004349684 -0.019180171 -0.067919880 -0.004409706 0.999985456 -0.003088188 -0.018440135 0.019166458 0.003172169 0.999811292 6.535719872
0.999809980 0.003562181 -0.019162970 -0.068429753 -0.003609317 0.999990523 -0.002425731 -0.018585224 0.019154150 0.002494436 0.999813437 6.554522038
0.999807179 0.004188513 -0.019184735 -0.068910986 -0.004225306 0.999989331 -0.001877677 -0.018591028 0.019176668 0.001958376 0.999814272 6.572353363
0.999801815 0.005456821 -0.019141706 -0.069251493 -0.005488291 0.999983668 -0.001591880 -0.018936686 0.019132709 0.001696621 0.999815583 6.589557648
0.999808550 0.005765954 -0.018697858 -0.069700636 -0.005800482 0.999981582 -0.001792881 -0.018734444 0.018687172 0.001900994 0.999823570 6.605460644
0.999819517 0.005220952 -0.018268496 -0.069739722 -0.005259454 0.999984086 -0.002060097 -0.018670559 0.018257447 0.002155808 0.999831021 6.620436668
0.999829113 0.004800324 -0.017852971 -0.070244133 -0.004839431 0.999985933 -0.002147801 -0.018772824 0.017842408 0.002233832 0.999838352 6.634864330
0.999826670 0.005039827 -0.017923798 -0.070514612 -0.005087214 0.999983728 -0.002599171 -0.018790651 0.017910406 0.002689902 0.999836028 6.649017334
0.999837279 0.005343175 -0.017235443 -0.070867747 -0.005409871 0.999978065 -0.003825334 -0.018707257 0.017214630 0.003917953 0.999844074 6.661277294
0.999839604 0.006288588 -0.016770730 -0.071676001 -0.006375457 0.999966502 -0.005131388 -0.018969916 0.016737899 0.005237486 0.999846160 6.674067497
0.999834001 0.006273870 -0.017109079 -0.071244247 -0.006380057 0.999960721 -0.006158919 -0.019225646 0.017069770 0.006267053 0.999834657 6.687080383
0.999835610 0.005957264 -0.017122949 -0.071760461 -0.006077002 0.999957383 -0.006949363 -0.018972982 0.017080823 0.007052277 0.999829292 6.700904846
0.999839008 0.005867013 -0.016955221 -0.072118901 -0.005983611 0.999958754 -0.006834209 -0.019138377 0.016914425 0.006934561 0.999832869 6.712625980
0.999834061 0.005371021 -0.017405657 -0.072302878 -0.005491293 0.999961376 -0.006869519 -0.019319022 0.017368089 0.006963958 0.999824941 6.725276947
0.999834776 0.005310036 -0.017381258 -0.072833657 -0.005435062 0.999959648 -0.007153862 -0.019116422 0.017342573 0.007247148 0.999823272 6.737822533
0.999823570 0.005307687 -0.018016139 -0.073040940 -0.005434542 0.999960780 -0.006999496 -0.019296220 0.017978285 0.007096170 0.999813199 6.749919891
0.999832749 0.004959745 -0.017602617 -0.073550001 -0.005086891 0.999961197 -0.007185682 -0.019340929 0.017566295 0.007274022 0.999819219 6.761322021
0.999828815 0.005192472 -0.017759662 -0.073965549 -0.005328548 0.999956667 -0.007623309 -0.019610986 0.017719310 0.007716637 0.999813199 6.773315907
0.999817312 0.004855677 -0.018486694 -0.073855020 -0.004998258 0.999958098 -0.007674269 -0.019648988 0.018448651 0.007765267 0.999799609 6.785951138
0.999815702 0.005636295 -0.018355068 -0.074744724 -0.005770345 0.999957025 -0.007258357 -0.020000301 0.018313374 0.007362932 0.999805152 6.797401905
0.999815464 0.005295931 -0.018466627 -0.074914202 -0.005431679 0.999958515 -0.007308612 -0.019796034 0.018427156 0.007407568 0.999802768 6.808005333
0.999803722 0.005476452 -0.019039003 -0.075090289 -0.005614409 0.999958336 -0.007200171 -0.019757811 0.018998777 0.007305652 0.999792874 6.819723129
0.999795854 0.005617308 -0.019410858 -0.075061865 -0.005756978 0.999957860 -0.007147102 -0.019748032 0.019369895 0.007257391 0.999786079 6.831233501
0.999803007 0.005660549 -0.019025192 -0.075958773 -0.005790944 0.999960065 -0.006805656 -0.019979453 0.018985910 0.006914490 0.999795854 6.841708183
0.999799490 0.005211085 -0.019335926 -0.075964682 -0.005348082 0.999960899 -0.007040183 -0.019750390 0.019298485 0.007142182 0.999788284 6.851574421
0.999797285 0.004972790 -0.019510061 -0.076190621 -0.005105150 0.999964237 -0.006740298 -0.019930610 0.019475847 0.006838534 0.999786913 6.861936092
0.999796927 0.004486155 -0.019649202 -0.076465830 -0.004614705 0.999968171 -0.006501746 -0.019827481 0.019619413 0.006591102 0.999785781 6.871947289
0.999801934 0.003870188 -0.019524831 -0.076918662 -0.003990508 0.999973297 -0.006127188 -0.019851692 0.019500600 0.006203888 0.999790609 6.881085873
0.999793589 0.003321687 -0.020043554 -0.076855317 -0.003435412 0.999978304 -0.005642176 -0.020133793 0.020024374 0.005709869 0.999783158 6.889642715
0.999793231 0.003142369 -0.020090541 -0.077067673 -0.003242173 0.999982595 -0.004937060 -0.020454004 0.020074679 0.005001176 0.999785960 6.897895813
0.999791384 0.003704181 -0.020085910 -0.077435508 -0.003795498 0.999982595 -0.004510116 -0.020352004 0.020068856 0.004585412 0.999788046 6.905219555
0.999787688 0.004691081 -0.020059504 -0.077785373 -0.004774871 0.999980092 -0.004131208 -0.020440619 0.020039720 0.004226113 0.999790251 6.911768913
0.999781847 0.004960931 -0.020289397 -0.077792123 -0.005043192 0.999979258 -0.004005209 -0.020520328 0.020269107 0.004106658 0.999786139 6.917156696
0.999778628 0.004662302 -0.020517949 -0.077702880 -0.004744988 0.999980807 -0.003983123 -0.020453498 0.020498987 0.004079599 0.999781549 6.922517300
0.999780178 0.004336005 -0.020518199 -0.077936627 -0.004439754 0.999977589 -0.005013577 -0.020376492 0.020495998 0.005103569 0.999776900 6.926708698
0.999777436 0.004466862 -0.020617869 -0.078134298 -0.004587283 0.999972641 -0.005796986 -0.020393861 0.020591410 0.005890275 0.999770641 6.930774689
0.999773741 0.004983845 -0.020680165 -0.078312263 -0.005116921 0.999966502 -0.006387032 -0.020422367 0.020647639 0.006491405 0.999765754 6.934776306
0.999772072 0.005312500 -0.020677833 -0.078445211 -0.005442941 0.999965608 -0.006257094 -0.020409517 0.020643881 0.006368215 0.999766648 6.938077450
0.999767959 0.004935966 -0.020967674 -0.078396782 -0.005065734 0.999968350 -0.006140357 -0.020488640 0.020936700 0.006245149 0.999761343 6.941549301
0.999774277 0.004199604 -0.020828614 -0.078609876 -0.004325416 0.999972701 -0.005998991 -0.020533400 0.020802850 0.006087730 0.999765098 6.944731236
0.999772966 0.004488407 -0.020832140 -0.078633681 -0.004620959 0.999969363 -0.006319073 -0.020479713 0.020803140 0.006413903 0.999763072 6.947392941
0.999771953 0.004536164 -0.020868778 -0.078791544 -0.004671089 0.999968469 -0.006421204 -0.020561093 0.020838995 0.006517219 0.999761641 6.949564934
0.999770939 0.004995052 -0.020813983 -0.078924753 -0.005148483 0.999959946 -0.007324475 -0.020408129 0.020776566 0.007429957 0.999756634 6.951934814
0.999769330 0.004934212 -0.020908050 -0.078974441 -0.005096016 0.999957383 -0.007692635 -0.020484272 0.020869207 0.007797407 0.999751925 6.954253674
0.999764860 0.004869617 -0.021131663 -0.078942962 -0.005029481 0.999959111 -0.007518506 -0.020594653 0.021094192 0.007623019 0.999748409 6.956423283
0.999762475 0.004627425 -0.021296898 -0.078868374 -0.004781665 0.999962687 -0.007197126 -0.020610159 0.021262800 0.007297250 0.999747276 6.958531380
0.999764860 0.004949396 -0.021111203 -0.079089947 -0.005104834 0.999960303 -0.007315242 -0.020594323 0.021074159 0.007421292 0.999750316 6.960199356
0.999763131 0.004991448 -0.021184811 -0.079109214 -0.005146262 0.999960482 -0.007259514 -0.020631701 0.021147739 0.007366817 0.999749184 6.961800098
0.999763429 0.004874811 -0.021198822 -0.079158947 -0.005021025 0.999963999 -0.006849564 -0.020826070 0.021164671 0.006954383 0.999751747 6.963214397
0.999764562 0.004837826 -0.021150703 -0.079266414 -0.004986105 0.999963343 -0.006963407 -0.020706262 0.021116244 0.007067227 0.999751985 6.964308262
0.999766350 0.004939601 -0.021041941 -0.079317063 -0.005084171 0.999963820 -0.006822580 -0.020676982 0.021007484 0.006927966 0.999755323 6.965162754
0.999766052 0.004860506 -0.021073541 -0.079242609 -0.005002083 0.999965310 -0.006670698 -0.020663407 0.021040386 0.006774548 0.999755621 6.965591431
0.999765337 0.004645640 -0.021160074 -0.079052486 -0.004787442 0.999966323 -0.006655668 -0.020602472 0.021128442 0.006755408 0.999753952 6.965265274
0.999763846 0.004543756 -0.021250565 -0.079006530 -0.004692673 0.999964774 -0.006963090 -0.020541294 0.021218173 0.007061167 0.999749959 6.965004444
0.999765217 0.004052623 -0.021285715 -0.078942291 -0.004222961 0.999959290 -0.007963589 -0.020561811 0.021252573 0.008051608 0.999741733 6.964750290
0.999763250 0.003943029 -0.021399084 -0.078809001 -0.004125496 0.999955356 -0.008489424 -0.020712603 0.021364659 0.008575696 0.999734998 6.964966297
0.999766111 0.003888140 -0.021275876 -0.078895204 -0.004058331 0.999960065 -0.007961966 -0.020761859 0.021244068 0.008046448 0.999741971 6.964840412
0.999767423 0.004028318 -0.021188729 -0.078967288 -0.004204426 0.999956906 -0.008273454 -0.020779405 0.021154491 0.008360617 0.999741256 6.964937687
0.999766588 0.004172451 -0.021197697 -0.079118669 -0.004365759 0.999949157 -0.009081243 -0.020735767 0.021158729 0.009171667 0.999734044 6.965035915
0.999761105 0.004160956 -0.021456923 -0.078883313 -0.004364775 0.999945760 -0.009460919 -0.020665105 0.021416394 0.009552312 0.999724925 6.965494156
0.999764562 0.004193944 -0.021291675 -0.079044595 -0.004396547 0.999945462 -0.009477687 -0.020633049 0.021250762 0.009569064 0.999728322 6.965840816
0.999763966 0.004078661 -0.021337852 -0.079093643 -0.004287520 0.999943376 -0.009751651 -0.020570889 0.021296866 0.009840837 0.999724746 6.966208458
0.999767601 0.004205869 -0.021143671 -0.079188436 -0.004406170 0.999945819 -0.009435710 -0.020635065 0.021102838 0.009526679 0.999731839 6.967063904
0.999762774 0.004152404 -0.021382866 -0.079058297 -0.004354071 0.999946415 -0.009393312 -0.020646345 0.021342713 0.009484184 0.999727190 6.968020916
0.999766707 0.004024097 -0.021224152 -0.079197064 -0.004226356 0.999945939 -0.009493393 -0.020724092 0.021184810 0.009580879 0.999729633 6.968894482
0.999765694 0.003833884 -0.021303959 -0.079195254 -0.004034843 0.999947608 -0.009397971 -0.020804521 0.021266816 0.009481727 0.999728858 6.969974995
0.999763548 0.003637869 -0.021443468 -0.079117760 -0.003850443 0.999943733 -0.009880246 -0.020745661 0.021406317 0.009960476 0.999721169 6.971650600
0.999755502 0.003742186 -0.021794308 -0.078900278 -0.003978919 0.999933422 -0.010828897 -0.020761937 0.021752333 0.010912968 0.999703825 6.973803520
0.999761820 0.004032388 -0.021446645 -0.079287998 -0.004280609 0.999924183 -0.011540616 -0.020831659 0.021398481 0.011629671 0.999703407 6.975843430
0.999759316 0.004036439 -0.021565389 -0.079190128 -0.004301936 0.999915361 -0.012279146 -0.020739235 0.021513999 0.012368963 0.999692023 6.978900433
0.999765515 0.004143708 -0.021251759 -0.079424746 -0.004420086 0.999906003 -0.012974539 -0.020758256 0.021195998 0.013065431 0.999689937 6.982209682
0.999770463 0.004021993 -0.021046221 -0.079542592 -0.004301365 0.999902904 -0.013245873 -0.020861223 0.020990904 0.013333356 0.999690771 6.986338139
0.999777079 0.003885403 -0.020753151 -0.079700716 -0.004165909 0.999900281 -0.013490230 -0.020783037 0.020698663 0.013573678 0.999693692 6.990983009
0.999782801 0.003731699 -0.020504683 -0.079918064 -0.004018024 0.999894679 -0.013940420 -0.020650961 0.020450499 0.014019778 0.999692738 6.996325016
0.999794900 0.003427401 -0.019961426 -0.080084339 -0.003709823 0.999893248 -0.014128619 -0.020969801 0.019910870 0.014199775 0.999700963 7.002470493
0.999805510 0.003430177 -0.019418297 -0.080528960 -0.003712998 0.999887228 -0.014547422 -0.021242924 0.019366203 0.014616692 0.999705732 7.009278297
0.999806166 0.003435217 -0.019385207 -0.080140516 -0.003736965 0.999872088 -0.015551199 -0.020919926 0.019329308 0.015620624 0.999691129 7.017159462
0.999820352 0.003441999 -0.018639475 -0.080524504 -0.003745931 0.999860287 -0.016295528 -0.021087997 0.018580783 0.016362421 0.999693453 7.025601864
0.999822497 0.003530499 -0.018505594 -0.080680333 -0.003844951 0.999848306 -0.016984327 -0.020974070 0.018442828 0.017052466 0.999684453 7.035453320
0.999833345 0.004173930 -0.017771441 -0.080933571 -0.004483751 0.999837995 -0.017429607 -0.021027699 0.017695813 0.017506389 0.999690175 7.045800686
0.999842525 0.003675272 -0.017361825 -0.080962941 -0.003977548 0.999840558 -0.017408002 -0.021286815 0.017295079 0.017474314 0.999697745 7.057286739
0.999845445 0.003046288 -0.017316984 -0.080688067 -0.003344754 0.999845862 -0.017232699 -0.021394543 0.017261816 0.017287960 0.999701560 7.069959641
0.999858856 0.002469599 -0.016615048 -0.081287682 -0.002762215 0.999841034 -0.017611634 -0.021359213 0.016568914 0.017655041 0.999706924 7.083320618
