0.999997616 -0.001618249 -0.001409841 -0.000098606 0.001617410 0.999998450 -0.000596004 -0.000038404 0.001410804 0.000593722 0.999998808 0.046344310
0.999996603 -0.000989029 -0.002415512 -0.000209215 0.000984540 0.999997795 -0.001858977 -0.000174151 0.002417346 0.001856593 0.999995291 0.069004290
0.999994755 -0.001340296 -0.002938199 -0.000373841 0.001333104 0.999996245 -0.002448563 -0.000183464 0.002941469 0.002444633 0.999992609 0.090834580
0.999990165 -0.002596380 -0.003630338 -0.000459704 0.002586692 0.999993026 -0.002670826 -0.000246476 0.003637247 0.002661409 0.999989867 0.112586007
0.999983907 -0.003901261 -0.004119120 -0.000696279 0.003890352 0.999988794 -0.002653175 -0.000318565 0.004129424 0.002637107 0.999988019 0.133793607
0.999979377 -0.004080282 -0.004949597 -0.000825771 0.004073463 0.999990761 -0.001386876 -0.000217174 0.004955210 0.001366685 0.999986768 0.154753178
0.999977052 -0.003616720 -0.005724550 -0.000883102 0.003621728 0.999993086 0.000864644 -0.000168599 0.005721383 -0.000885357 0.999983251 0.175416559
0.999973297 -0.003419060 -0.006449935 -0.000914220 0.003434366 0.999991357 0.002363476 -0.000521611 0.006441798 -0.002385564 0.999976397 0.195307106
0.999970734 -0.003607151 -0.006750693 -0.001496844 0.003622825 0.999990761 0.002311006 -0.000233983 0.006742294 -0.002335394 0.999974549 0.214848667
0.999963939 -0.004543460 -0.007176215 -0.001438565 0.004566369 0.999984503 0.003179190 -0.000381019 0.007161660 -0.003211845 0.999969184 0.233417988
0.999963760 -0.004800488 -0.007027971 -0.001637184 0.004824509 0.999982536 0.003404985 -0.000481814 0.007011503 -0.003438768 0.999969423 0.251841217
0.999964237 -0.005072979 -0.006763007 -0.001566423 0.005094127 0.999982178 0.003113549 -0.001082150 0.006747091 -0.003147890 0.999972224 0.269162834
0.999967098 -0.005190667 -0.006237251 -0.001898217 0.005193321 0.999986351 0.000409437 -0.000680951 0.006235041 -0.000441816 0.999980450 0.286156982
0.999969006 -0.005431771 -0.005699389 -0.002010522 0.005422323 0.999983847 -0.001671655 -0.000410086 0.005708377 0.001640700 0.999982357 0.303194791
0.999962986 -0.006080755 -0.006081748 -0.001908219 0.006066441 0.999978721 -0.002369099 -0.000469380 0.006096025 0.002332117 0.999978662 0.319835454
0.999962628 -0.006763277 -0.005402161 -0.002114326 0.006745854 0.999971926 -0.003236773 -0.000018065 0.005423902 0.003200209 0.999980211 0.336886495
0.999966562 -0.005898379 -0.005654566 -0.002125656 0.005887728 0.999980867 -0.001898494 -0.000506907 0.005665656 0.001865138 0.999982178 0.352837950
0.999971986 -0.004994711 -0.005585098 -0.002425594 0.004983238 0.999985397 -0.002066455 -0.000440576 0.005595338 0.002038565 0.999982238 0.369626462
0.999978840 -0.003319331 -0.005594713 -0.002608076 0.003308368 0.999992609 -0.001967706 -0.000598272 0.005601203 0.001949155 0.999982417 0.385179609
0.999984562 -0.002170607 -0.005129737 -0.002783945 0.002158600 0.999994993 -0.002345059 -0.000894084 0.005134800 0.002333950 0.999984145 0.400727600
0.999979973 -0.002994889 -0.005575089 -0.002755458 0.002980662 0.999992251 -0.002558404 -0.000828712 0.005582708 0.002541735 0.999981165 0.416604400
0.999979258 -0.003239270 -0.005577298 -0.002671353 0.003220705 0.999989271 -0.003334474 -0.000670782 0.005588039 0.003316442 0.999978840 0.432165205
0.999978304 -0.003105977 -0.005794232 -0.002897515 0.003083010 0.999987364 -0.003968507 -0.000826698 0.005806484 0.003950557 0.999975324 0.447481811
0.999979675 -0.002551968 -0.005831011 -0.002807618 0.002525728 0.999986649 -0.004503149 -0.000861502 0.005842425 0.004488330 0.999972880 0.462528199
0.999984801 -0.001228014 -0.005361699 -0.003264944 0.001204399 0.999989510 -0.004405451 -0.000887217 0.005367052 0.004398927 0.999975920 0.477660596
0.999986231 0.000062287 -0.005238486 -0.003234564 -0.000085713 0.999989927 -0.004471932 -0.000896713 0.005238155 0.004472320 0.999976277 0.492610574
0.999988377 0.000708802 -0.004765910 -0.003521601 -0.000732710 0.999987125 -0.005016611 -0.000803632 0.004762292 0.005020045 0.999976039 0.507472575
0.999992967 0.000528013 -0.003727451 -0.003817232 -0.000548515 0.999984682 -0.005501204 -0.000892647 0.003724490 0.005503209 0.999977887 0.521927714
0.999994338 0.000610093 -0.003307978 -0.003690130 -0.000632203 0.999977469 -0.006687078 -0.000801732 0.003303824 0.006689132 0.999972165 0.537012219
0.999996722 0.000496138 -0.002509261 -0.003754959 -0.000516396 0.999967277 -0.008079221 -0.000912427 0.002505171 0.008080490 0.999964237 0.551534116
0.999997854 0.000594800 -0.001990889 -0.003690585 -0.000613877 0.999953747 -0.009595272 -0.000950671 0.001985090 0.009596474 0.999951899 0.565905094
0.999999166 0.000324274 -0.001333498 -0.003477959 -0.000337581 0.999949992 -0.009990999 -0.001058480 0.001330192 0.009991440 0.999949157 0.580635846
0.999999523 -0.000597609 -0.000745539 -0.003489485 0.000589492 0.999941051 -0.010839983 -0.001069331 0.000751973 0.010839539 0.999940932 0.595387995
0.999999046 -0.001326942 0.000340255 -0.003801502 0.001330665 0.999936521 -0.011184986 -0.001301135 -0.000325392 0.011185427 0.999937415 0.610705078
0.999997377 -0.001956823 0.001176218 -0.003732198 0.001970756 0.999926507 -0.011963280 -0.001611557 -0.001152722 0.011965566 0.999927759 0.625375509
0.999995530 -0.002339598 0.001825643 -0.003648031 0.002362857 0.999914706 -0.012843332 -0.001356755 -0.001795439 0.012847589 0.999915838 0.640659034
0.999993503 -0.002790609 0.002291653 -0.003659374 0.002821662 0.999902666 -0.013660678 -0.001369873 -0.002253309 0.013667054 0.999904037 0.655776083
0.999993145 -0.002309068 0.002921900 -0.003819589 0.002349487 0.999900579 -0.013906206 -0.001604243 -0.002889499 0.013912975 0.999899030 0.671505213
0.999989808 -0.003043573 0.003333715 -0.003591408 0.003090823 0.999893546 -0.014261181 -0.001534157 -0.003289956 0.014271338 0.999892712 0.687527716
0.999980211 -0.005122355 0.003636932 -0.003343169 0.005176652 0.999872863 -0.015079984 -0.001373054 -0.003559225 0.015098513 0.999879658 0.703897178
0.999970913 -0.006098027 0.004573756 -0.003409098 0.006169782 0.999855399 -0.015841715 -0.001603608 -0.004476491 0.015869474 0.999863982 0.720352769
0.999962926 -0.007067780 0.004905483 -0.003274526 0.007147761 0.999838531 -0.016482951 -0.001519402 -0.004788193 0.016517408 0.999852002 0.737484097
0.999957502 -0.007674805 0.005107699 -0.002898149 0.007753987 0.999847174 -0.015667571 -0.001796166 -0.004986673 0.015706511 0.999864101 0.755063057
0.999961972 -0.006613348 0.005683995 -0.003012193 0.006694720 0.999873638 -0.014418245 -0.001948243 -0.005587924 0.014455749 0.999879837 0.773040056
0.999961555 -0.006016343 0.006379758 -0.003051789 0.006103253 0.999887705 -0.013691820 -0.001997096 -0.006296666 0.013730230 0.999885857 0.791467130
0.999960780 -0.006097913 0.006416783 -0.002605857 0.006178726 0.999900877 -0.012650383 -0.002501705 -0.006339006 0.012689532 0.999899387 0.811841726
0.999948204 -0.007772265 0.006575210 -0.002626178 0.007852431 0.999894083 -0.012255541 -0.002179215 -0.006479261 0.012306537 0.999903262 0.831202269
0.999956250 -0.007497685 0.005600132 -0.002253670 0.007560240 0.999908328 -0.011234106 -0.002209733 -0.005515389 0.011275953 0.999921262 0.851663053
0.999960542 -0.007081112 0.005384365 -0.002314678 0.007141562 0.999910831 -0.011291855 -0.002079520 -0.005303926 0.011329861 0.999921739 0.873867571
0.999963164 -0.006533429 0.005564257 -0.002557318 0.006602425 0.999900341 -0.012472952 -0.002100571 -0.005482212 0.012509228 0.999906659 0.896458387
0.999968648 -0.006358340 0.004708179 -0.002569902 0.006420200 0.999891698 -0.013242258 -0.002334799 -0.004623472 0.013272069 0.999901175 0.919142544
0.999976933 -0.005639572 0.003780064 -0.002366433 0.005689919 0.999893427 -0.013443426 -0.002139695 -0.003703846 0.013464626 0.999902427 0.943039119
0.999985218 -0.004321928 0.003295264 -0.002517180 0.004361146 0.999918640 -0.011988573 -0.002143354 -0.003243183 0.012002766 0.999922693 0.968005419
0.999991417 -0.003441419 0.002327526 -0.002578546 0.003465503 0.999939680 -0.010424458 -0.002052391 -0.002291511 0.010432434 0.999942958 0.992576122
0.999993920 -0.003304072 0.001137146 -0.002543392 0.003314180 0.999953985 -0.009005255 -0.002146008 -0.001107340 0.009008966 0.999958813 1.018507719
0.999985099 -0.005421519 0.000801037 -0.002211409 0.005427843 0.999952257 -0.008115406 -0.002193231 -0.000757001 0.008119631 0.999966741 1.046258092
0.999989331 -0.004609333 0.000294113 -0.001654520 0.004611810 0.999948204 -0.009071714 -0.002047682 -0.000252283 0.009072972 0.999958813 1.075256705
0.999989271 -0.004632208 0.000149562 -0.002659030 0.004633439 0.999942303 -0.009692827 -0.002530714 -0.000104654 0.009693414 0.999953032 1.101426005
0.999988854 -0.004639376 -0.000781304 -0.002031387 0.004631096 0.999936402 -0.010285639 -0.001951217 0.000828973 0.010281909 0.999946773 1.130249739
0.999972165 -0.007363121 -0.001216380 -0.002215339 0.007353059 0.999940336 -0.008080257 -0.001861728 0.001275804 0.008071089 0.999966621 1.159508348
0.999945223 -0.010384897 -0.001265717 -0.002264059 0.010379093 0.999936044 -0.004508796 -0.001515396 0.001312460 0.004495414 0.999989033 1.189974546
0.999868691 -0.016167773 -0.001096320 -0.001929282 0.016165854 0.999867737 -0.001735481 -0.001055289 0.001124235 0.001717531 0.999997854 1.220810771
0.999843240 -0.017609157 -0.001819900 -0.001916684 0.017608490 0.999844849 -0.000383462 -0.001271531 0.001826369 0.000351356 0.999998271 1.251604676
0.999842942 -0.017551374 -0.002452925 -0.002275543 0.017552430 0.999845803 0.000409230 -0.000729118 0.002445365 -0.000452221 0.999996901 1.283525229
0.999803066 -0.019629506 -0.002963416 -0.001694607 0.019625243 0.999806345 -0.001461814 0.000229086 0.002991536 0.001403368 0.999994516 1.316675782
0.999683022 -0.024918368 -0.003612405 -0.001287736 0.024912961 0.999688447 -0.001533741 0.000767366 0.003649498 0.001443259 0.999992311 1.350582004
0.999692976 -0.024537919 -0.003436408 -0.001656187 0.024537826 0.999698997 -0.000068370 0.000866120 0.003437051 -0.000015973 0.999994099 1.383888245
0.999768674 -0.021173142 -0.003774831 -0.001949338 0.021170050 0.999775469 -0.000856765 0.001718726 0.003792124 0.000776653 0.999992609 1.419125438
0.999793947 -0.019802917 -0.004457251 -0.002087881 0.019791340 0.999800682 -0.002627409 0.001471723 0.004508393 0.002538653 0.999986529 1.452754498
0.999781430 -0.020410880 -0.004529428 -0.002069784 0.020369414 0.999751747 -0.009019095 0.001910811 0.004712391 0.008924863 0.999949038 1.487420917
0.999814510 -0.018859802 -0.003929342 -0.002585588 0.018804692 0.999730349 -0.013618707 0.001802757 0.004185129 0.013542290 0.999899566 1.522547603
0.999874532 -0.015450297 -0.003495486 -0.003073906 0.015401226 0.999788105 -0.013654398 0.001118677 0.003705709 0.013598850 0.999900639 1.557636499
0.999899626 -0.013785567 -0.003258982 -0.003515000 0.013743599 0.999826491 -0.012567209 0.001302080 0.003431663 0.012521160 0.999915659 1.593818903
0.999910355 -0.012886157 -0.003635825 -0.003279646 0.012854461 0.999880254 -0.008610518 0.001023427 0.003746346 0.008563010 0.999956310 1.629358768
0.999900520 -0.013772685 -0.003028672 -0.003799802 0.013756240 0.999890864 -0.005384339 0.000897902 0.003102499 0.005342139 0.999980927 1.665792704
0.999883175 -0.015056015 -0.002642044 -0.003926330 0.015045792 0.999879420 -0.003847552 0.000881803 0.002699654 0.003807351 0.999989092 1.702121973
0.999878705 -0.015261157 -0.003106635 -0.003831915 0.015243721 0.999868333 -0.005560582 0.000817398 0.003191087 0.005512551 0.999979734 1.738653302
0.999880672 -0.015178829 -0.002856918 -0.004054619 0.015152452 0.999844372 -0.009038059 0.000830602 0.002993660 0.008993692 0.999955058 1.774503708
0.999891758 -0.014395594 -0.003033708 -0.004431131 0.014361601 0.999837041 -0.010943517 0.000656582 0.003190752 0.010898763 0.999935567 1.810678840
0.999908805 -0.013260139 -0.002532609 -0.004622521 0.013234282 0.999862731 -0.009967064 0.000791166 0.002664426 0.009932639 0.999947131 1.847995281
0.999927044 -0.011888203 -0.002141473 -0.004881188 0.011876877 0.999915779 -0.005226809 0.000286333 0.002203431 0.005200993 0.999984026 1.884848118
0.999919772 -0.012525968 -0.001860508 -0.004998410 0.012520289 0.999917030 -0.003032959 0.000407272 0.001898345 0.003009422 0.999993682 1.921665430
0.999907970 -0.013411648 -0.002073000 -0.005233979 0.013406571 0.999907136 -0.002443820 0.000364655 0.002105583 0.002415803 0.999994874 1.959156394
0.999878407 -0.015293857 -0.003039700 -0.005193621 0.015281784 0.999875426 -0.003955861 0.000524686 0.003099823 0.003908928 0.999987543 1.996208906
0.999866307 -0.015747933 -0.004401044 -0.005471289 0.015725486 0.999863386 -0.005088922 0.000455292 0.004480583 0.005019031 0.999977350 2.033215761
0.999904573 -0.012656492 -0.005526687 -0.005863500 0.012624479 0.999903500 -0.005789275 0.000635096 0.005599425 0.005718951 0.999967992 2.070929289
0.999938846 -0.009004159 -0.006412280 -0.006331961 0.008973327 0.999948025 -0.004820734 0.000611783 0.006455354 0.004762901 0.999967813 2.108587265
0.999961913 -0.004878178 -0.007225704 -0.007085056 0.004850368 0.999980748 -0.003861425 0.000712316 0.007244403 0.003826231 0.999966443 2.146704435
0.999967694 -0.000556790 -0.008004985 -0.007765600 0.000521923 0.999990404 -0.004357068 0.000552306 0.008007334 0.004352750 0.999958456 2.185056686
0.999955654 0.003197256 -0.008849180 -0.008275487 -0.003249276 0.999977589 -0.005870464 0.000548691 0.008830214 0.005898959 0.999943554 2.223613739
0.999946892 0.003564449 -0.009664985 -0.008699036 -0.003642100 0.999961138 -0.008028539 0.000277001 0.009635992 0.008063315 0.999920964 2.263336182
0.999937296 0.004038211 -0.010447569 -0.009406679 -0.004125495 0.999956608 -0.008346384 0.000782628 0.010413413 0.008388962 0.999910593 2.302089453
0.999926209 0.004021788 -0.011464286 -0.009701401 -0.004108885 0.999962807 -0.007583848 0.000981970 0.011433358 0.007630393 0.999905586 2.342144966
0.999920487 0.003631700 -0.012069687 -0.010089109 -0.003716483 0.999968529 -0.007009461 0.000715429 0.012043850 0.007053762 0.999902606 2.380491257
0.999912918 0.002755194 -0.012907127 -0.010562245 -0.002849001 0.999969602 -0.007255138 0.000472132 0.012886746 0.007291279 0.999890387 2.420568943
0.999906003 0.002979713 -0.013382039 -0.011484347 -0.003094678 0.999958396 -0.008578505 0.000720691 0.013355920 0.008619116 0.999873579 2.460669279
0.999893427 0.004176612 -0.013990578 -0.012527624 -0.004339256 0.999923110 -0.011615045 0.000981981 0.013940992 0.011674516 0.999834716 2.501799822
0.999890685 0.002936330 -0.014483619 -0.012986660 -0.003142063 0.999894202 -0.014202283 0.000284888 0.014440386 0.014246242 0.999794245 2.541754723
0.999883175 0.003494629 -0.014878551 -0.014458895 -0.003727519 0.999870539 -0.015653891 0.000062890 0.014821917 0.015707526 0.999766767 2.582901239
0.999859810 0.004578519 -0.016100174 -0.014642667 -0.004808322 0.999886692 -0.014263679 -0.000061799 0.016033046 0.014339095 0.999768615 2.626680613
0.999870181 0.004093965 -0.015591959 -0.015745649 -0.004282088 0.999918222 -0.012051175 -0.000435542 0.015541350 0.012116375 0.999805748 2.666058779
0.999856055 0.003498768 -0.016602585 -0.015482251 -0.003695152 0.999923408 -0.011812625 -0.000789495 0.016559985 0.011872273 0.999792337 2.708834887
0.999853730 0.004317937 -0.016549669 -0.017106492 -0.004513823 0.999920011 -0.011817259 -0.001403105 0.016497320 0.011890233 0.999793231 2.749232769
0.999849916 0.005153057 -0.016544646 -0.019086014 -0.005354490 0.999911785 -0.012154034 -0.001316562 0.016480559 0.012240798 0.999789298 2.791766644
0.999839425 0.004451159 -0.017358983 -0.019093849 -0.004642932 0.999928415 -0.011022822 -0.001881760 0.017308677 0.011101649 0.999788582 2.834086418
0.999838412 0.004210924 -0.017481361 -0.020164095 -0.004395897 0.999934614 -0.010556221 -0.002643997 0.017435767 0.010631362 0.999791503 2.877393246
0.999827623 0.004325160 -0.018055348 -0.020441663 -0.004520495 0.999931574 -0.010791838 -0.002454653 0.018007437 0.010871595 0.999778748 2.920740366
0.999830246 0.003105349 -0.018158559 -0.021399364 -0.003294893 0.999940336 -0.010417678 -0.002776930 0.018125126 0.010475740 0.999780774 2.964653730
0.999829888 0.003214872 -0.018167801 -0.022184908 -0.003394919 0.999945343 -0.009888034 -0.002379993 0.018135015 0.009948028 0.999786019 3.007329941
0.999823689 0.001383627 -0.018728031 -0.022145476 -0.001585054 0.999940991 -0.010744803 -0.001986966 0.018712059 0.010772594 0.999766886 3.051754951
0.999832928 0.000558235 -0.018268954 -0.023611721 -0.000748465 0.999945581 -0.010407564 -0.002602628 0.018262148 0.010419502 0.999778867 3.095030546
0.999829769 -0.000126625 -0.018450253 -0.024178285 -0.000051829 0.999953270 -0.009671385 -0.002666924 0.018450616 0.009670697 0.999782920 3.138721466
0.999830723 -0.000415302 -0.018394256 -0.025225278 0.000265800 0.999966860 -0.008129361 -0.002957892 0.018397028 0.008123095 0.999797761 3.183403730
0.999828219 0.000530808 -0.018528584 -0.025930855 -0.000682730 0.999966204 -0.008194002 -0.002919022 0.018523606 0.008205245 0.999794781 3.227001190
0.999827325 0.001235808 -0.018544352 -0.026750863 -0.001389689 0.999964654 -0.008287412 -0.002886530 0.018533455 0.008311752 0.999793649 3.271133900
0.999813437 0.001916952 -0.019225121 -0.027038995 -0.002049648 0.999974132 -0.006884843 -0.003935326 0.019211430 0.006922964 0.999791503 3.316051960
0.999819577 0.001660357 -0.018919947 -0.028108150 -0.001780518 0.999978364 -0.006335991 -0.004131621 0.018909018 0.006368536 0.999800920 3.359062672
0.999820650 0.002477526 -0.018773146 -0.029000726 -0.002598141 0.999976158 -0.006403177 -0.003930790 0.018756833 0.006450803 0.999803245 3.403033018
0.999812424 0.002525067 -0.019203991 -0.029199801 -0.002652578 0.999974549 -0.006617184 -0.004141515 0.019186795 0.006666882 0.999793708 3.448662043
0.999827325 0.003566331 -0.018236315 -0.031908005 -0.003694709 0.999968588 -0.007010883 -0.004550371 0.018210739 0.007077050 0.999809146 3.491648674
0.999827743 0.003585316 -0.018208135 -0.031717073 -0.003724983 0.999963880 -0.007642452 -0.004604489 0.018180076 0.007708961 0.999805033 3.534264326
0.999823332 0.004106641 -0.018339595 -0.032535743 -0.004226052 0.999970078 -0.006477110 -0.004582848 0.018312443 0.006553471 0.999810874 3.580293655
0.999840736 0.005607150 -0.016939625 -0.033973418 -0.005722011 0.999960840 -0.006739786 -0.004619146 0.016901178 0.006835642 0.999833822 3.623081684
0.999851108 0.002900932 -0.017010778 -0.034366723 -0.002991925 0.999981344 -0.005326131 -0.005562717 0.016995015 0.005376233 0.999841213 3.668295145
0.999857724 0.003757023 -0.016447818 -0.034593347 -0.003852334 0.999975860 -0.005766843 -0.005069315 0.016425760 0.005829384 0.999848187 3.708885670
0.999883592 0.003373526 -0.014875413 -0.037338115 -0.003444804 0.999982715 -0.004768703 -0.004858987 0.014859065 0.004819391 0.999878109 3.753046036
0.999889195 0.002613556 -0.014645983 -0.037637912 -0.002687592 0.999983728 -0.005037664 -0.005186461 0.014632578 0.005076469 0.999880135 3.795266628
0.999890685 0.002459892 -0.014575272 -0.038602628 -0.002546831 0.999979079 -0.005949238 -0.005657461 0.014560332 0.005985709 0.999876082 3.838330507
0.999904215 0.004311114 -0.013150372 -0.039968215 -0.004413330 0.999960184 -0.007753779 -0.005202396 0.013116420 0.007811074 0.999883473 3.879737139
0.999904335 0.004172550 -0.013187285 -0.040070683 -0.004271874 0.999962568 -0.007512636 -0.005310031 0.013155443 0.007568252 0.999884844 3.922255516
0.999922276 0.004273628 -0.011708278 -0.042086944 -0.004349954 0.999969423 -0.006501264 -0.005841939 0.011680136 0.006551690 0.999910295 3.963718176
0.999925911 0.005467423 -0.010870054 -0.043276012 -0.005535706 0.999965072 -0.006261637 -0.005691484 0.010835437 0.006321347 0.999921322 4.004356861
0.999924421 0.005947043 -0.010759030 -0.044088267 -0.006037573 0.999946475 -0.008401400 -0.005221972 0.010708490 0.008465724 0.999906778 4.047244072
0.999929786 0.006693183 -0.009779724 -0.044957887 -0.006785432 0.999932528 -0.009430229 -0.005988948 0.009715945 0.009495927 0.999907672 4.086439133
0.999927163 0.006793328 -0.009978030 -0.044066969 -0.006868054 0.999948442 -0.007473852 -0.007518506 0.009926742 0.007541837 0.999922276 4.127849579
0.999936759 0.006743167 -0.009003143 -0.045892555 -0.006786616 0.999965429 -0.004804112 -0.007964739 0.008970436 0.004864911 0.999947906 4.167490005
0.999946952 0.004962241 -0.009023431 -0.045622773 -0.005000339 0.999978662 -0.004204397 -0.006821519 0.009002376 0.004249294 0.999950469 4.208370209
0.999950469 0.004530126 -0.008859841 -0.046246678 -0.004580514 0.999973416 -0.005675229 -0.006445367 0.008833895 0.005715531 0.999944687 4.248190880
0.999960959 0.003773653 -0.007984387 -0.048073728 -0.003831009 0.999966800 -0.007180300 -0.006255412 0.007957025 0.007210608 0.999942362 4.287023067
0.999950945 0.003230466 -0.009364377 -0.047341131 -0.003308683 0.999959588 -0.008349266 -0.006546536 0.009337028 0.008379839 0.999921322 4.328524113
0.999952495 0.002466668 -0.009432411 -0.048389997 -0.002546525 0.999960840 -0.008463583 -0.007490315 0.009411167 0.008487199 0.999919713 4.367920876
0.999941766 0.003583869 -0.010182859 -0.048507176 -0.003677228 0.999951184 -0.009164386 -0.007827245 0.010149521 0.009201298 0.999906182 4.407817364
0.999939322 0.003442517 -0.010462865 -0.049149953 -0.003534455 0.999955118 -0.008781347 -0.008074872 0.010432166 0.008817796 0.999906719 4.446849823
0.999932706 0.003620835 -0.011023452 -0.049886648 -0.003697882 0.999968827 -0.006977077 -0.009287544 0.010997847 0.007017370 0.999914825 4.486227036
0.999922395 0.002860548 -0.012126115 -0.049623854 -0.002917148 0.999984920 -0.004652459 -0.009475411 0.012112623 0.004687472 0.999915659 4.524453163
0.999917090 0.003773627 -0.012310957 -0.051027391 -0.003827231 0.999983251 -0.004333529 -0.009128401 0.012294398 0.004380286 0.999914825 4.565042496
0.999908328 0.004064158 -0.012911134 -0.051800426 -0.004126246 0.999980092 -0.004785812 -0.008740945 0.012891426 0.004838649 0.999905169 4.603126049
0.999904633 0.002089389 -0.013649733 -0.051820442 -0.002147824 0.999988616 -0.004267814 -0.009123945 0.013640661 0.004296725 0.999897718 4.641245842
0.999924242 0.001212347 -0.012252603 -0.055430174 -0.001275289 0.999986112 -0.005130520 -0.008414181 0.012246211 0.005145757 0.999911726 4.676894188
0.999899328 0.000011483 -0.014187632 -0.053787801 -0.000069757 0.999991477 -0.004106908 -0.009124757 0.014187467 0.004107483 0.999890924 4.715744019
0.999897897 0.000752158 -0.014268553 -0.054795694 -0.000841368 0.999980152 -0.006247240 -0.008973582 0.014263571 0.006258607 0.999878645 4.752132416
0.999893963 0.002257470 -0.014387848 -0.055383731 -0.002390811 0.999954283 -0.009257162 -0.008108139 0.014366291 0.009290579 0.999853611 4.788999557
0.999872863 -0.000718869 -0.015925547 -0.055763293 0.000587069 0.999965549 -0.008279119 -0.010577964 0.015930951 0.008268718 0.999838829 4.827084541
0.999871969 0.000727484 -0.015985655 -0.056115121 -0.000847617 0.999971449 -0.007509566 -0.010731077 0.015979735 0.007522154 0.999843955 4.862939835
0.999870479 0.001905084 -0.015976645 -0.056891505 -0.002011519 0.999975801 -0.006648486 -0.010751596 0.015963593 0.006679763 0.999850214 4.899870872
0.999856055 0.002659911 -0.016757548 -0.057441860 -0.002759472 0.999978662 -0.005920996 -0.011015067 0.016741442 0.005966385 0.999842048 4.938805103
0.999858558 0.001695465 -0.016729029 -0.058055885 -0.001773724 0.999987543 -0.004664313 -0.011724434 0.016720913 0.004693326 0.999849200 4.974256039
0.999859512 0.001765136 -0.016669089 -0.059132967 -0.001826399 0.999991655 -0.003660742 -0.011882087 0.016662488 0.003690674 0.999854326 5.009579659
0.999849141 0.000652144 -0.017357970 -0.059473127 -0.000693361 0.999996901 -0.002368602 -0.011719257 0.017356370 0.002380281 0.999846458 5.046923637
0.999851584 0.000991840 -0.017198898 -0.060500387 -0.001027838 0.999997258 -0.002084323 -0.011443855 0.017196780 0.002101691 0.999849856 5.081346989
0.999859095 0.000503291 -0.016778722 -0.061595485 -0.000531861 0.999998510 -0.001698336 -0.012331124 0.016777841 0.001707021 0.999857724 5.115298271
0.999846101 0.000750297 -0.017521851 -0.061547082 -0.000792881 0.999996722 -0.002423554 -0.012187419 0.017519977 0.002437075 0.999843538 5.150749207
0.999843121 0.000602956 -0.017701223 -0.061629333 -0.000629136 0.999998689 -0.001473447 -0.013064509 0.017700315 0.001484353 0.999842167 5.184150696
0.999849737 0.000266862 -0.017334061 -0.062881738 -0.000318334 0.999995470 -0.002966737 -0.012432717 0.017333191 0.002971809 0.999845326 5.215394497
0.999847829 0.000607478 -0.017435668 -0.062558852 -0.000658207 0.999995589 -0.002903882 -0.013373423 0.017433828 0.002914916 0.999843776 5.245398521
0.999849677 0.001888592 -0.017233409 -0.062859073 -0.001938951 0.999993980 -0.002905934 -0.013077660 0.017227817 0.002938912 0.999847233 5.276283264
0.999849558 0.002475229 -0.017165618 -0.063741729 -0.002502906 0.999995589 -0.001591046 -0.013542235 0.017161600 0.001633771 0.999851346 5.304272175
0.999860764 0.002671839 -0.016471157 -0.064737096 -0.002700123 0.999994934 -0.001695187 -0.013424455 0.016466541 0.001739425 0.999862909 5.331960201
0.999859810 0.002008786 -0.016623216 -0.064884514 -0.002019631 0.999997735 -0.000635673 -0.013669800 0.016621901 0.000669157 0.999861598 5.358813286
0.999854386 0.001930737 -0.016956067 -0.065012619 -0.001923580 0.999998033 0.000438324 -0.014172227 0.016956879 -0.000405644 0.999856114 5.383920193
0.999868810 0.001669816 -0.016107922 -0.065792002 -0.001684172 0.999998152 -0.000877723 -0.014042581 0.016106430 0.000904736 0.999869823 5.409162521
0.999868155 0.001288043 -0.016181376 -0.065893009 -0.001315822 0.999997616 -0.001706217 -0.014239303 0.016179141 0.001727284 0.999867558 5.433199883
0.999870777 0.001502491 -0.016002387 -0.066490278 -0.001535139 0.999996722 -0.002028121 -0.014288832 0.015999287 0.002052424 0.999869823 5.455693722
0.999868155 0.001454545 -0.016172068 -0.066656634 -0.001510343 0.999992967 -0.003438581 -0.014473558 0.016166952 0.003462553 0.999863207 5.477879047
0.999863982 0.000113086 -0.016491823 -0.067087263 -0.000188979 0.999989390 -0.004600357 -0.014811036 0.016491128 0.004602848 0.999853432 5.499180794
0.999865592 -0.000190027 -0.016391128 -0.068116993 0.000091041 0.999981761 -0.006039547 -0.014913015 0.016391978 0.006037243 0.999847412 5.521030903
0.999841988 0.000155054 -0.017782127 -0.068086512 -0.000294851 0.999969006 -0.007859271 -0.015123185 0.017780356 0.007863271 0.999810994 5.541411400
0.999824941 0.000342064 -0.018712919 -0.068437234 -0.000493091 0.999967396 -0.008066732 -0.015497960 0.018709548 0.008074547 0.999792397 5.562322617
0.999812067 0.000337553 -0.019384811 -0.069484644 -0.000482738 0.999971867 -0.007485461 -0.015655356 0.019381737 0.007493412 0.999784112 5.582507610
0.999802172 0.000470258 -0.019885926 -0.069835506 -0.000613699 0.999973774 -0.007207681 -0.015435586 0.019882016 0.007218458 0.999776304 5.603152275
0.999783576 0.002004103 -0.020709472 -0.070308894 -0.002125854 0.999980509 -0.005858655 -0.015612161 0.020697331 0.005901411 0.999768436 5.624170780
0.999774039 0.001724169 -0.021185199 -0.070897870 -0.001840211 0.999983370 -0.005459235 -0.015610145 0.021175435 0.005496987 0.999760628 5.642150879
0.999763072 0.001918422 -0.021680713 -0.071414366 -0.002013865 0.999988437 -0.004381217 -0.015864167 0.021672057 0.004423841 0.999755383 5.661056995
0.999759316 0.003199213 -0.021702062 -0.072200850 -0.003282261 0.999987543 -0.003792206 -0.015655221 0.021689657 0.003862526 0.999757290 5.680855751
0.999750197 0.002669262 -0.022191035 -0.072332919 -0.002748583 0.999989867 -0.003544725 -0.015717242 0.022181351 0.003604833 0.999747396 5.696448326
0.999757469 0.002972252 -0.021817585 -0.072772093 -0.003051845 0.999988794 -0.003615736 -0.015727505 0.021806596 0.003681443 0.999755442 5.713202477
0.999746680 0.002021323 -0.022413587 -0.072846070 -0.002080438 0.999994457 -0.002614471 -0.016134281 0.022408176 0.002660440 0.999745309 5.729902744
0.999734581 0.002998909 -0.022840643 -0.073429182 -0.003059876 0.999991834 -0.002634791 -0.015649630 0.022832558 0.002703981 0.999735594 5.746620655
0.999754310 0.004423298 -0.021720195 -0.074476250 -0.004478130 0.999986887 -0.002476496 -0.015855532 0.021708958 0.002573153 0.999760985 5.760692596
0.999765038 0.004431262 -0.021217987 -0.074901275 -0.004488243 0.999986410 -0.002638632 -0.015957857 0.021206006 0.002733244 0.999771357 5.774758816
0.999768734 0.005414519 -0.020816524 -0.075269476 -0.005470798 0.999981523 -0.002647559 -0.016162135 0.020801805 0.002760830 0.999779761 5.787868023
0.999781013 0.004243737 -0.020493265 -0.075593531 -0.004303188 0.999986649 -0.002857741 -0.015998553 0.020480864 0.002945301 0.999785900 5.800488472
0.999779463 0.003693346 -0.020674387 -0.075787395 -0.003765253 0.999986947 -0.003440217 -0.015883110 0.020661412 0.003517302 0.999780297 5.812990665
0.999781549 0.003861006 -0.020542892 -0.075759917 -0.003957636 0.999981284 -0.004665274 -0.015904026 0.020524494 0.004745556 0.999778032 5.824375629
0.999790609 0.004924002 -0.019862162 -0.076340027 -0.005039195 0.999970734 -0.005753693 -0.016080983 0.019833252 0.005852577 0.999786139 5.835264206
0.999784648 0.004383535 -0.020284923 -0.075977348 -0.004517187 0.999968350 -0.006547621 -0.016265854 0.020255581 0.006637843 0.999772727 5.846248150
0.999783456 0.004362190 -0.020346651 -0.076081909 -0.004507883 0.999964476 -0.007120120 -0.016420720 0.020314870 0.007210298 0.999767661 5.857961178
0.999792874 0.004819229 -0.019772822 -0.077183865 -0.004968869 0.999959350 -0.007525685 -0.016389396 0.019735754 0.007622375 0.999776185 5.868733883
0.999795258 0.004472037 -0.019736117 -0.077583835 -0.004619753 0.999961615 -0.007445255 -0.016526422 0.019702069 0.007534906 0.999777496 5.878923893
0.999787867 0.004501801 -0.020099578 -0.077965312 -0.004651670 0.999961793 -0.007415780 -0.016588658 0.020065429 0.007507704 0.999770463 5.890413761
0.999780953 0.004177808 -0.020507552 -0.078035504 -0.004333552 0.999962091 -0.007555941 -0.016492030 0.020475203 0.007643158 0.999761164 5.900334835
0.999775946 0.004064133 -0.020773061 -0.077987865 -0.004226399 0.999960899 -0.007773433 -0.016635699 0.020740654 0.007859487 0.999754012 5.911134720
0.999779582 0.004330753 -0.020544359 -0.079042718 -0.004511780 0.999951303 -0.008773320 -0.016539212 0.020505367 0.008864078 0.999750495 5.921320438
0.999765217 0.004315779 -0.021232739 -0.078750826 -0.004503867 0.999950945 -0.008818550 -0.016597595 0.021193637 0.008912108 0.999735653 5.931267262
0.999760628 0.004508126 -0.021411344 -0.079023756 -0.004688155 0.999953985 -0.008365412 -0.016672559 0.021372646 0.008463792 0.999735713 5.941269398
0.999753058 0.004080317 -0.021842439 -0.079017729 -0.004253206 0.999959886 -0.007874724 -0.017010037 0.021809433 0.007965680 0.999730349 5.951399326
0.999751806 0.004160072 -0.021883609 -0.079668395 -0.004337421 0.999958158 -0.008063013 -0.016902894 0.021849144 0.008155927 0.999728024 5.961946011
0.999748409 0.003697676 -0.022126544 -0.079922825 -0.003874872 0.999960840 -0.007970791 -0.016655548 0.022096204 0.008054520 0.999723434 5.971849442
0.999746740 0.004166086 -0.022114662 -0.080206156 -0.004324970 0.999965250 -0.007141621 -0.017464519 0.022084141 0.007235457 0.999729991 5.981227875
0.999738991 0.004126170 -0.022467254 -0.080407716 -0.004297106 0.999962091 -0.007565277 -0.017150300 0.022435188 0.007659846 0.999719083 5.989354610
0.999734163 0.004036645 -0.022697508 -0.080672443 -0.004212922 0.999961257 -0.007723914 -0.016963050 0.022665452 0.007817484 0.999712586 5.998109818
0.999739707 0.003372715 -0.022561396 -0.081085742 -0.003542663 0.999965549 -0.007496937 -0.017133404 0.022535335 0.007574914 0.999717355 6.006122112
0.999734759 0.002564199 -0.022886969 -0.081153587 -0.002722998 0.999972403 -0.006909939 -0.017341113 0.022868622 0.006970427 0.999714196 6.014906406
0.999732375 0.002288567 -0.023021664 -0.081249274 -0.002431151 0.999978125 -0.006167394 -0.017646179 0.023007045 0.006221713 0.999715924 6.021994114
0.999735713 0.001923340 -0.022912202 -0.081507921 -0.002050999 0.999982476 -0.005549469 -0.017848328 0.022901131 0.005594994 0.999722064 6.028658390
0.999734163 0.002380611 -0.022934387 -0.081626698 -0.002497022 0.999984086 -0.005048510 -0.017925201 0.022922004 0.005104435 0.999724269 6.035223484
0.999722838 0.003113979 -0.023339488 -0.081546664 -0.003221488 0.999984324 -0.004570140 -0.017998505 0.023324894 0.004644060 0.999717176 6.041314125
0.999715805 0.003781669 -0.023535946 -0.081984282 -0.003885570 0.999982953 -0.004370428 -0.018084602 0.023519022 0.004460637 0.999713361 6.046203613
0.999715269 0.003633669 -0.023578113 -0.082072616 -0.003739332 0.999983251 -0.004438844 -0.018096093 0.023561589 0.004525748 0.999712050 6.050457478
0.999717057 0.003304905 -0.023554640 -0.082346126 -0.003432038 0.999979913 -0.005359006 -0.018096173 0.023536455 0.005438330 0.999708116 6.054380417
0.999709725 0.003301667 -0.023865176 -0.082298741 -0.003449119 0.999975264 -0.006140046 -0.018143011 0.023844317 0.006220577 0.999696314 6.057992935
0.999713957 0.003779247 -0.023615561 -0.082465947 -0.003940616 0.999969184 -0.006790362 -0.017877111 0.023589173 0.006881479 0.999697983 6.061325550
0.999714673 0.004288665 -0.023497926 -0.082738474 -0.004457880 0.999964535 -0.007153645 -0.017635783 0.023466412 0.007256355 0.999698222 6.064492702
0.999711037 0.003577022 -0.023768738 -0.082799345 -0.003745635 0.999968112 -0.007053184 -0.017572043 0.023742748 0.007140176 0.999692500 6.067397594
0.999706149 0.003515992 -0.023985539 -0.082672723 -0.003679544 0.999970257 -0.006778053 -0.017810561 0.023960995 0.006864316 0.999689341 6.069803238
0.999707162 0.003198222 -0.023985868 -0.082653545 -0.003356125 0.999972939 -0.006545789 -0.017933412 0.023964286 0.006624372 0.999690831 6.072151184
0.999705493 0.003165866 -0.024059588 -0.082781725 -0.003323435 0.999973297 -0.006511943 -0.018130910 0.024038330 0.006589985 0.999689341 6.074063778
0.999698400 0.003738041 -0.024272293 -0.082708724 -0.003912299 0.999966919 -0.007135789 -0.018184714 0.024244817 0.007228598 0.999679923 6.076121330
0.999704063 0.003640576 -0.024051856 -0.082856767 -0.003819020 0.999965489 -0.007377317 -0.018381907 0.024024172 0.007466989 0.999683499 6.077768803
0.999702096 0.003554163 -0.024142662 -0.083025582 -0.003740234 0.999963641 -0.007666367 -0.018088350 0.024114534 0.007754383 0.999679148 6.079864025
0.999702036 0.003252734 -0.024186710 -0.083034202 -0.003434823 0.999966085 -0.007490761 -0.018065467 0.024161521 0.007571606 0.999679446 6.081415176
0.999705017 0.003451674 -0.024037508 -0.083193183 -0.003636447 0.999964118 -0.007647423 -0.017972540 0.024010248 0.007732578 0.999681830 6.082880497
0.999705017 0.003727435 -0.023999585 -0.083157659 -0.003908692 0.999964178 -0.007510057 -0.018064745 0.023970729 0.007601648 0.999683857 6.084390640
0.999704957 0.003725658 -0.024000682 -0.083267063 -0.003899961 0.999966383 -0.007219717 -0.018143754 0.023972975 0.007311188 0.999685943 6.085498333
0.999702871 0.003777272 -0.024076119 -0.083404869 -0.003954177 0.999965608 -0.007304374 -0.018093372 0.024047699 0.007397406 0.999683499 6.086457729
0.999699533 0.003631966 -0.024235765 -0.083231464 -0.003802473 0.999968350 -0.006992975 -0.018170856 0.024209600 0.007083031 0.999681830 6.087170124
0.999703169 0.003689777 -0.024079019 -0.083288066 -0.003857935 0.999968529 -0.006940870 -0.018115172 0.024052648 0.007031706 0.999686003 6.087513447
0.999699771 0.003450947 -0.024252191 -0.083146915 -0.003616863 0.999970376 -0.006800761 -0.018160904 0.024227999 0.006886437 0.999682784 6.087512970
0.999699354 0.003240161 -0.024305010 -0.083159566 -0.003413335 0.999969184 -0.007086962 -0.018044628 0.024281297 0.007167792 0.999679506 6.087310314
0.999697626 0.002874780 -0.024424253 -0.083127238 -0.003076860 0.999961317 -0.008240199 -0.017979123 0.024399620 0.008312857 0.999667704 6.087238312
0.999701500 0.002734692 -0.024277860 -0.083143882 -0.002952248 0.999955773 -0.008929765 -0.017995954 0.024252366 0.008998773 0.999665380 6.087295532
0.999701202 0.002720444 -0.024293022 -0.083121605 -0.002924189 0.999960840 -0.008355439 -0.018084526 0.024269339 0.008423979 0.999669969 6.087315083
0.999701381 0.002790783 -0.024277236 -0.083138973 -0.003001443 0.999958158 -0.008645182 -0.018062539 0.024252094 0.008715468 0.999667943 6.087204456
0.999694467 0.002765478 -0.024565920 -0.082922235 -0.003002819 0.999949098 -0.009629739 -0.018068708 0.024538042 0.009700564 0.999651849 6.087382793
0.999696791 0.002876765 -0.024455426 -0.082995437 -0.003119981 0.999945998 -0.009912958 -0.018027250 0.024425590 0.009986253 0.999651849 6.087475300
0.999700248 0.002833348 -0.024319056 -0.083137490 -0.003073392 0.999946833 -0.009838945 -0.018198118 0.024289886 0.009910737 0.999655902 6.087819099
0.999703228 0.002666168 -0.024214998 -0.083227597 -0.002907902 0.999946237 -0.009953115 -0.018148769 0.024187164 0.010020575 0.999657214 6.088043690
0.999694645 0.002650713 -0.024566412 -0.082937680 -0.002886228 0.999950111 -0.009556393 -0.018212851 0.024539856 0.009624380 0.999652565 6.088799953
0.999692440 0.002679641 -0.024652278 -0.082875632 -0.002915418 0.999950290 -0.009533162 -0.018187810 0.024625510 0.009602101 0.999650598 6.089846611
0.999698877 0.002482946 -0.024410915 -0.083053775 -0.002720359 0.999949276 -0.009697277 -0.018187743 0.024385599 0.009760763 0.999654949 6.090854645
0.999697149 0.002563141 -0.024474084 -0.083030924 -0.002804095 0.999947846 -0.009816063 -0.018225379 0.024447652 0.009881716 0.999652207 6.092040062
0.999695837 0.002500600 -0.024533939 -0.083043627 -0.002753886 0.999943197 -0.010295589 -0.018206127 0.024506804 0.010360020 0.999645948 6.093229771
0.999698162 0.002658084 -0.024425149 -0.083144315 -0.002936485 0.999931097 -0.011369362 -0.018037453 0.024393247 0.011437652 0.999637008 6.094909191
0.999701917 0.003030604 -0.024226923 -0.083398841 -0.003333006 0.999916971 -0.012451476 -0.017972581 0.024187176 0.012528514 0.999628901 6.096896648
0.999696255 0.002962940 -0.024467340 -0.083231822 -0.003284924 0.999908447 -0.013130088 -0.017950069 0.024426196 0.013206472 0.999614477 6.099277973
0.999704361 0.002873973 -0.024143243 -0.083450951 -0.003199321 0.999904454 -0.013447943 -0.018198840 0.024102282 0.013521207 0.999618113 6.102340221
0.999712467 0.002913972 -0.023798106 -0.083574563 -0.003243346 0.999899328 -0.013813490 -0.018061638 0.023755454 0.013886704 0.999621272 6.105803490
0.999708772 0.002500713 -0.024004161 -0.083363734 -0.002831371 0.999901414 -0.013750908 -0.018229909 0.023967410 0.013814866 0.999617219 6.109839439
0.999717772 0.002394424 -0.023632850 -0.083401382 -0.002722212 0.999900401 -0.013847611 -0.018375829 0.023597337 0.013908036 0.999624789 6.114694118
0.999738753 0.002399193 -0.022727057 -0.084164403 -0.002728957 0.999891281 -0.014489899 -0.018327832 0.022689821 0.014548135 0.999636710 6.119520187
0.999740660 0.002427789 -0.022640452 -0.084027514 -0.002769227 0.999882698 -0.015061759 -0.018305317 0.022601226 0.015120551 0.999630153 6.125980377
0.999744654 0.002205432 -0.022491170 -0.083866447 -0.002571105 0.999864757 -0.016242592 -0.018042654 0.022452302 0.016296269 0.999615073 6.132927895
0.999754131 0.002278213 -0.022052575 -0.084112883 -0.002650487 0.999854207 -0.016866732 -0.018257238 0.022010934 0.016921038 0.999614477 6.140432835
0.999763668 0.003027496 -0.021526204 -0.084450625 -0.003406283 0.999839544 -0.017581720 -0.018172786 0.021469522 0.017650891 0.999613643 6.148826599
0.999770999 0.002593576 -0.021239111 -0.084669508 -0.002971736 0.999837279 -0.017792717 -0.018461190 0.021189515 0.017851761 0.999616086 6.157687664
0.999788821 0.002987368 -0.020330548 -0.085053995 -0.003357588 0.999828696 -0.018200357 -0.018424913 0.020272696 0.018264776 0.999627650 6.167234421
0.999796569 0.002217021 -0.020047406 -0.084985822 -0.002578797 0.999834001 -0.018038223 -0.018631332 0.020004088 0.018086251 0.999636352 6.178305626
0.999805629 0.001622612 -0.019645128 -0.085112810 -0.001990669 0.999822557 -0.018730229 -0.018470772 0.019611252 0.018765695 0.999631584 6.190065384
