0.999998569 -0.001368421 -0.001103012 -0.000277630 0.001367435 0.999998689 -0.000894718 0.000100609 0.001104235 0.000893208 0.999998987 0.051973004
0.999997556 -0.000900271 -0.002024136 -0.000419907 0.000895998 0.999997377 -0.002110722 0.000046093 0.002026031 0.002108903 0.999995708 0.077405356
0.999994993 -0.001471898 -0.002773142 -0.000569946 0.001465050 0.999996006 -0.002469813 -0.000021583 0.002776765 0.002465738 0.999993026 0.102342807
0.999993205 -0.002306737 -0.002853477 -0.000863529 0.002298482 0.999993265 -0.002892824 -0.000097459 0.002860132 0.002886245 0.999991715 0.127329364
0.999983311 -0.003891939 -0.004266297 -0.000569742 0.003879045 0.999987900 -0.003026392 -0.000094816 0.004278025 0.003009792 0.999986291 0.150978327
0.999980032 -0.004177704 -0.004740512 -0.001041098 0.004170287 0.999990046 -0.001573358 -0.000157485 0.004747038 0.001553557 0.999987543 0.174664274
0.999981999 -0.003168444 -0.005103891 -0.001341741 0.003171470 0.999994755 0.000584980 -0.000038714 0.005102012 -0.000601156 0.999986827 0.198250577
0.999976993 -0.003350064 -0.005887222 -0.001485349 0.003359585 0.999993086 0.001608068 -0.000146039 0.005881794 -0.001627809 0.999981403 0.220400110
0.999976099 -0.003561352 -0.005923937 -0.002074968 0.003574542 0.999991179 0.002217518 -0.000419693 0.005915987 -0.002238640 0.999980032 0.242229551
0.999970019 -0.004057205 -0.006594996 -0.001908208 0.004075360 0.999987960 0.002741721 -0.000383532 0.006583794 -0.002768515 0.999974489 0.263040930
0.999968469 -0.004689327 -0.006404764 -0.002036448 0.004707588 0.999984920 0.002839165 -0.000362514 0.006391353 -0.002869226 0.999975502 0.283989400
0.999968052 -0.005165088 -0.006101552 -0.002143953 0.005177794 0.999984443 0.002068521 -0.000594388 0.006090774 -0.002100047 0.999979198 0.303197086
0.999973357 -0.005059769 -0.005269408 -0.002530671 0.005058519 0.999987125 -0.000250609 -0.000363656 0.005270609 0.000223947 0.999986112 0.322292209
0.999967575 -0.005721969 -0.005669180 -0.002333027 0.005712303 0.999982178 -0.001719623 -0.000538817 0.005678920 0.001687183 0.999982417 0.341322303
0.999966621 -0.005952109 -0.005603070 -0.002473307 0.005936512 0.999978423 -0.002796270 -0.000460860 0.005619593 0.002762914 0.999980390 0.360238045
0.999968231 -0.006333926 -0.004842356 -0.002655711 0.006320614 0.999976218 -0.002759499 -0.000462056 0.004859719 0.002728805 0.999984443 0.379065752
0.999972939 -0.005831359 -0.004477138 -0.002821752 0.005819951 0.999979734 -0.002556920 -0.000440407 0.004491958 0.002530794 0.999986708 0.397736996
0.999979138 -0.004519840 -0.004602793 -0.002991431 0.004507747 0.999986351 -0.002634323 -0.000487783 0.004614637 0.002613520 0.999985874 0.415849447
0.999984741 -0.003169771 -0.004521727 -0.003206566 0.003156728 0.999990880 -0.002888647 -0.000678530 0.004530842 0.002874329 0.999985576 0.434235036
0.999986351 -0.002794733 -0.004416043 -0.003416266 0.002781415 0.999991536 -0.003019126 -0.000691708 0.004424444 0.003006802 0.999985695 0.452145487
0.999985218 -0.002870323 -0.004622129 -0.003246935 0.002855108 0.999990523 -0.003295091 -0.000773809 0.004631543 0.003281846 0.999983907 0.469917744
0.999986410 -0.002865358 -0.004341827 -0.003517280 0.002848627 0.999988496 -0.003854922 -0.000765184 0.004352823 0.003842501 0.999983132 0.487417072
0.999986827 -0.002923270 -0.004213631 -0.003747369 0.002904155 0.999985456 -0.004535380 -0.000881935 0.004226828 0.004523083 0.999980748 0.504926324
0.999988019 -0.002715260 -0.004066215 -0.003915395 0.002693701 0.999982357 -0.005298065 -0.000759199 0.004080529 0.005287048 0.999977708 0.522048771
0.999993145 -0.001257258 -0.003475393 -0.004202583 0.001238723 0.999985099 -0.005330059 -0.000816046 0.003482043 0.005325716 0.999979734 0.539149046
0.999993324 -0.000156100 -0.003656909 -0.004307008 0.000135157 0.999983609 -0.005726525 -0.000682434 0.003657743 0.005725993 0.999976933 0.555986404
0.999994516 0.000465938 -0.003302185 -0.004229734 -0.000484862 0.999983430 -0.005732217 -0.000958377 0.003299460 0.005733786 0.999978125 0.572826743
0.999996662 0.000525021 -0.002519612 -0.004560256 -0.000540693 0.999980509 -0.006223423 -0.000950401 0.002516296 0.006224766 0.999977469 0.589738488
0.999998271 0.000647748 -0.001716427 -0.004416643 -0.000660374 0.999972701 -0.007365436 -0.001008380 0.001711609 0.007366558 0.999971449 0.606483459
0.999999046 0.000690918 -0.001142181 -0.004575567 -0.000700641 0.999963343 -0.008534638 -0.001334740 0.001136242 0.008535432 0.999962926 0.622634351
0.999999702 0.000630255 0.000236149 -0.004818899 -0.000627920 0.999952257 -0.009760773 -0.001487829 -0.000242290 0.009760624 0.999952316 0.639290452
0.999999642 0.000348326 0.000804161 -0.004568721 -0.000339882 0.999945045 -0.010476746 -0.001490152 -0.000807766 0.010476466 0.999944806 0.655861139
0.999998391 0.000126855 0.001757884 -0.004669201 -0.000108221 0.999943852 -0.010596504 -0.001957871 -0.001759130 0.010596296 0.999942303 0.672811091
0.999997497 -0.001140863 0.001926223 -0.004227006 0.001163763 0.999928176 -0.011929278 -0.001624659 -0.001912475 0.011931490 0.999926984 0.689525843
0.999994278 -0.001569575 0.002988227 -0.004280360 0.001606865 0.999920368 -0.012517457 -0.001856098 -0.002968342 0.012522188 0.999917209 0.706585884
0.999991357 -0.001744878 0.003795446 -0.004128386 0.001795589 0.999908686 -0.013398931 -0.002142876 -0.003771720 0.013405630 0.999903023 0.723675847
0.999988377 -0.002294704 0.004219364 -0.004141566 0.002355086 0.999894023 -0.014361816 -0.001704711 -0.004185962 0.014371589 0.999887943 0.740961969
0.999983907 -0.002523089 0.005072816 -0.004010449 0.002597383 0.999888659 -0.014692688 -0.001838489 -0.005035182 0.014705627 0.999879181 0.758564293
0.999980390 -0.002517310 0.005716395 -0.003999914 0.002602721 0.999884307 -0.014983327 -0.002027423 -0.005678018 0.014997913 0.999871373 0.776595235
0.999973416 -0.004185112 0.005968340 -0.003804861 0.004276765 0.999871790 -0.015427264 -0.002158466 -0.005903010 0.015452379 0.999863207 0.794779599
0.999960124 -0.006036593 0.006581743 -0.003689775 0.006143101 0.999848545 -0.016284162 -0.002136502 -0.006482445 0.016323945 0.999845743 0.813064396
0.999952555 -0.006666637 0.007106244 -0.003457422 0.006786373 0.999833107 -0.016960654 -0.002232738 -0.006991986 0.017008075 0.999830902 0.832942188
0.999944091 -0.007476801 0.007480933 -0.003162338 0.007597093 0.999840200 -0.016182786 -0.002673936 -0.007358743 0.016238712 0.999841154 0.852669239
0.999948382 -0.006219624 0.008045027 -0.003321795 0.006342194 0.999862790 -0.015300906 -0.002533440 -0.007948758 0.015351139 0.999850512 0.873437345
0.999948502 -0.005559924 0.008499511 -0.003161106 0.005678392 0.999886155 -0.013978273 -0.003029402 -0.008420826 0.014025814 0.999866128 0.894502997
0.999943614 -0.006061708 0.008717175 -0.002992288 0.006181402 0.999886096 -0.013770081 -0.002916689 -0.008632714 0.013823192 0.999867141 0.916864157
0.999931514 -0.007371605 0.009082698 -0.002984012 0.007487563 0.999890089 -0.012799797 -0.003221719 -0.008987346 0.012866929 0.999876797 0.939858854
0.999939919 -0.006982449 0.008454495 -0.002503805 0.007084984 0.999900997 -0.012159247 -0.002911393 -0.008368756 0.012218416 0.999890387 0.963638663
0.999947906 -0.006383652 0.007961765 -0.002532570 0.006478867 0.999907076 -0.011991231 -0.002947955 -0.007884481 0.012042190 0.999896348 0.988246918
0.999951661 -0.006137891 0.007672322 -0.002332169 0.006237367 0.999895930 -0.013009467 -0.002992958 -0.007591675 0.013056694 0.999885917 1.013023973
0.999958456 -0.005735062 0.007082209 -0.002440788 0.005832093 0.999888361 -0.013756980 -0.003280482 -0.007002524 0.013797714 0.999880254 1.039070010
0.999965727 -0.005161500 0.006469490 -0.002140323 0.005255491 0.999879599 -0.014596691 -0.002501843 -0.006393372 0.014630191 0.999872506 1.066785216
0.999974430 -0.003829024 0.006037223 -0.002426233 0.003903786 0.999915242 -0.012420909 -0.003142484 -0.005989151 0.012444159 0.999904633 1.094116807
0.999981701 -0.003185729 0.005142130 -0.002463278 0.003242465 0.999933481 -0.011063167 -0.003032786 -0.005106544 0.011079636 0.999925554 1.122788310
0.999986708 -0.002916607 0.004247664 -0.001976438 0.002958991 0.999945581 -0.010006178 -0.002621014 -0.004218249 0.010018616 0.999940932 1.152660966
0.999984503 -0.004047000 0.003820653 -0.001680033 0.004080299 0.999953389 -0.008748509 -0.002843210 -0.003785071 0.008763964 0.999954462 1.183746338
0.999984026 -0.004285661 0.003666510 -0.001603504 0.004320692 0.999944568 -0.009600801 -0.003075585 -0.003625162 0.009616490 0.999947131 1.214541674
0.999988198 -0.004165302 0.002494310 -0.001460307 0.004193246 0.999927282 -0.011304772 -0.002514568 -0.002447041 0.011315100 0.999932945 1.244848609
0.999985516 -0.004820203 0.002376743 -0.001453843 0.004844973 0.999932766 -0.010528259 -0.003667038 -0.002325835 0.010539622 0.999941707 1.277334094
0.999973238 -0.007079030 0.001880102 -0.000528693 0.007094013 0.999942124 -0.008086011 -0.003569504 -0.001822751 0.008099131 0.999965489 1.310553789
0.999942362 -0.010630532 0.001443993 -0.000697115 0.010637159 0.999932468 -0.004661996 -0.002955125 -0.001394336 0.004677088 0.999988019 1.344181776
0.999869764 -0.016076172 0.001404711 -0.000377553 0.016079169 0.999868333 -0.002147997 -0.002298679 -0.001369995 0.002170304 0.999996662 1.378463507
0.999858618 -0.016798161 0.000641156 0.000141638 0.016798640 0.999858558 -0.000753303 -0.003071671 -0.000628411 0.000763966 0.999999464 1.414485455
0.999855816 -0.016975138 0.000290622 -0.000603206 0.016975038 0.999855816 0.000344855 -0.002210877 -0.000296434 -0.000339872 0.999999881 1.450306296
0.999809384 -0.019520482 0.000012400 -0.000726360 0.019520486 0.999808967 -0.000943098 -0.001774224 0.000006012 0.000943160 0.999999523 1.487209201
0.999695361 -0.024675785 -0.000569762 -0.000057553 0.024674973 0.999694467 -0.001396361 -0.001185562 0.000604045 0.001381876 0.999998868 1.525356054
0.999706566 -0.024199460 -0.001082043 0.000651172 0.024199517 0.999707103 0.000040061 -0.000845594 0.001080757 -0.000066235 0.999999404 1.564089656
0.999786675 -0.020635571 -0.000907440 -0.000362438 0.020635149 0.999787092 -0.000475194 -0.000333713 0.000917053 0.000456368 0.999999464 1.602368593
0.999811172 -0.019379195 -0.001454367 -0.000437746 0.019374726 0.999807775 -0.003027387 0.000198556 0.001512756 0.002998637 0.999994338 1.641555429
0.999797583 -0.020055922 -0.001632642 -0.000255600 0.020040972 0.999761224 -0.008708554 -0.000178085 0.001806911 0.008674070 0.999960721 1.681186318
0.999828637 -0.018477013 -0.001127575 -0.000478527 0.018460460 0.999741673 -0.013254357 -0.000221193 0.001372184 0.013231270 0.999911547 1.720453382
0.999885261 -0.015144200 -0.000393905 -0.001126362 0.015136980 0.999782264 -0.014365133 0.000123940 0.000611368 0.014357522 0.999896765 1.760424495
0.999913275 -0.013156889 -0.000337044 -0.001137169 0.013151636 0.999835014 -0.012525219 -0.000750817 0.000501782 0.012519698 0.999921501 1.800982833
0.999923706 -0.012342410 -0.000489581 -0.001334265 0.012337839 0.999888182 -0.008447565 -0.001226562 0.000593789 0.008440878 0.999964178 1.841255307
0.999917388 -0.012855689 0.000048950 -0.001709936 0.012855774 0.999904990 -0.004964409 -0.001284597 0.000014876 0.004964628 0.999987662 1.882284999
0.999893725 -0.014575605 -0.000001922 -0.001228157 0.014575521 0.999888361 -0.003259575 -0.001655339 0.000049432 0.003259199 0.999994576 1.923262954
0.999892652 -0.014648114 0.000036679 -0.001298578 0.014648099 0.999878168 -0.005384059 -0.001274493 0.000042192 0.005384018 0.999985516 1.964117527
0.999889433 -0.014864857 0.000349091 -0.001303710 0.014867443 0.999846995 -0.009220095 -0.001172110 -0.000211983 0.009224268 0.999957442 2.004469395
0.999900579 -0.014099898 -0.000127148 -0.001333724 0.014097818 0.999846637 -0.010384861 -0.001766887 0.000273554 0.010382037 0.999946058 2.046430349
0.999908805 -0.013504252 -0.000356345 -0.001323444 0.013500324 0.999865055 -0.009362574 -0.001663506 0.000482731 0.009356909 0.999956131 2.088363647
0.999928057 -0.011974064 0.000582572 -0.001846409 0.011976887 0.999915183 -0.005113239 -0.001900879 -0.000521296 0.005119848 0.999986708 2.130109310
0.999925017 -0.012224625 0.000612527 -0.001638399 0.012225865 0.999923110 -0.002061957 -0.002280267 -0.000587273 0.002069290 0.999997675 2.172637224
0.999910593 -0.013354290 0.000694885 -0.001829428 0.013355504 0.999909222 -0.001772171 -0.002207879 -0.000671156 0.001781294 0.999998152 2.214152098
0.999889791 -0.014846071 -0.000187638 -0.002152632 0.014845425 0.999885142 -0.003062787 -0.002127993 0.000233086 0.003059663 0.999995291 2.256790400
0.999891579 -0.014689554 -0.000953333 -0.002626365 0.014684877 0.999880970 -0.004737862 -0.001920454 0.001022816 0.004723348 0.999988317 2.298819304
0.999921620 -0.012274384 -0.002452843 -0.002988894 0.012262056 0.999912381 -0.004980331 -0.001806841 0.002513759 0.004949865 0.999984622 2.341192484
0.999956965 -0.008548285 -0.003602804 -0.003412409 0.008532914 0.999954522 -0.004260125 -0.001794937 0.003639057 0.004229199 0.999984443 2.384341955
0.999979258 -0.004868376 -0.004205162 -0.003963519 0.004854515 0.999982774 -0.003299932 -0.001398898 0.004221155 0.003279449 0.999985695 2.427612543
0.999987602 -0.000407886 -0.004966476 -0.004873205 0.000389880 0.999993324 -0.003625949 -0.001623794 0.004967920 0.003623968 0.999981105 2.471215010
0.999976635 0.003579817 -0.005814412 -0.005766089 -0.003610635 0.999979436 -0.005298438 -0.001603949 0.005795325 0.005319307 0.999969065 2.515556097
0.999971032 0.004032665 -0.006457387 -0.005864002 -0.004081929 0.999962509 -0.007634213 -0.001287205 0.006426359 0.007660351 0.999949992 2.558679342
0.999958098 0.004494570 -0.007985032 -0.006051374 -0.004558071 0.999957860 -0.007952023 -0.000892181 0.007948956 0.007988086 0.999936461 2.604620695
0.999958217 0.004534489 -0.007948831 -0.006951476 -0.004584586 0.999969661 -0.006295518 -0.001583452 0.007920045 0.006331695 0.999948561 2.648261786
0.999952257 0.004120919 -0.008859344 -0.007717002 -0.004176521 0.999971688 -0.006266674 -0.001375440 0.008833269 0.006303377 0.999941111 2.692595243
0.999953747 0.002870733 -0.009181654 -0.008087894 -0.002930665 0.999974370 -0.006520637 -0.001636516 0.009162702 0.006547244 0.999936521 2.738391399
0.999941945 0.003084125 -0.010330671 -0.008587064 -0.003166552 0.999963224 -0.007972100 -0.001437854 0.010305705 0.008004349 0.999914765 2.783420324
0.999932826 0.004462429 -0.010695801 -0.008956388 -0.004576806 0.999932289 -0.010693193 -0.001439640 0.010647359 0.010741428 0.999885619 2.829611540
0.999928415 0.004171706 -0.011206168 -0.009407431 -0.004326161 0.999895453 -0.013794417 -0.001452632 0.011147451 0.013841912 0.999841988 2.875711441
0.999930382 0.004293379 -0.010991627 -0.011375820 -0.004460361 0.999874353 -0.015212522 -0.001643054 0.010924931 0.015260485 0.999823868 2.921719313
0.999916077 0.004988279 -0.011957380 -0.011669671 -0.005147006 0.999898612 -0.013280608 -0.001997709 0.011889918 0.013341038 0.999840260 2.969658852
0.999914587 0.005058754 -0.012047144 -0.012573276 -0.005199369 0.999918401 -0.011669531 -0.002189290 0.011987129 0.011731173 0.999859273 3.016674042
0.999904633 0.005297771 -0.012754966 -0.012984375 -0.005448837 0.999915063 -0.011838232 -0.002259184 0.012691165 0.011906602 0.999848545 3.065087795
0.999903917 0.005280499 -0.012814873 -0.014200147 -0.005431164 0.999916196 -0.011750935 -0.003060441 0.012751748 0.011819405 0.999848843 3.112630606
0.999897480 0.004706952 -0.013516329 -0.014696624 -0.004852708 0.999930143 -0.010771314 -0.003446503 0.013464684 0.010835801 0.999850631 3.160412312
0.999889314 0.005844787 -0.013677943 -0.015543573 -0.005994573 0.999922216 -0.010935610 -0.003429335 0.013612963 0.011016394 0.999846637 3.208839417
0.999890208 0.005718900 -0.013671109 -0.016693985 -0.005874816 0.999917865 -0.011391983 -0.003174964 0.013604835 0.011471050 0.999841690 3.257596731
0.999886513 0.006180066 -0.013737491 -0.017870262 -0.006329089 0.999921322 -0.010831106 -0.003764350 0.013669473 0.010916823 0.999846995 3.305947542
0.999891043 0.004590789 -0.014029478 -0.018078078 -0.004733352 0.999937356 -0.010145433 -0.004258182 0.013982023 0.010210736 0.999850094 3.356094360
0.999892116 0.004434422 -0.014005017 -0.019123502 -0.004565707 0.999945760 -0.009356115 -0.004407005 0.013962769 0.009419046 0.999858081 3.404851913
0.999899745 0.002188961 -0.013989552 -0.020227756 -0.002322219 0.999952018 -0.009516382 -0.004574114 0.013968050 0.009547915 0.999856770 3.455681324
0.999892235 0.002190481 -0.014513351 -0.020121835 -0.002340822 0.999943674 -0.010350008 -0.004243337 0.014489861 0.010382864 0.999841094 3.505336285
0.999894202 0.000591183 -0.014529977 -0.020536076 -0.000723206 0.999958456 -0.009082716 -0.004643826 0.014524003 0.009092261 0.999853134 3.556023121
0.999895513 0.000688537 -0.014433895 -0.021982996 -0.000801534 0.999969006 -0.007824264 -0.004740715 0.014428060 0.007835016 0.999865174 3.606241226
0.999892116 0.002478199 -0.014474178 -0.022679871 -0.002605540 0.999957979 -0.008785573 -0.004099155 0.014451797 0.008822338 0.999856591 3.656274319
0.999888480 0.002785616 -0.014672511 -0.023338757 -0.002909440 0.999960303 -0.008424572 -0.004338371 0.014648461 0.008466321 0.999856889 3.706433058
0.999889791 0.003391278 -0.014449817 -0.024530010 -0.003488387 0.999971569 -0.006700608 -0.005660085 0.014426679 0.006750276 0.999873161 3.756424665
0.999887645 0.002949641 -0.014698841 -0.024849050 -0.003039046 0.999977052 -0.006063763 -0.006086092 0.014680617 0.006107751 0.999873579 3.806752443
0.999892235 0.004347043 -0.014019563 -0.026981648 -0.004438313 0.999969065 -0.006485637 -0.005738983 0.013990937 0.006547162 0.999880612 3.857307673
0.999892235 0.003861764 -0.014160308 -0.027710810 -0.003952867 0.999971569 -0.006411335 -0.005857507 0.014135147 0.006466617 0.999879181 3.908401489
0.999886572 0.005104071 -0.014170753 -0.028173728 -0.005204618 0.999961495 -0.007067586 -0.005666154 0.014134132 0.007140537 0.999874592 3.958461761
0.999891400 0.005832144 -0.013538295 -0.029390609 -0.005941127 0.999950171 -0.008023768 -0.005538650 0.013490827 0.008103328 0.999876082 4.008258820
0.999890149 0.006675022 -0.013233012 -0.030224333 -0.006769016 0.999952018 -0.007070993 -0.005515253 0.013185180 0.007159790 0.999887407 4.058845520
0.999910891 0.005943613 -0.011963564 -0.030905185 -0.006014634 0.999964476 -0.005909147 -0.006450947 0.011928021 0.005980576 0.999910951 4.106557369
0.999917388 0.005859136 -0.011445831 -0.031391852 -0.005928196 0.999964356 -0.006009100 -0.006622357 0.011410216 0.006076456 0.999916434 4.155875206
0.999926329 0.004754225 -0.011169714 -0.031610221 -0.004816985 0.999972701 -0.005598528 -0.006699050 0.011142793 0.005651920 0.999921858 4.204675198
0.999939024 0.004055685 -0.010269947 -0.033292219 -0.004101306 0.999981761 -0.004424987 -0.006591319 0.010251816 0.004466837 0.999937475 4.254204273
0.999942362 0.004700717 -0.009646666 -0.033859998 -0.004752696 0.999974310 -0.005372490 -0.006752335 0.009621163 0.005418028 0.999939024 4.303239346
0.999945998 0.004970106 -0.009121061 -0.034359701 -0.005024500 0.999969661 -0.005950328 -0.007241903 0.009091212 0.005995836 0.999940693 4.349955559
0.999954700 0.004248968 -0.008512502 -0.035041347 -0.004310955 0.999964237 -0.007276901 -0.006078398 0.008481279 0.007313269 0.999937236 4.400082111
0.999957263 0.003925565 -0.008371480 -0.035635542 -0.003981759 0.999969661 -0.006706410 -0.006464103 0.008344899 0.006739456 0.999942482 4.448211193
0.999963224 0.004521553 -0.007277789 -0.036488738 -0.004569021 0.999968290 -0.006519030 -0.006265184 0.007248083 0.006552043 0.999952257 4.497176170
0.999954581 0.006728466 -0.006752676 -0.037672505 -0.006771797 0.999956548 -0.006414704 -0.006463317 0.006709221 0.006460140 0.999956667 4.545340538
0.999965608 0.005281538 -0.006399996 -0.038003173 -0.005329724 0.999957383 -0.007535498 -0.006770022 0.006359924 0.007569348 0.999951124 4.592235088
0.999957979 0.007010895 -0.005908670 -0.038276222 -0.007067275 0.999929190 -0.009575714 -0.006033525 0.005841116 0.009617072 0.999936700 4.639534950
0.999961972 0.007062217 -0.005108627 -0.039122812 -0.007103563 0.999941766 -0.008120872 -0.006298147 0.005050978 0.008156854 0.999953985 4.685388088
0.999965370 0.006770574 -0.004825009 -0.039655581 -0.006798320 0.999960303 -0.005757618 -0.006469550 0.004785836 0.005790221 0.999971807 4.732903004
0.999972224 0.005325206 -0.005209048 -0.038948987 -0.005347623 0.999976397 -0.004299070 -0.007474918 0.005186033 0.004326806 0.999977171 4.779857159
0.999972343 0.005208798 -0.005301564 -0.039616503 -0.005236291 0.999972820 -0.005185012 -0.007695569 0.005274413 0.005212628 0.999972522 4.825973988
0.999977767 0.002429988 -0.006208780 -0.038568128 -0.002463792 0.999982119 -0.005442562 -0.007962711 0.006195445 0.005457737 0.999965847 4.873744965
0.999981105 0.001862454 -0.005847944 -0.039715730 -0.001901934 0.999975383 -0.006752803 -0.008635638 0.005835225 0.006763799 0.999960065 4.918593884
0.999981642 0.002446073 -0.005541275 -0.040773880 -0.002491134 0.999963701 -0.008139485 -0.008495636 0.005521165 0.008153140 0.999951541 4.963154793
0.999975324 0.003107853 -0.006312792 -0.040869869 -0.003158997 0.999962151 -0.008107818 -0.009348854 0.006287355 0.008127561 0.999947190 5.008124352
0.999973834 0.002231686 -0.006881065 -0.041452821 -0.002285492 0.999966800 -0.007821447 -0.009182148 0.006863381 0.007836969 0.999945760 5.053796768
0.999965310 0.002647478 -0.007902943 -0.040755760 -0.002698845 0.999975264 -0.006496151 -0.009507198 0.007885549 0.006517254 0.999947667 5.099634171
0.999966741 0.002568484 -0.007727587 -0.042131338 -0.002605222 0.999985337 -0.004747808 -0.009943476 0.007715280 0.004767782 0.999958873 5.142569542
0.999956369 0.003602775 -0.008631310 -0.042844754 -0.003637370 0.999985397 -0.003995728 -0.009920243 0.008616790 0.004026948 0.999954760 5.188371658
0.999953032 0.003327676 -0.009107412 -0.043145925 -0.003364745 0.999986112 -0.004057888 -0.009849611 0.009093782 0.004088340 0.999950290 5.232101440
0.999946237 0.001881400 -0.010193099 -0.043326844 -0.001919450 0.999991179 -0.003724382 -0.010442649 0.010186004 0.003743746 0.999941111 5.276327133
0.999945879 0.000553811 -0.010383824 -0.044492133 -0.000588970 0.999994218 -0.003383198 -0.010610321 0.010381889 0.003389131 0.999940276 5.320011139
0.999939620 0.000513996 -0.010976736 -0.044663358 -0.000553256 0.999993443 -0.003573889 -0.010878621 0.010974826 0.003579746 0.999933362 5.364351749
0.999932766 0.000630017 -0.011581537 -0.045215108 -0.000691723 0.999985635 -0.005324681 -0.010697255 0.011578016 0.005332335 0.999918699 5.406367302
0.999925435 0.000615933 -0.012197552 -0.046269603 -0.000705155 0.999972999 -0.007311811 -0.011116697 0.012192721 0.007319866 0.999898791 5.450237751
0.999919116 -0.001058470 -0.012676828 -0.046782270 0.000958484 0.999968469 -0.007890775 -0.011678487 0.012684778 0.007877987 0.999888480 5.493325233
0.999913037 0.000969052 -0.013161529 -0.047376335 -0.001076095 0.999966502 -0.008128357 -0.011551991 0.013153212 0.008141814 0.999880314 5.536205292
0.999909699 0.001689213 -0.013336490 -0.047830109 -0.001778765 0.999975979 -0.006705807 -0.012010353 0.013324842 0.006728923 0.999888539 5.579051495
0.999904573 0.002142978 -0.013648445 -0.048782535 -0.002214565 0.999983847 -0.005232119 -0.012256358 0.013637012 0.005261845 0.999893188 5.621619701
0.999895930 0.000667415 -0.014409823 -0.049243078 -0.000724423 0.999991894 -0.003951378 -0.012534735 0.014407071 0.003961406 0.999888361 5.664065838
0.999897122 0.000966920 -0.014311656 -0.050121292 -0.001011292 0.999994695 -0.003093492 -0.012716305 0.014308589 0.003107647 0.999892712 5.705395222
0.999897420 0.000641020 -0.014307871 -0.050979670 -0.000675012 0.999996901 -0.002371100 -0.012661730 0.014306307 0.002380515 0.999894738 5.746409893
0.999891520 0.000443134 -0.014721066 -0.051474795 -0.000464865 0.999998808 -0.001472792 -0.012415374 0.014720395 0.001479476 0.999890566 5.787466049
0.999891222 0.000323790 -0.014741617 -0.052285898 -0.000346998 0.999998689 -0.001571754 -0.012662240 0.014741088 0.001576699 0.999890089 5.827325821
0.999895573 0.000743906 -0.014426303 -0.053341281 -0.000781936 0.999996185 -0.002630639 -0.012502613 0.014424292 0.002641644 0.999892414 5.864466190
0.999894679 0.001861355 -0.014393928 -0.054132357 -0.001908050 0.999992967 -0.003230995 -0.012368062 0.014387814 0.003258119 0.999891102 5.901684761
0.999899447 0.001026353 -0.014143091 -0.054698221 -0.001070801 0.999994457 -0.003135562 -0.013076754 0.014139795 0.003150390 0.999895036 5.937594414
0.999906421 0.001106035 -0.013632261 -0.055305339 -0.001155224 0.999992847 -0.003600938 -0.013237581 0.013628182 0.003616349 0.999900579 5.971500397
0.999905527 0.001717924 -0.013639166 -0.055873819 -0.001758410 0.999994040 -0.002956905 -0.013417751 0.013634008 0.002980609 0.999902546 6.005546570
0.999904692 0.002304485 -0.013612972 -0.056038968 -0.002334893 0.999994814 -0.002218250 -0.013227433 0.013607790 0.002249824 0.999904871 6.038459778
0.999903619 0.002598305 -0.013641702 -0.056537151 -0.002620515 0.999995351 -0.001610503 -0.013581604 0.013637453 0.001646096 0.999905646 6.069503307
0.999912858 0.002042685 -0.013040440 -0.057731666 -0.002050665 0.999997735 -0.000598570 -0.014360878 0.013039187 0.000625260 0.999914706 6.099998474
0.999912918 0.002119591 -0.013018580 -0.057793245 -0.002117529 0.999997795 0.000172134 -0.014545129 0.013018914 -0.000144552 0.999915242 6.129433632
0.999918878 0.002001758 -0.012579980 -0.058422253 -0.002014518 0.999997437 -0.001001702 -0.014921995 0.012577944 0.001026964 0.999920368 6.157094479
0.999928713 0.001557482 -0.011836639 -0.059610989 -0.001579998 0.999996901 -0.001893086 -0.014819772 0.011833652 0.001911653 0.999928176 6.184713364
0.999920189 0.002134726 -0.012454691 -0.059358221 -0.002165787 0.999994576 -0.002480915 -0.014790384 0.012449327 0.002507691 0.999919415 6.211141586
0.999928534 0.002363562 -0.011719864 -0.060440220 -0.002401277 0.999991894 -0.003205031 -0.015325153 0.011712193 0.003232944 0.999926209 6.236209869
0.999926925 0.000599711 -0.012075354 -0.060420521 -0.000661569 0.999986589 -0.005119320 -0.015411641 0.012072124 0.005126934 0.999913990 6.261348724
0.999918997 -0.000103023 -0.012738163 -0.060856916 0.000018234 0.999977827 -0.006656214 -0.015569309 0.012738567 0.006655442 0.999896646 6.285422325
0.999905765 -0.000194151 -0.013724934 -0.060771666 0.000074564 0.999961972 -0.008713131 -0.015738372 0.013726106 0.008711286 0.999867737 6.310643196
0.999897599 0.000033356 -0.014311794 -0.061450984 -0.000160364 0.999960601 -0.008873316 -0.016091350 0.014310937 0.008874702 0.999858141 6.334038734
0.999884069 0.000562228 -0.015217002 -0.062126514 -0.000694936 0.999961793 -0.008717198 -0.015911773 0.015211520 0.008726763 0.999846160 6.357566833
0.999873459 0.000129215 -0.015907688 -0.062599257 -0.000246825 0.999972641 -0.007391551 -0.016478371 0.015906295 0.007394542 0.999846160 6.380325317
0.999859214 0.001109351 -0.016741652 -0.063507393 -0.001206727 0.999982357 -0.005807398 -0.016897799 0.016734917 0.005826784 0.999843001 6.403096199
0.999851644 0.001044217 -0.017191393 -0.063663110 -0.001142217 0.999983072 -0.005691666 -0.016815674 0.017185163 0.005710458 0.999835968 6.425726891
0.999850094 0.001213543 -0.017271470 -0.064607799 -0.001299850 0.999986649 -0.004986770 -0.016702669 0.017265191 0.005008473 0.999838352 6.447328091
0.999837518 0.002751355 -0.017810728 -0.065069526 -0.002834377 0.999985158 -0.004637788 -0.016730806 0.017797703 0.004687517 0.999830663 6.468657017
0.999828219 0.002726647 -0.018333333 -0.064963773 -0.002797252 0.999988794 -0.003826655 -0.017160714 0.018322695 0.003877280 0.999824524 6.489083767
0.999828815 0.002115696 -0.018382903 -0.065612480 -0.002182896 0.999991000 -0.003636304 -0.017217921 0.018375045 0.003675809 0.999824405 6.508991241
0.999829412 0.002151579 -0.018345373 -0.065966547 -0.002212497 0.999992132 -0.003301009 -0.017359138 0.018338125 0.003341035 0.999826252 6.527857780
0.999829769 0.002953644 -0.018217953 -0.066345245 -0.003002495 0.999991894 -0.002654652 -0.017430637 0.018209964 0.002708899 0.999830544 6.545384407
0.999826491 0.003338559 -0.018328939 -0.066609994 -0.003374035 0.999992430 -0.001904906 -0.017755911 0.018322442 0.001966417 0.999830246 6.562790394
0.999823928 0.004526542 -0.018210281 -0.067214444 -0.004572534 0.999986410 -0.002484725 -0.017675288 0.018198786 0.002567554 0.999831140 6.579582214
0.999837875 0.004776679 -0.017359408 -0.067569494 -0.004829709 0.999983788 -0.003014217 -0.017584952 0.017344723 0.003097569 0.999844790 6.594380379
0.999850631 0.003528865 -0.016917469 -0.067790098 -0.003578687 0.999989331 -0.002915679 -0.017698260 0.016906997 0.002975786 0.999852657 6.607959270
0.999852896 0.003391948 -0.016813224 -0.068078473 -0.003444165 0.999989331 -0.003077737 -0.017789945 0.016802605 0.003135192 0.999853909 6.621709824
0.999860168 0.003309508 -0.016391352 -0.068297885 -0.003379195 0.999985397 -0.004225635 -0.017729387 0.016377125 0.004280434 0.999856710 6.634817123
0.999862552 0.003773393 -0.016143799 -0.068787411 -0.003864691 0.999976695 -0.005627831 -0.017742101 0.016122187 0.005689448 0.999853849 6.647862434
0.999868512 0.003913103 -0.015740670 -0.069218650 -0.004024350 0.999967098 -0.007042077 -0.017714746 0.015712595 0.007104499 0.999851286 6.660395622
0.999867201 0.004079696 -0.015774626 -0.069615856 -0.004202686 0.999961019 -0.007771370 -0.017628949 0.015742309 0.007836634 0.999845386 6.673661232
0.999861896 0.003997861 -0.016129954 -0.069793165 -0.004126790 0.999959767 -0.007967684 -0.017702643 0.016097451 0.008033151 0.999838173 6.686517239
0.999858379 0.003732394 -0.016406011 -0.069758244 -0.003858362 0.999963284 -0.007653197 -0.018222492 0.016376844 0.007715413 0.999836266 6.698727608
0.999855995 0.003804778 -0.016532201 -0.070170760 -0.003938214 0.999959886 -0.008046226 -0.017858654 0.016500920 0.008110174 0.999831080 6.711831570
0.999853075 0.003662001 -0.016740527 -0.070605069 -0.003793601 0.999962032 -0.007836170 -0.017879557 0.016711196 0.007898526 0.999829173 6.724025726
0.999850750 0.002993388 -0.017012557 -0.070651032 -0.003130549 0.999962807 -0.008041497 -0.018325642 0.016987853 0.008093555 0.999822974 6.736068249
0.999849319 0.003207210 -0.017060181 -0.071253687 -0.003354998 0.999957025 -0.008641164 -0.018298212 0.017031737 0.008697099 0.999817073 6.747018337
0.999846935 0.003354023 -0.017167736 -0.071646720 -0.003505022 0.999955416 -0.008772922 -0.018483214 0.017137544 0.008831753 0.999814093 6.758965492
0.999840260 0.003498836 -0.017529838 -0.071761869 -0.003643437 0.999959528 -0.008223645 -0.018682048 0.017500358 0.008286200 0.999812543 6.771217346
0.999835491 0.003229755 -0.017848717 -0.072307959 -0.003371830 0.999962807 -0.007935589 -0.018831920 0.017822420 0.007994466 0.999809325 6.782802582
0.999830186 0.003308530 -0.018129911 -0.072228961 -0.003456101 0.999961078 -0.008114353 -0.018565886 0.018102363 0.008175634 0.999802709 6.793313026
0.999819875 0.003186441 -0.018710954 -0.072244421 -0.003335246 0.999962926 -0.007927034 -0.018475424 0.018685000 0.007988011 0.999793589 6.804858208
0.999816477 0.003610494 -0.018818663 -0.072742552 -0.003758295 0.999962270 -0.007824479 -0.018664766 0.018789709 0.007893768 0.999792278 6.815405846
0.999808609 0.003395900 -0.019269476 -0.072843269 -0.003540367 0.999965847 -0.007468046 -0.019145045 0.019243456 0.007534837 0.999786437 6.826320648
0.999814749 0.003165444 -0.018983705 -0.073191911 -0.003309117 0.999966025 -0.007541632 -0.018860277 0.018959187 0.007603054 0.999791324 6.835495472
0.999808669 0.002428066 -0.019414607 -0.073251516 -0.002570180 0.999970019 -0.007298365 -0.018902725 0.019396307 0.007346867 0.999784887 6.845767975
0.999818742 0.001888848 -0.018949689 -0.074050397 -0.002021491 0.999973536 -0.006983031 -0.019051500 0.018936001 0.007020070 0.999796093 6.854856491
0.999812543 0.001612128 -0.019299453 -0.074210703 -0.001736902 0.999977708 -0.006450134 -0.019120110 0.019288626 0.006482447 0.999792993 6.864017487
0.999807179 0.001522440 -0.019578513 -0.074028060 -0.001639201 0.999981105 -0.005949080 -0.019291718 0.019569086 0.005980027 0.999790549 6.871588707
0.999800086 0.002005959 -0.019892104 -0.074090473 -0.002109336 0.999984384 -0.005177312 -0.019463679 0.019881409 0.005218237 0.999788702 6.878976822
0.999801338 0.002788393 -0.019735768 -0.074516878 -0.002886660 0.999983609 -0.004952421 -0.019549772 0.019721642 0.005008408 0.999792933 6.886166573
0.999798477 0.003175002 -0.019822584 -0.074776709 -0.003274933 0.999982178 -0.005010824 -0.019396387 0.019806322 0.005074732 0.999790907 6.891751289
0.999798715 0.002910380 -0.019852653 -0.074848205 -0.003011456 0.999982655 -0.005063320 -0.019475084 0.019837577 0.005122086 0.999790013 6.896717548
0.999795437 0.002342056 -0.020087926 -0.074807711 -0.002457041 0.999980748 -0.005701331 -0.019576756 0.020074185 0.005749522 0.999781966 6.900499344
0.999791861 0.002640047 -0.020232907 -0.074880198 -0.002775492 0.999973893 -0.006669194 -0.019411312 0.020214772 0.006723960 0.999773145 6.905019760
0.999789357 0.003236029 -0.020265846 -0.075068288 -0.003378824 0.999969661 -0.007015818 -0.019381884 0.020242536 0.007082815 0.999769986 6.909025669
0.999789774 0.003371808 -0.020224731 -0.075256296 -0.003512814 0.999969780 -0.006940510 -0.019451678 0.020200718 0.007010096 0.999771357 6.912399292
0.999787986 0.002991237 -0.020376135 -0.075210765 -0.003127090 0.999972999 -0.006638606 -0.019627817 0.020355724 0.006700917 0.999770343 6.915558815
0.999785781 0.002283293 -0.020576522 -0.075197145 -0.002420541 0.999974906 -0.006647682 -0.019619536 0.020560825 0.006696063 0.999766171 6.918551922
0.999785781 0.002471883 -0.020554531 -0.075345017 -0.002615304 0.999972403 -0.006953646 -0.019627497 0.020536771 0.007005912 0.999764562 6.921300411
0.999787748 0.002540891 -0.020447444 -0.075645126 -0.002687715 0.999970675 -0.007156265 -0.019713489 0.020428661 0.007209703 0.999765277 6.923404217
0.999785006 0.002983365 -0.020518580 -0.075529382 -0.003141179 0.999965727 -0.007663392 -0.019737530 0.020495016 0.007726197 0.999760032 6.925649643
0.999782860 0.003380177 -0.020561930 -0.075552605 -0.003552151 0.999958992 -0.008332936 -0.019626044 0.020532921 0.008404166 0.999753833 6.927906513
0.999785244 0.002984428 -0.020508360 -0.075695291 -0.003149268 0.999962986 -0.008010169 -0.019844435 0.020483695 0.008073034 0.999757528 6.929734230
0.999782264 0.002853971 -0.020670198 -0.075666241 -0.003017425 0.999964416 -0.007880830 -0.019819964 0.020646973 0.007941485 0.999755204 6.931794167
0.999783516 0.002827468 -0.020613778 -0.075780287 -0.002986380 0.999966085 -0.007682318 -0.019856602 0.020591360 0.007742214 0.999758005 6.933481216
0.999782681 0.002798265 -0.020655502 -0.075840794 -0.002955263 0.999966979 -0.007574158 -0.019957669 0.020633625 0.007633556 0.999757946 6.935180664
0.999781787 0.003022349 -0.020669427 -0.075847253 -0.003178176 0.999966800 -0.007510372 -0.019936688 0.020646039 0.007574425 0.999758184 6.936610699
0.999780536 0.002875114 -0.020751655 -0.075795628 -0.003030950 0.999967396 -0.007482046 -0.019881386 0.020729467 0.007543300 0.999756694 6.937642574
0.999783933 0.002867453 -0.020588612 -0.075877674 -0.003021341 0.999967635 -0.007447220 -0.019833218 0.020566592 0.007507815 0.999760330 6.938320160
0.999784589 0.002948013 -0.020547159 -0.075867407 -0.003097155 0.999969065 -0.007230474 -0.019837113 0.020525211 0.007292554 0.999762774 6.938779831
0.999783754 0.002990111 -0.020582015 -0.075855732 -0.003140631 0.999968529 -0.007284721 -0.019784221 0.020559585 0.007347785 0.999761641 6.938827991
0.999779522 0.002581033 -0.020841628 -0.075699508 -0.002735907 0.999968827 -0.007405910 -0.019832995 0.020821866 0.007461298 0.999755383 6.938607216
0.999783814 0.002133942 -0.020682057 -0.075705424 -0.002308872 0.999961734 -0.008437920 -0.019810718 0.020663260 0.008483849 0.999750495 6.938363075
0.999780774 0.002285650 -0.020813443 -0.075652421 -0.002472956 0.999956608 -0.008978015 -0.019969437 0.020792013 0.009027516 0.999743104 6.938684940
0.999777555 0.002021644 -0.020994119 -0.075454533 -0.002204293 0.999959886 -0.008680475 -0.019829269 0.020975726 0.008724821 0.999741971 6.938579559
0.999784052 0.002267168 -0.020659538 -0.075757325 -0.002456720 0.999955118 -0.009154318 -0.019739121 0.020637855 0.009203094 0.999744654 6.938538074
0.999782205 0.002354858 -0.020738032 -0.075718082 -0.002561169 0.999947429 -0.009927499 -0.019812584 0.020713558 0.009978449 0.999735713 6.938634396
0.999782026 0.002406459 -0.020737957 -0.075851396 -0.002618225 0.999944687 -0.010190426 -0.019812461 0.020712288 0.010242500 0.999732971 6.938992500
0.999782324 0.002397509 -0.020726698 -0.075877763 -0.002610108 0.999944210 -0.010236316 -0.019817840 0.020701002 0.010288186 0.999732733 6.939510822
0.999780834 0.002325637 -0.020806804 -0.075841650 -0.002539216 0.999944389 -0.010244318 -0.019851640 0.020781823 0.010294905 0.999731004 6.939893723
0.999781489 0.002469451 -0.020759316 -0.075999528 -0.002680736 0.999944866 -0.010156159 -0.019738376 0.020733096 0.010209589 0.999732852 6.940701485
0.999780715 0.002243450 -0.020822773 -0.075918756 -0.002455064 0.999945581 -0.010142655 -0.019732188 0.020798886 0.010191551 0.999731719 6.941628933
0.999784112 0.002099971 -0.020671465 -0.076000698 -0.002309565 0.999946117 -0.010120627 -0.019859340 0.020649100 0.010166182 0.999735117 6.942433357
0.999782860 0.002217808 -0.020722155 -0.076081142 -0.002430281 0.999944687 -0.010233879 -0.019959480 0.020698315 0.010282017 0.999732912 6.943527222
0.999782264 0.002117645 -0.020757815 -0.076059736 -0.002337721 0.999941230 -0.010583511 -0.019882411 0.020734187 0.010629731 0.999728501 6.945209503
0.999779642 0.002234515 -0.020874690 -0.075973697 -0.002473961 0.999931395 -0.011451847 -0.019953877 0.020847673 0.011500966 0.999716520 6.947125912
0.999776900 0.002144810 -0.021009391 -0.075985037 -0.002404225 0.999921024 -0.012330124 -0.019934773 0.020981284 0.012377887 0.999703348 6.949557304
0.999769747 0.002115891 -0.021351619 -0.075707629 -0.002387454 0.999916434 -0.012701181 -0.020092294 0.021322960 0.012749234 0.999691367 6.952607155
0.999778450 0.002263411 -0.020928143 -0.076017708 -0.002553133 0.999900997 -0.013827302 -0.019809633 0.020894777 0.013877670 0.999685407 6.955640793
0.999786556 0.002015192 -0.020561349 -0.076167554 -0.002300959 0.999900877 -0.013884048 -0.019938558 0.020531338 0.013928395 0.999692142 6.959957600
0.999792755 0.001903632 -0.020269817 -0.076357216 -0.002190305 0.999897778 -0.014130081 -0.019936018 0.020240845 0.014171547 0.999694705 6.964281082
0.999795318 0.001671884 -0.020165110 -0.076337405 -0.001963134 0.999893904 -0.014432128 -0.019959398 0.020138845 0.014468758 0.999692500 6.969895840
0.999800444 0.001547366 -0.019918080 -0.076253913 -0.001841958 0.999889135 -0.014780319 -0.019962452 0.019893000 0.014814056 0.999692380 6.975662708
0.999804676 0.001309744 -0.019720934 -0.076497436 -0.001616178 0.999878109 -0.015530603 -0.019928865 0.019698188 0.015559440 0.999684930 6.982754230
0.999818623 0.001226475 -0.019006982 -0.076816201 -0.001534426 0.999867678 -0.016195923 -0.020030007 0.018984603 0.016222149 0.999688148 6.990626812
0.999832392 0.001579741 -0.018241497 -0.077334240 -0.001895249 0.999848723 -0.017291848 -0.020123661 0.018211419 0.017323524 0.999684036 6.999138355
0.999838173 0.001852565 -0.017894451 -0.077639580 -0.002170037 0.999840319 -0.017738229 -0.020061418 0.017858731 0.017774189 0.999682546 7.008638859
0.999841034 0.002290661 -0.017682232 -0.077438600 -0.002613717 0.999829710 -0.018268622 -0.020018965 0.017637372 0.018311933 0.999676704 7.019428730
0.999854386 0.001754442 -0.016975038 -0.077674873 -0.002059624 0.999836147 -0.017977532 -0.020587280 0.016940715 0.018009879 0.999694288 7.030680656
0.999859869 0.001194260 -0.016696142 -0.077831045 -0.001497090 0.999834299 -0.018137008 -0.020527676 0.016671715 0.018159464 0.999696076 7.043144226
0.999869108 0.000366715 -0.016174380 -0.077986255 -0.000664697 0.999830127 -0.018421549 -0.020611577 0.016164875 0.018429892 0.999699473 7.056797028
