0.999997616 -0.001579273 -0.001487068 -0.000020567 0.001578283 0.999998510 -0.000666579 -0.000074066 0.001488118 0.000664231 0.999998689 0.045310363
0.999996185 -0.001065482 -0.002541204 -0.000100677 0.001060616 0.999997616 -0.001915320 -0.000155784 0.002543239 0.001912617 0.999994934 0.067306690
0.999995172 -0.001670931 -0.002632744 -0.000334736 0.001665707 0.999996603 -0.001985315 -0.000421958 0.002636053 0.001980919 0.999994576 0.089686036
0.999989688 -0.002466828 -0.003816081 -0.000292697 0.002457712 0.999994099 -0.002391697 -0.000539883 0.003821959 0.002382293 0.999989867 0.109733008
0.999982119 -0.003844781 -0.004584284 -0.000411705 0.003832587 0.999989092 -0.002665818 -0.000406776 0.004594484 0.002648200 0.999985874 0.130450055
0.999977350 -0.004236672 -0.005232617 -0.000669594 0.004231773 0.999990523 -0.000946928 -0.000523935 0.005236579 0.000924763 0.999985874 0.150747389
0.999975383 -0.003644509 -0.005988847 -0.000689221 0.003651245 0.999992669 0.001114118 -0.000374461 0.005984744 -0.001135957 0.999981403 0.170992017
0.999972284 -0.003352974 -0.006664169 -0.000870342 0.003368384 0.999991655 0.002302398 -0.000478859 0.006656396 -0.002324782 0.999975085 0.190390259
0.999970198 -0.003438453 -0.006906807 -0.001290367 0.003455644 0.999990880 0.002478635 -0.000466420 0.006898222 -0.002502429 0.999973059 0.209755674
0.999964178 -0.004174138 -0.007363111 -0.001245051 0.004194717 0.999987245 0.002781682 -0.000219189 0.007351407 -0.002812469 0.999969065 0.228625983
0.999962628 -0.004726076 -0.007234296 -0.001463894 0.004752257 0.999982178 0.003606244 -0.000673145 0.007217123 -0.003640488 0.999967337 0.245607272
0.999964297 -0.004931321 -0.006862207 -0.001506677 0.004952585 0.999982953 0.003085346 -0.001036047 0.006846875 -0.003119222 0.999971747 0.262922317
0.999966800 -0.005101162 -0.006352618 -0.001828151 0.005103812 0.999986827 0.000401029 -0.000725758 0.006350488 -0.000433438 0.999979734 0.279302686
0.999966681 -0.005397971 -0.006124887 -0.001888933 0.005385196 0.999983251 -0.002100189 -0.000207245 0.006136120 0.002067135 0.999979079 0.296211064
0.999963284 -0.006004063 -0.006115548 -0.001871447 0.005989416 0.999979138 -0.002410478 -0.000567412 0.006129893 0.002373761 0.999978364 0.312049419
0.999961853 -0.006851963 -0.005417371 -0.002062724 0.006835638 0.999972045 -0.003025915 -0.000240179 0.005437953 0.002988769 0.999980807 0.328658372
0.999966264 -0.005878852 -0.005753533 -0.002004870 0.005870350 0.999981642 -0.001493751 -0.000795985 0.005762210 0.001459925 0.999982357 0.344099760
0.999973536 -0.004699270 -0.005549529 -0.002464601 0.004688223 0.999986887 -0.002001885 -0.000625741 0.005558864 0.001975814 0.999982595 0.360755920
0.999977946 -0.003279808 -0.005777793 -0.002479493 0.003268958 0.999992907 -0.001886302 -0.000778492 0.005783939 0.001867373 0.999981523 0.375753552
0.999983490 -0.002432785 -0.005217150 -0.002666989 0.002422697 0.999995172 -0.001939071 -0.001136277 0.005221843 0.001926399 0.999984562 0.390708745
0.999979734 -0.002922531 -0.005650900 -0.002650393 0.002909412 0.999993086 -0.002328597 -0.001028959 0.005657667 0.002312109 0.999981284 0.406332612
0.999979854 -0.003085827 -0.005545360 -0.002659858 0.003068150 0.999990165 -0.003193500 -0.000873777 0.005555161 0.003176422 0.999979496 0.421783239
0.999979138 -0.002914996 -0.005765502 -0.002894236 0.002892858 0.999988437 -0.003844274 -0.001018301 0.005776641 0.003827515 0.999975920 0.436593354
0.999980390 -0.002773176 -0.005604361 -0.003035880 0.002748666 0.999986708 -0.004376275 -0.000925043 0.005616422 0.004360785 0.999974668 0.451282918
0.999984741 -0.001215108 -0.005390961 -0.003246079 0.001192140 0.999990165 -0.004261654 -0.001128017 0.005396087 0.004255162 0.999976337 0.465983778
0.999985158 -0.000154567 -0.005457041 -0.003049796 0.000130442 0.999990225 -0.004420986 -0.001117422 0.005457671 0.004420209 0.999975383 0.480814427
0.999987900 0.000648972 -0.004870408 -0.003482664 -0.000672251 0.999988377 -0.004779574 -0.001098043 0.004867249 0.004782790 0.999976695 0.495018572
0.999991119 0.000551451 -0.004167743 -0.003519065 -0.000573584 0.999985754 -0.005311385 -0.001138833 0.004164755 0.005313729 0.999977231 0.509359181
0.999994397 0.000555447 -0.003293364 -0.003718645 -0.000576070 0.999980211 -0.006264235 -0.001202770 0.003289820 0.006266097 0.999974966 0.523759723
0.999995708 0.000564169 -0.002878255 -0.003430775 -0.000585631 0.999971986 -0.007461179 -0.001405821 0.002873965 0.007462832 0.999968052 0.537752926
0.999997795 0.000747859 -0.001941762 -0.003776767 -0.000765829 0.999956846 -0.009270045 -0.001279162 0.001934745 0.009271515 0.999955118 0.552016675
0.999999166 0.000590689 -0.001118921 -0.003698318 -0.000601565 0.999952316 -0.009744152 -0.001357237 0.001113112 0.009744818 0.999951839 0.566527128
0.999999702 -0.000733478 -0.000371777 -0.003702384 0.000729525 0.999944389 -0.010524759 -0.001258957 0.000379476 0.010524485 0.999944508 0.580956638
0.999999225 -0.001134808 0.000371238 -0.003926650 0.001138885 0.999936938 -0.011171767 -0.001478651 -0.000358537 0.011172182 0.999937475 0.595561087
0.999997199 -0.001931725 0.001328797 -0.004045594 0.001947653 0.999925017 -0.012092367 -0.001574344 -0.001305338 0.012094922 0.999925971 0.610408723
0.999995053 -0.002335810 0.002062245 -0.004004163 0.002361273 0.999919951 -0.012432422 -0.001831387 -0.002033040 0.012437232 0.999920547 0.624761164
0.999992669 -0.002838637 0.002575309 -0.003954424 0.002872881 0.999906182 -0.013392412 -0.001677356 -0.002537051 0.013399710 0.999907017 0.639619827
0.999991179 -0.002271035 0.003541900 -0.004166020 0.002320150 0.999900341 -0.013924822 -0.001737430 -0.003509924 0.013932917 0.999896824 0.654826343
0.999989033 -0.003005632 0.003626925 -0.003997754 0.003056565 0.999895573 -0.014120124 -0.001657101 -0.003584107 0.014131052 0.999893725 0.670529544
0.999978781 -0.005298619 0.003800251 -0.003596879 0.005353329 0.999880016 -0.014533833 -0.001580819 -0.003722786 0.014553867 0.999887109 0.686260104
0.999969840 -0.005956654 0.005005263 -0.003902103 0.006035275 0.999856234 -0.015842404 -0.001319192 -0.004910177 0.015872132 0.999861956 0.703263581
0.999960303 -0.007015171 0.005486903 -0.003943298 0.007102516 0.999845684 -0.016064495 -0.001795953 -0.005373362 0.016102828 0.999855816 0.719108820
0.999955654 -0.007349397 0.005884120 -0.003772113 0.007439314 0.999853551 -0.015408078 -0.001979453 -0.005770018 0.015451170 0.999863863 0.736486256
0.999960959 -0.006477937 0.006005587 -0.003492871 0.006563204 0.999876380 -0.014288723 -0.001983373 -0.005912283 0.014327582 0.999879837 0.754061222
0.999960601 -0.005866575 0.006660136 -0.003664451 0.005956389 0.999890506 -0.013546668 -0.001797274 -0.006579935 0.013585805 0.999886036 0.772221923
0.999958038 -0.006141566 0.006798900 -0.003579690 0.006230196 0.999894857 -0.013092343 -0.001750493 -0.006717778 0.013134152 0.999891162 0.791424274
0.999947250 -0.007786793 0.006707734 -0.002826585 0.007869189 0.999892831 -0.012346073 -0.001911510 -0.006610880 0.012398206 0.999901295 0.811931551
0.999952197 -0.007344315 0.006457250 -0.003233543 0.007419373 0.999904215 -0.011677584 -0.001640892 -0.006370868 0.011724933 0.999910951 0.831378698
0.999957442 -0.007051322 0.005947870 -0.003181007 0.007121064 0.999905050 -0.011786869 -0.001494995 -0.005864194 0.011828722 0.999912858 0.852758229
0.999961674 -0.006826659 0.005480688 -0.003061410 0.006898114 0.999890029 -0.013126469 -0.001343086 -0.005390476 0.013163772 0.999898791 0.874441564
0.999970853 -0.006218614 0.004434196 -0.003100568 0.006279380 0.999884665 -0.013824392 -0.001579081 -0.004347716 0.013851833 0.999894619 0.895882189
0.999977648 -0.005184319 0.004217806 -0.002855842 0.005244143 0.999883950 -0.014298700 -0.001195001 -0.004143187 0.014320498 0.999888897 0.919812918
0.999987602 -0.003773824 0.003250741 -0.002640395 0.003813242 0.999918222 -0.012206301 -0.001563095 -0.003204411 0.012218546 0.999920189 0.943477452
0.999993145 -0.002577561 0.002637033 -0.002929334 0.002604667 0.999943256 -0.010327728 -0.001669126 -0.002610263 0.010334526 0.999943256 0.968880475
0.999995410 -0.002887754 0.000881239 -0.002073326 0.002895896 0.999951780 -0.009382931 -0.001670910 -0.000854101 0.009385440 0.999955535 0.993804514
0.999987781 -0.004760901 0.001327550 -0.002954926 0.004772436 0.999949694 -0.008825675 -0.001197932 -0.001285465 0.008831905 0.999960124 1.019763470
0.999990523 -0.004364161 0.000268887 -0.002371081 0.004366349 0.999952078 -0.008759520 -0.001966666 -0.000230646 0.008760612 0.999961555 1.045793533
0.999988794 -0.004727609 0.000482713 -0.003859859 0.004731999 0.999943376 -0.009539234 -0.002184433 -0.000437588 0.009541412 0.999954343 1.072359443
0.999991417 -0.004135391 -0.000348853 -0.002420754 0.004131435 0.999934673 -0.010667901 -0.001255107 0.000392946 0.010666369 0.999943018 1.102248073
0.999974132 -0.007093361 -0.001261186 -0.002161289 0.007082857 0.999941707 -0.008147279 -0.001611538 0.001318904 0.008138135 0.999966025 1.129853725
0.999942064 -0.010594075 -0.001915760 -0.001408831 0.010584276 0.999931216 -0.005054908 -0.001109289 0.001969180 0.005034339 0.999985337 1.160146952
0.999875546 -0.015753919 -0.000778828 -0.002168668 0.015752340 0.999873936 -0.001995789 -0.000646015 0.000810171 0.001983272 0.999997675 1.190234423
0.999851644 -0.017208962 -0.000634655 -0.002843470 0.017208150 0.999851108 -0.001263520 -0.000366355 0.000656305 0.001252412 0.999998927 1.220383763
0.999851704 -0.017068382 -0.002253772 -0.002171562 0.017069815 0.999854088 0.000618706 -0.000726769 0.002242883 -0.000657086 0.999997199 1.251768827
0.999803543 -0.019668261 -0.002451694 -0.002580882 0.019665545 0.999805927 -0.001127268 -0.000076327 0.002473389 0.001078833 0.999996364 1.283585191
0.999684751 -0.024846256 -0.003593291 -0.001660470 0.024842869 0.999690890 -0.000983967 0.000122963 0.003616628 0.000894389 0.999993026 1.315816998
0.999693930 -0.024496455 -0.003502197 -0.001546971 0.024497705 0.999699831 0.000313338 0.000515469 0.003493470 -0.000399038 0.999993801 1.349378109
0.999782205 -0.020519536 -0.003812375 -0.001949849 0.020518014 0.999789298 -0.000437907 0.001233627 0.003820557 0.000359589 0.999992669 1.382648110
0.999804676 -0.019319201 -0.004169931 -0.002350632 0.019310893 0.999811471 -0.002023243 0.000859051 0.004208232 0.001942323 0.999989271 1.416082144
0.999783993 -0.020294694 -0.004483593 -0.002224339 0.020256015 0.999758601 -0.008509915 0.001221010 0.004655217 0.008417257 0.999953806 1.450090408
0.999823272 -0.018375184 -0.003973217 -0.002738074 0.018321671 0.999746144 -0.013110533 0.001361428 0.004213117 0.013035422 0.999906123 1.483925581
0.999878526 -0.015141087 -0.003697753 -0.003036432 0.015090752 0.999797940 -0.013280370 0.000863457 0.003898086 0.013222955 0.999904990 1.518173337
0.999906838 -0.013235305 -0.003319426 -0.003474299 0.013193532 0.999837220 -0.012305327 0.001024203 0.003481750 0.012260387 0.999918759 1.553331137
0.999910712 -0.012858566 -0.003639578 -0.003386262 0.012827291 0.999881744 -0.008489765 0.000789117 0.003748314 0.008442321 0.999957323 1.588016510
0.999905646 -0.013349266 -0.003230642 -0.003603909 0.013332406 0.999897659 -0.005184575 0.000749763 0.003299521 0.005141014 0.999981344 1.623525143
0.999887824 -0.014646711 -0.003119151 -0.003571021 0.014635380 0.999886334 -0.003625045 0.000613934 0.003171891 0.003578989 0.999988556 1.658350587
0.999890149 -0.014534460 -0.002904364 -0.003844375 0.014519199 0.999880970 -0.005208221 0.000547763 0.002979718 0.005165481 0.999982238 1.693849564
0.999888301 -0.014530891 -0.003478647 -0.003815011 0.014499495 0.999855280 -0.008886398 0.000693062 0.003607272 0.008834969 0.999954522 1.729501247
0.999899507 -0.013847745 -0.003011627 -0.004078218 0.013813957 0.999844491 -0.010964241 0.000670066 0.003162988 0.010921535 0.999935329 1.764618516
0.999914944 -0.012759917 -0.002699447 -0.004370932 0.012733702 0.999873698 -0.009515559 0.000628365 0.002820524 0.009480374 0.999951005 1.800569654
0.999925733 -0.011841067 -0.002854611 -0.004340688 0.011825571 0.999915600 -0.005385914 0.000315142 0.002918145 0.005351758 0.999981403 1.836485744
0.999923289 -0.012157295 -0.002314239 -0.004696401 0.012150711 0.999922216 -0.002837644 0.000295957 0.002348556 0.002809307 0.999993265 1.872704029
0.999899805 -0.013877210 -0.002788608 -0.004600329 0.013872311 0.999902129 -0.001769153 0.000013968 0.002812887 0.001730291 0.999994576 1.908756256
0.999876380 -0.015193425 -0.004043428 -0.004754240 0.015181511 0.999880314 -0.002961007 0.000080461 0.004087931 0.002899256 0.999987483 1.945685267
0.999864757 -0.015663361 -0.005010976 -0.004981351 0.015639836 0.999866605 -0.004700589 0.000426299 0.005083934 0.004621583 0.999976397 1.981143355
0.999897301 -0.012795958 -0.006451183 -0.005536583 0.012759903 0.999902964 -0.005599442 0.000527842 0.006522205 0.005516551 0.999963522 2.018996954
0.999924958 -0.009437532 -0.007812550 -0.005711129 0.009403574 0.999946237 -0.004371736 0.000478157 0.007853388 0.004297942 0.999959886 2.054880857
0.999952734 -0.004811029 -0.008451912 -0.006646917 0.004784669 0.999983609 -0.003136218 0.000510572 0.008466862 0.003095630 0.999959350 2.091038227
0.999958515 -0.000363982 -0.009109873 -0.007399481 0.000328625 0.999992371 -0.003882472 0.000548141 0.009111218 0.003879317 0.999951005 2.129471540
0.999945998 0.002843759 -0.009991596 -0.007871037 -0.002899454 0.999980330 -0.005564187 0.000670135 0.009975578 0.005592858 0.999934614 2.165860891
0.999934196 0.003387952 -0.010957728 -0.007975133 -0.003476962 0.999961078 -0.008114222 0.000572715 0.010929810 0.008151788 0.999907017 2.203239441
0.999927700 0.003262938 -0.011570946 -0.008906482 -0.003352399 0.999964595 -0.007720542 0.000746865 0.011545342 0.007758776 0.999903262 2.241868973
0.999908984 0.003480222 -0.013036242 -0.008997004 -0.003572116 0.999968886 -0.007032480 0.001050798 0.013011362 0.007078407 0.999890327 2.280992508
0.999909997 0.002616263 -0.013151241 -0.009874344 -0.002697665 0.999977231 -0.006175743 0.000563171 0.013134785 0.006210666 0.999894440 2.317553520
0.999893367 0.001932110 -0.014472921 -0.010103302 -0.002021377 0.999979019 -0.006155760 0.000179641 0.014460723 0.006184360 0.999876261 2.356556416
0.999892235 0.002300438 -0.014500303 -0.011329809 -0.002417779 0.999964416 -0.008080005 0.000548756 0.014481198 0.008114190 0.999862313 2.394258976
0.999884486 0.003260484 -0.014846849 -0.012368448 -0.003427280 0.999931157 -0.011222952 0.001137227 0.014809236 0.011272539 0.999826849 2.433572531
0.999875724 0.002733931 -0.015532522 -0.012805097 -0.002948568 0.999900281 -0.013812446 0.000225183 0.015493213 0.013856527 0.999783933 2.471707106
0.999869406 0.003112314 -0.015863128 -0.014431076 -0.003348080 0.999884009 -0.014857714 0.000115182 0.015815051 0.014908884 0.999763787 2.511632919
0.999849081 0.004235542 -0.016847000 -0.013995675 -0.004465839 0.999896765 -0.013655823 0.000158381 0.016787419 0.013728999 0.999764740 2.551831245
0.999848604 0.004017158 -0.016928464 -0.015121587 -0.004214243 0.999923587 -0.011622705 -0.000235988 0.016880484 0.011692287 0.999789059 2.591288328
0.999844968 0.003299792 -0.017295005 -0.016012251 -0.003491559 0.999932706 -0.011069557 -0.000646494 0.017257310 0.011128230 0.999789119 2.629523993
0.999832690 0.004146412 -0.017816933 -0.016537342 -0.004351332 0.999924600 -0.011478014 -0.000899564 0.017767996 0.011553623 0.999775350 2.671035290
0.999822915 0.004843043 -0.018188231 -0.018315794 -0.005046692 0.999924898 -0.011167567 -0.001504559 0.018132778 0.011257379 0.999772191 2.711603642
0.999812484 0.004352988 -0.018868925 -0.018139057 -0.004557266 0.999931335 -0.010796699 -0.001324734 0.018820634 0.010880667 0.999763668 2.752452374
0.999807835 0.004155682 -0.019156670 -0.018936574 -0.004361908 0.999932826 -0.010736076 -0.001592023 0.019110769 0.010817573 0.999758840 2.793156147
0.999794722 0.004242808 -0.019813193 -0.019432645 -0.004457868 0.999931514 -0.010822804 -0.001427339 0.019765917 0.010908906 0.999745131 2.835219145
0.999802351 0.003013765 -0.019651141 -0.020790372 -0.003216944 0.999941647 -0.010315868 -0.001859162 0.019618904 0.010377047 0.999753714 2.876422644
0.999795854 0.002899063 -0.019995457 -0.021386173 -0.003091794 0.999948978 -0.009614577 -0.001769291 0.019966567 0.009674437 0.999753773 2.918499231
0.999788463 0.001083631 -0.020539951 -0.021761511 -0.001301668 0.999942839 -0.010604843 -0.000867715 0.020527286 0.010629336 0.999732792 2.960452557
0.999789536 -0.000002695 -0.020513287 -0.022475306 -0.000203864 0.999949217 -0.010067390 -0.001812488 0.020512272 0.010069454 0.999738812 3.002569437
0.999789476 -0.000842815 -0.020503281 -0.023416452 0.000652377 0.999956608 -0.009293081 -0.001911996 0.020510221 0.009277747 0.999746561 3.044542313
0.999767542 -0.000766815 -0.021545626 -0.023564693 0.000592608 0.999967098 -0.008090719 -0.001796788 0.021551123 0.008076072 0.999735117 3.087972403
0.999777853 0.000148964 -0.021076299 -0.024728864 -0.000324755 0.999965131 -0.008337505 -0.001629634 0.021074323 0.008342496 0.999743104 3.129115820
0.999779761 0.000218985 -0.020984655 -0.025839496 -0.000378611 0.999971032 -0.007603110 -0.002610207 0.020982385 0.007609379 0.999750853 3.170211077
0.999762714 0.001263369 -0.021745848 -0.026103649 -0.001409674 0.999976456 -0.006713955 -0.002841769 0.021736855 0.006743016 0.999740958 3.214506865
0.999769151 0.001385165 -0.021445706 -0.027159929 -0.001517317 0.999979913 -0.006147149 -0.003233185 0.021436766 0.006178270 0.999751031 3.255267382
0.999770939 0.002745003 -0.021226611 -0.028410286 -0.002875749 0.999977052 -0.006131485 -0.003625225 0.021209298 0.006191124 0.999755800 3.296660900
0.999772847 0.001884089 -0.021232259 -0.029151149 -0.002008480 0.999980986 -0.005838812 -0.003977355 0.021220854 0.005880130 0.999757588 3.339579344
0.999773324 0.003410461 -0.021022821 -0.030823324 -0.003559000 0.999968886 -0.007032249 -0.003475454 0.020998193 0.007105474 0.999754190 3.380959034
0.999776244 0.003882170 -0.020796560 -0.031558897 -0.004036086 0.999964714 -0.007364167 -0.003835542 0.020767244 0.007446457 0.999756575 3.422806263
0.999772847 0.003375851 -0.021045288 -0.032012276 -0.003514321 0.999972403 -0.006546082 -0.003205515 0.021022609 0.006618555 0.999757111 3.465075016
0.999794304 0.004969692 -0.019661929 -0.033172030 -0.005097171 0.999966204 -0.006438782 -0.003890492 0.019629264 0.006537677 0.999785960 3.505151987
0.999796629 0.003623828 -0.019836470 -0.033340231 -0.003736323 0.999977112 -0.005637010 -0.004701257 0.019815590 0.005709980 0.999787331 3.547010899
0.999811292 0.003707100 -0.019069811 -0.034209680 -0.003826565 0.999973238 -0.006231917 -0.003816590 0.019046197 0.006303712 0.999798775 3.586174965
0.999833167 0.003442293 -0.017936975 -0.036138110 -0.003531714 0.999981463 -0.004955990 -0.003981571 0.017919585 0.005018512 0.999826789 3.628541708
0.999837637 0.002301687 -0.017870970 -0.036343202 -0.002389331 0.999985218 -0.004884450 -0.004596771 0.017859466 0.004926357 0.999828339 3.668593168
0.999842763 0.003211506 -0.017435545 -0.037728839 -0.003322484 0.999974370 -0.006339771 -0.004588963 0.017414739 0.006396704 0.999827862 3.710413456
0.999856830 0.003164566 -0.016622750 -0.038619697 -0.003285646 0.999968231 -0.007261733 -0.004375055 0.016599242 0.007315307 0.999835491 3.750648022
0.999858856 0.003463963 -0.016434716 -0.039248616 -0.003576963 0.999970078 -0.006851275 -0.004690180 0.016410494 0.006909094 0.999841452 3.790735722
0.999875784 0.003390092 -0.015393543 -0.040554278 -0.003487092 0.999974191 -0.006278896 -0.004923780 0.015371857 0.006331795 0.999861717 3.830131054
0.999878526 0.004760273 -0.014843884 -0.041776113 -0.004851730 0.999969363 -0.006131276 -0.004729081 0.014814246 0.006202549 0.999871075 3.869576931
0.999880612 0.005040369 -0.014607369 -0.042517066 -0.005157278 0.999954939 -0.007976848 -0.004761117 0.014566505 0.008051230 0.999861479 3.909492493
0.999881387 0.006292046 -0.014053215 -0.042555336 -0.006418813 0.999939084 -0.008993746 -0.005793249 0.013995768 0.009082887 0.999860823 3.946115494
0.999890029 0.005564549 -0.013737537 -0.042938765 -0.005668113 0.999955773 -0.007511373 -0.005814232 0.013695127 0.007588414 0.999877453 3.985909939
0.999891400 0.005270759 -0.013758009 -0.043809194 -0.005336994 0.999974310 -0.004782114 -0.006162944 0.013732452 0.004855023 0.999893844 4.025163174
0.999904752 0.004100523 -0.013174165 -0.043858986 -0.004150532 0.999984264 -0.003770821 -0.006371251 0.013158495 0.003825141 0.999906123 4.061684608
0.999902725 0.003483820 -0.013504808 -0.043898255 -0.003551760 0.999981225 -0.005010012 -0.006257974 0.013487098 0.005057490 0.999896288 4.099347591
0.999911845 0.000998719 -0.013240936 -0.045366302 -0.001066841 0.999986231 -0.005138707 -0.006809839 0.013235620 0.005152380 0.999899089 4.137347698
0.999905646 0.001607950 -0.013637568 -0.046067119 -0.001709136 0.999971032 -0.007411237 -0.006256396 0.013625257 0.007433847 0.999879479 4.175462723
0.999906421 0.001227613 -0.013622797 -0.046950623 -0.001335736 0.999967635 -0.007930649 -0.006707551 0.013612622 0.007948103 0.999875724 4.212383747
0.999890327 0.002133265 -0.014652519 -0.047137510 -0.002260474 0.999959826 -0.008670690 -0.006838808 0.014633432 0.008702863 0.999854982 4.250073910
0.999885857 0.002080238 -0.014958185 -0.048029125 -0.002206316 0.999962151 -0.008417131 -0.006966246 0.014940111 0.008449173 0.999852717 4.286975861
0.999875546 0.002747483 -0.015536283 -0.048474964 -0.002849094 0.999974668 -0.006521901 -0.008607855 0.015517971 0.006565354 0.999858081 4.323834896
0.999859631 0.001841253 -0.016650066 -0.048917234 -0.001923215 0.999986172 -0.004907993 -0.007729469 0.016640797 0.004939327 0.999849379 4.361339569
0.999847531 0.002447552 -0.017289834 -0.049281821 -0.002518756 0.999988377 -0.004097684 -0.007784639 0.017279601 0.004140607 0.999842107 4.398262024
0.999828100 0.002988876 -0.018302588 -0.049987178 -0.003074979 0.999984324 -0.004678075 -0.007556856 0.018288314 0.004733551 0.999821544 4.435236931
0.999819160 0.001534511 -0.018959682 -0.050582409 -0.001626213 0.999987006 -0.004822165 -0.007482108 0.018952034 0.004852124 0.999808669 4.471723557
0.999840021 -0.000359920 -0.017881751 -0.052797504 0.000293988 0.999993145 -0.003689570 -0.008572847 0.017882958 0.003683723 0.999833226 4.503322601
0.999824107 -0.000756131 -0.018743241 -0.052643239 0.000698328 0.999994993 -0.003090292 -0.009019135 0.018745484 0.003076660 0.999819577 4.538131237
0.999821663 -0.000540751 -0.018879119 -0.054726932 0.000454289 0.999989390 -0.004583791 -0.009707032 0.018881395 0.004574396 0.999811232 4.574067593
0.999798477 -0.000674454 -0.020061849 -0.054321546 0.000538672 0.999976933 -0.006772810 -0.009417897 0.020065950 0.006760638 0.999775946 4.609138012
0.999785364 -0.000925873 -0.020699749 -0.054389585 0.000747079 0.999962389 -0.008643553 -0.009302553 0.020706972 0.008626233 0.999748468 4.644160748
0.999785841 -0.000068556 -0.020695463 -0.056292668 -0.000107437 0.999963880 -0.008502728 -0.008760663 0.020695295 0.008503132 0.999749720 4.678566933
0.999779105 0.000843638 -0.021001475 -0.056662139 -0.000982811 0.999977589 -0.006617374 -0.009952901 0.020995423 0.006636552 0.999757528 4.714004993
0.999780655 0.002224887 -0.020831712 -0.058101080 -0.002356906 0.999977291 -0.006315022 -0.009516783 0.020817190 0.006362735 0.999762952 4.748130322
0.999752760 0.000633966 -0.022224933 -0.057905260 -0.000730128 0.999990463 -0.004318912 -0.011018853 0.022221982 0.004334071 0.999743581 4.784278393
0.999763012 0.001169110 -0.021738794 -0.059448022 -0.001248767 0.999992549 -0.003651071 -0.010327119 0.021734362 0.003677353 0.999756992 4.816913605
0.999761581 0.000520276 -0.021829080 -0.060353704 -0.000577170 0.999996424 -0.002600130 -0.010383348 0.021827647 0.002612109 0.999758303 4.850942612
0.999761403 0.000156911 -0.021843569 -0.061185271 -0.000190230 0.999998808 -0.001523272 -0.010661704 0.021843301 0.001527064 0.999760151 4.883172035
0.999760628 -0.000289163 -0.021874959 -0.062072348 0.000252120 0.999998510 -0.001696116 -0.010513817 0.021875417 0.001690195 0.999759197 4.915490150
0.999762774 -0.000043122 -0.021780016 -0.063333526 -0.000015199 0.999996424 -0.002677567 -0.009918388 0.021780051 0.002677263 0.999759138 4.947343349
0.999771476 0.000224644 -0.021379229 -0.064147696 -0.000290704 0.999995172 -0.003086851 -0.010104109 0.021378433 0.003092360 0.999766588 4.976454735
0.999759376 0.000357213 -0.021931803 -0.063763782 -0.000425738 0.999995053 -0.003119884 -0.011064224 0.021930575 0.003128471 0.999754608 5.006222725
0.999759793 0.000098905 -0.021916466 -0.064098798 -0.000185469 0.999992311 -0.003947707 -0.010838415 0.021915900 0.003950824 0.999751985 5.034724236
0.999770343 0.001035795 -0.021407731 -0.064964511 -0.001104124 0.999994338 -0.003180203 -0.011528242 0.021404313 0.003203109 0.999765813 5.062553883
0.999771774 0.002243563 -0.021246292 -0.065879032 -0.002283795 0.999995768 -0.001869541 -0.011764696 0.021242004 0.001917637 0.999772549 5.089034557
0.999778688 0.002428693 -0.020895144 -0.066608265 -0.002459348 0.999995947 -0.001441489 -0.011728425 0.020891560 0.001492559 0.999780655 5.115020752
0.999782979 0.001754490 -0.020757549 -0.067157224 -0.001766470 0.999998212 -0.000558814 -0.012146160 0.020756532 0.000595361 0.999784410 5.139320850
0.999787569 0.001849469 -0.020530194 -0.067759275 -0.001849390 0.999998212 0.000022809 -0.012490368 0.020530200 0.000015165 0.999789298 5.163255215
0.999800742 0.001810959 -0.019880116 -0.068463035 -0.001828261 0.999997973 -0.000852161 -0.012438292 0.019878536 0.000888338 0.999801993 5.186140060
0.999792278 0.000955464 -0.020362422 -0.068392314 -0.000988514 0.999998212 -0.001613108 -0.012586454 0.020360850 0.001632901 0.999791324 5.208094597
0.999802411 0.002006006 -0.019777771 -0.069382243 -0.002049434 0.999995530 -0.002175784 -0.012492754 0.019773314 0.002215887 0.999802053 5.229979038
0.999802768 0.002222848 -0.019737387 -0.069708444 -0.002288405 0.999991953 -0.003299468 -0.012785664 0.019729892 0.003343984 0.999799788 5.250657558
0.999798834 0.000517606 -0.020050041 -0.070377067 -0.000615370 0.999987900 -0.004870161 -0.012802766 0.020047273 0.004881519 0.999787211 5.270329475
0.999792099 -0.000185798 -0.020391855 -0.071281232 0.000048656 0.999977291 -0.006725585 -0.012832088 0.020392643 0.006723194 0.999769449 5.290508270
0.999766469 0.000334490 -0.021608002 -0.071308628 -0.000513544 0.999965549 -0.008281449 -0.013301145 0.021604490 0.008290611 0.999732196 5.309929848
0.999750733 0.000481661 -0.022323560 -0.071989976 -0.000670647 0.999963939 -0.008459034 -0.013415921 0.022318682 0.008471897 0.999715030 5.329077244
0.999736249 0.000909887 -0.022949055 -0.072795741 -0.001093466 0.999967635 -0.007988136 -0.013485789 0.022941042 0.008011124 0.999704719 5.348456860
0.999698162 0.000327430 -0.024567805 -0.072455138 -0.000519336 0.999969482 -0.007805293 -0.013252191 0.024564497 0.007815696 0.999667704 5.367500305
0.999687910 0.001678264 -0.024926081 -0.073388368 -0.001830352 0.999979913 -0.006079978 -0.013900494 0.024915379 0.006123705 0.999670804 5.385923862
0.999686599 0.002275934 -0.024927724 -0.074468270 -0.002409795 0.999982834 -0.005341245 -0.013976817 0.024915144 0.005399642 0.999674916 5.404134750
0.999684155 0.002088226 -0.025043555 -0.075226314 -0.002220227 0.999983847 -0.005244181 -0.013717855 0.025032200 0.005298128 0.999672532 5.422547340
0.999652863 0.003309781 -0.026135640 -0.075516075 -0.003428947 0.999983966 -0.004516061 -0.013744967 0.026120268 0.004604111 0.999648213 5.440458298
0.999656558 0.004098675 -0.025884533 -0.076175049 -0.004206047 0.999982774 -0.004095040 -0.013780995 0.025867304 0.004202505 0.999656558 5.455580711
0.999650836 0.003661176 -0.026169578 -0.076471813 -0.003766272 0.999985039 -0.003967831 -0.013902841 0.026154660 0.004065007 0.999649644 5.471404076
0.999649644 0.002503745 -0.026351314 -0.076791443 -0.002597150 0.999990463 -0.003510957 -0.013950401 0.026342273 0.003578165 0.999646544 5.487059116
0.999640882 0.002789056 -0.026655849 -0.077562854 -0.002868321 0.999991536 -0.002935858 -0.013765238 0.026647437 0.003011260 0.999640405 5.501839161
0.999660671 0.005185827 -0.025527582 -0.078181140 -0.005257078 0.999982476 -0.002724853 -0.014202694 0.025513003 0.002858129 0.999670327 5.514897823
0.999667406 0.004818647 -0.025334502 -0.078378387 -0.004885249 0.999984741 -0.002567669 -0.014313191 0.025321744 0.002690581 0.999675691 5.528125763
0.999681115 0.004920347 -0.024765864 -0.078760877 -0.004983472 0.999984562 -0.002487865 -0.014372233 0.024753237 0.002610492 0.999690115 5.540535927
0.999687731 0.005057313 -0.024471564 -0.079223327 -0.005130128 0.999982536 -0.002913600 -0.014483452 0.024456400 0.003038232 0.999696255 5.551917553
0.999689698 0.004532551 -0.024492927 -0.079341926 -0.004619649 0.999983132 -0.003500585 -0.014358005 0.024476647 0.003612647 0.999693871 5.563149929
0.999695122 0.004344820 -0.024307089 -0.079748616 -0.004459750 0.999979079 -0.004676003 -0.014156139 0.024286265 0.004782981 0.999693513 5.574265957
0.999700785 0.005713775 -0.023780709 -0.080128208 -0.005857705 0.999964893 -0.005987085 -0.014433205 0.023745663 0.006124594 0.999699295 5.584509373
0.999705553 0.005483184 -0.023638532 -0.080258831 -0.005650087 0.999959528 -0.006999627 -0.014485387 0.023599196 0.007131127 0.999696076 5.594209194
0.999703705 0.005564482 -0.023697097 -0.080518365 -0.005746487 0.999954462 -0.007619291 -0.014527805 0.023653623 0.007753209 0.999690115 5.605139732
0.999705791 0.005458909 -0.023633733 -0.080971956 -0.005641709 0.999954581 -0.007674885 -0.014836345 0.023590766 0.007805959 0.999691248 5.615620136
0.999699295 0.005165537 -0.023974726 -0.081581034 -0.005352523 0.999955654 -0.007741597 -0.014940618 0.023933679 0.007867592 0.999682605 5.625983238
0.999697447 0.005349635 -0.024010276 -0.081935786 -0.005535872 0.999954998 -0.007696741 -0.015013674 0.023968026 0.007827329 0.999682069 5.635971546
0.999693394 0.005015596 -0.024249153 -0.082075775 -0.005204095 0.999956787 -0.007716595 -0.014825104 0.024209401 0.007840425 0.999676168 5.645104408
0.999687314 0.004882496 -0.024526462 -0.082053006 -0.005094437 0.999950171 -0.008586325 -0.014508590 0.024483318 0.008708589 0.999662399 5.655090809
0.999689162 0.005017642 -0.024425078 -0.082923725 -0.005245054 0.999943435 -0.009255422 -0.014637403 0.024377258 0.009380655 0.999658883 5.664021015
0.999677896 0.004628886 -0.024951573 -0.082888365 -0.004859993 0.999945700 -0.009209516 -0.014779881 0.024907589 0.009327815 0.999646246 5.673973083
0.999673545 0.004888183 -0.025077613 -0.083238326 -0.005112336 0.999947429 -0.008882086 -0.014778920 0.025032878 0.009007392 0.999646068 5.683460236
0.999660730 0.004567597 -0.025642671 -0.083221234 -0.004776516 0.999955773 -0.008091957 -0.015267195 0.025604578 0.008211694 0.999638438 5.693029404
0.999657214 0.004897603 -0.025719924 -0.083716229 -0.005116333 0.999951243 -0.008445404 -0.015265338 0.025677307 0.008574102 0.999633491 5.702077866
0.999653220 0.004485612 -0.025946977 -0.083976090 -0.004693001 0.999957442 -0.007937474 -0.015350524 0.025910268 0.008056489 0.999631882 5.711113453
0.999649823 0.004960375 -0.025990065 -0.084299892 -0.005166148 0.999955714 -0.007856241 -0.015488733 0.025949944 0.007987758 0.999631405 5.719627857
0.999643922 0.004578250 -0.026286719 -0.084500708 -0.004782355 0.999958754 -0.007707037 -0.015507611 0.026250353 0.007830004 0.999624789 5.728242874
0.999635220 0.004532524 -0.026622858 -0.084558524 -0.004739987 0.999958873 -0.007734757 -0.015411360 0.026586702 0.007858129 0.999615729 5.736848354
0.999639332 0.004025525 -0.026550759 -0.085037656 -0.004224470 0.999963403 -0.007441198 -0.015652142 0.026519835 0.007550675 0.999619782 5.743255615
0.999634326 0.003118322 -0.026862914 -0.085052565 -0.003298680 0.999972343 -0.006672299 -0.015948234 0.026841369 0.006758471 0.999616861 5.751153469
0.999621749 0.002731054 -0.027366774 -0.085050173 -0.002901440 0.999976695 -0.006188208 -0.015986826 0.027349234 0.006265270 0.999606311 5.758083820
0.999632418 0.003198645 -0.026923368 -0.085569069 -0.003359924 0.999976635 -0.005947194 -0.016093828 0.026903717 0.006035469 0.999619842 5.764530659
0.999632359 0.003233607 -0.026920060 -0.085914381 -0.003381516 0.999979377 -0.005450652 -0.015942484 0.026901878 0.005539680 0.999622643 5.770396709
0.999628484 0.004035083 -0.026955752 -0.086208135 -0.004172948 0.999978483 -0.005060214 -0.016076759 0.026934754 0.005170819 0.999623775 5.775473118
0.999620199 0.004222666 -0.027231790 -0.086403355 -0.004358127 0.999978423 -0.004916907 -0.016026530 0.027210439 0.005033719 0.999617040 5.780482769
0.999615192 0.004118174 -0.027429571 -0.086228155 -0.004264412 0.999976993 -0.005275042 -0.016031481 0.027407218 0.005389984 0.999609828 5.784370422
0.999620318 0.003574140 -0.027322166 -0.086495593 -0.003745041 0.999973714 -0.006206423 -0.015876375 0.027299261 0.006306390 0.999607384 5.788043022
0.999614835 0.003717662 -0.027503181 -0.086613618 -0.003907450 0.999968886 -0.006850055 -0.016002972 0.027476853 0.006954885 0.999598205 5.791029930
0.999617517 0.003636571 -0.027416045 -0.086823203 -0.003824300 0.999969602 -0.006798095 -0.016133398 0.027390489 0.006900342 0.999600887 5.794393539
0.999610543 0.003671816 -0.027666055 -0.086836442 -0.003861262 0.999969482 -0.006797264 -0.016055517 0.027640250 0.006901442 0.999594092 5.797456264
0.999606311 0.003953590 -0.027776735 -0.086936213 -0.004150809 0.999966562 -0.007046094 -0.016005732 0.027747951 0.007158616 0.999589264 5.799919128
0.999609292 0.003723645 -0.027701719 -0.086997874 -0.003917995 0.999968052 -0.006964847 -0.015999371 0.027674902 0.007070662 0.999591947 5.802170277
0.999605417 0.003781755 -0.027832346 -0.086971037 -0.003982784 0.999966383 -0.007170922 -0.015912982 0.027804296 0.007278943 0.999586821 5.804540634
0.999612212 0.003775335 -0.027587960 -0.087339982 -0.003982625 0.999964178 -0.007462719 -0.015919195 0.027558798 0.007569696 0.999591589 5.806469440
0.999607682 0.004049064 -0.027714970 -0.087333746 -0.004274782 0.999958098 -0.008089861 -0.015802776 0.027681055 0.008205161 0.999583185 5.808277607
0.999605000 0.004214280 -0.027788078 -0.087293051 -0.004452223 0.999953926 -0.008506428 -0.015946563 0.027750943 0.008626788 0.999577761 5.810254097
0.999597073 0.003919060 -0.028116304 -0.087226167 -0.004145070 0.999959528 -0.007984608 -0.016194718 0.028083872 0.008097935 0.999572754 5.811819077
0.999598205 0.003842027 -0.028084064 -0.087252624 -0.004066185 0.999960303 -0.007928954 -0.016178863 0.028052481 0.008039965 0.999574125 5.813426495
0.999599636 0.003988401 -0.028012784 -0.087344922 -0.004214868 0.999958932 -0.008030070 -0.016160637 0.027979601 0.008144928 0.999575377 5.814858437
0.999601483 0.004174367 -0.027920336 -0.087536179 -0.004400619 0.999957860 -0.008046939 -0.016065607 0.027885569 0.008166598 0.999577761 5.816218853
0.999600589 0.004228240 -0.027944386 -0.087538496 -0.004448599 0.999959528 -0.007828161 -0.016134320 0.027910151 0.007949348 0.999578893 5.817234039
0.999593019 0.003906093 -0.028261047 -0.087533966 -0.004131491 0.999960065 -0.007921559 -0.016051445 0.028228981 0.008035094 0.999569237 5.818261623
0.999592543 0.004015055 -0.028260289 -0.087466635 -0.004232689 0.999961793 -0.007645421 -0.016084470 0.028228514 0.007761921 0.999571383 5.818891048
0.999593318 0.004035247 -0.028230097 -0.087500475 -0.004250898 0.999962151 -0.007583167 -0.016074151 0.028198427 0.007700087 0.999572814 5.819198132
0.999594152 0.004101000 -0.028192719 -0.087493308 -0.004311777 0.999963164 -0.007419540 -0.016074084 0.028161258 0.007538088 0.999575019 5.819165230
0.999598444 0.003847203 -0.028076181 -0.087588631 -0.004063059 0.999962568 -0.007635201 -0.016101895 0.028045760 0.007746209 0.999576688 5.819050789
0.999594450 0.003514011 -0.028264320 -0.087464496 -0.003752923 0.999957561 -0.008404150 -0.016311772 0.028233591 0.008506813 0.999565184 5.819005489
0.999601722 0.003487589 -0.028006785 -0.087579228 -0.003743072 0.999951899 -0.009074965 -0.016296871 0.027973786 0.009176182 0.999566615 5.818956375
0.999596894 0.003294816 -0.028202113 -0.087448344 -0.003540427 0.999956131 -0.008663468 -0.016306326 0.028172331 0.008759823 0.999564767 5.819164276
0.999600172 0.003467765 -0.028066762 -0.087549172 -0.003722612 0.999952257 -0.009032881 -0.016233817 0.028034102 0.009133750 0.999565244 5.818904877
0.999593794 0.003239217 -0.028317522 -0.087453313 -0.003515463 0.999946654 -0.009710977 -0.016337104 0.028284553 0.009806580 0.999551892 5.819052219
0.999597073 0.003389628 -0.028182521 -0.087557897 -0.003676825 0.999941647 -0.010145011 -0.016222902 0.028146490 0.010244544 0.999551356 5.819419861
0.999593019 0.003485147 -0.028314129 -0.087466590 -0.003777989 0.999939740 -0.010295693 -0.016148433 0.028276542 0.010398473 0.999546111 5.819854259
0.999601245 0.003345637 -0.028038243 -0.087675028 -0.003632274 0.999941468 -0.010178355 -0.016314559 0.028002555 0.010276139 0.999555111 5.820101261
0.999601543 0.003314612 -0.028032130 -0.087680630 -0.003598248 0.999942660 -0.010073859 -0.016226798 0.027997138 0.010170711 0.999556303 5.820545673
0.999592423 0.003531452 -0.028329210 -0.087521285 -0.003823607 0.999939919 -0.010265346 -0.016124103 0.028291257 0.010369478 0.999545991 5.821364880
0.999601364 0.003557952 -0.028008206 -0.087880865 -0.003850194 0.999938607 -0.010387174 -0.016171474 0.027969528 0.010490870 0.999553800 5.822081566
0.999602973 0.003633338 -0.027943550 -0.087853931 -0.003928025 0.999937117 -0.010498152 -0.016194344 0.027903648 0.010603744 0.999554455 5.823191166
0.999594867 0.003490634 -0.028247533 -0.087755330 -0.003802944 0.999932110 -0.011010011 -0.016122896 0.028207183 0.011112972 0.999540389 5.824331284
0.999595106 0.002781361 -0.028318632 -0.087650985 -0.003108430 0.999928892 -0.011512146 -0.016291592 0.028284600 0.011595512 0.999532640 5.825484753
0.999599934 0.003479373 -0.028071351 -0.087948725 -0.003831492 0.999914467 -0.012499706 -0.016257964 0.028025459 0.012602259 0.999527812 5.827487946
0.999591053 0.003048031 -0.028435864 -0.087675422 -0.003429339 0.999904692 -0.013370283 -0.016126968 0.028392401 0.013462331 0.999506176 5.829684734
0.999601305 0.003232522 -0.028049849 -0.087955445 -0.003619727 0.999898672 -0.013764378 -0.016306482 0.028002514 0.013860426 0.999511778 5.832673073
0.999603689 0.003197688 -0.027967017 -0.087966114 -0.003593499 0.999893904 -0.014113975 -0.016209058 0.027918918 0.014208881 0.999509156 5.836025715
0.999603570 0.002899756 -0.028003285 -0.087994196 -0.003302361 0.999891698 -0.014341545 -0.016333200 0.027958663 0.014428337 0.999504924 5.839933395
0.999614179 0.003069236 -0.027602756 -0.088217996 -0.003468256 0.999889970 -0.014419524 -0.016471602 0.027555460 0.014509695 0.999514997 5.844205379
0.999627531 0.002763689 -0.027149735 -0.088457376 -0.003173804 0.999881327 -0.015074201 -0.016423330 0.027104856 0.015154757 0.999517679 5.849291325
0.999640942 0.002496419 -0.026678232 -0.088502526 -0.002912211 0.999874651 -0.015557937 -0.016376786 0.026636053 0.015630042 0.999522984 5.854573250
0.999656379 0.002512565 -0.026093462 -0.088826768 -0.002937821 0.999863148 -0.016271884 -0.016357616 0.026049012 0.016342949 0.999527037 5.860893726
0.999675393 0.002806296 -0.025322068 -0.089271948 -0.003244870 0.999845147 -0.017295403 -0.016364492 0.025269615 0.017371956 0.999529779 5.867963314
0.999676824 0.003150724 -0.025223298 -0.089370683 -0.003602763 0.999833286 -0.017896160 -0.016384989 0.025162710 0.017981250 0.999521732 5.875965595
0.999682128 0.003126670 -0.025015412 -0.089260936 -0.003577022 0.999831975 -0.017978560 -0.016688146 0.024954995 0.018062325 0.999525309 5.884107590
0.999703288 0.003241567 -0.024144083 -0.089776613 -0.003683603 0.999826074 -0.018286318 -0.016696945 0.024080604 0.018369829 0.999541163 5.893397808
0.999715209 0.002714687 -0.023712486 -0.089883879 -0.003152954 0.999824584 -0.018464787 -0.016709849 0.023658199 0.018534292 0.999548197 5.903508663
0.999716103 0.001562112 -0.023774292 -0.089781210 -0.002009062 0.999821544 -0.018787451 -0.016772673 0.023740700 0.018829882 0.999540746 5.914630413
