0.999998093 -0.001567457 -0.001188106 -0.000204796 0.001566853 0.999998629 -0.000509514 -0.000152285 0.001188903 0.000507651 0.999999106 0.045544222
0.999996781 -0.001068671 -0.002306183 -0.000189063 0.001064640 0.999997914 -0.001748424 -0.000231987 0.002308047 0.001745963 0.999995828 0.067657165
0.999994218 -0.001830879 -0.002854478 -0.000313883 0.001826267 0.999996960 -0.001617175 -0.000581049 0.002857430 0.001611953 0.999994636 0.090420760
0.999990702 -0.002406997 -0.003615536 -0.000417184 0.002398266 0.999994159 -0.002417113 -0.000531139 0.003621334 0.002408419 0.999990523 0.110494807
0.999983609 -0.003742906 -0.004330389 -0.000558822 0.003731885 0.999989808 -0.002550212 -0.000476589 0.004339890 0.002534009 0.999987364 0.131317616
0.999982297 -0.004093251 -0.004325876 -0.000974392 0.004088507 0.999991000 -0.001104572 -0.000465689 0.004330359 0.001086866 0.999989927 0.152570680
0.999978065 -0.003536751 -0.005604839 -0.000868235 0.003542905 0.999993145 0.001088594 -0.000388410 0.005600952 -0.001108427 0.999983668 0.172125936
0.999976039 -0.003119539 -0.006182184 -0.001106761 0.003132897 0.999992728 0.002152162 -0.000484588 0.006175427 -0.002171479 0.999978602 0.191552401
0.999974668 -0.003283284 -0.006317326 -0.001705761 0.003296999 0.999992251 0.002161673 -0.000272406 0.006310179 -0.002182446 0.999977767 0.211127862
0.999965429 -0.004143386 -0.007208547 -0.001329863 0.004164950 0.999986827 0.002978993 -0.000371090 0.007196109 -0.003008913 0.999969602 0.229368970
0.999965489 -0.004691253 -0.006858227 -0.001561905 0.004714147 0.999983370 0.003325871 -0.000514161 0.006842510 -0.003358087 0.999970973 0.247332647
0.999964654 -0.005123206 -0.006665756 -0.001641595 0.005138697 0.999984086 0.002308611 -0.000556439 0.006653823 -0.002342782 0.999975145 0.264460862
0.999969006 -0.005264891 -0.005855096 -0.002075392 0.005267309 0.999986053 0.000397377 -0.000650166 0.005852923 -0.000428205 0.999982774 0.281327903
0.999966741 -0.005425382 -0.006090637 -0.001889884 0.005414600 0.999983728 -0.001785397 -0.000404446 0.006100225 0.001752359 0.999979794 0.297634244
0.999966145 -0.005745917 -0.005891569 -0.001803838 0.005732860 0.999981046 -0.002230432 -0.000750590 0.005904274 0.002196581 0.999980092 0.313951612
0.999967098 -0.006311283 -0.005091068 -0.002251255 0.006298167 0.999976933 -0.002587865 -0.000391480 0.005107284 0.002555716 0.999983668 0.330283791
0.999971509 -0.005581740 -0.005082496 -0.002254947 0.005573126 0.999983013 -0.001707389 -0.000515013 0.005091941 0.001679016 0.999985576 0.346011013
0.999975085 -0.004881101 -0.005102497 -0.002519760 0.004870171 0.999985814 -0.002152346 -0.000520881 0.005112930 0.002127442 0.999984622 0.362451643
0.999982357 -0.003410432 -0.004870916 -0.002784949 0.003401046 0.999992371 -0.001934038 -0.000891726 0.004877475 0.001917438 0.999986291 0.378506392
0.999985039 -0.002767732 -0.004720900 -0.002885323 0.002754425 0.999992251 -0.002822845 -0.000593304 0.004728676 0.002809800 0.999984860 0.393637359
0.999986112 -0.002776504 -0.004488429 -0.003123343 0.002763952 0.999992311 -0.002800176 -0.000827943 0.004496169 0.002787730 0.999985993 0.409317791
0.999984860 -0.003065479 -0.004565710 -0.003065280 0.003050281 0.999989927 -0.003331849 -0.000733846 0.004575877 0.003317872 0.999984026 0.424505919
0.999983490 -0.003208205 -0.004770104 -0.003006802 0.003187734 0.999985695 -0.004292961 -0.000749739 0.004783809 0.004277684 0.999979436 0.439516842
0.999985278 -0.002441392 -0.004836868 -0.003178685 0.002417798 0.999985158 -0.004877795 -0.000767414 0.004848705 0.004866031 0.999976397 0.454785705
0.999990642 -0.001330715 -0.004117600 -0.003556476 0.001310341 0.999986887 -0.004946667 -0.000736957 0.004124129 0.004941226 0.999979317 0.469768077
0.999991536 -0.000208608 -0.004116121 -0.003679080 0.000187429 0.999986768 -0.005144925 -0.000694691 0.004117140 0.005144111 0.999978304 0.484450489
0.999993265 0.000425614 -0.003649616 -0.003727277 -0.000445328 0.999985337 -0.005402692 -0.000798450 0.003647263 0.005404281 0.999978781 0.499161839
0.999996126 0.000736836 -0.002705162 -0.004269323 -0.000754056 0.999979436 -0.006370040 -0.000402436 0.002700413 0.006372055 0.999976099 0.513343394
0.999997377 0.000599525 -0.002222803 -0.003896128 -0.000614891 0.999975860 -0.006918933 -0.000845511 0.002218601 0.006920282 0.999973595 0.528126419
0.999997556 0.001222598 -0.001840437 -0.003780405 -0.001237452 0.999966562 -0.008091357 -0.001131062 0.001830482 0.008093615 0.999965608 0.542030931
0.999999762 0.000702735 -0.000363527 -0.004080489 -0.000706101 0.999956071 -0.009344425 -0.001340543 0.000356944 0.009344678 0.999956310 0.555992603
0.999999881 0.000425584 0.000159095 -0.004081900 -0.000423957 0.999948978 -0.010090408 -0.001346310 -0.000163381 0.010090339 0.999949098 0.571360409
0.999999821 0.000003106 0.000626670 -0.003838823 0.000003653 0.999941826 -0.010785299 -0.001436934 -0.000626667 0.010785299 0.999941707 0.585627794
0.999997795 -0.000860588 0.001886016 -0.003966826 0.000882141 0.999933898 -0.011456763 -0.001625727 -0.001876032 0.011458402 0.999932647 0.600564659
0.999996305 -0.001486013 0.002334242 -0.004086041 0.001515215 0.999920011 -0.012558376 -0.001622783 -0.002315393 0.012561864 0.999918342 0.615643322
0.999993920 -0.001738906 0.003028313 -0.004010490 0.001778133 0.999913990 -0.012999097 -0.001950890 -0.003005448 0.013004401 0.999910831 0.629882514
0.999991894 -0.001681601 0.003665744 -0.003598240 0.001731201 0.999906361 -0.013569879 -0.001978417 -0.003642582 0.013576114 0.999901175 0.645514607
0.999987662 -0.001994009 0.004548730 -0.004365342 0.002056496 0.999902964 -0.013774270 -0.002053573 -0.004520823 0.013783456 0.999894798 0.660740018
0.999983549 -0.002310677 0.005231975 -0.004283205 0.002384044 0.999898314 -0.014060378 -0.002029114 -0.005198954 0.014072621 0.999887466 0.676467299
0.999975145 -0.004173336 0.005679964 -0.004012899 0.004258474 0.999877572 -0.015060557 -0.001812296 -0.005616415 0.015084372 0.999870360 0.692444026
0.999966443 -0.005743762 0.005845988 -0.003755478 0.005835413 0.999858379 -0.015783137 -0.002061969 -0.005754505 0.015816720 0.999858260 0.708842635
0.999956787 -0.006306135 0.006836402 -0.003876585 0.006415882 0.999849021 -0.016152058 -0.002188891 -0.006733513 0.016195219 0.999846041 0.725289822
0.999952316 -0.006871502 0.006937672 -0.003587513 0.006980977 0.999849558 -0.015881082 -0.002249233 -0.006827502 0.015928758 0.999849737 0.742501020
0.999952197 -0.006129568 0.007625966 -0.003725984 0.006241240 0.999872446 -0.014707088 -0.002134889 -0.007534843 0.014753981 0.999862731 0.760757864
0.999952137 -0.005269320 0.008240511 -0.004137276 0.005383360 0.999889135 -0.013878679 -0.001889504 -0.008166467 0.013922377 0.999869704 0.779227436
0.999945343 -0.006238875 0.008386865 -0.003837879 0.006351118 0.999889731 -0.013423928 -0.002273152 -0.008302191 0.013476459 0.999874711 0.799003065
0.999936759 -0.007161810 0.008670511 -0.003595361 0.007266322 0.999900520 -0.012082862 -0.003064837 -0.008583114 0.012145101 0.999889374 0.819079757
0.999945343 -0.007023554 0.007741150 -0.003526954 0.007115240 0.999904096 -0.011880786 -0.002200739 -0.007656961 0.011935219 0.999899447 0.838104129
0.999954045 -0.006304422 0.007222616 -0.003288744 0.006388781 0.999910891 -0.011716858 -0.002123324 -0.007148105 0.011762463 0.999905288 0.859755695
0.999956608 -0.005832769 0.007260031 -0.003609966 0.005923904 0.999903023 -0.012595443 -0.002238246 -0.007185861 0.012637907 0.999894321 0.881627917
0.999959826 -0.005757029 0.006871787 -0.003787813 0.005851682 0.999887168 -0.013834445 -0.002141451 -0.006791365 0.013874101 0.999880672 0.904532611
0.999967813 -0.004924261 0.006338804 -0.004008279 0.005013556 0.999887347 -0.014149148 -0.002020425 -0.006268415 0.014180473 0.999879777 0.928259194
0.999977887 -0.003601670 0.005588498 -0.003935442 0.003669447 0.999919236 -0.012165513 -0.002235088 -0.005544230 0.012185749 0.999910355 0.952392876
0.999985456 -0.002467695 0.004793186 -0.003915156 0.002518378 0.999940693 -0.010596961 -0.002085529 -0.004766752 0.010608880 0.999932289 0.977026105
0.999987781 -0.002964285 0.003985695 -0.004324196 0.002999882 0.999955416 -0.008955164 -0.002623775 -0.003958972 0.008967010 0.999951899 1.002194762
0.999983072 -0.004721262 0.003389727 -0.004039345 0.004748541 0.999956012 -0.008085323 -0.002825789 -0.003351404 0.008101281 0.999961555 1.028180003
0.999987841 -0.003939508 0.002963994 -0.003843817 0.003966241 0.999951005 -0.009068210 -0.002347230 -0.002928125 0.009079855 0.999954462 1.055523276
0.999986291 -0.004252930 0.003037804 -0.004647800 0.004282109 0.999944091 -0.009664378 -0.002854756 -0.002996532 0.009677255 0.999948680 1.083142996
0.999989688 -0.003853365 0.002410848 -0.004274379 0.003876438 0.999945998 -0.009640314 -0.002848342 -0.002373571 0.009649557 0.999950528 1.111206532
0.999975920 -0.006780270 0.001479980 -0.003398420 0.006791920 0.999944746 -0.008014120 -0.002153963 -0.001425560 0.008023978 0.999966800 1.140382648
0.999949157 -0.009961835 0.001587033 -0.003379724 0.009969315 0.999938846 -0.004776617 -0.001823541 -0.001539352 0.004792196 0.999987364 1.169967413
0.999872446 -0.015899368 0.001486145 -0.003051022 0.015901757 0.999872208 -0.001612683 -0.001814176 -0.001460315 0.001636108 0.999997616 1.199801326
0.999861419 -0.016612198 0.001084822 -0.003024941 0.016612576 0.999861956 -0.000340003 -0.001920424 -0.001079024 0.000357978 0.999999344 1.230600476
0.999857247 -0.016899953 0.000100757 -0.002704869 0.016899873 0.999856889 0.000767663 -0.001557642 -0.000113716 -0.000765851 0.999999702 1.261756539
0.999816418 -0.019148072 0.000616606 -0.003730504 0.019148286 0.999816537 -0.000342252 -0.001314295 -0.000609939 0.000353996 0.999999762 1.294062853
0.999701679 -0.024417760 -0.000545099 -0.002489200 0.024417391 0.999701619 -0.000674207 -0.000716879 0.000561399 0.000660696 0.999999583 1.328027964
0.999730766 -0.023195285 -0.000507906 -0.002353969 0.023195248 0.999731004 -0.000076991 0.000380455 0.000509555 0.000065189 0.999999881 1.362880111
0.999799490 -0.020010749 -0.000735081 -0.002904841 0.020011002 0.999799669 0.000337324 -0.000014719 0.000728183 -0.000351966 0.999999702 1.395409107
0.999829412 -0.018447541 -0.000977545 -0.003331935 0.018445976 0.999828637 -0.001585532 0.000079183 0.001006627 0.001567230 0.999998331 1.429211617
0.999809861 -0.019472620 -0.001085281 -0.003075046 0.019463265 0.999778211 -0.008049130 0.000452363 0.001241778 0.008026476 0.999967039 1.463803291
0.999840319 -0.017840816 -0.001013957 -0.003152511 0.017826444 0.999759734 -0.012753841 0.000570199 0.001241252 0.012733727 0.999918103 1.498643041
0.999894440 -0.014525904 0.000268774 -0.004502560 0.014528186 0.999807298 -0.013200726 0.000097401 -0.000076970 0.013203235 0.999912798 1.532675862
0.999920368 -0.012615644 0.000055470 -0.004153230 0.012615433 0.999852121 -0.011684140 0.000066319 0.000091941 0.011683908 0.999931693 1.568461895
0.999930084 -0.011826880 0.000076211 -0.004193760 0.011827114 0.999898076 -0.007988064 -0.000073747 0.000018270 0.007988406 0.999968112 1.603735328
0.999920547 -0.012603684 0.000307976 -0.004219541 0.012604982 0.999909759 -0.004647384 -0.000069483 -0.000249373 0.004650897 0.999989092 1.639148951
0.999900699 -0.014087327 0.000242601 -0.004067964 0.014087952 0.999896824 -0.002796984 -0.000175044 -0.000203174 0.002800124 0.999996066 1.674668431
0.999899924 -0.014128106 0.000746064 -0.004219586 0.014131437 0.999889195 -0.004667653 -0.000239773 -0.000680036 0.004677730 0.999988854 1.710213304
0.999900758 -0.014077087 0.000628551 -0.004160588 0.014081940 0.999864340 -0.008534526 -0.000010097 -0.000508325 0.008542531 0.999963462 1.745859146
0.999909580 -0.013435434 0.000575102 -0.004202515 0.013440758 0.999853909 -0.010561767 -0.000084916 -0.000433115 0.010568541 0.999944031 1.781985164
0.999918818 -0.012669063 0.001362756 -0.004391290 0.012680812 0.999879241 -0.008989821 -0.000317354 -0.001248699 0.009006372 0.999958634 1.818449259
0.999931216 -0.011686384 0.000995594 -0.004233378 0.011691079 0.999919891 -0.004848737 -0.000407582 -0.000938851 0.004860044 0.999987662 1.854591131
0.999927580 -0.011928235 0.001634103 -0.004498768 0.011931108 0.999927282 -0.001760737 -0.000749489 -0.001612982 0.001780106 0.999997079 1.891202807
0.999912739 -0.013172103 0.000992408 -0.004210578 0.013173603 0.999912202 -0.001522192 -0.000558310 -0.000972270 0.001535132 0.999998331 1.927948594
0.999892175 -0.014684157 -0.000096927 -0.004177588 0.014683836 0.999888480 -0.002736674 -0.000483771 0.000137102 0.002734956 0.999996245 1.964927435
0.999889076 -0.014861826 -0.000952563 -0.004468898 0.014857423 0.999879599 -0.004476526 -0.000133517 0.001018977 0.004461877 0.999989450 2.001198530
0.999923706 -0.012082493 -0.002591185 -0.004481902 0.012068621 0.999913096 -0.005304408 0.000120118 0.002655050 0.005272730 0.999982536 2.038795710
0.999954820 -0.008833077 -0.003503538 -0.005076695 0.008818221 0.999952137 -0.004232744 0.000066586 0.003540759 0.004201658 0.999984920 2.076081991
0.999982953 -0.004247775 -0.004008149 -0.005996566 0.004236374 0.999986947 -0.002848373 0.000099997 0.004020197 0.002831345 0.999987960 2.114133596
0.999989748 0.000120090 -0.004525649 -0.006695448 -0.000136342 0.999993503 -0.003590997 0.000030290 0.004525189 0.003591577 0.999983311 2.151893854
0.999975860 0.003920594 -0.005732758 -0.006796200 -0.003951967 0.999977231 -0.005471565 0.000357401 0.005711176 0.005494089 0.999968529 2.188963413
0.999969959 0.003831591 -0.006734983 -0.006359419 -0.003882383 0.999963999 -0.007544682 -0.000066761 0.006705833 0.007570604 0.999948859 2.225287676
0.999963164 0.004304848 -0.007426747 -0.007209924 -0.004362150 0.999960721 -0.007716790 0.000519171 0.007393237 0.007748902 0.999942660 2.266495228
0.999951899 0.005004016 -0.008433096 -0.007206241 -0.005064213 0.999961793 -0.007132108 0.000839334 0.008397085 0.007174473 0.999939024 2.305682898
0.999954522 0.003660493 -0.008800282 -0.008141734 -0.003713928 0.999974668 -0.006063322 0.000239779 0.008777863 0.006095731 0.999942899 2.343647480
0.999944329 0.003335404 -0.010009972 -0.008138228 -0.003397332 0.999975145 -0.006176000 -0.000136570 0.009989124 0.006209664 0.999930799 2.382918119
0.999942005 0.003189011 -0.010286630 -0.009150559 -0.003271651 0.999962449 -0.008027037 0.000322599 0.010260645 0.008060227 0.999914885 2.422071457
0.999934137 0.004743310 -0.010449819 -0.010162831 -0.004856489 0.999929488 -0.010832072 0.000041522 0.010397703 0.010882108 0.999886692 2.462100744
0.999931157 0.003551787 -0.011181959 -0.010709217 -0.003704010 0.999900341 -0.013622174 0.000077937 0.011132463 0.013662653 0.999844611 2.501500845
0.999931037 0.004205169 -0.010966728 -0.012539441 -0.004359948 0.999890685 -0.014128041 -0.001192223 0.010906118 0.014174882 0.999840021 2.541699886
0.999912322 0.005265948 -0.012150398 -0.012137935 -0.005431336 0.999892533 -0.013619168 0.000075947 0.012077373 0.013683964 0.999833405 2.583642244
0.999912679 0.005047475 -0.012207680 -0.012986815 -0.005189197 0.999919176 -0.011605563 -0.000433419 0.012148116 0.011667896 0.999858141 2.624249220
0.999901950 0.004880254 -0.013116567 -0.012717862 -0.005034531 0.999918222 -0.011754947 -0.000471501 0.013058130 0.011819832 0.999844849 2.665132761
0.999901235 0.005261817 -0.013027100 -0.014223138 -0.005411539 0.999919355 -0.011484757 -0.001143802 0.012965618 0.011554120 0.999849200 2.706153393
0.999892771 0.005750720 -0.013467059 -0.015828926 -0.005902381 0.999919295 -0.011249071 -0.001495896 0.013401283 0.011327354 0.999846041 2.748785734
0.999887824 0.005640574 -0.013869151 -0.015751280 -0.005787519 0.999927282 -0.010577828 -0.001683427 0.013808477 0.010656910 0.999847889 2.789888620
0.999882162 0.005609949 -0.014283267 -0.016009221 -0.005765543 0.999924242 -0.010875697 -0.001656426 0.014221172 0.010956768 0.999838889 2.832804918
0.999879003 0.005445059 -0.014566071 -0.017031735 -0.005598066 0.999929309 -0.010484226 -0.001916049 0.014507958 0.010564499 0.999838948 2.874315023
0.999884844 0.004148973 -0.014595850 -0.017770948 -0.004297297 0.999939322 -0.010145472 -0.002191931 0.014552874 0.010207027 0.999841988 2.916936159
0.999882936 0.004154922 -0.014722045 -0.018215818 -0.004295025 0.999945700 -0.009497751 -0.002062200 0.014681781 0.009559873 0.999846518 2.959504604
0.999881923 0.002026973 -0.015229139 -0.018127816 -0.002176489 0.999949515 -0.009807624 -0.001918361 0.015208488 0.009839611 0.999835968 3.003300905
0.999879599 0.001538952 -0.015438909 -0.018788621 -0.001691170 0.999950051 -0.009851170 -0.002645232 0.015422974 0.009876093 0.999832392 3.045929670
0.999883235 0.000998433 -0.015248278 -0.019220123 -0.001138151 0.999957442 -0.009156939 -0.002670275 0.015238486 0.009173225 0.999841809 3.088870764
0.999882638 0.000674222 -0.015308950 -0.020289559 -0.000796347 0.999967933 -0.007972691 -0.002554426 0.015303083 0.007983944 0.999851048 3.132679701
0.999876738 0.001290374 -0.015647225 -0.020654794 -0.001414040 0.999967873 -0.007894898 -0.002498496 0.015636533 0.007916051 0.999846399 3.175355434
0.999876559 0.002180103 -0.015561759 -0.020885561 -0.002300764 0.999967337 -0.007739989 -0.002989551 0.015544378 0.007774837 0.999848902 3.218308449
0.999875009 0.002536334 -0.015607364 -0.021690894 -0.002635733 0.999976337 -0.006351485 -0.003608860 0.015590885 0.006391828 0.999858022 3.261650562
0.999867976 0.003084264 -0.015953844 -0.021961085 -0.003182880 0.999975979 -0.006159660 -0.003459590 0.015934464 0.006209626 0.999853730 3.305621862
0.999835849 0.005518530 -0.017262205 -0.018084969 -0.005623485 0.999965966 -0.006037478 -0.005093350 0.017228296 0.006133561 0.999832749 3.346604824
0.999871492 0.003994499 -0.015525783 -0.023720212 -0.004089103 0.999973238 -0.006066369 -0.003970563 0.015501135 0.006129076 0.999861062 3.391801834
0.999869466 0.004964534 -0.015377407 -0.024907958 -0.005069029 0.999964297 -0.006763880 -0.003894320 0.015343278 0.006840945 0.999858916 3.435419321
0.999869585 0.004988800 -0.015353694 -0.025116131 -0.005101877 0.999960065 -0.007334508 -0.003530502 0.015316486 0.007411886 0.999855280 3.477816343
0.999877930 0.005896252 -0.014463978 -0.026201483 -0.005988974 0.999961674 -0.006375611 -0.003620069 0.014425829 0.006461459 0.999875009 3.522110939
0.999881506 0.006349118 -0.014019734 -0.026613478 -0.006440127 0.999958336 -0.006455939 -0.003471239 0.013978162 0.006545465 0.999880791 3.565541744
0.999898553 0.004655601 -0.013453057 -0.027226163 -0.004728360 0.999974310 -0.005381704 -0.004573816 0.013427657 0.005444772 0.999895036 3.606460094
0.999897122 0.004977711 -0.013446041 -0.027084591 -0.005051652 0.999972284 -0.005470678 -0.004385393 0.013418436 0.005538040 0.999894619 3.650426865
0.999904037 0.005571736 -0.012678820 -0.028687086 -0.005629676 0.999973893 -0.004538656 -0.004785835 0.012653199 0.004609598 0.999909282 3.694199085
0.999915898 0.005186687 -0.011881780 -0.028857274 -0.005246024 0.999973953 -0.004968252 -0.004718299 0.011855699 0.005030165 0.999917090 3.734078884
0.999915957 0.004928331 -0.011989621 -0.029087843 -0.005002312 0.999968588 -0.006148149 -0.004455632 0.011958945 0.006207609 0.999909163 3.777496576
0.999925733 0.003447579 -0.011686567 -0.029493079 -0.003525417 0.999971688 -0.006646492 -0.003865581 0.011663321 0.006687197 0.999909639 3.819491625
0.999917924 0.003644197 -0.012285109 -0.029061671 -0.003724004 0.999972105 -0.006479657 -0.004065618 0.012261152 0.006524876 0.999903500 3.862192392
0.999934554 0.004654974 -0.010452310 -0.030843223 -0.004717596 0.999971151 -0.005974653 -0.004847452 0.010424194 0.006023572 0.999927461 3.901588917
0.999929905 0.006273603 -0.010042231 -0.031525504 -0.006330320 0.999964178 -0.005626018 -0.005161114 0.010006576 0.005689193 0.999933720 3.943046331
0.999938428 0.006033435 -0.009317475 -0.032204445 -0.006098126 0.999957442 -0.006930210 -0.005718986 0.009275267 0.006986602 0.999932528 3.981412888
0.999937534 0.006943068 -0.008753431 -0.033189874 -0.007019077 0.999937594 -0.008682847 -0.005388657 0.008692599 0.008743747 0.999924004 4.022013664
0.999942899 0.006731228 -0.008302247 -0.032809805 -0.006788896 0.999952912 -0.006937564 -0.006110646 0.008255158 0.006993530 0.999941528 4.061654568
0.999941707 0.006872403 -0.008323156 -0.033724681 -0.006910764 0.999965608 -0.004589088 -0.006281764 0.008291333 0.004646340 0.999954879 4.102811337
0.999955237 0.004698074 -0.008202912 -0.033834025 -0.004725900 0.999983132 -0.003376113 -0.006177255 0.008186909 0.003414728 0.999960661 4.143553257
0.999956369 0.004319308 -0.008278044 -0.034565885 -0.004358652 0.999979317 -0.004740722 -0.006180136 0.008257394 0.004776597 0.999954462 4.183875561
0.999970913 0.002587269 -0.007170560 -0.036378056 -0.002622302 0.999984622 -0.004880582 -0.006741985 0.007157820 0.004899242 0.999962389 4.219539165
0.999961495 0.002794569 -0.008309259 -0.035651758 -0.002851935 0.999972045 -0.006900102 -0.006343920 0.008289744 0.006923534 0.999941587 4.260919094
0.999962807 0.002580706 -0.008231544 -0.036298584 -0.002644284 0.999966681 -0.007722198 -0.006654849 0.008211341 0.007743678 0.999936283 4.298698425
0.999951959 0.002848608 -0.009383861 -0.036668345 -0.002922182 0.999965072 -0.007836039 -0.006982366 0.009361212 0.007863086 0.999925196 4.338696480
0.999948680 0.003045599 -0.009656160 -0.037032682 -0.003120243 0.999965310 -0.007724591 -0.007286116 0.009632298 0.007754324 0.999923527 4.377265453
0.999941945 0.003821265 -0.010073577 -0.037651319 -0.003886531 0.999971628 -0.006467340 -0.007740041 0.010048575 0.006506116 0.999928296 4.415354252
0.999934196 0.003261625 -0.011000503 -0.037613429 -0.003308785 0.999985397 -0.004271564 -0.008170987 0.010986410 0.004307683 0.999930382 4.452856064
0.999922574 0.004110535 -0.011747558 -0.038091823 -0.004151162 0.999985456 -0.003436055 -0.008262180 0.011733266 0.003484555 0.999925017 4.492936611
0.999906123 0.004482400 -0.012946184 -0.038235888 -0.004535869 0.999981344 -0.004103682 -0.007900538 0.012927546 0.004162019 0.999907732 4.531298637
0.999905884 0.002448410 -0.013501234 -0.038775776 -0.002496553 0.999990582 -0.003550179 -0.008138931 0.013492415 0.003583552 0.999902487 4.568892479
0.999915481 0.001001934 -0.012962586 -0.040396415 -0.001036119 0.999996006 -0.002630703 -0.009134297 0.012959898 0.002643911 0.999912500 4.603304863
0.999909759 0.000852797 -0.013404179 -0.041084260 -0.000892311 0.999995291 -0.002942172 -0.008562364 0.013401608 0.002953866 0.999905825 4.639655590
0.999909639 0.000919466 -0.013412660 -0.042821314 -0.000985852 0.999987245 -0.004943696 -0.008671322 0.013407943 0.004956472 0.999897838 4.676406860
0.999891877 0.000789990 -0.014681314 -0.041992851 -0.000880894 0.999980390 -0.006186368 -0.009222733 0.014676141 0.006198632 0.999873042 4.713449955
0.999875546 0.000424294 -0.015774574 -0.041490041 -0.000545550 0.999970317 -0.007683279 -0.009716295 0.015770849 0.007690928 0.999846041 4.749713421
0.999873698 0.001197484 -0.015849624 -0.042594802 -0.001318436 0.999970078 -0.007623027 -0.009028535 0.015840022 0.007642961 0.999845326 4.785840034
0.999872148 0.002354617 -0.015815519 -0.043543499 -0.002445068 0.999980748 -0.005702165 -0.009884005 0.015801789 0.005740106 0.999858677 4.821874619
0.999871790 0.003013814 -0.015727216 -0.044744600 -0.003087620 0.999984324 -0.004670737 -0.010080589 0.015712893 0.004718697 0.999865413 4.857102394
0.999870598 0.002427796 -0.015902417 -0.045481242 -0.002483308 0.999990821 -0.003471991 -0.010634793 0.015893841 0.003511032 0.999867499 4.893136978
0.999858677 0.002275374 -0.016655630 -0.045580454 -0.002316954 0.999994159 -0.002477601 -0.010455566 0.016649900 0.002515841 0.999858201 4.928579807
0.999863684 0.001482979 -0.016443098 -0.046601374 -0.001501863 0.999998212 -0.001136125 -0.010810393 0.016441384 0.001160665 0.999864101 4.963635445
0.999856532 0.001105322 -0.016903710 -0.046724554 -0.001111210 0.999999344 -0.000338959 -0.010502564 0.016903326 0.000357694 0.999857008 4.997865677
0.999859810 0.000660209 -0.016733734 -0.047461815 -0.000660071 0.999999762 0.000013763 -0.010982895 0.016733741 -0.000002716 0.999859989 5.030605793
0.999854565 0.001608066 -0.016982906 -0.048457447 -0.001621677 0.999998391 -0.000787717 -0.010842351 0.016981609 0.000815144 0.999855459 5.064095020
0.999866664 0.001157333 -0.016289080 -0.049724121 -0.001189602 0.999997377 -0.001971502 -0.009596869 0.016286755 0.001990616 0.999865353 5.096157551
0.999865413 0.001593741 -0.016331472 -0.049347416 -0.001623638 0.999997079 -0.001817585 -0.011284333 0.016328525 0.001843856 0.999864995 5.125532627
0.999869645 0.001484584 -0.016074989 -0.050433107 -0.001529239 0.999994934 -0.002766016 -0.010543659 0.016070802 0.002790238 0.999866962 5.156645775
0.999877155 0.002383940 -0.015493846 -0.051297218 -0.002422040 0.999994040 -0.002440746 -0.010644524 0.015487937 0.002477973 0.999876976 5.186086178
0.999868095 0.003813563 -0.015786083 -0.051350877 -0.003833734 0.999991894 -0.001247690 -0.010962998 0.015781200 0.001308045 0.999874592 5.214075565
0.999872625 0.003162093 -0.015644208 -0.052051865 -0.003174431 0.999994814 -0.000763959 -0.010971316 0.015641710 0.000813523 0.999877334 5.240240574
0.999882817 0.002548897 -0.015098252 -0.052793421 -0.002541923 0.999996722 0.000481005 -0.011327092 0.015099430 -0.000442570 0.999885917 5.266512394
0.999880314 0.002910831 -0.015193212 -0.052989859 -0.002901236 0.999995589 0.000653551 -0.011312574 0.015195046 -0.000609394 0.999884307 5.291350842
0.999885798 0.002794376 -0.014849878 -0.053241301 -0.002800549 0.999995947 -0.000394938 -0.011393897 0.014848716 0.000436481 0.999889612 5.314942837
0.999887288 0.002901767 -0.014728104 -0.053794190 -0.002921528 0.999994874 -0.001320409 -0.011552397 0.014724196 0.001363288 0.999890685 5.338315964
0.999885499 0.002571172 -0.014911204 -0.054004379 -0.002599544 0.999994874 -0.001883621 -0.011501172 0.014906286 0.001922167 0.999887049 5.360487938
0.999889016 0.003017581 -0.014587685 -0.054551035 -0.003058582 0.999991417 -0.002789161 -0.011759540 0.014579145 0.002833470 0.999889672 5.382363319
0.999887347 0.001335472 -0.014949714 -0.054672010 -0.001393537 0.999991477 -0.003874311 -0.012198566 0.014944414 0.003894708 0.999880731 5.403054237
0.999877930 0.001096119 -0.015585009 -0.055111367 -0.001185392 0.999982953 -0.005720040 -0.012217058 0.015578472 0.005737817 0.999862134 5.424111843
0.999868989 0.001614150 -0.016105395 -0.055865090 -0.001731796 0.999971926 -0.007293478 -0.012305792 0.016093170 0.007320414 0.999843717 5.444193363
0.999850869 0.001714662 -0.017181911 -0.055817563 -0.001852301 0.999966323 -0.007998002 -0.012380864 0.017167617 0.008028636 0.999820411 5.464479923
0.999817789 0.001832218 -0.018996745 -0.056238312 -0.001974486 0.999970138 -0.007473028 -0.012523575 0.018982483 0.007509174 0.999791622 5.484194279
0.999817848 0.001498087 -0.019025113 -0.056644298 -0.001627364 0.999975681 -0.006781417 -0.012678055 0.019014489 0.006811143 0.999796033 5.503828049
0.999798357 0.002437732 -0.019933591 -0.056905661 -0.002546144 0.999982119 -0.005415116 -0.013066739 0.019920031 0.005464778 0.999786675 5.522776127
0.999792457 0.002575325 -0.020208590 -0.057490554 -0.002675858 0.999984086 -0.004949341 -0.013059818 0.020195525 0.005002390 0.999783456 5.542000771
0.999774933 0.002451675 -0.021071337 -0.057864197 -0.002541633 0.999987721 -0.004243442 -0.012942897 0.021060675 0.004296043 0.999768913 5.560144901
0.999772131 0.004531519 -0.020863777 -0.058678389 -0.004610430 0.999982357 -0.003735716 -0.012852314 0.020846481 0.003831056 0.999775350 5.579038620
0.999768436 0.003675553 -0.021200633 -0.058910109 -0.003746989 0.999987364 -0.003330751 -0.013002761 0.021188125 0.003409419 0.999769688 5.595225811
0.999769270 0.003130175 -0.021246178 -0.059003014 -0.003188811 0.999991238 -0.002726495 -0.013103505 0.021237457 0.002793616 0.999770582 5.611064911
0.999767780 0.003523565 -0.021255851 -0.059739962 -0.003577736 0.999990463 -0.002511022 -0.013373324 0.021246802 0.002586487 0.999770939 5.627563000
0.999772727 0.003829117 -0.020967970 -0.060550738 -0.003878348 0.999989867 -0.002307723 -0.013075944 0.020958923 0.002388519 0.999777496 5.642467499
0.999774516 0.005729119 -0.020447945 -0.061000265 -0.005776462 0.999980807 -0.002256910 -0.013300367 0.020434624 0.002374518 0.999788404 5.656512737
0.999773204 0.005529134 -0.020565977 -0.061181396 -0.005568853 0.999982834 -0.001874573 -0.013502365 0.020555262 0.001988677 0.999786735 5.670743942
0.999772906 0.004778556 -0.020766128 -0.061068065 -0.004812585 0.999987185 -0.001588985 -0.013602018 0.020758269 0.001688563 0.999783099 5.683351517
0.999787688 0.004200048 -0.020170778 -0.061491948 -0.004237303 0.999989390 -0.001804616 -0.013565416 0.020162983 0.001889703 0.999794900 5.695561886
0.999797344 0.004806754 -0.019550560 -0.062028214 -0.004861109 0.999984384 -0.002733650 -0.013507647 0.019537117 0.002828133 0.999805152 5.707283497
0.999797404 0.005177574 -0.019451607 -0.062414743 -0.005257852 0.999977827 -0.004078235 -0.013367996 0.019430062 0.004179684 0.999802530 5.718910217
0.999805331 0.005283313 -0.019011879 -0.062776640 -0.005382086 0.999972224 -0.005147918 -0.013560195 0.018984158 0.005249240 0.999806046 5.729797840
0.999806285 0.005124236 -0.019004956 -0.062781356 -0.005244981 0.999966443 -0.006308983 -0.013333643 0.018971989 0.006407441 0.999799490 5.740355968
0.999808848 0.005038245 -0.018893586 -0.063107930 -0.005167558 0.999963582 -0.006801761 -0.013359571 0.018858630 0.006898093 0.999798417 5.751001835
0.999811292 0.005086960 -0.018752225 -0.063615486 -0.005222617 0.999960542 -0.007192309 -0.013134316 0.018714901 0.007288886 0.999798298 5.761921406
0.999803901 0.004948369 -0.019179514 -0.063707218 -0.005087377 0.999961078 -0.007205675 -0.013156079 0.019143112 0.007301835 0.999790072 5.771893978
0.999800682 0.004973648 -0.019336587 -0.063827857 -0.005122369 0.999957561 -0.007649291 -0.012696691 0.019297726 0.007746815 0.999783754 5.782685280
0.999797940 0.004616755 -0.019563053 -0.064423241 -0.004755637 0.999963701 -0.007058572 -0.013651809 0.019529756 0.007150181 0.999783695 5.793776035
0.999800682 0.004396511 -0.019476656 -0.064875707 -0.004540113 0.999962687 -0.007334902 -0.013829561 0.019443681 0.007421867 0.999783397 5.803872585
0.999796748 0.004384469 -0.019676391 -0.065433532 -0.004543607 0.999957144 -0.008050323 -0.013979301 0.019640252 0.008138087 0.999773979 5.813461304
0.999785364 0.004733837 -0.020171044 -0.065114737 -0.004907338 0.999951243 -0.008560631 -0.013783474 0.020129535 0.008657781 0.999759853 5.824643612
0.999774516 0.004891605 -0.020660723 -0.065533489 -0.005049052 0.999958515 -0.007575290 -0.014381563 0.020622810 0.007677899 0.999757826 5.833957672
0.999775052 0.004887595 -0.020637684 -0.065797746 -0.005045023 0.999958515 -0.007582951 -0.014204150 0.020599762 0.007685363 0.999758244 5.843844891
0.999775767 0.004769144 -0.020629765 -0.066121504 -0.004925951 0.999959230 -0.007556919 -0.014346197 0.020592883 0.007656847 0.999758601 5.853616238
0.999766827 0.004307717 -0.021159405 -0.066060066 -0.004465891 0.999962330 -0.007433755 -0.014082154 0.021126589 0.007526517 0.999748468 5.862793922
0.999764025 0.004356389 -0.021279620 -0.066425599 -0.004507380 0.999964952 -0.007052749 -0.014204031 0.021248151 0.007147001 0.999748707 5.872017860
0.999757886 0.004797476 -0.021471502 -0.066950478 -0.004947738 0.999963582 -0.006950603 -0.014712909 0.021437375 0.007055157 0.999745250 5.881713390
0.999751925 0.004094210 -0.021890579 -0.066741511 -0.004244988 0.999967515 -0.006845695 -0.014663227 0.021861840 0.006936921 0.999736845 5.889457226
0.999762893 0.003872269 -0.021426974 -0.067418538 -0.004015686 0.999969780 -0.006654350 -0.014545584 0.021400558 0.006738816 0.999748170 5.897535801
0.999749541 0.003079446 -0.022167413 -0.067111403 -0.003216238 0.999975920 -0.006137874 -0.014626745 0.022147983 0.006207632 0.999735415 5.905622959
0.999745011 0.002675537 -0.022421977 -0.067245416 -0.002808473 0.999978662 -0.005899440 -0.014754584 0.022405714 0.005960908 0.999731123 5.913008690
0.999746382 0.002153451 -0.022414451 -0.067418590 -0.002268116 0.999984443 -0.005091516 -0.014982536 0.022403138 0.005141064 0.999735713 5.919841290
0.999744892 0.002748296 -0.022416158 -0.067762122 -0.002850714 0.999985576 -0.004538285 -0.014952371 0.022403365 0.004601030 0.999738336 5.926215649
0.999739528 0.003091518 -0.022610035 -0.067868836 -0.003184783 0.999986470 -0.004090099 -0.015008643 0.022597084 0.004161042 0.999735951 5.931748390
0.999734700 0.003401206 -0.022780115 -0.067885987 -0.003491641 0.999986112 -0.003931301 -0.015057127 0.022766432 0.004009797 0.999732733 5.936465263
0.999734879 0.003761392 -0.022715325 -0.068008952 -0.003857156 0.999983847 -0.004173513 -0.015078421 0.022699257 0.004260021 0.999733388 5.940742016
0.999733090 0.003535822 -0.022831714 -0.068245314 -0.003652216 0.999980450 -0.005058220 -0.015107783 0.022813385 0.005140257 0.999726593 5.944363594
0.999729753 0.003517034 -0.022979401 -0.068279736 -0.003654391 0.999975622 -0.005938162 -0.015061721 0.022957956 0.006020533 0.999718368 5.948028564
0.999727249 0.003994736 -0.023012487 -0.068333179 -0.004140051 0.999971747 -0.006270417 -0.015122181 0.022986790 0.006363980 0.999715567 5.951412678
0.999728203 0.004032244 -0.022967830 -0.068442427 -0.004179350 0.999971032 -0.006360461 -0.014978800 0.022941517 0.006454721 0.999715984 5.954312325
0.999731779 0.003408149 -0.022911111 -0.068676613 -0.003552848 0.999974012 -0.006277886 -0.015103318 0.022889119 0.006357602 0.999717832 5.956806183
0.999726117 0.003176569 -0.023186767 -0.068437710 -0.003319419 0.999975681 -0.006124908 -0.015042381 0.023166750 0.006200197 0.999712467 5.959607601
0.999721229 0.003484776 -0.023353089 -0.068450488 -0.003630245 0.999974251 -0.006189582 -0.015044264 0.023330918 0.006272634 0.999708176 5.961930752
0.999721646 0.003606838 -0.023318384 -0.068696462 -0.003756096 0.999972761 -0.006360233 -0.015248386 0.023294810 0.006446048 0.999707878 5.963627815
0.999720454 0.003604420 -0.023370042 -0.068615876 -0.003766991 0.999968946 -0.006916105 -0.015156955 0.023344390 0.007002205 0.999703050 5.965881348
0.999724925 0.003679256 -0.023167050 -0.068669312 -0.003841375 0.999968410 -0.006957213 -0.015407898 0.023140721 0.007044293 0.999707460 5.967785358
0.999720037 0.003519964 -0.023396600 -0.068799026 -0.003689794 0.999967158 -0.007219542 -0.015261542 0.023370417 0.007303850 0.999700248 5.969729900
0.999724209 0.003280200 -0.023251019 -0.068913668 -0.003444693 0.999969363 -0.007038162 -0.015197938 0.023227215 0.007116313 0.999704957 5.971259594
0.999727368 0.003470351 -0.023091355 -0.069039620 -0.003638781 0.999967098 -0.007256074 -0.015060425 0.023065412 0.007338118 0.999707103 5.972886086
0.999725223 0.003598228 -0.023161409 -0.068974189 -0.003766207 0.999966919 -0.007213001 -0.015114123 0.023134690 0.007298250 0.999705791 5.974186420
0.999724567 0.003611027 -0.023189379 -0.069090977 -0.003771560 0.999969244 -0.006882675 -0.015187791 0.023163814 0.006968239 0.999707460 5.975340843
0.999721646 0.003601091 -0.023316216 -0.069148205 -0.003764267 0.999968767 -0.006958278 -0.015197262 0.023290427 0.007044110 0.999703944 5.976231098
0.999718964 0.003463579 -0.023455646 -0.068948254 -0.003622358 0.999970675 -0.006730261 -0.015206913 0.023431649 0.006813334 0.999702215 5.976941109
0.999714792 0.003487807 -0.023625474 -0.068781391 -0.003642624 0.999972105 -0.006513093 -0.015206976 0.023602098 0.006597294 0.999699712 5.977260590
0.999713838 0.003547045 -0.023656650 -0.068804093 -0.003701694 0.999971926 -0.006496671 -0.015227614 0.023632944 0.006582382 0.999699056 5.977229118
0.999717355 0.003354091 -0.023535127 -0.068884119 -0.003515505 0.999970496 -0.006820451 -0.015205028 0.023511559 0.006901261 0.999699771 5.977101326
0.999718964 0.003042516 -0.023508934 -0.068945386 -0.003229208 0.999963462 -0.007907419 -0.015186183 0.023484020 0.007981114 0.999692321 5.977023602
0.999719799 0.002889198 -0.023492767 -0.068959504 -0.003090563 0.999958694 -0.008539571 -0.015239246 0.023467127 0.008609785 0.999687552 5.977019787
0.999721646 0.002823924 -0.023425011 -0.069060117 -0.003015621 0.999962151 -0.008152147 -0.015223760 0.023401111 0.008220518 0.999692321 5.976946831
0.999721944 0.002775860 -0.023414517 -0.069014877 -0.002974465 0.999959767 -0.008451552 -0.015215535 0.023390118 0.008518849 0.999690115 5.976966381
0.999716282 0.002924313 -0.023638617 -0.068957001 -0.003142190 0.999952793 -0.009185134 -0.015213948 0.023610646 0.009256806 0.999678373 5.977064133
0.999710381 0.002966506 -0.023879992 -0.068802506 -0.003191240 0.999950886 -0.009378404 -0.015238333 0.023851000 0.009451896 0.999670863 5.977261066
0.999712050 0.002999825 -0.023803953 -0.068945877 -0.003225086 0.999950290 -0.009430418 -0.015336920 0.023774484 0.009504476 0.999672174 5.977818966
0.999718070 0.002909876 -0.023561355 -0.069072440 -0.003135399 0.999949574 -0.009540474 -0.015257955 0.023532407 0.009611657 0.999676883 5.977785587
0.999721289 0.002902493 -0.023426672 -0.069174819 -0.003121257 0.999951780 -0.009307100 -0.015254036 0.023398528 0.009377625 0.999682248 5.978210926
0.999722242 0.003004291 -0.023374459 -0.069263704 -0.003226750 0.999949813 -0.009485321 -0.015234731 0.023344789 0.009558109 0.999681830 5.979190826
0.999717772 0.003021048 -0.023562865 -0.069140263 -0.003246037 0.999949455 -0.009516085 -0.015212618 0.023532927 0.009589883 0.999677062 5.980247974
0.999718726 0.002994946 -0.023524659 -0.069158912 -0.003221777 0.999948621 -0.009610305 -0.015282512 0.023494666 0.009683394 0.999677002 5.981271744
0.999714434 0.002946445 -0.023714950 -0.069133855 -0.003184327 0.999944925 -0.009999409 -0.015297361 0.023684183 0.010072068 0.999668717 5.982400894
0.999722481 0.002833649 -0.023390818 -0.069382183 -0.003090398 0.999935269 -0.010947622 -0.015228339 0.023358285 0.011016871 0.999666333 5.983879089
0.999727845 0.003283800 -0.023096964 -0.069583736 -0.003559204 0.999922931 -0.011892824 -0.015185501 0.023056135 0.011971793 0.999662399 5.985672474
0.999723077 0.002832050 -0.023358807 -0.069458649 -0.003123998 0.999917269 -0.012471421 -0.015251819 0.023321562 0.012540939 0.999649227 5.988221645
0.999731779 0.003215787 -0.022928681 -0.069745883 -0.003520369 0.999905884 -0.013255916 -0.015254520 0.022883896 0.013333079 0.999649107 5.991175175
0.999730051 0.003195474 -0.023007622 -0.069564581 -0.003504094 0.999904275 -0.013386006 -0.015200607 0.022962643 0.013463018 0.999645591 5.994837284
0.999733806 0.002717443 -0.022905134 -0.069677271 -0.003015649 0.999911070 -0.012994708 -0.015555147 0.022867778 0.013060327 0.999653101 5.998708725
0.999747217 0.003024170 -0.022273822 -0.070008971 -0.003320784 0.999906182 -0.013291814 -0.015644126 0.022231534 0.013362425 0.999663472 6.003207207
0.999751091 0.003137660 -0.022083292 -0.070047595 -0.003447957 0.999895751 -0.014027202 -0.015547730 0.022036970 0.014099855 0.999657691 6.008633137
0.999759138 0.002487753 -0.021806363 -0.070086256 -0.002807273 0.999888897 -0.014634266 -0.015431926 0.021767536 0.014691956 0.999655128 6.014252186
0.999770463 0.002269763 -0.021304531 -0.070362359 -0.002603034 0.999874353 -0.015628539 -0.015266411 0.021266388 0.015680406 0.999650896 6.020540714
0.999779582 0.002075107 -0.020894375 -0.070363924 -0.002414574 0.999865234 -0.016234718 -0.015525676 0.020857871 0.016281588 0.999649882 6.028332233
0.999779165 0.003214252 -0.020769287 -0.070424139 -0.003568731 0.999848187 -0.017052973 -0.015445955 0.020711325 0.017123323 0.999638855 6.036494255
0.999789059 0.002591972 -0.020374624 -0.070550308 -0.002939316 0.999850452 -0.017036406 -0.015722491 0.020327421 0.017092703 0.999647260 6.045250416
0.999804616 0.002898237 -0.019550178 -0.070946798 -0.003240680 0.999841452 -0.017507240 -0.015595935 0.019496338 0.017567176 0.999655604 6.054917812
0.999812126 0.001808569 -0.019297289 -0.070852824 -0.002139584 0.999850690 -0.017146604 -0.015921913 0.019263396 0.017184677 0.999666750 6.065370560
0.999819279 0.001316142 -0.018963961 -0.070991524 -0.001648697 0.999844909 -0.017531198 -0.015829928 0.018937944 0.017559297 0.999666452 6.076945782
