0.999997795 -0.001558116 -0.001360123 -0.000092576 0.001556959 0.999998450 -0.000851038 0.000005958 0.001361447 0.000848919 0.999998689 0.045845661
0.999993861 -0.002789876 -0.002132394 -0.000126956 0.002788025 0.999995708 -0.000870337 0.000015701 0.002134813 0.000864386 0.999997377 0.067975067
0.999990821 -0.003198684 -0.002843307 -0.000241620 0.003200189 0.999994755 0.000525073 0.000063995 0.002841612 -0.000534167 0.999995828 0.089888297
0.999990940 -0.002530445 -0.003407052 -0.000349012 0.002539367 0.999993324 0.002616883 0.000175916 0.003400407 -0.002625512 0.999990761 0.111357674
0.999988735 -0.002303804 -0.004129170 -0.000490873 0.002319581 0.999990106 0.003820256 0.000060112 0.004120328 -0.003829791 0.999984145 0.132152513
0.999988556 -0.002376058 -0.004144049 -0.000904829 0.002393069 0.999988735 0.004104801 0.000222311 0.004134250 -0.004114672 0.999982953 0.154841498
0.999982655 -0.003063997 -0.005033072 -0.000721227 0.003088276 0.999983609 0.004823388 0.000091856 0.005018210 -0.004838848 0.999975622 0.172184497
0.999980450 -0.003810558 -0.004955997 -0.000793853 0.003835400 0.999980092 0.005012823 0.000170124 0.004936797 -0.005031733 0.999975145 0.191057965
0.999980867 -0.004236859 -0.004506679 -0.000950336 0.004255263 0.999982595 0.004082060 0.000078763 0.004489304 -0.004101159 0.999981523 0.209428295
0.999983191 -0.004367204 -0.003811013 -0.001461423 0.004373556 0.999988973 0.001660093 0.000426515 0.003803721 -0.001676732 0.999991357 0.227755889
0.999979496 -0.004846143 -0.004167441 -0.001023594 0.004846404 0.999988258 0.000052597 0.000326346 0.004167137 -0.000072793 0.999991298 0.244468704
0.999980748 -0.005132384 -0.003494530 -0.001154193 0.005128347 0.999986172 -0.001163638 0.000502603 0.003500455 0.001145695 0.999993205 0.262297183
0.999979734 -0.005495174 -0.003207612 -0.001274258 0.005492718 0.999984562 -0.000774076 0.000380010 0.003211816 0.000756441 0.999994516 0.279300541
0.999982893 -0.004927095 -0.003140436 -0.001299887 0.004927418 0.999987841 0.000095028 0.000236814 0.003139930 -0.000110501 0.999995053 0.296517700
0.999986529 -0.003969855 -0.003345641 -0.001404295 0.003968985 0.999992073 -0.000266603 0.000232952 0.003346673 0.000253321 0.999994397 0.313437372
0.999993086 -0.002327172 -0.002905719 -0.001920438 0.002326458 0.999997199 -0.000249368 -0.000100065 0.002906292 0.000242606 0.999995828 0.330650717
0.999993861 -0.001877587 -0.002954389 -0.001722805 0.001874959 0.999997795 -0.000892050 0.000176663 0.002956058 0.000886505 0.999995232 0.346583307
0.999993801 -0.001923240 -0.002946173 -0.001904919 0.001920218 0.999997616 -0.001028185 0.000123171 0.002948143 0.001022522 0.999995112 0.363734007
0.999993742 -0.002068126 -0.002858966 -0.001765783 0.002063870 0.999996722 -0.001490573 0.000097257 0.002862039 0.001484663 0.999994814 0.379343778
0.999993026 -0.002087754 -0.003077052 -0.001770620 0.002080377 0.999994934 -0.002398575 0.000108640 0.003082044 0.002392157 0.999992371 0.395723045
0.999993980 -0.001541728 -0.003111134 -0.001772159 0.001532606 0.999994516 -0.002932359 0.000052044 0.003115638 0.002927573 0.999990880 0.411351413
0.999996185 -0.000346741 -0.002743385 -0.002056614 0.000338540 0.999995470 -0.002989231 0.000118388 0.002744409 0.002988291 0.999991775 0.427447051
0.999996841 0.000646222 -0.002392875 -0.002160980 -0.000653535 0.999995112 -0.003057027 0.000119118 0.002390888 0.003058581 0.999992430 0.442747414
0.999997020 0.001336284 -0.001991777 -0.002128675 -0.001342737 0.999993801 -0.003242339 -0.000028983 0.001987432 0.003245004 0.999992788 0.458388895
0.999997616 0.001754700 -0.001306575 -0.002438337 -0.001759536 0.999991596 -0.003709513 0.000049200 0.001300055 0.003711803 0.999992192 0.473671407
0.999998450 0.001743828 -0.000307783 -0.002430826 -0.001745228 0.999987900 -0.004608875 -0.000080236 0.000299743 0.004609405 0.999989271 0.488789469
0.999998629 0.001630092 -0.000153908 -0.002179150 -0.001631052 0.999977827 -0.006451743 -0.000067830 0.000143388 0.006451985 0.999979198 0.503754854
0.999997795 0.001564217 0.001408311 -0.002431606 -0.001553273 0.999968827 -0.007739171 -0.000156825 -0.001420373 0.007736967 0.999969125 0.519388616
0.999997675 0.001340119 0.001700169 -0.002275458 -0.001326528 0.999967337 -0.007969676 -0.000256264 -0.001710794 0.007967401 0.999966800 0.534847677
0.999996781 0.000652328 0.002468765 -0.002226618 -0.000630763 0.999961734 -0.008726096 -0.000223151 -0.002474363 0.008724509 0.999958873 0.550148785
0.999994218 -0.000218795 0.003384553 -0.002334610 0.000251232 0.999954045 -0.009586176 -0.000235821 -0.003382300 0.009586973 0.999948323 0.566073477
0.999991715 -0.001005795 0.003945216 -0.002278044 0.001048491 0.999940813 -0.010835062 -0.000257723 -0.003934085 0.010839110 0.999933541 0.581791997
0.999987423 -0.001265961 0.004852115 -0.002270524 0.001319861 0.999937296 -0.011121394 -0.000456674 -0.004837730 0.011127659 0.999926329 0.597284317
0.999981105 -0.001278783 0.006024783 -0.002422102 0.001347780 0.999933422 -0.011462100 -0.000584373 -0.006009724 0.011470001 0.999916136 0.613150120
0.999979019 -0.001215908 0.006383001 -0.002428664 0.001292204 0.999927640 -0.011962610 -0.000615714 -0.006367994 0.011970606 0.999908090 0.629351020
0.999973297 -0.001629449 0.007127538 -0.002411316 0.001717458 0.999922156 -0.012359058 -0.000441093 -0.007106846 0.012370968 0.999898195 0.646064937
0.999965727 -0.003415002 0.007548201 -0.002122795 0.003512797 0.999909520 -0.012981045 -0.000658629 -0.007503189 0.013007114 0.999887288 0.662702680
0.999958694 -0.004871359 0.007666322 -0.001683869 0.004977434 0.999891281 -0.013878859 -0.000613467 -0.007597880 0.013916443 0.999874294 0.680226564
0.999948859 -0.005311437 0.008609533 -0.001857593 0.005436708 0.999878764 -0.014592748 -0.000473753 -0.008530982 0.014638809 0.999856412 0.698713779
0.999942660 -0.006214496 0.008713293 -0.001433498 0.006335476 0.999882936 -0.013926601 -0.000750071 -0.008625725 0.013981007 0.999865055 0.716153562
0.999945402 -0.005155968 0.009085300 -0.001520710 0.005270519 0.999906361 -0.012629796 -0.000674211 -0.009019329 0.012676990 0.999878883 0.735192120
0.999941051 -0.004965861 0.009657497 -0.001550439 0.005083981 0.999912083 -0.012244973 -0.000437314 -0.009595838 0.012293347 0.999878347 0.754751861
0.999938548 -0.005307078 0.009737789 -0.000873319 0.005421132 0.999916553 -0.011723667 -0.000595163 -0.009674759 0.011775735 0.999883831 0.775913835
0.999930561 -0.006193507 0.010019341 -0.000988914 0.006296179 0.999927580 -0.010248571 -0.001105400 -0.009955142 0.010310944 0.999897301 0.796021879
0.999939263 -0.006143389 0.009140656 -0.000375393 0.006230033 0.999935567 -0.009480783 -0.000969329 -0.009081824 0.009537155 0.999913335 0.817306697
0.999946594 -0.005936012 0.008449050 -0.000134952 0.006018145 0.999934554 -0.009729108 -0.000765692 -0.008390744 0.009779436 0.999916971 0.840683997
0.999945641 -0.005212303 0.009021886 -0.000640396 0.005308302 0.999929130 -0.010649681 -0.000781870 -0.008965737 0.010696993 0.999902606 0.863862753
0.999952137 -0.005054891 0.008372160 -0.000857609 0.005151745 0.999919534 -0.011587797 -0.000861347 -0.008312912 0.011630374 0.999897838 0.887986958
0.999962926 -0.004058237 0.007580467 -0.000409629 0.004146520 0.999923348 -0.011666910 -0.000661323 -0.007532539 0.011697912 0.999903202 0.912736297
0.999969482 -0.002888778 0.007246919 -0.000758612 0.002960572 0.999946475 -0.009915683 -0.000874635 -0.007217887 0.009936835 0.999924600 0.938181043
0.999977350 -0.002039813 0.006415532 -0.000709781 0.002094100 0.999961972 -0.008466457 -0.000610447 -0.006398017 0.008479699 0.999943614 0.964142263
0.999985695 -0.001518224 0.005109917 -0.000522659 0.001553217 0.999975324 -0.006851013 -0.000502184 -0.005099390 0.006858852 0.999963522 0.990683913
0.999981523 -0.003711146 0.004815004 -0.000153174 0.003739987 0.999975026 -0.005994648 -0.000733317 -0.004792638 0.006012545 0.999970376 1.019637465
0.999987185 -0.002558153 0.004383931 -0.000339936 0.002588456 0.999972701 -0.006920680 -0.000196670 -0.004366109 0.006931938 0.999966443 1.047835708
0.999988198 -0.002521298 0.004162373 -0.000380589 0.002552727 0.999968052 -0.007562642 -0.000783799 -0.004143174 0.007573177 0.999962687 1.076997399
0.999989688 -0.002774762 0.003597087 -0.000206873 0.002804731 0.999961138 -0.008353487 -0.000054308 -0.003573769 0.008363490 0.999958634 1.107032895
0.999977171 -0.006022534 0.003067889 -0.000037701 0.006039884 0.999965668 -0.005678093 -0.000558011 -0.003033588 0.005696494 0.999979198 1.137017369
0.999955237 -0.009132687 0.002481038 0.001124305 0.009140491 0.999953210 -0.003152169 0.000685838 -0.002452134 0.003174705 0.999991953 1.169893742
0.999886453 -0.014701133 0.003303930 0.000665443 0.014699887 0.999891877 0.000401339 0.000708949 -0.003309474 -0.000352726 0.999994397 1.201254368
0.999867618 -0.016016811 0.002839305 0.000555227 0.016012523 0.999870539 0.001526006 0.000746710 -0.002863380 -0.001480340 0.999994814 1.233394623
0.999869406 -0.016045475 0.001917579 0.000879003 0.016039997 0.999867260 0.002838391 0.001039688 -0.001962868 -0.002807262 0.999994099 1.266187906
0.999835789 -0.018042443 0.001708327 0.000959028 0.018040823 0.999836743 0.000958473 0.002130214 -0.001725341 -0.000927496 0.999998033 1.301639557
0.999718428 -0.023683168 0.001469193 0.001229295 0.023681926 0.999719143 0.000858053 0.002515802 -0.001489101 -0.000823018 0.999998510 1.336809874
0.999730825 -0.023165675 0.001232992 0.001391578 0.023162497 0.999728501 0.002529760 0.002681373 -0.001291261 -0.002500520 0.999996066 1.371412277
0.999804020 -0.019748203 0.001347742 0.001198416 0.019745920 0.999803662 0.001685630 0.003696966 -0.001380766 -0.001658687 0.999997735 1.407421231
0.999837041 -0.018041994 0.000622877 0.000873293 0.018042045 0.999837220 -0.000073593 0.003448408 -0.000621448 0.000084819 0.999999762 1.442945719
0.999824047 -0.018750504 0.000530020 0.001203715 0.018753495 0.999803901 -0.006348098 0.003861098 -0.000410886 0.006356920 0.999979734 1.479449749
0.999851048 -0.017227003 0.001063226 0.000873091 0.017237561 0.999792218 -0.010881952 0.003892377 -0.000875542 0.010898657 0.999940217 1.515577316
0.999904275 -0.013751809 0.001536781 0.000500100 0.013768380 0.999840856 -0.011353005 0.003535787 -0.001380412 0.011373078 0.999934435 1.551718831
0.999927461 -0.011879833 0.001941920 0.000112035 0.011898676 0.999879181 -0.009996771 0.003590405 -0.001822926 0.010019153 0.999948144 1.589447618
0.999935985 -0.011152179 0.001870800 0.000348657 0.011163184 0.999919772 -0.005978458 0.003289700 -0.001803977 0.005998960 0.999980390 1.626328707
0.999925137 -0.012079302 0.001938991 0.000411570 0.012084413 0.999923408 -0.002646565 0.003275678 -0.001906875 0.002669799 0.999994636 1.664331436
0.999907374 -0.013452338 0.002038031 0.000693023 0.013454066 0.999909103 -0.000836711 0.003206904 -0.002026590 0.000864053 0.999997616 1.701456428
0.999908507 -0.013328929 0.002315612 0.000551424 0.013335229 0.999907494 -0.002727398 0.003299781 -0.002279044 0.002758028 0.999993622 1.739435673
0.999907970 -0.013384952 0.002224773 0.000563067 0.013398975 0.999889672 -0.006412712 0.003592652 -0.002138694 0.006441932 0.999976993 1.777384877
0.999920666 -0.012412108 0.002155734 0.000658537 0.012430086 0.999886334 -0.008535706 0.003583473 -0.002049543 0.008561826 0.999961197 1.815360308
0.999928236 -0.011614368 0.002948647 0.000441060 0.011634441 0.999908626 -0.006884221 0.003450075 -0.002868422 0.006918035 0.999971926 1.853626966
0.999938607 -0.010695254 0.002896195 0.000658379 0.010703404 0.999938726 -0.002813090 0.003371036 -0.002865931 0.002843916 0.999991834 1.892167211
0.999932766 -0.011171940 0.003118918 0.000737861 0.011172323 0.999937654 -0.000105553 0.003326660 -0.003117544 0.000140392 0.999995172 1.931418061
0.999921560 -0.012189932 0.002885501 0.000733102 0.012188260 0.999925554 0.000596981 0.003288131 -0.002892563 -0.000561765 0.999995649 1.970049500
0.999903202 -0.013796545 0.001812969 0.000954335 0.013797746 0.999904573 -0.000651789 0.003448748 -0.001803803 0.000676740 0.999998152 2.009193182
0.999901235 -0.014024328 0.000880420 0.000818787 0.014026408 0.999898732 -0.002401236 0.003957737 -0.000846655 0.002413349 0.999996722 2.047628641
0.999935150 -0.011358594 -0.000752863 0.000990400 0.011356143 0.999930441 -0.003181180 0.004212399 0.000788944 0.003172424 0.999994636 2.087340117
0.999968648 -0.007721262 -0.001758388 0.000363489 0.007718075 0.999968588 -0.001811585 0.003990098 0.001772320 0.001797957 0.999996841 2.127149105
0.999991655 -0.003340060 -0.002366807 -0.000384583 0.003338410 0.999994159 -0.000700497 0.004275958 0.002369133 0.000692590 0.999997020 2.167735100
0.999995112 0.001360030 -0.002794212 -0.001051380 -0.001363639 0.999998271 -0.001289224 0.004243437 0.002792453 0.001293028 0.999995291 2.207573652
0.999981761 0.004549592 -0.003952014 -0.001136000 -0.004561441 0.999985099 -0.002994550 0.004630771 0.003938332 0.003012523 0.999987721 2.247131824
0.999972403 0.005457652 -0.005039565 -0.000918379 -0.005486422 0.999968588 -0.005712665 0.004650919 0.005008229 0.005740156 0.999970973 2.286629915
0.999970853 0.005042235 -0.005730242 -0.001282516 -0.005072256 0.999973357 -0.005236604 0.004952177 0.005703685 0.005265517 0.999969900 2.329574108
0.999961734 0.005557627 -0.006749034 -0.001355921 -0.005585538 0.999975860 -0.004123806 0.004862797 0.006725953 0.004161345 0.999968767 2.371551275
0.999964237 0.004354660 -0.007249723 -0.001991695 -0.004380254 0.999984145 -0.003518154 0.004837746 0.007234288 0.003549783 0.999967515 2.412184715
0.999954224 0.004303985 -0.008542547 -0.001991201 -0.004340474 0.999981463 -0.004257449 0.004828071 0.008524066 0.004294333 0.999954402 2.454120636
0.999953866 0.004290029 -0.008584463 -0.003044663 -0.004339299 0.999974191 -0.005729127 0.005326333 0.008559663 0.005766113 0.999946713 2.495636702
0.999942839 0.006238423 -0.008680020 -0.004120154 -0.006320206 0.999935627 -0.009426564 0.005826034 0.008620654 0.009480884 0.999917865 2.538088083
0.999946177 0.004281029 -0.009452761 -0.004390944 -0.004385803 0.999928832 -0.011091170 0.004998866 0.009404609 0.011132030 0.999893785 2.579939604
0.999939501 0.005152004 -0.009719634 -0.005652985 -0.005268187 0.999914467 -0.011965912 0.004262261 0.009657155 0.012016392 0.999881148 2.623154163
0.999922574 0.005985197 -0.010905265 -0.005221078 -0.006104968 0.999920964 -0.010982887 0.004966583 0.010838667 0.011048615 0.999880135 2.667994261
0.999924242 0.005564447 -0.010971972 -0.006012760 -0.005662800 0.999943852 -0.008953502 0.004733047 0.010921536 0.009014957 0.999899745 2.711300611
0.999915361 0.005393868 -0.011835959 -0.006679775 -0.005503236 0.999942303 -0.009227245 0.004882889 0.011785504 0.009291600 0.999887407 2.755844831
0.999913335 0.006085386 -0.011676596 -0.007614862 -0.006191344 0.999939740 -0.009059849 0.004407482 0.011620760 0.009131359 0.999890745 2.798784971
0.999906480 0.006498255 -0.012036283 -0.009241421 -0.006599156 0.999943256 -0.008362369 0.003819909 0.011981259 0.008441014 0.999892592 2.843771458
0.999900043 0.006151624 -0.012727379 -0.008868724 -0.006254726 0.999947786 -0.008076902 0.003896724 0.012677028 0.008155701 0.999886334 2.887740374
0.999893248 0.006077393 -0.013286690 -0.008910980 -0.006185083 0.999948263 -0.008079042 0.003839204 0.013236899 0.008160359 0.999879062 2.933549166
0.999887824 0.006103703 -0.013673646 -0.009760393 -0.006216314 0.999947011 -0.008208316 0.004062578 0.013622823 0.008292397 0.999872804 2.978354454
0.999893725 0.004768208 -0.013774475 -0.010523992 -0.004873548 0.999959052 -0.007624138 0.003824173 0.013737561 0.007690459 0.999876022 3.023895025
0.999891341 0.004943342 -0.013889874 -0.011033017 -0.005044529 0.999960840 -0.007259387 0.004274189 0.013853447 0.007328666 0.999877155 3.069228172
0.999894202 0.003086068 -0.014220065 -0.011045303 -0.003204967 0.999960005 -0.008346104 0.005281495 0.014193741 0.008390795 0.999864042 3.115213394
0.999897361 0.002028655 -0.014181546 -0.011819690 -0.002137114 0.999968469 -0.007636914 0.004303122 0.014165607 0.007666437 0.999870300 3.160897493
0.999897242 0.001263868 -0.014273781 -0.012265053 -0.001360846 0.999975979 -0.006786507 0.004357163 0.014264860 0.006805234 0.999875188 3.206647396
0.999889970 0.001064037 -0.014791355 -0.012917709 -0.001140620 0.999985993 -0.005170150 0.004007086 0.014785645 0.005186452 0.999877274 3.253821373
0.999891818 0.002272968 -0.014541396 -0.013532870 -0.002358589 0.999979973 -0.005873659 0.004765309 0.014527752 0.005907320 0.999877036 3.299046516
0.999883592 0.003004449 -0.014963353 -0.013635892 -0.003093274 0.999977708 -0.005916560 0.004757084 0.014945241 0.005962157 0.999870598 3.345966339
0.999882698 0.003930016 -0.014801848 -0.014640033 -0.004002192 0.999980330 -0.004849669 0.004302554 0.014782496 0.004908339 0.999878705 3.391447783
0.999880433 0.003914753 -0.014957398 -0.015094090 -0.003981761 0.999982119 -0.004452794 0.004392868 0.014939701 0.004511818 0.999878287 3.437717676
0.999880433 0.004397571 -0.014825522 -0.016125899 -0.004455661 0.999982536 -0.003887501 0.003792365 0.014808163 0.003953093 0.999882519 3.484313011
0.999872565 0.005787371 -0.014885641 -0.017018661 -0.005852987 0.999973476 -0.004368185 0.003517687 0.014859964 0.004454753 0.999879658 3.530839443
0.999867916 0.006709203 -0.014804018 -0.018192198 -0.006780055 0.999965727 -0.004741023 0.003200555 0.014771699 0.004840768 0.999879122 3.576911688
0.999883473 0.006152799 -0.013969525 -0.018509567 -0.006228722 0.999966025 -0.005397909 0.003901208 0.013935839 0.005484293 0.999887764 3.620251179
0.999883056 0.006594407 -0.013800198 -0.018919084 -0.006651016 0.999969602 -0.004060204 0.003577016 0.013773003 0.004151516 0.999896467 3.666111946
0.999888659 0.006579159 -0.013385063 -0.019675419 -0.006629140 0.999971271 -0.003693119 0.003233837 0.013360383 0.003781440 0.999903500 3.712336063
0.999906123 0.005965651 -0.012334329 -0.020863831 -0.006012143 0.999974906 -0.003735658 0.003484663 0.012311735 0.003809464 0.999916911 3.756731510
0.999913573 0.005847671 -0.011780857 -0.021825109 -0.005893349 0.999975204 -0.003846276 0.004215955 0.011758072 0.003915372 0.999923229 3.801629305
0.999915063 0.006189588 -0.011463601 -0.022221634 -0.006225178 0.999975920 -0.003071512 0.003939399 0.011444313 0.003142615 0.999929547 3.846175671
0.999925673 0.005431689 -0.010911055 -0.022254743 -0.005466126 0.999980152 -0.003128844 0.003612496 0.010893842 0.003188254 0.999935567 3.890450239
0.999931693 0.004673481 -0.010710675 -0.023220669 -0.004712462 0.999982297 -0.003617094 0.003479740 0.010693581 0.003667321 0.999936104 3.934558153
0.999936700 0.005118794 -0.010017707 -0.023698838 -0.005165089 0.999976039 -0.004600965 0.003448740 0.009993915 0.004652415 0.999939203 3.977559090
0.999936938 0.006408494 -0.009222351 -0.024393588 -0.006451050 0.999968648 -0.004592171 0.003481103 0.009192637 0.004651374 0.999946952 4.022793293
0.999940574 0.006254907 -0.008921277 -0.024777705 -0.006288906 0.999973059 -0.003788162 0.002735715 0.008897343 0.003844042 0.999953091 4.067033291
0.999941111 0.007237520 -0.008092081 -0.025814269 -0.007267204 0.999966979 -0.003644924 0.003324506 0.008065435 0.003703516 0.999960661 4.109102726
0.999945998 0.007319683 -0.007379699 -0.027242495 -0.007360643 0.999957561 -0.005538631 0.004133247 0.007338846 0.005592651 0.999957383 4.152878761
0.999942064 0.008525699 -0.006565940 -0.028394856 -0.008574143 0.999935985 -0.007385689 0.004336126 0.006502551 0.007441558 0.999951124 4.194332600
0.999953508 0.008201990 -0.005066800 -0.030419894 -0.008233774 0.999946356 -0.006284330 0.004990581 0.005014984 0.006325757 0.999967396 4.236278534
0.999943972 0.008869094 -0.005778664 -0.028495589 -0.008891623 0.999952912 -0.003884891 0.004348153 0.005743937 0.003936055 0.999975741 4.278981686
0.999960601 0.006561315 -0.005978647 -0.030897459 -0.006577643 0.999974668 -0.002715488 0.004911198 0.005960679 0.002754707 0.999978423 4.324935913
0.999959528 0.006270816 -0.006457771 -0.030006655 -0.006289360 0.999976158 -0.002855349 0.003125963 0.006439712 0.002895848 0.999975085 4.366074562
0.999967694 0.005142040 -0.006179006 -0.029531833 -0.005169064 0.999977112 -0.004365456 0.004141074 0.006156417 0.004397256 0.999971330 4.406053066
0.999966562 0.004701967 -0.006702112 -0.030199157 -0.004743431 0.999969602 -0.006184200 0.004551215 0.006672832 0.006215783 0.999958396 4.448426247
0.999967992 0.005728096 -0.005590141 -0.031550907 -0.005766505 0.999959767 -0.006878990 0.003760893 0.005550512 0.006911006 0.999960661 4.486099243
0.999961793 0.004763200 -0.007317646 -0.030731175 -0.004812667 0.999965608 -0.006757310 0.003305010 0.007285208 0.006792270 0.999950409 4.529108524
0.999952197 0.005122886 -0.008320526 -0.030968379 -0.005178792 0.999964118 -0.006711492 0.003307424 0.008285846 0.006754262 0.999942899 4.570597649
0.999946356 0.005221201 -0.008939834 -0.031881765 -0.005267037 0.999973118 -0.005111328 0.002777258 0.008912906 0.005158141 0.999946952 4.611788750
0.999950051 0.005553479 -0.008310330 -0.032843083 -0.005584958 0.999977291 -0.003769513 0.002680076 0.008289208 0.003815737 0.999958336 4.650170326
0.999944031 0.004832917 -0.009413194 -0.033049174 -0.004845281 0.999987423 -0.001291151 0.001883992 0.009406835 0.001336688 0.999954820 4.690726280
0.999940574 0.005436744 -0.009449714 -0.034115076 -0.005456716 0.999982953 -0.002089047 0.002372839 0.009438195 0.002140487 0.999953151 4.729345798
0.999936998 0.004852252 -0.010119750 -0.034816496 -0.004875874 0.999985456 -0.002310865 0.002373838 0.010108391 0.002360063 0.999946117 4.769584656
0.999937057 0.003911541 -0.010516057 -0.035264511 -0.003938130 0.999989092 -0.002508898 0.002375620 0.010506129 0.002550154 0.999941528 4.808596611
0.999936640 0.002548770 -0.010965160 -0.035400387 -0.002569980 0.999994874 -0.001920637 0.002137480 0.010960209 0.001948695 0.999937952 4.846414566
0.999933362 0.002372909 -0.011302515 -0.036338732 -0.002411007 0.999991536 -0.003358337 0.001783431 0.011294449 0.003385363 0.999930441 4.884661674
0.999923646 0.002748006 -0.012051608 -0.037143588 -0.002805507 0.999984801 -0.004756952 0.000968348 0.012038353 0.004790399 0.999916017 4.923730850
0.999920428 0.002274807 -0.012410346 -0.037548415 -0.002357824 0.999974847 -0.006678816 0.001288563 0.012394841 0.006707546 0.999900639 4.960939407
0.999916255 0.003521186 -0.012459842 -0.037949175 -0.003601503 0.999972820 -0.006429625 0.001468077 0.012436864 0.006473960 0.999901712 4.999089241
0.999905527 0.004382283 -0.013029311 -0.038431898 -0.004448109 0.999977469 -0.005027504 0.001230402 0.013006983 0.005084984 0.999902487 5.037811756
0.999895036 0.005439529 -0.013425875 -0.038766660 -0.005497857 0.999975622 -0.004311425 0.001155715 0.013402096 0.004384787 0.999900579 5.075677872
0.999896049 0.004501156 -0.013694528 -0.039027192 -0.004540691 0.999985576 -0.002857071 0.000442791 0.013681469 0.002918957 0.999902189 5.113371849
0.999885798 0.005160254 -0.014206555 -0.039806806 -0.005193100 0.999983907 -0.002276134 0.000438942 0.014194582 0.002349649 0.999896467 5.151346207
0.999896884 0.003844587 -0.013837444 -0.040289838 -0.003856624 0.999992192 -0.000843248 0.000627241 0.013834094 0.000896527 0.999903917 5.187302589
0.999892592 0.003885908 -0.014131648 -0.041101709 -0.003884839 0.999992371 0.000103134 0.000348202 0.014131942 -0.000048223 0.999900103 5.223544121
0.999890327 0.003789300 -0.014310379 -0.041298710 -0.003789882 0.999992788 -0.000013633 0.000207699 0.014310224 0.000067866 0.999897599 5.259317875
0.999881268 0.004127594 -0.014842056 -0.041201591 -0.004133444 0.999991417 -0.000363430 0.000058145 0.014840427 0.000424736 0.999889791 5.294384003
0.999873281 0.004466044 -0.015275151 -0.041289419 -0.004475124 0.999989867 -0.000560287 0.000203181 0.015272493 0.000628574 0.999883175 5.329589367
0.999881625 0.003852452 -0.014901004 -0.042027909 -0.003861354 0.999992430 -0.000568634 -0.000563919 0.014898701 0.000626105 0.999888778 5.360706806
0.999888599 0.004085906 -0.014355847 -0.042405013 -0.004106402 0.999990582 -0.001398511 -0.000511860 0.014349995 0.001457306 0.999895990 5.392293453
0.999882936 0.005530390 -0.014262961 -0.042353142 -0.005548152 0.999983966 -0.001206049 -0.000297683 0.014256059 0.001285041 0.999897599 5.423976421
0.999883890 0.005899279 -0.014050566 -0.043471735 -0.005897691 0.999982595 0.000154477 -0.000751643 0.014051232 -0.000071593 0.999901235 5.452860832
0.999891460 0.005687726 -0.013590638 -0.044153102 -0.005686746 0.999983788 0.000110791 -0.000668253 0.013591047 -0.000033493 0.999907672 5.481773853
0.999891996 0.005410627 -0.013665401 -0.044363383 -0.005395123 0.999984682 0.001171232 -0.000845835 0.013671532 -0.001097379 0.999905944 5.508682251
0.999895930 0.005313159 -0.013410347 -0.045004368 -0.005286718 0.999984026 0.002006405 -0.001269614 0.013420792 -0.001935300 0.999908090 5.535436630
0.999902070 0.005472240 -0.012877129 -0.045498006 -0.005459312 0.999984503 0.001038875 -0.001228216 0.012882616 -0.000968473 0.999916553 5.560937881
0.999899745 0.005236482 -0.013153112 -0.045662329 -0.005237483 0.999986231 -0.000041621 -0.001353113 0.013152713 0.000110506 0.999913514 5.585693359
0.999901414 0.004848220 -0.013178504 -0.045941506 -0.004856709 0.999988019 -0.000612322 -0.001222295 0.013175378 0.000676266 0.999913037 5.609320641
0.999909282 0.005716561 -0.012192275 -0.046967894 -0.005736926 0.999982178 -0.001635968 -0.001416934 0.012182706 0.001705766 0.999924302 5.632907867
0.999914646 0.003529481 -0.012576932 -0.047105812 -0.003574089 0.999987364 -0.003526083 -0.001339551 0.012564328 0.003570733 0.999914646 5.655874729
0.999902725 0.003960054 -0.013368388 -0.047464285 -0.004021512 0.999981582 -0.004573560 -0.001812994 0.013350028 0.004626877 0.999900162 5.677144051
0.999892354 0.003888721 -0.014145943 -0.047973849 -0.003984212 0.999969482 -0.006728522 -0.001838274 0.014119348 0.006784158 0.999877274 5.699250698
0.999879718 0.004399264 -0.014871738 -0.048229937 -0.004499074 0.999967635 -0.006684664 -0.001956314 0.014841843 0.006750769 0.999867082 5.720152855
0.999858618 0.004717345 -0.016136397 -0.048798334 -0.004815065 0.999970317 -0.006022410 -0.002182182 0.016107507 0.006099257 0.999851704 5.741417408
0.999849081 0.004353059 -0.016819790 -0.049084589 -0.004449524 0.999973834 -0.005701987 -0.002178751 0.016794533 0.005775966 0.999842286 5.762332916
0.999827087 0.005313699 -0.017822178 -0.049415868 -0.005382091 0.999978304 -0.003791714 -0.002659984 0.017801642 0.003886977 0.999834061 5.783098221
0.999828100 0.005275855 -0.017770661 -0.050101832 -0.005342158 0.999978900 -0.003685536 -0.002487907 0.017750841 0.003779837 0.999835312 5.802893639
0.999811172 0.005650739 -0.018594375 -0.050476708 -0.005710674 0.999978602 -0.003171726 -0.002324790 0.018576056 0.003277313 0.999822080 5.822365284
0.999808490 0.006536959 -0.018444188 -0.051075440 -0.006582459 0.999975562 -0.002407316 -0.002404043 0.018427996 0.002528263 0.999826968 5.841391087
0.999806583 0.005485555 -0.018886862 -0.051152483 -0.005528236 0.999982297 -0.002208371 -0.002268245 0.018874412 0.002312355 0.999819160 5.859901905
0.999795496 0.006754916 -0.019056838 -0.051840097 -0.006786854 0.999975681 -0.001611809 -0.002600851 0.019045481 0.001740816 0.999817073 5.876955032
0.999801517 0.006315815 -0.018892113 -0.052312057 -0.006327329 0.999979794 -0.000549767 -0.002945899 0.018888257 0.000669195 0.999821305 5.894147873
0.999795675 0.007006876 -0.018959621 -0.052779935 -0.007023532 0.999975026 -0.000812021 -0.002586031 0.018953457 0.000945018 0.999819934 5.909951687
0.999791265 0.007918693 -0.018833028 -0.053329695 -0.007934151 0.999968290 -0.000746204 -0.002528489 0.018826520 0.000895473 0.999822378 5.925604343
0.999797344 0.008174979 -0.018394511 -0.053691171 -0.008197308 0.999965847 -0.001138828 -0.002191360 0.018384572 0.001289383 0.999830186 5.940888882
0.999804497 0.008481010 -0.017860299 -0.053921938 -0.008499777 0.999963343 -0.000975147 -0.002583774 0.017851375 0.001126765 0.999840021 5.953838348
0.999824107 0.007265897 -0.017290398 -0.054243427 -0.007278885 0.999973238 -0.000688327 -0.002766395 0.017284933 0.000814061 0.999850273 5.966287136
0.999822974 0.006878399 -0.017514119 -0.054274730 -0.006900136 0.999975502 -0.001180988 -0.002706468 0.017505568 0.001301628 0.999845922 5.979641438
0.999824405 0.007983948 -0.016953902 -0.054867167 -0.008031957 0.999963939 -0.002765512 -0.002698300 0.016931215 0.002901199 0.999852419 5.990648746
0.999822736 0.008674502 -0.016710803 -0.055065665 -0.008741829 0.999953985 -0.003960117 -0.002775276 0.016675681 0.004105497 0.999852538 6.002488136
0.999812186 0.009401906 -0.016946908 -0.055007599 -0.009483373 0.999943852 -0.004733155 -0.003132736 0.016901454 0.004892980 0.999845207 6.014101982
0.999830365 0.008419716 -0.016382653 -0.055605162 -0.008511883 0.999948263 -0.005564380 -0.002960552 0.016334955 0.005702884 0.999850333 6.025559902
0.999824584 0.008353094 -0.016766714 -0.055720758 -0.008451390 0.999947488 -0.005800415 -0.002845284 0.016717378 0.005941099 0.999842584 6.037575245
0.999826968 0.008105258 -0.016747577 -0.056246996 -0.008211351 0.999946535 -0.006275850 -0.002505664 0.016695814 0.006412285 0.999840021 6.049094677
0.999822915 0.008097417 -0.016982630 -0.056482732 -0.008198669 0.999948919 -0.005901011 -0.002959583 0.016933978 0.006039201 0.999838352 6.058932781
0.999819279 0.008042295 -0.017219149 -0.056831930 -0.008146551 0.999948859 -0.005993136 -0.002914127 0.017170072 0.006132329 0.999833703 6.069895267
0.999820113 0.007787345 -0.017290464 -0.057149611 -0.007898893 0.999948382 -0.006392556 -0.002962090 0.017239790 0.006527982 0.999830127 6.081213951
0.999818504 0.007622764 -0.017463202 -0.057518613 -0.007739046 0.999948144 -0.006600714 -0.003334980 0.017411979 0.006734664 0.999825835 6.091325283
0.999812901 0.007730066 -0.017734900 -0.057594743 -0.007850560 0.999946475 -0.006734540 -0.003359362 0.017681887 0.006872509 0.999820113 6.101863384
0.999807477 0.008035121 -0.017908374 -0.058067732 -0.008151731 0.999945939 -0.006447963 -0.003288813 0.017855592 0.006592705 0.999818861 6.112162113
0.999799073 0.007807703 -0.018461347 -0.057839297 -0.007923822 0.999949217 -0.006225157 -0.003541596 0.018411810 0.006370191 0.999810219 6.123176098
0.999797165 0.007578099 -0.018661672 -0.058056720 -0.007692723 0.999951899 -0.006078126 -0.003728483 0.018614715 0.006220452 0.999807417 6.133472443
0.999795377 0.007689988 -0.018709367 -0.058585271 -0.007808649 0.999949813 -0.006277552 -0.003273342 0.018660152 0.006422363 0.999805331 6.143666744
0.999786198 0.007776921 -0.019153943 -0.058539078 -0.007888200 0.999952376 -0.005741124 -0.003685847 0.019108383 0.005890986 0.999800086 6.153180599
0.999780238 0.007588655 -0.019537369 -0.058819987 -0.007702737 0.999953687 -0.005770525 -0.003836259 0.019492676 0.005919749 0.999792516 6.162504196
0.999782205 0.007322544 -0.019536313 -0.059107356 -0.007439010 0.999954998 -0.005895557 -0.003723156 0.019492265 0.006039604 0.999791801 6.171810150
0.999785125 0.006870138 -0.019557251 -0.059401713 -0.006979902 0.999960184 -0.005549771 -0.003710410 0.019518349 0.005685086 0.999793291 6.180251598
0.999786079 0.006383701 -0.019677350 -0.059461717 -0.006480410 0.999967158 -0.004854893 -0.003872707 0.019645717 0.004981372 0.999794602 6.189092636
0.999777496 0.005886242 -0.020260375 -0.059349038 -0.005974450 0.999972820 -0.004295976 -0.004130820 0.020234540 0.004416064 0.999785483 6.196414948
0.999788582 0.005558665 -0.019796299 -0.059868425 -0.005640380 0.999975801 -0.004074298 -0.003983635 0.019773172 0.004185095 0.999795735 6.203349590
0.999784172 0.006069651 -0.019868668 -0.060033478 -0.006141874 0.999974787 -0.003575953 -0.003970902 0.019846469 0.003697213 0.999796152 6.210010529
0.999781489 0.006738998 -0.019784702 -0.060531568 -0.006799469 0.999972403 -0.002990845 -0.004208651 0.019763999 0.003124717 0.999799848 6.215884686
0.999771416 0.007157654 -0.020145096 -0.060450673 -0.007215342 0.999970198 -0.002792436 -0.004173662 0.020124506 0.002937152 0.999793172 6.221008778
0.999770045 0.007224278 -0.020189712 -0.060513012 -0.007292281 0.999968052 -0.003296641 -0.003899280 0.020165248 0.003443112 0.999790728 6.225595951
0.999772191 0.007071098 -0.020138904 -0.060865000 -0.007159942 0.999964952 -0.004342895 -0.003902979 0.020107493 0.004486098 0.999787748 6.229818821
0.999767661 0.006981239 -0.020389156 -0.060743578 -0.007082752 0.999962866 -0.004910779 -0.004073657 0.020354116 0.005054050 0.999779999 6.233269691
0.999763250 0.007159709 -0.020545304 -0.060807131 -0.007265064 0.999960780 -0.005057872 -0.004130783 0.020508287 0.005205938 0.999776065 6.236661434
0.999764681 0.007511811 -0.020346185 -0.061096765 -0.007619026 0.999957383 -0.005197119 -0.004050532 0.020306278 0.005350915 0.999779463 6.239847660
0.999757290 0.006975000 -0.020896310 -0.060828611 -0.007080070 0.999962628 -0.004958346 -0.004179861 0.020860944 0.005105089 0.999769330 6.242931366
0.999761105 0.006834881 -0.020756658 -0.060973026 -0.006935880 0.999964476 -0.004797820 -0.004166003 0.020723129 0.004940641 0.999773026 6.245881081
0.999761701 0.006640390 -0.020790605 -0.060975701 -0.006750123 0.999963701 -0.005212330 -0.003923662 0.020755239 0.005351428 0.999770284 6.248332977
0.999763668 0.006922379 -0.020604545 -0.061391711 -0.007040158 0.999959290 -0.005649136 -0.003939427 0.020564601 0.005792861 0.999771774 6.250212669
0.999759018 0.007035495 -0.020790495 -0.061382435 -0.007158132 0.999957442 -0.005830255 -0.004123755 0.020748595 0.005977672 0.999766827 6.252230167
0.999752045 0.007034502 -0.021125095 -0.061089657 -0.007162190 0.999956429 -0.005974780 -0.004382625 0.021082146 0.006124602 0.999758959 6.254661083
0.999751210 0.006854925 -0.021229524 -0.061162464 -0.006980253 0.999958575 -0.005834975 -0.004410550 0.021188641 0.005981710 0.999757588 6.256571770
0.999747038 0.006875333 -0.021412211 -0.061070390 -0.007000432 0.999958754 -0.005772938 -0.004345231 0.021371635 0.005921372 0.999754071 6.258354187
0.999758661 0.006864386 -0.020868924 -0.061525457 -0.006988695 0.999958277 -0.005889593 -0.004331440 0.020827619 0.006034018 0.999764919 6.259752274
0.999751449 0.007168894 -0.021106940 -0.061435245 -0.007293586 0.999956369 -0.005836622 -0.004364137 0.021064173 0.005989118 0.999760211 6.261296749
0.999755204 0.007170351 -0.020931952 -0.061500050 -0.007295181 0.999955952 -0.005893307 -0.004206896 0.020888774 0.006044567 0.999763489 6.262597084
0.999754608 0.007171447 -0.020958122 -0.061539300 -0.007298016 0.999955535 -0.005968865 -0.004130714 0.020914383 0.006120353 0.999762475 6.263515949
0.999756634 0.007190130 -0.020854181 -0.061620548 -0.007311893 0.999956608 -0.005768417 -0.004101794 0.020811804 0.005919498 0.999765873 6.264243603
0.999754727 0.007298568 -0.020911478 -0.061613597 -0.007415098 0.999957323 -0.005500441 -0.004192768 0.020870442 0.005654152 0.999766171 6.264483452
0.999754131 0.007024729 -0.021033444 -0.061489910 -0.007140798 0.999959648 -0.005448326 -0.004221564 0.020994322 0.005597182 0.999763846 6.264704227
0.999755859 0.007137446 -0.020911004 -0.061619788 -0.007258494 0.999957204 -0.005718569 -0.004259005 0.020869298 0.005868956 0.999764919 6.264281750
0.999756157 0.006606776 -0.021072967 -0.061479740 -0.006750753 0.999954283 -0.006768507 -0.004193150 0.021027286 0.006909114 0.999754965 6.264390469
0.999761522 0.006627912 -0.020809202 -0.061654657 -0.006782802 0.999949753 -0.007381698 -0.004237302 0.020759229 0.007521082 0.999756157 6.264376640
0.999755621 0.006451193 -0.021142431 -0.061369888 -0.006601132 0.999953508 -0.007029794 -0.004248843 0.021096097 0.007167640 0.999751687 6.264321804
0.999757886 0.006275020 -0.021089287 -0.061418548 -0.006429447 0.999952972 -0.007262757 -0.004318796 0.021042721 0.007396591 0.999751151 6.264108658
0.999756098 0.006387945 -0.021135394 -0.061474420 -0.006560133 0.999945760 -0.008087680 -0.004286017 0.021082582 0.008224359 0.999743879 6.264183044
0.999750137 0.006334727 -0.021435058 -0.061273955 -0.006509174 0.999946177 -0.008078482 -0.004388969 0.021382729 0.008215988 0.999737561 6.264585495
0.999751151 0.006460147 -0.021346927 -0.061341755 -0.006640207 0.999942780 -0.008374842 -0.004292291 0.021291599 0.008514506 0.999737024 6.264911652
0.999752820 0.006359548 -0.021299493 -0.061447032 -0.006536495 0.999944568 -0.008248297 -0.004360441 0.021245852 0.008385482 0.999739110 6.265257359
0.999750793 0.006390265 -0.021382991 -0.061341703 -0.006566642 0.999944806 -0.008188446 -0.004267391 0.021329483 0.008326821 0.999737799 6.265858173
0.999750614 0.006442215 -0.021379018 -0.061367147 -0.006616358 0.999945343 -0.008084782 -0.004349291 0.021325760 0.008224218 0.999738693 6.266876221
0.999755323 0.006435392 -0.021171145 -0.061584421 -0.006612374 0.999943614 -0.008300208 -0.004303567 0.021116536 0.008438165 0.999741316 6.267725468
0.999757469 0.006256007 -0.021117436 -0.061639845 -0.006435478 0.999943614 -0.008441456 -0.004300494 0.021063436 0.008575309 0.999741316 6.268870831
0.999755681 0.006417089 -0.021152664 -0.061714336 -0.006608370 0.999937773 -0.008985450 -0.004251055 0.021093681 0.009123039 0.999735832 6.270220757
0.999751866 0.006265741 -0.021379063 -0.061563708 -0.006475441 0.999931335 -0.009753532 -0.004150059 0.021316482 0.009889550 0.999723852 6.272031307
0.999753118 0.006868631 -0.021142539 -0.061788961 -0.007097986 0.999916553 -0.010792075 -0.004098244 0.021066651 0.010939479 0.999718130 6.274083138
0.999755204 0.006696797 -0.021093806 -0.061890446 -0.006944065 0.999907792 -0.011670928 -0.004077837 0.021013705 0.011814548 0.999709249 6.276491642
0.999757409 0.006645984 -0.021005787 -0.061886653 -0.006900234 0.999903500 -0.012054600 -0.004293211 0.020923644 0.012196619 0.999706626 6.279810905
0.999763906 0.006664836 -0.020684525 -0.062132113 -0.006914753 0.999903679 -0.012034430 -0.004307613 0.020602325 0.012174618 0.999713540 6.283294678
0.999775350 0.006066130 -0.020306086 -0.062187046 -0.006313803 0.999906182 -0.012155168 -0.004413985 0.020230444 0.012280647 0.999719918 6.287445068
0.999777734 0.006294812 -0.020121194 -0.062222727 -0.006546610 0.999900758 -0.012472818 -0.004384905 0.020040683 0.012601772 0.999719739 6.292141438
0.999787569 0.006067041 -0.019696407 -0.062472750 -0.006324737 0.999894857 -0.013047593 -0.004329927 0.019615173 0.013169397 0.999720871 6.297746658
0.999793947 0.005957890 -0.019406449 -0.062479012 -0.006224147 0.999886870 -0.013688589 -0.004358262 0.019322697 0.013806557 0.999718010 6.304331779
0.999800026 0.005440723 -0.019242872 -0.062279012 -0.005719168 0.999879301 -0.014444719 -0.004295960 0.019161955 0.014551884 0.999710500 6.311439991
0.999804139 0.005439399 -0.019030923 -0.062204029 -0.005727412 0.999869347 -0.015112301 -0.004450448 0.018946234 0.015218337 0.999704778 6.319042683
0.999809980 0.006538554 -0.018366044 -0.062592939 -0.006834973 0.999846697 -0.016123341 -0.003999598 0.018257802 0.016245807 0.999701381 6.327816010
0.999821007 0.005673195 -0.018049952 -0.062653199 -0.005958530 0.999857545 -0.015793784 -0.004697695 0.017957779 0.015898507 0.999712348 6.336728096
0.999829352 0.006184961 -0.017410906 -0.062923804 -0.006465494 0.999849379 -0.016102517 -0.004575081 0.017308697 0.016212337 0.999718726 6.347065926
0.999850273 0.005504466 -0.016406184 -0.063507713 -0.005766795 0.999855638 -0.015985480 -0.004791468 0.016315823 0.016077694 0.999737561 6.358511925
0.999854922 0.004545412 -0.016420577 -0.063570425 -0.004813689 0.999855042 -0.016335409 -0.004849873 0.016343944 0.016412083 0.999731719 6.369903564
0.999863744 0.004901134 -0.015763834 -0.063591450 -0.005162884 0.999848723 -0.016606752 -0.004870981 0.015680058 0.016685873 0.999737799 6.383270264
0.999864459 0.005803030 -0.015409141 -0.063799620 -0.006066562 0.999835193 -0.017110996 -0.004980095 0.015307304 0.017202156 0.999734759 6.397054672
0.999877810 0.005410152 -0.014668301 -0.064337216 -0.005678148 0.999816537 -0.018290754 -0.004927129 0.014566656 0.018371809 0.999725044 6.411878109
0.999888659 0.005011498 -0.014054654 -0.064484976 -0.005259705 0.999829888 -0.017679190 -0.005395539 0.013963663 0.017751142 0.999744833 6.427609444
