0.999998212 -0.001556791 -0.001166487 -0.000218675 0.001556166 0.999998629 -0.000536229 -0.000076399 0.001167321 0.000534413 0.999999166 0.052421831
0.999997318 -0.000976313 -0.002090360 -0.000317413 0.000972501 0.999997854 -0.001824086 -0.000099053 0.002092136 0.001822047 0.999996126 0.077922113
0.999994576 -0.001607194 -0.002855039 -0.000435046 0.001600649 0.999996006 -0.002293290 -0.000111404 0.002858714 0.002288708 0.999993324 0.103075713
0.999992073 -0.002656970 -0.002958048 -0.000774674 0.002649864 0.999993443 -0.002403350 -0.000330732 0.002964414 0.002395492 0.999992669 0.127895713
0.999981880 -0.004011585 -0.004483248 -0.000338841 0.003999105 0.999988139 -0.002789405 -0.000199834 0.004494385 0.002771426 0.999985993 0.152238265
0.999978483 -0.004369999 -0.004895365 -0.000874516 0.004363995 0.999989688 -0.001236488 -0.000264137 0.004900717 0.001215098 0.999987245 0.176006973
0.999978065 -0.003777745 -0.005443893 -0.001092536 0.003784150 0.999992132 0.001166821 -0.000291032 0.005439443 -0.001187395 0.999984503 0.199369520
0.999975502 -0.003465422 -0.006072539 -0.001301075 0.003477923 0.999991834 0.002049171 -0.000302774 0.006065388 -0.002070240 0.999979436 0.222028613
0.999970317 -0.003847655 -0.006664978 -0.001516412 0.003864869 0.999989212 0.002571882 -0.000474691 0.006655011 -0.002597565 0.999974489 0.244058669
0.999969065 -0.004271116 -0.006596999 -0.001936269 0.004292225 0.999985635 0.003188981 -0.000452440 0.006583285 -0.003217198 0.999973178 0.265568227
0.999964058 -0.005064008 -0.006802238 -0.001708689 0.005087982 0.999980867 0.003511745 -0.000548997 0.006784324 -0.003546229 0.999970615 0.285889626
0.999962807 -0.005561864 -0.006590950 -0.001679056 0.005577577 0.999981642 0.002368058 -0.000506116 0.006577658 -0.002404731 0.999975443 0.306192905
0.999966502 -0.005607339 -0.005962868 -0.002189467 0.005608639 0.999984264 0.000201165 -0.000444960 0.005961646 -0.000234602 0.999982178 0.325215966
0.999971390 -0.005681420 -0.005000315 -0.002755900 0.005674427 0.999982893 -0.001411478 -0.000492437 0.005008249 0.001383064 0.999986470 0.343901426
0.999967754 -0.006053674 -0.005281030 -0.002551806 0.006040381 0.999978542 -0.002529657 -0.000495066 0.005296231 0.002497676 0.999982834 0.363240033
0.999970078 -0.006335487 -0.004440377 -0.002846585 0.006323412 0.999976218 -0.002728244 -0.000350286 0.004457557 0.002700085 0.999986410 0.382165402
0.999968410 -0.006153570 -0.005032709 -0.002578265 0.006143108 0.999978960 -0.002091838 -0.000439628 0.005045475 0.002060855 0.999985158 0.401027381
0.999977410 -0.005135487 -0.004344408 -0.003161952 0.005126613 0.999984801 -0.002051352 -0.000483799 0.004354877 0.002029033 0.999988496 0.419552892
0.999981403 -0.003616102 -0.004897712 -0.003076206 0.003604658 0.999990761 -0.002343307 -0.000527327 0.004906140 0.002325609 0.999985218 0.438003570
0.999986887 -0.002615643 -0.004414669 -0.003529843 0.002604255 0.999993384 -0.002583332 -0.000744366 0.004421397 0.002571802 0.999986887 0.456125706
0.999984324 -0.003216217 -0.004574920 -0.003455778 0.003202841 0.999990523 -0.002928092 -0.000801610 0.004584293 0.002913393 0.999985278 0.473667532
0.999984741 -0.003107675 -0.004557565 -0.003523129 0.003091628 0.999988973 -0.003523736 -0.000684486 0.004568466 0.003509591 0.999983430 0.491732687
0.999985754 -0.002984856 -0.004422007 -0.003780504 0.002965826 0.999986351 -0.004303839 -0.000803373 0.004434793 0.004290664 0.999980986 0.508882105
0.999987543 -0.002511607 -0.004309090 -0.003895942 0.002489570 0.999983907 -0.005111694 -0.000772662 0.004321858 0.005100903 0.999977648 0.525985122
0.999990284 -0.001661924 -0.004088931 -0.004038797 0.001641539 0.999986351 -0.004983570 -0.000860702 0.004097158 0.004976809 0.999979198 0.543136954
0.999993205 -0.000752107 -0.003586522 -0.004331599 0.000734338 0.999987483 -0.004953081 -0.000821906 0.003590202 0.004950414 0.999981284 0.560185194
0.999995589 0.000253710 -0.002974404 -0.004699885 -0.000269152 0.999986529 -0.005192567 -0.000977786 0.002973047 0.005193344 0.999982059 0.577079415
0.999996543 0.000617629 -0.002550374 -0.004649929 -0.000631911 0.999984026 -0.005603055 -0.001210487 0.002546873 0.005604647 0.999981046 0.594057024
0.999998271 0.000698826 -0.001712124 -0.004698251 -0.000710488 0.999976456 -0.006820340 -0.001144997 0.001707317 0.006821544 0.999975264 0.610722780
0.999999285 0.000743269 -0.000943542 -0.004723094 -0.000751264 0.999963582 -0.008502238 -0.001252968 0.000937188 0.008502942 0.999963403 0.627741873
0.999999762 0.000527220 -0.000154073 -0.004792124 -0.000528654 0.999955058 -0.009466056 -0.001492986 0.000149076 0.009466137 0.999955118 0.644624293
0.999999702 0.000323725 0.000659898 -0.004483077 -0.000316959 0.999947667 -0.010226705 -0.001526279 -0.000663173 0.010226492 0.999947429 0.661331296
0.999998748 -0.000020307 0.001512280 -0.004508453 0.000036125 0.999945343 -0.010460635 -0.001891331 -0.001511985 0.010460677 0.999944150 0.678142488
0.999997258 -0.001071014 0.002078937 -0.004487711 0.001094382 0.999935865 -0.011272023 -0.001850353 -0.002066731 0.011274267 0.999934316 0.695302904
0.999993920 -0.001690542 0.003050564 -0.004550725 0.001727644 0.999924064 -0.012200895 -0.002024531 -0.003029706 0.012206092 0.999920845 0.712075472
0.999990284 -0.002217932 0.003804826 -0.004261053 0.002267867 0.999910653 -0.013170196 -0.001858398 -0.003775276 0.013178697 0.999906063 0.730073035
0.999987841 -0.002586171 0.004196695 -0.004423193 0.002643479 0.999902546 -0.013707899 -0.002057116 -0.004160834 0.013718828 0.999897242 0.746892989
0.999984622 -0.002518484 0.004938400 -0.004433921 0.002585584 0.999903738 -0.013628398 -0.002633321 -0.004903602 0.013640958 0.999894917 0.764717281
0.999981225 -0.002850819 0.005425050 -0.004203638 0.002926687 0.999897242 -0.014028515 -0.002538446 -0.005384500 0.014044126 0.999886870 0.783252299
0.999972641 -0.004473493 0.005886364 -0.004064761 0.004560448 0.999879420 -0.014842886 -0.002323685 -0.005819255 0.014869327 0.999872446 0.801388025
0.999961793 -0.006073260 0.006286795 -0.003700269 0.006170459 0.999859869 -0.015558477 -0.002425939 -0.006191424 0.015596679 0.999859154 0.820689142
0.999946654 -0.007324936 0.007277511 -0.003847484 0.007444183 0.999836206 -0.016496221 -0.002485857 -0.007155485 0.016549516 0.999837399 0.840593100
0.999942839 -0.007807865 0.007306255 -0.003562836 0.007922702 0.999843419 -0.015822979 -0.002589732 -0.007181570 0.015879959 0.999848068 0.859432101
0.999950111 -0.006696731 0.007410265 -0.003277561 0.006807311 0.999864221 -0.014999292 -0.002499204 -0.007308816 0.015048989 0.999859989 0.880202889
0.999947548 -0.006160827 0.008181380 -0.003393005 0.006277619 0.999877632 -0.014327264 -0.002377048 -0.008092112 0.014377874 0.999863923 0.901513636
0.999943793 -0.006349802 0.008493480 -0.003579331 0.006464016 0.999888062 -0.013488011 -0.002727420 -0.008406886 0.013542155 0.999872983 0.924098313
0.999930322 -0.007823388 0.008838911 -0.003510509 0.007937555 0.999884546 -0.012955971 -0.002862051 -0.008736532 0.013025228 0.999877036 0.947214663
0.999937534 -0.007186096 0.008562576 -0.003370343 0.007287249 0.999903321 -0.011841279 -0.002728585 -0.008476656 0.011902936 0.999893248 0.971388280
0.999948561 -0.006815066 0.007509646 -0.002938721 0.006904769 0.999904335 -0.011984522 -0.002440827 -0.007427253 0.012035759 0.999899924 0.995781720
0.999950707 -0.006334113 0.007642252 -0.003130854 0.006430803 0.999898732 -0.012694526 -0.002800590 -0.007561071 0.012743045 0.999890268 1.020825744
0.999953270 -0.006662862 0.007010065 -0.003141800 0.006761120 0.999877870 -0.014087616 -0.002606899 -0.006915344 0.014134353 0.999876201 1.047445774
0.999966204 -0.005389703 0.006212495 -0.003169540 0.005478262 0.999882281 -0.014327288 -0.002195391 -0.006134544 0.014360837 0.999877989 1.074921370
0.999974966 -0.004099803 0.005773172 -0.003270140 0.004169915 0.999916971 -0.012185265 -0.002866773 -0.005722736 0.012209034 0.999909103 1.102588892
0.999983072 -0.003595565 0.004588905 -0.003324250 0.003645082 0.999934733 -0.010828212 -0.002724992 -0.004549672 0.010844757 0.999930799 1.131163836
0.999987662 -0.003021913 0.003937042 -0.003146410 0.003061113 0.999945402 -0.009989050 -0.001845953 -0.003906640 0.010000978 0.999942362 1.161287308
0.999982774 -0.004394392 0.003881233 -0.003083830 0.004428037 0.999952376 -0.008703016 -0.002382744 -0.003842803 0.008720052 0.999954581 1.192661524
0.999984622 -0.004204866 0.003614614 -0.003129686 0.004238435 0.999947548 -0.009330008 -0.002609738 -0.003575193 0.009345185 0.999949932 1.223764062
0.999988079 -0.004133998 0.002593877 -0.003197619 0.004162977 0.999927878 -0.011267579 -0.001720233 -0.002547110 0.011278243 0.999933183 1.254718304
0.999985039 -0.005086271 0.002020597 -0.002755203 0.005107172 0.999932110 -0.010476631 -0.002889575 -0.001967172 0.010486794 0.999943078 1.287313938
0.999973536 -0.007032840 0.001824707 -0.002817885 0.007048322 0.999937952 -0.008622948 -0.001859255 -0.001763950 0.008635581 0.999961138 1.320825934
0.999942183 -0.010600834 0.001774598 -0.002507559 0.010609705 0.999930859 -0.005067040 -0.001852220 -0.001720760 0.005085575 0.999985576 1.355451822
0.999862552 -0.016442848 0.002096572 -0.002165945 0.016447639 0.999862075 -0.002287183 -0.001547183 -0.002058676 0.002321352 0.999995172 1.390423179
0.999851823 -0.017178744 0.001099319 -0.002239534 0.017179966 0.999851823 -0.001111815 -0.001703515 -0.001080056 0.001130537 0.999998748 1.426145434
0.999854088 -0.017076578 0.000467965 -0.002555504 0.017076431 0.999854207 0.000321338 -0.001436964 -0.000473384 -0.000313300 0.999999821 1.461616755
0.999804676 -0.019760022 0.000203873 -0.002559480 0.019760322 0.999803483 -0.001603790 -0.000373410 -0.000172142 0.001607506 0.999998689 1.499938726
0.999700189 -0.024479931 0.000472534 -0.002843674 0.024480816 0.999698400 -0.001969303 0.000503325 -0.000424183 0.001980281 0.999997914 1.538128138
0.999701381 -0.024431365 -0.000419729 -0.001876162 0.024431231 0.999701381 -0.000322199 0.000561302 0.000427475 0.000311848 0.999999821 1.576652884
0.999785721 -0.020683760 -0.000778628 -0.002031705 0.020682938 0.999785542 -0.001044528 0.001258674 0.000800066 0.001028200 0.999999166 1.615784407
0.999814928 -0.019215379 -0.000934737 -0.002616967 0.019212468 0.999810815 -0.003029993 0.001419696 0.000992783 0.003011474 0.999994993 1.655463934
0.999807119 -0.019625196 -0.000846287 -0.002469965 0.019616621 0.999765515 -0.009169884 0.001550587 0.001026050 0.009151514 0.999957621 1.694646835
0.999829352 -0.018452039 -0.000838700 -0.002708784 0.018438580 0.999733031 -0.013921351 0.001597693 0.001095353 0.013903511 0.999902725 1.734831691
0.999888003 -0.014950220 0.000552556 -0.003927337 0.014956734 0.999779761 -0.014724224 0.001347881 -0.000332304 0.014730842 0.999891400 1.774969816
0.999912679 -0.013208296 0.000019802 -0.003474631 0.013207488 0.999832332 -0.012677167 0.000701530 0.000147645 0.012676322 0.999919653 1.815981030
0.999919295 -0.012703915 -0.000132995 -0.003301208 0.012702322 0.999882996 -0.008520504 0.000180697 0.000241223 0.008518128 0.999963701 1.856778622
0.999913454 -0.013152344 0.000079446 -0.003538527 0.013152584 0.999897480 -0.005659794 0.000404806 -0.000004998 0.005660351 0.999983966 1.897654891
0.999893427 -0.014594764 0.000341828 -0.003466631 0.014596029 0.999885321 -0.004045743 0.000226700 -0.000282742 0.004050303 0.999991715 1.939024806
0.999892950 -0.014628793 0.000373901 -0.003539338 0.014630726 0.999875903 -0.005830946 0.000254950 -0.000288555 0.005835793 0.999982893 1.980495811
0.999891818 -0.014706043 0.000372831 -0.003536232 0.014708850 0.999849498 -0.009195454 0.000185344 -0.000237546 0.009199943 0.999957681 2.021421432
0.999900401 -0.014122002 0.000197775 -0.003548449 0.014123328 0.999838293 -0.011132164 0.000014184 -0.000040534 0.011133847 0.999938011 2.063896418
0.999909401 -0.013460056 0.000149624 -0.003503846 0.013460877 0.999859452 -0.010000102 0.000063492 -0.000015001 0.010001211 0.999949992 2.105994701
0.999928594 -0.011921044 0.000869362 -0.003882893 0.011925876 0.999912083 -0.005782754 -0.000222826 -0.000800350 0.005792709 0.999982893 2.148285151
0.999918997 -0.012706939 0.000748601 -0.003465791 0.012708895 0.999915600 -0.002670983 -0.000611937 -0.000714598 0.002680280 0.999996185 2.190801859
0.999911070 -0.013309029 0.000845053 -0.003864797 0.013311085 0.999908328 -0.002476231 -0.000513007 -0.000812020 0.002487260 0.999996603 2.232945204
0.999889731 -0.014849598 -0.000125319 -0.004037496 0.014848986 0.999881923 -0.003952653 -0.000370364 0.000183999 0.003950356 0.999992192 2.275447369
0.999886572 -0.014966414 -0.001691400 -0.004292477 0.014957264 0.999874055 -0.005298611 -0.000545469 0.001770488 0.005272711 0.999984622 2.319010258
0.999920845 -0.012346452 -0.002432886 -0.004731243 0.012332642 0.999908149 -0.005612289 -0.000409475 0.002501955 0.005581840 0.999981284 2.360363007
0.999956846 -0.008700181 -0.003251416 -0.005377847 0.008682551 0.999947667 -0.005397317 0.000452994 0.003298203 0.005368853 0.999980211 2.404437542
0.999975741 -0.005281453 -0.004522804 -0.005714711 0.005264285 0.999979019 -0.003798982 -0.000130053 0.004542773 0.003775080 0.999982476 2.447001934
0.999986708 -0.000218326 -0.005144781 -0.006416210 0.000196380 0.999990880 -0.004265795 -0.000670414 0.005145666 0.004264728 0.999977589 2.490925312
0.999974787 0.003684385 -0.006068600 -0.006817632 -0.003720681 0.999975145 -0.005980581 -0.000352640 0.006046415 0.006003010 0.999963701 2.534205198
0.999965727 0.004671442 -0.006826002 -0.007449320 -0.004729944 0.999951959 -0.008579591 -0.000002924 0.006785595 0.008611584 0.999939919 2.579330921
0.999961138 0.004058383 -0.007829010 -0.007762705 -0.004121691 0.999958813 -0.008087295 -0.000314252 0.007795868 0.008119252 0.999936640 2.623038054
0.999955773 0.003909367 -0.008560004 -0.008091449 -0.003968413 0.999968410 -0.006891920 -0.000434427 0.008532790 0.006925585 0.999939620 2.667458773
0.999949813 0.003729699 -0.009296335 -0.008732704 -0.003792336 0.999970078 -0.006729342 -0.000310475 0.009270960 0.006764258 0.999934077 2.712020159
0.999951899 0.002754556 -0.009402510 -0.009759292 -0.002818145 0.999973118 -0.006756349 -0.000930391 0.009383649 0.006782522 0.999932885 2.756589174
0.999943733 0.003430165 -0.010047608 -0.010290083 -0.003514791 0.999958396 -0.008417033 -0.000591295 0.010018319 0.008451874 0.999914050 2.802103996
0.999927700 0.004395080 -0.011194889 -0.010238444 -0.004520793 0.999926746 -0.011229036 -0.000518460 0.011144717 0.011278833 0.999874234 2.847054720
0.999932170 0.004114307 -0.010897899 -0.011954928 -0.004275028 0.999881864 -0.014765804 -0.000215553 0.010835860 0.014811389 0.999831617 2.893334627
0.999923110 0.004154644 -0.011680243 -0.013369709 -0.004339051 0.999865651 -0.015807299 -0.000646614 0.011612998 0.015856765 0.999806881 2.941974640
0.999915540 0.004850538 -0.012057691 -0.013001503 -0.005017015 0.999891996 -0.013814968 -0.001341842 0.011989380 0.013874293 0.999831796 2.986757278
0.999919713 0.004285610 -0.011932390 -0.014617464 -0.004426098 0.999921024 -0.011772227 -0.001666442 0.011880997 0.011824095 0.999859512 3.033550024
0.999910057 0.004648330 -0.012576780 -0.014768390 -0.004794962 0.999920607 -0.011654047 -0.002091020 0.012521609 0.011713306 0.999853015 3.081537485
0.999903381 0.004777709 -0.013055599 -0.015254486 -0.004933107 0.999917030 -0.011896621 -0.002183706 0.012997678 0.011959875 0.999844074 3.127826691
0.999895096 0.004991426 -0.013598537 -0.016019419 -0.005149619 0.999919295 -0.011622989 -0.002541665 0.013539425 0.011691798 0.999839962 3.176237583
0.999889314 0.005181064 -0.013951258 -0.017019708 -0.005333961 0.999925852 -0.010944463 -0.003398668 0.013893521 0.011017668 0.999842763 3.224774361
0.999889433 0.005043621 -0.013990000 -0.017785551 -0.005198032 0.999925733 -0.011023029 -0.003435146 0.013933362 0.011094528 0.999841392 3.272889376
0.999883652 0.005105325 -0.014375234 -0.018839186 -0.005262958 0.999926209 -0.010949276 -0.003499325 0.014318273 0.011023657 0.999836743 3.321972847
0.999886334 0.003950318 -0.014550397 -0.019181194 -0.004105608 0.999934912 -0.010658192 -0.003656797 0.014507345 0.010716720 0.999837458 3.371060371
0.999879658 0.003907581 -0.015008266 -0.019944705 -0.004048804 0.999947727 -0.009390815 -0.004163265 0.014970786 0.009450451 0.999843359 3.420186758
0.999893665 0.001911187 -0.014460813 -0.021282170 -0.002055838 0.999947965 -0.009994674 -0.004061690 0.014440957 0.010023337 0.999845624 3.470029593
0.999891698 0.001736026 -0.014614864 -0.022067975 -0.001894188 0.999939680 -0.010815170 -0.003715407 0.014595208 0.010841683 0.999834716 3.520541430
0.999900401 0.000634731 -0.014103551 -0.023841528 -0.000769906 0.999953806 -0.009581072 -0.003931882 0.014096820 0.009590975 0.999854684 3.570241213
0.999894202 0.000267335 -0.014538719 -0.023801617 -0.000378701 0.999970615 -0.007657751 -0.004709493 0.014536246 0.007662447 0.999865055 3.619852304
0.999891758 0.000969795 -0.014678726 -0.024625141 -0.001088170 0.999966919 -0.008058552 -0.004557583 0.014670425 0.008073652 0.999859810 3.670790672
0.999882698 0.001922120 -0.015194846 -0.025563965 -0.002046374 0.999964535 -0.008166078 -0.004321584 0.015178612 0.008196216 0.999851286 3.721430779
0.999882758 0.002256636 -0.015143305 -0.026083322 -0.002362319 0.999972939 -0.006964542 -0.005197080 0.015127180 0.006999498 0.999861121 3.771652460
0.999891043 0.002761819 -0.014497828 -0.027469849 -0.002857265 0.999974489 -0.006566864 -0.005186152 0.014479315 0.006607573 0.999873340 3.820745230
0.999883115 0.003962293 -0.014766821 -0.028070381 -0.004067470 0.999966562 -0.007099304 -0.005065547 0.014738196 0.007158537 0.999865770 3.871528149
0.999895394 0.002916069 -0.014165065 -0.029647363 -0.003012120 0.999972463 -0.006764237 -0.005222099 0.014144951 0.006806197 0.999876738 3.920970201
0.999892473 0.004415531 -0.013979270 -0.030697588 -0.004518650 0.999962747 -0.007353604 -0.004946198 0.013946276 0.007415981 0.999875188 3.971235752
0.999886930 0.004544124 -0.014337857 -0.030356213 -0.004659837 0.999956846 -0.008047415 -0.004923536 0.014300670 0.008113317 0.999864757 4.021111488
0.999896348 0.005669496 -0.013232188 -0.032160245 -0.005765750 0.999957085 -0.007247489 -0.004627604 0.013190530 0.007323032 0.999886096 4.070415497
0.999915361 0.005457718 -0.011809989 -0.033498038 -0.005531759 0.999965131 -0.006245694 -0.005758056 0.011775493 0.006310494 0.999910772 4.118900776
0.999927700 0.005181628 -0.010849342 -0.034393638 -0.005248623 0.999967217 -0.006155667 -0.006338382 0.010817091 0.006212165 0.999922216 4.166717052
0.999937952 0.004208260 -0.010307573 -0.034422092 -0.004268278 0.999974012 -0.005807615 -0.006066049 0.010282865 0.005851251 0.999930024 4.214538574
0.999940693 0.003529889 -0.010295587 -0.035820439 -0.003579870 0.999981880 -0.004840133 -0.005719400 0.010278312 0.004876704 0.999935269 4.266103745
0.999948740 0.003740099 -0.009400652 -0.036804222 -0.003790838 0.999978304 -0.005385481 -0.005842725 0.009380304 0.005420842 0.999941289 4.314336300
0.999951959 0.003560853 -0.009135285 -0.037317276 -0.003618835 0.999973357 -0.006338419 -0.006069776 0.009112472 0.006371174 0.999938190 4.363024712
0.999956489 0.002887277 -0.008871999 -0.037770912 -0.002944350 0.999975085 -0.006426666 -0.006605959 0.008853223 0.006452509 0.999940038 4.411089897
0.999957025 0.003995401 -0.008368659 -0.038376864 -0.004052223 0.999968708 -0.006783917 -0.006609231 0.008341296 0.006817536 0.999942005 4.459506512
0.999967456 0.003226836 -0.007391201 -0.039051041 -0.003272322 0.999975741 -0.006150349 -0.006692374 0.007371174 0.006174334 0.999953687 4.507384300
0.999963999 0.005256639 -0.006656683 -0.040499583 -0.005297916 0.999966741 -0.006198567 -0.006526818 0.006623877 0.006233611 0.999958575 4.555512428
0.999966741 0.005133965 -0.006323560 -0.040457170 -0.005183185 0.999956250 -0.007791899 -0.007046303 0.006283280 0.007824416 0.999949634 4.601564407
0.999965072 0.005679530 -0.006136135 -0.040697981 -0.005735210 0.999942183 -0.009095070 -0.006772470 0.006084125 0.009129943 0.999939799 4.649103642
0.999968708 0.005265806 -0.005909092 -0.040748272 -0.005310975 0.999956667 -0.007654537 -0.007169681 0.005868529 0.007685679 0.999953210 4.695385456
0.999971688 0.005185852 -0.005469381 -0.041460879 -0.005214802 0.999972403 -0.005292236 -0.007621549 0.005441786 0.005320606 0.999970973 4.742599964
0.999976575 0.004781878 -0.004885572 -0.041868214 -0.004803494 0.999978602 -0.004422261 -0.007809376 0.004864322 0.004445625 0.999978304 4.788380146
0.999979079 0.003675465 -0.005314081 -0.042167187 -0.003700619 0.999981940 -0.004731338 -0.008141960 0.005296595 0.004750906 0.999974728 4.834926128
0.999979377 0.002251113 -0.006018345 -0.041722104 -0.002287010 0.999979496 -0.005964316 -0.007999850 0.006004796 0.005977958 0.999964118 4.882571697
0.999983966 0.001654720 -0.005403677 -0.042922173 -0.001693640 0.999972582 -0.007205833 -0.008957924 0.005391604 0.007214869 0.999959409 4.926270962
0.999984860 0.001270604 -0.005351692 -0.043398306 -0.001312330 0.999968708 -0.007800562 -0.009132938 0.005341613 0.007807467 0.999955237 4.969657898
0.999981523 0.001805214 -0.005797759 -0.044401452 -0.001850672 0.999967515 -0.007844877 -0.009905957 0.005783410 0.007855462 0.999952435 5.014979839
0.999977231 0.001441612 -0.006588512 -0.044406563 -0.001491979 0.999969661 -0.007646190 -0.010003440 0.006577289 0.007655850 0.999949038 5.060754776
0.999968708 0.001965521 -0.007666631 -0.043817163 -0.002015378 0.999976873 -0.006500797 -0.010283604 0.007653676 0.006516045 0.999949455 5.105761051
0.999967396 0.001786718 -0.007871935 -0.044696815 -0.001823353 0.999987543 -0.004649164 -0.010847930 0.007863529 0.004663366 0.999958217 5.149899483
0.999960840 0.002460641 -0.008492869 -0.045704443 -0.002491882 0.999990165 -0.003669753 -0.010938841 0.008483756 0.003690772 0.999957144 5.194129944
0.999955118 0.001972363 -0.009258481 -0.045976214 -0.002001989 0.999992907 -0.003191682 -0.011256121 0.009252121 0.003210075 0.999951959 5.237584591
0.999953210 0.001154181 -0.009602427 -0.046630897 -0.001186449 0.999993682 -0.003355404 -0.011150636 0.009598495 0.003366640 0.999948263 5.280264854
0.999947846 -0.000435695 -0.010203796 -0.047296561 0.000404330 0.999995172 -0.003075674 -0.011635699 0.010205088 0.003071388 0.999943197 5.324675083
0.999942124 -0.000764204 -0.010735860 -0.047724083 0.000727975 0.999994040 -0.003378049 -0.011661199 0.010738378 0.003370038 0.999936640 5.368397236
0.999935329 -0.000887238 -0.011342709 -0.048259385 0.000832533 0.999988019 -0.004826745 -0.011764483 0.011346856 0.004816989 0.999924004 5.410710812
0.999926865 -0.000563225 -0.012081963 -0.049099859 0.000479705 0.999975979 -0.006914567 -0.012138020 0.012085565 0.006908264 0.999903083 5.454049110
0.999919653 -0.001861404 -0.012539137 -0.049904376 0.001764451 0.999968588 -0.007738649 -0.012581347 0.012553146 0.007715904 0.999891400 5.497294903
0.999919116 -0.000082739 -0.012713719 -0.050717600 -0.000014721 0.999970555 -0.007665505 -0.012720756 0.012713979 0.007665073 0.999889791 5.538937092
0.999913692 0.000534246 -0.013125747 -0.051066682 -0.000615826 0.999980569 -0.006212033 -0.013239214 0.013122172 0.006219580 0.999894559 5.581912994
0.999910653 0.001177980 -0.013309788 -0.051976092 -0.001242593 0.999987423 -0.004847341 -0.013302361 0.013303912 0.004863447 0.999899685 5.623862267
0.999902308 -0.000177986 -0.013971368 -0.052604463 0.000131836 0.999994576 -0.003304026 -0.013640266 0.013971879 0.003301861 0.999896944 5.665665150
0.999899328 -0.000176014 -0.014189239 -0.053139649 0.000139877 0.999996722 -0.002547708 -0.013807831 0.014189641 0.002545466 0.999896109 5.707627296
0.999902725 -0.000652271 -0.013938982 -0.054048352 0.000628880 0.999998391 -0.001682369 -0.013782004 0.013940057 0.001673440 0.999901474 5.747550488
0.999894738 -0.001050143 -0.014465379 -0.054439459 0.001039947 0.999999166 -0.000712301 -0.013650127 0.014466114 0.000697182 0.999895096 5.788649559
0.999896348 -0.000675717 -0.014380252 -0.055416945 0.000659009 0.999999166 -0.001166566 -0.013595169 0.014381027 0.001156969 0.999895871 5.827679157
0.999901891 -0.000222575 -0.014007777 -0.056484371 0.000196918 0.999998212 -0.001833033 -0.013796883 0.014008160 0.001830094 0.999900222 5.865128517
0.999899507 0.000005985 -0.014179985 -0.057057962 -0.000036920 0.999997616 -0.002181379 -0.013731722 0.014179939 0.002181684 0.999897063 5.902093887
0.999904990 -0.000149402 -0.013783101 -0.057844672 0.000115935 0.999996960 -0.002428890 -0.014268323 0.013783421 0.002427061 0.999902070 5.938279152
0.999913216 0.000154978 -0.013169862 -0.058517881 -0.000195220 0.999995291 -0.003054356 -0.014475051 0.013169326 0.003056662 0.999908626 5.971586227
0.999913454 0.000379928 -0.013148762 -0.059109293 -0.000410096 0.999997318 -0.002291799 -0.014638318 0.013147857 0.002296994 0.999910951 6.006186008
0.999913514 0.001055834 -0.013106755 -0.059257708 -0.001071467 0.999998808 -0.001185772 -0.014850701 0.013105487 0.001199713 0.999913454 6.038906574
0.999918163 0.001325903 -0.012718570 -0.060468044 -0.001336382 0.999998748 -0.000815540 -0.015029477 0.012717471 0.000832470 0.999918699 6.069881439
0.999920011 0.000652666 -0.012629439 -0.060645357 -0.000651451 0.999999821 0.000100310 -0.015370834 0.012629502 -0.000092075 0.999920249 6.100030422
0.999924958 0.001085928 -0.012196025 -0.061554879 -0.001079058 0.999999285 0.000569895 -0.015519383 0.012196634 -0.000556692 0.999925375 6.129716396
0.999924898 0.000672644 -0.012226943 -0.061687920 -0.000678955 0.999999583 -0.000512016 -0.015664410 0.012226594 0.000520279 0.999925077 6.157560349
0.999937057 0.000813942 -0.011191261 -0.063067190 -0.000829641 0.999998689 -0.001398200 -0.015779970 0.011190108 0.001407397 0.999936402 6.184635162
0.999928057 0.000828661 -0.011961493 -0.062834710 -0.000851785 0.999997854 -0.001928216 -0.015947636 0.011959867 0.001938266 0.999926627 6.211242676
0.999935508 0.001046112 -0.011306304 -0.063636497 -0.001080353 0.999994814 -0.003022789 -0.016074566 0.011303084 0.003034809 0.999931514 6.236598492
0.999933362 0.000033804 -0.011545744 -0.063783385 -0.000081249 0.999991596 -0.004108905 -0.016323645 0.011545506 0.004109569 0.999924898 6.261311531
0.999919593 -0.000923023 -0.012647399 -0.064001627 0.000844699 0.999980390 -0.006196891 -0.016401583 0.012652870 0.006185708 0.999900758 6.285360813
0.999910116 -0.001085802 -0.013366920 -0.063890830 0.000984676 0.999970794 -0.007569698 -0.016741551 0.013374749 0.007555856 0.999881983 6.310676575
0.999899566 -0.000175138 -0.014170027 -0.064764015 0.000056473 0.999964893 -0.008374337 -0.016730610 0.014170996 0.008372698 0.999864459 6.334209442
0.999886990 -0.000739775 -0.015017306 -0.065531820 0.000622717 0.999969363 -0.007798062 -0.017063964 0.015022620 0.007787830 0.999856770 6.357320786
0.999876678 -0.000194754 -0.015698530 -0.065910622 0.000086597 0.999976277 -0.006890032 -0.017183812 0.015699496 0.006887822 0.999853015 6.380865097
0.999868155 0.000879893 -0.016208759 -0.066884853 -0.000966422 0.999985397 -0.005331352 -0.017550422 0.016203834 0.005346315 0.999854386 6.403680325
0.999856412 0.000457461 -0.016941052 -0.067019597 -0.000545581 0.999986291 -0.005197302 -0.017457955 0.016938442 0.005205799 0.999843001 6.426276684
0.999856651 0.001192261 -0.016891988 -0.068108834 -0.001270853 0.999988377 -0.004642619 -0.017276231 0.016886257 0.004663420 0.999846578 6.447933674
0.999841750 0.002632501 -0.017588886 -0.068409085 -0.002715579 0.999985158 -0.004701136 -0.017222352 0.017576247 0.004748157 0.999834239 6.469129086
0.999838412 0.002052660 -0.017855603 -0.068423241 -0.002112200 0.999992251 -0.003316373 -0.017776543 0.017848656 0.003353552 0.999835074 6.489905834
0.999836445 0.001678620 -0.018005060 -0.069196798 -0.001732430 0.999993980 -0.002973479 -0.017837688 0.017999964 0.003004185 0.999833465 6.509934902
0.999834299 0.001324319 -0.018153425 -0.069219343 -0.001365430 0.999996543 -0.002252421 -0.018104116 0.018150378 0.002276835 0.999832630 6.528808117
0.999837816 0.002234398 -0.017868280 -0.069764927 -0.002274778 0.999994874 -0.002239811 -0.017974341 0.017863188 0.002280094 0.999837756 6.546382427
0.999829710 0.002564212 -0.018271485 -0.069706693 -0.002587386 0.999995887 -0.001244836 -0.018386107 0.018268216 0.001291900 0.999832213 6.564197540
0.999833286 0.003677530 -0.017883526 -0.070398837 -0.003710441 0.999991477 -0.001807448 -0.018290546 0.017876729 0.001873503 0.999838412 6.580547333
0.999845862 0.004354895 -0.017011207 -0.070993170 -0.004393187 0.999987900 -0.002214298 -0.018553026 0.017001359 0.002288690 0.999852777 6.595577717
0.999858439 0.002970842 -0.016557442 -0.071237653 -0.003007984 0.999993026 -0.002218754 -0.018451519 0.016550735 0.002268244 0.999860406 6.609388828
0.999861658 0.002674463 -0.016413232 -0.071478300 -0.002715058 0.999993265 -0.002451538 -0.018596081 0.016406564 0.002495762 0.999862194 6.623502254
0.999868870 0.002753065 -0.015956758 -0.071930774 -0.002810160 0.999989688 -0.003556825 -0.018394496 0.015946804 0.003601199 0.999866307 6.636602879
0.999873638 0.003323784 -0.015542602 -0.072585166 -0.003401605 0.999981821 -0.004983215 -0.018837236 0.015525758 0.005035454 0.999866784 6.649744034
0.999870479 0.003732461 -0.015650976 -0.072466150 -0.003832517 0.999972343 -0.006367835 -0.018546699 0.015626777 0.006426993 0.999857187 6.662341118
0.999870002 0.003600424 -0.015713967 -0.072746262 -0.003712482 0.999967873 -0.007107761 -0.018413242 0.015687870 0.007165175 0.999851227 6.675309181
0.999871254 0.003181070 -0.015723579 -0.072883680 -0.003288082 0.999971569 -0.006784699 -0.018694915 0.015701553 0.006835527 0.999853253 6.687762260
0.999864340 0.002927825 -0.016207004 -0.073357329 -0.003038010 0.999972403 -0.006778145 -0.019079611 0.016186710 0.006826464 0.999845684 6.700685024
0.999863029 0.003179305 -0.016243462 -0.073775411 -0.003298224 0.999967933 -0.007299493 -0.018752784 0.016219735 0.007352068 0.999841392 6.713440895
0.999860644 0.003047554 -0.016414283 -0.073884048 -0.003161873 0.999970913 -0.006943227 -0.018865272 0.016392643 0.006994159 0.999841094 6.724912643
0.999857545 0.002684190 -0.016661000 -0.073979229 -0.002805195 0.999969840 -0.007243640 -0.018979944 0.016641052 0.007289346 0.999834895 6.737230301
0.999859333 0.002737484 -0.016548362 -0.074803814 -0.002866382 0.999965787 -0.007770537 -0.019282922 0.016526522 0.007816879 0.999832809 6.749005318
0.999860227 0.003136816 -0.016422872 -0.075742386 -0.003275252 0.999959230 -0.008409297 -0.019017041 0.016395826 0.008461909 0.999829829 6.760421753
0.999848902 0.003127695 -0.017096182 -0.075254306 -0.003263686 0.999963224 -0.007932355 -0.019033913 0.017070740 0.007986954 0.999822497 6.772169590
0.999841213 0.002764059 -0.017602881 -0.075495809 -0.002895321 0.999968171 -0.007435784 -0.019200405 0.017581768 0.007485571 0.999817491 6.783914089
0.999839962 0.002736900 -0.017680654 -0.075989224 -0.002867228 0.999968886 -0.007350146 -0.019135948 0.017659986 0.007399665 0.999816716 6.795116425
0.999830604 0.002656608 -0.018206054 -0.075927258 -0.002788342 0.999970019 -0.007214194 -0.019188771 0.018186342 0.007263738 0.999808311 6.806678772
0.999829590 0.003179573 -0.018190922 -0.076098323 -0.003308941 0.999969423 -0.007085987 -0.019310135 0.018167840 0.007144973 0.999809444 6.817289352
0.999819636 0.002853083 -0.018780343 -0.076259360 -0.002983574 0.999971628 -0.006923902 -0.019544352 0.018760055 0.006978686 0.999799669 6.828332901
0.999824345 0.002714494 -0.018544300 -0.076940417 -0.002842853 0.999972165 -0.006898886 -0.019571889 0.018525055 0.006950392 0.999804258 6.838089466
0.999820232 0.002209972 -0.018831655 -0.076870315 -0.002332948 0.999976039 -0.006510785 -0.019813795 0.018816814 0.006553548 0.999801576 6.848109722
0.999820173 0.001913674 -0.018863505 -0.076925516 -0.002035136 0.999977410 -0.006421905 -0.019701218 0.018850785 0.006459142 0.999801457 6.857030392
0.999819338 0.001123685 -0.018974978 -0.077295713 -0.001230808 0.999983370 -0.005634732 -0.019845761 0.018968329 0.005657068 0.999804139 6.865669727
0.999819815 0.001235902 -0.018942179 -0.077650771 -0.001329494 0.999987006 -0.004929120 -0.020222260 0.018935839 0.004953416 0.999808431 6.873485088
0.999814630 0.001713392 -0.019180086 -0.077725887 -0.001794965 0.999989331 -0.004236648 -0.020328954 0.019172622 0.004270289 0.999807060 6.881083965
0.999808967 0.002434886 -0.019389816 -0.077728420 -0.002515193 0.999988377 -0.004118378 -0.020276245 0.019379558 0.004166361 0.999803483 6.887851238
0.999805033 0.002403387 -0.019599278 -0.077860273 -0.002482679 0.999988854 -0.004022332 -0.020156424 0.019589391 0.004070206 0.999799848 6.893601894
0.999810219 0.002437588 -0.019327527 -0.078258425 -0.002515315 0.999988854 -0.003998254 -0.020284746 0.019317560 0.004046110 0.999805272 6.898515224
0.999807298 0.002275551 -0.019497018 -0.078414351 -0.002373221 0.999984741 -0.004987864 -0.020242987 0.019485367 0.005033174 0.999797583 6.903144836
0.999802828 0.002571754 -0.019688051 -0.078330234 -0.002687047 0.999979377 -0.005831782 -0.020348422 0.019672647 0.005883535 0.999789238 6.907272816
0.999800682 0.002641750 -0.019789794 -0.078388505 -0.002766091 0.999976516 -0.006258365 -0.020276906 0.019772798 0.006311857 0.999784589 6.911184788
0.999799907 0.002908532 -0.019792788 -0.078617238 -0.003025874 0.999978006 -0.005901174 -0.020360800 0.019775189 0.005959882 0.999786794 6.914665222
0.999796212 0.002238200 -0.020062761 -0.078547105 -0.002350853 0.999981523 -0.005593165 -0.020523760 0.020049876 0.005639188 0.999783099 6.918048382
0.999798417 0.002199050 -0.019960985 -0.078726634 -0.002313931 0.999980867 -0.005733963 -0.020448172 0.019947996 0.005778995 0.999784350 6.921282768
0.999798775 0.002187473 -0.019941762 -0.078762695 -0.002304712 0.999980092 -0.005857991 -0.020481110 0.019928552 0.005902772 0.999783993 6.923733711
0.999794781 0.002285514 -0.020133760 -0.078797318 -0.002415787 0.999976218 -0.006448384 -0.020391621 0.020118548 0.006495698 0.999776483 6.926203728
0.999794483 0.002559032 -0.020118669 -0.078818917 -0.002702986 0.999970853 -0.007131319 -0.020272594 0.020099837 0.007184231 0.999772191 6.928558826
0.999793410 0.002530668 -0.020173328 -0.078844026 -0.002682587 0.999968171 -0.007507155 -0.020344537 0.020153688 0.007559719 0.999768317 6.930886745
0.999793112 0.002505601 -0.020189824 -0.079028666 -0.002656374 0.999968648 -0.007444412 -0.020446550 0.020170538 0.007496502 0.999768436 6.932909966
0.999792397 0.002293031 -0.020250939 -0.079027146 -0.002439588 0.999970913 -0.007215271 -0.020434314 0.020233806 0.007263175 0.999768853 6.934825897
0.999793887 0.002456009 -0.020151440 -0.079166815 -0.002597642 0.999972045 -0.007005226 -0.020534117 0.020133670 0.007056130 0.999772370 6.936468124
0.999791801 0.002649056 -0.020232653 -0.079202510 -0.002791711 0.999971449 -0.007025782 -0.020515302 0.020213464 0.007080804 0.999770582 6.937950611
0.999795258 0.002706199 -0.020054840 -0.079317302 -0.002841773 0.999973238 -0.006734735 -0.020602301 0.020036079 0.006790347 0.999776185 6.939362526
0.999791861 0.002540364 -0.020241447 -0.079340696 -0.002678270 0.999973297 -0.006788880 -0.020598693 0.020223660 0.006841680 0.999772072 6.940544605
0.999790132 0.002575817 -0.020325622 -0.079269648 -0.002712636 0.999973834 -0.006706697 -0.020577827 0.020307815 0.006760426 0.999770880 6.941326141
0.999787986 0.002589646 -0.020429540 -0.079162866 -0.002723712 0.999974906 -0.006537305 -0.020534026 0.020412099 0.006591564 0.999769866 6.941867352
0.999787986 0.002574330 -0.020434458 -0.079147570 -0.002706842 0.999975443 -0.006459720 -0.020553274 0.020417331 0.006513663 0.999770224 6.941949368
0.999785185 0.002643724 -0.020556180 -0.079021804 -0.002786330 0.999972224 -0.006911850 -0.020423936 0.020537339 0.006967642 0.999764800 6.941755295
0.999790907 0.002258354 -0.020321736 -0.079172842 -0.002421837 0.999964774 -0.008023756 -0.020353992 0.020302897 0.008071295 0.999761283 6.941583633
0.999786794 0.002047325 -0.020550247 -0.078961201 -0.002222580 0.999961257 -0.008508873 -0.020569868 0.020532034 0.008552734 0.999752581 6.941576004
0.999787688 0.001845206 -0.020526856 -0.078911215 -0.002011084 0.999965489 -0.008063281 -0.020504333 0.020511271 0.008102850 0.999756753 6.941605091
0.999789894 0.002116227 -0.020390488 -0.079090916 -0.002290912 0.999960780 -0.008547417 -0.020450134 0.020371601 0.008592333 0.999755561 6.941528320
0.999789178 0.001924419 -0.020442316 -0.079189166 -0.002113692 0.999955058 -0.009241309 -0.020480473 0.020423610 0.009282568 0.999748290 6.941387177
0.999790251 0.002122751 -0.020372087 -0.079278514 -0.002313376 0.999953747 -0.009338201 -0.020540200 0.020351322 0.009383369 0.999748826 6.941617489
0.999792814 0.002186515 -0.020236973 -0.079392955 -0.002378358 0.999952435 -0.009460664 -0.020563822 0.020215325 0.009506834 0.999750376 6.941906452
0.999790907 0.002233377 -0.020329146 -0.079317227 -0.002432495 0.999949336 -0.009775244 -0.020471703 0.020306278 0.009822647 0.999745548 6.942600727
0.999791086 0.001989036 -0.020341832 -0.079349235 -0.002184334 0.999951601 -0.009583108 -0.020322517 0.020321788 0.009625539 0.999747097 6.943610191
0.999788105 0.001804825 -0.020509791 -0.079256877 -0.002002820 0.999951482 -0.009637251 -0.020242512 0.020491403 0.009676285 0.999743223 6.944466114
0.999791265 0.001912388 -0.020340564 -0.079494700 -0.002110538 0.999950409 -0.009724655 -0.020398673 0.020320959 0.009765555 0.999745786 6.945360661
0.999787509 0.001724642 -0.020543391 -0.079381019 -0.001927212 0.999949634 -0.009844863 -0.020391788 0.020525381 0.009882362 0.999740422 6.946633339
0.999786973 0.002012563 -0.020542206 -0.079405904 -0.002219926 0.999946773 -0.010076687 -0.020490196 0.020520836 0.010120140 0.999738216 6.947974682
0.999790967 0.001981008 -0.020347370 -0.079577312 -0.002204329 0.999937534 -0.010958856 -0.020523809 0.020324394 0.011001416 0.999732912 6.949772835
0.999791026 0.002129687 -0.020332854 -0.079658940 -0.002366630 0.999929428 -0.011636253 -0.020584337 0.020306643 0.011681939 0.999725521 6.952177048
0.999788046 0.002266013 -0.020465732 -0.079613321 -0.002523781 0.999917746 -0.012578081 -0.020424835 0.020435549 0.012627065 0.999711394 6.955171108
0.999793649 0.002133740 -0.020201148 -0.079561040 -0.002396591 0.999912679 -0.012996422 -0.020517603 0.020171652 0.013042155 0.999711454 6.958387375
0.999804497 0.002408232 -0.019624010 -0.079967886 -0.002669291 0.999908149 -0.013287721 -0.020563789 0.019590203 0.013337503 0.999719143 6.962566376
0.999812901 0.002243476 -0.019216361 -0.080320105 -0.002507330 0.999902666 -0.013717616 -0.020418413 0.019183716 0.013763229 0.999721289 6.967172623
0.999811590 0.001751705 -0.019334015 -0.080224983 -0.002014881 0.999905527 -0.013601061 -0.020857655 0.019308358 0.013637454 0.999720573 6.972783089
0.999817908 0.001507548 -0.019023610 -0.080090813 -0.001778985 0.999896765 -0.014259602 -0.020600118 0.019000152 0.014290846 0.999717355 6.978679657
0.999821067 0.001310745 -0.018872634 -0.080129474 -0.001590700 0.999888837 -0.014826509 -0.020687573 0.018851101 0.014853875 0.999711990 6.985713959
0.999834239 0.001149406 -0.018174469 -0.080639780 -0.001433577 0.999876797 -0.015630445 -0.020596191 0.018154262 0.015653906 0.999712646 6.993764400
0.999844134 0.001364205 -0.017608684 -0.081065759 -0.001657800 0.999859691 -0.016669475 -0.020507917 0.017583476 0.016696066 0.999705970 7.002309799
0.999846280 0.001577964 -0.017458158 -0.080957294 -0.001873881 0.999854624 -0.016946662 -0.020778768 0.017428881 0.016976774 0.999703944 7.011216640
0.999852479 0.001534629 -0.017103836 -0.081216820 -0.001834058 0.999845088 -0.017504612 -0.020774990 0.017074320 0.017533401 0.999700487 7.021813393
0.999860466 0.001383188 -0.016647357 -0.081244797 -0.001678959 0.999840736 -0.017766029 -0.020714775 0.016620135 0.017791498 0.999703646 7.033194065
0.999869406 0.000657130 -0.016143179 -0.081606761 -0.000945086 0.999840379 -0.017836440 -0.020719893 0.016128885 0.017849367 0.999710560 7.045711994
0.999881268 0.000777939 -0.015389735 -0.081716985 -0.001056255 0.999836028 -0.018084630 -0.020885751 0.015373140 0.018098738 0.999718130 7.059501171
