0.999998152 -0.001584713 -0.001173448 -0.000164337 0.001584014 0.999998569 -0.000596606 -0.000040504 0.001174393 0.000594746 0.999999106 0.051543973
0.999997318 -0.001030466 -0.002068223 -0.000289861 0.001026462 0.999997616 -0.001935980 -0.000031840 0.002070213 0.001933852 0.999996006 0.076768383
0.999994814 -0.001616046 -0.002787642 -0.000407660 0.001609268 0.999995768 -0.002431637 -0.000055973 0.002791560 0.002427137 0.999993145 0.101442143
0.999990344 -0.002638090 -0.003521056 -0.000370698 0.002628294 0.999992609 -0.002783944 -0.000167469 0.003528374 0.002774662 0.999989927 0.125806987
0.999981463 -0.004111256 -0.004497422 -0.000246383 0.004098476 0.999987483 -0.002847086 -0.000171847 0.004509071 0.002828601 0.999985814 0.149841398
0.999978781 -0.004372073 -0.004831615 -0.000828713 0.004365298 0.999989450 -0.001411852 -0.000207857 0.004837738 0.001390731 0.999987304 0.173235923
0.999978721 -0.003688530 -0.005367397 -0.001034775 0.003693434 0.999992788 0.000904004 -0.000173446 0.005364024 -0.000923809 0.999985099 0.196397901
0.999976516 -0.003671141 -0.005777685 -0.001301319 0.003682967 0.999991179 0.002037502 -0.000332251 0.005770153 -0.002058733 0.999981225 0.219123587
0.999970615 -0.003852885 -0.006616182 -0.001456914 0.003868573 0.999989748 0.002359988 -0.000358866 0.006607021 -0.002385514 0.999975324 0.240256459
0.999969244 -0.004167098 -0.006627378 -0.001662020 0.004186660 0.999986947 0.002940589 -0.000421112 0.006615038 -0.002968246 0.999973714 0.261585772
0.999964237 -0.005050870 -0.006785912 -0.001552186 0.005072377 0.999982178 0.003155750 -0.000375274 0.006769852 -0.003190058 0.999971986 0.281408787
0.999965072 -0.005415420 -0.006365643 -0.001715692 0.005429115 0.999983013 0.002136213 -0.000461541 0.006353966 -0.002170699 0.999977469 0.301606923
0.999966860 -0.005573605 -0.005925989 -0.002053516 0.005573395 0.999984443 -0.000051914 -0.000380602 0.005926186 0.000018884 0.999982357 0.320095569
0.999972105 -0.005708395 -0.004808715 -0.002758612 0.005700740 0.999982476 -0.001603969 -0.000490033 0.004817787 0.001576512 0.999987125 0.338918239
0.999967217 -0.006097349 -0.005328726 -0.002307918 0.006082983 0.999977827 -0.002708131 -0.000427977 0.005345121 0.002675627 0.999982119 0.357508808
0.999967813 -0.006386754 -0.004858626 -0.002361282 0.006372500 0.999975383 -0.002943568 -0.000281252 0.004877306 0.002912512 0.999983847 0.376419246
0.999969006 -0.006267835 -0.004765378 -0.002554073 0.006256667 0.999977589 -0.002355190 -0.000388111 0.004780034 0.002325302 0.999985814 0.394617438
0.999978125 -0.005125680 -0.004178414 -0.003075503 0.005115237 0.999983788 -0.002506123 -0.000351706 0.004191191 0.002484694 0.999988139 0.413065881
0.999984860 -0.003716387 -0.004054064 -0.003458605 0.003705406 0.999989510 -0.002712573 -0.000504148 0.004064103 0.002697509 0.999988139 0.431081593
0.999984443 -0.003236221 -0.004547464 -0.003186166 0.003222550 0.999990404 -0.003010333 -0.000571226 0.004557163 0.002995631 0.999985158 0.448544145
0.999984980 -0.003469932 -0.004249314 -0.003416984 0.003455691 0.999988437 -0.003354025 -0.000549920 0.004260903 0.003339290 0.999985397 0.466413140
0.999984443 -0.003294443 -0.004527978 -0.003334379 0.003277085 0.999987304 -0.003835574 -0.000676050 0.004540557 0.003820676 0.999982417 0.483584851
0.999987125 -0.003246416 -0.003923998 -0.003770137 0.003229225 0.999985218 -0.004379564 -0.000868907 0.003938158 0.004366835 0.999982715 0.500801384
0.999986529 -0.002932458 -0.004272733 -0.003798019 0.002909819 0.999981761 -0.005295040 -0.000614450 0.004288182 0.005282536 0.999976814 0.517824888
0.999991238 -0.001705526 -0.003814020 -0.004007820 0.001685046 0.999984264 -0.005366493 -0.000668788 0.003823112 0.005360019 0.999978304 0.534866333
0.999992847 -0.000496279 -0.003742182 -0.004311609 0.000475677 0.999984741 -0.005504040 -0.000692425 0.003744856 0.005502219 0.999977827 0.551310122
0.999994576 -0.000116747 -0.003287740 -0.004184419 0.000099480 0.999986231 -0.005251717 -0.000965080 0.003288307 0.005251361 0.999980807 0.568184853
0.999997258 0.000620034 -0.002190717 -0.004581655 -0.000633869 0.999979854 -0.006320511 -0.000781655 0.002186754 0.006321882 0.999977589 0.584606767
0.999998748 0.000229142 -0.001513299 -0.004635696 -0.000239701 0.999975622 -0.006980828 -0.001230408 0.001511662 0.006981182 0.999974430 0.600808203
0.999999464 0.000288076 -0.000995535 -0.004411204 -0.000296655 0.999962807 -0.008628020 -0.001271960 0.000993012 0.008628310 0.999962211 0.617277503
0.999999940 0.000273254 0.000124174 -0.004517760 -0.000271994 0.999949634 -0.010037339 -0.001393354 -0.000126910 0.010037305 0.999949634 0.633639157
0.999999583 0.000149717 0.000927167 -0.004713212 -0.000140121 0.999946475 -0.010341049 -0.001564313 -0.000928666 0.010340916 0.999946117 0.649801731
0.999998152 0.000094902 0.001963113 -0.004623436 -0.000074317 0.999945045 -0.010483277 -0.002060433 -0.001964000 0.010483111 0.999943137 0.665872693
0.999997139 -0.000626331 0.002325023 -0.004696829 0.000653006 0.999933720 -0.011490259 -0.001801006 -0.002317672 0.011491744 0.999931276 0.683360040
0.999993622 -0.001854831 0.003060913 -0.004724610 0.001892770 0.999920845 -0.012438796 -0.001955011 -0.003037598 0.012444508 0.999917865 0.699848831
0.999988079 -0.002702728 0.004068012 -0.004717462 0.002755801 0.999910414 -0.013097934 -0.002000380 -0.004032248 0.013108989 0.999905884 0.716519177
0.999984384 -0.002686301 0.004899479 -0.004793262 0.002755631 0.999895453 -0.014199088 -0.001952591 -0.004860823 0.014212367 0.999887109 0.733869135
0.999983072 -0.002416913 0.005286137 -0.004848169 0.002491750 0.999896049 -0.014196770 -0.002118374 -0.005251274 0.014209701 0.999885261 0.751182199
0.999980032 -0.003201268 0.005462165 -0.004345583 0.003282864 0.999882162 -0.014995362 -0.001542210 -0.005413519 0.015012993 0.999872625 0.768872619
0.999970198 -0.004187300 0.006501726 -0.004504836 0.004287744 0.999870420 -0.015512572 -0.001557564 -0.006435930 0.015539984 0.999858558 0.788491011
0.999958158 -0.006192764 0.006725926 -0.004135853 0.006302980 0.999844134 -0.016491041 -0.001764921 -0.006622753 0.016532741 0.999841392 0.805561304
0.999943852 -0.007489947 0.007498819 -0.004197980 0.007618686 0.999821484 -0.017289093 -0.001699747 -0.007367988 0.017345255 0.999822438 0.825014412
0.999933839 -0.007799401 0.008454148 -0.004526845 0.007937551 0.999833405 -0.016432552 -0.002098097 -0.008324577 0.016498568 0.999829233 0.843695581
0.999943733 -0.006773503 0.008161733 -0.004046903 0.006899451 0.999855995 -0.015503417 -0.001966856 -0.008055545 0.015558856 0.999846518 0.864284158
0.999945164 -0.006448634 0.008253990 -0.003439510 0.006566082 0.999876440 -0.014281992 -0.002387381 -0.008160871 0.014335405 0.999863923 0.884893239
0.999938250 -0.006543805 0.008976045 -0.003836853 0.006666142 0.999884367 -0.013667695 -0.002663445 -0.008885568 0.013726688 0.999866247 0.907209337
0.999922037 -0.007862877 0.009708662 -0.004201163 0.007985904 0.999887586 -0.012698699 -0.003025233 -0.009607723 0.012775241 0.999872208 0.929005086
0.999929786 -0.007308031 0.009328125 -0.003882200 0.007418474 0.999902129 -0.011860591 -0.003134971 -0.009240534 0.011928961 0.999886036 0.952246070
0.999942720 -0.006916359 0.008166109 -0.003280305 0.007013823 0.999903798 -0.011967475 -0.002716788 -0.008082552 0.012024065 0.999895036 0.976717710
0.999945700 -0.006648515 0.008014914 -0.003390446 0.006750274 0.999896109 -0.012736665 -0.002912235 -0.007929402 0.012790077 0.999886751 1.000673413
0.999950409 -0.006465711 0.007582084 -0.003526609 0.006570011 0.999882936 -0.013812863 -0.003015727 -0.007491886 0.013861992 0.999875844 1.026213765
0.999963105 -0.005510967 0.006593777 -0.003037533 0.005606731 0.999877751 -0.014594107 -0.002314878 -0.006512543 0.014630537 0.999871671 1.053703547
0.999969542 -0.004774317 0.006180894 -0.003392835 0.004853823 0.999904811 -0.012912741 -0.002802224 -0.006118656 0.012942348 0.999897420 1.080192924
0.999980569 -0.003285392 0.005299032 -0.003050918 0.003346403 0.999927700 -0.011546163 -0.002242920 -0.005260715 0.011563672 0.999919295 1.109529138
0.999984503 -0.003445518 0.004369259 -0.003096628 0.003487413 0.999947608 -0.009617456 -0.002850167 -0.004335894 0.009632546 0.999944150 1.138156772
0.999981701 -0.004551268 0.003996591 -0.002924421 0.004583112 0.999957561 -0.007995275 -0.003644686 -0.003960033 0.008013447 0.999960005 1.168111444
0.999986351 -0.003800128 0.003606757 -0.002618521 0.003831608 0.999954283 -0.008761430 -0.003387964 -0.003573298 0.008775132 0.999955118 1.198905349
0.999986887 -0.004266222 0.002842115 -0.002720735 0.004296984 0.999931216 -0.010907142 -0.002542930 -0.002795388 0.010919211 0.999936461 1.229314685
0.999984980 -0.004751780 0.002759476 -0.002979500 0.004780827 0.999932170 -0.010617107 -0.002918895 -0.002708839 0.010630140 0.999939859 1.261436343
0.999972343 -0.007000596 0.002539907 -0.002819119 0.007021397 0.999941051 -0.008275363 -0.002714294 -0.002481825 0.008292964 0.999962568 1.293769002
0.999939084 -0.010878121 0.001849691 -0.002249030 0.010886759 0.999929547 -0.004724644 -0.002662329 -0.001798165 0.004744493 0.999987125 1.327207208
0.999868751 -0.016064525 0.002069213 -0.002575172 0.016069049 0.999868453 -0.002188771 -0.001764984 -0.002033779 0.002221733 0.999995470 1.360414743
0.999852002 -0.017153110 0.001325017 -0.001696265 0.017154573 0.999852180 -0.001097827 -0.002167910 -0.001305989 0.001120394 0.999998450 1.396713972
0.999855876 -0.016965862 0.000687398 -0.001662145 0.016965505 0.999855876 0.000523243 -0.002103382 -0.000696176 -0.000511505 0.999999583 1.431700706
0.999803603 -0.019814096 0.000334903 -0.001742659 0.019814489 0.999802947 -0.001217624 -0.001229924 -0.000310711 0.001224021 0.999999225 1.468687654
0.999693751 -0.024743870 0.000391848 -0.002148202 0.024744406 0.999692798 -0.001434187 -0.000550935 -0.000356241 0.001443444 0.999998927 1.505940318
0.999701500 -0.024431184 -0.000186205 -0.001227470 0.024431154 0.999701619 -0.000115126 -0.000209440 0.000188962 0.000110543 1.000000000 1.543775558
0.999789596 -0.020509934 -0.000427268 -0.001486385 0.020509616 0.999789417 -0.000729456 0.000504464 0.000442139 0.000720539 0.999999702 1.581928253
0.999814749 -0.019236382 -0.000618073 -0.002108514 0.019234365 0.999810159 -0.003119979 0.000896844 0.000677973 0.003107513 0.999994934 1.620702386
0.999804139 -0.019788360 -0.000424282 -0.002117034 0.019783704 0.999763131 -0.009070139 0.000922193 0.000603664 0.009059968 0.999958813 1.658867240
0.999829888 -0.018437579 -0.000395339 -0.002148419 0.018430348 0.999734461 -0.013830336 0.000973942 0.000650232 0.013820698 0.999904275 1.698427558
0.999887109 -0.015002005 0.000802135 -0.003277967 0.015011969 0.999784410 -0.014342139 0.000285570 -0.000586801 0.014352562 0.999896824 1.737640977
0.999910593 -0.013366540 0.000369749 -0.002830791 0.013370204 0.999826968 -0.012936627 0.000164818 -0.000196767 0.012940416 0.999916196 1.777423143
0.999924183 -0.012309496 0.000322055 -0.002879142 0.012311805 0.999887526 -0.008563722 -0.000369150 -0.000216603 0.008567038 0.999963284 1.817438364
0.999916553 -0.012861166 0.001244287 -0.003569233 0.012867866 0.999901891 -0.005535360 -0.000353321 -0.001172974 0.005550910 0.999983907 1.857735157
0.999891877 -0.014679709 0.000785614 -0.002762678 0.014682533 0.999885321 -0.003716410 -0.000537780 -0.000730968 0.003727543 0.999992788 1.898155570
0.999893725 -0.014532399 0.001121474 -0.002801422 0.014538820 0.999876678 -0.005947356 -0.000181816 -0.001034906 0.005963029 0.999981642 1.939178944
0.999888003 -0.014953034 0.000466928 -0.002505461 0.014956605 0.999848306 -0.008908934 -0.000616459 -0.000333642 0.008914920 0.999960184 1.979134679
0.999902248 -0.013977281 0.000336614 -0.002856119 0.013980091 0.999844551 -0.010735379 -0.000828780 -0.000186511 0.010739036 0.999942243 2.020354748
0.999906957 -0.013626228 0.000498872 -0.002582001 0.013630291 0.999863446 -0.009340586 -0.001008829 -0.000371527 0.009346515 0.999956250 2.061343908
0.999923527 -0.012315884 0.001006677 -0.002962230 0.012321421 0.999907851 -0.005694608 -0.000894414 -0.000936450 0.005706575 0.999983251 2.103429079
0.999911666 -0.013238013 0.001207428 -0.002847771 0.013240877 0.999909461 -0.002395368 -0.001225814 -0.001175608 0.002411144 0.999996424 2.144371748
0.999897838 -0.014283302 0.000671623 -0.002449895 0.014284324 0.999896824 -0.001539072 -0.001511886 -0.000649571 0.001548509 0.999998569 2.186206102
0.999877751 -0.015629964 0.000298182 -0.002958221 0.015630914 0.999871671 -0.003499199 -0.001122138 -0.000243452 0.003503432 0.999993861 2.227679491
0.999876916 -0.015666384 -0.000856895 -0.003147442 0.015662020 0.999865353 -0.004885873 -0.000999752 0.000933324 0.004871852 0.999987721 2.269397259
0.999915302 -0.012835907 -0.002141787 -0.003295760 0.012824323 0.999903500 -0.005338415 -0.001023294 0.002210104 0.005310497 0.999983430 2.311347723
0.999948204 -0.009594118 -0.003390762 -0.003624191 0.009578099 0.999943018 -0.004710166 -0.000626224 0.003435759 0.004677445 0.999983132 2.354624271
0.999976635 -0.005411612 -0.004168359 -0.004436113 0.005397584 0.999979854 -0.003369108 -0.000737995 0.004186506 0.003346531 0.999985635 2.397093773
0.999990225 -0.000617296 -0.004402569 -0.005205407 0.000597982 0.999990165 -0.004386971 -0.000761090 0.004405234 0.004384294 0.999980688 2.439311981
0.999979377 0.003201139 -0.005593239 -0.005487796 -0.003232474 0.999979079 -0.005602039 -0.001020879 0.005575189 0.005620004 0.999968648 2.483101130
0.999971092 0.003959231 -0.006491735 -0.005586575 -0.004012086 0.999958694 -0.008149195 -0.000778869 0.006459202 0.008175006 0.999945700 2.526682615
0.999966085 0.003569731 -0.007419923 -0.006406551 -0.003626350 0.999964297 -0.007631154 -0.001000052 0.007392416 0.007657805 0.999943316 2.571235895
0.999961615 0.004034035 -0.007778626 -0.007024634 -0.004084561 0.999970615 -0.006490603 -0.001105322 0.007752212 0.006522127 0.999948680 2.616351366
0.999956548 0.003008818 -0.008815912 -0.007305773 -0.003058448 0.999979556 -0.005621582 -0.001407500 0.008798816 0.005648301 0.999945343 2.660830975
0.999953568 0.002574915 -0.009287526 -0.007915784 -0.002634896 0.999975741 -0.006451782 -0.001576617 0.009270689 0.006475954 0.999936044 2.705933809
0.999946773 0.003225593 -0.009800994 -0.008823359 -0.003304761 0.999962032 -0.008072191 -0.001302719 0.009774583 0.008104152 0.999919415 2.751003027
0.999932349 0.004358051 -0.010778636 -0.008916542 -0.004471106 0.999935031 -0.010486965 -0.001635829 0.010732234 0.010534449 0.999886930 2.797364950
0.999931276 0.003769120 -0.011094686 -0.009459127 -0.003923396 0.999895453 -0.013916600 -0.001074001 0.011041073 0.013959173 0.999841571 2.842526197
0.999929726 0.003917610 -0.011187896 -0.011119189 -0.004083582 0.999881387 -0.014850815 -0.001949411 0.011128389 0.014895456 0.999827147 2.889079094
0.999915481 0.004500140 -0.012192854 -0.011154611 -0.004661581 0.999901414 -0.013244636 -0.001802094 0.012132048 0.013300355 0.999837995 2.936875343
0.999911487 0.004389988 -0.012553183 -0.011974396 -0.004531679 0.999926090 -0.011281196 -0.002362017 0.012502730 0.011337087 0.999857485 2.983309746
0.999902606 0.004739190 -0.013119103 -0.012745926 -0.004884978 0.999926448 -0.011103000 -0.002939949 0.013065517 0.011166009 0.999852240 3.031812668
0.999896407 0.005179205 -0.013431011 -0.013364442 -0.005335618 0.999918044 -0.011636041 -0.002948072 0.013369645 0.011706497 0.999842107 3.078234434
0.999891877 0.004707130 -0.013932356 -0.014559351 -0.004860904 0.999927402 -0.011023993 -0.003260061 0.013879452 0.011090524 0.999842227 3.126913786
0.999884307 0.005246373 -0.014276133 -0.014927274 -0.005399886 0.999927878 -0.010735942 -0.003355846 0.014218776 0.010811788 0.999840379 3.173363686
0.999885798 0.005240258 -0.014167575 -0.016140087 -0.005394679 0.999926209 -0.010883516 -0.003555264 0.014109497 0.010958703 0.999840319 3.221509933
0.999881208 0.005466938 -0.014410310 -0.016929075 -0.005619422 0.999928534 -0.010562327 -0.003806550 0.014351537 0.010642052 0.999840319 3.270247221
0.999895334 0.003852919 -0.013941875 -0.018410280 -0.003996755 0.999938905 -0.010303672 -0.003682923 0.013901325 0.010358317 0.999849677 3.319178820
0.999888837 0.003698962 -0.014440046 -0.018946471 -0.003829291 0.999952078 -0.009008341 -0.004482413 0.014406033 0.009062635 0.999855101 3.368254185
0.999885857 0.001743030 -0.015008789 -0.018295124 -0.001887370 0.999952078 -0.009608232 -0.003970448 0.014991322 0.009635463 0.999841154 3.416836023
0.999878824 0.001268750 -0.015516575 -0.019152414 -0.001424715 0.999948561 -0.010044576 -0.004201917 0.015503032 0.010065464 0.999829173 3.466027737
0.999885917 0.000493395 -0.015096521 -0.020356774 -0.000628973 0.999959588 -0.008977339 -0.004395224 0.015091482 0.008985811 0.999845803 3.515959978
0.999884963 0.000219330 -0.015164313 -0.020966765 -0.000338971 0.999968767 -0.007887536 -0.004245726 0.015162107 0.007891768 0.999853909 3.565160751
0.999884546 0.001284337 -0.015139489 -0.022142354 -0.001410842 0.999964178 -0.008348201 -0.003906444 0.015128225 0.008368596 0.999850512 3.615881205
0.999873877 0.002511658 -0.015679177 -0.022375714 -0.002653736 0.999955535 -0.009047377 -0.003161013 0.015655752 0.009087845 0.999836087 3.665483475
0.999874949 0.002699703 -0.015589563 -0.023895193 -0.002814786 0.999968946 -0.007364765 -0.004228754 0.015569198 0.007407723 0.999851346 3.715414762
0.999880373 0.002835066 -0.015202776 -0.025493380 -0.002928187 0.999977112 -0.006106494 -0.005266933 0.015185116 0.006150280 0.999865770 3.765372753
0.999882340 0.003338762 -0.014972284 -0.026366027 -0.003433703 0.999974191 -0.006319956 -0.005338136 0.014950796 0.006370623 0.999867916 3.815126181
0.999880970 0.003322494 -0.015067257 -0.026287314 -0.003421067 0.999972820 -0.006521123 -0.005303632 0.015045183 0.006571891 0.999865174 3.862214804
0.999854028 0.005021029 -0.016335318 -0.025691848 -0.005142169 0.999959528 -0.007382338 -0.005405612 0.016297590 0.007465258 0.999839306 3.916116238
0.999882758 0.005411385 -0.014321262 -0.027950600 -0.005525184 0.999953389 -0.007918559 -0.005247101 0.014277740 0.007996758 0.999866128 3.958664894
0.999895394 0.005261683 -0.013482866 -0.029118020 -0.005351458 0.999963701 -0.006631083 -0.005213747 0.013447488 0.006702542 0.999887109 4.008460999
0.999900818 0.005402954 -0.013009553 -0.029740576 -0.005486636 0.999964416 -0.006405292 -0.005242350 0.012974483 0.006476034 0.999894798 4.057628155
0.999910593 0.003725515 -0.012850070 -0.030558815 -0.003806156 0.999973178 -0.006256832 -0.005001083 0.012826416 0.006305181 0.999897838 4.107951641
0.999916852 0.004266684 -0.012162087 -0.030781915 -0.004335363 0.999974787 -0.005626336 -0.005965574 0.012137773 0.005678596 0.999910235 4.155452251
0.999926329 0.004368382 -0.011320760 -0.031546764 -0.004415632 0.999981642 -0.004152157 -0.006706674 0.011302415 0.004201840 0.999927282 4.202832222
0.999936581 0.004649389 -0.010256028 -0.033378314 -0.004703620 0.999974966 -0.005269966 -0.006369663 0.010231271 0.005317872 0.999933541 4.248932362
0.999940336 0.004572136 -0.009917797 -0.033290222 -0.004632825 0.999970615 -0.006104794 -0.006390696 0.009889595 0.006150378 0.999932170 4.297111511
0.999944925 0.004124346 -0.009648787 -0.033752546 -0.004192865 0.999966025 -0.007091783 -0.005937900 0.009619212 0.007131848 0.999928296 4.344537258
0.999949038 0.004425553 -0.009067619 -0.034350052 -0.004487740 0.999966443 -0.006849364 -0.006180612 0.009037004 0.006889709 0.999935329 4.391801834
0.999958217 0.004534215 -0.007935015 -0.035459172 -0.004585714 0.999968469 -0.006483989 -0.006424632 0.007905366 0.006520106 0.999947488 4.438624859
0.999955118 0.006003486 -0.007329557 -0.036299556 -0.006047462 0.999963760 -0.005992337 -0.006919336 0.007293317 0.006036394 0.999955118 4.485373974
0.999958456 0.005744571 -0.007071547 -0.036731251 -0.005798504 0.999954045 -0.007630068 -0.006934077 0.007027393 0.007670755 0.999945879 4.531813622
0.999957621 0.006684162 -0.006326973 -0.037353285 -0.006742785 0.999934077 -0.009289990 -0.006766252 0.006264461 0.009332258 0.999936819 4.577898502
0.999962211 0.006570389 -0.005684501 -0.037690710 -0.006614574 0.999947786 -0.007789273 -0.007508678 0.005633027 0.007826579 0.999953508 4.622730732
0.999964356 0.006456494 -0.005446314 -0.038874831 -0.006484709 0.999965549 -0.005178811 -0.007645931 0.005412689 0.005213942 0.999971747 4.670309544
0.999969482 0.005788194 -0.005243587 -0.038518950 -0.005812655 0.999972224 -0.004661749 -0.007538729 0.005216459 0.004692087 0.999975383 4.715006351
0.999968529 0.005916813 -0.005280445 -0.039072890 -0.005947192 0.999965668 -0.005756048 -0.007720618 0.005246207 0.005787271 0.999969542 4.760241985
0.999973774 0.003783299 -0.006167452 -0.038346156 -0.003822554 0.999972463 -0.006365675 -0.007755293 0.006143198 0.006389083 0.999960661 4.807176113
0.999979258 0.003018176 -0.005680163 -0.039755583 -0.003060269 0.999967813 -0.007416336 -0.008620555 0.005657597 0.007433565 0.999956369 4.851016998
0.999982119 0.003003731 -0.005183087 -0.040532850 -0.003046289 0.999961555 -0.008222722 -0.008690581 0.005158189 0.008238362 0.999952793 4.892529011
0.999974966 0.003593267 -0.006097868 -0.041009974 -0.003647143 0.999954224 -0.008847009 -0.009120684 0.006065798 0.008869028 0.999942243 4.939597607
0.999975026 0.002652057 -0.006551192 -0.041372173 -0.002704610 0.999964178 -0.008026078 -0.009529721 0.006529670 0.008043597 0.999946296 4.983351707
0.999966562 0.003181950 -0.007539622 -0.041419290 -0.003230476 0.999974072 -0.006432614 -0.010337548 0.007518959 0.006456756 0.999950826 5.029009342
0.999961019 0.004078813 -0.007829124 -0.042206656 -0.004124614 0.999974549 -0.005843005 -0.009935601 0.007805092 0.005875071 0.999952257 5.072364807
0.999953628 0.004740732 -0.008380282 -0.042542983 -0.004778752 0.999978364 -0.004522770 -0.010322491 0.008358659 0.004562608 0.999954641 5.115662575
0.999944508 0.004424951 -0.009554495 -0.042582020 -0.004468853 0.999979556 -0.004578432 -0.010272837 0.009534040 0.004620876 0.999943793 5.160955906
0.999944925 0.003860917 -0.009761491 -0.043788157 -0.003907612 0.999980927 -0.004768937 -0.010475353 0.009742893 0.004806819 0.999940932 5.203187466
0.999946773 0.002349601 -0.010050705 -0.044605203 -0.002394990 0.999986947 -0.004506371 -0.010696912 0.010039984 0.004530202 0.999939322 5.245333195
0.999936938 0.001619891 -0.011119118 -0.043873083 -0.001666802 0.999989688 -0.004210904 -0.011098953 0.011112181 0.004229172 0.999929309 5.289505005
0.999933124 0.001388787 -0.011480762 -0.045387894 -0.001455735 0.999982119 -0.005825063 -0.011569589 0.011472465 0.005841386 0.999917150 5.331573009
0.999918640 0.002090892 -0.012580820 -0.045277905 -0.002188507 0.999967635 -0.007750303 -0.011973996 0.012564205 0.007777205 0.999890864 5.374181747
0.999915898 0.001767978 -0.012847033 -0.045756713 -0.001888417 0.999954402 -0.009368781 -0.011535875 0.012829881 0.009392252 0.999873579 5.415102005
0.999912381 0.003060245 -0.012877814 -0.047226563 -0.003177349 0.999953806 -0.009082866 -0.012341063 0.012849423 0.009122987 0.999875844 5.457994461
0.999906301 0.003963469 -0.013100650 -0.047791120 -0.004067534 0.999960303 -0.007926449 -0.012625664 0.013068712 0.007978993 0.999882817 5.500662327
0.999914527 0.003154359 -0.012688486 -0.049230985 -0.003223328 0.999980032 -0.005418758 -0.013748843 0.012671142 0.005459195 0.999904811 5.540836334
0.999896049 0.003147782 -0.014065300 -0.049082357 -0.003220586 0.999981463 -0.005156464 -0.013251515 0.014048806 0.005201227 0.999887705 5.584406376
0.999887347 0.003164835 -0.014673895 -0.049362112 -0.003225553 0.999986291 -0.004116001 -0.013365528 0.014660667 0.004162868 0.999883771 5.625775337
0.999890804 0.002764772 -0.014516033 -0.050379854 -0.002811113 0.999990880 -0.003172973 -0.013675360 0.014507130 0.003213432 0.999889553 5.665932655
0.999889553 0.002083365 -0.014712346 -0.051147152 -0.002112757 0.999995828 -0.001982540 -0.013730608 0.014708153 0.002013405 0.999889791 5.705734253
0.999879360 0.003186645 -0.015204413 -0.051331423 -0.003234516 0.999989927 -0.003124949 -0.013463572 0.015194303 0.003173751 0.999879539 5.745118618
0.999894381 0.002405871 -0.014334138 -0.053174701 -0.002444980 0.999993324 -0.002711471 -0.014220360 0.014327521 0.002746231 0.999893606 5.782371521
0.999895751 0.002436558 -0.014231391 -0.053841010 -0.002479038 0.999992549 -0.002968059 -0.014196523 0.014224052 0.003003030 0.999894381 5.819197655
0.999898851 0.002173447 -0.014056079 -0.054385252 -0.002216782 0.999992788 -0.003068200 -0.014742198 0.014049309 0.003099049 0.999896526 5.854506016
0.999906361 0.002571731 -0.013440192 -0.055385098 -0.002628842 0.999987602 -0.004233337 -0.014850891 0.013429139 0.004268273 0.999900639 5.889506817
0.999902844 0.002813383 -0.013649754 -0.055475816 -0.002864286 0.999989092 -0.003711131 -0.014845794 0.013639165 0.003749868 0.999899924 5.923164845
0.999907255 0.003776020 -0.013079614 -0.056899410 -0.003806566 0.999990106 -0.002311372 -0.015320601 0.013070758 0.002360947 0.999911785 5.955038548
0.999910355 0.003400374 -0.012947199 -0.056995440 -0.003417781 0.999993265 -0.001322532 -0.015930150 0.012942615 0.001366664 0.999915302 5.985740662
0.999910176 0.004169231 -0.012737457 -0.057114288 -0.004185951 0.999990404 -0.001286297 -0.015910542 0.012731972 0.001339500 0.999918044 6.015570641
0.999917448 0.003546075 -0.012348778 -0.058598522 -0.003554771 0.999993443 -0.000682292 -0.016042735 0.012346279 0.000726133 0.999923527 6.045335293
0.999929845 0.003053404 -0.011449028 -0.059214227 -0.003063433 0.999994934 -0.000858485 -0.016478470 0.011446350 0.000893498 0.999934077 6.072095394
0.999931276 0.003316993 -0.011246223 -0.060189378 -0.003346704 0.999990880 -0.002624014 -0.016335627 0.011237416 0.002661472 0.999933243 6.100091934
0.999923527 0.003577734 -0.011839025 -0.059776258 -0.003609860 0.999989808 -0.002693306 -0.016702443 0.011829269 0.002735838 0.999926209 6.126145840
0.999931097 0.004055182 -0.011029619 -0.061124641 -0.004099275 0.999983668 -0.003978003 -0.016749512 0.011013307 0.004022942 0.999931276 6.151641369
0.999929249 0.002333334 -0.011667893 -0.060809173 -0.002394674 0.999983311 -0.005245999 -0.016999504 0.011655459 0.005273569 0.999918163 6.176608562
0.999920666 0.001770599 -0.012465451 -0.061325293 -0.001863110 0.999970794 -0.007413637 -0.017026853 0.012451962 0.007436274 0.999894738 6.200758934
0.999910712 0.001993275 -0.013210971 -0.061360922 -0.002117212 0.999953806 -0.009374036 -0.017247006 0.013191675 0.009401171 0.999868751 6.226044655
0.999899924 0.002105847 -0.013986715 -0.061931215 -0.002238331 0.999952734 -0.009463257 -0.017556630 0.013966125 0.009493617 0.999857426 6.249409676
0.999881208 0.003185943 -0.015080485 -0.062743142 -0.003321399 0.999954343 -0.008965757 -0.017435458 0.015051233 0.009014779 0.999846101 6.272579670
0.999876678 0.002396399 -0.015520319 -0.063132741 -0.002523111 0.999963522 -0.008149805 -0.017847896 0.015500226 0.008187960 0.999846280 6.295849323
0.999863327 0.002833865 -0.016284743 -0.063803799 -0.002948730 0.999970853 -0.007033846 -0.018200554 0.016264338 0.007080904 0.999842644 6.318397522
0.999851823 0.003149726 -0.016921854 -0.064122722 -0.003261277 0.999973118 -0.006568568 -0.018127030 0.016900709 0.006622782 0.999835193 6.341198444
0.999844193 0.003927555 -0.017209142 -0.065042257 -0.004022169 0.999976933 -0.005466730 -0.018311167 0.017187273 0.005535096 0.999836922 6.362946033
0.999835849 0.004434062 -0.017564656 -0.065325543 -0.004524089 0.999976814 -0.005089100 -0.018360868 0.017541684 0.005167728 0.999832690 6.384102345
0.999826074 0.004937972 -0.017987935 -0.065806150 -0.005021994 0.999976635 -0.004628923 -0.018493917 0.017964659 0.004718452 0.999827504 6.404669285
0.999823511 0.005142970 -0.018070396 -0.066364944 -0.005225781 0.999976039 -0.004538449 -0.018454034 0.018046623 0.004632079 0.999826372 6.424328804
0.999830961 0.004154065 -0.017909903 -0.066621900 -0.004227355 0.999982774 -0.004056191 -0.018626753 0.017892743 0.004131216 0.999831378 6.442462921
0.999831975 0.005299812 -0.017546885 -0.067658871 -0.005371228 0.999977410 -0.004025369 -0.018414695 0.017525157 0.004118941 0.999837935 6.460881233
0.999820650 0.006015068 -0.017959498 -0.068007216 -0.006080149 0.999975085 -0.003571372 -0.018508431 0.017937567 0.003679928 0.999832332 6.478886127
0.999830604 0.006004647 -0.017399976 -0.067979217 -0.006061554 0.999976397 -0.003219625 -0.018969778 0.017380230 0.003324551 0.999843419 6.493374825
0.999836326 0.005482389 -0.017244656 -0.067910522 -0.005531636 0.999980807 -0.002809358 -0.019241624 0.017228922 0.002904290 0.999847353 6.508452415
0.999847412 0.005055892 -0.016722269 -0.068473235 -0.005115464 0.999980748 -0.003521602 -0.019069992 0.016704142 0.003606607 0.999853969 6.522911072
0.999847770 0.005159531 -0.016670575 -0.068947896 -0.005226910 0.999978364 -0.004000753 -0.019053530 0.016649574 0.004087279 0.999853015 6.537047863
0.999858081 0.005596036 -0.015883831 -0.069300830 -0.005680358 0.999969959 -0.005268518 -0.019071441 0.015853873 0.005357997 0.999859929 6.549217701
0.999866962 0.006572212 -0.014928004 -0.070298932 -0.006668628 0.999957144 -0.006418205 -0.019432038 0.014885182 0.006516901 0.999867976 6.561743736
0.999860048 0.006576048 -0.015378389 -0.069899127 -0.006689063 0.999950945 -0.007309079 -0.019814786 0.015329566 0.007410925 0.999855042 6.574991703
0.999854088 0.006230206 -0.015909044 -0.070061073 -0.006362209 0.999945700 -0.008260237 -0.019457068 0.015856719 0.008360247 0.999839306 6.588673115
0.999858797 0.006127448 -0.015647795 -0.070380062 -0.006258503 0.999945700 -0.008340160 -0.019640610 0.015595840 0.008436915 0.999842703 6.600673199
0.999857068 0.005301160 -0.016049236 -0.070550084 -0.005431300 0.999952555 -0.008076053 -0.019913677 0.016005661 0.008162066 0.999838591 6.612792492
0.999855280 0.005422259 -0.016124789 -0.071027912 -0.005557442 0.999949694 -0.008350531 -0.019729208 0.016078698 0.008438932 0.999835134 6.625031471
0.999851644 0.005178692 -0.016418042 -0.071341395 -0.005308016 0.999955058 -0.007843170 -0.019911975 0.016376683 0.007929155 0.999834478 6.637654305
0.999856472 0.005102708 -0.016151611 -0.072218522 -0.005238277 0.999951303 -0.008362365 -0.020074699 0.016108153 0.008445770 0.999834657 6.649184704
0.999852657 0.005090279 -0.016389268 -0.072383873 -0.005239677 0.999944925 -0.009085543 -0.020122483 0.016342120 0.009170079 0.999824464 6.661355495
0.999844432 0.005069613 -0.016895643 -0.072276205 -0.005226457 0.999943495 -0.009252010 -0.020174786 0.016847780 0.009338873 0.999814451 6.672910690
0.999840558 0.005259101 -0.017067460 -0.072586626 -0.005412973 0.999944985 -0.008981928 -0.020244956 0.017019287 0.009072881 0.999813974 6.684245586
0.999835730 0.004851125 -0.017467570 -0.072947606 -0.004997885 0.999952435 -0.008368067 -0.020535070 0.017426144 0.008453993 0.999812424 6.696573257
0.999831438 0.005287700 -0.017589288 -0.073164783 -0.005442061 0.999947011 -0.008739563 -0.020325959 0.017542146 0.008833813 0.999807119 6.707080841
0.999828041 0.004963196 -0.017869975 -0.073538914 -0.005111010 0.999952972 -0.008235458 -0.020369705 0.017828263 0.008325375 0.999806404 6.718202114
0.999825835 0.005151322 -0.017938623 -0.073902130 -0.005295034 0.999954164 -0.007973049 -0.020563234 0.017896727 0.008066645 0.999807358 6.728846073
0.999818325 0.005301199 -0.018309029 -0.073828369 -0.005451358 0.999951959 -0.008161168 -0.020672314 0.018264882 0.008259495 0.999799073 6.739313126
0.999818265 0.005213796 -0.018335538 -0.074352205 -0.005358819 0.999954641 -0.007869181 -0.020839807 0.018293681 0.007966007 0.999800920 6.749221325
0.999810874 0.004784904 -0.018850509 -0.074197657 -0.004928608 0.999959171 -0.007584221 -0.020927120 0.018813448 0.007675692 0.999793589 6.759574890
0.999818265 0.004506314 -0.018527893 -0.074751541 -0.004647411 0.999960482 -0.007579403 -0.020933036 0.018493004 0.007664131 0.999799550 6.768573761
0.999811113 0.003529625 -0.019120969 -0.074510604 -0.003663737 0.999968886 -0.006983405 -0.021006927 0.019095726 0.007052138 0.999792814 6.777403355
0.999807596 0.003454420 -0.019313702 -0.074673548 -0.003584391 0.999971151 -0.006698903 -0.021005690 0.019290004 0.006766840 0.999790967 6.785798073
0.999807000 0.003831260 -0.019273361 -0.074973986 -0.003946959 0.999974489 -0.005968565 -0.021047009 0.019250000 0.006043482 0.999796450 6.793082714
0.999796748 0.004858509 -0.019572681 -0.075317279 -0.004972903 0.999970794 -0.005800147 -0.021064227 0.019543927 0.005896299 0.999791682 6.800014973
0.999801397 0.004811836 -0.019338792 -0.075398162 -0.004915225 0.999973774 -0.005302191 -0.021356186 0.019312773 0.005396192 0.999798954 6.804502487
0.999801755 0.004530093 -0.019390203 -0.075411305 -0.004636106 0.999974489 -0.005425865 -0.021321395 0.019365130 0.005514684 0.999797285 6.809712410
0.999799728 0.003968331 -0.019617064 -0.075405374 -0.004092189 0.999971807 -0.006277750 -0.021253830 0.019591600 0.006356767 0.999787927 6.813699245
0.999803245 0.004069999 -0.019415878 -0.075970396 -0.004204695 0.999967396 -0.006901664 -0.021463688 0.019387154 0.006981944 0.999787748 6.817829609
0.999794722 0.004960528 -0.019644005 -0.075875536 -0.005110988 0.999957860 -0.007616508 -0.021313252 0.019605396 0.007715344 0.999778032 6.821765900
0.999795794 0.005125097 -0.019548200 -0.076099396 -0.005268384 0.999959469 -0.007285446 -0.021381725 0.019510070 0.007386944 0.999782443 6.825067997
0.999792397 0.004847050 -0.019790508 -0.076034293 -0.004989002 0.999962091 -0.007129645 -0.021477791 0.019755200 0.007226900 0.999778748 6.828712940
0.999796808 0.004415683 -0.019670988 -0.076223165 -0.004558657 0.999963403 -0.007229338 -0.021455035 0.019638348 0.007317542 0.999780416 6.831718445
0.999794304 0.004369435 -0.019807748 -0.076164886 -0.004514845 0.999963105 -0.007302236 -0.021478614 0.019775113 0.007390163 0.999777138 6.834447861
0.999790311 0.004417821 -0.019996870 -0.076191276 -0.004576817 0.999958217 -0.007912336 -0.021375839 0.019961076 0.008002202 0.999768674 6.836863518
0.999786735 0.004570803 -0.020141846 -0.076313920 -0.004739762 0.999953926 -0.008348802 -0.021394156 0.020102754 0.008442488 0.999762237 6.839168549
0.999790132 0.004573017 -0.019970892 -0.076456860 -0.004747988 0.999950647 -0.008722760 -0.021460462 0.019930016 0.008815751 0.999762475 6.841301441
0.999788344 0.004521165 -0.020072406 -0.076514907 -0.004693382 0.999952495 -0.008541043 -0.021570656 0.020032836 0.008633443 0.999762058 6.843414307
0.999787211 0.004504472 -0.020134876 -0.076486774 -0.004675496 0.999953449 -0.008454936 -0.021525383 0.020095848 0.008547277 0.999761522 6.845356464
0.999786675 0.004642115 -0.020124873 -0.076571032 -0.004814742 0.999951959 -0.008537893 -0.021489423 0.020084269 0.008632969 0.999761045 6.847036362
0.999789655 0.004605035 -0.019987943 -0.076696262 -0.004770287 0.999954820 -0.008227745 -0.021590680 0.019949146 0.008321363 0.999766409 6.848739624
0.999789476 0.004575775 -0.020004205 -0.076706633 -0.004740082 0.999955356 -0.008173986 -0.021645132 0.019965909 0.008267088 0.999766469 6.850251198
0.999788284 0.004703209 -0.020033583 -0.076800928 -0.004869371 0.999954164 -0.008253434 -0.021539949 0.019993844 0.008349236 0.999765217 6.851198196
0.999783218 0.004516512 -0.020327438 -0.076509744 -0.004683649 0.999955535 -0.008182111 -0.021406617 0.020289585 0.008275545 0.999759793 6.852222919
0.999786973 0.004754945 -0.020086296 -0.076675259 -0.004917329 0.999955475 -0.008042589 -0.021409586 0.020047167 0.008139648 0.999765813 6.852547646
0.999785602 0.004812192 -0.020142000 -0.076676399 -0.004975597 0.999954998 -0.008070363 -0.021348227 0.020102262 0.008168851 0.999764502 6.852552414
0.999784768 0.004510276 -0.020257449 -0.076557137 -0.004676691 0.999955654 -0.008175102 -0.021403100 0.020219682 0.008268079 0.999761343 6.852399349
0.999783993 0.004033962 -0.020393519 -0.076446414 -0.004221217 0.999949157 -0.009147314 -0.021455199 0.020355588 0.009231424 0.999750078 6.852223873
0.999786854 0.004012117 -0.020258693 -0.076520756 -0.004212261 0.999942660 -0.009846403 -0.021494839 0.020218028 0.009929639 0.999746203 6.852349758
0.999787092 0.003687801 -0.020305207 -0.076493785 -0.003876461 0.999949515 -0.009259642 -0.021551356 0.020270038 0.009336380 0.999750912 6.852347374
0.999788165 0.003973470 -0.020199561 -0.076546073 -0.004171478 0.999943554 -0.009769914 -0.021466024 0.020159604 0.009852106 0.999748170 6.852376938
0.999785960 0.004038954 -0.020294132 -0.076629817 -0.004254564 0.999934852 -0.010592253 -0.021498706 0.020250032 0.010676332 0.999737859 6.852431774
0.999787509 0.004082660 -0.020211909 -0.076678760 -0.004298102 0.999934256 -0.010627137 -0.021588847 0.020167194 0.010711750 0.999739170 6.852568150
0.999790013 0.004215468 -0.020053744 -0.076707214 -0.004435169 0.999930501 -0.010923797 -0.021585319 0.020006303 0.011010446 0.999739170 6.852668762
0.999794304 0.004137107 -0.019854072 -0.076878250 -0.004356880 0.999929607 -0.011038929 -0.021579150 0.019807005 0.011123161 0.999741912 6.853035927
0.999783099 0.004115173 -0.020416074 -0.076471493 -0.004338998 0.999930799 -0.010930983 -0.021528576 0.020369677 0.011017198 0.999731779 6.854115486
0.999782264 0.004043237 -0.020471072 -0.076476663 -0.004267285 0.999931395 -0.010912742 -0.021522745 0.020425545 0.010997719 0.999730885 6.855081558
0.999785364 0.003910012 -0.020347623 -0.076648146 -0.004130660 0.999933004 -0.010813196 -0.021606084 0.020303980 0.010894923 0.999734402 6.855882645
0.999785006 0.003967274 -0.020351162 -0.076633304 -0.004190637 0.999931276 -0.010944568 -0.021653716 0.020306345 0.011027498 0.999732971 6.857231617
0.999788702 0.003900649 -0.020188160 -0.076853447 -0.004131573 0.999926388 -0.011409594 -0.021618433 0.020142172 0.011490591 0.999731064 6.858355999
0.999789000 0.003998058 -0.020151503 -0.076790437 -0.004245308 0.999916077 -0.012241784 -0.021583471 0.020100869 0.012324752 0.999721944 6.860400200
0.999785721 0.004123081 -0.020286223 -0.076905206 -0.004388604 0.999905109 -0.013061729 -0.021558508 0.020230446 0.013147961 0.999708831 6.862749100
0.999787807 0.004405612 -0.020123564 -0.077108122 -0.004682448 0.999894798 -0.013730486 -0.021623269 0.020060955 0.013821800 0.999703228 6.865580559
0.999786973 0.004179939 -0.020209115 -0.076946035 -0.004473621 0.999884725 -0.014508788 -0.021606557 0.020146141 0.014596104 0.999690413 6.868850708
0.999793172 0.004224890 -0.019891364 -0.077109635 -0.004520080 0.999880016 -0.014818502 -0.021539651 0.019826371 0.014905345 0.999692261 6.873024464
0.999808729 0.004295525 -0.019076824 -0.077965021 -0.004589029 0.999871373 -0.015368255 -0.021371931 0.019008355 0.015452859 0.999699831 6.877655506
0.999830782 0.004597419 -0.017808583 -0.079079151 -0.004882813 0.999859810 -0.016015366 -0.021069154 0.017732458 0.016099608 0.999713063 6.882359505
0.999813318 0.003470348 -0.019006243 -0.077288657 -0.003766674 0.999871492 -0.015577449 -0.021875747 0.018949743 0.015646130 0.999697983 6.889067173
0.999816835 0.003302930 -0.018851833 -0.077298202 -0.003607497 0.999863148 -0.016144713 -0.021807529 0.018795928 0.016209763 0.999691963 6.895864487
0.999820471 0.003241108 -0.018669721 -0.077408299 -0.003560104 0.999847770 -0.017078441 -0.021737367 0.018611528 0.017141839 0.999679863 6.904160976
0.999838769 0.003424452 -0.017628487 -0.077964716 -0.003735461 0.999837399 -0.017639801 -0.022097506 0.017565215 0.017702803 0.999688983 6.912327766
0.999841988 0.003463486 -0.017430682 -0.078018054 -0.003781042 0.999826908 -0.018218355 -0.022083662 0.017364563 0.018281385 0.999682069 6.921480179
0.999856234 0.003935980 -0.016490586 -0.078514419 -0.004246434 0.999813616 -0.018833596 -0.021928877 0.016413381 0.018900920 0.999686658 6.931973457
0.999864161 0.003784748 -0.016040506 -0.078526579 -0.004088258 0.999812484 -0.018931136 -0.021978177 0.015965849 0.018994138 0.999692082 6.943557739
0.999871910 0.002722345 -0.015772955 -0.078552708 -0.003018908 0.999818623 -0.018808784 -0.022278972 0.015718888 0.018853992 0.999698639 6.956154346
0.999877751 0.002256843 -0.015471714 -0.078639448 -0.002553665 0.999812543 -0.019191947 -0.022426926 0.015425500 0.019229107 0.999696076 6.969286919
