0.999997973 -0.001518876 -0.001336882 -0.000143354 0.001517992 0.999998629 -0.000661654 -0.000090989 0.001337885 0.000659623 0.999998868 0.045969065
0.999996603 -0.001052470 -0.002363628 -0.000217932 0.001048033 0.999997616 -0.001877881 -0.000179198 0.002365599 0.001875397 0.999995470 0.068362541
0.999993622 -0.001782717 -0.003100544 -0.000239783 0.001777235 0.999996901 -0.001770117 -0.000522337 0.003103690 0.001764595 0.999993622 0.091116734
0.999990642 -0.002381667 -0.003610996 -0.000410090 0.002372837 0.999994218 -0.002447810 -0.000531226 0.003616805 0.002439219 0.999990404 0.111604974
0.999983370 -0.003795406 -0.004346158 -0.000571779 0.003784756 0.999989748 -0.002456127 -0.000574496 0.004355437 0.002439636 0.999987543 0.132581323
0.999980211 -0.004089849 -0.004779413 -0.000889202 0.004084804 0.999991119 -0.001064868 -0.000479771 0.004783724 0.001045324 0.999988019 0.153213248
0.999978364 -0.003397821 -0.005633300 -0.000905555 0.003404003 0.999993622 0.001088082 -0.000397644 0.005629568 -0.001107234 0.999983490 0.173655316
0.999975324 -0.003168849 -0.006265502 -0.001066519 0.003184705 0.999991715 0.002522344 -0.000658797 0.006257458 -0.002542236 0.999977112 0.193210438
0.999973714 -0.003325902 -0.006433137 -0.001530163 0.003342859 0.999991000 0.002626871 -0.000552498 0.006424343 -0.002648307 0.999975801 0.212751299
0.999968350 -0.004149913 -0.006777552 -0.001536213 0.004170367 0.999986827 0.003006471 -0.000342654 0.006764987 -0.003034641 0.999972463 0.231661499
0.999966681 -0.004563349 -0.006767170 -0.001689347 0.004589043 0.999982297 0.003786340 -0.000810711 0.006749772 -0.003817268 0.999969959 0.249285057
0.999966383 -0.004899401 -0.006571050 -0.001545653 0.004921467 0.999982238 0.003345940 -0.001274771 0.006554540 -0.003378166 0.999972820 0.266542017
0.999969065 -0.005017592 -0.006053990 -0.001943421 0.005021282 0.999987245 0.000594476 -0.000865082 0.006050928 -0.000624856 0.999981523 0.283367246
0.999968350 -0.005380967 -0.005858064 -0.002005887 0.005370781 0.999984086 -0.001753116 -0.000386596 0.005867403 0.001721598 0.999981284 0.300481051
0.999966264 -0.005981984 -0.005634064 -0.002128382 0.005969639 0.999979734 -0.002205353 -0.000677666 0.005647142 0.002171646 0.999981701 0.316621482
0.999965847 -0.006749760 -0.004774919 -0.002409434 0.006736938 0.999973714 -0.002696191 -0.000434339 0.004792992 0.002663931 0.999984980 0.333322138
0.999969125 -0.005969530 -0.005132195 -0.002388050 0.005962205 0.999981165 -0.001441430 -0.000794605 0.005140704 0.001410786 0.999985754 0.349213123
0.999976516 -0.004880402 -0.004799726 -0.002811838 0.004871985 0.999986529 -0.001763725 -0.000770831 0.004808270 0.001740299 0.999986947 0.365533888
0.999979675 -0.003533936 -0.005302671 -0.002627261 0.003524636 0.999992192 -0.001762175 -0.000829049 0.005308857 0.001743449 0.999984384 0.381106466
0.999985874 -0.002675683 -0.004591058 -0.002970974 0.002665480 0.999993980 -0.002226968 -0.000928132 0.004596989 0.002214699 0.999987006 0.396574825
0.999981880 -0.003026484 -0.005203680 -0.002827832 0.003014438 0.999992728 -0.002321143 -0.001021771 0.005210667 0.002305415 0.999983788 0.412230968
0.999983847 -0.002981777 -0.004857433 -0.002930655 0.002965794 0.999990225 -0.003294289 -0.000853195 0.004867208 0.003279829 0.999982774 0.427604139
0.999980867 -0.003219522 -0.005272669 -0.003061539 0.003200123 0.999988079 -0.003683492 -0.001035227 0.005284465 0.003666549 0.999979258 0.443008035
0.999982774 -0.002809457 -0.005151705 -0.003110541 0.002789519 0.999988616 -0.003873206 -0.001248696 0.005162528 0.003858768 0.999979198 0.457790166
0.999987245 -0.001340306 -0.004870089 -0.003359022 0.001319985 0.999990404 -0.004173269 -0.001145959 0.004875636 0.004166788 0.999979436 0.472918928
0.999988437 -0.000436431 -0.004790974 -0.003230976 0.000414777 0.999989748 -0.004519745 -0.001033428 0.004792897 0.004517707 0.999978304 0.487634659
0.999991298 0.000425159 -0.004142521 -0.003670995 -0.000443721 0.999989867 -0.004481114 -0.001107826 0.004140574 0.004482913 0.999981403 0.502363920
0.999993920 0.000196824 -0.003500334 -0.003578662 -0.000214608 0.999987185 -0.005081191 -0.001046378 0.003499288 0.005081912 0.999980986 0.516897440
0.999995768 0.000722890 -0.002824850 -0.003698920 -0.000740647 0.999979973 -0.006290104 -0.001093757 0.002820246 0.006292169 0.999976277 0.531557202
0.999997258 0.000780227 -0.002210233 -0.003686808 -0.000796900 0.999971092 -0.007552833 -0.001338114 0.002204276 0.007554573 0.999969006 0.545630336
0.999999106 0.000653836 -0.001221744 -0.003794873 -0.000664761 0.999959528 -0.008963193 -0.001525802 0.001215834 0.008963997 0.999959052 0.560454607
0.999999940 -0.000031336 -0.000418202 -0.003429556 0.000027336 0.999954343 -0.009559489 -0.001448397 0.000418482 0.009559476 0.999954224 0.575272679
0.999999881 -0.000254945 0.000465175 -0.003789683 0.000259738 0.999946594 -0.010334437 -0.001264623 -0.000462515 0.010334556 0.999946475 0.589587867
0.999998927 -0.001133186 0.001008346 -0.003686641 0.001144321 0.999937654 -0.011111216 -0.001454533 -0.000995692 0.011112357 0.999937773 0.604589283
0.999996364 -0.002087189 0.001730080 -0.003559985 0.002108084 0.999923766 -0.012164701 -0.001449247 -0.001704558 0.012168301 0.999924541 0.619379759
0.999993742 -0.002380319 0.002607657 -0.003576154 0.002413057 0.999917388 -0.012623946 -0.001542995 -0.002577392 0.012630161 0.999916852 0.634161711
0.999991238 -0.002828902 0.003086040 -0.003303217 0.002869969 0.999906301 -0.013385241 -0.001373558 -0.003047885 0.013393980 0.999905646 0.649542272
0.999989688 -0.002842175 0.003546125 -0.003448381 0.002890908 0.999900341 -0.013813860 -0.001376580 -0.003506511 0.013823969 0.999898314 0.665488362
0.999986351 -0.002910363 0.004337777 -0.003514331 0.002969773 0.999900937 -0.013752863 -0.001914280 -0.004297323 0.013765557 0.999895990 0.680693209
0.999975860 -0.004903415 0.004913362 -0.003376901 0.004973021 0.999885976 -0.014256104 -0.001849077 -0.004842898 0.014280194 0.999886334 0.696899951
0.999966562 -0.006046750 0.005503075 -0.003391747 0.006130846 0.999862611 -0.015395307 -0.001927352 -0.005409227 0.015428532 0.999866307 0.713422120
0.999955535 -0.007255791 0.006014736 -0.002970204 0.007349184 0.999850452 -0.015653569 -0.002238438 -0.005900257 0.015697077 0.999859273 0.730287254
0.999950469 -0.007847399 0.006112520 -0.002572851 0.007940203 0.999851286 -0.015309313 -0.002203163 -0.005991472 0.015357090 0.999864101 0.747576058
0.999956250 -0.006571579 0.006648415 -0.002980014 0.006665085 0.999877810 -0.014141391 -0.002253849 -0.006554672 0.014185086 0.999877870 0.764368117
0.999955833 -0.005799775 0.007392585 -0.003227205 0.005897757 0.999894202 -0.013301997 -0.002195472 -0.007314655 0.013345009 0.999884188 0.782798469
0.999953270 -0.006101394 0.007495024 -0.002898910 0.006193532 0.999904752 -0.012332245 -0.002835819 -0.007419067 0.012378087 0.999895871 0.802351415
0.999941170 -0.007639566 0.007698526 -0.002692104 0.007729996 0.999900639 -0.011786006 -0.002833346 -0.007607721 0.011844822 0.999900877 0.822049379
0.999949276 -0.007152342 0.007089880 -0.002385146 0.007229020 0.999915004 -0.010849222 -0.002663075 -0.007011681 0.010899923 0.999916017 0.842695713
0.999952853 -0.007151523 0.006559413 -0.002307475 0.007223046 0.999913990 -0.010945969 -0.002661956 -0.006480569 0.010992833 0.999918520 0.864529490
0.999958992 -0.006484526 0.006317794 -0.002157585 0.006561850 0.999902844 -0.012296259 -0.002462828 -0.006237445 0.012337212 0.999904394 0.886209965
0.999962687 -0.006601583 0.005566934 -0.002087930 0.006673852 0.999892294 -0.013064794 -0.002900669 -0.005480086 0.013101458 0.999899089 0.908834636
0.999967635 -0.006207832 0.005107352 -0.002126010 0.006276141 0.999889612 -0.013469082 -0.002675471 -0.005023174 0.013500702 0.999896228 0.932698071
0.999977708 -0.005353577 0.004003143 -0.002190523 0.005400536 0.999915600 -0.011813062 -0.003052765 -0.003939564 0.011834415 0.999922156 0.955867171
0.999988675 -0.003324722 0.003403781 -0.002158102 0.003357418 0.999947786 -0.009645854 -0.002827707 -0.003371534 0.009657172 0.999947667 0.981137693
0.999992967 -0.002911326 0.002358826 -0.002148322 0.002929087 0.999967158 -0.007561730 -0.003353554 -0.002336734 0.007568586 0.999968588 1.006558299
0.999981225 -0.005868022 0.001774275 -0.001974150 0.005881029 0.999955177 -0.007416051 -0.003163895 -0.001730677 0.007426347 0.999970913 1.032924771
0.999985933 -0.005030635 0.001692077 -0.002027268 0.005044696 0.999951839 -0.008410688 -0.002815453 -0.001649684 0.008419106 0.999963284 1.060252905
0.999983191 -0.005774766 0.000571997 -0.002179584 0.005779854 0.999939680 -0.009333655 -0.003334560 -0.000518063 0.009336804 0.999956310 1.086391568
0.999989986 -0.004466258 0.000231740 -0.001831253 0.004468249 0.999945343 -0.009453475 -0.002893315 -0.000189506 0.009454417 0.999955297 1.115723372
0.999972999 -0.007345880 -0.000166977 -0.002228279 0.007344620 0.999951243 -0.006594649 -0.003312136 0.000215412 0.006593244 0.999978304 1.144265056
0.999941707 -0.010757080 -0.000909306 -0.000715239 0.010753957 0.999936402 -0.003372669 -0.002919166 0.000945528 0.003362693 0.999993920 1.174543738
0.999864638 -0.016447715 -0.000177591 -0.001404472 0.016447624 0.999864578 -0.000517010 -0.002486923 0.000186071 0.000514019 0.999999821 1.204459786
0.999848008 -0.017418928 -0.000709037 -0.001556804 0.017419226 0.999848187 0.000410041 -0.002363557 0.000701788 -0.000422330 0.999999642 1.234667182
0.999842703 -0.017655408 -0.001651820 -0.001714528 0.017659098 0.999841511 0.002247947 -0.002502712 0.001611870 -0.002276763 0.999996126 1.265603065
0.999799967 -0.019892452 -0.002045738 -0.001057518 0.019892491 0.999802232 0.000000212 -0.001187842 0.002045329 -0.000040907 0.999997914 1.298851967
0.999671161 -0.025480619 -0.002865331 -0.000697999 0.025479648 0.999675333 -0.000374682 -0.000440169 0.002873948 0.000301551 0.999995887 1.331724763
0.999686301 -0.024878019 -0.002897430 -0.000633078 0.024881830 0.999689579 0.001286831 -0.000454091 0.002864517 -0.001358521 0.999994993 1.364780068
0.999771416 -0.021231648 -0.002490419 -0.001474915 0.021232517 0.999774516 0.000321926 0.000500761 0.002483023 -0.000374731 0.999996901 1.399330735
0.999792457 -0.020057581 -0.003557945 -0.001241098 0.020053897 0.999798357 -0.001068564 0.000064365 0.003578661 0.000996991 0.999993086 1.432615757
0.999781430 -0.020594601 -0.003593427 -0.001232863 0.020567797 0.999761641 -0.007342102 0.000392633 0.003743778 0.007266588 0.999966562 1.467063785
0.999814332 -0.018986711 -0.003312520 -0.001347858 0.018943416 0.999740541 -0.012645922 0.000973795 0.003551764 0.012580822 0.999914527 1.501147509
0.999880314 -0.015326318 -0.002115247 -0.002473144 0.015297947 0.999800622 -0.012833083 0.000311835 0.002311509 0.012799188 0.999915421 1.535190105
0.999896944 -0.014216214 -0.002003306 -0.003103136 0.014192672 0.999835253 -0.011311973 0.000205565 0.002163789 0.011282375 0.999933958 1.570029736
0.999916196 -0.012801577 -0.001921331 -0.002915200 0.012787144 0.999891281 -0.007345682 -0.000215298 0.002015158 0.007320498 0.999971151 1.605602026
0.999906301 -0.013545398 -0.001955432 -0.002864503 0.013536690 0.999898672 -0.004400296 0.000173030 0.002014838 0.004373414 0.999988377 1.641028643
0.999882936 -0.015227911 -0.001446496 -0.002860646 0.015224324 0.999881029 -0.002460850 -0.000222312 0.001483799 0.002438540 0.999995887 1.676590919
0.999888301 -0.014852786 -0.001640995 -0.002860026 0.014845533 0.999880373 -0.004345091 -0.000113956 0.001705335 0.004320245 0.999989152 1.712396383
0.999882758 -0.015238737 -0.001491478 -0.002991190 0.015226834 0.999854505 -0.007690452 -0.000143440 0.001608454 0.007666840 0.999969304 1.747418880
0.999886870 -0.014981030 -0.001285723 -0.003173166 0.014968217 0.999843299 -0.009454939 -0.000228070 0.001427166 0.009434626 0.999954462 1.783907413
0.999913335 -0.013102138 -0.001308994 -0.003441990 0.013090246 0.999876261 -0.008715793 0.000020105 0.001423028 0.008697900 0.999961138 1.819635034
0.999928653 -0.011912908 -0.000890269 -0.003639791 0.011909173 0.999920666 -0.004089199 -0.000385626 0.000938913 0.004078306 0.999991179 1.855770946
0.999923408 -0.012365266 -0.000502855 -0.003707658 0.012364393 0.999922097 -0.001706460 -0.000386337 0.000523916 0.001700112 0.999998331 1.891758442
0.999906361 -0.013625063 -0.001196055 -0.003675503 0.013623709 0.999906600 -0.001132745 -0.000281095 0.001211377 0.001116345 0.999998629 1.929039121
0.999884009 -0.015132384 -0.001691623 -0.003824899 0.015127999 0.999882162 -0.002578321 -0.000200736 0.001730440 0.002552431 0.999995232 1.965361118
0.999877095 -0.015399132 -0.002942007 -0.004136988 0.015388483 0.999875009 -0.003608871 -0.000359313 0.002997213 0.003563154 0.999989092 2.001534224
0.999910176 -0.012692709 -0.004285778 -0.004244595 0.012674220 0.999910355 -0.004313548 -0.000029316 0.004340145 0.004258842 0.999981523 2.038721561
0.999938726 -0.009466505 -0.005721248 -0.004375685 0.009445428 0.999948502 -0.003699403 0.000346549 0.005755975 0.003645137 0.999976814 2.076188564
0.999969006 -0.005328878 -0.005798609 -0.005611544 0.005314471 0.999982774 -0.002497193 0.000340841 0.005811817 0.002466299 0.999980092 2.112745047
0.999975026 -0.001168572 -0.006975414 -0.005664339 0.001146806 0.999994457 -0.003123606 0.000389711 0.006979025 0.003115528 0.999970794 2.151104450
0.999968112 0.002961590 -0.007412606 -0.006700367 -0.002995120 0.999985337 -0.004516373 0.000160729 0.007399122 0.004538431 0.999962330 2.188152790
0.999961376 0.003884513 -0.007873170 -0.007286298 -0.003938490 0.999968767 -0.006851937 0.000109657 0.007846307 0.006882681 0.999945581 2.226943493
0.999953806 0.003549566 -0.008932984 -0.007579150 -0.003610824 0.999970138 -0.006850678 0.000473435 0.008908398 0.006882618 0.999936640 2.265074253
0.999944687 0.004166195 -0.009653050 -0.008120041 -0.004228940 0.999970019 -0.006488661 0.000784844 0.009625727 0.006529125 0.999932408 2.304196835
0.999940157 0.003376264 -0.010405937 -0.008431884 -0.003432950 0.999979317 -0.005434525 0.000433273 0.010387371 0.005469922 0.999931097 2.342060328
0.999936044 0.002454199 -0.011043177 -0.008453300 -0.002517409 0.999980450 -0.005713607 0.000257588 0.011028940 0.005741041 0.999922693 2.379875422
0.999927461 0.002738363 -0.011723432 -0.009596393 -0.002824805 0.999968886 -0.007363275 0.000673484 0.011702904 0.007395858 0.999904096 2.420221329
0.999917984 0.004481621 -0.011992971 -0.010635497 -0.004604369 0.999937057 -0.010227086 0.000633163 0.011946384 0.010281468 0.999875724 2.460389614
0.999913037 0.003088172 -0.012820926 -0.010740981 -0.003252788 0.999912202 -0.012838790 0.000409525 0.012780152 0.012879376 0.999835491 2.499824047
0.999915361 0.003741865 -0.012455510 -0.012861345 -0.003913929 0.999896824 -0.013818783 -0.000230081 0.012402518 0.013866364 0.999826968 2.539530754
0.999896824 0.004610226 -0.013602379 -0.012007482 -0.004780404 0.999910355 -0.012505016 -0.000110738 0.013543508 0.012568750 0.999829292 2.580592155
0.999894381 0.004611083 -0.013781829 -0.012785435 -0.004758071 0.999931931 -0.010651605 -0.000389816 0.013731775 0.010716055 0.999848247 2.621231318
0.999878049 0.003723606 -0.015166594 -0.011728035 -0.003871128 0.999945283 -0.009709049 -0.001318302 0.015129613 0.009766579 0.999837816 2.661407948
0.999872923 0.003652373 -0.015510502 -0.013201172 -0.003801415 0.999946713 -0.009590517 -0.002089432 0.015474647 0.009648262 0.999833703 2.703628778
0.999873817 0.004926139 -0.015103882 -0.015293354 -0.005080257 0.999935269 -0.010182533 -0.001244860 0.015052745 0.010257983 0.999834001 2.744268894
0.999863088 0.005424453 -0.015636601 -0.016110474 -0.005583238 0.999933183 -0.010128997 -0.001211917 0.015580612 0.010214914 0.999826372 2.785162210
0.999866068 0.005226869 -0.015510187 -0.016826831 -0.005377859 0.999938428 -0.009709163 -0.001633089 0.015458484 0.009791276 0.999832511 2.827145338
0.999847949 0.005520509 -0.016542975 -0.017133733 -0.005685369 0.999934435 -0.009935176 -0.001474805 0.016487040 0.010027720 0.999813795 2.869964838
0.999862969 0.003939324 -0.016077980 -0.017850289 -0.004090142 0.999947846 -0.009358310 -0.001648076 0.016040279 0.009422790 0.999826908 2.912312031
0.999865413 0.003616513 -0.016002713 -0.018610440 -0.003744949 0.999961019 -0.008003199 -0.002086129 0.015973145 0.008062052 0.999839902 2.953881502
0.999867201 0.002301802 -0.016131070 -0.018554557 -0.002457645 0.999950528 -0.009647847 -0.000621248 0.016108062 0.009686211 0.999823272 2.996779203
0.999865174 0.001481878 -0.016353652 -0.019722089 -0.001626488 0.999959588 -0.008832893 -0.002308059 0.016339904 0.008858301 0.999827266 3.040454865
0.999865830 0.000759791 -0.016362565 -0.020256441 -0.000901228 0.999962211 -0.008638321 -0.001575731 0.016355386 0.008651909 0.999828756 3.083622694
0.999867558 0.000107671 -0.016277177 -0.020916691 -0.000224137 0.999974310 -0.007153501 -0.001787538 0.016275993 0.007156203 0.999841928 3.127161980
0.999859929 0.001618646 -0.016658414 -0.021467168 -0.001740645 0.999971867 -0.007311672 -0.001889383 0.016646110 0.007339645 0.999834478 3.169881344
0.999852359 0.002617204 -0.016980620 -0.021279320 -0.002748115 0.999966681 -0.007690676 -0.001376817 0.016959926 0.007736206 0.999826193 3.212612391
0.999852240 0.003357211 -0.016860146 -0.022945859 -0.003466833 0.999972999 -0.006476786 -0.002143931 0.016837951 0.006534280 0.999836862 3.256846428
0.999850690 0.003587089 -0.016904149 -0.023572844 -0.003687302 0.999975801 -0.005900832 -0.002540592 0.016882572 0.005962281 0.999839664 3.300139427
0.999848962 0.004670754 -0.016741127 -0.024477527 -0.004773497 0.999970019 -0.006102441 -0.002426984 0.016712122 0.006181432 0.999841213 3.344657660
0.999854445 0.004602738 -0.016426375 -0.025388325 -0.004697397 0.999972582 -0.005728727 -0.002952421 0.016399555 0.005805053 0.999848664 3.385874033
0.999850810 0.004856310 -0.016574249 -0.026066354 -0.004954135 0.999970555 -0.005866242 -0.003045810 0.016545272 0.005947478 0.999845386 3.429574251
0.999856710 0.005390721 -0.016047005 -0.027132364 -0.005497595 0.999962986 -0.006623391 -0.003131643 0.016010707 0.006710662 0.999849319 3.472954750
0.999864459 0.005776536 -0.015418001 -0.027190749 -0.005859933 0.999968410 -0.005369344 -0.003365939 0.015386498 0.005458965 0.999866724 3.513971090
0.999863386 0.007161091 -0.014893333 -0.028148845 -0.007245013 0.999958217 -0.005588596 -0.003431866 0.014852689 0.005695736 0.999873459 3.556907177
0.999883533 0.005328844 -0.014302660 -0.028205974 -0.005396295 0.999974489 -0.004681469 -0.004212338 0.014277348 0.004758106 0.999886811 3.598934650
0.999890149 0.005524823 -0.013744581 -0.028990552 -0.005591373 0.999972761 -0.004808285 -0.003685782 0.013717643 0.004884608 0.999893963 3.641465902
0.999901652 0.005034126 -0.013089858 -0.030295417 -0.005083532 0.999980092 -0.003743789 -0.003665499 0.013070752 0.003809963 0.999907315 3.684765100
0.999906123 0.004990128 -0.012759944 -0.030056739 -0.005048356 0.999976993 -0.004535316 -0.003696170 0.012737018 0.004599307 0.999908268 3.725639582
0.999917150 0.004597090 -0.012020918 -0.031396434 -0.004658930 0.999975979 -0.005121381 -0.003651548 0.011997084 0.005176962 0.999914646 3.767780066
0.999922872 0.003892146 -0.011789716 -0.031929962 -0.003965333 0.999972880 -0.006190724 -0.003025830 0.011765302 0.006236998 0.999911368 3.810346127
0.999930024 0.004640802 -0.010882800 -0.032604929 -0.004709396 0.999969184 -0.006285713 -0.002948917 0.010853295 0.006336524 0.999921024 3.849908829
0.999935031 0.004630165 -0.010413004 -0.032816950 -0.004681237 0.999977052 -0.004885734 -0.004253284 0.010390145 0.004934162 0.999933839 3.890607119
0.999929130 0.006841865 -0.009743907 -0.033867624 -0.006890507 0.999963939 -0.004967313 -0.004188612 0.009709572 0.005034102 0.999940157 3.931768894
0.999936819 0.006819122 -0.008934448 -0.034501933 -0.006878882 0.999954045 -0.006675056 -0.004238021 0.008888520 0.006736093 0.999937892 3.970648050
0.999936819 0.006842133 -0.008931702 -0.034333911 -0.006907073 0.999949813 -0.007260168 -0.005365221 0.008881579 0.007321401 0.999933720 4.010872364
0.999939799 0.007172384 -0.008301286 -0.034578163 -0.007222970 0.999955416 -0.006080024 -0.005407173 0.008257309 0.006139618 0.999947011 4.050442696
0.999948680 0.006147582 -0.008057186 -0.035178140 -0.006168678 0.999977648 -0.002595940 -0.006628060 0.008041048 0.002645509 0.999964178 4.091273785
0.999952018 0.005208854 -0.008296556 -0.035269283 -0.005228797 0.999983490 -0.002383945 -0.005701372 0.008284001 0.002427212 0.999962747 4.132911205
0.999967575 0.005408870 -0.005959684 -0.039814431 -0.005429832 0.999979138 -0.003506883 -0.006234130 0.005940590 0.003539129 0.999976099 4.171275139
0.999969304 0.003122562 -0.007190627 -0.037656046 -0.003153091 0.999986112 -0.004238335 -0.005784788 0.007177292 0.004260877 0.999965191 4.209193230
0.999958336 0.003534155 -0.008419008 -0.037319120 -0.003584073 0.999976039 -0.005921531 -0.005886117 0.008397879 0.005951458 0.999947011 4.250803947
0.999961078 0.002948725 -0.008314954 -0.037990302 -0.003003544 0.999973774 -0.006588122 -0.006197209 0.008295311 0.006612840 0.999943674 4.289571762
0.999950111 0.003472813 -0.009366580 -0.038260605 -0.003535987 0.999971032 -0.006736489 -0.006683830 0.009342915 0.006769272 0.999933422 4.328704357
0.999943912 0.003574859 -0.009971585 -0.038493235 -0.003643220 0.999969959 -0.006845841 -0.006538182 0.009946810 0.006881785 0.999926865 4.367618561
0.999931931 0.004588204 -0.010731605 -0.038666800 -0.004649649 0.999972880 -0.005707674 -0.007322913 0.010705126 0.005757183 0.999926209 4.405863762
0.999931574 0.004034040 -0.010984113 -0.039687205 -0.004078550 0.999983609 -0.004032806 -0.006650551 0.010967663 0.004077329 0.999931574 4.443398952
0.999917448 0.004848261 -0.011893872 -0.039685056 -0.004882828 0.999983847 -0.002879043 -0.007305305 0.011879724 0.002936881 0.999925077 4.483241081
0.999906301 0.004364560 -0.012973719 -0.040311798 -0.004407131 0.999984980 -0.003254544 -0.006751725 0.012959320 0.003311416 0.999910474 4.521800041
0.999904215 0.003551849 -0.013372295 -0.040673848 -0.003592591 0.999988973 -0.003023903 -0.007139914 0.013361407 0.003071655 0.999906003 4.559712410
0.999910414 0.001994497 -0.013235326 -0.041896194 -0.002018014 0.999996424 -0.001763749 -0.008489912 0.013231760 0.001790300 0.999910831 4.594230652
0.999901772 0.001469417 -0.013941269 -0.041997317 -0.001495261 0.999997258 -0.001843582 -0.008487100 0.013938519 0.001864247 0.999901116 4.631012440
0.999897957 0.001840423 -0.014165581 -0.043444403 -0.001889492 0.999992251 -0.003451365 -0.008968325 0.014159119 0.003477778 0.999893665 4.668369293
0.999885023 0.001696694 -0.015068639 -0.043715417 -0.001778689 0.999983668 -0.005429687 -0.008794576 0.015059182 0.005455864 0.999871671 4.705014706
0.999881446 0.001161086 -0.015357956 -0.044543177 -0.001266745 0.999975622 -0.006871763 -0.009044124 0.015349603 0.006890403 0.999858379 4.740858078
0.999863684 0.001958704 -0.016393080 -0.044274539 -0.002066563 0.999976397 -0.006565209 -0.008543318 0.016379835 0.006598191 0.999844134 4.777636528
0.999864340 0.003121667 -0.016170343 -0.045341138 -0.003199724 0.999983370 -0.004803570 -0.009288806 0.016155077 0.004854659 0.999857724 4.814494133
0.999858677 0.004161375 -0.016289545 -0.046143375 -0.004220547 0.999984622 -0.003599771 -0.009560997 0.016274314 0.003668012 0.999860883 4.850032806
0.999870062 0.002856612 -0.015865518 -0.048221551 -0.002890977 0.999993563 -0.002143557 -0.010143134 0.015859293 0.002189145 0.999871790 4.885497570
0.999846578 0.003266078 -0.017205985 -0.047203176 -0.003295488 0.999993145 -0.001681231 -0.009443973 0.017200375 0.001737675 0.999850512 4.922277451
0.999855936 0.002262399 -0.016818121 -0.048413638 -0.002273324 0.999997318 -0.000630551 -0.009491371 0.016816644 0.000668694 0.999858379 4.957292557
0.999848425 0.002097630 -0.017284427 -0.048734605 -0.002086955 0.999997556 0.000635579 -0.009788644 0.017285716 -0.000599410 0.999850392 4.991477013
0.999845564 0.001607362 -0.017501049 -0.049132112 -0.001603912 0.999998689 0.000211199 -0.009198729 0.017501367 -0.000183096 0.999846756 5.025144577
0.999847531 0.001855123 -0.017358575 -0.050295211 -0.001853213 0.999998212 0.000126089 -0.009629994 0.017358782 -0.000093901 0.999849319 5.057982445
0.999846518 0.002449083 -0.017347863 -0.050494719 -0.002460771 0.999996722 -0.000652428 -0.009531612 0.017346205 0.000695017 0.999849319 5.089457989
0.999859512 0.003026280 -0.016482860 -0.051606707 -0.003059746 0.999993324 -0.002005510 -0.009240480 0.016476676 0.002055662 0.999862134 5.119556427
0.999853194 0.002498193 -0.016948048 -0.051406108 -0.002527812 0.999995232 -0.001726408 -0.009897590 0.016943656 0.001768996 0.999854803 5.149932861
0.999860585 0.003285744 -0.016368600 -0.052319132 -0.003303816 0.999993920 -0.001077099 -0.010250091 0.016364962 0.001131028 0.999865413 5.178295612
0.999853611 0.004657411 -0.016458988 -0.052722272 -0.004662747 0.999989033 -0.000285855 -0.010252639 0.016457476 0.000362558 0.999864459 5.207168102
0.999861777 0.004371051 -0.016041424 -0.053628854 -0.004366489 0.999990404 0.000319373 -0.010519309 0.016042667 -0.000249284 0.999871254 5.233532429
0.999872088 0.003998998 -0.015486069 -0.054426864 -0.003974500 0.999990880 0.001612352 -0.010992208 0.015492374 -0.001550597 0.999878764 5.259839535
0.999872684 0.004141247 -0.015410698 -0.054694831 -0.004114768 0.999989986 0.001749481 -0.010672190 0.015417785 -0.001685847 0.999879718 5.284528732
0.999871314 0.003892397 -0.015563050 -0.054706216 -0.003880340 0.999992132 0.000804802 -0.010714324 0.015566061 -0.000744308 0.999878526 5.308008671
0.999879181 0.003852702 -0.015055466 -0.055575460 -0.003854769 0.999992549 -0.000108328 -0.010851773 0.015054937 0.000166351 0.999886572 5.331707478
0.999880910 0.003601586 -0.015004532 -0.055914760 -0.003609253 0.999993384 -0.000483911 -0.010905365 0.015002690 0.000538009 0.999887288 5.353710175
0.999881625 0.003656241 -0.014944397 -0.056262583 -0.003680428 0.999991953 -0.001591243 -0.011054615 0.014938463 0.001646056 0.999887049 5.375591755
0.999879777 0.002055243 -0.015370972 -0.056492232 -0.002102257 0.999993205 -0.003043049 -0.011369452 0.015364614 0.003074996 0.999877214 5.396145821
0.999870718 0.001927132 -0.015959345 -0.056852892 -0.002000556 0.999987483 -0.004585979 -0.011437038 0.015950305 0.004617315 0.999862134 5.417308331
0.999854267 0.002265770 -0.016913727 -0.057188712 -0.002373013 0.999977231 -0.006323265 -0.011503069 0.016899018 0.006362481 0.999837041 5.438182354
0.999841213 0.002812570 -0.017595744 -0.057639793 -0.002933067 0.999972343 -0.006826012 -0.011605598 0.017576059 0.006876539 0.999821901 5.457806587
0.999820709 0.002819570 -0.018725825 -0.058337107 -0.002935885 0.999976575 -0.006186898 -0.011733117 0.018707946 0.006240765 0.999805570 5.477504730
0.999811649 0.002458604 -0.019256338 -0.058529090 -0.002565061 0.999981582 -0.005505651 -0.011859441 0.019242445 0.005554006 0.999799430 5.497506142
0.999792635 0.003245780 -0.020103488 -0.058927409 -0.003333288 0.999985099 -0.004320904 -0.012135305 0.020089159 0.004387019 0.999788642 5.516638279
0.999786496 0.003564679 -0.020350466 -0.059523094 -0.003639629 0.999986649 -0.003647087 -0.012219599 0.020337196 0.003720377 0.999786258 5.536370277
0.999772727 0.003944960 -0.020949850 -0.060010981 -0.004003996 0.999988258 -0.002776773 -0.012025226 0.020938648 0.002860025 0.999776602 5.554386139
0.999748766 0.005770409 -0.021657234 -0.060393494 -0.005830074 0.999979377 -0.002692869 -0.011901757 0.021641245 0.002818455 0.999761760 5.573491573
0.999750793 0.005297610 -0.021683717 -0.060865071 -0.005345082 0.999983490 -0.002131982 -0.012052708 0.021672063 0.002247353 0.999762535 5.589704990
0.999753296 0.004369448 -0.021782979 -0.061226759 -0.004401767 0.999989271 -0.001435913 -0.012264496 0.021776475 0.001531442 0.999761701 5.606274605
0.999753237 0.005221411 -0.021591328 -0.061849251 -0.005256276 0.999984980 -0.001558318 -0.012215792 0.021582870 0.001671423 0.999765694 5.622475624
0.999752223 0.005096219 -0.021669503 -0.062113885 -0.005120069 0.999986351 -0.001045240 -0.012118307 0.021663882 0.001155930 0.999764681 5.638065815
0.999757826 0.007334560 -0.020752577 -0.063139088 -0.007357645 0.999972463 -0.001036205 -0.012355538 0.020744409 0.001188644 0.999784052 5.652959824
0.999757707 0.006339080 -0.021078069 -0.063002080 -0.006354756 0.999979675 -0.000676821 -0.012385723 0.021073349 0.000810603 0.999777615 5.666417599
0.999773085 0.005911996 -0.020461764 -0.063618034 -0.005927661 0.999982119 -0.000704957 -0.012319887 0.020457234 0.000826087 0.999790430 5.678989410
0.999785423 0.004961296 -0.020110508 -0.063990876 -0.004973234 0.999987483 -0.000543713 -0.012395057 0.020107558 0.000643610 0.999797642 5.691445351
0.999783456 0.005906137 -0.019950850 -0.063933462 -0.005934958 0.999981403 -0.001385708 -0.012479407 0.019942289 0.001503816 0.999800026 5.703034878
0.999788404 0.005572818 -0.019797087 -0.064279944 -0.005622726 0.999981165 -0.002466302 -0.012399267 0.019782964 0.002577094 0.999800980 5.714754581
0.999792814 0.006149009 -0.019401554 -0.064779386 -0.006223310 0.999973536 -0.003771604 -0.012368092 0.019377846 0.003891564 0.999804676 5.726058006
0.999792755 0.006197883 -0.019393111 -0.064719953 -0.006294122 0.999968171 -0.004905435 -0.012449678 0.019362090 0.005026481 0.999799907 5.736599922
0.999795139 0.006203459 -0.019267585 -0.065288670 -0.006310564 0.999964952 -0.005502997 -0.012477847 0.019232774 0.005623459 0.999799252 5.747798920
0.999794841 0.006271798 -0.019263156 -0.065666892 -0.006382313 0.999963462 -0.005680985 -0.012553791 0.019226821 0.005802763 0.999798238 5.758548260
0.999791384 0.005725668 -0.019604916 -0.065651461 -0.005837373 0.999967039 -0.005645349 -0.012723874 0.019571947 0.005758614 0.999791861 5.768854141
0.999790430 0.005549323 -0.019704465 -0.066106372 -0.005659519 0.999968588 -0.005541084 -0.012598233 0.019673102 0.005651441 0.999790430 5.779667377
0.999781013 0.005574928 -0.020167401 -0.066271238 -0.005692230 0.999967158 -0.005763679 -0.012520423 0.020134611 0.005877215 0.999779940 5.790341854
0.999779403 0.005260033 -0.020337708 -0.066361003 -0.005384058 0.999967158 -0.006048379 -0.012705229 0.020305227 0.006156543 0.999774873 5.800462246
0.999780953 0.005385062 -0.020224454 -0.067034081 -0.005521192 0.999962449 -0.006681172 -0.012858842 0.020187713 0.006791371 0.999773085 5.810256958
0.999770105 0.005606203 -0.020695694 -0.067159757 -0.005750136 0.999959648 -0.006901767 -0.012713620 0.020656167 0.007019183 0.999761939 5.821122169
0.999767601 0.005900458 -0.020734331 -0.067721471 -0.006037694 0.999960244 -0.006562419 -0.012964495 0.020694781 0.006686082 0.999763429 5.830992222
0.999761343 0.006078164 -0.020982973 -0.067918539 -0.006212755 0.999960482 -0.006355092 -0.012902228 0.020943515 0.006483939 0.999759555 5.840799809
0.999751568 0.005711014 -0.021541271 -0.067599982 -0.005848961 0.999962926 -0.006346317 -0.013022620 0.021504214 0.006470736 0.999747872 5.850427628
0.999754369 0.005795212 -0.021389920 -0.068139531 -0.005921766 0.999965429 -0.005857958 -0.013259366 0.021355228 0.005983185 0.999754071 5.859399319
0.999736965 0.005832536 -0.022177165 -0.067725241 -0.005955179 0.999967396 -0.005468144 -0.013549892 0.022144543 0.005598774 0.999739170 5.869175911
0.999730527 0.005681864 -0.022506922 -0.068045273 -0.005802623 0.999969125 -0.005303697 -0.013840230 0.022476085 0.005432867 0.999732673 5.878666878
0.999735415 0.005676332 -0.022296650 -0.068547763 -0.005799398 0.999968410 -0.005458645 -0.013598019 0.022264965 0.005586508 0.999736488 5.886319160
0.999724448 0.004990489 -0.022938859 -0.068259187 -0.005110614 0.999973476 -0.005181103 -0.013562366 0.022912398 0.005296906 0.999723494 5.894793034
0.999740899 0.003909044 -0.022426270 -0.069039389 -0.004015527 0.999980927 -0.004705044 -0.013580283 0.022407448 0.004793878 0.999737501 5.902329445
0.999731004 0.003484839 -0.022933712 -0.068972759 -0.003588740 0.999983430 -0.004490870 -0.013378722 0.022917686 0.004571964 0.999726892 5.909411430
0.999736607 0.003424681 -0.022693515 -0.069412813 -0.003511800 0.999986589 -0.003800225 -0.013734081 0.022680204 0.003878920 0.999735236 5.916454315
0.999734879 0.004127040 -0.022653840 -0.069581471 -0.004206005 0.999985218 -0.003439170 -0.013634020 0.022639314 0.003533540 0.999737442 5.922877312
0.999731004 0.004484351 -0.022756066 -0.069855481 -0.004550571 0.999985516 -0.002859037 -0.013738721 0.022742920 0.002961821 0.999736965 5.928675175
0.999724686 0.004892638 -0.022948278 -0.069973677 -0.004952169 0.999984503 -0.002538024 -0.013906538 0.022935504 0.002650969 0.999733448 5.933269501
0.999725044 0.005005645 -0.022907730 -0.070066646 -0.005071727 0.999983132 -0.002827533 -0.013870444 0.022893190 0.002942936 0.999733567 5.937289715
0.999723136 0.004739416 -0.023049623 -0.070205003 -0.004827137 0.999981344 -0.003751579 -0.013838808 0.023031408 0.003861804 0.999727309 5.940995216
0.999718904 0.004905910 -0.023196587 -0.070256263 -0.005014738 0.999976635 -0.004635701 -0.013807847 0.023173306 0.004750723 0.999720156 5.944564819
0.999723136 0.005703514 -0.022830844 -0.070561185 -0.005823090 0.999969661 -0.005174435 -0.013784103 0.022800637 0.005305949 0.999725938 5.947707176
0.999716878 0.005241588 -0.023210449 -0.070465177 -0.005353032 0.999974430 -0.004741908 -0.013894935 0.023184994 0.004864811 0.999719322 5.950877190
0.999715567 0.005025517 -0.023315851 -0.070597276 -0.005133541 0.999976397 -0.004575509 -0.014035202 0.023292307 0.004693901 0.999717653 5.953433990
0.999717593 0.004741236 -0.023288539 -0.070584863 -0.004842932 0.999979019 -0.004312315 -0.014021045 0.023267604 0.004423882 0.999719501 5.956265450
0.999709606 0.004841798 -0.023606824 -0.070386164 -0.004950361 0.999977410 -0.004542544 -0.013979379 0.023584289 0.004658087 0.999710977 5.958889008
0.999712288 0.005038254 -0.023451421 -0.070715450 -0.005149570 0.999975741 -0.004688665 -0.014099140 0.023427226 0.004808080 0.999714017 5.960473537
0.999712408 0.005044716 -0.023443768 -0.070744179 -0.005170145 0.999972582 -0.005292640 -0.014011435 0.023416428 0.005412325 0.999711156 5.962576866
0.999710381 0.005093934 -0.023523470 -0.070806660 -0.005233795 0.999968946 -0.005887871 -0.013967726 0.023492750 0.006009283 0.999705970 5.964555264
0.999705374 0.004974993 -0.023762897 -0.070809908 -0.005109499 0.999971271 -0.005602991 -0.014135536 0.023734344 0.005722758 0.999701917 5.966107845
0.999703228 0.004646274 -0.023915611 -0.070756033 -0.004778727 0.999973536 -0.005484168 -0.014064757 0.023889499 0.005596829 0.999698997 5.967835903
0.999706268 0.004687661 -0.023783162 -0.070867136 -0.004820654 0.999972939 -0.005537629 -0.014043873 0.023756567 0.005650654 0.999701798 5.969455242
0.999699414 0.004911010 -0.024025969 -0.070828609 -0.005043162 0.999972522 -0.005442835 -0.014077162 0.023998581 0.005562366 0.999696553 5.970733166
0.999703288 0.004982318 -0.023848424 -0.070888042 -0.005111348 0.999972641 -0.005352555 -0.014070453 0.023821097 0.005472863 0.999701321 5.972092152
0.999699235 0.004786850 -0.024058046 -0.070794582 -0.004918220 0.999973297 -0.005404342 -0.013983337 0.024031529 0.005521037 0.999696016 5.973029613
0.999699593 0.004831812 -0.024031918 -0.070735723 -0.004958189 0.999974191 -0.005201951 -0.013982316 0.024006154 0.005319541 0.999697745 5.973762035
0.999700606 0.004844591 -0.023987452 -0.070782356 -0.004965273 0.999975383 -0.004974111 -0.013980038 0.023962758 0.005091724 0.999699891 5.974067688
0.999701202 0.004995761 -0.023938425 -0.070879474 -0.005119665 0.999973834 -0.005117488 -0.013892869 0.023912231 0.005238513 0.999700367 5.974184513
0.999700487 0.004943453 -0.023974119 -0.070894495 -0.005071376 0.999973178 -0.005278048 -0.013979955 0.023947380 0.005398048 0.999698639 5.973871231
0.999701977 0.004493368 -0.024002468 -0.070853733 -0.004648343 0.999968708 -0.006404764 -0.013961760 0.023972936 0.006514425 0.999691427 5.973945618
0.999706566 0.004276642 -0.023849148 -0.070890628 -0.004443032 0.999966145 -0.006928179 -0.014017340 0.023818707 0.007032107 0.999691606 5.973834038
0.999707341 0.004273136 -0.023819383 -0.070923865 -0.004431727 0.999968350 -0.006609279 -0.013963459 0.023790386 0.006712903 0.999694467 5.974023342
0.999709129 0.004197423 -0.023759296 -0.070919327 -0.004361250 0.999967158 -0.006847668 -0.014047958 0.023729768 0.006949295 0.999694288 5.973838806
0.999697864 0.004355784 -0.024191935 -0.070814811 -0.004541181 0.999960721 -0.007613988 -0.014111366 0.024157811 0.007721547 0.999678373 5.973737240
0.999692500 0.004457768 -0.024397971 -0.070689507 -0.004653207 0.999957561 -0.007959587 -0.013982963 0.024361450 0.008070666 0.999670684 5.973999977
0.999697566 0.004588310 -0.024165250 -0.070892081 -0.004788698 0.999954581 -0.008241057 -0.013939634 0.024126338 0.008354282 0.999674022 5.974356174
0.999698400 0.004634579 -0.024120295 -0.070972294 -0.004835965 0.999953926 -0.008297634 -0.013907261 0.024080725 0.008411776 0.999674618 5.974737167
0.999701738 0.004227653 -0.024057493 -0.070968427 -0.004408877 0.999962330 -0.007484922 -0.014249219 0.024024941 0.007588755 0.999682546 5.975152493
0.999697149 0.004275104 -0.024238629 -0.070850104 -0.004460121 0.999961317 -0.007584241 -0.014224360 0.024205269 0.007690050 0.999677420 5.976194859
0.999701798 0.004102097 -0.024076795 -0.070939511 -0.004285354 0.999962151 -0.007564676 -0.014297094 0.024044853 0.007665598 0.999681473 5.977020264
0.999705970 0.004360405 -0.023853853 -0.071153879 -0.004555142 0.999956667 -0.008115479 -0.014098912 0.023817429 0.008221750 0.999682546 5.978158951
0.999708056 0.004136630 -0.023808151 -0.071235605 -0.004340744 0.999954224 -0.008527985 -0.014120478 0.023771785 0.008628840 0.999680221 5.979270458
0.999709547 0.004095412 -0.023752443 -0.071379066 -0.004322502 0.999945402 -0.009517224 -0.013996340 0.023712168 0.009617129 0.999672592 5.981082439
0.999711812 0.004509633 -0.023579910 -0.071569517 -0.004755942 0.999934494 -0.010400053 -0.013994265 0.023531465 0.010509200 0.999667883 5.983049393
0.999707997 0.004176812 -0.023801368 -0.071376875 -0.004439014 0.999929905 -0.010974044 -0.014034536 0.023753861 0.011076496 0.999656498 5.985445023
0.999709547 0.004340650 -0.023711979 -0.071332268 -0.004616309 0.999922216 -0.011582957 -0.013992444 0.023659866 0.011689054 0.999651670 5.988337040
0.999713063 0.004191688 -0.023585482 -0.071273901 -0.004474896 0.999918282 -0.011967771 -0.013927206 0.023533393 0.012069878 0.999650240 5.991818428
0.999718249 0.004058077 -0.023390470 -0.071481481 -0.004341403 0.999917686 -0.012074852 -0.013936065 0.023339543 0.012172999 0.999653459 5.996021271
0.999723554 0.004243338 -0.023129193 -0.071515322 -0.004529126 0.999913931 -0.012317842 -0.014083583 0.023074934 0.012419193 0.999656558 6.000692368
0.999733448 0.004246485 -0.022690140 -0.071654923 -0.004540222 0.999906301 -0.012909787 -0.013996214 0.022633195 0.013009364 0.999659181 6.005563736
0.999742985 0.003817600 -0.022346061 -0.071810916 -0.004118262 0.999901414 -0.013424343 -0.014085352 0.022292610 0.013512922 0.999660134 6.011563301
0.999753416 0.003968067 -0.021849573 -0.072044134 -0.004279056 0.999889970 -0.014204825 -0.013951726 0.021790806 0.014294817 0.999660313 6.018248558
0.999764204 0.003855650 -0.021370059 -0.072215639 -0.004176321 0.999879003 -0.014981336 -0.013979509 0.021309709 0.015067053 0.999659359 6.025657654
0.999766827 0.004564917 -0.021106772 -0.072486989 -0.004895318 0.999865890 -0.015628770 -0.014106706 0.021032598 0.015728453 0.999655068 6.033716679
0.999777615 0.004008463 -0.020703137 -0.072602302 -0.004338992 0.999863446 -0.015945042 -0.014194794 0.020636393 0.016031327 0.999658525 6.042857647
0.999793828 0.004294078 -0.019850912 -0.073081091 -0.004617333 0.999857008 -0.016267093 -0.014104374 0.019778218 0.016355399 0.999670565 6.052591801
0.999808311 0.003480126 -0.019264860 -0.073346823 -0.003791125 0.999862671 -0.016130414 -0.014417313 0.019206081 0.016200362 0.999684274 6.062819958
0.999819219 0.002874601 -0.018798228 -0.073384620 -0.003188033 0.999855995 -0.016664848 -0.014213167 0.018747620 0.016721763 0.999684393 6.074700832
