0.999997973 -0.001597298 -0.001318733 -0.000111105 0.001596547 0.999998569 -0.000570573 -0.000111722 0.001319642 0.000568466 0.999998987 0.045936752
0.999996722 -0.001119861 -0.002314148 -0.000241455 0.001115424 0.999997497 -0.001917467 -0.000093107 0.002316290 0.001914880 0.999995470 0.068440959
0.999992490 -0.001909605 -0.003377137 -0.000087121 0.001903725 0.999996722 -0.001743682 -0.000495348 0.003380456 0.001737240 0.999992788 0.090973690
0.999990582 -0.002442903 -0.003586667 -0.000423337 0.002434232 0.999994099 -0.002419811 -0.000486614 0.003592557 0.002411057 0.999990642 0.111539580
0.999984324 -0.003787383 -0.004119050 -0.000652007 0.003776959 0.999989569 -0.002535149 -0.000515134 0.004128609 0.002519553 0.999988258 0.132676974
0.999978900 -0.004067529 -0.005067388 -0.000714039 0.004063465 0.999991417 -0.000811716 -0.000603157 0.005070647 0.000791108 0.999986768 0.153346777
0.999975383 -0.003631105 -0.006001143 -0.000661665 0.003638460 0.999992669 0.001215111 -0.000409645 0.005996685 -0.001236915 0.999981284 0.174025789
0.999972403 -0.003372395 -0.006605820 -0.000852584 0.003387174 0.999991834 0.002227309 -0.000466609 0.006598254 -0.002249623 0.999975681 0.194104880
0.999969602 -0.003596879 -0.006934018 -0.001269081 0.003615574 0.999989867 0.002685439 -0.000487518 0.006924289 -0.002710428 0.999972343 0.213010162
0.999965012 -0.004364820 -0.007134791 -0.001359167 0.004389903 0.999984264 0.003503684 -0.000543389 0.007119385 -0.003534883 0.999968410 0.231506675
0.999962986 -0.004727678 -0.007189271 -0.001465570 0.004753626 0.999982178 0.003596563 -0.000622939 0.007172140 -0.003630605 0.999967635 0.249727950
0.999965191 -0.005018771 -0.006664175 -0.001606885 0.005040174 0.999982178 0.003198815 -0.001153843 0.006648003 -0.003232292 0.999972641 0.267038494
0.999966443 -0.005141190 -0.006369364 -0.001796033 0.005144078 0.999986649 0.000437358 -0.000721376 0.006367031 -0.000470108 0.999979556 0.283818454
0.999967694 -0.005618128 -0.005746904 -0.001889938 0.005609133 0.999983013 -0.001579951 -0.000456266 0.005755682 0.001547665 0.999982238 0.300594777
0.999964476 -0.006011987 -0.005911406 -0.001881387 0.005999411 0.999979734 -0.002142825 -0.000632514 0.005924169 0.002107284 0.999980152 0.317101091
0.999962986 -0.006774907 -0.005316452 -0.001886274 0.006759956 0.999973178 -0.002825391 -0.000256387 0.005335451 0.002789347 0.999981821 0.333675861
0.999966681 -0.005842313 -0.005698598 -0.002040290 0.005834045 0.999981880 -0.001466452 -0.000756826 0.005707063 0.001433157 0.999982715 0.349690586
0.999973774 -0.004846022 -0.005385678 -0.002381824 0.004835754 0.999986470 -0.001918003 -0.000613050 0.005394900 0.001891909 0.999983728 0.365996122
0.999978721 -0.003368158 -0.005583672 -0.002473538 0.003358551 0.999992847 -0.001729089 -0.000747182 0.005589456 0.001710299 0.999982893 0.381712765
0.999983072 -0.002590544 -0.005204508 -0.002680626 0.002580751 0.999994814 -0.001887522 -0.000985928 0.005209371 0.001874058 0.999984622 0.397214442
0.999980688 -0.002863570 -0.005520915 -0.002604139 0.002850536 0.999993145 -0.002367305 -0.000959777 0.005527656 0.002351521 0.999981940 0.412724942
0.999982357 -0.002792010 -0.005251419 -0.002663118 0.002774919 0.999990880 -0.003258910 -0.000866522 0.005260470 0.003244280 0.999980927 0.428194523
0.999979794 -0.003185924 -0.005497876 -0.002919635 0.003165725 0.999988198 -0.003678789 -0.000971769 0.005509533 0.003661310 0.999978065 0.443467349
0.999979913 -0.002886628 -0.005643148 -0.002836149 0.002862166 0.999986470 -0.004338151 -0.000914146 0.005655594 0.004321911 0.999974668 0.458500385
0.999985576 -0.001366537 -0.005181212 -0.003253018 0.001344588 0.999990106 -0.004237354 -0.001036642 0.005186952 0.004230327 0.999977529 0.473578274
0.999987662 -0.000296642 -0.004956024 -0.003189024 0.000274930 0.999990284 -0.004380994 -0.001038198 0.004957275 0.004379578 0.999978065 0.488487780
0.999989212 0.000656526 -0.004595339 -0.003439177 -0.000677988 0.999988854 -0.004670305 -0.001117402 0.004592221 0.004673370 0.999978483 0.503501415
0.999992967 0.000398937 -0.003708862 -0.003675191 -0.000418336 0.999986231 -0.005231096 -0.001053242 0.003706724 0.005232611 0.999979436 0.517766595
0.999994993 0.000696940 -0.003076742 -0.003491880 -0.000715917 0.999980748 -0.006171207 -0.001203883 0.003072382 0.006173379 0.999976218 0.532737017
0.999996781 0.001120697 -0.002252570 -0.003532527 -0.001137385 0.999971807 -0.007420986 -0.001649705 0.002244189 0.007423524 0.999969900 0.546719491
0.999998748 0.000631797 -0.001468911 -0.003775738 -0.000645455 0.999956310 -0.009316201 -0.001205368 0.001462961 0.009317138 0.999955535 0.561550438
0.999999702 0.000635602 -0.000591749 -0.003697668 -0.000641182 0.999954820 -0.009478371 -0.001461159 0.000585698 0.009478746 0.999954939 0.576218843
1.000000000 -0.000085072 0.000388884 -0.003820921 0.000089105 0.999946058 -0.010383053 -0.001473368 -0.000387979 0.010383085 0.999945998 0.590595305
0.999998748 -0.001343541 0.000817478 -0.003808827 0.001352502 0.999937892 -0.011061589 -0.001490467 -0.000802565 0.011062681 0.999938488 0.606003463
0.999996245 -0.001959969 0.001950124 -0.003996665 0.001983892 0.999921858 -0.012342199 -0.001445509 -0.001925781 0.012346020 0.999921918 0.620719373
0.999994040 -0.002533115 0.002386637 -0.003766667 0.002563078 0.999916852 -0.012635828 -0.001675626 -0.002354431 0.012641868 0.999917328 0.635858059
0.999990880 -0.002664926 0.003341926 -0.004063473 0.002709483 0.999906540 -0.013399894 -0.001653454 -0.003305904 0.013408826 0.999904573 0.651049495
0.999988556 -0.002100927 0.004296835 -0.004635667 0.002157515 0.999910474 -0.013207757 -0.002037326 -0.004268702 0.013216875 0.999903560 0.667199373
0.999987245 -0.002907536 0.004133713 -0.003694547 0.002966270 0.999893725 -0.014274201 -0.001595531 -0.004091771 0.014286281 0.999889553 0.682687163
0.999977648 -0.004627848 0.004820294 -0.003654643 0.004698413 0.999880373 -0.014732161 -0.001802377 -0.004751540 0.014754480 0.999879777 0.698723853
0.999967992 -0.005993079 0.005295276 -0.003602805 0.006076083 0.999856651 -0.015800582 -0.001620630 -0.005199823 0.015832249 0.999861062 0.715006351
0.999958694 -0.006983384 0.005807775 -0.003363954 0.007077994 0.999839902 -0.016432306 -0.001614164 -0.005692092 0.016472736 0.999848068 0.731971085
0.999951482 -0.007639250 0.006227116 -0.003349280 0.007734349 0.999851584 -0.015393523 -0.001951610 -0.006108596 0.015440938 0.999862075 0.749407053
0.999954522 -0.006597251 0.006883888 -0.003387528 0.006694886 0.999875963 -0.014257902 -0.002157781 -0.006788969 0.014303342 0.999874592 0.767821312
0.999954760 -0.005907649 0.007450994 -0.003631761 0.006006994 0.999892473 -0.013382176 -0.002213752 -0.007371136 0.013426329 0.999882638 0.786622286
0.999950945 -0.006061140 0.007832076 -0.003511976 0.006159571 0.999901533 -0.012605379 -0.002627843 -0.007754902 0.012653003 0.999889851 0.805635929
0.999936938 -0.007501000 0.008350811 -0.003290622 0.007598390 0.999902785 -0.011692300 -0.002826208 -0.008262295 0.011755017 0.999896705 0.825831354
0.999948442 -0.007226162 0.007130435 -0.002846857 0.007305271 0.999911368 -0.011131585 -0.002358271 -0.007049362 0.011183103 0.999912620 0.846309125
0.999953628 -0.006832642 0.006783802 -0.002686901 0.006907654 0.999914587 -0.011096369 -0.002176135 -0.006707405 0.011142714 0.999915421 0.868850946
0.999958515 -0.006051991 0.006806431 -0.002948830 0.006135121 0.999906063 -0.012259657 -0.002067220 -0.006731595 0.012300908 0.999901652 0.890668690
0.999965549 -0.005473956 0.006240819 -0.003037646 0.005555359 0.999898732 -0.013101668 -0.002315148 -0.006168469 0.013135886 0.999894679 0.913596511
0.999975324 -0.005382825 0.004510032 -0.001698575 0.005444640 0.999889851 -0.013807912 -0.001909111 -0.004435209 0.013832128 0.999894500 0.936231315
0.999985218 -0.003494065 0.004151207 -0.001853186 0.003541966 0.999926627 -0.011588231 -0.002095368 -0.004110413 0.011602765 0.999924183 0.960627019
0.999990642 -0.002462516 0.003548687 -0.001898444 0.002497825 0.999947011 -0.009980144 -0.002080139 -0.003523922 0.009988912 0.999943972 0.986405492
0.999994457 -0.002203911 0.002467189 -0.002314020 0.002225549 0.999958754 -0.008802410 -0.001697954 -0.002447687 0.008807851 0.999958217 1.011107802
0.999986529 -0.004857098 0.001793254 -0.002004049 0.004871290 0.999956191 -0.007996066 -0.002249746 -0.001754338 0.008004695 0.999966443 1.037335157
0.999992371 -0.003740080 0.001092539 -0.001617563 0.003749550 0.999954283 -0.008798437 -0.001744498 -0.001059582 0.008802469 0.999960721 1.064043164
0.999988258 -0.004764637 0.000847057 -0.002125685 0.004772216 0.999946535 -0.009180992 -0.002827800 -0.000803267 0.009184927 0.999957561 1.091867328
0.999991953 -0.004008823 0.000118289 -0.001360918 0.004009794 0.999943495 -0.009846412 -0.002266832 -0.000078810 0.009846807 0.999951541 1.121238351
0.999974549 -0.007135158 -0.000272686 -0.001534321 0.007132900 0.999946177 -0.007540966 -0.002340906 0.000326477 0.007538829 0.999971569 1.149830818
0.999942124 -0.010694811 -0.001170889 -0.000130564 0.010689947 0.999934494 -0.004084639 -0.002118566 0.001214497 0.004071887 0.999991000 1.180336475
0.999877632 -0.015629638 -0.000633439 -0.000504379 0.015628776 0.999876976 -0.001343034 -0.001439028 0.000654352 0.001332970 0.999998868 1.211151958
0.999847472 -0.017408613 -0.001366404 -0.000459861 0.017407821 0.999848247 -0.000587787 -0.001223187 0.001376429 0.000563912 0.999998927 1.242112398
0.999853671 -0.016990742 -0.001958728 -0.000559639 0.016993560 0.999854624 0.001431081 -0.001578972 0.001934128 -0.001464157 0.999997079 1.273542047
0.999812484 -0.019247901 -0.002116241 -0.000539403 0.019246448 0.999814510 -0.000705316 -0.000475057 0.002129424 0.000664453 0.999997497 1.306860089
0.999690056 -0.024720564 -0.002933505 -0.000022972 0.024716374 0.999693394 -0.001457632 0.000493773 0.002968640 0.001384675 0.999994636 1.340261817
0.999705315 -0.024125043 -0.002672703 -0.000259780 0.024126966 0.999708652 0.000688267 0.000199136 0.002655320 -0.000752548 0.999996126 1.373022556
0.999783039 -0.020622276 -0.002916427 -0.000377579 0.020621693 0.999787390 -0.000230128 0.001097754 0.002920553 0.000169936 0.999995708 1.407830238
0.999809086 -0.019225845 -0.003483259 -0.000811322 0.019218955 0.999813318 -0.001999328 0.000906931 0.003521048 0.001932001 0.999991953 1.441279531
0.999800205 -0.019687371 -0.003442370 -0.000979972 0.019658895 0.999773800 -0.008118423 0.001091436 0.003601422 0.008049129 0.999961078 1.475901604
0.999830842 -0.018196499 -0.002668564 -0.001494212 0.018160678 0.999752045 -0.012884735 0.001174521 0.002902359 0.012834093 0.999913454 1.510268450
0.999887109 -0.014873731 -0.002133794 -0.001975681 0.014845116 0.999807239 -0.012852057 0.000401175 0.002324540 0.012818928 0.999915123 1.545213938
0.999911487 -0.013184071 -0.001804351 -0.002365001 0.013161743 0.999842882 -0.011871124 0.000733407 0.001960577 0.011846327 0.999927819 1.580724359
0.999922037 -0.012371251 -0.001694049 -0.002648065 0.012357661 0.999893069 -0.007810425 0.000393336 0.001790493 0.007788883 0.999967992 1.616010904
0.999909103 -0.013363394 -0.001842168 -0.002129990 0.013354302 0.999898970 -0.004862190 0.000583966 0.001906958 0.004837148 0.999986410 1.651994348
0.999899149 -0.014147314 -0.001236618 -0.002692979 0.014143428 0.999895155 -0.003096762 0.000288789 0.001280299 0.003078960 0.999994457 1.687614560
0.999896348 -0.014337833 -0.001281429 -0.002703863 0.014331797 0.999886692 -0.004600247 0.000095833 0.001347241 0.004581406 0.999988616 1.723745465
0.999892950 -0.014547560 -0.001604217 -0.002658414 0.014534011 0.999861002 -0.008156452 0.000012015 0.001722651 0.008132264 0.999965429 1.759930015
0.999910831 -0.013268691 -0.001473040 -0.002754865 0.013252652 0.999857962 -0.010409851 0.000180757 0.001610956 0.010389402 0.999944746 1.796763539
0.999921143 -0.012551307 -0.000512022 -0.003217663 0.012545930 0.999876857 -0.009417498 0.000323540 0.000630161 0.009410330 0.999955535 1.832712293
0.999936640 -0.011225275 -0.000843496 -0.003191418 0.011221144 0.999925673 -0.004750137 -0.000015779 0.000896755 0.004740370 0.999988377 1.869501710
0.999924541 -0.012216757 -0.001300291 -0.002896808 0.012214132 0.999923348 -0.002005953 -0.000161825 0.001324698 0.001989920 0.999997139 1.906983137
0.999912024 -0.013216975 -0.001068829 -0.003152729 0.013214676 0.999910355 -0.002130583 0.000076372 0.001096893 0.002116271 0.999997199 1.944439769
0.999895990 -0.014334779 -0.001597659 -0.003501707 0.014330263 0.999893308 -0.002803776 -0.000128305 0.001637681 0.002780589 0.999994814 1.979837775
0.999898970 -0.013945429 -0.002775249 -0.003520239 0.013932749 0.999892592 -0.004536935 0.000100650 0.002838220 0.004497809 0.999985874 2.016830683
0.999922991 -0.011682418 -0.004191240 -0.004146811 0.011662185 0.999920368 -0.004819912 0.000311309 0.004247215 0.004770662 0.999979615 2.054549217
0.999949992 -0.008357119 -0.005484592 -0.004357159 0.008332972 0.999955535 -0.004410564 0.000668080 0.005521208 0.004364640 0.999975264 2.092219830
0.999972939 -0.004129288 -0.006086798 -0.005295523 0.004110915 0.999986947 -0.003027975 0.000698640 0.006099223 0.003002870 0.999976873 2.129854679
0.999978065 0.000274031 -0.006606431 -0.005968146 -0.000299361 0.999992609 -0.003833617 0.000694029 0.006605331 0.003835511 0.999970853 2.167848825
0.999964416 0.003955142 -0.007454465 -0.006492497 -0.003991754 0.999979973 -0.004902910 0.000373257 0.007434924 0.004932491 0.999960184 2.204514742
0.999957085 0.004329697 -0.008199697 -0.007009762 -0.004388824 0.999964356 -0.007206663 0.000502156 0.008168202 0.007242341 0.999940336 2.243238926
0.999949217 0.004490698 -0.009020462 -0.007440388 -0.004555192 0.999964118 -0.007141961 0.000681423 0.008988067 0.007182689 0.999933779 2.281169176
0.999942303 0.004241809 -0.009871575 -0.007920350 -0.004304267 0.999970853 -0.006314377 0.000958872 0.009844502 0.006356502 0.999931335 2.320403337
0.999937534 0.003704344 -0.010540641 -0.008340767 -0.003763657 0.999977112 -0.005612749 0.000658765 0.010519609 0.005652070 0.999928653 2.358645201
0.999928892 0.002735216 -0.011606967 -0.008595038 -0.002802549 0.999979317 -0.005788822 0.000401308 0.011590893 0.005820940 0.999915898 2.397656918
0.999921739 0.002998181 -0.012144776 -0.009363422 -0.003087964 0.999967992 -0.007380706 0.000710981 0.012122259 0.007417629 0.999899030 2.436805725
0.999908388 0.004450164 -0.012775972 -0.010004615 -0.004574107 0.999942541 -0.009688397 0.000159409 0.012732126 0.009745947 0.999871492 2.476447344
0.999911368 0.003647384 -0.012805547 -0.010908294 -0.003814847 0.999907196 -0.013077298 0.000554483 0.012756662 0.013124988 0.999832511 2.516412973
0.999907672 0.003984399 -0.012985252 -0.012637239 -0.004169173 0.999889970 -0.014233629 0.000195142 0.012927110 0.014286454 0.999814391 2.556267977
0.999889016 0.005159544 -0.013975945 -0.012470668 -0.005337876 0.999904454 -0.012752811 0.000223696 0.013908811 0.012826000 0.999821007 2.599254608
0.999887705 0.004797535 -0.014194815 -0.012886690 -0.004952014 0.999928653 -0.010867790 0.000088813 0.014141660 0.010936863 0.999840200 2.639511108
0.999878824 0.004670530 -0.014848689 -0.013046846 -0.004831256 0.999929965 -0.010806948 -0.000179239 0.014797174 0.010877376 0.999831378 2.679815054
0.999873996 0.004913001 -0.015094649 -0.014363412 -0.005075892 0.999929070 -0.010772023 -0.000569129 0.015040657 0.010847284 0.999828160 2.721618414
0.999872565 0.005382045 -0.015029154 -0.016291829 -0.005536340 0.999932230 -0.010243642 -0.001081869 0.014973005 0.010325543 0.999834597 2.762624979
0.999855876 0.005178003 -0.016169971 -0.015661800 -0.005335536 0.999938607 -0.009714462 -0.001364158 0.016118675 0.009799337 0.999822080 2.805269957
0.999850988 0.004935524 -0.016545836 -0.016008802 -0.005098706 0.999938667 -0.009834792 -0.001304461 0.016496282 0.009917688 0.999814749 2.847706795
0.999846399 0.005274350 -0.016710846 -0.017304249 -0.005437243 0.999938011 -0.009717406 -0.001485758 0.016658559 0.009806775 0.999813139 2.889516115
0.999850273 0.003970917 -0.016835468 -0.017876141 -0.004123277 0.999950826 -0.009024978 -0.001978617 0.016798798 0.009093043 0.999817550 2.932015657
0.999850154 0.004029382 -0.016834389 -0.018794049 -0.004176120 0.999953508 -0.008690474 -0.001721870 0.016798595 0.008759474 0.999820530 2.975429773
0.999847174 0.002326540 -0.017324394 -0.018349610 -0.002485572 0.999954939 -0.009163784 -0.001479089 0.017302295 0.009205448 0.999808013 3.018945217
0.999850035 0.001329411 -0.017267281 -0.019585580 -0.001485722 0.999957979 -0.009042787 -0.001981819 0.017254528 0.009067087 0.999810040 3.061780453
0.999850988 0.000524327 -0.017252613 -0.019910563 -0.000671035 0.999963701 -0.008498898 -0.001772827 0.017247528 0.008509209 0.999815106 3.104619026
0.999848485 0.000267894 -0.017404299 -0.021239720 -0.000386695 0.999976695 -0.006822946 -0.002149263 0.017402062 0.006828642 0.999825358 3.147676706
0.999842644 0.000915589 -0.017715305 -0.021918394 -0.001037703 0.999975741 -0.006885206 -0.002162619 0.017708573 0.006902505 0.999819458 3.192783833
0.999839962 0.001738689 -0.017802848 -0.022505675 -0.001856417 0.999976516 -0.006598476 -0.002675939 0.017790955 0.006630469 0.999819756 3.235794544
0.999835134 0.002463433 -0.017994601 -0.023416467 -0.002563849 0.999981225 -0.005559370 -0.002975616 0.017980570 0.005604588 0.999822557 3.280180454
0.999827802 0.002773291 -0.018349281 -0.023663249 -0.002867965 0.999982655 -0.005135210 -0.003372755 0.018334720 0.005186950 0.999818444 3.323455811
0.999821246 0.003939205 -0.018495306 -0.024205003 -0.004036243 0.999978244 -0.005212194 -0.003472395 0.018474372 0.005285913 0.999815345 3.366612911
0.999834299 0.003012508 -0.017953141 -0.025533337 -0.003100658 0.999983251 -0.004884166 -0.003735495 0.017938128 0.004939022 0.999826908 3.409557343
0.999827623 0.004191469 -0.018089373 -0.026910968 -0.004294510 0.999974728 -0.005661133 -0.003481541 0.018065188 0.005737842 0.999820352 3.453635693
0.999841571 0.003989249 -0.017347567 -0.028352030 -0.004105000 0.999969542 -0.006642001 -0.002452234 0.017320545 0.006712161 0.999827445 3.496737480
0.999845803 0.005124361 -0.016795686 -0.028476290 -0.005211590 0.999973059 -0.005153873 -0.003594798 0.016768824 0.005240610 0.999845684 3.538420916
0.999854505 0.005559382 -0.016126785 -0.029523747 -0.005640150 0.999971628 -0.004967122 -0.003677852 0.016098715 0.005057357 0.999857664 3.582427263
0.999864399 0.002326048 -0.016304206 -0.029855935 -0.002388117 0.999989927 -0.003788467 -0.003911968 0.016295232 0.003826889 0.999859929 3.624819756
0.999869645 0.004237981 -0.015579288 -0.030028224 -0.004304517 0.999981761 -0.004239833 -0.004002742 0.015561036 0.004306342 0.999869585 3.666194201
0.999875367 0.004574147 -0.015109351 -0.031401493 -0.004617251 0.999985337 -0.002819152 -0.004545749 0.015096234 0.002888564 0.999881864 3.709949493
0.999890625 0.004279837 -0.014158332 -0.031936981 -0.004330122 0.999984384 -0.003522831 -0.004309976 0.014143033 0.003583753 0.999893486 3.749863625
0.999893308 0.004443185 -0.013911145 -0.032433204 -0.004508254 0.999979019 -0.004649495 -0.004540544 0.013890196 0.004711714 0.999892414 3.791913986
0.999899447 0.003456424 -0.013750973 -0.033116143 -0.003535514 0.999977350 -0.005731436 -0.003636854 0.013730852 0.005779478 0.999888957 3.835503340
0.999900043 0.004619553 -0.013367391 -0.033153970 -0.004698748 0.999971569 -0.005899084 -0.003687663 0.013339758 0.005961304 0.999893248 3.875796318
0.999919057 0.004405375 -0.011934836 -0.034880314 -0.004459980 0.999979675 -0.004552571 -0.004692358 0.011914537 0.004605432 0.999918342 3.914572239
0.999917865 0.005299449 -0.011670097 -0.035509214 -0.005350251 0.999976277 -0.004326376 -0.004412335 0.011646894 0.004388459 0.999922514 3.955808163
0.999928176 0.005229051 -0.010787736 -0.036568366 -0.005297645 0.999965906 -0.006339783 -0.003996257 0.010754216 0.006396478 0.999921620 3.994387627
0.999923825 0.006363767 -0.010567491 -0.037731320 -0.006444252 0.999950290 -0.007599656 -0.004314799 0.010518604 0.007667178 0.999915242 4.037283421
0.999928474 0.007201637 -0.009542432 -0.038291216 -0.007260778 0.999954522 -0.006177645 -0.005246259 0.009497508 0.006246489 0.999935389 4.076246262
0.999935687 0.006656842 -0.009179158 -0.039437361 -0.006686775 0.999972403 -0.003233976 -0.005789171 0.009157375 0.003295148 0.999952614 4.115955353
0.999943495 0.004278278 -0.009732735 -0.038893085 -0.004298943 0.999988556 -0.002103356 -0.005066077 0.009723625 0.002145078 0.999950409 4.157330990
0.999939322 0.005791516 -0.009369142 -0.038268950 -0.005824562 0.999976873 -0.003503564 -0.006306079 0.009348635 0.003557923 0.999949932 4.193848610
0.999966860 0.002400307 -0.007786352 -0.042735826 -0.002432642 0.999988377 -0.004145922 -0.004954182 0.007776310 0.004164726 0.999961138 4.232446671
0.999948382 0.002380684 -0.009870567 -0.041010287 -0.002438680 0.999979734 -0.005867792 -0.005034057 0.009856398 0.005891561 0.999934077 4.274801254
0.999952793 0.001506266 -0.009601771 -0.041810859 -0.001566965 0.999978840 -0.006317267 -0.005206006 0.009592053 0.006332014 0.999933898 4.312000751
0.999939799 0.001996736 -0.010784878 -0.042122096 -0.002071828 0.999973655 -0.006956020 -0.005191721 0.010770706 0.006977947 0.999917626 4.351992130
0.999934554 0.002843686 -0.011076340 -0.042520031 -0.002917611 0.999973536 -0.006663688 -0.005964516 0.011057096 0.006695568 0.999916434 4.390234947
0.999921143 0.003688954 -0.011997814 -0.042627674 -0.003752786 0.999978960 -0.005302163 -0.007111371 0.011978001 0.005346771 0.999913990 4.428390980
0.999920011 0.002937386 -0.012300784 -0.043967612 -0.002979274 0.999989867 -0.003388377 -0.006520254 0.012290706 0.003424753 0.999918640 4.466452599
0.999909401 0.003780150 -0.012918054 -0.043945663 -0.003810525 0.999989986 -0.002327581 -0.006874091 0.012909125 0.002376595 0.999913871 4.505388737
0.999896884 0.004012659 -0.013789552 -0.044510342 -0.004054813 0.999987185 -0.003030397 -0.006428867 0.013777215 0.003085999 0.999900341 4.543414593
0.999893665 0.002779601 -0.014318102 -0.044990804 -0.002820862 0.999991953 -0.002862302 -0.006692082 0.014310032 0.002902387 0.999893427 4.580710888
0.999900401 0.001220257 -0.014060502 -0.046550225 -0.001246390 0.999997437 -0.001849950 -0.007745036 0.014058211 0.001867290 0.999899447 4.615737438
0.999887288 0.000803891 -0.014993948 -0.046535350 -0.000825114 0.999998689 -0.001409361 -0.008322103 0.014992795 0.001421573 0.999886572 4.652400017
0.999884307 0.001241978 -0.015158933 -0.047994025 -0.001293045 0.999993443 -0.003359439 -0.008280535 0.015154663 0.003378652 0.999879479 4.688747406
0.999876142 0.001147449 -0.015697174 -0.048447400 -0.001234356 0.999983966 -0.005527947 -0.007824264 0.015690580 0.005546638 0.999861479 4.725970268
0.999869585 0.000764997 -0.016134728 -0.048748724 -0.000883586 0.999972641 -0.007344081 -0.007417860 0.016128669 0.007357379 0.999842823 4.761150360
0.999858916 0.001811455 -0.016699158 -0.049043007 -0.001930941 0.999972582 -0.007141880 -0.007112499 0.016685765 0.007173117 0.999835014 4.798054695
0.999856293 0.002308528 -0.016792832 -0.050547816 -0.002395391 0.999983788 -0.005154332 -0.008131023 0.016780660 0.005193816 0.999845684 4.835404873
0.999854147 0.003465154 -0.016726764 -0.051320858 -0.003536397 0.999984741 -0.004231547 -0.008325032 0.016711846 0.004290082 0.999851108 4.870325089
0.999855220 0.002367967 -0.016848391 -0.052239195 -0.002426417 0.999991119 -0.003449638 -0.008193350 0.016840072 0.003490020 0.999852121 4.906002522
0.999846518 0.002156930 -0.017380884 -0.053158816 -0.002190083 0.999995828 -0.001888661 -0.008393217 0.017376736 0.001926436 0.999847114 4.942605495
0.999846935 0.001124739 -0.017457331 -0.053817704 -0.001136387 0.999999106 -0.000657339 -0.008487031 0.017456578 0.000677077 0.999847412 4.977903843
0.999853730 0.001366361 -0.017049864 -0.055041932 -0.001369972 0.999999046 -0.000200082 -0.008246428 0.017049575 0.000223411 0.999854624 5.011232853
0.999839187 0.000366782 -0.017927557 -0.054997951 -0.000364881 0.999999940 0.000109291 -0.008208628 0.017927594 -0.000102732 0.999839306 5.045697689
0.999836385 0.000758462 -0.018074231 -0.055764463 -0.000766350 0.999999583 -0.000429492 -0.008319511 0.018073898 0.000443272 0.999836624 5.078513622
0.999845624 0.001259642 -0.017522557 -0.056256648 -0.001263718 0.999999225 -0.000221525 -0.008987302 0.017522264 0.000243634 0.999846399 5.108915329
0.999849200 0.001483625 -0.017303225 -0.057309549 -0.001506470 0.999998033 -0.001307286 -0.008844258 0.017301248 0.001333156 0.999849439 5.140819073
0.999858856 0.000915397 -0.016774323 -0.057974510 -0.000933153 0.999999046 -0.001050737 -0.009481346 0.016773345 0.001066242 0.999858737 5.169615269
0.999856472 0.001757158 -0.016847404 -0.058368057 -0.001776993 0.999997735 -0.001162407 -0.009031169 0.016845323 0.001192178 0.999857366 5.199627399
0.999863505 0.003091623 -0.016229969 -0.059123851 -0.003102432 0.999994934 -0.000640864 -0.008994251 0.016227905 0.000691129 0.999868095 5.227371216
0.999859691 0.003218221 -0.016439384 -0.059574671 -0.003211745 0.999994695 0.000420314 -0.009564197 0.016440650 -0.000367456 0.999864757 5.254599571
0.999869287 0.002484211 -0.015977602 -0.060029410 -0.002465498 0.999996245 0.001190782 -0.009741775 0.015980503 -0.001151234 0.999871612 5.279824257
0.999871075 0.002815299 -0.015808063 -0.060559109 -0.002784250 0.999994159 0.001985808 -0.010147360 0.015813563 -0.001941539 0.999873042 5.304356575
0.999875903 0.002119910 -0.015604868 -0.060848102 -0.002106040 0.999997377 0.000905122 -0.009953469 0.015606747 -0.000872145 0.999877810 5.329542160
0.999881625 0.002189673 -0.015224315 -0.061216239 -0.002186072 0.999997616 0.000253149 -0.010315946 0.015224833 -0.000219838 0.999884129 5.352517128
0.999876916 0.002517710 -0.015487446 -0.061577346 -0.002526014 0.999996603 -0.000516677 -0.009980306 0.015486092 0.000555735 0.999879897 5.375579834
0.999883890 0.002071736 -0.015098663 -0.062103301 -0.002102050 0.999995708 -0.001992196 -0.010025506 0.015094474 0.002023702 0.999884009 5.397071362
0.999878407 0.001084932 -0.015560677 -0.062492020 -0.001135425 0.999994040 -0.003236419 -0.010181043 0.015557074 0.003253693 0.999873698 5.418387413
0.999872446 0.000648071 -0.015954589 -0.063129902 -0.000724510 0.999988258 -0.004785698 -0.010444323 0.015951300 0.004796646 0.999861240 5.439422131
0.999853373 0.000162819 -0.017125245 -0.063031651 -0.000277090 0.999977708 -0.006670518 -0.010746032 0.017123779 0.006674285 0.999831080 5.460191250
0.999842525 0.001002235 -0.017719502 -0.064010732 -0.001125132 0.999975383 -0.006927083 -0.010500897 0.017712124 0.006945928 0.999818981 5.480199337
0.999823928 0.000864549 -0.018742872 -0.064685270 -0.000978234 0.999981225 -0.006057164 -0.010840306 0.018737283 0.006074432 0.999805987 5.499351978
0.999812484 0.001070335 -0.019334614 -0.065114632 -0.001180877 0.999983013 -0.005706779 -0.010657867 0.019328179 0.005728540 0.999796927 5.520177364
0.999795139 0.002117815 -0.020131644 -0.065641314 -0.002201587 0.999989033 -0.004139965 -0.011190431 0.020122657 0.004183439 0.999788821 5.539620876
0.999791205 0.002418321 -0.020295350 -0.066438302 -0.002493193 0.999990165 -0.003664609 -0.011153178 0.020286290 0.003714444 0.999787331 5.559329987
0.999776959 0.002329314 -0.020991381 -0.066723660 -0.002396786 0.999992013 -0.003189705 -0.010664442 0.020983782 0.003239305 0.999774575 5.577116966
0.999762177 0.004598647 -0.021316530 -0.067263380 -0.004666703 0.999984145 -0.003144005 -0.010528879 0.021301737 0.003242735 0.999767840 5.595051289
0.999753416 0.003948118 -0.021852287 -0.067323834 -0.004013192 0.999987602 -0.002934864 -0.010776168 0.021840433 0.003021837 0.999756873 5.611633778
0.999761701 0.003076318 -0.021618698 -0.068056472 -0.003119823 0.999993205 -0.001978871 -0.010817375 0.021612465 0.002045846 0.999764323 5.629142284
0.999755383 0.002631881 -0.021963928 -0.068341255 -0.002656190 0.999995887 -0.001077687 -0.011026763 0.021961002 0.001135763 0.999758184 5.644953251
0.999758184 0.002427179 -0.021857392 -0.068647385 -0.002437828 0.999996960 -0.000460588 -0.011044149 0.021856202 0.000513762 0.999760985 5.660232067
0.999765098 0.006074684 -0.020805104 -0.069908947 -0.006093556 0.999981105 -0.000843797 -0.011028427 0.020799587 0.000970376 0.999783218 5.675461769
0.999767601 0.004893068 -0.020993875 -0.069915295 -0.004914310 0.999987483 -0.000960332 -0.011117438 0.020988913 0.001063279 0.999779165 5.689239502
0.999785304 0.004755777 -0.020169601 -0.070571482 -0.004772916 0.999988317 -0.000801697 -0.011174394 0.020165553 0.000897792 0.999796271 5.702331543
0.999788344 0.004118226 -0.020153530 -0.070709378 -0.004133313 0.999991179 -0.000707018 -0.011332288 0.020150444 0.000790169 0.999796629 5.714761734
0.999790311 0.004330543 -0.020013213 -0.070696339 -0.004364471 0.999989033 -0.001651898 -0.011215132 0.020005837 0.001738899 0.999798357 5.725908756
0.999801397 0.004143857 -0.019493580 -0.071161166 -0.004196835 0.999987602 -0.002677608 -0.011154316 0.019482242 0.002758888 0.999806464 5.737781525
0.999796271 0.004960139 -0.019564582 -0.071304485 -0.005044387 0.999978185 -0.004259109 -0.011116807 0.019543028 0.004356932 0.999799550 5.750205994
0.999802172 0.004762918 -0.019311292 -0.071623154 -0.004866341 0.999974072 -0.005312123 -0.011150718 0.019285485 0.005405047 0.999799430 5.759495258
0.999805987 0.004881834 -0.019084884 -0.072287671 -0.004994974 0.999970198 -0.005885042 -0.011176148 0.019055583 0.005979229 0.999800563 5.770830154
0.999803424 0.004675176 -0.019267272 -0.072554246 -0.004792372 0.999970257 -0.006041029 -0.011281190 0.019238455 0.006132177 0.999796152 5.781655788
0.999800682 0.004445469 -0.019470725 -0.072538272 -0.004564899 0.999971032 -0.006093681 -0.011406565 0.019443078 0.006181348 0.999791861 5.791579723
0.999799788 0.004298926 -0.019541003 -0.073015243 -0.004420233 0.999971211 -0.006168914 -0.011206616 0.019513920 0.006254055 0.999790013 5.802558422
0.999791145 0.004294984 -0.019979121 -0.073162377 -0.004419189 0.999971151 -0.006176773 -0.011253385 0.019952018 0.006263774 0.999781311 5.812924385
0.999790251 0.003933338 -0.020096418 -0.073240072 -0.004061394 0.999971688 -0.006335250 -0.011425931 0.020070927 0.006415541 0.999777973 5.823003769
0.999789000 0.003792001 -0.020189770 -0.073727474 -0.003936378 0.999966979 -0.007116032 -0.011427540 0.020162120 0.007194005 0.999770820 5.833585739
0.999771953 0.004139590 -0.020945698 -0.073538028 -0.004290132 0.999965250 -0.007147472 -0.011560088 0.020915383 0.007235703 0.999755025 5.843934059
0.999774635 0.004133823 -0.020819107 -0.074165486 -0.004274493 0.999968290 -0.006716794 -0.011754159 0.020790685 0.006804273 0.999760628 5.853010178
0.999767065 0.003934516 -0.021218423 -0.074423693 -0.004074247 0.999970317 -0.006546184 -0.011716859 0.021192038 0.006631109 0.999753356 5.862941742
0.999760985 0.003911879 -0.021509992 -0.074655443 -0.004053649 0.999970317 -0.006551260 -0.011740720 0.021483727 0.006636887 0.999747097 5.872822762
0.999757409 0.004004320 -0.021652739 -0.074831747 -0.004140010 0.999971986 -0.006225490 -0.011778861 0.021627210 0.006313623 0.999746084 5.882441998
0.999763131 0.004088375 -0.021374028 -0.075556964 -0.004216301 0.999973416 -0.005943536 -0.011841759 0.021349162 0.006032248 0.999753833 5.891324997
0.999750018 0.003785200 -0.022029392 -0.075456262 -0.003923205 0.999972939 -0.006224814 -0.011803303 0.022005238 0.006309685 0.999737918 5.901271820
0.999751508 0.003881404 -0.021947715 -0.075791329 -0.004009678 0.999975085 -0.005803560 -0.012157243 0.021924645 0.005890122 0.999742150 5.909882545
0.999744475 0.003216351 -0.022371829 -0.075788245 -0.003338065 0.999979794 -0.005405282 -0.012260377 0.022353994 0.005478580 0.999735117 5.917317390
0.999746084 0.002267890 -0.022416471 -0.075979479 -0.002378452 0.999985158 -0.004906761 -0.012405643 0.022405008 0.004958831 0.999736726 5.925656319
0.999738336 0.001910451 -0.022793148 -0.076115675 -0.002012595 0.999987960 -0.004459260 -0.012502767 0.022784352 0.004503966 0.999730289 5.932495594
0.999734461 0.001723655 -0.022979543 -0.076089099 -0.001823612 0.999988914 -0.004329554 -0.012401361 0.022971828 0.004370309 0.999726534 5.939745903
0.999738395 0.002468685 -0.022739084 -0.076541126 -0.002550178 0.999990344 -0.003555523 -0.012518789 0.022730084 0.003612582 0.999735117 5.945963860
0.999741018 0.003094512 -0.022549903 -0.076914154 -0.003163686 0.999990284 -0.003032536 -0.012560761 0.022540299 0.003103091 0.999741137 5.951385498
0.999730289 0.003221419 -0.023001680 -0.076989263 -0.003283341 0.999991059 -0.002654781 -0.012641213 0.022992920 0.002729587 0.999731958 5.956679821
0.999728024 0.003266824 -0.023090525 -0.076917820 -0.003337919 0.999989808 -0.003041091 -0.012611605 0.023080355 0.003117339 0.999728739 5.960813522
0.999731064 0.002935712 -0.023006681 -0.077283666 -0.003029226 0.999987304 -0.004030818 -0.012612942 0.022994557 0.004099425 0.999727249 5.964549541
0.999729931 0.002989338 -0.023046630 -0.077317126 -0.003098366 0.999984205 -0.004696498 -0.012678962 0.023032228 0.004766636 0.999723434 5.968068123
0.999726176 0.003588550 -0.023118861 -0.077456564 -0.003712464 0.999978960 -0.005319173 -0.012548711 0.023099285 0.005403544 0.999718606 5.971389771
0.999719024 0.003807351 -0.023395415 -0.077406719 -0.003925726 0.999979675 -0.005015898 -0.012612676 0.023375848 0.005106333 0.999713659 5.974827766
0.999719679 0.003322580 -0.023443200 -0.077547185 -0.003441556 0.999981344 -0.005036539 -0.012677550 0.023426034 0.005115807 0.999712467 5.977668285
0.999717355 0.003048460 -0.023577981 -0.077455752 -0.003167491 0.999982357 -0.005012709 -0.012620412 0.023562290 0.005085974 0.999709427 5.980500221
0.999713063 0.003163261 -0.023743384 -0.077319995 -0.003285091 0.999981523 -0.005093838 -0.012632813 0.023726836 0.005170375 0.999705076 5.982793808
0.999711514 0.003147062 -0.023809640 -0.077490456 -0.003273962 0.999980628 -0.005292629 -0.012635101 0.023792518 0.005369054 0.999702454 5.984775543
0.999714017 0.003213770 -0.023697991 -0.077565104 -0.003348129 0.999978602 -0.005632116 -0.012735831 0.023679379 0.005709849 0.999703228 5.986501217
0.999721766 0.003369419 -0.023346616 -0.077859528 -0.003513340 0.999975145 -0.006126227 -0.012683429 0.023325391 0.006206548 0.999708652 5.988492489
0.999710560 0.003159150 -0.023852289 -0.077719934 -0.003299142 0.999977589 -0.005832050 -0.012867104 0.023833327 0.005909053 0.999698400 5.990305424
0.999710858 0.002998508 -0.023864206 -0.077763736 -0.003138261 0.999978125 -0.005820890 -0.012749845 0.023846233 0.005894098 0.999698281 5.991507053
0.999712408 0.002975053 -0.023798708 -0.077968106 -0.003120403 0.999976695 -0.006072661 -0.012589674 0.023780085 0.006145175 0.999698400 5.992923737
0.999706864 0.003318402 -0.023987902 -0.077882342 -0.003460360 0.999976635 -0.005878835 -0.012725968 0.023967836 0.005960118 0.999695003 5.994387627
0.999707699 0.003515232 -0.023922637 -0.077949375 -0.003655855 0.999976277 -0.005837014 -0.012663821 0.023901552 0.005922765 0.999696791 5.995474339
0.999704242 0.003209597 -0.024108017 -0.077935100 -0.003346311 0.999978483 -0.005632684 -0.012798183 0.024089420 0.005711691 0.999693513 5.996606350
0.999701977 0.003364062 -0.024182748 -0.077854224 -0.003496530 0.999979019 -0.005437607 -0.012721390 0.024163950 0.005520542 0.999692798 5.997304440
0.999703407 0.003303376 -0.024128778 -0.077841766 -0.003430348 0.999980450 -0.005222804 -0.012798315 0.024111051 0.005304026 0.999695182 5.997531891
0.999706507 0.003120043 -0.024022920 -0.077861771 -0.003250999 0.999980092 -0.005414209 -0.012589216 0.024005545 0.005490719 0.999696791 5.997602940
0.999707758 0.003106239 -0.023969933 -0.077917323 -0.003245694 0.999978006 -0.005781217 -0.012572547 0.023951450 0.005857327 0.999695957 5.997272491
0.999707341 0.002863270 -0.024019891 -0.077868506 -0.003031397 0.999971211 -0.006965971 -0.012488453 0.023999251 0.007036746 0.999687195 5.997384548
0.999712765 0.002834000 -0.023795972 -0.077981845 -0.003013018 0.999967396 -0.007490533 -0.012563385 0.023773968 0.007560080 0.999688804 5.997229576
0.999710441 0.002538844 -0.023930999 -0.077946410 -0.002706185 0.999972105 -0.006962880 -0.012570251 0.023912655 0.007025626 0.999689400 5.997343063
0.999713480 0.002570916 -0.023799466 -0.077990592 -0.002745973 0.999969363 -0.007325734 -0.012628950 0.023779903 0.007388988 0.999689996 5.997215271
0.999706030 0.002954941 -0.024063956 -0.077908002 -0.003153465 0.999961436 -0.008216107 -0.012577102 0.024038751 0.008289577 0.999676704 5.997424126
0.999702454 0.002826157 -0.024226880 -0.077816844 -0.003027275 0.999961317 -0.008268792 -0.012680050 0.024202576 0.008339673 0.999672353 5.997731209
0.999703169 0.002814995 -0.024199046 -0.077840835 -0.003020497 0.999959648 -0.008459780 -0.012617052 0.024174254 0.008530361 0.999671459 5.998077393
0.999699712 0.002772770 -0.024343923 -0.077745922 -0.002980455 0.999959528 -0.008499173 -0.012658581 0.024319371 0.008569177 0.999667585 5.998460770
0.999708176 0.002634183 -0.024013609 -0.077971488 -0.002830556 0.999962866 -0.008147250 -0.012774151 0.023991259 0.008212844 0.999678433 5.998757839
0.999707818 0.002634642 -0.024028642 -0.077978753 -0.002831136 0.999962807 -0.008147155 -0.012800511 0.024006290 0.008212804 0.999678016 5.999990463
0.999710441 0.002467517 -0.023937616 -0.078094296 -0.002665485 0.999962449 -0.008241759 -0.012828775 0.023916382 0.008303178 0.999679446 6.000683784
0.999710381 0.002621030 -0.023924069 -0.078043438 -0.002824669 0.999960065 -0.008482045 -0.012771785 0.023900883 0.008547166 0.999677718 6.002089977
0.999709845 0.002608354 -0.023945304 -0.078159980 -0.002824253 0.999955595 -0.008986936 -0.012792967 0.023920802 0.009051957 0.999672830 6.003147125
0.999705434 0.002458226 -0.024149671 -0.078036524 -0.002691399 0.999950051 -0.009627586 -0.012736134 0.024124794 0.009689744 0.999662042 6.004717350
0.999711812 0.003046728 -0.023817439 -0.078419685 -0.003301950 0.999937534 -0.010683817 -0.012646213 0.023783399 0.010759382 0.999659300 6.006580353
0.999709129 0.002632920 -0.023979634 -0.078313649 -0.002902471 0.999932885 -0.011213004 -0.012780912 0.023948504 0.011279340 0.999649644 6.009090424
0.999711156 0.002770686 -0.023880456 -0.078315713 -0.003054013 0.999925256 -0.011836158 -0.012770031 0.023845874 0.011905669 0.999644756 6.012149811
0.999719679 0.002394947 -0.023558192 -0.078449965 -0.002682480 0.999922276 -0.012181183 -0.012743019 0.023527190 0.012240958 0.999648213 6.015324116
0.999718368 0.001990058 -0.023647374 -0.078390628 -0.002277416 0.999923766 -0.012131108 -0.012932453 0.023621429 0.012181544 0.999646723 6.019388199
0.999730885 0.002243974 -0.023089375 -0.078561425 -0.002529565 0.999920607 -0.012347177 -0.012945689 0.023059834 0.012402257 0.999657154 6.024146557
0.999732852 0.002226839 -0.023008619 -0.078599125 -0.002530657 0.999909937 -0.013183869 -0.012737140 0.022977185 0.013238571 0.999648333 6.029607296
0.999745607 0.001772297 -0.022482742 -0.078814559 -0.002076388 0.999906600 -0.013509424 -0.012934588 0.022456702 0.013552670 0.999655902 6.035367489
0.999762058 0.001705766 -0.021744540 -0.079401746 -0.002022369 0.999892235 -0.014546463 -0.012764029 0.021717384 0.014586976 0.999657691 6.041883945
0.999769807 0.001627431 -0.021391321 -0.079302989 -0.001951170 0.999883831 -0.015122002 -0.013005681 0.021364231 0.015160259 0.999656737 6.049628258
0.999773443 0.002285824 -0.021159424 -0.079510711 -0.002621700 0.999870837 -0.015859483 -0.012900032 0.021120444 0.015911363 0.999650240 6.058035374
0.999777436 0.001979947 -0.021004833 -0.079472125 -0.002312362 0.999872446 -0.015813190 -0.013190933 0.020970844 0.015858239 0.999654293 6.066912651
0.999798715 0.002276476 -0.019930307 -0.079915091 -0.002597451 0.999867141 -0.016093818 -0.013242118 0.019891014 0.016142348 0.999671817 6.076206684
0.999808550 0.001357304 -0.019521238 -0.080025792 -0.001672676 0.999868274 -0.016148048 -0.013377331 0.019496746 0.016177608 0.999678969 6.086582184
0.999814689 0.000678709 -0.019240906 -0.080114827 -0.000996357 0.999863327 -0.016504213 -0.013279863 0.019227073 0.016520325 0.999678671 6.098404408
