0.999998152 -0.001557612 -0.001208610 -0.000187203 0.001556859 0.999998569 -0.000624191 -0.000010639 0.001209581 0.000622308 0.999999046 0.052132603
0.999997437 -0.000911218 -0.002069157 -0.000349307 0.000907212 0.999997735 -0.001936239 -0.000033398 0.002070917 0.001934357 0.999996006 0.077526800
0.999994636 -0.001547591 -0.002875826 -0.000415875 0.001540759 0.999995947 -0.002376264 -0.000065250 0.002879492 0.002371820 0.999993026 0.102489851
0.999990284 -0.002549407 -0.003592391 -0.000393877 0.002539357 0.999992847 -0.002799155 -0.000142153 0.003599502 0.002790006 0.999989629 0.127082929
0.999981701 -0.003902768 -0.004612548 -0.000273246 0.003889300 0.999988139 -0.002925257 -0.000115936 0.004623909 0.002907264 0.999985099 0.151296034
0.999978840 -0.004254652 -0.004915870 -0.000854357 0.004247508 0.999989927 -0.001462462 -0.000168218 0.004922043 0.001441552 0.999986768 0.174899116
0.999979079 -0.003623765 -0.005352102 -0.001125571 0.003628639 0.999993026 0.000901265 -0.000180116 0.005348798 -0.000920668 0.999985278 0.198234081
0.999975741 -0.003232677 -0.006171518 -0.001229136 0.003244231 0.999992967 0.001862938 -0.000217277 0.006165453 -0.001882915 0.999979198 0.220723212
0.999970198 -0.003644650 -0.006803990 -0.001428847 0.003661300 0.999990284 0.002436109 -0.000430379 0.006795045 -0.002460948 0.999973893 0.242643356
0.999969244 -0.004127554 -0.006668053 -0.001897387 0.004148572 0.999986410 0.003141194 -0.000429749 0.006654997 -0.003168761 0.999972880 0.263971716
0.999964237 -0.004937265 -0.006863415 -0.001651520 0.004960023 0.999982238 0.003302922 -0.000463688 0.006846985 -0.003336846 0.999970973 0.284192801
0.999962687 -0.005433120 -0.006719753 -0.001511926 0.005448399 0.999982595 0.002257650 -0.000463587 0.006707371 -0.002294177 0.999974847 0.304255426
0.999966562 -0.005434241 -0.006108340 -0.002093977 0.005434916 0.999985158 0.000093896 -0.000414548 0.006107740 -0.000127091 0.999981344 0.323302507
0.999971032 -0.005594493 -0.005144445 -0.002556900 0.005586078 0.999983013 -0.001648596 -0.000393575 0.005153581 0.001619811 0.999985456 0.342094958
0.999968290 -0.005984857 -0.005253486 -0.002489051 0.005971239 0.999978781 -0.002604225 -0.000473324 0.005268961 0.002572773 0.999982774 0.360960215
0.999969184 -0.006228343 -0.004773404 -0.002652332 0.006216990 0.999977767 -0.002389355 -0.000537184 0.004788180 0.002359606 0.999985754 0.379871339
0.999968350 -0.006187936 -0.005004702 -0.002535658 0.006176893 0.999978483 -0.002219004 -0.000441812 0.005018326 0.002188021 0.999984980 0.398532867
0.999976814 -0.005083178 -0.004541267 -0.002965502 0.005072050 0.999984205 -0.002458360 -0.000449527 0.004553691 0.002435270 0.999986649 0.417123020
0.999981880 -0.003580633 -0.004835129 -0.003052939 0.003568354 0.999990404 -0.002546017 -0.000483378 0.004844198 0.002528718 0.999985099 0.435382187
0.999987423 -0.002662523 -0.004243182 -0.003481773 0.002650921 0.999992788 -0.002737733 -0.000763541 0.004250440 0.002726451 0.999987304 0.453325421
0.999985039 -0.003088469 -0.004505430 -0.003459952 0.003073802 0.999989927 -0.003258585 -0.000763145 0.004515449 0.003244687 0.999984562 0.471024543
0.999986291 -0.002778383 -0.004431539 -0.003523582 0.002760867 0.999988377 -0.003953701 -0.000652262 0.004442473 0.003941413 0.999982417 0.489137322
0.999985993 -0.002926157 -0.004412777 -0.003700413 0.002905743 0.999985099 -0.004625505 -0.000780826 0.004426246 0.004612617 0.999979556 0.506122351
0.999987900 -0.002450193 -0.004274626 -0.003744812 0.002427671 0.999983132 -0.005265962 -0.000766132 0.004287457 0.005255521 0.999976993 0.523337007
0.999989748 -0.001479597 -0.004282427 -0.003876476 0.001457462 0.999985516 -0.005167202 -0.000851525 0.004290010 0.005160906 0.999977469 0.540455461
0.999992669 -0.000494670 -0.003793302 -0.004161168 0.000475113 0.999986529 -0.005154680 -0.000796620 0.003795801 0.005152839 0.999979436 0.557581186
0.999994338 0.000387676 -0.003347052 -0.004401430 -0.000405410 0.999985874 -0.005299311 -0.001042165 0.003344951 0.005300639 0.999980330 0.574538708
0.999996543 0.000907020 -0.002496913 -0.004642691 -0.000921175 0.999983490 -0.005673617 -0.001260821 0.002491725 0.005675897 0.999980748 0.591248930
0.999998689 0.000533999 -0.001569413 -0.004804616 -0.000544435 0.999977708 -0.006656738 -0.001347612 0.001565824 0.006657584 0.999976575 0.607843935
0.999999166 0.000630303 -0.001133199 -0.004529204 -0.000639901 0.999963760 -0.008489266 -0.001299456 0.001127807 0.008489984 0.999963343 0.624293685
0.999999762 0.000761432 -0.000083874 -0.004366633 -0.000762221 0.999951243 -0.009848797 -0.001534541 0.000076370 0.009848859 0.999951482 0.641526461
0.999999881 0.000475878 0.000182257 -0.003928887 -0.000473923 0.999943912 -0.010580812 -0.001350028 -0.000187281 0.010580725 0.999944031 0.657403946
0.999999166 -0.000294348 0.001278662 -0.004322277 0.000308325 0.999940038 -0.010944080 -0.001573340 -0.001275365 0.010944467 0.999939263 0.674622953
0.999997735 -0.001198648 0.001767797 -0.004160253 0.001219659 0.999927998 -0.011932813 -0.001607959 -0.001753367 0.011934942 0.999927223 0.691593170
0.999994099 -0.002037607 0.002759693 -0.003847918 0.002073086 0.999914467 -0.012914827 -0.001760164 -0.002733141 0.012920473 0.999912798 0.707841158
0.999991000 -0.002554788 0.003381858 -0.004154347 0.002600274 0.999905288 -0.013514688 -0.001644538 -0.003347010 0.013523362 0.999902904 0.725950062
0.999986112 -0.003278749 0.004126395 -0.003928417 0.003337713 0.999891222 -0.014364830 -0.001576097 -0.004078848 0.014378402 0.999888301 0.742985010
0.999984086 -0.002815014 0.004903743 -0.004174829 0.002885754 0.999891043 -0.014479066 -0.002004039 -0.004862450 0.014492987 0.999883175 0.760906339
0.999981046 -0.002935722 0.005415931 -0.004324008 0.003015917 0.999884963 -0.014859052 -0.001871500 -0.005371687 0.014875101 0.999874890 0.779381752
0.999972224 -0.004419375 0.005997064 -0.003870224 0.004510145 0.999874115 -0.015207609 -0.002048496 -0.005929101 0.015234234 0.999866307 0.797522902
0.999962687 -0.006069228 0.006145199 -0.003425378 0.006166935 0.999852836 -0.016007666 -0.002097874 -0.006047141 0.016044967 0.999852896 0.815496385
0.999948502 -0.007182762 0.007168197 -0.003779938 0.007301617 0.999834001 -0.016694721 -0.002371381 -0.007047092 0.016746195 0.999835074 0.835566521
0.999941468 -0.007614657 0.007683592 -0.003685046 0.007738036 0.999839485 -0.016157499 -0.002509578 -0.007559324 0.016216010 0.999840081 0.855844378
0.999948740 -0.006029491 0.008123036 -0.003689492 0.006152226 0.999866009 -0.015170170 -0.002373676 -0.008030478 0.015219365 0.999852002 0.876549780
0.999945104 -0.006184160 0.008453527 -0.003486343 0.006302510 0.999881446 -0.014045977 -0.002711044 -0.008365661 0.014098484 0.999865592 0.897799850
0.999943316 -0.006169084 0.008677303 -0.003482291 0.006286547 0.999888122 -0.013575397 -0.002864426 -0.008592584 0.013629177 0.999870121 0.919460654
0.999925911 -0.007310701 0.009736940 -0.004243380 0.007434448 0.999891222 -0.012734007 -0.003002340 -0.009642787 0.012805452 0.999871492 0.942880452
0.999937296 -0.006888488 0.008831434 -0.003416655 0.006993953 0.999903858 -0.011967299 -0.002748131 -0.008748149 0.012028316 0.999889314 0.966636956
0.999943972 -0.006724215 0.008181579 -0.003037560 0.006821673 0.999905348 -0.011942877 -0.002831222 -0.008100500 0.011998018 0.999895096 0.991149604
0.999943614 -0.006556755 0.008361226 -0.003299393 0.006669267 0.999886572 -0.013500156 -0.002408458 -0.008271762 0.013555156 0.999873817 1.016705751
0.999952853 -0.006218629 0.007451761 -0.003288760 0.006323244 0.999880612 -0.014098682 -0.002929987 -0.007363197 0.014145136 0.999872804 1.042398810
0.999962926 -0.005068972 0.006960563 -0.003258975 0.005165939 0.999888897 -0.013984224 -0.002913930 -0.006888904 0.014019662 0.999877989 1.069699287
0.999971390 -0.003998183 0.006433798 -0.003452581 0.004079168 0.999911964 -0.012623668 -0.002876834 -0.006382760 0.012649548 0.999899626 1.097615600
0.999980986 -0.002932226 0.005429291 -0.003298975 0.002990280 0.999938130 -0.010715563 -0.003013958 -0.005397534 0.010731595 0.999927819 1.126441360
0.999983013 -0.003097950 0.004937949 -0.003614885 0.003143605 0.999952137 -0.009264844 -0.003331766 -0.004909011 0.009280212 0.999944866 1.155939102
0.999985218 -0.003541493 0.004133284 -0.002865395 0.003575074 0.999960482 -0.008145457 -0.002808545 -0.004104273 0.008160112 0.999958277 1.186650753
0.999984384 -0.004297740 0.003548507 -0.003140015 0.004329239 0.999950886 -0.008917370 -0.003603683 -0.003510009 0.008932594 0.999953926 1.217135906
0.999987841 -0.003846391 0.003077791 -0.003138256 0.003880071 0.999931872 -0.011012776 -0.002500421 -0.003035222 0.011024583 0.999934614 1.249583840
0.999987185 -0.004619431 0.002057507 -0.002315186 0.004640779 0.999934137 -0.010494538 -0.003242458 -0.002008893 0.010503951 0.999942839 1.281389236
0.999973655 -0.006948644 0.002167075 -0.003084372 0.006965843 0.999943495 -0.008032256 -0.002963799 -0.002111140 0.008047138 0.999965370 1.315075278
0.999943793 -0.010473471 0.001697886 -0.002384287 0.010480917 0.999935269 -0.004437951 -0.002819515 -0.001651295 0.004455497 0.999988735 1.349571705
0.999864697 -0.016344728 0.001894809 -0.002009384 0.016347524 0.999865294 -0.001470276 -0.002832344 -0.001870523 0.001501053 0.999997139 1.384206295
0.999856651 -0.016842097 0.001734569 -0.002542842 0.016843529 0.999857903 -0.000813668 -0.002264477 -0.001720618 0.000842767 0.999998093 1.420341253
0.999854505 -0.017004726 0.001275846 -0.002427546 0.017004596 0.999855399 0.000113312 -0.001464926 -0.001277588 -0.000091600 0.999999166 1.456143022
0.999808073 -0.019585889 0.000662566 -0.002525076 0.019586541 0.999807656 -0.000989704 -0.001393694 -0.000643055 0.001002491 0.999999285 1.493924856
0.999698818 -0.024536006 0.000606745 -0.002495543 0.024536921 0.999697745 -0.001547497 -0.000350419 -0.000568593 0.001561918 0.999998569 1.531725764
0.999708176 -0.024154967 0.000121594 -0.001821170 0.024154948 0.999708235 0.000137630 -0.000303800 -0.000124883 -0.000134653 1.000000000 1.569970369
0.999789834 -0.020500528 -0.000110043 -0.002196049 0.020500492 0.999789774 -0.000312819 0.000088817 0.000116432 0.000310498 1.000000000 1.608834863
0.999817252 -0.019122893 -0.000218692 -0.002731024 0.019122278 0.999813914 -0.002540638 0.000527447 0.000267235 0.002535991 0.999996722 1.648351908
0.999807894 -0.019600656 -0.000139630 -0.002595198 0.019598823 0.999773562 -0.008287260 0.000234589 0.000302034 0.008282932 0.999965668 1.686968684
0.999834776 -0.018174965 0.000190563 -0.003103724 0.018175893 0.999746501 -0.013287435 0.000723569 0.000050985 0.013288703 0.999911666 1.727299809
0.999889851 -0.014802222 0.001000560 -0.003877985 0.014814571 0.999796033 -0.013730163 0.000102626 -0.000797119 0.013743475 0.999905229 1.766743183
0.999913335 -0.013117077 0.001066597 -0.003915137 0.013129004 0.999840915 -0.012073658 -0.000308130 -0.000908056 0.012086616 0.999926567 1.807805061
0.999922931 -0.012410508 0.000348290 -0.003162774 0.012412974 0.999888361 -0.008317852 -0.000390149 -0.000245022 0.008321535 0.999965370 1.848999858
0.999915540 -0.012956253 0.001058217 -0.003585042 0.012961517 0.999902904 -0.005130255 -0.000354369 -0.000991646 0.005143538 0.999986291 1.890069842
0.999892235 -0.014656467 0.000760553 -0.003004718 0.014658951 0.999886870 -0.003370998 -0.000575036 -0.000711060 0.003381784 0.999994040 1.931350231
0.999892533 -0.014638442 0.000757386 -0.002696298 0.014642303 0.999878407 -0.005370215 -0.000386231 -0.000678682 0.005380728 0.999985278 1.972860336
0.999888182 -0.014939944 0.000672734 -0.002901341 0.014945168 0.999851525 -0.008577281 -0.000618830 -0.000544490 0.008586376 0.999962986 2.013986826
0.999902368 -0.013973069 0.000094858 -0.002629458 0.013973307 0.999849558 -0.010271349 -0.000878127 0.000048679 0.010271669 0.999947250 2.055987835
0.999908447 -0.013515215 0.000624877 -0.002863886 0.013520412 0.999866009 -0.009230996 -0.000780404 -0.000500034 0.009238599 0.999957204 2.097751379
0.999927044 -0.012012462 0.001246687 -0.003257754 0.012018614 0.999914944 -0.005049349 -0.001009554 -0.001185926 0.005063964 0.999986470 2.140350103
0.999916613 -0.012842785 0.001306124 -0.003096247 0.012845602 0.999915123 -0.002172492 -0.001175670 -0.001278112 0.002189088 0.999996781 2.182772398
0.999901235 -0.014013696 0.001039538 -0.002996481 0.014015273 0.999900579 -0.001526168 -0.001314627 -0.001018048 0.001540586 0.999998271 2.225442886
0.999882758 -0.015306756 0.000365686 -0.003309222 0.015307901 0.999877155 -0.003361899 -0.000963267 -0.000314181 0.003367103 0.999994278 2.267758131
0.999883950 -0.015218386 -0.000609911 -0.003599413 0.015215147 0.999871731 -0.005005715 -0.000747684 0.000686012 0.004995855 0.999987304 2.310256720
0.999919951 -0.012505448 -0.001913647 -0.003888697 0.012495266 0.999908209 -0.005243293 -0.000834811 0.001979041 0.005218962 0.999984443 2.353161335
0.999952793 -0.009256097 -0.002940109 -0.004563537 0.009242685 0.999946952 -0.004542759 -0.000416828 0.002982002 0.004515371 0.999985397 2.397286415
0.999979138 -0.005190358 -0.003842058 -0.005063206 0.005178074 0.999981403 -0.003200443 -0.000621676 0.003858599 0.003180481 0.999987483 2.440102577
0.999990582 -0.000224953 -0.004325479 -0.005645534 0.000204844 0.999989152 -0.004648748 -0.000532040 0.004326479 0.004647819 0.999979794 2.483510017
0.999978125 0.003837372 -0.005388401 -0.006131297 -0.003868333 0.999975979 -0.005747397 -0.000521163 0.005366218 0.005768117 0.999968946 2.527740479
0.999970078 0.004830902 -0.006042509 -0.006259250 -0.004878570 0.999956906 -0.007899219 -0.000792071 0.006004089 0.007928461 0.999950528 2.571049213
0.999966443 0.004043589 -0.007127113 -0.006946317 -0.004098238 0.999962211 -0.007669927 -0.000507694 0.007095829 0.007698877 0.999945164 2.616999626
0.999962449 0.004240960 -0.007555131 -0.007374574 -0.004290278 0.999969542 -0.006523433 -0.000793470 0.007527235 0.006555601 0.999950171 2.660767555
0.999957204 0.003716584 -0.008470888 -0.007833914 -0.003768318 0.999974310 -0.006099377 -0.000588460 0.008448000 0.006131035 0.999945462 2.706734419
0.999960303 0.002470987 -0.008563412 -0.008684103 -0.002524458 0.999977410 -0.006238915 -0.001099546 0.008547802 0.006260285 0.999943852 2.751615047
0.999947965 0.003357554 -0.009634319 -0.008903638 -0.003434038 0.999962568 -0.007933149 -0.000865242 0.009607323 0.007965822 0.999922097 2.797725439
0.999934077 0.004526459 -0.010557134 -0.008597843 -0.004637414 0.999934018 -0.010509180 -0.000896411 0.010508868 0.010557444 0.999889016 2.842244148
0.999934256 0.004055023 -0.010728373 -0.010180168 -0.004204715 0.999893606 -0.013967448 -0.000732973 0.010670595 0.014011636 0.999844909 2.890143394
0.999924242 0.003917427 -0.011666699 -0.010572381 -0.004083005 0.999890864 -0.014202513 -0.002205867 0.011609788 0.014249072 0.999831080 2.938225746
0.999919951 0.005221944 -0.011531171 -0.011386979 -0.005374926 0.999897420 -0.013275902 -0.001522563 0.011460662 0.013336817 0.999845386 2.982915401
0.999917865 0.004724523 -0.011911810 -0.012205698 -0.004860525 0.999922991 -0.011414367 -0.001980387 0.011856967 0.011471327 0.999863863 3.031627893
0.999907315 0.004769907 -0.012752368 -0.012501897 -0.004913226 0.999924839 -0.011231026 -0.002321832 0.012697838 0.011292640 0.999855578 3.078586817
0.999902010 0.005347505 -0.012947282 -0.013511067 -0.005499655 0.999915898 -0.011744597 -0.002589241 0.012883389 0.011814651 0.999847174 3.127956629
0.999897480 0.004985952 -0.013428038 -0.014608055 -0.005138879 0.999922097 -0.011378297 -0.002468504 0.013370259 0.011446134 0.999845147 3.176239729
0.999888599 0.005420038 -0.013907741 -0.015077958 -0.005571767 0.999925077 -0.010894170 -0.003051843 0.013847653 0.010970446 0.999843955 3.225095510
0.999886215 0.005474124 -0.014058752 -0.016234199 -0.005629655 0.999923170 -0.011047204 -0.003244422 0.013997197 0.011125092 0.999840140 3.274033308
0.999887347 0.005572779 -0.013938263 -0.017937994 -0.005722894 0.999925792 -0.010753386 -0.003510699 0.013877303 0.010831943 0.999845028 3.322771788
0.999887586 0.004288463 -0.014369265 -0.017921671 -0.004437624 0.999936461 -0.010364804 -0.003704946 0.014323903 0.010427402 0.999843061 3.373318434
0.999887347 0.004257380 -0.014392487 -0.019177254 -0.004396820 0.999943614 -0.009670768 -0.003552746 0.014350503 0.009732959 0.999849677 3.422881842
0.999894679 0.001529430 -0.014430542 -0.020412536 -0.001664075 0.999955237 -0.009323178 -0.003983783 0.014415635 0.009346209 0.999852419 3.474068165
0.999892294 0.001830521 -0.014560327 -0.020665629 -0.001980975 0.999944866 -0.010325436 -0.003876444 0.014540623 0.010353170 0.999840617 3.524281740
0.999893785 0.000515999 -0.014564919 -0.021380804 -0.000653359 0.999955416 -0.009427682 -0.003935283 0.014559406 0.009436199 0.999849439 3.575063705
0.999887824 0.000006836 -0.014972098 -0.022157632 -0.000117525 0.999972701 -0.007392130 -0.004765784 0.014971641 0.007393061 0.999860585 3.625245810
0.999896526 0.001168467 -0.014336688 -0.024287337 -0.001280387 0.999968767 -0.007799861 -0.004452998 0.014327126 0.007817411 0.999866784 3.676523209
0.999887407 0.002110698 -0.014854684 -0.025184283 -0.002232085 0.999964237 -0.008159804 -0.004317140 0.014836929 0.008192042 0.999856353 3.728327990
0.999894142 0.003135535 -0.014208702 -0.027097659 -0.003237716 0.999969065 -0.007174116 -0.004700018 0.014185769 0.007219361 0.999873281 3.778067827
0.999893427 0.002752330 -0.014334366 -0.027476180 -0.002851921 0.999971926 -0.006931950 -0.003992744 0.014314885 0.006972092 0.999873221 3.829346657
0.999892652 0.003960680 -0.014104470 -0.028554186 -0.004061340 0.999966502 -0.007115247 -0.004301365 0.014075816 0.007171766 0.999875188 3.880161762
0.999894440 0.003348674 -0.014137375 -0.028971750 -0.003443835 0.999971509 -0.006712207 -0.004614111 0.014114495 0.006760185 0.999877453 3.930759668
0.999886036 0.005682543 -0.013985336 -0.029939204 -0.005790396 0.999953687 -0.007683460 -0.004340928 0.013941026 0.007763565 0.999872684 3.981478930
0.999899805 0.005152783 -0.013188037 -0.031191215 -0.005257461 0.999954820 -0.007914967 -0.004675305 0.013146657 0.007983509 0.999881685 4.031507969
0.999905050 0.004997046 -0.012839819 -0.031773910 -0.005082575 0.999965072 -0.006637315 -0.004776603 0.012806205 0.006701944 0.999895513 4.082479000
0.999912083 0.005402143 -0.012112545 -0.032506183 -0.005471519 0.999968827 -0.005701859 -0.005630106 0.012081366 0.005767630 0.999910355 4.131540298
0.999914169 0.005842582 -0.011729520 -0.032790489 -0.005922639 0.999959350 -0.006802118 -0.005036391 0.011689303 0.006871003 0.999908030 4.183180809
0.999926388 0.003810022 -0.011520001 -0.033355623 -0.003873715 0.999977410 -0.005511667 -0.005746981 0.011498745 0.005555886 0.999918461 4.232848644
0.999932587 0.004277481 -0.010805558 -0.034393892 -0.004330073 0.999978900 -0.004848396 -0.005692382 0.010784592 0.004894858 0.999929845 4.281808853
0.999944866 0.003830245 -0.009774694 -0.035077058 -0.003882396 0.999978304 -0.005321915 -0.005796278 0.009754097 0.005359572 0.999938011 4.327999592
0.999945104 0.004243585 -0.009576404 -0.036039870 -0.004303948 0.999971092 -0.006291524 -0.005994827 0.009549427 0.006332395 0.999934375 4.378982067
0.999952495 0.003930984 -0.008926145 -0.036679048 -0.003994789 0.999966562 -0.007141480 -0.005932318 0.008897773 0.007176798 0.999934733 4.425476074
0.999947548 0.005205820 -0.008825383 -0.036974039 -0.005271566 0.999958456 -0.007442826 -0.005633898 0.008786269 0.007488960 0.999933362 4.476590157
0.999960363 0.004544686 -0.007652646 -0.038024515 -0.004594030 0.999968708 -0.006442907 -0.006253378 0.007623128 0.006477808 0.999949872 4.522729874
0.999956727 0.006157101 -0.006965603 -0.038980987 -0.006199079 0.999962747 -0.006021015 -0.006946968 0.006928271 0.006063936 0.999957561 4.571360588
0.999961138 0.005797702 -0.006641743 -0.039550498 -0.005848787 0.999953210 -0.007698115 -0.006665733 0.006596803 0.007736662 0.999948323 4.617524147
0.999957740 0.006915247 -0.006055874 -0.039687783 -0.006968187 0.999937296 -0.008764771 -0.007225610 0.005994884 0.008806597 0.999943316 4.663782120
0.999960423 0.006940236 -0.005569363 -0.040373899 -0.006982986 0.999945998 -0.007693626 -0.007466981 0.005515669 0.007732212 0.999954879 4.712000847
0.999959886 0.007674010 -0.004617821 -0.041246355 -0.007701284 0.999952793 -0.005917463 -0.007136622 0.004572193 0.005952789 0.999971807 4.756977558
0.999968886 0.006613194 -0.004302502 -0.041379914 -0.006632423 0.999967992 -0.004470244 -0.007731050 0.004272802 0.004498640 0.999980748 4.802323341
0.999972641 0.006049891 -0.004242320 -0.042371027 -0.006074090 0.999965191 -0.005714779 -0.007394824 0.004207599 0.005740391 0.999974608 4.848672390
0.999980867 0.004129555 -0.004605112 -0.042186067 -0.004157726 0.999972522 -0.006124505 -0.008028550 0.004579694 0.006143535 0.999970615 4.895801544
0.999981821 0.003251929 -0.005067863 -0.042417031 -0.003290322 0.999965787 -0.007586149 -0.008480411 0.005043021 0.007602687 0.999958336 4.941726685
0.999986112 0.003400020 -0.004036695 -0.043947205 -0.003433913 0.999958575 -0.008419145 -0.008507226 0.004007902 0.008432888 0.999956429 4.985348225
0.999976516 0.003715012 -0.005761509 -0.043307729 -0.003763553 0.999957323 -0.008437263 -0.009551696 0.005729918 0.008458748 0.999947786 5.033934116
0.999974191 0.003771347 -0.006119434 -0.043909203 -0.003822515 0.999957621 -0.008371358 -0.009960081 0.006087603 0.008394534 0.999946177 5.079408646
0.999966145 0.004561090 -0.006848181 -0.044205006 -0.004609602 0.999964297 -0.007084837 -0.010103773 0.006815621 0.007116165 0.999951422 5.124681950
0.999967456 0.003999609 -0.006996803 -0.045046050 -0.004035839 0.999978423 -0.005171621 -0.010441218 0.006975967 0.005199690 0.999962151 5.168587208
0.999960661 0.004252119 -0.007784923 -0.045404896 -0.004281844 0.999983609 -0.003805631 -0.010934518 0.007768613 0.003838815 0.999962449 5.212990761
0.999951899 0.005415990 -0.008170595 -0.046314839 -0.005453780 0.999974430 -0.004609923 -0.010338506 0.008145419 0.004654262 0.999956012 5.258222580
0.999952078 0.003697805 -0.009062993 -0.046253469 -0.003736518 0.999983966 -0.004258300 -0.010769451 0.009047104 0.004291960 0.999949872 5.301706314
0.999949455 0.002227233 -0.009801598 -0.046675514 -0.002265282 0.999989927 -0.003872598 -0.011236463 0.009792875 0.003894605 0.999944448 5.346190929
0.999944448 0.001645520 -0.010408435 -0.046575852 -0.001684404 0.999991775 -0.003728236 -0.011482260 0.010402212 0.003745561 0.999938846 5.390005112
0.999944568 0.001367223 -0.010452922 -0.048174251 -0.001424526 0.999983907 -0.005476464 -0.011679022 0.010445266 0.005491049 0.999930382 5.432063103
0.999931097 0.001804242 -0.011603118 -0.048167996 -0.001890391 0.999970615 -0.007418004 -0.012119599 0.011589394 0.007439426 0.999905169 5.476008415
0.999930084 0.000978424 -0.011785511 -0.049055956 -0.001078438 0.999963462 -0.008482846 -0.012362540 0.011776780 0.008494962 0.999894559 5.518639565
0.999926507 0.002720095 -0.011813413 -0.049830247 -0.002826894 0.999955237 -0.009033171 -0.012110062 0.011788313 0.009065902 0.999889374 5.560984612
0.999920547 0.003284389 -0.012172075 -0.050403334 -0.003369521 0.999969959 -0.006980172 -0.012942178 0.012148785 0.007020632 0.999901533 5.604191780
0.999917567 0.004316367 -0.012099841 -0.051465489 -0.004385469 0.999974191 -0.005690389 -0.013151243 0.012074969 0.005742984 0.999910533 5.645951748
0.999915659 0.003073949 -0.012619939 -0.051806428 -0.003133616 0.999984086 -0.004711010 -0.013490035 0.012605255 0.004750160 0.999909282 5.688374996
0.999911785 0.002966616 -0.012944376 -0.052253537 -0.003009912 0.999989986 -0.003326649 -0.013912782 0.012934376 0.003365317 0.999910772 5.730654716
0.999916315 0.002493763 -0.012695401 -0.053299241 -0.002530451 0.999992669 -0.002874583 -0.013414700 0.012688139 0.002906468 0.999915302 5.770862103
0.999921083 0.002945605 -0.012214952 -0.054684460 -0.002973032 0.999993086 -0.002227841 -0.013311151 0.012208304 0.002263981 0.999922931 5.810393333
0.999913990 0.002148817 -0.012934998 -0.054471910 -0.002178147 0.999995232 -0.002253854 -0.013432573 0.012930091 0.002281835 0.999913812 5.851387978
0.999920905 0.002315989 -0.012363057 -0.055780031 -0.002346494 0.999994278 -0.002453509 -0.014059348 0.012357303 0.002482324 0.999920607 5.889038086
0.999913514 0.003076535 -0.012787640 -0.056192040 -0.003120042 0.999989390 -0.003383667 -0.013680205 0.012777095 0.003423273 0.999912500 5.926991940
0.999916255 0.003535233 -0.012445260 -0.056979939 -0.003593593 0.999982595 -0.004670086 -0.013280914 0.012428535 0.004714418 0.999911606 5.963340282
0.999923766 0.003067578 -0.011959950 -0.057910699 -0.003117815 0.999986410 -0.004183975 -0.014536888 0.011946955 0.004220945 0.999919653 5.998272419
0.999922872 0.004119453 -0.011706756 -0.058559738 -0.004162523 0.999984622 -0.003657134 -0.014715996 0.011691511 0.003705582 0.999924779 6.033166885
0.999922454 0.004584381 -0.011579009 -0.058980659 -0.004613808 0.999986231 -0.002515884 -0.015020476 0.011567316 0.002569112 0.999929786 6.065095901
0.999927044 0.004233106 -0.011315165 -0.059848316 -0.004251515 0.999989629 -0.001603431 -0.015650753 0.011308261 0.001651421 0.999934614 6.097110271
0.999929309 0.003399412 -0.011392953 -0.060093753 -0.003414236 0.999993384 -0.001281864 -0.015604897 0.011388519 0.001320672 0.999934256 6.128464699
0.999931753 0.004266635 -0.010877839 -0.061025575 -0.004270957 0.999990821 -0.000374231 -0.016057795 0.010876141 0.000420664 0.999940693 6.157804966
0.999932647 0.003929212 -0.010921796 -0.061077714 -0.003940343 0.999991775 -0.000997822 -0.016356003 0.010917781 0.001040790 0.999939859 6.186600208
0.999942839 0.003744085 -0.010014738 -0.062349956 -0.003768629 0.999989927 -0.002433135 -0.016239058 0.010005527 0.002470738 0.999946892 6.213654995
0.999937773 0.003924211 -0.010436524 -0.062053584 -0.003953672 0.999988258 -0.002803765 -0.016473675 0.010425399 0.002844853 0.999941647 6.241185665
0.999939382 0.004328164 -0.010124205 -0.062884673 -0.004367531 0.999982953 -0.003869478 -0.016622143 0.010107283 0.003913461 0.999941230 6.266296864
0.999938250 0.001871080 -0.010960339 -0.062034763 -0.001934850 0.999981284 -0.005810558 -0.016636418 0.010949261 0.005831406 0.999923050 6.292422295
0.999931514 0.002589923 -0.011407057 -0.063193873 -0.002673754 0.999969423 -0.007340014 -0.016807914 0.011387697 0.007370012 0.999907970 6.316250801
0.999917686 0.002224279 -0.012633541 -0.062637508 -0.002337261 0.999957323 -0.008935302 -0.017133396 0.012613126 0.008964094 0.999880254 6.342175007
0.999911904 0.002613293 -0.013013412 -0.063672557 -0.002735645 0.999952137 -0.009393096 -0.017379381 0.012988244 0.009427869 0.999871194 6.365672112
0.999898612 0.003494338 -0.013799285 -0.064689279 -0.003622864 0.999950171 -0.009299997 -0.017133813 0.013766102 0.009349048 0.999861538 6.389066219
0.999889195 0.002856078 -0.014607897 -0.064879104 -0.002971537 0.999964476 -0.007888268 -0.017858919 0.014584850 0.007930803 0.999862134 6.412673950
0.999873877 0.003820504 -0.015421173 -0.065711930 -0.003924165 0.999969900 -0.006697308 -0.018138528 0.015395121 0.006756978 0.999858618 6.435445309
0.999865115 0.003736682 -0.015989507 -0.065844014 -0.003839366 0.999972165 -0.006396036 -0.018048616 0.015965160 0.006456563 0.999851704 6.458902836
0.999858677 0.004372602 -0.016232071 -0.066551216 -0.004458273 0.999976277 -0.005245448 -0.018198656 0.016208747 0.005317074 0.999854445 6.481210709
0.999849856 0.004796719 -0.016648764 -0.066920646 -0.004876270 0.999976873 -0.004740971 -0.018362828 0.016625639 0.004821443 0.999850154 6.502526760
0.999842942 0.005194058 -0.016944019 -0.067401290 -0.005267820 0.999976814 -0.004311562 -0.018452924 0.016921230 0.004400142 0.999847174 6.523541927
0.999839902 0.005395807 -0.017059980 -0.067821093 -0.005465593 0.999976873 -0.004046737 -0.018540232 0.017037746 0.004139332 0.999846280 6.543698788
0.999844551 0.004509523 -0.017045131 -0.068128690 -0.004574680 0.999982297 -0.003785557 -0.018644925 0.017027762 0.003862945 0.999847472 6.561927319
0.999841213 0.005964602 -0.016788963 -0.068995073 -0.006027244 0.999975026 -0.003683046 -0.018510872 0.016766576 0.003783653 0.999852240 6.580511093
0.999828875 0.006831634 -0.017193643 -0.068871126 -0.006889748 0.999970675 -0.003322989 -0.018761618 0.017170439 0.003440880 0.999846637 6.597939968
0.999841511 0.006656152 -0.016510956 -0.069479056 -0.006706128 0.999973118 -0.002973347 -0.018991783 0.016490722 0.003083600 0.999859214 6.613707066
0.999850750 0.006195767 -0.016127620 -0.069524102 -0.006244044 0.999976218 -0.002944866 -0.019090656 0.016108988 0.003045129 0.999865592 6.629022598
0.999863029 0.005772715 -0.015512316 -0.070009232 -0.005830012 0.999976337 -0.003650923 -0.018955825 0.015490873 0.003740860 0.999872983 6.643181324
0.999861062 0.005796733 -0.015625741 -0.070314318 -0.005857807 0.999975383 -0.003865614 -0.019102130 0.015602949 0.003956610 0.999870479 6.657949448
0.999866426 0.006157191 -0.015140560 -0.070511736 -0.006230932 0.999968886 -0.004828037 -0.019272208 0.015110362 0.004921732 0.999873698 6.670727730
0.999872088 0.007074072 -0.014344952 -0.071463741 -0.007161979 0.999955893 -0.006086043 -0.019510482 0.014301265 0.006188002 0.999878585 6.683469296
0.999865472 0.007097044 -0.014791794 -0.071044512 -0.007199517 0.999950349 -0.006885963 -0.019931339 0.014742189 0.006991531 0.999866843 6.696884155
0.999865055 0.006725529 -0.014990863 -0.071334474 -0.006842904 0.999946177 -0.007792286 -0.019636516 0.014937651 0.007893815 0.999857187 6.711030006
0.999868333 0.006650645 -0.014797158 -0.071767256 -0.006770235 0.999944627 -0.008046532 -0.019500673 0.014742821 0.008145654 0.999858081 6.723223209
0.999866843 0.005971655 -0.015181609 -0.071884640 -0.006091232 0.999950588 -0.007842455 -0.019871324 0.015134025 0.007933886 0.999853969 6.736171722
0.999869704 0.006068854 -0.014952515 -0.072594643 -0.006195126 0.999945343 -0.008413076 -0.019530226 0.014900641 0.008504614 0.999852777 6.749077797
0.999862611 0.005984568 -0.015454007 -0.072727337 -0.006112805 0.999947131 -0.008264188 -0.019654840 0.015403735 0.008357520 0.999846518 6.761449337
0.999863088 0.005850720 -0.015480106 -0.073041230 -0.005980618 0.999947190 -0.008358351 -0.019881465 0.015430385 0.008449786 0.999845266 6.772969723
0.999859333 0.006006354 -0.015660014 -0.073284835 -0.006146932 0.999941051 -0.008944174 -0.020138673 0.015605370 0.009039178 0.999837399 6.784957409
0.999853492 0.005953962 -0.016049307 -0.073560074 -0.006101826 0.999939144 -0.009179920 -0.020163465 0.015993673 0.009276504 0.999829113 6.797734737
0.999850392 0.006489780 -0.016035400 -0.074109770 -0.006632715 0.999938607 -0.008876644 -0.020415965 0.015976807 0.008981673 0.999832034 6.809494972
0.999848247 0.006170391 -0.016291821 -0.074448325 -0.006308410 0.999944508 -0.008433872 -0.020424936 0.016238881 0.008535366 0.999831736 6.820218086
0.999842346 0.006365038 -0.016576197 -0.074851342 -0.006509118 0.999941409 -0.008652681 -0.020275127 0.016520150 0.008759213 0.999825180 6.832032204
0.999836981 0.006206524 -0.016955519 -0.074888736 -0.006345447 0.999946654 -0.008151848 -0.020357236 0.016904021 0.008258106 0.999823034 6.843522072
0.999837220 0.006145110 -0.016969660 -0.075474054 -0.006279097 0.999949396 -0.007853679 -0.020802617 0.016920539 0.007958953 0.999825239 6.854151726
0.999835789 0.006043324 -0.017083500 -0.075509667 -0.006178252 0.999950051 -0.007856444 -0.020648021 0.017035160 0.007960699 0.999823332 6.864631653
0.999834776 0.005863670 -0.017204629 -0.075689435 -0.005997736 0.999952018 -0.007751187 -0.020762160 0.017158350 0.007853097 0.999821961 6.875114918
0.999833941 0.005670307 -0.017321698 -0.076083213 -0.005807090 0.999952316 -0.007856518 -0.020537604 0.017276317 0.007955802 0.999819160 6.885023117
0.999835134 0.005194881 -0.017401991 -0.076288447 -0.005325754 0.999957800 -0.007482710 -0.020771861 0.017362384 0.007574155 0.999820590 6.894845486
0.999832809 0.004154154 -0.017806225 -0.076198861 -0.004274902 0.999968112 -0.006748479 -0.020944294 0.017777620 0.006823471 0.999818683 6.902870655
0.999829412 0.003976338 -0.018035598 -0.076221719 -0.004079378 0.999975502 -0.005679954 -0.021492638 0.018012572 0.005752559 0.999821186 6.911257744
0.999832153 0.004544961 -0.017748902 -0.076855719 -0.004636520 0.999976158 -0.005120832 -0.021495575 0.017725207 0.005202266 0.999829352 6.918389320
0.999823153 0.005792936 -0.017892245 -0.077001795 -0.005888115 0.999968767 -0.005271506 -0.021300202 0.017861145 0.005375926 0.999826074 6.925482750
0.999818325 0.005785078 -0.018166846 -0.077078119 -0.005877867 0.999969959 -0.005058326 -0.021325883 0.018137036 0.005164188 0.999822319 6.931005001
0.999814749 0.005529593 -0.018434973 -0.077018306 -0.005624059 0.999971271 -0.005076402 -0.021328149 0.018406369 0.005179140 0.999817252 6.936445236
0.999817669 0.005073064 -0.018409209 -0.077299848 -0.005185821 0.999968052 -0.006082386 -0.021202404 0.018377766 0.006176742 0.999812126 6.940634251
0.999821901 0.005292035 -0.018111803 -0.077731222 -0.005413639 0.999963164 -0.006671717 -0.021469723 0.018075824 0.006768581 0.999813795 6.944651604
0.999809861 0.005855643 -0.018596444 -0.077432528 -0.005992349 0.999955356 -0.007304081 -0.021305619 0.018552842 0.007414129 0.999800444 6.949032307
0.999804854 0.006271495 -0.018726632 -0.077527970 -0.006405671 0.999954164 -0.007113728 -0.021361466 0.018681157 0.007232297 0.999799430 6.952542305
0.999806106 0.005909319 -0.018779915 -0.077617526 -0.006041986 0.999957085 -0.007015498 -0.021405134 0.018737651 0.007127605 0.999799132 6.955943584
0.999806702 0.005272526 -0.018937757 -0.077599585 -0.005407535 0.999960244 -0.007085023 -0.021361521 0.018899646 0.007186060 0.999795616 6.959044933
0.999805391 0.005325632 -0.018998601 -0.077561565 -0.005463470 0.999959052 -0.007210738 -0.021374611 0.018959418 0.007313132 0.999793649 6.962010384
0.999805689 0.005352847 -0.018968631 -0.077778615 -0.005495936 0.999956727 -0.007499356 -0.021372940 0.018927664 0.007602149 0.999792099 6.964154243
0.999802351 0.005679848 -0.019053141 -0.077803269 -0.005836300 0.999949634 -0.008165849 -0.021312118 0.019005796 0.008275434 0.999785244 6.966768742
0.999802232 0.005805511 -0.019020388 -0.077913404 -0.005970881 0.999944687 -0.008649188 -0.021340895 0.018969117 0.008761044 0.999781847 6.968935966
0.999805808 0.005630781 -0.018884977 -0.077964798 -0.005788504 0.999948740 -0.008307540 -0.021577835 0.018837228 0.008415242 0.999787092 6.970578671
0.999804080 0.005354887 -0.019055650 -0.077881142 -0.005508925 0.999952495 -0.008040304 -0.021601874 0.019011689 0.008143704 0.999786079 6.972619057
0.999806166 0.005476443 -0.018911708 -0.078053415 -0.005630652 0.999951243 -0.008110559 -0.021579329 0.018866370 0.008215472 0.999788284 6.974267960
0.999804556 0.005508173 -0.018986773 -0.078074276 -0.005657630 0.999953449 -0.007826939 -0.021710861 0.018942775 0.007932831 0.999789119 6.976031303
0.999803007 0.005612696 -0.019038996 -0.078089975 -0.005759344 0.999954104 -0.007656450 -0.021831293 0.018995149 0.007764595 0.999789417 6.977418423
0.999805450 0.005382007 -0.018979242 -0.078188173 -0.005529567 0.999954760 -0.007730898 -0.021734096 0.018936777 0.007834341 0.999790013 6.978628159
0.999805093 0.005503537 -0.018960573 -0.078168832 -0.005651140 0.999954224 -0.007739963 -0.021613430 0.018917104 0.007845603 0.999790192 6.979226589
0.999808073 0.005724527 -0.018736649 -0.078322574 -0.005870898 0.999952674 -0.007766342 -0.021531317 0.018691299 0.007874852 0.999794245 6.979523659
0.999808371 0.005702665 -0.018728681 -0.078338608 -0.005847150 0.999953508 -0.007668927 -0.021513358 0.018684078 0.007776967 0.999795139 6.979580879
0.999807477 0.005525432 -0.018829713 -0.078233384 -0.005675849 0.999952555 -0.007944194 -0.021471471 0.018784920 0.008049539 0.999791145 6.979398251
0.999806404 0.005171024 -0.018983452 -0.078163430 -0.005335507 0.999948561 -0.008624126 -0.021697182 0.018937880 0.008723745 0.999782562 6.979286194
0.999806702 0.005034399 -0.019003561 -0.078084692 -0.005214281 0.999941945 -0.009428021 -0.021692302 0.018954996 0.009525288 0.999774933 6.979314327
0.999808848 0.004824301 -0.018949924 -0.078160264 -0.004994249 0.999947608 -0.008931195 -0.021663990 0.018905848 0.009024130 0.999780536 6.979322433
0.999808490 0.004954061 -0.018933510 -0.078184009 -0.005131973 0.999943078 -0.009359679 -0.021654956 0.018886065 0.009455055 0.999776840 6.979341030
0.999806583 0.005106326 -0.018994723 -0.078255504 -0.005297376 0.999935806 -0.010021364 -0.021723721 0.018942332 0.010120048 0.999769330 6.979404449
0.999808609 0.005061578 -0.018899769 -0.078305319 -0.005255110 0.999934077 -0.010204343 -0.021730565 0.018846873 0.010301710 0.999769270 6.979665279
0.999812484 0.005120258 -0.018678531 -0.078513950 -0.005312997 0.999933004 -0.010283761 -0.021733169 0.018624628 0.010381071 0.999772668 6.980000019
0.999813616 0.005140621 -0.018609473 -0.078641199 -0.005335386 0.999931335 -0.010431427 -0.021718431 0.018554574 0.010528770 0.999772370 6.980255127
0.999805391 0.004973197 -0.019091491 -0.078199200 -0.005168814 0.999934494 -0.010210646 -0.021704249 0.019039465 0.010307340 0.999765515 6.981492043
0.999805391 0.005006592 -0.019085597 -0.078207426 -0.005203209 0.999933720 -0.010266162 -0.021633506 0.019032940 0.010363470 0.999765038 6.982310772
0.999808848 0.004987809 -0.018906290 -0.078404620 -0.005183357 0.999933362 -0.010308170 -0.021716934 0.018853616 0.010404196 0.999768078 6.983342171
0.999802887 0.004982798 -0.019221362 -0.078258410 -0.005189239 0.999929130 -0.010705249 -0.021616749 0.019166665 0.010802883 0.999757946 6.984863281
0.999802172 0.004810834 -0.019301994 -0.078267373 -0.005022288 0.999927700 -0.010921500 -0.021675967 0.019248063 0.011016279 0.999754071 6.986261845
0.999799907 0.004941263 -0.019387202 -0.078186467 -0.005173622 0.999915183 -0.011953416 -0.021629132 0.019326499 0.012051326 0.999740601 6.988367081
0.999801159 0.005091854 -0.019285012 -0.078347921 -0.005338985 0.999903917 -0.012784863 -0.021710843 0.019218067 0.012885284 0.999732316 6.990655899
0.999797821 0.005222911 -0.019421032 -0.078395993 -0.005487859 0.999892175 -0.013614172 -0.021518856 0.019347839 0.013718000 0.999718666 6.993519783
0.999810219 0.005186274 -0.018779980 -0.078706443 -0.005451345 0.999885917 -0.014090876 -0.021631785 0.018704766 0.014190579 0.999724209 6.996918201
0.999816597 0.005138602 -0.018451940 -0.078869268 -0.005404569 0.999881864 -0.014393175 -0.021681651 0.018375803 0.014490259 0.999726057 7.001186371
0.999814093 0.005006355 -0.018618831 -0.078753702 -0.005277203 0.999880612 -0.014526390 -0.021688052 0.018543886 0.014621945 0.999721050 7.006210804
0.999823570 0.004870981 -0.018141581 -0.078972563 -0.005139948 0.999877214 -0.014808997 -0.021759301 0.018067226 0.014899628 0.999725640 7.011683941
0.999833941 0.004681366 -0.017617777 -0.079160973 -0.004949939 0.999871731 -0.015231801 -0.021790847 0.017544210 0.015316479 0.999728739 7.017535210
0.999835908 0.004496925 -0.017546020 -0.079071641 -0.004778246 0.999860227 -0.016024429 -0.021724343 0.017471507 0.016105639 0.999717653 7.024820328
0.999845445 0.004087345 -0.017101061 -0.079403639 -0.004372485 0.999851465 -0.016669795 -0.021827146 0.017030386 0.016741989 0.999714792 7.032794952
0.999853015 0.004374343 -0.016580809 -0.079473957 -0.004672135 0.999827683 -0.017964104 -0.021587461 0.016499374 0.018038927 0.999701142 7.041478157
0.999854565 0.004512363 -0.016444713 -0.079346910 -0.004808807 0.999825954 -0.018031985 -0.021878406 0.016360482 0.018108441 0.999702156 7.050638199
0.999866247 0.004451963 -0.015733032 -0.079646662 -0.004741267 0.999819517 -0.018399114 -0.021940202 0.015648281 0.018471248 0.999706924 7.061280251
0.999873698 0.004360180 -0.015277226 -0.079768181 -0.004638503 0.999823093 -0.018230358 -0.022186965 0.015195036 0.018298918 0.999717116 7.072655201
0.999886274 0.003183509 -0.014734826 -0.080051824 -0.003454404 0.999824882 -0.018395934 -0.022006877 0.014673681 0.018444741 0.999722183 7.085699558
0.999891281 0.003417651 -0.014340806 -0.080104426 -0.003687357 0.999816060 -0.018822765 -0.022275247 0.014273837 0.018873598 0.999719977 7.099264145
