0.999998212 -0.001531673 -0.001101510 -0.000216773 0.001531071 0.999998689 -0.000547552 -0.000119363 0.001102347 0.000545865 0.999999225 0.045655932
0.999997079 -0.001120864 -0.002135878 -0.000295271 0.001117048 0.999997735 -0.001786769 -0.000199765 0.002137876 0.001784378 0.999996126 0.067890123
0.999994338 -0.001750878 -0.002858976 -0.000332682 0.001746129 0.999997139 -0.001662876 -0.000551854 0.002861879 0.001657875 0.999994457 0.090843618
0.999991179 -0.002405192 -0.003432266 -0.000435839 0.002397079 0.999994338 -0.002365772 -0.000586999 0.003437937 0.002357524 0.999991298 0.110946961
0.999983430 -0.003832617 -0.004294204 -0.000520363 0.003822043 0.999989569 -0.002468001 -0.000571596 0.004303618 0.002451548 0.999987721 0.131938472
0.999980390 -0.004138210 -0.004702781 -0.000922012 0.004133215 0.999990880 -0.001071428 -0.000494047 0.004707173 0.001051969 0.999988377 0.152549818
0.999979138 -0.003468340 -0.005453806 -0.000948637 0.003474033 0.999993443 0.001034918 -0.000360465 0.005450181 -0.001053843 0.999984622 0.172914311
0.999976695 -0.003182089 -0.006038019 -0.001124841 0.003195937 0.999992311 0.002285169 -0.000574690 0.006030701 -0.002304413 0.999979138 0.192404300
0.999975383 -0.003364335 -0.006157231 -0.001772419 0.003378587 0.999991655 0.002305789 -0.000362790 0.006149421 -0.002326535 0.999978364 0.212187663
0.999969244 -0.003951752 -0.006769439 -0.001511487 0.003971646 0.999987841 0.002927759 -0.000316745 0.006757785 -0.002954554 0.999972820 0.230684042
0.999968052 -0.004569092 -0.006560992 -0.001603155 0.004591201 0.999983907 0.003358650 -0.000514714 0.006545538 -0.003388665 0.999972880 0.248615339
0.999965906 -0.005171567 -0.006455352 -0.001580144 0.005188062 0.999983311 0.002540838 -0.000687048 0.006442104 -0.002574243 0.999975920 0.265570283
0.999968410 -0.005480479 -0.005765252 -0.001970584 0.005485865 0.999984562 0.000918815 -0.000929951 0.005760127 -0.000950414 0.999982953 0.282337368
0.999968946 -0.005466856 -0.005675755 -0.001938549 0.005457759 0.999983728 -0.001617042 -0.000486709 0.005684503 0.001586015 0.999982595 0.298959494
0.999973476 -0.005245484 -0.005065684 -0.002120246 0.005232487 0.999983013 -0.002575565 -0.000656709 0.005079108 0.002548990 0.999983847 0.315046012
0.999969006 -0.006114057 -0.004944576 -0.002119236 0.006101974 0.999978364 -0.002455197 -0.000523274 0.004959479 0.002424950 0.999984741 0.331730306
0.999972999 -0.005628387 -0.004724046 -0.002185839 0.005620589 0.999982834 -0.001662483 -0.000615724 0.004733322 0.001635886 0.999987483 0.347916454
0.999977469 -0.004648780 -0.004869473 -0.002441730 0.004638712 0.999987006 -0.002077098 -0.000564101 0.004879067 0.002054463 0.999985933 0.364123017
0.999985397 -0.003007557 -0.004497593 -0.002752046 0.002999054 0.999993622 -0.001896124 -0.000998021 0.004503267 0.001882608 0.999988079 0.380194068
0.999986172 -0.002727064 -0.004502986 -0.002740760 0.002715584 0.999992967 -0.002553610 -0.000684596 0.004509919 0.002541347 0.999986529 0.395338207
0.999986291 -0.002656598 -0.004517830 -0.002872230 0.002645175 0.999993205 -0.002532377 -0.000948241 0.004524528 0.002520392 0.999986589 0.411066651
0.999985278 -0.002923646 -0.004593825 -0.002808576 0.002908367 0.999990165 -0.003329332 -0.000711037 0.004603514 0.003315923 0.999983907 0.426521868
0.999984264 -0.003314472 -0.004540244 -0.002789082 0.003295616 0.999985933 -0.004154119 -0.000790833 0.004553949 0.004139090 0.999981105 0.441500694
0.999986589 -0.002362587 -0.004595993 -0.002996432 0.002340334 0.999985516 -0.004841361 -0.000714563 0.004607365 0.004830542 0.999977708 0.456839323
0.999991715 -0.001110819 -0.003917001 -0.003368623 0.001090944 0.999986529 -0.005072786 -0.000587752 0.003922584 0.005068472 0.999979496 0.471834213
0.999991834 -0.000075993 -0.004024601 -0.003426019 0.000056036 0.999987721 -0.004958644 -0.000763788 0.004024928 0.004958378 0.999979615 0.486493528
0.999993265 0.000383035 -0.003653779 -0.003466831 -0.000402900 0.999985099 -0.005437492 -0.000818607 0.003651642 0.005438928 0.999978542 0.501217961
0.999996006 0.000567381 -0.002744374 -0.004040728 -0.000583728 0.999982178 -0.005959415 -0.000590832 0.002740944 0.005960994 0.999978483 0.515707970
0.999997795 0.000817414 -0.001928767 -0.003613953 -0.000830450 0.999976754 -0.006767550 -0.000819767 0.001923191 0.006769137 0.999975264 0.530112326
0.999997377 0.001342599 -0.001834621 -0.003204586 -0.001357842 0.999964356 -0.008332822 -0.000996551 0.001823368 0.008335292 0.999963582 0.543957293
0.999999642 0.000716990 -0.000308378 -0.003627556 -0.000719967 0.999952078 -0.009763745 -0.000884064 0.000301363 0.009763964 0.999952316 0.558969975
0.999999702 0.000725035 0.000118181 -0.003628782 -0.000723817 0.999949694 -0.009997793 -0.001208987 -0.000125423 0.009997707 0.999949932 0.573208034
0.999999821 -0.000129968 0.000518782 -0.003224059 0.000135438 0.999944210 -0.010558171 -0.001322341 -0.000517381 0.010558241 0.999944091 0.587173045
0.999997973 -0.001007804 0.001757453 -0.003565780 0.001027553 0.999935925 -0.011273047 -0.001465151 -0.001745979 0.011274830 0.999934852 0.602131605
0.999996126 -0.001461306 0.002366863 -0.003588429 0.001490621 0.999921620 -0.012431553 -0.001381993 -0.002348511 0.012435033 0.999919951 0.617718399
0.999993205 -0.002163280 0.003009855 -0.003418640 0.002202967 0.999909878 -0.013245326 -0.001441451 -0.002980930 0.013251867 0.999907792 0.632346869
0.999990880 -0.002127444 0.003698529 -0.003326608 0.002177960 0.999903619 -0.013708433 -0.001422699 -0.003669009 0.013716363 0.999899209 0.647712588
0.999987066 -0.002040612 0.004642015 -0.003718396 0.002105236 0.999900341 -0.013959546 -0.001387767 -0.004613067 0.013969139 0.999891818 0.663007855
0.999983847 -0.002493008 0.005105730 -0.003289910 0.002566696 0.999891937 -0.014477211 -0.001462028 -0.005069086 0.014490081 0.999882162 0.678425431
0.999977350 -0.004240916 0.005229602 -0.002944893 0.004319529 0.999876380 -0.015113757 -0.001488486 -0.005164860 0.015136005 0.999872088 0.695128143
0.999966800 -0.005775467 0.005748518 -0.002774982 0.005868396 0.999850154 -0.016282305 -0.001248923 -0.005653619 0.016315501 0.999850869 0.711205542
0.999959171 -0.006395397 0.006377368 -0.002707223 0.006502869 0.999834716 -0.016976431 -0.001164189 -0.006267743 0.017017212 0.999835551 0.727949440
0.999951184 -0.007156695 0.006814934 -0.002604008 0.007265134 0.999845147 -0.016022598 -0.001819249 -0.006699211 0.016071325 0.999848425 0.745778501
0.999954224 -0.006067364 0.007401708 -0.002667265 0.006177454 0.999869168 -0.014942551 -0.001998802 -0.007310078 0.014987591 0.999860942 0.763601899
0.999956429 -0.005225253 0.007742790 -0.002626663 0.005333569 0.999887168 -0.014035480 -0.002041545 -0.007668579 0.014076165 0.999871492 0.782558203
0.999950767 -0.005873850 0.007990791 -0.002580130 0.005981055 0.999891460 -0.013459016 -0.002132674 -0.007910868 0.013506150 0.999877512 0.801893353
0.999942064 -0.006926407 0.008235919 -0.002304349 0.007030786 0.999894381 -0.012713034 -0.002180660 -0.008146996 0.012770204 0.999885321 0.821893394
0.999946177 -0.006862082 0.007778280 -0.002083595 0.006951445 0.999909461 -0.011520694 -0.002666405 -0.007698519 0.011574144 0.999903381 0.842505693
0.999954462 -0.006496096 0.006982324 -0.002015623 0.006575834 0.999912739 -0.011458423 -0.002356395 -0.006907282 0.011503817 0.999909997 0.863853693
0.999958754 -0.005790608 0.006988560 -0.001930181 0.005877112 0.999905646 -0.012421427 -0.002309741 -0.006915974 0.012461989 0.999898434 0.885313511
0.999961853 -0.005996041 0.006344432 -0.001843233 0.006082296 0.999888182 -0.013664777 -0.002128967 -0.006261788 0.013702845 0.999886572 0.908189654
0.999971151 -0.004933233 0.005770979 -0.002191305 0.005013365 0.999890089 -0.013954294 -0.002095360 -0.005701505 0.013982821 0.999885917 0.931997061
0.999979377 -0.003394976 0.005443773 -0.002501333 0.003459301 0.999923825 -0.011850612 -0.002489276 -0.005403126 0.011869200 0.999914944 0.956108689
0.999987066 -0.002592893 0.004375125 -0.002161046 0.002637453 0.999944448 -0.010209947 -0.002456520 -0.004348409 0.010221354 0.999938309 0.980738878
0.999989986 -0.002813054 0.003473703 -0.002431315 0.002844028 0.999955952 -0.008944289 -0.002474521 -0.003448390 0.008954080 0.999953985 1.006898165
0.999982238 -0.005101677 0.003054612 -0.002499591 0.005126194 0.999954224 -0.008072980 -0.002947484 -0.003013287 0.008088495 0.999962747 1.032512069
0.999985099 -0.004786338 0.002631441 -0.002491577 0.004810650 0.999945045 -0.009311793 -0.002621411 -0.002586728 0.009324314 0.999953210 1.059837937
0.999987602 -0.004504016 0.002113846 -0.002442291 0.004525618 0.999936342 -0.010328013 -0.002545879 -0.002067195 0.010337452 0.999944448 1.088041067
0.999989569 -0.004348999 0.001422719 -0.002027510 0.004364215 0.999931276 -0.010871927 -0.002089798 -0.001375340 0.010878023 0.999939919 1.116956115
0.999971390 -0.007490634 0.000992758 -0.002014394 0.007498462 0.999938786 -0.008130073 -0.002376936 -0.000931798 0.008137284 0.999966502 1.145147204
0.999945223 -0.010339546 0.001643742 -0.002699091 0.010346419 0.999937534 -0.004229634 -0.002297077 -0.001599907 0.004246409 0.999989688 1.175807476
0.999867976 -0.016121034 0.002049319 -0.002753659 0.016124770 0.999868333 -0.001820033 -0.001779567 -0.002019709 0.001852837 0.999996185 1.205615759
0.999848723 -0.017305277 0.001811267 -0.003212176 0.017306073 0.999850154 -0.000424099 -0.002108699 -0.001803656 0.000455381 0.999998212 1.235607862
0.999857426 -0.016875571 0.000542120 -0.002196234 0.016875066 0.999857128 0.000925009 -0.001580599 -0.000557653 -0.000915729 0.999999404 1.269363523
0.999818385 -0.019052941 0.000142632 -0.002171899 0.019053023 0.999818265 -0.000623356 -0.001091422 -0.000130729 0.000625960 0.999999821 1.301748395
0.999704182 -0.024318568 -0.000232230 -0.002033365 0.024318425 0.999704063 -0.000596794 -0.000757334 0.000246674 0.000590970 0.999999762 1.335451484
0.999707758 -0.024171926 -0.000283586 -0.001715644 0.024172099 0.999707639 0.000629332 -0.000525441 0.000268291 -0.000636003 0.999999702 1.369070292
0.999801219 -0.019930227 -0.000418778 -0.002662033 0.019930277 0.999801338 0.000121812 0.000017257 0.000416267 -0.000130135 0.999999940 1.402423620
0.999821067 -0.018878469 -0.001175127 -0.001922308 0.018875707 0.999819160 -0.002316597 0.000454879 0.001218649 0.002294001 0.999996662 1.437968731
0.999798357 -0.020044994 -0.001193773 -0.001942459 0.020034494 0.999765337 -0.008237193 0.000420557 0.001358607 0.008211615 0.999965370 1.472761035
0.999817073 -0.019108690 -0.000868920 -0.002480432 0.019097291 0.999749839 -0.011638811 -0.000903344 0.001091105 0.011620087 0.999931872 1.506288528
0.999890625 -0.014786167 -0.000165260 -0.002666771 0.014782708 0.999804199 -0.013162442 -0.000130160 0.000359850 0.013158562 0.999913335 1.542133570
0.999913931 -0.013121800 0.000085499 -0.003046884 0.013121888 0.999843180 -0.011891862 -0.000202674 0.000070557 0.011891962 0.999929249 1.577476501
0.999923885 -0.012336724 0.000083560 -0.002933881 0.012336999 0.999891818 -0.007999524 -0.000532705 0.000015137 0.007999945 0.999967992 1.613369703
0.999910593 -0.013376066 0.000066286 -0.002736674 0.013376229 0.999898732 -0.004844530 -0.000219452 -0.000001479 0.004844983 0.999988198 1.649248004
0.999894917 -0.014476400 0.000665366 -0.002941865 0.014478403 0.999890327 -0.003111904 -0.000493139 -0.000620243 0.003121211 0.999994934 1.685244203
0.999894321 -0.014530142 0.000537174 -0.002609981 0.014532517 0.999883235 -0.004718510 -0.000662427 -0.000468551 0.004725818 0.999988794 1.721843719
0.999890089 -0.014810666 0.000638300 -0.002810468 0.014815338 0.999857605 -0.008068449 -0.000661818 -0.000518710 0.008077019 0.999967158 1.757322431
0.999903858 -0.013838589 0.000879255 -0.003077682 0.013846776 0.999852955 -0.010107936 -0.000573788 -0.000739246 0.010119139 0.999948442 1.793731451
0.999915302 -0.012981297 0.000859478 -0.003060252 0.012988600 0.999873996 -0.009121004 -0.000478430 -0.000740967 0.009131393 0.999957979 1.830447793
0.999933541 -0.011494691 0.000891500 -0.002993930 0.011498208 0.999925673 -0.004049102 -0.001092727 -0.000844890 0.004059082 0.999991417 1.867060184
0.999927878 -0.011919538 0.001486984 -0.003273252 0.011922561 0.999926805 -0.002041689 -0.000857987 -0.001462539 0.002059270 0.999996781 1.903625250
0.999914527 -0.013039809 0.000970797 -0.003208744 0.013040984 0.999914229 -0.001213757 -0.001087817 -0.000954887 0.001226313 0.999998748 1.940656424
0.999888122 -0.014952731 0.000344832 -0.003107706 0.014953636 0.999884307 -0.002794751 -0.000836534 -0.000303003 0.002799595 0.999996006 1.977828503
0.999885678 -0.015075572 -0.001161300 -0.003114742 0.015070591 0.999877691 -0.004184015 -0.000830517 0.001224234 0.004166035 0.999990642 2.014745951
0.999921978 -0.012315135 -0.002099499 -0.003576233 0.012305220 0.999913394 -0.004673148 -0.000606336 0.002156867 0.004646948 0.999986887 2.052154779
0.999953151 -0.009017689 -0.003517819 -0.003547055 0.009005003 0.999952972 -0.003606045 -0.000537859 0.003550171 0.003574198 0.999987364 2.089452982
0.999979377 -0.004963552 -0.004082211 -0.004583379 0.004952252 0.999983847 -0.002773725 -0.000331396 0.004095914 0.002753452 0.999987841 2.128215551
0.999987543 -0.000161106 -0.005001404 -0.004670774 0.000142559 0.999993145 -0.003708574 -0.000207657 0.005001968 0.003707814 0.999980688 2.166679144
0.999978364 0.003603938 -0.005502554 -0.005658207 -0.003632218 0.999980330 -0.005138149 -0.000305145 0.005483928 0.005158023 0.999971688 2.204725027
0.999972224 0.003935069 -0.006319766 -0.006103851 -0.003981872 0.999964654 -0.007410410 -0.000286771 0.006290382 0.007435369 0.999952674 2.244764328
0.999965966 0.004253333 -0.007072154 -0.006399393 -0.004305111 0.999963939 -0.007322387 -0.000196515 0.007040754 0.007352583 0.999948204 2.282441139
0.999958515 0.004733012 -0.007778998 -0.006714040 -0.004784691 0.999966562 -0.006638354 0.000127339 0.007747319 0.006675298 0.999947727 2.322139740
0.999954700 0.004100804 -0.008584869 -0.007070380 -0.004152570 0.999973178 -0.006020886 -0.000138703 0.008559950 0.006056263 0.999945045 2.360967159
0.999950945 0.002937889 -0.009461348 -0.007251711 -0.002996410 0.999976456 -0.006177180 -0.000363652 0.009442977 0.006205226 0.999936163 2.399688721
0.999943018 0.003442715 -0.010100732 -0.008066902 -0.003522096 0.999962986 -0.007851696 -0.000023477 0.010073327 0.007886824 0.999918103 2.440168381
0.999933958 0.005073721 -0.010310462 -0.009158645 -0.005185597 0.999927640 -0.010853099 0.000304060 0.010254651 0.010905846 0.999887884 2.480316877
0.999931931 0.003835539 -0.011021497 -0.009446504 -0.003983751 0.999901533 -0.013457248 -0.000244390 0.010968794 0.013500237 0.999848664 2.521225929
0.999933064 0.004414649 -0.010694393 -0.011510435 -0.004568913 0.999885321 -0.014443487 -0.000981573 0.010629402 0.014491382 0.999838471 2.562030315
0.999917865 0.005208334 -0.011705078 -0.010868091 -0.005361169 0.999900281 -0.013063969 -0.000887297 0.011635867 0.013125652 0.999846160 2.602633953
0.999915361 0.005168270 -0.011935444 -0.011431787 -0.005302489 0.999922752 -0.011241199 -0.001140954 0.011876424 0.011303535 0.999865592 2.643987894
0.999908149 0.004125773 -0.012913455 -0.011384944 -0.004261935 0.999935389 -0.010534477 -0.001962356 0.012869158 0.010588543 0.999861121 2.685135603
0.999906898 0.005184582 -0.012623999 -0.013021946 -0.005323824 0.999925017 -0.011021485 -0.001987070 0.012565912 0.011087667 0.999859571 2.726816654
0.999901831 0.006071507 -0.012632734 -0.014636973 -0.006213495 0.999917626 -0.011230848 -0.001913432 0.012563505 0.011308239 0.999857128 2.768552065
0.999894202 0.005338028 -0.013529419 -0.014389301 -0.005475225 0.999933779 -0.010124077 -0.002475623 0.013474480 0.010197083 0.999857247 2.810943842
0.999891102 0.005049470 -0.013867178 -0.014560487 -0.005188270 0.999936640 -0.009991564 -0.002536504 0.013815848 0.010062421 0.999853909 2.854832172
0.999888122 0.005542035 -0.013893792 -0.015930729 -0.005683333 0.999932349 -0.010151034 -0.002597548 0.013836593 0.010228862 0.999851882 2.896364450
0.999895692 0.004125579 -0.013840109 -0.016827375 -0.004261125 0.999943197 -0.009778603 -0.003040219 0.013798978 0.009836557 0.999856353 2.939133406
0.999893129 0.004292169 -0.013973321 -0.017279480 -0.004419151 0.999949098 -0.009069267 -0.002877366 0.013933683 0.009130047 0.999861240 2.982989788
0.999887943 0.002297270 -0.014789693 -0.016409395 -0.002435513 0.999953508 -0.009335997 -0.002756495 0.014767556 0.009370971 0.999847054 3.027297020
0.999895871 0.001848192 -0.014307755 -0.017929576 -0.001987292 0.999950826 -0.009713890 -0.003031436 0.014289101 0.009741311 0.999850452 3.070209026
0.999895513 0.000976492 -0.014415922 -0.018307580 -0.001110823 0.999956012 -0.009313180 -0.002493277 0.014406192 0.009328219 0.999852657 3.114198208
0.999891043 0.000819011 -0.014737994 -0.018871482 -0.000933425 0.999969482 -0.007758031 -0.003036225 0.014731187 0.007770943 0.999861181 3.158406019
0.999892294 0.001545508 -0.014594121 -0.019685267 -0.001653202 0.999971390 -0.007370055 -0.003341548 0.014582314 0.007393389 0.999866366 3.202115297
0.999889612 0.002470113 -0.014653548 -0.020426981 -0.002581585 0.999967754 -0.007593049 -0.003379714 0.014634319 0.007630040 0.999863863 3.246456385
0.999881089 0.003168328 -0.015088524 -0.020672951 -0.003262664 0.999975204 -0.006231722 -0.004231269 0.015068405 0.006280208 0.999866784 3.290745020
0.999890327 0.003135744 -0.014472996 -0.021564996 -0.003215661 0.999979615 -0.005501796 -0.004518026 0.014455447 0.005547733 0.999880075 3.332871675
0.999887109 0.005049210 -0.014149443 -0.022310618 -0.005134352 0.999968827 -0.005987557 -0.004574697 0.014118770 0.006059529 0.999881983 3.376334190
0.999894500 0.004262757 -0.013883237 -0.023268756 -0.004336095 0.999976695 -0.005256684 -0.005299475 0.013860506 0.005316329 0.999889791 3.420500040
0.999893427 0.004906914 -0.013743442 -0.024848714 -0.004989611 0.999969542 -0.005989410 -0.005026842 0.013713634 0.006057347 0.999887645 3.465721369
0.999892235 0.006490621 -0.013164118 -0.025438158 -0.006583094 0.999953806 -0.006993540 -0.004984522 0.013118121 0.007079448 0.999888957 3.508460760
0.999892890 0.005391495 -0.013605633 -0.025043003 -0.005462570 0.999971509 -0.005192137 -0.005259057 0.013577253 0.005265904 0.999894023 3.553755283
0.999904633 0.006297875 -0.012289562 -0.026338436 -0.006362840 0.999965966 -0.005254213 -0.005229144 0.012256052 0.005331909 0.999910593 3.596042395
0.999915063 0.004591672 -0.012198066 -0.026612598 -0.004642035 0.999980867 -0.004103619 -0.006271213 0.012178988 0.004159894 0.999917150 3.640261173
0.999918580 0.005525121 -0.011500739 -0.026199456 -0.005582059 0.999972284 -0.004924624 -0.005466006 0.011473211 0.004988421 0.999921679 3.680906534
0.999933302 0.004771956 -0.010517094 -0.028676290 -0.004810059 0.999981940 -0.003600603 -0.005381437 0.010499724 0.003650952 0.999938190 3.726409197
0.999940097 0.004199811 -0.010112163 -0.028907977 -0.004237746 0.999984026 -0.003732798 -0.005857512 0.010096326 0.003775428 0.999941885 3.768119574
0.999939799 0.004287164 -0.010096225 -0.029504539 -0.004336622 0.999978721 -0.004881931 -0.005874728 0.010075078 0.004925421 0.999937117 3.812215090
0.999947190 0.005474254 -0.008694375 -0.030985801 -0.005529297 0.999964774 -0.006319556 -0.005504824 0.008659474 0.006367297 0.999942243 3.854523659
0.999954462 0.004826606 -0.008223526 -0.031364184 -0.004870931 0.999973714 -0.005378644 -0.006095393 0.008197350 0.005418456 0.999951720 3.896396875
0.999959111 0.004792500 -0.007668213 -0.032464251 -0.004828179 0.999977589 -0.004641164 -0.006600135 0.007645797 0.004677997 0.999959886 3.939385653
0.999956191 0.006128527 -0.007072735 -0.033538796 -0.006161516 0.999970198 -0.004651945 -0.005998647 0.007044015 0.004695320 0.999964178 3.980494499
0.999957323 0.006426725 -0.006639210 -0.034773532 -0.006471450 0.999956369 -0.006737064 -0.005468376 0.006595622 0.006779741 0.999955297 4.022549629
0.999952674 0.007673783 -0.005987523 -0.035444438 -0.007723802 0.999935091 -0.008375936 -0.005139425 0.005922860 0.008421786 0.999947011 4.064222813
0.999970257 0.006756980 -0.003719321 -0.038650971 -0.006784148 0.999949992 -0.007341228 -0.004538277 0.003669530 0.007366242 0.999966145 4.103176117
0.999973714 0.006433952 -0.003336789 -0.039111484 -0.006450906 0.999966264 -0.005095672 -0.004036231 0.003303891 0.005117063 0.999981463 4.143803596
0.999978364 0.005401002 -0.003762573 -0.038081314 -0.005413667 0.999979675 -0.003364338 -0.005389999 0.003744326 0.003384634 0.999987245 4.184233665
0.999982893 0.004382306 -0.003882941 -0.038269706 -0.004399465 0.999980569 -0.004421896 -0.005079607 0.003863487 0.004438903 0.999982655 4.223886490
0.999988198 0.001799685 -0.004528388 -0.039079770 -0.001821221 0.999987066 -0.004755965 -0.005266623 0.004519770 0.004764156 0.999978423 4.266356468
0.999988198 0.002908089 -0.003897767 -0.039298370 -0.002933798 0.999973834 -0.006606244 -0.005509062 0.003878453 0.006617601 0.999970555 4.304071426
0.999989271 0.002724184 -0.003759840 -0.040005364 -0.002751556 0.999969602 -0.007294073 -0.005793422 0.003739855 0.007304340 0.999966383 4.343388081
0.999982297 0.003982861 -0.004425396 -0.040329263 -0.004019912 0.999956667 -0.008395230 -0.005752556 0.004391767 0.008412872 0.999954939 4.382962227
0.999980688 0.003391250 -0.005206155 -0.040403739 -0.003429796 0.999966621 -0.007412792 -0.006723428 0.005180843 0.007430505 0.999958992 4.422618866
0.999975681 0.003359881 -0.006102219 -0.040479980 -0.003391495 0.999980867 -0.005177774 -0.008142919 0.006084706 0.005198344 0.999967992 4.462503433
0.999976933 0.003144210 -0.006014769 -0.042062514 -0.003165439 0.999988675 -0.003523123 -0.008051062 0.006003626 0.003542080 0.999975741 4.500433445
0.999964595 0.004245884 -0.007265348 -0.040926136 -0.004269656 0.999985576 -0.003259443 -0.007525464 0.007251404 0.003290349 0.999968290 4.541135788
0.999961853 0.004460294 -0.007521915 -0.041912362 -0.004487497 0.999983370 -0.003603501 -0.007255258 0.007505718 0.003637118 0.999965250 4.579559326
0.999960780 0.002629614 -0.008459384 -0.041571550 -0.002658802 0.999990582 -0.003440971 -0.007339915 0.008450255 0.003463328 0.999958336 4.618290424
0.999965191 0.001382818 -0.008218140 -0.043426543 -0.001401616 0.999996364 -0.002282031 -0.008717526 0.008214954 0.002293471 0.999963641 4.654198647
0.999948800 0.001470500 -0.010009587 -0.041523591 -0.001501574 0.999994099 -0.003097639 -0.007981712 0.010004973 0.003112511 0.999945104 4.692976475
0.999961019 0.001241982 -0.008735641 -0.045120355 -0.001278723 0.999990344 -0.004201493 -0.008661674 0.008730338 0.004212501 0.999953032 4.728926182
0.999947906 0.001271948 -0.010126118 -0.044526905 -0.001335958 0.999979138 -0.006317146 -0.008545842 0.010117873 0.006330347 0.999928713 4.767340183
0.999949098 0.000889129 -0.010050397 -0.045042284 -0.000969832 0.999967277 -0.008027874 -0.008418443 0.010042930 0.008037213 0.999917269 4.802537918
0.999947965 0.001810699 -0.010034156 -0.045118693 -0.001882665 0.999972522 -0.007167324 -0.008752659 0.010020901 0.007185843 0.999924004 4.837697029
0.999937594 0.002480672 -0.010890408 -0.045963377 -0.002543421 0.999980211 -0.005751759 -0.009383038 0.010875925 0.005779098 0.999924123 4.878562927
0.999936581 0.003255074 -0.010772550 -0.046650637 -0.003297322 0.999986947 -0.003906404 -0.010068074 0.010759694 0.003941677 0.999934375 4.914191246
0.999927700 0.002189470 -0.011816964 -0.046540476 -0.002232695 0.999990880 -0.003646029 -0.009666971 0.011808872 0.003672149 0.999923527 4.952292919
0.999926507 0.002872165 -0.011773642 -0.047236122 -0.002904976 0.999992013 -0.002770698 -0.009439854 0.011765590 0.002804697 0.999926805 4.988173008
0.999924958 0.001305532 -0.012180606 -0.047616240 -0.001324776 0.999997914 -0.001572008 -0.009463248 0.012178528 0.001588027 0.999924600 5.024675369
0.999926031 0.001240461 -0.012101113 -0.048113827 -0.001251346 0.999998927 -0.000891984 -0.009371756 0.012099992 0.000907061 0.999926388 5.059431076
0.999924123 0.000824768 -0.012293184 -0.048535213 -0.000830388 0.999999523 -0.000452063 -0.009863122 0.012292806 0.000462237 0.999924362 5.094082355
0.999934733 0.001297617 -0.011347614 -0.049680196 -0.001303959 0.999998987 -0.000551514 -0.010305556 0.011346889 0.000566275 0.999935508 5.125363827
0.999926567 0.001745433 -0.012004493 -0.049554981 -0.001761418 0.999997556 -0.001321098 -0.010195956 0.012002160 0.001342146 0.999927044 5.159377098
0.999934554 0.002107862 -0.011253192 -0.050520316 -0.002134301 0.999994993 -0.002337956 -0.010197175 0.011248208 0.002361820 0.999933958 5.189952374
0.999931872 0.001863000 -0.011524735 -0.050293203 -0.001890782 0.999995291 -0.002400229 -0.010647424 0.011520212 0.002421857 0.999930680 5.221167564
0.999937177 0.002414730 -0.010944547 -0.051022854 -0.002431100 0.999995947 -0.001482668 -0.011029078 0.010940921 0.001509183 0.999938965 5.250265598
0.999930978 0.003929501 -0.011078266 -0.051025424 -0.003942688 0.999991536 -0.001168749 -0.010661723 0.011073581 0.001212347 0.999937952 5.279154301
0.999936938 0.003411588 -0.010699871 -0.052281152 -0.003413717 0.999994099 -0.000180783 -0.011321477 0.010699191 0.000217298 0.999942720 5.306861401
0.999944568 0.003011403 -0.010093847 -0.052974939 -0.003000458 0.999994874 0.001099332 -0.011890817 0.010097106 -0.001068985 0.999948442 5.334179878
0.999947369 0.003343954 -0.009705237 -0.053670805 -0.003331594 0.999993563 0.001289492 -0.011760274 0.009709488 -0.001257090 0.999952018 5.359262466
0.999946594 0.002686058 -0.009978508 -0.053359099 -0.002686894 0.999996305 -0.000070416 -0.011265403 0.009978280 0.000097223 0.999950230 5.383680820
0.999949753 0.002401360 -0.009728357 -0.053886499 -0.002413097 0.999996364 -0.001194923 -0.010967057 0.009725451 0.001218338 0.999951959 5.407244682
0.999951661 0.002599547 -0.009480454 -0.054488339 -0.002610828 0.999995887 -0.001177728 -0.011635480 0.009477354 0.001202423 0.999954343 5.430432320
0.999951780 0.002494817 -0.009501081 -0.054618634 -0.002519361 0.999993443 -0.002572268 -0.011657042 0.009494602 0.002596081 0.999951541 5.452363491
0.999947965 0.000581869 -0.010185578 -0.054437917 -0.000631840 0.999987662 -0.004903478 -0.011583286 0.010182600 0.004909658 0.999936104 5.474713326
0.999940753 0.000313366 -0.010889228 -0.054722652 -0.000380895 0.999980688 -0.006199899 -0.011833727 0.010887075 0.006203679 0.999921441 5.495801926
0.999933183 0.001606296 -0.011444593 -0.055104312 -0.001690945 0.999971211 -0.007390637 -0.012005752 0.011432393 0.007409497 0.999907196 5.516433716
0.999921739 0.001934752 -0.012359095 -0.055288434 -0.002033470 0.999966085 -0.007979854 -0.012261394 0.012343235 0.008004362 0.999891758 5.537231445
0.999913812 0.001595529 -0.013030373 -0.056144252 -0.001690178 0.999972165 -0.007255913 -0.012365913 0.013018435 0.007277310 0.999888718 5.557229996
0.999904513 0.001522008 -0.013736100 -0.056355175 -0.001612120 0.999977171 -0.006551581 -0.012536466 0.013725813 0.006573100 0.999884188 5.578002453
0.999894083 0.003135917 -0.014208485 -0.057282187 -0.003208634 0.999981880 -0.005097986 -0.012787737 0.014192240 0.005143037 0.999886036 5.599103928
0.999885738 0.002565874 -0.014898707 -0.057215594 -0.002635910 0.999985576 -0.004683062 -0.012830437 0.014886478 0.004721798 0.999877989 5.617864609
0.999872267 0.002636930 -0.015763281 -0.057375420 -0.002697155 0.999989152 -0.003800569 -0.012907965 0.015753087 0.003842599 0.999868512 5.636758804
0.999874413 0.003679558 -0.015414090 -0.058159627 -0.003731759 0.999987364 -0.003359231 -0.012706742 0.015401535 0.003416331 0.999875546 5.655730724
0.999866366 0.003598416 -0.015938923 -0.058402158 -0.003647391 0.999988735 -0.003044646 -0.012840988 0.015927784 0.003102375 0.999868274 5.674037933
0.999870420 0.003065712 -0.015803969 -0.058710217 -0.003114308 0.999990523 -0.003051194 -0.012621541 0.015794463 0.003100018 0.999870420 5.691481113
0.999865651 0.003428698 -0.016029919 -0.059032131 -0.003465670 0.999991417 -0.002279243 -0.012979588 0.016021967 0.002334492 0.999868929 5.707087040
0.999857426 0.004126393 -0.016371494 -0.059374262 -0.004163000 0.999988914 -0.002202545 -0.012744528 0.016362227 0.002270386 0.999863565 5.723399639
0.999853134 0.005217033 -0.016323566 -0.059533838 -0.005236934 0.999985635 -0.001176665 -0.013443610 0.016317192 0.001261977 0.999866068 5.739152431
0.999865770 0.005722032 -0.015351759 -0.060153827 -0.005744010 0.999982536 -0.001387814 -0.013451610 0.015343548 0.001475808 0.999881148 5.751837730
0.999872029 0.004977849 -0.015204621 -0.060208730 -0.004996727 0.999986827 -0.001203840 -0.013449734 0.015198427 0.001279660 0.999883652 5.765558720
0.999880135 0.004298273 -0.014869667 -0.060420491 -0.004320155 0.999989688 -0.001439799 -0.013380105 0.014863324 0.001503866 0.999888420 5.779010773
0.999884844 0.004967523 -0.014338057 -0.060762897 -0.005002428 0.999984682 -0.002399515 -0.013300214 0.014325920 0.002470964 0.999894381 5.790139198
0.999890566 0.005113467 -0.013880959 -0.061358191 -0.005162918 0.999980569 -0.003529069 -0.013285143 0.013862642 0.003600350 0.999897420 5.801349640
0.999896407 0.005841606 -0.013155553 -0.061860986 -0.005901664 0.999972343 -0.004531001 -0.013633937 0.013128723 0.004608172 0.999903202 5.812553883
0.999894738 0.005713954 -0.013334610 -0.062053341 -0.005789081 0.999967515 -0.005602248 -0.013630947 0.013302168 0.005678853 0.999895394 5.823973656
0.999894977 0.005461038 -0.013422642 -0.062228084 -0.005546340 0.999964595 -0.006326088 -0.013672048 0.013387619 0.006399870 0.999889851 5.835479736
0.999893904 0.005384565 -0.013531669 -0.062321298 -0.005474461 0.999963105 -0.006615133 -0.013472810 0.013495550 0.006688510 0.999886513 5.846523762
0.999899387 0.005170985 -0.013208023 -0.063611835 -0.005260307 0.999963462 -0.006736939 -0.013578143 0.013172705 0.006805741 0.999890089 5.857799530
0.999891162 0.005226278 -0.013793416 -0.062874280 -0.005319935 0.999962926 -0.006762060 -0.013509834 0.013757563 0.006834704 0.999881983 5.868167877
0.999888301 0.005184961 -0.014021485 -0.063219100 -0.005281343 0.999962628 -0.006845508 -0.013450241 0.013985466 0.006918795 0.999878287 5.878474712
0.999885559 0.004746899 -0.014366289 -0.063239738 -0.004846491 0.999964356 -0.006905477 -0.013711363 0.014333001 0.006974313 0.999872983 5.889148235
0.999887288 0.004599399 -0.014296009 -0.063732006 -0.004707865 0.999960303 -0.007562832 -0.013911001 0.014260662 0.007629284 0.999869227 5.899370193
0.999884307 0.004889721 -0.014404060 -0.063871294 -0.005004449 0.999955952 -0.007939781 -0.013809308 0.014364606 0.008010947 0.999864757 5.910268307
0.999874592 0.005292334 -0.014927632 -0.063966483 -0.005407338 0.999955952 -0.007674380 -0.013872754 0.014886360 0.007754136 0.999859095 5.920053959
0.999870718 0.005044721 -0.015267243 -0.064481743 -0.005157850 0.999959528 -0.007379643 -0.013880204 0.015229395 0.007457435 0.999856174 5.930305481
0.999867380 0.005069161 -0.015479848 -0.064654157 -0.005186504 0.999958038 -0.007549654 -0.013810433 0.015440930 0.007628939 0.999851644 5.940587044
0.999860525 0.004876829 -0.015975477 -0.064314425 -0.004986840 0.999964118 -0.006853715 -0.014120108 0.015941480 0.006932426 0.999848843 5.949771404
0.999858201 0.005241679 -0.016008660 -0.064830057 -0.005346749 0.999964416 -0.006527685 -0.014285846 0.015973872 0.006612353 0.999850512 5.958958626
0.999851227 0.005009991 -0.016503155 -0.064821035 -0.005121470 0.999964297 -0.006719734 -0.014136603 0.016468897 0.006803254 0.999841213 5.968771935
0.999851584 0.004915036 -0.016510781 -0.064821392 -0.005020397 0.999967396 -0.006345972 -0.014608739 0.016479051 0.006427922 0.999843538 5.976809978
0.999857485 0.004042886 -0.016385168 -0.065154456 -0.004141142 0.999973655 -0.005967146 -0.014527552 0.016360609 0.006034150 0.999847889 5.984719753
0.999856770 0.003701025 -0.016511304 -0.065223157 -0.003794990 0.999976814 -0.005663274 -0.014580468 0.016489962 0.005725123 0.999847710 5.993447781
0.999850452 0.003111637 -0.017004298 -0.065190382 -0.003199449 0.999981701 -0.005139405 -0.014830172 0.016987994 0.005193042 0.999842227 6.000266075
0.999850988 0.002943666 -0.017010573 -0.065462045 -0.003024731 0.999984205 -0.004741812 -0.014836811 0.016996345 0.004792559 0.999844193 6.007657528
0.999850094 0.003640039 -0.016929982 -0.065733075 -0.003717307 0.999982774 -0.004534761 -0.014588986 0.016913185 0.004597016 0.999846399 6.014139175
0.999845743 0.004366030 -0.017015157 -0.066030771 -0.004436830 0.999981642 -0.004125502 -0.014722022 0.016996833 0.004200360 0.999846756 6.019852638
0.999840558 0.004336427 -0.017324921 -0.065983154 -0.004398878 0.999983907 -0.003568237 -0.014898265 0.017309168 0.003643879 0.999843597 6.024758816
0.999842227 0.004494270 -0.017183714 -0.065995164 -0.004558904 0.999982655 -0.003724006 -0.014984419 0.017166683 0.003801758 0.999845386 6.029064655
0.999840558 0.004293301 -0.017330883 -0.066072330 -0.004374116 0.999979675 -0.004627893 -0.014929017 0.017310664 0.004702962 0.999839067 6.033107758
0.999833763 0.004289679 -0.017720103 -0.066060960 -0.004385374 0.999975979 -0.005365043 -0.014943104 0.017696664 0.005441862 0.999828577 6.036608219
0.999834418 0.004802256 -0.017549323 -0.066211581 -0.004903601 0.999971509 -0.005736415 -0.015045818 0.017521275 0.005821520 0.999829531 6.039734840
0.999830663 0.004889721 -0.017740840 -0.066193663 -0.004991062 0.999971330 -0.005672493 -0.014986154 0.017712601 0.005760076 0.999826670 6.043130398
0.999826431 0.004352733 -0.018114589 -0.066123493 -0.004454514 0.999974370 -0.005582258 -0.015107187 0.018089833 0.005661981 0.999820352 6.045876503
0.999826849 0.004176717 -0.018135346 -0.066116534 -0.004279896 0.999974787 -0.005654322 -0.014976108 0.018111276 0.005730959 0.999819636 6.048546791
0.999824643 0.004175634 -0.018253185 -0.065940708 -0.004281336 0.999974191 -0.005755691 -0.014963655 0.018228685 0.005832829 0.999816954 6.051302433
0.999824882 0.004375606 -0.018192513 -0.066229761 -0.004484265 0.999972343 -0.005936226 -0.015113570 0.018166035 0.006016766 0.999816895 6.052896976
0.999820232 0.004503117 -0.018415563 -0.066159636 -0.004624587 0.999967754 -0.006558812 -0.014972581 0.018385438 0.006642796 0.999808967 6.055063248
0.999829173 0.004624384 -0.017895035 -0.066602811 -0.004745426 0.999966085 -0.006727432 -0.015159842 0.017863318 0.006811200 0.999817252 6.056781769
0.999830246 0.004311007 -0.017915167 -0.066711143 -0.004428425 0.999968886 -0.006519664 -0.015319375 0.017886503 0.006597891 0.999818265 6.058418751
0.999830961 0.004481159 -0.017830519 -0.066688672 -0.004597707 0.999968290 -0.006500838 -0.015175683 0.017800821 0.006581717 0.999819934 6.060263634
0.999829948 0.004559627 -0.017869525 -0.066714458 -0.004678521 0.999967098 -0.006617296 -0.015078265 0.017838763 0.006699772 0.999818444 6.061987400
0.999824405 0.004456810 -0.018206606 -0.066687778 -0.004575450 0.999968469 -0.006479728 -0.015123015 0.018177152 0.006561893 0.999813259 6.063349247
0.999823749 0.004656421 -0.018185386 -0.066722751 -0.004773976 0.999967933 -0.006426164 -0.015023364 0.018154878 0.006511849 0.999813974 6.064485550
0.999825001 0.004253364 -0.018219849 -0.066712111 -0.004366912 0.999971211 -0.006196833 -0.015218545 0.018192971 0.006275312 0.999814868 6.065505505
0.999824464 0.004281020 -0.018239787 -0.066640012 -0.004390135 0.999972641 -0.005946373 -0.015259599 0.018213831 0.006025404 0.999816000 6.066046715
0.999829352 0.004561478 -0.017902948 -0.066828340 -0.004671811 0.999970257 -0.006125824 -0.015006768 0.017874476 0.006208417 0.999820948 6.066371441
0.999827266 0.004741862 -0.017969657 -0.066915706 -0.004860285 0.999966681 -0.006552177 -0.014722686 0.017937990 0.006638383 0.999817073 6.066508770
0.999828696 0.004252998 -0.018015062 -0.066770151 -0.004366524 0.999970853 -0.006267089 -0.015125308 0.017987883 0.006344678 0.999818146 6.066268921
0.999827504 0.004008177 -0.018135680 -0.066783264 -0.004140862 0.999964893 -0.007284599 -0.015143475 0.018105844 0.007358439 0.999809027 6.066277981
0.999829054 0.003771497 -0.018099513 -0.066700384 -0.003913947 0.999961615 -0.007841405 -0.015160028 0.018069245 0.007910905 0.999805510 6.066234589
0.999831557 0.003618980 -0.017993346 -0.066815548 -0.003752979 0.999965429 -0.007418962 -0.015175939 0.017965877 0.007485242 0.999810576 6.066414356
0.999834239 0.003754364 -0.017811067 -0.066946372 -0.003890269 0.999963522 -0.007601882 -0.015277751 0.017781878 0.007669911 0.999812424 6.066035748
0.999831378 0.003906368 -0.017941937 -0.066956773 -0.004057579 0.999956429 -0.008399141 -0.015330233 0.017908342 0.008470524 0.999803722 6.066064358
0.999829590 0.004069254 -0.018005958 -0.066905253 -0.004227522 0.999952674 -0.008760450 -0.015259009 0.017969456 0.008835077 0.999799550 6.066340923
0.999829948 0.004064083 -0.017985290 -0.066988572 -0.004221041 0.999953330 -0.008697682 -0.015389908 0.017949101 0.008772119 0.999800444 6.066704273
0.999832392 0.003762815 -0.017907642 -0.067083552 -0.003920439 0.999953687 -0.008775108 -0.015325367 0.017873794 0.008843844 0.999801338 6.067013264
0.999830604 0.003628986 -0.018035581 -0.066972248 -0.003782134 0.999956965 -0.008464647 -0.015364565 0.018004088 0.008531427 0.999801636 6.067717552
0.999827325 0.003695350 -0.018206492 -0.066862166 -0.003851775 0.999955833 -0.008564182 -0.015345838 0.018174041 0.008632830 0.999797642 6.068730831
0.999833345 0.003597056 -0.017901720 -0.067190401 -0.003752102 0.999955654 -0.008634911 -0.015371162 0.017869867 0.008700640 0.999802530 6.069288254
0.999826729 0.003791728 -0.018224487 -0.066889077 -0.003955747 0.999951839 -0.008972325 -0.015288908 0.018189589 0.009042862 0.999793589 6.070527077
0.999831676 0.003612634 -0.017989514 -0.067214921 -0.003781596 0.999948919 -0.009367095 -0.015280422 0.017954754 0.009433547 0.999794245 6.071440220
0.999838352 0.003875033 -0.017562484 -0.067559555 -0.004057152 0.999938250 -0.010345943 -0.015155014 0.017521311 0.010415522 0.999792218 6.072977543
0.999827623 0.003955806 -0.018143725 -0.067113787 -0.004162068 0.999926925 -0.011344578 -0.015029166 0.018097522 0.011418138 0.999771059 6.075490952
0.999831557 0.003900846 -0.017932825 -0.067287363 -0.004113877 0.999921203 -0.011857891 -0.015210006 0.017885160 0.011929667 0.999768853 6.077744007
0.999839067 0.003923007 -0.017506508 -0.067523882 -0.004141150 0.999913990 -0.012441894 -0.015254688 0.017456196 0.012512388 0.999769270 6.080427170
0.999839604 0.003711937 -0.017521596 -0.067402035 -0.003935731 0.999910891 -0.012755310 -0.015255596 0.017472690 0.012822226 0.999765038 6.084019184
0.999841452 0.003692735 -0.017415268 -0.067478351 -0.003912498 0.999912918 -0.012601863 -0.015402481 0.017367218 0.012668001 0.999768913 6.088239193
0.999845207 0.003490485 -0.017239965 -0.067408852 -0.003717630 0.999906480 -0.013161060 -0.015225701 0.017192408 0.013223116 0.999764740 6.092994213
0.999852896 0.003021615 -0.016882306 -0.067584693 -0.003251867 0.999901891 -0.013627857 -0.015237212 0.016839469 0.013680750 0.999764562 6.098114491
0.999861121 0.003160496 -0.016360102 -0.067703307 -0.003395608 0.999891043 -0.014363266 -0.015147671 0.016312923 0.014416824 0.999762952 6.104429722
0.999862254 0.002802196 -0.016351687 -0.067569576 -0.003045587 0.999884605 -0.014878887 -0.015335768 0.016308105 0.014926638 0.999755561 6.111452579
0.999873698 0.002959103 -0.015607927 -0.067945540 -0.003206417 0.999869287 -0.015844241 -0.015359513 0.015558999 0.015892291 0.999752641 6.118781567
0.999873579 0.003748915 -0.015444522 -0.067934729 -0.004004973 0.999854505 -0.016581755 -0.015235133 0.015380109 0.016641518 0.999743283 6.127003670
0.999881268 0.003701230 -0.014946331 -0.068104543 -0.003953949 0.999849081 -0.016914465 -0.015256546 0.014881467 0.016971555 0.999745250 6.136398792
0.999893963 0.003865724 -0.014036278 -0.068367697 -0.004107507 0.999842882 -0.017237779 -0.015255205 0.013967434 0.017293608 0.999752879 6.146120071
0.999902725 0.003037703 -0.013609847 -0.068427987 -0.003268940 0.999850094 -0.017000552 -0.015579887 0.013556165 0.017043389 0.999762774 6.157002449
0.999909818 0.002513969 -0.013188007 -0.068642154 -0.002745904 0.999841332 -0.017598260 -0.015537038 0.013141672 0.017632890 0.999758124 6.168497562
