0.999998033 -0.001969026 0.000220375 0.000027234 0.001969043 0.999998033 -0.000074023 0.000139618 -0.000220229 0.000074457 1.000000000 0.043164741
0.999996305 -0.002700472 -0.000013291 0.000012635 0.002700465 0.999996245 -0.000485381 0.000606136 0.000014602 0.000485343 0.999999881 0.086728133
0.999994516 -0.003298939 0.000044905 -0.000091377 0.003298924 0.999994516 0.000333794 0.000805642 -0.000046006 -0.000333644 0.999999881 0.130336240
0.999993026 -0.003728554 -0.000140889 -0.000082346 0.003728827 0.999991059 0.001986823 0.000922478 0.000133480 -0.001987335 0.999998033 0.174075663
0.999995768 -0.002906698 -0.000105938 -0.000263503 0.002906889 0.999994040 0.001852115 0.001377722 0.000100553 -0.001852415 0.999998212 0.218147472
0.999997616 -0.002152032 -0.000085660 -0.000450747 0.002152168 0.999996364 0.001624942 0.001801960 0.000082163 -0.001625122 0.999998689 0.262073457
0.999998927 -0.001432712 -0.000105041 -0.000566477 0.001433000 0.999995053 0.002790832 0.001833084 0.000101042 -0.002790979 0.999996126 0.306047052
0.999999344 -0.001121722 -0.000091702 -0.000764713 0.001122006 0.999994397 0.003158940 0.002146795 0.000088158 -0.003159040 0.999994993 0.349835992
0.999999881 -0.000320552 0.000168860 -0.001001076 0.000320020 0.999994993 0.003140366 0.002665690 -0.000169866 -0.003140312 0.999994993 0.394466490
0.999999642 -0.000592892 0.000487176 -0.001315340 0.000591171 0.999993622 0.003524884 0.002426517 -0.000489263 -0.003524595 0.999993622 0.436829984
0.999999881 0.000178917 0.000437897 -0.001462943 -0.000180350 0.999994636 0.003274535 0.002792642 -0.000437309 -0.003274614 0.999994516 0.482198387
0.999997616 0.001689843 0.001372037 -0.001678769 -0.001692923 0.999996066 0.002246729 0.002913240 -0.001368235 -0.002249046 0.999996543 0.523164868
0.999996662 0.001490602 0.002110568 -0.001677296 -0.001497604 0.999993503 0.003319943 0.003219015 -0.002105605 -0.003323093 0.999992311 0.566340089
0.999993443 0.002338781 0.002773133 -0.001955160 -0.002348990 0.999990463 0.003684006 0.003474687 -0.002764490 -0.003690496 0.999989390 0.610782921
0.999994516 0.001184388 0.003103496 -0.001815599 -0.001197008 0.999991000 0.004067735 0.003679170 -0.003098650 -0.004071428 0.999986947 0.654131293
0.999992251 0.000559298 0.003877850 -0.001981555 -0.000576466 0.999990046 0.004427437 0.004220986 -0.003875335 -0.004429638 0.999982655 0.696850181
0.999987841 0.000197950 0.004906625 -0.002198337 -0.000225537 0.999984086 0.005622637 0.004385566 -0.004905435 -0.005623675 0.999972105 0.739821494
0.999985933 0.000391592 0.005277143 -0.002036273 -0.000417006 0.999988317 0.004815637 0.004622241 -0.005275195 -0.004817771 0.999974430 0.781171203
0.999984145 0.000146508 0.005628951 -0.001654901 -0.000171959 0.999989808 0.004521244 0.004655147 -0.005628230 -0.004522140 0.999973953 0.822982311
0.999980628 0.000153970 0.006222015 -0.001840909 -0.000174115 0.999994755 0.003237264 0.005211991 -0.006221483 -0.003238284 0.999975383 0.865571320
0.999978840 0.000084690 0.006511886 -0.001395375 -0.000109260 0.999992907 0.003772892 0.005135827 -0.006511520 -0.003773523 0.999971688 0.907902122
0.999972463 0.000045245 0.007419800 -0.001626736 -0.000076353 0.999991238 0.004192405 0.005621293 -0.007419545 -0.004192857 0.999963701 0.949570358
0.999963999 0.002157828 0.008208982 -0.002112103 -0.002193692 0.999988079 0.004362469 0.005713423 -0.008199471 -0.004380321 0.999956846 0.990936756
0.999964297 0.001362334 0.008337732 -0.001225938 -0.001388242 0.999994218 0.003102263 0.005606571 -0.008333459 -0.003113727 0.999960423 1.032080412
0.999959826 0.002183936 0.008690409 -0.001020405 -0.002195959 0.999996662 0.001374198 0.006335449 -0.008687380 -0.001393226 0.999961317 1.073188663
0.999957025 0.001653074 0.009125111 -0.000573467 -0.001677318 0.999995053 0.002649890 0.006904922 -0.009120685 -0.002665082 0.999954820 1.115200877
0.999951959 0.002001266 0.009593416 -0.000878524 -0.002049854 0.999985099 0.005057518 0.006984436 -0.009583153 -0.005076940 0.999941170 1.155889869
0.999954820 0.000931138 0.009459980 0.000087445 -0.000990501 0.999979854 0.006272477 0.006869559 -0.009453950 -0.006281564 0.999935567 1.195883512
0.999957979 0.000425272 0.009158606 0.000353567 -0.000474854 0.999985337 0.005412196 0.007186111 -0.009156168 -0.005416318 0.999943376 1.236981153
0.999963462 -0.001721257 0.008384763 0.000928143 0.001679715 0.999986291 0.004958895 0.007386085 -0.008393185 -0.004944630 0.999952555 1.280002475
0.999957919 -0.002219414 0.008900153 0.000998919 0.002186742 0.999990761 0.003678982 0.007065097 -0.008908238 -0.003659365 0.999953568 1.317099214
0.999955356 -0.002324270 0.009156446 0.000566849 0.002297629 0.999993086 0.002918986 0.007444736 -0.009163166 -0.002897818 0.999953866 1.356092215
0.999962091 -0.000734730 0.008677298 0.000736715 0.000720124 0.999998271 0.001686345 0.007787958 -0.008678523 -0.001680032 0.999960899 1.395731688
0.999967515 -0.002104627 0.007778923 0.001367072 0.002082267 0.999993622 0.002881476 0.007587319 -0.007784938 -0.002865184 0.999965608 1.434909701
0.999975920 -0.001837472 0.006690016 0.002312492 0.001810322 0.999990165 0.004062008 0.007712236 -0.006697412 -0.004049799 0.999969423 1.474747419
0.999975026 -0.002534109 0.006596621 0.002340516 0.002494137 0.999978483 0.006060613 0.007678528 -0.006611837 -0.006044010 0.999959946 1.512816906
0.999980927 -0.001745287 0.005925152 0.002121198 0.001702051 0.999971926 0.007294226 0.007716022 -0.005937716 -0.007284002 0.999955773 1.551988840
0.999984503 -0.001470961 0.005366627 0.002500501 0.001432026 0.999972701 0.007251879 0.008200296 -0.005377147 -0.007244081 0.999959290 1.590302706
0.999987185 -0.002687817 0.004300373 0.003284633 0.002656229 0.999969602 0.007334535 0.008255914 -0.004319957 -0.007323017 0.999963820 1.628635406
0.999982476 -0.004095110 0.004255238 0.002555904 0.004063063 0.999963462 0.007512506 0.008791871 -0.004285846 -0.007495085 0.999962747 1.666366100
0.999981284 -0.004981810 0.003525476 0.002834138 0.004953621 0.999956071 0.007959741 0.008650647 -0.003564974 -0.007942130 0.999962151 1.704364181
0.999985158 -0.004602683 0.002921809 0.002893809 0.004585855 0.999972999 0.005740500 0.009523959 -0.002948152 -0.005727015 0.999979317 1.742166162
0.999987066 -0.004341224 0.002659829 0.002328817 0.004330925 0.999983072 0.003865606 0.009363246 -0.002676565 -0.003854037 0.999988973 1.778796792
0.999981344 -0.005693113 0.002225218 0.002338893 0.005686384 0.999979317 0.003018677 0.009437466 -0.002242357 -0.003005967 0.999992907 1.816532850
0.999989092 -0.004534312 0.001137463 0.003011888 0.004531011 0.999985516 0.002887960 0.010230467 -0.001150541 -0.002882775 0.999995172 1.855208755
0.999994993 -0.002760644 0.001542108 0.002450570 0.002754353 0.999987960 0.004066537 0.010074546 -0.001553315 -0.004062269 0.999990463 1.890574813
0.999996364 -0.002243468 0.001479568 0.002385212 0.002234541 0.999979496 0.006007766 0.009550853 -0.001493016 -0.006004438 0.999980807 1.926508784
0.999994874 -0.003119382 0.000721820 0.002296353 0.003114562 0.999973416 0.006585666 0.010243166 -0.000742344 -0.006583385 0.999978065 1.964142680
0.999995708 -0.002846289 0.000662453 0.002169196 0.002841231 0.999967694 0.007514944 0.010650145 -0.000683822 -0.007513030 0.999971569 2.000462532
0.999993145 -0.003607754 0.000844660 0.001987236 0.003600205 0.999955058 0.008774042 0.010693057 -0.000876277 -0.008770943 0.999961197 2.035645485
0.999991953 -0.004012972 0.000429402 0.001860111 0.004008594 0.999944389 0.009751324 0.011261138 -0.000468510 -0.009749523 0.999952376 2.070973873
0.999992847 -0.003771391 -0.000344009 0.002288219 0.003774413 0.999950111 0.009253747 0.011589808 0.000309092 -0.009254980 0.999957144 2.106049538
0.999994934 -0.003158167 0.000459932 0.001661750 0.003154130 0.999958694 0.008527202 0.011601957 -0.000486843 -0.008525708 0.999963582 2.138659239
0.999994397 -0.003245483 0.000829612 0.001215947 0.003238134 0.999956846 0.008710846 0.012114580 -0.000857847 -0.008708113 0.999961734 2.170676231
0.999992490 -0.003659268 0.001289905 0.000840066 0.003648304 0.999958038 0.008402344 0.011982251 -0.001320597 -0.008397576 0.999963880 2.201610565
0.999994159 -0.003055043 0.001551221 0.000807292 0.003042983 0.999965727 0.007717977 0.012098456 -0.001574747 -0.007713213 0.999969006 2.231718540
0.999996364 -0.002066437 0.001737972 0.000479155 0.002052381 0.999965489 0.008050088 0.012307726 -0.001754547 -0.008046491 0.999966145 2.261057138
0.999996841 -0.001662506 0.001886485 0.000339529 0.001644508 0.999953628 0.009501906 0.012328581 -0.001902195 -0.009498775 0.999953091 2.289737225
0.999996066 -0.001580456 0.002321851 0.000196340 0.001556557 0.999946177 0.010258742 0.012243629 -0.002337940 -0.010255088 0.999944746 2.316976786
0.999995172 -0.001603792 0.002660482 -0.000062924 0.001575681 0.999943256 0.010534632 0.012586880 -0.002677227 -0.010530391 0.999940991 2.343376160
0.999994695 -0.002046061 0.002546106 0.000148135 0.002016760 0.999932349 0.011457965 0.012636269 -0.002569378 -0.011452770 0.999931157 2.369143248
0.999993145 -0.001997356 0.003098420 -0.000173609 0.001964394 0.999941826 0.010604873 0.012687215 -0.003119422 -0.010598715 0.999938965 2.393732548
0.999993265 -0.001936599 0.003110431 0.000019832 0.001906959 0.999953032 0.009504184 0.012879497 -0.003128690 -0.009498190 0.999949992 2.417621374
0.999993026 -0.001720659 0.003288735 -0.000219002 0.001690053 0.999955475 0.009286478 0.012967295 -0.003304567 -0.009280856 0.999951482 2.440358400
0.999994099 -0.002150506 0.002690108 0.000238435 0.002128510 0.999964535 0.008153089 0.013069762 -0.002707546 -0.008147317 0.999963164 2.462709188
0.999990463 -0.003236823 0.002925422 -0.000171793 0.003217344 0.999972761 0.006638441 0.013172036 -0.002946830 -0.006628966 0.999973655 2.484939575
0.999989808 -0.004058801 0.001953844 0.000231714 0.004049616 0.999980748 0.004682056 0.013298392 -0.001972810 -0.004674097 0.999987125 2.506911755
0.999994397 -0.003104396 0.001227225 -0.000248976 0.003100386 0.999989867 0.003256565 0.013338499 -0.001237322 -0.003252743 0.999993861 2.527597189
0.999995172 -0.003025996 0.000724810 -0.000063593 0.003024095 0.999991894 0.002609214 0.013467932 -0.000732700 -0.002607009 0.999996305 2.549400568
0.999995828 -0.002887411 -0.000228672 -0.000406567 0.002888158 0.999990225 0.003340472 0.013578231 0.000219025 -0.003341118 0.999994397 2.569700003
0.999993563 -0.003443052 -0.001065073 -0.000346376 0.003447603 0.999984741 0.004299899 0.013531203 0.001050252 -0.004303542 0.999990225 2.590598345
0.999995530 -0.002416380 -0.001755095 -0.000926420 0.002425055 0.999984741 0.004957835 0.013720674 0.001743088 -0.004962069 0.999986112 2.610372543
0.999996781 -0.001536708 -0.002025733 -0.001222698 0.001547680 0.999984086 0.005425781 0.013972474 0.002017363 -0.005428898 0.999983251 2.630237818
0.999994755 -0.001686607 -0.002772131 -0.001243894 0.001705194 0.999975979 0.006716165 0.013942876 0.002760737 -0.006720857 0.999973595 2.649385452
0.999995708 -0.000464886 -0.002924395 -0.001570349 0.000484780 0.999976695 0.006805768 0.014282472 0.002921163 -0.006807155 0.999972582 2.668189049
0.999994576 -0.000510674 -0.003257413 -0.001527460 0.000535455 0.999970913 0.007611172 0.014180672 0.003253431 -0.007612875 0.999965727 2.685914755
0.999994516 -0.001110551 -0.003127799 -0.001659533 0.001135192 0.999968290 0.007887281 0.014364492 0.003118940 -0.007890789 0.999963999 2.703426838
0.999992728 -0.000812957 -0.003715505 -0.001695847 0.000844177 0.999964297 0.008408745 0.014318780 0.003708537 -0.008411820 0.999957681 2.720473051
0.999994397 -0.000452337 -0.003312418 -0.001933123 0.000481746 0.999960423 0.008883088 0.014539039 0.003308268 -0.008884634 0.999955058 2.735592365
0.999994993 0.000905386 -0.003021243 -0.002235168 -0.000877078 0.999955833 0.009358186 0.014572622 0.003029582 -0.009355488 0.999951661 2.750711918
0.999994397 0.001471984 -0.002993802 -0.002383025 -0.001444977 0.999958456 0.009003311 0.014670218 0.003006930 -0.008998937 0.999954998 2.765227318
0.999997020 0.000558393 -0.002372331 -0.002451446 -0.000537414 0.999960840 0.008834664 0.014828335 0.002377172 -0.008833361 0.999958158 2.778334856
0.999997973 0.000239104 -0.001983737 -0.002725732 -0.000222371 0.999964476 0.008431386 0.015133401 0.001985683 -0.008430927 0.999962509 2.791311026
0.999998391 -0.000083162 -0.001805019 -0.002794282 0.000098419 0.999964237 0.008453954 0.015037129 0.001804252 -0.008454117 0.999962628 2.803801537
0.999998987 0.000161580 -0.001391621 -0.002798956 -0.000151726 0.999974966 0.007078344 0.015233021 0.001392730 -0.007078127 0.999974012 2.815068960
0.999999106 0.000714514 -0.001102826 -0.002901438 -0.000708243 0.999983788 0.005675568 0.015289791 0.001106863 -0.005674783 0.999983311 2.826367140
0.999999166 0.000966271 -0.000921579 -0.002870227 -0.000962257 0.999990165 0.004346768 0.015345746 0.000925770 -0.004345877 0.999990165 2.837706089
0.999998987 0.000880351 -0.001111521 -0.002996611 -0.000876031 0.999992192 0.003881126 0.015286978 0.001114929 -0.003880149 0.999991953 2.848847628
0.999999344 0.000628577 -0.001016813 -0.003182911 -0.000624777 0.999992907 0.003733352 0.015435671 0.001019152 -0.003732713 0.999992549 2.860534430
0.999998987 0.000616749 -0.001287568 -0.003243605 -0.000611934 0.999992788 0.003736621 0.015425526 0.001289864 -0.003735829 0.999992132 2.871186256
0.999998629 0.000542997 -0.001542494 -0.003352877 -0.000537119 0.999992669 0.003808153 0.015477208 0.001544551 -0.003807320 0.999991536 2.882036448
0.999998152 0.000643922 -0.001838420 -0.003470355 -0.000637163 0.999993086 0.003674913 0.015707955 0.001840773 -0.003673735 0.999991536 2.893176794
0.999997854 -0.000126981 -0.002093958 -0.003392083 0.000134182 0.999994099 0.003439345 0.015827127 0.002093509 -0.003439619 0.999991834 2.903697968
0.999997675 0.000071679 -0.002146953 -0.003788213 -0.000065540 0.999995887 0.002859419 0.015781097 0.002147150 -0.002859271 0.999993622 2.914043427
0.999996841 0.000335166 -0.002494975 -0.003826442 -0.000328684 0.999996603 0.002598071 0.015878648 0.002495837 -0.002597243 0.999993563 2.924495220
0.999996305 0.000793102 -0.002584212 -0.004214578 -0.000785354 0.999995112 0.002997687 0.015770737 0.002586577 -0.002995647 0.999992251 2.934743404
0.999995351 0.000172272 -0.003045288 -0.003917225 -0.000161768 0.999993980 0.003449319 0.015792340 0.003045864 -0.003448810 0.999989331 2.945035934
0.999995112 0.000253826 -0.003128373 -0.004091041 -0.000243207 0.999994218 0.003394476 0.015951779 0.003129216 -0.003393698 0.999989331 2.955075026
0.999994516 0.000397477 -0.003274679 -0.004427457 -0.000386040 0.999993801 0.003492230 0.016086113 0.003276046 -0.003490947 0.999988496 2.965190172
0.999993384 0.000404662 -0.003618710 -0.004276420 -0.000390474 0.999992251 0.003920375 0.016020350 0.003620268 -0.003918937 0.999985695 2.974047184
0.999991477 -0.000103522 -0.004108371 -0.004144246 0.000120154 0.999991834 0.004048288 0.015859853 0.004107918 -0.004048747 0.999983370 2.983746529
0.999991834 -0.000312758 -0.004023761 -0.004601146 0.000329546 0.999991179 0.004172272 0.015992057 0.004022420 -0.004173564 0.999983191 2.992657423
0.999990225 -0.000809369 -0.004344391 -0.004476697 0.000827951 0.999990582 0.004277062 0.016046882 0.004340888 -0.004280617 0.999981344 3.001557350
0.999990702 -0.000926087 -0.004217511 -0.004558295 0.000945022 0.999989450 0.004489834 0.016149318 0.004213309 -0.004493779 0.999981046 3.009012461
0.999988914 -0.001701096 -0.004413796 -0.004588972 0.001722853 0.999986410 0.004930246 0.016193366 0.004405349 -0.004937795 0.999978185 3.016950846
0.999988258 -0.001622010 -0.004572603 -0.004746212 0.001647339 0.999983311 0.005541000 0.016002679 0.004563540 -0.005548467 0.999974251 3.024235249
0.999987960 -0.001482975 -0.004688697 -0.004856986 0.001512388 0.999979138 0.006275821 0.016019443 0.004679292 -0.006282837 0.999969304 3.030215740
0.999988556 -0.000230513 -0.004774196 -0.004832419 0.000261866 0.999978423 0.006567519 0.015972970 0.004772578 -0.006568694 0.999967039 3.036300898
0.999987602 -0.000227028 -0.004956549 -0.004716103 0.000260594 0.999977052 0.006772605 0.016134083 0.004954897 -0.006773814 0.999964774 3.041107416
0.999987483 -0.000125005 -0.004983278 -0.004940515 0.000157340 0.999978900 0.006488930 0.016280593 0.004982363 -0.006489634 0.999966502 3.045714378
0.999987900 -0.000463022 -0.004883547 -0.005181879 0.000490580 0.999984026 0.005643195 0.016232245 0.004880855 -0.005645524 0.999972105 3.049814701
0.999986947 -0.000153440 -0.005091118 -0.005120696 0.000177479 0.999988854 0.004721545 0.016264357 0.005090336 -0.004722387 0.999975860 3.053547144
0.999986112 0.000020569 -0.005258491 -0.005117808 0.000002782 0.999990225 0.004440514 0.016278913 0.005258531 -0.004440468 0.999976277 3.057111740
0.999986529 0.000159926 -0.005181598 -0.005285965 -0.000136906 0.999990165 0.004442678 0.016368713 0.005182258 -0.004441909 0.999976635 3.060111284
0.999985933 -0.000116618 -0.005302547 -0.005280406 0.000141691 0.999988794 0.004728217 0.016276788 0.005301937 -0.004728901 0.999974728 3.063119411
0.999986410 -0.000558767 -0.005188511 -0.005383518 0.000583797 0.999988139 0.004823821 0.016227704 0.005185755 -0.004826785 0.999974906 3.065529585
0.999986053 -0.000399167 -0.005272013 -0.005396803 0.000422858 0.999989808 0.004493436 0.016318593 0.005270165 -0.004495604 0.999975979 3.067974091
0.999986649 -0.000247909 -0.005160979 -0.005616644 0.000269838 0.999990940 0.004248733 0.016249921 0.005159878 -0.004250069 0.999977648 3.069959402
0.999986410 -0.000119998 -0.005205809 -0.005661733 0.000139763 0.999992728 0.003796687 0.016273949 0.005205316 -0.003797363 0.999979258 3.072055101
0.999986053 0.000182910 -0.005285889 -0.005592742 -0.000166414 0.999995112 0.003120956 0.016333932 0.005286435 -0.003120033 0.999981105 3.074026585
0.999985218 -0.000126839 -0.005445922 -0.005617131 0.000145014 0.999994457 0.003337081 0.016298477 0.005445469 -0.003337822 0.999979496 3.075841904
0.999985516 -0.000134877 -0.005391221 -0.005658022 0.000153727 0.999993861 0.003496029 0.016343735 0.005390716 -0.003496808 0.999979317 3.077453613
0.999985933 -0.000117813 -0.005316100 -0.005752988 0.000136002 0.999994099 0.003421225 0.016415264 0.005315666 -0.003421900 0.999980032 3.079102993
0.999984860 -0.000147043 -0.005510173 -0.005629242 0.000168355 0.999992549 0.003867408 0.016161818 0.005509564 -0.003868278 0.999977231 3.080535173
0.999985516 -0.000042588 -0.005390784 -0.005689619 0.000063505 0.999992430 0.003880130 0.016196033 0.005390579 -0.003880416 0.999977887 3.081747293
0.999983728 -0.000268233 -0.005717266 -0.005553304 0.000290844 0.999992132 0.003954452 0.016313499 0.005716159 -0.003956052 0.999975860 3.082813501
0.999984562 -0.000164559 -0.005574111 -0.005595775 0.000186564 0.999992192 0.003947319 0.016354967 0.005573418 -0.003948298 0.999976695 3.083341837
0.999984801 -0.000052491 -0.005532550 -0.005590443 0.000074746 0.999991834 0.004022427 0.016410304 0.005532294 -0.004022779 0.999976635 3.083726645
0.999984801 -0.000143458 -0.005541129 -0.005563850 0.000166212 0.999991596 0.004106220 0.016387526 0.005540492 -0.004107080 0.999976277 3.083868265
0.999983788 -0.000079240 -0.005719326 -0.005480790 0.000100450 0.999993086 0.003708288 0.016465297 0.005718993 -0.003708804 0.999976754 3.083577871
0.999984086 -0.000561889 -0.005638292 -0.005527420 0.000577213 0.999996126 0.002716624 0.016464882 0.005636743 -0.002719837 0.999980450 3.083408833
0.999983132 -0.000681856 -0.005777674 -0.005307896 0.000694389 0.999997377 0.002167482 0.016319189 0.005776181 -0.002171458 0.999981046 3.083405256
0.999983191 -0.000777405 -0.005767041 -0.005399467 0.000791212 0.999996901 0.002392184 0.016431432 0.005765163 -0.002396708 0.999980569 3.083560705
0.999984443 -0.000647336 -0.005550331 -0.005582108 0.000659145 0.999997497 0.002126123 0.016406942 0.005548941 -0.002129749 0.999982297 3.083473206
0.999983311 -0.000589016 -0.005781553 -0.005568652 0.000597061 0.999998868 0.001389929 0.016330156 0.005780728 -0.001393359 0.999982357 3.083531618
0.999982834 -0.000684853 -0.005837606 -0.005368784 0.000692032 0.999998987 0.001227901 0.016287517 0.005836760 -0.001231920 0.999982238 3.083922148
0.999983907 -0.000798071 -0.005642919 -0.005522761 0.000804964 0.999998927 0.001219437 0.016318630 0.005641940 -0.001223959 0.999983370 3.084265471
0.999984801 -0.000810334 -0.005488658 -0.005650179 0.000815859 0.999999166 0.001004424 0.016305786 0.005487840 -0.001008886 0.999984503 3.084695339
0.999985456 -0.000595886 -0.005389369 -0.005828165 0.000602340 0.999999106 0.001195938 0.016287485 0.005388652 -0.001199166 0.999984741 3.085105419
0.999981582 -0.000966531 -0.006015421 -0.005333460 0.000973869 0.999998748 0.001216987 0.016370086 0.006014237 -0.001222823 0.999981225 3.086284399
0.999982476 -0.000849685 -0.005875430 -0.005346367 0.000855525 0.999999106 0.000991732 0.016434697 0.005874584 -0.000996741 0.999982238 3.087126732
0.999983132 -0.000775377 -0.005778535 -0.005529834 0.000780740 0.999999225 0.000925760 0.016357068 0.005777813 -0.000930255 0.999982893 3.088142633
0.999983490 -0.000888731 -0.005697154 -0.005698809 0.000892995 0.999999344 0.000745953 0.016278163 0.005696488 -0.000751029 0.999983490 3.089454174
0.999983728 -0.000918766 -0.005632919 -0.005745871 0.000918536 0.999999583 -0.000043413 0.016279679 0.005632955 0.000038238 0.999984145 3.091071844
0.999983847 -0.000722501 -0.005642367 -0.005874976 0.000718233 0.999999523 -0.000758304 0.016150605 0.005642911 0.000754239 0.999983788 3.092993736
0.999983311 -0.001009328 -0.005680092 -0.005821098 0.001002147 0.999998689 -0.001267041 0.016109793 0.005681362 0.001261327 0.999983132 3.095717192
0.999983966 -0.000860105 -0.005621127 -0.005625848 0.000849194 0.999997735 -0.001943178 0.016126513 0.005622786 0.001938374 0.999982297 3.098766327
0.999984860 -0.000844160 -0.005442788 -0.005539263 0.000831712 0.999997079 -0.002288834 0.016206700 0.005444704 0.002284272 0.999982595 3.102196693
0.999988735 -0.000918079 -0.004669650 -0.006122574 0.000904965 0.999995649 -0.002809625 0.016405595 0.004672210 0.002805367 0.999985099 3.106370211
0.999987781 -0.001209438 -0.004787961 -0.005794772 0.001195599 0.999995112 -0.002892127 0.016374841 0.004791436 0.002886367 0.999984384 3.111284733
0.999984860 -0.001503353 -0.005287699 -0.005048452 0.001489304 0.999995291 -0.002659866 0.016006678 0.005291672 0.002651951 0.999982476 3.116901159
0.999987066 -0.001644164 -0.004805519 -0.005238930 0.001627501 0.999992609 -0.003469221 0.016160164 0.004811187 0.003461355 0.999982476 3.122936010
0.999991238 -0.001523226 -0.003897986 -0.005584562 0.001506375 0.999989569 -0.004322358 0.016407847 0.003904529 0.004316448 0.999983072 3.129913807
0.999992847 -0.001622820 -0.003420268 -0.005790321 0.001604083 0.999983728 -0.005473820 0.016470736 0.003429095 0.005468294 0.999979198 3.137348175
0.999995112 -0.001099043 -0.002908595 -0.006130701 0.001082189 0.999982655 -0.005789761 0.016510271 0.002914908 0.005786585 0.999979079 3.145659208
0.999996781 -0.000634902 -0.002476875 -0.006081488 0.000618686 0.999978483 -0.006542092 0.016735042 0.002480974 0.006540538 0.999975622 3.155079842
0.999997675 -0.000949068 -0.001950711 -0.006053309 0.000936478 0.999978721 -0.006444444 0.016598390 0.001956786 0.006442601 0.999977350 3.164995909
0.999997437 -0.001448774 -0.001775969 -0.005745547 0.001436618 0.999975622 -0.006826820 0.016857086 0.001785816 0.006824251 0.999975145 3.176213503
0.999997377 -0.002000875 -0.001087655 -0.005810276 0.001992917 0.999971509 -0.007269464 0.017046196 0.001102169 0.007267277 0.999973059 3.188194036
0.999998808 -0.001537476 -0.000430502 -0.005904121 0.001534354 0.999973118 -0.007160909 0.016961692 0.000441500 0.007160238 0.999974251 3.200901985
0.999999106 -0.001356921 0.000432026 -0.006254792 0.001360048 0.999972284 -0.007319991 0.016752880 -0.000422082 0.007320570 0.999973118 3.214146852
0.999998629 -0.001064927 0.001289738 -0.006658726 0.001075477 0.999965847 -0.008207639 0.016889885 -0.001280953 0.008209013 0.999965489 3.228164196
0.999997377 -0.001505951 0.001782551 -0.006478214 0.001519895 0.999968052 -0.007847094 0.016553208 -0.001770677 0.007849781 0.999967575 3.243803978
0.999994516 -0.002331565 0.002368478 -0.006329090 0.002349442 0.999968588 -0.007573335 0.016749637 -0.002350746 0.007578858 0.999968529 3.259597778
0.999992430 -0.002156859 0.003219931 -0.006263407 0.002182142 0.999966681 -0.007869464 0.016885510 -0.003202850 0.007876432 0.999963880 3.276215315
0.999988019 -0.002560991 0.004165657 -0.006448061 0.002592505 0.999967933 -0.007577569 0.016707089 -0.004146118 0.007588278 0.999962628 3.293671370
0.999985099 -0.002969593 0.004562853 -0.006016197 0.003004740 0.999965727 -0.007715503 0.016864017 -0.004539785 0.007729099 0.999959826 3.311958075
0.999978483 -0.003498773 0.005536356 -0.005771421 0.003545483 0.999958098 -0.008449843 0.016734444 -0.005506560 0.008469292 0.999949038 3.331586838
0.999972701 -0.003511541 0.006497108 -0.005712667 0.003562126 0.999963224 -0.007790699 0.016829304 -0.006469513 0.007813629 0.999948561 3.351507425
0.999970138 -0.002662078 0.007265661 -0.005547483 0.002707890 0.999976397 -0.006302760 0.016801069 -0.007248712 0.006322247 0.999953747 3.371911287
0.999960899 -0.001139008 0.008772133 -0.005906558 0.001191326 0.999981463 -0.005961238 0.017124208 -0.008765182 0.005971455 0.999943793 3.392343760
0.999953747 -0.002282516 0.009346850 -0.005287416 0.002328637 0.999985158 -0.004926499 0.016715249 -0.009335467 0.004948037 0.999944210 3.413792133
0.999948084 -0.002862590 0.009782068 -0.005399350 0.002908330 0.999984801 -0.004664920 0.016879518 -0.009768566 0.004693127 0.999941230 3.436949730
0.999934137 -0.001928041 0.011311616 -0.005102046 0.001976875 0.999988794 -0.004307549 0.017319750 -0.011303184 0.004329627 0.999926746 3.458908558
0.999921083 -0.001352953 0.012493199 -0.004863922 0.001399333 0.999992132 -0.003704439 0.017722351 -0.012488090 0.003721629 0.999915063 3.482628107
0.999901593 -0.002511197 0.013806874 -0.005060658 0.002558111 0.999991000 -0.003381256 0.017673682 -0.013798261 0.003416243 0.999898911 3.506708860
0.999893248 -0.003117690 0.014273429 -0.004373062 0.003168003 0.999988854 -0.003503720 0.017647821 -0.014262346 0.003548564 0.999891996 3.532175064
0.999875188 -0.002683224 0.015567762 -0.004178330 0.002732585 0.999991417 -0.003150304 0.017818049 -0.015559175 0.003192451 0.999873877 3.556175470
0.999862373 -0.003016379 0.016310081 -0.003566332 0.003073878 0.999989152 -0.003501462 0.017980181 -0.016299341 0.003551115 0.999860883 3.583111286
0.999843180 -0.004275546 0.017182888 -0.003802400 0.004341970 0.999983311 -0.003830239 0.017947249 -0.017166225 0.003904246 0.999845028 3.608946323
0.999842942 -0.003454501 0.017381025 -0.002980433 0.003530492 0.999984324 -0.004343260 0.018473024 -0.017365750 0.004403941 0.999839485 3.636170864
0.999835789 -0.003174034 0.017841013 -0.002523832 0.003255645 0.999984384 -0.004547182 0.018480565 -0.017826304 0.004604519 0.999830425 3.663353682
0.999830067 -0.003417708 0.018112365 -0.002071291 0.003502710 0.999983013 -0.004663402 0.018180400 -0.018096119 0.004726051 0.999825001 3.690542698
0.999820054 -0.003965253 0.018552175 -0.001810052 0.004049486 0.999981642 -0.004504934 0.018397918 -0.018533977 0.004579250 0.999817669 3.718491316
0.999813318 -0.004036135 0.018895186 -0.001145005 0.004102127 0.999985635 -0.003455073 0.018754162 -0.018880969 0.003531939 0.999815464 3.746989250
0.999818087 -0.004065516 0.018632371 -0.000137061 0.004100323 0.999989867 -0.001830255 0.018854091 -0.018624742 0.001906320 0.999824703 3.776891470
0.999819875 -0.002049089 0.018870875 0.000118308 0.002069757 0.999997318 -0.001075756 0.019323681 -0.018868620 0.001114620 0.999821365 3.805325031
0.999808788 -0.002536506 0.019393729 -0.000996321 0.002540036 0.999996722 -0.000157300 0.019592665 -0.019393269 0.000206531 0.999811888 3.835515738
0.999791384 -0.002462545 0.020280294 -0.002250694 0.002450236 0.999996781 0.000631776 0.019917347 -0.020281784 -0.000581952 0.999794066 3.861225605
0.999820471 -0.003915276 0.018535271 0.000961408 0.003899740 0.999992013 0.000874260 0.019156229 -0.018538548 -0.000801820 0.999827802 3.891305923
0.999828458 -0.003432508 0.018201211 0.001187123 0.003428713 0.999994099 0.000239721 0.019712890 -0.018201927 -0.000177273 0.999834359 3.921839476
0.999824762 -0.004154184 0.018252587 0.001072958 0.004153573 0.999991357 0.000071436 0.019349786 -0.018252727 0.000004390 0.999833405 3.951651573
0.999828279 -0.005419326 0.017725298 0.002708226 0.005428047 0.999985158 -0.000443958 0.019423652 -0.017722633 0.000540096 0.999842703 3.983687878
0.999835730 -0.003243799 0.017833145 0.003085949 0.003248879 0.999994695 -0.000255883 0.019789061 -0.017832227 0.000313778 0.999840856 4.012103081
0.999840617 -0.003731268 0.017459987 0.003450394 0.003752362 0.999992251 -0.001175517 0.020139519 -0.017455468 0.001240846 0.999846816 4.043129444
0.999858916 -0.004977840 0.016042359 0.003980946 0.004992601 0.999987125 -0.000880210 0.020415558 -0.016037775 0.000960179 0.999870837 4.074603558
0.999874532 -0.005434545 0.014876644 0.004434161 0.005430104 0.999985218 0.000338835 0.020238616 -0.014878266 -0.000258011 0.999889255 4.104200363
0.999890924 -0.007433093 0.012757942 0.004801247 0.007414438 0.999971390 0.001508775 0.020381464 -0.012768792 -0.001414017 0.999917448 4.135735035
0.999919415 -0.007392014 0.010318168 0.004590858 0.007372086 0.999970973 0.001968074 0.020548258 -0.010332415 -0.001891849 0.999944806 4.166644096
0.999935150 -0.008565239 0.007504922 0.004958162 0.008541420 0.999958396 0.003200076 0.020255610 -0.007532018 -0.003135765 0.999966741 4.197470665
0.999949515 -0.009033366 0.004402892 0.004613524 0.009018851 0.999953926 0.003305193 0.020575836 -0.004432546 -0.003265318 0.999984860 4.228553772
0.999956310 -0.009278852 0.001076331 0.004485744 0.009275136 0.999951184 0.003409074 0.020696454 -0.001107911 -0.003398941 0.999993563 4.259708881
0.999943614 -0.009937724 -0.003744162 0.004400469 0.009950009 0.999945164 0.003277092 0.020560149 0.003711389 -0.003314161 0.999987602 4.289923191
0.999917924 -0.010166965 -0.007798978 0.003654182 0.010188338 0.999944389 0.002705628 0.021084599 0.007771036 -0.002784864 0.999965906 4.321184158
0.999875188 -0.009329293 -0.012750422 0.003147069 0.009353033 0.999954581 0.001803630 0.021781839 0.012733014 -0.001922660 0.999917030 4.352706432
0.999790490 -0.010738814 -0.017426094 0.001287363 0.010817453 0.999931693 0.004424834 0.020948559 0.017377388 -0.004612413 0.999838352 4.382103443
0.999675572 -0.010345021 -0.023274954 0.001592591 0.010449994 0.999935746 0.004393043 0.021848474 0.023228010 -0.004634840 0.999719560 4.412782669
0.999549508 -0.010686249 -0.028048789 0.000020795 0.010821478 0.999930501 0.004673869 0.021909254 0.027996888 -0.004975292 0.999595702 4.442429543
0.999307871 -0.011547696 -0.035360809 -0.000520080 0.011697678 0.999923468 0.004037542 0.022021376 0.035311475 -0.004448387 0.999366403 4.473685741
0.999065220 -0.013573222 -0.041041449 -0.002665386 0.013721820 0.999900281 0.003341118 0.022329802 0.040992007 -0.003901158 0.999151886 4.502717972
0.998804390 -0.015103200 -0.046493158 -0.005273625 0.015234251 0.999880970 0.002465644 0.021578610 0.046450377 -0.003170985 0.998915553 4.531281948
0.998471200 -0.014634570 -0.053302716 -0.006932363 0.014734280 0.999890387 0.001478106 0.022083128 0.053275242 -0.002261224 0.998577356 4.562457085
0.998023272 -0.016983841 -0.060509227 -0.007963538 0.017064031 0.999854028 0.000808646 0.022079157 0.060486663 -0.001839578 0.998167336 4.591693401
0.997569561 -0.018156078 -0.067271866 -0.009152919 0.018242478 0.999833345 0.000670137 0.022288747 0.067248493 -0.001895713 0.997734487 4.619644165
0.997158051 -0.018521331 -0.073024556 -0.011234373 0.018597623 0.999827027 0.000364914 0.023295311 0.073005170 -0.001721960 0.997330129 4.649169445
0.996832073 -0.016486645 -0.077807359 -0.014579087 0.016761309 0.999855399 0.002878270 0.022465318 0.077748656 -0.004173305 0.996964276 4.678304672
0.996487677 -0.014453243 -0.082482681 -0.017220438 0.014925645 0.999875546 0.005113530 0.022803200 0.082398519 -0.006326677 0.996579468 4.707022190
0.996107399 -0.012289308 -0.087287106 -0.019900471 0.013009836 0.999885798 0.007690616 0.022654045 0.087182611 -0.008796269 0.996153533 4.736279011
0.995799720 -0.010843316 -0.090914041 -0.022908777 0.011737197 0.999887824 0.009303282 0.022773268 0.090802975 -0.010331281 0.995815277 4.764137745
0.995583713 -0.009600573 -0.093386643 -0.026429117 0.010431772 0.999910116 0.008416533 0.023561254 0.093297452 -0.009353550 0.995594323 4.791685581
0.995412827 -0.006969156 -0.095419250 -0.029132992 0.007665208 0.999946594 0.006930063 0.023590758 0.095365852 -0.007629681 0.995413065 4.820656776
0.995318174 -0.006113051 -0.096459113 -0.031991303 0.006685711 0.999961913 0.005614720 0.024011530 0.096421123 -0.006233330 0.995321035 4.847612858
0.995346606 -0.004116318 -0.096271388 -0.035262495 0.004581847 0.999978900 0.004615029 0.023927983 0.096250370 -0.005034655 0.995344400 4.874885082
0.995340705 -0.003446423 -0.096358337 -0.037652731 0.003801503 0.999986589 0.003501651 0.024349524 0.096344985 -0.003851643 0.995340526 4.902351379
0.995469391 -0.002361120 -0.095053390 -0.040941000 0.002645739 0.999992430 0.002868383 0.024344675 0.095045894 -0.003106874 0.995468080 4.929616451
0.995541036 -0.001522265 -0.094317116 -0.043095529 0.001756702 0.999995589 0.002402649 0.024301168 0.094313025 -0.002557624 0.995539308 4.956365108
0.995766997 -0.000841675 -0.091909535 -0.046185523 0.000985337 0.999998450 0.001517715 0.024353404 0.091908097 -0.001601853 0.995766222 4.982933998
0.995944977 -0.000262554 -0.089964241 -0.048391074 0.000254504 0.999999940 -0.000100949 0.024384087 0.089964263 0.000077643 0.995944977 5.009523869
0.996214211 0.000961769 -0.086926550 -0.050704271 -0.001075063 0.999998569 -0.001256522 0.024544951 0.086925231 0.001345216 0.996213913 5.035233974
0.996511817 0.002667136 -0.083409041 -0.052730501 -0.002793055 0.999995053 -0.001393019 0.024610035 0.083404921 0.001621126 0.996514380 5.060668468
0.996893108 0.005196284 -0.078594729 -0.055081874 -0.005203095 0.999986529 0.000118123 0.024596598 0.078594275 0.000291180 0.996906638 5.086210728
0.997314811 0.008002152 -0.072797030 -0.057417423 -0.007847488 0.999966323 0.002410340 0.024464127 0.072813861 -0.001832594 0.997343838 5.110893726
0.997752428 0.009302047 -0.066358663 -0.059063077 -0.009009784 0.999948382 0.004702206 0.024175704 0.066398963 -0.004093760 0.997784793 5.135477066
0.998219550 0.008186501 -0.059081763 -0.060293406 -0.007898601 0.999955833 0.005104799 0.024628898 0.059120953 -0.004629047 0.998239994 5.159155846
0.998613656 0.010620434 -0.051555268 -0.061593428 -0.010404423 0.999935925 0.004456501 0.024229815 0.051599294 -0.003913920 0.998660207 5.182034969
0.998989582 0.011264862 -0.043508314 -0.062376902 -0.011135995 0.999932885 0.003203091 0.024339223 0.043541472 -0.002715347 0.999047935 5.204776764
0.999311924 0.012105219 -0.035059296 -0.062608808 -0.012047432 0.999925673 0.001859075 0.024420697 0.035079200 -0.001435422 0.999383509 5.225713730
0.999590874 0.013400628 -0.025269181 -0.063967459 -0.013375045 0.999909818 0.001181232 0.024297893 0.025282728 -0.000842772 0.999680102 5.248428345
0.999797285 0.012526860 -0.015762828 -0.063983306 -0.012533979 0.999921381 -0.000352967 0.024155391 0.015757168 0.000550466 0.999875665 5.269031525
0.999889672 0.013848786 -0.005378963 -0.064009756 -0.013857659 0.999902606 -0.001615306 0.024067631 0.005356068 0.001689667 0.999984264 5.289219856
0.999889910 0.014020166 0.004854018 -0.063674055 -0.014006244 0.999897718 -0.002890686 0.024024375 -0.004894050 0.002822382 0.999984026 5.309076309
0.999794900 0.013209612 0.015346877 -0.063363031 -0.013147583 0.999905050 -0.004135608 0.024094826 -0.015400050 0.003932986 0.999873638 5.327915668
0.999612689 0.011461996 0.025356440 -0.062274024 -0.011319404 0.999919295 -0.005759905 0.023933606 -0.025420416 0.005470654 0.999661863 5.345295906
0.999369323 0.008813681 0.034399141 -0.061477989 -0.008615168 0.999945402 -0.005914831 0.023963604 -0.034449395 0.005614746 0.999390662 5.363310337
0.998969257 0.009551200 0.044376194 -0.060780779 -0.009353639 0.999945462 -0.004657440 0.024009217 -0.044418253 0.004237561 0.999004066 5.380356789
0.998484731 0.011736635 0.053761899 -0.059572965 -0.011627807 0.999929607 -0.002336620 0.023733566 -0.053785536 0.001707947 0.998551071 5.396945953
0.997938395 0.013810412 0.062674552 -0.059141159 -0.013832197 0.999904275 -0.000086307 0.023336671 -0.062669754 -0.000780797 0.998034000 5.413833141
0.997388363 0.012042210 0.071214035 -0.057422966 -0.012146226 0.999925733 0.001027709 0.023606019 -0.071196385 -0.001890006 0.997460485 5.429139137
0.996831894 0.007764105 0.079156347 -0.055568010 -0.007881265 0.999968290 0.001167800 0.023576919 -0.079144761 -0.001787952 0.996861517 5.444723129
