0.999999642 -0.000718211 -0.000283464 -0.000026358 0.000718123 0.999999702 -0.000310212 0.000245102 0.000283687 0.000310008 0.999999881 0.045274731
0.999999225 -0.001240143 0.000038104 -0.000312774 0.001240121 0.999999046 0.000569812 0.000561760 -0.000038811 -0.000569764 0.999999821 0.090509109
0.999998450 -0.001715810 -0.000177768 -0.000278723 0.001716169 0.999996424 0.002037499 0.000804495 0.000174271 -0.002037801 0.999997914 0.135687888
0.999999821 -0.000629009 -0.000080405 -0.000606896 0.000629162 0.999997914 0.001924315 0.001261189 0.000079195 -0.001924365 0.999998152 0.181402162
0.999999940 -0.000172727 -0.000049709 -0.000722181 0.000172811 0.999998510 0.001709493 0.001753578 0.000049414 -0.001709502 0.999998510 0.226758406
0.999999702 0.000697445 -0.000098326 -0.000925490 -0.000697172 0.999995947 0.002749793 0.001854319 0.000100243 -0.002749724 0.999996185 0.272391230
0.999999166 0.001232303 0.000153771 -0.001175966 -0.001232757 0.999994695 0.002989695 0.002425002 -0.000150086 -0.002989882 0.999995530 0.317994088
0.999997914 0.001977023 0.000393778 -0.001378819 -0.001978229 0.999993265 0.003087274 0.002705626 -0.000387672 -0.003088046 0.999995112 0.365221888
0.999998569 0.001539114 0.000685509 -0.001697079 -0.001541555 0.999992371 0.003573373 0.002383147 -0.000680004 -0.003574425 0.999993384 0.408095926
0.999994993 0.003065751 0.000854093 -0.002024136 -0.003068364 0.999990582 0.003075033 0.002720633 -0.000844658 -0.003077638 0.999994934 0.455127329
0.999991298 0.003803755 0.001670805 -0.002285726 -0.003807559 0.999990106 0.002279381 0.002965599 -0.001662118 -0.002285722 0.999996006 0.498088777
0.999989033 0.004144689 0.002164787 -0.002443402 -0.004151939 0.999985754 0.003355582 0.003214171 -0.002150848 -0.003364534 0.999992013 0.543717384
0.999985695 0.004388117 0.003035054 -0.002634049 -0.004399651 0.999983072 0.003804244 0.003554165 -0.003018309 -0.003817543 0.999988139 0.589416027
0.999990284 0.003101034 0.003133117 -0.002387275 -0.003114144 0.999986351 0.004188173 0.003817135 -0.003120088 -0.004197889 0.999986351 0.635729849
0.999988616 0.002592729 0.003999990 -0.002615930 -0.002611320 0.999985754 0.004649563 0.004311152 -0.003987879 -0.004659955 0.999981165 0.679236889
0.999985516 0.002592744 0.004740091 -0.002835146 -0.002620276 0.999979675 0.005811435 0.004407390 -0.004724927 -0.005823771 0.999971867 0.724752069
0.999981344 0.002514529 0.005568359 -0.002899058 -0.002541471 0.999985099 0.004836415 0.004882037 -0.005556114 -0.004850477 0.999972820 0.767204285
0.999980927 0.002339049 0.005730288 -0.002395229 -0.002362473 0.999988914 0.004084421 0.005170627 -0.005720670 -0.004097880 0.999975264 0.811709464
0.999974847 0.002558077 0.006616893 -0.002876651 -0.002579544 0.999991536 0.003237837 0.005613698 -0.006608553 -0.003254824 0.999972880 0.855395555
0.999972522 0.002737226 0.006884122 -0.002420054 -0.002762600 0.999989390 0.003679125 0.005629472 -0.006873978 -0.003698042 0.999969542 0.899969757
0.999966145 0.002404307 0.007866398 -0.002541550 -0.002440318 0.999986589 0.004571500 0.005587780 -0.007855302 -0.004590541 0.999958575 0.942483127
0.999956548 0.003994934 0.008423041 -0.003459488 -0.004032960 0.999981701 0.004502371 0.006428635 -0.008404899 -0.004536144 0.999954343 0.987986565
0.999953628 0.003836114 0.008824208 -0.002510021 -0.003863502 0.999987781 0.003088781 0.006147150 -0.008812252 -0.003122730 0.999956310 1.028897285
0.999945700 0.004989408 0.009141022 -0.002167065 -0.005003201 0.999986470 0.001486700 0.006683135 -0.009133480 -0.001532354 0.999957144 1.071972013
0.999938905 0.005020889 0.009850045 -0.002023469 -0.005049873 0.999982953 0.002919790 0.006748089 -0.009835218 -0.002969353 0.999947190 1.115986228
0.999932647 0.005024826 0.010464035 -0.001967108 -0.005078053 0.999974191 0.005066243 0.007289190 -0.010438309 -0.005119037 0.999932408 1.157153249
0.999937177 0.004426952 0.010295580 -0.000687730 -0.004489521 0.999971390 0.006062135 0.007102596 -0.010268450 -0.006107976 0.999928653 1.199745655
0.999940276 0.003212706 0.010447596 -0.001251047 -0.003268393 0.999980509 0.005317392 0.007925441 -0.010430309 -0.005351222 0.999931276 1.241371751
0.999949336 0.001216842 0.009992955 0.000041456 -0.001265662 0.999987304 0.004880520 0.007726247 -0.009986888 -0.004892921 0.999938130 1.284320593
0.999954283 0.000269852 0.009560468 0.000993597 -0.000307929 0.999992013 0.003981569 0.007367081 -0.009559317 -0.003984331 0.999946356 1.325262785
0.999944687 0.000282380 0.010511065 -0.000230223 -0.000314098 0.999995410 0.003016085 0.008008817 -0.010510165 -0.003019220 0.999940217 1.365628123
0.999959707 0.001189769 0.008898803 0.000880580 -0.001207573 0.999997258 0.001995698 0.008340960 -0.008896404 -0.002006363 0.999958396 1.410059929
0.999965668 0.000678818 0.008263196 0.000924643 -0.000703345 0.999995410 0.002965720 0.007959689 -0.008261143 -0.002971430 0.999961436 1.451817513
0.999967694 0.001515130 0.007888730 0.001589401 -0.001547724 0.999990284 0.004127325 0.008269712 -0.007882398 -0.004139402 0.999960363 1.492534876
0.999971330 0.001163263 0.007484825 0.001262301 -0.001206136 0.999982893 0.005725955 0.008340337 -0.007478036 -0.005734818 0.999955595 1.532338500
0.999975026 0.002100784 0.006752084 0.001639986 -0.002145242 0.999976039 0.006583821 0.008554921 -0.006738091 -0.006598141 0.999955535 1.573066592
0.999976993 0.001826945 0.006536591 0.001087093 -0.001871821 0.999974728 0.006865765 0.008821169 -0.006523882 -0.006877842 0.999955118 1.612841129
0.999985278 0.000884260 0.005381413 0.001870573 -0.000921156 0.999975979 0.006857671 0.009280311 -0.005375220 -0.006862525 0.999962032 1.653032899
0.999986827 -0.001153224 0.005028564 0.001960639 0.001115659 0.999971449 0.007466708 0.009211678 -0.005037032 -0.007460998 0.999959528 1.692935109
0.999989927 -0.001361787 0.004280296 0.002511648 0.001330619 0.999972641 0.007276163 0.009616882 -0.004290087 -0.007270394 0.999964356 1.733603716
0.999990404 -0.001285789 0.004172503 0.001823178 0.001263233 0.999984622 0.005403999 0.009943430 -0.004179387 -0.005398677 0.999976695 1.771335602
0.999994636 -0.001017743 0.003102691 0.002306931 0.001006366 0.999992847 0.003666043 0.009748234 -0.003106400 -0.003662902 0.999988437 1.810768366
0.999994874 -0.002103742 0.002385434 0.003121404 0.002096398 0.999993086 0.003077046 0.009706698 -0.002391890 -0.003072029 0.999992430 1.850178838
0.999996424 -0.000256259 0.002641664 0.002210578 0.000249077 0.999996245 0.002718838 0.010187211 -0.002642351 -0.002718171 0.999992788 1.888346076
0.999996662 0.000461941 0.002532391 0.002285062 -0.000471956 0.999992132 0.003955542 0.010195967 -0.002530544 -0.003956723 0.999988914 1.927284598
0.999997020 -0.000346301 0.002441200 0.002105683 0.000330124 0.999978006 0.006623973 0.009625521 -0.002443440 -0.006623147 0.999975085 1.965449214
0.999997973 -0.000274310 0.001990461 0.002106410 0.000260982 0.999977589 0.006692717 0.010663847 -0.001992253 -0.006692184 0.999975562 2.003905058
0.999998748 -0.000028598 0.001581998 0.002462644 0.000016717 0.999971807 0.007509907 0.011094643 -0.001582169 -0.007509872 0.999970496 2.042623520
0.999998152 -0.000840302 0.001690799 0.001996331 0.000825641 0.999962330 0.008653091 0.011170456 -0.001698006 -0.008651679 0.999961078 2.079526663
0.999997139 -0.001587362 0.001797434 0.001790790 0.001569316 0.999948800 0.009997361 0.011513016 -0.001813213 -0.009994511 0.999948323 2.114895105
0.999999344 -0.000305148 0.001092808 0.002437118 0.000295761 0.999963224 0.008579495 0.012356913 -0.001095386 -0.008579168 0.999962509 2.151519537
0.999997377 -0.001267150 0.001919392 0.001169104 0.001250074 0.999959886 0.008871874 0.012347661 -0.001930557 -0.008869451 0.999958754 2.186349630
0.999997735 -0.001369759 0.001633350 0.001173379 0.001355602 0.999961853 0.008637069 0.012902922 -0.001645118 -0.008634833 0.999961376 2.221206427
0.999996722 -0.000878027 0.002389282 0.000827277 0.000858083 0.999964893 0.008335536 0.012521666 -0.002396517 -0.008333459 0.999962389 2.252493143
0.999996305 -0.000278206 0.002718064 0.000668544 0.000258551 0.999973834 0.007229210 0.012940597 -0.002720004 -0.007228480 0.999970198 2.284098864
0.999995232 -0.000503768 0.003042420 0.000425171 0.000478057 0.999964237 0.008445689 0.012979338 -0.003046566 -0.008444193 0.999959707 2.315134048
0.999994397 0.000250387 0.003331444 0.000386161 -0.000281500 0.999956310 0.009341932 0.013393412 -0.003328959 -0.009342818 0.999950826 2.345571518
0.999993920 0.000237161 0.003481541 0.000106543 -0.000271313 0.999951839 0.009812072 0.013279488 -0.003479046 -0.009812959 0.999945819 2.373642683
0.999993622 -0.000200197 0.003578837 0.000342437 0.000163261 0.999946833 0.010318050 0.013422126 -0.003580713 -0.010317399 0.999940395 2.401404858
0.999991000 0.000138977 0.004234866 -0.000291418 -0.000186179 0.999937832 0.011147514 0.013431266 -0.004233054 -0.011148200 0.999928892 2.428230047
0.999990582 -0.000388789 0.004300382 0.000021904 0.000343693 0.999945045 0.010482130 0.013430467 -0.004304221 -0.010480553 0.999935806 2.454006910
0.999987185 -0.000242643 0.005049183 -0.000695429 0.000196585 0.999958336 0.009120490 0.013803796 -0.005051186 -0.009119382 0.999945641 2.478863239
0.999990344 -0.000431402 0.004374930 -0.000050087 0.000392165 0.999959707 0.008965515 0.013788877 -0.004378621 -0.008963712 0.999950230 2.503149033
0.999987185 -0.000060747 0.005060803 -0.000482423 0.000022236 0.999970973 0.007609333 0.013952047 -0.005061119 -0.007609125 0.999958217 2.526297569
0.999988914 -0.001105762 0.004581225 -0.000305570 0.001077336 0.999980211 0.006202705 0.014031229 -0.004587993 -0.006197700 0.999970257 2.549050093
0.999990225 -0.002388166 0.003712334 0.000741122 0.002372647 0.999988496 0.004179267 0.014181796 -0.003722272 -0.004170419 0.999984324 2.573143482
0.999994993 -0.001490516 0.002786388 -0.000018348 0.001482723 0.999994934 0.002796840 0.014160518 -0.002790543 -0.002792695 0.999992132 2.593886852
0.999997437 -0.001457449 0.001759275 0.000804522 0.001453081 0.999995887 0.002481503 0.014131935 -0.001762884 -0.002478941 0.999995351 2.616773605
0.999997854 -0.001444831 0.001428595 -0.000324989 0.001440389 0.999994159 0.003105680 0.014194550 -0.001433074 -0.003103615 0.999994159 2.637303352
0.999998569 -0.001507219 0.000605238 -0.000161753 0.001505060 0.999992669 0.003551845 0.014513824 -0.000610587 -0.003550929 0.999993503 2.659655094
0.999999523 -0.000906963 -0.000019433 -0.000617522 0.000907044 0.999988556 0.004701782 0.014381349 0.000015168 -0.004701797 0.999988914 2.680021763
0.999999166 -0.000874024 -0.000895077 -0.000671172 0.000878401 0.999987662 0.004901598 0.014702712 0.000890781 -0.004902379 0.999987602 2.700685024
0.999999523 -0.000351694 -0.000915024 -0.000961401 0.000357602 0.999978960 0.006464602 0.014505339 0.000912731 -0.006464926 0.999978662 2.720560074
0.999999464 0.000357914 -0.000979987 -0.001204258 -0.000350527 0.999971569 0.007527580 0.014450021 0.000982653 -0.007527232 0.999971211 2.739972591
0.999998569 0.000754206 -0.001510655 -0.001150642 -0.000742918 0.999971867 0.007458821 0.014728847 0.001516238 -0.007457688 0.999971032 2.758510590
0.999999225 0.000350728 -0.001249433 -0.001420845 -0.000341153 0.999970615 0.007654970 0.014902018 0.001252081 -0.007654537 0.999969900 2.776751757
0.999998510 0.000390708 -0.001653898 -0.001407623 -0.000377063 0.999965966 0.008242655 0.014853906 0.001657063 -0.008242019 0.999964595 2.794397116
0.999998510 0.000973780 -0.001408470 -0.001607427 -0.000961580 0.999962211 0.008637141 0.015042929 0.001416828 -0.008635773 0.999961734 2.810523748
0.999996901 0.002334112 -0.000880422 -0.001962678 -0.002325925 0.999955058 0.009188675 0.015052570 0.000901830 -0.009186599 0.999957442 2.826354027
0.999994934 0.003071011 -0.000840897 -0.002208264 -0.003063361 0.999955177 0.008952131 0.015098279 0.000868351 -0.008949509 0.999959648 2.841197491
0.999997377 0.002222335 -0.000588264 -0.002061761 -0.002217173 0.999960244 0.008633507 0.015353180 0.000607426 -0.008632180 0.999962568 2.855030775
0.999998689 0.001639504 -0.000105775 -0.002318566 -0.001638599 0.999966145 0.008058158 0.015769366 0.000118983 -0.008057975 0.999967515 2.868659258
0.999999046 0.001413748 -0.000016330 -0.002339680 -0.001413569 0.999966025 0.008117584 0.015641658 0.000027805 -0.008117553 0.999966979 2.881621599
0.999997854 0.002024525 0.000143079 -0.001989072 -0.002025438 0.999975502 0.006688951 0.015726451 -0.000129533 -0.006689226 0.999977648 2.893097639
0.999996185 0.002711359 0.000390593 -0.002011307 -0.002713597 0.999979198 0.005846806 0.015325236 -0.000374732 -0.005847843 0.999982893 2.904964209
0.999996245 0.002680207 0.000430888 -0.002008104 -0.002682152 0.999985933 0.004579177 0.015430760 -0.000418609 -0.004580316 0.999989450 2.917283773
0.999996126 0.002662756 0.000719169 -0.002534985 -0.002665484 0.999989152 0.003819591 0.015760034 -0.000708990 -0.003821493 0.999992430 2.928609610
0.999995887 0.002785088 0.000687779 -0.002524792 -0.002787670 0.999988914 0.003782877 0.015736029 -0.000677236 -0.003784778 0.999992549 2.940374613
0.999996603 0.002567353 0.000229143 -0.002424777 -0.002568216 0.999989212 0.003845580 0.015696056 -0.000219268 -0.003846155 0.999992549 2.952072144
0.999997079 0.002380976 0.000069344 -0.002705399 -0.002381207 0.999990940 0.003538233 0.016062286 -0.000060919 -0.003538387 0.999993742 2.963406324
0.999997318 0.002288121 -0.000447169 -0.002599033 -0.002286528 0.999991238 0.003530464 0.016216610 0.000455243 -0.003529432 0.999993682 2.974705935
0.999997795 0.002040297 -0.000488378 -0.002932187 -0.002038640 0.999992311 0.003370597 0.016052417 0.000495251 -0.003369593 0.999994218 2.985882282
0.999998152 0.001867377 -0.000312437 -0.003190763 -0.001866479 0.999994218 0.002850685 0.016077608 0.000317759 -0.002850097 0.999995887 2.996284008
0.999997318 0.002152895 -0.000845406 -0.003122192 -0.002150785 0.999994576 0.002488066 0.016194023 0.000850758 -0.002486241 0.999996603 3.007614136
0.999995947 0.002645951 -0.001054460 -0.003295061 -0.002643348 0.999993563 0.002462179 0.016363341 0.001060968 -0.002459381 0.999996424 3.018498421
0.999996543 0.002269308 -0.001297330 -0.003258313 -0.002265012 0.999991953 0.003303246 0.016099099 0.001304816 -0.003300297 0.999993682 3.028522730
0.999996662 0.002246142 -0.001285316 -0.003523438 -0.002241988 0.999992251 0.003224330 0.016330525 0.001292548 -0.003221437 0.999993980 3.039031267
0.999995410 0.002437131 -0.001810325 -0.003481566 -0.002431030 0.999991417 0.003364241 0.016334314 0.001818509 -0.003359824 0.999992669 3.049696445
0.999995828 0.002248566 -0.001807909 -0.003559686 -0.002241565 0.999989986 0.003865616 0.016296621 0.001816584 -0.003861548 0.999990880 3.058862209
0.999995708 0.001991685 -0.002152050 -0.003462827 -0.001983159 0.999990165 0.003956491 0.016284486 0.002159909 -0.003952206 0.999989867 3.068879843
0.999995589 0.001849223 -0.002308493 -0.003630077 -0.001839932 0.999990165 0.004020310 0.016390735 0.002315905 -0.004016045 0.999989212 3.078225851
0.999996126 0.001218877 -0.002469084 -0.003552075 -0.001208771 0.999990880 0.004090665 0.016434347 0.002474046 -0.004087666 0.999988496 3.086858988
0.999996722 0.000598689 -0.002495159 -0.003669350 -0.000586815 0.999988496 0.004757037 0.016451532 0.002497978 -0.004755557 0.999985516 3.095539331
0.999995530 0.000079077 -0.002945582 -0.003593492 -0.000064005 0.999986887 0.005116328 0.016403740 0.002945947 -0.005116117 0.999982476 3.103685141
0.999995768 -0.000298600 -0.002892612 -0.003923307 0.000315484 0.999982893 0.005838348 0.016140275 0.002890819 -0.005839235 0.999978781 3.110857725
0.999995887 0.000465309 -0.002836294 -0.003857599 -0.000447661 0.999980509 0.006219651 0.016366407 0.002839133 -0.006218354 0.999976635 3.117433548
0.999994874 0.001103990 -0.003022894 -0.003869188 -0.001084374 0.999978364 0.006482934 0.016471362 0.003029986 -0.006479621 0.999974430 3.123669386
0.999994814 0.001288491 -0.002965657 -0.004074686 -0.001268425 0.999976337 0.006758194 0.016516052 0.002974294 -0.006754396 0.999972820 3.128845692
0.999993265 0.001423392 -0.003386153 -0.003965471 -0.001402169 0.999979377 0.006261759 0.016581196 0.003394995 -0.006256967 0.999974668 3.133633614
0.999994099 0.001039531 -0.003283178 -0.003982868 -0.001021484 0.999984503 0.005493812 0.016635848 0.003288839 -0.005490425 0.999979496 3.137202740
0.999993205 0.001459201 -0.003416079 -0.004012904 -0.001444158 0.999989331 0.004401795 0.016790686 0.003422465 -0.004396831 0.999984443 3.141027212
0.999992549 0.001656348 -0.003498516 -0.004081909 -0.001640940 0.999989033 0.004402348 0.016712885 0.003505769 -0.004396575 0.999984145 3.144689560
0.999992549 0.001837439 -0.003412663 -0.004301412 -0.001822007 0.999988139 0.004519680 0.016740698 0.003420927 -0.004513428 0.999983966 3.147764921
0.999992609 0.001433086 -0.003562524 -0.004203751 -0.001416696 0.999988377 0.004599179 0.016680097 0.003569074 -0.004594097 0.999983072 3.150753021
0.999993145 0.001014012 -0.003550306 -0.004178085 -0.000997321 0.999988437 0.004700169 0.016687457 0.003555030 -0.004696596 0.999982655 3.153550625
0.999993265 0.001018315 -0.003516640 -0.004285539 -0.001002470 0.999989390 0.004504510 0.016696917 0.003521189 -0.004500953 0.999983668 3.156021595
0.999992669 0.001443969 -0.003545454 -0.004401484 -0.001428971 0.999990106 0.004229174 0.016644577 0.003551525 -0.004224076 0.999984801 3.157889366
0.999992371 0.001414705 -0.003638665 -0.004438443 -0.001401103 0.999992013 0.003737814 0.016652903 0.003643926 -0.003732687 0.999986410 3.160295248
0.999991953 0.001472504 -0.003733838 -0.004342951 -0.001460229 0.999993503 0.003287901 0.016678460 0.003738655 -0.003282422 0.999987602 3.162402391
0.999992311 0.001291046 -0.003698409 -0.004420590 -0.001277944 0.999992907 0.003542668 0.016544331 0.003702957 -0.003537913 0.999986947 3.164235592
0.999992669 0.001118390 -0.003665462 -0.004444375 -0.001104909 0.999992609 0.003677775 0.016596755 0.003669550 -0.003673697 0.999986529 3.166158199
0.999992549 0.001241187 -0.003656739 -0.004563296 -0.001228070 0.999992788 0.003587155 0.016668241 0.003661165 -0.003582638 0.999986887 3.167518854
0.999992132 0.001315063 -0.003738841 -0.004499146 -0.001300534 0.999991596 0.003885708 0.016603395 0.003743920 -0.003880815 0.999985456 3.169104099
0.999991953 0.001251223 -0.003786309 -0.004397595 -0.001236338 0.999991477 0.003931085 0.016677311 0.003791196 -0.003926373 0.999985099 3.170496702
0.999991894 0.001375002 -0.003784597 -0.004538135 -0.001360280 0.999991536 0.003889710 0.016697507 0.003789914 -0.003884531 0.999985218 3.171359062
0.999992192 0.001397523 -0.003687767 -0.004575660 -0.001383043 0.999991238 0.003926261 0.016738670 0.003693222 -0.003921130 0.999985516 3.171982050
0.999991775 0.001689940 -0.003698419 -0.004555535 -0.001674977 0.999990463 0.004045226 0.016801119 0.003705220 -0.004038998 0.999984980 3.172460318
0.999992013 0.001557852 -0.003671574 -0.004536346 -0.001542986 0.999990642 0.004048138 0.016812412 0.003677847 -0.004042441 0.999985099 3.172520161
0.999990880 0.001576083 -0.003970293 -0.004394889 -0.001561660 0.999992192 0.003633126 0.016928848 0.003975988 -0.003626893 0.999985516 3.172297716
0.999992132 0.001075243 -0.003813184 -0.004437577 -0.001064803 0.999995708 0.002738713 0.016894255 0.003816113 -0.002734631 0.999988973 3.172173738
0.999992430 0.000760390 -0.003819734 -0.004343377 -0.000751855 0.999997258 0.002235448 0.016668683 0.003821423 -0.002232559 0.999990225 3.172214985
0.999992371 0.000670434 -0.003856930 -0.004426645 -0.000659954 0.999996126 0.002717797 0.016659111 0.003858737 -0.002715230 0.999988854 3.172302246
0.999992967 0.000869741 -0.003637781 -0.004512089 -0.000861421 0.999997079 0.002287997 0.016747702 0.003639760 -0.002284848 0.999990761 3.172233820
0.999992251 0.000645490 -0.003882622 -0.004476610 -0.000639096 0.999998391 0.001648003 0.016651798 0.003883681 -0.001645508 0.999991059 3.172281504
0.999992430 0.000711146 -0.003817638 -0.004449525 -0.000705862 0.999998689 0.001385119 0.016688116 0.003818619 -0.001382413 0.999991775 3.172454596
0.999992728 0.000686884 -0.003767011 -0.004555426 -0.000681722 0.999998808 0.001371333 0.016611625 0.003767949 -0.001368754 0.999991953 3.172868013
0.999992251 0.000730764 -0.003875152 -0.004473059 -0.000726034 0.999998927 0.001221762 0.016683968 0.003876042 -0.001218939 0.999991775 3.173479795
0.999992609 0.000923846 -0.003719739 -0.004580706 -0.000918652 0.999998569 0.001397735 0.016648797 0.003721026 -0.001394308 0.999992013 3.174206495
0.999992549 0.000867531 -0.003734142 -0.004581772 -0.000862062 0.999998510 0.001466062 0.016689725 0.003735408 -0.001462832 0.999991894 3.174858332
0.999992847 0.000751918 -0.003685820 -0.004615380 -0.000747224 0.999998927 0.001274751 0.016737787 0.003686775 -0.001271987 0.999992311 3.175961971
0.999992788 0.000787057 -0.003685601 -0.004681734 -0.000783031 0.999999046 0.001093655 0.016669231 0.003686458 -0.001090761 0.999992549 3.177068472
0.999992490 0.000676242 -0.003809136 -0.004539212 -0.000673648 0.999999523 0.000682282 0.016793050 0.003809596 -0.000679711 0.999992490 3.178587437
0.999993205 0.000617374 -0.003633803 -0.004610448 -0.000617985 0.999999821 -0.000167105 0.016746575 0.003633700 0.000169349 0.999993384 3.180246353
0.999993265 0.000910565 -0.003555382 -0.004849595 -0.000914836 0.999998927 -0.001199780 0.016854422 0.003554286 0.001203024 0.999992967 3.182229996
0.999992192 0.001059558 -0.003807610 -0.004515722 -0.001067088 0.999997497 -0.001976089 0.016994148 0.003805507 0.001980136 0.999990821 3.185196877
0.999992549 0.001092700 -0.003698314 -0.004547721 -0.001101643 0.999996424 -0.002417007 0.016920548 0.003695659 0.002421064 0.999990165 3.188024282
0.999994218 0.001007999 -0.003264218 -0.004625946 -0.001016542 0.999996006 -0.002616539 0.016969923 0.003261568 0.002619842 0.999991179 3.191974878
0.999996066 0.001104532 -0.002568276 -0.005251964 -0.001112667 0.999994397 -0.003168467 0.017162859 0.002564761 0.003171313 0.999991655 3.196250916
0.999998033 0.001528759 -0.001290575 -0.006241721 -0.001533698 0.999991477 -0.003834614 0.017522521 0.001284702 0.003836586 0.999991775 3.200931311
0.999997437 0.000728119 -0.002145375 -0.005053374 -0.000735607 0.999993563 -0.003491681 0.017022030 0.002142818 0.003493250 0.999991477 3.206769228
0.999997258 0.000106495 -0.002340686 -0.004670730 -0.000116541 0.999990761 -0.004292266 0.017118929 0.002340208 0.004292526 0.999988019 3.212923288
0.999998271 0.000111880 -0.001834065 -0.004793508 -0.000121277 0.999986827 -0.005124014 0.017278330 0.001833467 0.005124229 0.999985218 3.220237732
0.999999166 0.000560584 -0.001162222 -0.005021955 -0.000567734 0.999980867 -0.006161022 0.017479466 0.001158746 0.006161678 0.999980330 3.228044271
0.999999464 0.000691891 -0.000740667 -0.005375173 -0.000696779 0.999977887 -0.006619042 0.017426018 0.000736071 0.006619554 0.999977827 3.236750603
0.999999523 0.000871669 -0.000377374 -0.005025601 -0.000874224 0.999976277 -0.006823561 0.017361864 0.000371417 0.006823888 0.999976635 3.246451378
0.999999523 0.000651136 0.000619738 -0.005295205 -0.000646845 0.999975920 -0.006899434 0.017358547 -0.000624215 0.006899030 0.999976039 3.256806374
0.999999702 -0.000247979 0.000699831 -0.005041333 0.000252762 0.999976516 -0.006842042 0.017303808 -0.000698118 0.006842218 0.999976397 3.268483400
0.999999046 -0.000483871 0.001246680 -0.005115972 0.000492828 0.999974072 -0.007193836 0.017408777 -0.001243167 0.007194445 0.999973416 3.280614376
0.999998450 -0.000744167 0.001564624 -0.004739616 0.000755163 0.999974906 -0.007038991 0.017279489 -0.001559347 0.007040162 0.999974012 3.293861866
0.999997914 -0.000003869 0.002052033 -0.004772837 0.000019897 0.999969482 -0.007810767 0.017555570 -0.002051941 0.007810793 0.999967396 3.307801962
0.999995887 -0.000087193 0.002841109 -0.005022419 0.000110671 0.999965787 -0.008264494 0.017367052 -0.002840292 0.008264774 0.999961853 3.322202682
0.999992669 -0.000392982 0.003800882 -0.005571969 0.000423372 0.999967992 -0.007998059 0.017122155 -0.003797618 0.007999610 0.999960780 3.337938547
0.999990582 -0.000909250 0.004246831 -0.004836383 0.000944053 0.999965847 -0.008200432 0.017522719 -0.004239230 0.008204363 0.999957383 3.354764462
0.999986887 -0.000058996 0.005125618 -0.005011586 0.000102311 0.999964237 -0.008450744 0.017759968 -0.005124937 0.008451158 0.999951184 3.371905565
0.999983788 -0.000508267 0.005674706 -0.004827725 0.000555513 0.999965072 -0.008327374 0.017602520 -0.005670276 0.008330393 0.999949276 3.390558243
0.999978840 -0.001341591 0.006362816 -0.004846791 0.001392449 0.999966979 -0.007995283 0.017248809 -0.006351881 0.008003974 0.999947786 3.409375429
0.999971628 -0.001670147 0.007336316 -0.004188966 0.001735618 0.999958575 -0.008926854 0.017744126 -0.007321104 0.008939332 0.999933243 3.429243565
0.999963760 -0.002078337 0.008253620 -0.004040334 0.002146983 0.999963045 -0.008316951 0.017716119 -0.008236030 0.008334370 0.999931335 3.450035572
0.999958575 -0.001003608 0.009047815 -0.003866777 0.001064423 0.999976873 -0.006719191 0.017608710 -0.009040862 0.006728541 0.999936521 3.471308470
0.999947667 0.000058354 0.010230491 -0.003620151 0.000002475 0.999982297 -0.005945695 0.017776527 -0.010230659 0.005945412 0.999929965 3.493680716
0.999938011 -0.000523894 0.011115543 -0.003387339 0.000586761 0.999983847 -0.005653324 0.017854251 -0.011112401 0.005659497 0.999922156 3.515738964
0.999923885 -0.001622379 0.012231920 -0.003549770 0.001688388 0.999984026 -0.005388055 0.017972728 -0.012222984 0.005408299 0.999910653 3.538390875
0.999884844 -0.000030179 0.015173441 -0.005804323 0.000106025 0.999987483 -0.004997821 0.018005010 -0.015173100 0.004998854 0.999872327 3.560036421
0.999837875 0.000372145 0.018001724 -0.008030258 -0.000289598 0.999989450 -0.004587890 0.018554823 -0.018003240 0.004581933 0.999827445 3.582275391
0.999879539 -0.000745050 0.015503123 -0.002458412 0.000811243 0.999990582 -0.004263822 0.018629948 -0.015499800 0.004275886 0.999870718 3.611690283
0.999855220 -0.001170939 0.016976986 -0.002983332 0.001248702 0.999988794 -0.004570588 0.018882366 -0.016971443 0.004591125 0.999845445 3.636853933
0.999844551 -0.000772220 0.017613934 -0.002203718 0.000848570 0.999990284 -0.004327551 0.019246977 -0.017610420 0.004341824 0.999835491 3.663954020
0.999837220 -0.001658805 0.017967377 -0.000934333 0.001730081 0.999990702 -0.003952143 0.019098861 -0.017960651 0.003982585 0.999830663 3.691638470
0.999821484 -0.002403174 0.018741032 -0.000352129 0.002491724 0.999985814 -0.004703006 0.019108374 -0.018729467 0.004748864 0.999813259 3.718626261
0.999812782 -0.001564803 0.019283794 -0.000270151 0.001661212 0.999986231 -0.004984467 0.019437786 -0.019275729 0.005015568 0.999801636 3.746345520
0.999805212 -0.001598021 0.019669628 -0.000409007 0.001703934 0.999984086 -0.005369009 0.019336401 -0.019660736 0.005401480 0.999792099 3.774618864
0.999790549 -0.001401324 0.020416953 -0.000524685 0.001510845 0.999984503 -0.005349811 0.019030035 -0.020409143 0.005379539 0.999777317 3.802418470
0.999791443 -0.002655281 0.020254612 0.001381494 0.002751624 0.999985039 -0.004730200 0.019198438 -0.020241745 0.004784947 0.999783754 3.832036972
0.999777973 -0.002730587 0.020892957 0.001585543 0.002815778 0.999987900 -0.004049139 0.019982515 -0.020881647 0.004107070 0.999773502 3.862380266
0.999782503 -0.001531918 0.020802025 0.002189428 0.001586351 0.999995410 -0.002600461 0.019878419 -0.020797944 0.002632895 0.999780238 3.890988588
0.999777853 -0.001952964 0.020985233 0.002070881 0.001968185 0.999997795 -0.000704679 0.019730823 -0.020983810 0.000745826 0.999779522 3.923397779
0.999786675 -0.003342775 0.020386593 0.003665194 0.003333671 0.999994338 0.000480534 0.019346472 -0.020388085 -0.000412470 0.999792039 3.951472521
0.999786198 -0.002485830 0.020532569 0.003891356 0.002468011 0.999996543 0.000893147 0.019518502 -0.020534722 -0.000842282 0.999788821 3.981438398
0.999780357 -0.002730622 0.020782333 0.004020803 0.002727283 0.999996305 0.000189016 0.019734086 -0.020782772 -0.000132295 0.999783993 4.011006355
0.999784172 -0.002777518 0.020589057 0.004100941 0.002781922 0.999996126 -0.000185249 0.019497348 -0.020588463 0.000242486 0.999788046 4.041511536
0.999796689 -0.002311612 0.020038238 0.005540192 0.002318472 0.999997258 -0.000319076 0.020030551 -0.020037450 0.000365469 0.999799132 4.073935509
0.999790072 -0.002817427 0.020301579 0.006300919 0.002831839 0.999995768 -0.000681176 0.020244939 -0.020299576 0.000738524 0.999793708 4.106197357
0.999792159 -0.002609845 0.020218801 0.006161392 0.002614576 0.999996603 -0.000207518 0.019643549 -0.020218190 0.000260338 0.999795616 4.136971951
0.999810338 -0.003288877 0.019198557 0.007579297 0.003307203 0.999994040 -0.000922869 0.019624611 -0.019195409 0.000986188 0.999815285 4.168798447
0.999821126 -0.003380539 0.018606177 0.007623821 0.003396350 0.999993920 -0.000818271 0.020578934 -0.018603293 0.000881318 0.999826491 4.199067116
0.999847412 -0.004404739 0.016905077 0.008040614 0.004407320 0.999990284 -0.000115492 0.020910442 -0.016904404 0.000189981 0.999857068 4.230961323
0.999882758 -0.006099276 0.014039265 0.009323005 0.006085357 0.999980986 0.001033963 0.020951580 -0.014045304 -0.000948408 0.999900877 4.263413906
0.999899805 -0.006425276 0.012617220 0.008890823 0.006414230 0.999978960 0.000915814 0.021346372 -0.012622839 -0.000834792 0.999920011 4.295783997
0.999926150 -0.007579306 0.009499782 0.008714464 0.007552964 0.999967515 0.002805516 0.020815238 -0.009520737 -0.002733557 0.999950945 4.327605724
0.999947190 -0.007902223 0.006561899 0.008616300 0.007879663 0.999962926 0.003456625 0.020694362 -0.006588971 -0.003404737 0.999972582 4.359291077
0.999958873 -0.008447629 0.003285402 0.008352029 0.008439305 0.999961078 0.002539626 0.021566493 -0.003306728 -0.002511795 0.999991357 4.391791344
0.999953926 -0.009513514 -0.001291696 0.007945081 0.009517209 0.999950469 0.002885108 0.020780154 0.001264186 -0.002897269 0.999995053 4.422905445
0.999943256 -0.008755843 -0.006072192 0.007713290 0.008768224 0.999959469 0.002015423 0.021583321 0.006054300 -0.002068551 0.999979496 4.456783295
0.999907672 -0.008429455 -0.010666266 0.006818376 0.008450958 0.999962330 0.001972434 0.021719974 0.010649238 -0.002062392 0.999941111 4.489348888
0.999832988 -0.009501142 -0.015614689 0.005314842 0.009563645 0.999946475 0.003933010 0.021303516 0.015576486 -0.004081686 0.999870360 4.520391464
0.999725580 -0.009004720 -0.021624207 0.005714595 0.009087689 0.999951720 0.003741599 0.022372613 0.021589477 -0.003937087 0.999759138 4.552575588
0.999598563 -0.009236624 -0.026783727 0.004448175 0.009345044 0.999948621 0.003925546 0.022466540 0.026746094 -0.004174265 0.999633551 4.583173275
0.999375224 -0.010527897 -0.033739477 0.003571153 0.010647183 0.999937713 0.003357805 0.022595242 0.033702027 -0.003714937 0.999425054 4.616054535
0.999142408 -0.012693820 -0.039412573 0.001729190 0.012849975 0.999910593 0.003711300 0.021973005 0.039361939 -0.004214569 0.999216259 4.646002293
0.998891115 -0.015086498 -0.044597708 -0.000584617 0.015162446 0.999884129 0.001365107 0.023655508 0.044571955 -0.002039804 0.999004066 4.674017429
0.998503566 -0.015254519 -0.052515522 -0.002137825 0.015383197 0.999879599 0.002046906 0.021975096 0.052477982 -0.002851700 0.998618066 4.709305286
0.998145282 -0.015744919 -0.058805946 -0.003937334 0.015786864 0.999875307 0.000248751 0.022319015 0.058794700 -0.001176652 0.998269379 4.737864017
0.997776389 -0.015989387 -0.064705536 -0.006367415 0.016073385 0.999870479 0.000777759 0.021337533 0.064684719 -0.001816066 0.997904062 4.767464161
0.997349262 -0.017142776 -0.070714213 -0.008678734 0.017229453 0.999851346 0.000615900 0.022416648 0.070693150 -0.001832634 0.997496307 4.798447132
0.997011304 -0.014933486 -0.075798668 -0.011049151 0.015163100 0.999882042 0.002454622 0.022410255 0.075753085 -0.003596629 0.997120142 4.828389645
0.996682823 -0.012956142 -0.080346733 -0.014253527 0.013405832 0.999897361 0.005059939 0.022529857 0.080272920 -0.006120270 0.996754229 4.858421326
0.996312439 -0.011355687 -0.085044220 -0.016661733 0.012008458 0.999902129 0.007168058 0.022756083 0.084954508 -0.008162877 0.996351421 4.888013840
0.995996714 -0.009560985 -0.088877000 -0.019374341 0.010356492 0.999910235 0.008493813 0.022969997 0.088787831 -0.009380265 0.996006429 4.917044163
0.995748520 -0.007784639 -0.091783591 -0.022523761 0.008574439 0.999929488 0.008213827 0.023234064 0.091713175 -0.008965900 0.995745063 4.946413517
0.995563745 -0.005656191 -0.093918748 -0.025105238 0.006295018 0.999958992 0.006507048 0.023693930 0.093878083 -0.007069401 0.995558619 4.975557327
0.995498836 -0.004605941 -0.094661750 -0.028508663 0.005156173 0.999971211 0.005568821 0.023716724 0.094633378 -0.006031847 0.995493889 5.004003048
0.995479465 -0.002828153 -0.094935231 -0.031532496 0.003261383 0.999984980 0.004408565 0.023829762 0.094921328 -0.004698256 0.995473683 5.032946587
0.995468855 -0.002142186 -0.095063612 -0.033852428 0.002477008 0.999991179 0.003404221 0.024236050 0.095055491 -0.003624269 0.995465338 5.061198711
0.995557666 -0.001543541 -0.094140820 -0.037016213 0.001804729 0.999994755 0.002689366 0.024178457 0.094136171 -0.002847318 0.995555282 5.089371681
0.995688796 -0.000533191 -0.092754997 -0.039512634 0.000715859 0.999997914 0.001936101 0.024324270 0.092753761 -0.001994153 0.995687127 5.117475033
0.995888293 0.000282948 -0.090590343 -0.042553961 -0.000199566 0.999999583 0.000929488 0.024366075 0.090590566 -0.000907588 0.995887876 5.145167828
0.996071756 0.000800122 -0.088545971 -0.044891238 -0.000845641 0.999999523 -0.000476565 0.024363676 0.088545546 0.000549572 0.996071994 5.172070980
0.996364653 0.002206733 -0.085161433 -0.047410250 -0.002348261 0.999996006 -0.001561737 0.024427306 0.085157648 0.001756041 0.996365905 5.198792934
0.996670365 0.004625713 -0.081405267 -0.049749345 -0.004737281 0.999988139 -0.001177435 0.024145395 0.081398852 0.001559154 0.996680498 5.225431442
0.997023165 0.006647338 -0.076815389 -0.051947683 -0.006642775 0.999977887 0.000314936 0.024129648 0.076815769 0.000196269 0.997045279 5.251198769
0.997409225 0.008881605 -0.071385309 -0.053972393 -0.008749012 0.999959409 0.002169929 0.024394747 0.071401678 -0.001539757 0.997446477 5.277096272
0.997805357 0.010093221 -0.065441020 -0.055173397 -0.009838148 0.999942720 0.004218850 0.024284892 0.065479845 -0.003565773 0.997847497 5.302475929
0.998279572 0.009981640 -0.057777382 -0.056797028 -0.009705896 0.999940097 0.005051196 0.023998300 0.057824347 -0.004481724 0.998316646 5.326312065
0.998693645 0.011633340 -0.049756244 -0.058488056 -0.011456965 0.999927044 0.003828526 0.024260966 0.049797151 -0.003253469 0.998754025 5.350822926
0.999055266 0.013297033 -0.041374318 -0.059574395 -0.013195120 0.999909163 0.002735400 0.024126232 0.041406944 -0.002186877 0.999140024 5.374625206
0.999367535 0.013611431 -0.032851420 -0.060033970 -0.013561537 0.999906480 0.001741197 0.023966411 0.032872051 -0.001294581 0.999458730 5.396568298
0.999628305 0.013546172 -0.023656435 -0.060571477 -0.013529201 0.999908090 0.000877274 0.023990218 0.023666147 -0.000556895 0.999719739 5.418868065
0.999813437 0.012987696 -0.014290269 -0.060507875 -0.012999199 0.999915242 -0.000712451 0.023722254 0.014279803 0.000898080 0.999897659 5.440719604
0.999885678 0.014534842 -0.004163015 -0.060379662 -0.014543342 0.999892116 -0.002018709 0.023823697 0.004133225 0.002079023 0.999989212 5.461300373
0.999866843 0.015104542 0.006182775 -0.059979517 -0.015084787 0.999880970 -0.003229466 0.023778776 -0.006230819 0.003135770 0.999975681 5.481056690
0.999761403 0.014679771 0.016172029 -0.059219979 -0.014607909 0.999882817 -0.004552742 0.023767823 -0.016236968 0.004315416 0.999858797 5.500101089
0.999567091 0.012343538 0.026710400 -0.058994338 -0.012183478 0.999906778 -0.006146944 0.023485854 -0.026783787 0.005818857 0.999624312 5.519503593
0.999302685 0.009875237 0.036009222 -0.057888344 -0.009654232 0.999933541 -0.006306174 0.023456514 -0.036069110 0.005954135 0.999331534 5.537708282
0.998902559 0.010963504 0.045537997 -0.056885779 -0.010753874 0.999930441 -0.004845855 0.023377251 -0.045587961 0.004350826 0.998950899 5.555698872
0.998390019 0.013059766 0.055197269 -0.055835664 -0.012947073 0.999913394 -0.002398737 0.023091905 -0.055223808 0.001680233 0.998472512 5.573339939
0.997840106 0.014656314 0.064034142 -0.054863423 -0.014641863 0.999892473 -0.000695001 0.022999218 -0.064037450 -0.000244079 0.997947454 5.590496063
0.997264087 0.013378666 0.072701201 -0.053408980 -0.013482290 0.999908626 0.000934765 0.022960633 -0.072682060 -0.001912386 0.997353256 5.606890678
0.996736825 0.008924915 0.080224648 -0.051225394 -0.009032872 0.999958694 0.000982875 0.022795994 -0.080212563 -0.001704326 0.996776283 5.622684002
