0.999999881 -0.000349016 -0.000073270 -0.000132630 0.000348984 0.999999762 -0.000434843 0.000275010 0.000073422 0.000434818 0.999999881 0.040159967
0.999999523 -0.000965625 -0.000259875 -0.000008340 0.000965724 0.999999464 0.000379929 0.000571695 0.000259508 -0.000380180 0.999999881 0.080393158
0.999999106 -0.001326249 -0.000090551 -0.000258772 0.001326418 0.999997318 0.001892607 0.000780766 0.000088041 -0.001892725 0.999998212 0.120366491
0.999999821 -0.000495914 -0.000042841 -0.000337835 0.000495992 0.999998212 0.001822501 0.001139203 0.000041937 -0.001822522 0.999998331 0.160549566
0.999999940 0.000106952 -0.000106686 -0.000468707 -0.000106761 0.999998391 0.001782703 0.001359791 0.000106876 -0.001782692 0.999998391 0.200840384
0.999999404 0.001096806 -0.000142667 -0.000538397 -0.001096379 0.999994993 0.002955861 0.001373604 0.000145909 -0.002955702 0.999995649 0.241529554
0.999999166 0.001249568 -0.000180065 -0.000627139 -0.001248968 0.999993742 0.003294379 0.001674388 0.000184181 -0.003294152 0.999994576 0.282132208
0.999998271 0.001851567 -0.000118237 -0.000745897 -0.001851138 0.999992073 0.003528086 0.001989135 0.000124769 -0.003527862 0.999993742 0.322921872
0.999998152 0.001920262 0.000077278 -0.001027920 -0.001920528 0.999991715 0.003595775 0.002133728 -0.000070372 -0.003595917 0.999993503 0.364442974
0.999995053 0.003136906 0.000257360 -0.001003042 -0.003137611 0.999991179 0.002785875 0.002672513 -0.000248619 -0.002786669 0.999996066 0.403544247
0.999993563 0.003558878 0.000486158 -0.001295695 -0.003559958 0.999991119 0.002238568 0.002693294 -0.000478187 -0.002240283 0.999997377 0.445978254
0.999990642 0.003907134 0.001843319 -0.001672674 -0.003913342 0.999986589 0.003376224 0.003135489 -0.001830103 -0.003383406 0.999992609 0.483683854
0.999987662 0.004528538 0.002037484 -0.001444676 -0.004535460 0.999983847 0.003406269 0.003444468 -0.002022026 -0.003415468 0.999992132 0.526151776
0.999989450 0.003381955 0.003095556 -0.002009549 -0.003394195 0.999986351 0.003957401 0.003442013 -0.003082130 -0.003967866 0.999987364 0.564112484
0.999988377 0.002929245 0.003828581 -0.001913228 -0.002945536 0.999986649 0.004256315 0.003964955 -0.003816062 -0.004267544 0.999983609 0.603335977
0.999985218 0.003032609 0.004501168 -0.002080549 -0.003056797 0.999980867 0.005376756 0.004086285 -0.004484776 -0.005390435 0.999975443 0.642756581
0.999982357 0.002360594 0.005459563 -0.002284211 -0.002386559 0.999985874 0.004754157 0.004649734 -0.005448263 -0.004767102 0.999973834 0.681860924
0.999979496 0.002905264 0.005728741 -0.002294439 -0.002927033 0.999988496 0.003795235 0.004743448 -0.005717650 -0.003811925 0.999976397 0.721154332
0.999976814 0.003070813 0.006087678 -0.002059280 -0.003087430 0.999991477 0.002722006 0.005144391 -0.006079268 -0.002740738 0.999977827 0.761474729
0.999971747 0.003226331 0.006786389 -0.002206571 -0.003248444 0.999989390 0.003249843 0.005379311 -0.006775831 -0.003271797 0.999971628 0.799078703
0.999966502 0.003246672 0.007509580 -0.002294234 -0.003275005 0.999987543 0.003763743 0.005565227 -0.007497266 -0.003788211 0.999964714 0.838203788
0.999960899 0.003934628 0.007914352 -0.002043655 -0.003969281 0.999982536 0.004367583 0.005730920 -0.007897031 -0.004398825 0.999959171 0.876100004
0.999948680 0.005070981 0.008769964 -0.002142992 -0.005091204 0.999984324 0.002285152 0.005822585 -0.008758240 -0.002329683 0.999958992 0.913679242
0.999942541 0.005655199 0.009107495 -0.001818864 -0.005665374 0.999983311 0.001091680 0.006157023 -0.009101170 -0.001143214 0.999957919 0.951808870
0.999934912 0.005334682 0.010088536 -0.001550011 -0.005362003 0.999981999 0.002682914 0.006140776 -0.010074044 -0.002736833 0.999945462 0.988659322
0.999934912 0.004549064 0.010463214 -0.001503127 -0.004609053 0.999972999 0.005716189 0.005974805 -0.010436930 -0.005764042 0.999928892 1.026732683
0.999946892 0.003516892 0.009686098 -0.000503214 -0.003582017 0.999971151 0.006714311 0.006131278 -0.009662205 -0.006748653 0.999930501 1.066630483
0.999948382 0.003033875 0.009693632 -0.000765460 -0.003088503 0.999979436 0.005625452 0.006433425 -0.009676365 -0.005655102 0.999937177 1.103745222
0.999943376 0.001758959 0.010503529 -0.000923548 -0.001807368 0.999987781 0.004601028 0.006848467 -0.010495309 -0.004619751 0.999934256 1.138641715
0.999954522 0.001159003 0.009465380 -0.000252405 -0.001189002 0.999994278 0.003164325 0.007288090 -0.009461660 -0.003175435 0.999950171 1.178223968
0.999950230 0.001685013 0.009828671 -0.000614379 -0.001708830 0.999995649 0.002415332 0.007210893 -0.009824557 -0.002432007 0.999948800 1.214483142
0.999957681 0.001984845 0.008981118 -0.000000863 -0.001999333 0.999996722 0.001604425 0.007765472 -0.008977905 -0.001622313 0.999958396 1.251040101
0.999968171 0.000955448 0.007913581 0.000592500 -0.000977009 0.999995828 0.002721083 0.007331106 -0.007910949 -0.002728729 0.999965012 1.288225889
0.999973655 0.000902733 0.007203851 0.000906421 -0.000938870 0.999987006 0.005014529 0.006503476 -0.007199230 -0.005021160 0.999961555 1.324724078
0.999975979 0.000772632 0.006884230 0.001251603 -0.000818965 0.999976993 0.006729980 0.006960480 -0.006878872 -0.006735457 0.999953747 1.359802485
0.999980867 0.002229768 0.005770771 0.001419780 -0.002268044 0.999975443 0.006634652 0.007676815 -0.005755834 -0.006647614 0.999961317 1.397541523
0.999982357 0.002553671 0.005370757 0.001224996 -0.002586300 0.999978185 0.006077196 0.008337193 -0.005355121 -0.006090979 0.999967098 1.433026195
0.999991059 0.000894617 0.004139720 0.002323738 -0.000922869 0.999976337 0.006827652 0.007923977 -0.004133514 -0.006831412 0.999968052 1.469110727
0.999989629 -0.000641295 0.004505679 0.001091871 0.000608177 0.999972820 0.007347805 0.007897208 -0.004510269 -0.007344989 0.999962866 1.503015637
0.999992311 -0.000307078 0.003925059 0.001514050 0.000279421 0.999975085 0.007044593 0.008014009 -0.003927125 -0.007043442 0.999967515 1.537807822
0.999992192 -0.000494009 0.003923811 0.000529497 0.000472361 0.999984622 0.005516107 0.008262908 -0.003926476 -0.005514210 0.999977112 1.572328091
0.999996543 -0.000896300 0.002436753 0.001412334 0.000886617 0.999991715 0.003971928 0.008362447 -0.002440293 -0.003969754 0.999989152 1.608253598
0.999995649 -0.001784672 0.002350884 0.001282247 0.001777888 0.999994218 0.002884970 0.008164903 -0.002356020 -0.002880778 0.999993086 1.641497135
0.999996722 -0.000494059 0.002496684 0.000306402 0.000486870 0.999995768 0.002879405 0.008835938 -0.002498096 -0.002878180 0.999992788 1.676121116
0.999998271 0.000448853 0.001795682 0.000994267 -0.000456123 0.999991715 0.004050317 0.009234429 -0.001793849 -0.004051129 0.999990165 1.711843610
0.999997377 0.001635851 0.001606998 0.001181595 -0.001643918 0.999985993 0.005031360 0.009338570 -0.001598745 -0.005033988 0.999986053 1.745819688
0.999997973 0.000265710 0.001979694 0.000393513 -0.000277964 0.999980748 0.006192145 0.009522699 -0.001978010 -0.006192682 0.999978840 1.778771520
0.999999106 0.000249133 0.001262139 0.000182599 -0.000258522 0.999972284 0.007444221 0.009507524 -0.001260251 -0.007444541 0.999971509 1.813210607
0.999998689 -0.000703625 0.001454828 -0.000114863 0.000691331 0.999964178 0.008434295 0.009724909 -0.001460711 -0.008433279 0.999963343 1.846879601
0.999999225 -0.000696614 0.000979696 0.000492019 0.000688037 0.999961734 0.008728348 0.010907980 -0.000985739 -0.008727669 0.999961436 1.878787518
0.999997973 -0.001696153 0.001036281 0.000083014 0.001686365 0.999954581 0.009374911 0.010738209 -0.001052136 -0.009373144 0.999955535 1.911056757
0.999997437 -0.001397514 0.001780945 -0.000855347 0.001379099 0.999945998 0.010299616 0.009650166 -0.001795243 -0.010297135 0.999945462 1.940969110
0.999999046 -0.000460338 0.001310571 -0.000206622 0.000449134 0.999963582 0.008536227 0.011040084 -0.001314453 -0.008535632 0.999962687 1.972035766
0.999997973 -0.000055448 0.002003421 -0.000578252 0.000041389 0.999975383 0.007016842 0.011695840 -0.002003761 -0.007016747 0.999973357 2.000470638
0.999998510 -0.000650266 0.001578774 0.000262023 0.000639056 0.999974668 0.007090706 0.011346919 -0.001583345 -0.007089688 0.999973536 2.028844833
0.999997497 0.000167386 0.002234097 -0.000216433 -0.000184983 0.999968886 0.007878989 0.011276662 -0.002232709 -0.007879382 0.999966443 2.055680752
0.999997258 0.001397928 0.001836182 0.000126795 -0.001414004 0.999960363 0.008783377 0.011536510 -0.001823830 -0.008785951 0.999959767 2.082630873
0.999996364 0.001419921 0.002259237 -0.000048919 -0.001440707 0.999956369 0.009225373 0.011606960 -0.002246039 -0.009228596 0.999954998 2.108145952
0.999996483 0.000926720 0.002477886 0.000274170 -0.000950952 0.999951601 0.009796339 0.012029250 -0.002468687 -0.009798661 0.999949038 2.131958961
0.999995828 0.001002499 0.002707325 -0.000196775 -0.001031647 0.999941289 0.010786282 0.011709766 -0.002696352 -0.010789032 0.999938190 2.156629562
0.999995887 0.000664849 0.002821398 0.000044066 -0.000692853 0.999950409 0.009936124 0.011831829 -0.002814651 -0.009938037 0.999946773 2.179322720
0.999995172 0.000615010 0.003066964 -0.000069613 -0.000641623 0.999962091 0.008683831 0.012000231 -0.003061508 -0.008685756 0.999957621 2.201628923
0.999995887 0.000330216 0.002843319 -0.000104846 -0.000354220 0.999964297 0.008445712 0.012167858 -0.002840428 -0.008446683 0.999960244 2.221983910
0.999996424 0.000274655 0.002623074 0.000319790 -0.000292805 0.999976039 0.006921475 0.012482520 -0.002621111 -0.006922218 0.999972522 2.241879702
0.999996364 -0.001156126 0.002419647 -0.000075747 0.001141848 0.999982119 0.005893505 0.012257737 -0.002426417 -0.005890721 0.999979734 2.261979818
0.999996603 -0.001691899 0.002005702 -0.000106870 0.001683426 0.999989748 0.004218448 0.012338435 -0.002012818 -0.004215057 0.999989092 2.282214403
0.999999106 -0.001023830 0.000872480 -0.000088150 0.001021827 0.999996841 0.002293065 0.012530878 -0.000874825 -0.002292171 0.999997020 2.301317215
0.999999344 -0.001125659 -0.000160591 -0.000188994 0.001126015 0.999996841 0.002231232 0.012378801 0.000158079 -0.002231411 0.999997556 2.320019245
0.999999702 -0.000648453 -0.000351127 -0.000844265 0.000649382 0.999996185 0.002652560 0.012697376 0.000349406 -0.002652788 0.999996424 2.339847326
0.999998450 -0.001049204 -0.001436677 -0.000439133 0.001053524 0.999994874 0.003009761 0.012952456 0.001433512 -0.003011270 0.999994457 2.358479500
0.999998450 -0.000100682 -0.001770599 -0.000958471 0.000107926 0.999991536 0.004091879 0.012981083 0.001770172 -0.004092063 0.999989986 2.377097130
0.999997735 0.000630859 -0.002055095 -0.001399607 -0.000620583 0.999987304 0.004997281 0.012941074 0.002058221 -0.004995994 0.999985337 2.395348787
0.999996066 0.000354370 -0.002775293 -0.001227857 -0.000338189 0.999982953 0.005828619 0.013106357 0.002777312 -0.005827658 0.999979138 2.412235737
0.999992549 0.001474200 -0.003556228 -0.001266600 -0.001451399 0.999978483 0.006405574 0.013262262 0.003565595 -0.006400365 0.999973118 2.429275274
0.999993265 0.001570321 -0.003324377 -0.001397826 -0.001547940 0.999976158 0.006724295 0.013255315 0.003334857 -0.006719104 0.999971867 2.444630861
0.999992788 0.001228364 -0.003572305 -0.001461870 -0.001202825 0.999973714 0.007142376 0.013305888 0.003580984 -0.007138027 0.999968112 2.460490227
0.999993026 0.000957470 -0.003608421 -0.001667620 -0.000930858 0.999972403 0.007369571 0.013454909 0.003615378 -0.007366160 0.999966383 2.476189137
0.999993682 0.000635587 -0.003494503 -0.001708644 -0.000609055 0.999971032 0.007588328 0.013745891 0.003499226 -0.007586151 0.999965072 2.490066051
0.999991715 0.002754146 -0.002980536 -0.002197225 -0.002730249 0.999964356 0.007992029 0.013639571 0.003002441 -0.007983826 0.999963641 2.503693104
0.999991536 0.002761874 -0.003061861 -0.001930509 -0.002737425 0.999964595 0.007960612 0.013701892 0.003083738 -0.007952163 0.999963641 2.516486883
0.999992430 0.003007509 -0.002452736 -0.002200513 -0.002988312 0.999965191 0.007793057 0.013859546 0.002476089 -0.007785670 0.999966621 2.528719902
0.999994755 0.002375500 -0.002174820 -0.002262303 -0.002358735 0.999967754 0.007679238 0.013859253 0.002192991 -0.007674068 0.999968171 2.540435314
0.999995291 0.002205458 -0.002148435 -0.002229598 -0.002189762 0.999971151 0.007281145 0.014075928 0.002164431 -0.007276407 0.999971211 2.551508665
0.999994874 0.002636574 -0.001778031 -0.002380218 -0.002625428 0.999977171 0.006242301 0.014108308 0.001794449 -0.006237601 0.999978960 2.562280893
0.999993503 0.003344981 -0.001308472 -0.002569081 -0.003338923 0.999983788 0.004604913 0.014195962 0.001323854 -0.004600515 0.999988556 2.572839022
0.999993026 0.003425680 -0.001481490 -0.002220389 -0.003419928 0.999986649 0.003868053 0.014053771 0.001494720 -0.003862960 0.999991417 2.582749367
0.999994993 0.002848776 -0.001411183 -0.002419086 -0.002844296 0.999990940 0.003166729 0.014326358 0.001420191 -0.003162699 0.999994040 2.593444586
0.999994636 0.003061052 -0.001150893 -0.002829231 -0.003057466 0.999990463 0.003104167 0.014119927 0.001160384 -0.003100631 0.999994516 2.603616238
0.999994755 0.002835158 -0.001547665 -0.002980193 -0.002830349 0.999991179 0.003100136 0.014037414 0.001556441 -0.003095740 0.999993980 2.613476753
0.999993980 0.003068454 -0.001611086 -0.003023835 -0.003063721 0.999991059 0.002931820 0.014322599 0.001620068 -0.002926867 0.999994338 2.623422384
0.999994755 0.002622309 -0.001892082 -0.003169772 -0.002616718 0.999992251 0.002950883 0.014393851 0.001899806 -0.002945917 0.999993801 2.633001089
0.999994278 0.002530398 -0.002246107 -0.002918951 -0.002524609 0.999993503 0.002576511 0.014582725 0.002252612 -0.002570825 0.999994099 2.642852545
0.999995053 0.002480082 -0.001915163 -0.003663104 -0.002476807 0.999995470 0.001710520 0.014668958 0.001919396 -0.001705768 0.999996662 2.651844740
0.999994457 0.002286235 -0.002398843 -0.003457253 -0.002282383 0.999996126 0.001607426 0.014719121 0.002402508 -0.001601942 0.999995828 2.662030935
0.999992907 0.002561081 -0.002751443 -0.003526317 -0.002555644 0.999994874 0.001977700 0.014752034 0.002756493 -0.001970654 0.999994278 2.670979977
0.999992728 0.002079083 -0.003183367 -0.003263038 -0.002071076 0.999994755 0.002516459 0.014443221 0.003188582 -0.002509847 0.999991834 2.680782080
0.999992013 0.002363155 -0.003227381 -0.003623651 -0.002355165 0.999994099 0.002477059 0.014601565 0.003233216 -0.002469438 0.999991655 2.689555883
0.999992132 0.001703931 -0.003573581 -0.003636472 -0.001693674 0.999994457 0.002871274 0.014762909 0.003578454 -0.002865198 0.999989510 2.698498964
0.999989510 0.002361636 -0.003905098 -0.003265674 -0.002350195 0.999992907 0.002931526 0.014590085 0.003911993 -0.002922317 0.999988019 2.707500458
0.999989688 0.002217191 -0.003979038 -0.003783385 -0.002205418 0.999993265 0.002960742 0.014675491 0.003985575 -0.002951936 0.999987662 2.715423584
0.999989748 0.001963883 -0.004077085 -0.003942882 -0.001952241 0.999994040 0.002857590 0.014946134 0.004082672 -0.002849601 0.999987602 2.723541975
0.999991000 0.001467850 -0.003991680 -0.004020469 -0.001455744 0.999994338 0.003034065 0.014863331 0.003996111 -0.003028227 0.999987423 2.730767965
0.999990940 0.000847853 -0.004168671 -0.004114312 -0.000831678 0.999992132 0.003880213 0.014563499 0.004171928 -0.003876711 0.999983788 2.738586187
0.999989212 0.000330768 -0.004631445 -0.003936113 -0.000311271 0.999991119 0.004209617 0.014733790 0.004632797 -0.004208130 0.999980390 2.745136738
0.999990344 0.000199568 -0.004380627 -0.004321003 -0.000177708 0.999987602 0.004990009 0.014373228 0.004381568 -0.004989183 0.999978006 2.751688957
0.999990702 0.000766743 -0.004219067 -0.004434278 -0.000744262 0.999985516 0.005327513 0.014646381 0.004223091 -0.005324324 0.999976873 2.757922173
0.999987781 0.001498896 -0.004706477 -0.004301464 -0.001471826 0.999982357 0.005749858 0.014522133 0.004715011 -0.005742861 0.999972403 2.763494968
0.999986887 0.001810995 -0.004778682 -0.004561272 -0.001782983 0.999981225 0.005859626 0.014702043 0.004789204 -0.005851028 0.999971449 2.767805099
0.999987125 0.001919209 -0.004677224 -0.004555129 -0.001894753 0.999984562 0.005227559 0.014985890 0.004687185 -0.005218629 0.999975443 2.771779537
0.999986827 0.001359722 -0.004951128 -0.004482801 -0.001336307 0.999988019 0.004729534 0.014733391 0.004957499 -0.004722857 0.999976516 2.775827169
0.999987543 0.001306805 -0.004816511 -0.004655084 -0.001288163 0.999991655 0.003871412 0.014883015 0.004821530 -0.003865158 0.999980867 2.778965950
0.999985874 0.001714881 -0.005020339 -0.004573975 -0.001697743 0.999992728 0.003415920 0.015028378 0.005026160 -0.003407350 0.999981523 2.782198429
0.999984860 0.002116463 -0.005080199 -0.004613921 -0.002096920 0.999990404 0.003849139 0.014725588 0.005088297 -0.003838428 0.999979675 2.785130978
0.999983847 0.001411331 -0.005506115 -0.004463526 -0.001389349 0.999991000 0.003993994 0.014729899 0.005511703 -0.003986280 0.999976814 2.787763834
0.999984145 0.001473414 -0.005438207 -0.004411222 -0.001450187 0.999989808 0.004272521 0.014771221 0.005444448 -0.004264567 0.999976099 2.790211201
0.999982655 0.001335496 -0.005736025 -0.004293066 -0.001313500 0.999991715 0.003836826 0.014930960 0.005741103 -0.003829225 0.999976158 2.792306662
0.999984145 0.001239699 -0.005500359 -0.004650876 -0.001218370 0.999991655 0.003879580 0.014810916 0.005505123 -0.003872817 0.999977350 2.794295788
0.999983370 0.001671465 -0.005524153 -0.004675250 -0.001652712 0.999992788 0.003397501 0.014743423 0.005529793 -0.003388315 0.999979019 2.795887947
0.999983549 0.001785868 -0.005444832 -0.004651268 -0.001770595 0.999994397 0.002808601 0.014714001 0.005449818 -0.002798914 0.999981165 2.798131943
0.999982476 0.001776206 -0.005636448 -0.004625560 -0.001758456 0.999993443 0.003152672 0.014515845 0.005642011 -0.003142705 0.999979079 2.799626350
0.999982059 0.001567628 -0.005785258 -0.004571657 -0.001549060 0.999993682 0.003212670 0.014639322 0.005790257 -0.003203650 0.999978065 2.801247358
0.999984026 0.001279640 -0.005497430 -0.004762669 -0.001262391 0.999994218 0.003140055 0.014741184 0.005501417 -0.003133065 0.999979913 2.802627325
0.999982834 0.001736624 -0.005585584 -0.004770041 -0.001720569 0.999994338 0.002877806 0.014924726 0.005590549 -0.002868146 0.999980211 2.804122448
0.999983490 0.001910932 -0.005407062 -0.004914674 -0.001895145 0.999993920 0.002923355 0.015017023 0.005412615 -0.002913060 0.999981105 2.805110216
0.999981880 0.001637693 -0.005787819 -0.004680188 -0.001621203 0.999994636 0.002852572 0.015047533 0.005792460 -0.002843138 0.999979079 2.806182623
0.999982059 0.001800947 -0.005706701 -0.004705570 -0.001783513 0.999993682 0.003058589 0.015009262 0.005712173 -0.003048357 0.999979019 2.806820631
0.999983132 0.001805292 -0.005514195 -0.004858871 -0.001787648 0.999993265 0.003202959 0.015019264 0.005519940 -0.003193047 0.999979556 2.806936979
0.999983251 0.001703301 -0.005522850 -0.004865572 -0.001684952 0.999993086 0.003325441 0.014996521 0.005528477 -0.003316080 0.999979138 2.806819439
0.999982417 0.001571193 -0.005707971 -0.004753635 -0.001552265 0.999993324 0.003318952 0.014875771 0.005713148 -0.003310034 0.999978065 2.806715727
0.999982715 0.001125702 -0.005764017 -0.004675675 -0.001113181 0.999997020 0.002174987 0.014887948 0.005766448 -0.002168533 0.999980927 2.806667566
0.999983549 0.001214395 -0.005608811 -0.004720245 -0.001206711 0.999998331 0.001373138 0.014989499 0.005610469 -0.001366348 0.999983251 2.806811810
0.999983847 0.001142244 -0.005571912 -0.004753751 -0.001132966 0.999997914 0.001667964 0.015051549 0.005573805 -0.001661624 0.999983072 2.806909323
0.999984026 0.001207825 -0.005528475 -0.004753850 -0.001200631 0.999998450 0.001304308 0.015039252 0.005530042 -0.001297650 0.999983788 2.806868792
0.999983609 0.001273744 -0.005589116 -0.004916397 -0.001268832 0.999998808 0.000882321 0.014839491 0.005590233 -0.000875215 0.999983966 2.806708336
0.999983549 0.001341844 -0.005573733 -0.004884054 -0.001337865 0.999998808 0.000717636 0.014816926 0.005574689 -0.000710168 0.999984205 2.806946754
0.999982476 0.001187541 -0.005801274 -0.004722482 -0.001185421 0.999999166 0.000368775 0.014932013 0.005801707 -0.000361891 0.999983072 2.807516098
0.999983847 0.001083583 -0.005590476 -0.004815775 -0.001081561 0.999999285 0.000364535 0.014937998 0.005590867 -0.000358482 0.999984324 2.807731628
0.999983728 0.001001787 -0.005624607 -0.004848964 -0.000998007 0.999999225 0.000674988 0.014850992 0.005625279 -0.000669364 0.999983907 2.808342934
0.999982834 0.001043538 -0.005773990 -0.004735252 -0.001038856 0.999999046 0.000813857 0.014856769 0.005774834 -0.000807845 0.999982953 2.809174776
0.999982953 0.001062736 -0.005747137 -0.004771792 -0.001059100 0.999999225 0.000635661 0.014868774 0.005747809 -0.000629564 0.999983251 2.809942722
0.999983072 0.001117662 -0.005711800 -0.004717013 -0.001116351 0.999999344 0.000232703 0.014943660 0.005712057 -0.000226322 0.999983668 2.810966730
0.999982357 0.001031200 -0.005843935 -0.004643445 -0.001032651 0.999999464 -0.000245227 0.015026067 0.005843678 0.000251257 0.999982893 2.811992407
0.999983430 0.001110976 -0.005650555 -0.004771633 -0.001118170 0.999998629 -0.001270256 0.015127160 0.005649136 0.001276553 0.999983311 2.813404560
0.999983788 0.001508619 -0.005494390 -0.004971519 -0.001519112 0.999996901 -0.001906136 0.015079801 0.005491499 0.001914452 0.999983072 2.815544605
0.999983251 0.001208259 -0.005662658 -0.004934862 -0.001222337 0.999996245 -0.002483364 0.014922349 0.005659638 0.002490244 0.999980867 2.817812204
0.999983013 0.001184643 -0.005707719 -0.004752260 -0.001200687 0.999995232 -0.002808330 0.014859273 0.005704365 0.002815134 0.999979794 2.820550442
0.999986172 0.000977213 -0.005166814 -0.005026568 -0.000993460 0.999994576 -0.003142925 0.014946366 0.005163715 0.003148014 0.999981761 2.823822975
0.999985337 0.000777702 -0.005339935 -0.004780439 -0.000794076 0.999994934 -0.003064875 0.014753044 0.005337525 0.003069070 0.999980986 2.827606916
0.999986529 0.000634239 -0.005142237 -0.004748431 -0.000651618 0.999994099 -0.003378651 0.014750795 0.005140064 0.003381957 0.999981046 2.831973791
0.999988377 0.000788228 -0.004735877 -0.004813332 -0.000808234 0.999990761 -0.004224027 0.014965094 0.004732504 0.004227806 0.999979854 2.836807251
0.999990106 0.000558866 -0.004387509 -0.004853135 -0.000577592 0.999990642 -0.004267855 0.014782201 0.004385085 0.004270347 0.999981165 2.842391491
0.999992371 0.000109351 -0.003908151 -0.004746153 -0.000131211 0.999984324 -0.005593671 0.015059462 0.003907478 0.005594141 0.999976695 2.848606110
0.999994040 -0.000111323 -0.003450409 -0.004919980 0.000089686 0.999980271 -0.006270301 0.014894063 0.003451040 0.006269954 0.999974430 2.855496168
0.999994457 0.000915202 -0.003205519 -0.004903776 -0.000937619 0.999975026 -0.006998661 0.015162105 0.003199034 0.007001627 0.999970317 2.863151789
0.999996662 0.000627071 -0.002517495 -0.005095784 -0.000645130 0.999974072 -0.007179020 0.015182123 0.002512928 0.007180620 0.999970973 2.871756077
0.999997973 0.000412779 -0.001979563 -0.005057297 -0.000426984 0.999974072 -0.007180676 0.014855608 0.001976547 0.007181506 0.999972284 2.880649090
0.999999166 -0.000052291 -0.001296566 -0.005183607 0.000042813 0.999973238 -0.007308704 0.015023546 0.001296914 0.007308641 0.999972463 2.890809774
0.999998927 -0.000898242 -0.001134061 -0.005031689 0.000889758 0.999971688 -0.007459344 0.015024886 0.001140729 0.007458328 0.999971569 2.901640892
0.999999642 -0.000586692 -0.000600001 -0.004839029 0.000581909 0.999968290 -0.007942141 0.015276289 0.000604642 0.007941787 0.999968290 2.913291454
0.999999940 0.000258247 0.000025597 -0.004863734 -0.000258022 0.999964297 -0.008446488 0.015250994 -0.000027778 0.008446480 0.999964356 2.925637722
0.999999821 -0.000076695 0.000538849 -0.004896456 0.000081613 0.999958277 -0.009132286 0.015094647 -0.000538126 0.009132329 0.999958158 2.939105988
0.999998927 -0.000322907 0.001467838 -0.005224285 0.000336226 0.999958754 -0.009082722 0.015127148 -0.001464844 0.009083204 0.999957681 2.952405691
0.999997139 -0.000828133 0.002210915 -0.005067187 0.000847022 0.999963045 -0.008556316 0.015082635 -0.002203747 0.008558164 0.999960959 2.966965437
0.999995053 -0.000713392 0.003040804 -0.005072014 0.000740001 0.999961436 -0.008758579 0.015224358 -0.003034438 0.008760788 0.999957025 2.982295036
0.999992847 -0.001264683 0.003568857 -0.005058798 0.001294503 0.999964118 -0.008365585 0.014892979 -0.003558150 0.008370145 0.999958634 2.997839689
0.999990046 -0.001094773 0.004313908 -0.004803255 0.001133588 0.999958754 -0.009005588 0.015268626 -0.004303872 0.009010388 0.999950111 3.015029430
0.999983847 -0.001933895 0.005347599 -0.004629524 0.001984127 0.999953806 -0.009404048 0.015233057 -0.005329166 0.009414507 0.999941468 3.032096386
0.999978065 -0.002529020 0.006136046 -0.004461916 0.002581422 0.999960124 -0.008547267 0.015084861 -0.006114185 0.008562919 0.999944568 3.050255537
0.999974251 -0.001589515 0.007002053 -0.004324792 0.001639952 0.999972701 -0.007203393 0.015186094 -0.006990412 0.007214691 0.999949515 3.068539143
0.999966323 -0.000458204 0.008204347 -0.004862960 0.000510017 0.999979913 -0.006314366 0.015235441 -0.008201289 0.006318337 0.999946356 3.088262558
0.999958813 -0.000457649 0.009063522 -0.004151551 0.000515034 0.999979794 -0.006330156 0.015379064 -0.009060444 0.006334563 0.999938846 3.107630253
0.999950111 -0.001024586 0.009939119 -0.003918018 0.001083872 0.999981582 -0.005961307 0.015459590 -0.009932832 0.005971782 0.999932826 3.128058434
0.999940038 -0.000215260 0.010948895 -0.004265174 0.000274555 0.999985337 -0.005414355 0.015097687 -0.010947570 0.005417037 0.999925375 3.149356604
0.999925196 0.000258339 0.012225822 -0.003687508 -0.000198969 0.999988198 -0.004857035 0.015691742 -0.012226933 0.004854239 0.999913454 3.169740915
0.999914289 -0.000429649 0.013084020 -0.003012810 0.000491406 0.999988794 -0.004717186 0.015789144 -0.013081844 0.004723211 0.999903262 3.191692114
0.999904394 -0.000181220 0.013828966 -0.002829444 0.000251183 0.999987185 -0.005057643 0.015925994 -0.013827870 0.005060632 0.999891579 3.214329958
0.999884129 -0.000214081 0.015218454 -0.002747912 0.000281158 0.999990284 -0.004405597 0.015894221 -0.015217362 0.004409365 0.999874473 3.236713409
0.999870181 -0.000904184 0.016088704 -0.002360277 0.000977607 0.999989212 -0.004556372 0.016070176 -0.016084410 0.004571509 0.999860227 3.260884047
0.999865532 -0.001289807 0.016343154 -0.001563437 0.001383774 0.999982655 -0.005739587 0.016468614 -0.016335467 0.005761432 0.999849916 3.285253763
0.999852359 -0.001405679 0.017127886 -0.001695845 0.001495262 0.999985278 -0.005218574 0.016021118 -0.017120300 0.005243414 0.999839604 3.309012890
0.999849856 -0.001294037 0.017278230 -0.001044542 0.001395993 0.999981701 -0.005890041 0.016457755 -0.017270291 0.005913276 0.999833345 3.334227562
0.999842465 -0.001539386 0.017676944 -0.000998728 0.001652279 0.999978364 -0.006373641 0.016119758 -0.017666750 0.006401845 0.999823391 3.359088898
0.999833703 -0.001270210 0.018191654 -0.000681899 0.001370737 0.999983907 -0.005514587 0.015916318 -0.018184356 0.005538606 0.999819219 3.384420633
0.999830902 -0.002752500 0.018177878 0.000100810 0.002830809 0.999986768 -0.004283594 0.016449936 -0.018165847 0.004334329 0.999825537 3.411993027
0.999832451 -0.001183330 0.018258508 0.000563033 0.001236689 0.999994993 -0.002911384 0.016516292 -0.018254975 0.002933477 0.999829054 3.437000513
0.999825001 -0.002368290 0.018552266 0.000587240 0.002396654 0.999996006 -0.001506807 0.016633013 -0.018548628 0.001551007 0.999826789 3.462340832
0.999830663 -0.003469178 0.018066218 0.000969753 0.003480375 0.999993742 -0.000588342 0.016636170 -0.018064069 0.000651119 0.999836564 3.490139484
0.999835432 -0.002013054 0.018026568 0.001729932 0.002009179 0.999997973 0.000233038 0.016257415 -0.018026996 -0.000196781 0.999837399 3.513522387
0.999833286 -0.002529514 0.018083235 0.001792882 0.002527073 0.999996841 0.000157856 0.016364304 -0.018083576 -0.000112132 0.999836385 3.539472103
0.999839723 -0.002215765 0.017762665 0.002194427 0.002221320 0.999997497 -0.000293017 0.016428521 -0.017761970 0.000332426 0.999842167 3.565500021
0.999840140 -0.000722112 0.017864566 0.002564173 0.000730594 0.999999583 -0.000468247 0.016317377 -0.017864220 0.000481224 0.999840319 3.593975067
0.999827802 -0.001466317 0.018500272 0.002997823 0.001487915 0.999998271 -0.001153704 0.016758500 -0.018498547 0.001181032 0.999828219 3.620948553
0.999856353 -0.001166390 0.016906964 0.004057717 0.001180228 0.999998927 -0.000808545 0.016459851 -0.016906001 0.000828383 0.999856770 3.647009611
0.999849319 -0.001308796 0.017308766 0.003940556 0.001339185 0.999997556 -0.001744198 0.016822509 -0.017306440 0.001767115 0.999848604 3.676225424
0.999864697 -0.002436357 0.016268691 0.004428428 0.002460555 0.999995887 -0.001467601 0.016826853 -0.016265048 0.001507432 0.999866545 3.702939510
0.999881387 -0.003693568 0.014950374 0.004837018 0.003708366 0.999992669 -0.000962178 0.017217332 -0.014946708 0.001017505 0.999887764 3.730581760
0.999905825 -0.005826752 0.012419535 0.005322520 0.005821448 0.999982953 0.000463140 0.017337563 -0.012422022 -0.000390797 0.999922752 3.759709597
0.999933720 -0.006427293 0.009540258 0.005642587 0.006417404 0.999978840 0.001066750 0.017654348 -0.009546913 -0.001005456 0.999953866 3.787961245
0.999949217 -0.007488027 0.006743300 0.005662808 0.007472435 0.999969363 0.002334526 0.017341953 -0.006760574 -0.002284018 0.999974489 3.816263199
0.999965906 -0.007512009 0.003409907 0.006428798 0.007503980 0.999969065 0.002361414 0.017554270 -0.003427539 -0.002335746 0.999991417 3.842241287
0.999969184 -0.007850601 0.000190547 0.006304900 0.007850246 0.999967456 0.001814666 0.018150842 -0.000204788 -0.001813114 0.999998331 3.871105433
0.999958754 -0.008141953 -0.004025552 0.006631214 0.008147142 0.999965966 0.001273776 0.018531168 0.004015044 -0.001306520 0.999991119 3.898270130
0.999911904 -0.008851538 -0.009889633 0.006495181 0.008863748 0.999959886 0.001191498 0.018874295 0.009878691 -0.001279052 0.999950349 3.926566362
0.999835610 -0.011030335 -0.014392908 0.005701862 0.011036166 0.999939024 0.000325764 0.020215338 0.014388437 -0.000484553 0.999896407 3.953490973
0.999785900 -0.007832674 -0.019151110 0.004566677 0.007880978 0.999965966 0.002448176 0.018172145 0.019131286 -0.002598581 0.999813616 3.981755972
0.999674916 -0.008032219 -0.024196312 0.003973350 0.008114940 0.999961555 0.003322453 0.018521667 0.024168694 -0.003517725 0.999701738 4.008294582
0.999509037 -0.008425219 -0.030179374 0.003312029 0.008540129 0.999956787 0.003680666 0.018348139 0.030147057 -0.003936594 0.999537706 4.035867691
0.999283016 -0.009835275 -0.036562458 0.002699152 0.010007570 0.999939620 0.004532308 0.017527206 0.036515675 -0.004894960 0.999321103 4.062047005
0.998972774 -0.013224553 -0.043341562 0.001958549 0.013394711 0.999903679 0.003637918 0.018529046 0.043289281 -0.004214729 0.999053717 4.089072227
0.998602390 -0.013573677 -0.051078178 0.001859039 0.013693723 0.999904215 0.002000962 0.017928772 0.051046126 -0.002697617 0.998692691 4.117146015
0.998299241 -0.013960430 -0.056601070 -0.000515461 0.014017260 0.999901533 0.000607144 0.019006038 0.056587018 -0.001399503 0.998396635 4.142773151
0.998077631 -0.012882214 -0.060620502 -0.006975397 0.012981035 0.999915004 0.001236608 0.016455416 0.060599409 -0.002021148 0.998160183 4.172089100
0.997689605 -0.013117391 -0.066660486 -0.009617120 0.013168251 0.999913156 0.000323618 0.016627410 0.066650465 -0.001200672 0.997775674 4.199829102
0.997355998 -0.012255215 -0.071629062 -0.012553126 0.012373033 0.999922693 0.001201352 0.016224341 0.071608797 -0.002084445 0.997430563 4.226365566
0.997014880 -0.011232087 -0.076389015 -0.015534014 0.011496237 0.999929309 0.003019094 0.016178476 0.076349705 -0.003888268 0.997073531 4.252499104
0.996539295 -0.009029519 -0.082631014 -0.015731573 0.009493607 0.999941289 0.005225197 0.016947817 0.082578987 -0.005991581 0.996566534 4.277670383
0.996198356 -0.008933817 -0.086654946 -0.019192368 0.009577227 0.999929488 0.007012071 0.017808031 0.086586215 -0.007815328 0.996213734 4.303943157
0.995905340 -0.007155741 -0.090118237 -0.021759033 0.007958739 0.999931633 0.008554298 0.017829506 0.090050898 -0.009236499 0.995894313 4.329061031
0.995622158 -0.005259272 -0.093322769 -0.024364769 0.006036696 0.999949396 0.008050147 0.018230943 0.093275711 -0.008578265 0.995603383 4.354709148
0.995472670 -0.003289213 -0.094991796 -0.027116209 0.003930997 0.999970615 0.006569858 0.018225607 0.094967403 -0.006913526 0.995456338 4.379906654
0.995332956 -0.001661664 -0.096486270 -0.029434204 0.002244093 0.999979854 0.005928183 0.018244706 0.096474484 -0.006117040 0.995316625 4.405231476
0.995292723 -0.000221698 -0.096914664 -0.031894624 0.000595207 0.999992490 0.003825108 0.019074464 0.096913077 -0.003864787 0.995285332 4.430225372
0.995364904 0.000706842 -0.096167840 -0.034575820 -0.000401641 0.999994874 0.003192951 0.019041318 0.096169591 -0.003139527 0.995360017 4.454707146
0.995388985 0.001367510 -0.095911145 -0.036704034 -0.001130183 0.999996126 0.002528725 0.018937640 0.095914237 -0.002408668 0.995386660 4.479818821
0.995541275 0.000437733 -0.094324805 -0.039174765 -0.000348445 0.999999464 0.000963065 0.020261260 0.094325170 -0.000925904 0.995540977 4.503750801
0.995703399 0.002728717 -0.092559583 -0.041617125 -0.002615853 0.999995649 0.001340675 0.018943645 0.092562839 -0.001092793 0.995706201 4.527492523
0.995980859 0.003711683 -0.089489922 -0.044455171 -0.003756216 0.999992847 -0.000329232 0.018964833 0.089488052 0.000664052 0.995987654 4.550998211
0.996263087 0.005838579 -0.086172625 -0.046856046 -0.005941334 0.999981940 -0.000936023 0.018390190 0.086165607 0.001444506 0.996279836 4.574774742
0.996482968 0.007686488 -0.083442062 -0.048053265 -0.007812811 0.999968767 -0.001187470 0.018800791 0.083430313 0.001835210 0.996511936 4.597759247
0.996848643 0.010257008 -0.078660622 -0.050097406 -0.010264813 0.999947309 0.000305139 0.018804993 0.078659616 0.000503259 0.996901393 4.620629787
0.997234523 0.011735101 -0.073386490 -0.051986575 -0.011618711 0.999930441 0.002012700 0.019018384 0.073404990 -0.001154478 0.997301579 4.643361568
0.997682512 0.013119578 -0.066763245 -0.053496242 -0.012885946 0.999909222 0.003928853 0.018886495 0.066808723 -0.003059441 0.997761130 4.665256023
0.998155653 0.012801722 -0.059340332 -0.054701269 -0.012532852 0.999909401 0.004900958 0.018791983 0.059397694 -0.004148216 0.998225808 4.686700344
0.998557806 0.014581853 -0.051668622 -0.055941701 -0.014385660 0.999887824 0.004167013 0.018668955 0.051723577 -0.003417717 0.998655617 4.708057880
0.998932123 0.015809759 -0.043411504 -0.056823730 -0.015713284 0.999873281 0.002562627 0.019014262 0.043446507 -0.001877753 0.999053955 4.728487492
0.999274611 0.016207138 -0.034461252 -0.057809360 -0.016186165 0.999868691 0.000887507 0.019185521 0.034471106 -0.000329068 0.999405682 4.748217583
0.999531984 0.016838768 -0.025539950 -0.057984479 -0.016847538 0.999858081 -0.000128317 0.019166073 0.025534164 0.000558542 0.999673784 4.768520832
0.999738574 0.016455898 -0.015875341 -0.058055639 -0.016481055 0.999863088 -0.001455100 0.018978477 0.015849225 0.001716362 0.999872863 4.787074089
0.999831378 0.017508205 -0.005547679 -0.057859622 -0.017523212 0.999842882 -0.002668832 0.019018579 0.005500082 0.002765595 0.999980986 4.805453777
0.999818683 0.018328030 0.005161205 -0.058075279 -0.018307412 0.999824345 -0.004014640 0.018732140 -0.005233876 0.003919424 0.999978602 4.823040962
0.999721289 0.017901123 0.015391393 -0.057673760 -0.017821053 0.999827027 -0.005324015 0.018815111 -0.015484040 0.005048241 0.999867380 4.839951992
0.999558091 0.015264349 0.025508342 -0.057182796 -0.015096393 0.999863148 -0.006764065 0.018541455 -0.025608100 0.006375992 0.999651670 4.856353760
0.999316812 0.012619792 0.034737028 -0.056326181 -0.012389256 0.999899805 -0.006843871 0.018538203 -0.034819923 0.006408829 0.999373019 4.872182846
0.998900652 0.013891151 0.044770103 -0.055563644 -0.013664270 0.999892175 -0.005369824 0.018297050 -0.044839866 0.004752170 0.998982906 4.887833595
0.998390079 0.016095523 0.054389291 -0.054691076 -0.015942106 0.999867618 -0.003253456 0.018363595 -0.054434460 0.002381137 0.998514533 4.903104305
0.997831404 0.018053701 0.063295715 -0.053832680 -0.017984865 0.999836862 -0.001657238 0.018260989 -0.063315302 0.000515278 0.997993529 4.917746067
0.997303545 0.016753716 0.071449034 -0.052480727 -0.016787104 0.999859095 -0.000133202 0.018145734 -0.071441196 -0.001066580 0.997444272 4.931796074
0.996739268 0.012607518 0.079698935 -0.050989777 -0.012662926 0.999919832 0.000189853 0.017997080 -0.079690151 -0.001198456 0.996818900 4.945524693
