0.999999940 -0.000348402 -0.000077264 -0.000259177 0.000348384 0.999999881 -0.000232078 0.000220321 0.000077344 0.000232051 0.999999881 0.043027319
0.999999523 -0.000949617 -0.000005165 -0.000314153 0.000949620 0.999999404 0.000486155 0.000634873 0.000004704 -0.000486160 0.999999881 0.086326860
0.999998808 -0.001549075 -0.000096426 -0.000388701 0.001549276 0.999996483 0.002122653 0.000836986 0.000093137 -0.002122800 0.999997735 0.129420325
0.999999702 -0.000644231 -0.000105219 -0.000490921 0.000644440 0.999997795 0.001996120 0.001265242 0.000103933 -0.001996188 0.999997914 0.172738552
1.000000000 0.000140521 -0.000073434 -0.000740103 -0.000140390 0.999998391 0.001780317 0.001595496 0.000073684 -0.001780307 0.999998391 0.216044679
0.999999583 0.000901753 -0.000269108 -0.000670661 -0.000900938 0.999994993 0.003011127 0.001523216 0.000271822 -0.003010883 0.999995410 0.259862393
0.999999166 0.001256938 -0.000307927 -0.000751217 -0.001255968 0.999994338 0.003130052 0.002028072 0.000311859 -0.003129663 0.999995053 0.303561240
0.999997795 0.002097227 -0.000281567 -0.000864357 -0.002096244 0.999991834 0.003448107 0.002274648 0.000288796 -0.003447509 0.999993980 0.347366005
0.999998093 0.001947345 0.000147838 -0.001061296 -0.001947848 0.999992013 0.003476642 0.002223968 -0.000141066 -0.003476924 0.999993920 0.389593303
0.999995947 0.002811557 0.000058785 -0.001541698 -0.002811719 0.999991715 0.002952273 0.002853431 -0.000050484 -0.002952427 0.999995589 0.434502333
0.999994397 0.003273151 0.000742468 -0.001716019 -0.003274692 0.999992490 0.002084544 0.003542295 -0.000735639 -0.002086964 0.999997556 0.476438224
0.999989867 0.004043562 0.002041367 -0.001892773 -0.004050794 0.999985576 0.003550832 0.003409499 -0.002026979 -0.003559065 0.999991715 0.517516136
0.999988735 0.004310968 0.001994720 -0.001697541 -0.004317689 0.999984980 0.003377582 0.003917663 -0.001980129 -0.003386156 0.999992311 0.561720133
0.999992549 0.002862689 0.002591391 -0.001867605 -0.002872563 0.999988616 0.003815055 0.004086906 -0.002580440 -0.003822470 0.999989390 0.605473042
0.999990284 0.002837368 0.003358314 -0.001989910 -0.002851301 0.999987245 0.004151447 0.004383945 -0.003346492 -0.004160983 0.999985695 0.646106184
0.999987841 0.002535558 0.004226581 -0.002554150 -0.002557631 0.999983013 0.005225177 0.004360792 -0.004213260 -0.005235925 0.999977410 0.688781500
0.999986112 0.002261251 0.004755023 -0.002177405 -0.002283413 0.999986529 0.004660612 0.004809984 -0.004744420 -0.004671407 0.999977767 0.730369866
0.999988675 0.001963483 0.004338494 -0.001701671 -0.001980177 0.999990702 0.003846891 0.005431540 -0.004330900 -0.003855439 0.999983132 0.773862481
0.999981105 0.002036956 0.005785653 -0.002107168 -0.002054097 0.999993443 0.002958212 0.005530323 -0.005779589 -0.002970040 0.999978900 0.813886166
0.999977648 0.001917694 0.006405539 -0.002191831 -0.001940282 0.999991953 0.003522061 0.005835959 -0.006398732 -0.003534411 0.999973297 0.854997933
0.999972880 0.002217525 0.007027463 -0.002143691 -0.002246936 0.999988675 0.004179932 0.005590436 -0.007018114 -0.004195608 0.999966562 0.896719098
0.999963462 0.003318782 0.007881382 -0.003001158 -0.003354775 0.999983966 0.004557974 0.005787476 -0.007866128 -0.004584248 0.999958575 0.937201440
0.999957442 0.004169607 0.008242890 -0.002857319 -0.004186389 0.999989212 0.002019711 0.006619942 -0.008234381 -0.002054132 0.999963999 0.978162050
0.999944210 0.005888523 0.008770806 -0.002450349 -0.005894245 0.999982417 0.000626737 0.006160726 -0.008766960 -0.000678399 0.999961376 1.018700361
0.999942064 0.005055097 0.009501011 -0.001829805 -0.005081377 0.999983311 0.002743908 0.005977532 -0.009486982 -0.002792027 0.999951124 1.058691025
0.999948621 0.003973324 0.009317956 -0.001588729 -0.004029926 0.999973476 0.006063773 0.005787854 -0.009293617 -0.006101012 0.999938190 1.099340439
0.999953389 0.002040884 0.009436009 -0.000972608 -0.002105051 0.999974668 0.006795292 0.007207238 -0.009421901 -0.006814839 0.999932408 1.140075922
0.999953449 0.002564847 0.009301679 0.000327360 -0.002617356 0.999980688 0.005637316 0.006817979 -0.009287041 -0.005661400 0.999940872 1.179110408
0.999958038 0.000446481 0.009153516 0.000228473 -0.000496757 0.999984860 0.005490931 0.006546393 -0.009150926 -0.005495247 0.999943018 1.219737649
0.999963880 0.000721212 0.008468905 0.000881637 -0.000749922 0.999994040 0.003387355 0.007309430 -0.008466410 -0.003393584 0.999958456 1.260929346
0.999956846 0.001191094 0.009215331 0.000356289 -0.001213522 0.999996305 0.002428529 0.007266073 -0.009212404 -0.002439607 0.999954581 1.297087908
0.999965727 0.000822303 0.008235767 0.001236553 -0.000841343 0.999997020 0.002308777 0.007599044 -0.008233843 -0.002315627 0.999963403 1.336694241
0.999968588 0.000884359 0.007884076 0.001313619 -0.000911201 0.999993742 0.003401666 0.006815219 -0.007881019 -0.003408743 0.999963105 1.373750567
0.999973357 0.001444974 0.007156966 0.001709648 -0.001475538 0.999989808 0.004267127 0.006785238 -0.007150726 -0.004277574 0.999965250 1.413236737
0.999975145 0.001063713 0.006979337 0.001546109 -0.001108517 0.999978781 0.006418886 0.006464248 -0.006972361 -0.006426464 0.999954998 1.451108456
0.999979973 0.001281921 0.006202572 0.001716770 -0.001333463 0.999964595 0.008312646 0.006070456 -0.006191696 -0.008320751 0.999946237 1.490854859
0.999982834 0.001798084 0.005581268 0.001689859 -0.001838617 0.999971926 0.007265762 0.007227858 -0.005568047 -0.007275899 0.999957979 1.528624654
0.999988377 0.000343321 0.004821672 0.001957971 -0.000379501 0.999971807 0.007504664 0.007607758 -0.004818960 -0.007506407 0.999960184 1.567702770
0.999988437 -0.001205867 0.004671438 0.002341545 0.001169376 0.999968886 0.007806408 0.007483254 -0.004680706 -0.007800854 0.999958575 1.603471160
0.999991953 -0.000862828 0.003920456 0.002475945 0.000835797 0.999975860 0.006891089 0.008898753 -0.003926308 -0.006887757 0.999968588 1.641513467
0.999995172 -0.000532904 0.003071127 0.003338658 0.000518808 0.999989331 0.004588526 0.010032230 -0.003073540 -0.004586911 0.999984741 1.678581119
0.999996722 0.000164128 0.002559775 0.003256862 -0.000171818 0.999995470 0.003004351 0.009681737 -0.002559271 -0.003004781 0.999992251 1.715413690
0.999997377 -0.000838981 0.002098928 0.002475245 0.000834551 0.999997437 0.002110376 0.009114127 -0.002100693 -0.002108619 0.999995589 1.753215313
0.999997675 0.000296993 0.002124354 0.002140822 -0.000302133 0.999997079 0.002419585 0.009429917 -0.002123629 -0.002420221 0.999994874 1.789651155
0.999997079 0.001164850 0.002072423 0.001688244 -0.001172834 0.999991894 0.003855564 0.009408667 -0.002067915 -0.003857983 0.999990463 1.825696230
0.999998569 0.000874264 0.001439603 0.002387279 -0.000882926 0.999981463 0.006027323 0.008734010 -0.001434306 -0.006028586 0.999980807 1.862837911
0.999999583 0.000325670 0.000910107 0.002813064 -0.000331584 0.999978840 0.006506175 0.009370414 -0.000907968 -0.006506474 0.999978364 1.899658084
0.999999166 0.001120492 0.000578537 0.002720559 -0.001124497 0.999975145 0.006969679 0.009921695 -0.000570713 -0.006970324 0.999975562 1.935337305
0.999998569 -0.000812551 0.001482843 0.001380932 0.000798946 0.999957800 0.009152751 0.009533445 -0.001490218 -0.009151552 0.999957025 1.969598651
0.999999464 -0.000390046 0.000940580 0.001562593 0.000381089 0.999954700 0.009504203 0.011158812 -0.000944244 -0.009503838 0.999954343 2.006127119
0.999997020 -0.001609209 0.001817328 -0.000113652 0.001590355 0.999945402 0.010329022 0.010882502 -0.001833850 -0.010326101 0.999944985 2.039390087
0.999998391 0.000242097 0.001778413 -0.000398882 -0.000254986 0.999973655 0.007250640 0.012908267 -0.001776610 -0.007251080 0.999972105 2.072991610
0.999998987 0.000120667 0.001431954 0.000442927 -0.000131438 0.999971628 0.007523810 0.013071768 -0.001431007 -0.007523990 0.999970675 2.106606007
0.999996781 -0.000468181 0.002511572 -0.000818081 0.000452261 0.999979734 0.006335242 0.014104589 -0.002514487 -0.006334085 0.999976814 2.137834787
0.999995351 -0.000566703 0.003001877 -0.001399555 0.000548163 0.999980807 0.006173639 0.013701842 -0.003005318 -0.006171964 0.999976456 2.167989492
0.999996305 0.000727694 0.002626672 -0.000170142 -0.000746303 0.999974549 0.007090617 0.013478643 -0.002621445 -0.007092551 0.999971330 2.198159933
0.999994159 0.001863086 0.002885644 -0.000419643 -0.001885394 0.999968290 0.007747294 0.014126651 -0.002871117 -0.007752690 0.999965727 2.225474834
0.999990284 0.001704092 0.004071918 -0.001691028 -0.001742185 0.999954641 0.009370021 0.012672903 -0.004055766 -0.009377023 0.999947786 2.251949549
0.999995828 0.000728525 0.002827941 0.000101441 -0.000754057 0.999958873 0.009037976 0.014089866 -0.002821241 -0.009040070 0.999955177 2.280364513
0.999994040 0.001122428 0.003240454 -0.000535339 -0.001155871 0.999945939 0.010337105 0.013499483 -0.003228676 -0.010340789 0.999941349 2.305431366
0.999992490 0.000436764 0.003838636 -0.000620541 -0.000474297 0.999952137 0.009782225 0.013304349 -0.003834180 -0.009783973 0.999944746 2.329195499
0.999992073 0.000980087 0.003852077 -0.000360912 -0.001010635 0.999968112 0.007936360 0.014210018 -0.003844176 -0.007940191 0.999961078 2.354130507
0.999992013 0.001601747 0.003671773 0.000007947 -0.001627855 0.999973416 0.007118598 0.014489717 -0.003660273 -0.007124517 0.999967992 2.377264738
0.999990642 0.000951458 0.004225482 -0.000496609 -0.000978445 0.999979138 0.006389309 0.014316978 -0.004219315 -0.006393384 0.999970675 2.399040461
0.999993384 -0.000532843 0.003618578 -0.000395715 0.000516047 0.999989033 0.004641201 0.014266508 -0.003621012 -0.004639302 0.999982655 2.419786215
0.999994874 -0.000175114 0.003200128 -0.000311148 0.000164506 0.999994516 0.003314809 0.014284726 -0.003200690 -0.003314266 0.999989390 2.441481352
0.999998033 -0.000114637 0.001972484 -0.000057277 0.000112198 0.999999285 0.001236474 0.014495019 -0.001972624 -0.001236251 0.999997199 2.462572336
0.999998152 0.000129944 0.001933984 -0.000832198 -0.000131101 0.999999821 0.000598033 0.014666864 -0.001933905 -0.000598286 0.999997973 2.483520031
0.999999762 0.000276193 0.000633869 -0.000461012 -0.000277304 0.999998450 0.001753905 0.014452433 -0.000633384 -0.001754080 0.999998271 2.502726078
0.999999821 -0.000339647 -0.000490790 -0.000124482 0.000340780 0.999997258 0.002309301 0.014431993 0.000490004 -0.002309468 0.999997258 2.522479296
0.999998808 0.000222685 -0.001513332 -0.000120820 -0.000217713 0.999994576 0.003284468 0.014564253 0.001514055 -0.003284134 0.999993503 2.542837381
0.999998093 0.001222051 -0.001480398 -0.000526269 -0.001215736 0.999990165 0.004259085 0.014398814 0.001485588 -0.004257278 0.999989808 2.561626196
0.999996841 0.002028019 -0.001451897 -0.000942126 -0.002020733 0.999985456 0.005002448 0.014737398 0.001462021 -0.004999499 0.999986410 2.581326962
0.999995947 0.000881428 -0.002698179 -0.000307821 -0.000867743 0.999986708 0.005068774 0.014643854 0.002702611 -0.005066412 0.999983430 2.599251509
0.999994159 0.002399536 -0.002405787 -0.000966028 -0.002386134 0.999981701 0.005558099 0.015093854 0.002419080 -0.005552327 0.999981642 2.616310835
0.999995649 0.001490584 -0.002561027 -0.000912265 -0.001475274 0.999981105 0.005969668 0.015041407 0.002569878 -0.005965864 0.999978900 2.632834673
0.999995172 0.001771862 -0.002536786 -0.001019026 -0.001755096 0.999976695 0.006596307 0.015050404 0.002548415 -0.006591823 0.999974966 2.649706125
0.999993384 0.002225777 -0.002846972 -0.001033880 -0.002205736 0.999972880 0.007023375 0.015304760 0.002862528 -0.007017049 0.999971271 2.665765047
0.999992430 0.003525380 -0.001628396 -0.001727276 -0.003512938 0.999965131 0.007581376 0.014774984 0.001655067 -0.007575599 0.999969900 2.679749250
0.999990106 0.004059055 -0.001807375 -0.001734480 -0.004045518 0.999964118 0.007431740 0.014865138 0.001837476 -0.007424356 0.999970734 2.693909407
0.999991000 0.004011432 -0.001352752 -0.001721133 -0.004000987 0.999962807 0.007637387 0.014803644 0.001383338 -0.007631905 0.999969900 2.706315041
0.999992073 0.003833425 -0.001017264 -0.001805395 -0.003825878 0.999965906 0.007319122 0.014914852 0.001045286 -0.007315173 0.999972641 2.718851089
0.999991953 0.003867692 -0.001024028 -0.001323311 -0.003860991 0.999971628 0.006465703 0.015150392 0.001049006 -0.006461697 0.999978542 2.731125593
0.999991536 0.004060331 -0.000652347 -0.001587649 -0.004057009 0.999979198 0.005013365 0.015393774 0.000672690 -0.005010676 0.999987185 2.743831158
0.999993026 0.003725073 -0.000287347 -0.001975443 -0.003723819 0.999984026 0.004245463 0.015262126 0.000303157 -0.004244363 0.999990940 2.753549576
0.999994338 0.003335236 -0.000415205 -0.001871916 -0.003333869 0.999989092 0.003249731 0.015394494 0.000426039 -0.003248329 0.999994636 2.764387608
0.999992132 0.003970269 -0.000269813 -0.002028993 -0.003969632 0.999989450 0.002323144 0.015488488 0.000279033 -0.002322054 0.999997258 2.776321888
0.999992490 0.003889666 -0.000170542 -0.002271146 -0.003889335 0.999990642 0.001898701 0.015890887 0.000177926 -0.001898022 0.999998212 2.787346840
0.999994516 0.003300747 -0.000391467 -0.001950456 -0.003299946 0.999992430 0.002029818 0.015657622 0.000398164 -0.002028515 0.999997854 2.797436237
0.999992013 0.003931467 -0.000686863 -0.002005521 -0.003930247 0.999990761 0.001767583 0.016177427 0.000693805 -0.001764869 0.999998212 2.809545755
0.999993384 0.003374855 -0.001390972 -0.001650356 -0.003372949 0.999993384 0.001370258 0.016400965 0.001395587 -0.001365556 0.999998093 2.820610046
0.999994218 0.003359312 -0.000523489 -0.003193170 -0.003358792 0.999993920 0.000992423 0.016755220 0.000526820 -0.000990659 0.999999404 2.830459356
0.999994874 0.003115274 -0.000742009 -0.003155106 -0.003114828 0.999994934 0.000602601 0.016586324 0.000743882 -0.000600286 0.999999523 2.841894388
0.999994516 0.003042095 -0.001293094 -0.003056855 -0.003040757 0.999994814 0.001035194 0.015828377 0.001296236 -0.001031256 0.999998629 2.850219965
0.999992371 0.003641685 -0.001368139 -0.003456375 -0.003638942 0.999991357 0.002002503 0.015384719 0.001375419 -0.001997509 0.999997079 2.859860897
0.999993622 0.003011413 -0.001922370 -0.003042931 -0.003007883 0.999993801 0.001836503 0.015696935 0.001927889 -0.001830709 0.999996483 2.870380402
0.999992728 0.002846099 -0.002536438 -0.002786775 -0.002841468 0.999994278 0.001827634 0.015805537 0.002541626 -0.001820414 0.999995053 2.880551100
0.999991953 0.003189481 -0.002427658 -0.003115716 -0.003184501 0.999992788 0.002052644 0.015761357 0.002434187 -0.002044897 0.999994934 2.890572309
0.999991357 0.003164535 -0.002706157 -0.003070625 -0.003157737 0.999991775 0.002512646 0.015629929 0.002714087 -0.002504079 0.999993265 2.899136066
0.999992192 0.002765795 -0.002827783 -0.003428321 -0.002758358 0.999992609 0.002630748 0.015741419 0.002835038 -0.002622928 0.999992609 2.908544064
0.999992251 0.002581314 -0.002976163 -0.003420323 -0.002574255 0.999993861 0.002373454 0.015921142 0.002982272 -0.002365774 0.999992728 2.916760683
0.999993205 0.001978070 -0.003124764 -0.003485978 -0.001969053 0.999993861 0.002886346 0.015900804 0.003130455 -0.002880172 0.999990940 2.924862623
0.999993563 0.001546716 -0.003235813 -0.003381746 -0.001535224 0.999992490 0.003551131 0.015631407 0.003241282 -0.003546140 0.999988437 2.933378458
0.999992490 0.000712990 -0.003791149 -0.003284714 -0.000698863 0.999992788 0.003726469 0.015791470 0.003793779 -0.003723792 0.999985814 2.941412687
0.999992907 0.000593813 -0.003698055 -0.003468282 -0.000578398 0.999991059 0.004168192 0.015855260 0.003700497 -0.004166024 0.999984384 2.948553562
0.999992907 0.001308103 -0.003528744 -0.003672427 -0.001291742 0.999988377 0.004634762 0.015948294 0.003534765 -0.004630171 0.999983013 2.955389023
0.999991536 0.002168141 -0.003528492 -0.003850841 -0.002150355 0.999984980 0.005036736 0.015892649 0.003539361 -0.005029105 0.999981105 2.959899426
0.999990165 0.002462618 -0.003701751 -0.003926338 -0.002443423 0.999983549 0.005180846 0.016048938 0.003714449 -0.005171749 0.999979794 2.965028524
0.999989152 0.002388351 -0.003995063 -0.003804264 -0.002369602 0.999986112 0.004691301 0.016267629 0.004006213 -0.004681784 0.999981046 2.969403028
0.999990642 0.001877232 -0.003904484 -0.003862329 -0.001860754 0.999989390 0.004219459 0.015958881 0.003912363 -0.004212155 0.999983490 2.973107100
0.999989867 0.002075742 -0.004014600 -0.003991554 -0.002062330 0.999992311 0.003341955 0.016098903 0.004021505 -0.003333641 0.999986410 2.976567745
0.999988854 0.002357149 -0.004086715 -0.004002184 -0.002344180 0.999992251 0.003175342 0.015991360 0.004094168 -0.003165727 0.999986649 2.980113268
0.999988139 0.002864096 -0.003951975 -0.004074886 -0.002852236 0.999991417 0.003003575 0.016126802 0.003960543 -0.002992266 0.999987602 2.983310938
0.999987364 0.002177322 -0.004552803 -0.003783357 -0.002163445 0.999993086 0.003050966 0.016043253 0.004559414 -0.003041077 0.999984920 2.986180544
0.999988377 0.002317183 -0.004237772 -0.003951272 -0.002304727 0.999993026 0.002941798 0.016221743 0.004244558 -0.002931996 0.999986649 2.988767147
0.999988258 0.001929309 -0.004461595 -0.003938722 -0.001915931 0.999993682 0.003000655 0.016239433 0.004467355 -0.002992071 0.999985576 2.991237879
0.999988198 0.001927191 -0.004450365 -0.004056600 -0.001913562 0.999993443 0.003064634 0.015958635 0.004456243 -0.003056081 0.999985337 2.993393660
0.999986351 0.002267732 -0.004706390 -0.003909563 -0.002256881 0.999994814 0.002309876 0.016130760 0.004711605 -0.002299223 0.999986231 2.995446682
0.999986351 0.002053124 -0.004811342 -0.003735767 -0.002043915 0.999996126 0.001918114 0.016169230 0.004815262 -0.001908254 0.999986589 2.997572899
0.999986529 0.002328538 -0.004657254 -0.004120828 -0.002319569 0.999995470 0.001930489 0.016107667 0.004661729 -0.001919660 0.999987304 2.999085903
0.999987364 0.002040874 -0.004603249 -0.004036636 -0.002030462 0.999995410 0.002265420 0.015966885 0.004607851 -0.002256044 0.999986887 3.000833511
0.999987185 0.002076997 -0.004621837 -0.004127640 -0.002067134 0.999995708 0.002137760 0.016176861 0.004626257 -0.002128179 0.999987006 3.001996517
0.999986231 0.002654335 -0.004525388 -0.004280719 -0.002644713 0.999994278 0.002130992 0.016199734 0.004531019 -0.002118995 0.999987483 3.003165960
0.999987185 0.002561244 -0.004381181 -0.004325424 -0.002550478 0.999993742 0.002461098 0.016062150 0.004387458 -0.002449893 0.999987364 3.004470110
0.999985993 0.002309528 -0.004763851 -0.004219274 -0.002297597 0.999994218 0.002508631 0.016041445 0.004769617 -0.002497651 0.999985516 3.005527020
0.999986768 0.002347324 -0.004594761 -0.004278066 -0.002334759 0.999993563 0.002738234 0.016024727 0.004601160 -0.002727470 0.999985695 3.006160021
0.999987304 0.002353328 -0.004456786 -0.004406807 -0.002340659 0.999993324 0.002845600 0.016058894 0.004463451 -0.002835132 0.999985993 3.006417036
0.999986887 0.002247994 -0.004605507 -0.004257032 -0.002234281 0.999993026 0.002980535 0.016063422 0.004612176 -0.002970206 0.999984980 3.006595612
0.999987304 0.002096448 -0.004565127 -0.004319214 -0.002084350 0.999994278 0.002653297 0.016145326 0.004570663 -0.002643748 0.999986112 3.006497145
0.999986708 0.001656734 -0.004894630 -0.003988803 -0.001648447 0.999997199 0.001696670 0.016029363 0.004897427 -0.001688579 0.999986589 3.006407738
0.999987781 0.001749807 -0.004630183 -0.004297910 -0.001745744 0.999998093 0.000881375 0.016041102 0.004631716 -0.000873281 0.999988854 3.006118298
0.999987602 0.001546244 -0.004749943 -0.004085531 -0.001540905 0.999998093 0.001127510 0.016182857 0.004751677 -0.001120177 0.999988079 3.006527424
0.999987125 0.001428555 -0.004865407 -0.003992426 -0.001424742 0.999998629 0.000787068 0.016226957 0.004866525 -0.000780126 0.999987841 3.006418705
0.999986768 0.001674373 -0.004858092 -0.004079184 -0.001672879 0.999998450 0.000311475 0.016079077 0.004858606 -0.000303344 0.999988139 3.006419182
0.999986768 0.001732695 -0.004826414 -0.004077545 -0.001732157 0.999998450 0.000115802 0.016003205 0.004826607 -0.000107440 0.999988317 3.006676435
0.999986947 0.001839512 -0.004753765 -0.004154074 -0.001840062 0.999998212 -0.000111207 0.016082091 0.004753552 0.000119953 0.999988675 3.007091045
0.999987245 0.001758594 -0.004759556 -0.004164425 -0.001759594 0.999998450 -0.000205895 0.016103366 0.004759188 0.000214267 0.999988496 3.007389307
0.999988377 0.001661827 -0.004564677 -0.004347900 -0.001661294 0.999998689 0.000120559 0.016066499 0.004564872 -0.000112975 0.999989450 3.007955551
0.999989212 0.001810128 -0.004318751 -0.004523972 -0.001809328 0.999998450 0.000189162 0.016012855 0.004319087 -0.000181347 0.999990523 3.008700609
0.999989688 0.001769861 -0.004225091 -0.004678622 -0.001770537 0.999998391 -0.000156221 0.016105102 0.004224808 0.000163700 0.999990940 3.009474516
0.999988139 0.001661433 -0.004608998 -0.004223449 -0.001662737 0.999998629 -0.000279084 0.016135234 0.004608528 0.000286744 0.999989271 3.010984421
0.999987781 0.001617938 -0.004668292 -0.004284591 -0.001621679 0.999998331 -0.000797855 0.016175130 0.004666993 0.000805416 0.999988794 3.011982918
0.999985635 0.001431503 -0.005173646 -0.004032483 -0.001440397 0.999997497 -0.001715738 0.016399227 0.005171178 0.001723166 0.999985099 3.013775587
0.999986291 0.001853587 -0.004890315 -0.004245779 -0.001867083 0.999994457 -0.002756587 0.016516184 0.004885178 0.002765680 0.999984205 3.015705347
0.999986231 0.001773143 -0.004932273 -0.004160208 -0.001790540 0.999992132 -0.003525094 0.016620941 0.004925984 0.003533878 0.999981582 3.018169165
0.999987662 0.001664366 -0.004704668 -0.004167222 -0.001681834 0.999991775 -0.003711408 0.016221773 0.004698452 0.003719274 0.999982119 3.021265507
0.999987841 0.001555533 -0.004675463 -0.004104229 -0.001574500 0.999990642 -0.004055759 0.016337121 0.004669110 0.004063072 0.999980986 3.024807215
0.999988019 0.001354549 -0.004704089 -0.003878495 -0.001374206 0.999990404 -0.004177832 0.016257763 0.004698385 0.004184246 0.999980271 3.029357910
0.999991775 0.001415638 -0.003801670 -0.004353480 -0.001432043 0.999989688 -0.004315916 0.016280781 0.003795522 0.004321325 0.999983490 3.033221245
0.999992371 0.001383178 -0.003663647 -0.004212038 -0.001401733 0.999986231 -0.005066865 0.016416147 0.003656587 0.005071962 0.999980509 3.038750887
0.999994874 0.001133159 -0.002995872 -0.004570461 -0.001149426 0.999984622 -0.005433685 0.016227346 0.002989668 0.005437101 0.999980807 3.044807673
0.999995649 0.001044128 -0.002781117 -0.004367087 -0.001061763 0.999979377 -0.006346870 0.016406082 0.002774432 0.006349795 0.999975979 3.052208424
0.999997020 0.000921496 -0.002258192 -0.004540220 -0.000937307 0.999974906 -0.007010582 0.016312206 0.002251675 0.007012676 0.999972880 3.058988094
0.999996781 0.001406945 -0.002095201 -0.004463882 -0.001422836 0.999970019 -0.007602156 0.016458750 0.002084442 0.007605113 0.999968946 3.067348003
0.999997556 0.001631593 -0.001503163 -0.004604554 -0.001644167 0.999963403 -0.008401649 0.016753664 0.001489399 0.008404100 0.999963582 3.076701164
0.999998689 0.001398780 -0.000755055 -0.004654785 -0.001404680 0.999968052 -0.007871081 0.016273199 0.000744021 0.007872133 0.999968767 3.086093664
0.999999702 0.000818419 -0.000143730 -0.004706800 -0.000819567 0.999966323 -0.008170148 0.016462164 0.000137038 0.008170264 0.999966621 3.097306967
0.999999940 -0.000094527 0.000199822 -0.004690021 0.000096105 0.999968767 -0.007910011 0.016236674 -0.000199068 0.007910032 0.999968708 3.108886242
0.999999583 0.000243828 0.000888616 -0.004758556 -0.000236411 0.999965131 -0.008337483 0.016417963 -0.000890618 0.008337267 0.999964774 3.121026039
0.999998748 0.000859721 0.001346628 -0.004840706 -0.000847979 0.999961793 -0.008695479 0.016334428 -0.001354052 0.008694323 0.999961257 3.134102345
0.999998987 0.000505717 0.001336862 -0.004629381 -0.000492819 0.999953449 -0.009630349 0.016340351 -0.001341670 0.009629679 0.999952614 3.148938417
0.999997377 0.000187506 0.002268266 -0.004678594 -0.000166473 0.999957025 -0.009269642 0.016147485 -0.002269906 0.009269238 0.999954462 3.163857937
0.999993742 -0.000621951 0.003483958 -0.004749125 0.000653374 0.999959052 -0.009025400 0.016133491 -0.003478201 0.009027619 0.999953210 3.178976774
0.999990165 -0.000027006 0.004429054 -0.005111171 0.000070025 0.999952793 -0.009713140 0.016599568 -0.004428582 0.009713354 0.999943078 3.195242882
0.999986291 0.000638047 0.005200873 -0.004926825 -0.000586805 0.999951363 -0.009848025 0.016775291 -0.005206904 0.009844837 0.999937952 3.213393688
0.999983966 -0.000627886 0.005629553 -0.004306629 0.000682052 0.999953508 -0.009624988 0.016482981 -0.005623248 0.009628673 0.999937832 3.231909513
0.999976158 -0.001079697 0.006816338 -0.004174197 0.001148999 0.999947608 -0.010171200 0.016579039 -0.006804999 0.010178789 0.999925017 3.249364376
0.999970853 -0.001385350 0.007517939 -0.003960593 0.001458380 0.999951720 -0.009717352 0.016501285 -0.007504114 0.009728031 0.999924481 3.268848181
0.999965608 -0.000060279 0.008303918 -0.003823923 0.000132613 0.999962032 -0.008710491 0.016701560 -0.008303079 0.008711291 0.999927521 3.289180517
0.999951541 0.001480184 0.009734353 -0.004055578 -0.001403378 0.999967933 -0.007892395 0.016896849 -0.009745722 0.007878352 0.999921441 3.310659170
0.999945223 0.000242688 0.010463811 -0.003526498 -0.000165723 0.999972939 -0.007355574 0.017046075 -0.010465313 0.007353437 0.999918222 3.330991507
0.999933302 -0.000313642 0.011547691 -0.003658947 0.000396957 0.999974012 -0.007213287 0.017298436 -0.011545129 0.007217390 0.999907315 3.353345156
0.999919534 0.000762135 0.012670098 -0.003983907 -0.000675284 0.999976337 -0.006857629 0.017168390 -0.012675024 0.006848521 0.999896288 3.375946283
0.999907494 0.001346671 0.013534082 -0.002534777 -0.001264215 0.999980628 -0.006099191 0.017154396 -0.013542034 0.006081516 0.999889851 3.398556709
0.999891579 0.000546452 0.014712414 -0.002454799 -0.000462547 0.999983609 -0.005705803 0.017267320 -0.014715290 0.005698381 0.999875486 3.422408104
0.999876142 0.000363711 0.015739121 -0.002263188 -0.000271395 0.999982774 -0.005867125 0.017173443 -0.015740983 0.005862127 0.999858916 3.446730375
0.999863267 0.000120083 0.016539771 -0.001331288 -0.000029204 0.999984860 -0.005494691 0.017296741 -0.016540183 0.005493457 0.999848068 3.472378969
0.999850035 0.000398115 0.017314998 -0.000784364 -0.000301746 0.999984443 -0.005567888 0.017432153 -0.017316947 0.005561828 0.999834597 3.498202085
0.999835074 -0.000838775 0.018134693 -0.000699870 0.000951958 0.999980092 -0.006233533 0.017454633 -0.018129107 0.006249768 0.999816120 3.522591591
0.999832332 -0.001048051 0.018277796 0.000057384 0.001163356 0.999979496 -0.006299010 0.017655071 -0.018270822 0.006319217 0.999813080 3.549610376
0.999820411 -0.000992220 0.018928207 -0.000003085 0.001112218 0.999979377 -0.006330219 0.017495044 -0.018921537 0.006350134 0.999800742 3.575754166
0.999815822 -0.000688099 0.019178212 0.000577852 0.000828649 0.999972761 -0.007321640 0.017501414 -0.019172650 0.007336183 0.999789357 3.603026152
0.999806941 -0.001622954 0.019581845 0.001114532 0.001754646 0.999975860 -0.006709924 0.017615981 -0.019570485 0.006742989 0.999785721 3.628635645
0.999802887 -0.002140404 0.019740727 0.001864143 0.002245793 0.999983311 -0.005318030 0.017611276 -0.019729016 0.005361314 0.999791026 3.657375813
0.999808669 -0.000929095 0.019535586 0.002112873 0.001007991 0.999991357 -0.004029118 0.017867155 -0.019531675 0.004048039 0.999801040 3.685528040
0.999802232 -0.001463788 0.019833505 0.002568655 0.001510712 0.999996066 -0.002351122 0.017617164 -0.019829987 0.002380620 0.999800503 3.712589979
0.999807715 -0.002114306 0.019496478 0.003358595 0.002137683 0.999996960 -0.001178258 0.017663401 -0.019493932 0.001219708 0.999809206 3.741147995
0.999810278 -0.000766323 0.019464340 0.003594004 0.000783102 0.999999285 -0.000854414 0.017517110 -0.019463675 0.000869495 0.999810159 3.769860506
0.999812365 -0.001207286 0.019328920 0.003663383 0.001235619 0.999998152 -0.001453949 0.017960493 -0.019327128 0.001477560 0.999812067 3.798523903
0.999820650 -0.001119233 0.018902397 0.004472658 0.001152088 0.999997854 -0.001727317 0.018045256 -0.018900422 0.001748784 0.999819815 3.827550888
0.999810755 -0.001212894 0.019412221 0.003974311 0.001245800 0.999997795 -0.001683118 0.017825268 -0.019410139 0.001706983 0.999810100 3.855690241
0.999809504 -0.002554362 0.019347945 0.004747294 0.002599377 0.999993980 -0.002301835 0.018156372 -0.019341946 0.002351689 0.999810100 3.885153055
0.999823153 -0.000591330 0.018797286 0.005901538 0.000635170 0.999997079 -0.002326383 0.018431710 -0.018795855 0.002337911 0.999820590 3.915605783
0.999834061 -0.001292966 0.018170111 0.006522842 0.001351438 0.999993980 -0.003206121 0.018713649 -0.018165851 0.003230144 0.999829769 3.945484161
0.999851227 -0.001789523 0.017154826 0.007263545 0.001842954 0.999993503 -0.003099337 0.019067984 -0.017149169 0.003130492 0.999848008 3.974642754
0.999865532 -0.003129484 0.016091855 0.007188678 0.003157182 0.999993503 -0.001696070 0.018650018 -0.016086441 0.001746648 0.999869049 4.005239010
0.999895453 -0.004910727 0.013594680 0.007893626 0.004923930 0.999987423 -0.000937853 0.018934155 -0.013589904 0.001004694 0.999907136 4.035622120
0.999924660 -0.005283030 0.011074441 0.008045051 0.005285342 0.999985933 -0.000179469 0.018638227 -0.011073336 0.000237987 0.999938667 4.065592289
0.999948204 -0.005500525 0.008565174 0.007733334 0.005494780 0.999984622 0.000694205 0.018863568 -0.008568860 -0.000647105 0.999963105 4.096793175
0.999962211 -0.006812961 0.005403708 0.008680089 0.006806589 0.999976099 0.001196662 0.018822527 -0.005411733 -0.001159835 0.999984682 4.125900269
0.999969184 -0.007737428 0.001372008 0.009254143 0.007735959 0.999969542 0.001072080 0.018827274 -0.001380262 -0.001061433 0.999998510 4.156391621
0.999969900 -0.007212178 -0.002885492 0.009411069 0.007214525 0.999973655 0.000804052 0.018706871 0.002879615 -0.000824845 0.999995470 4.187032223
0.999939203 -0.008196530 -0.007371366 0.008090068 0.008198226 0.999966323 0.000199881 0.019712934 0.007369480 -0.000260301 0.999972820 4.217241764
0.999895155 -0.007835434 -0.012182543 0.007781673 0.007831477 0.999969244 -0.000372655 0.019852653 0.012185087 0.000277209 0.999925733 4.246149063
0.999825716 -0.008002967 -0.016865596 0.006180063 0.008014663 0.999967635 0.000625988 0.020231759 0.016860044 -0.000761051 0.999857545 4.276106358
0.999715686 -0.008110230 -0.022423849 0.005801275 0.008161946 0.999964178 0.002215585 0.019504918 0.022405079 -0.002397977 0.999746084 4.305956364
0.999564409 -0.008550804 -0.028247081 0.004988737 0.008614249 0.999960601 0.002125089 0.019922849 0.028227799 -0.002367491 0.999598742 4.336181641
0.999320984 -0.010088610 -0.035434991 0.004668921 0.010173609 0.999945819 0.002219206 0.019678378 0.035410680 -0.002578201 0.999369562 4.365557194
0.999091804 -0.012157016 -0.040838409 0.002166823 0.012232432 0.999923944 0.001597305 0.019703884 0.040815890 -0.002095407 0.999164462 4.394777775
0.998766363 -0.014278696 -0.047559556 0.001188755 0.014307869 0.999897599 0.000273002 0.019694980 0.047550794 -0.000953141 0.998868287 4.423284531
0.998416781 -0.014007385 -0.054476704 -0.000416845 0.014002080 0.999901891 -0.000479068 0.019613056 0.054478068 -0.000284478 0.998514831 4.452746391
0.998097539 -0.014369906 -0.059956901 -0.003369570 0.014329591 0.999896765 -0.001102332 0.018975988 0.059966553 0.000241077 0.998200238 4.481634617
0.997672379 -0.014741071 -0.066577621 -0.004714310 0.014675416 0.999891281 -0.001475120 0.019190816 0.066592135 0.000494632 0.997780144 4.510078430
0.997268140 -0.014991857 -0.072329506 -0.006325573 0.014925168 0.999887466 -0.001462427 0.019816123 0.072343305 0.000378902 0.997379661 4.537512779
0.996875465 -0.013834924 -0.077769041 -0.008410037 0.013882994 0.999903560 0.000077467 0.020307563 0.077760458 -0.001156892 0.996971369 4.566534042
0.996528149 -0.011654368 -0.082437620 -0.011201501 0.011947384 0.999923944 0.003061984 0.020011537 0.082395665 -0.004036267 0.996591568 4.594254494
0.996168852 -0.010338273 -0.086837232 -0.014032453 0.010845342 0.999926746 0.005369533 0.020151529 0.086775355 -0.006290741 0.996208072 4.622344494
0.995859265 -0.008722898 -0.090488605 -0.016899556 0.009395056 0.999931395 0.007004832 0.020145625 0.090421282 -0.007825973 0.995872915 4.650198936
0.995578647 -0.006800799 -0.093684793 -0.019324005 0.007477836 0.999948323 0.006877598 0.020182092 0.093633160 -0.007547748 0.995578229 4.677920341
0.995433927 -0.004723333 -0.095335923 -0.022529244 0.005218689 0.999974132 0.004947230 0.020562219 0.095310092 -0.005422169 0.995432854 4.705089569
0.995368600 -0.003383397 -0.096072868 -0.025338948 0.003788973 0.999984622 0.004039415 0.020611480 0.096057728 -0.004384723 0.995366037 4.732005596
0.995312870 -0.001961128 -0.096687280 -0.027949661 0.002262014 0.999992907 0.003002436 0.020673987 0.096680708 -0.003207071 0.995310307 4.759550095
0.995336473 -0.000678551 -0.096462682 -0.030860186 0.000853688 0.999997973 0.001774332 0.020944476 0.096461296 -0.001848407 0.995335042 4.786529064
0.995408595 -0.000262555 -0.095716566 -0.033612370 0.000342583 0.999999464 0.000819664 0.021122422 0.095716298 -0.000848692 0.995408356 4.813088417
0.995517194 0.000604628 -0.094578624 -0.035705566 -0.000574978 0.999999702 0.000340746 0.021008503 0.094578803 -0.000284837 0.995517433 4.839489937
0.995718718 0.000863387 -0.092431918 -0.038053960 -0.000875214 0.999999583 -0.000087424 0.020834533 0.092431806 0.000167947 0.995719075 4.864860535
0.995930791 0.002194434 -0.090094805 -0.040955096 -0.002390470 0.999994993 -0.002068046 0.020930914 0.090089820 0.002275000 0.995931029 4.891381264
0.996242642 0.004001104 -0.086513393 -0.044221938 -0.004299427 0.999985397 -0.003262231 0.020829730 0.086499080 0.003621931 0.996245325 4.918359756
0.996535838 0.006230610 -0.082929842 -0.046352714 -0.006525510 0.999973238 -0.003285441 0.020730305 0.082907163 0.003815220 0.996549904 4.943427086
0.996872008 0.008242973 -0.078600951 -0.047797978 -0.008379212 0.999963880 -0.001403646 0.020574639 0.078586526 0.002057870 0.996905088 4.966678143
0.997268081 0.010205187 -0.073159210 -0.049649417 -0.010211355 0.999947786 0.000289717 0.020793026 0.073158346 0.000458129 0.997320235 4.991060257
0.997745812 0.011753304 -0.066069178 -0.052113742 -0.011623840 0.999929667 0.002343615 0.020572480 0.066092074 -0.001570355 0.997812212 5.015197277
0.998163819 0.011670359 -0.059436955 -0.052702412 -0.011485279 0.999927998 0.003454609 0.020237349 0.059472997 -0.002765615 0.998226106 5.038174152
0.998575807 0.013195732 -0.051693723 -0.053836510 -0.013089940 0.999911427 0.002384580 0.020373221 0.051720612 -0.001704516 0.998660147 5.060761929
0.998953283 0.014268768 -0.043458134 -0.054962724 -0.014234806 0.999898076 0.001090862 0.020510428 0.043469261 -0.000471102 0.999054730 5.083366871
0.999287128 0.015017981 -0.034637023 -0.055707552 -0.015038079 0.999886870 -0.000319738 0.020507913 0.034628294 0.000840385 0.999399900 5.105304718
0.999539256 0.015806200 -0.025911152 -0.055858925 -0.015834745 0.999874234 -0.000896826 0.020044275 0.025893712 0.001306709 0.999663830 5.126773357
0.999754310 0.015118173 -0.016207088 -0.056032233 -0.015163022 0.999881566 -0.002647852 0.020041108 0.016165135 0.002892949 0.999865115 5.147401810
0.999858916 0.015708078 -0.005957849 -0.055632375 -0.015732747 0.999867737 -0.004116568 0.020159366 0.005892394 0.004209721 0.999973714 5.166635036
0.999856472 0.016207602 0.004928262 -0.056265838 -0.016182175 0.999855697 -0.005156901 0.019729409 -0.005011131 0.005076412 0.999974549 5.186593533
0.999755800 0.016029334 0.015218631 -0.055802174 -0.015932454 0.999852121 -0.006466147 0.019819614 -0.015320028 0.006222097 0.999863327 5.205015659
0.999595225 0.013568481 0.025005879 -0.054678142 -0.013372418 0.999878526 -0.007991365 0.019607559 -0.025111277 0.007653741 0.999655306 5.222817421
0.999356091 0.010805923 0.034213897 -0.053574502 -0.010526245 0.999909699 -0.008343975 0.019690081 -0.034300972 0.007978458 0.999379635 5.240090370
0.998944461 0.011751576 0.044404864 -0.053278446 -0.011458164 0.999910772 -0.006856433 0.019503698 -0.044481475 0.006340398 0.998990059 5.257373810
0.998460829 0.013754768 0.053728141 -0.052036822 -0.013517986 0.999897242 -0.004767989 0.019622540 -0.053788193 0.004034353 0.998544216 5.274144173
0.997898996 0.015845753 0.062821403 -0.051204622 -0.015703244 0.999872804 -0.002761622 0.019084614 -0.062857166 0.001769321 0.998020947 5.290105343
0.997340977 0.014759010 0.071366206 -0.050113648 -0.014702755 0.999891043 -0.001313556 0.019102128 -0.071377829 0.000260784 0.997449338 5.305449486
0.996782362 0.010818956 0.079421788 -0.048366725 -0.010772452 0.999941528 -0.001013987 0.018989448 -0.079428092 0.000155157 0.996840596 5.320683479
