0.999999821 -0.000642292 0.000003710 -0.000185105 0.000642285 0.999998331 0.001659721 0.000296166 -0.000004776 -0.001659719 0.999998569 0.052959841
0.999999940 0.000331661 0.000008905 -0.000471949 -0.000331674 0.999998808 0.001513749 0.000818929 -0.000008403 -0.001513752 0.999998808 0.106091633
0.999999523 0.000979387 -0.000008717 -0.000603826 -0.000979372 0.999998391 0.001512414 0.001156242 0.000010198 -0.001512404 0.999998868 0.159122348
0.999998271 0.001835346 0.000149312 -0.000925313 -0.001835706 0.999995291 0.002447267 0.001335203 -0.000144819 -0.002447536 0.999996960 0.211813346
0.999997556 0.002198224 0.000198479 -0.001088873 -0.002198787 0.999993443 0.002884790 0.001675519 -0.000192136 -0.002885219 0.999995828 0.264601856
0.999994934 0.003145289 0.000510620 -0.001461506 -0.003146844 0.999990344 0.003071586 0.001959129 -0.000500955 -0.003073177 0.999995172 0.317446202
0.999996841 0.002398135 0.000760174 -0.001641038 -0.002400813 0.999990880 0.003542320 0.001992053 -0.000751672 -0.003544133 0.999993503 0.371658027
0.999990582 0.004164854 0.001214554 -0.002261274 -0.004167994 0.999987960 0.002595879 0.002566708 -0.001203728 -0.002600916 0.999995887 0.422936499
0.999987125 0.004755371 0.001776564 -0.002405183 -0.004758935 0.999986708 0.002007299 0.002669156 -0.001766995 -0.002015727 0.999996424 0.476084530
0.999983132 0.005176765 0.002629546 -0.002712719 -0.005184404 0.999982357 0.002906476 0.003214915 -0.002614453 -0.002920059 0.999992311 0.527818859
0.999981940 0.004956666 0.003404295 -0.002725108 -0.004970003 0.999979973 0.003920129 0.003017124 -0.003384796 -0.003936977 0.999986529 0.581911981
0.999983132 0.004409999 0.003781708 -0.002580860 -0.004423486 0.999983847 0.003565506 0.003622212 -0.003765922 -0.003582174 0.999986470 0.633437693
0.999984145 0.003571324 0.004358679 -0.002346942 -0.003588605 0.999985695 0.003963353 0.004442212 -0.004344462 -0.003978932 0.999982655 0.685114920
0.999980152 0.003646974 0.005137090 -0.002879734 -0.003674153 0.999979377 0.005291297 0.004215520 -0.005117686 -0.005310067 0.999972761 0.737392306
0.999975145 0.003808056 0.005941142 -0.003053145 -0.003837880 0.999980092 0.005016445 0.004037463 -0.005921922 -0.005039121 0.999969780 0.789176464
0.999971449 0.003851986 0.006501658 -0.002913306 -0.003875124 0.999986172 0.003549824 0.005009468 -0.006487895 -0.003574918 0.999972522 0.840535283
0.999970913 0.003243310 0.006907998 -0.002880957 -0.003265209 0.999989688 0.003161187 0.005197840 -0.006897674 -0.003183652 0.999971151 0.892222583
0.999960840 0.004315889 0.007729140 -0.002576335 -0.004339407 0.999985993 0.003028582 0.005373221 -0.007715962 -0.003062004 0.999965549 0.942713797
0.999957085 0.003699533 0.008493004 -0.002446135 -0.003734945 0.999984384 0.004157502 0.004989707 -0.008477492 -0.004189045 0.999955356 0.993175447
0.999943197 0.005448369 0.009162723 -0.002547613 -0.005485764 0.999976695 0.004061057 0.005656999 -0.009140382 -0.004111091 0.999949753 1.044308424
0.999940991 0.005530338 0.009351750 -0.001973722 -0.005553245 0.999981582 0.002425276 0.005924915 -0.009338163 -0.002477065 0.999953330 1.094504356
0.999930263 0.006162533 0.010073279 -0.001883686 -0.006177233 0.999979913 0.001428803 0.005904205 -0.010064271 -0.001490929 0.999948204 1.145237565
0.999922514 0.006196468 0.010799510 -0.001168320 -0.006225914 0.999976993 0.002695049 0.006221301 -0.010782562 -0.002762076 0.999938011 1.194622159
0.999914527 0.006568005 0.011303447 -0.001238119 -0.006623749 0.999966025 0.004901242 0.006410124 -0.011270873 -0.004975694 0.999924064 1.245127201
0.999919057 0.005817257 0.011315580 -0.000641416 -0.005882148 0.999966323 0.005709842 0.006827761 -0.011281982 -0.005775940 0.999919653 1.295356154
0.999932945 0.004368506 0.010719907 0.000697258 -0.004426725 0.999975562 0.005413293 0.007057457 -0.010695996 -0.005460386 0.999927938 1.344341159
0.999946892 0.002626640 0.009965026 0.002649824 -0.002675705 0.999984324 0.004913548 0.007143599 -0.009951966 -0.004939951 0.999938309 1.394509912
0.999941349 0.002413480 0.010560460 0.001515692 -0.002447369 0.999991894 0.003197312 0.006986222 -0.010552656 -0.003222970 0.999939144 1.443483353
0.999934912 0.002236216 0.011191989 0.000741184 -0.002263020 0.999994576 0.002382793 0.007219834 -0.011186601 -0.002407966 0.999934554 1.490847588
0.999934375 0.002117053 0.011264185 0.000165924 -0.002144202 0.999994814 0.002398644 0.007048527 -0.011259048 -0.002422639 0.999933660 1.536807179
0.999954343 0.002361871 0.009256959 0.002324890 -0.002387043 0.999993503 0.002709106 0.007371494 -0.009250500 -0.002731079 0.999953508 1.589494824
0.999962986 0.002257127 0.008301215 0.003408724 -0.002294270 0.999987364 0.004467504 0.007126808 -0.008291026 -0.004486383 0.999955595 1.636992335
0.999964297 0.002036047 0.008193300 0.003252712 -0.002086135 0.999979258 0.006109493 0.007486118 -0.008180689 -0.006126368 0.999947846 1.685689092
0.999965131 0.003296177 0.007669461 0.003117876 -0.003349593 0.999970138 0.006962401 0.007627827 -0.007646283 -0.006987849 0.999946356 1.733170867
0.999969006 0.003375887 0.007105483 0.003417448 -0.003422641 0.999972463 0.006578249 0.008443786 -0.007083080 -0.006602366 0.999953091 1.780685186
0.999982238 0.001624534 0.005718050 0.005001209 -0.001665193 0.999973297 0.007113074 0.008197421 -0.005706341 -0.007122472 0.999958396 1.828444719
0.999985516 0.000395614 0.005354763 0.004882836 -0.000434505 0.999973536 0.007263699 0.008744296 -0.005351746 -0.007265919 0.999959290 1.875422239
0.999985874 0.000062640 0.005320327 0.004187956 -0.000101426 0.999973416 0.007290231 0.008773780 -0.005319729 -0.007290667 0.999959290 1.922261238
0.999988079 -0.000111133 0.004888425 0.003927803 0.000083630 0.999984205 0.005625840 0.009259030 -0.004888973 -0.005625364 0.999972284 1.967463851
0.999990940 0.000200846 0.004239846 0.003575144 -0.000217081 0.999992609 0.003828972 0.009012589 -0.004239045 -0.003829858 0.999983728 2.014130592
0.999993801 -0.000228230 0.003503223 0.004539299 0.000219332 0.999996722 0.002540143 0.009475138 -0.003503792 -0.002539358 0.999990642 2.060811758
0.999994040 0.001189471 0.003236334 0.004457810 -0.001198204 0.999995589 0.002698055 0.009610603 -0.003233111 -0.002701917 0.999991119 2.106348276
0.999991179 0.002714004 0.003196190 0.004691522 -0.002725559 0.999989748 0.003616469 0.009697300 -0.003186342 -0.003625150 0.999988317 2.151087761
0.999990880 0.002833334 0.003196260 0.003872959 -0.002849153 0.999983668 0.004955393 0.010115504 -0.003182168 -0.004964455 0.999982595 2.196896791
0.999992907 0.002257380 0.003033553 0.003573440 -0.002274894 0.999980688 0.005782364 0.010405190 -0.003020442 -0.005789224 0.999978662 2.240778446
0.999995768 0.000707307 0.002822342 0.003363275 -0.000730444 0.999966085 0.008205200 0.009579149 -0.002816442 -0.008207227 0.999962330 2.286267996
0.999997079 0.000672933 0.002311473 0.004133214 -0.000692224 0.999964833 0.008355170 0.010975740 -0.002305769 -0.008356745 0.999962449 2.330756187
0.999996841 0.000261861 0.002500203 0.003553908 -0.000286263 0.999952257 0.009764693 0.011229150 -0.002497527 -0.009765377 0.999949276 2.373056412
0.999997079 0.000161267 0.002450655 0.003409104 -0.000183820 0.999957621 0.009205377 0.012002431 -0.002449067 -0.009205801 0.999954641 2.415809870
0.999996066 0.000270719 0.002820185 0.002728536 -0.000295514 0.999961317 0.008795187 0.012012718 -0.002817696 -0.008795985 0.999957383 2.456407547
0.999996603 0.000855095 0.002444651 0.003002883 -0.000875330 0.999965250 0.008288404 0.012377266 -0.002437478 -0.008290517 0.999962628 2.497363091
0.999995232 0.001646864 0.002643745 0.002719746 -0.001666520 0.999970853 0.007450015 0.012447865 -0.002631398 -0.007454385 0.999968767 2.536641121
0.999994278 0.001206284 0.003158481 0.002694667 -0.001229380 0.999972403 0.007320779 0.012461308 -0.003149563 -0.007324620 0.999968231 2.573198557
0.999991715 0.001723437 0.003689899 0.001884338 -0.001754041 0.999963880 0.008306872 0.012306443 -0.003675449 -0.008313275 0.999958754 2.610311031
0.999990880 0.002508836 0.003432028 0.002384456 -0.002540139 0.999954879 0.009146862 0.012719172 -0.003408925 -0.009155496 0.999952257 2.644281387
0.999989510 0.002846393 0.003576207 0.002585460 -0.002881536 0.999947250 0.009860715 0.012595575 -0.003547951 -0.009870917 0.999944985 2.678281307
0.999989033 0.002336256 0.004062335 0.002198568 -0.002377201 0.999946058 0.010103618 0.013053540 -0.004038513 -0.010113162 0.999940634 2.710397005
0.999988616 0.002413644 0.004124358 0.002464529 -0.002456658 0.999942243 0.010456289 0.013309894 -0.004098883 -0.010466303 0.999936759 2.741935492
0.999985993 0.002149973 0.004830666 0.001954794 -0.002198488 0.999947071 0.010060467 0.013208764 -0.004808779 -0.010070946 0.999937713 2.772275925
0.999986410 0.002138148 0.004758647 0.002397226 -0.002181791 0.999955475 0.009185218 0.013330888 -0.004738795 -0.009195477 0.999946475 2.801645994
0.999984562 0.002272564 0.005073414 0.001969197 -0.002317127 0.999958575 0.008794906 0.013498867 -0.005053217 -0.008806525 0.999948442 2.829622746
0.999982476 0.002078667 0.005551602 0.001528420 -0.002119641 0.999970436 0.007384897 0.013629787 -0.005536088 -0.007396535 0.999957263 2.856080532
0.999988914 0.000641801 0.004654256 0.002274265 -0.000669389 0.999982178 0.005928261 0.013771303 -0.004650369 -0.005931312 0.999971569 2.884270906
0.999991477 0.001102954 0.003982285 0.001717194 -0.001120758 0.999989331 0.004471310 0.013724908 -0.003977311 -0.004475736 0.999982059 2.909538031
0.999994993 0.000635297 0.003075064 0.002229817 -0.000643240 0.999996483 0.002582699 0.013816191 -0.003073412 -0.002584664 0.999991894 2.936259031
0.999996066 0.001043432 0.002612927 0.002189239 -0.001049206 0.999997079 0.002209411 0.013956948 -0.002610614 -0.002212144 0.999994099 2.961884022
0.999997914 0.001096038 0.001705657 0.001656508 -0.001100832 0.999995410 0.002812459 0.013991961 -0.001702567 -0.002814330 0.999994576 2.986811399
0.999999404 0.000865870 0.000574318 0.002073727 -0.000867807 0.999993861 0.003381141 0.014316784 -0.000571388 -0.003381637 0.999994159 3.012956858
0.999998629 0.001586577 0.000287293 0.001240846 -0.001587838 0.999988794 0.004442979 0.014053045 -0.000280241 -0.004443428 0.999990106 3.036828995
0.999997854 0.002048624 -0.000299989 0.001280435 -0.002047068 0.999984860 0.005099766 0.014367154 0.000310432 -0.005099142 0.999987006 3.061440945
0.999997675 0.002059349 -0.000605050 0.000861101 -0.002055430 0.999977350 0.006408263 0.014190421 0.000618233 -0.006407005 0.999979258 3.084375143
0.999994159 0.003327830 -0.000669391 0.000532941 -0.003323101 0.999970317 0.006944433 0.014484440 0.000692481 -0.006942168 0.999975681 3.107261181
0.999993563 0.003432759 -0.001003207 0.000537138 -0.003425564 0.999969006 0.007087539 0.014555492 0.001027506 -0.007084059 0.999974370 3.128774405
0.999995172 0.003049526 -0.000613840 0.000082544 -0.003045166 0.999970973 0.006983799 0.014924867 0.000635120 -0.006981897 0.999975443 3.150077343
0.999994218 0.003136793 -0.001325763 0.000269677 -0.003126290 0.999964297 0.007851155 0.014759910 0.001350343 -0.007846965 0.999968350 3.170889854
0.999992907 0.003610813 -0.001002457 0.000141436 -0.003602233 0.999957979 0.008431673 0.014921756 0.001032860 -0.008428003 0.999963939 3.189625978
0.999986827 0.005026555 -0.000944813 -0.000106064 -0.005018141 0.999949515 0.008707015 0.015052347 0.000988532 -0.008702160 0.999961615 3.208109617
0.999985337 0.005381170 -0.000516508 -0.000457193 -0.005376487 0.999947906 0.008676912 0.015011133 0.000563174 -0.008674007 0.999962151 3.225725889
0.999988556 0.004769230 -0.000371380 -0.000083885 -0.004765994 0.999954522 0.008274018 0.015339307 0.000410824 -0.008272153 0.999965727 3.241969347
0.999990940 0.004272392 0.000214879 -0.000521230 -0.004273950 0.999959946 0.007868561 0.015649296 -0.000181252 -0.007869407 0.999969065 3.257849455
0.999992073 0.003958210 0.000453852 -0.000582880 -0.003961576 0.999962747 0.007673380 0.015637740 -0.000423462 -0.007675117 0.999970555 3.272551537
0.999990642 0.004309608 0.000444067 -0.000096733 -0.004312363 0.999970138 0.006403588 0.015927918 -0.000416457 -0.006405444 0.999979377 3.286506176
0.999986589 0.005127210 0.000779341 -0.000198818 -0.005131491 0.999971151 0.005593068 0.015230469 -0.000750641 -0.005596992 0.999984086 3.300317049
0.999986529 0.005155124 0.000716048 -0.000165752 -0.005158133 0.999977589 0.004267189 0.015375946 -0.000694034 -0.004270824 0.999990642 3.314579010
0.999987185 0.004998884 0.000799486 -0.000552777 -0.005001644 0.999981403 0.003489749 0.015864018 -0.000782027 -0.003493703 0.999993503 3.328737259
0.999987543 0.004889598 0.000995569 -0.000680483 -0.004892919 0.999982297 0.003360996 0.016129661 -0.000979118 -0.003365826 0.999993861 3.342103243
0.999990106 0.004386853 0.000750097 -0.000917344 -0.004389362 0.999984622 0.003375989 0.016146269 -0.000735276 -0.003379249 0.999993980 3.355281115
0.999990582 0.004292872 0.000674038 -0.001061756 -0.004295009 0.999985635 0.003200582 0.016400103 -0.000660288 -0.003203448 0.999994636 3.369349241
0.999990642 0.004312411 -0.000063241 -0.000758834 -0.004312190 0.999985635 0.003163800 0.016557820 0.000076883 -0.003163498 0.999994993 3.382886887
0.999991953 0.004014153 0.000020285 -0.001043637 -0.004014196 0.999987483 0.002975360 0.016450943 -0.000008342 -0.002975417 0.999995589 3.394827604
0.999991536 0.004116093 0.000052675 -0.001387492 -0.004116216 0.999988198 0.002584542 0.016243201 -0.000042036 -0.002584737 0.999996662 3.407719612
0.999990344 0.004395292 -0.000213684 -0.001482250 -0.004394770 0.999987543 0.002384033 0.016296338 0.000224159 -0.002383071 0.999997199 3.420858860
0.999988735 0.004737829 -0.000282025 -0.001779471 -0.004737121 0.999985695 0.002465324 0.016502973 0.000293701 -0.002463960 0.999996841 3.432922602
0.999989867 0.004434851 -0.000769215 -0.001673835 -0.004432824 0.999986708 0.002617746 0.016610773 0.000780814 -0.002614309 0.999996245 3.445448875
0.999989629 0.004520464 -0.000520288 -0.002380168 -0.004519025 0.999986053 0.002734873 0.016731726 0.000532644 -0.002732493 0.999996126 3.457380056
0.999988973 0.004512130 -0.001311479 -0.001944889 -0.004508188 0.999985337 0.002993904 0.016763039 0.001324969 -0.002987958 0.999994576 3.470033169
0.999988973 0.004515552 -0.001271590 -0.001953901 -0.004511223 0.999984086 0.003387680 0.016661331 0.001286867 -0.003381906 0.999993443 3.480901480
0.999989450 0.004359505 -0.001448304 -0.002265654 -0.004354652 0.999984980 0.003337733 0.016723400 0.001462833 -0.003331391 0.999993384 3.492549181
0.999989748 0.004228584 -0.001618020 -0.002410667 -0.004223058 0.999985278 0.003403991 0.016780062 0.001632391 -0.003397124 0.999992907 3.503344297
0.999990940 0.003786536 -0.001890103 -0.002113315 -0.003779154 0.999985218 0.003894466 0.016601849 0.001904821 -0.003887289 0.999990582 3.514298916
0.999993265 0.003231532 -0.001735056 -0.002354426 -0.003224860 0.999987364 0.003834710 0.016962942 0.001747426 -0.003829088 0.999991059 3.523482084
0.999994755 0.002400955 -0.002181073 -0.002248143 -0.002391238 0.999987245 0.004446891 0.016856343 0.002191722 -0.004441652 0.999987721 3.532987595
0.999995232 0.002298000 -0.002116109 -0.002407867 -0.002287121 0.999984205 0.005129336 0.016676942 0.002127863 -0.005124472 0.999984622 3.541379690
0.999992609 0.003198618 -0.002152710 -0.002424078 -0.003186348 0.999978721 0.005679086 0.016778750 0.002170829 -0.005672184 0.999981523 3.549619436
0.999989629 0.003908726 -0.002350103 -0.002553748 -0.003894627 0.999974549 0.005974243 0.016713172 0.002373395 -0.005965030 0.999979377 3.556534529
0.999989331 0.003979385 -0.002362202 -0.002852939 -0.003965050 0.999973774 0.006042211 0.016890615 0.002386185 -0.006032781 0.999978960 3.562717915
0.999989212 0.003972583 -0.002398375 -0.002966614 -0.003958595 0.999975324 0.005808946 0.017047260 0.002421391 -0.005799390 0.999980271 3.568249702
0.999989569 0.003791957 -0.002546585 -0.003109334 -0.003779284 0.999980450 0.004962992 0.017011059 0.002565355 -0.004953317 0.999984443 3.573024750
0.999988019 0.004035433 -0.002772553 -0.002748850 -0.004023997 0.999983430 0.004117957 0.016921237 0.002789125 -0.004106752 0.999987602 3.577304125
0.999987006 0.004087963 -0.003051049 -0.002630328 -0.004076140 0.999984145 0.003871731 0.017029975 0.003066828 -0.003859243 0.999987781 3.581738472
0.999985993 0.004385761 -0.002944949 -0.002885516 -0.004374156 0.999982655 0.003935587 0.017084034 0.002962159 -0.003922651 0.999987900 3.585440397
0.999987066 0.003917128 -0.003249113 -0.002745080 -0.003903599 0.999983728 0.004160181 0.017083684 0.003265356 -0.004147443 0.999986053 3.588987350
0.999988556 0.003699467 -0.003043178 -0.002913725 -0.003686912 0.999984741 0.004120904 0.016971555 0.003058377 -0.004109637 0.999986887 3.592470884
0.999988616 0.003758016 -0.002961148 -0.002939640 -0.003746297 0.999985218 0.003953027 0.017069349 0.002975960 -0.003941888 0.999987781 3.595294714
0.999987483 0.004109866 -0.002881318 -0.003187661 -0.004099440 0.999985099 0.003614935 0.017096449 0.002896132 -0.003603078 0.999989331 3.597769737
0.999985635 0.004471912 -0.002989668 -0.003154784 -0.004462624 0.999985278 0.003106332 0.017124252 0.003003515 -0.003092946 0.999990702 3.600404501
0.999985754 0.004477479 -0.002933793 -0.003169401 -0.004469933 0.999986708 0.002573637 0.017043641 0.002945277 -0.002560485 0.999992371 3.602738380
0.999985456 0.004377942 -0.003163122 -0.003170880 -0.004369231 0.999986708 0.002755216 0.016921988 0.003175141 -0.002741354 0.999991179 3.604980946
0.999986947 0.003923552 -0.003292602 -0.003010439 -0.003913524 0.999987721 0.003046409 0.016927164 0.003304513 -0.003033483 0.999989986 3.607102394
0.999987245 0.003866868 -0.003252439 -0.003115278 -0.003857327 0.999988258 0.002934811 0.017079115 0.003263749 -0.002922229 0.999990344 3.609042406
0.999986351 0.004037155 -0.003321091 -0.003125111 -0.004026725 0.999986947 0.003141092 0.017002057 0.003333729 -0.003127676 0.999989450 3.610588789
0.999986112 0.004128545 -0.003287683 -0.003128459 -0.004117913 0.999986291 0.003234259 0.017062649 0.003300991 -0.003220675 0.999989271 3.612081289
0.999986529 0.004043519 -0.003265319 -0.003318255 -0.004032907 0.999986529 0.003250289 0.017069941 0.003278418 -0.003237077 0.999989390 3.613271475
0.999986112 0.004092932 -0.003311893 -0.003145363 -0.004082046 0.999986291 0.003287030 0.017027238 0.003325301 -0.003273465 0.999989033 3.613951206
0.999987006 0.003900930 -0.003291224 -0.003108673 -0.003889694 0.999986589 0.003413376 0.017084494 0.003304496 -0.003400530 0.999988675 3.614521503
0.999987185 0.003774711 -0.003374767 -0.003016549 -0.003763014 0.999986947 0.003465747 0.017122265 0.003387805 -0.003453003 0.999988198 3.614702463
0.999986172 0.003986592 -0.003415128 -0.003044440 -0.003975730 0.999987006 0.003181449 0.017119560 0.003427767 -0.003167827 0.999989033 3.614186764
0.999987483 0.003543985 -0.003526245 -0.002913406 -0.003535996 0.999991238 0.002269307 0.017138626 0.003534257 -0.002256810 0.999991179 3.614042759
0.999988437 0.003193963 -0.003578854 -0.002727292 -0.003187886 0.999993503 0.001702658 0.016945455 0.003584270 -0.001691229 0.999992073 3.613821507
0.999988317 0.003221693 -0.003615530 -0.002787173 -0.003213667 0.999992430 0.002223490 0.016959870 0.003622666 -0.002211845 0.999990880 3.613917112
0.999988496 0.003313122 -0.003483899 -0.002917213 -0.003307526 0.999993205 0.001610860 0.017134439 0.003489212 -0.001599318 0.999992549 3.614037275
0.999988854 0.003311093 -0.003362317 -0.003088250 -0.003307795 0.999994099 0.000985844 0.017038165 0.003365561 -0.000974711 0.999993861 3.614194155
0.999988019 0.003444910 -0.003492666 -0.002961068 -0.003442416 0.999993861 0.000719583 0.017129805 0.003495123 -0.000707551 0.999993622 3.614668846
0.999987364 0.003569229 -0.003543457 -0.002997347 -0.003567238 0.999993563 0.000567899 0.017130803 0.003545460 -0.000555251 0.999993622 3.614984751
0.999987841 0.003534136 -0.003450843 -0.003102110 -0.003532681 0.999993742 0.000427351 0.017138323 0.003452332 -0.000415155 0.999993980 3.615742207
0.999989033 0.003427366 -0.003189141 -0.003257106 -0.003425213 0.999993861 0.000680109 0.017138768 0.003191452 -0.000669178 0.999994695 3.616367817
0.999988973 0.003298392 -0.003316256 -0.003222120 -0.003295908 0.999994278 0.000754225 0.017172348 0.003318724 -0.000743287 0.999994218 3.617226362
0.999989510 0.003351391 -0.003102416 -0.003435309 -0.003349595 0.999994218 0.000583795 0.017183274 0.003104354 -0.000573397 0.999995053 3.618453264
0.999989510 0.003023266 -0.003440275 -0.003086867 -0.003021821 0.999995351 0.000425289 0.017142635 0.003441545 -0.000414889 0.999993980 3.619809151
0.999989688 0.003189779 -0.003246234 -0.003457761 -0.003189174 0.999994934 0.000191697 0.017066037 0.003246829 -0.000181342 0.999994695 3.621002197
0.999989927 0.002967596 -0.003370408 -0.003244812 -0.002969657 0.999995470 -0.000606460 0.017107176 0.003368592 0.000616463 0.999994159 3.623154640
0.999989331 0.003259705 -0.003280423 -0.003445557 -0.003264913 0.999993503 -0.001583561 0.017198758 0.003275240 0.001594254 0.999993384 3.625513792
0.999989390 0.003408522 -0.003124865 -0.003578556 -0.003415280 0.999991953 -0.002159670 0.017133165 0.003117478 0.002170319 0.999992788 3.628625631
0.999989152 0.003594399 -0.002974844 -0.003483730 -0.003602840 0.999989510 -0.002837470 0.017174441 0.002964614 0.002848158 0.999991596 3.632390976
0.999991477 0.003353231 -0.002426434 -0.003821757 -0.003360546 0.999989927 -0.003016731 0.017144699 0.002416294 0.003024860 0.999992549 3.636941195
0.999992192 0.003374818 -0.002052066 -0.004071077 -0.003381849 0.999988377 -0.003432417 0.017377891 0.002040459 0.003439330 0.999992132 3.641916275
0.999992847 0.003217767 -0.001992139 -0.003887210 -0.003224378 0.999989331 -0.003324243 0.016999781 0.001981421 0.003330644 0.999992549 3.647857904
0.999993145 0.003203404 -0.001928983 -0.003482364 -0.003211229 0.999986589 -0.004067021 0.017343108 0.001915928 0.004073186 0.999989867 3.654573202
0.999994040 0.003188929 -0.001364111 -0.003801214 -0.003195343 0.999983728 -0.004726653 0.017343510 0.001349016 0.004730984 0.999987841 3.661809683
0.999994814 0.003150154 -0.000717831 -0.004306691 -0.003154034 0.999980152 -0.005469477 0.017467991 0.000700587 0.005471712 0.999984801 3.670435190
0.999995172 0.003102220 -0.000264737 -0.004243558 -0.003103837 0.999975026 -0.006345781 0.017443649 0.000245044 0.006346571 0.999979854 3.679325819
0.999994636 0.003217220 -0.000519568 -0.003540883 -0.003220623 0.999972463 -0.006688814 0.017447829 0.000498034 0.006690452 0.999977469 3.689683199
0.999994516 0.003330700 -0.000098775 -0.003536714 -0.003331359 0.999965191 -0.007659315 0.018064976 0.000073260 0.007659601 0.999970675 3.701016426
0.999994993 0.003152051 0.000302620 -0.003329901 -0.003149641 0.999965668 -0.007658896 0.017953832 -0.000326751 0.007657904 0.999970555 3.713435888
0.999995768 0.002702404 0.001139301 -0.003724399 -0.002693983 0.999969602 -0.007329118 0.017597428 -0.001159072 0.007326017 0.999972522 3.726922989
0.999996603 0.002018960 0.001630372 -0.003523223 -0.002006461 0.999968886 -0.007631925 0.017567534 -0.001645730 0.007628629 0.999969482 3.741597414
0.999995530 0.002122654 0.002101309 -0.003443426 -0.002106202 0.999967456 -0.007800735 0.017802246 -0.002117798 0.007796274 0.999967396 3.756891012
0.999992192 0.002916175 0.002698891 -0.003575628 -0.002894250 0.999963045 -0.008092168 0.017599186 -0.002722390 0.008084293 0.999963582 3.772994757
0.999991775 0.002576121 0.003134068 -0.003438308 -0.002549208 0.999960124 -0.008561072 0.017222349 -0.003155997 0.008553012 0.999958456 3.789953470
0.999987245 0.002724734 0.004253406 -0.003634434 -0.002687224 0.999957621 -0.008799801 0.017458450 -0.004277203 0.008788256 0.999952197 3.809067726
0.999987245 0.002060316 0.004624095 -0.003425123 -0.002021731 0.999963224 -0.008333631 0.017621271 -0.004641096 0.008324175 0.999954522 3.828633070
0.999981582 0.002532385 0.005520082 -0.003609639 -0.002484079 0.999958754 -0.008740188 0.017802190 -0.005541988 0.008726313 0.999946535 3.848871946
0.999977469 0.001883385 0.006443523 -0.003546733 -0.001829567 0.999963462 -0.008347877 0.017599240 -0.006459010 0.008335898 0.999944329 3.870423794
0.999973357 0.001511240 0.007162313 -0.002773695 -0.001449637 0.999961913 -0.008598416 0.017658155 -0.007175036 0.008587801 0.999937296 3.893401861
0.999968588 0.000858454 0.007881489 -0.002533909 -0.000783685 0.999954641 -0.009484871 0.017739814 -0.007889274 0.009478397 0.999923944 3.915822029
0.999957800 0.001009968 0.009135609 -0.002800640 -0.000930355 0.999961555 -0.008714654 0.017625235 -0.009144059 0.008705786 0.999920249 3.940057039
0.999947190 0.001998732 0.010088850 -0.002611563 -0.001924681 0.999971151 -0.007344261 0.017520504 -0.010103237 0.007324453 0.999922037 3.965239286
0.999938071 0.002160605 0.010917279 -0.001710236 -0.002091290 0.999977529 -0.006356593 0.017930841 -0.010930770 0.006333369 0.999920189 3.991600752
0.999924660 0.002372773 0.012040514 -0.001817744 -0.002298612 0.999978244 -0.006169408 0.018052189 -0.012054892 0.006141267 0.999908447 4.016920090
0.999922752 0.000844443 0.012399564 -0.000990946 -0.000774642 0.999983788 -0.005633055 0.017965751 -0.012404122 0.005623016 0.999907255 4.045077324
0.999906659 0.002142763 0.013489648 -0.000902608 -0.002071647 0.999983788 -0.005283636 0.018254504 -0.013500753 0.005255197 0.999894977 4.072979927
0.999886453 0.002036835 0.014928149 -0.000910662 -0.001968990 0.999987602 -0.004558066 0.018505704 -0.014937249 0.004528156 0.999878109 4.100812435
0.999860704 0.001535455 0.016615566 -0.001374319 -0.001461726 0.999989092 -0.004448540 0.018754546 -0.016622214 0.004423633 0.999852002 4.129255772
0.999857545 0.001560401 0.016805766 0.000562400 -0.001479605 0.999987304 -0.004818975 0.019141644 -0.016813071 0.004793421 0.999847114 4.161280632
0.999844670 0.001830393 0.017527094 0.001019523 -0.001756649 0.999989569 -0.004221903 0.018941073 -0.017534636 0.004190458 0.999837458 4.191776276
0.999834180 0.001099664 0.018176544 0.002621762 -0.001014985 0.999988735 -0.004667237 0.019674122 -0.018181471 0.004648014 0.999823868 4.225390434
0.999803662 0.000787757 0.019794537 0.002267897 -0.000685894 0.999986470 -0.005152307 0.019404689 -0.019798324 0.005137718 0.999790907 4.257093906
0.999801755 0.001066057 0.019883040 0.002578430 -0.000967431 0.999987245 -0.004969249 0.019281765 -0.019888084 0.004949028 0.999790013 4.289660931
0.999779642 0.001346285 0.020953275 0.001923516 -0.001235566 0.999985278 -0.005296180 0.019435113 -0.020960094 0.005269122 0.999766469 4.322401524
0.999791503 0.001132060 0.020385893 0.003198490 -0.001006979 0.999980628 -0.006144870 0.019684313 -0.020392455 0.006123061 0.999773324 4.354057312
0.999754906 -0.000181179 0.022137431 0.001664825 0.000313101 0.999982238 -0.005955940 0.020383321 -0.022135960 0.005961412 0.999737203 4.385995865
0.999755025 -0.001003645 0.022111455 0.003516972 0.001082510 0.999993145 -0.003555043 0.018125180 -0.022107737 0.003578108 0.999749243 4.422799587
0.999768496 -0.000226572 0.021515477 0.004637793 0.000277045 0.999997258 -0.002342918 0.019235022 -0.021514887 0.002348336 0.999765813 4.457263947
0.999778450 -0.000490424 0.021042520 0.006282568 0.000518815 0.999998927 -0.001343774 0.020035109 -0.021041842 0.001354394 0.999777675 4.493428230
0.999776125 -0.000862510 0.021139691 0.006466381 0.000877450 0.999999404 -0.000697483 0.020316070 -0.021139074 0.000715876 0.999776244 4.528107166
0.999756932 -0.000089289 0.022048103 0.005780347 0.000090586 1.000000000 -0.000057859 0.020372018 -0.022048095 0.000059842 0.999756932 4.562252045
0.999785781 -0.000126936 0.020696260 0.007660359 0.000142361 0.999999762 -0.000743856 0.020708833 -0.020696161 0.000746643 0.999785542 4.600939751
0.999791503 0.000498345 0.020410115 0.008778647 -0.000482473 0.999999523 -0.000782605 0.020673452 -0.020410495 0.000772594 0.999791384 4.637030125
0.999774396 0.000103822 0.021235874 0.008437671 -0.000082756 0.999999464 -0.000992878 0.020735566 -0.021235969 0.000990897 0.999773979 4.673137665
0.999778688 0.000185022 0.021038106 0.008595943 -0.000157837 0.999999166 -0.001293834 0.020952865 -0.021038331 0.001290227 0.999777794 4.707149029
0.999804258 0.000576129 0.019776773 0.010526747 -0.000542919 0.999998391 -0.001684562 0.021079548 -0.019777713 0.001673495 0.999803007 4.745916367
0.999802351 0.001264317 0.019837460 0.011090450 -0.001221228 0.999996841 -0.002184081 0.021399457 -0.019840160 0.002159424 0.999800861 4.784242630
0.999834359 -0.001031001 0.018170543 0.012621984 0.001066312 0.999997497 -0.001933750 0.021604549 -0.018168507 0.001952806 0.999833107 4.821815491
0.999851704 -0.001608384 0.017146055 0.012467153 0.001625608 0.999998093 -0.000990674 0.021591745 -0.017144429 0.001018400 0.999852598 4.859633923
0.999881506 -0.003941208 0.014882712 0.013205871 0.003933348 0.999992073 0.000557405 0.021606313 -0.014884792 -0.000498800 0.999889135 4.897598267
0.999917805 -0.003718665 0.012271261 0.013355646 0.003712316 0.999992967 0.000540176 0.022195188 -0.012273183 -0.000494576 0.999924541 4.935729980
0.999945521 -0.004816412 0.009256764 0.013738994 0.004799196 0.999986768 0.001881100 0.022114215 -0.009265700 -0.001836572 0.999955356 4.973102570
0.999966621 -0.005782850 0.005781011 0.014275353 0.005770340 0.999980986 0.002178295 0.022416867 -0.005793498 -0.002144863 0.999980867 5.011204243
0.999974966 -0.006288806 0.003251895 0.013380569 0.006281865 0.999977946 0.002140914 0.022481889 -0.003265287 -0.002120432 0.999992430 5.047778130
0.999976635 -0.006813007 -0.000661509 0.012443132 0.006814146 0.999975324 0.001734684 0.022295607 0.000649675 -0.001739151 0.999998271 5.085205555
0.999964952 -0.006128063 -0.005720863 0.012289457 0.006134307 0.999980628 0.001074524 0.022836164 0.005714167 -0.001109580 0.999983072 5.122875690
0.999919653 -0.006541268 -0.010856653 0.012119893 0.006557290 0.999977469 0.001440844 0.023078922 0.010846983 -0.001511918 0.999940038 5.160217762
0.999859989 -0.005416047 -0.015833229 0.010888346 0.005450596 0.999982834 0.002139714 0.023406710 0.015821371 -0.002225715 0.999872386 5.197539330
0.999774992 -0.004967113 -0.020620603 0.009365886 0.005017136 0.999984562 0.002374840 0.023910798 0.020608488 -0.002477763 0.999784589 5.234131813
0.999612808 -0.007473167 -0.026799554 0.009204894 0.007583688 0.999963105 0.004024706 0.023125619 0.026768491 -0.004226387 0.999632716 5.270637035
0.999409556 -0.008946005 -0.033171862 0.007633835 0.009063113 0.999953270 0.003381674 0.023744643 0.033140060 -0.003680318 0.999443948 5.307807922
0.999153197 -0.010810642 -0.039698642 0.006163597 0.010936432 0.999935806 0.002952746 0.023553062 0.039664172 -0.003384407 0.999207377 5.343557835
0.998853087 -0.013057489 -0.046066228 0.004488453 0.013146346 0.999912381 0.001626459 0.024029208 0.046040948 -0.002230196 0.998937070 5.378420830
0.998549223 -0.012374023 -0.052405193 0.001889706 0.012422604 0.999922752 0.000601365 0.023910731 0.052393697 -0.001251502 0.998625755 5.414930344
0.998179257 -0.012443625 -0.059018530 0.000104636 0.012421224 0.999922574 -0.000746466 0.023988254 0.059023246 0.000012025 0.998256564 5.451371193
0.997795165 -0.013553044 -0.064972401 -0.002879173 0.013564945 0.999907970 -0.000257999 0.023728695 0.064969927 -0.000623917 0.997887015 5.487411976
0.997417390 -0.013366042 -0.070569187 -0.005326658 0.013433836 0.999909699 0.000486135 0.023540432 0.070556305 -0.001432895 0.997506738 5.521469593
0.997075796 -0.012217015 -0.075436257 -0.009455860 0.012454107 0.999918818 0.002673335 0.023446266 0.075397484 -0.003605009 0.997146964 5.558309078
0.996666610 -0.010584010 -0.080894314 -0.011448890 0.010991171 0.999929011 0.004589596 0.024255022 0.080840006 -0.005463419 0.996712089 5.593134403
0.996306837 -0.008719038 -0.085421443 -0.014568686 0.009346691 0.999932110 0.006950540 0.024149055 0.085355051 -0.007723278 0.996320665 5.627967358
0.996033490 -0.006930999 -0.088708580 -0.018323481 0.007710296 0.999934554 0.008445275 0.024337593 0.088644251 -0.009095745 0.996021748 5.662030220
0.995781600 -0.005462640 -0.091591969 -0.022001892 0.006168519 0.999953508 0.007425454 0.025266679 0.091547132 -0.007959118 0.995768964 5.696094990
0.995592356 -0.003332909 -0.093725868 -0.025937021 0.003946655 0.999971926 0.006363717 0.025049860 0.093702033 -0.006705572 0.995577633 5.732290745
0.995522976 -0.002290720 -0.094491079 -0.029830396 0.002817034 0.999981225 0.005436977 0.025206309 0.094476856 -0.005678820 0.995510876 5.766031265
0.995455027 -0.000393695 -0.095231265 -0.032727659 0.000782267 0.999991596 0.004043004 0.025299601 0.095228881 -0.004099125 0.995446920 5.800051212
0.995529950 0.000639421 -0.094445020 -0.036904573 -0.000376229 0.999996006 0.002804511 0.025673945 0.094446443 -0.002756441 0.995526075 5.833449364
0.995589316 0.001153066 -0.093810044 -0.040300488 -0.000955642 0.999997258 0.002149413 0.026206028 0.093812242 -0.002050285 0.995587766 5.866686344
0.995677352 0.002113482 -0.092855476 -0.043303549 -0.001974344 0.999996841 0.001590274 0.026222851 0.092858545 -0.001400071 0.995678306 5.900219440
0.995883882 0.002677317 -0.090597607 -0.046329618 -0.002600552 0.999996185 0.000965353 0.026149405 0.090599835 -0.000725776 0.995887041 5.932089329
0.996066749 0.002790945 -0.088561885 -0.048978418 -0.002928473 0.999994755 -0.001423010 0.027125269 0.088557437 0.001676764 0.996069670 5.964630127
0.996337354 0.004687839 -0.085380085 -0.052231044 -0.004902038 0.999985278 -0.002299280 0.026647232 0.085368045 0.002709395 0.996345818 5.996080875
0.996619225 0.006819765 -0.081876360 -0.054413587 -0.007010250 0.999973357 -0.002039242 0.026574560 0.081860267 0.002606322 0.996640444 6.026862621
0.997005939 0.009887878 -0.076689862 -0.057741106 -0.009938057 0.999950647 -0.000272707 0.025943181 0.076683372 0.001034039 0.997054935 6.058297634
0.997375548 0.011500060 -0.071482293 -0.059775680 -0.011420633 0.999933600 0.001519770 0.026228864 0.071495026 -0.000699409 0.997440696 6.088230133
0.997807562 0.012991489 -0.064893894 -0.061803460 -0.012782622 0.999911666 0.003632784 0.026055282 0.064935364 -0.002795306 0.997885585 6.118447304
0.998262107 0.012145265 -0.057663072 -0.063612640 -0.011939173 0.999921024 0.003917214 0.026375223 0.057706099 -0.003221958 0.998328388 6.147469997
0.998633742 0.014070687 -0.050327726 -0.064739153 -0.013919223 0.999897480 0.003358832 0.026039571 0.050369825 -0.002653719 0.998727202 6.176103592
0.998988509 0.015437589 -0.042234682 -0.065746322 -0.015366300 0.999879956 0.002012048 0.026002236 0.042260677 -0.001361022 0.999105752 6.204008102
0.999315858 0.015174543 -0.033728339 -0.066287503 -0.015178765 0.999884784 0.000130874 0.026742863 0.033726439 0.000381170 0.999431014 6.230521679
0.999577701 0.016462509 -0.023944534 -0.067870356 -0.016471921 0.999864340 -0.000195816 0.025936076 0.023938065 0.000590146 0.999713302 6.257933617
0.999772549 0.015809475 -0.014315796 -0.067790888 -0.015837602 0.999872863 -0.001853559 0.025861472 0.014284671 0.002079865 0.999895751 6.283985615
0.999844134 0.017209800 -0.003956513 -0.067812778 -0.017220944 0.999847829 -0.002800240 0.025593394 0.003907720 0.002867938 0.999988258 6.308289051
0.999828696 0.017446386 0.006182375 -0.067323774 -0.017420338 0.999839246 -0.004242228 0.025378022 -0.006255393 0.004133802 0.999971867 6.333313465
0.999710143 0.017033661 0.017012600 -0.067293905 -0.016944882 0.999842107 -0.005349072 0.025247894 -0.017101027 0.005059246 0.999840975 6.355864525
0.999529719 0.014716155 0.026904408 -0.066107124 -0.014521458 0.999867022 -0.007417786 0.025270328 -0.027009992 0.007023606 0.999610484 6.378170490
0.999273598 0.011886868 0.036206208 -0.065094769 -0.011627078 0.999905229 -0.007377389 0.025133852 -0.036290467 0.006951057 0.999317110 6.399857044
0.998866260 0.012667253 0.045886256 -0.063864946 -0.012402127 0.999904692 -0.006057987 0.025020570 -0.045958623 0.005482033 0.998928308 6.421538353
0.998331606 0.015057649 0.055742957 -0.062724173 -0.014881755 0.999882817 -0.003569194 0.024741596 -0.055790175 0.002733687 0.998438895 6.441993237
0.997773409 0.017373856 0.064393409 -0.061504275 -0.017293692 0.999848783 -0.001802112 0.024646010 -0.064414985 0.000684499 0.997922957 6.462493896
0.997199476 0.016199302 0.073011950 -0.059844136 -0.016199233 0.999868631 -0.000593127 0.024867443 -0.073011965 -0.000591272 0.997330964 6.482073307
0.996670127 0.011240639 0.080760486 -0.057423055 -0.011261751 0.999936581 -0.000194092 0.024389820 -0.080757543 -0.000716059 0.996733546 6.501148701
