0.999999821 -0.000558372 -0.000004430 -0.000177972 0.000558379 0.999998510 0.001619708 0.000309424 0.000003526 -0.001619710 0.999998689 0.051911280
0.999999881 0.000286326 0.000008618 -0.000475298 -0.000286339 0.999998689 0.001588866 0.000770086 -0.000008163 -0.001588869 0.999998689 0.103805877
0.999999583 0.001044822 -0.000016422 -0.000665665 -0.001044797 0.999998271 0.001492092 0.001155096 0.000017981 -0.001492074 0.999998868 0.155574292
0.999998391 0.001802197 0.000035383 -0.000918115 -0.001802279 0.999995291 0.002475902 0.001280413 -0.000030921 -0.002475962 0.999996960 0.207284480
0.999998033 0.002051684 0.000071289 -0.001118309 -0.002051878 0.999993920 0.002821031 0.001720619 -0.000065500 -0.002821171 0.999996006 0.259109139
0.999995351 0.003008515 0.000493092 -0.001605713 -0.003009945 0.999991298 0.002926522 0.002140575 -0.000484283 -0.002927993 0.999995589 0.310783237
0.999996722 0.002447546 0.000624332 -0.001796644 -0.002449443 0.999992311 0.003056830 0.002375226 -0.000616846 -0.003058350 0.999995112 0.362747669
0.999990404 0.004258929 0.001037381 -0.002588362 -0.004261202 0.999988556 0.002198051 0.003017263 -0.001028007 -0.002202451 0.999997020 0.415616572
0.999987900 0.004662720 0.001575195 -0.002349080 -0.004665322 0.999987781 0.001651704 0.003293391 -0.001567474 -0.001659033 0.999997377 0.465186596
0.999982655 0.005385381 0.002384566 -0.002696299 -0.005391041 0.999982655 0.002373776 0.003704960 -0.002371741 -0.002386590 0.999994338 0.517063260
0.999984503 0.004735237 0.002973389 -0.002877417 -0.004745685 0.999982536 0.003515990 0.003422613 -0.002956688 -0.003530046 0.999989331 0.568219423
0.999987364 0.003878344 0.003185404 -0.002570424 -0.003890570 0.999985039 0.003840609 0.003700050 -0.003170461 -0.003852954 0.999987483 0.620228887
0.999984860 0.003459431 0.004274810 -0.003281837 -0.003477095 0.999985397 0.004131603 0.004320321 -0.004260456 -0.004146405 0.999982297 0.669733822
0.999980688 0.003300416 0.005274560 -0.003684679 -0.003328449 0.999980390 0.005315029 0.004435867 -0.005256915 -0.005332482 0.999971926 0.721654058
0.999978065 0.003347459 0.005718009 -0.003271837 -0.003373090 0.999984264 0.004478580 0.004811962 -0.005702928 -0.004497769 0.999973595 0.770140946
0.999978364 0.003154498 0.005782349 -0.002540404 -0.003176990 0.999987423 0.003884671 0.004995513 -0.005770022 -0.003902958 0.999975681 0.820341527
0.999971092 0.003446340 0.006769932 -0.003012310 -0.003465011 0.999990225 0.002748148 0.005551656 -0.006760396 -0.002771527 0.999973297 0.870086193
0.999969780 0.003456877 0.006969381 -0.002474583 -0.003480663 0.999988139 0.003403767 0.005338880 -0.006957532 -0.003427922 0.999969900 0.921228468
0.999963164 0.003330866 0.007913113 -0.002729802 -0.003361879 0.999986649 0.003909070 0.005612133 -0.007899988 -0.003935528 0.999961019 0.969783843
0.999947965 0.005455993 0.008621371 -0.002900644 -0.005489527 0.999977410 0.003870826 0.005999336 -0.008600057 -0.003917952 0.999955356 1.019489765
0.999953151 0.004549849 0.008537436 -0.002225083 -0.004573402 0.999985814 0.002741294 0.006089313 -0.008524843 -0.002780211 0.999959826 1.068019748
0.999943972 0.005838173 0.008828032 -0.001392392 -0.005848530 0.999982238 0.001147954 0.006443769 -0.008821175 -0.001199521 0.999960423 1.115516305
0.999935806 0.005804469 0.009729004 -0.001523755 -0.005828657 0.999979973 0.002459655 0.006712817 -0.009714530 -0.002516203 0.999949634 1.165225029
0.999938369 0.005223794 0.009789450 -0.001101268 -0.005273571 0.999973238 0.005065842 0.007041589 -0.009762725 -0.005117155 0.999939322 1.214411616
0.999942243 0.004246217 0.009870226 -0.000425987 -0.004304252 0.999973536 0.005866035 0.007262711 -0.009845057 -0.005908180 0.999934077 1.262740135
0.999953210 0.002997940 0.009197665 0.000988691 -0.003048363 0.999980390 0.005473069 0.007510103 -0.009181078 -0.005500851 0.999942720 1.312144876
0.999959409 0.001231131 0.008925444 0.001786795 -0.001273680 0.999987900 0.004763041 0.007947919 -0.008919472 -0.004774215 0.999948859 1.360546470
0.999951780 0.001495354 0.009698880 0.000309773 -0.001523746 0.999994576 0.002920579 0.008023680 -0.009694458 -0.002935217 0.999948621 1.404766560
0.999951720 0.001299196 0.009730405 0.000218743 -0.001321137 0.999996603 0.002248837 0.008295459 -0.009727450 -0.002261584 0.999950051 1.452254057
0.999953866 0.002351872 0.009307731 0.000460687 -0.002364463 0.999996305 0.001341942 0.008509488 -0.009304541 -0.001363888 0.999955714 1.498156667
0.999962687 0.001833944 0.008443973 0.001078353 -0.001851747 0.999996006 0.002101013 0.008464808 -0.008440088 -0.002116570 0.999962151 1.544577241
0.999972522 0.001646536 0.007226108 0.002711167 -0.001672677 0.999992073 0.003613080 0.008467152 -0.007220102 -0.003625068 0.999967396 1.591946959
0.999970615 0.001361880 0.007554786 0.002096708 -0.001403756 0.999983668 0.005540455 0.008353028 -0.007547118 -0.005550897 0.999956131 1.637386322
0.999972761 0.002574572 0.006916848 0.001563357 -0.002619233 0.999975681 0.006455600 0.008575769 -0.006900060 -0.006473542 0.999955237 1.682887793
0.999974847 0.002535366 0.006620800 0.001496434 -0.002577551 0.999976397 0.006370782 0.009044710 -0.006604491 -0.006387687 0.999957860 1.727436543
0.999985218 0.000630809 0.005399230 0.002672938 -0.000667055 0.999977231 0.006714067 0.009230537 -0.005394872 -0.006717570 0.999962866 1.773525357
0.999987185 -0.000444405 0.005040401 0.002292983 0.000409892 0.999976456 0.006846123 0.009468814 -0.005043325 -0.006843968 0.999963880 1.819081426
0.999989629 -0.001155321 0.004399515 0.002642620 0.001124171 0.999974370 0.007076061 0.009595919 -0.004407578 -0.007071042 0.999965310 1.864053965
0.999993145 -0.000815941 0.003593961 0.003184590 0.000798735 0.999988198 0.004786403 0.010418032 -0.003597823 -0.004783499 0.999982119 1.908831477
0.999994755 -0.000787729 0.003147868 0.002555939 0.000777677 0.999994576 0.003193337 0.010052885 -0.003150367 -0.003190873 0.999989927 1.953429699
0.999994397 -0.001894374 0.002759554 0.002378414 0.001887933 0.999995470 0.002334560 0.010009976 -0.002763964 -0.002329337 0.999993443 1.998186350
0.999997556 -0.000933193 0.002008581 0.002419815 0.000928094 0.999996305 0.002537952 0.010504357 -0.002010942 -0.002536082 0.999994695 2.043349028
0.999998331 0.000879611 0.001589874 0.003507121 -0.000885266 0.999993205 0.003559470 0.010672064 -0.001586732 -0.003560872 0.999992430 2.086839914
0.999998271 0.001427227 0.001174305 0.003539991 -0.001433472 0.999984682 0.005334380 0.010352440 -0.001166674 -0.005336054 0.999985099 2.130746603
0.999999404 0.000445298 0.000971196 0.002710364 -0.000451228 0.999981105 0.006114167 0.010667920 -0.000968455 -0.006114602 0.999980867 2.174457073
0.999999523 0.000670933 0.000644155 0.003704960 -0.000675158 0.999978125 0.006582452 0.011754969 -0.000639725 -0.006582885 0.999978125 2.217242956
0.999999225 0.000386834 0.001187005 0.002812420 -0.000395398 0.999973893 0.007223142 0.012186741 -0.001184180 -0.007223606 0.999973178 2.258790255
0.999999583 -0.000399038 0.000795405 0.002743218 0.000392169 0.999962747 0.008617339 0.012537349 -0.000798814 -0.008617024 0.999962568 2.301447153
0.999999702 -0.000207658 0.000685464 0.003110904 0.000202007 0.999966025 0.008233991 0.013133468 -0.000687151 -0.008233849 0.999965847 2.341757774
0.999999642 0.000277265 0.000745239 0.002900706 -0.000283601 0.999963701 0.008515138 0.012135913 -0.000742851 -0.008515347 0.999963403 2.380596161
0.999998152 0.000938806 0.001669161 0.001914583 -0.000951764 0.999969363 0.007779369 0.012936383 -0.001661807 -0.007780943 0.999968290 2.417447567
0.999999762 0.000224384 0.000552019 0.003300273 -0.000228190 0.999976158 0.006904684 0.013424882 -0.000550457 -0.006904810 0.999976039 2.457210064
0.999999642 0.000422697 0.000670793 0.003511091 -0.000426984 0.999979436 0.006403651 0.013619522 -0.000668073 -0.006403936 0.999979377 2.493526936
0.999998569 0.000951178 0.001497133 0.002573932 -0.000961593 0.999975264 0.006971217 0.013973088 -0.001490465 -0.006972645 0.999974608 2.529132843
0.999997020 0.001860985 0.001561526 0.002653783 -0.001874045 0.999962926 0.008404326 0.013902685 -0.001545828 -0.008407229 0.999963522 2.562909603
0.999996722 0.002089085 0.001501709 0.002936868 -0.002102426 0.999957919 0.008937551 0.013956912 -0.001482975 -0.008940678 0.999958932 2.595713139
0.999997377 0.001316348 0.001885083 0.002360648 -0.001334292 0.999953508 0.009549564 0.013878824 -0.001872424 -0.009552052 0.999952555 2.628226757
0.999997258 0.001528593 0.001777881 0.002644382 -0.001546494 0.999947667 0.010111609 0.014189873 -0.001762332 -0.010114330 0.999947250 2.658981562
0.999995351 0.001422677 0.002689423 0.001927719 -0.001447452 0.999956310 0.009232545 0.014039756 -0.002676170 -0.009236396 0.999953687 2.688361645
0.999995649 0.001297191 0.002635296 0.002129774 -0.001318537 0.999966204 0.008114505 0.014293699 -0.002624681 -0.008117944 0.999963641 2.716925144
0.999994099 0.001775321 0.002922487 0.001888870 -0.001798245 0.999967515 0.007859923 0.014346132 -0.002908438 -0.007865135 0.999964833 2.744386911
0.999991417 0.002086601 0.003601348 0.001111163 -0.002112438 0.999971986 0.007185056 0.014078284 -0.003586255 -0.007192603 0.999967754 2.769790173
0.999996543 0.000306734 0.002653971 0.001901880 -0.000320412 0.999986649 0.005154928 0.014500560 -0.002652355 -0.005155760 0.999983132 2.797434330
0.999997616 0.000150725 0.002185932 0.001521513 -0.000158674 0.999993324 0.003636607 0.014455494 -0.002185370 -0.003636946 0.999990940 2.822118044
0.999999285 0.000107415 0.001176528 0.001593346 -0.000109339 0.999998629 0.001634984 0.014536353 -0.001176351 -0.001635112 0.999997973 2.847821951
0.999999762 0.000127894 0.000492869 0.001750535 -0.000128308 0.999999642 0.000839831 0.014856396 -0.000492761 -0.000839894 0.999999523 2.873647213
0.999999821 0.000624054 -0.000456422 0.001182676 -0.000623157 0.999997795 0.001963288 0.014550521 0.000457646 -0.001963003 0.999997973 2.896982670
0.999999225 0.001088878 -0.000625528 0.000102285 -0.001087421 0.999996603 0.002325412 0.014787806 0.000628059 -0.002324730 0.999997139 2.920956850
0.999997735 0.001045789 -0.001830266 0.000667444 -0.001039475 0.999993443 0.003447817 0.014691503 0.001833860 -0.003445907 0.999992371 2.945740700
0.999995828 0.001544731 -0.002410819 0.000518238 -0.001535279 0.999991119 0.003917832 0.014982635 0.002416850 -0.003914115 0.999989450 2.969455242
0.999994814 0.001545003 -0.002818535 0.000211022 -0.001529716 0.999984145 0.005417744 0.014791806 0.002826861 -0.005413406 0.999981284 2.992255449
0.999989569 0.002760573 -0.003632949 0.000273338 -0.002739132 0.999978900 0.005893378 0.015121371 0.003649142 -0.005883365 0.999975979 3.014938116
0.999989808 0.002954851 -0.003405486 -0.000084090 -0.002933964 0.999976933 0.006122157 0.015113991 0.003423497 -0.006112104 0.999975443 3.035921574
0.999990225 0.002719781 -0.003491130 -0.000259921 -0.002697845 0.999976754 0.006272757 0.015249017 0.003508109 -0.006263278 0.999974251 3.056884527
0.999988437 0.002805021 -0.003900586 -0.000322895 -0.002778094 0.999972403 0.006891735 0.015211212 0.003919810 -0.006880819 0.999968588 3.077080250
0.999989331 0.003141627 -0.003390009 -0.000544881 -0.003116563 0.999967933 0.007373715 0.015398094 0.003413065 -0.007363071 0.999967039 3.095274687
0.999984920 0.004368880 -0.003309767 -0.000760897 -0.004343498 0.999961376 0.007637532 0.015536914 0.003343008 -0.007623041 0.999965370 3.113525152
0.999982417 0.005224414 -0.002811263 -0.001291315 -0.005203484 0.999959052 0.007401744 0.015543928 0.002849819 -0.007386986 0.999968588 3.130541563
0.999987006 0.004316601 -0.002704830 -0.000960874 -0.004296250 0.999962866 0.007485221 0.015647050 0.002737040 -0.007473505 0.999968350 3.146094322
0.999991357 0.003598139 -0.002063117 -0.001305701 -0.003583588 0.999969006 0.007013884 0.016025512 0.002088290 -0.007006431 0.999973297 3.161881208
0.999992549 0.003231698 -0.002064934 -0.001367934 -0.003217191 0.999970436 0.006990492 0.015890865 0.002087465 -0.006983798 0.999973476 3.176372528
0.999990880 0.003784569 -0.001950672 -0.001069564 -0.003773795 0.999977767 0.005498146 0.016225977 0.001971436 -0.005490735 0.999982893 3.189609766
0.999988198 0.004505561 -0.001809150 -0.001041428 -0.004497288 0.999979496 0.004551332 0.015631439 0.001829619 -0.004543143 0.999987960 3.202880859
0.999988914 0.004436833 -0.001556943 -0.001335352 -0.004431575 0.999984562 0.003364759 0.015819795 0.001571847 -0.003357822 0.999993086 3.217233658
0.999989867 0.004123210 -0.001823598 -0.001571527 -0.004118521 0.999988258 0.002567309 0.016253032 0.001834161 -0.002559773 0.999994993 3.230871916
0.999989510 0.004335408 -0.001485594 -0.001784888 -0.004331795 0.999987662 0.002425377 0.016398579 0.001496090 -0.002418916 0.999995947 3.243798971
0.999991357 0.003825011 -0.001640281 -0.002230557 -0.003820824 0.999989450 0.002547997 0.016320860 0.001650010 -0.002541708 0.999995351 3.256807566
0.999991775 0.003564883 -0.001965971 -0.002114860 -0.003559942 0.999990523 0.002510980 0.016324941 0.001974904 -0.002503960 0.999994934 3.270380735
0.999989331 0.003727151 -0.002712471 -0.001930986 -0.003721269 0.999990761 0.002170342 0.016773090 0.002720535 -0.002160225 0.999993980 3.283532619
0.999991059 0.003406459 -0.002506449 -0.002162953 -0.003401322 0.999992132 0.002050932 0.016635135 0.002513415 -0.002042389 0.999994695 3.295357466
0.999990523 0.003456495 -0.002647091 -0.002321996 -0.003452637 0.999992967 0.001460725 0.016693614 0.002652121 -0.001451572 0.999995410 3.307859659
0.999989152 0.003712164 -0.002828250 -0.002611981 -0.003708503 0.999992311 0.001298321 0.016668193 0.002833048 -0.001287818 0.999995112 3.320568800
0.999986112 0.004415396 -0.002873528 -0.003272804 -0.004410322 0.999988735 0.001769781 0.016388075 0.002881310 -0.001757083 0.999994278 3.332856178
0.999986410 0.003790340 -0.003561623 -0.002697134 -0.003782888 0.999990642 0.002096734 0.016509486 0.003569539 -0.002083232 0.999991477 3.344292164
0.999985933 0.003834605 -0.003663287 -0.002936421 -0.003826773 0.999990344 0.002142622 0.016704924 0.003671468 -0.002128574 0.999991000 3.356463909
0.999984145 0.003786049 -0.004166881 -0.002932034 -0.003776827 0.999990404 0.002219065 0.016843902 0.004175243 -0.002203293 0.999988914 3.368328333
0.999985039 0.003674204 -0.004079817 -0.002992956 -0.003663771 0.999989986 0.002561798 0.016736753 0.004089188 -0.002546811 0.999988377 3.379077911
0.999984503 0.003360445 -0.004438676 -0.003178345 -0.003348563 0.999990761 0.002681496 0.016582355 0.004447646 -0.002666591 0.999986529 3.390286684
0.999984324 0.003198316 -0.004587808 -0.003291805 -0.003185804 0.999991179 0.002731886 0.016699968 0.004596504 -0.002717228 0.999985695 3.401106119
0.999985099 0.002944018 -0.004625243 -0.003204423 -0.002931311 0.999991894 0.002751535 0.016868198 0.004633307 -0.002737936 0.999985516 3.411050320
0.999986112 0.002554842 -0.004623594 -0.003430262 -0.002540180 0.999991655 0.003174164 0.016962586 0.004631666 -0.003162375 0.999984264 3.420770168
0.999985754 0.001690165 -0.005064811 -0.003473729 -0.001670939 0.999991417 0.003797857 0.016797734 0.005071186 -0.003789340 0.999979973 3.429891348
0.999986053 0.001498501 -0.005049906 -0.003475686 -0.001476546 0.999989450 0.004348518 0.016622581 0.005056370 -0.004341003 0.999977767 3.438410521
0.999983728 0.002152548 -0.005276059 -0.003462813 -0.002127036 0.999986053 0.004836229 0.016775135 0.005286396 -0.004824928 0.999974370 3.446419477
0.999981701 0.002961004 -0.005266681 -0.003588038 -0.002934177 0.999982774 0.005094179 0.016736090 0.005281674 -0.005078632 0.999973118 3.453252792
0.999980509 0.003093092 -0.005426623 -0.003998637 -0.003064166 0.999981105 0.005330667 0.016658630 0.005443009 -0.005313935 0.999971032 3.459167004
0.999981105 0.003041897 -0.005346597 -0.003888790 -0.003013645 0.999981403 0.005284285 0.016718104 0.005362572 -0.005268072 0.999971747 3.464463711
0.999981403 0.002581077 -0.005530377 -0.003967143 -0.002555759 0.999986172 0.004580106 0.016703172 0.005542122 -0.004565886 0.999974191 3.469355583
0.999979854 0.002877740 -0.005668498 -0.003988275 -0.002856829 0.999989033 0.003693693 0.016737599 0.005679065 -0.003677423 0.999977112 3.473716736
0.999979436 0.002978286 -0.005692895 -0.004063519 -0.002959584 0.999990225 0.003290820 0.016826503 0.005702639 -0.003273903 0.999978423 3.477959871
0.999978244 0.003450267 -0.005636807 -0.004351861 -0.003430349 0.999987841 0.003539198 0.016714724 0.005648949 -0.003519784 0.999977887 3.481363773
0.999978602 0.003215560 -0.005700808 -0.004140045 -0.003196356 0.999989212 0.003374686 0.016909370 0.005711599 -0.003356392 0.999978006 3.484486103
0.999980271 0.002590013 -0.005732661 -0.004103126 -0.002570248 0.999990821 0.003452539 0.016874388 0.005741550 -0.003437737 0.999977589 3.487669468
0.999979794 0.002817834 -0.005688764 -0.004272879 -0.002799727 0.999991059 0.003188312 0.016967546 0.005697698 -0.003172321 0.999978781 3.490407467
0.999977767 0.003000395 -0.005948064 -0.004156519 -0.002983310 0.999991357 0.002879151 0.016991867 0.005956650 -0.002861342 0.999978185 3.493048668
0.999977946 0.003173770 -0.005838438 -0.004327003 -0.003159864 0.999992073 0.002389662 0.017009106 0.005845977 -0.002371160 0.999980092 3.495349407
0.999977410 0.003201465 -0.005915365 -0.004284415 -0.003189132 0.999992669 0.002093079 0.016990397 0.005922024 -0.002074167 0.999980271 3.497642756
0.999976814 0.002955761 -0.006145615 -0.004146084 -0.002941686 0.999993026 0.002298173 0.016869605 0.006152365 -0.002280041 0.999978483 3.499798298
0.999977231 0.002709611 -0.006189114 -0.004109738 -0.002694752 0.999993443 0.002407912 0.016974682 0.006195598 -0.002391180 0.999977946 3.501990080
0.999976695 0.002906300 -0.006177090 -0.004289882 -0.002892418 0.999993265 0.002255133 0.017103720 0.006183603 -0.002237214 0.999978364 3.503847599
0.999977112 0.002894119 -0.006099065 -0.004400322 -0.002879337 0.999992788 0.002431052 0.016969316 0.006106059 -0.002413435 0.999978483 3.505455494
0.999976754 0.003041560 -0.006095265 -0.004410515 -0.003025581 0.999991894 0.002629117 0.016902346 0.006103213 -0.002610614 0.999978006 3.506845713
0.999977350 0.002769195 -0.006124699 -0.004418384 -0.002752558 0.999992430 0.002723164 0.016972410 0.006132194 -0.002706244 0.999977589 3.508147001
0.999977648 0.002872990 -0.006028893 -0.004443748 -0.002856110 0.999991953 0.002806645 0.017008899 0.006036908 -0.002789363 0.999977946 3.508936167
0.999976873 0.003034218 -0.006082083 -0.004428566 -0.003016850 0.999991298 0.002862834 0.017088002 0.006090719 -0.002844419 0.999977410 3.509407997
0.999976754 0.003076038 -0.006074693 -0.004412951 -0.003058622 0.999991119 0.002874123 0.017121430 0.006083482 -0.002855476 0.999977410 3.509433031
0.999975085 0.003086933 -0.006346359 -0.004268399 -0.003071411 0.999992251 0.002454070 0.017242592 0.006353888 -0.002434517 0.999976873 3.509145260
0.999977827 0.002602280 -0.006122856 -0.004355522 -0.002592394 0.999995232 0.001621980 0.017134693 0.006127050 -0.001606071 0.999979854 3.509018660
0.999978721 0.002465946 -0.006034293 -0.004389355 -0.002459297 0.999996305 0.001108924 0.016968857 0.006037006 -0.001094060 0.999981105 3.509177208
0.999978602 0.002241391 -0.006130241 -0.004351016 -0.002232074 0.999996305 0.001526340 0.016960865 0.006133641 -0.001512624 0.999980032 3.509212017
0.999978304 0.002606954 -0.006038009 -0.004381167 -0.002600833 0.999996066 0.001021351 0.017175084 0.006040649 -0.001005625 0.999981225 3.509024620
0.999977529 0.002420037 -0.006256338 -0.004315635 -0.002418123 0.999997020 0.000313427 0.017009741 0.006257079 -0.000298291 0.999980330 3.508955240
0.999977112 0.002276000 -0.006375300 -0.004197897 -0.002275874 0.999997437 0.000027039 0.017088497 0.006375344 -0.000012529 0.999979615 3.509600639
0.999977291 0.002460574 -0.006286062 -0.004372898 -0.002461425 0.999997020 -0.000127753 0.017108291 0.006285728 0.000143223 0.999980271 3.509934187
0.999978185 0.002412150 -0.006151320 -0.004486928 -0.002413393 0.999997079 -0.000194703 0.017142171 0.006150832 0.000209545 0.999980986 3.510286570
0.999979734 0.002524454 -0.005865694 -0.004760429 -0.002524592 0.999996901 -0.000016131 0.017125951 0.005865635 0.000030940 0.999982834 3.510900974
0.999976158 0.002322264 -0.006498545 -0.004205979 -0.002322630 0.999997258 -0.000048827 0.017146045 0.006498415 0.000063919 0.999978900 3.512228727
0.999977589 0.002456868 -0.006230270 -0.004480427 -0.002457859 0.999996960 -0.000151337 0.017120339 0.006229879 0.000166647 0.999980569 3.513098001
0.999976754 0.002310230 -0.006410404 -0.004311392 -0.002312364 0.999997258 -0.000325583 0.017123459 0.006409634 0.000340398 0.999979436 3.514615774
0.999977052 0.002241725 -0.006386314 -0.004417039 -0.002246297 0.999997199 -0.000708985 0.017124267 0.006384706 0.000723314 0.999979377 3.515964985
0.999977350 0.002244181 -0.006340906 -0.004180307 -0.002252988 0.999996483 -0.001382321 0.017069232 0.006337781 0.001396575 0.999978960 3.517849445
0.999975562 0.002562727 -0.006501622 -0.004229670 -0.002577390 0.999994159 -0.002247942 0.017053513 0.006495824 0.002264644 0.999976397 3.520139933
0.999976575 0.002465851 -0.006369829 -0.004345996 -0.002484579 0.999992549 -0.002933879 0.017084446 0.006362548 0.002949637 0.999975443 3.523230076
0.999976277 0.002464075 -0.006417003 -0.004253311 -0.002487339 0.999990284 -0.003619989 0.017153593 0.006408022 0.003635865 0.999972880 3.526709080
0.999979317 0.002232386 -0.006021943 -0.004295669 -0.002254958 0.999990404 -0.003744186 0.017142277 0.006013527 0.003757688 0.999974906 3.531139612
0.999979794 0.002479397 -0.005850637 -0.004389210 -0.002502691 0.999988973 -0.003977695 0.017185843 0.005840710 0.003992257 0.999975085 3.536171675
0.999981940 0.002225313 -0.005572756 -0.004398960 -0.002248302 0.999988914 -0.004122454 0.017100845 0.005563520 0.004134909 0.999976099 3.541758776
0.999984860 0.002054494 -0.005111204 -0.004458511 -0.002077883 0.999987364 -0.004575059 0.017120173 0.005101740 0.004585610 0.999976575 3.548112154
0.999986768 0.001915299 -0.004779333 -0.004424505 -0.001941377 0.999983191 -0.005457689 0.017417494 0.004768799 0.005466895 0.999973655 3.555383444
0.999988914 0.001964948 -0.004291127 -0.004566376 -0.001991664 0.999978602 -0.006230341 0.017627230 0.004278793 0.006238819 0.999971330 3.563768148
0.999991834 0.001922045 -0.003576780 -0.004813083 -0.001947527 0.999972701 -0.007134296 0.017433830 0.003562969 0.007141203 0.999968171 3.572644472
0.999992669 0.002070646 -0.003253980 -0.004950594 -0.002094744 0.999970317 -0.007419987 0.017465116 0.003238519 0.007426748 0.999967217 3.582708359
0.999992430 0.002454862 -0.002996045 -0.004784857 -0.002478803 0.999964833 -0.008013522 0.017628130 0.002976267 0.008020891 0.999963403 3.593720675
0.999994457 0.002293215 -0.002420933 -0.004793111 -0.002312857 0.999964237 -0.008141803 0.017525932 0.002402175 0.008147358 0.999963939 3.605420589
0.999997139 0.001389988 -0.001943965 -0.005038019 -0.001406053 0.999964654 -0.008287499 0.017759681 0.001932377 0.008290210 0.999963760 3.618539333
0.999998331 0.000876505 -0.001587739 -0.005072474 -0.000889723 0.999964833 -0.008343372 0.017599680 0.001580370 0.008344770 0.999963880 3.632445574
0.999999344 0.000753460 -0.000868703 -0.004656909 -0.000760586 0.999965847 -0.008231959 0.017470339 0.000862472 0.008232613 0.999965727 3.647951365
0.999997973 0.001907660 -0.000502144 -0.004672601 -0.001912211 0.999955654 -0.009225801 0.017918933 0.000484522 0.009226743 0.999957323 3.664290667
0.999998689 0.001584900 0.000413957 -0.005086271 -0.001580877 0.999953210 -0.009542905 0.017718092 -0.000429062 0.009542238 0.999954402 3.680472851
0.999998629 0.001118278 0.001198667 -0.005199236 -0.001106746 0.999953508 -0.009578337 0.017583761 -0.001209322 0.009576999 0.999953389 3.698575258
0.999998331 0.000542633 0.001737889 -0.004992099 -0.000526303 0.999955833 -0.009383356 0.017597925 -0.001742904 0.009382427 0.999954462 3.717257261
0.999997675 0.000616991 0.002044070 -0.004607848 -0.000598251 0.999957919 -0.009155717 0.017605718 -0.002049633 0.009154474 0.999956012 3.737026453
0.999994874 0.000455118 0.003180088 -0.004875978 -0.000425531 0.999956667 -0.009298288 0.017635774 -0.003184182 0.009296886 0.999951720 3.757663250
0.999992371 -0.000549848 0.003854524 -0.004530206 0.000585081 0.999958038 -0.009145470 0.017410826 -0.003849333 0.009147659 0.999950767 3.779245377
0.999987960 -0.000221736 0.004905902 -0.004513102 0.000270893 0.999949753 -0.010021532 0.017632499 -0.004903433 0.010022742 0.999937773 3.802321911
0.999981284 -0.000452347 0.006109728 -0.004790802 0.000511562 0.999952912 -0.009693903 0.017814480 -0.006105055 0.009696848 0.999934316 3.825694799
0.999977946 -0.000059776 0.006645676 -0.004186435 0.000109556 0.999971986 -0.007490526 0.017273018 -0.006645041 0.007491089 0.999949872 3.850434065
0.999968946 0.000546708 0.007867781 -0.004465247 -0.000494050 0.999977529 -0.006693237 0.017453814 -0.007871264 0.006689142 0.999946654 3.875216961
0.999963522 0.000682829 0.008510801 -0.003505640 -0.000625897 0.999977410 -0.006690203 0.017687101 -0.008515177 0.006684632 0.999941409 3.901161671
0.999954283 -0.000009035 0.009568986 -0.003737986 0.000072146 0.999978185 -0.006595060 0.017879426 -0.009568719 0.006595449 0.999932528 3.927161217
0.999920547 0.001471124 0.012518534 -0.006485302 -0.001392958 0.999979496 -0.006250485 0.017850762 -0.012527473 0.006232550 0.999902129 3.951640844
0.999926090 0.000957913 0.012119257 -0.003724284 -0.000895335 0.999986231 -0.005167883 0.018011825 -0.012124042 0.005156651 0.999913275 3.982497931
0.999918103 0.000526965 0.012786892 -0.002325099 -0.000459393 0.999985933 -0.005286834 0.018553050 -0.012789500 0.005280527 0.999904275 4.011006355
0.999898911 0.000039880 0.014212525 -0.002918720 0.000040747 0.999983907 -0.005672634 0.018792493 -0.014212525 0.005672640 0.999882936 4.040013790
0.999883771 0.000290922 0.015244897 -0.002554003 -0.000212021 0.999986649 -0.005176974 0.018967709 -0.015246199 0.005173140 0.999870420 4.070400238
0.999881268 -0.000381599 0.015399462 -0.001426630 0.000457125 0.999987900 -0.004901229 0.018885434 -0.015397407 0.004907688 0.999869466 4.101387978
0.999868989 -0.001142654 0.016145099 -0.000629462 0.001232498 0.999983728 -0.005555907 0.018918227 -0.016138490 0.005575078 0.999854147 4.132830143
0.999858379 -0.000142137 0.016827954 -0.000883639 0.000241496 0.999982536 -0.005902498 0.019142669 -0.016826821 0.005905726 0.999840915 4.164150715
0.999848366 0.000204383 0.017414801 -0.001301333 -0.000093988 0.999979913 -0.006339741 0.019021919 -0.017415747 0.006337143 0.999828160 4.196480751
0.999842286 -0.000373201 0.017750295 -0.000866354 0.000492996 0.999977112 -0.006745019 0.018782943 -0.017747372 0.006752707 0.999819636 4.230266094
0.999841928 -0.001887013 0.017678121 0.001207493 0.001989141 0.999981403 -0.005761275 0.018747963 -0.017666923 0.005795530 0.999827087 4.263072491
0.999828339 -0.001238652 0.018485697 0.001226768 0.001334080 0.999985814 -0.005150814 0.019503461 -0.018479055 0.005174591 0.999815822 4.298470974
0.999839544 -0.000886179 0.017889682 0.002154574 0.000938622 0.999995291 -0.002923279 0.018861067 -0.017887004 0.002939603 0.999835730 4.329598904
0.999848783 -0.002737992 0.017169643 0.003164694 0.002763052 0.999995112 -0.001436000 0.018923443 -0.017165629 0.001483223 0.999851465 4.367033482
0.999844372 -0.001687048 0.017559359 0.003690012 0.001698945 0.999998331 -0.000662593 0.018984515 -0.017558211 0.000692322 0.999845624 4.400167942
0.999835253 -0.000524419 0.018141974 0.003217272 0.000528356 0.999999762 -0.000212192 0.019315092 -0.018141860 0.000221743 0.999835372 4.433979988
0.999841392 -0.000521508 0.017804144 0.003455624 0.000537325 0.999999464 -0.000883578 0.019534925 -0.017803675 0.000893005 0.999841094 4.469049931
0.999828398 -0.000420391 0.018515218 0.001681834 0.000440009 0.999999344 -0.001055503 0.019204576 -0.018514762 0.001063468 0.999828100 4.501725197
0.999845803 -0.000413160 0.017554510 0.004824527 0.000440334 0.999998689 -0.001544116 0.019583179 -0.017553849 0.001551608 0.999844730 4.538372040
0.999846697 -0.003072795 0.017236497 0.005732752 0.003083630 0.999994993 -0.000602093 0.018199585 -0.017234562 0.000655152 0.999851227 4.575027943
0.999827206 -0.000449104 0.018579209 0.003854334 0.000481955 0.999998331 -0.001763744 0.019256774 -0.018578388 0.001772394 0.999825835 4.605111122
0.999855697 -0.000915146 0.016963335 0.006556362 0.000952779 0.999997020 -0.002210567 0.019675214 -0.016961265 0.002226410 0.999853671 4.645370960
0.999875069 -0.001479936 0.015736161 0.007166781 0.001512748 0.999996662 -0.002073425 0.020251371 -0.015733039 0.002096971 0.999873996 4.680719852
0.999894261 -0.003249890 0.014175126 0.007675186 0.003271100 0.999993563 -0.001473306 0.020242028 -0.014170250 0.001519519 0.999898434 4.716534138
0.999912620 -0.005354506 0.012087605 0.008272737 0.005349837 0.999985576 0.000418703 0.020031121 -0.012089672 -0.000354000 0.999926865 4.754733562
0.999940574 -0.005528187 0.009389427 0.008548424 0.005526826 0.999984741 0.000170963 0.020872612 -0.009390228 -0.000119059 0.999955952 4.791758537
0.999957979 -0.006304682 0.006654597 0.008743346 0.006294381 0.999978900 0.001567641 0.020375574 -0.006664341 -0.001525689 0.999976635 4.828042030
0.999968529 -0.007035885 0.003684825 0.008538995 0.007028009 0.999972939 0.002145551 0.020354036 -0.003699822 -0.002119587 0.999990940 4.863946915
0.999969721 -0.007779732 0.000013187 0.008851343 0.007779698 0.999968171 0.001778674 0.020802729 -0.000027024 -0.001778517 0.999998391 4.901743412
0.999953330 -0.008601580 -0.004384620 0.008823359 0.008607646 0.999962032 0.001366099 0.020837814 0.004372702 -0.001403777 0.999989450 4.938656807
0.999927580 -0.008004453 -0.008977355 0.007647831 0.008014987 0.999967158 0.001138287 0.021078533 0.008967947 -0.001210158 0.999959052 4.974301815
0.999873638 -0.007923723 -0.013779502 0.006528340 0.007938180 0.999967992 0.000994914 0.021194963 0.013771179 -0.001104172 0.999904513 5.010368347
0.999784529 -0.008068007 -0.019125624 0.005890161 0.008115017 0.999964237 0.002381622 0.021109492 0.019105721 -0.002536314 0.999814391 5.046481133
0.999677956 -0.007707997 -0.024174608 0.004327610 0.007777854 0.999965847 0.002796997 0.021723561 0.024152221 -0.002984123 0.999703884 5.082773209
0.999520481 -0.008712694 -0.029713245 0.003488719 0.008824869 0.999954402 0.003646199 0.021218460 0.029680118 -0.003906666 0.999551833 5.117803574
0.999300241 -0.010464637 -0.035910532 0.001443490 0.010586539 0.999938846 0.003206169 0.021634556 0.035874784 -0.003584095 0.999349892 5.154026508
0.999006689 -0.012587909 -0.042744864 -0.000336602 0.012726496 0.999914587 0.002971604 0.021354850 0.042703807 -0.003512645 0.999081612 5.189863682
0.998691320 -0.014206397 -0.049132392 -0.002113432 0.014293549 0.999896824 0.001422869 0.021467386 0.049107112 -0.002123282 0.998791218 5.225313663
0.998345852 -0.014007860 -0.055760939 -0.003386050 0.014047478 0.999901235 0.000318574 0.021824399 0.055750970 -0.001101348 0.998444021 5.259111881
0.997961700 -0.014283706 -0.062196441 -0.005618006 0.014257571 0.999897897 -0.000864052 0.021685999 0.062202439 -0.000024480 0.998063505 5.293614864
0.997528315 -0.015273628 -0.068585254 -0.007084340 0.015234055 0.999883294 -0.001100007 0.021849930 0.068594053 0.000052457 0.997644603 5.326082706
0.997129023 -0.015404108 -0.074137874 -0.010615677 0.015410800 0.999881148 -0.000481808 0.021648340 0.074136473 -0.000662099 0.997247875 5.361955643
0.996771276 -0.013958631 -0.079071641 -0.013824224 0.014109330 0.999899447 0.001347427 0.022035606 0.079044893 -0.002458724 0.996868074 5.396335602
0.996381938 -0.012625184 -0.084045947 -0.017203569 0.012972995 0.999909401 0.003593468 0.022896117 0.083992966 -0.004670793 0.996455431 5.430151939
0.996022582 -0.010526841 -0.088476263 -0.020161897 0.011109238 0.999919713 0.006092669 0.022388337 0.088405043 -0.007051340 0.996059656 5.464066029
0.995685160 -0.009060292 -0.092352517 -0.023413479 0.009807705 0.999922693 0.007642393 0.022507284 0.092276126 -0.008515183 0.995697141 5.497463226
0.995464921 -0.006819756 -0.094884343 -0.027220070 0.007555391 0.999944150 0.007395875 0.022610512 0.094828606 -0.008079222 0.995460808 5.530532837
0.995267093 -0.004870701 -0.097055256 -0.030601799 0.005445814 0.999969125 0.005661609 0.023053147 0.097024679 -0.006163358 0.995262921 5.563849926
0.995171189 -0.004172338 -0.098065726 -0.034190059 0.004622978 0.999979794 0.004368521 0.023558943 0.098045491 -0.004800783 0.995170355 5.596539974
0.995144725 -0.001987497 -0.098402984 -0.037406445 0.002322156 0.999991894 0.003286499 0.023425087 0.098395653 -0.003499049 0.995141208 5.629036427
0.995169163 -0.001124803 -0.098168366 -0.040866673 0.001369220 0.999996126 0.002422436 0.023599220 0.098165274 -0.002545147 0.995166898 5.661671162
0.995231152 -0.000550219 -0.097542286 -0.044029117 0.000708074 0.999998510 0.001583721 0.023888988 0.097541265 -0.001645236 0.995230138 5.693922520
0.995374322 0.000466350 -0.096070848 -0.047761440 -0.000357324 0.999999344 0.001152046 0.023723669 0.096071318 -0.001112388 0.995373905 5.726219177
0.995581448 0.000848947 -0.093897820 -0.050656199 -0.000818179 0.999999583 0.000366166 0.023467235 0.093898088 -0.000287723 0.995581806 5.756843567
0.995775878 0.002250123 -0.091789007 -0.053453177 -0.002372502 0.999996424 -0.001224172 0.023481641 0.091785930 0.001436771 0.995777726 5.787843704
0.996043205 0.003883774 -0.088784873 -0.056336164 -0.004152970 0.999987304 -0.002847481 0.023820315 0.088772692 0.003204935 0.996046782 5.818985462
0.996363997 0.005951566 -0.084990241 -0.059344947 -0.006203391 0.999977112 -0.002699197 0.023867557 0.084972225 0.003216610 0.996378124 5.849248409
0.996760666 0.007900817 -0.080035649 -0.062007248 -0.007987370 0.999967813 -0.000761328 0.023463603 0.080027059 0.001398136 0.996791720 5.878762245
0.997153521 0.010104401 -0.074718520 -0.064348996 -0.010062172 0.999948919 0.000941621 0.023734555 0.074724227 -0.000187110 0.997204244 5.907933235
0.997585177 0.011180669 -0.068547860 -0.066031694 -0.010966875 0.999933720 0.003494459 0.023151478 0.068582386 -0.002734266 0.997641742 5.937050343
0.998077273 0.011188423 -0.060963750 -0.068056405 -0.010948507 0.999930978 0.004267980 0.022978662 0.061007291 -0.003592312 0.998130858 5.965033054
0.998519480 0.013117090 -0.052788746 -0.070162088 -0.012957687 0.999910414 0.003360743 0.023110248 0.052828088 -0.002671748 0.998600066 5.992857933
0.998905540 0.014520498 -0.044463292 -0.071568266 -0.014439393 0.999893486 0.002144728 0.022905130 0.044489685 -0.001500357 0.999008715 6.020040035
0.999240637 0.014604699 -0.036123097 -0.071816638 -0.014591807 0.999893308 0.000620496 0.023079306 0.036128312 -0.000092924 0.999347150 6.045460701
0.999529243 0.014798585 -0.026877899 -0.072549805 -0.014810341 0.999890327 -0.000238326 0.022994354 0.026871422 0.000636284 0.999638677 6.070731163
0.999744833 0.014070559 -0.017670380 -0.072339252 -0.014108026 0.999898493 -0.001997514 0.022847760 0.017640479 0.002246298 0.999841928 6.096144199
0.999856353 0.015366624 -0.007163262 -0.072526895 -0.015388464 0.999877036 -0.003003579 0.022512283 0.007116228 0.003113379 0.999969840 6.119544029
0.999864459 0.016112020 0.003389558 -0.072582997 -0.016097423 0.999861181 -0.004292659 0.022410030 -0.003458251 0.004237512 0.999985039 6.143551826
0.999788046 0.015418641 0.013639031 -0.071894452 -0.015344195 0.999866903 -0.005546270 0.022417467 -0.013722732 0.005335814 0.999891639 6.165454865
0.999631584 0.013465986 0.023562955 -0.070863172 -0.013294773 0.999884129 -0.007407781 0.022547048 -0.023659978 0.007091789 0.999694884 6.186068535
0.999418080 0.010525988 0.032446004 -0.069349706 -0.010293849 0.999920309 -0.007313383 0.022214547 -0.032520395 0.006975133 0.999446690 6.207627296
0.999035597 0.011617634 0.042341698 -0.068471879 -0.011360044 0.999915481 -0.006319163 0.022626966 -0.042411536 0.005832066 0.999083340 6.229005814
0.998543084 0.013995668 0.052115060 -0.067347080 -0.013802919 0.999896467 -0.004056627 0.022548245 -0.052166443 0.003331376 0.998632908 6.248982430
0.998012781 0.016075535 0.060926586 -0.066360503 -0.015965831 0.999869883 -0.002287003 0.022151450 -0.060955431 0.001309715 0.998139679 6.268288136
0.997476816 0.014329967 0.069530763 -0.064870775 -0.014317684 0.999897242 -0.000675022 0.022102071 -0.069533303 -0.000322200 0.997579575 6.287202358
0.996959031 0.010107377 0.077269040 -0.062526017 -0.010102436 0.999948800 -0.000454858 0.021963658 -0.077269681 -0.000327131 0.997010112 6.305605412
