0.999999940 -0.000368882 -0.000042093 -0.000250669 0.000368868 0.999999881 -0.000330854 0.000257865 0.000042215 0.000330839 0.999999940 0.040455423
0.999999523 -0.000992816 -0.000136328 -0.000215515 0.000992865 0.999999464 0.000360161 0.000601065 0.000135971 -0.000360296 0.999999940 0.081398040
0.999998927 -0.001429086 -0.000114256 -0.000353754 0.001429296 0.999997258 0.001860779 0.000955017 0.000111597 -0.001860940 0.999998271 0.122123890
0.999999762 -0.000583234 -0.000101522 -0.000384010 0.000583425 0.999998033 0.001892498 0.001215359 0.000100418 -0.001892557 0.999998212 0.162841260
1.000000000 0.000029620 -0.000073920 -0.000579190 -0.000029481 0.999998271 0.001872921 0.001415611 0.000073976 -0.001872919 0.999998212 0.203719303
0.999999523 0.000895418 -0.000079827 -0.000659689 -0.000895167 0.999994755 0.003092997 0.001422318 0.000082596 -0.003092924 0.999995232 0.244713962
0.999999285 0.001277704 -0.000054819 -0.000754327 -0.001277517 0.999993742 0.003299410 0.001790642 0.000059035 -0.003299337 0.999994576 0.285908014
0.999998510 0.001707894 -0.000008242 -0.000843434 -0.001707855 0.999992192 0.003554258 0.002076983 0.000014313 -0.003554239 0.999993682 0.327170670
0.999999106 0.001332401 -0.000205805 -0.000776569 -0.001331590 0.999991536 0.003894185 0.002197018 0.000210992 -0.003893908 0.999992430 0.370027155
0.999995589 0.002912154 0.000511081 -0.001304744 -0.002913641 0.999991477 0.002932515 0.002613074 -0.000502537 -0.002933991 0.999995589 0.409197122
0.999993622 0.003517433 0.000596524 -0.001340753 -0.003518716 0.999991477 0.002161655 0.003025896 -0.000588915 -0.002163741 0.999997497 0.452597171
0.999991477 0.003687789 0.001844565 -0.001693560 -0.003694185 0.999987125 0.003475537 0.003321942 -0.001831724 -0.003482322 0.999992192 0.490812391
0.999988019 0.004337163 0.002261653 -0.001595920 -0.004344969 0.999984562 0.003458042 0.003703818 -0.002246619 -0.003467827 0.999991477 0.534597695
0.999990404 0.003250494 0.002922190 -0.001836717 -0.003262046 0.999986827 0.003957094 0.003594172 -0.002909289 -0.003966589 0.999987841 0.573113739
0.999988437 0.002942058 0.003791370 -0.001762893 -0.002957499 0.999987245 0.004073302 0.004320237 -0.003779338 -0.004084467 0.999984562 0.612777591
0.999987006 0.002723985 0.004297526 -0.002002159 -0.002746928 0.999981940 0.005341976 0.004492257 -0.004282896 -0.005353712 0.999976516 0.653407931
0.999984443 0.001896912 0.005246772 -0.002241934 -0.001922001 0.999986708 0.004780847 0.004922953 -0.005237634 -0.004790857 0.999974847 0.693389535
0.999981403 0.002871535 0.005374933 -0.001995287 -0.002891441 0.999988973 0.003699263 0.005040977 -0.005364251 -0.003714736 0.999978662 0.733221412
0.999980867 0.002293005 0.005739140 -0.001880593 -0.002309736 0.999993086 0.002910290 0.005550324 -0.005732426 -0.002923490 0.999979258 0.774383962
0.999974847 0.002746023 0.006526127 -0.001861777 -0.002768473 0.999990284 0.003433402 0.005528370 -0.006516635 -0.003451383 0.999972761 0.812178016
0.999969184 0.003159699 0.007185440 -0.001823756 -0.003187165 0.999987662 0.003814198 0.005742464 -0.007173299 -0.003836981 0.999966919 0.852343559
0.999962389 0.003871401 0.007755109 -0.001790588 -0.003905308 0.999982834 0.004361803 0.005940111 -0.007738089 -0.004391926 0.999960423 0.890357196
0.999951601 0.005005606 0.008477456 -0.001923480 -0.005023409 0.999985158 0.002080144 0.006454679 -0.008466919 -0.002122628 0.999961913 0.929723382
0.999942720 0.005670616 0.009072015 -0.001320296 -0.005682047 0.999983072 0.001234812 0.006010347 -0.009064859 -0.001286289 0.999958098 0.967249036
0.999945045 0.005128822 0.009141110 -0.000742913 -0.005153903 0.999982953 0.002722205 0.006385926 -0.009126993 -0.002769168 0.999954522 1.005888700
0.999945879 0.004574885 0.009340752 -0.000107847 -0.004627284 0.999973714 0.005595814 0.006021080 -0.009314904 -0.005638734 0.999940693 1.043031096
0.999947131 0.003711016 0.009586192 -0.000080284 -0.003775578 0.999970198 0.006725576 0.005996833 -0.009560947 -0.006761414 0.999931455 1.082823277
0.999949276 0.003395807 0.009481351 0.000294171 -0.003447981 0.999978960 0.005491891 0.006744775 -0.009462504 -0.005524304 0.999939978 1.119787812
0.999960065 0.001528341 0.008807799 0.001443157 -0.001569760 0.999987721 0.004697636 0.007253596 -0.008800510 -0.004711274 0.999950171 1.158015966
0.999959588 0.001604579 0.008841012 0.000906264 -0.001628682 0.999994993 0.002719749 0.007740340 -0.008836604 -0.002734039 0.999957204 1.196872115
0.999952078 0.001883071 0.009609595 0.000659744 -0.001905732 0.999995410 0.002349578 0.007043903 -0.009605126 -0.002367779 0.999951065 1.230767488
0.999956012 0.002249485 0.009102209 0.001052973 -0.002269382 0.999995053 0.002176335 0.006882979 -0.009097267 -0.002196896 0.999956250 1.267712235
0.999961853 0.001929170 0.008510204 0.001514933 -0.001951659 0.999994636 0.002635185 0.007204651 -0.008505075 -0.002651695 0.999960303 1.304051876
0.999969780 0.001642516 0.007595874 0.001930968 -0.001676654 0.999988437 0.004490165 0.006575072 -0.007588412 -0.004502765 0.999961019 1.341062427
0.999971330 0.001661326 0.007388741 0.001627230 -0.001706657 0.999979615 0.006133172 0.006648523 -0.007378401 -0.006145605 0.999953926 1.377044559
0.999972403 0.002866643 0.006860221 0.002038438 -0.002918538 0.999967039 0.007566605 0.006129244 -0.006838304 -0.007586417 0.999947846 1.414587975
0.999977767 0.002133042 0.006316969 0.001609075 -0.002176863 0.999973476 0.006938256 0.007480155 -0.006302002 -0.006951853 0.999955952 1.450175762
0.999982953 0.000969493 0.005769245 0.001723375 -0.001012316 0.999971807 0.007424398 0.007495923 -0.005761886 -0.007430112 0.999955773 1.486699820
0.999984562 -0.000416418 0.005540766 0.001977997 0.000374377 0.999971151 0.007586430 0.007447237 -0.005543764 -0.007584238 0.999955833 1.522013426
0.999989092 -0.000677795 0.004617493 0.002402107 0.000646337 0.999976516 0.006810888 0.008783501 -0.004622002 -0.006807828 0.999966145 1.556562781
0.999991715 -0.001046981 0.003948271 0.002951721 0.001027095 0.999986768 0.005035147 0.009158026 -0.003953491 -0.005031048 0.999979556 1.591382980
0.999991298 0.000401427 0.004146709 0.002385574 -0.000412736 0.999996126 0.002726925 0.009512925 -0.004145599 -0.002728612 0.999987662 1.625605583
0.999993801 -0.001532745 0.003167023 0.002306646 0.001524726 0.999995589 0.002532991 0.008671531 -0.003170891 -0.002528147 0.999991715 1.661897659
0.999996841 0.000267096 0.002480977 0.003152957 -0.000273416 0.999996662 0.002547402 0.009240933 -0.002480288 -0.002548072 0.999993682 1.697055697
0.999993503 0.001295978 0.003348677 0.001672508 -0.001308851 0.999991715 0.003844918 0.009397966 -0.003343667 -0.003849276 0.999987006 1.730891228
0.999996424 0.001575973 0.002227135 0.002673013 -0.001587329 0.999985695 0.005106188 0.009297415 -0.002219056 -0.005109705 0.999984503 1.766475439
0.999997616 0.000362581 0.002176137 0.002799381 -0.000376586 0.999979198 0.006438558 0.009087079 -0.002173757 -0.006439361 0.999976933 1.800339818
0.999996722 0.000859067 0.002449357 0.002069246 -0.000876535 0.999974191 0.007139487 0.009281528 -0.002443159 -0.007141610 0.999971569 1.833516121
0.999998689 0.000082972 0.001603746 0.002706615 -0.000095816 0.999967933 0.008010585 0.010100480 -0.001603031 -0.008010728 0.999966621 1.869040608
0.999998212 0.000822980 0.001663684 0.002403578 -0.000836217 0.999967933 0.007971676 0.010949040 -0.001657070 -0.007973053 0.999966860 1.901624441
0.999999225 -0.000479976 0.001136676 0.003001870 0.000469607 0.999958456 0.009105563 0.010337562 -0.001140999 -0.009105022 0.999957919 1.934470892
0.999999225 0.000494975 0.001160293 0.002912329 -0.000504318 0.999967396 0.008065559 0.010887522 -0.001156263 -0.008066137 0.999966800 1.965945959
0.999998450 0.000848734 0.001553157 0.002134616 -0.000861477 0.999965906 0.008222394 0.010587742 -0.001546125 -0.008223719 0.999965012 1.996101260
0.999998808 0.000656798 0.001403615 0.002810466 -0.000667482 0.999970734 0.007625008 0.010631097 -0.001398566 -0.007625936 0.999969959 2.026117802
0.999997377 0.000811295 0.002180905 0.002824686 -0.000827830 0.999970853 0.007591194 0.010308562 -0.002174683 -0.007592978 0.999968827 2.053596973
0.999995947 0.001639425 0.002351465 0.002710205 -0.001657502 0.999968946 0.007706272 0.010625310 -0.002338758 -0.007710138 0.999967515 2.082573414
0.999995708 0.002099734 0.002055403 0.002695838 -0.002117404 0.999960482 0.008632776 0.011338567 -0.002037194 -0.008637091 0.999960601 2.110230207
0.999995172 0.001745782 0.002585268 0.002455962 -0.001770290 0.999953270 0.009507811 0.011163567 -0.002568549 -0.009512342 0.999951422 2.136150599
0.999995708 0.001565990 0.002483842 0.002932749 -0.001591178 0.999947011 0.010171259 0.011037762 -0.002467782 -0.010175168 0.999945104 2.160764217
0.999994218 0.001865893 0.002848607 0.002586298 -0.001895437 0.999944091 0.010404520 0.011514253 -0.002829034 -0.010409859 0.999941826 2.185451746
0.999994516 0.001219683 0.003068333 0.002540960 -0.001248875 0.999953926 0.009530159 0.011642580 -0.003056568 -0.009533940 0.999949872 2.208658457
0.999993265 0.001440115 0.003365657 0.002507298 -0.001469073 0.999961793 0.008617632 0.011803459 -0.003353118 -0.008622521 0.999957204 2.231120348
0.999993324 0.001345676 0.003398741 0.002481292 -0.001372398 0.999968112 0.007872242 0.012112785 -0.003388039 -0.007876855 0.999963224 2.252570629
0.999993384 0.001705715 0.003212674 0.002828576 -0.001726704 0.999977112 0.006542113 0.012262161 -0.003201441 -0.006547617 0.999973416 2.273358583
0.999996126 0.000369544 0.002799372 0.002801097 -0.000384792 0.999985039 0.005448640 0.011933299 -0.002797317 -0.005449696 0.999981225 2.293297768
0.999996781 0.000094134 0.002544081 0.002471893 -0.000103790 0.999992788 0.003795669 0.011960017 -0.002543705 -0.003795920 0.999989569 2.313699961
0.999998927 0.000092412 0.001547472 0.002505896 -0.000095557 0.999997914 0.002032646 0.012048879 -0.001547281 -0.002032792 0.999996722 2.333024025
0.999999702 -0.000120295 0.000764152 0.002481239 0.000118761 0.999997973 0.002006527 0.012028879 -0.000764392 -0.002006436 0.999997675 2.352426767
0.999999762 0.000603039 0.000335393 0.001776596 -0.000603812 0.999997139 0.002310366 0.012235263 -0.000333999 -0.002310568 0.999997258 2.372014284
0.999999762 0.000203760 -0.000614800 0.002033600 -0.000202056 0.999996126 0.002771034 0.012388045 0.000615362 -0.002770909 0.999995947 2.390530109
0.999998391 0.001250311 -0.001279786 0.001673522 -0.001245431 0.999991953 0.003807222 0.012436104 0.001284536 -0.003805622 0.999991953 2.410275221
0.999997020 0.001509071 -0.001939391 0.001636270 -0.001499933 0.999987781 0.004704257 0.012371143 0.001946467 -0.004701333 0.999987066 2.428063393
0.999995649 0.001970126 -0.002160585 0.001357993 -0.001958013 0.999982357 0.005594101 0.012508637 0.002171568 -0.005589847 0.999981999 2.446520805
0.999994457 0.002222073 -0.002474700 0.001095788 -0.002207381 0.999980032 0.005923403 0.012929427 0.002487812 -0.005917908 0.999979377 2.463974476
0.999990761 0.003025159 -0.003049323 0.001286936 -0.003004560 0.999972701 0.006737267 0.012678515 0.003069622 -0.006728043 0.999972641 2.479815483
0.999992371 0.002425479 -0.003035589 0.001231045 -0.002404218 0.999972641 0.006988345 0.012568958 0.003052457 -0.006980993 0.999970973 2.495782375
0.999992609 0.002197463 -0.003136527 0.001047274 -0.002175516 0.999973178 0.006983760 0.012823435 0.003151790 -0.006976884 0.999970675 2.511444807
0.999991536 0.002982548 -0.002800354 0.000826464 -0.002960526 0.999964952 0.007835342 0.012801472 0.002823625 -0.007826985 0.999965429 2.525995970
0.999989748 0.003793500 -0.002464740 0.000536941 -0.003773451 0.999960184 0.008088603 0.012797809 0.002495326 -0.008079220 0.999964237 2.539847136
0.999990940 0.003634837 -0.002219203 0.000685050 -0.003617214 0.999962270 0.007894050 0.012968861 0.002247812 -0.007885952 0.999966383 2.553053856
0.999991179 0.003734322 -0.001927982 0.000621902 -0.003719299 0.999963164 0.007737853 0.013114080 0.001956807 -0.007730614 0.999968231 2.565616846
0.999992192 0.003636008 -0.001523337 0.000521932 -0.003624368 0.999964714 0.007575609 0.013137255 0.001550828 -0.007570029 0.999970138 2.577625513
0.999991596 0.003908090 -0.001180454 0.000316949 -0.003899426 0.999966085 0.007254154 0.013120950 0.001208764 -0.007249491 0.999972999 2.588557482
0.999991477 0.003959062 -0.001154131 0.000147765 -0.003951797 0.999972880 0.006230585 0.013302067 0.001178767 -0.006225972 0.999979913 2.599889994
0.999989450 0.004581258 -0.000371478 -0.000031497 -0.004579414 0.999977887 0.004823137 0.013141272 0.000393566 -0.004821385 0.999988317 2.609772682
0.999989212 0.004620976 -0.000506678 0.000046640 -0.004618999 0.999982119 0.003835110 0.013197394 0.000524390 -0.003832728 0.999992490 2.621000290
0.999989688 0.004524327 -0.000335827 -0.000111504 -0.004523191 0.999984264 0.003310794 0.013354167 0.000350801 -0.003309241 0.999994457 2.631440639
0.999991834 0.003997282 -0.000565215 0.000131468 -0.003995628 0.999987841 0.002897263 0.013545696 0.000576789 -0.002894981 0.999995649 2.641847610
0.999991357 0.004058902 -0.000800846 -0.000196349 -0.004056436 0.999987066 0.003057295 0.013276653 0.000813245 -0.003054020 0.999994993 2.651949167
0.999989986 0.004356149 -0.000949289 -0.000186053 -0.004353100 0.999985456 0.003190413 0.013257912 0.000963173 -0.003186249 0.999994457 2.661546469
0.999991357 0.003980357 -0.001075176 -0.000394097 -0.003977196 0.999987781 0.002926416 0.013600707 0.001086811 -0.002922114 0.999995112 2.671954632
0.999992669 0.003569803 -0.001319726 -0.000306680 -0.003566108 0.999989688 0.002791647 0.013515681 0.001329679 -0.002786920 0.999995232 2.682172298
0.999991298 0.003928519 -0.001323537 -0.000577334 -0.003925783 0.999990106 0.002063596 0.013528913 0.001331631 -0.002058383 0.999997020 2.691444874
0.999989927 0.004138987 -0.001744563 -0.000504665 -0.004136198 0.999990165 0.001599600 0.013844118 0.001751166 -0.001592368 0.999997199 2.701833963
0.999991596 0.003568650 -0.002024574 -0.000612094 -0.003564230 0.999991179 0.002182063 0.013521072 0.002032344 -0.002174828 0.999995589 2.711320639
0.999991655 0.003352860 -0.002343409 -0.000644247 -0.003346977 0.999991238 0.002509522 0.013597772 0.002351802 -0.002501658 0.999994159 2.720841885
0.999991238 0.003325173 -0.002556569 -0.000793511 -0.003318595 0.999991179 0.002573165 0.013569871 0.002565102 -0.002564658 0.999993443 2.730065584
0.999989390 0.003683381 -0.002755555 -0.000615207 -0.003675673 0.999989331 0.002796781 0.013622742 0.002765827 -0.002786623 0.999992371 2.739112854
0.999988258 0.003796967 -0.002990137 -0.000683114 -0.003787443 0.999987781 0.003184041 0.013378715 0.003002190 -0.003172678 0.999990523 2.747977018
0.999987900 0.003804795 -0.003131392 -0.000811546 -0.003795834 0.999988735 0.002862423 0.013728075 0.003142247 -0.002850503 0.999991119 2.756649256
0.999988735 0.003338255 -0.003375761 -0.000888768 -0.003328166 0.999990046 0.002989483 0.013684290 0.003385706 -0.002978214 0.999989927 2.764958620
0.999989927 0.002901246 -0.003450779 -0.001030704 -0.002889906 0.999990404 0.003286402 0.013691266 0.003460281 -0.003276396 0.999988794 2.772383213
0.999991059 0.002111744 -0.003667327 -0.001024973 -0.002098032 0.999990880 0.003738550 0.013612612 0.003675187 -0.003730823 0.999986410 2.780298233
0.999991119 0.001610544 -0.003891469 -0.000952658 -0.001592517 0.999988019 0.004631234 0.013434873 0.003898881 -0.004624996 0.999981701 2.787455082
0.999991953 0.001215567 -0.003834001 -0.001072559 -0.001195184 0.999985278 0.005314234 0.013327738 0.003840404 -0.005309609 0.999978602 2.794121742
0.999991655 0.001826823 -0.003665107 -0.001331845 -0.001806142 0.999982476 0.005638300 0.013523993 0.003675343 -0.005631635 0.999977469 2.800379276
0.999988377 0.002926465 -0.003823758 -0.001351953 -0.002904358 0.999979079 0.005774429 0.013590548 0.003840577 -0.005763257 0.999976039 2.805817842
0.999986291 0.002993469 -0.004295284 -0.001201754 -0.002967058 0.999976695 0.006142030 0.013430993 0.004313570 -0.006129202 0.999971926 2.810362339
0.999985397 0.002895921 -0.004552918 -0.000986920 -0.002867866 0.999976993 0.006156435 0.013445592 0.004570641 -0.006143289 0.999970734 2.814405203
0.999987006 0.002516186 -0.004416858 -0.001220761 -0.002494193 0.999984562 0.004977718 0.013616085 0.004429313 -0.004966638 0.999977887 2.817759514
0.999985814 0.002582704 -0.004642060 -0.001215640 -0.002563157 0.999987781 0.004212101 0.013547491 0.004652883 -0.004200143 0.999980330 2.821380377
0.999985754 0.002926628 -0.004452405 -0.001440931 -0.002910664 0.999989331 0.003587737 0.013768789 0.004462857 -0.003574727 0.999983668 2.824457884
0.999985754 0.003056488 -0.004355152 -0.001703324 -0.003040703 0.999988794 0.003626786 0.013759915 0.004366188 -0.003613491 0.999983966 2.827424288
0.999983191 0.002772878 -0.005091907 -0.001191437 -0.002753736 0.999989152 0.003762310 0.013683817 0.005102285 -0.003748225 0.999979973 2.830134153
0.999984801 0.002561575 -0.004871762 -0.001274901 -0.002541566 0.999988317 0.004108713 0.013620590 0.004882232 -0.004096268 0.999979615 2.832890272
0.999983668 0.002317718 -0.005217149 -0.001079122 -0.002298449 0.999990463 0.003696347 0.013835870 0.005225668 -0.003684295 0.999979496 2.835006714
0.999982715 0.002650272 -0.005239280 -0.001151077 -0.002630844 0.999989629 0.003711497 0.013671299 0.005249064 -0.003697648 0.999979317 2.836984873
0.999982536 0.002869081 -0.005166980 -0.001400898 -0.002852335 0.999990702 0.003245204 0.013664763 0.005176243 -0.003230409 0.999981225 2.838750124
0.999983430 0.002748608 -0.005062581 -0.001390136 -0.002734321 0.999992251 0.002826779 0.013627745 0.005070313 -0.002812889 0.999983132 2.840741158
0.999982059 0.002807673 -0.005284635 -0.001350361 -0.002792071 0.999991715 0.002957217 0.013530349 0.005292893 -0.002942409 0.999981642 2.842493773
0.999981225 0.002835024 -0.005419713 -0.001201169 -0.002819228 0.999991715 0.002919829 0.013655127 0.005427945 -0.002904495 0.999980986 2.844044924
0.999982238 0.002776300 -0.005249134 -0.001373176 -0.002761189 0.999992013 0.002883704 0.013741193 0.005257098 -0.002869159 0.999982059 2.845493317
0.999982536 0.002978477 -0.005097296 -0.001391941 -0.002962674 0.999990821 0.003104818 0.013653116 0.005106498 -0.003089662 0.999982119 2.846726179
0.999982119 0.003081204 -0.005102322 -0.001481425 -0.003065192 0.999990344 0.003142935 0.013663665 0.005111957 -0.003127239 0.999982059 2.847902536
0.999981880 0.002781825 -0.005338066 -0.001407065 -0.002765889 0.999991655 0.002990404 0.013875538 0.005346340 -0.002975585 0.999981225 2.848985434
0.999982953 0.002827256 -0.005119216 -0.001432125 -0.002810549 0.999990642 0.003267929 0.013856572 0.005128407 -0.003253484 0.999981523 2.849476576
0.999982834 0.002848910 -0.005128830 -0.001426840 -0.002831823 0.999990404 0.003335682 0.013839506 0.005138283 -0.003321100 0.999981225 2.849747658
0.999983251 0.002682948 -0.005137473 -0.001391762 -0.002665472 0.999990582 0.003405562 0.013878111 0.005146562 -0.003391810 0.999980927 2.849854469
0.999983430 0.002532371 -0.005165139 -0.001432098 -0.002515072 0.999991179 0.003352824 0.013755959 0.005173584 -0.003339777 0.999980986 2.849632978
0.999984324 0.002057619 -0.005216908 -0.001412704 -0.002045420 0.999994993 0.002342488 0.013724364 0.005221702 -0.002331780 0.999983549 2.849611282
0.999985218 0.002063396 -0.005032702 -0.001461644 -0.002055975 0.999996722 0.001479255 0.013767391 0.005035738 -0.001468885 0.999986172 2.849620819
0.999984741 0.001848831 -0.005206767 -0.001361371 -0.001838422 0.999996245 0.002003205 0.013731387 0.005210451 -0.001993602 0.999984384 2.849850893
0.999985814 0.001921576 -0.004983725 -0.001485232 -0.001913296 0.999996722 0.001665686 0.013724448 0.004986910 -0.001656126 0.999986112 2.849578857
0.999984086 0.002205156 -0.005176428 -0.001495616 -0.002199621 0.999996960 0.001074793 0.013622002 0.005178784 -0.001063389 0.999985993 2.849606037
0.999983966 0.002223063 -0.005187497 -0.001459191 -0.002219018 0.999997199 0.000785496 0.013707224 0.005189231 -0.000773972 0.999986172 2.849812508
0.999982417 0.002268222 -0.005476882 -0.001221346 -0.002264374 0.999997199 0.000708564 0.013654450 0.005478475 -0.000696149 0.999984741 2.850325584
0.999984086 0.002111316 -0.005231060 -0.001455606 -0.002107288 0.999997437 0.000775455 0.013585372 0.005232686 -0.000764418 0.999985993 2.850754261
0.999985337 0.002258949 -0.004924708 -0.001656637 -0.002253592 0.999996781 0.001093033 0.013436182 0.004927163 -0.001081917 0.999987245 2.851010084
0.999983013 0.002152099 -0.005411740 -0.001324613 -0.002146218 0.999997020 0.001092401 0.013476006 0.005414076 -0.001080766 0.999984741 2.851938963
0.999983728 0.002182806 -0.005252542 -0.001449112 -0.002178146 0.999997139 0.000892790 0.013544937 0.005254476 -0.000881334 0.999985754 2.852773190
0.999983191 0.002188435 -0.005351320 -0.001348715 -0.002185047 0.999997377 0.000638799 0.013643966 0.005352703 -0.000627096 0.999985397 2.854010344
0.999984205 0.002142340 -0.005190536 -0.001472325 -0.002140925 0.999997675 0.000278338 0.013635334 0.005191120 -0.000267221 0.999986410 2.855088711
0.999984086 0.002192124 -0.005194522 -0.001489217 -0.002195617 0.999997318 -0.000666877 0.013755238 0.005193047 0.000678271 0.999986231 2.856793165
0.999982178 0.002250172 -0.005507902 -0.001353105 -0.002257367 0.999996483 -0.001300311 0.013637841 0.005504957 0.001312721 0.999983907 2.858729362
0.999983251 0.002430589 -0.005248642 -0.001487431 -0.002442874 0.999994218 -0.002335419 0.013771916 0.005242935 0.002348202 0.999983490 2.860790491
0.999982536 0.002292075 -0.005456583 -0.001270437 -0.002306305 0.999993980 -0.002602999 0.013702361 0.005450583 0.002615538 0.999981761 2.863598824
0.999984264 0.002129492 -0.005189545 -0.001321425 -0.002145616 0.999992788 -0.003103420 0.013823049 0.005182899 0.003114506 0.999981701 2.866936207
0.999987125 0.001798422 -0.004733540 -0.001514096 -0.001811896 0.999994278 -0.002843748 0.013624705 0.004728398 0.002852288 0.999984741 2.870754957
0.999987721 0.002195623 -0.004442020 -0.001552826 -0.002211477 0.999991179 -0.003567329 0.013852890 0.004434147 0.003577108 0.999983788 2.875298500
0.999990404 0.002123554 -0.003833167 -0.001733278 -0.002140034 0.999988496 -0.004300199 0.013971361 0.003823991 0.004308361 0.999983430 2.880261898
0.999991238 0.002108987 -0.003629758 -0.001672463 -0.002127330 0.999984920 -0.005057149 0.014110788 0.003619038 0.005064826 0.999980628 2.885986090
0.999993145 0.001690242 -0.003288731 -0.001588550 -0.001708651 0.999982774 -0.005603062 0.014044361 0.003279204 0.005608642 0.999978900 2.892515898
0.999994576 0.001417919 -0.002969749 -0.001620976 -0.001435827 0.999980748 -0.006036524 0.013808519 0.002961133 0.006040754 0.999977350 2.899592400
0.999993980 0.002378439 -0.002532320 -0.001690948 -0.002395914 0.999973238 -0.006920042 0.014071269 0.002515793 0.006926067 0.999972820 2.907613993
0.999995589 0.002185808 -0.002017148 -0.001752372 -0.002200236 0.999971807 -0.007178501 0.014058577 0.002001400 0.007182909 0.999972165 2.916254282
0.999995351 0.002788768 -0.001250585 -0.001847011 -0.002797988 0.999968410 -0.007432207 0.014111951 0.001229819 0.007435671 0.999971509 2.925799131
0.999998987 0.001253914 -0.000661872 -0.002049697 -0.001258487 0.999974966 -0.006953483 0.013734382 0.000653137 0.006954308 0.999975622 2.935279369
0.999999702 0.000678459 -0.000316849 -0.001999385 -0.000680846 0.999970913 -0.007597009 0.014006520 0.000311685 0.007597222 0.999971151 2.946347237
0.999999642 0.000762060 0.000328758 -0.001977335 -0.000759557 0.999971271 -0.007546843 0.013972437 -0.000334499 0.007546592 0.999971509 2.958187342
0.999998033 0.001748404 0.000940393 -0.002098941 -0.001740858 0.999966741 -0.007966091 0.013922580 -0.000954290 0.007964439 0.999967873 2.971356630
0.999998093 0.001208801 0.001546887 -0.002050995 -0.001195120 0.999960423 -0.008815440 0.013961881 -0.001557482 0.008813574 0.999959946 2.984595299
0.999994993 0.001725051 0.002671315 -0.002547861 -0.001701919 0.999961257 -0.008637426 0.013979346 -0.002686111 0.008632835 0.999959111 2.998028278
0.999994993 0.000843457 0.003035712 -0.002110202 -0.000816501 0.999960303 -0.008869945 0.014252890 -0.003043073 0.008867423 0.999956012 3.013663530
0.999993563 0.000251618 0.003575565 -0.001742526 -0.000222450 0.999966741 -0.008155862 0.013906015 -0.003577498 0.008155015 0.999960363 3.029361486
0.999991179 0.000377873 0.004173033 -0.001862217 -0.000344372 0.999967813 -0.008025732 0.013767282 -0.004175931 0.008024225 0.999959111 3.045335770
0.999986947 0.000378382 0.005090202 -0.001490477 -0.000334335 0.999962568 -0.008651314 0.014171438 -0.005093285 0.008649500 0.999949634 3.062728882
0.999979913 -0.000447096 0.006326588 -0.001540655 0.000505327 0.999957502 -0.009205691 0.014290197 -0.006322203 0.009208702 0.999937594 3.080361366
0.999973118 -0.000913053 0.007277195 -0.001454094 0.000976148 0.999961913 -0.008671407 0.014159748 -0.007269001 0.008678278 0.999935925 3.098559856
0.999966800 -0.000085050 0.008154943 -0.001271743 0.000145398 0.999972641 -0.007399878 0.014302474 -0.008154090 0.007400815 0.999939382 3.117608547
0.999958038 0.001065713 0.009091780 -0.001163777 -0.001005790 0.999977767 -0.006592966 0.014490860 -0.009098602 0.006583545 0.999936879 3.137797117
0.999949694 0.001010528 0.009979465 -0.000869423 -0.000947399 0.999979556 -0.006328585 0.014420189 -0.009985656 0.006318812 0.999930143 3.157975674
0.999941111 0.000924403 0.010805668 -0.000806365 -0.000856030 0.999979615 -0.006330412 0.014627125 -0.010811300 0.006320790 0.999921560 3.178700447
0.999928772 0.001003310 0.011893673 -0.000517491 -0.000941880 0.999986172 -0.005169378 0.014493730 -0.011898695 0.005157806 0.999915957 3.198810101
0.999912322 0.001707573 0.013130056 -0.000334308 -0.001642457 0.999986231 -0.004968502 0.015089339 -0.013138359 0.004946500 0.999901474 3.222265005
0.999890924 0.001037534 0.014732103 -0.000294484 -0.000966121 0.999987662 -0.004853732 0.015210597 -0.014736958 0.004838970 0.999879718 3.244036913
0.999882996 0.000878284 0.015272377 0.000516091 -0.000803199 0.999987483 -0.004921830 0.015148990 -0.015276509 0.004908987 0.999871314 3.267011881
0.999871492 0.000627015 0.016017120 0.000681896 -0.000559825 0.999990940 -0.004199046 0.015261493 -0.016019609 0.004189540 0.999862909 3.291044235
0.999856055 0.000507398 0.016956670 0.001145322 -0.000428471 0.999989033 -0.004657916 0.015540157 -0.016958848 0.004649981 0.999845326 3.316582441
0.999842763 0.000214904 0.017733548 0.001527615 -0.000117725 0.999984980 -0.005480817 0.015721243 -0.017734461 0.005477867 0.999827683 3.340541124
0.999837399 0.000480048 0.018025471 0.002151210 -0.000380311 0.999984562 -0.005536166 0.015711956 -0.018027851 0.005528411 0.999822140 3.365821600
0.999832034 0.000491641 0.018318627 0.002005227 -0.000380015 0.999981344 -0.006096558 0.016029399 -0.018321283 0.006088573 0.999813616 3.391875505
0.999824941 -0.000267612 0.018705092 0.002521116 0.000384695 0.999980271 -0.006256094 0.015773199 -0.018703053 0.006262196 0.999805450 3.417163134
0.999814212 -0.000727506 0.019258391 0.002863467 0.000846385 0.999980569 -0.006165402 0.016219523 -0.019253535 0.006180557 0.999795496 3.443828106
0.999820709 -0.001406127 0.018880509 0.004020441 0.001490719 0.999988914 -0.004467052 0.015915487 -0.018874018 0.004494397 0.999811828 3.470998526
0.999820888 0.000275587 0.018923553 0.004170254 -0.000226847 0.999996603 -0.002577695 0.015737385 -0.018924201 0.002572941 0.999817610 3.498096704
0.999813378 -0.000175763 0.019318650 0.004343934 0.000206169 0.999998748 -0.001571975 0.016094705 -0.019318342 0.001575665 0.999812067 3.524435997
0.999813437 -0.000947049 0.019294081 0.004762121 0.000959878 0.999999285 -0.000655645 0.016000319 -0.019293444 0.000674042 0.999813616 3.551218271
0.999817729 -0.000523890 0.019084416 0.005229920 0.000522273 0.999999940 0.000089689 0.015860841 -0.019084461 -0.000079705 0.999817848 3.578991890
0.999827623 -0.000288199 0.018563680 0.005608641 0.000293707 0.999999940 -0.000293950 0.016053902 -0.018563591 0.000299352 0.999827623 3.604824305
0.999828160 -0.000530180 0.018525500 0.006133899 0.000549987 0.999999285 -0.001064112 0.016706636 -0.018524922 0.001074119 0.999827743 3.633394003
0.999833405 0.000038048 0.018247904 0.007112436 -0.000011746 0.999998927 -0.001441468 0.017051643 -0.018247943 0.001441014 0.999832392 3.661352396
0.999824882 0.000072705 0.018711815 0.007144373 -0.000026721 0.999997020 -0.002457732 0.017702408 -0.018711938 0.002456802 0.999821842 3.689019680
0.999836445 -0.000007517 0.018077686 0.007637795 0.000042883 0.999998093 -0.001955941 0.017277198 -0.018077636 0.001956397 0.999834597 3.717467070
0.999846280 0.000239833 0.017528806 0.008286357 -0.000182847 0.999994755 -0.003252515 0.017777335 -0.017529489 0.003248810 0.999840975 3.745329857
0.999861717 -0.001615289 0.016550787 0.008828584 0.001662622 0.999994636 -0.002846479 0.017774682 -0.016546102 0.002873603 0.999858916 3.773526192
0.999876380 -0.002543368 0.015518097 0.008789469 0.002564604 0.999995828 -0.001348724 0.017624134 -0.015514604 0.001388355 0.999878705 3.802453279
0.999903381 -0.004486380 0.013160449 0.009090006 0.004489388 0.999989986 -0.000198980 0.017688738 -0.013159424 0.000258044 0.999913454 3.832306623
0.999935687 -0.004942982 0.010204080 0.009549320 0.004938938 0.999987781 0.000421366 0.017689766 -0.010206039 -0.000370941 0.999947906 3.860827446
0.999952734 -0.005432114 0.008062425 0.009354232 0.005424122 0.999984801 0.001012974 0.017899103 -0.008067804 -0.000969194 0.999966919 3.890077591
0.999970734 -0.005684239 0.005119659 0.009655431 0.005675349 0.999982357 0.001749348 0.017621601 -0.005129512 -0.001720241 0.999985337 3.917750359
0.999974489 -0.007063476 0.001061235 0.010113409 0.007061481 0.999973357 0.001872774 0.017754268 -0.001074435 -0.001865232 0.999997675 3.947258234
0.999972820 -0.006700443 -0.003085692 0.009846425 0.006705248 0.999976337 0.001549619 0.017581617 0.003075236 -0.001570267 0.999994040 3.976879120
0.999943316 -0.007156957 -0.007891343 0.008642334 0.007170286 0.999972939 0.001662058 0.017775584 0.007879233 -0.001718547 0.999967456 4.005323410
0.999897361 -0.007109250 -0.012440514 0.008147009 0.007122483 0.999974132 0.001019752 0.018039515 0.012432941 -0.001108255 0.999922037 4.033534050
0.999803066 -0.008557146 -0.017903259 0.007360220 0.008593325 0.999961197 0.001944868 0.018898182 0.017885922 -0.002098334 0.999837756 4.061960220
0.999693453 -0.006773696 -0.023817845 0.008192793 0.006848926 0.999971807 0.003078401 0.017866690 0.023796320 -0.003240584 0.999711514 4.090342999
0.999554217 -0.008075356 -0.028743591 0.006212041 0.008172706 0.999961257 0.003270926 0.018427506 0.028716059 -0.003504381 0.999581456 4.118939877
0.999358952 -0.009556963 -0.034501474 0.004568651 0.009669659 0.999948442 0.003101028 0.018637884 0.034470059 -0.003432657 0.999399781 4.146002293
0.999050975 -0.011443402 -0.042027261 0.004007876 0.011540942 0.999931335 0.002078997 0.018857092 0.042000581 -0.002562058 0.999114335 4.175557137
0.998769164 -0.013051549 -0.047853466 0.002208754 0.013120641 0.999913335 0.001130004 0.018450877 0.047834568 -0.001756481 0.998853743 4.202299118
0.998441696 -0.012601518 -0.054365449 0.000508055 0.012645380 0.999919951 0.000462824 0.018316090 0.054355267 -0.001149574 0.998520911 4.229693890
0.998081625 -0.012942342 -0.060544766 -0.001293063 0.012935079 0.999916255 -0.000511935 0.018239491 0.060546316 -0.000272199 0.998165250 4.256567001
0.997648060 -0.014604907 -0.066970810 -0.003078759 0.014588775 0.999893308 -0.000729963 0.018522479 0.066974327 -0.000248776 0.997754693 4.284062386
0.997277081 -0.013730260 -0.072455838 -0.005699754 0.013755173 0.999905348 -0.000155134 0.018012289 0.072451115 -0.000841931 0.997371614 4.312011242
0.996863961 -0.012879899 -0.078079373 -0.007183731 0.013035429 0.999913931 0.001482577 0.018571908 0.078053556 -0.002495725 0.996946037 4.338604927
0.996540129 -0.010855773 -0.082402140 -0.010475874 0.011223227 0.999929070 0.003997375 0.018838758 0.082352899 -0.004908362 0.996591151 4.365890026
0.996147335 -0.009042969 -0.087227136 -0.012758017 0.009652551 0.999931872 0.006569225 0.018646287 0.087161779 -0.007385881 0.996166825 4.392368317
0.995803714 -0.007795088 -0.091182403 -0.014967024 0.008555932 0.999931753 0.007956288 0.018572776 0.091114163 -0.008703052 0.995802343 4.418720722
0.995566547 -0.005363564 -0.093907319 -0.018008083 0.006107788 0.999952078 0.007639463 0.018649034 0.093861848 -0.008179159 0.995551527 4.444831848
0.995412171 -0.003318505 -0.095621794 -0.020726681 0.003863751 0.999977231 0.005517522 0.019278131 0.095601305 -0.005861667 0.995402396 4.471084595
0.995329261 -0.001887972 -0.096519493 -0.023550510 0.002385653 0.999984443 0.005041135 0.018935552 0.096508466 -0.005247851 0.995318294 4.497055054
0.995278180 -0.000145175 -0.097063676 -0.025962710 0.000546963 0.999991417 0.004112830 0.018906284 0.097062245 -0.004146500 0.995269775 4.522599697
0.995330811 0.000632440 -0.096520171 -0.028914422 -0.000344791 0.999995410 0.002996841 0.019249763 0.096521631 -0.002949569 0.995326519 4.548370838
0.995352685 0.001338017 -0.096287109 -0.031234503 -0.001114944 0.999996603 0.002370508 0.019215086 0.096289948 -0.002252137 0.995350778 4.573982239
0.995473087 0.002763259 -0.095005028 -0.033216268 -0.002596496 0.999994934 0.001878891 0.019003227 0.095009744 -0.001623705 0.995475113 4.599010468
0.995678723 0.002890727 -0.092820108 -0.036137104 -0.002807463 0.999995530 0.001027617 0.019310635 0.092822663 -0.000762587 0.995682359 4.623192310
0.995886028 0.004134730 -0.090520613 -0.038359612 -0.004196702 0.999991059 -0.000494297 0.019264422 0.090517782 0.000872151 0.995894432 4.647704124
0.996146142 0.005927692 -0.087508693 -0.040652275 -0.006099472 0.999979973 -0.001695761 0.019185640 0.087496892 0.002222983 0.996162295 4.672324181
0.996463120 0.007331340 -0.083710857 -0.042823583 -0.007540318 0.999969184 -0.002180550 0.019567471 0.083692290 0.002804044 0.996487677 4.696112633
0.996823251 0.009977659 -0.079016998 -0.044732034 -0.010030363 0.999949634 -0.000270120 0.019266117 0.079010330 0.001061831 0.996873260 4.719376087
0.997206032 0.012072375 -0.073718175 -0.046463251 -0.011990144 0.999926984 0.001557958 0.019404823 0.073731594 -0.000669713 0.997277915 4.742903233
0.997678041 0.012735504 -0.066904150 -0.048446923 -0.012529790 0.999915421 0.003493472 0.019366516 0.066942975 -0.002647065 0.997753322 4.764746189
0.998133481 0.013449037 -0.059570566 -0.049522668 -0.013194589 0.999901950 0.004662714 0.019028403 0.059627447 -0.003868001 0.998213172 4.787406445
0.998551905 0.014793861 -0.051722869 -0.050855249 -0.014628038 0.999886513 0.003583120 0.019277409 0.051770024 -0.002821328 0.998655021 4.808907509
0.998920083 0.016083717 -0.043589238 -0.051770270 -0.016008446 0.999869585 0.002075442 0.019511301 0.043616943 -0.001375404 0.999047399 4.830664635
0.999246061 0.016973497 -0.034916863 -0.052443720 -0.016948607 0.999855876 0.001008729 0.019244265 0.034928951 -0.000416177 0.999389648 4.851102352
0.999506831 0.017451996 -0.026106298 -0.052943312 -0.017457170 0.999847651 0.000029677 0.019098070 0.026102835 0.000426080 0.999659061 4.870924950
0.999718666 0.017084528 -0.016451538 -0.052893672 -0.017116578 0.999851882 -0.001809155 0.019133613 0.016418187 0.002090240 0.999863029 4.890947819
0.999829113 0.017449798 -0.006097942 -0.052794151 -0.017467383 0.999843419 -0.002842733 0.018990055 0.006047382 0.002948762 0.999977350 4.909528255
0.999828935 0.017940618 0.004488323 -0.052586935 -0.017921627 0.999830425 -0.004237030 0.018926414 -0.004563578 0.004155866 0.999980986 4.927999020
0.999736071 0.017750135 0.014587205 -0.051912986 -0.017673643 0.999829471 -0.005356066 0.018814020 -0.014679790 0.005096843 0.999879181 4.945175171
0.999575853 0.015521372 0.024641255 -0.051365986 -0.015353384 0.999857605 -0.006992159 0.018549815 -0.024746280 0.006610867 0.999671876 4.962131977
0.999350965 0.012318092 0.033849798 -0.050377682 -0.012077304 0.999900281 -0.007308731 0.018617790 -0.033936460 0.006895173 0.999400139 4.978358269
0.998953700 0.013551832 0.043678768 -0.049597323 -0.013304998 0.999893785 -0.005936985 0.018533129 -0.043754585 0.005349627 0.999028027 4.994101524
0.998454213 0.015451496 0.053389590 -0.048771560 -0.015278089 0.999876618 -0.003654614 0.018553700 -0.053439472 0.002833274 0.998567045 5.010400295
0.997930706 0.017415484 0.061895322 -0.047644436 -0.017318942 0.999847829 -0.002095938 0.018403623 -0.061922401 0.001019639 0.998080432 5.025820732
0.997376919 0.016369132 0.070508063 -0.046592563 -0.016380526 0.999865770 -0.000416685 0.018214107 -0.070505410 -0.000739367 0.997511148 5.040504456
0.996819377 0.012358759 0.078729279 -0.045018286 -0.012368362 0.999923527 -0.000365635 0.018255768 -0.078727759 -0.000609280 0.996895909 5.054728985
